  0.34388544873497850        9.7389381491442585E-012   9.4846551953292647E-003   5.3675279881169581E-016  0.15204882436780578        4.3062230924474177E-012   4.1936367976274889E-003   8.5954946515152499E-015  -1.5252223667445256E-015   6.8737144866997797E-017   6.8422939031719965E-017  -1.6306354163534958E-015   8.2115670312110272E-017  -1.5462384717531120E-015  -1.1357323915073728E-002  -8.6422825894332183E-013  -8.4132393628791357E-004   7.6332300254025563E-003  -3.4359259631585390E-014   7.6042189648043218E-003   4.8232383419444017E-013   2.1053102154593983E-004   2.1479752969948906E-013   4.7016527902832528E-004  0.14442247921215151        4.0935777611920884E-012   3.9832956666984902E-003  -7.3979373025441200E-015   3.4037612852219761E-016  -1.0190478443947341E-016  -3.9943101746334214E-017   3.7230482670278991E-016  -1.1677332302162943E-016   2.4679240960151675E-016   9.4252203399020007E-017  -1.1200730455759248E-018  -8.8326797970263015E-018   7.3881913280133730E-017  -1.8576261911653589E-017   3.5968018944532583E-017  -9.3272697180106335E-019  -7.7815015762318245E-018   4.9107513839574075E-018   5.9045930430267492E-018   1.2523131806701397E-016   3.3696587068327435E-018   8.1139782428258179E-017  -2.3880732528978705E-018   1.7074344568065893E-016   5.4251099915642665E-003   4.1181885147986474E-013   4.0187943276420718E-004  -3.6462033473471591E-003   1.6414320653889513E-014  -3.6323454882346050E-003  -2.3229281338117608E-013  -1.0056541109773281E-004  -1.0342044440607016E-013  -2.2458621167657149E-004   3.3924782863815381E-002   9.5981131618025648E-013   9.3567456611493580E-004   2.9295325347517017E-005   4.2959723431851535E-015   4.0507439874365130E-006  -3.2091912740525225E-005   3.0060233556139209E-016  -3.1835728278012558E-005  -3.9358908586786343E-015  -1.7820654263431777E-006  -1.7437024550707163E-015  -3.9753956959870477E-006   1.8407438328908992E-005  -1.5444371905959090E-016   1.0720942268525363E-005  -1.5371465185277415E-016   1.8211774215592172E-005   1.8795569973070796E-015   5.0769291460278088E-007   8.2204395463150909E-016   6.6354708488573017E-007   6.2753519122196025E-016   1.5176796958984801E-006   3.3832491664211805E-016   4.6216810696798277E-017   5.1904916333644240E-017   2.9095604662764563E-016   6.4776150632196401E-017   3.4990227540830618E-016   1.3035571980098910E-016   9.9091349338929482E-018  -9.3894064054249770E-018   8.1141122315588990E-017   1.2965474863125183E-017   9.6452980125043895E-017   1.0677032087500465E-017  -6.9572750778258954E-019   4.6021479107712951E-018  -8.9279520681895412E-018   1.5252136318324647E-016   9.8301968054461025E-018   8.3301512048724617E-017   1.2367931835450273E-017   1.6035376389038728E-016  -2.5556031603552378E-003  -1.9424460884106630E-013  -1.8931309228203451E-004   1.7176147234872498E-003  -7.7342886932132529E-015   1.7110867104883842E-003   1.0890151414670607E-013   4.7373285117901282E-005   4.8474465243495921E-014   1.0579568584434307E-004   4.6257533584336988E-016   1.2819597085417788E-016  -1.8840255731026466E-017  -1.8683691518872562E-017   1.4942671595092882E-016  -2.5544420244352664E-017   1.3187078344212960E-016   2.0191478638903752E-002   5.7180504969839849E-013   5.5689827376627496E-004   5.5774484707768756E-017  -2.4416323047827475E-015
   9.7389381491442585E-012   2.7580962392700482E-022   2.6860825502523203E-013   2.2371901857050161E-019   4.3060679119033019E-012   1.2195351784300012E-022   1.1876504092368503E-013  -6.7418373279953631E-019   6.9323498830215394E-020   1.9499882363442838E-027   3.3129477753147474E-021  -3.4701383222296516E-020   2.3260345768401467E-027  -3.4622248728641102E-020  -3.2164278993363925E-013  -2.4475202281862005E-023  -2.3826544010639782E-014   2.1617534376360734E-013  -9.7306489805388908E-025   2.1535374190215429E-013   1.3659551723616629E-023   5.9623011233958984E-015   6.0831295993769347E-024   1.3315220487450259E-014   4.0900875496979145E-012   1.1593134779866858E-022   1.1280811755901750E-013   1.6069689006236447E-018  -2.3184226453275749E-020  -2.8865625545006857E-027  -1.1079670019303382E-021   1.1605360949412088E-020  -3.3075569431418799E-027   1.1578892808859777E-020  -1.8478049544628806E-021  -3.1771507161485116E-029  -1.9295691341440950E-022   1.6275898207220558E-021  -5.2599960457167887E-028   1.6183093687515593E-021  -2.6187495756933990E-029   6.4805618117371788E-023   1.3882705131434187E-028   1.4465341053469357E-022  -6.9556615513572802E-022   9.5439634750790157E-029  -4.0573368192764840E-022  -6.7700360420210749E-029  -6.9028234659893085E-022   1.5364072790665537E-013   1.1662830938952903E-023   1.1381345019108655E-014  -1.0326156285369107E-013   4.6485889046772135E-025  -1.0286910416352785E-013  -6.5786030409597457E-024  -2.8480423415033133E-015  -2.9289007488945406E-024  -6.3603482866597851E-015   9.6075993691861340E-013   2.7182138424109098E-023   2.6498581898832956E-014   8.2965232366782116E-016   1.2166338864558000E-025   1.1471827405545484E-016  -9.0885251009435773E-016   8.5131038223311130E-027  -9.0159728994950816E-016  -1.1146528030526045E-025  -5.0468622701915492E-017  -4.9382023327374638E-026  -1.1258438803971997E-016   5.2130412621090224E-016  -4.3739012181967435E-027   3.0362027250004614E-016  -4.3532423561713219E-027   5.1576286034865236E-016   5.3230129909276046E-026   1.4378014284302716E-017   2.3280883825861995E-026   1.8791850723894533E-017   1.7772109408600184E-026   4.2981140210903789E-017   1.5988598636773262E-019   1.3161825687597980E-027   7.6408917901255508E-021  -8.0034234193913512E-020   1.8349782557876282E-027  -7.9851724316247295E-020   6.5591241219301323E-023   2.8054903423927866E-028   6.8486919460845443E-024  -5.7768606500478066E-023   3.6707938754575775E-028  -5.7438799265032583E-023   3.0225011317107763E-028  -2.3002899420493083E-024   1.3064728660102186E-028  -5.1346905580344339E-024   2.4693416991496187E-023   2.7841042733700809E-028   1.4403872987435515E-023   3.5038015682446309E-028   2.4506136143685373E-023  -7.2375441310511237E-014  -5.5010649447417067E-024  -5.3614030583156796E-015   4.8643359635124836E-014  -2.1903751729871736E-025   4.8458484366146070E-014   3.0841227659156693E-024   1.3416255191436622E-015   1.3728125549273577E-024   2.9961652773461855E-015   4.4542105476358140E-017  -1.8566506336772414E-019  -5.4237833764074566E-028  -8.8728638152899965E-021   9.2938505081632046E-020  -7.2380800925127617E-028   9.2726569827565899E-020   5.7182867820498574E-013   1.6193689485602035E-023   1.5771524685113244E-014   9.4340275419019121E-019   2.8008396424749635E-016
   9.4846551953292647E-003   2.6860825502523203E-013   2.6159491337946861E-004   1.1632699411712596E-017   4.1936367976279790E-003   1.1876932093600934E-013   1.1566409450082611E-004   2.4662822125680181E-016  -4.3049657866806520E-017   1.8958293250176576E-018   1.8401995032256960E-018  -4.4482401091528151E-017   2.2648205148148556E-018  -4.2155782841266570E-017  -3.1324472050911907E-004  -2.3836155546244791E-014  -2.3204434711099684E-005   2.1053102154773909E-004  -9.4765780747975438E-016   2.0973087165004128E-004   1.3302904431263086E-014   5.8066258826280140E-006   5.9242998315355277E-015   1.2967561066639142E-005   3.9832956666844156E-003   1.1290438058080475E-013   1.0986270596404433E-004  -2.2682156707896740E-016   9.7165209195196567E-018  -2.8106212307481642E-018  -1.0859586198310296E-018   1.0103970509065410E-017  -3.2207082589413986E-018   6.6426057083033535E-018   2.6257506977230769E-018  -3.0892573878024072E-020  -2.4087755272618477E-019   2.0146540377514866E-018  -5.1234921308451004E-019   9.6908790366838517E-019  -2.5725408715516888E-020  -2.1553915443232552E-019   1.3544272896501876E-019   1.6080315335587762E-019   3.4638472837086729E-018   9.2938073064062680E-020   2.2436563353193964E-018  -6.5865105569040581E-020   4.7190358578614099E-018   1.4962917987954084E-004   1.1358316624304841E-014   1.1084178943554430E-005  -1.0056541109506260E-004   4.5272102160883291E-016  -1.0018319947223432E-004  -6.4068347392371470E-015  -2.7736801668907471E-006  -2.8524244307156880E-015  -6.1942800639381783E-006   9.3567456611889845E-004   2.6472418126539180E-014   2.5806705887921452E-005   8.0799016294034329E-007   1.1848659649214337E-016   1.1172298841582418E-007  -8.8512243836479526E-007   8.2908698643656182E-018  -8.7805665148061114E-007  -1.0855524075921657E-016  -4.9150890700840685E-008  -4.8092807097345995E-017  -1.0964481800592668E-007   5.0769291408296619E-007  -4.2596900443245759E-018   2.9569276967098171E-007  -4.2395817463542487E-018   5.0229633026199710E-007   5.1839791724255844E-017   1.4002605396165260E-008   2.2672676304753371E-017   1.8301196893205096E-008   1.7307958023724563E-017   4.1858905823150334E-008   7.0647745890591072E-018   1.2746992211035089E-018   1.3232660867433030E-018   9.1593687402126107E-018   1.7865817116854671E-018   1.0782569008959440E-017   3.5943926367803987E-018   2.7330242811405046E-019  -2.5906495983828563E-019   2.2387605969298986E-018   3.5759890095187730E-019   2.6610700799456251E-018   2.9448168927342348E-019  -1.9156152278452426E-020   1.2693118086448580E-019  -2.4616777943258852E-019   4.2063198344209510E-018   2.7112524692389039E-019   2.2973228921196582E-018   3.4111815248227210E-019   4.4223468119557256E-018  -7.0485723897969942E-005  -5.3574326717992524E-015  -5.2214172215249345E-006   4.7373285117545989E-005  -2.1331830615721868E-016   4.7193236928148521E-005   3.0035970284011618E-015   1.3065957761986983E-006   1.3369672671635786E-015   2.9179356238486463E-006  -6.1866307495092715E-016   6.1677110290401046E-018  -5.1963038859299102E-019  -3.8953201528837973E-019   2.8038364466901193E-018  -7.0453698774305108E-019   2.3226331434027164E-018   5.5689827376629816E-004   1.5770872990665686E-014   1.5359731343613372E-005  -1.1835208647494285E-017  -4.0377648733292497E-015
   5.3675279881169581E-016   2.2371901857050161E-019   1.1632699411712596E-017   1.0302403879687469E-006   2.4182687385914196E-016  -1.9486019798657779E-018   1.7011166483387350E-017  -3.1046605374096069E-006   3.1923936614901308E-007   1.5343417418960160E-017   1.5256328490640903E-008  -1.5980188718416720E-007   2.2766502848723933E-018  -1.5943747876203109E-007  -1.5054647004354901E-017  -4.8072778211762004E-018  -1.2229315548756928E-017   8.4550232813265893E-018  -2.0718057599710608E-018   1.3516381804564514E-017  -1.2254129993273934E-017  -4.3849758309912915E-018  -1.3972124996787967E-018  -6.0584185690035780E-018   2.1968267247370321E-016   3.9306520565742521E-017   2.9529083877470734E-017   7.4001960251240846E-006  -1.0676489715799937E-007  -2.7112856898613464E-018  -5.1022540388825369E-009   5.3443384443567776E-008  -2.3104397709119067E-018   5.3321513324257969E-008  -8.5092728577992184E-009  -2.3350208887484658E-019  -8.8857783484940755E-010   7.4951460871374280E-009   3.9444998332596039E-019   7.4524139540071672E-009   1.0481558895002375E-018   2.9843505104557282E-010  -1.1369346475330049E-018   6.6613748170289510E-010  -3.2031431776931081E-009   4.5582474626113778E-020  -1.8684402620146126E-009  -3.1966466857444536E-019  -3.1788168353591991E-009   3.0927598247850386E-018  -6.3240561726671407E-018   9.3805961732265960E-019   3.5064832407288019E-018   2.0694672014765061E-018  -7.2950758592157321E-018  -6.9203392680849789E-018  -6.2331705504871579E-018  -1.3885493474079074E-017  -2.4395370157511042E-017   5.7798557767233224E-017  -1.5715693871339199E-017   1.0480456935694699E-018   8.0015695205469056E-019   8.0425700110290105E-019   1.8249668951431257E-018   3.0374210327792675E-019  -2.0120992997914640E-019   1.3092732331636708E-019   1.4690001102966425E-018   9.0079880551197481E-019   6.8441555042376771E-019   1.3567251629676488E-018  -4.3298402710104806E-019  -4.2258801661371518E-020  -1.8158917528283652E-019   1.0524300256510235E-020  -7.7081912683088923E-020   2.3805066190559394E-018   1.4753688661216883E-018   1.6330841991148697E-018   1.3521813333257399E-018   5.8125121405493767E-019   4.2057420868864260E-018   7.3628519828058520E-007   3.3657259097573275E-017   3.5186790971304481E-008  -3.6856282986240295E-007   2.2952156693708485E-018  -3.6772236783420783E-007   3.0203488050568241E-010  -3.7122889586130084E-019   3.1539891083747833E-011  -2.6603872763768324E-010  -4.9143108110902094E-019  -2.6452194104650429E-010  -5.8304694425740736E-019  -1.0592892278269290E-011   1.4417972601438334E-018  -2.3644415649247663E-011   1.1369488083842575E-010   7.5206132984657887E-020   6.6319896865991696E-011   5.3718130280087822E-019   1.1283141902197585E-010  -1.5638636095411147E-018   5.9276612549391062E-019  -3.1659533472766827E-018  -3.0889183559982512E-018  -7.4609798240895411E-019   3.4916831218606830E-018  -2.2673068082183227E-018  -5.7485199380763276E-020   5.9277941590082282E-018   5.8526177340785068E-018   2.0511925818666145E-004  -8.5499956541742046E-007  -4.0601442114424729E-017  -4.0860105653302834E-008   4.2798776916868663E-007  -1.7611298818628723E-018   4.2701179599313878E-007   3.0906923711969970E-017   2.1834485253400035E-018  -2.9348372603150265E-018   4.3444303041842704E-006   1.2898046554624494E-003
  0.15204882436780578        4.3060679119033019E-012   4.1936367976279790E-003   2.4182687385914196E-016   6.7228331633912203E-002   1.9039949526236758E-012   1.8542149638795457E-003   3.7869284151041853E-015  -6.7298153294072866E-016   3.0392103259664784E-017   3.0319842552872339E-017  -7.2168313138357146E-016   3.6307413352509613E-017  -6.8436546109708734E-016  -5.0216365816111259E-003  -3.8211820605133324E-013  -3.7199106823405492E-004   3.3750298413642685E-003  -1.5191933977866442E-014   3.3622026116171206E-003   2.1325930545655448E-013   9.3086213553872078E-005   9.4972648560904793E-014   2.0788340477270905E-004   6.3856345935168701E-002   1.8099738978113419E-012   1.7612127103919417E-003  -3.2386587553389742E-015   1.5003065119570924E-016  -4.5057162867690248E-017  -1.7683122932259424E-017   1.6484797239530002E-016  -5.1631281719767258E-017   1.0935217091242270E-016   4.1636394174905258E-017  -4.9523988413213489E-019  -3.9092489172610080E-018   3.2699612113432601E-017  -8.2134873551789454E-018   1.5935810985990595E-017  -4.1240488668136797E-019  -3.4392839869477663E-018   2.1712869138206203E-018   2.6136244451972933E-018   5.5356984396992612E-017   1.4898933548350910E-018   3.5867760396703075E-017  -1.0558857082889707E-018   7.5480261139424662E-017   2.3987103825352414E-003   1.8208555334445110E-013   1.7769084302398104E-004  -1.6121674656764927E-003   7.2575858251667767E-015  -1.6060402183792615E-003  -1.0270818179026181E-013  -4.4464959438453971E-005  -4.5727311363086272E-014  -9.9300710687990446E-005   1.4999830235188256E-002   4.2438021956722620E-013   4.1370816442505044E-004   1.2952917301235229E-005   1.8994625876168144E-015   1.7910349605381019E-006  -1.4189427385953663E-005   1.3291121183656234E-016  -1.4076155520308751E-005  -1.7402526920040808E-015  -7.8793957121114962E-007  -7.7097739760743303E-016  -1.7577197412545919E-006   8.1388420703153040E-006  -6.8287233438888890E-017   4.7402606712233087E-006  -6.7964876642201288E-017   8.0523292547535158E-006   8.3104543336776386E-016   2.2447623500553717E-007   3.6346643145320083E-016   2.9338709893280130E-007   2.7746445342693219E-016   6.7104151797389165E-007   1.5280756853477060E-016   2.0434745809625199E-017   2.3103494668706416E-017   1.2703560677609138E-016   2.8640751119106598E-017   1.5310233264890769E-016   5.7638053243983364E-017   4.3813203575268571E-018  -4.1513847610297248E-018   3.5875354810801260E-017   5.7326799303656102E-018   4.2645493723652106E-017   4.7208458008702609E-018  -3.0766194861100681E-019   2.0348380019445696E-018  -3.9475940337711665E-018   6.7437761307285872E-017   4.3464178931404765E-018   3.6832022635912400E-017   5.4684765009974096E-018   7.0900850619093969E-017  -1.1299589951016692E-003  -8.5885182181203139E-014  -8.3704713952874519E-005   7.5944271670633776E-004  -3.4197128940764998E-015   7.5655635816576389E-004   4.8150764328041146E-014   2.0946080548377378E-005   2.1432966934904601E-014   4.6777523489268436E-005   1.1008332227508893E-015   5.2945725960881672E-017  -8.3302121252594353E-018  -8.4395329404131755E-018   6.7939137352539237E-017  -1.1294455992835335E-017   6.0172523575273400E-017   8.9276548356048615E-003   2.5282339189995762E-013   2.4623236641768882E-004   4.3644442052396224E-017   4.5564679685113162E-015
   4.3062230924474177E-012   1.2195351784300012E-022   1.1876932093600934E-013  -1.9486019798657779E-018   1.9039949526236758E-012   5.3923650033942295E-023   5.2513811461670814E-014   5.8721710703779119E-018  -6.0381100373872695E-019   8.3172379941634326E-028  -2.8855897584040851E-020   3.0225009369382339E-019   1.0239677278727483E-027   3.0156085078042550E-019  -1.4221936604589219E-013  -1.0822082099477070E-023  -1.0535277302366583E-014   9.5585293086023055E-014  -4.3025167319931019E-025   9.5222009034476031E-014   6.0398077641838292E-024   2.6363242469045459E-015   2.6897532151462888E-024   5.8875319943504922E-015   1.8084958736685723E-012   5.1260771820411721E-023   4.9879865074494600E-014  -1.3996769044904493E-017   2.0193568173074901E-019  -1.2709500938588408E-027   9.6504291202733035E-021  -1.0108308848085441E-019  -1.4578959658728243E-027  -1.0085258238854817E-019   1.6094483777473898E-020  -1.3584199143226005E-029   1.6806605919312110E-021  -1.4176357064399851E-020  -2.3336285125293185E-028  -1.4095533762036319E-020  -1.3662337361256679E-029  -5.6446169312957401E-022   6.3644111015525781E-029  -1.2599357967035940E-021   6.0584431049956782E-021   4.2109528423442886E-029   3.5339785701265253E-021  -2.9299459415008846E-029   6.0124327054785678E-021   6.7934639312829442E-014   5.1569148040617628E-024   5.0324388546099907E-015  -4.5658707316243423E-014   2.0554048119767907E-025  -4.5485175597638025E-014  -2.9088179790619153E-024  -1.2593062520195906E-015  -1.2950314590947817E-024  -2.8123269958777685E-015   4.2481496065572496E-013   1.2019036836944421E-023   1.1716760445787423E-014   3.6684368872338915E-016   5.3793762622269838E-026   5.0724470501610375E-017  -4.0186328392906170E-016   3.7646012534512909E-027  -3.9865527541210761E-016  -4.9289028204765917E-026  -2.2315487088509571E-017  -2.1836390484571768E-026  -4.9780939585115754E-017   2.3050273367582380E-016  -1.9339045187601474E-027   1.3425042943616639E-016  -1.9248747836727489E-027   2.2805257672318777E-016   2.3531799411835974E-026   6.3574628143639042E-018   1.0290759530164116E-026   8.3091092989581873E-018   7.8570596121077678E-027   1.9004780159949572E-017  -1.3926136195536788E-018   5.1507941888507178E-028  -6.6552477382364141E-020   6.9710164209505600E-019   8.0680263480377854E-028   6.9551198861567777E-019  -5.7126869935790107E-022   1.2478691095148394E-028  -5.9654830340964892E-023   5.0318803847577431E-022   1.6328654605529512E-028   5.0031937222857497E-022   1.3480335272013930E-028   2.0035442409997621E-023   5.4902271165478615E-029   4.4721057983076307E-023  -2.1504117445313362E-022   1.2295403764428607E-028  -1.2543675206759621E-022   1.5385843396835752E-028  -2.1340792023805465E-022  -3.2001927923197836E-014  -2.4323826692951222E-024  -2.3706278142515746E-015   2.1508418612701107E-014  -9.6849364853408471E-026   2.1426673134877241E-014   1.3636973924399966E-024   5.9322060613567393E-016   6.0699865841308913E-025   1.3248011136851548E-015  -3.8796362349169093E-016   1.6171505920498940E-018  -1.5912880868699718E-028   7.7283014466294005E-020  -8.0949827345989651E-019  -3.1654286862272512E-028  -8.0765231297878014E-019   2.5284295077142074E-013   7.1602875267736951E-024   6.9736251285369168E-015  -8.2170778970277480E-018  -2.4395431816940264E-015
   4.1936367976274889E-003   1.1876504092368503E-013   1.1566409450082611E-004   1.7011166483387350E-017   1.8542149638795457E-003   5.2513811461670814E-014   5.1140836738249904E-005   7.3282685403175779E-017  -1.5356937705125980E-017   8.3824023724203693E-019   9.8938760218371824E-019  -2.1508702451971020E-017   1.0013895556134903E-018  -2.0475791276421828E-017  -1.3850103767994453E-004  -1.0539147386394270E-014  -1.0259832252049943E-005   9.3086213554656743E-005  -4.1900655017626585E-016   9.2732427572404504E-005   5.8818742895090180E-015   2.5673974931040905E-006   2.6194269862272086E-015   5.7336023444816031E-006   1.7612127103855126E-003   4.9920630246017977E-014   4.8575754935680723E-005  -1.5043098994261106E-017   3.0662863470983680E-018  -1.2427151409319747E-018  -5.3893121552658319E-019   5.0831036786262870E-018  -1.4240349692441259E-018   3.5512586234455150E-018   1.0629528067029756E-018  -1.3659140152782533E-020  -1.1673982326911153E-019   9.7711828298594617E-019  -2.2653501565788894E-019   5.1432935287038522E-019  -1.1374479966547080E-020  -9.1862758678416145E-020   5.9885952661123811E-020   7.8772573042705858E-020   1.4946404446878201E-018   4.1092534739582112E-020   9.7050847149446174E-019  -2.9122232146604118E-020   2.0499018353400521E-018   6.6158486715539643E-005   5.0220755076309921E-015   4.9008656331616877E-006  -4.4464959437268145E-005   2.0017043278636852E-016  -4.4295964709155844E-005  -2.8327796177572108E-015  -1.2263816631363360E-006  -1.2611984103537254E-015  -2.7387986464424882E-006   4.1370816442675421E-004   1.1704769914282580E-014   1.1410425493425684E-005   3.5725255263852784E-007   5.2388804953065111E-017   4.9398278135850035E-008  -3.9135655977882021E-007   3.6658050536876145E-018  -3.8823242471313010E-007  -4.7997659677410943E-017  -2.1732048201469352E-008  -2.1264216926291155E-017  -4.8479415855334185E-008   2.2447623477567509E-007  -1.8834203825531361E-018   1.3074044908825705E-007  -1.8745295060188663E-018   2.2209013722895120E-007   2.2920944797603403E-017   6.1912468131612797E-009   1.0024715468761775E-017   8.0918674586890366E-009   7.6527072587615584E-018   1.8507899776349524E-008   1.1605266631433258E-017   5.6360779101770128E-019   9.9041307008507558E-019  -1.9581887899087195E-019   7.8993644513643853E-019   5.3156015727303836E-019   1.5927386460374220E-018   1.2084056781989065E-019  -1.1418215519269926E-019   9.8680256040520223E-019   1.5811222220368628E-019   1.1735440151185857E-018   1.3020497033028505E-019  -8.5919096524788795E-021   5.6122574836381935E-020  -1.0911536289160031E-019   1.8611324631156382E-018   1.1987792796452959E-019   1.0165244365395417E-018   1.5082526535614258E-019   1.9566387650034530E-018  -3.1165236833438356E-005  -2.3687868805534456E-015  -2.3086476993634870E-006   2.0946080548217838E-005  -9.4318610417076407E-017   2.0866472307659420E-005   1.3280393186829148E-015   5.7771084070508413E-007   5.9113958423732154E-016   1.2901641602433606E-006   2.0893134332512486E-015  -7.1220487642255133E-018  -2.2975438519664716E-019  -6.4291619476563019E-019   6.1698865334321850E-018  -3.1151076938846322E-019   5.9458800244402411E-018   2.4623236641767028E-004   6.9730856781103427E-015   6.7912995504538453E-006   4.4812388401112795E-017   1.3072506543014195E-014
   8.5954946515152499E-015  -6.7418373279953631E-019   2.4662822125680181E-016  -3.1046605374096069E-006   3.7869284151041853E-015   5.8721710703779119E-018   7.3282685403175779E-017   9.3559883354533299E-006  -9.6203747556882217E-007  -4.6237851986726560E-017  -4.5975406869884384E-008   4.8156781537409147E-007  -6.8607544214599032E-018   4.8046965958354211E-007  -2.9193225737164112E-016   1.4486876938258954E-017   1.1867026549999027E-017   2.0121897551676055E-016   6.2434492553634103E-018   1.8510482244062427E-016   3.6928191002270061E-017   1.9466794387277350E-017   4.2105420903300329E-018   3.2220613375821490E-017   3.6271666643923199E-015  -1.1845138723273459E-016   2.9312665422389707E-017  -2.2300714315419697E-005   3.2173924344062027E-007   8.1705413467134842E-018   1.5375796708561903E-008  -1.6105325378933677E-007   6.9625800585735901E-018  -1.6068599148901373E-007   2.5642950860960932E-008   7.0366559998849948E-019   2.6777561533119734E-009  -2.2586849196171786E-008  -1.1886869428882312E-018  -2.2458074621850908E-008  -3.1586494425838780E-018  -8.9934304341126143E-010   3.4261869123273492E-018  -2.0074254281663152E-009   9.6527687475578572E-009  -1.3736416454036370E-019   5.6306011836919055E-009   9.6331913727811945E-019   9.5794605799247555E-009   1.5179960887522126E-016   1.9057734367173091E-017   9.1085012652619443E-018  -1.1885507804867452E-016  -6.2364019392144839E-018  -8.5892690330804541E-017   2.0854651472520051E-017   1.5797166905077591E-017   4.1844354125219303E-017   6.6846224317149458E-017   8.3335062667234578E-016   4.7359718352649464E-017   2.4630176784242260E-017  -1.5412585648491919E-018  -2.4236527729719277E-018  -5.3792902870764780E-018  -1.8684301280068771E-018   6.0635220347171435E-019  -1.3400391734084577E-018  -4.4268762176960253E-018  -2.7675097791692686E-018  -2.0625069405723574E-018  -4.2065971030146389E-018   1.8514908974802456E-018   1.2734817563329132E-019   8.6562453009256219E-019  -3.1715296814719266E-020   7.7315811566597194E-019  -7.1737286224426615E-018  -4.4309907406754430E-018  -4.9213485769379141E-018  -4.0551326929887349E-018  -1.7516180957888557E-018  -1.2629057454186670E-017  -2.2188176915559689E-006  -1.0142716722999867E-016  -1.0603645774563019E-007   1.1106752237561527E-006  -6.9167017685915417E-018   1.1081424660399915E-006  -9.1019123825658511E-010   1.1187094941981517E-018  -9.5046414744982313E-011   8.0171574398074729E-010   1.4809424112990587E-018   7.9714486175918159E-010   1.7570295830301604E-018   3.1922000940203162E-011  -4.3448996067212072E-018   7.1253160964755587E-011  -3.4262295864803171E-010  -2.2663595406961332E-019  -1.9985701303254056E-010  -1.6188120866897930E-018  -3.4002089037503621E-010  -7.1185821805487775E-017  -1.7863186351157339E-018   3.9183077443823288E-018   6.0319796104502395E-017   2.2483888127861185E-018   4.0295079994011752E-017   6.8325975754904663E-018   1.5801672743639075E-018  -1.7863586802457150E-017  -1.4495026150657770E-017  -6.1813308213478702E-004   2.5765670238258554E-006   1.2235367256675468E-016   1.2313316295657085E-007  -1.2897540738543656E-006   5.3072181107673565E-018  -1.2868129492012467E-006   5.0652551430437031E-016  -6.5798880860788330E-018   2.5383480221486117E-017  -1.3092071986733727E-005  -3.8868653001234675E-003
  -1.5252223667445256E-015   6.9323498830215394E-020  -4.3049657866806520E-017   3.1923936614901308E-007  -6.7298153294072866E-016  -6.0381100373872695E-019  -1.5356937705125980E-017  -9.6203747556882217E-007   9.8922323459052018E-008   4.7544465433409213E-018   4.7274604004954608E-009  -4.9517621100714608E-008   7.0546292144320843E-019  -4.9404702295491436E-008   5.1200812323719805E-017  -1.4896254680722433E-018   3.4892239680334369E-019  -3.4927306642918896E-017  -6.4198799148901014E-019  -3.3216246372861695E-017  -3.7971727180271570E-018  -2.3943526968950877E-018  -4.3295257987400072E-019  -4.1900207860726659E-018  -6.4232994179786877E-016   1.2179864851664641E-017  -1.0443374116607453E-017   2.2930899584483429E-006  -3.3083111954953016E-008  -8.4014287848513916E-019  -1.5810294027742146E-009   1.6560438101500800E-008  -7.1593322937478494E-019   1.6522674042418395E-008  -2.6367582801415373E-009  -7.2355015118211602E-020  -2.7534255896400807E-010   2.3225120214609502E-009   1.2222774813054843E-019   2.3092706660899033E-009   3.2479082134330601E-019   9.2475715032176720E-011  -3.5230058971666271E-019   2.0641523076591240E-010  -9.9255417441691660E-010   1.4124587307062936E-020  -5.7897136619627025E-010  -9.9054111416785109E-020  -9.8501619959269855E-010  -2.5727337081364570E-017  -1.9596277817456505E-018  -1.6861377190818775E-018   1.9021935633761433E-017   6.4126334523238553E-019   1.5606703623901664E-017  -2.1443973135805751E-018  -1.4367918578530284E-018  -4.3026813805533241E-018  -6.4546425845531513E-018  -1.4896335281022053E-016  -4.8698034104778850E-018  -4.2777524994769935E-018   1.0384229697705020E-019   2.4921416227667281E-019   5.4557503636402118E-019   2.5197778516014065E-019  -6.2348682172710497E-020   1.9716772331476483E-019   4.5519732052875267E-019   2.8789529549978908E-019   2.1207903423339305E-019   4.3996147280464496E-019  -2.2471297956253146E-019  -1.3094684709855970E-020  -1.0900428914566406E-019   3.2611524291465842E-021  -1.1346755751972214E-019   7.3764476043282148E-019   4.5467349803126165E-019   5.0604186234353799E-019   4.1573488912961889E-019   1.8011162376473590E-019   1.2957629619789174E-018   2.2815182043816834E-007   1.0429334926197933E-017   1.0903289152393257E-008  -1.1420612661414062E-007   7.1121575510115983E-019  -1.1394569364307226E-007   9.3591189914068845E-011  -1.1503225732071085E-019   9.7732286130195950E-012  -8.2437104751440140E-011  -1.5227916578629895E-019  -8.1967099890821163E-011  -1.8066806455422540E-019  -3.2824069567558521E-012   4.4676800562165558E-019  -7.3266670118727760E-012   3.5230497772280765E-011   2.3304035160014592E-020   2.0550467721722992E-011   1.6645573267740403E-019   3.4962937884126088E-011   1.2086217225350044E-017   1.8367973666296479E-019  -4.9814080414192211E-020  -9.4059704180736215E-018  -2.3119249617044004E-019  -7.3347364696016439E-018  -7.0256766995897828E-019  -2.5083831254777276E-019   1.8368385396626123E-018   1.2931431005999537E-018   6.3560061062614852E-005  -2.6493770047172626E-007  -1.2581120675049578E-017  -1.2661272438814353E-008   1.3262006202098770E-007  -5.4571922607339630E-019   1.3231763837153765E-007  -8.9743194420671111E-017   6.7658260003292101E-019  -3.6487530937014954E-018   1.3462034616220302E-006   3.9967023762066823E-004
   6.8737144866997797E-017   1.9499882363442838E-027   1.8958293250176576E-018   1.5343417418960160E-017   3.0392103259664784E-017   8.3172379941634326E-028   8.3824023724203693E-019  -4.6237851986726560E-017   4.7544465433409213E-018   2.2852395981816468E-028   2.2721320096392038E-019  -2.3799368458451036E-018   3.3922670859280963E-029  -2.3745096944762276E-018  -2.2701455444245679E-018  -2.4434027455792378E-028  -1.6816706132038182E-019   1.5257593479794344E-018  -3.7723359184530102E-029   1.5199605057886174E-018  -8.6092579557304769E-029   4.2081749478188141E-020   2.2125805652709854E-029   9.3978442472923857E-020   2.8867720085701595E-017   1.4036338685236181E-027   7.9619644395113419E-019   1.1021145930754437E-016  -1.5900545172930553E-018  -4.0399671433600203E-029  -7.5988103757520987E-020   7.9593477927655125E-019  -3.4432826731678340E-029   7.9411974709886807E-019  -1.2672899151861029E-019  -3.4777812193216235E-030  -1.3233630508519356E-020   1.1162555494236609E-019   5.8708486249177577E-030   1.1098914332087969E-019   1.5610047369111226E-029   4.4446069229215455E-021  -1.6931438347469075E-029   9.9208161119904144E-021  -4.7704558471944328E-020   6.7953542862838073E-031  -2.7826766643256713E-020  -4.7612579291560192E-030  -4.7342265138200187E-020   1.0843918309245157E-018  -1.1868524624721513E-029   8.0329205240262641E-020  -7.2881713540365703E-019   3.4101627569895827E-029  -7.2604717343684751E-019  -1.4949651069853108E-028  -2.0101400881549474E-020  -2.2746936791387573E-028  -4.4891155316622494E-020   6.7810159542791868E-018  -4.2203776764118593E-029   1.8702622758214323E-019   5.8556622084751479E-021   1.2836531917566171E-029   8.0967830020721842E-022  -6.4146548259225744E-021  -2.9365431792579489E-030  -6.3634476937508985E-021   2.1091165128342115E-029  -3.5620607151578881E-022   9.8444942821710473E-030  -7.9461734680446665E-022   3.6793494965673193E-021  -6.6023307818096558E-031   2.1429431327132498E-021   1.2601381186712031E-031   3.6402394070666186E-021   3.5828687493634595E-029   1.0147963253292469E-022   2.4485911292468308E-029   1.3263236111775620E-022   8.7820351742170072E-030   3.0335971187502987E-022   1.0965529277001673E-017   5.0126834367713183E-028   5.2403849413328184E-019  -5.4890231539471464E-018   3.4195700093540596E-029  -5.4765061143571721E-018   4.4982193484457271E-021  -5.5267483213603441E-030   4.6972504659682018E-022  -3.9621269903671429E-021  -7.3163140744054955E-030  -3.9395374179927000E-021  -8.6812107551041459E-030  -1.5776043125251482E-022   2.1473672714877872E-029  -3.5213736829995259E-022   1.6932630825838070E-021   1.1220132904138348E-030   9.8770527024350548E-022   8.0027379661323425E-030   1.6804035060925061E-021  -5.1082377951634345E-019  -2.9998265658284998E-029  -3.7840628360344477E-020   3.4332343074937495E-019  -1.2657630864434970E-029   3.4201858652554232E-019  -1.1999451339315327E-029   9.4691542584321259E-021   9.7972173059237614E-029   2.1146848289352425E-020   3.0548505336997709E-015  -1.2733547799551865E-017  -6.0468290817591069E-028  -6.0853143027863616E-019   6.3740415045385694E-018  -2.6233694139570762E-029   6.3595062912067884E-018   4.0359503357401840E-018   1.4681278964929232E-028   1.1131496677567112E-019   6.4701800068336079E-017   1.9209119977034579E-014
   6.8422939031719965E-017   3.3129477753147474E-021   1.8401995032256960E-018   1.5256328490640903E-008   3.0319842552872339E-017  -2.8855897584040851E-020   9.8938760218371824E-019  -4.5975406869884384E-008   4.7274604004954608E-009   2.2721320096392038E-019   2.2592354341033862E-010  -2.3664283722295223E-009   3.3713806030086409E-020  -2.3610320252625528E-009  -2.2201940814326431E-018  -7.1188637718634432E-020  -3.2905010981746441E-019   1.4675580346224997E-018  -3.0680363164042731E-020   1.5374074514115899E-018  -1.8146544693867020E-019  -2.7911763117449267E-020  -2.0690639850997646E-020  -7.0346381902896115E-021   2.8650778890015054E-017   5.8207113341681826E-019   1.1377695320959681E-018   1.0958590128370411E-007  -1.5810293998698715E-009  -4.0150110206873304E-020  -7.5556796810661099E-011   7.9141706949602917E-010  -3.4214178083614031E-020   7.8961233940446450E-010  -1.2600968031454978E-010  -3.4578187894083574E-021  -1.3158516688220017E-011   1.1099197054016025E-010   5.8412178254924599E-021   1.1035917117823033E-010   1.5521630433401784E-020   4.4193794235239824E-012  -1.6836311852763290E-020   9.8645057595004298E-012  -4.7433788358648441E-011   6.7500868189027174E-022  -2.7668822476117898E-011  -4.7337584971207417E-021  -4.7073551394580630E-011   9.9983903090763565E-019  -9.3649869890162976E-020   8.4564304761922519E-020  -5.8928208358627598E-019   3.0645732586310277E-020  -7.4680012316384129E-019  -1.0247993615435136E-019  -1.0998905170952363E-019  -2.0562351484939493E-019  -4.0075406727569257E-019   6.8217980401717775E-018  -2.3272606159261068E-019   1.8006428057552423E-019   1.7000902854710656E-020   1.1909850500710654E-020   2.7737395458329514E-020  -1.1455965642552834E-021  -2.9796199247620383E-021  -3.6596748765494313E-021   2.1753707674912159E-020   1.3026103634471313E-020   1.0135176783002069E-020   1.9391984183552983E-020  -3.1747854376168639E-021  -6.2579002660325174E-022  -8.0372030868402202E-022   1.5584924032747011E-022   2.0611869882468339E-021   3.5251763936772237E-020   2.1937300486481048E-020   2.4183549087842993E-020   2.0140484208481647E-020   8.6074663358942805E-021   6.2547681203003182E-020   1.0903289153624251E-008   4.9841396909278929E-019   5.2106406219246718E-010  -5.4578675690508736E-009   3.3988731773406160E-020  -5.4454215759255838E-009   4.4726875459729582E-012  -5.4973480428607910E-021   4.6705889669245814E-013  -3.9396380373662533E-012  -7.2773637021645348E-021  -3.9171766829527945E-012  -8.6340584303741244E-021  -1.5686498622120831E-013   2.1350873907234622E-020  -3.5013864368624967E-013   1.6836521553918312E-012   1.1136910207808238E-021   9.8209907500121118E-013   7.9548564687132901E-021   1.6708655695962013E-012  -4.7257745148019819E-019   8.7779850208529984E-021  -8.0174965200657861E-020   2.5631110866062841E-019  -1.1048601899289915E-020   3.5261204087255431E-019  -3.3575443012591800E-020   7.4796210481765506E-021   8.7781818670321569E-020   1.0527340711273282E-019   3.0375112635821281E-006  -1.2661272438640878E-008  -6.0124699567709010E-019  -6.0507741813359385E-010   6.3378625733047395E-009  -2.6079715284083081E-020   6.3234098615511568E-009   4.0084846348374829E-018   3.2333626634718429E-020   5.4473502085264513E-020   6.4334553953965993E-008   1.9100089398834533E-005
  -1.6306354163534958E-015  -3.4701383222296516E-020  -4.4482401091528151E-017  -1.5980188718416720E-007  -7.2168313138357146E-016   3.0225009369382339E-019  -2.1508702451971020E-017   4.8156781537409147E-007  -4.9517621100714608E-008  -2.3799368458451036E-018  -2.3664283722295223E-009   2.4787072459826697E-008  -3.5313409979846127E-019   2.4730548609429055E-008   5.3439618389608378E-017   7.4566293558296429E-019   5.6826041608648205E-018  -3.5658662504799279E-017   3.2136040709338630E-019  -3.6313195343115158E-017   1.9007535710672844E-018  -2.6716586725026004E-019   2.1672339374157945E-019  -1.1758705520667287E-018  -6.8393210298294140E-016  -6.0968840451014694E-018  -2.2503901867357154E-017  -1.1478537476861908E-006   1.6560437981382449E-008   4.2055094616314515E-019   7.9141706520944782E-010  -8.2896708295716434E-009   3.5837522963506573E-019  -8.2707672464017456E-009   1.3198840553342556E-009   3.6218803785415914E-020   1.3782842973077478E-010  -1.1625815716728838E-009  -6.1183634879083974E-020  -1.1559533365567239E-009  -1.6258078324377843E-019  -4.6290637521029244E-011   1.7635136847918732E-019  -1.0332542573885244E-010   4.9684358203590132E-010  -7.0703551839534255E-021   2.8981612781605739E-010   4.9583590296848688E-020   4.9307029236618518E-010  -2.4891052369655552E-017   9.8093233476734166E-019  -1.9538377586430605E-018   1.5862901332478845E-017  -3.2099767025228285E-019   1.7475988686394103E-017   1.0734225613615536E-018   1.4193484485822860E-018   2.1537964226927778E-018   4.7945657100253658E-018  -1.6161632171644741E-016   2.4376811120273992E-018  -4.3728121646449074E-018  -2.5593333096627895E-019  -1.2474931877853768E-019  -3.0130002413682400E-019   9.7289940148425199E-020   3.1209926251157232E-020   1.2294270735324037E-019  -2.2785846160015679E-019  -1.3170529225373828E-019  -1.0616056004508248E-019  -1.9255529185410536E-019  -1.5667125854562821E-020   6.5548160751677028E-021  -2.0074424703811359E-020  -1.6324374982876169E-021  -6.9991123645033474E-020  -3.6924338691310722E-019  -2.3113078972489652E-019  -2.5330975178283146E-019  -2.1272431194607759E-019  -9.0158609603833753E-020  -6.5918705754535839E-019  -1.1420612661379719E-007  -5.2206199485571555E-018  -5.4578675684182615E-009   5.7168245824716986E-008  -3.5601380002543630E-019   5.7037880698499194E-008  -4.6849011613119417E-011   5.7581782687483052E-020  -4.8921923229036595E-012   4.1265602899142131E-011   7.6226495388083431E-020   4.1030332216147519E-011   9.0437147579650667E-020   1.6430768940669563E-012  -2.2363899318899251E-019   3.6675151607735781E-012  -1.7635356498672428E-011  -1.1665318229770199E-020  -1.0286962927108918E-011  -8.3322870031272091E-020  -1.7501423846262811E-011   1.1742002997997233E-017  -9.1944701177037193E-020   1.3429258527771877E-018  -7.2496132500963385E-018   1.1572819998270313E-019  -8.2409645972345167E-018   3.5168482084877060E-019  -2.0424864662785577E-019  -9.1946763564684716E-019  -1.3838550524716386E-018  -3.1816307086030583E-005   1.3262006196896582E-007   6.2977409428455707E-018   6.3378625709054699E-009  -6.6385723180338579E-008   2.7317107927899662E-019  -6.6234338748981569E-008  -9.5649470900152584E-017  -3.3867745978927621E-019  -2.0506450580074080E-018  -6.7387006902101031E-007  -2.0006322839682399E-004
