   6.5754669130431306E-002   7.4765089441403108E-017  -3.4970583348359805E-009  -7.7809120468144100E-010  -1.2170277070263791E-010  -1.0073833907802646E-016  -4.5122613529920622E-010  -2.5660930535538425E-011  -1.2071344822058756E-017   1.4736379179728485E-010   8.2572250066104566E-002  -4.5676860440186671E-016  -1.1624606377782006E-009  -2.9884247923082208E-010   7.3459259170789147E-011   2.6671729369509584E-017  -5.3117822030116802E-011   3.5390764285497959E-011   5.4406112335883371E-018  -1.3394062407064813E-010   4.5724378322945232E-017  -1.1172570654122425E-011   1.0867080351069471E-017   4.7918994272971304E-011   8.7276129743267830E-002  -3.0010278098825625E-017  -2.3338031730606512E-009  -2.4334079022785575E-010   1.2197779682791066E-016  -6.5884629529325103E-010  -1.0036319132062263E-010   1.2929261240796127E-017   3.4370602400755032E-010   2.8599109295728594E-012  -5.3928796245112418E-017   1.6308202422738257E-011   1.8825927369798713E-013  -1.4201407059591049E-017  -5.2133000733494452E-012  -5.2554849816950442E-017   8.0315245805323624E-012  -4.0557816363311856E-017  -2.2294518178772286E-011  -2.3900763323566723E-012  -6.1707886449949453E-018   4.0095457558368057E-012   6.6994974922132027E-018   6.8500381680343126E-013  -5.1219984346267985E-010   2.5211543478813735E-011   2.5282905009170790E-017  -1.0686318086842637E-011   1.2098139466729782E-011   1.4760622659638118E-017  -4.5842321913953328E-011   8.2840785396594557E-017   3.1564117564727869E-012   4.3318780537629099E-017   5.6119993790083900E-012   1.5352183396867528E-013  -7.9140649340603838E-020  -1.2089675890383276E-013   7.5773641762164763E-014  -3.0507380684781854E-019  -4.5710269332191422E-013  -3.0072879702908357E-018  -1.4677791850893422E-014  -6.2880023189185224E-019   1.6932882222345407E-013   6.4825905721210301E-014  -6.3839973515171148E-019  -2.3183517420036443E-013  -4.1822330154449253E-019   4.7818591583832583E-013  -8.7572622338893317E-018   7.9265236394632577E-014  -3.4463080132916775E-018  -9.2765120134276420E-014  -4.3007977967185886E-018  -3.4933821438546586E-014   5.6592765404076095E-002  -1.0734878723528813E-016  -1.2051482189869216E-009  -6.7115944622222028E-011  -4.7227449420180741E-017  -2.1589302023416982E-010  -2.0792216598361678E-011   5.1565796825621288E-019   8.7908541959357846E-011   2.6028194909403994E-012  -1.0649360503483955E-017   1.0031507118027400E-011   5.7757743699677206E-013  -8.1983057395678598E-019  -5.1500620206703435E-012  -1.1424177511766262E-017   4.9619359916907287E-012  -3.6046496886993494E-018  -1.3729905554590262E-011  -7.4225339830050092E-013   3.3419065706417322E-019   7.2622371257386690E-013   6.1437601046958605E-019   2.5184127354574628E-012   6.4288089651340452E-011   1.3553187955087810E-011  -7.9439880586745897E-018  -6.9751085578838060E-012   6.5140824274741641E-012  -2.6023922340916862E-018  -2.4683016251881203E-011  -2.2752763642836841E-017   5.6247639966651806E-013  -1.1737617408329955E-017   4.7798420990846499E-012   3.2178266166245549E-002  -2.1994469284535564E-017  -7.3369202645081555E-010  -1.0672281645433741E-011  -3.4058589515105249E-018  -1.6805617765128526E-011  -6.8386325992589098E-012  -1.0518255171283926E-020   1.7510843211730751E-011  -3.4110211025559331E-010   3.2807015680551427E-011
   7.4765089441403108E-017   6.5754669549116504E-002   5.4022672538848570E-016   2.3754047927892499E-015   1.5821707467859050E-016  -5.6881430319760695E-011   2.1341236863324681E-017  -1.5072662579688343E-017  -4.7514440600679249E-010   7.4598918436814583E-017   4.4519898376035548E-016   8.2572250205277573E-002   1.6302223588155128E-015  -2.3275780594476552E-015  -3.3596171647266617E-016   3.4136191679585958E-011  -2.9505221131365869E-016  -2.0448272635665308E-016  -2.5026425079327866E-011  -1.4672437263413559E-016   8.2128054390346705E-011  -3.0026200111461215E-016  -1.4431143559742060E-010  -7.5209384757608323E-016   2.2850924511889421E-015   8.7276130022708814E-002   2.4957638470025808E-015  -9.7733532806387134E-016  -8.6223074746819827E-011   1.1313680578644836E-016  -5.1473521629850600E-016  -7.2023265766456397E-010  -5.1871443629248173E-016   5.2740710012709787E-016   1.8855861055798947E-012  -4.2623521966654634E-017   2.1017283413565177E-016   6.5633889689905702E-012   2.2994640348397927E-016   1.9498677758058920E-012  -2.4650334981228733E-017  -5.1456558381675272E-012  -4.2492512667752213E-017   2.1512549140544611E-016   1.6287076565573775E-011   1.3950775779772893E-016  -2.1179130431086036E-011   2.7008621300070960E-016   3.9520675357379021E-015  -1.6848617107927654E-015   1.0882057495847620E-011  -5.1975217605108085E-016  -5.3371193046876432E-016  -7.9759822670917666E-012  -8.4579886217297354E-016   2.6180056061856166E-011  -4.9577880242449039E-016  -4.6004587594026206E-011  -9.2845955648560237E-016   4.6459395984191898E-016   4.6632231441000801E-014   1.0878500916011696E-016   1.4768385341414438E-016  -7.0882818887417445E-014   2.3326885848439699E-016   6.8801771379754633E-014   6.2723776663821058E-017  -1.7643079595995911E-013   1.1190544204314773E-016   6.4243763911757590E-017  -7.4018971838416717E-014   7.8607636036794000E-017   1.4483531126415058E-013   1.9677713190478531E-016   1.7396390400924245E-013   1.3137730781969869E-016  -4.5505369184156314E-013   1.3360102334853903E-016   4.5574310466438474E-013   2.3591521737792305E-016   4.4335334166286848E-016   5.6592765548366564E-002   6.1307367046844964E-017  -1.8117739483158213E-016  -2.7644444878893018E-011   4.6465124194956497E-017  -7.1156640952304424E-017  -2.3091927827172469E-010  -1.0490094151849660E-016   1.8407926961352714E-016   1.2429383892839596E-012  -3.7368581935062773E-017   5.1681664023110719E-017   4.3265533394769309E-012   6.8830444054830320E-017   1.2853089443981650E-012  -1.3938590766360364E-017  -3.3920235042736698E-012  -3.7437876246270338E-017  -1.5732096284922383E-017   1.0736360035231521E-011   9.9252798561495126E-018  -1.3961286137190519E-011   4.8078154382600345E-017  -2.1543376587059769E-015  -3.2310273633920653E-016   5.9905438971396626E-012   2.9303051967634983E-017  -1.7683541865902626E-016  -4.3909387693142589E-012  -1.3100918898482827E-016   1.4412414200524552E-011   2.0230589229927271E-017  -2.5316636256474108E-011   1.3603013951414359E-017  -1.1154106768301362E-016   3.2178266254085069E-002   3.1163013303916594E-016   6.7231780262197974E-017  -2.4148330416692070E-012  -1.4320821842353547E-017   5.8525049802477420E-018  -2.0171615125025243E-011   3.7128168107253109E-017  -6.3482442127045972E-016  -7.9474288835194296E-015
  -3.4970583348359805E-009   5.4022672538848570E-016   6.5754640337724907E-002  -6.4993380021887342E-009  -1.9363070936856415E-010  -2.6760041832791259E-017   1.4291015648067175E-010  -2.1434466399225207E-010  -2.9885746311744826E-017   4.0797534390268791E-010  -1.1624612295255603E-009  -8.4160457226130171E-016   8.2572240495074362E-002  -2.4964573520099619E-009  -2.3937264646783055E-011  -7.7196630425461189E-017  -4.7470543837286009E-011  -1.1172238907395100E-011   6.5798401837217844E-018   4.3288562938715918E-011  -1.3011662539036861E-016  -5.6587202976576878E-011  -1.0059485635908807E-016   7.7606311779439716E-011  -2.3338052889638956E-009   2.1703758701220186E-015   8.7276110528002937E-002  -7.8517806188307368E-010  -2.7409622994334982E-017   4.2654422132070509E-010  -8.3834333241604533E-010  -5.7284999268395670E-017   1.6235357861711764E-009  -1.7781072551973171E-011   1.3149819547089860E-017   1.5517850951750098E-011  -1.1043127901876875E-011   4.5629017425580697E-018   4.2268817935532770E-011   1.0094982323243922E-017   7.1177707207812039E-012   1.1741750481730648E-017  -2.0823101447350916E-011  -1.9964440289259476E-011  -1.2244414554783870E-017   4.6108170292459244E-011   5.7841272772627004E-019  -5.0312352168803400E-011  -4.2782983039450165E-009   7.0407548754075410E-012  -6.5174790651250754E-016   3.7073899117388150E-011   3.1572877145883863E-012  -8.7950372094080527E-017  -1.2597936726360970E-011  -1.7048622985826876E-015   3.8129946917893597E-011  -8.1105227248274073E-016  -5.5852541198046199E-011   2.2341842824399382E-013   1.8383876814692264E-016   5.8579311532358955E-013   1.0046944949781179E-013   2.5922993348760126E-017  -5.9219160577710860E-013   2.9176572515161466E-016   3.7753368427973823E-013   1.0781949486214504E-016  -1.0988420589697656E-012   7.9042836729539452E-014   2.6113316378483906E-017  -2.7469716291786758E-013   2.6691432791636703E-017   6.0834865018206703E-013   7.5907034044147887E-016   7.0514471236724191E-013   2.9394406457576585E-016  -1.2515921466576860E-012   1.9961501436980004E-016   1.0219923824947074E-012  -1.2051464070952066E-009  -8.2603394551798531E-016   5.6592755481678421E-002  -1.6066469461545520E-010   1.0557607398305707E-016   9.7872393393395027E-011  -1.7367865209620520E-010  -2.1223896384020544E-016   3.3434624882287751E-010  -5.7277651148771147E-012  -4.0805648687675426E-017   4.2249068401534139E-012  -3.4918000492526392E-012   3.6128777913296899E-017   1.3550628149795464E-011  -3.9944286969164675E-017   1.9152100358281447E-012  -1.8545063122086578E-017  -5.6524673252030516E-012  -6.2001699885397436E-012   8.5307718321247150E-017   1.4382643280506228E-011   7.7423669124329995E-017  -1.5901238886933560E-011   5.3693711605273610E-010   1.3074564048312270E-012   9.3869990210435548E-017   1.1243607538033320E-011   5.6223246567459209E-013   1.0935104166156983E-017  -2.3176243981030516E-012   2.3623800915891624E-016   1.1133054530966860E-011   7.5580062265545092E-017  -1.6709583767962366E-011  -7.3369211472963208E-010  -1.3571864693997610E-017   3.2178260125451469E-002  -5.4208765773322221E-011  -2.4887165739177565E-017   2.5701500231883795E-011  -5.7123484278828122E-011   3.8405329190204009E-017   1.1133218636685109E-010  -2.8493135156057853E-009   2.7399684417595046E-010
  -7.7809120468144100E-010   2.3754047927892499E-015  -6.4993380021887342E-009   7.2478138942987602E-002   3.6201820248547552E-011   7.1532852982362283E-018  -1.5452186972986935E-011   3.7825040103452875E-011   2.9033166783697783E-016  -7.3959041009811633E-011  -2.7367729867869581E-010   2.4084648668377852E-015  -2.2858944617604722E-009  0.20754894272257687       -1.1907410091097442E-010   1.2245593552703747E-016  -4.2334746847130239E-010  -5.4535647150234877E-011   5.9477268544225133E-017   2.1428261587976448E-010   2.6666121286742953E-016  -4.5552916244156152E-010   1.0832709719446443E-016   6.5507877361637178E-010  -7.8836528841772958E-010   8.2469872534195937E-016  -6.5853053320418399E-009  -8.6899247518202058E-011   3.6691645722810183E-017   3.7173231627424440E-011  -9.0699046512051268E-011  -2.3341116191819745E-016   1.7816093212546572E-010   1.0415579741441234E-011  -5.2240997666314754E-017  -1.0503686128467280E-011   6.6418477121377554E-012   5.8751956960513283E-018  -2.5053132789248267E-011  -4.6894380834702558E-017  -4.8575478231047479E-012  -1.8021922996028157E-017   1.4124312203016072E-011   1.2072721259444225E-011   1.8924165801340886E-018  -2.8037016687878748E-011   3.9208244702139915E-018   3.0127411619417201E-011  0.15074185913714844       -4.6620645762604445E-011   5.8151410018666797E-016  -1.6570266869251038E-010  -2.1353629733836486E-011  -5.4108337997749867E-017   8.3866601037731287E-011   1.3976236626485500E-015  -1.7829958978376522E-010   6.7684909309759626E-016   2.5641568384380482E-010  -1.1270893184979947E-012  -1.4201855499960032E-016  -2.7182830941852076E-012  -5.0830164600852276E-013   1.3485706528797735E-017   2.9821426756643225E-012  -2.0036758950341382E-016  -1.7785467486798881E-012  -1.0415969372518406E-016   4.8815667859291666E-012  -4.0111419058451186E-013   1.7542949153121194E-017   1.3951859125362561E-012   2.1190293257343430E-017  -3.0670307821947432E-012  -4.9281113863748497E-016  -3.3703942316230730E-012  -2.2876934193757431E-016   5.7359655210703421E-012  -1.8026357763519157E-016  -4.8689441088554923E-012  -3.9760197717152919E-010   2.5935485502162252E-015  -3.3210485554355421E-009   8.2247881179950853E-011   1.4135831706223727E-016  -3.5090764560891399E-011   8.5862937912914791E-011   3.9532413666416386E-017  -1.6797286913481833E-010  -7.4377949636754671E-013  -4.6184445720297676E-017   7.4922295907919539E-013  -4.8334582798773696E-013   1.2091411708818318E-017   1.7822422768394186E-012  -5.0061010091248629E-017   3.4649481683865528E-013  -2.5016684620886416E-017  -1.0074686729245299E-012  -8.7156004913987605E-013   3.8737942981109025E-017   1.9931440591548481E-012   3.2048462777554772E-017  -2.1582847033323240E-012  -1.9885708342155103E-003  -1.1525112750960627E-011  -7.0977769652747242E-017  -4.0978125662796716E-011  -5.2783505931490991E-012   3.8023428391347970E-018   2.0741506034848548E-011  -1.9051072083818276E-016  -4.4093076563158835E-011  -8.4504359387499325E-017   6.3405679314450109E-011  -2.1253033568684656E-010   9.1794552474348972E-016  -1.7752197019251412E-009  -2.6365840124676282E-011  -2.5652173995342707E-017   1.1256761207948047E-011  -2.7530373420024611E-011  -2.0489578959782470E-018   5.3898192426999414E-011  0.13006174164488507        1.2308075416441642E-003
  -1.2170277070263791E-010   1.5821707467859050E-016  -1.9363070936856415E-010   3.6201820248547552E-011   8.1353051152817338E-019   1.3192453731564916E-025   4.0660479108315021E-019   6.9757848346540007E-019  -8.8792636317937523E-025  -1.5110752037398782E-018  -1.5282978914236327E-010   1.9868307922653063E-016  -2.4315427198892743E-010   1.0366772813369867E-010  -1.2494962696096073E-019   3.2126314709318456E-025   2.6646161844309200E-020  -5.9843803317764773E-020  -5.9955796486710115E-026   2.2746294278961588E-019   6.2936913226439534E-025  -4.0216755727003440E-020  -1.7026556291183347E-026   9.9805776371793420E-021  -1.6153601539277715E-010   2.1000141486512848E-016  -2.5700597432359646E-010   2.7191355476982401E-018  -3.3409562606379953E-025  -1.8063890065143094E-020   2.6091641197418129E-018  -1.7048324214037009E-024  -5.3280648330226052E-018   5.2269837579667051E-020   3.9500214889874919E-026  -8.1126750676922833E-020   3.5488248667287961E-020   3.1584454016800809E-026  -1.2733541403962813E-019   4.8797744156713888E-026  -3.8251521852248402E-020   1.9102107975635264E-026   1.0963764300631153E-019   6.9244011517907373E-020   8.7609398137855947E-026  -1.5720193633384854E-019  -6.3093108670219160E-026   1.6193734294491126E-019   7.5293358717033299E-011  -9.0682252532349456E-020   2.1891742963765890E-024  -1.7215900446913182E-019  -4.2355038558099862E-020   1.8545878961841883E-025   1.6383495235333563E-019   5.6283349445603945E-024  -2.0718164480185291E-019   2.5356715740819645E-024   2.8215826608741984E-019  -1.5050115467474583E-021  -6.1207307831779490E-025  -2.8589656959449733E-021  -6.8998779205307862E-022  -6.9210839654663059E-026   4.0793962379016823E-021  -9.5356196997800234E-025  -1.9729155183042118E-021  -3.6879924747137048E-025   5.3606317155212978E-021  -5.5309161076595996E-022  -6.7131248122062619E-026   1.9348699655904876E-021  -6.6893890607312367E-026  -4.2083960540862602E-021  -2.4648628359292754E-024  -3.9066117415450383E-021  -9.7461176770703984E-025   6.7222930820225355E-021  -6.6884035365447777E-025  -5.3767705688720049E-021  -1.0474536307434573E-010   1.3617195802711118E-016  -1.6665128845270639E-010   6.3842168584218465E-019  -2.1938758842852361E-025   9.3850955698517788E-020   5.9281139731968713E-019   8.8159313849558785E-026  -1.2311734325401363E-018   1.1677825540136915E-020   1.1978720833923745E-025  -3.0633958350456096E-020   8.9720097454839244E-021  -8.8420014639109987E-026  -2.9480848373186325E-020   1.1683769906876391E-025  -1.4650583350888688E-020   4.0612559645736964E-026   4.1553986518692448E-020   1.9196376195490153E-020  -2.0663721039371703E-025  -4.2701763448362109E-020  -2.4672433295144595E-025   4.1085779270636026E-020  -9.9653381319682108E-013  -3.4691820688020269E-020  -2.8276519570518766E-025  -4.0667568867053899E-020  -1.6348752699686507E-020  -3.6048544954949917E-026   6.2869729564002094E-020  -7.1407696095275548E-025  -5.5848914951469023E-020  -3.0398785962340445E-025   7.2028841751376922E-020  -5.9557509518445132E-011   7.7426458725618730E-017  -9.4756801575690034E-011   1.6621428224252967E-019   6.0955972373918652E-026  -3.8956793050399751E-020   1.6712015361803429E-019  -1.6263297538349932E-025  -3.3333312654157133E-019   6.4964060643539982E-011   5.6971899216852906E-013
  -1.0073833907802646E-016  -5.6881430319760695E-011  -2.6760041832791259E-017   7.1532852982362283E-018   1.3192453731564916E-025   4.9205587032757120E-020   6.1317079733004385E-025   1.4330250884861384E-025   4.1102622228129745E-019  -4.6349423374702590E-025  -1.2650343370799102E-016  -7.1429568859576897E-011  -3.3604273996120616E-017   2.1291182423739728E-017   1.7805751918708552E-025  -2.9529696091888827E-020   3.2120580340155409E-025   1.2274475667018654E-025   2.1649243529985335E-020   3.3208979650915672E-025  -7.1045314883324862E-020   2.6252257452973074E-025   1.2483738302675495E-019   5.9934715519594568E-025  -1.3370993501361477E-016  -7.5498685378638456E-011  -3.5518598830385402E-017   1.5142274507320161E-024   7.4587734248918613E-020   7.4815409919081764E-025   9.1550885945409596E-025   6.2304113170799371E-019  -6.8913502273792053E-025  -4.5108339663293533E-025  -1.6311363943111346E-021   3.1463018210181780E-027  -1.7616231747089421E-025  -5.6776949056056814E-021  -2.1398895804209759E-025  -1.6867435992797667E-021   5.0011151793330958E-027   4.4512772405375918E-021   8.2650477598698732E-026  -1.7162338538099399E-025  -1.4089223124713434E-020  -1.5213621905576823E-025   1.8321120615205061E-020  -2.0736724141700358E-025   1.7123993411070491E-017   1.3983616819680328E-024  -9.4135823297923527E-021   3.8804079592861884E-025   4.3377806559328337E-025   6.8996663302836504E-021   8.3884829400370754E-025  -2.2647198217466790E-020   3.4088423532222576E-025   3.9796515765665783E-020   9.1459205783720033E-025  -4.0271369594955843E-025  -4.0339461348034586E-023  -9.5290742214462065E-026  -1.2812838503046474E-025   6.1317563595507013E-023  -1.9961375361991186E-025  -5.9517341081818760E-023  -5.5130967719613392E-026   1.5262240865598331E-022  -9.4587742425381906E-026  -5.5876504068084470E-026   6.4030509430588528E-023  -6.6953806453713363E-026  -1.2529056445643589E-022  -1.7248252123021727E-025  -1.5048840834573272E-022  -1.1546155677038789E-025   3.9364664308820249E-022  -1.1253615858338788E-025  -3.9424302099639979E-022  -2.0647122046617341E-025  -8.6701999023317112E-017  -4.8955876019381781E-011  -2.3031449042268198E-017   3.0042267965426610E-025   2.3913975629087888E-020   2.6121150433196466E-025   1.3850234802446635E-025   1.9975796284211615E-019  -1.2979671425643409E-025  -1.6025139880571239E-025  -1.0752105340687074E-021   1.4589604748134044E-026  -4.3760354187841991E-026  -3.7427082213070173E-021  -5.8716218277264808E-026  -1.1118634100972093E-021   3.3760065905585082E-027   2.9342881646470165E-021   5.6593882950158955E-026   1.8013704334994248E-026  -9.2875459558864149E-021  -1.7282748122834298E-026   1.2077285614066811E-020  -3.7113205663601194E-026   1.0513344627064717E-016   2.5677858395178443E-025  -5.1821521967402601E-021  -2.4276343563335701E-026   1.4211293498943108E-025   3.7984051832883293E-021   1.5463464672931687E-025  -1.2467536368264814E-020  -2.8312697887006254E-026   2.1900292269375886E-020  -4.4993993562245990E-027  -4.9298173865178909E-017  -2.7835982178805421E-011  -1.3095528008309156E-017  -1.2204091944365954E-026   2.0889643025981910E-021   2.4450665620581015E-026   3.6517592828412992E-026   1.7449564084726892E-020  -1.1971380833753864E-025   1.0861063458452525E-017   1.4515835914820099E-015
  -4.5122613529920622E-010   2.1341236863324681E-017   1.4291015648067175E-010  -1.5452186972986935E-011   4.0660479108315021E-019   6.1317079733004385E-025   3.4103275599516519E-018  -2.9782546480906817E-019  -1.9821890090236804E-025  -1.0879446891848743E-019  -5.6663286913942838E-010   2.6799526199038749E-017   1.7946125490332303E-010  -4.4248960422668571E-011  -5.3073559691053530E-019  -3.6583583459597030E-025   3.5159383092349983E-019  -2.5551556707012368E-019  -4.3837250564742707E-026   9.6753444076368232E-019  -6.2678256533314265E-025   5.0801365148637955E-020  -3.6313081949943522E-025  -2.9982614421715672E-019  -5.9891215213055806E-010   2.8326214316974677E-017   1.8968458314951385E-010  -1.8097994340241654E-020  -9.3248488373133767E-025   5.4402990883430459E-018  -1.1139870159452385E-018  -3.9721972275582404E-025   1.1319823429115003E-018  -6.0491137957908671E-020   4.1042603253300517E-025  -7.5945652606616811E-020  -2.6708862195176786E-020   1.0824253994088937E-025   1.3298266640955524E-019   3.9322647772280656E-025  -3.8609210435304948E-020   3.0601355488785035E-025   1.0472310246030557E-019  -2.9562913518030971E-020   2.0618600490345437E-026   7.8673570538862575E-020  -5.2434431596120674E-026  -1.2047179577073995E-019  -3.2137789578931214E-011  -1.4776693289310740E-019  -1.7105050388262747E-024   1.8923471513539761E-019  -7.1606243374888464E-020  -2.8349756179597110E-025   2.6932241726701746E-019  -4.5633940084717839E-024   9.9222962112912587E-020  -2.2193088888872597E-024  -2.1456589230445067E-019  -3.2764840782445570E-022   4.3041287968883926E-025   2.6822940634280410E-021  -1.9325483306846554E-022   5.5538770930688181E-026   1.2139336874390380E-021   6.9752038823647194E-025   1.3004196173525871E-021   2.6080494862318770E-025  -4.5908939762033469E-021  -1.8754821875605139E-022   5.7371080504926141E-026   6.9645079289103971E-022   5.6410797641447533E-026  -1.3053996902001974E-021   1.8150140515230504E-024   1.7071502764016572E-021   7.1115322069996336E-025  -3.3064703421669621E-021   5.0196099894110255E-025   3.4989244630043077E-021  -3.8835469637043483E-010   1.8367661306608507E-017   1.2299783945063739E-010   9.3845642212514365E-020   5.1443104385184335E-025   1.7017115741618696E-018  -2.5309525787733132E-019  -5.4819684047399396E-025   1.5922390150981597E-019  -3.0151294071148890E-020  -5.3526780464807003E-027  -5.9816284449487720E-020  -1.1449458188387440E-020   8.2972191797697892E-026   6.4411826264237012E-020   2.6849732848639991E-027  -2.9961522491943626E-020  -1.1328793183388076E-026   8.2148108122034518E-020  -8.1959818690636814E-021   1.7833348298999035E-025   2.5850502829273705E-020   1.5269716119742095E-025  -5.1381347867175275E-020   4.2609987532871089E-013  -8.7706872674515631E-020   2.7561056497346913E-025   8.1038170716264745E-020  -4.2354098594430127E-020   3.9387402566502573E-026   1.5992233748543743E-019   7.1489823973916634E-025   2.9737071442418795E-020   2.5462605935535357E-025  -8.2634827991333183E-020  -2.2081587113858400E-010   1.0443729651950045E-017   6.9935744539664799E-011  -3.8959107645675610E-020  -2.6025181026930139E-026   1.6878388783920020E-019  -7.1353152932227385E-020   7.7430844472285468E-026   1.1031218648448588E-019  -2.7728918333667821E-011  -2.3291181708170853E-013
  -2.5660930535538425E-011  -1.5072662579688343E-017  -2.1434466399225207E-010   3.7825040103452875E-011   6.9757848346540007E-019   1.4330250884861384E-025  -2.9782546480906817E-019   7.2846763835624792E-019   3.6256085026001792E-025  -1.4260106685115611E-018  -3.2224045366114406E-011  -1.8927680028148306E-017  -2.6916608370644373E-010   1.0831600563458667E-010  -1.2780451827880839E-020   2.9731747272782339E-025  -4.5465222658454112E-020  -5.8536431116269099E-021   1.3204787812067424E-026   2.2990397355851651E-020   5.2665726872409711E-025  -4.8911354098998047E-020   4.1328494009492179E-025   7.0194952174101319E-020  -3.4059743873038953E-011  -2.0005941117340252E-017  -2.8449959544704160E-010   2.6091092747567470E-018   8.0697208146745369E-026  -1.1139172973664851E-018   2.7246351121676899E-018   2.2497183732349660E-025  -5.3334984811592361E-018   6.2281711818466393E-020  -4.9529085766141438E-026  -6.2430530643056417E-020   3.9390780459782236E-020  -7.7666566177297036E-027  -1.4882663172855294E-019  -3.7323962480466464E-026  -2.8871640894833581E-020  -3.0675420199660030E-026   8.3950108600789103E-020   7.2312628362447667E-020   3.9574975186829893E-026  -1.6649848824811415E-019   2.4058405624623413E-027   1.7946200922987693E-019   7.8669413274617929E-011  -5.7120384874634946E-020   2.4157027842815759E-024  -2.0315845871357453E-019  -2.6157344540527133E-020   2.5452929905147805E-025   1.0272456545923251E-019   6.2485885316116079E-024  -2.1857714993160983E-019   2.9907638382998314E-024   3.1369383896336698E-019  -1.3764066050356347E-021  -6.7338240749383968E-025  -3.2809792966284093E-021  -6.2234897272092685E-022  -7.7331272630535203E-026   3.6651053198001142E-021  -1.0545125028459088E-024  -2.1531271783639219E-021  -4.0554382322932913E-025   6.0634673999814503E-021  -4.9229212602336542E-022  -7.5701861507037289E-026   1.7140391497718647E-021  -7.5819433825283559E-026  -3.7703023923889339E-021  -2.7282291524484638E-024  -4.0884735769046289E-021  -1.0761446966367591E-024   7.1095714466638318E-021  -7.4321706197219682E-025  -5.8588159880155528E-021  -2.2085479533753217E-011  -1.2972513822200390E-017  -1.8447907347878826E-010   5.9284536619720991E-019  -2.4561082612589111E-025  -2.5310153454365004E-019   6.1907649329959579E-019   7.6521553470335598E-025  -1.2118594757935597E-018   1.7267235886914871E-020   1.1278195844842312E-025  -1.7296011391522399E-020   1.0904790725670738E-020  -1.1213176839114623E-025  -4.1231893909905573E-020   1.0823865878336270E-025  -7.9987100977785346E-021   4.9576189941224731E-026   2.3258056249619174E-020   2.0045900897551519E-020  -2.6045467464953082E-025  -4.6127236046694987E-020  -2.3270032390139105E-025   4.9725086486107442E-020  -1.0390861230582207E-012  -1.5565912033044267E-020  -3.4131188312940913E-025  -5.5315184820117107E-020  -7.1295575925131242E-021  -3.1638588587188740E-026   2.8012133361973809E-020  -8.6394828882767129E-025  -5.9522006548095316E-020  -2.8009991208279573E-025   8.5694215097790397E-020  -1.2557655107206994E-011  -7.3760859918713441E-018  -1.0489356030054583E-010   1.6711273908129503E-019   6.9617353749460369E-026  -7.1347655671472033E-020   1.7451018982170113E-019  -1.2163318262799262E-025  -3.4162166009896247E-019   6.7876883990629543E-011   6.2462063062220523E-013
  -1.2071344822058756E-017  -4.7514440600679249E-010  -2.9885746311744826E-017   2.9033166783697783E-016  -8.8792636317937523E-025   4.1102622228129745E-019  -1.9821890090236804E-025   3.6256085026001792E-025   3.4334018877700644E-018  -1.0477517171586852E-024  -1.5158743775592494E-017  -5.9666854149612269E-010  -3.7529396594389247E-017   8.3166034473164739E-016   1.9487241828070719E-024  -2.4666872528014725E-019   4.6985235882676922E-025   1.2580171194631094E-024   1.8084139058632121E-019   1.9223479419170680E-024  -5.9345877467445523E-019   3.7520477872542031E-025   1.0427969879119083E-018   8.0111027886978305E-024  -1.6022304029241449E-017  -6.3065886031463982E-010  -3.9667345467861813E-017   7.1107704350271577E-024   6.2304946425133055E-019  -7.3938227202966865E-025   3.7504598053975446E-024   5.2044139322613706E-018   3.6713495500899104E-024  -3.7613579022782166E-024  -1.3625278573263548E-020   2.5542112158936941E-025  -1.4868642732314174E-024  -4.7427164860706234E-020  -1.7813172209359607E-024  -1.4089779060273578E-020   1.5374565082538008E-025   3.7182600163692937E-020   3.7779944822005536E-025  -1.4961378431650883E-024  -1.1769070354087787E-019  -1.1433262907327186E-024   1.5304077136140664E-019  -1.8069538998178733E-024   6.0457497677828030E-016   1.1975986646010428E-023  -7.8633940073683191E-020   3.0618480191806270E-024   3.7654573130187189E-024   5.7634589035108548E-020   6.4695645670203482E-024  -1.8917754848050988E-019   2.8339753760448531E-024   3.3242996422845760E-019   7.7841452781881583E-024  -3.3619322184521062E-024  -3.3696533003563109E-022  -7.9749839664250884E-025  -1.0693164096266432E-024   5.1220050397944359E-022  -1.6729977391192004E-024  -4.9716281831350179E-022  -4.6072147836118437E-025   1.2748920540499412E-021  -7.8810108499245821E-025  -4.6592409545780407E-025   5.3486240068545531E-022  -5.6211933046316232E-025  -1.0465825226658817E-021  -1.4348850607939838E-024  -1.2570662510935406E-021  -9.6352196972753705E-025   3.2882260309589998E-021  -9.4124474831093861E-025  -3.2932077412324734E-021  -1.7251968134121381E-024  -1.0389390700504262E-017  -4.0894032553345249E-010  -2.5721621410948440E-017   1.7133126790864732E-024   1.9975924799664307E-019  -4.7660508456452048E-025   9.2972422885984400E-025   1.6686267920179995E-018  -6.1070464798860834E-026  -1.3307790345680893E-024  -8.9814948008160723E-021   2.6902884437272697E-025  -3.7375754880907328E-025  -3.1263751010210676E-020  -4.9600926100745676E-025  -9.2876651819030385E-021   1.0021750419147549E-025   2.4510821880078070E-020   2.7189921900238866E-025   1.1341532464681241E-025  -7.7581127646041115E-020  -7.1037875506396298E-026   1.0088450073957544E-019  -3.4861399436728965E-025   2.6537060652587019E-017   2.2854017484838367E-024  -4.3287776232445644E-020  -3.8004904915124837E-025   1.2551779722606512E-024   3.1729001265817315E-020   1.0355088398012021E-024  -1.0414436011026462E-019  -3.2832693124920796E-025   1.8293846168870324E-019   1.6291289974715447E-025  -5.9073350757724596E-018  -2.3252072150108000E-010  -1.4625142743708527E-017  -5.6151310085821956E-025   1.7449626301200347E-020   1.3855818454932532E-025  -1.2188932918146439E-025   1.4576044792706186E-019  -1.1300664355496107E-025   5.2035198571051243E-016   4.8038551271195383E-016
   1.4736379179728485E-010   7.4598918436814583E-017   4.0797534390268791E-010  -7.3959041009811633E-011  -1.5110752037398782E-018  -4.6349423374702590E-025  -1.0879446891848743E-019  -1.4260106685115611E-018  -1.0477517171586852E-024   2.9370166975448210E-018   1.8505394822987029E-010   9.3678516489392842E-017   5.1232031870844880E-010  -2.1178946596877289E-010   1.3761891761096118E-019  -5.0542993747594518E-025   1.8423396617849909E-020   6.5646537567067295E-020  -3.6066678992269027E-026  -2.5025329969105132E-019  -8.8388653626517453E-025   8.8702434231762484E-020  -8.7401554558420874E-025  -7.9563336323043267E-020   1.9559587946508949E-010   9.9015106909191707E-017   5.4150553067278566E-010  -5.3283272308913057E-018  -3.2316515995388275E-026   1.1320153598417502E-018  -5.3338850314344070E-018  -9.0536686553989828E-025   1.0661732131215592E-017  -1.1454169725777261E-019   1.6307633895888984E-026   1.4354736535677074E-019  -7.4872750622826674E-020  -2.0994352076535206E-027   2.7613832598518972E-019  -5.0238684586274782E-027   6.7118577709600800E-020  -5.4705678632069270E-027  -1.9357441810286289E-019  -1.4154522677611720E-019  -7.3240835436479207E-026   3.2367389441555318E-019  -9.4719663463403589E-027  -3.4137085074226551E-019  -1.5382155308713299E-010   1.4775807796846535E-019  -4.5685248206952517E-024   3.7515893300708841E-019   6.8491973615882848E-020  -4.6646287792043900E-025  -2.6647935381805778E-019  -1.1789371035607457E-023   4.2558823368942143E-019  -5.6784401772008949E-024  -5.9560680248906197E-019   2.8803356884761111E-021   1.2855653996921934E-024   6.1373369432371727E-021   1.3118488508615285E-021   1.4633007533891582E-025  -7.7416417021484433E-021   2.0082027789085721E-024   4.1243364191937583E-021   7.7368815365963961E-025  -1.1419415916261143E-020   1.0449987472287043E-021   1.4260465399821231E-025  -3.6475710788652548E-021   1.4321567726978227E-025   7.9757565564009808E-021   5.1933699756820592E-024   7.9918519047844825E-021   2.0491257371759889E-024  -1.3826362021014991E-020   1.4134993840719394E-024   1.1230915281723395E-020   1.2683092054943966E-010   6.4204695140417136E-017   3.5113033658002674E-010  -1.2311925304886162E-018   3.7357184191237964E-025   1.5921843627388650E-019  -1.2118100227503875E-018  -1.6180384885831554E-024   2.4428806545498254E-018  -2.8945698068319199E-020  -2.2847781534184666E-025   4.7930629189955182E-020  -1.9877216387197308E-020   2.1488369261449273E-025   7.0714268900779569E-020  -2.2081785464983100E-025   2.2649598845750048E-020  -1.0141511513520822E-025  -6.4812929768817075E-020  -3.9243029335257595E-020   5.0266118418356808E-025   8.8830716181228441E-020   4.3324318499254500E-025  -9.0812720744524787E-020   2.0415673488600993E-012   5.0246945033022112E-020   6.4386480415004716E-025   9.5944321287144846E-020   2.3473370313186585E-020   5.3145455025037258E-026  -9.0862450625589862E-020   1.6256913173776204E-024   1.1532957929867255E-019   5.0023013172888973E-025  -1.5766359911381220E-019   7.2115208942580016E-011   3.6506361762431597E-017   1.9965034746160538E-010  -3.3335093070723827E-019  -1.3856817432312818E-025   1.1031462584769160E-019  -3.4165530424599623E-019   2.1746380118492994E-025   6.7500365417783310E-019  -1.3271938952891677E-010  -1.0855900856348181E-012
   8.2572250066104566E-002   4.4519898376035548E-016  -1.1624612295255603E-009  -2.7367729867869581E-010  -1.5282978914236327E-010  -1.2650343370799102E-016  -5.6663286913942838E-010  -3.2224045366114406E-011  -1.5158743775592494E-017   1.8505394822987029E-010  0.10369113815255833       -1.3242880469885724E-016   2.5951011687256132E-009   1.6390467250234250E-009   9.2247383263481698E-011   3.3493356094490940E-017  -6.6703377343237126E-011   4.4442394834926231E-011   6.8321165271537037E-018  -1.6819761356119167E-010   5.7418957919377002E-017  -1.4030102858973763E-011   1.3646467722156315E-017   6.0174887943189612E-011  0.10959809402535176        4.2861016960862717E-016   1.3551660396038453E-009  -3.0557828726854837E-010   1.5317514603552439E-016  -8.2735447335499628E-010  -1.2603237771033217E-010   1.6236072958977691E-017   4.3161322982863319E-010   3.5913682297857949E-012  -6.7721761790193691E-017   2.0479230293319882E-011   2.3640846514586338E-013  -1.7833594629186981E-017  -6.5466650888938272E-012  -6.5996411437645880E-017   1.0085687978198260E-011  -5.0930985959718629E-017  -2.7996621574257398E-011  -3.0013691797597779E-012  -7.7490456942088384E-018   5.0350393389873272E-012   8.4129779141019034E-018   8.6019995192163849E-013   8.1979334189370791E-010   3.1659711670627975E-011   3.1749298606631447E-017  -1.3419477689711282E-011   1.5192390246343351E-011   1.8535832058215081E-017  -5.7567070230974066E-011   1.0402828473664589E-016   3.9637037741515679E-012   5.4398068197884896E-017   7.0473383185628441E-012   1.9278696759987806E-013  -9.9374211441737157E-020  -1.5181761818067627E-013   9.5153700547360990E-014  -3.8309885371480534E-019  -5.7401243755047285E-013  -3.7764271834151988E-018  -1.8431819841088023E-014  -7.8961949061334759E-019   2.1263678464411956E-013   8.1405943760404416E-014  -8.0167701823009635E-019  -2.9112992625396648E-013  -5.2518763657988633E-019   6.0048795849586789E-013  -1.0997009335616932E-017   9.9538316193301970E-014  -4.3277322774408938E-018  -1.1649096830992736E-013  -5.4007726913416093E-018  -4.3868581273807256E-014   7.1067074607407674E-002   1.6755723669301766E-016   1.2657209029397095E-009  -8.4281695921536324E-011  -5.9306455247807212E-017  -2.7111036214481575E-010  -2.6110094341766214E-011   6.4753268510970885E-019   1.1039226838227259E-010   3.2685229164016211E-012  -1.3373070398591325E-017   1.2597191033947148E-011   7.2529993090133137E-013  -1.0295106061655299E-018  -6.4672542613025381E-012  -1.4346056564526220E-017   6.2310134221877266E-012  -4.5265852058935397E-018  -1.7241501306676150E-011  -9.3209432279084251E-013   4.1966872926768502E-019   9.1196525669105053E-013   7.7151441582912386E-019   3.1625275617589254E-012   6.1553648983893698E-011   1.7019585630753660E-011  -9.9757586380378009E-018  -8.7590798576229130E-012   8.1801406457181528E-012  -3.2679861213918148E-018  -3.0996006998989843E-011  -2.8572058344033782E-017   7.0633690890243262E-013  -1.4739657447185251E-017   6.0023464312061270E-012   4.0408261127470653E-002   1.4430108693814334E-016   6.5883511391059065E-010  -1.3401854382699494E-011  -4.2769515580610172E-018  -2.1103863813702109E-011  -8.5877016884822814E-012  -1.3206672525075957E-020   2.1989466870665405E-011   8.3394023775362825E-010   5.4833853914085449E-011
  -4.5676860440186671E-016   8.2572250205277573E-002  -8.4160457226130171E-016   2.4084648668377852E-015   1.9868307922653063E-016  -7.1429568859576897E-011   2.6799526199038749E-017  -1.8927680028148306E-017  -5.9666854149612269E-010   9.3678516489392842E-017  -1.3242880469885724E-016  0.10369113784185341        1.3841109040699212E-016  -4.5565430838584898E-015  -4.2188813421702851E-016   4.2866950434852551E-011  -3.7051550642189469E-016  -2.5678174542419519E-016  -3.1427246879406756E-011  -1.8425097104861122E-016   1.0313333338139283E-010  -3.7705776512196743E-016  -1.8122089350220331E-010  -9.4445128051995751E-016   2.1386483332125312E-015  0.10959809386313431        1.1165898365876661E-015  -1.2273010637558780E-015  -1.0827570650544645E-010   1.4207295694854071E-016  -6.4638517688490604E-016  -9.0444118451948730E-010  -6.5138219433786600E-016   6.6229807482206777E-016   2.3678483788476429E-012  -5.3525022222456079E-017   2.6392717018510192E-016   8.2420579383678140E-012   2.8875807666599365E-016   2.4485708916959412E-012  -3.0954967228620689E-017  -6.4617217948611096E-012  -5.3360504639542466E-017   2.7014653180419426E-016   2.0452700477500011E-011   1.7518861398349311E-016  -2.6595958417516548E-011   3.3916414718247892E-016   3.7998489631203336E-015  -2.1157862051665363E-015   1.3665280054736723E-011  -6.5268530778596624E-016  -6.7021544429166375E-016  -1.0015939672530943E-011  -1.0621225188564102E-015   3.2875933440940340E-011  -6.2258044355385838E-016  -5.7770837317751839E-011  -1.1659247216071765E-015   5.8341968652255980E-016   5.8559008943091360E-014   1.3660813834721123E-016   1.8545584943132831E-016  -8.9011987993571301E-014   2.9293029195377817E-016   8.6398686509888160E-014   7.8766168484379029E-017  -2.2155518273937947E-013   1.4052666105013279E-016   8.0674911518172676E-017  -9.2950251358403487E-014   9.8712523925866858E-017   1.8187875693496484E-013   2.4710534903811191E-016   2.1845735226162448E-013   1.6497870047273141E-016  -5.7143937544252616E-013   1.6777115912708646E-016   5.7230511423326298E-013   2.9625349027985077E-016   8.2816100724264902E-017   7.1067074455872209E-002  -1.2312251214162737E-015  -2.2751578058619028E-016  -3.4714858047014983E-011   5.8349161946110823E-017  -8.9355840456547082E-017  -2.8997977715380610E-010  -1.3173067792934470E-016   2.3115984949339059E-016   1.5608354566064242E-012  -4.6926065198491473E-017   6.4899897264667753E-017   5.4331235686145803E-012   8.6434692272221097E-017   1.6140428121024972E-012  -1.7503560101456958E-017  -4.2595760182149856E-012  -4.7013081932827034E-017  -1.9755776867856324E-017   1.3482318642950149E-011   1.2463794163426138E-017  -1.7532060004445081E-011   6.0374745187708409E-017  -1.1981769643726286E-015  -4.0574030975542601E-016   7.5227005615293372E-012   3.6797674790613920E-017  -2.2206329279128591E-016  -5.5139763788949360E-012  -1.6451643053572494E-016   1.8098569722700381E-011   2.5404815991061658E-017  -3.1791683201511417E-011   1.7082155083303171E-017  -4.0954274252379312E-016   4.0408261048588176E-002  -3.5250746232946641E-016   8.4427152186835403E-017  -3.0324568504102598E-012  -1.7983552075256873E-017   7.3493582076572711E-018  -2.5330758447565266E-011   4.6624158882289068E-017  -1.8560615710537022E-015   1.0561885793235725E-014
