   3.2557308814672059E-002   1.0400915182893703E-015   1.5429466988745083E-016  -3.1188901202560755E-016   8.3824895574358224E-002   1.4264108966402833E-015   1.3080008602892384E-016   2.8943703836228032E-017   4.8677550238722031E-017  -4.8962027713196054E-017   7.8146847893195834E-017   1.8736669061117434E-017  -5.3206199250163692E-017  -4.7588645360254728E-017  -6.6646433233418124E-016   2.4407977359379152E-017   2.7885080862554307E-017  -1.6732372942708449E-015   2.1935243165955629E-017  -1.7967933090456747E-015  -1.5579634833461525E-017   3.2740913799945285E-017   5.8677389557710408E-019   8.0744918457063574E-017   9.4660854068555567E-002   1.5018304674288243E-015   3.2372314885816154E-017   4.3909599777545539E-016   9.3194315442621920E-017   4.0773331007615959E-017   3.4624130193404751E-016  -1.0322678971142332E-017   4.0825811114950050E-016  -1.7301226015448139E-016  -3.2112229235863449E-017  -5.8804528493664218E-018  -1.0313980537078693E-016  -1.4847561045842941E-018  -1.1068397051877807E-016  -3.2552731324170134E-017  -4.1921185099272063E-018  -1.7622565455963903E-017   1.8420182437390354E-018  -1.2786017944821018E-016  -4.8399210161427624E-018  -9.2190903409182591E-017   6.8069620863346748E-018  -1.3319423695478355E-016  -1.0571985488769009E-015  -2.0492089321103470E-014   1.7620332188983862E-017   9.9324725833592158E-017   4.2599546018494648E-015  -2.9712536020066231E-017   4.7890004154224597E-015  -5.9828288336939209E-018   4.0439005219334539E-017  -3.4364783630578071E-017   8.4517094891110013E-017   1.2238871663008139E-014   1.6545483458856349E-017  -1.7446957878107991E-017   7.4061921613977250E-016   3.4373095431816449E-018   7.3547920822578508E-016   4.8852754279978989E-018  -4.1019093540221112E-018   1.0932812181324671E-017  -9.0399553380488505E-018  -2.8768358400304114E-015   2.8434386903676539E-018  -1.5434774251040818E-015   3.6374889399444061E-018  -2.7717432322761644E-015   2.2663841900110188E-017   3.9201567617186390E-018   8.9800596410877924E-018   5.1141435053940459E-018   2.5138754058265767E-017   1.1469939318986159E-017   6.8980196650513359E-002   1.0080806916244828E-015   1.5114666662433374E-016   3.4910280329194795E-017  -2.6864859571304108E-017   3.8964236475661303E-019   5.9148831419832544E-017  -5.6331866026730724E-018   4.3037909124123786E-017   3.7610266552616958E-016   3.9942505893639251E-018  -4.9238458223489816E-018  -5.0191708590861345E-018   9.6563655831655265E-018   1.1666707577253564E-018   3.2477748595933011E-018  -5.5739887089955651E-018  -2.0914651781684372E-018  -2.4164744860354432E-018  -1.0874839697748023E-017   5.7332614567396103E-018   2.0206954884242226E-018   3.7751103925496054E-018   3.8888763588541797E-018   1.0368468404869290E-018   4.5239653704882624E-015   1.6135995580296222E-017   1.0961879399242328E-017  -1.8163640202829965E-016  -1.0553349634475458E-018  -2.0344903153968154E-016   1.5167452996375596E-017   1.7928690753351793E-017   8.6215813137928710E-018   3.3153226847368290E-017   4.1680149109929281E-002   6.4443944300408614E-016   1.3488872021700488E-016   3.1328559093664059E-018   5.5993563567876495E-019   3.5349092418437738E-018  -2.0099020444067589E-018   1.4917120298906665E-019   4.8621341905725307E-018  -6.9683818277171351E-017  -1.7944743643541858E-015
   1.0400915182893703E-015   3.2557308814671941E-002  -1.2247733802943963E-015  -7.1743495513157589E-016   1.5426222456355626E-015   8.3824895574356975E-002  -1.4605176589940538E-015   7.3911465324517363E-016  -3.5030181365485277E-017   1.9040027962192598E-017   8.1411450548290229E-016   1.1412589014698759E-017   6.5322069589943195E-016  -8.7892721025280907E-015   3.2448574184311138E-016  -1.5832571114273536E-015  -1.2416988486008455E-016   1.6047033141742699E-016  -4.9559846239005225E-018   1.1966191631130885E-016  -9.9625978396575191E-017  -1.2740811072053688E-016  -1.6987047076432263E-015  -2.7779048116679335E-016  -6.7658979937962889E-016   9.4660854068557967E-002  -1.3519361652916465E-015   5.7114183667624221E-015  -3.4115336978489370E-017   4.2963281887529034E-017   5.4955143159811127E-015   2.8506758871210578E-017   5.8172461827666026E-015  -1.7482253923611235E-015   1.2999872234292958E-017  -2.9022691113649451E-017  -9.9665573244114337E-016  -8.5434485786535389E-018  -1.0380032085591703E-015   2.0089381879721142E-017  -9.3413490876265235E-018   1.2881204536550111E-017  -2.1993370659456934E-017  -1.6577389366307577E-015  -1.4666103173181478E-017  -1.0043961002071261E-015  -1.2337328866665642E-017  -1.7914438917608439E-015  -9.0508057713719159E-015   6.6454213852844926E-016   2.2981690581882040E-015  -2.2785752669308007E-016   5.4876697299501248E-016  -3.3343467152160697E-017   4.4902889675530823E-016  -3.1646384562138454E-014  -3.8752964751145310E-016   2.2473116598289149E-015  -3.2973304377402326E-016   3.3060278073171496E-016  -1.9675925219666646E-015   1.5861571104549957E-017   5.7687834186501541E-017   1.1194058305279974E-017   9.4997200695690172E-017   2.9986910504270045E-015   3.4633009591518032E-017  -1.0349303163102406E-015  -1.6794470343378289E-018  -2.2148370210997015E-018   1.2847146654039254E-017   9.1961963439461751E-018   1.2559969315210081E-017   3.4717143320802151E-017   1.9454865273514907E-014   8.8191187379693860E-017   2.8965483034024348E-015   4.5186706173322272E-017  -1.7892523015722976E-015  -8.4485265361305587E-017  -7.6966821122534471E-016   6.8980196650511763E-002  -1.2886155154303909E-015   8.7765072236405327E-016  -5.0048902168519654E-018   1.3059099115087684E-017   9.3526838447402857E-016   2.4622262097302318E-017   9.2239272354142941E-016   5.3967643616192472E-015   1.5727427646043960E-016   4.3477350094336558E-018  -7.5440160118443682E-018   9.5241706238653354E-017  -4.5076818391158742E-018   7.8331842811480579E-017   2.7246430186008486E-018  -4.8572463005449945E-018  -8.2981626687679590E-019  -9.8983802496414893E-018   1.7027955298438257E-016  -1.3111909866728266E-017   7.7207085129764953E-017  -1.2548637524820145E-017   1.1209499243056126E-016   8.4245928118638963E-016   2.8146555065071379E-016  -6.3635637275939239E-017   3.5366544773012060E-016   4.7682363786304491E-018   3.5108498510436390E-016   6.5521836799433661E-015  -4.0387868825243861E-017   2.7952221658227516E-016  -1.7301884660591635E-016   9.8945262670950739E-016   4.1680149109928899E-002  -1.0453017905783545E-015   1.0296657114507599E-016   1.7329409725215396E-018  -5.6708149553407186E-018   9.9791327336551199E-017  -7.1520954079999125E-018   9.0082647812309224E-017  -2.3750737324887487E-015   5.4758072567110437E-016
   1.5429466988745083E-016  -1.2247733802943963E-015   3.2557308814670775E-002   2.4486949186877960E-016   3.2821805502526351E-016  -3.0515260064362324E-016   8.3824895574356115E-002  -3.6464677209406205E-016  -2.1520138751376515E-017   3.0055170173659559E-017  -2.9739890321657799E-016   5.3247417705343549E-017  -3.0073799093366924E-016   4.1498164532360059E-015  -4.2820204228519523E-017  -3.8589694684968220E-017  -1.5038496193443330E-015   5.2927179294848392E-017  -9.5726605628966826E-019  -1.7207639653421662E-017  -1.0976033105649195E-016  -1.4838530747501899E-015  -6.6864387861025979E-017   1.4010031087128855E-016  -3.8202893876151739E-017  -1.8768704591402035E-015   9.4660854068555983E-002  -4.0858663752204623E-015  -3.0333626350909773E-017   5.9614867903592623E-017  -4.3014470968213949E-015  -6.4677768188575218E-017  -4.4167940890736254E-015   1.2341124874841325E-015   2.7675115321500889E-017  -3.3804683341295649E-017   7.5374380964579061E-016   8.1166121088247138E-018   8.0095664793919290E-016   2.5260518835355081E-017  -9.3309820730750316E-018   1.3097977727102968E-017  -1.6726948497168308E-017   1.3811075802633519E-015   1.6767720907241727E-017   8.1595952020199113E-016   1.0358782851160149E-017   1.4436853642650371E-015   7.8352365926877332E-015   5.4698319022507679E-016   1.5781719709168555E-016   1.8724982732280948E-015  -1.6115046014581710E-016   1.4684369906271172E-016   2.6467707528008085E-016   2.1898966717794620E-016   1.5778152330327290E-015   2.4686679130355205E-018  -3.1448124524122080E-014  -3.7229910074318085E-016  -8.0255696127756100E-017  -1.8946034131338263E-015  -3.4629344612920008E-017  -4.2607019844315198E-017  -1.5977667729776894E-016  -8.5472145329054081E-017  -9.1619881659484423E-016  -1.8456793200555890E-017   3.0359854518928444E-015   7.6130308092213410E-017  -4.1727340559633895E-017  -1.2717199714794998E-017  -4.6348229555759621E-017  -1.1454315979471108E-016  -1.2816756553688277E-016  -1.7083027521293471E-015  -2.8993611700083111E-017   3.1299232415467495E-015   9.5911475264257361E-018   1.8873281179403137E-014   5.4363886442734359E-016  -4.2826935012740175E-016   6.8980196650512401E-002  -8.1284366715447877E-016  -2.4478387425734739E-017  -8.1303071042942340E-017  -7.6457902195754726E-016  -8.3280250358134339E-018  -7.7281398928294220E-016  -4.7577600444270687E-015  -1.2699626951673629E-016   8.1058717564479322E-018   2.0666739943270165E-017  -6.4352503099121436E-017   4.6233240409484836E-018  -6.1418531504046233E-017   9.7277517224490699E-018   1.0174205041125009E-017   6.7858916526180826E-018   2.3546779280409928E-017  -1.1299279743042264E-016   1.2139604074044690E-017  -5.0964941122666526E-017   1.3707958591092737E-017  -7.3122157130988666E-017  -2.0186765137427529E-016  -7.4867861892438633E-017   2.4573113207555642E-017  -2.8352375872580863E-017  -1.9402889493231627E-017  -9.1779912466534130E-017  -1.5342438869816068E-016   1.4502322022554295E-016  -6.0004379345981371E-017   6.0433041666121243E-015   9.1628841776075236E-017  -5.9311483665347849E-016   4.1680149109927893E-002  -1.3922658372347450E-016   1.0012299303537874E-017   1.6212996827014921E-017  -1.5086909236659476E-016   1.5089022634116424E-018  -1.4576517411125765E-016   6.3420450600676303E-016  -3.4579074100592007E-015
  -3.1188901202560755E-016  -7.1743495513157589E-016   2.4486949186877960E-016   7.2850714298913460E-002  -1.1024709390183077E-015   7.3852638059538671E-016   5.0450680542388314E-016  -2.2746107025529951E-014   2.6032932875013879E-016  -1.9141412885501559E-016  -1.8814817351317079E-014   1.8613900521441926E-017  -2.2309954380310739E-014  0.20101357181060492        2.1422641095502853E-016  -1.2472255106996663E-016   7.3585069895851469E-017   1.5589739146193116E-016  -1.9868978541540442E-017   1.4312175268767139E-016  -5.1291588631942372E-016   1.1729041263727913E-016  -8.0097602308410878E-017   1.7631166257358317E-016  -1.9802269878032448E-015   5.2200446079185935E-017  -4.2299625161771761E-016  -5.2547506304334142E-013  -1.7504741736639364E-016   1.5639545784032297E-016  -5.4108378668876606E-013   8.6392807217668171E-017  -5.2414864391228620E-013   1.8654346340369026E-013  -4.0849691380141343E-018   4.5336424126101815E-017   1.0844377185709274E-013  -1.9680945831209731E-017   1.0868711382870627E-013  -2.9349846971935248E-017  -8.5765938198383850E-018  -1.9844980033233945E-017  -1.2014450856716251E-017   1.7894844341768549E-013  -4.4140462678414715E-017   1.1331538126319773E-013  -1.4820382688711868E-017   1.8258278613112833E-013  0.15253526980406382        1.9214689934551648E-015  -4.5447500565558202E-016   3.1047041623397155E-016   1.2235055663124954E-015   5.7472163275224673E-017   1.3206077043582281E-015  -5.7737032931600335E-016   2.0575188997660842E-016  -3.5211363972317081E-016   3.0387662196139608E-016  -4.9902817096838650E-016   9.3024561895514498E-017  -4.8317908915623241E-017  -2.9767180398303127E-016  -1.8125908594496646E-017  -3.9983124472250709E-016   5.0884231913890821E-017  -1.7318591279019344E-017   2.3643862906882057E-017  -5.0786987366878004E-017  -3.8048800355076111E-016  -2.4096375940206673E-017  -2.3890330163320131E-016  -1.8881232763810887E-017  -3.8705221059320348E-016   2.2217253035588858E-017  -3.9237111555345543E-017  -2.1760404145073294E-017   3.9472263690367856E-017   1.8895334431613852E-017   8.7896867203507053E-017  -2.1344113386153255E-015   1.5517305236320379E-016   9.1627301315920042E-017  -6.4690928969048093E-014   1.4537275541764067E-017  -8.6969586116298713E-017  -7.7782414208030678E-014  -1.9937857145540221E-017  -7.6872922029830563E-014   9.4103099260420941E-003  -1.2317743246851084E-014   1.9798930304829158E-017   4.9268538903354471E-018  -4.2387193573929816E-015  -1.1959075005778194E-018  -5.0873833262186754E-015   2.6533531795066751E-017   7.5900929383703062E-018   1.2962452550214560E-017   2.3555674036620753E-018  -1.6275110115403968E-015   1.7335794350743406E-018  -2.9919783409545111E-015  -5.0157700766657259E-018  -4.7790838035952656E-015   6.5462083399367462E-016  -5.6399360046600547E-017   6.0596989924280965E-017   2.4993000632057110E-016  -1.0091984104021795E-017   2.2365899093235352E-016  -2.2056142529944356E-016   7.7351806745450240E-017  -6.9913762402211680E-017   1.9956171625807285E-016   2.3908089257206325E-016  -4.1142308457084820E-016   3.3318816298937078E-016   6.9816832296823388E-015  -2.3001978158517842E-017   3.1717241939825931E-017   9.5316201430643665E-015   1.0449603757098438E-017   1.1641289422086731E-014  0.13531981009661284       -7.4152333388366004E-005
   8.3824895574358224E-002   1.5426222456355626E-015   3.2821805502526351E-016  -1.1024709390183077E-015  0.21582290962837489        7.4954952480833491E-016   1.5900584033160109E-016   7.4520992057757940E-017   1.2532947943588766E-016  -1.2606192002938802E-016   2.0120371132009874E-016   4.8241067356021275E-017  -1.3698933537314366E-016  -9.3796730405251793E-016  -1.7159373761498087E-015   6.2842913859366142E-017   7.1795368735544492E-017  -4.3080631222248688E-015   5.6476396075949406E-017  -4.6261812472529642E-015  -4.0112690838041122E-017   8.4297621032273903E-017   1.5107594059572432E-018   2.0789293108812816E-016  0.24372211635933275        5.6587648075021686E-016  -1.1739371990989960E-016   1.1305349705069038E-015   2.3994623771181021E-016   1.0497858509704618E-016   8.9146314713186536E-016  -2.6577672366264788E-017   1.0511370497243772E-015  -4.4545250109804992E-016  -8.2678954752645919E-017  -1.5140328361722059E-017  -2.6555276616887852E-016  -3.8227829618420746E-018  -2.8497663376575475E-016  -8.3813109966850161E-017  -1.0793395066229743E-017  -4.5372598746025280E-017   4.7426213206539677E-018  -3.2920000394869336E-016  -1.2461284072208383E-017  -2.3736276530582118E-016   1.7525800099562104E-017  -3.4293353505901876E-016  -3.3414961217054264E-015  -5.2760725931616749E-014   4.5366848781394327E-017   2.5573012862784843E-016   1.0968051803182610E-014  -7.6500494660325438E-017   1.2330179438769699E-014  -1.5403914526298036E-017   1.0411780067381100E-016  -8.8478578363727757E-017   2.1760510654692734E-016   3.1511269710268405E-014   4.2599449207026423E-017  -4.4920464112911855E-017   1.9068630274902290E-015   8.8499978654289571E-018   1.8936291134374998E-015   1.2578057508734856E-017  -1.0561134681421873E-017   2.8148574707186070E-017  -2.3275059880487004E-017  -7.4069532358413127E-015   7.3209660125443824E-018  -3.9739720109305354E-015   9.3653972531762988E-018  -7.1363726138131548E-015   5.8352310118217332E-017   1.0093178556520442E-017   2.3120847178963978E-017   1.3167321283586178E-017   6.4724435480858075E-017   2.9531509226701757E-017  0.17760244907964207        1.9012147740549585E-016   2.4287311913380999E-016   8.9883061885772422E-017  -6.9168617744282354E-017   1.0032073204581977E-018   1.5228975605137313E-016  -1.4503695050716791E-017   1.1080916603295340E-016   1.3833416375515667E-015   1.0283947007423427E-017  -1.2677364220493582E-017  -1.2922796399657369E-017   2.4862123624679346E-017   3.0038125998883976E-018   8.3620052874960749E-018  -1.4351278974682999E-017  -5.3848692210814860E-018  -6.2216666187939135E-018  -2.7999313679171574E-017   1.4761356525169676E-017   5.2026593865284176E-018   9.7197294849705475E-018   1.0012641294714901E-017   2.6695565848680132E-018   1.1647797025296326E-014   4.1545145890460419E-017   2.8223413709371255E-017  -4.6765697125627080E-016  -2.7171577236478907E-018  -5.2381767549020854E-016   3.9051451420020145E-017   4.6160775718276624E-017   2.2197877515861030E-017   8.5359198275657412E-017  0.10731335831691942        2.0582415106137922E-016   2.5890788661358312E-016   8.0661249041779987E-018   1.4416592740019650E-018   9.1012865881821914E-018  -5.1748696416112017E-018   3.8406922956846050E-019   1.2518476054102319E-017  -7.3517755950284457E-016   2.4333383419707979E-015
   1.4264108966402833E-015   8.3824895574356975E-002  -3.0515260064362324E-016   7.3852638059538671E-016   7.4954952480833491E-016  0.21582290962836922        3.5729927832737980E-015   1.9029892482332308E-015  -9.0191769584747114E-017   4.9022121722303713E-017   2.0960904292218365E-015   2.9383850115991075E-017   1.6818391511548867E-015  -1.5498995840363313E-014   8.3544937882303798E-016  -4.0763922714935128E-015  -3.1969864865458860E-016   4.1316095413232619E-016  -1.2760111590655381E-017   3.0809203844591120E-016  -2.5650575983182706E-016  -3.2803606825347933E-016  -4.3736337527287457E-015  -7.1522367551652615E-016  -5.3807611247321361E-015  0.24372211635933616        4.8005333462501222E-015   1.4705117394684671E-014  -8.7836331190178652E-017   1.1061702422195274E-016   1.4149231937018069E-014   7.3395995324578669E-017   1.4977590948193410E-014  -4.5011340399506543E-015   3.3470608357796779E-017  -7.4724359612676002E-017  -2.5660770418990125E-015  -2.1996710140482625E-017  -2.6725338712268161E-015   5.1723880121879888E-017  -2.4051054595797945E-017   3.3165076121454842E-017  -5.6626056206045425E-017  -4.2681596947533867E-015  -3.7760632304494241E-017  -2.5860060699208961E-015  -3.1764766240405580E-017  -4.6124081695075109E-015  -1.7891775749282380E-014   1.7109883278139297E-015   5.9170671142213575E-015  -5.8666192250710971E-016   1.4129034579549958E-015  -8.5849007607679796E-017   1.1561090812093302E-015  -8.1479550300906186E-014  -9.9776773379902263E-016   5.7861252071086277E-015  -8.4895954144114699E-016   8.5119884229871821E-016  -5.0659358433340279E-015   4.0838588626818879E-017   1.4852814475911430E-016   2.8821201833191455E-017   2.4458810381102312E-016   7.7206923211209863E-015   8.9169176388553535E-017  -2.6646221340121019E-015  -4.3240512620009004E-018  -5.7025131610673101E-018   3.3077387717557270E-017   2.3677331643171129E-017   3.2337995817086184E-017   8.9385794448629493E-017   5.0090198156386014E-014   2.2706474649848726E-016   7.4577066685981990E-015   1.1634164690632745E-016  -4.6067655096813622E-015  -2.1752315545313024E-016  -4.6332470245624345E-015  0.17760244907963599        2.7169077454802982E-015   2.2596763317155168E-015  -1.2886028208805848E-017   3.3623099066581068E-017   2.4080238053068903E-015   6.3394630092419379E-017   2.3748730022331876E-015   1.4063058746534456E-014   4.0493211143030789E-016   1.1194058920084251E-017  -1.9423483617880304E-017   2.4521762917258544E-016  -1.1605872020847587E-017   2.0168001542112245E-016   7.0151042830903811E-018  -1.2505891265146266E-017  -2.1365175577863124E-018  -2.5485235757798672E-017   4.3841663414541189E-016  -3.3759070247954131E-017   1.9878411589360097E-016  -3.2308819998182715E-017   2.8860957422437894E-016   2.1690693685120179E-015   7.2468583092599235E-016  -1.6384187894115058E-016   9.1057800240774159E-016   1.2276718533085985E-017   9.0393411757779285E-016   1.6869825324989540E-014  -1.0398614043986193E-016   7.1968235301938204E-016  -4.4546945915208193E-016   9.4535050069151762E-016  0.10731335831691723        9.5503671567337407E-016   2.6510674217663164E-016   4.4617814354683555E-018  -1.4600576299432977E-017   2.5693148167876601E-016  -1.8414410543762202E-017   2.3193466600476001E-016  -1.3123262897468351E-015  -1.1723808684019989E-015
   1.3080008602892384E-016  -1.4605176589940538E-015   8.3824895574356115E-002   5.0450680542388314E-016   1.5900584033160109E-016   3.5729927832737980E-015  0.21582290962837250       -9.3885148082500552E-016  -5.5407631934474508E-017   7.7382670527787351E-017  -7.6570923438365145E-016   1.3709546001366877E-016  -7.7430634174273329E-016   1.0363752658408958E-014  -1.1024864396377416E-016  -9.9356403983809395E-017  -3.8719427953538268E-015   1.3627094618575171E-016  -2.4646609356468777E-018  -4.4304294474696682E-017  -2.8259855080134632E-016  -3.8204579422293187E-015  -1.7215490266723321E-016   3.6071451714791863E-016  -8.7309788087333550E-016   8.9750694566057812E-017  0.24372211635933727       -1.0519829024675990E-014  -7.8099608162627912E-017   1.5348965435513505E-016  -1.1074882010748877E-014  -1.6652504036041842E-016  -1.1371864468217118E-014   3.1774539775177451E-015   7.1254773084548448E-017  -8.7036495158089520E-017   1.9406547541474974E-015   2.0897739623158996E-017   2.0622130580675108E-015   6.5037941728567109E-017  -2.4024362773170462E-017   3.3723199342408883E-017  -4.3066664970196292E-017   3.5559204033608815E-015   4.3171641184182094E-017   2.1008407655326522E-015   2.6670628574333395E-017   3.7170386407151912E-015   1.9928029724374469E-014   1.4083107747801911E-015   4.0632996238591217E-016   4.8210978711415296E-015  -4.1491207305797477E-016   3.7807663433585957E-016   6.8146075348463813E-016   5.6382995558678929E-016   4.0623811352920349E-015   6.3560483822529381E-018  -8.0969092662106085E-014  -9.5855383563399831E-016  -2.0663333647922302E-016  -4.8780116982272594E-015  -8.9159740214073493E-017  -1.0969976079763664E-016  -4.1137501155092988E-016  -2.2006406295751157E-016  -2.3589256275323416E-015  -4.7520474480336302E-017   7.8167137498632810E-015   1.9601175153024294E-016  -1.0743486155191028E-016  -3.2742814959253684E-017  -1.1933220662320374E-016  -2.9491284009998810E-016  -3.2999142706398213E-016  -4.3983457177547861E-015  -7.4649489210328302E-017   8.0585742013228412E-015   2.4694207510035982E-017   4.8592800867374955E-014   8.3514142561882168E-016   2.4841218752793616E-015  0.17760244907964215       -2.0928184176856149E-015  -6.3024197776041161E-017  -2.0932999956610290E-016  -1.9685520396932771E-015  -2.1442061840602394E-017  -1.9897545070114135E-015  -1.1142543677451534E-014  -3.2697570585966558E-016   2.0870086572300399E-017   5.3210396702883513E-017  -1.6568758440503766E-016   1.1903614550727916E-017  -1.5813352445570885E-016   2.5045920624126897E-017   2.6195398396690425E-017   1.7471550317553143E-017   6.0625597942640617E-017  -2.9092114152220478E-016   3.1255686691225326E-017  -1.3121879611977783E-016   3.5293709439466176E-017  -1.8826670289505617E-016  -5.1974611576808943E-016  -1.9276134709821483E-016   6.3268087061048816E-017  -7.2998507349967827E-017  -4.9956376765331344E-017  -2.3630459206944645E-016  -3.9501985358742014E-016   3.7338947025575747E-016  -1.5449252459140938E-016   1.5559619610268906E-014  -1.0520955452986729E-016   6.4016843912255504E-016  0.10731335831691736       -3.5846494279514398E-016   2.5778541720262802E-017   4.1743400036774649E-017  -3.8844076410123841E-016   3.8849517748039391E-018  -3.7529976964100804E-016   1.4000830729047051E-015   8.5635673275541779E-015
   2.8943703836228032E-017   7.3911465324517363E-016  -3.6464677209406205E-016  -2.2746107025529951E-014   7.4520992057757940E-017   1.9029892482332308E-015  -9.3885148082500552E-016   9.9751067364282513E-027  -2.7904787866838096E-029  -6.9792005040651083E-030   8.2380783751566577E-027   1.8581029136874231E-029   9.7940540785030680E-027  -6.2873419191634241E-014  -9.1632920406610652E-029  -4.2026973767601484E-029  -5.4555065367985729E-030  -8.5675980391928183E-029  -1.4471144834829081E-030  -9.6136853485700798E-030   2.2671082318699317E-028  -9.4559288351515031E-029  -2.2422186774038634E-030  -6.0815378467952662E-030   8.4154244463012666E-017   2.1489867215079396E-015  -1.0602158512622824E-015   2.0550180029909044E-025  -9.3649627038190268E-029   1.8965506601014222E-029   2.1522795047298819E-025  -2.8912334517532574E-029   2.0658925536423358E-025  -7.0564976800800608E-026   2.2929210826510425E-029   9.0806671113224328E-030  -4.2939446119959270E-026   6.3534882015405412E-030  -4.2783110086090926E-026   3.7008506808708491E-029   1.1917397317692614E-029   2.7660382723486081E-029  -1.6718613213328910E-029  -6.7973294815194149E-026  -8.9251544645257983E-031  -4.4369006486352161E-026  -1.6786289375471783E-030  -6.9648797814756196E-026  -4.7702497655171625E-014  -3.6177395056115481E-030   2.3398887880460075E-028  -1.0975147130866976E-028  -2.4957891881668356E-028  -2.1245861363496787E-029  -3.2723442393194693E-028  -5.9244038883554950E-028  -2.3419773664773702E-029   1.3569616127910554E-028   2.4899828027396144E-028  -2.3385596927062754E-028  -6.1538077638343219E-029   2.2613211517907539E-029  -4.2504746493312967E-029   6.0529634363851337E-032   3.9478108745389407E-029   2.5205003205289770E-029   2.7392433650563494E-029  -1.1423930117278672E-029  -2.0872636539770979E-029   5.0980426378347290E-029   1.5920981485442964E-029   1.7853776367161479E-029  -2.0958020780021544E-030   3.2999862610301818E-029   4.6938945754134180E-028   1.4566241898212853E-029   8.5453965068017854E-029  -6.3311146359867278E-029  -4.1411155582143426E-029  -2.5491530567610842E-028   6.1323937853504716E-017   1.5659855185921302E-015  -7.7258861259753866E-016   3.6202324782396403E-026   7.3383798256355440E-029  -4.2797246652292091E-029   3.8992856031416124E-026   2.2164681638734928E-029   3.8709417436053068E-026  -7.5948898903974698E-015   3.3217230265383461E-027   4.0191537933534032E-030   6.4560331799888099E-030   1.2952106199737810E-027   6.7853899952891014E-030   1.6224985846000446E-027   8.1363012428928964E-030  -2.4150106037529882E-030  -8.3248997955106371E-030   1.6630127737766011E-029  -2.2848539999709858E-029  -3.1549169564358764E-030   1.0001615289462785E-027  -3.5743568750298497E-030   1.2269949066042971E-027  -3.8926591019266385E-028   2.6759851315087009E-029  -1.7363961001257492E-029  -1.2516206915437908E-028   7.6793445837394346E-030  -1.0693068552745134E-028   2.2341469601987719E-028  -4.1250627126792145E-029   5.0540916269424234E-029  -1.3147416927556715E-028   3.7053980675927970E-017   9.4622098933153864E-016  -4.6682396016989839E-016   3.6769680913580781E-028  -1.9092700246409151E-029   2.4005763695234524E-029  -8.9539903776901718E-029  -5.6559681120967792E-030  -7.5501646296186469E-028  -4.2255606720961637E-014  -7.2374252596530713E-014
   4.8677550238722031E-017  -3.5030181365485277E-017  -2.1520138751376515E-017   2.6032932875013879E-016   1.2532947943588766E-016  -9.0191769584747114E-017  -5.5407631934474508E-017  -2.7904787866838096E-029   2.0731163551472389E-030  -2.0595866464428173E-030  -2.3554305575219089E-029   5.1397868168040838E-031  -2.7214929436105525E-029   7.1621455713822999E-016  -1.1563212420603752E-030   4.6054739006894065E-031   1.4978528877141491E-030  -2.8808544625800140E-030  -1.7523533527405702E-031  -1.6545166535890595E-030  -3.9904818725265102E-031   2.3143615456380270E-031   1.7861588694581872E-030   2.0296720849264792E-030   1.4153069302478146E-016  -1.0185076736866576E-016  -6.2570119830096361E-017  -1.1010556527705430E-027  -3.2247764766910922E-030   1.8086244361620171E-030  -1.0648646174365063E-027   2.4301152683412987E-031  -1.0680013348715219E-027   4.3564535930592836E-028   3.1504577315680129E-031   6.5119159121932179E-031   2.1697237398242101E-028  -5.9374960123161039E-032   2.2226103894251880E-028   3.3149500712617829E-031   1.5597259204977222E-031   2.8329639186162631E-031  -3.8634400018896401E-031   4.1253153276030777E-028  -4.2760582736156761E-031   2.3610947467747575E-028  -1.4812823489593424E-031   4.1546714410498335E-028   5.4363264656569389E-016  -1.3407193346854401E-029  -3.3874989721357704E-030   5.1562547990370360E-031   1.2418560630460676E-029   8.3263482014777774E-032   1.2612023741781340E-029   3.0854113402326969E-029   1.4404406409971099E-030  -4.2054761450227103E-030   2.2336327524682950E-029   8.6175349181821932E-030   2.7400154285801991E-030   7.7128749581195765E-031  -2.5991465872440446E-030  -1.6317260013258076E-031  -2.0254196704212397E-030  -3.5088059240456518E-030   7.0702914593807908E-031   1.5900265010887820E-030  -2.2505955944028668E-030  -6.9248127701753439E-030   7.6170575688066302E-032  -4.2156125145371359E-030  -2.1114651705549585E-031  -7.1412391669860452E-030  -2.0107153047555864E-029   5.4429099559364677E-031  -2.9242371599520936E-030  -2.2892386455627131E-030   2.1220382216685516E-030  -1.2320860351254154E-029   1.0313466039364372E-016  -7.4219549688494170E-017  -4.5595396458192418E-017   7.0296262802662260E-029   1.5030002213526040E-030  -1.6149561637993234E-030  -1.0633307053768315E-030   1.8826746450671761E-031   2.1960026889243645E-030  -5.4354406766128437E-017  -5.4095325914088195E-029   2.4601815251473809E-031   1.6329265937973084E-031  -1.5780602862775518E-029   1.2330218159751464E-031  -1.7621353698847518E-029   3.8835211301629840E-031   2.5915167523067265E-032  -3.9872005819732542E-032   3.2475256870763289E-031  -1.6045395575133291E-029  -2.5922315096890822E-032  -9.5328501846061533E-030  -9.6571329883473931E-032  -2.2222240818121945E-029   4.3572065948691553E-030  -3.9473053759059517E-031   3.4686905402859034E-031  -7.8527406669137436E-031   4.9476424108633334E-032  -6.8953298221881518E-031  -7.6370374195847472E-030  -2.4536837820324902E-032  -8.8302342946242643E-032  -3.0000183966725219E-030   6.2317421989797162E-017  -4.4845941996385474E-017  -2.7550268270933847E-017   7.2993805598701278E-029  -5.8489558180555429E-031   7.6047096932317583E-031   8.8511853740114076E-029   2.4288912647651764E-033   9.5945121018620245E-029   4.8346897394640638E-016  -1.3681068783277946E-015
  -4.8962027713196054E-017   1.9040027962192598E-017   3.0055170173659559E-017  -1.9141412885501559E-016  -1.2606192002938802E-016   4.9022121722303713E-017   7.7382670527787351E-017  -6.9792005040651083E-030  -2.0595866464428173E-030   2.1797572122143581E-030  -5.3198564293673833E-030  -6.0002160574001637E-031  -7.0061302072008445E-030  -5.2555705885276426E-016   1.3390165150074661E-030   3.9455708011865200E-031  -1.7774488775349439E-030   3.1525299492534340E-030   1.9268260451265788E-031   1.5895380283016649E-030  -3.7183697222084942E-031  -1.2273857272263680E-031  -1.0929691674303931E-030  -1.9473514664735839E-030  -1.4235781546448370E-016   5.5359161245471893E-017   8.7385849180894226E-017   4.1337600291250030E-028   3.7367377904097553E-030  -1.9717660492793799E-030   3.4049734878469339E-028  -1.7721597752525460E-031   3.7466997306613478E-028  -2.0248085389833245E-028  -4.1595011555378436E-031  -7.0930794620992470E-031  -7.2747460038459127E-029   4.4855200398295849E-032  -7.8831194956679799E-029  -4.8757841153060738E-031  -2.0422487622406670E-031  -4.0135631332222364E-031   4.7261187682847649E-031  -1.8755298198616163E-028   4.6152446991411556E-031  -8.7674086389941625E-029   1.6959663866791419E-031  -1.8453819020401021E-028  -3.9899110622337160E-016   1.2480367964741857E-029   1.6815065451425150E-030   3.2006531290202836E-031  -1.2127791982577191E-029   3.0187807868539127E-032  -1.1888879139840041E-029  -1.5565559363087701E-029  -9.4656187630051518E-031   2.8836518898518968E-030  -3.0127679392988414E-029  -7.5909922057278675E-030  -1.7578036016919873E-030  -1.2577840869842254E-030   2.8973016353706787E-030   1.5798989090877899E-031   1.9593385659203014E-030   2.1881856322219306E-030  -1.0300845666479514E-030  -1.1513566526501298E-030   3.0114810987536413E-030   6.9023180808368617E-030  -1.5079506819443239E-031   4.2474035942968850E-030   2.1475248779993809E-031   7.1480205177089586E-030   1.0389055888444839E-029  -9.8740879908808288E-031   1.4164816312926560E-030   3.2016228872487255E-030  -1.2465995437469902E-030   1.7457282187997607E-029  -1.0373739178780013E-016   4.0340707536349325E-017   6.3678836624541118E-017  -2.0443166112057467E-028  -1.8449955656677374E-030   1.8269859873161509E-030  -1.3959896205219427E-028  -2.9056073082952980E-031  -1.4199700428787416E-028   8.4330455035359949E-017   4.4727481397592642E-029  -2.7340479674875943E-031  -1.8748644978893170E-031   1.1848023546081290E-029  -1.5072815727945704E-031   1.2611187529526397E-029  -4.3653977372285580E-031  -1.4482785633866741E-032   7.3261492587534703E-032  -3.9223756340035556E-031   1.6818822987123615E-029   4.7040629651038486E-032   6.3631309182487092E-030   1.2284399982309662E-031   1.8842375980117457E-029  -3.2925243007971891E-030   1.7473836841887872E-031  -2.6672729473363547E-031   1.0924723407589780E-030  -8.5466407414415093E-032   9.1418602789988386E-031   4.1515891272479112E-030   2.2136245169249255E-031  -2.2906676625537056E-031   4.8468151790337692E-030  -6.2681612519854651E-017   2.4375208928929749E-017   3.8476889520979824E-017  -7.7987876853043282E-029   6.8348408815956026E-031  -8.7830792892712423E-031  -9.2628769938467003E-029   2.1383399870789286E-032  -9.8030850306323598E-029  -3.5543747875558141E-016   1.6956730707666947E-015
   7.8146847893195834E-017   8.1411450548290229E-016  -2.9739890321657799E-016  -1.8814817351317079E-014   2.0120371132009874E-016   2.0960904292218365E-015  -7.6570923438365145E-016   8.2380783751566577E-027  -2.3554305575219089E-029  -5.3198564293673833E-030   6.8049747380614248E-027   1.5326288633978935E-029   8.0879143004763088E-027  -5.2006099205134897E-014  -7.4692744358170519E-029  -4.4306441825957395E-029  -5.4559835571228617E-030  -7.2410011293840826E-029  -1.1447704714890686E-030  -1.0409031620313085E-029   1.8644983896807303E-028  -7.8705341959304461E-029  -1.2505885940064960E-029  -6.9580110362941483E-030   2.2721310924211054E-016   2.3670498946115271E-015  -8.6469168375606087E-016   1.6976539735526365E-025  -7.6612137652357290E-029   1.5614590905187494E-029   1.7777905743473127E-025  -2.3743009173575433E-029   1.7065624063294500E-025  -5.8304306779673002E-026   1.8863476766799969E-029   7.1711786431725949E-030  -3.5468515803876428E-026   5.1977187183733579E-030  -3.5340906344102521E-026   3.0515458073707060E-029   9.7336124341698498E-030   2.2800677224363803E-029  -1.3840748183624211E-029  -5.6161253107241797E-026  -7.4816486450624577E-031  -3.6651592016127852E-026  -1.4161531769009269E-030  -5.7544692856629289E-026  -3.9457434817743840E-014  -3.6637674375802184E-029   2.0765182429906323E-028  -9.1875040208418699E-029  -1.9666017177375299E-028  -1.7806529515454152E-029  -2.6032763129443026E-028  -6.8677968843360527E-028  -2.1928229291702358E-029   1.2633658931655645E-028   1.9997542455262317E-028  -1.6850698161234833E-028  -6.3207348606612064E-029   1.8615386336609965E-029  -3.2720393523498834E-029   1.5904925085236468E-031   3.5005417364132490E-029   3.9691911224031322E-029   2.2680546977350132E-029  -1.5997188356221534E-029  -1.6880163262475451E-029   3.7772773375259544E-029   1.3201508927145663E-029   1.2597680016232246E-029  -1.6010309175440197E-030   2.3422588398943362E-029   5.0923041895734181E-028   1.2498901075299126E-029   8.8655917029561985E-029  -5.1568151569611777E-029  -4.5385048175926274E-029  -2.0882789404540660E-028   1.6557219044068208E-016   1.7248900701191161E-015  -6.3010843261997656E-016   2.9852197553599846E-026   6.0141581792419795E-029  -3.4889952065663914E-029   3.2168844731596000E-026   1.8382393912522340E-029   3.1934281152104360E-026  -6.2535049131265400E-015   2.7518530366628167E-027   3.2815165352225681E-030   5.2357205301028123E-030   1.0721477321858836E-027   5.5466103151521170E-030   1.3423666930658948E-027   6.6373817673076894E-030  -2.0311415236756856E-030  -6.8685923051430259E-030   1.3568969032351820E-029  -1.4536121483532725E-029  -2.6728911378035899E-030   8.2738780270767761E-028  -2.9974443989626438E-030   1.0172763152079462E-027  -3.0793808551486697E-028   2.3892997834869516E-029  -1.4757878581838829E-029  -1.0129229309609567E-028   6.3515765783054353E-030  -8.6330498530120219E-029   2.2558369519980509E-028  -3.4234048736598765E-029   4.3419172520745540E-029  -1.0900400460915268E-028   1.0004427243029338E-016   1.0422364506304322E-015  -3.8073265520072639E-016   2.8907949789025636E-028  -1.5618142216714912E-029   1.9618314882888325E-029  -9.1252192577017465E-029  -4.7088591227812295E-030  -6.4172031382333945E-028  -3.4952391765498522E-014  -5.9418840732305379E-014
   1.8736669061117434E-017   1.1412589014698759E-017   5.3247417705343549E-017   1.8613900521441926E-017   4.8241067356021275E-017   2.9383850115991075E-017   1.3709546001366877E-016   1.8581029136874231E-029   5.1397868168040838E-031  -6.0002160574001637E-031   1.5326288633978935E-029   3.2075858461807890E-031   1.8354527048948614E-029   5.0397401105985488E-017  -5.6235781054278030E-031  -1.0299928404162745E-030  -2.4381482727814078E-030  -1.1144325409156218E-030  -6.1334102697683625E-032  -6.9115140740693616E-031   2.3135882497795065E-031  -3.0438906686689869E-030  -6.3341696193882909E-031   7.1518207129170481E-031   5.4477140780316663E-017   3.3182270359464047E-017   1.5481764987472376E-016   2.1878996392908116E-028  -1.3346171445364396E-030   7.6043922207200277E-031   2.5638884068380889E-028  -1.0825087584193612E-031   2.3156512368915454E-028  -5.7320061706632455E-029   2.1829316886225220E-031   1.4654366048907497E-031  -4.9873990500916689E-029   8.6832400347425424E-033  -4.7727741327574304E-029   2.6213650191407983E-031   5.7882182951113331E-032   1.9557727709293754E-031  -2.1175132089988466E-031  -5.7057626600480515E-029  -1.1438035369172248E-031  -4.7723648735057238E-029  -3.8511643378524402E-032  -6.0729653037493754E-029   3.8310533529665402E-017  -4.9275589357499203E-030   1.3187592642876755E-030   3.2338305532719554E-030   3.6841162695099245E-030   2.1849235068323589E-031   4.3215765842713749E-030  -1.1335077988058080E-029   3.1032571699229211E-030   4.6367780647283073E-031  -5.1430760147829888E-029   2.8511787408483013E-030  -6.9010771351050117E-031  -3.2370759940335543E-030  -8.8025415311420513E-031  -1.2328854823900256E-031  -6.8638453964535500E-031   6.8504433811103410E-031  -1.3982879441350398E-030  -2.1395547615701619E-031   4.9233583818703744E-030  -2.1867391050783692E-030  -2.1000759902363549E-033  -1.4496595634005308E-030  -1.5036679992961015E-031  -2.6269673228427329E-030   6.9165082123896156E-030  -2.9338801950556563E-030   1.0764525016820321E-030   5.0008865832433875E-030  -5.4722376694217697E-031   3.0743795744030158E-029   3.9697971468359520E-017   2.4180212160862615E-017   1.1281698267368183E-016   1.2088578712494853E-028   6.2045290833029484E-031  -7.6695785042925307E-031   1.0640894388473379E-028   1.1917626244339197E-031   1.0662053318286916E-028  -3.7944346101975841E-017  -7.8831333535627452E-030   1.0536316369690219E-031   1.0232249775272560E-031  -1.4190777219608932E-030   6.3231102059206172E-032  -1.0971774256763191E-030   1.6316806806919688E-031   1.7240517515456746E-032  -2.3495092264147022E-032   1.8416686612070966E-031  -5.1831165589747569E-030  -2.0406457508211275E-033  -2.6706677104536396E-031  -2.1794161350311840E-032  -3.6275790483790747E-030   9.1393311060808963E-031  -1.2376977650700508E-032   6.7975429189745109E-032  -4.4232438113388370E-031   3.1757329257716478E-033  -4.8481389062736419E-031   2.0335038310913842E-030   1.2683192112368965E-031   1.7484902271438284E-031   9.9141926552014937E-030   2.3986846232782507E-017   1.4610495436548478E-017   6.8167805954441263E-017   2.3634126888631689E-029  -2.1560554469338530E-031   3.3113579926694307E-031   2.7198758101741017E-029  -1.6468401635063946E-032   2.7690328799612245E-029   3.4533324681901870E-017  -6.2731585260232824E-016
