   4.6403964833915581E-002   8.2399938457134520E-008  -1.4490565983207978E-008  -1.0232282723975844E-007   8.3912887342901116E-002   9.1897330392734686E-008  -1.6160741396609835E-008  -2.2261506602137743E-010  -2.1153370710995022E-008   3.7199578504732658E-009   1.2614722366187661E-008  -5.2399755689261759E-009  -1.2392106599691654E-008   7.8239347448958000E-008   7.8538967683083461E-011  -2.4074388782529812E-010   4.2336324624222579E-011  -5.4946734982967295E-011   9.3969710755616107E-013  -5.0462612776728503E-011   2.0782662636970799E-010  -6.7141749118199465E-011  -3.8085206541088888E-011   1.8488657949876448E-011   8.9014498700132047E-002   5.5148945935854588E-008  -9.6983004306698901E-009  -9.4550556816277351E-009   6.5730176262903047E-009  -1.1559079460825292E-009   8.0036948520213626E-009  -1.3729855209893778E-009   1.4513721347047009E-009   2.2842639614511190E-010   1.6744805813749102E-010  -2.9446820325840194E-011  -5.3295228999776369E-010   1.3927062411627706E-010   1.3169135787926922E-010  -7.9297629221242953E-012  -8.0971436243409832E-011  -2.1401612152599196E-010   8.9799364473257517E-011   2.7395441802344258E-010  -5.0781790981730325E-011   5.1715185968297214E-011  -5.3024424264090286E-011  -1.0441100637717934E-010   8.2936173229319613E-009   2.1346250975118197E-011   3.9624259523891974E-010  -6.9681995720048270E-011  -1.9330968046820098E-010   7.4974919645723853E-011   1.6450038421284191E-010  -2.2134200690355535E-010   1.7292778616222886E-011  -9.9282689707751668E-011   3.9048495357795986E-011   7.2645350474268094E-013  -7.3446780612561589E-013   1.2918507640749240E-013  -1.5907507731488311E-012   3.4943640514706539E-013   7.5204980101099919E-014   1.5283015315076802E-012  -6.7976087316848513E-013  -7.5993880817767849E-013   3.3750700489608909E-013   8.6899955857430389E-013   1.0370508398951316E-013   6.5125735312609999E-013  -4.5314080327537177E-013  -4.0709524082205446E-013  -7.4443492905355417E-013   2.9580803588046100E-013   9.6593989325698785E-014   1.1933831703816009E-013   3.5888418080878146E-013  -2.0953654578131520E-013   6.0598300657997380E-002   3.6366688751627415E-008  -6.3953178489018184E-009  -2.2558886262848486E-009   1.5497289716952846E-010  -2.7252968101490748E-011   2.7337985950160790E-009  -6.7298592425330232E-010  -4.7790419067155602E-010   5.2726593457465504E-011   3.9194630616187899E-011  -6.8926312897884717E-012  -1.2312217364229535E-010   3.2190194515931479E-011   3.0499656155377386E-011  -2.4702167962644751E-012  -1.8478872857740385E-011  -4.9271010230576030E-011   2.0665973307197318E-011   6.3465895800179231E-011  -1.1954982246502538E-011   1.1635223155092468E-011  -1.2038164354026797E-011  -2.3987288745522503E-011   7.4220434359733486E-009   2.4248672451955240E-011   4.0723398563450835E-010  -7.1614804284983618E-011  -2.0281710392495868E-010   7.8185923190363594E-011   1.7031049791527535E-010  -2.2569600716469844E-010   1.6394318614984328E-011  -1.0443096465568616E-010   4.1158636294988456E-011   3.4799928985683549E-002   2.0984686121060809E-008  -3.6902934631725253E-009  -6.2731780868196682E-010   5.0535051829276959E-010  -8.8869184486111163E-011   4.9063886943937318E-010  -7.4169641511974270E-011   1.3667779046414646E-010   1.8898586172833099E-008   4.1535134585171354E-009
   8.2399938457134520E-008   4.6403897502140273E-002   2.1573708412346499E-008   1.5233932442464235E-007   9.1897327850108829E-008   8.3912812250493352E-002   2.4060286371934718E-008   2.3050840618723704E-009   3.0562250680272554E-008  -5.2399756642682797E-009  -2.0754585261678421E-008   8.0017183443595032E-009   1.8449501675792544E-008  -1.1648358073245415E-007   3.0576146081039819E-011  -1.7006280016455739E-010   3.7699148123148842E-011  -2.9365079085001281E-012  -4.8920660462006018E-011  -3.8085060579171256E-011   1.4115574156242427E-010  -7.6897053163274825E-013  -1.9337869763529096E-011  -2.7526617175572519E-011   5.5148942145517780E-008   8.9014453635983315E-002   1.4438935421197493E-008  -6.3909938171968422E-009  -1.2984339044526718E-010  -1.3729856199358926E-009   8.5518052923705776E-009  -3.3995245479098042E-011  -2.1608137565550578E-009  -9.1815868414237244E-011   3.5901908965234250E-010  -5.2051874074016535E-011   1.4311395987193372E-010   4.4621884853869230E-012   1.8171017905145293E-011  -5.2117818349198960E-010   1.4097475607377522E-010   2.1755922344821236E-010  -5.3024384273570438E-011   8.4319264238450736E-011  -1.3645332694955917E-010  -2.9123024388205480E-010   1.3312742564511213E-010   1.5544699697425791E-010  -1.2347628461004668E-008  -2.2174057974467884E-010   9.0162248748788984E-011  -2.5887282678360941E-011   3.9678017582735572E-010  -5.0468053522508831E-011  -9.9282196151367376E-011  -2.5032995892047195E-010   1.0388273219255682E-010   2.4565363840496604E-010  -5.8137921076928005E-011   3.8824949751932180E-013   1.0176935097245498E-012  -1.2150177338093602E-013  -1.1689677655279426E-012   2.9341448271012945E-013   3.2207718855446279E-013  -1.4428802343617482E-012   2.1906574105023256E-013   1.5983842101073404E-013  -3.3507152984054887E-015   1.4973847575283829E-012  -7.3261190904047424E-013  -1.0624676814610541E-012   4.3937885634961391E-013   3.5894716042454818E-013   2.9536656852682064E-013   3.9235996450237584E-013   8.1467364951055029E-013  -6.7617134395540757E-013  -7.0661297913995521E-013   3.1254554351471005E-013   3.6366686011259261E-008   6.0598270941568971E-002   9.5214171092655597E-009  -1.3619678083875336E-009   1.9963042522625209E-009  -6.7298587879619684E-010   6.5045172887152962E-010   5.2266647284332097E-010   7.1150991381145043E-010  -2.0857721999673519E-011   8.2882943016935439E-011  -1.2002101679501759E-011   3.2310320897727590E-011   1.2519226133624318E-012   4.3319851674583811E-012  -1.2006816418558508E-010   3.2253393310445426E-011   4.9889150851330967E-011  -1.2038176575179582E-011   1.9784997467880623E-011  -3.1435885660114110E-011  -6.7062842544298774E-011   3.0502764712955129E-011   3.5712469034021372E-011  -1.1050012990093872E-008  -2.3042528718124861E-010   8.9870597006612040E-011  -2.6069492318010634E-011   4.1358046616231158E-010  -5.3804328782730481E-011  -1.0443057496698674E-010  -2.5751845894449337E-010   1.0828249178885627E-010   2.5564245342974059E-010  -6.1277294205845223E-011   2.0984685911218799E-008   3.4799911838387189E-002   5.4941482608719635E-009  -4.3200455995945962E-010  -1.0794816743258110E-010  -7.4169646969882493E-011   6.3549363622614161E-010  -2.8262666439999009E-011  -2.0348741299892662E-010  -2.8136413743195457E-008  -6.1838022353674173E-009
  -1.4490565983207978E-008   2.1573708412346499E-008   4.6404016386182398E-002  -2.6789859982695135E-008  -1.6160744388585417E-008   2.4060288275486522E-008   8.3912944837083447E-002  -4.0536414080046291E-010  -5.2399756385380120E-009   1.6868519181066978E-009   3.3027491487685019E-009  -2.5114033474835524E-009  -2.8973852890528091E-009   2.0484400321212630E-008  -5.3779728990299235E-012   3.7699269307528750E-011   3.7682176876975427E-011  -6.7142115463382521E-011  -2.0665435247093185E-010   7.4355230919551253E-011   5.4412531465404380E-011   1.8392242396560322E-010  -1.1070146553928402E-010  -1.6519143904635955E-010  -9.6982975933224695E-009   1.4438934559340407E-008   8.9014533203115864E-002   1.1238963855801255E-009  -1.3729853595233643E-009  -7.6958144584435746E-009   2.0955013582876781E-009   1.1457611278521070E-008  -3.2194020504950706E-009   1.6146858813997738E-011  -5.2051971944464869E-011   7.2181738407953999E-011   2.4723683147794670E-011   1.5794555533559664E-010  -5.3086108981573179E-011  -5.0781816820560673E-011  -3.5858933822190611E-010   1.3796587646218136E-010   1.9509477657473332E-010   7.1726727268456012E-011   1.7273368545328175E-010  -1.5071886600047281E-010  -2.9045929593959235E-010   1.1602182192613231E-010   2.1714157072870032E-009   3.8990596153317740E-011  -2.5886512871596480E-011  -5.2482712030294434E-011   1.7290953708018903E-011   2.8588966205078166E-010  -6.9611411603108990E-011  -5.7951263143407666E-011  -2.5479419897772010E-010   1.0363551691737102E-010   2.2902435557935538E-010  -6.6689301190058968E-014  -1.2169696821909221E-013   3.4557208116300437E-013   1.7526105141857131E-013  -1.5033241515173340E-013  -2.4953374170155658E-014  -1.4479449850535264E-013  -9.7954946880666540E-013   4.0832313837227242E-013   2.8315559959217367E-013   2.9637396385051749E-013   1.1465031545169767E-012  -7.5345971594011839E-013  -9.9634574930295580E-013   4.4916100304648024E-013  -1.9482051509057225E-013  -1.9293832668966673E-013   5.7031651386403269E-013   9.8802625757200248E-013  -6.6796118358160080E-013  -5.8044570088144622E-013  -6.3953223785013804E-009   9.5214192882545128E-009   6.0598323410297333E-002   2.3951040339248385E-010  -6.7298612107047568E-010  -1.7122507327238099E-009   7.1575449072240845E-010   2.5492172416239687E-009  -9.5526504105066804E-010   3.6680504263416911E-012  -1.2002036576483934E-011   1.6744238884269528E-011   5.9015135135668590E-012   3.6633087093022436E-011  -1.2345224305878405E-011  -1.1954927241825745E-011  -8.3171649635564648E-011   3.2141828151816394E-011   4.5248258770600471E-011   1.6616520908872870E-011   4.0061352756174718E-011  -3.5090623993005067E-011  -6.7366118482213421E-011   2.7003880616086108E-011   1.9432157140956942E-009   4.0522602312280361E-011  -2.6069625084440649E-011  -5.3789318345651562E-011   1.6394696990457665E-011   2.9301747016028598E-010  -7.0759977279344518E-011  -5.9091008746093079E-011  -2.6114578557936192E-010   1.0534868368038773E-010   2.3474817624357297E-010  -3.6902940621450704E-009   5.4941487199666822E-009   3.4799942114432152E-002   7.5970844215906114E-011  -7.4169596406588274E-011  -5.1666720969551659E-010   1.2845765378386799E-010   7.6921967200352309E-010  -2.0442873506173255E-010   4.9479741269370224E-009   1.0874696017480140E-009
  -1.0232282723975844E-007   1.5233932442464235E-007  -2.6789859982695135E-008   7.1059039087262063E-002  -1.8928881991073875E-007   2.8181522651705036E-007  -4.9559042514397313E-008   6.8557091899422159E-010   1.2401532577830227E-008  -2.1808901161552757E-009  -8.0904683130319811E-009   3.2469326920626206E-009   7.4049242183902779E-009  0.20150583811226599       -1.7747023229913805E-009  -1.2520489303574835E-009   2.2018087504614570E-010   3.8239294345701292E-009  -1.1036241489374406E-009  -1.4429156357928929E-009  -6.6797264754776573E-010   1.0011699741064896E-009   2.1482280069715149E-009  -9.1034143067626248E-010  -1.9748682571933344E-007   2.9402050158363445E-007  -5.1705414417322927E-008   4.4183850562820922E-011   7.9896051388635384E-010  -1.4050221726553799E-010  -5.2113631272496923E-010   2.0918116996925784E-010   4.7697940506772053E-010   3.6321806268061441E-011  -3.7470324350573142E-011   6.5893288667239638E-012  -7.2774570512008113E-011   1.7124288805001501E-011   8.9558890800030371E-012   7.4283449673216614E-011  -3.7868743960322504E-011  -4.9390398677288985E-011   2.1636262195890327E-011   1.6445364629884105E-011   1.9448710794279843E-011   4.3906346169484122E-011  -3.2212327361769176E-011  -3.0096074465438827E-011  0.15100973647426499       -2.7011011784647465E-010  -1.9056248325706750E-010   3.3511089098553075E-011   5.8200361017872034E-010  -1.6797186306631270E-010  -2.1961165238258282E-010  -1.0166615852213092E-010   1.5237780168431816E-010   3.2696083807513675E-010  -1.3855523308666957E-010   5.7172513326231149E-014  -1.1856137835007401E-012   2.0861491463413205E-013   9.5169616625861511E-014  -6.5966468502892390E-014  -2.1968476744290181E-013   1.8970963802177240E-012  -6.5733395824920088E-013  -4.6261862222199945E-013   2.1720868863539287E-013  -6.7461494406688198E-013   7.7836365978467828E-013   1.0567681504405713E-012  -7.1242755954294051E-013  -4.3406501687147453E-013  -6.3963817128740959E-013  -1.7641499227308303E-013  -5.0125661825709637E-013   7.2130737460118059E-013   6.4600522515901140E-013  -4.2956053594224033E-013  -1.2494693879977399E-007   1.8602234352578673E-007  -3.2713240401509056E-008   3.8894638932326231E-011   7.0469449274290673E-010  -1.2392528855810835E-010  -4.5976677554415023E-010   1.8450117476577957E-010   4.2071199521601003E-010  -2.2061563744302073E-012   2.3068436001472102E-012  -4.0565347796367745E-013   4.4881430494539756E-012  -1.0542522172261533E-012  -5.3535610127007658E-013  -4.5731829975111022E-012   2.3313562511583915E-012   3.0406802020018769E-012  -1.3320243551033107E-012  -1.0049452946484639E-012  -1.1973532058242701E-012  -2.6921295885146407E-012   1.9831163266353341E-012   1.8891085525531582E-012   4.4183589391383789E-003  -9.9814387885721213E-011  -7.0419193579558442E-011   1.2383736650832965E-011   2.1506959405335509E-010  -6.2071199016900799E-011  -8.1153933720513812E-011  -3.7569057880308347E-011   5.6308962081126009E-011   1.2082288241593148E-010  -5.1200140886591463E-011  -7.1101582869362327E-008   1.0585679923532615E-007  -1.8615606447824922E-008  -2.5614701498519171E-011  -4.6353449056693444E-010   8.1515599260856427E-011   3.0240994164449584E-010  -1.2136126467858862E-010  -2.7676290264785863E-010  0.13179214527849262        6.4218440851528732E-004
   8.3912887342901116E-002   9.1897327850108829E-008  -1.6160744388585417E-008  -1.8928881991073875E-007  0.15174075507184698        6.2910760958622540E-008  -1.1063263137293890E-008  -4.0256065699420437E-010  -3.8251952224077003E-008   6.7268546425048946E-009   2.2811391687573162E-008  -9.4755259033637012E-009  -2.2408829763904020E-008   1.2941170936596723E-007   1.4202309436330512E-010  -4.3533998100740448E-010   7.6557269737205643E-011  -9.9361128446785347E-011   1.6993479233823143E-012  -9.1252043368513814E-011   3.7581544354183958E-010  -1.2141330896503855E-010  -6.8870098311813624E-011   3.3433330939744272E-011  0.16096606460350993       -9.8202177075963084E-009   1.7269498770897747E-009  -1.7097690874789693E-008   1.1886072256344931E-008  -2.0902431957379964E-009   1.4473174457415094E-008  -2.4827848941261366E-009   2.6245368605278452E-009   4.1306650884735676E-010   3.0279802958925022E-010  -5.3248985216787404E-011  -9.6374465743223606E-010   2.5184489121420617E-010   2.3813914439490677E-010  -1.4338866475493148E-011  -1.4642193999257391E-010  -3.8700834424607653E-010   1.6238545367429086E-010   4.9539521371536602E-010  -9.1829162609688827E-011   9.3517560095828516E-011  -9.5884974178531850E-011  -1.8880793215260488E-010   5.9528021905050595E-009   3.8600997826340056E-011   7.1653048366356843E-010  -1.2600683191317320E-010  -3.4956490404818836E-010   1.3557824682263367E-010   2.9746828376100320E-010  -4.0025530069686893E-010   3.1270562365443244E-011  -1.7953446580117233E-010   7.0612026411873514E-011   1.3136547344885844E-012  -1.3281488024643961E-012   2.3360724955962758E-013  -2.8765736428511411E-012   6.3188996286507546E-013   1.3599374560464546E-013   2.7636489765721857E-012  -1.2292207853085063E-012  -1.3742072163531986E-012   6.1031831683143637E-013   1.5714213571307926E-012   1.8753234240616454E-013   1.1776781418657099E-012  -8.1942106527896099E-013  -7.3615588639828470E-013  -1.3461716387680980E-012   5.3491296754173781E-013   1.7467130593769226E-013   2.1580201875579534E-013   6.4897557340025329E-013  -3.7890811937324053E-013  0.10958068765222104       -8.8136786771089517E-009   1.5499443419860677E-009  -4.0793507357821448E-009   2.8023683818159396E-010  -4.9281427599700981E-011   4.9435625978295242E-009  -1.2169692190765401E-009  -8.6420141349125086E-010   9.5346204720588095E-011   7.0876050675951846E-011  -1.2464015527257291E-011  -2.2264345130117799E-010   5.8209949838861167E-011   5.5152913123942319E-011  -4.4667794008977952E-012  -3.3415641649878943E-011  -8.9097457087732191E-011   3.7370570419343401E-011   1.1476617619354084E-010  -2.1618300960611870E-011   2.1040199004957401E-011  -2.1768819903253062E-011  -4.3376561440342111E-011   1.3276863785792639E-008   4.3849485062329289E-011   7.3640634981324859E-010  -1.2950195336487304E-010  -3.6675729983213124E-010   1.4138474536918004E-010   3.0797478522645298E-010  -4.0812869058962243E-010   2.9645864382627236E-011  -1.8884415761136545E-010   7.4427821459905167E-011   6.2929159845943355E-002  -4.8800743895756568E-009   8.5819295934979330E-010  -1.1343863243393440E-009   9.1383199647746114E-010  -1.6070331649923930E-010   8.8722781503766519E-010  -1.3412170954889381E-010   2.4715643194676127E-010   2.6278088003942416E-008   9.3028490521215691E-009
   9.1897330392734686E-008   8.3912812250493352E-002   2.4060288275486522E-008   2.8181522651705036E-007   6.2910760958622540E-008  0.15174070366536113        1.6471110090158042E-008   4.1683159848428850E-009   5.5266171141425119E-008  -9.4755260757732574E-009  -3.7530822051866557E-008   1.4469625947093548E-008   3.3362506927758430E-008  -1.9266954846951308E-007   5.5291016486462077E-011  -3.0752675059870549E-010   6.8171848446314026E-011  -5.3096980069325126E-012  -8.8463942580136258E-011  -6.8869834361738966E-011   2.5525355483348553E-010  -1.3904275045131901E-012  -3.4968664455403647E-011  -4.9776814744642422E-011  -9.8202196844221196E-009  0.16096607262780654       -2.5710951898184779E-009  -1.1556911591742733E-008  -2.3480518197307477E-010  -2.4827850730532655E-009   1.5464337695389804E-008  -6.1476057990272798E-011  -3.9074302291078229E-009  -1.6603219295771105E-010   6.4921901277470736E-010  -9.4126113148937864E-011   2.5879560245511943E-010   8.0688166418348691E-012   3.2858759848174461E-011  -9.4245371392191410E-010   2.5492682090013832E-010   3.9341557947233340E-010  -9.5884901863081907E-011   1.5247533764751661E-010  -2.4675043743954415E-010  -5.2663570541273319E-010   2.4073632847073994E-010   2.8109705170669966E-010  -8.8626036092242391E-009  -4.0097663210286194E-010   1.6304115047000492E-010  -4.6812227154435199E-011   7.1750338524970974E-010  -9.1262281124570759E-011  -1.7953357326367828E-010  -4.5267485881497934E-010   1.8785266138161908E-010   4.4421900309204046E-010  -1.0513174401882264E-010   7.0207609042757711E-013   1.8403101436219616E-012  -2.1971359582931439E-013  -2.1138587338413310E-012   5.3058509617533976E-013   5.8241654858953526E-013  -2.6091820299776910E-012   3.9614071531477847E-013   2.8903879883270691E-013  -6.0596322635430029E-015   2.7077404258034434E-012  -1.3247927164497153E-012  -1.9212755272183133E-012   7.9453570275058335E-013   6.4908945243307493E-013   5.3411638953273293E-013   7.0950965482356811E-013   1.4731853263002617E-012  -1.2227304320883211E-012  -1.2777782316544487E-012   5.6518085322579407E-013  -8.8136803121634438E-009  0.10958069485422353       -2.3075728425779745E-009  -2.4628625983487981E-009   3.6099447954261039E-009  -1.2169691368760886E-009   1.1762172546875236E-009   9.4514506556108222E-010   1.2866341941118919E-009  -3.7717374605069800E-011   1.4987833266707318E-010  -2.1703564085667250E-011   5.8427351985175161E-011   2.2638175337695581E-012   7.8335553303454803E-012  -2.1712092216568040E-010   5.8324308765207134E-011   9.0215294832249521E-011  -2.1768842002925980E-011   3.5777402120660136E-011  -5.6845946882878201E-011  -1.2127067270851141E-010   5.5158609711730076E-011   6.4579374671246610E-011  -1.9766726815940181E-008  -4.1668129844936226E-010   1.6251374953312752E-010  -4.7141718409939811E-011   7.4788356370913002E-010  -9.7295311065548703E-011  -1.8884345293458502E-010  -4.6567391194500401E-010   1.9580880257298518E-010   4.6228190390785735E-010  -1.1080871290370407E-010  -4.8800728607861223E-009   6.2929163833621404E-002  -1.2776860393011435E-009  -7.8119909966105455E-010  -1.9520480989569119E-010  -1.3412171941854283E-010   1.1491713492845732E-009  -5.1107939678650127E-011  -3.6796924190893753E-010  -3.9123095631893884E-008  -1.3850168210247056E-008
  -1.6160741396609835E-008   2.4060286371934718E-008   8.3912944837083447E-002  -4.9559042514397313E-008  -1.1063263137293890E-008   1.6471110090158042E-008  0.15174079443107055       -7.3302568688447378E-010  -9.4755260292481298E-009   3.0503572808737241E-009   5.9724108300903151E-009  -4.5414048524217532E-009  -5.2393856514952848E-009   3.3882191319973621E-008  -9.7250185691050789E-012   6.8172067585531745E-011   6.8141130385992669E-011  -1.2141397143245863E-010  -3.7369553513346464E-010   1.3445748856186767E-010   9.8394849611540414E-011   3.3258911679607249E-010  -2.0018283653402280E-010  -2.9871765274869647E-010   1.7269607472939934E-009  -2.5711003998424908E-009  0.16096605845946865        2.0323554580003275E-009  -2.4827846021455090E-009  -1.3916434295942765E-008   3.7893194699435232E-009   2.0718936950337768E-008  -5.8216827156678453E-009   2.9198638801454160E-011  -9.4126290129363764E-011   1.3052712206236429E-010   4.4707975354098527E-011   2.8561488905052666E-010  -9.5996231299599642E-011  -9.1829209334353276E-011  -6.4844150558959859E-010   2.4948524968860886E-010   3.5279228348243219E-010   1.2970434147597872E-010   3.1235644808018959E-010  -2.7254664642589503E-010  -5.2524111650921340E-010   2.0980359353505711E-010   1.5585471458682664E-009   7.0507247474005941E-011  -4.6810835100598670E-011  -9.4905131046242264E-011   3.1267262352404146E-011   5.1697777341462245E-010  -1.2587908770095867E-010  -1.0479393667628575E-010  -4.6074746793957895E-010   1.8740525470972419E-010   4.1414754526090216E-010  -1.2059503979867643E-013  -2.2006656982703743E-013   6.2490224348443895E-013   3.1692671278384388E-013  -2.7184794490022415E-013  -4.5123572787290884E-014  -2.6183287930468739E-013  -1.7713313753230985E-012   7.3837546765438569E-013   5.1203377080522408E-013   5.3593634441820608E-013   2.0732357860985373E-012  -1.3624898628565164E-012  -1.8017043138460944E-012   8.1222308469898844E-013  -3.5229654320815116E-013  -3.4889277249940946E-013   1.0313100254639637E-012   1.7866600801065242E-012  -1.2078820028128273E-012  -1.0496271300972531E-012   1.5499400572416237E-009  -2.3075713878484552E-009  0.10958068213816441        4.3310951316015048E-010  -1.2169695749837203E-009  -3.0962835242667241E-009   1.2943079040339053E-009   4.6097800947999537E-009  -1.7274176828942479E-009   6.6329981766018032E-012  -2.1703446359078172E-011   3.0278812348253594E-011   1.0671741233329442E-011   6.6244061638899707E-011  -2.2324013413804714E-011  -2.1618201494986857E-011  -1.5040031576842734E-010   5.8122430335627127E-011   8.1822982715571301E-011   3.0047863380895860E-011   7.2443436938450975E-011  -6.3454776185660600E-011  -1.2181898039723457E-010   4.8831427638191967E-011   3.4761033637076213E-009   7.3277593593116046E-011  -4.7141958493592363E-011  -9.7267883107966421E-011   2.9646548604420408E-011   5.2986707529870986E-010  -1.2795605212050795E-010  -1.0685495205755342E-010  -4.7223311906229304E-010   1.9050319372895836E-010   4.2449799962511432E-010   8.5819411668263864E-010  -1.2776866391059001E-009   6.2929156792811636E-002   1.3737900152607488E-010  -1.3412162798425121E-010  -9.3429556934948664E-010   2.3229142774970867E-010   1.3909892439910862E-009  -3.6967085795909064E-010   6.8800486750869107E-009   2.4356231015055308E-009
  -2.2261506602137743E-010   2.3050840618723704E-009  -4.0536414080046291E-010   6.8557091899422159E-010  -4.0256065699420437E-010   4.1683159848428850E-009  -7.3302568688447378E-010   1.2572684069610294E-016   1.7850624339302756E-015  -3.1391484399488370E-016  -1.1983947793177206E-015   4.7588260615856370E-016   1.0726682202766137E-015   1.9440772129120070E-009  -1.5932802154717965E-017  -1.9701568135369588E-017   3.4646470333588413E-018   3.7596495355620998E-017  -1.1276836476155272E-017  -1.6220156303320912E-017  -9.0495190897720408E-019   8.3362601279999330E-018   2.0914677132535059E-017  -8.7957529828192108E-018  -4.2703707926414853E-010   4.4217370530115615E-009  -7.7759144275269247E-010  -2.8150036306555186E-016  -1.8281594071525790E-017   3.2149528445248364E-018   3.6307543043740617E-016  -9.3172521397026437E-017  -8.1574935115111469E-017  -5.4473760537316876E-018   1.7123923866335321E-017  -3.0113506284095162E-018   8.7477947555274294E-018  -1.6610132754543745E-018   8.2099785513181624E-019  -2.4690871106217688E-017   1.0158413262920723E-017   1.0152120075923457E-017  -4.5602768456498875E-018   2.4063221665360283E-018  -7.8558992536962408E-018  -1.2974561543638164E-017   9.0939466639199114E-018   6.9187555257582051E-018   1.4569072378412120E-009  -1.4063466318219365E-017   9.6567505229312686E-019  -1.6990846877472399E-019   2.6100473469301198E-017  -6.9844110826869183E-018  -7.2313573662955028E-018  -1.1847604271771697E-017   8.7730397991229368E-018   1.4927719831088416E-017  -6.4125334044517036E-018   1.6935099102839594E-020   4.3701506022968547E-020  -7.6613982328853154E-021  -5.1049081276739301E-020   1.3575603067950185E-020   1.3736725022568823E-020  -5.9438630572945027E-020   1.6358219876274756E-020   3.5554880575171899E-021  -2.1635697943770182E-021   6.1115231647371318E-020  -3.9395502237450535E-020  -3.9124512587390618E-020   2.5830144166331265E-020   1.1672087457237565E-020   1.3774360254183971E-020   1.8054550096562958E-020   3.0187002701543913E-020  -3.5832928093367752E-020  -2.4754804406373380E-020   1.7456994316097428E-020  -2.9071352318967538E-010   3.0101809046440665E-009  -5.2936004211212411E-010  -5.8549256284322643E-017   1.1110317987158828E-016  -1.9538210326646835E-017   8.5048576930915361E-018   8.7039045220982531E-018   5.0042521747832785E-017  -1.3423716281154647E-018   4.0562245022795665E-018  -7.1331386187542554E-019   2.1874086234505149E-018  -4.2242266147343562E-019   1.7154680618747401E-019  -5.8921457734054584E-018   2.4398604390723538E-018   2.4631431373806172E-018  -1.1052516288663480E-018   5.2348524871727117E-019  -1.8657145630985300E-018  -3.1065589946622633E-018   2.1805705016507842E-018   1.6714021382702162E-018   4.2487317239121341E-011  -1.2879522926465397E-017   2.0589485023321075E-018  -3.6206579305759403E-019   2.3449044015658380E-017  -6.2062997806996981E-018  -6.1693888671898213E-018  -1.1555569132868563E-017   8.1247183724245506E-018   1.3445252040138237E-017  -5.7859841798775581E-018  -1.6694872890672252E-010   1.7286636707540243E-009  -3.0399683691299134E-010  -1.9360836748414697E-017  -1.1611043159338760E-017   2.0418786317465200E-018   3.1009541196131998E-017  -8.9386055357957507E-018  -1.1648302237207244E-017   1.2715027155742046E-009   4.0706717488834567E-012
  -2.1153370710995022E-008   3.0562250680272554E-008  -5.2399756385380120E-009   1.2401532577830227E-008  -3.8251952224077003E-008   5.5266171141425119E-008  -9.4755260292481298E-009   1.7850624339302756E-015   3.2527616468357291E-014  -5.7179730137707081E-015  -2.1204646009508614E-014   8.5089586631016523E-015   1.9419588285065786E-014   3.5167094811588136E-008  -3.2478026066701742E-016  -2.2502794677901757E-016   3.9701149095252913E-017   6.9805212574174213E-016  -2.0191837497599226E-016  -2.6229543554836786E-016  -1.2449102591963636E-016   1.8405700503072184E-016   3.9203692511305572E-016  -1.6677781617922172E-016  -4.0577565867767392E-008   5.8626204378464297E-008  -1.0051612568891794E-008  -1.8279860090824340E-017  -2.7873799840170757E-015   4.6715682812397158E-016   1.6562555300613052E-015  -6.5381012716163275E-016  -1.6379770975970837E-015  -1.6008462540187221E-016   1.5946170429104786E-016  -2.7859533379010551E-017   3.2171255698934710E-016  -7.5394982295044859E-017  -4.0506749143644486E-017  -3.2094220366371626E-016   1.6364250765484568E-016   2.1664868804034957E-016  -9.4112306163471345E-017  -7.4578624111463102E-017  -8.2832114529380543E-017  -1.9070101970148378E-016   1.3902824433221508E-016   1.3162201912230694E-016   2.6354506389964421E-008  -2.0730952559967458E-016  -1.5157659320938279E-016   2.6489163707648119E-017   4.4905348282194521E-016  -1.2901073789373437E-016  -1.7083853337672933E-016  -7.5168233627101357E-017   1.1589734194332867E-016   2.5240159923272600E-016  -1.0613051991980984E-016  -5.7941412680649527E-020   8.1190633283375447E-019  -1.4152726131033722E-019  -4.7931123021819760E-020   3.9418385555264111E-020   1.4232057545842074E-019  -1.2995519666224892E-018   4.5004525791837841E-019   3.2484827166631883E-019  -1.5012760733815532E-019   4.3886188762138993E-019  -5.2340752931785583E-019  -7.2712589580468388E-019   4.8412278669517527E-019   2.9551086774733362E-019   4.4425583037069636E-019   1.1456762643875897E-019   3.4064303905872044E-019  -4.8542350979901159E-019  -4.4081640761847513E-019   2.9194265403738969E-019  -2.7623943244121888E-008   3.9910894279828126E-008  -6.8428248193921890E-009   1.1108940321096257E-016   1.4431972982699450E-015  -2.5910528098055430E-016  -9.7892305330281525E-016   3.9537571449018100E-016   8.6779903925857152E-016  -3.8572024505372579E-017   3.8478758319316255E-017  -6.7242988111651638E-018   7.7522597172756610E-017  -1.8170120320060857E-017  -9.7496656951413161E-018  -7.7400711942535904E-017   3.9464914823495337E-017   5.2219250019595650E-017  -2.2691124484855262E-017  -1.7952215050830933E-017  -1.9987139744260856E-017  -4.5979870509937533E-017   3.3530352105686272E-017   3.1735817182720588E-017   7.6862312951500805E-010  -1.8481073735004373E-016  -1.3579478098258933E-016   2.3711287887636774E-017   4.0052763481319602E-016  -1.1499818025404681E-016  -1.5258884070372703E-016  -6.6604953820990081E-017   1.0315892274467377E-016   2.2516497161323987E-016  -9.4563906641291724E-017  -1.5863666831006520E-008   2.2919723079667320E-008  -3.9296450935865027E-009  -1.1608606878340472E-017  -3.7398818865508728E-016   6.4231833215121098E-017   2.3316025285987147E-016  -9.2846223561530169E-017  -2.2154435609476381E-016   2.3000657595241569E-008   7.4476068212308612E-011
   3.7199578504732658E-009  -5.2399756642682797E-009   1.6868519181066978E-009  -2.1808901161552757E-009   6.7268546425048946E-009  -9.4755260757732574E-009   3.0503572808737241E-009  -3.1391484399488370E-016  -5.7179730137707081E-015   1.0181664080126517E-015   3.7232503645953237E-015  -1.5145687502563209E-015  -3.4093363520496197E-015  -6.1843622210780052E-009   5.7114704478272144E-017   3.9701155613955995E-017  -6.2508449793815667E-018  -1.2387293525353217E-016   3.1958295763233450E-017   4.7242275254113891E-017   2.3199435805776422E-017  -2.9336313330020140E-017  -7.0824194268827587E-017   2.6524525108048225E-017   7.1358289307737304E-009  -1.0051612618254368E-008   3.2358092409224869E-009   3.2146117366193366E-018   4.6715685731561753E-016  -2.1306639513541242E-016  -2.3189647860688729E-016   3.0385511374800005E-016   2.2868204028441673E-016   2.8151930136664867E-017  -2.7859565643122066E-017   5.9388384416663615E-018  -5.5752361900463543E-017   1.5876727320633910E-017   6.3005007859935804E-018   5.4090522610734081E-017  -3.4283121620369454E-017  -3.5192500008317452E-017   1.9614273998192087E-017   1.4542734431314129E-017   1.7019778831452378E-017   3.0205408441397160E-017  -2.8853596626103497E-017  -2.0782099625514253E-017  -4.6346112633787514E-009   3.6456664606135100E-017   2.6490285025029193E-017  -5.5990054000645564E-018  -7.7532926253583859E-017   2.7256337329965283E-017   2.8606958816612564E-017   1.1536917218591414E-017  -2.4282456645015583E-017  -4.1964625079216298E-017   2.2272543522734067E-017   1.0215547802517924E-020  -1.4183440721901744E-019   3.0235792100619120E-020   7.9290879339688336E-021  -8.5604491034537635E-021  -2.4505384060550927E-020   2.2196141327057126E-019  -9.4664257227187330E-020  -4.9928362823268629E-020   3.1061445427571334E-020  -6.7945285581165855E-020   1.0882961133427604E-019   1.1236088718334237E-019  -1.0029502451101611E-019  -4.3518111927313724E-020  -8.0481853421420559E-020  -2.2191664245588657E-020  -4.8134775142784611E-020   9.9699729984614767E-020   6.4453834378753850E-020  -6.0007100074302412E-020   4.8578501240271200E-009  -6.8428248529899469E-009   2.2028381838589721E-009  -1.9535801128477294E-017  -2.5910528553025864E-016   1.5372217623223406E-017   1.8584196614005524E-016  -2.5967692093823041E-017  -1.6630009877651245E-016   6.7831428340327632E-018  -6.7242943248249959E-018   1.4238719072580118E-018  -1.3441799835762314E-017   3.8031755758341159E-018   1.5234902036409900E-018   1.3065981331585848E-017  -8.2184086925118733E-018  -8.5082576511894368E-018   4.7017705806738578E-018   3.4884660268561648E-018   4.0844435712925362E-018   7.3125736733490105E-018  -6.9191652449920249E-018  -5.0319753397661318E-018  -1.3516771467378601E-010   3.2500183949196058E-017   2.3711084124239092E-017  -5.1325768946345741E-018  -6.8965392055427631E-017   2.4900023676074967E-017   2.5363754294833942E-017   9.9913597870276532E-018  -2.2134321256474477E-017  -3.7117657351432669E-017   2.0323779509851270E-017   2.7897290115859976E-009  -3.9296451128826445E-009   1.2650290699142862E-009   2.0414497377280007E-018   6.4231829357834758E-017  -2.0032403284397053E-017  -3.7040770502317699E-017   2.8932817371647142E-017   3.4998039704971849E-017  -4.0448151433477066E-009  -1.3102297457813951E-011
   1.2614722366187661E-008  -2.0754585261678421E-008   3.3027491487685019E-009  -8.0904683130319811E-009   2.2811391687573162E-008  -3.7530822051866557E-008   5.9724108300903151E-009  -1.1983947793177206E-015  -2.1204646009508614E-014   3.7232503645953237E-015   1.3868159265493015E-014  -5.5517378571040018E-015  -1.2669767584098841E-014  -2.2942185950763140E-008   2.0934839797954296E-016   1.5585027576429850E-016  -2.7738710382840132E-017  -4.5377030583339193E-016   1.3307877314089765E-016   1.7288902499972002E-016   7.3287438279112861E-017  -1.1880454509642195E-016  -2.5416667250480298E-016   1.0922586424456051E-016   2.4198263958497984E-008  -3.9812592555295182E-008   6.3355176095455101E-009   3.6307326503700305E-016   1.6562424246432359E-015  -2.3189408718158799E-016  -1.4406260064535488E-015   4.3363249553185111E-016   1.0775534349126054E-015   1.0017630893024325E-016  -1.1449325221278013E-016   1.9662941530189051E-017  -1.9884494716305028E-016   4.5156419613435638E-017   2.2874647076827632E-017   2.1887456281354562E-016  -1.0627487997143777E-016  -1.4004213728055843E-016   5.9549620592911759E-017   3.9993629579060774E-017   5.7305078453064348E-017   1.2858799229041997E-016  -9.0962704555263403E-017  -8.6224653362320667E-017  -1.7193060434109484E-008   1.3850302372360415E-016   8.7242390037544604E-017  -1.4914772560383936E-017  -2.9503903897530531E-016   8.2423844978106683E-017   1.0916986176013000E-016   5.9240549100642820E-017  -7.7243019634702720E-017  -1.6670573242302091E-016   6.8691673461664863E-017   1.2579633452769810E-020  -5.2851221545358618E-019   9.0305772953315650E-020   9.2031051043640139E-020  -3.9428762533472409E-020  -1.0037228927417397E-019   8.3451052215086577E-019  -2.7764912106402205E-019  -1.9634358860856291E-019   8.8672239706866402E-020  -3.3558470788367558E-019   3.4884216928267602E-019   4.7829841879481446E-019  -3.0950336577562695E-019  -1.8982197814214373E-019  -2.7551925303042533E-019  -8.8719352510710793E-020  -2.4045092401607611E-019   3.2306499247738214E-019   2.9251004630167349E-019  -1.8915683695717017E-019   1.6473424533187773E-008  -2.7103173239470697E-008   4.3130230911924557E-009   8.5142891417693258E-018  -9.7891395978347764E-016   1.8584038168265018E-016   5.5557110201290380E-016  -2.5629637918296557E-016  -5.6406285058112210E-016   2.4174605746114289E-017  -2.7532162645502944E-017   4.7322602034455589E-018  -4.8012387150822397E-017   1.0918209555246954E-017   5.5359932841458045E-018   5.2699934908298067E-017  -2.5634155862333066E-017  -3.3766088356341805E-017   1.4374319870561285E-017   9.7010253543432604E-018   1.3797738969636503E-017   3.0966474616739966E-017  -2.1935694828814072E-017  -2.0786716773282297E-017  -5.0143287871989292E-010   1.2390019791494371E-016   7.6671553745464075E-017  -1.3046720569620710E-017  -2.6343244562272357E-016   7.3241298089798249E-017   9.7209239166873171E-017   5.3894599421431838E-017  -6.8971404718458410E-017  -1.4898572451954351E-016   6.1132957095592766E-017   9.4602322239568839E-009  -1.5564603018197646E-008   2.4768499074212243E-009   3.1007808804486719E-017   2.3315785515373816E-016  -3.7040349109764415E-017  -1.7614197238911049E-016   6.1044697062045583E-017   1.4512940850121645E-016  -1.5005088292741805E-008  -4.8604992636970074E-011
  -5.2399755689261759E-009   8.0017183443595032E-009  -2.5114033474835524E-009   3.2469326920626206E-009  -9.4755259033637012E-009   1.4469625947093548E-008  -4.5414048524217532E-009   4.7588260615856370E-016   8.5089586631016523E-015  -1.5145687502563209E-015  -5.5517378571040018E-015   2.2557715174557860E-015   5.0758564953751265E-015   9.2073450716196947E-009  -8.4396012430337152E-017  -6.1389663962073344E-017   9.7413071867207250E-018   1.8405741884418762E-016  -4.7785066836122232E-017  -7.0823701458336843E-017  -3.2593872439874164E-017   4.3241234843149320E-017   1.0511546141855768E-016  -3.9490000242760587E-017  -1.0051612435372781E-008   1.5349339940403152E-008  -4.8175077327423290E-009  -9.3171967575948739E-017  -6.5381003943481849E-016   3.0385510851082054E-016   4.3363601194822435E-016  -4.6135668869714215E-016  -3.4046423971714341E-016  -4.0840800303885922E-017   4.4104517233730224E-017  -9.2558995349259180E-018   8.0196302217141142E-017  -2.2722784005555641E-017  -8.4551239943384004E-018  -8.2832134047806965E-017   5.1129274957207056E-017   5.1958518632246905E-017  -2.8853585077362570E-017  -1.9525974328998113E-017  -2.6254958626630159E-017  -4.5895270750743145E-017   4.3191527665915988E-017   3.0940606743150983E-017   6.9000591559731163E-009  -5.5097376896223429E-017  -3.6502176645087695E-017   7.7760756191001797E-018   1.1590245260632146E-016  -4.0315440222523649E-017  -4.1961481934871467E-017  -1.9680322070962775E-017   3.6711756416952699E-017   6.2899887104962967E-017  -3.3159610952103968E-017  -8.8619744246822575E-021   2.1083729883871677E-019  -4.4709505166194878E-020  -2.7080009248839517E-020   1.6258512671615683E-020   3.8358206405928839E-020  -3.2686366440538130E-019   1.3751288197141071E-019   7.0138363447760365E-020  -4.4089205870607059E-020   1.1321073464450687E-019  -1.6452359743246162E-019  -1.6768512316260912E-019   1.4830437667984005E-019   6.3723001816598258E-020   1.1631165671426414E-019   3.6635304152736531E-020   7.5802586419053134E-020  -1.5058669652260353E-019  -9.6703608955826648E-020   8.9341741828230689E-020  -6.8428247284807343E-009   1.0449352642239399E-008  -3.2796092706921428E-009   8.7003217013583848E-018   3.9537571784534665E-016  -2.5967686251515516E-017  -2.5629872463531175E-016   3.6591288736932743E-017   2.4758938198267006E-016  -9.8498994344133168E-018   1.0621102229538827E-017  -2.2160180966281856E-018   1.9360252620386238E-017  -5.4498474960451676E-018  -2.0533954036175729E-018  -1.9987144551919914E-017   1.2256131865605780E-017   1.2565851540026907E-017  -6.9191667455973994E-018  -4.7001975417749276E-018  -6.2935731755687454E-018  -1.1101830962916516E-017   1.0355652675102771E-017   7.4916584145534982E-018   2.0123880074342514E-010  -4.9225769732995955E-017  -3.2295067274518966E-017   7.0684388143863795E-018   1.0315844120306796E-016  -3.6801098617932729E-017  -3.7117842961302463E-017  -1.7438314327365911E-017   3.3526812901756456E-017   5.5693705987238503E-017  -3.0258260867793948E-017  -3.9296450413817140E-009   6.0007743059509684E-009  -1.8833889369567685E-009  -8.9379659133018209E-018  -9.2846224596975521E-017   2.8932820071733902E-017   6.1045329726467600E-017  -4.3674384163784596E-017  -5.2105456760932046E-017   6.0219643496612086E-009   1.9501532032186285E-011
