  0.12236425872847242        2.1750839434018095E-013   3.5174857790143356E-012   9.8794621094328555E-013   3.8822307137662047E-014   2.1779045486029982E-012   6.1903610400959647E-010  -3.3092774036353307E-013   3.7334441336042211E-014   2.9239324333867705E-013  0.14999140040900794        7.1778101431939317E-014   1.0461780412906129E-012   9.9643878415589418E-012   1.0024030684801447E-014   1.1728283682815180E-014   5.5998023786961388E-012  -2.3799201569090602E-014  -1.8831287775935666E-011  -6.4085350703957170E-015  -1.9383417108823850E-015  -4.4450560767751268E-015  -4.8517304011464543E-015  -8.1670666132273716E-012   4.2457055024360882E-013   1.1134418008775633E-012  -1.6440589198252073E-010  -1.9342582555411047E-013   6.0398358108938685E-015  -2.0284499761567017E-013   9.2975766075224054E-015  -1.4760531412770337E-014  -1.6549398882327179E-011   1.4073261047024151E-015  -1.4455238185908932E-015  -2.6108800124686462E-014  -1.5182829318580729E-014  -7.6522525813232365E-012   4.0040000891994389E-014   2.2253293102644579E-011  -4.9267782284503911E-015   4.5717728523309978E-016  -1.2790494465540689E-015   4.4785727326483579E-016   1.0733637815887124E-014  -3.4852475951413184E-011   7.4202830640417093E-015  -6.0471415888836212E-014  -1.3015174207189290E-011   8.3257164025459201E-014   6.1190367815283399E-011  -5.5216467576047358E-015  -6.9269927418699874E-015  -1.9858624090985760E-015   5.2056026279969389E-014  0.11981242117751244        8.3434623348571947E-014   1.3468044843023532E-012  -2.5434123940275715E-013   1.0153338796045630E-012   3.3596923397289306E-017   1.3874261590024416E-015   4.1772762291073763E-013  -2.0684240634858097E-015  -1.4370577434300544E-012   1.7699071471190312E-017   2.4714836323440079E-016  -3.1210839018721711E-018  -2.1194079704866592E-015   3.7255680170311419E-013  -2.0674218318851244E-015  -7.1077855304456900E-013   4.1319038914809617E-015   1.8007821964973033E-012   8.3761642643127513E-017  -5.8343091358921499E-016   4.1034904415450084E-017   4.8478673130837386E-016   3.0335180731398843E-017   6.3195939518894385E-016   6.1895692686599553E-014   4.1766280203996680E-013   9.3521135236400290E-011  -5.6388838393609963E-014   7.6876164042024907E-015   3.6490986123216303E-014  -2.9766629651478353E-015   1.0865463640388171E-015   1.1933879607042358E-012  -1.4431621315912776E-015  -1.9714362918984335E-016   3.0961671389480532E-016   1.0488131681425422E-015   5.0383630003886526E-013  -2.9589224005209380E-015  -1.5687278304398207E-012  -1.9589617698308413E-015   2.0074109573288529E-018  -1.5670259893421514E-015   4.6774505417999262E-018  -2.9498387486482676E-015   1.2089081401544034E-011   1.4107640936258119E-015   8.1586026563957206E-015   5.2146780518974730E-012  -2.6618953148274731E-014  -1.9728666081955502E-011  -9.5759259620612629E-016  -8.3709419487443424E-015  -5.5199627339942289E-016   5.1688692052075367E-016   1.6712689824201765E-002   5.6004957664207390E-016   9.5905066237698012E-014  -3.0149036098877835E-013   4.1194102870597528E-014   2.4023618337363189E-013  -3.7601582656625011E-012  -4.0535882972528544E-014   2.7825232718123530E-015  -1.9704837330578700E-015   7.8359451857605247E-002   3.5818367108500424E-014   6.5746862050168847E-013  -5.0065897356509252E-012  -2.4006770135837213E-003  -1.9632860764994521E-014  -2.3174592546944294E-013  -1.0230398420954263E-012  -1.4209379445919754E-013  -1.0726921229006707E-014   4.6708204822453984E-014   1.7569320244919890E-011  -2.8792976772090181E-015   1.2025128931928027E-015   1.3628669826840053E-014
   2.1750839434018095E-013  0.12236425878015451       -9.7772537928865023E-012   3.7207803049585172E-012  -6.9188103061776054E-013   2.0763687044212698E-013   3.7327823662347998E-014   3.1086186762731204E-012   6.3026954578714494E-010  -2.4159549467213715E-012   5.2439747051832121E-014  0.14999140041666278       -2.9386764237813401E-012  -1.6114378243801853E-017   4.0456546135203419E-012   1.0616367554905660E-014   1.3171214128802914E-014   7.7398215747703327E-015  -1.5899578791329520E-015   1.1945215037284443E-011  -2.9835849717867209E-014  -1.9658445436828085E-011   2.8055578900225788E-014  -6.9551547954589051E-012  -6.4259169122845982E-013   3.5568188949285696E-013   3.7513017657760156E-015   1.2907478769501951E-012  -1.6265392140511916E-010  -6.1764852403811704E-013   2.4585962437207674E-015   5.4132862690540532E-015   1.1496385813869669E-015  -9.9398081885780005E-015  -7.3270230417066461E-012  -2.9016167636278591E-015   5.5590201918470714E-015  -1.1674426652607112E-015  -1.4324642900267723E-014   1.1347944885803914E-015  -3.7699784416115785E-014  -1.6945516832059615E-011   6.6384632652921014E-014   2.2406539828088349E-011  -4.0801400549867025E-014   3.9891227032411044E-015  -1.4720348363442888E-011   2.3893069772368931E-014   1.1694292107989185E-014  -3.0819856185080793E-014   2.2017480798942732E-015  -3.2928896240041428E-011   1.6781918406458027E-013   6.0734421805137224E-011  -1.3422862284034240E-013   5.1551617305171849E-014  0.11981242120473934       -3.7385225007916287E-012   2.7954424649064116E-012   3.3200962735692370E-015   2.7310668923232965E-013   1.3628421563892585E-015   1.4631497419307741E-015   7.0632320116044222E-016   1.4865310307520542E-015   4.9997139045729209E-013  -7.6954007137133703E-016  -5.2101112104616579E-013  -1.7829959988466482E-015   1.0928591858429735E-015   7.2235321998622423E-016   6.6124876338955434E-016  -1.5330387391364697E-015   1.1607841727648387E-015   1.0668003936393433E-012  -4.0924063376964319E-015  -1.3767893214873305E-012   5.7129894349657428E-015   1.7137622733787943E-012  -2.5264766250154769E-015  -1.4079435632006172E-013   6.6984604257510465E-014   7.1646301966291033E-015   5.8995588702922113E-013   9.5839935168848705E-011  -3.9810780509572358E-013  -3.4784669393450534E-015  -3.2568010804996008E-016   5.4224969329222721E-016  -1.4657971694438988E-015   5.4211641838428607E-013  -9.3413885914879723E-016  -3.0964392953943822E-016   4.6200566431857800E-017   1.1067803241266893E-015   5.3549573816697361E-016  -1.5911960163915120E-015   1.1448613896229500E-012  -6.2995930284941715E-015  -1.5495805095103827E-012  -7.5242259406773782E-016   6.7099520578503080E-015   4.1726084841677415E-012   2.3773509201377132E-014   4.8963467487942992E-015   9.5195918701049384E-015   2.8848463797755105E-015   1.3016954255692324E-011  -2.1896128439919763E-014  -1.9538788409895952E-011   7.8819823964256376E-016   1.3318498307476735E-014   1.6712689827141441E-002  -2.6354132568184357E-013  -2.2292238496625094E-012  -1.0484630488485490E-013   4.6800167506334513E-014   3.1184787516195389E-015   3.1257632624788017E-013  -2.9151217706107054E-012  -2.1155247800453699E-013   5.5351990490135575E-014   7.8359451856850879E-002  -1.8346610400170294E-012  -4.9029016122042706E-012  -8.6671630202275600E-016  -2.4006770284218373E-003   6.2932616040429057E-013  -1.5694945990155675E-012  -2.3812852965950907E-013  -1.2024636729944917E-014  -4.7131104992084346E-015   1.2031928317574301E-015   6.9771251348145394E-014   1.7932147488017764E-011  -5.7719862885707016E-014
   3.5174857790143356E-012  -9.7772537928865023E-012  0.12236424808009158       -1.4742003560230452E-009   2.8121644970165140E-010   5.1938630756006683E-014   9.2088961714806731E-013   2.9483617162237290E-010   1.9713637822449233E-013  -5.7605475455450459E-010   1.0458189201707864E-012  -2.9072181739580367E-012  0.14999139723594948       -5.4427790731453807E-015   6.5976499502840817E-015   1.1554435201280898E-011  -2.4947443936817582E-015   1.1949046558054620E-014   7.1898569089057468E-015   1.4496912491914055E-014   1.3844177770675375E-011  -2.4898391987940591E-014  -1.8519157375784649E-011   4.5912406276992969E-009   8.7018787135670033E-011   4.7242485081770676E-015   3.4309377961581147E-013   8.8640246468636659E-011   1.1414101404566730E-012  -1.7547534060326315E-010   6.0683360892175793E-012   1.0013348678462669E-015   9.9456498006192608E-015   3.6190806102069842E-012  -1.1478941562971336E-014  -1.4336022036326073E-011   1.0518277822498788E-015   4.5362768029722774E-015  -1.3040410754900895E-015  -1.1922524137689986E-014   6.2963559343102709E-012  -2.6237031691596468E-014  -1.4735913017405358E-011   3.5616079370046045E-014   1.6516474503577691E-011  -1.2514908455130971E-014   2.0786613950037434E-014   9.8619770202439492E-012  -5.4605216806690640E-015   5.1939060049008315E-015   3.1575633946964364E-014   4.6123297930037046E-014   1.0477526910215625E-011  -8.4931340679207910E-014  -1.5709918034038865E-011   1.3142559506196164E-012  -3.7175345685610674E-012  0.11981241711338662        1.5578117422706434E-009   1.5124693823459404E-015   1.3601030751417547E-015   1.7559837310269386E-012   6.4628376879128339E-016   2.9258568390493953E-017   5.5979385472177435E-015   1.9312832408692177E-015   1.1019277214631854E-012  -5.3969643483140410E-015  -3.4974666325446034E-012   4.6216631462572124E-016   1.4031106008402578E-018   2.4918397300166094E-015  -5.4422422743205195E-017  -3.3985921285114623E-015   4.2329039080309289E-015   1.7184439830339695E-012  -1.2229328970902300E-014  -3.4516729793125842E-012   1.1661660365058591E-014   2.6314416071709710E-012   4.1988081248182572E-011   1.0924268148262131E-014   1.7173460217472884E-013   4.4833579110355503E-011   1.2213439795718879E-013  -8.6464107567278813E-011  -7.5846045069349536E-013   2.5445964617477098E-016  -8.0597743542905287E-016  -4.3620996143702141E-013   1.9124615298720547E-015   1.6996384799591943E-012   2.3537164626970571E-016  -3.5004551900154196E-016  -7.0139231329323003E-017   2.6187174008563446E-015  -7.3405752431241297E-013   4.2501589653851556E-015   1.6573271623085894E-012  -5.0866322240361942E-015  -1.9498373958944254E-012  -1.2369955018810371E-014   2.2346100384984044E-014   2.9932831990638377E-011  -5.5406473320902648E-015   1.7633349770578232E-015   3.6363786215691077E-014   5.1086188730691985E-014   3.0552568959150988E-011  -9.3227718912568095E-014  -4.6159002045155781E-011   1.0550948322823821E-013  -2.7568047354437373E-013   1.6712689540121374E-002  -7.4068347791176948E-010   4.1713540088049284E-011   3.6685077475896494E-015   9.1547490169627318E-014   4.2658614060875788E-011   1.1775848073042592E-013  -8.4412754649539100E-011   6.7757563842342955E-013  -2.0609226119230746E-012   7.8359449874474227E-002   1.7715059866580707E-009  -2.1112983308704721E-013   4.4523911374072661E-013  -2.4006763176444459E-003   3.9317335310308515E-011  -5.6910162277514236E-012   6.8191330883931204E-012   1.6673122464620770E-015   1.4142544155944138E-014   7.2550424622729615E-012  -5.7665433441925616E-015  -1.4074618049651400E-011
   9.8794621094328555E-013   3.7207803049585172E-012  -1.4742003560230452E-009   8.0641127488011360E-002   5.3955320133649882E-010  -8.0538250295484945E-014   6.4853075334961921E-013   5.2080438522505950E-010  -1.7609261509051818E-012  -1.0603714393517292E-009   5.0962336530253631E-012   6.9540716981147777E-012  -3.3221491365869164E-009  -3.2890727577659523E-014   3.5344750740677635E-014   4.0673842432569715E-011  -1.5020086703555285E-014   9.1334254965267462E-015   4.8760944925755055E-014   8.3599646158892975E-014   4.3035546563433029E-011  -1.4341818034531558E-013  -6.2419654517797948E-011  0.24415954584306765       -3.2216043060640013E-011  -5.7285324608318435E-014  -2.5631077259965239E-014  -1.6563793356359219E-011   8.8739282163392631E-014   4.9060021391882349E-011  -1.1130376372495581E-012   1.3443846998419046E-016   7.8464412545052331E-015  -3.7760576978320778E-012  -9.2969415114838557E-015   5.6064700210914125E-012  -4.6167899255116998E-016   3.4268796129644843E-015   1.4947820464257025E-016  -1.0303848791739827E-014   5.8731142118680298E-012  -2.1059229024421121E-014  -6.6933696230646017E-012   2.8755369531279981E-014   5.3948846345177457E-013  -2.1690628474212639E-014   1.5385866840492458E-014   1.5449392513916755E-011  -1.0310235038942517E-014  -8.8853508430135849E-016   1.5762723981128042E-014   3.3335919934460441E-014   1.5238304712042594E-011  -5.6407322568057020E-014  -2.2856743624984842E-011   2.1738484368313307E-012   2.3494444293213008E-012  -3.2822954549021220E-009  0.17014115040115840       -4.3951958147920611E-015  -1.8769271728139844E-016  -2.8125042489340359E-013  -1.8033521958403905E-015   2.8980318816792708E-017  -2.6480050473982830E-015  -2.7858900758384091E-016  -1.6373227855515237E-013   9.6792371851813059E-016   5.0600118237328405E-013  -1.3333034516378823E-015   1.5221251398448625E-017  -1.1299417612458063E-015   4.8315632224345996E-018  -5.4462168895198197E-016  -5.8029750400836549E-016  -2.7927958631521161E-013   2.0657172282449624E-015   5.0289540881466327E-013  -1.9506980845339858E-015  -4.4165094276235638E-013   5.7214599040454742E-011  -8.8676354425516817E-015   1.1397481720603490E-013   7.3583890334284807E-011  -3.0874209534490005E-013  -1.2881609293514195E-010  -9.3642141889967564E-012  -1.2321169960626007E-016  -9.3673154766343922E-015   6.0657245900571222E-012   1.1382476151472259E-014   9.6425180315353703E-012   2.7218746093483826E-017  -4.1828855681926246E-015  -1.3789378893762158E-017   1.2160716276315244E-014  -1.1115262291600574E-011   2.5661158352713589E-014   1.2780189215238498E-011  -3.3644561169724757E-014  -1.3224906730413005E-011  -1.4233599963831657E-014   5.3555163224049629E-015   6.4199000831313423E-012  -6.4946217674242251E-015   1.4976535576741240E-015   3.0471986956302093E-015   1.3546108978747833E-014   6.8072972618988605E-012  -2.1700562301036006E-014  -9.8176013975771699E-012   7.8809933522485039E-013   7.1010189957681620E-013  -4.8395412840002266E-010  -6.1032449523544315E-002   8.5870441755887931E-011  -3.0837485462868954E-014   1.0957455086507983E-013   9.0516970122292292E-011  -2.9225886624550184E-013  -1.7713369891992334E-010   4.4952689483864419E-012   2.6155472038848797E-012  -2.1378509904591312E-009  0.17072451275868153        2.7213090293796670E-013  -2.2149625372850057E-012  -3.4746369612222588E-010   1.2638045113403595E-003  -1.7669879901315437E-005   3.0402401561397261E-011  -7.0854976069220723E-015   3.9126266492542336E-014   3.0625965397143383E-011  -1.0536059046272329E-013  -6.1040164900105987E-011
   3.8822307137662047E-014  -6.9188103061776054E-013   2.8121644970165140E-010   5.3955320133649882E-010   4.2566077898198671E-018  -4.1995043549020732E-022   6.6553689499190748E-021   4.1624329126186606E-018  -1.4910918100502552E-020  -8.4191381973925136E-018   4.7689086337378988E-014  -8.4829039778098990E-013   3.4469653194816860E-010  -2.2887180554818604E-022   2.2847222150984106E-022   2.9860760171291638E-019  -1.0437262289772528E-022   8.8470313597294928E-023   3.3592429762190360E-022   5.2385262656689363E-022   3.1966502123196455E-019  -9.0393295427487587E-022  -4.6006497542106086E-019   1.6336263717030545E-009  -1.6019537131668909E-020  -3.7411389242871635E-022   5.6450591969571713E-022   9.2510364058458202E-020   4.1662825393375466E-021  -7.4189893416918333E-020   6.5143279078005881E-021   3.1571961502167714E-024   7.0965651862008370E-023  -1.6899719049635754E-020  -4.7936098172373691E-023   4.4891471827083789E-021  -7.1783451493624624E-025   3.1339882054465500E-023  -1.9126057044753862E-024  -9.0508234902214325E-023   5.3796936273167081E-020  -1.0722244901727134E-022  -7.8753060436092799E-020   1.5004133421982821E-022   4.1668732312306954E-020  -1.8495287825939194E-022   2.3313212836523670E-022   1.2594736054809272E-019  -8.5662010111921345E-023   6.3261488796493657E-024   1.9693044508273761E-022   5.1538284286781353E-022   1.2597753105957263E-019  -9.1500404581892405E-022  -1.8889057025810495E-019   3.9127250713462592E-014  -6.7962530027789999E-013   2.7521594174909901E-010   1.1383565493873641E-009  -2.5720315035172121E-023   3.8990723407013451E-025   2.1569261258356614E-021  -1.0516590580125127E-023   1.8489961216326524E-025  -5.3751008918005476E-024  -2.0485882959395863E-025   1.4372390389536934E-021  -2.9733180313056762E-024  -4.6405096235555755E-021  -7.7622629715192190E-024   1.7230569569926860E-025  -2.0942443199224386E-024  -8.1752888090986993E-026  -1.0912969313118388E-023  -2.7227351094291748E-026   2.0857859512071712E-021  -6.4403556026882622E-024  -4.5585924552760728E-021   4.1389191107831039E-024   3.1052387145353265E-021   4.7946355744845043E-019  -3.4414714935562113E-023   1.1859199048485558E-021   5.9525820236553258E-019  -2.3524611466766651E-021  -1.0606408272248306E-018  -6.4352001291216047E-020  -2.5082515510580795E-025  -6.5015136296737399E-023   3.9524201804856590E-020   7.8251483008312830E-023   6.8404357494986162E-020   7.0999481899978654E-025  -2.9031171805976132E-023  -2.5526903760079881E-025   8.8000677995734962E-023  -7.6054521771318666E-020   1.7676195985594860E-022   8.9374825416990608E-020  -2.3033457989470237E-022  -9.2986146382289147E-020  -1.2112468325626050E-022   6.5477633381606630E-023   1.1190529130181042E-019  -5.4959831471153193E-023   1.3859538159187700E-023   9.9238696347310291E-023   1.3586927696519264E-022   1.1588058182844286E-019  -2.5217783016026983E-022  -1.7192847312089343E-019   2.5202708084533843E-014  -1.3329790593524536E-013   3.5982478289372572E-011  -4.0885674702134244E-010   6.7089641970071563E-019  -1.9808653200761701E-022   9.3664779663848772E-022   7.0419735105830804E-019  -1.6606009282185736E-021  -1.3801753105471388E-018   2.5422859465520543E-014  -4.4416125843150763E-013   1.8001648865251489E-010   1.1422866530788793E-009   1.7821782198718854E-013  -3.3538379655545403E-013  -2.7340491656208808E-011   5.8453475268536355E-012  -8.1368387408977077E-013   2.1875158724809227E-019  -4.3513525440715476E-023   2.8554373695768051E-022   2.2124436472435758E-019  -8.0585832537850458E-022  -4.4007584151983232E-019
   2.1779045486029982E-012   2.0763687044212698E-013   5.1938630756006683E-014  -8.0538250295484945E-014  -4.1995043549020732E-022   3.9447942364795285E-023   1.1037256754834400E-020  -3.9559341758430958E-022   1.0768525926791924E-021   8.1556520464403902E-022   2.6699775187530396E-012   2.5460370408171350E-013   6.3665581870979750E-014   1.7901114838469878E-022   7.0902300600786243E-024  -3.5473127835581783E-023   1.0021933123162668E-022  -4.1766226818958109E-025  -3.3802829108812474E-022   2.0503773578231263E-023  -3.7174354216085113E-023  -3.3977394408193549E-023   5.4423511807536693E-023  -2.4383927601758708E-013   7.5354838309330431E-023   1.9926711007947330E-023  -2.9470001302380476E-021   5.2907594967648393E-023  -2.8070761476482926E-022  -1.2789751689796647E-022   3.7868816448186784E-024  -2.5102899066263760E-025  -2.9183185881613159E-022   5.3423666856718393E-024  -1.2154537581449344E-023  -1.2059906862107131E-023  -2.5770255420308757E-025  -1.3493870688752292E-022   6.8164323613854852E-025   3.9241601250375604E-022  -3.3867231855832587E-024  -2.8041827491332691E-023   5.6414496507459470E-025   3.7097352297023776E-023   6.5134156596367713E-024  -6.1968625323765755E-022  -2.4483941895021422E-023  -1.2325101326177999E-023  -2.3120442197258124E-022   1.4300775773550608E-024   1.0881691789000122E-021  -5.6009088334828882E-023  -1.0661686094791965E-023   1.0278376127200865E-022   1.6939033454507959E-023   2.1363307746017611E-012   2.0426190938853884E-013   5.0859348458293225E-014  -1.6996520211418056E-013   1.8268031410259238E-023   4.6844556783040502E-025   1.0540574377645240E-024   7.4780831928821976E-024  -3.5823577219797866E-026  -2.5530305046445892E-023   8.6572134648947740E-025   6.3471497929063932E-025  -8.6918585849458420E-025  -2.0312239938027609E-024   6.7143258834219844E-024  -3.5365009401399810E-026  -1.2633324000935987E-023   7.0900092083866687E-026   3.2134802343072919E-023   1.8423749309058255E-024   9.9148879544699106E-025  -2.3163785730517597E-024  -1.9489731868010628E-024   2.9112974776721538E-024   1.5664012727086578E-024  -3.7823486094908218E-023   8.0638259000680528E-024   1.6838264670504140E-021  -5.4393012084902686E-023   1.6795244713760723E-022   9.1215335936667293E-023   9.1413781319209126E-024   1.6732561852751587E-026   1.8643045723587364E-023  -6.3210496996026998E-024   6.1896043015796503E-025  -9.1463358645592408E-024   1.6269729501227213E-026   7.7633411158615330E-024  -4.4991454731756365E-026  -2.4423564102955809E-023   1.0845711936364743E-023   1.2544124522458095E-024  -1.2207297633505055E-023  -1.7195294590210257E-024   1.2529791400164207E-023   2.1220034759570325E-022   6.4168359120233760E-024   6.5245136451470870E-024   9.2096340622526110E-023  -4.5001417055830283E-025  -3.4585611962979504E-022   2.1716786478275001E-023   6.0419506313987198E-024  -3.1872735628773181E-023  -9.8491904704307471E-024   3.6611692106985827E-013   4.5414130692613002E-014   7.1628467627459947E-015   6.0047920232004727E-014  -6.7464726181033380E-023   4.4785973809012620E-024  -9.2120955960884780E-023  -7.2324178957739684E-023  -1.0847500719773820E-023   1.4049791777028486E-022   1.3966218634374109E-012   1.3344772977428826E-013   3.3262338426617073E-014  -1.7050002046517391E-013   5.7474617989318970E-013   1.4931381573338305E-013  -3.9849086934702712E-016  -5.9801044640878688E-015   1.3448152991755499E-015  -2.7565412641786278E-023   1.0858984070510377E-024   2.7092352961213725E-022  -2.7376563015008483E-023   2.0152055963600284E-023   5.4954236021866459E-023
   6.1903610400959647E-010   3.7327823662347998E-014   9.2088961714806731E-013   6.4853075334961921E-013   6.6553689499190748E-021   1.1037256754834400E-020   3.1334530866589452E-018   4.7291544278589593E-021   3.6851897949458934E-022  -1.1383003449411169E-020   7.5883236910959494E-010   4.5755219482365846E-014   1.1288993923252491E-012   5.0556169002739745E-020   5.2492560909646143E-023   4.7430446945072252E-022   2.8375491585321101E-020  -1.2053633894775847E-022  -9.5519935444305311E-020  -2.8069295240466220E-023   4.4128028253838667E-022  -2.9834741292522967E-023  -6.6674016600930946E-022   1.9635651206646276E-012   2.5297038286740461E-021   5.5861904711218623E-021  -8.3361522954804293E-019  -4.3289984386697937E-022  -9.8393120419990793E-024  -1.9502220438460535E-021   8.3390783433177692E-023  -7.4452577239535163E-023  -8.3476747684805985E-020   3.6481263678041198E-024  -9.6927228251451141E-024  -1.9372522591195040E-022  -7.6593045013838945E-023  -3.8598369458526223E-020   2.0195133570793803E-022   1.1224746835708391E-019   6.9441992073321303E-023  -3.2346552465206067E-024  -1.7029700436999588E-022   9.6002626365640818E-024   1.8188234671497204E-022  -1.7626232217694975E-019   3.2817869329100909E-023  -1.0669447091392364E-022  -6.5805537508434794E-020   4.2094728008561535E-022   3.0947602587044469E-019  -3.7044104231714374E-023   1.6673644372509582E-022   7.5191660619712079E-024  -3.9539217279868960E-023   6.0647343787144073E-010   3.6544984289363299E-014   9.0270835734078057E-013   1.3683575356735903E-012   5.1532576800668107E-021   2.6580387539227620E-025   1.7962431804145095E-023   2.1167306482444473E-021  -1.0456853392301664E-023  -7.2664346088764254E-021   2.3855109133835615E-025   8.2190796613604682E-024  -2.0735784635253843E-025  -3.3088865506640350E-023   1.8919517181026578E-021  -1.0462073321107193E-023  -3.5945182288597289E-021   2.0898676858311925E-023   9.1174888408328913E-021   7.7837218062518453E-025   7.6821568454231956E-024  -2.9644865312148184E-025  -1.9536077919286927E-023   7.4214214420902683E-025   1.9335975336779784E-023   1.1066990380654446E-021   2.1545352410176522E-021   4.7486515069016755E-019   6.3530573631119972E-022   6.6680514502745515E-023  -1.5117186650240349E-021  -9.5657852904190081E-023   5.2656939608756604E-024   5.8019296390153574E-021   3.8563338766698742E-023  -7.4157457608601701E-025   9.1076543494114167E-023   5.1055052688950236E-024   2.4398227924270007E-021  -1.4395678497931095E-023  -7.6194951634786095E-021  -1.0452905801954339E-022   5.9520888089242754E-025   1.0665175185412713E-022  -7.4241984936790794E-025  -1.3495657417259005E-022   6.0888375074013445E-020   9.2057483312297699E-024   3.1660492069844113E-022   2.6314762474009613E-020  -1.3378874638059733E-022  -9.9330897304821933E-020  -7.1728625553547316E-025   2.4165962749108555E-022  -9.7738697327483580E-024  -4.2236901345085629E-022   9.0744188796782037E-011   5.0199406272764277E-015   1.4404826882972207E-013  -4.8970228673276265E-013   1.2088871222438823E-021   1.2236410108912595E-021  -2.1288656601636937E-020   8.4201993442810845E-022   1.1740531598734885E-023  -2.0636723153992336E-021   3.9659238767696532E-010   2.3901726632874197E-014   5.9023390058963935E-013   1.3729898479836440E-012   4.3574687127744807E-011  -1.4369864696903490E-015   1.4626615355205437E-013   1.6051118993854362E-014  -3.1668978655263957E-015   2.5289208593699795E-022   2.5746750581759408E-022   8.5115198156784546E-020   2.8528944002155038E-022   1.0751977390452277E-023  -5.3816230547438561E-022
  -3.3092774036353307E-013   3.1086186762731204E-012   2.9483617162237290E-010   5.2080438522505950E-010   4.1624329126186606E-018  -3.9559341758430958E-022   4.7291544278589593E-021   4.0742679413214184E-018   5.1296416949639560E-021  -8.2367955662466613E-018  -4.0569610323047739E-013   3.8108849380679476E-012   3.6139132700573508E-010  -2.5254442650085778E-022   3.4717606543613893E-022   2.9042610262545607E-019  -1.1782898789705752E-022   8.7985369114244872E-023   3.8350923600528112E-022   8.8007184592226982E-022   3.1118778398901454E-019  -1.4885420133264747E-021  -4.4759595118867052E-019   1.5768510931316687E-009   1.2597886085946812E-021  -3.5259312850321061E-022   1.1146664992821275E-021   1.0623442276680618E-019  -8.1523216117938045E-022  -1.0524781017111855E-019   7.5165887768590310E-021   3.4508310442987441E-024   1.1908936638118762E-022  -1.5647856655086128E-020  -2.7253178936762099E-022   1.5022453891745785E-021  -2.7585902617132476E-025   5.3580454960495973E-023  -2.6506851875906925E-024  -1.5503920434918932E-022   5.3173997296057242E-020  -6.2671743486337866E-022  -7.8878533798244749E-020   8.3682574074814302E-022   4.3456930221782130E-020  -7.5867665662124533E-023  -2.2267680489182186E-022   1.2350666472466603E-019  -4.4277511964318269E-023   5.9198672203407128E-024   1.2562553385497882E-023  -5.0997139571223529E-022   1.2365985217177570E-019   9.7302001012417373E-022  -1.8540885016154985E-019  -3.2459960263927698E-013   3.0482786244548718E-012   2.8855207095152294E-010   1.0988403715415329E-009  -2.7440802146263206E-023   9.0888519709546648E-024   2.4174926581695886E-021  -1.1199105737009983E-023   2.0864485812026912E-025   2.9217646552656054E-025   1.5715758325322893E-023   1.5977544549093834E-021  -1.9854261972473418E-023  -5.1470141805910211E-021  -8.4807024853432881E-024   1.9903651836062457E-025   6.3449336600882414E-025  -1.4933073041568426E-025  -1.6561574670281736E-023   3.3902894136691517E-023   2.3415466419112147E-021  -5.0857873163708684E-023  -5.0590454480870612E-021   5.9084197908239035E-023   3.5002052912883318E-021   4.7032577354633212E-019  -3.0322250175261593E-023   8.8778603133607049E-022   5.8312114702368125E-019   7.4300706329947968E-022  -1.0397853232580559E-018  -6.2426245007321882E-020  -2.0541346326932112E-025  -6.5374858526036822E-023   3.8117001710878502E-020   9.0662727917899450E-023   6.6588878191951884E-020   7.1980731958503729E-025  -2.9090833164912127E-023  -2.2115972862666469E-025   8.8690730196717826E-023  -7.3645500089881665E-020   2.0220293118670799E-022   8.6696619944509465E-020  -2.6510730964837521E-022  -9.0327966567595358E-020  -1.5388486990880791E-022   1.9139143944869220E-022   1.1369058308394506E-019  -6.9186084642132133E-023   1.4064090174526735E-023   1.6002846054521383E-022   5.4009795033008722E-022   1.1764262043421704E-019  -8.5501523559727161E-022  -1.7470201111659794E-019  -5.5432585902716624E-014   5.0472010721339153E-013   3.7850496202921944E-011  -3.9376421385053307E-010   6.5549710352042492E-019  -1.8972090352250684E-022   9.4365963823914897E-022   6.8777407567877746E-019  -1.7134401814997183E-021  -1.3481916711142131E-018  -2.1220796510738890E-013   1.9929555407458760E-012   1.8873848850593294E-010   1.1025867220382095E-009  -8.5550079242885177E-014   6.5977923510868538E-013  -2.7537401433890823E-011   1.0251322430761814E-011  -6.7356623997115490E-013   2.1239727489485046E-019  -4.1907423027611340E-023   2.4324758218529940E-022   2.1490461594518402E-019  -2.9742049490610332E-022  -4.2737919806206076E-019
   3.7334441336042211E-014   6.3026954578714494E-010   1.9713637822449233E-013  -1.7609261509051818E-012  -1.4910918100502552E-020   1.0768525926791924E-021   3.6851897949458934E-022   5.1296416949639560E-021   3.2481767104378259E-018   9.7854775038312757E-021   4.5764169525316985E-014   7.7260213099557078E-010   2.4197810930904246E-013   3.6690311178809472E-024   2.0865487287717316E-020  -8.1190964881461324E-022   6.9935843077698761E-023   3.9751447968307387E-023  -1.5005447830979396E-023   6.1680410692295793E-020  -1.0684746920106879E-021  -1.0149780524479395E-019   1.4744901523313051E-021  -5.3315773638218595E-012  -2.4288260048299749E-021   1.8190827723962149E-021  -2.9807309422125195E-023   7.1099905533183896E-021  -8.3968770714884034E-019  -4.5283189772061817E-021   4.4800148355345890E-023   2.7835507232889202E-023   6.9769736945302370E-025   3.6364090873781482E-023  -3.7630546003281151E-020  -1.5690661938182714E-022   2.8589617640473839E-023  -8.3859628556932252E-024  -7.3553315614557172E-023   1.2847159505771593E-023  -3.1360176162408842E-022  -8.7029143543483774E-020   4.6693885281376017E-022   1.1507611922431460E-019  -1.9922760235964970E-022   1.0807183398915100E-023  -7.5684947466360195E-020  -1.9630135786432236E-022   5.6269273180237962E-023  -1.5854108107775989E-022   2.9981976174589878E-023  -1.6961849081833229E-019   5.4928741529194233E-022   3.1273464733982287E-019  -2.1841250146221355E-022   3.6560667542464364E-014   6.1747324730660133E-010   1.9667602666093132E-013  -3.7154447046529298E-012   1.7685239971514608E-023   1.4080263809509826E-021   1.6076088985330698E-023   7.7681011561419020E-024   3.5447480592919225E-024   7.3715361181478542E-024   2.5810996811636614E-021   1.4766294737823128E-024  -2.6770082375166254E-021  -2.5999269219903429E-023   5.8266040468752257E-024   3.8104541814583177E-024   3.2548451708766482E-024  -7.8854161782266567E-024   6.5902701934632265E-024   5.5051343773754898E-021  -1.2169914313158954E-023  -7.0819497003579053E-021   1.2876046555887361E-023   8.8257486798643763E-021   1.0697057687007290E-024  -1.9239477133497101E-021   3.6071254765944696E-022   6.3365920381061552E-023   1.5573705278734089E-021   4.9541263512919327E-019   5.8842529364549657E-022   1.8727293540417785E-022  -1.5699984043195683E-024   3.3721832001018098E-024  -1.4025551801567956E-022   2.6877315144071032E-021  -2.1662721396957533E-022  -1.4859800090780912E-024   4.5738290727420581E-025   5.5017586142358935E-024   2.0159344283576035E-024   2.3465752837837821E-022   5.6545488501790303E-021  -3.1152329330917905E-022  -7.6612030314994728E-021   2.8545520863207885E-022   3.8638549186613660E-023   2.1237548626451226E-020   2.7548150768511820E-023   2.7616762911174547E-023   4.8623914114490303E-023   8.8485297568822303E-024   6.6916459918523266E-020  -2.1249369895118487E-022  -1.0016204703920435E-019   1.4730161224849899E-022   5.1851776591410488E-015   9.2289804174247175E-011   9.2108650324020844E-014   1.3295676867674882E-012  -2.3668344151828939E-021   2.4067635813655965E-022   1.2578248387674198E-023  -3.0189973936636006E-022  -1.7297932614102355E-020   2.6655419768664245E-021   2.3910604183350082E-014   4.0378636318474899E-010   1.2808235615478786E-013  -3.7280144462517229E-012   4.0864750323353760E-017   4.3456245912891105E-011   5.8238000448428594E-013  -4.4111774058827444E-014   3.8108251286005008E-016  -7.1836517143940299E-022  -1.6949268194660081E-023   1.0699600680124775E-023  -2.6457644504915205E-022   8.8581823536789750E-020   9.8336070635693734E-022
   2.9239324333867705E-013  -2.4159549467213715E-012  -5.7605475455450459E-010  -1.0603714393517292E-009  -8.4191381973925136E-018   8.1556520464403902E-022  -1.1383003449411169E-020  -8.2367955662466613E-018   9.7854775038312757E-021   1.6656125976646622E-017   3.5836323982702406E-013  -2.9616374749174266E-012  -7.0609047245108134E-010   4.8145970217223138E-022  -5.7563102056218049E-022  -5.8904071153869680E-019   2.2222154479508440E-022  -1.7645740352726137E-022  -7.1951438512492433E-022  -1.4038748126946797E-021  -6.3086025305593593E-019   2.3923914517390453E-021   9.0767169951719007E-019  -3.2105192756589362E-009   1.4761990807145339E-020   7.2671702014535872E-022  -1.6797656876290228E-021  -1.9874294174014593E-019  -3.3519919574329811E-021   1.7943372817785178E-019  -1.4031839857562941E-020  -6.6080689737693331E-024  -1.9006869747889451E-022   3.2548575087938261E-020   3.2041480606611299E-022  -5.9907961748205469E-021   9.9377384174161172E-025  -8.4926642243147271E-023   4.5632050310483896E-024   2.4556589081584556E-022  -1.0697269139242877E-019   7.3381694830233238E-022   1.5763366077594382E-019  -9.8670440290563945E-022  -8.5127192250191375E-020   2.6074471452755328E-022  -1.0563437729310287E-023  -2.4945761232101556E-019   1.2991362814667875E-022  -1.2246212382446655E-023  -2.0936437362295343E-022  -5.6300267457048651E-024  -2.4964096477431363E-019  -5.7606854323713642E-023   3.7430476798326868E-019   2.8579182667527968E-013  -2.3679127384037531E-012  -5.6377008641235814E-010  -2.2372267497204828E-009   5.3164135802745002E-023  -9.4770319522226219E-024  -4.5743970049612927E-021   2.1716504898663366E-023  -3.9354244913272701E-025   5.0794867895606593E-024  -1.5508093890132167E-023  -3.0349820323356344E-021   2.2823696424341108E-023   9.7874890978475792E-021   1.6244177750381473E-023  -3.7135841675869999E-025   1.4579963391370039E-024   2.3108891222985358E-025   2.7479106055563215E-023  -3.3869414675101176E-023  -4.4273107558687985E-021   5.7288574799027499E-023   9.6176032830167668E-021  -6.3211810640015040E-023  -6.6054082493356373E-021  -9.4979247115442504E-019   6.4744460814182419E-023  -2.0733196740966146E-021  -1.1783921731351741E-018   1.6099933531678259E-021   2.1004417751757008E-018   1.2678232677958365E-019   4.5624558761357660E-025   1.3036895141525967E-022  -7.7642992156127990E-020  -1.6890509566024471E-022  -1.3499842625025844E-019  -1.4298285143494096E-024   5.8112118274457111E-023   4.7648112229365344E-025  -1.7666301868224591E-022   1.4970332434414633E-019  -3.7894430127816953E-022  -1.7607528753272880E-019   4.9541456689700682E-022   1.8331937017185208E-019   2.7500683669162299E-022  -2.5682409905537166E-022  -2.2559672213514427E-019   1.2414999690060212E-022  -2.7923654887631486E-023  -2.5926396879099654E-022  -6.7587593464561407E-022  -2.3352410913363221E-019   1.1070352324502712E-021   3.4663179950181880E-019   3.0941722823257914E-014  -3.7177578396535152E-013  -7.3832997471211226E-011   8.0261827417961378E-010  -1.3264079933715589E-018   3.8781275402907694E-022  -1.8805803286767600E-021  -1.3919857988255367E-018   3.3742337473595182E-021   2.7283960667796830E-018   1.8698840136942944E-013  -1.5483060599502255E-012  -3.6875633565594821E-010  -2.2449025980004819E-009  -8.6624733370825678E-014  -3.2855230745019087E-013   5.4880348708068468E-011  -1.6165482197612395E-011   1.4744927713781340E-012  -4.3115349923257565E-019   8.5423594048013004E-023  -5.2916491073635702E-022  -4.3615388129643672E-019   1.1036916428938909E-021   8.6746458099665456E-019
  0.14999140040900794        5.2439747051832121E-014   1.0458189201707864E-012   5.0962336530253631E-012   4.7689086337378988E-014   2.6699775187530396E-012   7.5883236910959494E-010  -4.0569610323047739E-013   4.5764169525316985E-014   3.5836323982702406E-013  0.18385670678469923       -1.7453715170621448E-013  -2.7207918747453686E-012   1.2216765353406202E-011   1.2291055059144635E-014   1.4380141471792231E-014   6.8649475391067316E-012  -2.9177977721911649E-014  -2.3087528709439184E-011  -7.8567740613983389E-015  -2.3747996398782195E-015  -5.4488521740223361E-015  -5.9433631278876694E-015   1.7608374135865943E-012   5.2012647910063410E-013   1.3640002120284077E-012  -2.0155911283015756E-010  -2.3694489882616599E-013   7.4040605373490816E-015  -2.4849660338425580E-013   1.1395977321914061E-014  -1.8089361979979477E-014  -2.0281472724117608E-011   1.7239425763843066E-015  -1.7715850557685895E-015  -3.1997736794920158E-014  -1.8607000464723834E-014  -9.3779149537272896E-012   4.9069437657605980E-014   2.7271653610419811E-011  -6.0369710033861663E-015   5.6021583357079311E-016  -1.5682476795645265E-015   5.4895167057701090E-016   1.3156102227765210E-014  -4.2720401219689549E-011   9.0864884556486087E-015  -7.4119801907257904E-014  -1.5953033016500405E-011   1.0204996000628722E-013   7.5004289498183263E-011  -6.7625577666512630E-015  -8.4899615809185285E-015  -2.4318492980714201E-015   6.3809869116715063E-014  0.14686964338302849       -1.0740713366101315E-013  -1.5466569270888197E-012   7.8729473630613010E-012   1.2448743977924491E-012   4.1260105818323113E-017   1.7009007974117165E-015   5.1210359407285031E-013  -2.5353205172994746E-015  -1.7614496011363055E-012   2.1423653095000819E-017   3.0285157660875096E-016  -3.8142209170017176E-018  -2.5983583564938282E-015   4.5680127725718097E-013  -2.5342514774119768E-015  -8.7123376400115092E-013   5.0647313461750820E-015   2.2074923466205597E-012   1.0274000647797704E-016  -7.1541721081860117E-016   5.0162687679243448E-017   5.9447849779690252E-016   3.7081526376662594E-017   7.7431490150101205E-016   7.6178182501796273E-014   5.1270796712820970E-013   1.1466742878532276E-010  -6.9294923353633928E-014   9.4238197219867377E-015   4.4581181231359846E-014  -3.6441007319830520E-015   1.3276992682935156E-015   1.4586045932223273E-012  -1.7674700279765778E-015  -2.4194153395693346E-016   3.7506252062818179E-016   1.2819784577419520E-015   6.1563409982273154E-013  -3.6166823109484189E-015  -1.9172297064763457E-012  -2.4006226939561973E-015   2.3962113996143096E-018  -1.9193955434976673E-015   6.0417463222390608E-018  -3.6113840252705659E-015   1.4813688242457538E-011   1.7397567184997133E-015   9.9910929386024405E-015   6.3908520831393029E-012  -3.2613734717193140E-014  -2.4174428501716842E-011  -1.1798024946833857E-015  -1.0259718159668894E-014  -6.7913688872750188E-016   6.4076477826171316E-016   2.0597262885849038E-002  -2.7706072364386360E-014  -3.2525967047976813E-013  -3.6110835558605230E-012   5.0485380259066793E-014   2.9462881514797129E-013  -4.6498285147664399E-012  -4.9659203134323567E-014   3.4096838869344513E-015  -2.4311882273432899E-015   9.6054422084231608E-002  -9.3183160815320132E-014  -1.2853652622564392E-012   2.0927128892637942E-012  -1.9424272675609366E-003  -1.2318945825542542E-014  -1.9156673432102040E-013  -2.7586307688776384E-012  -2.4083774680266580E-013  -1.2993097108527740E-014   5.7634794984131228E-014   2.1468445750157049E-011  -3.5961762587305704E-015   1.4734178283360168E-015   1.6616864864191914E-014
