   7.9356329254787555E-002   5.6380950963065892E-010  -5.8749208891181074E-009   2.6443935262439497E-010  -2.2224064915582510E-009  -2.4546843114512053E-009  -9.6012319442902654E-011   1.4223427058726863E-009  -4.1954426445429457E-009   8.0006451497436782E-010  0.14436780237616095        3.6177291329816930E-010  -3.8422034802958879E-009  -1.1763831682978350E-010   2.7155232511833643E-011  -7.3168420613376716E-011   1.1389066283195595E-010   1.2721008537014998E-011   4.3116858226886399E-011  -1.3902802349373938E-011   1.2104599772467183E-011  -8.5009887943201064E-012   4.5515017202371062E-011   2.9145801792532681E-010   3.8618693547367428E-011   1.5317039505637877E-010  -9.4916748175586162E-012  -5.4466546960116315E-011   1.2364879614509132E-010  -1.3369009828522425E-011  -1.1875901753980711E-010  -5.4528374361115521E-012  -4.6167351374671778E-011   1.3555629349733346E-011   2.6175518800043115E-011  -1.7629558131789919E-011   8.4887466763940343E-012  -7.4532769942174230E-011   2.7796531782973968E-012  -1.2089881066504709E-009  -4.5531122247347208E-010  -1.8771300394484633E-010   6.9712181113743038E-010  -1.1913823797054283E-009   5.1186250473082501E-010  -8.7573829924337617E-012   2.9967714510524431E-012  -2.3743476378576969E-011   3.3414499673527390E-011   3.4067761355110102E-012  -2.0945564747543212E-011  -2.0784728483719698E-012   1.1755994837118988E-011  -2.1777011646331850E-013   8.9303746766120707E-012  0.12620209159246404        3.5550411186425150E-010  -3.8988869081383118E-009   6.4495403059443483E-010   1.1870950987125294E-012  -1.4153378931440406E-013  -1.9177480588787912E-013   1.7783568899407332E-012   2.0742110096693884E-012  -3.3688794785665413E-012   1.0330531392312235E-012   3.8288917265767844E-012  -1.1410748564362440E-012  -2.6047375074176022E-012  -4.7425118544488835E-013  -8.4350526528844866E-013  -1.1097582571452751E-012  -1.2307024045750661E-012   3.4668139293485996E-012  -7.0502653953643435E-013   7.1999789280858865E-013   4.9831869513632804E-013  -3.7984236727795867E-012   2.6673675147198034E-013   2.9316860418402301E-012  -6.3746097362910250E-010  -4.5644845318754316E-010  -6.8554520209813325E-011   3.8485091551735191E-010  -9.2610062113052802E-010   2.5260057012389180E-010   1.1291580426875772E-011   3.8770914457915067E-011  -2.7293550856668833E-012  -1.4378778135892590E-011   3.3507596484082694E-011  -5.4543596149184640E-012  -2.2356348083040050E-011  -3.0165492557566250E-012  -2.2021843966548865E-011   4.9771350755929527E-012   6.6492097371163222E-012  -1.3949247212984486E-011   2.7003019244797038E-012  -1.1025974537656392E-011   1.5686404355286080E-012  -1.6914637239804879E-011   3.9415502519879618E-012  -3.8076603293631245E-011   1.2263345013093473E-011   3.4163295352389010E-012   1.1458158276935188E-011  -2.6211401799724928E-012   1.1126653183620200E-011  -4.3476123513764691E-013   2.0082965288494192E-011   3.3512465991924707E-002   7.3573405615257294E-011  -8.2180277978414388E-010   4.9481004401193924E-011  -2.9260783430339942E-010  -3.2940298271488226E-010  -2.3613682194079890E-011   1.8798033211560021E-010  -5.9540209748705402E-010   1.0462820884630515E-010   8.4169568151928109E-002   2.2268836594920367E-010  -2.4476122864830713E-009  -5.3637725794242848E-004  -2.0397416233633367E-011   1.8212509815284992E-010   8.2865324702398555E-010   2.4695078459323232E-010   1.6730229975141132E-011  -7.8284099515978291E-011  -1.0270593073572198E-010  -3.0963566035118828E-014   5.2001359897357502E-011  -1.8844424670067081E-010   2.6282704440493272E-011
   5.6380950963065892E-010   7.9356334476599372E-002   6.1312540819406026E-010  -1.5218663312779748E-009  -4.3494329221952696E-009   3.8729077214228610E-010  -2.1464495473239256E-010   1.8572344487836617E-009   2.6421938575776537E-010   2.4922006954930005E-009   4.0580048366986563E-010  0.14436780587282727        4.8164714929981643E-010  -1.1354714251346962E-011  -9.7163075423237211E-011  -1.8918040613351229E-011   1.3873629039708667E-011  -6.1562027659770222E-011   1.3178852499526040E-012   1.0945051575899805E-010   2.6341709298964119E-011  -4.9875646084166326E-011  -5.5453000183086200E-012   5.4958797885526016E-010  -7.7814162818627706E-011   3.0803109983332412E-011  -6.7534048979269810E-011   1.3006592693338412E-010   6.0827428162905830E-012   6.6336131911984710E-012  -3.5965276463438976E-011   1.9709072189214137E-010   6.9258305177413359E-012  -7.9369121598838293E-011  -5.0868369486353653E-011  -3.0888169355721803E-011  -4.0699750368060415E-011   2.6354148593771015E-011   1.9398343743275313E-011  -1.2834424962163369E-009  -4.2500991081221487E-010  -4.8385868926663323E-010   8.3543364931202624E-010  -5.6635349458910790E-011   4.4798662450730360E-010  -1.6915260246855026E-012  -3.1547857857542930E-011  -7.5826125012836748E-012   2.4501003428728463E-012  -2.4092823698955348E-012  -1.8495241714617597E-013   5.0882063398274571E-011   7.0872807728820554E-012  -3.6830038042815560E-011   3.6956579658437113E-013   3.8534750910908439E-010  0.12620209511499428        4.8738910971848642E-010  -5.5099296073861927E-010   7.8303551081888586E-013   5.8231699117288258E-012   3.5508217416688661E-012   4.2713445638291427E-013   6.8350344569812028E-012  -2.1159548360971437E-012   4.2712311483802148E-012  -2.7673987478460009E-012  -1.5955026859819993E-011  -2.5836145530525751E-012  -1.3708882900081553E-012   2.5567282097699045E-012   1.8431608707536858E-012  -9.3916911848801124E-012   5.7170100352092957E-013  -4.1834345265470538E-012   7.2782394610213066E-013   4.8683415324933628E-012   1.1123337953164310E-012   5.3636751782139651E-012   6.7780751765081742E-013  -9.6200487317986029E-010  -5.6954752530445450E-011  -6.8694518235015151E-011   4.6254127057621056E-010   1.7360220940121753E-011   4.9941645868324858E-010  -2.0394915134955674E-011   1.3332587619782952E-011  -1.0871567048363808E-011   4.0328400930040281E-011  -1.4423374022467338E-012  -4.4983231670347438E-012  -1.3683874804828131E-011   2.8555636605823197E-011   4.7143297133806309E-013  -1.0411489008418407E-011  -1.2539177372913476E-011  -4.2516878716007966E-012  -1.8297616607517180E-011   5.3264836989649380E-012   1.2978914962241135E-011  -4.3605721511930326E-012  -1.8633604142849928E-011  -2.3812765734355904E-012   3.7002870927736073E-012  -2.1088111936135822E-011   2.1661513165241581E-012   1.8569153272006075E-011   5.0782329268896290E-012  -6.2974834351573004E-012  -2.0058845699185008E-012   8.3964980735577719E-011   3.3512466677722036E-002   1.0135329158886705E-010   4.8675519455446846E-011  -5.6918177626841854E-010   5.0824815344945669E-011  -1.4941565700802319E-010   2.4490130514843118E-010   4.1581509364740740E-011   3.2427997245968836E-010   2.4616150007503735E-010   8.4169570378478387E-002   3.0729195075430490E-010  -1.8830133972110030E-011  -5.3637740977909661E-004  -1.7291391300826723E-011  -5.3051776761603015E-010  -1.1488881892135874E-010  -6.9340761651319377E-012  -1.8329270196939630E-010   2.9235152091033812E-011  -2.6754317670553361E-011   7.5625954539061035E-011   1.9490818376728943E-011   1.0766671948604105E-010
  -5.8749208891181074E-009   6.1312540819406026E-010   7.9356331600183266E-002  -9.3197645965209401E-011   4.9979185713924900E-010  -4.0252462746341769E-009  -5.3893990162186375E-010   4.6894764742370089E-010   1.4724731745217423E-009  -9.6873817999510791E-010  -3.9789019471551950E-009   3.3454755575905258E-010  0.14436780394605492        3.9671783508538258E-011   2.5846828554015465E-013  -4.7946396236189517E-012  -3.3831243565344295E-012   2.8922706355470130E-012  -4.9824961400956631E-011  -9.5116149249768718E-012   1.2098095965518220E-010   1.2491585243698066E-011  -8.5912328821845715E-011   1.8192303394101521E-010   2.3658981088132568E-012  -5.3761451419070773E-011   1.8954863632644560E-011   5.1260892585860923E-012   7.8822271212597429E-011  -9.2814631374563187E-012  -4.8567685972565310E-011  -1.4840930757209157E-011   1.3728873646870110E-010  -7.8929790023206297E-012   6.3789412290875931E-012   3.9450671332085114E-011  -1.6331171486320027E-011  -9.8201527941278885E-011   1.4580964034685360E-011   2.1268063121358904E-010  -1.1103315277634368E-009  -6.9489611391581531E-010   2.3546009290756577E-010   6.4171082590863330E-010  -4.4813375111484605E-010   5.7576750745822287E-012  -2.7781435305973124E-012  -1.9391291343964756E-011   1.0243629800234486E-011   7.7021573435311696E-013  -1.7978601341867617E-011  -6.0735354792190535E-012   4.3780891504529425E-011   1.0931043149437924E-011  -1.8379908529125967E-011  -3.9988723786436439E-009   3.4143482815629112E-010  0.12620209315873732        2.2121723727010250E-010  -6.3441697843809040E-013   1.0540105321748790E-012   1.3260896273622401E-012   7.3115251948717182E-013   1.7846091960137782E-012   6.3605215018808416E-013   2.3069843046842768E-013   2.5288232993158954E-012  -2.1571103567568189E-012  -3.8401614591339514E-012   2.0790877432892950E-012  -1.7405411590267495E-013  -4.6402952316417785E-012  -1.6105710025013680E-012   2.1516926537906832E-012  -9.2145739124134710E-013   3.2463193459338786E-013   1.7882134607518064E-012  -2.5387283449157815E-012  -1.3554490890070371E-013   2.6099185666035657E-012   1.3281047077021556E-010  -8.7641899156682164E-010  -2.5596532897390429E-010   1.2933738642788832E-010   3.3561592308036239E-010  -2.6214132824653925E-010   1.8950907677520534E-012  -1.1808859492306055E-011   9.6735281706111550E-012   1.1162038581981202E-012   2.9682607628251715E-011  -4.4425709983460353E-012  -1.1769891105082397E-011  -8.1367576067920022E-012   3.1633854859245972E-011  -3.6086442501192072E-012   2.6935424729671928E-012  -2.6354368590812998E-012  -5.8454715654002744E-012  -1.9489471447560818E-011   5.8580206279937590E-012   1.5705475704856173E-011  -7.9387749334801982E-013  -2.9747780822184196E-012   7.7400040304744756E-012   3.1710982173996968E-012  -2.8828054700520685E-011  -4.6916070779921408E-012   1.6672802748406782E-011   7.0961101261805873E-012  -1.0696679096835268E-011  -8.5192644230388902E-010   6.5491016929437588E-011   3.3512466329604626E-002  -1.6769053385525218E-011   6.7489517274377014E-011  -5.5142600384529579E-010  -8.0078987320911129E-011   6.9696022698469364E-011   1.5572275156881023E-010  -1.3718211235135584E-010  -2.5198969534477233E-009   2.2083453158418471E-010   8.4169569180016612E-002   1.7891652021346910E-010  -1.5346809601096273E-011  -5.3637729583240837E-004   2.0257811641299630E-010   3.6148279463784344E-011   1.7926482831588710E-012   1.7923896265956198E-011  -1.7549649498304687E-010  -1.1570117113849632E-011   1.7201511648856792E-011   4.8073176573711826E-011  -3.5125295123853576E-011
   2.6443935262439497E-010  -1.5218663312779748E-009  -9.3197645965209401E-011   7.4776703787743551E-002  -5.0793768475691457E-011   2.6969851889057880E-011  -2.9404127001499789E-010   3.7142383374972216E-011   8.2288233258117893E-012   1.4030788045695491E-011  -1.7596536639350371E-011  -2.2542664556808593E-009  -3.2238142908097265E-010  -2.1114786727032441E-010  -7.6407216636109763E-010   5.3335364744576928E-011   2.3302119805519122E-010  -6.8757304342140454E-010   5.0258939763824857E-011   2.5615635810150571E-010   8.9453360311626931E-011   4.2041674013240415E-010  -1.0643478605160640E-010  0.23508002066984224       -9.6398009811543037E-012   5.2593047708303400E-012   4.9031732984541887E-012   2.0130778668775728E-011   2.8330049857353917E-012  -1.5432662592601941E-012  -2.3676882524678729E-012  -1.2487520491497107E-011  -3.8780998333253617E-012   4.4036351729971377E-012  -1.5856988720110480E-011   2.7116514732230800E-012   9.3544719937418602E-012  -4.8240301681826909E-012  -3.5365240863473500E-012   1.3176880155388828E-010  -3.5366972220934190E-011   4.6657184547612704E-010  -1.3004126924587783E-010  -6.2039359680055113E-011  -5.4024887947746896E-012   2.7571822156848072E-011   1.3563635724874078E-010  -1.0882271239248009E-011  -3.2119062674580126E-011   7.3264960058101691E-011  -4.8821938985400949E-012  -3.0107382505865775E-011  -4.2537618080638583E-012  -9.5240407157968240E-011   1.1280147013681000E-011  -1.2350627001787638E-009  -1.1464330656064756E-009  -5.7677678598536660E-010  0.17020126754528417        4.8921267505541860E-013   5.1787866557074904E-013  -1.5321287257590756E-013  -6.9686449551164226E-013  -1.0481907790537121E-012  -3.7622516969816768E-013  -8.8002820391266548E-013   4.4285769198873818E-013   2.6886487746077393E-013  -1.2842743925823754E-013   2.0254913523935816E-013   2.2746120190199092E-012   5.7678438150249516E-013  -1.2264329695682581E-012  -4.2433436080514276E-014  -1.7138008052759740E-013  -5.5311372325644482E-013   1.2489026623382133E-012   3.9508439523568341E-013  -1.1081929647016111E-012  -1.2091461272540157E-013   5.4554195802967711E-011   7.1682493241135325E-012  -8.8054858386439972E-011  -2.1471289578581279E-011   5.7381149859481354E-012  -4.0937672240271556E-011   6.3576894527209769E-012  -2.2432471076362866E-013  -9.3579395563620498E-013  -5.7319115418453345E-012  -7.4440762565168140E-013  -4.7544478009260070E-012   3.2477481598738482E-013   2.0761142148227988E-012  -1.3179165138674558E-013  -6.1345991174895185E-013   4.3393644669868740E-012  -1.5442295900724002E-013  -1.1749965531876447E-012   7.1934610667531556E-013   3.7764513965683715E-012  -3.5962667594076585E-011  -1.2288844659678734E-010   6.9599773927230176E-012   4.0244943138394236E-011  -1.4340735112378295E-010   7.9970504082216486E-012   4.9000490266996961E-011   2.0115387749523065E-011   5.7143732035354435E-011  -2.0179260052250493E-011  -2.8667894240582433E-011  -5.1005867073873274E-010  -9.2968226557248456E-011  -5.3277073766162059E-002   4.7111529864033315E-011  -1.0319579751024009E-011   1.4328798448209208E-010  -5.9369564189544758E-011  -2.2083541951524165E-011   1.2284856282404080E-011  -1.2923116806521491E-009  -8.4097050165459087E-010  -6.3536028058340063E-010  -9.2095398227038874E-010   1.3467866307953557E-010  -3.9288661456471289E-010  0.17842582717757943        9.5999789435364852E-004   1.3358195604644796E-005   7.8250764977777341E-012  -3.8350307016203783E-013   1.4835403056365861E-011  -5.1090512138561265E-012  -2.7987544739536086E-012  -2.7125606060412969E-012
  -2.2224064915582510E-009  -4.3494329221952696E-009   4.9979185713924900E-010  -5.0793768475691457E-011   3.0381272332528755E-016   2.2143306002290783E-017   1.1260422737622273E-017  -1.3869899993907203E-016   1.1227915803805602E-016  -1.6511410159113201E-016  -4.0429746366703769E-009  -7.9126765727616544E-009   9.0922496636745702E-010   4.3095590850436435E-018   5.0861815333982296E-018   3.0177236069456266E-018  -4.1292295676517488E-018   3.5039725728463769E-018  -1.6272871366246623E-018  -5.8438330056422211E-018  -1.0812655525364207E-018   2.7647287849391990E-018  -1.4383787366810267E-018  -1.5969978088824001E-010   3.2038058486244448E-018  -6.3219657047242144E-018   4.0832311827270441E-018  -5.5832073166183640E-018  -3.3037560913078429E-018  -4.6270712422553923E-020   4.9938266829675461E-018  -1.0733684444283145E-017   1.7818701056626271E-018   3.9172189195492372E-018   2.1053242905097963E-018   2.4339922956680563E-018   1.8833549855947893E-018   2.8491741499446559E-020  -1.0466883923410267E-018   1.0543891719693653E-016   2.9084327197756350E-017   2.7081352543314486E-017  -6.3736470083712473E-017   4.0553462738198997E-017  -4.1698906513811022E-017   3.5649665789347738E-019   1.5330776475745874E-018   9.6981938090934473E-019  -9.8450181524343176E-019  -1.1446333439621406E-020   4.8630870582870566E-019  -2.7469984431027740E-018  -4.3944550231149927E-019   2.1588855319511996E-018  -3.9647096832721609E-019  -3.5341954555936921E-009  -6.9170484893220278E-009   7.9481070585159454E-010  -1.1543675339324333E-010  -8.0466869761837723E-020  -3.0889429980857559E-019  -1.8077065051413435E-019  -6.8098611176871459E-020  -4.2075907528788398E-019   2.1458788872061325E-019  -2.6099386060997237E-019   6.0064518894568089E-020   8.9265826837941913E-019   1.9043694498542581E-019   1.0137940172892916E-019  -1.1913074232097184E-019  -9.9574161173229762E-020   5.3988572293443554E-019  -1.1481523137575453E-019   2.4334807178187952E-019  -5.7626160492137387E-020  -2.7034555040445132E-019   2.9150815286219173E-020  -3.0155888933176733E-019  -1.0272244831634847E-019   7.1402269794727740E-017   1.0359770679509047E-017   4.1415147739005788E-018  -3.5309576402958777E-017   2.7086442239115699E-017  -3.6085080023160947E-017   8.1045545938457840E-019  -1.8885911510863001E-018   7.3393002680751144E-019  -1.7985387947899715E-018  -6.6976451769854487E-019   3.7418792081723146E-019   1.3006416355189900E-018  -1.5342331331668511E-018   7.8878851905183069E-019   4.0958112804518258E-019   5.1578951696625654E-019   6.0648027027703191E-019   8.9177392480918214E-019  -1.0726121592679599E-019  -7.2104654919294194E-019   8.3475145886168213E-019   9.9169507662036396E-019   1.1687083748950562E-018  -5.2376783541326510E-019   1.1804756839429336E-018  -6.2585172256608026E-019  -1.0086700446025134E-018  -4.9793720788814670E-019   3.6290801819304517E-019  -5.0314021690677951E-019  -9.3273392194402047E-010  -1.8388197127169463E-009   2.1030871122225661E-010   4.0058368533473260E-011   3.9740385036291199E-017   3.0092880663972252E-018   8.2358356488949376E-018  -1.8191843940688296E-017   1.5406253023923015E-017  -2.1548562549237243E-017  -2.3570140740298263E-009  -4.6133075539549409E-009   5.3008124916452016E-010   8.6564629558597510E-011   4.2378469255030082E-012  -1.2698901711462922E-011  -1.2122813664061741E-010   2.0695700927685997E-011   1.9416962682427203E-012   1.2325308169379031E-017   1.8292242935356743E-019   1.3771609414955849E-018  -5.4813036379871429E-018   4.5210256452489902E-018  -6.8440042091318426E-018
  -2.4546843114512053E-009   3.8729077214228610E-010  -4.0252462746341769E-009   2.6969851889057880E-011   2.2143306002290783E-017   2.8201531139572938E-016   2.9146672038829904E-017  -5.8705394649537301E-017   5.6383525596680174E-017   3.6562144313798358E-017  -4.4657787403979914E-009   7.0471111991065639E-010  -7.3229449362089357E-009   1.4948265095660679E-018  -1.6039520710796763E-018   2.4358519233311223E-018  -3.2002746122892835E-018  -1.0906020277490405E-018   1.2191374173065248E-018   1.5402602063968151E-018  -6.3508616699257043E-018  -4.6296366712794934E-019   2.8830915060298001E-018   8.4788393483964437E-011  -1.6955495360311429E-018  -1.8576552686619989E-018  -9.9440711156917072E-019   2.0630806539771605E-018  -7.7883500249863886E-018   9.1585882573553702E-019   5.9592913932842964E-018   1.8753556092969090E-018  -5.5029218985221814E-018  -4.0339752211833563E-019  -1.3855682293821579E-018  -1.6062272221999841E-018   3.7135281146783822E-019   7.4113283480497071E-018  -7.3249724830463868E-019   2.0404173936299767E-017   6.8298639343970890E-017   3.8869268072251681E-017  -2.9478203619751721E-017   3.9955235343519335E-018   9.0724237166584748E-018  -1.9031061382984310E-020  -5.4385309837762780E-020   1.6715328304252736E-018  -1.5506747338946176E-018  -1.2494171729611096E-019   1.5543449339264761E-018   6.0704236128751047E-019  -2.5498738167293572E-018  -7.6060250334889862E-019   6.6502854499736316E-019  -3.9039204051185035E-009   6.1610930313634839E-010  -6.4015428843537190E-009   6.1368781727325493E-011  -5.7027482983832430E-022  -2.0508136882996734E-020  -4.4088212387248854E-020  -9.0315963147157772E-020  -1.2170612043901313E-019   6.1479372562353071E-020  -2.3113893632878442E-020  -2.6001973858035594E-019   6.6949545252188342E-020   2.6272374852500297E-019  -9.7419489572357609E-020   4.8205482332842543E-020   2.7894474753920169E-019   7.3501622407769504E-020  -2.1365571607457337E-019   4.8058131250846117E-020  -3.5401165579128441E-020  -8.1953953639175432E-020   2.5184138272058019E-019   2.4417923855694348E-020  -2.1980525223337704E-019   8.2824829120571602E-018   5.8346987040682239E-017   1.4707476936025202E-017  -1.6209338414210538E-017   1.1729015556403149E-017   7.9238750207135812E-018  -5.4520148190713785E-019  -5.3655140159156429E-019  -4.6098873313033193E-019   5.8706456401829609E-019  -2.5535534482397907E-018   3.7071858853053543E-019   1.2233360896492147E-018   6.4983787683827654E-019  -9.2141718153302410E-019  -2.3353353312413104E-020  -4.0373544918010741E-019   5.4501510257122617E-019   1.2225265213697702E-019   1.3583383550707048E-018  -2.8057699862275646E-019  -3.0812440238244460E-019  -2.2020833690324688E-019   1.3261391867019503E-018  -7.4188442361880240E-019  -4.2644023096632132E-019   1.1242899879923727E-018   4.3126062001383158E-019  -1.1596551886085496E-018  -3.5863813006603694E-019  -9.9223692190887055E-020  -1.0438784448090471E-009   1.7120561967226375E-010  -1.7041069862543170E-009  -1.9610788778501741E-011   2.9150418447170177E-018   3.8314860266736386E-017   4.1655886115608539E-018  -8.1874407284952740E-018   1.0672502580785127E-017   5.2722177830179301E-018  -2.6038064163689614E-009   4.1103094336578838E-010  -4.2695296094201323E-009  -7.2970507768129219E-011   9.1820195043741920E-011  -2.5013114627249091E-011   6.4356023154297020E-011  -1.8345315150444677E-012  -1.0801560625598560E-013   6.4368921786758792E-019   1.2182985287084973E-017   4.8975376824833811E-019  -2.1238632251276865E-018   3.4659388466358867E-018   1.4801705879522097E-018
  -9.6012319442902654E-011  -2.1464495473239256E-010  -5.3893990162186375E-010  -2.9404127001499789E-010   1.1260422737622273E-017   2.9146672038829904E-017   5.5191774962656312E-018  -1.0075169768000771E-017  -5.6740209222595441E-018  -1.1867490649234897E-018  -1.7463564285139900E-010  -3.9058345362840085E-010  -9.8034498869006463E-010   7.3490857510422280E-019   3.2335095663507797E-018  -3.8309707072532025E-020  -1.0682313380583041E-018   2.8367217750057061E-018   8.3239355860604435E-020  -1.2228198589227853E-018  -1.2588393757014145E-018  -1.5923766246641413E-018   9.6223939872715340E-019  -9.2440973813558163E-010   1.8430967306923119E-019   7.6639198579710158E-020   4.4923708311199519E-020  -3.9777747368457850E-019  -7.1479808636704285E-019   6.7588668479784985E-020   5.8082632327911114E-019  -3.7409973473443222E-019  -8.8208739451697299E-019   2.3391799688761689E-019   1.2394722906920581E-019  -1.7359620474684297E-019   1.7371773992538657E-019   7.0638020966218720E-019  -1.4090376344885198E-019   2.9699333962280335E-018   9.3904891304942232E-018   4.4095201481998476E-018  -4.1913242196856865E-018  -2.5107631244330049E-018   1.2355475109257311E-018  -1.3509851692896395E-019  -4.3542765232167572E-019   2.2594897482591629E-019   8.9131139994944354E-021  -2.9561816563577714E-019   1.7161673414861778E-019   2.7021193578670467E-020  -3.1499245776877668E-019   3.9950468656210100E-019   6.7720476382291015E-020  -1.5264407062342691E-010  -3.4148518751689345E-010  -8.5693015191524231E-010  -6.6911546631608791E-010  -1.1567696478358887E-021  -2.4752353269312870E-020  -1.7765049777734176E-020  -5.5201803871794039E-021  -2.9005684476372361E-020   6.9514644551641144E-021  -1.0928374214781997E-020  -1.6086234108769323E-020   5.8132898947453677E-020   3.6716784001025255E-020  -1.0620085531241925E-020  -1.3627571427712284E-020   2.5576056580734283E-020   4.2633277148774430E-020  -2.0157417285984922E-020   1.9106145882338524E-020  -2.8681133706244622E-021  -3.0783047558071205E-020   1.7279441693832465E-020  -9.5781306300909463E-021  -2.2643686552987794E-020   2.2641086805301524E-018   6.6012428900022205E-018   2.3837962297969805E-018  -2.5137261674115925E-018  -1.2414342100521069E-018   2.8001390010737139E-019   5.1579628090909604E-021  -2.7975960266227334E-021  -2.8017398312223350E-020  -7.9080757659229831E-020  -2.3274582558298015E-019   6.7333880087085930E-020   1.4203088537181060E-019  -2.9153152512771677E-020  -1.8681152260731411E-019   4.9751250947318001E-020  -8.3490681069158041E-021   4.6824312464602919E-020   9.0931259887204686E-020   1.2662080557604690E-019  -9.1672029060711561E-020   6.9856276012450222E-020   5.3713773414052329E-019   4.2786709877553568E-020  -2.3450813912027886E-019   5.9988758079437829E-019   1.3967336681588891E-019  -2.1108337492114167E-019  -2.1825546111092599E-019  -2.5387002802532598E-019   1.3405007840766133E-019  -3.8699509971011566E-011  -9.5842946647824006E-011  -2.2132558890590692E-010   2.1300388276631386E-010   1.2399386722134731E-018   4.1013951472845208E-018   3.5967987053705997E-019  -1.1267175002105358E-018  -3.3356941110219870E-019  -1.1338250556531679E-019  -1.0177556907925838E-010  -2.2783347770977459E-010  -5.7142391008765739E-010   2.3444108632597629E-011  -6.2701759060202879E-011   8.1039998365178809E-011  -7.0164179005141184E-010   1.5563247031759583E-011   1.2548206796977995E-012   4.3467493365243223E-019   1.2631808951774714E-018   6.6645084637564937E-020  -3.5978950434985422E-019  -1.2784927705542805E-019  -7.4900274396830170E-020
   1.4223427058726863E-009   1.8572344487836617E-009   4.6894764742370089E-010   3.7142383374972216E-011  -1.3869899993907203E-016  -5.8705394649537301E-017  -1.0075169768000771E-017   7.1750105816820121E-017  -6.0307165186897609E-017   6.6949149067735646E-017   2.5875314613325180E-009   3.3787112721763327E-009   8.5311765978243606E-010  -2.2445079117616074E-018  -2.1652144520246041E-018  -1.7551897225689683E-018   2.4614794406320558E-018  -1.5370100146424701E-018   5.3426397557058733E-019   2.3832519996267365E-018   1.5925136247102279E-018  -1.0368556140339074E-018   1.2504384001608457E-019   1.1677515704524458E-010  -1.1198470966145470E-018   3.1522024248540493E-018  -1.6365084751214683E-018   2.1084176045859826E-018   2.8268202903976486E-018  -1.4022782564024362E-019  -3.2593527618667477E-018   4.4216313071173731E-018   1.4376443574201210E-019  -1.6591967974921673E-018  -6.9162680353526897E-019  -8.0488563023548738E-019  -8.9246148171634642E-019  -1.3021076174906257E-018   5.8845658993181157E-019  -5.0377833472110940E-017  -2.4684900792542609E-017  -1.8559774698135987E-017   3.3368834441413017E-017  -1.8917428004964061E-017   1.7006784297957386E-017  -1.4900816341423789E-019  -6.3319531576210981E-019  -7.2491784305584303E-019   7.0142844932061244E-019   4.5762526010671867E-020  -4.8880961356829891E-019   1.1028296233771550E-018   6.3379576945268082E-019  -8.4916177793605244E-019   6.6659065877819019E-020   2.2619211906396299E-009   2.9535524075376303E-009   7.4576606518389564E-010   8.4450087536902174E-011   3.6089030827104260E-020   1.4023130581624623E-019   8.7418100246225369E-020   4.5826664707435425E-020   2.0716421462340388E-019  -1.0633476354954012E-019   1.1940912331041901E-019   1.9027231807745084E-020  -4.0646974950642181E-019  -1.2990128610033848E-019  -2.8200690600642625E-020   4.4811990642673232E-020  -3.8753256454161954E-021  -2.5197456625357996E-019   8.8196252238352342E-020  -1.1607015839460264E-019   3.1577260355445574E-020   1.3405545743472918E-019  -5.6849597830835834E-020   1.2896203919875408E-019   8.3767853893470393E-020  -3.3137715958813314E-017  -1.4690180673122040E-017  -4.3966796883180107E-018   1.8484071064610400E-017  -1.4205904234028755E-017   1.4648805975149432E-017  -2.6053639009426985E-019   9.3588760895651769E-019  -2.4634250644983133E-019   6.8949918306121593E-019   7.4075145725232880E-019  -2.3136871621969936E-019  -7.8939148177988317E-019   5.6653445431677189E-019  -1.9653184048132526E-019  -1.7591400723683492E-019  -1.5614094268295089E-019  -3.6468560631708643E-019  -4.1473620758146733E-019  -1.8744613257637770E-019   3.6806571772590035E-019  -3.2995562219123886E-019  -4.3122097259902062E-019  -7.5011126154949311E-019   3.7130210938811617E-019  -4.8469446011741381E-019   9.0042264216252531E-020   3.8378039361575465E-019   4.2600014292221316E-019  -8.4209324733932126E-020   2.3872799276230927E-019   5.9822293619731620E-010   7.8241977025294809E-010   1.9757601327223501E-010  -2.8452476682116185E-011  -1.8126522312950601E-017  -7.9754927542831716E-018  -4.3139401392741381E-018   9.4693563177884462E-018  -8.7908645033400644E-018   8.6572166214977151E-018   1.5085332559099141E-009   1.9698202384585824E-009   4.9737593104764664E-010  -3.9699838220907810E-011  -3.5967867357922340E-011  -8.8757355092233624E-012   8.8640604981483676E-011  -1.0500083723142829E-011  -1.1619784603334017E-012  -5.5753977944809756E-018  -2.1912093656937029E-018  -6.8380189136542130E-019   2.7955570695191151E-018  -2.6384164357069651E-018   2.7798421031190605E-018
  -4.1954426445429457E-009   2.6421938575776537E-010   1.4724731745217423E-009   8.2288233258117893E-012   1.1227915803805602E-016   5.6383525596680174E-017  -5.6740209222595441E-018  -6.0307165186897609E-017   2.5001163231978758E-016  -5.1971958655283044E-017  -7.6325774621816305E-009   4.8072359615346806E-010   2.6787374506712614E-009   6.8944847595121648E-018  -1.8388754259284627E-018   3.7237491932252692E-018  -6.0126359902031041E-018  -9.0025110538199949E-019  -3.1936655988165115E-018   9.5159176293333177E-019   1.7019797698169616E-018   5.6123580615308207E-019  -4.0314213854428484E-018   2.5870254854943584E-011  -2.2569612324620675E-018  -8.9912682850409809E-018   6.2963850537449085E-019   3.4084134071423249E-018  -5.0517342066432930E-018   5.5627736254813245E-019   5.2563685620651524E-018   6.6646657496469181E-019   5.0108714910697919E-018  -1.1263743631386387E-018  -1.4358971077567038E-018   1.5609619244065225E-018  -8.8601923154994222E-019   2.2043715867405167E-018   1.8775644551602538E-019   6.3612897115262326E-017   2.0425592623854267E-018  -4.5245362207189613E-018  -2.9722377778005025E-017   7.4694832622188445E-017  -3.3890641488488967E-017   5.6715917519769333E-019  -2.9913221362354280E-019   8.6557482181300778E-019  -1.5704814280943326E-018  -1.6393612803970959E-019   7.7124530942817738E-019   1.6222559746892235E-019   2.1497115637447943E-019   8.1669899161716647E-020  -8.0887054285697915E-019  -6.6722174337600978E-009   4.2025850307273572E-010   2.3416546174842832E-009   1.8721732206887503E-011  -7.1886559582543642E-020   4.6472769954612827E-020   4.6532629837867699E-020  -7.9141700830586571E-020  -5.3909932768119526E-020   1.8281921173618269E-019  -3.6204210697020124E-020  -1.6465170129964394E-019  -3.2786740076437959E-020   5.7850208649538523E-020   5.9101903667262158E-020   5.0123467486599957E-020  -2.1204398353659170E-020   3.7862046337678322E-021  -1.4149189086820505E-019   6.2248260477240161E-021  -2.9689928756607134E-020   2.3164341053122629E-020   1.5746109733707751E-019   1.1253511825180978E-021  -1.0432558691155863E-019   3.2954083443749513E-017   7.7023317524276984E-018  -1.3778089896064474E-018  -1.6403326799672064E-017   5.5256318719758710E-017  -1.6551105826498846E-017  -6.3012916356761396E-019  -2.2256752644541980E-018   2.8703920986392026E-019   9.1625256148300021E-019  -1.2280278389413127E-018   1.9068005567427223E-019   9.1914820684009438E-019   1.0516822925976913E-019   1.7528519900843074E-018  -3.6538884661974882E-019  -3.4360465414163657E-019   6.7494126591265793E-019  -3.1262470661947444E-019   2.4036916185729662E-019   6.9449350966297027E-020   1.1673031847068606E-018  -2.9991999778486746E-019   1.9547487380641468E-018  -4.8961918858554661E-019  -2.0979071082631330E-019  -1.1311736043408374E-018   1.2018478693546418E-019  -2.6099983780393178E-019   1.3925600838469546E-019  -1.2712245865617008E-018  -1.7762889229691690E-009   1.1415357346155800E-010   6.1979896656871878E-010  -6.0408220919872562E-012   1.4862025847636489E-017   7.3121095584702722E-018  -6.9368923999414727E-019  -7.8474405378545719E-018   3.4484319652909516E-017  -7.0145546748233335E-018  -4.4500589017287172E-009   2.8032914960560575E-010   1.5617173121157143E-009  -2.7657382038710184E-011   2.9969035984654643E-011  -3.5029298896623746E-011   1.9636240318922620E-011  -8.7634516222454889E-013  -1.7422093983003710E-013   3.8763004768554663E-018   2.2546907335253775E-018  -2.8678346695831249E-019  -2.1859564951114700E-018   1.0911001462411933E-017  -1.6903397038366884E-018
   8.0006451497436782E-010   2.4922006954930005E-009  -9.6873817999510791E-010   1.4030788045695491E-011  -1.6511410159113201E-016   3.6562144313798358E-017  -1.1867490649234897E-018   6.6949149067735646E-017  -5.1971958655283044E-017   9.8165078266420203E-017   1.4554445124447401E-009   4.5339693139795984E-009  -1.7623402363100182E-009  -2.0661204396578016E-018  -2.9248374801076264E-018  -1.2622652880055857E-018   1.6689304841750392E-018  -1.9704427487036194E-018   1.0932772966219294E-018   3.4618797255975049E-018  -5.1079297338618718E-019  -1.7257451327080174E-018   1.3127954353803002E-018   4.4116683929573782E-011  -2.0840108168704328E-018   3.1697913168395419E-018  -2.4466996739498151E-018   3.4748977646405534E-018   4.7695281043182527E-019   1.8649537998749461E-019  -1.7344890980367435E-018   6.3119954360716759E-018  -1.9256517875099849E-018  -2.2580021527478855E-018  -1.4137780563236297E-018  -1.6290932387955086E-018  -9.9084668333745833E-019   1.2735897673975343E-018   4.5821444949592330E-019  -5.5060531271917253E-017  -4.3996337603283919E-018  -8.5192799811806010E-018   3.0367040654973692E-017  -2.1636347913090847E-017   2.4692132145247712E-017  -2.0736845578199164E-019  -8.9925854051361439E-019  -2.4495325671765838E-019   2.8293324679752136E-019  -3.4016116906101643E-020   2.4799851883094204E-021   1.6440430450554758E-018  -1.9435993633824500E-019  -1.3101787690857471E-018   3.2985763692155311E-019   1.2722754391717013E-009   3.9634995751174510E-009  -1.5405746921898475E-009   3.1857454957666148E-011   4.4380501839796012E-020   1.6866602538980582E-019   9.3351848236739273E-020   2.2268253405140513E-020   2.1358940308097815E-019  -1.0825519631120030E-019   1.4158005519525220E-019  -7.9089370416471635E-020  -4.8618756239189983E-019  -6.0536509231097737E-020  -7.3177616063212451E-020   7.4331150366558986E-020   1.0345253957236262E-019  -2.8791809773330601E-019   2.6618835105732441E-020  -1.2727899005834870E-019   2.6045948163426261E-020   1.3629712108086852E-019   2.7700877582708828E-020   1.7259093707287623E-019   1.8954029394529336E-020  -3.8264144607425575E-017   4.3304079864281439E-018   2.5483316919435872E-019   1.6825300499187935E-017  -1.2880526344407833E-017   2.1436003436300126E-017  -5.4988148947105158E-019   9.5270306318486424E-019  -4.8759276475548067E-019   1.1090082546964613E-018  -7.0990055661843079E-020  -1.4284920909019298E-019  -5.1124892813898160E-019   9.6770979244043216E-019  -5.9225766640255495E-019  -2.3367017001719458E-019  -3.5962530974384221E-019  -2.4179581084214396E-019  -4.7704230046165864E-019   2.9471086890537162E-019   3.5300329599768982E-019  -5.0496343218515119E-019  -5.6105022104102572E-019  -4.1856546238908007E-019   1.5265323969919589E-019  -6.9645397998745899E-019   5.3584683794395540E-019   6.2511878240094130E-019   7.2031136001618433E-020  -2.7842998217034887E-019   2.6431852036552990E-019   3.3451186737166341E-010   1.0563992700486412E-009  -4.0788526456898490E-010  -1.1718782429415022E-011  -2.1613742538739039E-017   4.9661681258171399E-018  -3.9213283249798522E-018   8.7222921522351227E-018  -6.6154772634413069E-018   1.2891419940826823E-017   8.4848161035372620E-010   2.6434896198069231E-009  -1.0274558111734914E-009  -4.6857715938709096E-011   3.1710123663649713E-011   2.1561058150068908E-011   3.3491638603197268E-011  -9.3214230521700411E-012  -4.6069897424027607E-013  -6.7498929901141648E-018   2.0082907102519038E-018  -6.9332106513805739E-019   2.6857422266790993E-018  -1.8826154898903627E-018   4.0641490562761812E-018
  0.14436780237616095        4.0580048366986563E-010  -3.9789019471551950E-009  -1.7596536639350371E-011  -4.0429746366703769E-009  -4.4657787403979914E-009  -1.7463564285139900E-010   2.5875314613325180E-009  -7.6325774621816305E-009   1.4554445124447401E-009  0.26264287478589943       -4.6954763107523955E-010   5.2148316490937103E-009  -2.1403302581957853E-010   4.9408486343982520E-011  -1.3318110396247383E-010   2.0721365185844038E-010   2.3148890807162555E-011   7.8446203902880586E-011  -2.5296158633298454E-011   2.2039233343600356E-011  -1.5467074537469447E-011   8.2841589875777436E-011  -1.0367651653069012E-009   7.0233365259037280E-011   2.7857547569755220E-010  -1.7262858323594169E-011  -9.9057323886001456E-011   2.2486286818053143E-010  -2.4310888688328879E-011  -2.1599968527115507E-010  -9.9126128612545343E-012  -8.3953583840696083E-011   2.4650646377412568E-011   4.7605084021210097E-011  -3.2040702723185170E-011   1.5438088766790326E-011  -1.3556210506647822E-010   5.0536885608085934E-012  -2.1998883905235569E-009  -8.2816683887186868E-010  -3.4160890031279864E-010   1.2684610513947499E-009  -2.1674016282204886E-009   9.3142045101924307E-010  -1.5883650075603938E-011   5.4369772137546873E-012  -4.3041397111889037E-011   6.0729411175428758E-011   6.1809546650297886E-012  -3.8107248553435521E-011  -3.7726369652623852E-012   2.1347800636437719E-011  -3.9285094940063205E-013   1.6161149571265054E-011  0.22959672107503057       -3.3908599567441515E-010   3.5763655811738213E-009   3.6947574279514120E-011   2.1602732603246756E-012  -2.5721016635784180E-013  -3.4812870965910025E-013   3.2369448850187770E-012   3.7739250500694010E-012  -6.1284508789544758E-012   1.8792704175563622E-012   6.9651463470297867E-012  -2.0762351887234923E-012  -4.7392379721848870E-012  -8.6263521265519472E-013  -1.5345942690908053E-012  -2.0198607191113192E-012  -2.2393246883905533E-012   6.3081369881786772E-012  -1.2826442218511016E-012   1.3103864791853512E-012   9.0673001490721506E-013  -6.9105536264179854E-012   4.8532583372645125E-013   5.3338571109444545E-012  -1.1589609515119389E-009  -8.3089109551978596E-010  -1.2447905289977966E-010   6.9979405319268397E-010  -1.6850038351201851E-009   4.5914962670719785E-010   2.0567931343166279E-011   7.0620809661952713E-011  -4.9710396137418990E-012  -2.6191910205175368E-011   6.1045805084987884E-011  -9.9347102081663502E-012  -4.0727818582021105E-011  -5.4953358074846019E-012  -4.0104549812291424E-011   9.0658880768988072E-012   1.2112308922061198E-011  -2.5408980757960884E-011   4.9182073402058859E-012  -2.0092119017629226E-011   2.8572711238672976E-012  -3.0826256107398238E-011   7.1851559899017526E-012  -6.9451383389555986E-011   2.2378655990130305E-011   6.2354579992514252E-012   2.0853026383262000E-011  -4.7763286245727254E-012   2.0290930710410093E-011  -7.9494085689002659E-013   3.6634146135006781E-011   6.1184767754178714E-002  -1.2650286554609047E-010   1.3245226868275821E-009   4.1243860231024534E-010  -5.3381393508672357E-010  -5.9841622509889205E-010  -4.3414877953940722E-011   3.4269345456002172E-010  -1.0827503041663598E-009   1.9112177042636581E-010  0.15313131732979490       -2.5283101278598095E-010   2.6677242569596918E-009   1.7114659445596999E-003  -1.6528788491152336E-011   1.3078340439595682E-010   3.1624769264848701E-010   2.6748400384913787E-010   2.0895437826590170E-011  -1.4314728481111090E-010  -1.8655801464585410E-010  -3.3245905835968946E-013   9.4952768286077223E-011  -3.4265000202760270E-010   4.8194453344641166E-011
