   8.4528436367314907E-004   2.2383717521150210E-017   3.4279714542957153E-017  -9.7436036826535909E-017   1.7441094668467286E-002  -2.9269276728910708E-016   3.1803927235383479E-016  -1.2681779343045594E-018   4.2298856959821345E-018   8.1151616590144499E-018   1.1395264840077789E-017  -4.2819630179908739E-018  -8.3567473693332695E-018  -1.0207772103513282E-015   2.7565119459841417E-002  -4.4078987049274272E-016   4.7745637874125127E-016  -1.0890148397378986E-015   7.7739483374364844E-018  -1.3093926320955657E-017   9.0923863040668493E-020  -5.3163822427903447E-018   3.7319446138128085E-018  -8.2749759602299350E-019  -1.5058735155390221E-003  -1.0228641258781413E-016   1.7494472379406918E-015  -7.2640585810034549E-016   7.1892706807487177E-017
   2.2383717521150210E-017   8.4528436367315764E-004  -1.1382433903125332E-016  -3.6823051853670599E-017   7.5044722797750293E-016   1.7441094668467248E-002  -8.0910077512738588E-016   1.8807705197189670E-017   3.5893088019085434E-018   1.0268488676111780E-017   1.0497123345741587E-017  -2.3946772396171599E-018  -4.5252027487663766E-018  -2.9373953455077843E-016   1.1660031596153609E-015   2.7565119459841688E-002  -1.3369397199810031E-015  -2.5098431798754966E-016  -7.9071228585280977E-018  -4.5858632558470642E-018  -1.0054217988684943E-017   1.1051069362892801E-018   4.7566382974124971E-019   4.2646964363281816E-018  -2.4868968129697747E-016  -1.5058735155381703E-003  -7.4608053704611099E-017   1.3525450129522402E-016  -1.5892900204229295E-016
   3.4279714542957153E-017  -1.1382433903125332E-016   8.4528436367302157E-004   5.2385359427707572E-018   3.8696022568954908E-016  -1.5283835297693118E-015   1.7441094668465659E-002  -1.0485749447436626E-017   2.1959771786762791E-018  -1.6269588404147239E-017  -2.7197065903612075E-017  -6.6543501449121224E-018  -1.4038172686717964E-017  -7.7260497049097851E-016   6.0995266048255795E-016  -2.3800571747782109E-015   2.7565119459839769E-002  -8.7448524120358915E-016  -1.2964700909391032E-018  -4.5547182546671854E-018   1.1722601643090479E-017   1.1944908653501616E-018   4.2406716411657832E-018  -3.4290046585536642E-018  -1.2805776557022310E-015  -1.8821959101788528E-016  -1.5058735155386446E-003  -1.1132413231835526E-015   8.4588850711899783E-016
  -9.7436036826535909E-017  -3.6823051853670599E-017   5.2385359427707572E-018   3.8045800778496578E-004  -1.3917772574711206E-015  -6.9392033595452907E-016   6.6598525057887310E-016   9.6311795560020520E-017  -1.1702070106187051E-017  -2.9082724730036118E-017   5.6642803507013259E-017   1.8543029403914031E-017   8.5841879653290356E-017   1.4549738627258073E-002  -2.2314436331656700E-015  -1.0937750319004879E-015   1.0197528697307053E-015   1.4613587760530492E-002   1.2385359827320357E-016   1.5612332003160310E-017   2.4485312872531530E-017   1.4028706533784560E-016  -1.7883434882329780E-017   1.4842874349772618E-016   1.9828653654785590E-016  -3.2255429902928041E-015   3.2203149156777332E-015   7.6323626455605028E-003   3.9737828622603749E-004
   1.7441094668467286E-002   7.5044722797750293E-016   3.8696022568954908E-016  -1.3917772574711206E-015  0.36055953175736166        4.3262509984363474E-017  -2.3401148640384006E-016  -2.2288210921229068E-017   9.3015813777990592E-017   1.8163425442139363E-016   2.4365224097617037E-016  -9.5142515450597750E-017  -1.7585370268977884E-016   2.0307791533168477E-015  0.56968917401045538        5.1050229841583023E-016  -8.0182171666165480E-016   8.2535437775884784E-016   1.5930901399488062E-016  -2.7667551671966344E-016   5.8898862573365968E-019  -1.1233433920888525E-016   8.0049069523346338E-017  -8.3491358591174733E-018   6.0533276896045781E-003   1.0497807775794301E-015  -1.2790637960672507E-015   4.0376601071677310E-016   4.7256754160473177E-016
  -2.9269276728910708E-016   1.7441094668467248E-002  -1.5283835297693118E-015  -6.9392033595452907E-016   4.3262509984363474E-017  0.36055953175735561        3.8113680889624628E-016   4.1163998222102035E-016   4.4826256515715521E-017   8.6270942258542296E-017   1.4027768414655580E-016  -2.3367560176439721E-017  -2.8158382171697347E-017  -2.1048332450933161E-016  -3.9604902872517408E-016  0.56968917401045283       -5.6576004343197116E-016   4.7808016982326019E-016  -1.6943085139049094E-016  -6.5392564943851465E-017  -8.9550568922821236E-017   6.5823559779048247E-017  -2.5114177216729045E-018   4.4095674363900025E-017  -6.0019405901944743E-016   6.0533276896003185E-003   3.4625249278726409E-016  -3.1653856878050912E-016   1.3928013038937604E-016
   3.1803927235383479E-016  -8.0910077512738588E-016   1.7441094668465659E-002   6.6598525057887310E-016  -2.3401148640384006E-016   3.8113680889624628E-016  0.36055953175734851       -2.1747317101661154E-016   9.0804771823090458E-017  -2.0383875471269565E-016  -4.9207316169391358E-016  -2.2799326688089056E-016  -3.9010325997120349E-016   7.1513356532664501E-016  -4.9833997605580604E-016   1.2851647823465668E-015  0.56968917401045394       -9.3527651390395658E-016  -4.4536717688151718E-017  -1.4220074232381666E-016   1.0099368488948589E-016  -1.5663474167900924E-017   1.8347811916710399E-016  -1.2362678387382823E-017   2.2056670183866200E-015  -1.7478775944440790E-015   6.0533276896014747E-003   1.4870633726352633E-015  -1.0073793140243147E-015
  -1.2681779343045594E-018   1.8807705197189670E-017  -1.0485749447436626E-017   9.6311795560020520E-017  -2.2288210921229068E-017   4.1163998222102035E-016  -2.1747317101661154E-016   5.0095232839613209E-029  -8.6948889157559747E-030  -3.5854713141355304E-029   2.1858804218476770E-029   1.2597408187904736E-029   5.5419470239769301E-029   3.9120203018243465E-015  -3.6148330485041486E-017   6.4497786464097271E-016  -3.4344419200315795E-016   3.9050258535817506E-015   4.5676318804376169E-029   1.0733651052488748E-029   3.4595900872534286E-029   5.6783844136789131E-029  -1.1893775312646263E-029   4.0830258185568594E-029   2.1083462830704888E-016   1.2341475284780343E-015  -4.1357799707532578E-017   2.3299223405824563E-016   6.8577582731303586E-015
   4.2298856959821345E-018   3.5893088019085434E-018   2.1959771786762791E-018  -1.1702070106187051E-017   9.3015813777990592E-017   4.4826256515715521E-017   9.0804771823090458E-017  -8.6948889157559747E-030   5.6552027164328480E-030   1.9752699332227070E-029   3.6498477512106973E-030  -9.1555485395322454E-030  -1.8663760204997408E-029  -5.4070301901719541E-016   1.4564372991050295E-016   7.7799413372491892E-017   1.3269380956397604E-016  -5.3327876603929060E-016  -7.8842993531140753E-030  -6.1314406957639542E-030  -1.9767855370141899E-029  -1.2785878281516351E-029   8.7559700636831917E-030   2.0201627521961868E-031   3.0107610277308601E-016  -1.5784409709272000E-015   2.4425745184901791E-015   3.8140326259139225E-016  -1.2523778949129731E-015
   8.1151616590144499E-018   1.0268488676111780E-017  -1.6269588404147239E-017  -2.9082724730036118E-017   1.8163425442139363E-016   8.6270942258542296E-017  -2.0383875471269565E-016  -3.5854713141355304E-029   1.9752699332227070E-029   7.5843376724420223E-029   1.5038438121130012E-029  -3.0366137189436462E-029  -6.8241254782238078E-029  -1.2600372650993168E-015   2.8369226137500045E-016   1.6622202752101116E-016  -3.5352214187941716E-016  -1.2498811782494665E-015  -2.6009291610273934E-029  -2.1818230661718493E-029  -7.5380403497275843E-029  -4.6037945547995700E-029   2.8791171264504805E-029   3.5762989872766614E-030   7.4866490665298617E-016  -6.7726784860764856E-015   7.1197530117242819E-015   6.4298361950864545E-016  -6.9584990755752105E-015
   1.1395264840077789E-017   1.0497123345741587E-017  -2.7197065903612075E-017   5.6642803507013259E-017   2.4365224097617037E-016   1.4027768414655580E-016  -4.9207316169391358E-016   2.1858804218476770E-029   3.6498477512106973E-030   1.5038438121130012E-029   3.7071561309366641E-029  -5.5996819305083740E-030   1.3888714959582870E-029   2.9024991935565276E-015   3.8305638459329158E-016   2.3985507996017028E-016  -7.9414020812620517E-016   2.8380557878465535E-015   2.7204979810228113E-029  -4.1265203889812709E-030  -1.5089755722179529E-029   2.1227456469451582E-029   5.7794893220043704E-030   3.6349431853204165E-029   4.3835897893794894E-016  -4.1225233589255485E-015   3.7640784275173053E-015  -3.3245314674266337E-015   1.7280500736969976E-015
  -4.2819630179908739E-018  -2.3946772396171599E-018  -6.6543501449121224E-018   1.8543029403914031E-017  -9.5142515450597750E-017  -2.3367560176439721E-017  -2.2799326688089056E-016   1.2597408187904736E-029  -9.1555485395322454E-030  -3.0366137189436462E-029  -5.5996819305083740E-030   1.5971583517182949E-029   2.9440437887742002E-029   8.3921575290830152E-016  -1.4875466907523113E-016  -4.3125738902682599E-017  -3.3876636983039968E-016   8.2922023283655336E-016   1.2691916711905143E-029   9.9539822040934027E-030   3.0938626769880357E-029   1.9513638564539054E-029  -1.5917544316666512E-029  -6.9609282671221602E-031  -3.5756445311035201E-016   1.4047349069549168E-015  -4.8651361512081167E-015  -4.9185870048126580E-016   1.8248227961019135E-015
  -8.3567473693332695E-018  -4.5252027487663766E-018  -1.4038172686717964E-017   8.5841879653290356E-017  -1.7585370268977884E-016  -2.8158382171697347E-017  -3.9010325997120349E-016   5.5419470239769301E-029  -1.8663760204997408E-029  -6.8241254782238078E-029   1.3888714959582870E-029   2.9440437887742002E-029   8.4633109019542178E-029   4.0298938221049331E-015  -2.7711669328794638E-016  -6.0013491079604011E-017  -5.9265577191581657E-016   3.9690912702816681E-015   5.1591030951720334E-029   2.0606264774681108E-029   6.7938006408724361E-029   6.7964395164354062E-029  -2.7830117096137198E-029   2.7846588053882282E-029  -1.6932373849257743E-016   3.5148798492579064E-015  -5.3766493416173270E-015  -3.1185537789201014E-015   8.0552745438426626E-015
  -1.0207772103513282E-015  -2.9373953455077843E-016  -7.7260497049097851E-016   1.4549738627258073E-002   2.0307791533168477E-015  -2.1048332450933161E-016   7.1513356532664501E-016   3.9120203018243465E-015  -5.4070301901719541E-016  -1.2600372650993168E-015   2.9024991935565276E-015   8.3921575290830152E-016   4.0298938221049331E-015  0.60937508914811089        2.0343787902923794E-015  -1.0752532631874701E-015   1.2653660320489891E-015  0.60650258742305063        5.1893958933734337E-015   6.1115454836534585E-016   1.1044652991894078E-015   5.6643275001815121E-015  -7.3231076362012216E-016   5.8341342657787114E-015  -1.3723627834265351E-015   4.3578096255053346E-015  -4.4227955518737655E-015  -2.2117900226255236E-002  -4.6962715664371002E-004
   2.7565119459841417E-002   1.1660031596153609E-015   6.0995266048255795E-016  -2.2314436331656700E-015  0.56968917401045538       -3.9604902872517408E-016  -4.9833997605580604E-016  -3.6148330485041486E-017   1.4564372991050295E-016   2.8369226137500045E-016   3.8305638459329158E-016  -1.4875466907523113E-016  -2.7711669328794638E-016   2.0343787902923794E-015  0.90015595238920643        7.9467877763274007E-017  -1.4580892916671306E-015   1.0995375896443086E-016   2.5204324925580021E-016  -4.3573050630934023E-016   1.2369980195021267E-018  -1.7691328052792628E-016   1.2579057561463073E-016  -1.5270700686227470E-017   7.3737212334671514E-004  -2.6553727103106183E-016  -4.8331022343972574E-016  -6.8438235305546308E-017  -4.5527621449938726E-016
  -4.4078987049274272E-016   2.7565119459841688E-002  -2.3800571747782109E-015  -1.0937750319004879E-015   5.1050229841583023E-016  0.56968917401045283        1.2851647823465668E-015   6.4497786464097271E-016   7.7799413372491892E-017   1.6622202752101116E-016   2.3985507996017028E-016  -4.3125738902682599E-017  -6.0013491079604011E-017  -1.0752532631874701E-015   7.9467877763274007E-017  0.90015595238921364        1.8051942811610089E-016   6.8453870723043308E-017  -2.6628667325682136E-016  -1.1030288751248683E-016  -1.6957382731870077E-016   9.3799905806954868E-017  -1.0376053391165966E-018   8.0132945379957488E-017  -5.2607315312383388E-016   7.3737212335046333E-004  -1.0460814391475318E-015   9.3663639364115911E-016   4.0387911844403101E-016
   4.7745637874125127E-016  -1.3369397199810031E-015   2.7565119459839769E-002   1.0197528697307053E-015  -8.0182171666165480E-016  -5.6576004343197116E-016  0.56968917401045394       -3.4344419200315795E-016   1.3269380956397604E-016  -3.5352214187941716E-016  -7.9414020812620517E-016  -3.3876636983039968E-016  -5.9265577191581657E-016   1.2653660320489891E-015  -1.4580892916671306E-015   1.8051942811610089E-016  0.90015595238923463       -1.4615051540725627E-015  -6.6158671829272301E-017  -2.1327496069567194E-016   1.9312520541615703E-016  -1.5168332881111747E-017   2.6715401070781065E-016  -3.3426174447961955E-017  -7.7161990989435547E-016  -1.3502163384976465E-016   7.3737212335358725E-004  -3.0067668840313091E-015   8.1716615335872393E-016
  -1.0890148397378986E-015  -2.5098431798754966E-016  -8.7448524120358915E-016   1.4613587760530492E-002   8.2535437775884784E-016   4.7808016982326019E-016  -9.3527651390395658E-016   3.9050258535817506E-015  -5.3327876603929060E-016  -1.2498811782494665E-015   2.8380557878465535E-015   8.2922023283655336E-016   3.9690912702816681E-015  0.60650258742305063        1.0995375896443086E-016   6.8453870723043308E-017  -1.4615051540725627E-015  0.60417412317118957        5.1646226745958171E-015   6.1231192952603495E-016   1.0915063729613285E-015   5.6576717183607273E-015  -7.3039964909547795E-016   5.8431721767940364E-015   1.4182598393237355E-015  -2.3082775367182879E-015   3.2537946925561786E-015   1.0677770772058118E-002   1.1118987325324013E-003
   7.7739483374364844E-018  -7.9071228585280977E-018  -1.2964700909391032E-018   1.2385359827320357E-016   1.5930901399488062E-016  -1.6943085139049094E-016  -4.4536717688151718E-017   4.5676318804376169E-029  -7.8842993531140753E-030  -2.6009291610273934E-029   2.7204979810228113E-029   1.2691916711905143E-029   5.1591030951720334E-029   5.1893958933734337E-015   2.5204324925580021E-016  -2.6628667325682136E-016  -6.6158671829272301E-017   5.1646226745958171E-015   5.1797925811864245E-029   9.2308669823524285E-030   2.5018132567356995E-029   5.8873841024013353E-029  -1.2149624014675822E-029   5.0677929717182589E-029  -7.2680480980748083E-017  -3.2362387222912115E-016  -9.5415152048317637E-016  -3.8763537586050300E-016   3.7165856214656845E-015
  -1.3093926320955657E-017  -4.5858632558470642E-018  -4.5547182546671854E-018   1.5612332003160310E-017  -2.7667551671966344E-016  -6.5392564943851465E-017  -1.4220074232381666E-016   1.0733651052488748E-029  -6.1314406957639542E-030  -2.1818230661718493E-029  -4.1265203889812709E-030   9.9539822040934027E-030   2.0606264774681108E-029   6.1115454836534585E-016  -4.3573050630934023E-016  -1.1030288751248683E-016  -2.1327496069567194E-016   6.1231192952603495E-016   9.2308669823524285E-030   6.9587348347066365E-030   2.1700435718100751E-029   1.5075883954407092E-029  -9.6859375470377910E-030   1.0945328649688482E-030  -3.2638892846655923E-016   1.5800014059765005E-015  -2.5850246730386724E-015   1.4590705794406252E-016   1.6804177646084069E-015
   9.0923863040668493E-020  -1.0054217988684943E-017   1.1722601643090479E-017   2.4485312872531530E-017   5.8898862573365968E-019  -8.9550568922821236E-017   1.0099368488948589E-016   3.4595900872534286E-029  -1.9767855370141899E-029  -7.5380403497275843E-029  -1.5089755722179529E-029   3.0938626769880357E-029   6.7938006408724361E-029   1.1044652991894078E-015   1.2369980195021267E-018  -1.6957382731870077E-016   1.9312520541615703E-016   1.0915063729613285E-015   2.5018132567356995E-029   2.1700435718100751E-029   7.5530113048884201E-029   4.4353378184149355E-029  -2.9624789403368289E-029  -5.4180913825557455E-030  -6.9375612498919822E-017   6.3581830384370604E-015  -7.5969916277510689E-015  -8.5444777043033636E-016   6.9314922041094073E-015
  -5.3163822427903447E-018   1.1051069362892801E-018   1.1944908653501616E-018   1.4028706533784560E-016  -1.1233433920888525E-016   6.5823559779048247E-017  -1.5663474167900924E-017   5.6783844136789131E-029  -1.2785878281516351E-029  -4.6037945547995700E-029   2.1227456469451582E-029   1.9513638564539054E-029   6.7964395164354062E-029   5.6643275001815121E-015  -1.7691328052792628E-016   9.3799905806954868E-017  -1.5168332881111747E-017   5.6576717183607273E-015   5.8873841024013353E-029   1.5075883954407092E-029   4.4353378184149355E-029   7.3066675154560025E-029  -1.8442735825393495E-029   5.2593594876471496E-029  -1.3245748816444644E-016   2.3115389818611002E-015  -2.1698200925564329E-015   7.6865960551194038E-016   5.4484584071676340E-015
   3.7319446138128085E-018   4.7566382974124971E-019   4.2406716411657832E-018  -1.7883434882329780E-017   8.0049069523346338E-017  -2.5114177216729045E-018   1.8347811916710399E-016  -1.1893775312646263E-029   8.7559700636831917E-030   2.8791171264504805E-029   5.7794893220043704E-030  -1.5917544316666512E-029  -2.7830117096137198E-029  -7.3231076362012216E-016   1.2579057561463073E-016  -1.0376053391165966E-018   2.6715401070781065E-016  -7.3039964909547795E-016  -1.2149624014675822E-029  -9.6859375470377910E-030  -2.9624789403368289E-029  -1.8442735825393495E-029   1.6338122406218472E-029   6.8367901332635167E-031   1.5717083294977671E-016  -6.6368561206519056E-016   5.1537621027464997E-015   2.4317852856199968E-017  -1.9193664189411129E-015
  -8.2749759602299350E-019   4.2646964363281816E-018  -3.4290046585536642E-018   1.4842874349772618E-016  -8.3491358591174733E-018   4.4095674363900025E-017  -1.2362678387382823E-017   4.0830258185568594E-029   2.0201627521961868E-031   3.5762989872766614E-030   3.6349431853204165E-029  -6.9609282671221602E-031   2.7846588053882282E-029   5.8341342657787114E-015  -1.5270700686227470E-017   8.0132945379957488E-017  -3.3426174447961955E-017   5.8431721767940364E-015   5.0677929717182589E-029   1.0945328649688482E-030  -5.4180913825557455E-030   5.2593594876471496E-029   6.8367901332635167E-031   6.6932040191945464E-029   4.7066479558627912E-016  -2.3683253923080512E-015   3.1460371847588313E-015   1.9834366525486151E-015   1.2717436015829184E-015
  -1.5058735155390221E-003  -2.4868968129697747E-016  -1.2805776557022310E-015   1.9828653654785590E-016   6.0533276896045781E-003  -6.0019405901944743E-016   2.2056670183866200E-015   2.1083462830704888E-016   3.0107610277308601E-016   7.4866490665298617E-016   4.3835897893794894E-016  -3.5756445311035201E-016  -1.6932373849257743E-016  -1.3723627834265351E-015   7.3737212334671514E-004  -5.2607315312383388E-016  -7.7161990989435547E-016   1.4182598393237355E-015  -7.2680480980748083E-017  -3.2638892846655923E-016  -6.9375612498919822E-017  -1.3245748816444644E-016   1.5717083294977671E-016   4.7066479558627912E-016   1.9990851466539434       -9.1990077884161101E-017  -3.4845410790736858E-016   1.1632689942823054E-015   6.4666802049969258E-017
  -1.0228641258781413E-016  -1.5058735155381703E-003  -1.8821959101788528E-016  -3.2255429902928041E-015   1.0497807775794301E-015   6.0533276896003185E-003  -1.7478775944440790E-015   1.2341475284780343E-015  -1.5784409709272000E-015  -6.7726784860764856E-015  -4.1225233589255485E-015   1.4047349069549168E-015   3.5148798492579064E-015   4.3578096255053346E-015  -2.6553727103106183E-016   7.3737212335046333E-004  -1.3502163384976465E-016  -2.3082775367182879E-015  -3.2362387222912115E-016   1.5800014059765005E-015   6.3581830384370604E-015   2.3115389818611002E-015  -6.6368561206519056E-016  -2.3683253923080512E-015  -9.1990077884161101E-017   1.9990851466539490        3.2436372293875561E-015  -1.5013928340536720E-015  -5.7702641649493242E-016
   1.7494472379406918E-015  -7.4608053704611099E-017  -1.5058735155386446E-003   3.2203149156777332E-015  -1.2790637960672507E-015   3.4625249278726409E-016   6.0533276896014747E-003  -4.1357799707532578E-017   2.4425745184901791E-015   7.1197530117242819E-015   3.7640784275173053E-015  -4.8651361512081167E-015  -5.3766493416173270E-015  -4.4227955518737655E-015  -4.8331022343972574E-016  -1.0460814391475318E-015   7.3737212335358725E-004   3.2537946925561786E-015  -9.5415152048317637E-016  -2.5850246730386724E-015  -7.5969916277510689E-015  -2.1698200925564329E-015   5.1537621027464997E-015   3.1460371847588313E-015  -3.4845410790736858E-016   3.2436372293875561E-015   1.9990851466539508        1.7747311533932086E-015   7.8002089505004813E-016
  -7.2640585810034549E-016   1.3525450129522402E-016  -1.1132413231835526E-015   7.6323626455605028E-003   4.0376601071677310E-016  -3.1653856878050912E-016   1.4870633726352633E-015   2.3299223405824563E-016   3.8140326259139225E-016   6.4298361950864545E-016  -3.3245314674266337E-015  -4.9185870048126580E-016  -3.1185537789201014E-015  -2.2117900226255236E-002  -6.8438235305546308E-017   9.3663639364115911E-016  -3.0067668840313091E-015   1.0677770772058118E-002  -3.8763537586050300E-016   1.4590705794406252E-016  -8.5444777043033636E-016   7.6865960551194038E-016   2.4317852856199968E-017   1.9834366525486151E-015   1.1632689942823054E-015  -1.5013928340536720E-015   1.7747311533932086E-015   2.0200559586880646        7.7099188448915201E-004
   7.1892706807487177E-017  -1.5892900204229295E-016   8.4588850711899783E-016   3.9737828622603749E-004   4.7256754160473177E-016   1.3928013038937604E-016  -1.0073793140243147E-015   6.8577582731303586E-015  -1.2523778949129731E-015  -6.9584990755752105E-015   1.7280500736969976E-015   1.8248227961019135E-015   8.0552745438426626E-015  -4.6962715664371002E-004  -4.5527621449938726E-016   4.0387911844403101E-016   8.1716615335872393E-016   1.1118987325324013E-003   3.7165856214656845E-015   1.6804177646084069E-015   6.9314922041094073E-015   5.4484584071676340E-015  -1.9193664189411129E-015   1.2717436015829184E-015   6.4666802049969258E-017  -5.7702641649493242E-016   7.8002089505004813E-016   7.7099188448915201E-004   2.0001374317570537     
