   3.9222733724561365E-002  -3.3543069399901523E-017   2.0785623836989763E-017  -2.0306179377750664E-017  -8.3403842677981329E-018   8.2973859509598357E-018  -1.0717204941715956E-018  -1.2899732836834901E-017   2.3705126256486522E-019  -4.4862833730193790E-018   5.2596104026043353E-002  -2.4983236779265379E-017   1.7676448231930404E-017  -1.4583008434706834E-016  -5.1421967108533029E-018  -3.3682085715503651E-019   1.5824758081377251E-019  -6.5047282945886511E-018   5.8625656487414665E-019  -7.0417645729116557E-018   5.2828413222798687E-002  -3.2791468831371569E-017   7.7701155694830820E-018  -2.2702192604773245E-016  -2.4098104314353663E-015
  -3.3543069399901523E-017   3.9222733724561414E-002  -1.3990866706272315E-018  -9.2200821833767774E-018   1.1801782380745262E-017  -1.0996270219569203E-018  -8.6545647071780318E-019   5.6599028078783610E-018   7.8928474879831470E-019   3.0549635726839174E-018  -2.4663340669519595E-017   5.2596104026043478E-002   1.2941534056782410E-017   6.8907663253584903E-017   4.8899549024994813E-018  -3.0562865927473052E-019   8.0884200828959907E-020   5.2070897882481280E-018  -5.6578659472027304E-021   5.8309046948527077E-018  -2.8620960943406790E-017   5.2828413222798729E-002   7.0698310803373383E-018   9.5036227034543458E-017  -2.4677998718281376E-016
   2.0785623836989763E-017  -1.3990866706272315E-018   3.9222733724561656E-002  -1.6454172906910548E-017  -7.1702219050402883E-018   7.9875361275872207E-018  -3.1368748772249621E-018  -6.1815885990175170E-018   2.1260269715121535E-018   5.4570491555081752E-018   3.5645405174986234E-017  -1.7493771459643019E-017   5.2596104026043651E-002  -1.5079204644190780E-016   1.6049029171714223E-017  -7.8596159468962137E-019   1.2234671532173958E-018   1.3862144096047893E-017   4.8993574543954885E-019   1.6127883321170505E-017   3.0092257172788391E-017  -1.2677224484199856E-017   5.2828413222798867E-002  -7.4297398511114805E-017  -5.7506827586397122E-016
  -2.0306179377750664E-017  -9.2200821833767774E-018  -1.6454172906910548E-017   6.3366083171049870E-005  -1.5557671549091233E-017  -3.5030841625918658E-018  -2.4998447289146163E-018  -1.8804722147875121E-017   3.5050396898016003E-018  -2.3533856925346708E-017  -1.8494108623384872E-017  -1.2783378288674771E-017  -8.8871895755296242E-018   5.7049619846696060E-003  -1.0006798346509438E-016   7.3670409132810195E-019   1.3757818270052226E-018  -9.1865663373284990E-017  -3.8662168563099839E-021  -9.4302704902551672E-017  -2.2934902083134811E-017  -1.9688691498458254E-017  -2.4226412499858886E-017   5.9309033355953843E-003   3.1644529890347364E-003
  -8.3403842677981329E-018   1.1801782380745262E-017  -7.1702219050402883E-018  -1.5557671549091233E-017   5.5758088261597729E-029   5.4571899020306238E-030   2.3177003971083279E-030   5.4966930913934835E-029   3.1842823723824725E-030   5.3263117757612830E-029  -1.1184118925724087E-017   1.5825714192931739E-017  -9.6149783912676211E-018   4.3083729253240875E-017   3.9508170051077924E-029  -3.3005760266268392E-030  -1.4437193274827444E-030   2.8784828409422424E-029  -1.7341506699360150E-030   2.9329498510253554E-029  -1.1233517521510477E-017   1.5895614027152996E-017  -9.6574463258527001E-018  -4.0439781869713923E-018  -1.0567077952890238E-014
   8.2973859509598357E-018  -1.0996270219569203E-018   7.9875361275872207E-018  -3.5030841625918658E-018   5.4571899020306238E-030   6.0465078842355797E-031   2.8826334805115888E-031   5.4954851365627116E-030   1.6504399612777172E-031   5.5077620654807154E-030   1.1126459916982121E-017  -1.4745554872040843E-018   1.0710963800444971E-017  -1.8748449983070714E-016   6.8576553926127003E-030  -3.1733739958008167E-031  -1.7373238766538714E-031   5.6318115180293926E-030  -1.5325684538183087E-031   5.7621244249329641E-030   1.1175603841499610E-017  -1.4810683802623538E-018   1.0758272540193065E-017  -1.9923594063612784E-016  -1.0422563594496908E-015
  -1.0717204941715956E-018  -8.6545647071780318E-019  -3.1368748772249621E-018  -2.4998447289146163E-018   2.3177003971083279E-030   2.8826334805115888E-031   1.5479278438219516E-031   2.3939152378536012E-030  -5.7904612018592433E-033   2.4855633921058111E-030  -1.4371339589480117E-018  -1.1605422223638108E-018  -4.2064226965376557E-018  -1.7770888926319029E-016   4.4365500217414664E-030  -1.3131714154723154E-031  -9.0647538882249942E-032   3.8274633196652788E-030  -5.6807940905661104E-032   3.9216694964370702E-030  -1.4434815666608733E-018  -1.1656681653678306E-018  -4.2250018421960704E-018  -1.8634872473879390E-016  -4.4596363666275331E-016
  -1.2899732836834901E-017   5.6599028078783610E-018  -6.1815885990175170E-018  -1.8804722147875121E-017   5.4966930913934835E-029   5.4954851365627116E-030   2.3939152378536012E-030   5.4392194924553144E-029   2.8809385573745713E-030   5.3017862387369973E-029  -1.7298021472956966E-017   7.5897013948832141E-018  -8.2892610006254435E-018  -2.9338346624458828E-016   4.4179521096811677E-029  -3.2429008049571469E-030  -1.4804220460085361E-030   3.3302157574195124E-029  -1.6809799926479346E-030   3.3973367291718583E-029  -1.7374424270216380E-017   7.6232239811507451E-018  -8.3258734379670780E-018  -3.5234410806606329E-016  -1.0429993302657301E-014
   2.3705126256486522E-019   7.8928474879831470E-019   2.1260269715121535E-018   3.5050396898016003E-018   3.1842823723824725E-030   1.6504399612777172E-031  -5.7904612018592433E-033   2.8809385573745713E-030   5.0908546936293930E-031   2.3971934985269190E-030   3.1787618254384494E-019   1.0583990153640491E-018   2.8509164236500322E-018   4.2802240004358157E-016  -4.3705518645522965E-030  -2.0230854747806931E-031  -9.9559114567669772E-033  -4.5954260354648068E-030  -1.3531668512391784E-031  -4.7342687122300382E-030   3.1928019453462524E-019   1.0630738069597691E-018   2.8635084989896417E-018   4.4117019481697835E-016  -5.8753028286003055E-016
  -4.4862833730193790E-018   3.0549635726839174E-018   5.4570491555081752E-018  -2.3533856925346708E-017   5.3263117757612830E-029   5.5077620654807154E-030   2.4855633921058111E-030   5.3017862387369973E-029   2.3971934985269190E-030   5.2159435882051247E-029  -6.0159250662082189E-018   4.0965829407248298E-018   7.3176828283595747E-018  -7.9867351833278347E-016   5.0828294731887319E-029  -3.1263390235678017E-030  -1.5218095477926017E-030   3.9817545058664591E-029  -1.5848687877316951E-030   4.0674101603564635E-029  -6.0424965156435179E-018   4.1146769404602569E-018   7.3500039489654663E-018  -8.7495624657873748E-016  -1.0126957028042748E-014
   5.2596104026043353E-002  -2.4663340669519595E-017   3.5645405174986234E-017  -1.8494108623384872E-017  -1.1184118925724087E-017   1.1126459916982121E-017  -1.4371339589480117E-018  -1.7298021472956966E-017   3.1787618254384494E-019  -6.0159250662082189E-018   7.0529254236710151E-002  -6.2573147256835497E-018   3.4125828067616500E-017  -2.1222458786510104E-016  -6.8954783984861005E-018  -4.5166318506509091E-019   2.1220362356258833E-019  -8.7225782997814421E-018   7.8614640908623000E-019  -9.4427222897134891E-018   7.0840771500258221E-002  -1.6608057341130102E-017   2.0888961856550002E-017  -2.9459382126260706E-016   2.6509857721799490E-015
  -2.4983236779265379E-017   5.2596104026043478E-002  -1.7493771459643019E-017  -1.2783378288674771E-017   1.5825714192931739E-017  -1.4745554872040843E-018  -1.1605422223638108E-018   7.5897013948832141E-018   1.0583990153640491E-018   4.0965829407248298E-018  -6.2573147256835497E-018   7.0529254236710387E-002  -3.5886668392798904E-018   2.9859178121143025E-017   6.5572323066682284E-018  -4.0983570572710657E-019   1.0846245115749662E-019   6.9824973980374709E-018  -7.5869700468370159E-021   7.8190080286115387E-018  -1.1445673871931408E-017   7.0840771500258359E-002  -1.1554870536048185E-017   6.3257164359274696E-017  -1.8395320925920592E-016
   1.7676448231930404E-017   1.2941534056782410E-017   5.2596104026043651E-002  -8.8871895755296242E-018  -9.6149783912676211E-018   1.0710963800444971E-017  -4.2064226965376557E-018  -8.2892610006254435E-018   2.8509164236500322E-018   7.3176828283595747E-018   3.4125828067616500E-017  -3.5886668392798904E-018   7.0529254236710415E-002   5.1521290811192701E-016   2.1521100843179888E-017  -1.0539427997298962E-018   1.6406201086080495E-018   1.8588576156341368E-017   6.5698407495500997E-019   2.1626841077325002E-017   2.6618857400410453E-017   2.9578390518117179E-018   7.0840771500258345E-002   6.6206372822864289E-016   3.0668288360223227E-015
  -1.4583008434706834E-016   6.8907663253584903E-017  -1.5079204644190780E-016   5.7049619846696060E-003   4.3083729253240875E-017  -1.8748449983070714E-016  -1.7770888926319029E-016  -2.9338346624458828E-016   4.2802240004358157E-016  -7.9867351833278347E-016  -2.1222458786510104E-016   2.9859178121143025E-017   5.1521290811192701E-016  0.55376657627226278       -8.5939541853277291E-015  -2.0408314508682446E-017   9.3124116676655959E-017  -8.0976418491133882E-015  -4.8580088267077049E-017  -8.3185421346829877E-015   6.7436378223808160E-017  -7.0411816521388793E-016  -7.3129423196337379E-017  0.57434049712724511        1.2722890427912805E-002
  -5.1421967108533029E-018   4.8899549024994813E-018   1.6049029171714223E-017  -1.0006798346509438E-016   3.9508170051077924E-029   6.8576553926127003E-030   4.4365500217414664E-030   4.4179521096811677E-029  -4.3705518645522965E-030   5.0828294731887319E-029  -6.8954783984861005E-018   6.5572323066682284E-018   2.1521100843179888E-017  -8.5939541853277291E-015   1.6233353306910576E-028  -2.0612373494734151E-030  -2.4902410210752064E-030   1.4687392883741693E-028  -4.9286565401737158E-031   1.5070818170038565E-028  -6.9259347046504248E-018   6.5861946299964071E-018   2.1616156356215430E-017  -8.9483608583958379E-015  -7.8137599805535250E-015
  -3.3682085715503651E-019  -3.0562865927473052E-019  -7.8596159468962137E-019   7.3670409132810195E-019  -3.3005760266268392E-030  -3.1733739958008167E-031  -1.3131714154723154E-031  -3.2429008049571469E-030  -2.0230854747806931E-031  -3.1263390235678017E-030  -4.5166318506509091E-019  -4.0983570572710657E-019  -1.0539427997298962E-018  -2.0408314508682446E-017  -2.0612373494734151E-030   1.9601095483221994E-031   8.2394235100291607E-032  -1.4425480285771649E-030   1.0416423264871008E-031  -1.4677093930525309E-030  -4.5365811441867248E-019  -4.1164588930159300E-019  -1.0585979088841549E-018  -1.8282845980344321E-017   6.2493779706202517E-016
   1.5824758081377251E-019   8.0884200828959907E-020   1.2234671532173958E-018   1.3757818270052226E-018  -1.4437193274827444E-030  -1.7373238766538714E-031  -9.0647538882249942E-032  -1.4804220460085361E-030  -9.9559114567669772E-033  -1.5218095477926017E-030   2.1220362356258833E-019   1.0846245115749662E-019   1.6406201086080495E-018   9.3124116676655959E-017  -2.4902410210752064E-030   8.2394235100291607E-032   5.3451531681214671E-032  -2.1267732119027094E-030   3.6871956045477044E-032  -2.1784751969203909E-030   2.1314089551873718E-019   1.0894151373009600E-019   1.6478664844873980E-018   9.7851986205418601E-017   2.7715212548383826E-016
  -6.5047282945886511E-018   5.2070897882481280E-018   1.3862144096047893E-017  -9.1865663373284990E-017   2.8784828409422424E-029   5.6318115180293926E-030   3.8274633196652788E-030   3.3302157574195124E-029  -4.5954260354648068E-030   3.9817545058664591E-029  -8.7225782997814421E-018   6.9824973980374709E-018   1.8588576156341368E-017  -8.0976418491133882E-015   1.4687392883741693E-028  -1.4425480285771649E-030  -2.1267732119027094E-030   1.3393717244872735E-028  -2.0242907884537890E-031   1.3746484738432257E-028  -8.7611046354387265E-018   7.0133380542498807E-018   1.8670679142427755E-017  -8.4242016689421987E-015  -5.7620836804750766E-015
   5.8625656487414665E-019  -5.6578659472027304E-021   4.8993574543954885E-019  -3.8662168563099839E-021  -1.7341506699360150E-030  -1.5325684538183087E-031  -5.6807940905661104E-032  -1.6809799926479346E-030  -1.3531668512391784E-031  -1.5848687877316951E-030   7.8614640908623000E-019  -7.5869700468370159E-021   6.5698407495500997E-019  -4.8580088267077049E-017  -4.9286565401737158E-031   1.0416423264871008E-031   3.6871956045477044E-032  -2.0242907884537890E-031   5.7972415347293550E-032  -2.0047088003132744E-031   7.8961870126768050E-019  -7.6204805690055270E-021   6.5988587624828659E-019  -4.8872672861534934E-017   3.2686628126080040E-016
  -7.0417645729116557E-018   5.8309046948527077E-018   1.6127883321170505E-017  -9.4302704902551672E-017   2.9329498510253554E-029   5.7621244249329641E-030   3.9216694964370702E-030   3.3973367291718583E-029  -4.7342687122300382E-030   4.0674101603564635E-029  -9.4427222897134891E-018   7.8190080286115387E-018   2.1626841077325002E-017  -8.3185421346829877E-015   1.5070818170038565E-028  -1.4677093930525309E-030  -2.1784751969203909E-030   1.3746484738432257E-028  -2.0047088003132744E-031   1.4108645364269205E-028  -9.4844293946490270E-018   7.8535434283088249E-018   2.1722363629297923E-017  -8.6538002019674651E-015  -5.8736903103779000E-015
   5.2828413222798687E-002  -2.8620960943406790E-017   3.0092257172788391E-017  -2.2934902083134811E-017  -1.1233517521510477E-017   1.1175603841499610E-017  -1.4434815666608733E-018  -1.7374424270216380E-017   3.1928019453462524E-019  -6.0424965156435179E-018   7.0840771500258221E-002  -1.1445673871931408E-017   2.6618857400410453E-017   6.7436378223808160E-017  -6.9259347046504248E-018  -4.5365811441867248E-019   2.1314089551873718E-019  -8.7611046354387265E-018   7.8961870126768050E-019  -9.4844293946490270E-018   7.1153664689392618E-002  -2.1865026156107048E-017   1.3290511631054670E-017  -2.6949206928138364E-017  -2.1189663731029272E-015
  -3.2791468831371569E-017   5.2828413222798729E-002  -1.2677224484199856E-017  -1.9688691498458254E-017   1.5895614027152996E-017  -1.4810683802623538E-018  -1.1656681653678306E-018   7.6232239811507451E-018   1.0630738069597691E-018   4.1146769404602569E-018  -1.6608057341130102E-017   7.0840771500258359E-002   2.9578390518117179E-018  -7.0411816521388793E-016   6.5861946299964071E-018  -4.1164588930159300E-019   1.0894151373009600E-019   7.0133380542498807E-018  -7.6204805690055270E-021   7.8535434283088249E-018  -2.1865026156107048E-017   7.1153664689392659E-002  -5.0145056338248185E-018  -6.9567244304766794E-016   2.6993641169690258E-016
   7.7701155694830820E-018   7.0698310803373383E-018   5.2828413222798867E-002  -2.4226412499858886E-017  -9.6574463258527001E-018   1.0758272540193065E-017  -4.2250018421960704E-018  -8.3258734379670780E-018   2.8635084989896417E-018   7.3500039489654663E-018   2.0888961856550002E-017  -1.1554870536048185E-017   7.0840771500258345E-002  -7.3129423196337379E-017   2.1616156356215430E-017  -1.0585979088841549E-018   1.6478664844873980E-018   1.8670679142427755E-017   6.5988587624828659E-019   2.1722363629297923E-017   1.3290511631054670E-017  -5.0145056338248185E-018   7.1153664689392590E-002   2.4364038242336003E-017  -3.0193998662522857E-015
  -2.2702192604773245E-016   9.5036227034543458E-017  -7.4297398511114805E-017   5.9309033355953843E-003  -4.0439781869713923E-018  -1.9923594063612784E-016  -1.8634872473879390E-016  -3.5234410806606329E-016   4.4117019481697835E-016  -8.7495624657873748E-016  -2.9459382126260706E-016   6.3257164359274696E-017   6.6206372822864289E-016  0.57434049712724511       -8.9483608583958379E-015  -1.8282845980344321E-017   9.7851986205418601E-017  -8.4242016689421987E-015  -4.8872672861534934E-017  -8.6538002019674651E-015  -2.6949206928138364E-017  -6.9567244304766794E-016   2.4364038242336003E-017  0.59572138717353373        2.2432932737750395E-002
  -2.4098104314353663E-015  -2.4677998718281376E-016  -5.7506827586397122E-016   3.1644529890347364E-003  -1.0567077952890238E-014  -1.0422563594496908E-015  -4.4596363666275331E-016  -1.0429993302657301E-014  -5.8753028286003055E-016  -1.0126957028042748E-014   2.6509857721799490E-015  -1.8395320925920592E-016   3.0668288360223227E-015   1.2722890427912805E-002  -7.8137599805535250E-015   6.2493779706202517E-016   2.7715212548383826E-016  -5.7620836804750766E-015   3.2686628126080040E-016  -5.8736903103779000E-015  -2.1189663731029272E-015   2.6993641169690258E-016  -3.0193998662522857E-015   2.2432932737750395E-002   2.0036620277214636     
