   1.4122628936990624E-031  -1.3660420728986310E-031  -3.4623356905371811E-031   7.7268175148335797E-018   6.5055209981454044E-032   5.7328911799721771E-031   1.2477657758273913E-031   2.8612883051936895E-016  -1.1751922362706735E-030  -2.1730419215792207E-031  -1.5533207312401471E-031  -1.5943578944205757E-030  -7.2824846168955298E-033  -1.0279891057239129E-030   2.5049913660287132E-016   7.0231564188167649E-032  -1.6628832074331900E-031  -2.8548321894664915E-031   2.8734515976079809E-031   1.3669452066405316E-031   8.1594690537062397E-032   3.9926982278779560E-031   5.1433476919578939E-032   3.8483895622911718E-031   1.5889294832791338E-016
  -1.3660420728986310E-031   3.3142218536903543E-031   1.8538448285594571E-031  -5.8356384140427418E-018   1.4031249724957815E-031  -1.1877475629710905E-030  -3.7382470219955150E-031  -1.6726117548233134E-016   1.8816711835271765E-030   3.8373446264388279E-031   5.0862921057298682E-031   2.4507832543226168E-030   3.1084572268021708E-032   1.2276275312066614E-030  -1.5056115342495575E-016  -1.6641230212052795E-031   5.7351420498752406E-031  -4.0068934680838087E-032  -3.2836733833999262E-031  -3.7441656748919150E-031  -1.9806914436340647E-031  -3.1440994695261903E-031  -1.3474153127948401E-031  -2.2591243833599746E-031  -7.5687587542296033E-016
  -3.4623356905371811E-031   1.8538448285594571E-031   9.6101035581726570E-031  -2.0172379888831786E-017  -3.1197165448144671E-031  -9.3041099795666926E-031  -1.1599156047243578E-031  -7.8363526543359850E-016   2.3222320013082767E-030   4.0254687516423625E-031   1.1193844742576039E-031   3.2270775117941853E-030  -1.8255793163213113E-034   2.3452198015028704E-030  -6.8295748243242314E-016  -9.8296675635795662E-032   9.8069674528248462E-032   9.3713447911418809E-031  -6.6662917155811579E-031  -1.5341467118325811E-031  -1.1065028801708987E-031  -1.0327216435179924E-030  -6.2330237080915619E-032  -1.0532658437534682E-030   6.2995895831327396E-017
   7.7268175148335797E-018  -5.8356384140427418E-018  -2.0172379888831786E-017   4.3622002293653822E-004   5.2300855249579171E-018   2.6160451734509131E-017   4.7458935758925040E-018   1.6554964541502279E-002  -5.8173551227687161E-017  -1.0462576292568629E-017  -5.5524342599878100E-018  -7.9761634371737335E-017  -2.0081232820824295E-019  -5.4325917994624466E-017   1.4459552318239035E-002   3.0329624344641078E-018  -5.7055958830356871E-018  -1.8218907573499461E-017   1.5306778368456136E-017   5.4878536882505835E-018   3.4847795230468904E-018   2.2435162011499992E-017   2.1153556592677844E-018   2.2258378468712816E-017   3.7348103143341619E-003
   6.5055209981454044E-032   1.4031249724957815E-031  -3.1197165448144671E-031   5.2300855249579171E-018   2.3723399834022385E-031  -3.8168834335486166E-031  -2.0067102313230733E-031   2.4347732611606937E-016   2.1835849322263077E-031   7.6881615034911308E-032   2.9393079084931560E-031   1.9218053872392908E-031   2.1162255147063803E-032  -2.3563205593083281E-031   2.0894904005673128E-016  -6.8079256957398957E-032   3.4424711416951553E-031  -4.5398233335457782E-031   8.0938274551789536E-032  -1.8402830987038922E-031  -8.3920077617400636E-032   2.5713709697552963E-031  -6.2983272209011222E-032   3.2650584146054257E-031  -5.4194465123349943E-016
   5.7328911799721771E-031  -1.1877475629710905E-030  -9.3041099795666926E-031   2.6160451734509131E-017  -3.8168834335486166E-031   4.3391900473795013E-030   1.3108160596303434E-030   8.1356556747855820E-016  -7.1375135047812611E-030  -1.4335311029781834E-030  -1.7692707920563944E-030  -9.3590898987548645E-030  -1.0594844659110177E-031  -4.9142168984962289E-030   7.2537369285027171E-016   5.9800416190244629E-031  -1.9862390160951320E-030  -1.5415732362905182E-031   1.3266643157563913E-030   1.3244471668048950E-030   7.0979425593601545E-031   1.3926682997885046E-030   4.7883930166093118E-031   1.0972477529953721E-030   2.5615618041174345E-015
   1.2477657758273913E-031  -3.7382470219955150E-031  -1.1599156047243578E-031   4.7458935758925040E-018  -2.0067102313230733E-031   1.3108160596303434E-030   4.3176487727476647E-031   1.1371290127628336E-016  -1.9845145857528931E-030  -4.1242229879011815E-031  -5.9244614394492819E-031  -2.5627400895431781E-030  -3.6969815422162068E-032  -1.2045613454693989E-030   1.0479614004186268E-016   1.8713718622792983E-031  -6.7108069108694595E-031   1.4941004115653098E-031   3.1792634971424353E-031   4.2840396931446762E-031   2.2342572463901729E-031   2.6157469343217929E-031   1.5339663560045470E-031   1.5414712957825589E-031   9.0653430426867346E-016
   2.8612883051936895E-016  -1.6726117548233134E-016  -7.8363526543359850E-016   1.6554964541502279E-002   2.4347732611606937E-016   8.1356556747855820E-016   1.1371290127628336E-016  0.63987454973751701       -1.9716532953952018E-015  -3.4490878891836559E-016  -1.1778811003588669E-016  -2.7309669340016520E-015  -1.5450482684632804E-018  -1.9545559457266205E-015  0.55792713886237932        8.8179923600414789E-017  -1.1015656002738410E-016  -7.5214502452471250E-016   5.5446235930577451E-016   1.4386803823928170E-016   9.9846839801347555E-017   8.4838081912638865E-016   5.7505617405417670E-017   8.6010033393979594E-016  -9.5089385591558724E-003
  -1.1751922362706735E-030   1.8816711835271765E-030   2.3222320013082767E-030  -5.8173551227687161E-017   2.1835849322263077E-031  -7.1375135047812611E-030  -1.9845145857528931E-030  -1.9716532953952018E-015   1.2563763050683211E-029   2.4569628512636255E-030   2.6321978934737537E-030   1.6663562872257969E-029   1.5046309820430384E-031   9.4262586494199660E-030  -1.7415666239794651E-015  -9.5253613990874294E-031   2.9262944288206966E-030   1.1936159412653400E-030  -2.5795912937649452E-030  -2.0428090370690981E-030  -1.1243405874375090E-030  -3.0541005782913314E-030  -7.4569305902804491E-031  -2.6553900830086059E-030  -3.5768995086777353E-015
  -2.1730419215792207E-031   3.8373446264388279E-031   4.0254687516423625E-031  -1.0462576292568629E-017   7.6881615034911308E-032  -1.4335311029781834E-030  -4.1242229879011815E-031  -3.4490878891836559E-016   2.4569628512636255E-030   4.8548683791424833E-031   5.5108958037703591E-031   3.2444517005565879E-030   3.2140118949014999E-032   1.7849061213590933E-030  -3.0555421727272862E-016  -1.9382150154591784E-031   6.1522173437377260E-031   1.6391450114546435E-031  -4.8604833992217694E-031  -4.2123720214761656E-031  -2.2930166415595352E-031  -5.5183703060255313E-031  -1.5315159856553762E-031  -4.6472323336837136E-031  -7.6974447822205498E-016
  -1.5533207312401471E-031   5.0862921057298682E-031   1.1193844742576039E-031  -5.5524342599878100E-018   2.9393079084931560E-031  -1.7692707920563944E-030  -5.9244614394492819E-031  -1.1778811003588669E-016   2.6321978934737537E-030   5.5108958037703591E-031   8.1532281205881698E-031   3.3875486755265760E-030   5.1241752004827546E-032   1.5501774263080566E-030  -1.1054392213831996E-016  -2.5434157728782821E-031   9.2499823321667831E-031  -2.5464056088072902E-031  -4.0672728128744540E-031  -5.8588821432591029E-031  -3.0400261274480724E-031  -3.1004479382710236E-031  -2.0941062313016312E-031  -1.6012924541616343E-031  -1.2594671963567566E-015
  -1.5943578944205757E-030   2.4507832543226168E-030   3.2270775117941853E-030  -7.9761634371737335E-017   1.9218053872392908E-031  -9.3590898987548645E-030  -2.5627400895431781E-030  -2.7309669340016520E-015   1.6663562872257969E-029   3.2444517005565879E-030   3.3875486755265760E-030   2.2141873313908399E-029   1.9182091022148473E-031   1.2668956467237316E-029  -2.4097180601140373E-015  -1.2418620611374777E-030   3.7587470239146342E-030   1.7812573831910224E-030  -3.4738564916587812E-030  -2.6474263474641574E-030  -1.4643642853134607E-030  -4.1801912268147109E-030  -9.6814857290660849E-031  -3.6774345619756033E-030  -4.5438618462942905E-015
  -7.2824846168955298E-033   3.1084572268021708E-032  -1.8255793163213113E-034  -2.0081232820824295E-019   2.1162255147063803E-032  -1.0594844659110177E-031  -3.6969815422162068E-032  -1.5450482684632804E-018   1.5046309820430384E-031   3.2140118949014999E-032   5.1241752004827546E-032   1.9182091022148473E-031   3.2755532039284222E-033   8.1150506328398687E-032  -1.8506051435618567E-018  -1.5501233105866186E-032   5.8355463610347909E-032  -2.3423375443383472E-032  -2.0900261879157853E-032  -3.6265151926342407E-032  -1.8580100673375748E-032  -1.1928366197099432E-032  -1.2904827772627566E-032  -2.1925072990075166E-033  -8.0956152392068054E-017
  -1.0279891057239129E-030   1.2276275312066614E-030   2.3452198015028704E-030  -5.4325917994624466E-017  -2.3563205593083281E-031  -4.9142168984962289E-030  -1.2045613454693989E-030  -1.9545559457266205E-015   9.4262586494199660E-030   1.7849061213590933E-030   1.5501774263080566E-030   1.2668956467237316E-029   8.1150506328398687E-032   7.7558292029410882E-030  -1.7160002752308617E-015  -6.2649450721779080E-031   1.6934756170423677E-030   1.7078918932770209E-030  -2.1506194203578484E-030  -1.2785108541439196E-030  -7.3339760711817153E-031  -2.8222548023935525E-030  -4.7387421389464678E-031  -2.6299587369528983E-030  -1.8626568262173042E-015
   2.5049913660287132E-016  -1.5056115342495575E-016  -6.8295748243242314E-016   1.4459552318239035E-002   2.0894904005673128E-016   7.2537369285027171E-016   1.0479614004186268E-016  0.55792713886237932       -1.7415666239794651E-015  -3.0555421727272862E-016  -1.1054392213831996E-016  -2.4097180601140373E-015  -1.8506051435618567E-018  -1.7160002752308617E-015  0.48655202484381815        7.9239281576191372E-017  -1.0498713521573821E-016  -6.5193581856232483E-016   4.8646338779471301E-016   1.3096974238964926E-016   8.9881443784429925E-017   7.4125063274356864E-016   5.2105263735877738E-017   7.4996686452416700E-016   4.1689265286872839E-003
   7.0231564188167649E-032  -1.6641230212052795E-031  -9.8296675635795662E-032   3.0329624344641078E-018  -6.8079256957398957E-032   5.9800416190244629E-031   1.8713718622792983E-031   8.8179923600414789E-017  -9.5253613990874294E-031  -1.9382150154591784E-031  -2.5434157728782821E-031  -1.2418620611374777E-030  -1.5501233105866186E-032  -6.2649450721779080E-031   7.9239281576191372E-017   8.3589927988033087E-032  -2.8661638050068403E-031   1.4285487487597584E-032   1.6781462504378213E-031   1.8765987944189792E-031   9.9452776818608935E-032   1.6307959498991014E-031   6.7576573970980261E-032   1.1906946090707246E-031   3.7708236960836648E-016
  -1.6628832074331900E-031   5.7351420498752406E-031   9.8069674528248462E-032  -5.7055958830356871E-018   3.4424711416951553E-031  -1.9862390160951320E-030  -6.7108069108694595E-031  -1.1015656002738410E-016   2.9262944288206966E-030   6.1522173437377260E-031   9.2499823321667831E-031   3.7587470239146342E-030   5.8355463610347909E-032   1.6934756170423677E-030  -1.0498713521573821E-016  -2.8661638050068403E-031   1.0503117891370451E-030  -3.1862990886885741E-031  -4.4275577785597704E-031  -6.6246831674128086E-031  -3.4278838238356547E-031  -3.2146324126977239E-031  -2.3655290375623744E-031  -1.5012335222177666E-031  -1.4361043240541112E-015
  -2.8548321894664915E-031  -4.0068934680838087E-032   9.3713447911418809E-031  -1.8218907573499461E-017  -4.5398233335457782E-031  -1.5415732362905182E-031   1.4941004115653098E-031  -7.5214502452471250E-016   1.1936159412653400E-030   1.6391450114546435E-031  -2.5464056088072902E-031   1.7812573831910224E-030  -2.3423375443383472E-032   1.7078918932770209E-030  -6.5193581856232483E-016   1.4285487487597584E-032  -3.1862990886885741E-031   1.0788169487519157E-030  -5.0084560274959415E-031   1.0796636062866328E-031   2.4105230685194749E-032  -9.2101993200375526E-031   3.0883974223920032E-032  -1.0101184373107353E-030   6.3586691605470740E-016
   2.8734515976079809E-031  -3.2836733833999262E-031  -6.6662917155811579E-031   1.5306778368456136E-017   8.0938274551789536E-032   1.3266643157563913E-030   3.1792634971424353E-031   5.5446235930577451E-016  -2.5795912937649452E-030  -4.8604833992217694E-031  -4.0672728128744540E-031  -3.4738564916587812E-030  -2.0900261879157853E-032  -2.1506194203578484E-030   4.8646338779471301E-016   1.6781462504378213E-031  -4.4275577785597704E-031  -5.0084560274959415E-031   5.9740449502561607E-031   3.3940795003306645E-031   1.9616360048590205E-031   7.9420596429108831E-031   1.2615434290710034E-031   7.4598354767098770E-031   4.7591525027495473E-016
   1.3669452066405316E-031  -3.7441656748919150E-031  -1.5341467118325811E-031   5.4878536882505835E-018  -1.8402830987038922E-031   1.3244471668048950E-030   4.2840396931446762E-031   1.4386803823928170E-016  -2.0428090370690981E-030  -4.2123720214761656E-031  -5.8588821432591029E-031  -2.6474263474641574E-030  -3.6265151926342407E-032  -1.2785108541439196E-030   1.3096974238964926E-016   1.8765987944189792E-031  -6.6246831674128086E-031   1.0796636062866328E-031   3.3940795003306645E-031   4.2664892172847334E-031   2.2377330969176443E-031   2.9920830023478491E-031   1.5307313002027282E-031   1.9465327418490492E-031   8.8684328059301754E-016
   8.1594690537062397E-032  -1.9806914436340647E-031  -1.1065028801708987E-031   3.4847795230468904E-018  -8.3920077617400636E-032   7.0979425593601545E-031   2.2342572463901729E-031   9.9846839801347555E-017  -1.1243405874375090E-030  -2.2930166415595352E-031  -3.0400261274480724E-031  -1.4643642853134607E-030  -1.8580100673375748E-032  -7.3339760711817153E-031   8.9881443784429925E-017   9.9452776818608935E-032  -3.4278838238356547E-031   2.4105230685194749E-032   1.9616360048590205E-031   2.2377330969176443E-031   1.1837286533775741E-031   1.8776035981922906E-031   8.0528267544806535E-032   1.3485966242378866E-031   4.5241513411237741E-016
   3.9926982278779560E-031  -3.1440994695261903E-031  -1.0327216435179924E-030   2.2435162011499992E-017   2.5713709697552963E-031   1.3926682997885046E-030   2.6157469343217929E-031   8.4838081912638865E-016  -3.0541005782913314E-030  -5.5183703060255313E-031  -3.1004479382710236E-031  -4.1801912268147109E-030  -1.1928366197099432E-032  -2.8222548023935525E-030   7.4125063274356864E-016   1.6307959498991014E-031  -3.2146324126977239E-031  -9.2101993200375526E-031   7.9420596429108831E-031   2.9920830023478491E-031   1.8776035981922906E-031   1.1546638846231808E-030   1.1479325969300760E-031   1.1407176334201384E-030   2.3192351810158724E-016
   5.1433476919578939E-032  -1.3474153127948401E-031  -6.2330237080915619E-032   2.1153556592677844E-018  -6.2983272209011222E-032   4.7883930166093118E-031   1.5339663560045470E-031   5.7505617405417670E-017  -7.4569305902804491E-031  -1.5315159856553762E-031  -2.0941062313016312E-031  -9.6814857290660849E-031  -1.2904827772627566E-032  -4.7387421389464678E-031   5.2105263735877738E-017   6.7576573970980261E-032  -2.3655290375623744E-031   3.0883974223920032E-032   1.2615434290710034E-031   1.5307313002027282E-031   8.0528267544806535E-032   1.1479325969300760E-031   5.4978225860224221E-032   7.7748775194134135E-032   3.1510916287938955E-016
   3.8483895622911718E-031  -2.2591243833599746E-031  -1.0532658437534682E-030   2.2258378468712816E-017   3.2650584146054257E-031   1.0972477529953721E-030   1.5414712957825589E-031   8.6010033393979594E-016  -2.6553900830086059E-030  -4.6472323336837136E-031  -1.6012924541616343E-031  -3.6774345619756033E-030  -2.1925072990075166E-033  -2.6299587369528983E-030   7.4996686452416700E-016   1.1906946090707246E-031  -1.5012335222177666E-031  -1.0101184373107353E-030   7.4598354767098770E-031   1.9465327418490492E-031   1.3485966242378866E-031   1.1407176334201384E-030   7.7748775194134135E-032   1.1561253729061440E-030  -9.9180194152007834E-018
   1.5889294832791338E-016  -7.5687587542296033E-016   6.2995895831327396E-017   3.7348103143341619E-003  -5.4194465123349943E-016   2.5615618041174345E-015   9.0653430426867346E-016  -9.5089385591558724E-003  -3.5768995086777353E-015  -7.6974447822205498E-016  -1.2594671963567566E-015  -4.5438618462942905E-015  -8.0956152392068054E-017  -1.8626568262173042E-015   4.1689265286872839E-003   3.7708236960836648E-016  -1.4361043240541112E-015   6.3586691605470740E-016   4.7591525027495473E-016   8.8684328059301754E-016   4.5241513411237741E-016   2.3192351810158724E-016   3.1510916287938955E-016  -9.9180194152007834E-018   2.0044116140605297     
