   2.4085744929104535E-003  -1.6718318566972203E-018  -8.1637510736995962E-017  -6.4898833079982043E-017   3.0053492887411715E-002  -4.3382945817597648E-016   1.0149755141468597E-016   1.3816699559840080E-017   4.5441693277128926E-018   3.9931079133249818E-018   1.4962861169937665E-017   8.7060209645887291E-018   1.3908717891279398E-017  -3.1435194922592926E-016   3.9043102237352564E-002  -5.6313612243891626E-016   6.3713929761238754E-018  -3.8063692999426416E-016  -5.1363206251297987E-018  -3.7135210241606256E-018   2.2417930540543911E-018  -6.1941841203058485E-018   2.1217420584702612E-018   9.9102377122653342E-018   4.5168765851082021E-016  -8.8544532785573096E-004   9.2233143891672642E-016   1.5700215030053472E-015  -2.3263654318534436E-016
  -1.6718318566972203E-018   2.4085744929100202E-003  -3.0681554289369038E-018  -2.3216718776427891E-017   4.4396701623290079E-016   3.0053492887408748E-002   5.6791050969847754E-016   6.5244203426209981E-018   5.7992126880557916E-019  -1.3491692833548991E-019   7.7088446377521108E-018   5.0680643152473138E-019   5.5317477429539242E-018  -2.0522271112311650E-016   5.3339939044307759E-016   3.9043102237349310E-002   7.0703408573329475E-016  -2.5187245313248810E-016  -1.1477766231076503E-017  -7.2222540137939989E-019  -5.6831600228864686E-019  -6.8624029753860944E-018  -1.5022911302139744E-018  -7.5112524739377200E-018  -1.0504051428740160E-015  -2.5620489653447034E-017  -8.8544532785708144E-004   5.3014931240669725E-016   8.7191636783024840E-019
  -8.1637510736995962E-017  -3.0681554289369038E-018   2.4085744929101334E-003   7.1181390893744919E-017  -1.0696015021555705E-015  -6.0728800241611196E-016   3.0053492887409598E-002   1.3949095324912067E-017   1.4884254643031244E-017   1.6352154932010580E-018   5.2555755323278277E-018   1.3630467187380763E-017   2.3726158066808469E-019   1.0080670606426591E-015  -1.3239064240112620E-015  -7.5189145899524148E-016   3.9043102237350101E-002   1.1410809036124858E-015   1.4203176705037616E-017  -6.4703913051832602E-019   1.0001366562977078E-019   3.0303202140730315E-018   8.7921095285748754E-019   1.2177956784592010E-017  -4.6728653551564108E-016  -3.1671299191492389E-017   5.6661926379660468E-016  -8.8544532785611433E-004  -5.3666939061478338E-016
  -6.4898833079982043E-017  -2.3216718776427891E-017   7.1181390893744919E-017   3.8194250991549868E-004  -7.3326064685324971E-016  -1.3285761930441360E-016   5.9676774808492522E-016  -3.3163508881903049E-017  -1.7491537522640535E-017  -1.4172905395061427E-018  -6.7787935561628353E-017  -2.5370565920544541E-018  -1.6153365859341417E-017   1.4186900891816180E-002  -9.5327768718078034E-016  -2.4133000332897026E-016   7.9368148354242332E-016   1.4757600279241929E-002   8.4865243961897190E-017   1.4131001462538085E-017   5.1859626606657273E-018   1.0823851456620993E-016  -3.3398847710380929E-018   5.7110477510534047E-017   8.1556243591859173E-003   8.6279618315387037E-016  -2.9241644336399121E-016   1.2243332101588436E-015   4.2382540252345013E-004
   3.0053492887411715E-002   4.4396701623290079E-016  -1.0696015021555705E-015  -7.3326064685324971E-016  0.37511077397687076        3.0276713614600221E-016   4.8254367807682158E-016   1.7275945352542510E-016   5.3683294583462919E-017   5.2116335203616183E-017   1.9013911816292898E-016   1.0739622187235774E-016   1.8102732156397630E-016   1.6135328208192241E-017  0.48726311107400883        4.3560741127526965E-016  -8.6770637356346961E-016  -7.6379644792191886E-016  -6.0915157641321481E-017  -4.4071529380704915E-017   1.8935323464655085E-017  -7.4063541277819382E-017   2.5775960045728957E-017   1.2143252530493383E-016  -7.3460595467438194E-016   3.9149247342911940E-003  -3.0876312227429742E-016  -9.0543417269577875E-016  -3.4182118986659828E-016
  -4.3382945817597648E-016   3.0053492887408748E-002  -6.0728800241611196E-016  -1.3285761930441360E-016   3.0276713614600221E-016  0.37511077397686438       -1.1706497699131408E-016   7.9577395009764204E-017   6.7585394734070327E-018  -1.7000875571269637E-018   9.6017030872829242E-017   5.4544416334063244E-018   6.8738449790680225E-017   1.4398235353323277E-015  -1.4805054078614001E-016  0.48726311107400816       -5.1103690738892561E-016   1.2273403778793386E-015  -1.4446928657110279E-016  -9.0722027443450675E-018  -4.5153766077525292E-018  -8.8445044325180764E-017  -1.2242069005410783E-017  -9.7308719896986395E-017   1.2491434354771693E-015   2.5772697637984404E-016   3.9149247342916702E-003   2.7279357807791387E-016   3.3712156037801274E-016
   1.0149755141468597E-016   5.6791050969847754E-016   3.0053492887409598E-002   5.9676774808492522E-016   4.8254367807682158E-016  -1.1706497699131408E-016  0.37511077397686771        1.8977208341164631E-016   1.6868664793636642E-016   1.1777301939584948E-017   5.9521461607824693E-017   1.7382752214700011E-016  -5.7985163078079233E-018  -1.0418566609976112E-015   1.4411516941853454E-015   3.2398150961840901E-016  0.48726311107400844        3.4227958833854932E-016   1.3799156481074407E-016   7.6927570931802353E-018   1.1881193808928279E-017   6.8423505770944033E-017   5.7168984377325240E-018   1.6343913171511841E-016   1.4480572167785991E-015  -7.7354904507825472E-017  -4.0764143854344036E-016   3.9149247342902139E-003   1.5193739472651643E-016
   1.3816699559840080E-017   6.5244203426209981E-018   1.3949095324912067E-017  -3.3163508881903049E-017   1.7275945352542510E-016   7.9577395009764204E-017   1.8977208341164631E-016   1.3585543097814609E-029   8.6151841032370649E-031  -1.0194568486850379E-030   1.2358225208661419E-029   2.3087272358541183E-031   4.1483815346940194E-030  -6.0472399211045858E-016   2.2427231304392075E-016   1.0421330748831784E-016   2.3939351907407396E-016  -6.9597928480565302E-016  -1.8234963638689248E-029  -9.7105477850946932E-031   1.2794588109228744E-030  -8.8137164055998836E-031  -1.1788914741991166E-030  -7.3562249758575089E-031  -4.3809654200046329E-015   4.2833440491802969E-017  -2.4716886241621566E-016   2.0946143713776071E-015   1.3810154754305726E-015
   4.5441693277128926E-018   5.7992126880557916E-019   1.4884254643031244E-017  -1.7491537522640535E-017   5.3683294583462919E-017   6.7585394734070327E-018   1.6868664793636642E-016   8.6151841032370649E-031   4.1440620304160600E-030   9.6730644582284562E-031   5.4108924923075714E-030  -4.5148498581299858E-031   2.5451849429115097E-030  -5.7356505710336337E-016   7.1112296281376762E-017   8.9971659348280944E-018   2.2688525540014264E-016  -6.0477391276613480E-016   4.3814285541698706E-031  -3.4248409602592026E-030  -1.4893417984486819E-030  -8.2939275385020443E-030   9.8295606492769175E-031  -2.8487088544783391E-030  -8.5715769312489521E-016  -4.0474361520805175E-016  -6.4002911792127719E-017  -2.2809260824805736E-015   9.2265848132572134E-016
   3.9931079133249818E-018  -1.3491692833548991E-019   1.6352154932010580E-018  -1.4172905395061427E-018   5.2116335203616183E-017  -1.7000875571269637E-018   1.1777301939584948E-017  -1.0194568486850379E-030   9.6730644582284562E-031   1.2712220986507423E-030   8.2211047504997313E-031  -2.7313812752464868E-031   1.0830870326942645E-030   1.8033032921402356E-017   6.6664077235336711E-017  -2.2010596471949926E-018   1.9220197389526192E-017   1.1229367394353693E-017   3.6068244917950812E-030  -1.3376714332640666E-030  -1.1216540812929155E-030  -3.5209234532119589E-030   1.7470514501079895E-031  -2.3855793057554440E-030  -3.8859537429400463E-016   3.0462334245763447E-016  -2.1722323253424410E-018  -1.1528966168986577E-015  -9.7707477127297621E-016
   1.4962861169937665E-017   7.7088446377521108E-018   5.2555755323278277E-018  -6.7787935561628353E-017   1.9013911816292898E-016   9.6017030872829242E-017   5.9521461607824693E-017   1.2358225208661419E-029   5.4108924923075714E-030   8.2211047504997313E-031   1.8796321197533303E-029  -2.7150629724958723E-031   6.9995589047055935E-030  -1.9778716923700541E-015   2.4545178197578728E-016   1.2481569409777674E-016   8.0077570023926428E-017  -2.1150741912013321E-015  -1.7590469830351057E-029  -4.9899953013854147E-030  -1.5039591614253268E-030  -1.7153797092127524E-029   3.1320046929372756E-031  -8.5907616187982520E-030  -4.6123280901392924E-015   4.5358831261049284E-016  -2.5768239314958882E-017  -8.1088636573163428E-016   1.1844252883875041E-015
   8.7060209645887291E-018   5.0680643152473138E-019   1.3630467187380763E-017  -2.5370565920544541E-018   1.0739622187235774E-016   5.4544416334063244E-018   1.7382752214700011E-016   2.3087272358541183E-031  -4.5148498581299858E-031  -2.7313812752464868E-031  -2.7150629724958723E-031   3.2361818773592667E-031  -5.1522934860954324E-031  -1.4261838063670350E-016   1.4008181482438802E-016   7.4810258766327857E-018   2.2411853602035224E-016  -1.4319162057525541E-016  -1.3990818289141315E-030   5.4373322859973105E-031   3.8437859579543596E-031  -6.2201490480652998E-032  -1.3797579985842077E-031  -5.6752632549837734E-032   2.3020435613601372E-016  -1.6816546938306419E-016  -1.1631050767415423E-016   4.9597180511615496E-016  -1.3293634109975832E-016
   1.3908717891279398E-017   5.5317477429539242E-018   2.3726158066808469E-019  -1.6153365859341417E-017   1.8102732156397630E-016   6.8738449790680225E-017  -5.7985163078079233E-018   4.1483815346940194E-030   2.5451849429115097E-030   1.0830870326942645E-030   6.9995589047055935E-030  -5.1522934860954324E-031   3.7954732800096006E-030  -2.8881137553869300E-016   2.3177790740887722E-016   8.9429067083850309E-017  -3.5526682113023829E-018  -3.3363778401427170E-016  -2.6263185233995211E-030  -2.6324754018233925E-030  -1.5412428674750606E-030  -5.0925925383400157E-030   1.3550429409953882E-031  -2.6453231760280548E-030  -2.1512857584595648E-015   9.9382746540146678E-016  -4.0115327926667132E-017  -1.1700890697066747E-015   3.5452684611053303E-016
  -3.1435194922592926E-016  -2.0522271112311650E-016   1.0080670606426591E-015   1.4186900891816180E-002   1.6135328208192241E-017   1.4398235353323277E-015  -1.0418566609976112E-015  -6.0472399211045858E-016  -5.7356505710336337E-016   1.8033032921402356E-017  -1.9778716923700541E-015  -1.4261838063670350E-016  -2.8881137553869300E-016  0.58297619917315158        6.4141959330085056E-017  -6.0614115114615328E-016  -1.4253600549072007E-016  0.60045094669138366        2.8495881155583579E-015   3.6526211464908337E-016   2.0215157027090620E-016   4.2335733067849422E-015  -2.0087501728314175E-016   2.1467435464024014E-015  -1.8179213778650623E-002  -2.7039304040884823E-015   2.0200508545461588E-017  -7.6550061820952714E-016   1.4130788695357506E-004
   3.9043102237352564E-002   5.3339939044307759E-016  -1.3239064240112620E-015  -9.5327768718078034E-016  0.48726311107400883       -1.4805054078614001E-016   1.4411516941853454E-015   2.2427231304392075E-016   7.1112296281376762E-017   6.6664077235336711E-017   2.4545178197578728E-016   1.4008181482438802E-016   2.3177790740887722E-016   6.4141959330085056E-017  0.63297039284346301       -1.3654581300490082E-016  -6.9046110282270917E-017  -9.5725711494434155E-016  -8.0578623117619303E-017  -5.8283355990086683E-017   2.8705950029305718E-017  -9.7683280510868953E-017   3.3803497544815411E-017   1.5876634304567785E-016  -6.7967529025741142E-016  -1.7137094141915035E-003  -2.2730823082321172E-016  -1.4989394700089924E-015   3.1798713645822619E-016
  -5.6313612243891626E-016   3.9043102237349310E-002  -7.5189145899524148E-016  -2.4133000332897026E-016   4.3560741127526965E-016  0.48726311107400816        3.2398150961840901E-016   1.0421330748831784E-016   8.9971659348280944E-018  -2.2010596471949926E-018   1.2481569409777674E-016   7.4810258766327857E-018   8.9429067083850309E-017  -6.0614115114615328E-016  -1.3654581300490082E-016  0.63297039284347190       -4.1581595967598684E-017  -9.9628820158186845E-016  -1.8711356261912613E-016  -1.1758397219406047E-017  -7.0365715483402276E-018  -1.1362019537175637E-016  -1.8859079775136951E-017  -1.2478639630341975E-016  -4.8802092195455142E-016  -7.9186932741911194E-017  -1.7137094141899034E-003  -1.1187696211241993E-015  -3.6419005633276211E-016
   6.3713929761238754E-018   7.0703408573329475E-016   3.9043102237350101E-002   7.9368148354242332E-016  -8.6770637356346961E-016  -5.1103690738892561E-016  0.48726311107400844        2.3939351907407396E-016   2.2688525540014264E-016   1.9220197389526192E-017   8.0077570023926428E-017   2.2411853602035224E-016  -3.5526682113023829E-018  -1.4253600549072007E-016  -6.9046110282270917E-017  -4.1581595967598684E-017  0.63297039284346712        1.6598642187998390E-015   1.9709541297406811E-016   2.8292150680930200E-018   1.0603090798601216E-017   7.4979502335262070E-017   9.8143210183479039E-018   2.0710751640364790E-016   2.7661756854238442E-016   1.3103211470589626E-016  -1.9495816716781553E-016  -1.7137094141908018E-003  -3.1144066327191634E-016
  -3.8063692999426416E-016  -2.5187245313248810E-016   1.1410809036124858E-015   1.4757600279241929E-002  -7.6379644792191886E-016   1.2273403778793386E-015   3.4227958833854932E-016  -6.9597928480565302E-016  -6.0477391276613480E-016   1.1229367394353693E-017  -2.1150741912013321E-015  -1.4319162057525541E-016  -3.3363778401427170E-016  0.60045094669138366       -9.5725711494434155E-016  -9.9628820158186845E-016   1.6598642187998390E-015  0.61902592010879509        2.9965422293311646E-015   3.9698876997070283E-016   2.0926446576200599E-016   4.3811073864961516E-015  -2.0076297849337631E-016   2.2303543688507121E-015   1.5351966741098290E-002   1.5922431503859443E-015   7.1216984186041162E-016   7.0749465172654617E-016   1.7868697916319839E-003
  -5.1363206251297987E-018  -1.1477766231076503E-017   1.4203176705037616E-017   8.4865243961897190E-017  -6.0915157641321481E-017  -1.4446928657110279E-016   1.3799156481074407E-016  -1.8234963638689248E-029   4.3814285541698706E-031   3.6068244917950812E-030  -1.7590469830351057E-029  -1.3990818289141315E-030  -2.6263185233995211E-030   2.8495881155583579E-015  -8.0578623117619303E-017  -1.8711356261912613E-016   1.9709541297406811E-016   2.9965422293311646E-015   3.7711849602505426E-029  -1.2067505351465899E-030  -3.2125735223625935E-030   9.4718408632808666E-030   1.0716507722764489E-030   5.1382119809090548E-030   3.6713547638925102E-015   4.2591004951932885E-016  -1.6315983416536515E-016  -5.2456595552584224E-015  -2.3590564926586994E-015
  -3.7135210241606256E-018  -7.2222540137939989E-019  -6.4703913051832602E-019   1.4131001462538085E-017  -4.4071529380704915E-017  -9.0722027443450675E-018   7.6927570931802353E-018  -9.7105477850946932E-031  -3.4248409602592026E-030  -1.3376714332640666E-030  -4.9899953013854147E-030   5.4373322859973105E-031  -2.6324754018233925E-030   3.6526211464908337E-016  -5.8283355990086683E-017  -1.1758397219406047E-017   2.8292150680930200E-018   3.9698876997070283E-016  -1.2067505351465899E-030   3.2665348193885455E-030   1.4513461619912370E-030   7.5678806163491024E-030  -6.9134133130722686E-031   3.3405206694281664E-030   1.2260087222351137E-015   3.0387829898764877E-016  -7.8137706166063180E-018   2.1062583029317230E-015  -1.2882342054015265E-016
   2.2417930540543911E-018  -5.6831600228864686E-019   1.0001366562977078E-019   5.1859626606657273E-018   1.8935323464655085E-017  -4.5153766077525292E-018   1.1881193808928279E-017   1.2794588109228744E-030  -1.4893417984486819E-030  -1.1216540812929155E-030  -1.5039591614253268E-030   3.8437859579543596E-031  -1.5412428674750606E-030   2.0215157027090620E-016   2.8705950029305718E-017  -7.0365715483402276E-018   1.0603090798601216E-017   2.0926446576200599E-016  -3.2125735223625935E-030   1.4513461619912370E-030   1.9003550001688180E-030   4.3542195610500792E-030  -3.1536593178644771E-031   2.3030063912120300E-030   4.4469826409216492E-017  -1.2079766796156078E-015   3.4429100763465075E-016   1.4203227010983696E-015   2.4138800641900352E-016
  -6.1941841203058485E-018  -6.8624029753860944E-018   3.0303202140730315E-018   1.0823851456620993E-016  -7.4063541277819382E-017  -8.8445044325180764E-017   6.8423505770944033E-017  -8.8137164055998836E-031  -8.2939275385020443E-030  -3.5209234532119589E-030  -1.7153797092127524E-029  -6.2201490480652998E-032  -5.0925925383400157E-030   4.2335733067849422E-015  -9.7683280510868953E-017  -1.1362019537175637E-016   7.4979502335262070E-017   4.3811073864961516E-015   9.4718408632808666E-030   7.5678806163491024E-030   4.3542195610500792E-030   4.2645354931039646E-029  -2.5387494053572516E-030   2.2553850897800802E-029   9.7793607203371575E-016   4.3315542779986867E-016  -3.7389406012145456E-016   4.0879562175581790E-015   2.3349389710501149E-015
   2.1217420584702612E-018  -1.5022911302139744E-018   8.7921095285748754E-019  -3.3398847710380929E-018   2.5775960045728957E-017  -1.2242069005410783E-017   5.7168984377325240E-018  -1.1788914741991166E-030   9.8295606492769175E-031   1.7470514501079895E-031   3.1320046929372756E-031  -1.3797579985842077E-031   1.3550429409953882E-031  -2.0087501728314175E-016   3.3803497544815411E-017  -1.8859079775136951E-017   9.8143210183479039E-018  -2.0076297849337631E-016   1.0716507722764489E-030  -6.9134133130722686E-031  -3.1536593178644771E-031  -2.5387494053572516E-030   8.0533150487318848E-031  -8.6771271225924175E-031   3.5530587306849996E-016  -9.4086444600771834E-017   8.6921556819212897E-016  -7.0208949788164235E-016   2.9801404067556766E-016
   9.9102377122653342E-018  -7.5112524739377200E-018   1.2177956784592010E-017   5.7110477510534047E-017   1.2143252530493383E-016  -9.7308719896986395E-017   1.6343913171511841E-016  -7.3562249758575089E-031  -2.8487088544783391E-030  -2.3855793057554440E-030  -8.5907616187982520E-030  -5.6752632549837734E-032  -2.6453231760280548E-030   2.1467435464024014E-015   1.5876634304567785E-016  -1.2478639630341975E-016   2.0710751640364790E-016   2.2303543688507121E-015   5.1382119809090548E-030   3.3405206694281664E-030   2.3030063912120300E-030   2.2553850897800802E-029  -8.6771271225924175E-031   1.3712277395812016E-029   9.4065096668542818E-016  -3.0079121093989866E-016  -4.7617865807699872E-016   1.5298067908944940E-015   2.7729403279806206E-015
   4.5168765851082021E-016  -1.0504051428740160E-015  -4.6728653551564108E-016   8.1556243591859173E-003  -7.3460595467438194E-016   1.2491434354771693E-015   1.4480572167785991E-015  -4.3809654200046329E-015  -8.5715769312489521E-016  -3.8859537429400463E-016  -4.6123280901392924E-015   2.3020435613601372E-016  -2.1512857584595648E-015  -1.8179213778650623E-002  -6.7967529025741142E-016  -4.8802092195455142E-016   2.7661756854238442E-016   1.5351966741098290E-002   3.6713547638925102E-015   1.2260087222351137E-015   4.4469826409216492E-017   9.7793607203371575E-016   3.5530587306849996E-016   9.4065096668542818E-016   2.0196847658170336        1.1941500724211655E-015   6.0030287347729511E-016   4.6037575266396245E-016   7.4797896664520057E-004
  -8.8544532785573096E-004  -2.5620489653447034E-017  -3.1671299191492389E-017   8.6279618315387037E-016   3.9149247342911940E-003   2.5772697637984404E-016  -7.7354904507825472E-017   4.2833440491802969E-017  -4.0474361520805175E-016   3.0462334245763447E-016   4.5358831261049284E-016  -1.6816546938306419E-016   9.9382746540146678E-016  -2.7039304040884823E-015  -1.7137094141915035E-003  -7.9186932741911194E-017   1.3103211470589626E-016   1.5922431503859443E-015   4.2591004951932885E-016   3.0387829898764877E-016  -1.2079766796156078E-015   4.3315542779986867E-016  -9.4086444600771834E-017  -3.0079121093989866E-016   1.1941500724211655E-015   1.9990742730040558       -3.7592496234684011E-017  -1.7881663109934678E-016   1.4566983039749529E-016
   9.2233143891672642E-016  -8.8544532785708144E-004   5.6661926379660468E-016  -2.9241644336399121E-016  -3.0876312227429742E-016   3.9149247342916702E-003  -4.0764143854344036E-016  -2.4716886241621566E-016  -6.4002911792127719E-017  -2.1722323253424410E-018  -2.5768239314958882E-017  -1.1631050767415423E-016  -4.0115327926667132E-017   2.0200508545461588E-017  -2.2730823082321172E-016  -1.7137094141899034E-003  -1.9495816716781553E-016   7.1216984186041162E-016  -1.6315983416536515E-016  -7.8137706166063180E-018   3.4429100763465075E-016  -3.7389406012145456E-016   8.6921556819212897E-016  -4.7617865807699872E-016   6.0030287347729511E-016  -3.7592496234684011E-017   1.9990742730040636        6.0685363771332507E-016  -6.7987091362343151E-017
   1.5700215030053472E-015   5.3014931240669725E-016  -8.8544532785611433E-004   1.2243332101588436E-015  -9.0543417269577875E-016   2.7279357807791387E-016   3.9149247342902139E-003   2.0946143713776071E-015  -2.2809260824805736E-015  -1.1528966168986577E-015  -8.1088636573163428E-016   4.9597180511615496E-016  -1.1700890697066747E-015  -7.6550061820952714E-016  -1.4989394700089924E-015  -1.1187696211241993E-015  -1.7137094141908018E-003   7.0749465172654617E-016  -5.2456595552584224E-015   2.1062583029317230E-015   1.4203227010983696E-015   4.0879562175581790E-015  -7.0208949788164235E-016   1.5298067908944940E-015   4.6037575266396245E-016  -1.7881663109934678E-016   6.0685363771332507E-016   1.9990742730040567        4.9992789030990934E-016
  -2.3263654318534436E-016   8.7191636783024840E-019  -5.3666939061478338E-016   4.2382540252345013E-004  -3.4182118986659828E-016   3.3712156037801274E-016   1.5193739472651643E-016   1.3810154754305726E-015   9.2265848132572134E-016  -9.7707477127297621E-016   1.1844252883875041E-015  -1.3293634109975832E-016   3.5452684611053303E-016   1.4130788695357506E-004   3.1798713645822619E-016  -3.6419005633276211E-016  -3.1144066327191634E-016   1.7868697916319839E-003  -2.3590564926586994E-015  -1.2882342054015265E-016   2.4138800641900352E-016   2.3349389710501149E-015   2.9801404067556766E-016   2.7729403279806206E-015   7.4797896664520057E-004   1.4566983039749529E-016  -6.7987091362343151E-017   4.9992789030990934E-016   2.0001336922462514     
