   5.1907505733075456E-003  -3.0258983697052592E-018  -8.8743134546390648E-017   4.1149410697258257E-018   4.1432509741096149E-002  -1.4942667041190725E-016  -4.1969794322180952E-016  -2.0893124723289981E-016   1.6711920807057326E-017  -7.2722930843079683E-018   1.1540754757754681E-017   1.0325556882398143E-017  -8.3392267751402590E-018  -1.9484577359260013E-017   6.3326156595433253E-002  -2.2543543663156803E-016  -6.6644905220363056E-016  -1.6527597912102579E-016  -3.0847053154512354E-018  -1.2801103506678078E-018   1.4885264655297336E-019  -3.5950831612584802E-018   2.6564471038885756E-018   9.3699248853947698E-018   8.6147878160831435E-017
  -3.0258983697052592E-018   5.1907505733077772E-003   6.8193122629266344E-017  -5.1199890307641054E-017   1.2884879905175200E-016   4.1432509741096718E-002   5.8745405368190461E-016  -5.4065650088295587E-016   4.6012780822817928E-017   1.5569455971810224E-018   1.7066594525684705E-018   4.3426093082848609E-017  -1.1458595702162218E-018   4.2008147934803785E-017   1.8355989237128880E-016   6.3326156595434765E-002   8.2651357410706472E-016  -3.5593469642844269E-016   5.7672523074138374E-018  -5.4652880564374076E-019  -1.0190143815246626E-018   5.9407780607829776E-018  -4.7677602826494893E-019   7.7854306495566707E-018   1.5850843613089319E-016
  -8.8743134546390648E-017   6.8193122629266344E-017   5.1907505733075881E-003   2.0025861802739349E-018  -2.4301957591877084E-016  -8.3358629921663758E-017   4.1432509741095885E-002  -1.7607476976645378E-016   5.4072658461956246E-017   1.7770486082876510E-018  -3.1647509303804555E-018   6.3403620827818894E-017  -5.6210885317477460E-018   6.0644286054466455E-017  -4.0436258817696814E-016  -8.9291389856390684E-017   6.3326156595433530E-002   1.2241608648818145E-016   1.2448344643931220E-017   5.6628628216089055E-019  -2.6186298587116963E-018   9.4307710358947098E-018  -1.0233949559099396E-018   1.1538440167753828E-017   1.3873774900248051E-015
   4.1149410697258257E-018  -5.1199890307641054E-017   2.0025861802739349E-018   5.2573521592986594E-004   8.0247493729429348E-017  -3.0770864005343593E-016   9.4480704176544921E-018   1.7618778551232298E-002   3.1499149307980586E-016  -3.1480355814072335E-018   4.2309130860252588E-018   3.3782755224398176E-016  -5.9986341258376696E-018   3.2296149589135775E-016   1.1062288478893859E-016  -4.6106445862429879E-016  -2.1817092784010605E-018   1.7084380072407139E-002   1.4752430758575866E-016   2.7214855306976483E-020  -9.1503829426729269E-019   1.3419309944960620E-016   1.9414765355798998E-018   1.4492335326371252E-016   2.2168668878262184E-003
   4.1432509741096149E-002   1.2884879905175200E-016  -2.4301957591877084E-016   8.0247493729429348E-017  0.33071380317782756        2.8534775341023973E-017   3.6421287354671915E-016  -6.4859298425050307E-017   1.3339435441025283E-016  -5.8047357467939827E-017   9.2118168108314424E-017   8.2418473026299494E-017  -6.6563609581042106E-017  -1.5552566624754768E-016  0.50546863366902406        6.7166183413319255E-017   3.5731379019133263E-016   2.3368149481879600E-016  -2.4622081378364545E-017  -1.0217825692966380E-017   1.1881400659099940E-018  -2.8695911312862772E-017   2.1203729394078362E-017   7.4790629718152523E-017   5.0138152294991153E-016
  -1.4942667041190725E-016   4.1432509741096718E-002  -8.3358629921663758E-017  -3.0770864005343593E-016   2.8534775341023973E-017  0.33071380317782195       -3.2103113389569482E-016  -8.8321584004476208E-016   3.6727347283068770E-016   1.2427521359487823E-017   1.3622535584140890E-017   3.4662656185512421E-016  -9.1462375497382726E-018   3.3530854043817993E-016  -6.3144188635440016E-017  0.50546863366902051       -1.0602819620550430E-015   4.8269820850286522E-016   4.6034139770685998E-017  -4.3623864687443052E-018  -8.1337607524327015E-018   4.7419220283659203E-017  -3.8056206239204517E-018   6.2143215450433486E-017   3.7525719220448148E-016
  -4.1969794322180952E-016   5.8745405368190461E-016   4.1432509741095885E-002   9.4480704176544921E-018   3.6421287354671915E-016  -3.2103113389569482E-016  0.33071380317782079       -1.2281951563253492E-015   4.3160732090896125E-016   1.4184380993354760E-017  -2.5261004530902797E-017   5.0608695225657534E-016  -4.4867462240396738E-017   4.8406197470058485E-016   2.9384278801041051E-016  -1.8644889234961625E-016  0.50546863366901895        1.1128650319827802E-015   9.9362539855479659E-017   4.5200904128451792E-018  -2.0901872589934291E-017   7.5276302972452852E-017  -8.1687264454146700E-018   9.2099693078275388E-017   3.1446758590735733E-016
  -2.0893124723289981E-016  -5.4065650088295587E-016  -1.7607476976645378E-016   1.7618778551232298E-002  -6.4859298425050307E-017  -8.8321584004476208E-016  -1.2281951563253492E-015  0.59316959586262286        1.0560293137833340E-014  -1.1566078132002713E-016   1.6571803205558142E-016   1.1280252980246759E-014  -1.9170157354003696E-016   1.0826519392691406E-014  -4.5298805864259683E-016  -1.0391524927403903E-015  -2.4041913373868149E-015  0.57493038800565821        4.8650098312618554E-015  -9.7839839395005533E-019  -3.9537593731958017E-017   4.4869255802901806E-015   6.1493661873580182E-017   4.8628581436354101E-015   6.9443860365036160E-004
   1.6711920807057326E-017   4.6012780822817928E-017   5.4072658461956246E-017   3.1499149307980586E-016   1.3339435441025283E-016   3.6727347283068770E-016   4.3160732090896125E-016   1.0560293137833340E-014   1.8975662832543452E-028  -1.8925393389852114E-030   2.5902980272717516E-030   2.0342413906433677E-028  -3.6755571298720286E-030   1.9444692556346271E-028   2.0388221300413533E-016   5.6134705812320137E-016   6.5967601196279936E-016   1.0239613762560642E-014   8.8440379394664466E-029   1.0390518181004088E-032  -5.9743968595804361E-031   8.0524990585359231E-029   1.1515117588244640E-030   8.7058622978825386E-029   1.2173394582276294E-015
  -7.2722930843079683E-018   1.5569455971810224E-018   1.7770486082876510E-018  -3.1480355814072335E-018  -5.8047357467939827E-017   1.2427521359487823E-017   1.4184380993354760E-017  -1.1566078132002713E-016  -1.8925393389852114E-030   6.8110027195256453E-032  -1.3154749886428424E-031  -1.8483927293346234E-030   1.0453859526774589E-032  -1.8852507710544797E-030  -8.8720574059740833E-017   1.8994436219812802E-017   2.1679650535471424E-017  -1.1122658733575461E-016  -5.7795185505849976E-031   8.7290022355278249E-033   3.7242785090285146E-032  -7.5519406459808794E-031  -2.4904152064350475E-033  -8.9740703330566895E-031   2.6191954245505658E-016
   1.1540754757754681E-017   1.7066594525684705E-018  -3.1647509303804555E-018   4.2309130860252588E-018   9.2118168108314424E-017   1.3622535584140890E-017  -2.5261004530902797E-017   1.6571803205558142E-016   2.5902980272717516E-030  -1.3154749886428424E-031   2.7288936259042594E-031   2.3541496682013964E-030   1.8371308689825176E-032   2.5609803929326323E-030   1.4079498382704650E-016   2.0820916401608176E-017  -3.8609351416991734E-017   1.5851091064568669E-016   4.7978522819262413E-031  -1.9797116449065224E-032  -8.3890273866712742E-032   9.7797944900209427E-031  -9.4388905196001170E-033   1.2362923562347381E-030  -6.3018557983438979E-016
   1.0325556882398143E-017   4.3426093082848609E-017   6.3403620827818894E-017   3.3782755224398176E-016   8.2418473026299494E-017   3.4662656185512421E-016   5.0608695225657534E-016   1.1280252980246759E-014   2.0342413906433677E-028  -1.8483927293346234E-030   2.3541496682013964E-030   2.1886580320175127E-028  -4.0910096430206463E-030   2.0853347477660896E-028   1.2596980394945003E-016   5.2978996622071352E-016   7.7351195449589024E-016   1.0941868023087903E-014   9.6188163258545589E-029   4.5974482651398170E-032  -4.9356046041015142E-031   8.6543105782440879E-029   1.2905332955783682E-030   9.3257265078245191E-029   2.5414142974950270E-015
  -8.3392267751402590E-018  -1.1458595702162218E-018  -5.6210885317477460E-018  -5.9986341258376696E-018  -6.6563609581042106E-017  -9.1462375497382726E-018  -4.4867462240396738E-017  -1.9170157354003696E-016  -3.6755571298720286E-030   1.0453859526774589E-032   1.8371308689825176E-032  -4.0910096430206463E-030   1.2020218353703199E-031  -3.7175605770809972E-030  -1.0173695946073336E-016  -1.3979265918310411E-017  -6.8576196750563975E-017  -1.8673716685417634E-016  -1.9639435608173645E-030  -5.2355084253145951E-033  -1.7191992210877437E-032  -1.5720406001050791E-030  -3.7461774468641850E-032  -1.6619267912507175E-030  -2.7792297043987801E-016
  -1.9484577359260013E-017   4.2008147934803785E-017   6.0644286054466455E-017   3.2296149589135775E-016  -1.5552566624754768E-016   3.3530854043817993E-016   4.8406197470058485E-016   1.0826519392691406E-014   1.9444692556346271E-028  -1.8852507710544797E-030   2.5609803929326323E-030   2.0853347477660896E-028  -3.7175605770809972E-030   1.9952214145890446E-028  -2.3770808857453132E-016   5.1249130869118927E-016   7.3984860205991446E-016   1.0497844310543132E-014   9.0734882384059995E-029   2.1473139301756824E-032  -6.1203947580617444E-031   8.2595024072524983E-029   1.1626345561680767E-030   8.9196934434796070E-029   1.2744973418018360E-015
   6.3326156595433253E-002   1.8355989237128880E-016  -4.0436258817696814E-016   1.1062288478893859E-016  0.50546863366902406       -6.3144188635440016E-017   2.9384278801041051E-016  -4.5298805864259683E-016   2.0388221300413533E-016  -8.8720574059740833E-017   1.4079498382704650E-016   1.2596980394945003E-016  -1.0173695946073336E-016  -2.3770808857453132E-016  0.77256690579028031       -6.0512739612636800E-017   1.4441629406370101E-016   9.5505427363511861E-018  -3.7632810341813628E-017  -1.5617099566040267E-017   1.8159735999890481E-018  -4.3859321696959645E-017   3.2408142697779744E-017   1.1431127776227615E-016  -6.1841138342266273E-016
  -2.2543543663156803E-016   6.3326156595434765E-002  -8.9291389856390684E-017  -4.6106445862429879E-016   6.7166183413319255E-017  0.50546863366902051       -1.8644889234961625E-016  -1.0391524927403903E-015   5.6134705812320137E-016   1.8994436219812802E-017   2.0820916401608176E-017   5.2978996622071352E-016  -1.3979265918310411E-017   5.1249130869118927E-016  -6.0512739612636800E-017  0.77256690579028275       -1.1555901092800969E-015   1.0390146886756791E-015   7.0359366643994621E-017  -6.6675460978771734E-018  -1.2431779062793554E-017   7.2476347391960643E-017  -5.8165756571139944E-018   9.4980753460240042E-017   5.8482732770138235E-016
  -6.6644905220363056E-016   8.2651357410706472E-016   6.3326156595433530E-002  -2.1817092784010605E-018   3.5731379019133263E-016  -1.0602819620550430E-015  0.50546863366901895       -2.4041913373868149E-015   6.5967601196279936E-016   2.1679650535471424E-017  -3.8609351416991734E-017   7.7351195449589024E-016  -6.8576196750563975E-017   7.3984860205991446E-016   1.4441629406370101E-016  -1.1555901092800969E-015  0.77256690579028087        1.1871700618421536E-015   1.5186740552109865E-016   6.9085835035823783E-018  -3.1946779595036203E-017   1.1505358907163753E-016  -1.2485221226038877E-017   1.4076674627511414E-016  -4.0352946628928978E-016
  -1.6527597912102579E-016  -3.5593469642844269E-016   1.2241608648818145E-016   1.7084380072407139E-002   2.3368149481879600E-016   4.8269820850286522E-016   1.1128650319827802E-015  0.57493038800565821        1.0239613762560642E-014  -1.1122658733575461E-016   1.5851091064568669E-016   1.0941868023087903E-014  -1.8673716685417634E-016   1.0497844310543132E-014   9.5505427363511861E-018   1.0390146886756791E-015   1.1871700618421536E-015  0.55727447976490307        4.7246404738172026E-015  -7.7644242838389146E-019  -3.7529824911822185E-017   4.3517650242298266E-015   5.9953860418875576E-017   4.7148066115434896E-015   7.3805814117914809E-003
  -3.0847053154512354E-018   5.7672523074138374E-018   1.2448344643931220E-017   1.4752430758575866E-016  -2.4622081378364545E-017   4.6034139770685998E-017   9.9362539855479659E-017   4.8650098312618554E-015   8.8440379394664466E-029  -5.7795185505849976E-031   4.7978522819262413E-031   9.6188163258545589E-029  -1.9639435608173645E-030   9.0734882384059995E-029  -3.7632810341813628E-017   7.0359366643994621E-017   1.5186740552109865E-016   4.7246404738172026E-015   4.3726051077358725E-029   6.4045409556048432E-032  -6.6212776038746359E-033   3.7984078118227067E-029   6.4390765628367462E-031   4.0520137514903924E-029   2.7593241711072393E-015
  -1.2801103506678078E-018  -5.4652880564374076E-019   5.6628628216089055E-019   2.7214855306976483E-020  -1.0217825692966380E-017  -4.3623864687443052E-018   4.5200904128451792E-018  -9.7839839395005533E-019   1.0390518181004088E-032   8.7290022355278249E-033  -1.9797116449065224E-032   4.5974482651398170E-032  -5.2355084253145951E-033   2.1473139301756824E-032  -1.5617099566040267E-017  -6.6675460978771734E-018   6.9085835035823783E-018  -7.7644242838389146E-019   6.4045409556048432E-032   1.7514224940012453E-033   5.9091017127874103E-033   1.5359732969579679E-032   1.8674910322716209E-033   1.3920003020750281E-033   5.1310284724866603E-017
   1.4885264655297336E-019  -1.0190143815246626E-018  -2.6186298587116963E-018  -9.1503829426729269E-019   1.1881400659099940E-018  -8.1337607524327015E-018  -2.0901872589934291E-017  -3.9537593731958017E-017  -5.9743968595804361E-031   3.7242785090285146E-032  -8.3890273866712742E-032  -4.9356046041015142E-031  -1.7191992210877437E-032  -6.1203947580617444E-031   1.8159735999890481E-018  -1.2431779062793554E-017  -3.1946779595036203E-017  -3.7529824911822185E-017  -6.6212776038746359E-033   5.9091017127874103E-033   3.2082458165954860E-032  -2.0615824461075052E-031   8.9627819482660540E-033  -2.7920998134758554E-031   2.3641307686678526E-016
  -3.5950831612584802E-018   5.9407780607829776E-018   9.4307710358947098E-018   1.3419309944960620E-016  -2.8695911312862772E-017   4.7419220283659203E-017   7.5276302972452852E-017   4.4869255802901806E-015   8.0524990585359231E-029  -7.5519406459808794E-031   9.7797944900209427E-031   8.6543105782440879E-029  -1.5720406001050791E-030   8.2595024072524983E-029  -4.3859321696959645E-017   7.2476347391960643E-017   1.1505358907163753E-016   4.3517650242298266E-015   3.7984078118227067E-029   1.5359732969579679E-032  -2.0615824461075052E-031   3.4317590020712081E-029   5.0476722568407179E-031   3.6991887131687264E-029   8.4317359822628135E-016
   2.6564471038885756E-018  -4.7677602826494893E-019  -1.0233949559099396E-018   1.9414765355798998E-018   2.1203729394078362E-017  -3.8056206239204517E-018  -8.1687264454146700E-018   6.1493661873580182E-017   1.1515117588244640E-030  -2.4904152064350475E-033  -9.4388905196001170E-033   1.2905332955783682E-030  -3.7461774468641850E-032   1.1626345561680767E-030   3.2408142697779744E-017  -5.8165756571139944E-018  -1.2485221226038877E-017   5.9953860418875576E-017   6.4390765628367462E-031   1.8674910322716209E-033   8.9627819482660540E-033   5.0476722568407179E-031   1.3465211061131763E-032   5.2898497153468848E-031   1.0487638914673158E-016
   9.3699248853947698E-018   7.7854306495566707E-018   1.1538440167753828E-017   1.4492335326371252E-016   7.4790629718152523E-017   6.2143215450433486E-017   9.2099693078275388E-017   4.8628581436354101E-015   8.7058622978825386E-029  -8.9740703330566895E-031   1.2362923562347381E-030   9.3257265078245191E-029  -1.6619267912507175E-030   8.9196934434796070E-029   1.1431127776227615E-016   9.4980753460240042E-017   1.4076674627511414E-016   4.7148066115434896E-015   4.0520137514903924E-029   1.3920003020750281E-033  -2.7920998134758554E-031   3.6991887131687264E-029   5.2898497153468848E-031   4.0017246457727556E-029   4.4609170941888069E-016
   8.6147878160831435E-017   1.5850843613089319E-016   1.3873774900248051E-015   2.2168668878262184E-003   5.0138152294991153E-016   3.7525719220448148E-016   3.1446758590735733E-016   6.9443860365036160E-004   1.2173394582276294E-015   2.6191954245505658E-016  -6.3018557983438979E-016   2.5414142974950270E-015  -2.7792297043987801E-016   1.2744973418018360E-015  -6.1841138342266273E-016   5.8482732770138235E-016  -4.0352946628928978E-016   7.3805814117914809E-003   2.7593241711072393E-015   5.1310284724866603E-017   2.3641307686678526E-016   8.4317359822628135E-016   1.0487638914673158E-016   4.4609170941888069E-016   2.0024926751814043     
