   4.7776202581675933E-002   6.0418024412109264E-017   4.9366679717872280E-017  -9.2222874785451414E-017   9.8877920188455449E-018   2.3273978325948919E-018   5.6415753331763601E-018   1.2276878576387607E-019   4.5167792949415855E-018   2.1958481756104757E-017   6.7744543673085661E-002   3.3191260362996346E-017  -8.6656688634823623E-019  -8.4504890746182928E-016   3.2167887209534597E-017  -2.4322143169953059E-018  -1.0638158345454126E-017   7.4357616498549030E-018  -6.1118428013664903E-018   2.3100884129428786E-017  -1.1722233370540857E-015   3.9414779116622764E-002   2.0860229015137445E-017   2.3074021689954027E-017  -1.5078335637617505E-015   6.0689522905157641E-004   1.2424931556562892E-017  -2.0784176822373652E-017  -6.5811022247423710E-016   4.0274850980269629E-017  -1.5798623341281348E-004  -1.1265571165094379E-017   4.8300966791560831E-016   1.8059612833160935E-016  -1.6389539938526638E-016  -2.9669783554836075E-016  -5.5375830895142090E-016  -1.2439188164331083E-016   4.0673935725901379E-016
   6.0418024412109264E-017   4.7776202581675371E-002   1.2509100937845368E-016  -7.5613883997163385E-017   1.6792316683382716E-018  -5.4283701716891191E-018   3.0432126210382892E-018   1.7709513548987850E-018  -6.2978314227947646E-019  -6.2886498561571351E-018   2.8523095429591403E-017   6.7744543673084870E-002   6.5960899393842092E-017  -1.6223762504901024E-015  -3.0990779175520072E-017   6.7189731712452431E-018   1.1805188665749209E-018  -2.9501885302872758E-017  -1.4844534743293297E-019  -4.5398454210225997E-017  -2.3100009972320680E-015   1.7306771130205946E-017   3.9414779116623076E-002   4.0317339215948046E-017   1.8339830905289433E-016  -1.0732337874323554E-015   6.0689522904776522E-004  -1.1849596067787418E-015   6.7161639054212643E-016   6.6392911683381011E-018  -4.8087208423684983E-016  -1.5798623341307287E-004  -8.0823597164038752E-017   3.1392361542874623E-017   3.2741171861512985E-016   7.5674575480795802E-017   5.1219914933368161E-016   5.5342069733135573E-017  -5.7351492227616035E-016
   4.9366679717872280E-017   1.2509100937845368E-016   4.7776202581674906E-002   4.5244947509992390E-017   4.0766010391666085E-017   2.5356015098636724E-018   4.7990457164014049E-018   4.2152301959276898E-017  -1.2343797120621481E-017   3.3271224173157677E-017  -3.4793053869978625E-017   1.1451541549006487E-016   6.7744543673084218E-002   1.5804043381363952E-015   6.0323123387114053E-017   3.6787241453713802E-018  -1.8131158819056889E-018   7.9580499384899058E-017   5.8863500347556702E-018   5.2065635581972849E-017   2.2928409615000555E-015  -2.6191545546408255E-017   3.8794388374059402E-017   3.9414779116623465E-002  -6.1619231731688116E-016  -1.5281663832130289E-015  -8.1327838136873990E-016   6.0689522904908166E-004  -4.6294778126824878E-016   6.8604464240653848E-016  -3.4187426994631367E-016   3.6910356985495286E-016  -1.5798623341349449E-004  -6.6881525785471624E-017   2.2532330906958784E-016   1.2180382006684766E-016   1.0780476449313212E-015   2.3960533464672315E-016  -6.0058965638145807E-016
  -9.2222874785451414E-017  -7.5613883997163385E-017   4.5244947509992390E-017   2.2811329475099870E-004  -1.1457539933415805E-016   1.3459919023823558E-017  -1.7003100768682896E-017   6.3317820357960461E-017  -1.3238955711055941E-017   8.0244397323725677E-018  -9.1079346096759258E-017  -5.8354632682980903E-018   1.4647053842818633E-017   8.8220545469337858E-003  -3.4037809318363428E-016   7.4990231293221292E-018  -3.1688884831372526E-017   4.9804412506628576E-016  -1.7185198405647134E-017   1.4516486118016262E-018   1.1963052061436743E-002  -6.6938329815687692E-017  -6.2007648944698563E-017   2.7226168365562819E-017   9.1165579092472807E-003   1.5283876476457734E-015  -1.5392148544952647E-016  -2.5025211656586118E-015   1.6040430502490567E-003   1.4687098288075582E-004  -2.8559827724086332E-015   1.5486379418243172E-015   4.3564310772419718E-016  -2.4104684645057370E-014   6.3891452881839733E-016  -1.8733352938160636E-015   2.3773083645574012E-014  -8.8478559650041012E-016   7.0067945530333396E-016
   9.8877920188455449E-018   1.6792316683382716E-018   4.0766010391666085E-017  -1.1457539933415805E-016   2.6694194097323519E-005   4.0358420225918770E-018  -3.3669776788245749E-018  -1.3347097048661872E-005   4.9646010349422418E-020  -1.3347097048683298E-005   1.6707590442054741E-017   8.0759263530195028E-018   5.8008032788575403E-017  -2.9429000816193517E-015   1.2707503830120600E-004   1.7157912556299771E-017   5.8417943313104166E-018  -6.3537519150593755E-005   1.2219548553202056E-017  -6.3537519150653712E-005  -4.1245024121804780E-015   9.6983168544683699E-018   6.0838305055919434E-018   3.2952845270809315E-017   7.4772144855545620E-015  -7.3010425123546454E-016  -1.4763830426987279E-015   7.2268775908678831E-016   8.3229306344434283E-015   1.4834221240663482E-016   2.0313402084801486E-015  -3.6303100968644650E-016   1.2484015077160292E-016   7.2764436497750338E-003   9.8094242405876260E-016   2.0287704342205435E-016  -3.6382218248847808E-003   4.5725749506798760E-016  -3.6382218248902924E-003
   2.3273978325948919E-018  -5.4283701716891191E-018   2.5356015098636724E-018   1.3459919023823558E-017   4.0358420225918770E-018   2.6694194097374352E-005  -6.3309260798484904E-018  -4.3394465689174908E-018   1.4409486270361820E-020   1.5421519519645076E-018   3.8472263687603050E-018  -1.2880143558149671E-017  -7.4754966438407975E-019   3.4808012513383119E-016   4.8893926360870929E-018   1.2707503830132407E-004  -1.9869487118454502E-017  -1.0887674339850553E-017  -8.9065845276110018E-020   1.3369758290997701E-017   4.9686994743762707E-016   2.8244987459059449E-018  -8.0339369058638312E-018  -1.5644700398169873E-019   7.1676586082093181E-016   1.3509521299496118E-016   6.5445985288792532E-016   5.0908270627947331E-016   3.9806574173993809E-016  -3.5887289134515834E-016   2.9520540735602042E-016   1.4616183603847931E-015   4.5384638571262275E-016   1.2132251426870130E-016   7.2764436497820663E-003  -1.0193778939991856E-015  -8.0283817605069822E-016   7.6942249467094211E-017   6.9414168709499010E-016
   5.6415753331763601E-018   3.0432126210382892E-018   4.7990457164014049E-018  -1.7003100768682896E-017  -3.3669776788245749E-018  -6.3309260798484904E-018   2.6694194097413007E-005   1.6479864026210125E-018   8.4410084013701351E-018   3.9983349652849814E-018   1.3007175542358369E-017   3.7441496419703284E-018   5.5758550612326709E-018  -3.3486596380147297E-016  -1.6801470090591770E-017  -1.5800334222399894E-017   1.2707503830140706E-004   1.4331260834121172E-017   1.1960541966594221E-017   7.1384355102588765E-018  -4.7057570947657090E-016   6.2704559276194302E-018   2.2932926288404799E-018   4.3556776165076730E-018  -7.3771802939780552E-016  -5.0478064669554743E-016  -5.7266723104566595E-017   2.7125346371112890E-017   5.2855486501956305E-016  -1.2975975492994364E-015  -4.0251963088596948E-016  -4.4799035778331520E-016   9.2937554444548417E-016  -1.1228731440550421E-015  -6.9237743657987381E-016   7.2764436497873303E-003   7.5893048284176255E-016   8.1554015639626695E-016   3.6830472207297315E-016
   1.2276878576387607E-019   1.7709513548987850E-018   4.2152301959276898E-017   6.3317820357960461E-017  -1.3347097048661872E-005  -4.3394465689174908E-018   1.6479864026210125E-018   2.6694194097361297E-005   1.1836275889806309E-018  -1.3347097048679093E-005  -8.9523151053276281E-018  -9.3251082224035694E-018   5.1372107528612102E-017  -2.7453561059865956E-015  -6.3537519150647383E-005  -2.1528845755225553E-018  -4.1978876351719638E-018   1.2707503830134626E-004  -8.1625256662936832E-018  -6.3537519150658835E-005  -3.1641219667230476E-015  -5.3300409469330305E-018  -5.3673826975337756E-018   2.8843541947619165E-017   5.2816110661624079E-015   2.8816316684152013E-015   1.8594175487859105E-015   2.4600484228134434E-016   7.9805163516183636E-015   4.1425113260553778E-016   6.3717143116126034E-016   9.5398415602857800E-016  -8.7117505821412885E-016  -3.6382218248902937E-003  -3.7659166229498424E-016  -3.1033484595406704E-016   7.2764436497802119E-003  -2.3844520095690448E-016  -3.6382218248898839E-003
   4.5167792949415855E-018  -6.2978314227947646E-019  -1.2343797120621481E-017  -1.3238955711055941E-017   4.9646010349422418E-020   1.4409486270361820E-020   8.4410084013701351E-018   1.1836275889806309E-018   2.6694194097394596E-005   7.5151439526734853E-019   5.2169954321728256E-018  -1.4665810389678796E-018  -2.1075091536744719E-017  -2.4530579431785699E-016  -7.4982744829530584E-018  -3.8953895463172938E-018   2.1305050799734168E-017   5.7987655590691529E-018   1.2707503830136551E-004   4.3952233576238058E-018  -3.5446086023970272E-016   2.6392407105290106E-018  -9.5741891140772867E-019  -1.0923222157070912E-017  -9.4052259801963616E-016   6.8527012872667749E-016  -8.5071481220672761E-018   1.1505621712402892E-016  -7.1398338366543914E-016   9.3266884837963462E-017   3.5695257485005099E-016  -7.0761318314161666E-016   8.4761916131589977E-016  -4.5126638470994254E-016  -6.6461381415124534E-017   1.4890553339110902E-015   5.6660838480425348E-016   7.2764436497848245E-003  -1.1044186651795992E-016
   2.1958481756104757E-017  -6.2886498561571351E-018   3.3271224173157677E-017   8.0244397323725677E-018  -1.3347097048683298E-005   1.5421519519645076E-018   3.9983349652849814E-018  -1.3347097048679093E-005   7.5151439526734853E-019   2.6694194097363713E-005   1.2806374459377770E-017  -7.5976934585808213E-018   5.0639031588283743E-017  -1.3742117556143067E-015  -6.3537519150661681E-005  -9.1090469086929371E-018   9.2066823451151244E-018  -6.3537519150655745E-005   5.3913638820931647E-018   1.2707503830131883E-004  -1.6829364434142655E-015   9.9053247525155779E-018  -5.3860640034530545E-018   3.1773475135965286E-017   6.4274424999775921E-015   3.3059356983211969E-015   6.5020088689210431E-016   4.7289397533121099E-017   7.4677188717962876E-015  -5.9240975735708911E-016   1.1804953840776366E-015  -5.3970022267484681E-016   8.0664815106980005E-016  -3.6382218248906415E-003  -2.6674130270688906E-016   7.2877343647176623E-016  -3.6382218248898891E-003   3.2221171032989493E-016   7.2764436497805363E-003
   6.7744543673085661E-002   2.8523095429591403E-017  -3.4793053869978625E-017  -9.1079346096759258E-017   1.6707590442054741E-017   3.8472263687603050E-018   1.3007175542358369E-017  -8.9523151053276281E-018   5.2169954321728256E-018   1.2806374459377770E-017   9.6102590726120679E-002  -4.9644581024194869E-017  -1.7474948482282201E-016   3.5106395722906992E-016   7.9290728612469393E-019   7.4307608258062532E-019  -1.4713879691544148E-018   3.6760652615147263E-017   2.9711353315280716E-018   1.9413666747628259E-017   3.5029046832655197E-016   5.5909536326330569E-002  -1.5415296464704028E-017  -5.6810609304843401E-017   1.1714422156831072E-015  -8.4939391754442675E-003   2.4739035887282756E-016   5.1206766256676039E-016   6.5038114108587544E-016  -3.1843168272680881E-017   1.6609077260348434E-004  -1.6932779130535152E-016  -1.0039089680348437E-015  -4.5310642445655432E-017   7.2928541314367439E-017   3.2211678016753215E-016   3.6352826570734483E-016   3.5401014654022063E-016  -2.7211548105626991E-016
   3.3191260362996346E-017   6.7744543673084870E-002   1.1451541549006487E-016  -5.8354632682980903E-018   8.0759263530195028E-018  -1.2880143558149671E-017   3.7441496419703284E-018  -9.3251082224035694E-018  -1.4665810389678796E-018  -7.5976934585808213E-018  -4.9644581024194869E-017   9.6102590726119527E-002  -1.8710090916096532E-017   2.1784331959203459E-015  -7.3052275168402990E-017  -9.0697807586936183E-019  -1.1826459033511564E-019  -4.6420207943259732E-017   1.8003634633547660E-018  -4.4362595574756299E-017   2.7088474757956328E-015  -2.4416851964956386E-017   5.5909536326330993E-002  -6.3005564960200780E-018   1.8826447417759926E-015   1.6287153047794686E-015  -8.4939391754419898E-003   1.1997171824173467E-015  -4.0104014954400400E-017   3.6770481484858117E-016   1.2975192810077806E-016   1.6609077260325159E-004   7.3474001858366666E-017  -2.6885175761804036E-016  -1.9579046213762973E-016  -9.9743186500496753E-017  -1.8946935756798499E-016  -5.1771350838417768E-017   3.9854760468217812E-016
  -8.6656688634823623E-019   6.5960899393842092E-017   6.7744543673084218E-002   1.4647053842818633E-017   5.8008032788575403E-017  -7.4754966438407975E-019   5.5758550612326709E-018   5.1372107528612102E-017  -2.1075091536744719E-017   5.0639031588283743E-017  -1.7474948482282201E-016  -1.8710090916096532E-017   9.6102590726118653E-002  -7.6414553507190370E-016   1.0411551312427775E-016  -1.3719935339470307E-018  -1.3003638982071199E-017   7.7549225720908379E-017  -7.4955443543301552E-018   8.1897368355768848E-017  -7.3103387528577390E-016  -1.0372682547219566E-016  -4.4814420554532208E-017   5.5909536326331541E-002  -4.1074995342618643E-016   2.6063061908996180E-015   8.5960295032551139E-016  -8.4939391754477109E-003  -8.2567351812821098E-016  -5.1076593672010288E-016   4.8028940395898165E-016  -7.7064669858110647E-016   1.6609077260340552E-004   8.6597590473132371E-016  -2.3955190187289549E-016  -1.7662518511969436E-016  -4.0755148931704112E-016  -5.3098593555958688E-016   1.0200565895247906E-016
  -8.4504890746182928E-016  -1.6223762504901024E-015   1.5804043381363952E-015   8.8220545469337858E-003  -2.9429000816193517E-015   3.4808012513383119E-016  -3.3486596380147297E-016  -2.7453561059865956E-015  -2.4530579431785699E-016  -1.3742117556143067E-015   3.5106395722906992E-016   2.1784331959203459E-015  -7.6414553507190370E-016  0.41926923293374563       -1.9359863246763572E-015  -1.4981907162436467E-016   4.3493109614454777E-017  -4.3506224358445056E-015  -6.5712478413481327E-017  -7.6232363944447305E-015  0.55981586686628892       -2.1722596356199637E-016  -1.2733039756121321E-015   3.8829221088595128E-016  -8.3902624560656052E-005  -1.5337414405951005E-014  -4.3521308812001980E-015   1.6061212787188715E-015   1.6781879502523202E-003   5.0500282011972295E-004  -1.8892709951804660E-015  -2.6751074061529130E-015  -1.3288129315409771E-015   4.6031096505467243E-014  -3.1029488243752694E-015   1.2323124136281027E-015  -6.5177882951226323E-014   5.9668597153076297E-016  -8.4488303992870910E-015
   3.2167887209534597E-017  -3.0990779175520072E-017   6.0323123387114053E-017  -3.4037809318363428E-016   1.2707503830120600E-004   4.8893926360870929E-018  -1.6801470090591770E-017  -6.3537519150647383E-005  -7.4982744829530584E-018  -6.3537519150661681E-005   7.9290728612469393E-019  -7.3052275168402990E-017   1.0411551312427775E-016  -1.9359863246763572E-015   6.0492799671641134E-004   1.3496125018821426E-017   2.4127998200334667E-017  -3.0246399835837041E-004   2.1350099883074576E-017  -3.0246399835823836E-004  -3.7277644791236722E-015   6.4464404752926477E-018  -3.0388957489369183E-017   5.5026862641140406E-017   2.7869830023352338E-014   8.4659057004865532E-015   5.0684425372687130E-015  -3.2425561401967651E-016   2.1786084280286447E-014  -7.1834205612275662E-016   6.1018248180285032E-016   8.2675319428006398E-017   6.6584883385467600E-016   3.4638781456393153E-002   7.6548601492769515E-016   7.5498248874438650E-016  -1.7319390728195504E-002   6.8388699007483202E-017  -1.7319390728197836E-002
  -2.4322143169953059E-018   6.7189731712452431E-018   3.6787241453713802E-018   7.4990231293221292E-018   1.7157912556299771E-017   1.2707503830132407E-004  -1.5800334222399894E-017  -2.1528845755225553E-018  -3.8953895463172938E-018  -9.1090469086929371E-018   7.4307608258062532E-019  -9.0697807586936183E-019  -1.3719935339470307E-018  -1.4981907162436467E-016   1.3496125018821426E-017   6.0492799671638348E-004  -2.6334902839736458E-017   3.6259692107472492E-017  -1.9294133371587158E-017  -1.4664643365504085E-017  -1.2766839021496694E-016   3.1309181827489210E-018  -4.2406949272959006E-018  -7.6117306098554094E-019  -2.9302904206366730E-016   2.3404841912239063E-016  -2.1607469643194004E-016  -7.0651794532572369E-016  -5.5625623002613129E-016  -2.6603940846257823E-017  -2.5917105022356272E-016   7.0718576714519675E-017  -6.6394947826474776E-016   1.7569580908422972E-017   3.4638781456392854E-002  -9.4448324080296034E-016   1.2222558638635272E-015  -7.1424740376150632E-016  -1.1797186368760219E-015
  -1.0638158345454126E-017   1.1805188665749209E-018  -1.8131158819056889E-018  -3.1688884831372526E-017   5.8417943313104166E-018  -1.9869487118454502E-017   1.2707503830140706E-004  -4.1978876351719638E-018   2.1305050799734168E-017   9.2066823451151244E-018  -1.4713879691544148E-018  -1.1826459033511564E-019  -1.3003638982071199E-017   4.3493109614454777E-017   2.4127998200334667E-017  -2.6334902839736458E-017   6.0492799671629772E-004   1.0893211797062751E-017  -3.2927598496233086E-017  -1.2798595041119359E-017   9.7052855220232466E-018  -6.0819367744612849E-018   3.0462641560034160E-019  -1.5649719545667702E-018   4.4573750422688996E-016  -1.4639472794566215E-016  -3.8559609544245020E-016   8.4338549143696428E-016  -2.1001456893177643E-015   1.2116439013958758E-015  -2.2655504166227654E-016  -8.9748785818175273E-017  -1.9373150577158396E-015   6.1610169616315014E-016  -4.9701860465808934E-016   3.4638781456390377E-002   3.3007883984742927E-016  -1.2634377322563034E-015  -9.2541536448996455E-016
   7.4357616498549030E-018  -2.9501885302872758E-017   7.9580499384899058E-017   4.9804412506628576E-016  -6.3537519150593755E-005  -1.0887674339850553E-017   1.4331260834121172E-017   1.2707503830134626E-004   5.7987655590691529E-018  -6.3537519150655745E-005   3.6760652615147263E-017  -4.6420207943259732E-017   7.7549225720908379E-017  -4.3506224358445056E-015  -3.0246399835837041E-004   3.6259692107472492E-017   1.0893211797062751E-017   6.0492799671689088E-004  -3.8075115530804737E-017  -3.0246399835832981E-004  -3.3669553194540939E-015   1.3945977506886876E-017  -3.1664215591024653E-017   3.9451599346224216E-017   3.0910731970114925E-014  -1.2475015830772884E-015  -2.4423124749219237E-015   4.0269563848881827E-016   2.1671252606948731E-014  -2.8325268412851516E-016   1.3808361672432389E-015  -8.7188302039058242E-016   1.4900386684668501E-015  -1.7319390728207130E-002   8.7038403095354589E-016   2.9072060692031144E-016   3.4638781456407024E-002  -1.0903292779536972E-015  -1.7319390728199730E-002
  -6.1118428013664903E-018  -1.4844534743293297E-019   5.8863500347556702E-018  -1.7185198405647134E-017   1.2219548553202056E-017  -8.9065845276110018E-020   1.1960541966594221E-017  -8.1625256662936832E-018   1.2707503830136551E-004   5.3913638820931647E-018   2.9711353315280716E-018   1.8003634633547660E-018  -7.4955443543301552E-018  -6.5712478413481327E-017   2.1350099883074576E-017  -1.9294133371587158E-017  -3.2927598496233086E-017  -3.8075115530804737E-017   6.0492799671631929E-004   2.9557694459195034E-017  -1.1761754751525837E-016  -1.8160290606123918E-018  -4.3039610971484294E-020   2.0713349069288917E-018  -6.3243722730321402E-017  -4.9930667096567750E-016  -9.2543716808087775E-016   1.1585319239685655E-016   1.0207430453836940E-016  -3.0302098902209963E-016   1.7233158482566863E-016  -2.7776708526825388E-016  -3.7897823199937952E-016   1.1182383385863468E-015  -3.5935881007032044E-016  -6.0441010039219943E-016  -1.0635948799653214E-015   3.4638781456391016E-002  -3.1318143252220120E-017
   2.3100884129428786E-017  -4.5398454210225997E-017   5.2065635581972849E-017   1.4516486118016262E-018  -6.3537519150653712E-005   1.3369758290997701E-017   7.1384355102588765E-018  -6.3537519150658835E-005   4.3952233576238058E-018   1.2707503830131883E-004   1.9413666747628259E-017  -4.4362595574756299E-017   8.1897368355768848E-017  -7.6232363944447305E-015  -3.0246399835823836E-004  -1.4664643365504085E-017  -1.2798595041119359E-017  -3.0246399835832981E-004   2.9557694459195034E-017   6.0492799671657484E-004  -9.5177081593457228E-015   1.5848599573998681E-017  -3.1913820560080796E-017   5.9721077217057475E-017   2.9797494147980246E-014  -3.0172788449960148E-016   3.0617976866379222E-016   1.7765816101915136E-015   2.2042380952546161E-014  -3.1735687021562006E-016   4.3333958071245134E-017   9.5854278263412419E-016  -2.0452187470012083E-015  -1.7319390728197326E-002   3.7348546674595114E-016   2.2678650712199730E-016  -1.7319390728200598E-002   1.7567525530036239E-015   3.4638781456397948E-002
  -1.1722233370540857E-015  -2.3100009972320680E-015   2.2928409615000555E-015   1.1963052061436743E-002  -4.1245024121804780E-015   4.9686994743762707E-016  -4.7057570947657090E-016  -3.1641219667230476E-015  -3.5446086023970272E-016  -1.6829364434142655E-015   3.5029046832655197E-016   2.7088474757956328E-015  -7.3103387528577390E-016  0.55981586686628892       -3.7277644791236722E-015  -1.2766839021496694E-016   9.7052855220232466E-018  -3.3669553194540939E-015  -1.1761754751525837E-016  -9.5177081593457228E-015  0.74827050091659786       -3.7292076959233149E-016  -1.8358346692277821E-015   6.9484177599068835E-016   3.9265090983167494E-002   6.7515781869552220E-015  -4.7309553701537292E-016  -2.5572551921824355E-015   9.2953752040207810E-003   1.2761841765775688E-003   1.7534114492012167E-016   1.1031377513345168E-015   1.5776982016758787E-015  -3.8326752119306532E-014   4.1263249723181589E-016  -1.2474017986613235E-015   1.5435091085559269E-014  -8.8234383635075889E-016  -9.8331627933240115E-015
   3.9414779116622764E-002   1.7306771130205946E-017  -2.6191545546408255E-017  -6.6938329815687692E-017   9.6983168544683699E-018   2.8244987459059449E-018   6.2704559276194302E-018  -5.3300409469330305E-018   2.6392407105290106E-018   9.9053247525155779E-018   5.5909536326330569E-002  -2.4416851964956386E-017  -1.0372682547219566E-016  -2.1722596356199637E-016   6.4464404752926477E-018   3.1309181827489210E-018  -6.0819367744612849E-018   1.3945977506886876E-017  -1.8160290606123918E-018   1.5848599573998681E-017  -3.7292076959233149E-016   3.2526891145077765E-002  -7.6664769888816978E-018  -3.5803884070927051E-017  -5.5150791935581011E-016  -4.0113718072683066E-003  -2.7838487485695443E-016  -5.5248172206263071E-016  -2.8097154725462933E-016  -8.7215578361988210E-017  -2.1848901058012768E-005   2.4080713695666277E-016   6.8454207851821373E-016   9.2362292490915729E-017   1.8987160051555275E-016  -1.0868925480299445E-016  -1.7644588040856012E-016   1.6910158913472388E-017   1.1090729263545028E-016
   2.0860229015137445E-017   3.9414779116623076E-002   3.8794388374059402E-017  -6.2007648944698563E-017   6.0838305055919434E-018  -8.0339369058638312E-018   2.2932926288404799E-018  -5.3673826975337756E-018  -9.5741891140772867E-019  -5.3860640034530545E-018  -1.5415296464704028E-017   5.5909536326330993E-002  -4.4814420554532208E-017  -1.2733039756121321E-015  -3.0388957489369183E-017  -4.2406949272959006E-018   3.0462641560034160E-019  -3.1664215591024653E-017  -4.3039610971484294E-020  -3.1913820560080796E-017  -1.8358346692277821E-015  -7.6664769888816978E-018   3.2526891145078625E-002  -2.3876224650269390E-017  -1.0483200181616289E-016  -1.4691153287604725E-015  -4.0113718072655614E-003  -2.7081749815444629E-016   5.3419216006479863E-016  -4.2987903173129851E-016  -6.6811523884790244E-016  -2.1848901057807921E-005   9.0614859457219507E-018   4.0278959700637853E-016  -3.2011602751561145E-016  -2.6462103634682716E-017  -3.1390427950519858E-016  -6.8825199032892093E-017  -1.2194577588964253E-016
   2.3074021689954027E-017   4.0317339215948046E-017   3.9414779116623465E-002   2.7226168365562819E-017   3.2952845270809315E-017  -1.5644700398169873E-019   4.3556776165076730E-018   2.8843541947619165E-017  -1.0923222157070912E-017   3.1773475135965286E-017  -5.6810609304843401E-017  -6.3005564960200780E-018   5.5909536326331541E-002   3.8829221088595128E-016   5.5026862641140406E-017  -7.6117306098554094E-019  -1.5649719545667702E-018   3.9451599346224216E-017   2.0713349069288917E-018   5.9721077217057475E-017   6.9484177599068835E-016  -3.5803884070927051E-017  -2.3876224650269390E-017   3.2526891145079569E-002   7.7209259751684890E-017  -8.7211666331693436E-016   3.6241182767353054E-016  -4.0113718072627633E-003   7.0307731025211893E-016   5.8655422934696969E-017  -1.6983578038348943E-016  -1.1628912708084408E-015  -2.1848901057311065E-005   1.9786865211671689E-016  -1.2068231518947638E-016   2.1173179325127074E-016  -5.6669316940539566E-016   5.4882708333876122E-017   6.9704359299037786E-016
  -1.5078335637617505E-015   1.8339830905289433E-016  -6.1619231731688116E-016   9.1165579092472807E-003   7.4772144855545620E-015   7.1676586082093181E-016  -7.3771802939780552E-016   5.2816110661624079E-015  -9.4052259801963616E-016   6.4274424999775921E-015   1.1714422156831072E-015   1.8826447417759926E-015  -4.1074995342618643E-016  -8.3902624560656052E-005   2.7869830023352338E-014  -2.9302904206366730E-016   4.4573750422688996E-016   3.0910731970114925E-014  -6.3243722730321402E-017   2.9797494147980246E-014   3.9265090983167494E-002  -5.5150791935581011E-016  -1.0483200181616289E-016   7.7209259751684890E-017   2.0153657874297810        4.5416265294388354E-015  -1.8148045665914072E-015  -4.3412559893117313E-015   1.4362935458560242E-003   1.6995571029068440E-004  -1.8914064301839557E-016   6.3389404574002153E-016   1.0836085585896853E-015   5.2979704638387317E-014  -1.3847345826860151E-015  -1.3197661149861595E-015   7.0884202675814245E-014  -1.1325205682169422E-015   6.1478037386958148E-014
   6.0689522905157641E-004  -1.0732337874323554E-015  -1.5281663832130289E-015   1.5283876476457734E-015  -7.3010425123546454E-016   1.3509521299496118E-016  -5.0478064669554743E-016   2.8816316684152013E-015   6.8527012872667749E-016   3.3059356983211969E-015  -8.4939391754442675E-003   1.6287153047794686E-015   2.6063061908996180E-015  -1.5337414405951005E-014   8.4659057004865532E-015   2.3404841912239063E-016  -1.4639472794566215E-016  -1.2475015830772884E-015  -4.9930667096567750E-016  -3.0172788449960148E-016   6.7515781869552220E-015  -4.0113718072683066E-003  -1.4691153287604725E-015  -8.7211666331693436E-016   4.5416265294388354E-015   2.0003445525940986       -4.5521151452960498E-016  -3.6332190815480619E-015   9.9909009026625575E-016   4.7606395885662438E-016  -1.7570617197728055E-005   1.9963668704222066E-017  -1.0781426009376527E-016  -9.8813906749741322E-016   5.4221547313215051E-017  -3.8938716463257550E-019   6.6582090859824020E-016   8.4327334771769517E-017   8.0165885416442029E-016
   1.2424931556562892E-017   6.0689522904776522E-004  -8.1327838136873990E-016  -1.5392148544952647E-016  -1.4763830426987279E-015   6.5445985288792532E-016  -5.7266723104566595E-017   1.8594175487859105E-015  -8.5071481220672761E-018   6.5020088689210431E-016   2.4739035887282756E-016  -8.4939391754419898E-003   8.5960295032551139E-016  -4.3521308812001980E-015   5.0684425372687130E-015  -2.1607469643194004E-016  -3.8559609544245020E-016  -2.4423124749219237E-015  -9.2543716808087775E-016   3.0617976866379222E-016  -4.7309553701537292E-016  -2.7838487485695443E-016  -4.0113718072655614E-003   3.6241182767353054E-016  -1.8148045665914072E-015  -4.5521151452960498E-016   2.0003445525940950        1.0692990174132406E-016  -8.9144355594281687E-016  -1.2598010783666728E-016  -1.3580277668389379E-016  -1.7570617197988246E-005   3.3018136551968556E-016   6.3858052067372204E-016   8.1519647968475516E-016   4.6030601244791359E-016   1.9241196041630086E-015   1.8295468235070432E-016   1.1545542034808395E-015
  -2.0784176822373652E-017  -1.1849596067787418E-015   6.0689522904908166E-004  -2.5025211656586118E-015   7.2268775908678831E-016   5.0908270627947331E-016   2.7125346371112890E-017   2.4600484228134434E-016   1.1505621712402892E-016   4.7289397533121099E-017   5.1206766256676039E-016   1.1997171824173467E-015  -8.4939391754477109E-003   1.6061212787188715E-015  -3.2425561401967651E-016  -7.0651794532572369E-016   8.4338549143696428E-016   4.0269563848881827E-016   1.1585319239685655E-016   1.7765816101915136E-015  -2.5572551921824355E-015  -5.5248172206263071E-016  -2.7081749815444629E-016  -4.0113718072627633E-003  -4.3412559893117313E-015  -3.6332190815480619E-015   1.0692990174132406E-016   2.0003445525940902       -1.3826660067094300E-015   1.0913464513270923E-017  -2.6953767120897915E-016  -3.6586973654431214E-016  -1.7570617198033478E-005   1.8413829486139101E-015   5.3446691377372860E-018  -1.0004782066604719E-016   1.3537881941003562E-015  -2.2586660362959086E-016   1.4722643201032761E-015
  -6.5811022247423710E-016   6.7161639054212643E-016  -4.6294778126824878E-016   1.6040430502490567E-003   8.3229306344434283E-015   3.9806574173993809E-016   5.2855486501956305E-016   7.9805163516183636E-015  -7.1398338366543914E-016   7.4677188717962876E-015   6.5038114108587544E-016  -4.0104014954400400E-017  -8.2567351812821098E-016   1.6781879502523202E-003   2.1786084280286447E-014  -5.5625623002613129E-016  -2.1001456893177643E-015   2.1671252606948731E-014   1.0207430453836940E-016   2.2042380952546161E-014   9.2953752040207810E-003  -2.8097154725462933E-016   5.3419216006479863E-016   7.0307731025211893E-016   1.4362935458560242E-003   9.9909009026625575E-016  -8.9144355594281687E-016  -1.3826660067094300E-015   2.0006568623483809        4.4671936862031976E-005  -2.8315540824507650E-016   3.2075624287767332E-016  -7.4751892937455199E-016   4.6231743937510532E-014  -4.0213244127407125E-016  -8.3455572738827639E-017   4.9894306280741268E-014  -4.2263757348819328E-016   4.6714038067092641E-014
   4.0274850980269629E-017   6.6392911683381011E-018   6.8604464240653848E-016   1.4687098288075582E-004   1.4834221240663482E-016  -3.5887289134515834E-016  -1.2975975492994364E-015   4.1425113260553778E-016   9.3266884837963462E-017  -5.9240975735708911E-016  -3.1843168272680881E-017   3.6770481484858117E-016  -5.1076593672010288E-016   5.0500282011972295E-004  -7.1834205612275662E-016  -2.6603940846257823E-017   1.2116439013958758E-015  -2.8325268412851516E-016  -3.0302098902209963E-016  -3.1735687021562006E-016   1.2761841765775688E-003  -8.7215578361988210E-017  -4.2987903173129851E-016   5.8655422934696969E-017   1.6995571029068440E-004   4.7606395885662438E-016  -1.2598010783666728E-016   1.0913464513270923E-017   4.4671936862031976E-005   2.0000087882077890        1.2152335302401062E-017   1.2520246125706275E-017   1.5628212279331457E-017  -2.0131439838273475E-015   4.2782921092375404E-017  -4.9559347423922294E-016  -1.1575875575339571E-015  -5.2301024953078456E-017  -1.6603113742381281E-015
  -1.5798623341281348E-004  -4.8087208423684983E-016  -3.4187426994631367E-016  -2.8559827724086332E-015   2.0313402084801486E-015   2.9520540735602042E-016  -4.0251963088596948E-016   6.3717143116126034E-016   3.5695257485005099E-016   1.1804953840776366E-015   1.6609077260348434E-004   1.2975192810077806E-016   4.8028940395898165E-016  -1.8892709951804660E-015   6.1018248180285032E-016  -2.5917105022356272E-016  -2.2655504166227654E-016   1.3808361672432389E-015   1.7233158482566863E-016   4.3333958071245134E-017   1.7534114492012167E-016  -2.1848901058012768E-005  -6.6811523884790244E-016  -1.6983578038348943E-016  -1.8914064301839557E-016  -1.7570617197728055E-005  -1.3580277668389379E-016  -2.6953767120897915E-016  -2.8315540824507650E-016   1.2152335302401062E-017   1.9999983021300045       -3.3599013067006081E-018  -5.5909562579423537E-017   1.7418799627540564E-015  -8.5631194097194687E-017  -1.2721485158966316E-016   8.3948211134272005E-016   1.4703711693616788E-016   1.1659288302657463E-015
  -1.1265571165094379E-017  -1.5798623341307287E-004   3.6910356985495286E-016   1.5486379418243172E-015  -3.6303100968644650E-016   1.4616183603847931E-015  -4.4799035778331520E-016   9.5398415602857800E-016  -7.0761318314161666E-016  -5.3970022267484681E-016  -1.6932779130535152E-016   1.6609077260325159E-004  -7.7064669858110647E-016  -2.6751074061529130E-015   8.2675319428006398E-017   7.0718576714519675E-017  -8.9748785818175273E-017  -8.7188302039058242E-016  -2.7776708526825388E-016   9.5854278263412419E-016   1.1031377513345168E-015   2.4080713695666277E-016  -2.1848901057807921E-005  -1.1628912708084408E-015   6.3389404574002153E-016   1.9963668704222066E-017  -1.7570617197988246E-005  -3.6586973654431214E-016   3.2075624287767332E-016   1.2520246125706275E-017  -3.3599013067006081E-018   1.9999983021299954       -4.3820445586940744E-016   5.4560880420494591E-017  -5.5585122320519799E-016  -1.0076947971574058E-016   4.4895539413339975E-016   8.9616415151475867E-016  -2.8847651173723367E-016
   4.8300966791560831E-016  -8.0823597164038752E-017  -1.5798623341349449E-004   4.3564310772419718E-016   1.2484015077160292E-016   4.5384638571262275E-016   9.2937554444548417E-016  -8.7117505821412885E-016   8.4761916131589977E-016   8.0664815106980005E-016  -1.0039089680348437E-015   7.3474001858366666E-017   1.6609077260340552E-004  -1.3288129315409771E-015   6.6584883385467600E-016  -6.6394947826474776E-016  -1.9373150577158396E-015   1.4900386684668501E-015  -3.7897823199937952E-016  -2.0452187470012083E-015   1.5776982016758787E-015   6.8454207851821373E-016   9.0614859457219507E-018  -2.1848901057311065E-005   1.0836085585896853E-015  -1.0781426009376527E-016   3.3018136551968556E-016  -1.7570617198033478E-005  -7.4751892937455199E-016   1.5628212279331457E-017  -5.5909562579423537E-017  -4.3820445586940744E-016   1.9999983021299992       -5.6908383078165579E-017   1.1915482571156890E-018   4.8510822154014692E-016   2.4976219407814177E-016   4.8701208671494961E-016   7.9927339220777604E-017
   1.8059612833160935E-016   3.1392361542874623E-017  -6.6881525785471624E-017  -2.4104684645057370E-014   7.2764436497750338E-003   1.2132251426870130E-016  -1.1228731440550421E-015  -3.6382218248902937E-003  -4.5126638470994254E-016  -3.6382218248906415E-003  -4.5310642445655432E-017  -2.6885175761804036E-016   8.6597590473132371E-016   4.6031096505467243E-014   3.4638781456393153E-002   1.7569580908422972E-017   6.1610169616315014E-016  -1.7319390728207130E-002   1.1182383385863468E-015  -1.7319390728197326E-002  -3.8326752119306532E-014   9.2362292490915729E-017   4.0278959700637853E-016   1.9786865211671689E-016   5.2979704638387317E-014  -9.8813906749741322E-016   6.3858052067372204E-016   1.8413829486139101E-015   4.6231743937510532E-014  -2.0131439838273475E-015   1.7418799627540564E-015   5.4560880420494591E-017  -5.6908383078165579E-017   1.9834512327030724        5.8718356782741559E-016  -6.0178641583807943E-016 -0.99172561635153900       -2.0556981410093525E-015 -0.99172561635154421     
  -1.6389539938526638E-016   3.2741171861512985E-016   2.2532330906958784E-016   6.3891452881839733E-016   9.8094242405876260E-016   7.2764436497820663E-003  -6.9237743657987381E-016  -3.7659166229498424E-016  -6.6461381415124534E-017  -2.6674130270688906E-016   7.2928541314367439E-017  -1.9579046213762973E-016  -2.3955190187289549E-016  -3.1029488243752694E-015   7.6548601492769515E-016   3.4638781456392854E-002  -4.9701860465808934E-016   8.7038403095354589E-016  -3.5935881007032044E-016   3.7348546674595114E-016   4.1263249723181589E-016   1.8987160051555275E-016  -3.2011602751561145E-016  -1.2068231518947638E-016  -1.3847345826860151E-015   5.4221547313215051E-017   8.1519647968475516E-016   5.3446691377372860E-018  -4.0213244127407125E-016   4.2782921092375404E-017  -8.5631194097194687E-017  -5.5585122320519799E-016   1.1915482571156890E-018   5.8718356782741559E-016   1.9834512327031293        3.8057664658586177E-015   9.3753164140484508E-016   1.7862772892784928E-015   1.9169846374351996E-015
  -2.9669783554836075E-016   7.5674575480795802E-017   1.2180382006684766E-016  -1.8733352938160636E-015   2.0287704342205435E-016  -1.0193778939991856E-015   7.2764436497873303E-003  -3.1033484595406704E-016   1.4890553339110902E-015   7.2877343647176623E-016   3.2211678016753215E-016  -9.9743186500496753E-017  -1.7662518511969436E-016   1.2323124136281027E-015   7.5498248874438650E-016  -9.4448324080296034E-016   3.4638781456390377E-002   2.9072060692031144E-016  -6.0441010039219943E-016   2.2678650712199730E-016  -1.2474017986613235E-015  -1.0868925480299445E-016  -2.6462103634682716E-017   2.1173179325127074E-016  -1.3197661149861595E-015  -3.8938716463257550E-019   4.6030601244791359E-016  -1.0004782066604719E-016  -8.3455572738827639E-017  -4.9559347423922294E-016  -1.2721485158966316E-016  -1.0076947971574058E-016   4.8510822154014692E-016  -6.0178641583807943E-016   3.8057664658586177E-015   1.9834512327031271       -1.6935576747402508E-016   1.0089043316063862E-015   1.9601426601636991E-015
  -5.5375830895142090E-016   5.1219914933368161E-016   1.0780476449313212E-015   2.3773083645574012E-014  -3.6382218248847808E-003  -8.0283817605069822E-016   7.5893048284176255E-016   7.2764436497802119E-003   5.6660838480425348E-016  -3.6382218248898891E-003   3.6352826570734483E-016  -1.8946935756798499E-016  -4.0755148931704112E-016  -6.5177882951226323E-014  -1.7319390728195504E-002   1.2222558638635272E-015   3.3007883984742927E-016   3.4638781456407024E-002  -1.0635948799653214E-015  -1.7319390728200598E-002   1.5435091085559269E-014  -1.7644588040856012E-016  -3.1390427950519858E-016  -5.6669316940539566E-016   7.0884202675814245E-014   6.6582090859824020E-016   1.9241196041630086E-015   1.3537881941003562E-015   4.9894306280741268E-014  -1.1575875575339571E-015   8.3948211134272005E-016   4.4895539413339975E-016   2.4976219407814177E-016 -0.99172561635153900        9.3753164140484508E-016  -1.6935576747402508E-016   1.9834512327030884        1.5057272716536588E-015 -0.99172561635154011     
  -1.2439188164331083E-016   5.5342069733135573E-017   2.3960533464672315E-016  -8.8478559650041012E-016   4.5725749506798760E-016   7.6942249467094211E-017   8.1554015639626695E-016  -2.3844520095690448E-016   7.2764436497848245E-003   3.2221171032989493E-016   3.5401014654022063E-016  -5.1771350838417768E-017  -5.3098593555958688E-016   5.9668597153076297E-016   6.8388699007483202E-017  -7.1424740376150632E-016  -1.2634377322563034E-015  -1.0903292779536972E-015   3.4638781456391016E-002   1.7567525530036239E-015  -8.8234383635075889E-016   1.6910158913472388E-017  -6.8825199032892093E-017   5.4882708333876122E-017  -1.1325205682169422E-015   8.4327334771769517E-017   1.8295468235070432E-016  -2.2586660362959086E-016  -4.2263757348819328E-016  -5.2301024953078456E-017   1.4703711693616788E-016   8.9616415151475867E-016   4.8701208671494961E-016  -2.0556981410093525E-015   1.7862772892784928E-015   1.0089043316063862E-015   1.5057272716536588E-015   1.9834512327031288        1.8857630029994033E-015
   4.0673935725901379E-016  -5.7351492227616035E-016  -6.0058965638145807E-016   7.0067945530333396E-016  -3.6382218248902924E-003   6.9414168709499010E-016   3.6830472207297315E-016  -3.6382218248898839E-003  -1.1044186651795992E-016   7.2764436497805363E-003  -2.7211548105626991E-016   3.9854760468217812E-016   1.0200565895247906E-016  -8.4488303992870910E-015  -1.7319390728197836E-002  -1.1797186368760219E-015  -9.2541536448996455E-016  -1.7319390728199730E-002  -3.1318143252220120E-017   3.4638781456397948E-002  -9.8331627933240115E-015   1.1090729263545028E-016  -1.2194577588964253E-016   6.9704359299037786E-016   6.1478037386958148E-014   8.0165885416442029E-016   1.1545542034808395E-015   1.4722643201032761E-015   4.6714038067092641E-014  -1.6603113742381281E-015   1.1659288302657463E-015  -2.8847651173723367E-016   7.9927339220777604E-017 -0.99172561635154421        1.9169846374351996E-015   1.9601426601636991E-015 -0.99172561635154011        1.8857630029994033E-015   1.9834512327030858     
