   1.4637680382859227E-003  -5.9053336391599888E-017  -2.0700823486405058E-018  -5.2643060177440259E-017   2.7322470759900425E-002  -5.0561790155917214E-016   1.0924979072917946E-015  -2.5119264334242788E-016   7.3424197594791143E-017   3.0281357000813726E-018  -5.0172850130712641E-018   4.8049895889124621E-017   1.0758761218869218E-017   4.4111139951385468E-017   9.8085108624770624E-018   7.7657450946486190E-018  -3.0332234149274340E-019   2.0143847058328757E-017   1.2756360546271358E-017   2.1859824468057277E-017   2.2471347171255670E-018   3.1693833275243194E-002  -6.1339896977248577E-016   1.2361486600363748E-015   2.7009220681225648E-016   5.9115992928324135E-004   8.5298966367139134E-016   4.2916644808313237E-016   9.0745759000955291E-016  -1.5428594158351837E-004   7.3250243923587267E-016  -5.1123453463589261E-015  -1.0421661077117883E-015   2.1229173571147185E-016   7.8538837999514129E-018  -2.6037695569930839E-016  -5.9426528207640068E-016   2.6867245080100866E-016   4.2034251982705633E-016
  -5.9053336391599888E-017   1.4637680382853561E-003  -1.0943618051276761E-016  -7.2671227043164740E-017  -5.4922141907059733E-016   2.7322470759895447E-002  -1.6421345787053888E-015  -1.2284724844925595E-015   3.0353205832760052E-017   4.8083442039575359E-018  -7.8994003990049807E-019   2.2065614046359996E-017   5.6252242546222411E-018   3.2057581828318177E-017  -5.5174493657239926E-018   2.0985805591198355E-018   3.4494260296841006E-020  -1.3633306855602246E-017  -1.0175647005444705E-018  -7.1563119147123800E-018  -1.3205889689356661E-015  -6.7727493172331275E-016   3.1693833275236984E-002  -1.7842006276721034E-015  -1.5324311661841025E-016  -1.6448704778252208E-016   5.9115992927950237E-004  -2.7820557352604228E-015  -3.4761992342565459E-016  -3.7763477257229083E-016  -1.5428594158331440E-004   2.1939016459090708E-016   2.4675655966214204E-016   2.9923608097820406E-016   8.9422069672621125E-017   4.5595867735585429E-017  -9.9859961254394721E-016   1.6996944194173335E-016   6.3068497832043005E-016
  -2.0700823486405058E-018  -1.0943618051276761E-016   1.4637680382855063E-003   4.2614351136720545E-017  -1.1895272254656693E-015  -3.4847175846669027E-016   2.7322470759896689E-002  -3.2003241686281156E-016   2.8259701906401305E-017   1.2820031361719466E-017   2.5884042187079358E-018   3.2886072028205300E-017  -5.4476714951937040E-017   9.3519263107491863E-018   1.1124925484041238E-017   2.1774746077523941E-018   2.8360454535168938E-018   1.1104607662552104E-017  -6.4417928797508733E-019   2.0346755220699276E-017  -7.5687808847471336E-017  -1.2282187375841800E-015  -5.1033812145476272E-016   3.1693833275238642E-002  -4.7806051974140521E-016  -1.0742637231571329E-015  -2.3641782483761113E-015   5.9115992928172911E-004  -8.7317301503067298E-016  -9.7374560531369340E-016   1.2248857142012910E-015  -1.5428594158184081E-004   8.3807270345878582E-016   2.1308354078082961E-015  -3.0940316253930912E-016   5.3416655809803091E-016  -9.3964545519733166E-017  -4.6697948912700672E-016  -1.9966064456902649E-015
  -5.2643060177440259E-017  -7.2671227043164740E-017   4.2614351136720545E-017   3.4447733580928651E-004  -1.0034125401930869E-015  -7.6631432217698269E-016   9.1720058578036042E-016   1.2558004269267621E-002  -2.7454776342718841E-016  -1.3703404023176991E-017   3.9363651808057264E-018  -1.7290329569159431E-016   1.1803658864021647E-017   6.9627464305267763E-017   2.7295276882906730E-016  -2.4523687609734130E-017   1.1752164774436205E-017   4.0393049839560621E-016   2.1983592452758115E-017   6.0883108556918649E-016   1.4268091640813522E-002  -1.1223863662812651E-015  -9.2639259775331268E-016   1.0564661095415151E-015   9.7144797708098880E-003  -5.5888760955014372E-016  -2.3229860963634031E-015   3.8328051478828623E-015   1.7134269429963781E-003  -5.9730682234119285E-016   9.4877160557614016E-016   2.9675098318399320E-016   2.0117580747332789E-004  -2.1330313040557219E-014  -1.5206952869449856E-015   6.7561409811160041E-016  -2.9540215032682164E-015   1.6863571406578589E-015   2.7504406982711424E-014
   2.7322470759900425E-002  -5.4922141907059733E-016  -1.1895272254656693E-015  -1.0034125401930869E-015  0.51005047206818499        9.3961921625259931E-016  -9.2627796166762366E-016  -4.0576239715023122E-015   1.3418431545543071E-015   5.3299787332454498E-017  -4.6408604502305631E-017   9.9921105850161741E-016   1.6163459183148220E-016   7.4788690644644734E-016   1.6387856620911970E-016   1.4317339523475951E-016   1.8764795286763618E-017   4.4338753427542765E-016   2.0853173269281796E-016   3.6304771860850307E-016   5.9000137132998297E-016  0.59164993521015097        5.8570111596159534E-016  -1.6891192220966356E-015   4.1229083152728041E-016   1.3554145704564779E-003  -5.1527996579358063E-016  -8.2153810257489315E-016  -6.6992643340597408E-016   7.4169368455836440E-004  -1.7863478302066164E-015   9.3183183494178394E-015   1.4474785584455911E-015   2.7471448726014232E-016  -2.7336981953935954E-016   3.9017069167449992E-016   1.2614164432558028E-015   2.6223071130094584E-017  -8.2626288180131419E-016
  -5.0561790155917214E-016   2.7322470759895447E-002  -3.4847175846669027E-016  -7.6631432217698269E-016   9.3961921625259931E-016  0.51005047206819576        4.3997583855826628E-016   5.0915384875175078E-016   5.1229710683150782E-016   7.6109141689686836E-017  -3.2640357164225728E-017   5.7876707996772501E-016   7.0898151346465970E-017   4.9969604554009247E-016  -1.4166429155286020E-016   3.2981290080258977E-017   4.7754553901370603E-018  -1.5049099800650870E-016  -3.0860574596728628E-017  -1.9723046067872887E-016   1.7707931977875699E-015   3.4012661423902975E-016  0.59164993521015552        2.7815930172924142E-015   1.6630172868329306E-015  -6.6672471596669614E-017   1.3554145704616405E-003   3.7129222070309524E-015   3.1287529296873496E-016   1.0084639717791735E-015   7.4169368456016461E-004  -8.4407913813640994E-016  -6.8382210485698995E-017  -1.5349329500345927E-015   9.6598929991961226E-017  -2.4268044289904761E-016   1.0348425756043095E-015  -8.1735827932463727E-017  -7.7647904402471058E-016
   1.0924979072917946E-015  -1.6421345787053888E-015   2.7322470759896689E-002   9.1720058578036042E-016  -9.2627796166762366E-016   4.3997583855826628E-016  0.51005047206819010       -3.0525007254384213E-015   2.3590776123823131E-016   2.9166360987321199E-016  -3.5182856465875210E-017   6.5906632946710331E-016  -9.4463926286836672E-016   5.0449808039696118E-016   2.2024540280804913E-017   7.2944367856720693E-017  -2.6457964888224403E-018   2.4113209485373198E-016   3.3617949808521017E-017   5.6290275477033048E-016   2.3075170785325182E-015   1.7180538675748425E-015  -1.4198372762338642E-015  0.59164993521015297        1.9308938989290785E-015   1.2237618619739647E-015   1.6588122884276220E-016   1.3554145704584625E-003   1.3275763489337013E-015   7.1534087035685242E-016  -1.7491293170482166E-015   7.4169368455429647E-004  -5.7572010272688773E-016   1.2885739519282573E-015   5.9064191137777281E-016  -4.4793518897078789E-016   9.5466764775571717E-016  -6.8664727128980170E-016  -1.4783606874315366E-015
  -2.5119264334242788E-016  -1.2284724844925595E-015  -3.2003241686281156E-016   1.2558004269267621E-002  -4.0576239715023122E-015   5.0915384875175078E-016  -3.0525007254384213E-015  0.54286853773382515       -8.1364275909646475E-015  -1.5707385428002993E-016   1.3747273690399692E-016  -1.1710277634249349E-014   2.7340339283956660E-016  -1.2475566948067954E-014   9.7925982374987533E-015  -4.6696846742099889E-016   1.4323448400114920E-016   1.1998627498086416E-014  -4.5158055312584584E-018   1.3715982672141486E-014  0.60701362494038502       -3.3103446292592726E-015  -9.3848401637415003E-016  -3.5088723887980759E-015  -2.5131968415076748E-002  -3.3555903457922847E-015   8.3299008962131235E-015   2.2314608194154088E-014  -3.1900743120114230E-003  -8.4188182672408076E-015  -5.2355935546423273E-017   2.9894096673996568E-015  -2.8243436798921833E-004   8.0176056263183065E-014   1.5453078979070045E-015   1.0670223807977446E-015   2.8391441741121794E-014  -3.4980771950600027E-015  -3.4112747162354867E-014
   7.3424197594791143E-017   3.0353205832760052E-017   2.8259701906401305E-017  -2.7454776342718841E-016   1.3418431545543071E-015   5.1229710683150782E-016   2.3590776123823131E-016  -8.1364275909646475E-015   1.3571067036574863E-004   3.7394251381290238E-017  -5.8519835420972068E-018  -6.7855335182931967E-005   2.2259233414816187E-017  -6.7855335182815497E-005   8.7611512334062055E-005  -5.8660902802563167E-018  -2.7166692502664729E-017  -4.3805756167059630E-005  -4.9663369766699001E-018  -4.3805756166978871E-005  -9.4821340285545467E-015   1.5553532026049977E-015   6.0717054841223871E-016   2.8334857741555320E-016   2.1379743863106482E-014   1.0393653637771065E-015  -1.0632268401770520E-015  -5.5720686278174768E-015   8.8968836455302507E-016   3.6641627178219553E-015  -3.6238950872111566E-016  -5.2524370420073259E-016   9.2607786881282322E-017   1.6438094068191803E-002   2.1046359989325609E-015  -1.0854549342144947E-015  -8.2190470341002124E-003   1.0055168350920749E-015  -8.2190470340915180E-003
   3.0281357000813726E-018   4.8083442039575359E-018   1.2820031361719466E-017  -1.3703404023176991E-017   5.3299787332454498E-017   7.6109141689686836E-017   2.9166360987321199E-016  -1.5707385428002993E-016   3.7394251381290238E-017   1.3571067036546731E-004  -1.5717523516916510E-018  -2.2570069691017544E-018  -2.1538558923574703E-017  -2.5577609385892055E-017   1.8724671632219809E-017   8.7611512334037810E-005  -1.4884043096817926E-017  -9.7103228416002533E-018  -1.7725057776358377E-018  -3.2193090727601940E-018  -1.9241554500979858E-016   6.4758533952618390E-017   8.5675445723036823E-017   3.3441977741470832E-016   3.1112524150041113E-016  -5.6512323716159660E-017   3.7040000291379764E-016  -4.7441471310223287E-016   1.1556758934101613E-015  -3.8505166105446506E-017   6.2337153930926100E-016  -1.4012306129996724E-015   5.4349216741242065E-016   2.4263309596076194E-015   1.6438094068174747E-002  -5.1147491596887858E-016  -8.0831750645503860E-016  -7.2302224157858744E-016  -1.5860470319107132E-015
  -5.0172850130712641E-018  -7.8994003990049807E-019   2.5884042187079358E-018   3.9363651808057264E-018  -4.6408604502305631E-017  -3.2640357164225728E-017  -3.5182856465875210E-017   1.3747273690399692E-016  -5.8519835420972068E-018  -1.5717523516916510E-018   1.3571067036543470E-004  -8.2712436427268158E-019   3.9304472804747421E-017  -2.9738068688098561E-018  -6.4859579246122438E-018  -1.1966226351764909E-018   8.7611512334046808E-005  -4.6941970366772812E-018   3.7037541322653486E-018  -3.0746976616045247E-018   1.3287069970970145E-016  -6.0763560052969286E-017  -3.1783493155285456E-017  -3.7636980780235840E-017  -4.7633166587427244E-016  -4.1828116178387814E-016   9.6029990823274002E-016  -3.0945827629993674E-016  -2.4675539434872414E-015   1.0413823565424258E-015  -2.3343049239780370E-015   5.7291698396264081E-016   9.6780749356208298E-016   3.8723360557327944E-016   3.0162546790194096E-016   1.6438094068172777E-002   2.2079459605312595E-016   1.3167114459573890E-015  -6.4541489919432687E-016
   4.8049895889124621E-017   2.2065614046359996E-017   3.2886072028205300E-017  -1.7290329569159431E-016   9.9921105850161741E-016   5.7876707996772501E-016   6.5906632946710331E-016  -1.1710277634249349E-014  -6.7855335182931967E-005  -2.2570069691017544E-018  -8.2712436427268158E-019   1.3571067036556052E-004   8.1530246439273617E-018  -6.7855335182610474E-005  -4.3805756167028283E-005   1.1526655129636293E-017   2.7023659739831582E-018   8.7611512334080378E-005  -3.8769988397625315E-018  -4.3805756167073996E-005  -1.2570027934564360E-014   1.1409877073519113E-015   6.4856408858986714E-016   7.5881539558531232E-016   2.6301290852546606E-014   6.0876728449178112E-016  -8.6270182302360323E-016  -5.1379996313403460E-015   1.0628601865949453E-015   1.7368533980806020E-015   1.5067311306572684E-016  -1.1295343385785930E-015   3.4377728359415210E-015  -8.2190470340985367E-003   5.6264364691691833E-016  -3.4889202394110103E-016   1.6438094068180305E-002   2.2499990287799427E-016  -8.2190470340818573E-003
   1.0758761218869218E-017   5.6252242546222411E-018  -5.4476714951937040E-017   1.1803658864021647E-017   1.6163459183148220E-016   7.0898151346465970E-017  -9.4463926286836672E-016   2.7340339283956660E-016   2.2259233414816187E-017  -2.1538558923574703E-017   3.9304472804747421E-017   8.1530246439273617E-018   1.3571067036548436E-004  -2.5443927163212220E-017   7.5474308282311222E-018  -1.7248548803968359E-017   1.7945656919558315E-017   3.5184061180527192E-018   8.7611512334078467E-005  -8.3255493423952368E-018   3.1526772040468570E-016   1.8682528205234235E-016   8.4216890045324591E-017  -1.0918132322826839E-015  -1.6310101432628502E-015  -1.1000320599126471E-016   1.3256505953949196E-015  -7.2573200020164675E-016  -1.0763999205323929E-015   8.0589273486252764E-016  -4.6342281032443160E-016   1.3893892203273554E-015   6.6308000548807585E-016   1.6930170559616707E-015  -1.8868929449510418E-015   3.4541762184640400E-015   7.7187232571264544E-016   1.6438094068175760E-002  -2.4578572248106850E-015
   4.4111139951385468E-017   3.2057581828318177E-017   9.3519263107491863E-018   6.9627464305267763E-017   7.4788690644644734E-016   4.9969604554009247E-016   5.0449808039696118E-016  -1.2475566948067954E-014  -6.7855335182815497E-005  -2.5577609385892055E-017  -2.9738068688098561E-018  -6.7855335182610474E-005  -2.5443927163212220E-017   1.3571067036540670E-004  -4.3805756167033013E-005   5.1090558503658721E-019   1.8232639517036207E-017  -4.3805756167009079E-005   1.2050769703358437E-017   8.7611512334040425E-005  -1.2538635332762530E-014   8.8575919311006742E-016   5.8863649117988937E-016   5.7606974288872231E-016   2.5474710916165396E-014   9.5159514111731597E-016  -9.6426570948030294E-016  -7.2360955857271540E-015   3.4554487449825319E-015   3.3066518767202363E-016   8.3193626135708688E-017  -2.4215937080541953E-016   3.8163395532267141E-015  -8.2190470340931261E-003  -1.5093581445565149E-015   2.6512770163364534E-016  -8.2190470340779039E-003  -6.2872267898314932E-016   1.6438094068171042E-002
   9.8085108624770624E-018  -5.5174493657239926E-018   1.1124925484041238E-017   2.7295276882906730E-016   1.6387856620911970E-016  -1.4166429155286020E-016   2.2024540280804913E-017   9.7925982374987533E-015   8.7611512334062055E-005   1.8724671632219809E-017  -6.4859579246122438E-018  -4.3805756167028283E-005   7.5474308282311222E-018  -4.3805756167033013E-005   5.6559864252197807E-005  -7.2835399469112437E-018  -1.9286414122106111E-017  -2.8279932126091572E-005  -7.6106439706323296E-018  -2.8279932126091026E-005   1.1128675922963420E-014   1.9000925028350773E-016  -1.5571996838986020E-016   3.1329880535612493E-017   2.9662261261987099E-014  -3.5054244376477051E-016  -7.3284988340467363E-018  -3.5740734052714994E-015   2.0364017181021323E-014  -7.0083345483675437E-016  -3.9950529053838477E-016   1.1711002431206176E-015   2.9101370828728158E-015   1.0612034244046702E-002   7.0266496936163419E-016  -1.0287596309229710E-015  -5.3060171220212929E-003  -1.7725572613569837E-016  -5.3060171220253600E-003
   7.7657450946486190E-018   2.0985805591198355E-018   2.1774746077523941E-018  -2.4523687609734130E-017   1.4317339523475951E-016   3.2981290080258977E-017   7.2944367856720693E-017  -4.6696846742099889E-016  -5.8660902802563167E-018   8.7611512334037810E-005  -1.1966226351764909E-018   1.1526655129636293E-017  -1.7248548803968359E-017   5.1090558503658721E-019  -7.2835399469112437E-018   5.6559864252283771E-005  -9.7262311791375359E-018   2.1132276757863361E-018  -3.3029495567172845E-018   8.9114504757015413E-018  -5.6309200979192460E-016   1.6763656013567658E-016   3.6529377460530984E-017   8.1871907119150541E-017  -7.6430874802331535E-016   4.8593101002635003E-016  -5.4091060289092528E-016   5.9216624069817178E-016  -1.6508351699613593E-015   1.5300478471182859E-015  -2.3603260171171820E-016   6.7173315783890361E-016  -5.7338178181645048E-016  -2.0682376167605339E-015   1.0612034244054755E-002  -3.5223314540154374E-016   1.0508365917810538E-015  -8.7178452052249237E-016   1.0380377254246997E-015
  -3.0332234149274340E-019   3.4494260296841006E-020   2.8360454535168938E-018   1.1752164774436205E-017   1.8764795286763618E-017   4.7754553901370603E-018  -2.6457964888224403E-018   1.4323448400114920E-016  -2.7166692502664729E-017  -1.4884043096817926E-017   8.7611512334046808E-005   2.7023659739831582E-018   1.7945656919558315E-017   1.8232639517036207E-017  -1.9286414122106111E-017  -9.7262311791375359E-018   5.6559864252308979E-005  -9.4115782915123452E-019  -2.4045164333791949E-018   1.1024985546057922E-017   1.7982647601703949E-016   1.8003530245544795E-017   7.6275734700219428E-018  -9.2500315364257737E-019   6.2378226289068054E-016   4.1678416515635620E-016  -1.1476396324017743E-015   1.7801176801493890E-016   2.1962578074957014E-015  -8.4892262282743429E-016   2.4294542336225452E-015   4.5103335092882035E-016  -9.6339297872615541E-016  -2.5830030439712179E-015  -1.4852182746600282E-015   1.0612034244057121E-002   5.3454428180383698E-016  -4.9730363124483862E-017   2.0243228081439519E-015
   2.0143847058328757E-017  -1.3633306855602246E-017   1.1104607662552104E-017   4.0393049839560621E-016   4.4338753427542765E-016  -1.5049099800650870E-016   2.4113209485373198E-016   1.1998627498086416E-014  -4.3805756167059630E-005  -9.7103228416002533E-018  -4.6941970366772812E-018   8.7611512334080378E-005   3.5184061180527192E-018  -4.3805756167009079E-005  -2.8279932126091572E-005   2.1132276757863361E-018  -9.4115782915123452E-019   5.6559864252299878E-005  -3.6294187193297581E-018  -2.8279932126222442E-005   1.4018025212165372E-014   5.0258054954726333E-016  -1.8895301172047383E-016   2.7515589282309871E-016   2.5013271802726587E-014   7.6135043444555987E-017   4.8462259305688280E-017  -3.2343471974590821E-015   2.0561278092770762E-014   1.0222058100323227E-015  -3.2595868344936103E-016   2.0781955328670674E-015   1.1955467035437741E-015  -5.3060171220240086E-003  -6.3645473321536703E-016  -7.2914777209488988E-016   1.0612034244056209E-002  -6.6109333346408210E-017  -5.3060171220322572E-003
   1.2756360546271358E-017  -1.0175647005444705E-018  -6.4417928797508733E-019   2.1983592452758115E-017   2.0853173269281796E-016  -3.0860574596728628E-017   3.3617949808521017E-017  -4.5158055312584584E-018  -4.9663369766699001E-018  -1.7725057776358377E-018   3.7037541322653486E-018  -3.8769988397625315E-018   8.7611512334078467E-005   1.2050769703358437E-017  -7.6106439706323296E-018  -3.3029495567172845E-018  -2.4045164333791949E-018  -3.6294187193297581E-018   5.6559864252329152E-005   1.3009126052104841E-017   7.8821812720582061E-017   2.4193339080904056E-016  -3.5169406846914095E-017   4.1418215332172666E-017   2.3277085274599921E-015   4.6956621468628979E-016  -1.2873873486444846E-015   1.1534902057297090E-016   9.6240626549860375E-016  -4.0448946628447982E-016  -4.1767153765968863E-016   1.8764365517049493E-015  -2.7332421527697459E-016  -1.2491654388532897E-015   2.5140086105273413E-016  -3.9490052429534755E-016  -6.0883754160747754E-016   1.0612034244058998E-002   1.8625427875448893E-015
   2.1859824468057277E-017  -7.1563119147123800E-018   2.0346755220699276E-017   6.0883108556918649E-016   3.6304771860850307E-016  -1.9723046067872887E-016   5.6290275477033048E-016   1.3715982672141486E-014  -4.3805756166978871E-005  -3.2193090727601940E-018  -3.0746976616045247E-018  -4.3805756167073996E-005  -8.3255493423952368E-018   8.7611512334040425E-005  -2.8279932126091026E-005   8.9114504757015413E-018   1.1024985546057922E-017  -2.8279932126222442E-005   1.3009126052104841E-017   5.6559864252312401E-005   1.6499396917421088E-014   4.3239929135371866E-016  -2.2312824641910802E-016   6.4990006972488827E-016   2.4491517675339621E-014   2.8991012165818108E-016  -3.7902549569546933E-016  -8.3923639840007288E-017   1.8402350879331310E-014   1.4232916865528660E-015   7.6912430403280188E-016  -4.4157787263853821E-015   1.6210553382591938E-016  -5.3060171220198401E-003   6.3572002229631454E-016   3.1273951955180264E-017  -5.3060171220375690E-003   5.7528499492360616E-016   1.0612034244057416E-002
   2.2471347171255670E-018  -1.3205889689356661E-015  -7.5687808847471336E-017   1.4268091640813522E-002   5.9000137132998297E-016   1.7707931977875699E-015   2.3075170785325182E-015  0.60701362494038502       -9.4821340285545467E-015  -1.9241554500979858E-016   1.3287069970970145E-016  -1.2570027934564360E-014   3.1526772040468570E-016  -1.2538635332762530E-014   1.1128675922963420E-014  -5.6309200979192460E-016   1.7982647601703949E-016   1.4018025212165372E-014   7.8821812720582061E-017   1.6499396917421088E-014  0.67968633489490993        2.2822938374621244E-015   3.3560750926611008E-016   2.6640772746558939E-015   1.5074708677370444E-002   2.0283720426697564E-015  -4.9114587838508543E-015  -9.9997560680812754E-015   3.8004292387728632E-003   3.6408843668355106E-015  -2.1333725098417868E-016  -7.1115949105741617E-016   5.2369004538605727E-004  -1.0275911302674312E-014  -1.7068505421865118E-015   9.9647052999749981E-016   3.0300703530931795E-014   1.8675274069878520E-015   6.9488684813455530E-014
   3.1693833275243194E-002  -6.7727493172331275E-016  -1.2282187375841800E-015  -1.1223863662812651E-015  0.59164993521015097        3.4012661423902975E-016   1.7180538675748425E-015  -3.3103446292592726E-015   1.5553532026049977E-015   6.4758533952618390E-017  -6.0763560052969286E-017   1.1409877073519113E-015   1.8682528205234235E-016   8.8575919311006742E-016   1.9000925028350773E-016   1.6763656013567658E-016   1.8003530245544795E-017   5.0258054954726333E-016   2.4193339080904056E-016   4.3239929135371866E-016   2.2822938374621244E-015  0.68630434776601468       -1.9078918499475436E-016   1.2858400596452851E-015   2.0227377802529437E-015   2.2122354004299846E-003   2.4012094376873123E-016   6.5600330072593249E-016   6.5659501397915420E-016   2.1478285903468399E-004   1.2969456203020904E-015  -6.1457211347908688E-015  -1.8421086387210515E-016   2.8074950028394365E-016   3.9348748597229380E-017  -3.2997689982046872E-016  -6.8227162217139254E-016  -1.4894328723494570E-017   1.2250234733587990E-015
  -6.1339896977248577E-016   3.1693833275236984E-002  -5.1033812145476272E-016  -9.2639259775331268E-016   5.8570111596159534E-016  0.59164993521015552       -1.4198372762338642E-015  -9.3848401637415003E-016   6.0717054841223871E-016   8.5675445723036823E-017  -3.1783493155285456E-017   6.4856408858986714E-016   8.4216890045324591E-017   5.8863649117988937E-016  -1.5571996838986020E-016   3.6529377460530984E-017   7.6275734700219428E-018  -1.8895301172047383E-016  -3.5169406846914095E-017  -2.2312824641910802E-016   3.3560750926611008E-016  -1.9078918499475436E-016  0.68630434776601057        9.8449878392822098E-016   1.7502760824691765E-015  -1.6691452045090980E-016   2.2122354004266358E-003  -7.9512662758702475E-016   5.7640603753746059E-016  -1.5810525579357202E-016   2.1478285903214693E-004   1.2165285719877253E-015   7.4684429368183910E-016  -1.8981012167039216E-016  -1.9415519779646471E-016   3.2651675153138533E-016  -1.5218843409892438E-015   7.5174987604819053E-017   2.3052032925198245E-016
   1.2361486600363748E-015  -1.7842006276721034E-015   3.1693833275238642E-002   1.0564661095415151E-015  -1.6891192220966356E-015   2.7815930172924142E-015  0.59164993521015297       -3.5088723887980759E-015   2.8334857741555320E-016   3.3441977741470832E-016  -3.7636980780235840E-017   7.5881539558531232E-016  -1.0918132322826839E-015   5.7606974288872231E-016   3.1329880535612493E-017   8.1871907119150541E-017  -9.2500315364257737E-019   2.7515589282309871E-016   4.1418215332172666E-017   6.4990006972488827E-016   2.6640772746558939E-015   1.2858400596452851E-015   9.8449878392822098E-016  0.68630434776601235        6.9619126598920638E-016   5.2955483422802152E-016   1.7266075669509158E-015   2.2122354004275452E-003  -9.3484111569722050E-017   1.7212598872802000E-016   1.8443348108717407E-015   2.1478285903630718E-004   1.4875427569940619E-016   2.8671332602208956E-015   1.7600796303684099E-016  -1.0085683628337177E-016   5.7341768305743286E-016  -2.3545392224684220E-016  -2.5538082982776428E-015
   2.7009220681225648E-016  -1.5324311661841025E-016  -4.7806051974140521E-016   9.7144797708098880E-003   4.1229083152728041E-016   1.6630172868329306E-015   1.9308938989290785E-015  -2.5131968415076748E-002   2.1379743863106482E-014   3.1112524150041113E-016  -4.7633166587427244E-016   2.6301290852546606E-014  -1.6310101432628502E-015   2.5474710916165396E-014   2.9662261261987099E-014  -7.6430874802331535E-016   6.2378226289068054E-016   2.5013271802726587E-014   2.3277085274599921E-015   2.4491517675339621E-014   1.5074708677370444E-002   2.0227377802529437E-015   1.7502760824691765E-015   6.9619126598920638E-016   2.0249854245067449        7.7012606442621499E-016  -3.3705600053597124E-015  -7.5733425054964377E-015   2.2249590796457270E-003   2.6682669105309815E-015   6.2790946894898346E-017  -8.2264290557379702E-017   2.9597513961285689E-004   3.9868577558940101E-014  -3.4688359762525708E-015   2.9950389976209659E-015   8.6590078999137445E-014   4.9968268629741938E-017   1.1072634159458155E-013
   5.9115992928324135E-004  -1.6448704778252208E-016  -1.0742637231571329E-015  -5.5888760955014372E-016   1.3554145704564779E-003  -6.6672471596669614E-017   1.2237618619739647E-015  -3.3555903457922847E-015   1.0393653637771065E-015  -5.6512323716159660E-017  -4.1828116178387814E-016   6.0876728449178112E-016  -1.1000320599126471E-016   9.5159514111731597E-016  -3.5054244376477051E-016   4.8593101002635003E-016   4.1678416515635620E-016   7.6135043444555987E-017   4.6956621468628979E-016   2.8991012165818108E-016   2.0283720426697564E-015   2.2122354004299846E-003  -1.6691452045090980E-016   5.2955483422802152E-016   7.7012606442621499E-016   2.0001244192117298        5.2971490299939582E-017   5.1287294384832170E-016  -2.1568620736052563E-017  -2.8089681621088834E-005   3.7982953444865415E-016  -2.1898382490034829E-015  -6.0281309881244964E-016   5.8050591068025802E-016   1.3640809834908467E-016  -1.8835702827611354E-016   3.2637333701144321E-016  -1.0313699940857279E-016   1.0734478642479496E-015
   8.5298966367139134E-016   5.9115992927950237E-004  -2.3641782483761113E-015  -2.3229860963634031E-015  -5.1527996579358063E-016   1.3554145704616405E-003   1.6588122884276220E-016   8.3299008962131235E-015  -1.0632268401770520E-015   3.7040000291379764E-016   9.6029990823274002E-016  -8.6270182302360323E-016   1.3256505953949196E-015  -9.6426570948030294E-016  -7.3284988340467363E-018  -5.4091060289092528E-016  -1.1476396324017743E-015   4.8462259305688280E-017  -1.2873873486444846E-015  -3.7902549569546933E-016  -4.9114587838508543E-015   2.4012094376873123E-016   2.2122354004266358E-003   1.7266075669509158E-015  -3.3705600053597124E-015   5.2971490299939582E-017   2.0001244192117267       -5.5545300688420377E-016  -6.8630369062228844E-016   1.6793894288369047E-016  -2.8089681621468329E-005  -8.9728393356909244E-016  -3.3891645120878373E-016  -1.8134772723780859E-016  -1.8289361059194386E-018   8.9766007963435869E-017  -1.1516876384442369E-015   2.9048382847173907E-016   2.1182278021725962E-016
   4.2916644808313237E-016  -2.7820557352604228E-015   5.9115992928172911E-004   3.8328051478828623E-015  -8.2153810257489315E-016   3.7129222070309524E-015   1.3554145704584625E-003   2.2314608194154088E-014  -5.5720686278174768E-015  -4.7441471310223287E-016  -3.0945827629993674E-016  -5.1379996313403460E-015  -7.2573200020164675E-016  -7.2360955857271540E-015  -3.5740734052714994E-015   5.9216624069817178E-016   1.7801176801493890E-016  -3.2343471974590821E-015   1.1534902057297090E-016  -8.3923639840007288E-017  -9.9997560680812754E-015   6.5600330072593249E-016  -7.9512662758702475E-016   2.2122354004275452E-003  -7.5733425054964377E-015   5.1287294384832170E-016  -5.5545300688420377E-016   2.0001244192117271       -1.7277331834945883E-015   1.2663317261997161E-016   5.1016328124772876E-016  -2.8089681620640767E-005  -2.9612416645817946E-016   3.1970076517561110E-016   2.7225414600558706E-016  -2.5636309040775315E-016  -1.9395775660497888E-015   2.1082687297826984E-016  -1.7913036334357901E-015
   9.0745759000955291E-016  -3.4761992342565459E-016  -8.7317301503067298E-016   1.7134269429963781E-003  -6.6992643340597408E-016   3.1287529296873496E-016   1.3275763489337013E-015  -3.1900743120114230E-003   8.8968836455302507E-016   1.1556758934101613E-015  -2.4675539434872414E-015   1.0628601865949453E-015  -1.0763999205323929E-015   3.4554487449825319E-015   2.0364017181021323E-014  -1.6508351699613593E-015   2.1962578074957014E-015   2.0561278092770762E-014   9.6240626549860375E-016   1.8402350879331310E-014   3.8004292387728632E-003   6.5659501397915420E-016   5.7640603753746059E-016  -9.3484111569722050E-017   2.2249590796457270E-003  -2.1568620736052563E-017  -6.8630369062228844E-016  -1.7277331834945883E-015   2.0011027753110961        4.7417479370401098E-016   2.3183134114733490E-016   1.4205119947986558E-015   7.0194298532729610E-005   9.1764969877009371E-014  -1.4308620341394190E-015   1.2172015643089220E-015   1.0458649659227731E-013  -2.0405270259140183E-016   1.1106196712709965E-013
  -1.5428594158351837E-004  -3.7763477257229083E-016  -9.7374560531369340E-016  -5.9730682234119285E-016   7.4169368455836440E-004   1.0084639717791735E-015   7.1534087035685242E-016  -8.4188182672408076E-015   3.6641627178219553E-015  -3.8505166105446506E-017   1.0413823565424258E-015   1.7368533980806020E-015   8.0589273486252764E-016   3.3066518767202363E-016  -7.0083345483675437E-016   1.5300478471182859E-015  -8.4892262282743429E-016   1.0222058100323227E-015  -4.0448946628447982E-016   1.4232916865528660E-015   3.6408843668355106E-015   2.1478285903468399E-004  -1.5810525579357202E-016   1.7212598872802000E-016   2.6682669105309815E-015  -2.8089681621088834E-005   1.6793894288369047E-016   1.2663317261997161E-016   4.7417479370401098E-016   1.9999896734568268        2.6701112905578984E-017  -1.2303612561390618E-016   6.5074661427986324E-017   1.1360614918454077E-015  -1.9187753982123016E-015  -4.7663640862565047E-017  -1.0030347832797047E-016   4.1031484289378592E-016   7.2073160516196329E-016
   7.3250243923587267E-016  -1.5428594158331440E-004   1.2248857142012910E-015   9.4877160557614016E-016  -1.7863478302066164E-015   7.4169368456016461E-004  -1.7491293170482166E-015  -5.2355935546423273E-017  -3.6238950872111566E-016   6.2337153930926100E-016  -2.3343049239780370E-015   1.5067311306572684E-016  -4.6342281032443160E-016   8.3193626135708688E-017  -3.9950529053838477E-016  -2.3603260171171820E-016   2.4294542336225452E-015  -3.2595868344936103E-016  -4.1767153765968863E-016   7.6912430403280188E-016  -2.1333725098417868E-016   1.2969456203020904E-015   2.1478285903214693E-004   1.8443348108717407E-015   6.2790946894898346E-017   3.7982953444865415E-016  -2.8089681621468329E-005   5.1016328124772876E-016   2.3183134114733490E-016   2.6701112905578984E-017   1.9999896734568234       -2.8367986385965466E-016   4.4245940160312179E-017   1.8796524578917511E-015   3.2374110393356661E-016  -5.5688360647957285E-016   2.6295266161408113E-016  -4.1378644119254411E-017  -2.0902435612074052E-015
  -5.1123453463589261E-015   2.1939016459090708E-016  -1.5428594158184081E-004   2.9675098318399320E-016   9.3183183494178394E-015  -8.4407913813640994E-016   7.4169368455429647E-004   2.9894096673996568E-015  -5.2524370420073259E-016  -1.4012306129996724E-015   5.7291698396264081E-016  -1.1295343385785930E-015   1.3893892203273554E-015  -2.4215937080541953E-016   1.1711002431206176E-015   6.7173315783890361E-016   4.5103335092882035E-016   2.0781955328670674E-015   1.8764365517049493E-015  -4.4157787263853821E-015  -7.1115949105741617E-016  -6.1457211347908688E-015   1.2165285719877253E-015   2.1478285903630718E-004  -8.2264290557379702E-017  -2.1898382490034829E-015  -8.9728393356909244E-016  -2.8089681620640767E-005   1.4205119947986558E-015  -1.2303612561390618E-016  -2.8367986385965466E-016   1.9999896734568259        9.2516794846518924E-016  -6.2333271989462628E-015  -5.5229872056692165E-016   2.7327396600937413E-016  -2.7908447333682197E-015   4.9732951826920291E-016   7.2104069209372481E-015
  -1.0421661077117883E-015   2.4675655966214204E-016   8.3807270345878582E-016   2.0117580747332789E-004   1.4474785584455911E-015  -6.8382210485698995E-017  -5.7572010272688773E-016  -2.8243436798921833E-004   9.2607786881282322E-017   5.4349216741242065E-016   9.6780749356208298E-016   3.4377728359415210E-015   6.6308000548807585E-016   3.8163395532267141E-015   2.9101370828728158E-015  -5.7338178181645048E-016  -9.6339297872615541E-016   1.1955467035437741E-015  -2.7332421527697459E-016   1.6210553382591938E-016   5.2369004538605727E-004  -1.8421086387210515E-016   7.4684429368183910E-016   1.4875427569940619E-016   2.9597513961285689E-004  -6.0281309881244964E-016  -3.3891645120878373E-016  -2.9612416645817946E-016   7.0194298532729610E-005   6.5074661427986324E-017   4.4245940160312179E-017   9.2516794846518924E-016   2.0000186379955416       -1.5622131823709278E-015  -4.7724079697798081E-017   2.3169311785679223E-016   1.9975649024203581E-015   2.1023538847198980E-016   3.9896195160684084E-015
   2.1229173571147185E-016   2.9923608097820406E-016   2.1308354078082961E-015  -2.1330313040557219E-014   2.7471448726014232E-016  -1.5349329500345927E-015   1.2885739519282573E-015   8.0176056263183065E-014   1.6438094068191803E-002   2.4263309596076194E-015   3.8723360557327944E-016  -8.2190470340985367E-003   1.6930170559616707E-015  -8.2190470340931261E-003   1.0612034244046702E-002  -2.0682376167605339E-015  -2.5830030439712179E-015  -5.3060171220240086E-003  -1.2491654388532897E-015  -5.3060171220198401E-003  -1.0275911302674312E-014   2.8074950028394365E-016  -1.8981012167039216E-016   2.8671332602208956E-015   3.9868577558940101E-014   5.8050591068025802E-016  -1.8134772723780859E-016   3.1970076517561110E-016   9.1764969877009371E-014   1.1360614918454077E-015   1.8796524578917511E-015  -6.2333271989462628E-015  -1.5622131823709278E-015   1.9910809950793655        1.8763473847577616E-016   1.2847253642867058E-015 -0.99554049753967810        2.8609384826464024E-016 -0.99554049753967833     
   7.8538837999514129E-018   8.9422069672621125E-017  -3.0940316253930912E-016  -1.5206952869449856E-015  -2.7336981953935954E-016   9.6598929991961226E-017   5.9064191137777281E-016   1.5453078979070045E-015   2.1046359989325609E-015   1.6438094068174747E-002   3.0162546790194096E-016   5.6264364691691833E-016  -1.8868929449510418E-015  -1.5093581445565149E-015   7.0266496936163419E-016   1.0612034244054755E-002  -1.4852182746600282E-015  -6.3645473321536703E-016   2.5140086105273413E-016   6.3572002229631454E-016  -1.7068505421865118E-015   3.9348748597229380E-017  -1.9415519779646471E-016   1.7600796303684099E-016  -3.4688359762525708E-015   1.3640809834908467E-016  -1.8289361059194386E-018   2.7225414600558706E-016  -1.4308620341394190E-015  -1.9187753982123016E-015   3.2374110393356661E-016  -5.5229872056692165E-016  -4.7724079697798081E-017   1.8763473847577616E-016   1.9910809950793615       -2.3581397251559721E-015   3.3562020350375080E-015  -1.2538798124794834E-016   3.2804379025209575E-016
  -2.6037695569930839E-016   4.5595867735585429E-017   5.3416655809803091E-016   6.7561409811160041E-016   3.9017069167449992E-016  -2.4268044289904761E-016  -4.4793518897078789E-016   1.0670223807977446E-015  -1.0854549342144947E-015  -5.1147491596887858E-016   1.6438094068172777E-002  -3.4889202394110103E-016   3.4541762184640400E-015   2.6512770163364534E-016  -1.0287596309229710E-015  -3.5223314540154374E-016   1.0612034244057121E-002  -7.2914777209488988E-016  -3.9490052429534755E-016   3.1273951955180264E-017   9.9647052999749981E-016  -3.2997689982046872E-016   3.2651675153138533E-016  -1.0085683628337177E-016   2.9950389976209659E-015  -1.8835702827611354E-016   8.9766007963435869E-017  -2.5636309040775315E-016   1.2172015643089220E-015  -4.7663640862565047E-017  -5.5688360647957285E-016   2.7327396600937413E-016   2.3169311785679223E-016   1.2847253642867058E-015  -2.3581397251559721E-015   1.9910809950793622       -3.3807863192986030E-015   1.2224921595860307E-015  -2.4323808924333828E-015
  -5.9426528207640068E-016  -9.9859961254394721E-016  -9.3964545519733166E-017  -2.9540215032682164E-015   1.2614164432558028E-015   1.0348425756043095E-015   9.5466764775571717E-016   2.8391441741121794E-014  -8.2190470341002124E-003  -8.0831750645503860E-016   2.2079459605312595E-016   1.6438094068180305E-002   7.7187232571264544E-016  -8.2190470340779039E-003  -5.3060171220212929E-003   1.0508365917810538E-015   5.3454428180383698E-016   1.0612034244056209E-002  -6.0883754160747754E-016  -5.3060171220375690E-003   3.0300703530931795E-014  -6.8227162217139254E-016  -1.5218843409892438E-015   5.7341768305743286E-016   8.6590078999137445E-014   3.2637333701144321E-016  -1.1516876384442369E-015  -1.9395775660497888E-015   1.0458649659227731E-013  -1.0030347832797047E-016   2.6295266161408113E-016  -2.7908447333682197E-015   1.9975649024203581E-015 -0.99554049753967810        3.3562020350375080E-015  -3.3807863192986030E-015   1.9910809950793402        1.1299555041644280E-015 -0.99554049753967255     
   2.6867245080100866E-016   1.6996944194173335E-016  -4.6697948912700672E-016   1.6863571406578589E-015   2.6223071130094584E-017  -8.1735827932463727E-017  -6.8664727128980170E-016  -3.4980771950600027E-015   1.0055168350920749E-015  -7.2302224157858744E-016   1.3167114459573890E-015   2.2499990287799427E-016   1.6438094068175760E-002  -6.2872267898314932E-016  -1.7725572613569837E-016  -8.7178452052249237E-016  -4.9730363124483862E-017  -6.6109333346408210E-017   1.0612034244058998E-002   5.7528499492360616E-016   1.8675274069878520E-015  -1.4894328723494570E-017   7.5174987604819053E-017  -2.3545392224684220E-016   4.9968268629741938E-017  -1.0313699940857279E-016   2.9048382847173907E-016   2.1082687297826984E-016  -2.0405270259140183E-016   4.1031484289378592E-016  -4.1378644119254411E-017   4.9732951826920291E-016   2.1023538847198980E-016   2.8609384826464024E-016  -1.2538798124794834E-016   1.2224921595860307E-015   1.1299555041644280E-015   1.9910809950793562       -5.6423257484681971E-016
   4.2034251982705633E-016   6.3068497832043005E-016  -1.9966064456902649E-015   2.7504406982711424E-014  -8.2626288180131419E-016  -7.7647904402471058E-016  -1.4783606874315366E-015  -3.4112747162354867E-014  -8.2190470340915180E-003  -1.5860470319107132E-015  -6.4541489919432687E-016  -8.2190470340818573E-003  -2.4578572248106850E-015   1.6438094068171042E-002  -5.3060171220253600E-003   1.0380377254246997E-015   2.0243228081439519E-015  -5.3060171220322572E-003   1.8625427875448893E-015   1.0612034244057416E-002   6.9488684813455530E-014   1.2250234733587990E-015   2.3052032925198245E-016  -2.5538082982776428E-015   1.1072634159458155E-013   1.0734478642479496E-015   2.1182278021725962E-016  -1.7913036334357901E-015   1.1106196712709965E-013   7.2073160516196329E-016  -2.0902435612074052E-015   7.2104069209372481E-015   3.9896195160684084E-015 -0.99554049753967833        3.2804379025209575E-016  -2.4323808924333828E-015 -0.99554049753967255       -5.6423257484681971E-016   1.9910809950793522     
