   8.6486432230614373E-011   1.0233927239631168E-020   1.6006319735828436E-020   1.0786685376070582E-017   1.5676084713699188E-009   9.0037415309893249E-020   3.0344826259450548E-019  -1.0935270694792952E-016   1.3908569165789124E-022   1.4598158466326778E-021   1.0183579758733130E-021   1.7849828344130851E-021  -3.7028103010724962E-021   6.2247117078408306E-021  -7.2937933922625012E-017  -9.8267932239858165E-011   3.0604894617087058E-021  -2.2116413151420128E-020   2.5222582523553367E-015  -1.3152036043997860E-005  -7.1052662688118777E-016  -2.5037857078225329E-015   2.2379705453725968E-021  -1.5431373545113047E-021   7.4472275665950392E-022   3.6637339312142682E-022   5.0383998280268601E-021  -2.9462565233763358E-021  -2.7867152441036561E-015
   1.0233927239631168E-020   8.6486432185475360E-011  -8.0730786030970228E-021   1.4636276994503304E-017   9.9776512193213367E-020   1.5676084709609545E-009  -1.2843356622839208E-020   5.1844329150257206E-016  -8.6115747251908145E-021   7.0067977791333120E-021  -7.3027891376449387E-021   3.2196784962998701E-021   3.3799140611424440E-021   1.5980222659568480E-020   5.9646596918926195E-016  -6.2032516159385052E-021  -9.8267932202780285E-011   8.6271251616947776E-022   7.5009060037816307E-016  -8.4575134902832949E-016  -1.3152036040565716E-005   1.5758331953281523E-016   7.6281506906911567E-021  -1.7106208126769295E-021   6.6597058266481095E-021  -5.9288121880757287E-022  -8.3847397340037005E-022  -7.0800632765869109E-021   1.9508812953581743E-016
   1.6006319735828436E-020  -8.0730786030970228E-021   8.6486432233106229E-011   2.2598817619981066E-018  -4.2190009368111125E-020  -1.3346069576746873E-019   1.5676084713657607E-009   5.4476583611325514E-016   5.4360148946556479E-022   3.4211839847856307E-021  -2.0331016821358848E-020   1.9239478502692371E-021   8.4138480890437974E-022   2.5448800915647444E-020   5.7665859909169721E-016   3.0973932513890291E-020   1.6210447615473725E-020  -9.8267932205391255E-011  -1.7615252341024030E-015   6.9700207491317134E-017   1.0700688558032821E-015  -1.3152036044187329E-005   1.4473104118811860E-020  -5.6231609459679637E-021   2.1597351052474651E-020   1.1048975153216089E-020  -5.1516722823788365E-021  -2.4099448302252037E-020   8.1137171270067576E-016
   1.0786685376070582E-017   1.4636276994503304E-017   2.2598817619981066E-018   2.6117944950012788E-004  -6.7782535249251303E-018  -1.3661750844450023E-017   3.3155755993208444E-017   1.0128000650183351E-002  -2.6323631722445353E-018   3.3767461450868071E-018  -1.4610991227774283E-017   1.0914006902707686E-017   7.6648436199957529E-018  -1.1878274965510025E-017   1.1556861547999743E-002   1.6943139522069313E-017  -9.6491201102695069E-019  -1.6370760205282873E-017   9.8456386345428127E-003  -3.3199103822757926E-015   1.3511614551074998E-015  -9.4328723815754051E-015   7.1963743658117284E-018  -4.7901228613250275E-018   1.1760826034200013E-017  -1.1274141165804522E-018  -1.0153451908456754E-017   1.9912277270237817E-017   2.2370039539169953E-005
   1.5676084713699188E-009   9.9776512193213367E-020  -4.2190009368111125E-020  -6.7782535249251303E-018   2.8413662769185978E-008   7.8284687565323150E-020  -5.2317478159897126E-019   1.2516729764811604E-015   2.5209955995055860E-021   2.6459869209618117E-020   1.8458231717739957E-020   3.2353678468802334E-020  -6.7115230184787529E-020   1.1282591461697154E-019   1.2787475809855689E-015  -1.7811538650646050E-009   1.5286810175367876E-019  -2.3289587871645951E-020  -6.4166949412393837E-015  -2.3838702310390242E-004   1.5659803538028793E-016   5.1525741087121894E-015   4.0564300139936807E-020  -2.7970111870836045E-020   1.3498460461012322E-020   6.6406952410247603E-021   9.1323437234709280E-020  -5.3402326416098688E-020   6.2126898823633259E-015
   9.0037415309893249E-020   1.5676084709609545E-009  -1.3346069576746873E-019  -1.3661750844450023E-017   7.8284687565323150E-020   2.8413662769190289E-008   4.4239382694455810E-022  -4.9913576933945090E-016  -1.5608896270580579E-019   1.2700160331306859E-019  -1.3236659003184216E-019   5.8358232093077890E-020   6.1262579332596266E-020   2.8964927533576800E-019  -5.7164517910389415E-016  -3.9758993782404632E-021  -1.7811538648574958E-009   1.0164241623807589E-021  -6.0717705703889105E-016  -8.1338609498370283E-016  -2.3838702310392075E-004   8.9946653978321731E-016   1.3826392577852708E-019  -3.1005830720812845E-020   1.2071039356079740E-019  -1.0746259226536234E-020  -1.5197746858089554E-020  -1.2832957595249279E-019  -5.9316932001911492E-017
   3.0344826259450548E-019  -1.2843356622839208E-020   1.5676084713657607E-009   3.3155755993208444E-017  -5.2317478159897126E-019   4.4239382694455810E-022   2.8413662768216581E-008   6.1314355193277399E-016   9.8530402534640044E-021   6.2010616691702575E-020  -3.6850952668969402E-019   3.4872486584359343E-020   1.5250507228349152E-020   4.6127184189938049E-019   7.6544421729924693E-016   5.4627625113982020E-019   1.4215327918499457E-019  -1.7811538643838321E-009   3.7228346492887896E-015  -7.6313632237095397E-016  -9.0363171810248299E-016  -2.3838702309983585E-004   2.6233202166278526E-019  -1.0192251557527953E-019   3.9146244793164565E-019   2.0026802581530593E-019  -9.3376555239236757E-020  -4.3681417235107539E-019  -1.7655836563723605E-015
  -1.0935270694792952E-016   5.1844329150257206E-016   5.4476583611325514E-016   1.0128000650183351E-002   1.2516729764811604E-015  -4.9913576933945090E-016   6.1314355193277399E-016  0.49487577281326217       -3.2446070287817348E-016   3.6194539291440049E-017   1.1588294085391512E-016   1.0180886968040054E-016  -2.1506246494296830E-016  -1.0241323031651912E-016  0.55465125310718577       -4.2100451557558108E-016  -6.4426510877795882E-017  -7.9809373713043135E-017  -2.7726630172711750E-002   5.0097422772753435E-015   1.2491732183220713E-015   2.0919850602992411E-014   1.5250592645302204E-015  -4.6600620669122304E-017  -1.2137080058939798E-016   9.1114410842338762E-016   6.8799908450285730E-017   1.3150548488861689E-015   2.1886870155114166E-004
   1.3908569165789124E-022  -8.6115747251908145E-021   5.4360148946556479E-022  -2.6323631722445353E-018   2.5209955995055860E-021  -1.5608896270580579E-019   9.8530402534640044E-021  -3.2446070287817348E-016   6.5860544621155399E-030  -3.3088276600698274E-031   5.2675015084658228E-031   8.4925488686694833E-030  -2.7778655095062651E-030   1.0407401013704276E-029  -3.4836897721872274E-016  -1.5803246649824319E-022   9.7846751207491106E-021  -6.1765288223907758E-022   7.8745615308957037E-016  -2.1150832946611121E-017   1.3095665793272475E-015  -8.2665756760742996E-017  -1.0258050938723051E-030   5.2057794323980976E-031  -9.1863660147207417E-031  -2.7450617266025343E-030   3.1635057961521130E-030  -8.7499039555091162E-030   3.2304877536305211E-015
   1.4598158466326778E-021   7.0067977791333120E-021   3.4211839847856307E-021   3.3767461450868071E-018   2.6459869209618117E-020   1.2700160331306859E-019   6.2010616691702575E-020   3.6194539291440049E-017  -3.3088276600698274E-031   8.6477986634370512E-031  -2.1593377812365723E-030   1.0750375389221452E-030   7.0508951896824014E-031   2.3293214441230486E-030   5.0616654072950942E-017  -1.6586773285004083E-021  -7.9612895531558508E-021  -3.8872302551349818E-021   5.0704145963086741E-016  -2.2199494322363809E-016  -1.0655273270906172E-015  -5.2026120088627968E-016   2.4479003423909412E-031  -5.5705401317001418E-031   2.0440680473695472E-030  -5.3157767249010376E-031  -6.1581032612151782E-031  -2.0819491851170090E-030   1.0659227593098145E-016
   1.0183579758733130E-021  -7.3027891376449387E-021  -2.0331016821358848E-020  -1.4610991227774283E-017   1.8458231717739957E-020  -1.3236659003184216E-019  -3.6850952668969402E-019   1.1588294085391512E-016   5.2675015084658228E-031  -2.1593377812365723E-030   1.1092366440654943E-029  -1.4708242534565259E-030  -5.2224248829685118E-030  -1.1717831316339245E-030   6.5131893270175973E-017  -1.1570824742915621E-021   8.2976019415936320E-021   2.3100582737621362E-020  -3.2884774648668527E-015  -1.5486222039250904E-016   1.1105388845145201E-015   3.0917481412518198E-015   4.4913322006017696E-030   2.8018267537454895E-030  -1.0518368622599937E-029   3.7050666243324488E-030   5.9721064051294619E-030   6.8224967900748954E-030   7.7754837763980664E-016
   1.7849828344130851E-021   3.2196784962998701E-021   1.9239478502692371E-021   1.0914006902707686E-017   3.2353678468802334E-020   5.8358232093077890E-020   3.4872486584359343E-020   1.0180886968040054E-016   8.4925488686694833E-030   1.0750375389221452E-030  -1.4708242534565259E-030   1.4588825012643338E-029  -3.4759092267094705E-030   1.9326114644550100E-029   1.4777666907090999E-016  -2.0281397767880057E-021  -3.6582749459650125E-021  -2.1860351034918993E-021   1.6923234095627545E-015  -2.7144325449799523E-016  -4.8961815783759637E-016  -2.9257573488346295E-016   8.4873841117592992E-031   1.5318474163040085E-031   6.4188909384013138E-031  -4.0902326137455978E-030   4.3894741104854100E-030  -1.4198282916589249E-029   5.0866240050062327E-015
  -3.7028103010724962E-021   3.3799140611424440E-021   8.4138480890437974E-022   7.6648436199957529E-018  -6.7115230184787529E-020   6.1262579332596266E-020   1.5250507228349152E-020  -2.1506246494296830E-016  -2.7778655095062651E-030   7.0508951896824014E-031  -5.2224248829685118E-030  -3.4759092267094705E-030   5.4144013710956576E-030  -9.8721301382444150E-030  -1.9503644212122088E-016   4.2072207629302501E-021  -3.8403383907558902E-021  -9.5600135111380750E-022   2.3463931819305143E-015   5.6308825986592664E-016  -5.1398526242728395E-016  -1.2794981932293902E-016  -7.3132879093018496E-030  -1.3228883845881238E-030   4.7015981148351994E-030  -4.2159514250259887E-030  -5.5913907489931954E-030   2.7576186907434570E-030  -2.1506448849545956E-015
   6.2247117078408306E-021   1.5980222659568480E-020   2.5448800915647444E-020  -1.1878274965510025E-017   1.1282591461697154E-019   2.8964927533576800E-019   4.6127184189938049E-019  -1.0241323031651912E-016   1.0407401013704276E-029   2.3293214441230486E-030  -1.1717831316339245E-030   1.9326114644550100E-029  -9.8721301382444150E-030   4.2598299262258524E-029  -1.5207548507068112E-016  -7.0726648629781643E-021  -1.8157107386314097E-020  -2.8915530188951115E-020  -1.8960203432072398E-015  -9.4659509857387944E-016  -2.4301206448674710E-015  -3.8700121884789527E-015   1.5679589141857734E-029   1.6368013022346226E-031   1.4116068993854689E-030   4.6367710284991133E-030   1.0378134379955512E-029  -2.6572852296426003E-029   7.7313931913290372E-015
  -7.2937933922625012E-017   5.9646596918926195E-016   5.7665859909169721E-016   1.1556861547999743E-002   1.2787475809855689E-015  -5.7164517910389415E-016   7.6544421729924693E-016  0.55465125310718577       -3.4836897721872274E-016   5.0616654072950942E-017   6.5131893270175973E-017   1.4777666907090999E-016  -1.9503644212122088E-016  -1.5207548507068112E-016  0.62243048917626731       -3.7437331876473439E-016  -7.0918039051591924E-017  -1.4561685318696563E-016   8.6258087806549508E-003  -2.3360090631071165E-015  -1.2749592260198097E-015  -1.1399921317690213E-014   1.6177090462676149E-015  -6.6856111854336332E-017  -8.1721213773126582E-017   9.4580590421142291E-016   3.3031688497570995E-017   1.4472022976269134E-015   3.1473526995436834E-004
  -9.8267932239858165E-011  -6.2032516159385052E-021   3.0973932513890291E-020   1.6943139522069313E-017  -1.7811538650646050E-009  -3.9758993782404632E-021   5.4627625113982020E-019  -4.2100451557558108E-016  -1.5803246649824319E-022  -1.6586773285004083E-021  -1.1570824742915621E-021  -2.0281397767880057E-021   4.2072207629302501E-021  -7.0726648629781643E-021  -3.7437331876473439E-016   1.1165435152820569E-010  -9.6411627712171833E-021  -3.0728350043916394E-020   4.9740301648770214E-015   1.4943654784388982E-005  -1.7631719278111726E-017  -4.6310310054091361E-015  -2.5428351444061128E-021   1.7533491948650923E-021  -8.4617160323899690E-022  -4.1628213224345345E-022  -5.7247492124053297E-021   3.3476064265677425E-021  -5.0637162692059847E-015
   3.0604894617087058E-021  -9.8267932202780285E-011   1.6210447615473725E-020  -9.6491201102695069E-019   1.5286810175367876E-019  -1.7811538648574958E-009   1.4215327918499457E-019  -6.4426510877795882E-017   9.7846751207491106E-021  -7.9612895531558508E-021   8.2976019415936320E-021  -3.6582749459650125E-021  -3.8403383907558902E-021  -1.8157107386314097E-020  -7.0918039051591924E-017  -9.6411627712171833E-021   1.1165435150222281E-010  -8.9765500374568904E-021   7.0063982721247648E-017  -1.2727280378545425E-015   1.4943654782650240E-005  -1.2492650673887032E-015  -8.6672854442800282E-021   1.9436478728895143E-021  -7.5669154556301125E-021   6.7364568000115252E-022   9.5269398288370395E-022   8.0445355449111380E-021  -3.6915924375060253E-017
  -2.2116413151420128E-020   8.6271251616947776E-022  -9.8267932205391255E-011  -1.6370760205282873E-017  -2.3289587871645951E-020   1.0164241623807589E-021  -1.7811538643838321E-009  -7.9809373713043135E-017  -6.1765288223907758E-022  -3.8872302551349818E-021   2.3100582737621362E-020  -2.1860351034918993E-021  -9.5600135111380750E-022  -2.8915530188951115E-020  -1.4561685318696563E-016  -3.0728350043916394E-020  -8.9765500374568904E-021   1.1165435144666445E-010  -2.8301347930345144E-015   5.1838941639406950E-016   4.7885196182946277E-017   1.4943654778932301E-005  -1.6444683593288246E-020   6.3891686193447100E-021  -2.4539421675329571E-020  -1.2554107186850105E-020   5.8534520409130953E-021   2.7382363809434366E-020   1.1430559559559436E-015
   2.5222582523553367E-015   7.5009060037816307E-016  -1.7615252341024030E-015   9.8456386345428127E-003  -6.4166949412393837E-015  -6.0717705703889105E-016   3.7228346492887896E-015  -2.7726630172711750E-002   7.8745615308957037E-016   5.0704145963086741E-016  -3.2884774648668527E-015   1.6923234095627545E-015   2.3463931819305143E-015  -1.8960203432072398E-015   8.6258087806549508E-003   4.9740301648770214E-015   7.0063982721247648E-017  -2.8301347930345144E-015   2.0132008166762305       -3.2215711193978690E-016  -6.2947654477537990E-016  -5.3371691230654473E-015  -4.7271047530412495E-015  -7.3913801554450974E-016   2.7601310800500832E-015  -3.8704255385318747E-015  -2.2411943630893541E-015  -1.4186311065330641E-015   3.4854418223728278E-004
  -1.3152036043997860E-005  -8.4575134902832949E-016   6.9700207491317134E-017  -3.3199103822757926E-015  -2.3838702310390242E-004  -8.1338609498370283E-016  -7.6313632237095397E-016   5.0097422772753435E-015  -2.1150832946611121E-017  -2.2199494322363809E-016  -1.5486222039250904E-016  -2.7144325449799523E-016   5.6308825986592664E-016  -9.4659509857387944E-016  -2.3360090631071165E-015   1.4943654784388982E-005  -1.2727280378545425E-015   5.1838941639406950E-016  -3.2215711193978690E-016   2.0000368571266951       -8.8342517394749611E-017  -5.6877584781768435E-016  -3.4032932779772574E-016   2.3466568742965635E-016  -1.1325036961286126E-016  -5.5714589867913546E-017  -7.6619204341243780E-016   4.4803873844120997E-016  -1.0231744768885048E-015
  -7.1052662688118777E-016  -1.3152036040565716E-005   1.0700688558032821E-015   1.3511614551074998E-015   1.5659803538028793E-016  -2.3838702310392075E-004  -9.0363171810248299E-016   1.2491732183220713E-015   1.3095665793272475E-015  -1.0655273270906172E-015   1.1105388845145201E-015  -4.8961815783759637E-016  -5.1398526242728395E-016  -2.4301206448674710E-015  -1.2749592260198097E-015  -1.7631719278111726E-017   1.4943654782650240E-005   4.7885196182946277E-017  -6.2947654477537990E-016  -8.8342517394749611E-017   2.0000368571266991        3.8052292883600038E-015  -1.1600167826646787E-015   2.6013498310913185E-016  -1.0127448760452067E-015   9.0159750512420085E-017   1.2750716657368611E-016   1.0766688489329296E-015  -9.2249702020494682E-017
  -2.5037857078225329E-015   1.5758331953281523E-016  -1.3152036044187329E-005  -9.4328723815754051E-015   5.1525741087121894E-015   8.9946653978321731E-016  -2.3838702309983585E-004   2.0919850602992411E-014  -8.2665756760742996E-017  -5.2026120088627968E-016   3.0917481412518198E-015  -2.9257573488346295E-016  -1.2794981932293902E-016  -3.8700121884789527E-015  -1.1399921317690213E-014  -4.6310310054091361E-015  -1.2492650673887032E-015   1.4943654778932301E-005  -5.3371691230654473E-015  -5.6877584781768435E-016   3.8052292883600038E-015   2.0000368571266951       -2.2009323549682996E-015   8.5511696512211422E-016  -3.2843202362730433E-015  -1.6802233097143481E-015   7.8341744290204561E-016   3.6648154461711708E-015  -4.3800410060519103E-016
   2.2379705453725968E-021   7.6281506906911567E-021   1.4473104118811860E-020   7.1963743658117284E-018   4.0564300139936807E-020   1.3826392577852708E-019   2.6233202166278526E-019   1.5250592645302204E-015  -1.0258050938723051E-030   2.4479003423909412E-031   4.4913322006017696E-030   8.4873841117592992E-031  -7.3132879093018496E-030   1.5679589141857734E-029   1.6177090462676149E-015  -2.5428351444061128E-021  -8.6672854442800282E-021  -1.6444683593288246E-020  -4.7271047530412495E-015  -3.4032932779772574E-016  -1.1600167826646787E-015  -2.2009323549682996E-015   1.9679492104626319E-029   7.3271275930358472E-031  -3.2116720497507999E-030   1.3049258955917433E-029   6.4216345720914066E-030  -1.2428171545889825E-030   1.4944068444676486E-015
  -1.5431373545113047E-021  -1.7106208126769295E-021  -5.6231609459679637E-021  -4.7901228613250275E-018  -2.7970111870836045E-020  -3.1005830720812845E-020  -1.0192251557527953E-019  -4.6600620669122304E-017   5.2057794323980976E-031  -5.5705401317001418E-031   2.8018267537454895E-030   1.5318474163040085E-031  -1.3228883845881238E-030   1.6368013022346226E-031  -6.6856111854336332E-017   1.7533491948650923E-021   1.9436478728895143E-021   6.3891686193447100E-021  -7.3913801554450974E-016   2.3466568742965635E-016   2.6013498310913185E-016   8.5511696512211422E-016   7.3271275930358472E-031   7.8365025472151472E-031  -2.7404027170537730E-030   5.0902892563879760E-031   1.5722455101017422E-030   1.1581412625083325E-030   3.9679837923263876E-016
   7.4472275665950392E-022   6.6597058266481095E-021   2.1597351052474651E-020   1.1760826034200013E-017   1.3498460461012322E-020   1.2071039356079740E-019   3.9146244793164565E-019  -1.2137080058939798E-016  -9.1863660147207417E-031   2.0440680473695472E-030  -1.0518368622599937E-029   6.4188909384013138E-031   4.7015981148351994E-030   1.4116068993854689E-030  -8.1721213773126582E-017  -8.4617160323899690E-022  -7.5669154556301125E-021  -2.4539421675329571E-020   2.7601310800500832E-015  -1.1325036961286126E-016  -1.0127448760452067E-015  -3.2843202362730433E-015  -3.2116720497507999E-030  -2.7404027170537730E-030   1.0156404792752162E-029  -2.4958534098797850E-030  -5.5572010169371358E-030  -6.4368029438399101E-030  -9.4365673525621337E-016
   3.6637339312142682E-022  -5.9288121880757287E-022   1.1048975153216089E-020  -1.1274141165804522E-018   6.6406952410247603E-021  -1.0746259226536234E-020   2.0026802581530593E-019   9.1114410842338762E-016  -2.7450617266025343E-030  -5.3157767249010376E-031   3.7050666243324488E-030  -4.0902326137455978E-030  -4.2159514250259887E-030   4.6367710284991133E-030   9.4580590421142291E-016  -4.1628213224345345E-022   6.7364568000115252E-022  -1.2554107186850105E-020  -3.8704255385318747E-015  -5.5714589867913546E-017   9.0159750512420085E-017  -1.6802233097143481E-015   1.3049258955917433E-029   5.0902892563879760E-031  -2.4958534098797850E-030   1.0473973662363877E-029   3.1170631398551633E-030   3.1711810884910370E-030  -5.0557688538885931E-016
   5.0383998280268601E-021  -8.3847397340037005E-022  -5.1516722823788365E-021  -1.0153451908456754E-017   9.1323437234709280E-020  -1.5197746858089554E-020  -9.3376555239236757E-020   6.8799908450285730E-017   3.1635057961521130E-030  -6.1581032612151782E-031   5.9721064051294619E-030   4.3894741104854100E-030  -5.5913907489931954E-030   1.0378134379955512E-029   3.3031688497570995E-017  -5.7247492124053297E-021   9.5269398288370395E-022   5.8534520409130953E-021  -2.2411943630893541E-015  -7.6619204341243780E-016   1.2750716657368611E-016   7.8341744290204561E-016   6.4216345720914066E-030   1.5722455101017422E-030  -5.5572010169371358E-030   3.1170631398551633E-030   6.1803718843336447E-030  -3.0692716638858995E-030   2.4791223241359645E-015
  -2.9462565233763358E-021  -7.0800632765869109E-021  -2.4099448302252037E-020   1.9912277270237817E-017  -5.3402326416098688E-020  -1.2832957595249279E-019  -4.3681417235107539E-019   1.3150548488861689E-015  -8.7499039555091162E-030  -2.0819491851170090E-030   6.8224967900748954E-030  -1.4198282916589249E-029   2.7576186907434570E-030  -2.6572852296426003E-029   1.4472022976269134E-015   3.3476064265677425E-021   8.0445355449111380E-021   2.7382363809434366E-020  -1.4186311065330641E-015   4.4803873844120997E-016   1.0766688489329296E-015   3.6648154461711708E-015  -1.2428171545889825E-030   1.1581412625083325E-030  -6.4368029438399101E-030   3.1711810884910370E-030  -3.0692716638858995E-030   2.3816591913029637E-029  -4.9042627043979911E-015
  -2.7867152441036561E-015   1.9508812953581743E-016   8.1137171270067576E-016   2.2370039539169953E-005   6.2126898823633259E-015  -5.9316932001911492E-017  -1.7655836563723605E-015   2.1886870155114166E-004   3.2304877536305211E-015   1.0659227593098145E-016   7.7754837763980664E-016   5.0866240050062327E-015  -2.1506448849545956E-015   7.7313931913290372E-015   3.1473526995436834E-004  -5.0637162692059847E-015  -3.6915924375060253E-017   1.1430559559559436E-015   3.4854418223728278E-004  -1.0231744768885048E-015  -9.2249702020494682E-017  -4.3800410060519103E-016   1.4944068444676486E-015   3.9679837923263876E-016  -9.4365673525621337E-016  -5.0557688538885931E-016   2.4791223241359645E-015  -4.9042627043979911E-015   2.0000025389235123     
