   9.9105347764302849E-007  -1.4146602811379839E-019   5.8409173510295501E-019  -6.3061540101011817E-017  -3.1489442872831257E-006   1.1610178813647455E-018   5.5253559646964299E-019  -2.8561139455505673E-016  -1.7899002990225047E-019   3.2394051037459315E-019  -1.9413609039360175E-020   4.6959636304460144E-019   1.7663977194810039E-019  -3.3192372205373562E-019  -1.8833230937431990E-016  -9.3287678364414172E-007   6.0506947968061452E-019   2.0253571388217582E-018   9.5208057348009457E-016   1.4079511626954161E-003  -4.1883139424052085E-016  -1.1523256583634492E-015   2.5470374276712453E-015   1.1856071043211515E-019  -7.0681449505362836E-020  -8.2195017595309616E-020  -2.9914037286908991E-019  -1.4552617240241242E-019   1.2347672001346737E-019
  -1.4146602811379839E-019   9.9105347764461159E-007  -4.7118042847261039E-019  -5.9140415476632147E-017  -2.2221282588019887E-019  -3.1489442872855410E-006  -8.1957928173929188E-020  -2.1340682745501906E-016   4.5094536547003597E-019   1.0071901503105684E-020  -1.0127497221191977E-018  -8.8588336609876093E-019  -2.0289606421074352E-019  -5.3697978929295848E-019  -1.6260125638645510E-016  -2.5929775864568689E-019  -9.3287678364642691E-007  -1.8597051200763006E-019  -2.4151469914351312E-015   2.1787631017759268E-016   1.4079511626965456E-003   2.3953656536317196E-016  -2.0004969177198352E-015  -2.7182714788144064E-019   9.5886407810006912E-020   8.2257507215052979E-019   7.1123898978166923E-019   1.9679172255638619E-019   6.0667880325298302E-020
   5.8409173510295501E-019  -4.7118042847261039E-019   9.9105347764568372E-007   8.1325768679434092E-017  -4.1087514536943601E-018   1.3972705463217352E-018  -3.1489442872873647E-006   3.5623539828236674E-016   2.3636264406256029E-018  -2.3804755304083768E-019   4.6261610152731446E-020   8.7775292121625271E-019   5.7408009825924385E-019   1.3262684381083567E-018   2.4196552143924850E-016  -8.6008392750149598E-019   1.2742159875546665E-018  -9.3287678364610832E-007  -1.6826545313262886E-015   1.9823363076685173E-015  -9.0805622622627944E-016   1.4079511626973054E-003  -3.6465661354832526E-016  -1.5320282711235912E-018   7.0485498489359780E-020  -1.9207792553895258E-019   1.2337743669674139E-019  -3.3902002604898129E-019  -7.7488390240211082E-019
  -6.3061540101011817E-017  -5.9140415476632147E-017   8.1325768679434092E-017   1.7889849567819360E-002  -5.0124557890544530E-017  -1.5898151379010627E-017  -4.4350590939633752E-017   7.4644652360126448E-002   1.3761948958319537E-015  -1.8772963265478776E-017  -2.1471704273043076E-017   7.3637141690115647E-016  -3.0841053327598904E-018   1.0427136110602707E-015   5.1427784092919711E-002   1.0736009185518951E-017   2.3249061905060122E-017   1.1277656522262601E-017  -2.9589392745078677E-003   1.5413757639543270E-015   3.5129133647749103E-015   2.9844114602425385E-015  -1.0827891863868352E-003  -1.3585918514448188E-015   1.0303598635066300E-017   3.0180756337277259E-018  -8.6493966146724438E-016  -5.5619759016632715E-019  -1.1379343802821611E-015
  -3.1489442872831257E-006  -2.2221282588019887E-019  -4.1087514536943601E-018  -5.0124557890544530E-017   1.0005363331144742E-005  -1.5547352800039702E-018   5.4026101521532078E-018  -1.7678636747069591E-016   5.6871767752198281E-019  -1.0292790879305780E-018   6.1684232640841925E-020  -1.4920817272565380E-018  -5.6125003678622933E-019   1.0546447108340459E-018  -1.3304039494150048E-016   2.9640953640378364E-006  -1.2902574138808779E-018  -4.3146829632260730E-018  -6.5433431455967701E-016  -4.4735827788904715E-003   3.7652048141671497E-016   4.6079313632128085E-016  -2.1074937863822387E-016  -3.7671132809761585E-019   2.2458116706470638E-019   2.6116404104022581E-019   9.5047985752819472E-019   4.6239059704600228E-019  -3.9233131293497248E-019
   1.1610178813647455E-018  -3.1489442872855410E-006   1.3972705463217352E-018  -1.5898151379010627E-017  -1.5547352800039702E-018   1.0005363331144107E-005   5.7765321387835836E-019  -8.9482745724324478E-017  -1.4328205939609070E-018  -3.2002164785637799E-020   3.2178812988995619E-018   2.8147798557625743E-018   6.4467601065270630E-019   1.7061838518470025E-018  -4.5273238333917907E-017   1.5412525198384496E-019   2.9640953640426357E-006   6.8488055108402827E-019   3.4262332076951613E-015   3.1856618605500859E-016  -4.4735827788903448E-003  -9.0294144519710555E-016   3.6667424566349478E-015   8.6369561660142684E-019  -3.0466666321256503E-019  -2.6136259371921051E-018  -2.2598699306048828E-018  -6.2528025430263233E-019  -1.9276434569312310E-019
   5.5253559646964299E-019  -8.1957928173929188E-020  -3.1489442872873647E-006  -4.4350590939633752E-017   5.4026101521532078E-018   5.7765321387835836E-019   1.0005363331144876E-005  -1.8278996945242863E-016  -7.5101174107722524E-018   7.5636532150666489E-019  -1.4699028487748707E-019  -2.7889464183830243E-018  -1.8240652867197898E-018  -4.2140464826360426E-018  -1.3728990695747854E-016   4.6577217773230045E-019  -2.5622782624331682E-018   2.9640953640401344E-006   2.4975504678966922E-015  -2.8770805930083807E-015   6.4190386253071759E-016  -4.4735827788905122E-003   1.0315952720738308E-015   4.8678217483880700E-018  -2.2395855804979526E-019   6.1030277374532526E-019  -3.9201585307026177E-019   1.0771922992862709E-018   2.4620934115087767E-018
  -2.8561139455505673E-016  -2.1340682745501906E-016   3.5623539828236674E-016   7.4644652360126448E-002  -1.7678636747069591E-016  -8.9482745724324478E-017  -1.8278996945242863E-016  0.31225213688391590        5.7509387726818476E-015  -9.7855106594374968E-017  -6.4536549323621035E-017   3.0317772177100585E-015   1.1916995784817702E-017   4.3680858234375343E-015  0.21481179396956859        5.8997180945530567E-017   1.4368699773624523E-016   7.3715887854948081E-017  -5.2410643382196073E-002  -2.2304573632490471E-015  -3.9998745506786176E-015  -1.0411733510896102E-014  -2.6587142723898229E-003  -5.7036189638937002E-015   5.7606561213688477E-017  -3.0248105118365480E-018  -3.6041775613792465E-015  -2.6583956992247948E-017  -4.7804643133274457E-015
  -1.7899002990225047E-019   4.5094536547003597E-019   2.3636264406256029E-018   1.3761948958319537E-015   5.6871767752198281E-019  -1.4328205939609070E-018  -7.5101174107722524E-018   5.7509387726818476E-015   1.1568269882597786E-028  -3.3614521570257166E-030   1.2309331525571706E-031   4.9846184346313137E-029   9.2655088679762146E-031   8.5846875666140460E-029   3.9586998981266418E-015   1.6848298014315003E-019  -4.2447402851829246E-019  -2.2248771447755513E-018  -7.9878905931927347E-016  -2.5428417979617091E-016   6.4064055668964647E-016   3.3579122321000449E-015  -2.8330589498808849E-015  -1.1171353861447351E-028   2.2748706433492832E-030  -2.7283325910519708E-030  -5.8817098342805871E-029   1.3480512847665583E-030  -9.2315086041552690E-029
   3.2394051037459315E-019   1.0071901503105684E-020  -2.3804755304083768E-019  -1.8772963265478776E-017  -1.0292790879305780E-018  -3.2002164785637799E-020   7.5636532150666489E-019  -9.7855106594374968E-017  -3.3614521570257166E-030   9.6273041646823430E-031  -1.1349135351085436E-030   2.3893316005538293E-030  -5.8403728049896970E-031  -2.6437344463285701E-030  -5.9617581982497755E-017  -3.0492459612633788E-019  -9.4806620381027875E-021   2.2407371614547533E-019   1.0168358934190600E-015   4.6020969454484993E-016   1.4308759067388731E-017  -3.3818490791882668E-016   7.3410623820913852E-016   3.5302388875763290E-030  -7.1450716376144146E-031   1.1694666681227357E-030  -1.2936536853268438E-030  -3.2208013723800118E-032   2.9377120127185984E-030
  -1.9413609039360175E-020  -1.0127497221191977E-018   4.6261610152731446E-020  -2.1471704273043076E-017   6.1684232640841925E-020   3.2178812988995619E-018  -1.4699028487748707E-019  -6.4536549323621035E-017   1.2309331525571706E-031  -1.1349135351085436E-030   2.7331935183242234E-030  -5.0395067654837325E-030   8.4008569362516051E-031   1.0932966870406494E-030  -5.4472006201031573E-017   1.8273993854184445E-020   9.5329941796937319E-019  -4.3545967050906453E-020  -1.3126321696662109E-015  -2.7580159933873974E-017  -1.4387741740953686E-015   6.5722071784568026E-017  -1.2700708025830381E-015  -7.0801207398425636E-031   8.7810478031870466E-031  -2.6455323520008378E-030   3.8287189943421790E-030   1.5550902186074335E-031  -9.8851248041213585E-031
   4.6959636304460144E-019  -8.8588336609876093E-019   8.7775292121625271E-019   7.3637141690115647E-016  -1.4920817272565380E-018   2.8147798557625743E-018  -2.7889464183830243E-018   3.0317772177100585E-015   4.9846184346313137E-029   2.3893316005538293E-030  -5.0395067654837325E-030   5.0634804089541898E-029   1.1939087441823259E-031   3.8432580460102778E-029   2.1050402284696630E-015  -4.4203017763552610E-019   8.3388035446662423E-019  -8.2622718193213682E-019   2.1835362143049732E-015   6.6713730414563901E-016  -1.2585400721881338E-015   1.2469894651103887E-015   5.5927725704352941E-015  -4.8956935604458890E-029  -2.6449149854766531E-030   5.6006523281648068E-030  -5.0985043724651957E-029  -4.1986558729587488E-030  -4.0536243925756913E-029
   1.7663977194810039E-019  -2.0289606421074352E-019   5.7408009825924385E-019  -3.0841053327598904E-018  -5.6125003678622933E-019   6.4467601065270630E-019  -1.8240652867197898E-018   1.1916995784817702E-017   9.2655088679762146E-031  -5.8403728049896970E-031   8.4008569362516051E-031   1.1939087441823259E-031   1.2062186757507738E-030   9.5118865689845689E-031  -1.6985254086605352E-018  -1.6627068673503372E-019   1.9098568550267984E-019  -5.4038052203779949E-019  -1.2281469162781476E-015   2.5094525966940026E-016  -2.8824655375090214E-016   8.1557328646253072E-016   3.1301151632802604E-016  -1.3805946242628412E-030   3.5833552922726717E-031  -5.2786631002705963E-031  -4.7588708962128238E-031  -1.2304452225030475E-030  -1.0113560333032777E-030
  -3.3192372205373562E-019  -5.3697978929295848E-019   1.3262684381083567E-018   1.0427136110602707E-015   1.0546447108340459E-018   1.7061838518470025E-018  -4.2140464826360426E-018   4.3680858234375343E-015   8.5846875666140460E-029  -2.6437344463285701E-030   1.0932966870406494E-030   3.8432580460102778E-029   9.5118865689845689E-031   6.4909699751257452E-029   3.0025221975609081E-015   3.1243917833546482E-019   5.0545807065268109E-019  -1.2484139985330181E-018  -1.1267565032632490E-015  -4.7155113313650508E-016  -7.6286631925824078E-016   1.8841780303434907E-015  -1.7980345623363249E-015  -8.3822836234923961E-029   1.6872308228484532E-030  -2.5816847246378109E-030  -4.5947166701105097E-029   4.3503313781116351E-031  -6.9794139516350899E-029
  -1.8833230937431990E-016  -1.6260125638645510E-016   2.4196552143924850E-016   5.1427784092919711E-002  -1.3304039494150048E-016  -4.5273238333917907E-017  -1.3728990695747854E-016  0.21481179396956859        3.9586998981266418E-015  -5.9617581982497755E-017  -5.4472006201031573E-017   2.1050402284696630E-015  -1.6985254086605352E-018   3.0025221975609081E-015  0.14790593020102211        3.5482187279428069E-017   8.2465708146625237E-017   3.7038414618288631E-017  -2.0094223099425393E-002   1.1689091765369153E-015   1.5087283324532257E-015   6.6361097358964123E-015  -2.5846336397722311E-003  -3.9156506539620558E-015   3.3850596433116145E-017   4.1495156430128788E-018  -2.4850365685718786E-015  -8.6082567203683843E-018  -3.2806125903145715E-015
  -9.3287678364414172E-007  -2.5929775864568689E-019  -8.6008392750149598E-019   1.0736009185518951E-017   2.9640953640378364E-006   1.5412525198384496E-019   4.6577217773230045E-019   5.8997180945530567E-017   1.6848298014315003E-019  -3.0492459612633788E-019   1.8273993854184445E-020  -4.4203017763552610E-019  -1.6627068673503372E-019   3.1243917833546482E-019   3.5482187279428069E-017   8.7811517046681604E-007  -2.0012940782430879E-019  -1.6143993990643267E-018  -5.2725832693499447E-016  -1.3253017943159111E-003  -1.6330670479948195E-016   6.4387999939328996E-016  -2.1515737191979802E-015  -1.1160097482599361E-019   6.6532316131283287E-020   7.7370016225926092E-020   2.8158027311021136E-019   1.3698351371481225E-019  -1.1622840544512054E-019
   6.0506947968061452E-019  -9.3287678364642691E-007   1.2742159875546665E-018   2.3249061905060122E-017  -1.2902574138808779E-018   2.9640953640426357E-006  -2.5622782624331682E-018   1.4368699773624523E-016  -4.2447402851829246E-019  -9.4806620381027875E-021   9.5329941796937319E-019   8.3388035446662423E-019   1.9098568550267984E-019   5.0545807065268109E-019   8.2465708146625237E-017  -2.0012940782430879E-019   8.7811517046971522E-007  -6.0687770169283810E-019  -1.8610709845665043E-015   4.6533447031704201E-016  -1.3253017943181038E-003   9.5466040387775774E-016  -2.8891677168072432E-015   2.5587038554023108E-019  -9.0257696206704239E-020  -7.7428837588643370E-019  -6.6948792990867335E-019  -1.8523968012450735E-019  -5.7106562210214895E-020
   2.0253571388217582E-018  -1.8597051200763006E-019  -9.3287678364610832E-007   1.1277656522262601E-017  -4.3146829632260730E-018   6.8488055108402827E-019   2.9640953640401344E-006   7.3715887854948081E-017  -2.2248771447755513E-018   2.2407371614547533E-019  -4.3545967050906453E-020  -8.2622718193213682E-019  -5.4038052203779949E-019  -1.2484139985330181E-018   3.7038414618288631E-017  -1.6143993990643267E-018  -6.0687770169283810E-019   8.7811517046816568E-007  -5.9860096871354331E-016   1.7924625509204219E-015  -3.9542865352637902E-017  -1.3253017943169328E-003  -3.5278297421804261E-016   1.4420953442462092E-018  -6.6347867806046629E-020   1.8080259181326426E-019  -1.1613495025190376E-019   3.1911891600681745E-019   7.2939676704587091E-019
   9.5208057348009457E-016  -2.4151469914351312E-015  -1.6826545313262886E-015  -2.9589392745078677E-003  -6.5433431455967701E-016   3.4262332076951613E-015   2.4975504678966922E-015  -5.2410643382196073E-002  -7.9878905931927347E-016   1.0168358934190600E-015  -1.3126321696662109E-015   2.1835362143049732E-015  -1.2281469162781476E-015  -1.1267565032632490E-015  -2.0094223099425393E-002  -5.2725832693499447E-016  -1.8610709845665043E-015  -5.9860096871354331E-016   2.0102323325727145        3.2477986217210183E-016   4.0795943054735960E-016   3.8378561929257205E-015   4.4689817099350580E-004   2.0758168885959018E-015  -7.7019429967221430E-016   8.7283136003901270E-016  -3.3020746662514049E-016   1.1353532156419675E-015   1.9008126246361416E-015
   1.4079511626954161E-003   2.1787631017759268E-016   1.9823363076685173E-015   1.5413757639543270E-015  -4.4735827788904715E-003   3.1856618605500859E-016  -2.8770805930083807E-015  -2.2304573632490471E-015  -2.5428417979617091E-016   4.6020969454484993E-016  -2.7580159933873974E-017   6.6713730414563901E-016   2.5094525966940026E-016  -4.7155113313650508E-016   1.1689091765369153E-015  -1.3253017943159111E-003   4.6533447031704201E-016   1.7924625509204219E-015   3.2477986217210183E-016   2.0002215029302346        2.8703903843373413E-017   3.0433300871783933E-016  -4.1393089750272422E-016   1.6843459394964279E-016  -1.0041438858245382E-016  -1.1677126734895551E-016  -4.2497710293741793E-016  -2.0674337788693760E-016   1.7541857772529442E-016
  -4.1883139424052085E-016   1.4079511626965456E-003  -9.0805622622627944E-016   3.5129133647749103E-015   3.7652048141671497E-016  -4.4735827788903448E-003   6.4190386253071759E-016  -3.9998745506786176E-015   6.4064055668964647E-016   1.4308759067388731E-017  -1.4387741740953686E-015  -1.2585400721881338E-015  -2.8824655375090214E-016  -7.6286631925824078E-016   1.5087283324532257E-015  -1.6330670479948195E-016  -1.3253017943181038E-003  -3.9542865352637902E-017   4.0795943054735960E-016   2.8703903843373413E-017   2.0002215029302484        1.2332240645804362E-015   1.5258050611970608E-016  -3.8617426561268952E-016   1.3622209336415064E-016   1.1686004391976062E-015   1.0104295935534334E-015   2.7957435277902067E-016   8.6188499984288689E-017
  -1.1523256583634492E-015   2.3953656536317196E-016   1.4079511626973054E-003   2.9844114602425385E-015   4.6079313632128085E-016  -9.0294144519710555E-016  -4.4735827788905122E-003  -1.0411733510896102E-014   3.3579122321000449E-015  -3.3818490791882668E-016   6.5722071784568026E-017   1.2469894651103887E-015   8.1557328646253072E-016   1.8841780303434907E-015   6.6361097358964123E-015   6.4387999939328996E-016   9.5466040387775774E-016  -1.3253017943169328E-003   3.8378561929257205E-015   3.0433300871783933E-016   1.2332240645804362E-015   2.0002215029302444        5.9956183927737382E-016  -2.1764930291421491E-015   1.0013600858978488E-016  -2.7287764453548240E-016   1.7527752979107895E-016  -4.8163257646387787E-016  -1.1008474476320462E-015
   2.5470374276712453E-015  -2.0004969177198352E-015  -3.6465661354832526E-016  -1.0827891863868352E-003  -2.1074937863822387E-016   3.6667424566349478E-015   1.0315952720738308E-015  -2.6587142723898229E-003  -2.8330589498808849E-015   7.3410623820913852E-016  -1.2700708025830381E-015   5.5927725704352941E-015   3.1301151632802604E-016  -1.7980345623363249E-015  -2.5846336397722311E-003  -2.1515737191979802E-015  -2.8891677168072432E-015  -3.5278297421804261E-016   4.4689817099350580E-004  -4.1393089750272422E-016   1.5258050611970608E-016   5.9956183927737382E-016   2.0000079840959986        2.1753518665969532E-015  -7.5668087657266022E-016   1.9225191139098878E-015  -4.9756729194126774E-015  -1.7499290094890400E-015   1.8502255769917903E-015
   1.1856071043211515E-019  -2.7182714788144064E-019  -1.5320282711235912E-018  -1.3585918514448188E-015  -3.7671132809761585E-019   8.6369561660142684E-019   4.8678217483880700E-018  -5.7036189638937002E-015  -1.1171353861447351E-028   3.5302388875763290E-030  -7.0801207398425636E-031  -4.8956935604458890E-029  -1.3805946242628412E-030  -8.3822836234923961E-029  -3.9156506539620558E-015  -1.1160097482599361E-019   2.5587038554023108E-019   1.4420953442462092E-018   2.0758168885959018E-015   1.6843459394964279E-016  -3.8617426561268952E-016  -2.1764930291421491E-015   2.1753518665969532E-015   1.0952641396923676E-028  -2.4251064432245813E-030   2.6485973602303485E-030   5.9566190373621021E-029  -2.9085614759203792E-031   9.1054372087462393E-029
  -7.0681449505362836E-020   9.5886407810006912E-020   7.0485498489359780E-020   1.0303598635066300E-017   2.2458116706470638E-019  -3.0466666321256503E-019  -2.2395855804979526E-019   5.7606561213688477E-017   2.2748706433492832E-030  -7.1450716376144146E-031   8.7810478031870466E-031  -2.6449149854766531E-030   3.5833552922726717E-031   1.6872308228484532E-030   3.3850596433116145E-017   6.6532316131283287E-020  -9.0257696206704239E-020  -6.6347867806046629E-020  -7.7019429967221430E-016  -1.0041438858245382E-016   1.3622209336415064E-016   1.0013600858978488E-016  -7.5668087657266022E-016  -2.4251064432245813E-030   6.0486464531956435E-031  -9.8713571735511364E-031   1.6822431076701211E-030   2.3240561552366537E-031  -2.0415492941906527E-030
  -8.2195017595309616E-020   8.2257507215052979E-019  -1.9207792553895258E-019   3.0180756337277259E-018   2.6116404104022581E-019  -2.6136259371921051E-018   6.1030277374532526E-019  -3.0248105118365480E-018  -2.7283325910519708E-030   1.1694666681227357E-030  -2.6455323520008378E-030   5.6006523281648068E-030  -5.2786631002705963E-031  -2.5816847246378109E-030   4.1495156430128788E-018   7.7370016225926092E-020  -7.7428837588643370E-019   1.8080259181326426E-019   8.7283136003901270E-016  -1.1677126734895551E-016   1.1686004391976062E-015  -2.7287764453548240E-016   1.9225191139098878E-015   2.6485973602303485E-030  -9.8713571735511364E-031   2.9550159493698672E-030  -4.5938296867031483E-030  -9.4807524382246516E-031   2.4547603693588728E-030
  -2.9914037286908991E-019   7.1123898978166923E-019   1.2337743669674139E-019  -8.6493966146724438E-016   9.5047985752819472E-019  -2.2598699306048828E-018  -3.9201585307026177E-019  -3.6041775613792465E-015  -5.8817098342805871E-029  -1.2936536853268438E-030   3.8287189943421790E-030  -5.0985043724651957E-029  -4.7588708962128238E-031  -4.5947166701105097E-029  -2.4850365685718786E-015   2.8158027311021136E-019  -6.6948792990867335E-019  -1.1613495025190376E-019  -3.3020746662514049E-016  -4.2497710293741793E-016   1.0104295935534334E-015   1.7527752979107895E-016  -4.9756729194126774E-015   5.9566190373621021E-029   1.6822431076701211E-030  -4.5938296867031483E-030   5.5186246725896715E-029   4.3023817659413718E-030   5.0045599005510289E-029
  -1.4552617240241242E-019   1.9679172255638619E-019  -3.3902002604898129E-019  -5.5619759016632715E-019   4.6239059704600228E-019  -6.2528025430263233E-019   1.0771922992862709E-018  -2.6583956992247948E-017   1.3480512847665583E-030  -3.2208013723800118E-032   1.5550902186074335E-031  -4.1986558729587488E-030  -1.2304452225030475E-030   4.3503313781116351E-031  -8.6082567203683843E-018   1.3698351371481225E-019  -1.8523968012450735E-019   3.1911891600681745E-019   1.1353532156419675E-015  -2.0674337788693760E-016   2.7957435277902067E-016  -4.8163257646387787E-016  -1.7499290094890400E-015  -2.9085614759203792E-031   2.3240561552366537E-031  -9.4807524382246516E-031   4.3023817659413718E-030   2.3492135882614711E-030  -2.9685085859211816E-031
   1.2347672001346737E-019   6.0667880325298302E-020  -7.7488390240211082E-019  -1.1379343802821611E-015  -3.9233131293497248E-019  -1.9276434569312310E-019   2.4620934115087767E-018  -4.7804643133274457E-015  -9.2315086041552690E-029   2.9377120127185984E-030  -9.8851248041213585E-031  -4.0536243925756913E-029  -1.0113560333032777E-030  -6.9794139516350899E-029  -3.2806125903145715E-015  -1.1622840544512054E-019  -5.7106562210214895E-020   7.2939676704587091E-019   1.9008126246361416E-015   1.7541857772529442E-016   8.6188499984288689E-017  -1.1008474476320462E-015   1.8502255769917903E-015   9.1054372087462393E-029  -2.0415492941906527E-030   2.4547603693588728E-030   5.0045599005510289E-029  -2.9685085859211816E-031   7.6052129515479386E-029
