   3.5434876011640470E-003  -1.9202088683489219E-016  -1.1383631145281453E-016   4.2015242333288623E-017   3.6589062026624840E-002  -1.3310119032058833E-015  -6.8134442381466405E-016  -1.4205859187332144E-016  -3.2093548101735516E-018   3.1796571076102998E-018  -6.3194250788433300E-018  -2.2822921766919007E-018   1.5939399608115414E-019  -1.4126580527215140E-018   5.8778717245513395E-002  -2.1836738079111621E-015  -1.0299892712994812E-015  -1.1883362496933635E-016  -1.5819739298006551E-016  -2.8440761787927772E-018  -3.9604623715051069E-019   2.3703569413697932E-018   3.3097340090567560E-019  -5.2447926586639887E-019  -6.7845682899838997E-019
  -1.9202088683489219E-016   3.5434876011636320E-003  -1.3476092193310333E-016   3.7777336783246503E-017  -5.6155531545881536E-016   3.6589062026622772E-002  -3.2472609454659506E-016   2.2347100424745443E-016  -7.2666557777771628E-017   6.4154387356631615E-019   2.4552023624251011E-018  -7.7569080397599210E-017   3.0184873127340659E-018  -6.7892211154465445E-017  -1.0087171373250430E-015   5.8778717245509898E-002  -6.1746342073987003E-016  -2.4898256361710539E-017  -3.8987149350474392E-016  -4.3996331676337121E-018  -9.9687487529465920E-019  -1.2076913637598117E-018  -3.4402441834479523E-018  -2.4393364153155191E-019  -5.0678593712607032E-018
  -1.1383631145281453E-016  -1.3476092193310333E-016   3.5434876011639048E-003   2.7738150431186365E-017  -5.2316586405740996E-016  -1.0451981912362405E-015   3.6589062026624104E-002  -8.3563896702177733E-016   1.6743194234428695E-016  -4.5026418881147220E-018  -1.5870595366013658E-018   1.8654951908880083E-016  -3.6265130058806921E-019   1.6997620517338401E-016  -8.0093193171162131E-016  -1.6303407074457933E-015   5.8778717245512251E-002  -1.3178644017210270E-016   2.4928437467659679E-016   2.0449693897173481E-017   2.0965386281212628E-018   1.8874462731600581E-018   2.1491938923399005E-017   3.7295497263550626E-019   2.8671384687381649E-017
   4.2015242333288623E-017   3.7777336783246503E-017   2.7738150431186365E-017   6.5341550115765765E-004   5.0324718153667221E-016   3.9436361923674133E-016   3.9590766788099190E-016   1.9753877474087234E-002  -6.8194646682015988E-016   4.2110520801288517E-018   2.7045030391985829E-018  -6.7302607610934465E-016   4.0535375853031819E-019  -6.6197331839707347E-016   7.8568472001267820E-016   6.1269541997980409E-016   6.2404250214652841E-016   1.8928189671843582E-002   2.0622413653417740E-003  -3.4984375951567465E-016   3.7692761626213797E-019   1.2715989138476588E-019  -4.2090056915032462E-016  -3.3720103482106162E-019  -3.5657605337756027E-016
   3.6589062026624840E-002  -5.6155531545881536E-016  -5.2316586405740996E-016   5.0324718153667221E-016  0.37780842228667966        9.3124496287032288E-016  -3.0015429078656845E-016   5.8492425336151043E-016  -3.3138900267782540E-017   3.2832250096072273E-017  -6.5252616124985845E-017  -2.3566310769262918E-017   1.6458578287038362E-018  -1.4586711999968461E-017  0.60693259669796351        1.0265768270178999E-015   1.8445285920941183E-016   7.4398260309544290E-016   2.0315008401755725E-017  -2.9367135270978708E-017  -4.0894626897385809E-018   2.4475642901791913E-017   3.4175387803720258E-018  -5.4156262277201412E-018  -7.0055554845402939E-018
  -1.3310119032058833E-015   3.6589062026622772E-002  -1.0451981912362405E-015   3.9436361923674133E-016   9.3124496287032288E-016  0.37780842228668127        2.2282218117061076E-016   2.2900239606426425E-015  -7.5033455427324747E-016   6.6244026294894286E-018   2.5351732992426897E-017  -8.0095663184588316E-016   3.1168055865621695E-017  -7.0103598619603125E-016   3.9523912571601261E-016  0.60693259669796429       -6.3130487877518116E-016  -2.5803920485485891E-016   5.1581021225804744E-016  -4.5429381723271412E-017  -1.0293451184353200E-017  -1.2470283289015936E-017  -3.5522999367513030E-017  -2.5187905659523181E-018  -5.2329298631206313E-017
  -6.8134442381466405E-016  -3.2472609454659506E-016   3.6589062026624104E-002   3.9590766788099190E-016  -3.0015429078656845E-016   2.2282218117061076E-016  0.37780842228667966       -5.2373414565956524E-015   1.7288554139883238E-015  -4.6493020964369530E-017  -1.6387532950750743E-017   1.9262581651857608E-015  -3.7446359137516773E-018   1.7551267604536857E-015  -7.4200734689076951E-017   8.6106542445410711E-016  0.60693259669796384        1.8799771903871788E-015   4.2133274564578415E-016   2.1115782038666561E-016   2.1648271572996412E-017   1.9489242388739361E-017   2.2191975106167337E-016   3.8510287498724403E-018   2.9605270027501117E-016
  -1.4205859187332144E-016   2.2347100424745443E-016  -8.3563896702177733E-016   1.9753877474087234E-002   5.8492425336151043E-016   2.2900239606426425E-015  -5.2373414565956524E-015  0.59929843722233977       -2.1104337270445684E-014   1.5493984268191361E-016   9.1884038592161482E-017  -2.0863998128857130E-014  -9.0615505320950354E-018  -2.0449429590458007E-014   2.5222926541897496E-016   3.1212045169625028E-015  -8.8276148933768254E-015  0.57402236088066116       -2.4704392584872204E-003  -1.0566955603383248E-014   1.5496001661413440E-017   1.9214173133766925E-017  -1.2649844683640105E-014  -2.8041338101163386E-018  -1.0737764178645116E-014
  -3.2093548101735516E-018  -7.2666557777771628E-017   1.6743194234428695E-016  -6.8194646682015988E-016  -3.3138900267782540E-017  -7.5033455427324747E-016   1.7288554139883238E-015  -2.1104337270445684E-014   8.3424138656777815E-028  -1.1029718948967569E-029  -5.2888375399129045E-030   8.3273628508920587E-028   4.4394522541931515E-030   8.0157383881124771E-028  -5.3236184279576266E-017  -1.2053794265912610E-015   2.7773301065561548E-015  -2.0169776555710329E-014   1.2873827825373063E-014   3.6399363062151205E-028  -1.2242122007722235E-030  -3.5840986888377453E-030   4.2304580886773899E-028  -1.3381989575058347E-030   3.6383460266805502E-028
   3.1796571076102998E-018   6.4154387356631615E-019  -4.5026418881147220E-018   4.2110520801288517E-018   3.2832250096072273E-017   6.6244026294894286E-018  -4.6493020964369530E-017   1.5493984268191361E-016  -1.1029718948967569E-029   3.9862265023857630E-031   1.4711751038471427E-031  -1.1381784912559258E-029  -2.7610110361554447E-031  -1.0231048831661250E-029   5.2743564279584858E-017   1.0641811172854960E-017  -7.4688991239126288E-017   1.4549452860741940E-016  -8.3768755758191882E-016  -2.1602263004533269E-030   5.3070001741714350E-032   2.0212451734549508E-031  -1.7593794993139500E-030   9.3863589774970720E-032  -1.7826466913303087E-030
  -6.3194250788433300E-018   2.4552023624251011E-018  -1.5870595366013658E-018   2.7045030391985829E-018  -6.5252616124985845E-017   2.5351732992426897E-017  -1.6387532950750743E-017   9.1884038592161482E-017  -5.2888375399129045E-030   1.4711751038471427E-031   7.3558521349836456E-032  -5.4066362540621994E-030  -9.8871517830675611E-032  -4.9615128443869930E-030  -1.0482545493922792E-016   4.0726442896002250E-017  -2.6325850194323329E-017   8.6955796342935338E-017  -3.0319211079575601E-016  -1.4098202090162953E-030   2.0359482176690305E-032   6.8537873786385799E-032  -1.3954250725870229E-030   3.4745687587212520E-032  -1.2883259651076635E-030
  -2.2822921766919007E-018  -7.7569080397599210E-017   1.8654951908880083E-016  -6.7302607610934465E-016  -2.3566310769262918E-017  -8.0095663184588316E-016   1.9262581651857608E-015  -2.0863998128857130E-014   8.3273628508920587E-028  -1.1381784912559258E-029  -5.4066362540621994E-030   8.3187213704869726E-028   4.7360493399870568E-030   7.9963685761516570E-028  -3.7858240700934595E-017  -1.2867015654823110E-015   3.0944489353383024E-015  -1.9936330845169282E-014   1.3805534219771492E-014   3.5920187332404932E-028  -1.2636468019524955E-030  -3.7841509103873067E-030   4.1637907569670720E-028  -1.4436098168196242E-030   3.5854065186730528E-028
   1.5939399608115414E-019   3.0184873127340659E-018  -3.6265130058806921E-019   4.0535375853031819E-019   1.6458578287038362E-018   3.1168055865621695E-017  -3.7446359137516773E-018  -9.0615505320950354E-018   4.4394522541931515E-030  -2.7610110361554447E-031  -9.8871517830675611E-032   4.7360493399870568E-030   2.1875803583510777E-031   3.9383379123437689E-030   2.6439981399167094E-018   5.0070109517554763E-017  -6.0155927310086350E-018  -6.3924443838038946E-018   6.5773616622666719E-016  -3.1845107156645410E-031  -4.2381243664597476E-032  -1.5670403666215730E-031  -1.0228476599203187E-030  -7.5325576012911856E-032  -6.5533423235674206E-031
  -1.4126580527215140E-018  -6.7892211154465445E-017   1.6997620517338401E-016  -6.6197331839707347E-016  -1.4586711999968461E-017  -7.0103598619603125E-016   1.7551267604536857E-015  -2.0449429590458007E-014   8.0157383881124771E-028  -1.0231048831661250E-029  -4.9615128443869930E-030   7.9963685761516570E-028   3.9383379123437689E-030   7.7076594036733892E-028  -2.3432910621294504E-017  -1.1261834474346804E-015   2.8195338680087632E-015  -1.9547732123334721E-014   1.1363637262761785E-014   3.5353592129660364E-028  -1.1131922638816901E-030  -3.2062175653295448E-030   4.1200425635262132E-028  -1.1694593582521482E-030   3.5397140531000903E-028
   5.8778717245513395E-002  -1.0087171373250430E-015  -8.0093193171162131E-016   7.8568472001267820E-016  0.60693259669796351        3.9523912571601261E-016  -7.4200734689076951E-017   2.5222926541897496E-016  -5.3236184279576266E-017   5.2743564279584858E-017  -1.0482545493922792E-016  -3.7858240700934595E-017   2.6439981399167094E-018  -2.3432910621294504E-017  0.97501049527958161       -1.1919447633762514E-016   9.5171944327135383E-016   5.3641430893117747E-016  -5.8900584283737433E-017  -4.7177009871066428E-017  -6.5695417650036025E-018   3.9319042736862799E-017   5.4901255872981963E-018  -8.6999651019999478E-018  -1.1254116453530247E-017
  -2.1836738079111621E-015   5.8778717245509898E-002  -1.6303407074457933E-015   6.1269541997980409E-016   1.0265768270178999E-015  0.60693259669796429        8.6106542445410711E-016   3.1212045169625028E-015  -1.2053794265912610E-015   1.0641811172854960E-017   4.0726442896002250E-017  -1.2867015654823110E-015   5.0070109517554763E-017  -1.1261834474346804E-015  -1.1919447633762514E-016  0.97501049527957973       -2.0593636760885946E-016  -9.5659456634744128E-016  -1.4600109806534313E-015  -7.2980301626948949E-017  -1.6535976139681201E-017  -2.0032961076813691E-017  -5.7066134518988786E-017  -4.0463261498486797E-018  -8.4064714358105292E-017
  -1.0299892712994812E-015  -6.1746342073987003E-016   5.8778717245512251E-002   6.2404250214652841E-016   1.8445285920941183E-016  -6.3130487877518116E-016  0.60693259669796384       -8.8276148933768254E-015   2.7773301065561548E-015  -7.4688991239126288E-017  -2.6325850194323329E-017   3.0944489353383024E-015  -6.0155927310086350E-018   2.8195338680087632E-015   9.5171944327135383E-016  -2.0593636760885946E-016  0.97501049527958261        2.6289719198994852E-015   2.2500912471840028E-015   3.3921574184261385E-016   3.4776995177337620E-017   3.1308609848030200E-017   3.5650430965836662E-016   6.1865081380980426E-018   4.7559562873115379E-016
  -1.1883362496933635E-016  -2.4898256361710539E-017  -1.3178644017210270E-016   1.8928189671843582E-002   7.4398260309544290E-016  -2.5803920485485891E-016   1.8799771903871788E-015  0.57402236088066116       -2.0169776555710329E-014   1.4549452860741940E-016   8.6955796342935338E-017  -1.9936330845169282E-014  -6.3924443838038946E-018  -1.9547732123334721E-014   5.3641430893117747E-016  -9.5659456634744128E-016   2.6289719198994852E-015  0.54983654356990386        4.5970409214839362E-003  -1.0126282485918493E-014   1.4407667103990895E-017   1.6759597773848372E-017  -1.2129123572581171E-014  -3.4809595261170467E-018  -1.0293467159444921E-014
  -1.5819739298006551E-016  -3.8987149350474392E-016   2.4928437467659679E-016   2.0622413653417740E-003   2.0315008401755725E-017   5.1581021225804744E-016   4.2133274564578415E-016  -2.4704392584872204E-003   1.2873827825373063E-014  -8.3768755758191882E-016  -3.0319211079575601E-016   1.3805534219771492E-014   6.5773616622666719E-016   1.1363637262761785E-014  -5.8900584283737433E-017  -1.4600109806534313E-015   2.2500912471840028E-015   4.5970409214839362E-003   2.0025878646191044       -1.3943824449838555E-015  -1.2510076741621852E-016  -4.7293505068478437E-016  -3.6290522094742397E-015  -2.2864997846633093E-016  -2.4232937422928926E-015
  -2.8440761787927772E-018  -4.3996331676337121E-018   2.0449693897173481E-017  -3.4984375951567465E-016  -2.9367135270978708E-017  -4.5429381723271412E-017   2.1115782038666561E-016  -1.0566955603383248E-014   3.6399363062151205E-028  -2.1602263004533269E-030  -1.4098202090162953E-030   3.5920187332404932E-028  -3.1845107156645410E-031   3.5353592129660364E-028  -4.7177009871066428E-017  -7.2980301626948949E-017   3.3921574184261385E-016  -1.0126282485918493E-014  -1.3943824449838555E-015   1.8747704440629284E-028  -1.6979171664831786E-031   1.1233210614729402E-032   2.2581601600195759E-028   2.1650862209294234E-031   1.9127462703742761E-028
  -3.9604623715051069E-019  -9.9687487529465920E-019   2.0965386281212628E-018   3.7692761626213797E-019  -4.0894626897385809E-018  -1.0293451184353200E-017   2.1648271572996412E-017   1.5496001661413440E-017  -1.2242122007722235E-030   5.3070001741714350E-032   2.0359482176690305E-032  -1.2636468019524955E-030  -4.2381243664597476E-032  -1.1131922638816901E-030  -6.5695417650036025E-018  -1.6535976139681201E-017   3.4776995177337620E-017   1.4407667103990895E-017  -1.2510076741621852E-016  -1.6979171664831786E-031   9.7728775213995688E-033   3.1212531289946877E-032  -8.3592542698743479E-032   1.4552563433889435E-032  -1.0511081279386655E-031
   2.3703569413697932E-018  -1.2076913637598117E-018   1.8874462731600581E-018   1.2715989138476588E-019   2.4475642901791913E-017  -1.2470283289015936E-017   1.9489242388739361E-017   1.9214173133766925E-017  -3.5840986888377453E-030   2.0212451734549508E-031   6.8537873786385799E-032  -3.7841509103873067E-030  -1.5670403666215730E-031  -3.2062175653295448E-030   3.9319042736862799E-017  -2.0032961076813691E-017   3.1308609848030200E-017   1.6759597773848372E-017  -4.7293505068478437E-016   1.1233210614729402E-032   3.1212531289946877E-032   1.1527101934434450E-031   4.7649119612604606E-031   5.3833432246712750E-032   2.5492909288256952E-031
   3.3097340090567560E-019  -3.4402441834479523E-018   2.1491938923399005E-017  -4.2090056915032462E-016   3.4175387803720258E-018  -3.5522999367513030E-017   2.2191975106167337E-016  -1.2649844683640105E-014   4.2304580886773899E-028  -1.7593794993139500E-030  -1.3954250725870229E-030   4.1637907569670720E-028  -1.0228476599203187E-030   4.1200425635262132E-028   5.4901255872981963E-018  -5.7066134518988786E-017   3.5650430965836662E-016  -1.2129123572581171E-014  -3.6290522094742397E-015   2.2581601600195759E-028  -8.3592542698743479E-032   4.7649119612604606E-031   2.7391043473637557E-028   4.8197126704736536E-031   2.3136478832250454E-028
  -5.2447926586639887E-019  -2.4393364153155191E-019   3.7295497263550626E-019  -3.3720103482106162E-019  -5.4156262277201412E-018  -2.5187905659523181E-018   3.8510287498724403E-018  -2.8041338101163386E-018  -1.3381989575058347E-030   9.3863589774970720E-032   3.4745687587212520E-032  -1.4436098168196242E-030  -7.5325576012911856E-032  -1.1694593582521482E-030  -8.6999651019999478E-018  -4.0463261498486797E-018   6.1865081380980426E-018  -3.4809595261170467E-018  -2.2864997846633093E-016   2.1650862209294234E-031   1.4552563433889435E-032   5.3833432246712750E-032   4.8197126704736536E-031   2.6256194701622458E-032   3.3546384086416431E-031
  -6.7845682899838997E-019  -5.0678593712607032E-018   2.8671384687381649E-017  -3.5657605337756027E-016  -7.0055554845402939E-018  -5.2329298631206313E-017   2.9605270027501117E-016  -1.0737764178645116E-014   3.6383460266805502E-028  -1.7826466913303087E-030  -1.2883259651076635E-030   3.5854065186730528E-028  -6.5533423235674206E-031   3.5397140531000903E-028  -1.1254116453530247E-017  -8.4064714358105292E-017   4.7559562873115379E-016  -1.0293467159444921E-014  -2.4232937422928926E-015   1.9127462703742761E-028  -1.0511081279386655E-031   2.5492909288256952E-031   2.3136478832250454E-028   3.3546384086416431E-031   1.9567078992879037E-028
