   8.7559079615430989E-003  -3.3510952733985052E-017  -6.6978847959818003E-017  -4.0295113860509239E-017   4.9464534286406237E-002  -2.2784339248193425E-016  -1.1622647289044603E-016   1.5496887168123119E-017   3.4861618595159184E-018   7.0330972038019836E-018   4.1351509708428086E-019  -4.7826352105964290E-018   1.2399222343878339E-017   3.9404999820826333E-017   7.0650070596937453E-002  -3.1057592388341926E-016  -2.1579688990608369E-016   5.4251086473705781E-017   6.0186927899422435E-018   2.9281235050777756E-019  -1.3023734499234054E-019   6.3128632760797026E-018   3.3061660543994201E-019   5.1886414135245014E-018  -8.8192527898532071E-017
  -3.3510952733985052E-017   8.7559079615434805E-003   1.0087753002540877E-016   5.5885006559345955E-017   1.5646392601681390E-017   4.9464534286407139E-002   4.1290371548668540E-016  -5.6069671651504454E-017   3.1560090374019472E-018  -5.7993123188284008E-018  -5.3898197789271296E-017  -1.6317773574177138E-018  -5.3810609714009567E-017   2.0764389796740467E-016   2.9079205767871650E-017   7.0650070596939007E-002   6.4595861934875923E-016   2.3336162075316671E-017  -1.5013352432301646E-017  -3.0959631303814392E-019  -1.1217823785630220E-018  -1.7183969346499518E-017   2.6678377661192983E-019  -1.8006358870065133E-017  -3.0842630680852086E-016
  -6.6978847959818003E-017   1.0087753002540877E-016   8.7559079615436297E-003  -2.8401978903613150E-017  -2.2312428958846535E-016   1.4489063251416309E-016   4.9464534286407347E-002   1.0063614555496678E-016  -7.0654360901366941E-018  -3.6853040531632580E-018   9.5534701404443965E-017  -5.1783284645216984E-018   8.9143241740114412E-017   1.2477137838178103E-015  -3.5821588028015905E-016   2.0142104672528350E-016   7.0650070596939660E-002   1.5364964569316380E-015   4.7576347357771410E-017  -9.6400550542810744E-019  -2.7406314274744706E-018   4.1902486711543832E-017   6.8679738101305865E-019   4.4288748169189601E-017   1.4739408204007517E-015
  -4.0295113860509239E-017   5.5885006559345955E-017  -2.8401978903613150E-017   3.9582890652029799E-004  -2.3986565985464240E-016   3.0663820835013806E-016  -3.9354146009393013E-016  -6.8195578782971895E-017  -1.7723293144544528E-018  -4.9881207208207692E-018  -6.5802470231984089E-017  -6.0041978026173073E-018  -8.7035134001309175E-017   1.5125048279874315E-002  -3.3612833781310279E-016   4.3567758734668129E-016  -5.7402607542549737E-016   1.4970260296575333E-002  -1.3594976669371815E-016   1.2012064450973465E-018  -5.8223582897241036E-019  -1.4101603573304431E-016   4.7210178707487191E-019  -1.2517119283800181E-016   2.4323970640320160E-003
   4.9464534286406237E-002   1.5646392601681390E-017  -2.2312428958846535E-016  -2.3986565985464240E-016  0.27943877013296692       -1.2927981529626634E-016   2.2049961682923946E-016   8.7546181392833840E-017   1.9694287969376443E-017   3.9731902083148651E-017   2.3360606104500087E-018  -2.7018422805831820E-017   7.0046620116079715E-017  -2.7507059480939374E-016  0.39912169642808221       -1.0074045186011139E-016   3.3664477455675295E-017  -1.8386947221964698E-016   3.4001252317299722E-017   1.6541775695667476E-018  -7.3574661189220778E-019   3.5663102368888334E-017   1.8677442119385072E-018   2.9312063606245440E-017   1.1516223733952096E-016
  -2.2784339248193425E-016   4.9464534286407139E-002   1.4489063251416309E-016   3.0663820835013806E-016  -1.2927981529626634E-016  0.27943877013296503       -6.8304736866586779E-017  -3.1675300928409672E-016   1.7829163797110176E-017  -3.2761911647789585E-017  -3.0448575570146120E-016  -9.2183594663482407E-018  -3.0399094655420790E-016   7.5579080924615639E-016  -1.4662930881056041E-016  0.39912169642808093        2.1998462079730885E-016  -2.7595472768142910E-016  -8.4814560569066714E-017  -1.7489947939698064E-018  -6.3372574460612351E-018  -9.7076973016360721E-017   1.5071349908238805E-018  -1.0172287781159885E-016  -2.0176548033452985E-016
  -1.1622647289044603E-016   4.1290371548668540E-016   4.9464534286407347E-002  -3.9354146009393013E-016   2.2049961682923946E-016  -6.8304736866586779E-017  0.27943877013296259        5.6852128803994352E-016  -3.9914593353874140E-017  -2.0819297038542774E-017   5.3970182577491773E-016  -2.9253802918506580E-017   5.0359471077383528E-016  -1.5115969992718052E-015   9.1633153611233373E-017  -1.2878063054601792E-016  0.39912169642807954        1.8196413023063798E-016   2.6877188241782124E-016  -5.4459324589729397E-018  -1.5482581338921019E-017   2.3671868180124902E-016   3.8799074579301017E-018   2.5019932963427681E-016  -9.3640000610669335E-016
   1.5496887168123119E-017  -5.6069671651504454E-017   1.0063614555496678E-016  -6.8195578782971895E-017   8.7546181392833840E-017  -3.1675300928409672E-016   5.6852128803994352E-016   1.6158187401155765E-029   6.9147208191232221E-031   2.7585140924988231E-031   1.5601671236646993E-029   1.0685535121819872E-030   1.7689588134135969E-029  -2.5002584753556288E-015   1.2504199190642614E-016  -4.5241753087451908E-016   8.1201753368013550E-016  -2.4824297064457285E-015   2.5976566767054364E-029  -5.6074661833760983E-031   3.5272430319255202E-031   2.6623780787140602E-029   2.6879085502111514E-031   2.4099909387278168E-029  -2.8057000138170843E-015
   3.4861618595159184E-018   3.1560090374019472E-018  -7.0654360901366941E-018  -1.7723293144544528E-018   1.9694287969376443E-017   1.7829163797110176E-017  -3.9914593353874140E-017   6.9147208191232221E-031   9.7015303334434947E-032  -7.3207296307678892E-032   6.7209508206644491E-031   4.3963879910175969E-032   5.2226602836838955E-031  -4.9991084496692958E-017   2.8129302245856759E-017   2.5465350055794794E-017  -5.7009913850018569E-017  -5.0782638035735263E-017   8.8657223565290871E-031  -6.2579300673453304E-032   5.0881361970278984E-032   8.8380325829108302E-031   5.5231023052422024E-032   8.3962574828583374E-031  -4.1175755321101947E-016
   7.0330972038019836E-018  -5.7993123188284008E-018  -3.6853040531632580E-018  -4.9881207208207692E-018   3.9731902083148651E-017  -3.2761911647789585E-017  -2.0819297038542774E-017   2.7585140924988231E-031  -7.3207296307678892E-032   1.9567319062427284E-031   2.4356001487808118E-031   5.6190029811712970E-032   8.3616029803319512E-031  -2.1236221366827976E-016   5.6748976365001015E-017  -4.6793756460031381E-017  -2.9736149885390880E-017  -2.0858964369983248E-016   1.3161442297181138E-030   5.6868470400078448E-032  -4.7960801241856146E-032   1.4200894541020311E-030  -7.6925717916623793E-032   1.1829278281050644E-030   4.6130516365097417E-016
   4.1351509708428086E-019  -5.3898197789271296E-017   9.5534701404443965E-017  -6.5802470231984089E-017   2.3360606104500087E-018  -3.0448575570146120E-016   5.3970182577491773E-016   1.5601671236646993E-029   6.7209508206644491E-031   2.4356001487808118E-031   1.5089823587407771E-029   1.0416658767530786E-030   1.7056286470130894E-029  -2.4104722156082046E-015   3.3365895267777938E-018  -4.3489624326619897E-016   7.7085476781236054E-016  -2.3934405302474755E-015   2.5082994138559563E-029  -5.4808536139960183E-031   3.4639997570929862E-031   2.5704583378917382E-029   2.6535225453688171E-031   2.3274098449811141E-029  -2.7535336472702965E-015
  -4.7826352105964290E-018  -1.6317773574177138E-018  -5.1783284645216984E-018  -6.0041978026173073E-018  -2.7018422805831820E-017  -9.2183594663482407E-018  -2.9253802918506580E-017   1.0685535121819872E-030   4.3963879910175969E-032   5.6190029811712970E-032   1.0416658767530786E-030   9.9985542508067732E-032   1.3124304454857109E-030  -2.2605089720411512E-016  -3.8590345713100437E-017  -1.3166559768145529E-017  -4.1783133536736632E-017  -2.2398563057116686E-016   2.0943355102691549E-030  -2.8792528490265975E-032   1.9589684517526386E-032   2.1691923227229263E-030   3.1825668954356363E-033   1.9338079252605109E-030  -1.1321841414964900E-016
   1.2399222343878339E-017  -5.3810609714009567E-017   8.9143241740114412E-017  -8.7035134001309175E-017   7.0046620116079715E-017  -3.0399094655420790E-016   5.0359471077383528E-016   1.7689588134135969E-029   5.2226602836838955E-031   8.3616029803319512E-031   1.7056286470130894E-029   1.3124304454857109E-030   2.0986119536062547E-029  -3.2776875026847255E-015   1.0004741230602934E-016  -4.3418950859882985E-016   7.1928306577009190E-016  -3.2476730967696588E-015   3.1342478566321689E-029  -4.2864456364008829E-031   2.3280779096438966E-031   3.2332917575719975E-029   5.8193844922537385E-032   2.8956418637137119E-029  -1.6204200344425100E-015
   3.9404999820826333E-017   2.0764389796740467E-016   1.2477137838178103E-015   1.5125048279874315E-002  -2.7507059480939374E-016   7.5579080924615639E-016  -1.5115969992718052E-015  -2.5002584753556288E-015  -4.9991084496692958E-017  -2.1236221366827976E-016  -2.4104722156082046E-015  -2.2605089720411512E-016  -3.2776875026847255E-015  0.58183299986945602       -1.2836883933753474E-016   9.8010111804569126E-016  -2.7421282354383130E-015  0.57559279817350628       -5.1247707629785807E-015   3.3183182231558323E-017  -1.2045927268662011E-017  -5.3247985982300142E-015   3.0687193608854282E-017  -4.7128942600524411E-015   5.0319415496652203E-003
   7.0650070596937453E-002   2.9079205767871650E-017  -3.5821588028015905E-016  -3.3612833781310279E-016  0.39912169642808221       -1.4662930881056041E-016   9.1633153611233373E-017   1.2504199190642614E-016   2.8129302245856759E-017   5.6748976365001015E-017   3.3365895267777938E-018  -3.8590345713100437E-017   1.0004741230602934E-016  -1.2836883933753474E-016  0.57006452069564462       -8.9568651974458747E-017  -2.7086984275929516E-016  -2.0807527429135085E-018   4.8563903638360319E-017   2.3626576850613743E-018  -1.0508650454619747E-018   5.0937519910302501E-017   2.6676943861724351E-018   4.1866347131305883E-017  -1.8556790197830825E-016
  -3.1057592388341926E-016   7.0650070596939007E-002   2.0142104672528350E-016   4.3567758734668129E-016  -1.0074045186011139E-016  0.39912169642808093       -1.2878063054601792E-016  -4.5241753087451908E-016   2.5465350055794794E-017  -4.6793756460031381E-017  -4.3489624326619897E-016  -1.3166559768145529E-017  -4.3418950859882985E-016   9.8010111804569126E-016  -8.9568651974458747E-017  0.57006452069564495        2.6961397524283306E-016  -4.9165588181926613E-016  -1.2114042471637180E-016  -2.4980848895124473E-018  -9.0514889589942143E-018  -1.3865479774319262E-016   2.1526371376366656E-018  -1.4529053194155212E-016  -3.6066445017101628E-017
  -2.1579688990608369E-016   6.4595861934875923E-016   7.0650070596939660E-002  -5.7402607542549737E-016   3.3664477455675295E-017   2.1998462079730885E-016  0.39912169642807954        8.1201753368013550E-016  -5.7009913850018569E-017  -2.9736149885390880E-017   7.7085476781236054E-016  -4.1783133536736632E-017   7.1928306577009190E-016  -2.7421282354383130E-015  -2.7086984275929516E-016   2.6961397524283306E-016  0.57006452069564573       -3.0790377352929121E-016   3.8388620738534987E-016  -7.7784117093833441E-018  -2.2113732200208558E-017   3.3810470111852603E-016   5.5416621174508690E-018   3.5735907669964985E-016   1.4647074007220079E-015
   5.4251086473705781E-017   2.3336162075316671E-017   1.5364964569316380E-015   1.4970260296575333E-002  -1.8386947221964698E-016  -2.7595472768142910E-016   1.8196413023063798E-016  -2.4824297064457285E-015  -5.0782638035735263E-017  -2.0858964369983248E-016  -2.3934405302474755E-015  -2.2398563057116686E-016  -3.2476730967696588E-015  0.57559279817350628       -2.0807527429135085E-018  -4.9165588181926613E-016  -3.0790377352929121E-016  0.56944038654182205       -5.0774701987231837E-015   3.3778151379492637E-017  -1.2672428869706746E-017  -5.2749776544965900E-015   2.9443619111957030E-017  -4.6698099386465167E-015   1.1441470504921149E-002
   6.0186927899422435E-018  -1.5013352432301646E-017   4.7576347357771410E-017  -1.3594976669371815E-016   3.4001252317299722E-017  -8.4814560569066714E-017   2.6877188241782124E-016   2.5976566767054364E-029   8.8657223565290871E-031   1.3161442297181138E-030   2.5082994138559563E-029   2.0943355102691549E-030   3.1342478566321689E-029  -5.1247707629785807E-015   4.8563903638360319E-017  -1.2114042471637180E-016   3.8388620738534987E-016  -5.0774701987231837E-015   4.8241799096342799E-029  -6.4602645045337486E-031   3.7060347839611864E-031   4.9838974878744449E-029   6.9080662103014728E-032   4.4526813228917146E-029  -2.4183129895226361E-015
   2.9281235050777756E-019  -3.0959631303814392E-019  -9.6400550542810744E-019   1.2012064450973465E-018   1.6541775695667476E-018  -1.7489947939698064E-018  -5.4459324589729397E-018  -5.6074661833760983E-031  -6.2579300673453304E-032   5.6868470400078448E-032  -5.4808536139960183E-031  -2.8792528490265975E-032  -4.2864456364008829E-031   3.3183182231558323E-017   2.3626576850613743E-018  -2.4980848895124473E-018  -7.7784117093833441E-018   3.3778151379492637E-017  -6.4602645045337486E-031   4.5355329845174886E-032  -3.4791116837777805E-032  -6.3962937911680483E-031  -4.0000420083326486E-032  -6.1292812901565772E-031   2.9486389953770844E-016
  -1.3023734499234054E-019  -1.1217823785630220E-018  -2.7406314274744706E-018  -5.8223582897241036E-019  -7.3574661189220778E-019  -6.3372574460612351E-018  -1.5482581338921019E-017   3.5272430319255202E-031   5.0881361970278984E-032  -4.7960801241856146E-032   3.4639997570929862E-031   1.9589684517526386E-032   2.3280779096438966E-031  -1.2045927268662011E-017  -1.0508650454619747E-018  -9.0514889589942143E-018  -2.2113732200208558E-017  -1.2672428869706746E-017   3.7060347839611864E-031  -3.4791116837777805E-032   2.8624918219965869E-032   3.6320911389830207E-031   3.2232985868458762E-032   3.5621473758666389E-031  -2.3421859601830178E-016
   6.3128632760797026E-018  -1.7183969346499518E-017   4.1902486711543832E-017  -1.4101603573304431E-016   3.5663102368888334E-017  -9.7076973016360721E-017   2.3671868180124902E-016   2.6623780787140602E-029   8.8380325829108302E-031   1.4200894541020311E-030   2.5704583378917382E-029   2.1691923227229263E-030   3.2332917575719975E-029  -5.3247985982300142E-015   5.0937519910302501E-017  -1.3865479774319262E-016   3.3810470111852603E-016  -5.2749776544965900E-015   4.9838974878744449E-029  -6.3962937911680483E-031   3.6320911389830207E-031   5.1515885356504936E-029   4.1591377197868422E-032   4.5988851175536853E-029  -2.3038473506185973E-015
   3.3061660543994201E-019   2.6678377661192983E-019   6.8679738101305865E-019   4.7210178707487191E-019   1.8677442119385072E-018   1.5071349908238805E-018   3.8799074579301017E-018   2.6879085502111514E-031   5.5231023052422024E-032  -7.6925717916623793E-032   2.6535225453688171E-031   3.1825668954356363E-033   5.8193844922537385E-032   3.0687193608854282E-017   2.6676943861724351E-018   2.1526371376366656E-018   5.5416621174508690E-018   2.9443619111957030E-017   6.9080662103014728E-032  -4.0000420083326486E-032   3.2232985868458762E-032   4.1591377197868422E-032   4.1773755820839822E-032   8.1606512465370032E-032  -2.8303196919660791E-016
   5.1886414135245014E-018  -1.8006358870065133E-017   4.4288748169189601E-017  -1.2517119283800181E-016   2.9312063606245440E-017  -1.0172287781159885E-016   2.5019932963427681E-016   2.4099909387278168E-029   8.3962574828583374E-031   1.1829278281050644E-030   2.3274098449811141E-029   1.9338079252605109E-030   2.8956418637137119E-029  -4.7128942600524411E-015   4.1866347131305883E-017  -1.4529053194155212E-016   3.5735907669964985E-016  -4.6698099386465167E-015   4.4526813228917146E-029  -6.1292812901565772E-031   3.5621473758666389E-031   4.5988851175536853E-029   8.1606512465370032E-032   4.1107668329589857E-029  -2.3524306075221928E-015
  -8.8192527898532071E-017  -3.0842630680852086E-016   1.4739408204007517E-015   2.4323970640320160E-003   1.1516223733952096E-016  -2.0176548033452985E-016  -9.3640000610669335E-016  -2.8057000138170843E-015  -4.1175755321101947E-016   4.6130516365097417E-016  -2.7535336472702965E-015  -1.1321841414964900E-016  -1.6204200344425100E-015   5.0319415496652203E-003  -1.8556790197830825E-016  -3.6066445017101628E-017   1.4647074007220079E-015   1.1441470504921149E-002  -2.4183129895226361E-015   2.9486389953770844E-016  -2.3421859601830178E-016  -2.3038473506185973E-015  -2.8303196919660791E-016  -2.3524306075221928E-015   2.0024356200180105     
