   6.7973978384863508E-003   6.4336586575169623E-017   4.3967421253096752E-018  -1.9737070598703077E-017   4.9980139623872176E-002   7.7624338792435071E-017  -1.2688012213338262E-016  -2.8420781653767844E-018  -4.0226630182762314E-018   4.9015520788041465E-018   3.1828687386851840E-018   8.4963075449540740E-018  -5.6046989291102470E-018   3.1828480166468400E-016  -6.6925317746629503E-018  -7.1626277563714160E-018   2.8439637047315752E-018   8.6321027438860756E-018   7.9492145584824381E-018  -6.6219317793549619E-019   2.9198020589172065E-016   5.2170441931388936E-002   7.6139137567037669E-017  -1.6185312593787953E-016  -9.2250037061903023E-016   5.0146188980127598E-005   1.4317199043592067E-016  -2.2127824745437253E-017   1.8099834258834615E-016
   6.4336586575169623E-017   6.7973978384866353E-003   8.9062809163119577E-017   1.1156283312495452E-017   4.2640748036183094E-016   4.9980139623872766E-002   2.6065638918459539E-016  -9.2270543161698838E-019   4.1570194195419701E-018   7.4351613855443036E-018   1.4228274685317911E-018  -3.6242131211742529E-018  -3.0207573904568851E-018   1.3898262196781481E-015  -1.2626103335739544E-017  -1.0203603043541545E-018  -3.9513168169581768E-018  -1.8471531204617393E-017   4.1606562310044812E-018  -1.3461929691148471E-017   1.4186298763106212E-015   4.0511823797083970E-016   5.2170441931390268E-002   3.3286721522230838E-016   5.1784211423931007E-016   4.1040867690397377E-016   5.0146188983810362E-005   8.9546686129611272E-017  -1.5486845425579924E-016
   4.3967421253096752E-018   8.9062809163119577E-017   6.7973978384862936E-003   1.2898099377906981E-017   2.5335126568708181E-016   3.4786745754469389E-016   4.9980139623871475E-002  -2.0822112914330884E-017  -3.1910387060463199E-018   6.0865128221404449E-018  -1.2852312769736060E-017  -1.7841881525297872E-017  -3.1462993251383135E-017   4.7646473630343970E-016  -1.6622874620266617E-017   5.1150333287710167E-018  -8.0105666994359912E-018   9.4982765131959416E-018   6.1096050022599256E-018   1.4420948256976578E-017   4.0482117729032607E-016   2.2072113775860414E-016   4.0558592827878157E-016   5.2170441931388832E-002   3.3516473724678560E-016  -4.7548922302768376E-016  -1.4094083615257378E-016   5.0146188982749199E-005  -2.7030407350336099E-016
  -1.9737070598703077E-017   1.1156283312495452E-017   1.2898099377906981E-017   3.8658504603238510E-004  -1.6407412988905393E-016  -2.0088762368817439E-016  -1.9540436014585935E-018  -6.6756195235426324E-017   1.1590459774358739E-017  -5.0617134420893315E-019  -2.5315339154919858E-017   8.5398079456939484E-018  -5.9464416907412929E-017   1.3811555430627306E-002   3.9086035616844771E-017  -9.8242742280758252E-018   6.0917694075116014E-018   7.2754204188340565E-017  -1.2836384315017544E-017   8.0116715406307637E-017   1.5026157632638138E-002  -1.6959386329991468E-016  -1.7744510841275306E-016   1.1407056585080897E-018   8.6888422643677972E-003  -1.5048071281774365E-015  -1.6771502930636291E-015  -1.2217752694076465E-015   4.3789537230033801E-004
   4.9980139623872176E-002   4.2640748036183094E-016   2.5335126568708181E-016  -1.6407412988905393E-016  0.36749945087050828        2.3361326279580210E-016   6.8739132893751172E-016  -2.0898738385014197E-017  -2.9169102946459203E-017   3.6421074732565571E-017   2.2041901776577069E-017   6.3175828742058325E-017  -4.1521103316871353E-017   3.6516054316800934E-016  -4.9379708668246416E-017  -5.2711800399143416E-017   2.0932933705734507E-017   6.4567747452551859E-017   5.8380828992082440E-017  -6.0492376209369107E-018   1.3585494371650346E-016  0.38360583696081285        2.0818938514503903E-016   5.0241176157909866E-016  -2.8840752404674427E-016  -2.3765357423347982E-003  -1.1897867502265724E-017  -4.6030680485484384E-016  -3.2195047974896400E-016
   7.7624338792435071E-017   4.9980139623872766E-002   3.4786745754469389E-016  -2.0088762368817439E-016   2.3361326279580210E-016  0.36749945087050162       -3.4238201763566917E-016  -6.5815792909351112E-018   3.2522154461339251E-017   5.9808322147967122E-017   1.2437574222805592E-017  -3.0671706376326055E-017  -2.3845468434319551E-017  -3.2705757197894680E-016  -9.1795610424189833E-017  -9.6138746153718074E-018  -3.4118923059516018E-017  -1.3939542026317062E-016   3.4822473740722253E-017  -9.7228331756060788E-017  -9.9582510047976898E-016  -4.8573531331169786E-017  0.38360583696081130        9.1030460249641801E-017  -7.0638913073921265E-016  -1.8614843116999899E-016  -2.3765357423398380E-003   1.0771732567244179E-016   4.5926693623526686E-016
  -1.2688012213338262E-016   2.6065638918459539E-016   4.9980139623871475E-002  -1.9540436014585935E-018   6.8739132893751172E-016  -3.4238201763566917E-016  0.36749945087050107       -1.5438782687625954E-016  -1.6896456331890607E-017   4.6347282714286084E-017  -8.9008806519760597E-017  -1.3309364745671971E-016  -2.3488286062990515E-016   1.8661604057318109E-016  -1.2096914956643842E-016   3.2113230017374917E-017  -5.9571650224116873E-017   6.5332992602033966E-017   4.6319427155049336E-017   1.0984201718456204E-016  -6.4477039918706124E-016   3.9275146247040180E-016  -4.5632690595543340E-017  0.38360583696081008       -1.0315121857517892E-015   3.2610451714261257E-016   7.1196174154611799E-016  -2.3765357423407921E-003   4.9875272135089656E-016
  -2.8420781653767844E-018  -9.2270543161698838E-019  -2.0822112914330884E-017  -6.6756195235426324E-017  -2.0898738385014197E-017  -6.5815792909351112E-018  -1.5438782687625954E-016   3.4572356637819442E-029  -1.1958333869755456E-030   8.9809978257761081E-031   3.1800402439044594E-029  -1.4117203448328506E-030   4.6333798815821447E-029  -3.5222396643096697E-015   1.4010312378990860E-030   4.6101389164528112E-031  -2.6249263819674327E-030  -1.2288066416037163E-029   3.6034936979830877E-030  -1.2771255781158503E-029  -3.7057143634419674E-015  -2.1815075902226206E-017  -6.8004848954936114E-018  -1.6159432274054473E-016   4.9100897774587068E-015   1.0052378962191894E-018  -1.4782821726886578E-016   9.3686221642605936E-016  -9.8664794155971596E-017
  -4.0226630182762314E-018   4.1570194195419701E-018  -3.1910387060463199E-018   1.1590459774358739E-017  -2.9169102946459203E-017   3.2522154461339251E-017  -1.6896456331890607E-017  -1.1958333869755456E-030   1.6249367919835379E-029   8.1789096738265329E-030   1.8297056762718137E-029  -7.7251489332003297E-030  -4.9610214296342151E-030   2.8566216125898009E-016   6.7917072877455423E-030  -1.4736689377925824E-029  -6.8387340152870453E-030  -1.1292169712196518E-029   7.6505908443954799E-030   1.2934695097670495E-029   3.2503535643886139E-016  -3.0307311864066939E-017   3.4617621133952902E-017  -1.5387117587449429E-017   1.0975875435057651E-015  -2.9787964512897953E-016  -1.4250574167158494E-015  -4.7836737307698920E-015  -2.4438676542762947E-015
   4.9015520788041465E-018   7.4351613855443036E-018   6.0865128221404449E-018  -5.0617134420893315E-019   3.6421074732565571E-017   5.9808322147967122E-017   4.6347282714286084E-017   8.9809978257761081E-031   8.1789096738265329E-030   9.9769900621954940E-030   1.0426048549321181E-029  -8.4775995532447488E-030  -2.5897852992381087E-030  -5.6984624043635843E-017   3.7996635204197892E-030  -8.2191240705124238E-030  -9.8567449566800921E-030  -9.9998467027646505E-030   9.1936396721278140E-030   6.3004373423092367E-030  -5.7683991338849974E-017   3.8147627782377331E-017   6.4189918514937068E-017   4.8924550744874843E-017   3.0426794140642184E-016  -2.7734623201347916E-016  -3.7434083037857121E-015  -1.1612524242112415E-015  -2.0920989027435206E-015
   3.1828687386851840E-018   1.4228274685317911E-018  -1.2852312769736060E-017  -2.5315339154919858E-017   2.2041901776577069E-017   1.2437574222805592E-017  -8.9008806519760597E-017   3.1800402439044594E-029   1.8297056762718137E-029   1.0426048549321181E-029   5.6634824646805924E-029  -1.0353444234571348E-029   4.2064811907425214E-029  -2.3451300570131280E-015   1.3743256406674869E-029  -1.7725925999270265E-029  -1.0861694114436397E-029  -2.0919032898183779E-029   1.2372697060076010E-029   9.1269043002557959E-030  -2.3914083875435229E-015   2.2541496924908102E-017   1.3659539195924950E-017  -9.1027845756492602E-017   7.7327035117297808E-015   9.9161803549482966E-016  -1.4392681383232217E-015  -4.0009303285040618E-015  -3.9776004936207655E-015
   8.4963075449540740E-018  -3.6242131211742529E-018  -1.7841881525297872E-017   8.5398079456939484E-018   6.3175828742058325E-017  -3.0671706376326055E-017  -1.3309364745671971E-016  -1.4117203448328506E-030  -7.7251489332003297E-030  -8.4775995532447488E-030  -1.0353444234571348E-029   7.8826935710886324E-030   2.1700706950155241E-030   3.0959047491857031E-016  -2.5863892347771027E-030   7.7505891162641971E-030   8.5462105010075884E-030   1.1136660170073795E-029  -8.3178513853945210E-030  -4.7623770288269731E-030   3.3632539067639673E-016   6.6185567986184276E-017  -3.3394311561449125E-017  -1.3957902112415072E-016   6.9155915948284512E-017  -5.1269727627979451E-016   2.9309428564859683E-015   1.3877828780939556E-015   2.1247928066080735E-015
  -5.6046989291102470E-018  -3.0207573904568851E-018  -3.1462993251383135E-017  -5.9464416907412929E-017  -4.1521103316871353E-017  -2.3845468434319551E-017  -2.3488286062990515E-016   4.6333798815821447E-029  -4.9610214296342151E-030  -2.5897852992381087E-030   4.2064811907425214E-029   2.1700706950155241E-030   6.7405040272136888E-029  -3.8877751639815359E-015   5.1497582012392810E-030   3.7177381843089945E-030   2.0093147367153257E-031  -6.3107839419516516E-030   6.4322824868882861E-031  -1.3686622320745948E-029  -4.0338791369544456E-015  -4.3447142708486353E-017  -2.5450394237328623E-017  -2.4638929975929450E-016   8.5775813675833923E-015   2.2628002491580369E-016   1.1905429039077910E-015   2.5790462289736074E-015   4.4758921404438996E-016
   3.1828480166468400E-016   1.3898262196781481E-015   4.7646473630343970E-016   1.3811555430627306E-002   3.6516054316800934E-016  -3.2705757197894680E-016   1.8661604057318109E-016  -3.5222396643096697E-015   2.8566216125898009E-016  -5.6984624043635843E-017  -2.3451300570131280E-015   3.0959047491857031E-016  -3.8877751639815359E-015  0.55097739747135122        9.8069204435781969E-016  -2.2216948009005702E-016   2.7646310986625331E-016   2.6276219628391963E-015  -5.2156315193199526E-016   2.7640663632524899E-015  0.59304283171459260        3.8046575512850418E-016   7.9498315373667355E-016   2.4150926118664830E-016  -1.3136145055123508E-002   1.1173894071634008E-015   3.0609669030909372E-015   4.1457392075870823E-015   9.0803057862219214E-004
  -6.6925317746629503E-018  -1.2626103335739544E-017  -1.6622874620266617E-017   3.9086035616844771E-017  -4.9379708668246416E-017  -9.1795610424189833E-017  -1.2096914956643842E-016   1.4010312378990860E-030   6.7917072877455423E-030   3.7996635204197892E-030   1.3743256406674869E-029  -2.5863892347771027E-030   5.1497582012392810E-030   9.8069204435781969E-016   8.9990125873578502E-030  -6.5537913255340771E-030  -3.3784102598995101E-030   2.1954748382312832E-030   2.8507124416850312E-030   1.2460695005099110E-029   1.1130919230243304E-015  -5.1602157541151788E-017  -9.5461403540074322E-017  -1.2584009043322241E-016   3.2896991598276622E-015   1.2425053562554658E-016  -7.5918249844116913E-016  -9.1514622525188997E-016  -1.4335869736514691E-015
  -7.1626277563714160E-018  -1.0203603043541545E-018   5.1150333287710167E-018  -9.8242742280758252E-018  -5.2711800399143416E-017  -9.6138746153718074E-018   3.2113230017374917E-017   4.6101389164528112E-031  -1.4736689377925824E-029  -8.2191240705124238E-030  -1.7725925999270265E-029   7.7505891162641971E-030   3.7177381843089945E-030  -2.2216948009005702E-016  -6.5537913255340771E-030   1.3641696831208744E-029   7.2468338103510151E-030   1.1031019791947893E-029  -7.8940334920568105E-030  -1.2022264575373365E-029  -2.5600153391488000E-016  -5.5037637031092502E-017  -1.0758544068183744E-017   3.1637317818719481E-017  -1.0737776182632216E-015   3.3592005080929909E-017   1.5380330317030431E-015   4.0042557045284545E-015   2.7426080548884809E-015
   2.8439637047315752E-018  -3.9513168169581768E-018  -8.0105666994359912E-018   6.0917694075116014E-018   2.0932933705734507E-017  -3.4118923059516018E-017  -5.9571650224116873E-017  -2.6249263819674327E-030  -6.8387340152870453E-030  -9.8567449566800921E-030  -1.0861694114436397E-029   8.5462105010075884E-030   2.0093147367153257E-031   2.7646310986625331E-016  -3.3784102598995101E-030   7.2468338103510151E-030   1.0177132948039263E-029   1.0578843645334616E-029  -9.4717080001956060E-030  -4.7897012758961274E-030   2.9425296848705433E-016   2.1857735396568602E-017  -3.7349619373001852E-017  -6.2412270698665974E-017  -3.0817356078348214E-016  -1.5815907581640923E-017   3.6900609923633970E-015   4.8894798449906667E-016   2.4709568294995178E-015
   8.6321027438860756E-018  -1.8471531204617393E-017   9.4982765131959416E-018   7.2754204188340565E-017   6.4567747452551859E-017  -1.3939542026317062E-016   6.5332992602033966E-017  -1.2288066416037163E-029  -1.1292169712196518E-029  -9.9998467027646505E-030  -2.0919032898183779E-029   1.1136660170073795E-029  -6.3107839419516516E-030   2.6276219628391963E-015   2.1954748382312832E-030   1.1031019791947893E-029   1.0578843645334616E-029   2.7530928607125074E-029  -1.2153936817333934E-029   4.9629563188912054E-030   2.8555632693837095E-015   6.7773280064211827E-017  -1.4672981855791050E-016   6.6652237234991460E-017   1.3355372182703865E-015  -7.9930426933225756E-016   2.6058234678523246E-015   3.2827385774857059E-015   3.1204956385259985E-015
   7.9492145584824381E-018   4.1606562310044812E-018   6.1096050022599256E-018  -1.2836384315017544E-017   5.8380828992082440E-017   3.4822473740722253E-017   4.6319427155049336E-017   3.6034936979830877E-030   7.6505908443954799E-030   9.1936396721278140E-030   1.2372697060076010E-029  -8.3178513853945210E-030   6.4322824868882861E-031  -5.2156315193199526E-016   2.8507124416850312E-030  -7.8940334920568105E-030  -9.4717080001956060E-030  -1.2153936817333934E-029   9.2384508468679565E-030   3.9253058004070352E-030  -5.6044878818381519E-016   6.0915834639527899E-017   3.7797690411423012E-017   4.8827758845868182E-017   1.8668444537533669E-016   4.9906326181252599E-017  -3.0812875754007998E-015  -1.0172715299518381E-015  -2.6261156652088795E-015
  -6.6219317793549619E-019  -1.3461929691148471E-017   1.4420948256976578E-017   8.0116715406307637E-017  -6.0492376209369107E-018  -9.7228331756060788E-017   1.0984201718456204E-016  -1.2771255781158503E-029   1.2934695097670495E-029   6.3004373423092367E-030   9.1269043002557959E-030  -4.7623770288269731E-030  -1.3686622320745948E-029   2.7640663632524899E-015   1.2460695005099110E-029  -1.2022264575373365E-029  -4.7897012758961274E-030   4.9629563188912054E-030   3.9253058004070352E-030   2.4589642527171831E-029   3.0180444884515209E-015  -6.7186939699312271E-018  -1.0088793708456364E-016   1.1596003543129036E-016   2.4609262353234383E-015   8.5976342996159684E-016  -1.2785657913673266E-015  -2.7733005282364322E-015  -2.2173549869836147E-015
   2.9198020589172065E-016   1.4186298763106212E-015   4.0482117729032607E-016   1.5026157632638138E-002   1.3585494371650346E-016  -9.9582510047976898E-016  -6.4477039918706124E-016  -3.7057143634419674E-015   3.2503535643886139E-016  -5.7683991338849974E-017  -2.3914083875435229E-015   3.3632539067639673E-016  -4.0338791369544456E-015  0.59304283171459260        1.1130919230243304E-015  -2.5600153391488000E-016   2.9425296848705433E-016   2.8555632693837095E-015  -5.6044878818381519E-016   3.0180444884515209E-015  0.63895508482571506        1.4558893554356186E-016   1.9796485440336167E-016  -6.1383277344891847E-016   2.1635946828419381E-002  -2.6963946499912104E-016  -2.3554873479628689E-015  -2.8074140906267717E-015   2.6313366485220657E-003
   5.2170441931388936E-002   4.0511823797083970E-016   2.2072113775860414E-016  -1.6959386329991468E-016  0.38360583696081285       -4.8573531331169786E-017   3.9275146247040180E-016  -2.1815075902226206E-017  -3.0307311864066939E-017   3.8147627782377331E-017   2.2541496924908102E-017   6.6185567986184276E-017  -4.3447142708486353E-017   3.8046575512850418E-016  -5.1602157541151788E-017  -5.5037637031092502E-017   2.1857735396568602E-017   6.7773280064211827E-017   6.0915834639527899E-017  -6.7186939699312271E-018   1.4558893554356186E-016  0.40041855943465338       -8.8003018176554944E-017   1.8533117458508552E-016  -1.0575233054611560E-016  -3.4212242299865104E-003  -1.7166933481773155E-017   5.2602699494226666E-016   1.2847923349636200E-016
   7.6139137567037669E-017   5.2170441931390268E-002   4.0558592827878157E-016  -1.7744510841275306E-016   2.0818938514503903E-016  0.38360583696081130       -4.5632690595543340E-017  -6.8004848954936114E-018   3.4617621133952902E-017   6.4189918514937068E-017   1.3659539195924950E-017  -3.3394311561449125E-017  -2.5450394237328623E-017   7.9498315373667355E-016  -9.5461403540074322E-017  -1.0758544068183744E-017  -3.7349619373001852E-017  -1.4672981855791050E-016   3.7797690411423012E-017  -1.0088793708456364E-016   1.9796485440336167E-016  -8.8003018176554944E-017  0.40041855943465737        4.2093910897509609E-016  -6.0346710368829843E-017  -2.7429557708665964E-017  -3.4212242299835028E-003  -8.7377841234616962E-017  -5.2503844696020125E-016
  -1.6185312593787953E-016   3.3286721522230838E-016   5.2170441931388832E-002   1.1407056585080897E-018   5.0241176157909866E-016   9.1030460249641801E-017  0.38360583696081008       -1.6159432274054473E-016  -1.5387117587449429E-017   4.8924550744874843E-017  -9.1027845756492602E-017  -1.3957902112415072E-016  -2.4638929975929450E-016   2.4150926118664830E-016  -1.2584009043322241E-016   3.1637317818719481E-017  -6.2412270698665974E-017   6.6652237234991460E-017   4.8827758845868182E-017   1.1596003543129036E-016  -6.1383277344891847E-016   1.8533117458508552E-016   4.2093910897509609E-016  0.40041855943465532       -7.1112645724474436E-016  -4.0747918855520127E-016  -1.2671110186803154E-016  -3.4212242299811483E-003  -6.7991161641336180E-016
  -9.2250037061903023E-016   5.1784211423931007E-016   3.3516473724678560E-016   8.6888422643677972E-003  -2.8840752404674427E-016  -7.0638913073921265E-016  -1.0315121857517892E-015   4.9100897774587068E-015   1.0975875435057651E-015   3.0426794140642184E-016   7.7327035117297808E-015   6.9155915948284512E-017   8.5775813675833923E-015  -1.3136145055123508E-002   3.2896991598276622E-015  -1.0737776182632216E-015  -3.0817356078348214E-016   1.3355372182703865E-015   1.8668444537533669E-016   2.4609262353234383E-015   2.1635946828419381E-002  -1.0575233054611560E-016  -6.0346710368829843E-017  -7.1112645724474436E-016   2.0193031932786187       -3.2791938715761536E-016  -1.1843569565103771E-015  -2.4683120074331883E-015   7.3154690352710645E-004
   5.0146188980127598E-005   4.1040867690397377E-016  -4.7548922302768376E-016  -1.5048071281774365E-015  -2.3765357423347982E-003  -1.8614843116999899E-016   3.2610451714261257E-016   1.0052378962191894E-018  -2.9787964512897953E-016  -2.7734623201347916E-016   9.9161803549482966E-016  -5.1269727627979451E-016   2.2628002491580369E-016   1.1173894071634008E-015   1.2425053562554658E-016   3.3592005080929909E-017  -1.5815907581640923E-017  -7.9930426933225756E-016   4.9906326181252599E-017   8.5976342996159684E-016  -2.6963946499912104E-016  -3.4212242299865104E-003  -2.7429557708665964E-017  -4.0747918855520127E-016  -3.2791938715761536E-016   1.9998301569256287       -5.1607462427031324E-017   5.3854577973544042E-016   5.5643029176336037E-018
   1.4317199043592067E-016   5.0146188983810362E-005  -1.4094083615257378E-016  -1.6771502930636291E-015  -1.1897867502265724E-017  -2.3765357423398380E-003   7.1196174154611799E-016  -1.4782821726886578E-016  -1.4250574167158494E-015  -3.7434083037857121E-015  -1.4392681383232217E-015   2.9309428564859683E-015   1.1905429039077910E-015   3.0609669030909372E-015  -7.5918249844116913E-016   1.5380330317030431E-015   3.6900609923633970E-015   2.6058234678523246E-015  -3.0812875754007998E-015  -1.2785657913673266E-015  -2.3554873479628689E-015  -1.7166933481773155E-017  -3.4212242299835028E-003  -1.2671110186803154E-016  -1.1843569565103771E-015  -5.1607462427031324E-017   1.9998301569256296       -5.5637490006464578E-016   5.5571504701748493E-016
  -2.2127824745437253E-017   8.9546686129611272E-017   5.0146188982749199E-005  -1.2217752694076465E-015  -4.6030680485484384E-016   1.0771732567244179E-016  -2.3765357423407921E-003   9.3686221642605936E-016  -4.7836737307698920E-015  -1.1612524242112415E-015  -4.0009303285040618E-015   1.3877828780939556E-015   2.5790462289736074E-015   4.1457392075870823E-015  -9.1514622525188997E-016   4.0042557045284545E-015   4.8894798449906667E-016   3.2827385774857059E-015  -1.0172715299518381E-015  -2.7733005282364322E-015  -2.8074140906267717E-015   5.2602699494226666E-016  -8.7377841234616962E-017  -3.4212242299811483E-003  -2.4683120074331883E-015   5.3854577973544042E-016  -5.5637490006464578E-016   1.9998301569256336        1.1022047648268491E-015
   1.8099834258834615E-016  -1.5486845425579924E-016  -2.7030407350336099E-016   4.3789537230033801E-004  -3.2195047974896400E-016   4.5926693623526686E-016   4.9875272135089656E-016  -9.8664794155971596E-017  -2.4438676542762947E-015  -2.0920989027435206E-015  -3.9776004936207655E-015   2.1247928066080735E-015   4.4758921404438996E-016   9.0803057862219214E-004  -1.4335869736514691E-015   2.7426080548884809E-015   2.4709568294995178E-015   3.1204956385259985E-015  -2.6261156652088795E-015  -2.2173549869836147E-015   2.6313366485220657E-003   1.2847923349636200E-016  -5.2503844696020125E-016  -6.7991161641336180E-016   7.3154690352710645E-004   5.5643029176336037E-018   5.5571504701748493E-016   1.1022047648268491E-015   2.0001266247820935     
