 2.3611003858457045E-004 -1.2464832476919430E-003 -2.2004402614586322E-003 -1.1328091797952988E-016  1.6616005573802677E-016  1.0608784436637851E-003 -5.6613397226066408E-003 -9.9940705230120077E-003 -3.5190322296872485E-017 -2.8515986464468358E-018  2.2692501538273078E-017 -2.1688820130454067E-017 -1.3416844380775499E-017  2.4199729709538367E-017 -1.2611081062846245E-016  2.9496267893581079E-016 -1.9666610594449079E-015 -1.0402908042546390E-014  1.3456253413492002E-003 -7.0532736118456485E-003 -1.2451277742884166E-002 -3.7380948997382943E-004  1.9121618181762530E-003  3.3755753729548797E-003  1.1969265341192591E-016 -1.7663436289391261E-003  1.3889231885252641E-004  2.4518921678854890E-004  2.6665648915235241E-016  1.3307229764763975E-015  4.0769242750774817E-016 -7.6072409126573730E-016  1.1039203119543186E-016  6.9792176842374496E-016 -6.6539135129500578E-007  7.1166575959064875E-006  1.2563163021448181E-005  1.9414832486136800E-005 -4.5945855866648062E-005 -8.1109079222163198E-005 -1.8026068737149764E-006 -2.1616070813779226E-005 -2.4245124252201392E-005 -6.4085049488625295E-005  1.7314314916825815E-005  1.3192497206521227E-004  4.7549809861910459E-005 -3.1470245144635997E-017 -2.3295006816777927E-017  4.5954527416147848E-018 -6.4272530669548739E-018 -1.8165777492350589E-018 -3.0258762835045693E-017  2.1292293220571156E-015  1.3882332379764861E-014  4.3909676075375424E-015 -8.5438988482919198E-015  1.0326676229759037E-015  6.9661905326044941E-015 -2.5668516558269045E-006  3.9038083357556458E-006  6.8914767800193768E-006  2.3240695511352726E-007  2.8692912438350986E-006  3.2113859200511015E-006  5.7237147974108450E-006 -1.4619128077725962E-006 -1.1582977558796149E-005 -4.0469580462072360E-006
-1.2464832476919430E-003  6.6245195369109625E-003  1.1691713253036969E-002  3.8476136664370762E-016 -4.8417439520104015E-016 -5.6613503939851595E-003  3.0076073007880767E-002  5.3102012728815977E-002  1.1346211629045016E-016  4.4010916650515461E-017 -5.9333624919384526E-018  3.1171157544544718E-017  2.0507384287669833E-017 -1.8334948817620189E-017  6.5420789899559322E-016 -1.3810216426098284E-015  1.3150152474633916E-014 -4.1889585329517317E-015 -7.0532883194992166E-003  3.7494684460619626E-002  6.6158019171521518E-002  1.9121654189197270E-003 -1.0173918559975221E-002 -1.7935619526342168E-002  9.7487080098922059E-016  1.3889266411350168E-004 -2.4781871764831022E-003 -1.3027770947172332E-003 -3.5979080109893247E-016 -7.9019411822521548E-016  2.0788273727832975E-017 -9.1622082260210165E-017 -4.3080743258061405E-016 -6.5071686695996084E-016  7.1166666611326310E-006 -3.7139262059061122E-005 -6.6752483304099812E-005 -1.0557019721512176E-004  2.4341260858736465E-004  4.3005926969602549E-004  9.7119740732067690E-006  1.1752222622342315E-004  1.3192530834721874E-004  3.4060330590262688E-004 -9.1095244284620738E-005 -7.0037989580165074E-004 -2.5264886756528248E-004  1.1534666527311572E-016  1.5236179466361066E-017 -5.3176536114937356E-018  1.1205184262003052E-016  2.4029774848602027E-018  1.3177717518180597E-016 -4.0091037027911868E-016 -8.1521214516637441E-015  8.4366233563027655E-017  1.8161088681595477E-015 -4.2540743482703713E-015 -4.3625660322447307E-015  9.3773375706709607E-006 -2.2003337405105472E-005 -3.8209809239253949E-005 -9.9800127740122245E-007 -1.0531966761524250E-005 -1.1583017279709538E-005 -3.0240957885586024E-005  9.3606221823932461E-006  6.2575839930364792E-005  2.1502914466664151E-005
-2.2004402614586322E-003  1.1691713253036969E-002  2.0641116258758301E-002  7.3042837367872387E-016 -1.0114389225479441E-015 -9.9940880595337893E-003  5.3102005811560236E-002  9.3737362610775130E-002  1.7629471578837286E-016  5.6829610052371070E-017  7.5859144911317132E-019  5.4335509138732665E-017  4.5658876898108593E-017 -2.6810364317276900E-017  1.0226063809238067E-015 -2.4708342009188056E-015 -3.4296093374251283E-015  8.0765551964118967E-015 -1.2451302174849596E-002  6.6158011032893399E-002  1.1680815278046035E-001  3.3755814652269133E-003 -1.7935618122617767E-002 -3.1676015807211723E-002  6.5383049075029973E-016  2.4518976247659666E-004 -1.3027767556660324E-003 -4.0400201230405865E-003 -3.8063735799353252E-016 -1.0324082211855886E-016  5.8960620660003792E-017 -8.5189834346938305E-016 -2.8586254164770599E-017 -7.1090881757793706E-016  1.2563177149145933E-005 -6.6752473263697356E-005 -1.1716541457145294E-004 -1.8636504997757402E-004  4.3005928064795631E-004  7.5898865356546807E-004  1.7314454473098268E-005  2.0758166615870074E-004  2.3272049775099028E-004  6.0110236125786971E-004 -1.6236078124090149E-004 -1.2365227253707106E-003 -4.4470015989952474E-004  1.9751971465480714E-016 -3.4114074987202122E-018 -2.1171749024510067E-018  2.1316700782764289E-016 -2.0004280233136539E-017  2.1553218556191139E-016  1.7817778382754415E-015 -1.0436176303314776E-015  4.4471321173399860E-016 -4.0129474440785477E-015  2.8217670218525523E-016 -2.9670449217937262E-015  1.6553989872619513E-005 -3.8209754748956868E-005 -6.7811153637032192E-005 -1.4619852802486214E-006 -1.8384766937490700E-005 -2.0747522718380200E-005 -5.3687066174452422E-005  1.3788933871717364E-005  1.1023851244116678E-004  4.0265785256930933E-005
-1.1328091797952988E-016  3.8476136664370762E-016  7.3042837367872387E-016  1.6369874953964480E-005 -5.7255835164172560E-005 -2.3109863966635680E-016  1.8660464556157610E-015  3.1666802244831249E-015  6.5489145779017216E-006  1.0553994805313873E-006  1.8630951981018025E-006  1.8644877644850354E-006 -9.8994366132081407E-006 -8.4134023422936460E-006  1.3858025314417434E-005 -5.1855414798985738E-005 -4.0916700741844532E-003  1.7115054494726400E-004 -8.3264827844073176E-016  1.9583690968241632E-015  4.3407069956336628E-015  4.1611302644582458E-016 -3.1323670901979530E-016 -1.3736749775184566E-015 -1.2211712937955087E-005  4.1371180856409777E-014  1.6442569682122309E-015 -6.8288839038212161E-015  1.7701809843983856E-004  2.8526445902906427E-005  5.0360061000694790E-005  5.0396796986876339E-005 -2.6758261544402489E-004 -2.2741489542774066E-004  4.3920115936585734E-015  4.0510821369096184E-015  8.3757807684670828E-015  8.8907070535345073E-018  1.4382082423167518E-017  3.2601258370945676E-017 -1.1550288659208951E-018 -6.9179578528455649E-018 -7.5133661625540109E-018  1.9416458181644749E-017 -4.5012580731461196E-018 -3.9396879662268072E-017 -7.5200781320878088E-018  8.7097127962578064E-007  1.4038632056512195E-007  2.4778727597372688E-007  2.4798244455556748E-007 -1.3165807445825387E-006 -1.1189537239443576E-006  1.8799347208599112E-003  3.0295149028899151E-004  5.3482458062004059E-004  5.3521481930553292E-004 -2.8417312953419108E-003 -2.4151495401679508E-003  2.1236312851071332E-017  9.9846727797534417E-020  4.6320801648483735E-018 -9.3329720149442019E-019 -2.3212084920123932E-017 -2.5564764947446652E-017 -7.7580681422647247E-018  8.7160057372374893E-020  6.4158196676682977E-018  1.3854866748235853E-017
 1.6616005573802677E-016 -4.8417439520104015E-016 -1.0114389225479441E-015 -5.7255835164172560E-005  2.0120204794020618E-004  2.6618967323834546E-016 -2.5509720379511347E-015 -4.1090483704926321E-015 -2.4530812605773649E-005 -3.9533021197941998E-006 -6.9787886406994454E-006 -6.9839842333447444E-006  3.7081126560159630E-005  3.1514796838819812E-005 -5.6897264910264942E-005  1.8895337140312674E-004  1.3355701285571359E-002 -5.6213290399992691E-004  1.2342932035530812E-015 -2.1207906537153587E-015 -6.6028481063586322E-015 -6.4409861862098614E-016 -3.8492409804295166E-017  2.6102993964548448E-015  4.2610949072442923E-005 -6.6339498386360898E-014 -6.7208320921417152E-015  1.5240935362415305E-014 -6.6244754132288521E-004 -1.0675506348396409E-004 -1.8846102324199837E-004 -1.8859914243534310E-004  1.0013638081063936E-003  8.5104668376160923E-004 -1.2142677447763560E-014 -1.1685326761977762E-014 -2.2032890440822374E-014 -2.3199733797851956E-017 -1.5239234371714713E-017 -5.4010267242435506E-017  3.9207499953059029E-018  1.5831039092494612E-017  1.6655503658930740E-017 -2.5552959835488488E-017  7.8357817930160586E-019  4.9368840067095148E-017 -8.1689489747004716E-018 -2.5350214265441364E-006 -4.0858961745214907E-007 -7.2120705572096379E-007 -7.2176247654731739E-007  3.8319908755590569E-006  3.2567839023334258E-006 -7.0403987928557669E-003 -1.1345783486448324E-003 -2.0029372898458038E-003 -2.0044053703550135E-003  1.0642353247799601E-002  9.0448041632190876E-003 -3.5142258974271001E-017  1.8580415109325508E-018 -1.5121667724065702E-017  4.3967367843955252E-019  3.7921221553334666E-017  4.0909157425391150E-017  1.7759048720541391E-017 -4.2550067744646831E-018 -8.7452813924139061E-018 -4.7796532715412919E-017
 1.0608784436637851E-003 -5.6613503939851595E-003 -9.9940880595337893E-003 -2.3109863966635680E-016  2.6618967323834546E-016  4.8529417580260451E-003 -2.5710613310596122E-002 -4.5387433928000182E-002 -5.0849621857693800E-017 -3.6700459348740239E-017 -4.0244666600652955E-017  1.5906820123737543E-017 -8.3149170928368257E-018 -3.1909808012375494E-017 -4.6537058331557174E-016  1.0838649007862103E-015  2.4936780907010191E-015  2.1031830796629303E-014  5.9752328154775245E-003 -3.2042390115350539E-002 -5.6565039408185212E-002 -1.5937411900496647E-003  8.6935641272271793E-003  1.5346913116772137E-002  2.3954928395090470E-015  5.1406730673000632E-003  8.5260834996787915E-004  1.5051259796593714E-003  1.5038594590870325E-016 -2.2258454226000671E-015 -9.5661137847354362E-016  1.9627836076262734E-015 -1.0033240885111505E-016 -1.1579806814450183E-015 -7.3206019665073969E-006  2.8588942065083045E-005  5.0468628221072418E-005  9.1645886726426560E-005 -2.0800340900792796E-004 -3.6719231087324378E-004 -8.4848101571595564E-006 -1.0208328652649333E-004 -1.1447104938846040E-004 -2.9126213300724490E-004  7.8346733111055110E-005  5.9877256621233919E-004  2.1529278227758173E-004 -8.1652521722478213E-017  3.9082086551321840E-017 -5.7499446619497815E-018 -1.3364702896801404E-016  8.8635288404206083E-018 -8.4090429298810025E-017 -1.1963374621568898E-015 -2.3230038123715609E-014 -1.0088645430395288E-014  1.8323741750963951E-014 -1.2047242031764486E-015 -1.4594383530067828E-014 -5.5240062276800588E-006  1.8899490378112475E-005  3.3363670245730233E-005  5.2880616144046881E-007  6.1197145440324840E-006  6.8824259010518691E-006  2.5612893555367388E-005 -7.1467773095521677E-006 -5.3262793034739852E-005 -1.9540918267641182E-005
-5.6613397226066408E-003  3.0076073007880767E-002  5.3102005811560236E-002  1.8660464556157610E-015 -2.5509720379511347E-015 -2.5710613310596122E-002  1.3662333998044504E-001  2.4115894975745714E-001  4.3868603508559058E-016  1.3022952984862512E-016  1.8096789153185773E-017  1.2243834999418794E-016  1.4767572608489912E-016 -6.1704089903991560E-017  2.5332002282601209E-015 -6.2837770266631407E-015 -1.4013247741785245E-014  1.6855796427987115E-014 -3.2042396530075519E-002  1.7019684935652812E-001  3.0054938820059113E-001  8.6935641144460559E-003 -4.6149442769051287E-002 -8.1543394990090598E-002 -2.4516529453100892E-015  8.5260847103482370E-004  7.7093848900044179E-004 -7.9972487885785586E-003 -2.0636416647552932E-015  1.4997947018354654E-015  9.2332925194832402E-018 -2.0300072053605060E-015  5.8452265849440906E-016 -9.2377825945726381E-016  2.8588926608921020E-005 -1.5384293872419043E-004 -2.6815710951306917E-004 -4.7959721776336703E-004  1.1073679032089967E-003  1.9537653891655445E-003  4.4674223983668858E-005  5.3427461630148733E-004  5.9877296444944166E-004  1.5472801063775349E-003 -4.1903010795637792E-004 -3.1832620020596503E-003 -1.1439241386730203E-003  5.1982492447549164E-016 -5.8878120614268534E-017  6.2331814990827018E-018  5.4055850974304870E-016 -5.3218122608175434E-017  5.3940533091455354E-016 -6.7369236031121541E-015  1.5710699071127338E-014 -2.5988858088477123E-016 -8.6891196053851680E-015  7.8202808131216109E-015  2.0188418642903174E-015  4.2331849807537821E-005 -9.6578009689370423E-005 -1.7241996889734524E-004 -3.5312627000615947E-006 -4.6874997523264144E-005 -5.3262873585732215E-005 -1.3661143424295908E-004  3.3120660162146691E-005  2.7986148178429568E-004  1.0382757458547473E-004
-9.9940705230120077E-003  5.3102012728815977E-002  9.3737362610775130E-002  3.1666802244831249E-015 -4.1090483704926321E-015 -4.5387433928000182E-002  2.4115894975745714E-001  4.2573653733054861E-001  8.1736210525077282E-016  2.9311338466787726E-016  2.2378381695329239E-017  2.0513363899367941E-016  2.4461617847672327E-016 -8.2564433703686896E-017  4.7518932115566697E-015 -1.0950012553978141E-014  3.3056545534052128E-014 -5.0164695377470497E-015 -5.6565051140687057E-002  3.0054939037091327E-001  5.3051022094404499E-001  1.5346913889270841E-002 -8.1543399214526649E-002 -1.4390766853624956E-001 -9.3007958962726499E-016  1.5051260809623550E-003 -7.9972481913744321E-003 -8.8165564770347170E-003 -4.1593783842261658E-015  5.1051219442187588E-016  3.4464901760364584E-017 -2.6778526093192902E-015 -3.0411754644874024E-016 -2.0267243590183931E-015  5.0468599241202414E-005 -2.6815710066503977E-004 -4.7532283459160966E-004 -8.4664207526737999E-004  1.9537656934364568E-003  3.4496376695632531E-003  7.8347228657330904E-005  9.4280726364141245E-004  1.0575423110704735E-003  2.7319640034816324E-003 -7.3500423133388091E-004 -5.6190800277468042E-003 -2.0233683004886550E-003  9.2545468361707026E-016 -4.9525753452273338E-017  6.0198860889878648E-019  9.2999490835177814E-016 -4.6666233204473671E-017  9.9257094429500635E-016 -1.7011501697280335E-014  5.8479528197140610E-015 -3.4427400085881279E-016 -5.9470959489370138E-015 -4.1206053650746165E-016 -7.2409500754714211E-016  7.4729218566273067E-005 -1.7241974358888956E-004 -3.0328366621773539E-004 -7.1470944654409665E-006 -8.3381461027366816E-005 -9.3112673134601728E-005 -2.4024236972141819E-004  6.6801767460638944E-005  4.9473870547575528E-004  1.7626320047721021E-004
-3.5190322296872485E-017  1.1346211629045016E-016  1.7629471578837286E-016  6.5489145779017216E-006 -2.4530812605773649E-005 -5.0849621857693800E-017  4.3868603508559058E-016  8.1736210525077282E-016  6.9812413251052219E-006 -2.7194908316787752E-008 -4.8005153476137930E-008  5.2258845309378288E-007 -7.7308360437481801E-006 -7.5038297781152256E-006  2.0080510497747388E-005 -3.3824975239150537E-005  1.0795550917658213E-005 -6.6640763995663439E-006 -2.8550809702252451E-016  6.6307792577988929E-016  1.1196446563708144E-015  1.8427135973803323E-016 -2.3103354848139837E-016 -3.9661100738082981E-016  8.6740060009474660E-008  4.2667820591398276E-015 -3.8589074288234091E-017  3.8280294556074254E-015  3.1104012691472946E-005 -1.8493334857433263E-005 -3.2646779805653975E-005  1.3457221018119340E-004 -2.8919136900068407E-004 -1.6567622287303352E-004  2.8259259353699443E-015  2.6947828014615209E-015  5.7103989370145946E-015  3.0470911896302138E-019  3.5709486403104616E-018  1.0093127619903094E-017 -1.2513691382939679E-018  1.2341379320932827E-019  3.9183472043164447E-019  4.6757042198825867E-018  1.1667310151899306E-018 -1.3766431031507371E-017 -1.5988617442127005E-018  2.6640029516012948E-006  4.1801573229195125E-007  7.3793811499149848E-007 -2.6431770342557759E-006  2.5257835522450412E-006 -2.0825917168273849E-008  3.6741077999804378E-004 -1.9286061280323296E-004 -3.4046200798081418E-004  1.4101946732551413E-003 -3.0704048776691150E-003 -1.7776054532542007E-003  1.2081271672635864E-018 -1.7757462753866763E-018  5.1489951251086837E-018 -2.7189960010121355E-019 -2.6569589832813251E-018 -2.4630450083088345E-018 -3.9246190195547686E-018  4.5781481772605313E-018 -4.0473741831337912E-018  5.2032984122416685E-018
-2.8515986464468358E-018  4.4010916650515461E-017  5.6829610052371070E-017  1.0553994805313873E-006 -3.9533021197941998E-006 -3.6700459348740239E-017  1.3022952984862512E-016  2.9311338466787726E-016 -2.7194908316787752E-008  4.4275906230396964E-006  4.6836708885585750E-006 -2.1074338786491222E-007 -1.2556399141595044E-006  2.3793829617271305E-007  3.2361064359145597E-006 -5.4510727926404617E-006  1.7399687120912473E-006 -1.0739182611128676E-006 -2.6409123863107226E-019  2.9182390807813315E-016  2.9785139324563931E-016 -2.3721579232539608E-017 -1.2039279825160664E-016 -6.4122001382641295E-017  1.3978594513718304E-008  3.4728527989693247E-015 -9.4459490033003437E-015  5.3854743826652836E-015 -1.8493483564228685E-005 -1.4587309024767250E-005  2.6653029576675615E-004 -1.7025768923696884E-005 -4.7170748655555488E-005  3.5519252487963490E-005  7.7286810063154352E-016 -2.9586823975738620E-015 -1.5968532200801659E-015 -3.8877636952066294E-019 -1.4208770646877948E-018  5.0137391629653194E-018 -5.7854705166575071E-019 -1.0663885692366661E-018 -9.0852879072806351E-020 -1.2169068056531391E-018  5.5996280897648029E-018 -4.5225022896471704E-018 -2.4860039899307507E-018  4.1801766128784543E-007  2.3316525470240379E-006 -3.6682384167107554E-006  2.8288529319462815E-007  4.1492501539452290E-007 -7.0090295450121920E-007 -1.9286218999623635E-004 -1.2764670173845692E-004  2.8115858434165633E-003 -1.7894198230109610E-004 -5.0078170547200834E-004  3.7180417229743846E-004  1.3167691399206419E-018 -1.4592917309440759E-018  1.6273618391209912E-018 -1.4812275981660574E-018 -2.4666625521621997E-018 -1.4397753576675038E-018  1.6772579701895718E-018  8.7574956888723579E-018  1.5415555521468435E-018 -5.6802954327354026E-018
 2.2692501538273078E-017 -5.9333624919384526E-018  7.5859144911317132E-019  1.8630951981018025E-006 -6.9787886406994454E-006 -4.0244666600652955E-017  1.8096789153185773E-017  2.2378381695329239E-017 -4.8005153476137930E-008  4.6836708885585750E-006  1.0042605268757242E-005  1.1309631752547043E-006 -1.1763043952298704E-006 -1.0829580217294101E-006  5.7126980454401157E-006 -9.6226057383415426E-006  3.0713176750648967E-006 -1.8958798202666121E-006  1.3883242845921262E-016 -5.6178464348721515E-017 -9.9326566651332054E-017 -1.1838559211586087E-016  6.2941526414644776E-017  1.0786420597856425E-016  2.4676010626941202E-008  3.0322935866635317E-015 -4.1577198824458325E-015 -5.1701742230860010E-016 -3.2646866373049818E-005  2.6653033263578302E-004  3.0494223721084487E-004  5.7018266191088650E-005 -2.3002518174543036E-005 -2.4371399818176953E-005 -3.0705849793293987E-017  1.1951276056340797E-015 -3.0350144452611934E-015 -4.8538855402168941E-018 -3.6516499661899425E-018  1.5971479920131664E-018 -7.5439181052489438E-019 -7.8996672983827709E-019 -7.4134168146824368E-019 -1.2186854413187404E-018  1.8597550442989401E-018  3.4586499108523588E-018  7.5053392712395542E-019  7.3793466685444843E-007 -3.6682458817209053E-006 -2.0660112879251740E-006 -7.1391866483407112E-007 -1.0731801255662296E-007 -2.4016001941160144E-008 -3.4046292454819834E-004  2.8115861218017462E-003  3.2430198515696982E-003  6.0243941748379067E-004 -2.4841266659016110E-004 -2.6197649293601696E-004 -1.1577530310545607E-018  6.2095173559019752E-019 -2.4057708958567529E-018 -3.3376409104085030E-018 -2.0315403556120173E-018 -4.4954762141933756E-018  1.3154978648561086E-018  1.9662902087732931E-018  2.5012764274181001E-018 -3.6650476954777063E-018
-2.1688820130454067E-017  3.1171157544544718E-017  5.4335509138732665E-017  1.8644877644850354E-006 -6.9839842333447444E-006  1.5906820123737543E-017  1.2243834999418794E-016  2.0513363899367941E-016  5.2258845309378288E-007 -2.1074338786491222E-007  1.1309631752547043E-006  8.0373271683275447E-006  1.9767177897955800E-006 -8.5599156213159905E-006  5.7169632187141799E-006 -9.6299298196584298E-006  3.0736633904889789E-006 -1.8972579845978997E-006 -2.1786982728035037E-016  1.9462078266045527E-016  3.5207529361502704E-016  1.6917841992156948E-016 -8.1496351725970946E-017 -1.1426004147367212E-016  2.4694788130516771E-008  4.5953758367211258E-015 -3.4883414095218177E-016 -4.3253681457150234E-015  1.3457211791545440E-004 -1.7025762612197499E-005  5.7018250464284243E-005  1.8875607296223380E-004  1.5969761689240506E-004 -3.2332819087817471E-004  2.5210213329979300E-015  1.0326208320449714E-014  2.6258868322489422E-015  1.3376924373307989E-018  5.2252174815655367E-018 -1.2427922963729298E-018 -1.1577045117337632E-019 -9.3427984472681036E-019 -2.2582806192396250E-018  8.6481345909236661E-018 -2.5443665489286311E-018  1.5718539310998915E-018 -3.6078020612568003E-018 -2.6431760069915359E-006  2.8288085464186444E-007 -7.1391688223837423E-007 -4.4694902897872146E-007 -2.6533901404957371E-006  3.0901250361837363E-006  1.4101936239493179E-003 -1.7894192869424876E-004  6.0243928213823646E-004  2.0176623104908222E-003  1.6784327245028393E-003 -3.4278559344415125E-003  1.4438614710127660E-018  1.9571379443320851E-018 -2.1484775071828262E-018 -2.8070262308260684E-020 -2.6160902679740297E-018 -3.5765045939717984E-018  3.8651939795025686E-018 -2.6195190305713670E-018  6.1536614942238682E-018  3.1133602330505082E-019
-1.3416844380775499E-017  2.0507384287669833E-017  4.5658876898108593E-017 -9.8994366132081407E-006  3.7081126560159630E-005 -8.3149170928368257E-018  1.4767572608489912E-016  2.4461617847672327E-016 -7.7308360437481801E-006 -1.2556399141595044E-006 -1.1763043952298704E-006  1.9767177897955800E-006  1.6071317048328410E-005  5.7541182541466037E-006 -3.0353995531931223E-005  5.1130416525940183E-005 -1.6318760028851329E-005  1.0073493780314397E-005 -6.3223014449728788E-017  1.5248795472397955E-016  1.3503950096808896E-016  3.0796467990200401E-017 -5.8951932889087373E-017  8.0649539669766836E-017 -1.3111774131382728E-007  2.4859300120062908E-015 -5.3755332742661702E-016  4.8526813794450738E-016 -2.8919133459921173E-004 -4.7170956361529910E-005 -2.3002604654660381E-005  1.5969746077576012E-004  4.2283365123783987E-004  1.2949387382286693E-004  9.4832062345189171E-016 -6.0122178846635225E-016 -1.2441838292900780E-015 -1.3164264315137499E-018  7.4208916783955726E-018 -2.9043145368454036E-018  8.5089926601335408E-019  5.7366694683917272E-019 -1.1382458865041504E-018  1.1094582702469227E-017 -4.7552543048672489E-018  8.0126870182037796E-019 -9.9001755245052163E-018  2.5257807813266969E-006  4.1492843807267317E-007 -1.0731937010314424E-007 -2.6533875697842780E-006 -1.5160312555401711E-006  1.2760678887691829E-007 -3.0704045450270908E-003 -5.0078394162404315E-004 -2.4841360695152523E-004  1.6784311301525064E-003  4.5161718199099995E-003  1.3919734148731126E-003  5.3915878993574658E-019  4.0511291020384444E-018 -3.1590524501373156E-018 -8.0932048937216335E-020 -8.6376632462956761E-019 -1.4419142761096579E-018  8.5168402407734336E-018 -4.4722297243149683E-018  4.0129420838682763E-018 -1.0972333433118103E-017
 2.4199729709538367E-017 -1.8334948817620189E-017 -2.6810364317276900E-017 -8.4134023422936460E-006  3.1514796838819812E-005 -3.1909808012375494E-017 -6.1704089903991560E-017 -8.2564433703686896E-017 -7.5038297781152256E-006  2.3793829617271305E-007 -1.0829580217294101E-006 -8.5599156213159905E-006  5.7541182541466037E-006  1.6063745399242098E-005 -2.5797473716622472E-005  4.3454905058735592E-005 -1.3869214354077771E-005  8.5613345080961847E-006  2.6094899928999152E-016 -1.3667193251425460E-016 -4.2828184895375448E-016 -2.3329066481824040E-016  1.0921431522979314E-016  3.2785311990717772E-016 -1.1143482959274514E-007  3.7608936441176760E-015 -1.2309629886928149E-014  4.9384624036787751E-017 -1.6567613061741664E-004  3.5519097469705799E-005 -2.4371470658699708E-005 -3.2332828312904430E-004  1.2949375210834156E-004  4.8900441374731464E-004 -1.7236280852178707E-016  4.6248910438626352E-015  1.1942441313594869E-015  1.6209595513249743E-019 -6.2378707720310930E-018 -1.7407429251328115E-018  6.9462618881442665E-019 -1.6044646525952914E-018  1.1797183769549240E-019 -8.6930297221777514E-018  4.7660438059356744E-018  3.4233994050114543E-018 -2.6180839035663774E-018 -2.0826944323182655E-008 -7.0089658693627151E-007 -2.4021232723550891E-008  3.0901260629749677E-006  1.2760658830683877E-007 -3.0692991190425082E-006 -1.7776044040566470E-003  3.7180254149819363E-004 -2.6197727415791267E-004 -3.4278569835951116E-003  1.3919721531682205E-003  5.2054613876541481E-003  4.0269818216554657E-018 -3.4188577085088894E-018 -4.2719835954627086E-018 -1.1830405493247484E-018 -2.8638260124253232E-018 -1.4382191683637707E-018 -2.7470084552930591E-018  6.7155693462177027E-018  4.8964043732256997E-018 -1.1032305476523677E-017
-1.2611081062846245E-016  6.5420789899559322E-016  1.0226063809238067E-015  1.3858025314417434E-005 -5.6897264910264942E-005 -4.6537058331557174E-016  2.5332002282601209E-015  4.7518932115566697E-015  2.0080510497747388E-005  3.2361064359145597E-006  5.7126980454401157E-006  5.7169632187141799E-006 -3.0353995531931223E-005 -2.5797473716622472E-005  8.7112323602786483E-005 -1.1171989203446168E-004  5.0844665392485279E-003 -1.4074450329279437E-004 -9.8317279207147739E-016  3.9284375648885427E-015  5.9062115060464010E-015  5.0923312739605971E-016 -1.3907533403735278E-015 -1.6548585300397595E-015  4.3426880175020127E-006 -1.1839060308603122E-015 -1.0415481866286753E-014  7.6130306481424728E-015  5.3720765342901993E-004  8.6571282891093317E-005  1.5283094328754355E-004  1.5294249721236480E-004 -8.1204939586863802E-004 -6.9015015064040688E-004  4.8532582816903599E-015  1.7311448492681487E-014 -5.1125262328176914E-015 -1.1911709930476483E-017  1.4214465122540887E-017  4.4716779141937144E-017 -2.8588291864518782E-018  1.0117912845314494E-017  1.3919063368880995E-017  1.9361735378918844E-017  3.7527752927294143E-018 -7.0176878258203757E-017 -1.6849765034076019E-017 -3.8361244458547156E-006 -6.1813892055920311E-007 -1.0913429965667829E-006 -1.0921100489740973E-006  5.7987075462670146E-006  4.9282344944000118E-006  5.7516339448682920E-003  9.2687978013218392E-004  1.6362904862409879E-003  1.6374852616122750E-003 -8.6942378260607637E-003 -7.3891192064785855E-003 -3.4160458057439832E-018 -1.0539423783733800E-017  4.5490900037879092E-018 -2.7282377038881133E-018 -1.9206923478516861E-018 -1.5494198814374302E-018 -1.5321200431559724E-017  1.8898020470507430E-017 -1.8141092475311843E-018  1.0381442351288251E-017
 2.9496267893581079E-016 -1.3810216426098284E-015 -2.4708342009188056E-015 -5.1855414798985738E-005  1.8895337140312674E-004  1.0838649007862103E-015 -6.2837770266631407E-015 -1.0950012553978141E-014 -3.3824975239150537E-005 -5.4510727926404617E-006 -9.6226057383415426E-006 -9.6299298196584298E-006  5.1130416525940183E-005  4.3454905058735592E-005 -1.1171989203446168E-004  2.2528926749311299E-004  5.2740189104843720E-003 -1.8620905702686690E-004  1.9697412323566171E-015 -7.5687897709009830E-015 -1.4902700135457444E-014 -8.2962930785989724E-016  1.8872297086341210E-015  4.8460222345252385E-015  9.0323920459013980E-006 -1.9027762540324500E-014 -1.7629154135509151E-014  2.6973619965564637E-015 -9.0927392671056846E-004 -1.4651956073661926E-004 -2.5867569920653001E-004 -2.5886148922342554E-004  1.3744665030001174E-003  1.1681354159355690E-003 -1.4883965373981677E-014 -7.7693540650571309E-015  6.2859949459102880E-015  9.3766522072843708E-018 -4.4214442407318855E-017 -1.0920364338766390E-016  2.7595001070545314E-018 -1.5613099092096251E-017 -1.8851898813706839E-017 -6.3336340198607088E-017  1.2780204958949538E-017  1.5371442585357378E-016  2.2259893003347964E-017  1.3569940684818474E-006  2.1836033647952653E-007  3.8605040924365749E-007  3.8614488817457411E-007 -2.0511081107217590E-006 -1.7431389568302250E-006 -9.6983253861129080E-003 -1.5627826872550063E-003 -2.7590377010262932E-003 -2.7610213631079246E-003  1.4660076054486616E-002  1.2459346749225046E-002 -9.2317046692869727E-018  6.8966915175914140E-018 -1.2380693157357597E-017 -7.0820920659293083E-020  1.2814611961572331E-017  1.5490229562230699E-017  2.2873297370540653E-017 -5.0029861222255249E-018  1.4263224031883324E-018 -5.3877090907365945E-017
-1.9666610594449079E-015  1.3150152474633916E-014 -3.4296093374251283E-015 -4.0916700741844532E-003  1.3355701285571359E-002  2.4936780907010191E-015 -1.4013247741785245E-014  3.3056545534052128E-014  1.0795550917658213E-005  1.7399687120912473E-006  3.0713176750648967E-006  3.0736633904889789E-006 -1.6318760028851329E-005 -1.3869214354077771E-005  5.0844665392485279E-003  5.2740189104843720E-003  1.9949232704672775E+000 -3.4857072577876400E-004 -5.2484077513343931E-014  1.3722698684564833E-013 -1.0549437845339568E-013  4.9192791239601536E-014 -1.1415713156295649E-013  1.1480260222304733E-013 -6.2028594442062126E-005  1.8637225623325956E-015  1.8571555442834104E-014  4.8012887314305856E-015 -3.3207615561288770E-004 -5.3519067316069182E-005 -9.4474786436328471E-005 -9.4545355395646557E-005  5.0197134179698192E-004  4.2662151146409180E-004  1.4614430266703059E-014  1.8101587880920053E-014 -1.0362823100306166E-014 -1.6989312894915724E-015  4.8078781573431480E-017 -1.0251489138476709E-015 -5.5428163408685647E-017  5.5267114467246806E-016  5.6847642469784820E-016 -1.6420712198869212E-015 -5.6957128439195801E-016 -1.5245429091389772E-015 -1.2603204048644487E-015 -7.3548631552301650E-004 -1.1852697437868327E-004 -2.0924055279341374E-004 -2.0939440862770452E-004  1.1117703621369485E-003  9.4488072402820994E-004  1.7412418421363482E-003  2.8060029882585142E-004  4.9536680797355884E-004  4.9572841214990564E-004 -2.6320811594362317E-003 -2.2369702532197377E-003 -7.5981765067322072E-016 -3.6080747365155573E-016 -8.2014434361667152E-016 -3.3479822571815418E-016  5.4469074879649631E-017 -4.4698139294607152E-016 -1.0392551522197076E-015 -4.6907337718550130E-016 -5.6677294928901633E-016 -1.8943334931971960E-015
-1.0402908042546390E-014 -4.1889585329517317E-015  8.0765551964118967E-015  1.7115054494726400E-004 -5.6213290399992691E-004  2.1031830796629303E-014  1.6855796427987115E-014 -5.0164695377470497E-015 -6.6640763995663439E-006 -1.0739182611128676E-006 -1.8958798202666121E-006 -1.8972579845978997E-006  1.0073493780314397E-005  8.5613345080961847E-006 -1.4074450329279437E-004 -1.8620905702686690E-004 -3.4857072577876400E-004  2.0000436294793587E+000 -1.2571030130675579E-013 -9.0101362552422199E-014  6.8963720473957013E-014  1.1556518164918288E-013  8.3310776067167593E-014 -5.7362686477220714E-014  1.3509681983501398E-006 -2.5890956690473154E-015 -1.1683501875146482E-016  8.1736175912751669E-015  5.2427803154703447E-005  8.4487327171473533E-006  1.4915233694047915E-005  1.4926117854188940E-005 -7.9250473011294590E-005 -6.7353921300436484E-005  3.7918616402003073E-015  1.5877217992902019E-015 -2.7628833455477032E-015 -3.3777481770968636E-016  1.4837265503964619E-015 -1.6818548219233671E-016 -1.4808553712366231E-015  1.6010178631583153E-016 -2.8136099644597082E-016  8.5461506531409658E-016  3.2992868634755208E-016  4.6335799461349244E-016 -4.7998632494858263E-017  4.9282937753723862E-005  7.9420295610098623E-006  1.4020602596679673E-005  1.4030851746302094E-005 -7.4496683573166468E-005 -6.3313789277412005E-005  2.9660324820197567E-004  4.7796861693758964E-005  8.4380536100677809E-005  8.4441947520901936E-005 -4.4834873395125708E-004 -3.8104519644657900E-004 -2.0216719348851845E-015  1.9895501120726165E-016  4.9909599560271753E-016 -6.4280197880223715E-018  1.8809842551547945E-017 -6.2290958075622359E-017  8.3686288025940777E-016 -3.4259312570529140E-017  1.0537734480915841E-015 -7.7816613789365164E-016
 1.3456253413492002E-003 -7.0532883194992166E-003 -1.2451302174849596E-002 -8.3264827844073176E-016  1.2342932035530812E-015  5.9752328154775245E-003 -3.2042396530075519E-002 -5.6565051140687057E-002 -2.8550809702252451E-016 -2.6409123863107226E-019  1.3883242845921262E-016 -2.1786982728035037E-016 -6.3223014449728788E-017  2.6094899928999152E-016 -9.8317279207147739E-016  1.9697412323566171E-015 -5.2484077513343931E-014 -1.2571030130675579E-013  7.7306711239747842E-003 -3.9919422448341006E-002 -7.0470513596992815E-002 -2.2050769501046471E-003  1.0829396880942324E-002  1.9117338541356180E-002 -3.8355169986162388E-014 -2.0720097031517323E-002 -7.0535180211931704E-004 -1.2451897737157695E-003  2.6752364937059529E-016  7.6889811492042827E-015  4.0253362616788466E-015 -7.4051187731703595E-015  1.0730774543809402E-015  8.2802564886971773E-015  6.2052831103042725E-006  5.2333434168695071E-005  9.2384639195275270E-005  1.0717528587209229E-004 -2.6102283796116489E-004 -4.6078850265240251E-004 -9.9710505191339980E-006 -1.1928790662633847E-004 -1.3381968430774453E-004 -3.6312471939817399E-004  9.8395599279733242E-005  7.4820577209080638E-004  2.7011172215031905E-004 -1.6615567768096421E-016 -1.0115076169301595E-016  1.4007074548689097E-017  1.8835988125374175E-017 -1.3934097612015775E-017 -2.4258331769117756E-016 -1.2519276143952204E-015  8.0033200097435838E-014  4.2750222691867578E-014 -8.1228908017034150E-014  1.0650338308837903E-014  8.5603416991981127E-014 -1.9291124077649890E-005  2.0316806446458183E-005  3.5865698242697937E-005  1.7220270291720994E-006  2.1611507265345140E-005  2.4159731856354501E-005  3.1590660736558485E-005 -7.5488267144065264E-006 -6.2700125365948179E-005 -2.1106149898322058E-005
-7.0532736118456485E-003  3.7494684460619626E-002  6.6158011032893399E-002  1.9583690968241632E-015 -2.1207906537153587E-015 -3.2042390115350539E-002  1.7019684935652812E-001  3.0054939037091327E-001  6.6307792577988929E-016  2.9182390807813315E-016 -5.6178464348721515E-017  1.9462078266045527E-016  1.5248795472397955E-016 -1.3667193251425460E-016  3.9284375648885427E-015 -7.5687897709009830E-015  1.3722698684564833E-013 -9.0101362552422199E-014 -3.9919422448341006E-002  2.1232310812350563E-001  3.7443385092367082E-001  1.0829394673469392E-002 -5.7707199676729146E-002 -1.0157693416002458E-001  6.0404495292361828E-014 -7.0535198935588672E-004 -1.7104990570194163E-002  6.6161436944047834E-003 -1.6040846508297458E-015 -6.1169892700304013E-015  1.0516376265390334E-016  8.3740196288829884E-016 -9.8698569989627433E-016 -5.5323207722247469E-015  5.2333405829395766E-005 -2.6200815527145237E-004 -4.9087026264651870E-004 -5.9836620789675192E-004  1.3783487499590902E-003  2.4375200010373459E-003  5.4586388829940185E-005  6.6579324750736229E-004  7.4820612093515107E-004  1.9305664330898384E-003 -5.1200303783912042E-004 -3.9684754176319906E-003 -1.4351956070842336E-003  6.1143209727482338E-016  1.0313366738026486E-016 -4.0612685467319375E-017  6.3012977045652474E-016  3.0280617822162001E-017  7.9482959228163257E-016  2.7325489484844475E-015 -6.2894701660966474E-014  1.5699091680133000E-016  2.4669453719176721E-014 -8.8365979624507136E-015 -4.4196881068098017E-014  5.1438265783541434E-005 -1.2306087694856612E-004 -2.0965500923573059E-004 -6.3114646413330123E-006 -5.8346927908376289E-005 -6.2700210740485073E-005 -1.6580102522037568E-004  5.9197784149802419E-005  3.4550629484589307E-004  1.1214419441742327E-004
-1.2451277742884166E-002  6.6158019171521518E-002  1.1680815278046035E-001  4.3407069956336628E-015 -6.6028481063586322E-015 -5.6565039408185212E-002  3.0054938820059113E-001  5.3051022094404499E-001  1.1196446563708144E-015  2.9785139324563931E-016 -9.9326566651332054E-017  3.5207529361502704E-016  1.3503950096808896E-016 -4.2828184895375448E-016  5.9062115060464010E-015 -1.4902700135457444E-014 -1.0549437845339568E-013  6.8963720473957013E-014 -7.0470513596992815E-002  3.7443385092367082E-001  6.6121279868171534E-001  1.9117335502745601E-002 -1.0157693872037316E-001 -1.7948261468586169E-001 -2.7835760225294324E-014 -1.2451902118175333E-003  6.6161442654211521E-003 -9.1732522285677461E-003  1.7140660507465249E-015 -6.0579395773547443E-015  9.9849382512656749E-016 -3.3494835256747714E-015 -2.9282041561717903E-015 -9.4582615511149765E-015  9.2384587196520996E-005 -4.9087025148285930E-004 -8.5048815878586525E-004 -1.0563072300346036E-003  2.4375203608349438E-003  4.3005672325394364E-003  9.8396204591537042E-005  1.1767451735365006E-003  1.3187886582756308E-003  3.4060159244171354E-003 -9.2240607572371210E-004 -7.0071702444897367E-003 -2.5179326616932996E-003  1.0984148031458875E-015  7.0259057525571312E-017 -5.2683135367573082E-017  1.2340670267349920E-015 -1.5889002025386520E-016  1.1683189436571817E-015  5.1638726913072984E-014 -6.3113397682489837E-014  8.7841923090023000E-015 -6.8802936538991254E-015 -2.7700145111435738E-014 -7.4348609926267422E-014  9.0804938777049295E-005 -2.0965473544232017E-004 -3.7440577323739676E-004 -7.5492112035708500E-006 -1.0051433917878177E-004 -1.1427839831030448E-004 -2.9631216795142427E-004  7.1723156967961650E-005  6.0719922552845832E-004  2.2560630201250774E-004
-3.7380948997382943E-004  1.9121654189197270E-003  3.3755814652269133E-003  4.1611302644582458E-016 -6.4409861862098614E-016 -1.5937411900496647E-003  8.6935641144460559E-003  1.5346913889270841E-002  1.8427135973803323E-016 -2.3721579232539608E-017 -1.1838559211586087E-016  1.6917841992156948E-016  3.0796467990200401E-017 -2.3329066481824040E-016  5.0923312739605971E-016 -8.2962930785989724E-016  4.9192791239601536E-014  1.1556518164918288E-013 -2.2050769501046471E-003  1.0829394673469392E-002  1.9117335502745601E-002  6.8213235992428689E-004 -2.9440701238836421E-003 -5.1972222115447544E-003  3.9145129804111854E-014  1.5704268608803962E-002  1.5472239832182949E-003  2.7313677397398594E-003  6.1541208766958921E-018 -6.4290616768065988E-015 -3.3578808327855104E-015  6.9198999002609342E-015 -1.0122464860789855E-015 -7.2251960273108172E-015 -1.2623424144829046E-006 -2.4959538682032014E-005 -4.4060908263873842E-005 -2.6525778541207289E-005  7.1721021021737370E-005  1.2661046302523153E-004  2.4872447029135503E-006  2.9486235027300195E-005  3.3100821679816816E-005  9.8887474672580949E-005 -2.7065379570096182E-005 -2.0439249031617101E-004 -7.4196524472437233E-005  7.1288865218903629E-017  8.6382030144726655E-017 -1.0024089704756241E-017 -9.0678364200657475E-017  2.2391856296757537E-017  1.2925496992464490E-016  1.5985680170103919E-015 -6.6979786557243073E-014 -3.5624461038296069E-014  7.3920372881410330E-014 -1.0378729798352291E-014 -7.6366362162008559E-014  9.7210411403981346E-006 -3.8694807670741308E-006 -6.8308809743798324E-006 -8.5037079801623751E-007 -1.0923772413541682E-005 -1.2191774485551242E-005 -7.8538974575773435E-006  1.3770920280188223E-006  1.4406589929719218E-005  4.0650142771508143E-006
 1.9121618181762530E-003 -1.0173918559975221E-002 -1.7935618122617767E-002 -3.1323670901979530E-016 -3.8492409804295166E-017  8.6935641272271793E-003 -4.6149442769051287E-002 -8.1543399214526649E-002 -2.3103354848139837E-016 -1.2039279825160664E-016  6.2941526414644776E-017 -8.1496351725970946E-017 -5.8951932889087373E-017  1.0921431522979314E-016 -1.3907533403735278E-015  1.8872297086341210E-015 -1.1415713156295649E-013  8.3310776067167593E-014  1.0829396880942324E-002 -5.7707199676729146E-002 -1.0157693872037316E-001 -2.9440701238836421E-003  1.5770892267472098E-002  2.7614618922318084E-002 -6.7885615078789195E-014  1.5472241757255802E-003  7.7744318773080223E-003 -1.4512720385922473E-002  2.6213378564221264E-016  5.1568611192768044E-015  6.7781091070930832E-017 -2.6188605753166906E-015 -4.3769321589428235E-017  4.1206310278291194E-015 -2.4959531695485185E-005  1.2665586847360405E-004  2.3410972847624661E-004  1.6311424430940410E-004 -3.7451646970964876E-004 -6.6443557507734632E-004 -1.4448095338124537E-005 -1.8119793194400324E-004 -2.0439262768318458E-004 -5.2631356946866454E-004  1.3551853936995929E-004  1.0806402209947237E-003  3.9423148207418514E-004 -1.4103297183767591E-016 -8.6758831181325336E-017  3.3025045731012024E-017 -1.4558785859309456E-016 -4.8359805929832084E-017 -2.6989525703117013E-016 -3.2247016920558269E-015  5.3195526653091457E-014  1.2716062328191568E-015 -3.1969161319239949E-014 -7.4582735569555258E-016  3.9852216595896384E-014 -1.2483062544383673E-005  3.2150865924111063E-005  5.0936874367896081E-005  2.3411709585475175E-006  1.4715816343484800E-005  1.4406614896679609E-005  4.0157234128364139E-005 -2.1958984935934436E-005 -8.6027449109142055E-005 -2.1598843560512226E-005
