 9.0222599531424683E-002  2.2578548124749694E-016 -2.3174821436877642E-018  6.8318424398245169E-016  4.6543293713100106E-002  1.5502795392415083E-016  5.9319411362114480E-017  4.1449354122245884E-017 -5.4123884953864294E-018 -3.4520555372943238E-018 -2.0876622807699459E-017  1.1714793337976938E-018 -2.7098871905377137E-017  1.7678001341677338E-015  4.5233051703802629E-016 -1.1663600919151553E-017 -2.7925202607486846E-017 -9.6325140896853909E-017  1.1445380503631900E-018 -5.3001199211797933E-017 -2.3695082526096363E-017 -1.9861058048847884E-017 -1.4281271642908940E-017 -5.3009025887142584E-017 -1.0845689637705530E-016  7.5471581512965635E-018  1.5645537685971889E-017 -7.2432586329677010E-018  1.5382404077037210E-018 -1.1513645644330762E-017  8.9005142118244949E-018  6.2261933347566492E-018  5.3120211590222510E-018  1.4113100654428714E-017  8.5954587587340321E-017  6.1625022050284952E-018  4.5920830000418596E-017  5.6192679199797147E-018  7.0153499472126023E-017  1.8010602785388656E-016  4.9232219080856607E-002 -1.1216410080067133E-018  1.5264211335880360E-016  3.6120830840558803E-016 -1.5387186059966342E-017 -3.0254468212436414E-017  1.1821694972767218E-016 -1.3023314105549250E-017  1.4174078461160704E-016 -5.0011515997771635E-015  1.5990787526540944E-017 -2.7724935714466172E-017 -2.0938427390876686E-015 -6.7233970947829071E-019 -2.1516046030333170E-015  3.4407654773995453E-017 -3.1257368287109438E-017  1.7553235029019730E-017 -6.6013750013718527E-017  2.0520588228071070E-015 -2.3032194743185687E-016  1.7065909296661237E-018  5.4150817066750317E-018 -1.9219441889503234E-016  2.3172044269274496E-018 -1.9603436542898244E-016  2.8749469685414395E-002  6.4369212788001473E-017 -2.7430314963883342E-017 -1.0416228820641603E-015 -8.8123156822553927E-016  1.5008986694400281E-004 -6.4461216775503287E-019  2.8867941633612214E-018 -6.2661092402283422E-016
 2.2578548124749694E-016  9.0222599531419395E-002 -2.7597103032447667E-016  5.2306591680481710E-016 -2.3157184227502914E-016  4.6543293713100363E-002  5.6451665204474962E-016 -8.1327167431682850E-016 -1.9138163481190755E-017 -7.7135046777823675E-017 -8.1012577330756153E-016 -1.2450661130752061E-018 -7.1112374369474663E-016  5.4709376353948037E-015  1.6308882030516166E-016 -3.8025450713213044E-016 -1.1561445843090197E-016  7.3694639319267863E-017  3.2550214102304223E-018  7.1343094356032236E-017 -4.8133481915450203E-016 -1.1796825010643264E-016 -3.7062781074903602E-016 -2.5287902874396335E-016 -4.1546803445732861E-016  4.1422749708036090E-017  1.5939409281610062E-016 -2.6243909486572645E-016 -1.4283514232838076E-018 -3.4174242244843361E-016  4.0615560450149793E-017  7.2106236515435007E-017  1.7305923947293134E-017  1.5714118468283518E-016 -4.8378021931696962E-016 -2.4608936126453624E-018 -3.5920726768617553E-016 -3.6181801935569488E-018 -7.4745259489602909E-016 -8.0383349595145473E-015 -1.4065380054403929E-016  4.9232219080857835E-002 -3.1829081814294999E-017  8.9889526708200207E-016 -7.5795536893940017E-017 -2.9932772095663366E-016  9.9351316970037117E-016  3.7730341467546795E-018  1.3128099783291582E-015  9.8302696914576434E-017 -2.2935604132721975E-015 -1.7434773408823243E-017  4.3940612844986296E-017 -1.0324021899997093E-018  4.4280461040865676E-017 -5.6941909106002310E-015 -1.4885101590425646E-017 -2.4716542963594383E-015 -3.4307493907558195E-017  1.0930223258740763E-014 -1.4659465873297495E-015  1.1385952061477226E-017  4.5523349375390682E-017 -1.4824136625051178E-015 -2.1996664890637884E-019 -1.5303979813434804E-015  9.0766048373636770E-017  2.8749469685413809E-002 -7.1593190484748272E-017 -3.8301607926436912E-015 -1.9651595600810155E-016 -6.1563588947093420E-018  1.5008986694402073E-004  5.3398734248659425E-018  5.2218805117937986E-016
-2.3174821436877642E-018 -2.7597103032447667E-016  9.0222599531417230E-002  2.8784537261154999E-016 -1.8674027168347185E-016 -1.4963386627175907E-016  4.6543293713100731E-002 -1.5671929135502856E-016 -1.4712360747150908E-018 -7.1967935456917845E-018 -2.7362230508814902E-016  1.2089894110577465E-017 -1.5675559352254208E-016  1.0975749177409675E-015  9.4120787876483838E-017  2.3999083365892767E-019 -2.9814857132374921E-016  4.3878922540784572E-017 -1.9942492883586861E-019  4.1031347093788947E-017  1.4816502486512220E-017 -2.9812677151575562E-016  4.9228493339345957E-019 -3.7471498279771829E-016 -3.7225980486208970E-016 -3.3791926508747931E-017  1.4104679850245307E-017 -1.0618991924330476E-016 -1.2486722977527697E-017 -2.1162158868753574E-016 -3.5205908048077144E-017  5.4464433777063645E-018 -1.7569808286644763E-017  1.3032698412587434E-017  7.3357243589833137E-018 -2.7467005874958962E-017 -9.9781223682307185E-017 -2.8859196725340975E-017 -3.4963196282213127E-016 -3.9460825306079987E-016 -1.5304868917348578E-016 -5.6531180782199456E-017  4.9232219080855941E-002  4.0003114471509490E-016  7.7581430263276001E-017 -2.8540134065643966E-017 -6.9611009056589449E-017  5.1548534963260744E-017  3.7280833879482824E-016  5.9252176745616967E-017 -1.0695590516705356E-017 -2.0938484644146910E-015  2.6013998831724234E-017  1.8894731007270795E-019  2.7248976577428581E-017 -3.7685889915839391E-017 -1.9494583823553748E-015 -1.7738883575843107E-017 -4.7172985767440135E-015 -6.2233272697521945E-016  1.4276049801814915E-016 -1.4295211638301486E-017  5.0652989307864451E-018  2.1509830013761439E-016 -7.6867737790721682E-018  1.4558821254434167E-016  1.9027748127121034E-017 -9.3933353428631520E-017  2.8749469685413809E-002  6.0430793189987755E-016  7.8653330184701425E-016 -4.2244709453128661E-018  4.3930046032546074E-019  1.5008986694400194E-004  7.0681081885714831E-016
 6.8318424398245169E-016  5.2306591680481710E-016  2.8784537261154999E-016  4.6594772845939922E-002 -3.2393889182763610E-016 -2.9414278161252603E-016  1.9183213334603884E-016  6.3302797278846427E-014  8.6015917588496523E-017  1.7826054346358787E-017 -1.8739028754505056E-013  3.3744650678652829E-017  2.2886227969925446E-013  1.4864064687805850E-001  1.2512882423389000E-017  2.7745895099621784E-017 -6.8032595919853034E-018 -5.5772606077038774E-017  3.6611576985667372E-017 -3.3530246942049471E-017  2.6933152822822477E-016  5.2693197724730075E-017 -1.0404016151155243E-019  7.5692839024508074E-017  6.1618143992977749E-014  8.3752174094417493E-017  1.0699155744344795E-016  3.0744974795693492E-014 -7.9913859046551731E-017  7.7147740590095960E-014  1.8221490658205629E-016  4.0619699643168131E-017  9.5581694529952183E-017  1.1447317735460271E-016  7.9531666481180760E-014 -1.0745168246536970E-016  2.3088343938200180E-014 -1.4987109037380313E-016  3.2402753217908552E-014  1.2358018620001754E-001  2.7578699555406493E-016  5.5138831814308070E-017  5.8552346719617766E-017 -2.5654026217109234E-013 -3.9331327573645621E-016 -1.7460789241586165E-016  5.3599855359204404E-013  2.1196374503495915E-016 -5.9894306381339168E-013 -8.7983140045899444E-017  1.0986146977503589E-016 -7.4918642342645733E-017 -2.1110710971093630E-017 -2.1474176066683810E-017 -2.5925889965111795E-017  1.1073998404533427E-016 -4.7660680025541666E-017  9.3812148182592945E-017 -1.2111346469031155E-016  1.4631939995088808E-002 -2.2022667981796145E-014  7.9320358499302146E-017 -2.0723358251679420E-017 -5.2740489982041163E-014  3.8519620749483917E-017  1.7349567735021098E-013 -1.2955149970896718E-016  2.1235297761856510E-016  1.4050191448202384E-016 -2.1465402810570744E-002 -3.1380269987182394E-002  1.9470237593320093E-017 -2.1563893936961444E-018 -1.3676464599719672E-017 -2.6103668720668795E-002
 4.6543293713100106E-002 -2.3157184227502914E-016 -1.8674027168347185E-016 -3.2393889182763610E-016  2.4010372134194446E-002 -9.9573700507039455E-017 -6.5126669248489631E-017  2.1382552409932800E-017 -2.7920985289554222E-018 -1.7808180613370587E-018 -1.0769660726700845E-017  6.0433313820414771E-019 -1.3979543498423034E-017 -1.2615752136488033E-015  2.3334455246511177E-016 -6.0169226574241776E-018 -1.4405824191591025E-017 -4.9691422636924562E-017  5.9043489015456185E-019 -2.7341823388739746E-017 -1.2223624582933739E-017 -1.0245759521686005E-017 -7.3673051333529778E-018 -2.7345860949741327E-017 -5.5949853025596220E-017  3.8933659677204358E-018  8.0710914959149412E-018 -3.7365927803938730E-018  7.9353482906814226E-019 -5.9395649628775945E-018  4.5915241780866178E-018  3.2119174862958299E-018  2.7403218517145420E-018  7.2805504648829122E-018  4.4341546760330755E-017  3.1790610293432295E-018  2.3689260665565992E-017  2.8988217875646297E-018  3.6190211187087038E-017 -1.6881606062432638E-015  2.5397512870706986E-002 -1.9049983367786813E-016 -2.2510747606231186E-017  1.8633717580081913E-016 -7.9378151807440416E-018 -1.5607426603290158E-017  6.0984789187169576E-017 -6.7183603296832493E-018  7.3120071959291629E-017 -2.5799530164401294E-015  8.2491961483886848E-018 -1.4302512151461638E-017 -1.0801543970195169E-015 -3.4684108788376802E-019 -1.1099521130352481E-015  1.7749938379563775E-017 -1.6124794457716608E-017  9.0552187347126112E-018 -3.4054631233723961E-017  8.3278527516906959E-016 -1.1881659477329868E-016  8.8038211379408448E-019  2.7934878806770885E-018 -9.9147678464646928E-017  1.1953803902331188E-018 -1.0112859855112535E-016  1.4831040322641660E-002 -7.7699446653784690E-017 -7.3281902464652703E-017  7.0559641805447783E-017  5.2547026113358502E-016  7.7427127979190114E-005 -9.1153305523699449E-019  1.1805124655660675E-018  5.0985296514508222E-016
 1.5502795392415083E-016  4.6543293713100363E-002 -1.4963386627175907E-016 -2.9414278161252603E-016 -9.9573700507039455E-017  2.4010372134196115E-002  2.8746875645117836E-016 -4.1954391253323697E-016 -9.8728386087388775E-018 -3.9791794477209151E-017 -4.1792103095260748E-016 -6.4229448158391133E-019 -3.6684867695325779E-016  1.0509556044434056E-015  8.4132921288114877E-017 -1.9616257238318348E-016 -5.9642237357132431E-017  3.8016985331079061E-017  1.6791737139654837E-018  3.6803889626987297E-017 -2.4830705364955205E-016 -6.0856492076713972E-017 -1.9119643131019012E-016 -1.3045315663527489E-016 -2.1432823767711014E-016  2.1368827944198610E-017  8.2226915613190945E-017 -1.3538492503654829E-016 -7.3684620222276432E-019 -1.7629527440941954E-016  2.0952421778702173E-017  3.7197573137043107E-017  8.9276379248508099E-018  8.1064703866912375E-017 -2.4956856660400404E-016 -1.2695055873445787E-018 -1.8530489534381295E-016 -1.8665170847446156E-018 -3.8558970636602184E-016 -5.6650380751056306E-015 -5.1522685551948085E-017  2.5397512870709245E-002 -2.0385799175053988E-017  4.6371470840606871E-016 -3.9100779118735224E-017 -1.5441472652431967E-016  5.1252541497104782E-016  1.9464018704156789E-018  6.7724163046565556E-016  5.0711587995107550E-017 -1.1831831106406216E-015 -8.9941077269187244E-018  2.2667722501894237E-017 -5.3258716340223717E-019  2.2843040598255988E-017 -2.9374724446754543E-015 -7.6788039678583253E-018 -1.2750567204909920E-015 -1.7698268214314142E-017  5.4850037904433161E-015 -7.5624048670783618E-016  5.8736914448574973E-018  2.3484211625326350E-017 -7.6473538621765534E-016 -1.1347458841057370E-019 -7.8948914256215622E-016  5.9108125474261592E-017  1.4831040322642307E-002 -3.9248921386092336E-017 -2.2354061324904509E-015 -6.4095178824805960E-016 -3.1117593382713021E-018  7.7427127979204331E-005  2.7425990349865366E-018 -2.1071516300081242E-016
 5.9319411362114480E-017  5.6451665204474962E-016  4.6543293713100731E-002  1.9183213334603884E-016 -6.5126669248489631E-017  2.8746875645117836E-016  2.4010372134197069E-002 -8.0847061001494920E-017 -7.5896918402396125E-019 -3.7126227522725155E-018 -1.4115402768624592E-016  6.2368352881795242E-018 -8.0865788265415074E-017  7.3310076084282242E-016  4.8554259103542743E-017  1.2380450039286278E-019 -1.5380643649522042E-016  2.2635898214383353E-017 -1.0287769455405335E-019  2.1166914377870460E-017  7.6434156254863998E-018 -1.5379519058930107E-016  2.5395590865415020E-019 -1.9330488806167440E-016 -1.9203833103076448E-016 -1.7432301538601751E-017  7.2762064095775634E-018 -5.4780383477893603E-017 -6.4415481051938094E-018 -1.0916960727644961E-016 -1.8161734723100138E-017  2.8096664819786825E-018 -9.0637684107451389E-018  6.7232014289295063E-018  3.7842932393811077E-018 -1.4169453424055728E-017 -5.1474318241877201E-017 -1.4887645406891341E-017 -1.8036526570538981E-016 -1.1179299212868871E-016 -4.5936290795494261E-017  3.5656518542863534E-016  2.5397512870709078E-002  2.0636478176748860E-016  4.0022071123863537E-017 -1.4723049982240745E-017 -3.5910355686630373E-017  2.6592434885891723E-017  1.9232130421070833E-016  3.0566526344114662E-017 -5.5175534006018352E-018 -1.0801573505543086E-015  1.3419888083090146E-017  9.7472586631854436E-020  1.4056978260561845E-017 -1.9441087402781940E-017 -1.0056705807931964E-015 -9.1509895824616224E-018 -2.4335212499982798E-015 -2.8320101527312126E-016  7.3646113329602338E-017 -7.3744963836996093E-018  2.6130448147660931E-018  1.1096314462777637E-016 -3.9653897312159990E-018  7.5104851476558946E-017  2.9093887672290079E-017  1.7679078499456807E-016  1.4831040322642781E-002 -2.4346140780637376E-016 -5.7096888706817457E-016 -2.0786320874515396E-018  1.4025572804044721E-018  7.7427127979197094E-005 -4.8006827422947029E-016
 4.1449354122245884E-017 -8.1327167431682850E-016 -1.5671929135502856E-016  6.3302797278846427E-014  2.1382552409932800E-017 -4.1954391253323697E-016 -8.0847061001494920E-017  9.3688253907073892E-026  4.9935081567736135E-029  1.7430001518954088E-028 -2.4992083859143465E-025  3.2877924476292868E-030  3.1730575643999482E-025  2.0367639181342724E-013 -1.0161994054581640E-028  1.4403545519238377E-029  4.3468225071840691E-029 -3.7566006710431407E-029  8.3835666887201585E-029 -7.4102528903876777E-029  4.5738179238963325E-028 -1.5470546629682346E-029 -3.8866893260973185E-029  9.3870931307776456E-029  8.5419860183346390E-026  8.5693159824666321E-029  7.9675773887721709E-029  4.5620380542771889E-026 -1.4728920861413651E-028  1.0853353271911518E-025  1.9889846039169531E-028  5.0542189452390341E-029  1.2236181686399599E-028  9.9542943724919116E-029  1.0891868704117461E-025 -1.1912686338531579E-028  3.6026476200292366E-026 -1.9420649321596495E-028  4.4786377895672998E-026  1.6648864135848780E-013  2.2617877266858552E-017 -4.4378203964633405E-016 -8.5517802925697875E-017 -3.7895079798388835E-025 -3.7967235028736931E-028 -2.2077201004908976E-028  7.2473696608654866E-025  2.8214393338115615E-028 -8.1972170834766503E-025 -1.1911664285270959E-028  1.5281852339964525E-028 -1.7878474931166929E-028 -4.4878279852437834E-029 -5.2425160189108807E-029 -7.0666833287948017E-029  2.2347860573035175E-028  5.9602776369403722E-030  2.1455711617524464E-028 -1.5301703307872753E-028  2.1347888157015033E-014  3.5765611006912968E-026  8.9398122805963622E-029 -2.3040546651070941E-029 -6.4648371949599371E-026  6.4882736948535488E-029  2.3978808154535910E-025  1.3207854306555486E-017 -2.5914936466245475E-016 -4.9938668796238037E-017 -6.1613520466038007E-014 -1.0008034686606121E-013  6.8953101357844357E-020 -1.3529186481108351E-018 -2.6071048391431447E-019 -8.5204568273217914E-014
-5.4123884953864294E-018 -1.9138163481190755E-017 -1.4712360747150908E-018  8.6015917588496523E-017 -2.7920985289554222E-018 -9.8728386087388775E-018 -7.5896918402396125E-019  4.9935081567736135E-029  7.4950382215794021E-031 -1.2556764812716728E-030 -3.8644103865342121E-028  4.3408108926156818E-031  3.6697334356788450E-028  2.5922782180088457E-016  9.8389596847521241E-031  3.6600221890490548E-031 -4.2857587443023695E-031 -4.5423266104141909E-031 -2.3135366262612161E-031  1.6848951522468284E-031 -1.6123495631139981E-031  9.0282057109086528E-031  4.4679361904707734E-031  3.0638546465071554E-031  9.8975872167971470E-029  3.8866619988360139E-031  7.2375713676275032E-031  2.3187419467328178E-029  1.9153783480539406E-031  1.1000088183897239E-028  7.5033099932393903E-031  9.4062051690909541E-032  2.3715092810993106E-031  6.5355881347909920E-031  1.3936596226611074E-028 -4.3178838426347240E-031  2.0152720488117715E-030 -3.5720955619262858E-031  5.3360181283567285E-029  2.4041238768454781E-016 -2.9534052170909569E-018 -1.0443217799141314E-017 -8.0281677901632197E-019 -2.0806369706495633E-028 -2.0571904453400143E-030 -3.7638777238575976E-031  1.0194232832973065E-027  4.4021187572644124E-031 -1.0535703906335103E-027  8.3425687638942837E-032  8.3828780903115882E-031  6.0709976115762896E-031  2.0616839286670231E-031  1.6385880942946655E-031  3.6855622319105428E-031  1.2219203220765301E-030 -6.3841182197896996E-031  1.3058724812278941E-031 -1.6209240264225907E-031  1.4173009528148814E-017 -6.1418872656457178E-028  3.0394827736178235E-031 -9.6646478115833554E-032 -1.5812712426356406E-028 -3.8384997015742791E-032  2.8507962408970721E-028 -1.7246598943274066E-018 -6.0983839270276622E-018 -4.6881000048423309E-019  2.4393665822900982E-016  4.4405867999252328E-016 -9.0037825706946431E-021 -3.1837304903327416E-020 -2.4474757753558508E-021  3.8645364610963653E-016
-3.4520555372943238E-018 -7.7135046777823675E-017 -7.1967935456917845E-018  1.7826054346358787E-017 -1.7808180613370587E-018 -3.9791794477209151E-017 -3.7126227522725155E-018  1.7430001518954088E-028 -1.2556764812716728E-030  2.9793432740210983E-030  1.9606697125261326E-029 -8.1473673970884028E-031  2.1211714290967174E-028  9.0636711588158569E-017 -2.4392848855209035E-030 -1.8352982154500819E-031  1.1164037972757930E-030  6.7434095821632643E-031  6.7503170877348243E-031 -6.1607217049186934E-031  2.2100502310017557E-030 -1.5786160019894255E-030 -5.0085988611925604E-031  4.6161461379814398E-032  5.7077249524656972E-029 -5.4137807760147900E-031 -1.3464980963539317E-030  8.6857711321489571E-029 -7.8233292888744611E-031  1.0216388268400832E-028 -9.0320634260362413E-031 -1.2432864337193483E-031 -1.2041495708514574E-031 -1.1532306412827818E-030  4.7645354615431281E-029  4.8395833499734087E-031  9.9714728364657283E-029  1.2915470059003301E-031  2.7791278776175010E-029  1.9944501690774675E-017 -1.8837004849552034E-018 -4.2090668430092442E-017 -3.9271104840787323E-018 -6.9056520488784736E-028  2.9071741565143520E-030  4.5931026535418169E-031  1.3705899647740320E-028 -3.6564710900229785E-032 -3.4694792821919136E-028  1.4094346763661944E-031  1.6697492977506959E-030 -1.4171863903500395E-030 -2.5540759750846517E-031 -4.5979792445128700E-031 -6.2922666464776448E-031  5.3328452946623726E-030  1.4585617641521498E-030  3.4100870492890440E-030  4.2118784026656262E-031  3.4178932567548948E-017  1.2703787709966686E-027 -3.3407850740247027E-031  6.0127712088905565E-032  1.1707901945033158E-028  2.5928444031062385E-031  1.4678917025450195E-028 -1.0999989640883399E-018 -2.4579115438250849E-017 -2.2932613219839205E-018 -6.3949637118140657E-016 -1.1295609819499427E-015 -5.7426693412675263E-021 -1.2831805964044101E-019 -1.1972230807040961E-020 -9.7761289721788006E-016
-2.0876622807699459E-017 -8.1012577330756153E-016 -2.7362230508814902E-016 -1.8739028754505056E-013 -1.0769660726700845E-017 -4.1792103095260748E-016 -1.4115402768624592E-016 -2.4992083859143465E-025 -3.8644103865342121E-028  1.9606697125261326E-029  7.5645964993640162E-025 -1.6153801159811988E-028 -9.1654556629463352E-025 -5.9673567836167450E-013 -1.2324489737657046E-028 -1.2436856693323958E-028  6.0335590291883944E-029  2.4717236186560664E-028 -1.2657648587802878E-028  1.1723153789614065E-028 -1.0260275409308859E-027 -2.6369464402005561E-028 -2.1756726531557674E-029 -3.0819274375266394E-028 -2.4677266813749925E-025 -3.5394335382350439E-028 -4.7071344913531040E-028 -1.2131081806330733E-025  2.9793873753874827E-028 -3.0800651896938580E-025 -7.6239654822549866E-028 -1.6644312990221592E-028 -3.8897405290964091E-028 -4.9490763682195355E-028 -3.1932438935202690E-025  4.4848359009812450E-028 -9.0027700163910118E-026  6.0850744922468254E-028 -1.2984727584590403E-025 -4.9785474540344030E-013 -1.1391851631821401E-017 -4.4206540003929523E-016 -1.4930885764120932E-016  1.0132774479703264E-024  1.6757058969382804E-027  7.1331796959870018E-028 -2.1577284595425659E-024 -8.5609663670725176E-028  2.4051213088791211E-024  3.5618187438434866E-028 -4.3159931505135488E-028  2.5882599707564561E-028  7.5940568181852217E-029  7.2266903263786553E-029  8.3660231232522194E-029 -3.8101695778217490E-028  2.3848384755757954E-028 -3.1575388295980622E-028  5.0356299832968262E-028 -5.7954364118697924E-014  1.2840559950809862E-025 -3.3015211862169502E-028  8.6271521119633308E-029  2.1635861823458559E-025 -1.4728879086954290E-028 -6.9526853110330087E-025 -6.6523447289046219E-018 -2.5814692196912627E-016 -8.7189863806455304E-017  6.6648904239214465E-014  9.1365371908769416E-014 -3.4729320155027193E-020 -1.3476852823300446E-018 -4.5518457203362961E-019  7.4818090178614309E-014
 1.1714793337976938E-018 -1.2450661130752061E-018  1.2089894110577465E-017  3.3744650678652829E-017  6.0433313820414771E-019 -6.4229448158391133E-019  6.2368352881795242E-018  3.2877924476292868E-030  4.3408108926156818E-031 -8.1473673970884028E-031 -1.6153801159811988E-028  2.6185160301348982E-031  1.3043171250205270E-028  9.8028776501026163E-017  6.7467741387265924E-031  1.7324306080746786E-031 -3.2714873214530507E-031 -2.5282797015381378E-031 -1.6262759943621105E-031  1.3364107284085530E-031 -2.7964587509470127E-031  4.9069131830669716E-031  2.3797190595072040E-031  7.3179646882530654E-032  3.5146970305244644E-029  2.0958268200984550E-031  4.3326452892345210E-031  9.3167224965491871E-031  1.5523596052093448E-031  3.5242767833874371E-029  3.9473613936199345E-031  5.1322043174623007E-032  1.0753896309253006E-031  3.8490548180302565E-031  5.2819078933682892E-029 -2.2978745285684470E-031 -9.0841767902932154E-030 -1.6392756412556391E-031  1.9235137945035848E-029  9.7284524059061280E-017  6.3924701249719860E-019 -6.7940147997790120E-019  6.5971532477167938E-018 -1.7233134086535972E-029 -1.1276718702192765E-030 -2.0252620798917528E-031  4.0728458797803656E-028  1.9175884350235317E-031 -4.0050405517170621E-028 -1.4258645903004486E-031  2.0494867819243889E-031  1.1267183592492207E-031  4.2380870226132641E-032  1.1336107858566835E-031  1.4477619915454142E-031  3.4376277739065378E-032 -6.6833456304783255E-031 -2.5909081133928778E-031 -7.3713137590855048E-031  2.4556992934050899E-018 -3.7980824111866945E-028  1.5672986990355856E-031 -4.5532173234106460E-032 -7.6886256199264807E-029 -4.2553881890309286E-032  1.0315293080398228E-028  3.7329238759499331E-019 -3.9674084608674228E-019  3.8524498965576316E-018  1.6426801163400072E-016  2.9559597681983885E-016  1.9488152440263764E-021 -2.0712305810661851E-021  2.0112151587513551E-020  2.5671182223032637E-016
-2.7098871905377137E-017 -7.1112374369474663E-016 -1.5675559352254208E-016  2.2886227969925446E-013 -1.3979543498423034E-017 -3.6684867695325779E-016 -8.0865788265415074E-017  3.1730575643999482E-025  3.6697334356788450E-028  2.1211714290967174E-028 -9.1654556629463352E-025  1.3043171250205270E-028  1.1294082693942091E-024  7.3152732531350901E-013 -3.7361464526352967E-029  1.1711701390943620E-028  1.0472757574476314E-029 -2.4221905713229736E-028  2.0811484386032966E-028 -1.8838458337219406E-028  1.3989930829668870E-027  1.8673235192732610E-028 -3.2483074004626346E-029  3.6459646487525325E-028  3.0406977701120104E-025  3.8805128827370812E-028  4.7094154656510880E-028  1.5420710456557187E-025 -4.2464047054964239E-028  3.8201950156589495E-025  8.5461386106959286E-028  1.9562693214330139E-028  4.6325123198745532E-028  5.1574221296982029E-028  3.9136103517830663E-025 -5.0548995967182932E-028  1.1727019721849115E-025 -7.2832053880753031E-028  1.5978925355451702E-025  6.0583021403816817E-013 -1.4787177552609009E-017 -3.8804246524826965E-016 -8.5537612112195330E-017 -1.2853042885015726E-024 -1.8035059186302462E-027 -8.4383591220821988E-028  2.6298236577288907E-024  1.0362728870496297E-027 -2.9468500242684243E-024 -4.2845579791915173E-028  5.4348527678099343E-028 -4.3122516206289090E-028 -1.1572844480248869E-028 -1.2476650695091927E-028 -1.5530977583248701E-028  6.0680269578137290E-028 -1.7482329324632998E-028  5.3404396393526400E-028 -5.8386122614959325E-028  7.3087571033337372E-014 -5.3669708670376480E-026  3.7436329184802034E-028 -9.7568676273615855E-029 -2.5323670837303209E-025  1.9961329245866585E-028  8.5555486906828391E-025 -8.6350670514587222E-018 -2.2659988315657484E-016 -4.9950236497152245E-017 -1.3235778966272885E-013 -2.0179719296842242E-013 -4.5080346711495254E-020 -1.1829903885152502E-018 -2.6077087446942325E-019 -1.6948516092981077E-013
 1.7678001341677338E-015  5.4709376353948037E-015  1.0975749177409675E-015  1.4864064687805850E-001 -1.2615752136488033E-015  1.0509556044434056E-015  7.3310076084282242E-016  2.0367639181342724E-013  2.5922782180088457E-016  9.0636711588158569E-017 -5.9673567836167450E-013  9.8028776501026163E-017  7.3152732531350901E-013  4.7456671824305341E-001  1.3422190053526421E-017  8.2472116306951542E-017 -1.0135951782410160E-017 -1.6910377866141751E-016  1.2450824875452409E-016 -1.1325112071229141E-016  8.7889404497545166E-016  1.4805774717039394E-016 -9.8404456736303627E-018  2.3878203190599127E-016  1.9695110977362070E-013  2.6089505104450194E-016  3.2679050593622051E-016  9.8948666815489073E-014 -2.6369249985306509E-016  2.4694747902920709E-013  5.7034672956087248E-016  1.2867850287133293E-016  3.0324608366105052E-016  3.5284612441237501E-016  2.5390702625818909E-013 -3.3672368168483039E-016  7.4705995361357389E-014 -4.7599236647118530E-016  1.0353828204121560E-013  3.9391193969072730E-001  6.6502414660527480E-016  2.2575668080230293E-015  3.5360870155461738E-016 -8.2525700623060149E-013 -1.2198512177314850E-015 -5.5391138830422615E-016  1.7090931822648147E-012  6.7489159831075753E-016 -1.9120266950392076E-012 -2.7983549824440608E-016  3.4659154526490575E-016 -2.5725898596251394E-016 -7.0689350875436555E-017 -7.3762558991356503E-017 -9.0394174328111760E-017  3.5815628048991567E-016 -1.3684746821926361E-016  3.1391429455955462E-016 -3.8567049318777112E-016  4.7009084346517044E-002 -5.5406906636467060E-014  2.4890310334763345E-016 -6.4858677110530878E-017 -1.6666542566916690E-013  1.2571404528811058E-016  5.5438294304626316E-013 -5.5740037968993031E-016  1.9125080031222609E-015  4.8004066209456423E-016 -7.5812578965276226E-002 -1.1309287242288896E-001  6.8649738606952106E-017  1.5304309879623295E-018 -3.0974660742428281E-017 -9.4517747151235190E-002
 4.5233051703802629E-016  1.6308882030516166E-016  9.4120787876483838E-017  1.2512882423389000E-017  2.3334455246511177E-016  8.4132921288114877E-017  4.8554259103542743E-017 -1.0161994054581640E-028  9.8389596847521241E-031 -2.4392848855209035E-030 -1.2324489737657046E-028  6.7467741387265924E-031 -3.7361464526352967E-029  1.3422190053526421E-017  4.4527649222027711E-030 -3.3042300001749801E-031 -1.4427286783089693E-030 -9.1400149328005823E-031 -4.9957206357495237E-031  3.2149032563078291E-031 -2.2315169441442106E-030  7.4304050168308187E-031 -9.9150613455863287E-032 -9.1228567272695416E-031 -1.1116053778632390E-029  5.2393906048146559E-031  1.3902644406741812E-030 -5.1098865168026705E-029  5.6213603488188265E-031 -3.6933009910534414E-029  8.6825044617618763E-031  2.3898834686034051E-031  1.7774755058489161E-031  1.2316402688928481E-030  7.7346694222236554E-030 -4.3982329067494484E-031 -6.5379062608078820E-029 -1.9097112528581390E-031 -4.2194356320034089E-030  5.4632469638544437E-017  2.4682546532054548E-016  8.8993495782685324E-017  5.1359363095982616E-017  3.9910853178835288E-028 -2.5912990694900537E-030 -9.7871327109363628E-031  1.9894214743459992E-028  1.3916885964388044E-031 -6.5853753915634677E-029 -2.4913872353687826E-029 -3.7858290600898912E-030 -1.1420072743464637E-030 -1.0170773962663973E-029  3.4418697408800105E-031 -1.0166486897033735E-029 -1.0460023387195572E-029 -3.2558109626606662E-030 -5.3619440404011875E-030 -5.3932031495302750E-030 -1.8494181742970040E-017 -1.0118851470598615E-027  3.1464457581461348E-031  2.4748380237285025E-032 -1.2428105933806363E-028 -1.7775786366676932E-031 -1.9071669869170444E-029  1.4413531149524484E-016  5.1968321903207697E-017  2.9991629058306265E-017  4.8951491929099375E-016  8.6836067745266849E-016  7.5247473991544730E-019  2.7130651817587661E-019  1.5657470082153415E-019  7.5214932394176630E-016
-1.1663600919151553E-017 -3.8025450713213044E-016  2.3999083365892767E-019  2.7745895099621784E-017 -6.0169226574241776E-018 -1.9616257238318348E-016  1.2380450039286278E-019  1.4403545519238377E-029  3.6600221890490548E-031 -1.8352982154500819E-031 -1.2436856693323958E-028  1.7324306080746786E-031  1.1711701390943620E-028  8.2472116306951542E-017 -3.3042300001749801E-031  1.7135948021717707E-030  3.0804235389588045E-031 -4.6688191465652120E-031 -1.1078209741591546E-031 -2.1694002252941560E-031  1.8888672900701814E-030  8.3868364636748559E-031  1.7101633859800740E-030  1.1580143069572717E-030  3.2533974362135847E-029 -2.9130998032314187E-032 -3.8662031430430919E-031  6.0266276810174233E-030  9.3027246842638053E-032  3.4443854381340209E-029  1.0430203217931087E-031 -2.6663486881181368E-031  8.8868362709084369E-033 -4.0615539493577192E-031  4.6380803644248730E-029 -1.4765612282949205E-031 -9.4047092969942442E-031 -1.0722257469726684E-031  1.9800863775483063E-029  7.8476871270717944E-017 -6.3645357006507524E-018 -2.0749538695228242E-016  1.3095700369208796E-019 -5.0797982985148536E-029 -4.4878434322109172E-031  1.1137081819646104E-030  3.2697872236558140E-028  1.3195524361538617E-031 -3.4134356944932142E-028  1.6710514851584152E-031  9.7894429292696085E-030  3.0792249066943916E-031  1.2445719330376965E-031  7.2569161777434454E-032  1.9447564915892630E-031  2.3985063503278353E-029 -2.0059198822785584E-031  1.0245254528320614E-029  5.7840238757026509E-032  3.6016555411698094E-018 -2.3537470238811496E-028  6.2609657128600147E-032 -2.2413080456591905E-031 -4.9453390854525034E-029 -2.0061471505759448E-032  9.5640208640035603E-029 -3.7166113899337759E-018 -1.2116826030633433E-016  7.6473181142201672E-020  1.0011273379488654E-016  1.8117034020554393E-016 -1.9402991258750343E-020 -6.3257264451190671E-019  3.9923691468180035E-022  1.5750000903916736E-016
-2.7925202607486846E-017 -1.1561445843090197E-016 -2.9814857132374921E-016 -6.8032595919853034E-018 -1.4405824191591025E-017 -5.9642237357132431E-017 -1.5380643649522042E-016  4.3468225071840691E-029 -4.2857587443023695E-031  1.1164037972757930E-030  6.0335590291883944E-029 -3.2714873214530507E-031  1.0472757574476314E-029 -1.0135951782410160E-017 -1.4427286783089693E-030  3.0804235389588045E-031  1.4839593371557764E-030  5.8319306768398095E-032  2.1816345797654737E-031 -3.9101670421013196E-031  1.1166782124273847E-030  5.4424949286149779E-031  1.9749908192483476E-031  1.4885909505636151E-030  4.1416431236596136E-030 -1.4107744848897754E-031 -6.9928089106867504E-031  2.1842062826206085E-029 -2.0394435427324532E-031  1.4654087211800298E-029 -2.8725807770980736E-031 -1.4481776543940470E-031 -2.8827246934570994E-032 -6.2896152676418053E-031 -5.2859831426977476E-030  2.8615647152182604E-031  2.8425976955918926E-029  1.8224990219485608E-031  2.4058553731433427E-030 -2.7406322437550813E-017 -1.5238085577108040E-017 -6.3087922271655630E-017 -1.6269222853575083E-016 -1.6776344510403660E-028  9.2996257525223868E-031  6.0411432035750975E-031 -1.0234140093805857E-028 -2.4005633800959865E-031  4.4538660158680099E-029  1.2636712112403912E-030  2.8392151729445063E-030  6.4228991569820334E-030  4.1030679203751429E-031 -1.5093880398058430E-031  2.9633904543612604E-031  7.5385161806346281E-030  6.9256633131423831E-030  3.6384417106396772E-030  1.5691148776912821E-029  7.6531334268842910E-018  4.4227806342463915E-028 -1.0131613990704893E-031 -3.6873776716266709E-032  5.5530832958843982E-029  1.0285992021538278E-031  3.3051436016417732E-030 -8.8983776791246996E-018 -3.6840596315307645E-017 -9.5005168965862428E-017 -2.1309180702665380E-016 -3.7820066200227639E-016 -4.6454989830582391E-020 -1.9233051112266876E-019 -4.9598525903602474E-019 -3.2761764253110342E-016
-9.6325140896853909E-017  7.3694639319267863E-017  4.3878922540784572E-017 -5.5772606077038774E-017 -4.9691422636924562E-017  3.8016985331079061E-017  2.2635898214383353E-017 -3.7566006710431407E-029 -4.5423266104141909E-031  6.7434095821632643E-031  2.4717236186560664E-028 -2.5282797015381378E-031 -2.4221905713229736E-028 -1.6910377866141751E-016 -9.1400149328005823E-031 -4.6688191465652120E-031  5.8319306768398095E-032  4.4911799197441737E-031  1.3079274778320819E-031  3.3735358218984251E-032 -2.4040257220516773E-031 -7.3326390490467393E-031 -5.0068746813957362E-031 -4.8307382976393176E-031 -6.5516118781361648E-029 -2.3196620617170074E-031 -3.3384563821621466E-031 -1.7518393658854946E-029 -1.1001666360747314E-031 -7.3831171831846905E-029 -4.5708906835146906E-031 -1.3964234202305936E-032 -1.5191581661990656E-031 -2.9436675341337783E-031 -9.1293033941248390E-029  2.4266350969358717E-031 -4.3866734740019713E-030  2.0372763155695072E-031 -3.5795635394936181E-029 -1.5505681190322205E-016 -5.2562223481230287E-017  4.0213324010771510E-017  2.3943632069786635E-017  1.5319240223017724E-028  1.2456944786301702E-030  5.2560387047387173E-032 -6.5845187039341295E-028 -2.4058422448755644E-031  6.8757196604800105E-028  5.5726468761501440E-030 -2.1141963769197135E-030 -1.3234884386175818E-030  2.2341562246976202E-030 -9.2435870556502733E-032  2.2048972631170284E-030 -4.7288994823907942E-030 -5.2858610477824400E-031 -1.8295525801139588E-030 -2.0912889982038103E-030 -1.0053706357393956E-017  3.5894843246567377E-028 -1.8728109670836509E-031  8.6753876333078259E-032  9.7726512289955341E-029  1.1147558144684145E-032 -1.8798992904065177E-028 -3.0694047085096546E-017  2.3482828139406718E-017  1.3982037316222274E-017 -1.3908582286067746E-016 -2.5414572276176755E-016 -1.6024175379167153E-019  1.2259476746809260E-019  7.2994811499816561E-020 -2.2132674238465787E-016
 1.1445380503631900E-018  3.2550214102304223E-018 -1.9942492883586861E-019  3.6611576985667372E-017  5.9043489015456185E-019  1.6791737139654837E-018 -1.0287769455405335E-019  8.3835666887201585E-029 -2.3135366262612161E-031  6.7503170877348243E-031 -1.2657648587802878E-028 -1.6262759943621105E-031  2.0811484386032966E-028  1.2450824875452409E-016 -4.9957206357495237E-031 -1.1078209741591546E-031  2.1816345797654737E-031  1.3079274778320819E-031  1.8055058517538132E-031 -1.4812599909995069E-031  5.8131998784392134E-031 -3.5632637771584359E-031 -2.0054845498667845E-031 -2.2432148650545724E-033  5.5965464844725799E-029 -5.5982572462212775E-032 -1.9544281724126811E-031  4.1250382056750815E-029 -2.3502612385127270E-031  7.7132084208119785E-029 -7.0060268077863746E-032  1.6869168999348778E-032  4.3077584261492687E-032 -1.4663810128525118E-031  6.6315059298524700E-029  3.4642870026765150E-032  3.8819393100706241E-029 -7.6335869189524313E-032  2.8800108831718523E-029  9.0857994873725903E-017  6.2454582703794363E-019  1.7761838831249370E-018 -1.0882120264221417E-019 -3.3668887147293956E-028  3.7283906915063596E-031 -8.7374453127649944E-032  4.0585445322883511E-028  1.4109037438728512E-031 -4.9721579546395371E-028 -1.1270683648200642E-031 -7.2356810074781600E-032 -4.1422540385719834E-031 -1.0736929871354209E-031 -1.2028583292975321E-031 -1.9726878416760738E-031 -2.1818047174313798E-032  2.6459054517688073E-031  2.7272130611637106E-031 -7.3247019644022184E-032  1.8026211488148160E-017  2.7449210964911219E-028 -1.8483733391909674E-032  9.9944750975883136E-033 -1.0428525611124721E-029  8.6008285095066862E-032  1.5433750630247766E-028  3.6470753617791133E-019  1.0372139557589300E-018 -6.3546838329874957E-020 -1.6108089808546124E-016 -2.7995838276979276E-016  1.9039970539267897E-021  5.4148930855707658E-021 -3.3175347605604527E-022 -2.4156150209536307E-016
-5.3001199211797933E-017  7.1343094356032236E-017  4.1031347093788947E-017 -3.3530246942049471E-017 -2.7341823388739746E-017  3.6803889626987297E-017  2.1166914377870460E-017 -7.4102528903876777E-029  1.6848951522468284E-031 -6.1607217049186934E-031  1.1723153789614065E-028  1.3364107284085530E-031 -1.8838458337219406E-028 -1.1325112071229141E-016  3.2149032563078291E-031 -2.1694002252941560E-031 -3.9101670421013196E-031  3.3735358218984251E-032 -1.4812599909995069E-031  2.3106121284133546E-031 -8.6948311811221188E-031  6.5884293843491170E-032 -1.3205569779108386E-031 -3.5071457663430562E-031 -5.0940541516490315E-029  5.3296285514125004E-032  2.7888640096394776E-031 -3.6313675399672691E-029  1.9015719164220303E-031 -6.9344213665103836E-029  5.4881726340126972E-032  4.1044416235157054E-032 -3.9513351390540241E-032  2.3707021740161316E-031 -6.0791183669117418E-029 -3.7733201922517837E-032 -3.3832795929755948E-029  5.4806726817094721E-032 -2.6851211120067197E-029 -8.3841007920218243E-017 -2.8921430602701113E-017  3.8930144658704325E-017  2.2389781272047489E-017  2.9543340127408101E-028 -2.9081985751398891E-031 -1.5591437959324266E-031 -3.7252519964102096E-028 -9.7823165798923495E-032  4.5384944692693488E-028  3.0925070375744994E-030 -1.8448698187456897E-030 -6.0324688570713311E-031  1.3453765600769653E-030  9.9358006340326628E-032  1.4531965678322661E-030 -4.6979998949273694E-030 -1.0890855664533870E-030 -2.2749809231388000E-030 -2.0575777141307927E-030 -1.5850477895622518E-017 -2.2296161788383505E-028  1.0654801723823863E-032  3.0002518640980176E-032  1.1671536803466585E-029 -7.8146609969799419E-032 -1.4060703099158636E-028 -1.6888854654419748E-017  2.2733507337461009E-017  1.3074656189814657E-017  1.3297711471809439E-016  2.3064432179664974E-016 -8.8170181073234192E-020  1.1868285324166396E-019  6.8257725423648367E-020  1.9893387226883519E-016
-2.3695082526096363E-017 -4.8133481915450203E-016  1.4816502486512220E-017  2.6933152822822477E-016 -1.2223624582933739E-017 -2.4830705364955205E-016  7.6434156254863998E-018  4.5738179238963325E-028 -1.6123495631139981E-031  2.2100502310017557E-030 -1.0260275409308859E-027 -2.7964587509470127E-031  1.3989930829668870E-027  8.7889404497545166E-016 -2.2315169441442106E-030  1.8888672900701814E-030  1.1166782124273847E-030 -2.4040257220516773E-031  5.8131998784392134E-031 -8.6948311811221188E-031  5.1229764452893059E-030 -1.1597438337044110E-031  1.5030476313562267E-030  1.6042616353515267E-030  3.7767949313171672E-028 -5.9775482501517618E-032 -9.6284192685028597E-031  2.2278680358970976E-028 -8.9672226048242022E-031  4.8994313891754519E-028  2.7951454482956926E-031 -1.9588686115803121E-031  3.7220855960204038E-031 -7.9744417549368011E-031  4.7208508155986639E-028 -3.1005950872071768E-031  1.8819812267015788E-028 -7.4740379368155910E-031  1.9980552038767783E-028  6.9837848162923452E-016 -1.2929814704101039E-017 -2.6265238854714260E-016  8.0849953361652885E-018 -1.8329445176663147E-027 -1.0252241362162537E-031  7.4655586456187137E-031  3.0536985712542920E-027  1.1522999941331784E-030 -3.5371199216570073E-027  3.3219753758187413E-031  1.2670599298694605E-029 -1.5936946733427179E-030  2.9775623500134099E-032 -3.8246181866366581E-031 -2.0263420994431231E-031  3.1248661566568023E-029  2.5492415028973040E-031  1.4456428990040250E-029 -1.2397345287822400E-030  1.0125593337333675E-016  6.2614603330825512E-028  1.8734247572771669E-031 -3.0045883034783749E-031 -2.1749670871732764E-028  3.6425171633110571E-031  1.0572619761054846E-027 -7.5504481173852429E-018 -1.5337754469153080E-016  4.7212848143597915E-018 -4.9247340628206559E-016 -8.3355653147556079E-016 -3.9417970685769303E-020 -8.0072486647048229E-019  2.4648002810509331E-020 -7.1556228263727256E-016
