 7.0428890336003391E-006  5.8335697721135039E-008  1.1975905273616653E-008 -2.5897791526604584E-009 -1.0943468717797287E-007  4.2052258114294352E-008  5.1098989470796555E-008 -5.5302180098441116E-017  9.4348763879748914E-016 -2.0646202097786891E-016 -3.7904633793404533E-005  1.9793275435401198E-006  4.0634191554441262E-007 -8.7871087645313392E-008 -3.7131139085371160E-006  1.4268311859187897E-006  1.7337863649933502E-006 -4.2814947123048692E-018  1.4461371964723031E-017 -4.6584646043852542E-018  5.5519675457623333E-018 -1.3344686331679575E-018 -1.1372798430112066E-018 -2.6073222451068089E-017  1.6480977707896694E-017  1.5566929529340252E-017 -1.0141058479418263E-017 -2.3312865583131286E-017  3.3706917078264337E-016 -6.8130247234398029E-017 -1.0487112355509178E-017  1.8080029985933791E-016 -4.0091571652442742E-017 -9.6953376951232578E-004 -1.7203420823464211E-003 -2.1996901616626337E-018  2.6970283327547487E-017 -5.7055093800194889E-018 -7.2804511744203445E-007 -1.4946250231289168E-007  3.2321136801520152E-008  1.3657741789334810E-006 -5.2482343382994069E-007 -6.3772906201593504E-007 -1.0874789922087752E-003 -4.1026830620443922E-019  6.4974536489112307E-018 -1.2987888424739581E-018 -4.1018834301914935E-004 -1.2658614337033544E-004
 5.8335697721135039E-008  4.8319001085723364E-010  9.9195484501551304E-011 -2.1450937689538901E-011 -9.0643893450039360E-010  3.4831555717307238E-010  4.2324892375877892E-010  1.5801662384610297E-017 -2.5620698193210596E-016  5.5384380546066658E-017 -3.1396111008609782E-007  1.6394614869013063E-008  3.3656982303053813E-009 -7.2782933010147590E-010 -3.0755431405943003E-008  1.1818330853112582E-008  1.4360816536899741E-008  7.1372681619819313E-019 -5.2547865767675071E-018  1.1236601959477496E-018 -1.2212118587135884E-018  3.8953885382067568E-019  2.5263437418671448E-019  6.9616291520691478E-018 -4.3131365222552272E-018 -4.1262410083150358E-018  2.3662866480857113E-018  5.7251370476359383E-018 -9.3307077819124967E-017  2.0217007094247077E-017  2.9895901023760072E-018 -4.8457221910258246E-017  1.0470601875325530E-017 -8.0305722039455258E-006 -1.4249458597732008E-005  4.7216318061605485E-019 -7.7393380692165248E-018  1.6746753612988440E-018 -6.0303406309293380E-009 -1.2379861891863609E-009  2.6771344223395693E-010  1.1312600450963762E-008 -4.3470713576216326E-009 -5.2822598243787239E-009 -9.0075032369416169E-006  1.0398862546349109E-019 -1.6899058269846650E-018  3.6632098085403824E-019 -3.3975578875287189E-006 -1.0485031015121908E-006
 1.1975905273616653E-008  9.9195484501551304E-011  2.0364129895898897E-011 -4.4037254688924078E-012 -1.8608548864517653E-010  7.1506715115887323E-011  8.6890004167360971E-011 -1.9426374142783414E-017  3.1551851917721030E-016 -6.8234744981962459E-017 -6.4453990624481717E-008  3.3656982317637284E-009  6.9095399147189962E-010 -1.4941820280135574E-010 -6.3138720809941416E-009  2.4262195588321409E-009  2.9481738492242131E-009 -8.9804539942394652E-019  6.4147952382110365E-018 -1.3897976199537830E-018  1.5161023698081285E-018 -4.7856147460468796E-019 -3.1350881738845590E-019 -8.5782812917833632E-018  5.3185245348544966E-018  5.0857553003602972E-018 -2.9305601456401820E-018 -7.0762502857151920E-018  1.1483204540413385E-016 -2.4824235297752594E-017 -3.6756460854984172E-018  5.9702200376459387E-017 -1.2912238823530502E-017 -1.6486195548244364E-006 -2.9253128535897205E-006 -5.8679145013419025E-019  9.5133141405796195E-018 -2.0570303527405230E-018 -1.2379861900149442E-009 -2.5414979010990825E-010  5.4959672206099922E-011  2.3223966917589662E-009 -8.9242293878774373E-010 -1.0844105026358753E-009 -1.8491765716607821E-006 -1.2837743776273160E-019  2.0842847577336124E-018 -4.5054405442850521E-019 -6.9749455328673424E-007 -2.1525025521815161E-007
-2.5897791526604584E-009 -2.1450937689538901E-011 -4.4037254688924078E-012  9.5230182210127937E-013  4.0240825899616980E-011 -1.5463265269000429E-011 -1.8789888215210915E-011  1.2557679613988884E-018 -2.0407613183318724E-017  4.4140235784118933E-018  1.3938119700461362E-008 -7.2782933027789099E-010 -1.4941820277283006E-010  3.2311557064118618E-011  1.3653693741170904E-009 -5.2466788018798277E-010 -6.3754004383785875E-010  5.8498688687118958E-020 -4.1368354100634752E-019  9.0021755702565262E-020 -9.8324719287681851E-020  3.0928152625505178E-020  2.0329385080399324E-020  5.5494910965244774E-019 -3.4414956838646239E-019 -3.2903767240356244E-019  1.8990441038064279E-019  4.5824678678541909E-019 -7.4256566259867297E-018  1.6040412485803202E-018  2.3760875343679565E-019 -3.8621038698737306E-018  8.3554200547809771E-019  3.5651255217913963E-007  6.3259637331353513E-007  3.8068721926143405E-020 -6.1493474331940025E-019  1.3293248313566412E-019  2.6771344236042251E-010  5.4959672195277938E-011 -1.1884981557926614E-011 -5.0221627502140764E-010  1.9298568829866143E-010  2.3450283285384767E-010  3.9988283352787359E-007  8.3102368007594748E-021 -1.3487932821824412E-019  2.9128457264625140E-020  1.5083259360573535E-007  4.6547681434730093E-008
-1.0943468717797287E-007 -9.0643893450039360E-010 -1.8608548864517653E-010  4.0240825899616980E-011  1.7004315559432650E-009 -6.5342158451027520E-010 -7.9399262165976628E-010 -2.3442206250139734E-018  3.7357890953374207E-017 -8.0407969799278036E-018  5.8897445664514993E-007 -3.0755431402747591E-008 -6.3138720776023636E-009  1.3653693736442864E-009  5.7695564575609375E-008 -2.2170564343958898E-008 -2.6940133172805135E-008 -8.1079684880768046E-020  8.3420287187110648E-019 -1.5660328414543603E-019  1.6339769384604382E-019 -5.8190063109108237E-020 -3.3959055635145486E-020 -1.0090093122995985E-018  6.2059163572951937E-019  5.9648023193895444E-019 -3.2518486247571934E-019 -8.0377980360132509E-019  1.3696126752164364E-017 -3.0357483783878287E-018 -4.4317699180656057E-019  7.0328566133603993E-018 -1.5054092965672849E-018  1.5064929217097629E-005  2.6731231561721985E-005 -6.2436751978541025E-020  1.1497601883445248E-018 -2.5060476627560586E-019  1.1312600453963190E-008  2.3223966908203486E-009 -5.0221627491732268E-010 -2.1221840826154890E-008  8.1548762206592356E-009  9.9092403803413746E-009  1.6897600225875974E-005 -1.4782689797892763E-020  2.4259240494722618E-019 -5.4111808917499284E-020  6.3736391114775787E-006  1.9669364283192528E-006
 4.2052258114294352E-008  3.4831555717307238E-010  7.1506715115887323E-011 -1.5463265269000429E-011 -6.5342158451027520E-010  2.5108906360366570E-010  3.0510602742054861E-010 -1.5413129098221934E-017  2.5054665751853114E-016 -5.4195028850559039E-017 -2.2632408893615755E-007  1.1818330852095125E-008  2.4262195575719904E-009 -5.2466788001564155E-010 -2.2170564344353671E-008  8.5194403929304544E-009  1.0352233492236775E-008 -7.2053167350816371E-019  5.0719310316237275E-018 -1.1059433437290869E-018  1.2086348731731539E-018 -3.7956720054403667E-019 -2.4987871962475483E-019 -6.8137926547789929E-018  4.2260093719356848E-018  4.0401597322847720E-018 -2.3334956757539016E-018 -5.6291010076772088E-018  9.1156418789616203E-017 -1.9684071295675749E-017 -2.9164125974933489E-018  4.7418830677463814E-017 -1.0260214150300770E-017 -5.7889715614637247E-006 -1.0271959269352820E-005 -4.6802559818401055E-019  7.5474635539929678E-018 -1.6313754086526407E-018 -4.3470713582822488E-009 -8.9242293832606548E-010  1.9298568823682428E-010  8.1548762197363287E-009 -3.1336587015008974E-009 -3.8078048645857402E-009 -6.4932085478078819E-006 -1.0206437294967470E-019  1.6563170326696970E-018 -3.5754254052712155E-019 -2.4491861214655655E-006 -7.5583090253250378E-007
 5.1098989470796555E-008  4.2324892375877892E-010  8.6890004167360971E-011 -1.8789888215210915E-011 -7.9399262165976628E-010  3.0510602742054861E-010  3.7074369800226348E-010 -2.1337239032676220E-017  3.4679948728236228E-016 -7.5012746056707418E-017 -2.7501334663417752E-007  1.4360816537657470E-008  2.9481738481023349E-009 -6.3754004371696733E-010 -2.6940133177025609E-008  1.0352233493674236E-008  1.2579316639341687E-008 -9.9572004622181396E-019  7.0252102545686511E-018 -1.5303051494983397E-018  1.6719245294109668E-018 -5.2548397802270913E-019 -3.4567225198836974E-019 -9.4310281947821747E-018  5.8489353207925662E-018  5.5919087478780476E-018 -3.2285598687312217E-018 -7.7894558452857026E-018  1.2618249852551884E-016 -2.7252315557361865E-017 -4.0373259390387842E-018  6.5633476349609500E-017 -1.4200391896783773E-017 -7.0343570150736796E-006 -1.2481772967399625E-005 -6.4737612542458842E-019  1.0448480823599637E-017 -2.2585550174414273E-018 -5.2822598244768077E-009 -1.0844105019302162E-009  2.3450283274742494E-010  9.9092403778980353E-009 -3.8078048640777810E-009 -4.6269805572266033E-009 -7.8900969910896955E-006 -1.4124780730593539E-019  2.2923577639147715E-018 -4.9494927968597986E-019 -2.9760812247618361E-006 -9.1843332705795076E-007
-5.5302180098441116E-017  1.5801662384610297E-017 -1.9426374142783414E-017  1.2557679613988884E-018 -2.3442206250139734E-018 -1.5413129098221934E-017 -2.1337239032676220E-017  3.8061586918429137E-003 -6.1803558662508189E-002  1.3364966084747524E-002 -1.1405101814186285E-016  5.7876517869334028E-017  1.3459539825527492E-017 -1.6238492101094232E-017  5.3409183320148338E-017  8.1517041895098509E-018  7.0825775072270844E-017  1.7537419846372175E-004 -1.2581062224705970E-003  2.7206438202295047E-004 -2.9663218744646733E-004  9.3772632082989542E-005  6.1343009887751776E-005  1.6801668539656541E-003 -1.0415958570941196E-003 -9.9607415693353019E-004  5.7357489636161794E-004  1.3853704659997578E-003 -2.2495337634822900E-002  4.8645972992609754E-003  7.2015188008009543E-004 -1.1693666126383900E-002  2.5287451817931619E-003 -2.6197915711090759E-016 -1.1146413256626673E-015  1.1479133633629628E-004 -1.8639561993072759E-003  4.0307891529729712E-004  2.0792649551178904E-016 -3.0036716071945031E-020 -1.5218779727477814E-019  2.0849747726430687E-016 -5.0709363965232038E-019  2.0820903564887992E-016 -3.9182013475358372E-016  2.5137654589161924E-005 -4.0817964667860774E-004  8.8268495413571050E-005 -3.7651782412406270E-017 -4.3715238215822837E-017
 9.4348763879748914E-016 -2.5620698193210596E-016  3.1551851917721030E-016 -2.0407613183318724E-017  3.7357890953374207E-017  2.5054665751853114E-016  3.4679948728236228E-016 -6.1803558662508189E-002  1.0035524455499332E+000 -2.1701734801845105E-001  1.6070384750157901E-015 -9.2699786840524122E-016 -2.1592769641969550E-016  2.6310930167979566E-016 -8.9123636091646776E-016 -1.2314700120160487E-016 -1.1388514356508322E-015 -2.8476872459027550E-003  2.0428849141463281E-002 -4.4177209506188449E-003  4.8166475132331386E-003 -1.5226591524676318E-003 -9.9607415693348509E-004 -2.7282175844220890E-002  1.6913201962520469E-002  1.6174030715582821E-002 -9.3135816513901532E-003 -2.2495337634822938E-002  3.6527429140731288E-001 -7.8990249460350895E-002 -1.1693666126384058E-002  1.8987915085374996E-001 -4.1061202077682254E-002 -2.0100644234403598E-015  6.9844055302276426E-015 -1.8639561993073085E-003  3.0266506374292675E-002 -6.5451058151058342E-003 -3.3809680073414813E-015 -4.7792705981925069E-019  2.6800140175263632E-018 -3.3767116049077736E-015  4.8432620885069491E-018 -3.3849723117179054E-015 -6.6376328293142365E-016 -4.0817964667860373E-004  6.6279303572937716E-003 -1.4332842048954491E-003 -2.0387889404731662E-015 -1.0801726369092491E-016
-2.0646202097786891E-016  5.5384380546066658E-017 -6.8234744981962459E-017  4.4140235784118933E-018 -8.0407969799278036E-018 -5.4195028850559039E-017 -7.5012746056707418E-017  1.3364966084747524E-002 -2.1701734801845105E-001  4.6929813733006483E-002 -3.3442292111403276E-016  1.9977854011401274E-016  4.6553768079803144E-017 -5.6866795411409252E-017  1.9401214003257212E-016  2.6137398001469471E-017  2.4567653626187671E-016  6.1580990294246975E-004 -4.4177209506175040E-003  9.5532833310319474E-004 -1.0415958570941597E-003  3.2927372422820333E-004  2.1540017457579274E-004  5.8997469201934900E-003 -3.6574652901127575E-003 -3.4976201475362821E-003  2.0140539734626443E-003  4.8645972992609520E-003 -7.8990249460350395E-002  1.7081573098860329E-002  2.5287451817930856E-003 -4.1061202077680457E-002  8.8794494207676510E-003  7.6969228787154251E-016 -9.1591596055978599E-016  4.0307891529730368E-004 -6.5451058151058256E-003  1.4153734693118601E-003  7.3138297856518855E-016  1.5499734109291566E-019 -5.9071912124093909E-019  7.2973902632689429E-016 -8.6600109592530788E-019  7.3221769765588416E-016  5.1931121908891223E-016  8.8268495413567702E-005 -1.4332842048954087E-003  3.0994646914810189E-004  5.8262489607787143E-016  6.7099855137264087E-017
-3.7904633793404533E-005 -3.1396111008609782E-007 -6.4453990624481717E-008  1.3938119700461362E-008  5.8897445664514993E-007 -2.2632408893615755E-007 -2.7501334663417752E-007 -1.1405101814186285E-016  1.6070384750157901E-015 -3.3442292111403276E-016  2.0400168966990380E-004 -1.0652686040792826E-005 -2.1869209397081496E-006  4.7291976095796669E-007  1.9983876256580409E-005 -7.6791659401757210E-006 -9.3311902157679610E-006  4.0738737789988732E-018  5.8249931615398212E-017 -4.3555920793588226E-018  2.2041133169145814E-018 -2.9606628093384293E-018 -5.1423982642290179E-019 -4.1406648664225789E-017  2.3962042967722090E-017  2.3957657982158813E-017 -7.4607273991696021E-018 -2.4376729679401947E-017  6.1906790110379282E-016 -1.5949468830785998E-016 -2.1452492006122503E-017  2.9176065434681096E-016 -5.7745120970243563E-017  5.2180039055531174E-003  9.2588334587729738E-003 -5.7751213915018927E-019  5.6457912236031897E-017 -1.2891360609038913E-017  3.9183186658287071E-006  8.0440304951388877E-007 -1.7395146344111396E-007 -7.3505588189704650E-006  2.8245851909087248E-006  3.4322401559645414E-006  5.8527818287408464E-003 -5.1091330238718921E-019  9.1808492598418232E-018 -2.5573461187658771E-018  2.2076223058871726E-003  6.8128311902695396E-004
 1.9793275435401198E-006  1.6394614869013063E-008  3.3656982317637284E-009 -7.2782933027789099E-010 -3.0755431402747591E-008  1.1818330852095125E-008  1.4360816537657470E-008  5.7876517869334028E-017 -9.2699786840524122E-016  1.9977854011401274E-016 -1.0652686040792826E-005  5.5626852928191168E-007  1.1419798632277436E-007 -2.4695215731417760E-008 -1.0435303745957728E-006  4.0099542287227471E-007  4.8726184531283654E-007  2.1795990281227211E-018 -2.0203928291980177E-017  3.9387533399291096E-018 -4.1615427630352101E-018  1.4337818027519104E-018  8.6365095318608632E-019  2.5081848708618461E-017 -1.5459980529716489E-017 -1.4838776635735291E-017  8.2138929191765205E-018  2.0171165563293099E-017 -3.3919239404393949E-016  7.4687996172640272E-017  1.0944023307874234E-017 -1.7475208069877346E-016  3.7510727971797323E-017 -2.7247694592839769E-004 -4.8348347555303331E-004  1.5960593051827428E-018 -2.8374929450028763E-017  6.1716871917136651E-018 -2.0460918055331871E-007 -4.2004814521847408E-008  9.0835047953429630E-009  3.8383601356231946E-007 -1.4749593144503537E-007 -1.7922683315640257E-007 -3.0562417099446040E-004  3.6958933413270299E-019 -6.0475100004983260E-018  1.3376376140323296E-018 -1.1527898302862250E-004 -3.5575662062552626E-005
 4.0634191554441262E-007  3.3656982303053813E-009  6.9095399147189962E-010 -1.4941820277283006E-010 -6.3138720776023636E-009  2.4262195575719904E-009  2.9481738481023349E-009  1.3459539825527492E-017 -2.1592769641969550E-016  4.6553768079803144E-017 -2.1869209397081496E-006  1.1419798632277436E-007  2.3444037175734984E-008 -5.0697527540789300E-009 -2.1422938953480489E-007  8.2321518126824959E-008  1.0003140321182019E-007  5.2016027088955435E-019 -4.6692903296268864E-018  9.2138656745941933E-019 -9.7730861401228754E-019  3.3322011134608483E-019  2.0273209622428490E-019  5.8456644659149104E-018 -3.6056338161750295E-018 -3.4592333471573871E-018  1.9240381872315069E-018  4.7153236997733088E-018 -7.8959578425403035E-017  1.7349608973527140E-017  2.5452803213822043E-018 -4.0723150549546692E-017  8.7490163260583928E-018 -5.5937585727832952E-005 -9.9255730680588921E-005  3.7524815565863779E-019 -6.5979032673884593E-018  1.4341061263014306E-018 -4.2004814531760639E-008 -8.6232906981973060E-009  1.8647791521129324E-009  7.8798813018529917E-008 -3.0279869299039144E-008 -3.6793998517029835E-008 -6.2742476091878299E-005  8.6295267424624763E-020 -1.4107280147997040E-018  3.1120056735592040E-019 -2.3665958137520775E-005 -7.3034312670672496E-006
-8.7871087645313392E-008 -7.2782933010147590E-010 -1.4941820280135574E-010  3.2311557064118618E-011  1.3653693736442864E-009 -5.2466788001564155E-010 -6.3754004371696733E-010 -1.6238492101094232E-017  2.6310930167979566E-016 -5.6866795411409252E-017  4.7291976095796669E-007 -2.4695215731417760E-008 -5.0697527540789300E-009  1.0963296464182951E-009  4.6326920122906502E-008 -1.7801957065457742E-008 -2.1631704391443253E-008 -7.2658523693866737E-019  5.4151917540551265E-018 -1.1519263418052002E-018  1.2500475673127719E-018 -4.0041854931508509E-019 -2.5864307877412997E-019 -7.1474949857849384E-018  4.4270310048185873E-018  4.2359704582888581E-018 -2.4245365602455311E-018 -5.8707826958217417E-018  9.5845991771756548E-017 -2.0786009605830591E-017 -3.0721425727511494E-018  4.9753603176845793E-017 -1.0746776129703752E-017  1.2096454513121488E-005  2.1463965877722449E-005 -4.8310745895316850E-019  7.9537339975740323E-018 -1.7215700122089458E-018  9.0835047974322260E-009  1.8647791521017509E-009 -4.0325687812671387E-010 -1.7040175133842686E-008  6.5479955359753897E-009  7.9566703429542771E-009  1.3568006166350875E-005 -1.0668482696068450E-019  1.7343755490581067E-018 -3.7638322009626950E-019  5.1177429700459074E-006  1.5793606921406682E-006
-3.7131139085371160E-006 -3.0755431405943003E-008 -6.3138720809941416E-009  1.3653693741170904E-009  5.7695564575609375E-008 -2.2170564344353671E-008 -2.6940133177025609E-008  5.3409183320148338E-017 -8.9123636091646776E-016  1.9401214003257212E-016  1.9983876256580409E-005 -1.0435303745957728E-006 -2.1422938953480489E-007  4.6326920122906502E-008  1.9576078555256927E-006 -7.5224622967845122E-007 -9.1407748092799755E-007  3.3747612031524621E-018 -1.5640973129964848E-017  4.1896207605726219E-018 -4.8172360531737227E-018  1.3010760616773552E-018  9.9047179606274417E-019  2.4452305340611002E-017 -1.5326121997411870E-017 -1.4554155508150380E-017  9.0013669872605539E-018  2.1118545009989511E-017 -3.2104939963944942E-016  6.6916760534012822E-017  1.0117808789784294E-017 -1.6983328458090255E-016  3.7250174609916492E-017  5.1115235625575565E-004  9.0698945886085196E-004  1.8911658994984320E-018 -2.6096365430601358E-017  5.5764703501161523E-018  3.8383601370396952E-007  7.8798813029012969E-008 -1.7040175136211810E-008 -7.2005608430356331E-007  2.7669457553329745E-007  3.3622007087611192E-007  5.7333479939100066E-004  3.7647805116680150E-019 -6.0264970891290913E-018  1.2471924731123886E-018  2.1625728224850327E-004  6.6738062652136717E-005
 1.4268311859187897E-006  1.1818330853112582E-008  2.4262195588321409E-009 -5.2466788018798277E-010 -2.2170564343958898E-008  8.5194403929304544E-009  1.0352233493674236E-008  8.1517041895098509E-018 -1.2314700120160487E-016  2.6137398001469471E-017 -7.6791659401757210E-006  4.0099542287227471E-007  8.2321518126824959E-008 -1.7801957065457742E-008 -7.5224622967845122E-007  2.8906422114529477E-007  3.5125080680543784E-007  2.4435411483995994E-020 -3.4680964866911872E-018  4.3976328299669118E-019 -3.8368169152286803E-019  2.0650989714217868E-019  8.1544270227790512E-020  3.2619375293102969E-018 -1.9579202681326061E-018 -1.9116072557307145E-018  8.6230727694686370E-019  2.3220341527451191E-018 -4.6108171395966103E-017  1.0935324473443972E-017  1.5375879621015670E-018 -2.2837184547670519E-017  4.7372134263225909E-018 -1.9641953913256667E-004 -3.4852710611081833E-004  1.3810963240306818E-019 -4.0148248705679780E-018  8.9388922526356838E-019 -1.4749593148014817E-007 -3.0279869299101441E-008  6.5479955360281233E-009  2.7669457549705645E-007 -1.0632489578026761E-007 -1.2919864412316534E-007 -2.2031426772626728E-004  4.4715612525457547E-020 -7.5938661664523536E-019  1.8574812667827688E-019 -8.3100772584639927E-005 -2.5645307799724039E-005
 1.7337863649933502E-006  1.4360816536899741E-008  2.9481738492242131E-009 -6.3754004383785875E-010 -2.6940133172805135E-008  1.0352233492236775E-008  1.2579316639341687E-008  7.0825775072270844E-017 -1.1388514356508322E-015  2.4567653626187671E-016 -9.3311902157679610E-006  4.8726184531283654E-007  1.0003140321182019E-007 -2.1631704391443253E-008 -9.1407748092799755E-007  3.5125080680543784E-007  4.2681563561426348E-007  2.8366861664748529E-018 -2.4351112464505546E-017  4.8889618173689606E-018 -5.2140412778149332E-018  1.7518369489482655E-018  1.0809272561384225E-018  3.0855995420235224E-017 -1.9050642222916216E-017 -1.8265757330650584E-017  1.0228307106929824E-017  2.4995455432367376E-017 -4.1608199556477356E-016  9.1149331420556100E-017  1.3394934588168338E-017 -2.1491595182298472E-016  4.6230773128785150E-017 -2.3867541032685611E-004 -4.2350598330692809E-004  2.0051416183483284E-018 -3.4712536542524840E-017  7.5377688364091191E-018 -1.7922683315027389E-007 -3.6793998507088196E-008  7.9566703408521133E-009  3.3622007074053684E-007 -1.2919864408799041E-007 -1.5699323771937920E-007 -2.6771062839597729E-004  4.5668209458984766E-019 -7.4559715725736412E-018  1.6385109000872130E-018 -1.0097829921966843E-004 -3.1162400589518558E-005
-4.2814947123048692E-018  7.1372681619819313E-019 -8.9804539942394652E-019  5.8498688687118958E-020 -8.1079684880768046E-020 -7.2053167350816371E-019 -9.9572004622181396E-019  1.7537419846372175E-004 -2.8476872459027550E-003  6.1580990294246975E-004  4.0738737789988732E-018  2.1795990281227211E-018  5.2016027088955435E-019 -7.2658523693866737E-019  3.3747612031524621E-018  2.4435411483995994E-020  2.8366861664748529E-018  8.0806166996418594E-006 -5.7969041285866558E-005  1.2535755019899186E-005 -1.3667751747569982E-005  4.3207079685437588E-006  2.8264668032555654E-006  7.7416087755623344E-005 -4.7993016936602680E-005 -4.5895539578268012E-005  2.6428282647255039E-005  6.3832923091386296E-005 -1.0365048139828535E-003  2.2414326917977306E-004  3.3182026543417023E-005 -5.3880237006723012E-004  1.1651554632401466E-004  2.2654672213679681E-016  3.7204504340420978E-016  5.2891747902423805E-006 -8.5884444367904432E-005  1.8572436782361925E-005  9.7596938457365925E-018  3.5401130594209932E-020 -1.4967019476897485E-020  9.2706801879964545E-018  1.0580238738484807E-019  9.7504840586456399E-018  2.4959232161216245E-016  1.1582533419534349E-006 -1.8807460266667296E-005  4.0670970093625844E-006  9.9219059987461953E-017  2.9140634888532315E-017
 1.4461371964723031E-017 -5.2547865767675071E-018  6.4147952382110365E-018 -4.1368354100634752E-019  8.3420287187110648E-019  5.0719310316237275E-018  7.0252102545686511E-018 -1.2581062224705970E-003  2.0428849141463281E-002 -4.4177209506175040E-003  5.8249931615398212E-017 -2.0203928291980177E-017 -4.6692903296268864E-018  5.4151917540551265E-018 -1.5640973129964848E-017 -3.4680964866911872E-018 -2.4351112464505546E-017 -5.7969041285866558E-005  4.1586055526571860E-004 -8.9929485249591444E-005  9.8050247250927643E-005 -3.0996062296060494E-005 -2.0276617107493175E-005 -5.5537053100104350E-004  3.4429416511669460E-004  3.2924720074492065E-004 -1.8959223841927546E-004 -4.5792709784713828E-004  7.4357184096400103E-003 -1.6079676722702669E-003 -2.3804250815773930E-004  3.8652813264530086E-003 -8.3586374238014049E-004  6.1225304327267179E-016  1.3011658036859186E-015 -3.7943687119488585E-005  6.1612115590106145E-004 -1.3323566685988239E-004 -6.8334308001326584E-017  9.0963346278900484E-020  3.2781176156350669E-020 -6.9658260010979896E-017  4.5216345687445949E-019 -6.8476667320181315E-017  7.1911828825205418E-016 -8.3091227185874837E-006  1.3492168744113953E-004 -2.9176698167085867E-005  2.3483955542603855E-016  8.3081716808349140E-017
-4.6584646043852542E-018  1.1236601959477496E-018 -1.3897976199537830E-018  9.0021755702565262E-020 -1.5660328414543603E-019 -1.1059433437290869E-018 -1.5303051494983397E-018  2.7206438202295047E-004 -4.4177209506188449E-003  9.5532833310319474E-004 -4.3555920793588226E-018  3.9387533399291096E-018  9.2138656745941933E-019 -1.1519263418052002E-018  4.1896207605726219E-018  4.3976328299669118E-019  4.8889618173689606E-018  1.2535755019899186E-005 -8.9929485249591444E-005  1.9447173373028877E-005 -2.1203281129264558E-005  6.7028716519360972E-006  4.3848009049927758E-006  1.2009839679025037E-004 -7.4453315303247650E-005 -7.1199422277355939E-005  4.0999157511991058E-005  9.9026338684416243E-005 -1.6079676722707448E-003  3.4772161782175464E-004  5.1476486420956445E-005 -8.3586374238035777E-004  1.8075481105202018E-004  7.8388649934012425E-017  9.2646261540185092E-017  8.2052895085153328E-006 -1.3323566685992266E-004  2.8812097675239632E-005  1.4935520396826317E-017  1.2824129550254535E-020 -1.4115889468689403E-020  1.4766603372165131E-017  1.6322720551818316E-020  1.4946669722641328E-017  8.0921786998044505E-017  1.7968405983606800E-006 -2.9176698167093907E-005  6.3094357332644742E-006  3.8395833281980501E-017  9.5549404197679658E-018
 5.5519675457623333E-018 -1.2212118587135884E-018  1.5161023698081285E-018 -9.8324719287681851E-020  1.6339769384604382E-019  1.2086348731731539E-018  1.6719245294109668E-018 -2.9663218744646733E-004  4.8166475132331386E-003 -1.0415958570941597E-003  2.2041133169145814E-018 -4.1615427630352101E-018 -9.7730861401228754E-019  1.2500475673127719E-018 -4.8172360531737227E-018 -3.8368169152286803E-019 -5.2140412778149332E-018 -1.3667751747569982E-005  9.8050247250927643E-005 -2.1203281129264558E-005  2.3117967944387439E-005 -7.3081506131111088E-006 -4.7807547400877193E-006 -1.3094345494185468E-004  8.1176556875353308E-005  7.7628832624166170E-005 -4.4701440467198865E-005 -1.0796855964885247E-004  1.7531694682791632E-003 -3.7912138057156840E-004 -5.6124887262231141E-005  9.1134344182017973E-004 -1.9707723074647313E-004 -1.5055863170429469E-016 -2.1651057747098871E-016 -8.9462389653678797E-006  1.4526703941427255E-004 -3.1413871579877165E-005 -1.6333097996990908E-017 -2.4016597806993106E-020  1.7560511610617331E-020 -1.6008355239724134E-017 -5.3031640284811088E-020 -1.6339190593982946E-017 -1.6123897696954406E-016 -1.9590978915401924E-006  3.1811396021109119E-005 -6.8791868645020423E-006 -6.9401756189836249E-017 -1.8916351150495296E-017
-1.3344686331679575E-018  3.8953885382067568E-019 -4.7856147460468796E-019  3.0928152625505178E-020 -5.8190063109108237E-020 -3.7956720054403667E-019 -5.2548397802270913E-019  9.3772632082989542E-005 -1.5226591524676318E-003  3.2927372422820333E-004 -2.9606628093384293E-018  1.4337818027519104E-018  3.3322011134608483E-019 -4.0041854931508509E-019  1.3010760616773552E-018  2.0650989714217868E-019  1.7518369489482655E-018  4.3207079685437588E-006 -3.0996062296060494E-005  6.7028716519360972E-006 -7.3081506131111088E-006  2.3102837374113966E-006  1.5113125759562373E-006  4.1394403384339437E-005 -2.5661879336712674E-005 -2.4540357617163922E-005  1.4131209989700733E-005  3.4131481507917288E-005 -5.5421940870034961E-004  1.1984946758870733E-004  1.7742438705813973E-005 -2.8809777525060982E-004  6.2300894619059480E-005 -1.0311059198355991E-017 -3.4304765733330973E-017  2.8281232129515420E-006 -4.5922435990659549E-005  9.9306870482277630E-006  5.1198054271686102E-018 -1.3345560699831049E-021 -3.6208942010513378E-021  5.1422016447042922E-018 -1.4580973901747324E-020  5.1271256543711992E-018 -1.3979129787751202E-017  6.1931838004300451E-007 -1.0056354169832249E-005  2.1746778878859893E-006 -2.5592968412348902E-018 -1.5805562194441177E-018
-1.1372798430112066E-018  2.5263437418671448E-019 -3.1350881738845590E-019  2.0329385080399324E-020 -3.3959055635145486E-020 -2.4987871962475483E-019 -3.4567225198836974E-019  6.1343009887751776E-005 -9.9607415693348509E-004  2.1540017457579274E-004 -5.1423982642290179E-019  8.6365095318608632E-019  2.0273209622428490E-019 -2.5864307877412997E-019  9.9047179606274417E-019  8.1544270227790512E-020  1.0809272561384225E-018  2.8264668032555654E-006 -2.0276617107493175E-005  4.3848009049927758E-006 -4.7807547400877193E-006  1.5113125759562373E-006  9.8865159515112404E-007  2.7078874077629138E-005 -1.6787167886010700E-005 -1.6053504807526123E-005  9.2441785504851625E-006  2.2327706507916093E-005 -3.6255233443593054E-004  7.8401628620484331E-005  1.1606527072849528E-005 -1.8846420627499172E-004  4.0755221536817806E-005  2.9640641927034080E-017  4.2121954611770876E-017  1.8500663398498894E-006 -3.0040965924381763E-005  6.4963328879632649E-006  3.3765333357480572E-018  4.7361810846028602E-021 -3.5816569483851810E-021  3.3126049042326673E-018  1.0157790683877209E-020  3.3779325036057471E-018  3.1667496129452920E-017  4.0513796687526299E-007 -6.5785402368657359E-006  1.4226036340880800E-006  1.3719821001074987E-017  3.7167249133329789E-018
-2.6073222451068089E-017  6.9616291520691478E-018 -8.5782812917833632E-018  5.5494910965244774E-019 -1.0090093122995985E-018 -6.8137926547789929E-018 -9.4310281947821747E-018  1.6801668539656541E-003 -2.7282175844220890E-002  5.8997469201934900E-003 -4.1406648664225789E-017  2.5081848708618461E-017  5.8456644659149104E-018 -7.1474949857849384E-018  2.4452305340611002E-017  3.2619375293102969E-018  3.0855995420235224E-017  7.7416087755623344E-005 -5.5537053100104350E-004  1.2009839679025037E-004 -1.3094345494185468E-004  4.1394403384339437E-005  2.7078874077629138E-005  7.4168233269275140E-004 -4.5979555136996199E-004 -4.3970073716531513E-004  2.5319530980116823E-004  6.1154926157551057E-004 -9.9302009513678648E-003  2.1473973635480928E-003  3.1789933544409412E-004 -5.1619787343596254E-003  1.1162734348622303E-003  1.1300558258648424E-016 -8.6319818556793270E-017  5.0672768544309599E-005 -8.2281315017990208E-004  1.7793263178079251E-004  9.1957469921406189E-017  2.1989581486147397E-020 -7.4803350819305017E-020  9.1715720284507895E-017 -1.0007540991348969E-019  9.2060892794395628E-017  8.3505252500463004E-017  1.1096608798173200E-005 -1.8018426669455143E-004  3.8964691766830371E-005  8.0116857317931231E-017  1.0556326467490487E-017
 1.6480977707896694E-017 -4.3131365222552272E-018  5.3185245348544966E-018 -3.4414956838646239E-019  6.2059163572951937E-019  4.2260093719356848E-018  5.8489353207925662E-018 -1.0415958570941196E-003  1.6913201962520469E-002 -3.6574652901127575E-003  2.3962042967722090E-017 -1.5459980529716489E-017 -3.6056338161750295E-018  4.4270310048185873E-018 -1.5326121997411870E-017 -1.9579202681326061E-018 -1.9050642222916216E-017 -4.7993016936602680E-005  3.4429416511669460E-004 -7.4453315303247650E-005  8.1176556875353308E-005 -2.5661879336712674E-005 -1.6787167886010700E-005 -4.5979555136996199E-004  2.8504379805307649E-004  2.7258630005206903E-004 -1.5696487828104126E-004 -3.7912138057155192E-004  6.1560886924080984E-003 -1.3312488531286375E-003 -1.9707723074645955E-004  3.2000962591462018E-003 -6.9201804713169858E-004 -1.1372921683908239E-016 -2.3980658727815779E-017 -3.1413871579876460E-005  5.1009146286102561E-004 -1.1030683748300841E-004 -5.7040537747307315E-017 -2.0364723750290045E-020  4.7829204405382132E-020 -5.6796351621262949E-017  3.8399488130542198E-020 -5.7100584986985261E-017 -1.0075378563286807E-016 -6.8791868645015146E-006  1.1170270694223757E-004 -2.4155613724605419E-005 -6.8144400352841908E-017 -1.2246364093424455E-017
 1.5566929529340252E-017 -4.1262410083150358E-018  5.0857553003602972E-018 -3.2903767240356244E-019  5.9648023193895444E-019  4.0401597322847720E-018  5.5919087478780476E-018 -9.9607415693353019E-004  1.6174030715582821E-002 -3.4976201475362821E-003  2.3957657982158813E-017 -1.4838776635735291E-017 -3.4592333471573871E-018  4.2359704582888581E-018 -1.4554155508150380E-017 -1.9116072557307145E-018 -1.8265757330650584E-017 -4.5895539578268012E-005  3.2924720074492065E-004 -7.1199422277355939E-005  7.7628832624166170E-005 -2.4540357617163922E-005 -1.6053504807526123E-005 -4.3970073716531513E-004  2.7258630005206903E-004  2.6067324208976816E-004 -1.5010491616023640E-004 -3.6255233443594756E-004  5.8870442048468610E-003 -1.2730682154863987E-003 -1.8846420627500283E-004  3.0602398826046488E-003 -6.6177422671642673E-004 -8.2084617349804768E-017  2.4398125555506042E-017 -3.0040965924383654E-005  4.8779852604806959E-004 -1.0548600918634727E-004 -5.4527619053701833E-017 -1.5362635831374333E-020  4.4849654256205594E-020 -5.4351710782548352E-017  5.1160436337675462E-020 -5.4587526812025128E-017 -6.6431305770996165E-017 -6.5785402368659697E-006  1.0682087384169440E-004 -2.3099921540657782E-005 -5.3880965422796380E-017 -8.2284628874687054E-018
-1.0141058479418263E-017  2.3662866480857113E-018 -2.9305601456401820E-018  1.8990441038064279E-019 -3.2518486247571934E-019 -2.3334956757539016E-018 -3.2285598687312217E-018  5.7357489636161794E-004 -9.3135816513901532E-003  2.0140539734626443E-003 -7.4607273991696021E-018  8.2138929191765205E-018  1.9240381872315069E-018 -2.4245365602455311E-018  9.0013669872605539E-018  8.6230727694686370E-019  1.0228307106929824E-017  2.6428282647255039E-005 -1.8959223841927546E-004  4.0999157511991058E-005 -4.4701440467198865E-005  1.4131209989700733E-005  9.2441785504851625E-006  2.5319530980116823E-004 -1.5696487828104126E-004 -1.5010491616023640E-004  8.6435744899786922E-005  2.0877051794009971E-004 -3.3899692569743403E-003  7.3307791862288886E-004  1.0852438729546612E-004 -1.7621948740346490E-003  3.8107311675690243E-004  2.0930393470329526E-016  2.7346883156343149E-016  1.7298655724315804E-005 -2.8089172585775890E-004  6.0742592672944287E-005  3.1520617827677054E-017  3.3825790905633040E-020 -3.1227806838771131E-020  3.1069386779556327E-017  5.8252939969195005E-020  3.1540020459703558E-017  2.2000220619203847E-016  3.7881572454277921E-006 -6.1511255177656377E-005  1.3301755709066607E-005  9.9580724605838278E-017  2.5894389744040393E-017
-2.3312865583131286E-017  5.7251370476359383E-018 -7.0762502857151920E-018  4.5824678678541909E-019 -8.0377980360132509E-019 -5.6291010076772088E-018 -7.7894558452857026E-018  1.3853704659997578E-003 -2.2495337634822938E-002  4.8645972992609520E-003 -2.4376729679401947E-017  2.0171165563293099E-017  4.7153236997733088E-018 -5.8707826958217417E-018  2.1118545009989511E-017  2.3220341527451191E-018  2.4995455432367376E-017  6.3832923091386296E-005 -4.5792709784713828E-004  9.9026338684416243E-005 -1.0796855964885247E-004  3.4131481507917288E-005  2.2327706507916093E-005  6.1154926157551057E-004 -3.7912138057155192E-004 -3.6255233443594756E-004  2.0877051794009971E-004  5.0424889854897221E-004 -8.1878815112900443E-003  1.7706222921869915E-003  2.6212179430019922E-004 -4.2562754215878735E-003  9.2041587714231327E-004  3.4294563344616300E-016  3.7201359413726957E-016  4.1781896128968094E-005 -6.7844514049600552E-004  1.4671317460221653E-004  7.6010479805783617E-017  5.6635329294553715E-020 -7.0005057319174840E-020  7.5271744922896656E-017  5.2686513482008172E-020  7.6072489570540578E-017  3.4900593419825780E-016  9.1496353861867528E-006 -1.4856974527695222E-004  3.2128078864990027E-005  1.7173099642777133E-016  4.1314793306634570E-017
 3.3706917078264337E-016 -9.3307077819124967E-017  1.1483204540413385E-016 -7.4256566259867297E-018  1.3696126752164364E-017  9.1156418789616203E-017  1.2618249852551884E-016 -2.2495337634822900E-002  3.6527429140731288E-001 -7.8990249460350395E-002  6.1906790110379282E-016 -3.3919239404393949E-016 -7.8959578425403035E-017  9.5845991771756548E-017 -3.2104939963944942E-016 -4.6108171395966103E-017 -4.1608199556477356E-016 -1.0365048139828535E-003  7.4357184096400103E-003 -1.6079676722707448E-003  1.7531694682791632E-003 -5.5421940870034961E-004 -3.6255233443593054E-004 -9.9302009513678648E-003  6.1560886924080984E-003  5.8870442048468610E-003 -3.3899692569743403E-003 -8.1878815112900443E-003  1.3295299967108273E-001 -2.8750971140233172E-002 -4.2562754215879238E-003  6.9112454051286326E-002 -1.4945508388491681E-002  1.4151294776056659E-016  4.0914913948297404E-015 -6.7844514049601626E-004  1.1016441361155141E-002 -2.3822959122864408E-003 -1.2299533617246623E-015 -3.9354169930553579E-020  9.4636726295456789E-019 -1.2302897541633185E-015  2.2355000102269616E-018 -1.2314921899708390E-015  7.3775996850532689E-016 -1.4856974527695048E-004  2.4124424941546711E-003 -5.2168860197593879E-004 -3.7267524799951303E-016  7.4684169132973051E-017
-6.8130247234398029E-017  2.0217007094247077E-017 -2.4824235297752594E-017  1.6040412485803202E-018 -3.0357483783878287E-018 -1.9684071295675749E-017 -2.7252315557361865E-017  4.8645972992609754E-003 -7.8990249460350895E-002  1.7081573098860329E-002 -1.5949468830785998E-016  7.4687996172640272E-017  1.7349608973527140E-017 -2.0786009605830591E-017  6.6916760534012822E-017  1.0935324473443972E-017  9.1149331420556100E-017  2.2414326917977306E-004 -1.6079676722702669E-003  3.4772161782175464E-004 -3.7912138057156840E-004  1.1984946758870733E-004  7.8401628620484331E-005  2.1473973635480928E-003 -1.3312488531286375E-003 -1.2730682154863987E-003  7.3307791862288886E-004  1.7706222921869915E-003 -2.8750971140233172E-002  6.2173726320693939E-003  9.2041587714228985E-004 -1.4945508388491124E-002  3.2319532572915423E-003 -6.8596232093164254E-016 -2.0476536546900642E-015  1.4671317460221959E-004 -2.3822959122864530E-003  5.1516942973149193E-004  2.6548422520760630E-016 -9.2519477071756842E-020 -1.8280349876357980E-019  2.6697229539382600E-016 -8.3818146331435879E-019  2.6587804498690126E-016 -8.9462577304124247E-016  3.2128078864988963E-005 -5.2168860197592741E-004  1.1281470878209226E-004 -1.9667776770727969E-016 -1.0171680197382935E-016
-1.0487112355509178E-017  2.9895901023760072E-018 -3.6756460854984172E-018  2.3760875343679565E-019 -4.4317699180656057E-019 -2.9164125974933489E-018 -4.0373259390387842E-018  7.2015188008009543E-004 -1.1693666126384058E-002  2.5287451817930856E-003 -2.1452492006122503E-017  1.0944023307874234E-017  2.5452803213822043E-018 -3.0721425727511494E-018  1.0117808789784294E-017  1.5375879621015670E-018  1.3394934588168338E-017  3.3182026543417023E-005 -2.3804250815773930E-004  5.1476486420956445E-005 -5.6124887262231141E-005  1.7742438705813973E-005  1.1606527072849528E-005  3.1789933544409412E-004 -1.9707723074645955E-004 -1.8846420627500283E-004  1.0852438729546612E-004  2.6212179430019922E-004 -4.2562754215879238E-003  9.2041587714228985E-004  1.3625777913421280E-004 -2.2125235250942208E-003  4.7845629789809805E-004 -4.6326010147454906E-017 -2.0514483683642703E-016  2.1719324750346521E-005 -3.5267356671041391E-004  7.6265353647523188E-005  3.9343583820807283E-017 -5.1833297375767896E-021 -2.8903084278539149E-020  3.9444615489504666E-017 -9.4190571676780591E-020  3.9396740361642304E-017 -7.0498404120734566E-017  4.7562202942262751E-006 -7.7230447746701644E-005  1.6701017500966555E-005 -5.7522433368393062E-018 -7.8479042451153481E-018
 1.8080029985933791E-016 -4.8457221910258246E-017  5.9702200376459387E-017 -3.8621038698737306E-018  7.0328566133603993E-018  4.7418830677463814E-017  6.5633476349609500E-017 -1.1693666126383900E-002  1.8987915085374996E-001 -4.1061202077680457E-002  2.9176065434681096E-016 -1.7475208069877346E-016 -4.0723150549546692E-017  4.9753603176845793E-017 -1.6983328458090255E-016 -2.2837184547670519E-017 -2.1491595182298472E-016 -5.3880237006723012E-004  3.8652813264530086E-003 -8.3586374238035777E-004  9.1134344182017973E-004 -2.8809777525060982E-004 -1.8846420627499172E-004 -5.1619787343596254E-003  3.2000962591462018E-003  3.0602398826046488E-003 -1.7621948740346490E-003 -4.2562754215878735E-003  6.9112454051286326E-002 -1.4945508388491124E-002 -2.2125235250942208E-003  3.5926465117808538E-002 -7.7690669960672276E-003 -6.9498891120914300E-016  7.6314640514300070E-016 -3.5267356671041537E-004  5.7266349707423975E-003 -1.2383798574066656E-003 -6.3993911824024248E-016 -1.3893650614110088E-019  5.1756752798651975E-019 -6.3845420976726176E-016  7.4604308067903011E-019 -6.4066744780760850E-016 -4.7853945814674897E-016 -7.7230447746699842E-005  1.2540508408318300E-003 -2.7118740925244329E-004 -5.1888335186008121E-016 -6.1522260214017642E-017
