 9.4818689583363230E-002  9.2374639002117173E-017  1.1362438732797634E-016 -6.9798443902555182E-016  9.2597670326617927E-017 -4.9141423656659129E-017  8.7252088567657125E-018  1.9138749104125574E-016 -3.7578054259702103E-017  1.3923317228742542E-016  8.5598524531051740E-002 -2.1708957233475052E-016 -3.9725167631317256E-016  1.3591850019603458E-015  4.0164082516093153E-015  5.3242845894255837E-017  9.0589743116936689E-017  1.9793163392324082E-015  8.6042542753946429E-018  1.7902631782693802E-015  8.7952727619056940E-017  9.8821512753372787E-017  3.6886246018800552E-017  1.5173505412647379E-016  1.9364467115385920E-016  7.0827981068660097E-017 -1.4113120612482942E-017  8.6638175745530498E-017  1.3537768111492396E-017  9.7257581556798008E-017  7.2005092309334680E-017 -7.4803778804215387E-018  2.8905327917445483E-017 -2.4908633730061359E-017  1.1357850018888045E-016  2.6564622111424538E-017  7.2846759983772855E-017  2.4799337613287966E-017  1.4111171065716149E-016 -5.3962921042841133E-016  1.5967544873402806E-017 -1.2406793247795113E-016  2.8171650942017704E-017  7.3436531475560379E-017 -3.2801000442453509E-017  5.3193489940437687E-017  7.9817584683391701E-002 -3.7195624942413861E-016 -5.4817261870163081E-016 -3.4787589068331719E-015  6.3813140108268260E-017  1.0130638064969552E-016 -1.9480961058734001E-015  8.7314813104298769E-019 -1.6622515645486902E-015  1.4943574712807158E-016  1.0033875580409623E-016  7.0123883499717765E-017  2.2408399255145785E-016  8.3903105504619486E-016  1.0377521678533631E-016  1.5838535805528193E-017 -4.2750779260020726E-018  1.1271486926922398E-016  7.2486235438837386E-019  1.1029516974861662E-016  5.3127579993686391E-002  2.7497409009259917E-017  3.2959745848296157E-017 -9.3155590023677758E-017 -3.0076621389776641E-017  1.2097522282499100E-004 -5.6766478723454775E-018 -8.8718230899813471E-018  1.0904082439276503E-016
 9.2374639002117173E-017  9.4818689583363661E-002  4.5254835889629773E-016  5.5874825789568245E-016  2.5581215334033188E-016  6.0730393640590064E-017  5.8245446197165675E-017  2.3631594941990581E-016  1.3421609587369635E-017  2.2886605231335243E-016  1.6887867189323120E-016  8.5598524531055362E-002  1.4934526471703593E-016 -1.9591677083038420E-016 -4.2186411308673681E-018  1.1932946508586972E-015  3.2038544122007004E-017 -5.9093993759937587E-018 -1.3804639561704891E-017 -2.0647134424712087E-017  2.2609793384688506E-015  5.1075421388456769E-017  7.8855143594733093E-016  1.0075595829181029E-016  1.4774588834660171E-016 -7.1669923780080490E-017 -7.2342929668338554E-017  1.2017108080966193E-017  7.7211780102589667E-018  5.9591739474023410E-017 -7.2691013784898485E-017 -3.0174488658594389E-017 -3.2207444660374169E-017 -6.3783175784038580E-017 -1.0744259023862070E-016 -7.0028974728189334E-020 -9.7240680640536635E-018  2.2740166708227839E-018  5.6803386001888159E-017 -6.4487770240337515E-016  4.5961743811150716E-016  1.1793295854398294E-016  1.1426919787878683E-016  8.1210275343886322E-016 -2.1534135057273708E-017  6.0862896706518971E-016  1.0905080816850104E-016  7.9817584683394519E-002 -4.7037176857927144E-016  7.8786380542018460E-018 -2.3831001360730614E-015  1.3987111598089180E-016  1.4659026062187780E-017  8.6304581942182445E-018  1.3746453672094007E-017 -5.6384916835928823E-015  1.4465712341991012E-016 -2.6133850686950637E-015  3.0678917869515026E-016  3.1069017601656621E-015 -2.2563612406902453E-016 -1.6607821000882821E-017 -1.1898215223399200E-017 -2.7345638587586992E-016  3.9906636718519954E-018 -2.4951725250865204E-016  7.1987131936860388E-017  5.3127579993685475E-002  2.4452902883799874E-016 -4.7492436066791141E-016  4.5961062060533367E-016  2.9375560367913009E-018  1.2097522282509339E-004 -9.3263441955477264E-018  5.9205392433402608E-016
 1.1362438732797634E-016  4.5254835889629773E-016  9.4818689583351878E-002 -3.4908612133735745E-016 -6.7708928354357655E-016 -1.5970727333703014E-017 -4.2765037698289756E-017 -4.9577949606261303E-016  3.2345987627313256E-017 -4.1328370641501980E-016  4.3888503910818330E-016 -6.2552053890045309E-016  8.5598524531055292E-002  3.7511783980256940E-015 -5.0111913970890140E-017  9.8356987875300203E-017 -1.0813723084936297E-016 -1.0246107849279601E-017 -6.4608026282927177E-018 -5.8291888898768339E-018  2.2147831943061515E-016 -2.6144595189227105E-016  9.9086801149155888E-017 -8.3284305964071289E-016 -2.1665878156682173E-016  8.9954675522326976E-017  2.1537087131751164E-017 -2.0463521993088248E-016 -1.1937969359099643E-017 -2.8059505961121993E-016  9.0262801786643844E-017  7.2932051850497629E-018  3.9468333937732546E-017  2.6520497470863632E-017 -4.9873969005273984E-016 -2.7120110171300288E-017 -3.5109660104964057E-016 -2.5976412696832201E-017 -7.3790650769169165E-016  5.1501589216603848E-016 -8.0587126010709003E-016 -1.7127788977765317E-016 -2.9025833368021167E-017 -4.9793735994488361E-016  5.4934556859371506E-017 -2.2767396899488198E-016 -5.2041707210420175E-018  5.4084169166539349E-017  7.9817584683400514E-002  6.1683033300589857E-017  2.3157406159594749E-017 -4.6221261929617806E-015  1.4153213621399523E-017  3.5945813944673235E-018  2.7333053902544157E-017  3.6447638336458325E-017 -4.2271488252935141E-015  2.6898441359096006E-017 -1.0301562484281024E-014 -2.1850237773996201E-015  7.7128594912024262E-017  2.2836752891447931E-017 -5.6030576739032069E-018  3.6118463676121569E-017 -1.0971482232794679E-017  1.7183382637411056E-017  1.1362438748136874E-016  3.0682148797673682E-017  5.3127579993681277E-002 -1.0929490722097855E-015 -1.9475230222131997E-015 -8.2585712399512410E-019 -3.1201984517907943E-018  1.2097522282522083E-004 -1.8816219351964789E-015
-6.9798443902555182E-016  5.5874825789568245E-016 -3.4908612133735745E-016  5.5334360199734159E-002  2.2260337470789610E-013 -1.7928755358024191E-017 -3.5686618573308229E-016 -1.2503154521692364E-013  1.7882744939110601E-016 -5.2249580318381091E-014 -2.7897712127454191E-015 -3.8322841540040569E-016  5.1491757359823414E-016  1.6000438793367486E-001  1.5951044120120205E-015 -2.0674888878203802E-016 -1.9618902709515704E-016  4.6294576278351082E-016  1.5425843236848204E-017  5.4039917750071955E-016 -7.7277127860472488E-017 -1.1628675948136185E-016 -1.7995654314712425E-016 -2.3362322167373728E-016  5.5804952530841250E-015  8.1117199234080765E-018  1.4780647480688300E-017 -2.0505618027538146E-014 -1.9796566395433908E-017 -1.4723221541206777E-014  2.8343478190545551E-017  4.6240793810264665E-017 -4.1415637863465486E-017  9.8642697457695664E-017  3.4376999545343676E-014 -2.0560170591190072E-016 -5.1444229037252942E-014 -1.0419243629773157E-016  1.7189502390299057E-014  1.3504220056379446E-001 -7.2852956955411183E-013 -8.0792985366104425E-017  2.6944921303924028E-016  6.8138360329253036E-013  1.4393162966092999E-016  3.0070347447309656E-013 -4.4017284170852324E-015  1.9463191057017483E-016 -1.4749252509121135E-017  1.7813670524571950E-015  6.9698000144169390E-017 -2.9044664190001411E-017  8.9566032724655692E-016  1.9190204291656413E-018  8.8909371769640284E-016 -5.5916756402656982E-017 -3.3390727023130492E-017  2.2413562760380693E-017 -1.2301366227584437E-016  1.5318842415000323E-002  2.6993269655318401E-013  2.9336041832320126E-017 -1.3726230185453085E-016 -3.1988800952960177E-013  6.4505226351555969E-018 -5.4820003892192204E-014  1.2483893921660823E-016 -5.3845592158363547E-017 -9.8634861990816774E-017 -2.4583660283053681E-002 -3.6052796468554249E-002 -5.4451382625014954E-017  1.5434639032101444E-017  1.3616727603070171E-018 -3.0368008498187993E-002
 9.2597670326617927E-017  2.5581215334033188E-016 -6.7708928354357655E-016  2.2260337470789610E-013  8.9789447231096015E-025  5.9796073514774127E-030 -1.4678858434101231E-027 -5.1117295662129170E-025  7.3311356107545097E-028 -2.1210309433401620E-025  8.3593477076805752E-017  2.3093699120823924E-016 -6.1124915247656746E-016  6.4268539601495969E-013  6.5311549881207331E-027 -7.9109820400101856E-028 -7.3924761937133515E-028  1.7852777188236568E-027  3.0003037286674915E-029  2.2680801676868596E-027 -3.2872358678313148E-028 -3.9733319472925327E-028 -6.9394656256257737E-028 -9.9443244016691012E-028  1.7635061662336453E-026 -6.4484111557010922E-030  4.6585220612190260E-029 -8.2778265125373147E-026 -7.8182433585024816E-029 -6.0075460247542162E-026  6.2340050275557575E-029  1.7886663309352248E-028 -1.4604627958426134E-028  3.8412429350267933E-028  1.3329674848141932E-025 -8.4163318279126764E-028 -2.0756768591694485E-025 -4.6531903789283064E-028  6.4481087015998874E-026  5.4419843431937710E-013 -2.9609430446026298E-024 -2.4305158745503789E-028  1.1418138848812332E-027  2.7558066306211131E-024  6.8116655213287637E-028  1.1915199977525157E-024  7.7947949120491730E-017  2.1534054416801899E-016 -5.6996813038485241E-016  7.1789049506926707E-027  2.5466113364359655E-028 -1.0075928911148844E-028  3.7598283447197141E-027  1.5419896709735997E-029  3.5364404140004044E-027 -1.5570257739423808E-028 -1.6148001719189431E-028  7.4927663462347336E-029 -3.5749666308245432E-028  6.0593370676142965E-014  1.1312049275023816E-024  1.3521544946906256E-028 -5.9088728059044126E-028 -1.3241521696009226E-024 -1.2024575245128612E-029 -1.8886293352214235E-025  5.1883127253864769E-017  1.4333335231170138E-016 -3.7937789725147903E-016 -8.1034465967611151E-014 -1.1296772497854514E-013  1.1814151649526269E-019  3.2638008809979541E-019 -8.6387005882111333E-019 -9.4268873064503054E-014
-4.9141423656659129E-017  6.0730393640590064E-017 -1.5970727333703014E-017 -1.7928755358024191E-017  5.9796073514774127E-030  2.6181289377766550E-030 -9.1406154624405707E-031 -2.2705748859340230E-028  4.2042921998600118E-031 -4.5455042706645929E-029 -4.4362913860640201E-017  5.4824972931668762E-017 -1.4417734535866198E-017 -8.4288715917792474E-017  1.0017937414120627E-030  2.0310181226211531E-030  1.6584951234658237E-030 -3.7627438335596375E-030 -1.0654048950616307E-030  1.9043748332779019E-030  6.5648311156184419E-031  2.2979150127166548E-030  1.4603858247860282E-030 -1.7906135840627715E-030 -1.5920723670981743E-028 -1.3526572559480443E-030 -4.5640464845786540E-031 -2.7797918975508604E-030  5.0066947739825836E-032 -2.2910489457207268E-029 -1.7722694331598274E-030 -2.6089435279271084E-031  6.5439762812887905E-031 -4.6695471356521483E-031 -1.7463828952769513E-028 -4.2445694127898425E-031 -3.4624882029549481E-030 -1.4891932147811230E-030 -1.5830402488967760E-028 -1.3026822258250770E-017 -7.4942757805266048E-028  2.8275146717921721E-030  1.8492786019061147E-030  2.5952100824696253E-028  3.3016663712489836E-030 -6.9111658653585750E-028 -4.1366841931827397E-017  5.1122340527623759E-017 -1.3444025508210199E-017  1.7596701323317848E-030 -2.2132100907679902E-030  2.5636468502954378E-031  5.9120904792099046E-030  2.5556204450086090E-031 -6.8050864281815525E-031 -9.1277239420793529E-031 -1.1265545685682809E-030 -1.9855814657397471E-030  3.9067173345801300E-030 -3.8708420566971742E-017  1.3929046461615748E-027  5.3626095473957651E-031 -1.2249087620744955E-030 -1.1150822620979588E-027 -1.2421479877986437E-030  1.0527082210614487E-027 -2.7534285991451263E-017  3.4027667544921773E-017 -8.9485110763124786E-018  5.9178666744988032E-016  1.0598012365478545E-015 -6.2697498804850418E-020  7.7483383658712844E-020 -2.0376386831937643E-020  9.2165535310936144E-016
 8.7252088567657125E-018  5.8245446197165675E-017 -4.2765037698289756E-017 -3.5686618573308229E-016 -1.4678858434101231E-027 -9.1406154624405707E-031  2.8069390841393041E-030  9.1925420477348546E-028 -1.3546410322344307E-030  3.6358964132794644E-028  7.8767699453301616E-018  5.2581661664368017E-017 -3.8606567382179571E-017 -1.0182755504262151E-015 -1.1408267539677622E-029  1.5041757457093529E-030  6.6832560321798610E-031 -1.7162129917146862E-030  3.3625553510042969E-031 -4.5994916048638210E-030  2.1038514395091579E-030 -3.0808964441886676E-032  1.2116551299161285E-030  2.7955453701224637E-030  3.0377835240995662E-029  3.9588474132873892E-031  2.1097453262774952E-032  1.3631319309960548E-028  1.2067557866130636E-031  1.0677406534234425E-028  4.3778552259460090E-031 -2.2439458696948254E-031 -5.4962373468519093E-032 -5.2041728276956098E-031 -1.5284284369329146E-028  1.5431078936490513E-030  3.4040333019754272E-028  1.3244469240240541E-030 -4.6253880760700482E-029 -8.8383724115680189E-016  5.1134654345119599E-027 -4.4706893435921818E-031 -2.4390668184397864E-030 -4.5953073586154557E-027 -2.3789783531291759E-030 -1.6891645529452766E-027  7.3448082848197694E-018  4.9030532426596809E-017 -3.5999253237639000E-017 -1.2058242677522239E-029 -1.6543385368212152E-030  2.6062093373943650E-030 -8.1323246728340823E-030 -1.1440126109353775E-031 -5.3621067852951411E-030 -4.2673318446589472E-030  3.0142658418173061E-030 -1.6448056555950323E-030  4.7865167527490415E-030 -8.4613627619945360E-017 -2.3632610917296515E-027 -4.4714119207680606E-031  1.4116637004352359E-030  2.5749534606355307E-027  4.8870637710134569E-031 -8.1641937820801063E-029  4.8887960120103258E-018  3.2635333980098124E-017 -2.3961552002379487E-017 -8.6810785362578758E-017 -2.0796984173481605E-016  1.1132131126528899E-020  7.4312942555616373E-020 -5.4562133134578264E-020 -1.8734931020419608E-016
 1.9138749104125574E-016  2.3631594941990581E-016 -4.9577949606261303E-016 -1.2503154521692364E-013 -5.1117295662129170E-025 -2.2705748859340230E-028  9.1925420477348546E-028  3.1067683682181095E-025 -4.5221794131259652E-028  1.2464086911733119E-025  1.7277698014289542E-016  2.1333659727455421E-016 -4.4756992047143739E-016 -3.5812760956287854E-013 -3.9739379619750886E-027  3.3889968272933850E-028  2.7551531931139368E-028 -7.7015154608668139E-028  7.5407402213076646E-029 -1.5350621224926471E-027  2.5644651240174860E-028  2.9410852634423709E-029  3.1003280280201749E-028  7.4236295158793774E-028  3.9504727966040560E-027  1.1287513788386796E-028  9.2949253383528636E-030  4.7325917191506878E-026  4.0243005049980214E-029  3.6184970054846241E-026  1.1046425416271978E-028 -8.0502248407006154E-029  2.1492032827505077E-029 -1.8089472127289009E-028 -6.0482569524958634E-026  5.1544305650031094E-028  1.1836240305611136E-025  3.9506282401900431E-028 -2.2763073798478119E-026 -3.0836841570417288E-013  1.7498590734095195E-024 -9.3399636795932676E-029 -8.0535280636870291E-028 -1.5900819054815570E-024 -6.7843144955214301E-028 -6.1697148690929734E-025  1.6110839900339811E-016  1.9892880177731750E-016 -4.1734305847494070E-016 -4.0891563282156924E-027 -9.7440604206112627E-029  1.5015860799703169E-028 -2.5731852117901443E-027 -3.0806311108601186E-029 -1.8801017446482613E-027 -1.7831435463759420E-028  2.9690149475093201E-028 -2.9432587476969522E-029  1.1728103415794043E-028 -3.1064697532026912E-014 -7.6565423136716977E-025 -1.2620447943357576E-028  4.4318519493761213E-028  8.5096439502160915E-025  1.1634319114401247E-028  1.4992743407349692E-026  1.0723576000332473E-016  1.3240949186180619E-016 -2.7778874557441509E-016 -5.8564664363907359E-015 -2.8774933577857743E-014  2.4418334076397164E-019  3.0150569209963586E-019 -6.3254444113532467E-019 -2.7283977356066931E-014
-3.7578054259702103E-017  1.3421609587369635E-017  3.2345987627313256E-017  1.7882744939110601E-016  7.3311356107545097E-028  4.2042921998600118E-031 -1.3546410322344307E-030 -4.5221794131259652E-028  6.8735918781113204E-031 -1.8021807409812582E-028 -3.3923965976675793E-017  1.2116492882980009E-017  2.9200665265093764E-017  5.1128631364861426E-016  4.1891541656534872E-030 -2.6407143172285183E-031 -4.1523868804964331E-031  2.4452702553439817E-031 -1.4540170939016907E-031  1.5726924627967072E-030 -2.0394176596241759E-032 -9.6795229479735284E-032 -2.8374465155282471E-031 -1.4417669984622808E-030 -1.0283807657787739E-029 -2.0553999913804936E-031 -2.2760763156396030E-032 -6.8058608181470904E-029 -6.4495449499256192E-032 -5.2670499707099118E-029 -2.1438675139431776E-031  1.0957465433004638E-031 -1.4057982975946384E-032  2.5659452090065243E-031  8.1599949889010125E-029 -7.7051992363182910E-031 -1.7001276471416318E-028 -6.2653091869956098E-031  2.7888930291673895E-029  4.4192620862953370E-016 -2.5311818027895410E-027  2.1772534214359086E-031  1.2012961675748825E-030  2.2878838905254493E-027  1.0944629070718018E-030  8.6541395017041651E-028 -3.1632893697345031E-017  1.1298199379621328E-017  2.7228583499266743E-017  7.2543533016597119E-030 -2.4179440517316070E-031 -1.7928067992593897E-030  4.6020494379246540E-030  5.3374783311104334E-032  3.3181076164576885E-030 -5.3069988273256228E-031 -1.9076503428235485E-030 -3.6330446882594162E-031 -3.5898470351174721E-030  4.3464570814144315E-017  1.1374186077668617E-027  1.9575596212638802E-031 -6.7199317176259815E-031 -1.2520515274226366E-027 -2.0538075431022640E-031  8.1152090326784512E-030 -2.1055248627266104E-017  7.5202224385293791E-018  1.8123684820957067E-017  2.5088685556915709E-017  7.1158992533327614E-017 -4.7944276675772475E-020  1.7124073509732987E-020  4.1268900444800903E-020  6.5124713033559078E-017
 1.3923317228742542E-016  2.2886605231335243E-016 -4.1328370641501980E-016 -5.2249580318381091E-014 -2.1210309433401620E-025 -4.5455042706645929E-029  3.6358964132794644E-028  1.2464086911733119E-025 -1.8021807409812582E-028  5.0875434193926183E-026  1.2569414496392531E-016  2.0661112782137319E-016 -3.7309601764597444E-016 -1.5028737559339943E-013 -1.5883778502746182E-027  1.6719454540749631E-028  1.4654987386422973E-028 -3.7069924432805680E-028  1.1192093583925020E-029 -5.8184837868975565E-028  9.5617229386776669E-029  5.6313019422746882E-029  1.4853363779962160E-028  2.7364369949535120E-028 -1.4003007303163854E-027  2.2643265374516246E-029 -4.1989515999717214E-030  1.9594961180976970E-026  1.7709624818572946E-029  1.4584826136158391E-026  1.3652360264655498E-029 -3.8147082523481713E-029  2.2114735782014874E-029 -8.3559601954339234E-029 -2.8442915507896820E-026  2.0613374124152278E-028  4.9072846726766291E-026  1.3578023894091500E-028 -1.2473352451076361E-026 -1.2826874586912263E-013  7.1214026795106514E-025  1.2462778453382587E-029 -2.9999998745828319E-028 -6.5517886395856626E-025 -2.1865201975340242E-028 -2.6934265511344951E-025  1.1720532701906921E-016  1.9265754032213331E-016 -3.4789878851965046E-016 -1.7006653342581638E-027 -5.6161171485525063E-029  6.2028034074962013E-029 -9.7600950986593586E-028 -7.9893374086867848E-030 -8.1114752888604859E-028 -2.8653877830202008E-029  9.6881773312412059E-029 -2.1010579976001411E-029  1.1173170565258954E-028 -1.3635849651165094E-014 -2.9125785526270712E-025 -4.1782037909020017E-029  1.6067437615499047E-028  3.3198829735610800E-025  2.4530496812061455E-029  2.6332933745341029E-026  7.8013327656560135E-017  1.2823526200997608E-016 -2.3156577325790961E-016  8.8706977643503044E-015  8.2942441383284666E-015  1.7764181430540951E-019  2.9200067828532094E-019 -5.2729149384090877E-019  6.2748889762275203E-015
 8.5598524531051740E-002  1.6887867189323120E-016  4.3888503910818330E-016 -2.7897712127454191E-015  8.3593477076805752E-017 -4.4362913860640201E-017  7.8767699453301616E-018  1.7277698014289542E-016 -3.3923965976675793E-017  1.2569414496392531E-016  7.7274927908080590E-002 -1.1880596075548693E-016 -5.5511151514606002E-017 -4.9843687318209367E-015  3.6258528963304169E-015  4.8065513986842734E-017  8.1780800626228896E-017  1.7868477086422712E-015  7.7675769819228200E-018  1.6161780684323637E-015  7.9400208395142637E-017  8.9212113358499230E-017  3.3299429137579841E-017  1.3698034438081001E-016  1.7481467215904339E-016  6.3940671418585516E-017 -1.2740761407541026E-017  7.8213483486670348E-017  1.2221356157517086E-017  8.7800258760780839E-017  6.5003320415880914E-017 -6.7529862763606118E-018  2.6094575148545172E-017 -2.2486519321735755E-017  1.0253413200737141E-016  2.3981479468396554E-017  6.5763144366054757E-017  2.2387851154376756E-017  1.2739001434561233E-016 -5.7894448668715610E-015  1.4414861567320309E-017 -1.1200357238004011E-016  2.5432240888746253E-017  6.6295566475751404E-017 -2.9611432654832617E-017  4.8020957392591758E-017  7.2056126387654545E-002 -2.6382538314569274E-016 -2.1163626433309000E-016 -3.1404845493290609E-015  5.7607953273370894E-017  9.1455352813852585E-017 -1.7586633293518207E-015  7.8824324658679102E-019 -1.5006142981938942E-015  1.3490462189009331E-016  9.0581819764128348E-017  6.3305040265143305E-017  2.0229407533168787E-016  1.9436556362263708E-016  9.3684119424169871E-017  1.4298397305874256E-017 -3.8593695433713822E-018  1.0175448053388608E-016  6.5437677209504818E-019  9.9570072471678829E-017  4.7961456537181479E-002  7.2722272228366642E-017  2.1770779605917777E-016  2.7322730315986015E-016  2.9892359123460102E-016  1.0921159767273741E-004 -5.0155821725875181E-018 -7.5817919112698144E-018  3.4322510183523988E-016
-2.1708957233475052E-016  8.5598524531055362E-002 -6.2552053890045309E-016 -3.8322841540040569E-016  2.3093699120823924E-016  5.4824972931668762E-017  5.2581661664368017E-017  2.1333659727455421E-016  1.2116492882980009E-017  2.0661112782137319E-016 -1.1880596075548693E-016  7.7274927908086793E-002 -7.9868792776700708E-016 -2.6707896563357681E-015 -3.8084206596752360E-018  1.0772587334114234E-015  2.8923117552218663E-017 -5.3347696500890539E-018 -1.2462277040075193E-017 -1.8639408014575671E-017  2.0411218106740430E-015  4.6108849741167818E-017  7.1187273026582154E-016  9.0958453500989175E-017  1.3337908489976913E-016 -6.4700743659131233E-017 -6.5308306485498355E-017  1.0848565039384259E-017  6.9703710125497029E-018  5.3797041444654075E-017 -6.5622542918431563E-017 -2.7240322757085967E-017 -2.9075594209936113E-017 -5.7580902678670463E-017 -9.6994877662297774E-017 -6.3219360413646148E-020 -8.7785001279506981E-018  2.0528913934295274E-018  5.1279827336801940E-017 -2.8173704347949855E-015  4.1492425939738079E-016  1.0646516303171972E-016  1.0315766628657070E-016  7.3313391870617940E-016 -1.9440156746054578E-017  5.4944591405163746E-016 -1.5449628942227564E-016  7.2056126387659819E-002 -1.2950985743538045E-015  7.1125196489784283E-018 -2.1513675874866995E-015  1.2627005503967694E-016  1.3233583036184721E-017  7.7912328328738621E-018  1.2409749143713058E-017 -5.0902050093387922E-015  1.3059067133351764E-016 -2.3592596237592142E-015  2.7695701294544191E-016  2.6347442319626437E-015 -2.0369527765894140E-016 -1.4992877243908517E-017 -1.0741233317509617E-017 -2.4686549937229542E-016  3.6026117183380134E-018 -2.2525420625162948E-016 -1.0337491076601043E-016  4.7961456537182472E-002 -3.5864181407893307E-016 -1.3439662835783972E-015 -1.3578009346329343E-015  2.2685361095570141E-018  1.0921159767283398E-004 -9.7387690374107060E-018 -1.0236825639975854E-015
-3.9725167631317256E-016  1.4934526471703593E-016  8.5598524531055292E-002  5.1491757359823414E-016 -6.1124915247656746E-016 -1.4417734535866198E-017 -3.8606567382179571E-017 -4.4756992047143739E-016  2.9200665265093764E-017 -3.7309601764597444E-016 -5.5511151514606002E-017 -7.9868792776700708E-016  7.7274927908096258E-002  5.6090366954357825E-015 -4.5239033740942833E-017  8.8792758858405887E-017 -9.7621971451547144E-017 -9.2497767891538045E-018 -5.8325544752713437E-018 -5.2623588279629626E-018  1.9994177774637736E-016 -2.3602295944959015E-016  8.9451605122783980E-017 -7.5185743849062009E-016 -1.9559089152552737E-016  8.1207486975566898E-017  1.9442821760934758E-017 -1.8473650047449250E-016 -1.0777121762873533E-017 -2.5331000880734020E-016  8.1485651055987155E-017  6.5840142453526549E-018  3.5630434944993704E-017  2.3941645505867175E-017 -4.5024226532995673E-016 -2.4482951894656014E-017 -3.1695598357096650E-016 -2.3450467510468119E-017 -6.6615251252552372E-016  2.6588389324613062E-015 -7.2750837553031101E-016 -1.5462283558422777E-016 -2.6203362654590074E-017 -4.4951795375198687E-016  4.9592723054856021E-017 -2.0553496262822910E-016 -4.2587461361687880E-016 -1.6936511589599566E-016  7.2056126387674127E-002  5.5684977954620913E-017  2.0905581040386793E-017 -4.1726708526811338E-015  1.2776955774152368E-017  3.2450444635478353E-018  2.4675188987191176E-017  3.2903471646299584E-017 -3.8161010662378991E-015  2.4282838147644392E-017 -9.2998390179582507E-015 -1.9274341698604677E-015  6.9628613871227337E-017  2.0616108081415695E-017 -5.0582166011454498E-018  3.2606305903431126E-017 -9.9046158006748423E-018  1.5512471297983358E-017 -1.7780915646368948E-016 -1.1753146273896107E-016  4.7961456537184595E-002  1.8396402654614911E-015  3.4370900255078430E-015 -1.3832048032498100E-018 -3.1474895682545976E-018  1.0921159767296248E-004  2.8359070481295375E-015
 1.3591850019603458E-015 -1.9591677083038420E-016  3.7511783980256940E-015  1.6000438793367486E-001  6.4268539601495969E-013 -8.4288715917792474E-017 -1.0182755504262151E-015 -3.5812760956287854E-013  5.1128631364861426E-016 -1.5028737559339943E-013 -4.9843687318209367E-015 -2.6707896563357681E-015  5.6090366954357825E-015  4.6308100298616828E-001  4.5665702530330900E-015 -6.1369015301799042E-016 -5.8773487534624199E-016  1.3716011941987132E-015  5.7967226321057523E-017  1.5241218548881514E-015 -2.1409968966850374E-016 -3.6474101094919674E-016 -5.3225219849534872E-016 -6.5014359797899456E-016  1.8143371764714757E-014  3.9419198061790009E-017  4.7952964346304276E-017 -5.9173783295675034E-014 -5.7800825338081326E-017 -4.2220235690407099E-014  1.0316990563990560E-016  1.3663169309196490E-016 -1.2846675483010725E-016  2.9036640999058492E-016  1.0148793178210287E-013 -5.8837405325555795E-016 -1.4849890296315492E-013 -2.8195748064924945E-016  5.1653143741481530E-014  3.9009522627919263E-001 -2.0940423404954863E-012 -2.6718041101476031E-016  7.5525951868388612E-016  1.9641679112492380E-012  3.7343158195140872E-016  8.7708492936616598E-013 -9.8448785496657165E-015 -9.6897452233074380E-016  4.0022332422881374E-015  5.1441122222562166E-015  2.0953480282614645E-016 -7.6736338601362110E-017  2.5237794117593399E-015  2.3402675164683098E-018  2.5869343217011340E-015 -1.9692405412066551E-016 -7.2459095124445976E-017  6.8171144642489381E-017 -3.8185531096918890E-016  4.4726009251594187E-002  7.6166137117165242E-013  7.7581368570183479E-017 -3.8078181708617719E-016 -9.0945274158508759E-013  3.4511422791801025E-017 -1.7171298624768782E-013  2.2746088453206454E-015 -1.0850798152344440E-015  2.3119720487134519E-015 -7.8528248396406514E-002 -1.1761101220185524E-001 -1.4902703267873729E-016  3.1798624731401195E-017  6.2485873841574732E-018 -9.9435373588901588E-002
 4.0164082516093153E-015 -4.2186411308673681E-018 -5.0111913970890140E-017  1.5951044120120205E-015  6.5311549881207331E-027  1.0017937414120627E-030 -1.1408267539677622E-029 -3.9739379619750886E-027  4.1891541656534872E-030 -1.5883778502746182E-027  3.6258528963304169E-015 -3.8084206596752360E-018 -4.5239033740942833E-017  4.5665702530330900E-015  2.2121465998497959E-028 -2.0529997913932665E-030  5.0150697641963550E-031  9.3541980361715342E-029 -6.6710242534438590E-031  9.5679583296421754E-029  2.4400273795383223E-031  4.1255836199240738E-030 -2.3951898178324026E-030 -2.6853890211706947E-030 -5.3146952121725305E-029  1.4212056604620556E-030 -7.5745136361247509E-031 -6.0063533162322467E-028  7.0472663363041982E-032 -4.5929665292485786E-028  1.4726974011498876E-030  6.8986830088602897E-031  9.7596934847457283E-031  1.2087264080690128E-030  7.6521836054547936E-028 -5.4676716923244484E-030 -1.5081436443979874E-027 -4.0802384529281182E-030  2.8606341878276301E-028  3.9362089847402174E-015 -2.2392285746107220E-026 -3.7812240546318834E-030  1.1616116257934963E-029  2.0322825217675858E-026  7.4686311263992586E-030  7.8316441784996145E-027  3.3809790786450341E-015 -3.5512170353112409E-018 -4.2183792610895764E-017 -9.5276684513119907E-029  3.9201130829889963E-030  5.0874817014349055E-030 -4.9385061627694375E-029  4.4549451265514386E-031 -4.6573225884026473E-029  8.8531191932245094E-030  2.8462019760454092E-030  3.3462726443067639E-030  1.4273574492550551E-029  3.9393584769847692E-016  9.8765095707331105E-027  2.3080152108965252E-030 -5.9207474415121134E-030 -1.0937298294645362E-026 -1.5346420011697348E-030 -1.1372885545405613E-028  2.2504218483959824E-015 -2.3637343558702875E-018 -2.8078058553885632E-017  1.1581521469611964E-016  4.4088654029719584E-016  5.1243682582978121E-018 -5.3823887773667734E-021 -6.3935707036841968E-020  4.1226977801054154E-016
 5.3242845894255837E-017  1.1932946508586972E-015  9.8356987875300203E-017 -2.0674888878203802E-016 -7.9109820400101856E-028  2.0310181226211531E-030  1.5041757457093529E-030  3.3889968272933850E-028 -2.6407143172285183E-031  1.6719454540749631E-028  4.8065513986842734E-017  1.0772587334114234E-015  8.8792758858405887E-017 -6.1369015301799042E-016 -2.0529997913932665E-030  1.6529949271546474E-029  1.8584067085044384E-030 -1.9665519942146967E-030 -7.4550200084617162E-031  1.9594227512132210E-031  2.8663708153935610E-029  1.9536853571447289E-030  1.1175692413929664E-029  3.8844834914488965E-031 -9.6044995887535825E-029 -1.4111880063588829E-030 -1.1511134555323314E-030  7.1999751503111240E-029  1.8771938713518219E-031  4.1979632622749100E-029 -1.6998730900623785E-030 -6.6118258613921067E-031  1.4048909319630522E-031 -1.3545000174844930E-030 -2.1013324530781097E-028  5.1862947751592109E-031  1.8192275418322988E-028 -3.3595358467567726E-031 -1.3888319112548978E-028 -4.8954874272177056E-016  2.2451843034374904E-027  2.8253285472701622E-030  1.3324378981137151E-030 -2.3016984800502741E-027  8.6908370441568020E-031 -1.4064186475625218E-027  4.4819385077184444E-017  1.0045055174846788E-015  8.2796094772418002E-017 -8.1825429615112518E-030 -3.0498483862259792E-029 -3.1468272940341642E-030 -1.7069577996158471E-030  2.2867865860802022E-031 -4.6688704780217748E-030 -6.9279017933258851E-029 -3.3069495525681209E-030 -3.3034781460217792E-029 -5.2370599958397815E-030 -7.3728193693734320E-017 -2.8769278589289712E-028 -8.2253461606676647E-033 -2.6327161560488706E-031  5.9638649414736457E-028 -5.9285093019653104E-031  7.0766326847242827E-028  2.9832341775314698E-017  6.6861140243658729E-016  5.5110113462275047E-017  3.7717302412919910E-016  6.4693340523994883E-016  6.7930332872177622E-020  1.5224750196187451E-018  1.2548959046911243E-019  5.5907981375801989E-016
 9.0589743116936689E-017  3.2038544122007004E-017 -1.0813723084936297E-016 -1.9618902709515704E-016 -7.3924761937133515E-028  1.6584951234658237E-030  6.6832560321798610E-031  2.7551531931139368E-028 -4.1523868804964331E-031  1.4654987386422973E-028  8.1780800626228896E-017  2.8923117552218663E-017 -9.7621971451547144E-017 -5.8773487534624199E-016  5.0150697641963550E-031  1.8584067085044384E-030  1.9260391824682507E-030 -1.3687469797500864E-030 -7.0397698538440069E-031  1.6959641370433660E-030  4.0721052645988196E-031  2.2296742980028644E-030  1.4142651442303469E-030  7.0218264086717348E-031 -1.1846149393700297E-028 -8.7664205129711965E-031 -3.7248475833655269E-031  6.7089402524200374E-029  1.2687948315160053E-031  3.5177537004116333E-029 -1.2072824579008316E-030 -3.3399154476846300E-031  5.4889963980191647E-031 -6.7890350179787740E-031 -2.2419677027725143E-028  4.8176872381364042E-031  1.7017421016882896E-028 -5.3131173316568883E-031 -1.5620563750923908E-028 -4.5944062684323574E-016  1.9631333843063034E-027  2.0612891249516661E-030  3.2307358434455206E-031 -2.1127873690725252E-027  1.5011697670131129E-030 -1.4398215369411681E-027  7.6257692702310703E-017  2.6969780112208635E-017 -9.1029022006894315E-017 -9.3675041479428561E-030 -1.4129002333113875E-030  5.1602247528000790E-030 -1.7817780604481602E-030  1.5138996330844737E-031 -5.5593763294156508E-030  1.3522587337442509E-031  3.8936019500977152E-030 -1.0922209415580721E-030  1.3794510377880226E-029 -7.5567653820359174E-017 -2.4570425703014961E-029  2.3750995498658420E-031 -3.1176381165923678E-031  3.6667366551668703E-028 -7.9190904646207810E-031  8.4636979016869518E-028  5.0758071485695029E-017  1.7951422058268339E-017 -6.0590052525395040E-017  4.5488378890738003E-016  7.8798786729835818E-016  1.1557968589719792E-019  4.0876646062356434E-020 -1.3796779574967938E-019  6.8198080742545574E-016
 1.9793163392324082E-015 -5.9093993759937587E-018 -1.0246107849279601E-017  4.6294576278351082E-016  1.7852777188236568E-027 -3.7627438335596375E-030 -1.7162129917146862E-030 -7.7015154608668139E-028  2.4452702553439817E-031 -3.7069924432805680E-028  1.7868477086422712E-015 -5.3347696500890539E-018 -9.2497767891538045E-018  1.3716011941987132E-015  9.3541980361715342E-029 -1.9665519942146967E-030 -1.3687469797500864E-030  4.7817462018372793E-029  1.3747331571219416E-030  3.8827837737098909E-029  1.7698410632255874E-030 -1.1544292516426464E-030 -1.7427798220575237E-030  3.3200668878209081E-030  2.1062446598191426E-028  2.8128806132278136E-030  2.4656488091614735E-031 -1.6015930908887340E-028  7.3388605166382379E-032 -9.2975314559473074E-029  3.4248967107690494E-030  4.6460851813726696E-031 -4.3923101273000668E-031  7.1527402963939807E-031  4.5604078095589065E-028 -6.7334097294660446E-031 -4.0838095810455928E-028  1.1881577960969537E-030  3.0203513517090108E-028  1.0986021641123752E-015 -5.0934898456219122E-027 -5.9282900625880816E-030  9.3613988881088504E-031  5.2150255205562062E-027 -2.8916715112474755E-030  3.1202146262668479E-027  1.6661720407241385E-015 -4.9744832711260603E-018 -8.6250884137876079E-018 -5.8269517529492518E-029  2.6982851858344998E-030  2.9399998263745849E-030 -3.8441413442358125E-029 -2.2227546625334992E-031 -2.5986734243572898E-029  1.9197993557891482E-031  4.1823894377347635E-030  2.0790070726606878E-030  2.6593058429949588E-030  1.6243267301219104E-016  7.5690335289635551E-028 -2.6763204955600045E-033  4.8328803193618637E-032 -1.4364740013900021E-027  1.3334812541914690E-030 -1.5076009170190988E-027  1.1090248937993282E-015 -3.3110781159489610E-018 -5.7409664358257238E-018 -7.9858151073889611E-016 -1.3660597042723947E-015  2.5253274036154578E-018 -7.5395569111299812E-021 -1.3072582901633514E-020 -1.1800738326839213E-015
 8.6042542753946429E-018 -1.3804639561704891E-017 -6.4608026282927177E-018  1.5425843236848204E-017  3.0003037286674915E-029 -1.0654048950616307E-030  3.3625553510042969E-031  7.5407402213076646E-029 -1.4540170939016907E-031  1.1192093583925020E-029  7.7675769819228200E-018 -1.2462277040075193E-017 -5.8325544752713437E-018  5.7967226321057523E-017 -6.6710242534438590E-031 -7.4550200084617162E-031 -7.0397698538440069E-031  1.3747331571219416E-030  4.3919976410915758E-031 -9.2700390341423771E-031 -5.5633458269433576E-032 -9.3337031240885202E-031 -5.5253451348412676E-031  8.1126707938095880E-031  6.6399501024593884E-029  5.2870334855098982E-031  1.8032619783561833E-031 -1.8166191299809727E-030 -2.2602862973093279E-032  7.3288189964100217E-030  7.0414163704561503E-031  1.1051154828260488E-031 -2.8829388832196594E-031  1.9851043462665802E-031  7.6958127987723836E-029  1.4537949879396098E-031 -6.0128846641137975E-030  5.9893589993764343E-031  6.7782185356340764E-029  2.4992010720513995E-017  2.0290752967247613E-028 -1.1234632198616197E-030 -7.0837119089222416E-031 -7.6872652533204146E-030 -1.3448513801716953E-030  3.2841803276394099E-028  7.2429897236659255E-018 -1.1620630827969944E-017 -5.4386499451992604E-018 -4.6506738909334173E-032  6.2893500100044845E-031  5.2986043201015318E-031 -2.0657510883561275E-030 -1.0454844155732724E-031  6.1127695507190895E-031 -3.2191622101305214E-031  1.0451179449346235E-030  4.9981713416094714E-031 -2.0148608980717599E-031  1.8167420723960918E-017 -5.3444524873430460E-028 -2.2362593385397252E-031  4.8438237625075573E-031  4.1267036539937259E-028  5.1437179371811713E-031 -4.4154067116493899E-028  4.8210243076627733E-018 -7.7348368324940152E-018 -3.6200332441473334E-018 -2.4728337799844194E-016 -4.4168868244888090E-016  1.0977810205916837E-020 -1.7612765525101969E-020 -8.2430693888869576E-021 -3.8397103019930173E-016
 1.7902631782693802E-015 -2.0647134424712087E-017 -5.8291888898768339E-018  5.4039917750071955E-016  2.2680801676868596E-027  1.9043748332779019E-030 -4.5994916048638210E-030 -1.5350621224926471E-027  1.5726924627967072E-030 -5.8184837868975565E-028  1.6161780684323637E-015 -1.8639408014575671E-017 -5.2623588279629626E-018  1.5241218548881514E-015  9.5679583296421754E-029  1.9594227512132210E-031  1.6959641370433660E-030  3.8827837737098909E-029 -9.2700390341423771E-031  4.2666432353942048E-029 -4.7055632047678632E-031  3.3862418673824229E-030 -1.3217617622852603E-031 -1.7511828334334954E-030 -1.2862832040970819E-028 -5.9018856740531905E-032 -5.9286479381448966E-031 -2.0979004278510525E-028  1.1318152753990388E-031 -1.7482791577888425E-028 -3.2747003676194387E-031  4.4527582465545183E-032  9.5642677209652448E-031  2.7711790917410510E-032  1.4401224808140202E-028 -2.0762860623588749E-030 -5.2490871243504377E-028 -2.3466228660435763E-030 -1.0727514167593830E-029  1.3552851192542001E-015 -8.2842287071748622E-027 -2.3478055676139033E-032  5.3624053981920518E-030  7.2248001254682055E-027  4.7670369630529885E-030  2.2327883106396075E-027  1.5070286613847325E-015 -1.7380586123434840E-017 -4.9069627506872915E-018 -4.7650940579227065E-029  1.6588367259042377E-030  1.2081871600733532E-030 -2.1886870171552176E-029  3.3174497161184031E-031 -2.4199110346627304E-029  6.7801087358971727E-030 -4.4543896200702699E-031  1.7975978105092396E-030  6.0296677561946231E-030  1.0957187318638468E-016  4.3946499459431986E-027  1.2621403275223310E-030 -2.9189204606847098E-030 -4.5674032788885009E-027 -1.3994198567237340E-030  6.9481730061979169E-028  1.0030970753886726E-015 -1.1568734925681444E-017 -3.2661356153031242E-018  4.5252417518990539E-016  8.9133106284287093E-016  2.2841223376749697E-018 -2.6342820161388658E-020 -7.4372196865714856E-021  7.8514641944346721E-016
 8.7952727619056940E-017  2.2609793384688506E-015  2.2147831943061515E-016 -7.7277127860472488E-017 -3.2872358678313148E-028  6.5648311156184419E-031  2.1038514395091579E-030  2.5644651240174860E-028 -2.0394176596241759E-032  9.5617229386776669E-029  7.9400208395142637E-017  2.0411218106740430E-015  1.9994177774637736E-016 -2.1409968966850374E-016  2.4400273795383223E-031  2.8663708153935610E-029  4.0721052645988196E-031  1.7698410632255874E-030 -5.5633458269433576E-032 -4.7055632047678632E-031  5.4832104267953903E-029  2.1701971815024139E-031  1.9051285916339166E-029  1.4986413320717707E-030  4.0790314281307989E-029 -1.0834733225049122E-030 -1.5905591862360227E-030  3.1242111781771498E-029  1.8383084693300984E-031  2.9408006454011341E-029 -1.0155593072059292E-030 -7.0791187072351130E-031 -7.8813161567957361E-031 -1.5037807641474309E-030 -4.5062102315868508E-030  3.8566825029653950E-031  7.6668071856975615E-029  5.9910626461022910E-031  1.9814511104453044E-029 -1.9745187944783744E-016  1.3107544885282752E-027  1.6508249509787603E-030  1.7667986043225587E-030 -1.0716216235422192E-027 -1.5836652744621312E-030 -2.3464083764455162E-028  7.4037874977147455E-017  1.9032736120760125E-015  1.8643860819388785E-016 -5.5381444104319618E-030 -5.6628919511359231E-029 -7.1626588645454528E-030 -4.1702842628376817E-030  1.3975260439308284E-031 -2.0291962381436882E-030 -1.3494653051162984E-028 -5.7398206348140473E-030 -6.2144359978657260E-029 -1.6958758819866118E-029 -1.1664800109040392E-017 -8.0892934969993281E-028 -5.3284058266295583E-031  2.5560172730528503E-031  7.9169870201660175E-028  4.1986618616551952E-031 -2.2768771431614384E-028  4.9280533118275244E-017  1.2668426572481311E-015  1.2409586321135866E-016 -1.3398387329741672E-016 -2.5182427602770234E-016  1.1221522748897102E-019  2.8846895108553183E-018  2.8257497716723299E-019 -2.2046682002388776E-016
