 5.9404428653592634E-001 -3.3897698549189554E-016 -2.0715736185521320E-016  2.6110560436376703E-016  6.0885719027710576E-015 -2.9649299369144790E-016  1.3558555666890082E-017  6.4293384079489719E-015  1.9818959085709143E-016  5.1322269888016366E-015  2.2558218210072836E-001  1.9985736506107708E-016  6.4425414047064034E-016 -7.2219327142437323E-018 -5.9189737439595044E-015  1.7357461492079926E-016  2.8228961376806069E-017 -5.5832781928899302E-015 -5.5226820150087911E-017 -4.7382689676349506E-015  2.8952486278029035E-018 -2.1865322708356706E-016 -5.6280502307296374E-018 -6.3822678673861915E-018  2.4526538773603682E-017 -1.9088342902045132E-017 -3.1935878558773539E-016 -5.9929016733759951E-017 -1.8870119234219540E-016  5.7350967147530682E-017 -7.7289982290651885E-002 -7.0725306044552239E-002 -4.0886906488061841E-018 -3.4136699742523037E-017  1.0456815734971033E-017  7.2702179195004227E-016  4.5133889553502547E-019  7.8229620676538192E-019  1.0754970769702753E-015 -8.2960743278728990E-019  9.3921111464902960E-016 -3.3139766727994853E-002 -4.0434986743384531E-019  1.3787573521367948E-017  2.9281201998044505E-019 -1.2789166283866431E-002  2.5256761168494276E-019 -2.7650537014275741E-018  5.0931965664705871E-019 -3.7813257930741041E-003
-3.3897698549189554E-016  2.9919121196433839E-031 -5.4741781615348041E-031 -2.2941460375691979E-030 -2.2025141543755797E-030  1.0904293172786253E-030  3.5994958855719551E-031 -2.5443900061886828E-030 -9.3620218879269543E-031 -3.1230705961756023E-030 -1.3213046689357810E-016  1.1322760428164957E-031 -1.5182252271260111E-032  1.9789745239317328E-030  5.0777712963308090E-030 -5.9485328745210677E-031 -2.4005829745792109E-031  5.2861150419001167E-030  8.3057452572398376E-031  5.8447597823350175E-030 -2.4667589164290506E-031  2.1868201011782615E-034 -2.1079156943864569E-031 -1.0545276406587759E-031 -6.0610174624019197E-032  3.7896656004375717E-032  5.5899170374702857E-031 -1.3452422635406827E-031  1.7957456867293304E-031 -2.5300739954996596E-032 -7.2751146572999038E-017 -1.7074731906673907E-016 -8.1987445392970432E-033  3.1344638122153874E-031 -3.6835713498490125E-031  1.6985252135415966E-029 -1.1472391176863368E-032  4.2222107461182886E-032  1.7128835731841103E-029  2.4862664052016500E-032  1.7475724722361197E-029 -1.1580042875005426E-016  3.0288881852785823E-032 -8.9172875340015874E-032  1.5220290126656990E-031 -4.4976510230113190E-017 -1.5578578816579388E-032  4.1156390419290423E-032 -5.3531323580263004E-032 -1.4192863536672254E-017
-2.0715736185521320E-016 -5.4741781615348041E-031  4.2614451626233477E-030  1.3409721061620712E-029 -1.0127342302655606E-029 -5.6945579640807102E-030 -2.3188070618267990E-030 -9.3183343282397978E-030  5.1112289273233202E-030 -5.6568612219117748E-031 -5.7220622931413331E-017 -1.5000546966995795E-030 -2.4428265533927824E-030 -1.2426459450895946E-029 -8.6366552518289978E-030  3.0598922227174821E-030  1.3996129177195865E-030 -1.1270540763783716E-029 -5.0097255261452823E-030 -1.8115796670663243E-029  1.5410770219894710E-030  8.6012303674669203E-031  1.3488167433898963E-030  6.8882594627657297E-031  2.8482222615244983E-031 -1.6329859801134659E-031 -2.2597996530226844E-030  1.0827662564651171E-030 -3.8668658288891113E-031 -6.6731037359512147E-032  7.6239260415263034E-016  1.3532783022504735E-015  6.7709330612221972E-032 -1.8382130034921156E-030  2.2770997849333838E-030 -1.0976321060682432E-028  7.0424586068643783E-032 -2.6881217584403069E-031 -1.1203987281601187E-028 -1.5320749023783474E-031 -1.1368609017939314E-028  8.5937545150919169E-016 -1.8903356997715288E-031  5.0689681581447396E-031 -9.5906094175539483E-031  3.3345471767597383E-016  9.7050535539319905E-032 -2.4812830766221980E-031  3.3489908720727953E-031  1.0422301361623427E-016
 2.6110560436376703E-016 -2.2941460375691979E-030  1.3409721061620712E-029  4.3624439918476059E-029 -2.3119120007099934E-029 -1.8815692686011661E-029 -7.4517470601991021E-030 -1.9979135565028666E-029  1.6782080252536845E-029  6.2006042874968896E-030  1.6826490391589632E-016 -4.5218520681203322E-030 -6.8654082984389280E-030 -4.0058710637640103E-029 -3.7087477174131404E-029  1.0132644203197142E-029  4.5547407790682325E-030 -4.5051018821909253E-029 -1.6231453236492006E-029 -6.5790514779554006E-029  4.9710382961205422E-030  2.4301245929146337E-030  4.3381055059016347E-030  2.2099384924483644E-030  9.5625646466339113E-031 -5.5611370509438511E-031 -7.7820602878742856E-030  3.3957966988504121E-030 -1.5412091932800413E-030 -1.2539578903433785E-031  2.3361693231283482E-015  4.2507116250272643E-015  2.1181828806618376E-031 -5.9774769887261195E-030  7.3548801604330425E-030 -3.5260319026042376E-028  2.2766672397837239E-031 -8.6509243863544864E-031 -3.5939550943073039E-028 -4.9504702764562390E-031 -3.6491393084948395E-028  2.7177451645001479E-015 -6.0984082043295702E-031  1.6551590128568673E-030 -3.0903595557131695E-030  1.0546480202914011E-015  3.1316484793889217E-031 -8.0397931370162963E-031  1.0800935852451496E-030  3.2997343134940578E-016
 6.0885719027710576E-015 -2.2025141543755797E-030 -1.0127342302655606E-029 -2.3119120007099934E-029  7.7697021374436501E-029  8.0390072358408406E-030  4.5603662722914457E-030  7.9416876814774303E-029 -7.8665164538805917E-030  5.0263304874606959E-029  2.2710978881981523E-015  4.7813292822956580E-030  1.0841322473100793E-029  2.3673433339525208E-029 -4.0220278364232364E-029 -4.1830125113836940E-030 -2.4036534157454459E-030 -3.1970846336941297E-029  9.0426005815498021E-030 -1.0794163262809921E-029 -2.9167167807497603E-030 -3.7387644796664028E-030 -2.6310536085795119E-030 -1.3772684839444778E-030 -3.0915673582466997E-031  1.2908194887599752E-031  1.2572544284421935E-030 -2.6430934748417327E-030 -1.0695126275140275E-030  6.7709796556800414E-031 -2.1973421610474435E-015 -3.2634094643293586E-015 -1.6855117558768349E-031  3.1850513644980555E-030 -4.2505372586555244E-030  2.1668641415419436E-028 -1.3023167666097869E-031  5.2110336173555531E-031  2.2437578575365762E-028  2.8477603865316960E-031  2.2621509699879604E-028 -1.9595481709595112E-015  3.5730248710378947E-031 -8.3637625479235994E-031  1.8352378982524704E-030 -7.5967541526240175E-016 -1.8300944310454249E-031  4.4758919219506285E-031 -6.3499482030409311E-031 -2.3537062490223805E-016
-2.9649299369144790E-016  1.0904293172786253E-030 -5.6945579640807102E-030 -1.8815692686011661E-029  8.0390072358408406E-030  8.1724770267421635E-030  3.1959694047048666E-030  6.5847744615786476E-030 -7.2686272375536122E-030 -4.2556452169491609E-030 -1.4227084860379184E-016  1.8798989439486529E-030  2.7484293128260324E-030  1.7205586286781509E-029  1.7764279437802461E-029 -4.4053658627510189E-030 -1.9648091971040350E-030  2.1080066204962307E-029  6.9877904749039358E-030  2.9724464176363748E-029 -2.1357272725250017E-030 -9.7576644888683136E-031 -1.8612670180126560E-030 -9.4708462798051314E-031 -4.1827923962059866E-031  2.4474888396994233E-031  3.4411436684781240E-030 -1.4397372178604280E-030  7.2044035341985362E-031  3.6052887733753156E-032 -9.7928882049130513E-016 -1.8035326388657260E-015 -8.9697144039481892E-032  2.5776413931369108E-030 -3.1618227136740257E-030  1.5120096962750423E-028 -9.7912295094641151E-032  3.7127400785218300E-031  1.5400980488910121E-028  2.1285704032016533E-031  1.5642200515681332E-028 -1.1568597419733039E-015  2.6202363426896100E-031 -7.1509242240706392E-031  1.3270741971593450E-030 -4.4895296992197701E-016 -1.3456805727427974E-031  3.4612968765710632E-031 -4.6400780721073964E-031 -1.4053464876092776E-016
 1.3558555666890082E-017  3.5994958855719551E-031 -2.3188070618267990E-030 -7.4517470601991021E-030  4.5603662722914457E-030  3.1959694047048666E-030  1.2785858189160007E-030  4.0556127586995895E-030 -2.8570510140224628E-030 -5.5901185483259354E-031 -6.6974393065726829E-018  7.9467939929884047E-031  1.2399960892290494E-030  6.8654907812558277E-030  5.7758981425128951E-030 -1.7197312544002508E-030 -7.7792708376968779E-031  7.1738291137457187E-030  2.7767052654686531E-030  1.0811597819964624E-029 -8.5176872259990924E-031 -4.3799522312959515E-031 -7.4411855185004463E-031 -3.7941749927872486E-031 -1.6149803184486135E-031  9.3446024941547479E-032  1.3025225927971433E-030 -5.8793393213843912E-031  2.4564511054141599E-031  2.7122987712665195E-032 -4.0801438189533880E-016 -7.3552906002699474E-016 -3.6707734024458845E-032  1.0212090061322069E-030 -1.2596250898065116E-030  6.0508756450647417E-029 -3.8978548799768415E-032  1.4835658839255274E-031  6.1707190384648855E-029  8.4771313460556320E-032  6.2639688459657138E-029 -4.6908388213822860E-016  1.0448910568186737E-031 -2.8234647866886292E-031  5.2972691701353487E-031 -1.8202568785394479E-016 -5.3652730923392899E-032  1.3753337304478532E-031 -1.8508173021561339E-031 -5.6929757050580829E-017
 6.4293384079489719E-015 -2.5443900061886828E-030 -9.3183343282397978E-030 -1.9979135565028666E-029  7.9416876814774303E-029  6.5847744615786476E-030  4.0556127586995895E-030  8.1537710869533527E-029 -6.6054648904038829E-030  5.3478452323767010E-029  2.4052502255405667E-015  4.5791734600221229E-030  1.0719604575396161E-029  2.0916472030159274E-029 -4.5985670023377079E-029 -3.3923202771975448E-030 -2.0752881617059461E-030 -3.8101105424050174E-029  7.8970812691150118E-030 -1.7890541032396350E-029 -2.5735085830222749E-030 -3.6905769739749124E-030 -2.3359755691118231E-030 -1.2288586832341638E-030 -2.3010948872671057E-031  8.0489814485611974E-032  5.4888255893156486E-031 -2.4422844726085843E-030 -1.2779783540122162E-030  6.9964642101430077E-031 -2.0787905826426973E-015 -3.0097134324163089E-015 -1.5621587499192987E-031  2.7556980530645347E-030 -3.7393902326306361E-030  1.9284883015771112E-028 -1.1433999933402580E-031  4.6207496894634923E-031  2.0026077154868540E-028  2.5030307514039814E-031  2.0164676703316368E-028 -1.7907801851159876E-015  3.1517141311888149E-031 -7.1513278403611053E-031  1.6230119220545975E-030 -6.9414471060891780E-016 -1.6134992182180478E-031  3.9083306217165005E-031 -5.6048856010748829E-031 -2.1474807522179696E-016
 1.9818959085709143E-016 -9.3620218879269543E-031  5.1112289273233202E-030  1.6782080252536845E-029 -7.8665164538805917E-030 -7.2686272375536122E-030 -2.8570510140224628E-030 -6.6054648904038829E-030  6.4720983769714151E-030  3.2258966873297381E-030  1.0177949794853830E-016 -1.7020953195718144E-030 -2.5280206797549488E-030 -1.5372000756998611E-029 -1.5207199614086169E-029  3.9166021279967325E-030  1.7523431363945982E-030 -1.8207485765318348E-029 -6.2372338532006616E-030 -2.6025972311250773E-029  1.9079000350408583E-030  8.9638394113399127E-031  1.6636331489085468E-030  8.4691605528419502E-031  3.7096856618566195E-031 -2.1653381398207816E-031 -3.0387170456939612E-030  1.2931044072627335E-030 -6.2250350493640420E-031 -3.8653860598006874E-032  8.8365382395036650E-016  1.6193601829633742E-015  8.0601643190351553E-032 -2.2992316576438158E-030  2.8238444010657771E-030 -1.3517638753553160E-028  8.7431783951535348E-032 -3.3181300182516219E-031 -1.3772515905871263E-028 -1.9008989338912855E-031 -1.3986509977756739E-028  1.0373507741320647E-015 -2.3406692375334483E-031  6.3737075089945474E-031 -1.1857444149147449E-030  4.0256599847903026E-016  1.2020522413449410E-031 -3.0894868401547146E-031  4.1452353794599192E-031  1.2598931065165640E-016
 5.1322269888016366E-015 -3.1230705961756023E-030 -5.6568612219117748E-031  6.2006042874968896E-030  5.0263304874606959E-029 -4.2556452169491609E-030 -5.5901185483259354E-031  5.3478452323767010E-029  3.2258966873297381E-030  4.4697367335327847E-029  1.9551762747722644E-015  1.3087247263609627E-030  4.9178894576560158E-030 -3.6940159974467627E-030 -5.4263437294974943E-029  2.4113483135351851E-030  6.5571239404245231E-031 -5.2098595740986470E-029 -1.9465490509593197E-030 -4.6712178946648554E-029  4.7559562283408570E-031 -1.6600077593107007E-030  3.4491386048411724E-031  1.4547829812191356E-031  2.9761754932035578E-031 -2.1457232748403486E-031 -3.4519215543986999E-030 -2.0748783326636484E-031 -1.7624914048443410E-030  4.8182743985400830E-031 -4.5285628070059655E-016 -2.2282120982025688E-016 -1.5956740595562814E-032 -8.3550860870100005E-031  7.5675246840574747E-031 -2.5716545324351730E-029  2.4522672498880060E-032 -7.1705879588452809E-032 -2.3335614430603010E-029 -5.2017586778503833E-032 -2.5007947549563057E-029 -3.8585841595451273E-017 -5.8768276525944126E-032  2.6863232562574551E-031 -2.7766838512377925E-031 -1.4362620389469649E-017  3.0564975341334458E-032 -9.6670931828479835E-032  1.0230629251189633E-031 -2.6010221330657712E-018
 2.2558218210072836E-001 -1.3213046689357810E-016 -5.7220622931413331E-017  1.6826490391589632E-016  2.2710978881981523E-015 -1.4227084860379184E-016 -6.6974393065726829E-018  2.4052502255405667E-015  1.0177949794853830E-016  1.9551762747722644E-015  8.5772285515663182E-002  6.8571517189578534E-017  2.3329372057171546E-016 -6.6368492548479651E-017 -2.3024480508281672E-015  8.1887133786749649E-017  1.7934905210250506E-017 -2.1878551620197230E-015 -4.6716035638527433E-017 -1.9005051681944740E-015  8.9936429796544578E-018 -7.9018523879457653E-017  4.7575798305202947E-018  1.0912226451649595E-018  1.0815537062997749E-017 -8.1186302264153642E-018 -1.3341160815721029E-016 -1.7321545516787330E-017 -7.3973707532785091E-017  2.1539211520318669E-017 -2.5585232111338108E-002 -2.0055801272295892E-002 -1.2133215699320782E-018 -2.2434122141895627E-017  1.5646393612580167E-017 -2.8451954499546456E-016  5.3271235969893292E-019 -1.0776295117425108E-018 -1.6322218369336350E-016 -1.1008108808064866E-018 -2.2364592950521248E-016 -8.2443562816572578E-003 -1.1219643093078467E-018  7.8551923372313182E-018 -4.7978799634107363E-018 -3.1723736645522557E-003  5.9317891064163998E-019 -2.3251474269605413E-018  1.9087231233995940E-018 -9.0913452687727079E-004
 1.9985736506107708E-016  1.1322760428164957E-031 -1.5000546966995795E-030 -4.5218520681203322E-030  4.7813292822956580E-030  1.8798989439486529E-030  7.9467939929884047E-031  4.5791734600221229E-030 -1.7020953195718144E-030  1.3087247263609627E-030  6.8571517189578534E-017  5.5562026645645971E-031  9.7411700085143944E-031  4.2413137121686687E-030  1.6623048418354212E-030 -1.0070385217282726E-030 -4.7174702284194833E-031  2.6345864311877722E-030  1.6985134529806965E-030  5.1555040495678286E-030 -5.2555516430432771E-031 -3.4120795181143171E-031 -4.6176260440723566E-031 -2.3657964947601633E-031 -9.1918283232587200E-032  5.1607406792382910E-032  7.0216667338586052E-031 -3.8272571380501202E-031  9.1012629370918546E-032  3.5250820866698976E-032 -2.7711121136998674E-016 -4.7743595667733183E-016 -2.4007383558701102E-032  6.2021824858210512E-031 -7.7521873845011176E-031  3.7635521232507132E-029 -2.3947625957567633E-032  9.1953127824052265E-032  3.8488610586003737E-029  5.2130752382282721E-032  3.9021070061807375E-029 -3.0062817856663189E-016  6.4455626458649183E-032 -1.7007760719938565E-031  3.2752489141804087E-031 -1.1663454019529209E-016 -3.3081981923426892E-032  8.4119762106330836E-032 -1.1423705195496121E-031 -3.6407784525564489E-017
 6.4425414047064034E-016 -1.5182252271260111E-032 -2.4428265533927824E-030 -6.8654082984389280E-030  1.0841322473100793E-029  2.7484293128260324E-030  1.2399960892290494E-030  1.0719604575396161E-029 -2.5280206797549488E-030  4.9178894576560158E-030  2.3329372057171546E-016  9.7411700085143944E-031  1.8732107833486182E-030  6.5732404211917773E-030 -7.5327589802365603E-031 -1.4640000162278719E-030 -7.1568450871987402E-031  9.4343540371506830E-031  2.6029238079540133E-030  5.3283618157422814E-030 -8.1338611385572014E-031 -6.5219076753456837E-031 -7.1925529729920155E-031 -3.7047264382779664E-031 -1.2874092595613995E-031  6.9288555000913887E-032  9.0916806765278925E-031 -6.2724715806703599E-031  3.4940882178079931E-032  8.6942394697677129E-032 -4.7323383617063665E-016 -7.8019704922541420E-016 -3.9531013373634761E-032  9.4260452228989418E-031 -1.1963014962313279E-030  5.8773221283587499E-029 -3.6883267304519194E-032  1.4303847939777717E-031  6.0292285049112858E-029  8.0375947586389412E-032  6.1041307427003894E-029 -4.8485603182292372E-016  9.9728330626166411E-032 -2.5599187646075206E-031  5.0808078137858120E-031 -1.8807101600726516E-016 -5.1160424645702892E-032  1.2889431851714618E-031 -1.7686882864384857E-031 -5.8588209935485213E-017
-7.2219327142437323E-018  1.9789745239317328E-030 -1.2426459450895946E-029 -4.0058710637640103E-029  2.3673433339525208E-029  1.7205586286781509E-029  6.8654907812558277E-030  2.0916472030159274E-029 -1.5372000756998611E-029 -3.6940159974467627E-030 -6.6368492548479651E-017  4.2413137121686687E-030  6.5732404211917773E-030  3.6875702995125032E-029  3.1820059413541443E-029 -9.2601099175396977E-030 -4.1820703847755804E-030  3.9283149338993311E-029  1.4921197939190993E-029  5.8707837948655599E-029 -4.5752621260124676E-030 -2.3230210351148235E-030 -3.9959217708394659E-030 -2.0370012871492602E-030 -8.7071499799149063E-031  5.0447311887708484E-031  7.0389152079311516E-030 -3.1497332529418739E-030  1.3447930824429978E-030  1.3795044125130024E-031 -2.1810413343669606E-015 -3.9410157700354146E-015 -1.9660725979743897E-031  5.4895399745577434E-030 -6.7668881943882383E-030  3.2489614392988423E-028 -2.0941561744844324E-031  7.9672169013660661E-031  3.3128600804821011E-028  4.5542071986778197E-031  3.3631284353875862E-028 -2.5149962909247883E-015  5.6126819373769676E-031 -1.5183481184103242E-030  2.8451376179455559E-030 -9.7594141889274436E-016 -2.8820424826825450E-031  7.3906791089267922E-031 -9.9414742423975334E-031 -3.0526168864145545E-016
-5.9189737439595044E-015  5.0777712963308090E-030 -8.6366552518289978E-030 -3.7087477174131404E-029 -4.0220278364232364E-029  1.7764279437802461E-029  5.7758981425128951E-030 -4.5985670023377079E-029 -1.5207199614086169E-029 -5.4263437294974943E-029 -2.3024480508281672E-015  1.6623048418354212E-030 -7.5327589802365603E-031  3.1820059413541443E-029  8.6309384367317959E-029 -9.7001580153043678E-030 -3.8815319911357840E-030  8.9393430154044926E-029  1.3396115850976316E-029  9.7706428401930155E-029 -3.9678944599412102E-030  1.7633392328324033E-031 -3.3842750098810008E-030 -1.6902332603091875E-030 -9.9376529629005353E-031  6.2432045271253576E-031  9.2388650966865308E-030 -2.1152692443532354E-030  3.0360181237552399E-030 -4.5206810998979421E-031 -1.1084723750286372E-015 -2.6890650835378150E-015 -1.2857289129192053E-031  5.0660013987813576E-030 -5.9300405581877068E-030  2.7248335586411080E-028 -1.8478895729774002E-031  6.7815190612725192E-031  2.7451620501306691E-028  4.0035237359308060E-031  2.8020057219759814E-028 -1.8354356882531331E-015  4.8724911606748357E-031 -1.4444565997154100E-030  2.4466098598834715E-030 -7.1294223499352522E-016 -2.5064366623983333E-031  6.6382298842475110E-031 -8.6098176685649681E-031 -2.2517836330417550E-016
 1.7357461492079926E-016 -5.9485328745210677E-031  3.0598922227174821E-030  1.0132644203197142E-029 -4.1830125113836940E-030 -4.4053658627510189E-030 -1.7197312544002508E-030 -3.3923202771975448E-030  3.9166021279967325E-030  2.4113483135351851E-030  8.1887133786749649E-017 -1.0070385217282726E-030 -1.4640000162278719E-030 -9.2601099175396977E-030 -9.7001580153043678E-030  2.3750323705384552E-030  1.0581135717272440E-030 -1.1476780211812567E-029 -3.7620873398596810E-030 -1.6109221361987040E-029  1.1495034044305377E-030  5.1999693747187394E-031  1.0015896730325405E-030  5.0956460924529845E-031  2.2569347428493172E-031 -1.3217231537772097E-031 -1.8595306729700225E-030  7.7344486854233906E-031 -3.9218494208862695E-031 -1.8051455553818654E-032  5.2522513583373471E-016  9.6898279404081427E-016  4.8178059482954005E-032 -1.3880753213812953E-030  1.7019198528147901E-030 -8.1358283959381152E-029  5.2706428854369865E-032 -1.9979892313556044E-031 -8.2861766736594363E-029 -1.1457789402194689E-031 -8.4163210726117438E-029  6.2183349459126035E-016 -1.4102902452144139E-031  3.8518332657857507E-031 -7.1421618719340073E-031  2.4132220953888895E-016  7.2429646565519315E-032 -1.8635003098114734E-031  2.4973812633700420E-031  7.5545734532926434E-017
 2.8228961376806069E-017 -2.4005829745792109E-031  1.3996129177195865E-030  4.5547407790682325E-030 -2.4036534157454459E-030 -1.9648091971040350E-030 -7.7792708376968779E-031 -2.0752881617059461E-030  1.7523431363945982E-030  6.5571239404245231E-031  1.7934905210250506E-017 -4.7174702284194833E-031 -7.1568450871987402E-031 -4.1820703847755804E-030 -3.8815319911357840E-030  1.0581135717272440E-030  4.7555298171012880E-031 -4.7123635171308138E-030 -1.6946252093001402E-030 -6.8761504497470840E-030  5.1897234005411171E-031  2.5334368005206592E-031  4.5288135792878264E-031  2.3070325142751637E-031  9.9871533535081128E-032 -5.8088456760654705E-032 -8.1295481206196620E-031  3.5441731739518144E-031 -1.6120764062661747E-031 -1.2997452018314827E-032  2.4376574389693318E-016  4.4365129579427662E-016  2.2106778609513288E-032 -6.2409377408247218E-031  7.6785356463907479E-031 -3.6809962752513292E-029  2.3768740591859277E-032 -9.0312844272383348E-032 -3.7518499854177208E-029 -5.1683389400453336E-032 -3.8094835834651421E-029  2.8367367896435926E-016 -6.3666964094369632E-032  1.7281818900600052E-031 -3.2262759770532054E-031  1.1008250631257049E-016  3.2694269059239056E-032 -8.3938534403521289E-032  1.1276069303560459E-031  3.4442468632455255E-017
-5.5832781928899302E-015  5.2861150419001167E-030 -1.1270540763783716E-029 -4.5051018821909253E-029 -3.1970846336941297E-029  2.1080066204962307E-029  7.1738291137457187E-030 -3.8101105424050174E-029 -1.8207485765318348E-029 -5.2098595740986470E-029 -2.1878551620197230E-015  2.6345864311877722E-030  9.4343540371506830E-031  3.9283149338993311E-029  8.9393430154044926E-029 -1.1476780211812567E-029 -4.7123635171308138E-030  9.4179251713756759E-029  1.6386256632696495E-029  1.0690527166943121E-028 -4.8927243052316885E-030 -4.1816858384974691E-031 -4.1966281637448210E-030 -2.1063405742968762E-030 -1.1561613807472251E-030  7.1564047976666059E-031  1.0482962057805135E-029 -2.7870917161281365E-030  3.2012336357870702E-030 -3.9158334690098052E-031 -1.5939918914767342E-015 -3.5272468206651680E-015 -1.7070570184771640E-031  6.1582374987695860E-030 -7.2943746299572830E-030  3.3868621367259107E-028 -2.2693865539260742E-031  8.3992900438360129E-031  3.4221076778584801E-028  4.9210247264157243E-031  3.4883569896990721E-028 -2.3635217471793074E-015  6.0067428453176038E-031 -1.7440909610050112E-030  3.0229055362837903E-030 -9.1782530636676110E-016 -3.0886057612565906E-031  8.1191206988152982E-031 -1.0620037469903594E-030 -2.8913883104168280E-016
-5.5226820150087911E-017  8.3057452572398376E-031 -5.0097255261452823E-030 -1.6231453236492006E-029  9.0426005815498021E-030  6.9877904749039358E-030  2.7767052654686531E-030  7.8970812691150118E-030 -6.2372338532006616E-030 -1.9465490509593197E-030 -4.6716035638527433E-017  1.6985134529806965E-030  2.6029238079540133E-030  1.4921197939190993E-029  1.3396115850976316E-029 -3.7620873398596810E-030 -1.6946252093001402E-030  1.6386256632696495E-029  6.0422433996865581E-030  2.4171427642264963E-029 -1.8514869515417731E-030 -9.2068333871066649E-031 -1.6163251271222107E-030 -8.2364482267704277E-031 -3.5446622266004788E-031  2.0579945171451626E-031  2.8761887246869310E-030 -1.2691611591798681E-030  5.6074193509548924E-031  5.0767524315585252E-032 -8.7568265830641126E-016 -1.5883774728367222E-015 -7.9190773864655101E-032  2.2241707123585289E-030 -2.7389234307753835E-030  1.3139471668835750E-028 -8.4773004767780801E-032  3.2229881623589772E-031  1.3394948607834691E-028  1.8434432898222357E-031  1.3599543245514549E-028 -1.0146941035846640E-015  2.2713464691773074E-031 -6.1556449540799374E-031  1.1511672518854839E-030 -3.9375710362821155E-016 -1.1663477769065725E-031  2.9928341557439083E-031 -4.0229448711736372E-031 -1.2318134175315165E-016
-4.7382689676349506E-015  5.8447597823350175E-030 -1.8115796670663243E-029 -6.5790514779554006E-029 -1.0794163262809921E-029  2.9724464176363748E-029  1.0811597819964624E-029 -1.7890541032396350E-029 -2.6025972311250773E-029 -4.6712178946648554E-029 -1.9005051681944740E-015  5.1555040495678286E-030  5.3283618157422814E-030  5.8707837948655599E-029  9.7706428401930155E-029 -1.6109221361987040E-029 -6.8761504497470840E-030  1.0690527166943121E-028  2.4171427642264963E-029  1.3107631238019187E-028 -7.2999381393715076E-030 -1.9549242384572645E-030 -6.3106846054526469E-030 -3.1890432635841000E-030 -1.5800185184762333E-030  9.5424363284374243E-031  1.3736435031291325E-029 -4.5327614389957936E-030  3.6403641847906950E-030 -2.3693039999429253E-031 -2.8539279073012790E-015 -5.7053814388207707E-015 -2.8016802212358385E-031  9.0026731040559076E-030 -1.0845860746922364E-029  5.1095863023780240E-028 -3.3666436730234494E-031  1.2609518149575842E-030  5.1834883269452941E-028  7.3094246414146825E-031  5.2742837663903783E-028 -3.7363805488260559E-015  8.9590787608819530E-031 -2.5246219615529034E-030  4.5228281399964035E-030 -1.4504605898761415E-015 -4.6039514728855408E-031  1.1974802519634483E-030 -1.5852324578233369E-030 -4.5542730534954030E-016
 2.8952486278029035E-018 -2.4667589164290506E-031  1.5410770219894710E-030  4.9710382961205422E-030 -2.9167167807497603E-030 -2.1357272725250017E-030 -8.5176872259990924E-031 -2.5735085830222749E-030  1.9079000350408583E-030  4.7559562283408570E-031  8.9936429796544578E-018 -5.2555516430432771E-031 -8.1338611385572014E-031 -4.5752621260124676E-030 -3.9678944599412102E-030  1.1495034044305377E-030  5.1897234005411171E-031 -4.8927243052316885E-030 -1.8514869515417731E-030 -7.2999381393715076E-030  5.6767112020790088E-031  2.8748572819934046E-031  4.9576258830146387E-031  2.5271310157140637E-031  1.0811378947626689E-031 -6.2655168933799388E-032 -8.7440622479403213E-031  3.9059164181505734E-031 -1.6748606602300858E-031 -1.6922760463158393E-032  2.7034578672048144E-016  4.8873121776980732E-016  2.4379672303470704E-032 -6.8121243299450023E-031  8.3961573607462626E-031 -4.0308028860327095E-029  2.5984108441762852E-032 -9.8848125698534981E-032 -4.1099658552156791E-029 -5.6507697183532150E-032 -4.1723806145031944E-029  3.1192879035277997E-016 -6.9638961158112000E-032  1.8843070754998330E-031 -3.5300058955081134E-031  1.2104384630857178E-016  3.5758893092678846E-032 -9.1706851211026189E-032  1.2334745465158330E-031  3.7861666044397348E-017
-2.1865322708356706E-016  2.1868201011782615E-034  8.6012303674669203E-031  2.4301245929146337E-030 -3.7387644796664028E-030 -9.7576644888683136E-031 -4.3799522312959515E-031 -3.6905769739749124E-030  8.9638394113399127E-031 -1.6600077593107007E-030 -7.9018523879457653E-017 -3.4120795181143171E-031 -6.5219076753456837E-031 -2.3230210351148235E-030  1.7633392328324033E-031  5.1999693747187394E-031  2.5334368005206592E-031 -4.1816858384974691E-031 -9.2068333871066649E-031 -1.9549242384572645E-030  2.8748572819934046E-031  2.2715736577770155E-031  2.5409151946297066E-031  1.3082408731519169E-031  4.5868014643574301E-032 -2.4775629864511556E-032 -3.2613877169433223E-031  2.2075241659297803E-031 -1.5212705493832721E-032 -2.9853754726457209E-032  1.6606220539515135E-016  2.7463932196328792E-016  1.3907751407294477E-032 -3.3362442992679983E-031  4.2291864745197765E-031 -2.0758776518770333E-029  1.3040996421068244E-032 -5.0536359376747933E-032 -2.1290306296561229E-029 -2.8416577815931322E-032 -2.1557071804369099E-029  1.7083967855598687E-016 -3.5249042134757982E-032  9.0674065340460024E-032 -1.7954575440927037E-031  6.6268070278763431E-017  1.8083370053889249E-032 -4.5591825451411030E-032  6.2511245502185343E-032  2.0647023179005190E-017
-5.6280502307296374E-018 -2.1079156943864569E-031  1.3488167433898963E-030  4.3381055059016347E-030 -2.6310536085795119E-030 -1.8612670180126560E-030 -7.4411855185004463E-031 -2.3359755691118231E-030  1.6636331489085468E-030  3.4491386048411724E-031  4.7575798305202947E-018 -4.6176260440723566E-031 -7.1925529729920155E-031 -3.9959217708394659E-030 -3.3842750098810008E-030  1.0015896730325405E-030  4.5288135792878264E-031 -4.1966281637448210E-030 -1.6163251271222107E-030 -6.3106846054526469E-030  4.9576258830146387E-031  2.5409151946297066E-031  4.3307491336831523E-031  2.2080653867063720E-031  9.4089505367727746E-032 -5.4460746642457704E-032 -7.5931883309986646E-031  3.4196450786335715E-031 -1.4369082008357757E-031 -1.5567770257673776E-032  2.3718050123140423E-016  4.2782757708927245E-016  2.1349277813417394E-032 -5.9450027542842685E-031  7.3317441573026995E-031 -3.5214900469945690E-029  2.2688249164425983E-032 -8.6344413597681939E-032 -3.5911092465459111E-029 -4.9342270838571550E-032 -3.6454349872253969E-029  2.7289275698073421E-016 -6.0816918626093204E-032  1.6438552875653403E-031 -3.0831373197429582E-031  1.0589495779996185E-016  3.1228247595964140E-032 -8.0058536517538981E-032  1.0772432283347571E-031  3.3120192429615025E-017
-6.3822678673861915E-018 -1.0545276406587759E-031  6.8882594627657297E-031  2.2099384924483644E-030 -1.3772684839444778E-030 -9.4708462798051314E-031 -3.7941749927872486E-031 -1.2288586832341638E-030  8.4691605528419502E-031  1.4547829812191356E-031  1.0912226451649595E-018 -2.3657964947601633E-031 -3.7047264382779664E-031 -2.0370012871492602E-030 -1.6902332603091875E-030  5.0956460924529845E-031  2.3070325142751637E-031 -2.1063405742968762E-030 -8.2364482267704277E-031 -3.1890432635841000E-030  2.5271310157140637E-031  1.3082408731519169E-031  2.2080653867063720E-031  1.1260066785032834E-031  4.7819967922275865E-032 -2.7650151229575697E-032 -3.8519742665135311E-031  1.7468134539340795E-031 -7.2134829391076153E-032 -8.2753249854522160E-033  1.2136714917356512E-016  2.1851653482098782E-016  1.0907631501269409E-032 -3.0286291087943015E-031  3.7369636171202562E-031 -1.7956178007307479E-029  1.1563363446521702E-032 -4.4021346458990850E-032 -1.8313144178592963E-029 -2.5148833518323325E-032 -1.8589280347576831E-029  1.3931146396497828E-016 -3.1000903061493594E-032  8.3719038029138392E-032 -1.5717413726688905E-031  5.4058846547562279E-017  1.5918065792728278E-032 -4.0795948189154975E-032  5.4912773971385554E-032  1.6906399419053969E-017
 2.4526538773603682E-017 -6.0610174624019197E-032  2.8482222615244983E-031  9.5625646466339113E-031 -3.0915673582466997E-031 -4.1827923962059866E-031 -1.6149803184486135E-031 -2.3010948872671057E-031  3.7096856618566195E-031  2.9761754932035578E-031  1.0815537062997749E-017 -9.1918283232587200E-032 -1.2874092595613995E-031 -8.7071499799149063E-031 -9.9376529629005353E-031  2.2569347428493172E-031  9.9871533535081128E-032 -1.1561613807472251E-030 -3.5446622266004788E-031 -1.5800185184762333E-030  1.0811378947626689E-031  4.5868014643574301E-032  9.4089505367727746E-032  4.7819967922275865E-032  2.1558068843802928E-032 -1.2690279464764241E-032 -1.7924131882423698E-031  7.1889598406782819E-032 -3.9479501117965304E-032 -9.0478585182938438E-034  4.8312661155310645E-017  9.0124481478382337E-017  4.4731052877347618E-033 -1.3097543581257467E-031  1.6015524410389786E-031 -7.6390826847202694E-030  4.9615785943490723E-033 -1.8773848046174242E-032 -7.7756222328745743E-030 -1.0783824240696581E-032 -7.8998640955058801E-030  5.8005555272791581E-017 -1.3264826054786279E-032  3.6404583160584506E-032 -6.7144993423822393E-032  2.2511887023587677E-017  6.8131659883272094E-033 -1.7558423605395375E-032  2.3486867589864938E-032  7.0504006670420559E-018
-1.9088342902045132E-017  3.7896656004375717E-032 -1.6329859801134659E-031 -5.5611370509438511E-031  1.2908194887599752E-031  2.4474888396994233E-031  9.3446024941547479E-032  8.0489814485611974E-032 -2.1653381398207816E-031 -2.1457232748403486E-031 -8.1186302264153642E-018  5.1607406792382910E-032  6.9288555000913887E-032  5.0447311887708484E-031  6.2432045271253576E-031 -1.3217231537772097E-031 -5.8088456760654705E-032  7.1564047976666059E-031  2.0579945171451626E-031  9.5424363284374243E-031 -6.2655168933799388E-032 -2.4775629864511556E-032 -5.4460746642457704E-032 -2.7650151229575697E-032 -1.2690279464764241E-032  7.5084085679059898E-033  1.0645969182913061E-031 -4.1154056967186011E-032  2.4420982438139395E-032  5.3032191490938435E-035 -2.7353089914393586E-017 -5.1629016787852112E-017 -2.5577268085473990E-033  7.6155784486400296E-032 -9.2865413063741944E-032  4.4194237610099265E-030 -2.8779990544580014E-033  1.0869449184275063E-032  4.4956598600780365E-030  6.2539907789428239E-033  4.5687539414840560E-030 -3.3330958539684103E-017  7.6877662696849608E-033 -2.1202794717588445E-032  3.8895352119547678E-032 -1.2936299604308839E-017 -3.9490090684540337E-033  1.0194482111941440E-032 -1.3610358123923618E-032 -4.0533043624544328E-018
-3.1935878558773539E-016  5.5899170374702857E-031 -2.2597996530226844E-030 -7.7820602878742856E-030  1.2572544284421935E-030  3.4411436684781240E-030  1.3025225927971433E-030  5.4888255893156486E-031 -3.0387170456939612E-030 -3.4519215543986999E-030 -1.3341160815721029E-016  7.0216667338586052E-031  9.0916806765278925E-031  7.0389152079311516E-030  9.2388650966865308E-030 -1.8595306729700225E-030 -8.1295481206196620E-031  1.0482962057805135E-029  2.8761887246869310E-030  1.3736435031291325E-029 -8.7440622479403213E-031 -3.2613877169433223E-031 -7.5931883309986646E-031 -3.8519742665135311E-031 -1.7924131882423698E-031  1.0645969182913061E-031  1.5138125907560904E-030 -5.6881890679005512E-031  3.5756436546648513E-031 -4.3810985269462450E-033 -3.7472140908843301E-016 -7.1399864462869492E-016 -3.5319613844486348E-032  1.0655527187867152E-030 -1.2965664386849409E-030  6.1593668726675569E-029 -4.0193353057150831E-032  1.5157771566337671E-031  6.2626177739511120E-029  8.7328038412038295E-032  6.3658135541739679E-029 -4.6206525575555569E-016  1.0729370796989254E-031 -2.9704668783705105E-031  5.4263112013884173E-031 -1.7934172602828599E-016 -5.5118041795191721E-032  1.4247751089521562E-031 -1.8993345521211586E-031 -5.6212946211653760E-017
-5.9929016733759951E-017 -1.3452422635406827E-031  1.0827662564651171E-030  3.3957966988504121E-030 -2.6430934748417327E-030 -1.4397372178604280E-030 -5.8793393213843912E-031 -2.4422844726085843E-030  1.2931044072627335E-030 -2.0748783326636484E-031 -1.7321545516787330E-017 -3.8272571380501202E-031 -6.2724715806703599E-031 -3.1497332529418739E-030 -2.1152692443532354E-030  7.7344486854233906E-031  3.5441731739518144E-031 -2.7870917161281365E-030 -1.2691611591798681E-030 -4.5327614389957936E-030  3.9059164181505734E-031  2.2075241659297803E-031  3.4196450786335715E-031  1.7468134539340795E-031  7.1889598406782819E-032 -4.1154056967186011E-032 -5.6881890679005512E-031  2.7520498623329531E-031 -9.5659413085411941E-032 -1.7631081935687249E-032  1.9421441889835703E-016  3.4390844807825643E-016  1.7213833752514337E-032 -4.6551862936308274E-031  5.7706214894004320E-031 -2.7831545335056109E-029  1.7845385914286560E-032 -6.8147513155533784E-032 -2.8412979477708132E-029 -3.8824235623178280E-032 -2.8828555799742227E-029  2.1824593666430579E-016 -4.7910639282670076E-032  1.2831455625725055E-031 -2.4310368554815501E-031  8.4682880737491739E-017  2.4596938111480428E-032 -6.2860320431208347E-032  8.4882902972166324E-032  2.6465378981549428E-017
-1.8870119234219540E-016  1.7957456867293304E-031 -3.8668658288891113E-031 -1.5412091932800413E-030 -1.0695126275140275E-030  7.2044035341985362E-031  2.4564511054141599E-031 -1.2779783540122162E-030 -6.2250350493640420E-031 -1.7624914048443410E-030 -7.3973707532785091E-017  9.1012629370918546E-032  3.4940882178079931E-032  1.3447930824429978E-030  3.0360181237552399E-030 -3.9218494208862695E-031 -1.6120764062661747E-031  3.2012336357870702E-030  5.6074193509548924E-031  3.6403641847906950E-030 -1.6748606602300858E-031 -1.5212705493832721E-032 -1.4369082008357757E-031 -7.2134829391076153E-032 -3.9479501117965304E-032  2.4420982438139395E-032  3.5756436546648513E-031 -9.5659413085411941E-032  1.0881710795692133E-031 -1.3170199530241727E-032 -5.4885959327117779E-017 -1.2104224138764980E-016 -5.8607286771266974E-033  2.1068157669064360E-031 -2.4967334630735184E-031  1.1597595773628872E-029 -7.7671856987795612E-033  2.8757411351752376E-032  1.1719685379887292E-029  1.6843274667204979E-032  1.1945924692310338E-029 -8.1048971928054612E-017  2.0561876150122130E-032 -5.9650792544037540E-032  1.0348760941381660E-031 -3.1473381606771106E-017 -1.0572523292645531E-032  2.7783723208148013E-032 -3.6354637969860825E-032 -9.9139175554857913E-018
 5.7350967147530682E-017 -2.5300739954996596E-032 -6.6731037359512147E-032 -1.2539578903433785E-031  6.7709796556800414E-031  3.6052887733753156E-032  2.7122987712665195E-032  6.9964642101430077E-031 -3.8653860598006874E-032  4.8182743985400830E-031  2.1539211520318669E-017  3.5250820866698976E-032  8.6942394697677129E-032  1.3795044125130024E-031 -4.5206810998979421E-031 -1.8051455553818654E-032 -1.2997452018314827E-032 -3.9158334690098052E-031  5.0767524315585252E-032 -2.3693039999429253E-031 -1.6922760463158393E-032 -2.9853754726457209E-032 -1.5567770257673776E-032 -8.2753249854522160E-033 -9.0478585182938438E-034  5.3032191490938435E-035 -4.3810985269462450E-033 -1.7631081935687249E-032 -1.3170199530241727E-032  6.0581466459553939E-033 -1.5665799923406729E-017 -2.1649006941651405E-017 -1.1341409255162519E-033  1.7342750738651984E-032 -2.4432634618037375E-032  1.2917908732679346E-030 -7.4378199883755655E-034  3.0711344176468792E-033  1.3494748236822943E-030  1.6321936441947535E-033  1.3552113726326494E-030 -1.2657005041718538E-017  2.0712420052575904E-033 -4.3770703419474224E-033  1.0725641620349643E-032 -4.9047091434490385E-018 -1.0592164423000117E-033  2.5117286232803690E-033 -3.6886744850789543E-033 -1.5129798450530832E-018
-7.7289982290651885E-002 -7.2751146572999038E-017  7.6239260415263034E-016  2.3361693231283482E-015 -2.1973421610474435E-015 -9.7928882049130513E-016 -4.0801438189533880E-016 -2.0787905826426973E-015  8.8365382395036650E-016 -4.5285628070059655E-016 -2.5585232111338108E-002 -2.7711121136998674E-016 -4.7323383617063665E-016 -2.1810413343669606E-015 -1.1084723750286372E-015  5.2522513583373471E-016  2.4376574389693318E-016 -1.5939918914767342E-015 -8.7568265830641126E-016 -2.8539279073012790E-015  2.7034578672048144E-016  1.6606220539515135E-016  2.3718050123140423E-016  1.2136714917356512E-016  4.8312661155310645E-017 -2.7353089914393586E-017 -3.7472140908843301E-016  1.9421441889835703E-016 -5.4885959327117779E-017 -1.5665799923406729E-017  1.3916687448787274E-001  2.4244814710508436E-001  1.2168435563806179E-017 -3.2035762674749979E-016  3.9903806055438761E-016 -1.9319666974181315E-014  1.2332363134785463E-017 -4.7245466139242247E-017 -1.9743354181020731E-014 -2.6839336126717870E-017 -2.0022969015745842E-014  1.5315138824372526E-001 -3.3158112388747144E-017  8.8038957047570164E-017 -1.6838902136065647E-016  5.9420972951620785E-002  1.7020399737664761E-017 -4.3369921742293077E-017  5.8758440040271351E-017  1.8557456078262029E-002
-7.0725306044552239E-002 -1.7074731906673907E-016  1.3532783022504735E-015  4.2507116250272643E-015 -3.2634094643293586E-015 -1.8035326388657260E-015 -7.3552906002699474E-016 -3.0097134324163089E-015  1.6193601829633742E-015 -2.2282120982025688E-016 -2.0055801272295892E-002 -4.7743595667733183E-016 -7.8019704922541420E-016 -3.9410157700354146E-015 -2.6890650835378150E-015  9.6898279404081427E-016  4.4365129579427662E-016 -3.5272468206651680E-015 -1.5883774728367222E-015 -5.7053814388207707E-015  4.8873121776980732E-016  2.7463932196328792E-016  4.2782757708927245E-016  2.1851653482098782E-016  9.0124481478382337E-017 -5.1629016787852112E-017 -7.1399864462869492E-016  3.4390844807825643E-016 -1.2104224138764980E-016 -2.1649006941651405E-017  2.4244814710508436E-001  4.2979321707103402E-001  2.1508737351317650E-017 -5.8270423137761276E-016  7.2209837015383708E-016 -3.4817774992059673E-014  2.2331482734138618E-017 -8.5260944983080407E-017 -3.5542770734788951E-014 -4.8583049250576382E-017 -3.6063719094198763E-014  2.7283299438338832E-001 -5.9948960408040998E-017  1.6064672796556153E-016 -3.0417060286373584E-016  1.0586402268632521E-001  3.0777638074712938E-017 -7.8671007690742396E-017  1.0620961760069859E-016  3.3086526142347854E-002
