 9.3371381964736419E-002  3.6213337317501064E-016  9.6797613194569733E-016  1.0528788677929698E-010  1.4654725915714927E-012 -1.2494376264344788E-016  3.7992708710680296E-013 -7.3260388239394146E-013  6.0027366573410468E-017 -7.3268678009685029E-013  1.1154058099038659E-001  1.1376906895303150E-015  1.0234870891406969E-015 -1.5516849336015531E-010  6.4863771347613799E-015 -1.7530707013469351E-016 -8.1107891682091546E-017  2.6526408711138206E-015  1.8282823052970744E-018  2.7029390752789955E-015 -3.3754346963498600E-016 -1.1044666435039183E-016 -1.6503256990429727E-016 -1.6054528870507292E-016 -7.9471016431196298E-017  1.6369095582070382E-017 -1.4020568791070666E-017  3.8974037814925398E-018 -5.2121243203805369E-017 -1.5719684387002486E-017  3.7180627435672202E-018 -1.5252788416343079E-017  1.2174698105169968E-017 -1.3256536837410017E-017  7.7838283150469853E-017 -1.0691524807578148E-016  1.8663080044263461E-017 -1.1010403917289293E-016  2.2914511000647579E-017  1.9518259828345322E-010  6.6612224562835539E-013 -1.1404278538646818E-016  1.7270699309827761E-013 -3.3317401499974534E-013  1.8794234756505391E-016 -3.3309815093869718E-013  1.0274490739219605E-001  8.1146688196841032E-016  5.0306973463703470E-016  1.1124204217436347E-014 -8.5995051202328515E-017  8.7895936693717111E-018  5.4644695847514492E-015  3.3564856490146159E-018  5.5589512347256451E-015 -2.0587817213244566E-016 -2.3756558183830769E-017 -8.4448270157477924E-017  4.7186073605734388E-017 -1.5188557857109312E-010  6.5822053162033700E-013 -7.1893565712685582E-017  1.7048076510180605E-013 -3.2823253182861516E-013 -1.4618351342677738E-017 -3.2825024361849992E-013  7.3186845529986097E-002  2.8835370167201619E-016  3.9204795653341056E-016  6.7551145087732001E-011  7.4268701228877837E-012  9.1520418887523034E-005  1.2564188280589241E-017  1.1011116309145229E-018 -3.8840812881645989E-012
 3.6213337317501064E-016  9.3371381964738820E-002  6.5843464772239486E-016 -1.2074267059565769E-014 -1.4028419589132340E-017  1.2691114818382951E-012  7.5114234733108145E-017 -2.1222318557578170E-016  3.7985821110131769E-013 -3.5973770096690596E-017 -8.3664536057667393E-016  1.1154058099038298E-001 -4.1826648215560560E-016  1.4303477209323000E-014  2.4602270751124152E-016  3.0617119815818486E-015  7.2026340314365375E-017  9.4301729890659425E-017  3.7695174448555433E-018  1.1350812581921338E-016  8.2267607261340604E-015  7.6605873869801291E-017  3.1974111275799457E-015  1.0392319654304509E-016  1.5206773286988390E-016 -4.9005409515753901E-017 -7.0443161164020844E-017  1.2470461896843654E-016  1.6211383013155402E-017  1.2647242709323839E-016 -3.6948193014588378E-017 -3.6046415449063853E-017 -2.8760344733851745E-017 -6.5394861794433932E-017  2.7388593837869199E-016  2.9030272858761781E-017  1.5260784057316126E-016  2.8689576136042577E-017  2.8211324913819339E-016 -2.4714074552755507E-014  3.8944926630111408E-016  5.7689293648840684E-013  9.9879677608668564E-017  5.5066326720265595E-017  1.7265641448611184E-013  1.5778336306985032E-016  1.7284117851436483E-016  1.0274490739219524E-001  9.1313812315564402E-016  2.9904554269135498E-017  6.3608974686603400E-015 -1.1754012843542720E-016  1.1321800595426940E-017  6.3589764823064752E-018  4.7643904684487091E-018  1.3612320582933119E-014 -1.1176128568938553E-016  6.2082359294124888E-015 -2.5970505986203221E-016  1.9855030891998598E-014 -3.5809111895725961E-016  5.6953942995022803E-013 -3.6646345866556122E-018 -4.5314358758659508E-016  1.7047841101531734E-013 -3.1601778303659266E-016  1.5293167084111345E-017  7.3186845529987221E-002  4.5630332786637359E-017 -7.5259897127705267E-015  6.5928646981125591E-016 -9.4786370890926847E-019  9.1520418887486903E-005  6.1698816901372862E-018  1.9276286641229468E-015
 9.6797613194569733E-016  6.5843464772239486E-016  9.3371381964743080E-002  3.1507146717478676E-011 -2.1868822343279787E-013 -1.2678126561327475E-016  1.2690878547217228E-012 -2.1860784215233375E-013 -1.5297588779878538E-016  4.3937311395236901E-013 -6.8348081139786267E-016 -5.0978343083145776E-016  1.1154058099038699E-001 -4.6438637714379393E-011  6.4773207325264647E-016  1.3638423713801869E-016  3.4581938520299505E-015  2.7883322516433230E-016 -1.3734805270499000E-017  3.6142986600894488E-016  1.6776206188959505E-016  3.5645597854728019E-015  9.1337888194262204E-017  9.8563960942960597E-015  1.1904885253011966E-016  1.0873470773199914E-016  2.2776638717016338E-018  5.8982641993876363E-018  1.2780919391362683E-017  5.7717518673948220E-017  1.4031114769780618E-016  3.5278921806736855E-018  5.9300324532008576E-017  4.7915783633429511E-018 -7.4674343414752291E-017  4.9464755283704698E-017  2.4370021299170449E-018  4.8257844870520827E-017  1.2866732510208660E-016  5.8408707679891067E-011 -9.9062392396168655E-014 -2.0465535219364489E-016  5.7679686038214604E-013 -9.8896946542707343E-014 -1.6847914605183078E-016  1.9996091294186049E-013 -1.3981871951302574E-015  5.4674387335050209E-017  1.0274490739218889E-001  7.4591170829679489E-016  3.8893966001857999E-017  7.5994147534420400E-015  3.2498071788338648E-016  1.4664417327424769E-018  3.8637278329572419E-016  8.0165521736857264E-017  7.6963122404733917E-015  4.2200711849832276E-017  1.7619206097966439E-014 -4.5455405051079399E-011 -9.7410714003807847E-014  1.7789134120698186E-017  5.6955436229526141E-013 -9.7420042604073477E-014 -6.4110473984913160E-017  1.9788559340075354E-013  5.4470362241953707E-016  2.5726410105096908E-016  7.3186845529990260E-002  2.0217999139620918E-011  2.2243624118635158E-012 -3.0435619056976564E-017 -2.3457725877597758E-021  9.1520418887337826E-005 -1.1606333437033756E-012
 1.0528788677929698E-010 -1.2074267059565769E-014  3.1507146717478676E-011  6.5633181686506614E-002  2.0014939272410610E-013  7.7486854514035048E-017  2.9464892829981307E-016 -3.4887171881000384E-014 -9.3189492110167001E-017 -7.4637206716848983E-014  1.1953823696831171E-010 -1.1447972081108626E-014  3.5772946253162275E-011  1.7393439176163775E-001  1.4196033661886000E-016  2.2976019250193430E-017 -2.6832400074095147E-016 -5.4708792739076322E-017  1.3990059169664482E-017 -1.0117841244033226E-016 -2.5337490900696500E-016 -6.5497313176428204E-017 -2.5509169079720401E-016 -7.9160427359886047E-016 -4.0164258103339958E-014  1.2138779723900161E-016 -1.7936968479693219E-016  8.2153526754697023E-014  6.2305176673699868E-017  9.5088793639178396E-014  1.4025493877275845E-016 -3.0580585230774659E-017  3.3097876121701657E-017 -1.3850897874725624E-016 -1.2353109369749367E-014  1.8330326928942136E-016  4.6294039098868015E-014  1.8119059140701996E-016 -2.3710557491590514E-014  1.4404360135445218E-001 -2.4481165301806079E-013 -3.9797927958092597E-016  1.4322212602157842E-016 -3.9233392333837550E-014 -3.8287159128717167E-016  5.9918567231558174E-013  1.0350536408322282E-010 -1.1757286647767918E-014  3.0974871239381628E-011 -5.4292106097595698E-016 -6.3033896783918834E-017 -3.7984010385801691E-016 -1.8021089810995964E-016  3.5150176365101999E-017 -1.7048950762756502E-016 -5.0866928825718247E-017 -4.5452302623698496E-016 -2.8012192911305066E-021 -7.8419481597590983E-016  1.6597535299520339E-002 -2.5543799357681898E-013  2.4876258491368592E-017  3.3817833638959664E-018  1.3576535965678186E-013  6.8272088304855976E-017 -1.9923847133483606E-013  8.5086187673097586E-011 -9.3233691240871586E-015  2.5461744136011835E-011 -2.7796896013536809E-002 -4.0669202007083335E-002 -6.0594257140045047E-013  5.7413840293978733E-017 -1.8132001782371696E-013 -3.4530463382123552E-002
 1.4654725915714927E-012 -1.4028419589132340E-017 -2.1868822343279787E-013  2.0014939272410610E-013  2.4127574926437590E-023 -1.6827037537943138E-027  2.9915558396951579E-024 -1.1081894051543694E-023  8.1639507115897006E-028 -1.2754621159731568E-023  1.7506398732466906E-012 -1.6758219020549927E-017 -2.6124290960142652E-013  5.2913615914719192E-013  1.0041561347766574E-025 -3.0051755021017554E-027 -1.0160453176388124E-026  4.1020443146955981E-026  1.2632169716565777E-028  4.1414803556273509E-026 -6.4283103604938150E-027 -1.0234156375152772E-026 -3.5234448567101058E-027 -2.8224945725439341E-026 -1.2063026914003230E-025  3.5831013531755341E-028 -7.6182351246062871E-028  2.5568901860629578E-025 -6.7077978455620659E-028  2.9570644493185568E-025  2.0479889404088419E-028 -3.2887062699369108E-028  1.7796461377026679E-028 -6.6789173846495751E-028 -3.1888214157530309E-026 -1.2248024100224913E-027  1.4582707457648102E-025 -1.2285845473930761E-027 -6.8216099686565633E-026  4.4069211627522982E-013  9.9686982079213235E-024 -2.5897822166283278E-027  1.3601462462011457E-024 -5.1349871329492390E-024  2.2089239627351437E-027 -3.8348783965484366E-024  1.6125909516920303E-012 -1.5436728471330264E-017 -2.4064226953283721E-013  1.7137800175165442E-025 -1.5424664542716164E-027 -1.8864100284815721E-026  8.4317805461022504E-026  1.4284041196055719E-028  8.5744407807809937E-026 -3.5180801865601095E-027 -1.9850047036438805E-026 -1.3775966204289943E-027 -4.2923680281046825E-026  4.9064315799976650E-014  9.7182941121951707E-024 -1.2286118190920096E-027  1.3417411199009066E-024 -4.4586596754119682E-024  5.5301534290796807E-029 -6.2808427684081940E-024  1.1486744003534217E-012 -1.0995829297980597E-017 -1.7141334840075555E-013 -6.1071663567053914E-014 -8.0942156890704599E-014  1.4364215504424223E-015 -1.3750324516067467E-020 -2.1435302180407073E-016 -6.7644130588114060E-014
-1.2494376264344788E-016  1.2691114818382951E-012 -1.2678126561327475E-016  7.7486854514035048E-017 -1.6827037537943138E-027  1.7249868745127664E-023 -1.2108616470958203E-027 -1.8099682049681478E-027  5.1630661168615877E-024 -2.1785912967822991E-028 -1.4925665215292794E-016  1.5160687252039140E-012 -1.5145171603390974E-016  2.2451400947589584E-016  3.3391304902527046E-027  4.1615175173577448E-026  9.7362923504372079E-028  1.2746644735502140E-027  5.0926824984386416E-029  1.5363825279563578E-027  1.1181818759606434E-025  1.0357486787196999E-027  4.3458385077818753E-026  1.4015179390124485E-027  1.9688490260067190E-027 -6.6590034089421382E-028 -9.5782329115480622E-028  1.7153749497769316E-027  2.2066407771248831E-028  1.7396442714369140E-027 -5.0294218220353514E-028 -4.9014663179759671E-028 -3.9134272159561515E-028 -8.8861166437208822E-028  3.6423858280290044E-027  3.9472265486005070E-028  2.0634882605011729E-027  3.8934803870760965E-028  3.7459171478671063E-027  1.4865246413546676E-016  3.8223032688493464E-027  7.8411757528778119E-024  3.4356833944439307E-028  1.5485648554032116E-027  2.3467588021383414E-024  2.5133367803780601E-027 -1.3748683005223580E-016  1.3965172082500627E-012 -1.3950879938417208E-016  3.8715055785731295E-028  8.6456457139755262E-026 -1.6077212555754017E-027  1.4797068133599229E-028  8.6670409119121757E-029  5.7776963326679511E-029  1.8501901375725387E-025 -1.5290447804246622E-027  8.4382194460034399E-026 -3.5547497411747960E-027  4.2816429685535262E-017 -4.9926279837760738E-027  7.7412274779984231E-024 -1.0511555344992367E-027 -6.1882515111303646E-027  2.3171574511738454E-024 -3.4931093795171246E-027 -9.7934074278168990E-017  9.9476160711329041E-013 -9.9374355480934973E-017 -3.8778190341288460E-016 -6.9335468676532700E-016 -1.2246692039192202E-019  1.2439530398792138E-015 -1.2426799643022162E-019 -6.0488167201144530E-016
 3.7992708710680296E-013  7.5114234733108145E-017  1.2690878547217228E-012  2.9464892829981307E-016  2.9915558396951579E-024 -1.2108616470958203E-027  1.8795145791575748E-023 -5.9522960676436892E-024 -1.5311045176016655E-027  2.9902699303657640E-024  4.5385735048751754E-013  8.9730763378511056E-017  1.5160405004710644E-012  7.6921115222930210E-016  3.5194924590520400E-026  1.1429195786914100E-027  4.6672281754158231E-026  1.4585130642387754E-026 -1.7896874333293999E-028  1.5911694945965850E-026  9.1254343482869524E-028  4.7999682405536889E-026  5.7189745757922569E-028  1.3330784832491133E-025  1.1452484578385333E-027  1.5448863942142685E-027 -2.6857943768110665E-029  5.1143550238283147E-028 -3.8188275127472779E-029  1.2031008465221214E-027  1.9232444150058693E-027 -1.4169748007526841E-029  8.5588984586656829E-028  1.0272674381199011E-029 -7.1358981209179738E-028  2.3821779583201649E-028  3.5671058930671367E-028  2.0928234676017309E-028  1.7725035984847360E-027  6.5965239136762216E-016  1.3631641171671042E-024 -2.7831823908390875E-027  8.5424677143216023E-024 -2.7002093791585580E-024 -1.3874988621962318E-027  1.3654633443236472E-024  4.1806785504481121E-013  8.2654930540821623E-017  1.3964912092140752E-012  5.5401835520866707E-026  1.8439349548812941E-028  1.0332350231861157E-025  2.6649902365290118E-026  3.3628418296837910E-029  2.7869341940622251E-026  2.6313093237984224E-028  1.0450757000361888E-025  2.3539302626003915E-028  2.3966544822833481E-025  6.0414910141001610E-017  1.3525937534963886E-024  4.0709605424337620E-028  8.4349697049084817E-024 -2.6586200010118599E-024 -7.9384615823959592E-028  1.3525597374781343E-024  2.9779643881939616E-013  5.8876432783917532E-017  9.9474308758305877E-013  9.0676666793239766E-017  2.0914763899134377E-016  3.7239553947635424E-016  7.3625195283070059E-020  1.2439298811357239E-015  1.8740199389485915E-016
-7.3260388239394146E-013 -2.1222318557578170E-016 -2.1860784215233375E-013 -3.4887171881000384E-014 -1.1081894051543694E-023 -1.8099682049681478E-027 -5.9522960676436892E-024  6.3055237069822439E-024 -1.2852267489451738E-027  4.7638651806243218E-024 -8.7516175682757087E-013 -2.5351983574745676E-016 -2.6114688686761565E-013 -9.5667515586266995E-014 -5.3250144463371800E-026  1.0272275987032217E-027 -7.2414762975077426E-027 -2.0917297591331804E-026  6.7614542496050165E-029 -2.1631121465585823E-026  2.4627614487716626E-027 -7.3245065602863702E-027  1.3576878638848834E-027 -2.1914033615279835E-026  3.0175522928872102E-026 -4.8286996381129039E-028  2.2666094343705610E-028 -3.0872070979793608E-026  3.1373736869712499E-028 -3.5202862178922163E-026 -3.1322040167202815E-028  1.5798075669418916E-028 -1.8952332292979941E-028  1.0069125124120624E-028  1.7145127880252360E-026  6.5095894557037843E-028 -1.3796685072507300E-026  8.0519921392646695E-028  2.2245756010565690E-026 -7.2977473104463412E-014 -4.7931317376323914E-024  3.2731191549171019E-028 -2.7056158383633272E-024  2.8218816842446972E-024 -1.1232610540408322E-027  1.9128541927828884E-024 -8.0614976952468728E-013 -2.3352820842890131E-016 -2.4055381878606839E-013 -8.8274575708083315E-026  8.3252117685713944E-028 -1.7771855695582972E-026 -4.3883715515178358E-026 -8.2609920433070275E-029 -4.4628647755821474E-026  1.5697155369845424E-027 -1.7754998859286789E-026  6.6923927444593146E-028 -4.1220148474230022E-026 -1.2715266877543147E-014 -4.9556542033478608E-024 -9.0799794617034247E-028 -2.6711191858312520E-024  2.8588314016516807E-024 -2.7951837300624195E-028  2.0727653460279041E-024 -5.7423341121559926E-013 -1.6634588857693997E-016 -1.7135034352726922E-013  7.4282692770575786E-014  1.2980435511857341E-013 -7.1808098739298308E-016 -2.0801614427241907E-019 -2.1427423320637167E-016  1.1292443012137038E-013
 6.0027366573410468E-017  3.7985821110131769E-013 -1.5297588779878538E-016 -9.3189492110167001E-017  8.1639507115897006E-028  5.1630661168615877E-024 -1.5311045176016655E-027 -1.2852267489451738E-027  1.5453636925878454E-024 -1.2859896065955523E-027  7.1708131568436710E-017  4.5377507185455570E-013 -1.8274356707532244E-016 -2.0437702137307556E-016  1.0139236962312578E-027  1.2455573314262943E-026  2.8667370712756046E-028  3.7808252187016032E-028  1.4580431456911820E-029  4.5817597847748968E-028  3.3467186836045774E-026  3.0424506631991996E-028  1.3006011192198633E-026  4.1451967801918358E-028  5.6301759862019028E-028 -1.9923649331815793E-028 -2.8668950896980119E-028  2.2048770931693074E-028  6.6234947031437277E-029  1.7591893570404926E-028 -1.5231733932229321E-028 -1.4701865598137646E-028 -1.1796719601965950E-028 -2.6498933987022170E-028  9.8595723830432298E-028  1.1735577085320606E-028  4.0982308788380133E-028  1.1431238683413268E-028  1.0469974382472296E-027 -2.5208179275794245E-016  1.5776940502683992E-027  2.3469453469965389E-024 -4.2757734141090811E-028  8.1924377606666767E-028  7.0240862592704427E-025 -1.8901667279335842E-027  6.6053496165619624E-017  4.1799206459757372E-013 -1.6833309193883090E-016  1.2219382984565192E-028  2.5874651784219500E-026 -4.8859386567919777E-028  5.3851347240369659E-029  2.6272266935138954E-029  2.5195175700559906E-029  5.5376209876632912E-026 -4.6447748308418386E-028  2.5254953562668890E-026 -1.0840562929379588E-027  2.8027989521553902E-017  1.5431087819854564E-027  2.3170308286906008E-024 -8.3816395206025486E-028 -3.7782113800465165E-027  6.9355054976511761E-025  3.8812998250465663E-028  4.7050964777750353E-017  2.9774245206810976E-013 -1.1990636140299896E-016 -7.4920808447507130E-016 -1.3761001756033161E-015  5.8837404460089858E-020  3.7232802884906263E-016 -1.4994334478753835E-019 -1.2043458557140085E-015
-7.3268678009685029E-013 -3.5973770096690596E-017  4.3937311395236901E-013 -7.4637206716848983E-014 -1.2754621159731568E-023 -2.1785912967822991E-028  2.9902699303657640E-024  4.7638651806243218E-024 -1.2859896065955523E-027  7.9024484337870017E-024 -8.7526078564601895E-013 -4.2973929848538108E-017  5.2487101905065869E-013 -1.9828634777181004E-013 -4.8128946571655730E-026  1.9886152886225847E-027  1.7226252409953011E-026 -1.9361738238413477E-026 -8.6150947262189660E-029 -1.9337884329646532E-026  3.7370154501310615E-027  1.7733000394115663E-026  2.0363137394425471E-027  4.8461702226370745E-026  4.8152595258789314E-026  2.3978713627628671E-028  3.2878356086621356E-028 -9.1466888598092890E-026  3.9337536649628110E-028 -1.0539547661689513E-025  4.8974926442734578E-028  1.7569331806331412E-028  1.5540309903629475E-028  2.7405310379889096E-028  1.4766757265308927E-026  8.6714489752023635E-028 -5.1106717211383780E-026  9.0801062883634480E-028  2.8934111693049217E-026 -1.6325680474681752E-013 -5.4039481242097455E-024  1.7026737648130283E-028  1.3588040475550635E-024  2.1868493513554323E-024 -1.8764585483355708E-027  2.8865099833485955E-024 -8.0624098929639190E-013 -3.9585166248234469E-017  4.8348165095269297E-013 -8.3093417028047241E-026  9.6213155372327405E-028  3.6106003653209437E-026 -4.1198063653294946E-026 -6.4623748546959549E-029 -4.1639453188914420E-026  2.0676385823677837E-027  3.6894452101184106E-026  8.7710826929553128E-028  8.3428996875794743E-026 -1.9468665295528495E-014 -5.3566268512768145E-024  3.8141157407897689E-028  1.3423514115069958E-024  1.9822993877979692E-024 -3.4868929308767673E-028  3.7113557283207852E-024 -5.7429838852903900E-013 -2.8197148847231319E-017  3.4439173485646385E-013  4.0692757737649984E-014  6.2760823962848670E-014 -7.1816224137229495E-016 -3.5260638289004238E-020  4.3066312839498179E-016  5.3701609686751963E-014
 1.1154058099038659E-001 -8.3664536057667393E-016 -6.8348081139786267E-016  1.1953823696831171E-010  1.7506398732466906E-012 -1.4925665215292794E-016  4.5385735048751754E-013 -8.7516175682757087E-013  7.1708131568436710E-017 -8.7526078564601895E-013  1.3324533648191794E-001 -1.5715535084947495E-016 -9.7144501440636851E-016 -2.0195207233509388E-010  7.7485655551796256E-015 -2.0942018896277844E-016 -9.6890729988742387E-017  3.1688200142094569E-015  2.1840489690717453E-018  3.2289057792207413E-015 -4.0322627680956007E-016 -1.3193855387046034E-016 -1.9714636690181274E-016 -1.9178590264492174E-016 -9.4935330153802902E-017  1.9554368715063293E-017 -1.6748840535800620E-017  4.6557945903265634E-018 -6.2263550428086379E-017 -1.8778596934231988E-017  4.4415630229296449E-018 -1.8220838607720976E-017  1.4543780666744083E-017 -1.5836135104082423E-017  9.2984887570820325E-017 -1.2771995699058221E-016  2.2294736945219950E-017 -1.3152925705567597E-016  2.7373463303525553E-017  2.1953921295287152E-010  7.9574341438325130E-013 -1.3623444645686429E-016  2.0631416121223934E-013 -3.9800656712711382E-013  2.2451417342680138E-016 -3.9791594068649855E-013  1.2273810693577608E-001 -4.2729502852288519E-016 -1.4190038436959065E-015  1.3288870480066180E-014 -1.0272888513190065E-016  1.0499966553839764E-017  6.5278043385785879E-015  4.0096264093869829E-018  6.6406712353670921E-015 -2.4594014192572828E-016 -2.8379362526924219E-017 -1.0088111494761277E-016  5.6368042978371871E-017 -1.8308967918642096E-010  7.8630410061258039E-013 -8.5883382268511378E-017  2.0365473003624978E-013 -3.9210351748807890E-013 -1.7462946018380427E-017 -3.9212467580003892E-013  8.7428322249223672E-002 -6.5040280355075352E-016 -9.7491434367128658E-016  8.4425784151884974E-011  1.4715312434793660E-011  1.0932943778269468E-004  1.3764976599187663E-017 -4.8451995042033503E-019  3.7096548528054659E-013
 1.1376906895303150E-015  1.1154058099038298E-001 -5.0978343083145776E-016 -1.1447972081108626E-014 -1.6758219020549927E-017  1.5160687252039140E-012  8.9730763378511056E-017 -2.5351983574745676E-016  4.5377507185455570E-013 -4.2973929848538108E-017 -1.5715535084947495E-016  1.3324533648190592E-001 -2.0482568497307145E-015  2.5075092523403871E-014  2.9389642902576586E-016  3.6574925428416976E-015  8.6041993555406466E-017  1.1265196593506879E-016  4.5030303397593703E-018  1.3559574716143468E-016  9.8276115417076031E-015  9.1512661576918155E-017  3.8195974754884150E-015  1.2414568015231718E-016  1.8165869367133619E-016 -5.8541404593567896E-017 -8.4150742526250430E-017  1.4897097332763426E-016  1.9365966765150290E-017  1.5108278040618450E-016 -4.4137966351920259E-017 -4.3060711292973092E-017 -3.4356839254120718E-017 -7.8120091240504194E-017  3.2718158443137899E-016  3.4679292871546320E-017  1.8230390129397339E-016  3.4272299748017839E-017  3.3700985303732117E-016 -2.3106170871864099E-014  4.6523245682772043E-016  6.8915091488594741E-013  1.1931533018526971E-016  6.5781719687556790E-017  2.0625374047446403E-013  1.8848653215673205E-016  9.8234773162703754E-016  1.2273810693576800E-001 -3.3565655952088641E-016  3.5723701280341658E-017  7.5986687178151396E-015 -1.4041233983592543E-016  1.3524917268031625E-017  7.5963739254577346E-018  5.6914963636265557E-018  1.6261151056124405E-014 -1.3350898825450984E-016  7.4163006685875794E-015 -3.1024123937802293E-016  2.4594799527108854E-014 -4.2777230684134258E-016  6.8036648464269799E-013 -4.3777382633732366E-018 -5.4132109826190147E-016  2.0365191786651301E-013 -3.7751189264186303E-016  5.7093605276198552E-016  8.7428322249219939E-002 -9.6159703374987263E-016 -1.2140570256318619E-014 -4.4920610735626186E-015 -4.4119708517870313E-019  1.0932943778264516E-004  6.0998380065623748E-018 -2.2661474991429101E-015
 1.0234870891406969E-015 -4.1826648215560560E-016  1.1154058099038699E-001  3.5772946253162275E-011 -2.6124290960142652E-013 -1.5145171603390974E-016  1.5160405004710644E-012 -2.6114688686761565E-013 -1.8274356707532244E-016  5.2487101905065869E-013 -9.7144501440636851E-016 -2.0482568497307145E-015  1.3324533648190945E-001 -6.0435624535378623E-011  7.7377468615835822E-016  1.6292333612433723E-016  4.1311260829277062E-015  3.3309156703288239E-016 -1.6407470120210591E-017  4.3176074289650960E-016  2.0040699257386214E-016  4.2581898337648133E-015  1.0911138832901137E-016  1.1774358734950808E-014  1.4221464873843308E-016  1.2989346648512368E-016  2.7208759974855683E-018  7.0460090697054532E-018  1.5267966954377020E-017  6.8948806221389022E-017  1.6761438680686174E-016  4.2143870565066743E-018  7.0839613937172501E-017  5.7239747725287860E-018 -8.9205272920991991E-017  5.9090134753511341E-017  2.9112187317239580E-018  5.7648370844829176E-017  1.5370478579668307E-016  6.5700544537031807E-011 -1.1833900890160148E-013 -2.4447937264870989E-016  6.8903614326655873E-013 -1.1814136883646731E-013 -2.0126361460087770E-016  2.3887143934293532E-013 -1.8110513493570254E-015 -1.2604650137545112E-015  1.2273810693575925E-001  8.9105916140395536E-016  4.6462368595789168E-017  9.0781899009148579E-015  3.8821893090728842E-016  1.7517975990733587E-018  4.6155731896847990E-016  9.5764983680929008E-017  9.1939427340927870E-015  5.0412576304899863E-017  2.1047739075991163E-014 -5.4793489303642497E-011 -1.1636592931843938E-013  2.1250733496406941E-017  6.8038432268262933E-013 -1.1637707318678249E-013 -7.6585773561693244E-017  2.3639228201995325E-013  5.4817286842238958E-016 -6.3704801654024592E-016  8.7428322249222729E-002  2.5266394803912183E-011  4.4023976841555058E-012 -3.6486808352277376E-017 -1.1837445290413693E-018  1.0932943778246602E-004  1.1007024226020278E-013
-1.5516849336015531E-010  1.4303477209323000E-014 -4.6438637714379393E-011  1.7393439176163775E-001  5.2913615914719192E-013  2.2451400947589584E-016  7.6921115222930210E-016 -9.5667515586266995E-014 -2.0437702137307556E-016 -1.9828634777181004E-013 -2.0195207233509388E-010  2.5075092523403871E-014 -6.0435624535378623E-011  4.6132485932448497E-001  4.6702344074566674E-016  6.2049020225141626E-017 -7.2014099232257298E-016 -2.0669657711675356E-016  3.0276045242013940E-017 -3.1197705152161322E-016 -6.8229341910967853E-016 -1.8781178307746274E-016 -6.9363588429251021E-016 -2.0363419369678470E-015 -1.0744658043621674E-013  3.2589938669580708E-016 -4.7849253499314337E-016  2.1618985882916316E-013  1.6893123602000360E-016  2.5017121298073949E-013  3.5756507221465418E-016 -8.4631606667524430E-017  8.0305640990135426E-017 -3.5923872234855505E-016 -3.4045194884518745E-014  4.8275519510360550E-016  1.2138170714253973E-013  4.6227859130352988E-016 -6.4037702386982742E-014  3.8130352456799560E-001 -6.5724159138036710E-013 -1.0609829159120362E-015  3.8187848419981207E-016 -9.8670271962151122E-014 -1.0319654809575873E-015  1.5776893346094130E-012 -2.0353336718215867E-010  1.9872745290199037E-014 -6.0909184045367568E-011 -1.4940466024651577E-015 -1.9433894107158107E-016 -9.9322157842169493E-016 -4.3675952646763579E-016  9.7206379046623230E-017 -4.2824996193842172E-016 -1.5213720107124462E-016 -1.1850430174208805E-015 -1.4206918286561703E-017 -2.0762948644756863E-015  4.4447439949168825E-002 -6.5852556363772805E-013  8.0498119854992767E-017  1.1507208444840249E-017  3.4464257465792801E-013  1.9524447119611821E-016 -5.1074150577672270E-013 -1.1488841998520745E-010  1.1598527896582526E-014 -3.4384063146333447E-011 -8.0731884140460675E-002 -1.2062616256981495E-001 -2.0372827524954552E-012  2.0760987598105511E-016 -6.0964666962238396E-013 -1.0274069366025258E-001
 6.4863771347613799E-015  2.4602270751124152E-016  6.4773207325264647E-016  1.4196033661886000E-016  1.0041561347766574E-025  3.3391304902527046E-027  3.5194924590520400E-026 -5.3250144463371800E-026  1.0139236962312578E-027 -4.8128946571655730E-026  7.7485655551796256E-015  2.9389642902576586E-016  7.7377468615835822E-016  4.6702344074566674E-016  4.7766046860783546E-028 -2.8391302871074367E-030  1.5809831616380788E-029  1.7165300729830230E-028 -1.5461262968227605E-030  1.7992266045707045E-028 -3.7325134218366564E-030  1.3727248644800337E-029 -7.1506350001651602E-030  7.0417120722391624E-029 -3.3089772707338437E-028  3.0267345159582590E-030 -2.2802716582055329E-030 -1.8460900968496594E-028 -2.4464123236406127E-030 -2.2863807988660987E-028 -1.9236951271881888E-030 -2.0506088755489019E-030 -5.0979646114236466E-031  5.0234448417343575E-031 -3.3244710528577001E-028 -7.3290202859069144E-030 -2.0802040364265385E-028 -1.1105048769969204E-029 -3.3420567440496025E-028  2.1012917625015393E-016  4.3043955984774965E-026  1.5083437468771432E-027  1.6000167276814355E-026 -2.2654097053984954E-026  4.6186730755678457E-028 -2.2886487214580363E-026  7.1375426173936832E-015  2.7072085437452277E-016  7.1275770455366367E-016  7.6371252382875795E-028  4.4244877564504894E-030  5.5384765938157163E-029  3.9121721417113270E-028  1.3011367888790188E-030  3.9410441106878096E-028  1.7885512166374299E-029  5.5100380959006393E-029  7.4049809465545722E-030  1.2357655673663293E-028  1.4592804017544769E-016  4.8877787145722581E-026  1.4993211468455562E-027  1.5794748941671179E-026 -2.6790415353988608E-026  4.5128528809128765E-028 -1.7754482065517397E-026  5.0841860902286318E-015  1.9283880684441822E-016  5.0770874535966481E-016 -1.7420398226355257E-015 -3.1457585962301816E-015  6.3577933588460355E-018  2.4114563556617580E-019  6.3489164818216147E-019 -2.7476125604227419E-015
-1.7530707013469351E-016  3.0617119815818486E-015  1.3638423713801869E-016  2.2976019250193430E-017 -3.0051755021017554E-027  4.1615175173577448E-026  1.1429195786914100E-027  1.0272275987032217E-027  1.2455573314262943E-026  1.9886152886225847E-027 -2.0942018896277844E-016  3.6574925428416976E-015  1.6292333612433723E-016  6.2049020225141626E-017 -2.8391302871074367E-030  1.0093557264693646E-028  7.4438681640971424E-030 -1.6876959856398134E-030  8.4334736248647646E-032 -9.9363087360813856E-031  2.7051833270174821E-028  7.8597314046968919E-030  1.0514571332760432E-028  1.8015871749891789E-029 -1.1813640081786219E-029 -1.4235353905918289E-030 -2.3525838184829629E-030  2.8212511857234862E-029  6.8152518695760899E-031  3.2003961062158318E-029 -1.0074382039564800E-030 -1.1698175219344525E-030 -8.9024740343595073E-031 -2.1371526788400005E-030  4.2340133004295070E-031  1.2799064209226769E-030  1.7219593532442949E-029  1.2269814064010279E-030 -2.5607095687338689E-030  4.9129020890814848E-017 -1.4940318630565402E-027  1.8916473791271030E-026  5.2157724083233710E-028  4.8528019429686231E-028  5.6607372077901804E-027  1.1013548302621224E-027 -1.9290609507534741E-016  3.3690763421280321E-015  1.5007581037695988E-016 -1.9173910672698962E-029  2.0869142806475572E-028  7.1372196164947922E-030 -9.3527150466797114E-030  2.2898985050314718E-031 -9.7045125773664852E-030  4.4679049634928350E-028  7.5217433539256863E-030  2.0374935423819584E-028  1.6862495180990823E-029  7.2160500816719415E-018 -1.4232932875670844E-027  1.8675804515737933E-026  5.1173460506180444E-028  4.6057229465862102E-028  5.5901058531395238E-027  8.7771449846630548E-028 -1.3741010566854130E-016  2.3998471173743931E-015  1.0690140689932826E-016 -3.1220054923000619E-017 -5.3305331568952216E-017 -1.7183184161921142E-019  3.0010176262897203E-018  1.3368060151227772E-019 -4.6239030285618107E-017
-8.1107891682091546E-017  7.2026340314365375E-017  3.4581938520299505E-015 -2.6832400074095147E-016 -1.0160453176388124E-026  9.7362923504372079E-028  4.6672281754158231E-026 -7.2414762975077426E-027  2.8667370712756046E-028  1.7226252409953011E-026 -9.6890729988742387E-017  8.6041993555406466E-017  4.1311260829277062E-015 -7.2014099232257298E-016  1.5809831616380788E-029  7.4438681640971424E-030  1.2951895114142509E-028  9.7838481440093285E-030 -4.0322023040702293E-031  1.2580031442961372E-029  1.4145452933343148E-029  1.3278120281984441E-028  7.4536803596522871E-030  3.6704783070962080E-028  1.9270235982145601E-028  3.3790166945111709E-030  8.5014387296150715E-031 -2.9935947533296304E-028  1.8586058992697460E-031 -3.4322334866862343E-028  4.9267660114188469E-030  3.2632387481514478E-031  2.2040108574006577E-030  5.1912457997880020E-031  7.8926920456697189E-029  1.2694910756099213E-030 -1.5816950270732052E-028  1.5890081951108294E-030  1.3043214268278656E-028 -5.7877005955621045E-016 -3.0455305392081169E-027  4.3930884627484100E-028  2.1212225634369503E-026 -3.3388180671639675E-027  1.2875956074153880E-028  5.4881442289026313E-027 -8.9250288894479017E-017  7.9257043321794167E-017  3.8053609103340161E-015  2.1517056238582292E-029  7.3273886462999820E-030  2.8259611577565382E-028  7.0663683808063887E-030 -1.8363029793397962E-031  9.6227130715821264E-030  1.4267759027324753E-029  2.8637829734283752E-028  6.7623413312929178E-030  6.5548174791590918E-028 -7.8826646878160833E-017 -3.5724568759270192E-027  4.3961437263019951E-028  2.0946405843145493E-026 -3.5189033861082434E-027  1.2852578852248481E-028  8.0189045794471625E-027 -6.3574412371023335E-017  5.6456063215038159E-017  2.7106196131549533E-015  2.8135998515467102E-016  4.7118658058326452E-016 -7.9500032900772032E-020  7.0598514210069247E-020  3.3896397735211096E-018  4.0771113620641022E-016
 2.6526408711138206E-015  9.4301729890659425E-017  2.7883322516433230E-016 -5.4708792739076322E-017  4.1020443146955981E-026  1.2746644735502140E-027  1.4585130642387754E-026 -2.0917297591331804E-026  3.7808252187016032E-028 -1.9361738238413477E-026  3.1688200142094569E-015  1.1265196593506879E-016  3.3309156703288239E-016 -2.0669657711675356E-016  1.7165300729830230E-028 -1.6876959856398134E-030  9.7838481440093285E-030  8.6314179164133989E-029  1.1026100031203386E-030  8.5158191324232799E-029  1.1820790710508682E-030  9.9414969929311625E-030  1.8753274931756099E-030  1.5693958910448342E-029  1.9463902903722814E-028 -4.1735009629400758E-032  1.9550016261146666E-031  1.7841139415328359E-028 -2.0953263560817842E-030  2.1548210605591061E-028  2.6546109123691557E-030  1.4688112537086726E-031  1.6641956792351356E-030 -1.5781531276086619E-030  2.2413177625068794E-028 -2.5253407855458867E-030  1.7267246819591459E-028 -2.1206664231314865E-031  2.1553616455007274E-028 -5.1143026160495288E-017  2.0202105194965440E-026  5.8014036674904060E-028  6.6286143882119281E-027 -1.0585363728405094E-026  1.8233283189711399E-028 -7.7138869340950152E-027  2.9189387038528719E-015  1.0376865267130975E-016  3.0682521019895050E-016  3.2767958473268812E-028  8.5637236720860465E-030  2.0975821861548533E-029  1.4977438095411422E-028 -5.7891283552664155E-031  1.5541735790583111E-028  1.0984247501445658E-029  1.9422855462784229E-029  6.2933383938655699E-030  5.4040774791170107E-029 -8.8604690770177345E-017  1.5644098897053218E-026  5.7084735977468367E-028  6.5437165797262969E-027 -7.2795830167583904E-027  1.6919807347885033E-028 -1.1360063720811496E-026  2.0792068575629683E-015  7.3916075712838373E-017  2.1855651859771408E-016  1.1661134008479796E-015  2.1118174049360866E-015  2.6000558063746328E-018  9.2432323905645591E-020  2.7330572893994928E-019  1.8451639469024878E-015
 1.8282823052970744E-018  3.7695174448555433E-018 -1.3734805270499000E-017  1.3990059169664482E-017  1.2632169716565777E-028  5.0926824984386416E-029 -1.7896874333293999E-028  6.7614542496050165E-029  1.4580431456911820E-029 -8.6150947262189660E-029  2.1840489690717453E-018  4.5030303397593703E-018 -1.6407470120210591E-017  3.0276045242013940E-017 -1.5461262968227605E-030  8.4334736248647646E-032 -4.0322023040702293E-031  1.1026100031203386E-030  1.2632813066778625E-031  7.6395007825392407E-031  4.3969806429418993E-031 -2.8370404403387416E-031  3.7193877192496313E-031 -2.7130662610149494E-030  9.3737006648952139E-030 -6.6783838247493429E-032  1.4351314633327292E-032  4.4687967539256450E-029 -5.6962089699793888E-032  5.2753429822723970E-029  2.5949097929031690E-031  5.5172662193318696E-032  1.2937975866842496E-031 -1.7252351311358990E-031  2.0699359801893079E-029  8.4619616933132367E-032  3.3072696451609704E-029  3.4934870046110855E-031  1.6361910232563941E-029  3.8297219969659321E-017  1.2629773837908547E-028  2.3345140189802076E-029 -8.1471218144963915E-029 -9.4804005365461176E-029  7.2257602124676459E-030  2.7373131736603876E-028  2.0118230236458217E-018  4.1479381865753470E-018 -1.5113638311012211E-017  9.7800988755234523E-031  7.2223451013865935E-031 -1.4420090371013145E-030 -7.0600106423989234E-031 -6.4647987353265581E-032 -4.0397586415727017E-031  8.3173516731432563E-031 -1.5811920052656557E-030  4.9576499529627050E-031 -2.8023051607441300E-030 -4.6996284747934558E-018 -3.5526105758432280E-028  2.2734626891178133E-029 -8.0487344153092516E-029  3.0673406612882694E-028  6.6510386057518820E-030 -3.8554031799878338E-028  1.4330538112724051E-018  2.9546429018626060E-018 -1.0765686985961749E-017  1.1999449177827168E-016  2.2025802811068692E-016  1.7920390015776941E-021  3.6947917903989235E-021 -1.3462531093778036E-020  1.9275271544786491E-016
 2.7029390752789955E-015  1.1350812581921338E-016  3.6142986600894488E-016 -1.0117841244033226E-016  4.1414803556273509E-026  1.5363825279563578E-027  1.5911694945965850E-026 -2.1631121465585823E-026  4.5817597847748968E-028 -1.9337884329646532E-026  3.2289057792207413E-015  1.3559574716143468E-016  4.3176074289650960E-016 -3.1197705152161322E-016  1.7992266045707045E-028 -9.9363087360813856E-031  1.2580031442961372E-029  8.5158191324232799E-029  7.6395007825392407E-031  8.4975919300465692E-029  2.5133982245499394E-030  1.2430679542805552E-029  1.8805785442306615E-030  2.7787490744727890E-029  1.7600071466337483E-028  1.6436884399553276E-031  1.5519371372376659E-031  4.8865891131077877E-029 -1.9741725546321744E-030  6.2842229875212137E-029  2.0124535784908591E-030 -1.2082833784801369E-032  1.3470264961148480E-030 -1.1300923491574237E-030  1.7165147097397069E-028 -2.8042384031507449E-030  7.8969843410497151E-029 -1.1889822404768665E-030  1.7620551214167129E-028 -1.7308564905685019E-016  2.0250267079760451E-026  6.9855101055601688E-028  7.2319144486473376E-027 -1.0576264659640666E-026  2.1726043737525459E-028 -8.6188059174818055E-027  2.9742863298683327E-015  1.2490317300820016E-016  3.9771370339770624E-016  3.3213525697295572E-028  8.6268636553247356E-030  2.8574871032883887E-029  1.5504671168217365E-028 -4.0951193343346952E-031  1.5997877924563584E-028  1.2968602881215308E-029  2.7429585224184914E-029  6.8973110462054775E-030  7.0242910734689644E-029 -7.8706952134943308E-017  1.6955354578995860E-026  6.8864283525972844E-028  7.1394986388734507E-027 -8.3481515111991815E-027  2.0482276519918006E-028 -1.0412630431078731E-026  2.1186318593231206E-015  8.8970533539560097E-017  2.8329785012223196E-016  8.5486185205460520E-016  1.5389635499571550E-015  2.6493569159731608E-018  1.1125797865930476E-019  3.5426500164222391E-019  1.3436900551219604E-015
-3.3754346963498600E-016  8.2267607261340604E-015  1.6776206188959505E-016 -2.5337490900696500E-016 -6.4283103604938150E-027  1.1181818759606434E-025  9.1254343482869524E-028  2.4627614487716626E-027  3.3467186836045774E-026  3.7370154501310615E-027 -4.0322627680956007E-016  9.8276115417076031E-015  2.0040699257386214E-016 -6.8229341910967853E-016 -3.7325134218366564E-030  2.7051833270174821E-028  1.4145452933343148E-029  1.1820790710508682E-030  4.3969806429418993E-031  2.5133982245499394E-030  7.2764987714468788E-028  1.4210095449666952E-029  2.8396258272692780E-028  2.8757744023536093E-029  1.9752804117747734E-028 -4.7696094589687675E-030 -5.3701523121497708E-030 -2.6290505154043882E-028  1.2909493070755465E-030 -3.0405735593146169E-028 -3.1575523584835243E-030 -2.8946019922049687E-030 -2.3891385466468374E-030 -5.3925020858672924E-030  1.0851594710548040E-028  2.4111108436980408E-030 -1.2839816470244298E-028  2.8206504601783115E-030  1.5064720627502390E-028 -5.4398590432503152E-016 -1.3664851873702797E-027  5.0830611606803940E-026  4.2017595224629851E-028  1.0326608807362954E-027  1.5213389326940208E-026 -4.4611440859109148E-028 -3.7142935869788747E-016  9.0526428029478981E-015  1.8460364569363587E-016 -3.2576394717172792E-029  5.6184393871998898E-028  4.3524765793904357E-030 -1.8635136370104758E-029  3.0005312434029625E-031 -1.8992255658545531E-029  1.2009300232380245E-027  5.2687864514974792E-030  5.4777883946867244E-028  1.1577590128794219E-029 -7.7189540569458053E-017 -2.1222176052833037E-027  5.0180732034716530E-026  4.0662172908222612E-028  8.7723706084655520E-028  1.5019770685256009E-026  1.7938798987397611E-027 -2.6457508984891391E-016  6.4483426699533607E-015  1.3149613779624870E-016  3.0779117902517495E-016  5.2148688262778658E-016 -3.3085211777422307E-019  8.0636761703622862E-018  1.6443640369982634E-019  4.5191270981547014E-016
