 6.1578607610564245E-002  3.8949384377720958E-016 -3.6255720687505757E-016 -1.1057409005042284E-015  1.3475652932077925E-001 -4.9451909245845559E-016  6.6613381391176149E-016  3.3644844803843569E-016 -1.6604444073524464E-018  2.8452080124213633E-016  1.3264148157479455E-016  5.8297148728855608E-017  4.2086708292027804E-017  1.3390366987703839E-015  5.8476906817544512E-015  8.9192402717664485E-017 -1.5936647428097925E-016  2.5328456273470045E-015 -6.2437911540644241E-019  2.9773345450703196E-015  9.2804856878145731E-017 -1.6614434888873626E-016  2.5566475409275408E-017 -3.0549033244290067E-016 -2.8021676466019554E-016  3.3607178624010895E-018 -1.0577595628616451E-016 -6.4494451634774291E-017 -1.3187589562097849E-017 -1.1283824708764241E-016  4.0830391234552263E-018 -4.1126392025814211E-017  1.8018838539796183E-017 -1.0475834208507369E-016  1.3789315862832445E-016 -3.6646432623073502E-017 -2.4240619494172505E-018 -5.6977745716277816E-017 -6.4607378102233629E-017  1.3259240533967082E-001 -4.6596734661255785E-016  1.2628786896599589E-015  4.1616404117358058E-016 -7.2884211335810224E-019  8.6748563614560833E-017  2.5781730631783504E-017  6.6858454933731146E-017  3.0640648430304284E-016 -1.7158580072798788E-015 -1.7931832864913690E-015  4.4603739013735477E-017 -2.2804755855023564E-016 -4.8968321259318095E-016  3.5305733753017828E-019 -6.9249095109415645E-016  8.9458147886780108E-017 -2.2456635676757172E-016  7.0288747937592517E-017 -3.7675124593063305E-016  4.2286570637170717E-015  1.0725423941670435E-001 -8.9414376252241939E-017 -5.5511151919603530E-017 -3.7842050176100171E-016 -5.8341391825027777E-019 -2.7793991466264540E-018 -3.3035492587678358E-016  4.3568733388488466E-018 -3.7014082765502782E-016 -2.7129405602241337E-015 -6.9469855593799219E-017  3.8195025791984176E-007 -7.2984355250316089E-018  1.2452416645996958E-017 -5.5159961260873363E-017
 3.8949384377720958E-016  6.1578607610564308E-002  3.8048642713336033E-016 -2.3018443507280981E-016  9.3324061277850581E-016  1.3475652932077745E-001  5.0620093915926247E-016  3.3632908418444814E-016 -1.3038256671998927E-017  8.9169500584062944E-019  1.1939838406786206E-016  1.2377355097725510E-016  2.3333792177081178E-016 -2.1080414253321684E-015 -1.0846601586577796E-016  2.0747213306864570E-015 -7.9219813673260380E-017 -2.4691295577696740E-017 -2.8594117539954184E-019 -4.4033265735804698E-017  3.9741140982163132E-015 -9.2048046496494831E-017  2.4010272676723551E-015 -2.5029528394518480E-016  2.4311191270506096E-016  2.8539855433831663E-017  1.1079210257894385E-016  8.8085544994267169E-017  2.7824059824092003E-017  1.2579176520211895E-016  3.5120279056259127E-017  5.8312747516055036E-017  1.7556910938859273E-017  9.5066220340064723E-017  8.5449656868789718E-017  2.7689783795012963E-017  1.0613436870808856E-016  1.5266850112298171E-017  1.8901945162688341E-016  1.3029505091070111E-015  1.3259240533967967E-001  6.4332293592172839E-016 -5.2423820921861923E-017 -1.8961610995384728E-017 -2.2628764645079173E-016  2.1876635677883440E-016 -1.0937155463885844E-016  2.8580326311025802E-017  9.5559110135227839E-016 -1.0678333258576775E-016 -2.0479350224263926E-015 -1.0945294904314068E-016 -3.9898983224442589E-017 -4.4098381353219394E-018 -3.3297646329593087E-017 -5.1624521373887676E-015 -1.2318177457623673E-016 -2.1916070394574975E-015 -2.7632930546194568E-016 -1.3369067787735815E-015  6.8700904680670582E-016  1.0725423941670280E-001  1.0574012743531975E-016  1.0194355168504333E-016 -1.1022133963981785E-017  3.0752179872813543E-017  5.9109946902841783E-017  2.3804527066484668E-017  7.8395523990431289E-017  1.6215141265739929E-015  1.0296377012850658E-015  3.2415678045195246E-018  3.8195025798801367E-007 -5.7161432178009185E-019  9.0621717801333119E-016
-3.6255720687505757E-016  3.8048642713336033E-016  6.1578607610566743E-002 -5.0806632673467305E-016 -1.4606371676388456E-015  1.1630340487905566E-016  1.3475652932078092E-001  1.0575610069587566E-015 -9.5752755095591490E-017 -1.0108858661756967E-016  5.0999828063557154E-016 -1.1298597130449333E-016  8.4492164036588082E-016 -4.1724340012258519E-015  3.0157921081219527E-016  1.5305572272670514E-016  2.2949625649328005E-015  4.2111125289372936E-017 -2.5258548886297821E-017  1.0246884403447200E-016  3.4302251352572462E-016  1.9323021056983745E-015  1.8088865422499897E-016  3.7905480092781146E-015  1.9654106402137450E-016  1.0646967957267426E-016  1.2235473105099731E-016  3.0694015481940157E-016  6.7262903151950712E-018  2.1294151704908658E-016  9.9080676077267455E-017  5.1446107791239509E-017  2.7532417836864749E-017  1.2082919483470988E-016  8.3621260702849030E-016  4.4508415403124886E-017  4.2665430164410091E-016 -7.6952898103280339E-018  6.4221154797389237E-016 -1.0200174047270287E-015  4.6568659009858188E-016  1.3259240533967467E-001  1.3571830043212370E-015 -1.3829226197856281E-016 -2.0836943088136296E-016  8.3643121282759583E-016 -6.1757204475720864E-018  9.3771040608435531E-016 -1.1772296565852527E-015  8.2622029585473726E-017  6.5280794177254970E-017 -1.1928188273153982E-015  6.3780800544358499E-017  9.4627281569040792E-019  7.5879906110690115E-017  1.9413098808026738E-016 -1.1825772202835778E-015  8.3882954009150303E-017 -3.6168643602367665E-015  5.5395033086602353E-015 -6.4531713375327547E-016  7.3805671389293401E-016  1.0725423941670427E-001 -3.9231988819129868E-016  2.5284006556086984E-017  3.4478211385970799E-017 -3.8591746869624222E-016 -7.1917211990032880E-018 -3.6516688932926884E-016 -2.6475179640738911E-015 -7.1964721837923111E-016  1.5212182337418941E-018 -5.4399924395809077E-018  3.8195025794145100E-007 -4.7818094801023646E-016
-1.1057409005042284E-015 -2.3018443507280981E-016 -5.0806632673467305E-016  4.1671084547996971E-002 -2.4176348360741806E-015 -3.0904940283471957E-016 -1.9699399800731730E-015 -5.3457976111231948E-014 -8.5005338313422670E-017  5.4949644912333284E-017 -5.0988420720402085E-014 -4.0232822270836850E-017 -4.9029436178646994E-014  1.5252580358922929E-001 -3.9248967389426949E-017  3.6597497727335316E-017  3.4460668156392331E-017  9.8633529558196495E-017  2.4458881204057202E-017 -2.7231037542298961E-017  4.0326528607638639E-017  1.2042575210018976E-018  6.0792361800529760E-017  1.0810413221447814E-016 -5.9046288425993028E-014  3.9653421776225242E-017 -2.2092062236494259E-017 -3.3998996185393020E-014 -4.6644986310103941E-017 -3.3948285526284889E-014 -3.9865706257812389E-017 -4.8417414902069497E-017  7.8230129469303122E-018 -4.9686836037876938E-017 -5.7800715109097603E-014  4.4124743177974727E-017 -3.2574674779512176E-014  1.1506011621811157E-017 -5.6099168728970687E-014 -2.4299658955564714E-015 -6.9392354885774104E-016 -1.4733467319414316E-015 -5.3737079978220859E-014  2.9741935652380302E-017  3.8039616668407540E-017 -5.9457024620631533E-014 -1.3223924946588704E-017 -5.9040265772669506E-014  1.2078480214236391E-001  2.9361932908027464E-017  6.2228702953755469E-017  5.4715855416081497E-017 -6.1612172085849499E-017 -7.5869316840752874E-018 -3.4461756183228589E-017  1.3756784189281137E-016  6.3328325396409326E-017  3.1365775877811167E-017  7.0361008059800599E-017  5.2021163845811418E-003 -2.0606617988197066E-015 -2.2799715526266216E-016 -1.2294794664300878E-015  2.6905549148699358E-014 -5.2475282816432536E-018  1.5241369868728688E-017  2.7793770853391659E-014 -4.9672174373472717E-018  2.7425343455630668E-014 -2.1678898801553895E-002 -3.2636782909479016E-002  1.2343954762156032E-017 -9.0167111110578211E-018  1.2568325601670788E-017 -2.9294344099498663E-002
 1.3475652932077925E-001  9.3324061277850581E-016 -1.4606371676388456E-015 -2.4176348360741806E-015  2.9489660288237296E-001 -9.0518159016100016E-016 -1.3877789697078297E-017  7.3627233405066576E-016 -3.6336600346655068E-018  6.2263563894517039E-016  2.9026810437198125E-016  1.2757549637498115E-016  9.2101120178550448E-017  2.9327250003901911E-015  1.2796887285894097E-014  1.9518561881142293E-016 -3.4875216893522651E-016  5.5427931759216764E-015 -1.3663700079845719E-018  6.5154975971185490E-015  2.0309099056122751E-016 -3.6358463906980356E-016  5.5948804736013955E-017 -6.6852464741337313E-016 -6.1321683175941305E-016  7.3544806018928428E-018 -2.3147650308781394E-016 -1.4113746315463127E-016 -2.8859272212422696E-017 -2.4693137994180879E-016  8.9351838683553283E-018 -8.9999596741998329E-017  3.9431813063565590E-017 -2.2924959080045327E-016  3.0176069571672975E-016 -8.0195806041999374E-017 -5.3047346771539497E-018 -1.2468815972269988E-016 -1.4138458759304107E-016  2.9016070760915791E-001 -8.4554256969303229E-016  1.3183898398797543E-015  9.1071922527586513E-016 -1.5949732777328546E-018  1.8983760448418590E-016  5.6419861939596282E-017  1.4631076752494954E-016  6.7052952296658722E-016 -3.7422763120427904E-015 -3.9241412805532468E-015  9.7609304553184486E-017 -4.9905151647232192E-016 -1.0716060780884839E-015  7.7261866259924698E-019 -1.5154236312982945E-015  1.9576716649596394E-016 -4.9143337295949902E-016  1.5381750399870742E-016 -8.2446960541828081E-016  9.2446024800476077E-015  2.3471152758341107E-001 -5.4789383634932267E-017 -1.2836953737291709E-015 -8.2812254807126010E-016 -1.2767231646107853E-018 -6.0823425070799862E-018 -7.2293747752006520E-016  9.5344333465048723E-018 -8.1000359102233809E-016 -5.8068732716406088E-015  8.4506697303128391E-017  8.3584694632855344E-007 -1.5971146226489018E-017  2.7246323525771808E-017  8.8576872897468871E-017
-4.9451909245845559E-016  1.3475652932077745E-001  1.1630340487905566E-016 -3.0904940283471957E-016 -9.0518159016100016E-016  2.9489660288236486E-001 -4.5986148458979289E-016  7.3601112225455963E-016 -2.8532477197657961E-017  1.9513550056122175E-018  2.6128736046188307E-016  2.7086182683581673E-016  5.1062876730837819E-016 -3.8521956285909830E-015 -2.3736333792686932E-016  4.5402495554824323E-015 -1.7336194432264677E-016 -5.4033590975783044E-017 -6.2574393741538022E-019 -9.6360900245541314E-017  8.6968160499381871E-015 -2.0143481247696099E-016  5.2543263635043175E-015 -5.4773768161700612E-016  5.3201783645131859E-016  6.2455648395009723E-017  2.4245366693105745E-016  1.9276340903674106E-016  6.0889225641812209E-017  2.7527841816379273E-016  7.6856023512731428E-017  1.2760963223004606E-016  3.8420946421474750E-017  2.0803968140510014E-016  1.8699512116447318E-016  6.0595380549309074E-017  2.3226084063473099E-016  3.3409455241417719E-017  4.1364373544186473E-016 -4.8786370914058752E-017  2.9016070760917312E-001 -1.3461325247474623E-016 -1.1472250567680234E-016 -4.1494944222000539E-017 -4.9520018472526115E-016  4.7874085036311545E-016 -2.3934498816147461E-016  6.2544213485222185E-017  2.5972004706186910E-015 -2.3368101109993095E-016 -4.4816313100477434E-015 -2.3952310890586001E-016 -8.7313577090869573E-017 -9.6503397046675492E-018 -7.2867436079473141E-017 -1.1297334574674462E-014 -2.6956680349847948E-016 -4.7960382628334985E-015 -6.0470964834354739E-016 -2.8157064773505404E-015 -8.4248428877117978E-016  2.3471152758340430E-001 -1.0162838549062769E-015  2.2308979927905586E-016 -2.4120462873860798E-017  6.7297023909933793E-017  1.2935419623896761E-016  5.2093016943301992E-017  1.7155809683224967E-016  2.2666754698796151E-015 -4.3480481484201099E-017  7.0853824873639992E-018  8.3584694647772674E-007 -1.2553445330360705E-018 -5.1161672718158913E-017
 6.6613381391176149E-016  5.0620093915926247E-016  1.3475652932078092E-001 -1.9699399800731730E-015 -1.3877789697078297E-017 -4.5986148458979289E-016  2.9489660288236835E-001  2.3143305178982984E-015 -2.0954207070070789E-016 -2.2121882282036091E-016  1.1160628816538298E-015 -2.4725465459076275E-016  1.8489977643510490E-015 -1.2278915412564029E-014  6.5996568193572527E-016  3.3494193499423532E-016  5.0222179775041350E-015  9.2154553504686344E-017 -5.5274948812137734E-017  2.2423933118021356E-016  7.5065879524180754E-016  4.2285841701699528E-015  3.9585057510595621E-016  8.2951062678211842E-015  4.3010377604028215E-016  2.3299462351999012E-016  2.6775692959287549E-016  6.7169738936401090E-016  1.4719584824197460E-017  4.6599396932377441E-016  2.1682477972493112E-016  1.1258291153404647E-016  6.0251006241797963E-017  2.6441849805249194E-016  1.8299392121717546E-015  9.7400701607669398E-017  9.3367575429743357E-016 -1.6840110343442445E-017  1.4053938965633238E-015  9.0205620564856791E-016  3.1618931580389466E-016  2.9016070760915819E-001  2.9700131005262358E-015 -3.0263407990656584E-016 -4.5598857154575135E-016  1.8304176016631901E-015 -1.3514736462264724E-017  2.0520535415662526E-015 -5.0547349147934809E-015  1.8080723784446600E-016  1.4285826841466638E-016 -2.6103241290230911E-015  1.3957573339451854E-016  2.0707912273607284E-018  1.6605300427266747E-016  4.2482964786659639E-016 -2.5879117447255521E-015  1.8356660194292602E-016 -7.9150228808664699E-015  1.2002527358322139E-014  1.1241008109285292E-015  1.0465583729661471E-015  2.3471152758340433E-001 -8.5853949232752556E-016  5.5330659510356738E-017  7.5450944473196507E-017 -8.4452865538453290E-016 -1.5738117931300490E-017 -7.9911879365830348E-016 -5.1707289748682481E-015 -5.8203298316799516E-016  3.3380244963017860E-018 -1.1906719134753269E-017  8.3584694637581893E-007 -1.5936223385939063E-016
 3.3644844803843569E-016  3.3632908418444814E-016  1.0575610069587566E-015 -5.3457976111231948E-014  7.3627233405066576E-016  7.3601112225455963E-016  2.3143305178982984E-015  7.0773147047040725E-026  1.1809373052677579E-028 -5.9876004678041742E-029  6.6181502445523670E-026  8.8675375950646732E-029  6.4270357576382651E-026 -1.9497845736034996E-013  1.4731101132424218E-028 -5.1381507139738308E-029 -3.0060718788736095E-029 -1.5520676103042035E-028 -4.8313997855069013E-029 -1.1361403126036560E-029  2.7808022231573626E-029  2.2852514753184773E-029 -7.3217835983866286E-029 -6.2792169743863306E-029  7.6685872502962843E-026 -8.2159407133291408E-029  2.0818193344495956E-029  4.3962395131048960E-026  4.7481058456527159E-029  4.4273580038398702E-026  1.0188321318898874E-028  7.6436834637110782E-029 -3.6518278094799439E-029  6.8098311826203439E-029  7.5323652999467475E-026 -4.6299496275264858E-029  4.2222638681707325E-026 -2.5129137330744016E-031  7.2855544673061299E-026  7.2444816031499828E-016  7.2419114345291649E-016  2.2771635012103200E-015  7.0934525540831365E-026 -8.5674881526629184E-029 -5.8872181250339963E-029  7.8431912488413889E-026 -2.2990855655666222E-029  7.7331536073908346E-026 -1.5578011861899192E-013 -1.8372533464784274E-028 -6.4789345996382969E-029 -1.0317524844300615E-028  2.9663268304091595E-029  1.5481031348732795E-029  5.6902764306336010E-029 -2.3310189002959047E-028 -1.2378494250810259E-028 -2.1268809188200136E-029 -1.5432299956550932E-028 -5.4526799873513444E-015  5.8600744312881552E-016  5.8579954171813437E-016  1.8420017249413601E-015 -3.3072064229617973E-026  5.5452203182819769E-029 -2.5005565076438176E-029 -3.3763427861995545E-026  2.7683342298441792E-029 -3.3944309300460693E-026  1.0979885985352184E-014  1.1297130409260910E-014  2.0868703453424214E-021  2.0861300048071553E-021  6.5596757433088861E-021  1.0527885783206185E-014
-1.6604444073524464E-018 -1.3038256671998927E-017 -9.5752755095591490E-017 -8.5005338313422670E-017 -3.6336600346655068E-018 -2.8532477197657961E-017 -2.0954207070070789E-016  1.1809373052677579E-028  3.7848318983557353E-031  9.0738224117656025E-032  1.0696029095043380E-028  4.1839072353412566E-031  1.0537639234790668E-028 -3.0771837111572064E-016 -2.2407701203857052E-031 -8.4793338083536172E-031 -3.7366058595760827E-030 -5.4340910862000248E-031 -9.2321569460498778E-032 -4.9240044543039427E-031 -1.2046314711443045E-030 -3.0197263102764039E-030 -9.7180757865503967E-031 -5.9849315115308531E-030  1.2473376893778509E-028 -4.1761219675874228E-031 -2.1363961158979720E-031  7.0552094557521765E-029  1.6930450844118421E-032  7.2461455274342040E-029  1.6173867536413076E-031  7.3693710485529732E-032 -1.9755532350849757E-031 -9.2256605927829296E-032  1.2232706462709134E-028 -1.1655271471191893E-031  6.7876048806931135E-029  6.0506370042503057E-032  1.1774635870419004E-028 -3.5753052309322758E-018 -2.8074259562825295E-017 -2.0617692748620432E-016  1.1728528984718328E-028 -6.4849642444015764E-032  2.6356855850247505E-031  1.3055466588733044E-028 -1.3844976267458272E-031  1.2676429037791098E-028 -2.5050806447965000E-016 -7.9699991369893859E-031  3.2720302866261233E-031  1.7196949570879953E-030 -1.8768830372751662E-031  4.3452199627078207E-032  5.4149234893970197E-032  3.4829977876377980E-031  1.6410245313716875E-030  4.1204356894066326E-031  5.5572965491435740E-030 -4.5599023133535602E-018 -2.8920709466278641E-018 -2.2709319956027959E-017 -1.6677689409250769E-016 -4.7088111323723172E-029  2.1340836539129170E-031 -1.2186357406281191E-031 -4.6681646793773008E-029  1.2164754418660808E-031 -4.9206097527132005E-029 -3.9208790887427709E-017 -8.4965965395960956E-017 -1.0299147674681932E-023 -8.0871680800851310E-023 -5.9392037148761270E-022 -7.4342329670049229E-017
 2.8452080124213633E-016  8.9169500584062944E-019 -1.0108858661756967E-016  5.4949644912333284E-017  6.2263563894517039E-016  1.9513550056122175E-018 -2.2121882282036091E-016 -5.9876004678041742E-029  9.0738224117656025E-032  1.6066572846236692E-030 -6.3679822622331446E-029  5.9241044550907600E-031 -5.9101795959130597E-029  2.0455691570158634E-016  2.6770743653264043E-029  1.4535409205146102E-031 -4.5785573149637206E-030  1.1549323691822378E-029 -1.1136499865753051E-032  1.3233492664811899E-029  2.3196119961707364E-031 -3.9761633988848616E-030 -1.2147158775145894E-031 -7.4265167787725125E-030 -7.4830838706500566E-029 -2.7195563045836672E-031 -7.6506875464169057E-031 -4.3938292786682916E-029 -1.9544642879914846E-031 -4.2062404021156416E-029  4.6726207272789956E-032 -2.7116851541603016E-031 -8.6256920993947272E-032 -7.3492690907309921E-031 -7.1199681405864989E-029 -1.3615405896374249E-031 -4.1547541546014917E-029 -1.6136299429283756E-031 -7.0969636467900763E-029  6.1263641497787441E-016  1.9200171981999508E-018 -2.1766615667534305E-016 -6.1367496478054912E-029  3.8845087998485716E-032  7.6128547298779158E-031 -6.9014830188812773E-029  1.0320791762956476E-031 -7.0159444293744516E-029  1.5514610413299215E-016 -9.0648931615781440E-030  2.7484269766126242E-031  9.2211044176195313E-031 -2.6854596574078147E-030  1.8596378502920536E-032 -3.2938207859151148E-030  4.1078424736202318E-032  8.8444313120523241E-031  3.4133185825040860E-031  4.2936021343442524E-030  1.2925342998126038E-017  4.9556271763152630E-016  1.5531054266077574E-018 -1.7607055261698454E-016  4.1590447425110234E-029  1.8892747401405143E-031 -7.9691545657243201E-032  4.5198189840568536E-029  1.3145829066903071E-031  4.1246728961092362E-029 -1.1220633602114736E-016 -1.9491939835958431E-016  1.7647815959743234E-021  5.5308677405628247E-024 -6.2701664142735399E-022 -1.7303075348946248E-016
 1.3264148157479455E-016  1.1939838406786206E-016  5.0999828063557154E-016 -5.0988420720402085E-014  2.9026810437198125E-016  2.6128736046188307E-016  1.1160628816538298E-015  6.6181502445523670E-026  1.0696029095043380E-028 -6.3679822622331446E-029  6.2660074311026071E-026  6.1965446300855883E-029  6.0474564641257484E-026 -1.8638780001925317E-013  8.4062832866379393E-029 -4.5907867857416070E-029 -3.2045417674051153E-029 -1.3002069820656589E-028 -3.5914894237702946E-029  1.8060694981903725E-029 -2.0588140462320991E-029  1.1410567701931853E-029 -7.2234210288153567E-029 -9.7184380300355646E-029  7.2577382134777380E-026 -5.9231277084563011E-029  2.4653016363370901E-029  4.1722942690783397E-026  5.2760733011707279E-029  4.1792394243014874E-026  6.6771099489935808E-029  6.4366625411795738E-029 -1.8776635621447093E-029  6.2573430354324032E-029  7.1137366771144513E-026 -5.0289514220577683E-029  4.0011055205156286E-026 -9.0296428969258746E-030  6.8955005683714540E-026  2.8560654052221014E-016  2.5709121319156002E-016  1.0981394573948090E-015  6.6454844168294300E-026 -5.3343771489327276E-029 -5.0529553577313089E-029  7.3508307254394504E-026  2.1911975825351865E-030  7.2800587929344033E-026 -1.4808219028138240E-013 -8.7311036331760264E-029 -7.0772420922526139E-029 -8.1262152104576968E-029  5.8126724494268562E-029  1.1297884439225470E-029  4.6615506748498168E-029 -1.8782684600577497E-028 -9.5124030318054172E-029 -3.1589035430381933E-029 -1.1682694017330339E-028 -5.9378280201930848E-015  2.3102765348947933E-016  2.0796155300811421E-016  8.8828701745497540E-016 -3.2416893460988865E-026  2.3535207248965447E-029 -2.0480006974961333E-029 -3.3346807324201117E-026  1.3524425994556674E-029 -3.3124767603527813E-026  2.0633452613391248E-014  2.9230894157739152E-014  8.2272803809656067E-022  7.4058582968844120E-022  3.1633383984500383E-021  2.6373011523194798E-014
 5.8297148728855608E-017  1.2377355097725510E-016 -1.1298597130449333E-016 -4.0232822270836850E-017  1.2757549637498115E-016  2.7086182683581673E-016 -2.4725465459076275E-016  8.8675375950646732E-029  4.1839072353412566E-031  5.9241044550907600E-031  6.1965446300855883E-029  1.2151089823653933E-030  7.0031423745148573E-029 -1.3518782576597295E-016  5.8597432794077087E-030  3.6081695783590891E-030 -4.9734846816005658E-030  1.4216643909258427E-030 -2.6707807045304665E-031  1.4473031378635861E-030  8.3074669106754692E-030 -4.0179851902728680E-030  4.2569194841297089E-030 -7.6097697229944358E-030  7.3226827788786081E-029 -7.5556399607076979E-031 -2.4947055485633204E-031  3.8347820974914502E-029 -1.4348941540953998E-031  4.5113143381671079E-029  7.8538261676176361E-031  2.6413889880895173E-031 -4.8072137623987483E-031 -4.0963277413774947E-032  7.4835582405216538E-029  6.4492215757840125E-032  3.8334265530863919E-029  2.3990354147276735E-031  6.8641969663025854E-029  1.2552669627232234E-016  2.6651191831580747E-016 -2.4328386571591624E-016  8.4187782187469663E-029 -6.0173682497111515E-031 -1.2740987479084626E-031  9.3800166924062712E-029 -8.2556776976991743E-031  8.3158408664507971E-029 -1.3114922877962645E-016 -4.4907908146685165E-030 -3.8190320463915633E-030  1.5135050020502261E-030 -1.4337353616169184E-030  9.7728852724207940E-032 -5.5981652659454571E-031 -1.1345112499390047E-029  1.2927229192311799E-030 -4.0134273307007480E-030  5.6847004657420294E-030  1.6337497181869935E-017  1.0153877441689923E-016  2.1558197863006764E-016 -1.9679276435834168E-016 -4.8479368490452259E-033  7.8187123717975578E-031 -1.2723359985926592E-031  6.9225308736026703E-030  4.4228359355817689E-031 -4.1967313515546508E-030 -2.7353764107026173E-016 -5.0334968527017386E-016  3.6159653245582139E-022  7.6772342798488452E-022 -7.0081189805868555E-022 -4.4501642804618307E-016
 4.2086708292027804E-017  2.3333792177081178E-016  8.4492164036588082E-016 -4.9029436178646994E-014  9.2101120178550448E-017  5.1062876730837819E-016  1.8489977643510490E-015  6.4270357576382651E-026  1.0537639234790668E-028 -5.9101795959130597E-029  6.0474564641257484E-026  7.0031423745148573E-029  5.8546860831475727E-026 -1.7902811839435421E-013  9.1636596030864641E-029 -4.4827383579080373E-029 -2.4430377052005923E-029 -1.4075117787919222E-028 -3.9428717626794177E-029 -4.7043718103902418E-030  4.5033161634824290E-030  2.0026616485408345E-029 -6.7167504882860848E-029 -6.7705938378533256E-029  7.0060009259671681E-026 -6.5874874107262838E-029  2.1992412084645201E-029  4.0220171991395601E-026  4.7231100641151284E-029  4.0395327015361911E-026  7.8891408922231765E-029  6.6200764468043443E-029 -2.5702351421778282E-029  6.1865505783006065E-029  6.8742379335813056E-026 -4.5236502040473275E-029  3.8599143769126522E-026 -4.3387647444535690E-030  6.6562234515482242E-026  9.0622021215098057E-017  5.0242831894215741E-016  1.8193037641931901E-015  6.4476460841005766E-026 -6.5089017231560329E-029 -5.1993680135991176E-029  7.1305671692650867E-026 -9.6347283646568351E-030  7.0461493736691056E-026 -1.4263193807128211E-013 -1.2065792078972939E-028 -6.4525428857514969E-029 -8.7967776331797034E-029  4.3169163525077439E-029  1.2516444982028187E-029  5.0578082838666632E-029 -1.9883582345425158E-028 -1.0405584696121882E-028 -2.5828507980411017E-029 -1.3270277511474080E-028 -5.3582922347112534E-015  7.3304318862949488E-017  4.0641518698937017E-016  1.4716381454625519E-015 -3.0755009959744924E-026  3.6672449408418879E-029 -2.1215568963431552E-029 -3.1520374239919190E-026  1.9128379767570219E-029 -3.1494824809804430E-026  1.4996290617983840E-014  1.9308632320724599E-014  2.6104890264662018E-022  1.4473123607182862E-021  5.2407491861421432E-021  1.7573304800236045E-014
 1.3390366987703839E-015 -2.1080414253321684E-015 -4.1724340012258519E-015  1.5252580358922929E-001  2.9327250003901911E-015 -3.8521956285909830E-015 -1.2278915412564029E-014 -1.9497845736034996E-013 -3.0771837111572064E-016  2.0455691570158634E-016 -1.8638780001925317E-013 -1.3518782576597295E-016 -1.7902811839435421E-013  5.5849891725455258E-001 -1.2446649387840449E-016  1.2795800785130188E-016  1.1852191377924557E-016  3.4733010559511400E-016  8.4284457233657321E-017 -1.2002780401575176E-016  1.6394377127115202E-016  2.0642700440721349E-018  2.1883239164967555E-016  4.0007818947195935E-016 -2.1582610575673676E-013  1.3456509305747778E-016 -8.3927840164509334E-017 -1.2433580241474377E-013 -1.7471902223571085E-016 -1.2403014353833154E-013 -1.3040796135949496E-016 -1.7297918485980931E-016  2.0009768369758529E-017 -1.8112348905553683E-016 -2.1119609889610997E-013  1.6455332944154579E-016 -1.1909547241208602E-013  4.6838005416755613E-017 -2.0505743357985345E-013  2.7718625537397414E-015 -5.2102256683928729E-015 -1.0403503583412892E-014 -1.9606361443895348E-013  9.4555852843016674E-017  1.3741288373230193E-016 -2.1694621211170429E-013 -6.0987251645773348E-017 -2.1560119736377389E-013  4.4183642915268739E-001  6.3921878839328667E-017  2.3566889189987633E-016  1.9688860560113026E-016 -2.4062831781759721E-016 -2.5942128915404513E-017 -1.2126019529234629E-016  4.9328605168431279E-016  2.2533698350324054E-016  1.2405435910846724E-016  2.5805353592032608E-016  1.9428770042795990E-002  1.8171454449387694E-015 -3.0178251324650725E-015 -8.5360328849912573E-015  9.8941803497794395E-014 -3.8486248777345575E-018  5.3818102411160138E-017  1.0233519694867971E-013 -1.1421177465458422E-017  1.0077899489167107E-013 -8.4696259007052480E-002 -1.2916929084947809E-001  4.3141000203543439E-017 -3.3972863785924272E-017  4.7237814408241973E-017 -1.1581747946513991E-001
 5.8476906817544512E-015 -1.0846601586577796E-016  3.0157921081219527E-016 -3.9248967389426949E-017  1.2796887285894097E-014 -2.3736333792686932E-016  6.5996568193572527E-016  1.4731101132424218E-028 -2.2407701203857052E-031  2.6770743653264043E-029  8.4062832866379393E-029  5.8597432794077087E-030  9.1636596030864641E-029 -1.2446649387840449E-016  5.5869994351733236E-028  5.0055220575766489E-030 -4.4538347621123821E-030  2.3948471449840660E-028 -6.6439378607852183E-031  2.8155941506155762E-028  4.8855278497012370E-030 -6.3583816270167965E-030 -1.2950812152873214E-030 -9.7225850832393352E-030  5.5539601710950285E-029 -1.7301976514918678E-031 -9.8883534300864472E-030  3.6736167835723799E-029 -1.5736122137695493E-030  4.2081735550250740E-029  2.2066676328557431E-030 -3.3394181796285264E-030  1.0525471345488169E-030 -9.4121128633244635E-030  1.0369153646861590E-028 -3.0856601548222372E-030  4.4206222126905241E-029 -5.0726294922269316E-030  7.3899683808292446E-029  1.2591375532225970E-014 -2.3355139876198626E-016  6.4936695572798076E-016  1.5172981432530633E-028 -1.9937549490045369E-030  7.4207484750585544E-030  1.2172115187979455E-028  5.4220580823272290E-030  1.3301151216326457E-028 -1.3686823727758009E-016 -1.7353413581745163E-028  8.7955694247997991E-030 -2.7652921122858635E-029 -4.7384430249195740E-029  2.1311298310915834E-031 -6.4871214871932004E-029  1.7512712902955328E-029 -2.7525369754787349E-029  1.1726218484013378E-029 -5.3025271805465322E-029  2.9057040014512897E-017  1.0185186719098926E-014 -1.8892015402200463E-016  5.2527411928692102E-016 -2.2990503297861122E-029  1.4375421058989379E-030 -3.3599418068378778E-031 -6.6966592183636414E-030  9.3315883517143659E-031 -2.8243536503026596E-029 -4.4770696042200990E-016 -8.1954449275667619E-016  3.6271150823108240E-020 -6.7277621887565300E-022  1.8705888604507932E-021 -7.2482820122756649E-016
 8.9192402717664485E-017  2.0747213306864570E-015  1.5305572272670514E-016  3.6597497727335316E-017  1.9518561881142293E-016  4.5402495554824323E-015  3.3494193499423532E-016 -5.1381507139738308E-029 -8.4793338083536172E-031  1.4535409205146102E-031 -4.5907867857416070E-029  3.6081695783590891E-030 -4.4827383579080373E-029  1.2795800785130188E-016  5.0055220575766489E-030  7.0607844303496158E-029  3.0428020524944386E-030  3.4026158253272696E-030  9.1538349182364126E-032  3.6165636116293752E-030  1.3447222788525329E-028  1.5260231375548741E-030  8.1536743192325383E-029  5.2082732096286965E-031 -5.1707948568806659E-029  1.5552294658393603E-030  3.9482143062648204E-030 -2.9187420133222278E-029  1.0031999112209973E-030 -3.1460395482079448E-029  9.7613112166250649E-031  1.8744747010119114E-030  9.2887942031437658E-031  3.2876516510122553E-030 -5.5670759933649653E-029  9.4588168219514555E-031 -2.7679197249933594E-029  2.9360157738275957E-031 -4.9016888354116975E-029  1.9205103319568504E-016  4.4673353672593234E-015  3.2956293126468133E-016 -6.2125169493939099E-029 -5.6612235193063415E-031 -7.9331728853369288E-030 -6.1341223009707412E-029 -3.2708026135237377E-030 -6.1788842470792707E-029  1.1329794777336830E-016 -4.7724833622092690E-030 -6.8934067422427430E-029 -6.8421816536348466E-030 -1.5356597334660131E-030 -2.0238254200364713E-031 -2.1000103364615299E-030 -1.7292141342164269E-028 -7.1825408090323612E-030 -7.3755324500765780E-029 -1.8798013486664517E-029 -6.0413948141012432E-018  1.5535043234057123E-016  3.6136357569444278E-015  2.6658405843214782E-016  1.2921524800963026E-029 -7.3415354013883627E-031  1.1850305561551684E-030  8.4509796561188648E-030  6.0115899425320186E-031  1.4452704175006261E-029  1.2723115616915378E-016  2.3701667101901207E-016  5.5322883312115732E-022  1.2868760406538106E-020  9.4935035139287737E-022  2.0937343080432005E-016
-1.5936647428097925E-016 -7.9219813673260380E-017  2.2949625649328005E-015  3.4460668156392331E-017 -3.4875216893522651E-016 -1.7336194432264677E-016  5.0222179775041350E-015 -3.0060718788736095E-029 -3.7366058595760827E-030 -4.5785573149637206E-030 -3.2045417674051153E-029 -4.9734846816005658E-030 -2.4430377052005923E-029  1.1852191377924557E-016 -4.4538347621123821E-030  3.0428020524944386E-030  8.6337749818093699E-029 -4.3968530792269854E-030 -7.3716431455388785E-031 -3.1455168735332933E-030  6.8972075724345863E-030  7.2645414667414017E-029  3.7645811788182788E-030  1.4231878366051722E-028 -5.1403989069610355E-029  4.3226129994283162E-030  4.7794242804784274E-030 -2.0386802152106870E-029  3.4890929330918339E-031 -2.7940042859732411E-029  3.0653336615746052E-030  1.7614900726352225E-030  1.2628255615749514E-030  4.5851290033474336E-030 -2.9876069563522140E-029  1.6486943225303737E-030 -1.5868209459422235E-029 -3.1347706923390226E-031 -3.2204339065706813E-029 -3.4315137960010369E-016 -1.7057783625002808E-016  4.9415636120478450E-015 -1.6623618220886896E-029 -4.6063259971202249E-030 -7.6043881783916152E-030 -4.1965690267357648E-029  1.6357339524997487E-031 -3.2063085827269609E-029  1.0904806322662182E-016  9.3939165062187411E-030  4.7293611450684909E-030 -4.3561200816480942E-029  4.1695344359106954E-030 -2.9717812285548268E-032  4.4650914848395457E-030  1.4114406467933144E-029 -4.3056946201344143E-029  5.4685673995475200E-030 -1.3342549691243218E-028 -9.1649876542381051E-018 -2.7757577916711177E-016 -1.3798072402014699E-016  3.9972398523255733E-015 -7.5406190103215059E-030  4.2033497418067702E-031  1.3335648289187773E-030 -1.1577972967910150E-029 -5.4877291005771896E-031 -3.8197801684494890E-030  1.6772695466454644E-016  3.1022595140969281E-016 -9.8849370437290301E-022 -4.9137240113240562E-022  1.4234838650162511E-020  2.7417783004118100E-016
 2.5328456273470045E-015 -2.4691295577696740E-017  4.2111125289372936E-017  9.8633529558196495E-017  5.5427931759216764E-015 -5.4033590975783044E-017  9.2154553504686344E-017 -1.5520676103042035E-028 -5.4340910862000248E-031  1.1549323691822378E-029 -1.3002069820656589E-028  1.4216643909258427E-030 -1.4075117787919222E-028  3.4733010559511400E-016  2.3948471449840660E-028  3.4026158253272696E-030 -4.3968530792269854E-030  1.0530806005321348E-028  3.4237188374464845E-031  1.2375809894231753E-028  1.5332532108847148E-030 -5.3262775016496721E-030  5.8639742450827681E-031 -9.8912749067278217E-030 -1.6979610339426505E-028  9.5397899736988354E-031 -4.1723286589663922E-030 -8.9721604745596253E-029 -4.1034064883695409E-031 -9.9167189181510041E-029 -8.4143635330761281E-031 -2.0592111966611101E-030  1.3101016427618865E-030 -4.4283374723387035E-030 -1.5357906232085173E-028 -1.5738417658354410E-030 -8.5407964193295926E-029 -2.6227598400730220E-030 -1.5247210290703366E-028  5.4537786272775601E-015 -5.3165837920662962E-017  9.0674596427956001E-017 -1.4825720284473033E-028  8.4699350580394690E-031  3.7201402408280876E-030 -1.8167340953049012E-028  3.5443471609550678E-030 -1.5773035189276457E-028  3.0237270476394208E-016 -7.0868249544606470E-029  2.3544843847223489E-030 -9.8109947006991827E-030 -1.9283874836183861E-029 -1.1517954180344684E-031 -2.8804454398417725E-029  6.8477725170666237E-030 -9.4428406303188258E-030  3.3238620561557466E-030 -1.7724810266586671E-029 -1.1909051621575089E-017  4.4115715158590803E-015 -4.3005943624917720E-017  7.3346847048870983E-017  1.9000052715830371E-029 -9.7395816963425862E-031  5.5968962471833911E-032  1.4213569841238191E-029 -2.6922329248558532E-031  2.4682147107477854E-029  2.8261282592158622E-016  5.2927919075450596E-016  1.5710342896420500E-020 -1.5315134749292023E-022  2.6120037167434427E-022  4.6738143802397478E-016
-6.2437911540644241E-019 -2.8594117539954184E-019 -2.5258548886297821E-017  2.4458881204057202E-017 -1.3663700079845719E-018 -6.2574393741538022E-019 -5.5274948812137734E-017 -4.8313997855069013E-029 -9.2321569460498778E-032 -1.1136499865753051E-032 -3.5914894237702946E-029 -2.6707807045304665E-031 -3.9428717626794177E-029  8.4284457233657321E-017 -6.6439378607852183E-031  9.1538349182364126E-032 -7.3716431455388785E-031  3.4237188374464845E-031  1.5001345618205908E-031  3.9864814830922312E-031 -5.2705082986583147E-031 -7.3375216967047434E-031  3.8094326433381682E-032 -1.5921107455997800E-030 -4.1835599280090235E-029  2.3226570244246302E-031  1.0696595928328366E-032 -2.2672525426332465E-029  6.5198078477527725E-032 -2.5473820698898591E-029 -4.3503488476940418E-031 -1.5073402541739555E-031  1.9921369758109556E-031 -9.5839732228840237E-032 -4.3065890058989162E-029 -6.4948587376140636E-032 -2.2531449237367556E-029 -1.0250372587037978E-031 -3.9849031140128498E-029 -1.3444267736493836E-018 -6.1569479569482743E-019 -5.4387260157036459E-017 -4.7079901994317212E-029  4.1630207852477644E-031  1.5150060937858327E-031 -5.1505255904100040E-029  2.9546088020879287E-031 -4.6990884533835138E-029  7.7203101753958032E-017  1.0431575060925678E-030 -1.6999822062463411E-031  6.0511382518118598E-031  3.0414284673023190E-031 -4.8521330388881133E-032 -1.6078900592586269E-031  2.6908468568570665E-031  6.7951622581267892E-031 -2.2763305353724015E-031  1.5176454774008984E-030 -6.2182220253338372E-018 -1.0875092784507210E-018 -4.9803664739181920E-019 -4.3993954307999724E-017  4.9289089917811042E-030 -3.8056924727494979E-031  4.1757668613820557E-032  2.0454640760014404E-030 -1.6173066464889352E-031  6.7858269235285899E-030  1.1509328044693150E-016  2.1300663964114271E-016 -3.8728020973941949E-024 -1.7735916533206182E-024 -1.5666981827119026E-022  1.8824743773021993E-016
 2.9773345450703196E-015 -4.4033265735804698E-017  1.0246884403447200E-016 -2.7231037542298961E-017  6.5154975971185490E-015 -9.6360900245541314E-017  2.2423933118021356E-016 -1.1361403126036560E-029 -4.9240044543039427E-031  1.3233492664811899E-029  1.8060694981903725E-029  1.4473031378635861E-030 -4.7043718103902418E-030 -1.2002780401575176E-016  2.8155941506155762E-028  3.6165636116293752E-030 -3.1455168735332933E-030  1.2375809894231753E-028  3.9864814830922312E-031  1.4606457859489872E-028  6.7253332734386387E-031 -4.5350305270111093E-030  1.2238878140353066E-031 -8.7624116008585838E-030 -2.3855372089181017E-030  1.2753799615067417E-030 -4.6907823642258024E-030  9.4825292548518542E-030 -2.4556020324078577E-031 -4.2187923121630873E-030 -1.0769935169962069E-030 -2.3066163454931994E-030  1.7002032290132337E-030 -4.9684119490672440E-030  1.1607743641933335E-029 -2.0293330121941552E-030  9.2334412858426082E-030 -3.2247285243224061E-030  8.6084814448169221E-030  6.4108618910058267E-015 -9.4813391296529284E-017  2.2063815714763707E-016 -6.4491258764174031E-031  1.0572499777895011E-030  4.1536142001273385E-030 -2.1831167139216001E-029  4.4777866915536187E-030  8.5228089637584103E-030 -5.4427055416851917E-017 -8.2462039259328700E-029  2.9556367539936432E-030 -1.2654268748490093E-029 -2.2097899775579157E-029 -1.4297113715646082E-031 -3.3762388325021810E-029  9.2012466817793929E-030 -1.2179155473965852E-029  4.2259247615189737E-030 -2.4130855811129204E-029 -3.9412192698128372E-017  5.1857579200250239E-015 -7.6694725794992975E-017  1.7847460923981791E-016 -7.9437941039401814E-029 -1.4010040394183068E-030  7.3862800991433820E-032 -9.0866648828769222E-029 -4.4281401590613166E-031 -7.3244518372024999E-029  5.1063560809994701E-016  9.2309302203097567E-016  1.8467349970081917E-020 -2.7312272681840368E-022  6.3557788910886358E-022  8.1711905551733382E-016
 9.2804856878145731E-017  3.9741140982163132E-015  3.4302251352572462E-016  4.0326528607638639E-017  2.0309099056122751E-016  8.6968160499381871E-015  7.5065879524180754E-016  2.7808022231573626E-029 -1.2046314711443045E-030  2.3196119961707364E-031 -2.0588140462320991E-029  8.3074669106754692E-030  4.5033161634824290E-030  1.6394377127115202E-016  4.8855278497012370E-030  1.3447222788525329E-028  6.8972075724345863E-030  1.5332532108847148E-030 -5.2705082986583147E-031  6.7253332734386387E-031  2.5978597103340544E-028  4.3994128000408881E-030  1.5578627861545892E-028  4.9333913593386400E-030 -1.8644390768641456E-029  1.6901425808896506E-030  7.4224861626879566E-030 -1.7526022957917571E-029  1.4709214535438690E-030 -6.6921559940872956E-030  3.9421085058325038E-030  4.2571032100367383E-030  6.7834802722370211E-031  6.6577174207315604E-030 -1.8134519250110421E-029  2.2495075632893627E-030 -1.2211107121446012E-029  1.2197391199160181E-030 -1.7852283069592013E-029  1.9982944853998719E-016  8.5571494358770239E-015  7.3860358197237991E-016 -5.0040313730814950E-031 -3.0327572493505833E-030 -1.5732874301091114E-029  1.1981156025997282E-029 -7.9429900140188881E-030 -1.2350304600896515E-029  9.7219522613132729E-017 -1.2351374031927702E-029 -1.3108836152657516E-028 -1.4251344161184282E-029 -4.1438130091595512E-030 -1.4990032023175621E-031 -2.4396770438450675E-030 -3.3258467418768254E-028 -1.5295951530097925E-029 -1.4014740053906312E-028 -3.8442461245407304E-029  3.3941093703491963E-017  1.6164240675253456E-016  6.9218938442879223E-015  5.9745778962193274E-016  6.4242512664852707E-029  5.6831958065187866E-031  2.0405322197178415E-030  7.3052103792882729E-029  2.0018420979473392E-030  5.8516653145642192E-029 -4.1948685123171565E-016 -7.5541613487057205E-016  5.7563560465033933E-022  2.4650019933539660E-020  2.1276469639393181E-021 -6.6887121451890927E-016
