 4.0296023728570601E-001 -5.5307129825363272E-015  2.5265509146449588E-015  9.4109708124588161E-015  6.3213831322881497E-001  1.3812241149679634E-008  1.6489400862505968E-010 -4.8218291642632236E-010  6.1148307327585057E-009  1.4444586938749650E-008 -1.9927731752220654E-008  1.7162473360717815E-014 -5.4723300443142412E-015 -1.2405039068213966E-014 -1.2528143036613046E-015  3.4954627369977782E-016 -7.6703711237070280E-016 -6.2695096678923749E-016  1.3000868282120124E-016 -9.1314372240715660E-016  3.9289626815749487E-016 -5.4964914995754816E-016  2.2507925215662476E-016 -1.1657414991145005E-015  6.3461974074987271E-002 -1.7826852424031004E-014  9.2682238715325207E-015  6.5014348800330922E-015 -3.3714655281539402E-001  7.9521776716068998E-008 -2.7240532056679628E-010 -2.0606337427481300E-009 -2.6338701483502244E-008  1.4906170844677133E-008 -5.3184229667621249E-008 -1.5009731211259170E-014  1.5434872963913233E-014 -1.4132413020069241E-014 -2.2370198558786455E-008  1.0634839719911315E-010  5.6226938079792705E-010  8.9062620340762261E-009 -2.5329984370639513E-009  1.3463684566967365E-008 -3.6058974734972106E-016 -4.1525600181268230E-016 -2.7508685009942771E-017 -1.8235965919093004E-016 -2.3858931316377914E-017 -1.8260630624211947E-016 -6.8877053455700476E-016 -6.2934607610324937E-017 -3.6478100396078787E-016  2.2187582273503157E-017 -2.2177308612763144E-001  3.4481632632464486E-011 -4.6352233677517386E-013 -1.8397537862611026E-012 -2.9441313044896804E-011  1.2416414933781048E-012 -3.1620860326857009E-011  3.5943117276120420E-013  5.7668209394784108E-013  1.3975374342380013E-013  1.4103938599062474E-012  1.2196697389037458E-011 -7.5960615768214906E-013  7.5340823977117243E-012 -1.6617865813940011E-013  1.3456578455587613E-011 -1.3818193018679059E-014  1.3495022774493660E-014 -7.1222668179530095E-015  2.2517795069076875E-008 -6.3510995780180528E-011 -5.9147257480759595E-010 -6.7716626755303690E-009  4.9819443629143300E-009 -1.5745884455781352E-008 -8.0500935832151874E-003 -1.4295792771790161E-008  3.5894872577740822E-011  3.7808248892767793E-010  4.0773271148264456E-009 -3.4091589395240929E-009  1.0218550700047402E-008  5.5582090996792746E-015  1.8213991536905376E-015 -6.4044117281102316E-015  4.2249858474308566E-002  1.9949059507817635E-014  7.9458268583939823E-015 -2.0385420948112039E-014  7.6318465856361831E-002 -1.6290282524159580E-014  2.8859681550204749E-014  8.2443387833999542E-016 -4.4843544395710061E-002  1.1319649907138449E-002
-5.5307129825363272E-015  8.0101527100539727E-005 -1.0176597268409547E-013 -7.3404227184169050E-013 -8.3245602799855706E-015 -4.6132559544718239E-017  1.7559719033150631E-017  2.1636398569734346E-018  1.5344522611589003E-017  3.8746838763605635E-017 -6.0448042103799451E-017 -1.5833653180007825E-004 -4.2366826510767112E-014 -7.2350361617623234E-013  1.8356396685991868E-013 -4.9522041257968773E-014 -1.4430660487310387E-015 -1.6698263820448855E-012 -1.7114198932320146E-012  1.4175495217665167E-012  2.7708127924198011E-014 -2.1079161856630580E-016  1.2248080891189826E-014  1.0527925108106225E-015 -9.9614908724061977E-016  2.1628791397013485E-003 -1.8783450772354745E-012 -1.1376527810396325E-011 -9.4018062729086007E-015  1.6875735624228999E-017 -2.1296527308336959E-016  1.0713417662538754E-016 -5.4828529945120124E-016 -2.4530458123526435E-016 -5.2135254600512079E-017  7.1736766461650116E-003 -4.3045395806823317E-012 -3.1889599862331769E-011 -3.2101355735401918E-016  1.9447449759248057E-016 -9.8644962873050454E-017  1.9226610749290792E-016  2.3895854235461235E-016 -2.0842514022255406E-016 -8.2757022609495627E-012  2.8085596421968367E-014  3.6585898911286870E-013  2.9803008237743508E-012 -2.8488805331935412E-012  8.1087660623547164E-012 -1.3070090789937941E-014 -9.9247139456203939E-014 -1.0739685790873567E-014 -1.9903263207304336E-013 -1.8051738715634405E-014 -1.0290344367439316E-016 -2.8140568787634466E-018 -1.9324542770201781E-020 -6.2764266336973682E-017 -3.6669097647581527E-018 -5.6338151294547414E-017 -2.6044202894572516E-018  2.3668393602141838E-018  2.5373910785434026E-019 -1.9153917197702242E-018 -1.0704816632176205E-016 -1.4986528013530181E-018 -6.4164316545811355E-017 -3.7661452905120791E-018 -1.0674565392316928E-016  5.7597082585944242E-003 -3.4451730900210810E-012 -2.6039404472008735E-011  4.9385374099834945E-017 -1.9188547606313484E-017  1.2645153989386834E-017  4.6367452086470062E-018 -2.9900347185256364E-017  5.7419808979712735E-018 -3.0475005432403462E-015  1.3023259588878451E-014 -1.6566018679725533E-014  3.1171608528987863E-015 -2.9700129106827314E-014 -1.0462421858568271E-014  1.6570156392953275E-014 -1.8388624666318895E-003  9.6816642155686864E-013  6.8445398035056328E-012  6.8423471898219298E-015 -6.0332096054568933E-003  3.0620173013791799E-012  2.1805384326223721E-011  8.4386755121051906E-015  1.9877662530284252E-003 -1.1526778727880991E-012 -8.0902533110176666E-012 -6.4995367800890037E-015 -6.0990471071247812E-015
 2.5265509146449588E-015 -1.0176597268409547E-013  8.0101483162943259E-005  5.0811662345652715E-012  3.5156493604601374E-015 -3.8307768833482261E-017  2.1804962992410571E-017 -5.2268412076782689E-018 -1.1645730510761027E-017 -4.0315519506916002E-017 -4.6947291462853443E-017 -4.2607126899166790E-014 -1.5833657021748526E-004  7.7907061062409196E-012  1.1589837287308705E-014 -7.5009858543242732E-013  6.1189693901694291E-013 -2.7961252986337630E-014  4.5367190892233170E-014  1.2324185852090285E-014 -1.3301905338067294E-012 -2.4134157106690074E-012  2.5280384749507243E-012  1.3427823652749799E-012  2.4757556417674676E-016 -1.8862168856041911E-012  2.1628784322923165E-003  6.4170388492138745E-011 -9.2181671099267426E-015  2.6772627987273287E-016 -1.9383440832446647E-016 -1.9808507737671310E-017  2.1119075406057567E-016  3.9979876379714946E-016  4.6356341281080672E-016 -4.3331838531018244E-012  7.1736747454200179E-003  2.2581260068744134E-010  2.6491934986608824E-016  1.3653708377001419E-016  5.7837604473226182E-018  3.4185826846098603E-016 -3.7531423514541522E-016  6.3523158418194595E-017  9.8373287675096052E-014  2.8981425709015906E-012  1.3147889136932004E-012 -1.2152289148214041E-013 -4.4288669843260535E-015 -1.0673166742132702E-014 -4.8177453951061029E-012 -4.4658167075308540E-012  3.5560768965016938E-012  2.3485585040237185E-012 -1.2585479078648307E-014  1.8782529537299069E-016 -4.4613247423348344E-018  3.4338555883133928E-018  1.1153227718911851E-016  5.7769173705974541E-021  1.0914443515810820E-016 -1.9548162090600634E-018 -3.4761637761567891E-018  2.9006920813856681E-019  6.0094886339227360E-019  1.7791353542579161E-016  4.7580964084092463E-018  1.0769117690077895E-016  3.5818985174906480E-018  1.8770061335597464E-016 -3.4678620110077663E-012  5.7597067126592691E-003  1.8773274555457069E-010 -2.2396544550605754E-017  8.2672982263798116E-018  6.2217317785883077E-018 -5.1324854920124927E-017  5.0122710772737686E-017  1.9559390281342028E-017  3.9949636292899762E-015 -9.1558791797165695E-015 -3.0374347828335342E-014 -6.3531711311010609E-015  6.1079610047739115E-015  2.4556891669291449E-014  3.1061173100926909E-015  9.7435384688821316E-013 -1.8388620552093429E-003 -4.6398149663059139E-011 -2.8067708166407269E-015  3.0823064323366267E-012 -6.0332082967059757E-003 -1.4888680191138992E-010 -1.6124055635408256E-015 -1.1832773750766615E-012  1.9877657658649841E-003  5.3850518272666572E-011 -2.8922257313737386E-015  4.3839605227007247E-015
 9.4109708124588161E-015 -7.3404227184169050E-013  5.0811662345652715E-012  8.0101472595998520E-005  1.5455934485139452E-014 -2.7501340363593478E-017 -3.1580191940663539E-017 -1.7989571776664865E-017 -2.7396437797963604E-017  4.1144698010163570E-017  2.0183392633688485E-019 -7.2426171081126288E-013  7.7908184837960977E-012 -1.5833658643106145E-004 -5.9814846523139797E-014  6.1185194456361864E-013 -2.0217344948096657E-012 -1.6015346869127181E-016 -2.3446275588276778E-014  8.0263774794393199E-014  1.3263746606216522E-012 -1.8361244086655499E-012 -2.3914906816695095E-012  2.8740508599898638E-012  7.3442365365909921E-016 -1.1383333391081683E-011  6.4167392645024524E-011  2.1628782988912464E-003 -6.2537928748165035E-015  7.2210969343485694E-016  1.8528281275927377E-016  6.2770174251845255E-017  5.4062699969779352E-016 -3.7641204616812656E-016  5.4101503855384694E-016 -3.1918219609653428E-011  2.2580173993612396E-010  7.1736742758118288E-003  3.1266785019793541E-016 -1.2905478567634515E-016 -8.6527405586441067E-017  4.9611391277371854E-016  3.5253567592652724E-016  3.8882176289860560E-016  1.3068740937721655E-013  1.3147935458994421E-012  1.5231266418583706E-013 -9.9161706257645429E-014 -7.2401301487877147E-014 -7.6263783872227993E-014  2.3126321257488780E-012 -4.3230460958965501E-012 -4.4176501893378834E-012  3.1010215660677287E-012 -3.5389692580334464E-017  1.7522430022712156E-016 -9.3794509106119484E-018 -2.2630691796855680E-018  9.5760297168987614E-017  2.6624325390181488E-020  1.0682857077578868E-016 -5.8848719340732424E-018 -9.6015736937254413E-019 -2.2634559528903194E-018 -2.4881465562052620E-018  1.7042338275297532E-016 -2.5623607556441960E-018  1.0394805545700962E-016 -1.2827576936549412E-018  1.8270551190918071E-016 -2.6061307580095582E-011  1.8772434488508773E-010  5.7597063222327854E-003  1.1414648964151780E-016  1.3329067840226613E-017  3.6661136937111548E-017  9.0422735565215275E-017 -4.1918993638206874E-017  1.4447750759352371E-016  3.6914092680506923E-015  1.1700454963851083E-014  9.6619249009451332E-015 -1.4022582501661296E-014  5.7645114615561559E-015 -1.5978474099026942E-014 -1.7528369403018651E-014  6.8434353910409990E-012 -4.6391286799679610E-011 -1.8388619587175659E-003 -6.9215072390128120E-015  2.1800790188024430E-011 -1.4886343429847799E-010 -6.0332079870706557E-003 -8.7716542475106820E-015 -8.0868689734730319E-012  5.3820763333377189E-011  1.9877656538438301E-003 -2.1605697998872118E-015  1.5943694550390526E-015
 6.3213831322881497E-001 -8.3245602799855706E-015  3.5156493604601374E-015  1.5455934485139452E-014  9.9194668548602649E-001  2.1695279001966456E-008  2.5855779316285314E-010 -7.5711744840424616E-010  9.5822777867841935E-009  2.2663615536683943E-008 -3.1278598617401994E-008  2.6333761253025246E-014 -7.9261517594971604E-015 -2.0078710127402475E-014 -1.9108066413486502E-015  5.4213552546791352E-016 -1.2549305239873846E-015 -9.6992186924688085E-016  2.0791146343649634E-016 -1.4237994649800979E-015  5.9175984242956814E-016 -9.0123231864854068E-016  3.3794835259642168E-016 -1.8913077754499603E-015  9.9489256856182345E-002 -8.8211313140331275E-015  3.3482554298397545E-015  2.7453603845723760E-014 -5.1843490855647689E-001  1.2473000017467623E-007 -4.2763582925415752E-010 -3.2318901491926611E-009 -4.1330829886375778E-008  2.3359758592798961E-008 -8.3400938740438649E-008  4.3193170714237390E-014 -1.5319783166881249E-014  4.0666718893687162E-014 -3.5163815147870592E-008  1.6726727555291352E-010  8.8377626218113332E-010  1.4004745395703247E-008 -3.9761454911322073E-009  2.1158684930760834E-008 -5.5139777692950965E-016 -6.8051658555796959E-016 -7.1527472769666245E-017 -2.8846145555723600E-016 -3.6104218736829883E-017 -2.8912559539694054E-016 -1.1074335966717097E-015 -1.2017572496037482E-016 -5.9847080498486619E-016 -2.2822531362976697E-017 -3.3205293404248176E-001  5.2228253273275378E-011 -6.9518948009447755E-013 -2.7908538394670272E-012 -4.4442672317989794E-011  2.0540527195514599E-012 -4.8056323876545417E-011  5.4111304513544437E-013  8.6923582969048854E-013  2.0687872310156871E-013  2.1437075967045437E-012  1.8382214216120436E-011 -1.2404856133528781E-012  1.1411914725195578E-011 -2.9101539738732123E-013  2.0470428351723319E-011  3.1649561416183090E-014 -1.0016635141447965E-014  3.8113219355645944E-014  3.5291714930269728E-008 -9.9518721280694966E-011 -9.2701608281189408E-010 -1.0612049671545861E-008  7.8092787131137990E-009 -2.4679294570177277E-008 -1.2149849261758338E-002 -3.0809392037589589E-008  7.6765857993238429E-011  8.1523143964645772E-010  8.7502624868118772E-009 -7.3867233545132915E-009  2.2059254450867982E-008 -8.8603878782241660E-015 -2.2064657787591079E-014  2.0222174988623301E-014  5.9557419398642120E-002 -2.6207816349858462E-014 -7.4292895646673190E-014  7.3322633863123131E-014  1.0926096272429957E-001  2.8379716831066411E-014 -7.0336348031250461E-014 -1.3549073490175590E-014 -6.4611510887612217E-002  1.5644612149593857E-002
 1.3812241149679634E-008 -4.6132559544718239E-017 -3.8307768833482261E-017 -2.7501340363593478E-017  2.1695279001966456E-008  5.6167173515917498E-007  7.6661646228668656E-017 -5.8906257807200076E-017 -2.8083586972201789E-007 -2.3370437260580872E-015 -2.8083586543823060E-007  1.0089443808861903E-016  1.1740862705160556E-016  4.5653405362125585E-017 -2.7851802042888062E-018 -2.4756456867350773E-018  1.1767649295473113E-018 -9.8294144302775066E-019  3.5024706208855789E-020 -7.7540680755842370E-019 -6.2797001891326066E-018  1.4015352219791868E-018 -2.2766586839649394E-018  4.8471334249702815E-018  2.1637393284899896E-009 -1.1290190957033497E-015 -9.7989071225123459E-016 -6.1251325343974315E-016 -1.0691652041109430E-008 -7.0259452943364416E-006 -1.4782711527905679E-015 -7.4349084899726906E-016  3.5129726911538062E-006  4.8306978883630842E-014  3.5129726035061449E-006 -3.7108777953908069E-015 -2.8767853383393807E-015 -2.0031767044077084E-015  4.5762649551225908E-006  2.2786314050916028E-015  2.8095063939346599E-015 -2.2881325263101866E-006 -5.4134397017727537E-014 -2.2881324287107823E-006 -2.6747692022231275E-018 -1.8260962651370311E-018 -3.8835053602898269E-018 -1.5260877125471257E-018 -5.3992469697147290E-019 -2.0464206597587178E-018 -3.4549183894720910E-018 -3.4587585495960648E-018 -2.1674714179808277E-018 -6.6420323752137220E-018 -6.3161724102740171E-009 -6.8148562380736672E-014  5.5381617299418368E-016  1.6243626321743710E-015  6.2833153597584542E-014  3.2310875528429197E-015  5.6978268638498851E-014 -4.1400148634313218E-016 -5.4982771276844889E-016 -1.8787945951301894E-016 -1.2158573910085465E-015 -2.7182296719588196E-014 -1.2151910257685364E-015 -1.4971685064588792E-014 -1.1930153896717394E-015 -2.3837663614107468E-014 -3.0070244622634037E-015 -2.3498583695123418E-015 -1.6152682442912079E-015  4.2278003266270883E-007 -3.8736950052736148E-015 -1.1179429842360573E-014 -2.1139002649541160E-007 -1.0916648009848080E-014 -2.1139000632175410E-007 -2.2335161070621951E-010 -1.0600200547156340E-003 -6.4606195136850781E-014  4.0219258435144787E-014  5.3001002995159115E-004  2.8052009508482850E-012  5.3001002476356937E-004 -2.6733078816107328E-016  4.8069145104810314E-015  1.9318507120467335E-016  9.9336453216849791E-010 -1.0526682981013794E-015  1.6324873314280544E-014  5.9500559513345326E-016  1.9349061615564207E-009  7.1925138801361171E-015 -1.3838427624690516E-014 -1.6367234214208636E-015 -1.1429532217821709E-009  2.8164881053021701E-010
 1.6489400862505968E-010  1.7559719033150631E-017  2.1804962992410571E-017 -3.1580191940663539E-017  2.5855779316285314E-010  7.6661646228668656E-017  5.6167173881573913E-007  3.5638998960037137E-015 -1.6918656581857071E-016 -7.7192774212524444E-016  9.9458913069065365E-017 -5.8165999342921770E-017 -8.7163286009269525E-017  6.8876021694013342E-017  2.7366043779063074E-018  3.2126464592204192E-018  1.2687777335360419E-018  2.5953769433634699E-018 -5.2303050925768593E-020  1.7115330462710859E-018  5.1140791928204281E-018  5.7184639277061838E-019  1.7433489339075202E-018  2.8932028150236701E-018  2.6007466609753210E-011  2.3438767992366126E-016  2.2970978151404661E-016 -6.7087193650716613E-016 -1.4196815898426455E-010 -1.4521447945909653E-015 -7.0259454178350075E-006 -5.8587251368390674E-014  3.2090601822340747E-015  1.3779769940798825E-014 -1.7690029907556463E-015  6.1574759845022737E-016  4.2674140685088428E-016 -2.0840062679229320E-015  2.2692535071130370E-015  4.5762651791593664E-006  6.8013362010311655E-014 -3.9067603784039880E-015 -1.5637124498642598E-014  1.6434184622951684E-015 -5.7547777002256680E-018  4.9553003160490575E-018  4.1691134374222089E-018 -4.0198608377284501E-018  6.5176366969281211E-020 -2.9364331204055703E-018  1.1989707685785487E-017  3.8347559547249435E-018  5.8821516518641043E-018  8.2834560131101970E-018 -9.6783268715151975E-011 -4.1234648607071630E-016 -8.0570077580427329E-014 -1.5588452108251917E-015  7.4339163743698997E-016  1.3201480802056319E-015 -2.0464619059134754E-017  6.2862751423580504E-014  3.6562295067517666E-015  2.3763106453729143E-014 -1.1659949618894604E-015 -3.7511087434155559E-016 -4.8420720574057596E-016 -8.6133258238722273E-017 -4.9984089673404218E-016  6.0937745855337015E-017  5.1351162133715290E-016  4.1752438630772606E-016 -1.7144037678724219E-015 -3.8592579216210680E-015  4.2277953703799604E-007 -1.1177389120878248E-014  2.8995463625912552E-015  4.3087504895965059E-015  9.6964052517190109E-016 -3.4897198777612643E-012 -6.6566403018551419E-014 -1.0600200584276907E-003 -3.3623043356024392E-012  1.6470701539609211E-013  7.3114131111349787E-013 -9.8135018519017464E-014 -6.8846592077707963E-016 -5.8548099020213019E-017  1.3573174281827591E-015  1.9186877988144933E-011 -2.3204642632717807E-015 -1.5471132385772949E-016  4.5273631253568046E-015  3.4088155303928061E-011 -4.9446402870857092E-016 -2.4811419096264503E-015  1.7128495237249461E-015 -2.0019121458925234E-011  5.0211542213293172E-012
-4.8218291642632236E-010  2.1636398569734346E-018 -5.2268412076782689E-018 -1.7989571776664865E-017 -7.5711744840424616E-010 -5.8906257807200076E-017  3.5638998960037137E-015  5.6167173138270770E-007  6.5414247263499379E-016 -1.7507712566524108E-016 -6.1082077381753043E-016 -9.3058866285678835E-018  6.6885823879692769E-018  3.0018051216425887E-017  2.9684812837272122E-018  2.2749373471778498E-018  9.6731956489480590E-019  1.1506921166541339E-018  4.2240700153055927E-019  1.1122401599267274E-018  4.9712325313951577E-018 -7.0260584749462458E-020 -3.0847502017431050E-019  3.6052319727946538E-019 -7.5638907393299804E-011  1.1903367208398564E-016 -1.4360266902271416E-016 -6.4681349023381306E-016  3.8162768628809680E-010 -7.5889774965055925E-016 -5.8588664701153551E-014 -7.0259452956889889E-006 -1.1139317166948066E-014  2.8938936160203958E-015  1.1939007469127382E-014  4.2660377616763408E-016 -4.1594102792996481E-016 -2.1976988851230627E-015  2.8543807899644290E-015  6.8007758000369457E-014  4.5762650373404003E-006  1.1594182932967765E-014 -3.3450724603612100E-015 -1.4439160505782258E-014 -4.3222770097237947E-018  3.3000691129927494E-018  2.5835242599720953E-018 -1.9714599810032192E-018  1.8067292423818455E-020 -2.7191105499212319E-018  6.6822602339138481E-018  2.4273594338959129E-018  4.5303745331905194E-018  4.3946955388801037E-018  2.3300556557723082E-010 -1.2180225684651657E-015 -1.5583358521058348E-015 -7.7305587217376069E-014 -5.6936196760612828E-017  4.4678343535425604E-016  2.2082237260887589E-015 -1.1605443716005705E-015  2.9203655273486132E-014  3.6512145139720547E-015  5.5542547298020686E-014  1.8551345120819801E-016 -1.7062538751483420E-016 -2.5719499880561966E-016 -1.6280099047612876E-016 -1.1026631249202867E-015  3.4771374507373453E-016 -3.6885693512984922E-016 -1.7605368763446453E-015 -1.1207079989464434E-014 -1.1175047968901555E-014  4.2277956072426862E-007  2.4404629972999363E-015  1.4177901362954387E-015  8.7595637403341094E-015  8.2794056519684900E-012  4.8387242461780684E-014 -3.3642113581464154E-012 -1.0600200514131863E-003 -6.3858301233907905E-013  1.4538513896909505E-013  5.9019642463376660E-013  3.0701364413042533E-016  1.0538468782508943E-015  9.5849271865211264E-016 -3.8971532044176616E-011  1.0874681142551639E-015  3.5607656016181009E-015  3.1836657370256472E-015 -7.3985807128248755E-011 -2.4186118003999731E-015  4.4493548487319940E-015 -2.0907758859975986E-015  4.3632317726702721E-011 -1.0804986609686214E-011
 6.1148307327585057E-009  1.5344522611589003E-017 -1.1645730510761027E-017 -2.7396437797963604E-017  9.5822777867841935E-009 -2.8083586972201789E-007 -1.6918656581857071E-016  6.5414247263499379E-016  5.6167169831976996E-007  2.3834720104402440E-015 -2.8083582857924388E-007 -6.4931440627483151E-017  2.8608956316317343E-017  5.6004190232128085E-017 -7.9039418522612086E-019  3.1980498190557780E-018  1.3740541081045205E-019  7.0071342753812683E-019  2.9869844687279701E-019 -1.0754699381649251E-018  1.6940154641504890E-018 -1.2742430387867893E-019 -8.1124630475618206E-019 -1.7958457098405313E-018  9.6678208175356997E-010 -1.2479955413071444E-016 -1.3069122529423492E-016 -6.9414285908913589E-016 -5.4551655772504997E-009  3.5129726912096362E-006  3.1765949520576598E-015 -1.1079326857515252E-014 -7.0259446823897690E-006 -3.3041061428180152E-014  3.5129719910847954E-006 -8.8449069981281659E-016 -2.7828313736877361E-016 -2.3384315291665473E-015 -2.2881325259813053E-006 -3.8856289102150271E-015  1.1543788259438978E-014  4.5762643225090250E-006  3.6327470390201069E-014 -2.2881317967028924E-006 -4.2210155209146989E-018 -1.9561510769865702E-018  3.3647354754871499E-018 -3.2475985502581210E-018  3.1807468624821468E-019 -1.5481423902394097E-018 -1.7772016775598144E-019  2.9328726325772591E-018  9.8467798197874649E-019  6.9611789717387413E-018 -3.8733249540270605E-009  3.4929071244216770E-014 -4.9972009561802839E-016 -1.3841439847269667E-016 -7.8065463290636343E-014 -1.6168852608331276E-015  1.6682771556597032E-014  6.8830756658627827E-016  1.2981059711479489E-015 -2.5124190517360548E-016 -8.2913018035648239E-016  4.3078235054136104E-014  5.0090365240678556E-015  2.3636074277425963E-015 -3.8041446755137207E-015 -1.0847862052730103E-014 -6.2495384231099891E-016 -2.2313300644044684E-016 -1.9040344444046505E-015 -2.1139002584220367E-007  2.8992521401600862E-015  2.4096174165414022E-015  4.2277989476712975E-007  9.7596135478858995E-016 -2.1138986897671561E-007 -1.4033858979413178E-010  5.3001002966461108E-004  1.5744132591085969E-013 -6.1315189778334857E-013 -1.0600200202182087E-003 -2.1111444239164099E-012  5.3000999055361148E-004 -2.8114259658714309E-015  2.2591095276638529E-015 -6.4584254472967225E-016  8.0887920243047373E-010 -9.5948742780376608E-015  7.7115023370171469E-015 -2.3200636513607285E-015  1.4101219863854044E-009  3.9725808883456090E-015 -9.7365499286948226E-015  1.1538014959524334E-014 -8.2701931478446967E-010  2.0825133787295402E-010
 1.4444586938749650E-008  3.8746838763605635E-017 -4.0315519506916002E-017  4.1144698010163570E-017  2.2663615536683943E-008 -2.3370437260580872E-015 -7.7192774212524444E-016 -1.7507712566524108E-016  2.3834720104402440E-015  5.6167168222209271E-007 -3.7312049480735696E-017 -7.0336630890224086E-017  1.2070493030332564E-016 -1.2043128879137579E-016 -2.0013535697418371E-018 -1.7927124677528004E-018  3.6838182611016660E-018 -3.5825747378823198E-019 -2.2693164965056672E-021 -1.5007035302684158E-018 -4.5910281122799230E-018  3.4151563218289959E-018 -2.4557813069228798E-018  9.2976253709590017E-018  2.2726390993207778E-009  9.4881290141305065E-016 -6.9219761200598456E-016  9.4993912849413570E-016 -1.1981552497465888E-008  4.8705680541068887E-014  1.3787314407011738E-014  2.8895839871412138E-015 -3.3175240006690212E-014 -7.0259444082545479E-006 -1.5509892681402950E-014  3.1813731673378032E-015 -1.9021919856779426E-015  2.9393954499669984E-015 -5.3706413600047756E-014 -1.5645713655634513E-014 -3.3616926453419601E-015  3.6082089230177071E-014  4.5762640353498998E-006  1.7640876831299938E-014 -1.1462775367020561E-017 -7.8655420620952722E-018  3.5834307032981692E-018 -5.7761944230399955E-018 -2.5979176084800542E-019 -5.3075349963179034E-018 -1.6861350787400698E-017  3.6361574475517514E-018 -7.8602734528048952E-018  7.0883261638157191E-018 -7.7996246315152238E-009  9.6471231697115675E-016 -7.8691437166747989E-016 -2.6113364087288741E-016 -8.4116343760420065E-016 -6.1234456952701068E-014 -8.3977646116116367E-016 -4.8501894638135681E-016  5.7351225766320892E-016  1.7074952410289546E-015 -1.6583672680216156E-016 -2.9957632381733190E-015  2.8133207255938896E-014  6.1175113540449963E-015  1.7505998599197836E-014 -2.9977141193692454E-015  2.5592261748664351E-015 -1.6069742024292944E-015  2.3945553279561013E-015 -1.0354628988725191E-014  4.3027342263110084E-015  1.4056871181422743E-015  6.9218709932239574E-016  4.2277984203192995E-007  9.6619037739829362E-015 -2.7956668611493867E-010  2.5566050470236801E-012  7.3531055595401812E-013  1.5167006857910374E-013 -1.9789269676336475E-012 -1.0600200045876188E-003 -5.7768172671390349E-013 -4.9374908215879678E-017  2.1313299299198208E-015 -8.2637273366235781E-016  1.4482923167398721E-009 -2.3560843730606480E-017  7.1969526437069677E-015 -2.7006917793361670E-015  2.6375142968339191E-009 -6.5992237097383671E-016 -1.6310541332130559E-016  4.7308599913458990E-015 -1.5513629517582758E-009  3.8724808989736865E-010
-1.9927731752220654E-008 -6.0448042103799451E-017 -4.6947291462853443E-017  2.0183392633688485E-019 -3.1278598617401994E-008 -2.8083586543823060E-007  9.9458913069065365E-017 -6.1082077381753043E-016 -2.8083582857924388E-007 -3.7312049480735696E-017  5.6167169400003979E-007  1.0184401557412166E-016  8.6994919696765318E-017 -1.4768629719843079E-017  3.5755744539902214E-018 -7.2240408343404368E-019 -1.3141692000329073E-018  2.8223014411239977E-019 -3.3372083473448845E-019  1.8508745422592872E-018  4.5856850928390383E-018 -1.2741071038307595E-018  3.0879044506800353E-018 -3.0512914018831261E-018 -3.1306267530766083E-009 -1.5192671059004215E-015 -1.2041617532863767E-015 -3.2469603926995499E-016  1.6147075819867250E-008  3.5129726031398103E-006 -1.7850640800176736E-015  1.2017778982197023E-014  3.5129719910043667E-006 -1.5380272948365937E-014 -7.0259445943723495E-006 -5.1910369949762417E-015 -3.9465878012292682E-015 -1.3639245021694178E-015 -2.2881324291498024E-006  1.6634947251280168E-015 -1.4480279392643196E-014 -2.2881317960479788E-006  1.7881399450043155E-014  4.5762642252713308E-006  6.8957943355986629E-018  3.7822452450183469E-018  5.1876701602817844E-019  4.7736832779761843E-018  2.2185383111489818E-019  3.5945531605022429E-018  3.6326405813242444E-018  5.2589419823565927E-019  1.1827928236153311E-018 -3.1915062316161579E-019  1.0189384122467361E-008  3.3219491137343889E-014 -5.4096078586282800E-017 -1.4859482314967466E-015  1.5232309684501981E-014 -1.6142022983945991E-015 -7.3661040190051032E-014 -2.7430607930278573E-016 -7.4827825893415496E-016  4.3912136504785795E-016  2.0449875695724600E-015 -1.5895938330702207E-014 -3.7938454948567412E-015  1.2608077636588863E-014  4.9971600665022335E-015  3.4685525662880411E-014 -4.1589456624023547E-015 -3.1866931904087336E-015 -1.0323354093984671E-015 -2.1139000682133168E-007  9.7966250288833549E-016  8.7580819573157179E-015 -2.1138986825776855E-007  9.9475584726807298E-015  4.2277987528534666E-007  3.6371213246483895E-010  5.3001002505300462E-004 -1.0592185233070727E-013  6.0234633807401575E-013  5.3000999023166957E-004 -7.1130598274931093E-013 -1.0600200152842145E-003 -1.1368262692495312E-015  1.4788364416815501E-015 -1.5340012003237072E-015 -1.8024675798392414E-009 -4.0724136788377779E-015  4.8902983140867990E-015 -5.2504120633276027E-015 -3.3454048838953886E-009  8.3627271217397679E-015 -2.7915314627983894E-015  1.1173975724429549E-015  1.9701058353155376E-009 -4.8996255834341372E-010
 1.7162473360717815E-014 -1.5833653180007825E-004 -4.2607126899166790E-014 -7.2426171081126288E-013  2.6333761253025246E-014  1.0089443808861903E-016 -5.8165999342921770E-017 -9.3058866285678835E-018 -6.4931440627483151E-017 -7.0336630890224086E-017  1.0184401557412166E-016  3.2056591293761356E-004  5.4661653947522589E-013  5.5728568522621309E-012 -3.9636523137636631E-013  9.6215268068038697E-014  3.7626770072381526E-015  3.2617585898041060E-012  3.3150706116514099E-012 -2.7185885873373625E-012 -5.3786879380023591E-014  1.6832838268648525E-016 -2.3771562199248650E-014 -2.5978038118626988E-015  3.0226181722822438E-015 -4.2201569519963568E-003 -2.9132528502192820E-012 -3.6520187074500414E-011  1.6468100870281230E-014 -1.4204682693038022E-016  7.0135505821302418E-016 -1.3950225850745708E-016  1.4411144259446494E-015  4.3271601772314246E-016  2.9012547142063285E-016 -1.3894236474006427E-002 -1.3534772776288215E-011 -1.3354209223587865E-010  9.0031091267086319E-016 -5.8865499224659579E-016  1.5571208389306238E-016 -4.6256944227363305E-016 -4.1979991090657779E-016  4.5119191712095302E-016  1.6251702902076533E-011 -5.5204972756531002E-014 -7.1337259912123188E-013 -5.9073614585246851E-012  5.5341156980836449E-012 -1.5869737136488623E-011  2.5848490452417313E-014  1.9337280836124305E-013  2.1008398397101054E-014  3.8818882071364247E-013  3.8825407827507293E-014  2.5376050675374613E-016  6.1257112116734856E-018  6.2639349871561811E-019  1.5128550561477753E-016  9.2650831157231422E-018  1.3822713535431387E-016  5.1916423234774413E-018 -4.3966557197396465E-018 -9.3793641639604106E-019  3.4294163307907449E-018  2.6098003257464128E-016  2.4396423351209650E-018  1.5382992668918021E-016  8.4867994175436757E-018  2.6328875877461799E-016 -1.1176206075059014E-002 -1.0857766820512003E-011 -1.0614067803668510E-010 -9.1180305939181165E-017  3.4019297645238364E-017 -3.4391651299229784E-017 -2.1506795805109499E-018  4.8327120143697216E-017 -6.1338721580434821E-018  6.1360158537928005E-015 -5.4776860517948966E-014  6.8432400608915600E-014  7.2986942134488536E-015  8.2439972621376425E-014  1.9114787259900086E-014 -2.7431194110170818E-014  4.5502937253230477E-003  2.4814687794791956E-012  2.6534197684871604E-011 -1.2381588150231336E-014  1.5056807212640952E-002  8.2456308431907142E-012  8.7182360137092231E-011 -1.4956878327212985E-014 -4.4479052313783083E-003 -2.8906570664343780E-012 -3.1717062922149211E-011  1.8393371574947911E-014  3.1786763201015830E-014
-5.4723300443142412E-015 -4.2366826510767112E-014 -1.5833657021748526E-004  7.7908184837960977E-012 -7.9261517594971604E-015  1.1740862705160556E-016 -8.7163286009269525E-017  6.6885823879692769E-018  2.8608956316317343E-017  1.2070493030332564E-016  8.6994919696765318E-017  5.4661653947522589E-013  3.2056622734532415E-004 -4.9423421922597654E-011 -2.2636431208202529E-014  1.4134090772608155E-012 -1.1854893568280495E-012  5.4495871762678795E-014 -8.7090713758384270E-014 -2.3925883241857394E-014  2.5986402028162742E-012  4.6751555384091837E-012 -4.8873510723485166E-012 -2.6010622935703674E-012 -1.8507159945038382E-016 -2.8921000387290355E-012 -4.2201589529780679E-003  3.5634110740541836E-010  2.3121281161123663E-014 -9.0396071660155948E-016  9.2961998785187704E-016  1.4197313756061496E-016 -4.4333385689633991E-016 -1.2647628803796404E-015 -8.4053940967604358E-016 -1.3460506851931814E-011 -1.3894244038421398E-002  1.1648342059249368E-009 -4.1672671623860261E-016 -6.2923803772617313E-016 -4.7367910435049813E-017 -8.2109840121468720E-016  1.1197599656766386E-015 -3.7144364450765052E-016 -1.8916393755243461E-013 -5.3440288630319821E-012 -2.5500329777602967E-012  2.3333636984927176E-013  2.9337179630701609E-015  2.0848091016344930E-014  9.1942779834329879E-012  8.6692462244032581E-012 -6.9746843830296749E-012 -4.5607866403301529E-012  3.3168842934618608E-014 -4.3179310587157859E-016  9.4908251734578024E-018 -7.8229570396714468E-018 -2.5577819197108929E-016 -6.0489253079247405E-019 -2.5328443623331119E-016  3.6728901666394231E-018  8.0387633766512599E-018 -6.5243675124995998E-019  8.2743947039406255E-019 -4.0762956307602412E-016 -1.0711930360647170E-017 -2.4705743961334528E-016 -8.3681252244258811E-018 -4.2930132503749180E-016 -1.0798785849634295E-011 -1.1176212096145357E-002  9.2102503466799657E-010  3.9544652405861344E-017 -5.0786176586403169E-017 -4.3014734401036989E-017  8.0794857266839787E-017 -1.1683886279942046E-016 -3.2997160798611959E-017 -9.8186765351600018E-015 -1.1530471047465879E-014  1.4184296243796789E-013  3.7956104524090809E-014  1.3021733503305893E-015 -1.0104711482980735E-013  1.0151011936653834E-014  2.4512000525562611E-012  4.5502952125529459E-003 -2.4115744280820062E-010  8.3552125175284095E-015  8.1446874052493352E-012  1.5056812107381662E-002 -7.8790077892197056E-010  6.5451905851101440E-015 -2.7179939326098896E-012 -4.4479070041502271E-003  2.9380366127045856E-010  5.2511834037199932E-015 -3.6033837864177642E-014
-1.2405039068213966E-014 -7.2350361617623234E-013  7.7907061062409196E-012 -1.5833658643106145E-004 -2.0078710127402475E-014  4.5653405362125585E-017  6.8876021694013342E-017  3.0018051216425887E-017  5.6004190232128085E-017 -1.2043128879137579E-016 -1.4768629719843079E-017  5.5728568522621309E-012 -4.9423421922597654E-011  3.2056633017194669E-004  1.1524332100127033E-013 -1.1853853975781337E-012  3.8771575448467845E-012  8.1178000004501879E-017  4.5645910240920220E-014 -1.5436151972600984E-013 -2.5692419228215366E-012  3.5666285234193100E-012  4.6326883524083779E-012 -5.5456037424227177E-012 -1.0196758829051461E-015 -3.6486112159342153E-011  3.5634452754827652E-010 -4.2201596944518079E-003  2.2109492560797229E-014 -1.2634116098830611E-015 -4.4791767164207315E-016 -7.0989490394731996E-017 -1.0089556005360988E-015  1.2484324640831222E-015 -8.7175732176898023E-016 -1.3341550080885396E-010  1.1648480427841126E-009 -1.3894246461919366E-002 -5.2067366993742308E-016  3.6407446596430416E-016  1.6626249035287879E-016 -8.3775254461779816E-016 -1.0235050187990597E-015 -7.4271826982660066E-016 -2.4764656859299396E-013 -2.5500354805989866E-012 -1.8402941648900086E-014  1.9321959540043331E-013  1.3889797461770040E-013  1.3927617192992847E-013 -4.4908558796763801E-012  8.3228007165033805E-012  8.5755450462382279E-012 -6.1754537638505529E-012  1.8799635774317196E-014 -3.0284232431173733E-016  1.5628188455662096E-017  7.2062222003855176E-018 -1.6298518776511201E-016 -4.3931466209063424E-019 -1.8221826447425344E-016  6.8313640684085828E-018 -6.3508844658782369E-020  2.5534126852814956E-018  3.4274390258455382E-018 -2.9308963706825348E-016  5.7167234085037652E-018 -1.7811768079713132E-016  2.8216679858157775E-018 -3.1358107806330325E-016 -1.0604135707097830E-010  9.2103519605470259E-010 -1.1176214012375476E-002 -2.2304333897789966E-016 -5.4092715588586580E-017 -9.7212420244144662E-017 -1.5478672970478657E-016  5.0589176193375891E-017 -2.5580576364143201E-016 -5.2007214577385507E-015 -1.2592499926027018E-014 -1.6863783354686653E-014  4.2725122776843442E-014 -2.2289359471671939E-014  1.0819491877700443E-013  3.5001759543667053E-014  2.6548443710108694E-011 -2.4116835436031902E-010  4.5502957142166209E-003  8.1783611798974524E-015  8.7235033538214807E-011 -7.8793846879814718E-010  1.5056813746374435E-002  1.1013148446761546E-014 -3.1779680880951787E-011  2.9387916787446599E-010 -4.4479076153029285E-003  2.9420228287792462E-014 -3.0345636332222593E-014
-1.2528143036613046E-015  1.8356396685991868E-013  1.1589837287308705E-014 -5.9814846523139797E-014 -1.9108066413486502E-015 -2.7851802042888062E-018  2.7366043779063074E-018  2.9684812837272122E-018 -7.9039418522612086E-019 -2.0013535697418371E-018  3.5755744539902214E-018 -3.9636523137636631E-013 -2.2636431208202529E-014  1.1524332100127033E-013  6.3160596547536505E-022 -6.8351520493411681E-022  1.6388540570956181E-021 -3.6655756966292690E-021 -3.5942831138216188E-021  2.8066031613744910E-021 -1.1457743347581844E-021  1.0439972563843607E-021  2.2190478383253346E-021 -1.9988300457654972E-021 -2.0615553777008694E-016  4.7125915899738907E-012  3.1493487258727070E-013 -1.6368909815823061E-012  3.1218237914638738E-015  3.4839065699883033E-017 -3.4232158962332572E-017 -3.7132674731582377E-017  9.8868461953587542E-018  2.5034304788858351E-017 -4.4725917015553113E-017  1.5172002631705403E-011  1.0482475706640587E-012 -5.4697975242971406E-012 -2.2692117313919724E-017  2.2296706333733886E-017  2.4185924354609140E-017 -6.4396480268337466E-018 -1.6305818034431790E-017  2.9131762331432339E-017 -1.8644057988458252E-020 -5.0509269895757479E-022  7.6047080309276487E-022  7.0020567825569853E-021 -6.0434051922886475E-021  1.7982872567156813E-020 -2.4977388862613329E-021  2.4495308407311244E-021  3.8536323899415034E-021 -2.3872572216743990E-021  3.8556654741142455E-015 -7.8840804954156564E-025 -3.9470209480117853E-025 -4.0082260685735364E-025  3.7428441917319001E-026  2.1014117184296458E-025 -4.2676658486505711E-025  2.9520920438005940E-025  1.5971199046982212E-025  1.3606352337012877E-025  2.8620934207227503E-025 -8.2399023378776659E-025 -1.2670933228991517E-025 -3.8643345962059423E-025 -5.5425298503297591E-026 -5.7137306768772356E-025  1.2257120628463501E-011  8.4084236577161083E-013 -4.3838730241055077E-012 -2.0965008312627994E-018  2.0598874299723295E-018  2.2344257432712044E-018 -5.9490421587019241E-019 -1.5064361921473097E-018  2.6914047042139301E-018  1.4328445299930425E-016  5.2562839528563292E-015 -5.1646821937785315E-015 -5.6022904838129802E-015  1.4916397384043111E-015  3.7769890719830583E-015 -6.7479236914640489E-015 -8.6299975930771999E-012 -2.3423355325213452E-013  1.0039572142014993E-012 -4.9098775993951954E-016 -2.8932863113383536E-011 -7.6408273790025432E-013  3.2424287766263474E-012 -6.2007551791473754E-016  1.2793500258979341E-011  2.8747479730483905E-013 -1.1528179343615826E-012 -1.0667436319469902E-015 -4.9114222606605338E-015
 3.4954627369977782E-016 -4.9522041257968773E-014 -7.5009858543242732E-013  6.1185194456361864E-013  5.4213552546791352E-016 -2.4756456867350773E-018  3.2126464592204192E-018  2.2749373471778498E-018  3.1980498190557780E-018 -1.7927124677528004E-018 -7.2240408343404368E-019  9.6215268068038697E-014  1.4134090772608155E-012 -1.1853853975781337E-012 -6.8351520493411681E-022  1.2456199292051883E-020 -2.1772759600512064E-020  1.3078607031266580E-021  4.4286116112846624E-022 -3.8741571099857845E-022  2.3012355813941120E-020  9.2528068501145953E-021 -4.3261606246689891E-020  9.3204842826099340E-021  5.5407784897222359E-017 -1.3493737387128985E-012 -2.0758511738839107E-011  1.6696240720470025E-011 -5.4189159004004753E-016  3.0968038557070103E-017 -4.0186958971913480E-017 -2.8457173391206322E-017 -4.0004319960785689E-017  2.2425189703333479E-017  9.0362915277468178E-018 -4.4982142199026397E-012 -6.9794538106746800E-011  5.5703549988519024E-011 -2.0170627522715479E-017  2.6175293205725308E-017  1.8535237008685416E-017  2.6056328010921222E-017 -1.4606368473169738E-017 -5.8856936338874715E-018  5.2021389837482542E-021 -2.0587387024620706E-020 -1.0921828320806478E-020 -1.4034251278052753E-021  1.3132146285078746E-021 -5.5653474220271500E-021  6.6115687145566756E-020  9.6020319283064759E-021 -6.8009209924244543E-020  9.2296648394802876E-022 -5.7982584011527906E-016  7.4905722794101673E-025 -5.1312749431169511E-025 -3.5971144712665174E-025 -4.1316026084952217E-025  1.9404482913195139E-025  1.7866740065452393E-025  3.2564199215170808E-025  1.5561163774930673E-025  1.2050322959517745E-025  1.7068419069285603E-025  6.8337287262179138E-025 -1.1326268809806460E-025  2.6972473692399643E-025 -1.0444931358041215E-025  4.5148227223262141E-025 -3.6070031436230204E-012 -5.5865904104073413E-011  4.4659799107802925E-011 -1.8634484857825489E-018  2.4182118103197180E-018  1.7123829253980429E-018  2.4072183737676751E-018 -1.3494109287327425E-018 -5.4376625532276226E-019 -2.3308975800242125E-017  4.6722062619604291E-015 -6.0630961833945302E-015 -4.2933971571412505E-015 -6.0355386382807807E-015  3.3833371990988964E-015  1.3633323749915081E-015  9.3563923144244632E-013  8.4569728382058953E-012 -1.1115591184640273E-011 -1.1708801445479161E-016  3.0417563645942994E-012  2.6522769058179708E-011 -3.6061174816394922E-011 -2.5911836849533071E-016 -1.1301280643465006E-012 -7.5224208678875064E-012  1.3128584040678427E-011 -6.1123691193433320E-016  3.5280107912307514E-015
