 5.0928045418837691E-031  0.0000000000000000E+000  0.0000000000000000E+000  0.0000000000000000E+000  4.2995280320189454E-031  0.0000000000000000E+000  0.0000000000000000E+000  0.0000000000000000E+000  0.0000000000000000E+000  0.0000000000000000E+000  0.0000000000000000E+000  0.0000000000000000E+000  0.0000000000000000E+000  0.0000000000000000E+000  0.0000000000000000E+000  0.0000000000000000E+000  5.8551376304924600E-032  0.0000000000000000E+000  0.0000000000000000E+000
 0.0000000000000000E+000  5.0928045418837709E-031  0.0000000000000000E+000  0.0000000000000000E+000  0.0000000000000000E+000  4.2995280320189463E-031  0.0000000000000000E+000  0.0000000000000000E+000  0.0000000000000000E+000  0.0000000000000000E+000  0.0000000000000000E+000  0.0000000000000000E+000  0.0000000000000000E+000  0.0000000000000000E+000  0.0000000000000000E+000  0.0000000000000000E+000  0.0000000000000000E+000  5.8551376304924611E-032  0.0000000000000000E+000
 0.0000000000000000E+000  0.0000000000000000E+000  5.0928045418837709E-031  0.0000000000000000E+000  0.0000000000000000E+000  0.0000000000000000E+000  4.2995280320189463E-031  0.0000000000000000E+000  0.0000000000000000E+000  0.0000000000000000E+000  0.0000000000000000E+000  0.0000000000000000E+000  0.0000000000000000E+000  0.0000000000000000E+000  0.0000000000000000E+000  0.0000000000000000E+000  0.0000000000000000E+000  0.0000000000000000E+000  5.8551376304924611E-032
 0.0000000000000000E+000  0.0000000000000000E+000  0.0000000000000000E+000  6.7357661597232721E-001  0.0000000000000000E+000  0.0000000000000000E+000  0.0000000000000000E+000  5.6740879064767313E-001  0.0000000000000000E+000  0.0000000000000000E+000  0.0000000000000000E+000  0.0000000000000000E+000  0.0000000000000000E+000  0.0000000000000000E+000 -7.1021702823861931E-003 -5.4188912089153044E-004  0.0000000000000000E+000  0.0000000000000000E+000  0.0000000000000000E+000
 4.2995280320189454E-031  0.0000000000000000E+000  0.0000000000000000E+000  0.0000000000000000E+000  6.3500772325975656E-031  0.0000000000000000E+000  0.0000000000000000E+000  0.0000000000000000E+000  0.0000000000000000E+000  0.0000000000000000E+000  0.0000000000000000E+000  0.0000000000000000E+000  0.0000000000000000E+000  0.0000000000000000E+000  0.0000000000000000E+000  0.0000000000000000E+000  5.7161494816477810E-032  0.0000000000000000E+000  0.0000000000000000E+000
 0.0000000000000000E+000  4.2995280320189463E-031  0.0000000000000000E+000  0.0000000000000000E+000  0.0000000000000000E+000  6.3500772325975656E-031  0.0000000000000000E+000  0.0000000000000000E+000  0.0000000000000000E+000  0.0000000000000000E+000  0.0000000000000000E+000  0.0000000000000000E+000  0.0000000000000000E+000  0.0000000000000000E+000  0.0000000000000000E+000  0.0000000000000000E+000  0.0000000000000000E+000  5.7161494816477810E-032  0.0000000000000000E+000
 0.0000000000000000E+000  0.0000000000000000E+000  4.2995280320189463E-031  0.0000000000000000E+000  0.0000000000000000E+000  0.0000000000000000E+000  6.3500772325975656E-031  0.0000000000000000E+000  0.0000000000000000E+000  0.0000000000000000E+000  0.0000000000000000E+000  0.0000000000000000E+000  0.0000000000000000E+000  0.0000000000000000E+000  0.0000000000000000E+000  0.0000000000000000E+000  0.0000000000000000E+000  0.0000000000000000E+000  5.7161494816477810E-032
 0.0000000000000000E+000  0.0000000000000000E+000  0.0000000000000000E+000  5.6740879064767313E-001  0.0000000000000000E+000  0.0000000000000000E+000  0.0000000000000000E+000  4.7799502568960439E-001  0.0000000000000000E+000  0.0000000000000000E+000  0.0000000000000000E+000  0.0000000000000000E+000  0.0000000000000000E+000  0.0000000000000000E+000  3.6140829645441903E-004 -4.5696491113104553E-004  0.0000000000000000E+000  0.0000000000000000E+000  0.0000000000000000E+000
 0.0000000000000000E+000  0.0000000000000000E+000  0.0000000000000000E+000  0.0000000000000000E+000  0.0000000000000000E+000  0.0000000000000000E+000  0.0000000000000000E+000  0.0000000000000000E+000  4.6707094409357462E-032  0.0000000000000000E+000  0.0000000000000000E+000 -2.3353547204678742E-032  0.0000000000000000E+000 -2.3353547204678720E-032  0.0000000000000000E+000  0.0000000000000000E+000  0.0000000000000000E+000  0.0000000000000000E+000  0.0000000000000000E+000
 0.0000000000000000E+000  0.0000000000000000E+000  0.0000000000000000E+000  0.0000000000000000E+000  0.0000000000000000E+000  0.0000000000000000E+000  0.0000000000000000E+000  0.0000000000000000E+000  0.0000000000000000E+000  4.6707094409357483E-032  0.0000000000000000E+000  0.0000000000000000E+000  0.0000000000000000E+000  0.0000000000000000E+000  0.0000000000000000E+000  0.0000000000000000E+000  0.0000000000000000E+000  0.0000000000000000E+000  0.0000000000000000E+000
 0.0000000000000000E+000  0.0000000000000000E+000  0.0000000000000000E+000  0.0000000000000000E+000  0.0000000000000000E+000  0.0000000000000000E+000  0.0000000000000000E+000  0.0000000000000000E+000  0.0000000000000000E+000  0.0000000000000000E+000  4.6707094409357483E-032  0.0000000000000000E+000  0.0000000000000000E+000  0.0000000000000000E+000  0.0000000000000000E+000  0.0000000000000000E+000  0.0000000000000000E+000  0.0000000000000000E+000  0.0000000000000000E+000
 0.0000000000000000E+000  0.0000000000000000E+000  0.0000000000000000E+000  0.0000000000000000E+000  0.0000000000000000E+000  0.0000000000000000E+000  0.0000000000000000E+000  0.0000000000000000E+000 -2.3353547204678742E-032  0.0000000000000000E+000  0.0000000000000000E+000  4.6707094409357462E-032  0.0000000000000000E+000 -2.3353547204678720E-032  0.0000000000000000E+000  0.0000000000000000E+000  0.0000000000000000E+000  0.0000000000000000E+000  0.0000000000000000E+000
 0.0000000000000000E+000  0.0000000000000000E+000  0.0000000000000000E+000  0.0000000000000000E+000  0.0000000000000000E+000  0.0000000000000000E+000  0.0000000000000000E+000  0.0000000000000000E+000  0.0000000000000000E+000  0.0000000000000000E+000  0.0000000000000000E+000  0.0000000000000000E+000  4.6707094409357483E-032  0.0000000000000000E+000  0.0000000000000000E+000  0.0000000000000000E+000  0.0000000000000000E+000  0.0000000000000000E+000  0.0000000000000000E+000
 0.0000000000000000E+000  0.0000000000000000E+000  0.0000000000000000E+000  0.0000000000000000E+000  0.0000000000000000E+000  0.0000000000000000E+000  0.0000000000000000E+000  0.0000000000000000E+000 -2.3353547204678720E-032  0.0000000000000000E+000  0.0000000000000000E+000 -2.3353547204678720E-032  0.0000000000000000E+000  4.6707094409357440E-032  0.0000000000000000E+000  0.0000000000000000E+000  0.0000000000000000E+000  0.0000000000000000E+000  0.0000000000000000E+000
 0.0000000000000000E+000  0.0000000000000000E+000  0.0000000000000000E+000 -7.1021702823861931E-003  0.0000000000000000E+000  0.0000000000000000E+000  0.0000000000000000E+000  3.6140829645441903E-004  0.0000000000000000E+000  0.0000000000000000E+000  0.0000000000000000E+000  0.0000000000000000E+000  0.0000000000000000E+000  0.0000000000000000E+000  2.0028789772091060E+000 -1.4812070686260218E-004  0.0000000000000000E+000  0.0000000000000000E+000  0.0000000000000000E+000
 0.0000000000000000E+000  0.0000000000000000E+000  0.0000000000000000E+000 -5.4188912089153044E-004  0.0000000000000000E+000  0.0000000000000000E+000  0.0000000000000000E+000 -4.5696491113104553E-004  0.0000000000000000E+000  0.0000000000000000E+000  0.0000000000000000E+000  0.0000000000000000E+000  0.0000000000000000E+000  0.0000000000000000E+000 -1.4812070686260218E-004  4.4776310970653351E-007  0.0000000000000000E+000  0.0000000000000000E+000  0.0000000000000000E+000
 5.8551376304924600E-032  0.0000000000000000E+000  0.0000000000000000E+000  0.0000000000000000E+000  5.7161494816477810E-032  0.0000000000000000E+000  0.0000000000000000E+000  0.0000000000000000E+000  0.0000000000000000E+000  0.0000000000000000E+000  0.0000000000000000E+000  0.0000000000000000E+000  0.0000000000000000E+000  0.0000000000000000E+000  0.0000000000000000E+000  0.0000000000000000E+000  1.6551790675418617E-032  0.0000000000000000E+000  0.0000000000000000E+000
 0.0000000000000000E+000  5.8551376304924611E-032  0.0000000000000000E+000  0.0000000000000000E+000  0.0000000000000000E+000  5.7161494816477810E-032  0.0000000000000000E+000  0.0000000000000000E+000  0.0000000000000000E+000  0.0000000000000000E+000  0.0000000000000000E+000  0.0000000000000000E+000  0.0000000000000000E+000  0.0000000000000000E+000  0.0000000000000000E+000  0.0000000000000000E+000  0.0000000000000000E+000  1.6551790675418617E-032  0.0000000000000000E+000
 0.0000000000000000E+000  0.0000000000000000E+000  5.8551376304924611E-032  0.0000000000000000E+000  0.0000000000000000E+000  0.0000000000000000E+000  5.7161494816477810E-032  0.0000000000000000E+000  0.0000000000000000E+000  0.0000000000000000E+000  0.0000000000000000E+000  0.0000000000000000E+000  0.0000000000000000E+000  0.0000000000000000E+000  0.0000000000000000E+000  0.0000000000000000E+000  0.0000000000000000E+000  0.0000000000000000E+000  1.6551790675418617E-032
