 3.4976267844212600E-001  0.0000000000000000E+000  0.0000000000000000E+000  0.0000000000000000E+000  5.2786922000081626E-001  0.0000000000000000E+000  0.0000000000000000E+000  0.0000000000000000E+000  0.0000000000000000E+000  0.0000000000000000E+000  0.0000000000000000E+000  0.0000000000000000E+000  0.0000000000000000E+000  0.0000000000000000E+000  0.0000000000000000E+000  0.0000000000000000E+000  3.7440415689806930E-004  0.0000000000000000E+000  0.0000000000000000E+000
 0.0000000000000000E+000  3.4976267844212600E-001  0.0000000000000000E+000  0.0000000000000000E+000  0.0000000000000000E+000  5.2786922000081626E-001  0.0000000000000000E+000  0.0000000000000000E+000  0.0000000000000000E+000  0.0000000000000000E+000  0.0000000000000000E+000  0.0000000000000000E+000  0.0000000000000000E+000  0.0000000000000000E+000  0.0000000000000000E+000  0.0000000000000000E+000  0.0000000000000000E+000  3.7440415689806930E-004  0.0000000000000000E+000
 0.0000000000000000E+000  0.0000000000000000E+000  3.4976267844212600E-001  0.0000000000000000E+000  0.0000000000000000E+000  0.0000000000000000E+000  5.2786922000081626E-001  0.0000000000000000E+000  0.0000000000000000E+000  0.0000000000000000E+000  0.0000000000000000E+000  0.0000000000000000E+000  0.0000000000000000E+000  0.0000000000000000E+000  0.0000000000000000E+000  0.0000000000000000E+000  0.0000000000000000E+000  0.0000000000000000E+000  3.7440415689806930E-004
 0.0000000000000000E+000  0.0000000000000000E+000  0.0000000000000000E+000  6.4801773996080581E-001  0.0000000000000000E+000  0.0000000000000000E+000  0.0000000000000000E+000  5.8377644184699706E-001  0.0000000000000000E+000  0.0000000000000000E+000  0.0000000000000000E+000  0.0000000000000000E+000  0.0000000000000000E+000  0.0000000000000000E+000 -4.7948605155023888E-003 -2.6122976528909623E-004  0.0000000000000000E+000  0.0000000000000000E+000  0.0000000000000000E+000
 5.2786922000081626E-001  0.0000000000000000E+000  0.0000000000000000E+000  0.0000000000000000E+000  7.9874087090227563E-001  0.0000000000000000E+000  0.0000000000000000E+000  0.0000000000000000E+000  0.0000000000000000E+000  0.0000000000000000E+000  0.0000000000000000E+000  0.0000000000000000E+000  0.0000000000000000E+000  0.0000000000000000E+000  0.0000000000000000E+000  0.0000000000000000E+000  5.2731082049001189E-004  0.0000000000000000E+000  0.0000000000000000E+000
 0.0000000000000000E+000  5.2786922000081626E-001  0.0000000000000000E+000  0.0000000000000000E+000  0.0000000000000000E+000  7.9874087090227563E-001  0.0000000000000000E+000  0.0000000000000000E+000  0.0000000000000000E+000  0.0000000000000000E+000  0.0000000000000000E+000  0.0000000000000000E+000  0.0000000000000000E+000  0.0000000000000000E+000  0.0000000000000000E+000  0.0000000000000000E+000  0.0000000000000000E+000  5.2731082049001189E-004  0.0000000000000000E+000
 0.0000000000000000E+000  0.0000000000000000E+000  5.2786922000081626E-001  0.0000000000000000E+000  0.0000000000000000E+000  0.0000000000000000E+000  7.9874087090227563E-001  0.0000000000000000E+000  0.0000000000000000E+000  0.0000000000000000E+000  0.0000000000000000E+000  0.0000000000000000E+000  0.0000000000000000E+000  0.0000000000000000E+000  0.0000000000000000E+000  0.0000000000000000E+000  0.0000000000000000E+000  0.0000000000000000E+000  5.2731082049001189E-004
 0.0000000000000000E+000  0.0000000000000000E+000  0.0000000000000000E+000  5.8377644184699706E-001  0.0000000000000000E+000  0.0000000000000000E+000  0.0000000000000000E+000  5.2728332613749496E-001  0.0000000000000000E+000  0.0000000000000000E+000  0.0000000000000000E+000  0.0000000000000000E+000  0.0000000000000000E+000  0.0000000000000000E+000  1.8059868876158652E-004 -2.0198067477594813E-004  0.0000000000000000E+000  0.0000000000000000E+000  0.0000000000000000E+000
 0.0000000000000000E+000  0.0000000000000000E+000  0.0000000000000000E+000  0.0000000000000000E+000  0.0000000000000000E+000  0.0000000000000000E+000  0.0000000000000000E+000  0.0000000000000000E+000  1.2308066857636646E-004  0.0000000000000000E+000  0.0000000000000000E+000 -6.1540334288183218E-005  0.0000000000000000E+000 -6.1540334288183232E-005  0.0000000000000000E+000  0.0000000000000000E+000  0.0000000000000000E+000  0.0000000000000000E+000  0.0000000000000000E+000
 0.0000000000000000E+000  0.0000000000000000E+000  0.0000000000000000E+000  0.0000000000000000E+000  0.0000000000000000E+000  0.0000000000000000E+000  0.0000000000000000E+000  0.0000000000000000E+000  0.0000000000000000E+000  1.2308066857636646E-004  0.0000000000000000E+000  0.0000000000000000E+000  0.0000000000000000E+000  0.0000000000000000E+000  0.0000000000000000E+000  0.0000000000000000E+000  0.0000000000000000E+000  0.0000000000000000E+000  0.0000000000000000E+000
 0.0000000000000000E+000  0.0000000000000000E+000  0.0000000000000000E+000  0.0000000000000000E+000  0.0000000000000000E+000  0.0000000000000000E+000  0.0000000000000000E+000  0.0000000000000000E+000  0.0000000000000000E+000  0.0000000000000000E+000  1.2308066857636646E-004  0.0000000000000000E+000  0.0000000000000000E+000  0.0000000000000000E+000  0.0000000000000000E+000  0.0000000000000000E+000  0.0000000000000000E+000  0.0000000000000000E+000  0.0000000000000000E+000
 0.0000000000000000E+000  0.0000000000000000E+000  0.0000000000000000E+000  0.0000000000000000E+000  0.0000000000000000E+000  0.0000000000000000E+000  0.0000000000000000E+000  0.0000000000000000E+000 -6.1540334288183218E-005  0.0000000000000000E+000  0.0000000000000000E+000  1.2308066857636646E-004  0.0000000000000000E+000 -6.1540334288183232E-005  0.0000000000000000E+000  0.0000000000000000E+000  0.0000000000000000E+000  0.0000000000000000E+000  0.0000000000000000E+000
 0.0000000000000000E+000  0.0000000000000000E+000  0.0000000000000000E+000  0.0000000000000000E+000  0.0000000000000000E+000  0.0000000000000000E+000  0.0000000000000000E+000  0.0000000000000000E+000  0.0000000000000000E+000  0.0000000000000000E+000  0.0000000000000000E+000  0.0000000000000000E+000  1.2308066857636646E-004  0.0000000000000000E+000  0.0000000000000000E+000  0.0000000000000000E+000  0.0000000000000000E+000  0.0000000000000000E+000  0.0000000000000000E+000
 0.0000000000000000E+000  0.0000000000000000E+000  0.0000000000000000E+000  0.0000000000000000E+000  0.0000000000000000E+000  0.0000000000000000E+000  0.0000000000000000E+000  0.0000000000000000E+000 -6.1540334288183232E-005  0.0000000000000000E+000  0.0000000000000000E+000 -6.1540334288183232E-005  0.0000000000000000E+000  1.2308066857636646E-004  0.0000000000000000E+000  0.0000000000000000E+000  0.0000000000000000E+000  0.0000000000000000E+000  0.0000000000000000E+000
 0.0000000000000000E+000  0.0000000000000000E+000  0.0000000000000000E+000 -4.7948605155023888E-003  0.0000000000000000E+000  0.0000000000000000E+000  0.0000000000000000E+000  1.8059868876158652E-004  0.0000000000000000E+000  0.0000000000000000E+000  0.0000000000000000E+000  0.0000000000000000E+000  0.0000000000000000E+000  0.0000000000000000E+000  2.0019176945369783E+000 -1.8270192989899479E-005  0.0000000000000000E+000  0.0000000000000000E+000  0.0000000000000000E+000
 0.0000000000000000E+000  0.0000000000000000E+000  0.0000000000000000E+000 -2.6122976528909623E-004  0.0000000000000000E+000  0.0000000000000000E+000  0.0000000000000000E+000 -2.0198067477594813E-004  0.0000000000000000E+000  0.0000000000000000E+000  0.0000000000000000E+000  0.0000000000000000E+000  0.0000000000000000E+000  0.0000000000000000E+000 -1.8270192989899479E-005  1.8458664149084584E-006  0.0000000000000000E+000  0.0000000000000000E+000  0.0000000000000000E+000
 3.7440415689806930E-004  0.0000000000000000E+000  0.0000000000000000E+000  0.0000000000000000E+000  5.2731082049001189E-004  0.0000000000000000E+000  0.0000000000000000E+000  0.0000000000000000E+000  0.0000000000000000E+000  0.0000000000000000E+000  0.0000000000000000E+000  0.0000000000000000E+000  0.0000000000000000E+000  0.0000000000000000E+000  0.0000000000000000E+000  0.0000000000000000E+000  1.1001166056992562E-006  0.0000000000000000E+000  0.0000000000000000E+000
 0.0000000000000000E+000  3.7440415689806930E-004  0.0000000000000000E+000  0.0000000000000000E+000  0.0000000000000000E+000  5.2731082049001189E-004  0.0000000000000000E+000  0.0000000000000000E+000  0.0000000000000000E+000  0.0000000000000000E+000  0.0000000000000000E+000  0.0000000000000000E+000  0.0000000000000000E+000  0.0000000000000000E+000  0.0000000000000000E+000  0.0000000000000000E+000  0.0000000000000000E+000  1.1001166056992562E-006  0.0000000000000000E+000
 0.0000000000000000E+000  0.0000000000000000E+000  3.7440415689806930E-004  0.0000000000000000E+000  0.0000000000000000E+000  0.0000000000000000E+000  5.2731082049001189E-004  0.0000000000000000E+000  0.0000000000000000E+000  0.0000000000000000E+000  0.0000000000000000E+000  0.0000000000000000E+000  0.0000000000000000E+000  0.0000000000000000E+000  0.0000000000000000E+000  0.0000000000000000E+000  0.0000000000000000E+000  0.0000000000000000E+000  1.1001166056992562E-006
