 4.1577359652368556E-001  0.0000000000000000E+000  0.0000000000000000E+000  0.0000000000000000E+000  6.3469868816071640E-001  0.0000000000000000E+000  0.0000000000000000E+000  0.0000000000000000E+000  0.0000000000000000E+000  0.0000000000000000E+000  0.0000000000000000E+000  0.0000000000000000E+000  0.0000000000000000E+000  0.0000000000000000E+000  0.0000000000000000E+000  0.0000000000000000E+000  5.1953848064394137E-004  0.0000000000000000E+000  0.0000000000000000E+000
 0.0000000000000000E+000  4.1577359652368534E-001  0.0000000000000000E+000  0.0000000000000000E+000  0.0000000000000000E+000  6.3469868816071628E-001  0.0000000000000000E+000  0.0000000000000000E+000  0.0000000000000000E+000  0.0000000000000000E+000  0.0000000000000000E+000  0.0000000000000000E+000  0.0000000000000000E+000  0.0000000000000000E+000  0.0000000000000000E+000  0.0000000000000000E+000  0.0000000000000000E+000  5.1953848064394126E-004  0.0000000000000000E+000
 0.0000000000000000E+000  0.0000000000000000E+000  4.1577359652368534E-001  0.0000000000000000E+000  0.0000000000000000E+000  0.0000000000000000E+000  6.3469868816071628E-001  0.0000000000000000E+000  0.0000000000000000E+000  0.0000000000000000E+000  0.0000000000000000E+000  0.0000000000000000E+000  0.0000000000000000E+000  0.0000000000000000E+000  0.0000000000000000E+000  0.0000000000000000E+000  0.0000000000000000E+000  0.0000000000000000E+000  5.1953848064394126E-004
 0.0000000000000000E+000  0.0000000000000000E+000  0.0000000000000000E+000  6.3906393333005596E-001  0.0000000000000000E+000  0.0000000000000000E+000  0.0000000000000000E+000  5.8541816985732753E-001  0.0000000000000000E+000  0.0000000000000000E+000  0.0000000000000000E+000  0.0000000000000000E+000  0.0000000000000000E+000  0.0000000000000000E+000 -4.1072775225706286E-003 -1.5937378751795106E-004  0.0000000000000000E+000  0.0000000000000000E+000  0.0000000000000000E+000
 6.3469868816071640E-001  0.0000000000000000E+000  0.0000000000000000E+000  0.0000000000000000E+000  9.6889852583504643E-001  0.0000000000000000E+000  0.0000000000000000E+000  0.0000000000000000E+000  0.0000000000000000E+000  0.0000000000000000E+000  0.0000000000000000E+000  0.0000000000000000E+000  0.0000000000000000E+000  0.0000000000000000E+000  0.0000000000000000E+000  0.0000000000000000E+000  7.9310084832415857E-004  0.0000000000000000E+000  0.0000000000000000E+000
 0.0000000000000000E+000  6.3469868816071628E-001  0.0000000000000000E+000  0.0000000000000000E+000  0.0000000000000000E+000  9.6889852583504643E-001  0.0000000000000000E+000  0.0000000000000000E+000  0.0000000000000000E+000  0.0000000000000000E+000  0.0000000000000000E+000  0.0000000000000000E+000  0.0000000000000000E+000  0.0000000000000000E+000  0.0000000000000000E+000  0.0000000000000000E+000  0.0000000000000000E+000  7.9310084832415857E-004  0.0000000000000000E+000
 0.0000000000000000E+000  0.0000000000000000E+000  6.3469868816071628E-001  0.0000000000000000E+000  0.0000000000000000E+000  0.0000000000000000E+000  9.6889852583504643E-001  0.0000000000000000E+000  0.0000000000000000E+000  0.0000000000000000E+000  0.0000000000000000E+000  0.0000000000000000E+000  0.0000000000000000E+000  0.0000000000000000E+000  0.0000000000000000E+000  0.0000000000000000E+000  0.0000000000000000E+000  0.0000000000000000E+000  7.9310084832415857E-004
 0.0000000000000000E+000  0.0000000000000000E+000  0.0000000000000000E+000  5.8541816985732753E-001  0.0000000000000000E+000  0.0000000000000000E+000  0.0000000000000000E+000  5.3628324243130099E-001  0.0000000000000000E+000  0.0000000000000000E+000  0.0000000000000000E+000  0.0000000000000000E+000  0.0000000000000000E+000  0.0000000000000000E+000  1.3289809208156644E-004 -1.4598117481559112E-004  0.0000000000000000E+000  0.0000000000000000E+000  0.0000000000000000E+000
 0.0000000000000000E+000  0.0000000000000000E+000  0.0000000000000000E+000  0.0000000000000000E+000  0.0000000000000000E+000  0.0000000000000000E+000  0.0000000000000000E+000  0.0000000000000000E+000  5.1336672394647622E-032  0.0000000000000000E+000  0.0000000000000000E+000 -2.5668336197323811E-032  0.0000000000000000E+000 -2.5668336197323811E-032  0.0000000000000000E+000  0.0000000000000000E+000  0.0000000000000000E+000  0.0000000000000000E+000  0.0000000000000000E+000
 0.0000000000000000E+000  0.0000000000000000E+000  0.0000000000000000E+000  0.0000000000000000E+000  0.0000000000000000E+000  0.0000000000000000E+000  0.0000000000000000E+000  0.0000000000000000E+000  0.0000000000000000E+000  5.1336672394647644E-032  0.0000000000000000E+000  0.0000000000000000E+000  0.0000000000000000E+000  0.0000000000000000E+000  0.0000000000000000E+000  0.0000000000000000E+000  0.0000000000000000E+000  0.0000000000000000E+000  0.0000000000000000E+000
 0.0000000000000000E+000  0.0000000000000000E+000  0.0000000000000000E+000  0.0000000000000000E+000  0.0000000000000000E+000  0.0000000000000000E+000  0.0000000000000000E+000  0.0000000000000000E+000  0.0000000000000000E+000  0.0000000000000000E+000  5.1336672394647666E-032  0.0000000000000000E+000  0.0000000000000000E+000  0.0000000000000000E+000  0.0000000000000000E+000  0.0000000000000000E+000  0.0000000000000000E+000  0.0000000000000000E+000  0.0000000000000000E+000
 0.0000000000000000E+000  0.0000000000000000E+000  0.0000000000000000E+000  0.0000000000000000E+000  0.0000000000000000E+000  0.0000000000000000E+000  0.0000000000000000E+000  0.0000000000000000E+000 -2.5668336197323811E-032  0.0000000000000000E+000  0.0000000000000000E+000  5.1336672394647622E-032  0.0000000000000000E+000 -2.5668336197323811E-032  0.0000000000000000E+000  0.0000000000000000E+000  0.0000000000000000E+000  0.0000000000000000E+000  0.0000000000000000E+000
 0.0000000000000000E+000  0.0000000000000000E+000  0.0000000000000000E+000  0.0000000000000000E+000  0.0000000000000000E+000  0.0000000000000000E+000  0.0000000000000000E+000  0.0000000000000000E+000  0.0000000000000000E+000  0.0000000000000000E+000  0.0000000000000000E+000  0.0000000000000000E+000  5.1336672394647666E-032  0.0000000000000000E+000  0.0000000000000000E+000  0.0000000000000000E+000  0.0000000000000000E+000  0.0000000000000000E+000  0.0000000000000000E+000
 0.0000000000000000E+000  0.0000000000000000E+000  0.0000000000000000E+000  0.0000000000000000E+000  0.0000000000000000E+000  0.0000000000000000E+000  0.0000000000000000E+000  0.0000000000000000E+000 -2.5668336197323811E-032  0.0000000000000000E+000  0.0000000000000000E+000 -2.5668336197323811E-032  0.0000000000000000E+000  5.1336672394647622E-032  0.0000000000000000E+000  0.0000000000000000E+000  0.0000000000000000E+000  0.0000000000000000E+000  0.0000000000000000E+000
 0.0000000000000000E+000  0.0000000000000000E+000  0.0000000000000000E+000 -4.1072775225706286E-003  0.0000000000000000E+000  0.0000000000000000E+000  0.0000000000000000E+000  1.3289809208156644E-004  0.0000000000000000E+000  0.0000000000000000E+000  0.0000000000000000E+000  0.0000000000000000E+000  0.0000000000000000E+000  0.0000000000000000E+000  2.0016438690623444E+000  8.2666122177866288E-006  0.0000000000000000E+000  0.0000000000000000E+000  0.0000000000000000E+000
 0.0000000000000000E+000  0.0000000000000000E+000  0.0000000000000000E+000 -1.5937378751795106E-004  0.0000000000000000E+000  0.0000000000000000E+000  0.0000000000000000E+000 -1.4598117481559112E-004  0.0000000000000000E+000  0.0000000000000000E+000  0.0000000000000000E+000  0.0000000000000000E+000  0.0000000000000000E+000  0.0000000000000000E+000  8.2666122177866288E-006  3.9771842977743422E-008  0.0000000000000000E+000  0.0000000000000000E+000  0.0000000000000000E+000
 5.1953848064394137E-004  0.0000000000000000E+000  0.0000000000000000E+000  0.0000000000000000E+000  7.9310084832415857E-004  0.0000000000000000E+000  0.0000000000000000E+000  0.0000000000000000E+000  0.0000000000000000E+000  0.0000000000000000E+000  0.0000000000000000E+000  0.0000000000000000E+000  0.0000000000000000E+000  0.0000000000000000E+000  0.0000000000000000E+000  0.0000000000000000E+000  6.4920003368813854E-007  0.0000000000000000E+000  0.0000000000000000E+000
 0.0000000000000000E+000  5.1953848064394126E-004  0.0000000000000000E+000  0.0000000000000000E+000  0.0000000000000000E+000  7.9310084832415857E-004  0.0000000000000000E+000  0.0000000000000000E+000  0.0000000000000000E+000  0.0000000000000000E+000  0.0000000000000000E+000  0.0000000000000000E+000  0.0000000000000000E+000  0.0000000000000000E+000  0.0000000000000000E+000  0.0000000000000000E+000  0.0000000000000000E+000  6.4920003368813854E-007  0.0000000000000000E+000
 0.0000000000000000E+000  0.0000000000000000E+000  5.1953848064394126E-004  0.0000000000000000E+000  0.0000000000000000E+000  0.0000000000000000E+000  7.9310084832415857E-004  0.0000000000000000E+000  0.0000000000000000E+000  0.0000000000000000E+000  0.0000000000000000E+000  0.0000000000000000E+000  0.0000000000000000E+000  0.0000000000000000E+000  0.0000000000000000E+000  0.0000000000000000E+000  0.0000000000000000E+000  0.0000000000000000E+000  6.4920003368813854E-007
