   4.4230192753613368E-002   3.2254582111983115E-008  -1.1241520600071889E-008  -9.7103634923419943E-008  -1.6055781162355915E-008  -5.4109667427390199E-009  -4.7044988732080308E-009   6.1975673697776441E-009  -3.1499165249491031E-009   9.8582136764492200E-009   6.5026252751452060E-002   1.6378642639756357E-008  -7.6825042215411455E-009   1.1421829692894263E-007  -1.0060707999857278E-008  -1.2097939532070974E-009  -3.5382124467215001E-009   4.8294586756883896E-009  -4.8046359071947888E-010   5.2312494081907829E-009   9.7596404493378830E-008   3.8838904354079933E-002   9.8071981129238252E-009  -4.3352237635040906E-009   5.5324665059527136E-009   8.7291223215101217E-004  -4.6837062471751906E-010   1.5791193658161623E-010   7.0713449754892106E-010  -1.0313207454978842E-009  -1.7874300410139743E-010  -3.6136214829775566E-010   4.6431078775688142E-010  -1.0110165668289170E-010   5.6700997343075647E-010
   3.2254582111983115E-008   4.4230194685808799E-002   3.1012307451469292E-009   4.1913093186703941E-008  -6.2166661855921414E-010  -1.2862060968016386E-008  -1.8268364409949216E-009   8.5305243213160761E-011  -2.7138073742758292E-009   5.3636168091254062E-010   1.3708026256115486E-008   6.5026253642102391E-002  -1.7838132894946072E-009   8.4324734467961269E-008   2.1016639936821914E-010  -8.4449825217769887E-009  -3.4068461222689772E-010  -5.4151024850666737E-010  -3.2380215824867009E-009   3.3134414547092992E-010   1.3563836166549804E-007   8.3297878584550632E-009   3.8838904911291112E-002  -3.3646312190166588E-010   6.4914237715968870E-009  -4.2568053163626428E-010   8.7291221398563650E-004  -9.4075797609727900E-012   7.3648334859711973E-010  -8.1282094970745100E-012  -8.4920794442584810E-010  -6.3571382810949807E-011  -1.4527940113232360E-011  -2.9812813338771440E-010   2.2656115221226930E-011
  -1.1241520600071889E-008   3.1012307451469292E-009   4.4230275915115927E-002  -7.7428316631351166E-008   2.8696040426279204E-009  -3.0175892822996351E-009  -1.0536893401169548E-008   4.4491788840650452E-009  -2.6195508570909743E-009  -7.3187831485871974E-009  -2.9135914808573860E-009   4.1503511032437137E-009   6.5026290076068444E-002   5.1963272259079229E-009   2.0399034488470742E-009  -4.7367678866727620E-010  -8.1593832412960840E-009   2.3010858055529345E-009  -9.1111131571357039E-010  -4.3409893718152274E-009  -3.4320791191836144E-008  -1.8386797770781224E-009   2.7772150962356100E-009   3.8838929663084477E-002  -9.1831581984154588E-010   6.2220309812979353E-011  -1.2764777401092748E-010   8.7291139398588675E-004  -5.0403474255045869E-011   2.1092942159712187E-010  -9.8053840806942573E-011  -7.8197190137846415E-010   2.6333416402745388E-010  -1.0133127414429594E-010  -4.7426353341157024E-010
  -9.7103634923419943E-008   4.1913093186703941E-008  -7.7428316631351166E-008   1.9799423350803848E-004   4.1003719922349878E-010   7.3338339481107747E-012   3.5598075249165110E-010   4.1610716241267904E-010   3.2530480162746491E-010  -8.2614363788852821E-010  -1.4290640267796665E-007   5.8213234590895447E-008  -1.1122159567190793E-007   7.8873840455572115E-003   1.3683416587398518E-010  -2.1798218144775973E-010   2.3979126739177605E-010   1.6048380282683504E-010   1.8796865233064947E-010  -2.9731706691095314E-010   1.0365986891865509E-002  -8.6280142347865964E-008   3.2969934109434568E-008  -6.5544814915593669E-008   1.0379923060232200E-002  -1.3113166476200526E-010   1.2246798663976346E-009  -1.2408955893965648E-009   3.0340954650194242E-004   1.3925631528910819E-011  -2.0797234656224780E-011   3.4191321779789219E-011   1.7747147969772379E-011   3.1332779144903760E-011  -3.1672582147043946E-011
  -1.6055781162355915E-008  -6.2166661855921414E-010   2.8696040426279204E-009   4.1003719922349878E-010   7.1541078976978974E-015   1.9700140225384569E-015   2.0307814751756170E-015  -8.1641027999965718E-016   1.9080032165110454E-015  -6.3376962070703279E-015  -2.3614391466160478E-008  -9.1387515090782106E-010   4.2212345843533217E-009   2.2176602200898169E-008   4.1586204671571705E-015  -7.2707886723378901E-017   1.4203346881012438E-015  -1.1536403967734785E-015   6.7902345963533949E-016  -3.0049777004379604E-015   2.8496828289964807E-008  -1.4100667215735948E-008  -5.4587750816222197E-010   2.5203171420381605E-009   1.1783638094934781E-009   1.3310750066689069E-009  -2.6688474254241966E-011  -3.5936521413146186E-010   1.3608485193895972E-010   4.2807183242337610E-016  -6.5859691312247713E-018   1.8855424572375903E-016  -8.0247178358914170E-017   1.3246327402632086E-016  -3.4782394020935203E-016
  -5.4109667427390199E-009  -1.2862060968016386E-008  -3.0175892822996351E-009   7.3338339481107747E-012   1.9700140225384569E-015   4.6094744432143797E-015   1.8437762161138216E-015  -1.0657378334982954E-015   1.3700358882902422E-015  -9.0427622285107452E-016  -7.9568964385904999E-009  -1.8917474022743866E-008  -4.4371934797873751E-009   4.0467131868126534E-010   1.0372359154528561E-015   2.6250839269188814E-015   1.1005444989869871E-015  -5.8198630235692232E-016   1.0717004184486334E-015  -4.5524965812680621E-016   5.1932230840899530E-010  -4.7517823812009527E-009  -1.1295908045722046E-008  -2.6499318430628725E-009  -7.8061929756415904E-012   2.0793894431933896E-010   1.1215797090963376E-009   7.9891189866440468E-011   1.5488015054831455E-012   1.1089982643049890E-016   2.6478746684581744E-016   1.1533951462282495E-016  -6.3295415212894429E-017   9.9964759806176883E-017  -4.7604393503762403E-017
  -4.7044988732080308E-009  -1.8268364409949216E-009  -1.0536893401169548E-008   3.5598075249165110E-010   2.0307814751756170E-015   1.8437762161138216E-015   3.9385645298686008E-015  -7.2783155707772113E-016   1.8496057275226491E-015  -1.3029486635002092E-015  -6.9205606558087486E-009  -2.6862388029649024E-009  -1.5498451197883085E-008   1.9255553526617298E-008   9.0319940151562847E-016   6.9388470266501874E-017   2.9077161557063920E-015  -6.5505456589059106E-016   8.5208689278431945E-016  -2.4814273324490540E-016   2.4743082127531234E-008  -4.1319028914739242E-009  -1.6042615648761773E-009  -9.2540236019611945E-009   1.0139333287665860E-009   6.1697342515064722E-010   4.3355137353013560E-011   1.0653033981698380E-009   1.1801094426603068E-010   1.0596596080388523E-016   7.9610946617544745E-018   3.1257628300260805E-016  -4.7175638236447871E-017   1.3635406713544462E-016  -5.8789713522452152E-017
   6.1975673697776441E-009   8.5305243213160761E-011   4.4491788840650452E-009   4.1610716241267904E-010  -8.1641027999965718E-016  -1.0657378334982954E-015  -7.2783155707772113E-016   2.4801185694610771E-015   1.9958086308490242E-016  -1.6637069212521001E-015   9.1157928726258842E-009   1.2495252275193924E-010   6.5439069054482125E-009   2.2509871502820287E-008  -8.2105205383157140E-016  -8.4275914822677998E-016  -6.4619196844848030E-016   1.3561927820171346E-015   3.6070024994971572E-016  -5.3513827937955909E-016   2.8924876824874456E-008   5.4430055752801893E-009   7.4802449727683013E-011   3.9074409990963439E-009   1.1885167129290314E-009  -6.1467624549381681E-010   7.9003511871437764E-011  -3.9987100709421872E-010   1.3799727081904385E-010  -6.2786388113626095E-017  -1.2235482984632496E-016  -5.7972858981822467E-018   1.5335417968656338E-016   7.3710324521883124E-017  -9.0567057962756109E-017
  -3.1499165249491031E-009  -2.7138073742758292E-009  -2.6195508570909743E-009   3.2530480162746491E-010   1.9080032165110454E-015   1.3700358882902422E-015   1.8496057275226491E-015   1.9958086308490242E-016   1.2574949161060675E-015  -2.1075829774017569E-015  -4.6317859027674660E-009  -3.9933663923046278E-009  -3.8522675989304170E-009   1.7599465917235108E-008   8.8221319170532017E-016   1.5606750520312128E-016   1.2805208063265095E-015  -9.5675725351909755E-017   6.9801673197688291E-016  -7.8653556922020396E-016   2.2614833810904035E-008  -2.7661431077354087E-009  -2.3837559618130445E-009  -2.3004607025620364E-009   9.1837727499541064E-010   8.4547554232638258E-011   5.6530476882816285E-010   1.3356767113942177E-010   1.0758124807703938E-010   1.0375228270676548E-016   1.5674442963448958E-018   1.6414690745392720E-016   7.2890581250419027E-018   1.0692464204477476E-016  -1.1104077491386848E-016
   9.8582136764492200E-009   5.3636168091254062E-010  -7.3187831485871974E-009  -8.2614363788852821E-010  -6.3376962070703279E-015  -9.0427622285107452E-016  -1.3029486635002092E-015  -1.6637069212521001E-015  -2.1075829774017569E-015   8.0014003494881864E-015   1.4498598414362912E-008   7.8892306882561201E-010  -1.0765141803467491E-008  -4.4686447232643297E-008  -3.3375679341224533E-015   9.1546624545807038E-016  -7.7414186179674209E-016  -2.0255187088424007E-016  -1.0397230918055775E-015   3.5401149862582408E-015  -5.7421670062834919E-008   8.6576615367535902E-009   4.7107532499392586E-010  -6.4277583334091752E-009  -2.3668337607380523E-009  -7.1639730504468700E-010  -5.2313553235088434E-011   7.5923404857352013E-010  -2.7410495782340748E-010  -3.6528542481518458E-016   1.2894072733337221E-016  -1.8275684065741046E-016  -7.3106947509616536E-017  -2.0617351412432775E-016   4.3839092486011977E-016
   6.5026252751452060E-002   1.3708026256115486E-008  -2.9135914808573860E-009  -1.4290640267796665E-007  -2.3614391466160478E-008  -7.9568964385904999E-009  -6.9205606558087486E-009   9.1157928726258842E-009  -4.6317859027674660E-009   1.4498598414362912E-008   9.5667190174403033E-002  -2.5488094125876504E-008   8.7182165397737740E-009   1.5932141727943842E-007  -1.4789726185341560E-008  -1.7807966582971984E-009  -5.1991594222098833E-009   7.0993460643517580E-009  -7.0659162244199228E-010   7.6903802441351879E-009   1.3271609748260178E-007   5.7113795617430095E-002  -1.5198708821020862E-008   5.5836002678847199E-009   1.1942890646878856E-008  -1.0298434462710258E-002  -8.5229830803737024E-010   4.8463403889870519E-010   8.9218878491779424E-010  -1.4182658520145413E-009  -2.9602691465757491E-010  -4.6257425780555279E-010   6.3305937737026929E-010  -1.4981968309762562E-010   7.8520649660246745E-010
   1.6378642639756357E-008   6.5026253642102391E-002   4.1503511032437137E-009   5.8213234590895447E-008  -9.1387515090782106E-010  -1.8917474022743866E-008  -2.6862388029649024E-009   1.2495252275193924E-010  -3.9933663923046278E-009   7.8892306882561201E-010  -2.5488094125876504E-008   9.5667188617508253E-002  -3.2289477199357705E-009  -5.9225007475352403E-008   3.1006551948137874E-010  -1.2414422030002929E-008  -5.0080475875790484E-010  -7.9819770831269313E-010  -4.7577352375337929E-009   4.8813262953309571E-010  -3.6164654299047340E-008  -1.5026095771969277E-008   5.7113794722237300E-002  -8.5702904805916120E-010  -3.0463488850616450E-009  -8.6952770625015033E-010  -1.0298434571298623E-002   2.5358420545246555E-010  -8.9908712174078825E-011   5.5635821196921424E-012  -1.1632992236962071E-009  -9.4324541441383518E-011  -5.6922828362029941E-011  -3.6882143938927361E-010   5.1359196452255008E-011
  -7.6825042215411455E-009  -1.7838132894946072E-009   6.5026290076068444E-002  -1.1122159567190793E-007   4.2212345843533217E-009  -4.4371934797873751E-009  -1.5498451197883085E-008   6.5439069054482125E-009  -3.8522675989304170E-009  -1.0765141803467491E-008   8.7182165397737740E-009  -3.2289477199357705E-009   9.5667120163180047E-002   1.4755121884349004E-007   2.9975284957873181E-009  -6.9660152223048477E-010  -1.1994512182535986E-008   3.3815797066996784E-009  -1.3414361426786263E-009  -6.3791083835694247E-009   1.2962488137336412E-007   5.0666583102593030E-009  -1.4898069840995287E-009   5.7113758206357133E-002   1.0806746461864233E-008   5.0709058037133115E-010   2.8286024474275453E-010  -1.0298436350134846E-002   7.8977047773436876E-010   2.7059044184573855E-010  -1.4532834603264266E-010  -1.0634870941608015E-009   3.4828506426567112E-010  -1.8121085017475871E-010  -6.1887543177420269E-010
   1.1421829692894263E-007   8.4324734467961269E-008   5.1963272259079229E-009   7.8873840455572115E-003   2.2176602200898169E-008   4.0467131868126534E-010   1.9255553526617298E-008   2.2509871502820287E-008   1.7599465917235108E-008  -4.4686447232643297E-008   1.5932141727943842E-007  -5.9225007475352403E-008   1.4755121884349004E-007  0.43598937378590957        7.4105600276056778E-009  -1.1783573959285103E-008   1.2976691134573294E-008   8.6893877606409801E-009   1.0176555416732239E-008  -1.6099900505380821E-008  0.55947749546612457        4.6823196986280523E-008  -1.3443060293382421E-007   1.3846537903163055E-007  -9.9234387242743971E-003   7.3307077974130728E-009  -2.1051793690291885E-008   2.0349125295024635E-008   1.8976106987920306E-003   1.1048951777685155E-009  -1.6365440100782934E-009   2.2602241711983995E-009   1.3040513903798890E-009   1.9602494622795305E-009  -2.4089323095531174E-009
  -1.0060707999857278E-008   2.1016639936821914E-010   2.0399034488470742E-009   1.3683416587398518E-010   4.1586204671571705E-015   1.0372359154528561E-015   9.0319940151562847E-016  -8.2105205383157140E-016   8.8221319170532017E-016  -3.3375679341224533E-015  -1.4789726185341560E-008   3.1006551948137874E-010   2.9975284957873181E-009   7.4105600276056778E-009   2.5096840345568600E-015   1.2662925764879591E-017   6.4772284533035629E-016  -8.4712608780115331E-016   2.2512858808485795E-016  -1.6625571636054241E-015   9.5216835993427314E-009  -8.8341264731033130E-009   1.8477014018907930E-010   1.7909509500857255E-009   3.5688090023412121E-010  -4.2391130719623691E-010  -1.8239406420559840E-010   2.9752750467012250E-010   4.3012486171523483E-011   2.6582033368125796E-016   5.4729002098053181E-018   8.3322730035968636E-017  -7.2336819408895962E-017   5.1832106605313835E-017  -1.9348327621005957E-016
  -1.2097939532070974E-009  -8.4449825217769887E-009  -4.7367678866727620E-010  -2.1798218144775973E-010  -7.2707886723378901E-017   2.6250839269188814E-015   6.9388470266501874E-017  -8.4275914822677998E-016   1.5606750520312128E-016   9.1546624545807038E-016  -1.7807966582971984E-009  -1.2414422030002929E-008  -6.9660152223048477E-010  -1.1783573959285103E-008   1.2662925764879591E-017   1.9695718076379125E-015  -1.0204102933431222E-016  -2.8848874462859443E-016   3.6582554931976113E-016   2.7582447936533901E-016  -1.5142363935080875E-008  -1.0627727171906545E-009  -7.4153589214708054E-009  -4.1598525286885646E-010  -6.4920275127743967E-010   3.5466957126122650E-010  -3.7377210194947486E-010   2.7015394979733547E-011  -6.8228418549396132E-011  -4.5980693830696830E-018   2.1415974372780671E-016  -3.2640230487140246E-017  -4.6377372802402845E-017   9.5340005778763078E-018   5.0975067711736595E-017
  -3.5382124467215001E-009  -3.4068461222689772E-010  -8.1593832412960840E-009   2.3979126739177605E-010   1.4203346881012438E-015   1.1005444989869871E-015   2.9077161557063920E-015  -6.4619196844848030E-016   1.2805208063265095E-015  -7.7414186179674209E-016  -5.1991594222098833E-009  -5.0080475875790484E-010  -1.1994512182535986E-008   1.2976691134573294E-008   6.4772284533035629E-016  -1.0204102933431222E-016   2.1776844050500697E-015  -5.4778888296016621E-016   5.3465507719766511E-016  -9.9932538330811508E-017   1.6674338433256204E-008  -3.1063966090280441E-009  -2.9914944887967452E-010  -7.1645626999566677E-009   6.6145991708957160E-010  -5.2683242830079566E-010  -1.7976530870069325E-011  -3.7074340206332821E-010   7.8046222872364767E-011   7.9155673086776463E-017  -1.0233564289577871E-017   2.4458672144908670E-016  -5.0019210227847587E-017   8.6484512018513807E-017  -2.9136054667033915E-017
   4.8294586756883896E-009  -5.4151024850666737E-010   2.3010858055529345E-009   1.6048380282683504E-010  -1.1536403967734785E-015  -5.8198630235692232E-016  -6.5505456589059106E-016   1.3561927820171346E-015  -9.5675725351909755E-017  -2.0255187088424007E-016   7.0993460643517580E-009  -7.9819770831269313E-010   3.3815797066996784E-009   8.6893877606409801E-009  -8.4712608780115331E-016  -2.8848874462859443E-016  -5.4778888296016621E-016   8.2715184876853745E-016   1.4279294830493048E-016   1.9975183650308453E-017   1.1165133848136195E-008   4.2406206651154382E-009  -4.7593469909564238E-010   2.0203124138040024E-009   4.3263177651784239E-010   2.3672039739613460E-010   3.4771646581306440E-010   2.9167885925543783E-010   5.1278086107644454E-011  -8.0774940243417209E-017  -4.8517261170898579E-017  -3.7357696919003432E-017   9.2748806547076089E-017   2.4710515042474260E-017  -1.1973580850418276E-017
  -4.8046359071947888E-010  -3.2380215824867009E-009  -9.1111131571357039E-010   1.8796865233064947E-010   6.7902345963533949E-016   1.0717004184486334E-015   8.5208689278431945E-016   3.6070024994971572E-016   6.9801673197688291E-016  -1.0397230918055775E-015  -7.0659162244199228E-010  -4.7577352375337929E-009  -1.3414361426786263E-009   1.0176555416732239E-008   2.2512858808485795E-016   3.6582554931976113E-016   5.3465507719766511E-016   1.4279294830493048E-016   4.9901139215067675E-016  -3.6792044922748009E-016   1.3076031179036504E-008  -4.2194538555114149E-010  -2.8427794549192413E-009  -8.0044781911147616E-010   5.0675929852371473E-010   2.9679799313470247E-011  -5.3671725591122853E-010   3.1822684476145197E-010   6.2228874288110882E-011   3.4349469452391399E-017   3.2171657781563936E-017   7.4207202705495788E-017   2.0468973276240502E-017   7.4253364675222856E-017  -5.4818112773636512E-017
   5.2312494081907829E-009   3.3134414547092992E-010  -4.3409893718152274E-009  -2.9731706691095314E-010  -3.0049777004379604E-015  -4.5524965812680621E-016  -2.4814273324490540E-016  -5.3513827937955909E-016  -7.8653556922020396E-016   3.5401149862582408E-015   7.6903802441351879E-009   4.8813262953309571E-010  -6.3791083835694247E-009  -1.6099900505380821E-008  -1.6625571636054241E-015   2.7582447936533901E-016  -9.9932538330811508E-017   1.9975183650308453E-017  -3.6792044922748009E-016   1.6425802521924582E-015  -2.0686756566880069E-008   4.5935058816844520E-009   2.9116482012987627E-010  -3.8112634687103769E-009  -7.8950445866524040E-010   1.8719097721650387E-010  -1.6532327011921848E-010  -5.8920490159347432E-010  -9.4307253212670132E-011  -1.8504527576894469E-016   4.3044192243790023E-017  -4.5964804300790348E-017  -2.0411848270356671E-017  -7.6542405305687169E-017   2.0545660052526314E-016
   9.7596404493378830E-008   1.3563836166549804E-007  -3.4320791191836144E-008   1.0365986891865509E-002   2.8496828289964807E-008   5.1932230840899530E-010   2.4743082127531234E-008   2.8924876824874456E-008   2.2614833810904035E-008  -5.7421670062834919E-008   1.3271609748260178E-007  -3.6164654299047340E-008   1.2962488137336412E-007  0.55947749546612457        9.5216835993427314E-009  -1.5142363935080875E-008   1.6674338433256204E-008   1.1165133848136195E-008   1.3076031179036504E-008  -2.0686756566880069E-008  0.71902382857935898        1.6928543843898941E-008  -1.4871484165547173E-007   1.4183173263407611E-007   3.3969488708259478E-002  -2.3549783677978653E-008  -8.5261611432008275E-009  -7.2410139659504109E-009   3.5959435493455876E-003   1.3910192552820199E-009  -2.0611106123625868E-009   2.8707701920568225E-009   1.6475638711304026E-009   2.4971978595443141E-009  -3.0385650972584950E-009
   3.8838904354079933E-002   8.3297878584550632E-009  -1.8386797770781224E-009  -8.6280142347865964E-008  -1.4100667215735948E-008  -4.7517823812009527E-009  -4.1319028914739242E-009   5.4430055752801893E-009  -2.7661431077354087E-009   8.6576615367535902E-009   5.7113795617430095E-002  -1.5026095771969277E-008   5.0666583102593030E-009   4.6823196986280523E-008  -8.8341264731033130E-009  -1.0627727171906545E-009  -3.1063966090280441E-009   4.2406206651154382E-009  -4.2194538555114149E-010   4.5935058816844520E-009   1.6928543843898941E-008   3.4107567153943481E-002  -8.9501363973529306E-009   3.2480511156793943E-009  -2.1733011438318319E-009  -1.5999829445010807E-003   1.6641001843076215E-009  -3.4233750067788574E-010   3.9603237089385001E-010  -8.8559561042941914E-010  -1.6374782264069013E-010  -3.0327960878692917E-010   3.9758852378500901E-010  -8.9019954215661320E-011   4.8800710019358493E-010
   9.8071981129238252E-009   3.8838904911291112E-002   2.7772150962356100E-009   3.2969934109434568E-008  -5.4587750816222197E-010  -1.1295908045722046E-008  -1.6042615648761773E-009   7.4802449727683013E-011  -2.3837559618130445E-009   4.7107532499392586E-010  -1.5198708821020862E-008   5.7113794722237300E-002  -1.4898069840995287E-009  -1.3443060293382421E-007   1.8477014018907930E-010  -7.4153589214708054E-009  -2.9914944887967452E-010  -4.7593469909564238E-010  -2.8427794549192413E-009   2.9116482012987627E-010  -1.4871484165547173E-007  -8.9501363973529306E-009   3.4107566641853847E-002  -2.4909520756384025E-010  -1.3733203405168446E-009   1.6275824093844795E-009  -1.5999826035869025E-003   3.4480391842933314E-010  -5.7651158881991938E-010  -3.5590925739169748E-012  -7.2828963116177825E-010  -5.5999762178133098E-011  -2.0024528592543551E-011  -2.4759276859086645E-010   2.3583591120492591E-011
  -4.3352237635040906E-009  -3.3646312190166588E-010   3.8838929663084477E-002  -6.5544814915593669E-008   2.5203171420381605E-009  -2.6499318430628725E-009  -9.2540236019611945E-009   3.9074409990963439E-009  -2.3004607025620364E-009  -6.4277583334091752E-009   5.5836002678847199E-009  -8.5702904805916120E-010   5.7113758206357133E-002   1.3846537903163055E-007   1.7909509500857255E-009  -4.1598525286885646E-010  -7.1645626999566677E-009   2.0203124138040024E-009  -8.0044781911147616E-010  -3.8112634687103769E-009   1.4183173263407611E-007   3.2480511156793943E-009  -2.4909520756384025E-010   3.4107547464395267E-002   5.5818691661079023E-010  -3.6580735103246764E-010   3.1611326861249463E-010  -1.5999786951657611E-003   7.7192457802682237E-010   1.7714522786772988E-010  -8.6341638135771097E-011  -6.6905197651799087E-010   2.2329528643062446E-010  -9.5566011411230945E-011  -4.0044046894180960E-010
   5.5324665059527136E-009   6.4914237715968870E-009  -9.1831581984154588E-010   1.0379923060232200E-002   1.1783638094934781E-009  -7.8061929756415904E-012   1.0139333287665860E-009   1.1885167129290314E-009   9.1837727499541064E-010  -2.3668337607380523E-009   1.1942890646878856E-008  -3.0463488850616450E-009   1.0806746461864233E-008  -9.9234387242743971E-003   3.5688090023412121E-010  -6.4920275127743967E-010   6.6145991708957160E-010   4.3263177651784239E-010   5.0675929852371473E-010  -7.8950445866524040E-010   3.3969488708259478E-002  -2.1733011438318319E-009  -1.3733203405168446E-009   5.5818691661079023E-010   2.0176245891778608       -8.2049596983100684E-009   3.7514476136105344E-009  -7.6565535157423161E-009   6.4364925865708765E-004  -1.1838415550181007E-009   1.7203169785175243E-009  -1.3315500098528271E-009  -1.1459569174194444E-009  -8.3367449174731257E-010   2.3297866057333024E-009
   8.7291223215101217E-004  -4.2568053163626428E-010   6.2220309812979353E-011  -1.3113166476200526E-010   1.3310750066689069E-009   2.0793894431933896E-010   6.1697342515064722E-010  -6.1467624549381681E-010   8.4547554232638258E-011  -7.1639730504468700E-010  -1.0298434462710258E-002  -8.6952770625015033E-010   5.0709058037133115E-010   7.3307077974130728E-009  -4.2391130719623691E-010   3.5466957126122650E-010  -5.2683242830079566E-010   2.3672039739613460E-010   2.9679799313470247E-011   1.8719097721650387E-010  -2.3549783677978653E-008  -1.5999829445010807E-003   1.6275824093844795E-009  -3.6580735103246764E-010  -8.2049596983100684E-009   2.0011958363001301        5.0133825180863662E-010  -1.5441911035567359E-010  -8.7108915139690651E-010  -1.6946404054026347E-008   5.7405225355243864E-009  -1.1876320743127791E-008   8.5725107574974299E-009   2.0231018936018447E-010   8.3738934883341496E-009
  -4.6837062471751906E-010   8.7291221398563650E-004  -1.2764777401092748E-010   1.2246798663976346E-009  -2.6688474254241966E-011   1.1215797090963376E-009   4.3355137353013560E-011   7.9003511871437764E-011   5.6530476882816285E-010  -5.2313553235088434E-011  -8.5229830803737024E-010  -1.0298434571298623E-002   2.8286024474275453E-010  -2.1051793690291885E-008  -1.8239406420559840E-010  -3.7377210194947486E-010  -1.7976530870069325E-011   3.4771646581306440E-010  -5.3671725591122853E-010  -1.6532327011921848E-010  -8.5261611432008275E-009   1.6641001843076215E-009  -1.5999826035869025E-003   3.1611326861249463E-010   3.7514476136105344E-009   5.0133825180863662E-010   2.0011958363923799        3.6418486763350090E-011   3.8486195692712856E-010  -3.0262178332061003E-009  -1.4735909004214263E-008   1.4779445979697509E-010   6.1445879388920620E-009  -1.2011239033732962E-008  -3.1183702400831830E-009
   1.5791193658161623E-010  -9.4075797609727900E-012   8.7291139398588675E-004  -1.2408955893965648E-009  -3.5936521413146186E-010   7.9891189866440468E-011   1.0653033981698380E-009  -3.9987100709421872E-010   1.3356767113942177E-010   7.5923404857352013E-010   4.8463403889870519E-010   2.5358420545246555E-010  -1.0298436350134846E-002   2.0349125295024635E-008   2.9752750467012250E-010   2.7015394979733547E-011  -3.7074340206332821E-010   2.9167885925543783E-010   3.1822684476145197E-010  -5.8920490159347432E-010  -7.2410139659504109E-009  -3.4233750067788574E-010   3.4480391842933314E-010  -1.5999786951657611E-003  -7.6565535157423161E-009  -1.5441911035567359E-010   3.6418486763350090E-011   2.0011958375541261       -8.0331133543024604E-010   6.8315053518933981E-009   2.0048685740087435E-010  -1.4900781854777724E-008   6.7202181023800435E-009   5.5680785845092621E-009  -1.3551723033439763E-008
   7.0713449754892106E-010   7.3648334859711973E-010  -5.0403474255045869E-011   3.0340954650194242E-004   1.3608485193895972E-010   1.5488015054831455E-012   1.1801094426603068E-010   1.3799727081904385E-010   1.0758124807703938E-010  -2.7410495782340748E-010   8.9218878491779424E-010  -8.9908712174078825E-011   7.8977047773436876E-010   1.8976106987920306E-003   4.3012486171523483E-011  -6.8228418549396132E-011   7.8046222872364767E-011   5.1278086107644454E-011   6.2228874288110882E-011  -9.4307253212670132E-011   3.5959435493455876E-003   3.9603237089385001E-010  -5.7651158881991938E-010   7.7192457802682237E-010   6.4364925865708765E-004  -8.7108915139690651E-010   3.8486195692712856E-010  -8.0331133543024604E-010   2.0000651377275065        5.3556185569025101E-012  -7.9390907291115803E-012   1.1847598407464400E-011   6.4787573434283067E-012   1.0553566277428560E-011  -1.1835698695144556E-011
  -1.0313207454978842E-009  -8.1282094970745100E-012   2.1092942159712187E-010   1.3925631528910819E-011   4.2807183242337610E-016   1.1089982643049890E-016   1.0596596080388523E-016  -6.2786388113626095E-017   1.0375228270676548E-016  -3.6528542481518458E-016  -1.4182658520145413E-009   5.5635821196921424E-012   2.7059044184573855E-010   1.1048951777685155E-009   2.6582033368125796E-016  -4.5980693830696830E-018   7.9155673086776463E-017  -8.0774940243417209E-017   3.4349469452391399E-017  -1.8504527576894469E-016   1.3910192552820199E-009  -8.8559561042941914E-010  -3.5590925739169748E-012   1.7714522786772988E-010  -1.1838415550181007E-009  -1.6946404054026347E-008  -3.0262178332061003E-009   6.8315053518933981E-009   5.3556185569025101E-012   1.9954999813282149E-016  -2.6893272758337205E-017   6.0552574377660554E-017  -6.4433674475103501E-017   4.2778810282464004E-017  -1.3511628099032185E-016
  -1.7874300410139743E-010  -8.4920794442584810E-010  -9.8053840806942573E-011  -2.0797234656224780E-011  -6.5859691312247713E-018   2.6478746684581744E-016   7.9610946617544745E-018  -1.2235482984632496E-016   1.5674442963448958E-018   1.2894072733337221E-016  -2.9602691465757491E-010  -1.1632992236962071E-009  -1.4532834603264266E-010  -1.6365440100782934E-009   5.4729002098053181E-018   2.1415974372780671E-016  -1.0233564289577871E-017  -4.8517261170898579E-017   3.2171657781563936E-017   4.3044192243790023E-017  -2.0611106123625868E-009  -1.6374782264069013E-010  -7.2828963116177825E-010  -8.6341638135771097E-011   1.7203169785175243E-009   5.7405225355243864E-009  -1.4735909004214263E-008   2.0048685740087435E-010  -7.9390907291115803E-012  -2.6893272758337205E-017   1.4956208201692108E-016  -4.1808074056361174E-017  -2.7945552794978490E-017   8.7792964379603621E-017   5.4838764460204128E-017
  -3.6136214829775566E-010  -6.3571382810949807E-011  -7.8197190137846415E-010   3.4191321779789219E-011   1.8855424572375903E-016   1.1533951462282495E-016   3.1257628300260805E-016  -5.7972858981822467E-018   1.6414690745392720E-016  -1.8275684065741046E-016  -4.6257425780555279E-010  -9.4324541441383518E-011  -1.0634870941608015E-009   2.2602241711983995E-009   8.3322730035968636E-017  -3.2640230487140246E-017   2.4458672144908670E-016  -3.7357696919003432E-017   7.4207202705495788E-017  -4.5964804300790348E-017   2.8707701920568225E-009  -3.0327960878692917E-010  -5.5999762178133098E-011  -6.6905197651799087E-010  -1.3315500098528271E-009  -1.1876320743127791E-008   1.4779445979697509E-010  -1.4900781854777724E-008   1.1847598407464400E-011   6.0552574377660554E-017  -4.1808074056361174E-017   2.1052820916759416E-016  -1.0124017861534313E-016  -2.9828921202881424E-017   4.0687680208067044E-017
   4.6431078775688142E-010  -1.4527940113232360E-011   2.6333416402745388E-010   1.7747147969772379E-011  -8.0247178358914170E-017  -6.3295415212894429E-017  -4.7175638236447871E-017   1.5335417968656338E-016   7.2890581250419027E-018  -7.3106947509616536E-017   6.3305937737026929E-010  -5.6922828362029941E-011   3.4828506426567112E-010   1.3040513903798890E-009  -7.2336819408895962E-017  -4.6377372802402845E-017  -5.0019210227847587E-017   9.2748806547076089E-017   2.0468973276240502E-017  -2.0411848270356671E-017   1.6475638711304026E-009   3.9758852378500901E-010  -2.0024528592543551E-011   2.2329528643062446E-010  -1.1459569174194444E-009   8.5725107574974299E-009   6.1445879388920620E-009   6.7202181023800435E-009   6.4787573434283067E-012  -6.4433674475103501E-017  -2.7945552794978490E-017  -1.0124017861534313E-016   8.9009793597886691E-017  -1.2566095694879074E-017  -2.4576067785020341E-017
  -1.0110165668289170E-010  -2.9812813338771440E-010  -1.0133127414429594E-010   3.1332779144903760E-011   1.3246327402632086E-016   9.9964759806176883E-017   1.3635406713544462E-016   7.3710324521883124E-017   1.0692464204477476E-016  -2.0617351412432775E-016  -1.4981968309762562E-010  -3.6882143938927361E-010  -1.8121085017475871E-010   1.9602494622795305E-009   5.1832106605313835E-017   9.5340005778763078E-018   8.6484512018513807E-017   2.4710515042474260E-017   7.4253364675222856E-017  -7.6542405305687169E-017   2.4971978595443141E-009  -8.9019954215661320E-011  -2.4759276859086645E-010  -9.5566011411230945E-011  -8.3367449174731257E-010   2.0231018936018447E-010  -1.2011239033732962E-008   5.5680785845092621E-009   1.0553566277428560E-011   4.2778810282464004E-017   8.7792964379603621E-017  -2.9828921202881424E-017  -1.2566095694879074E-017   9.9141282764741410E-017  -3.0212643900168166E-017
   5.6700997343075647E-010   2.2656115221226930E-011  -4.7426353341157024E-010  -3.1672582147043946E-011  -3.4782394020935203E-016  -4.7604393503762403E-017  -5.8789713522452152E-017  -9.0567057962756109E-017  -1.1104077491386848E-016   4.3839092486011977E-016   7.8520649660246745E-010   5.1359196452255008E-011  -6.1887543177420269E-010  -2.4089323095531174E-009  -1.9348327621005957E-016   5.0975067711736595E-017  -2.9136054667033915E-017  -1.1973580850418276E-017  -5.4818112773636512E-017   2.0545660052526314E-016  -3.0385650972584950E-009   4.8800710019358493E-010   2.3583591120492591E-011  -4.0044046894180960E-010   2.3297866057333024E-009   8.3738934883341496E-009  -3.1183702400831830E-009  -1.3551723033439763E-008  -1.1835698695144556E-011  -1.3511628099032185E-016   5.4838764460204128E-017   4.0687680208067044E-017  -2.4576067785020341E-017  -3.0212643900168166E-017   1.5969225477071674E-016
