   8.4528441828132599E-004   9.2444073957302400E-010  -6.6053519742288157E-010  -1.9337604409447181E-010   1.7441095598757818E-002   1.0555373068880885E-008  -7.6131691330825950E-009   2.3112557135108311E-009   1.9554959666318510E-009   5.0089616954259879E-009   7.2339390539225623E-010  -9.7203811846341729E-010  -3.0346495681646781E-009  -4.1155611907432478E-009   2.7565120025430545E-002   1.6453212308170779E-008  -1.0082535432220352E-008  -4.2195108048946894E-009   2.2916151705435480E-009   2.4112794347025426E-009   7.1582947629638922E-009   9.3710343688902399E-010  -1.6031099926293632E-009  -3.2287185632716848E-009  -1.5058731044608989E-003   3.9903370024951237E-011  -6.9494804916205918E-011   1.0219312452525387E-009  -6.7469808536274600E-011   3.1805279957615370E-010   5.1407172848528291E-010   1.3588528632140169E-009   3.5867694461555554E-010  -4.0389836231894290E-010  -6.7672972867814009E-010
   9.2444073957302400E-010   8.4528460088365974E-004   3.2866253545730453E-010  -2.6729110921618846E-010   8.6674042205982338E-009   1.7441097984740077E-002   4.7812958682584875E-009  -7.6883847904076016E-010   1.1958535433747321E-009  -9.5327158113389385E-011  -4.4954280085311593E-009   4.6940680404200672E-009   5.2642664731557439E-009  -4.4285057036875206E-009   1.3210388820297333E-008   2.7565122519079444E-002   8.4097400383855913E-009  -3.8581187703870386E-009  -9.8586334417236698E-010   2.3831103073090628E-009  -4.6053530547402047E-010  -3.4948891971824788E-009   4.4352020739673030E-009   4.4807525581208261E-009   1.7780485642230787E-011  -1.5058729908695692E-003   5.0462823738810459E-012   5.2078885813946536E-010  -5.6396165375354409E-012  -2.1454347463775896E-010   3.5643398340058140E-010  -1.0109340181687507E-010  -9.5879716163961921E-010   7.2099322962983598E-010   1.1733406328258058E-009
  -6.6053519742288157E-010   3.2866253545730453E-010   8.4528569004962463E-004  -6.6299616659621959E-010  -7.4361317286033549E-009   1.4721652337959607E-009   1.7441108467158132E-002   2.6229647720312071E-009   2.8275137819170189E-010  -1.1864616352033131E-009   1.4296426770979268E-009   4.8700426037465817E-009  -4.0526074689750258E-009  -9.4359404838580685E-009  -9.9295602461214922E-009   2.6590196058800072E-009   2.7565140747264124E-002  -9.3367998798551149E-009   2.8157685758033483E-009  -3.4520622199075392E-010  -8.3551255964408085E-011  -5.5618349261004721E-010   3.7874020150944847E-009  -2.2595851261789236E-009  -7.7384840397273391E-011  -3.8234413925023479E-011  -1.5058731262148814E-003   1.8760401293258863E-009  -1.1083059162011924E-010   9.0656359084617349E-010  -7.2140099160176464E-011  -2.3240388718143159E-010   8.6105391582809923E-011   8.3882288584241545E-010  -9.9266901030003121E-010
  -1.9337604409447181E-010  -2.6729110921618846E-010  -6.6299616659621959E-010   3.8045677612589889E-004  -2.4731754140744100E-009  -3.8716530732621114E-009  -1.0051873571664143E-008   1.2039845542347171E-012  -4.0923671254568005E-011  -1.4281181183648923E-010  -3.1901208394393564E-011  -5.7601538215646932E-011   3.0695204629743255E-011   1.4549710108518899E-002  -2.6088393274656559E-009  -5.0279270467864309E-009  -1.3316297178549493E-008   1.4613566090449863E-002  -9.7433291381882754E-012  -8.4638262394577530E-011   4.8990949968633714E-011  -5.3658565625774849E-011   3.3925872449584871E-011   6.3401583772233174E-011   1.2695553819334731E-009   3.0622718379386671E-010   2.1177194679976641E-009   7.6323634598687556E-003   3.9737858604020382E-004  -3.5452664285467274E-012  -2.0853413206009690E-011   3.4520784671503645E-012  -1.7109910812577817E-011   6.7228619643007142E-012   2.0655327489580294E-011
   1.7441095598757818E-002   8.6674042205982338E-009  -7.4361317286033549E-009  -2.4731754140744100E-009  0.36055954651406241        2.3858354237279566E-009  -2.8727431452812291E-008   4.7754175147376849E-008   4.0412887489280680E-008   1.0350468073269858E-007   1.4960071198717121E-008  -2.0091548113765892E-008  -6.2714245290445391E-008  -1.8320749114838277E-008  0.56968917869778235       -8.7505668580319454E-010  -5.2081854187509724E-009  -2.0984820429639550E-008   4.7408725357159475E-008   4.9842616466848232E-008   1.4803919276385355E-007   1.9342665237020239E-008  -3.3126358344961536E-008  -6.6751389677442163E-008   6.0533261894128009E-003  -5.4035335227183122E-010   3.1538856691115552E-009  -4.7434717534021563E-009   1.0715423861338499E-010   6.8411086128419978E-009   1.0691309674063410E-008   2.8439948046545349E-008   7.2493280516114095E-009  -8.3243047062865165E-009  -1.4090436343478895E-008
   1.0555373068880885E-008   1.7441097984740077E-002   1.4721652337959607E-009  -3.8716530732621114E-009   2.3858354237279566E-009  0.36055956696928104       -1.1091514597102444E-008  -1.5887685198810361E-008   2.4703036354980375E-008  -1.9687954610150032E-009  -9.2920418466053378E-008   9.6996118056969234E-008   1.0880810332412644E-007  -2.1665440005026436E-008  -6.2415501829449216E-009  0.56968918469602881        1.2602790257785004E-010  -1.0251658026736921E-008  -2.0360670778773868E-008   4.9305428193148388E-008  -9.5292409178163152E-009  -7.2233222553613343E-008   9.1733055648242089E-008   9.2593893621938134E-008  -8.7553757998394859E-010   6.0533238546447120E-003   1.1948421790228894E-009   3.0987136325059298E-009   7.1085577175463014E-010  -4.4839871641440505E-009   7.5890474322556528E-009  -2.0843515090117306E-009  -1.9645374302198593E-008   1.5300452482052313E-008   2.4129361382036056E-008
  -7.6131691330825950E-009   4.7812958682584875E-009   1.7441108467158132E-002  -1.0051873571664143E-008  -2.8727431452812291E-008  -1.1091514597102444E-008  0.36055953525312445        5.4227522947615252E-008   5.8436540263233850E-009  -2.4536418636294273E-008   2.9562030338712630E-008   1.0065127146200407E-007  -8.3789553736092097E-008  -3.7335293320800243E-008  -7.8276915082899925E-009  -1.0662417919312913E-008  0.56968916892717247       -3.6358342970251317E-008   5.8171856436531870E-008  -7.1449264868265252E-009  -1.6994793229346741E-009  -1.1526877630882161E-008   7.8314040611627227E-008  -4.6644979732312018E-008   3.0147367991942728E-009   5.2115723850173602E-010   6.0533264883878557E-003  -5.3942701528477325E-009   5.9895905607737731E-010   1.8424265182592926E-008  -1.4832790634860381E-009  -4.5390538149110025E-009   1.5193349677516108E-009   1.7378912454090844E-008  -1.9943600739481542E-008
   2.3112557135108311E-009  -7.6883847904076016E-010   2.6229647720312071E-009   1.2039845542347171E-012   4.7754175147376849E-008  -1.5887685198810361E-008   5.4227522947615252E-008   1.5181671879785692E-014   5.1430051819306085E-015   1.0106390359760341E-014   1.0521749377604603E-014   8.2018617361125376E-015  -2.5703421178486065E-014   4.9964850451401691E-011   7.5458547838528034E-008  -2.5104318408640563E-008   8.5679539282380289E-008   4.9778660994541142E-011   1.5923832852526629E-014   3.3544751802054980E-015   1.9769368862917896E-014   4.0120883961807689E-015   3.3488110380092404E-015  -1.9935921280648570E-014  -6.1823327394393454E-010   8.4932162010457610E-011   1.0732474370454827E-009   1.2433926877883667E-012   6.5292574472404525E-013   3.8626100216495435E-015   8.5812514763122414E-016   3.1638296370303284E-015   2.0610709392738969E-015   8.4000912593294662E-016  -5.9236810028199922E-015
   1.9554959666318510E-009   1.1958535433747321E-009   2.8275137819170189E-010  -4.0923671254568005E-011   4.0412887489280680E-008   2.4703036354980375E-008   5.8436540263233850E-009   5.1430051819306085E-015   6.3223444048418153E-015   1.1086035299929025E-014  -4.2071543699258689E-015   6.0327248565403170E-015  -9.3585046838368665E-016  -1.7033406128247677E-009   6.3856029251723699E-008   3.9035608187841461E-008   9.2334574105343677E-009  -1.6963263667330134E-009   4.8616332913248748E-015   8.8577067080542863E-015   1.5905838241120539E-014  -2.9613028935526297E-015   3.8357602369868627E-015  -1.9003302768560601E-015  -2.2684800525597170E-011  -5.9619952402614705E-010   8.4470004428880555E-012  -6.2461602423899307E-013  -3.4254512785325649E-012   7.5560406259541623E-016   1.6895846073330008E-015   2.9631779024360555E-015  -5.0752651305745154E-016   3.8468150419073200E-016  -2.4807755165798508E-016
   5.0089616954259879E-009  -9.5327158113389385E-011  -1.1864616352033131E-009  -1.4281181183648923E-010   1.0350468073269858E-007  -1.9687954610150032E-009  -2.4536418636294273E-008   1.0106390359760341E-014   1.1086035299929025E-014   3.1453960289072186E-014   2.8026414344157004E-015  -1.3123427355767787E-014  -1.2909030575460375E-014  -5.9221514643358501E-009   1.6354965911063887E-007  -3.1111885654170835E-009  -3.8765797419955232E-008  -5.8998948827913688E-009   9.7642932607079642E-015   1.4559950335533851E-014   4.2641119002764682E-014   6.7555944646872267E-015  -1.5354528815626988E-014  -1.6519887356122073E-014  -7.0897714412744767E-010   7.1531844571477891E-011  -8.8317656209997430E-010  -1.3393569747984545E-010  -5.1038497763689837E-012   7.2218716343563807E-016   3.1338556811629277E-015   8.4556097761069251E-015   2.1076038295989099E-015  -3.6600597851003950E-015  -2.8297909398957161E-015
   7.2339390539225623E-010  -4.4954280085311593E-009   1.4296426770979268E-009  -3.1901208394393564E-011   1.4960071198717121E-008  -9.2920418466053378E-008   2.9562030338712630E-008   1.0521749377604603E-014  -4.2071543699258689E-015   2.8026414344157004E-015   2.6994401059444768E-014  -1.7574261635474937E-014  -3.7516150147050419E-014  -1.3197640471891005E-009   2.3635873155740100E-008  -1.4681877579963300E-007   4.6706749026512673E-008  -1.3151085026843818E-009   1.1984854525286073E-014  -1.1216095101259635E-014   8.4549536492455768E-015   1.8477458626034862E-014  -1.8596133472824619E-014  -3.0462313254912668E-014   5.3566396004075741E-010  -8.3338591417996773E-010   8.7545462546219196E-010  -4.8365144786515643E-011  -3.5118237567528162E-012   2.9481460696609751E-015  -1.6269371716504340E-015   1.3499367626576572E-015   5.4894798386175357E-015  -2.8560053696702310E-015  -8.4376259395588135E-015
  -9.7203811846341729E-010   4.6940680404200672E-009   4.8700426037465817E-009  -5.7601538215646932E-011  -2.0091548113765892E-008   9.6996118056969234E-008   1.0065127146200407E-007   8.2018617361125376E-015   6.0327248565403170E-015  -1.3123427355767787E-014  -1.7574261635474937E-014   5.5323409796315208E-014   9.3723999841353672E-015  -2.3895120972209629E-009  -3.1745730864118858E-008   1.5326573919189785E-007   1.5903683570167607E-007  -2.3804296647173911E-009   8.1217376309796348E-015   8.5035859825088078E-015  -1.1295338959165369E-014  -2.3718771624501852E-014   4.8376150126543516E-014   1.5597033784614336E-014  -1.5421267144601162E-010  -7.5102307746369284E-010   2.4041505780122768E-010  -4.7964121724046541E-011  -2.0424660333711518E-012   3.5730124726449469E-015   1.0212474130481324E-015  -3.4225966567727364E-015  -5.2634191751371111E-015   9.4033515997153417E-015   1.6904064666213679E-015
  -3.0346495681646781E-009   5.2642664731557439E-009  -4.0526074689750258E-009   3.0695204629743255E-011  -6.2714245290445391E-008   1.0880810332412644E-007  -8.3789553736092097E-008  -2.5703421178486065E-014  -9.3585046838368665E-016  -1.2909030575460375E-014  -3.7516150147050419E-014   9.3723999841353672E-015   6.3219570956647994E-014   1.2697075745350519E-009  -9.9094419327937235E-008   1.7192309368003372E-007  -1.3238628901017318E-007   1.2652393256128191E-009  -2.7908687228729624E-014   7.8616205525931176E-015  -2.8224322367721452E-014  -2.2489546548252486E-014   1.5247321938229857E-014   5.0398233912514418E-014   8.2569694206617435E-011   7.4845145089299698E-010  -1.9487041917407345E-009   4.7166121151767332E-011   2.8714747476983291E-012  -6.8107560497990678E-015   7.6881218142059390E-016  -4.5137663782517997E-015  -7.5505505980385087E-015   2.0159961006373033E-015   1.4361306721012916E-014
  -4.1155611907432478E-009  -4.4285057036875206E-009  -9.4359404838580685E-009   1.4549710108518899E-002  -1.8320749114838277E-008  -2.1665440005026436E-008  -3.7335293320800243E-008   4.9964850451401691E-011  -1.7033406128247677E-009  -5.9221514643358501E-009  -1.3197640471891005E-009  -2.3895120972209629E-009   1.2697075745350519E-009  0.60937482310212898        2.3722044113483998E-008   1.0643951643271793E-008   4.5410675268201436E-008  0.60650260724036054       -4.1166674744858496E-010  -3.5165305615804519E-009   2.0188842920197822E-009  -2.2342685396826973E-009   1.4135908672812149E-009   2.6459316918686040E-009  -2.1452666385817082E-009   1.5320100063868534E-009  -2.4679221842642001E-009  -2.2117788200790460E-002  -4.6961304864588964E-004  -1.2706481338900110E-010  -9.2351543653989014E-010   2.7634712977357039E-010  -8.3424482054699693E-010   3.3312056252382193E-010   9.6131805497800327E-010
   2.7565120025430545E-002   1.3210388820297333E-008  -9.9295602461214922E-009  -2.6088393274656559E-009  0.56968917869778235       -6.2415501829449216E-009  -7.8276915082899925E-009   7.5458547838528034E-008   6.3856029251723699E-008   1.6354965911063887E-007   2.3635873155740100E-008  -3.1745730864118858E-008  -9.9094419327937235E-008   2.3722044113483998E-008  0.90015593035160879       -1.7203227852783005E-008   5.1140764055193817E-008   1.9411307321651249E-008   7.4898353230566137E-008   7.8753389048471128E-008   2.3389075858625938E-007   3.0568830552624332E-008  -5.2343607829846853E-008  -1.0546718233563508E-007   7.3737061808889647E-004  -6.4857483995012185E-010   3.2460346003609841E-009   2.2894855004647985E-009  -2.9441351844863929E-010   1.0745906460405841E-008   1.6877247104195944E-008   4.4852814406886198E-008   1.1493354255395569E-008  -1.3158567139697016E-008  -2.2239260208718694E-008
   1.6453212308170779E-008   2.7565122519079444E-002   2.6590196058800072E-009  -5.0279270467864309E-009  -8.7505668580319454E-010  0.56968918469602881       -1.0662417919312913E-008  -2.5104318408640563E-008   3.9035608187841461E-008  -3.1111885654170835E-009  -1.4681877579963300E-007   1.5326573919189785E-007   1.7192309368003372E-007   1.0643951643271793E-008  -1.7203227852783005E-008  0.90015589822011488        1.1048536488261415E-008   2.8535602640561040E-008  -3.2174919158810253E-008   7.7893904813608609E-008  -1.5054311666091298E-008  -1.1413344302509976E-007   1.4492902842676131E-007   1.4630836265494729E-007  -1.2034895137360055E-009   7.3736884151786816E-004   1.3341854179707504E-009   8.0499768743153904E-009   9.0999254971655794E-010  -7.0731961563873766E-009   1.1938458586487836E-008  -3.2946257945070415E-009  -3.1081707008400935E-008   2.4081075404455618E-008   3.8154903034658205E-008
  -1.0082535432220352E-008   8.4097400383855913E-009   2.7565140747264124E-002  -1.3316297178549493E-008  -5.2081854187509724E-009   1.2602790257785004E-010  0.56968916892717247        8.5679539282380289E-008   9.2334574105343677E-009  -3.8765797419955232E-008   4.6706749026512673E-008   1.5903683570167607E-007  -1.3238628901017318E-007   4.5410675268201436E-008   5.1140764055193817E-008   1.1048536488261415E-008  0.90015592759236396        4.6726679178761875E-008   9.1921491804709650E-008  -1.1287060112044466E-008  -2.6917654280419185E-009  -1.8205764806150447E-008   1.2373320846860009E-007  -7.3715728453673946E-008   3.0101664039736949E-009   2.4387575201139686E-010   7.3737079097924033E-004   8.3306439566627265E-009   7.4435172220738195E-011   2.9185875236378186E-008  -2.3455158645703132E-009  -7.2347716954619068E-009   2.4624624041937277E-009   2.7449917445735608E-008  -3.1648338568338350E-008
  -4.2195108048946894E-009  -3.8581187703870386E-009  -9.3367998798551149E-009   1.4613566090449863E-002  -2.0984820429639550E-008  -1.0251658026736921E-008  -3.6358342970251317E-008   4.9778660994541142E-011  -1.6963263667330134E-009  -5.8998948827913688E-009  -1.3151085026843818E-009  -2.3804296647173911E-009   1.2652393256128191E-009  0.60650260724036054        1.9411307321651249E-008   2.8535602640561040E-008   4.6726679178761875E-008  0.60417442585654646       -4.0937716834136385E-010  -3.5026602873387633E-009   2.0125233962809702E-009  -2.2249939638728171E-009   1.4076404272737560E-009   2.6343666519927435E-009   7.4430848403461345E-009   3.5537352970738816E-009   1.3302012872421657E-008   1.0677862408133419E-002   1.1119131624683968E-003  -1.2851295166177270E-010  -9.1436728019889651E-010   2.6244093094033668E-010  -8.1906115106010414E-010   3.2662215223633399E-010   9.4758228048458037E-010
   2.2916151705435480E-009  -9.8586334417236698E-010   2.8157685758033483E-009  -9.7433291381882754E-012   4.7408725357159475E-008  -2.0360670778773868E-008   5.8171856436531870E-008   1.5923832852526629E-014   4.8616332913248748E-015   9.7642932607079642E-015   1.1984854525286073E-014   8.1217376309796348E-015  -2.7908687228729624E-014  -4.1166674744858496E-010   7.4898353230566137E-008  -3.2174919158810253E-008   9.1921491804709650E-008  -4.0937716834136385E-010   1.6773374329659184E-014   2.6203391595457302E-015   1.9728692235054802E-014   4.7646765347075162E-015   3.0993082708810912E-015  -2.1538050907208645E-014   2.6324066645810880E-009   7.3920611717409652E-010  -1.0912223268877868E-009   3.6737810662513396E-011  -3.2366958859243108E-012   4.1546916725520748E-015   7.4764925486116459E-016   3.1272661517575584E-015   2.3196852809063445E-015   8.5574319104774927E-016  -6.4743770070123501E-015
   2.4112794347025426E-009   2.3831103073090628E-009  -3.4520622199075392E-010  -8.4638262394577530E-011   4.9842616466848232E-008   4.9305428193148388E-008  -7.1449264868265252E-009   3.3544751802054980E-015   8.8577067080542863E-015   1.4559950335533851E-014  -1.1216095101259635E-014   8.5035859825088078E-015   7.8616205525931176E-015  -3.5165305615804519E-009   7.8753389048471128E-008   7.7893904813608609E-008  -1.1287060112044466E-008  -3.5026602873387633E-009   2.6203391595457302E-015   1.3796746981360060E-014   1.9182100121243255E-014  -6.9609375199378641E-015   6.4070732356716192E-015   4.3405985676071236E-015   5.3036460263524299E-010   2.9483408862397455E-009  -5.7684278662854279E-010  -3.9198901636666477E-011  -3.2276208844633102E-012  -3.2908071239740615E-017   2.5623588462259820E-015   3.7290214311627121E-015  -1.6950761466372678E-015   6.1715469701228410E-016   1.7279842142558036E-015
   7.1582947629638922E-009  -4.6053530547402047E-010  -8.3551255964408085E-011   4.8990949968633714E-011   1.4803919276385355E-007  -9.5292409178163152E-009  -1.6994793229346741E-009   1.9769368862917896E-014   1.5905838241120539E-014   4.2641119002764682E-014   8.4549536492455768E-015  -1.1295338959165369E-014  -2.8224322367721452E-014   2.0188842920197822E-009   2.3389075858625938E-007  -1.5054311666091298E-008  -2.6917654280419185E-009   2.0125233962809702E-009   1.9728692235054802E-014   1.9182100121243255E-014   6.1054492809755825E-014   9.8939280330339123E-015  -1.6388600835121911E-014  -2.9622619912771780E-014   5.4878886303694392E-009  -6.1851288982216074E-010   1.4616919276602548E-009   1.2182483829672707E-010  -4.5793599872922674E-012   2.8494387097528939E-015   4.1958117848090013E-015   1.1792948209167060E-014   3.4598031025174273E-015  -3.9043207577778232E-015  -6.3092416491364068E-015
   9.3710343688902399E-010  -3.4948891971824788E-009  -5.5618349261004721E-010  -5.3658565625774849E-011   1.9342665237020239E-008  -7.2233222553613343E-008  -1.1526877630882161E-008   4.0120883961807689E-015  -2.9613028935526297E-015   6.7555944646872267E-015   1.8477458626034862E-014  -2.3718771624501852E-014  -2.2489546548252486E-014  -2.2342685396826973E-009   3.0568830552624332E-008  -1.1413344302509976E-007  -1.8205764806150447E-008  -2.2249939638728171E-009   4.7646765347075162E-015  -6.9609375199378641E-015   9.8939280330339123E-015   1.5888228054333536E-014  -2.2663720096459826E-014  -2.0652904552872153E-014  -1.2934601146452038E-009  -3.2150641147349213E-010  -1.7485895013513415E-009   3.6556743047587999E-012   1.4277555604854606E-012   6.7728132137728723E-016  -8.9385424865622292E-016   2.0612671281942495E-015   4.3013683344502746E-015  -4.0618298738203989E-015  -4.9786496330568382E-015
  -1.6031099926293632E-009   4.4352020739673030E-009   3.7874020150944847E-009   3.3925872449584871E-011  -3.3126358344961536E-008   9.1733055648242089E-008   7.8314040611627227E-008   3.3488110380092404E-015   3.8357602369868627E-015  -1.5354528815626988E-014  -1.8596133472824619E-014   4.8376150126543516E-014   1.5247321938229857E-014   1.4135908672812149E-009  -5.2343607829846853E-008   1.4492902842676131E-007   1.2373320846860009E-007   1.4076404272737560E-009   3.0993082708810912E-015   6.4070732356716192E-015  -1.6388600835121911E-014  -2.2663720096459826E-014   4.3398840750100437E-014   1.9564411599691958E-014   2.3630473860638500E-010   3.9159349374667265E-009   2.2399305098041279E-009  -7.5049735736024147E-012  -1.2356086223343269E-012   2.2268096384597661E-015   6.3987757562687364E-016  -4.1140944378075084E-015  -5.3348795246758118E-015   8.4597536956417797E-015   3.1080697254328887E-015
  -3.2287185632716848E-009   4.4807525581208261E-009  -2.2595851261789236E-009   6.3401583772233174E-011  -6.6751389677442163E-008   9.2593893621938134E-008  -4.6644979732312018E-008  -1.9935921280648570E-014  -1.9003302768560601E-015  -1.6519887356122073E-014  -3.0462313254912668E-014   1.5597033784614336E-014   5.0398233912514418E-014   2.6459316918686040E-009  -1.0546718233563508E-007   1.4630836265494729E-007  -7.3715728453673946E-008   2.6343666519927435E-009  -2.1538050907208645E-014   4.3405985676071236E-015  -2.9622619912771780E-014  -2.0652904552872153E-014   1.9564411599691958E-014   4.2190955466755410E-014  -1.3389463302432167E-009  -4.1770276786634530E-010   2.8398097686492165E-009  -4.0448958986806876E-011   1.8067832197455562E-012  -4.8319730003456155E-015   1.4620500989781801E-016  -5.1885331909779116E-015  -6.6210536319041745E-015   3.2060866010912071E-015   1.1453026663033298E-014
  -1.5058731044608989E-003   1.7780485642230787E-011  -7.7384840397273391E-011   1.2695553819334731E-009   6.0533261894128009E-003  -8.7553757998394859E-010   3.0147367991942728E-009  -6.1823327394393454E-010  -2.2684800525597170E-011  -7.0897714412744767E-010   5.3566396004075741E-010  -1.5421267144601162E-010   8.2569694206617435E-011  -2.1452666385817082E-009   7.3737061808889647E-004  -1.2034895137360055E-009   3.0101664039736949E-009   7.4430848403461345E-009   2.6324066645810880E-009   5.3036460263524299E-010   5.4878886303694392E-009  -1.2934601146452038E-009   2.3630473860638500E-010  -1.3389463302432167E-009   1.9990851467322597        1.9305885358482479E-011  -1.8979684886820861E-010   3.6326836684878079E-009   4.1457495574845772E-010   1.4414614285879636E-008   3.6155783048137353E-009   1.9207102469113042E-008  -8.7812020700777464E-009   1.2302310982586203E-009  -5.6334121963398397E-009
   3.9903370024951237E-011  -1.5058729908695692E-003  -3.8234413925023479E-011   3.0622718379386671E-010  -5.4035335227183122E-010   6.0533238546447120E-003   5.2115723850173602E-010   8.4932162010457610E-011  -5.9619952402614705E-010   7.1531844571477891E-011  -8.3338591417996773E-010  -7.5102307746369284E-010   7.4845145089299698E-010   1.5320100063868534E-009  -6.4857483995012185E-010   7.3736884151786816E-004   2.4387575201139686E-010   3.5537352970738816E-009   7.3920611717409652E-010   2.9483408862397455E-009  -6.1851288982216074E-010  -3.2150641147349213E-010   3.9159349374667265E-009  -4.1770276786634530E-010   1.9305885358482479E-011   1.9990851469408890       -6.2225821267380691E-011   8.2984790482980434E-010   8.1889647096799129E-011  -2.6946308057321454E-009   1.1981131810940632E-008   2.6408981771355335E-010   9.1225976181528962E-009   2.1511597158681536E-008  -6.4279675101917106E-009
  -6.9494804916205918E-011   5.0462823738810459E-012  -1.5058731262148814E-003   2.1177194679976641E-009   3.1538856691115552E-009   1.1948421790228894E-009   6.0533264883878557E-003   1.0732474370454827E-009   8.4470004428880555E-012  -8.8317656209997430E-010   8.7545462546219196E-010   2.4041505780122768E-010  -1.9487041917407345E-009  -2.4679221842642001E-009   3.2460346003609841E-009   1.3341854179707504E-009   7.3737079097924033E-004   1.3302012872421657E-008  -1.0912223268877868E-009  -5.7684278662854279E-010   1.4616919276602548E-009  -1.7485895013513415E-009   2.2399305098041279E-009   2.8398097686492165E-009  -1.8979684886820861E-010  -6.2225821267380691E-011   1.9990851466995845        6.0171043835213028E-009   6.7614280224430061E-010  -1.6737687512783708E-008   4.0885373614640551E-010   1.4192220626643286E-008  -1.3990734119950806E-008   2.3322182811775894E-009   3.0728420926010806E-008
   1.0219312452525387E-009   5.2078885813946536E-010   1.8760401293258863E-009   7.6323634598687556E-003  -4.7434717534021563E-009   3.0987136325059298E-009  -5.3942701528477325E-009   1.2433926877883667E-012  -6.2461602423899307E-013  -1.3393569747984545E-010  -4.8365144786515643E-011  -4.7964121724046541E-011   4.7166121151767332E-011  -2.2117788200790460E-002   2.2894855004647985E-009   8.0499768743153904E-009   8.3306439566627265E-009   1.0677862408133419E-002   3.6737810662513396E-011  -3.9198901636666477E-011   1.2182483829672707E-010   3.6556743047587999E-012  -7.5049735736024147E-012  -4.0448958986806876E-011   3.6326836684878079E-009   8.2984790482980434E-010   6.0171043835213028E-009   2.0200559455789446        7.7099109859429056E-004  -1.2179030681374537E-010   3.2973822392949541E-010  -7.8853485345140445E-010   7.2538316694128967E-010  -3.1662560531296827E-010  -6.0360576486406341E-010
  -6.7469808536274600E-011  -5.6396165375354409E-012  -1.1083059162011924E-010   3.9737858604020382E-004   1.0715423861338499E-010   7.1085577175463014E-010   5.9895905607737731E-010   6.5292574472404525E-013  -3.4254512785325649E-012  -5.1038497763689837E-012  -3.5118237567528162E-012  -2.0424660333711518E-012   2.8714747476983291E-012  -4.6961304864588964E-004  -2.9441351844863929E-010   9.0999254971655794E-010   7.4435172220738195E-011   1.1119131624683968E-003  -3.2366958859243108E-012  -3.2276208844633102E-012  -4.5793599872922674E-012   1.4277555604854606E-012  -1.2356086223343269E-012   1.8067832197455562E-012   4.1457495574845772E-010   8.1889647096799129E-011   6.7614280224430061E-010   7.7099109859429056E-004   2.0001374317969445       -4.5804950522395320E-013   4.8412130039466978E-015  -1.3808332480054287E-013  -7.0184834692223344E-013   1.4913981228590336E-012   1.1603839133332990E-012
   3.1805279957615370E-010  -2.1454347463775896E-010   9.0656359084617349E-010  -3.5452664285467274E-012   6.8411086128419978E-009  -4.4839871641440505E-009   1.8424265182592926E-008   3.8626100216495435E-015   7.5560406259541623E-016   7.2218716343563807E-016   2.9481460696609751E-015   3.5730124726449469E-015  -6.8107560497990678E-015  -1.2706481338900110E-010   1.0745906460405841E-008  -7.0731961563873766E-009   2.9185875236378186E-008  -1.2851295166177270E-010   4.1546916725520748E-015  -3.2908071239740615E-017   2.8494387097528939E-015   6.7728132137728723E-016   2.2268096384597661E-015  -4.8319730003456155E-015   1.4414614285879636E-008  -2.6946308057321454E-009  -1.6737687512783708E-008  -1.2179030681374537E-010  -4.5804950522395320E-013   1.3781617066026774E-015   3.8202212882514147E-017   3.4549097521803912E-016   5.0308169311011210E-016   5.0432366107081972E-016  -1.8812434166903956E-015
   5.1407172848528291E-010   3.5643398340058140E-010  -7.2140099160176464E-011  -2.0853413206009690E-011   1.0691309674063410E-008   7.5890474322556528E-009  -1.4832790634860381E-009   8.5812514763122414E-016   1.6895846073330008E-015   3.1338556811629277E-015  -1.6269371716504340E-015   1.0212474130481324E-015   7.6881218142059390E-016  -9.2351543653989014E-010   1.6877247104195944E-008   1.1938458586487836E-008  -2.3455158645703132E-009  -9.1436728019889651E-010   7.4764925486116459E-016   2.5623588462259820E-015   4.1958117848090013E-015  -8.9385424865622292E-016   6.3987757562687364E-016   1.4620500989781801E-016   3.6155783048137353E-009   1.1981131810940632E-008   4.0885373614640551E-010   3.2973822392949541E-010   4.8412130039466978E-015   3.8202212882514147E-017   5.6058924486374049E-016   8.5463392436169776E-016  -1.6571529440187510E-016   1.3200344008852266E-016   1.2751307281906400E-016
   1.3588528632140169E-009  -1.0109340181687507E-010  -2.3240388718143159E-010   3.4520784671503645E-012   2.8439948046545349E-008  -2.0843515090117306E-009  -4.5390538149110025E-009   3.1638296370303284E-015   2.9631779024360555E-015   8.4556097761069251E-015   1.3499367626576572E-015  -3.4225966567727364E-015  -4.5137663782517997E-015   2.7634712977357039E-010   4.4852814406886198E-008  -3.2946257945070415E-009  -7.2347716954619068E-009   2.6244093094033668E-010   3.1272661517575584E-015   3.7290214311627121E-015   1.1792948209167060E-014   2.0612671281942495E-015  -4.1140944378075084E-015  -5.1885331909779116E-015   1.9207102469113042E-008   2.6408981771355335E-010   1.4192220626643286E-008  -7.8853485345140445E-010  -1.3808332480054287E-013   3.4549097521803912E-016   8.5463392436169776E-016   2.5902609124857621E-015   4.8355363286882824E-016  -9.3298082655003267E-016  -8.2904457113508074E-016
   3.5867694461555554E-010  -9.5879716163961921E-010   8.6105391582809923E-011  -1.7109910812577817E-011   7.2493280516114095E-009  -1.9645374302198593E-008   1.5193349677516108E-009   2.0610709392738969E-015  -5.0752651305745154E-016   2.1076038295989099E-015   5.4894798386175357E-015  -5.2634191751371111E-015  -7.5505505980385087E-015  -8.3424482054699693E-010   1.1493354255395569E-008  -3.1081707008400935E-008   2.4624624041937277E-009  -8.1906115106010414E-010   2.3196852809063445E-015  -1.6950761466372678E-015   3.4598031025174273E-015   4.3013683344502746E-015  -5.3348795246758118E-015  -6.6210536319041745E-015  -8.7812020700777464E-009   9.1225976181528962E-009  -1.3990734119950806E-008   7.2538316694128967E-010  -7.0184834692223344E-013   5.0308169311011210E-016  -1.6571529440187510E-016   4.8355363286882824E-016   1.4065560819134855E-015  -8.4825623586263911E-016  -1.9096377807947162E-015
  -4.0389836231894290E-010   7.2099322962983598E-010   8.3882288584241545E-010   6.7228619643007142E-012  -8.3243047062865165E-009   1.5300452482052313E-008   1.7378912454090844E-008   8.4000912593294662E-016   3.8468150419073200E-016  -3.6600597851003950E-015  -2.8560053696702310E-015   9.4033515997153417E-015   2.0159961006373033E-015   3.3312056252382193E-010  -1.3158567139697016E-008   2.4081075404455618E-008   2.7449917445735608E-008   3.2662215223633399E-010   8.5574319104774927E-016   6.1715469701228410E-016  -3.9043207577778232E-015  -4.0618298738203989E-015   8.4597536956417797E-015   3.2060866010912071E-015   1.2302310982586203E-009   2.1511597158681536E-008   2.3322182811775894E-009  -3.1662560531296827E-010   1.4913981228590336E-012   5.0432366107081972E-016   1.3200344008852266E-016  -9.3298082655003267E-016  -8.4825623586263911E-016   1.9083710143926585E-015   3.4393253380578453E-016
  -6.7672972867814009E-010   1.1733406328258058E-009  -9.9266901030003121E-010   2.0655327489580294E-011  -1.4090436343478895E-008   2.4129361382036056E-008  -1.9943600739481542E-008  -5.9236810028199922E-015  -2.4807755165798508E-016  -2.8297909398957161E-015  -8.4376259395588135E-015   1.6904064666213679E-015   1.4361306721012916E-014   9.6131805497800327E-010  -2.2239260208718694E-008   3.8154903034658205E-008  -3.1648338568338350E-008   9.4758228048458037E-010  -6.4743770070123501E-015   1.7279842142558036E-015  -6.3092416491364068E-015  -4.9786496330568382E-015   3.1080697254328887E-015   1.1453026663033298E-014  -5.6334121963398397E-009  -6.4279675101917106E-009   3.0728420926010806E-008  -6.0360576486406341E-010   1.1603839133332990E-012  -1.8812434166903956E-015   1.2751307281906400E-016  -8.2904457113508074E-016  -1.9096377807947162E-015   3.4393253380578453E-016   3.7908812202340333E-015
