   2.1404472042923900E-003   1.1029082976182223E-017   3.6506081203050472E-017   1.4662416338705180E-016   3.1534113387281092E-002   3.0147824301033704E-016   1.9529474665527874E-016  -2.9571149295932196E-017   2.7436369345666174E-018  -1.3348658698402215E-017   1.6004943973491165E-018   3.1988299220237041E-017   2.1158812049568980E-017   1.5937846469242260E-015  -4.9517765959348110E-017   1.2058119898698385E-017   3.7150843643630266E-019   2.2860777041232688E-017   4.0779777840300737E-017   2.2181903266693187E-017   3.3187598565470995E-002   3.5072571629634115E-016   3.1647057960913252E-016   3.4145157291102912E-015   2.6582818882583412E-003  -1.8918588757378384E-016   2.7604054674694327E-015  -7.8715601447726821E-016   3.5318898633367323E-017  -1.9593891483977489E-016   9.7902799228815631E-017   1.2096192479484387E-015   6.8232433937237045E-016   7.6181271586606559E-016  -3.2859984301146507E-015
   1.1029082976182223E-017   2.1404472042928528E-003   6.3844145878854607E-018   9.0092439336502311E-017  -1.1978464232225731E-016   3.1534113387283895E-002   2.1186916778720422E-016  -3.8229799541142390E-017  -1.8482933370429726E-018   2.9061653612110597E-018   1.7453926011222038E-017   9.3623001389434655E-018   1.7229111147013437E-017   1.4480382764216030E-015  -2.0760242539660706E-017  -1.1725832078556187E-019  -8.1273471415660091E-018   6.8041780503944430E-017   1.0754199962277164E-017   6.7850535659178900E-017  -1.2030070132092850E-016   3.3187598565474985E-002   2.7462582997744124E-016   3.4324999657681364E-015  -8.4932166709698325E-016   2.6582818882587983E-003  -2.5984986911819741E-015  -1.7190720964009661E-015  -4.4578873868587328E-017  -1.1929700313072859E-016   7.8650165913671279E-016   3.3877114457896706E-016   8.5090172006895874E-016  -1.5827698005130605E-015  -3.2535934241481831E-015
   3.6506081203050472E-017   6.3844145878854607E-018   2.1404472042921225E-003   2.3596174635974505E-018   1.4003479043143006E-016  -6.1857239307679794E-017   3.1534113387279170E-002   4.4171297526670454E-018  -1.3019396480718372E-017  -1.5125187317468793E-017  -2.9753399755304851E-017  -3.5894109860195567E-019  -6.2266477555244526E-017  -1.1716015849981040E-015  -8.5122688507626505E-017   4.2270261848871303E-017   1.6405701247751745E-017  -4.1584345816092411E-017   4.0119070547193916E-017  -2.5401605874365642E-017   2.9578678598846796E-016  -4.4206625455188740E-017   3.3187598565469059E-002  -2.8635892852626913E-015   9.0909213564305688E-016  -1.3664234240147610E-015   2.6582818882571442E-003  -1.1566230518147454E-016   8.3542989634626486E-016  -3.4326871901442344E-017  -9.0876032602286006E-017   4.9658586337977072E-016   1.5359574754806872E-016  -1.8778804463954189E-016   2.6807726717650655E-015
   1.4662416338705180E-016   9.0092439336502311E-017   2.3596174635974505E-018   8.0326892929095481E-005   1.8242058628747370E-015   6.8934127507068750E-016   6.8177659256281860E-016  -7.7738089045325875E-017   4.4958164321829962E-018  -4.2403636581926981E-018  -1.1840377283810896E-016   6.9635972005217664E-018  -1.3252084279107279E-016   5.7643227474700942E-003   1.2882842145351140E-016  -8.2127587973152552E-017   1.3899146031407146E-016  -1.0220841863929064E-015   1.1525172804730907E-016   6.0353819821652578E-016   1.9511916422053223E-015   8.1306541363739677E-016   6.4999420847714412E-016   1.1140715829390292E-002  -1.5101807168461772E-015   1.1491489312339459E-014  -1.4682369899251948E-014   5.3708628923054256E-015  -1.4834847251243589E-015   2.5823106483219187E-015  -1.4915440676968911E-014   2.4600879720664405E-015   9.0459376019151027E-015   7.1586929021952815E-004  -1.0887087617076758E-002
   3.1534113387281092E-002  -1.1978464232225731E-016   1.4003479043143006E-016   1.8242058628747370E-015  0.46574919969478162       -1.1307459426902637E-016  -1.6530516597987273E-015  -4.6080084977047575E-016   5.3194368066727939E-017  -1.7065609867268681E-016   2.3151786804306723E-017   4.3043326008912849E-016   2.9391471489801386E-016  -3.2946395179194590E-015  -1.3172319020818014E-016   1.3002104709196594E-016   1.2761107627682620E-016   2.5261323748453792E-016  -3.3162679990643342E-016  -2.2702816089001782E-016  0.48995447436140438        3.9698033355988352E-016  -2.3657897904952499E-016  -1.6166559307666640E-015  -9.2747926489657045E-003   3.1228343091839186E-016  -2.1926111067578256E-015  -9.9558773132397650E-018   2.3007128318162993E-016   2.3729919908871270E-017   4.4252304512647105E-016  -8.8067031164514567E-016  -5.5379456473028652E-016   5.5512661838018381E-016   2.2282096539086914E-015
   3.0147824301033704E-016   3.1534113387283895E-002  -6.1857239307679794E-017   6.8934127507068750E-016  -1.1307459426902637E-016  0.46574919969476386       -7.4501049314651940E-016  -5.8150403183037635E-016  -3.2961703552271501E-017   4.3740263730667421E-017   2.6610101451068579E-016   1.2568023474301504E-016   2.2648028167304962E-016  -4.8011737768120056E-015   1.0777701873034462E-015   2.5186437728836444E-017  -1.7748620518572301E-017   3.0024964116711755E-016  -1.0390152919382904E-016   2.6235222828697213E-016   2.2818839888409443E-017  0.48995447436140083        2.6417979983931221E-016  -1.3014485570424395E-015   5.2771631632887524E-016  -9.2747926489645371E-003   3.8031806917198401E-015   1.7635834919572240E-015  -4.7294931029995975E-017   2.0524077972918633E-016  -1.5548543699735700E-015  -3.3935156353146689E-016  -1.4249480633428984E-015   4.0192066458989953E-015   2.8013943034610791E-015
   1.9529474665527874E-016   2.1186916778720422E-016   3.1534113387279170E-002   6.8177659256281860E-016  -1.6530516597987273E-015  -7.4501049314651940E-016  0.46574919969478179        7.6948604920090217E-017  -2.1496084175937517E-016  -1.5633390112145219E-016  -4.1269399080459353E-016   7.6209393173798491E-018  -9.0303179362078900E-016   2.8602119357857808E-015  -1.0810469658702045E-015  -6.5777217933759447E-017   2.7694942929744417E-016  -5.9186551254689661E-016   2.3014138766904365E-016  -4.6546749152535200E-016   3.1789973274890928E-016  -2.4056102945003070E-016  0.48995447436140610       -1.1921335070237030E-015   5.4022575888197907E-016   2.4663447278388060E-015  -9.2747926489585263E-003   7.3315035277421320E-016  -1.3010599971807211E-015   7.2844928068582814E-016  -1.0617204911200580E-015   2.9405553963247967E-016  -3.9800442062693029E-016  -2.0928015883556984E-015  -2.2357500576180918E-016
  -2.9571149295932196E-017  -3.8229799541142390E-017   4.4171297526670454E-018  -7.7738089045325875E-017  -4.6080084977047575E-016  -5.8150403183037635E-016   7.6948604920090217E-017   1.3498719349534029E-007   2.0315321149520628E-019  -5.0638155774958257E-019  -6.7493596747299595E-008   2.0012772438833030E-019  -6.7493596748430767E-008  -5.5478163459416121E-015   2.6161688351213041E-005   1.4008844983163816E-016  -3.1065451982800466E-017  -1.3080844175579424E-005  -1.4484789484905319E-017  -1.3080844175633148E-005  -4.8011150853231684E-016  -6.0840920829337270E-016   7.8583330193569090E-017  -1.0792068918835161E-014   1.1287339635370320E-015   1.0050803892069255E-015  -4.5806450576751578E-016   5.0788753635243864E-004   2.7121697132295387E-015  -6.1321583340513880E-016  -2.5394376817568812E-004  -2.7605393861665268E-016  -2.5394376817674890E-004  -5.7620321979735614E-015   1.0488230769114085E-014
   2.7436369345666174E-018  -1.8482933370429726E-018  -1.3019396480718372E-017   4.4958164321829962E-018   5.3194368066727939E-017  -3.2961703552271501E-017  -2.1496084175937517E-016   2.0315321149520628E-019   1.3498719350020430E-007   2.4319911340064432E-020   5.2753881065930229E-019  -3.4566102227902200E-019   1.6058680605065914E-019   3.7503102546471349E-016  -1.0031428583220992E-016   2.6161688351679251E-005   8.7754928614080236E-017   7.3275143571853148E-017  -4.2153539673960906E-017   2.8744241529298040E-017   5.3557492340536985E-017  -3.3573735065770854E-017  -2.2218926846684311E-016   7.1366904259875591E-016  -5.2723322224337704E-016   2.4096117081193648E-016   7.9005109923281511E-016  -1.9476243288033713E-015   5.0788753636159581E-004   1.6966546455710904E-015   1.4035308539781829E-015  -8.1635470926958963E-016   5.4486172543651246E-016  -8.9613377545296013E-016  -7.0759055387273169E-016
  -1.3348658698402215E-017   2.9061653612110597E-018  -1.5125187317468793E-017  -4.2403636581926981E-018  -1.7065609867268681E-016   4.3740263730667421E-017  -1.5633390112145219E-016  -5.0638155774958257E-019   2.4319911340064432E-020   1.3498719350143819E-007  -1.1582208560108359E-018  -1.1416901916127679E-021   1.5711773933195961E-018  -3.6382747004789253E-016  -6.6350662566341033E-017  -8.3057424302516423E-017   2.6161688351797870E-005  -1.0903018271377281E-016   1.0407526165675614E-016   1.7508155344673166E-016  -1.8450735080076496E-016   4.5867421115986192E-017  -1.7697706043242242E-016  -6.9476792881096310E-016  -1.0580892905672081E-015  -1.2985566445962535E-017  -2.7505278012417181E-015  -1.2929521353909522E-015  -1.6047314752681988E-015   5.0788753636391731E-004  -2.1185867903925125E-015   2.0214520960260487E-015   3.4109075255870447E-015   2.9635451245330022E-016   6.8335189753491982E-016
   1.6004943973491165E-018   1.7453926011222038E-017  -2.9753399755304851E-017  -1.1840377283810896E-016   2.3151786804306723E-017   2.6610101451068579E-016  -4.1269399080459353E-016  -6.7493596747299595E-008   5.2753881065930229E-019  -1.1582208560108359E-018   1.3498719349722139E-007   1.9219522144716852E-019  -6.7493596751612210E-008  -8.0413458330559828E-015  -1.3080844175563290E-005   2.9709193622366339E-017  -1.1491731977756461E-016   2.6161688351392439E-005   6.7335748132147945E-017  -1.3080844175833764E-005   2.4333441388749998E-017   2.7836001699392684E-016  -4.3867519760713987E-016  -1.5670386463424036E-014   8.6495763938447649E-018  -4.9265037828895661E-016  -1.0930842748867811E-015  -2.5394376817535510E-004   5.8159344485182759E-016  -2.2384869775240732E-015   5.0788753635597553E-004   1.3113748207523514E-015  -2.5394376818062156E-004  -6.7322630681639275E-015   1.5240785941832045E-014
   3.1988299220237041E-017   9.3623001389434655E-018  -3.5894109860195567E-019   6.9635972005217664E-018   4.3043326008912849E-016   1.2568023474301504E-016   7.6209393173798491E-018   2.0012772438833030E-019  -3.4566102227902200E-019  -1.1416901916127679E-021   1.9219522144716852E-019   1.3498719350226778E-007  -3.8277800295272457E-019   4.5049569456478466E-016   5.3268778741538362E-017  -2.5057388454699996E-017  -1.0527464418004503E-016  -3.0715379635006776E-017   2.6161688351879151E-005  -2.2554331339107029E-017   4.6008720883757042E-016   1.3445745055538405E-016   4.8991752439736830E-018   8.7450021594964493E-016   1.5200523657728996E-015   4.5888024496527496E-016  -6.1064405748738440E-016   1.0283206163933816E-015  -4.8370038302797078E-016  -2.0251313424511261E-015  -5.8734259826326831E-016   5.0788753636547617E-004  -4.4104010299821107E-016   1.0507404921715135E-016  -8.5358256835559725E-016
   2.1158812049568980E-017   1.7229111147013437E-017  -6.2266477555244526E-017  -1.3252084279107279E-016   2.9391471489801386E-016   2.2648028167304962E-016  -9.0303179362078900E-016  -6.7493596748430767E-008   1.6058680605065914E-019   1.5711773933195961E-018  -6.7493596751612210E-008  -3.8277800295272457E-019   1.3498719350212346E-007  -9.5781598537466856E-015  -1.3080844175725351E-005   2.9399202518013151E-018   1.2787619181569747E-016  -1.3080844176140632E-005  -5.1001065160168317E-017   2.6161688351870129E-005   3.1250053567265672E-016   2.4322105908074393E-016  -9.5319100732197463E-016  -1.8542141448620519E-014   6.4507709749925576E-016   9.9710748762692871E-016  -6.9744346397213260E-016  -2.5394376817855117E-004   5.9661688773411687E-017   2.5001923914269146E-015  -2.5394376818664761E-004  -9.9940815259046631E-016   5.0788753636519829E-004  -5.6940049902728659E-015   1.8076443774963978E-014
   1.5937846469242260E-015   1.4480382764216030E-015  -1.1716015849981040E-015   5.7643227474700942E-003  -3.2946395179194590E-015  -4.8011737768120056E-015   2.8602119357857808E-015  -5.5478163459416121E-015   3.7503102546471349E-016  -3.6382747004789253E-016  -8.0413458330559828E-015   4.5049569456478466E-016  -9.5781598537466856E-015  0.41512377110558069       -1.0893878270877040E-014  -7.4348544065834615E-016   2.4431498111903446E-016  -1.4657081331720383E-014  -1.0034183707971445E-015   7.0558546770364582E-015  -6.4447647825361560E-016  -2.3630455573234088E-015   2.9508429170432980E-015  0.80150363009190873       -9.8890220701166882E-016  -2.7252304942359766E-014   3.3026576420825357E-014  -1.9082299443963087E-014  -6.0055484934346312E-015  -3.6949657676581750E-015   5.5470847153971728E-014  -3.6392023589377988E-015  -6.9907908164966327E-014  -2.3679417947101021E-003 -0.78387147463904150     
  -4.9517765959348110E-017  -2.0760242539660706E-017  -8.5122688507626505E-017   1.2882842145351140E-016  -1.3172319020818014E-016   1.0777701873034462E-015  -1.0810469658702045E-015   2.6161688351213041E-005  -1.0031428583220992E-016  -6.6350662566341033E-017  -1.3080844175563290E-005   5.3268778741538362E-017  -1.3080844175725351E-005  -1.0893878270877040E-014   5.0703620074123738E-003   7.7777457040321746E-017   1.4051526176696084E-016  -2.5351810037064753E-003  -4.8423814800907153E-019  -2.5351810037058074E-003  -2.0654015404814862E-016   9.2131293846252276E-016  -1.2107313728710733E-015  -2.0273290879761041E-014  -5.6891215458741033E-017   5.4712047205462197E-016  -2.0851363798400826E-015   9.8433007602136358E-002   7.0982102133729010E-017   7.6469414500117240E-016  -4.9216503801072779E-002   9.8778144748426004E-016  -4.9216503801063266E-002  -2.8208301220055829E-014   1.9445903194142715E-014
   1.2058119898698385E-017  -1.1725832078556187E-019   4.2270261848871303E-017  -8.2127587973152552E-017   1.3002104709196594E-016   2.5186437728836444E-017  -6.5777217933759447E-017   1.4008844983163816E-016   2.6161688351679251E-005  -8.3057424302516423E-017   2.9709193622366339E-017  -2.5057388454699996E-017   2.9399202518013151E-018  -7.4348544065834615E-016   7.7777457040321746E-017   5.0703620074103841E-003  -3.0825249486260807E-018   1.4394988772387594E-016  -4.2410132340744270E-017   1.0873568408183660E-016   1.3160764233530716E-016   3.3197991863484800E-017   1.4355396911862050E-017  -8.5325260017797297E-016   1.3475282288127818E-015   1.7149799804930201E-016  -5.2521378701309564E-016   1.4746251747425548E-015   9.8433007602118358E-002  -1.4102268479495778E-015  -8.8575675250392055E-016  -4.3780761351322389E-016  -4.3997305324285870E-016   7.0337734621804185E-016   9.5517019732382119E-016
   3.7150843643630266E-019  -8.1273471415660091E-018   1.6405701247751745E-017   1.3899146031407146E-016   1.2761107627682620E-016  -1.7748620518572301E-017   2.7694942929744417E-016  -3.1065451982800466E-017   8.7754928614080236E-017   2.6161688351797870E-005  -1.1491731977756461E-016  -1.0527464418004503E-016   1.2787619181569747E-016   2.4431498111903446E-016   1.4051526176696084E-016  -3.0825249486260807E-018   5.0703620074100154E-003   1.0189319311522930E-016  -1.8956676768890118E-016  -3.0041389315000593E-016   9.0215314425068282E-017  -3.6671038990741105E-017   2.4772704459237232E-016   1.1088355234018160E-015   1.1654517992488744E-015  -3.3807858515520789E-017   1.2098997430166945E-015   1.7860405435697285E-015   1.4317491081063639E-015   9.8433007602114833E-002   1.6022322764331792E-015  -3.4869957805548296E-015  -3.5106449404421894E-015  -6.2804843016515154E-017  -9.8639373132056061E-016
   2.2860777041232688E-017   6.8041780503944430E-017  -4.1584345816092411E-017  -1.0220841863929064E-015   2.5261323748453792E-016   3.0024964116711755E-016  -5.9186551254689661E-016  -1.3080844175579424E-005   7.3275143571853148E-017  -1.0903018271377281E-016   2.6161688351392439E-005  -3.0715379635006776E-017  -1.3080844176140632E-005  -1.4657081331720383E-014  -2.5351810037064753E-003   1.4394988772387594E-016   1.0189319311522930E-016   5.0703620074112540E-003  -1.2185363039637126E-016  -2.5351810037056730E-003   2.5984379520298575E-016   4.3711791168262022E-016  -5.5221916941738607E-016  -3.7087455020867908E-014   1.3745923654277621E-015   1.0964300349128959E-015  -3.7804429277925907E-016  -4.9216503801068949E-002   3.7319610970325449E-015   5.1480629655049748E-016   9.8433007602125130E-002  -1.5596519301746649E-015  -4.9216503801056403E-002  -2.9230709409684729E-014   3.4480967219211216E-014
   4.0779777840300737E-017   1.0754199962277164E-017   4.0119070547193916E-017   1.1525172804730907E-016  -3.3162679990643342E-016  -1.0390152919382904E-016   2.3014138766904365E-016  -1.4484789484905319E-017  -4.2153539673960906E-017   1.0407526165675614E-016   6.7335748132147945E-017   2.6161688351879151E-005  -5.1001065160168317E-017  -1.0034183707971445E-015  -4.8423814800907153E-019  -4.2410132340744270E-017  -1.8956676768890118E-016  -1.2185363039637126E-016   5.0703620074103607E-003   1.2215729170798569E-016  -2.6252665653044100E-016  -7.4590396391344656E-017   1.6479213191444193E-016  -1.3429206402837612E-015  -1.2867175848328394E-015  -4.9050735217746223E-016  -2.0045706236052687E-017  -1.1350283844854816E-015  -2.9055898244606417E-016  -7.3687631246384863E-017  -6.3146983844164750E-016   9.8433007602117845E-002   1.7544678139773571E-015  -3.0927182897662732E-016   1.3972173827967167E-015
   2.2181903266693187E-017   6.7850535659178900E-017  -2.5401605874365642E-017   6.0353819821652578E-016  -2.2702816089001782E-016   2.6235222828697213E-016  -4.6546749152535200E-016  -1.3080844175633148E-005   2.8744241529298040E-017   1.7508155344673166E-016  -1.3080844175833764E-005  -2.2554331339107029E-017   2.6161688351870129E-005   7.0558546770364582E-015  -2.5351810037058074E-003   1.0873568408183660E-016  -3.0041389315000593E-016  -2.5351810037056730E-003   1.2215729170798569E-016   5.0703620074122836E-003  -1.5759772460516102E-016   3.7823796216076593E-016  -5.0645362067379816E-016   2.0356691029645592E-014   3.3678719476835026E-016   8.0357199627055712E-016  -1.9599152487133582E-015  -4.9216503801065653E-002   2.6124719554809232E-015  -2.4055837345976072E-015  -4.9216503801069712E-002   5.6836080167351189E-016   9.8433007602135275E-002  -2.8976757513171794E-014  -1.8724309531218430E-014
   3.3187598565470995E-002  -1.2030070132092850E-016   2.9578678598846796E-016   1.9511916422053223E-015  0.48995447436140438        2.2818839888409443E-017   3.1789973274890928E-016  -4.8011150853231684E-016   5.3557492340536985E-017  -1.8450735080076496E-016   2.4333441388749998E-017   4.6008720883757042E-016   3.1250053567265672E-016  -6.4447647825361560E-016  -2.0654015404814862E-016   1.3160764233530716E-016   9.0215314425068282E-017   2.5984379520298575E-016  -2.6252665653044100E-016  -1.5759772460516102E-016  0.51545745038381585        5.6571928991599832E-016   1.9192871798854580E-015   3.7409280601858700E-015  -8.3539604975385313E-004   3.6431652416983839E-016   8.8134641821089351E-016  -1.3254422880082245E-015   2.3699353273423983E-017  -9.3028019468721839E-016   2.3204110672951075E-016   8.6276525152767784E-016   9.6934564322761341E-016  -7.4262618688646540E-016  -2.9895698147137715E-015
   3.5072571629634115E-016   3.3187598565474985E-002  -4.4206625455188740E-017   8.1306541363739677E-016   3.9698033355988352E-016  0.48995447436140083       -2.4056102945003070E-016  -6.0840920829337270E-016  -3.3573735065770854E-017   4.5867421115986192E-017   2.7836001699392684E-016   1.3445745055538405E-016   2.4322105908074393E-016  -2.3630455573234088E-015   9.2131293846252276E-016   3.3197991863484800E-017  -3.6671038990741105E-017   4.3711791168262022E-016  -7.4590396391344656E-017   3.7823796216076593E-016   5.6571928991599832E-016  0.51545745038382806        8.0694995880158819E-016   4.0659815453213855E-015   2.7536260028818226E-016  -8.3539604974866761E-004  -1.5537844745168477E-015  -2.3206151629841538E-015   6.4092156717043155E-017  -1.3012048677796547E-016   6.2483617112706837E-016   3.6139966454186644E-016   4.1818991737976948E-016  -1.9943385849845386E-015  -2.3824682355459499E-015
   3.1647057960913252E-016   2.7462582997744124E-016   3.3187598565469059E-002   6.4999420847714412E-016  -2.3657897904952499E-016   2.6417979983931221E-016  0.48995447436140610        7.8583330193569090E-017  -2.2218926846684311E-016  -1.7697706043242242E-016  -4.3867519760713987E-016   4.8991752439736830E-018  -9.5319100732197463E-016   2.9508429170432980E-015  -1.2107313728710733E-015   1.4355396911862050E-017   2.4772704459237232E-016  -5.5221916941738607E-016   1.6479213191444193E-016  -5.0645362067379816E-016   1.9192871798854580E-015   8.0694995880158819E-016  0.51545745038381952       -1.7241812156774074E-015  -1.7070949905963072E-015  -1.4019041832734328E-015  -8.3539604975550784E-004  -4.7572219806862767E-016   2.9799753717136425E-016  -1.8388978857516476E-016   2.7801875761009368E-016  -1.1906184677647767E-015  -5.7680928995198532E-016   3.7364635994226453E-016   1.8572180049478644E-016
   3.4145157291102912E-015   3.4324999657681364E-015  -2.8635892852626913E-015   1.1140715829390292E-002  -1.6166559307666640E-015  -1.3014485570424395E-015  -1.1921335070237030E-015  -1.0792068918835161E-014   7.1366904259875591E-016  -6.9476792881096310E-016  -1.5670386463424036E-014   8.7450021594964493E-016  -1.8542141448620519E-014  0.80150363009190873       -2.0273290879761041E-014  -8.5325260017797297E-016   1.1088355234018160E-015  -3.7087455020867908E-014  -1.3429206402837612E-015   2.0356691029645592E-014   3.7409280601858700E-015   4.0659815453213855E-015  -1.7241812156774074E-015   1.5479505037938088        1.0797619981828623E-015   2.3270924779319973E-014  -2.5108165891371031E-014  -1.4288643831672093E-014  -5.3356725657576939E-016   5.2810751067017973E-015  -5.5428641459451879E-014   4.6198902775165035E-015   3.6932640600588873E-015   2.4889760289954866E-002  -1.5135611385680960     
   2.6582818882583412E-003  -8.4932166709698325E-016   9.0909213564305688E-016  -1.5101807168461772E-015  -9.2747926489657045E-003   5.2771631632887524E-016   5.4022575888197907E-016   1.1287339635370320E-015  -5.2723322224337704E-016  -1.0580892905672081E-015   8.6495763938447649E-018   1.5200523657728996E-015   6.4507709749925576E-016  -9.8890220701166882E-016  -5.6891215458741033E-017   1.3475282288127818E-015   1.1654517992488744E-015   1.3745923654277621E-015  -1.2867175848328394E-015   3.3678719476835026E-016  -8.3539604975385313E-004   2.7536260028818226E-016  -1.7070949905963072E-015   1.0797619981828623E-015   2.0030828338793398        7.5617847464059129E-017  -6.3700796605928247E-016  -1.2600347085829040E-016  -2.7415009903058462E-016   1.0841305142042025E-016   6.2449821025501235E-017   3.1201779067841973E-016   8.4547498774405029E-016  -8.6875052205020805E-016  -3.4478872180934001E-016
  -1.8918588757378384E-016   2.6582818882587983E-003  -1.3664234240147610E-015   1.1491489312339459E-014   3.1228343091839186E-016  -9.2747926489645371E-003   2.4663447278388060E-015   1.0050803892069255E-015   2.4096117081193648E-016  -1.2985566445962535E-017  -4.9265037828895661E-016   4.5888024496527496E-016   9.9710748762692871E-016  -2.7252304942359766E-014   5.4712047205462197E-016   1.7149799804930201E-016  -3.3807858515520789E-017   1.0964300349128959E-015  -4.9050735217746223E-016   8.0357199627055712E-016   3.6431652416983839E-016  -8.3539604974866761E-004  -1.4019041832734328E-015   2.3270924779319973E-014   7.5617847464059129E-017   2.0030828338793261       -2.4078254948860955E-015  -4.6770021615635309E-016  -3.1383166553076343E-016   9.9143349519165990E-017   4.0708943002608894E-016   4.4124913348056178E-016   4.9736170964169548E-016   5.0429436941784456E-017  -1.0017791258817563E-014
   2.7604054674694327E-015  -2.5984986911819741E-015   2.6582818882571442E-003  -1.4682369899251948E-014  -2.1926111067578256E-015   3.8031806917198401E-015  -9.2747926489585263E-003  -4.5806450576751578E-016   7.9005109923281511E-016  -2.7505278012417181E-015  -1.0930842748867811E-015  -6.1064405748738440E-016  -6.9744346397213260E-016   3.3026576420825357E-014  -2.0851363798400826E-015  -5.2521378701309564E-016   1.2098997430166945E-015  -3.7804429277925907E-016  -2.0045706236052687E-017  -1.9599152487133582E-015   8.8134641821089351E-016  -1.5537844745168477E-015  -8.3539604975550784E-004  -2.5108165891371031E-014  -6.3700796605928247E-016  -2.4078254948860955E-015   2.0030828338793207       -5.1383556148929188E-016  -1.6869292222752508E-016   3.5152299841082451E-016  -1.2386978200850009E-015  -1.0592744490096429E-016  -5.1792486139560396E-016   1.8895571929355281E-015   9.2908670831695413E-015
  -7.8715601447726821E-016  -1.7190720964009661E-015  -1.1566230518147454E-016   5.3708628923054256E-015  -9.9558773132397650E-018   1.7635834919572240E-015   7.3315035277421320E-016   5.0788753635243864E-004  -1.9476243288033713E-015  -1.2929521353909522E-015  -2.5394376817535510E-004   1.0283206163933816E-015  -2.5394376817855117E-004  -1.9082299443963087E-014   9.8433007602136358E-002   1.4746251747425548E-015   1.7860405435697285E-015  -4.9216503801068949E-002  -1.1350283844854816E-015  -4.9216503801065653E-002  -1.3254422880082245E-015  -2.3206151629841538E-015  -4.7572219806862767E-016  -1.4288643831672093E-014  -1.2600347085829040E-016  -4.6770021615635309E-016  -5.1383556148929188E-016   1.9109201614081561        6.9268660360561463E-016  -3.4389876471703208E-015 -0.95546008070407340       -2.6760684597101709E-015 -0.95546008070407651       -2.7543467614349092E-014   1.2518094048159367E-014
   3.5318898633367323E-017  -4.4578873868587328E-017   8.3542989634626486E-016  -1.4834847251243589E-015   2.3007128318162993E-016  -4.7294931029995975E-017  -1.3010599971807211E-015   2.7121697132295387E-015   5.0788753636159581E-004  -1.6047314752681988E-015   5.8159344485182759E-016  -4.8370038302797078E-016   5.9661688773411687E-017  -6.0055484934346312E-015   7.0982102133729010E-017   9.8433007602118358E-002   1.4317491081063639E-015   3.7319610970325449E-015  -2.9055898244606417E-016   2.6124719554809232E-015   2.3699353273423983E-017   6.4092156717043155E-017   2.9799753717136425E-016  -5.3356725657576939E-016  -2.7415009903058462E-016  -3.1383166553076343E-016  -1.6869292222752508E-016   6.9268660360561463E-016   1.9109201614082070        1.5795131587219279E-015   1.0026159590059657E-015   1.8434282962956342E-015   1.1952380274751553E-015  -2.5366386770983495E-015   2.6805558613370434E-015
  -1.9593891483977489E-016  -1.1929700313072859E-016  -3.4326871901442344E-017   2.5823106483219187E-015   2.3729919908871270E-017   2.0524077972918633E-016   7.2844928068582814E-016  -6.1321583340513880E-016   1.6966546455710904E-015   5.0788753636391731E-004  -2.2384869775240732E-015  -2.0251313424511261E-015   2.5001923914269146E-015  -3.6949657676581750E-015   7.6469414500117240E-016  -1.4102268479495778E-015   9.8433007602114833E-002   5.1480629655049748E-016  -7.3687631246384863E-017  -2.4055837345976072E-015  -9.3028019468721839E-016  -1.3012048677796547E-016  -1.8388978857516476E-016   5.2810751067017973E-015   1.0841305142042025E-016   9.9143349519165990E-017   3.5152299841082451E-016  -3.4389876471703208E-015   1.5795131587219279E-015   1.9109201614082090        2.6974407950353297E-015   2.3190271317835611E-015  -1.6340824093157534E-015   1.9331300333585125E-015  -3.2260101622589984E-015
   9.7902799228815631E-017   7.8650165913671279E-016  -9.0876032602286006E-017  -1.4915440676968911E-014   4.4252304512647105E-016  -1.5548543699735700E-015  -1.0617204911200580E-015  -2.5394376817568812E-004   1.4035308539781829E-015  -2.1185867903925125E-015   5.0788753635597553E-004  -5.8734259826326831E-016  -2.5394376818664761E-004   5.5470847153971728E-014  -4.9216503801072779E-002  -8.8575675250392055E-016   1.6022322764331792E-015   9.8433007602125130E-002  -6.3146983844164750E-016  -4.9216503801069712E-002   2.3204110672951075E-016   6.2483617112706837E-016   2.7801875761009368E-016  -5.5428641459451879E-014   6.2449821025501235E-017   4.0708943002608894E-016  -1.2386978200850009E-015 -0.95546008070407340        1.0026159590059657E-015   2.6974407950353297E-015   1.9109201614081419        3.3871017969533527E-015 -0.95546008070407284       -2.9418141816614429E-014   2.5610270774794707E-014
   1.2096192479484387E-015   3.3877114457896706E-016   4.9658586337977072E-016   2.4600879720664405E-015  -8.8067031164514567E-016  -3.3935156353146689E-016   2.9405553963247967E-016  -2.7605393861665268E-016  -8.1635470926958963E-016   2.0214520960260487E-015   1.3113748207523514E-015   5.0788753636547617E-004  -9.9940815259046631E-016  -3.6392023589377988E-015   9.8778144748426004E-016  -4.3780761351322389E-016  -3.4869957805548296E-015  -1.5596519301746649E-015   9.8433007602117845E-002   5.6836080167351189E-016   8.6276525152767784E-016   3.6139966454186644E-016  -1.1906184677647767E-015   4.6198902775165035E-015   3.1201779067841973E-016   4.4124913348056178E-016  -1.0592744490096429E-016  -2.6760684597101709E-015   1.8434282962956342E-015   2.3190271317835611E-015   3.3871017969533527E-015   1.9109201614081956       -9.4463824783224989E-016   1.0072269843948016E-015  -2.8095996009114158E-015
   6.8232433937237045E-016   8.5090172006895874E-016   1.5359574754806872E-016   9.0459376019151027E-015  -5.5379456473028652E-016  -1.4249480633428984E-015  -3.9800442062693029E-016  -2.5394376817674890E-004   5.4486172543651246E-016   3.4109075255870447E-015  -2.5394376818062156E-004  -4.4104010299821107E-016   5.0788753636519829E-004  -6.9907908164966327E-014  -4.9216503801063266E-002  -4.3997305324285870E-016  -3.5106449404421894E-015  -4.9216503801056403E-002   1.7544678139773571E-015   9.8433007602135275E-002   9.6934564322761341E-016   4.1818991737976948E-016  -5.7680928995198532E-016   3.6932640600588873E-015   8.4547498774405029E-016   4.9736170964169548E-016  -5.1792486139560396E-016 -0.95546008070407651        1.1952380274751553E-015  -1.6340824093157534E-015 -0.95546008070407284       -9.4463824783224989E-016   1.9109201614081475       -3.0154588430010582E-014   2.5446784697945894E-014
   7.6181271586606559E-016  -1.5827698005130605E-015  -1.8778804463954189E-016   7.1586929021952815E-004   5.5512661838018381E-016   4.0192066458989953E-015  -2.0928015883556984E-015  -5.7620321979735614E-015  -8.9613377545296013E-016   2.9635451245330022E-016  -6.7322630681639275E-015   1.0507404921715135E-016  -5.6940049902728659E-015  -2.3679417947101021E-003  -2.8208301220055829E-014   7.0337734621804185E-016  -6.2804843016515154E-017  -2.9230709409684729E-014  -3.0927182897662732E-016  -2.8976757513171794E-014  -7.4262618688646540E-016  -1.9943385849845386E-015   3.7364635994226453E-016   2.4889760289954866E-002  -8.6875052205020805E-016   5.0429436941784456E-017   1.8895571929355281E-015  -2.7543467614349092E-014  -2.5366386770983495E-015   1.9331300333585125E-015  -2.9418141816614429E-014   1.0072269843948016E-015  -3.0154588430010582E-014   1.9691932998964099       -1.8684151830318555E-003
  -3.2859984301146507E-015  -3.2535934241481831E-015   2.6807726717650655E-015  -1.0887087617076758E-002   2.2282096539086914E-015   2.8013943034610791E-015  -2.2357500576180918E-016   1.0488230769114085E-014  -7.0759055387273169E-016   6.8335189753491982E-016   1.5240785941832045E-014  -8.5358256835559725E-016   1.8076443774963978E-014 -0.78387147463904150        1.9445903194142715E-014   9.5517019732382119E-016  -9.8639373132056061E-016   3.4480967219211216E-014   1.3972173827967167E-015  -1.8724309531218430E-014  -2.9895698147137715E-015  -2.3824682355459499E-015   1.8572180049478644E-016  -1.5135611385680960       -3.4478872180934001E-016  -1.0017791258817563E-014   9.2908670831695413E-015   1.2518094048159367E-014   2.6805558613370434E-015  -3.2260101622589984E-015   2.5610270774794707E-014  -2.8095996009114158E-015   2.5446784697945894E-014  -1.8684151830318555E-003   1.4801921849294561     
