   3.9222732987005321E-002  -3.8961539163487356E-017   2.0969147642228658E-017  -8.8293224260960609E-018  -7.8389290456728081E-018   2.5371037796445896E-018  -2.6703117317213956E-018  -9.4109256310385189E-018  -3.7611598021538545E-019  -8.4765456017382119E-018   5.2596103688159673E-002  -2.8941421741784712E-017   3.4660588201603476E-018  -4.6091343462562377E-016  -5.5533037163966937E-018  -7.0502528419539172E-019   7.0739646836994760E-019  -6.6318790277515939E-018   1.7523823622446156E-018  -6.5035067012075612E-018   5.2828412865579634E-002  -3.8781403490037845E-017   1.4033641870112508E-017  -5.4519631762618080E-016  -2.4568364845660004E-015
  -3.8961539163487356E-017   3.9222732987005585E-002  -1.2596085786460824E-017  -9.2084224092163987E-018   1.2574025530679676E-017  -6.3368258413057737E-019  -4.3255718584321638E-019   5.0397166592817656E-018   7.3788292865309769E-019   2.9029066884063217E-018  -1.9646364522932402E-017   5.2596103688159659E-002   1.7944251815424186E-017   1.0220447970339488E-016   4.8080941549187615E-018  -3.6184300511585096E-019  -1.7523824679628187E-020   5.2772396350290576E-018  -2.9246717771116741E-022   5.8426156090520531E-018  -3.2743187953377778E-017   5.2828412865579794E-002   9.0281006683104578E-018   1.2921477415146170E-016  -2.4641087066102401E-016
   2.0969147642228658E-017  -1.2596085786460824E-017   3.9222732987005349E-002  -2.0270001973051100E-017  -9.8852278217550440E-018   9.2149957023754557E-018  -4.6669244604004111E-018  -2.9357634365714643E-018   2.3757773587993558E-019   4.9262295518108846E-018   8.2489715289931857E-018  -3.1948671048853392E-017   5.2596103688159521E-002  -4.5717256550924987E-016   1.5300642059876769E-017  -8.5123578941614457E-019   1.6004911849974028E-018   1.4663092441319104E-017   6.4358358661736261E-019   1.6075321306773708E-017   1.4078816960630429E-017  -2.8338475455497339E-017   5.2828412865579433E-002  -3.9524057633990479E-016  -6.7711468076366066E-016
  -8.8293224260960609E-018  -9.2084224092163987E-018  -2.0270001973051100E-017   6.3366071568444804E-005   6.0792684552663612E-017  -5.3781669332033255E-019  -3.0302683465813912E-018   6.0725080122979447E-017   8.4302701788391032E-019   5.5702940575107776E-017   9.5471260460735897E-019  -1.3667218601945623E-017  -1.0407095517741173E-017   5.7049614174322603E-003   5.2545698753067581E-017   6.2708249441923038E-019   1.7790644671771957E-018   5.7475099072493654E-017   5.1634200889914479E-019   5.6673071125093792E-017  -6.3848830119818932E-018  -2.0214161331272092E-017  -1.9663653927457798E-017   5.9309027563248309E-003   3.1644529895532821E-003
  -7.8389290456728081E-018   1.2574025530679676E-017  -9.8852278217550440E-018   6.0792684552663612E-017   6.1353919896602268E-029  -1.6348878664080542E-030  -3.3753806755946631E-030   6.1035158972396588E-029  -1.0611368784433054E-031   5.7233994408690222E-029  -1.0511687827214373E-017   1.6861261320272055E-017  -1.3255691990294682E-017   5.1249933467092824E-015   4.9603309731506201E-029   1.3583104046912399E-030   1.9942379684685036E-030   5.6599202516640063E-029   9.0280643070582831E-031   5.5948262808780526E-029  -1.0558116390964753E-017   1.6935735006964263E-017  -1.3314240412845266E-017   5.3397456858602229E-015   5.3976224670822716E-015
   2.5371037796445896E-018  -6.3368258413057737E-019   9.2149957023754557E-018  -5.3781669332033255E-019  -1.6348878664080542E-030   4.1894180610579043E-031   1.9791080236933572E-031  -1.5403308022753348E-030   3.3078501962700756E-031  -1.8723504201234425E-030   3.4021538862657822E-018  -8.4974279868152823E-019   1.2356937738341502E-017   8.0182019857107372E-017  -1.4475317603062515E-031  -2.8488254059831476E-031  -1.2101191567441194E-031  -1.0235945580939221E-030  -1.5475171750712213E-031  -1.0602926014559855E-030   3.4171806946311877E-018  -8.5349598640370241E-019   1.2411516496847833E-017   7.9007724588331967E-017  -8.9890746037339302E-016
  -2.6703117317213956E-018  -4.3255718584321638E-019  -4.6669244604004111E-018  -3.0302683465813912E-018  -3.3753806755946631E-030   1.9791080236933572E-031   2.1867225606775463E-031  -3.3339165202841433E-030   1.0192722200400180E-031  -3.2532552714924995E-030  -3.5807803797844587E-018  -5.8004174786098799E-019  -6.2581575563693420E-018  -2.1868323351785509E-016  -2.3888395967382889E-030  -1.4741912477221229E-031  -1.3007920729217053E-031  -2.9766813662998601E-030  -8.8299853577054899E-032  -2.9569636196136920E-030  -3.5965961548353253E-018  -5.8260370610233548E-019  -6.2857989087140089E-018  -2.2917518100656629E-016  -5.1843201020345438E-016
  -9.4109256310385189E-018   5.0397166592817656E-018  -2.9357634365714643E-018   6.0725080122979447E-017   6.1035158972396588E-029  -1.5403308022753348E-030  -3.3339165202841433E-030   6.0739901419050015E-029  -3.1375524247320081E-032   5.6861474318342922E-029  -1.2619671873832020E-017   6.7580568661114577E-018  -3.9367404143968601E-018   5.1477244170112647E-015   4.9616051282903936E-029   1.2949974475663659E-030   1.9687708355933602E-030   5.6419018067187001E-029   8.6854497087900798E-031   5.5759247574486282E-029  -1.2675411089998063E-017   6.7879061994490316E-018  -3.9541284120634851E-018   5.3624022790308395E-015   5.1988352212552828E-015
  -3.7611598021538545E-019   7.3788292865309769E-019   2.3757773587993558E-019   8.4302701788391032E-019  -1.0611368784433054E-031   3.3078501962700756E-031   1.0192722200400180E-031  -3.1375524247320081E-032   2.8837021494154009E-031  -4.0703856525633944E-031  -5.0435636651863680E-019   9.8947125989448203E-019   3.1858216597091485E-019   1.8136887802212056E-016   9.4376019688981894E-031  -2.2073886283151941E-031  -6.3535497399752399E-032   3.2309937771369548E-031  -1.1668135380091246E-031   2.7649615110101094E-031  -5.0658403367134404E-019   9.9384160747402090E-019   3.1998929607824700E-019   1.8498447304925916E-016  -6.7308532717710287E-016
  -8.4765456017382119E-018   2.9029066884063217E-018   4.9262295518108846E-018   5.5702940575107776E-017   5.7233994408690222E-029  -1.8723504201234425E-030  -3.2532552714924995E-030   5.6861474318342922E-029  -4.0703856525633944E-031   5.3726982395426451E-029  -1.1366705923663354E-017   3.8926808397319471E-018   6.6058752301973431E-018   4.5780342531723244E-015   4.5181740558614864E-029   1.5004179785094801E-030   1.9252934252355299E-030   5.2358625482715800E-029   9.6546615443631184E-031   5.1802740424236193E-029  -1.1416910975343108E-017   3.9098742327818213E-018   6.6350523998419450E-018   4.7741255014568440E-015   5.7450533140249560E-015
   5.2596103688159673E-002  -1.9646364522932402E-017   8.2489715289931857E-018   9.5471260460735897E-019  -1.0511687827214373E-017   3.4021538862657822E-018  -3.5807803797844587E-018  -1.2619671873832020E-017  -5.0435636651863680E-019  -1.1366705923663354E-017   7.0529254656786625E-002   4.9060148304966487E-018  -2.1995751574295730E-017  -2.5360410565694903E-016  -7.4467564046561139E-018  -9.4541048331660900E-019   9.4859014570427664E-019  -8.8930824148825286E-018   2.3498741012385884E-018  -8.7209403002613639E-018   7.0840771898263377E-002  -8.0965055984873500E-018  -7.9440396679867544E-018  -3.2555514667706552E-016   2.6840790638268796E-015
  -2.8941421741784712E-017   5.2596103688159659E-002  -3.1948671048853392E-017  -1.3667218601945623E-017   1.6861261320272055E-017  -8.4974279868152823E-019  -5.8004174786098799E-019   6.7580568661114577E-018   9.8947125989448203E-019   3.8926808397319471E-018   4.9060148304966487E-018   7.0529254656786111E-002   3.8705170524782411E-018  -1.3379434403101191E-017   6.4474604255209963E-018  -4.8521688231698464E-019  -2.3498742430024980E-020   7.0765656009530974E-018  -3.9218669459651446E-022   7.8347119892315594E-018  -1.2518017583155359E-017   7.0840771898263100E-002  -8.1749973182667072E-018   1.7953776598028186E-017  -1.8154191894937457E-016
   3.4660588201603476E-018   1.7944251815424186E-017   5.2596103688159521E-002  -1.0407095517741173E-017  -1.3255691990294682E-017   1.2356937738341502E-017  -6.2581575563693420E-018  -3.9367404143968601E-018   3.1858216597091485E-019   6.6058752301973431E-018  -2.1995751574295730E-017   3.8705170524782411E-018   7.0529254656786194E-002   4.2125692840862925E-016   2.0517544163580199E-017  -1.1414728764053705E-018   2.1461941559766285E-018   1.9662615827634241E-017   8.6301964386230356E-019   2.1556357802816571E-017  -1.4323891826705309E-017   8.9179863851667162E-018   7.0840771898262864E-002   5.6136515375246319E-016   3.1567702857556492E-015
  -4.6091343462562377E-016   1.0220447970339488E-016  -4.5717256550924987E-016   5.7049614174322603E-003   5.1249933467092824E-015   8.0182019857107372E-017  -2.1868323351785509E-016   5.1477244170112647E-015   1.8136887802212056E-016   4.5780342531723244E-015  -2.5360410565694903E-016  -1.3379434403101191E-017   4.2125692840862925E-016  0.55376657582766897        4.8238149593685796E-015  -3.0722366699155277E-017   1.2698400326563005E-016   5.0064484565706617E-015  -5.2768240952683861E-019   4.9205585673565909E-015  -2.5658853561931124E-016  -7.1096169588708041E-016   4.4102127811985695E-016  0.57434049750363625        1.2722890518076199E-002
  -5.5533037163966937E-018   4.8080941549187615E-018   1.5300642059876769E-017   5.2545698753067581E-017   4.9603309731506201E-029  -1.4475317603062515E-031  -2.3888395967382889E-030   4.9616051282903936E-029   9.4376019688981894E-031   4.5181740558614864E-029  -7.4467564046561139E-018   6.4474604255209963E-018   2.0517544163580199E-017   4.8238149593685796E-015   4.3795976825041828E-029   3.1766496874513664E-031   1.3988717320444799E-030   4.7278271513771627E-029   3.1920594005501962E-031   4.6582088569424875E-029  -7.4796476215665753E-018   6.4759379005158255E-018   2.0608167108490324E-017   5.0117123731632217E-015   1.9932511767198962E-015
  -7.0502528419539172E-019  -3.6184300511585096E-019  -8.5123578941614457E-019   6.2708249441923038E-019   1.3583104046912399E-030  -2.8488254059831476E-031  -1.4741912477221229E-031   1.2949974475663659E-030  -2.2073886283151941E-031   1.5004179785094801E-030  -9.4541048331660900E-019  -4.8521688231698464E-019  -1.1414728764053705E-018  -3.0722366699155277E-017   3.1766496874513664E-031   1.9559157698091423E-031   8.9642662114049246E-032   9.3372679093806434E-031   1.0717905409297161E-031   9.5546814976205288E-031  -9.4958622099263128E-019  -4.8736001321238582E-019  -1.1465145925491871E-018  -2.8990340719941010E-017   6.2247833073727218E-016
   7.0739646836994760E-019  -1.7523824679628187E-020   1.6004911849974028E-018   1.7790644671771957E-018   1.9942379684685036E-030  -1.2101191567441194E-031  -1.3007920729217053E-031   1.9687708355933602E-030  -6.3535497399752399E-032   1.9252934252355299E-030   9.4859014570427664E-019  -2.3498742430024980E-020   2.1461941559766285E-018   1.2698400326563005E-016   1.3988717320444799E-030   8.9642662114049246E-032   7.7468639751505505E-032   1.7531699194333210E-030   5.3428624387457498E-032   1.7420246546262668E-030   9.5277992747450573E-019  -2.3602532884947938E-020   2.1556735767691644E-018   1.3313568613783822E-016   3.1389414648215117E-016
  -6.6318790277515939E-018   5.2772396350290576E-018   1.4663092441319104E-017   5.7475099072493654E-017   5.6599202516640063E-029  -1.0235945580939221E-030  -2.9766813662998601E-030   5.6419018067187001E-029   3.2309937771369548E-031   5.2358625482715800E-029  -8.8930824148825286E-018   7.0765656009530974E-018   1.9662615827634241E-017   5.0064484565706617E-015   4.7278271513771627E-029   9.3372679093806434E-031   1.7531699194333210E-030   5.2843426902720605E-029   6.6522560097506890E-031   5.2173856095558415E-029  -8.9323618389492564E-018   7.1078217400614155E-018   1.9749462681068432E-017   5.2104127377948487E-015   4.0104002110085798E-015
   1.7523823622446156E-018  -2.9246717771116741E-022   6.4358358661736261E-019   5.1634200889914479E-019   9.0280643070582831E-031  -1.5475171750712213E-031  -8.8299853577054899E-032   8.6854497087900798E-031  -1.1668135380091246E-031   9.6546615443631184E-031   2.3498741012385884E-018  -3.9218669459651446E-022   8.6301964386230356E-019  -5.2768240952683861E-019   3.1920594005501962E-031   1.0717905409297161E-031   5.3428624387457498E-032   6.6522560097506890E-031   5.9365409234926264E-032   6.7474487891582272E-031   2.3602531460950674E-018  -3.9391892489179944E-022   8.6683147343613362E-019   1.0416495663297360E-018   3.4459178095992211E-016
  -6.5035067012075612E-018   5.8426156090520531E-018   1.6075321306773708E-017   5.6673071125093792E-017   5.5948262808780526E-029  -1.0602926014559855E-030  -2.9569636196136920E-030   5.5759247574486282E-029   2.7649615110101094E-031   5.1802740424236193E-029  -8.7209403002613639E-018   7.8347119892315594E-018   2.1556357802816571E-017   4.9205585673565909E-015   4.6582088569424875E-029   9.5546814976205288E-031   1.7420246546262668E-030   5.2173856095558415E-029   6.7474487891582272E-031   5.1519159694500088E-029  -8.7594593981777532E-018   7.8693167483227501E-018   2.1651569033260497E-017   5.1215840099151998E-015   4.0631237718392842E-015
   5.2828412865579634E-002  -3.2743187953377778E-017   1.4078816960630429E-017  -6.3848830119818932E-018  -1.0558116390964753E-017   3.4171806946311877E-018  -3.5965961548353253E-018  -1.2675411089998063E-017  -5.0658403367134404E-019  -1.1416910975343108E-017   7.0840771898263377E-002  -1.2518017583155359E-017  -1.4323891826705309E-017  -2.5658853561931124E-016  -7.4796476215665753E-018  -9.4958622099263128E-019   9.5277992747450573E-019  -8.9323618389492564E-018   2.3602531460950674E-018  -8.7594593981777532E-018   7.1153665065123287E-002  -2.5654933906438147E-017  -1.7618285302593822E-019  -3.5123177650325715E-016  -2.1415810570720747E-015
  -3.8781403490037845E-017   5.2828412865579794E-002  -2.8338475455497339E-017  -2.0214161331272092E-017   1.6935735006964263E-017  -8.5349598640370241E-019  -5.8260370610233548E-019   6.7879061994490316E-018   9.9384160747402090E-019   3.9098742327818213E-018  -8.0965055984873500E-018   7.0840771898263100E-002   8.9179863851667162E-018  -7.1096169588708041E-016   6.4759379005158255E-018  -4.8736001321238582E-019  -2.3602532884947938E-020   7.1078217400614155E-018  -3.9391892489179944E-022   7.8693167483227501E-018  -2.5654933906438147E-017   7.1153665065123231E-002  -3.1583035159965887E-018  -7.0327518099460258E-016   2.6353011768078261E-016
   1.4033641870112508E-017   9.0281006683104578E-018   5.2828412865579433E-002  -1.9663653927457798E-017  -1.3314240412845266E-017   1.2411516496847833E-017  -6.2857989087140089E-018  -3.9541284120634851E-018   3.1998929607824700E-019   6.6350523998419450E-018  -7.9440396679867544E-018  -8.1749973182667072E-018   7.0840771898262864E-002   4.4102127811985695E-016   2.0608167108490324E-017  -1.1465145925491871E-018   2.1556735767691644E-018   1.9749462681068432E-017   8.6683147343613362E-019   2.1651569033260497E-017  -1.7618285302593822E-019  -3.1583035159965887E-018   7.1153665065122704E-002   5.5380342469388314E-016  -3.0337463772871530E-015
  -5.4519631762618080E-016   1.2921477415146170E-016  -3.9524057633990479E-016   5.9309027563248309E-003   5.3397456858602229E-015   7.9007724588331967E-017  -2.2917518100656629E-016   5.3624022790308395E-015   1.8498447304925916E-016   4.7741255014568440E-015  -3.2555514667706552E-016   1.7953776598028186E-017   5.6136515375246319E-016  0.57434049750363625        5.0117123731632217E-015  -2.8990340719941010E-017   1.3313568613783822E-016   5.2104127377948487E-015   1.0416495663297360E-018   5.1215840099151998E-015  -3.5123177650325715E-016  -7.0327518099460258E-016   5.5380342469388314E-016  0.59572138843469380        2.2432933085685450E-002
  -2.4568364845660004E-015  -2.4641087066102401E-016  -6.7711468076366066E-016   3.1644529895532821E-003   5.3976224670822716E-015  -8.9890746037339302E-016  -5.1843201020345438E-016   5.1988352212552828E-015  -6.7308532717710287E-016   5.7450533140249560E-015   2.6840790638268796E-015  -1.8154191894937457E-016   3.1567702857556492E-015   1.2722890518076199E-002   1.9932511767198962E-015   6.2247833073727218E-016   3.1389414648215117E-016   4.0104002110085798E-015   3.4459178095992211E-016   4.0631237718392842E-015  -2.1415810570720747E-015   2.6353011768078261E-016  -3.0337463772871530E-015   2.2432933085685450E-002   2.0036620278208259     
