   5.3710956427664542E-032  -1.0011176022603915E-031  -3.5139733960667000E-031   4.4010165103264669E-018  -7.0073166806427322E-032   4.4310052668317202E-031   8.7156261423552665E-032   1.5663204548983159E-016  -8.3176705607079558E-031  -1.3554355520474560E-031  -9.9000043746265218E-032  -1.0483167075040125E-030  -1.3981726068141447E-032  -7.3181799738483084E-031   1.3766362976622961E-016   4.5512225247000035E-032  -1.5852499814496041E-031  -8.7538840814419340E-032   1.0305749249229396E-031   1.1809332291952988E-031   7.7525653890376690E-032   2.0306083416408601E-031   4.3268570301789268E-032   9.3581856075201968E-033   1.7318594528863605E-016
  -1.0011176022603915E-031   3.1228146980785514E-031   3.3331987198146909E-031  -5.1204570655796788E-018   2.2536762940654303E-031  -1.1636670987106404E-030  -3.1821589060751992E-031  -1.4024555550749221E-016   1.7576550815735049E-030   3.3236133383277897E-031   4.7260982053582079E-031   2.4916751094090162E-030   1.8729169643506297E-032   1.1336163196555485E-030  -1.2695457490868875E-016  -1.4918230933932498E-031   5.6985039170073798E-031  -1.0262870728114457E-031  -2.1084791027901292E-031  -3.6058314654264699E-031  -2.2399481600700402E-031  -4.1029479526818975E-031  -1.1583988302513610E-031   1.4061171794941260E-031  -7.4910699279637722E-016
  -3.5139733960667000E-031   3.3331987198146909E-031   3.1221388060776603E-030  -3.6682081105811012E-017   2.1593927427975754E-031  -2.0345020276281436E-030  -1.7157380518922149E-031  -1.4129785322841016E-015   4.9111450551579085E-030   6.8275254412633005E-031  -8.9569023199249245E-032   5.4823508585957028E-030   1.1023612137004594E-031   5.3775156259587020E-030  -1.2324132119314082E-015  -1.3306799550021631E-031   3.3494694398452653E-031   1.2529280609584008E-030  -6.2623234719597988E-031  -4.1312200382519374E-031  -3.0375861399439964E-031  -1.2470922331191604E-030  -1.9301672156567731E-031  -4.6571797964596020E-031  -4.2044608874753080E-017
   4.4010165103264669E-018  -5.1204570655796788E-018  -3.6682081105811012E-017   4.3622002293649582E-004  -3.4176132341207880E-018   2.8022736020936823E-017   3.3210835760401688E-018   1.6554964541501429E-002  -6.3069067091700833E-017  -9.1509780395796199E-018  -1.0462257966339879E-018  -7.2709463317628284E-017  -1.3254605047009065E-018  -6.5615739192126792E-017   1.4459552318238403E-002   2.1508793403986772E-018  -6.2598434031913040E-018  -1.3691826394381949E-017   7.9843164135472346E-018   6.2311986609449592E-018   4.4026240000879478E-018   1.5858386934592548E-017   2.6822454392326185E-018   4.6433437623467374E-018   3.7348103143341879E-003
  -7.0073166806427322E-032   2.2536762940654303E-031   2.1593927427975754E-031  -3.4176132341207880E-018   1.6286251374269297E-031  -8.3274648073990082E-031  -2.3114574057417078E-031  -8.9973559956855630E-017   1.2414643998908610E-030   2.3694078514398353E-031   3.4635834403059712E-031   1.7730812180102855E-030   1.2713607535973505E-032   7.8103240870084874E-031  -8.1861926181135018E-017  -1.0789482907876204E-031   4.1368165211181410E-031  -8.6186626531393414E-032  -1.4859579265690320E-031  -2.5997473764423971E-031  -1.6107744586516958E-031  -2.8890321358947448E-031  -8.2982267403976748E-032   1.0695539966656165E-031  -5.4735582474819446E-016
   4.4310052668317202E-031  -1.1636670987106404E-030  -2.0345020276281436E-030   2.8022736020936823E-017  -8.3274648073990082E-031   4.5632179315342394E-030   1.1376333251634947E-030   8.8447695036618774E-016  -7.4190344112663167E-030  -1.3324487714894936E-030  -1.5909455174597927E-030  -1.0093438570055380E-029  -9.5642447227504128E-032  -5.4180497260499296E-030   7.8729014835924405E-016   5.4840906850926691E-031  -2.0451700916199968E-030  -7.8571361587156298E-033   9.0061103726219057E-031   1.3517469099888679E-030   8.5320694565590047E-031   1.7606849068327420E-030   4.5153101279489972E-031  -3.4756735349968534E-031   2.5744295432753071E-015
   8.7156261423552665E-032  -3.1821589060751992E-031  -1.7157380518922149E-031   3.3210835760401688E-018  -2.3114574057417078E-031   1.1376333251634947E-030   3.3447540497565653E-031   6.6155326394435146E-017  -1.6066496226017581E-030  -3.1874852614940177E-031  -5.1768275354790764E-031  -2.3675154813484232E-030  -1.3601920263232970E-032  -9.0194587990610577E-031   6.2720718285997703E-017   1.5360701725033934E-031  -5.9728447768773638E-031   1.8736079599394113E-031   1.9047964259063465E-031   3.6571925582947352E-031   2.2432203137116267E-031   3.6892864639505933E-031   1.1382625190688517E-031  -1.8069911987615563E-031   8.0936902704553462E-016
   1.5663204548983159E-016  -1.4024555550749221E-016  -1.4129785322841016E-015   1.6554964541501429E-002  -8.9973559956855630E-017   8.8447695036618774E-016   6.6155326394435146E-017  0.63987454973751479       -2.1753577084084955E-015  -2.9904758286743503E-016   5.9014932280581947E-017  -2.4080731875288225E-015  -4.9622534688902649E-017  -2.4122458630662223E-015  0.55792713886238143        5.5049392550218288E-017  -1.3111742863003350E-016  -5.7609404365587294E-016   2.7789404109073404E-016   1.7483678995633641E-016   1.3012966367262092E-016   5.5377163550903934E-016   8.3703342234040155E-017   2.1806314876951591E-016  -9.5089385591555949E-003
  -8.3176705607079558E-031   1.7576550815735049E-030   4.9111450551579085E-030  -6.3069067091700833E-017   1.2414643998908610E-030  -7.4190344112663167E-030  -1.6066496226017581E-030  -2.1753577084084955E-015   1.3222734571772306E-029   2.2305338881508337E-030   2.0083331531004861E-030   1.7121232785193459E-029   2.0442708786271538E-031   1.0952827324855404E-029  -1.9180100078447947E-015  -8.1095625045070115E-031   2.9075233043207245E-030   9.1717717439637955E-031  -1.6268917830763121E-030  -2.0605079064533461E-030  -1.3316950090782939E-030  -3.1970705191262264E-030  -7.2810822427227653E-031   1.1580417304629688E-031  -3.3851847607756745E-015
  -1.3554355520474560E-031   3.3236133383277897E-031   6.8275254412633005E-031  -9.1509780395796199E-018   2.3694078514398353E-031  -1.3324487714894936E-030  -3.1874852614940177E-031  -2.9904758286743503E-016   2.2305338881508337E-030   3.9262239953789939E-031   4.3256774456089883E-031   2.9865841009687448E-030   3.0633585011355874E-032   1.7006406639498121E-030  -2.6517489620155263E-016  -1.5567253175320711E-031   5.7408832873496542E-031   5.2316613140542605E-032  -2.7197229946033250E-031  -3.8711792806616680E-031  -2.4606593179556777E-031  -5.3261634177493260E-031  -1.3151377868737759E-031   7.6639102547173991E-032  -7.0745676638382015E-016
  -9.9000043746265218E-032   4.7260982053582079E-031  -8.9569023199249245E-032  -1.0462257966339879E-018   3.4635834403059712E-031  -1.5909455174597927E-030  -5.1768275354790764E-031   5.9014932280581947E-017   2.0083331531004861E-030   4.3256774456089883E-031   8.4280535839798522E-031   3.1647857153616523E-030   8.9666478214968760E-033   8.2073670586764772E-031   4.3403241256007757E-017  -2.3139228818878199E-031   9.2110135919273036E-031  -4.4788137519620681E-031  -2.3295436110278249E-031  -5.3964473218686038E-031  -3.2510870804481969E-031  -4.4719486089183574E-031  -1.6041687221407837E-031   3.4503388200660696E-031  -1.2963694708078702E-015
  -1.0483167075040125E-030   2.4916751094090162E-030   5.4823508585957028E-030  -7.2709463317628284E-017   1.7730812180102855E-030  -1.0093438570055380E-029  -2.3675154813484232E-030  -2.4080731875288225E-015   1.7121232785193459E-029   2.9865841009687448E-030   3.1647857153616523E-030   2.2761338059722469E-029   2.4152556661349887E-031   1.3297623752491434E-029  -2.1322513152137029E-015  -1.1636180701963045E-030   4.2679311670851970E-030   5.7140417158600086E-031  -2.0917086217593075E-030  -2.9058940362134318E-030  -1.8532341402350434E-030  -4.0993844855089211E-030  -9.9506775132314951E-031   4.9356412232346618E-031  -5.2040924160446933E-015
  -1.3981726068141447E-032   1.8729169643506297E-032   1.1023612137004594E-031  -1.3254605047009065E-018   1.2713607535973505E-032  -9.5642447227504128E-032  -1.3601920263232970E-032  -4.9622534688902649E-017   2.0442708786271538E-031   3.0633585011355874E-032   8.9666478214968760E-033   2.4152556661349887E-031   4.0672934335896223E-033   2.0394335240844016E-031  -4.3397738812855605E-017  -8.0936973807701099E-033   2.5261447356149561E-032   3.8291766281386091E-032  -2.5733070412332991E-032  -2.2547538378766347E-032  -1.5543944192962553E-032  -5.1004083586371882E-032  -9.2106279880744604E-033  -1.1655681581769676E-032  -2.0215531893165826E-017
  -7.3181799738483084E-031   1.1336163196555485E-030   5.3775156259587020E-030  -6.5615739192126792E-017   7.8103240870084874E-031  -5.4180497260499296E-030  -9.0194587990610577E-031  -2.4122458630662223E-015   1.0952827324855404E-029   1.7006406639498121E-030   8.2073670586764772E-031   1.3297623752491434E-029   2.0394335240844016E-031   1.0393535268879902E-029  -2.1133481914919855E-015  -5.0213113122824527E-031   1.6569020730947247E-030   1.6800094994484172E-030  -1.3697785636483892E-030  -1.3515099285515346E-030  -9.1055630042529018E-031  -2.7084093012798368E-030  -5.2502162202855452E-031  -4.1727099595098350E-031  -1.5781224225695320E-015
   1.3766362976622961E-016  -1.2695457490868875E-016  -1.2324132119314082E-015   1.4459552318238403E-002  -8.1861926181135018E-017   7.8729014835924405E-016   6.2720718285997703E-017  0.55792713886238143       -1.9180100078447947E-015  -2.6517489620155263E-016   4.3403241256007757E-017  -2.1322513152137029E-015  -4.3397738812855605E-017  -2.1133481914919855E-015  0.48655202484382359        5.0273698836013006E-017  -1.2330097262506820E-016  -4.9851816726668285E-016   2.4479179444250165E-016   1.5779120920511203E-016   1.1670656209812616E-016   4.8764360533289044E-016   7.4600771072705512E-017   1.8701114366176509E-016   4.1689265286886839E-003
   4.5512225247000035E-032  -1.4918230933932498E-031  -1.3306799550021631E-031   2.1508793403986772E-018  -1.0789482907876204E-031   5.4840906850926691E-031   1.5360701725033934E-031   5.5049392550218288E-017  -8.1095625045070115E-031  -1.5567253175320711E-031  -2.3139228818878199E-031  -1.1636180701963045E-030  -8.0936973807701099E-033  -5.0213113122824527E-031   5.0273698836013006E-017   7.1514463665417970E-032  -2.7481234238809327E-031   6.1914002380024690E-032   9.6931303405177247E-032   1.7198970456828600E-031   1.0639454309289181E-031   1.8835185414897182E-031   5.4682595572498568E-032  -7.2997037257665667E-032   3.6502632979371717E-016
  -1.5852499814496041E-031   5.6985039170073798E-031   3.3494694398452653E-031  -6.2598434031913040E-018   4.1368165211181410E-031  -2.0451700916199968E-030  -5.9728447768773638E-031  -1.3111742863003350E-016   2.9075233043207245E-030   5.7408832873496542E-031   9.2110135919273036E-031   4.2679311670851970E-030   2.5261447356149561E-032   1.6569020730947247E-030  -1.2330097262506820E-016  -2.7481234238809327E-031   1.0668607315038206E-030  -3.2187767306345101E-031  -3.4512140795934933E-031  -6.5520064973022470E-031  -4.0235594691100004E-031  -6.6876680137521776E-031  -2.0453084777048114E-031   3.1742420542420165E-031  -1.4418062375718502E-015
  -8.7538840814419340E-032  -1.0262870728114457E-031   1.2529280609584008E-030  -1.3691826394381949E-017  -8.6186626531393414E-032  -7.8571361587156298E-033   1.8736079599394113E-031  -5.7609404365587294E-016   9.1717717439637955E-031   5.2316613140542605E-032  -4.4788137519620681E-031   5.7140417158600086E-031   3.8291766281386091E-032   1.6800094994484172E-030  -4.9851816726668285E-016   6.1914002380024690E-032  -3.2187767306345101E-031   7.0476319473030366E-031  -1.2829291375092151E-031   1.0459093591010357E-031   4.1761583653626521E-032  -2.6368012118219717E-031   3.9028284504349280E-033  -3.4950194195103796E-031   6.1928130123813754E-016
   1.0305749249229396E-031  -2.1084791027901292E-031  -6.2623234719597988E-031   7.9843164135472346E-018  -1.4859579265690320E-031   9.0061103726219057E-031   1.9047964259063465E-031   2.7789404109073404E-016  -1.6268917830763121E-030  -2.7197229946033250E-031  -2.3295436110278249E-031  -2.0917086217593075E-030  -2.5733070412332991E-032  -1.3697785636483892E-030   2.4479179444250165E-016   9.6931303405177247E-032  -3.4512140795934933E-031  -1.2829291375092151E-031   2.0054074827583744E-031   2.4755680583621090E-031   1.6061699990309905E-031   3.9436934429136679E-031   8.8273876176944098E-032  -5.6349177975803145E-033   3.9592875000617479E-016
   1.1809332291952988E-031  -3.6058314654264699E-031  -4.1312200382519374E-031   6.2311986609449592E-018  -2.5997473764423971E-031   1.3517469099888679E-030   3.6571925582947352E-031   1.7483678995633641E-016  -2.0605079064533461E-030  -3.8711792806616680E-031  -5.3964473218686038E-031  -2.9058940362134318E-030  -2.2547538378766347E-032  -1.3515099285515346E-030   1.5779120920511203E-016   1.7198970456828600E-031  -6.5520064973022470E-031   1.0459093591010357E-031   2.4755680583621090E-031   4.1664422789922868E-031   2.5930124072092634E-031   4.8201854781335214E-031   1.3446558698730436E-031  -1.5607288141798009E-031   8.5723914215855019E-016
   7.7525653890376690E-032  -2.2399481600700402E-031  -3.0375861399439964E-031   4.4026240000879478E-018  -1.6107744586516958E-031   8.5320694565590047E-031   2.2432203137116267E-031   1.3012966367262092E-016  -1.3316950090782939E-030  -2.4606593179556777E-031  -3.2510870804481969E-031  -1.8532341402350434E-030  -1.5543944192962553E-032  -9.1055630042529018E-031   1.1670656209812616E-016   1.0639454309289181E-031  -4.0235594691100004E-031   4.1761583653626521E-032   1.6061699990309905E-031   2.5930124072092634E-031   1.6218008337506684E-031   3.1321511043946162E-031   8.4712037155945187E-032  -8.6462167617559287E-032   5.1961334754152590E-016
   2.0306083416408601E-031  -4.1029479526818975E-031  -1.2470922331191604E-030   1.5858386934592548E-017  -2.8890321358947448E-031   1.7606849068327420E-030   3.6892864639505933E-031   5.5377163550903934E-016  -3.1970705191262264E-030  -5.3261634177493260E-031  -4.4719486089183574E-031  -4.0993844855089211E-030  -5.1004083586371882E-032  -2.7084093012798368E-030   4.8764360533289044E-016   1.8835185414897182E-031  -6.6876680137521776E-031  -2.6368012118219717E-031   3.9436934429136679E-031   4.8201854781335214E-031   3.1321511043946162E-031   7.7574732057101753E-031   1.7248901704365680E-031  -4.6233091497902157E-033   7.6264732659743354E-016
   4.3268570301789268E-032  -1.1583988302513610E-031  -1.9301672156567731E-031   2.6822454392326185E-018  -8.2982267403976748E-032   4.5153101279489972E-031   1.1382625190688517E-031   8.3703342234040155E-017  -7.2810822427227653E-031  -1.3151377868737759E-031  -1.6041687221407837E-031  -9.9506775132314951E-031  -9.2106279880744604E-033  -5.2502162202855452E-031   7.4600771072705512E-017   5.4682595572498568E-032  -2.0453084777048114E-031   3.9028284504349280E-033   8.8273876176944098E-032   1.3446558698730436E-031   8.4712037155945187E-032   1.7248901704365680E-031   4.4710135097053884E-032  -3.6716877076444820E-032   2.5888227077375670E-016
   9.3581856075201968E-033   1.4061171794941260E-031  -4.6571797964596020E-031   4.6433437623467374E-018   1.0695539966656165E-031  -3.4756735349968534E-031  -1.8069911987615563E-031   2.1806314876951591E-016   1.1580417304629688E-031   7.6639102547173991E-032   3.4503388200660696E-031   4.9356412232346618E-031  -1.1655681581769676E-032  -4.1727099595098350E-031   1.8701114366176509E-016  -7.2997037257665667E-032   3.1742420542420165E-031  -3.4950194195103796E-031  -5.6349177975803145E-033  -1.5607288141798009E-031  -8.6462167617559287E-032  -4.6233091497902157E-033  -3.6716877076444820E-032   2.0039353994827275E-031  -5.0593110918376771E-016
   1.7318594528863605E-016  -7.4910699279637722E-016  -4.2044608874753080E-017   3.7348103143341879E-003  -5.4735582474819446E-016   2.5744295432753071E-015   8.0936902704553462E-016  -9.5089385591555949E-003  -3.3851847607756745E-015  -7.0745676638382015E-016  -1.2963694708078702E-015  -5.2040924160446933E-015  -2.0215531893165826E-017  -1.5781224225695320E-015   4.1689265286886839E-003   3.6502632979371717E-016  -1.4418062375718502E-015   6.1928130123813754E-016   3.9592875000617479E-016   8.5723914215855019E-016   5.1961334754152590E-016   7.6264732659743354E-016   2.5888227077375670E-016  -5.0593110918376771E-016   2.0044116140605288     
