   1.6713897870669330E-002   7.5312717779015161E-017   2.1675110504616702E-016   1.5719065241485319E-017   4.7502241448326021E-018  -1.7048957082187456E-018   3.9480379192042222E-017  -4.5978712692151511E-017   9.7512917685658603E-018  -2.7185328751454676E-018   7.1073233452755818E-002   2.3479206360382485E-016   4.1624005783143702E-016   6.9915353306020236E-016   2.3908793442675179E-017   6.0491987592684365E-018   3.7704092151940059E-017   3.9695882194167833E-018  -1.7257726562625206E-017  -6.2555789316455261E-017   6.0487989934232808E-002   2.6947885141857667E-016   3.9880779465942352E-016   1.8099946978202711E-003  -1.6969364634095668E-016   1.4002264328671622E-015   1.2284441703307315E-015   7.3770188089005026E-016   7.4419378582815769E-017   8.4157553248472931E-016   2.2588860555964363E-016  -2.2097238264492145E-016  -9.6052338324440747E-016   5.5974479994169482E-016  -1.1694691854419794E-015
   7.5312717779015161E-017   1.6713897870671061E-002  -2.8929498578745964E-016  -2.7986640450202747E-016   1.4122182908663667E-016  -4.5579499540484105E-018  -1.3431626075551229E-018   1.5287352493831200E-016   2.0822184857308716E-017   1.2529175908400934E-016  -6.3462121141367715E-017   7.1073233452758761E-002  -5.1528668862159045E-016   1.2733236945678669E-016   7.2184208984169123E-017  -7.6285792586863609E-018  -1.3476799545307784E-018   1.1763673909809540E-016  -2.7231233400906983E-018   1.3550307274428626E-016   7.4599244445737473E-017   6.0487989934235945E-002  -5.8774856708922908E-016   8.3114055677337857E-016   1.8099946978234437E-003  -7.9150513206852563E-016   9.8325224531776475E-016  -5.0000574446665222E-016  -1.2521126112873267E-016  -2.6781779867705361E-017   2.6601391423889802E-016   1.8921495270961429E-017   3.3967742961983048E-016  -1.3114763670886446E-015  -7.5138814138652905E-016
   2.1675110504616702E-016  -2.8929498578745964E-016   1.6713897870670534E-002   1.6041024216951519E-016  -5.2036232518166065E-017  -5.7973855621287241E-018  -3.6074660730807145E-017  -4.1877317224100285E-017  -1.3315734462005941E-018   1.2346300372776129E-017   3.2548475513611819E-016  -3.8777477922900775E-016   7.1073233452758081E-002   8.2315086249908425E-016  -5.3148884400583316E-017  -7.8467474915685370E-017   3.0173828704892761E-017   1.4377405905771682E-016   9.0661967375068906E-017   3.4090246166083955E-017   3.6387034412388114E-016  -5.2025699683461559E-016   6.0487989934234897E-002   3.9285921335636588E-016  -3.4870728856408903E-015   1.8099946978228959E-003   1.7677120819266006E-015  -1.1986628387863713E-015  -1.4165973905700199E-015   5.5152842021832159E-016   1.2023132265835129E-015   1.2268334809318007E-015   1.4805508286415869E-016  -2.0178585871361611E-015  -1.6546643360630271E-015
   1.5719065241485319E-017  -2.7986640450202747E-016   1.6041024216951519E-016   1.7851678307965769E-004   2.5343459062195428E-016  -7.5059886477832316E-018  -1.6090984478604555E-017   2.0582172400968827E-016   1.7282310979571466E-017   2.2925826025043402E-016   5.2268677297430677E-017  -1.2221767639630846E-015   5.6102063975190312E-016   8.7180556999104635E-003   2.3980760924010994E-016  -6.4438108014870593E-017  -8.2432576556682056E-018   6.5974571053721142E-016  -6.3647587963129563E-017   5.1075737624540323E-016   3.1448546811285197E-017  -1.0467540135970696E-015   5.2964072441008018E-016  -3.3398243660771619E-015  -7.6789598946952866E-016   7.6775715569741102E-016   1.5729211956824342E-002  -3.2144844050988262E-015  -1.2238167262123461E-015  -2.8436490550378107E-016   3.4424041505638030E-015  -6.5896146809728997E-016   4.3261156138180023E-016   1.0068257090785318E-003  -1.4890811923980290E-002
   4.7502241448326021E-018   1.4122182908663667E-016  -5.2036232518166065E-017   2.5343459062195428E-016   1.1729469501223938E-006   8.0701270843883023E-019   3.5794719254158329E-018  -5.8647347506053315E-007  -3.4457883453815146E-019  -5.8647347506636126E-007  -1.1909850331159423E-017   6.0989292089492414E-016  -1.8689866583166769E-016   1.2247417937400419E-014   9.0825732836362136E-005   3.3806582121846306E-017   1.1614656228020196E-016  -4.5412866418124574E-005  -3.3628407417923110E-017  -4.5412866418246310E-005   1.1239179291257004E-018   5.1539386176322223E-016  -1.7206408054719530E-016   2.1554832640374551E-015  -5.0651926166527248E-016  -2.1411337557877729E-015   2.2226998508078656E-014   1.4905973851401916E-003   5.5379749951365335E-016   1.9342802825944924E-015  -7.4529869256902701E-004  -5.4268114499297605E-016  -7.4529869257116560E-004   1.2283593893382183E-014  -2.0924520959555595E-014
  -1.7048957082187456E-018  -4.5579499540484105E-018  -5.7973855621287241E-018  -7.5059886477832316E-018   8.0701270843883023E-019   1.1729469501155203E-006  -2.6723827964309266E-018  -3.3585435062691658E-019  -2.3622838095526578E-018  -6.4132494209390227E-019  -1.2360239126433752E-017  -1.0666629279498745E-017  -2.6502301759529910E-017  -3.2619420967549646E-016   2.8000257295166740E-017   9.0825732836097550E-005  -9.6295301259352503E-017   7.0472239998263353E-017  -1.5887072546868344E-016  -1.0007587482794279E-016  -9.2660777020540311E-018  -1.2213865613254418E-017  -2.0840552341273210E-017   3.7647114966541201E-016  -6.2099741373110827E-016   5.0288741151738603E-016  -5.8800151321553817E-016   4.7058323576986627E-016   1.4905973851358336E-003  -1.5985982933312254E-015   1.1510184540880742E-015  -2.6188252849204742E-015  -1.6238345679686009E-015   3.0969906416114686E-016   5.6076267352850489E-016
   3.9480379192042222E-017  -1.3431626075551229E-018  -3.6074660730807145E-017  -1.6090984478604555E-017   3.5794719254158329E-018  -2.6723827964309266E-018   1.1729469501134483E-006  -1.5916494123266850E-018  -1.3546318648600980E-018  -9.4949116978702721E-019   1.5071109343710161E-016  -9.3885093665097277E-018  -1.6601227191089450E-016  -7.5225485447250159E-016   1.5849560733265419E-016  -1.0858583204207453E-016   9.0825732836018105E-005  -9.2153947076395125E-017  -1.8224931292327315E-017  -6.5912429619095900E-017   1.3491327800691729E-016  -6.4884419968938760E-018  -1.3726073654384568E-016   9.5805225769761996E-016   2.8156434709098399E-016   8.2891192671838167E-016  -1.3702306067355491E-015   2.6144019729907725E-015  -1.7993010561172421E-015   1.4905973851345163E-003  -1.5188937833963771E-015  -2.9555462395028976E-016  -1.0938726152954265E-015  -1.0014988115128552E-015   1.2863496610074150E-015
  -4.5978712692151511E-017   1.5287352493831200E-016  -4.1877317224100285E-017   2.0582172400968827E-016  -5.8647347506053315E-007  -3.3585435062691658E-019  -1.5916494123266850E-018   1.1729469501167115E-006  -9.3900754707648407E-020  -5.8647347505418442E-007  -2.0759792704154199E-016   6.6112351182764847E-016  -1.6533887282042605E-016   9.5263655565174988E-015  -4.5412866418195542E-005  -9.6079936928643280E-017  -2.9454321284443141E-017   9.0825732836155432E-005   6.9839589104425727E-018  -4.5412866417951434E-005  -1.7080676878689120E-016   5.5750727983835871E-016  -1.4678792954457632E-016   7.7708439393876129E-016  -8.3029738278984838E-016  -1.2925593694387513E-015   1.7463803439392169E-014  -7.4529869257031905E-004  -1.5799218388840388E-015  -5.0222084279213339E-016   1.4905973851365789E-003   1.0261817390873033E-016  -7.4529869256625958E-004   1.6007562781863368E-014  -1.6354776168121843E-014
   9.7512917685658603E-018   2.0822184857308716E-017  -1.3315734462005941E-018   1.7282310979571466E-017  -3.4457883453815146E-019  -2.3622838095526578E-018  -1.3546318648600980E-018  -9.3900754707648407E-020   1.1729469501201155E-006  -3.7256589603039035E-019   5.0008449948904074E-017   9.4603914425692852E-017  -1.3488292248274671E-017   8.1974339451243926E-016   5.2712589115619547E-018  -2.2730243290492341E-017  -8.7108846788935433E-017  -1.3297147136010139E-017   9.0825732836274058E-005   6.9826554806787919E-018   3.8628629774649648E-017   7.7410897168122478E-017  -9.4503352031851973E-018  -5.5603369716771050E-016  -4.2391073775046061E-016   1.0193904376402020E-016   1.5062341718194032E-015   1.0295117697106112E-016  -3.8458742170648923E-016  -1.4269224232053352E-015  -2.2119077255311271E-016   1.4905973851387546E-003   1.1764498837932130E-016   2.1388449270336418E-015  -1.4040130794659936E-015
  -2.7185328751454676E-018   1.2529175908400934E-016   1.2346300372776129E-017   2.2925826025043402E-016  -5.8647347506636126E-007  -6.4132494209390227E-019  -9.4949116978702721E-019  -5.8647347505418442E-007  -3.7256589603039035E-019   1.1729469501230526E-006  -7.3831597778220997E-018   5.2897075501079828E-016   6.8136769132769411E-017   1.0770100122326145E-014  -4.5412866418515097E-005   4.9096709688060738E-017  -6.2902999312321086E-018  -4.5412866417876454E-005  -3.6157876100269903E-017   9.0825732836391856E-005  -6.5486038988947272E-018   4.5200454558967305E-016   5.0610661667586850E-017  -5.8416978101788505E-017   1.8721797222763210E-016  -1.0900353652793245E-015   1.9703343307844119E-014  -7.4529869257559218E-004   8.0987431330747052E-016  -1.1253346218000419E-016  -7.4529869256501785E-004  -5.9062495681302030E-016   1.4905973851406108E-003   1.7157403692829185E-014  -1.8468217599791098E-014
   7.1073233452755818E-002  -6.3462121141367715E-017   3.2548475513611819E-016   5.2268677297430677E-017  -1.1909850331159423E-017  -1.2360239126433752E-017   1.5071109343710161E-016  -2.0759792704154199E-016   5.0008449948904074E-017  -7.3831597778220997E-018  0.30261502750449876       -5.8579064943951165E-016  -6.0335213624657264E-016   1.5722481410867705E-017  -4.8574040196503408E-017   4.5630959080794364E-017  -1.2897507367814286E-016  -9.0237423618316480E-017  -2.7967609353339562E-017  -2.2261026476984079E-017  0.25738202635066226       -2.1071153269382524E-016  -3.7707044317870388E-016  -2.0164275098205765E-002   1.0838521866554524E-016  -3.6778816018813696E-015  -1.0225439283172256E-016   3.9098296838584953E-016   4.7496892451053824E-016  -1.4058386189707541E-015  -5.8564947496602224E-016   9.2603806632092935E-017   1.9793854331298721E-016   8.8284645128763260E-016   6.1180989790366313E-017
   2.3479206360382485E-016   7.1073233452758761E-002  -3.8777477922900775E-016  -1.2221767639630846E-015   6.0989292089492414E-016  -1.0666629279498745E-017  -9.3885093665097277E-018   6.6112351182764847E-016   9.4603914425692852E-017   5.2897075501079828E-016  -5.8579064943951165E-016  0.30261502750449287        1.1207603228697598E-015  -1.8238812642956361E-015   4.9904685208007343E-016  -2.3948838070997882E-017   2.8599640232677792E-017   4.5612556195834423E-016  -3.4909290346931290E-018   4.8170170725995614E-016   2.6045483648286985E-017  0.25738202635065982        3.4389446772723014E-016  -7.6358101638825437E-016  -2.0164275098209294E-002  -3.1379395988605564E-016   3.2771603444837403E-016   5.5885422730547955E-016  -4.2001779680505823E-016   1.8629097499498974E-016   2.0481066340921916E-016   2.6451088377010740E-016  -3.2948433483120279E-016   1.1556047392506291E-015   5.8838828911980162E-016
   4.1624005783143702E-016  -5.1528668862159045E-016   7.1073233452758081E-002   5.6102063975190312E-016  -1.8689866583166769E-016  -2.6502301759529910E-017  -1.6601227191089450E-016  -1.6533887282042605E-016  -1.3488292248274671E-017   6.8136769132769411E-017  -6.0335213624657264E-016   1.1207603228697598E-015  0.30261502750449643       -2.3078753101776321E-015   1.6348285827496517E-016   6.9979755762153502E-017   5.3196102784952428E-017   2.4881919640794594E-016  -1.0997297915270374E-016   2.3904257429371377E-016  -2.3140333709568518E-016   2.0919592712228703E-016  0.25738202635066104       -4.7686513485482108E-016   1.7524806526846194E-015  -2.0164275098206855E-002  -2.4431219599669513E-015   8.6494695293127809E-016   5.1946663806208179E-016   1.0301359563702153E-015  -1.4528632020740158E-015  -2.9195432096880863E-015   1.2055332895530203E-015   5.1213175226519297E-016   2.5561407796406857E-015
   6.9915353306020236E-016   1.2733236945678669E-016   8.2315086249908425E-016   8.7180556999104635E-003   1.2247417937400419E-014  -3.2619420967549646E-016  -7.5225485447250159E-016   9.5263655565174988E-015   8.1974339451243926E-016   1.0770100122326145E-014   1.5722481410867705E-017  -1.8238812642956361E-015  -2.3078753101776321E-015  0.42708261052225677        2.2597709012429364E-014   6.8159743843165591E-016   3.4191324717738934E-016   2.0682398413396941E-014  -8.1476030397300792E-016   2.3180666600048551E-014   3.6989019510397768E-016  -1.5533070172167085E-015   4.7371560690133310E-016   6.1708309367364940E-016   8.4121026182003439E-015   1.0970284027650323E-014  0.76971419783741957        3.6228041463501207E-014   2.9777109405665507E-015  -1.3655708026932306E-015  -8.9000764352392456E-015   4.2657167058552404E-015   3.2666868354956890E-015  -1.8864868049609600E-003 -0.72927739162579885     
   2.3908793442675179E-017   7.2184208984169123E-017  -5.3148884400583316E-017   2.3980760924010994E-016   9.0825732836362136E-005   2.8000257295166740E-017   1.5849560733265419E-016  -4.5412866418195542E-005   5.2712589115619547E-018  -4.5412866418515097E-005  -4.8574040196503408E-017   4.9904685208007343E-016   1.6348285827496517E-016   2.2597709012429364E-014   7.0329811117215814E-003  -5.2903983819575909E-017  -1.9590178004095274E-016  -3.5164905558615167E-003  -1.2970980804270620E-016  -3.5164905558607417E-003  -1.5423126268876555E-016   3.6577668167763406E-016   9.0381495881723470E-017  -1.2113674285932690E-015  -2.0205396642535900E-015  -1.8630648698941899E-015   3.7725292592875105E-014  0.11542261127427463       -9.4747750227139208E-016  -1.0370749533662243E-015  -5.7711305637138263E-002  -1.4151565797026572E-015  -5.7711305637136438E-002   3.7776245578210348E-014  -3.5898820358671541E-014
   6.0491987592684365E-018  -7.6285792586863609E-018  -7.8467474915685370E-017  -6.4438108014870593E-017   3.3806582121846306E-017   9.0825732836097550E-005  -1.0858583204207453E-016  -9.6079936928643280E-017  -2.2730243290492341E-017   4.9096709688060738E-017   4.5630959080794364E-017  -2.3948838070997882E-017   6.9979755762153502E-017   6.8159743843165591E-016  -5.2903983819575909E-017   7.0329811117218173E-003   1.5886378211462320E-016   3.0878639031748847E-017   1.0218393717438880E-016  -1.0213041527999998E-016  -3.9326673325217813E-017   1.7706784058304217E-017  -3.8213778088997325E-017  -7.3756207736931772E-016  -1.0393493932312929E-016  -3.6764995461993626E-016   8.2917480268211194E-016  -1.2315859053060716E-017  0.11542261127427728        1.1950855615446690E-015   7.7391282808276478E-017   7.8656665328160328E-016  -2.3797729466287134E-016  -1.3349410257631771E-016  -7.7993169465162653E-016
   3.7704092151940059E-017  -1.3476799545307784E-018   3.0173828704892761E-017  -8.2432576556682056E-018   1.1614656228020196E-016  -9.6295301259352503E-017   9.0825732836018105E-005  -2.9454321284443141E-017  -8.7108846788935433E-017  -6.2902999312321086E-018  -1.2897507367814286E-016   2.8599640232677792E-017   5.3196102784952428E-017   3.4191324717738934E-016  -1.9590178004095274E-016   1.5886378211462320E-016   7.0329811117219388E-003   1.2692823125321414E-016  -3.4031560359192478E-017   1.0221051283313445E-016  -3.3579872587937339E-017   6.1342410043750373E-018  -2.2901519422541282E-017  -1.0021313508702780E-015  -1.1415498001530885E-015  -3.6051316787415302E-016   7.7391446603061667E-016  -2.1904356719290822E-015   1.2728973962112414E-015  0.11542261127427822        1.5799138053059930E-015  -2.8393391424911505E-016   7.3717107992953185E-016   7.7849449117260459E-016  -7.4711920954108238E-016
   3.9695882194167833E-018   1.1763673909809540E-016   1.4377405905771682E-016   6.5974571053721142E-016  -4.5412866418124574E-005   7.0472239998263353E-017  -9.2153947076395125E-017   9.0825732836155432E-005  -1.3297147136010139E-017  -4.5412866417876454E-005  -9.0237423618316480E-017   4.5612556195834423E-016   2.4881919640794594E-016   2.0682398413396941E-014  -3.5164905558615167E-003   3.0878639031748847E-017   1.2692823125321414E-016   7.0329811117236397E-003   7.4174211969843993E-017  -3.5164905558614686E-003   2.8761569412219806E-017   3.6861717124945512E-016   3.1008448895758059E-016   9.6069872890838221E-016  -8.1050540647656240E-016  -2.6689321702530589E-015   4.0423775293042832E-014  -5.7711305637148116E-002   2.6715800321238434E-016   6.2519671243423748E-016  0.11542261127429133        2.8811910404143800E-016  -5.7711305637143197E-002   3.2803557306352094E-014  -3.7434514538083228E-014
  -1.7257726562625206E-017  -2.7231233400906983E-018   9.0661967375068906E-017  -6.3647587963129563E-017  -3.3628407417923110E-017  -1.5887072546868344E-016  -1.8224931292327315E-017   6.9839589104425727E-018   9.0825732836274058E-005  -3.6157876100269903E-017  -2.7967609353339562E-017  -3.4909290346931290E-018  -1.0997297915270374E-016  -8.1476030397300792E-016  -1.2970980804270620E-016   1.0218393717438880E-016  -3.4031560359192478E-017   7.4174211969843993E-017   7.0329811117216014E-003  -2.5245975811668206E-017  -6.8554688298875747E-017  -4.8836762688271904E-017   1.6945446854177828E-017   1.1861710493956244E-015   1.8481036975193771E-016  -3.5647865681458664E-017  -1.9786904644240914E-015  -8.5563795496549218E-016   7.8285156677494118E-016  -3.5138823003665442E-016   9.8787737396546796E-016  0.11542261127427561       -1.7828010660632434E-016  -2.7785784760303365E-015   1.7153410184808836E-015
  -6.2555789316455261E-017   1.3550307274428626E-016   3.4090246166083955E-017   5.1075737624540323E-016  -4.5412866418246310E-005  -1.0007587482794279E-016  -6.5912429619095900E-017  -4.5412866417951434E-005   6.9826554806787919E-018   9.0825732836391856E-005  -2.2261026476984079E-017   4.8170170725995614E-016   2.3904257429371377E-016   2.3180666600048551E-014  -3.5164905558607417E-003  -1.0213041527999998E-016   1.0221051283313445E-016  -3.5164905558614686E-003  -2.5245975811668206E-017   7.0329811117222337E-003  -5.8752969292935818E-018   4.6593379546385136E-016   1.0285820958063465E-016   1.2263029893071554E-015  -9.8190164200233718E-016  -4.1611972504392689E-015   4.3274785298394821E-014  -5.7711305637137625E-002  -1.3572737362189074E-015   9.5735051830464125E-016  -5.7711305637142336E-002  -1.9872324678834154E-016  0.11542261127428002        3.0212342617083779E-014  -4.0544489042551766E-014
   6.0487989934232808E-002   7.4599244445737473E-017   3.6387034412388114E-016   3.1448546811285197E-017   1.1239179291257004E-018  -9.2660777020540311E-018   1.3491327800691729E-016  -1.7080676878689120E-016   3.8628629774649648E-017  -6.5486038988947272E-018  0.25738202635066226        2.6045483648286985E-017  -2.3140333709568518E-016   3.6989019510397768E-016  -1.5423126268876555E-016  -3.9326673325217813E-017  -3.3579872587937339E-017   2.8761569412219806E-017  -6.8554688298875747E-017  -5.8752969292935818E-018  0.21897889683591254        2.7161977624575889E-016  -5.0461031175272646E-017  -5.4162446552558918E-003  -9.7163370343112395E-017   2.2791923193669074E-015   5.2296812023236898E-016  -1.4018381394543964E-015  -8.0762159657330725E-016   1.5359072448920489E-016   1.1447064367924100E-015  -7.7657791140972981E-016   2.6403513398626363E-016  -5.1391561992525491E-016  -5.4273786567029601E-016
   2.6947885141857667E-016   6.0487989934235945E-002  -5.2025699683461559E-016  -1.0467540135970696E-015   5.1539386176322223E-016  -1.2213865613254418E-017  -6.4884419968938760E-018   5.5750727983835871E-016   7.7410897168122478E-017   4.5200454558967305E-016  -2.1071153269382524E-016  0.25738202635065982        2.0919592712228703E-016  -1.5533070172167085E-015   3.6577668167763406E-016   1.7706784058304217E-017   6.1342410043750373E-018   3.6861717124945512E-016  -4.8836762688271904E-017   4.6593379546385136E-016   2.7161977624575889E-016  0.21897889683591271       -3.3048245861776591E-016   3.2688198002317381E-016  -5.4162446552549239E-003   2.0351533360301184E-015   1.1192795697782250E-016  -2.9466943788448974E-016   2.7898440640600799E-016  -2.9272670007211802E-017  -6.1589127331079701E-017  -5.4924126721703056E-016   7.3219536625923647E-016  -1.3837693122947421E-015   6.0846138817698423E-016
   3.9880779465942352E-016  -5.8774856708922908E-016   6.0487989934234897E-002   5.2964072441008018E-016  -1.7206408054719530E-016  -2.0840552341273210E-017  -1.3726073654384568E-016  -1.4678792954457632E-016  -9.4503352031851973E-018   5.0610661667586850E-017  -3.7707044317870388E-016   3.4389446772723014E-016  0.25738202635066104        4.7371560690133310E-016   9.0381495881723470E-017  -3.8213778088997325E-017  -2.2901519422541282E-017   3.1008448895758059E-016   1.6945446854177828E-017   1.0285820958063465E-016  -5.0461031175272646E-017  -3.3048245861776591E-016  0.21897889683591204       -6.1413128328805740E-016   9.5084256508014572E-016  -5.4162446552593084E-003   2.1414688862588641E-015   1.1731468570390495E-016  -1.1282391912575499E-015  -2.0740271135911900E-016   6.3656304363229316E-016  -6.6868139046774787E-016  -2.1665796059815987E-016  -8.6835811744221329E-016  -1.8599243652118175E-015
   1.8099946978202711E-003   8.3114055677337857E-016   3.9285921335636588E-016  -3.3398243660771619E-015   2.1554832640374551E-015   3.7647114966541201E-016   9.5805225769761996E-016   7.7708439393876129E-016  -5.5603369716771050E-016  -5.8416978101788505E-017  -2.0164275098205765E-002  -7.6358101638825437E-016  -4.7686513485482108E-016   6.1708309367364940E-016  -1.2113674285932690E-015  -7.3756207736931772E-016  -1.0021313508702780E-015   9.6069872890838221E-016   1.1861710493956244E-015   1.2263029893071554E-015  -5.4162446552558918E-003   3.2688198002317381E-016  -6.1413128328805740E-016   2.0047712405881137        7.5584123594770734E-017   7.5713688395850381E-016  -9.3779478694434543E-016   3.2114875278294595E-016  -5.0535816311465505E-018   5.9564018038296704E-016   5.4765138934096379E-016  -1.1662203371831031E-015  -1.6550024891111521E-016  -1.0923995961028174E-016   4.9857584456316242E-016
  -1.6969364634095668E-016   1.8099946978234437E-003  -3.4870728856408903E-015  -7.6789598946952866E-016  -5.0651926166527248E-016  -6.2099741373110827E-016   2.8156434709098399E-016  -8.3029738278984838E-016  -4.2391073775046061E-016   1.8721797222763210E-016   1.0838521866554524E-016  -2.0164275098209294E-002   1.7524806526846194E-015   8.4121026182003439E-015  -2.0205396642535900E-015  -1.0393493932312929E-016  -1.1415498001530885E-015  -8.1050540647656240E-016   1.8481036975193771E-016  -9.8190164200233718E-016  -9.7163370343112395E-017  -5.4162446552549239E-003   9.5084256508014572E-016   7.5584123594770734E-017   2.0047712405881160       -1.7942527530263444E-015  -6.3718634778450366E-015   2.9609839243742071E-016   2.3108493727029120E-016   2.0484080143569598E-016   1.0889476229277453E-015  -6.5114384419890886E-016  -2.7775006495037514E-016  -1.0394035532854314E-015   2.0916288973245540E-015
   1.4002264328671622E-015  -7.9150513206852563E-016   1.8099946978228959E-003   7.6775715569741102E-016  -2.1411337557877729E-015   5.0288741151738603E-016   8.2891192671838167E-016  -1.2925593694387513E-015   1.0193904376402020E-016  -1.0900353652793245E-015  -3.6778816018813696E-015  -3.1379395988605564E-016  -2.0164275098206855E-002   1.0970284027650323E-014  -1.8630648698941899E-015  -3.6764995461993626E-016  -3.6051316787415302E-016  -2.6689321702530589E-015  -3.5647865681458664E-017  -4.1611972504392689E-015   2.2791923193669074E-015   2.0351533360301184E-015  -5.4162446552593084E-003   7.5713688395850381E-016  -1.7942527530263444E-015   2.0047712405881160       -6.1372750842652292E-015   3.3346529495868142E-016  -2.0312654791270539E-016   1.9550604160004783E-017   3.4756495145255721E-016  -2.8791182754263926E-016   1.3130447327660057E-015  -9.8852813113755483E-016   2.1487099685473534E-015
   1.2284441703307315E-015   9.8325224531776475E-016   1.7677120819266006E-015   1.5729211956824342E-002   2.2226998508078656E-014  -5.8800151321553817E-016  -1.3702306067355491E-015   1.7463803439392169E-014   1.5062341718194032E-015   1.9703343307844119E-014  -1.0225439283172256E-016   3.2771603444837403E-016  -2.4431219599669513E-015  0.76971419783741957        3.7725292592875105E-014   8.2917480268211194E-016   7.7391446603061667E-016   4.0423775293042832E-014  -1.9786904644240914E-015   4.3274785298394821E-014   5.2296812023236898E-016   1.1192795697782250E-016   2.1414688862588641E-015  -9.3779478694434543E-016  -6.3718634778450366E-015  -6.1372750842652292E-015   1.3877467837244708        6.2478143174000952E-015  -1.1464912096962745E-015  -7.7157234202861846E-017   2.7219017621335144E-014   9.7098683831653210E-017   2.2776163298190213E-014   2.8640009625274351E-002  -1.3144718339975248     
   7.3770188089005026E-016  -5.0000574446665222E-016  -1.1986628387863713E-015  -3.2144844050988262E-015   1.4905973851401916E-003   4.7058323576986627E-016   2.6144019729907725E-015  -7.4529869257031905E-004   1.0295117697106112E-016  -7.4529869257559218E-004   3.9098296838584953E-016   5.5885422730547955E-016   8.6494695293127809E-016   3.6228041463501207E-014  0.11542261127427463       -1.2315859053060716E-017  -2.1904356719290822E-015  -5.7711305637148116E-002  -8.5563795496549218E-016  -5.7711305637137625E-002  -1.4018381394543964E-015  -2.9466943788448974E-016   1.1731468570390495E-016   3.2114875278294595E-016   2.9609839243742071E-016   3.3346529495868142E-016   6.2478143174000952E-015   1.8942719995605342       -1.5025144756846674E-015  -2.0431789940492090E-016 -0.94713599978026441       -2.3312244062240487E-015 -0.94713599978027097        2.0035026486809411E-014  -1.5413659346574545E-014
   7.4419378582815769E-017  -1.2521126112873267E-016  -1.4165973905700199E-015  -1.2238167262123461E-015   5.5379749951365335E-016   1.4905973851358336E-003  -1.7993010561172421E-015  -1.5799218388840388E-015  -3.8458742170648923E-016   8.0987431330747052E-016   4.7496892451053824E-016  -4.2001779680505823E-016   5.1946663806208179E-016   2.9777109405665507E-015  -9.4747750227139208E-016  0.11542261127427728        1.2728973962112414E-015   2.6715800321238434E-016   7.8285156677494118E-016  -1.3572737362189074E-015  -8.0762159657330725E-016   2.7898440640600799E-016  -1.1282391912575499E-015  -5.0535816311465505E-018   2.3108493727029120E-016  -2.0312654791270539E-016  -1.1464912096962745E-015  -1.5025144756846674E-015   1.8942719995605575       -2.2848476582959568E-015  -2.6623126446467157E-015  -1.7656774480012736E-015   1.3272667470296436E-015   2.4904326143314018E-016   1.2072706492847841E-015
   8.4157553248472931E-016  -2.6781779867705361E-017   5.5152842021832159E-016  -2.8436490550378107E-016   1.9342802825944924E-015  -1.5985982933312254E-015   1.4905973851345163E-003  -5.0222084279213339E-016  -1.4269224232053352E-015  -1.1253346218000419E-016  -1.4058386189707541E-015   1.8629097499498974E-016   1.0301359563702153E-015  -1.3655708026932306E-015  -1.0370749533662243E-015   1.1950855615446690E-015  0.11542261127427822        6.2519671243423748E-016  -3.5138823003665442E-016   9.5735051830464125E-016   1.5359072448920489E-016  -2.9272670007211802E-017  -2.0740271135911900E-016   5.9564018038296704E-016   2.0484080143569598E-016   1.9550604160004783E-017  -7.7157234202861846E-017  -2.0431789940492090E-016  -2.2848476582959568E-015   1.8942719995605557        2.0024672024720709E-015  -1.2605476558402692E-015   2.8029336664179304E-016   2.5813974804902686E-016  -2.9927773121867051E-016
   2.2588860555964363E-016   2.6601391423889802E-016   1.2023132265835129E-015   3.4424041505638030E-015  -7.4529869256902701E-004   1.1510184540880742E-015  -1.5188937833963771E-015   1.4905973851365789E-003  -2.2119077255311271E-016  -7.4529869256501785E-004  -5.8564947496602224E-016   2.0481066340921916E-016  -1.4528632020740158E-015  -8.9000764352392456E-015  -5.7711305637138263E-002   7.7391282808276478E-017   1.5799138053059930E-015  0.11542261127429133        9.8787737396546796E-016  -5.7711305637142336E-002   1.1447064367924100E-015  -6.1589127331079701E-017   6.3656304363229316E-016   5.4765138934096379E-016   1.0889476229277453E-015   3.4756495145255721E-016   2.7219017621335144E-014 -0.94713599978026441       -2.6623126446467157E-015   2.0024672024720709E-015   1.8942719995605282        9.6304596784200480E-016 -0.94713599978026353        2.2483801626091060E-014  -1.7556713967640725E-014
  -2.2097238264492145E-016   1.8921495270961429E-017   1.2268334809318007E-015  -6.5896146809728997E-016  -5.4268114499297605E-016  -2.6188252849204742E-015  -2.9555462395028976E-016   1.0261817390873033E-016   1.4905973851387546E-003  -5.9062495681302030E-016   9.2603806632092935E-017   2.6451088377010740E-016  -2.9195432096880863E-015   4.2657167058552404E-015  -1.4151565797026572E-015   7.8656665328160328E-016  -2.8393391424911505E-016   2.8811910404143800E-016  0.11542261127427561       -1.9872324678834154E-016  -7.7657791140972981E-016  -5.4924126721703056E-016  -6.6868139046774787E-016  -1.1662203371831031E-015  -6.5114384419890886E-016  -2.8791182754263926E-016   9.7098683831653210E-017  -2.3312244062240487E-015  -1.7656774480012736E-015  -1.2605476558402692E-015   9.6304596784200480E-016   1.8942719995605608        6.1254712239997450E-016   2.5019230599874323E-015  -2.1517443557755668E-015
  -9.6052338324440747E-016   3.3967742961983048E-016   1.4805508286415869E-016   4.3261156138180023E-016  -7.4529869257116560E-004  -1.6238345679686009E-015  -1.0938726152954265E-015  -7.4529869256625958E-004   1.1764498837932130E-016   1.4905973851406108E-003   1.9793854331298721E-016  -3.2948433483120279E-016   1.2055332895530203E-015   3.2666868354956890E-015  -5.7711305637136438E-002  -2.3797729466287134E-016   7.3717107992953185E-016  -5.7711305637143197E-002  -1.7828010660632434E-016  0.11542261127428002        2.6403513398626363E-016   7.3219536625923647E-016  -2.1665796059815987E-016  -1.6550024891111521E-016  -2.7775006495037514E-016   1.3130447327660057E-015   2.2776163298190213E-014 -0.94713599978027097        1.3272667470296436E-015   2.8029336664179304E-016 -0.94713599978026353        6.1254712239997450E-016   1.8942719995605355        2.5186227195600436E-014  -1.9534681852318170E-014
   5.5974479994169482E-016  -1.3114763670886446E-015  -2.0178585871361611E-015   1.0068257090785318E-003   1.2283593893382183E-014   3.0969906416114686E-016  -1.0014988115128552E-015   1.6007562781863368E-014   2.1388449270336418E-015   1.7157403692829185E-014   8.8284645128763260E-016   1.1556047392506291E-015   5.1213175226519297E-016  -1.8864868049609600E-003   3.7776245578210348E-014  -1.3349410257631771E-016   7.7849449117260459E-016   3.2803557306352094E-014  -2.7785784760303365E-015   3.0212342617083779E-014  -5.1391561992525491E-016  -1.3837693122947421E-015  -8.6835811744221329E-016  -1.0923995961028174E-016  -1.0394035532854314E-015  -9.8852813113755483E-016   2.8640009625274351E-002   2.0035026486809411E-014   2.4904326143314018E-016   2.5813974804902686E-016   2.2483801626091060E-014   2.5019230599874323E-015   2.5186227195600436E-014   1.9698145600361954       -4.3937464025438286E-003
  -1.1694691854419794E-015  -7.5138814138652905E-016  -1.6546643360630271E-015  -1.4890811923980290E-002  -2.0924520959555595E-014   5.6076267352850489E-016   1.2863496610074150E-015  -1.6354776168121843E-014  -1.4040130794659936E-015  -1.8468217599791098E-014   6.1180989790366313E-017   5.8838828911980162E-016   2.5561407796406857E-015 -0.72927739162579885       -3.5898820358671541E-014  -7.7993169465162653E-016  -7.4711920954108238E-016  -3.7434514538083228E-014   1.7153410184808836E-015  -4.0544489042551766E-014  -5.4273786567029601E-016   6.0846138817698423E-016  -1.8599243652118175E-015   4.9857584456316242E-016   2.0916288973245540E-015   2.1487099685473534E-015  -1.3144718339975248       -1.5413659346574545E-014   1.2072706492847841E-015  -2.9927773121867051E-016  -1.7556713967640725E-014  -2.1517443557755668E-015  -1.9534681852318170E-014  -4.3937464025438286E-003   1.2453283598081022     
