   1.5817260200039103E-003  -7.6586294254617122E-018   2.0129978680243698E-016  -3.8110643909589642E-018   2.3196287685760011E-002   2.0109980135090294E-016   2.6844173623619151E-015  -6.6062991742266637E-018  -1.9134169233045491E-017   1.1805237866156026E-017   2.1415992516861808E-018   4.8034532892831885E-018  -1.3933194538526934E-017   3.5635197166761464E-015   3.2398835831893784E-002   2.6805724114589680E-016   3.6930373952792144E-015  -5.0492749247504709E-018   1.5780654545824372E-017  -4.1758607409620450E-018  -2.3816140739811373E-018  -2.6710048077417554E-018   9.2699553644865464E-018   4.9126763848243537E-015  -1.4214199468170628E-003   7.2205964578344657E-017  -3.8601137156525500E-017   2.7732853799454265E-016   1.2573053866733169E-015   4.6325316170588193E-017  -7.5964429431347138E-016  -2.2113319117020337E-016   4.8417773498904137E-016   4.5427300397048078E-015  -1.5653493363570368E-015
  -7.6586294254617122E-018   1.5817260200043676E-003  -1.0360153947112617E-016  -3.5494408837537626E-017  -3.2957251939281074E-016   2.3196287685763317E-002  -4.7962146537061693E-016   4.0914955586607148E-017   1.8097930756417091E-018   1.7725709544021807E-018   5.7297845390368061E-017   3.8858208651067677E-018   4.8405873795538121E-017  -1.4487188483715704E-015  -3.6042995147334622E-016   3.2398835831898502E-002  -6.7141056275892751E-016   3.1821865362878755E-017   7.9130142726239397E-018   5.2110154206171709E-019   2.5847505970974643E-017  -1.5707302361937281E-018   3.1809446436871929E-017  -1.7165603653248572E-015   3.6344447083686208E-016  -1.4214199468168536E-003   1.7136977829887022E-016  -7.5191041096154441E-017   4.9037669877293642E-016  -1.3682955306487101E-017   6.7612218255934988E-016  -1.7421480671747342E-016  -6.0908929731299099E-016  -1.6674006988553903E-015   5.6322087172451645E-016
   2.0129978680243698E-016  -1.0360153947112617E-016   1.5817260200035668E-003  -1.0282527725317342E-016   2.3306680748182779E-016  -1.0356668573086838E-015   2.3196287685757665E-002   3.7163687325102041E-017   1.9329597259540608E-017  -4.6738449258866190E-018   3.4198577253236436E-017  -7.4970566796477042E-018   1.3545306589101482E-017  -7.9174170708205776E-016   3.8222665694227032E-016  -1.3854617749723097E-015   3.2398835831890106E-002   1.6222247902368036E-017  -3.5442622181221920E-019  -1.7817051580756854E-018   6.7259437009307682E-018   2.5612491112630031E-018   1.3878005235085590E-017  -1.1900673688916537E-015  -6.4702386447169640E-016  -1.3548268572622586E-015  -1.4214199468196660E-003  -1.0926336440145815E-015  -1.2269759351460227E-016   7.5244367637251393E-016  -8.3805932684799973E-016   2.2877818292487602E-016   2.0064192147162240E-015  -9.6583712142610852E-016  -1.2986209869293522E-015
  -3.8110643909589642E-018  -3.5494408837537626E-017  -1.0282527725317342E-016   1.8550365233620209E-004  -1.0297200844903194E-015  -1.8520878390017947E-016  -1.3073901583906955E-015   6.5621242226613380E-017   1.1932812434849674E-017   2.6526674638334544E-017   8.1215806713577126E-017   5.3580305213824331E-018   7.0007286086854923E-017   9.8501723426533926E-003  -1.2962009779804854E-015  -3.0001843801004865E-016  -1.8227927800095149E-015   2.1567551909563046E-016  -5.7433813705653039E-019  -2.6199061611049285E-017   2.0340728732757801E-016  -2.4986999851986547E-019   2.2252675757769460E-016   1.3924419445103232E-002  -1.0040970297124242E-016  -1.1395970453073485E-015  -3.4716468933402640E-015  -3.5547439776851026E-015   1.0969174735510476E-015  -7.8873777499946000E-016   1.6609062556879454E-015   7.9354128127626519E-017   2.1741818178083214E-015   1.2698478270996500E-002   2.8043082065312376E-003
   2.3196287685760011E-002  -3.2957251939281074E-016   2.3306680748182779E-016  -1.0297200844903194E-015  0.34050847180771820       -3.2012562768999694E-016  -4.1431308078492134E-016  -1.2167995104827322E-016  -3.6357438772372624E-016   1.8456893995248432E-016   6.4573006712638123E-017   9.3809495223880926E-017  -2.2682655885157660E-016  -2.5909076210179494E-015  0.47548267660508103       -6.3000531878312684E-016  -1.4149892975237909E-015  -8.2869037973685784E-017   1.5193288017743687E-016  -6.8739147885267897E-017   1.5544386641080639E-017  -2.9571037464013623E-017   6.8574925986797408E-017  -4.2315392424339572E-015   4.8622062425540871E-003  -2.7129870276419669E-016  -8.2571778941038430E-016   1.7943885118650974E-016   3.3526399760895024E-016   6.0914376087588344E-017   6.7837169159238482E-017   7.5859817939364519E-016  -2.2265388256043766E-016  -3.8174683216413438E-015   1.7358367822602871E-015
   2.0109980135090294E-016   2.3196287685763317E-002  -1.0356668573086838E-015  -1.8520878390017947E-016  -3.2012562768999694E-016  0.34050847180771676        3.1232927420344792E-016   6.0671269680809489E-016  -8.5435275949767288E-018   2.7912004078007295E-017   8.1178499373164699E-016   6.3903435258116988E-017   7.4689350831768653E-016  -1.5278614028755389E-015   1.0490353707964936E-015  0.47548267660508026        3.9041037433276148E-016   4.7376027098730082E-016   8.4695802280582140E-017   3.8904925290144543E-018   3.3034448088583784E-016  -1.9344798742551528E-017   5.1388850283424148E-016   2.2697391567627371E-015   1.1604334257087617E-016   4.8622062425547792E-003  -8.3171085096172025E-016   7.2993929235664619E-017  -1.6654632390300626E-015  -4.6871743902046088E-016  -4.5172168047383224E-017  -5.4267281978394804E-017  -1.9486043009635655E-016   7.7655889973734851E-016  -2.7517260210612108E-017
   2.6844173623619151E-015  -4.7962146537061693E-016   2.3196287685757665E-002  -1.3073901583906955E-015  -4.1431308078492134E-016   3.1232927420344792E-016  0.34050847180772453        6.0707040952269285E-016   3.0085580776900925E-016  -9.7304148488559568E-017   5.1894008023673991E-016  -1.2141726810617357E-016   9.0174002608366365E-017   1.3060124056373165E-016   2.3435203285987803E-016   1.2522140393938866E-015  0.47548267660508342        2.6270750813980553E-016   2.4544132805946732E-018  -7.2486402474419277E-017   1.5126318175255115E-016   3.3328000363371039E-017   5.6686605826482259E-017  -5.9620643383935401E-016   6.9702415151930190E-016   1.7711333081162170E-015   4.8622062425564454E-003  -1.3876293201448307E-015  -6.8549883047179947E-016   1.3073771954026404E-015  -4.6091388273620381E-016   8.0637585419531214E-016   2.9359338898349356E-015   8.7624358538452331E-016   2.9137454156271512E-015
  -6.6062991742266637E-018   4.0914955586607148E-017   3.7163687325102041E-017   6.5621242226613380E-017  -1.2167995104827322E-016   6.0671269680809489E-016   6.0707040952269285E-016   3.2752142000500735E-005   8.4832111562262036E-018  -3.4520011699849347E-018  -1.6376071000270422E-005  -3.5318849227131368E-019  -1.6376071000223943E-005   4.5160966155058278E-015  -1.7038135984200627E-016   8.4967677553048660E-016   8.5122198126775725E-016   3.4634499815476260E-005   5.4591877292364927E-018   4.8440662921358229E-018  -1.7317249907731042E-005   1.2040941182098271E-017  -1.7317249907738611E-005   6.2200139504205512E-015  -6.9768277852790511E-016   1.0793452078949271E-016   1.7414825403380341E-016   8.0818693083411618E-003   3.6731564699441382E-015   5.8769821313476175E-016  -4.0409346541732550E-003   1.1490553824409220E-015  -4.0409346541677828E-003   5.8001025145564512E-015  -1.5086400194746486E-015
  -1.9134169233045491E-017   1.8097930756417091E-018   1.9329597259540608E-017   1.1932812434849674E-017  -3.6357438772372624E-016  -8.5435275949767288E-018   3.0085580776900925E-016   8.4832111562262036E-018   3.2752142000530076E-005   1.0932676532389919E-017  -5.7482271242341879E-018   5.5691057637814090E-018  -2.5912698274532868E-018   5.7364723755716142E-016  -5.1407823738852615E-016   4.4166956373409706E-018   4.2574364658273579E-016  -2.5666243119763404E-017   3.4634499815462361E-005   1.5420202182828209E-017  -6.0129421359430094E-018   9.6501921877381539E-018   3.1791450208468437E-017   7.6904040266950490E-016  -7.2669612917183722E-016   6.4585939080566748E-017   9.8343347320471139E-016  -1.5853094051799873E-015   8.0818693083447388E-003   2.8982851314375220E-015  -2.4223336390759601E-015   1.5705365682447235E-015   4.0025389957693728E-015   7.3797192279507183E-016  -2.1283887745940112E-015
   1.1805237866156026E-017   1.7725709544021807E-018  -4.6738449258866190E-018   2.6526674638334544E-017   1.8456893995248432E-016   2.7912004078007295E-017  -9.7304148488559568E-017  -3.4520011699849347E-018   1.0932676532389919E-017   3.2752142000514131E-005  -6.9988086376569138E-019  -3.0155972547377181E-018   9.5785413636488462E-018   1.6314770475335828E-015   2.5280457185352962E-016   3.9958323143930418E-017  -1.4286054894757026E-016  -4.1910373647412641E-018   1.6091919937810666E-018   3.4634499815442968E-005  -1.5335332017024761E-018  -7.5204139526615523E-018   6.0239104733596028E-018   2.2980769886086637E-015   1.0733389513617628E-015   2.3184353190985512E-016   8.3628051572031990E-016  -1.4450535935752198E-015  -2.0081386968589146E-016   8.0818693083427803E-003   1.8576133651576279E-016  -1.6056433856452588E-015   1.2545673319174273E-015   2.1027915255657558E-015  -2.3328438312086811E-016
   2.1415992516861808E-018   5.7297845390368061E-017   3.4198577253236436E-017   8.1215806713577126E-017   6.4573006712638123E-017   8.1178499373164699E-016   5.1894008023673991E-016  -1.6376071000270422E-005  -5.7482271242341879E-018  -6.9988086376569138E-019   3.2752142000521999E-005   8.4134512411741750E-019  -1.6376071000248046E-005   4.1567975768829089E-015   9.6355527845094037E-017   1.1301270016351894E-015   7.3380234320776412E-016  -1.7317249907741064E-005   2.4237087296487102E-018   9.0607614940371952E-019   3.4634499815486966E-005   3.3058577880412503E-018  -1.7317249907745204E-005   5.8913009113771349E-015  -9.5790275798828374E-016   8.6851670148282388E-016  -2.4111441021649803E-015  -4.0409346541728048E-003   9.9918591232094999E-016  -3.5722787245760866E-016   8.0818693083437171E-003   3.2048249256807014E-016  -4.0409346541709790E-003   5.4187532766450694E-015  -1.4231130520855390E-015
   4.8034532892831885E-018   3.8858208651067677E-018  -7.4970566796477042E-018   5.3580305213824331E-018   9.3809495223880926E-017   6.3903435258116988E-017  -1.2141726810617357E-016  -3.5318849227131368E-019   5.5691057637814090E-018  -3.0155972547377181E-018   8.4134512411741750E-019   3.2752142000507206E-005   1.8720322523374482E-018   3.3473282690045368E-016   1.2182638176396387E-016   9.0990790931546411E-017  -1.7076125397389929E-016  -6.2069274150207796E-018  -9.1406249421685765E-019   7.6403641370701664E-018   1.3591211097573330E-018   3.4634499815452881E-005   7.2890436965074192E-018   4.7136994057883509E-016   5.5101842770709799E-016  -2.5406025910998749E-016  -8.1380959128158548E-017  -1.2370039383199734E-015  -1.9968028813955783E-016   8.6218997484251143E-016  -1.1864744773646976E-016   8.0818693083419130E-003   1.3520240642399655E-015   4.3828247503119629E-016  -8.5384073168746592E-016
  -1.3933194538526934E-017   4.8405873795538121E-017   1.3545306589101482E-017   7.0007286086854923E-017  -2.2682655885157660E-016   7.4689350831768653E-016   9.0174002608366365E-017  -1.6376071000223943E-005  -2.5912698274532868E-018   9.5785413636488462E-018  -1.6376071000248046E-005   1.8720322523374482E-018   3.2752142000462083E-005   3.4309667337900365E-015  -3.1768307250617550E-016   1.0394128114203194E-015   1.2364556964677060E-016  -1.7317249907728460E-005  -7.7309218219702571E-018  -1.1597434087057221E-020  -1.7317249907752191E-005  -1.2850963483808016E-017   3.4634499815473339E-005   4.7682730481590344E-015   5.7464009916162120E-016   7.2995220782395538E-017  -9.2496189950678895E-017  -4.0409346541667853E-003  -4.6368792171110398E-015   1.1086040270255952E-015  -4.0409346541695895E-003  -8.8714133373533509E-016   8.0818693083363185E-003   4.3300401294926579E-015  -8.5621513308381892E-016
   3.5635197166761464E-015  -1.4487188483715704E-015  -7.9174170708205776E-016   9.8501723426533926E-003  -2.5909076210179494E-015  -1.5278614028755389E-015   1.3060124056373165E-016   4.5160966155058278E-015   5.7364723755716142E-016   1.6314770475335828E-015   4.1567975768829089E-015   3.3473282690045368E-016   3.4309667337900365E-015  0.53630388144663044        4.3463694972730046E-015  -4.6071694448351955E-015  -2.9033702976492196E-016   1.2280982695247880E-014  -3.3460885330441156E-016  -1.2892098293546253E-015   1.0263066089076218E-014  -8.5698488883293142E-017   1.1306525572598955E-014  0.75294045501733531        2.8419340735285852E-015  -7.0730455198077609E-017   1.4450056125205189E-014   1.0649554877158019E-014  -2.6277485972153987E-015  -8.9624943510865989E-016  -3.6707818766515810E-015  -2.4735790637879010E-015   8.8528596775102170E-015  0.69014671828432306       -1.0073280661817143E-002
   3.2398835831893784E-002  -3.6042995147334622E-016   3.8222665694227032E-016  -1.2962009779804854E-015  0.47548267660508103        1.0490353707964936E-015   2.3435203285987803E-016  -1.7038135984200627E-016  -5.1407823738852615E-016   2.5280457185352962E-016   9.6355527845094037E-017   1.2182638176396387E-016  -3.1768307250617550E-016   4.3463694972730046E-015  0.66399858898307873        1.2071136456996565E-015  -8.4209940288491898E-016  -1.2219526053839287E-016   2.0274248284811250E-016  -9.4528784181924052E-017   2.2923211551043033E-017  -4.5823759950795256E-017   1.0988251581257068E-016   5.1727476084973619E-015  -2.0687462052474568E-003   2.5603676231585724E-016   7.9431261186847169E-016  -6.2398178684760297E-016  -1.8943621346569535E-015   4.0677911090023491E-017   5.7371875474454604E-016  -6.0252819447079777E-016   8.5578443441863928E-017   4.9034835219409322E-015  -1.1105076344968008E-015
   2.6805724114589680E-016   3.2398835831898502E-002  -1.3854617749723097E-015  -3.0001843801004865E-016  -6.3000531878312684E-016  0.47548267660508026        1.2522140393938866E-015   8.4967677553048660E-016   4.4166956373409706E-018   3.9958323143930418E-017   1.1301270016351894E-015   9.0990790931546411E-017   1.0394128114203194E-015  -4.6071694448351955E-015   1.2071136456996565E-015  0.66399858898307962        1.6905896575170313E-015   6.6410386749240709E-016   1.3360405081456325E-016   8.4543647358923214E-018   4.6387630394817550E-016  -2.3935212398945907E-017   7.1090514860192009E-016  -3.2662190139615564E-016   4.9328714569064210E-017  -2.0687462052523318E-003   3.6270669912405953E-016   8.2465552118851095E-016   1.7769900320701668E-015  -1.5918506930884467E-016   2.9880210275239367E-017   7.8835961442519460E-017  -1.0715075176833474E-015  -2.0735941638192096E-015  -6.2273302074561468E-016
   3.6930373952792144E-015  -6.7141056275892751E-016   3.2398835831890106E-002  -1.8227927800095149E-015  -1.4149892975237909E-015   3.9041037433276148E-016  0.47548267660508342        8.5122198126775725E-016   4.2574364658273579E-016  -1.4286054894757026E-016   7.3380234320776412E-016  -1.7076125397389929E-016   1.2364556964677060E-016  -2.9033702976492196E-016  -8.4209940288491898E-016   1.6905896575170313E-015  0.66399858898307340        3.8450020775023979E-016   1.2975124023011543E-017  -1.0310198966484782E-016   2.0898389258151476E-016   4.2585920278038951E-017   8.7814711516720484E-017  -1.4842649369420350E-015  -6.7055696471524059E-016  -3.6914339172071399E-016  -2.0687462052520512E-003  -8.8751914163847202E-016   1.5018140272596145E-015   1.0167185763007342E-015  -1.0225876286573303E-015   7.3921666957303112E-016   3.4368703003650735E-015   6.7284726537329704E-016   8.3446524717347449E-016
  -5.0492749247504709E-018   3.1821865362878755E-017   1.6222247902368036E-017   2.1567551909563046E-016  -8.2869037973685784E-017   4.7376027098730082E-016   2.6270750813980553E-016   3.4634499815476260E-005  -2.5666243119763404E-017  -4.1910373647412641E-018  -1.7317249907741064E-005  -6.2069274150207796E-018  -1.7317249907728460E-005   1.2280982695247880E-014  -1.2219526053839287E-016   6.6410386749240709E-016   3.8450020775023979E-016   3.6625042033888518E-005  -3.0854752537172567E-017   4.5507560602181683E-018  -1.8312521016917439E-005   6.5642637010835751E-018  -1.8312521016964090E-005   1.7289818213478537E-014   6.1256059388383511E-016   1.2558510630648378E-016  -2.9666595990048027E-015   8.5463570921305160E-003  -4.6627135102440670E-015   4.8806724649827776E-016  -4.2731785460635770E-003  -2.2435611813343516E-016  -4.2731785460668080E-003   1.5833494232309394E-014   3.7592123606337253E-015
   1.5780654545824372E-017   7.9130142726239397E-018  -3.5442622181221920E-019  -5.7433813705653039E-019   1.5193288017743687E-016   8.4695802280582140E-017   2.4544132805946732E-018   5.4591877292364927E-018   3.4634499815462361E-005   1.6091919937810666E-018   2.4237087296487102E-018  -9.1406249421685765E-019  -7.7309218219702571E-018  -3.3460885330441156E-016   2.0274248284811250E-016   1.3360405081456325E-016   1.2975124023011543E-017  -3.0854752537172567E-017   3.6625042033826319E-005   5.7826693222825120E-018   2.6324313687069325E-018   3.0105740906089576E-018   2.8341039991117580E-017  -4.2310959529209908E-016  -1.6031614065552703E-016   5.0973466205491230E-016   2.2488960910240158E-016  -2.5429335151266558E-015   8.5463570921232128E-003   6.0916253756144759E-016  -4.6353643780942525E-016  -1.7957627877382828E-017   3.0010722487145847E-015  -4.1057086254100294E-016   4.3476083146908505E-016
  -4.1758607409620450E-018   5.2110154206171709E-019  -1.7817051580756854E-018  -2.6199061611049285E-017  -6.8739147885267897E-017   3.8904925290144543E-018  -7.2486402474419277E-017   4.8440662921358229E-018   1.5420202182828209E-017   3.4634499815442968E-005   9.0607614940371952E-019   7.6403641370701664E-018  -1.1597434087057221E-020  -1.2892098293546253E-015  -9.4528784181924052E-017   8.4543647358923214E-018  -1.0310198966484782E-016   4.5507560602181683E-018   5.7826693222825120E-018   3.6625042033803131E-005   1.1912248032225636E-019   3.4990320617633278E-018  -4.3533347246314090E-018  -1.7787885332275689E-015  -3.7286857726640783E-016  -2.0259859288245728E-016  -3.5721327151358805E-016   5.6797641415159111E-016   7.3993373082655327E-016   8.5463570921205170E-003   6.0264692066236213E-016   9.7429173973260454E-016  -1.1756193150486771E-015  -1.6500046002344013E-015   5.3675225557366752E-016
  -2.3816140739811373E-018   2.5847505970974643E-017   6.7259437009307682E-018   2.0340728732757801E-016   1.5544386641080639E-017   3.3034448088583784E-016   1.5126318175255115E-016  -1.7317249907731042E-005  -6.0129421359430094E-018  -1.5335332017024761E-018   3.4634499815486966E-005   1.3591211097573330E-018  -1.7317249907752191E-005   1.0263066089076218E-014   2.2923211551043033E-017   4.6387630394817550E-016   2.0898389258151476E-016  -1.8312521016917439E-005   2.6324313687069325E-018   1.1912248032225636E-019   3.6625042033887387E-005   3.9922557693925765E-018  -1.8312521016969206E-005   1.4670134338409855E-014   1.8766551774735527E-016  -4.9378947299373126E-016   1.3499727292351822E-016  -4.2731785460606280E-003   1.0728122130879952E-015  -5.7354388809483725E-016   8.5463570921303113E-003   4.5473545198598297E-016  -4.2731785460697544E-003   1.3328956009227035E-014   4.7438519027735999E-015
  -2.6710048077417554E-018  -1.5707302361937281E-018   2.5612491112630031E-018  -2.4986999851986547E-019  -2.9571037464013623E-017  -1.9344798742551528E-017   3.3328000363371039E-017   1.2040941182098271E-017   9.6501921877381539E-018  -7.5204139526615523E-018   3.3058577880412503E-018   3.4634499815452881E-005  -1.2850963483808016E-017  -8.5698488883293142E-017  -4.5823759950795256E-017  -2.3935212398945907E-017   4.2585920278038951E-017   6.5642637010835751E-018   3.0105740906089576E-018   3.4990320617633278E-018   3.9922557693925765E-018   3.6625042033831842E-005  -7.9749768088121995E-018  -7.3937168849826765E-017  -5.8428313587643445E-016  -5.4517001092290389E-016   5.1814581592642653E-016   1.7552676777773087E-015   7.1690581666646394E-016  -1.5709239633953620E-016   4.7074118590784116E-016   8.5463570921238529E-003  -2.2298445812492594E-015  -9.1630751276813244E-017   5.1242351465013103E-016
   9.2699553644865464E-018   3.1809446436871929E-017   1.3878005235085590E-017   2.2252675757769460E-016   6.8574925986797408E-017   5.1388850283424148E-016   5.6686605826482259E-017  -1.7317249907738611E-005   3.1791450208468437E-017   6.0239104733596028E-018  -1.7317249907745204E-005   7.2890436965074192E-018   3.4634499815473339E-005   1.1306525572598955E-014   1.0988251581257068E-016   7.1090514860192009E-016   8.7814711516720484E-017  -1.8312521016964090E-005   2.8341039991117580E-017  -4.3533347246314090E-018  -1.8312521016969206E-005  -7.9749768088121995E-018   3.6625042033925571E-005   1.5977524457716925E-014  -2.8002329307726703E-015   7.3616601220458295E-016  -2.5939903500064534E-015  -4.2731785460682582E-003   3.6176033905819849E-015   1.5934105209316496E-016  -4.2731785460665616E-003   3.7201675132006551E-016   8.5463570921347591E-003   1.4496841873766414E-014   3.8170783795816619E-015
   4.9126763848243537E-015  -1.7165603653248572E-015  -1.1900673688916537E-015   1.3924419445103232E-002  -4.2315392424339572E-015   2.2697391567627371E-015  -5.9620643383935401E-016   6.2200139504205512E-015   7.6904040266950490E-016   2.2980769886086637E-015   5.8913009113771349E-015   4.7136994057883509E-016   4.7682730481590344E-015  0.75294045501733531        5.1727476084973619E-015  -3.2662190139615564E-016  -1.4842649369420350E-015   1.7289818213478537E-014  -4.2310959529209908E-016  -1.7787885332275689E-015   1.4670134338409855E-014  -7.3937168849826765E-017   1.5977524457716925E-014   1.0590669741271908        2.1037708734191410E-015   5.1671609017650216E-016  -5.6900823435503252E-015  -3.8379178019460089E-015   3.9810161891165003E-015   2.1933447250389944E-015   1.9463422935929278E-014   3.5220170162521019E-015   6.3844439851460601E-015  0.96939902704691927        4.7974744397414601E-002
  -1.4214199468170628E-003   3.6344447083686208E-016  -6.4702386447169640E-016  -1.0040970297124242E-016   4.8622062425540871E-003   1.1604334257087617E-016   6.9702415151930190E-016  -6.9768277852790511E-016  -7.2669612917183722E-016   1.0733389513617628E-015  -9.5790275798828374E-016   5.5101842770709799E-016   5.7464009916162120E-016   2.8419340735285852E-015  -2.0687462052474568E-003   4.9328714569064210E-017  -6.7055696471524059E-016   6.1256059388383511E-016  -1.6031614065552703E-016  -3.7286857726640783E-016   1.8766551774735527E-016  -5.8428313587643445E-016  -2.8002329307726703E-015   2.1037708734191410E-015   1.9986698800131653       -4.0230737120876579E-017   1.9494988201539419E-017  -5.0551584986539453E-016  -5.6314439548139321E-016  -1.0200283241144619E-017  -2.4748367716784648E-016   1.5932561907115111E-016   5.4278039402189496E-016   1.1668170148268427E-015  -1.1692518980941234E-015
   7.2205964578344657E-017  -1.4214199468168536E-003  -1.3548268572622586E-015  -1.1395970453073485E-015  -2.7129870276419669E-016   4.8622062425547792E-003   1.7711333081162170E-015   1.0793452078949271E-016   6.4585939080566748E-017   2.3184353190985512E-016   8.6851670148282388E-016  -2.5406025910998749E-016   7.2995220782395538E-017  -7.0730455198077609E-017   2.5603676231585724E-016  -2.0687462052523318E-003  -3.6914339172071399E-016   1.2558510630648378E-016   5.0973466205491230E-016  -2.0259859288245728E-016  -4.9378947299373126E-016  -5.4517001092290389E-016   7.3616601220458295E-016   5.1671609017650216E-016  -4.0230737120876579E-017   1.9986698800131559        1.7360818687087624E-015  -1.0985945351147291E-015   3.9459013126736430E-016   3.5583767218823328E-017  -1.1244777017073008E-015  -1.8468147556800649E-018  -1.4522536092210618E-015  -6.8726829989170965E-015  -4.1788423654750294E-015
  -3.8601137156525500E-017   1.7136977829887022E-016  -1.4214199468196660E-003  -3.4716468933402640E-015  -8.2571778941038430E-016  -8.3171085096172025E-016   4.8622062425564454E-003   1.7414825403380341E-016   9.8343347320471139E-016   8.3628051572031990E-016  -2.4111441021649803E-015  -8.1380959128158548E-017  -9.2496189950678895E-017   1.4450056125205189E-014   7.9431261186847169E-016   3.6270669912405953E-016  -2.0687462052520512E-003  -2.9666595990048027E-015   2.2488960910240158E-016  -3.5721327151358805E-016   1.3499727292351822E-016   5.1814581592642653E-016  -2.5939903500064534E-015  -5.6900823435503252E-015   1.9494988201539419E-017   1.7360818687087624E-015   1.9986698800131673       -4.3766012993684436E-016   3.2272016454849982E-016   2.8736339117153938E-016  -1.3590572425784021E-015  -3.7107808342801557E-017  -6.9846241643756324E-017   7.0495040606343124E-017   1.6458366195320410E-015
   2.7732853799454265E-016  -7.5191041096154441E-017  -1.0926336440145815E-015  -3.5547439776851026E-015   1.7943885118650974E-016   7.2993929235664619E-017  -1.3876293201448307E-015   8.0818693083411618E-003  -1.5853094051799873E-015  -1.4450535935752198E-015  -4.0409346541728048E-003  -1.2370039383199734E-015  -4.0409346541667853E-003   1.0649554877158019E-014  -6.2398178684760297E-016   8.2465552118851095E-016  -8.8751914163847202E-016   8.5463570921305160E-003  -2.5429335151266558E-015   5.6797641415159111E-016  -4.2731785460606280E-003   1.7552676777773087E-015  -4.2731785460682582E-003  -3.8379178019460089E-015  -5.0551584986539453E-016  -1.0985945351147291E-015  -4.3766012993684436E-016   1.9942699172502443       -1.3466875184442480E-015  -1.3681750502501957E-015 -0.99713495862510959       -1.9648453870869010E-016 -0.99713495862510393        1.3471324528437102E-014  -9.6377227493511227E-015
   1.2573053866733169E-015   4.9037669877293642E-016  -1.2269759351460227E-016   1.0969174735510476E-015   3.3526399760895024E-016  -1.6654632390300626E-015  -6.8549883047179947E-016   3.6731564699441382E-015   8.0818693083447388E-003  -2.0081386968589146E-016   9.9918591232094999E-016  -1.9968028813955783E-016  -4.6368792171110398E-015  -2.6277485972153987E-015  -1.8943621346569535E-015   1.7769900320701668E-015   1.5018140272596145E-015  -4.6627135102440670E-015   8.5463570921232128E-003   7.3993373082655327E-016   1.0728122130879952E-015   7.1690581666646394E-016   3.6176033905819849E-015   3.9810161891165003E-015  -5.6314439548139321E-016   3.9459013126736430E-016   3.2272016454849982E-016  -1.3466875184442480E-015   1.9942699172502230       -6.4086512789259908E-017  -1.1656359200345396E-015  -8.3106807026445069E-016   1.2528498204156211E-015   5.2415106694775886E-016  -8.8358909758408892E-016
   4.6325316170588193E-017  -1.3682955306487101E-017   7.5244367637251393E-016  -7.8873777499946000E-016   6.0914376087588344E-017  -4.6871743902046088E-016   1.3073771954026404E-015   5.8769821313476175E-016   2.8982851314375220E-015   8.0818693083427803E-003  -3.5722787245760866E-016   8.6218997484251143E-016   1.1086040270255952E-015  -8.9624943510865989E-016   4.0677911090023491E-017  -1.5918506930884467E-016   1.0167185763007342E-015   4.8806724649827776E-016   6.0916253756144759E-016   8.5463570921205170E-003  -5.7354388809483725E-016  -1.5709239633953620E-016   1.5934105209316496E-016   2.1933447250389944E-015  -1.0200283241144619E-017   3.5583767218823328E-017   2.8736339117153938E-016  -1.3681750502501957E-015  -6.4086512789259908E-017   1.9942699172502274        3.0475260766407794E-016   1.6554115459606576E-016  -1.0245710529988400E-016   4.1094393903103188E-017  -3.6674636382074890E-016
  -7.5964429431347138E-016   6.7612218255934988E-016  -8.3805932684799973E-016   1.6609062556879454E-015   6.7837169159238482E-017  -4.5172168047383224E-017  -4.6091388273620381E-016  -4.0409346541732550E-003  -2.4223336390759601E-015   1.8576133651576279E-016   8.0818693083437171E-003  -1.1864744773646976E-016  -4.0409346541695895E-003  -3.6707818766515810E-015   5.7371875474454604E-016   2.9880210275239367E-017  -1.0225876286573303E-015  -4.2731785460635770E-003  -4.6353643780942525E-016   6.0264692066236213E-016   8.5463570921303113E-003   4.7074118590784116E-016  -4.2731785460665616E-003   1.9463422935929278E-014  -2.4748367716784648E-016  -1.1244777017073008E-015  -1.3590572425784021E-015 -0.99713495862510959       -1.1656359200345396E-015   3.0475260766407794E-016   1.9942699172502103       -1.4247788739834183E-015 -0.99713495862511714        1.5045614483173499E-014   1.1489287674873213E-014
  -2.2113319117020337E-016  -1.7421480671747342E-016   2.2877818292487602E-016   7.9354128127626519E-017   7.5859817939364519E-016  -5.4267281978394804E-017   8.0637585419531214E-016   1.1490553824409220E-015   1.5705365682447235E-015  -1.6056433856452588E-015   3.2048249256807014E-016   8.0818693083419130E-003  -8.8714133373533509E-016  -2.4735790637879010E-015  -6.0252819447079777E-016   7.8835961442519460E-017   7.3921666957303112E-016  -2.2435611813343516E-016  -1.7957627877382828E-017   9.7429173973260454E-016   4.5473545198598297E-016   8.5463570921238529E-003   3.7201675132006551E-016   3.5220170162521019E-015   1.5932561907115111E-016  -1.8468147556800649E-018  -3.7107808342801557E-017  -1.9648453870869010E-016  -8.3106807026445069E-016   1.6554115459606576E-016  -1.4247788739834183E-015   1.9942699172502207        7.2618845073541859E-016   2.5724541687165309E-016  -7.7709355341743323E-016
   4.8417773498904137E-016  -6.0908929731299099E-016   2.0064192147162240E-015   2.1741818178083214E-015  -2.2265388256043766E-016  -1.9486043009635655E-016   2.9359338898349356E-015  -4.0409346541677828E-003   4.0025389957693728E-015   1.2545673319174273E-015  -4.0409346541709790E-003   1.3520240642399655E-015   8.0818693083363185E-003   8.8528596775102170E-015   8.5578443441863928E-017  -1.0715075176833474E-015   3.4368703003650735E-015  -4.2731785460668080E-003   3.0010722487145847E-015  -1.1756193150486771E-015  -4.2731785460697544E-003  -2.2298445812492594E-015   8.5463570921347591E-003   6.3844439851460601E-015   5.4278039402189496E-016  -1.4522536092210618E-015  -6.9846241643756324E-017 -0.99713495862510393        1.2528498204156211E-015  -1.0245710529988400E-016 -0.99713495862511714        7.2618845073541859E-016   1.9942699172502070       -8.1955201145317135E-015  -8.9462290768539198E-015
   4.5427300397048078E-015  -1.6674006988553903E-015  -9.6583712142610852E-016   1.2698478270996500E-002  -3.8174683216413438E-015   7.7655889973734851E-016   8.7624358538452331E-016   5.8001025145564512E-015   7.3797192279507183E-016   2.1027915255657558E-015   5.4187532766450694E-015   4.3828247503119629E-016   4.3300401294926579E-015  0.69014671828432306        4.9034835219409322E-015  -2.0735941638192096E-015   6.7284726537329704E-016   1.5833494232309394E-014  -4.1057086254100294E-016  -1.6500046002344013E-015   1.3328956009227035E-014  -9.1630751276813244E-017   1.4496841873766414E-014  0.96939902704691927        1.1668170148268427E-015  -6.8726829989170965E-015   7.0495040606343124E-017   1.3471324528437102E-014   5.2415106694775886E-016   4.1094393903103188E-017   1.5045614483173499E-014   2.5724541687165309E-016  -8.1955201145317135E-015  0.88823295008909620        1.8341710321521079E-003
  -1.5653493363570368E-015   5.6322087172451645E-016  -1.2986209869293522E-015   2.8043082065312376E-003   1.7358367822602871E-015  -2.7517260210612108E-017   2.9137454156271512E-015  -1.5086400194746486E-015  -2.1283887745940112E-015  -2.3328438312086811E-016  -1.4231130520855390E-015  -8.5384073168746592E-016  -8.5621513308381892E-016  -1.0073280661817143E-002  -1.1105076344968008E-015  -6.2273302074561468E-016   8.3446524717347449E-016   3.7592123606337253E-015   4.3476083146908505E-016   5.3675225557366752E-016   4.7438519027735999E-015   5.1242351465013103E-016   3.8170783795816619E-015   4.7974744397414601E-002  -1.1692518980941234E-015  -4.1788423654750294E-015   1.6458366195320410E-015  -9.6377227493511227E-015  -8.8358909758408892E-016  -3.6674636382074890E-016   1.1489287674873213E-014  -7.7709355341743323E-016  -8.9462290768539198E-015   1.8341710321521079E-003   1.9479905166930418     
