   2.5481917741250457E-002  -6.0855893835392977E-017  -7.9582614393993984E-017  -1.0016818562389699E-016  -5.1660828719596163E-018  -6.1708271172727141E-018  -2.5851364178350836E-018   7.9623030644794858E-019  -6.0059958095047880E-020   1.3924662119389841E-017   6.1693665140972728E-002  -2.2649583364893153E-016  -1.1650466145079936E-016   2.1578347211883434E-016   5.4268572398216040E-018   2.8919853237462022E-018   1.1625294992400057E-018   5.3994144997581153E-018  -1.1313851174074356E-018  -9.9939679024120928E-019   7.2865924033534119E-002  -2.2744683989046139E-016  -1.2855547860072589E-016   1.3956368727902652E-016  -6.7025661717706380E-016
  -6.0855893835392977E-017   2.5481917741249464E-002  -7.3711630513224100E-018   1.3559892070981408E-016  -5.9490301405004846E-017  -4.5549599785199272E-018   7.4904883282106662E-019  -5.5430813387330933E-017  -3.3602722844675780E-018  -5.8368578807237624E-017   1.2723790120475208E-016   6.1693665140971771E-002   3.1032463744239826E-017   3.5578538536844281E-016  -2.1474031277104135E-017   3.3396256378480897E-020  -3.3342124791674588E-020  -2.2445132744174955E-017   8.4116189493015846E-019  -2.2528261835822414E-017   1.0855673072521615E-016   7.2865924033532703E-002   5.6031794149503622E-017   2.5721390359652739E-016   1.5458379220690652E-016
  -7.9582614393993984E-017  -7.3711630513224100E-018   2.5481917741249568E-002   3.2550062295779423E-016  -9.9705962131585425E-017   1.9689911973619837E-017   2.3235426271074567E-017  -9.1610621817072302E-017   8.9535595174255372E-018  -9.0840556417896630E-017  -3.5496380315828373E-017  -5.0324486150904288E-017   6.1693665140972090E-002   2.7707922185956480E-016  -8.5791978779367749E-017  -2.7964821357988257E-018  -2.7639440110662079E-018  -9.0995953754030106E-017  -2.8711255126119614E-018  -8.6883714426095078E-017  -4.4840997785358788E-017  -3.7720071207128256E-017   7.2865924033533008E-002   1.2689152784023802E-016   2.1362442131428666E-015
  -1.0016818562389699E-016   1.3559892070981408E-016   3.2550062295779423E-016   1.5114144638801299E-004   7.6862254549067934E-017  -1.2792300682281663E-018  -3.0882881105487640E-018   7.2167410747189557E-017  -1.4924453179092098E-018   7.0919841518808081E-017  -2.4452521431040553E-016   3.1359114861314947E-016   7.7077056439502060E-016   9.0546313786687600E-003   9.5436226486353789E-017   7.7493274763991237E-020   1.0809665691561908E-018   9.2880541021066926E-017   1.5627560896573515E-019   9.5372980258134359E-017  -2.9085508095241061E-016   3.7457053463249248E-016   9.1955073662472450E-016   9.3707932117696770E-003   3.0150487819563883E-003
  -5.1660828719596163E-018  -5.9490301405004846E-017  -9.9705962131585425E-017   7.6862254549067934E-017   6.7664777889007721E-029  -1.5130954045682469E-030  -2.8694259382866463E-030   7.3366961227467724E-029  -2.5013197938737550E-030   7.4516375703057375E-029  -1.2507480403547570E-017  -1.4403055418685452E-016  -2.4139573413450561E-016   5.2415098536007543E-015   5.9161003212121127E-029   3.1303366897636454E-031   3.8548629257398723E-031   5.6093620329188951E-029  -8.0731245898106052E-031   5.6428301941356681E-029  -1.4772491062941653E-017  -1.7011340460816753E-016  -2.8511068657165299E-016   5.3963684106530073E-015  -5.8485373756652510E-015
  -6.1708271172727141E-018  -4.5549599785199272E-018   1.9689911973619837E-017  -1.2792300682281663E-018  -1.5130954045682469E-030   5.1020567248091534E-032   7.8893669102712466E-032  -1.7004747720044283E-030   6.8928885764205008E-032  -1.7426575113761194E-030  -1.4940042805316957E-017  -1.1027905297348917E-017   4.7670777697759530E-017  -9.4741828313225285E-017  -1.1627260439576758E-030  -1.1010194151577533E-032  -6.5880621542982678E-033  -1.0940355214620050E-030   2.2064487392795527E-032  -1.0842828735027752E-030  -1.7645572225648269E-017  -1.3024976029701983E-017   5.6303597110127330E-017  -9.7249332564711159E-017   1.8435214115490044E-016
  -2.5851364178350836E-018   7.4904883282106662E-019   2.3235426271074567E-017  -3.0882881105487640E-018  -2.8694259382866463E-030   7.8893669102712466E-032   1.3649669832546885E-031  -3.1164937556586628E-030   1.1236424467014975E-031  -3.1684201901327947E-030  -6.2588123125229613E-018   1.8135043184563007E-018   5.6254738059016481E-017  -2.1241426207219154E-016  -2.4701722053803311E-030  -1.5756647561706018E-032  -1.7201763967668362E-032  -2.3456909098192981E-030   3.2892215132953000E-032  -2.3527143291803120E-030  -7.3922361633462992E-018   2.1419163150895726E-018   6.6442048151429110E-017  -2.1861953894389449E-016   2.5600640745326827E-016
   7.9623030644794858E-019  -5.5430813387330933E-017  -9.1610621817072302E-017   7.2167410747189557E-017   7.3366961227467724E-029  -1.7004747720044283E-030  -3.1164937556586628E-030   8.1577467085017950E-029  -2.9499734169284291E-030   8.3285364560021702E-029   1.9277342623704826E-018  -1.3420222427270642E-016  -2.2179629818791168E-016   5.1448939537342119E-015   5.9136927884714226E-029   3.8677682123276812E-031   3.0058815409489007E-031   5.5628013925525335E-029  -1.0730850389349976E-030   5.5618829616717181E-029   2.2768324429850931E-018  -1.5850523804415559E-016  -2.6196194014005310E-016   5.2882140546160394E-015  -8.0825319924904154E-015
  -6.0059958095047880E-020  -3.3602722844675780E-018   8.9535595174255372E-018  -1.4924453179092098E-018  -2.5013197938737550E-030   6.8928885764205008E-032   1.1236424467014975E-031  -2.9499734169284291E-030   1.2321540888425294E-031  -3.0460446785572403E-030  -1.4540973645331737E-019  -8.1354753282499540E-018   2.1677250052243917E-017  -1.2835390843793709E-016  -1.5960870357300095E-030  -1.7863694525423210E-032  -9.4825671741175671E-034  -1.4630654643486437E-030   5.2151035993593112E-032  -1.4300523843635211E-030  -1.7174234641395032E-019  -9.6087487409019139E-018   2.5602837049046363E-017  -1.3111357023565025E-016   4.2165462378127421E-016
   1.3924662119389841E-017  -5.8368578807237624E-017  -9.0840556417896630E-017   7.0919841518808081E-017   7.4516375703057375E-029  -1.7426575113761194E-030  -3.1684201901327947E-030   8.3285364560021702E-029  -3.0460446785572403E-030   8.5123993979800044E-029   3.3712668360268906E-017  -1.4131477827742545E-016  -2.1993191116037905E-016   5.1106309978403085E-015   5.9002877079464063E-029   4.0427732053300585E-031   2.8106856244267634E-031   5.5401203908062195E-029  -1.1321102426831184E-030   5.5309919475616094E-029   3.9817779120349024E-017  -1.6690582210101165E-016  -2.5975992663985291E-016   5.2509648636485751E-015  -8.5766139066356743E-015
   6.1693665140972728E-002   1.2723790120475208E-016  -3.5496380315828373E-017  -2.4452521431040553E-016  -1.2507480403547570E-017  -1.4940042805316957E-017  -6.2588123125229613E-018   1.9277342623704826E-018  -1.4540973645331737E-019   3.3712668360268906E-017  0.14936506573699104        1.1640223222700122E-016   9.8480409138158355E-017   1.7749995018089412E-016   1.3138835024935774E-017   7.0017169024519269E-018   2.8145725282879311E-018   1.3072394059494974E-017  -2.7391696059757180E-018  -2.4196158054624635E-018  0.17641395609072447        2.3448413078840806E-016   1.3821474234037860E-016  -9.1510699272851866E-018   9.3935312028301470E-016
  -2.2649583364893153E-016   6.1693665140971771E-002  -5.0324486150904288E-017   3.1359114861314947E-016  -1.4403055418685452E-016  -1.1027905297348917E-017   1.8135043184563007E-018  -1.3420222427270642E-016  -8.1354753282499540E-018  -1.4131477827742545E-016   1.1640223222700122E-016  0.14936506573699221       -3.5021988925805103E-018   1.3572763152357807E-017  -5.1990266521112989E-017   8.0854882230501845E-020  -8.0723825532925400E-020  -5.4341377192441601E-017   2.0365170628880824E-018  -5.4542639059607771E-017   3.6468156511086838E-017  0.17641395609072513        4.2785328231709089E-017  -2.5614273863935433E-016  -3.0265620866793969E-016
  -1.1650466145079936E-016   3.1032463744239826E-017   6.1693665140972090E-002   7.7077056439502060E-016  -2.4139573413450561E-016   4.7670777697759530E-017   5.6254738059016481E-017  -2.2179629818791168E-016   2.1677250052243917E-017  -2.1993191116037905E-016   9.8480409138158355E-017  -3.5021988925805103E-018  0.14936506573699321        2.4098196377818892E-016  -2.0770891988352291E-016  -6.7704964049623612E-018  -6.6917191248557676E-018  -2.2030813995592515E-016  -6.9512137097150994E-018  -2.1035209509881274E-016   1.0925168596540108E-016   4.8445767073893714E-017  0.17641395609072610       -1.6444191548164055E-016  -2.1979760953154081E-015
   2.1578347211883434E-016   3.5578538536844281E-016   2.7707922185956480E-016   9.0546313786687600E-003   5.2415098536007543E-015  -9.4741828313225285E-017  -2.1241426207219154E-016   5.1448939537342119E-015  -1.2835390843793709E-016   5.1106309978403085E-015   1.7749995018089412E-016   1.3572763152357807E-017   2.4098196377818892E-016  0.55690726106512811        5.9499908594600643E-015   1.0621959466040083E-017   6.0787884846529696E-017   5.7562332538282081E-015  -1.0988539846765107E-017   5.8847019403517326E-015   3.5820551983124927E-016   2.3062525270360789E-016   5.8765296451771919E-016  0.57571347915690074        1.3017318581106807E-002
   5.4268572398216040E-018  -2.1474031277104135E-017  -8.5791978779367749E-017   9.5436226486353789E-017   5.9161003212121127E-029  -1.1627260439576758E-030  -2.4701722053803311E-030   5.9136927884714226E-029  -1.5960870357300095E-030   5.9002877079464063E-029   1.3138835024935774E-017  -5.1990266521112989E-017  -2.0770891988352291E-016   5.9499908594600643E-015   6.4310613990513208E-029   1.5510895894034606E-031   6.2827305595650688E-031   6.2061365598485103E-029  -2.1992750808862212E-031   6.3284705972242974E-029   1.5518179259226365E-017  -6.1405312881865577E-017  -2.4532344354539648E-016   6.1474635375319178E-015  -7.9202129603754986E-016
   2.8919853237462022E-018   3.3396256378480897E-020  -2.7964821357988257E-018   7.7493274763991237E-020   3.1303366897636454E-031  -1.1010194151577533E-032  -1.5756647561706018E-032   3.8677682123276812E-031  -1.7863694525423210E-032   4.0427732053300585E-031   7.0017169024519269E-018   8.0854882230501845E-020  -6.7704964049623612E-018   1.0621959466040083E-017   1.5510895894034606E-031   3.1476017774093834E-033  -6.5269698016962248E-034   1.3755485189851192E-031  -8.1478136723579877E-033   1.2903331711729234E-031   8.2696751887342442E-018   9.5497093467942351E-020  -7.9965823976579574E-018   1.0728438076037921E-017  -6.7766231771300440E-017
   1.1625294992400057E-018  -3.3342124791674588E-020  -2.7639440110662079E-018   1.0809665691561908E-018   3.8548629257398723E-031  -6.5880621542982678E-033  -1.7201763967668362E-032   3.0058815409489007E-031  -9.4825671741175671E-034   2.8106856244267634E-031   2.8145725282879311E-018  -8.0723825532925400E-020  -6.6917191248557676E-018   6.0787884846529696E-017   6.2827305595650688E-031  -6.5269698016962248E-034   9.1745363150247441E-033   6.2172319975211518E-031   6.9653482793651007E-033   6.4453715713433932E-031   3.3242704508552620E-018  -9.5342303387799756E-020  -7.9035391444371736E-018   6.3086020779711864E-017   6.7594452121460440E-017
   5.3994144997581153E-018  -2.2445132744174955E-017  -9.0995953754030106E-017   9.2880541021066926E-017   5.6093620329188951E-029  -1.0940355214620050E-030  -2.3456909098192981E-030   5.5628013925525335E-029  -1.4630654643486437E-030   5.5401203908062195E-029   1.3072394059494974E-017  -5.4341377192441601E-017  -2.2030813995592515E-016   5.7562332538282081E-015   6.2061365598485103E-029   1.3755485189851192E-031   6.2172319975211518E-031   5.9970715869133449E-029  -1.6480108357562802E-031   6.1209695950171773E-029   1.5439706334502147E-017  -6.4182192018159311E-017  -2.6020428764145739E-016   5.9487380322292563E-015  -3.7179254587416286E-016
  -1.1313851174074356E-018   8.4116189493015846E-019  -2.8711255126119614E-018   1.5627560896573515E-019  -8.0731245898106052E-031   2.2064487392795527E-032   3.2892215132953000E-032  -1.0730850389349976E-030   5.2151035993593112E-032  -1.1321102426831184E-030  -2.7391696059757180E-018   2.0365170628880824E-018  -6.9512137097150994E-018  -1.0988539846765107E-017  -2.1992750808862212E-031  -8.1478136723579877E-033   6.9653482793651007E-033  -1.6480108357562802E-031   2.9205495644549177E-032  -1.3306203270905965E-031  -3.2352126262548879E-018   2.4053149907420442E-018  -8.2100262475174210E-018  -1.0472325506684267E-017   2.3901699295241645E-016
  -9.9939679024120928E-019  -2.2528261835822414E-017  -8.6883714426095078E-017   9.5372980258134359E-017   5.6428301941356681E-029  -1.0842828735027752E-030  -2.3527143291803120E-030   5.5618829616717181E-029  -1.4300523843635211E-030   5.5309919475616094E-029  -2.4196158054624635E-018  -5.4542639059607771E-017  -2.1035209509881274E-016   5.8847019403517326E-015   6.3284705972242974E-029   1.2903331711729234E-031   6.4453715713433932E-031   6.1209695950171773E-029  -1.3306203270905965E-031   6.2522111612384103E-029  -2.8577900351385308E-018  -6.4419900896214459E-017  -2.4844527791857683E-016   6.0826144210532410E-015  -8.0394879886736468E-017
   7.2865924033534119E-002   1.0855673072521615E-016  -4.4840997785358788E-017  -2.9085508095241061E-016  -1.4772491062941653E-017  -1.7645572225648269E-017  -7.3922361633462992E-018   2.2768324429850931E-018  -1.7174234641395032E-019   3.9817779120349024E-017  0.17641395609072447        3.6468156511086838E-017   1.0925168596540108E-016   3.5820551983124927E-016   1.5518179259226365E-017   8.2696751887342442E-018   3.3242704508552620E-018   1.5439706334502147E-017  -3.2352126262548879E-018  -2.8577900351385308E-018  0.20836119711138426        1.5764017243623460E-016   1.5490256195070841E-016   1.3094550246891418E-016  -2.0758170951009671E-015
  -2.2744683989046139E-016   7.2865924033532703E-002  -3.7720071207128256E-017   3.7457053463249248E-016  -1.7011340460816753E-016  -1.3024976029701983E-017   2.1419163150895726E-018  -1.5850523804415559E-016  -9.6087487409019139E-018  -1.6690582210101165E-016   2.3448413078840806E-016  0.17641395609072513        4.8445767073893714E-017   2.3062525270360789E-016  -6.1405312881865577E-017   9.5497093467942351E-020  -9.5342303387799756E-020  -6.4182192018159311E-017   2.4053149907420442E-018  -6.4419900896214459E-017   1.5764017243623460E-016  0.20836119711138423        1.1263957070313992E-016  -7.8829107313843141E-017   1.4858036583239363E-016
  -1.2855547860072589E-016   5.6031794149503622E-017   7.2865924033533008E-002   9.1955073662472450E-016  -2.8511068657165299E-016   5.6303597110127330E-017   6.6442048151429110E-017  -2.6196194014005310E-016   2.5602837049046363E-017  -2.5975992663985291E-016   1.3821474234037860E-016   4.2785328231709089E-017  0.17641395609072610        5.8765296451771919E-016  -2.4532344354539648E-016  -7.9965823976579574E-018  -7.9035391444371736E-018  -2.6020428764145739E-016  -8.2100262475174210E-018  -2.4844527791857683E-016   1.5490256195070841E-016   1.1263957070313992E-016  0.20836119711138515        1.3036132821300638E-016   4.6329256254484439E-016
   1.3956368727902652E-016   2.5721390359652739E-016   1.2689152784023802E-016   9.3707932117696770E-003   5.3963684106530073E-015  -9.7249332564711159E-017  -2.1861953894389449E-016   5.2882140546160394E-015  -1.3111357023565025E-016   5.2509648636485751E-015  -9.1510699272851866E-018  -2.5614273863935433E-016  -1.6444191548164055E-016  0.57571347915690074        6.1474635375319178E-015   1.0728438076037921E-017   6.3086020779711864E-017   5.9487380322292563E-015  -1.0472325506684267E-017   6.0826144210532410E-015   1.3094550246891418E-016  -7.8829107313843141E-017   1.3036132821300638E-016  0.59518230453088583        2.0883464155033102E-002
  -6.7025661717706380E-016   1.5458379220690652E-016   2.1362442131428666E-015   3.0150487819563883E-003  -5.8485373756652510E-015   1.8435214115490044E-016   2.5600640745326827E-016  -8.0825319924904154E-015   4.2165462378127421E-016  -8.5766139066356743E-015   9.3935312028301470E-016  -3.0265620866793969E-016  -2.1979760953154081E-015   1.3017318581106807E-002  -7.9202129603754986E-016  -6.7766231771300440E-017   6.7594452121460440E-017  -3.7179254587416286E-016   2.3901699295241645E-016  -8.0394879886736468E-017  -2.0758170951009671E-015   1.4858036583239363E-016   4.6329256254484439E-016   2.0883464155033102E-002   2.0030192913806681     
