   2.4085583511001987E-003   2.1254014907756203E-009   2.0544473732126832E-009   6.9429061330839385E-009   3.0053395480063888E-002   1.7220104320267655E-008   1.4099166664096640E-008  -5.3500442702297722E-009  -3.0238333334450613E-011   4.0698884728198115E-009   3.4823098605650127E-009   2.0662295378478124E-009   1.8677342496161558E-009   8.4851130729644578E-009   3.9042972273026999E-002   2.1742106811715489E-008   1.9009387777709160E-008   1.4025503392189119E-008  -4.8850901951389575E-009   9.8396746006399433E-010   4.1377255744991390E-009   3.2065433284923394E-009   2.3574919114794894E-009   1.6785468787979818E-009   4.7284794621675044E-010  -8.8544702388501466E-004   1.7692572757372660E-011   4.8309818657582935E-011   1.9835514148067112E-010  -9.0114892648479313E-010  -2.7113282586737547E-011   7.1274785773198473E-010   6.2296311133465435E-010   5.2273623631750503E-010   2.7818581382454023E-010
   2.1254014907756203E-009   2.4085564059470122E-003   1.2362690587002381E-009   2.0919398072219796E-009   9.6444705627886247E-009   3.0053382533330741E-002   1.1617311530698166E-008   3.2434270836370164E-011   1.0558101406747956E-009   5.4522121687203384E-009   5.6064632156831545E-009   8.0710269166947516E-011  -5.6388975257591426E-009  -1.4244510760176666E-009   1.1315859029266241E-008   3.9042957771568056E-002   1.4692248740370709E-008  -2.6663236435346565E-009  -3.4540444153895411E-011   5.0204677761723166E-010   4.7822034752828265E-009   4.9840425397644916E-009   1.5967606283695390E-009  -4.9495020716261587E-009   1.9031325052765380E-010  -5.5217146590219874E-011  -8.8544696793278483E-004  -2.3243572690538979E-011  -1.4505919930369135E-010   1.4726155982804229E-010   3.2981258762357693E-010   1.1451786408428887E-009   8.9964908526129586E-010   1.1105074680818845E-010  -1.0469106506691300E-009
   2.0544473732126832E-009   1.2362690587002381E-009   2.4085568619630956E-003   1.4797967036327359E-009   1.0588510311369990E-008   4.0292161150860227E-009   3.0053385954368204E-002   1.0489053699288311E-009   1.8337182593682669E-009  -1.2794721517873901E-009  -3.0559933426403836E-009  -1.3918870877469080E-009   2.0070881220607843E-009  -1.9222415941390327E-009   1.4170822753786402E-008   4.5158747748655773E-009   3.9042960802067837E-002  -7.2610885198311826E-009  -2.5926612846486109E-010   1.4548314708005193E-009  -1.7927206837717429E-009  -2.7402712130009429E-009   4.7141567591923266E-010   2.9995373193255842E-009  -1.1178348771462944E-009   1.2804252117860577E-011  -7.5370300836677253E-011  -8.8544698863066639E-004  -3.5373442187841573E-010   1.0630596792349665E-010   3.1870532168885535E-010  -2.0102683704194334E-010  -5.0231991204987669E-010  -1.2218488654035695E-010   3.9601395122071957E-010
   6.9429061330839385E-009   2.0919398072219796E-009   1.4797967036327359E-009   3.8194206879600277E-004   8.2774917506162062E-008   2.6540178640663099E-008   1.9679149028256246E-008   8.0484806564509714E-013   7.4772723767799196E-011   7.4559278343576494E-011   2.4568514135749092E-011   3.5554795013702368E-011  -2.5375973411051278E-011   1.4186893107313359E-002   1.0619623795770563E-007   3.4811146930001638E-008   2.6094173823996842E-008   1.4757591934788374E-002  -8.2804523543555032E-011  -3.8248553454528218E-012  -1.3709791603687834E-011   1.1786397593958579E-010  -5.9375504829240572E-011  -3.5062353961402985E-011   8.1556183337913313E-003  -2.7173936078270247E-010   1.3199676861197600E-009   1.2254188628436008E-009   4.2382544143133838E-004  -1.7970482228709773E-011   3.1523303592461328E-012   1.0782702458203215E-011   3.0651391705508297E-011  -6.9812614130240348E-012  -1.2681395417044134E-011
   3.0053395480063888E-002   9.6444705627886247E-009   1.0588510311369990E-008   8.2774917506162062E-008  0.37511085728779514        4.2080666670037514E-009  -1.1895171006377541E-008  -6.6771031467061620E-008  -3.8176407927634095E-010   5.0792246474067375E-008   4.3461246708758538E-008   2.5788964667728131E-008   2.3309782773673540E-008  -5.3226595234840107E-008  0.48726317628402399       -2.3532395063402226E-009  -6.7855267374369108E-009   1.1120592973134289E-008  -6.0980016081527317E-008   1.2295521977011118E-008   5.1652357296105006E-008   4.0026893017634168E-008   2.9428355985540583E-008   2.0953123222486378E-008   1.0417292454561667E-008   3.9149305488146366E-003  -9.9764596315730141E-010   3.4881970603488786E-010   1.1049300904634199E-009  -1.1313921180960876E-008  -2.5235000104812894E-010   8.9900120471191875E-009   7.8057971517030139E-009   6.5145763105098778E-009   3.5081240115228581E-009
   1.7220104320267655E-008   3.0053382533330741E-002   4.0292161150860227E-009   2.6540178640663099E-008   4.2080666670037514E-009  0.37511083713593735        2.7118005721565074E-009   4.0781277667586840E-010   1.3180299473648558E-008   6.8049753760850304E-008   6.9968684173293797E-008   1.0041793641505568E-009  -7.0376497427549287E-008   1.9894614570876751E-009  -9.6590830881953541E-009  0.48726317900794869       -1.4565284395133579E-009  -1.3070503442717283E-008  -4.4363379303739126E-010   6.2616366180882886E-009   5.9681672802456786E-008   6.2220329239980633E-008   1.9936909385910086E-008  -6.1776695142502047E-008  -1.2368203270359485E-008  -1.6689915533772781E-009   3.9149331761453828E-003  -3.7918367642894573E-010  -1.0206447692987215E-009   1.7852335680687246E-009   4.0395080871264199E-009   1.4274193524236253E-008   1.1316040668063632E-008   1.4869433016451397E-009  -1.3101274302759887E-008
   1.4099166664096640E-008   1.1617311530698166E-008   3.0053385954368204E-002   1.9679149028256246E-008  -1.1895171006377541E-008   2.7118005721565074E-009  0.37511085147977463        1.3092961886312073E-008   2.2886620270985768E-008  -1.5966481753559592E-008  -3.8139303699486970E-008  -1.7375999256834977E-008   2.5046343675355567E-008   2.7484406627822419E-008  -1.0257377209345563E-008  -5.4418714218519491E-009  0.48726318000574143       -3.7734478366466170E-008  -3.2406106620560894E-009   1.8165543615286260E-008  -2.2380347901467550E-008  -3.4206358796182982E-008   5.8900839019411005E-009   3.7446969185335115E-008  -2.7796530796810656E-008   2.5326374993573853E-011  -8.2100894233894838E-010   3.9149317001227011E-003  -3.0658365719644212E-009   1.2666621179036766E-009   3.9713368354050957E-009  -2.5774245602556315E-009  -6.3230074752264408E-009  -1.4376070489602956E-009   5.0563454438403748E-009
  -5.3500442702297722E-009   3.2434270836370164E-011   1.0489053699288311E-009   8.0484806564509714E-013  -6.6771031467061620E-008   4.0781277667586840E-010   1.3092961886312073E-008   1.2343272852680286E-014   8.8111981725186384E-016  -9.5246678086152137E-015  -8.9916902365378519E-015  -5.1960014848414537E-015  -3.3515822032776338E-015   2.9179360219780236E-011  -8.6737006642467899E-008   5.2839469994957509E-010   1.7007080090137276E-008   3.0472086965849928E-011   1.0740180975550208E-014  -1.5471604904749098E-015  -9.9104856934201173E-015  -8.2504799375757609E-015  -5.0108018526369440E-015  -2.4897010811457617E-015   2.4727061413356765E-011   3.0578110110484156E-011   4.0084148117603826E-010   2.7567070204499257E-010  -6.9410882903256656E-013   2.0548552900055876E-015   1.9001521309369305E-016  -1.6712609231934469E-015  -1.5945098579096913E-015  -1.2051924689275910E-015  -4.6034542690069144E-016
  -3.0238333334450613E-011   1.0558101406747956E-009   1.8337182593682669E-009   7.4772723767799196E-011  -3.8176407927634095E-010   1.3180299473648558E-008   2.2886620270985768E-008   8.8111981725186384E-016   1.8759453395584644E-015   1.3811902067239912E-015   9.2416355850337806E-017  -1.0436306908069771E-015  -9.7353653325795222E-016   3.0369130057996976E-009  -4.9394120512003853E-010   1.7119991870247623E-008   2.9729775164815072E-008   3.1313743961244792E-009  -1.6875269669171674E-016   1.3144307520414365E-015   6.7577166419645586E-016   8.3646172890179712E-017   1.0173252637414280E-015   8.5105959566301683E-017   1.0852272116842078E-010  -5.8168835524550431E-010   4.3537391136644257E-010   1.1820946215224826E-010   6.4269748412671861E-012   1.4949012303387611E-016   3.8024615849164028E-016   3.3423666048309269E-016   1.1817807363284716E-017  -4.1784051546675797E-017  -1.6130804852334358E-016
   4.0698884728198115E-009   5.4522121687203384E-009  -1.2794721517873901E-009   7.4559278343576494E-011   5.0792246474067375E-008   6.8049753760850304E-008  -1.5966481753559592E-008  -9.5246678086152137E-015   1.3811902067239912E-015   1.9918475716400044E-014   2.0207125756741354E-014   4.4212432202719545E-015  -1.0682458840336218E-014   3.0316133850417645E-009   6.5981040882250486E-008   8.8396458912353468E-008  -2.0741691529547736E-008   3.1255417156683986E-009  -8.2166814848722256E-015   2.0264427285694940E-015   1.8770439620433509E-014   1.8187877504197364E-014   7.3381894107639230E-015  -9.9711964874673840E-015   8.5659073767485992E-011  -2.6520216827009824E-010   4.5110551560864361E-010   2.6840272308843949E-010   7.4741128773683502E-012  -1.2633612608715316E-015   5.2672673649089690E-016   3.9124303778333788E-015   3.3812260936396139E-015   1.2130075645579306E-015  -2.1178649722219849E-015
   3.4823098605650127E-009   5.6064632156831545E-009  -3.0559933426403836E-009   2.4568514135749092E-011   4.3461246708758538E-008   6.9968684173293797E-008  -3.8139303699486970E-008  -8.9916902365378519E-015   9.2416355850337806E-017   2.0207125756741354E-014   2.1967019482101431E-014   4.9445940411336430E-015  -1.2975329905093803E-014   1.0016758810667016E-009   5.6456895516313436E-008   9.0892010806707390E-008  -4.9544205427466552E-008   1.0324248485320869E-009  -6.8233892706335129E-015   7.4555720590886306E-016   1.9391634066927444E-014   1.9728485897258995E-014   6.5250231930894277E-015  -1.2905096707251913E-014   1.0811329243814349E-011   3.7667800058062658E-011  -3.7865418987641227E-010   1.4333842420188394E-010   3.3879774739465447E-012  -1.1044040090104377E-015   3.2371740371739331E-016   3.9633970533751085E-015   3.6511203693768488E-015   1.1738341380211296E-015  -2.5467164241538535E-015
   2.0662295378478124E-009   8.0710269166947516E-011  -1.3918870877469080E-009   3.5554795013702368E-011   2.5788964667728131E-008   1.0041793641505568E-009  -1.7375999256834977E-008  -5.1960014848414537E-015  -1.0436306908069771E-015   4.4212432202719545E-015   4.9445940411336430E-015   2.5843244587896931E-015   2.5140700014129241E-016   1.4383845342508957E-009   3.3499757489312055E-008   1.3058685931658742E-009  -2.2569711468151735E-008   1.4836729362458474E-009  -4.0512577791582735E-015   2.0125353569511483E-017   4.7465502488625325E-015   4.5145546191579643E-015   1.7973827398723039E-015  -4.6329708138901631E-016   8.3311163268346438E-011   1.8288028538032089E-010  -4.1736992380529462E-010  -6.0517286653847222E-010   3.1202350560604822E-012  -8.3003782267962883E-016  -1.8834037697278690E-016   7.7881739022949549E-016   8.6196581255578494E-016   5.1249697053879732E-016  -3.1928052372544719E-017
   1.8677342496161558E-009  -5.6388975257591426E-009   2.0070881220607843E-009  -2.5375973411051278E-011   2.3309782773673540E-008  -7.0376497427549287E-008   2.5046343675355567E-008  -3.3515822032776338E-015  -9.7353653325795222E-016  -1.0682458840336218E-014  -1.2975329905093803E-014   2.5140700014129241E-016   1.6326912355057435E-014  -1.0309409366229009E-009   3.0280108542258090E-008  -9.1420406132566146E-008   3.2537127757138743E-008  -1.0629872829572529E-009  -3.9167908927515620E-015   8.0160333057066429E-016  -9.4811487454753456E-015  -1.1478007137056393E-014  -1.5142211268237517E-015   1.5394798153626277E-014  -3.5657486912697671E-011  -6.8244195704329118E-011  -2.2185667945751204E-011  -4.1900936236784749E-010  -2.7287491695676916E-012  -9.5045112865810193E-016  -5.1373262347286201E-016  -2.2921362537302279E-015  -2.0566107535990698E-015   3.1358343059922694E-017   3.0070619408516645E-015
   8.4851130729644578E-009  -1.4244510760176666E-009  -1.9222415941390327E-009   1.4186893107313359E-002  -5.3226595234840107E-008   1.9894614570876751E-009   2.7484406627822419E-008   2.9179360219780236E-011   3.0369130057996976E-009   3.0316133850417645E-009   1.0016758810667016E-009   1.4383845342508957E-009  -1.0309409366229009E-009  0.58297620488158142       -1.2276809368479712E-007   1.5120327674025621E-008   5.6263474347680937E-008  0.60045095307878305       -3.3669029601604755E-009  -1.3334211676903486E-010  -5.3681318377427203E-010   4.8102844486855432E-009  -2.4116647518742070E-009  -1.4434870958417143E-009  -1.8179184644683398E-002  -2.7071242906291014E-009  -5.0941973286128813E-009  -3.8020533772622860E-009   1.4130777593302594E-004  -7.7726380155852101E-010   1.0304204144934637E-010   4.9449835810387522E-010   1.3416319772641733E-009  -2.6092620076201452E-010  -5.6439185354106272E-010
   3.9042972273026999E-002   1.1315859029266241E-008   1.4170822753786402E-008   1.0619623795770563E-007  0.48726317628402399       -9.6590830881953541E-009  -1.0257377209345563E-008  -8.6737006642467899E-008  -4.9394120512003853E-010   6.5981040882250486E-008   5.6456895516313436E-008   3.3499757489312055E-008   3.0280108542258090E-008  -1.2276809368479712E-007  0.63297042177822660       -2.2708479638272424E-008  -2.0670990238865881E-009  -4.0879482979389250E-008  -7.9208975568559848E-008   1.5965257385064566E-008   6.7092227099178035E-008   5.1992262021681030E-008   3.8225440754708792E-008   2.7216713749765473E-008   9.1455409715343979E-009  -1.7137165284713445E-003  -7.8155540073271754E-010   5.3827899904611819E-010   1.8254236338332196E-009  -1.4666512480740405E-008  -3.6689856661697154E-010   1.1635241022809339E-008   1.0125844096683188E-008   8.4668515303962335E-009   4.5406683615651820E-009
   2.1742106811715489E-008   3.9042957771568056E-002   4.5158747748655773E-009   3.4811146930001638E-008  -2.3532395063402226E-009  0.48726317900794869       -5.4418714218519491E-009   5.2839469994957509E-010   1.7119991870247623E-008   8.8396458912353468E-008   9.0892010806707390E-008   1.3058685931658742E-009  -9.1420406132566146E-008   1.5120327674025621E-008  -2.2708479638272424E-008  0.63297046286426550       -1.3536025466795873E-008  -3.9679006801463941E-009  -5.7057641396520767E-010   8.1358772398296049E-009   7.7528895082438059E-008   8.0817759397843807E-008   2.5894566598096388E-008  -8.0247182590725822E-008  -8.2872860898311431E-009  -1.7076899087573292E-009  -1.7137136837878724E-003  -6.4988898939757425E-010  -1.6926172040721167E-009   2.3429829835846233E-009   5.2822573733017108E-009   1.8550740037443067E-008   1.4659800628160450E-008   1.8856938337869137E-009  -1.7002783699664458E-008
   1.9009387777709160E-008   1.4692248740370709E-008   3.9042960802067837E-002   2.6094173823996842E-008  -6.7855267374369108E-009  -1.4565284395133579E-009  0.48726318000574143        1.7007080090137276E-008   2.9729775164815072E-008  -2.0741691529547736E-008  -4.9544205427466552E-008  -2.2569711468151735E-008   3.2537127757138743E-008   5.6263474347680937E-008  -2.0670990238865881E-009  -1.3536025466795873E-008  0.63297044125031166       -2.7737691293603084E-008  -4.2074112408852518E-009   2.3593537148104899E-008  -2.9069677433468397E-008  -4.4431855361964390E-008   7.6483428479478006E-009   4.8639266246781297E-008  -2.8583034772920793E-008   1.1393765286303327E-010  -1.2529961309828414E-009  -1.7137153500663808E-003  -4.5940411945628595E-009   1.6727214080239053E-009   5.1616932628772789E-009  -3.3170038819473415E-009  -8.1892726640731280E-009  -1.9071540253519612E-009   6.5165513693548358E-009
   1.4025503392189119E-008  -2.6663236435346565E-009  -7.2610885198311826E-009   1.4757591934788374E-002   1.1120592973134289E-008  -1.3070503442717283E-008  -3.7734478366466170E-008   3.0472086965849928E-011   3.1313743961244792E-009   3.1255417156683986E-009   1.0324248485320869E-009   1.4836729362458474E-009  -1.0629872829572529E-009  0.60045095307878305       -4.0879482979389250E-008  -3.9679006801463941E-009  -2.7737691293603084E-008  0.61902592544875434       -3.4712291339745746E-009  -1.3965513081320675E-010  -5.5551308295881631E-010   4.9576250923115904E-009  -2.4867066146267202E-009  -1.4865060450706064E-009   1.5351944247778523E-002  -5.6585471000629195E-009   6.1033928242233717E-009   6.1859518435161136E-009   1.7868701599641804E-003  -7.9681225236900242E-010   1.0868347729026818E-010   5.0435266651261711E-010   1.3739236517152279E-009  -2.7125494933264329E-010  -5.7713542913329220E-010
  -4.8850901951389575E-009  -3.4540444153895411E-011  -2.5926612846486109E-010  -8.2804523543555032E-011  -6.0980016081527317E-008  -4.4363379303739126E-010  -3.2406106620560894E-009   1.0740180975550208E-014  -1.6875269669171674E-016  -8.2166814848722256E-015  -6.8233892706335129E-015  -4.0512577791582735E-015  -3.9167908927515620E-015  -3.3669029601604755E-009  -7.9208975568559848E-008  -5.7057641396520767E-010  -4.2074112408852518E-009  -3.4712291339745746E-009   9.9632341777891471E-015  -2.1630205808731251E-015  -8.2704558666783582E-015  -6.3143349229765119E-015  -4.8457891979494921E-015  -3.6488986621097036E-015  -9.5753555672480515E-011  -1.5530786660257845E-009  -1.6792499453431890E-009  -6.4927310732109666E-010  -7.0431064914354203E-012   1.8431059877531053E-015   4.9464346561349413E-018  -1.4596829498086533E-015  -1.2448194346051746E-015  -1.0611341301087719E-015  -5.9828641647973657E-016
   9.8396746006399433E-010   5.0204677761723166E-010   1.4548314708005193E-009  -3.8248553454528218E-012   1.2295521977011118E-008   6.2616366180882886E-009   1.8165543615286260E-008  -1.5471604904749098E-015   1.3144307520414365E-015   2.0264427285694940E-015   7.4555720590886306E-016   2.0125353569511483E-017   8.0160333057066429E-016  -1.3334211676903486E-010   1.5965257385064566E-008   8.1358772398296049E-009   2.3593537148104899E-008  -1.3965513081320675E-010  -2.1630205808731251E-015   1.3897280715960431E-015   1.6066077357456109E-015   6.9285263524324903E-016   1.5837446931386729E-015   1.4701679729078627E-015  -1.3313118673274444E-010   2.0201949860203819E-009  -5.5464963192719760E-010   1.1370575313219911E-009   2.5990285221305141E-012  -2.8954508928254342E-016   2.6510012133090147E-016   4.1638592310541120E-016   1.3512518553922350E-016   1.6890905051927039E-016   1.5441990979288533E-016
   4.1377255744991390E-009   4.7822034752828265E-009  -1.7927206837717429E-009  -1.3709791603687834E-011   5.1652357296105006E-008   5.9681672802456786E-008  -2.2380347901467550E-008  -9.9104856934201173E-015   6.7577166419645586E-016   1.8770439620433509E-014   1.9391634066927444E-014   4.7465502488625325E-015  -9.4811487454753456E-015  -5.3681318377427203E-010   6.7092227099178035E-008   7.7528895082438059E-008  -2.9069677433468397E-008  -5.5551308295881631E-010  -8.2704558666783582E-015   1.6066077357456109E-015   1.7945016856383858E-014   1.7447247701884975E-014   6.8746301564474085E-015  -9.1767916455325011E-015  -1.3850651734882899E-010   1.5328263314118589E-009  -3.5477341050887986E-010  -8.3545106375935050E-010   5.0391571115154604E-013  -1.3472792424399742E-015   3.8191621222108294E-016   3.6725851498881530E-015   3.2497972549185333E-015   1.2088871599652021E-015  -1.9025180107201361E-015
   3.2065433284923394E-009   4.9840425397644916E-009  -2.7402712130009429E-009   1.1786397593958579E-010   4.0026893017634168E-008   6.2220329239980633E-008  -3.4206358796182982E-008  -8.2504799375757609E-015   8.3646172890179712E-017   1.8187877504197364E-014   1.9728485897258995E-014   4.5145546191579643E-015  -1.1478007137056393E-014   4.8102844486855432E-009   5.1992262021681030E-008   8.0817759397843807E-008  -4.4431855361964390E-008   4.9576250923115904E-009  -6.3143349229765119E-015   6.9285263524324903E-016   1.7447247701884975E-014   1.7752334140397002E-014   5.8908340423756794E-015  -1.1438000002970476E-014   3.5650686518649698E-011   1.0195240534509539E-009   2.2624973144494093E-009  -8.4920206320471452E-010   1.1481941545296123E-011  -1.0394287182696360E-015   2.7720449604204278E-016   3.5700079179768867E-015   3.3099238626570212E-015   1.0783164793819008E-015  -2.2704953583024385E-015
   2.3574919114794894E-009   1.5967606283695390E-009   4.7141567591923266E-010  -5.9375504829240572E-011   2.9428355985540583E-008   1.9936909385910086E-008   5.8900839019411005E-009  -5.0108018526369440E-015   1.0173252637414280E-015   7.3381894107639230E-015   6.5250231930894277E-015   1.7973827398723039E-015  -1.5142211268237517E-015  -2.4116647518742070E-009   3.8225440754708792E-008   2.5894566598096388E-008   7.6483428479478006E-009  -2.4867066146267202E-009  -4.8457891979494921E-015   1.5837446931386729E-015   6.8746301564474085E-015   5.8908340423756794E-015   3.4717095050731793E-015  -1.0450443762469608E-015  -8.7821961123403135E-011   7.5873921889897230E-010   1.1400079825345043E-009   8.8033985290072713E-010  -5.6435891350433306E-012  -7.7821463385506506E-016   2.5426029884791599E-016   1.4193508849204652E-015   1.1124469256450963E-015   5.7939707442256155E-016  -3.3423219908924037E-016
   1.6785468787979818E-009  -4.9495020716261587E-009   2.9995373193255842E-009  -3.5062353961402985E-011   2.0953123222486378E-008  -6.1776695142502047E-008   3.7446969185335115E-008  -2.4897010811457617E-015   8.5105959566301683E-017  -9.9711964874673840E-015  -1.2905096707251913E-014  -4.6329708138901631E-016   1.5394798153626277E-014  -1.4434870958417143E-009   2.7216713749765473E-008  -8.0247182590725822E-008   4.8639266246781297E-008  -1.4865060450706064E-009  -3.6488986621097036E-015   1.4701679729078627E-015  -9.1767916455325011E-015  -1.1438000002970476E-014  -1.0450443762469608E-015   1.5086898857949579E-014   6.0029507902354158E-011   5.3355553549047429E-010  -5.8324668703908670E-010   1.4984756281889147E-009  -4.4636439446694139E-012  -8.0367714969236968E-016  -2.8215095322966294E-016  -2.1103250265304164E-015  -2.0651046320326097E-015  -1.7182284699855218E-017   2.8687818589753593E-015
   4.7284794621675044E-010   1.9031325052765380E-010  -1.1178348771462944E-009   8.1556183337913313E-003   1.0417292454561667E-008  -1.2368203270359485E-008  -2.7796530796810656E-008   2.4727061413356765E-011   1.0852272116842078E-010   8.5659073767485992E-011   1.0811329243814349E-011   8.3311163268346438E-011  -3.5657486912697671E-011  -1.8179184644683398E-002   9.1455409715343979E-009  -8.2872860898311431E-009  -2.8583034772920793E-008   1.5351944247778523E-002  -9.5753555672480515E-011  -1.3313118673274444E-010  -1.3850651734882899E-010   3.5650686518649698E-011  -8.7821961123403135E-011   6.0029507902354158E-011   2.0196847336007844       -1.2173634597521977E-009   4.0357363043848919E-009   3.6287469231814291E-009   7.4797689623790629E-004   2.4663020462315749E-010   1.4808520355333640E-010  -3.0999252108196210E-010  -5.1160820894434884E-010  -1.4051983655549361E-010   2.6500011395590633E-010
  -8.8544702388501466E-004  -5.5217146590219874E-011   1.2804252117860577E-011  -2.7173936078270247E-010   3.9149305488146366E-003  -1.6689915533772781E-009   2.5326374993573853E-011   3.0578110110484156E-011  -5.8168835524550431E-010  -2.6520216827009824E-010   3.7667800058062658E-011   1.8288028538032089E-010  -6.8244195704329118E-011  -2.7071242906291014E-009  -1.7137165284713445E-003  -1.7076899087573292E-009   1.1393765286303327E-010  -5.6585471000629195E-009  -1.5530786660257845E-009   2.0201949860203819E-009   1.5328263314118589E-009   1.0195240534509539E-009   7.5873921889897230E-010   5.3355553549047429E-010  -1.2173634597521977E-009   1.9990742709793126        6.6595671540936503E-011   1.1399706813089940E-011  -9.9929411895638119E-011  -8.9664837479193498E-009   1.1493160516431439E-008   1.2631775029394084E-008   4.1283920012454543E-009  -1.2604026887083173E-009   4.8380915867401296E-009
   1.7692572757372660E-011  -8.8544696793278483E-004  -7.5370300836677253E-011   1.3199676861197600E-009  -9.9764596315730141E-010   3.9149331761453828E-003  -8.2100894233894838E-010   4.0084148117603826E-010   4.3537391136644257E-010   4.5110551560864361E-010  -3.7865418987641227E-010  -4.1736992380529462E-010  -2.2185667945751204E-011  -5.0941973286128813E-009  -7.8155540073271754E-010  -1.7137136837878724E-003  -1.2529961309828414E-009   6.1033928242233717E-009  -1.6792499453431890E-009  -5.5464963192719760E-010  -3.5477341050887986E-010   2.2624973144494093E-009   1.1400079825345043E-009  -5.8324668703908670E-010   4.0357363043848919E-009   6.6595671540936503E-011   1.9990742709040603       -2.4795097463282094E-011   4.6007444462205554E-010  -7.0353047051748520E-009  -1.0247942399812338E-008  -2.4334540824136341E-009   1.1749605356228667E-008   1.3487869552155471E-008  -4.7143002487076443E-009
   4.8309818657582935E-011  -2.3243572690538979E-011  -8.8544698863066639E-004   1.2254188628436008E-009   3.4881970603488786E-010  -3.7918367642894573E-010   3.9149317001227011E-003   2.7567070204499257E-010   1.1820946215224826E-010   2.6840272308843949E-010   1.4333842420188394E-010  -6.0517286653847222E-010  -4.1900936236784749E-010  -3.8020533772622860E-009   5.3827899904611819E-010  -6.4988898939757425E-010  -1.7137153500663808E-003   6.1859518435161136E-009  -6.4927310732109666E-010   1.1370575313219911E-009  -8.3545106375935050E-010  -8.4920206320471452E-010   8.8033985290072713E-010   1.4984756281889147E-009   3.6287469231814291E-009   1.1399706813089940E-011  -2.4795097463282094E-011   1.9990742709358926        3.8933065732636499E-010  -8.0272108228016876E-009  -8.3716172170668510E-010  -9.1502824716117188E-009  -7.1857718207184183E-009   1.1664595623252503E-008   1.5212982373542552E-008
   1.9835514148067112E-010  -1.4505919930369135E-010  -3.5373442187841573E-010   4.2382544143133838E-004   1.1049300904634199E-009  -1.0206447692987215E-009  -3.0658365719644212E-009  -6.9410882903256656E-013   6.4269748412671861E-012   7.4741128773683502E-012   3.3879774739465447E-012   3.1202350560604822E-012  -2.7287491695676916E-012   1.4130777593302594E-004   1.8254236338332196E-009  -1.6926172040721167E-009  -4.5940411945628595E-009   1.7868701599641804E-003  -7.0431064914354203E-012   2.5990285221305141E-012   5.0391571115154604E-013   1.1481941545296123E-011  -5.6435891350433306E-012  -4.4636439446694139E-012   7.4797689623790629E-004  -9.9929411895638119E-011   4.6007444462205554E-010   3.8933065732636499E-010   2.0001336922912816       -1.1206399407692647E-012   4.6103899003395799E-013   2.1290784955849715E-012   3.0002223185152869E-012  -2.6170841993647482E-013  -1.8831217284265427E-012
  -9.0114892648479313E-010   1.4726155982804229E-010   1.0630596792349665E-010  -1.7970482228709773E-011  -1.1313921180960876E-008   1.7852335680687246E-009   1.2666621179036766E-009   2.0548552900055876E-015   1.4949012303387611E-016  -1.2633612608715316E-015  -1.1044040090104377E-015  -8.3003782267962883E-016  -9.5045112865810193E-016  -7.7726380155852101E-010  -1.4666512480740405E-008   2.3429829835846233E-009   1.6727214080239053E-009  -7.9681225236900242E-010   1.8431059877531053E-015  -2.8954508928254342E-016  -1.3472792424399742E-015  -1.0394287182696360E-015  -7.7821463385506506E-016  -8.0367714969236968E-016   2.4663020462315749E-010  -8.9664837479193498E-009  -7.0353047051748520E-009  -8.0272108228016876E-009  -1.1206399407692647E-012   4.5147660778714065E-016   2.9085731676495910E-017  -2.2230272642128003E-016  -2.3509116052507945E-016  -2.8257273868849436E-016  -2.1638541245297688E-016
  -2.7113282586737547E-011   3.2981258762357693E-010   3.1870532168885535E-010   3.1523303592461328E-012  -2.5235000104812894E-010   4.0395080871264199E-009   3.9713368354050957E-009   1.9001521309369305E-016   3.8024615849164028E-016   5.2672673649089690E-016   3.2371740371739331E-016  -1.8834037697278690E-016  -5.1373262347286201E-016   1.0304204144934637E-010  -3.6689856661697154E-010   5.2822573733017108E-009   5.1616932628772789E-009   1.0868347729026818E-010   4.9464346561349413E-018   2.6510012133090147E-016   3.8191621222108294E-016   2.7720449604204278E-016   2.5426029884791599E-016  -2.8215095322966294E-016   1.4808520355333640E-010   1.1493160516431439E-008  -1.0247942399812338E-008  -8.3716172170668510E-010   4.6103899003395799E-013   2.9085731676495910E-017   2.0520852501981018E-016   2.0985119903144336E-016   1.6397210536659235E-017  -8.5769268101814547E-017  -4.5482947461370980E-017
   7.1274785773198473E-010   1.1451786408428887E-009  -2.0102683704194334E-010   1.0782702458203215E-011   8.9900120471191875E-009   1.4274193524236253E-008  -2.5774245602556315E-009  -1.6712609231934469E-015   3.3423666048309269E-016   3.9124303778333788E-015   3.9633970533751085E-015   7.7881739022949549E-016  -2.2921362537302279E-015   4.9449835810387522E-010   1.1635241022809339E-008   1.8550740037443067E-008  -3.3170038819473415E-009   5.0435266651261711E-010  -1.4596829498086533E-015   4.1638592310541120E-016   3.6725851498881530E-015   3.5700079179768867E-015   1.4193508849204652E-015  -2.1103250265304164E-015  -3.0999252108196210E-010   1.2631775029394084E-008  -2.4334540824136341E-009  -9.1502824716117188E-009   2.1290784955849715E-012  -2.2230272642128003E-016   2.0985119903144336E-016   9.0042138585424179E-016   7.0519107868505577E-016   1.4335122297560999E-016  -4.8288837931098910E-016
   6.2296311133465435E-010   8.9964908526129586E-010  -5.0231991204987669E-010   3.0651391705508297E-011   7.8057971517030139E-009   1.1316040668063632E-008  -6.3230074752264408E-009  -1.5945098579096913E-015   1.1817807363284716E-017   3.3812260936396139E-015   3.6511203693768488E-015   8.6196581255578494E-016  -2.0566107535990698E-015   1.3416319772641733E-009   1.0125844096683188E-008   1.4659800628160450E-008  -8.1892726640731280E-009   1.3739236517152279E-009  -1.2448194346051746E-015   1.3512518553922350E-016   3.2497972549185333E-015   3.3099238626570212E-015   1.1124469256450963E-015  -2.0651046320326097E-015  -5.1160820894434884E-010   4.1283920012454543E-009   1.1749605356228667E-008  -7.1857718207184183E-009   3.0002223185152869E-012  -2.3509116052507945E-016   1.6397210536659235E-017   7.0519107868505577E-016   7.1481551291467259E-016   2.3818994028896630E-016  -4.7972441270885766E-016
   5.2273623631750503E-010   1.1105074680818845E-010  -1.2218488654035695E-010  -6.9812614130240348E-012   6.5145763105098778E-009   1.4869433016451397E-009  -1.4376070489602956E-009  -1.2051924689275910E-015  -4.1784051546675797E-017   1.2130075645579306E-015   1.1738341380211296E-015   5.1249697053879732E-016   3.1358343059922694E-017  -2.6092620076201452E-010   8.4668515303962335E-009   1.8856938337869137E-009  -1.9071540253519612E-009  -2.7125494933264329E-010  -1.0611341301087719E-015   1.6890905051927039E-016   1.2088871599652021E-015   1.0783164793819008E-015   5.7939707442256155E-016  -1.7182284699855218E-017  -1.4051983655549361E-010  -1.2604026887083173E-009   1.3487869552155471E-008   1.1664595623252503E-008  -2.6170841993647482E-013  -2.8257273868849436E-016  -8.5769268101814547E-017   1.4335122297560999E-016   2.3818994028896630E-016   2.8458893496308052E-016   4.4382807759998810E-017
   2.7818581382454023E-010  -1.0469106506691300E-009   3.9601395122071957E-010  -1.2681395417044134E-011   3.5081240115228581E-009  -1.3101274302759887E-008   5.0563454438403748E-009  -4.6034542690069144E-016  -1.6130804852334358E-016  -2.1178649722219849E-015  -2.5467164241538535E-015  -3.1928052372544719E-017   3.0070619408516645E-015  -5.6439185354106272E-010   4.5406683615651820E-009  -1.7002783699664458E-008   6.5165513693548358E-009  -5.7713542913329220E-010  -5.9828641647973657E-016   1.5441990979288533E-016  -1.9025180107201361E-015  -2.2704953583024385E-015  -3.3423219908924037E-016   2.8687818589753593E-015   2.6500011395590633E-010   4.8380915867401296E-009  -4.7143002487076443E-009   1.5212982373542552E-008  -1.8831217284265427E-012  -2.1638541245297688E-016  -4.5482947461370980E-017  -4.8288837931098910E-016  -4.7972441270885766E-016   4.4382807759998810E-017   6.9610985067320888E-016
