   5.1907503296879957E-003   1.2516053304927352E-017   2.2716073686600653E-016  -2.0283161907077495E-018   4.1432508681217187E-002  -3.7956230169104623E-017   4.5799142044118970E-016   3.7073405644553808E-016   2.2609331389495922E-017  -2.8814162555575267E-018  -1.0296036889677128E-018  -6.5606044002763510E-018  -6.8467465269852240E-019   9.3008955430947496E-018   6.3326155240396531E-002  -1.6498768032785279E-017   7.7433563869541070E-016   3.7436195019145662E-016   4.6144477006082710E-020  -2.1664762697410797E-018   4.2782478407979610E-019   1.8046200776848532E-018  -3.8472512047103757E-019  -1.9476680822221658E-018   2.9100146362406145E-017
   1.2516053304927352E-017   5.1907503296876826E-003  -6.2796295081345437E-018   9.8613873319698289E-018   1.0203072126679661E-016   4.1432508681216028E-002   4.4780490350728713E-016  -3.1552404947140073E-016  -2.0664251433734199E-017   8.6185564835076951E-018   1.2327381761955534E-018  -2.1463659326139686E-017  -1.6467719704660205E-018  -2.6343079154565242E-017   1.9243670942591464E-016   6.3326155240394741E-002   5.6741015497984091E-016  -3.8116233165258302E-016  -1.5303723493059346E-017  -1.3156446697605501E-018   4.3103881513642599E-019  -1.6743552739410903E-017   1.0027264167333636E-018  -1.4997772933255919E-017  -1.8778769256726931E-015
   2.2716073686600653E-016  -6.2796295081345437E-018   5.1907503296884277E-003  -1.8132151585201170E-017   1.2682857253299136E-015  -4.1938156593839145E-016   4.1432508681218956E-002   1.5594360403828813E-016   2.7438196740454387E-018   1.0441649818134234E-017  -4.5748819035001295E-019  -2.0270355833375964E-017   8.7800215854992322E-018  -7.6625837097389408E-018   1.9556240217344129E-015  -6.8546751715846171E-016   6.3326155240399196E-002   9.3796272652486353E-017  -2.0219985182219490E-017  -1.8233367888756535E-018   1.2280595194083109E-018  -1.1022017470006946E-017  -4.5269037953181379E-018  -1.5746563206275288E-017  -2.0583651625735507E-015
  -2.0283161907077495E-018   9.8613873319698289E-018  -1.8132151585201170E-017   5.2573505590773173E-004  -1.1590855549787855E-016   1.9867112101427269E-016  -1.4700376536344778E-016   1.7618775936083977E-002   3.6495964337275053E-016   7.0329221163221679E-018   4.1648258050762112E-018   3.5122465885891503E-016  -4.4624642860960395E-018   3.6763309115770432E-016  -1.6726859362542445E-016   2.8312956203469119E-016  -2.3048479415861987E-016   1.7084377462015111E-002   6.0156105493815956E-017   1.8920340902781229E-018  -7.7501543434255167E-019   6.4717156236386308E-017  -4.8604298777419128E-019   6.4967471118351365E-017   2.2168664668486800E-003
   4.1432508681217187E-002   1.0203072126679661E-016   1.2682857253299136E-015  -1.1590855549787855E-016  0.33071380177946680       -2.8598364574887133E-016  -6.9376515889179254E-016  -3.8208477665895123E-016   1.8046741984751782E-016  -2.2999430995513923E-017  -8.2182846547997973E-018  -5.2366667919694558E-017  -5.4650651042671860E-018   7.4239639908701334E-017  0.50546863364617756       -1.0573406401457016E-016  -4.6704267334339112E-016  -2.5183243249327609E-016   3.6832467806468603E-019  -1.7292788354760771E-017   3.4148924441703150E-018   1.4404456443855393E-017  -3.0708714311739545E-018  -1.5546263950187998E-017  -2.0320022127883411E-016
  -3.7956230169104623E-017   4.1432508681216028E-002  -4.1938156593839145E-016   1.9867112101427269E-016  -2.8598364574887133E-016  0.33071380177946813        6.2697354491799028E-016   8.7289305659058548E-016  -1.6494181429259980E-016   6.8793217481531316E-017   9.8397017661916679E-018  -1.7132267878006435E-016  -1.3144514690319261E-017  -2.1027015102586744E-016  -1.4583083908561463E-016  0.50546863364617944        2.4217333706489106E-017   3.0339822730431184E-016  -1.2215414269774134E-016  -1.0501460432313319E-017   3.4405468026362969E-018  -1.3364684297418053E-016   8.0037505808331387E-018  -1.1971204889241762E-016   2.5425324453008635E-015
   4.5799142044118970E-016   4.4780490350728713E-016   4.1432508681218956E-002  -1.4700376536344778E-016  -6.9376515889179254E-016   6.2697354491799028E-016  0.33071380177946752        4.6788834165797914E-016   2.1901136684291121E-017   8.3345127247166903E-017  -3.6516654075663538E-018  -1.6179774419785120E-016   7.0082030045217853E-017  -6.1162653934342219E-017  -9.2344661286926743E-016   6.0324283605132193E-016  0.50546863364617833        5.9245707936677181E-017  -1.6139568624690642E-016  -1.4553853014616733E-017   9.8023567822041820E-018  -8.7977615085566497E-017  -3.6133693374886626E-017  -1.2568888413141640E-016   2.5356767053823163E-015
   3.7073405644553808E-016  -3.1552404947140073E-016   1.5594360403828813E-016   1.7618775936083977E-002  -3.8208477665895123E-016   8.7289305659058548E-016   4.6788834165797914E-016  0.59316959996432717        1.2232593706795584E-014   1.9650611910732465E-016   1.4460267069918695E-016   1.1832547624499403E-014  -1.2102310388415869E-016   1.2280276321849891E-014  -2.9010293312414663E-016   8.4580075259334988E-016   7.0485318537143370E-016  0.57493038964996224        2.0031992211997652E-015   5.1871450381998094E-017  -3.4843179414818959E-017   2.1567085285885769E-015  -2.1879071548574126E-017   2.1399707984303725E-015   6.9444067322544691E-004
   2.2609331389495922E-017  -2.0664251433734199E-017   2.7438196740454387E-018   3.6495964337275053E-016   1.8046741984751782E-016  -1.6494181429259980E-016   2.1901136684291121E-017   1.2232593706795584E-014   2.5353449793958014E-028   4.8144772847640304E-030   2.8849260624953415E-030   2.4390431096684694E-028  -3.0703907188948510E-030   2.5532132145377457E-028   2.7582949256169132E-016  -2.5209989136529287E-016   3.3474072069383769E-017   1.1861397950868421E-014   4.1801555600604654E-029   1.3005069312927108E-030  -5.4317788589781633E-031   4.4986483063942701E-029  -3.4922707382808607E-031   4.5117555138969692E-029   1.4894146960932948E-015
  -2.8814162555575267E-018   8.6185564835076951E-018   1.0441649818134234E-017   7.0329221163221679E-018  -2.2999430995513923E-017   6.8793217481531316E-017   8.3345127247166903E-017   1.9650611910732465E-016   4.8144772847640304E-030   6.9600481837780668E-031  -1.5089740465969260E-032   3.7305853461612845E-030  -4.5569604592370686E-031   5.4315804459583474E-030  -3.5152723888112946E-017   1.0514473075333211E-016   1.2738611864401145E-016   1.9411693603162089E-016   9.2305333428321521E-031   1.8699002726596158E-031   1.2048035709629966E-031   9.8973918138749237E-031   6.6877994145824835E-032   1.3508573121772762E-030   1.0908558253662834E-015
  -1.0296036889677128E-018   1.2327381761955534E-018  -4.5748819035001295E-019   4.1648258050762112E-018  -8.2182846547997973E-018   9.8397017661916679E-018  -3.6516654075663538E-018   1.4460267069918695E-016   2.8849260624953415E-030  -1.5089740465969260E-032   4.2834130555478540E-032   2.8952179348648649E-030   1.6398649131104531E-032   2.8307675915040601E-030  -1.2560966893504814E-017   1.5039168551421642E-017  -5.5812678943660998E-018   1.3975845836660597E-016   4.5102293491391693E-031  -6.0768655201332248E-033  -2.2642379523820318E-032   4.8686824409286428E-031  -1.3480543529445657E-032   4.4393722574530261E-031  -1.1861131291375543E-016
  -6.5606044002763510E-018  -2.1463659326139686E-017  -2.0270355833375964E-017   3.5122465885891503E-016  -5.2366667919694558E-017  -1.7132267878006435E-016  -1.6179774419785120E-016   1.1832547624499403E-014   2.4390431096684694E-028   3.7305853461612845E-030   2.8952179348648649E-030   2.3623473813785697E-028  -2.3562317639798765E-030   2.4481393358388835E-028  -8.0038111320253743E-017  -2.6185251383403784E-016  -2.4729444083273529E-016   1.1467995060952818E-014   4.0038128352696538E-029   1.0158003859626591E-030  -7.2749633718841172E-031   4.3068007921030572E-029  -4.3838825902146448E-031   4.2677266748335779E-029  -2.0013954404613468E-016
  -6.8467465269852240E-019  -1.6467719704660205E-018   8.7800215854992322E-018  -4.4624642860960395E-018  -5.4650651042671860E-018  -1.3144514690319261E-017   7.0082030045217853E-017  -1.2102310388415869E-016  -3.0703907188948510E-030  -4.5569604592370686E-031   1.6398649131104531E-032  -2.3562317639798765E-030   3.5275982964860775E-031  -3.5470487177713439E-030  -8.3528990207780402E-018  -2.0090301174934454E-017   1.0711457392918119E-016  -1.1995195620812056E-016  -6.7422366334144553E-031  -1.3952280242665202E-031  -8.4644064466117581E-032  -6.9026528548762204E-031  -6.2478684294766696E-032  -9.6417662302042594E-031  -7.9133483258490185E-016
   9.3008955430947496E-018  -2.6343079154565242E-017  -7.6625837097389408E-018   3.6763309115770432E-016   7.4239639908701334E-017  -2.1027015102586744E-016  -6.1162653934342219E-017   1.2280276321849891E-014   2.5532132145377457E-028   5.4315804459583474E-030   2.8307675915040601E-030   2.4481393358388835E-028  -3.5470487177713439E-030   2.5782929009142414E-028   1.1346913598744089E-016  -3.2138049686387550E-016  -9.3482046857493519E-017   1.1911453799533504E-014   4.2361886817077483E-029   1.4986776131241312E-030  -4.1435266848867499E-031   4.5538511716676456E-029  -2.5651854941881039E-031   4.6075533627873714E-029   2.6357103530787607E-015
   6.3326155240396531E-002   1.9243670942591464E-016   1.9556240217344129E-015  -1.6726859362542445E-016  0.50546863364617756       -1.4583083908561463E-016  -9.2344661286926743E-016  -2.9010293312414663E-016   2.7582949256169132E-016  -3.5152723888112946E-017  -1.2560966893504814E-017  -8.0038111320253743E-017  -8.3528990207780402E-018   1.1346913598744089E-016  0.77256690898709524        2.8357074887297814E-016  -5.0456058602044202E-016  -9.6520086121423115E-017   5.6295374053983352E-019  -2.6430593626818818E-017   5.2193800455733895E-018   2.2016017710525221E-017  -4.6935724425969051E-018  -2.3761175841230722E-017   7.4645114704794515E-016
  -1.6498768032785279E-017   6.3326155240394741E-002  -6.8546751715846171E-016   2.8312956203469119E-016  -1.0573406401457016E-016  0.50546863364617944        6.0324283605132193E-016   8.4580075259334988E-016  -2.5209989136529287E-016   1.0514473075333211E-016   1.5039168551421642E-017  -2.6185251383403784E-016  -2.0090301174934454E-017  -3.2138049686387550E-016   2.8357074887297814E-016  0.77256690898709834       -5.0558889284166749E-016  -2.7987212049434867E-017  -1.8670248193881735E-016  -1.6050611820400549E-017   5.2585906060363925E-018  -2.0426812169857144E-016   1.2233069343855825E-017  -1.8296994397889502E-016  -1.6012747742091017E-015
   7.7433563869541070E-016   5.6741015497984091E-016   6.3326155240399196E-002  -2.3048479415861987E-016  -4.6704267334339112E-016   2.4217333706489106E-017  0.50546863364617833        7.0485318537143370E-016   3.3474072069383769E-017   1.2738611864401145E-016  -5.5812678943660998E-018  -2.4729444083273529E-016   1.0711457392918119E-016  -9.3482046857493519E-017  -5.0456058602044202E-016  -5.0558889284166749E-016  0.77256690898709612        6.3805943204153082E-017  -2.4667992858070198E-016  -2.2244357985674585E-017   1.4982089838865985E-017  -1.3446649232500219E-016  -5.5227355255567676E-017  -1.9210504123074441E-016  -1.1360658717976364E-015
   3.7436195019145662E-016  -3.8116233165258302E-016   9.3796272652486353E-017   1.7084377462015111E-002  -2.5183243249327609E-016   3.0339822730431184E-016   5.9245707936677181E-017  0.57493038964996224        1.1861397950868421E-014   1.9411693603162089E-016   1.3975845836660597E-016   1.1467995060952818E-014  -1.1995195620812056E-016   1.1911453799533504E-014  -9.6520086121423115E-017  -2.7987212049434867E-017   6.3805943204153082E-017  0.55727447906967986        1.9436055092885284E-015   5.1349394162764082E-017  -3.2977969573752812E-017   2.0923988771444419E-015  -2.0705980590949458E-017   2.0784586492563626E-015   7.3805790275408359E-003
   4.6144477006082710E-020  -1.5303723493059346E-017  -2.0219985182219490E-017   6.0156105493815956E-017   3.6832467806468603E-019  -1.2215414269774134E-016  -1.6139568624690642E-016   2.0031992211997652E-015   4.1801555600604654E-029   9.2305333428321521E-031   4.5102293491391693E-031   4.0038128352696538E-029  -6.7422366334144553E-031   4.2361886817077483E-029   5.6295374053983352E-019  -1.8670248193881735E-016  -2.4667992858070198E-016   1.9436055092885284E-015   7.0673232859495682E-030   2.8174903511887242E-031  -5.2980051771638560E-032   7.5545532211496451E-030  -1.4627321737703674E-032   7.7146814426831558E-030   6.0006770495236683E-016
  -2.1664762697410797E-018  -1.3156446697605501E-018  -1.8233367888756535E-018   1.8920340902781229E-018  -1.7292788354760771E-017  -1.0501460432313319E-017  -1.4553853014616733E-017   5.1871450381998094E-017   1.3005069312927108E-030   1.8699002726596158E-031  -6.0768655201332248E-033   1.0158003859626591E-030  -1.3952280242665202E-031   1.4986776131241312E-030  -2.6430593626818818E-017  -1.6050611820400549E-017  -2.2244357985674585E-017   5.1349394162764082E-017   2.8174903511887242E-031   5.7651857786811426E-032   3.4143110938851576E-032   2.9177738195687051E-031   2.3476956359558559E-032   4.0211408065848178E-031   3.2037769031137968E-016
   4.2782478407979610E-019   4.3103881513642599E-019   1.2280595194083109E-018  -7.7501543434255167E-019   3.4148924441703150E-018   3.4405468026362969E-018   9.8023567822041820E-018  -3.4843179414818959E-017  -5.4317788589781633E-031   1.2048035709629966E-031  -2.2642379523820318E-032  -7.2749633718841172E-031  -8.4644064466117581E-032  -4.1435266848867499E-031   5.2193800455733895E-018   5.2585906060363925E-018   1.4982089838865985E-017  -3.2977969573752812E-017  -5.2980051771638560E-032   3.4143110938851576E-032   3.0456288461316797E-032  -5.9644714920928564E-032   1.7943983200626439E-032   2.0715109484222736E-032   2.3695256582507822E-016
   1.8046200776848532E-018  -1.6743552739410903E-017  -1.1022017470006946E-017   6.4717156236386308E-017   1.4404456443855393E-017  -1.3364684297418053E-016  -8.7977615085566497E-017   2.1567085285885769E-015   4.4986483063942701E-029   9.8973918138749237E-031   4.8686824409286428E-031   4.3068007921030572E-029  -6.9026528548762204E-031   4.5538511716676456E-029   2.2016017710525221E-017  -2.0426812169857144E-016  -1.3446649232500219E-016   2.0923988771444419E-015   7.5545532211496451E-030   2.9177738195687051E-031  -5.9644714920928564E-032   8.0988052366952382E-030  -2.8624394063552908E-032   8.2449090487985998E-030   6.0152409579600109E-016
  -3.8472512047103757E-019   1.0027264167333636E-018  -4.5269037953181379E-018  -4.8604298777419128E-019  -3.0708714311739545E-018   8.0037505808331387E-018  -3.6133693374886626E-017  -2.1879071548574126E-017  -3.4922707382808607E-031   6.6877994145824835E-032  -1.3480543529445657E-032  -4.3838825902146448E-031  -6.2478684294766696E-032  -2.5651854941881039E-031  -4.6935724425969051E-018   1.2233069343855825E-017  -5.5227355255567676E-017  -2.0705980590949458E-017  -1.4627321737703674E-032   2.3476956359558559E-032   1.7943983200626439E-032  -2.8624394063552908E-032   1.6119522305148279E-032   2.7566666557486984E-032   1.4934788389849667E-016
  -1.9476680822221658E-018  -1.4997772933255919E-017  -1.5746563206275288E-017   6.4967471118351365E-017  -1.5546263950187998E-017  -1.1971204889241762E-016  -1.2568888413141640E-016   2.1399707984303725E-015   4.5117555138969692E-029   1.3508573121772762E-030   4.4393722574530261E-031   4.2677266748335779E-029  -9.6417662302042594E-031   4.6075533627873714E-029  -2.3761175841230722E-017  -1.8296994397889502E-016  -1.9210504123074441E-016   2.0784586492563626E-015   7.7146814426831558E-030   4.0211408065848178E-031   2.0715109484222736E-032   8.2449090487985998E-030   2.7566666557486984E-032   8.6310384145422988E-030   1.2830357759634258E-015
   2.9100146362406145E-017  -1.8778769256726931E-015  -2.0583651625735507E-015   2.2168664668486800E-003  -2.0320022127883411E-016   2.5425324453008635E-015   2.5356767053823163E-015   6.9444067322544691E-004   1.4894146960932948E-015   1.0908558253662834E-015  -1.1861131291375543E-016  -2.0013954404613468E-016  -7.9133483258490185E-016   2.6357103530787607E-015   7.4645114704794515E-016  -1.6012747742091017E-015  -1.1360658717976364E-015   7.3805790275408359E-003   6.0006770495236683E-016   3.2037769031137968E-016   2.3695256582507822E-016   6.0152409579600109E-016   1.4934788389849667E-016   1.2830357759634258E-015   2.0024926734299964     
