   4.4891855314594567E-002  -6.1479657276536921E-017  -1.0098681238407215E-017  -1.0353268333052806E-016   1.9641451619216906E-017  -3.7334891431352831E-018   1.3192252779757345E-017   8.0847358785034420E-018  -2.4801009457976702E-018   2.2696929783226332E-017   6.3397316066078305E-002  -3.9659890595647800E-017  -2.9869905574216633E-017  -7.6626525867172487E-016   1.0008807114959831E-017   6.2422537060757119E-018   1.5875944221866699E-017   1.8342666295860219E-017  -4.0513187580924775E-019  -4.4740306213874116E-019   4.1777008127478553E-002  -3.5301415924857936E-017   9.0935991154695531E-018  -1.0738860522466462E-015  -5.9500931907633607E-004   2.2937280281504601E-016  -6.0056331018840339E-016  -1.0292414741001940E-016   7.1133431823758985E-016   1.6091167926972764E-015   4.1024845237249138E-016   1.2842204125292305E-016  -3.0570453889646183E-016  -7.7838380946806541E-016   5.9262785350850231E-017
  -6.1479657276536921E-017   4.4891855314594886E-002   1.9953274979881121E-017  -7.5679317750603019E-017  -2.2889256307721039E-018   6.2590075448164813E-020  -1.3226602776605426E-018   4.3343578608392721E-018   9.3500274119982519E-018   5.2386537045692868E-019  -1.8728650957036791E-017   6.3397316066078555E-002  -3.3751620756000884E-017   4.4185783420441676E-016  -1.5744167680000524E-017  -4.7199000905155633E-018  -6.0465540323820907E-018  -2.9869009737413105E-018  -2.3335649482419171E-018  -3.6757816357362683E-018  -2.7785403141084380E-017   4.1777008127478782E-002  -3.4219277684521831E-017   4.9494091347755401E-016   4.9740468796092771E-017  -5.9500931907995503E-004   2.1014181555632685E-015  -8.5779855727850582E-016  -2.5606971716587583E-016  -5.9499855186302841E-016   4.6973569372834518E-016   5.6753582028149980E-017   3.6330176156506373E-016   3.4602939045894782E-016  -7.1170834903132080E-016
  -1.0098681238407215E-017   1.9953274979881121E-017   4.4891855314593984E-002  -2.6746219280170682E-017  -3.8493280425436210E-017   2.1596203485413123E-017  -1.7457335925696351E-017  -1.3942238135378487E-017   4.1119431098356036E-017  -2.5529820492645851E-017  -6.1528296498079409E-017   2.3277729592989704E-017   6.3397316066078069E-002   1.0179295814956146E-015  -7.6683181770359723E-017  -9.5395677501206984E-018  -3.5802172359334977E-017  -3.9942603081167796E-017   4.1578421553325908E-018  -4.6399251131183606E-017  -1.9983276330192625E-017  -1.1149393112611888E-017   4.1777008127478338E-002   1.0612134262752202E-015  -3.0609589493640764E-016   7.2900959554354209E-016  -5.9500931907862915E-004  -2.5044803744269383E-015   4.9373587865068060E-016  -3.3700973909658657E-015   1.4214510938264908E-015   2.1374707377654027E-015   1.0304721960593169E-015   7.6635783313595953E-016   1.0942771698916792E-016
  -1.0353268333052806E-016  -7.5679317750603019E-017  -2.6746219280170682E-017   8.5028733670287595E-005  -2.2275786578905289E-017   8.6903632290009736E-018  -8.8637344185677586E-019  -2.6812647057271908E-017   1.9398283022072273E-017  -8.8170592862964643E-017  -1.1794700785554934E-016  -1.1715032812936657E-016  -5.9162480165743294E-017   6.1722276381617220E-003   1.7163886017429938E-016   1.7483250372123133E-017  -5.8044205170634833E-018   5.0297220332285686E-017   2.6123728288797091E-017   1.0687704296204620E-016  -8.2222012836483926E-017  -6.9392654539225440E-017  -2.9637508050439922E-017   8.7524982121463431E-003   1.0976713573216104E-015  -8.3378132299118195E-016  -1.4356421506440893E-016   8.0491009853514434E-015   1.7115711908189894E-015  -5.6168341352428566E-016  -3.1111302981391821E-015   3.2466137447144176E-015  -4.5542366860569366E-015   6.2580103793988123E-003   2.6286530597990896E-003
   1.9641451619216906E-017  -2.2889256307721039E-018  -3.8493280425436210E-017  -2.2275786578905289E-017   1.7326355548013157E-005  -6.6232868635179657E-019  -2.3790998614933587E-018  -8.6631777740018808E-006   4.5672053739029604E-018  -8.6631777740089518E-006   2.7410488137381193E-017   3.6860630098588788E-018  -4.2420904846748058E-017  -2.9795016659374840E-015   5.6952465610784587E-005  -3.3375033724455458E-018  -1.6614839119246208E-017  -2.8476232805368357E-005   8.7890664609928211E-018  -2.8476232805405314E-005   1.7344437888113175E-017   8.2987002919655823E-019  -2.4065842598556333E-017  -4.0534944221609041E-015  -3.3295287846430144E-016  -7.6574993549204605E-016   1.7242507287855443E-016   5.8731791947758431E-003  -4.1216633801306381E-016  -1.6532785317110103E-015  -2.9365895973860346E-003   1.1693882230513002E-015  -2.9365895973897851E-003  -2.8187064090878100E-015  -5.6150497297570360E-015
  -3.7334891431352831E-018   6.2590075448164813E-020   2.1596203485413123E-017   8.6903632290009736E-018  -6.6232868635179657E-019   1.7326355548052432E-005  -7.4813224373502209E-018  -6.4020532727760112E-019  -6.1499330164566692E-019  -1.9746193954715582E-018  -9.9537708489944001E-018   1.0618795461124543E-018   2.9908423825715513E-017   2.3183193599238806E-016  -8.4701144055429860E-019   5.6952465610756832E-005  -1.7300019703993857E-017   2.3566929862681182E-018   3.8842490778272979E-018  -4.9590344388051557E-018  -4.2845433172086810E-018   1.4162112321887319E-018   1.6491563196140804E-017   3.3491424517115864E-016  -5.1291528117610635E-017   7.9484064861160414E-017   5.7113595679332912E-016   1.8663968652099440E-016   5.8731791947825443E-003  -1.6474632336290774E-015   5.3508288887916353E-016   5.7522844720255641E-016  -7.2815466732326336E-016   2.3100007761958845E-016   4.0942494412362252E-016
   1.3192252779757345E-017  -1.3226602776605426E-018  -1.7457335925696351E-017  -8.8637344185677586E-019  -2.3790998614933587E-018  -7.4813224373502209E-018   1.7326355548041810E-005  -6.2751337815097099E-019  -9.4281940397819915E-019   3.9618994534094227E-018   9.8111094173463939E-018   7.6716222364825167E-019  -7.7785055101060711E-018   1.8885995495828026E-016   9.5806174060326327E-018  -1.1642665762971899E-017   5.6952465610739688E-005  -4.9096709688028366E-018   1.4024330834328578E-017  -4.7668082885524345E-018   8.1772712851941967E-018   5.1321065347330123E-018  -3.1313025625956999E-018   2.2923118164545692E-016   1.3377143855997550E-016  -8.8514379304669898E-016   2.0089859728414879E-015   8.4248956840435052E-016  -8.8212260396584482E-016   5.8731791947807472E-003  -2.9152483823394758E-016   1.2253763129752864E-015  -5.5131646742598197E-016   1.7911590499921924E-016  -1.2033239364038879E-015
   8.0847358785034420E-018   4.3343578608392721E-018  -1.3942238135378487E-017  -2.6812647057271908E-017  -8.6631777740018808E-006  -6.4020532727760112E-019  -6.2751337815097099E-019   1.7326355547998483E-005   1.8946048997266629E-018  -8.6631777739997429E-006   1.1405927605223694E-017  -1.7278948265800164E-019  -2.5356871409583711E-017  -7.0323975136538837E-016  -2.8476232805405816E-005  -8.7781440579893866E-018   1.8110540485419962E-018   5.6952465610743340E-005   2.9019585553391675E-018  -2.8476232805350382E-005   6.6982120805213120E-018   1.4338515859689780E-018  -2.3186492916131037E-017  -1.2419304738940042E-015  -5.8543691045152620E-016   1.1726483407074287E-015  -1.6568508179024050E-015  -2.9365895973881987E-003  -7.5375026756436930E-016   8.4860075230009812E-017   5.8731791947733520E-003  -1.6909593350001305E-016  -2.9365895973851633E-003  -8.2550285930487853E-016  -5.1642008791732900E-015
  -2.4801009457976702E-018   9.3500274119982519E-018   4.1119431098356036E-017   1.9398283022072273E-017   4.5672053739029604E-018  -6.1499330164566692E-019  -9.4281940397819915E-019   1.8946048997266629E-018   1.7326355548043321E-005  -6.1820130409372569E-018  -2.0173634389583756E-018   1.4102018043137997E-017   5.1847155030333755E-017   7.0823807291551946E-016   3.9521897642463392E-018  -8.9657131555475099E-018  -1.8885887065658080E-017   8.6158655940795327E-018   5.6952465610738915E-005  -1.1546868856611864E-017  -4.1594896069985061E-018   7.3548799334785182E-018   3.0197164109787030E-017   1.0058054827339267E-015  -2.4342852691294881E-016   3.1523834427459563E-017  -8.8480183351743259E-018   3.8220917156631035E-016  -7.7930213311212054E-016  -1.5453332910827609E-015   8.0948554503697350E-016   5.8731791947810065E-003  -1.1849902178709716E-015   7.2721651417215837E-016   2.7192889368771802E-016
   2.2696929783226332E-017   5.2386537045692868E-019  -2.5529820492645851E-017  -8.8170592862964643E-017  -8.6631777740089518E-006  -1.9746193954715582E-018   3.9618994534094227E-018  -8.6631777739997429E-006  -6.1820130409372569E-018   1.7326355548009508E-005   3.4607119899537803E-017   2.4836376798531279E-018  -3.8481128259836425E-017  -5.2555203848069316E-015  -2.8476232805371125E-005   1.3435077331851414E-018   1.7943852743322816E-017  -2.8476232805385307E-005  -1.0771319551706054E-017   5.6952465610758370E-005   2.3250120545364835E-017   5.2114271326059319E-019  -2.4663885146775235E-017  -7.5900140842540331E-015  -1.6406474153966882E-016  -1.5637633975181570E-015  -3.9280582487273714E-016  -2.9365895973868556E-003   5.5047557856947540E-017   1.8922355353690814E-015  -2.9365895973883826E-003  -9.0544836621899111E-016   5.8731791947752238E-003  -5.4717829142360058E-015  -3.2498583594265425E-015
   6.3397316066078305E-002  -1.8728650957036791E-017  -6.1528296498079409E-017  -1.1794700785554934E-016   2.7410488137381193E-017  -9.9537708489944001E-018   9.8111094173463939E-018   1.1405927605223694E-017  -2.0173634389583756E-018   3.4607119899537803E-017   8.9539541218934565E-002   4.1339108980640746E-017  -1.1270633362652873E-016   1.1795905438938168E-015   1.2163077950717429E-017  -7.0865191781325439E-018  -5.5648336685230575E-018   2.1091495251594647E-017   2.4112711999451306E-018   7.7614060910959004E-018   5.8999851226538773E-002   1.3905797501755828E-017  -3.2348137737847492E-017   1.6785292615516379E-015  -4.9360253000624698E-003  -2.7444373423119322E-016   6.7887100875079166E-016  -4.8805369592989241E-016  -6.1815575355174530E-016  -6.2364858396038373E-016   1.6932038400209679E-016   5.1584480202453493E-016   3.1991881829322764E-016   1.1896178740667144E-015   5.8063517797474634E-016
  -3.9659890595647800E-017   6.3397316066078555E-002   2.3277729592989704E-017  -1.1715032812936657E-016   3.6860630098588788E-018   1.0618795461124543E-018   7.6716222364825167E-019  -1.7278948265800164E-019   1.4102018043137997E-017   2.4836376798531279E-018   4.1339108980640746E-017   8.9539541218934593E-002  -4.4257989439832554E-017  -3.0409234590343166E-016  -4.3217825457136171E-018  -2.4815821341888387E-018  -6.6485734680764124E-018  -1.3223078952741124E-017  -5.7607652537578512E-019  -1.2386937726378657E-017   4.8597458109747718E-018   5.8999851226538912E-002  -4.7936113810023581E-017  -6.0011450881751168E-016   8.9105478857370719E-017  -4.9360253000571772E-003  -1.3386713014683124E-015   6.0202751903019856E-016   2.3448628352694915E-017  -5.6203043683901108E-016  -6.5665976891657532E-016   4.0691410473555335E-016   1.9170299087316098E-017  -4.4971959430292347E-016  -8.6277946876535645E-016
  -2.9869905574216633E-017  -3.3751620756000884E-017   6.3397316066078069E-002  -5.9162480165743294E-017  -4.2420904846748058E-017   2.9908423825715513E-017  -7.7785055101060711E-018  -2.5356871409583711E-017   5.1847155030333755E-017  -3.8481128259836425E-017  -1.1270633362652873E-016  -4.4257989439832554E-017   8.9539541218935009E-002  -2.9101634625377782E-016  -6.3787518867141358E-017  -1.0131696295217712E-017   2.0670459444843285E-017  -8.5011093969638746E-017  -1.4751018708711036E-017  -7.4753257913294175E-017  -4.3833770047935245E-017  -6.8214778082525392E-017   5.8999851226539009E-002  -9.1662953109028441E-016  -1.1584832120742499E-016   2.9288787470150095E-016  -4.9360253000612937E-003   6.3284772749858363E-016   8.9308138778040382E-016   2.3584378957421293E-015  -1.0637991914880187E-015   9.0459249834340207E-016   3.6060264575680239E-016  -6.6248789111004023E-016   8.9205365912783213E-016
  -7.6626525867172487E-016   4.4185783420441676E-016   1.0179295814956146E-015   6.1722276381617220E-003  -2.9795016659374840E-015   2.3183193599238806E-016   1.8885995495828026E-016  -7.0323975136538837E-016   7.0823807291551946E-016  -5.2555203848069316E-015   1.1795905438938168E-015  -3.0409234590343166E-016  -2.9101634625377782E-016  0.46886278935014775        7.4915416904279791E-015  -8.5300142099278779E-018   2.0356073951945579E-017   7.0990619109675358E-015  -4.3252114937946950E-016   1.2561658291918553E-014   5.3136047231880135E-016   2.6236499521969192E-016   5.7885474877322728E-016  0.66059254720077054       -9.4685403216438155E-017   1.9494665272505365E-015   3.0071242117389073E-015  -2.4167804204539226E-014  -3.7580783840213860E-016   1.4852289311540499E-015   3.6154777852520126E-014  -2.8531276358943745E-015   3.1050065037627408E-014  0.47429263721407627       -7.9004187771440394E-003
   1.0008807114959831E-017  -1.5744167680000524E-017  -7.6683181770359723E-017   1.7163886017429938E-016   5.6952465610784587E-005  -8.4701144055429860E-019   9.5806174060326327E-018  -2.8476232805405816E-005   3.9521897642463392E-018  -2.8476232805371125E-005   1.2163077950717429E-017  -4.3217825457136171E-018  -6.3787518867141358E-017   7.4915416904279791E-015   1.8720517019053947E-004  -6.5984495248368927E-018   2.5835538867020534E-018  -9.3602585095286270E-005  -7.4659971716748038E-018  -9.3602585095217328E-005   6.0948806291849520E-018  -5.7251628269705454E-018  -3.1843798915523587E-017   1.1287762171582006E-014  -6.5672407992770080E-016  -1.5832256223610131E-016  -2.0021868465258172E-015   1.9305389133308155E-002  -9.0394191460675787E-016   4.6402381262634485E-016  -9.6526945666576946E-003   9.4641002899996199E-017  -9.6526945666503845E-003   8.2858384687366283E-015  -6.2192596728978293E-015
   6.2422537060757119E-018  -4.7199000905155633E-018  -9.5395677501206984E-018   1.7483250372123133E-017  -3.3375033724455458E-018   5.6952465610756832E-005  -1.1642665762971899E-017  -8.7781440579893866E-018  -8.9657131555475099E-018   1.3435077331851414E-018  -7.0865191781325439E-018  -2.4815821341888387E-018  -1.0131696295217712E-017  -8.5300142099278779E-018  -6.5984495248368927E-018   1.8720517018993267E-004  -1.4302774594980420E-017  -1.4190389287465026E-017  -1.0058202126807229E-017   9.4506760947443990E-018   3.0607306342311680E-018   2.3491238992664590E-019  -1.9853266854285146E-017   1.2111625825861913E-018   8.2453637785831324E-017  -2.1931327449364043E-016  -7.0067977610592108E-016   2.2014767463965668E-016   1.9305389133277014E-002  -1.0259927448612088E-015  -5.0339104527851946E-016  -4.6310270400086761E-016   2.6210037279293678E-016  -2.3742590637125461E-017   6.7970485203504350E-016
   1.5875944221866699E-017  -6.0465540323820907E-018  -3.5802172359334977E-017  -5.8044205170634833E-018  -1.6614839119246208E-017  -1.7300019703993857E-017   5.6952465610739688E-005   1.8110540485419962E-018  -1.8885887065658080E-017   1.7943852743322816E-017  -5.5648336685230575E-018  -6.6485734680764124E-018   2.0670459444843285E-017   2.0356073951945579E-017   2.5835538867020534E-018  -1.4302774594980420E-017   1.8720517018993473E-004  -3.4052246491951096E-018  -5.7933068132605209E-018   5.0656163957806818E-019   1.4657058416450433E-018   1.4162514201895822E-017   1.2411621595877704E-017  -1.7735591235265916E-017  -5.0394144716821421E-017   3.9765815718416916E-016  -1.0951241835503655E-015  -2.1185162219601017E-016  -4.2797943728667387E-016   1.9305389133277132E-002   3.5483374830785101E-016  -1.3234463604309631E-015  -1.4413842451933647E-016   3.6343537251585750E-019  -3.1708739661323245E-016
   1.8342666295860219E-017  -2.9869009737413105E-018  -3.9942603081167796E-017   5.0297220332285686E-017  -2.8476232805368357E-005   2.3566929862681182E-018  -4.9096709688028366E-018   5.6952465610743340E-005   8.6158655940795327E-018  -2.8476232805385307E-005   2.1091495251594647E-017  -1.3223078952741124E-017  -8.5011093969638746E-017   7.0990619109675358E-015  -9.3602585095286270E-005  -1.4190389287465026E-017  -3.4052246491951096E-018   1.8720517019042688E-004   1.7389037572789048E-017  -9.3602585095182864E-005   1.3562372347040730E-017  -9.3824564617150838E-018  -7.2395860499150415E-017   9.3934820601016599E-015   4.0777253272670162E-016  -1.8516535118759323E-015  -5.7441416622031185E-016  -9.6526945666521105E-003  -9.6542125998437048E-016  -6.8612220414351290E-016   1.9305389133302341E-002   2.5371789321018879E-016  -9.6526945666502596E-003   6.8612652633644409E-015  -6.6055734821332392E-015
  -4.0513187580924775E-019  -2.3335649482419171E-018   4.1578421553325908E-018   2.6123728288797091E-017   8.7890664609928211E-018   3.8842490778272979E-018   1.4024330834328578E-017   2.9019585553391675E-018   5.6952465610738915E-005  -1.0771319551706054E-017   2.4112711999451306E-018  -5.7607652537578512E-019  -1.4751018708711036E-017  -4.3252114937946950E-016  -7.4659971716748038E-018  -1.0058202126807229E-017  -5.7933068132605209E-018   1.7389037572789048E-017   1.8720517018991332E-004  -6.5663572435257381E-018  -6.7785184388662866E-018  -6.6357558432238557E-018  -2.2682410781628225E-017  -6.0261881834924716E-016   1.2684442277353131E-016   2.1703988602723369E-016   5.5042237573348781E-017  -8.5327579183381456E-016  -5.5970176252476203E-016   7.2481276334996403E-016   1.5334925352086150E-015   1.9305389133276039E-002  -6.5817872535276993E-016  -4.0702780662643795E-016   3.1831314447055770E-019
  -4.4740306213874116E-019  -3.6757816357362683E-018  -4.6399251131183606E-017   1.0687704296204620E-016  -2.8476232805405314E-005  -4.9590344388051557E-018  -4.7668082885524345E-018  -2.8476232805350382E-005  -1.1546868856611864E-017   5.6952465610758370E-005   7.7614060910959004E-018  -1.2386937726378657E-017  -7.4753257913294175E-017   1.2561658291918553E-014  -9.3602585095217328E-005   9.4506760947443990E-018   5.0656163957806818E-019  -9.3602585095182864E-005  -6.5663572435257381E-018   1.8720517019040655E-004   6.5782605559368679E-018  -5.4598971930104787E-018  -4.6363711468083556E-017   1.7147504459784644E-014  -5.3739562863941365E-016   1.1742482807999065E-015  -6.8189624274301391E-016  -9.6526945666523447E-003   7.0012433704974584E-016   1.8960333403507077E-016  -9.6526945666490019E-003  -2.2036699495791580E-018   1.9305389133301303E-002   1.2211174020051414E-014  -8.3492393678910215E-015
   4.1777008127478553E-002  -2.7785403141084380E-017  -1.9983276330192625E-017  -8.2222012836483926E-017   1.7344437888113175E-017  -4.2845433172086810E-018   8.1772712851941967E-018   6.6982120805213120E-018  -4.1594896069985061E-018   2.3250120545364835E-017   5.8999851226538773E-002   4.8597458109747718E-018  -4.3833770047935245E-017   5.3136047231880135E-016   6.0948806291849520E-018   3.0607306342311680E-018   1.4657058416450433E-018   1.3562372347040730E-017  -6.7785184388662866E-018   6.5782605559368679E-018   3.8878518264263584E-002  -5.3987514208425412E-018  -1.6645767886963664E-018   7.2550583866966407E-016  -1.2347749481848662E-003   1.0809973655351630E-016  -8.0069631524228134E-017  -4.5096398727607513E-016   3.8140473521116375E-016   1.2333623253479721E-016   3.4406691720837115E-017  -5.3617790160084091E-016   4.1788143552781365E-016   5.2706035575873693E-016  -1.3273666051730551E-015
  -3.5301415924857936E-017   4.1777008127478782E-002  -1.1149393112611888E-017  -6.9392654539225440E-017   8.2987002919655823E-019   1.4162112321887319E-018   5.1321065347330123E-018   1.4338515859689780E-018   7.3548799334785182E-018   5.2114271326059319E-019   1.3905797501755828E-017   5.8999851226538912E-002  -6.8214778082525392E-017   2.6236499521969192E-016  -5.7251628269705454E-018   2.3491238992664590E-019   1.4162514201895822E-017  -9.3824564617150838E-018  -6.6357558432238557E-018  -5.4598971930104787E-018  -5.3987514208425412E-018   3.8878518264263744E-002  -5.8104993073857012E-017   2.9215187811144232E-016  -4.4993211945181885E-017  -1.2347749481903814E-003  -4.4336920544627014E-016   1.1665034730340844E-016   2.3117232352102222E-016   1.5009137689966264E-015  -3.0885044383118409E-016  -3.9983873874379421E-016   1.6907495573565783E-016   1.8165738411406323E-016   1.2947740765232372E-015
   9.0935991154695531E-018  -3.4219277684521831E-017   4.1777008127478338E-002  -2.9637508050439922E-017  -2.4065842598556333E-017   1.6491563196140804E-017  -3.1313025625956999E-018  -2.3186492916131037E-017   3.0197164109787030E-017  -2.4663885146775235E-017  -3.2348137737847492E-017  -4.7936113810023581E-017   5.8999851226539009E-002   5.7885474877322728E-016  -3.1843798915523587E-017  -1.9853266854285146E-017   1.2411621595877704E-017  -7.2395860499150415E-017  -2.2682410781628225E-017  -4.6363711468083556E-017  -1.6645767886963664E-018  -5.8104993073857012E-017   3.8878518264263695E-002   4.6996969730501407E-016   4.9489209232379709E-017  -1.0223433085428697E-015  -1.2347749481885326E-003   1.6747988636397529E-015  -6.9709125628249370E-016   1.5416790555045470E-015  -2.3299035818558044E-015  -7.4685358164509994E-016   6.0683843528099314E-016   3.4063870748640959E-016   1.3634961026657223E-016
  -1.0738860522466462E-015   4.9494091347755401E-016   1.0612134262752202E-015   8.7524982121463431E-003  -4.0534944221609041E-015   3.3491424517115864E-016   2.2923118164545692E-016  -1.2419304738940042E-015   1.0058054827339267E-015  -7.5900140842540331E-015   1.6785292615516379E-015  -6.0011450881751168E-016  -9.1662953109028441E-016  0.66059254720077054        1.1287762171582006E-014   1.2111625825861913E-018  -1.7735591235265916E-017   9.3934820601016599E-015  -6.0261881834924716E-016   1.7147504459784644E-014   7.2550583866966407E-016   2.9215187811144232E-016   4.6996969730501407E-016  0.93156460563367083        1.0907562837850275E-015  -9.7531133068039556E-017   1.6146030875940428E-015   5.3995019472160885E-014  -6.2631843224258766E-016  -2.0235248953177836E-015   1.0532865194597390E-015  -3.2766610597921636E-015   2.8622515972704912E-015  0.66845602147230421        2.9607027905275911E-002
  -5.9500931907633607E-004   4.9740468796092771E-017  -3.0609589493640764E-016   1.0976713573216104E-015  -3.3295287846430144E-016  -5.1291528117610635E-017   1.3377143855997550E-016  -5.8543691045152620E-016  -2.4342852691294881E-016  -1.6406474153966882E-016  -4.9360253000624698E-003   8.9105478857370719E-017  -1.1584832120742499E-016  -9.4685403216438155E-017  -6.5672407992770080E-016   8.2453637785831324E-017  -5.0394144716821421E-017   4.0777253272670162E-016   1.2684442277353131E-016  -5.3739562863941365E-016  -1.2347749481848662E-003  -4.4993211945181885E-017   4.9489209232379709E-017   1.0907562837850275E-015   2.0004717157204572        5.0240233029212302E-018   3.5932192002087728E-017   3.6912073611711025E-016   1.2052890618180466E-016  -2.5002343598226006E-016  -4.9704974653287192E-017  -2.2362048424324457E-017   2.1879051538470523E-016   8.0568561664542588E-016  -5.8857489327362832E-016
   2.2937280281504601E-016  -5.9500931907995503E-004   7.2900959554354209E-016  -8.3378132299118195E-016  -7.6574993549204605E-016   7.9484064861160414E-017  -8.8514379304669898E-016   1.1726483407074287E-015   3.1523834427459563E-017  -1.5637633975181570E-015  -2.7444373423119322E-016  -4.9360253000571772E-003   2.9288787470150095E-016   1.9494665272505365E-015  -1.5832256223610131E-016  -2.1931327449364043E-016   3.9765815718416916E-016  -1.8516535118759323E-015   2.1703988602723369E-016   1.1742482807999065E-015   1.0809973655351630E-016  -1.2347749481903814E-003  -1.0223433085428697E-015  -9.7531133068039556E-017   5.0240233029212302E-018   2.0004717157204506       -2.7483915529530209E-016   1.6285114313271490E-016   3.9700217076868077E-017   3.3031926483639281E-016   2.1259878776413160E-016  -2.4840376392404556E-016  -1.3396159284211694E-016   2.0885365558757193E-015   2.2914469107845742E-015
  -6.0056331018840339E-016   2.1014181555632685E-015  -5.9500931907862915E-004  -1.4356421506440893E-016   1.7242507287855443E-016   5.7113595679332912E-016   2.0089859728414879E-015  -1.6568508179024050E-015  -8.8480183351743259E-018  -3.9280582487273714E-016   6.7887100875079166E-016  -1.3386713014683124E-015  -4.9360253000612937E-003   3.0071242117389073E-015  -2.0021868465258172E-015  -7.0067977610592108E-016  -1.0951241835503655E-015  -5.7441416622031185E-016   5.5042237573348781E-017  -6.8189624274301391E-016  -8.0069631524228134E-017  -4.4336920544627014E-016  -1.2347749481885326E-003   1.6146030875940428E-015   3.5932192002087728E-017  -2.7483915529530209E-016   2.0004717157204412       -1.4365080409040008E-015   3.2776326343930815E-016  -1.6324748312761425E-015   4.3817731858599148E-017  -5.5888886288451871E-016  -4.9853527289443536E-016   3.0069976409083830E-015   3.2788154691202875E-015
  -1.0292414741001940E-016  -8.5779855727850582E-016  -2.5044803744269383E-015   8.0491009853514434E-015   5.8731791947758431E-003   1.8663968652099440E-016   8.4248956840435052E-016  -2.9365895973881987E-003   3.8220917156631035E-016  -2.9365895973868556E-003  -4.8805369592989241E-016   6.0202751903019856E-016   6.3284772749858363E-016  -2.4167804204539226E-014   1.9305389133308155E-002   2.2014767463965668E-016  -2.1185162219601017E-016  -9.6526945666521105E-003  -8.5327579183381456E-016  -9.6526945666523447E-003  -4.5096398727607513E-016   1.1665034730340844E-016   1.6747988636397529E-015   5.3995019472160885E-014   3.6912073611711025E-016   1.6285114313271490E-016  -1.4365080409040008E-015   1.9908534000910150       -3.4385471900376329E-016  -1.4700155155644552E-015 -0.99542670004550171        1.1643043842414994E-015 -0.99542670004550537        5.1688178249428679E-014  -2.1985990521268342E-014
   7.1133431823758985E-016  -2.5606971716587583E-016   4.9373587865068060E-016   1.7115711908189894E-015  -4.1216633801306381E-016   5.8731791947825443E-003  -8.8212260396584482E-016  -7.5375026756436930E-016  -7.7930213311212054E-016   5.5047557856947540E-017  -6.1815575355174530E-016   2.3448628352694915E-017   8.9308138778040382E-016  -3.7580783840213860E-016  -9.0394191460675787E-016   1.9305389133277014E-002  -4.2797943728667387E-016  -9.6542125998437048E-016  -5.5970176252476203E-016   7.0012433704974584E-016   3.8140473521116375E-016   2.3117232352102222E-016  -6.9709125628249370E-016  -6.2631843224258766E-016   1.2052890618180466E-016   3.9700217076868077E-017   3.2776326343930815E-016  -3.4385471900376329E-016   1.9908534000910454        2.1646435186852002E-015  -5.6091199393536714E-016   1.4891923414903099E-015  -1.2755119751611682E-015  -2.3099993624019329E-015  -8.4255393890980176E-016
   1.6091167926972764E-015  -5.9499855186302841E-016  -3.3700973909658657E-015  -5.6168341352428566E-016  -1.6532785317110103E-015  -1.6474632336290774E-015   5.8731791947807472E-003   8.4860075230009812E-017  -1.5453332910827609E-015   1.8922355353690814E-015  -6.2364858396038373E-016  -5.6203043683901108E-016   2.3584378957421293E-015   1.4852289311540499E-015   4.6402381262634485E-016  -1.0259927448612088E-015   1.9305389133277132E-002  -6.8612220414351290E-016   7.2481276334996403E-016   1.8960333403507077E-016   1.2333623253479721E-016   1.5009137689966264E-015   1.5416790555045470E-015  -2.0235248953177836E-015  -2.5002343598226006E-016   3.3031926483639281E-016  -1.6324748312761425E-015  -1.4700155155644552E-015   2.1646435186852002E-015   1.9908534000910474        2.0493318413777978E-015  -1.2403654018060287E-016  -6.9854404819411276E-016  -4.1324614084224052E-016  -1.4048968291448327E-016
   4.1024845237249138E-016   4.6973569372834518E-016   1.4214510938264908E-015  -3.1111302981391821E-015  -2.9365895973860346E-003   5.3508288887916353E-016  -2.9152483823394758E-016   5.8731791947733520E-003   8.0948554503697350E-016  -2.9365895973883826E-003   1.6932038400209679E-016  -6.5665976891657532E-016  -1.0637991914880187E-015   3.6154777852520126E-014  -9.6526945666576946E-003  -5.0339104527851946E-016   3.5483374830785101E-016   1.9305389133302341E-002   1.5334925352086150E-015  -9.6526945666490019E-003   3.4406691720837115E-017  -3.0885044383118409E-016  -2.3299035818558044E-015   1.0532865194597390E-015  -4.9704974653287192E-017   2.1259878776413160E-016   4.3817731858599148E-017 -0.99542670004550171       -5.6091199393536714E-016   2.0493318413777978E-015   1.9908534000910127       -6.2085820967842709E-016 -0.99542670004551426        6.8431675629600901E-015  -4.4621203336432050E-014
   1.2842204125292305E-016   5.6753582028149980E-017   2.1374707377654027E-015   3.2466137447144176E-015   1.1693882230513002E-015   5.7522844720255641E-016   1.2253763129752864E-015  -1.6909593350001305E-016   5.8731791947810065E-003  -9.0544836621899111E-016   5.1584480202453493E-016   4.0691410473555335E-016   9.0459249834340207E-016  -2.8531276358943745E-015   9.4641002899996199E-017  -4.6310270400086761E-016  -1.3234463604309631E-015   2.5371789321018879E-016   1.9305389133276039E-002  -2.2036699495791580E-018  -5.3617790160084091E-016  -3.9983873874379421E-016  -7.4685358164509994E-016  -3.2766610597921636E-015  -2.2362048424324457E-017  -2.4840376392404556E-016  -5.5888886288451871E-016   1.1643043842414994E-015   1.4891923414903099E-015  -1.2403654018060287E-016  -6.2085820967842709E-016   1.9908534000910498        1.7292186353224102E-015   2.7077245849294116E-016   1.5099224952740511E-015
  -3.0570453889646183E-016   3.6330176156506373E-016   1.0304721960593169E-015  -4.5542366860569366E-015  -2.9365895973897851E-003  -7.2815466732326336E-016  -5.5131646742598197E-016  -2.9365895973851633E-003  -1.1849902178709716E-015   5.8731791947752238E-003   3.1991881829322764E-016   1.9170299087316098E-017   3.6060264575680239E-016   3.1050065037627408E-014  -9.6526945666503845E-003   2.6210037279293678E-016  -1.4413842451933647E-016  -9.6526945666502596E-003  -6.5817872535276993E-016   1.9305389133301303E-002   4.1788143552781365E-016   1.6907495573565783E-016   6.0683843528099314E-016   2.8622515972704912E-015   2.1879051538470523E-016  -1.3396159284211694E-016  -4.9853527289443536E-016 -0.99542670004550537       -1.2755119751611682E-015  -6.9854404819411276E-016 -0.99542670004551426        1.7292186353224102E-015   1.9908534000910150       -1.5688382182621162E-014  -6.6421314193349845E-014
  -7.7838380946806541E-016   3.4602939045894782E-016   7.6635783313595953E-016   6.2580103793988123E-003  -2.8187064090878100E-015   2.3100007761958845E-016   1.7911590499921924E-016  -8.2550285930487853E-016   7.2721651417215837E-016  -5.4717829142360058E-015   1.1896178740667144E-015  -4.4971959430292347E-016  -6.6248789111004023E-016  0.47429263721407627        8.2858384687366283E-015  -2.3742590637125461E-017   3.6343537251585750E-019   6.8612652633644409E-015  -4.0702780662643795E-016   1.2211174020051414E-014   5.2706035575873693E-016   1.8165738411406323E-016   3.4063870748640959E-016  0.66845602147230421        8.0568561664542588E-016   2.0885365558757193E-015   3.0069976409083830E-015   5.1688178249428679E-014  -2.3099993624019329E-015  -4.1324614084224052E-016   6.8431675629600901E-015   2.7077245849294116E-016  -1.5688382182621162E-014  0.47983954471507245        2.3589959036470691E-003
   5.9262785350850231E-017  -7.1170834903132080E-016   1.0942771698916792E-016   2.6286530597990896E-003  -5.6150497297570360E-015   4.0942494412362252E-016  -1.2033239364038879E-015  -5.1642008791732900E-015   2.7192889368771802E-016  -3.2498583594265425E-015   5.8063517797474634E-016  -8.6277946876535645E-016   8.9205365912783213E-016  -7.9004187771440394E-003  -6.2192596728978293E-015   6.7970485203504350E-016  -3.1708739661323245E-016  -6.6055734821332392E-015   3.1831314447055770E-019  -8.3492393678910215E-015  -1.3273666051730551E-015   1.2947740765232372E-015   1.3634961026657223E-016   2.9607027905275911E-002  -5.8857489327362832E-016   2.2914469107845742E-015   3.2788154691202875E-015  -2.1985990521268342E-014  -8.4255393890980176E-016  -1.4048968291448327E-016  -4.4621203336432050E-014   1.5099224952740511E-015  -6.6421314193349845E-014   2.3589959036470691E-003   1.9777429411804637     
