   2.7833195553306791E-002   8.7987433023321029E-002  -4.1784210717188722E-018   1.6985722846383735E-017   5.5853330442977799E-018   7.4721190900689155E-002  -7.5926431180656738E-021  -5.9353186441113317E-018  -1.8642852655880406E-018
   8.7987433023321029E-002  0.27814946204097002       -1.3208995118327984E-017   5.3695959863341006E-017   1.7656582630150280E-017  0.23621167634903742       -2.4002173108053796E-020  -1.8762971383239864E-017  -5.8934546206931510E-018
  -4.1784210717188722E-018  -1.3208995118327984E-017   6.2727984715754309E-034  -2.5499588117281159E-033  -8.3849061600434339E-034  -1.1217418350882616E-017   1.1398353427943956E-036   8.9103173375915948E-034   2.7987331970232937E-034
   1.6985722846383735E-017   5.3695959863341006E-017  -2.5499588117281159E-033   1.0365851813946124E-032   3.4085528883484404E-033   4.5599990017676807E-017  -4.6335510210448747E-036  -3.6221380797172435E-033  -1.1377145957684750E-033
   5.5853330442977799E-018   1.7656582630150280E-017  -8.3849061600434339E-034   3.4085528883484404E-033   1.1208179512114411E-033   1.4994424044756093E-017  -1.5236281590330731E-036  -1.1910501360830329E-033  -3.7410918476621867E-034
   7.4721190900689155E-002  0.23621167634903742       -1.1217418350882616E-017   4.5599990017676807E-017   1.4994424044756093E-017  0.20059703022328310       -2.0383262668464443E-020  -1.5933997826935540E-017  -5.0048732261644990E-018
  -7.5926431180656738E-021  -2.4002173108053796E-020   1.1398353427943956E-036  -4.6335510210448747E-036  -1.5236281590330731E-036  -2.0383262668464443E-020   2.0712041277438226E-039   1.6191010540068856E-036   5.0856009920846366E-037
  -5.9353186441113317E-018  -1.8762971383239864E-017   8.9103173375915948E-034  -3.6221380797172435E-033  -1.1910501360830329E-033  -1.5933997826935540E-017   1.6191010540068856E-036   1.2656831781915257E-033   3.9755144441084934E-034
  -1.8642852655880406E-018  -5.8934546206931510E-018   2.7987331970232937E-034  -1.1377145957684750E-033  -3.7410918476621867E-034  -5.0048732261644990E-018   5.0856009920846366E-037   3.9755144441084934E-034   1.2487102118160301E-034
