   4.8660254092177687E-004   1.5492382588831232E-017   9.8630607490879266E-017   2.8099423291462010E-017   1.2713196578619468E-002  -3.8261913242634874E-016   1.5050644683724333E-015  -5.4623965780194102E-018  -1.0835011544198972E-017   9.6998492685394277E-018   3.2893294552070104E-018  -1.7912623888016922E-017  -4.1069810222155254E-019   9.9065831579337528E-016   2.1118326165932084E-002  -5.7039940851169663E-016   2.5367476335128557E-015   6.2794456938084488E-018   8.9202781938665042E-018   1.4597775635688565E-017   9.1449186973956297E-018  -7.7879204897953970E-018  -1.3438132156653159E-017  -1.7785351102726826E-003   6.4957308215759725E-016   8.8301744795250478E-016   1.4014451235628333E-015   6.9461412372667043E-016  -1.2755162419568530E-015   2.6037794655795453E-015   5.9116850614903357E-016  -2.2607516886231387E-015  -1.2885271567190547E-015   1.3362748029779543E-015  -7.1845007776567155E-016
   1.5492382588831232E-017   4.8660254092168932E-004  -9.7161138927733211E-017   3.3422272019683161E-017   8.0046714181352258E-016   1.2713196578618167E-002  -1.0871746699221322E-015  -7.2029564072957933E-018   2.9864219239257805E-018  -1.1769612175744595E-018  -5.6327556874552203E-018  -4.5453411549506423E-019   2.3124194657065712E-018   4.9243075350870082E-016   1.3204559157933074E-015   2.1118326165930307E-002  -1.8324308090417805E-015   2.5177097908459099E-018   1.0367856543035661E-018  -6.3178354354865340E-019  -2.7475951865942654E-018   2.4142478134095361E-020  -8.1613129384049885E-019   6.0542619646121283E-016  -1.7785351102729548E-003  -2.5231642396645473E-016   7.0715939733237361E-016  -1.9918407644629930E-016   7.1692804301791110E-016   1.4104428953217934E-016  -2.3754307134766670E-016  -1.9002139091794222E-016   4.4301767044421051E-016   6.5078330890436114E-016   1.2511659240230758E-015
   9.8630607490879266E-017  -9.7161138927733211E-017   4.8660254092204738E-004   6.5333070445178809E-018   1.0716351681635660E-015  -1.4327534878586341E-015   1.2713196578622799E-002   1.2533469800355419E-017   6.2622554297297423E-018  -1.2177443507362883E-018  -4.0736905964521054E-019   1.0183778225326326E-017  -1.2310813343600161E-017   4.5713002670309113E-016   1.7714372720425975E-015  -2.3519760514804489E-015   2.1118326165938200E-002  -7.7002948390192920E-018  -7.3421089552474022E-018  -5.3935149418666939E-018  -1.5372339461466049E-018   3.8105091271438368E-018   2.0848756319013001E-018   9.2785937218014744E-016   6.7947828169686620E-016  -1.7785351102713330E-003   5.9822225886747566E-016  -3.6463993623652100E-017  -8.7066493144412128E-018  -6.9258733476426634E-016   2.8560862517392674E-016   8.7842565718491490E-016  -2.5933885533903269E-016   5.8052502653559762E-016  -7.0576238827017212E-016
   2.8099423291462010E-017   3.3422272019683161E-017   6.5333070445178809E-018   1.5967528658545450E-004   3.1545550989140533E-016   5.7132881771389468E-016  -1.7068966992435566E-016  -8.6446268484814396E-017  -9.6287927282278635E-018   4.8341308719989872E-018  -1.6556474705665396E-016  -2.5596796877726414E-017  -8.1599600520877887E-017   9.2013669827180275E-003   5.7953245090151253E-016   9.5689294281631441E-016  -1.8098938649565752E-016   4.9047623858847255E-017   1.4165114971006923E-017  -5.5933702825492477E-018   9.5027446566223230E-017   2.2103119426260099E-017  -7.2619348197075833E-017   6.2647745150327971E-016  -1.2142258183725604E-015  -4.9735149242622783E-015   1.2978728377734578E-002   1.6674087513428241E-015  -2.3414634800049042E-016  -1.6081243754404850E-018   1.8013802716417221E-015   2.5760597643740171E-015  -3.4297206503363055E-015   1.2193642249870932E-002   3.0505423119355254E-003
   1.2713196578619468E-002   8.0046714181352258E-016   1.0716351681635660E-015   3.1545550989140533E-016  0.33359814241509778       -5.9663202906113958E-016  -1.6000384610997953E-015  -2.1363474914199402E-016  -1.4089551160431486E-016  -5.1095909088124265E-017   3.3612742319525072E-017  -2.3634593295643012E-016   1.2959999699078787E-016  -2.1057988124332082E-015  0.55384741322984643        8.3779763889726934E-016  -1.4853569763051411E-015   8.2605476907972439E-017   3.6662675380640074E-016   1.1571076726394427E-016   1.8314375470879547E-016   6.3098742516763205E-017  -2.0780570518774811E-016   7.2309204979101290E-003  -4.9725689962932994E-017  -8.1338879858935953E-016  -1.6672135255511993E-015  -1.8649318731273592E-015  -8.5036325365489915E-016  -2.7282972580956419E-015   1.3350121144281103E-015   5.1332086058095140E-015   4.6160545556619579E-016  -1.7997653287117264E-015   5.8690893973486365E-016
  -3.8261913242634874E-016   1.2713196578618167E-002  -1.4327534878586341E-015   5.7132881771389468E-016  -5.9663202906113958E-016  0.33359814241509028        3.4775428901162956E-016  -1.5615229630890665E-016  -4.7513615439601420E-017  -4.9989360552029107E-017  -8.7839477780314496E-017   3.0438898649824084E-017  -7.1974483476974817E-019   7.1155899525028432E-017  -1.1113892034841987E-015  0.55384741322984388        4.2623075435523503E-017   9.6702895272795664E-017  -2.9945236346463076E-017  -1.1897952683077080E-017  -4.8390250068601588E-017   6.6421849844431911E-018  -4.1971181357670815E-017  -4.1600910885055106E-016   7.2309204979137520E-003  -6.2492765223326829E-016  -7.7760297708663749E-016  -3.9920054730114242E-016   3.0564903088880472E-016  -1.0118517035661190E-016   6.9090469623137843E-016   8.2915667295108803E-017  -1.6675949986204308E-016  -3.9568889352941169E-016  -7.3240326926754889E-016
   1.5050644683724333E-015  -1.0871746699221322E-015   1.2713196578622799E-002  -1.7068966992435566E-016  -1.6000384610997953E-015   3.4775428901162956E-016  0.33359814241508462        4.1254432729626637E-016   1.6434837640423128E-016   1.5499269586413735E-017  -3.9166775974735731E-017   1.6966192581915272E-016  -2.5770445307243052E-016  -2.3654973153819988E-015  -2.6796869844608606E-015   1.4632855557985621E-015  0.55384741322984010       -1.7230525492918211E-016  -2.0322764976003394E-016  -5.9931712545153616E-017  -2.0526303363097152E-017  -9.5161298497332779E-018   1.1585765345185525E-016  -1.4436253570598162E-015  -2.6307812313024499E-015   7.2309204979124275E-003  -3.8762849170068857E-015   1.2014529356753682E-015  -1.0991485508674715E-015   3.9563999209070544E-016  -1.7787089535147002E-015  -1.7277622399009085E-015   3.6087570559838289E-016  -3.5861195855803556E-015   1.8905334149906640E-015
  -5.4623965780194102E-018  -7.2029564072957933E-018   1.2533469800355419E-017  -8.6446268484814396E-017  -2.1363474914199402E-016  -1.5615229630890665E-016   4.1254432729626637E-016   3.0353305966837995E-005   1.3864741954686693E-018   3.7815659785096991E-018  -1.5176652983422682E-005  -1.7243739989265464E-018  -1.5176652983425987E-005  -4.7137977919205195E-015  -3.4018623324471413E-016  -2.5627420661314172E-016   6.5373573012305681E-016   3.2418121246723768E-005  -7.8545730967912693E-018  -1.6518765296392169E-018  -1.6209060623361949E-005   2.2743045564769542E-018  -1.6209060623365343E-005   2.9697350394132538E-016   5.1628391799224315E-016   2.7873282532611575E-015  -7.0195748546385855E-015   7.7803032880405642E-003  -4.4272234351866713E-016  -8.8828093715649093E-017  -3.8901516440191892E-003  -1.9952046361028184E-016  -3.8901516440211195E-003  -6.0131272357280126E-015  -7.5735991393642901E-015
  -1.0835011544198972E-017   2.9864219239257805E-018   6.2622554297297423E-018  -9.6287927282278635E-018  -1.4089551160431486E-016  -4.7513615439601420E-017   1.6434837640423128E-016   1.3864741954686693E-018   3.0353305966868136E-005   1.1971993868582355E-018   1.2461352885089089E-018   2.3784288112227917E-018  -1.9802800541218669E-018  -5.2198828038774884E-016  -2.2774675229335852E-016  -7.4192653851010662E-017   2.8694654213888180E-016   5.8086311095873270E-018   3.2418121246712757E-005   5.2564329398046206E-019   2.5570487968232747E-018   6.8829409257261044E-019  -5.8666808355180337E-018   5.9799720309624313E-016  -1.9896804508640109E-015   1.3341865128190018E-016  -7.4955196989801652E-016   7.9554735650081286E-016   7.7803032880443979E-003  -3.8940846854446878E-016   4.9996225590804125E-016   2.6916568305550252E-016  -1.2980257932618455E-015  -7.0557602673739973E-016   5.8560834746728324E-017
   9.6998492685394277E-018  -1.1769612175744595E-018  -1.2177443507362883E-018   4.8341308719989872E-018  -5.1095909088124265E-017  -4.9989360552029107E-017   1.5499269586413735E-017   3.7815659785096991E-018   1.1971993868582355E-018   3.0353305966865853E-005  -1.1263007439403389E-017   3.8672761588279486E-019   3.0560648883942529E-018   3.2101957476885223E-016  -5.3949473625985127E-017  -8.1579720386349719E-017   2.7954084941468968E-017   4.3591550775890471E-018   4.6910392746911996E-018   3.2418121246720319E-005  -1.1769994501840134E-017   1.1830626633948134E-017   5.7602638946182572E-018  -1.0547556988170187E-015  -1.5899262760379335E-016  -9.2193327109401397E-016   4.3278973996525913E-016   1.0555111151540839E-015   6.9245589300661383E-016   7.7803032880440917E-003  -2.2234144232744101E-015   7.6286751845037462E-016   1.1679027919596246E-015   4.1812774852316986E-016  -2.8214675518474812E-016
   3.2893294552070104E-018  -5.6327556874552203E-018  -4.0736905964521054E-019  -1.6556474705665396E-016   3.3612742319525072E-017  -8.7839477780314496E-017  -3.9166775974735731E-017  -1.5176652983422682E-005   1.2461352885089089E-018  -1.1263007439403389E-017   3.0353305966852585E-005   1.8096829967157678E-018  -1.5176652983423809E-005  -9.7931483675004529E-015   4.5091522463982940E-017  -1.5813593278864409E-016  -5.2995034927187496E-017  -1.6209060623372509E-005   4.1044908788363791E-019   4.8015611510869413E-018   3.2418121246726987E-005   3.7313534269813903E-018  -1.6209060623350087E-005   9.7569298924663657E-017   1.2169218051885298E-015   2.9353200819145063E-016  -1.3733874406445036E-014  -3.8901516440221968E-003  -1.7594316917462060E-016  -6.7222652276468888E-016   7.7803032880422894E-003   1.0995316159463109E-015  -3.8901516440202253E-003  -1.3051817741604080E-014  -5.3875244999224554E-015
  -1.7912623888016922E-017  -4.5453411549506423E-019   1.0183778225326326E-017  -2.5596796877726414E-017  -2.3634593295643012E-016   3.0438898649824084E-017   1.6966192581915272E-016  -1.7243739989265464E-018   2.3784288112227917E-018   3.8672761588279486E-019   1.8096829967157678E-018   3.0353305966891280E-005   1.0310558181438248E-018  -2.2318735807401936E-015  -4.3342907029646147E-016   4.5879476839303583E-017   2.9465900919385971E-016   6.7353905149954609E-020   1.1616448893803092E-018  -2.5474623422141421E-018  -2.4126416217616032E-018   3.2418121246722454E-005   2.1864863063794560E-018  -6.6649191218724087E-016   8.3696252859296209E-016  -3.1445270648123324E-017  -2.9757128312831050E-015  -2.5039720641958887E-016   3.4289778353161240E-016  -6.6925534294396136E-016  -6.3195937054558610E-016   7.7803032880473608E-003   8.8087371344210392E-016  -2.8656227182323794E-015   7.4921418132044226E-016
  -4.1069810222155254E-019   2.3124194657065712E-018  -1.2310813343600161E-017  -8.1599600520877887E-017   1.2959999699078787E-016  -7.1974483476974817E-019  -2.5770445307243052E-016  -1.5176652983425987E-005  -1.9802800541218669E-018   3.0560648883942529E-018  -1.5176652983423809E-005   1.0310558181438248E-018   3.0353305966854377E-005  -3.2801613151525734E-015   2.0775060247617570E-016   1.5659654430785067E-018  -4.3389012991553914E-016  -1.6209060623362657E-005   8.1408297786457793E-018  -7.8761027728171090E-018  -1.6209060623358533E-005  -4.8133515767415305E-018   3.2418121246720326E-005   2.4863061205733819E-016  -5.7346625065919082E-016   1.3900819006026177E-015  -4.8873061044635005E-015  -3.8901516440211031E-003   7.8587382003541324E-016  -3.7327889658593664E-016  -3.8901516440215385E-003  -6.1385917643526579E-016   7.7803032880425201E-003  -4.6384520832885859E-015  -7.7961461019233661E-015
   9.9065831579337528E-016   4.9243075350870082E-016   4.5713002670309113E-016   9.2013669827180275E-003  -2.1057988124332082E-015   7.1155899525028432E-017  -2.3654973153819988E-015  -4.7137977919205195E-015  -5.2198828038774884E-016   3.2101957476885223E-016  -9.7931483675004529E-015  -2.2318735807401936E-015  -3.2801613151525734E-015  0.54899765232551501        2.2237282510864566E-016   9.1723978062740497E-017   8.9566213974397741E-016   3.4288563268800470E-015   1.0077487561977446E-015  -3.8598727450324471E-016   5.8179109883200550E-015   6.9111628255350031E-016  -2.8939762187554603E-015  -1.8581807538810612E-015   1.1800644272209431E-015   2.0754241436327800E-015  0.76717149402575346        7.6590030821937814E-015   7.0652276019478227E-016   1.2127345399772596E-015  -1.5588970246725032E-014  -8.8298921134268473E-015   1.1896120029726971E-015  0.72580870196290870       -1.1985928859454143E-002
   2.1118326165932084E-002   1.3204559157933074E-015   1.7714372720425975E-015   5.7953245090151253E-016  0.55384741322984643       -1.1113892034841987E-015  -2.6796869844608606E-015  -3.4018623324471413E-016  -2.2774675229335852E-016  -5.3949473625985127E-017   4.5091522463982940E-017  -4.3342907029646147E-016   2.0775060247617570E-016   2.2237282510864566E-016  0.91957390904029412        1.1814337421429054E-015  -2.5215832026581619E-015   1.5410617236456738E-016   6.1958333819813972E-016   2.1273920831277446E-016   2.9272975621369847E-016   5.7188078494983603E-017  -3.5185418038009441E-016   7.3804030699360906E-004   3.9160364411051370E-016   3.9010949418744056E-017   2.3382755379389847E-015   1.0524296278931774E-015   1.0358951419189203E-015   1.8629136948042511E-015  -3.8977071761480642E-016  -2.9502378790514153E-015  -7.7684993891796151E-016   1.8878168385698435E-015  -8.0996921507179312E-016
  -5.7039940851169663E-016   2.1118326165930307E-002  -2.3519760514804489E-015   9.5689294281631441E-016   8.3779763889726934E-016  0.55384741322984388        1.4632855557985621E-015  -2.5627420661314172E-016  -7.4192653851010662E-017  -8.1579720386349719E-017  -1.5813593278864409E-016   4.5879476839303583E-017   1.5659654430785067E-018   9.1723978062740497E-017   1.1814337421429054E-015  0.91957390904030645        1.4827681486869629E-015   1.6465498813101542E-016  -6.0862358155946384E-017  -2.3486980262631500E-017  -8.5046464783837905E-017   1.4257193424093043E-017  -7.6143333323019995E-017   4.4382873708006078E-016   7.3804030699279970E-004   1.3893826611256316E-015  -1.2629785691283775E-015   8.5072239979799541E-016  -1.1663160164078244E-015  -3.4491934255651629E-017  -2.4083796397242915E-016   1.5460413809821818E-016  -3.9406190887042986E-016  -6.4408227090716321E-016  -1.4298600055184475E-016
   2.5367476335128557E-015  -1.8324308090417805E-015   2.1118326165938200E-002  -1.8098938649565752E-016  -1.4853569763051411E-015   4.2623075435523503E-017  0.55384741322984010        6.5373573012305681E-016   2.8694654213888180E-016   2.7954084941468968E-017  -5.2995034927187496E-017   2.9465900919385971E-016  -4.3389012991553914E-016   8.9566213974397741E-016  -2.5215832026581619E-015   1.4827681486869629E-015  0.91957390904030945       -3.0690775164789553E-016  -3.2013844107449580E-016  -1.0358917470441737E-016  -3.1728097241908178E-017  -8.2458935311084208E-019   1.8769916807460323E-016  -7.5348662855953541E-016   3.6506412051071789E-015   7.3804030699306370E-004   2.0870752634844360E-016  -1.9660277460038422E-015   1.9705121500056208E-015  -1.1267941269049154E-016   5.4325042977019607E-016   4.1113754384476227E-016   1.0528520952937211E-015   3.8951675929377396E-016  -9.5486817210558730E-016
   6.2794456938084488E-018   2.5177097908459099E-018  -7.7002948390192920E-018   4.9047623858847255E-017   8.2605476907972439E-017   9.6702895272795664E-017  -1.7230525492918211E-016   3.2418121246723768E-005   5.8086311095873270E-018   4.3591550775890471E-018  -1.6209060623372509E-005   6.7353905149954609E-020  -1.6209060623362657E-005   3.4288563268800470E-015   1.5410617236456738E-016   1.6465498813101542E-016  -3.0690775164789553E-016   3.4623397738469219E-005  -3.7666428130769089E-018  -1.4221108293889214E-018  -1.7311698869241826E-005   4.4679099927947552E-018  -1.7311698869231157E-005   6.1149470273283162E-017   3.9201231814687355E-016   7.5388257275301803E-016   4.3191151029266534E-015   8.3095665297066648E-003   6.3649358423438472E-016  -1.2758473472688793E-017  -4.1547832648538797E-003   2.7623848757439097E-016  -4.1547832648525119E-003   4.7643440269357200E-015  -8.5555119425008552E-015
   8.9202781938665042E-018   1.0367856543035661E-018  -7.3421089552474022E-018   1.4165114971006923E-017   3.6662675380640074E-016  -2.9945236346463076E-017  -2.0322764976003394E-016  -7.8545730967912693E-018   3.2418121246712757E-005   4.6910392746911996E-018   4.1044908788363791E-019   1.1616448893803092E-018   8.1408297786457793E-018   1.0077487561977446E-015   6.1958333819813972E-016  -6.0862358155946384E-017  -3.2013844107449580E-016  -3.7666428130769089E-018   3.4623397738411322E-005   4.2059317598332417E-018   1.7479231072128046E-018  -7.3724250531991527E-019   4.6877154044897685E-018  -1.1458098776132297E-016   7.4106251053064464E-016  -2.5854076353958227E-016   1.3472603664158159E-015  -1.5432196101119803E-015   8.3095665296996843E-003   4.5878401387506216E-016   2.9803705252555603E-016  -6.5887940109840608E-017   1.2424950543936863E-015   1.3063354389371031E-015  -1.0351123184425797E-015
   1.4597775635688565E-017  -6.3178354354865340E-019  -5.3935149418666939E-018  -5.5933702825492477E-018   1.1571076726394427E-016  -1.1897952683077080E-017  -5.9931712545153616E-017  -1.6518765296392169E-018   5.2564329398046206E-019   3.2418121246720319E-005   4.8015611510869413E-018  -2.5474623422141421E-018  -7.8761027728171090E-018  -3.8598727450324471E-016   2.1273920831277446E-016  -2.3486980262631500E-017  -1.0358917470441737E-016  -1.4221108293889214E-018   4.2059317598332417E-018   3.4623397738430072E-005   5.4050152573291503E-018   9.4735291563632564E-018  -5.7457613505284617E-018   1.0674260271340443E-015   7.6116665808179380E-016   1.5988651004202349E-016  -5.2398504188180438E-016  -3.3135064658284471E-016   5.4654922682569868E-016   8.3095665297019221E-003   1.9394723033936200E-015   5.5913491881206023E-017  -1.6081221729714783E-015  -5.0928687289906640E-016   5.8397393242838689E-016
   9.1449186973956297E-018  -2.7475951865942654E-018  -1.5372339461466049E-018   9.5027446566223230E-017   1.8314375470879547E-016  -4.8390250068601588E-017  -2.0526303363097152E-017  -1.6209060623361949E-005   2.5570487968232747E-018  -1.1769994501840134E-017   3.2418121246726987E-005  -2.4126416217616032E-018  -1.6209060623358533E-005   5.8179109883200550E-015   2.9272975621369847E-016  -8.5046464783837905E-017  -3.1728097241908178E-017  -1.7311698869241826E-005   1.7479231072128046E-018   5.4050152573291503E-018   3.4623397738459461E-005  -6.5584958740078985E-019  -1.7311698869212946E-005   8.7508993701914182E-017  -1.9487578189565491E-016   2.1761430202404927E-015   8.0565971275460428E-015  -4.1547832648543854E-003   1.2637898332646665E-016  -6.5151842008890144E-016   8.3095665297053395E-003   6.0487152158982597E-017  -4.1547832648510963E-003   7.5747829365244822E-015  -6.6793590161846497E-015
  -7.7879204897953970E-018   2.4142478134095361E-020   3.8105091271438368E-018   2.2103119426260099E-017   6.3098742516763205E-017   6.6421849844431911E-018  -9.5161298497332779E-018   2.2743045564769542E-018   6.8829409257261044E-019   1.1830626633948134E-017   3.7313534269813903E-018   3.2418121246722454E-005  -4.8133515767415305E-018   6.9111628255350031E-016   5.7188078494983603E-017   1.4257193424093043E-017  -8.2458935311084208E-019   4.4679099927947552E-018  -7.3724250531991527E-019   9.4735291563632564E-018  -6.5584958740078985E-019   3.4623397738405644E-005  -3.9816640706203960E-018  -4.2342086600176596E-017  -5.6151148563246929E-016  -2.3439608863231062E-016   1.0723161010337708E-015   7.8759685710370684E-016  -1.0847146274185799E-016   2.2118289713196579E-015  -2.1393225275182989E-016   8.3095665296990008E-003  -5.7524845008412276E-016   9.9346088455017713E-016  -5.1428324002678671E-016
  -1.3438132156653159E-017  -8.1613129384049885E-019   2.0848756319013001E-018  -7.2619348197075833E-017  -2.0780570518774811E-016  -4.1971181357670815E-017   1.1585765345185525E-016  -1.6209060623365343E-005  -5.8666808355180337E-018   5.7602638946182572E-018  -1.6209060623350087E-005   2.1864863063794560E-018   3.2418121246720326E-005  -2.8939762187554603E-015  -3.5185418038009441E-016  -7.6143333323019995E-017   1.8769916807460323E-016  -1.7311698869231157E-005   4.6877154044897685E-018  -5.7457613505284617E-018  -1.7311698869212946E-005  -3.9816640706203960E-018   3.4623397738443177E-005   6.8536805738513531E-017   1.0557812906733537E-015   1.1731661074787885E-015  -4.2727874019498538E-015  -4.1547832648531824E-003  -1.2231746034437917E-016   2.4119374346140726E-016  -4.1547832648503339E-003  -3.7743046975820246E-016   8.3095665297033862E-003  -4.1255826609367477E-015  -5.7668452558904262E-015
  -1.7785351102726826E-003   6.0542619646121283E-016   9.2785937218014744E-016   6.2647745150327971E-016   7.2309204979101290E-003  -4.1600910885055106E-016  -1.4436253570598162E-015   2.9697350394132538E-016   5.9799720309624313E-016  -1.0547556988170187E-015   9.7569298924663657E-017  -6.6649191218724087E-016   2.4863061205733819E-016  -1.8581807538810612E-015   7.3804030699360906E-004   4.4382873708006078E-016  -7.5348662855953541E-016   6.1149470273283162E-017  -1.1458098776132297E-016   1.0674260271340443E-015   8.7508993701914182E-017  -4.2342086600176596E-017   6.8536805738513531E-017   1.9985769782608922        1.1530172116246366E-016  -2.2939176870951511E-016   2.2029927252375176E-015   4.3725331529788537E-016   4.7085174301306412E-016   1.9274510067828663E-017   4.5790790363762308E-017  -4.8248408568430189E-016  -3.4723449075223686E-016   2.0219653917334509E-015   7.6694000996171697E-016
   6.4957308215759725E-016  -1.7785351102729548E-003   6.7947828169686620E-016  -1.2142258183725604E-015  -4.9725689962932994E-017   7.2309204979137520E-003  -2.6307812313024499E-015   5.1628391799224315E-016  -1.9896804508640109E-015  -1.5899262760379335E-016   1.2169218051885298E-015   8.3696252859296209E-016  -5.7346625065919082E-016   1.1800644272209431E-015   3.9160364411051370E-016   7.3804030699279970E-004   3.6506412051071789E-015   3.9201231814687355E-016   7.4106251053064464E-016   7.6116665808179380E-016  -1.9487578189565491E-016  -5.6151148563246929E-016   1.0557812906733537E-015   1.1530172116246366E-016   1.9985769782608951       -4.5583766306031618E-017  -2.9212015451335572E-015  -6.5053629524953403E-017   3.9691424375201376E-016   1.2006169789536571E-016  -7.3828325138931071E-016  -3.1678364939658858E-016  -6.8147701079239237E-016  -5.2572085066432410E-015  -2.6544905910592475E-015
   8.8301744795250478E-016  -2.5231642396645473E-016  -1.7785351102713330E-003  -4.9735149242622783E-015  -8.1338879858935953E-016  -6.2492765223326829E-016   7.2309204979124275E-003   2.7873282532611575E-015   1.3341865128190018E-016  -9.2193327109401397E-016   2.9353200819145063E-016  -3.1445270648123324E-017   1.3900819006026177E-015   2.0754241436327800E-015   3.9010949418744056E-017   1.3893826611256316E-015   7.3804030699306370E-004   7.5388257275301803E-016  -2.5854076353958227E-016   1.5988651004202349E-016   2.1761430202404927E-015  -2.3439608863231062E-016   1.1731661074787885E-015  -2.2939176870951511E-016  -4.5583766306031618E-017   1.9985769782608884       -6.3255964743812663E-015  -2.8741319711820927E-015   7.4330128508944749E-016   1.1151492920473186E-015   2.2398896315943970E-015  -5.1189000557252775E-016   2.5248631193471904E-015   2.3233906871772766E-015   3.6037015540258604E-015
   1.4014451235628333E-015   7.0715939733237361E-016   5.9822225886747566E-016   1.2978728377734578E-002  -1.6672135255511993E-015  -7.7760297708663749E-016  -3.8762849170068857E-015  -7.0195748546385855E-015  -7.4955196989801652E-016   4.3278973996525913E-016  -1.3733874406445036E-014  -2.9757128312831050E-015  -4.8873061044635005E-015  0.76717149402575346        2.3382755379389847E-015  -1.2629785691283775E-015   2.0870752634844360E-016   4.3191151029266534E-015   1.3472603664158159E-015  -5.2398504188180438E-016   8.0565971275460428E-015   1.0723161010337708E-015  -4.2727874019498538E-015   2.2029927252375176E-015  -2.9212015451335572E-015  -6.3255964743812663E-015   1.0747179609231405       -2.3932515568249015E-014  -4.6218803541917402E-015   2.5524642621791531E-016   1.9401261574214335E-014   1.7640406599877617E-014  -1.5252086346624090E-015   1.0148864199855732        5.5160448913637736E-002
   6.9461412372667043E-016  -1.9918407644629930E-016  -3.6463993623652100E-017   1.6674087513428241E-015  -1.8649318731273592E-015  -3.9920054730114242E-016   1.2014529356753682E-015   7.7803032880405642E-003   7.9554735650081286E-016   1.0555111151540839E-015  -3.8901516440221968E-003  -2.5039720641958887E-016  -3.8901516440211031E-003   7.6590030821937814E-015   1.0524296278931774E-015   8.5072239979799541E-016  -1.9660277460038422E-015   8.3095665297066648E-003  -1.5432196101119803E-015  -3.3135064658284471E-016  -4.1547832648543854E-003   7.8759685710370684E-016  -4.1547832648531824E-003   4.3725331529788537E-016  -6.5053629524953403E-017  -2.8741319711820927E-015  -2.3932515568249015E-014   1.9942842245925130       -6.5687828576044116E-016  -6.7307609681079125E-016 -0.99714211229622507       -2.0295858093114205E-015 -0.99714211229622252        8.4441140322932569E-014   8.5453463276755219E-014
  -1.2755162419568530E-015   7.1692804301791110E-016  -8.7066493144412128E-018  -2.3414634800049042E-016  -8.5036325365489915E-016   3.0564903088880472E-016  -1.0991485508674715E-015  -4.4272234351866713E-016   7.7803032880443979E-003   6.9245589300661383E-016  -1.7594316917462060E-016   3.4289778353161240E-016   7.8587382003541324E-016   7.0652276019478227E-016   1.0358951419189203E-015  -1.1663160164078244E-015   1.9705121500056208E-015   6.3649358423438472E-016   8.3095665296996843E-003   5.4654922682569868E-016   1.2637898332646665E-016  -1.0847146274185799E-016  -1.2231746034437917E-016   4.7085174301306412E-016   3.9691424375201376E-016   7.4330128508944749E-016  -4.6218803541917402E-015  -6.5687828576044116E-016   1.9942842245924979       -9.8026784172561395E-016   1.1800490326649986E-015   6.1859154951159588E-016  -1.1680685986590366E-015  -3.1405300453675419E-015  -7.5766134341423038E-017
   2.6037794655795453E-015   1.4104428953217934E-016  -6.9258733476426634E-016  -1.6081243754404850E-018  -2.7282972580956419E-015  -1.0118517035661190E-016   3.9563999209070544E-016  -8.8828093715649093E-017  -3.8940846854446878E-016   7.7803032880440917E-003  -6.7222652276468888E-016  -6.6925534294396136E-016  -3.7327889658593664E-016   1.2127345399772596E-015   1.8629136948042511E-015  -3.4491934255651629E-017  -1.1267941269049154E-016  -1.2758473472688793E-017   4.5878401387506216E-016   8.3095665297019221E-003  -6.5151842008890144E-016   2.2118289713196579E-015   2.4119374346140726E-016   1.9274510067828663E-017   1.2006169789536571E-016   1.1151492920473186E-015   2.5524642621791531E-016  -6.7307609681079125E-016  -9.8026784172561395E-016   1.9942842245924912       -2.2181285671066218E-015  -1.4137996329210954E-015   2.8910793030412187E-015   6.1823823564939324E-016  -2.0072429214746383E-016
   5.9116850614903357E-016  -2.3754307134766670E-016   2.8560862517392674E-016   1.8013802716417221E-015   1.3350121144281103E-015   6.9090469623137843E-016  -1.7787089535147002E-015  -3.8901516440191892E-003   4.9996225590804125E-016  -2.2234144232744101E-015   7.7803032880422894E-003  -6.3195937054558610E-016  -3.8901516440215385E-003  -1.5588970246725032E-014  -3.8977071761480642E-016  -2.4083796397242915E-016   5.4325042977019607E-016  -4.1547832648538797E-003   2.9803705252555603E-016   1.9394723033936200E-015   8.3095665297053395E-003  -2.1393225275182989E-016  -4.1547832648503339E-003   4.5790790363762308E-017  -7.3828325138931071E-016   2.2398896315943970E-015   1.9401261574214335E-014 -0.99714211229622507        1.1800490326649986E-015  -2.2181285671066218E-015   1.9942842245924390        9.4988307584175778E-016 -0.99714211229624805       -3.4592106964832518E-014   1.1596769789860473E-014
  -2.2607516886231387E-015  -1.9002139091794222E-016   8.7842565718491490E-016   2.5760597643740171E-015   5.1332086058095140E-015   8.2915667295108803E-017  -1.7277622399009085E-015  -1.9952046361028184E-016   2.6916568305550252E-016   7.6286751845037462E-016   1.0995316159463109E-015   7.7803032880473608E-003  -6.1385917643526579E-016  -8.8298921134268473E-015  -2.9502378790514153E-015   1.5460413809821818E-016   4.1113754384476227E-016   2.7623848757439097E-016  -6.5887940109840608E-017   5.5913491881206023E-017   6.0487152158982597E-017   8.3095665296990008E-003  -3.7743046975820246E-016  -4.8248408568430189E-016  -3.1678364939658858E-016  -5.1189000557252775E-016   1.7640406599877617E-014  -2.0295858093114205E-015   6.1859154951159588E-016  -1.4137996329210954E-015   9.4988307584175778E-016   1.9942842245924968        6.9956789926908027E-016   8.5235439352698864E-015  -8.6924624901162203E-016
  -1.2885271567190547E-015   4.4301767044421051E-016  -2.5933885533903269E-016  -3.4297206503363055E-015   4.6160545556619579E-016  -1.6675949986204308E-016   3.6087570559838289E-016  -3.8901516440211195E-003  -1.2980257932618455E-015   1.1679027919596246E-015  -3.8901516440202253E-003   8.8087371344210392E-016   7.7803032880425201E-003   1.1896120029726971E-015  -7.7684993891796151E-016  -3.9406190887042986E-016   1.0528520952937211E-015  -4.1547832648525119E-003   1.2424950543936863E-015  -1.6081221729714783E-015  -4.1547832648510963E-003  -5.7524845008412276E-016   8.3095665297033862E-003  -3.4723449075223686E-016  -6.8147701079239237E-016   2.5248631193471904E-015  -1.5252086346624090E-015 -0.99714211229622252       -1.1680685986590366E-015   2.8910793030412187E-015 -0.99714211229624805        6.9956789926908027E-016   1.9942842245924393       -5.7955972326647074E-014  -6.3239755787966951E-015
   1.3362748029779543E-015   6.5078330890436114E-016   5.8052502653559762E-016   1.2193642249870932E-002  -1.7997653287117264E-015  -3.9568889352941169E-016  -3.5861195855803556E-015  -6.0131272357280126E-015  -7.0557602673739973E-016   4.1812774852316986E-016  -1.3051817741604080E-014  -2.8656227182323794E-015  -4.6384520832885859E-015  0.72580870196290870        1.8878168385698435E-015  -6.4408227090716321E-016   3.8951675929377396E-016   4.7643440269357200E-015   1.3063354389371031E-015  -5.0928687289906640E-016   7.5747829365244822E-015   9.9346088455017713E-016  -4.1255826609367477E-015   2.0219653917334509E-015  -5.2572085066432410E-015   2.3233906871772766E-015   1.0148864199855732        8.4441140322932569E-014  -3.1405300453675419E-015   6.1823823564939324E-016  -3.4592106964832518E-014   8.5235439352698864E-015  -5.7955972326647074E-014  0.95971650017314813        1.3526574053165342E-003
  -7.1845007776567155E-016   1.2511659240230758E-015  -7.0576238827017212E-016   3.0505423119355254E-003   5.8690893973486365E-016  -7.3240326926754889E-016   1.8905334149906640E-015  -7.5735991393642901E-015   5.8560834746728324E-017  -2.8214675518474812E-016  -5.3875244999224554E-015   7.4921418132044226E-016  -7.7961461019233661E-015  -1.1985928859454143E-002  -8.0996921507179312E-016  -1.4298600055184475E-016  -9.5486817210558730E-016  -8.5555119425008552E-015  -1.0351123184425797E-015   5.8397393242838689E-016  -6.6793590161846497E-015  -5.1428324002678671E-016  -5.7668452558904262E-015   7.6694000996171697E-016  -2.6544905910592475E-015   3.6037015540258604E-015   5.5160448913637736E-002   8.5453463276755219E-014  -7.5766134341423038E-017  -2.0072429214746383E-016   1.1596769789860473E-014  -8.6924624901162203E-016  -6.3239755787966951E-015   1.3526574053165342E-003   1.9373440232933865     
