   8.2446628558059783E-031   3.9372331646700292E-031   7.0688564866846801E-031   1.5035703550287731E-016  -1.8423842049417072E-031   1.8151140236895907E-031  -1.2572030701920551E-030   5.1370864777509746E-016   3.2979818044853298E-030  -2.5566936558245282E-032  -4.1031508879871993E-032   2.2022582327663827E-030  -2.8602697479235155E-031   2.7867722641415850E-030  -9.6572212597705545E-032  -1.1421127154210235E-031  -4.3382094525974289E-032   3.0975548146322487E-016   1.5557683899269832E-016  -3.2583829376691263E-030   2.2322908798684292E-032   5.3914940110999775E-032  -2.1974330264859804E-030   1.5070915698603310E-031  -2.6114504556464179E-030
   3.9372331646700292E-031   3.0241215550184961E-030   3.0603202567641838E-030   3.1301343490341536E-017  -1.1625183356481612E-030   2.3674282239394690E-031  -2.4492376781819252E-030   8.2131611577918603E-017   4.4496085569928074E-030   3.8327941106964820E-032  -1.0535754176118249E-030  -1.6564001502383294E-030  -7.3008034301807725E-031   3.8868774296021734E-030   3.9930787580339150E-031  -2.1083937998519461E-030   1.1865123296849659E-030   5.8271679588039765E-017   2.4418822166432783E-015  -6.5386554183923890E-030  -1.3300598997391807E-031   1.1200288863738415E-030  -1.5391150092492518E-030   1.8997896584952233E-031  -4.7758515547309264E-030
   7.0688564866846801E-031   3.0603202567641838E-030   3.2199998062360127E-030   9.0031168803330515E-017  -1.1895523209457366E-030   2.9968985790755257E-031  -2.8528748718419898E-030   2.8377914974025991E-016   5.5874092810147933E-030   2.6596833732824086E-032  -1.0278350641623840E-030  -7.1166680763381086E-031  -8.1500357088571100E-031   4.8432359211506476E-030   3.4482367876720326E-031  -2.0696880887027448E-030   1.1217843044119009E-030   1.7951125517345343E-016   2.4063494829849864E-015  -7.5771652967036021E-030  -1.1878495586973707E-031   1.0967720502878320E-030  -2.3542067583467295E-030   2.4250731478158597E-031  -5.6267401046994639E-030
   1.5035703550287731E-016   3.1301343490341536E-017   9.0031168803330515E-017   2.7998843546043917E-002  -1.8254217949946363E-017   3.0959043650853202E-017  -2.0287169979906458E-016   9.6014963241836948E-002   5.6039719107289324E-016  -5.3843258794809528E-018   7.2831250061533781E-018   4.4029693085339386E-016  -4.3686989029259115E-017   4.7171834079152894E-016  -2.3972776136305712E-017   8.5019146695511340E-018  -2.5151659075288464E-017   5.7770069556135922E-002  -5.4384742448415017E-003  -5.2307242729151826E-016   6.1226638384994563E-018  -5.7947294197197264E-018  -3.9374977923557187E-016   2.5799429259726153E-017  -4.2585424269652782E-016
  -1.8423842049417072E-031  -1.1625183356481612E-030  -1.1895523209457366E-030  -1.8254217949946363E-017   4.4828837389012311E-031  -9.7416484700623717E-032   9.8143215201429716E-031  -5.2966379282623944E-017  -1.8261248113001276E-030  -1.3434224348407541E-032   4.0092157886897415E-031   5.3390928541584915E-031   2.8877632954546656E-031  -1.5911761736429923E-030  -1.4718163043794750E-031   8.0368138586142705E-031  -4.4769824838557323E-031  -3.5252052714678086E-017  -9.3179210309650735E-016   2.6159343756025232E-030   4.9443618780084316E-032  -4.2664727605965750E-031   6.7659565028451881E-031  -7.8388642491092064E-032   1.9205322407734517E-030
   1.8151140236895907E-031   2.3674282239394690E-031   2.9968985790755257E-031   3.0959043650853202E-017  -9.7416484700623717E-032   4.7900878937657989E-032  -3.7460706893796846E-031   1.0446156582285599E-016   8.7817375199792760E-031  -2.9547119866614554E-033  -6.3742787632525588E-032   3.4155204215212914E-031  -9.4372965173932869E-032   7.4877000730023683E-031   2.3071609482431265E-033  -1.3381666441906004E-031   5.4325441846777192E-032   6.3450993452345420E-017   1.5952369582329247E-016  -9.8099092816114535E-031  -2.6870659883346966E-033   6.9769769655670118E-032  -5.0969106379070260E-031   3.9423534000310749E-032  -7.6163874482928914E-031
  -1.2572030701920551E-030  -2.4492376781819252E-030  -2.8528748718419898E-030  -2.0287169979906458E-016   9.8143215201429716E-031  -3.7460706893796846E-031   3.1223478722430855E-030  -6.7695461578502935E-016  -6.9029889660524340E-030   6.0407438967961554E-033   7.3662274386315553E-031  -1.5927455801937019E-030   8.2305041723265959E-031  -5.9157629530082573E-030  -1.4311442525709672E-031   1.5130693968096728E-030  -7.2084429634422950E-031  -4.1389223628101441E-016  -1.7806707658556854E-015   8.2167892497646697E-030   5.9616946928372193E-032  -7.9557867941886703E-031   3.6700553956256537E-030  -3.0674141321702449E-031   6.2825253792022171E-030
   5.1370864777509746E-016   8.2131611577918603E-017   2.8377914974025991E-016   9.6014963241836948E-002  -5.2966379282623944E-017   1.0446156582285599E-016  -6.7695461578502935E-016  0.32947166151825835        1.8894989082168401E-015  -1.8838183782865916E-017   3.3929501444326517E-017   1.5280073437338383E-015  -1.4406833992056915E-016   1.5893068354245061E-015  -8.5802112972614960E-017   4.7016203497086895E-017  -9.6494699920854209E-017  0.19816109977289320       -3.9294458897215057E-002  -1.7435334376808500E-015   2.2175544049272567E-017  -2.9371818980780613E-017  -1.3409978105010080E-015   8.7113703051654707E-017  -1.4240980289854775E-015
   3.2979818044853298E-030   4.4496085569928074E-030   5.5874092810147933E-030   5.6039719107289324E-016  -1.8261248113001276E-030   8.7817375199792760E-031  -6.9029889660524340E-030   1.8894989082168401E-015   1.6106138065689843E-029  -5.1046830060038042E-032  -1.2121709566342406E-030   6.0644376315815218E-030  -1.7457059456619136E-030   1.3738292398181510E-029   6.5179478685831378E-032  -2.5386382300238656E-030   1.0501087013697302E-030   1.1481949862105797E-015   3.0221062827768689E-015  -1.8084354592296796E-029  -5.6324809378951671E-032   1.3248273671442296E-030  -9.2864339242144819E-030   7.2247032887677052E-031  -1.4022904354539817E-029
  -2.5566936558245282E-032   3.8327941106964820E-032   2.6596833732824086E-032  -5.3843258794809528E-018  -1.3434224348407541E-032  -2.9547119866614554E-033   6.0407438967961554E-033  -1.8838183782865916E-017  -5.1046830060038042E-032   1.6933813780464343E-033  -1.7152456494042850E-032  -1.1654898298701810E-031  -1.7057915359543744E-033  -4.0871376508906743E-032   1.0931926718821472E-032  -3.3056565994565255E-032   2.2857321648409655E-032  -1.1203143093187025E-017   3.7364346062478289E-017   1.2256452306178917E-032  -3.2522779827709243E-033   1.7827461464938022E-032   5.9416323018756023E-032  -2.5707113217826773E-033   1.8101744615769683E-032
  -4.1031508879871993E-032  -1.0535754176118249E-030  -1.0278350641623840E-030   7.2831250061533781E-018   4.0092157886897415E-031  -6.3742787632525588E-032   7.3662274386315553E-031   3.3929501444326517E-017  -1.2121709566342406E-030  -1.7152456494042850E-032   3.7900923008822888E-031   8.7770978631230945E-031   2.3060790886052419E-031  -1.0705734700097654E-030  -1.5758655770721781E-031   7.5447440531410330E-031  -4.3797089455903198E-031   1.7269422870320180E-017  -8.7091385152090172E-016   1.9787161541487644E-030   5.1266686538040600E-032  -4.0163485148523543E-031   2.8790633024832582E-031  -5.0523544940253449E-032   1.4164732986232539E-030
   2.2022582327663827E-030  -1.6564001502383294E-030  -7.1166680763381086E-031   4.4029693085339386E-016   5.3390928541584915E-031   3.4155204215212914E-031  -1.5927455801937019E-030   1.5280073437338383E-015   6.0644376315815218E-030  -1.1654898298701810E-031   8.7770978631230945E-031   8.4683752683853468E-030  -1.9731554299675083E-031   5.0031521498685873E-030  -6.8327793673681542E-031   1.6560747851477711E-030  -1.2686183606189786E-030   9.1300301381360477E-016  -1.8451552814066457E-015  -3.9458528043537332E-030   1.9680909233772739E-031  -9.0087564831176545E-031  -5.4020061027605315E-030   2.8988262176784628E-031  -3.6060499548637844E-030
  -2.8602697479235155E-031  -7.3008034301807725E-031  -8.1500357088571100E-031  -4.3686989029259115E-017   2.8877632954546656E-031  -9.4372965173932869E-032   8.2305041723265959E-031  -1.4406833992056915E-016  -1.7457059456619136E-030  -1.7057915359543744E-033   2.3060790886052419E-031  -1.9731554299675083E-031   2.2342424019840945E-031  -1.5016835526029894E-030  -5.9707596672167224E-032   4.6941624544173328E-031  -2.3757719730444756E-031  -8.8700806948107124E-017  -5.4941967725747282E-016   2.1730839225524601E-030   2.2319572806837462E-032  -2.4769619630703442E-031   8.6482427818836631E-031  -7.6979187351278377E-032   1.6444093594986521E-030
   2.7867722641415850E-030   3.8868774296021734E-030   4.8432359211506476E-030   4.7171834079152894E-016  -1.5911761736429923E-030   7.4877000730023683E-031  -5.9157629530082573E-030   1.5893068354245061E-015   1.3738292398181510E-029  -4.0871376508906743E-032  -1.0705734700097654E-030   5.0031521498685873E-030  -1.5016835526029894E-030   1.1723213170692246E-029   7.5020478759399915E-032  -2.2370947937381186E-030   9.4138929151019477E-031   9.6620275332349969E-016   2.6596696983129706E-015  -1.5504257241736908E-029  -5.4026842237427729E-032   1.1684673931441655E-030  -7.8689018186658346E-030   6.1576641785437915E-031  -1.2007261633062477E-029
  -9.6572212597705545E-032   3.9930787580339150E-031   3.4482367876720326E-031  -2.3972776136305712E-017  -1.4718163043794750E-031   2.3071609482431265E-033  -1.4311442525709672E-031  -8.5802112972614960E-017   6.5179478685831378E-032   1.0931926718821472E-032  -1.5758655770721781E-031  -6.8327793673681542E-031  -5.9707596672167224E-032   7.5020478759399915E-032   8.1268515076711980E-032  -3.0919152869259566E-031   1.9468387164913473E-031  -5.0362932653217128E-017   3.5362005355692551E-016  -4.0088475387685498E-031  -2.5178373599423324E-032   1.6554810441810809E-031   1.8047661848439032E-031   8.8081184318514505E-034  -2.4832446994002462E-031
  -1.1421127154210235E-031  -2.1083937998519461E-030  -2.0696880887027448E-030   8.5019146695511340E-018   8.0368138586142705E-031  -1.3381666441906004E-031   1.5130693968096728E-030   4.7016203497086895E-017  -2.5386382300238656E-030  -3.3056565994565255E-032   7.5447440531410330E-031   1.6560747851477711E-030   4.6941624544173328E-031  -2.2370947937381186E-030  -3.0919152869259566E-031   1.5031844449431741E-030  -8.6824431045939491E-031   2.2014598230504991E-017  -1.7361154887503671E-015   4.0596976016528940E-030   1.0094820968317137E-031  -7.9992801565154723E-031   6.5906035269772901E-031  -1.0633658097805761E-031   2.9172190467988344E-030
  -4.3382094525974289E-032   1.1865123296849659E-030   1.1217843044119009E-030  -2.5151659075288464E-017  -4.4769824838557323E-031   5.4325441846777192E-032  -7.2084429634422950E-031  -9.6494699920854209E-017   1.0501087013697302E-030   2.2857321648409655E-032  -4.3797089455903198E-031  -1.2686183606189786E-030  -2.3757719730444756E-031   9.4138929151019477E-031   1.9468387164913473E-031  -8.6824431045939491E-031   5.1615853137712530E-031  -5.4460526741450458E-017   9.9961357533123642E-016  -1.9494768784181723E-030  -6.2328365125315802E-032   4.6296103823572137E-031  -9.2836731755666104E-032   4.2301813950268016E-032  -1.3646587590766422E-030
   3.0975548146322487E-016   5.8271679588039765E-017   1.7951125517345343E-016   5.7770069556135922E-002  -3.5252052714678086E-017   6.3450993452345420E-017  -4.1389223628101441E-016  0.19816109977289320        1.1481949862105797E-015  -1.1203143093187025E-017   1.7269422870320180E-017   9.1300301381360477E-016  -8.8700806948107124E-017   9.6620275332349969E-016  -5.0362932653217128E-017   2.2014598230504991E-017  -5.4460526741450458E-017  0.11921043000285481       -1.6390824323377459E-002  -1.0666829553867792E-015   1.2928241630875278E-017  -1.4335235877352918E-017  -8.1010399762602848E-016   5.2891725505179226E-017  -8.6958565171886844E-016
   1.5557683899269832E-016   2.4418822166432783E-015   2.4063494829849864E-015  -5.4384742448415017E-003  -9.3179210309650735E-016   1.5952369582329247E-016  -1.7806707658556854E-015  -3.9294458897215057E-002   3.0221062827768689E-015   3.7364346062478289E-017  -8.7091385152090172E-016  -1.8451552814066457E-015  -5.4941967725747282E-016   2.6596696983129706E-015   3.5362005355692551E-016  -1.7361154887503671E-015   9.9961357533123642E-016  -1.6390824323377459E-002   2.0058277935885123       -4.7743648425655718E-015  -1.1572083077907083E-016   9.2368445908927136E-016  -8.2348620825167734E-016   1.2695228597156260E-016  -3.4385992885942093E-015
  -3.2583829376691263E-030  -6.5386554183923890E-030  -7.5771652967036021E-030  -5.2307242729151826E-016   2.6159343756025232E-030  -9.8099092816114535E-031   8.2167892497646697E-030  -1.7435334376808500E-015  -1.8084354592296796E-029   1.2256452306178917E-032   1.9787161541487644E-030  -3.9458528043537332E-030   2.1730839225524601E-030  -1.5504257241736908E-029  -4.0088475387685498E-031   4.0596976016528940E-030  -1.9494768784181723E-030  -1.0666829553867792E-015  -4.7743648425655718E-015   2.1631231983742333E-029   1.6417827714898704E-031  -2.1355730553434324E-030   9.5448900290736911E-030  -8.0294229547906283E-031   1.6520257426144950E-029
   2.2322908798684292E-032  -1.3300598997391807E-031  -1.1878495586973707E-031   6.1226638384994563E-018   4.9443618780084316E-032  -2.6870659883346966E-033   5.9616946928372193E-032   2.2175544049272567E-017  -5.6324809378951671E-032  -3.2522779827709243E-033   5.1266686538040600E-032   1.9680909233772739E-031   2.2319572806837462E-032  -5.4026842237427729E-032  -2.5178373599423324E-032   1.0094820968317137E-031  -6.2328365125315802E-032   1.2928241630875278E-017  -1.1572083077907083E-016   1.6417827714898704E-031   7.8820073026361918E-033  -5.3972485050591441E-032  -3.4688762907663115E-032  -1.8973045634545070E-033   1.0804710726658707E-031
   5.3914940110999775E-032   1.1200288863738415E-030   1.0967720502878320E-030  -5.7947294197197264E-018  -4.2664727605965750E-031   6.9769769655670118E-032  -7.9557867941886703E-031  -2.9371818980780613E-017   1.3248273671442296E-030   1.7827461464938022E-032  -4.0163485148523543E-031  -9.0087564831176545E-031  -2.4769619630703442E-031   1.1684673931441655E-030   1.6554810441810809E-031  -7.9992801565154723E-031   4.6296103823572137E-031  -1.4335235877352918E-017   9.2368445908927136E-016  -2.1355730553434324E-030  -5.3972485050591441E-032   4.2574391101529314E-031  -3.3265693830104503E-031   5.5387662963388572E-032  -1.5323090491343962E-030
  -2.1974330264859804E-030  -1.5391150092492518E-030  -2.3542067583467295E-030  -3.9374977923557187E-016   6.7659565028451881E-031  -5.0969106379070260E-031   3.6700553956256537E-030  -1.3409978105010080E-015  -9.2864339242144819E-030   5.9416323018756023E-032   2.8790633024832582E-031  -5.4020061027605315E-030   8.6482427818836631E-031  -7.8689018186658346E-030   1.8047661848439032E-031   6.5906035269772901E-031  -9.2836731755666104E-032  -8.1010399762602848E-016  -8.2348620825167734E-016   9.5448900290736911E-030  -3.4688762907663115E-032  -3.3265693830104503E-031   5.9413391046361334E-030  -4.2205940195772716E-031   7.5695840569928582E-030
   1.5070915698603310E-031   1.8997896584952233E-031   2.4250731478158597E-031   2.5799429259726153E-017  -7.8388642491092064E-032   3.9423534000310749E-032  -3.0674141321702449E-031   8.7113703051654707E-017   7.2247032887677052E-031  -2.5707113217826773E-033  -5.0523544940253449E-032   2.8988262176784628E-031  -7.6979187351278377E-032   6.1576641785437915E-031   8.8081184318514505E-034  -1.0633658097805761E-031   4.2301813950268016E-032   5.2891725505179226E-017   1.2695228597156260E-016  -8.0294229547906283E-031  -1.8973045634545070E-033   5.5387662963388572E-032  -4.2205940195772716E-031   3.2459252752741872E-032  -6.2419154384232195E-031
  -2.6114504556464179E-030  -4.7758515547309264E-030  -5.6267401046994639E-030  -4.2585424269652782E-016   1.9205322407734517E-030  -7.6163874482928914E-031   6.2825253792022171E-030  -1.4240980289854775E-015  -1.4022904354539817E-029   1.8101744615769683E-032   1.4164732986232539E-030  -3.6060499548637844E-030   1.6444093594986521E-030  -1.2007261633062477E-029  -2.4832446994002462E-031   2.9172190467988344E-030  -1.3646587590766422E-030  -8.6958565171886844E-016  -3.4385992885942093E-015   1.6520257426144950E-029   1.0804710726658707E-031  -1.5323090491343962E-030   7.5695840569928582E-030  -6.2419154384232195E-031   1.2662199308306788E-029
