   1.7973454011062786E-002   2.8968526796097330E-017  -4.7399540211876878E-017  -6.6403309598089556E-017  -6.5006457803379121E-018   1.5136962651990753E-018  -2.0410046814003639E-018  -2.1412012392576925E-017   3.2657758035756797E-018   1.1172631955679178E-017   6.2796025687113247E-002   4.8187704369297812E-017   1.1580634454860546E-017   6.4730593979510324E-016  -6.4838329427680059E-018  -1.0074928240708147E-018  -2.3962564358748627E-018  -9.3712911391900295E-018   9.1209292125161182E-019  -3.7283259266716642E-018   5.8584023248104064E-016   8.1427212208173672E-002   1.4530003177200172E-017   1.1980434005964785E-016   6.3356344619310622E-016
   2.8968526796097330E-017   1.7973454011063122E-002   6.4616755414241741E-017  -9.9895296639349837E-018   4.8148325742394369E-017  -7.9224847227487940E-018  -6.5521527391652917E-019   3.5421122055498604E-017   1.0960565763068431E-017   3.3847176293161262E-017   6.3480037199026100E-017   6.2796025687113913E-002  -1.1806284032009360E-016   1.5891555123810012E-016   2.7500349378236735E-018   1.8033932053989139E-018  -1.9112750438368717E-018   5.0379206667370113E-018   3.7546431998670685E-019   7.6275495633951089E-018   2.8523360511417011E-016   1.0508290743636845E-016   8.1427212208174213E-002   8.1755620068983436E-018   3.0503313079200780E-017
  -4.7399540211876878E-017   6.4616755414241741E-017   1.7973454011063348E-002   2.3181782769380660E-017  -8.9050819462808511E-018  -3.0277472134055092E-018   6.8161782483960719E-018  -8.7558277908553874E-018   1.4454483484160170E-018  -1.4504358289278825E-017  -1.6501557065229360E-016   4.0483939714019255E-016   6.2796025687114232E-002   4.2317427785839790E-016   1.3107656537449294E-017  -4.1494589810570485E-018  -3.6766796647408895E-018   5.1075231239358132E-018  -1.2758026137379009E-018   1.0045158619641343E-017   4.0352130733357718E-016  -9.1415183799473923E-017   4.1416692395535750E-016   8.1427212208174837E-002  -8.6001500243071152E-016
  -6.6403309598089556E-017  -9.9895296639349837E-018   2.3181782769380660E-017   2.4199909116848954E-004   7.8784216289706538E-017   4.2765796127419044E-018  -6.1129492942385287E-018   8.2759086727273030E-017  -5.8775828661519070E-019   8.6562356097170171E-017  -2.8496948880790285E-016  -4.5908912931108271E-017   4.7251914387310967E-017   1.1636515983851011E-002   1.4970623639643377E-016  -3.3510295434864116E-019   1.1362826672726355E-018   1.5219852019059302E-016   1.9193463364389992E-018   1.5211289327116470E-016   1.1855983974772728E-002  -3.5782301228816724E-016  -6.8047077154250031E-017   6.3872218174996388E-017   2.6322102595334493E-003
  -6.5006457803379121E-018   4.8148325742394369E-017  -8.9050819462808511E-018   7.8784216289706538E-017   6.5879371128397107E-029   9.8796740117229274E-031  -4.2545797764850583E-030   6.3952809088256545E-029  -2.0626709997640361E-030   6.7034065910294482E-029  -2.2712090795358361E-017   1.6822161718331414E-016  -3.1112759645430428E-017   3.2689252376921181E-015   5.8926244763357341E-029   2.9865693655521436E-031   2.7909137580455291E-030   6.6629392468435536E-029   2.9721527964443321E-030   6.4044274272377126E-029   3.3578851905821658E-015  -2.9450625523637402E-017   2.1813191472717823E-016  -4.0343720073202269E-017   9.7530313001170539E-015
   1.5136962651990753E-018  -7.9224847227487940E-018  -3.0277472134055092E-018   4.2765796127419044E-018   9.8796740117229274E-031   8.3383071844151040E-032  -8.7411711655049808E-032   1.0931110651506094E-030   2.9999470329336687E-033   1.1469494684045814E-030   5.2885833459393849E-018  -2.7679741125399797E-017  -1.0578405890714108E-017   2.1061403466438245E-016   2.5440706125250204E-030  -9.9386317193898550E-033  -1.8711366800909470E-033   2.5223076378979427E-030   1.1574922139858015E-032   2.5438130305611246E-030   2.1432472912854591E-016   6.8576728173228286E-018  -3.5892146514421354E-017  -1.3716952495994292E-017  -3.8690271283110606E-017
  -2.0410046814003639E-018  -6.5521527391652917E-019   6.8161782483960719E-018  -6.1129492942385287E-018  -4.2545797764850583E-030  -8.7411711655049808E-032   2.8465152227097195E-031  -4.1728544780931053E-030   1.2165579921679005E-031  -4.3793812349457221E-030  -7.1309044061209066E-018  -2.2892046874310028E-018   2.3814504663976015E-017  -2.6466269583926261E-016  -4.3501308720490011E-030  -1.5635652736795480E-032  -1.6635912605609847E-031  -4.8037245744913569E-030  -1.8132335178038526E-031  -4.6561391798518960E-030  -2.7119356005120094E-016  -9.2465989680080775E-018  -2.9683973441268117E-018   3.0880118664963000E-017  -5.6794697076075028E-016
  -2.1412012392576925E-017   3.5421122055498604E-017  -8.7558277908553874E-018   8.2759086727273030E-017   6.3952809088256545E-029   1.0931110651506094E-030  -4.1728544780931053E-030   6.2367010442465534E-029  -1.9316274480190594E-030   6.5337001317193469E-029  -7.4809732141077225E-017   1.2375504947988280E-016  -3.0591292387539789E-017   3.5014052823835786E-015   6.0577914764967587E-029   2.6079468484805569E-031   2.6199675309361863E-030   6.7774962877319721E-029   2.8158885425871357E-030   6.5385732616732457E-029   3.5925760461036807E-015  -9.7005309932172979E-017   1.6047239559459376E-016  -3.9667536754221980E-017   9.0880762801108159E-015
   3.2657758035756797E-018   1.0960565763068431E-017   1.4454483484160170E-018  -5.8775828661519070E-019  -2.0626709997640361E-030   2.9999470329336687E-033   1.2165579921679005E-031  -1.9316274480190594E-030   9.8742480772503822E-032  -2.0242723139639591E-030   1.1410035106411757E-017   3.8294251554503003E-017   5.0501373615021953E-018  -3.6644806464088719E-018  -8.4439508833607239E-031  -1.7569732506732337E-032  -1.1942298502712032E-031  -1.1760689703261296E-030  -1.1546920271483009E-031  -1.0516394099035324E-030  -5.0267828287586552E-018   1.4795320878135221E-017   4.9655915538642421E-017   6.5484814065211067E-018  -4.2768786099812962E-016
   1.1172631955679178E-017   3.3847176293161262E-017  -1.4504358289278825E-017   8.6562356097170171E-017   6.7034065910294482E-029   1.1469494684045814E-030  -4.3793812349457221E-030   6.5337001317193469E-029  -2.0242723139639591E-030   6.8513750771692184E-029   3.9035172808136899E-017   1.1825596519363351E-016  -5.0675627241594365E-017   3.6602387371967322E-015   6.3386054746632637E-029   2.7341242817291598E-031   2.7470190368770681E-030   7.0937940641448702E-029   2.9566916209721839E-030   6.8437285656811041E-029   3.7556693523772220E-015   5.0616663475953654E-017   1.5334176752971959E-016  -6.5710767648637132E-017   9.5412974607481647E-015
   6.2796025687113247E-002   6.3480037199026100E-017  -1.6501557065229360E-016  -2.8496948880790285E-016  -2.2712090795358361E-017   5.2885833459393849E-018  -7.1309044061209066E-018  -7.4809732141077225E-017   1.1410035106411757E-017   3.9035172808136899E-017  0.21939805446796323        3.6537613212760680E-017   4.2527830215743924E-017  -1.2659853287106542E-016  -2.2653349755425225E-017  -3.5199992845556056E-018  -8.3720903398705311E-018  -3.2741610974522373E-017   3.1866891292389459E-018  -1.3026102301637599E-017  -3.9473917861731796E-016  0.28449207961403633       -1.2016348202928382E-016   4.2124642532850894E-016  -1.0824888206213666E-015
   4.8187704369297812E-017   6.2796025687113913E-002   4.0483939714019255E-016  -4.5908912931108271E-017   1.6822161718331414E-016  -2.7679741125399797E-017  -2.2892046874310028E-018   1.2375504947988280E-016   3.8294251554503003E-017   1.1825596519363351E-016   3.6537613212760680E-017  0.21939805446796382        2.1318802842854044E-016  -4.8854378134934220E-017   9.6081289934392613E-018   6.3007325125427615E-018  -6.6776523129076614E-018   1.7601591513976779E-017   1.3118050135478447E-018   2.6649290560277643E-017   3.8501724532886901E-016   1.2693296934374137E-016  0.28449207961403589        8.3987043665231768E-016   1.2678305555568739E-015
   1.1580634454860546E-017  -1.1806284032009360E-016   6.2796025687114232E-002   4.7251914387310967E-017  -3.1112759645430428E-017  -1.0578405890714108E-017   2.3814504663976015E-017  -3.0591292387539789E-017   5.0501373615021953E-018  -5.0675627241594365E-017   4.2527830215743924E-017   2.1318802842854044E-016  0.21939805446796334       -3.6972723942148678E-016   4.5795801748321952E-017  -1.4497465684764409E-017  -1.2845659522550709E-017   1.7844770019748506E-017  -4.4574255818967848E-018   3.5095983127204406E-017  -4.6137899273376315E-016   4.8335765728477247E-016  -1.1062927917498987E-016  0.28449207961403600        4.9533269952715363E-016
   6.4730593979510324E-016   1.5891555123810012E-016   4.2317427785839790E-016   1.1636515983851011E-002   3.2689252376921181E-015   2.1061403466438245E-016  -2.6466269583926261E-016   3.5014052823835786E-015  -3.6644806464088719E-018   3.6602387371967322E-015  -1.2659853287106542E-016  -4.8854378134934220E-017  -3.6972723942148678E-016  0.56627008071074447        7.0666726212394129E-015  -2.1301695443315629E-017   2.3243868954868348E-017   7.0973787785970980E-015   6.1900541004412236E-017   7.1264209536370047E-015  0.57659634506135071        2.2764335791830954E-016  -3.5507163438503783E-016  -3.0653799842951087E-016   1.1325140387683150E-002
  -6.4838329427680059E-018   2.7500349378236735E-018   1.3107656537449294E-017   1.4970623639643377E-016   5.8926244763357341E-029   2.5440706125250204E-030  -4.3501308720490011E-030   6.0577914764967587E-029  -8.4439508833607239E-031   6.3386054746632637E-029  -2.2653349755425225E-017   9.6081289934392613E-018   4.5795801748321952E-017   7.0666726212394129E-015   9.5211419897407675E-029  -1.0795042524150765E-031   1.3164411716517707E-030   9.8496642829013722E-029   1.7820998988091473E-030   9.7795397274489163E-029   7.2068888679865998E-015  -2.9374456386001200E-017   1.2458800535721726E-017   5.9383128572249023E-017   3.8882145315232345E-015
  -1.0074928240708147E-018   1.8033932053989139E-018  -4.1494589810570485E-018  -3.3510295434864116E-019   2.9865693655521436E-031  -9.9386317193898550E-033  -1.5635652736795480E-032   2.6079468484805569E-031  -1.7569732506732337E-032   2.7341242817291598E-031  -3.5199992845556056E-018   6.3007325125427615E-018  -1.4497465684764409E-017  -2.1301695443315629E-017  -1.0795042524150765E-031   5.6599317378073344E-033   2.3424992399221041E-032  -4.0433958125591363E-032   2.1056927880680704E-032  -6.7080034308164321E-032  -2.1430686490065276E-017  -4.5643609699800322E-018   8.1701202863072252E-018  -1.8798772722909481E-017   8.5216417589077766E-017
  -2.3962564358748627E-018  -1.9112750438368717E-018  -3.6766796647408895E-018   1.1362826672726355E-018   2.7909137580455291E-030  -1.8711366800909470E-033  -1.6635912605609847E-031   2.6199675309361863E-030  -1.1942298502712032E-031   2.7470190368770681E-030  -8.3720903398705311E-018  -6.6776523129076614E-018  -1.2845659522550709E-017   2.3243868954868348E-017   1.3164411716517707E-030   2.3424992399221041E-032   1.5308673345314716E-031   1.7458012434988014E-030   1.5090803021867666E-031   1.5886484003120024E-030   2.5332751914449502E-017  -1.0856036974812661E-017  -8.6588698247371998E-018  -1.6656886044164899E-017   5.5005784060596489E-016
  -9.3712911391900295E-018   5.0379206667370113E-018   5.1075231239358132E-018   1.5219852019059302E-016   6.6629392468435536E-029   2.5223076378979427E-030  -4.8037245744913569E-030   6.7774962877319721E-029  -1.1760689703261296E-030   7.0937940641448702E-029  -3.2741610974522373E-017   1.7601591513976779E-017   1.7844770019748506E-017   7.0973787785970980E-015   9.8496642829013722E-029  -4.0433958125591363E-032   1.7458012434988014E-030   1.0299262370350967E-028   2.2049275530534020E-030   1.0184845696469920E-028   7.2428602796210378E-015  -4.2455841363957577E-017   2.2823873194633016E-017   2.3139201236143006E-017   5.4419685535963780E-015
   9.1209292125161182E-019   3.7546431998670685E-019  -1.2758026137379009E-018   1.9193463364389992E-018   2.9721527964443321E-030   1.1574922139858015E-032  -1.8132335178038526E-031   2.8158885425871357E-030  -1.1546920271483009E-031   2.9566916209721839E-030   3.1866891292389459E-018   1.3118050135478447E-018  -4.4574255818967848E-018   6.1900541004412236E-017   1.7820998988091473E-030   2.1056927880680704E-032   1.5090803021867666E-031   2.2049275530534020E-030   1.5263331986283272E-031   2.0544686637321751E-030   6.4665764114787843E-017   4.1321597844578829E-018   1.7010093241583797E-018  -5.7799157635822665E-018   5.4139497219789447E-016
  -3.7283259266716642E-018   7.6275495633951089E-018   1.0045158619641343E-017   1.5211289327116470E-016   6.4044274272377126E-029   2.5438130305611246E-030  -4.6561391798518960E-030   6.5385732616732457E-029  -1.0516394099035324E-030   6.8437285656811041E-029  -1.3026102301637599E-017   2.6649290560277643E-017   3.5095983127204406E-017   7.1264209536370047E-015   9.7795397274489163E-029  -6.7080034308164321E-032   1.5886484003120024E-030   1.0184845696469920E-028   2.0544686637321751E-030   1.0087123435908011E-028   7.2707068933797948E-015  -1.6890865062782583E-017   3.4555967736884453E-017   4.5508740951098653E-017   4.8731036856738919E-015
   5.8584023248104064E-016   2.8523360511417011E-016   4.0352130733357718E-016   1.1855983974772728E-002   3.3578851905821658E-015   2.1432472912854591E-016  -2.7119356005120094E-016   3.5925760461036807E-015  -5.0267828287586552E-018   3.7556693523772220E-015  -3.9473917861731796E-016   3.8501724532886901E-016  -4.6137899273376315E-016  0.57659634506135071        7.2068888679865998E-015  -2.1430686490065276E-017   2.5332751914449502E-017   7.2428602796210378E-015   6.4665764114787843E-017   7.2707068933797948E-015  0.58712929164581973       -1.0369667563410195E-016   1.9583027540582372E-016  -4.2463554248602986E-016   1.7597517936935588E-002
   8.1427212208173672E-002   1.0508290743636845E-016  -9.1415183799473923E-017  -3.5782301228816724E-016  -2.9450625523637402E-017   6.8576728173228286E-018  -9.2465989680080775E-018  -9.7005309932172979E-017   1.4795320878135221E-017   5.0616663475953654E-017  0.28449207961403633        1.2693296934374137E-016   4.8335765728477247E-016   2.2764335791830954E-016  -2.9374456386001200E-017  -4.5643609699800322E-018  -1.0856036974812661E-017  -4.2455841363957577E-017   4.1321597844578829E-018  -1.6890865062782583E-017  -1.0369667563410195E-016  0.36889909329135601       -5.2658344264905837E-017   1.1014816446094922E-015   1.6447350163330792E-015
   1.4530003177200172E-017   8.1427212208174213E-002   4.1416692395535750E-016  -6.8047077154250031E-017   2.1813191472717823E-016  -3.5892146514421354E-017  -2.9683973441268117E-018   1.6047239559459376E-016   4.9655915538642421E-017   1.5334176752971959E-016  -1.2016348202928382E-016  0.28449207961403589       -1.1062927917498987E-016  -3.5507163438503783E-016   1.2458800535721726E-017   8.1701202863072252E-018  -8.6588698247371998E-018   2.2823873194633016E-017   1.7010093241583797E-018   3.4555967736884453E-017   1.9583027540582372E-016  -5.2658344264905837E-017  0.36889909329135395        5.8714291024594689E-016  -4.6677234641782430E-016
   1.1980434005964785E-016   8.1755620068983436E-018   8.1427212208174837E-002   6.3872218174996388E-017  -4.0343720073202269E-017  -1.3716952495994292E-017   3.0880118664963000E-017  -3.9667536754221980E-017   6.5484814065211067E-018  -6.5710767648637132E-017   4.2124642532850894E-016   8.3987043665231768E-016  0.28449207961403600       -3.0653799842951087E-016   5.9383128572249023E-017  -1.8798772722909481E-017  -1.6656886044164899E-017   2.3139201236143006E-017  -5.7799157635822665E-018   4.5508740951098653E-017  -4.2463554248602986E-016   1.1014816446094922E-015   5.8714291024594689E-016  0.36889909329135506       -1.4840914519727987E-016
   6.3356344619310622E-016   3.0503313079200780E-017  -8.6001500243071152E-016   2.6322102595334493E-003   9.7530313001170539E-015  -3.8690271283110606E-017  -5.6794697076075028E-016   9.0880762801108159E-015  -4.2768786099812962E-016   9.5412974607481647E-015  -1.0824888206213666E-015   1.2678305555568739E-015   4.9533269952715363E-016   1.1325140387683150E-002   3.8882145315232345E-015   8.5216417589077766E-017   5.5005784060596489E-016   5.4419685535963780E-015   5.4139497219789447E-016   4.8731036856738919E-015   1.7597517936935588E-002   1.6447350163330792E-015  -4.6677234641782430E-016  -1.4840914519727987E-016   2.0024591638387155     
