   9.9105347764119614E-007  -2.4628239704549374E-019   3.8661111226036861E-019  -5.1576812598193226E-017  -3.1489442872779169E-006   1.4965408615094175E-018   1.4598852550591802E-018  -2.3493915552830457E-016   3.9531041583407026E-020  -5.2330444152016593E-019  -2.5232881383990904E-020   2.6679246149758361E-020  -1.0822186206260429E-019  -1.0752767663847086E-019  -1.5450642066314564E-016  -9.3287678364623336E-007   7.0344980157343165E-019   1.6684926680231591E-018   8.3053985032073537E-016   1.4079511626941131E-003  -5.6878427832000865E-016  -1.4874125335690203E-015   3.1946550203737227E-015   1.8400346348568363E-020   3.1533832524164633E-019  -1.4395158749019269E-020  -7.9207475553325338E-020   1.9412635292660629E-020   3.7041867718224796E-021
  -2.4628239704549374E-019   9.9105347764443244E-007  -4.5346533900451445E-019  -5.9021129905379329E-017  -2.6602435395821644E-019  -3.1489442872851061E-006  -4.8720005042032121E-020  -2.1302506280785367E-016   4.5035853088905300E-019   1.0181933186713761E-020  -1.0126013944647091E-018  -8.8587225808277275E-019  -2.0313588028388401E-019  -5.3640406272337603E-019  -1.6219155086113789E-016  -2.2837794878592343E-019  -9.3287678364703825E-007  -2.0754676784379501E-019  -2.4069021846006152E-015   2.1892615359746336E-016   1.4079511626964184E-003   2.3735888174058124E-016  -2.2800525462178001E-015  -2.7143421522318119E-019   9.5823475002241151E-020   8.2262268082169565E-019   7.1131425017120602E-019   1.9719994838445965E-019   6.0199687269505062E-020
   3.8661111226036861E-019  -4.5346533900451445E-019   9.9105347764373131E-007   6.1144980602643346E-017  -3.8190058823280867E-018   1.3376208148004458E-018  -3.1489442872818886E-006   2.6463874670070732E-016   2.3613227463045838E-018  -5.2224182826209171E-020   2.1082892724109325E-020   8.5272005236720226E-019   5.1139138689271939E-019   1.3536050012655341E-018   1.8129822655264622E-016  -8.2562011168967721E-019   1.2587536528614306E-018  -9.3287678364835200E-007  -1.1025657848721685E-015   2.0368208791627358E-015  -8.8071876659961129E-016   1.4079511626959175E-003  -1.5986795725119822E-016  -1.4933517264493369E-018  -1.7092712775558416E-020  -1.1550227084074089E-019   1.7826178739315687E-019  -1.5720005410777496E-019  -8.6844479775795568E-019
  -5.1576812598193226E-017  -5.9021129905379329E-017   6.1144980602643346E-017   1.7889849567822132E-002  -8.0437639727348890E-017  -1.6460988441258572E-017  -3.0463522303670196E-017   7.4644652360129224E-002   6.1640284052823329E-016  -2.3733574499763855E-017  -1.6512693828958445E-017   3.9190749482027668E-016   3.3601153853999862E-018   6.4005882739985263E-016   5.1427784092925248E-002   1.6594290006050409E-017   2.4685103426518502E-017   8.8646218925720066E-018  -2.9589392745113120E-003   1.5946734687664080E-015   3.4230864651138843E-015   2.1033279725405287E-015  -1.0827891863863688E-003  -3.3927773515856383E-016   1.3760435693200223E-017   1.3657015848093811E-018  -2.6199997070590284E-016  -1.1405116084312129E-018  -3.3488464332913303E-016
  -3.1489442872779169E-006  -2.6602435395821644E-019  -3.8190058823280867E-018  -8.0437639727348890E-017   1.0005363331130139E-005  -1.4234177006548817E-018   3.5926969213852754E-018  -3.1123521833797058E-016  -1.2560477350555740E-019   1.6627322024627173E-018   8.0174218113704895E-020  -8.4769855136347166E-020   3.4386097419177875E-019   3.4165528974377341E-019  -2.2253697486986242E-016   2.9640953640450594E-006  -1.2481180955109104E-018  -2.8628936786356296E-018  -2.6600678294204392E-016  -4.4735827788872024E-003   3.1759740761125463E-016   1.0456975973951664E-015  -1.3670531770326331E-015  -5.8464721435110756E-020  -1.0019467568966909E-018   4.5738755718922580E-020   2.5167151244774141E-019  -6.1681138694028056E-020  -1.1769574521532955E-020
   1.4965408615094175E-018  -3.1489442872851061E-006   1.3376208148004458E-018  -1.6460988441258572E-017  -1.4234177006548817E-018   1.0005363331143151E-005   4.8272736421359666E-019  -9.1607925955593834E-017  -1.4309560029458071E-018  -3.2351776234339808E-020   3.2174100069556998E-018   2.8147445614812987E-018   6.4543799521832596E-019   1.7043545551148634E-018  -4.7144926415551361E-017   5.3544762429015349E-020   2.9640953640447050E-006   7.5660126472766558E-019   3.4023040291309807E-015   3.1875726410911140E-016  -4.4735827788901315E-003  -9.0079886180145339E-016   4.4471194177165558E-015   8.6244712387172470E-019  -3.0446670235253001E-019  -2.6137772075897810E-018  -2.2601090607687276E-018  -6.2657733909073369E-019  -1.9127672280136146E-019
   1.4598852550591802E-018  -4.8720005042032121E-020  -3.1489442872818886E-006  -3.0463522303670196E-017   3.5926969213852754E-018   4.8272736421359666E-019   1.0005363331129783E-005  -1.1360576693714068E-016  -7.5027977199356733E-018   1.6593558861931006E-019  -6.6988165723074303E-020  -2.7094077142361924E-018  -1.6248800116703648E-018  -4.3009048776043916E-018  -9.2483259257285614E-017   9.2816855302855556E-020  -2.5974187182005811E-018   2.9640953640479474E-006   1.3089265559062953E-015  -2.6525829078762070E-015   6.8222777569298882E-016  -4.4735827788871339E-003   1.0627919323919128E-015   4.7449320283718861E-018   5.4309884849154858E-020   3.6699353176728690E-019  -5.6640378114746441E-019   4.9948284679711061E-019   2.7593710595891457E-018
  -2.3493915552830457E-016  -2.1302506280785367E-016   2.6463874670070732E-016   7.4644652360129224E-002  -3.1123521833797058E-016  -9.1607925955593834E-017  -1.1360576693714068E-016  0.31225213688388981        2.5804450780773516E-015  -1.1861240684146134E-016  -4.6478588139533290E-017   1.5917228213251148E-015   3.7521517492212601E-017   2.6828625181297657E-015  0.21481179396956623        8.3969124004135938E-017   1.4880517257353293E-016   5.4496820553061584E-017  -5.2410643382183403E-002  -2.3448142835501407E-015  -3.9350885221235348E-015  -8.5118567794750573E-015  -2.6587142723900645E-003  -1.4527207905450545E-015   7.1963082878683546E-017  -6.0898024556540187E-018  -1.0871520194381391E-015  -2.3466104692405573E-017  -1.4250664111626807E-015
   3.9531041583407026E-020   4.5035853088905300E-019   2.3613227463045838E-018   6.1640284052823329E-016  -1.2560477350555740E-019  -1.4309560029458071E-018  -7.5027977199356733E-018   2.5804450780773516E-015   3.0565801355897602E-029  -2.1229110344683199E-030   1.3656395727159517E-030   7.3465740250517115E-030   1.6341529205867562E-030   2.7451617756833498E-029   1.7744472137017158E-015  -3.7210495460218925E-020  -4.2392164222403812E-019  -2.2227086816369816E-018  -6.5079251114667087E-016   5.6160214587805024E-017   6.3980686360127320E-016   3.3546394631105106E-015  -2.6238743286590767E-015  -1.8783619355589173E-029   1.6489374145843701E-030  -3.2639436970855944E-030  -2.0285318921257628E-030   3.2504750125088213E-031  -1.5711510794209923E-029
  -5.2330444152016593E-019   1.0181933186713761E-020  -5.2224182826209171E-020  -2.3733574499763855E-017   1.6627322024627173E-018  -3.2351776234339808E-020   1.6593558861931006E-019  -1.1861240684146134E-016  -2.1229110344683199E-030   1.0582274646954177E-030  -1.1163353973492903E-030   2.5324402162182994E-030  -5.9240715301168434E-031  -1.8118959350837830E-030  -7.3894746910807838E-017   4.9258549138604888E-019  -9.5842346562762877E-021   4.9158525549403119E-020   1.0184519599368699E-015  -7.4343828411483123E-016   1.4465076804571284E-017  -7.4192867072908739E-017   6.8775119259958715E-016   2.2712810042925813E-030  -8.2085054571913573E-031   1.2306622762752991E-030  -1.4981815900033000E-030   2.2124638509406851E-031   1.6835714191321117E-030
  -2.5232881383990904E-020  -1.0126013944647091E-018   2.1082892724109325E-020  -1.6512693828958445E-017   8.0174218113704895E-020   3.2174100069556998E-018  -6.6988165723074303E-020  -4.6478588139533290E-017   1.3656395727159517E-030  -1.1163353973492903E-030   2.9825923520714752E-030  -5.1895643592696227E-030   9.6677102120531731E-031   1.7492411081220448E-030  -4.0976632083390438E-017   2.3751664020192200E-020   9.5315979742746785E-019  -1.9845287460688875E-020  -1.1948990258450362E-015  -3.5847374012234539E-017  -1.4385634507613569E-015   2.9951646396138693E-017  -1.5598808942098125E-015  -2.3482877027420830E-030   9.1005427690223597E-031  -3.2059863201470143E-030   3.5203062975277854E-030  -2.0356117156087183E-031  -1.6846597917837157E-030
   2.6679246149758361E-020  -8.8587225808277275E-019   8.5272005236720226E-019   3.9190749482027668E-016  -8.4769855136347166E-020   2.8147445614812987E-018  -2.7094077142361924E-018   1.5917228213251148E-015   7.3465740250517115E-030   2.5324402162182994E-030  -5.1895643592696227E-030   2.8230940271266334E-029  -8.9908770792183082E-031   1.0069677967380567E-029   1.1140057837367806E-015  -2.5113124464720542E-020   8.3386989851153833E-019  -8.0266378934161370E-019   2.3744882367894741E-015   3.7902168220400402E-017  -1.2585242914620622E-015   1.2114262411336005E-015   5.4826281264946154E-015   3.3695058513848093E-032  -2.7418007538834956E-030   6.8993616425262557E-030  -1.9868452902779844E-029  -1.1435494750562595E-030  -2.6795734184731445E-030
  -1.0822186206260429E-019  -2.0313588028388401E-019   5.1139138689271939E-019   3.3601153853999862E-018   3.4386097419177875E-019   6.4543799521832596E-019  -1.6248800116703648E-018   3.7521517492212601E-017   1.6341529205867562E-030  -5.9240715301168434E-031   9.6677102120531731E-031  -8.9908770792183082E-031   1.0142691755213046E-030   1.3981710830898734E-030   1.6457109497214528E-017   1.0186903621096810E-019   1.9121142392423735E-019  -4.8137175536023399E-019  -1.1821263457877904E-015  -1.5374659385803897E-016  -2.8858725112696795E-016   7.2651387035062593E-016  -5.7478098326011727E-017  -1.9994426436094890E-030   4.0994767051622820E-031  -7.1341659450263399E-031   3.4838453048064217E-031  -6.3674961953190835E-031  -1.4180126626048874E-030
  -1.0752767663847086E-019  -5.3640406272337603E-019   1.3536050012655341E-018   6.4005882739985263E-016   3.4165528974377341E-019   1.7043545551148634E-018  -4.3009048776043916E-018   2.6828625181297657E-015   2.7451617756833498E-029  -1.8118959350837830E-030   1.7492411081220448E-030   1.0069677967380567E-029   1.3981710830898734E-030   2.6779180468685508E-029   1.8435208609351440E-015   1.0121560076809508E-019   5.0491614031154541E-019  -1.2741458542779924E-018  -8.0072303173610829E-016  -1.5276039159523863E-016  -7.6204840689593106E-016   1.9230140233097939E-015  -1.7640798727401960E-015  -1.6631277294035699E-029   1.2812584591773298E-030  -2.9422373042307572E-030  -5.2495106320898315E-030  -7.9995964575516631E-032  -1.4860293906480659E-029
  -1.5450642066314564E-016  -1.6219155086113789E-016   1.8129822655264622E-016   5.1427784092925248E-002  -2.2253697486986242E-016  -4.7144926415551361E-017  -9.2483259257285614E-017  0.21481179396956623        1.7744472137017158E-015  -7.3894746910807838E-017  -4.0976632083390438E-017   1.1140057837367806E-015   1.6457109497214528E-017   1.8435208609351440E-015  0.14790593020103104        5.2457002258113987E-017   8.6249589376867070E-017   2.7939152939064809E-017  -2.0094223099431766E-002   1.2500273589014524E-015   1.5182641623242455E-015   4.9853058067726041E-015  -2.5846336397718989E-003  -9.8605963081788030E-016   4.3768457665461191E-017   5.0434458569663528E-019  -7.5140130781203295E-016  -8.6861349032664340E-018  -9.7072960437955061E-016
  -9.3287678364623336E-007  -2.2837794878592343E-019  -8.2562011168967721E-019   1.6594290006050409E-017   2.9640953640450594E-006   5.3544762429015349E-020   9.2816855302855556E-020   8.3969124004135938E-017  -3.7210495460218925E-020   4.9258549138604888E-019   2.3751664020192200E-020  -2.5113124464720542E-020   1.0186903621096810E-019   1.0121560076809508E-019   5.2457002258113987E-017   8.7811517047237723E-007  -2.2896765723345301E-019  -1.1359481072376951E-018  -5.2396197040779985E-016  -1.3253017943201065E-003  -1.1839709535025956E-016   7.4417399389052915E-016  -1.7329183265748993E-015  -1.7320211576697470E-020  -2.9682737536282469E-019   1.3550135989787587E-020   7.4557848490478145E-020  -1.8273077268602372E-020  -3.4867440735435709E-021
   7.0344980157343165E-019  -9.3287678364703825E-007   1.2587536528614306E-018   2.4685103426518502E-017  -1.2481180955109104E-018   2.9640953640447050E-006  -2.5974187182005811E-018   1.4880517257353293E-016  -4.2392164222403812E-019  -9.5842346562762877E-021   9.5315979742746785E-019   8.3386989851153833E-019   1.9121142392423735E-019   5.0491614031154541E-019   8.6249589376867070E-017  -2.2896765723345301E-019   8.7811517047102505E-007  -5.8770966200667414E-019  -1.8472052945271619E-015   4.6394402287504614E-016  -1.3253017943190921E-003   9.5843329639053052E-016  -3.2123693108165360E-015   2.5550051876156794E-019  -9.0198457672361334E-020  -7.7433318984177141E-019  -6.6955877237325054E-019  -1.8562394233419763E-019  -5.6665852963533836E-020
   1.6684926680231591E-018  -2.0754676784379501E-019  -9.3287678364835200E-007   8.8646218925720066E-018  -2.8628936786356296E-018   7.5660126472766558E-019   2.9640953640479474E-006   5.4496820553061584E-017  -2.2227086816369816E-018   4.9158525549403119E-020  -1.9845287460688875E-020  -8.0266378934161370E-019  -4.8137175536023399E-019  -1.2741458542779924E-018   2.7939152939064809E-017  -1.1359481072376951E-018  -5.8770966200667414E-019   8.7811517047411947E-007  -3.2408781536592029E-016   9.7010878208710243E-016  -7.2238332116681007E-017  -1.3253017943214245E-003  -3.5399694845125250E-016   1.4056891851437250E-018   1.6089338546211340E-020   1.0872207136645712E-019  -1.6779748683811344E-019   1.4797211671518309E-019   8.1746546274393637E-019
   8.3053985032073537E-016  -2.4069021846006152E-015  -1.1025657848721685E-015  -2.9589392745113120E-003  -2.6600678294204392E-016   3.4023040291309807E-015   1.3089265559062953E-015  -5.2410643382183403E-002  -6.5079251114667087E-016   1.0184519599368699E-015  -1.1948990258450362E-015   2.3744882367894741E-015  -1.1821263457877904E-015  -8.0072303173610829E-016  -2.0094223099431766E-002  -5.2396197040779985E-016  -1.8472052945271619E-015  -3.2408781536592029E-016   2.0102323325727114        3.3588093349147147E-016   4.1149357015928458E-016   3.2473905564796045E-015   4.4689817099311495E-004   2.0210841344590759E-015  -7.6643203843821322E-016   7.0738247719863740E-016  -4.8022106705476527E-016   9.0620090586149414E-016   1.5113023779546129E-015
   1.4079511626941131E-003   2.1892615359746336E-016   2.0368208791627358E-015   1.5946734687664080E-015  -4.4735827788872024E-003   3.1875726410911140E-016  -2.6525829078762070E-015  -2.3448142835501407E-015   5.6160214587805024E-017  -7.4343828411483123E-016  -3.5847374012234539E-017   3.7902168220400402E-017  -1.5374659385803897E-016  -1.5276039159523863E-016   1.2500273589014524E-015  -1.3253017943201065E-003   4.6394402287504614E-016   9.7010878208710243E-016   3.3588093349147147E-016   2.0002215029302306        3.6519595324429233E-017   2.3435538178042531E-016  -3.3522144245786254E-016   2.6140656997835038E-017   4.4798890441804016E-016  -2.0450642635127540E-017  -1.1252698245335628E-016   2.7578776573409417E-017   5.2623941930360034E-018
  -5.6878427832000865E-016   1.4079511626964184E-003  -8.8071876659961129E-016   3.4230864651138843E-015   3.1759740761125463E-016  -4.4735827788901315E-003   6.8222777569298882E-016  -3.9350885221235348E-015   6.3980686360127320E-016   1.4465076804571284E-017  -1.4385634507613569E-015  -1.2585242914620622E-015  -2.8858725112696795E-016  -7.6204840689593106E-016   1.5182641623242455E-015  -1.1839709535025956E-016  -1.3253017943190921E-003  -7.2238332116681007E-017   4.1149357015928458E-016   3.6519595324429233E-017   2.0002215029302484        1.2227634745507346E-015  -8.8234475029187189E-017  -3.8561604144894457E-016   1.3613268716962886E-016   1.1686680749876990E-015   1.0105365130665740E-015   2.8015430334995058E-016   8.5523356307393631E-017
  -1.4874125335690203E-015   2.3735888174058124E-016   1.4079511626959175E-003   2.1033279725405287E-015   1.0456975973951664E-015  -9.0079886180145339E-016  -4.4735827788871339E-003  -8.5118567794750573E-015   3.3546394631105106E-015  -7.4192867072908739E-017   2.9951646396138693E-017   1.2114262411336005E-015   7.2651387035062593E-016   1.9230140233097939E-015   4.9853058067726041E-015   7.4417399389052915E-016   9.5843329639053052E-016  -1.3253017943214245E-003   3.2473905564796045E-015   2.3435538178042531E-016   1.2227634745507346E-015   2.0002215029302404        5.7094728295492853E-016  -2.1215467651293295E-015  -2.4282952807432304E-017  -1.6408958768735079E-016   2.5324959397980026E-016  -2.2332800797224920E-016  -1.2337657758335460E-015
   3.1946550203737227E-015  -2.2800525462178001E-015  -1.5986795725119822E-016  -1.0827891863863688E-003  -1.3670531770326331E-015   4.4471194177165558E-015   1.0627919323919128E-015  -2.6587142723900645E-003  -2.6238743286590767E-015   6.8775119259958715E-016  -1.5598808942098125E-015   5.4826281264946154E-015  -5.7478098326011727E-017  -1.7640798727401960E-015  -2.5846336397718989E-003  -1.7329183265748993E-015  -3.2123693108165360E-015  -3.5399694845125250E-016   4.4689817099311495E-004  -3.3522144245786254E-016  -8.8234475029187189E-017   5.7094728295492853E-016   2.0000079840959968        2.2448313104387143E-015  -7.3606720320072656E-016   2.4865530431635645E-015  -4.7093969699924594E-015  -6.9256736903278051E-016   1.3609477035356369E-015
   1.8400346348568363E-020  -2.7143421522318119E-019  -1.4933517264493369E-018  -3.3927773515856383E-016  -5.8464721435110756E-020   8.6244712387172470E-019   4.7449320283718861E-018  -1.4527207905450545E-015  -1.8783619355589173E-029   2.2712810042925813E-030  -2.3482877027420830E-030   3.3695058513848093E-032  -1.9994426436094890E-030  -1.6631277294035699E-029  -9.8605963081788030E-016  -1.7320211576697470E-020   2.5550051876156794E-019   1.4056891851437250E-018   2.0210841344590759E-015   2.6140656997835038E-017  -3.8561604144894457E-016  -2.1215467651293295E-015   2.2448313104387143E-015   1.3153682238345116E-029  -1.8202334187798804E-030   3.3795718036814201E-030  -1.2626471934023164E-030   3.2030154767692888E-031   1.0557370574106800E-029
   3.1533832524164633E-019   9.5823475002241151E-020  -1.7092712775558416E-020   1.3760435693200223E-017  -1.0019467568966909E-018  -3.0446670235253001E-019   5.4309884849154858E-020   7.1963082878683546E-017   1.6489374145843701E-030  -8.2085054571913573E-031   9.1005427690223597E-031  -2.7418007538834956E-030   4.0994767051622820E-031   1.2812584591773298E-030   4.3768457665461191E-017  -2.9682737536282469E-019  -9.0198457672361334E-020   1.6089338546211340E-020  -7.6643203843821322E-016   4.4798890441804016E-016   1.3613268716962886E-016  -2.4282952807432304E-017  -7.3606720320072656E-016  -1.8202334187798804E-030   6.8124948196774441E-031  -1.1050456295821124E-030   1.7749125545446550E-030  -6.2769997259562684E-032  -1.2819146771185838E-030
  -1.4395158749019269E-020   8.2262268082169565E-019  -1.1550227084074089E-019   1.3657015848093811E-018   4.5738755718922580E-020  -2.6137772075897810E-018   3.6699353176728690E-019  -6.0898024556540187E-018  -3.2639436970855944E-030   1.2306622762752991E-030  -3.2059863201470143E-030   6.8993616425262557E-030  -7.1341659450263399E-031  -2.9422373042307572E-030   5.0434458569663528E-019   1.3550135989787587E-020  -7.7433318984177141E-019   1.0872207136645712E-019   7.0738247719863740E-016  -2.0450642635127540E-017   1.1686680749876990E-015  -1.6408958768735079E-016   2.4865530431635645E-015   3.3795718036814201E-030  -1.1050456295821124E-030   4.0372656902427721E-030  -5.5083915496774302E-030  -3.6067509820598472E-031   2.3048071639362459E-030
  -7.9207475553325338E-020   7.1131425017120602E-019   1.7826178739315687E-019  -2.6199997070590284E-016   2.5167151244774141E-019  -2.2601090607687276E-018  -5.6640378114746441E-019  -1.0871520194381391E-015  -2.0285318921257628E-030  -1.4981815900033000E-030   3.5203062975277854E-030  -1.9868452902779844E-029   3.4838453048064217E-031  -5.2495106320898315E-030  -7.5140130781203295E-016   7.4557848490478145E-020  -6.6955877237325054E-019  -1.6779748683811344E-019  -4.8022106705476527E-016  -1.1252698245335628E-016   1.0105365130665740E-015   2.5324959397980026E-016  -4.7093969699924594E-015  -1.2626471934023164E-030   1.7749125545446550E-030  -5.5083915496774302E-030   1.5686363357327620E-029   1.5291390679705208E-030   1.2447594064478009E-030
   1.9412635292660629E-020   1.9719994838445965E-019  -1.5720005410777496E-019  -1.1405116084312129E-018  -6.1681138694028056E-020  -6.2657733909073369E-019   4.9948284679711061E-019  -2.3466104692405573E-017   3.2504750125088213E-031   2.2124638509406851E-031  -2.0356117156087183E-031  -1.1435494750562595E-030  -6.3674961953190835E-031  -7.9995964575516631E-032  -8.6861349032664340E-018  -1.8273077268602372E-020  -1.8562394233419763E-019   1.4797211671518309E-019   9.0620090586149414E-016   2.7578776573409417E-017   2.8015430334995058E-016  -2.2332800797224920E-016  -6.9256736903278051E-016   3.2030154767692888E-031  -6.2769997259562684E-032  -3.6067509820598472E-031   1.5291390679705208E-030   7.1302931692129461E-031   3.6316435281067880E-031
   3.7041867718224796E-021   6.0199687269505062E-020  -8.6844479775795568E-019  -3.3488464332913303E-016  -1.1769574521532955E-020  -1.9127672280136146E-019   2.7593710595891457E-018  -1.4250664111626807E-015  -1.5711510794209923E-029   1.6835714191321117E-030  -1.6846597917837157E-030  -2.6795734184731445E-030  -1.4180126626048874E-030  -1.4860293906480659E-029  -9.7072960437955061E-016  -3.4867440735435709E-021  -5.6665852963533836E-020   8.1746546274393637E-019   1.5113023779546129E-015   5.2623941930360034E-018   8.5523356307393631E-017  -1.2337657758335460E-015   1.3609477035356369E-015   1.0557370574106800E-029  -1.2819146771185838E-030   2.3048071639362459E-030   1.2447594064478009E-030   3.6316435281067880E-031   8.9866452752836800E-030
