   3.5434886876942588E-003  -2.2005333634515485E-017  -8.5021461476242430E-017   6.5859968586522598E-018   3.6589068479304078E-002   4.2366131626113065E-016  -1.6878910243231168E-016  -6.4524200989268215E-017   3.5298176824157715E-018  -3.8992880378437740E-018  -1.5908643595345464E-018  -7.9636951431412606E-018   1.0241113379573841E-017  -1.0529209794508677E-017   5.8778725299718476E-002   6.4055596086685582E-016  -3.5267741418237852E-016  -7.8523691168209255E-017  -9.5059809526232174E-016  -2.7032936480757056E-018   2.6550086055780461E-018   2.3457066022463593E-018   1.0771747405018592E-019  -2.2099707843062629E-018   3.1721999716261735E-018
  -2.2005333634515485E-017   3.5434886876939743E-003  -1.0791506797463166E-016   3.5630243757504845E-017  -6.4074739031293529E-016   3.6589068479302628E-002  -2.3275364247716743E-016  -2.0228666850796430E-016  -9.4551279499913937E-017   1.9714589488042402E-018   2.2148427253657843E-018  -8.9183291210658299E-017  -4.2259922839973940E-019  -8.0214775201429867E-017  -9.7313921244152057E-016   5.8778725299716145E-002  -3.6084958805748801E-016  -5.0073414750720111E-016   4.0532609467268523E-016  -5.2874207654567265E-017  -1.1131363562089585E-018  -4.8696209130182926E-019  -4.9431093417568656E-017  -3.5721494511540481E-019  -4.5858565543818208E-017
  -8.5021461476242430E-017  -1.0791506797463166E-016   3.5434886876934673E-003  -4.7814466592637233E-017  -6.1856867962202869E-016  -8.1831006001290701E-016   3.6589068479300026E-002   1.3398932471249322E-016   1.6656598315782361E-016  -2.8614479549321166E-018  -2.0465601707948990E-017   1.5282876391751783E-016   4.3444615783144735E-018   1.3836595416960222E-016  -1.0149301239931532E-015  -1.3013678676343510E-015   5.8778725299712009E-002   7.8706338106213090E-016   2.9145760587336389E-015   6.9165792526859078E-017   5.7436711830921390E-019   5.4547973214768368E-018   6.9265442462625456E-017  -1.0051132769725081E-018   7.0060642440538814E-017
   6.5859968586522598E-018   3.5630243757504845E-017  -4.7814466592637233E-017   6.5341713404190789E-004   1.0697009399089570E-016   5.3649038384424669E-016  -7.5510057931865983E-016   1.9753900313838578E-002   2.6035266016047866E-016   1.0770754925002490E-018  -2.9142572174404942E-018   2.6279144648252741E-016   5.0131197835761287E-018   2.4087458093538592E-016   1.6216424648747265E-016   8.4629156410642620E-016  -1.1885388719754215E-015   1.8928214860627138E-002   2.0622413450248882E-003  -6.5957047612067853E-017  -1.3401556882498438E-018   1.2120437495957146E-018   1.4271196016188061E-017  -2.5311473209711925E-018  -3.9867031395570450E-017
   3.6589068479304078E-002  -6.4074739031293529E-016  -6.1856867962202869E-016   1.0697009399089570E-016  0.37780843969741351        1.0465939096274135E-016   9.3500240102434296E-016   1.6339164353845751E-016   3.6447905520398339E-017  -4.0262952590377820E-017  -1.6426818348383850E-017  -8.2230878273251761E-017   1.0574685903495294E-016  -1.0872166166126080E-016  0.60693260079716294       -2.4531429405200145E-016   6.6022491293504793E-016   2.1585051543395142E-017   1.0345188008131950E-015  -2.7913450592508762E-017   2.7414872811641971E-017   2.4221107238186495E-017   1.1122603687789411E-018  -2.2819537323503195E-017   3.2755245528226384E-017
   4.2366131626113065E-016   3.6589068479302628E-002  -8.1831006001290701E-016   5.3649038384424669E-016   1.0465939096274135E-016  0.37780843969741384        6.5297431090655111E-016   3.1821479451316315E-015  -9.7630994348657774E-016   2.0356731131223355E-017   2.2869843617879776E-017  -9.2088160480053001E-016  -4.3636408833219143E-018  -8.2827522861567581E-016   7.4834344450380730E-016  0.60693260079716349        1.1837996945554541E-015  -1.3858879523193504E-016  -6.5262819613750414E-016  -5.4596421074533928E-016  -1.1493933226193584E-017  -5.0282337198753449E-018  -5.1041158063897818E-016  -3.6885011469203735E-018  -4.7352266168438869E-016
  -1.6878910243231168E-016  -2.3275364247716743E-016   3.6589068479300026E-002  -7.5510057931865983E-016   9.3500240102434296E-016   6.5297431090655111E-016  0.37780843969741423       -5.5180369182844119E-015   1.7199135375396471E-015  -2.9546507524251958E-017  -2.1132205246282981E-016   1.5780668717821871E-015   4.4859689476836560E-017   1.4287279623319235E-015   1.2828551155391610E-015   1.1853446826512459E-015  0.60693260079716460        1.4064043455408061E-015  -1.5397512187364568E-015   7.1418653824956815E-016   5.9307534682087734E-018   5.6324704359688678E-017   7.1521549548489114E-016  -1.0378517264159331E-017   7.2342650700804597E-016
  -6.4524200989268215E-017  -2.0228666850796430E-016   1.3398932471249322E-016   1.9753900313838578E-002   1.6339164353845751E-016   3.1821479451316315E-015  -5.5180369182844119E-015  0.59929831878277129        7.5737552045691600E-015  -8.9620472484239909E-018  -7.7742926276221241E-017   7.7167526849795757E-015   1.3736691975141762E-016   7.0825126884522867E-015   4.5103488062802603E-017   4.6073058341466011E-015  -8.3151186382663673E-015  0.57402234826732479       -2.4704156330434567E-003  -2.0220816970649089E-015  -2.8797024022713468E-017   4.7265693114931566E-017   3.3341315330357523E-016  -6.5177846855634536E-017  -1.2272688961682700E-015
   3.5298176824157715E-018  -9.4551279499913937E-017   1.6656598315782361E-016   2.6035266016047866E-016   3.6447905520398339E-017  -9.7630994348657774E-016   1.7199135375396471E-015   7.5737552045691600E-015   1.5604527230412362E-028   6.1007007324028575E-030  -3.6465449044184298E-030   1.4643687231902192E-028   4.2263102222927221E-030   1.3278073098887455E-028   5.8551953230095270E-017  -1.5683988786989946E-015   2.7629652670576585E-015   7.2891099919049467E-015   9.9726513829370552E-015  -1.7655316795511603E-029  -2.1290598269214225E-030  -7.4521064269458497E-031   2.4101540097822471E-029  -2.6499057402112554E-030  -8.2557519179354233E-030
  -3.8992880378437740E-018   1.9714589488042402E-018  -2.8614479549321166E-018   1.0770754925002490E-018  -4.0262952590377820E-017   2.0356731131223355E-017  -2.9546507524251958E-017  -8.9620472484239909E-018   6.1007007324028575E-030   8.2872304296314044E-031  -1.8969275871019909E-031   4.7648005859491822E-030   2.7317699476869197E-031   4.1889541358114632E-030  -6.4680658142583897E-017   3.2702191033893959E-017  -4.7465161631984822E-017  -4.1258420040200902E-018   1.2821825494286466E-015   3.6316919769534145E-031  -2.3740806888731094E-031  -2.1485798133076409E-031   1.8740470185085624E-030  -2.2492040001854937E-031   2.8317761580806831E-031
  -1.5908643595345464E-018   2.2148427253657843E-018  -2.0465601707948990E-017  -2.9142572174404942E-018  -1.6426818348383850E-017   2.2869843617879776E-017  -2.1132205246282981E-016  -7.7742926276221241E-017  -3.6465449044184298E-030  -1.8969275871019909E-031   1.8429266762438226E-031  -3.2285954928044270E-030  -1.2215233665180625E-031  -2.9010373084876840E-030  -2.6388959418142946E-017   3.6739395440559659E-017  -3.3947956009077568E-016  -7.5606526636891414E-017  -3.2824714959336299E-016  -2.7540213844747162E-031   5.8453825743781767E-032   1.4026081037773705E-032  -9.7718266848577832E-031   7.3698087092262759E-032  -3.6531755608609925E-031
  -7.9636951431412606E-018  -8.9183291210658299E-017   1.5282876391751783E-016   2.6279144648252741E-016  -8.2230878273251761E-017  -9.2088160480053001E-016   1.5780668717821871E-015   7.7167526849795757E-015   1.4643687231902192E-028   4.7648005859491822E-030  -3.2285954928044270E-030   1.3921604305369541E-028   3.7273559976983569E-030   1.2648893605555983E-028  -1.3210028038599878E-016  -1.4793556964356981E-015   2.5350948525387720E-015   7.4186876612266987E-015   7.8471201066015276E-015  -1.9165438145961110E-029  -1.7609149492970627E-030  -4.2053328670810262E-031   2.0584679794299103E-029  -2.2755045795353639E-030  -9.4806932838069826E-030
   1.0241113379573841E-017  -4.2259922839973940E-019   4.3444615783144735E-018   5.0131197835761287E-018   1.0574685903495294E-016  -4.3636408833219143E-018   4.4859689476836560E-017   1.3736691975141762E-016   4.2263102222927221E-030   2.7317699476869197E-031  -1.2215233665180625E-031   3.7273559976983569E-030   1.6908338764453506E-031   3.3419152800266178E-030   1.6987766665990156E-016  -7.0099966860997723E-018   7.2065113280518440E-017   1.3314964349373747E-016   4.5276459436728637E-016  -2.3338193759199053E-031  -8.0767563462360483E-032  -4.8792813442919213E-032   8.6146707342347978E-031  -1.0346313520172668E-031  -5.6878119688258906E-032
  -1.0529209794508677E-017  -8.0214775201429867E-017   1.3836595416960222E-016   2.4087458093538592E-016  -1.0872166166126080E-016  -8.2827522861567581E-016   1.4287279623319235E-015   7.0825126884522867E-015   1.3278073098887455E-028   4.1889541358114632E-030  -2.9010373084876840E-030   1.2648893605555983E-028   3.3419152800266178E-030   1.1496226147062525E-028  -1.7465655592001008E-016  -1.3305876361104994E-015   2.2951884788604758E-015   6.8079125657270767E-015   6.9050642532249946E-015  -1.7745562050647221E-029  -1.5652365777307073E-030  -3.4331219017190364E-031   1.8377920411092833E-029  -2.0330479724479044E-030  -8.8443614437781901E-030
   5.8778725299718476E-002  -9.7313921244152057E-016  -1.0149301239931532E-015   1.6216424648747265E-016  0.60693260079716294        7.4834344450380730E-016   1.2828551155391610E-015   4.5103488062802603E-017   5.8551953230095270E-017  -6.4680658142583897E-017  -2.6388959418142946E-017  -1.3210028038599878E-016   1.6987766665990156E-016  -1.7465655592001008E-016  0.97501046351805531        5.3804888062308764E-016   7.0852611971927715E-016  -1.8169851029665799E-016  -6.8511320545823472E-016  -4.4841727672635999E-017   4.4040784449970460E-017   3.8910140869360469E-017   1.7867972428710661E-018  -3.6658580596648262E-017   5.2619857762091369E-017
   6.4055596086685582E-016   5.8778725299716145E-002  -1.3013678676343510E-015   8.4629156410642620E-016  -2.4531429405200145E-016  0.60693260079716349        1.1853446826512459E-015   4.6073058341466011E-015  -1.5683988786989946E-015   3.2702191033893959E-017   3.6739395440559659E-017  -1.4793556964356981E-015  -7.0099966860997723E-018  -1.3305876361104994E-015   5.3804888062308764E-016  0.97501046351805620        2.1208620797075195E-015  -7.0252338843194164E-016  -3.8958975383515843E-017  -8.7706743299653927E-016  -1.8464496960284359E-017  -8.0776357761202985E-018  -8.1995370024637947E-016  -5.9254144664864839E-018  -7.6069327837852455E-016
  -3.5267741418237852E-016  -3.6084958805748801E-016   5.8778725299712009E-002  -1.1885388719754215E-015   6.6022491293504793E-016   1.1837996945554541E-015  0.60693260079716460       -8.3151186382663673E-015   2.7629652670576585E-015  -4.7465161631984822E-017  -3.3947956009077568E-016   2.5350948525387720E-015   7.2065113280518440E-017   2.2951884788604758E-015   7.0852611971927715E-016   2.1208620797075195E-015  0.97501046351805865        2.8062741171234355E-015   3.4926089038163244E-015   1.1473091852084974E-015   9.5274939597145925E-018   9.0483154197232307E-017   1.1489621596403215E-015  -1.6672630395974752E-017   1.1621527876287055E-015
  -7.8523691168209255E-017  -5.0073414750720111E-016   7.8706338106213090E-016   1.8928214860627138E-002   2.1585051543395142E-017  -1.3858879523193504E-016   1.4064043455408061E-015  0.57402234826732479        7.2891099919049467E-015  -4.1258420040200902E-018  -7.5606526636891414E-017   7.4186876612266987E-015   1.3314964349373747E-016   6.8079125657270767E-015  -1.8169851029665799E-016  -7.0252338843194164E-016   2.8062741171234355E-015  0.54983662800934852        4.5970548646164346E-003  -1.9345434245917095E-015  -2.8852424916106483E-017   4.4148584834892062E-017   3.3000986357106311E-016  -6.3672272548588327E-017  -1.1736046412163574E-015
  -9.5059809526232174E-016   4.0532609467268523E-016   2.9145760587336389E-015   2.0622413450248882E-003   1.0345188008131950E-015  -6.5262819613750414E-016  -1.5397512187364568E-015  -2.4704156330434567E-003   9.9726513829370552E-015   1.2821825494286466E-015  -3.2824714959336299E-016   7.8471201066015276E-015   4.5276459436728637E-016   6.9050642532249946E-015  -6.8511320545823472E-016  -3.8958975383515843E-017   3.4926089038163244E-015   4.5970548646164346E-003   2.0025878611190029        6.5687490447242192E-016  -3.6510559096962457E-016  -3.2334187156948729E-016   3.0639808969254383E-015  -3.5731151602821778E-016   5.5235500437722042E-016
  -2.7032936480757056E-018  -5.2874207654567265E-017   6.9165792526859078E-017  -6.5957047612067853E-017  -2.7913450592508762E-017  -5.4596421074533928E-016   7.1418653824956815E-016  -2.0220816970649089E-015  -1.7655316795511603E-029   3.6316919769534145E-031  -2.7540213844747162E-031  -1.9165438145961110E-029  -2.3338193759199053E-031  -1.7745562050647221E-029  -4.4841727672635999E-017  -8.7706743299653927E-016   1.1473091852084974E-015  -1.9345434245917095E-015   6.5687490447242192E-016   9.1737816578455915E-030   4.6801077476902078E-033  -1.5218070331053161E-031   1.9572643973562186E-030   9.1509434474188220E-032   6.3675304401323362E-030
   2.6550086055780461E-018  -1.1131363562089585E-018   5.7436711830921390E-019  -1.3401556882498438E-018   2.7414872811641971E-017  -1.1493933226193584E-017   5.9307534682087734E-018  -2.8797024022713468E-017  -2.1290598269214225E-030  -2.3740806888731094E-031   5.8453825743781767E-032  -1.7609149492970627E-030  -8.0767563462360483E-032  -1.5652365777307073E-030   4.4040784449970460E-017  -1.8464496960284359E-017   9.5274939597145925E-018  -2.8852424916106483E-017  -3.6510559096962457E-016   4.6801077476902078E-033   7.0424356597927828E-032   5.9458140626355461E-032  -5.4823542726133467E-031   6.6639754794351152E-032  -1.2703646896293592E-032
   2.3457066022463593E-018  -4.8696209130182926E-019   5.4547973214768368E-018   1.2120437495957146E-018   2.4221107238186495E-017  -5.0282337198753449E-018   5.6324704359688678E-017   4.7265693114931566E-017  -7.4521064269458497E-031  -2.1485798133076409E-031   1.4026081037773705E-032  -4.2053328670810262E-031  -4.8792813442919213E-032  -3.4331219017190364E-031   3.8910140869360469E-017  -8.0776357761202985E-018   9.0483154197232307E-017   4.4148584834892062E-017  -3.2334187156948729E-016  -1.5218070331053161E-031   5.9458140626355461E-032   6.5889328309449521E-032  -3.5485635123440632E-031   4.9599533471404013E-032  -6.8855041482920467E-032
   1.0771747405018592E-019  -4.9431093417568656E-017   6.9265442462625456E-017   1.4271196016188061E-017   1.1122603687789411E-018  -5.1041158063897818E-016   7.1521549548489114E-016   3.3341315330357523E-016   2.4101540097822471E-029   1.8740470185085624E-030  -9.7718266848577832E-031   2.0584679794299103E-029   8.6146707342347978E-031   1.8377920411092833E-029   1.7867972428710661E-018  -8.1995370024637947E-016   1.1489621596403215E-015   3.3000986357106311E-016   3.0639808969254383E-015   1.9572643973562186E-030  -5.4823542726133467E-031  -3.5485635123440632E-031   6.9211525103826533E-030  -5.9834199573432656E-031   2.1642793383501790E-030
  -2.2099707843062629E-018  -3.5721494511540481E-019  -1.0051132769725081E-018  -2.5311473209711925E-018  -2.2819537323503195E-017  -3.6885011469203735E-018  -1.0378517264159331E-017  -6.5177846855634536E-017  -2.6499057402112554E-030  -2.2492040001854937E-031   7.3698087092262759E-032  -2.2755045795353639E-030  -1.0346313520172668E-031  -2.0330479724479044E-030  -3.6658580596648262E-017  -5.9254144664864839E-018  -1.6672630395974752E-017  -6.3672272548588327E-017  -3.5731151602821778E-016   9.1509434474188220E-032   6.6639754794351152E-032   4.9599533471404013E-032  -5.9834199573432656E-031   7.2637453464351035E-032   1.8520636572012805E-032
   3.1721999716261735E-018  -4.5858565543818208E-017   7.0060642440538814E-017  -3.9867031395570450E-017   3.2755245528226384E-017  -4.7352266168438869E-016   7.2342650700804597E-016  -1.2272688961682700E-015  -8.2557519179354233E-030   2.8317761580806831E-031  -3.6531755608609925E-031  -9.4806932838069826E-030  -5.6878119688258906E-032  -8.8443614437781901E-030   5.2619857762091369E-017  -7.6069327837852455E-016   1.1621527876287055E-015  -1.1736046412163574E-015   5.5235500437722042E-016   6.3675304401323362E-030  -1.2703646896293592E-032  -6.8855041482920467E-032   2.1642793383501790E-030   1.8520636572012805E-032   4.6443677274378046E-030
