   8.5658555158220513E-004   6.2884033715347127E-017  -6.1806392739480393E-017   1.4340759322737609E-017   2.1069027155067713E-002   3.2472490340651299E-016  -3.8594791543846178E-016  -1.4088281685453755E-017  -3.1233761067050870E-018  -5.2885246218283398E-018  -2.5381934791523037E-017   1.3711767555310875E-017   2.4653572100753069E-017  -2.6850895330206120E-016  -1.4663361616484980E-017   2.0076466346580610E-017  -1.4347077980871952E-017   5.3154735554316717E-018   4.6920177619083082E-017  -8.3980646145817780E-018   2.4082871171445024E-002   4.0579082689819624E-016  -4.1042653233940062E-016  -5.5708905155982336E-016   2.4474702632294901E-003  -3.7416214019168783E-016  -2.6122104340584517E-016  -3.3335086174268636E-016   1.4496622849275251E-016  -3.8741489379058564E-016  -4.1661699569850860E-018   1.0716223055367869E-015   3.4398582752734148E-016  -1.0534017655613885E-015   5.3502821825923697E-016
   6.2884033715347127E-017   8.5658555158335948E-004  -9.0987485100668892E-017  -8.2912750988158525E-017   1.1609829562970282E-015   2.1069027155081323E-002  -4.0079828765213731E-015   6.7901448384059581E-017  -3.5536202973409333E-018   1.6413717195119709E-018   3.1555387010471496E-017  -6.4529785629713225E-018   3.5144645663503596E-017   1.9658278300826413E-015   1.4757425083753097E-017   3.1214687438603450E-018   2.8427684412807069E-017   6.6805441857083985E-017   5.0616058274010147E-017  -1.0750758216768839E-017   1.3745264209260601E-015   2.4082871171461361E-002  -4.4308200297248253E-015   3.9637663633664387E-015   6.7755687463198582E-016   2.4474702632330879E-003  -1.3791074927421666E-015   1.3699588406284186E-016   1.3003163777775762E-016   5.1621340827899910E-016   6.1873105598118904E-016   8.2054773756294696E-016  -7.4153109970696789E-016   4.5628413159505697E-016  -3.8812064276193666E-015
  -6.1806392739480393E-017  -9.0987485100668892E-017   8.5658555158268414E-004   2.0112845897480036E-017  -1.1101542561377513E-015   1.7386520147861725E-015   2.1069027155073274E-002  -9.4771556535716586E-018   7.1454448354957263E-018  -6.7834965658237352E-018  -8.6581587650679570E-018   6.1827785006803213E-018  -1.4756738966283373E-016  -6.4919733813181730E-016  -6.0312854277050424E-017   9.2777986373348596E-018  -1.2187153540576171E-017  -5.4276479723071270E-017   1.9727325916392849E-018  -7.1750636630900629E-017  -1.2420117691577099E-015   1.9501773175392527E-015   2.4082871171451990E-002  -2.2095758426249369E-015  -1.5715436507143400E-015   2.8594781978450584E-015   2.4474702632306762E-003   6.6353151347244676E-016   5.3523933662105918E-016  -3.5234694449158541E-016   1.1248161735596257E-015   2.6149634463841922E-016  -1.8200424328990885E-015  -1.6367147021325141E-015   1.9838010352515534E-015
   1.4340759322737609E-017  -8.2912750988158525E-017   2.0112845897480036E-017   4.4639759122085217E-005   3.9202148790472162E-016  -2.4460245537943356E-015   7.0291597587870696E-016   5.3493309349979159E-017  -8.1743679685020417E-018   4.0760199494599490E-018  -3.3709326427895861E-018  -6.9885895957912299E-018   9.5735026686548808E-017   4.2037357643537332E-003  -1.3060731698366223E-015   9.6507259750880513E-019   7.9585186136566024E-018   1.3583947415560308E-015   6.0779508603851656E-018  -6.0505998563220770E-018   4.4461987003150566E-016  -2.8398376249528348E-015   7.6931055509041645E-016   8.4601995306895304E-003   1.6016542953921880E-015  -3.6385482959803342E-015   2.8407603874959350E-015  -2.4885691707609079E-014  -1.0670683394840684E-016   2.0090426222472624E-016   2.4843419244252608E-014  -3.0126070647127574E-017   3.8777546067408514E-016   8.0322610408189684E-004  -8.3288963947167009E-003
   2.1069027155067713E-002   1.1609829562970282E-015  -1.1101542561377513E-015   3.9202148790472162E-016  0.52039472212358617       -1.3796387941583318E-015  -7.9974309780909275E-016  -2.9432360678790617E-016  -8.8566127655776878E-017  -1.4337775217138999E-016  -6.0562536331902802E-016   3.3042195964395305E-016   6.4490085019131201E-016   6.8528413986108229E-016   8.5196945485541303E-017   2.8934867907796596E-016   2.0916443151640656E-016   1.3028378607927990E-016  -3.0729566942598415E-016  -5.5046014225192223E-016  0.59448687713587889       -7.0141443109413004E-016  -3.1150483668224149E-017   1.7744057766464049E-015  -5.6224114937779013E-003  -6.9899191686498274E-016  -3.2036988350820500E-016  -6.3270523875329495E-017  -2.6697210590301001E-016   6.2656874861311979E-016  -9.3785607713558347E-016  -1.3521752130441254E-015   1.1868579843932937E-015   2.1351637413687990E-015  -1.6594639781151096E-015
   3.2472490340651299E-016   2.1069027155081323E-002   1.7386520147861725E-015  -2.4460245537943356E-015  -1.3796387941583318E-015  0.52039472212356053        7.2283758839608581E-016   1.6149315684575098E-015  -1.1309351889953175E-016   6.0012849578906966E-017   8.0851164742980913E-016  -1.3892209552601587E-016   8.7516336098398091E-016  -3.3014791965480303E-016   2.5365506822663128E-016  -5.2926667470625415E-017  -1.7379022681608530E-017   7.9466624036419434E-016   1.2763422622815796E-016   7.0592769610992299E-016  -5.2808438503158805E-016  0.59448687713586845        4.4446868061043254E-015  -3.8502576906984083E-017  -1.1633743420653639E-016  -5.6224114937777556E-003   8.1019040218052729E-016  -1.8811110162105516E-016  -1.9844907347575302E-016  -3.8192612438198461E-016  -2.8391429489295851E-016  -5.5729068026474764E-016   8.6204270299485640E-016  -1.0827472145126019E-015   5.2652532401049326E-016
  -3.8594791543846178E-016  -4.0079828765213731E-015   2.1069027155073274E-002   7.0291597587870696E-016  -7.9974309780909275E-016   7.2283758839608581E-016  0.52039472212357052       -2.4322585244976111E-016   1.4818944752760375E-016  -1.4979976512017707E-016  -2.3537782985029534E-016   1.0813318297410733E-016  -3.5765787317504118E-015   1.0738391091734542E-014  -2.3788093095232123E-015  -4.3145055594448244E-016   1.8073444373640740E-016  -2.8011972620561643E-015  -2.7017937637350993E-016   5.4606751143879480E-016  -8.2109679840937366E-017  -4.4951022071249014E-016  0.59448687713587611       -1.4787066268431092E-016   1.7662377602958770E-015  -3.4473902140071122E-015  -5.6224114937743399E-003  -8.2877581546295455E-016  -3.8156817420770764E-016   8.4551549097476466E-016  -5.7453573281761812E-016   7.2349308311665625E-017   5.5509229167166015E-016   4.9562794971342816E-015  -4.0354393085120964E-015
  -1.4088281685453755E-017   6.7901448384059581E-017  -9.4771556535716586E-018   5.3493309349979159E-017  -2.9432360678790617E-016   1.6149315684575098E-015  -2.4322585244976111E-016   9.0431172705132359E-009   2.4768050123270579E-019   2.2418396889086406E-019  -4.5215586354112718E-009   2.8377816725297274E-020  -4.5215586347990142E-009   5.4054428218850115E-015  -6.8888269472974454E-006  -1.7898934129305684E-016  -3.0387273171743531E-017   3.4444134737720151E-006  -4.7243183172060913E-017   3.4444134735260770E-006  -3.4492061613212710E-016   1.8547802227483524E-015  -2.7641227115031354E-016   1.0666112988141877E-014  -1.6406954465159797E-015   1.8760872360207061E-015   3.1579487244448506E-016  -1.3136023308838325E-004  -3.4131066439753101E-015  -5.7700682430818246E-016   6.5680116546532226E-005  -9.0264566054833660E-016   6.5680116541851088E-005  -1.2279382999593020E-014  -1.0670220457865443E-014
  -3.1233761067050870E-018  -3.5536202973409333E-018   7.1454448354957263E-018  -8.1743679685020417E-018  -8.8566127655776878E-017  -1.1309351889953175E-016   1.4818944752760375E-016   2.4768050123270579E-019   9.0431172684253427E-009   3.3642907513550179E-020   3.2776357366418125E-020   6.4503963211116527E-020   1.5278127955081153E-020  -8.0512643384334441E-016  -9.6307982661944386E-018  -6.8888269465011125E-006   4.2644633391513383E-017  -3.3545624836551986E-017  -4.2458157206354769E-018   4.3730800247205707E-017  -9.9250524542643890E-017  -1.2511009462577709E-016   1.7389793571760360E-016  -1.6037362429464501E-015   3.5532860963238199E-016   7.7610695161173637E-016   8.8491117353157250E-016  -1.8462726858724597E-016  -1.3136023307321951E-004   8.1311826420694108E-016  -6.4473902645944314E-016  -7.7599284817911058E-017   8.2964850342903237E-016   6.8458025690608213E-016   1.5901398786324046E-015
  -5.2885246218283398E-018   1.6413717195119709E-018  -6.7834965658237352E-018   4.0760199494599490E-018  -1.4337775217138999E-016   6.0012849578906966E-017  -1.4979976512017707E-016   2.2418396889086406E-019   3.3642907513550179E-020   9.0431172685480550E-009  -2.5496405317206209E-019  -2.1942275767071582E-019  -2.4506866883859350E-021   3.7901183608665992E-016  -1.4056544288562570E-016  -6.8192217866004688E-017  -6.8888269465476883E-006   1.4613076016220906E-016   1.2913703882159350E-016  -5.6575604259851755E-018  -1.6176141808355873E-016   6.5547175504291971E-017  -1.7397982030440624E-016   7.6504021711187320E-016   3.6696364577127141E-016  -5.6367945177178516E-016  -5.5652004608925225E-016  -2.6795137199010127E-015  -1.3018623859830366E-015  -1.3136023307411094E-004   2.7861320863125456E-015   2.4635187930301379E-015  -1.0674243357721702E-016   2.2893711626782200E-016  -7.5122564812818342E-016
  -2.5381934791523037E-017   3.1555387010471496E-017  -8.6581587650679570E-018  -3.3709326427895861E-018  -6.0562536331902802E-016   8.0851164742980913E-016  -2.3537782985029534E-016  -4.5215586354112718E-009   3.2776357366418125E-020  -2.5496405317206209E-019   9.0431172706206056E-009   4.0065174453937532E-019  -4.5215586349793594E-009   3.9458861790635346E-016   3.4444134736442389E-006   8.8923682397035158E-018   4.8319185554843235E-017  -6.8888269473384621E-006  -1.7489802274832760E-016   3.4444134736946603E-006  -6.9534935527905034E-016   9.1912437648344251E-016  -2.6529102812388557E-016   5.5071071545298474E-016  -6.3750330158503051E-016  -8.5885251196695129E-016   7.1433805036533908E-016   6.5680116544097379E-005   1.6869708520660858E-016   9.1737997650966849E-016  -1.3136023308916295E-004  -3.3327764868851546E-015   6.5680116545065707E-005  -1.3552899521503488E-014  -7.2057049214770202E-016
   1.3711767555310875E-017  -6.4529785629713225E-018   6.1827785006803213E-018  -6.9885895957912299E-018   3.3042195964395305E-016  -1.3892209552601587E-016   1.0813318297410733E-016   2.8377816725297274E-020   6.4503963211116527E-020  -2.1942275767071582E-019   4.0065174453937532E-019   9.0431172690066340E-009  -3.9530593838556504E-019  -6.6553095514930082E-016   2.5706629592793796E-017  -4.5092508099362589E-017   3.8001838392073959E-017  -1.3064150199501694E-016  -6.8888269467227894E-006   1.0496435200772304E-016   3.7889831489164923E-016  -1.6177017015567816E-016   1.3071006108623375E-016  -1.3358447763828976E-015   3.0474013404893551E-016  -5.7551258293531089E-016   1.3639096287000292E-015   4.9034281953620923E-016  -8.5929815555693020E-016   7.2379357095618138E-016  -2.4869746242647254E-015  -1.3136023307744145E-004   1.9966737618106743E-015   4.8160748538414905E-017   1.3174590101448858E-015
   2.4653572100753069E-017   3.5144645663503596E-017  -1.4756738966283373E-016   9.5735026686548808E-017   6.4490085019131201E-016   8.7516336098398091E-016  -3.5765787317504118E-015  -4.5215586347990142E-009   1.5278127955081153E-020  -2.4506866883859350E-021  -4.5215586349793594E-009  -3.9530593838556504E-019   9.0431172692454509E-009   9.6083681335472092E-015   3.4444134734224268E-006  -5.5186751881306446E-017   7.3824813981029628E-018   3.4444134733912586E-006   1.9645136992936425E-016  -6.8888269468147696E-006   7.3117814196295486E-016   9.9850098411056601E-016  -4.0968528257555274E-015   1.9080576034282680E-014  -1.0823814873356307E-015  -2.6493584465745518E-016  -2.1262885368024572E-015   6.5680116539885240E-005  -1.0514339625943029E-015   1.4233670520399821E-016   6.5680116539290135E-005   3.7455531249580331E-015  -1.3136023307917555E-004  -1.2806618831281283E-014  -1.8975077475717051E-014
  -2.6850895330206120E-016   1.9658278300826413E-015  -6.4919733813181730E-016   4.2037357643537332E-003   6.8528413986108229E-016  -3.3014791965480303E-016   1.0738391091734542E-014   5.4054428218850115E-015  -8.0512643384334441E-016   3.7901183608665992E-016   3.9458861790635346E-016  -6.6553095514930082E-016   9.6083681335472092E-015  0.39907290665088430        5.9894757501443517E-015   1.3293006905715132E-015  -3.4107132280419995E-016   4.4689711077965012E-015   8.5886271798253825E-016  -2.3990099902663336E-015  -1.1445888281305008E-016  -2.8767524666833172E-015   7.9395591952251694E-015  0.80178563110124335        4.7007460776024344E-015   4.1335904721391613E-015  -4.1999384291727607E-015   9.2708766741227614E-014   1.3382329685146831E-014  -2.3971862539859115E-015  -3.8677213624801366E-014   2.4326715528621316E-015  -1.9414283155368362E-014  -3.4398768567996808E-003 -0.79037421416452858     
  -1.4663361616484980E-017   1.4757425083753097E-017  -6.0312854277050424E-017  -1.3060731698366223E-015   8.5196945485541303E-017   2.5365506822663128E-016  -2.3788093095232123E-015  -6.8888269472974454E-006  -9.6307982661944386E-018  -1.4056544288562570E-016   3.4444134736442389E-006   2.5706629592793796E-017   3.4444134734224268E-006   5.9894757501443517E-015   5.2477409382437551E-003  -4.3304241791017569E-017   1.3317147287938555E-016  -2.6238704691226374E-003  -6.1686603751890547E-017  -2.6238704691216109E-003   1.1398850625251844E-016   3.2542551888403246E-016  -2.5612371192088904E-015  -3.6544529921766082E-016  -5.9692774375677102E-016  -2.2698842279686253E-015  -3.3743669252754606E-016  0.10006703290835131       -8.0148544458159287E-016   6.8393167106279921E-016  -5.0033516454182206E-002   1.8322762605121058E-016  -5.0033516454169147E-002  -3.1140406135417021E-014  -2.1963946250630463E-015
   2.0076466346580610E-017   3.1214687438603450E-018   9.2777986373348596E-018   9.6507259750880513E-019   2.8934867907796596E-016  -5.2926667470625415E-017  -4.3145055594448244E-016  -1.7898934129305684E-016  -6.8888269465011125E-006  -6.8192217866004688E-017   8.8923682397035158E-018  -4.5092508099362589E-017  -5.5186751881306446E-017   1.3293006905715132E-015  -4.3304241791017569E-017   5.2477409382421097E-003  -6.1524661640290336E-017  -2.3994082291372718E-016   1.5294347179956966E-016  -1.3906573693131916E-016   2.8757357119586733E-016  -6.8310142601329263E-017  -4.5266236029803866E-016   9.6003688821871607E-016   1.1086266081987106E-016  -1.4449438945707793E-015  -1.5791109755401476E-015  -7.8068485649551872E-017  0.10006703290833610       -1.1313920720429368E-015  -7.1223273589644609E-016   3.5498812006248978E-016   5.7532171843406785E-016   1.3681961749810932E-017  -1.2777066402704965E-015
  -1.4347077980871952E-017   2.8427684412807069E-017  -1.2187153540576171E-017   7.9585186136566024E-018   2.0916443151640656E-016  -1.7379022681608530E-017   1.8073444373640740E-016  -3.0387273171743531E-017   4.2644633391513383E-017  -6.8888269465476883E-006   4.8319185554843235E-017   3.8001838392073959E-017   7.3824813981029628E-018  -3.4107132280419995E-016   1.3317147287938555E-016  -6.1524661640290336E-017   5.2477409382418617E-003  -1.7103892781934195E-016   9.1766490714340314E-018   1.0813614357386720E-016   1.5555219954016695E-016   1.7009439559446906E-017   1.4063224986229010E-016  -3.7875173449043424E-016  -8.4774112979401386E-016   9.3257094393521775E-016   5.6481596445945378E-016   1.8755731966439215E-015  -5.5531480021995027E-018  0.10006703290833385       -2.9751896747035802E-015  -6.3039918879633019E-016   1.1941284143142718E-015  -7.7792572571815430E-016   4.2956273819850007E-016
   5.3154735554316717E-018   6.6805441857083985E-017  -5.4276479723071270E-017   1.3583947415560308E-015   1.3028378607927990E-016   7.9466624036419434E-016  -2.8011972620561643E-015   3.4444134737720151E-006  -3.3545624836551986E-017   1.4613076016220906E-016  -6.8888269473384621E-006  -1.3064150199501694E-016   3.4444134733912586E-006   4.4689711077965012E-015  -2.6238704691226374E-003  -2.3994082291372718E-016  -1.7103892781934195E-016   5.2477409382439399E-003   2.5349117954789217E-016  -2.6238704691216360E-003   2.1955061511826447E-016   9.2823390541819823E-016  -3.0869937528763780E-015   1.5951871005328628E-014  -1.2822589654584574E-015   1.1244537399980023E-015  -6.7743524746014969E-016  -5.0033516454183469E-002  -3.9142188703591511E-015  -2.1522768376553427E-016  0.10006703290835298        3.0948737360847254E-015  -5.0033516454169605E-002  -3.0896035143902852E-014  -1.4699300360287066E-014
   4.6920177619083082E-017   5.0616058274010147E-017   1.9727325916392849E-018   6.0779508603851656E-018  -3.0729566942598415E-016   1.2763422622815796E-016  -2.7017937637350993E-016  -4.7243183172060913E-017  -4.2458157206354769E-018   1.2913703882159350E-016  -1.7489802274832760E-016  -6.8888269467227894E-006   1.9645136992936425E-016   8.5886271798253825E-016  -6.1686603751890547E-017   1.5294347179956966E-016   9.1766490714340314E-018   2.5349117954789217E-016   5.2477409382425235E-003  -2.1426132505183513E-016  -2.0256861962701900E-016   1.7104231052044380E-016  -2.9956640968699267E-016   1.2966296870350809E-015   2.1867178842552818E-016   8.9883490550812361E-016  -4.6706054641442764E-016  -1.2932702326585608E-015   2.4955360924971461E-015   8.2096804940139022E-016   1.6533617262283128E-015  0.10006703290834006       -3.9205216425196337E-016  -1.3704395037709749E-016  -1.3378521891257869E-015
  -8.3980646145817780E-018  -1.0750758216768839E-017  -7.1750636630900629E-017  -6.0505998563220770E-018  -5.5046014225192223E-016   7.0592769610992299E-016   5.4606751143879480E-016   3.4444134735260770E-006   4.3730800247205707E-017  -5.6575604259851755E-018   3.4444134736946603E-006   1.0496435200772304E-016  -6.8888269468147696E-006  -2.3990099902663336E-015  -2.6238704691216109E-003  -1.3906573693131916E-016   1.0813614357386720E-016  -2.6238704691216360E-003  -2.1426132505183513E-016   5.2477409382440726E-003  -7.3273107488816692E-016   7.4951885073709073E-016   3.5955094303877807E-016  -9.4350952605984657E-016  -1.2507154821620474E-015   9.6805724419070000E-016   2.0180733930707466E-015  -5.0033516454177238E-002  -3.3371706870203635E-015   8.7121404383251887E-016  -5.0033516454177134E-002  -3.7063260684003900E-015  0.10006703290835450       -2.8441747999162158E-014   1.2879899773641389E-015
   2.4082871171445024E-002   1.3745264209260601E-015  -1.2420117691577099E-015   4.4461987003150566E-016  0.59448687713587889       -5.2808438503158805E-016  -8.2109679840937366E-017  -3.4492061613212710E-016  -9.9250524542643890E-017  -1.6176141808355873E-016  -6.9534935527905034E-016   3.7889831489164923E-016   7.3117814196295486E-016  -1.1445888281305008E-016   1.1398850625251844E-016   2.8757357119586733E-016   1.5555219954016695E-016   2.1955061511826447E-016  -2.0256861962701900E-016  -7.3273107488816692E-016  0.67918372158287821        4.0924905066359873E-016   9.0375366153423731E-016   8.9430609031497391E-017   4.1394958588247084E-003   8.0404433111525009E-016   5.6794490849642817E-016   3.0305712968534928E-016  -1.1388867611275753E-015  -7.8644412673611903E-016   4.0750481466261113E-016   1.2645813062784689E-015  -5.0253586924710300E-016  -2.1609309024321426E-015  -5.7098028455390518E-017
   4.0579082689819624E-016   2.4082871171461361E-002   1.9501773175392527E-015  -2.8398376249528348E-015  -7.0141443109413004E-016  0.59448687713586845       -4.4951022071249014E-016   1.8547802227483524E-015  -1.2511009462577709E-016   6.5547175504291971E-017   9.1912437648344251E-016  -1.6177017015567816E-016   9.9850098411056601E-016  -2.8767524666833172E-015   3.2542551888403246E-016  -6.8310142601329263E-017   1.7009439559446906E-017   9.2823390541819823E-016   1.7104231052044380E-016   7.4951885073709073E-016   4.0924905066359873E-016  0.67918372158288787        3.6550623638831325E-015  -5.1319483635379145E-015   7.7592453133230183E-016   4.1394958588292586E-003   7.4954284315711939E-016   6.9811181287769515E-016  -2.2756266217978766E-016   1.7258092372100810E-016  -5.3931220568864976E-017  -2.4832798643826718E-016  -2.0493017083709598E-016  -4.6165598294411599E-016   5.6254533447007828E-015
  -4.1042653233940062E-016  -4.4308200297248253E-015   2.4082871171451990E-002   7.6931055509041645E-016  -3.1150483668224149E-017   4.4446868061043254E-015  0.59448687713587611       -2.7641227115031354E-016   1.7389793571760360E-016  -1.7397982030440624E-016  -2.6529102812388557E-016   1.3071006108623375E-016  -4.0968528257555274E-015   7.9395591952251694E-015  -2.5612371192088904E-015  -4.5266236029803866E-016   1.4063224986229010E-016  -3.0869937528763780E-015  -2.9956640968699267E-016   3.5955094303877807E-016   9.0375366153423731E-016   3.6550623638831325E-015  0.67918372158289231       -8.9748077441307952E-015  -9.3490499223540871E-016   2.7658268470648339E-015   4.1394958588253017E-003   2.0750110246903890E-015   4.9161736339274360E-016  -3.4734364868434313E-016   1.5797723888303962E-015   3.0462086599913592E-016  -4.6133188235454935E-015  -2.1256833805691845E-015   3.9647565735844948E-015
  -5.5708905155982336E-016   3.9637663633664387E-015  -2.2095758426249369E-015   8.4601995306895304E-003   1.7744057766464049E-015  -3.8502576906984083E-017  -1.4787066268431092E-016   1.0666112988141877E-014  -1.6037362429464501E-015   7.6504021711187320E-016   5.5071071545298474E-016  -1.3358447763828976E-015   1.9080576034282680E-014  0.80178563110124335       -3.6544529921766082E-016   9.6003688821871607E-016  -3.7875173449043424E-016   1.5951871005328628E-014   1.2966296870350809E-015  -9.4350952605984657E-016   8.9430609031497391E-017  -5.1319483635379145E-015  -8.9748077441307952E-015   1.6114612386179390       -1.1490502185347504E-015  -6.6854119801726268E-015  -3.8356120607142170E-015  -4.0309153984651697E-014  -5.6962854558348611E-015   1.2645589402418770E-015   6.5122285581545826E-014  -3.2568336565156900E-015   4.3969058987784741E-014   2.6764219785154558E-002  -1.5880891204540719     
   2.4474702632294901E-003   6.7755687463198582E-016  -1.5715436507143400E-015   1.6016542953921880E-015  -5.6224114937779013E-003  -1.1633743420653639E-016   1.7662377602958770E-015  -1.6406954465159797E-015   3.5532860963238199E-016   3.6696364577127141E-016  -6.3750330158503051E-016   3.0474013404893551E-016  -1.0823814873356307E-015   4.7007460776024344E-015  -5.9692774375677102E-016   1.1086266081987106E-016  -8.4774112979401386E-016  -1.2822589654584574E-015   2.1867178842552818E-016  -1.2507154821620474E-015   4.1394958588247084E-003   7.7592453133230183E-016  -9.3490499223540871E-016  -1.1490502185347504E-015   2.0036363049109660        5.3029831739747398E-016  -4.0135364480400459E-016  -4.3353602445119964E-016  -5.7305194145787970E-016   5.5501785434658107E-016   3.2308355741816433E-016  -5.3512292599862136E-017  -6.7860444763090556E-016   2.0678778631265826E-017  -1.0682357827237150E-015
  -3.7416214019168783E-016   2.4474702632330879E-003   2.8594781978450584E-015  -3.6385482959803342E-015  -6.9899191686498274E-016  -5.6224114937777556E-003  -3.4473902140071122E-015   1.8760872360207061E-015   7.7610695161173637E-016  -5.6367945177178516E-016  -8.5885251196695129E-016  -5.7551258293531089E-016  -2.6493584465745518E-016   4.1335904721391613E-015  -2.2698842279686253E-015  -1.4449438945707793E-015   9.3257094393521775E-016   1.1244537399980023E-015   8.9883490550812361E-016   9.6805724419070000E-016   8.0404433111525009E-016   4.1394958588292586E-003   2.7658268470648339E-015  -6.6854119801726268E-015   5.3029831739747398E-016   2.0036363049109647        6.0014435776653205E-015   9.8713822529405345E-016   6.6209837319815763E-016  -5.4609153772270548E-017  -9.7995214031748465E-016  -4.5136698136956383E-016  -1.2057434368353353E-015  -1.1863739923378834E-015   6.3106088592260001E-015
  -2.6122104340584517E-016  -1.3791074927421666E-015   2.4474702632306762E-003   2.8407603874959350E-015  -3.2036988350820500E-016   8.1019040218052729E-016  -5.6224114937743399E-003   3.1579487244448506E-016   8.8491117353157250E-016  -5.5652004608925225E-016   7.1433805036533908E-016   1.3639096287000292E-015  -2.1262885368024572E-015  -4.1999384291727607E-015  -3.3743669252754606E-016  -1.5791109755401476E-015   5.6481596445945378E-016  -6.7743524746014969E-016  -4.6706054641442764E-016   2.0180733930707466E-015   5.6794490849642817E-016   7.4954284315711939E-016   4.1394958588253017E-003  -3.8356120607142170E-015  -4.0135364480400459E-016   6.0014435776653205E-015   2.0036363049109687        1.0771557768870082E-015   2.7454285393500652E-016  -1.7858452251836442E-016   1.8387419163036984E-015   2.9858110894093704E-016  -9.2436252702982237E-016  -1.4445855585539181E-015   2.9987849914910300E-015
  -3.3335086174268636E-016   1.3699588406284186E-016   6.6353151347244676E-016  -2.4885691707609079E-014  -6.3270523875329495E-017  -1.8811110162105516E-016  -8.2877581546295455E-016  -1.3136023308838325E-004  -1.8462726858724597E-016  -2.6795137199010127E-015   6.5680116544097379E-005   4.9034281953620923E-016   6.5680116539885240E-005   9.2708766741227614E-014  0.10006703290835131       -7.8068485649551872E-017   1.8755731966439215E-015  -5.0033516454183469E-002  -1.2932702326585608E-015  -5.0033516454177238E-002   3.0305712968534928E-016   6.9811181287769515E-016   2.0750110246903890E-015  -4.0309153984651697E-014  -4.3353602445119964E-016   9.8713822529405345E-016   1.0771557768870082E-015   1.9081374619899243       -1.0259534107686797E-015   3.8350941346241874E-016 -0.95406873099495992        1.2629871107284091E-015 -0.95406873099496525       -1.8321392867861832E-014  -1.5506720621365728E-015
   1.4496622849275251E-016   1.3003163777775762E-016   5.3523933662105918E-016  -1.0670683394840684E-016  -2.6697210590301001E-016  -1.9844907347575302E-016  -3.8156817420770764E-016  -3.4131066439753101E-015  -1.3136023307321951E-004  -1.3018623859830366E-015   1.6869708520660858E-016  -8.5929815555693020E-016  -1.0514339625943029E-015   1.3382329685146831E-014  -8.0148544458159287E-016  0.10006703290833610       -5.5531480021995027E-018  -3.9142188703591511E-015   2.4955360924971461E-015  -3.3371706870203635E-015  -1.1388867611275753E-015  -2.2756266217978766E-016   4.9161736339274360E-016  -5.6962854558348611E-015  -5.7305194145787970E-016   6.6209837319815763E-016   2.7454285393500652E-016  -1.0259534107686797E-015   1.9081374619899425        6.9107046474226013E-016  -9.7475196317307442E-016  -1.2564954502206056E-015  -2.0986698164894517E-015   2.5476197308169000E-015  -6.7451461450276287E-016
  -3.8741489379058564E-016   5.1621340827899910E-016  -3.5234694449158541E-016   2.0090426222472624E-016   6.2656874861311979E-016  -3.8192612438198461E-016   8.4551549097476466E-016  -5.7700682430818246E-016   8.1311826420694108E-016  -1.3136023307411094E-004   9.1737997650966849E-016   7.2379357095618138E-016   1.4233670520399821E-016  -2.3971862539859115E-015   6.8393167106279921E-016  -1.1313920720429368E-015  0.10006703290833385       -2.1522768376553427E-016   8.2096804940139022E-016   8.7121404383251887E-016  -7.8644412673611903E-016   1.7258092372100810E-016  -3.4734364868434313E-016   1.2645589402418770E-015   5.5501785434658107E-016  -5.4609153772270548E-017  -1.7858452251836442E-016   3.8350941346241874E-016   6.9107046474226013E-016   1.9081374619899472        1.3549274549551274E-015   2.9720692053258811E-016   6.3683325106367009E-017  -1.0851827558593870E-015   3.9951153110591525E-018
  -4.1661699569850860E-018   6.1873105598118904E-016   1.1248161735596257E-015   2.4843419244252608E-014  -9.3785607713558347E-016  -2.8391429489295851E-016  -5.7453573281761812E-016   6.5680116546532226E-005  -6.4473902645944314E-016   2.7861320863125456E-015  -1.3136023308916295E-004  -2.4869746242647254E-015   6.5680116539290135E-005  -3.8677213624801366E-014  -5.0033516454182206E-002  -7.1223273589644609E-016  -2.9751896747035802E-015  0.10006703290835298        1.6533617262283128E-015  -5.0033516454177134E-002   4.0750481466261113E-016  -5.3931220568864976E-017   1.5797723888303962E-015   6.5122285581545826E-014   3.2308355741816433E-016  -9.7995214031748465E-016   1.8387419163036984E-015 -0.95406873099495992       -9.7475196317307442E-016   1.3549274549551274E-015   1.9081374619899212       -1.6299895461146874E-015 -0.95406873099496292       -1.2705111256531456E-014  -3.7173577822004398E-014
   1.0716223055367869E-015   8.2054773756294696E-016   2.6149634463841922E-016  -3.0126070647127574E-017  -1.3521752130441254E-015  -5.5729068026474764E-016   7.2349308311665625E-017  -9.0264566054833660E-016  -7.7599284817911058E-017   2.4635187930301379E-015  -3.3327764868851546E-015  -1.3136023307744145E-004   3.7455531249580331E-015   2.4326715528621316E-015   1.8322762605121058E-016   3.5498812006248978E-016  -6.3039918879633019E-016   3.0948737360847254E-015  0.10006703290834006       -3.7063260684003900E-015   1.2645813062784689E-015  -2.4832798643826718E-016   3.0462086599913592E-016  -3.2568336565156900E-015  -5.3512292599862136E-017  -4.5136698136956383E-016   2.9858110894093704E-016   1.2629871107284091E-015  -1.2564954502206056E-015   2.9720692053258811E-016  -1.6299895461146874E-015   1.9081374619899432       -2.4246148708564226E-016  -4.6770752588497977E-016   2.0988102086355695E-015
   3.4398582752734148E-016  -7.4153109970696789E-016  -1.8200424328990885E-015   3.8777546067408514E-016   1.1868579843932937E-015   8.6204270299485640E-016   5.5509229167166015E-016   6.5680116541851088E-005   8.2964850342903237E-016  -1.0674243357721702E-016   6.5680116545065707E-005   1.9966737618106743E-015  -1.3136023307917555E-004  -1.9414283155368362E-014  -5.0033516454169147E-002   5.7532171843406785E-016   1.1941284143142718E-015  -5.0033516454169605E-002  -3.9205216425196337E-016  0.10006703290835450       -5.0253586924710300E-016  -2.0493017083709598E-016  -4.6133188235454935E-015   4.3969058987784741E-014  -6.7860444763090556E-016  -1.2057434368353353E-015  -9.2436252702982237E-016 -0.95406873099496525       -2.0986698164894517E-015   6.3683325106367009E-017 -0.95406873099496292       -2.4246148708564226E-016   1.9081374619899309       -1.4088225496106978E-014  -2.9660559853738249E-014
  -1.0534017655613885E-015   4.5628413159505697E-016  -1.6367147021325141E-015   8.0322610408189684E-004   2.1351637413687990E-015  -1.0827472145126019E-015   4.9562794971342816E-015  -1.2279382999593020E-014   6.8458025690608213E-016   2.2893711626782200E-016  -1.3552899521503488E-014   4.8160748538414905E-017  -1.2806618831281283E-014  -3.4398768567996808E-003  -3.1140406135417021E-014   1.3681961749810932E-017  -7.7792572571815430E-016  -3.0896035143902852E-014  -1.3704395037709749E-016  -2.8441747999162158E-014  -2.1609309024321426E-015  -4.6165598294411599E-016  -2.1256833805691845E-015   2.6764219785154558E-002   2.0678778631265826E-017  -1.1863739923378834E-015  -1.4445855585539181E-015  -1.8321392867861832E-014   2.5476197308169000E-015  -1.0851827558593870E-015  -1.2705111256531456E-014  -4.6770752588497977E-016  -1.4088225496106978E-014   1.9649303066390356       -8.8564641291700823E-004
   5.3502821825923697E-016  -3.8812064276193666E-015   1.9838010352515534E-015  -8.3288963947167009E-003  -1.6594639781151096E-015   5.2652532401049326E-016  -4.0354393085120964E-015  -1.0670220457865443E-014   1.5901398786324046E-015  -7.5122564812818342E-016  -7.2057049214770202E-016   1.3174590101448858E-015  -1.8975077475717051E-014 -0.79037421416452858       -2.1963946250630463E-015  -1.2777066402704965E-015   4.2956273819850007E-016  -1.4699300360287066E-014  -1.3378521891257869E-015   1.2879899773641389E-015  -5.7098028455390518E-017   5.6254533447007828E-015   3.9647565735844948E-015  -1.5880891204540719       -1.0682357827237150E-015   6.3106088592260001E-015   2.9987849914910300E-015  -1.5506720621365728E-015  -6.7451461450276287E-016   3.9951153110591525E-018  -3.7173577822004398E-014   2.0988102086355695E-015  -2.9660559853738249E-014  -8.8564641291700823E-004   1.5653867373200769     
