   6.7973770213397774E-003  -3.5825474972976905E-009  -1.9201959396560212E-009   3.5644364829027027E-008   4.9980060638755791E-002  -3.5016510013391734E-008  -5.7229085510544311E-009  -9.0379643682472575E-009  -6.7097681919817205E-009  -1.2593217000789834E-009   1.4482349953426624E-008  -1.5618798108923644E-008  -5.4443855153425066E-009  -1.3715755567383107E-008  -1.6626681674953987E-010   3.8795513244098904E-010  -5.9060584424772801E-009   4.2617960916665374E-009  -1.7360078319234406E-008  -4.0955292663040066E-009   5.7001996358428283E-009   5.2170370551631949E-002  -3.3058118487192409E-008  -7.8295846168602301E-009   1.9562085356849328E-009   5.0147271410065462E-005   1.4023132656540064E-010  -5.2954457263109651E-011   1.0536900181662846E-010  -4.2891120958579891E-010  -1.1138030961757563E-010  -1.0956689716027102E-009   1.2198921668786895E-009  -3.6551262781754604E-009  -7.9098094514532825E-010
  -3.5825474972976905E-009   6.7973724040095553E-003   2.7242382806552254E-009  -1.5120650833044831E-008   8.0163075198512338E-009   4.9980042766091484E-002  -4.3186971700818359E-009   7.6001002250929514E-009   1.4583049404988344E-008   2.5281309726169906E-009   5.8155672485879629E-009   9.2620938891359341E-010  -1.3415668022677803E-008  -9.1095902482947649E-009   5.0942201412465711E-009   8.4095009340024538E-009  -5.0649763064950461E-011   1.3006589155249745E-009   2.0160708392288729E-009  -6.3948792372270127E-009  -2.6148320010380514E-008   8.3010034424031431E-009   5.2170355082228372E-002  -1.4384476922070851E-009  -3.4407860117129979E-009  -2.3539451695932302E-010   5.0147240358139512E-005   2.3304264506198395E-010  -5.0974346870878139E-010   1.2057180258972441E-009   1.5843405528237263E-009   2.3353707244776059E-010   3.5473264165216661E-010   3.7583352135038072E-010  -1.5604506948100682E-009
  -1.9201959396560212E-009   2.7242382806552254E-009   6.7973845225298138E-003  -3.5968472438577323E-009  -6.3010068779032350E-009   2.1984832111659576E-008   4.9980087040763642E-002  -1.0696566448175408E-008  -1.6804252990587824E-008   9.7267379911238864E-009   6.6664053664533976E-009   1.1421718722630043E-008   4.0301612398059341E-009   5.0371383580090135E-009  -8.5649504389202226E-009  -1.2486219623471823E-008   6.1110412651404898E-009   5.1458719426087913E-009   1.6447435641792239E-009   3.4190786155504166E-009   8.4991128933989235E-009  -7.9468826486437263E-009   2.3198594086221477E-008   5.2170398380293859E-002   1.6666094059584974E-009  -3.3249172659263234E-012  -5.0089779205434667E-011   5.0147222817020646E-005   2.1783153239456600E-010  -1.8509427152402598E-009  -2.6983164136400866E-009   1.1258305216276066E-009   1.1209510039612636E-009   5.5546505091909953E-010   7.2999174475322235E-010
   3.5644364829027027E-008  -1.5120650833044831E-008  -3.5968472438577323E-009   3.8657965427866403E-004   2.6041574417426217E-007  -1.0716665703379149E-007  -2.7595019952454131E-008   1.0672872553853343E-010  -9.3755520203159403E-011   1.8120545475952356E-011  -2.5693860802377593E-010   4.6616561275030149E-011   1.5020787012834807E-010   1.3811446042199863E-002   1.9162708469490594E-010  -5.0904043106143035E-011   1.4479364103952171E-010   1.3897581259588317E-011  -1.1249885939691504E-010  -2.0552770281182268E-010   1.5026050269801725E-002   2.7208879851276710E-007  -1.1130918496530502E-007  -2.8607646125532268E-008   8.6888353624159590E-003   3.5035908774662756E-010  -1.5040019491720383E-010   1.6977316477036040E-010   4.3789564741262204E-004   4.6289205390897785E-011  -2.1884997372549545E-011   4.2029856428676837E-011  -5.0648322520729316E-012  -1.6809219563638814E-011  -4.1225227709392097E-011
   4.9980060638755791E-002   8.0163075198512338E-009  -6.3010068779032350E-009   2.6041574417426217E-007  0.36749941477753134       -4.8490196419096779E-009   1.5407325882635676E-008  -6.6454686533951327E-008  -4.9336432509778658E-008  -9.2593332220952042E-009   1.0648682568910514E-007  -1.1484231299237075E-007  -4.0032138641440927E-008  -1.6516143156009586E-007  -1.2228068560938293E-009   2.8521011133738521E-009  -4.3425000666262570E-008   3.1337436558106705E-008  -1.2764905196718082E-007  -3.0114629639133547E-008  -2.7559335112901422E-008  0.38360588068542922        2.0625371496338609E-008   2.4356460113919872E-009   2.6103466551157808E-009  -2.3765174656484112E-003   3.6235526381495396E-009  -1.5178037128128904E-009   1.3276743558634753E-009  -3.1779307594876370E-009  -8.2409774995551276E-010  -8.0599438031917436E-009   8.9831243900681781E-009  -2.6884300570361345E-008  -5.8051935408796548E-009
  -3.5016510013391734E-008   4.9980042766091484E-002   2.1984832111659576E-008  -1.0716665703379149E-007  -4.8490196419096779E-009  0.36749940156686089       -1.7388989290764299E-008   5.5882556243108252E-008   1.0722788227915921E-007   1.8588716319754604E-008   4.2760992539176572E-008   6.8102976414917063E-009  -9.8643552801729955E-008   9.1400306371599769E-008   3.7458101378770191E-008   6.1832923410881515E-008  -3.6644735161726656E-010   9.5648498842342949E-009   1.4822971304052013E-008  -4.7022952588418279E-008  -2.1617578427826902E-008  -5.5486730478626403E-009  0.38360589033068865        4.4191836801373541E-009  -1.9515409460205462E-008   2.2871609069384585E-009  -2.3765126274736502E-003   1.6287697577186081E-009  -2.6950154909734953E-009   8.8723851350817161E-009   1.1629667363934884E-008   1.7177168387634398E-009   2.6012963340811579E-009   2.7642850783886668E-009  -1.1473681666931611E-008
  -5.7229085510544311E-009  -4.3186971700818359E-009   4.9980087040763642E-002  -2.7595019952454131E-008   1.5407325882635676E-008  -1.7388989290764299E-008  0.36749939749067106       -7.8650307789066189E-008  -1.2355933919981088E-007   7.1519879317869342E-008   4.9017109613803616E-008   8.3982447900522202E-008   2.9633199344021381E-008  -8.3507602491543901E-009  -6.2977204571282213E-008  -9.1809693334661140E-008   4.4933896803533713E-008   3.7837606141502291E-008   1.2096098346455745E-008   2.5139599306582159E-008   1.3600238687806209E-008   6.0101969003034409E-009  -1.6310708559065051E-008  0.38360586462305352        1.1083473179052114E-008  -1.2203894703840646E-009   3.7597786622917863E-010  -2.3765181017718351E-003   1.4548152157779593E-009  -1.3613940582243593E-008  -1.9846081013430393E-008   8.2581068345578039E-009   8.2445551878024435E-009   4.0772724022691159E-009   5.3693856416051521E-009
  -9.0379643682472575E-009   7.6001002250929514E-009  -1.0696566448175408E-008   1.0672872553853343E-010  -6.6454686533951327E-008   5.5882556243108252E-008  -7.8650307789066189E-008   3.7379550677619426E-014   5.1641946987667029E-014  -1.0799751017648269E-014  -2.3322150249952793E-014   3.8433431962576873E-015  -1.4057402060369777E-014   4.2213694194114355E-009   1.9453161387947717E-014   2.8520077654764775E-014  -1.7760228158722844E-015  -1.2305773671543270E-014   2.2714052412250263E-014  -7.1473889693224455E-015   4.5474570772913737E-009  -6.9366959135209062E-008   5.8331591642299182E-008  -8.2097088042523898E-008   1.1600311929043388E-010  -9.6023408738698186E-011  -6.6708714533028585E-011   6.7617668639878067E-012   1.5693809732968878E-011   4.8451492289988704E-015   6.1600300929445819E-015  -4.0214820112156921E-017  -2.9891075498393617E-015   4.4008506638137800E-015  -1.8560419445704318E-015
  -6.7097681919817205E-009   1.4583049404988344E-008  -1.6804252990587824E-008  -9.3755520203159403E-011  -4.9336432509778658E-008   1.0722788227915921E-007  -1.2355933919981088E-007   5.1641946987667029E-014   7.9478001249193782E-014  -1.7384134231947672E-014  -1.8230919550282985E-014  -1.0844361278424580E-014  -3.3411028473058710E-014  -3.7150369443934367E-009   3.2216406857348753E-014   4.8540176569491613E-014  -9.4237182899322198E-015  -1.4141505381395936E-014   1.7425615795944200E-014  -1.8074901417915968E-014  -4.0010024328944580E-009  -5.1498738950827418E-008   1.1192732715053370E-007  -1.2897425171355846E-007  -3.9163033247283566E-011   3.8819690496292760E-010  -5.7796933971737676E-010   8.0016122129068528E-011  -1.2173218109314097E-011   7.5796695420930535E-015   1.0180254102981475E-014  -1.2097893772520685E-015  -3.2188383775283283E-015   3.0479821778016895E-015  -4.3608311733569488E-015
  -1.2593217000789834E-009   2.5281309726169906E-009   9.7267379911238864E-009   1.8120545475952356E-011  -9.2593332220952042E-009   1.8588716319754604E-008   7.1519879317869342E-008  -1.0799751017648269E-014  -1.7384134231947672E-014   1.5093187743790779E-014   9.0060910780239170E-015   1.9584528649910279E-014   1.7936598353154147E-015   7.1162952126911683E-010  -1.0320932169419905E-014  -1.4814006479841092E-014   9.8271495522689813E-015   7.0585429481439452E-015   6.3142112342924725E-015   3.2623891785119660E-015   7.6714357589020237E-010  -9.6650308551533881E-009   1.9403257507298849E-008   7.4654396220999388E-008   5.0057690947387776E-011  -1.8437510199132486E-010   2.0063712543256434E-010  -4.6214189236052982E-010   1.9741704024751878E-012  -2.1211986285664978E-015  -3.2522609081934118E-015   1.8988794872457918E-015   1.5117988227945473E-015   1.6089240303901830E-015   6.0939981217155859E-016
   1.4482349953426624E-008   5.8155672485879629E-009   6.6664053664533976E-009  -2.5693860802377593E-010   1.0648682568910514E-007   4.2760992539176572E-008   4.9017109613803616E-008  -2.3322150249952793E-014  -1.8230919550282985E-014   9.0060910780239170E-015   4.2557077232430791E-014  -2.1317156084788362E-014  -1.9234925514468552E-014  -1.0166867774441894E-008  -4.5357964679207330E-015  -4.1872629681843226E-015  -6.7392114358609090E-015   1.5229577565998033E-014  -3.3567120227713766E-014  -1.0693779066210649E-014  -1.0951558015156382E-008   1.1115357462114797E-007   4.4634957624157064E-008   5.1165250327395402E-008  -2.3667401020170535E-010  -1.1962057182735106E-010   1.8968201381307207E-011  -1.8987180209312552E-011  -3.7683411272706272E-011  -1.7329808438165764E-015  -1.5170930521918327E-015  -1.0622647307397975E-015   4.0018572368590844E-015  -6.9091545155410480E-015  -2.2688759589062324E-015
  -1.5618798108923644E-008   9.2620938891359341E-010   1.1421718722630043E-008   4.6616561275030149E-011  -1.1484231299237075E-007   6.8102976414917063E-009   8.3982447900522202E-008   3.8433431962576873E-015  -1.0844361278424580E-014   1.9584528649910279E-014  -2.1317156084788362E-014   5.5212880301348915E-014   1.7473812621945989E-014   1.8501373320711629E-009  -1.3290191944396124E-014  -2.0733108106761869E-014   2.3851716154230029E-014  -9.6672032008028080E-016   4.2912903894273919E-014   1.4256912047603973E-014   1.9926553427350048E-009  -1.1987503379689463E-007   7.1087419540152329E-009   8.7663006116992552E-008   2.9510235947638172E-011  -3.1429733539918403E-010   8.6582252555635203E-012  -1.9977149761695990E-010   7.7272615237271342E-012  -1.9564548638296653E-015  -4.0652940905052381E-015   4.4444714428087447E-015  -8.6969814685327867E-016   9.3794817938715530E-015   2.8261529633958859E-015
  -5.4443855153425066E-009  -1.3415668022677803E-008   4.0301612398059341E-009   1.5020787012834807E-010  -4.0032138641440927E-008  -9.8643552801729955E-008   2.9633199344021381E-008  -1.4057402060369777E-014  -3.3411028473058710E-014   1.7936598353154147E-015  -1.9234925514468552E-014   1.7473812621945989E-014   3.3292327739547866E-014   5.9454091850816151E-009  -1.4917366747372797E-014  -2.4332815336341456E-014   8.5152334408050147E-015  -2.9238039170418568E-015   1.0853068228582656E-014   1.7841169885482388E-014   6.4040058441428929E-009  -4.1786614949644092E-008  -1.0296655345613479E-007   3.0931838937292186E-008   1.2072324826906431E-010   2.1564383115965231E-010   4.7727927865005564E-011   1.2220764294441788E-011   2.1982262319831709E-011  -3.1121687937252048E-015  -4.6429372682393147E-015   1.1024792429820010E-015  -1.0127497580533096E-015   2.5083039072546657E-015   4.1249183830546361E-015
  -1.3715755567383107E-008  -9.1095902482947649E-009   5.0371383580090135E-009   1.3811446042199863E-002  -1.6516143156009586E-007   9.1400306371599769E-008  -8.3507602491543901E-009   4.2213694194114355E-009  -3.7150369443934367E-009   7.1162952126911683E-010  -1.0166867774441894E-008   1.8501373320711629E-009   5.9454091850816151E-009  0.55097705399245089        7.5844518656871490E-009  -2.0035594477537061E-009   5.7424273109138607E-009   5.4996599440725660E-010  -4.4517192105506893E-009  -8.1345282329365683E-009  0.59304289529400200       -1.6303882582693519E-007   1.1755187312384459E-007  -9.0121527886187887E-010  -1.3135961563924546E-002  -4.8608013809755284E-009   3.7510848390904577E-009   8.1875775785449256E-010   9.0804884223933660E-004   1.8070574227156452E-009  -6.1976994959370450E-010   1.6805011332579656E-009   8.4352931757064173E-011  -7.0481405287032977E-010  -1.8914309885844140E-009
  -1.6626681674953987E-010   5.0942201412465711E-009  -8.5649504389202226E-009   1.9162708469490594E-010  -1.2228068560938293E-009   3.7458101378770191E-008  -6.2977204571282213E-008   1.9453161387947717E-014   3.2216406857348753E-014  -1.0320932169419905E-014  -4.5357964679207330E-015  -1.3290191944396124E-014  -1.4917366747372797E-014   7.5844518656871490E-009   1.4718878553532630E-014   2.1998269664126159E-014  -7.5129942470040055E-015  -5.6057042700320983E-015  -1.9853434279407056E-016  -9.1131760982066236E-015   8.1694951605674723E-009  -1.2764915123060049E-009   3.9100024506339726E-008  -6.5737255134958196E-008   1.5705922364895079E-010   2.0836122036233742E-010  -7.4738832226711553E-010   2.7734299881681468E-010   3.3626282100256937E-011   3.2756280844199801E-015   4.5767644107786521E-015  -1.1907241142290084E-015  -1.1788577948602211E-015  -3.3673601660655917E-016  -2.0967706485321537E-015
   3.8795513244098904E-010   8.4095009340024538E-009  -1.2486219623471823E-008  -5.0904043106143035E-011   2.8521011133738521E-009   6.1832923410881515E-008  -9.1809693334661140E-008   2.8520077654764775E-014   4.8540176569491613E-014  -1.4814006479841092E-014  -4.1872629681843226E-015  -2.0733108106761869E-014  -2.4332815336341456E-014  -2.0035594477537061E-009   2.1998269664126159E-014   3.3369875095484195E-014  -1.1647681550744819E-014  -7.6027047073768949E-015  -1.5013572051463486E-015  -1.4395564992981196E-014  -2.1592128869305212E-009   2.9769213162281141E-009   6.4542381718689114E-008  -9.5833291827068982E-008  -1.0187513095439149E-010   3.6803032339465586E-010   6.8120228578494108E-010   2.5559622204396644E-010  -1.5709537616424845E-011   4.8628345551262376E-015   6.9185508067826018E-015  -1.8448861704009671E-015  -1.5513024136961219E-015  -7.5958299699624838E-016  -3.3115321561095680E-015
  -5.9060584424772801E-009  -5.0649763064950461E-011   6.1110412651404898E-009   1.4479364103952171E-010  -4.3425000666262570E-008  -3.6644735161726656E-010   4.4933896803533713E-008  -1.7760228158722844E-015  -9.4237182899322198E-015   9.8271495522689813E-015  -6.7392114358609090E-015   2.3851716154230029E-014   8.5152334408050147E-015   5.7424273109138607E-009  -7.5129942470040055E-015  -1.1647681550744819E-014   1.0695795942366729E-014   9.2190511258949560E-016   1.6498669364214886E-014   6.5910880814288984E-015   6.1843311560546823E-009  -4.5327590447884045E-008  -3.8046643910066416E-010   4.6903200855279863E-008   5.9718105222451653E-011  -1.0098084790686245E-009  -4.3432997826481297E-009  -2.3911936417056993E-010   2.5969595123299116E-011  -1.2795201217164281E-015  -2.3811379304198439E-015   1.9774425945534755E-015  -6.0177693963901182E-017   3.6626180991319381E-015   1.3396976174980733E-015
   4.2617960916665374E-009   1.3006589155249745E-009   5.1458719426087913E-009   1.3897581259588317E-011   3.1337436558106705E-008   9.5648498842342949E-009   3.7837606141502291E-008  -1.2305773671543270E-014  -1.4141505381395936E-014   7.0585429481439452E-015   1.5229577565998033E-014  -9.6672032008028080E-016  -2.9238039170418568E-015   5.4996599440725660E-010  -5.6057042700320983E-015  -7.6027047073768949E-015   9.2190511258949560E-016   6.8180454243462635E-015  -9.2585607893998932E-015  -1.2123412035935228E-015   5.9234186700437679E-010   3.2711133135340175E-008   9.9844675734809060E-009   3.9496072336706338E-008   8.3456622751288010E-012  -7.6800005163191222E-010  -9.4253002664623134E-010  -5.6507410925641085E-010  -5.1650497869124061E-012  -1.4432167588746956E-015  -1.8196491491696395E-015   2.0644454966001313E-016   1.6834007572278532E-015  -1.8037410932261246E-015  -2.4018399074608350E-016
  -1.7360078319234406E-008   2.0160708392288729E-009   1.6447435641792239E-009  -1.1249885939691504E-010  -1.2764905196718082E-007   1.4822971304052013E-008   1.2096098346455745E-008   2.2714052412250263E-014   1.7425615795944200E-014   6.3142112342924725E-015  -3.3567120227713766E-014   4.2912903894273919E-014   1.0853068228582656E-014  -4.4517192105506893E-009  -1.9853434279407056E-016  -1.5013572051463486E-015   1.6498669364214886E-014  -9.2585607893998932E-015   4.5373013504848873E-014   9.4570959827821220E-015  -4.7948656737235733E-009  -1.3324416397840131E-007   1.5472247980277795E-008   1.2627086464394177E-008  -7.4563670530375657E-011   2.1279752351101704E-009   6.7887600099996500E-010  -1.8737826777488413E-009  -1.9301936031020146E-011   1.0058434685024274E-015   1.1162491291551521E-016   3.1155476917371758E-015  -2.7473418208969698E-015   9.5886977433089017E-015   1.7414984946097703E-015
  -4.0955292663040066E-009  -6.3948792372270127E-009   3.4190786155504166E-009  -2.0552770281182268E-010  -3.0114629639133547E-008  -4.7022952588418279E-008   2.5139599306582159E-008  -7.1473889693224455E-015  -1.8074901417915968E-014   3.2623891785119660E-015  -1.0693779066210649E-014   1.4256912047603973E-014   1.7841169885482388E-014  -8.1345282329365683E-009  -9.1131760982066236E-015  -1.4395564992981196E-014   6.5910880814288984E-015  -1.2123412035935228E-015   9.4570959827821220E-015   1.0325519165809521E-014  -8.7619568987070957E-009  -3.1434641557560005E-008  -4.9084493462816466E-008   2.6241183713493282E-008  -1.6546263253243229E-010   5.5963916874443730E-010   1.6899172696460094E-009   2.8773107698799727E-010  -2.8463541913178509E-011  -1.8324117535815597E-015  -2.7571151916942143E-015   9.8427924110130152E-016  -5.0454292374208218E-016   2.1404772415860227E-015   2.3369550286953567E-015
   5.7001996358428283E-009  -2.6148320010380514E-008   8.4991128933989235E-009   1.5026050269801725E-002  -2.7559335112901422E-008  -2.1617578427826902E-008   1.3600238687806209E-008   4.5474570772913737E-009  -4.0010024328944580E-009   7.6714357589020237E-010  -1.0951558015156382E-008   1.9926553427350048E-009   6.4040058441428929E-009  0.59304289529400200        8.1694951605674723E-009  -2.1592128869305212E-009   6.1843311560546823E-009   5.9234186700437679E-010  -4.7948656737235733E-009  -8.7619568987070957E-009  0.63895561772553688       -1.8593365129914000E-008   1.2678530899520515E-009   2.2612197958913712E-008   2.1636080131395043E-002   5.9517660042098414E-009   1.5796532145397226E-009   3.0355678488269057E-010   2.6313598279671777E-003   1.9489653871684930E-009  -6.9227004147866868E-010   1.8084485366925098E-009   6.2295834806077096E-011  -7.5514976292425892E-010  -2.0112847696483739E-009
   5.2170370551631949E-002   8.3010034424031431E-009  -7.9468826486437263E-009   2.7208879851276710E-007  0.38360588068542922       -5.5486730478626403E-009   6.0101969003034409E-009  -6.9366959135209062E-008  -5.1498738950827418E-008  -9.6650308551533881E-009   1.1115357462114797E-007  -1.1987503379689463E-007  -4.1786614949644092E-008  -1.6303882582693519E-007  -1.2764915123060049E-009   2.9769213162281141E-009  -4.5327590447884045E-008   3.2711133135340175E-008  -1.3324416397840131E-007  -3.1434641557560005E-008  -1.8593365129914000E-008  0.40041869006371006        2.1023982048004283E-008  -7.9723525125965827E-009   8.3773858831606129E-009  -3.4212281893465013E-003   4.8552290070926838E-010  -5.5496949453574459E-010   8.1665351366864940E-010  -3.3254960142728213E-009  -8.6197349319493777E-010  -8.4144149376910157E-009   9.3814034848184773E-009  -2.8065459084980414E-008  -6.0559073767844904E-009
  -3.3058118487192409E-008   5.2170355082228372E-002   2.3198594086221477E-008  -1.1130918496530502E-007   2.0625371496338609E-008  0.38360589033068865       -1.6310708559065051E-008   5.8331591642299182E-008   1.1192732715053370E-007   1.9403257507298849E-008   4.4634957624157064E-008   7.1087419540152329E-009  -1.0296655345613479E-007   1.1755187312384459E-007   3.9100024506339726E-008   6.4542381718689114E-008  -3.8046643910066416E-010   9.9844675734809060E-009   1.5472247980277795E-008  -4.9084493462816466E-008   1.2678530899520515E-009   2.1023982048004283E-008  0.40041872459853484        6.5341179188650379E-009  -2.1177843176818941E-008  -1.1599825702673514E-009  -3.4212284296610178E-003   1.4728916231980945E-009  -3.0540242064356205E-009   9.2635781832214344E-009   1.2132557229284344E-008   1.7931823272087349E-009   2.7128981004639356E-009   2.8857101855279098E-009  -1.1976476489203318E-008
  -7.8295846168602301E-009  -1.4384476922070851E-009   5.2170398380293859E-002  -2.8607646125532268E-008   2.4356460113919872E-009   4.4191836801373541E-009  0.38360586462305352       -8.2097088042523898E-008  -1.2897425171355846E-007   7.4654396220999388E-008   5.1165250327395402E-008   8.7663006116992552E-008   3.0931838937292186E-008  -9.0121527886187887E-010  -6.5737255134958196E-008  -9.5833291827068982E-008   4.6903200855279863E-008   3.9496072336706338E-008   1.2627086464394177E-008   2.6241183713493282E-008   2.2612197958913712E-008  -7.9723525125965827E-009   6.5341179188650379E-009  0.40041867536603942        1.1579341764174079E-008  -2.0898131198246674E-010   3.1043345628769131E-011  -3.4212285286976114E-003   1.5258985144256386E-009  -1.4212008372801609E-008  -2.0717790243001186E-008   8.6131749232257214E-009   8.6066773681181070E-009   4.2535673188085583E-009   5.6053312630322191E-009
   1.9562085356849328E-009  -3.4407860117129979E-009   1.6666094059584974E-009   8.6888353624159590E-003   2.6103466551157808E-009  -1.9515409460205462E-008   1.1083473179052114E-008   1.1600311929043388E-010  -3.9163033247283566E-011   5.0057690947387776E-011  -2.3667401020170535E-010   2.9510235947638172E-011   1.2072324826906431E-010  -1.3135961563924546E-002   1.5705922364895079E-010  -1.0187513095439149E-010   5.9718105222451653E-011   8.3456622751288010E-012  -7.4563670530375657E-011  -1.6546263253243229E-010   2.1636080131395043E-002   8.3773858831606129E-009  -2.1177843176818941E-008   1.1579341764174079E-008   2.0193031574397349        3.8525268913541275E-009  -7.7616893281672391E-010  -2.0325663943413410E-010   7.3154560003234489E-004   1.7963116196178978E-010  -1.4061492268159856E-009  -6.0075713451282059E-011  -1.6106015516528608E-009   2.1369210700069219E-010   1.4308953351392438E-009
   5.0147271410065462E-005  -2.3539451695932302E-010  -3.3249172659263234E-012   3.5035908774662756E-010  -2.3765174656484112E-003   2.2871609069384585E-009  -1.2203894703840646E-009  -9.6023408738698186E-011   3.8819690496292760E-010  -1.8437510199132486E-010  -1.1962057182735106E-010  -3.1429733539918403E-010   2.1564383115965231E-010  -4.8608013809755284E-009   2.0836122036233742E-010   3.6803032339465586E-010  -1.0098084790686245E-009  -7.6800005163191222E-010   2.1279752351101704E-009   5.5963916874443730E-010   5.9517660042098414E-009  -3.4212281893465013E-003  -1.1599825702673514E-009  -2.0898131198246674E-010   3.8525268913541275E-009   1.9998301527667446       -6.0828157016871554E-010   1.8509402846112176E-010   4.0314166288023262E-010   1.7638073262976525E-008   3.7439433755644904E-009   2.6594274217323162E-009  -9.7839109889262419E-009   6.3294345314028063E-009  -7.8541625500054826E-009
   1.4023132656540064E-010   5.0147240358139512E-005  -5.0089779205434667E-011  -1.5040019491720383E-010   3.6235526381495396E-009  -2.3765126274736502E-003   3.7597786622917863E-010  -6.6708714533028585E-011  -5.7796933971737676E-010   2.0063712543256434E-010   1.8968201381307207E-011   8.6582252555635203E-012   4.7727927865005564E-011   3.7510848390904577E-009  -7.4738832226711553E-010   6.8120228578494108E-010  -4.3432997826481297E-009  -9.4253002664623134E-010   6.7887600099996500E-010   1.6899172696460094E-009   1.5796532145397226E-009   4.8552290070926838E-010  -3.4212284296610178E-003   3.1043345628769131E-011  -7.7616893281672391E-010  -6.0828157016871554E-010   1.9998301518262565       -5.1948476189976450E-011  -1.1609247076994320E-010  -5.0348851631218728E-009   1.4396334433967711E-008  -4.0050108586831681E-010   5.1000657187615139E-009  -6.0467932049636854E-010  -6.5182508886766285E-011
  -5.2954457263109651E-011   2.3304264506198395E-010   5.0147222817020646E-005   1.6977316477036040E-010  -1.5178037128128904E-009   1.6287697577186081E-009  -2.3765181017718351E-003   6.7617668639878067E-012   8.0016122129068528E-011  -4.6214189236052982E-010  -1.8987180209312552E-011  -1.9977149761695990E-010   1.2220764294441788E-011   8.1875775785449256E-010   2.7734299881681468E-010   2.5559622204396644E-010  -2.3911936417056993E-010  -5.6507410925641085E-010  -1.8737826777488413E-009   2.8773107698799727E-010   3.0355678488269057E-010  -5.5496949453574459E-010   1.4728916231980945E-009  -3.4212285286976114E-003  -2.0325663943413410E-010   1.8509402846112176E-010  -5.1948476189976450E-011   1.9998301528251954       -2.6582143500333809E-011   3.0810650639435239E-009   4.1935161255065201E-009   1.4536611319983525E-008  -1.7258856952648375E-009   5.0800435213047535E-009  -1.3551801198136327E-009
   1.0536900181662846E-010  -5.0974346870878139E-010   2.1783153239456600E-010   4.3789564741262204E-004   1.3276743558634753E-009  -2.6950154909734953E-009   1.4548152157779593E-009   1.5693809732968878E-011  -1.2173218109314097E-011   1.9741704024751878E-012  -3.7683411272706272E-011   7.7272615237271342E-012   2.1982262319831709E-011   9.0804884223933660E-004   3.3626282100256937E-011  -1.5709537616424845E-011   2.5969595123299116E-011  -5.1650497869124061E-012  -1.9301936031020146E-011  -2.8463541913178509E-011   2.6313598279671777E-003   8.1665351366864940E-010  -3.0540242064356205E-009   1.5258985144256386E-009   7.3154560003234489E-004   4.0314166288023262E-010  -1.1609247076994320E-010  -2.6582143500333809E-011   2.0001266250835870        5.3087359202017485E-012  -3.7661190319048115E-013   6.2780942501445345E-012   2.5483686337616461E-012  -3.3697450185286460E-012  -7.8566417350461442E-012
  -4.2891120958579891E-010   1.2057180258972441E-009  -1.8509427152402598E-009   4.6289205390897785E-011  -3.1779307594876370E-009   8.8723851350817161E-009  -1.3613940582243593E-008   4.8451492289988704E-015   7.5796695420930535E-015  -2.1211986285664978E-015  -1.7329808438165764E-015  -1.9564548638296653E-015  -3.1121687937252048E-015   1.8070574227156452E-009   3.2756280844199801E-015   4.8628345551262376E-015  -1.2795201217164281E-015  -1.4432167588746956E-015   1.0058434685024274E-015  -1.8324117535815597E-015   1.9489653871684930E-009  -3.3254960142728213E-009   9.2635781832214344E-009  -1.4212008372801609E-008   1.7963116196178978E-010   1.7638073262976525E-008  -5.0348851631218728E-009   3.0810650639435239E-009   5.3087359202017485E-012   9.2403150577215843E-016   1.0239014321005359E-015  -1.4346785708074706E-016  -4.2111714827793483E-016   2.0921691046708660E-016  -5.0291444689079429E-016
  -1.1138030961757563E-010   1.5843405528237263E-009  -2.6983164136400866E-009  -2.1884997372549545E-011  -8.2409774995551276E-010   1.1629667363934884E-008  -1.9846081013430393E-008   6.1600300929445819E-015   1.0180254102981475E-014  -3.2522609081934118E-015  -1.5170930521918327E-015  -4.0652940905052381E-015  -4.6429372682393147E-015  -6.1976994959370450E-010   4.5767644107786521E-015   6.9185508067826018E-015  -2.3811379304198439E-015  -1.8196491491696395E-015   1.1162491291551521E-016  -2.7571151916942143E-015  -6.9227004147866868E-010  -8.6197349319493777E-010   1.2132557229284344E-008  -2.0717790243001186E-008  -1.4061492268159856E-009   3.7439433755644904E-009   1.4396334433967711E-008   4.1935161255065201E-009  -3.7661190319048115E-013   1.0239014321005359E-015   1.5632944493396412E-015  -3.4369248322103220E-016  -3.6657296345932824E-016  -5.4125784884736869E-017  -6.5732842825174723E-016
  -1.0956689716027102E-009   2.3353707244776059E-010   1.1258305216276066E-009   4.2029856428676837E-011  -8.0599438031917436E-009   1.7177168387634398E-009   8.2581068345578039E-009  -4.0214820112156921E-017  -1.2097893772520685E-015   1.8988794872457918E-015  -1.0622647307397975E-015   4.4444714428087447E-015   1.1024792429820010E-015   1.6805011332579656E-009  -1.1907241142290084E-015  -1.8448861704009671E-015   1.9774425945534755E-015   2.0644454966001313E-016   3.1155476917371758E-015   9.8427924110130152E-016   1.8084485366925098E-009  -8.4144149376910157E-009   1.7931823272087349E-009   8.6131749232257214E-009  -6.0075713451282059E-011   2.6594274217323162E-009  -4.0050108586831681E-010   1.4536611319983525E-008   6.2780942501445345E-012  -1.4346785708074706E-016  -3.4369248322103220E-016   4.8541184984995520E-016  -2.5199823041224158E-017   7.3740655066097276E-016   1.6866761515248437E-016
   1.2198921668786895E-009   3.5473264165216661E-010   1.1209510039612636E-009  -5.0648322520729316E-012   8.9831243900681781E-009   2.6012963340811579E-009   8.2445551878024435E-009  -2.9891075498393617E-015  -3.2188383775283283E-015   1.5117988227945473E-015   4.0018572368590844E-015  -8.6969814685327867E-016  -1.0127497580533096E-015   8.4352931757064173E-011  -1.1788577948602211E-015  -1.5513024136961219E-015  -6.0177693963901182E-017   1.6834007572278532E-015  -2.7473418208969698E-015  -5.0454292374208218E-016   6.2295834806077096E-011   9.3814034848184773E-009   2.7128981004639356E-009   8.6066773681181070E-009  -1.6106015516528608E-009  -9.7839109889262419E-009   5.1000657187615139E-009  -1.7258856952648375E-009   2.5483686337616461E-012  -4.2111714827793483E-016  -3.6657296345932824E-016  -2.5199823041224158E-017   4.8604171017865756E-016  -5.8209439567622977E-016  -6.4924501566090950E-017
  -3.6551262781754604E-009   3.7583352135038072E-010   5.5546505091909953E-010  -1.6809219563638814E-011  -2.6884300570361345E-008   2.7642850783886668E-009   4.0772724022691159E-009   4.4008506638137800E-015   3.0479821778016895E-015   1.6089240303901830E-015  -6.9091545155410480E-015   9.3794817938715530E-015   2.5083039072546657E-015  -7.0481405287032977E-010  -3.3673601660655917E-016  -7.5958299699624838E-016   3.6626180991319381E-015  -1.8037410932261246E-015   9.5886977433089017E-015   2.1404772415860227E-015  -7.5514976292425892E-010  -2.8065459084980414E-008   2.8857101855279098E-009   4.2535673188085583E-009   2.1369210700069219E-010   6.3294345314028063E-009  -6.0467932049636854E-010   5.0800435213047535E-009  -3.3697450185286460E-012   2.0921691046708660E-016  -5.4125784884736869E-017   7.3740655066097276E-016  -5.8209439567622977E-016   2.0658200718104177E-015   3.7287749674172423E-016
  -7.9098094514532825E-010  -1.5604506948100682E-009   7.2999174475322235E-010  -4.1225227709392097E-011  -5.8051935408796548E-009  -1.1473681666931611E-008   5.3693856416051521E-009  -1.8560419445704318E-015  -4.3608311733569488E-015   6.0939981217155859E-016  -2.2688759589062324E-015   2.8261529633958859E-015   4.1249183830546361E-015  -1.8914309885844140E-009  -2.0967706485321537E-015  -3.3115321561095680E-015   1.3396976174980733E-015  -2.4018399074608350E-016   1.7414984946097703E-015   2.3369550286953567E-015  -2.0112847696483739E-009  -6.0559073767844904E-009  -1.1976476489203318E-008   5.6053312630322191E-009   1.4308953351392438E-009  -7.8541625500054826E-009  -6.5182508886766285E-011  -1.3551801198136327E-009  -7.8566417350461442E-012  -5.0291444689079429E-016  -6.5732842825174723E-016   1.6866761515248437E-016  -6.4924501566090950E-017   3.7287749674172423E-016   5.6783897752242639E-016
