   4.9473353740359131E-003  -4.3988075175015814E-017  -8.5884513333634644E-017   2.6763833160737324E-017   4.0384091522016219E-002   4.9623596918861430E-017  -1.6691053422275047E-016  -1.2018522629087438E-017  -8.2966670934515989E-018   6.1765723837274626E-018  -3.2840783170285721E-017   4.1701928102886419E-018  -1.6503165463234017E-017   4.8880034204713331E-016  -1.8589891956506820E-017   1.2442806165132657E-018  -1.4035819732025240E-019  -1.4128909599268927E-018  -3.6407074886194246E-018  -6.6684050045976075E-018   4.6419835625296460E-002   6.1271411683227889E-017  -1.8766728377199282E-016   6.5793277868374605E-016  -9.8864369297232838E-004  -3.5411274823835428E-016   5.2806431073675453E-016  -3.6760264125634911E-017  -1.9161483162041552E-016  -8.3128962590627690E-017   5.1843265449187629E-016  -1.1052855102868053E-016  -4.7963647612082795E-016   5.8829699228824238E-016   1.1155379121886912E-016
  -4.3988075175015814E-017   4.9473353740358255E-003  -1.7551079399253188E-016   1.5391509408058475E-017  -4.1769725737945512E-016   4.0384091522016288E-002  -5.7835164154003341E-016  -3.4440622448084057E-017   1.1030898124406387E-017   4.1962252810984142E-018  -3.1537311398863205E-017   3.3606927000319439E-018  -3.1002415629472861E-017   4.8480799827327336E-016  -5.8502074137187709E-017   6.7391504792532207E-018  -2.2838549254167423E-018  -2.8923625086585284E-017  -6.8977070246149735E-019  -3.7208983472009580E-017  -4.5645744064068837E-016   4.6419835625295856E-002  -7.9008559568811991E-016   3.9861218412279736E-016  -2.1600786933081162E-017  -9.8864369297131985E-004   1.0415821575848821E-015  -2.3195120646561743E-015   1.5799771214881617E-015   1.7121124892228317E-018   1.5551668883737218E-015  -6.8116665565661581E-017   7.4977459823404702E-016   4.0271726044919008E-016  -4.9669403090008729E-016
  -8.5884513333634644E-017  -1.7551079399253188E-016   4.9473353740350518E-003   5.6918434693179485E-017  -4.8639411961473616E-016  -6.7924145122102278E-016   4.0384091522013103E-002  -7.3295613763895339E-018  -1.2761104736861956E-017  -1.4217110932491977E-017  -1.7930592302528650E-017  -4.3705369314032056E-019   3.1450712944934091E-017   9.7349731431682450E-017  -1.6991976580665212E-017  -7.5754506121227493E-018  -4.4367476529158635E-018  -2.5286634566328653E-017  -6.5854252198947606E-018   1.0362561754756833E-017  -5.9666546823407088E-016  -9.4293144791554595E-016   4.6419835625292234E-002   1.5470057554487485E-016   4.4363357932991706E-016   2.0751191733204369E-015  -9.8864369297192375E-004  -2.2342667761730394E-015   1.1366411139565552E-015   8.5025416873043773E-016   8.8261892478597447E-017   3.4489709104252389E-016   2.0837005183312202E-015   8.9894693255939704E-017  -2.6733192227897285E-015
   2.6763833160737324E-017   1.5391509408058475E-017   5.6918434693179485E-017   2.1045746063866154E-004   1.2608776166362342E-016   8.8524503017315282E-017   4.7948095076564540E-016  -3.7256445256632937E-016   7.8840720392802819E-019   5.4189053358828190E-018  -2.7074046499410687E-016   1.0694732244075216E-018  -1.8160750295948580E-016   1.0253174773270731E-002  -5.6013863760698696E-017   2.0933383282650841E-017   2.7823220731453840E-017  -2.6657259611246026E-016   5.0379116268012459E-018  -2.7768001227766622E-016   1.6238950627996136E-016   1.0479721390686182E-016   5.5927735190816802E-016   1.4706033083077627E-002  -3.0165967614173586E-015   2.4140028526276520E-015   3.2548438887288098E-015  -9.6512435553730298E-015   2.0756626437448282E-015   3.4583994186628572E-015  -5.7686302006770272E-016  -8.6499526042685862E-017   1.0247490244674004E-014   1.2857165410303113E-002   2.9762076416775529E-003
   4.0384091522016219E-002  -4.1769725737945512E-016  -4.8639411961473616E-016   1.2608776166362342E-016  0.32967913681832600       -5.7515283855303915E-017   3.4191821960200845E-016  -9.0118768137339779E-017  -5.8177809073210442E-017   4.9069590650958511E-017  -2.8271862149218216E-016   3.5626067349242726E-017  -1.1886097000492653E-016   1.8518257295688542E-016  -1.4968081148542935E-016   1.5927340507240239E-017  -4.1470595927921573E-018  -2.2729827165378962E-017  -2.5090618484265364E-017  -4.6131220742074563E-017  0.37893727625364898       -3.8953574963520145E-017   4.4417466325351237E-016  -1.1983887336423664E-016  -6.9459782699062694E-005   3.8156787462049676E-016  -3.6587808300429318E-016   5.0154734294325948E-016  -7.2747616728778088E-016  -1.1992533626822780E-015   8.4924222898582796E-016   7.4013110451725741E-017  -1.3334746550506686E-015   2.3816649669292151E-017  -1.5578085650512178E-015
   4.9623596918861430E-017   4.0384091522016288E-002  -6.7924145122102278E-016   8.8524503017315282E-017  -5.7515283855303915E-017  0.32967913681833289        1.3183936539023054E-015  -1.8953454515554766E-016   2.5207850183237054E-017   3.1936768797818847E-017  -3.1674175508389124E-016   2.9309063323338168E-017  -2.9106004936052478E-016   1.3618802857123295E-015  -3.7338705585770339E-016  -1.2678515994918729E-017  -2.0049250098168618E-017  -3.0774532544376584E-016  -2.6918061500978644E-018  -3.3436577626870435E-016   1.2367402817760766E-016  0.37893727625365131        5.1711549643166819E-016  -3.2601550497300734E-016   4.8282107023973229E-016  -6.9459782698538374E-005  -8.6558036062332041E-016   3.5764083620283763E-015  -2.3707036613321804E-015  -4.1179027005668817E-016  -2.2751646657643041E-015  -1.4792491021673102E-017  -1.4175299963183995E-015   8.1971395331200612E-017  -9.6493551202597730E-016
  -1.6691053422275047E-016  -5.7835164154003341E-016   4.0384091522013103E-002   4.7948095076564540E-016   3.4191821960200845E-016   1.3183936539023054E-015  0.32967913681833244        2.4205303295012909E-017  -1.4906301073194521E-016  -1.3518713611337499E-016  -1.6656597820367595E-016  -1.7057291246788903E-017   1.8699056833923098E-016  -8.3612804682034130E-016  -4.7433755129133637E-017  -1.0773555120505649E-016  -5.9221893630271421E-017  -2.1402438406973482E-016  -6.5013695835639194E-017   1.0402355856887729E-017   1.0142532803111898E-016   2.2822433386307261E-016  0.37893727625365103       -3.4276693483840791E-016  -3.8148525237981905E-015  -1.6461100090709627E-015  -6.9459782698460312E-005   9.9776978944882060E-016  -6.1851047100188242E-016   2.1512863577809869E-015  -2.3092623772631989E-015   6.7523476490782129E-017   8.0555081830371052E-016  -1.1024374563398979E-015  -1.1033232457064456E-015
  -1.2018522629087438E-017  -3.4440622448084057E-017  -7.3295613763895339E-018  -3.7256445256632937E-016  -9.0118768137339779E-017  -1.8953454515554766E-016   2.4205303295012909E-017   3.5130216715310198E-005  -2.6481327042924859E-018  -7.5520378106353028E-018  -1.7565108357650525E-005   6.1418950439523997E-018  -1.7565108357657786E-005  -1.5996140890466924E-014   3.8072606767936660E-005  -1.2546258632193787E-017   2.7043383861374440E-018  -1.9036303383968682E-005  -4.7492750646470513E-019  -1.9036303383973782E-005  -1.0819669245701794E-016  -2.4355532762870513E-016   2.0667430799100621E-017  -2.3115525247458479E-014   1.1563353571290135E-015  -7.1817156987520310E-016   8.1562349680132580E-016   8.3697494563674899E-003  -1.0096084277438067E-015  -6.9513601113090914E-016  -4.1848747281832098E-003   6.6979148832978840E-016  -4.1848747281845733E-003  -2.0634968018271468E-014  -6.3187767029670103E-015
  -8.2966670934515989E-018   1.1030898124406387E-017  -1.2761104736861956E-017   7.8840720392802819E-019  -5.8177809073210442E-017   2.5207850183237054E-017  -1.4906301073194521E-016  -2.6481327042924859E-018   3.5130216715342175E-005  -5.0445719257973643E-018   3.6932675500597871E-018   1.5404934031383339E-018   9.2049857977612303E-019  -2.7448413458565689E-016  -9.3026386048892183E-019   3.8072606767962301E-005   5.0095124959197266E-018  -9.1062162965384603E-019  -6.1130057352120894E-018   1.3500179031123346E-018  -6.4498889753257143E-017   4.8596796867937002E-017  -1.6861869467330512E-016  -4.2898178381564057E-016   1.5127355294836200E-015  -1.8661717608324267E-016  -8.2592039504646504E-016   3.8605284164480586E-016   8.3697494563713202E-003  -4.6587622074242478E-016   6.2570323813670089E-018  -2.4206870202613953E-016  -3.8522634924652228E-016  -3.3014300219590973E-016  -1.6230707998514932E-015
   6.1765723837274626E-018   4.1962252810984142E-018  -1.4217110932491977E-017   5.4189053358828190E-018   4.9069590650958511E-017   3.1936768797818847E-017  -1.3518713611337499E-016  -7.5520378106353028E-018  -5.0445719257973643E-018   3.5130216715296422E-005  -1.6847826532776670E-018  -6.8551605559982446E-018   9.4343931736416373E-018  -5.1783421844446126E-016  -4.3857078854429148E-018  -2.9155750855946738E-018   3.8072606767933807E-005   2.4134181375526390E-018   1.5607123080977811E-018   2.0810230530261811E-018   6.4248386996006582E-017   3.8871998306719657E-017  -1.6116865255017805E-016  -7.1541777671729369E-016   2.0817248259070062E-016  -1.3295607990596330E-016   2.4262060650901274E-016  -1.1016265931225877E-015  -7.3633876417972771E-016   8.3697494563658801E-003  -3.1045986272312629E-016  -1.1049477960738872E-016   1.4080747489888396E-015  -6.5222649798069327E-016   6.1987852219773394E-016
  -3.2840783170285721E-017  -3.1537311398863205E-017  -1.7930592302528650E-017  -2.7074046499410687E-016  -2.8271862149218216E-016  -3.1674175508389124E-016  -1.6656597820367595E-016  -1.7565108357650525E-005   3.6932675500597871E-018  -1.6847826532776670E-018   3.5130216715296469E-005   1.7056874202232620E-017  -1.7565108357649631E-005  -1.2926808221694229E-014  -1.9036303383974547E-005   7.9009976005203700E-018  -5.6994084237652290E-018   3.8072606767918398E-005   9.5794473589856227E-019  -1.9036303383942184E-005  -3.3166880163411111E-016  -3.4858460145185575E-016  -1.7926650254895406E-016  -1.8585040018220014E-014  -1.0685601143480445E-016   8.9193503879854173E-016  -1.8590969828102242E-015  -4.1848747281833269E-003   8.7936271254332676E-016  -9.7980959690167093E-017   8.3697494563660432E-003   1.7166289066946490E-015  -4.1848747281825497E-003  -1.6078501532734573E-014  -5.5974629593048979E-015
   4.1701928102886419E-018   3.3606927000319439E-018  -4.3705369314032056E-019   1.0694732244075216E-018   3.5626067349242726E-017   2.9309063323338168E-017  -1.7057291246788903E-017   6.1418950439523997E-018   1.5404934031383339E-018  -6.8551605559982446E-018   1.7056874202232620E-017   3.5130216715292180E-005  -1.6315956843646224E-017   6.8913764597172635E-017   8.4430398535565558E-018   4.2712766242316917E-018  -7.0715799038646360E-018   1.1132252311632996E-017   3.8072606767935949E-005  -1.2311501310516508E-017   4.1836834532493777E-017   3.3680648620834023E-017  -1.7721598456215272E-017   1.1465270691773566E-016  -6.2744077185604876E-016  -9.9241563280014817E-017  -4.9134027279818889E-016   7.9265486140867216E-016   6.0923811539965514E-016  -1.5221876132868156E-015   2.3457754793457827E-015   8.3697494563653718E-003  -3.1397670050673367E-015   9.3636456323790309E-017  -1.2229475532640690E-016
  -1.6503165463234017E-017  -3.1002415629472861E-017   3.1450712944934091E-017  -1.8160750295948580E-016  -1.1886097000492653E-016  -2.9106004936052478E-016   1.8699056833923098E-016  -1.7565108357657786E-005   9.2049857977612303E-019   9.4343931736416373E-018  -1.7565108357649631E-005  -1.6315956843646224E-017   3.5130216715309209E-005  -1.0710799559497796E-014  -1.9036303383960066E-005   6.7755294552284383E-018   3.2091913226080776E-018  -1.9036303383953707E-005   6.9762760569390616E-018   3.8072606767917910E-005  -1.2968349231172464E-016  -3.2165719213139991E-016   2.1270061360063306E-016  -1.5360288506161157E-014   1.2593691752894993E-015  -1.5800356714523222E-015  -4.3261138522091985E-016  -4.1848747281837129E-003   5.9855657333106973E-016   8.4018844458440898E-016  -4.1848747281837103E-003  -7.4659522805768316E-016   8.3697494563675506E-003  -1.3039132149037273E-014  -6.5945045220838654E-015
   4.8880034204713331E-016   4.8480799827327336E-016   9.7349731431682450E-017   1.0253174773270731E-002   1.8518257295688542E-016   1.3618802857123295E-015  -8.3612804682034130E-016  -1.5996140890466924E-014  -2.7448413458565689E-016  -5.1783421844446126E-016  -1.2926808221694229E-014   6.8913764597172635E-017  -1.0710799559497796E-014  0.51207505292059130       -1.8583117125567242E-016   5.0754599772700426E-016   6.3018955443790788E-016  -1.2527162505868721E-014   2.2916470241761364E-016  -1.5752210225147607E-014   6.6333384892386748E-016   1.7911385841116606E-015  -3.7122660841883682E-016  0.72960895268414161        1.1834348319833809E-016  -3.1652348305866032E-015  -1.0038629353824076E-014   1.2961873361997820E-014  -2.6989678065794212E-015  -3.1749926386087695E-015  -4.8859431511170043E-015  -2.8659240530425859E-015  -1.9904840116205480E-014  0.64092452528821686       -9.9269497389208351E-003
  -1.8589891956506820E-017  -5.8502074137187709E-017  -1.6991976580665212E-017  -5.6013863760698696E-017  -1.4968081148542935E-016  -3.7338705585770339E-016  -4.7433755129133637E-017   3.8072606767936660E-005  -9.3026386048892183E-019  -4.3857078854429148E-018  -1.9036303383974547E-005   8.4430398535565558E-018  -1.9036303383960066E-005  -1.8583117125567242E-016   4.1261441620262349E-005  -1.1494964185999951E-017   7.0478881845002050E-018  -2.0630720810143670E-005   1.4216641518563274E-018  -2.0630720810124971E-005  -1.7391904783285194E-016  -4.5935629199242669E-016  -6.2370459672208789E-017  -5.3381196953730432E-016  -3.9241029158081291E-016   4.4637513580581112E-016   9.3441498190123310E-016   9.0707718196214766E-003  -6.3204560908755564E-016   1.5171831805070134E-016  -4.5353859098128209E-003   1.1515758083848217E-015  -4.5353859098089732E-003  -8.7750229044422014E-016  -4.4963245395436333E-015
   1.2442806165132657E-018   6.7391504792532207E-018  -7.5754506121227493E-018   2.0933383282650841E-017   1.5927340507240239E-017  -1.2678515994918729E-017  -1.0773555120505649E-016  -1.2546258632193787E-017   3.8072606767962301E-005  -2.9155750855946738E-018   7.9009976005203700E-018   4.2712766242316917E-018   6.7755294552284383E-018   5.0754599772700426E-016  -1.1494964185999951E-017   4.1261441620280381E-005   8.1943127438197069E-018   3.2380179465688613E-018  -3.8053398214011875E-018   7.7249644671792630E-018   2.3052195901126766E-017   5.4685022982856050E-018  -1.2219559900283435E-016   7.5669953969960427E-016   4.9416580448954563E-016   4.4263591977014238E-016  -2.0709107802314342E-016  -1.8869907772564544E-015   9.0707718196234802E-003   1.0299978872127644E-016   9.3557076013195138E-016   3.5752304482815931E-016   9.5909678260458770E-016   6.6825393259648927E-016   6.6199793963009532E-016
  -1.4035819732025240E-019  -2.2838549254167423E-018  -4.4367476529158635E-018   2.7823220731453840E-017  -4.1470595927921573E-018  -2.0049250098168618E-017  -5.9221893630271421E-017   2.7043383861374440E-018   5.0095124959197266E-018   3.8072606767933807E-005  -5.6994084237652290E-018  -7.0715799038646360E-018   3.2091913226080776E-018   6.3018955443790788E-016   7.0478881845002050E-018   8.1943127438197069E-018   4.1261441620272351E-005  -1.5823903079747102E-018   2.0791423286431604E-018  -5.3476593808573878E-018   4.4659693301371245E-018  -2.1226445194717296E-017  -7.3257593715249169E-017   8.8628808287008867E-016  -1.5780215810634393E-016   1.3302106620508933E-016  -3.0574476440672019E-016   1.4003798781795066E-015   1.6980316498280867E-015   9.0707718196226094E-003  -1.2593250696600278E-015  -3.4516612452947187E-017  -1.4540257569817507E-016   7.7544079645850875E-016  -5.2317625739069695E-016
  -1.4128909599268927E-018  -2.8923625086585284E-017  -2.5286634566328653E-017  -2.6657259611246026E-016  -2.2729827165378962E-017  -3.0774532544376584E-016  -2.1402438406973482E-016  -1.9036303383968682E-005  -9.1062162965384603E-019   2.4134181375526390E-018   3.8072606767918398E-005   1.1132252311632996E-017  -1.9036303383953707E-005  -1.2527162505868721E-014  -2.0630720810143670E-005   3.2380179465688613E-018  -1.5823903079747102E-018   4.1261441620238890E-005  -6.9309533836237948E-018  -2.0630720810093417E-005  -3.5602557824257445E-017  -3.3344724361506971E-016  -2.3957384709611560E-016  -1.8083036833522492E-014   1.0457737229773969E-015  -8.7623261339579353E-016   1.5544371550804555E-015  -4.5353859098115502E-003  -2.1755713024960873E-016   9.0382571227426165E-016   9.0707718196191001E-003   1.0850151917659162E-016  -4.5353859098073712E-003  -1.5583066605517651E-014  -7.8403508024427862E-015
  -3.6407074886194246E-018  -6.8977070246149735E-019  -6.5854252198947606E-018   5.0379116268012459E-018  -2.5090618484265364E-017  -2.6918061500978644E-018  -6.5013695835639194E-017  -4.7492750646470513E-019  -6.1130057352120894E-018   1.5607123080977811E-018   9.5794473589856227E-019   3.8072606767935949E-005   6.9762760569390616E-018   2.2916470241761364E-016   1.4216641518563274E-018  -3.8053398214011875E-018   2.0791423286431604E-018  -6.9309533836237948E-018   4.1261441620281973E-005   1.3381471375263303E-017  -2.9261035542631112E-017  -3.5333261384104914E-018  -7.4282942343515939E-017   3.5916273128436205E-016   4.8593036831002959E-017   1.1946647509355953E-016   3.0864073655880265E-016  -8.3996964538626721E-016  -1.1939154517024874E-015   4.9218942498033234E-016  -1.6336780569626442E-015   9.0707718196236641E-003   2.4721990774857599E-015   2.9849269166297505E-016   3.4792980221969450E-016
  -6.6684050045976075E-018  -3.7208983472009580E-017   1.0362561754756833E-017  -2.7768001227766622E-016  -4.6131220742074563E-017  -3.3436577626870435E-016   1.0402355856887729E-017  -1.9036303383973782E-005   1.3500179031123346E-018   2.0810230530261811E-018  -1.9036303383942184E-005  -1.2311501310516508E-017   3.8072606767917910E-005  -1.5752210225147607E-014  -2.0630720810124971E-005   7.7249644671792630E-018  -5.3476593808573878E-018  -2.0630720810093417E-005   1.3381471375263303E-017   4.1261441620222870E-005  -4.1289075252225192E-017  -3.7535664228855995E-016   8.8722946062254046E-018  -2.2511740344144330E-014  -8.5552392469417473E-016   9.2187319044537484E-016  -1.1656588591352212E-016  -4.5353859098113082E-003   7.3265374734268240E-016  -1.0296386393640505E-015  -4.5353859098058828E-003   4.7051565842254482E-016   9.0707718196173289E-003  -1.9308475101103738E-014  -5.7627218785616561E-015
   4.6419835625296460E-002  -4.5645744064068837E-016  -5.9666546823407088E-016   1.6238950627996136E-016  0.37893727625364898        1.2367402817760766E-016   1.0142532803111898E-016  -1.0819669245701794E-016  -6.4498889753257143E-017   6.4248386996006582E-017  -3.3166880163411111E-016   4.1836834532493777E-017  -1.2968349231172464E-016   6.6333384892386748E-016  -1.7391904783285194E-016   2.3052195901126766E-017   4.4659693301371245E-018  -3.5602557824257445E-017  -2.9261035542631112E-017  -4.1289075252225192E-017  0.43556240248166483        1.7489023463741322E-016   1.7093995125985285E-016   5.5110722081355610E-016  -3.8770290249524747E-003  -6.7202667674743538E-017  -1.1604633271920322E-016   1.0038311055697054E-018   4.1178609385137572E-016   5.8519778580621745E-016  -6.6970607054433582E-016   1.2164416781931746E-017   6.8827461056579441E-016   6.0236822442679245E-016  -1.3156700559570189E-016
   6.1271411683227889E-017   4.6419835625295856E-002  -9.4293144791554595E-016   1.0479721390686182E-016  -3.8953574963520145E-017  0.37893727625365131        2.2822433386307261E-016  -2.4355532762870513E-016   4.8596796867937002E-017   3.8871998306719657E-017  -3.4858460145185575E-016   3.3680648620834023E-017  -3.2165719213139991E-016   1.7911385841116606E-015  -4.5935629199242669E-016   5.4685022982856050E-018  -2.1226445194717296E-017  -3.3344724361506971E-016  -3.5333261384104914E-018  -3.7535664228855995E-016   1.7489023463741322E-016  0.43556240248166117       -8.8922211956403710E-016  -4.2817695453474319E-018   2.5767747885921162E-016  -3.8770290249534062E-003  -5.7291851148008452E-016  -2.3365849556512304E-015   1.8647197323233840E-015  -1.8067351463658138E-017   1.4752673595587784E-015  -6.3821179915408317E-017   7.2639343450678900E-016   3.8218590126978848E-016   8.7325106546673167E-016
  -1.8766728377199282E-016  -7.9008559568811991E-016   4.6419835625292234E-002   5.5927735190816802E-016   4.4417466325351237E-016   5.1711549643166819E-016  0.37893727625365103        2.0667430799100621E-017  -1.6861869467330512E-016  -1.6116865255017805E-016  -1.7926650254895406E-016  -1.7721598456215272E-017   2.1270061360063306E-016  -3.7122660841883682E-016  -6.2370459672208789E-017  -1.2219559900283435E-016  -7.3257593715249169E-017  -2.3957384709611560E-016  -7.4282942343515939E-017   8.8722946062254046E-018   1.7093995125985285E-016  -8.8922211956403710E-016  0.43556240248166112        4.6133417129345340E-016  -2.3487314304957091E-015  -1.4347380811868339E-016  -3.8770290249568748E-003  -1.8503430240531555E-016  -4.4184373519423295E-016   1.2057312297146137E-015  -5.9558576051622826E-016   3.0550494498639824E-016   1.9780990355697434E-016  -5.3812640214035879E-016   5.1652214276666030E-016
   6.5793277868374605E-016   3.9861218412279736E-016   1.5470057554487485E-016   1.4706033083077627E-002  -1.1983887336423664E-016  -3.2601550497300734E-016  -3.4276693483840791E-016  -2.3115525247458479E-014  -4.2898178381564057E-016  -7.1541777671729369E-016  -1.8585040018220014E-014   1.1465270691773566E-016  -1.5360288506161157E-014  0.72960895268414161       -5.3381196953730432E-016   7.5669953969960427E-016   8.8628808287008867E-016  -1.8083036833522492E-014   3.5916273128436205E-016  -2.2511740344144330E-014   5.5110722081355610E-016  -4.2817695453474319E-018   4.6133417129345340E-016   1.0413848260584584        2.2965965374700230E-015   1.8658286773823300E-015   6.7039219734363766E-015  -1.0811465230660193E-014  -9.5792702925151093E-016  -3.6974534698566580E-015  -2.2705348328456968E-015   6.8371917237020561E-016   1.0555975895444617E-015  0.91364816688951156        4.5674077333297647E-002
  -9.8864369297232838E-004  -2.1600786933081162E-017   4.4363357932991706E-016  -3.0165967614173586E-015  -6.9459782699062694E-005   4.8282107023973229E-016  -3.8148525237981905E-015   1.1563353571290135E-015   1.5127355294836200E-015   2.0817248259070062E-016  -1.0685601143480445E-016  -6.2744077185604876E-016   1.2593691752894993E-015   1.1834348319833809E-016  -3.9241029158081291E-016   4.9416580448954563E-016  -1.5780215810634393E-016   1.0457737229773969E-015   4.8593036831002959E-017  -8.5552392469417473E-016  -3.8770290249524747E-003   2.5767747885921162E-016  -2.3487314304957091E-015   2.2965965374700230E-015   1.9993435269885305       -3.9621667690089574E-017  -5.4958972493315782E-016  -1.8969186694406582E-016   7.9915609681125241E-016   8.1273959021598686E-017  -4.4410856134272813E-016   2.7234796215811641E-016   8.0734624223155318E-016   9.2460415930889604E-016  -4.5881970330802932E-016
  -3.5411274823835428E-016  -9.8864369297131985E-004   2.0751191733204369E-015   2.4140028526276520E-015   3.8156787462049676E-016  -6.9459782698538374E-005  -1.6461100090709627E-015  -7.1817156987520310E-016  -1.8661717608324267E-016  -1.3295607990596330E-016   8.9193503879854173E-016  -9.9241563280014817E-017  -1.5800356714523222E-015  -3.1652348305866032E-015   4.4637513580581112E-016   4.4263591977014238E-016   1.3302106620508933E-016  -8.7623261339579353E-016   1.1946647509355953E-016   9.2187319044537484E-016  -6.7202667674743538E-017  -3.8770290249534062E-003  -1.4347380811868339E-016   1.8658286773823300E-015  -3.9621667690089574E-017   1.9993435269885229        2.5731396864111498E-015  -5.8363238992306569E-016   5.2231168847237598E-016   2.1415302552824906E-017   9.6607580562096969E-016   6.1432605061213196E-017   2.8272316973540502E-016   1.1380274724029067E-015   5.4175558498555444E-016
   5.2806431073675453E-016   1.0415821575848821E-015  -9.8864369297192375E-004   3.2548438887288098E-015  -3.6587808300429318E-016  -8.6558036062332041E-016  -6.9459782698460312E-005   8.1562349680132580E-016  -8.2592039504646504E-016   2.4262060650901274E-016  -1.8590969828102242E-015  -4.9134027279818889E-016  -4.3261138522091985E-016  -1.0038629353824076E-014   9.3441498190123310E-016  -2.0709107802314342E-016  -3.0574476440672019E-016   1.5544371550804555E-015   3.0864073655880265E-016  -1.1656588591352212E-016  -1.1604633271920322E-016  -5.7291851148008452E-016  -3.8770290249568748E-003   6.7039219734363766E-015  -5.4958972493315782E-016   2.5731396864111498E-015   1.9993435269885254       -1.8937438126456067E-015   2.2713404783723566E-015  -5.3481625740846124E-016   1.8328683850067661E-015  -6.8202356244151931E-016   7.3201242426709585E-016  -5.6856613684246333E-016  -2.9233020991523520E-015
  -3.6760264125634911E-017  -2.3195120646561743E-015  -2.2342667761730394E-015  -9.6512435553730298E-015   5.0154734294325948E-016   3.5764083620283763E-015   9.9776978944882060E-016   8.3697494563674899E-003   3.8605284164480586E-016  -1.1016265931225877E-015  -4.1848747281833269E-003   7.9265486140867216E-016  -4.1848747281837129E-003   1.2961873361997820E-014   9.0707718196214766E-003  -1.8869907772564544E-015   1.4003798781795066E-015  -4.5353859098115502E-003  -8.3996964538626721E-016  -4.5353859098113082E-003   1.0038311055697054E-018  -2.3365849556512304E-015  -1.8503430240531555E-016  -1.0811465230660193E-014  -1.8969186694406582E-016  -5.8363238992306569E-016  -1.8937438126456067E-015   1.9940869289267444        1.7534801735608026E-015   5.9682619089894277E-016 -0.99704346446340497       -2.0389099479947877E-016 -0.99704346446340941       -1.1815980397131460E-013  -1.4200460751913552E-014
  -1.9161483162041552E-016   1.5799771214881617E-015   1.1366411139565552E-015   2.0756626437448282E-015  -7.2747616728778088E-016  -2.3707036613321804E-015  -6.1851047100188242E-016  -1.0096084277438067E-015   8.3697494563713202E-003  -7.3633876417972771E-016   8.7936271254332676E-016   6.0923811539965514E-016   5.9855657333106973E-016  -2.6989678065794212E-015  -6.3204560908755564E-016   9.0707718196234802E-003   1.6980316498280867E-015  -2.1755713024960873E-016  -1.1939154517024874E-015   7.3265374734268240E-016   4.1178609385137572E-016   1.8647197323233840E-015  -4.4184373519423295E-016  -9.5792702925151093E-016   7.9915609681125241E-016   5.2231168847237598E-016   2.2713404783723566E-015   1.7534801735608026E-015   1.9940869289267542       -8.3104096521012017E-017   1.3583426917984648E-015   3.5245040935251640E-017  -1.4242892889398915E-015   2.7656053719174665E-015   1.2292017643677874E-015
  -8.3128962590627690E-017   1.7121124892228317E-018   8.5025416873043773E-016   3.4583994186628572E-015  -1.1992533626822780E-015  -4.1179027005668817E-016   2.1512863577809869E-015  -6.9513601113090914E-016  -4.6587622074242478E-016   8.3697494563658801E-003  -9.7980959690167093E-017  -1.5221876132868156E-015   8.4018844458440898E-016  -3.1749926386087695E-015   1.5171831805070134E-016   1.0299978872127644E-016   9.0707718196226094E-003   9.0382571227426165E-016   4.9218942498033234E-016  -1.0296386393640505E-015   5.8519778580621745E-016  -1.8067351463658138E-017   1.2057312297146137E-015  -3.6974534698566580E-015   8.1273959021598686E-017   2.1415302552824906E-017  -5.3481625740846124E-016   5.9682619089894277E-016  -8.3104096521012017E-017   1.9940869289267591       -1.6778570720299396E-015   1.3220151427566302E-016   1.2522535092209092E-016  -6.0654393291830347E-015  -1.9199577738409375E-015
   5.1843265449187629E-016   1.5551668883737218E-015   8.8261892478597447E-017  -5.7686302006770272E-016   8.4924222898582796E-016  -2.2751646657643041E-015  -2.3092623772631989E-015  -4.1848747281832098E-003   6.2570323813670089E-018  -3.1045986272312629E-016   8.3697494563660432E-003   2.3457754793457827E-015  -4.1848747281837103E-003  -4.8859431511170043E-015  -4.5353859098128209E-003   9.3557076013195138E-016  -1.2593250696600278E-015   9.0707718196191001E-003  -1.6336780569626442E-015  -4.5353859098058828E-003  -6.6970607054433582E-016   1.4752673595587784E-015  -5.9558576051622826E-016  -2.2705348328456968E-015  -4.4410856134272813E-016   9.6607580562096969E-016   1.8328683850067661E-015 -0.99704346446340497        1.3583426917984648E-015  -1.6778570720299396E-015   1.9940869289268337       -3.2971096285052513E-016 -0.99704346446338943        2.8940957606952842E-014   5.7884949985641855E-014
  -1.1052855102868053E-016  -6.8116665565661581E-017   3.4489709104252389E-016  -8.6499526042685862E-017   7.4013110451725741E-017  -1.4792491021673102E-017   6.7523476490782129E-017   6.6979148832978840E-016  -2.4206870202613953E-016  -1.1049477960738872E-016   1.7166289066946490E-015   8.3697494563653718E-003  -7.4659522805768316E-016  -2.8659240530425859E-015   1.1515758083848217E-015   3.5752304482815931E-016  -3.4516612452947187E-017   1.0850151917659162E-016   9.0707718196236641E-003   4.7051565842254482E-016   1.2164416781931746E-017  -6.3821179915408317E-017   3.0550494498639824E-016   6.8371917237020561E-016   2.7234796215811641E-016   6.1432605061213196E-017  -6.8202356244151931E-016  -2.0389099479947877E-016   3.5245040935251640E-017   1.3220151427566302E-016  -3.2971096285052513E-016   1.9940869289267580        2.1512942794364880E-016  -1.6191302072554763E-015  -1.1795971768377913E-015
  -4.7963647612082795E-016   7.4977459823404702E-016   2.0837005183312202E-015   1.0247490244674004E-014  -1.3334746550506686E-015  -1.4175299963183995E-015   8.0555081830371052E-016  -4.1848747281845733E-003  -3.8522634924652228E-016   1.4080747489888396E-015  -4.1848747281825497E-003  -3.1397670050673367E-015   8.3697494563675506E-003  -1.9904840116205480E-014  -4.5353859098089732E-003   9.5909678260458770E-016  -1.4540257569817507E-016  -4.5353859098073712E-003   2.4721990774857599E-015   9.0707718196173289E-003   6.8827461056579441E-016   7.2639343450678900E-016   1.9780990355697434E-016   1.0555975895444617E-015   8.0734624223155318E-016   2.8272316973540502E-016   7.3201242426709585E-016 -0.99704346446340941       -1.4242892889398915E-015   1.2522535092209092E-016 -0.99704346446338943        2.1512942794364880E-016   1.9940869289268293        7.5608411446577258E-014   1.1419845461578568E-013
   5.8829699228824238E-016   4.0271726044919008E-016   8.9894693255939704E-017   1.2857165410303113E-002   2.3816649669292151E-017   8.1971395331200612E-017  -1.1024374563398979E-015  -2.0634968018271468E-014  -3.3014300219590973E-016  -6.5222649798069327E-016  -1.6078501532734573E-014   9.3636456323790309E-017  -1.3039132149037273E-014  0.64092452528821686       -8.7750229044422014E-016   6.6825393259648927E-016   7.7544079645850875E-016  -1.5583066605517651E-014   2.9849269166297505E-016  -1.9308475101103738E-014   6.0236822442679245E-016   3.8218590126978848E-016  -5.3812640214035879E-016  0.91364816688951156        9.2460415930889604E-016   1.1380274724029067E-015  -5.6856613684246333E-016  -1.1815980397131460E-013   2.7656053719174665E-015  -6.0654393291830347E-015   2.8940957606952842E-014  -1.6191302072554763E-015   7.5608411446577258E-014  0.80230760815704016        2.3811508640014258E-003
   1.1155379121886912E-016  -4.9669403090008729E-016  -2.6733192227897285E-015   2.9762076416775529E-003  -1.5578085650512178E-015  -9.6493551202597730E-016  -1.1033232457064456E-015  -6.3187767029670103E-015  -1.6230707998514932E-015   6.1987852219773394E-016  -5.5974629593048979E-015  -1.2229475532640690E-016  -6.5945045220838654E-015  -9.9269497389208351E-003  -4.4963245395436333E-015   6.6199793963009532E-016  -5.2317625739069695E-016  -7.8403508024427862E-015   3.4792980221969450E-016  -5.7627218785616561E-015  -1.3156700559570189E-016   8.7325106546673167E-016   5.1652214276666030E-016   4.5674077333297647E-002  -4.5881970330802932E-016   5.4175558498555444E-016  -2.9233020991523520E-015  -1.4200460751913552E-014   1.2292017643677874E-015  -1.9199577738409375E-015   5.7884949985641855E-014  -1.1795971768377913E-015   1.1419845461578568E-013   2.3811508640014258E-003   1.9536835495075724     
