   2.7323273549972993E-002   1.0900253075349013E-009   9.3081543367915702E-011  -1.0638266501676978E-008  -2.0681314395840636E-009  -2.6766739398396422E-010  -1.5097349488442914E-009   1.2049973183965343E-009  -3.6706739224817631E-010   8.6313414090658626E-010   7.5333483860821129E-002   8.2252427070830273E-010   5.4332328109046018E-010  -3.0920022614337185E-010  -1.6511098145576639E-009  -2.1499580593458035E-009  -6.8092254635029824E-010   8.4688018603044740E-010  -9.4376262078556453E-011   8.0422959602635545E-010  -3.1728388228957448E-009   5.6753517367053953E-002   6.0508177445266761E-010   4.2034061007608102E-010   4.5070805526541518E-010   8.9882092309107628E-004  -2.0818493056663722E-011  -7.2752610329261464E-012   7.8990562284420966E-011  -2.1199955816783578E-010  -9.6972598129407640E-011  -1.7624363067172467E-010   1.1210718952984155E-010  -1.9942688199549247E-011   9.9892355978982950E-011
   1.0900253075349013E-009   2.7323267090027879E-002   3.5488126773387443E-009  -1.0157460624736877E-008   1.7807050790455340E-009  -6.9724632979946209E-010   1.6569606996006633E-010  -2.6300118497166661E-009  -8.3603574457666169E-010   8.4930654889240947E-010   1.7623528249047796E-009   7.5333476108524255E-002   4.1818341314404782E-009   1.8774881627967297E-008   1.7546355327658461E-009  -1.0164335403178675E-009   5.0687829523629040E-011  -3.1789975135448785E-009  -5.6312250510844690E-010   1.4243619175103068E-009   1.0542589058873164E-008   1.2911232606357688E-009   5.6753511856287506E-002   2.9513949943845140E-009  -8.7997174667287066E-010  -3.1211056647730283E-011   8.9882110058296422E-004  -9.9377484584992164E-011  -1.0646632702365960E-010   1.5058645412667971E-010  -1.1110477775436571E-010   9.9260668607273945E-012  -2.4426134327606501E-010  -1.4915623351554564E-010   9.3675039636557802E-011
   9.3081543367915702E-011   3.5488126773387443E-009   2.7323270655233278E-002  -1.2753121347106067E-008  -7.5337106840768235E-011   2.4923469627064724E-010  -6.9184944409863230E-010   9.7911103003769729E-010  -2.7079993564063641E-009  -9.0377337005415975E-010  -3.5007013492573370E-010   4.3468427174992146E-009   7.5333480379591214E-002  -1.3318810376080790E-008   1.5126218224614572E-010   8.8028653325808668E-011  -1.0404519547655718E-009   3.9892063072240197E-010  -2.8761860927344464E-009  -5.5018256751714701E-010  -1.2423397896154584E-008  -2.2630092268797528E-010   3.0903999617006054E-009   5.6753514906211833E-002   1.5748893807719846E-009   3.2289958012624570E-012  -9.9549734858678225E-011   8.9882100869997472E-004   2.3861513032070099E-010   5.3035270295783316E-011   1.6467834760509318E-011  -1.1385904907506920E-010   1.0530543357478762E-010  -2.3564541067059282E-010  -1.5834064387121276E-010
  -1.0638266501676978E-008  -1.0157460624736877E-008  -1.2753121347106067E-008   3.4981492173336812E-004   1.7716583460161499E-011  -1.0127730930578470E-011   7.6990146366142319E-012  -6.3664425467167323E-012   2.2666677084995259E-011  -1.1350392635302385E-011  -2.8803245827567030E-008  -2.9658486235507051E-008  -3.3013011480682343E-008   1.1737987316171414E-002  -1.1994010253708074E-012  -1.0071232183237782E-011   5.3814698513644017E-012   2.4359027939318710E-012   2.2923321380371951E-012  -1.2378245063893206E-012   1.4456547758764910E-002  -2.1453364404710235E-008  -2.3708889733244253E-008  -2.3511196256482606E-008   1.0574821745930820E-002  -1.7684087187821784E-010   6.3692418276534670E-010  -8.2672575892092948E-010   4.3485504839861958E-004   1.9527365282880256E-012  -1.3489464216566450E-012   1.2425252378797278E-012  -1.8277814370408345E-012   3.3914822994747275E-012  -1.2537894557226179E-013
  -2.0681314395840636E-009   1.7807050790455340E-009  -7.5337106840768235E-011   1.7716583460161499E-011   2.7389496939435129E-016  -2.6473420563984363E-017   1.2747113303283415E-016  -2.6569689590106451E-016  -1.7920131980066487E-017  -8.1981064074880940E-018  -5.7038150293658927E-009   4.9102344842673872E-009  -2.0679243563475243E-010   7.0175041482509997E-010   2.3881972297574348E-016   9.5655677773023428E-017   5.8010078433408169E-017  -2.7224544143152712E-016  -2.1471860689676522E-017   3.3425637735977329E-017   8.5125774044262008E-010  -4.2964777765534921E-009   3.6989888214259361E-009  -1.5609272409204043E-010   3.4095964060526286E-011   2.0036189870399627E-010  -3.7456455345880773E-011  -1.4513622571578147E-010   4.3180936664451664E-012   2.5215267625322993E-017  -3.4941769039545466E-019   1.4202144059835118E-017  -2.4520911026366175E-017  -7.0530678695131696E-018  -6.9436954216251959E-019
  -2.6766739398396422E-010  -6.9724632979946209E-010   2.4923469627064724E-010  -1.0127730930578470E-011  -2.6473420563984363E-017   2.3041317494843578E-017   3.9857026103567710E-018   6.4469137429084127E-017  -5.1059286352228560E-019  -3.7995697528068182E-017  -7.3784887838915992E-010  -1.9234184809979213E-009   6.8728514927729862E-010  -4.0013286766203455E-010  -2.7183232450518918E-017   4.8133567502025121E-017  -4.2925854540262033E-018   7.6386294127308618E-017  -1.1039720098748762E-017  -4.9203012831824519E-017  -4.8548754695026376E-010  -5.5591519384377829E-010  -1.4486957599839365E-009   5.1773767417318613E-010  -2.4346458509579504E-011  -3.0743095350153675E-011   1.3627266443216881E-010  -9.7082164124776342E-012  -2.6024530593159300E-012  -1.1789688379298476E-018   3.8235210589969275E-018   4.4045651145507101E-019   5.8308014007549077E-018   1.5666874205633172E-018  -4.6518222974612868E-018
  -1.5097349488442914E-009   1.6569606996006633E-010  -6.9184944409863230E-010   7.6990146366142319E-012   1.2747113303283415E-016   3.9857026103567710E-018   1.0221668308180739E-016  -1.0753018885249794E-016   8.4375802935835451E-017  -1.9940968186104739E-017  -4.1648391371914205E-009   4.5692127386023228E-010  -1.9085274899984251E-009   3.0443019994119244E-010   9.8005785924621509E-017   1.1013867380869470E-016   6.4367868753932718E-017  -7.6096080188057177E-017   7.4698960094519293E-017  -2.1909744783671769E-017   3.6933999193733247E-010  -3.1368754147064299E-009   3.4420245228251998E-010  -1.4374810573730080E-009   1.7132738799433657E-011   3.0996486467371679E-010  -6.5385803087352748E-012   1.3474332931728781E-010   1.9419107152593200E-012   1.0925908968180006E-017   3.6671829624132044E-018   1.2028697030972535E-017  -9.9746537495836113E-018   6.0199548250218173E-018  -9.5126546349238184E-019
   1.2049973183965343E-009  -2.6300118497166661E-009   9.7911103003769729E-010  -6.3664425467167323E-012  -2.6569689590106451E-016   6.4469137429084127E-017  -1.0753018885249794E-016   3.4155934085455364E-016  -3.3232830038565581E-017  -7.5862396689508148E-017   3.3232687523780982E-009  -7.2521158246632724E-009   2.7009200438177446E-009  -2.5265026582283698E-010  -2.3627318954163889E-016   6.3860787129256755E-018  -7.2280323297182159E-017   3.5757558285387402E-016  -5.3096435128983636E-017  -1.2130235149539721E-016  -3.0642786079045723E-010   2.5033182067064738E-009  -5.4631978609839718E-009   2.0343166500388463E-009  -1.0055395131123814E-011  -1.0735410862475048E-010   4.7003715326992417E-011  -1.8383068559226664E-010  -1.4374635907777764E-012  -2.1828771223509953E-017   7.1076846476919086E-018  -1.2362445775906163E-017   3.1750199260923218E-017   5.1112745818187765E-018  -9.9214323806822895E-018
  -3.6706739224817631E-010  -8.3603574457666169E-010  -2.7079993564063641E-009   2.2666677084995259E-011  -1.7920131980066487E-017  -5.1059286352228560E-019   8.4375802935835451E-017  -3.3232830038565581E-017   3.0067195670387675E-016   5.1152892677656665E-017  -1.0122224219802785E-009  -2.3070778182126063E-009  -7.4672181989526306E-009   8.9761388895036676E-010  -4.6572631121040210E-017   5.0479964185527779E-017   1.1110964620358237E-016   4.6547565265341526E-017   3.0370907861425442E-016   2.4943196408236052E-020   1.0888658699884637E-009  -7.6251430111544542E-010  -1.7374018284157261E-009  -5.6252208880587520E-009   4.4316753685063476E-011   1.4953593026173149E-011   2.8672733783670819E-010   5.7252371982313116E-011   5.5155742886716082E-012  -6.5633644255245283E-018   2.4932764902959142E-018   1.3226507659211903E-017  -4.9711098195915148E-018   2.7738778821231862E-017   1.1534433538663377E-017
   8.6313414090658626E-010   8.4930654889240947E-010  -9.0377337005415975E-010  -1.1350392635302385E-011  -8.1981064074880940E-018  -3.7995697528068182E-017  -1.9940968186104739E-017  -7.5862396689508148E-017   5.1152892677656665E-017   8.4060487747493513E-017   2.3805463421285072E-009   2.3418807471539126E-009  -2.4941260463558425E-009  -4.4911077580087668E-010  -2.5465451710537274E-018  -1.0204173881165733E-016   1.4270218607301635E-017  -8.5330109397865346E-017   7.4568240062741959E-017   8.7876693473085221E-017  -5.4484270303731279E-010   1.7931596153791507E-009   1.7642085866392756E-009  -1.8782227614071451E-009  -2.4037990628953417E-011  -9.3009457963733566E-011  -9.5500901573843228E-012   3.2896123798112873E-010  -2.8804708436241268E-012  -3.3865024607051855E-018  -6.7582578412694856E-018  -1.8396924966851103E-018  -7.2292838969181271E-018   1.9417998757596524E-018   1.0615803644449603E-017
   7.5333483860821129E-002   1.7623528249047796E-009  -3.5007013492573370E-010  -2.8803245827567030E-008  -5.7038150293658927E-009  -7.3784887838915992E-010  -4.1648391371914205E-009   3.3232687523780982E-009  -1.0122224219802785E-009   2.3805463421285072E-009  0.20778671156539319       -1.1598984321977332E-009  -1.7502713706692613E-010   1.9755261543005897E-008  -4.5516256385801097E-009  -5.9275264323793694E-009  -1.8760149353046256E-009   2.3346531497705651E-009  -2.6040175782298784E-010   2.2169724022421992E-009   1.6319100391069991E-008  0.15651155105985409       -9.1474533657956608E-010  -1.0135223453086852E-010   3.7425830539365602E-009  -1.0441874279538649E-002  -8.2720430543963008E-011   1.5517098983657096E-011   3.2750418497709463E-010  -5.6604358899167212E-010  -2.4686003812238633E-010  -4.6845931772238488E-010   2.9994718207754634E-010  -5.5137086225011112E-011   2.6609637339382481E-010
   8.2252427070830273E-010   7.5333476108524255E-002   4.3468427174992146E-009  -2.9658486235507051E-008   4.9102344842673872E-009  -1.9234184809979213E-009   4.5692127386023228E-010  -7.2521158246632724E-009  -2.3070778182126063E-009   2.3418807471539126E-009  -1.1598984321977332E-009  0.20778671792839190       -3.4650129583874492E-009  -1.3223914063915074E-008   4.8377110977621710E-009  -2.8017363386137352E-009   1.3982478651501979E-010  -8.7650259838699775E-009  -1.5512522072555788E-009   3.9273147198933674E-009  -4.9812701817191088E-008  -9.7522705532253361E-010  0.15651155676593748       -3.1612469017739317E-009  -6.4949088199483773E-009  -7.1073648885781091E-011  -1.0441873801122438E-002  -2.6151989855363837E-010  -8.5099625867336354E-010   4.0430280847348765E-010  -2.8973876334315326E-010   2.7427098555371429E-011  -6.5106046102600671E-010  -3.9336580395524771E-010   2.4675807094241620E-010
   5.4332328109046018E-010   4.1818341314404782E-009   7.5333480379591214E-002  -3.3013011480682343E-008  -2.0679243563475243E-010   6.8728514927729862E-010  -1.9085274899984251E-009   2.7009200438177446E-009  -7.4672181989526306E-009  -2.4941260463558425E-009  -1.7502713706692613E-010  -3.4650129583874492E-009  0.20778671437645785        4.7466212556724122E-008   4.1611176239012469E-010   2.4282295498326963E-010  -2.8679351303366521E-009   1.0991627834915125E-009  -7.9302331809152066E-009  -1.5152738595358196E-009   6.8036650536308297E-008  -2.8679758170517581E-011  -3.1206981141321603E-009  0.15651155362505073        1.1961924158193331E-008   5.3644666150543040E-012  -2.5411803143753957E-010  -1.0441874083569754E-002   1.2527854935467401E-009   1.3559068798272366E-010   4.5485635662131226E-011  -2.9737422792268168E-010   2.8024158049896797E-010  -6.3045826834242855E-010  -4.1583209815190020E-010
  -3.0920022614337185E-010   1.8774881627967297E-008  -1.3318810376080790E-008   1.1737987316171414E-002   7.0175041482509997E-010  -4.0013286766203455E-010   3.0443019994119244E-010  -2.5265026582283698E-010   8.9761388895036676E-010  -4.4911077580087668E-010   1.9755261543005897E-008  -1.3223914063915074E-008   4.7466212556724122E-008  0.47152878674777221       -4.3865257115762022E-011  -3.9932037090795466E-010   2.1351032355238031E-010   9.3445762969117872E-011   9.6176286110491567E-011  -4.9633210229795820E-011  0.57131090650990923        2.4987342986185903E-008  -6.4466150756801298E-008   9.0619165774424954E-008  -8.1990960841814408E-003   3.8126021241433561E-009  -7.6079515265924327E-009   1.2420354060792415E-008   1.9244073589281267E-003   5.3928091070661340E-011  -6.9178653056282317E-011   5.4673995825177849E-011  -4.5754756716674080E-011   1.0525596354550020E-010  -8.1890974237480359E-012
  -1.6511098145576639E-009   1.7546355327658461E-009   1.5126218224614572E-010  -1.1994010253708074E-012   2.3881972297574348E-016  -2.7183232450518918E-017   9.8005785924621509E-017  -2.3627318954163889E-016  -4.6572631121040210E-017  -2.5465451710537274E-018  -4.5516256385801097E-009   4.8377110977621710E-009   4.1611176239012469E-010  -4.3865257115762022E-011   2.1331065466854603E-016   6.5170708692267488E-017   3.8625486059699581E-017  -2.5311843845729720E-016  -4.6389939501113701E-017   3.9807787890533478E-017  -5.3585471113024914E-011  -3.4292530095459799E-009   3.6445650127279687E-009   3.1379111087529605E-010  -1.9362973848505576E-011  -1.5942923543604499E-010   6.1826849767333040E-011   1.4986654953072690E-010   3.6410588007172897E-013   2.3041542283400739E-017  -1.0174210719086663E-018   1.0608902737987672E-017  -2.1840145051075008E-017  -9.9118508775082976E-018  -1.2013849886755368E-018
  -2.1499580593458035E-009  -1.0164335403178675E-009   8.8028653325808668E-011  -1.0071232183237782E-011   9.5655677773023428E-017   4.8133567502025121E-017   1.1013867380869470E-016   6.3860787129256755E-018   5.0479964185527779E-017  -1.0204173881165733E-016  -5.9275264323793694E-009  -2.8017363386137352E-009   2.4282295498326963E-010  -3.9932037090795466E-010   6.5170708692267488E-017   2.0761141218077410E-016   4.8164648148192773E-017   5.2825040537123181E-017   1.9037229479688923E-017  -1.1799569878158392E-016  -4.8435886759153916E-010  -4.4656366581539528E-009  -2.1109537600745127E-009   1.8289535678719082E-010  -1.7749500183898143E-011  -9.5686678548363493E-011  -1.4042917215416802E-010  -1.5295704297407616E-011  -2.3333933994227172E-012   1.1133914879658623E-017   1.2051415041709202E-017   1.3143330257389643E-017   7.9850961660307154E-019   6.4426003514364185E-018  -1.1932415445129645E-017
  -6.8092254635029824E-010   5.0687829523629040E-011  -1.0404519547655718E-009   5.3814698513644017E-012   5.8010078433408169E-017  -4.2925854540262033E-018   6.4367868753932718E-017  -7.2280323297182159E-017   1.1110964620358237E-016   1.4270218607301635E-017  -1.8760149353046256E-009   1.3982478651501979E-010  -2.8679351303366521E-009   2.1351032355238031E-010   3.8625486059699581E-017   4.8164648148192773E-017   5.6808378348324502E-017  -4.2161746366963251E-017   1.1086979664556760E-016   3.5362279157319644E-018   2.5895973527041052E-010  -1.4137717105747964E-009   1.0531516598002159E-010  -2.1608330418573747E-009   8.5843298095819176E-012  -2.3437815853665173E-010  -9.5174748549370544E-012  -1.4474921138768459E-010   1.3594601080550913E-012   3.7707141189172266E-018   1.9040406104922028E-018   9.1990392743046148E-018  -7.4954626887673939E-018   9.4196362887227644E-018   3.7247397740667081E-018
   8.4688018603044740E-010  -3.1789975135448785E-009   3.9892063072240197E-010   2.4359027939318710E-012  -2.7224544143152712E-016   7.6386294127308618E-017  -7.6096080188057177E-017   3.5757558285387402E-016   4.6547565265341526E-017  -8.5330109397865346E-017   2.3346531497705651E-009  -8.7650259838699775E-009   1.0991627834915125E-009   9.3445762969117872E-011  -2.5311843845729720E-016   5.2825040537123181E-017  -4.2161746366963251E-017   4.0196810856309183E-016   2.0619537457710433E-017  -1.4884967074570627E-016   1.1366543823904616E-010   1.7589402398463727E-009  -6.6032024242345511E-009   8.2830261664965714E-010   1.8807959598484565E-011   7.3612857405597589E-011  -8.0721450163239936E-011   1.2294962754507133E-010  -8.2398679015251015E-014  -2.3260011522197274E-017   1.0044616740743094E-017  -8.4718849017281350E-018   3.3497938793312288E-017   1.3121697163714308E-017  -1.0237947535101881E-017
  -9.4376262078556453E-011  -5.6312250510844690E-010  -2.8761860927344464E-009   2.2923321380371951E-012  -2.1471860689676522E-017  -1.1039720098748762E-017   7.4698960094519293E-017  -5.3096435128983636E-017   3.0370907861425442E-016   7.4568240062741959E-017  -2.6040175782298784E-010  -1.5512522072555788E-009  -7.9302331809152066E-009   9.6176286110491567E-011  -4.6389939501113701E-017   1.9037229479688923E-017   1.1086979664556760E-016   2.0619537457710433E-017   3.1473626345875827E-016   2.5770366994376755E-017   1.1610734640354396E-010  -1.9611301031061539E-010  -1.1690986271570041E-009  -5.9742685036210739E-009  -2.1079162026739936E-011   2.7154816185632615E-011  -2.2644655874526887E-010  -5.6055800356126680E-011   1.4756950327430996E-012  -8.1307610231421133E-018   1.0952257695393332E-018   1.2311598900269572E-017  -6.0341777398130535E-018   2.8198844832488967E-017   1.4164926272198875E-017
   8.0422959602635545E-010   1.4243619175103068E-009  -5.5018256751714701E-010  -1.2378245063893206E-012   3.3425637735977329E-017  -4.9203012831824519E-017  -2.1909744783671769E-017  -1.2130235149539721E-016   2.4943196408236052E-020   8.7876693473085221E-017   2.2169724022421992E-009   3.9273147198933674E-009  -1.5152738595358196E-009  -4.9633210229795820E-011   3.9807787890533478E-017  -1.1799569878158392E-016   3.5362279157319644E-018  -1.4884967074570627E-016   2.5770366994376755E-017   1.0904187939922514E-016  -6.0143868249747898E-011   1.6703127034810217E-009   2.9586372835907657E-009  -1.1420932136249955E-009   5.5366437627337951E-013   8.5815905572901727E-011   1.8893325600024201E-011  -2.7281765839885070E-010  -2.7483846410813275E-013   2.1846183907950999E-019  -9.0271851027683248E-018  -2.1370222074676096E-018  -1.1657786397011064E-017  -3.2098559863266428E-018   1.1439332580050968E-017
  -3.1728388228957448E-009   1.0542589058873164E-008  -1.2423397896154584E-008   1.4456547758764910E-002   8.5125774044262008E-010  -4.8548754695026376E-010   3.6933999193733247E-010  -3.0642786079045723E-010   1.0888658699884637E-009  -5.4484270303731279E-010   1.6319100391069991E-008  -4.9812701817191088E-008   6.8036650536308297E-008  0.57131090650990923       -5.3585471113024914E-011  -4.8435886759153916E-010   2.5895973527041052E-010   1.1366543823904616E-010   1.1610734640354396E-010  -6.0143868249747898E-011  0.69316387538618962        2.4501555774741789E-008  -1.0360078692071086E-007   1.1767767249835390E-007   3.3962648924351968E-002  -1.1077586344927558E-009  -5.6334868440563206E-009   1.3626222921821813E-009   3.9046550138555538E-003   6.7825334759096263E-011  -8.2298414189576049E-011   6.5760739754947112E-011  -5.8242079450612276E-011   1.3067003069484935E-010  -9.6024821770975912E-012
   5.6753517367053953E-002   1.2911232606357688E-009  -2.2630092268797528E-010  -2.1453364404710235E-008  -4.2964777765534921E-009  -5.5591519384377829E-010  -3.1368754147064299E-009   2.5033182067064738E-009  -7.6251430111544542E-010   1.7931596153791507E-009  0.15651155105985409       -9.7522705532253361E-010  -2.8679758170517581E-011   2.4987342986185903E-008  -3.4292530095459799E-009  -4.4656366581539528E-009  -1.4137717105747964E-009   1.7589402398463727E-009  -1.9611301031061539E-010   1.6703127034810217E-009   2.4501555774741789E-008  0.11789848660940391       -7.6503129441532328E-010   1.3743963292825592E-012   1.5630904994814425E-009  -3.6184297450080694E-003   5.3934709675528233E-011   1.1642832852136236E-011   3.3886873034580153E-010  -4.3250774244097535E-010  -1.9271739162302019E-010  -3.5866280324387903E-010   2.2897639267019138E-010  -4.1488053034230838E-011   2.0353132406280832E-010
   6.0508177445266761E-010   5.6753511856287506E-002   3.0903999617006054E-009  -2.3708889733244253E-008   3.6989888214259361E-009  -1.4486957599839365E-009   3.4420245228251998E-010  -5.4631978609839718E-009  -1.7374018284157261E-009   1.7642085866392756E-009  -9.1474533657956608E-010  0.15651155676593748       -3.1206981141321603E-009  -6.4466150756801298E-008   3.6445650127279687E-009  -2.1109537600745127E-009   1.0531516598002159E-010  -6.6032024242345511E-009  -1.1690986271570041E-009   2.9586372835907657E-009  -1.0360078692071086E-007  -7.6503129441532328E-010  0.11789849159254122       -2.7644069375233584E-009  -6.0007676621648885E-009   6.3230267843979956E-011  -3.6184300846039295E-003   1.7225913700626648E-010  -8.1577509218101233E-010   3.0816502628131212E-010  -2.2373353799314611E-010   2.0642937080496892E-011  -4.9784946669327561E-010  -3.0222502124594348E-010   1.8968475447041196E-010
   4.2034061007608102E-010   2.9513949943845140E-009   5.6753514906211833E-002  -2.3511196256482606E-008  -1.5609272409204043E-010   5.1773767417318613E-010  -1.4374810573730080E-009   2.0343166500388463E-009  -5.6252208880587520E-009  -1.8782227614071451E-009  -1.0135223453086852E-010  -3.1612469017739317E-009  0.15651155362505073        9.0619165774424954E-008   3.1379111087529605E-010   1.8289535678719082E-010  -2.1608330418573747E-009   8.2830261664965714E-010  -5.9742685036210739E-009  -1.1420932136249955E-009   1.1767767249835390E-007   1.3743963292825592E-012  -2.7644069375233584E-009  0.11789848887786736        7.2061797242422520E-009   4.1484407562101381E-012   1.7906685215429540E-010  -3.6184298643322497E-003   1.2263524520053809E-009   1.0564550129692792E-010   3.4240305689058386E-011  -2.2947213440119037E-010   2.1444405595884301E-010  -4.8129178406677089E-010  -3.2008943055084549E-010
   4.5070805526541518E-010  -8.7997174667287066E-010   1.5748893807719846E-009   1.0574821745930820E-002   3.4095964060526286E-011  -2.4346458509579504E-011   1.7132738799433657E-011  -1.0055395131123814E-011   4.4316753685063476E-011  -2.4037990628953417E-011   3.7425830539365602E-009  -6.4949088199483773E-009   1.1961924158193331E-008  -8.1990960841814408E-003  -1.9362973848505576E-011  -1.7749500183898143E-011   8.5843298095819176E-012   1.8807959598484565E-011  -2.1079162026739936E-011   5.5366437627337951E-013   3.3962648924351968E-002   1.5630904994814425E-009  -6.0007676621648885E-009   7.2061797242422520E-009   2.0192639423845082       -1.5347747597041847E-009   6.6802433544855276E-010  -3.4740040506339941E-009   7.6452178888707101E-004   1.1337529453792637E-010   7.1090232571185986E-011  -2.3173462386083621E-011  -1.2822414253822776E-010   1.4260869388976257E-010   1.4843098834557072E-011
   8.9882092309107628E-004  -3.1211056647730283E-011   3.2289958012624570E-012  -1.7684087187821784E-010   2.0036189870399627E-010  -3.0743095350153675E-011   3.0996486467371679E-010  -1.0735410862475048E-010   1.4953593026173149E-011  -9.3009457963733566E-011  -1.0441874279538649E-002  -7.1073648885781091E-011   5.3644666150543040E-012   3.8126021241433561E-009  -1.5942923543604499E-010  -9.5686678548363493E-011  -2.3437815853665173E-010   7.3612857405597589E-011   2.7154816185632615E-011   8.5815905572901727E-011  -1.1077586344927558E-009  -3.6184297450080694E-003   6.3230267843979956E-011   4.1484407562101381E-012  -1.5347747597041847E-009   2.0010199270987812        2.6258097502500152E-011   8.0240792068935541E-014  -1.6586446691606563E-010  -2.8666136586832989E-009  -3.1788778215080209E-009  -2.7107106381272863E-009   1.4201058339068665E-009   2.3003045232187043E-011   1.4465076102002024E-009
  -2.0818493056663722E-011   8.9882110058296422E-004  -9.9549734858678225E-011   6.3692418276534670E-010  -3.7456455345880773E-011   1.3627266443216881E-010  -6.5385803087352748E-012   4.7003715326992417E-011   2.8672733783670819E-010  -9.5500901573843228E-012  -8.2720430543963008E-011  -1.0441873801122438E-002  -2.5411803143753957E-010  -7.6079515265924327E-009   6.1826849767333040E-011  -1.4042917215416802E-010  -9.5174748549370544E-012  -8.0721450163239936E-011  -2.2644655874526887E-010   1.8893325600024201E-011  -5.6334868440563206E-009   5.3934709675528233E-011  -3.6184300846039295E-003   1.7906685215429540E-010   6.6802433544855276E-010   2.6258097502500152E-011   2.0010199269415612        8.3129322326963297E-011   8.0607976241911621E-011   1.6902790713602885E-009  -2.5730668261436946E-009  -8.9242193110520871E-012  -3.4767640034767153E-009  -2.7733794343832556E-009   1.7864843985969782E-009
  -7.2752610329261464E-012  -9.9377484584992164E-011   8.9882100869997472E-004  -8.2672575892092948E-010  -1.4513622571578147E-010  -9.7082164124776342E-012   1.3474332931728781E-010  -1.8383068559226664E-010   5.7252371982313116E-011   3.2896123798112873E-010   1.5517098983657096E-011  -2.6151989855363837E-010  -1.0441874083569754E-002   1.2420354060792415E-008   1.4986654953072690E-010  -1.5295704297407616E-011  -1.4474921138768459E-010   1.2294962754507133E-010  -5.6055800356126680E-011  -2.7281765839885070E-010   1.3626222921821813E-009   1.1642832852136236E-011   1.7225913700626648E-010  -3.6184298643322497E-003  -3.4740040506339941E-009   8.0240792068935541E-014   8.3129322326963297E-011   2.0010199270385671       -3.8190264102196037E-010   1.6486528395970482E-009  -1.2136833732822047E-011  -2.5667102660950535E-009   1.5673869377291503E-009  -2.9881483698147469E-009  -3.2160405353798182E-009
   7.8990562284420966E-011  -1.0646632702365960E-010   2.3861513032070099E-010   4.3485504839861958E-004   4.3180936664451664E-012  -2.6024530593159300E-012   1.9419107152593200E-012  -1.4374635907777764E-012   5.5155742886716082E-012  -2.8804708436241268E-012   3.2750418497709463E-010  -8.5099625867336354E-010   1.2527854935467401E-009   1.9244073589281267E-003   3.6410588007172897E-013  -2.3333933994227172E-012   1.3594601080550913E-012  -8.2398679015251015E-014   1.4756950327430996E-012  -2.7483846410813275E-013   3.9046550138555538E-003   3.3886873034580153E-010  -8.1577509218101233E-010   1.2263524520053809E-009   7.6452178888707101E-004  -1.6586446691606563E-010   8.0607976241911621E-011  -3.8190264102196037E-010   2.0001009884683576        4.1067043170646259E-013  -3.0568232225201967E-013   3.0364003890016013E-013  -3.7177803727098904E-013   7.3583379188061440E-013  -3.5311299602546300E-014
  -2.1199955816783578E-010   1.5058645412667971E-010   5.3035270295783316E-011   1.9527365282880256E-012   2.5215267625322993E-017  -1.1789688379298476E-018   1.0925908968180006E-017  -2.1828771223509953E-017  -6.5633644255245283E-018  -3.3865024607051855E-018  -5.6604358899167212E-010   4.0430280847348765E-010   1.3559068798272366E-010   5.3928091070661340E-011   2.3041542283400739E-017   1.1133914879658623E-017   3.7707141189172266E-018  -2.3260011522197274E-017  -8.1307610231421133E-018   2.1846183907950999E-019   6.7825334759096263E-011  -4.3250774244097535E-010   3.0816502628131212E-010   1.0564550129692792E-010   1.1337529453792637E-010  -2.8666136586832989E-009   1.6902790713602885E-009   1.6486528395970482E-009   4.1067043170646259E-013   9.4520856307340406E-018   2.5319862146949927E-018   2.9545533033967499E-018  -5.6827249975413686E-018  -5.9230390903302307E-018  -3.7693625056773579E-018
  -9.6972598129407640E-011  -1.1110477775436571E-010   1.6467834760509318E-011  -1.3489464216566450E-012  -3.4941769039545466E-019   3.8235210589969275E-018   3.6671829624132044E-018   7.1076846476919086E-018   2.4932764902959142E-018  -6.7582578412694856E-018  -2.4686003812238633E-010  -2.8973876334315326E-010   4.5485635662131226E-011  -6.9178653056282317E-011  -1.0174210719086663E-018   1.2051415041709202E-017   1.9040406104922028E-018   1.0044616740743094E-017   1.0952257695393332E-018  -9.0271851027683248E-018  -8.2298414189576049E-011  -1.9271739162302019E-010  -2.2373353799314611E-010   3.4240305689058386E-011   7.1090232571185986E-011  -3.1788778215080209E-009  -2.5730668261436946E-009  -1.2136833732822047E-011  -3.0568232225201967E-013   2.5319862146949927E-018   9.1578298151079735E-018   4.8286989922395439E-018   2.8573229333066058E-018   4.0610750704976292E-018  -5.3893065386609946E-018
  -1.7624363067172467E-010   9.9260668607273945E-012  -1.1385904907506920E-010   1.2425252378797278E-012   1.4202144059835118E-017   4.4045651145507101E-019   1.2028697030972535E-017  -1.2362445775906163E-017   1.3226507659211903E-017  -1.8396924966851103E-018  -4.6845931772238488E-010   2.7427098555371429E-011  -2.9737422792268168E-010   5.4673995825177849E-011   1.0608902737987672E-017   1.3143330257389643E-017   9.1990392743046148E-018  -8.4718849017281350E-018   1.2311598900269572E-017  -2.1370222074676096E-018   6.5760739754947112E-011  -3.5866280324387903E-010   2.0642937080496892E-011  -2.2947213440119037E-010  -2.3173462386083621E-011  -2.7107106381272863E-009  -8.9242193110520871E-012  -2.5667102660950535E-009   3.0364003890016013E-013   2.9545533033967499E-018   4.8286989922395439E-018   8.5607573638144906E-018  -5.1563738624503901E-018   4.8652777981680290E-018   2.2018199495427697E-018
   1.1210718952984155E-010  -2.4426134327606501E-010   1.0530543357478762E-010  -1.8277814370408345E-012  -2.4520911026366175E-017   5.8308014007549077E-018  -9.9746537495836113E-018   3.1750199260923218E-017  -4.9711098195915148E-018  -7.2292838969181271E-018   2.9994718207754634E-010  -6.5106046102600671E-010   2.8024158049896797E-010  -4.5754756716674080E-011  -2.1840145051075008E-017   7.9850961660307154E-019  -7.4954626887673939E-018   3.3497938793312288E-017  -6.0341777398130535E-018  -1.1657786397011064E-017  -5.8242079450612276E-011   2.2897639267019138E-010  -4.9784946669327561E-010   2.1444405595884301E-010  -1.2822414253822776E-010   1.4201058339068665E-009  -3.4767640034767153E-009   1.5673869377291503E-009  -3.7177803727098904E-013  -5.6827249975413686E-018   2.8573229333066058E-018  -5.1563738624503901E-018   1.1300139152983019E-017   2.8104606873382107E-018  -5.6174132194230279E-018
  -1.9942688199549247E-011  -1.4915623351554564E-010  -2.3564541067059282E-010   3.3914822994747275E-012  -7.0530678695131696E-018   1.5666874205633172E-018   6.0199548250218173E-018   5.1112745818187765E-018   2.7738778821231862E-017   1.9417998757596524E-018  -5.5137086225011112E-011  -3.9336580395524771E-010  -6.3045826834242855E-010   1.0525596354550020E-010  -9.9118508775082976E-018   6.4426003514364185E-018   9.4196362887227644E-018   1.3121697163714308E-017   2.8198844832488967E-017  -3.2098559863266428E-018   1.3067003069484935E-010  -4.1488053034230838E-011  -3.0222502124594348E-010  -4.8129178406677089E-010   1.4260869388976257E-010   2.3003045232187043E-011  -2.7733794343832556E-009  -2.9881483698147469E-009   7.3583379188061440E-013  -5.9230390903302307E-018   4.0610750704976292E-018   4.8652777981680290E-018   2.8104606873382107E-018   1.1164695182079209E-017   3.1125749986758975E-018
   9.9892355978982950E-011   9.3675039636557802E-011  -1.5834064387121276E-010  -1.2537894557226179E-013  -6.9436954216251959E-019  -4.6518222974612868E-018  -9.5126546349238184E-019  -9.9214323806822895E-018   1.1534433538663377E-017   1.0615803644449603E-017   2.6609637339382481E-010   2.4675807094241620E-010  -4.1583209815190020E-010  -8.1890974237480359E-012  -1.2013849886755368E-018  -1.1932415445129645E-017   3.7247397740667081E-018  -1.0237947535101881E-017   1.4164926272198875E-017   1.1439332580050968E-017  -9.6024821770975912E-012   2.0353132406280832E-010   1.8968475447041196E-010  -3.2008943055084549E-010   1.4843098834557072E-011   1.4465076102002024E-009   1.7864843985969782E-009  -3.2160405353798182E-009  -3.5311299602546300E-014  -3.7693625056773579E-018  -5.3893065386609946E-018   2.2018199495427697E-018  -5.6174132194230279E-018   3.1125749986758975E-018   9.3867766621194470E-018
