   2.5329685612420130E-002   6.0284077702939838E-017  -7.3743567336291729E-017  -8.8830275684165732E-017   3.5999749274046100E-017   3.4980530768289952E-018   6.0121713459498977E-018   5.1265975738545298E-018   9.7600469599469301E-018   1.7155807184734760E-017   7.3420232202248303E-002   1.8884262353865726E-016   3.0568217483170402E-017  -1.1770329067916456E-016  -3.2040003453628346E-017  -2.9854259300594942E-018   1.4872476682644733E-017   2.0895954037301052E-017  -3.6779808072713338E-017   8.1294483994155641E-018   5.2945281743030911E-002   1.0515107184055187E-016   2.2188532331923849E-017  -2.4066490614600994E-016   1.8624309761521947E-003  -2.5851316815740232E-016   1.0362850554381846E-015  -4.2393636616191649E-016  -6.9862697952972213E-017   1.9046341399912693E-016   3.2685497916968541E-016  -8.7569638059941731E-016   1.1474277830629615E-016  -2.0734196590950877E-016  -7.9555055777508145E-017
   6.0284077702939838E-017   2.5329685612418360E-002   1.8407544600672936E-016  -9.3962048371477892E-017   1.5358896639564232E-016  -2.4175546377881002E-018   4.2856361953092682E-018   1.2577824787580093E-016   8.6246155038457497E-018   1.3698143950487044E-016  -6.6755589612427760E-017   7.3420232202247027E-002   2.7745428030115378E-016  -9.3680735554750064E-016   4.3814035740949868E-017  -5.1659933687159703E-018  -3.1497144091703221E-018   7.0978067856150706E-017  -2.0199399839488583E-017   7.8130345577215156E-017   6.1573103153507770E-018   5.2945281743028219E-002   1.7886590584299600E-016  -4.7802540627215894E-016   1.5159101526646358E-016   1.8624309761486805E-003   1.9075551233709178E-016  -3.0732069141055154E-016  -1.0793234987368481E-016  -1.3278999305461260E-017  -4.8231630290922891E-017  -3.6259236265369753E-016   2.6805574957806634E-016  -6.4643294947845526E-016  -1.6195509900753286E-016
  -7.3743567336291729E-017   1.8407544600672936E-016   2.5329685612417916E-002  -1.0803603096037502E-016   2.8802293755471842E-017  -4.3187609001955688E-018   3.0273786136248747E-017   6.1862472428942239E-017   1.8083585528019028E-017   5.1696324765009802E-017  -1.6017884005631541E-016   1.3840893345332582E-016   7.3420232202246680E-002  -1.0430886992477724E-015   1.3207350900754366E-016   2.0959996233212032E-017  -1.9569378557596416E-017  -1.5319099624164562E-017  -2.9190406720023086E-017   4.7878653676748136E-018  -1.5424082378515040E-016   1.1594991087746991E-016   5.2945281743027192E-002  -1.4777707311727477E-015   1.1856940263907979E-015   5.3661135173886372E-016   1.8624309761545613E-003   1.6691531722250632E-015   3.9219475192318974E-016  -2.7723150195983474E-016  -1.1594839276503894E-015  -7.0912891305321725E-016  -3.5915664947011485E-016  -1.2909173832811448E-015  -8.4856228637865918E-016
  -8.8830275684165732E-017  -9.3962048371477892E-017  -1.0803603096037502E-016   2.0453537358257283E-004   5.2642715484313084E-016  -2.7222472377344556E-018   2.2784636094102517E-017   6.1580808714039124E-016  -6.9856203545314938E-018   6.3353377189097372E-016  -2.6159003806582391E-016  -1.4861087702680174E-016  -1.9775120539031118E-016   9.4103710917246043E-003   1.0169019767044784E-015  -7.4666393559448612E-017  -8.7935170589222569E-017   5.2054509638044105E-016   2.3059720464130236E-017   5.1654710925996516E-016  -1.9178560422507004E-016  -1.6767665361335295E-016  -1.7059478161467083E-016   1.5374112806920370E-002   1.8920185035807116E-015  -6.5973720284906982E-015  -3.3287265964974992E-015   7.3852618420352470E-015  -1.2039416760937766E-015  -1.3294755234096370E-015  -5.3657707643776726E-015   3.8298385174099591E-016  -9.3239678514244216E-016   1.3243023019067268E-002   2.0317137612301996E-003
   3.5999749274046100E-017   1.5358896639564232E-016   2.8802293755471842E-017   5.2642715484313084E-016   3.2638111839390066E-005  -7.5682712301915399E-018  -2.8651067284250857E-018  -1.6319055919705563E-005  -4.8339202498626110E-018  -1.6319055919650103E-005   1.0793272111254067E-016   3.7997649996402277E-016   1.1447850721957147E-016   2.5302891914354845E-014  -4.1347925020508762E-004   1.0464853835307357E-016  -8.0091167240938378E-018   2.0673962510291675E-004   6.3280163893260910E-017   2.0673962510228265E-004   7.2487079320084253E-017   3.0558300391548150E-016   7.8211462749215027E-017   4.1544230784843768E-014  -7.7473960191810407E-016   4.7950338099763873E-015  -4.8570991932570060E-016  -7.9435907981183045E-003   2.1720632096658214E-015  -9.7420170939546522E-017   3.9717953990653209E-003   1.2807737438295004E-015   3.9717953990531388E-003   3.5767676183198358E-014   8.2949792170577743E-015
   3.4980530768289952E-018  -2.4175546377881002E-018  -4.3187609001955688E-018  -2.7222472377344556E-018  -7.5682712301915399E-018   3.2638111839333288E-005   2.2577783150245898E-018   2.1923925825137828E-019   7.6623576481748732E-018   2.6187575561756319E-018   2.2570309216325814E-017  -1.7515102341111050E-017  -6.3393415125643775E-018  -3.6609252779469160E-016  -1.1670618470641046E-017  -4.1347925020473455E-004   4.2586050495978577E-017   4.5020462891025445E-017  -7.3051033046967147E-017  -3.8982287610541010E-017   1.0581180220044788E-017  -8.0727189288279539E-018  -5.3950349011243506E-018  -5.9117358878322992E-016  -1.0263284977732568E-015   7.4621855163106053E-016   1.0994817646815974E-016  -3.3001769465656177E-016  -7.9435907981113951E-003   7.6362370711403905E-016   1.0821308592920981E-015  -1.3313689275931508E-015  -7.6100054533807930E-016  -5.1259400710485867E-016   2.1412326904760743E-016
   6.0121713459498977E-018   4.2856361953092682E-018   3.0273786136248747E-017   2.2784636094102517E-017  -2.8651067284250857E-018   2.2577783150245898E-018   3.2638111839312755E-005  -7.7346925247422009E-018   1.1976886641907488E-017   9.1738922077516772E-018   2.8572672090208559E-017   2.2410172765906433E-018   9.0718936629526878E-017   9.1401124609395760E-016   3.8038320676055612E-017  -6.2929376447805770E-017  -4.1347925020461762E-004   9.7292818213039527E-018  -7.0129755378229653E-017  -5.2417137984646349E-017   1.5726760943810834E-017   5.4094022151570861E-018   6.6847059598309725E-017   1.4483375152139397E-015  -7.0523079774739830E-016   8.6452179829032421E-016  -7.5679989578360069E-016   7.9778422823947500E-016  -1.3197368358867438E-015  -7.9435907981088971E-003   1.4696085162336340E-016  -1.3799149268991373E-015  -9.5182740688487269E-016   1.2754083887453686E-015  -2.2276188060289932E-015
   5.1265975738545298E-018   1.2577824787580093E-016   6.1862472428942239E-017   6.1580808714039124E-016  -1.6319055919705563E-005   2.1923925825137828E-019  -7.7346925247422009E-018   3.2638111839341270E-005   2.0362126111299061E-019  -1.6319055919713386E-005   2.8179049717091406E-017   3.2323386648222209E-016   1.3506336822069270E-016   2.7408536638189815E-014   2.0673962510233242E-004  -5.8412933907351433E-017   9.5809451763428824E-017  -4.1347925020487279E-004  -6.8443901732767813E-018   2.0673962510238527E-004   1.7132044165410984E-017   2.4821065305933879E-016   1.0918757008649984E-016   4.4585451369380125E-014  -7.1623709985471480E-016   3.5803021519331232E-015   2.2478638036937776E-015   3.9717953990556047E-003  -1.1375829299752681E-015   1.7282691378582106E-015  -7.9435907981124793E-003  -1.4493474881352054E-016   3.9717953990567427E-003   3.8381968890908093E-014   5.6547802427976430E-015
   9.7600469599469301E-018   8.6246155038457497E-018   1.8083585528019028E-017  -6.9856203545314938E-018  -4.8339202498626110E-018   7.6623576481748732E-018   1.1976886641907488E-017   2.0362126111299061E-019   3.2638111839307890E-005  -1.2578818219002570E-018   1.8694208601990541E-017   2.0801543634909008E-017   4.8307990286790740E-017  -2.7695696510340933E-016  -5.2669038056028410E-018  -3.5393814331502485E-017  -7.8623881182634311E-017   3.7344888550846990E-018  -4.1347925020459713E-004  -8.0279276383654539E-018   1.8317248922049615E-017   1.6245947350821443E-017   3.3494067918327506E-017  -4.5548412474077706E-016  -6.5995483634447913E-016  -1.7094648302894885E-016  -4.5979115047741262E-016  -9.9985674918036946E-017  -5.2875692919170827E-016  -1.5320057276883950E-015   8.1993001052443324E-017  -7.9435907981082968E-003   7.3925329867114337E-018  -3.9932660764330930E-016   7.5419920272821347E-016
   1.7155807184734760E-017   1.3698143950487044E-016   5.1696324765009802E-017   6.3353377189097372E-016  -1.6319055919650103E-005   2.6187575561756319E-018   9.1738922077516772E-018  -1.6319055919713386E-005  -1.2578818219002570E-018   3.2638111839406769E-005   5.5087874461278746E-017   3.4107892874228653E-016   1.1478331409658477E-016   2.8868932665995665E-014   2.0673962510231944E-004   1.3690359434322804E-017  -6.9736080272441326E-017   2.0673962510294009E-004   1.8159248188617270E-017  -4.1347925020521621E-004   3.8930171275624709E-017   2.6738154614505570E-016   9.5574593904765232E-017   4.7199220138851363E-014  -3.5672796248424601E-016   5.1752990105047239E-015   2.2677795285977804E-015   3.9717953990543271E-003   1.1679222472479608E-016  -1.2838064725053531E-015   3.9717953990660634E-003   2.9724923247525963E-016  -7.9435907981204139E-003   4.0669684593817159E-014   6.0720374540888834E-015
   7.3420232202248303E-002  -6.6755589612427760E-017  -1.6017884005631541E-016  -2.6159003806582391E-016   1.0793272111254067E-016   2.2570309216325814E-017   2.8572672090208559E-017   2.8179049717091406E-017   1.8694208601990541E-017   5.5087874461278746E-017  0.21310431700085680       -1.5990449468337009E-016   3.1684561226602323E-016   5.4461376902828173E-016  -2.3615018727048578E-017  -2.6879839203438213E-017   1.6281882341371969E-018   7.3346152982539022E-018   1.0763278730449535E-016   1.9817528091377555E-017  0.15355384084454593       -1.9176652576358787E-016   1.9514465186385027E-016   7.3046461127933419E-016  -1.8689497836742994E-002  -6.6377083459623667E-017   1.5439612095154569E-015   1.8520405410447600E-016  -2.1857744322885382E-016  -9.5193242400225595E-017  -1.9988643716170835E-016   1.7413525343141723E-015   8.2424632164501150E-017   6.4624589492720268E-016  -4.5732039108714453E-016
   1.8884262353865726E-016   7.3420232202247027E-002   1.3840893345332582E-016  -1.4861087702680174E-016   3.7997649996402277E-016  -1.7515102341111050E-017   2.2410172765906433E-018   3.2323386648222209E-016   2.0801543634909008E-017   3.4107892874228653E-016  -1.5990449468337009E-016  0.21310431700086394       -3.2646268479979375E-016  -6.3662891106074621E-016   1.9049701791778032E-016   9.0716756490456689E-018  -1.0417500093130150E-018   1.4910882806091295E-016   1.9019726737355068E-017   1.2133046768880851E-016   4.5822219881626675E-017  0.15355384084454607       -2.8389000252377318E-016   1.7374380705188914E-015   3.5112649224936453E-016  -1.8689497836738744E-002   5.4970371928577052E-016   9.8656436276760549E-016   5.7547630747046594E-017  -9.1067022231477837E-017  -5.3304875568772468E-016   4.7585489243319930E-016  -7.2447761564630657E-016   8.7727123742780052E-016   2.6431358875316193E-015
   3.0568217483170402E-017   2.7745428030115378E-016   7.3420232202246680E-002  -1.9775120539031118E-016   1.1447850721957147E-016  -6.3393415125643775E-018   9.0718936629526878E-017   1.3506336822069270E-016   4.8307990286790740E-017   1.1478331409658477E-016   3.1684561226602323E-016  -3.2646268479979375E-016  0.21310431700086627        3.7209043328375300E-016   3.2708176404040969E-017  -3.0778332379933573E-017   1.6493060465716933E-017   1.6614308316031009E-016   2.9635326822179275E-017   1.1296317945222685E-016   1.1472608612771301E-016  -1.8450719664842453E-016  0.15355384084454529        1.1737957166898085E-015  -1.1463758201820676E-015   3.3491807888326644E-016  -1.8689497836746442E-002  -1.2732666774567819E-015  -6.9280629781173987E-016   6.9637976917323041E-016   8.4260829905732346E-016   2.9078706815962377E-016   8.5865563161060590E-016   9.2906312674232058E-016   1.0951953009653425E-015
  -1.1770329067916456E-016  -9.3680735554750064E-016  -1.0430886992477724E-015   9.4103710917246043E-003   2.5302891914354845E-014  -3.6609252779469160E-016   9.1401124609395760E-016   2.7408536638189815E-014  -2.7695696510340933E-016   2.8868932665995665E-014   5.4461376902828173E-016  -6.3662891106074621E-016   3.7209043328375300E-016  0.43791889608555851        3.1033995344192453E-014  -5.6563962580309316E-016  -9.1243940673480847E-016   3.5633812435184828E-014   1.6557744824528301E-017   2.7094857534743761E-014  -2.4272951085467911E-016  -1.5987327977308473E-015  -2.0660540073120487E-016  0.71347697563177481       -3.2510144309639934E-016  -1.3633512969871857E-014  -5.5879890696247023E-015   4.1322350429829703E-014  -2.7410712879866621E-016   1.0706423260402466E-015  -1.8916933022903872E-014  -3.0288167287840084E-015   2.7298558101233853E-014  0.61573941219188233       -4.9070603764845315E-003
  -3.2040003453628346E-017   4.3814035740949868E-017   1.3207350900754366E-016   1.0169019767044784E-015  -4.1347925020508762E-004  -1.1670618470641046E-017   3.8038320676055612E-017   2.0673962510233242E-004  -5.2669038056028410E-018   2.0673962510231944E-004  -2.3615018727048578E-017   1.9049701791778032E-016   3.2708176404040969E-017   3.1033995344192453E-014   5.2382040723271336E-003   3.6757735899892874E-017   7.9402774299687190E-017  -2.6191020361639229E-003   4.0865528056765568E-017  -2.6191020361646263E-003   2.6466337800124191E-018   5.7005097021114995E-017   6.0777903056420605E-017   4.8901468687696435E-014   3.0779853051695037E-016   2.8417463203224918E-015   2.6532395780898267E-015  0.10063419058384385       -1.3410632196744422E-015   8.1034117404505297E-016  -5.0317095291916157E-002  -3.9148168756222629E-017  -5.0317095291929660E-002   4.1873122862332118E-014   1.1617172776433304E-014
  -2.9854259300594942E-018  -5.1659933687159703E-018   2.0959996233212032E-017  -7.4666393559448612E-017   1.0464853835307357E-016  -4.1347925020473455E-004  -6.2929376447805770E-017  -5.8412933907351433E-017  -3.5393814331502485E-017   1.3690359434322804E-017  -2.6879839203438213E-017   9.0716756490456689E-018  -3.0778332379933573E-017  -5.6563962580309316E-016   3.6757735899892874E-017   5.2382040723273002E-003  -1.0463710340831562E-016   1.3447749180488861E-016   1.4408591592123190E-016  -9.9880153141679569E-017  -5.5939411370439810E-018  -5.4931902921404118E-018  -6.2074533145848500E-018  -9.3981407947520302E-016   1.4213895163143392E-015  -3.8326105161201857E-016  -2.9285915759203723E-016   2.0465959249581392E-015  0.10063419058384546       -1.3195333362211651E-015  -1.6830544661945112E-016   1.8552528762393054E-015  -1.7657041295391283E-015  -8.0938752205170373E-016  -1.9733956416669063E-016
   1.4872476682644733E-017  -3.1497144091703221E-018  -1.9569378557596416E-017  -8.7935170589222569E-017  -8.0091167240938378E-018   4.2586050495978577E-017  -4.1347925020461762E-004   9.5809451763428824E-017  -7.8623881182634311E-017  -6.9736080272441326E-017   1.6281882341371969E-018  -1.0417500093130150E-018   1.6493060465716933E-017  -9.1243940673480847E-016   7.9402774299687190E-017  -1.0463710340831562E-016   5.2382040723276324E-003  -9.5660301172953452E-017  -3.7711494998537799E-017   7.5160568602047701E-017   2.1179253066553741E-017   1.8540778177121347E-018  -5.2624999589604567E-017  -1.4900636990273559E-015   6.4576606632368450E-016  -8.9210020779112971E-016   3.9640904876883641E-016   6.7655994332281664E-016  -6.0701938538621729E-016  0.10063419058384866       -1.3316255785762062E-015  -3.1135745294941855E-016   7.4478812958678910E-016  -1.3008722290755013E-015   1.8148289272091850E-015
   2.0895954037301052E-017   7.0978067856150706E-017  -1.5319099624164562E-017   5.2054509638044105E-016   2.0673962510291675E-004   4.5020462891025445E-017   9.7292818213039527E-018  -4.1347925020487279E-004   3.7344888550846990E-018   2.0673962510294009E-004   7.3346152982539022E-018   1.4910882806091295E-016   1.6614308316031009E-016   3.5633812435184828E-014  -2.6191020361639229E-003   1.3447749180488861E-016  -9.5660301172953452E-017   5.2382040723295206E-003   6.7183477002762699E-018  -2.6191020361636327E-003  -2.7171377517291265E-018   1.5922627231424639E-016   1.1713772868330228E-016   6.0669550541918703E-014  -5.2776690588284832E-016   3.0455535155769229E-015   6.9691842171931128E-016  -5.0317095291935288E-002   2.7783459940252959E-015  -4.1406612703474206E-016  0.10063419058386822        2.9937363081163592E-016  -5.0317095291931263E-002   5.2549658902229033E-014   1.1424018328320376E-014
  -3.6779808072713338E-017  -2.0199399839488583E-017  -2.9190406720023086E-017   2.3059720464130236E-017   6.3280163893260910E-017  -7.3051033046967147E-017  -7.0129755378229653E-017  -6.8443901732767813E-018  -4.1347925020459713E-004   1.8159248188617270E-017   1.0763278730449535E-016   1.9019726737355068E-017   2.9635326822179275E-017   1.6557744824528301E-017   4.0865528056765568E-017   1.4408591592123190E-016  -3.7711494998537799E-017   6.7183477002762699E-018   5.2382040723278943E-003   7.3532048499341392E-017  -2.2488276931615766E-017  -1.2283197871065573E-017   1.2310886776757086E-017   2.5621814623395781E-016   6.5823716203491063E-016   1.4325058608239669E-016   6.6614948429019763E-016   7.6989196268196074E-016   8.5244718185314993E-016  -4.5191240615090363E-016  -7.5047119126240524E-019  0.10063419058385108       -6.3485204100004053E-016   1.9644620779645810E-016  -6.5942200755989575E-016
   8.1294483994155641E-018   7.8130345577215156E-017   4.7878653676748136E-018   5.1654710925996516E-016   2.0673962510228265E-004  -3.8982287610541010E-017  -5.2417137984646349E-017   2.0673962510238527E-004  -8.0279276383654539E-018  -4.1347925020521621E-004   1.9817528091377555E-017   1.2133046768880851E-016   1.1296317945222685E-016   2.7094857534743761E-014  -2.6191020361646263E-003  -9.9880153141679569E-017   7.5160568602047701E-017  -2.6191020361636327E-003   7.3532048499341392E-017   5.2382040723277096E-003  -2.5227954112453351E-018   1.5734103316640866E-016   6.3908055545710880E-017   4.3906070481142258E-014  -8.0134782384920369E-016   2.3009729451649582E-015   2.6556075475728850E-017  -5.0317095291935766E-002  -6.6437452734333724E-017   7.3534752387312567E-016  -5.0317095291914304E-002   2.0666036902052299E-015  0.10063419058385037        3.7607127622051789E-014   1.2007047482691138E-014
   5.2945281743030911E-002   6.1573103153507770E-018  -1.5424082378515040E-016  -1.9178560422507004E-016   7.2487079320084253E-017   1.0581180220044788E-017   1.5726760943810834E-017   1.7132044165410984E-017   1.8317248922049615E-017   3.8930171275624709E-017  0.15355384084454593        4.5822219881626675E-017   1.1472608612771301E-016  -2.4272951085467911E-016   2.6466337800124191E-018  -5.5939411370439810E-018   2.1179253066553741E-017  -2.7171377517291265E-018  -2.2488276931615766E-017  -2.5227954112453351E-018  0.11069510203553233       -2.8031963920020553E-017   6.0650430812202356E-017  -4.8742321893966815E-016  -3.3832753275369679E-003  -3.9537454724722986E-016  -6.9514797326540899E-016   4.7656858566921785E-016  -3.2697235239006857E-017   2.5297301104194607E-016  -2.4574619641347613E-016  -7.3604285715805888E-016  -1.8890672398409373E-016  -4.2419592944126507E-016   5.1638735162269376E-016
   1.0515107184055187E-016   5.2945281743028219E-002   1.1594991087746991E-016  -1.6767665361335295E-016   3.0558300391548150E-016  -8.0727189288279539E-018   5.4094022151570861E-018   2.4821065305933879E-016   1.6245947350821443E-017   2.6738154614505570E-016  -1.9176652576358787E-016  0.15355384084454607       -1.8450719664842453E-016  -1.5987327977308473E-015   5.7005097021114995E-017  -5.4931902921404118E-018   1.8540778177121347E-018   1.5922627231424639E-016  -1.2283197871065573E-017   1.5734103316640866E-016  -2.8031963920020553E-017  0.11069510203552872       -1.7777237287088682E-016  -5.4592982891958834E-016  -5.7911548992001153E-016  -3.3832753275383509E-003  -4.6888169763432006E-016  -1.1080582851335157E-015  -1.5134447737703544E-016   7.1528195221443122E-017   3.1774328966528066E-016  -1.7167654522781018E-016   6.0218597570910476E-016  -9.1205016078459205E-016  -2.0538149100489082E-015
   2.2188532331923849E-017   1.7886590584299600E-016   5.2945281743027192E-002  -1.7059478161467083E-016   7.8211462749215027E-017  -5.3950349011243506E-018   6.6847059598309725E-017   1.0918757008649984E-016   3.3494067918327506E-017   9.5574593904765232E-017   1.9514465186385027E-016  -2.8389000252377318E-016  0.15355384084454529       -2.0660540073120487E-016   6.0777903056420605E-017  -6.2074533145848500E-018  -5.2624999589604567E-017   1.1713772868330228E-016   1.2310886776757086E-017   6.3908055545710880E-017   6.0650430812202356E-017  -1.7777237287088682E-016  0.11069510203552649        1.0403643204204560E-016   1.3669337355979743E-015  -8.5153174910227504E-016  -3.3832753275400283E-003  -4.6135263217439373E-016  -1.6264649366020222E-016  -7.7644631053422508E-016   4.8985035794239595E-016  -2.7809667240596761E-017   2.8361068201323660E-016   4.5538166726413180E-017  -7.1364545528897000E-016
  -2.4066490614600994E-016  -4.7802540627215894E-016  -1.4777707311727477E-015   1.5374112806920370E-002   4.1544230784843768E-014  -5.9117358878322992E-016   1.4483375152139397E-015   4.4585451369380125E-014  -4.5548412474077706E-016   4.7199220138851363E-014   7.3046461127933419E-016   1.7374380705188914E-015   1.1737957166898085E-015  0.71347697563177481        4.8901468687696435E-014  -9.3981407947520302E-016  -1.4900636990273559E-015   6.0669550541918703E-014   2.5621814623395781E-016   4.3906070481142258E-014  -4.8742321893966815E-016  -5.4592982891958834E-016   1.0403643204204560E-016   1.1632012156314007        3.6350264867785720E-016   4.9008498583907703E-015   3.1277386465823237E-015   3.1276496917927113E-014  -7.4435684193654378E-016   9.5085239373493712E-016   1.4841503768154938E-014  -3.1344252144930301E-016   3.5209127738415215E-014   1.0033999809575262        3.1031382016445327E-002
   1.8624309761521947E-003   1.5159101526646358E-016   1.1856940263907979E-015   1.8920185035807116E-015  -7.7473960191810407E-016  -1.0263284977732568E-015  -7.0523079774739830E-016  -7.1623709985471480E-016  -6.5995483634447913E-016  -3.5672796248424601E-016  -1.8689497836742994E-002   3.5112649224936453E-016  -1.1463758201820676E-015  -3.2510144309639934E-016   3.0779853051695037E-016   1.4213895163143392E-015   6.4576606632368450E-016  -5.2776690588284832E-016   6.5823716203491063E-016  -8.0134782384920369E-016  -3.3832753275369679E-003  -5.7911548992001153E-016   1.3669337355979743E-015   3.6350264867785720E-016   2.0038545412063971       -4.2408408262021775E-016  -1.2766724985315415E-016  -1.0191905190439536E-015  -4.8391012652089206E-016  -4.8982535938622545E-017   2.1931606626102941E-016  -9.8391161904763776E-016  -5.7544917410778152E-016  -7.0581154843928203E-016  -1.6059199876483714E-016
  -2.5851316815740232E-016   1.8624309761486805E-003   5.3661135173886372E-016  -6.5973720284906982E-015   4.7950338099763873E-015   7.4621855163106053E-016   8.6452179829032421E-016   3.5803021519331232E-015  -1.7094648302894885E-016   5.1752990105047239E-015  -6.6377083459623667E-017  -1.8689497836738744E-002   3.3491807888326644E-016  -1.3633512969871857E-014   2.8417463203224918E-015  -3.8326105161201857E-016  -8.9210020779112971E-016   3.0455535155769229E-015   1.4325058608239669E-016   2.3009729451649582E-015  -3.9537454724722986E-016  -3.3832753275383509E-003  -8.5153174910227504E-016   4.9008498583907703E-015  -4.2408408262021775E-016   2.0038545412064059       -3.7594390956318709E-015  -1.7953995913940069E-016   2.5243899931626778E-016   1.6360508700315850E-016   6.2258614191660879E-016  -2.9295905668679958E-016   9.9340597412446462E-016  -3.4395449476136525E-015  -3.6018348350230216E-015
   1.0362850554381846E-015   1.9075551233709178E-016   1.8624309761545613E-003  -3.3287265964974992E-015  -4.8570991932570060E-016   1.0994817646815974E-016  -7.5679989578360069E-016   2.2478638036937776E-015  -4.5979115047741262E-016   2.2677795285977804E-015   1.5439612095154569E-015   5.4970371928577052E-016  -1.8689497836746442E-002  -5.5879890696247023E-015   2.6532395780898267E-015  -2.9285915759203723E-016   3.9640904876883641E-016   6.9691842171931128E-016   6.6614948429019763E-016   2.6556075475728850E-017  -6.9514797326540899E-016  -4.6888169763432006E-016  -3.3832753275400283E-003   3.1277386465823237E-015  -1.2766724985315415E-016  -3.7594390956318709E-015   2.0038545412064135       -2.3826369676441366E-016   2.8968696124506699E-016  -1.4250795064362668E-016   1.3792660542968203E-016   1.9230467159913991E-016   7.9984838096778133E-016   2.3872392442595648E-015   3.0829714518689904E-015
  -4.2393636616191649E-016  -3.0732069141055154E-016   1.6691531722250632E-015   7.3852618420352470E-015  -7.9435907981183045E-003  -3.3001769465656177E-016   7.9778422823947500E-016   3.9717953990556047E-003  -9.9985674918036946E-017   3.9717953990543271E-003   1.8520405410447600E-016   9.8656436276760549E-016  -1.2732666774567819E-015   4.1322350429829703E-014  0.10063419058384385        2.0465959249581392E-015   6.7655994332281664E-016  -5.0317095291935288E-002   7.6989196268196074E-016  -5.0317095291935766E-002   4.7656858566921785E-016  -1.1080582851335157E-015  -4.6135263217439373E-016   3.1276496917927113E-014  -1.0191905190439536E-015  -1.7953995913940069E-016  -2.3826369676441366E-016   1.9333420719453300       -1.2278589603381554E-017  -7.4068626666067033E-016 -0.96667103597267945       -1.0440866921035522E-015 -0.96667103597268844        2.3115222253747954E-014   1.9968504007441366E-014
  -6.9862697952972213E-017  -1.0793234987368481E-016   3.9219475192318974E-016  -1.2039416760937766E-015   2.1720632096658214E-015  -7.9435907981113951E-003  -1.3197368358867438E-015  -1.1375829299752681E-015  -5.2875692919170827E-016   1.1679222472479608E-016  -2.1857744322885382E-016   5.7547630747046594E-017  -6.9280629781173987E-016  -2.7410712879866621E-016  -1.3410632196744422E-015  0.10063419058384546       -6.0701938538621729E-016   2.7783459940252959E-015   8.5244718185314993E-016  -6.6437452734333724E-017  -3.2697235239006857E-017  -1.5134447737703544E-016  -1.6264649366020222E-016  -7.4435684193654378E-016  -4.8391012652089206E-016   2.5243899931626778E-016   2.8968696124506699E-016  -1.2278589603381554E-017   1.9333420719453303        1.6079124793774699E-015   5.0935818063371039E-016  -1.1606384256457329E-015   1.6659223778031496E-015  -6.4128089003075273E-016  -1.2423474365620969E-015
   1.9046341399912693E-016  -1.3278999305461260E-017  -2.7723150195983474E-016  -1.3294755234096370E-015  -9.7420170939546522E-017   7.6362370711403905E-016  -7.9435907981088971E-003   1.7282691378582106E-015  -1.5320057276883950E-015  -1.2838064725053531E-015  -9.5193242400225595E-017  -9.1067022231477837E-017   6.9637976917323041E-016   1.0706423260402466E-015   8.1034117404505297E-016  -1.3195333362211651E-015  0.10063419058384866       -4.1406612703474206E-016  -4.5191240615090363E-016   7.3534752387312567E-016   2.5297301104194607E-016   7.1528195221443122E-017  -7.7644631053422508E-016   9.5085239373493712E-016  -4.8982535938622545E-017   1.6360508700315850E-016  -1.4250795064362668E-016  -7.4068626666067033E-016   1.6079124793774699E-015   1.9333420719453309        1.7692553151704195E-015  -7.4495531271478911E-016   6.9513283475724166E-016   9.6354287768453996E-016  -2.0432487559322502E-015
   3.2685497916968541E-016  -4.8231630290922891E-017  -1.1594839276503894E-015  -5.3657707643776726E-015   3.9717953990653209E-003   1.0821308592920981E-015   1.4696085162336340E-016  -7.9435907981124793E-003   8.1993001052443324E-017   3.9717953990660634E-003  -1.9988643716170835E-016  -5.3304875568772468E-016   8.4260829905732346E-016  -1.8916933022903872E-014  -5.0317095291916157E-002  -1.6830544661945112E-016  -1.3316255785762062E-015  0.10063419058386822       -7.5047119126240524E-019  -5.0317095291914304E-002  -2.4574619641347613E-016   3.1774328966528066E-016   4.8985035794239595E-016   1.4841503768154938E-014   2.1931606626102941E-016   6.2258614191660879E-016   1.3792660542968203E-016 -0.96667103597267945        5.0935818063371039E-016   1.7692553151704195E-015   1.9333420719453851        3.2573227969068114E-015 -0.96667103597267368        1.9167314156228705E-014  -2.1768047549321869E-015
  -8.7569638059941731E-016  -3.6259236265369753E-016  -7.0912891305321725E-016   3.8298385174099591E-016   1.2807737438295004E-015  -1.3313689275931508E-015  -1.3799149268991373E-015  -1.4493474881352054E-016  -7.9435907981082968E-003   2.9724923247525963E-016   1.7413525343141723E-015   4.7585489243319930E-016   2.9078706815962377E-016  -3.0288167287840084E-015  -3.9148168756222629E-017   1.8552528762393054E-015  -3.1135745294941855E-016   2.9937363081163592E-016  0.10063419058385108        2.0666036902052299E-015  -7.3604285715805888E-016  -1.7167654522781018E-016  -2.7809667240596761E-017  -3.1344252144930301E-016  -9.8391161904763776E-016  -2.9295905668679958E-016   1.9230467159913991E-016  -1.0440866921035522E-015  -1.1606384256457329E-015  -7.4495531271478911E-016   3.2573227969068114E-015   1.9333420719453267        3.6660602396701443E-016  -8.7293391794738496E-016  -1.6642737988978862E-015
   1.1474277830629615E-016   2.6805574957806634E-016  -3.5915664947011485E-016  -9.3239678514244216E-016   3.9717953990531388E-003  -7.6100054533807930E-016  -9.5182740688487269E-016   3.9717953990567427E-003   7.3925329867114337E-018  -7.9435907981204139E-003   8.2424632164501150E-017  -7.2447761564630657E-016   8.5865563161060590E-016   2.7298558101233853E-014  -5.0317095291929660E-002  -1.7657041295391283E-015   7.4478812958678910E-016  -5.0317095291931263E-002  -6.3485204100004053E-016  0.10063419058385037       -1.8890672398409373E-016   6.0218597570910476E-016   2.8361068201323660E-016   3.5209127738415215E-014  -5.7544917410778152E-016   9.9340597412446462E-016   7.9984838096778133E-016 -0.96667103597268844        1.6659223778031496E-015   6.9513283475724166E-016 -0.96667103597267368        3.6660602396701443E-016   1.9333420719453680        2.7698449720044838E-014  -8.1393768870818888E-016
  -2.0734196590950877E-016  -6.4643294947845526E-016  -1.2909173832811448E-015   1.3243023019067268E-002   3.5767676183198358E-014  -5.1259400710485867E-016   1.2754083887453686E-015   3.8381968890908093E-014  -3.9932660764330930E-016   4.0669684593817159E-014   6.4624589492720268E-016   8.7727123742780052E-016   9.2906312674232058E-016  0.61573941219188233        4.1873122862332118E-014  -8.0938752205170373E-016  -1.3008722290755013E-015   5.2549658902229033E-014   1.9644620779645810E-016   3.7607127622051789E-014  -4.2419592944126507E-016  -9.1205016078459205E-016   4.5538166726413180E-017   1.0033999809575262       -7.0581154843928203E-016  -3.4395449476136525E-015   2.3872392442595648E-015   2.3115222253747954E-014  -6.4128089003075273E-016   9.6354287768453996E-016   1.9167314156228705E-014  -8.7293391794738496E-016   2.7698449720044838E-014  0.86582240404056499        3.7010110800467836E-003
  -7.9555055777508145E-017  -1.6195509900753286E-016  -8.4856228637865918E-016   2.0317137612301996E-003   8.2949792170577743E-015   2.1412326904760743E-016  -2.2276188060289932E-015   5.6547802427976430E-015   7.5419920272821347E-016   6.0720374540888834E-015  -4.5732039108714453E-016   2.6431358875316193E-015   1.0951953009653425E-015  -4.9070603764845315E-003   1.1617172776433304E-014  -1.9733956416669063E-016   1.8148289272091850E-015   1.1424018328320376E-014  -6.5942200755989575E-016   1.2007047482691138E-014   5.1638735162269376E-016  -2.0538149100489082E-015  -7.1364545528897000E-016   3.1031382016445327E-002  -1.6059199876483714E-016  -3.6018348350230216E-015   3.0829714518689904E-015   1.9968504007441366E-014  -1.2423474365620969E-015  -2.0432487559322502E-015  -2.1768047549321869E-015  -1.6642737988978862E-015  -8.1393768870818888E-016   3.7010110800467836E-003   1.9710189251349761     
