   5.9462999656400657E-003  -1.0836561023639747E-016   2.1588296925453712E-016  -4.5931500219019905E-017   2.3100475819020410E-017   6.7162517786170212E-018   2.3703649146389066E-017   2.7402485908873555E-017  -7.0613514305182884E-019   5.3861642032288969E-018   4.9223290686853292E-002  -1.3528000246851165E-015   1.5684446077271277E-015  -2.1469626934649140E-016   7.5634225928886526E-017   2.6336674832709270E-018  -3.8829396497040647E-017  -6.7965137037678438E-017  -3.6547328767893705E-017   8.9688261863542056E-017  -2.1796844586648283E-016   4.5435652498401952E-002  -1.2568807091483263E-015   1.4264350801585193E-015   2.8148703256693757E-003   6.9383249308859128E-017  -8.1030691553287585E-016   1.3208409848706797E-015  -1.9708063524399014E-016  -1.0887528907475801E-015  -2.0758570104016421E-015  -7.3814288776011295E-016   8.0925003139933174E-016   2.3673590709369337E-016   7.8066240823834976E-016
  -1.0836561023639747E-016   5.9462999656392799E-003  -1.1306021318934637E-016   1.2014539549036452E-016  -2.5302247261564186E-017   3.7101344977898009E-017  -5.8484025678484804E-018  -6.0148853235286672E-017  -2.7342031169876688E-017  -3.3584756399504705E-017   4.9556874441436437E-016   4.9223290686850323E-002  -2.9618925926985251E-016   4.1550691123433957E-016   6.4359601367328402E-017   1.4090832297821442E-018   3.3822547747026835E-017   6.8082502516522316E-017  -4.5872579145671335E-017   5.1156433997500878E-017   9.4481976377961490E-016   3.9565141721976931E-016   4.5435652498399169E-002  -2.4069875488188970E-016   1.2179104057791822E-015   2.8148703256669545E-003  -3.2485771913087273E-016   5.7506174228371880E-017   5.3904379496821816E-016   5.1153113842822210E-016   3.7059411442795251E-017  -1.0877108271261749E-015  -1.7972815255288376E-016  -8.4737867127670986E-016  -1.2885461452301189E-015
   2.1588296925453712E-016  -1.1306021318934637E-016   5.9462999656404369E-003   1.6808779391371210E-016  -5.2665040576266386E-017  -3.6510512822242969E-017   6.4340759298977647E-017  -2.1779196035984874E-017   6.7837837856899561E-017  -4.5743865161429573E-017   2.5321542195071086E-016  -5.7721024991407384E-016   4.9223290686854951E-002  -6.5674187930472823E-016   8.0126644769562027E-017   1.1089871136584552E-016  -5.9550524305689971E-017  -1.9429386434562905E-016  -4.9920827634956757E-017   7.4024168988436013E-017  -9.7143997213253268E-016   1.4705204778554252E-016  -5.0859156373358170E-016   4.5435652498402535E-002  -3.9124222384803204E-015  -5.4195862964835518E-016   2.8148703256701962E-003   2.0516077227194649E-015   2.2253868026514915E-015  -1.1552999755968595E-015  -3.6983063694348196E-015  -1.0812053084858307E-015   1.6254100011809562E-015   9.1816898210355881E-016   8.6031614372466884E-016
  -4.5931500219019905E-017   1.2014539549036452E-016   1.6808779391371210E-016   1.5318373277856877E-004   3.5430344095058610E-016  -6.3471873791107837E-018  -1.2773445850740114E-017   4.3668714512425508E-016  -3.8824585629774505E-019   4.3329863337377972E-016  -5.2365807371072140E-016   8.5377557388193457E-016   1.6142541467341257E-015   8.2830450590085421E-003   9.6449678109322236E-016   3.2578259320081886E-017  -4.1847379444043524E-017  -8.0173726803042597E-017   3.1721917947112680E-017  -2.6895847607197368E-016   1.4106182520651784E-002  -4.3419850117184657E-016   8.2347764726698158E-016   1.4688556618518939E-015   8.1677525532620051E-015   2.8313373710928580E-015  -7.5154707892416038E-015   1.8497508091986228E-014   5.7476855253867690E-016  -1.0020928813837566E-015  -8.2716266770265841E-015   6.0784314558352550E-016  -1.0680093994358536E-014  -1.3080865724399570E-002   1.2274564618424580E-003
   2.3100475819020410E-017  -2.5302247261564186E-017  -5.2665040576266386E-017   3.5430344095058610E-016   1.2095254993902335E-005  -1.3902792392191974E-018  -2.9215026102061531E-018  -6.0476274969497960E-006  -1.4173075983638050E-018  -6.0476274969596808E-006   2.4472161345367354E-016  -1.9737151335230624E-016  -3.9270095900324957E-016   2.1391351923174478E-014  -2.2198908794739098E-004   1.5498391998934534E-017   1.7288946650734679E-017   1.1099454397355293E-004   8.0410897362684873E-018   1.1099454397380617E-004   3.6391207588113261E-014   2.1427900671188228E-016  -1.8848158867957079E-016  -3.6494906925277243E-016  -1.1897638334632265E-015  -4.8157862202969649E-016   1.2309551412307457E-016  -4.8398372169130462E-003   3.3827832391765173E-016   3.9524259325711440E-016   2.4199186084536894E-003   1.7952296863772760E-016   2.4199186084592609E-003  -3.3618358983890701E-014   1.4376637583531690E-014
   6.7162517786170212E-018   3.7101344977898009E-017  -3.6510512822242969E-017  -6.3471873791107837E-018  -1.3902792392191974E-018   1.2095254993923243E-005  -7.0515895592479406E-018  -2.1245604120987726E-018  -6.4201676493060977E-018  -1.4404276648539688E-018   6.4669147446882302E-017   3.1809520386365352E-016  -2.7043136242072460E-016  -2.3357534824512344E-016   2.5066226776113799E-018  -2.2198908794761465E-004   3.1555925418286360E-017  -3.5931704241339741E-018   8.9562564752330846E-017  -9.4389408058518402E-018  -4.3720001026241215E-016   5.2420419538097351E-017   2.8724549969382780E-016  -2.4602134242962740E-016  -6.2904632345253456E-016   1.7278893100374116E-016   8.0941055671519381E-016   2.1157631001837664E-016  -4.8398372169171601E-003   4.3184717501229452E-016  -5.5123640275326717E-017   1.9709998358373766E-015  -1.6777770869733999E-016   3.9780954728808631E-016  -4.5388853371425320E-016
   2.3703649146389066E-017  -5.8484025678484804E-018   6.4340759298977647E-017  -1.2773445850740114E-017  -2.9215026102061531E-018  -7.0515895592479406E-018   1.2095254993912546E-005  -1.4764769649971853E-018  -2.0385216859582577E-018   2.2787328937002802E-018   1.6187386075463196E-016  -2.7083618653236426E-017   5.0470883526931355E-016  -8.1794898171918734E-016   3.4935147644914136E-017   1.0955380127642421E-016  -2.2198908794751620E-004  -8.1560421988333124E-018   1.1224253944981876E-016  -2.4797542176394982E-017  -1.3941457059940253E-015   1.5183206877766815E-016  -2.9994641904308750E-017   4.7027320368532205E-016   6.0542128416172233E-016  -5.0613718940473916E-016   2.4145464015782036E-016   7.7603236921441186E-016   2.3847892080913846E-015  -4.8398372169150220E-003  -1.6403928577122252E-016   2.4364074753064004E-015  -6.0901090542898941E-016   1.2887742659788191E-015  -4.2209992922119269E-016
   2.7402485908873555E-017  -6.0148853235286672E-017  -2.1779196035984874E-017   4.3668714512425508E-016  -6.0476274969497960E-006  -2.1245604120987726E-018  -1.4764769649971853E-018   1.2095254993910300E-005  -2.8941509526306133E-018  -6.0476274969478605E-006   1.8605683874808648E-016  -5.0758596520416328E-016  -2.3211008563956609E-016   2.2103622182974567E-014   1.1099454397380109E-004   3.9162967017375773E-017   3.3723620869483541E-017  -2.2198908794745663E-004   4.4033305549162425E-019   1.1099454397369029E-004   3.7908943321112705E-014   1.7910450986717352E-016  -4.6043311384396655E-016  -2.1419815514882065E-016  -4.2671200267333495E-016   4.5932500378474165E-016  -1.6807497700522048E-015   2.4199186084587691E-003   9.0534292364514412E-016   7.5860164876974040E-016  -4.8398372169145753E-003   5.2982704944284213E-018   2.4199186084558700E-003  -3.5034546744493297E-014   1.3402885876444037E-014
  -7.0613514305182884E-019  -2.7342031169876688E-017   6.7837837856899561E-017  -3.8824585629774505E-019  -1.4173075983638050E-018  -6.4201676493060977E-018  -2.0385216859582577E-018  -2.8941509526306133E-018   1.2095254993929089E-005   6.0193219990717411E-018  -4.7535907945010995E-017  -2.5596324814568273E-016   5.4299108837019481E-016   8.1782117257103104E-017   2.0538612541102892E-017   2.6744309266474882E-017  -7.3424303261465363E-017   5.3331777644184603E-017  -2.2198908794767168E-004  -7.1094648741472711E-017   1.3059893336104689E-016  -3.6503784169520782E-017  -2.2938717686505111E-016   5.0335615364462451E-016   1.3389092217234471E-015   1.2091158023154099E-016  -2.1689339552993422E-017   3.9365557115134055E-016   5.9956508516879463E-016  -1.6304060745665197E-015   1.1475674102503970E-015  -4.8398372169183327E-003  -1.5366130773782020E-015  -1.2924485226696693E-016  -6.3033033830072623E-016
   5.3861642032288969E-018  -3.3584756399504705E-017  -4.5743865161429573E-017   4.3329863337377972E-016  -6.0476274969596808E-006  -1.4404276648539688E-018   2.2787328937002802E-018  -6.0476274969478605E-006   6.0193219990717411E-018   1.2095254993902042E-005   7.0471845192891692E-017  -2.7820416537223931E-016  -3.6058837045018064E-016   2.1518640613044545E-014   1.1099454397372098E-004   3.6284661743351755E-017  -1.2117171097112009E-017   1.1099454397367164E-004  -3.9826532959098028E-017  -2.2198908794739551E-004   3.6983802461273604E-014   5.8805197069691527E-017  -2.5919614192972541E-016  -3.3301334746045707E-016  -3.7314828851919303E-016  -1.4970518193348669E-016   1.0038633875721010E-015   2.4199186084571354E-003   7.3919652595795748E-016  -3.0584149498758681E-016   2.4199186084558266E-003  -8.6821160320206162E-016  -4.8398372169129308E-003  -3.4143992945664524E-014   1.5547401463921095E-014
   4.9223290686853292E-002   4.9556874441436437E-016   2.5321542195071086E-016  -5.2365807371072140E-016   2.4472161345367354E-016   6.4669147446882302E-017   1.6187386075463196E-016   1.8605683874808648E-016  -4.7535907945010995E-017   7.0471845192891692E-017  0.40820294121403361        5.7315106021800956E-016  -5.5698019898122410E-016  -5.7781381098998565E-016   5.5329378398489884E-017   3.6321461515753908E-017   7.9673857750775570E-017   3.2788282172207103E-016   6.8525784606748052E-018   4.1450625346796900E-016  -3.0844341581669346E-016  0.37659300627568909        4.1208657568511478E-016  -5.0248668503504861E-016  -1.5035471354076783E-002  -3.6241540444324231E-016   1.1256823994106781E-015  -1.2602136077491713E-015  -4.1417672015461245E-016   1.5710280697889295E-016   2.5020304576407916E-015   2.9294367633399235E-016  -7.6518738899088222E-016   3.8230391208306769E-016  -1.5691792449125259E-015
  -1.3528000246851165E-015   4.9223290686850323E-002  -5.7721024991407384E-016   8.5377557388193457E-016  -1.9737151335230624E-016   3.1809520386365352E-016  -2.7083618653236426E-017  -5.0758596520416328E-016  -2.5596324814568273E-016  -2.7820416537223931E-016   5.7315106021800956E-016  0.40820294121403744        4.0517471801240280E-016  -1.6872225745646462E-015   4.8664133778133818E-016  -2.3299398823101210E-016   4.2797298387875380E-017   5.6755942158245094E-016   1.1719617725885758E-016   4.6186460858148643E-016  -8.8470193325104637E-016  -5.3341081613069229E-017  0.37659300627569253        6.4174210830081241E-016  -1.2564929890290829E-015  -1.5035471354072769E-002  -1.1035420323804799E-015  -7.7871687756424910E-016  -1.1255331871094708E-015  -4.3693461919952897E-016   4.5148109090668013E-016   1.8249504926160155E-015  -3.9222558985608768E-016   1.2010918191278492E-015   1.9637494718833984E-015
   1.5684446077271277E-015  -2.9618925926985251E-016   4.9223290686854951E-002   1.6142541467341257E-015  -3.9270095900324957E-016  -2.7043136242072460E-016   5.0470883526931355E-016  -2.3211008563956609E-016   5.4299108837019481E-016  -3.6058837045018064E-016  -5.5698019898122410E-016   4.0517471801240280E-016  0.40820294121403561       -1.1538004507010826E-015  -1.9398507594814984E-016   2.8170446017555420E-017  -4.7113935488081662E-017  -1.0270854154536632E-016  -5.7849513313772733E-017  -8.2363077177741997E-017  -3.2716668904685245E-016  -9.9870081382477838E-016   5.2950069329717382E-016  0.37659300627568332        2.9878794789505259E-015   2.5670759721685245E-016  -1.5035471354075004E-002  -1.4062916545613041E-015  -5.9159803978724032E-016  -2.7584220139690405E-017   2.8729765669224184E-015  -1.1120328663185926E-015  -1.6008583597602246E-015   4.3246857763925112E-016  -2.0197439820808191E-015
  -2.1469626934649140E-016   4.1550691123433957E-016  -6.5674187930472823E-016   8.2830450590085421E-003   2.1391351923174478E-014  -2.3357534824512344E-016  -8.1794898171918734E-016   2.2103622182974567E-014   8.1782117257103104E-017   2.1518640613044545E-014  -5.7781381098998565E-016  -1.6872225745646462E-015  -1.1538004507010826E-015  0.45034291858445807        3.6005825930491101E-015   1.5399350272805676E-017   2.4228084887941930E-016   1.6385490440573815E-014   2.3947876972715019E-016   1.2216033990431575E-014  0.76577386843838569       -2.9970862172136603E-016  -3.6566507529062748E-016  -1.6449425093547155E-016  -9.9356197341584246E-015  -4.2957970471678330E-015   1.2625936126068065E-014  -5.1609293365548660E-014  -6.8469904254161166E-015   9.9356303754427991E-016   1.3347074991129255E-014   7.6139457781336010E-016   1.2698346189951589E-014 -0.71093765134019427       -3.0111125903200067E-003
   7.5634225928886526E-017   6.4359601367328402E-017   8.0126644769562027E-017   9.6449678109322236E-016  -2.2198908794739098E-004   2.5066226776113799E-018   3.4935147644914136E-017   1.1099454397380109E-004   2.0538612541102892E-017   1.1099454397372098E-004   5.5329378398489884E-017   4.8664133778133818E-016  -1.9398507594814984E-016   3.6005825930491101E-015   4.0742551680438268E-003   1.3785867858553330E-016   2.5610782314065764E-017  -2.0371275840216970E-003  -4.7118431152503880E-017  -2.0371275840215448E-003   1.0439664574480962E-014   1.5246337528078897E-016   5.1705527634188812E-016  -1.1659293976047959E-016   6.0320681119009240E-016  -5.2080664792605055E-016   6.2859670896104435E-016   8.8827482358826371E-002   2.9986353878648977E-015   2.2238257107097833E-016  -4.4413741179413505E-002  -1.1045500214609171E-015  -4.4413741179411118E-002  -9.4865072436765510E-015   9.5934090559846412E-015
   2.6336674832709270E-018   1.4090832297821442E-018   1.1089871136584552E-016   3.2578259320081886E-017   1.5498391998934534E-017  -2.2198908794761465E-004   1.0955380127642421E-016   3.9162967017375773E-017   2.6744309266474882E-017   3.6284661743351755E-017   3.6321461515753908E-017  -2.3299398823101210E-016   2.8170446017555420E-017   1.5399350272805676E-017   1.3785867858553330E-016   4.0742551680449934E-003  -2.1453409613062529E-016   6.2825806817680460E-017   2.7989833165104085E-017  -7.5060453278113906E-018   6.2315730912164918E-016   1.1780293015629193E-016  -8.6334300299470524E-017   4.3129419617031552E-017   2.1501732194103515E-015  -5.8701352225922437E-016   8.7085229917240072E-016   1.2547819025682604E-016   8.8827482358837834E-002   2.3730051533802457E-017   9.4366024241557550E-016   2.7355903119466992E-016  -8.6128570595995638E-016  -5.2740335290868462E-016   1.4765484558649102E-016
  -3.8829396497040647E-017   3.3822547747026835E-017  -5.9550524305689971E-017  -4.1847379444043524E-017   1.7288946650734679E-017   3.1555925418286360E-017  -2.2198908794751620E-004   3.3723620869483541E-017  -7.3424303261465363E-017  -1.2117171097112009E-017   7.9673857750775570E-017   4.2797298387875380E-017  -4.7113935488081662E-017   2.4228084887941930E-016   2.5610782314065764E-017  -2.1453409613062529E-016   4.0742551680449830E-003   2.8095288767045023E-017  -2.5775741980540282E-017  -9.0074542402200376E-017   3.5333086592317962E-016   9.1537483556586727E-017   8.9249618794149922E-017  -1.0625073475952802E-016   1.0482126542771879E-015   1.1968521083700632E-015  -4.4043892538626758E-016   2.9460525883509402E-016  -4.6090620198484950E-015   8.8827482358837737E-002   3.5962986061343610E-016  -3.6522027806532006E-016  -7.0896848267598327E-016  -3.1043980060047018E-016   7.4638738583659021E-016
  -6.7965137037678438E-017   6.8082502516522316E-017  -1.9429386434562905E-016  -8.0173726803042597E-017   1.1099454397355293E-004  -3.5931704241339741E-018  -8.1560421988333124E-018  -2.2198908794745663E-004   5.3331777644184603E-017   1.1099454397367164E-004   3.2788282172207103E-016   5.6755942158245094E-016  -1.0270854154536632E-016   1.6385490440573815E-014  -2.0371275840216970E-003   6.2825806817680460E-017   2.8095288767045023E-017   4.0742551680435527E-003  -1.2014024156271418E-017  -2.0371275840224937E-003   2.6340831549601415E-014   1.2888648931651395E-016   4.2249757717691985E-016  -2.4646256716658167E-016   6.1898269184254563E-016   1.4646476939722689E-016   1.6045025232958189E-015  -4.4413741179407433E-002   4.2441925193025166E-016   1.8390101724425667E-016   8.8827482358822207E-002  -1.8297605726586420E-016  -4.4413741179415940E-002  -2.4267794628349603E-014   1.4644780583492422E-014
  -3.6547328767893705E-017  -4.5872579145671335E-017  -4.9920827634956757E-017   3.1721917947112680E-017   8.0410897362684873E-018   8.9562564752330846E-017   1.1224253944981876E-016   4.4033305549162425E-019  -2.2198908794767168E-004  -3.9826532959098028E-017   6.8525784606748052E-018   1.1719617725885758E-016  -5.7849513313772733E-017   2.3947876972715019E-016  -4.7118431152503880E-017   2.7989833165104085E-017  -2.5775741980540282E-017  -1.2014024156271418E-017   4.0742551680451183E-003   8.1881880917744759E-018   3.7186300014518087E-016  -5.1471441177451956E-018  -5.3708435923300540E-018  -9.6774121812461698E-017  -7.9302861865512187E-016  -3.2922253123301775E-017   2.0136312954218737E-016  -3.3807626023764291E-017   3.0773892819874897E-016  -1.8726204397898337E-017   1.6667914336064267E-017   8.8827482358839235E-002  -6.7460033259940029E-017  -3.3321278913081263E-016   1.7453508961609679E-016
   8.9688261863542056E-017   5.1156433997500878E-017   7.4024168988436013E-017  -2.6895847607197368E-016   1.1099454397380617E-004  -9.4389408058518402E-018  -2.4797542176394982E-017   1.1099454397369029E-004  -7.1094648741472711E-017  -2.2198908794739551E-004   4.1450625346796900E-016   4.6186460858148643E-016  -8.2363077177741997E-017   1.2216033990431575E-014  -2.0371275840215448E-003  -7.5060453278113906E-018  -9.0074542402200376E-017  -2.0371275840224937E-003   8.1881880917744759E-018   4.0742551680440914E-003   1.8570311370351068E-014   4.5721504692519006E-016   4.6087547663063084E-016   2.5873391280293345E-017  -7.4769252940517804E-016   6.5751287158964277E-016   1.8973485137408466E-016  -4.4413741179406191E-002   7.8865072490876929E-016  -1.1991951536465258E-015  -4.4413741179422608E-002   1.7682871565118322E-016   8.8827482358828216E-002  -1.7213458781342347E-014   1.0972144078459683E-014
  -2.1796844586648283E-016   9.4481976377961490E-016  -9.7143997213253268E-016   1.4106182520651784E-002   3.6391207588113261E-014  -4.3720001026241215E-016  -1.3941457059940253E-015   3.7908943321112705E-014   1.3059893336104689E-016   3.6983802461273604E-014  -3.0844341581669346E-016  -8.8470193325104637E-016  -3.2716668904685245E-016  0.76577386843838569        1.0439664574480962E-014   6.2315730912164918E-016   3.5333086592317962E-016   2.6340831549601415E-014   3.7186300014518087E-016   1.8570311370351068E-014   1.3026930184334613        2.5745318391972228E-016   1.2283282807659971E-015   1.1479994348077268E-015   4.5404253373179451E-015   3.2274992931641911E-015  -8.9755858282434035E-015   2.8287523494576085E-015   1.2851091704922252E-015   1.3175111894089627E-016  -1.5581742360464469E-014   4.7930247765356831E-016  -3.0305508545820616E-014  -1.2090179785074575        2.7873137384786029E-002
   4.5435652498401952E-002   3.9565141721976931E-016   1.4705204778554252E-016  -4.3419850117184657E-016   2.1427900671188228E-016   5.2420419538097351E-017   1.5183206877766815E-016   1.7910450986717352E-016  -3.6503784169520782E-017   5.8805197069691527E-017  0.37659300627568909       -5.3341081613069229E-017  -9.9870081382477838E-016  -2.9970862172136603E-016   1.5246337528078897E-016   1.1780293015629193E-016   9.1537483556586727E-017   1.2888648931651395E-016  -5.1471441177451956E-018   4.5721504692519006E-016   2.5745318391972228E-016  0.34748496681853736       -1.4251456203069118E-016  -9.6326716588427490E-016  -3.4591922354986621E-003   3.1789614254965988E-016  -1.5240788209126747E-015   9.7939599387383975E-016   1.2103072368992359E-015   4.2185602283147274E-016  -1.5526797194337624E-015   1.1325624949951556E-016   1.0057139502062929E-015  -1.0123015704862845E-016   5.5833344080922901E-016
  -1.2568807091483263E-015   4.5435652498399169E-002  -5.0859156373358170E-016   8.2347764726698158E-016  -1.8848158867957079E-016   2.8724549969382780E-016  -2.9994641904308750E-017  -4.6043311384396655E-016  -2.2938717686505111E-016  -2.5919614192972541E-016   4.1208657568511478E-016  0.37659300627569253        5.2950069329717382E-016  -3.6566507529062748E-016   5.1705527634188812E-016  -8.6334300299470524E-017   8.9249618794149922E-017   4.2249757717691985E-016  -5.3708435923300540E-018   4.6087547663063084E-016   1.2283282807659971E-015  -1.4251456203069118E-016  0.34748496681854035        7.5718131420464634E-016   9.7587279490255981E-016  -3.4591922354992688E-003   2.5442830234541551E-015   8.2840426392484198E-016   1.8366278824803266E-015   5.4541814482437209E-016  -1.8095390762176324E-015  -7.8969939850590721E-016   3.2097227529419646E-016  -8.1070123649614424E-016  -3.2259304943459758E-016
   1.4264350801585193E-015  -2.4069875488188970E-016   4.5435652498402535E-002   1.4688556618518939E-015  -3.6494906925277243E-016  -2.4602134242962740E-016   4.7027320368532205E-016  -2.1419815514882065E-016   5.0335615364462451E-016  -3.3301334746045707E-016  -5.0248668503504861E-016   6.4174210830081241E-016  0.37659300627568332       -1.6449425093547155E-016  -1.1659293976047959E-016   4.3129419617031552E-017  -1.0625073475952802E-016  -2.4646256716658167E-016  -9.6774121812461698E-017   2.5873391280293345E-017   1.1479994348077268E-015  -9.6326716588427490E-016   7.5718131420464634E-016  0.34748496681852481       -4.7498302012125842E-015   7.9289137235622133E-016  -3.4591922354997051E-003  -1.7982647260290676E-017  -2.7792887885719699E-016  -1.3436966110215504E-015  -8.3420812121989208E-016  -1.9965632670579532E-015   7.1691231873519685E-016  -9.1976901716415010E-016   2.7626194848048031E-015
   2.8148703256693757E-003   1.2179104057791822E-015  -3.9124222384803204E-015   8.1677525532620051E-015  -1.1897638334632265E-015  -6.2904632345253456E-016   6.0542128416172233E-016  -4.2671200267333495E-016   1.3389092217234471E-015  -3.7314828851919303E-016  -1.5035471354076783E-002  -1.2564929890290829E-015   2.9878794789505259E-015  -9.9356197341584246E-015   6.0320681119009240E-016   2.1501732194103515E-015   1.0482126542771879E-015   6.1898269184254563E-016  -7.9302861865512187E-016  -7.4769252940517804E-016   4.5404253373179451E-015  -3.4591922354986621E-003   9.7587279490255981E-016  -4.7498302012125842E-015   2.0035770573423273        5.4167094815396827E-016  -1.9989854297018222E-015  -5.4703431925830947E-017  -2.8262700996734443E-016   5.4842059255953073E-016  -9.4966536130363559E-016   6.0520978029955540E-016  -4.1572340321871441E-016   6.8550516782075178E-016   1.9202714416874833E-017
   6.9383249308859128E-017   2.8148703256669545E-003  -5.4195862964835518E-016   2.8313373710928580E-015  -4.8157862202969649E-016   1.7278893100374116E-016  -5.0613718940473916E-016   4.5932500378474165E-016   1.2091158023154099E-016  -1.4970518193348669E-016  -3.6241540444324231E-016  -1.5035471354072769E-002   2.5670759721685245E-016  -4.2957970471678330E-015  -5.2080664792605055E-016  -5.8701352225922437E-016   1.1968521083700632E-015   1.4646476939722689E-016  -3.2922253123301775E-017   6.5751287158964277E-016   3.2274992931641911E-015   3.1789614254965988E-016  -3.4591922354992688E-003   7.9289137235622133E-016   5.4167094815396827E-016   2.0035770573423233        3.0385471270379144E-017   1.0190674627653261E-015   6.8981008728035514E-016  -1.1430802841128005E-016  -5.2374499938490444E-016  -4.9255930353215408E-016   2.2104915635097157E-016  -2.1405513013282309E-015   1.9384770564803546E-016
  -8.1030691553287585E-016  -3.2485771913087273E-016   2.8148703256701962E-003  -7.5154707892416038E-015   1.2309551412307457E-016   8.0941055671519381E-016   2.4145464015782036E-016  -1.6807497700522048E-015  -2.1689339552993422E-017   1.0038633875721010E-015   1.1256823994106781E-015  -1.1035420323804799E-015  -1.5035471354075004E-002   1.2625936126068065E-014   6.2859670896104435E-016   8.7085229917240072E-016  -4.4043892538626758E-016   1.6045025232958189E-015   2.0136312954218737E-016   1.8973485137408466E-016  -8.9755858282434035E-015  -1.5240788209126747E-015   2.5442830234541551E-015  -3.4591922354997051E-003  -1.9989854297018222E-015   3.0385471270379144E-017   2.0035770573423251       -1.8665537669622229E-015  -1.3302596763289598E-015   9.5371666899008284E-017   7.1114500021341758E-016  -2.9707950041592832E-016  -1.0510138722495725E-015   3.0424527945959962E-015   1.6923040338622241E-015
   1.3208409848706797E-015   5.7506174228371880E-017   2.0516077227194649E-015   1.8497508091986228E-014  -4.8398372169130462E-003   2.1157631001837664E-016   7.7603236921441186E-016   2.4199186084587691E-003   3.9365557115134055E-016   2.4199186084571354E-003  -1.2602136077491713E-015  -7.7871687756424910E-016  -1.4062916545613041E-015  -5.1609293365548660E-014   8.8827482358826371E-002   1.2547819025682604E-016   2.9460525883509402E-016  -4.4413741179407433E-002  -3.3807626023764291E-017  -4.4413741179406191E-002   2.8287523494576085E-015   9.7939599387383975E-016   8.2840426392484198E-016  -1.7982647260290676E-017  -5.4703431925830947E-017   1.0190674627653261E-015  -1.8665537669622229E-015   1.9366292234455196        2.5834877585752925E-015  -9.0220528530664836E-016 -0.96831461172274413       -2.4217281825722513E-015 -0.96831461172273725       -6.4309262433362265E-016  -1.0460990242115518E-015
  -1.9708063524399014E-016   5.3904379496821816E-016   2.2253868026514915E-015   5.7476855253867690E-016   3.3827832391765173E-016  -4.8398372169171601E-003   2.3847892080913846E-015   9.0534292364514412E-016   5.9956508516879463E-016   7.3919652595795748E-016  -4.1417672015461245E-016  -1.1255331871094708E-015  -5.9159803978724032E-016  -6.8469904254161166E-015   2.9986353878648977E-015   8.8827482358837834E-002  -4.6090620198484950E-015   4.2441925193025166E-016   3.0773892819874897E-016   7.8865072490876929E-016   1.2851091704922252E-015   1.2103072368992359E-015   1.8366278824803266E-015  -2.7792887885719699E-016  -2.8262700996734443E-016   6.8981008728035514E-016  -1.3302596763289598E-015   2.5834877585752925E-015   1.9366292234454643        2.0051506028490036E-015  -3.6112402673244340E-017  -6.3094467801436117E-016   1.9842631938861846E-015  -1.4007048378189068E-016  -1.9471469526288039E-015
  -1.0887528907475801E-015   5.1153113842822210E-016  -1.1552999755968595E-015  -1.0020928813837566E-015   3.9524259325711440E-016   4.3184717501229452E-016  -4.8398372169150220E-003   7.5860164876974040E-016  -1.6304060745665197E-015  -3.0584149498758681E-016   1.5710280697889295E-016  -4.3693461919952897E-016  -2.7584220139690405E-017   9.9356303754427991E-016   2.2238257107097833E-016   2.3730051533802457E-017   8.8827482358837737E-002   1.8390101724425667E-016  -1.8726204397898337E-017  -1.1991951536465258E-015   1.3175111894089627E-016   4.2185602283147274E-016   5.4541814482437209E-016  -1.3436966110215504E-015   5.4842059255953073E-016  -1.1430802841128005E-016   9.5371666899008284E-017  -9.0220528530664836E-016   2.0051506028490036E-015   1.9366292234454656       -1.5044524870680282E-015   3.8812811471722330E-015   1.2134187426550486E-015   6.3987855854514098E-017  -3.5254991087722516E-016
  -2.0758570104016421E-015   3.7059411442795251E-017  -3.6983063694348196E-015  -8.2716266770265841E-015   2.4199186084536894E-003  -5.5123640275326717E-017  -1.6403928577122252E-016  -4.8398372169145753E-003   1.1475674102503970E-015   2.4199186084558266E-003   2.5020304576407916E-015   4.5148109090668013E-016   2.8729765669224184E-015   1.3347074991129255E-014  -4.4413741179413505E-002   9.4366024241557550E-016   3.5962986061343610E-016   8.8827482358822207E-002   1.6667914336064267E-017  -4.4413741179422608E-002  -1.5581742360464469E-014  -1.5526797194337624E-015  -1.8095390762176324E-015  -8.3420812121989208E-016  -9.4966536130363559E-016  -5.2374499938490444E-016   7.1114500021341758E-016 -0.96831461172274413       -3.6112402673244340E-017  -1.5044524870680282E-015   1.9366292234454678        2.0847716998909012E-015 -0.96831461172274935        1.4930102743626318E-014   1.6815456060453449E-014
  -7.3814288776011295E-016  -1.0877108271261749E-015  -1.0812053084858307E-015   6.0784314558352550E-016   1.7952296863772760E-016   1.9709998358373766E-015   2.4364074753064004E-015   5.2982704944284213E-018  -4.8398372169183327E-003  -8.6821160320206162E-016   2.9294367633399235E-016   1.8249504926160155E-015  -1.1120328663185926E-015   7.6139457781336010E-016  -1.1045500214609171E-015   2.7355903119466992E-016  -3.6522027806532006E-016  -1.8297605726586420E-016   8.8827482358839235E-002   1.7682871565118322E-016   4.7930247765356831E-016   1.1325624949951556E-016  -7.8969939850590721E-016  -1.9965632670579532E-015   6.0520978029955540E-016  -4.9255930353215408E-016  -2.9707950041592832E-016  -2.4217281825722513E-015  -6.3094467801436117E-016   3.8812811471722330E-015   2.0847716998909012E-015   1.9366292234454665       -1.5076678241358225E-015  -2.1442403515588617E-016   1.1713061433653055E-015
   8.0925003139933174E-016  -1.7972815255288376E-016   1.6254100011809562E-015  -1.0680093994358536E-014   2.4199186084592609E-003  -1.6777770869733999E-016  -6.0901090542898941E-016   2.4199186084558700E-003  -1.5366130773782020E-015  -4.8398372169129308E-003  -7.6518738899088222E-016  -3.9222558985608768E-016  -1.6008583597602246E-015   1.2698346189951589E-014  -4.4413741179411118E-002  -8.6128570595995638E-016  -7.0896848267598327E-016  -4.4413741179415940E-002  -6.7460033259940029E-017   8.8827482358828216E-002  -3.0305508545820616E-014   1.0057139502062929E-015   3.2097227529419646E-016   7.1691231873519685E-016  -4.1572340321871441E-016   2.2104915635097157E-016  -1.0510138722495725E-015 -0.96831461172273725        1.9842631938861846E-015   1.2134187426550486E-015 -0.96831461172274935       -1.5076678241358225E-015   1.9366292234454738        2.5978485783379485E-014   8.9261082075062353E-015
   2.3673590709369337E-016  -8.4737867127670986E-016   9.1816898210355881E-016  -1.3080865724399570E-002  -3.3618358983890701E-014   3.9780954728808631E-016   1.2887742659788191E-015  -3.5034546744493297E-014  -1.2924485226696693E-016  -3.4143992945664524E-014   3.8230391208306769E-016   1.2010918191278492E-015   4.3246857763925112E-016 -0.71093765134019427       -9.4865072436765510E-015  -5.2740335290868462E-016  -3.1043980060047018E-016  -2.4267794628349603E-014  -3.3321278913081263E-016  -1.7213458781342347E-014  -1.2090179785074575       -1.0123015704862845E-016  -8.1070123649614424E-016  -9.1976901716415010E-016   6.8550516782075178E-016  -2.1405513013282309E-015   3.0424527945959962E-015  -6.4309262433362265E-016  -1.4007048378189068E-016   6.3987855854514098E-017   1.4930102743626318E-014  -2.1442403515588617E-016   2.5978485783379485E-014   1.1223549136385507       -2.5631527796827146E-003
   7.8066240823834976E-016  -1.2885461452301189E-015   8.6031614372466884E-016   1.2274564618424580E-003   1.4376637583531690E-014  -4.5388853371425320E-016  -4.2209992922119269E-016   1.3402885876444037E-014  -6.3033033830072623E-016   1.5547401463921095E-014  -1.5691792449125259E-015   1.9637494718833984E-015  -2.0197439820808191E-015  -3.0111125903200067E-003   9.5934090559846412E-015   1.4765484558649102E-016   7.4638738583659021E-016   1.4644780583492422E-014   1.7453508961609679E-016   1.0972144078459683E-014   2.7873137384786029E-002   5.5833344080922901E-016  -3.2259304943459758E-016   2.7626194848048031E-015   1.9202714416874833E-017   1.9384770564803546E-016   1.6923040338622241E-015  -1.0460990242115518E-015  -1.9471469526288039E-015  -3.5254991087722516E-016   1.6815456060453449E-014   1.1713061433653055E-015   8.9261082075062353E-015  -2.5631527796827146E-003   1.9691224238110707     
