   4.8244032753204838E-002  -5.9637510251184318E-017  -1.9849016538623635E-016   2.4817877188686621E-017  -2.1445765190261939E-017   3.5343879646467370E-018  -2.5669082859917445E-017  -5.3606861626713742E-018   1.4609931313515489E-018  -3.0599692913965105E-018   6.8319753442173517E-002  -3.6155445915424367E-017  -2.0773293090063482E-016  -1.7978240624269352E-016  -9.4443345076734603E-018   2.7742684326900383E-017  -2.7926902247914988E-017  -3.7536689310534170E-017   2.9007061442800595E-017   2.4098003028042230E-017   3.8527429408533605E-002  -1.9172045596953912E-017  -1.1164090980673113E-016   6.2985024389375192E-004   7.0617185318867770E-016  -6.1146388196283746E-016  -2.8850562973734484E-016  -1.1128582724597194E-016   4.9425320004601348E-016  -5.9894837251686081E-016  -4.8220715968400403E-016   4.5254250836178093E-016   5.6844061508591949E-016  -3.0596874694223634E-016   2.5367837504797868E-016
  -5.9637510251184318E-017   4.8244032753200175E-002  -7.4624448722327258E-017  -3.1498725823640069E-016   1.0874444331401586E-016  -5.4673250236700414E-018   9.2259538726285809E-018   1.1153127043578057E-016   5.4408796017482911E-018   1.1141807023271276E-016  -3.7517262897848011E-017   6.8319753442171435E-002  -1.9157696418287698E-017   3.8799204835166922E-016   5.6942474069360396E-017  -4.1743366936990892E-018   7.7690138830497038E-018   1.4584730936937514E-016  -1.8806762831384734E-017   8.5882314961069682E-017  -2.4947560084277633E-017   3.8527429408532619E-002  -1.0375254368009524E-017   1.1642691494200360E-016   6.2985024388900399E-004   8.2170912035354069E-016   1.0233688900551435E-015  -6.3160646885506253E-016  -7.1017884037010232E-017   1.3458818046826684E-016   7.8867979342600257E-016  -2.8633483015227819E-016  -1.5234789008177262E-016  -3.7864269939121490E-015  -8.3184943111111788E-016
  -1.9849016538623635E-016  -7.4624448722327258E-017   4.8244032753200272E-002  -7.9678472398726418E-017   4.5880405297980220E-017   5.1109617603904889E-017  -1.2077257516523509E-017   3.6473924597105933E-017  -3.3276047384763863E-017   3.0826257161371524E-017  -2.4111982225917063E-017  -2.6239920167906207E-017   6.8319753442171241E-002   1.5696609051104796E-016   6.5516241330969437E-017   6.0177354977836676E-017  -6.2200063944521297E-017  -1.7928362242638236E-017   3.2925739062844821E-017   8.5347678424350646E-017  -5.7858043281872741E-018  -9.4414483040600088E-018   3.8527429408532668E-002   2.2861254692596723E-016   9.3949887409580880E-016   6.2985024388957384E-004   5.4907813454479253E-016   3.2642235251950454E-016   9.1680353636694289E-016  -9.1075463838283910E-016  -9.4992294432712820E-016   4.9923264337972767E-016   6.2421729768748749E-016   1.2385625940869468E-015  -4.1274775561704164E-016
   2.4817877188686621E-017  -3.1498725823640069E-016  -7.9678472398726418E-017   5.7410793523438155E-005  -1.9287855424517197E-017   1.6935186450664145E-018  -8.2324902262125331E-018  -3.9195076362344726E-017  -7.0534094941549233E-018  -6.1955530904583747E-017   6.2586515713805803E-017  -4.1630417769527672E-016  -1.2391358062078723E-016   5.2305336863089375E-003   1.8951370073391726E-016  -4.9907403125087310E-017   1.6282704538647064E-016  -5.5293962848053324E-016  -8.0878459578112120E-018  -4.7769990231005765E-016   2.1418273245785098E-017  -2.4805836432099101E-016  -6.6038429424545268E-017  -2.3330803974484838E-015  -5.2971407078155950E-015  -3.0647151967724136E-016   8.0571351913852653E-003   7.5402657393502702E-015  -7.5815594843816872E-016   2.3976654049686241E-015  -4.6247808118406610E-015  -2.0774055174447695E-016  -3.4669271893732605E-015   1.3437808382063014E-003  -7.3177611331612467E-003
  -2.1445765190261939E-017   1.0874444331401586E-016   4.5880405297980220E-017  -1.9287855424517197E-017   1.8241401685865558E-007   1.9385883837965011E-019   9.9601769140529652E-020  -9.1207008431719385E-008  -7.0433318684867635E-019  -9.1207008429330408E-008  -3.6827957090437017E-017   1.5460535643111545E-016   4.4824284460157226E-017  -1.2622133106885626E-015  -3.7472811335509732E-005  -8.0236267541146595E-017  -4.8407050333872980E-017   1.8736405667965550E-005   1.1583267432788934E-016   1.8736405667536823E-005  -1.8029970535709431E-017   8.6816849793185050E-017   3.5229867594375689E-017   8.4784286140771811E-016  -1.3172210615377355E-016   2.6159419440547361E-015  -2.0459332565867341E-015  -5.8859897147345937E-004  -1.2687584160365940E-015  -7.5962419620812070E-016   2.9429948574007255E-004   1.8140824494087587E-015   2.9429948573337316E-004  -4.4379022384500392E-015   1.8029369982684584E-015
   3.5343879646467370E-018  -5.4673250236700414E-018   5.1109617603904889E-017   1.6935186450664145E-018   1.9385883837965011E-019   1.8241401685961458E-007  -6.4171144222690435E-019  -3.7889104408641019E-019  -1.9979219077770644E-019   5.2655390027967136E-019   7.9273012442915459E-018  -1.1036984211036423E-017   7.2425921595938194E-017   1.0050538697685338E-016   4.0763681443829298E-017  -3.7472811335600479E-005   8.2779073683694656E-017   7.3986706668655912E-017   2.1583746456269677E-017  -1.1414579932124915E-016   3.4022778577818186E-018  -4.7506066841670416E-018   4.0872086707704005E-017  -3.3451571681828415E-016   4.3426184216346957E-016   6.3984149645857289E-017   1.6584368694468112E-016   6.4331853235454178E-016  -5.8859897147501303E-004   1.3048368149692150E-015   1.1598884408366616E-015   3.3403203029341071E-016  -1.8028783674210742E-015   5.1552250004843200E-016  -1.4423251550547601E-016
  -2.5669082859917445E-017   9.2259538726285809E-018  -1.2077257516523509E-017  -8.2324902262125331E-018   9.9601769140529652E-020  -6.4171144222690435E-019   1.8241401686093436E-007  -2.8096745961480196E-019  -5.3460752499843926E-019   2.4721641299109373E-019  -3.3037517725933652E-017   1.2303311035990280E-017  -1.7369618222319866E-017  -6.9329809832549984E-016   2.7716078568599439E-017   4.8262950714874670E-017  -3.7472811335735632E-005   2.7374949283978198E-017   5.4025384821228260E-017  -5.4965526355570267E-017  -2.0355238218747056E-017   7.3155986345890102E-018  -1.0124735253621913E-017  -4.5523241979613198E-016   9.7444062959020628E-017   3.6334382517322526E-017  -1.0645652636423005E-015   4.3848915739843199E-016   7.6616166928691885E-016  -5.8859897147714251E-004   4.3132330498677201E-016   8.4472307020916360E-016  -8.6957807910420424E-016  -7.2541660293792146E-019   9.6920587377053896E-016
  -5.3606861626713742E-018   1.1153127043578057E-016   3.6473924597105933E-017  -3.9195076362344726E-017  -9.1207008431719385E-008  -3.7889104408641019E-019  -2.8096745961480196E-019   1.8241401685857450E-007   1.4658624670623703E-019  -9.1207008428181832E-008  -1.6387151840332815E-017   1.6049860349937263E-016   6.7315615394855232E-017  -3.3918067000104299E-015   1.8736405668031896E-005   4.2141411138242422E-018   3.0466775051368607E-017  -3.7472811335500841E-005  -3.6263928512983356E-017   1.8736405667465851E-005  -4.9813144403004585E-018   8.9475348290272573E-017   2.9995146903037133E-017   1.0831706648392434E-015  -2.6824328714419089E-016  -2.1018698116337167E-015  -5.3150326398439659E-015   2.9429948574109609E-004   6.2989902907590446E-017   4.7484576364079689E-016  -5.8859897147332005E-004  -5.6555066730062238E-016   2.9429948573222894E-004  -5.6291739273816018E-015   4.7680442560770611E-015
   1.4609931313515489E-018   5.4408796017482911E-018  -3.3276047384763863E-017  -7.0534094941549233E-018  -7.0433318684867635E-019  -1.9979219077770644E-019  -5.3460752499843926E-019   1.4658624670623703E-019   1.8241401685902787E-007   6.4095670454907427E-019   4.7972711471571225E-018   4.7607303053245431E-018  -4.9660843470973394E-017  -7.1041171031733471E-016   2.9433213910004934E-017   1.9703902517024248E-017   5.6610959406768633E-017   5.5855991248436526E-018  -3.7472811335540252E-005  -3.4921174496394489E-017   1.5109776069126476E-018   4.0444161923042480E-018  -2.6726278966110220E-017  -3.0560854782451496E-016   3.6614028192447215E-016   2.8605530168223954E-016  -1.0757609469493879E-015   4.5829288365818761E-016   3.1021504704031275E-016   8.8008745014574781E-016   9.2990608833103449E-017  -5.8859897147406706E-004  -5.5124654067889859E-016   7.8522334546750043E-016   9.8915666631247334E-016
  -3.0599692913965105E-018   1.1141807023271276E-016   3.0826257161371524E-017  -6.1955530904583747E-017  -9.1207008429330408E-008   5.2655390027967136E-019   2.4721641299109373E-019  -9.1207008428181832E-008   6.4095670454907427E-019   1.8241401686123318E-007  -1.3459429975850313E-017   1.6045379463930714E-016   5.0051413747164704E-017  -5.6071888119848566E-015   1.8736405667969670E-005   5.8642613839305116E-018   4.4127413886200803E-018   1.8736405667807832E-005  -9.6662300204042467E-017  -3.7472811335767053E-005  -3.1107996761874662E-018   8.9140377710882622E-017   2.5338599351965901E-017   1.2233723597278013E-015  -3.5097988045242796E-016  -7.6014501460252341E-016  -8.6537772366175566E-015   2.9429948574008870E-004   1.0377359302326642E-016   7.2296591388739971E-017   2.9429948573752842E-004  -1.5170264198547981E-015  -5.8859897147760850E-004  -3.7031501909688965E-015   7.8354237233947745E-015
   6.8319753442173517E-002  -3.7517262897848011E-017  -2.4111982225917063E-017   6.2586515713805803E-017  -3.6827957090437017E-017   7.9273012442915459E-018  -3.3037517725933652E-017  -1.6387151840332815E-017   4.7972711471571225E-018  -1.3459429975850313E-017   9.6869197060915735E-002   3.0219662594657781E-017   6.4379333623195719E-017   5.7757412981669425E-016  -3.9087047473570176E-017  -3.0163844531470731E-017  -2.0988871638906454E-018   2.9402038828883407E-017  -3.4438225163537803E-017  -3.6977988466179905E-017   5.4570938102217866E-002   9.0922781150193995E-018   5.1395868393913154E-017  -1.4589822354525779E-002  -5.3178995738815877E-016   1.2862341593705143E-015   8.4954000670859324E-016  -4.7247842327182538E-016  -3.8695855726245775E-016  -1.9354675626206915E-016   6.8869323605591316E-016  -5.4241552656426450E-016  -2.5496094437510051E-016   4.3897862543874781E-016  -7.8358281437351082E-016
  -3.6155445915424367E-017   6.8319753442171435E-002  -2.6239920167906207E-017  -4.1630417769527672E-016   1.5460535643111545E-016  -1.1036984211036423E-017   1.2303311035990280E-017   1.6049860349937263E-016   4.7607303053245431E-018   1.6045379463930714E-016   3.0219662594657781E-017   9.6869197060918941E-002   1.2136476803617527E-016  -1.2041288148631018E-015   1.6104435515230807E-016  -1.6042578466827829E-017   1.4105433347981638E-017   9.8916397704820051E-017  -2.5246859891230603E-018   1.2579912684511243E-016   8.0119105939011211E-018   5.4570938102220051E-002   5.2011286785825884E-017  -2.3751372525590772E-016  -1.4589822354518651E-002  -1.5286693059962751E-015  -7.9152291592397805E-016   4.3795824983414056E-016  -3.0158741001895994E-016   2.2282007778555244E-016  -4.2162448276530010E-016  -3.3896573794338575E-017  -6.8530354433380205E-017   4.3744609319939307E-015   1.0334328309686952E-015
  -2.0773293090063482E-016  -1.9157696418287698E-017   6.8319753442171241E-002  -1.2391358062078723E-016   4.4824284460157226E-017   7.2425921595938194E-017  -1.7369618222319866E-017   6.7315615394855232E-017  -4.9660843470973394E-017   5.0051413747164704E-017   6.4379333623195719E-017   1.2136476803617527E-016   9.6869197060918358E-002  -7.9806383376354168E-016   7.9683243973428621E-017  -1.9855834088218054E-017  -8.8782512428596762E-017   1.0384857956518257E-016   1.1365013070134259E-016   9.9625643128139592E-018   4.7832981965359245E-017   5.1747185582871849E-017   5.4570938102219829E-002  -1.1408747823526472E-015  -6.3052376760300576E-016  -1.4589822354525965E-002  -8.3652545787400017E-016   2.6384422907861760E-016  -4.3902903281128701E-016  -1.3417053881614099E-015   5.2891952879236016E-016   1.7551361282392661E-015  -7.8547330405088518E-016  -1.8633195440665809E-015   8.4244391504327062E-016
  -1.7978240624269352E-016   3.8799204835166922E-016   1.5696609051104796E-016   5.2305336863089375E-003  -1.2622133106885626E-015   1.0050538697685338E-016  -6.9329809832549984E-016  -3.3918067000104299E-015  -7.1041171031733471E-016  -5.6071888119848566E-015   5.7757412981669425E-016  -1.2041288148631018E-015  -7.9806383376354168E-016  0.48471981389958751       -2.9362384174744366E-014   9.6448596278285434E-017   9.2357146461532309E-016  -2.3709916976512247E-014   5.1744410697108576E-016  -2.0468856771762864E-014  -1.3972752061921835E-016   2.6669434407723006E-016  -1.6789830295289221E-016  -2.2247583886414705E-015   1.1948863008912786E-014   1.2674331980776883E-015  0.74426924312758613       -6.0433296627414703E-014   3.5258005198458480E-015  -1.2833589725539117E-015  -1.7513982662469067E-014   2.3959239088367319E-016   3.1433900921986367E-014  -3.4714475087156511E-003 -0.67756517634034974     
  -9.4443345076734603E-018   5.6942474069360396E-017   6.5516241330969437E-017   1.8951370073391726E-016  -3.7472811335509732E-005   4.0763681443829298E-017   2.7716078568599439E-017   1.8736405668031896E-005   2.9433213910004934E-017   1.8736405667969670E-005  -3.9087047473570176E-017   1.6104435515230807E-016   7.9683243973428621E-017  -2.9362384174744366E-014   7.6979368886699482E-003  -7.2167154166496856E-017   4.7259409198605973E-017  -3.8489684443342377E-003  -1.1845999289326645E-016  -3.8489684443341987E-003   5.2091580887782884E-017   6.9939482008118457E-017  -4.4787703600315471E-017   7.6916020967480700E-016   7.5183964377381055E-016   2.3848491894061205E-017  -4.0477865236231783E-014  0.12091427287295896        6.0403274721422663E-016   5.9383531756210974E-016  -6.0457136436474816E-002  -7.6306487712712007E-016  -6.0457136436481346E-002  -2.4115143053172449E-014   3.7377567833661878E-014
   2.7742684326900383E-017  -4.1743366936990892E-018   6.0177354977836676E-017  -4.9907403125087310E-017  -8.0236267541146595E-017  -3.7472811335600479E-005   4.8262950714874670E-017   4.2141411138242422E-018   1.9703902517024248E-017   5.8642613839305116E-018  -3.0163844531470731E-017  -1.6042578466827829E-017  -1.9855834088218054E-017   9.6448596278285434E-017  -7.2167154166496856E-017   7.6979368886667615E-003   1.6084928028254549E-016  -7.5247918874780300E-017  -5.0306676400862177E-017   2.3216114293065589E-017  -4.7491812547324619E-017   1.1653834315097470E-017   2.7642501562976907E-017   3.7418264968356815E-017  -3.3564989556655824E-016  -6.8891681651494716E-016  -2.4078124640059528E-016  -1.7557265049369188E-015  0.12091427287293526        1.5823676597541755E-015  -7.2025583197284947E-016   2.3524010769383223E-016   2.4084822813430917E-015  -3.4478802843659014E-016   1.5432196687052723E-016
  -2.7926902247914988E-017   7.7690138830497038E-018  -6.2200063944521297E-017   1.6282704538647064E-016  -4.8407050333872980E-017   8.2779073683694656E-017  -3.7472811335735632E-005   3.0466775051368607E-017   5.6610959406768633E-017   4.4127413886200803E-018  -2.0988871638906454E-018   1.4105433347981638E-017  -8.8782512428596762E-017   9.2357146461532309E-016   4.7259409198605973E-017   1.6084928028254549E-016   7.6979368886665959E-003  -2.5339308254520641E-017  -1.6709172781535176E-016  -4.7701401578508383E-017   1.5011815840398608E-017   2.6389955844193522E-018   4.3744320491793498E-017   5.2877734074350009E-016  -1.4319288467331284E-016  -3.1807739782134556E-016   1.3856904013507209E-015   9.6722692246934006E-017   8.6705511206149641E-016  0.12091427287293399       -6.7228327397219032E-016  -1.8289181983926940E-015   5.2741014680552965E-016  -9.1954767823560821E-016  -1.2979486151260950E-015
  -3.7536689310534170E-017   1.4584730936937514E-016  -1.7928362242638236E-017  -5.5293962848053324E-016   1.8736405667965550E-005   7.3986706668655912E-017   2.7374949283978198E-017  -3.7472811335500841E-005   5.5855991248436526E-018   1.8736405667807832E-005   2.9402038828883407E-017   9.8916397704820051E-017   1.0384857956518257E-016  -2.3709916976512247E-014  -3.8489684443342377E-003  -7.5247918874780300E-017  -2.5339308254520641E-017   7.6979368886697158E-003   1.1617265982848989E-016  -3.8489684443348431E-003  -4.6732418753179213E-017   7.1734593322977200E-017   1.1928898413048507E-016   6.0155722239895112E-016   1.3875040038752230E-015  -1.2285423852384523E-015  -3.6558598985259280E-014  -6.0457136436470993E-002  -5.2393731172180526E-016   3.6347962535862959E-016  0.12091427287295538        9.9074055708543555E-016  -6.0457136436485426E-002  -2.1768698933546745E-014   3.3001830192673972E-014
   2.9007061442800595E-017  -1.8806762831384734E-017   3.2925739062844821E-017  -8.0878459578112120E-018   1.1583267432788934E-016   2.1583746456269677E-017   5.4025384821228260E-017  -3.6263928512983356E-017  -3.7472811335540252E-005  -9.6662300204042467E-017  -3.4438225163537803E-017  -2.5246859891230603E-018   1.1365013070134259E-016   5.1744410697108576E-016  -1.1845999289326645E-016  -5.0306676400862177E-017  -1.6709172781535176E-016   1.1617265982848989E-016   7.6979368886667763E-003  -1.7770380656507015E-017  -2.3783502342334685E-018  -7.3517706660561906E-018   1.5245519387439582E-017   3.1011614637028750E-017  -5.4848717615766882E-017  -6.7326944926939644E-017   6.9455783055779673E-016  -1.0338037121238905E-015  -9.3783022051875203E-016  -7.5080195763321113E-016   7.4512387227127891E-016  0.12091427287293550        2.8108449541452900E-016  -3.8137309917642163E-016  -6.4893246097610387E-016
   2.4098003028042230E-017   8.5882314961069682E-017   8.5347678424350646E-017  -4.7769990231005765E-016   1.8736405667536823E-005  -1.1414579932124915E-016  -5.4965526355570267E-017   1.8736405667465851E-005  -3.4921174496394489E-017  -3.7472811335767053E-005  -3.6977988466179905E-017   1.2579912684511243E-016   9.9625643128139592E-018  -2.0468856771762864E-014  -3.8489684443341987E-003   2.3216114293065589E-017  -4.7701401578508383E-017  -3.8489684443348431E-003  -1.7770380656507015E-017   7.6979368886668951E-003  -2.4961488791458535E-017   8.6712106065901520E-017   3.2148495813121628E-017   4.7394366184344842E-016   8.4542590491841833E-016   5.2829771393516660E-016  -3.7151713863603039E-014  -6.0457136436464214E-002  -2.0309308976316099E-015  -1.3622712306079137E-015  -6.0457136436470590E-002  -5.4273043172259184E-016  0.12091427287293305       -2.1379647537938116E-014   3.2727483664643858E-014
   3.8527429408533605E-002  -2.4947560084277633E-017  -5.7858043281872741E-018   2.1418273245785098E-017  -1.8029970535709431E-017   3.4022778577818186E-018  -2.0355238218747056E-017  -4.9813144403004585E-018   1.5109776069126476E-018  -3.1107996761874662E-018   5.4570938102217866E-002   8.0119105939011211E-018   4.7832981965359245E-017  -1.3972752061921835E-016   5.2091580887782884E-017  -4.7491812547324619E-017   1.5011815840398608E-017  -4.6732418753179213E-017  -2.3783502342334685E-018  -2.4961488791458535E-017   3.0768839430521167E-002   2.9992665709752633E-018   3.3018582896466245E-017  -9.3909148223159729E-004  -1.5475280790008664E-017  -2.0068517802909754E-017  -2.3065435302181494E-016   8.5610658802209501E-016  -6.9888881202348435E-016   1.1397511763932452E-016  -6.4131224595657200E-016  -3.9550282683042522E-017  -2.3510550942757458E-016  -3.9390400956183625E-016   2.0016189800140175E-016
  -1.9172045596953912E-017   3.8527429408532619E-002  -9.4414483040600088E-018  -2.4805836432099101E-016   8.6816849793185050E-017  -4.7506066841670416E-018   7.3155986345890102E-018   8.9475348290272573E-017   4.0444161923042480E-018   8.9140377710882622E-017   9.0922781150193995E-018   5.4570938102220051E-002   5.1747185582871849E-017   2.6669434407723006E-016   6.9939482008118457E-017   1.1653834315097470E-017   2.6389955844193522E-018   7.1734593322977200E-017  -7.3517706660561906E-018   8.6712106065901520E-017   2.9992665709752633E-018   3.0768839430522561E-002   3.1387841604791786E-017   3.9665934014423206E-016  -9.3909148223413389E-004   1.3545427822349581E-015   7.7760848736176810E-016  -1.1364244636639469E-016   1.7479730643345201E-016   4.9941003429573195E-017  -5.8730065322196168E-017  -1.0889372895177676E-016   1.7066091709134279E-016  -2.9445875825245230E-015  -6.2257419100975025E-016
  -1.1164090980673113E-016  -1.0375254368009524E-017   3.8527429408532668E-002  -6.6038429424545268E-017   3.5229867594375689E-017   4.0872086707704005E-017  -1.0124735253621913E-017   2.9995146903037133E-017  -2.6726278966110220E-017   2.5338599351965901E-017   5.1395868393913154E-017   5.2011286785825884E-017   5.4570938102219829E-002  -1.6789830295289221E-016  -4.4787703600315471E-017   2.7642501562976907E-017   4.3744320491793498E-017   1.1928898413048507E-016   1.5245519387439582E-017   3.2148495813121628E-017   3.3018582896466245E-017   3.1387841604791786E-017   3.0768839430522572E-002  -5.7119086889338529E-016   5.7954780660658744E-016  -9.3909148222775097E-004   4.1578118694125557E-018  -1.2639616203638895E-015   4.0339758965237320E-016   7.3619323089234008E-016   1.3254850427694759E-015   2.2470885960452225E-016  -6.0366517875200187E-017   1.7414681048797591E-015   7.5429274513731206E-017
   6.2985024389375192E-004   1.1642691494200360E-016   2.2861254692596723E-016  -2.3330803974484838E-015   8.4784286140771811E-016  -3.3451571681828415E-016  -4.5523241979613198E-016   1.0831706648392434E-015  -3.0560854782451496E-016   1.2233723597278013E-015  -1.4589822354525779E-002  -2.3751372525590772E-016  -1.1408747823526472E-015  -2.2247583886414705E-015   7.6916020967480700E-016   3.7418264968356815E-017   5.2877734074350009E-016   6.0155722239895112E-016   3.1011614637028750E-017   4.7394366184344842E-016  -9.3909148223159729E-004   3.9665934014423206E-016  -5.7119086889338529E-016   2.0033644052068622        1.0438720843788643E-016   1.1678181989556476E-015   1.2488901365915234E-015   5.6597656762254156E-016   6.9852493838523418E-017  -2.9031486949064281E-016  -2.2625302930972997E-016   1.1408051323605066E-016   8.2929049306113409E-017  -3.0197721244169498E-016  -4.6800673337238281E-017
   7.0617185318867770E-016   6.2985024388900399E-004   9.3949887409580880E-016  -5.2971407078155950E-015  -1.3172210615377355E-016   4.3426184216346957E-016   9.7444062959020628E-017  -2.6824328714419089E-016   3.6614028192447215E-016  -3.5097988045242796E-016  -5.3178995738815877E-016  -1.4589822354518651E-002  -6.3052376760300576E-016   1.1948863008912786E-014   7.5183964377381055E-016  -3.3564989556655824E-016  -1.4319288467331284E-016   1.3875040038752230E-015  -5.4848717615766882E-017   8.4542590491841833E-016  -1.5475280790008664E-017  -9.3909148223413389E-004   5.7954780660658744E-016   1.0438720843788643E-016   2.0033644052068591       -3.6669187344570012E-016  -1.6706998997062790E-014   2.8064193709185533E-015   1.4743467751498536E-016  -1.1104854160471822E-016   2.1102038735742183E-015   5.5317477832558196E-017   2.7036556984058192E-015  -7.6334226530477929E-015   8.6507574190534733E-015
  -6.1146388196283746E-016   8.2170912035354069E-016   6.2985024388957384E-004  -3.0647151967724136E-016   2.6159419440547361E-015   6.3984149645857289E-017   3.6334382517322526E-017  -2.1018698116337167E-015   2.8605530168223954E-016  -7.6014501460252341E-016   1.2862341593705143E-015  -1.5286693059962751E-015  -1.4589822354525965E-002   1.2674331980776883E-015   2.3848491894061205E-017  -6.8891681651494716E-016  -3.1807739782134556E-016  -1.2285423852384523E-015  -6.7326944926939644E-017   5.2829771393516660E-016  -2.0068517802909754E-017   1.3545427822349581E-015  -9.3909148222775097E-004   1.1678181989556476E-015  -3.6669187344570012E-016   2.0033644052068595       -6.6491789705946265E-016  -5.7850453316429583E-016   4.2278189504837649E-016   3.0713924804864357E-016   8.6082276136773428E-016  -4.6294153691023201E-016  -1.0943654373712359E-015   1.5906354047493578E-015   2.6091780896395333E-016
  -2.8850562973734484E-016   1.0233688900551435E-015   5.4907813454479253E-016   8.0571351913852653E-003  -2.0459332565867341E-015   1.6584368694468112E-016  -1.0645652636423005E-015  -5.3150326398439659E-015  -1.0757609469493879E-015  -8.6537772366175566E-015   8.4954000670859324E-016  -7.9152291592397805E-016  -8.3652545787400017E-016  0.74426924312758613       -4.0477865236231783E-014  -2.4078124640059528E-016   1.3856904013507209E-015  -3.6558598985259280E-014   6.9455783055779673E-016  -3.7151713863603039E-014  -2.3065435302181494E-016   7.7760848736176810E-016   4.1578118694125557E-018   1.2488901365915234E-015  -1.6706998997062790E-014  -6.6491789705946265E-016   1.1434871249961378       -1.4058886741590033E-014  -5.8619025887795188E-016  -2.2004421143538124E-015  -2.3140026706982585E-014  -1.0843720301896015E-015  -3.5541631269882968E-014   3.1512459336772880E-002  -1.0405432100320373     
  -1.1128582724597194E-016  -6.3160646885506253E-016   3.2642235251950454E-016   7.5402657393502702E-015  -5.8859897147345937E-004   6.4331853235454178E-016   4.3848915739843199E-016   2.9429948574109609E-004   4.5829288365818761E-016   2.9429948574008870E-004  -4.7247842327182538E-016   4.3795824983414056E-016   2.6384422907861760E-016  -6.0433296627414703E-014  0.12091427287295896       -1.7557265049369188E-015   9.6722692246934006E-017  -6.0457136436470993E-002  -1.0338037121238905E-015  -6.0457136436464214E-002   8.5610658802209501E-016  -1.1364244636639469E-016  -1.2639616203638895E-015   5.6597656762254156E-016   2.8064193709185533E-015  -5.7850453316429583E-016  -1.4058886741590033E-014   1.8992441216184703       -2.8492833092917380E-016  -8.1307031420124605E-016 -0.94962206080921052        1.0025617488973268E-015 -0.94962206080921607       -4.1191537059545701E-014   2.5339727901870005E-014
   4.9425320004601348E-016  -7.1017884037010232E-017   9.1680353636694289E-016  -7.5815594843816872E-016  -1.2687584160365940E-015  -5.8859897147501303E-004   7.6616166928691885E-016   6.2989902907590446E-017   3.1021504704031275E-016   1.0377359302326642E-016  -3.8695855726245775E-016  -3.0158741001895994E-016  -4.3902903281128701E-016   3.5258005198458480E-015   6.0403274721422663E-016  0.12091427287293526        8.6705511206149641E-016  -5.2393731172180526E-016  -9.3783022051875203E-016  -2.0309308976316099E-015  -6.9888881202348435E-016   1.7479730643345201E-016   4.0339758965237320E-016   6.9852493838523418E-017   1.4743467751498536E-016   4.2278189504837649E-016  -5.8619025887795188E-016  -2.8492833092917380E-016   1.8992441216185123       -1.2108369862318131E-015  -9.7767930903878903E-016   1.3758152874344253E-015   2.0236633549444078E-016   3.5590943609815271E-016  -4.1311112555438242E-016
  -5.9894837251686081E-016   1.3458818046826684E-016  -9.1075463838283910E-016   2.3976654049686241E-015  -7.5962419620812070E-016   1.3048368149692150E-015  -5.8859897147714251E-004   4.7484576364079689E-016   8.8008745014574781E-016   7.2296591388739971E-017  -1.9354675626206915E-016   2.2282007778555244E-016  -1.3417053881614099E-015  -1.2833589725539117E-015   5.9383531756210974E-016   1.5823676597541755E-015  0.12091427287293399        3.6347962535862959E-016  -7.5080195763321113E-016  -1.3622712306079137E-015   1.1397511763932452E-016   4.9941003429573195E-017   7.3619323089234008E-016  -2.9031486949064281E-016  -1.1104854160471822E-016   3.0713924804864357E-016  -2.2004421143538124E-015  -8.1307031420124605E-016  -1.2108369862318131E-015   1.8992441216185134        1.4012906503559991E-015   7.0446036157245848E-016  -1.3444920090450307E-015   5.9746584413581381E-016   1.6173105331527532E-015
  -4.8220715968400403E-016   7.8867979342600257E-016  -9.4992294432712820E-016  -4.6247808118406610E-015   2.9429948574007255E-004   1.1598884408366616E-015   4.3132330498677201E-016  -5.8859897147332005E-004   9.2990608833103449E-017   2.9429948573752842E-004   6.8869323605591316E-016  -4.2162448276530010E-016   5.2891952879236016E-016  -1.7513982662469067E-014  -6.0457136436474816E-002  -7.2025583197284947E-016  -6.7228327397219032E-016  0.12091427287295538        7.4512387227127891E-016  -6.0457136436470590E-002  -6.4131224595657200E-016  -5.8730065322196168E-017   1.3254850427694759E-015  -2.2625302930972997E-016   2.1102038735742183E-015   8.6082276136773428E-016  -2.3140026706982585E-014 -0.94962206080921052       -9.7767930903878903E-016   1.4012906503559991E-015   1.8992441216184155       -1.3963914117891442E-015 -0.94962206080922140       -1.5597743588324348E-014   2.0774793165214432E-014
   4.5254250836178093E-016  -2.8633483015227819E-016   4.9923264337972767E-016  -2.0774055174447695E-016   1.8140824494087587E-015   3.3403203029341071E-016   8.4472307020916360E-016  -5.6555066730062238E-016  -5.8859897147406706E-004  -1.5170264198547981E-015  -5.4241552656426450E-016  -3.3896573794338575E-017   1.7551361282392661E-015   2.3959239088367319E-016  -7.6306487712712007E-016   2.3524010769383223E-016  -1.8289181983926940E-015   9.9074055708543555E-016  0.12091427287293550       -5.4273043172259184E-016  -3.9550282683042522E-017  -1.0889372895177676E-016   2.2470885960452225E-016   1.1408051323605066E-016   5.5317477832558196E-017  -4.6294153691023201E-016  -1.0843720301896015E-015   1.0025617488973268E-015   1.3758152874344253E-015   7.0446036157245848E-016  -1.3963914117891442E-015   1.8992441216185165        2.7454709512761750E-016   3.6298685581909166E-016   8.0478493868335529E-016
   5.6844061508591949E-016  -1.5234789008177262E-016   6.2421729768748749E-016  -3.4669271893732605E-015   2.9429948573337316E-004  -1.8028783674210742E-015  -8.6957807910420424E-016   2.9429948573222894E-004  -5.5124654067889859E-016  -5.8859897147760850E-004  -2.5496094437510051E-016  -6.8530354433380205E-017  -7.8547330405088518E-016   3.1433900921986367E-014  -6.0457136436481346E-002   2.4084822813430917E-015   5.2741014680552965E-016  -6.0457136436485426E-002   2.8108449541452900E-016  0.12091427287293305       -2.3510550942757458E-016   1.7066091709134279E-016  -6.0366517875200187E-017   8.2929049306113409E-017   2.7036556984058192E-015  -1.0943654373712359E-015  -3.5541631269882968E-014 -0.94962206080921607        2.0236633549444078E-016  -1.3444920090450307E-015 -0.94962206080922140        2.7454709512761750E-016   1.8992441216184099       -1.3474408833336810E-014   1.9224330584559334E-014
  -3.0596874694223634E-016  -3.7864269939121490E-015   1.2385625940869468E-015   1.3437808382063014E-003  -4.4379022384500392E-015   5.1552250004843200E-016  -7.2541660293792146E-019  -5.6291739273816018E-015   7.8522334546750043E-016  -3.7031501909688965E-015   4.3897862543874781E-016   4.3744609319939307E-015  -1.8633195440665809E-015  -3.4714475087156511E-003  -2.4115143053172449E-014  -3.4478802843659014E-016  -9.1954767823560821E-016  -2.1768698933546745E-014  -3.8137309917642163E-016  -2.1379647537938116E-014  -3.9390400956183625E-016  -2.9445875825245230E-015   1.7414681048797591E-015  -3.0197721244169498E-016  -7.6334226530477929E-015   1.5906354047493578E-015   3.1512459336772880E-002  -4.1191537059545701E-014   3.5590943609815271E-016   5.9746584413581381E-016  -1.5597743588324348E-014   3.6298685581909166E-016  -1.3474408833336810E-014   1.9689984734477908       -4.0769878810986739E-003
   2.5367837504797868E-016  -8.3184943111111788E-016  -4.1274775561704164E-016  -7.3177611331612467E-003   1.8029369982684584E-015  -1.4423251550547601E-016   9.6920587377053896E-016   4.7680442560770611E-015   9.8915666631247334E-016   7.8354237233947745E-015  -7.8358281437351082E-016   1.0334328309686952E-015   8.4244391504327062E-016 -0.67756517634034974        3.7377567833661878E-014   1.5432196687052723E-016  -1.2979486151260950E-015   3.3001830192673972E-014  -6.4893246097610387E-016   3.2727483664643858E-014   2.0016189800140175E-016  -6.2257419100975025E-016   7.5429274513731206E-017  -4.6800673337238281E-017   8.6507574190534733E-015   2.6091780896395333E-016  -1.0405432100320373        2.5339727901870005E-014  -4.1311112555438242E-016   1.6173105331527532E-015   2.0774793165214432E-014   8.0478493868335529E-016   1.9224330584559334E-014  -4.0769878810986739E-003  0.94717439755852384     
