   1.1023107426917078E-003   1.0376387630296692E-017   1.3389761834320011E-016  -1.0882000525397873E-016   2.4388246173360703E-002  -5.2319810583473045E-016   1.7856572611611027E-015  -5.9614119451067411E-018   2.6664084403938056E-018   1.0242299103985315E-017   1.9035341251153722E-017   1.9687883393320832E-017   1.4487525188232844E-017  -9.6182139048358166E-016  -7.5250249492343966E-017   5.3425495642943443E-018  -1.0212402941726145E-017   2.8323967393552999E-017   8.8476697123286362E-019   6.1362029223459048E-017  -2.0194027812820764E-015   2.6749730359579171E-002  -4.6688464722032165E-016   1.9861381013149340E-015   2.7182963115538073E-003   5.6282159969146452E-016   7.2943682208814406E-016  -1.9764767412926033E-015   8.2715915814333864E-017  -4.5838962136858123E-017   5.7487161912138883E-016   4.5167799815543853E-016   1.4225609904534361E-015  -1.8992341398138572E-015   1.0634186124761668E-015
   1.0376387630296692E-017   1.1023107426921253E-003  -2.3348939096951768E-016   1.8431741539210619E-017   6.1743089277329859E-016   2.4388246173365505E-002  -3.2749503841051474E-015   7.1648016310448608E-018  -3.6278724449169315E-018  -2.8754549147048921E-018  -4.5682743452212725E-018  -3.8451316647335353E-019  -4.2981265182606282E-018  -8.0997538504661420E-017  -9.6027781883533734E-018   1.8024484139720544E-017   1.0846484208781007E-017  -3.2659213036077205E-017  -8.3856051817503202E-018  -3.8225798311303862E-017  -1.1179540603014062E-016   7.3377001067548945E-016   2.6749730359584088E-002  -3.6165604605538226E-015   1.6031425110273182E-015   2.7182963115526125E-003  -2.4844154995160704E-015   3.4869165424182697E-016   3.9635717454461817E-016   2.4075450456521117E-016  -1.8646613765675791E-016  -1.9441902606278328E-016  -2.0111449270502853E-016  -1.4266513014230903E-016   1.9947669158922490E-015
   1.3389761834320011E-016  -2.3348939096951768E-016   1.1023107426921335E-003  -4.8062489444236257E-017   1.0689318625124039E-015  -1.7005590776457114E-015   2.4388246173365588E-002  -2.8134778081666783E-017   1.0141893293429348E-017   9.0208761678260057E-018   6.5242972912683564E-018  -1.4300225495121283E-017   2.4632965876132934E-017  -2.1541727886145969E-015  -1.5720623319415754E-017  -3.0079195435928952E-018  -1.5555416404989835E-017   1.8757386874552621E-017  -6.8836017455994931E-018  -2.7753856983319674E-017  -3.8728234010754003E-015   1.2640679247690606E-015  -1.9825266718089599E-015   2.6749730359584428E-002   1.9710117869428667E-016   2.7834170311099525E-016   2.7182963115517048E-003  -3.1284238866556736E-016   2.8720667771082197E-018  -4.4191567760026494E-016   9.8420468877672527E-016  -4.5734522183297146E-016  -7.1009133752676597E-016  -3.7374742740752645E-015  -7.3131825995413004E-016
  -1.0882000525397873E-016   1.8431741539210619E-017  -4.8062489444236257E-017   6.4105172726549464E-005  -2.1051111578292104E-015   4.7190318545237885E-016  -4.3059748787499893E-016  -1.9029285114765330E-016   9.5607503669973175E-018   2.1512624713914443E-017  -2.4419307273396088E-016   8.9883625273468675E-018  -2.1459532440254427E-016   5.3779931103885951E-003   7.8311066115416424E-016   1.7217476072511317E-017  -1.1660169027646055E-016  -1.0863430990269993E-015  -1.2816292198438835E-016  -8.3682706555958397E-016   9.5044682981737776E-003  -2.3335753650717469E-015   5.0850503423249086E-016  -5.2976844839969311E-016  -8.4390388699163945E-016  -1.6727707266533409E-015  -7.7338373131105377E-016   3.0508303974137047E-014   5.2058615552702687E-016  -2.6760263506217590E-015  -1.8031115620818006E-014  -3.1185844271250302E-015  -1.3690558673102729E-014   9.1901427718483232E-003   9.1874872442796254E-004
   2.4388246173360703E-002   6.1743089277329859E-016   1.0689318625124039E-015  -2.1051111578292104E-015  0.54179525707921095       -1.3358750204679093E-015  -1.9197561292386145E-015  -1.8266684295248250E-016   4.7096768405983004E-017   2.7376530242901595E-016   4.3991225465087834E-016   4.6458659898271677E-016   3.6034304816094568E-016   3.4829086269786445E-015   1.6543735905593768E-016   4.9738437335024243E-017  -2.2918808392836247E-016   8.2537866968717818E-017  -4.1614246379678097E-016   5.6659952300308035E-017  -1.1703632942021261E-015  0.59388645025851594        6.7563338655026193E-016  -1.5789236237906401E-015  -6.3458434037554825E-003  -2.1593657602993829E-016  -1.5326214147619310E-015   1.5636320004629623E-015   3.7265114979819616E-016   8.5538439175196216E-017  -5.6282089638017593E-016  -3.6947745916316556E-016  -5.1503080727969497E-016   3.4188762790237098E-016  -1.2336545824957006E-016
  -5.2319810583473045E-016   2.4388246173365505E-002  -1.7005590776457114E-015   4.7190318545237885E-016  -1.3358750204679093E-015  0.54179525707921694        3.0133425871355949E-015   1.2939198316425572E-016  -5.9943049290039963E-017  -3.8901547537499692E-017  -8.5762872969048288E-017  -4.9961245770919207E-018  -9.0907964268051949E-017   6.1834071099349978E-016  -5.5100102474153189E-016   5.2511859307052113E-017   1.2372080130188303E-017  -5.4370080337279304E-016   7.3708524321933984E-018  -6.8423225060299262E-016   1.1256156778276421E-015  -4.4358022476599231E-016  0.59388645025851450        2.9720925601428943E-015  -2.4298176714450261E-015  -6.3458434037590838E-003   1.3947466903426219E-015  -8.7061235620388174E-016  -2.1197722379985991E-016  -1.1054047453667130E-017   4.7550955071588355E-017   4.4240638632568192E-016  -4.8234789194932210E-017   9.2369515631599954E-016  -1.7810959741828794E-015
   1.7856572611611027E-015  -3.2749503841051474E-015   2.4388246173365588E-002  -4.3059748787499893E-016  -1.9197561292386145E-015   3.0133425871355949E-015  0.54179525707921461       -6.4945705139771878E-016   1.6731138826970704E-016   1.5067806497024046E-016   4.7607579760203914E-017  -3.8503040722703435E-016   4.5983381624563979E-016   3.4455556058265104E-015  -1.9455109292034762E-016  -1.7826057660476393E-017   1.9906605122336596E-017  -5.1394930017473094E-016   3.0518047566262509E-016   3.3192658136692674E-017   3.9361306720512137E-015  -1.6786160135506822E-016   6.4725955923581680E-016  0.59388645025851838        5.1082185356654541E-016  -1.1846049883875191E-015  -6.3458434037496278E-003  -7.1489632675080027E-016   3.2837621014127707E-016  -1.8791263329061948E-015  -1.5004798950546498E-015  -2.3283884053409003E-017   1.3227671508230875E-015   4.0494637628835038E-015   2.3646016652602577E-015
  -5.9614119451067411E-018   7.1648016310448608E-018  -2.8134778081666783E-017  -1.9029285114765330E-016  -1.8266684295248250E-016   1.2939198316425572E-016  -6.4945705139771878E-016   6.5811034581251754E-006   2.6799778653959272E-018  -3.4432373206886257E-018  -3.2905517290583263E-006   8.8609008932818254E-019  -3.2905517290573632E-006  -1.1039889840848790E-014  -1.4790050899891771E-004  -7.5068457077804847E-017   5.8478595504353163E-017   7.3950254499372729E-005  -1.2677672816096152E-017   7.3950254499565622E-005  -1.9853454778312742E-014  -2.0215597780812323E-016   1.4726594041740856E-016  -7.1055215466021846E-016  -1.0013704420397557E-015   1.3674953287605840E-015   3.9672487826986126E-016  -3.5737932845181820E-003  -1.8792192764352101E-015   1.3943619737870298E-015   1.7868966422568012E-003  -3.3783832338879513E-016   1.7868966422613980E-003  -1.9124168912433778E-014  -2.8687218240695518E-015
   2.6664084403938056E-018  -3.6278724449169315E-018   1.0141893293429348E-017   9.5607503669973175E-018   4.7096768405983004E-017  -5.9943049290039963E-017   1.6731138826970704E-016   2.6799778653959272E-018   6.5811034581016076E-006  -4.4059423775592821E-019   3.6947095843060580E-018   4.4755055787667462E-018   3.0564313293686199E-018   8.4489448297372092E-016   2.2399989776488795E-017  -1.4790050899866097E-004   8.9721104670066604E-018  -1.2210644160761770E-017  -8.2756723677133102E-017   4.4228338192389427E-018   1.5414829767839342E-015   5.4461467219590057E-017  -6.6255508085630576E-017   1.9432188633668507E-016   4.4444817485710484E-016  -1.2275420088255195E-016   1.7238664819467539E-015   4.3077480483122195E-016  -3.5737932845118117E-003   2.8765101245902451E-016  -4.6267988897646331E-016  -1.9796398763018335E-015   4.6208929525326356E-017   1.4818276576863091E-015   5.6353334478683657E-016
   1.0242299103985315E-017  -2.8754549147048921E-018   9.0208761678260057E-018   2.1512624713914443E-017   2.7376530242901595E-016  -3.8901547537499692E-017   1.5067806497024046E-016  -3.4432373206886257E-018  -4.4059423775592821E-019   6.5811034580843069E-006   1.2846608118694846E-018  -5.9963038115192032E-018  -2.5250181405220642E-018   1.4370832318693579E-015   2.0960278611574499E-017   2.1413059080943202E-019  -1.4790050899847967E-004  -4.2327442403720655E-017   7.6460754249972376E-017   1.8371979189750812E-017   2.5319797633871757E-015   2.9174237050528346E-016  -4.6019667003151285E-017   1.6821777023139441E-016  -1.4507593979161630E-015  -4.5323628373384672E-016   1.0513119267940160E-015   4.7613331327753484E-016  -4.5748725937232957E-017  -3.5737932845071071E-003  -9.7751178180380092E-016   1.8912586586403124E-015   5.0191816086226236E-016   2.4603911003756338E-015  -9.3214766055878706E-016
   1.9035341251153722E-017  -4.5682743452212725E-018   6.5242972912683564E-018  -2.4419307273396088E-016   4.3991225465087834E-016  -8.5762872969048288E-017   4.7607579760203914E-017  -3.2905517290583263E-006   3.6947095843060580E-018   1.2846608118694846E-018   6.5811034580980831E-006  -4.5828079648257730E-018  -3.2905517290370437E-006  -2.3320104727447969E-014   7.3950254499459831E-005  -6.2812248500232567E-017   1.0777706777889173E-017  -1.4790050899862050E-004   2.2934883638127391E-017   7.3950254499159223E-005  -4.1010577029299938E-014   4.8197402496803978E-016  -9.6986649984189500E-017   7.2645170395292802E-017   2.2116580042393720E-016  -7.0333904042060149E-016   4.2112231446811078E-015   1.7868966422590806E-003  -1.5387405660614342E-015   2.7892387318471282E-016  -3.5737932845108307E-003   5.1034714453911553E-016   1.7868966422517469E-003  -3.9697852845706373E-014  -2.9525333837399230E-015
   1.9687883393320832E-017  -3.8451316647335353E-019  -1.4300225495121283E-017   8.9883625273468675E-018   4.6458659898271677E-016  -4.9961245770919207E-018  -3.8503040722703435E-016   8.8609008932818254E-019   4.4755055787667462E-018  -5.9963038115192032E-018  -4.5828079648257730E-018   6.5811034580978162E-006   7.2020144732814758E-018   3.3735793243185154E-016  -4.8256145293381552E-018  -2.0656561051827401E-017   5.7471000182746746E-017   8.6284981516264194E-017  -1.4790050899863032E-004  -7.6548987951563461E-017   6.0555340765299743E-016   5.0570744262176803E-016  -6.3837036271401074E-018  -4.1277834280866222E-016  -2.4764647493238967E-016  -3.6947568756488108E-016   1.4648834069250605E-015  -1.4022386919824312E-016  -4.5226953641728903E-016   1.3702894562447759E-015   1.9790770493781500E-015  -3.5737932845107774E-003  -1.8325775395435276E-015   6.0415301208792836E-016  -1.9656624570400109E-015
   1.4487525188232844E-017  -4.2981265182606282E-018   2.4632965876132934E-017  -2.1459532440254427E-016   3.6034304816094568E-016  -9.0907964268051949E-017   4.5983381624563979E-016  -3.2905517290573632E-006   3.0564313293686199E-018  -2.5250181405220642E-018  -3.2905517290370437E-006   7.2020144732814758E-018   6.5811034580822080E-006  -2.0086769399200184E-014   7.3950254499244685E-005  -7.4069662957921011E-017   3.6000518223604413E-017   7.3950254499186816E-005  -8.9033542218760837E-017  -1.4790050899845072E-004  -3.5361824244565372E-014   3.9626628177530485E-016  -1.0052547590832513E-016   5.1707095662276090E-016   6.1387946902598005E-016  -3.7907361238042373E-016   1.6733216102879873E-015   1.7868966422539499E-003  -1.7035019474202018E-015   8.7008685473789779E-016   1.7868966422525565E-003  -2.0760202613590410E-015  -3.5737932845065208E-003  -3.4219431946260971E-014  -3.6468810837919144E-015
  -9.6182139048358166E-016  -8.0997538504661420E-017  -2.1541727886145969E-015   5.3779931103885951E-003   3.4829086269786445E-015   6.1834071099349978E-016   3.4455556058265104E-015  -1.1039889840848790E-014   8.4489448297372092E-016   1.4370832318693579E-015  -2.3320104727447969E-014   3.3735793243185154E-016  -2.0086769399200184E-014  0.45446248301160297       -4.4091593648279545E-014   1.0147021448678112E-016  -4.6788587061905381E-016  -2.8254282276314863E-014   3.8024796690994914E-016  -2.3044058880768821E-014  0.80186675540335350        2.0389739183073654E-015   5.8455269237159347E-016  -6.7281733112507139E-016   1.9952273379935555E-015   1.7190595717423650E-015  -1.2867262255745036E-014  -9.4360691515018252E-014   1.1108465145661042E-014   1.2261246822580083E-015   3.2181142841292847E-015   9.4095978880794433E-015  -1.2451926503740638E-014  0.77635624068095177       -3.0267144256095548E-003
  -7.5250249492343966E-017  -9.6027781883533734E-018  -1.5720623319415754E-017   7.8311066115416424E-016   1.6543735905593768E-016  -5.5100102474153189E-016  -1.9455109292034762E-016  -1.4790050899891771E-004   2.2399989776488795E-017   2.0960278611574499E-017   7.3950254499459831E-005  -4.8256145293381552E-018   7.3950254499244685E-005  -4.4091593648279545E-014   3.3238438965933780E-003  -1.6990078023599604E-016  -4.6233281722587798E-017  -1.6619219482969278E-003  -5.4167227581336194E-017  -1.6619219482969143E-003  -7.0567067993620520E-014   1.0668320620298381E-016  -5.5840302099230449E-016  -1.7785767581602468E-016   1.2860931585995709E-015  -5.3106242271405756E-016   3.0972408586545796E-015   8.0315687057703672E-002  -2.6378113696146477E-015  -6.9723347646660903E-016  -4.0157843528852911E-002  -6.0092244223197540E-016  -4.0157843528851142E-002  -6.9597383013366219E-014  -7.0381811352094782E-015
   5.3425495642943443E-018   1.8024484139720544E-017  -3.0079195435928952E-018   1.7217476072511317E-017   4.9738437335024243E-017   5.2511859307052113E-017  -1.7826057660476393E-017  -7.5068457077804847E-017  -1.4790050899866097E-004   2.1413059080943202E-019  -6.2812248500232567E-017  -2.0656561051827401E-017  -7.4069662957921011E-017   1.0147021448678112E-016  -1.6990078023599604E-016   3.3238438965937419E-003   1.6078802921255015E-017  -1.8001759617422126E-016   6.3666331507862830E-017   2.1531524579661135E-017  -7.5568668840185178E-016   4.7687707734696884E-017   5.0550163470075140E-017  -5.6145416041100286E-017   2.5887671190149939E-016  -7.1494626655235184E-016  -1.1258912132065196E-015  -1.6223620144246591E-015   8.0315687057708723E-002  -1.2038032246378128E-015  -5.8266337650437103E-016   1.0877681811934442E-015   1.8835666465671970E-015  -6.5259680772216451E-016  -5.2056219301686612E-017
  -1.0212402941726145E-017   1.0846484208781007E-017  -1.5555416404989835E-017  -1.1660169027646055E-016  -2.2918808392836247E-016   1.2372080130188303E-017   1.9906605122336596E-017   5.8478595504353163E-017   8.9721104670066604E-018  -1.4790050899847967E-004   1.0777706777889173E-017   5.7471000182746746E-017   3.6000518223604413E-017  -4.6788587061905381E-016  -4.6233281722587798E-017   1.6078802921255015E-017   3.3238438965943304E-003   6.0204084335988635E-017   1.8568656269708723E-017   5.3341529276447425E-017  -1.0683640862274886E-015  -2.3633408500450103E-016   3.4058142125603213E-017   7.8455656018329846E-017   1.4127836240016462E-015   2.0570600711675823E-016  -1.0891984970824775E-015  -4.3530547818700313E-016   1.5329365110183083E-015   8.0315687057715662E-002   4.3743153088467325E-016  -5.3339528161087331E-016  -1.4252176370469922E-017  -9.8339539639092665E-016   5.7534888615775936E-016
   2.8323967393552999E-017  -3.2659213036077205E-017   1.8757386874552621E-017  -1.0863430990269993E-015   8.2537866968717818E-017  -5.4370080337279304E-016  -5.1394930017473094E-016   7.3950254499372729E-005  -1.2210644160761770E-017  -4.2327442403720655E-017  -1.4790050899862050E-004   8.6284981516264194E-017   7.3950254499186816E-005  -2.8254282276314863E-014  -1.6619219482969278E-003  -1.8001759617422126E-016   6.0204084335988635E-017   3.3238438965937033E-003  -1.3996668881962752E-016  -1.6619219482967428E-003  -5.4171878432964213E-014   1.2302039308442931E-016  -6.1817923004206449E-016  -5.0389719603740896E-016  -1.6712151341951759E-016  -2.3259278324519887E-016  -1.0348402055888056E-015  -4.0157843528856839E-002  -3.8784274931730374E-015   1.0390544693638111E-015   8.0315687057707710E-002  -2.3968487073290895E-015  -4.0157843528850802E-002  -5.1649042821175546E-014  -8.2096926766764618E-015
   8.8476697123286362E-019  -8.3856051817503202E-018  -6.8836017455994931E-018  -1.2816292198438835E-016  -4.1614246379678097E-016   7.3708524321933984E-018   3.0518047566262509E-016  -1.2677672816096152E-017  -8.2756723677133102E-017   7.6460754249972376E-017   2.2934883638127391E-017  -1.4790050899863032E-004  -8.9033542218760837E-017   3.8024796690994914E-016  -5.4167227581336194E-017   6.3666331507862830E-017   1.8568656269708723E-017  -1.3996668881962752E-016   3.3238438965942792E-003   8.3780505268946679E-017  -2.3732814949746927E-016  -4.0570659465559000E-016  -1.7056020142025459E-017   3.0193179283002645E-016   1.7159750764453889E-016   9.7870018587710577E-017  -1.1381088813576707E-015  -7.7804126666750354E-016   4.8517877812136961E-016   8.6244047656485705E-016  -1.0028222115286393E-015   8.0315687057715107E-002   1.6398252926982117E-015  -1.0558207976146215E-016   2.1356614172526967E-015
   6.1362029223459048E-017  -3.8225798311303862E-017  -2.7753856983319674E-017  -8.3682706555958397E-016   5.6659952300308035E-017  -6.8423225060299262E-016   3.3192658136692674E-017   7.3950254499565622E-005   4.4228338192389427E-018   1.8371979189750812E-017   7.3950254499159223E-005  -7.6548987951563461E-017  -1.4790050899845072E-004  -2.3044058880768821E-014  -1.6619219482969143E-003   2.1531524579661135E-017   5.3341529276447425E-017  -1.6619219482967428E-003   8.3780505268946679E-017   3.3238438965940888E-003  -4.3942903296689445E-014   1.0689570669111194E-016  -7.7490996656592421E-016  -3.7462140446317920E-017  -6.4034155535367335E-016   5.1019161903229192E-016   1.7345927478735593E-015  -4.0157843528858046E-002  -1.4187403761025163E-015   1.2846830126392630E-015  -4.0157843528854015E-002   3.3124578655089495E-016   8.0315687057712373E-002  -4.1779112119605969E-014  -7.2702627542880162E-015
  -2.0194027812820764E-015  -1.1179540603014062E-016  -3.8728234010754003E-015   9.5044682981737776E-003  -1.1703632942021261E-015   1.1256156778276421E-015   3.9361306720512137E-015  -1.9853454778312742E-014   1.5414829767839342E-015   2.5319797633871757E-015  -4.1010577029299938E-014   6.0555340765299743E-016  -3.5361824244565372E-014  0.80186675540335350       -7.0567067993620520E-014  -7.5568668840185178E-016  -1.0683640862274886E-015  -5.4171878432964213E-014  -2.3732814949746927E-016  -4.3942903296689445E-014   1.4153474974799729       -4.4610441209831791E-015   1.1112039820512636E-015  -3.4494262491990431E-015  -3.1377916484044935E-015   4.3579599252368139E-016   2.8289841443219087E-015   1.1332080217991070E-014  -2.9159906168943199E-015  -3.9302175257413240E-015  -9.5320082169869005E-014  -6.1518969553794904E-015  -9.8380854031263041E-014   1.3699230430264937        2.6346270584230298E-002
   2.6749730359579171E-002   7.3377001067548945E-016   1.2640679247690606E-015  -2.3335753650717469E-015  0.59388645025851594       -4.4358022476599231E-016  -1.6786160135506822E-016  -2.0215597780812323E-016   5.4461467219590057E-017   2.9174237050528346E-016   4.8197402496803978E-016   5.0570744262176803E-016   3.9626628177530485E-016   2.0389739183073654E-015   1.0668320620298381E-016   4.7687707734696884E-017  -2.3633408500450103E-016   1.2302039308442931E-016  -4.0570659465559000E-016   1.0689570669111194E-016  -4.4610441209831791E-015  0.65104762911000669        1.8914169439652236E-015   4.0947605549346289E-016   4.1579207345760223E-003   7.4688747266585362E-016   1.0666584260819734E-015  -2.6992191995582246E-016   2.0987950963356571E-016   2.6038703207485423E-016   1.9014211501423939E-016   7.9285169702112736E-016   6.0889546951217958E-016  -2.6902370345212832E-015  -2.5318608191962615E-016
  -4.6688464722032165E-016   2.6749730359584088E-002  -1.9825266718089599E-015   5.0850503423249086E-016   6.7563338655026193E-016  0.59388645025851450        6.4725955923581680E-016   1.4726594041740856E-016  -6.6255508085630576E-017  -4.6019667003151285E-017  -9.6986649984189500E-017  -6.3837036271401074E-018  -1.0052547590832513E-016   5.8455269237159347E-016  -5.5840302099230449E-016   5.0550163470075140E-017   3.4058142125603213E-017  -6.1817923004206449E-016  -1.7056020142025459E-017  -7.7490996656592421E-016   1.1112039820512636E-015   1.8914169439652236E-015  0.65104762910999670        3.5367051490175920E-016   2.0810213272244779E-015   4.1579207345808673E-003   1.1416698878655085E-015   2.2312989062125953E-016  -3.0008177879660340E-016   4.5584738952668738E-016  -4.5045414733444639E-016  -1.3607549437294774E-016  -7.2651725776986766E-016   8.4650632370621910E-016   1.5338792216920397E-015
   1.9861381013149340E-015  -3.6165604605538226E-015   2.6749730359584428E-002  -5.2976844839969311E-016  -1.5789236237906401E-015   2.9720925601428943E-015  0.59388645025851838       -7.1055215466021846E-016   1.9432188633668507E-016   1.6821777023139441E-016   7.2645170395292802E-017  -4.1277834280866222E-016   5.1707095662276090E-016  -6.7281733112507139E-016  -1.7785767581602468E-016  -5.6145416041100286E-017   7.8455656018329846E-017  -5.0389719603740896E-016   3.0193179283002645E-016  -3.7462140446317920E-017  -3.4494262491990431E-015   4.0947605549346289E-016   3.5367051490175920E-016  0.65104762911000780        9.4995761474106488E-016   3.8833775515038546E-016   4.1579207345684831E-003  -3.4415955279474209E-016  -3.7145965475885758E-016  -5.4257660687618068E-016  -6.1750511043047604E-017  -6.5771796208205650E-016  -5.6715228199533485E-016  -3.0701330335476245E-015  -7.6458613414237988E-016
   2.7182963115538073E-003   1.6031425110273182E-015   1.9710117869428667E-016  -8.4390388699163945E-016  -6.3458434037554825E-003  -2.4298176714450261E-015   5.1082185356654541E-016  -1.0013704420397557E-015   4.4444817485710484E-016  -1.4507593979161630E-015   2.2116580042393720E-016  -2.4764647493238967E-016   6.1387946902598005E-016   1.9952273379935555E-015   1.2860931585995709E-015   2.5887671190149939E-016   1.4127836240016462E-015  -1.6712151341951759E-016   1.7159750764453889E-016  -6.4034155535367335E-016  -3.1377916484044935E-015   4.1579207345760223E-003   2.0810213272244779E-015   9.4995761474106488E-016   2.0036124883662070        9.1728797380502614E-016  -2.5056081612729458E-016  -1.3150541422408071E-015   2.2688553225577654E-016  -7.4890762231072999E-016  -2.8936359492765675E-016   2.2890290181313822E-016   9.9116394547627004E-016  -1.1880260634396059E-015   9.6072743471745310E-016
   5.6282159969146452E-016   2.7182963115526125E-003   2.7834170311099525E-016  -1.6727707266533409E-015  -2.1593657602993829E-016  -6.3458434037590838E-003  -1.1846049883875191E-015   1.3674953287605840E-015  -1.2275420088255195E-016  -4.5323628373384672E-016  -7.0333904042060149E-016  -3.6947568756488108E-016  -3.7907361238042373E-016   1.7190595717423650E-015  -5.3106242271405756E-016  -7.1494626655235184E-016   2.0570600711675823E-016  -2.3259278324519887E-016   9.7870018587710577E-017   5.1019161903229192E-016   4.3579599252368139E-016   7.4688747266585362E-016   4.1579207345808673E-003   3.8833775515038546E-016   9.1728797380502614E-016   2.0036124883661999        1.4534175009877847E-015   7.6120751513375250E-016   1.0708087820967928E-015   5.2048174780779682E-017   3.4557661443590253E-016  -9.9774412835627835E-017  -8.7557976518257502E-016  -2.1304960768681370E-016  -1.3116865072622202E-015
   7.2943682208814406E-016  -2.4844154995160704E-015   2.7182963115517048E-003  -7.7338373131105377E-016  -1.5326214147619310E-015   1.3947466903426219E-015  -6.3458434037496278E-003   3.9672487826986126E-016   1.7238664819467539E-015   1.0513119267940160E-015   4.2112231446811078E-015   1.4648834069250605E-015   1.6733216102879873E-015  -1.2867262255745036E-014   3.0972408586545796E-015  -1.1258912132065196E-015  -1.0891984970824775E-015  -1.0348402055888056E-015  -1.1381088813576707E-015   1.7345927478735593E-015   2.8289841443219087E-015   1.0666584260819734E-015   1.1416698878655085E-015   4.1579207345684831E-003  -2.5056081612729458E-016   1.4534175009877847E-015   2.0036124883661945       -1.7931606560060612E-016   3.8696560527908006E-016   5.1849094855882745E-016   1.2022849895518090E-015   5.8296487028441011E-016  -4.4969092227047431E-017  -3.4309175809733382E-015  -1.7399020576959069E-015
  -1.9764767412926033E-015   3.4869165424182697E-016  -3.1284238866556736E-016   3.0508303974137047E-014   1.5636320004629623E-015  -8.7061235620388174E-016  -7.1489632675080027E-016  -3.5737932845181820E-003   4.3077480483122195E-016   4.7613331327753484E-016   1.7868966422590806E-003  -1.4022386919824312E-016   1.7868966422539499E-003  -9.4360691515018252E-014   8.0315687057703672E-002  -1.6223620144246591E-015  -4.3530547818700313E-016  -4.0157843528856839E-002  -7.7804126666750354E-016  -4.0157843528858046E-002   1.1332080217991070E-014  -2.6992191995582246E-016   2.2312989062125953E-016  -3.4415955279474209E-016  -1.3150541422408071E-015   7.6120751513375250E-016  -1.7931606560060612E-016   1.9407077432734572       -3.7399011838802455E-015  -3.7171871483676051E-016 -0.97035387163673614       -1.6937135288026234E-015 -0.97035387163673037       -2.2282133042002206E-014   1.8135690309224878E-014
   8.2715915814333864E-017   3.9635717454461817E-016   2.8720667771082197E-018   5.2058615552702687E-016   3.7265114979819616E-016  -2.1197722379985991E-016   3.2837621014127707E-016  -1.8792192764352101E-015  -3.5737932845118117E-003  -4.5748725937232957E-017  -1.5387405660614342E-015  -4.5226953641728903E-016  -1.7035019474202018E-015   1.1108465145661042E-014  -2.6378113696146477E-015   8.0315687057708723E-002   1.5329365110183083E-015  -3.8784274931730374E-015   4.8517877812136961E-016  -1.4187403761025163E-015  -2.9159906168943199E-015   2.0987950963356571E-016  -3.0008177879660340E-016  -3.7145965475885758E-016   2.2688553225577654E-016   1.0708087820967928E-015   3.8696560527908006E-016  -3.7399011838802455E-015   1.9407077432734887       -1.4349957853931847E-015  -2.6878049482274575E-015   8.3467304248796973E-016  -1.3398570447577027E-015  -9.6760162290039078E-016   3.0350126662314268E-015
  -4.5838962136858123E-017   2.4075450456521117E-016  -4.4191567760026494E-016  -2.6760263506217590E-015   8.5538439175196216E-017  -1.1054047453667130E-017  -1.8791263329061948E-015   1.3943619737870298E-015   2.8765101245902451E-016  -3.5737932845071071E-003   2.7892387318471282E-016   1.3702894562447759E-015   8.7008685473789779E-016   1.2261246822580083E-015  -6.9723347646660903E-016  -1.2038032246378128E-015   8.0315687057715662E-002   1.0390544693638111E-015   8.6244047656485705E-016   1.2846830126392630E-015  -3.9302175257413240E-015   2.6038703207485423E-016   4.5584738952668738E-016  -5.4257660687618068E-016  -7.4890762231072999E-016   5.2048174780779682E-017   5.1849094855882745E-016  -3.7171871483676051E-016  -1.4349957853931847E-015   1.9407077432734807        5.2541792531353271E-016  -2.8909166727153447E-015  -4.4674550517275544E-016  -2.3974036212951475E-015  -2.3258912056057177E-016
   5.7487161912138883E-016  -1.8646613765675791E-016   9.8420468877672527E-016  -1.8031115620818006E-014  -5.6282089638017593E-016   4.7550955071588355E-017  -1.5004798950546498E-015   1.7868966422568012E-003  -4.6267988897646331E-016  -9.7751178180380092E-016  -3.5737932845108307E-003   1.9790770493781500E-015   1.7868966422525565E-003   3.2181142841292847E-015  -4.0157843528852911E-002  -5.8266337650437103E-016   4.3743153088467325E-016   8.0315687057707710E-002  -1.0028222115286393E-015  -4.0157843528854015E-002  -9.5320082169869005E-014   1.9014211501423939E-016  -4.5045414733444639E-016  -6.1750511043047604E-017  -2.8936359492765675E-016   3.4557661443590253E-016   1.2022849895518090E-015 -0.97035387163673614       -2.6878049482274575E-015   5.2541792531353271E-016   1.9407077432734627       -4.2493948897861179E-016 -0.97035387163672482       -7.5588439546621506E-014   6.1254523643634963E-015
   4.5167799815543853E-016  -1.9441902606278328E-016  -4.5734522183297146E-016  -3.1185844271250302E-015  -3.6947745916316556E-016   4.4240638632568192E-016  -2.3283884053409003E-017  -3.3783832338879513E-016  -1.9796398763018335E-015   1.8912586586403124E-015   5.1034714453911553E-016  -3.5737932845107774E-003  -2.0760202613590410E-015   9.4095978880794433E-015  -6.0092244223197540E-016   1.0877681811934442E-015  -5.3339528161087331E-016  -2.3968487073290895E-015   8.0315687057715107E-002   3.3124578655089495E-016  -6.1518969553794904E-015   7.9285169702112736E-016  -1.3607549437294774E-016  -6.5771796208205650E-016   2.2890290181313822E-016  -9.9774412835627835E-017   5.8296487028441011E-016  -1.6937135288026234E-015   8.3467304248796973E-016  -2.8909166727153447E-015  -4.2493948897861179E-016   1.9407077432734834       -1.2893061184655266E-015  -2.3273757547721300E-015   1.4599732343458463E-015
   1.4225609904534361E-015  -2.0111449270502853E-016  -7.1009133752676597E-016  -1.3690558673102729E-014  -5.1503080727969497E-016  -4.8234789194932210E-017   1.3227671508230875E-015   1.7868966422613980E-003   4.6208929525326356E-017   5.0191816086226236E-016   1.7868966422517469E-003  -1.8325775395435276E-015  -3.5737932845065208E-003  -1.2451926503740638E-014  -4.0157843528851142E-002   1.8835666465671970E-015  -1.4252176370469922E-017  -4.0157843528850802E-002   1.6398252926982117E-015   8.0315687057712373E-002  -9.8380854031263041E-014   6.0889546951217958E-016  -7.2651725776986766E-016  -5.6715228199533485E-016   9.9116394547627004E-016  -8.7557976518257502E-016  -4.4969092227047431E-017 -0.97035387163673037       -1.3398570447577027E-015  -4.4674550517275544E-016 -0.97035387163672482       -1.2893061184655266E-015   1.9407077432734627       -7.9019862622259503E-014   2.2628886259058733E-015
  -1.8992341398138572E-015  -1.4266513014230903E-016  -3.7374742740752645E-015   9.1901427718483232E-003   3.4188762790237098E-016   9.2369515631599954E-016   4.0494637628835038E-015  -1.9124168912433778E-014   1.4818276576863091E-015   2.4603911003756338E-015  -3.9697852845706373E-014   6.0415301208792836E-016  -3.4219431946260971E-014  0.77635624068095177       -6.9597383013366219E-014  -6.5259680772216451E-016  -9.8339539639092665E-016  -5.1649042821175546E-014  -1.0558207976146215E-016  -4.1779112119605969E-014   1.3699230430264937       -2.6902370345212832E-015   8.4650632370621910E-016  -3.0701330335476245E-015  -1.1880260634396059E-015  -2.1304960768681370E-016  -3.4309175809733382E-015  -2.2282133042002206E-014  -9.6760162290039078E-016  -2.3974036212951475E-015  -7.5588439546621506E-014  -2.3273757547721300E-015  -7.9019862622259503E-014   1.3262645835682156        8.8810777770002424E-004
   1.0634186124761668E-015   1.9947669158922490E-015  -7.3131825995413004E-016   9.1874872442796254E-004  -1.2336545824957006E-016  -1.7810959741828794E-015   2.3646016652602577E-015  -2.8687218240695518E-015   5.6353334478683657E-016  -9.3214766055878706E-016  -2.9525333837399230E-015  -1.9656624570400109E-015  -3.6468810837919144E-015  -3.0267144256095548E-003  -7.0381811352094782E-015  -5.2056219301686612E-017   5.7534888615775936E-016  -8.2096926766764618E-015   2.1356614172526967E-015  -7.2702627542880162E-015   2.6346270584230298E-002  -2.5318608191962615E-016   1.5338792216920397E-015  -7.6458613414237988E-016   9.6072743471745310E-016  -1.3116865072622202E-015  -1.7399020576959069E-015   1.8135690309224878E-014   3.0350126662314268E-015  -2.3258912056057177E-016   6.1254523643634963E-015   1.4599732343458463E-015   2.2628886259058733E-015   8.8810777770002424E-004   1.9664587596111975     
