  0.38289081510002498        1.6519819248354054E-008   1.9886684714679804E-008   1.9945577430280944E-009  0.58485034900774746        1.5606036780402569E-008   3.4962987306751472E-009  -3.9536617256927492E-009   4.3015490231658570E-008   2.6119622085662063E-008   4.0031058071716898E-008  -5.4537134021770046E-009  -1.2787424652908959E-008  -3.7561777099372007E-008   4.1031833187463122E-003  -9.1808624624610603E-010  -1.8871690697465721E-009  -2.1235057447632256E-009  -2.9512359427398451E-010   8.4078273434639003E-009   5.4051447053234954E-009   7.9151916375536176E-009  -1.1350824671222738E-009  -2.6953789847129350E-009  -7.2727451155871349E-009
   1.6519819248354054E-008  0.38289079935507542        1.9800354929261654E-008  -1.8587556359382830E-010  -5.3462167089188416E-009  0.58485034411850756       -5.3710220117027157E-009  -4.3611609461629533E-009  -4.7759541404949043E-009   2.3404310533992084E-008  -1.6285518119820834E-008  -4.5353520903001704E-008  -2.7868877669157597E-008   5.0129474085232211E-008  -2.0968038931769685E-009   4.1031847403869117E-003  -2.3938603640789705E-009  -1.4499946039018288E-009  -2.2708131879731423E-010  -1.0990023714056322E-009   4.7453612059632598E-009  -3.3839786465745646E-009  -9.0193444396082368E-009  -5.6320061639185644E-009   1.0118346300587781E-008
   1.9886684714679804E-008   1.9800354929261654E-008  0.38289086775245046        3.9554453935106864E-009   8.8540576080728059E-009   1.7667853392761573E-008  0.58485036535725687       -4.4502812475861195E-009   2.7691214596129994E-008   4.6608122090797924E-008  -7.4316155734520365E-008  -1.7996561404654596E-008   1.8366441360612325E-008  -9.6946527898488067E-009  -1.5869097039562317E-009  -1.0938532381639703E-009   4.1031787250648500E-003  -2.9565085576798286E-009  -4.0727632405854680E-010   5.3093123247423577E-009   9.7235651999992145E-009  -1.4905065455827843E-008  -3.5074687411423020E-009   3.4041310891698440E-009  -1.8018436000232067E-009
   1.9945577430280944E-009  -1.8587556359382830E-010   3.9554453935106864E-009  0.64436595133776886        5.4676331113763608E-009   5.3597745968973057E-009   6.6361952278190138E-009  0.61686142392959809        3.2867565580606954E-010  -3.9545728205027733E-009   4.2284228143414579E-009  -3.7467747953971652E-010   7.7825866712069148E-009   4.5982629023071035E-011  -1.7147123092624493E-011   2.5420153245219782E-010  -1.2319824906658128E-010  -1.8040124236327601E-002  -8.2273394829685789E-004   1.3003355637111939E-010  -1.1655084282451486E-009   1.1790519430666412E-009  -1.0878581953327709E-010   2.3125480473035939E-009  -2.1255287996672130E-011
  0.58485034900774746       -5.3462167089188416E-009   8.8540576080728059E-009   5.4676331113763608E-009  0.89335507364901889       -2.2878077370155320E-008  -2.7540366182509605E-008  -3.7204257437393334E-009   6.5703727295580756E-008   3.9897532747085059E-008   6.1145665055986852E-008  -8.3322725037863173E-009  -1.9534416369512705E-008  -5.7371455207360297E-008   5.9273960084621231E-007  -5.2456020401040504E-010  -2.0768951787300819E-009  -3.0666037540486344E-009  -4.3698563682270722E-010   1.2847672021808187E-008   8.2611618957634644E-009   1.2094253598678359E-008  -1.7332108727784079E-009  -4.1176907641695252E-009  -1.1114461514099961E-008
   1.5606036780402569E-008  0.58485034411850756        1.7667853392761573E-008   5.3597745968973057E-009  -2.2878077370155320E-008  0.89335509545390712       -2.7420899704051717E-008  -1.2581869870441418E-009  -7.2974970066895440E-009   3.5749899153464209E-008  -2.4877934810203917E-008  -6.9275325740140517E-008  -4.2568643506772028E-008   7.6572821282122143E-008  -2.4081323736335286E-009   5.9415084655517563E-007  -2.8483771952274536E-009  -2.2470321591296219E-009  -2.9681717991408992E-010  -1.6790466973811938E-009   7.2509254310246737E-009  -5.1697008713978182E-009  -1.3780569925624642E-008  -8.6070603079020911E-009   1.5459615845254936E-008
   3.4962987306751472E-009  -5.3710220117027157E-009  0.58485036535725687        6.6361952278190138E-009  -2.7540366182509605E-008  -2.7420899704051717E-008  0.89335500073252649       -6.2281100114702521E-009   4.2296367307033176E-008   7.1196326769251582E-008  -1.1351537493768951E-007  -2.7488190894635278E-008   2.8052144209000246E-008  -1.4808175799032089E-008  -1.5941951481767941E-009  -7.8075799422472535E-010   5.8787492743327484E-007  -4.3327387906090840E-009  -6.2060126661462291E-010   8.1135062470411233E-009   1.4856652308595606E-008  -2.2776332991947015E-008  -5.3597985440832292E-009   5.2039222074770665E-009  -2.7537077285518069E-009
  -3.9536617256927492E-009  -4.3611609461629533E-009  -4.4502812475861195E-009  0.61686142392959809       -3.7204257437393334E-009  -1.2581869870441418E-009  -6.2281100114702521E-009  0.59067949129329456        3.1511849623206351E-010  -3.7868264400728818E-009   4.0478458445689999E-009  -3.5806636327193298E-010   7.4508433955089764E-009   4.2929714135184199E-011   2.9213646687709993E-010   3.8556754113675931E-010   1.9120005222605546E-010   1.9369148368687618E-007  -3.5969324570979861E-008   1.2256939628307163E-010  -1.1100637730812089E-009   1.1288432687856286E-009  -1.0717723483632528E-010   2.2101392541713061E-009  -1.5399107743388459E-011
   4.3015490231658570E-008  -4.7759541404949043E-009   2.7691214596129994E-008   3.2867565580606954E-010   6.5703727295580756E-008  -7.2974970066895440E-009   4.2296367307033176E-008   3.1511849623206351E-010   6.8953012239963059E-015   6.0108876639983302E-015  -6.7178012403014011E-016  -1.3487141731764333E-015   2.4345086895943195E-016  -5.5465870489738772E-015   6.8619898823798072E-010   7.1974465582815420E-010   5.6603797509263494E-010   4.5978789430790336E-011  -1.1313513140700631E-012   1.3420167928872142E-015   1.2500083135590458E-015  -1.4556204019314182E-016  -2.6819309847771126E-016   1.5180200968401930E-017  -1.0738237192785659E-015
   2.6119622085662063E-008   2.3404310533992084E-008   4.6608122090797924E-008  -3.9545728205027733E-009   3.9897532747085059E-008   3.5749899153464209E-008   7.1196326769251582E-008  -3.7868264400728818E-009   6.0108876639983302E-015   8.9111435005302037E-015  -7.3370871017666674E-015  -5.3325433606015883E-015  -3.8839026302135796E-016  -6.7834421547671133E-016   4.5675536087458023E-012   9.8140973274228561E-012  -8.7331906023134100E-010  -1.1667893515958035E-011   2.9432884114408788E-012   1.1529092765917010E-015   1.8507771692434025E-015  -1.4904007944013058E-015  -1.0556296575250276E-015  -1.2718535259483548E-016  -9.7279624272443996E-017
   4.0031058071716898E-008  -1.6285518119820834E-008  -7.4316155734520365E-008   4.2284228143414579E-009   6.1145665055986852E-008  -2.4877934810203917E-008  -1.1351537493768951E-007   4.0478458445689999E-009  -6.7178012403014011E-016  -7.3370871017666674E-015   1.9330160457193208E-014   4.8493287818085603E-015  -3.6652179167289153E-015  -4.1775488491333728E-015   4.8468878000036546E-010   6.1036407798200990E-010  -6.5551623004848755E-010  -1.2916373020485727E-010   2.5432752816555891E-012  -1.0394699084444377E-016  -1.5321139104176822E-015   3.8724328457322538E-015   9.4554098292858635E-016  -6.8733159602977693E-016  -8.4159404216932459E-016
  -5.4537134021770046E-009  -4.5353520903001704E-008  -1.7996561404654596E-008  -3.7467747953971652E-010  -8.3322725037863173E-009  -6.9275325740140517E-008  -2.7488190894635278E-008  -3.5806636327193298E-010  -1.3487141731764333E-015  -5.3325433606015883E-015   4.8493287818085603E-015   6.2961428090829556E-015   2.6155679974746484E-015  -4.9474285250338329E-015   5.6327521979426565E-010  -6.0032026506043732E-010  -4.5654730346139524E-010   8.2582349024590082E-011  -3.9089930334587663E-012  -2.3956104672237642E-016  -1.0956713830662912E-015   9.8715235220749437E-016   1.2491947911415439E-015   5.4430281465515929E-016  -1.0096336742222140E-015
  -1.2787424652908959E-008  -2.7868877669157597E-008   1.8366441360612325E-008   7.7825866712069148E-009  -1.9534416369512705E-008  -4.2568643506772028E-008   2.8052144209000246E-008   7.4508433955089764E-009   2.4345086895943195E-016  -3.8839026302135796E-016  -3.6652179167289153E-015   2.6155679974746484E-015   3.4309170029669783E-015  -2.8590189991959802E-015   5.4559492208963842E-010  -2.8268570322112843E-010   7.8958087789885967E-010  -1.6564887961359236E-010   2.9017261926441924E-012   5.4531785374920185E-017  -7.4510670020020690E-017  -7.1831514527275111E-016   5.2497915325380507E-016   6.9082968655489827E-016  -5.7951098463302797E-016
  -3.7561777099372007E-008   5.0129474085232211E-008  -9.6946527898488067E-009   4.5982629023071035E-011  -5.7371455207360297E-008   7.6572821282122143E-008  -1.4808175799032089E-008   4.2929714135184199E-011  -5.5465870489738772E-015  -6.7834421547671133E-016  -4.1775488491333728E-015  -4.9474285250338329E-015  -2.8590189991959802E-015   1.0494015461289935E-014  -1.2494731520964053E-009  -1.1942408287431973E-010  -1.0949063456134913E-010  -1.2853465620495545E-010   5.0397401591527258E-012  -1.1024557513745394E-015  -1.5433689370499953E-016  -8.4159036030984757E-016  -9.8100167417723766E-016  -5.5948307020037009E-016   2.0834573802245400E-015
   4.1031833187463122E-003  -2.0968038931769685E-009  -1.5869097039562317E-009  -1.7147123092624493E-011   5.9273960084621231E-007  -2.4081323736335286E-009  -1.5941951481767941E-009   2.9213646687709993E-010   6.8619898823798072E-010   4.5675536087458023E-012   4.8468878000036546E-010   5.6327521979426565E-010   5.4559492208963842E-010  -1.2494731520964053E-009   1.9992827448575534        9.6834953709915378E-011   9.4695219112271318E-011   1.1815762461506075E-010   1.6030209273032151E-011  -1.5220544002254459E-009  -1.5439540866344460E-009  -1.2279403492646454E-009  -1.9754831816841467E-010   1.6502650656533575E-010   1.7196025985241011E-009
  -9.1808624624610603E-010   4.1031847403869117E-003  -1.0938532381639703E-009   2.5420153245219782E-010  -5.2456020401040504E-010   5.9415084655517563E-007  -7.8075799422472535E-010   3.8556754113675931E-010   7.1974465582815420E-010   9.8140973274228561E-012   6.1036407798200990E-010  -6.0032026506043732E-010  -2.8268570322112843E-010  -1.1942408287431973E-010   9.6834953709915378E-011   1.9992827447695325        9.8327505184544355E-011   4.7872547911084310E-011   9.9167226527953548E-012   1.0442597483943492E-010  -7.7123047749570604E-010   2.2197158716086218E-010   1.1421127330952200E-009   1.3422654192561630E-009  -1.2465393209878203E-009
  -1.8871690697465721E-009  -2.3938603640789705E-009   4.1031787250648500E-003  -1.2319824906658128E-010  -2.0768951787300819E-009  -2.8483771952274536E-009   5.8787492743327484E-007   1.9120005222605546E-010   5.6603797509263494E-010  -8.7331906023134100E-010  -6.5551623004848755E-010  -4.5654730346139524E-010   7.8958087789885967E-010  -1.0949063456134913E-010   9.4695219112271318E-011   9.8327505184544355E-011   1.9992827451067723        1.1873545421369955E-010   1.5348920802136790E-011  -1.1382056586864966E-009  -1.2673426669172691E-009   2.8537558225784786E-009   6.9052517263764125E-010  -1.3188619608507927E-009   4.4768064802024081E-010
  -2.1235057447632256E-009  -1.4499946039018288E-009  -2.9565085576798286E-009  -1.8040124236327601E-002  -3.0666037540486344E-009  -2.2470321591296219E-009  -4.3327387906090840E-009   1.9369148368687618E-007   4.5978789430790336E-011  -1.1667893515958035E-011  -1.2916373020485727E-010   8.2582349024590082E-011  -1.6564887961359236E-010  -1.2853465620495545E-010   1.1815762461506075E-010   4.7872547911084310E-011   1.1873545421369955E-010   2.0122088278040118        6.7269984626303222E-007  -2.2652051540963489E-010   6.9613384743157457E-010  -1.9307851229520369E-011  -3.5044625528526691E-010  -4.9570215125330614E-010   5.7700001545388448E-010
  -2.9512359427398451E-010  -2.2708131879731423E-010  -4.0727632405854680E-010  -8.2273394829685789E-004  -4.3698563682270722E-010  -2.9681717991408992E-010  -6.2060126661462291E-010  -3.5969324570979861E-008  -1.1313513140700631E-012   2.9432884114408788E-012   2.5432752816555891E-012  -3.9089930334587663E-012   2.9017261926441924E-012   5.0397401591527258E-012   1.6030209273032151E-011   9.9167226527953548E-012   1.5348920802136790E-011   6.7269984626303222E-007   2.0000783490041236       -3.9406315149200097E-013   4.1535324115573844E-013   6.9598604398439179E-013  -8.6251488515032705E-013   7.3772885626733242E-014   1.2539356229019108E-012
   8.4078273434639003E-009  -1.0990023714056322E-009   5.3093123247423577E-009   1.3003355637111939E-010   1.2847672021808187E-008  -1.6790466973811938E-009   8.1135062470411233E-009   1.2256939628307163E-010   1.3420167928872142E-015   1.1529092765917010E-015  -1.0394699084444377E-016  -2.3956104672237642E-016   5.4531785374920185E-017  -1.1024557513745394E-015  -1.5220544002254459E-009   1.0442597483943492E-010  -1.1382056586864966E-009  -2.2652051540963489E-010  -3.9406315149200097E-013   2.6347341260740149E-016   2.4165585393230031E-016  -2.3649588088808787E-017  -4.7869491879452800E-017   5.4308675435891193E-018  -2.1560392996515180E-016
   5.4051447053234954E-009   4.7453612059632598E-009   9.7235651999992145E-009  -1.1655084282451486E-009   8.2611618957634644E-009   7.2509254310246737E-009   1.4856652308595606E-008  -1.1100637730812089E-009   1.2500083135590458E-015   1.8507771692434025E-015  -1.5321139104176822E-015  -1.0956713830662912E-015  -7.4510670020020690E-017  -1.5433689370499953E-016  -1.5439540866344460E-009  -7.7123047749570604E-010  -1.2673426669172691E-009   6.9613384743157457E-010   4.1535324115573844E-013   2.4165585393230031E-016   3.8693499535418784E-016  -3.1196913750982623E-016  -2.1765771757123110E-016  -2.5529054963870068E-017  -2.3998121694044776E-017
   7.9151916375536176E-009  -3.3839786465745646E-009  -1.4905065455827843E-008   1.1790519430666412E-009   1.2094253598678359E-008  -5.1697008713978182E-009  -2.2776332991947015E-008   1.1288432687856286E-009  -1.4556204019314182E-016  -1.4904007944013058E-015   3.8724328457322538E-015   9.8715235220749437E-016  -7.1831514527275111E-016  -8.4159036030984757E-016  -1.2279403492646454E-009   2.2197158716086218E-010   2.8537558225784786E-009  -1.9307851229520369E-011   6.9598604398439179E-013  -2.3649588088808787E-017  -3.1196913750982623E-016   7.8134711267511134E-016   1.9396357537062381E-016  -1.3621946248307952E-016  -1.7031400042908020E-016
  -1.1350824671222738E-009  -9.0193444396082368E-009  -3.5074687411423020E-009  -1.0878581953327709E-010  -1.7332108727784079E-009  -1.3780569925624642E-008  -5.3597985440832292E-009  -1.0717723483632528E-010  -2.6819309847771126E-016  -1.0556296575250276E-015   9.4554098292858635E-016   1.2491947911415439E-015   5.2497915325380507E-016  -9.8100167417723766E-016  -1.9754831816841467E-010   1.1421127330952200E-009   6.9052517263764125E-010  -3.5044625528526691E-010  -8.6251488515032705E-013  -4.7869491879452800E-017  -2.1765771757123110E-016   1.9396357537062381E-016   2.4908443934937749E-016   1.0951683725646398E-016  -2.0121493942159976E-016
  -2.6953789847129350E-009  -5.6320061639185644E-009   3.4041310891698440E-009   2.3125480473035939E-009  -4.1176907641695252E-009  -8.6070603079020911E-009   5.2039222074770665E-009   2.2101392541713061E-009   1.5180200968401930E-017  -1.2718535259483548E-016  -6.8733159602977693E-016   5.4430281465515929E-016   6.9082968655489827E-016  -5.5948307020037009E-016   1.6502650656533575E-010   1.3422654192561630E-009  -1.3188619608507927E-009  -4.9570215125330614E-010   7.3772885626733242E-014   5.4308675435891193E-018  -2.5529054963870068E-017  -1.3621946248307952E-016   1.0951683725646398E-016   1.4239462989331382E-016  -1.1494773048225906E-016
  -7.2727451155871349E-009   1.0118346300587781E-008  -1.8018436000232067E-009  -2.1255287996672130E-011  -1.1114461514099961E-008   1.5459615845254936E-008  -2.7537077285518069E-009  -1.5399107743388459E-011  -1.0738237192785659E-015  -9.7279624272443996E-017  -8.4159404216932459E-016  -1.0096336742222140E-015  -5.7951098463302797E-016   2.0834573802245400E-015   1.7196025985241011E-009  -1.2465393209878203E-009   4.4768064802024081E-010   5.7700001545388448E-010   1.2539356229019108E-012  -2.1560392996515180E-016  -2.3998121694044776E-017  -1.7031400042908020E-016  -2.0121493942159976E-016  -1.1494773048225906E-016   4.1681887057626520E-016
