  0.42652028862611574       -1.6496409824047361E-016  -2.6190992438306615E-017   3.0226156953340797E-016   9.4461910969998326E-018   2.8744192938548993E-017   2.9705282758834642E-017   3.6647655545298700E-017   1.6314414235470918E-018  -4.7539805841088898E-017   7.0428800653437375E-017  0.29145827758120602        3.5753054180838627E-017  -7.1657972387102108E-017   2.2315546665715211E-016   6.5705589691145249E-016  -1.6088159013623787E-002  -8.9310613112279770E-016   8.7613149360779858E-016  -5.1153748246809086E-016  -4.6647939076506376E-004   1.7358065291346301E-016   3.6187724085457405E-017   6.6523244505884372E-016   4.1256727794328140E-017  -3.4685978274436571E-017   2.2151048801346533E-016   1.4278699784481846E-017  -9.0248592834143468E-016
  -1.6496409824047361E-016  0.42652028862612501       -9.3677650641262037E-016  -3.0245503520246292E-016   1.7083063989028216E-016  -6.7149191969749382E-017  -6.3824896763061593E-018   1.2789690620303064E-016  -4.8127844134057417E-017   2.4052646988001823E-016  -1.0989256259444549E-015  -1.0269178636196079E-016  0.29145827758120280        1.0013891033351332E-016  -3.0167405680372747E-015  -1.3584982547010898E-015   1.6488821188751245E-016  -1.6088159013626105E-002   1.0730302928718968E-015   8.9703921716373401E-017   3.0944476093640525E-019  -4.6647939076450837E-004  -5.5588235500402530E-017   1.0077905659811969E-015  -2.0333345778646796E-015   2.9716002979369711E-017   2.0307262472311894E-015   2.8338389102866739E-016  -3.6939333789973304E-016
  -2.6190992438306615E-017  -9.3677650641262037E-016  0.42652028862611996       -1.4907781847090831E-016  -5.4269685073748671E-017  -4.3486440083254086E-017   3.3003401371293309E-017   3.1669117601659806E-017   1.7566857751556816E-017  -9.0059915962766419E-017   7.6389434796257313E-016  -1.2958240630507478E-016  -7.8756057030991181E-016  0.29145827758120341        1.5708998533413044E-015  -1.2967111976947632E-015   1.0804846772289043E-015  -1.3937716524797210E-015  -1.6088159013623135E-002  -1.0207707694870100E-014  -3.5197779143772780E-017  -3.9082482736976323E-016  -4.6647939076398985E-004  -9.2572373063005305E-016  -1.3025426499379853E-015  -2.8067134963897577E-016  -3.7521044079865122E-016   3.4097339178138455E-017   5.1859138441061101E-016
   3.0226156953340797E-016  -3.0245503520246292E-016  -1.4907781847090831E-016  0.50690103223199745        8.0792542468100726E-015  -3.0075856881758274E-016   3.7094047964386546E-017   5.8308933275273918E-015  -1.1637160616432240E-016   6.0445045616046924E-015  0.59240860493262770       -9.4879960531484881E-016  -2.1242783117600066E-016  -1.5181050127822939E-016  -2.8119067668675095E-003   7.1391485425389295E-004   6.0107444889871032E-017   2.3994710903381379E-017  -3.3332938779366126E-016   2.4989305746730229E-004  -3.0130710170551263E-017  -1.4723628427052851E-015   7.2929493893154282E-017   7.3808433912587365E-014   2.9580324916211425E-016   4.2121072225211053E-016  -2.3334970455986741E-014  -1.1211881584725629E-015  -3.1698400028991008E-015
   9.4461910969998326E-018   1.7083063989028216E-016  -5.4269685073748671E-017   8.0792542468100726E-015   3.3674718120016249E-004  -1.4892797976426534E-017   2.8118473398836305E-017  -1.6837359060005796E-004  -1.4323930979934928E-018  -1.6837359060012334E-004   7.7743842774848897E-015  -1.0993286537008398E-017   1.1514818760896633E-016  -2.3338008249089335E-017  -5.9318064400206566E-015  -5.3150996369292422E-015   1.0635047714032794E-015  -8.4362947752215798E-016  -1.0347373546546759E-016   2.6702103524094616E-015  -5.9427498208474875E-017  -3.9222179899345792E-016   1.1882217998643732E-015   2.5865914717963377E-002  -9.0806505923576899E-016   1.5206560950001000E-015  -1.2932957358981421E-002   4.0375129067519100E-016  -1.2932957358982021E-002
   2.8744192938548993E-017  -6.7149191969749382E-017  -4.3486440083254086E-017  -3.0075856881758274E-016  -1.4892797976426534E-017   3.3674718120055882E-004  -1.6497286828035152E-017   1.3334151474310999E-018   1.1862394505373005E-017   2.0671494970601962E-017  -3.7894144988535350E-016  -5.4911633242750386E-018  -1.9004925220040437E-018  -2.5748758453662645E-018  -1.1579937870170550E-015  -5.4644727430855290E-016  -7.6202815527455240E-016   6.0086694571700514E-016   5.2099972124133686E-016  -2.3758153917674843E-016   1.2440941378427435E-016  -2.6604743144616084E-016   1.0072196566080869E-015  -2.6766198781589223E-016   2.5865914717978614E-002  -2.0867937792942295E-016  -7.1765289972595742E-016  -3.6440416182062515E-017   1.0114666062718207E-015
   2.9705282758834642E-017  -6.3824896763061593E-018   3.3003401371293309E-017   3.7094047964386546E-017   2.8118473398836305E-017  -1.6497286828035152E-017   3.3674718120051670E-004  -1.8372007313963866E-017  -6.7452189726574336E-019  -7.5483427948529197E-018   2.4782438676180231E-017   2.4002427483927994E-017  -4.9272843667228451E-018   2.7750730961105531E-017   6.4269945856930731E-017  -4.8146429703053473E-016  -3.8394306064348062E-016  -6.5465458449057725E-016  -1.3293928015683979E-015   2.0698877188300244E-016   9.8522276599797842E-016   2.3680002011925454E-016   3.8427658089156239E-016   6.2563584607788613E-016  -1.0511598407295878E-015   2.5865914717977036E-002  -1.6735531652760445E-015  -4.8646680421423300E-017   1.0473321517805052E-015
   3.6647655545298700E-017   1.2789690620303064E-016   3.1669117601659806E-017   5.8308933275273918E-015  -1.6837359060005796E-004   1.3334151474310999E-018  -1.8372007313963866E-017   3.3674718120039565E-004   2.4516947002957060E-017  -1.6837359060031646E-004   7.7941627231373589E-015   1.2135287657983096E-017   8.1796513869438081E-017   1.4599142864662429E-017  -9.8170139366511409E-015  -5.2380421986893579E-015  -3.6859783942512433E-016   4.2595756040205422E-016   6.5987065283410679E-017  -3.6433169996408663E-015  -1.3107001427392017E-015  -8.4662134594464939E-016  -6.8657403044827573E-016  -1.2932957358980214E-002   8.2955781051949085E-016   2.6524167057842979E-016   2.5865914717972380E-002   2.1089681754108695E-016  -1.2932957358992105E-002
   1.6314414235470918E-018  -4.8127844134057417E-017   1.7566857751556816E-017  -1.1637160616432240E-016  -1.4323930979934928E-018   1.1862394505373005E-017  -6.7452189726574336E-019   2.4516947002957060E-017   3.3674718120057883E-004  -2.0251984532687270E-017  -1.0440399489739900E-016   7.0331533498546549E-018  -3.2271877088192907E-017   7.5485757063396496E-018  -6.8890760230674017E-017   5.7005582577934325E-017   2.4141014747826978E-016   2.3077739709759091E-016   4.5933819899325168E-016  -8.1720815767440428E-016  -7.9149727388068037E-016   2.2445418483078878E-017   8.5011948876911113E-016  -4.9876756887549422E-016   9.5889857689492625E-016  -6.8215533709325355E-018   1.6792481780620146E-015   2.5865914717979405E-002  -1.1811417581065326E-015
  -4.7539805841088898E-017   2.4052646988001823E-016  -9.0059915962766419E-017   6.0445045616046924E-015  -1.6837359060012334E-004   2.0671494970601962E-017  -7.5483427948529197E-018  -1.6837359060031646E-004  -2.0251984532687270E-017   3.3674718120043739E-004   7.5100756466063203E-015  -2.1118963611603987E-018   1.7155677737060020E-016  -6.8319682794150247E-017  -8.1462186431168079E-015  -5.1368581274753327E-015  -6.7848303134952642E-016   3.5769378167619262E-016  -7.7680646865420979E-017   2.5475252929667775E-015   1.1161928918731007E-015   8.1041783490296543E-016   1.5297195430210641E-016  -1.2932957358984610E-002   6.2479606585023629E-016  -1.6170572058947215E-015  -1.2932957358989328E-002  -3.9707522844788437E-016   2.5865914717973941E-002
   7.0428800653437375E-017  -1.0989256259444549E-015   7.6389434796257313E-016  0.59240860493262770        7.7743842774848897E-015  -3.7894144988535350E-016   2.4782438676180231E-017   7.7941627231373589E-015  -1.0440399489739900E-016   7.5100756466063203E-015  0.69251087013825696       -1.3158613451245830E-015  -7.4766607990926827E-016   4.5791394286461127E-016   1.4908951616754266E-002   4.2785233921531912E-003  -4.6368402170654096E-016   6.9504574248845793E-017   3.6856724784971850E-016   6.1233147809035997E-004   7.2714671472968564E-017   1.8704626921386547E-015   8.4931283144673141E-017  -3.7667637412597813E-014  -8.9301183678522926E-016  -9.2544192231169334E-016   5.5430211688049092E-014   1.1702275603058389E-015   3.6650266023652394E-014
  0.29145827758120602       -1.0269178636196079E-016  -1.2958240630507478E-016  -9.4879960531484881E-016  -1.0993286537008398E-017  -5.4911633242750386E-018   2.4002427483927994E-017   1.2135287657983096E-017   7.0331533498546549E-018  -2.1118963611603987E-018  -1.3158613451245830E-015  0.19916527015472477        3.1529451109165289E-017  -1.2618440325282259E-016  -1.0493176166500092E-015  -1.1305392166914590E-015  -1.0312884763482915E-002   1.3879042782634188E-016  -2.1920214764252239E-016   2.3828966275689589E-016  -4.1812458728622982E-004  -2.3671198739672558E-016   2.8612299810940045E-017  -9.1395030577523504E-016  -1.8818946261220780E-015   2.7461559083004908E-016  -8.3554619754121299E-016   4.5493196029944255E-016   1.7387692741515937E-015
   3.5753054180838627E-017  0.29145827758120280       -7.8756057030991181E-016  -2.1242783117600066E-016   1.1514818760896633E-016  -1.9004925220040437E-018  -4.9272843667228451E-018   8.1796513869438081E-017  -3.2271877088192907E-017   1.7155677737060020E-016  -7.4766607990926827E-016   3.1529451109165289E-017  0.19916527015471600       -3.2082647976354286E-017  -1.0809201214170454E-015  -2.4207676972776851E-016   1.3662565271693996E-017  -1.0312884763482679E-002  -2.5501035678110722E-016   7.4231303018457065E-016   2.7764302551094116E-018  -4.1812458728713529E-004   1.5146851694247996E-015   5.8714079538579446E-016   1.9723420721122536E-015  -5.1032885428602750E-018   9.4284818359166818E-016   2.3503503040658318E-016   2.9369695751036881E-016
  -7.1657972387102108E-017   1.0013891033351332E-016  0.29145827758120341       -1.5181050127822939E-016  -2.3338008249089335E-017  -2.5748758453662645E-018   2.7750730961105531E-017   1.4599142864662429E-017   7.5485757063396496E-018  -6.8319682794150247E-017   4.5791394286461127E-016  -1.2618440325282259E-016  -3.2082647976354286E-017  0.19916527015471924       -3.4069518173492885E-016   1.4274910962518756E-015  -1.0851058507611075E-015   1.0092759061661704E-015  -1.0312884763483590E-002   1.0628047555791354E-014  -6.8862000173457887E-017   3.9344933718407046E-016  -4.1812458728720207E-004   4.3089164710471732E-016   1.1849984801301362E-015   2.4387689109824042E-016  -8.0164176163226397E-016  -3.2769931937249296E-016  -1.6367584475581835E-016
   2.2315546665715211E-016  -3.0167405680372747E-015   1.5708998533413044E-015  -2.8119067668675095E-003  -5.9318064400206566E-015  -1.1579937870170550E-015   6.4269945856930731E-017  -9.8170139366511409E-015  -6.8890760230674017E-017  -8.1462186431168079E-015   1.4908951616754266E-002  -1.0493176166500092E-015  -1.0809201214170454E-015  -3.4069518173492885E-016   2.0101853766452873       -2.4148334363360916E-004  -5.4779049116176737E-016   5.5619894781379027E-016  -9.9739612352451683E-016  -4.1960131239263168E-005   2.6880891761929941E-016  -1.8892143850005262E-017   7.4488794565466900E-016  -6.0082784556958416E-014  -1.1301606821158053E-015  -8.4495238978657202E-016  -6.3430153080349746E-015   2.2949961508842243E-016  -1.7073620560055837E-014
   6.5705589691145249E-016  -1.3584982547010898E-015  -1.2967111976947632E-015   7.1391485425389295E-004  -5.3150996369292422E-015  -5.4644727430855290E-016  -4.8146429703053473E-016  -5.2380421986893579E-015   5.7005582577934325E-017  -5.1368581274753327E-015   4.2785233921531912E-003  -1.1305392166914590E-015  -2.4207676972776851E-016   1.4274910962518756E-015  -2.4148334363360916E-004   2.0004706505366858       -3.4754424540217110E-016   2.5452633275543606E-016  -4.6297850157094279E-019   5.2074960281528497E-006   1.0116577421571169E-016  -2.7917685373916974E-016   4.1394957229200888E-015  -2.9778523146420909E-014  -9.5844858085831171E-016  -8.4560613453544951E-017  -1.9396669996414285E-014   2.4778015613138907E-016  -1.9880533462306599E-014
  -1.6088159013623787E-002   1.6488821188751245E-016   1.0804846772289043E-015   6.0107444889871032E-017   1.0635047714032794E-015  -7.6202815527455240E-016  -3.8394306064348062E-016  -3.6859783942512433E-016   2.4141014747826978E-016  -6.7848303134952642E-016  -4.6368402170654096E-016  -1.0312884763482915E-002   1.3662565271693996E-017  -1.0851058507611075E-015  -5.4779049116176737E-016  -3.4754424540217110E-016   2.0007467867510877       -8.9350151092517649E-017   2.2399820312079332E-015   1.4630613748114022E-016  -8.8570295036534538E-006  -1.6386926750757789E-016   1.0536710570514047E-016  -8.5848612064531561E-016   1.4391071678801154E-016   1.8588816248547486E-016  -3.7728659048760847E-016  -3.1905999976305232E-016   1.2565756386623195E-015
  -8.9310613112279770E-016  -1.6088159013626105E-002  -1.3937716524797210E-015   2.3994710903381379E-017  -8.4362947752215798E-016   6.0086694571700514E-016  -6.5465458449057725E-016   4.2595756040205422E-016   2.3077739709759091E-016   3.5769378167619262E-016   6.9504574248845793E-017   1.3879042782634188E-016  -1.0312884763482679E-002   1.0092759061661704E-015   5.5619894781379027E-016   2.5452633275543606E-016  -8.9350151092517649E-017   2.0007467867510891       -9.4161747413791108E-016  -6.5263992666900924E-017  -1.8639643919567469E-017  -8.8570295026609751E-006   4.9076343458767402E-016   1.5842934170198391E-016  -1.5052210591660161E-016   5.5366314825019365E-017  -4.2485719464257933E-016  -4.5383512069816436E-017  -3.3118612525493719E-016
   8.7613149360779858E-016   1.0730302928718968E-015  -1.6088159013623135E-002  -3.3332938779366126E-016  -1.0347373546546759E-016   5.2099972124133686E-016  -1.3293928015683979E-015   6.5987065283410679E-017   4.5933819899325168E-016  -7.7680646865420979E-017   3.6856724784971850E-016  -2.1920214764252239E-016  -2.5501035678110722E-016  -1.0312884763483590E-002  -9.9739612352451683E-016  -4.6297850157094279E-019   2.2399820312079332E-015  -9.4161747413791108E-016   2.0007467867510891        3.8976198562743066E-015   1.8399255232708526E-016  -1.8947146225266290E-016  -8.8570295033156808E-006   6.9883989425572507E-016   3.8764750430045807E-016   5.4770255564820044E-016  -2.1592582663436914E-017  -3.5273800210604141E-017  -4.1915042884203738E-016
  -5.1153748246809086E-016   8.9703921716373401E-017  -1.0207707694870100E-014   2.4989305746730229E-004   2.6702103524094616E-015  -2.3758153917674843E-016   2.0698877188300244E-016  -3.6433169996408663E-015  -8.1720815767440428E-016   2.5475252929667775E-015   6.1233147809035997E-004   2.3828966275689589E-016   7.4231303018457065E-016   1.0628047555791354E-014  -4.1960131239263168E-005   5.2074960281528497E-006   1.4630613748114022E-016  -6.5263992666900924E-017   3.8976198562743066E-015   2.0000065515317274        1.1003201884096960E-017   3.0814941034742554E-015  -2.3782278787622129E-015   2.7626949672781232E-015   4.0925904183583221E-016   1.5295353690402417E-016   8.9873700717593917E-015   1.0927511539468068E-015   2.2354726683094458E-015
  -4.6647939076506376E-004   3.0944476093640525E-019  -3.5197779143772780E-017  -3.0130710170551263E-017  -5.9427498208474875E-017   1.2440941378427435E-016   9.8522276599797842E-016  -1.3107001427392017E-015  -7.9149727388068037E-016   1.1161928918731007E-015   7.2714671472968564E-017  -4.1812458728622982E-004   2.7764302551094116E-018  -6.8862000173457887E-017   2.6880891761929941E-016   1.0116577421571169E-016  -8.8570295036534538E-006  -1.8639643919567469E-017   1.8399255232708526E-016   1.1003201884096960E-017   1.9999986496352473       -1.1056730776776189E-017   1.0185336966142208E-017  -2.5837121834296303E-016  -7.1433119506869948E-017  -1.5052093782705188E-016  -1.0645464980446879E-015  -4.7263932320859021E-016   8.4570057960006587E-016
   1.7358065291346301E-016  -4.6647939076450837E-004  -3.9082482736976323E-016  -1.4723628427052851E-015  -3.9222179899345792E-016  -2.6604743144616084E-016   2.3680002011925454E-016  -8.4662134594464939E-016   2.2445418483078878E-017   8.1041783490296543E-016   1.8704626921386547E-015  -2.3671198739672558E-016  -4.1812458728713529E-004   3.9344933718407046E-016  -1.8892143850005262E-017  -2.7917685373916974E-016  -1.6386926750757789E-016  -8.8570295026609751E-006  -1.8947146225266290E-016   3.0814941034742554E-015  -1.1056730776776189E-017   1.9999986496352373        1.0505905684547350E-015   1.3683322619833242E-015   3.2507405100296809E-016  -2.3139642689285387E-016   6.8613189351035246E-016  -5.4651811886116304E-018  -7.8609776381210288E-016
   3.6187724085457405E-017  -5.5588235500402530E-017  -4.6647939076398985E-004   7.2929493893154282E-017   1.1882217998643732E-015   1.0072196566080869E-015   3.8427658089156239E-016  -6.8657403044827573E-016   8.5011948876911113E-016   1.5297195430210641E-016   8.4931283144673141E-017   2.8612299810940045E-017   1.5146851694247996E-015  -4.1812458728720207E-004   7.4488794565466900E-016   4.1394957229200888E-015   1.0536710570514047E-016   4.9076343458767402E-016  -8.8570295033156808E-006  -2.3782278787622129E-015   1.0185336966142208E-017   1.0505905684547350E-015   1.9999986496352284       -1.2856636915850000E-015   8.5453186897931384E-016  -3.8300974598162053E-016  -3.5088297145137065E-016  -6.2247980359396661E-016  -4.1951246532579244E-016
   6.6523244505884372E-016   1.0077905659811969E-015  -9.2572373063005305E-016   7.3808433912587365E-014   2.5865914717963377E-002  -2.6766198781589223E-016   6.2563584607788613E-016  -1.2932957358980214E-002  -4.9876756887549422E-016  -1.2932957358984610E-002  -3.7667637412597813E-014  -9.1395030577523504E-016   5.8714079538579446E-016   4.3089164710471732E-016  -6.0082784556958416E-014  -2.9778523146420909E-014  -8.5848612064531561E-016   1.5842934170198391E-016   6.9883989425572507E-016   2.7626949672781232E-015  -2.5837121834296303E-016   1.3683322619833242E-015  -1.2856636915850000E-015   1.9867888479793210       -2.4422467086865446E-015  -1.0383743019072816E-015 -0.99339442398966382        1.1526314231953054E-015 -0.99339442398966205     
   4.1256727794328140E-017  -2.0333345778646796E-015  -1.3025426499379853E-015   2.9580324916211425E-016  -9.0806505923576899E-016   2.5865914717978614E-002  -1.0511598407295878E-015   8.2955781051949085E-016   9.5889857689492625E-016   6.2479606585023629E-016  -8.9301183678522926E-016  -1.8818946261220780E-015   1.9723420721122536E-015   1.1849984801301362E-015  -1.1301606821158053E-015  -9.5844858085831171E-016   1.4391071678801154E-016  -1.5052210591660161E-016   3.8764750430045807E-016   4.0925904183583221E-016  -7.1433119506869948E-017   3.2507405100296809E-016   8.5453186897931384E-016  -2.4422467086865446E-015   1.9867888479793234        5.6339888266851592E-016   7.2847543969298972E-016   8.6758196655469183E-016   3.7224997390117175E-015
  -3.4685978274436571E-017   2.9716002979369711E-017  -2.8067134963897577E-016   4.2121072225211053E-016   1.5206560950001000E-015  -2.0867937792942295E-016   2.5865914717977036E-002   2.6524167057842979E-016  -6.8215533709325355E-018  -1.6170572058947215E-015  -9.2544192231169334E-016   2.7461559083004908E-016  -5.1032885428602750E-018   2.4387689109824042E-016  -8.4495238978657202E-016  -8.4560613453544951E-017   1.8588816248547486E-016   5.5366314825019365E-017   5.4770255564820044E-016   1.5295353690402417E-016  -1.5052093782705188E-016  -2.3139642689285387E-016  -3.8300974598162053E-016  -1.0383743019072816E-015   5.6339888266851592E-016   1.9867888479793294        2.1989314123895320E-016  -2.8089116014433438E-016   7.7359857885910819E-016
   2.2151048801346533E-016   2.0307262472311894E-015  -3.7521044079865122E-016  -2.3334970455986741E-014  -1.2932957358981421E-002  -7.1765289972595742E-016  -1.6735531652760445E-015   2.5865914717972380E-002   1.6792481780620146E-015  -1.2932957358989328E-002   5.5430211688049092E-014  -8.3554619754121299E-016   9.4284818359166818E-016  -8.0164176163226397E-016  -6.3430153080349746E-015  -1.9396669996414285E-014  -3.7728659048760847E-016  -4.2485719464257933E-016  -2.1592582663436914E-017   8.9873700717593917E-015  -1.0645464980446879E-015   6.8613189351035246E-016  -3.5088297145137065E-016 -0.99339442398966382        7.2847543969298972E-016   2.1989314123895320E-016   1.9867888479793283        5.3548745299052053E-016 -0.99339442398965971     
   1.4278699784481846E-017   2.8338389102866739E-016   3.4097339178138455E-017  -1.1211881584725629E-015   4.0375129067519100E-016  -3.6440416182062515E-017  -4.8646680421423300E-017   2.1089681754108695E-016   2.5865914717979405E-002  -3.9707522844788437E-016   1.1702275603058389E-015   4.5493196029944255E-016   2.3503503040658318E-016  -3.2769931937249296E-016   2.2949961508842243E-016   2.4778015613138907E-016  -3.1905999976305232E-016  -4.5383512069816436E-017  -3.5273800210604141E-017   1.0927511539468068E-015  -4.7263932320859021E-016  -5.4651811886116304E-018  -6.2247980359396661E-016   1.1526314231953054E-015   8.6758196655469183E-016  -2.8089116014433438E-016   5.3548745299052053E-016   1.9867888479793270       -1.7389772754379630E-015
  -9.0248592834143468E-016  -3.6939333789973304E-016   5.1859138441061101E-016  -3.1698400028991008E-015  -1.2932957358982021E-002   1.0114666062718207E-015   1.0473321517805052E-015  -1.2932957358992105E-002  -1.1811417581065326E-015   2.5865914717973941E-002   3.6650266023652394E-014   1.7387692741515937E-015   2.9369695751036881E-016  -1.6367584475581835E-016  -1.7073620560055837E-014  -1.9880533462306599E-014   1.2565756386623195E-015  -3.3118612525493719E-016  -4.1915042884203738E-016   2.2354726683094458E-015   8.4570057960006587E-016  -7.8609776381210288E-016  -4.1951246532579244E-016 -0.99339442398966205        3.7224997390117175E-015   7.7359857885910819E-016 -0.99339442398965971       -1.7389772754379630E-015   1.9867888479793219     
