   1.9209753737048089E-031  -4.9421090999301739E-032  -2.7985672487335730E-031   1.8195056219203018E-016   1.5168595375143856E-016   1.8242267765268133E-031  -4.8972863021139075E-034   1.0309809819650137E-031  -4.6769520058523912E-031   2.2891434130346423E-031   6.0926045547316637E-032  -5.9632722883223703E-031   2.1223954537331696E-032  -4.4190410792710678E-031  -5.3699522360267709E-016
  -4.9421090999301739E-032   1.6887508922094999E-032   1.1890408386677262E-032  -1.0983054503259457E-018  -3.4397756725533427E-019  -2.3178196569464158E-032   4.2102676781723017E-033  -4.9812536149902742E-032   6.9177412942311919E-032  -7.4086941106702626E-032  -2.1793019793813704E-032   1.0203645576948167E-031  -5.7224312350294397E-033   5.4803250343343114E-032   1.8389813545906030E-016
  -2.7985672487335730E-031   1.1890408386677262E-032   1.2735416330609890E-030  -9.2353602387241321E-016  -7.7815457439902870E-016  -6.0792383168958825E-031  -5.8118438076911663E-032   1.8525943701270491E-031   1.4181056135111962E-030  -1.1463191127014312E-031  -6.2567654838505190E-034   1.6088766863719133E-030  -2.7144248396706162E-032   1.4920063743744054E-030   1.2338742268115177E-016
   1.8195056219203018E-016  -1.0983054503259457E-018  -9.2353602387241321E-016  0.67309660001044791       0.56739966722525181        4.3299918849560994E-016   4.4277508808506929E-017  -1.5746160003159899E-016  -1.0032817504742396E-015   5.0379713365255047E-017  -9.3178545512467542E-018  -1.1276850019391502E-015   1.7231380617592266E-017  -1.0636287562978136E-015  -7.5151619571622343E-003
   1.5168595375143856E-016  -3.4397756725533427E-019  -7.7815457439902870E-016  0.56739966722525181       0.47832046402892342        3.6423061232841155E-016   3.7472143851850655E-017  -1.3446060017163519E-016  -8.4340820908823384E-016   3.9918436212302785E-017  -8.6061472042236632E-018  -9.4715102649089508E-016   1.4329303494765126E-017  -8.9477758140399606E-016   1.4205553863108680E-006
   1.8242267765268133E-031  -2.3178196569464158E-032  -6.0792383168958825E-031   4.3299918849560994E-016   3.6423061232841155E-016   3.0845138860755875E-031   2.2784257016043125E-032  -3.4661247793920004E-032  -7.3528869060715089E-031   1.3089514514077926E-031   2.3028457011928079E-032  -8.5877555538415764E-031   1.8662893076133001E-032  -7.5484926571056829E-031  -2.4955142515744571E-016
  -4.8972863021139075E-034   4.2102676781723017E-033  -5.8118438076911663E-032   4.4277508808506929E-017   3.7472143851850655E-017   2.2784257016043125E-032   3.9987762080289085E-033  -2.3056610463516502E-032  -4.8868260519338126E-032  -1.5454840328765713E-032  -6.1438962787301495E-033  -4.8769579083573789E-032  -3.1066746745456680E-034  -5.6508510698822790E-032   4.6142346160419925E-017
   1.0309809819650137E-031  -4.9812536149902742E-032   1.8525943701270491E-031  -1.5746160003159899E-016  -1.3446060017163519E-016  -3.4661247793920004E-032  -2.3056610463516502E-032   1.8530177301943187E-031   3.4433452338614864E-032   2.0765295342498785E-031   6.6845453343500853E-032  -3.3295746765124224E-032   1.2853719477011311E-032   9.1464994934219284E-032  -5.4349969085937394E-016
  -4.6769520058523912E-031   6.9177412942311919E-032   1.4181056135111962E-030  -1.0032817504742396E-015  -8.4340820908823384E-016  -7.3528869060715089E-031  -4.8868260519338126E-032   3.4433452338614864E-032   1.7655892885704259E-030  -3.7110115899185010E-031  -7.3340933709069787E-032   2.0816374279748616E-030  -4.8460578014328159E-032   1.7976509440088781E-030   7.4671764261634659E-016
   2.2891434130346423E-031  -7.4086941106702626E-032  -1.1463191127014312E-031   5.0379713365255047E-017   3.9918436212302785E-017   1.3089514514077926E-031  -1.5454840328765713E-032   2.0765295342498785E-031  -3.7110115899185010E-031   3.2811006346628008E-031   9.4881101648998836E-032  -5.2353355817780169E-031   2.6246100966642325E-032  -3.1218904070290410E-031  -8.0647588921592156E-016
   6.0926045547316637E-032  -2.1793019793813704E-032  -6.2567654838505190E-034  -9.3178545512467542E-018  -8.6061472042236632E-018   2.3028457011928079E-032  -6.1438962787301495E-033   6.6845453343500853E-032  -7.3340933709069787E-032   9.4881101648998836E-032   2.8294724904000748E-032  -1.1379469725076345E-031   7.1157766763487455E-033  -5.3813854983241212E-032  -2.3738806265097580E-016
  -5.9632722883223703E-031   1.0203645576948167E-031   1.6088766863719133E-030  -1.1276850019391502E-015  -9.4715102649089508E-016  -8.5877555538415764E-031  -4.8769579083573789E-032  -3.3295746765124224E-032   2.0816374279748616E-030  -5.2353355817780169E-031  -1.1379469725076345E-031   2.4838330756868935E-030  -6.2657813416643049E-032   2.0968632771626448E-030   1.1037318192074322E-015
   2.1223954537331696E-032  -5.7224312350294397E-033  -2.7144248396706162E-032   1.7231380617592266E-017   1.4329303494765126E-017   1.8662893076133001E-032  -3.1066746745456680E-034   1.2853719477011311E-032  -4.8460578014328159E-032   2.6246100966642325E-032   7.1157766763487455E-033  -6.2657813416643049E-032   2.3614009294022320E-033  -4.5124913168601104E-032  -6.2203614195071287E-017
  -4.4190410792710678E-031   5.4803250343343114E-032   1.4920063743744054E-030  -1.0636287562978136E-015  -8.9477758140399606E-016  -7.5484926571056829E-031  -5.6508510698822790E-032   9.1464994934219284E-032   1.7976509440088781E-030  -3.1218904070290410E-031  -5.3813854983241212E-032   2.0968632771626448E-030  -4.5124913168601104E-032   1.8475274514329120E-030   5.8978410013332256E-016
  -5.3699522360267709E-016   1.8389813545906030E-016   1.2338742268115177E-016  -7.5151619571622343E-003   1.4205553863108680E-006  -2.4955142515744571E-016   4.6142346160419925E-017  -5.4349969085937394E-016   7.4671764261634659E-016  -8.0647588921592156E-016  -2.3738806265097580E-016   1.1037318192074322E-015  -6.2203614195071287E-017   5.8978410013332256E-016   2.0026056024676886     
