  0.22713512736932764       -2.4539109170588575E-017   5.6392700771112678E-017   3.5387042802891915E-016   5.0488992844343449E-018   1.1832666306991794E-018  -4.8553866709905000E-018  -1.2221742627908447E-017   1.5124803206490005E-018   7.1728433434853068E-018  0.21762681920233817       -2.5771824453159373E-017   3.2325600710381352E-017   3.3771587431747981E-016   1.7736389120313549E-015
  -2.4539109170588575E-017  0.22713512736932656        1.8465318250143720E-018  -8.9254456356635580E-018   7.5808866564576059E-019   5.8335439279609586E-018  -1.8495568202147193E-018  -1.4240583732374551E-018   3.2263418495393518E-018   6.6596970759168543E-019  -1.2207438835828980E-017  0.21762681920233756        3.2142076905143181E-017  -2.9108617538320916E-018   1.3679148529569927E-017
   5.6392700771112678E-017   1.8465318250143720E-018  0.22713512736932723        2.1026419081541446E-016  -1.1796911054973886E-017  -1.0868506770109950E-018  -4.0642009342409604E-019  -3.4036295157464638E-017   4.5901294160264062E-018  -2.6994561052322948E-017   4.4085135582310434E-017   4.2690460541616660E-018  0.21762681920233801        1.2228801112300560E-016  -1.6989030551612680E-016
   3.5387042802891915E-016  -8.9254456356635580E-018   2.1026419081541446E-016  0.60336656244599218        4.0386216932479216E-015  -9.1925307059492025E-017  -8.1124781989460206E-017   5.2370277916479086E-015   3.1048985248144458E-016   5.5088003195561835E-015  -2.0364949826443877E-016  -3.7664343726727678E-017  -1.4129040472780754E-016  0.58179023495785842        9.3693007806258822E-003
   5.0488992844343449E-018   7.5808866564576059E-019  -1.1796911054973886E-017   4.0386216932479216E-015   2.7164030714130960E-029  -5.6809905752775513E-031  -7.2098209715516556E-031   3.5337798963293227E-029   2.2477929923916803E-030   3.6940064315918084E-029   4.8375427635056764E-018   7.2635363313717655E-019  -1.1303069934809574E-017   3.8949072526374355E-015   5.7447411459291956E-016
   1.1832666306991794E-018   5.8335439279609586E-018  -1.0868506770109950E-018  -9.1925307059492025E-017  -5.6809905752775513E-031   3.1116571709747932E-032  -5.1728307032428615E-032  -6.9619879127892327E-031   1.3847587211318473E-032  -8.1554643364243880E-031   1.1337328404011043E-018   5.5893406908168905E-018  -1.0413530418005244E-018  -8.8383893177864202E-017   1.8274779404778376E-016
  -4.8553866709905000E-018  -1.8495568202147193E-018  -4.0642009342409604E-019  -8.1124781989460206E-017  -7.2098209715516556E-031  -5.1728307032428615E-032   2.5280567960263092E-031  -1.0876021889879773E-030  -2.7251094591744246E-031  -8.2976037041234043E-031  -4.6521309558900101E-018  -1.7721308561084936E-018  -3.8940657579562333E-019  -7.9183727574406513E-017  -6.9684891603742148E-016
  -1.2221742627908447E-017  -1.4240583732374551E-018  -3.4036295157464638E-017   5.2370277916479086E-015   3.5337798963293227E-029  -6.9619879127892327E-031  -1.0876021889879773E-030   4.6070726305529714E-029   3.0603717426028637E-030   4.7959504990264645E-029  -1.1710117250590951E-017  -1.3644445829035383E-018  -3.2611471146456973E-017   5.0512760437003953E-015   1.1854996192769324E-015
   1.5124803206490005E-018   3.2263418495393518E-018   4.5901294160264062E-018   3.1048985248144458E-016   2.2477929923916803E-030   1.3847587211318473E-032  -2.7251094591744246E-031   3.0603717426028637E-030   3.8005000156266460E-031   2.9192112178399399E-030   1.4491650195238085E-018   3.0912810471316429E-018   4.3979778738168441E-018   3.0030273047590915E-016   6.6853113064485172E-016
   7.1728433434853068E-018   6.6596970759168543E-019  -2.6994561052322948E-017   5.5088003195561835E-015   3.6940064315918084E-029  -8.1554643364243880E-031  -8.2976037041234043E-031   4.7959504990264645E-029   2.9192112178399399E-030   5.0332105199059843E-029   6.8725744870802780E-018   6.3809094976561813E-019  -2.5864517415787486E-017   5.3121594306640734E-015   3.4151258304098245E-016
  0.21762681920233817       -1.2207438835828980E-017   4.4085135582310434E-017  -2.0364949826443877E-016   4.8375427635056764E-018   1.1337328404011043E-018  -4.6521309558900101E-018  -1.1710117250590951E-017   1.4491650195238085E-018   6.8725744870802780E-018  0.20851654688847954       -1.3861976526132359E-017   2.1443980195242573E-017  -2.0332044549531885E-016  -9.1744189074831565E-016
  -2.5771824453159373E-017  0.21762681920233756        4.2690460541616660E-018  -3.7664343726727678E-017   7.2635363313717655E-019   5.5893406908168905E-018  -1.7721308561084936E-018  -1.3644445829035383E-018   3.0912810471316429E-018   6.3809094976561813E-019  -1.3861976526132359E-017  0.20851654688847943        3.3191268382475518E-017  -3.0891102845196787E-017  -9.5346092360411562E-018
   3.2325600710381352E-017   3.2142076905143181E-017  0.21762681920233801       -1.4129040472780754E-016  -1.1303069934809574E-017  -1.0413530418005244E-018  -3.8940657579562333E-019  -3.2611471146456973E-017   4.3979778738168441E-018  -2.5864517415787486E-017   2.1443980195242573E-017   3.3191268382475518E-017  0.20851654688847965       -2.1332798240459181E-016  -1.6885744999011381E-016
   3.3771587431747981E-016  -2.9108617538320916E-018   1.2228801112300560E-016  0.58179023495785842        3.8949072526374355E-015  -8.8383893177864202E-017  -7.9183727574406513E-017   5.0512760437003953E-015   3.0030273047590915E-016   5.3121594306640734E-015  -2.0332044549531885E-016  -3.0891102845196787E-017  -2.1332798240459181E-016  0.56098928619834643        1.1796028352405329E-002
   1.7736389120313549E-015   1.3679148529569927E-017  -1.6989030551612680E-016   9.3693007806258822E-003   5.7447411459291956E-016   1.8274779404778376E-016  -6.9684891603742148E-016   1.1854996192769324E-015   6.6853113064485172E-016   3.4151258304098245E-016  -9.1744189074831565E-016  -9.5346092360411562E-018  -1.6885744999011381E-016   1.1796028352405329E-002   2.0013331046652341     
