   2.8750624436199994E-006   2.9386444151267860E-011  -1.4492763089118993E-011  -5.6554923875574678E-018   1.4814550327666092E-019  -5.6557156445164180E-020   2.9450115321238551E-019   9.2062328861578801E-019   9.5943084858477305E-019  -3.3377632230950550E-019   1.3511602054619196E-017  -1.6462353443631747E-011  -4.4763766870108138E-011   2.1554084127953846E-011  -1.0736063196311190E-016   5.0726533508087670E-017  -2.3048345729021541E-003  -1.2788429257579031E-008   6.3080126380446006E-009  -1.1645623485548882E-015   6.6294047078514881E-004  -9.2351785388595764E-011   4.9318010389971662E-011  -3.4035340550765517E-019   3.9934681982580767E-019  -3.8962373830494255E-019   1.3738812624867419E-018  -7.0132613908391665E-019   1.2337804669826927E-018
   2.9386444151267860E-011   2.8750804449780207E-006   1.4012853726315386E-011   5.8014024193825634E-016  -2.7824991631889116E-019   7.9021812771134493E-019   3.0688727797445806E-019   2.6306107078714348E-019   5.5572185642136890E-020   4.9846285246853312E-020  -7.1518240094162557E-016  -4.4763767639188450E-011  -4.3997576967498019E-011  -2.1071741932948664E-011   2.8719401611095552E-015  -3.2833411494817571E-015  -1.2788428546124171E-008  -2.3048424065282786E-003  -6.0986738691498408E-009  -8.1824435823967454E-015  -9.2351577653499085E-011   6.6294041504034377E-004  -4.6015108378039822E-011   3.5476696458685372E-019   5.6175041758686813E-019   2.8479144296624944E-019   1.6487342125230054E-019   2.9563564041426253E-019  -5.9211795558999247E-019
  -1.4492763089118993E-011   1.4012853726315386E-011   2.8750669707495522E-006  -1.2763690570074973E-016   1.4079135407428344E-019   3.2706570331298447E-019   6.3336582613809240E-019  -6.7882807112371270E-019   5.3404963376167169E-020  -1.8312375080422713E-019   1.3571088828593369E-016   2.1554083004345445E-011  -2.1071742573488579E-011  -2.2640157699733337E-011   1.5587377727043073E-015  -5.5901765582790113E-016   6.3080135912512791E-009  -6.0986729713328768E-009  -2.3048365444461303E-003  -3.4660862989728709E-015   4.9318089058268043E-011  -4.6015888750665538E-011   6.6294045137286974E-004   6.6146286458756368E-020   8.8065813078741726E-019   4.1181350367347718E-019  -3.4091784532327706E-019   2.5157295159473851E-019  -1.3906918299472737E-018
  -5.6554923875574678E-018   5.8014024193825634E-016  -1.2763690570074973E-016  0.48084067895730342        5.6448983371651835E-008  -2.3578112824332247E-007   1.2907055919400310E-007  -6.6214820539834449E-008  -1.1913255751298947E-007   9.7658462838442364E-009 -0.56875093870254767        6.3079673946495197E-017  -1.0857576257052251E-016  -5.1858854891649378E-017  -2.0056877572876202E-002  -3.5858414097054438E-003   5.3615467202475309E-017   2.4985172292891752E-016  -1.2255641414071145E-015  -2.4790332266799530E-004   4.3649354004837235E-015  -2.9384792463867935E-015   5.5789462275211318E-016  -8.0214840791829715E-008   3.5624354060595440E-007  -1.7981305071907437E-007   1.0799430377969533E-007   1.7203341841005219E-007  -2.7779444875902334E-008
   1.4814550327666092E-019  -2.7824991631889116E-019   1.4079135407428344E-019   5.6448983371651835E-008   6.6274562083736533E-015  -2.7681606515906834E-014   1.5153765680335970E-014  -7.7736702218940155E-015  -1.3986821458527082E-014   1.1462150722360716E-015  -6.6781453260572213E-008   6.7094758843489089E-024  -6.4241140408448826E-024  -7.9485638821358180E-024  -1.4087655766082603E-009   2.8980818816234331E-011   1.4262478968938485E-016   1.8299398234117426E-016  -7.5707609727255262E-017   9.3315107145172940E-014   9.4264665773464377E-016  -2.0362675784072506E-016   1.6166083658229897E-016  -9.4171433795946809E-015   4.1822013564657443E-014  -2.1109981750956459E-014   1.2678013368765192E-014   2.0196472783928091E-014  -3.2608678722849108E-015
  -5.6557156445164180E-020   7.9021812771134493E-019   3.2706570331298447E-019  -2.3578112824332247E-007  -2.7681606515906834E-014   1.1562139895322792E-013  -6.3294243726394924E-014   3.2469558756375048E-014   5.8420342281120662E-014  -4.7879566714570360E-015   2.7892507694761562E-007  -3.7503384182798127E-023   3.7286845429322664E-023   2.0227337848486884E-023   7.0420872430335337E-009  -1.3594104487627149E-010  -2.3799548364554859E-017  -5.5963361985093095E-016  -3.2863641173545239E-016  -4.3789113833754588E-013  -2.5336070542649795E-016   4.3975604203540169E-016  -1.5569447705746538E-016   3.9334309551891868E-014  -1.7468644770142652E-013   8.8173800127369193E-014  -5.2955091407593855E-014  -8.4358411580678678E-014   1.3620773010499306E-014
   2.9450115321238551E-019   3.0688727797445806E-019   6.3336582613809240E-019   1.2907055919400310E-007   1.5153765680335970E-014  -6.3294243726394924E-014   3.4649303511511524E-014  -1.7774524826606125E-014  -3.1981036342801339E-014   2.6207615655199711E-015  -1.5269805806996022E-007   2.0467777753256595E-023  -4.3013540386724801E-023  -1.6551328473305993E-023  -3.0245652038628137E-009   6.3753786616110061E-011  -2.9910877294755006E-017   6.9888904566760278E-017  -7.1321599949649948E-016   2.0047446206895906E-013   7.8452171104797357E-016   1.1682574546600862E-015  -5.6798714000974323E-016  -2.1532300193484299E-014   9.5625910705210054E-014  -4.8267999766484518E-014   2.8988193778591793E-014   4.6179221967583023E-014  -7.4558887453948391E-015
   9.2062328861578801E-019   2.6306107078714348E-019  -6.7882807112371270E-019  -6.6214820539834449E-008  -7.7736702218940155E-015   3.2469558756375048E-014  -1.7774524826606125E-014   9.1184080265272364E-015   1.6405889275868809E-014  -1.3447390523153498E-015   7.8325897834502517E-008  -2.3398487772591794E-023   3.5548519262637485E-024   1.8490286558761981E-023   2.4119242398546192E-009  -4.3757313029867824E-011  -5.1127131496199720E-016  -1.2846636533277864E-016   3.6445951453150009E-016  -1.4272908487165584E-013   1.0003968545211192E-015   3.4734961823758177E-016  -7.8125428421387836E-016   1.1046302627271686E-014  -4.9057701024840875E-014   2.4761907618203830E-014  -1.4871634212540638E-014  -2.3690514318867395E-014   3.8253291000525369E-015
   9.5943084858477305E-019   5.5572185642136890E-020   5.3404963376167169E-020  -1.1913255751298947E-007  -1.3986821458527082E-014   5.8420342281120662E-014  -3.1981036342801339E-014   1.6405889275868809E-014   2.9518301205445967E-014  -2.4190700528504066E-015   1.4093691752467921E-007  -1.9039225392897709E-023   9.1096119903379093E-024   1.9848844649703266E-023   3.1230268255849155E-009  -6.3098459028618371E-011  -9.7339577863671323E-016   4.5648825841261708E-017   1.9911702061326164E-016  -2.0124322616391302E-013  -4.8868550048187409E-016   3.2673086312687219E-016   8.5308334168939477E-016   1.9874370313081381E-014  -8.8263191504071043E-014   4.4551454441773252E-014  -2.6756325354733972E-014  -4.2623573335023723E-014   6.8819505736637900E-015
  -3.3377632230950550E-019   4.9846285246853312E-020  -1.8312375080422713E-019   9.7658462838442364E-009   1.1462150722360716E-015  -4.7879566714570360E-015   2.6207615655199711E-015  -1.3447390523153498E-015  -2.4190700528504066E-015   1.9852416904615875E-016  -1.1544455133490963E-008  -3.2109394760389268E-024   8.2429914834151076E-024  -5.9532792230853278E-024  -1.0031746473880583E-009   1.4758307347650274E-011   3.5278978499633678E-016  -8.6298066500549232E-017   3.4689108167877238E-016   4.8439904177444218E-014   2.1919963993077423E-016  -1.4958259358550116E-016   6.5320517018692789E-016  -1.6291607611522928E-015   7.2356941919331193E-015  -3.6519292581829310E-015   2.1936228880959586E-015   3.4940447821509951E-015  -5.6446175861218667E-016
   1.3511602054619196E-017  -7.1518240094162557E-016   1.3571088828593369E-016 -0.56875093870254767       -6.6781453260572213E-008   2.7892507694761562E-007  -1.5269805806996022E-007   7.8325897834502517E-008   1.4093691752467921E-007  -1.1544455133490963E-008  0.67302244675838230       -7.6281390552577589E-017   1.4999488915386861E-016   7.5636700788460765E-017  -4.6101144668611588E-008  -1.3007085215315242E-008  -1.1496695917185663E-015   4.2390345310414081E-016   6.5379759619688790E-016   1.3563143865408311E-008   7.7220940211736997E-015  -3.0225563077027312E-015   6.5080664231457068E-016   9.4882887819626141E-008  -4.2137023895010223E-007   2.1269626437338532E-007  -1.2773171119878408E-007  -2.0348931733875350E-007   3.2848802088222050E-008
  -1.6462353443631747E-011  -4.4763767639188450E-011   2.1554083004345445E-011   6.3079673946495197E-017   6.7094758843489089E-024  -3.7503384182798127E-023   2.0467777753256595E-023  -2.3398487772591794E-023  -1.9039225392897709E-023  -3.2109394760389268E-024  -7.6281390552577589E-017   1.0673061668753700E-015   7.0970276625927362E-016   1.0687674787976811E-016   1.1896560570597893E-016   3.8978897499821017E-017   1.0767990263543756E-008   3.8953371497094666E-008  -1.8761178566589026E-008   1.0272111686794318E-015  -1.2238253179081267E-008   3.4140164910322304E-010  -1.8078514402542760E-010  -2.1532149619130926E-023   4.0313716300838610E-023  -2.2013375349345993E-023  -1.1068679403252613E-024   2.1594480603081713E-023  -2.7639000836613605E-023
  -4.4763766870108138E-011  -4.3997576967498019E-011  -2.1071742573488579E-011  -1.0857576257052251E-016  -6.4241140408448826E-024   3.7286845429322664E-023  -4.3013540386724801E-023   3.5548519262637485E-024   9.1096119903379093E-024   8.2429914834151076E-024   1.4999488915386861E-016   7.0970276625927362E-016   1.6018493595971056E-015   9.9018947953789989E-017  -2.5034868755740953E-015   3.2086149186698020E-015   3.8953370817018663E-008   3.4728046356881377E-008   1.8339141028359846E-008   8.3086154370312195E-015   3.4140160580234265E-010  -1.2031834361553481E-008   1.6930186810294492E-010   2.8018260575661944E-023  -9.4022849398395136E-023   3.8222614182673558E-023  -3.4703926475880326E-023  -3.0009790448445905E-023   1.7297344535421486E-023
   2.1554084127953846E-011  -2.1071741932948664E-011  -2.2640157699733337E-011  -5.1858854891649378E-017  -7.9485638821358180E-024   2.0227337848486884E-023  -1.6551328473305993E-023   1.8490286558761981E-023   1.9848844649703266E-023  -5.9532792230853278E-024   7.5636700788460765E-017   1.0687674787976811E-016   9.9018947953789989E-017   5.4849612397209023E-016  -1.2994663996422295E-015   2.4784394150161644E-016  -1.8761179600489002E-008   1.8339140674617456E-008   1.6150566881676457E-008   3.6548431722500706E-015  -1.8078534759618837E-010   1.6930257103017350E-010  -1.2168593110737146E-008  -2.1700918744313434E-024  -4.7051164462105459E-023   9.8923130770783370E-024  -3.9562034314967436E-024  -2.9512226993168347E-023   1.9982169802389928E-023
  -1.0736063196311190E-016   2.8719401611095552E-015   1.5587377727043073E-015  -2.0056877572876202E-002  -1.4087655766082603E-009   7.0420872430335337E-009  -3.0245652038628137E-009   2.4119242398546192E-009   3.1230268255849155E-009  -1.0031746473880583E-009  -4.6101144668611588E-008   1.1896560570597893E-016  -2.5034868755740953E-015  -1.2994663996422295E-015   2.0115672515014613       -3.8295303707493561E-010   2.5500451932188819E-016  -1.3650834908734055E-015  -1.6051498095031546E-015  -3.4118418324051349E-008  -7.4379517522865770E-015   1.5432647078219756E-015  -6.6163879951488255E-016   3.2474265857886743E-009  -1.5767535388734392E-008   7.0511899469247219E-009  -5.2544783028237428E-009  -7.1388131750829057E-009   2.0070450168334577E-009
   5.0726533508087670E-017  -3.2833411494817571E-015  -5.5901765582790113E-016  -3.5858414097054438E-003   2.8980818816234331E-011  -1.3594104487627149E-010   6.3753786616110061E-011  -4.3757313029867824E-011  -6.3098459028618371E-011   1.4758307347650274E-011  -1.3007085215315242E-008   3.8978897499821017E-017   3.2086149186698020E-015   2.4784394150161644E-016  -3.8295303707493561E-010   2.0004347314952584        4.1682371492721912E-018   1.1857969651534619E-015  -4.7312482297290901E-017  -1.6232451816055176E-008  -1.8311995417885957E-015   4.9317400804414033E-016  -4.9973889217723422E-016  -1.1206446977700028E-010   5.2122078035339332E-010  -2.4718337395696894E-010   1.6630923471329271E-010   2.4337041102703316E-010  -5.4274112995095071E-011
  -2.3048345729021541E-003  -1.2788428546124171E-008   6.3080135912512791E-009   5.3615467202475309E-017   1.4262478968938485E-016  -2.3799548364554859E-017  -2.9910877294755006E-017  -5.1127131496199720E-016  -9.7339577863671323E-016   3.5278978499633678E-016  -1.1496695917185663E-015   1.0767990263543756E-008   3.8953370817018663E-008  -1.8761179600489002E-008   2.5500451932188819E-016   4.1682371492721912E-018   2.0006136571613888        1.4209320295360530E-008  -6.8830789734222566E-009  -2.0916265207462184E-016   1.5140996106465569E-010   4.2594786946954943E-010  -2.0903883798350328E-010   8.6991039699159571E-016  -3.5343389015277164E-016   3.1472223498056099E-016  -8.0095579649234021E-016   5.8786679793242900E-016  -3.2199569330611260E-016
  -1.2788429257579031E-008  -2.3048424065282786E-003  -6.0986729713328768E-009   2.4985172292891752E-016   1.8299398234117426E-016  -5.5963361985093095E-016   6.9888904566760278E-017  -1.2846636533277864E-016   4.5648825841261708E-017  -8.6298066500549232E-017   4.2390345310414081E-016   3.8953371497094666E-008   3.4728046356881377E-008   1.8339140674617456E-008  -1.3650834908734055E-015   1.1857969651534619E-015   1.4209320295360530E-008   2.0006136658928546        6.7103639596935414E-009   2.7685095957694401E-015   4.2594786495288924E-010   4.1255670980963523E-010   2.0257336037843237E-010  -2.0403382742359706E-016  -5.2558945039205285E-016  -9.8884821436421143E-017   1.6508159510045912E-016  -2.9326305808486507E-016   1.0621775184189363E-016
   6.3080126380446006E-009  -6.0986738691498408E-009  -2.3048365444461303E-003  -1.2255641414071145E-015  -7.5707609727255262E-017  -3.2863641173545239E-016  -7.1321599949649948E-016   3.6445951453150009E-016   1.9911702061326164E-016   3.4689108167877238E-016   6.5379759619688790E-016  -1.8761178566589026E-008   1.8339141028359846E-008   1.6150566881676457E-008  -1.6051498095031546E-015  -4.7312482297290901E-017  -6.8830789734222566E-009   6.7103639596935414E-009   2.0006136591790482        1.6290809556813244E-015  -2.0903894307987222E-010   2.0257327384825066E-010   2.1561391714733454E-010  -5.1278923198627533E-017  -5.9133609151470886E-016  -1.4840030455411220E-016   6.3225014223392160E-016  -1.1763097284104375E-016   8.8504315879138670E-016
  -1.1645623485548882E-015  -8.1824435823967454E-015  -3.4660862989728709E-015  -2.4790332266799530E-004   9.3315107145172940E-014  -4.3789113833754588E-013   2.0047446206895906E-013  -1.4272908487165584E-013  -2.0124322616391302E-013   4.8439904177444218E-014   1.3563143865408311E-008   1.0272111686794318E-015   8.3086154370312195E-015   3.6548431722500706E-015  -3.4118418324051349E-008  -1.6232451816055176E-008  -2.0916265207462184E-016   2.7685095957694401E-015   1.6290809556813244E-015   2.0000039402162764       -1.2416507002223368E-016   6.5806716891794048E-016  -8.3463561283447164E-017  -2.1737820133939905E-013   1.0244241033782855E-012  -4.7060132016050590E-013   3.3338353027572842E-013   4.7091931197827298E-013  -1.1780248989113046E-013
   6.6294047078514881E-004  -9.2351577653499085E-011   4.9318089058268043E-011   4.3649354004837235E-015   9.4264665773464377E-016  -2.5336070542649795E-016   7.8452171104797357E-016   1.0003968545211192E-015  -4.8868550048187409E-016   2.1919963993077423E-016   7.7220940211736997E-015  -1.2238253179081267E-008   3.4140160580234265E-010  -1.8078534759618837E-010  -7.4379517522865770E-015  -1.8311995417885957E-015   1.5140996106465569E-010   4.2594786495288924E-010  -2.0903894307987222E-010  -1.2416507002223368E-016   1.9999915150748773        6.1578934839776635E-012  -3.2665124289250889E-012   1.9966611873232145E-015  -2.3615564879155836E-017  -8.1595131346004408E-017   1.3609903837619623E-015  -7.2600673179100501E-017   2.6029930328819467E-015
  -9.2351785388595764E-011   6.6294041504034377E-004  -4.6015888750665538E-011  -2.9384792463867935E-015  -2.0362675784072506E-016   4.3975604203540169E-016   1.1682574546600862E-015   3.4734961823758177E-016   3.2673086312687219E-016  -1.4958259358550116E-016  -3.0225563077027312E-015   3.4140164910322304E-010  -1.2031834361553481E-008   1.6930257103017350E-010   1.5432647078219756E-015   4.9317400804414033E-016   4.2594786946954943E-010   4.1255670980963523E-010   2.0257327384825066E-010   6.5806716891794048E-016   6.1578934839776635E-012   1.9999915150785881        3.0559016854319112E-012   3.6144111114587362E-016  -1.3331983198362525E-016   5.1614098473383583E-016   1.0707638385360566E-015  -1.2799002417289303E-016  -1.4170604051466718E-015
   4.9318010389971662E-011  -4.6015108378039822E-011   6.6294045137286974E-004   5.5789462275211318E-016   1.6166083658229897E-016  -1.5569447705746538E-016  -5.6798714000974323E-016  -7.8125428421387836E-016   8.5308334168939477E-016   6.5320517018692789E-016   6.5080664231457068E-016  -1.8078514402542760E-010   1.6930186810294492E-010  -1.2168593110737146E-008  -6.6163879951488255E-016  -4.9973889217723422E-016  -2.0903883798350328E-010   2.0257336037843237E-010   2.1561391714733454E-010  -8.3463561283447164E-017  -3.2665124289250889E-012   3.0559016854319112E-012   1.9999915150761047        2.1252164633236479E-017   6.0185485230199574E-016   7.2644790772972062E-016   1.1690540907513322E-015   3.5025167590562954E-016  -1.1194675977455555E-015
  -3.4035340550765517E-019   3.5476696458685372E-019   6.6146286458756368E-020  -8.0214840791829715E-008  -9.4171433795946809E-015   3.9334309551891868E-014  -2.1532300193484299E-014   1.1046302627271686E-014   1.9874370313081381E-014  -1.6291607611522928E-015   9.4882887819626141E-008  -2.1532149619130926E-023   2.8018260575661944E-023  -2.1700918744313434E-024   3.2474265857886743E-009  -1.1206446977700028E-010   8.6991039699159571E-016  -2.0403382742359706E-016  -5.1278923198627533E-017  -2.1737820133939905E-013   1.9966611873232145E-015   3.6144111114587362E-016   2.1252164633236479E-017   1.3381864230380415E-014  -5.9430375065252587E-014   2.9997374439598373E-014  -1.8016143481329094E-014  -2.8699517781988177E-014   4.6342762401743256E-015
   3.9934681982580767E-019   5.6175041758686813E-019   8.8065813078741726E-019   3.5624354060595440E-007   4.1822013564657443E-014  -1.7468644770142652E-013   9.5625910705210054E-014  -4.9057701024840875E-014  -8.8263191504071043E-014   7.2356941919331193E-015  -4.2137023895010223E-007   4.0313716300838610E-023  -9.4022849398395136E-023  -4.7051164462105459E-023  -1.5767535388734392E-008   5.2122078035339332E-010  -3.5343389015277164E-016  -5.2558945039205285E-016  -5.9133609151470886E-016   1.0244241033782855E-012  -2.3615564879155836E-017  -1.3331983198362525E-016   6.0185485230199574E-016  -5.9430375065252587E-014   2.6393792887690445E-013  -1.3322158540739725E-013   8.0012324820937709E-014   1.2745792639344795E-013  -2.0581936380846884E-014
  -3.8962373830494255E-019   2.8479144296624944E-019   4.1181350367347718E-019  -1.7981305071907437E-007  -2.1109981750956459E-014   8.8173800127369193E-014  -4.8267999766484518E-014   2.4761907618203830E-014   4.4551454441773252E-014  -3.6519292581829310E-015   2.1269626437338532E-007  -2.2013375349345993E-023   3.8222614182673558E-023   9.8923130770783370E-024   7.0511899469247219E-009  -2.4718337395696894E-010   3.1472223498056099E-016  -9.8884821436421143E-017  -1.4840030455411220E-016  -4.7060132016050590E-013  -8.1595131346004408E-017   5.1614098473383583E-016   7.2644790772972062E-016   2.9997374439598373E-014  -1.3322158540739725E-013   6.7243457638625389E-014  -4.0385678036017105E-014  -6.4334079428589625E-014   1.0388296847953590E-014
   1.3738812624867419E-018   1.6487342125230054E-019  -3.4091784532327706E-019   1.0799430377969533E-007   1.2678013368765192E-014  -5.2955091407593855E-014   2.8988193778591793E-014  -1.4871634212540638E-014  -2.6756325354733972E-014   2.1936228880959586E-015  -1.2773171119878408E-007  -1.1068679403252613E-024  -3.4703926475880326E-023  -3.9562034314967436E-024  -5.2544783028237428E-009   1.6630923471329271E-010  -8.0095579649234021E-016   1.6508159510045912E-016   6.3225014223392160E-016   3.3338353027572842E-013   1.3609903837619623E-015   1.0707638385360566E-015   1.1690540907513322E-015  -1.8016143481329094E-014   8.0012324820937709E-014  -4.0385678036017105E-014   2.4255709382363161E-014   3.8638536799000600E-014  -6.2395618452042247E-015
  -7.0132613908391665E-019   2.9563564041426253E-019   2.5157295159473851E-019   1.7203341841005219E-007   2.0196472783928091E-014  -8.4358411580678678E-014   4.6179221967583023E-014  -2.3690514318867395E-014  -4.2623573335023723E-014   3.4940447821509951E-015  -2.0348931733875350E-007   2.1594480603081713E-023  -3.0009790448445905E-023  -2.9512226993168347E-023  -7.1388131750829057E-009   2.4337041102703316E-010   5.8786679793242900E-016  -2.9326305808486507E-016  -1.1763097284104375E-016   4.7091931197827298E-013  -7.2600673179100501E-017  -1.2799002417289303E-016   3.5025167590562954E-016  -2.8699517781988177E-014   1.2745792639344795E-013  -6.4334079428589625E-014   3.8638536799000600E-014   6.1550656077533171E-014  -9.9390125594594860E-015
   1.2337804669826927E-018  -5.9211795558999247E-019  -1.3906918299472737E-018  -2.7779444875902334E-008  -3.2608678722849108E-015   1.3620773010499306E-014  -7.4558887453948391E-015   3.8253291000525369E-015   6.8819505736637900E-015  -5.6446175861218667E-016   3.2848802088222050E-008  -2.7639000836613605E-023   1.7297344535421486E-023   1.9982169802389928E-023   2.0070450168334577E-009  -5.4274112995095071E-011  -3.2199569330611260E-016   1.0621775184189363E-016   8.8504315879138670E-016  -1.1780248989113046E-013   2.6029930328819467E-015  -1.4170604051466718E-015  -1.1194675977455555E-015   4.6342762401743256E-015  -2.0581936380846884E-014   1.0388296847953590E-014  -6.2395618452042247E-015  -9.9390125594594860E-015   1.6052845599755572E-015
