  0.20370911400356231       -1.0179570771018167E-016   5.6026382733937853E-017  -6.4675719350216869E-016  -1.5751949090189021E-017   9.8826057102179190E-020   3.6270343267531600E-018  -5.9683794891993916E-018  -4.4882499230980025E-018  -3.0386688565944386E-018  -8.1579005517165355E-016   8.0983119507218176E-002  -4.5286004884630402E-017  -6.8953775858747639E-021  -8.3142338305109990E-016  -1.1511517741813223E-002   2.6601890810822771E-016  -2.7721708414953451E-016  -8.1503966111707426E-016  -2.3526979392417172E-016  -1.6790054048326086E-004   1.0725330653369111E-016  -4.2335885932451098E-016  -3.7751768276327423E-016   1.4494927705114802E-017   9.8551909252569436E-017   1.3111679035131916E-016  -1.5846995678617236E-016   2.4993404462191663E-016
  -1.0179570771018167E-016  0.20370911400356664       -5.8008681605093727E-017  -2.6270914586623144E-017  -3.3081263566276243E-017   1.0576707523984529E-017  -1.7817713437880099E-018  -2.8964013672297107E-017   2.2688531246019391E-018  -3.7731927865760267E-017  -1.2234914553781367E-016  -3.7189440710349970E-017   8.0983119507216539E-002  -3.2456378569793145E-017  -1.9280778510898392E-016  -9.3611030714137331E-017  -1.1511517741815660E-002  -4.0859560732337540E-016   2.9521345937778338E-016   3.8713993493112210E-015   3.2786600573309753E-016  -1.6790054048353579E-004  -2.3434772188980235E-016   4.8577998120348237E-017   4.9965636596852701E-016  -1.0019616067750529E-016   1.2375334599832912E-016   6.8784379544443976E-017  -2.4679630047840658E-016
   5.6026382733937853E-017  -5.8008681605093727E-017  0.20370911400356465       -1.1323734483973743E-015   2.3077862966923306E-017   4.4621531441727497E-017  -8.8481906210039455E-018   1.0158212563508948E-017  -6.1736116510982805E-018   3.4198027839790702E-017  -1.4583239321327828E-015   3.0110482718954634E-018  -4.2905520011479174E-017   8.0983119507216469E-002  -6.8858975636041968E-016   7.1609019452435546E-016  -9.5591748788358856E-016  -1.1511517741815882E-002   5.9944311359405893E-016  -3.7837117680707834E-016  -1.1952805291179434E-016  -9.6127884952737994E-016  -1.6790054047931480E-004   3.6958443616565408E-017   2.1732061626316340E-015  -4.6106339628938380E-016  -4.8302298508075191E-016  -2.4698783968470964E-016   7.8933969097100847E-016
  -6.4675719350216869E-016  -2.6270914586623144E-017  -1.1323734483973743E-015  0.48517245136712989       -5.6113150735283697E-015   2.3329284299563304E-016  -4.3201222697141955E-016  -8.5721922673932515E-015  -1.3348099811762587E-016  -7.3282279085702314E-015  0.57594490700584167       -9.6513012858953518E-017  -8.7055338266764398E-017  -1.0088818056433284E-016  -3.8553198680763018E-004  -6.8426051390606608E-016   3.8050162357049724E-016  -6.4578105452433533E-016   9.7424801671612885E-004   2.8821162861961889E-004  -8.4404859282346907E-017  -1.5991712786723058E-015  -1.3844333587968846E-016  -1.2031733517536462E-014   4.0600450042091159E-016  -7.0708176108025145E-016   4.1410648353721374E-015  -8.2401567999958774E-016  -6.1952319255222156E-015
  -1.5751949090189021E-017  -3.3081263566276243E-017   2.3077862966923306E-017  -5.6113150735283697E-015   7.4280804661453002E-004  -1.0268373624410948E-016   1.6803439607634040E-017  -3.7140402330711908E-004   2.7704839665577974E-017  -3.7140402330734448E-004  -6.2089428434709704E-015  -1.6671875962456348E-018  -9.6017376347227467E-018  -2.5927874246818855E-018   2.5245161733384612E-014   5.5681350146123174E-016   6.7399407259537944E-017   1.7874739406056029E-016   6.0793530265914416E-015   4.5324717206160268E-015  -6.2430179628474019E-018  -6.5563714535474578E-016  -3.2576351765534540E-016   3.8373881989719277E-002  -2.6451333341688217E-015  -3.7989427684326004E-018  -1.9186940994855305E-002   2.0801710404378859E-016  -1.9186940994863844E-002
   9.8826057102179190E-020   1.0576707523984529E-017   4.4621531441727497E-017   2.3329284299563304E-016  -1.0268373624410948E-016   7.4280804661526641E-004  -1.3331954482648130E-017   6.8644822249266637E-017   5.1193228729061571E-017   2.7034542127998071E-017   2.5973592342738902E-016   2.4764772872472654E-018  -1.1017233229393520E-017  -3.7438433504953360E-017   2.1765961146016807E-016   2.1216870972179439E-016  -7.7846945188495494E-016  -7.5928691619525889E-016  -1.3320100908249431E-015  -1.2257217785357192E-015   7.8998923886430583E-016   5.5778711084952082E-016  -2.5333951114629767E-015  -2.6039258165595946E-015   3.8373881989737825E-002   2.0933296972734896E-016   2.6570388586984901E-016   1.6938099052700727E-015   2.3220743328113089E-015
   3.6270343267531600E-018  -1.7817713437880099E-018  -8.8481906210039455E-018  -4.3201222697141955E-016   1.6803439607634040E-017  -1.3331954482648130E-017   7.4280804661499352E-004   1.3515811917406348E-017  -6.6519019360206502E-018  -2.1421727933852391E-017  -4.9863015045659590E-016  -2.8303267077356535E-019   1.1695971436177452E-018   2.0037661555113397E-018  -4.3732737544203281E-016  -6.9120344960300480E-016  -8.6803942173734075E-017  -7.9597026097075672E-017  -2.6140525505539057E-016  -4.1893296707520707E-016   6.9102568265450748E-016   2.1445417730572308E-016   5.3001158039538901E-017   9.1951101545200945E-016  -9.0516799479791734E-016   3.8373881989730775E-002  -1.5971642665515126E-016   6.3199245777010105E-018  -7.3456730064966937E-016
  -5.9683794891993916E-018  -2.8964013672297107E-017   1.0158212563508948E-017  -8.5721922673932515E-015  -3.7140402330711908E-004   6.8644822249266637E-017   1.3515811917406348E-017   7.4280804661436457E-004   3.6684302113870399E-017  -3.7140402330727780E-004  -1.0285642354382914E-014  -7.5623363543319113E-018  -1.4195111393653087E-017   8.1150051084183891E-018   2.4525896675948620E-014  -7.0420001610163191E-017  -7.9720643156471797E-016   9.4070475378252061E-016   8.4394336527881256E-015   3.9607215000434780E-015  -6.5007656863378928E-016  -9.4485167132813010E-017  -4.6304333527329802E-016  -1.9186940994856454E-002   3.2409497956201559E-015   8.5435226483064887E-016   3.8373881989714954E-002   1.3399855820073302E-015  -1.9186940994858619E-002
  -4.4882499230980025E-018   2.2688531246019391E-018  -6.1736116510982805E-018  -1.3348099811762587E-016   2.7704839665577974E-017   5.1193228729061571E-017  -6.6519019360206502E-018   3.6684302113870399E-017   7.4280804661500241E-004  -4.4377925534836240E-017  -1.3601263904541059E-016  -1.6163150069729907E-019   1.4020007640395820E-018  -1.0483339250331439E-017   3.6337666755279704E-016   2.7415164120416031E-016  -2.5530644725950318E-016   3.2509306736199422E-016   6.1909168166107084E-016  -8.0837525615073014E-016  -1.5791052226886495E-016   5.1559661459965778E-016   6.4036183764253167E-016   1.2247742781041704E-015   9.3748923681792198E-016  -3.4851890592783349E-016   5.4485584914546021E-016   3.8373881989731018E-002  -1.7587459656356507E-015
  -3.0386688565944386E-018  -3.7731927865760267E-017   3.4198027839790702E-017  -7.3282279085702314E-015  -3.7140402330734448E-004   2.7034542127998071E-017  -2.1421727933852391E-017  -3.7140402330727780E-004  -4.4377925534836240E-017   7.4280804661458802E-004  -8.4238286685426715E-015  -6.1152457021697617E-019  -1.5526609037375520E-017   2.0462021465656579E-017   2.4117271863530479E-014  -4.7956594387135477E-016   3.1323474423183101E-016  -1.0405347713344449E-016   7.1975474785482877E-015  -1.4402603497683167E-016  -1.5667119506749449E-016   7.3553514298289332E-016   4.9048504000272474E-016  -1.9186940994859389E-002  -9.5766508516551124E-016  -3.9089977592722439E-016  -1.9186940994861318E-002  -5.1421242057528755E-016   3.8373881989720693E-002
  -8.1579005517165355E-016  -1.2234914553781367E-016  -1.4583239321327828E-015  0.57594490700584167       -6.2089428434709704E-015   2.5973592342738902E-016  -4.9863015045659590E-016  -1.0285642354382914E-014  -1.3601263904541059E-016  -8.4238286685426715E-015  0.68383034687009969       -1.2861786159746236E-016  -1.3847199924980807E-016  -1.6926259155263297E-016   1.5411390600534147E-002   7.5024155928087090E-016   4.4498692695226628E-016   1.5167546416435438E-016   4.1872128461198296E-003   5.9405685134623302E-004   6.2147405497164171E-016   2.3156648682279196E-015   3.8684557048641757E-016  -1.0926702511355156E-015  -3.7492748301588932E-016   8.4003030183634671E-017  -1.0785710187740107E-014  -1.3557098345605894E-017  -2.8597133668881270E-015
   8.0983119507218176E-002  -3.7189440710349970E-017   3.0110482718954634E-018  -9.6513012858953518E-017  -1.6671875962456348E-018   2.4764772872472654E-018  -2.8303267077356535E-019  -7.5623363543319113E-018  -1.6163150069729907E-019  -6.1152457021697617E-019  -1.2861786159746236E-016   3.2195580427552425E-002  -1.5986255942125912E-017  -8.1709417895872183E-018   5.0604622815559252E-016  -6.1966871197888483E-003  -7.9196527415520461E-016   9.8301900473829237E-016  -5.6260808534266879E-016   3.6725261318592651E-016  -8.1774251587604665E-005  -4.0904717109392464E-016  -4.0829551655811715E-016   1.0976800613552743E-016   1.4140412580850880E-016  -7.9153582139198464E-017  -2.1850446011617957E-016   3.2553722783635674E-017   1.1010949056768921E-016
  -4.5286004884630402E-017   8.0983119507216539E-002  -4.2905520011479174E-017  -8.7055338266764398E-017  -9.6017376347227467E-018  -1.1017233229393520E-017   1.1695971436177452E-018  -1.4195111393653087E-017   1.4020007640395820E-018  -1.5526609037375520E-017  -1.3847199924980807E-016  -1.5986255942125912E-017   3.2195580427550427E-002  -2.2151259350262088E-017   2.1660095775845737E-016  -1.2183639247531486E-017  -6.1966871197885014E-003   5.5977113951576159E-016  -2.2542212478812245E-016  -3.8128137557439438E-015  -2.3147902838653445E-016  -8.1774251587954280E-005   1.8780962430495463E-016   2.0636580875221981E-016  -6.2092118097484130E-016   5.3998369342532155E-017  -1.2283112003795758E-016   4.2629218280920541E-017  -1.1128788588533577E-016
  -6.8953775858747639E-021  -3.2456378569793145E-017   8.0983119507216469E-002  -1.0088818056433284E-016  -2.5927874246818855E-018  -3.7438433504953360E-017   2.0037661555113397E-018   8.1150051084183891E-018  -1.0483339250331439E-017   2.0462021465656579E-017  -1.6926259155263297E-016  -8.1709417895872183E-018  -2.2151259350262088E-017   3.2195580427550691E-002  -6.3038715894003501E-016  -1.7689467834194661E-016   5.6661819036172355E-016  -6.1966871197855454E-003  -1.8143662478404633E-016   3.4715001041819699E-016   2.7544554121014321E-017   4.3324668877443185E-016  -8.1774251592115719E-005  -5.8617635784030351E-016  -2.0189716419498064E-015   9.8739882086326801E-017   5.7691690715335640E-017  -4.9859848300209866E-016   6.6405459211711342E-016
  -8.3142338305109990E-016  -1.9280778510898392E-016  -6.8858975636041968E-016  -3.8553198680763018E-004   2.5245161733384612E-014   2.1765961146016807E-016  -4.3732737544203281E-016   2.4525896675948620E-014   3.6337666755279704E-016   2.4117271863530479E-014   1.5411390600534147E-002   5.0604622815559252E-016   2.1660095775845737E-016  -6.3038715894003501E-016   2.0074068667284113        7.3090728367047451E-016   1.4803427981104326E-015  -1.0942283602529687E-015  -1.9361028046929754E-004  -3.2073865390773618E-005   6.8553406107186493E-016   1.2005777254703825E-015   4.3369527514699461E-016   7.7312417716192958E-014   9.3795292541201421E-016  -1.5012641253131789E-015   8.0057019494773549E-014  -3.4655278201316812E-016   8.1003260708851100E-014
  -1.1511517741813223E-002  -9.3611030714137331E-017   7.1609019452435546E-016  -6.8426051390606608E-016   5.5681350146123174E-016   2.1216870972179439E-016  -6.9120344960300480E-016  -7.0420001610163191E-017   2.7415164120416031E-016  -4.7956594387135477E-016   7.5024155928087090E-016  -6.1966871197888483E-003  -1.2183639247531486E-017  -1.7689467834194661E-016   7.3090728367047451E-016   2.0001410384122549       -6.2572755400493116E-017   6.0481452774321403E-016   2.5105861193534636E-016   1.0194156830202734E-015  -1.1138781765655928E-005  -3.2248393299807312E-017   2.0054385615153988E-016   1.0056808585050952E-015  -6.7911437337086517E-016   6.8070612052655112E-016  -8.4547118287559245E-016  -3.8697480354531399E-016  -1.1505404400545971E-016
   2.6601890810822771E-016  -1.1511517741815660E-002  -9.5591748788358856E-016   3.8050162357049724E-016   6.7399407259537944E-017  -7.7846945188495494E-016  -8.6803942173734075E-017  -7.9720643156471797E-016  -2.5530644725950318E-016   3.1323474423183101E-016   4.4498692695226628E-016  -7.9196527415520461E-016  -6.1966871197885014E-003   5.6661819036172355E-016   1.4803427981104326E-015  -6.2572755400493116E-017   2.0001410384122504        1.6948996214129834E-016   8.7345808617256940E-016  -8.8910683664885157E-016  -1.0454600959560467E-016  -1.1138781764749626E-005   5.0354249112609711E-016  -1.4882687002996248E-015   1.0070864000010451E-015  -4.4607496367363044E-016   6.6925388355041407E-017   8.1826967189778483E-017  -8.5597117920901111E-016
  -2.7721708414953451E-016  -4.0859560732337540E-016  -1.1511517741815882E-002  -6.4578105452433533E-016   1.7874739406056029E-016  -7.5928691619525889E-016  -7.9597026097075672E-017   9.4070475378252061E-016   3.2509306736199422E-016  -1.0405347713344449E-016   1.5167546416435438E-016   9.8301900473829237E-016   5.5977113951576159E-016  -6.1966871197855454E-003  -1.0942283602529687E-015   6.0481452774321403E-016   1.6948996214129834E-016   2.0001410384122460       -6.0305696315050519E-016   5.5812544494706683E-016   1.3459951914327267E-016   3.5802218502036430E-016  -1.1138781767601288E-005   4.6790480350294493E-016  -4.2165781785830460E-016  -1.3453928887514306E-016   1.6441723432090633E-016  -6.4270031174746201E-016   4.5913719150512424E-016
  -8.1503966111707426E-016   2.9521345937778338E-016   5.9944311359405893E-016   9.7424801671612885E-004   6.0793530265914416E-015  -1.3320100908249431E-015  -2.6140525505539057E-016   8.4394336527881256E-015   6.1909168166107084E-016   7.1975474785482877E-015   4.1872128461198296E-003  -5.6260808534266879E-016  -2.2542212478812245E-016  -1.8143662478404633E-016  -1.9361028046929754E-004   2.5105861193534636E-016   8.7345808617256940E-016  -6.0305696315050519E-016   2.0003276459680421        4.7414280707687099E-006   2.4448536747323903E-016   5.1759315649723396E-016   1.9898321866968123E-016   2.0796588646610625E-014   7.1804806456764304E-016  -4.2472427673079036E-016   2.0477036832894842E-014  -2.0388663459749786E-016   2.2068302424038508E-014
  -2.3526979392417172E-016   3.8713993493112210E-015  -3.7837117680707834E-016   2.8821162861961889E-004   4.5324717206160268E-015  -1.2257217785357192E-015  -4.1893296707520707E-016   3.9607215000434780E-015  -8.0837525615073014E-016  -1.4402603497683167E-016   5.9405685134623302E-004   3.6725261318592651E-016  -3.8128137557439438E-015   3.4715001041819699E-016  -3.2073865390773618E-005   1.0194156830202734E-015  -8.8910683664885157E-016   5.5812544494706683E-016   4.7414280707687099E-006   2.0000041150134500       -5.5041434796520742E-018  -5.7707535789929447E-017  -2.6561232621971229E-016   5.6279695440727823E-015   2.2716310280313189E-016  -7.4597560089165530E-017   6.1805451514276890E-015  -6.3017174288430219E-016   1.0228727729093690E-014
  -1.6790054048326086E-004   3.2786600573309753E-016  -1.1952805291179434E-016  -8.4404859282346907E-017  -6.2430179628474019E-018   7.8998923886430583E-016   6.9102568265450748E-016  -6.5007656863378928E-016  -1.5791052226886495E-016  -1.5667119506749449E-016   6.2147405497164171E-016  -8.1774251587604665E-005  -2.3147902838653445E-016   2.7544554121014321E-017   6.8553406107186493E-016  -1.1138781765655928E-005  -1.0454600959560467E-016   1.3459951914327267E-016   2.4448536747323903E-016  -5.5041434796520742E-018   1.9999997399189988       -1.0726466975027720E-017  -5.1892294953481284E-018   9.4502081748773715E-017   5.5569195245789613E-016   6.2787542906589175E-016  -9.1737728467226697E-016   6.1946132460226108E-017   1.2989953811846568E-016
   1.0725330653369111E-016  -1.6790054048353579E-004  -9.6127884952737994E-016  -1.5991712786723058E-015  -6.5563714535474578E-016   5.5778711084952082E-016   2.1445417730572308E-016  -9.4485167132813010E-017   5.1559661459965778E-016   7.3553514298289332E-016   2.3156648682279196E-015  -4.0904717109392464E-016  -8.1774251587954280E-005   4.3324668877443185E-016   1.2005777254703825E-015  -3.2248393299807312E-017  -1.1138781764749626E-005   3.5802218502036430E-016   5.1759315649723396E-016  -5.7707535789929447E-017  -1.0726466975027720E-017   1.9999997399189826       -1.4544654238206387E-015   9.2114362291474318E-016  -7.1084402738003308E-016  -6.2496848038746605E-016   4.0380420419621681E-016  -6.1310724924579456E-016  -1.4445500296466879E-015
  -4.2335885932451098E-016  -2.3434772188980235E-016  -1.6790054047931480E-004  -1.3844333587968846E-016  -3.2576351765534540E-016  -2.5333951114629767E-015   5.3001158039538901E-017  -4.6304333527329802E-016   6.4036183764253167E-016   4.9048504000272474E-016   3.8684557048641757E-016  -4.0829551655811715E-016   1.8780962430495463E-016  -8.1774251592115719E-005   4.3369527514699461E-016   2.0054385615153988E-016   5.0354249112609711E-016  -1.1138781767601288E-005   1.9898321866968123E-016  -2.6561232621971229E-016  -5.1892294953481284E-018  -1.4544654238206387E-015   1.9999997399189973       -3.0762306251050620E-016  -7.8260601008568680E-016  -1.7971718856936996E-016   6.9357223870605684E-016   9.3586714955499773E-017  -8.5691583699315725E-016
  -3.7751768276327423E-016   4.8577998120348237E-017   3.6958443616565408E-017  -1.2031733517536462E-014   3.8373881989719277E-002  -2.6039258165595946E-015   9.1951101545200945E-016  -1.9186940994856454E-002   1.2247742781041704E-015  -1.9186940994859389E-002  -1.0926702511355156E-015   1.0976800613552743E-016   2.0636580875221981E-016  -5.8617635784030351E-016   7.7312417716192958E-014   1.0056808585050952E-015  -1.4882687002996248E-015   4.6790480350294493E-016   2.0796588646610625E-014   5.6279695440727823E-015   9.4502081748773715E-017   9.2114362291474318E-016  -3.0762306251050620E-016   1.9824163532857684        2.8744029183756772E-015   2.4608678809989741E-015 -0.99120817664288519        7.9729517259152659E-017 -0.99120817664287642     
   1.4494927705114802E-017   4.9965636596852701E-016   2.1732061626316340E-015   4.0600450042091159E-016  -2.6451333341688217E-015   3.8373881989737825E-002  -9.0516799479791734E-016   3.2409497956201559E-015   9.3748923681792198E-016  -9.5766508516551124E-016  -3.7492748301588932E-016   1.4140412580850880E-016  -6.2092118097484130E-016  -2.0189716419498064E-015   9.3795292541201421E-016  -6.7911437337086517E-016   1.0070864000010451E-015  -4.2165781785830460E-016   7.1804806456764304E-016   2.2716310280313189E-016   5.5569195245789613E-016  -7.1084402738003308E-016  -7.8260601008568680E-016   2.8744029183756772E-015   1.9824163532857191       -3.6669072726175559E-016  -2.0445681280824361E-015  -6.9080280233092748E-016  -1.6640402705943007E-015
   9.8551909252569436E-017  -1.0019616067750529E-016  -4.6106339628938380E-016  -7.0708176108025145E-016  -3.7989427684326004E-018   2.0933296972734896E-016   3.8373881989730775E-002   8.5435226483064887E-016  -3.4851890592783349E-016  -3.9089977592722439E-016   8.4003030183634671E-017  -7.9153582139198464E-017   5.3998369342532155E-017   9.8739882086326801E-017  -1.5012641253131789E-015   6.8070612052655112E-016  -4.4607496367363044E-016  -1.3453928887514306E-016  -4.2472427673079036E-016  -7.4597560089165530E-017   6.2787542906589175E-016  -6.2496848038746605E-016  -1.7971718856936996E-016   2.4608678809989741E-015  -3.6669072726175559E-016   1.9824163532857193       -1.8592034379052880E-016   7.4498241776910100E-017  -9.7166198698151460E-016
   1.3111679035131916E-016   1.2375334599832912E-016  -4.8302298508075191E-016   4.1410648353721374E-015  -1.9186940994855305E-002   2.6570388586984901E-016  -1.5971642665515126E-016   3.8373881989714954E-002   5.4485584914546021E-016  -1.9186940994861318E-002  -1.0785710187740107E-014  -2.1850446011617957E-016  -1.2283112003795758E-016   5.7691690715335640E-017   8.0057019494773549E-014  -8.4547118287559245E-016   6.6925388355041407E-017   1.6441723432090633E-016   2.0477036832894842E-014   6.1805451514276890E-015  -9.1737728467226697E-016   4.0380420419621681E-016   6.9357223870605684E-016 -0.99120817664288519       -2.0445681280824361E-015  -1.8592034379052880E-016   1.9824163532857628       -5.3158940736732674E-016 -0.99120817664288396     
  -1.5846995678617236E-016   6.8784379544443976E-017  -2.4698783968470964E-016  -8.2401567999958774E-016   2.0801710404378859E-016   1.6938099052700727E-015   6.3199245777010105E-018   1.3399855820073302E-015   3.8373881989731018E-002  -5.1421242057528755E-016  -1.3557098345605894E-017   3.2553722783635674E-017   4.2629218280920541E-017  -4.9859848300209866E-016  -3.4655278201316812E-016  -3.8697480354531399E-016   8.1826967189778483E-017  -6.4270031174746201E-016  -2.0388663459749786E-016  -6.3017174288430219E-016   6.1946132460226108E-017  -6.1310724924579456E-016   9.3586714955499773E-017   7.9729517259152659E-017  -6.9080280233092748E-016   7.4498241776910100E-017  -5.3158940736732674E-016   1.9824163532857206        1.0141559358793648E-015
   2.4993404462191663E-016  -2.4679630047840658E-016   7.8933969097100847E-016  -6.1952319255222156E-015  -1.9186940994863844E-002   2.3220743328113089E-015  -7.3456730064966937E-016  -1.9186940994858619E-002  -1.7587459656356507E-015   3.8373881989720693E-002  -2.8597133668881270E-015   1.1010949056768921E-016  -1.1128788588533577E-016   6.6405459211711342E-016   8.1003260708851100E-014  -1.1505404400545971E-016  -8.5597117920901111E-016   4.5913719150512424E-016   2.2068302424038508E-014   1.0228727729093690E-014   1.2989953811846568E-016  -1.4445500296466879E-015  -8.5691583699315725E-016 -0.99120817664287642       -1.6640402705943007E-015  -9.7166198698151460E-016 -0.99120817664288396        1.0141559358793648E-015   1.9824163532857597     
