  0.41525346181477879        4.2952363128907767E-016  -5.8299583693618984E-017   1.2807981145426228E-016  0.63471083475221945       -2.1874456456252855E-016   6.9917487598158967E-017   2.4635220711071420E-016  -6.0300912386610738E-016  -4.5886921629053407E-018   3.5001599768087494E-017   7.9597631888872042E-018  -2.5616720414300684E-017  -1.0218713794669733E-018   1.7535086363731896E-017
   4.2952363128907767E-016  0.41525346181478034        1.5620388690200729E-016  -2.3812607516977024E-017   3.3871492307983864E-016  0.63471083475222112        6.4216447643369173E-016   1.3385316171141981E-017  -4.1197818079340436E-017  -3.0822402342729948E-018  -9.2011797991990344E-020  -9.7668458185961716E-020  -2.9949982630861943E-018   1.0491298799465878E-021  -3.6476693186439761E-018
  -5.8299583693618984E-017   1.5620388690200729E-016  0.41525346181478123        2.2091010235656867E-016  -1.2227090000205276E-016  -1.4574048890457492E-017  0.63471083475222123       -1.3540551025808564E-016  -7.6304257701418267E-016   2.0143706687959897E-017   3.2882853674980605E-017   1.0692476129866136E-017   2.9127323008407298E-018   1.7353504272396838E-020   5.0965616833646401E-017
   1.2807981145426228E-016  -2.3812607516977024E-017   2.2091010235656867E-016  0.63894601453983191       -4.1741622859062538E-017  -6.5882520927081908E-017   3.2240419405208729E-016  0.58538266957339358       -4.2006071548749187E-003   2.6151126009825589E-015   1.3047842568948945E-017   5.8184739826221845E-018   2.5932297444381679E-015   2.6196967474571401E-018   2.5271077253386511E-015
  0.63471083475221945        3.3871492307983864E-016  -1.2227090000205276E-016  -4.1741622859062538E-017  0.97014927218487923       -8.2012440458592573E-016   5.6175225061905198E-017   1.6185023095004983E-016   5.8940077544194121E-016  -7.0137708675813022E-018   5.3499601205914205E-017   1.2166419795681542E-017  -3.9154905360012473E-017  -1.5619203592821237E-018   2.6802207150149475E-017
  -2.1874456456252855E-016  0.63471083475222112       -1.4574048890457492E-017  -6.5882520927081908E-017  -8.2012440458592573E-016  0.97014927218488101        5.9433930216581943E-016  -6.3147924617279266E-018   6.1658832080506229E-017  -4.7111739019647906E-018  -1.4063912882351847E-019  -1.4928527832919568E-019  -4.5778254065291974E-018   1.6035847093365333E-021  -5.5754266996799157E-018
   6.9917487598158967E-017   6.4216447643369173E-016  0.63471083475222123        3.2240419405208729E-016   5.6175225061905198E-017   5.9433930216581943E-016  0.97014927218487912       -2.1966130152046904E-016  -5.0029808666642697E-016   3.0789457674941168E-017   5.0261118628293176E-017   1.6343344665438679E-017   4.4520826918501152E-018   2.6524660708360218E-020   7.7900444376245254E-017
   2.4635220711071420E-016   1.3385316171141981E-017  -1.3540551025808564E-016  0.58538266957339358        1.6185023095004983E-016  -6.3147924617279266E-018  -2.1966130152046904E-016  0.53631698435036157        8.2716285798219033E-007   2.3973556699871332E-015   1.2494683990672016E-017   5.5123786296375529E-018   2.3770036233478234E-015   2.4006510587000543E-018   2.3167644273043094E-015
  -6.0300912386610738E-016  -4.1197818079340436E-017  -7.6304257701418267E-016  -4.2006071548749187E-003   5.8940077544194121E-016   6.1658832080506229E-017  -5.0029808666642697E-016   8.2716285798219033E-007   2.0016380690020368        7.4720262822030427E-016   2.8105024936729777E-016   9.4430063366214290E-017   5.8945177318588361E-016   2.7685588708546209E-019   7.6656093651400167E-016
  -4.5886921629053407E-018  -3.0822402342729948E-018   2.0143706687959897E-017   2.6151126009825589E-015  -7.0137708675813022E-018  -4.7111739019647906E-018   3.0789457674941168E-017   2.3973556699871332E-015   7.4720262822030427E-016   1.0996239074207488E-029   1.6197499324117647E-031   6.0322124842515773E-032   1.0845773176292996E-029   1.0846467391746686E-032   1.0644474658091341E-029
   3.5001599768087494E-017  -9.2011797991990344E-020   3.2882853674980605E-017   1.3047842568948945E-017   5.3499601205914205E-017  -1.4063912882351847E-019   5.0261118628293176E-017   1.2494683990672016E-017   2.8105024936729777E-016   1.6197499324117647E-031   4.5307590280113008E-032   1.4905015356229097E-032   1.3621409378101722E-031   1.0041984639476817E-035   1.6712120295697848E-031
   7.9597631888872042E-018  -9.7668458185961716E-020   1.0692476129866136E-017   5.8184739826221845E-018   1.2166419795681542E-017  -1.4928527832919568E-019   1.6343344665438679E-017   5.5123786296375529E-018   9.4430063366214290E-017   6.0322124842515773E-032   1.4905015356229097E-032   4.9394491030043327E-033   5.1824047868661270E-032   1.8594190033773884E-035   6.1624905359228903E-032
  -2.5616720414300684E-017  -2.9949982630861943E-018   2.9127323008407298E-018   2.5932297444381679E-015  -3.9154905360012473E-017  -4.5778254065291974E-018   4.4520826918501152E-018   2.3770036233478234E-015   5.8945177318588361E-016   1.0845773176292996E-029   1.3621409378101722E-031   5.1824047868661270E-032   1.0710291929887253E-029   1.0784575719805302E-032   1.0493141962517006E-029
  -1.0218713794669733E-018   1.0491298799465878E-021   1.7353504272396838E-020   2.6196967474571401E-018  -1.5619203592821237E-018   1.6035847093365333E-021   2.6524660708360218E-020   2.4006510587000543E-018   2.7685588708546209E-019   1.0846467391746686E-032   1.0041984639476817E-035   1.8594190033773884E-035   1.0784575719805302E-032   1.3299424600118870E-035   1.0435247642523867E-032
   1.7535086363731896E-017  -3.6476693186439761E-018   5.0965616833646401E-017   2.5271077253386511E-015   2.6802207150149475E-017  -5.5754266996799157E-018   7.7900444376245254E-017   2.3167644273043094E-015   7.6656093651400167E-016   1.0644474658091341E-029   1.6712120295697848E-031   6.1624905359228903E-032   1.0493141962517006E-029   1.0435247642523867E-032   1.0308474953394251E-029
