  0.33243375034943501       -1.5255628068681512E-017   1.3876658430551412E-017   2.8010527800861961E-017  0.43377824937618836       -8.2037964384736815E-018   2.1598493122037394E-016  -1.0973220510124754E-016   1.0759583921646873E-018   2.6862299352671730E-018  -2.1541705051150276E-017   4.2944595095237724E-018   1.5053732828364506E-017  -5.3704179017049699E-018   1.3972528308521054E-017
  -1.5255628068681512E-017  0.33243375034943495        7.8911848120736869E-017   9.7485421661032295E-017  -3.7185875761727107E-017  0.43377824937618825        7.6255552798151793E-018   2.6053193564190703E-016   7.7131617594124455E-017  -3.5669650700724432E-017   4.5614442822636852E-018   1.6040280184105383E-016  -4.1836354076956106E-018   7.6737382773208668E-017  -6.7896692058959201E-016
   1.3876658430551412E-017   7.8911848120736869E-017  0.33243375034943362        6.9546906214102373E-016   1.0754833800150982E-016   7.7258439807696315E-017  0.43377824937618770       -9.6382360349269171E-017  -1.1751231910566779E-016   2.3292347577038089E-017  -9.4891735955193492E-018  -1.1247738592029715E-016  -3.8086070214475645E-018  -1.1156885916960248E-016  -3.9379132032353034E-016
   2.8010527800861961E-017   9.7485421661032295E-017   6.9546906214102373E-016  0.62031134698202739       -1.7249461620680681E-016   3.9239559653427473E-018   1.2561828946516019E-015  0.58468193534681379       -4.9720375261834616E-015  -4.7742072774448949E-019   1.4798798870492151E-017  -4.6831544200017935E-015   6.7621885588209330E-018  -5.0343775762550375E-015   3.0742524795574809E-003
  0.43377824937618836       -3.7185875761727107E-017   1.0754833800150982E-016  -1.7249461620680681E-016  0.56601825005458695       -3.3248866622888872E-017   3.9853973076714644E-016  -3.3974546788531726E-016   1.4039710085536692E-018   3.5051438595428182E-018  -2.8108827987061961E-017   5.6036522347702540E-018   1.9642957028282695E-017  -7.0076232433405081E-018   3.4116332839739628E-016
  -8.2037964384736815E-018  0.43377824937618825        7.7258439807696315E-017   3.9239559653427473E-018  -3.3248866622888872E-017  0.56601825005458672       -2.3617537323975533E-017   2.2590793252514779E-016   1.0064567155520215E-016  -4.6543765849756031E-017   5.9520289781271821E-018   2.0930259489149543E-016  -5.4590427153406099E-018   1.0013125179403102E-016   5.7559516061732962E-016
   2.1598493122037394E-016   7.6255552798151793E-018  0.43377824937618770        1.2561828946516019E-015   3.9853973076714644E-016  -2.3617537323975533E-017  0.56601825005458761        2.0320412018243215E-016  -1.5333668139354815E-016   3.0393164789101226E-017  -1.2382007259986219E-017  -1.4676681747154726E-016  -4.9696845900538153E-018  -1.4558132068304892E-016  -3.0689970156657404E-016
  -1.0973220510124754E-016   2.6053193564190703E-016  -9.6382360349269171E-017  0.58468193534681379       -3.3974546788531726E-016   2.2590793252514779E-016   2.0320412018243215E-016  0.55110333404505263       -4.6860877824189292E-015  -3.5436490433560586E-019   1.3770876059955680E-017  -4.4138933128142832E-015   6.3495429579751553E-018  -4.7448121354079147E-015   5.8413846792851167E-003
   1.0759583921646873E-018   7.7131617594124455E-017  -1.1751231910566779E-016  -4.9720375261834616E-015   1.4039710085536692E-018   1.0064567155520215E-016  -1.5333668139354815E-016  -4.6860877824189292E-015   3.9943214793262935E-029  -4.5884214075222004E-033  -1.2931763358489898E-031   3.7637156671757068E-029  -5.5826698324124022E-032   4.0443641660746283E-029   2.2425187117875694E-016
   2.6862299352671730E-018  -3.5669650700724432E-017   2.3292347577038089E-017  -4.7742072774448949E-019   3.5051438595428182E-018  -4.6543765849756031E-017   3.0393164789101226E-017  -3.5436490433560586E-019  -4.5884214075222004E-033   7.5935776326720892E-033  -5.2691454819256452E-033  -1.5482352760518639E-032  -2.3687773083436326E-034  -3.3604988950110667E-033   6.5013399899231548E-017
  -2.1541705051150276E-017   4.5614442822636852E-018  -9.4891735955193492E-018   1.4798798870492151E-017  -2.8108827987061961E-017   5.9520289781271821E-018  -1.2382007259986219E-017   1.3770876059955680E-017  -1.2931763358489898E-031  -5.2691454819256452E-033   9.3923508437726832E-033  -1.1769988891197869E-031   2.3309612330455796E-034  -1.3200080618626854E-031  -1.2087730660947161E-016
   4.2944595095237724E-018   1.6040280184105383E-016  -1.1247738592029715E-016  -4.6831544200017935E-015   5.6036522347702540E-018   2.0930259489149543E-016  -1.4676681747154726E-016  -4.4138933128142832E-015   3.7637156671757068E-029  -1.5482352760518639E-032  -1.1769988891197869E-031   3.5488718121786085E-029  -5.3101202389061689E-032   3.8107705712683206E-029   1.6056607082907090E-016
   1.5053732828364506E-017  -4.1836354076956106E-018  -3.8086070214475645E-018   6.7621885588209330E-018   1.9642957028282695E-017  -5.4590427153406099E-018  -4.9696845900538153E-018   6.3495429579751553E-018  -5.5826698324124022E-032  -2.3687773083436326E-034   2.3309612330455796E-034  -5.3101202389061689E-032   9.8737764732063253E-034  -5.7057329867540413E-032  -1.6445400542254549E-017
  -5.3704179017049699E-018   7.6737382773208668E-017  -1.1156885916960248E-016  -5.0343775762550375E-015  -7.0076232433405081E-018   1.0013125179403102E-016  -1.4558132068304892E-016  -4.7448121354079147E-015   4.0443641660746283E-029  -3.3604988950110667E-033  -1.3200080618626854E-031   3.8107705712683206E-029  -5.7057329867540413E-032   4.0950848423143293E-029   2.4774582287884014E-016
   1.3972528308521054E-017  -6.7896692058959201E-016  -3.9379132032353034E-016   3.0742524795574809E-003   3.4116332839739628E-016   5.7559516061732962E-016  -3.0689970156657404E-016   5.8413846792851167E-003   2.2425187117875694E-016   6.5013399899231548E-017  -1.2087730660947161E-016   1.6056607082907090E-016  -1.6445400542254549E-017   2.4774582287884014E-016   2.0012711830921091     
