  0.40777266441122356       -3.6135872286751635E-009  -1.9643221269660829E-009  -5.4686762341704614E-008  -5.0177066989823385E-009   4.6244980347470499E-008  -2.5925388638407290E-008  -2.8000561316583503E-008   7.1481539933215241E-009   3.3018268027765844E-008   4.9069309414397936E-008  0.29753055935065187        2.4323594896443923E-010   8.2117880722340731E-010   3.1765375776125633E-008  -1.2549318803694972E-002   4.5061064190146108E-010   3.1004356126482609E-010   4.1147106774416692E-009  -2.3234140357301244E-009   4.3410566711916862E-009  -1.8867017317393621E-009  -2.9524512057213734E-009   9.2720405302245965E-010   5.2758653003190209E-009
  -3.6135872286751635E-009  0.40777273700542854       -3.3411550839245850E-009   1.0109466424128262E-007  -8.4722079028723381E-009  -1.1702374436363344E-008  -5.3773249348357620E-009   1.8848294251923760E-008  -2.9101621822914385E-008  -1.0376086262061405E-008  -7.2066045210285401E-008   9.8508771582073668E-010  0.29753054701503484        2.3644769947092721E-009  -5.6556491313647580E-008   5.3565903480686163E-010  -1.2549329378375343E-002   6.3004224871760413E-010  -6.7501984279897683E-009  -2.3813184263668578E-010  -2.9405000440746682E-009  -7.6415505441498031E-010   6.6017198764397112E-010  -2.2425185421825739E-009  -4.2204011519937179E-010
  -1.9643221269660829E-009  -3.3411550839245850E-009  0.40777269248358694       -2.4388328782696743E-008   2.2761867872234586E-008   3.8135813065806315E-008   3.5294290417101011E-008   1.8011366205946627E-008   4.0080965806589068E-008  -4.0773233574287407E-008   1.5621948354282895E-008  -1.5384784356072218E-010  -1.2284672367170445E-009  0.29753055458003563        1.3327499950557998E-008   2.0446415631708824E-010   2.7381682584753325E-010  -1.2549322880827678E-002   1.4591203776852191E-009   2.2155633143266904E-009   5.0993418648605442E-009   3.3462600514864936E-009   1.3823684041215186E-009   3.4895493969634816E-009  -3.5979317018618284E-009
  -5.4686762341704614E-008   1.0109466424128262E-007  -2.4388328782696743E-008  0.56524201376984806        1.5078207307836265E-008  -2.8111714671867212E-009   4.4362594978623659E-009  -2.6685068601391439E-008  -6.3344470822289502E-009   1.1606907067782949E-008  0.59669234407496652        5.9854431457516472E-008  -1.0620378369098610E-008  -4.1213706498113348E-008  -5.2044976547472050E-003   1.2995978293193237E-008  -2.1567860569436136E-008   1.3212960077996570E-009   9.9918233147652195E-004   3.2415778904544508E-009  -5.9862113653953009E-010   9.4456563881959982E-010  -5.6925844812454117E-009  -1.4829366101709036E-009   2.4510124260903921E-009
  -5.0177066989823385E-009  -8.4722079028723381E-009   2.2761867872234586E-008   1.5078207307836265E-008   1.9113614950247108E-015   1.7284175996087436E-015   2.5191489596470117E-015   2.4537034214341645E-016   2.5860145818471430E-015  -2.1567305815378139E-015   1.5920976589742414E-008  -3.6607871845803836E-009  -6.1822125346740062E-009   1.6608390399585792E-008   2.9101148988765019E-010   8.3210822961843679E-010  -6.1936296854258729E-010  -2.6439376833075428E-010   4.0413152253877818E-011   2.4854203554237241E-016   2.7906299553766451E-016   2.4790984517621363E-016  -5.6672693704545046E-017   1.9728442603975685E-016  -1.9186918512051359E-016
   4.6244980347470499E-008  -1.1702374436363344E-008   3.8135813065806315E-008  -2.8111714671867212E-009   1.7284175996087436E-015   9.1633212737107328E-015   4.9223859910702557E-016  -1.8996141501252220E-015   5.4260282827062495E-015   1.7119636799405391E-016  -2.9681095978948988E-009   3.3743739152817774E-008  -8.5384350566670317E-009   2.7825741009355056E-008  -3.5499379477905431E-011   7.2914535482852029E-010   6.8533825169831005E-010  -1.1394303755229297E-009  -8.9866843524955101E-012  -6.3484645857101490E-017   1.0705814445831397E-015   1.0606170444874853E-016  -1.9309764686856386E-016   5.0103748413088060E-016   2.5658227091446142E-016
  -2.5925388638407290E-008  -5.3773249348357620E-009   3.5294290417101011E-008   4.4362594978623659E-009   2.5191489596470117E-015   4.9223859910702557E-016   4.8103590747583487E-015   2.8823629787415973E-015   3.3500127704355199E-015  -5.4015115344098155E-015   4.6841536987158949E-009  -1.8916787735355579E-008  -3.9233297512557915E-009   2.5753242208353128E-008   7.8750929569811636E-011   1.0740631610305886E-010   5.7743181106610484E-010   4.3592809098389705E-010   1.3032576626703505E-011   3.6874739306457883E-016   1.9501263027825928E-016   4.2911484205681706E-016   2.6117194564554436E-016   2.6938036231129307E-016  -6.2991929463495976E-016
  -2.8000561316583503E-008   1.8848294251923760E-008   1.8011366205946627E-008  -2.6685068601391439E-008   2.4537034214341645E-016  -1.8996141501252220E-015   2.8823629787415973E-015   4.8521608996503502E-015   2.3309545488475394E-016  -5.0975333901755791E-015  -2.8176052111940271E-008  -2.0430936721589259E-008   1.3753746433205355E-008   1.3142362084712138E-008  -4.5429508548294340E-010   1.7528817507336193E-010   1.4745466308316787E-009   1.8199693329340851E-010  -7.4677218711582449E-011   8.6928132487256451E-017  -1.8204531300209841E-016   1.9947930293450727E-016   5.7926119758777710E-016   5.2022924484125270E-017  -6.6618960932935469E-016
   7.1481539933215241E-009  -2.9101621822914385E-008   4.0080965806589068E-008  -6.3344470822289502E-009   2.5860145818471430E-015   5.4260282827062495E-015   3.3500127704355199E-015   2.3309545488475394E-016   6.2156665165625308E-015  -2.8191105080034586E-015  -6.6882458214716680E-009   5.2158188169805525E-009  -2.1234499317725725E-008   2.9246150945053672E-008  -9.5780710468128005E-011   1.1465590617414954E-010  -1.3132602035072619E-010   8.7397694033314630E-010  -1.9424507285383066E-011   1.6689985206123410E-016   7.9336059039747144E-016   3.3728381744664227E-016   9.8656866193614325E-017   5.5443405181612009E-016  -2.6555678329725513E-016
   3.3018268027765844E-008  -1.0376086262061405E-008  -4.0773233574287407E-008   1.1606907067782949E-008  -2.1567305815378139E-015   1.7119636799405391E-016  -5.4015115344098155E-015  -5.0975333901755791E-015  -2.8191105080034586E-015   7.2542648644693258E-015   1.2255124180564278E-008   2.4091723915201936E-008  -7.5715338349899304E-009  -2.9750752116051524E-008   1.6332132349961816E-010  -1.0073961810280937E-009  -8.5518352588391706E-010   8.2397886507654677E-011   3.4263881701843451E-011  -3.3546993842182747E-016  -9.7017721678341969E-017  -4.4738907597262993E-016  -5.2258890236799328E-016  -2.4930744987863687E-016   8.5805896332744101E-016
   4.9069309414397936E-008  -7.2066045210285401E-008   1.5621948354282895E-008  0.59669234407496652        1.5920976589742414E-008  -2.9681095978948988E-009   4.6841536987158949E-009  -2.8176052111940271E-008  -6.6882458214716680E-009   1.2255124180564278E-008  0.63005006086152726        1.4112720852631232E-007  -1.4158854695232455E-007  -1.3356802460872693E-008   1.2283058819745327E-002   8.5051686072818164E-009   2.7898263530387482E-009  -6.1257127549603540E-009   1.8026179192176673E-003   3.4043785496339516E-009  -6.3079337736104116E-010   9.9410338551943861E-010  -5.9828828350537566E-009  -1.5605014584576513E-009   2.5785105096665168E-009
  0.29753055935065187        9.8508771582073668E-010  -1.5384784356072218E-010   5.9854431457516472E-008  -3.6607871845803836E-009   3.3743739152817774E-008  -1.8916787735355579E-008  -2.0430936721589259E-008   5.2158188169805525E-009   2.4091723915201936E-008   1.4112720852631232E-007  0.21709321191554151        2.8198324747123307E-009   1.5326939972095478E-009   2.4282197810211434E-008  -8.0632430622181485E-003   3.4338394023099224E-011   1.7339520689197876E-010   3.2253528842660966E-009  -1.6936572858747194E-009   3.1743112017589143E-009  -1.3817148941849857E-009  -2.1539258969806615E-009   6.7609176252480191E-010   3.8475832257956492E-009
   2.4323594896443923E-010  0.29753054701503484       -1.2284672367170445E-009  -1.0620378369098610E-008  -6.1822125346740062E-009  -8.5384350566670317E-009  -3.9233297512557915E-009   1.3753746433205355E-008  -2.1234499317725725E-008  -7.5715338349899304E-009  -1.4158854695232455E-007   2.8198324747123307E-009  0.21709315527024731        2.6073928130645610E-009  -3.3421393648506465E-008   8.1311638427407638E-011  -8.0632449387740505E-003   1.7581450890816767E-010  -5.2916977011922914E-009  -1.7787281255509431E-010  -2.1438390389684079E-009  -5.5798908240624657E-010   4.8991790322275900E-010  -1.6414190911049995E-009  -3.1204506866775555E-010
   8.2117880722340731E-010   2.3644769947092721E-009  0.29753055458003563       -4.1213706498113348E-008   1.6608390399585792E-008   2.7825741009355056E-008   2.5753242208353128E-008   1.3142362084712138E-008   2.9246150945053672E-008  -2.9750752116051524E-008  -1.3356802460872693E-008   1.5326939972095478E-009   2.6073928130645610E-009  0.21709319001026944        6.5292577967680105E-009   9.8803847947424538E-011  -2.1854597425812492E-010  -8.0632435864184254E-003   1.2432784434324730E-009   1.6190046647448310E-009   3.7201896548060733E-009   2.4408796482614995E-009   1.0116051636595408E-009   2.5533254833465408E-009  -2.6306098159848987E-009
   3.1765375776125633E-008  -5.6556491313647580E-008   1.3327499950557998E-008  -5.2044976547472050E-003   2.9101148988765019E-010  -3.5499379477905431E-011   7.8750929569811636E-011  -4.5429508548294340E-010  -9.5780710468128005E-011   1.6332132349961816E-010   1.2283058819745327E-002   2.4282197810211434E-008  -3.3421393648506465E-008   6.5292577967680105E-009   2.0104533637543569       -1.4247058287242956E-009   8.4039920612009588E-009  -2.5646267517771267E-009  -5.3685780345712552E-005  -2.0160303504485596E-009   1.3359351973307299E-010  -3.5009016265600076E-010   3.0427665302560756E-009   5.7293662702779331E-010  -1.0267288737470167E-009
  -1.2549318803694972E-002   5.3565903480686163E-010   2.0446415631708824E-010   1.2995978293193237E-008   8.3210822961843679E-010   7.2914535482852029E-010   1.0740631610305886E-010   1.7528817507336193E-010   1.1465590617414954E-010  -1.0073961810280937E-009   8.5051686072818164E-009  -8.0632430622181485E-003   8.1311638427407638E-011   9.8803847947424538E-011  -1.4247058287242956E-009   2.0005914501978186       -6.7899112462159273E-011  -1.2990645165860491E-011  -1.7701291914092731E-010   3.0293938350613965E-009   1.2430005320193339E-008  -9.2477157030173496E-009   6.8648635749929352E-010  -8.3470521199411550E-010  -3.7158802187887341E-009
   4.5061064190146108E-010  -1.2549329378375343E-002   2.7381682584753325E-010  -2.1567860569436136E-008  -6.1936296854258729E-010   6.8533825169831005E-010   5.7743181106610484E-010   1.4745466308316787E-009  -1.3132602035072619E-010  -8.5518352588391706E-010   2.7898263530387482E-009   3.4338394023099224E-011  -8.0632449387740505E-003  -2.1854597425812492E-010   8.4039920612009588E-009  -6.7899112462159273E-011   2.0005914515432459       -7.7587369796908219E-011   9.3809064293444305E-010  -7.5297429132230870E-009   3.1835058416483116E-009  -7.5355052657332525E-010   1.5024775039173241E-008  -9.3895938210353928E-009  -7.4950316668198174E-009
   3.1004356126482609E-010   6.3004224871760413E-010  -1.2549322880827678E-002   1.3212960077996570E-009  -2.6439376833075428E-010  -1.1394303755229297E-009   4.3592809098389705E-010   1.8199693329340851E-010   8.7397694033314630E-010   8.2397886507654677E-011  -6.1257127549603540E-009   1.7339520689197876E-010   1.7581450890816767E-010  -8.0632435864184254E-003  -2.5646267517771267E-009  -1.2990645165860491E-011  -7.7587369796908219E-011   2.0005914507577405       -2.6653271273406223E-010   4.3651470502322271E-009  -1.1361669087194474E-009  -1.4063697839947242E-009   5.3771916529898160E-009   1.3032511207753708E-008  -9.7423381228745374E-009
   4.1147106774416692E-009  -6.7501984279897683E-009   1.4591203776852191E-009   9.9918233147652195E-004   4.0413152253877818E-011  -8.9866843524955101E-012   1.3032576626703505E-011  -7.4677218711582449E-011  -1.9424507285383066E-011   3.4263881701843451E-011   1.8026179192176673E-003   3.2253528842660966E-009  -5.2916977011922914E-009   1.2432784434324730E-009  -5.3685780345712552E-005  -1.7701291914092731E-010   9.3809064293444305E-010  -2.6653271273406223E-010   2.0000607987284913        8.6341246680535915E-012  -1.6177693046546872E-012   2.4167434739026912E-012  -1.5140882866819712E-011  -3.9488198971538998E-012   6.5046007267967534E-012
  -2.3234140357301244E-009  -2.3813184263668578E-010   2.2155633143266904E-009   3.2415778904544508E-009   2.4854203554237241E-016  -6.3484645857101490E-017   3.6874739306457883E-016   8.6928132487256451E-017   1.6689985206123410E-016  -3.3546993842182747E-016   3.4043785496339516E-009  -1.6936572858747194E-009  -1.7787281255509431E-010   1.6190046647448310E-009  -2.0160303504485596E-009   3.0293938350613965E-009  -7.5297429132230870E-009   4.3651470502322271E-009   8.6341246680535915E-012   8.8568676958243087E-017   5.8831585251429036E-018   2.1409793773580938E-017  -5.5451421726900212E-017   6.9502534375899531E-017  -3.3117229785899541E-017
   4.3410566711916862E-009  -2.9405000440746682E-009   5.0993418648605442E-009  -5.9862113653953009E-010   2.7906299553766451E-016   1.0705814445831397E-015   1.9501263027825928E-016  -1.8204531300209841E-016   7.9336059039747144E-016  -9.7017721678341969E-017  -6.3079337736104116E-010   3.1743112017589143E-009  -2.1438390389684079E-009   3.7201896548060733E-009   1.3359351973307299E-010   1.2430005320193339E-008   3.1835058416483116E-009  -1.1361669087194474E-009  -1.6177693046546872E-012   5.8831585251429036E-018   2.1600565833030354E-016  -3.2765494369148370E-017   1.1667351155651240E-017   4.5163248071552989E-017  -1.7550514498358151E-017
  -1.8867017317393621E-009  -7.6415505441498031E-010   3.3462600514864936E-009   9.4456563881959982E-010   2.4790984517621363E-016   1.0606170444874853E-016   4.2911484205681706E-016   1.9947930293450727E-016   3.3728381744664227E-016  -4.4738907597262993E-016   9.9410338551943861E-010  -1.3817148941849857E-009  -5.5798908240624657E-010   2.4408796482614995E-009  -3.5009016265600076E-010  -9.2477157030173496E-009  -7.5355052657332525E-010  -1.4063697839947242E-009   2.4167434739026912E-012   2.1409793773580938E-017  -3.2765494369148370E-017   8.3703482472646197E-017   1.5991335251574592E-018   2.4838143513860154E-017  -2.3008919433816218E-017
  -2.9524512057213734E-009   6.6017198764397112E-010   1.3823684041215186E-009  -5.6925844812454117E-009  -5.6672693704545046E-017  -1.9309764686856386E-016   2.6117194564554436E-016   5.7926119758777710E-016   9.8656866193614325E-017  -5.2258890236799328E-016  -5.9828828350537566E-009  -2.1539258969806615E-009   4.8991790322275900E-010   1.0116051636595408E-009   3.0427665302560756E-009   6.8648635749929352E-010   1.5024775039173241E-008   5.3771916529898160E-009  -1.5140882866819712E-011  -5.5451421726900212E-017   1.1667351155651240E-017   1.5991335251574592E-018   2.1693884704987771E-016  -1.8529400819399442E-017  -1.6148746843270629E-016
   9.2720405302245965E-010  -2.2425185421825739E-009   3.4895493969634816E-009  -1.4829366101709036E-009   1.9728442603975685E-016   5.0103748413088060E-016   2.6938036231129307E-016   5.2022924484125270E-017   5.5443405181612009E-016  -2.4930744987863687E-016  -1.5605014584576513E-009   6.7609176252480191E-010  -1.6414190911049995E-009   2.5533254833465408E-009   5.7293662702779331E-010  -8.3470521199411550E-010  -9.3895938210353928E-009   1.3032511207753708E-008  -3.9488198971538998E-012   6.9502534375899531E-017   4.5163248071552989E-017   2.4838143513860154E-017  -1.8529400819399442E-017   1.7972176014530063E-016  -5.0973145054734793E-017
   5.2758653003190209E-009  -4.2204011519937179E-010  -3.5979317018618284E-009   2.4510124260903921E-009  -1.9186918512051359E-016   2.5658227091446142E-016  -6.2991929463495976E-016  -6.6618960932935469E-016  -2.6555678329725513E-016   8.5805896332744101E-016   2.5785105096665168E-009   3.8475832257956492E-009  -3.1204506866775555E-010  -2.6306098159848987E-009  -1.0267288737470167E-009  -3.7158802187887341E-009  -7.4950316668198174E-009  -9.7423381228745374E-009   6.5046007267967534E-012  -3.3117229785899541E-017  -1.7550514498358151E-017  -2.3008919433816218E-017  -1.6148746843270629E-016  -5.0973145054734793E-017   1.9460471588298112E-016
