  0.43463264491935283        1.0916030128113379E-008  -9.9877600892479634E-009   5.6782110859515599E-008   1.4307015636277350E-007   2.7467515705244508E-008   6.2344328074785486E-009  -6.9143244936093681E-008   8.9722564118896303E-008  -7.3926910989660380E-008  -4.3445780785189934E-008  0.41143343285494610       -9.1485535225962680E-010   2.0735164498966885E-010  -3.6574976059793797E-008  -4.9053707706606135E-003  -1.3784421948586739E-009   1.2360965890267916E-009  -4.0088572013760064E-009   1.6168135804215521E-008   4.4779225131565109E-009  -5.4875842511520174E-010  -7.4415145066045108E-009   1.5598514008943417E-008  -8.7266213213249257E-009
   1.0916030128113379E-008  0.43463253487321474       -7.3983850927752381E-009  -9.6712957692623238E-008  -2.9857113427537214E-008   1.0833032290711862E-008  -2.2951696008191293E-008  -7.1499450251493853E-009  -1.6579584649644638E-008   3.7007057593219416E-008   8.1225581193452059E-008   2.0587146723914397E-010  0.41143343642880015        5.8012338278771664E-009   5.7608347723777746E-008  -1.2805677616851053E-009  -4.9053580743428004E-003   1.3281129957598989E-009   7.6182143624144975E-009  -4.9440468881150139E-009  -4.2937647816488870E-009  -3.7632247158286718E-009  -1.5148740242433467E-009  -4.6636000650241083E-009   6.4589205865549001E-009
  -9.9877600892479634E-009  -7.3983850927752381E-009  0.43463266311656451        6.4928871736983615E-008  -7.6720917010405025E-008  -7.0650357878498830E-008   6.8241712788441360E-008   1.2691216652301939E-008   4.2925889656894172E-009   6.4029703274950223E-008  -2.1845582217945364E-008   4.4127897400499249E-010  -5.3206286664591993E-009  0.41143343226404161       -2.9677316817521942E-008   1.2611152494867272E-009   3.4652238615692958E-010  -4.9053729982179656E-003  -3.6172484669983106E-009  -1.1616261669399332E-008  -1.2292657192810754E-008   5.3247585892653344E-009   3.5986701421275443E-009   3.1199347198950413E-010   8.0175927074610949E-009
   5.6782110859515599E-008  -9.6712957692623238E-008   6.4928871736983615E-008  0.59367918705315381       -9.7580527538204378E-009   2.7747351824406401E-009   9.6862514415613182E-010   2.0369851856331928E-008  -1.8375954517115237E-009  -1.0611799813363793E-008  0.60460104027935035        1.1661165236396015E-007  -6.7236892972993748E-008   3.8424762738768119E-008  -9.6187378767391904E-003  -4.2073252044790841E-009   5.8953017263783317E-009  -7.1451888662473925E-009   3.7886562893863672E-004  -2.5658592281387462E-009   8.8240725637568101E-010   4.6659276633752660E-010   5.4701354919544250E-009  -7.2549642817965821E-010  -2.9042829060755613E-009
   1.4307015636277350E-007  -2.9857113427537214E-008  -7.6720917010405025E-008  -9.7580527538204378E-009   6.2856869845611343E-014   2.0722521019670682E-014  -8.4326680153800008E-015  -2.4849409283255672E-014   2.9941929875704264E-014  -3.8007460867698708E-014  -9.9401193611580452E-009   1.3543101824718947E-007  -2.8264134965128733E-008  -7.2625729540125409E-008  -1.3233439207217986E-010   2.1487939797758373E-009   1.3467235351747814E-009   7.4712624093400012E-010  -1.5781627660961080E-011   7.8027686662143565E-015   3.9312609696941213E-015  -8.5295684451152297E-016  -3.0942899286992844E-015   5.4114144061850301E-015  -4.7084788255005423E-015
   2.7467515705244508E-008   1.0833032290711862E-008  -7.0650357878498830E-008   2.7747351824406401E-009   2.0722521019670682E-014   1.3507626290502158E-014  -1.1264004382017984E-014  -6.5170448373801383E-015   4.5533399849140323E-015  -1.4205476652341516E-014   2.8257566841108077E-009   2.6001890977100168E-008   1.0253377037429293E-008  -6.6880599987069374E-008  -4.9517258509624012E-011  -1.0505990704701964E-009   1.9934586557103610E-009   2.7573017785629731E-009   7.2311184755592087E-012   2.7648830991732354E-015   2.2100269687085171E-015  -9.7146007086206503E-016  -1.0704636180594769E-015   8.2409527697702593E-016  -1.6944197153748421E-015
   6.2344328074785486E-009  -2.2951696008191293E-008   6.8241712788441360E-008   9.6862514415613182E-010  -8.4326680153800008E-015  -1.1264004382017984E-014   1.2019777843492514E-014   1.4095819697893169E-015   2.8339094586494528E-015   7.0230865551458116E-015   9.8674798919229439E-010   5.9015742954012295E-009  -2.1726888558573694E-008   6.4597840373551213E-008   2.2178002345653618E-011   5.9974510078728291E-011   6.6012776684927915E-010   1.2445465410754536E-009   3.2683782558022167E-013  -1.3357861601667944E-015  -1.6302462683935657E-015   1.0526241698276581E-015   5.4018929994279589E-016   5.1675410522653977E-016   7.9559705197101343E-016
  -6.9143244936093681E-008  -7.1499450251493853E-009   1.2691216652301939E-008   2.0369851856331928E-008  -2.4849409283255672E-014  -6.5170448373801383E-015   1.4095819697893169E-015   1.2192229296464957E-014  -1.3935850710518163E-014   1.2657180004645311E-014   2.0750329816377471E-008  -6.5450819680225280E-008  -6.7678864512899344E-009   1.2014993186436863E-008   3.3035460705955243E-010  -1.8763277875736098E-009  -5.3909450373784745E-010  -1.9132903670059907E-009   3.0662569513487252E-011  -2.9491484200442576E-015  -9.7619088358149954E-016   2.8640854362498834E-016   1.5226949543224052E-015  -2.4170543462221914E-015   1.4264532867304618E-015
   8.9722564118896303E-008  -1.6579584649644638E-008   4.2925889656894172E-009  -1.8375954517115237E-009   2.9941929875704264E-014   4.5533399849140323E-015   2.8339094586494528E-015  -1.3935850710518163E-014   1.9206369087267607E-014  -1.6006079010176967E-014  -1.8713255314010716E-009   8.4935135857833821E-008  -1.5695617155394746E-008   4.0632792045505466E-009   4.1995022124099154E-011  -3.4695245142101804E-009   1.6520864646194277E-009   2.2941759862283675E-010  -4.4732606017820267E-012   3.3896330267949659E-015   9.8813895370969405E-016   7.3221073679536899E-017  -1.4466846826812146E-015   3.4136339152060673E-015  -1.9429483057627662E-015
  -7.3926910989660380E-008   3.7007057593219416E-008   6.4029703274950223E-008  -1.0611799813363793E-008  -3.8007460867698708E-014  -1.4205476652341516E-014   7.0230865551458116E-015   1.2657180004645311E-014  -1.6006079010176967E-014   2.5350281150542653E-014  -1.0810210835695985E-008  -6.9980198153309905E-008   3.5032020602065591E-008   6.0610739114767133E-008  -1.9798084620344878E-010  -2.7246613956677363E-010  -8.0762789310501696E-010   1.1661642075579140E-009  -1.4874210463362520E-011  -4.8536202675642698E-015  -2.9550701465451344E-015   5.6654833507630189E-016   1.5715949232383218E-015  -2.9943600181234056E-015   3.2820256113031424E-015
  -4.3445780785189934E-008   8.1225581193452059E-008  -2.1845582217945364E-008  0.60460104027935035       -9.9401193611580452E-009   2.8257566841108077E-009   9.8674798919229439E-010   2.0750329816377471E-008  -1.8713255314010716E-009  -1.0810210835695985E-008  0.61587490842386061        2.2984767135236611E-008   1.0163878106092532E-007  -4.4110090758268869E-008   7.6164942359189672E-003   1.5475350336412539E-008  -1.3153774031894135E-009   2.5269974605355373E-009   1.1719523586180996E-003  -2.6016666800084164E-009   8.9644238567503804E-010   4.7089092487523614E-010   5.5431260431148199E-009  -7.3500138759892984E-010  -2.9414659918126347E-009
  0.41143343285494610        2.0587146723914397E-010   4.4127897400499249E-010   1.1661165236396015E-007   1.3543101824718947E-007   2.6001890977100168E-008   5.9015742954012295E-009  -6.5450819680225280E-008   8.4935135857833821E-008  -6.9980198153309905E-008   2.2984767135236611E-008  0.38947342508825211       -1.0453788097872547E-008   9.5647657029415681E-009  -2.3230014344960558E-008  -5.9919946492461660E-003  -5.7311286521016678E-010   4.9204521429924428E-010  -4.2775949704634940E-009   1.5288172520034958E-008   4.2412279081463663E-009  -5.2591021135494925E-010  -7.0359004901543833E-009   1.4767884304545332E-008  -8.2522720523181041E-009
  -9.1485535225962680E-010  0.41143343642880015       -5.3206286664591993E-009  -6.7236892972993748E-008  -2.8264134965128733E-008   1.0253377037429293E-008  -2.1726888558573694E-008  -6.7678864512899344E-009  -1.5695617155394746E-008   3.5032020602065591E-008   1.0163878106092532E-007  -1.0453788097872547E-008  0.38947353047164507        7.0850082766847518E-009   5.2290325105223616E-008  -4.6004896704724546E-010  -5.9919877726042781E-003   9.5233072362292211E-010   7.2224165436774116E-009  -4.6815016237998963E-009  -4.0825750325144865E-009  -3.5625375055707943E-009  -1.4327103542763621E-009  -4.4212713953841179E-009   6.1142116711189036E-009
   2.0735164498966885E-010   5.8012338278771664E-009  0.41143343226404161        3.8424762738768119E-008  -7.2625729540125409E-008  -6.6880599987069374E-008   6.4597840373551213E-008   1.2014993186436863E-008   4.0632792045505466E-009   6.0610739114767133E-008  -4.4110090758268869E-008   9.5647657029415681E-009   7.0850082766847518E-009  0.38947340766176664       -2.3366262519835359E-008   5.1021300405560757E-010  -1.1187499564458348E-010  -5.9919955881876869E-003  -3.6244019863728957E-009  -1.0994354096071378E-008  -1.1638048145004269E-008   5.0242758553103278E-009   3.4104370672879490E-009   2.9724642380083692E-010   7.5839181456027838E-009
  -3.6574976059793797E-008   5.7608347723777746E-008  -2.9677316817521942E-008  -9.6187378767391904E-003  -1.3233439207217986E-010  -4.9517258509624012E-011   2.2178002345653618E-011   3.3035460705955243E-010   4.1995022124099154E-011  -1.9798084620344878E-010   7.6164942359189672E-003  -2.3230014344960558E-008   5.2290325105223616E-008  -2.3366262519835359E-008   2.0109624800532027        7.2901497564169570E-009  -2.5160080357000209E-009   3.5306479129735923E-009  -5.4632888428833358E-005   1.3581109309317747E-009  -2.6818348850964479E-010  -5.0221729345310876E-010  -3.2810806153172601E-009   4.5612153753234167E-010   1.9229852624846394E-009
  -4.9053707706606135E-003  -1.2805677616851053E-009   1.2611152494867272E-009  -4.2073252044790841E-009   2.1487939797758373E-009  -1.0505990704701964E-009   5.9974510078728291E-011  -1.8763277875736098E-009  -3.4695245142101804E-009  -2.7246613956677363E-010   1.5475350336412539E-008  -5.9919946492461660E-003  -4.6004896704724546E-010   5.1021300405560757E-010   7.2901497564169570E-009   1.9998144791909012        1.3969881436211578E-010  -1.2879135842579013E-010   7.9089355727725993E-010   2.4973318820312426E-008  -3.4936869848951220E-009   9.5609988026640146E-009  -1.2388939966630254E-008  -3.0914254598843680E-009  -1.2584378870015507E-008
  -1.3784421948586739E-009  -4.9053580743428004E-003   3.4652238615692958E-010   5.8953017263783317E-009   1.3467235351747814E-009   1.9934586557103610E-009   6.6012776684927915E-010  -5.3909450373784745E-010   1.6520864646194277E-009  -8.0762789310501696E-010  -1.3153774031894135E-009  -5.7311286521016678E-010  -5.9919877726042781E-003  -1.1187499564458348E-010  -2.5160080357000209E-009   1.3969881436211578E-010   1.9998144782172622       -6.9954127369802466E-011  -3.0918271326902930E-010   2.0568831959628232E-009   2.6735867717906397E-008   3.0947760291667116E-010  -1.9179041124668855E-009   9.8357269197202738E-009  -1.3898123933580420E-010
   1.2360965890267916E-009   1.3281129957598989E-009  -4.9053729982179656E-003  -7.1451888662473925E-009   7.4712624093400012E-010   2.7573017785629731E-009   1.2445465410754536E-009  -1.9132903670059907E-009   2.2941759862283675E-010   1.1661642075579140E-009   2.5269974605355373E-009   4.9204521429924428E-010   9.5233072362292211E-010  -5.9919955881876869E-003   3.5306479129735923E-009  -1.2879135842579013E-010  -6.9954127369802466E-011   1.9998144794119597        3.9626670745437895E-010  -2.6424868824366447E-009   2.4101243734436263E-009   2.4060712537632654E-008  -5.7535309569059208E-009  -2.8299373654813281E-009   8.3960183831752014E-009
  -4.0088572013760064E-009   7.6182143624144975E-009  -3.6172484669983106E-009   3.7886562893863672E-004  -1.5781627660961080E-011   7.2311184755592087E-012   3.2683782558022167E-013   3.0662569513487252E-011  -4.4732606017820267E-012  -1.4874210463362520E-011   1.1719523586180996E-003  -4.2775949704634940E-009   7.2224165436774116E-009  -3.6244019863728957E-009  -5.4632888428833358E-005   7.9089355727725993E-010  -3.0918271326902930E-010   3.9626670745437895E-010   2.0000679084395978       -3.4235677949207860E-012   1.7941130216855346E-012   3.0119433094644459E-013   6.7110881543887998E-012  -1.2712940198865199E-012  -3.2829799567524205E-012
   1.6168135804215521E-008  -4.9440468881150139E-009  -1.1616261669399332E-008  -2.5658592281387462E-009   7.8027686662143565E-015   2.7648830991732354E-015  -1.3357861601667944E-015  -2.9491484200442576E-015   3.3896330267949659E-015  -4.8536202675642698E-015  -2.6016666800084164E-009   1.5288172520034958E-008  -4.6815016237998963E-009  -1.0994354096071378E-008   1.3581109309317747E-009   2.4973318820312426E-008   2.0568831959628232E-009  -2.6424868824366447E-009  -3.4235677949207860E-012   1.3023963299089178E-015   5.2022242613970843E-016  -3.5252876226697535E-017  -5.3241589623055214E-016   6.0543111115832939E-016  -7.6998042670676334E-016
   4.4779225131565109E-009  -4.2937647816488870E-009  -1.2292657192810754E-008   8.8240725637568101E-010   3.9312609696941213E-015   2.2100269687085171E-015  -1.6302462683935657E-015  -9.7619088358149954E-016   9.8813895370969405E-016  -2.9550701465451344E-015   8.9644238567503804E-010   4.2412279081463663E-009  -4.0825750325144865E-009  -1.1638048145004269E-008  -2.6818348850964479E-010  -3.4936869848951220E-009   2.6735867717906397E-008   2.4101243734436263E-009   1.7941130216855346E-012   5.2022242613970843E-016   8.0222862045536885E-016  -1.0381092126285943E-016  -1.6578629834781737E-016   3.2918922260964779E-016  -3.5443619817789745E-016
  -5.4875842511520174E-010  -3.7632247158286718E-009   5.3247585892653344E-009   4.6659276633752660E-010  -8.5295684451152297E-016  -9.7146007086206503E-016   1.0526241698276581E-015   2.8640854362498834E-016   7.3221073679536899E-017   5.6654833507630189E-016   4.7089092487523614E-010  -5.2591021135494925E-010  -3.5625375055707943E-009   5.0242758553103278E-009  -5.0221729345310876E-010   9.5609988026640146E-009   3.0947760291667116E-010   2.4060712537632654E-008   3.0119433094644459E-013  -3.5252876226697535E-017  -1.0381092126285943E-016   4.3562934973280153E-016  -5.7077792289248966E-017  -2.2887455653446361E-017   9.2330683152056291E-017
  -7.4415145066045108E-009  -1.5148740242433467E-009   3.5986701421275443E-009   5.4701354919544250E-009  -3.0942899286992844E-015  -1.0704636180594769E-015   5.4018929994279589E-016   1.5226949543224052E-015  -1.4466846826812146E-015   1.5715949232383218E-015   5.5431260431148199E-009  -7.0359004901543833E-009  -1.4327103542763621E-009   3.4104370672879490E-009  -3.2810806153172601E-009  -1.2388939966630254E-008  -1.9179041124668855E-009  -5.7535309569059208E-009   6.7110881543887998E-012  -5.3241589623055214E-016  -1.6578629834781737E-016  -5.7077792289248966E-017   3.1394471006358374E-016  -2.3882857899834124E-016   2.1847111232567024E-016
   1.5598514008943417E-008  -4.6636000650241083E-009   3.1199347198950413E-010  -7.2549642817965821E-010   5.4114144061850301E-015   8.2409527697702593E-016   5.1675410522653977E-016  -2.4170543462221914E-015   3.4136339152060673E-015  -2.9943600181234056E-015  -7.3500138759892984E-010   1.4767884304545332E-008  -4.4212713953841179E-009   2.9724642380083692E-010   4.5612153753234167E-010  -3.0914254598843680E-009   9.8357269197202738E-009  -2.8299373654813281E-009  -1.2712940198865199E-012   6.0543111115832939E-016   3.2918922260964779E-016  -2.2887455653446361E-017  -2.3882857899834124E-016   6.6716880430225723E-016  -3.6660252846180295E-016
  -8.7266213213249257E-009   6.4589205865549001E-009   8.0175927074610949E-009  -2.9042829060755613E-009  -4.7084788255005423E-015  -1.6944197153748421E-015   7.9559705197101343E-016   1.4264532867304618E-015  -1.9429483057627662E-015   3.2820256113031424E-015  -2.9414659918126347E-009  -8.2522720523181041E-009   6.1142116711189036E-009   7.5839181456027838E-009   1.9229852624846394E-009  -1.2584378870015507E-008  -1.3898123933580420E-010   8.3960183831752014E-009  -3.2829799567524205E-012  -7.6998042670676334E-016  -3.5443619817789745E-016   9.2330683152056291E-017   2.1847111232567024E-016  -3.6660252846180295E-016   5.5150938125099857E-016
