  0.48316773705796845        1.7590154850236448E-017   4.5791301200815896E-016  -2.9700682918330833E-016  -2.1932429001453299E-017  -4.0826137504279485E-017   2.3829915246652169E-017   1.9659696073806913E-017  -2.5568570546445379E-017   9.4562719985808786E-018  -3.5247247848563963E-016  0.40426196431005451       -7.5316313701287341E-017   3.6046875916994926E-016  -3.8033446353854455E-016  -1.0019515967866956E-002   1.2560321382016255E-015   3.2269527570439551E-016  -2.1787460784809443E-016  -2.0701087285209956E-016  -1.7854534216490086E-004   1.7279281018145658E-016  -7.3125025262658255E-016  -4.4413825735859022E-018  -5.8050766151877252E-017   1.6596821795715644E-016  -3.8874372980807405E-017   6.7903614343530595E-017  -5.6331883098724277E-017
   1.7590154850236448E-017  0.48316773705797034       -4.9966425079927805E-016  -1.4406097615386989E-017   1.4654667678480531E-017   1.7496155252837704E-017   3.6341739783629860E-017  -4.4899921339360353E-017  -4.5038560366151313E-017   4.4254996005396625E-018   1.9185941487605417E-017   1.1701738988913502E-016  0.40426196431005490       -7.5309655449829785E-016   5.9760728297226889E-016   2.8038474942205167E-016  -1.0019515967863650E-002   6.7169003228104965E-016  -6.3098058657045940E-016  -4.1628688274213099E-015  -9.7803452540121782E-016  -1.7854534216151462E-004   9.6575266278682418E-016   2.5521646584758842E-016   1.0753004987456008E-016   2.6062470771178835E-017  -8.3251299864586143E-017   8.3277940175601234E-018  -1.7581595132966643E-016
   4.5791301200815896E-016  -4.9966425079927805E-016  0.48316773705797161       -4.6498056881662622E-016   7.1531824505257396E-017   1.6475478849674023E-017   6.9637912808926635E-017   7.4352044110419360E-017  -6.1810266465036076E-017   1.9764219387871655E-016   9.8272877908376717E-016   2.7687605551385142E-016   5.7850141835221381E-016  0.40426196431005523       -2.9087568605434942E-016   1.5471909108502532E-016   1.6425480893127175E-015  -1.0019515967865985E-002  -3.2364013793611223E-016  -2.9722146806569616E-015  -7.3892605774998120E-017  -2.1839338008070142E-015  -1.7854534216561719E-004   1.3030635097469911E-015   7.2756980835966881E-016   1.6301114878125373E-015   2.4575576941960402E-016   2.6893994731138498E-016  -3.4548453903842137E-016
  -2.9700682918330833E-016  -1.4406097615386989E-017  -4.6498056881662622E-016  0.52747621965856839        2.0046648626075162E-015  -1.5809104256507073E-016  -3.8037452902494956E-016  -2.2007649144326234E-015  -2.4094390748037281E-017  -5.2152311599918029E-015  0.60099304189737046       -4.6771210439945900E-016   4.4913172387063562E-017  -3.3681586399194618E-016  -8.1344953404495143E-003   5.1629648303172861E-016  -3.5207233857676964E-016   2.3821152642297395E-015  -4.0307287891349432E-004   7.7809309873314752E-005  -1.8292248092024692E-016  -6.4676418190065180E-016  -5.8924185751068142E-016   1.2590061655442760E-014   8.5072558553014470E-017  -1.2982055203274972E-015  -6.4036963106939493E-015   3.4491596262033420E-016  -9.6637374149949182E-015
  -2.1932429001453299E-017   1.4654667678480531E-017   7.1531824505257396E-017   2.0046648626075162E-015   2.9342327159834078E-004  -7.1121607384816155E-018  -7.2536607356062826E-018  -1.4671163579911434E-004  -1.7050292636293216E-017  -1.4671163579918400E-004   1.5762239147925180E-015  -1.4751836455078467E-017   1.2385418224514016E-017   3.8239045487846356E-017  -2.6543788110665781E-014  -5.8098969250468096E-016  -7.2848002212031124E-016   2.0332738290973095E-016  -1.3990407356618887E-014  -5.4351979066022140E-016  -2.6971825279440786E-016  -4.8732127860155311E-016  -7.3315980987294853E-016   2.4149079864971959E-002   4.9933958081267466E-016  -2.2635118512666257E-016  -1.2074539932484550E-002  -8.8523323320296411E-016  -1.2074539932487275E-002
  -4.0826137504279485E-017   1.7496155252837704E-017   1.6475478849674023E-017  -1.5809104256507073E-016  -7.1121607384816155E-018   2.9342327159819073E-004   1.3783565215202255E-017  -8.0740669457375000E-018  -2.3932899381058008E-017   2.0168264755709861E-017  -1.8608961041176528E-016  -3.5342702299510735E-017   1.0014342190606475E-017   4.0580803615431794E-018  -9.2730398074044449E-017   2.9746831387925228E-016  -6.9580332195594850E-017  -2.5927962930404618E-017   8.1117696334061221E-016   5.1426575499343051E-016  -4.4052861013589374E-017   8.6346571967272250E-016  -1.7943597637613766E-017  -1.0762120048149352E-015   2.4149079864966040E-002   1.0897806785365626E-015   3.8179311295306335E-016  -9.7413087626451874E-016   7.1165505942643660E-016
   2.3829915246652169E-017   3.6341739783629860E-017   6.9637912808926635E-017  -3.8037452902494956E-016  -7.2536607356062826E-018   1.3783565215202255E-017   2.9342327159821816E-004   3.2378284808643541E-017   3.5923849334150179E-017  -1.2660282998067544E-017  -4.0354540491306778E-016   1.7227577570374728E-017   3.4242666866399484E-017   5.5955076277862198E-017  -3.8885821313402299E-016  -4.4109954087928620E-016   8.9401318933044043E-016  -5.5410260184335040E-016   6.9727826248177458E-017   1.2513051862300914E-015  -3.3920375723671154E-016  -1.0297711431762938E-015   1.4360203071073160E-015  -3.4058795777167300E-016   3.4483902422798382E-017   2.4149079864967157E-002   4.6728708646498666E-016   9.5065686690880212E-016  -8.1817982869714649E-017
   1.9659696073806913E-017  -4.4899921339360353E-017   7.4352044110419360E-017  -2.2007649144326234E-015  -1.4671163579911434E-004  -8.0740669457375000E-018   3.2378284808643541E-017   2.9342327159823838E-004  -8.9361512714188291E-018  -1.4671163579912984E-004  -2.6649299562341308E-015   1.4541783959064891E-017  -3.8003207066513737E-017   6.7092056393340361E-017  -3.0787273111744015E-014   1.9773506121266747E-015  -1.3643384743216778E-016  -1.4743386746109886E-016  -1.1322670593472324E-014  -2.6784174488662068E-016   3.6534334200456338E-016   2.9406012451116160E-016   4.8320840480951031E-016  -1.2074539932482722E-002  -1.0324387185294458E-015   2.1950179348853236E-015   2.4149079864967716E-002  -3.9029330033700441E-016  -1.2074539932485010E-002
  -2.5568570546445379E-017  -4.5038560366151313E-017  -6.1810266465036076E-017  -2.4094390748037281E-017  -1.7050292636293216E-017  -2.3932899381058008E-017   3.5923849334150179E-017  -8.9361512714188291E-018   2.9342327159816178E-004   1.7189852067700866E-017  -2.6595951466921602E-017  -2.1974424708382579E-017  -3.8105396850013954E-017  -5.0659235577113495E-017   4.5996364321339030E-016  -4.6099445790606255E-017   1.2935466921103299E-016   4.9363327131203632E-016   1.0822776159348129E-015  -7.5087882176341799E-016  -2.3392484680944835E-016   1.0263480331028549E-016   4.2719995469059310E-016  -4.9827353690900628E-016  -9.8984312567784861E-016   1.9957764098124015E-015  -3.5091558565209042E-016   2.4149079864964843E-002   8.3994412851872841E-016
   9.4562719985808786E-018   4.4254996005396625E-018   1.9764219387871655E-016  -5.2152311599918029E-015  -1.4671163579918400E-004   2.0168264755709861E-017  -1.2660282998067544E-017  -1.4671163579912984E-004   1.7189852067700866E-017   2.9342327159827714E-004  -5.9514005710287215E-015   6.2057352431351931E-018   3.7051062738209185E-018   1.8227702015542142E-016  -2.8541209084104917E-014  -1.4179404750985731E-015  -2.3361834285304591E-016   7.9504635724922539E-016  -1.3774783574513750E-014   1.3195206892848444E-016   2.8975174012807086E-017   7.9435964410907146E-016   5.4253157186372489E-016  -1.2074539932485742E-002   9.4312714105429596E-016  -9.4283650287431627E-016  -1.2074539932483643E-002   5.5155651503293728E-016   2.4149079864969267E-002
  -3.5247247848563963E-016   1.9185941487605417E-017   9.8272877908376717E-016  0.60099304189737046        1.5762239147925180E-015  -1.8608961041176528E-016  -4.0354540491306778E-016  -2.6649299562341308E-015  -2.6595951466921602E-017  -5.9514005710287215E-015  0.68493946237441061       -5.3656969567489488E-016   7.4583915682092754E-017   8.8737620049258065E-016   9.6074294101179940E-003  -3.0891777241695356E-016   1.7734913701268515E-015  -3.0333451268863569E-015   3.0022834828003844E-003   4.2982851206760505E-004   2.1540743163524518E-017   7.3281828534445331E-016   3.8509844100314262E-016  -2.2800209115859387E-014  -4.5404366711322515E-016   1.2334052578613083E-015   4.0641229230440735E-015  -3.5671691604691553E-017   1.1228459322490497E-014
  0.40426196431005451        1.1701738988913502E-016   2.7687605551385142E-016  -4.6771210439945900E-016  -1.4751836455078467E-017  -3.5342702299510735E-017   1.7227577570374728E-017   1.4541783959064891E-017  -2.1974424708382579E-017   6.2057352431351931E-018  -5.3656969567489488E-016  0.33824236271192937        2.1819454576348345E-017   2.1241441111676258E-016   4.7172138572225033E-016  -7.9040716971445178E-003  -1.3372308158474649E-015  -3.9252935040958764E-016   2.6825799973837730E-016   8.3339022164017610E-016  -3.0321944047832425E-004  -1.7164355321288043E-016   5.0256117688042678E-016   3.0239104555846321E-016  -1.5227945096369896E-016  -7.7626237148645843E-017  -2.2637117628299524E-016   8.4976906266583081E-018  -1.5939605857508179E-016
  -7.5316313701287341E-017  0.40426196431005490        5.7850141835221381E-016   4.4913172387063562E-017   1.2385418224514016E-017   1.0014342190606475E-017   3.4242666866399484E-017  -3.8003207066513737E-017  -3.8105396850013954E-017   3.7051062738209185E-018   7.4583915682092754E-017   2.1819454576348345E-017  0.33824236271192853        2.0274511417534853E-016  -5.6023566271196762E-016  -3.1425106286645627E-017  -7.9040716971470869E-003  -8.9590346809241737E-016   5.7102678646195255E-016   3.9261506629698238E-015   1.0797271005632739E-015  -3.0321944048127811E-004  -8.6231294384805479E-016   2.3483364202255318E-016  -2.8396982664231723E-016   3.1332863238429161E-016  -1.0142790214692110E-016  -2.9625851624042498E-017  -1.3772700717593312E-016
   3.6046875916994926E-016  -7.5309655449829785E-016  0.40426196431005523       -3.3681586399194618E-016   3.8239045487846356E-017   4.0580803615431794E-018   5.5955076277862198E-017   6.7092056393340361E-017  -5.0659235577113495E-017   1.8227702015542142E-016   8.8737620049258065E-016   2.1241441111676258E-016   2.0274511417534853E-016  0.33824236271192831        3.5350035543146053E-016   1.9178987624502221E-017  -3.8235883803593078E-016  -7.9040716971457321E-003  -3.6562367464667107E-017   3.6850324375601796E-015   8.7847861804446613E-017   2.3968016048532872E-015  -3.0321944047742328E-004  -6.9705632448704497E-016  -1.9133360763771158E-016   1.1938671040271650E-015   6.1382783052553416E-016   3.0497487286402111E-016   1.0908318604806193E-015
  -3.8033446353854455E-016   5.9760728297226889E-016  -2.9087568605434942E-016  -8.1344953404495143E-003  -2.6543788110665781E-014  -9.2730398074044449E-017  -3.8885821313402299E-016  -3.0787273111744015E-014   4.5996364321339030E-016  -2.8541209084104917E-014   9.6074294101179940E-003   4.7172138572225033E-016  -5.6023566271196762E-016   3.5350035543146053E-016   2.0112673579271387       -2.1357658030394163E-016   3.6662134276063659E-015  -3.8357171656523277E-015  -2.7873133032038384E-004  -4.7828131844374438E-005   7.2906517796326992E-017   6.8738258435905600E-016   6.1686960614101569E-017  -1.3426359562994904E-013  -9.8784086799409922E-016  -2.1335163194940624E-015  -1.0766873201003202E-013  -1.2980951960851221E-017  -1.0422802049393328E-013
  -1.0019515967866956E-002   2.8038474942205167E-016   1.5471909108502532E-016   5.1629648303172861E-016  -5.8098969250468096E-016   2.9746831387925228E-016  -4.4109954087928620E-016   1.9773506121266747E-015  -4.6099445790606255E-017  -1.4179404750985731E-015  -3.0891777241695356E-016  -7.9040716971445178E-003  -3.1425106286645627E-017   1.9178987624502221E-017  -2.1357658030394163E-016   2.0003167245915274       -2.6228779007509056E-016   5.1012349627058825E-017  -2.4722523015231179E-017   7.3642351558203119E-017  -1.6940286235381219E-005  -8.5323110293787729E-018  -6.7295474950539846E-016   7.4113931669855269E-016  -6.6150284702076954E-016   3.1003754766368317E-016  -7.4906885284957333E-016   3.6030594255210823E-016  -1.3689512653071858E-017
   1.2560321382016255E-015  -1.0019515967863650E-002   1.6425480893127175E-015  -3.5207233857676964E-016  -7.2848002212031124E-016  -6.9580332195594850E-017   8.9401318933044043E-016  -1.3643384743216778E-016   1.2935466921103299E-016  -2.3361834285304591E-016   1.7734913701268515E-015  -1.3372308158474649E-015  -7.9040716971470869E-003  -3.8235883803593078E-016   3.6662134276063659E-015  -2.6228779007509056E-016   2.0003167245915212        2.6607421094841677E-015   2.1730129427000903E-015   1.7380920958567874E-015   3.6059955834446427E-016  -1.6940286236278912E-005  -6.4435155507573452E-016  -5.7682216838209399E-016  -4.1462526831195225E-016  -6.5485501279693214E-016  -2.2020459291298800E-015   8.3596738476753399E-017  -2.0024276911685571E-015
   3.2269527570439551E-016   6.7169003228104965E-016  -1.0019515967865985E-002   2.3821152642297395E-015   2.0332738290973095E-016  -2.5927962930404618E-017  -5.5410260184335040E-016  -1.4743386746109886E-016   4.9363327131203632E-016   7.9504635724922539E-016  -3.0333451268863569E-015  -3.9252935040958764E-016  -8.9590346809241737E-016  -7.9040716971457321E-003  -3.8357171656523277E-015   5.1012349627058825E-017   2.6607421094841677E-015   2.0003167245915288       -1.1233415237080373E-015   1.3437068044725446E-015   3.4175575467903395E-017   1.6727181781344254E-015  -1.6940286234052462E-005  -9.5815165848787924E-017   3.0504139660368728E-016   3.8131422506807136E-016   1.9109974554924722E-015  -2.5182669411730946E-016   1.4766754408004100E-015
  -2.1787460784809443E-016  -6.3098058657045940E-016  -3.2364013793611223E-016  -4.0307287891349432E-004  -1.3990407356618887E-014   8.1117696334061221E-016   6.9727826248177458E-017  -1.1322670593472324E-014   1.0822776159348129E-015  -1.3774783574513750E-014   3.0022834828003844E-003   2.6825799973837730E-016   5.7102678646195255E-016  -3.6562367464667107E-017  -2.7873133032038384E-004  -2.4722523015231179E-017   2.1730129427000903E-015  -1.1233415237080373E-015   2.0005117579142397        3.4722309324418377E-006   3.0757100006661679E-018  -2.0543414639766385E-016  -1.1139104037813881E-015  -6.4599877845906278E-014  -1.0155633231021122E-015  -7.3504354038802743E-016  -5.6023987544487239E-014  -2.7080777646518307E-016  -5.0224416035246923E-014
  -2.0701087285209956E-016  -4.1628688274213099E-015  -2.9722146806569616E-015   7.7809309873314752E-005  -5.4351979066022140E-016   5.1426575499343051E-016   1.2513051862300914E-015  -2.6784174488662068E-016  -7.5087882176341799E-016   1.3195206892848444E-016   4.2982851206760505E-004   8.3339022164017610E-016   3.9261506629698238E-015   3.6850324375601796E-015  -4.7828131844374438E-005   7.3642351558203119E-017   1.7380920958567874E-015   1.3437068044725446E-015   3.4722309324418377E-006   2.0000074671167050        3.3758303555029127E-018  -2.8614278175151296E-015  -1.3084015082176828E-015  -1.2062695587189921E-015   1.4658943948015319E-015   2.5810611825801920E-015  -2.5725239948324735E-016   5.0040664859267145E-016   1.4860017401962751E-017
  -1.7854534216490086E-004  -9.7803452540121782E-016  -7.3892605774998120E-017  -1.8292248092024692E-016  -2.6971825279440786E-016  -4.4052861013589374E-017  -3.3920375723671154E-016   3.6534334200456338E-016  -2.3392484680944835E-016   2.8975174012807086E-017   2.1540743163524518E-017  -3.0321944047832425E-004   1.0797271005632739E-015   8.7847861804446613E-017   7.2906517796326992E-017  -1.6940286235381219E-005   3.6059955834446427E-016   3.4175575467903395E-017   3.0757100006661679E-018   3.3758303555029127E-018   1.9999971977541322        2.4676987091529575E-017   1.7721892051140699E-017   1.9018753530976094E-016  -1.2489379863737233E-016   1.6226906695616673E-016   1.3368385745578494E-016  -1.4633317336135656E-016  -3.7246092220130711E-016
   1.7279281018145658E-016  -1.7854534216151462E-004  -2.1839338008070142E-015  -6.4676418190065180E-016  -4.8732127860155311E-016   8.6346571967272250E-016  -1.0297711431762938E-015   2.9406012451116160E-016   1.0263480331028549E-016   7.9435964410907146E-016   7.3281828534445331E-016  -1.7164355321288043E-016  -3.0321944048127811E-004   2.3968016048532872E-015   6.8738258435905600E-016  -8.5323110293787729E-018  -1.6940286236278912E-005   1.6727181781344254E-015  -2.0543414639766385E-016  -2.8614278175151296E-015   2.4676987091529575E-017   1.9999971977541249        6.6707996686471571E-016   5.7238761529030185E-016   8.6963197301368801E-016  -1.8578141474975574E-015  -7.4967658860916438E-016  -5.2680847645332641E-017  -4.2228187964268791E-016
  -7.3125025262658255E-016   9.6575266278682418E-016  -1.7854534216561719E-004  -5.8924185751068142E-016  -7.3315980987294853E-016  -1.7943597637613766E-017   1.4360203071073160E-015   4.8320840480951031E-016   4.2719995469059310E-016   5.4253157186372489E-016   3.8509844100314262E-016   5.0256117688042678E-016  -8.6231294384805479E-016  -3.0321944047742328E-004   6.1686960614101569E-017  -6.7295474950539846E-016  -6.4435155507573452E-016  -1.6940286234052462E-005  -1.1139104037813881E-015  -1.3084015082176828E-015   1.7721892051140699E-017   6.6707996686471571E-016   1.9999971977541275        1.8014112509124106E-016   3.2583025971905070E-016  -3.0696799417795468E-016   1.9116407639853843E-016  -5.0128472415955831E-016  -2.3844611737840199E-016
  -4.4413825735859022E-018   2.5521646584758842E-016   1.3030635097469911E-015   1.2590061655442760E-014   2.4149079864971959E-002  -1.0762120048149352E-015  -3.4058795777167300E-016  -1.2074539932482722E-002  -4.9827353690900628E-016  -1.2074539932485742E-002  -2.2800209115859387E-014   3.0239104555846321E-016   2.3483364202255318E-016  -6.9705632448704497E-016  -1.3426359562994904E-013   7.4113931669855269E-016  -5.7682216838209399E-016  -9.5815165848787924E-017  -6.4599877845906278E-014  -1.2062695587189921E-015   1.9018753530976094E-016   5.7238761529030185E-016   1.8014112509124106E-016   1.9874976348947906        6.9680487779506998E-016   2.4727437064360114E-015 -0.99374881744738930        1.6256527374247517E-015 -0.99374881744739019     
  -5.8050766151877252E-017   1.0753004987456008E-016   7.2756980835966881E-016   8.5072558553014470E-017   4.9933958081267466E-016   2.4149079864966040E-002   3.4483902422798382E-017  -1.0324387185294458E-015  -9.8984312567784861E-016   9.4312714105429596E-016  -4.5404366711322515E-016  -1.5227945096369896E-016  -2.8396982664231723E-016  -1.9133360763771158E-016  -9.8784086799409922E-016  -6.6150284702076954E-016  -4.1462526831195225E-016   3.0504139660368728E-016  -1.0155633231021122E-015   1.4658943948015319E-015  -1.2489379863737233E-016   8.6963197301368801E-016   3.2583025971905070E-016   6.9680487779506998E-016   1.9874976348948330       -8.3440453304374573E-016   1.1406348955631533E-015   4.7173636524845678E-016  -4.1885440428566164E-016
   1.6596821795715644E-016   2.6062470771178835E-017   1.6301114878125373E-015  -1.2982055203274972E-015  -2.2635118512666257E-016   1.0897806785365626E-015   2.4149079864967157E-002   2.1950179348853236E-015   1.9957764098124015E-015  -9.4283650287431627E-016   1.2334052578613083E-015  -7.7626237148645843E-017   3.1332863238429161E-016   1.1938671040271650E-015  -2.1335163194940624E-015   3.1003754766368317E-016  -6.5485501279693214E-016   3.8131422506807136E-016  -7.3504354038802743E-016   2.5810611825801920E-015   1.6226906695616673E-016  -1.8578141474975574E-015  -3.0696799417795468E-016   2.4727437064360114E-015  -8.3440453304374573E-016   1.9874976348948310       -2.0289827218516800E-016  -8.3468320688334063E-016   1.4239504757611075E-015
  -3.8874372980807405E-017  -8.3251299864586143E-017   2.4575576941960402E-016  -6.4036963106939493E-015  -1.2074539932484550E-002   3.8179311295306335E-016   4.6728708646498666E-016   2.4149079864967716E-002  -3.5091558565209042E-016  -1.2074539932483643E-002   4.0641229230440735E-015  -2.2637117628299524E-016  -1.0142790214692110E-016   6.1382783052553416E-016  -1.0766873201003202E-013  -7.4906885284957333E-016  -2.2020459291298800E-015   1.9109974554924722E-015  -5.6023987544487239E-014  -2.5725239948324735E-016   1.3368385745578494E-016  -7.4967658860916438E-016   1.9116407639853843E-016 -0.99374881744738930        1.1406348955631533E-015  -2.0289827218516800E-016   1.9874976348947859       -4.7347108872444927E-016 -0.99374881744739796     
   6.7903614343530595E-017   8.3277940175601234E-018   2.6893994731138498E-016   3.4491596262033420E-016  -8.8523323320296411E-016  -9.7413087626451874E-016   9.5065686690880212E-016  -3.9029330033700441E-016   2.4149079864964843E-002   5.5155651503293728E-016  -3.5671691604691553E-017   8.4976906266583081E-018  -2.9625851624042498E-017   3.0497487286402111E-016  -1.2980951960851221E-017   3.6030594255210823E-016   8.3596738476753399E-017  -2.5182669411730946E-016  -2.7080777646518307E-016   5.0040664859267145E-016  -1.4633317336135656E-016  -5.2680847645332641E-017  -5.0128472415955831E-016   1.6256527374247517E-015   4.7173636524845678E-016  -8.3468320688334063E-016  -4.7347108872444927E-016   1.9874976348948314       -1.9129121030248262E-015
  -5.6331883098724277E-017  -1.7581595132966643E-016  -3.4548453903842137E-016  -9.6637374149949182E-015  -1.2074539932487275E-002   7.1165505942643660E-016  -8.1817982869714649E-017  -1.2074539932485010E-002   8.3994412851872841E-016   2.4149079864969267E-002   1.1228459322490497E-014  -1.5939605857508179E-016  -1.3772700717593312E-016   1.0908318604806193E-015  -1.0422802049393328E-013  -1.3689512653071858E-017  -2.0024276911685571E-015   1.4766754408004100E-015  -5.0224416035246923E-014   1.4860017401962751E-017  -3.7246092220130711E-016  -4.2228187964268791E-016  -2.3844611737840199E-016 -0.99374881744739019       -4.1885440428566164E-016   1.4239504757611075E-015 -0.99374881744739796       -1.9129121030248262E-015   1.9874976348947786     
