  0.32183168818714775       -1.8664378349850573E-008   1.9438124451769487E-008   6.4962309790790759E-008   1.8004883717448534E-008   3.4042185012356011E-008  -1.7086496159902980E-008  -4.5728694575662984E-009   6.1967483575857632E-009  -1.3432014330235670E-008   2.3572616610256460E-008  0.18816950050456580        3.9764721635496133E-009  -3.7352509164842006E-009  -1.2308678989926594E-008  -1.3908659313569070E-002   2.7442110973230772E-009  -2.8752343281056802E-009  -1.3888951430856491E-009   1.2094367129923707E-009   2.6414866477432208E-009  -4.8602536459983179E-010  -9.6120660131829654E-011   7.3218671081353033E-010  -1.1133160182943696E-009
  -1.8664378349850573E-008  0.32183167959599196       -1.2299615788651315E-008   3.4332014039866417E-008  -1.3765567727976215E-008   1.7426876479508350E-008   2.9779655113887823E-009   4.0223547425196836E-008  -1.6857270463312616E-008  -2.6457980290939540E-008  -1.3843889213787157E-007   6.0767073992205492E-009  0.18816950281793424        3.0407726228400578E-009  -5.1664409813260797E-008   2.9718396085268203E-009  -1.3908658073672116E-002   1.8871939547984164E-009  -5.9460990691583741E-009  -8.3293331081747530E-010   1.2514402288967596E-009   3.7466905427514627E-010   3.1287904684132891E-009  -4.6211669269921162E-010  -2.2958572800291001E-009
   1.9438124451769487E-008  -1.2299615788651315E-008  0.32183167790204142        6.2061627322368193E-008   1.9623125972699255E-008   7.2760460349306088E-009   1.8591704575664532E-008   7.2655522076451315E-009   3.0180470395398421E-008  -2.6888678944211638E-008  -1.7183840330861596E-008  -6.7352241724807862E-009   3.5844723566095818E-009  0.18816950327407106       -2.2591842000331786E-008  -3.1912805232727529E-009   1.9653446905212356E-009  -1.3908657839873865E-002  -2.8442918467317859E-009   1.3970397559763928E-009   8.5814218397070340E-010   1.3747974657330996E-009  -1.8513466376931645E-011   2.1762300622485907E-009  -1.3785264471154629E-009
   6.4962309790790759E-008   3.4332014039866417E-008   6.2061627322368193E-008  0.53126161217629808       -1.1995354565495735E-008   3.8605985352565355E-008  -4.0477748409033857E-008   4.6133099336387100E-009   2.5610625528950883E-008   7.3820779336130967E-009  0.58570272970889825        9.8342869193504704E-009  -3.6737022682889245E-008  -1.1829768275530219E-007  -5.7193668338943425E-003  -7.0117087129783637E-009  -1.9764719959753447E-008  -1.9025931835349963E-008   1.0149398906982672E-003  -2.4165340137975035E-009   7.7165908934122831E-009  -7.8893302823323880E-009   8.4810846459916747E-010   4.9983161628193740E-009   1.5684322524128081E-009
   1.8004883717448534E-008  -1.3765567727976215E-008   1.9623125972699255E-008  -1.1995354565495735E-008   3.0640617592260119E-015   7.3112965282087013E-016   9.6434663159634030E-016  -1.6381802610253684E-015   2.3303003590862040E-015  -1.4258822850227393E-015  -1.3228248324700671E-008   1.0527461921518532E-008  -8.0490795025509327E-009   1.1473687600325038E-008  -2.5338545948187886E-010  -3.3369736280390159E-010  -2.3744444497581997E-010  -3.1451630848591027E-010  -3.5676821236047013E-011   2.4856856398750751E-016  -2.7215439080206263E-017   2.1949873723417774E-016  -1.6621166380496091E-016   8.6197994986626001E-017  -8.2357063694017285E-017
   3.4042185012356011E-008   1.7426876479508350E-008   7.2760460349306088E-009   3.8605985352565355E-008   7.3112965282087013E-016   7.5167974621987177E-015  -4.1686053887179059E-015   2.1942026981085308E-015   2.2867629234497045E-015  -2.9253299557339098E-015   4.2573627518203380E-008   1.9905129074413380E-008   1.0189450699976024E-008   4.2543246296339188E-009   7.8425639439890605E-010   2.8819433286719047E-010  -3.9281314952659919E-010  -9.3154370125156445E-011   1.1427185583122213E-010  -5.3940361353516600E-017   9.3760372615046351E-016  -5.7474911635959751E-016   2.1915863049399115E-016   4.6338021960530213E-016  -1.6521775851537833E-016
  -1.7086496159902980E-008   2.9779655113887823E-009   1.8591704575664532E-008  -4.0477748409033857E-008   9.6434663159634030E-016  -4.1686053887179059E-015   5.0939603480003066E-015   6.8340013642325022E-016  -6.9319989338921340E-016  -1.6477493848207011E-015  -4.4637830037149453E-008  -9.9907397130602832E-009   1.7412915444556712E-009   1.0870499639686206E-008  -8.2770684317780294E-010  -4.9822561794384156E-011   4.3166574115076092E-011  -4.7321037038601609E-010  -1.1975780051633635E-010   1.8819666117136483E-016  -6.6936269190173736E-016   7.1050782650498881E-016  -2.7960355138339492E-017  -2.9422059117052987E-016  -1.6023686044152889E-016
  -4.5728694575662984E-009   4.0223547425196836E-008   7.2655522076451315E-009   4.6133099336387100E-009  -1.6381802610253684E-015   2.1942026981085308E-015   6.8340013642325022E-016   5.2982027695592519E-015  -1.2915325008632040E-015  -3.6600223058059384E-015   5.0875313062555336E-009  -2.6737941059019004E-009   2.3519347929054081E-008   4.2483582453691735E-009   1.0626156742220660E-010   3.2665866845485015E-011   1.3358315043870955E-010   1.2872778511930797E-010   1.3776152169025027E-011  -1.1867740026597859E-016   2.1010789852225577E-016   1.7485158406167466E-017   4.1435243071650700E-016   2.4052316070489102E-017  -2.9567498739079164E-016
   6.1967483575857632E-009  -1.6857270463312616E-008   3.0180470395398421E-008   2.5610625528950883E-008   2.3303003590862040E-015   2.2867629234497045E-015  -6.9319989338921340E-016  -1.2915325008632040E-015   5.0690942514809764E-015  -1.0387662725811629E-015   2.8242710933132682E-008   3.6232712657976323E-009  -9.8567262021494608E-009   1.7647139843430004E-008   5.2031801534345601E-010  -6.7065035760801479E-011  -7.0700437953497385E-011   3.0729907296649793E-010   7.5769567585970651E-011   8.7166185797574457E-017   4.3400571325477650E-016  -2.7279342408423397E-016  -1.3162024972167379E-016   4.9549172198758216E-016   4.4454399265284932E-017
  -1.3432014330235670E-008  -2.6457980290939540E-008  -2.6888678944211638E-008   7.3820779336130967E-009  -1.4258822850227393E-015  -2.9253299557339098E-015  -1.6477493848207011E-015  -3.6600223058059384E-015  -1.0387662725811629E-015   5.0859051749263511E-015   8.1407542463555334E-009  -7.8536678567313224E-009  -1.5470268773921608E-008  -1.5722046291662959E-008   1.4717701109603302E-010   3.0103152938266320E-010   1.0386092786997797E-010   1.8578949045069322E-010   2.1905008707345276E-011  -1.2989128469682709E-016  -1.8289208163997962E-016  -2.3698429165725129E-016  -2.4814073091712874E-016  -1.1025005878967817E-016   3.7803213606745459E-016
   2.3572616610256460E-008  -1.3843889213787157E-007  -1.7183840330861596E-008  0.58570272970889825       -1.3228248324700671E-008   4.2573627518203380E-008  -4.4637830037149453E-008   5.0875313062555336E-009   2.8242710933132682E-008   8.1407542463555334E-009  0.64590728076485437       -1.7245290179598215E-008  -1.4348698749604526E-007  -1.8050820234839477E-007   1.2944712007840602E-002  -1.7232616551519462E-009   9.5833383253586552E-009  -1.6979457685683861E-008   1.7789110149364512E-003  -2.6533126611615523E-009   8.4715866208797611E-009  -8.6622750081349806E-009   9.3164759082006583E-010   5.4874472846063691E-009   1.7216729433863355E-009
  0.18816950050456580        6.0767073992205492E-009  -6.7352241724807862E-009   9.8342869193504704E-009   1.0527461921518532E-008   1.9905129074413380E-008  -9.9907397130602832E-009  -2.6737941059019004E-009   3.6232712657976323E-009  -7.8536678567313224E-009  -1.7245290179598215E-008  0.11002050082739216        1.2257732445427802E-008  -1.2765937907644122E-008  -6.6801695983310460E-009  -6.7161795469915016E-003   4.1626718358717642E-010  -2.1844545426459727E-010  -1.0679691424782198E-009   7.1348272056752047E-010   1.5535939486361641E-009  -2.8758023452843035E-010  -5.9461781176714635E-011   4.2731153555300018E-010  -6.5402091926981877E-010
   3.9764721635496133E-009  0.18816950281793424        3.5844723566095818E-009  -3.6737022682889245E-008  -8.0490795025509327E-009   1.0189450699976024E-008   1.7412915444556712E-009   2.3519347929054081E-008  -9.8567262021494608E-009  -1.5470268773921608E-008  -1.4348698749604526E-007   1.2257732445427802E-008  0.11002050646952818        8.0777420583857413E-009  -2.2163690830775665E-008   5.7583657242644351E-010  -6.7161791138906591E-003   2.6405163418943851E-010  -3.7229462366524224E-009  -4.9275498502097012E-010   7.3656600343114925E-010   2.1820019507391693E-010   1.8400871569972392E-009  -2.7280323071806235E-010  -1.3473322433606210E-009
  -3.7352509164842006E-009   3.0407726228400578E-009  0.18816950327407106       -1.1829768275530219E-007   1.1473687600325038E-008   4.2543246296339188E-009   1.0870499639686206E-008   4.2483582453691735E-009   1.7647139843430004E-008  -1.5722046291662959E-008  -1.8050820234839477E-007  -1.2765937907644122E-008   8.0777420583857413E-009  0.11002050758206156       -1.5327813516192238E-008  -5.2953262158323891E-010   2.0924560604784447E-010  -6.7161790259091074E-003  -1.9534097255572655E-009   8.1782625763379469E-010   5.0099580548436714E-010   8.0919550647429237E-010  -9.3951096103816277E-012   1.2827221386609531E-009  -8.0843124008028130E-010
  -1.2308678989926594E-008  -5.1664409813260797E-008  -2.2591842000331786E-008  -5.7193668338943425E-003  -2.5338545948187886E-010   7.8425639439890605E-010  -8.2770684317780294E-010   1.0626156742220660E-010   5.2031801534345601E-010   1.4717701109603302E-010   1.2944712007840602E-002  -6.6801695983310460E-009  -2.2163690830775665E-008  -1.5327813516192238E-008   2.0101619680574996        1.6279817317116576E-009   9.2613585700235548E-009   8.2792147415037800E-010  -2.7636088360561446E-005   1.1596768054945494E-009  -3.8175252785647699E-009   3.7937197261469491E-009  -3.6097797568950514E-010  -2.4630720538497764E-009  -7.9864854755657928E-010
  -1.3908659313569070E-002   2.9718396085268203E-009  -3.1912805232727529E-009  -7.0117087129783637E-009  -3.3369736280390159E-010   2.8819433286719047E-010  -4.9822561794384156E-011   3.2665866845485015E-011  -6.7065035760801479E-011   3.0103152938266320E-010  -1.7232616551519462E-009  -6.7161795469915016E-003   5.7583657242644351E-010  -5.2953262158323891E-010   1.6279817317116576E-009   2.0008378340544000       -2.9978905028170800E-010   3.5288567526312985E-010   1.6595009430193131E-010   8.9117791280537028E-009   1.2828464568461393E-008  -4.7958248064205097E-009  -4.6035141694703866E-009  -1.1407527579907106E-009  -4.3082650856821196E-009
   2.7442110973230772E-009  -1.3908658073672116E-002   1.9653446905212356E-009  -1.9764719959753447E-008  -2.3744444497581997E-010  -3.9281314952659919E-010   4.3166574115076092E-011   1.3358315043870955E-010  -7.0700437953497385E-011   1.0386092786997797E-010   9.5833383253586552E-009   4.1626718358717642E-010  -6.7161791138906591E-003   2.0924560604784447E-010   9.2613585700235548E-009  -2.9978905028170800E-010   2.0008378339737138       -2.2453304877212859E-010   1.0142651096814159E-009  -8.0914057123826851E-009   6.8266510032482689E-009  -1.2357092122184778E-009   1.5031723171295456E-008  -3.6684228639503635E-009  -6.9403171699103554E-009
  -2.8752343281056802E-009   1.8871939547984164E-009  -1.3908657839873865E-002  -1.9025931835349963E-008  -3.1451630848591027E-010  -9.3154370125156445E-011  -4.7321037038601609E-010   1.2872778511930797E-010   3.0729907296649793E-010   1.8578949045069322E-010  -1.6979457685683861E-008  -2.1844545426459727E-010   2.6405163418943851E-010  -6.7161790259091074E-003   8.2792147415037800E-010   3.5288567526312985E-010  -2.2453304877212859E-010   2.0008378339603254        1.0157257610873683E-010   1.3526287501644999E-009  -1.0866647243607132E-009   7.5299016164552349E-009   2.0202061608950362E-009   1.4482729711919950E-008  -3.3728348447708112E-009
  -1.3888951430856491E-009  -5.9460990691583741E-009  -2.8442918467317859E-009   1.0149398906982672E-003  -3.5676821236047013E-011   1.1427185583122213E-010  -1.1975780051633635E-010   1.3776152169025027E-011   7.5769567585970651E-011   2.1905008707345276E-011   1.7789110149364512E-003  -1.0679691424782198E-009  -3.7229462366524224E-009  -1.9534097255572655E-009  -2.7636088360561446E-005   1.6595009430193131E-010   1.0142651096814159E-009   1.0157257610873683E-010   2.0000471552762984       -6.2234952634688660E-012   2.0398057086821283E-011  -2.0715429252058129E-011   2.0548539777686548E-012   1.3185719971815531E-011   4.1707354983102880E-012
   1.2094367129923707E-009  -8.3293331081747530E-010   1.3970397559763928E-009  -2.4165340137975035E-009   2.4856856398750751E-016  -5.3940361353516600E-017   1.8819666117136483E-016  -1.1867740026597859E-016   8.7166185797574457E-017  -1.2989128469682709E-016  -2.6533126611615523E-009   7.1348272056752047E-010  -4.9275498502097012E-010   8.1782625763379469E-010   1.1596768054945494E-009   8.9117791280537028E-009  -8.0914057123826851E-009   1.3526287501644999E-009  -6.2234952634688660E-012   9.8590474633675889E-017   2.5093955567511048E-018   2.9879185921988791E-017  -9.3444726013271133E-017   9.6134708223544953E-018  -5.1457526244358360E-018
   2.6414866477432208E-009   1.2514402288967596E-009   8.5814218397070340E-010   7.7165908934122831E-009  -2.7215439080206263E-017   9.3760372615046351E-016  -6.6936269190173736E-016   2.1010789852225577E-016   4.3400571325477650E-016  -1.8289208163997962E-016   8.4715866208797611E-009   1.5535939486361641E-009   7.3656600343114925E-010   5.0099580548436714E-010  -3.8175252785647699E-009   1.2828464568461393E-008   6.8266510032482689E-009  -1.0866647243607132E-009   2.0398057086821283E-011   2.5093955567511048E-018   2.5582258107745330E-016  -1.5969446332059217E-016   4.5600375058249364E-017   5.9578789379841863E-017  -4.8109767275724490E-017
  -4.8602536459983179E-010   3.7466905427514627E-010   1.3747974657330996E-009  -7.8893302823323880E-009   2.1949873723417774E-016  -5.7474911635959751E-016   7.1050782650498881E-016   1.7485158406167466E-017  -2.7279342408423397E-016  -2.3698429165725129E-016  -8.6622750081349806E-009  -2.8758023452843035E-010   2.1820019507391693E-010   8.0919550647429237E-010   3.7937197261469491E-009  -4.7958248064205097E-009  -1.2357092122184778E-009   7.5299016164552349E-009  -2.0715429252058129E-011   2.9879185921988791E-017  -1.5969446332059217E-016   1.7218252332600179E-016  -2.4371147043889153E-020  -1.0791494521165886E-017  -2.9854821929480825E-017
  -9.6120660131829654E-011   3.1287904684132891E-009  -1.8513466376931645E-011   8.4810846459916747E-010  -1.6621166380496091E-016   2.1915863049399115E-016  -2.7960355138339492E-017   4.1435243071650700E-016  -1.3162024972167379E-016  -2.4814073091712874E-016   9.3164759082006583E-010  -5.9461781176714635E-011   1.8400871569972392E-009  -9.3951096103816277E-012  -3.6097797568950514E-010  -4.6035141694703866E-009   1.5031723171295456E-008   2.0202061608950362E-009   2.0548539777686548E-012  -9.3444726013271133E-017   4.5600375058249364E-017  -2.4371147043889153E-020   1.5952006722878091E-016  -7.1315729074489827E-018  -6.6075338018921400E-017
   7.3218671081353033E-010  -4.6211669269921162E-010   2.1762300622485907E-009   4.9983161628193740E-009   8.6197994986626001E-017   4.6338021960530213E-016  -2.9422059117052987E-016   2.4052316070489102E-017   4.9549172198758216E-016  -1.1025005878967817E-016   5.4874472846063691E-009   4.2731153555300018E-010  -2.7280323071806235E-010   1.2827221386609531E-009  -2.4630720538497764E-009  -1.1407527579907106E-009  -3.6684228639503635E-009   1.4482729711919950E-008   1.3185719971815531E-011   9.6134708223544953E-018   5.9578789379841863E-017  -1.0791494521165886E-017  -7.1315729074489827E-018   1.8060380508337098E-016  -2.4818960291024773E-018
  -1.1133160182943696E-009  -2.2958572800291001E-009  -1.3785264471154629E-009   1.5684322524128081E-009  -8.2357063694017285E-017  -1.6521775851537833E-016  -1.6023686044152889E-016  -2.9567498739079164E-016   4.4454399265284932E-017   3.7803213606745459E-016   1.7216729433863355E-009  -6.5402091926981877E-010  -1.3473322433606210E-009  -8.0843124008028130E-010  -7.9864854755657928E-010  -4.3082650856821196E-009  -6.9403171699103554E-009  -3.3728348447708112E-009   4.1707354983102880E-012  -5.1457526244358360E-018  -4.8109767275724490E-017  -2.9854821929480825E-017  -6.6075338018921400E-017  -2.4818960291024773E-018   7.1221091452148296E-017
