 7.2170410125274692E-005 -4.8854409411633951E-018  1.2212655041723712E-016 -7.8759147807417593E-017 -4.8449779901741058E-005  9.9667552863211205E-005  7.0802095140747399E-003 -2.9465732868513795E-004  2.3124848612883756E-016 -1.0911678765497860E-016 -2.3684671640020429E-016 -2.0314294290858345E-016  1.6243972039532821E-016  1.6481510047327986E-016  2.3650184699864377E-005 -3.4483534134349205E-016  3.1081019551557426E-015  9.7695670805599864E-016 -4.3227050479958034E-004  1.3513047346144278E-004 -1.2887493519865001E-004  2.4777259369169644E-004 -7.7045177820925172E-004  1.8449791110845923E-004 -7.6035980099290590E-017 -4.1978033136144691E-017 -7.9467158937404243E-017 -2.5560042358714584E-006  7.9901696367155240E-007 -7.6201982654501689E-007  1.4650643937861832E-006 -4.5556659751846652E-006  1.0909398418433960E-006 -4.4867187708915422E-003  1.4025764743289182E-003 -1.3376472258447092E-003  2.5717366543869104E-003 -7.9968452963598315E-003  1.9149821165061730E-003  5.1037335043933565E-018 -3.5878975054481419E-018 -2.4365074835240482E-018  2.9582415927304626E-018  2.4987969079701229E-019  3.8940108761641516E-018 -1.3420496984515784E-017  7.2731330040126748E-019 -4.5319129901084973E-018 -6.2330142422983944E-018
-4.8854409411633951E-018  1.1412020934846577E-002  6.8189337917302792E-002 -6.5032769036531310E-002 -7.1196368761892883E-017  4.8372436702589381E-016 -3.0400786210733121E-015 -1.0464040305808864E-014  1.0709847345462091E-002  6.4209720210762475E-002 -6.1237308632156942E-002 -2.2971603037397217E-003 -1.3874301188145293E-002  1.3232017589895600E-002 -3.6730107487106894E-016  3.0171118487889764E-003 -2.4944439365626519E-003  2.3789750971453692E-003  4.5788376812732188E-016 -1.1669225303986053E-016  7.6912888659205240E-017 -1.5712348109510405E-016  2.4616763277431282E-017  1.0064116402054713E-016 -2.0042906117893177E-005 -1.0732634084815610E-004  1.0235820973623162E-004 -7.1062156197674076E-017  2.1973790163806071E-018 -4.3791803710588793E-019 -6.2896088013581457E-017  2.1148896481693117E-018 -6.3544854675924212E-017  3.3437206307252619E-015 -1.3834859808978971E-015  8.1026923877919573E-016 -3.0748213087421434E-015  3.8360894165700325E-016 -1.2107395237015891E-016  1.1969491703536728E-005  2.4994231481159854E-005 -2.3837180884232027E-005 -8.6715184842538698E-006  1.5637142169371053E-005 -7.3872397798394797E-006  8.9695787133757538E-006  4.1457277684286250E-005 -3.7028184121635234E-005 -1.3133244735685478E-005
 1.2212655041723712E-016  6.8189337917302792E-002  4.0766302838922186E-001 -3.8878617358055129E-001 -4.9597858584847994E-016  3.0979445744292378E-015  2.4071574439015861E-015 -4.7606822441333537E-016  6.4209799225171810E-002  3.8383512166604383E-001 -3.6609572762038239E-001 -1.3874333980944375E-002 -8.2921281496566704E-002  7.9105127447642962E-002  2.2245678203826429E-016 -2.4944409838273075E-003 -1.1478202856453483E-002  1.4222254513545165E-002  8.1370852320340935E-016 -8.0638548440398255E-017  7.8736753874596011E-017  8.6269672474939013E-016 -3.2560513971661224E-016  7.2849181988404435E-016 -1.0732616485491166E-004 -6.4372064021445737E-004  6.1192928430615142E-004 -3.9798521527314236E-016  1.5629421519531462E-018  5.7177982369061063E-018 -3.9253917026760786E-016 -2.0954889438021883E-017 -3.8340517941874365E-016 -2.6676553211763262E-017 -1.8375777095777360E-015  7.4410927631690024E-016  4.5255524972112788E-016 -2.5081006938568291E-015  5.1556608205891171E-016  6.0569736990588371E-005  1.5481757524242709E-004 -1.4686676471242690E-004 -4.4234691200093042E-005  7.8853659034297917E-005 -3.7028138379725598E-005  5.0491868774410751E-005  2.5220519908154333E-004 -2.2255952578188325E-004 -7.8514633281617292E-005
-7.8759147807417593E-017 -6.5032769036531310E-002 -3.8878617358055129E-001  3.7079468190183312E-001  4.5786927559902766E-016 -2.9054118240998617E-015  1.5440233253246979E-015  4.6585809656792107E-015 -6.1237448109764135E-002 -3.6609611095495875E-001  3.4911809378284092E-001  1.3232073873872060E-002  7.9105276960423798E-002 -7.5419635542182811E-002 -7.6276813229701756E-015  2.3789701152078105E-003  1.4222241565234488E-002 -1.0129528040091051E-002 -9.1782540401361168E-016 -1.2624980518267501E-016 -3.3430913830132753E-017 -5.9638215748408596E-016 -5.5995695697899828E-017 -7.7657542680401812E-016  1.0235790293536960E-004  6.1192845354430994E-004 -5.8569264321423650E-004  3.7271687638996487E-016  3.4173074887840123E-018 -2.1089972984064791E-018  3.7711674752929597E-016  1.9473023137661855E-017  3.6729447487960221E-016 -1.4095625109730587E-015 -3.7752610643920134E-016 -3.1532811427340693E-016  1.8140067003570782E-015 -1.3792527241471980E-015 -1.3111750115530252E-015 -5.7765889073484437E-005 -1.4686698699589173E-004  1.4089005971359823E-004  4.1457598694463261E-005 -7.5243361371921873E-005  3.6043474160365140E-005 -5.1140664088128010E-005 -2.3777176183566818E-004  2.1547938779024572E-004  7.2211357225100619E-005
-4.8449779901741058E-005 -7.1196368761892883E-017 -4.9597858584847994E-016  4.5786927559902766E-016  9.5553460056116044E-005 -1.1942738114688519E-004  4.2972933826743061E-003 -1.0668498301411754E-004 -7.4343458877777924E-017 -4.5618320087712386E-016  5.2082429035607137E-016  1.1381583910365719E-017  8.7799637209466999E-017 -1.6743988763762165E-016  1.6885218894780952E-006  6.8356324366781304E-016  1.0993590921819206E-015 -3.3444715134990141E-016  5.8301255294511856E-004 -1.8225454355915417E-004  1.7381703028438518E-004 -3.3417800339187670E-004  1.0391240854766446E-003 -2.4883454955311257E-004  2.2432853293204034E-016  1.6468469537158555E-016 -3.1484995617580022E-016 -1.7321587422042829E-006  5.4150058353020908E-007 -5.1643737152673017E-007  9.9288038591431315E-007 -3.0872569547751537E-006  7.3927835628483919E-007  6.0879808299818799E-003 -1.9031530681857599E-003  1.8150457237141387E-003 -3.4895803211456057E-003  1.0850825338727063E-002 -2.5984005088355473E-003 -4.2041855290829285E-018  6.7005977853628282E-018  2.6292489311850299E-018 -1.9221297528226704E-018  1.1325062289618716E-019  5.5461480757405313E-019  1.4729201104890214E-017  4.9658948371921031E-018  4.1920327549074462E-018  6.7563445927746091E-018
 9.9667552863211205E-005  4.8372436702589381E-016  3.0979445744292378E-015 -2.9054118240998617E-015 -1.1942738114688519E-004  1.8140705471439048E-004  2.2401716478920616E-003 -5.3860850174653689E-005  6.7762104564311418E-016  2.6940792543284202E-015 -2.9520120183000308E-015 -2.7859376128018416E-016 -4.3509269062931955E-016  7.7213079078050898E-016 -2.4553621998178129E-007 -2.7567813839858072E-015  1.9122597419131795E-015  3.8631673128833266E-015 -8.4097550921793669E-004  2.6290059861841357E-004 -2.5072844684320515E-004  4.8204609548003742E-004 -1.4988964458319167E-003  3.5892941373826627E-004 -5.0354916428104225E-016 -2.6174966016698985E-016  3.2913365467918690E-016 -6.5564733714887366E-007  2.0491463133169203E-007 -1.9542820720807820E-007  3.7573889847968707E-007 -1.1687747679199826E-006  2.7990843846949350E-007 -8.7593775921048170E-003  2.7383028599664351E-003 -2.6115202486750640E-003  5.0208639317743543E-003 -1.5612106939863058E-002  3.7385136603311241E-003  6.8198006965048334E-018 -7.7394691526010646E-018 -4.2310046792860582E-018  4.3423217744387700E-018 -1.0775299278495864E-018  3.6008083291847926E-018 -2.4817224703943737E-017 -1.9579577303781212E-018 -5.9898091006382988E-018 -1.1950967806103857E-017
 7.0802095140747399E-003 -3.0400786210733121E-015  2.4071574439015861E-015  1.5440233253246979E-015  4.2972933826743061E-003  2.2401716478920616E-003  1.9968192852361306E+000 -1.8229125321508888E-004  4.6021876472547895E-014 -3.8795862752356357E-014 -1.1816023842898392E-014 -4.2919304685561464E-014  3.6041883712666066E-014  1.2295687024529771E-014 -2.9598404815683182E-005  3.8122860783569512E-015  1.7941932574254912E-015 -3.3740068885361822E-015 -3.7200740919065563E-004  1.1629053906496008E-004 -1.1090753272960814E-004  2.1322897521537461E-004 -6.6304398555110491E-004  1.5877843410717763E-004  5.0946201114947332E-016  1.5769364531681358E-016 -2.7033621266355824E-016 -7.4510894262696950E-004  2.3292595342830778E-004 -2.2214300854487044E-004  4.2708866595644423E-004 -1.3280353799196717E-003  3.1802027661887377E-004  1.4004825242161815E-003 -4.3780285465038881E-004  4.1753488006469278E-004 -8.0274508743078180E-004  2.4961292873941828E-003 -5.9773743638124655E-004  3.3004206638289817E-016 -7.2519179566822591E-017  1.0998285340908281E-017  4.5972852425338254E-016 -1.8088506379311016E-017  7.7332808220250925E-016 -1.7943409184876292E-016  1.3971000126234854E-016 -3.8489601128062332E-016  1.8326231787564239E-016
-2.9465732868513795E-004 -1.0464040305808864E-014 -4.7606822441333537E-016  4.6585809656792107E-015 -1.0668498301411754E-004 -5.3860850174653689E-005 -1.8229125321508888E-004  2.0000260003114874E+000  1.2117677456155391E-013 -2.5016584627752366E-014 -4.0694292572965653E-014 -1.1495814800439288E-013  2.5557295529803589E-014  3.7962177802219156E-014  7.3730373515931442E-007  6.5702896342767950E-015  2.4749467446892035E-016 -1.9090104951108189E-015  3.9851637936898133E-005 -1.2457961078502837E-005  1.1881220879089404E-005 -2.2842631535856843E-005  7.1028978328389382E-005 -1.7009006364166050E-005  4.1923999484976828E-016 -1.4195326662022978E-016  4.3368340354183601E-017  4.8329012259883624E-005 -1.5108026568422824E-005  1.4408597370611034E-005 -2.7701758923269549E-005  8.6138529984923766E-005 -2.0627253442298897E-005  2.2232886616378557E-004 -6.9502168690619443E-005  6.6284516553885513E-005 -1.2743738523442606E-004  3.9626431523216672E-004 -9.4891480936503780E-005  3.8012594226673488E-016 -4.1233036194069493E-016  2.9327734930699076E-016  4.5711588989433886E-016  4.0770520699736867E-017 -2.4022891311947419E-016 -3.4384948523502410E-016  4.3970050785040150E-018  3.2075218242703311E-016 -8.4408850655121929E-016
 2.3124848612883756E-016  1.0709847345462091E-002  6.4209799225171810E-002 -6.1237448109764135E-002 -7.4343458877777924E-017  6.7762104564311418E-016  4.6021876472547895E-014  1.2117677456155391E-013  1.0271200470751966E-002  6.0455267536346183E-002 -5.7656657991976897E-002 -2.3087486749303384E-003 -1.3070082119286241E-002  1.2465028289871050E-002  1.0309495171701513E-014 -1.7660942202307517E-002  9.0583056435252613E-004 -8.6389170216976882E-004 -1.3905731418486650E-015  5.1419558990939524E-016 -8.3145791945028098E-016  2.8375376001814317E-015 -2.6959601698050414E-016 -1.0676744738214535E-015  6.7342296687547651E-006 -1.2956480493601024E-004  1.2356727140165846E-004 -4.7522118036124127E-017  9.9782302713531497E-019  1.5864072472995569E-017 -8.0895310896715607E-017 -4.8222189790804094E-017 -4.8122136884563019E-017 -1.5703132508452013E-014  5.1831073902004074E-015 -8.7530568020875792E-015  2.8287936356455049E-014 -2.4681063232302415E-015 -1.2389065104789354E-014  5.7507775449155968E-007  2.9617558336817018E-005 -2.8246485709146158E-005 -4.0598166448439992E-007  4.9128764473636421E-007 -3.6556610720469602E-007  7.1359598997855039E-006  4.3721472883686477E-005 -3.9191453189831011E-005 -1.1534374421900995E-005
-1.0911678765497860E-016  6.4209720210762475E-002  3.8383512166604383E-001 -3.6609611095495875E-001 -4.5618320087712386E-016  2.6940792543284202E-015 -3.8795862752356357E-014 -2.5016584627752366E-014  6.0455267536346183E-002  3.6157875409359108E-001 -3.4468905730981508E-001 -1.3070096940306466E-002 -7.8259424441824141E-002  7.4519734558522524E-002  5.3928743207889891E-015  9.0583584458647413E-004 -1.2397149922524955E-002 -5.1645910733130714E-003  7.9634923572973475E-016  1.4257211601643138E-015  4.0734370114274248E-016  9.2377799585157669E-016  1.4868957241881278E-015  5.2045415258605176E-016 -1.2956451520081434E-004 -7.4617204000478618E-004  7.3872363170606056E-004 -3.2820959723288562E-016 -3.2154809616481539E-017 -1.5995388903895206E-017 -3.9200482262990131E-016 -6.2340243630563204E-018 -3.7048914529965842E-016  3.8943430447246555E-016  1.3943736914172020E-014  4.2361961016973285E-015  1.9414620392742963E-015  1.5983019959151934E-014 -1.4599153092485488E-015  6.0424926743217265E-005  1.4908556813680355E-004 -1.4624962593213814E-004 -4.1877181578571758E-005  7.8815387169364491E-005 -3.9191364666731570E-005  5.8900143655840907E-005  2.3876378293600766E-004 -2.2810840320106136E-004 -6.8955981299158474E-005
-2.3684671640020429E-016 -6.1237308632156942E-002 -3.6609572762038239E-001  3.4911809378284092E-001  5.2082429035607137E-016 -2.9520120183000308E-015 -1.1816023842898392E-014 -4.0694292572965653E-014 -5.7656657991976897E-002 -3.4468905730981508E-001  3.2889138646695643E-001  1.2465052935051391E-002  7.4519797392038803E-002 -7.1192543078707940E-002  6.7057453947121945E-014 -8.6390085759712387E-004 -5.1646156999114960E-003 -1.2886949063374550E-002 -5.3615387201771681E-016  5.3364592362546770E-016  6.2581493551359312E-016 -1.7886313023236653E-015  1.8362730056979617E-015  1.7346458038153753E-016  1.2356676291575420E-004  7.3872224428233224E-004 -6.7611991391511750E-004  3.8419078006258886E-016 -2.7104131138215850E-017 -2.6443725205645893E-017  3.4435439176970715E-016  1.0833594752859457E-017  3.2442077206412345E-016  1.6631254647690033E-015  6.5223646162308105E-015  6.7166616190480534E-015 -1.0679390070895063E-014  1.8292572239322054E-014  8.2315940246113087E-015 -5.7627717982575983E-005 -1.4624968440458803E-004  1.3521643119573527E-004  4.3721675501953551E-005 -7.4959716973178539E-005  3.3594021381462177E-005 -4.0686062217832181E-005 -2.4201798283683896E-004  2.0083576492192117E-004  7.9605176509667242E-005
-2.0314294290858345E-016 -2.2971603037397217E-003 -1.3874333980944375E-002  1.3232073873872060E-002  1.1381583910365719E-017 -2.7859376128018416E-016 -4.2919304685561464E-014 -1.1495814800439288E-013 -2.3087486749303384E-003 -1.3070096940306466E-002  1.2465052935051391E-002  5.7005451542863062E-004  2.8429224035078390E-003 -2.7113149070386255E-003 -1.0383616124754370E-014  1.3246016032878524E-002 -2.9757812121777045E-003  2.8380226471462740E-003  1.3767367666756922E-015 -5.2821999721782232E-016  7.1612049311387617E-016 -2.6187454659279326E-015  2.2363850060270925E-016  1.1616193327278675E-015 -1.0528637651022710E-005  4.9326045936144206E-005 -4.7042769478938834E-005  3.0034201212726131E-019 -1.1162525291453558E-018 -1.2052962706218258E-017  3.0976046139631583E-017  4.1819254379818251E-017  1.2875078703176422E-018  1.4478691314355228E-014 -5.4461465984330739E-015  7.5270874184367028E-015 -2.7030523216506637E-014  2.1189948418646740E-015  1.2488356609418456E-014  4.5523155346251207E-006 -1.0153990881040526E-005  9.6839386049383486E-006 -3.3053738774844433E-006  6.1271024492851435E-006 -2.8021983166252127E-006 -1.2274646624634634E-006 -1.3103154374602585E-005  1.1800807536167180E-005  2.5485329630504532E-006
 1.6243972039532821E-016 -1.3874301188145293E-002 -8.2921281496566704E-002  7.9105276960423798E-002  8.7799637209466999E-017 -4.3509269062931955E-016  3.6041883712666066E-014  2.5557295529803589E-014 -1.3070082119286241E-002 -7.8259424441824141E-002  7.4519797392038803E-002  2.8429224035078390E-003  1.7090350533986810E-002 -1.6209047688729109E-002 -4.9888073864175400E-015 -2.9757825748114603E-003 -4.0463253125243223E-003  1.6966543145164124E-002 -2.8110901433841207E-016 -1.2510843823866592E-015 -4.7268385971498999E-016 -2.1341081124048131E-016 -1.4019992768628142E-015  3.4708339003306618E-017  4.9325960636464045E-005  2.7610748245061444E-004 -2.8123683696558964E-004  4.6322300551345326E-017  2.7093309453973523E-017  1.8414201363680201E-017  9.4702987794801851E-017 -1.2182182220632401E-017  8.0885500035559917E-017 -1.5111699235043052E-015 -1.2827730755015714E-014 -4.9070980109692655E-015 -7.1752378229185233E-016 -1.4463425293454670E-014  2.0800894895123265E-015 -1.6755097788666943E-005 -3.9116818761688795E-005  4.0442975098267515E-005  1.0678545828157234E-005 -2.1916837433951413E-005  1.1800776748046700E-005 -1.9868061242730783E-005 -6.0884037816537033E-005  6.5772620074324264E-005  1.5235868587183356E-005
 1.6481510047327986E-016  1.3232017589895600E-002  7.9105127447642962E-002 -7.5419635542182811E-002 -1.6743988763762165E-016  7.7213079078050898E-016  1.2295687024529771E-014  3.7962177802219156E-014  1.2465028289871050E-002  7.4519734558522524E-002 -7.1192543078707940E-002 -2.7113149070386255E-003 -1.6209047688729109E-002  1.5553195564376924E-002 -6.2409757274315382E-014  2.8380250375915931E-003  1.6966549664557403E-002 -2.4373495229751165E-003 -3.6460835880789285E-017 -5.6790449897670225E-016 -5.8993016923485154E-016  1.0884111310546817E-015 -1.7073134918967473E-015 -6.0226698535518696E-016 -4.7042621496314436E-005 -2.8123643911541496E-004  2.4943832830701498E-004 -1.0580960956917280E-016  2.8294824170635851E-017  2.0723380437592674E-017 -6.5606582865517659E-017  4.8184324996945221E-018 -5.0061887781497914E-017 -1.4844720503898597E-015 -6.1950161455607130E-015 -6.3028450719273666E-015  9.4066736102370247E-015 -1.7601105477737609E-014 -7.8159617683592748E-015  1.5979453033318366E-005  4.0442956166476918E-005 -3.5281510464887140E-005 -1.3103171474234320E-005  2.0742425796336465E-005 -8.3355144622994154E-006  6.9984308980589364E-006  6.9104677961986959E-005 -4.9832336500846264E-005 -2.5210300576291413E-005
 2.3650184699864377E-005 -3.6730107487106894E-016  2.2245678203826429E-016 -7.6276813229701756E-015  1.6885218894780952E-006 -2.4553621998178129E-007 -2.9598404815683182E-005  7.3730373515931442E-007  1.0309495171701513E-014  5.3928743207889891E-015  6.7057453947121945E-014 -1.0383616124754370E-014 -4.9888073864175400E-015 -6.2409757274315382E-014  1.9999997324096506E+000 -2.7849253392315810E-015  2.3421002334806514E-015  1.1077412940846931E-015  3.1880345891299177E-006 -9.9661039261985990E-007  9.5047185760316149E-007 -1.8273594131507055E-006  5.6821430349316187E-006 -1.3606751543695417E-006 -6.5001098628942362E-017 -1.5054508755948447E-017 -8.1827025360731975E-017  4.8397142181367269E-007 -1.5129201831342240E-007  1.4428829821912334E-007 -2.7740652910865352E-007  8.6260104046155542E-007 -2.0656490492325196E-007  3.3706188405773959E-005 -1.0536878000636370E-005  1.0049066385076858E-005 -1.9320151355022338E-005  6.0075692557863966E-005 -1.4386037024367971E-005  1.7085296709463420E-015 -1.6423278885912577E-016  8.7725852052115460E-016  1.5122365591362797E-015  4.1810377151731021E-017  8.0243907163636538E-016 -7.7487007655846679E-016  5.9158952264161759E-016 -1.0528389456161895E-016  9.3969551141463397E-016
-3.4483534134349205E-016  3.0171118487889764E-003 -2.4944409838273075E-003  2.3789701152078105E-003  6.8356324366781304E-016 -2.7567813839858072E-015  3.8122860783569512E-015  6.5702896342767950E-015 -1.7660942202307517E-002  9.0583584458647413E-004 -8.6390085759712387E-004  1.3246016032878524E-002 -2.9757825748114603E-003  2.8380250375915931E-003 -2.7849253392315810E-015  1.9986016151502173E+000  2.6050158960678945E-004 -2.4844246024546802E-004 -8.5588981355392598E-016  2.6364958919395832E-016 -1.0540377045115913E-015  8.5975475267253990E-016  3.1264501796314011E-016 -6.8403457609707562E-016 -3.9077968928791271E-005  9.6520890367657685E-006 -9.2052751695325159E-006 -6.2432816610586529E-017  8.5065150096916330E-016 -5.2728704579001991E-016 -1.4066743934043194E-017  2.4768539042541852E-016 -5.2920763811445649E-016  4.2078084893155175E-016 -7.0365044027573728E-017 -3.0289758471294608E-016 -4.4290193396866752E-015 -3.2030400916396262E-016 -2.7045239821576416E-015  1.1024320994626826E-003 -3.5709611261603260E-004  3.4056543273311635E-004 -7.9967296234230423E-004  1.4645659427632875E-003 -6.7939490664725255E-004  1.9869438943434850E-004 -8.6578067147935511E-005  9.0519615698554036E-005 -1.8931100496234025E-004
 3.1081019551557426E-015 -2.4944439365626519E-003 -1.1478202856453483E-002  1.4222241565234488E-002  1.0993590921819206E-015  1.9122597419131795E-015  1.7941932574254912E-015  2.4749467446892035E-016  9.0583056435252613E-004 -1.2397149922524955E-002 -5.1646156999114960E-003 -2.9757812121777045E-003 -4.0463253125243223E-003  1.6966549664557403E-002  2.3421002334806514E-015  2.6050158960678945E-004  2.0001153989310443E+000 -1.4852651336855205E-003 -4.5827007967566891E-015  5.3986752336970977E-016  1.6014707554910953E-015  2.5879709116110874E-015 -4.0595943872131731E-016  9.5164261328402513E-016  9.6520879567144302E-006  1.7010641313871597E-005 -5.5031939851512062E-005 -1.1368288318210343E-015  5.5601727239634595E-016  8.0224597213502000E-016  9.5530387443346086E-016  4.1448023645547410E-016  5.2083973496278336E-016 -1.5220771766536286E-015 -1.1076578158482057E-015 -2.3986475576321426E-015 -6.6007576257757737E-015 -2.1367744755026545E-015  1.5718471442869151E-015  1.9660578398317539E-004  1.0042785165732882E-003 -5.0161554773006038E-004 -3.5429403758251870E-004  2.4189434012728778E-004  9.0519698932019918E-005 -6.3422165016221695E-004  2.0200315614418299E-003 -1.5338088293418800E-004 -1.1317604749298831E-003
 9.7695670805599864E-016  2.3789750971453692E-003  1.4222254513545165E-002 -1.0129528040091051E-002 -3.3444715134990141E-016  3.8631673128833266E-015 -3.3740068885361822E-015 -1.9090104951108189E-015 -8.6389170216976882E-004 -5.1645910733130714E-003 -1.2886949063374550E-002  2.8380226471462740E-003  1.6966543145164124E-002 -2.4373495229751165E-003  1.1077412940846931E-015 -2.4844246024546802E-004 -1.4852651336855205E-003  1.9999745507034097E+000  2.4341615021198809E-015 -4.5937320242161663E-017  4.0005788110003954E-016  2.8256785684706331E-015 -1.6620724063564960E-015 -2.6422734185425661E-015 -9.2052729925958437E-006 -5.5031932997465130E-005  1.1791947958005917E-005 -1.0986528475753241E-015 -9.8609033402856326E-017  7.0590098894850246E-016  4.5601340731440407E-016 -1.5936074611762005E-016 -1.1117756935710288E-015  5.8847288996081664E-016  4.5946260804966536E-016 -2.7118904366744140E-015 -1.7003570902697376E-015 -9.3415515194675436E-016  2.2000511767868497E-015 -1.8750468459988198E-004 -5.0161553151599426E-004  9.5671009389661015E-004 -8.6578080918673953E-005 -2.5393669175751766E-004  3.3814201343576285E-004 -1.1328681585734527E-003 -3.2122727256827865E-004  2.0215176587833703E-003 -4.7366092897812900E-004
-4.3227050479958034E-004  4.5788376812732188E-016  8.1370852320340935E-016 -9.1782540401361168E-016  5.8301255294511856E-004 -8.4097550921793669E-004 -3.7200740919065563E-004  3.9851637936898133E-005 -1.3905731418486650E-015  7.9634923572973475E-016 -5.3615387201771681E-016  1.3767367666756922E-015 -2.8110901433841207E-016 -3.6460835880789285E-017  3.1880345891299177E-006 -8.5588981355392598E-016 -4.5827007967566891E-015  2.4341615021198809E-015  1.7276627687670465E-002 -1.4253262694329059E-006  1.3599084778194193E-006 -8.6379460139239753E-003 -8.9687554623315634E-006 -8.6386816737499539E-003 -1.3679115201206410E-015 -7.8179628192120080E-016 -2.5994266478131989E-017 -3.5293931481092703E-004  1.8331610733094727E-005 -1.7483154836181652E-005  1.6817685118596039E-004  2.0195775750138432E-004  1.8476246362775754E-004  1.8005781077506777E-001 -9.4153957679422887E-006  8.9813080396834412E-006 -9.0025335788161770E-002 -8.6965698166725203E-005 -9.0032474986906336E-002 -1.4370805452425594E-016  5.8253758986394495E-017 -2.5538287537662806E-017 -4.3282376861640254E-017 -1.5635382947139145E-018 -3.7725224685898318E-017  1.4674862852698463E-016 -2.4176307533382010E-017  4.2800734760028405E-017 -6.2742016353508687E-017
 1.3513047346144278E-004 -1.1669225303986053E-016 -8.0638548440398255E-017 -1.2624980518267501E-016 -1.8225454355915417E-004  2.6290059861841357E-004  1.1629053906496008E-004 -1.2457961078502837E-005  5.1419558990939524E-016  1.4257211601643138E-015  5.3364592362546770E-016 -5.2821999721782232E-016 -1.2510843823866592E-015 -5.6790449897670225E-016 -9.9661039261985990E-007  2.6364958919395832E-016  5.3986752336970977E-016 -4.5937320242161663E-017 -1.4253262694329059E-006  1.7271733573518435E-002  9.7434038228351561E-006 -7.5601005632037570E-007  8.9147678990452238E-007  2.1813363261532486E-006 -2.6367172968931266E-015 -2.8666044051597008E-016  2.0816508504307572E-015  1.8331656975064819E-005 -2.8603742588120064E-004 -1.7682114971447944E-004  1.7680541862901883E-005 -2.8859819165141395E-005 -3.6012198838120536E-005 -9.4113595966843761E-006  1.8002422179529115E-001  8.0843744503872219E-005 -7.5431329136989878E-006  1.1456631146050875E-005  1.6954492511311591E-005  6.2687155005536567E-017  6.2445524700842265E-017  1.7121309731430292E-017  3.1858622906418830E-017  1.4534715652741992E-017  2.8400308377330630E-017  6.1779808698691365E-017  1.8076158166754162E-017  5.9099802966502104E-017  2.6232388942694139E-017
-1.2887493519865001E-004  7.6912888659205240E-017  7.8736753874596011E-017 -3.3430913830132753E-017  1.7381703028438518E-004 -2.5072844684320515E-004 -1.1090753272960814E-004  1.1881220879089404E-005 -8.3145791945028098E-016  4.0734370114274248E-016  6.2581493551359312E-016  7.1612049311387617E-016 -4.7268385971498999E-016 -5.8993016923485154E-016  9.5047185760316149E-007 -1.0540377045115913E-015  1.6014707554910953E-015  4.0005788110003954E-016  1.3599084778194193E-006  9.7434038228351561E-006  1.7272657123398955E-002 -2.1393192332855998E-006 -1.0061885601713393E-006  7.7941075652364356E-007 -4.1780958648415813E-016 -1.9666593758979892E-015 -1.4848319619973228E-015 -1.7483159255372922E-005 -1.7682114503010193E-004 -3.0280529601897101E-004  3.4402824951909640E-005  3.0330510719120192E-005 -1.6919665697084857E-005  8.9796296727258967E-006  8.0842335822154017E-005  1.8003188603745995E-001 -1.6333932932251706E-005 -1.2208708281073051E-005  7.3543032616971106E-006  3.8959995127008476E-017  5.3759857356307438E-017  2.9187223863698294E-017  1.8035953246122453E-017 -1.8619010577777949E-017  1.6014234164896795E-017  8.0610947621016397E-017  1.9463493571903640E-017  5.0409828607381235E-017  6.3068933298016735E-017
 2.4777259369169644E-004 -1.5712348109510405E-016  8.6269672474939013E-016 -5.9638215748408596E-016 -3.3417800339187670E-004  4.8204609548003742E-004  2.1322897521537461E-004 -2.2842631535856843E-005  2.8375376001814317E-015  9.2377799585157669E-016 -1.7886313023236653E-015 -2.6187454659279326E-015 -2.1341081124048131E-016  1.0884111310546817E-015 -1.8273594131507055E-006  8.5975475267253990E-016  2.5879709116110874E-015  2.8256785684706331E-015 -8.6379460139239753E-003 -7.5601005632037570E-007 -2.1393192332855998E-006  1.7265653018136942E-002  4.3060095109604150E-006 -8.6277070042059516E-003  6.6932791762143483E-016  7.8625114864884801E-016  1.1157653481102573E-017  1.6817683950744576E-004  1.7680550354774056E-005  3.4402809168968138E-005 -1.7170824697926841E-004 -1.0080599316140187E-004  3.5314074691228194E-006 -9.0025337474843939E-002 -7.5420489183656901E-006 -1.6335792689264636E-005  1.7997249446690164E-001  4.2983549636477714E-005 -8.9947156992033261E-002  1.3099883874072006E-016  8.8685236485367710E-018  2.3833217442328062E-017  4.5219543335132430E-017  3.1847052317943975E-018  3.0433050671620202E-017  4.8711732102551710E-018  2.1597619817435522E-017  3.2514319414619617E-017  7.7458991529466563E-017
-7.7045177820925172E-004  2.4616763277431282E-017 -3.2560513971661224E-016 -5.5995695697899828E-017  1.0391240854766446E-003 -1.4988964458319167E-003 -6.6304398555110491E-004  7.1028978328389382E-005 -2.6959601698050414E-016  1.4868957241881278E-015  1.8362730056979617E-015  2.2363850060270925E-016 -1.4019992768628142E-015 -1.7073134918967473E-015  5.6821430349316187E-006  3.1264501796314011E-016 -4.0595943872131731E-016 -1.6620724063564960E-015 -8.9687554623315634E-006  8.9147678990452238E-007 -1.0061885601713393E-006  4.3060095109604150E-006  1.7266805116239937E-002  4.6627459509067338E-006  4.5694893321376959E-016  6.5911552421092814E-016  2.9368359538400041E-017  2.0195778019415847E-004 -2.8859837946024054E-005  3.0330457423636077E-005 -1.0080600995239061E-004 -1.2655242735458216E-004 -1.0115177024165626E-004 -8.6964483043262944E-005  1.1455925733214430E-005 -1.2213214318926077E-005  4.2980717883131032E-005  1.7996090245633009E-001  4.3983765158893110E-005 -6.6560139945803191E-019  7.8321452011516219E-017  5.9073617051157182E-017 -1.2719704200056336E-017 -7.9380034202439464E-019  8.1714177408406344E-018  1.7358270355986727E-016  7.5158146716217287E-017  6.5993665280938754E-017  1.4658929779508923E-016
 1.8449791110845923E-004  1.0064116402054713E-016  7.2849181988404435E-016 -7.7657542680401812E-016 -2.4883454955311257E-004  3.5892941373826627E-004  1.5877843410717763E-004 -1.7009006364166050E-005 -1.0676744738214535E-015  5.2045415258605176E-016  1.7346458038153753E-016  1.1616193327278675E-015  3.4708339003306618E-017 -6.0226698535518696E-016 -1.3606751543695417E-006 -6.8403457609707562E-016  9.5164261328402513E-016 -2.6422734185425661E-015 -8.6386816737499539E-003  2.1813363261532486E-006  7.7941075652364356E-007 -8.6277070042059516E-003  4.6627459509067338E-006  1.7266388677952355E-002  4.6463891933771616E-016 -3.4394790321875359E-016  5.1155591647736285E-016  1.8476247530349425E-004 -3.6012161087863060E-005 -1.6919654332810345E-005  3.5313957932714369E-006 -1.0115176434010437E-004 -1.8829387109685678E-004 -9.0032473300259611E-002  1.6957444690366016E-005  7.3544846607016333E-006 -8.9947158678666927E-002  4.3982148526020869E-005  1.7997963197890240E-001  1.2359857625286758E-017 -6.7227490325274609E-017  2.1943410618712193E-018 -1.8646571503632610E-018 -2.0914053320633546E-018  7.6883778455997569E-018 -1.5252009177049412E-016  2.6837642166548107E-018 -7.4001980656131417E-017 -1.5159975622086855E-017
-7.6035980099290590E-017 -2.0042906117893177E-005 -1.0732616485491166E-004  1.0235790293536960E-004  2.2432853293204034E-016 -5.0354916428104225E-016  5.0946201114947332E-016  4.1923999484976828E-016  6.7342296687547651E-006 -1.2956451520081434E-004  1.2356676291575420E-004 -1.0528637651022710E-005  4.9325960636464045E-005 -4.7042621496314436E-005 -6.5001098628942362E-017 -3.9077968928791271E-005  9.6520879567144302E-006 -9.2052729925958437E-006 -1.3679115201206410E-015 -2.6367172968931266E-015 -4.1780958648415813E-016  6.6932791762143483E-016  4.5694893321376959E-016  4.6463891933771616E-016  2.0000001405533974E+000  5.4133426858303524E-008 -5.1627537023257730E-008 -1.9974044998038951E-015 -4.9572157922399921E-016 -5.3751140719064975E-016  1.5286316058455213E-015 -1.0132889362447877E-016  5.1329866711705114E-016  2.9712146072846815E-016  5.1634204582183337E-015  8.1192104556419006E-016 -1.6306445838929069E-015 -5.5149979806545848E-016  3.4873534563150517E-016  1.4796974934400226E-005 -4.7781981901840288E-006  4.5569815320695720E-006 -1.0733307341466225E-005  1.9657423411871799E-005 -9.1189177350705364E-006  2.6704156042170261E-006 -1.1403254288849940E-006  1.1954596961063483E-006 -2.5466251021521603E-006
-4.1978033136144691E-017 -1.0732634084815610E-004 -6.4372064021445737E-004  6.1192845354430994E-004  1.6468469537158555E-016 -2.6174966016698985E-016  1.5769364531681358E-016 -1.4195326662022978E-016 -1.2956480493601024E-004 -7.4617204000478618E-004  7.3872224428233224E-004  4.9326045936144206E-005  2.7610748245061444E-004 -2.8123643911541496E-004 -1.5054508755948447E-017  9.6520890367657685E-006  1.7010641313871597E-005 -5.5031932997465130E-005 -7.8179628192120080E-016 -2.8666044051597008E-016 -1.9666593758979892E-015  7.8625114864884801E-016  6.5911552421092814E-016 -3.4394790321875359E-016  5.4133426858303524E-008  2.0000004551240118E+000 -3.0864441276021171E-007  1.0248748693823169E-015 -2.5130624764857280E-016 -2.7316849687012945E-015 -1.0458947343801078E-015 -3.3471450808661260E-016  3.9893307987468914E-016 -1.2430765430365248E-016  5.1514979267597242E-016  1.8451869091044394E-015 -1.8945185505971405E-016 -7.3413339445126060E-016  2.5560217912018403E-016  2.6688198638252955E-006  1.3553300973713314E-005 -6.8052167316336123E-006 -4.7760621316678015E-006  3.2858152883198404E-006  1.1954645485324286E-006 -8.4831923172857605E-006  2.7231118717354494E-005 -2.1719041625237272E-006 -1.5224568446422298E-005
-7.9467158937404243E-017  1.0235820973623162E-004  6.1192928430615142E-004 -5.8569264321423650E-004 -3.1484995617580022E-016  3.2913365467918690E-016 -2.7033621266355824E-016  4.3368340354183601E-017  1.2356727140165846E-004  7.3872363170606056E-004 -6.7611991391511750E-004 -4.7042769478938834E-005 -2.8123683696558964E-004  2.4943832830701498E-004 -8.1827025360731975E-017 -9.2052751695325159E-006 -5.5031939851512062E-005  1.1791947958005917E-005 -2.5994266478131989E-017  2.0816508504307572E-015 -1.4848319619973228E-015  1.1157653481102573E-017  2.9368359538400041E-017  5.1155591647736285E-016 -5.1627537023257730E-008 -3.0864441276021171E-007  2.0000004258568009E+000  8.2815253023286671E-016 -1.0544388804895798E-017 -3.1732402669110736E-017 -1.3392928017565205E-015  3.0739261495260886E-016  2.3544292549827206E-016  7.4164593670810856E-016 -2.2410259874032600E-015  2.5150076998936083E-016 -1.1371688577970382E-015 -2.1349945527852748E-016  8.3855266617014795E-016 -2.5452900975574760E-006 -6.8052160126165855E-006  1.2907938024818046E-005 -1.1403258172353117E-006 -3.4455561880021735E-006  4.5551908261972117E-006 -1.5225363531590187E-005 -4.4316519470850079E-006  2.7232184716550909E-005 -6.3178506235718432E-006
-2.5560042358714584E-006 -7.1062156197674076E-017 -3.9798521527314236E-016  3.7271687638996487E-016 -1.7321587422042829E-006 -6.5564733714887366E-007 -7.4510894262696950E-004  4.8329012259883624E-005 -4.7522118036124127E-017 -3.2820959723288562E-016  3.8419078006258886E-016  3.0034201212726131E-019  4.6322300551345326E-017 -1.0580960956917280E-016  4.8397142181367269E-007 -6.2432816610586529E-017 -1.1368288318210343E-015 -1.0986528475753241E-015 -3.5293931481092703E-004  1.8331656975064819E-005 -1.7483159255372922E-005  1.6817683950744576E-004  2.0195778019415847E-004  1.8476247530349425E-004 -1.9974044998038951E-015  1.0248748693823169E-015  8.2815253023286671E-016  9.8895380841673123E-006 -9.4049063064637532E-007  8.9695760831058624E-007 -4.7326034170448811E-006 -5.1669264625974785E-006 -5.1569346671602012E-006 -3.6802368189764994E-003  1.9162216390733032E-004 -1.8275273650658795E-004  1.7538374343140867E-003  2.1012286537684189E-003  1.9263993846622364E-003  2.6600021551592483E-018 -7.5540920518474221E-019  1.1379718649296695E-018  9.2197866907852947E-019 -1.1241685296936303E-019  4.2584220023848549E-019 -8.1203791458540985E-020  1.2550839131144775E-020 -6.9719655820656884E-019  3.8509422186126458E-018
 7.9901696367155240E-007  2.1973790163806071E-018  1.5629421519531462E-018  3.4173074887840123E-018  5.4150058353020908E-007  2.0491463133169203E-007  2.3292595342830778E-004 -1.5108026568422824E-005  9.9782302713531497E-019 -3.2154809616481539E-017 -2.7104131138215850E-017 -1.1162525291453558E-018  2.7093309453973523E-017  2.8294824170635851E-017 -1.5129201831342240E-007  8.5065150096916330E-016  5.5601727239634595E-016 -9.8609033402856326E-017  1.8331610733094727E-005 -2.8603742588120064E-004 -1.7682114503010193E-004  1.7680550354774056E-005 -2.8859837946024054E-005 -3.6012161087863060E-005 -4.9572157922399921E-016 -2.5130624764857280E-016 -1.0544388804895798E-017 -9.4049063064637532E-007  6.6943086274121176E-006  5.9821748719410766E-006 -4.2933777459936430E-007  4.3773228300090766E-007  1.3698284052487429E-006  1.9162163050159700E-004 -2.9813562936432275E-003 -1.8424651447225473E-003  1.8391001040755041E-004 -2.9969622879492708E-004 -3.7553164090908586E-004 -9.0065356960458184E-019 -1.4090575273108695E-018 -7.4093936737889672E-019 -1.0711043608294445E-018  6.4967473951974935E-019 -8.4839350590645605E-019 -1.8764068335342193E-018 -4.4478225237421551E-020 -1.6109457876204479E-018 -1.6497936726793734E-018
-7.6201982654501689E-007 -4.3791803710588793E-019  5.7177982369061063E-018 -2.1089972984064791E-018 -5.1643737152673017E-007 -1.9542820720807820E-007 -2.2214300854487044E-004  1.4408597370611034E-005  1.5864072472995569E-017 -1.5995388903895206E-017 -2.6443725205645893E-017 -1.2052962706218258E-017  1.8414201363680201E-017  2.0723380437592674E-017  1.4428829821912334E-007 -5.2728704579001991E-016  8.0224597213502000E-016  7.0590098894850246E-016 -1.7483154836181652E-005 -1.7682114971447944E-004 -3.0280529601897101E-004  3.4402809168968138E-005  3.0330457423636077E-005 -1.6919654332810345E-005 -5.3751140719064975E-016 -2.7316849687012945E-015 -3.1732402669110736E-017  8.9695760831058624E-007  5.9821748719410766E-006  7.2615947025248306E-006 -1.3517751877195124E-006 -5.1389414996406296E-007  4.5481757941987783E-007 -1.8275259616733756E-004 -1.8424651433950536E-003 -3.1560765049479084E-003  3.5883130198948663E-004  3.1507009784218735E-004 -1.7607870582219497E-004 -1.3889984540422304E-018 -1.1010715234652424E-018 -4.8988388593194040E-019 -5.7219527826798576E-019 -2.1333349557701056E-019 -2.3991920298959125E-019 -2.4253547644764095E-018  3.4848937261166039E-019 -6.3465003260242456E-019 -1.5546449498112590E-018
 1.4650643937861832E-006 -6.2896088013581457E-017 -3.9253917026760786E-016  3.7711674752929597E-016  9.9288038591431315E-007  3.7573889847968707E-007  4.2708866595644423E-004 -2.7701758923269549E-005 -8.0895310896715607E-017 -3.9200482262990131E-016  3.4435439176970715E-016  3.0976046139631583E-017  9.4702987794801851E-017 -6.5606582865517659E-017 -2.7740652910865352E-007 -1.4066743934043194E-017  9.5530387443346086E-016  4.5601340731440407E-016  1.6817685118596039E-004  1.7680541862901883E-005  3.4402824951909640E-005 -1.7170824697926841E-004 -1.0080600995239061E-004  3.5313957932714369E-006  1.5286316058455213E-015 -1.0458947343801078E-015 -1.3392928017565205E-015 -4.7326034170448811E-006 -4.2933777459936430E-007 -1.3517751877195124E-006  2.9958697601267551E-006  2.4478776071544354E-006  1.7367336569426443E-006  1.7538375846646206E-003  1.8390992289240893E-004  3.5883155087144676E-004 -1.7903749857795732E-003 -1.0485669246644261E-003  3.6537401114884037E-005 -1.5833137606316218E-018  2.3830092595669688E-019 -4.7951698187687155E-019 -5.0279526068772582E-019 -5.5055641701121663E-020 -1.1493447012150042E-019 -5.2924802553566536E-019  1.5139852708875017E-020  3.3286264321553427E-019 -2.1549308363556812E-018
-4.5556659751846652E-006  2.1148896481693117E-018 -2.0954889438021883E-017  1.9473023137661855E-017 -3.0872569547751537E-006 -1.1687747679199826E-006 -1.3280353799196717E-003  8.6138529984923766E-005 -4.8222189790804094E-017 -6.2340243630563204E-018  1.0833594752859457E-017  4.1819254379818251E-017 -1.2182182220632401E-017  4.8184324996945221E-018  8.6260104046155542E-007  2.4768539042541852E-016  4.1448023645547410E-016 -1.5936074611762005E-016  2.0195775750138432E-004 -2.8859819165141395E-005  3.0330510719120192E-005 -1.0080599316140187E-004 -1.2655242735458216E-004 -1.0115176434010437E-004 -1.0132889362447877E-016 -3.3471450808661260E-016  3.0739261495260886E-016 -5.1669264625974785E-006  4.3773228300090766E-007 -5.1389414996406296E-007  2.4478776071544354E-006  4.2753142842627091E-006  2.7190488555038783E-006  2.1012284342244027E-003 -2.9969608449875550E-004  3.1507066258180179E-004 -1.0485667220454752E-003 -1.3251774439940497E-003 -1.0526617121791890E-003 -1.7054590060892515E-018  3.4802807491283994E-019 -8.5864596751858162E-019 -8.9339263668225399E-019  2.1270148249652312E-019 -1.1433837279700085E-018  5.6976538520877993E-019 -4.5584993012549493E-019  6.6991133866357471E-020 -2.1325549330263537E-018
