   1.7691313088551199E-004   9.8022386901126623E-018   3.9229063144691573E-018   4.1708229501766073E-018  -1.3642869691574667E-003   3.5086919940915083E-017  -1.4509844818002568E-018  -9.1318519240020217E-020   3.1953723870859532E-017  -1.8593962216212265E-019   3.9084599804254812E-017  -2.2392856649735507E-018  -1.1235802134970998E-018   6.8471537157087770E-019  -2.8302694616474861E-018   3.3186095435439736E-019  -2.1447216342626621E-018  -1.3676126346309350E-018  -3.0376905756097919E-019  -8.9587288446542870E-019  -6.0590948337955437E-019   1.6684931313108301E-018  -7.2437811906747745E-019  -7.0740744020452056E-019  -5.8213286083034915E-003   6.7062635580065428E-017   9.4503960171731019E-020  -7.5596370459533053E-021   7.6256456548396316E-017   5.7193080921183580E-020   7.0850807798355993E-017  -4.9579092975945904E-003  -9.1021082399154923E-019   2.0057865403179442E-018   3.5395648176043805E-019  -7.4026168013940876E-019  -1.5020937368447367E-019  -3.6740983963807652E-019  -8.8416707658029224E-020  -3.8834513752036459E-020  -2.5752541710465518E-019  -1.2200666268095378E-018  -1.5282551426661268E-019  -1.7641892083983503E-019  -9.2102010733469024E-020  -2.2820966111614817E-017  -1.0422142256386417E-019   4.1100639851213542E-021  -2.4674764022292910E-017   1.4515749671677068E-020  -2.6671328166465468E-017  -4.6415214287745980E-019   2.3309766824225927E-019   4.3935579768397371E-019  -2.6123703880273396E-003   4.8620541412826609E-020  -3.1952802849654375E-019  -1.1144370196951915E-019   1.1865811650760671E-019   7.6761543331371475E-021   6.6488923217144849E-020  -4.2205868470281310E-019  -8.2508296094426516E-020  -2.9249968816612235E-019  -3.1861724682632340E-019  -7.0294343956440081E-018   1.8783576026237739E-020   1.8756683613853281E-021  -1.1515755126969992E-017   1.6258503068072408E-020  -1.0974613418699315E-017   4.3890560261792683E-020  -2.0281784555698715E-019  -1.2501400589113881E-019  -9.5651664244613235E-004
   9.8022386901126623E-018   5.4311335092544129E-031   2.1735675504076400E-031   2.3109309007870289E-031  -7.5591147172372066E-017   1.9440635211204038E-030  -8.0394802551201186E-032  -5.0596918269317034E-033   1.7704622989393169E-030  -1.0302370147764702E-032   2.1655632596133711E-030  -1.2407226345241262E-031  -6.2254290481771453E-032   3.7938074315525960E-032  -1.5681694559099169E-031   1.8387443997107981E-032  -1.1883274733573083E-031  -7.5775412560764861E-032  -1.6830954231487956E-032  -4.9637693966383846E-032  -3.3571670745755989E-032   9.2446320089752068E-032  -4.0135671046313217E-032  -3.9195375410170721E-032  -3.2254277693553147E-016   3.7157443195624159E-030   5.2361877839564583E-033  -4.1885735877347977E-034   4.2251470255948052E-030   3.1689011878670057E-033   3.9256358527520454E-030  -2.7470324048700044E-016  -5.0432117222905083E-032   1.1113476049629901E-031   1.9611692488635149E-032  -4.1015732668063658E-032  -8.3226616756920300E-033  -2.0357103665522074E-032  -4.8989109418835684E-033  -2.1517067235572730E-033  -1.4268729486587688E-032  -6.7600320190857536E-032  -8.4676143669064092E-033  -9.7748559582231215E-033  -5.1031027970050781E-033  -1.2644429265670745E-030  -5.7746039283834341E-033   2.2772661368967088E-034  -1.3671564420237554E-030   8.0427519616835553E-034  -1.4777802165471116E-030  -2.5717311486372710E-032   1.2915259431466180E-032   2.4343418587567636E-032  -1.4474379579544971E-016   2.6939218688038239E-033  -1.7704112678505198E-032  -6.1747692878825512E-033   6.5744988780932246E-033   4.2531324056576774E-034   3.6839565970080320E-033  -2.3385036192532719E-032  -4.5715431533199528E-033  -1.6206551463064148E-032  -1.7653648932363838E-032  -3.8948038202535256E-031   1.0407429609179932E-033   1.0392529310721250E-034  -6.3805428057512627E-031   9.0083606015830276E-034  -6.0807120264815657E-031   2.4318474596850753E-033  -1.1237543097072642E-032  -6.9266601027207676E-033  -5.2997787068670156E-017
   3.9229063144691573E-018   2.1735675504076400E-031   8.6987290740227704E-032   9.2484642637233509E-032  -3.0251965692243060E-017   7.7802421506272490E-031  -3.2174413269157336E-032  -2.0249146796597990E-033   7.0854811350842560E-031  -4.1230614948634949E-033   8.6666954907849367E-031  -4.9654357655960743E-032  -2.4914487083453329E-032   1.5183012370561485E-032  -6.2758947779468638E-032   7.3587496125718033E-033  -4.7557476371114417E-032  -3.0325709647936904E-032  -6.7358344068732950E-033  -1.9865260299448671E-032  -1.3435555215427219E-032   3.6997492541712133E-032  -1.6062501879479271E-032  -1.5686190732086797E-032  -1.2908327743570490E-016   1.4870599783361090E-030   2.0955492689795910E-033  -1.6762886821474368E-034   1.6909255599932691E-030   1.2682105458573985E-033   1.5710596489148046E-030  -1.0993764901874754E-016  -2.0183192570625845E-032   4.4476702464683404E-032   7.8487001524148688E-033  -1.6414707064665095E-032  -3.3307719871885178E-033  -8.1470175373644074E-033  -1.9605693429320294E-033  -8.6112409211609920E-034  -5.7104188922524346E-033  -2.7053995655537736E-032  -3.3887827993755089E-033  -3.9119476043996666E-033  -2.0422879730473439E-033  -5.0603655937486935E-031  -2.3110261778325878E-033   9.1137361480188642E-035  -5.4714303628333033E-031   3.2187506807013893E-034  -5.9141523953479990E-031  -1.0292200262662872E-032   5.1687532183654362E-033   9.7423612617453348E-033  -5.7927211166460353E-017   1.0781213806267363E-033  -7.0852769060435183E-033  -2.4711744118471649E-033   2.6311482487523340E-033   1.7021254529597806E-034   1.4743383683576691E-033  -9.3588117004649280E-033  -1.8295550710386716E-033  -6.4859452090625416E-033  -7.0650810554171319E-033  -1.5587205110096687E-031   4.1651068314044473E-034   4.1591436553628358E-035  -2.5535260315248148E-031   3.6051922223247830E-034  -2.4335322123112791E-031   9.7323785484300573E-034  -4.4973225166504161E-033  -2.7720849812148958E-033  -2.1209986832323142E-017
   4.1708229501766073E-018   2.3109309007870289E-031   9.2484642637233509E-032   9.8329411698543956E-032  -3.2163804761734825E-017   8.2719315524002338E-031  -3.4207745613631132E-032  -2.1528835870803722E-033   7.5332635964954958E-031  -4.3836273745153540E-033   9.2144062482025729E-031  -5.2792373277918326E-032  -2.6489012530396686E-032   1.6142536010708255E-032  -6.6725136606522182E-032   7.8238018724826232E-033  -5.0562974998796707E-032  -3.2242209127832041E-032  -7.1615201793515214E-033  -2.1120688827712804E-032  -1.4284644482633218E-032   3.9335629918769005E-032  -1.7077606780740200E-032  -1.6677513828185402E-032  -1.3724097718752318E-016   1.5810379827468946E-030   2.2279820836018614E-033  -1.7822254079416910E-034   1.7977872952631293E-030   1.3483578822182008E-033   1.6703461960388317E-030  -1.1688539895144061E-016  -2.1458713523417770E-032   4.7287504854160720E-032   8.3447159071848246E-033  -1.7452070342137542E-032  -3.5412674003281847E-033  -8.6618861110704022E-033  -2.0844718062098573E-033  -9.1554471058884612E-034  -6.0713012908521208E-033  -2.8763732021309831E-032  -3.6029443325392541E-033  -4.1591716804805707E-033  -2.1713548237024810E-033  -5.3801664538468962E-031  -2.4570765265056817E-033   9.6896986165102781E-035  -5.8172093591499094E-031   3.4221666626220622E-034  -6.2879101778134817E-031  -1.0942638345707430E-032   5.4954038712175967E-033   1.0358051067782757E-032  -6.1588047841385436E-017   1.1462556168646516E-033  -7.5330464607543077E-033  -2.6273456780769546E-033   2.7974294111324498E-033   1.8096949899363246E-034   1.5675124028304004E-033  -9.9502622539591553E-033  -1.9451778011508970E-033  -6.8958386877017907E-033  -7.5115742892216385E-033  -1.6572272593539776E-031   4.4283298579639379E-034   4.4219898259834230E-035  -2.7149016882903249E-031   3.8330302218051174E-034  -2.5873245974968939E-031   1.0347437475088273E-033  -4.7815406392976324E-033  -2.9472729483358860E-033  -2.2550398291927528E-017
  -1.3642869691574667E-003  -7.5591147172372066E-017  -3.0251965692243060E-017  -3.2163804761734825E-017   1.0520863685451244E-002  -2.7057701948782727E-016   1.1189442021976573E-017   7.0421378683608858E-019  -2.4641499969429124E-016   1.4338958464875661E-018  -3.0140561043027743E-016   1.7268521774800120E-017   8.6646244764570538E-018  -5.2802652597928892E-018   2.1825964677708376E-017  -2.5591858180999644E-018   1.6539279834396267E-017   1.0546509956287783E-017   2.3425517641869240E-018   6.9086319154492397E-018   4.6725441380527535E-018  -1.2866786234477959E-017   5.5861293259577216E-018   5.4552578868813793E-018   4.4891878424963290E-002  -5.1716161135855960E-016  -7.2877869918827713E-019   5.8297053823712226E-020  -5.8806087180959779E-016  -4.4105134896535379E-019  -5.4637455880044668E-016   3.8233516161953099E-002   7.0192006672549664E-018  -1.5467865082542086E-017  -2.7295781454859452E-018   5.7086173249309356E-018   1.1583577213138009E-018   2.8333253391058011E-018   6.8183611645941936E-019   2.9947704164342839E-019   1.9859383473920233E-018   9.4086911023995177E-018   1.1785324052834495E-018   1.3604758087197479E-018   7.1025577608588411E-019   1.7598663555283859E-016   8.0371608370296553E-019  -3.1695254666727921E-020   1.9028242196694121E-016  -1.1193995621182341E-019   2.0567916742810425E-016   3.5793652911158264E-018  -1.7975608126550184E-018  -3.3881452812676275E-018   2.0145609662546554E-002  -3.7494317550587470E-019   2.4640789712806437E-018   8.5941156335125628E-019  -9.1504639212370355E-019  -5.9195590952023902E-020  -5.1273735920237785E-019   3.2547565060753929E-018   6.3627268731034769E-019   2.2556466614448626E-018   2.4570553684637719E-018   5.4208332069656348E-017  -1.4485181443857059E-019  -1.4464443035350191E-020   8.8805136063645658E-017  -1.2537940944661881E-019   8.4632056443348495E-017  -3.3846735476596551E-019   1.5640543040587225E-018   9.6406060050923417E-019   7.3762935771907586E-003
   3.5086919940915083E-017   1.9440635211204038E-030   7.7802421506272490E-031   8.2719315524002338E-031  -2.7057701948782727E-016   6.9587370071296544E-030  -2.8777160911465734E-031  -1.8111067039851346E-032   6.3373348584085851E-030  -3.6877130623324882E-032   7.7515909496964258E-030  -4.4411421842176041E-031  -2.2283800417099225E-031   1.3579858829228804E-031  -5.6132316190993733E-031   6.5817492905508117E-032  -4.2535947388563908E-031  -2.7123659380904238E-031  -6.0246068507298954E-032  -1.7767714593676522E-031  -1.2016913288667967E-031   3.3090977830331322E-031  -1.4366484241986049E-031  -1.4029907274732618E-031  -1.1545355045549653E-015   1.3300433460460655E-029   1.8742830834816798E-032  -1.4992916494445533E-033   1.5123830393476834E-029   1.1343019262682575E-032   1.4051736061235806E-029  -9.8329482796613551E-016  -1.8052076830528369E-031   3.9780468191614685E-031   7.0199666219990642E-032  -1.4681500562661616E-031  -2.9790803217726186E-032  -7.2867850816727305E-032  -1.7535555034884186E-032  -7.7019917523468326E-033  -5.1074635599260482E-032  -2.4197401200904468E-031  -3.0309658515239926E-032  -3.4988903992523524E-032  -1.8266455750499490E-032  -4.5260485014577213E-030  -2.0670080797976829E-032   8.1514291944398098E-034  -4.8937095029505428E-030   2.8788871920541371E-033  -5.2896851206610145E-030  -9.2054608926031382E-032   4.6229916248121272E-032   8.7136786408978249E-032  -5.1810756048430133E-016   9.6428401639660264E-033  -6.3371521936333499E-032  -2.2102464804911436E-032   2.3533288984278111E-032   1.5224003509111379E-033   1.3186649934918199E-032  -8.3706275539936549E-032  -1.6363748496429657E-032  -5.8011031120516032E-032  -6.3190887952938830E-032  -1.3941373409387464E-030   3.7253188892078327E-033   3.7199853567807668E-034  -2.2839027051115724E-030   3.2245248990463473E-033  -2.1765788693977013E-030   8.7047499886484868E-033  -4.0224563739432767E-032  -2.4793843137817013E-032  -1.8970453288387757E-016
  -1.4509844818002568E-018  -8.0394802551201186E-032  -3.2174413269157336E-032  -3.4207745613631132E-032   1.1189442021976573E-017  -2.8777160911465734E-031   1.1900507078740386E-032   7.4896506355989504E-034  -2.6207414475272592E-031   1.5250168540832573E-033  -3.2055929093271928E-031   1.8365899319802701E-032   9.2152427899608321E-033  -5.6158147991987309E-033   2.3212957950652485E-032  -2.7218165914166612E-033   1.7590315617161787E-032   1.1216718058353909E-032   2.4914159077163526E-033   7.3476606655398030E-033   4.9694743027768203E-033  -1.3684442920684259E-032   5.9411158711715692E-033   5.8019278326550757E-033   4.7744661076483023E-017  -5.5002612326312900E-031  -7.7509102343901129E-034   6.2001706638830738E-035  -6.2543087974856409E-031  -4.6907921683149486E-034  -5.8109549089917824E-031   4.0663174163360476E-017   7.4652558245269260E-033  -1.6450814754324727E-032  -2.9030369859848006E-033   6.0713877199356589E-033   1.2319688716500802E-033   3.0133770913848417E-033   7.2516534019565260E-034   3.1850816573320906E-034   2.1121404726583454E-033   1.0006593255130730E-032   1.2534256135430723E-033   1.4469311302856587E-033   7.5539100827596262E-034   1.8717020902801946E-031   8.5479051811692434E-034  -3.3709420164388656E-035   2.0237446202678844E-031  -1.1905350049415379E-034   2.1874963766023507E-031   3.8068262832642178E-033  -1.9117919493619725E-033  -3.6034546516559669E-033   2.1425819975992536E-017  -3.9877001064659539E-034   2.6206659083363914E-033   9.1402532611776548E-034  -9.7319562900960386E-034  -6.2957343875699438E-035  -5.4532071936547583E-034   3.4615893057091376E-033   6.7670645278596298E-034   2.3989881719696270E-033   2.6131959706150752E-033   5.7653155381174150E-032  -1.5405683676710213E-034  -1.5383627386793962E-035   9.4448512113317495E-032  -1.3334700217555677E-034   9.0010242227834760E-032  -3.5997622968186098E-034   1.6634466026481335E-033   1.0253245852797420E-033   7.8450412234871705E-018
  -9.1318519240020217E-020  -5.0596918269317034E-033  -2.0249146796597990E-033  -2.1528835870803722E-033   7.0421378683608858E-019  -1.8111067039851346E-032   7.4896506355989504E-034   4.7136534831812519E-035  -1.6493782759289471E-032   9.5977787962399425E-035  -2.0174578118359574E-032   1.1558681374144110E-033   5.7996645489440882E-034  -3.5343444276726297E-034   1.4609204811097686E-033  -1.7129904825908706E-034   1.1070563436562954E-033   7.0593041942861971E-034   1.5679865247174138E-034   4.6242913020182344E-034   3.1275664241968241E-034  -8.6123806271933007E-034   3.7390744752531125E-034   3.6514757053649671E-034   3.0048369267957861E-018  -3.4616201447860924E-032  -4.8780786717211727E-035   3.9021120567653150E-036  -3.9361841936972749E-032  -2.9521762654672726E-035  -3.6571569463049934E-032   2.5591595904526714E-018   4.6983004725034717E-034  -1.0353412200473234E-033  -1.8270425506565634E-034   3.8210617912927487E-034   7.7534649419063103E-035   1.8964857126221411E-034   4.5638685941486539E-035   2.0045489407663805E-035   1.3292874100953213E-034   6.2977053866348968E-034   7.8885041461128428E-035   9.1063419297246786E-035   4.7540955253636368E-035   1.1779661704636142E-032   5.3796718954567526E-035  -2.1215211964447530E-036   1.2736549863960613E-032  -7.4926985862580409E-036   1.3767130693664798E-032   2.3958473956962246E-034  -1.2031969473175942E-034  -2.2678543228078756E-034   1.3484459539383460E-018  -2.5096813471356689E-035   1.6493307349170265E-034   5.7524694699278727E-035  -6.1248610778906377E-035  -3.9622556203223831E-036  -3.4320064223962575E-035   2.1785705745264034E-034   4.2588898781267350E-035   1.5098166126958404E-034   1.6446294878666140E-034   3.6284335531910819E-033  -9.6956531160957731E-036  -9.6817718667761276E-037   5.9441698920930116E-033  -8.3922681024536946E-036   5.6648448965375797E-033  -2.2655305186563810E-035   1.0468994154934109E-034   6.4529375773863845E-035   4.9373205357573528E-019
   3.1953723870859532E-017   1.7704622989393169E-030   7.0854811350842560E-031   7.5332635964954958E-031  -2.4641499969429124E-016   6.3373348584085851E-030  -2.6207414475272592E-031  -1.6493782759289471E-032   5.7714227547976466E-030  -3.3584072100704575E-032   7.0593884325998623E-030  -4.0445565260412594E-031  -2.0293898880847802E-031   1.2367202933889499E-031  -5.1119805751522240E-031   5.9940114370723317E-032  -3.8737567154038762E-031  -2.4701567526706616E-031  -5.4866207710134792E-032  -1.6181091041865150E-031  -1.0943825495448838E-031   3.0136015643086529E-031  -1.3083584174288293E-031  -1.2777062898239604E-031  -1.0514376518023513E-015   1.2112729725891589E-029   1.7069131233590630E-032  -1.3654077202818539E-033   1.3773300736475755E-029   1.0330108940652336E-032   1.2796942415094700E-029  -8.9548844610424845E-016  -1.6440060264896553E-031   3.6228147075574129E-031   6.3930967836374424E-032  -1.3370470129015350E-031  -2.7130540426841170E-032  -6.6360888558517481E-032  -1.5969662895760473E-032  -7.0142183504440595E-033  -4.6513766540118186E-032  -2.2036618707716095E-031  -2.7603062920511338E-032  -3.1864460562620491E-032  -1.6635295549841079E-032  -4.1218808685754858E-030  -1.8824281393725598E-032   7.4235218728406716E-034  -4.4567104329706698E-030   2.6218079713226853E-033  -4.8173261715199754E-030  -8.3834305194520088E-032   4.2101671530388058E-032   7.9355634994330586E-032  -4.7184152815347533E-016   8.7817526431238027E-033  -5.7712564016438613E-032  -2.0128756198345056E-032   2.1431810465069600E-032   1.3864528580973368E-033   1.2009106855535367E-032  -7.6231462304623635E-032  -1.4902496480956974E-032  -5.2830754965391917E-032  -5.7548060308595162E-032  -1.2696434940834885E-030   3.3926549072161071E-033   3.3877976492203146E-034  -2.0799544818963376E-030   2.9365808800643039E-033  -1.9822144631959931E-030   7.9274321590647754E-033  -3.6632585724824426E-032  -2.2579799499566671E-032  -1.7276427429451140E-016
  -1.8593962216212265E-019  -1.0302370147764702E-032  -4.1230614948634949E-033  -4.3836273745153540E-033   1.4338958464875661E-018  -3.6877130623324882E-032   1.5250168540832573E-033   9.5977787962399425E-035  -3.3584072100704575E-032   1.9542666458244377E-034  -4.1078780775543109E-032   2.3535388717284729E-033   1.1809077105853019E-033  -7.1965103348308172E-034   2.9746759422639607E-033  -3.4879321932836466E-034   2.2541499792675239E-033   1.4373911946196077E-033   3.1926801309047497E-034   9.4158226022574115E-034   6.3682429811809739E-034  -1.7536232661938554E-033   7.6133746029897491E-034   7.4350090062803108E-034   6.1183454076678094E-018  -7.0484316559990665E-032  -9.9325756992721815E-035   7.9453461084072356E-036  -8.0147226195476860E-032  -6.0111195836868601E-035  -7.4465769533144050E-032   5.2108725728526921E-018   9.5665175249421215E-034  -2.1081261157824676E-033  -3.7201610841968247E-034   7.7803143507360685E-034   1.5787338140646401E-034   3.8615588576723701E-034   9.2927919665793158E-035   4.0815934791049223E-035   2.7066492189644478E-034   1.2823170697735876E-033   1.6062300314980831E-034   1.8542019644905124E-034   9.6801254889528667E-035   2.3985341251545075E-032   1.0953902537208916E-034  -4.3197683554092682E-036   2.5933723948471532E-032  -1.5256374672936297E-035   2.8032157121474007E-032   4.8783419094100816E-034  -2.4499081635656548E-034  -4.6177268248654479E-034   2.7456591857597402E-018  -5.1101266787649006E-035   3.3583104087001843E-034   1.1712980112239692E-034  -1.2471231072255219E-034  -8.0678083600551342E-036  -6.9881332149182704E-035   4.4359303332136271E-034   8.6718048141753709E-035   3.0742365605040252E-034   3.3487378914548389E-034   7.3880913700256848E-033  -1.9741954775716266E-035  -1.9713690254180946E-036   1.2103313906111418E-032  -1.7088047123847870E-035   1.1534561975328335E-032  -4.6129951749273668E-035   2.1316605150697882E-034   1.3139249135449754E-034   1.0053201941427011E-018
   3.9084599804254812E-017   2.1655632596133711E-030   8.6666954907849367E-031   9.2144062482025729E-031  -3.0140561043027743E-016   7.7515909496964258E-030  -3.2055929093271928E-031  -2.0174578118359574E-032   7.0593884325998623E-030  -4.1078780775543109E-032   8.6347798731080855E-030  -4.9471502553156882E-031  -2.4822738014247450E-031   1.5127100031364039E-031  -6.2527834250066260E-031   7.3316505827900104E-032  -4.7382343157405657E-031  -3.0214033432252179E-031  -6.7110292991026429E-032  -1.9792105305894041E-031  -1.3386077990343249E-031   3.6861247091734232E-031  -1.6003350768255362E-031  -1.5628425408874073E-031  -1.2860792064770037E-015   1.4815837921955453E-029   2.0878322851115333E-032  -1.6701156501362932E-033   1.6846986268155495E-029   1.2635402856690288E-032   1.5652741290294451E-029  -1.0953279713741574E-015  -2.0108866772717373E-031   4.4312914382720769E-031   7.8197968508518842E-032  -1.6354258937058627E-031  -3.3185062227544372E-032  -8.1170156644238388E-032  -1.9533494306085254E-032  -8.5795295182098620E-033  -5.6893899376371976E-032  -2.6954367719735515E-031  -3.3763034067015938E-032  -3.8975416264526341E-032  -2.0347671270451839E-032  -5.0417304987731173E-030  -2.3025156875296429E-032   9.0801742767361891E-034  -5.4512814975834075E-030   3.2068974413402510E-033  -5.8923731800827049E-030  -1.0254298627721849E-031   5.1497189795648749E-032   9.7064844413781916E-032  -5.7713890792317669E-016   1.0741511350089102E-032  -7.0591849556446201E-032  -2.4620741662200755E-032   2.6214588900287484E-032   1.6958572755151638E-033   1.4689090302967151E-032  -9.3243473239953413E-032  -1.8228176265042352E-032  -6.4620603330119709E-032  -7.0390634774301805E-032  -1.5529804307279343E-030   4.1497685796618211E-033   4.1438273633679450E-034  -2.5441225211976448E-030   3.5919158891777817E-033  -2.4245705863057261E-030   9.6965384899939042E-033  -4.4807608610385949E-032  -2.7618766146555462E-032  -2.1131879803941768E-016
  -2.2392856649735507E-018  -1.2407226345241262E-031  -4.9654357655960743E-032  -5.2792373277918326E-032   1.7268521774800120E-017  -4.4411421842176041E-031   1.8365899319802701E-032   1.1558681374144110E-033  -4.0445565260412594E-031   2.3535388717284729E-033  -4.9471502553156882E-031   2.8343855904065530E-032   1.4221765523782397E-032  -8.6668146590992794E-033   3.5824259068599450E-032  -4.2005444939593308E-033   2.7146907563752413E-032   1.7310616530480264E-032   3.8449700859063370E-033   1.1339550081899701E-032   7.6693256945489920E-033  -2.1119024531135841E-032   9.1688476142453733E-033   8.9540405068674486E-033   7.3683720583241159E-017  -8.4884823279154247E-031  -1.1961879948455483E-033   9.5686435397275203E-035  -9.6521942241250796E-031  -7.2392391453045544E-034  -8.9679718775271326E-031   6.2754953025659466E-017   1.1521033176373210E-032  -2.5388330556636435E-032  -4.4802195951387711E-033   9.3698944808011697E-033   1.9012816943134148E-033   4.6505060588419690E-033   1.1191383308393875E-033   4.9154955042557006E-034   3.2596391912931452E-033   1.5443046505662014E-032   1.9343956077567906E-033   2.2330301797801618E-033   1.1657852151413550E-033   2.8885737321361949E-031   1.3191871986112954E-033  -5.2023314029541194E-035   3.1232190106613815E-031  -1.8373373414077606E-034   3.3759349874160457E-031   5.8750259786249044E-033  -2.9504438953796037E-033  -5.5611651585852526E-033   3.3066192047082675E-017  -6.1541662206777242E-034   4.0444399473807877E-033   1.4106035149727020E-033  -1.5019202814300821E-033  -9.7161258038231306E-035  -8.4158644355252018E-034   5.3422261971284756E-033   1.0443523539539205E-033   3.7023275516134732E-033   4.0329116886933933E-033   8.8975372242008724E-032  -2.3775393223759628E-034  -2.3741354035572943E-035   1.4576117243585204E-031  -2.0579271121386591E-034   1.3891164767765862E-031  -5.5554667949149318E-034   2.5671757199893304E-033   1.5823702283247056E-033   1.2107151091709406E-017
  -1.1235802134970998E-018  -6.2254290481771453E-032  -2.4914487083453329E-032  -2.6489012530396686E-032   8.6646244764570538E-018  -2.2283800417099225E-031   9.2152427899608321E-033   5.7996645489440882E-034  -2.0293898880847802E-031   1.1809077105853019E-033  -2.4822738014247450E-031   1.4221765523782397E-032   7.1358891781705117E-033  -4.3486463640294775E-033   1.7975120049342973E-032  -2.1076581488242762E-033   1.3621186735291873E-032   8.6857458703524431E-033   1.9292457311665197E-033   5.6897135998646303E-033   3.8481479768513277E-033  -1.0596646271043928E-032   4.6005455762419985E-033   4.4927643228969795E-033   3.6971419859090032E-017  -4.2591666331138796E-031  -6.0019727882601516E-034   4.8011465081975947E-035  -4.8430687592447156E-031  -3.6323484724017677E-034  -4.4997545040359724E-031   3.1487819808556572E-017   5.7807742524755009E-033  -1.2738806090422340E-032  -2.2479874577678628E-033   4.7014225142678370E-033   9.5398390898913149E-034   2.3334301077325626E-033   5.6153696884946538E-034   2.4663907667094759E-034   1.6355510847786032E-033   7.7486770720172119E-033   9.7059909057065235E-034   1.1204414717550100E-033   5.8494243115505203E-034   1.4493659033422316E-031   6.6191315268203058E-034  -2.6103130653868127E-035   1.5671011241160982E-031  -9.2189929789485312E-035   1.6939034680767504E-031   2.9478431656205628E-033  -1.4804097725159983E-033  -2.7903608878100216E-033   1.6591236973883851E-017  -3.0879041045472823E-034   2.0293313937719416E-033   7.0778205000991173E-034  -7.5360099734518163E-034  -4.8751469612758044E-035  -4.2227300014184410E-034   2.6805064423034701E-033   5.2401248271984299E-034   1.8576736527839092E-033   2.0235469940591941E-033   4.4644133307056606E-032  -1.1929501363840005E-034  -1.1912421917957642E-035   7.3136881018258396E-032  -1.0325820506896050E-034   6.9700074982055094E-032  -2.7875016864274418E-034   1.2881017766816510E-033   7.9396742755173552E-034   6.0748637930592818E-018
   6.8471537157087770E-019   3.7938074315525960E-032   1.5183012370561485E-032   1.6142536010708255E-032  -5.2802652597928892E-018   1.3579858829228804E-031  -5.6158147991987309E-033  -3.5343444276726297E-034   1.2367202933889499E-031  -7.1965103348308172E-034   1.5127100031364039E-031  -8.6668146590992794E-033  -4.3486463640294775E-033   2.6500867274167925E-033  -1.0954127578759446E-032   1.2844173608441063E-033  -8.3008189576985282E-033  -5.2931367423051731E-033  -1.1756919459766039E-033  -3.4673397723314771E-033  -2.3450805204449959E-033   6.4576489526279177E-033  -2.8035953604601536E-033  -2.7379129284931366E-033  -2.2530567183564147E-017   2.5955573342627058E-031   3.6576320751330628E-034  -2.9258425663217894E-035   2.9513901946602005E-031   2.2135712288973182E-034   2.7421727796532385E-031  -1.9188834033546556E-017  -3.5228325870312613E-033   7.7630918031429070E-033   1.3699347398094494E-033  -2.8650702683248181E-033  -5.8136253991430549E-034  -1.4220039157488234E-033  -3.4220342229045358E-034  -1.5030308027677099E-034  -9.9671296742733533E-034  -4.7220823549708239E-033  -5.9148791422549886E-034  -6.8280260673897410E-034  -3.5646682745444931E-034  -8.8325079164603728E-032  -4.0337316805863952E-034   1.5907377675508183E-035  -9.5499922088211817E-032   5.6181001830238710E-035  -1.0322732000943735E-031  -1.7964302897416286E-033   9.0216907995422510E-034   1.7004598062180230E-033  -1.0110782348182289E-017   1.8817841226836347E-034  -1.2366846466637149E-033  -4.3132590227389684E-034   4.5924819671517108E-034   2.9709388105571281E-035   2.5733526696464774E-034  -1.6335139606342750E-033  -3.1933581377029256E-034  -1.1320755653611795E-033  -1.2331596047031584E-033  -2.7206356928142865E-032   7.2698974767217052E-035   7.2594891774360080E-036  -4.4569979125999564E-032   6.2926063846813795E-035  -4.2475572430485025E-032   1.6987173946718320E-034  -7.8497563061968334E-034  -4.8384770009361133E-034  -3.7020522160679666E-018
  -2.8302694616474861E-018  -1.5681694559099169E-031  -6.2758947779468638E-032  -6.6725136606522182E-032   2.1825964677708376E-017  -5.6132316190993733E-031   2.3212957950652485E-032   1.4609204811097686E-033  -5.1119805751522240E-031   2.9746759422639607E-033  -6.2527834250066260E-031   3.5824259068599450E-032   1.7975120049342973E-032  -1.0954127578759446E-032   4.5278861921890002E-032  -5.3091362971258111E-033   3.4311416652936561E-032   2.1879168921972777E-032   4.8597200372009494E-033   1.4332241217648333E-032   9.6933851023276169E-033  -2.6692677546776459E-032   1.1588655171159059E-032   1.1317156985078475E-032   9.3130049215840878E-017  -1.0728730453743676E-030  -1.5118814026975358E-033   1.2093963724008022E-034  -1.2199564788780147E-030  -9.1497917389474893E-034  -1.1334765070350373E-030   7.9317002691456243E-017   1.4561620643475060E-032  -3.2088722658575384E-032  -5.6626221923971015E-033   1.1842761565744275E-032   2.4030607624455136E-033   5.8778500150415140E-033   1.4144970830111896E-033   6.2127744718647780E-034   4.1199108284450464E-033   1.9518716885231961E-032   2.4449139745838275E-033   2.8223630524797906E-033   1.4734548364528084E-033   3.6509151778447803E-031   1.6673420907510459E-033  -6.5753110152315827E-035   3.9474871501114135E-031  -2.3222404579597878E-034   4.2668989708839948E-031   7.4255405970654065E-033  -3.7291138803837141E-033  -7.0288468174102963E-033   4.1792896291744214E-017  -7.7783504752138989E-034   5.1118332294929482E-033   1.7828846553023404E-033  -1.8983013971157485E-033  -1.2280368949001667E-034  -1.0636947522063238E-033   6.7521263139620457E-033   1.3199738741820419E-033   4.6794318251805033E-033   5.0972624764089327E-033   1.1245741569923779E-031  -3.0050105010010978E-034  -3.0007082328121398E-035   1.8422990933762713E-031  -2.6010474460172300E-034   1.7557268393171082E-031  -7.0216445631692499E-034   3.2446950188709039E-033   1.9999833894799094E-033   1.5302424580484194E-017
   3.3186095435439736E-019   1.8387443997107981E-032   7.3587496125718033E-033   7.8238018724826232E-033  -2.5591858180999644E-018   6.5817492905508117E-032  -2.7218165914166612E-033  -1.7129904825908706E-034   5.9940114370723317E-032  -3.4879321932836466E-034   7.3316505827900104E-032  -4.2005444939593308E-033  -2.1076581488242762E-033   1.2844173608441063E-033  -5.3091362971258111E-033   6.2251847827102387E-034  -4.0231573812999393E-033  -2.5654242386873143E-033  -5.6982253855854409E-034  -1.6805153406692165E-033  -1.1365900224604848E-033   3.1298282954977304E-033  -1.3588183799807643E-033  -1.3269840799753706E-033  -1.0919888523211704E-017   1.2579886034306937E-031   1.7727442986217010E-034  -1.4180679252499572E-035   1.4304500926057531E-031   1.0728514227276390E-034   1.3290487017585152E-031  -9.3002509359638637E-018  -1.7074110395401683E-033   3.7625371964723365E-033   6.6396618074076123E-034  -1.3886134195546705E-033  -2.8176894419535708E-034  -6.8920254483763323E-034  -1.6585571029917399E-034  -7.2847384086938907E-035  -4.8307680873146499E-034  -2.2886513461286640E-033  -2.8667640870049753E-034  -3.3093389474842593E-034  -1.7276875394708789E-034  -4.2808510341671098E-032  -1.9550284697973954E-034   7.7098276975420955E-036  -4.6285940992174623E-032   2.7229242482457129E-035  -5.0031178437232670E-032  -8.7067575103079433E-034   4.3725422897366069E-034   8.2416174305850519E-034  -4.9003922193822699E-018   9.1204418766009793E-035  -5.9938386681124498E-034  -2.0905069684355686E-034   2.2258379346410869E-034   1.4399247189939098E-035   1.2472266700834764E-034  -7.9171510445812601E-034  -1.5477246797339860E-034  -5.4868299021846268E-034  -5.9767538495478279E-034  -1.3186103232889464E-032   3.5235007345439050E-035   3.5184561448098761E-036  -2.1601728867830306E-032   3.0498371248859439E-035  -2.0586632911703159E-032   8.2331724856837800E-035  -3.8045408754990579E-034  -2.3450643315756902E-034  -1.7942734054232534E-018
  -2.1447216342626621E-018  -1.1883274733573083E-031  -4.7557476371114417E-032  -5.0562974998796707E-032   1.6539279834396267E-017  -4.2535947388563908E-031   1.7590315617161787E-032   1.1070563436562954E-033  -3.8737567154038762E-031   2.2541499792675239E-033  -4.7382343157405657E-031   2.7146907563752413E-032   1.3621186735291873E-032  -8.3008189576985282E-033   3.4311416652936561E-032  -4.0231573812999393E-033   2.6000505815767007E-032   1.6579596947397244E-032   3.6825987212459963E-033   1.0860685960646514E-032   7.3454535053704384E-033  -2.0227177583877364E-032   8.7816512859970091E-033   8.5759153865568367E-033   7.0572090064136117E-017  -8.1300175209899052E-031  -1.1456735115663877E-033   9.1645640086048020E-035  -9.2445863850205479E-031  -6.9335293184754118E-034  -8.5892584416730804E-031   6.0104839465785043E-017   1.1034505105322217E-032  -2.4316192728038175E-032  -4.2910219282161675E-033   8.9742080334220976E-033   1.8209914198998431E-033   4.4541172708242958E-033   1.0718776203625587E-033   4.7079163306404574E-034   3.1219860881570157E-033   1.4790893568288412E-032   1.8527069476094120E-033   2.1387303154073124E-033   1.1165546276324455E-033   2.7665905571491756E-031   1.2634785140454239E-033  -4.9826392778035823E-035   2.9913268706540892E-031  -1.7597474083782927E-034   3.2333707648956711E-031   5.6269262628271375E-033  -2.8258479711089387E-033  -5.3263196446472220E-033   3.1669821566468094E-017  -5.8942785374781117E-034   3.8736450598080237E-033   1.3510343603100068E-033  -1.4384948606184242E-033  -9.3058181627413327E-035  -8.0604662496715549E-034   5.1166263774753914E-033   1.0002498217861662E-033   3.5459799172902390E-033   3.8626036343217741E-033   8.5217982122108411E-032  -2.2771369016333815E-034  -2.2738767287818939E-035   1.3960574340672822E-031  -1.9710217718879551E-034   1.3304547101133972E-031  -5.3208619203225420E-034   2.4587650391090123E-033   1.5155474422872394E-033   1.1595871523601556E-017
  -1.3676126346309350E-018  -7.5775412560764861E-032  -3.0325709647936904E-032  -3.2242209127832041E-032   1.0546509956287783E-017  -2.7123659380904238E-031   1.1216718058353909E-032   7.0593041942861971E-034  -2.4701567526706616E-031   1.4373911946196077E-033  -3.0214033432252179E-031   1.7310616530480264E-032   8.6857458703524431E-033  -5.2931367423051731E-033   2.1879168921972777E-032  -2.5654242386873143E-033   1.6579596947397244E-032   1.0572218743969657E-032   2.3482621049715904E-033   6.9254727994784263E-033   4.6839342041198477E-033  -1.2898151062920855E-032   5.5997464005539404E-033   5.4685559416260290E-033   4.5001309485650798E-017  -5.1842227466032858E-031  -7.3055521264364381E-034   5.8439162121665249E-035  -5.8949436328308344E-031  -4.4212648145319589E-034  -5.4770643328643283E-031   3.8326716410510507E-017   7.0363110801212945E-033  -1.5505570452465135E-032  -2.7362319243468417E-033   5.7225329834162540E-033   1.1611814016441041E-033   2.8402320181758109E-033   6.8349819993770195E-034   3.0020706434393476E-034   1.9907793865162460E-033   9.4316262764920361E-033   1.1814052645998698E-033   1.3637921838862882E-033   7.1198713698374488E-034   1.7641563083820101E-031   8.0567526889674685E-034  -3.1772516867790372E-035   1.9074626549491554E-031  -1.1221282757678640E-034   2.0618054296066528E-031   3.5880905606776596E-033  -1.8019426517154605E-033  -3.3964044217825921E-033   2.0194717775437259E-017  -3.7585715885503954E-034   2.4700855538720967E-033   8.6150651509407169E-034  -9.1727696256944126E-034  -5.9339889576478461E-035  -5.1398723768909376E-034   3.2626904903334749E-033   6.3782370271673669E-034   2.2611451572832744E-033   2.4630448299114220E-033   5.4340473461030702E-032  -1.4520491366837934E-034  -1.4499702405177144E-035   8.9021612641924435E-032  -1.2568504160649936E-034   8.4838360479394580E-032  -3.3929242252743250E-034   1.5678669340370402E-033   9.6641065084756206E-034   7.3942744605579718E-018
  -3.0376905756097919E-019  -1.6830954231487956E-032  -6.7358344068732950E-033  -7.1615201793515214E-033   2.3425517641869240E-018  -6.0246068507298954E-032   2.4914159077163526E-033   1.5679865247174138E-034  -5.4866207710134792E-032   3.1926801309047497E-034  -6.7110292991026429E-032   3.8449700859063370E-033   1.9292457311665197E-033  -1.1756919459766039E-033   4.8597200372009494E-033  -5.6982253855854409E-034   3.6825987212459963E-033   2.3482621049715904E-033   5.2158728902492250E-034   1.5382603905450728E-033   1.0403781325456155E-033  -2.8648895845569170E-033   1.2437949486594185E-033   1.2146554093919429E-033   9.9955243358475505E-018  -1.1515003722869596E-031  -1.6226822041674685E-034   1.2980290436657230E-035  -1.3093630655169823E-031  -9.8203497973702570E-035  -1.2165452617685377E-031   8.5129884212933856E-018   1.5628793792850015E-033  -3.4440399306209789E-033  -6.0776170962431053E-034   1.2710678500737023E-033   2.5791731598761855E-034   6.3086182561380992E-034   1.5181609088872702E-034   6.6680882217437899E-035   4.4218455046451017E-034   2.0949179268517901E-033   2.6240936558905645E-034   3.0292047317913578E-034   1.5814394816223484E-034   3.9184787096682298E-032   1.7895360933031950E-034  -7.0571938726447636E-036   4.2367854636194782E-032  -2.4924298018387164E-035   4.5796059232425849E-032   7.9697339762778157E-034  -4.0024083371988742E-034  -7.5439678178994149E-034   4.4855759818349442E-018  -8.3484001267474126E-035   5.4864626268768155E-034   1.9135463913244115E-034  -2.0374216454742748E-034  -1.3180356685783211E-035  -1.1416494322847587E-034   7.2469673814415217E-034   1.4167104058423904E-034   5.0223719498019300E-034   5.4708240313569785E-034   1.2069904878532566E-032  -3.2252378094013560E-035  -3.2206202421667030E-036   1.9773151176022527E-032  -2.7916696344811003E-035   1.8843982685783662E-032  -7.5362377341997384E-035   3.4824880150509875E-034   2.1465555756881285E-034   1.6423888807060205E-018
  -8.9587288446542870E-019  -4.9637693966383846E-032  -1.9865260299448671E-032  -2.1120688827712804E-032   6.9086319154492397E-018  -1.7767714593676522E-031   7.3476606655398030E-033   4.6242913020182344E-034  -1.6181091041865150E-031   9.4158226022574115E-034  -1.9792105305894041E-031   1.1339550081899701E-032   5.6897135998646303E-033  -3.4673397723314771E-033   1.4332241217648333E-032  -1.6805153406692165E-033   1.0860685960646514E-032   6.9254727994784263E-033   1.5382603905450728E-033   4.5366232630849555E-033   3.0682735299703649E-033  -8.4491057660695047E-033   3.6681885155974449E-033   3.5822504569118371E-033   2.9478707576075440E-017  -3.3959942077927025E-031  -4.7855992920753875E-034   3.8281352050982894E-035  -3.8615613971206400E-031  -2.8962084453461802E-034  -3.5878239919961140E-031   2.5106426420254906E-017   4.6092293561220462E-033  -1.0157130590037656E-032  -1.7924051917614153E-033   3.7486215032556787E-033   7.6064735388997144E-034   1.8605318393836620E-033   4.4773460583768333E-034   1.9665463879198346E-034   1.3040865711319773E-033   6.1783125013326963E-033   7.7389526487180034E-034   8.9337024728447819E-034   4.6639666376293793E-034   1.1556341032668055E-031   5.2776832328970788E-034  -2.0813010652504829E-035   1.2495088356364406E-031  -7.3506508326728142E-035   1.3506131273250910E-031   2.3504265454413063E-033  -1.1803865511005990E-033  -2.2248599852798412E-033   1.3228819042994975E-017  -2.4621024149964269E-034   1.6180624644645457E-033   5.6434132525498639E-034  -6.0087450020709565E-034  -3.8871385575555060E-035  -3.3669419069911438E-034   2.1372688922852520E-033   4.1781491766304412E-034   1.4811932728283537E-033   1.6134503443922003E-033   3.5596451414685893E-032  -9.5118414054246738E-035  -9.4982233190042320E-036   5.8314793880802995E-032  -8.2331661690561769E-035   5.5574498795489453E-032  -2.2225802361714917E-034   1.0270521323699090E-033   6.3306017758936398E-034   4.8437180395724904E-018
