 1.4551789776337212E-030  0.0000000000000000E+000  0.0000000000000000E+000  0.0000000000000000E+000 -1.5543360098528943E-030  0.0000000000000000E+000  0.0000000000000000E+000  0.0000000000000000E+000 -3.3647830765091150E-031  0.0000000000000000E+000  0.0000000000000000E+000  0.0000000000000000E+000
 0.0000000000000000E+000  1.4551789776337212E-030  0.0000000000000000E+000  0.0000000000000000E+000  0.0000000000000000E+000 -1.5543360098528943E-030  0.0000000000000000E+000  0.0000000000000000E+000  0.0000000000000000E+000 -3.3647830765091150E-031  0.0000000000000000E+000  0.0000000000000000E+000
 0.0000000000000000E+000  0.0000000000000000E+000  1.4551789776337205E-030  0.0000000000000000E+000  0.0000000000000000E+000  0.0000000000000000E+000 -1.5543360098528939E-030  0.0000000000000000E+000  0.0000000000000000E+000  0.0000000000000000E+000 -3.3647830765091141E-031  0.0000000000000000E+000
 0.0000000000000000E+000  0.0000000000000000E+000  0.0000000000000000E+000  2.8931509907438518E-001  0.0000000000000000E+000  0.0000000000000000E+000  0.0000000000000000E+000  5.2914514749181452E-001  0.0000000000000000E+000  0.0000000000000000E+000  0.0000000000000000E+000 -2.1547957622476710E-001
-1.5543360098528943E-030  0.0000000000000000E+000  0.0000000000000000E+000  0.0000000000000000E+000  1.9105497252172702E-030  0.0000000000000000E+000  0.0000000000000000E+000  0.0000000000000000E+000  3.8690107772998043E-031  0.0000000000000000E+000  0.0000000000000000E+000  0.0000000000000000E+000
 0.0000000000000000E+000 -1.5543360098528943E-030  0.0000000000000000E+000  0.0000000000000000E+000  0.0000000000000000E+000  1.9105497252172702E-030  0.0000000000000000E+000  0.0000000000000000E+000  0.0000000000000000E+000  3.8690107772998043E-031  0.0000000000000000E+000  0.0000000000000000E+000
 0.0000000000000000E+000  0.0000000000000000E+000 -1.5543360098528939E-030  0.0000000000000000E+000  0.0000000000000000E+000  0.0000000000000000E+000  1.9105497252172702E-030  0.0000000000000000E+000  0.0000000000000000E+000  0.0000000000000000E+000  3.8690107772998043E-031  0.0000000000000000E+000
 0.0000000000000000E+000  0.0000000000000000E+000  0.0000000000000000E+000  5.2914514749181452E-001  0.0000000000000000E+000  0.0000000000000000E+000  0.0000000000000000E+000  9.7054831645477213E-001  0.0000000000000000E+000  0.0000000000000000E+000  0.0000000000000000E+000 -3.2058064737544117E-001
-3.3647830765091150E-031  0.0000000000000000E+000  0.0000000000000000E+000  0.0000000000000000E+000  3.8690107772998043E-031  0.0000000000000000E+000  0.0000000000000000E+000  0.0000000000000000E+000  2.4186759192098657E-031  0.0000000000000000E+000  0.0000000000000000E+000  0.0000000000000000E+000
 0.0000000000000000E+000 -3.3647830765091150E-031  0.0000000000000000E+000  0.0000000000000000E+000  0.0000000000000000E+000  3.8690107772998043E-031  0.0000000000000000E+000  0.0000000000000000E+000  0.0000000000000000E+000  2.4186759192098657E-031  0.0000000000000000E+000  0.0000000000000000E+000
 0.0000000000000000E+000  0.0000000000000000E+000 -3.3647830765091141E-031  0.0000000000000000E+000  0.0000000000000000E+000  0.0000000000000000E+000  3.8690107772998043E-031  0.0000000000000000E+000  0.0000000000000000E+000  0.0000000000000000E+000  2.4186759192098657E-031  0.0000000000000000E+000
 0.0000000000000000E+000  0.0000000000000000E+000  0.0000000000000000E+000 -2.1547957622476710E-001  0.0000000000000000E+000  0.0000000000000000E+000  0.0000000000000000E+000 -3.2058064737544117E-001  0.0000000000000000E+000  0.0000000000000000E+000  0.0000000000000000E+000  2.1161159680192778E+000
