  0.30126912888557811        1.8353456961546976E-016  -4.3921281139421756E-016  -3.2743410689878379E-017  0.58407614301112465        3.6544156542279039E-016  -5.3037394817524093E-016   8.3965381896833367E-016 -0.24053981851354853       -1.6027805185082943E-015   2.3653252446138733E-016   8.6189278920232770E-016   1.9466976819135828E-015
   1.8353456961546976E-016  0.30126912888557850       -2.2805345665285331E-016  -1.3719280280830839E-016  -4.5989103299756522E-016  0.58407614301112754        1.4638084581269917E-016  -3.0752682295135078E-016  -3.3530471549463362E-016 -0.24053981851355130       -5.0858018087163691E-016  -3.5389893611331652E-016   3.5031882191264652E-016
  -4.3921281139421756E-016  -2.2805345665285331E-016  0.30126912888558272       -4.7588686984069348E-016   3.0765000297417697E-016  -2.4521265009833093E-016  0.58407614301113175        7.0744023809549421E-016   1.3760768551790050E-016  -8.0503324208116948E-016 -0.24053981851355394       -7.2570244339196088E-016   4.4273241748815723E-016
  -3.2743410689878379E-017  -1.3719280280830839E-016  -4.7588686984069348E-016  0.24064025934127856       -5.1437586149935365E-016  -5.1170119691504250E-017  -1.4742027240924641E-015  0.52521603033148612        8.5778580614921626E-016  -5.3668092191158422E-016   2.2215146316354830E-015 -0.28330672098779941        6.8185303083419843E-002
  0.58407614301112465       -4.5989103299756522E-016   3.0765000297417697E-016  -5.1437586149935365E-016   1.1341387089707715       -7.1498347539267031E-016   1.1618319877126424E-015   5.1011271485894992E-016 -0.40731030571170851        1.2876239110322027E-015  -5.9678890490566661E-016  -1.2044859242498285E-015  -1.3600800949645898E-015
   3.6544156542279039E-016  0.58407614301112754       -2.4521265009833093E-016  -5.1170119691504250E-017  -7.1498347539267031E-016   1.1341387089707815        7.8868254158384610E-016  -6.1971899841675421E-017   7.7822221408084752E-016 -0.40731030571170940        2.4966719636794130E-016  -4.6795350643790223E-016   7.2892434567199888E-016
  -5.3037394817524093E-016   1.4638084581269917E-016  0.58407614301113175       -1.4742027240924641E-015   1.1618319877126424E-015   7.8868254158384610E-016   1.1341387089707824        1.5885553759103785E-017  -1.7304617289643706E-015   6.2569646187317363E-016 -0.40731030571170768        2.0466968126694178E-015  -1.3291710881164278E-015
   8.3965381896833367E-016  -3.0752682295135078E-016   7.0744023809549421E-016  0.52521603033148612        5.1011271485894992E-016  -6.1971899841675421E-017   1.5885553759103785E-017   1.1493195817092441       -7.0698800862352720E-016   4.4340084516522673E-016  -5.3127906077593581E-015 -0.54093155010610383       0.11132359250183591     
 -0.24053981851354853       -3.3530471549463362E-016   1.3760768551790050E-016   8.5778580614921626E-016 -0.40731030571170851        7.7822221408084752E-016  -1.7304617289643706E-015  -7.0698800862352720E-016   2.1503781383416083       -5.9273340710716408E-016   8.8909459253887978E-016   4.7000425456358880E-016   7.7936877677467997E-016
  -1.6027805185082943E-015 -0.24053981851355130       -8.0503324208116948E-016  -5.3668092191158422E-016   1.2876239110322027E-015 -0.40731030571170940        6.2569646187317363E-016   4.4340084516522673E-016  -5.9273340710716408E-016   2.1503781383416096        1.2690671132237555E-017   3.5950359244391906E-016  -1.2563646654101303E-015
   2.3653252446138733E-016  -5.0858018087163691E-016 -0.24053981851355394        2.2215146316354830E-015  -5.9678890490566661E-016   2.4966719636794130E-016 -0.40731030571170768       -5.3127906077593581E-015   8.8909459253887978E-016   1.2690671132237555E-017   2.1503781383416087        4.8357431500048482E-017   5.7995257275888868E-016
   8.6189278920232770E-016  -3.5389893611331652E-016  -7.2570244339196088E-016 -0.28330672098779941       -1.2044859242498285E-015  -4.6795350643790223E-016   2.0466968126694178E-015 -0.54093155010610383        4.7000425456358880E-016   3.5950359244391906E-016   4.8357431500048482E-017   2.4323479732630466      -0.64328523662090586     
   1.9466976819135828E-015   3.5031882191264652E-016   4.4273241748815723E-016   6.8185303083419843E-002  -1.3600800949645898E-015   7.2892434567199888E-016  -1.3291710881164278E-015  0.11132359250183591        7.7936877677467997E-016  -1.2563646654101303E-015   5.7995257275888868E-016 -0.64328523662090586        2.1705380514274037     
