   1.5698773676916304E-030   6.3108211505951999E-031  -1.6354012845398339E-031  -1.0563819957459607E-015  -1.1149391140616786E-030  -5.0003752614667466E-031  -1.6697100849352773E-032  -4.2074837195022107E-016  -7.7820613269027876E-016
   6.3108211505951999E-031   3.3026386810858503E-031   8.7461217168027262E-032  -2.3957087085588885E-016  -3.7952610042256793E-031  -3.2154996711762286E-031  -1.5819126216298886E-031  -1.0452205859238395E-016  -6.7419997555741118E-016
  -1.6354012845398339E-031   8.7461217168027262E-032   3.2356122418712760E-031   4.8036739319175837E-016   2.5354688671768632E-031  -1.8907702813706439E-031  -3.0133522721005536E-031   1.7311358651650503E-016  -6.4193968278456875E-016
  -1.0563819957459607E-015  -2.3957087085588885E-016   4.8036739319175837E-016   1.1582400693869368        9.1624636825576830E-016   4.5118026676298231E-017  -3.5491641385570589E-016  0.43931422227406280      -0.34982385147517436     
  -1.1149391140616786E-030  -3.7952610042256793E-031   2.5354688671768632E-031   9.1624636825576830E-016   8.5342760620124765E-031   2.4702724509844933E-031  -1.2399454717722762E-031   3.5676959574862017E-016   2.2860011744467737E-016
  -5.0003752614667466E-031  -3.2154996711762286E-031  -1.8907702813706439E-031   4.5118026676298231E-017   2.4702724509844933E-031   3.4901837227200419E-031   2.4377181978331196E-031   3.2299670801545068E-017   8.1672380977762484E-016
  -1.6697100849352773E-032  -1.5819126216298886E-031  -3.0133522721005536E-031  -3.5491641385570589E-016  -1.2399454717722762E-031   2.4377181978331196E-031   2.9984105199277807E-031  -1.2335246920934051E-016   7.2314773170288252E-016
  -4.2074837195022107E-016  -1.0452205859238395E-016   1.7311358651650503E-016  0.43931422227406280        3.5676959574862017E-016   3.2299670801545068E-017  -1.2335246920934051E-016  0.16729367189262659       -9.6372839302202015E-002
  -7.7820613269027876E-016  -6.7419997555741118E-016  -6.4193968278456875E-016 -0.34982385147517436        2.2860011744467737E-016   8.1672380977762484E-016   7.2314773170288252E-016  -9.6372839302202015E-002   2.0911462229970819     
