   7.5066347688030577E-006  -4.6773475743970695E-019  -1.0716726609521098E-018  -3.9430645577091988E-016  -7.0477574628716144E-006   1.2856782440918748E-018   6.5157094398576673E-020  -4.5132445460674583E-016   3.1346863341421565E-003   6.1043568102072892E-016  -2.3853530408667004E-016   1.3338204396917332E-015   1.4951827734425006E-003  -6.5672792417741855E-016   1.1815141415834111E-015   9.7232598388828879E-016   7.0837416866951997E-016
  -4.6773475743970695E-019   7.5066347688109588E-006   1.9018146188720774E-018   5.5180085467539278E-017   1.2987593816968605E-018  -7.0477574628781366E-006  -6.5446215348818584E-019   6.3855707272529172E-017  -2.2243519299283385E-016   3.1346863341426756E-003  -1.1501909624556201E-015   2.4914926984201221E-016  -2.8176607900440444E-016   1.4951827734449362E-003   1.8794176806681757E-016  -1.4619010261820955E-016   7.3633940242960882E-017
  -1.0716726609521098E-018   1.9018146188720774E-018   7.5066347688063391E-006   2.3769998509573217E-016   3.9976447347631668E-019  -9.4775988074283229E-019  -7.0477574628717186E-006   2.7797061581160006E-016  -7.3153709322042010E-016   1.7524893832405354E-015   3.1346863341435971E-003   2.2697257855061551E-015  -6.3243442368012447E-016   4.6743200519957019E-016   1.4951827734417306E-003   1.7786546279545316E-015   6.2556208737424194E-016
  -3.9430645577091988E-016   5.5180085467539278E-017   2.3769998509573217E-016  0.48594273940567978        5.4465779500467899E-016   3.9682459029902440E-016   2.4680709457414492E-016  0.57244120107345231        5.9696472786875271E-016   3.2589289325315503E-018   2.2532290757177399E-015  0.30163070349837412       -2.2493841973741963E-015   1.0040617617471499E-015   3.0714117710082802E-015 -0.10338824239806434       -2.5034355355957837E-002
  -7.0477574628716144E-006   1.2987593816968605E-018   3.9976447347631668E-019   5.4465779500467899E-016   1.1516575445718645E-005  -1.6665622683875694E-018   8.0679738299542858E-019   6.2447467086835552E-016  -8.3399972495590356E-004  -2.2267792087178042E-016   4.7450600416731442E-017  -1.7632092534256319E-015  -4.4702411893948607E-003   6.2958039248646502E-016  -1.6149076116368652E-015   4.5743435406263694E-016   1.0889445119152196E-016
   1.2856782440918748E-018  -7.0477574628781366E-006  -9.4775988074283229E-019   3.9682459029902440E-016  -1.6665622683875694E-018   1.1516575445723351E-005  -1.7391433023221139E-018   4.7047194411905001E-016   1.5622575093995913E-016  -8.3399972495504227E-004   1.0286419959137036E-015  -4.1039036858063702E-016   1.0474532510221799E-016  -4.4702411893962615E-003   2.1631087098740233E-016   1.9876283962009120E-016  -6.1377051884481627E-017
   6.5157094398576673E-020  -6.5446215348818584E-019  -7.0477574628717186E-006   2.4680709457414492E-016   8.0679738299542858E-019  -1.7391433023221139E-018   1.1516575445713713E-005   2.9830669568641293E-016   8.5450180585050373E-016  -1.2633552259532843E-015  -8.3399972495722216E-004  -2.2407710994104015E-015   8.4788291503836768E-016   6.2969744019750259E-016  -4.4702411893931954E-003  -9.9922125604236576E-016  -5.2714695564280178E-016
  -4.5132445460674583E-016   6.3855707272529172E-017   2.7797061581160006E-016  0.57244120107345231        6.2447467086835552E-016   4.7047194411905001E-016   2.9830669568641293E-016  0.67438967439357356       -1.5787398318669925E-015   7.1425444799961027E-016  -2.7278078404770925E-015  0.36230760920997884        2.6649546492805569E-015  -1.2872357702011331E-015  -3.0076369033825593E-015 -0.11685717256804548       -2.4770590067898161E-002
   3.1346863341421565E-003  -2.2243519299283385E-016  -7.3153709322042010E-016   5.9696472786875271E-016  -8.3399972495590356E-004   1.5622575093995913E-016   8.5450180585050373E-016  -1.5787398318669925E-015   2.2168621183792414        7.0023197309976452E-016   8.0426117154975094E-016  -2.9216202796355757E-016 -0.69559339449844837        6.0505257488268763E-017   7.4070998358315095E-016   5.8767777362255511E-016   7.7387702588554804E-016
   6.1043568102072892E-016   3.1346863341426756E-003   1.7524893832405354E-015   3.2589289325315503E-018  -2.2267792087178042E-016  -8.3399972495504227E-004  -1.2633552259532843E-015   7.1425444799961027E-016   7.0023197309976452E-016   2.2168621183792427       -1.3081102498944920E-015   6.7434539614001607E-016   4.4047746136296979E-016 -0.69559339449844559        9.7321713947266757E-016   6.4301637784263513E-016   5.6321752876134723E-016
  -2.3853530408667004E-016  -1.1501909624556201E-015   3.1346863341435971E-003   2.2532290757177399E-015   4.7450600416731442E-017   1.0286419959137036E-015  -8.3399972495722216E-004  -2.7278078404770925E-015   8.0426117154975094E-016  -1.3081102498944920E-015   2.2168621183792450       -6.0580391608766799E-016   2.7938534732234616E-017  -2.3186341084960405E-016 -0.69559339449845037       -1.5002025589948997E-016   4.4784281974860825E-016
   1.3338204396917332E-015   2.4914926984201221E-016   2.2697257855061551E-015  0.30163070349837412       -1.7632092534256319E-015  -4.1039036858063702E-016  -2.2407710994104015E-015  0.36230760920997884       -2.9216202796355757E-016   6.7434539614001607E-016  -6.0580391608766799E-016   2.5033429643700700       -2.4528489176565049E-016  -4.6409489567670472E-016   8.2871209013120268E-016 -0.94564178756267769      -0.21743522893505263     
   1.4951827734425006E-003  -2.8176607900440444E-016  -6.3243442368012447E-016  -2.2493841973741963E-015  -4.4702411893948607E-003   1.0474532510221799E-016   8.4788291503836768E-016   2.6649546492805569E-015 -0.69559339449844837        4.4047746136296979E-016   2.7938534732234616E-017  -2.4528489176565049E-016   2.2169656100170463        3.7416833412011599E-017  -5.8118488049495995E-016  -2.0744091092254057E-016  -1.2991092954664053E-016
  -6.5672792417741855E-016   1.4951827734449362E-003   4.6743200519957019E-016   1.0040617617471499E-015   6.2958039248646502E-016  -4.4702411893962615E-003   6.2969744019750259E-016  -1.2872357702011331E-015   6.0505257488268763E-017 -0.69559339449844559       -2.3186341084960405E-016  -4.6409489567670472E-016   3.7416833412011599E-017   2.2169656100170436       -2.5762252980855354E-016   3.4643050652890981E-016  -2.5780989584605062E-016
   1.1815141415834111E-015   1.8794176806681757E-016   1.4951827734417306E-003   3.0714117710082802E-015  -1.6149076116368652E-015   2.1631087098740233E-016  -4.4702411893931954E-003  -3.0076369033825593E-015   7.4070998358315095E-016   9.7321713947266757E-016 -0.69559339449845037        8.2871209013120268E-016  -5.8118488049495995E-016  -2.5762252980855354E-016   2.2169656100170472       -1.4883560772507525E-016  -1.2783354422030740E-015
   9.7232598388828879E-016  -1.4619010261820955E-016   1.7786546279545316E-015 -0.10338824239806434        4.5743435406263694E-016   1.9876283962009120E-016  -9.9922125604236576E-016 -0.11685717256804548        5.8767777362255511E-016   6.4301637784263513E-016  -1.5002025589948997E-016 -0.94564178756267769       -2.0744091092254057E-016   3.4643050652890981E-016  -1.4883560772507525E-016   2.5146694254679121       0.66513015934870634     
   7.0837416866951997E-016   7.3633940242960882E-017   6.2556208737424194E-016  -2.5034355355957837E-002   1.0889445119152196E-016  -6.1377051884481627E-017  -5.2714695564280178E-016  -2.4770590067898161E-002   7.7387702588554804E-016   5.6321752876134723E-016   4.4784281974860825E-016 -0.21743522893505263       -1.2991092954664053E-016  -2.5780989584605062E-016  -1.2783354422030740E-015  0.66513015934870634        2.1764646110219035     
