  0.37791929036286576       -2.3019549709734093E-016  -2.7320200680740243E-016  -1.8021479932361471E-016  0.53418853183825543       -9.7487686523977363E-016   7.4736540379404368E-016  -1.5200546124242428E-016  -2.9889304730034902E-016
  -2.3019549709734093E-016  0.37791929036286531       -4.3402250561626114E-016  -9.2414830912583295E-018   2.1974505164539374E-017  0.53418853183825532        2.5006530185315077E-016  -4.3757970351320132E-017  -4.0763586144806489E-016
  -2.7320200680740243E-016  -4.3402250561626114E-016  0.37791929036286420        3.4489417592475601E-017  -8.6837817752511635E-017  -7.2642957278107531E-016  0.53418853183825221        8.4527342146881069E-016   1.9062898806206777E-016
  -1.8021479932361471E-016  -9.2414830912583295E-018   3.4489417592475601E-017  0.59124908651622954       -4.9237288015174551E-016   1.8483020875563878E-016   4.2536274366896700E-016  0.59604425532125660      -0.27101127502102479     
  0.53418853183825543        2.1974505164539374E-017  -8.6837817752511635E-017  -4.9237288015174551E-016  0.75507494542953879       -8.8700549082641504E-016   1.4794955083101397E-015  -4.4218368828167596E-016   1.8876852396218631E-016
  -9.7487686523977363E-016  0.53418853183825532       -7.2642957278107531E-016   1.8483020875563878E-016  -8.8700549082641504E-016  0.75507494542953901        1.9382513759862332E-016   1.5889202263640409E-016   2.0483667548173467E-016
   7.4736540379404368E-016   2.5006530185315077E-016  0.53418853183825221        4.2536274366896700E-016   1.4794955083101397E-015   1.9382513759862332E-016  0.75507494542953268        1.5657299791293160E-015  -2.6135512545975184E-016
  -1.5200546124242428E-016  -4.3757970351320132E-017   8.4527342146881069E-016  0.59604425532125660       -4.4218368828167596E-016   1.5889202263640409E-016   1.5657299791293160E-015  0.60205161995201828      -0.22506741208722983     
  -2.9889304730034902E-016  -4.0763586144806489E-016   1.9062898806206777E-016 -0.27101127502102479        1.8876852396218631E-016   2.0483667548173467E-016  -2.6135512545975184E-016 -0.22506741208722983        2.0995274632757139     
