   7.8410760020252604E-006  -1.0284495982011735E-018  -1.3512967036478276E-017   2.3092095649070798E-016  -8.3126618923260580E-006   1.3035572586632435E-018   1.4014810379681248E-017   9.2687557994546286E-017   3.7143527103422756E-003  -1.4236705379893707E-015  -4.6246339264903772E-015   3.0551867629245208E-016   6.6359382069306361E-004   2.8063528712468781E-016  -9.6162591710596773E-018  -6.1980092478326960E-016   1.5394295281512439E-015
  -1.0284495982011735E-018   7.8410760020181656E-006  -7.7922679644234567E-019  -3.8822616518502161E-016  -5.3332589224677841E-019  -8.3126618923130984E-006   2.5708887813642487E-018  -1.5024702229679492E-016   6.3212855214193697E-016   3.7143527103406125E-003  -6.7609390893855422E-016   9.2837121483930067E-017   3.0885546941087244E-016   6.6359382069272447E-004   3.7034033890740985E-016   8.2389034193182313E-016   9.4975604647382942E-016
  -1.3512967036478276E-017  -7.7922679644234567E-019   7.8410760020096445E-006   7.1063104906449982E-017   1.0706149244232220E-017   5.1770129009638390E-018  -8.3126618923124564E-006   2.3601663339575750E-017  -2.8884628182671533E-015   9.8098715757269857E-016   3.7143527103390096E-003   8.3232999906594457E-016   1.3328174201074049E-015  -1.9392283491160128E-015   6.6359382069143872E-004   4.7955026904485757E-015   8.2790228193195673E-016
   2.3092095649070798E-016  -3.8822616518502161E-016   7.1063104906449982E-017  0.57488352994116065       -1.3128280814993564E-016   6.3689838353048382E-016  -4.8046092508885498E-016  0.22233410848162347        1.0067162466516266E-015   1.0216879300952637E-015  -1.0882269746956173E-015  0.19225882368032812       -2.4541296563776410E-015  -2.3216475423516506E-015   1.1088828132979972E-015   5.0227596897645874E-002  -1.3981485826079028E-002
  -8.3126618923260580E-006  -5.3332589224677841E-019   1.0706149244232220E-017  -1.3128280814993564E-016   1.0176626447511836E-005   5.2495197778315397E-019  -1.1188261124501000E-017  -5.6266082745168950E-017  -3.1701331764639341E-003   7.9587240539432436E-016   3.7926908711914122E-015  -2.9176597739452776E-016  -2.4097202451381196E-003  -3.9406878467684859E-016  -8.4091234011699984E-017   4.8448968777523502E-016  -1.5444412946162401E-015
   1.3035572586632435E-018  -8.3126618923130984E-006   5.1770129009638390E-018   6.3689838353048382E-016   5.2495197778315397E-019   1.0176626447493404E-005  -8.1832034101171302E-018   2.4528977549626961E-016  -2.6435241667836469E-016  -3.1701331764593076E-003   1.5166334081477940E-015   7.5475146732567409E-016  -5.3654519820477394E-016  -2.4097202451379765E-003   1.0024071450151495E-015  -9.0194162819840885E-016  -1.5275601151776192E-015
   1.4014810379681248E-017   2.5708887813642487E-018  -8.3126618923124564E-006  -4.8046092508885498E-016  -1.1188261124501000E-017  -8.1832034101171302E-018   1.0176626447498566E-005  -1.8517415826699030E-016   3.1496449510969840E-015   5.5506428857141756E-018  -3.1701331764627896E-003  -2.3012831248599898E-015  -1.2742390037554616E-015   2.1319427225663759E-015  -2.4097202451354763E-003  -4.5129191955495332E-015  -1.1052044976386840E-015
   9.2687557994546286E-017  -1.5024702229679492E-016   2.3601663339575750E-017  0.22233410848162347       -5.6266082745168950E-017   2.4528977549626961E-016  -1.8517415826699030E-016   8.6005396938324846E-002  -6.9768336130095008E-016  -1.2466927830327310E-015   9.1063616010659428E-016   7.8954812068459918E-002   1.9354131239091456E-015   2.7234269753826854E-015  -9.6847882118269984E-016   1.6984327374534487E-002  -3.0465906505682022E-003
   3.7143527103422756E-003   6.3212855214193697E-016  -2.8884628182671533E-015   1.0067162466516266E-015  -3.1701331764639341E-003  -2.6435241667836469E-016   3.1496449510969840E-015  -6.9768336130095008E-016   2.1914857036945814       -1.0579610917795662E-016  -1.3179290558190671E-015   5.4835083293875524E-016 -0.64584043987960860        9.2799447393523450E-017   3.4035816699751198E-016   6.2482830984658100E-016   3.8850157200148686E-016
  -1.4236705379893707E-015   3.7143527103406125E-003   9.8098715757269857E-016   1.0216879300952637E-015   7.9587240539432436E-016  -3.1701331764593076E-003   5.5506428857141756E-018  -1.2466927830327310E-015  -1.0579610917795662E-016   2.1914857036945818        4.4251626966701133E-016  -9.2879509904079515E-016   2.1364521446182085E-016 -0.64584043987961193       -1.3304736667074624E-015  -2.1489099793625748E-016   6.1407319079587679E-016
  -4.6246339264903772E-015  -6.7609390893855422E-016   3.7143527103390096E-003  -1.0882269746956173E-015   3.7926908711914122E-015   1.5166334081477940E-015  -3.1701331764627896E-003   9.1063616010659428E-016  -1.3179290558190671E-015   4.4251626966701133E-016   2.1914857036945850       -7.5736861937444402E-016   3.2643294534465128E-016  -2.2072496465090055E-015 -0.64584043987961581        2.1837011606995265E-016   9.0230053639416728E-016
   3.0551867629245208E-016   9.2837121483930067E-017   8.3232999906594457E-016  0.19225882368032812       -2.9176597739452776E-016   7.5475146732567409E-016  -2.3012831248599898E-015   7.8954812068459918E-002   5.4835083293875524E-016  -9.2879509904079515E-016  -7.5736861937444402E-016   2.3509930447916823       -3.1939091665983161E-016   3.2984337041216334E-016   5.7186872994234383E-016  0.85333300880756624      -0.19583741660812232     
   6.6359382069306361E-004   3.0885546941087244E-016   1.3328174201074049E-015  -2.4541296563776410E-015  -2.4097202451381196E-003  -5.3654519820477394E-016  -1.2742390037554616E-015   1.9354131239091456E-015 -0.64584043987960860        2.1364521446182085E-016   3.2643294534465128E-016  -3.1939091665983161E-016   2.1904259244574513       -1.4902856492669770E-016  -4.0072281701653695E-016   4.4475269967257544E-017  -8.8076024415716656E-017
   2.8063528712468781E-016   6.6359382069272447E-004  -1.9392283491160128E-015  -2.3216475423516506E-015  -3.9406878467684859E-016  -2.4097202451379765E-003   2.1319427225663759E-015   2.7234269753826854E-015   9.2799447393523450E-017 -0.64584043987961193       -2.2072496465090055E-015   3.2984337041216334E-016  -1.4902856492669770E-016   2.1904259244574606        2.5575156637696694E-016   6.1625296019506890E-016  -1.4998719233869326E-016
  -9.6162591710596773E-018   3.7034033890740985E-016   6.6359382069143872E-004   1.1088828132979972E-015  -8.4091234011699984E-017   1.0024071450151495E-015  -2.4097202451354763E-003  -9.6847882118269984E-016   3.4035816699751198E-016  -1.3304736667074624E-015 -0.64584043987961581        5.7186872994234383E-016  -4.0072281701653695E-016   2.5575156637696694E-016   2.1904259244574598       -2.6269283666746103E-015   9.3663334392847562E-016
  -6.1980092478326960E-016   8.2389034193182313E-016   4.7955026904485757E-015   5.0227596897645874E-002   4.8448968777523502E-016  -9.0194162819840885E-016  -4.5129191955495332E-015   1.6984327374534487E-002   6.2482830984658100E-016  -2.1489099793625748E-016   2.1837011606995265E-016  0.85333300880756624        4.4475269967257544E-017   6.1625296019506890E-016  -2.6269283666746103E-015   2.4646550442716375      -0.64785632630943391     
   1.5394295281512439E-015   9.4975604647382942E-016   8.2790228193195673E-016  -1.3981485826079028E-002  -1.5444412946162401E-015  -1.5275601151776192E-015  -1.1052044976386840E-015  -3.0465906505682022E-003   3.8850157200148686E-016   6.1407319079587679E-016   9.0230053639416728E-016 -0.19583741660812232       -8.8076024415716656E-017  -1.4998719233869326E-016   9.3663334392847562E-016 -0.64785632630943391        2.1707194529281972     
