   1.7547925378199815E-030   9.6825039644823065E-032   2.5315269098080506E-031  -2.5385149304291202E-016  -7.2909734742538729E-031  -6.8365879328289505E-031   2.6822184034291629E-031  -7.5759080419951277E-017  -1.7624162800746610E-015
   9.6825039644823065E-032   1.2662217304322945E-032   5.0964760054188849E-032   5.9014038395451726E-017  -4.5529974472070456E-032  -5.1529757017024920E-032  -4.8397078616464133E-033   8.2662956813806297E-018  -1.4112815056248425E-016
   2.5315269098080506E-031   5.0964760054188849E-032   2.2351531082624832E-031   3.3245510024581628E-016  -1.3197159760439192E-031  -1.6841404670518739E-031  -6.0571223640199506E-032   5.1980210470021177E-017  -4.7605178365575724E-016
  -2.5385149304291202E-016   5.9014038395451726E-017   3.3245510024581628E-016  0.76517983417033653        5.2597563170515513E-017  -3.8841224601576772E-017  -2.3472538239729442E-016  0.13512572212428048      -0.18281726078865260     
  -7.2909734742538729E-031  -4.5529974472070456E-032  -1.3197159760439192E-031   5.2597563170515513E-017   3.0676999913896305E-031   2.9405072867805808E-031  -9.7222160527481076E-032   2.2464483623816126E-017   7.6404053705767316E-016
  -6.8365879328289505E-031  -5.1529757017024920E-032  -1.6841404670518739E-031  -3.8841224601576772E-017   2.9405072867805808E-031   2.9239491589340085E-031  -6.7451613884463408E-032   6.0373580039298589E-018   7.6940514664153356E-016
   2.6822184034291629E-031  -4.8397078616464133E-033  -6.0571223640199506E-032  -2.3472538239729442E-016  -9.7222160527481076E-032  -6.7451613884463408E-032   9.3693162045708463E-032  -4.4975285428568246E-017  -1.5164524316796800E-016
  -7.5759080419951277E-017   8.2662956813806297E-018   5.1980210470021177E-017  0.13512572212428048        2.2464483623816126E-017   6.0373580039298589E-018  -4.4975285428568246E-017   2.4434990110851314E-002   1.4695987965935922E-003
  -1.7624162800746610E-015  -1.4112815056248425E-016  -4.7605178365575724E-016 -0.18281726078865260        7.6404053705767316E-016   7.6940514664153356E-016  -1.5164524316796800E-016   1.4695987965935922E-003   2.0331551564028785     
