   8.2453557536795558E-005   3.4887510468545702E-018   1.3951327472992301E-017  -2.1958108124361704E-016  -2.9343565572333597E-004  -1.7099717194881019E-017   6.0948636222768568E-018  -2.0823896127154298E-016  -1.2778836452041290E-002  -6.2368954303610767E-016   4.2168211790075267E-016  -2.3381525758312936E-015   1.3671270519578837E-015
   3.4887510468545702E-018   8.2453557536786681E-005   6.8067414612940951E-018  -4.9799843942806148E-017   2.5980214824108673E-018  -2.9343565572331347E-004  -9.0435251051921533E-018  -4.9514349541929194E-017   8.7676721168704988E-017  -1.2778836452040608E-002  -4.1145636558458424E-016  -4.8920494838536624E-016   4.9231834320753239E-016
   1.3951327472992301E-017   6.8067414612940951E-018   8.2453557536775026E-005   8.9601346213146855E-016  -5.1408363517135347E-017  -1.5895630392050010E-017  -2.9343565572328528E-004   8.3835572434890622E-016  -2.5837678088434808E-015  -6.4460872235189203E-016  -1.2778836452039690E-002   1.3662854182750637E-015   1.5676859340360335E-015
  -2.1958108124361704E-016  -4.9799843942806148E-017   8.9601346213146855E-016  0.61044081433633468        1.3024592898565182E-016  -1.3673069031359494E-016  -5.6789140621075061E-016  0.56826475788461461        8.4791407762576520E-016  -3.1349944110491716E-016  -1.0201726657305032E-017 -0.27500855240561950        5.3555516551539555E-002
  -2.9343565572333597E-004   2.5980214824108673E-018  -5.1408363517135347E-017   1.3024592898565182E-016   1.0442785808406066E-003   7.4233837216420004E-018  -1.5432635896508114E-017   9.7945577970385064E-017   4.5477313116691676E-002  -1.0728520633411947E-016  -1.2281630451678981E-015   1.0761615810548820E-015  -1.0169767967535210E-015
  -1.7099717194881019E-017  -2.9343565572331347E-004  -1.5895630392050010E-017  -1.3673069031359494E-016   7.4233837216420004E-018   1.0442785808405586E-003   2.5457112008586377E-018  -1.2724547583209815E-016   4.1390450256038593E-016   4.5477313116690656E-002   1.7356816819983888E-016  -8.5853644481612803E-017  -2.9407245418379093E-016
   6.0948636222768568E-018  -9.0435251051921533E-018  -2.9343565572328528E-004  -5.6789140621075061E-016  -1.5432635896508114E-017   2.5457112008586377E-018   1.0442785808405057E-003  -5.4089839888926932E-016   5.5565191933292642E-016  -5.8643796707559475E-017   4.5477313116689448E-002  -8.5355036689271147E-016  -1.2557248193347360E-015
  -2.0823896127154298E-016  -4.9514349541929194E-017   8.3835572434890622E-016  0.56826475788461461        9.7945577970385064E-017  -1.2724547583209815E-016  -5.4089839888926932E-016  0.52905812021672616       -5.2977147323001943E-016  -3.0412173346174444E-016  -5.6508653709724214E-016 -0.24760853095366045        4.1207851384734658E-002
  -1.2778836452041290E-002   8.7676721168704988E-017  -2.5837678088434808E-015   8.4791407762576520E-016   4.5477313116691676E-002   4.1390450256038593E-016   5.5565191933292642E-016  -5.2977147323001943E-016   1.9804926063395856       -7.2562983250670961E-016  -1.8959985491340293E-017  -1.0962830830266684E-016  -1.2286823560553746E-016
  -6.2368954303610767E-016  -1.2778836452040608E-002  -6.4460872235189203E-016  -3.1349944110491716E-016  -1.0728520633411947E-016   4.5477313116690656E-002  -5.8643796707559475E-017  -3.0412173346174444E-016  -7.2562983250670961E-016   1.9804926063395878        1.7684692685954184E-016   1.5480352790983082E-015  -6.3398366758391461E-016
   4.2168211790075267E-016  -4.1145636558458424E-016  -1.2778836452039690E-002  -1.0201726657305032E-017  -1.2281630451678981E-015   1.7356816819983888E-016   4.5477313116689448E-002  -5.6508653709724214E-016  -1.8959985491340293E-017   1.7684692685954184E-016   1.9804926063395831       -1.3403806688528575E-017   3.7458997420801214E-016
  -2.3381525758312936E-015  -4.8920494838536624E-016   1.3662854182750637E-015 -0.27500855240561950        1.0761615810548820E-015  -8.5853644481612803E-017  -8.5355036689271147E-016 -0.24760853095366045       -1.0962830830266684E-016   1.5480352790983082E-015  -1.3403806688528575E-017   2.2408056207348896      -0.52797094962573410     
   1.3671270519578837E-015   4.9231834320753239E-016   1.5676859340360335E-015   5.3555516551539555E-002  -1.0169767967535210E-015  -2.9407245418379093E-016  -1.2557248193347360E-015   4.1207851384734658E-002  -1.2286823560553746E-016  -6.3398366758391461E-016   3.7458997420801214E-016 -0.52797094962573410        2.1246211491422264     
