   2.9742442054766339E-006   2.0620525897794034E-018   1.1110414231321740E-018  -2.6154809675594292E-016  -7.3151253900712430E-017  -2.2693371665990933E-005  -1.1097566922490465E-017  -3.1612444963482558E-018  -2.4347971145066735E-003  -1.1006621733202481E-015  -2.3777043333529744E-016  -1.2259080614275937E-015   2.4453609614497366E-016
   2.0620525897794034E-018   2.9742442054757814E-006   9.0162102786541007E-019  -7.1617620338619261E-017  -1.8904557264613768E-017  -6.6338049819768741E-018  -2.2693371665987413E-005  -6.9674678306555870E-020  -5.8731564210146022E-016  -2.4347971145063283E-003   8.2254119767206521E-017  -1.5931508673015717E-016  -1.4847107788613102E-016
   1.1110414231321740E-018   9.0162102786541007E-019   2.9742442054864768E-006   1.4268145365410581E-016   4.2651690580829661E-017  -6.1048608302245780E-018  -7.6008034209247272E-018  -2.2693371666030503E-005  -6.7000750158367975E-016  -8.2022024688865025E-016  -2.4347971145107028E-003  -2.7041905208659600E-016   3.1297865492034236E-016
  -2.6154809675594292E-016  -7.1617620338619261E-017   1.4268145365410581E-016  0.63375091226775826       0.19574938435593817        2.3875798692719843E-017  -2.5920073852806236E-017   9.2957471701270861E-017  -5.9471144488927222E-016   1.0365566681307732E-015  -5.2614962344724164E-016 -0.14827482152746077        2.4087283102331814E-002
  -7.3151253900712430E-017  -1.8904557264613768E-017   4.2651690580829661E-017  0.19574938435593817        6.0570707166766040E-002   8.3447285897119175E-018  -1.9630216815545811E-017   6.0171919912350995E-017   9.8048142548227529E-016  -1.0553025488233374E-015   2.0158624320716481E-015  -6.0578288589216232E-002   7.5066048231656538E-003
  -2.2693371665990933E-005  -6.6338049819768741E-018  -6.1048608302245780E-018   2.3875798692719843E-017   8.3447285897119175E-018   1.7314957414139807E-004   1.5244573075521552E-017   6.0192846983942004E-018   1.8577410607051210E-002   9.4884847803619458E-016  -1.2788538510103399E-016   1.3972879573561872E-015  -2.7679294201144318E-016
  -1.1097566922490465E-017  -2.2693371665987413E-005  -7.6008034209247272E-018  -2.5920073852806236E-017  -1.9630216815545811E-017   1.5244573075521552E-017   1.7314957414139401E-004   6.0363948405075581E-018   6.8619057558423049E-016   1.8577410607051023E-002  -3.6981877030512698E-017  -1.6532949536195175E-016   5.8275368374641532E-017
  -3.1612444963482558E-018  -6.9674678306555870E-020  -2.2693371666030503E-005   9.2957471701270861E-017   6.0171919912350995E-017   6.0192846983942004E-018   6.0363948405075581E-018   1.7314957414142894E-004   7.6034291689875064E-016   6.8367704553491064E-016   1.8577410607052872E-002  -1.3649270443875793E-015  -7.9847326903829172E-016
  -2.4347971145066735E-003  -5.8731564210146022E-016  -6.7000750158367975E-016  -5.9471144488927222E-016   9.8048142548227529E-016   1.8577410607051210E-002   6.8619057558423049E-016   7.6034291689875064E-016   1.9931910694804564       -6.0959267147997487E-017  -1.4332195573027971E-015  -1.1743969904272606E-016   3.5198794313977053E-016
  -1.1006621733202481E-015  -2.4347971145063283E-003  -8.2022024688865025E-016   1.0365566681307732E-015  -1.0553025488233374E-015   9.4884847803619458E-016   1.8577410607051023E-002   6.8367704553491064E-016  -6.0959267147997487E-017   1.9931910694804627       -1.0260902859990411E-016   2.3015267642960318E-016   3.7785333312066527E-017
  -2.3777043333529744E-016   8.2254119767206521E-017  -2.4347971145107028E-003  -5.2614962344724164E-016   2.0158624320716481E-015  -1.2788538510103399E-016  -3.6981877030512698E-017   1.8577410607052872E-002  -1.4332195573027971E-015  -1.0260902859990411E-016   1.9931910694804575       -1.1987166750400864E-015   8.9201243071686101E-016
  -1.2259080614275937E-015  -1.5931508673015717E-016  -2.7041905208659600E-016 -0.14827482152746077       -6.0578288589216232E-002   1.3972879573561872E-015  -1.6532949536195175E-016  -1.3649270443875793E-015  -1.1743969904272606E-016   2.3015267642960318E-016  -1.1987166750400864E-015   2.1521331494536313      -0.49387802273880577     
   2.4453609614497366E-016  -1.4847107788613102E-016   3.1297865492034236E-016   2.4087283102331814E-002   7.5066048231656538E-003  -2.7679294201144318E-016   5.8275368374641532E-017  -7.9847326903829172E-016   3.5198794313977053E-016   3.7785333312066527E-017   8.9201243071686101E-016 -0.49387802273880577        2.1134881295609436     
