  0.32062518599665901       -3.8421414487455261E-017  -1.1227647591308260E-016   5.6346294068918168E-016  0.43127790849652548       -5.7008705482004848E-017  -3.0055524177308407E-016   6.2301492264125831E-016  -1.3416386245903334E-015
  -3.8421414487455261E-017  0.32062518599665951        6.7270227293673470E-017  -7.2096677864210631E-017  -1.8388520596259415E-017  0.43127790849652570       -6.7441892637650666E-017   2.5720296684899503E-016   3.3039919305753080E-016
  -1.1227647591308260E-016   6.7270227293673470E-017  0.32062518599665940        4.2577233814467916E-016  -1.4982121130013003E-016   3.0483247581240255E-016  0.43127790849652620        7.1263123362630777E-016  -5.5604896506261615E-016
   5.6346294068918168E-016  -7.2096677864210631E-017   4.2577233814467916E-016  0.54267434910979151        1.2316456393069222E-016  -9.2454416813195989E-016   3.2980690636578279E-018  0.59289426662073064      -0.25218284006976122     
  0.43127790849652548       -1.8388520596259415E-017  -1.4982121130013003E-016   1.2316456393069222E-016  0.58011860103552670       -3.1911683943490517E-017  -4.0269470971774461E-016   1.7169800492685223E-016  -3.8203914639350228E-016
  -5.7008705482004848E-017  0.43127790849652570        3.0483247581240255E-016  -9.2454416813195989E-016  -3.1911683943490517E-017  0.58011860103552637        1.9759584593548222E-016  -5.5166278570848985E-016   1.0995740432452226E-015
  -3.0055524177308407E-016  -6.7441892637650666E-017  0.43127790849652620        3.2980690636578279E-018  -4.0269470971774461E-016   1.9759584593548222E-016  0.58011860103552804        3.1291321028759828E-016  -1.4606659729127938E-015
   6.2301492264125831E-016   2.5720296684899503E-016   7.1263123362630777E-016  0.59289426662073064        1.7169800492685223E-016  -5.5166278570848985E-016   3.1291321028759828E-016  0.64890916370233043      -0.22789416466121801     
  -1.3416386245903334E-015   3.3039919305753080E-016  -5.5604896506261615E-016 -0.25218284006976122       -3.8203914639350228E-016   1.0995740432452226E-015  -1.4606659729127938E-015 -0.22789416466121801        2.0937833162318649     
