  0.27041813476859472       -2.2252588714314579E-016   9.9491220262249972E-017  -4.4577155144112232E-016  0.31379164105653545       -4.8625521141353965E-017  -1.4331097672744517E-016  -2.7529737555722801E-016 -0.12821325930408958       -5.7614259923907360E-016  -2.8080624509137862E-017   1.3787858650501073E-015   5.1322591357545181E-016
  -2.2252588714314579E-016  0.27041813476859333        4.1838040890815921E-017  -6.5428997137806939E-018  -2.6084252390317968E-016  0.31379164105653290       -4.5855583031282601E-016  -2.3298015846065071E-017  -3.9522906719976396E-016 -0.12821325930408869        2.6182701607026682E-016   3.3531747479350067E-016  -5.8657352543833445E-016
   9.9491220262249972E-017   4.1838040890815921E-017  0.27041813476859228       -2.4010846984015267E-016   5.7607438661704991E-018   5.1994887924585354E-017  0.31379164105653151       -1.9200471524169214E-016   3.0215274591160686E-016   2.0881479732187194E-018 -0.12821325930408506        3.2948710491674291E-016  -5.4214697819931878E-016
  -4.4577155144112232E-016  -6.5428997137806939E-018  -2.4010846984015267E-016  0.26011379550963643       -2.1962681322935689E-016  -1.7324579662190275E-016  -3.6134103542394118E-016  0.52543633935073308        2.6011519752407419E-015  -1.3655214994474014E-015   7.6429406926566230E-016 -0.25116207899804888        5.7935298261469786E-002
  0.31379164105653545       -2.6084252390317968E-016   5.7607438661704991E-018  -2.1962681322935689E-016  0.36521648102227827        1.5095589575394737E-017  -2.7509229317809781E-016   5.0734781647538160E-017 -0.10233071305353927        1.1354815471122798E-015   3.5672114947257045E-016  -2.0533832280648560E-015  -1.4504682758230271E-016
  -4.8625521141353965E-017  0.31379164105653290        5.1994887924585354E-017  -1.7324579662190275E-016   1.5095589575394737E-017  0.36521648102227394       -5.1934514245062632E-016  -2.9327127906760408E-016   7.6084692135470175E-016 -0.10233071305354152        5.8184281333673982E-016  -2.5587799207981037E-016   5.0474418721664533E-016
  -1.4331097672744517E-016  -4.5855583031282601E-016  0.31379164105653151       -3.6134103542394118E-016  -2.7509229317809781E-016  -5.1934514245062632E-016  0.36521648102227194       -4.5360169228239785E-016   9.1363684196280068E-016   3.2508330422232006E-016 -0.10233071305354131       -4.5708986873393359E-016  -3.8037497514332049E-016
  -2.7529737555722801E-016  -2.3298015846065071E-017  -1.9200471524169214E-016  0.52543633935073308        5.0734781647538160E-017  -2.9327127906760408E-016  -4.5360169228239785E-016   1.0621541555459419       -2.7873995281854830E-015   1.0350928235179736E-015  -5.9213871258823599E-016 -0.46996184391566292        9.3394254297589366E-002
 -0.12821325930408958       -3.9522906719976396E-016   3.0215274591160686E-016   2.6011519752407419E-015 -0.10233071305353927        7.6084692135470175E-016   9.1363684196280068E-016  -2.7873995281854830E-015   2.0319134990838363       -1.3222480768171167E-015  -4.3160225014163982E-016  -7.5098440981970695E-016   2.2192480843495860E-016
  -5.7614259923907360E-016 -0.12821325930408869        2.0881479732187194E-018  -1.3655214994474014E-015   1.1354815471122798E-015 -0.10233071305354152        3.2508330422232006E-016   1.0350928235179736E-015  -1.3222480768171167E-015   2.0319134990838443       -5.6884530451935959E-016  -1.3017594722505640E-016   1.9622656559326321E-017
  -2.8080624509137862E-017   2.6182701607026682E-016 -0.12821325930408506        7.6429406926566230E-016   3.5672114947257045E-016   5.8184281333673982E-016 -0.10233071305354131       -5.9213871258823599E-016  -4.3160225014163982E-016  -5.6884530451935959E-016   2.0319134990838421       -6.3638122618144984E-016  -3.3862728663852685E-016
   1.3787858650501073E-015   3.3531747479350067E-016   3.2948710491674291E-016 -0.25116207899804888       -2.0533832280648560E-015  -2.5587799207981037E-016  -4.5708986873393359E-016 -0.46996184391566292       -7.5098440981970695E-016  -1.3017594722505640E-016  -6.3638122618144984E-016   2.3595588995029333      -0.59648336633475163     
   5.1322591357545181E-016  -5.8657352543833445E-016  -5.4214697819931878E-016   5.7935298261469786E-002  -1.4504682758230271E-016   5.0474418721664533E-016  -3.8037497514332049E-016   9.3394254297589366E-002   2.2192480843495860E-016   1.9622656559326321E-017  -3.3862728663852685E-016 -0.59648336633475163        2.1509917198122448     
