  0.26477280998728758        4.9063024915160436E-016   1.0032219654469337E-015   1.7656452636744542E-016  0.40832579071661007       -2.7906948054723854E-016  -5.9869172140828105E-017   3.0405940135252881E-016 -0.16369220545619553       -2.6387261387277561E-016   1.2343806552241789E-015   4.1286275072702497E-016   5.7049747215314315E-016
   4.9063024915160436E-016  0.26477280998728919        6.8475615451510338E-016  -2.8779245405332435E-016   4.8343874704099147E-016  0.40832579071660996        2.3480512098237722E-017  -5.1735400671071970E-016   4.2101862199362652E-016 -0.16369220545619156       -2.1254858913944251E-016  -2.2813354571570197E-016  -2.8005307504575755E-016
   1.0032219654469337E-015   6.8475615451510338E-016  0.26477280998728986        1.9305624516394476E-016   3.5059475979133468E-016  -4.0069433994530814E-017  0.40832579071661035        3.4438737591527748E-016   1.4435067018611217E-015   1.3779667864134916E-015 -0.16369220545619176        1.8435973494308420E-016   7.9746593331784786E-016
   1.7656452636744542E-016  -2.8779245405332435E-016   1.9305624516394476E-016  0.20861932703229558        8.4132469538176344E-017   6.1119847549931417E-016   1.5136697187597068E-016  0.49847832889272581       -4.3720251477926126E-018   1.0222755305827152E-016   2.4808770730656451E-015 -0.24449932220283241        5.7142472000173646E-002
  0.40832579071661007        4.8343874704099147E-016   3.5059475979133468E-016   8.4132469538176344E-017  0.63133785787869456       -8.5629907576131733E-016  -2.0552428696234622E-015  -2.2987070208662475E-017 -0.19590247929618126        5.8898000118290330E-016   1.6649715833198363E-015  -8.9762113795368946E-016   1.6550748856025217E-016
  -2.7906948054723854E-016  0.40832579071660996       -4.0069433994530814E-017   6.1119847549931417E-016  -8.5629907576131733E-016  0.63133785787869001       -1.7077477177147636E-015   1.7271149332388030E-015   3.1001949382315216E-016 -0.19590247929617793        1.6511945924327461E-015   1.5438277490896042E-016   1.1745955216546507E-016
  -5.9869172140828105E-017   2.3480512098237722E-017  0.40832579071661035        1.5136697187597068E-016  -2.0552428696234622E-015  -1.7077477177147636E-015  0.63133785787868946       -6.5930156152919464E-017   1.3792491590025949E-016  -3.5490920482623576E-016 -0.19590247929618251        1.3208665391442549E-016  -1.0062888943595051E-015
   3.0405940135252881E-016  -5.1735400671071970E-016   3.4438737591527748E-016  0.49847832889272581       -2.2987070208662475E-017   1.7271149332388030E-015  -6.5930156152919464E-017   1.1931036232932286        1.4569900497503853E-016  -1.3379614218851986E-015  -2.6969007601946609E-015 -0.52094608814799637       0.10406275325418832     
 -0.16369220545619553        4.2101862199362652E-016   1.4435067018611217E-015  -4.3720251477926126E-018 -0.19590247929618126        3.1001949382315216E-016   1.3792491590025949E-016   1.4569900497503853E-016   2.0643360474390944       -1.4769995845588976E-017  -1.2249835658282211E-015   7.3956610186357692E-016  -1.7414679992791812E-016
  -2.6387261387277561E-016 -0.16369220545619156        1.3779667864134916E-015   1.0222755305827152E-016   5.8898000118290330E-016 -0.19590247929617793       -3.5490920482623576E-016  -1.3379614218851986E-015  -1.4769995845588976E-017   2.0643360474390908        5.3771684370776416E-016   1.4162765307749260E-016  -6.2680465979206829E-016
   1.2343806552241789E-015  -2.1254858913944251E-016 -0.16369220545619176        2.4808770730656451E-015   1.6649715833198363E-015   1.6511945924327461E-015 -0.19590247929618251       -2.6969007601946609E-015  -1.2249835658282211E-015   5.3771684370776416E-016   2.0643360474390891        2.8285113247567477E-015  -2.0523271858120756E-015
   4.1286275072702497E-016  -2.2813354571570197E-016   1.8435973494308420E-016 -0.24449932220283241       -8.9762113795368946E-016   1.5438277490896042E-016   1.3208665391442549E-016 -0.52094608814799637        7.3956610186357692E-016   1.4162765307749260E-016   2.8285113247567477E-015   2.3892686218318011      -0.61416884197392307     
   5.7049747215314315E-016  -2.8005307504575755E-016   7.9746593331784786E-016   5.7142472000173646E-002   1.6550748856025217E-016   1.1745955216546507E-016  -1.0062888943595051E-015  0.10406275325418832       -1.7414679992791812E-016  -6.2680465979206829E-016  -2.0523271858120756E-015 -0.61416884197392307        2.1582508109632084     
