  0.24878623901167712        7.2438335955619239E-017   6.3573141891506105E-017   5.1826759376643609E-016  0.20501931531435871        7.4684826150415155E-017   6.4424529668958310E-017   9.7455050518467563E-016  -9.0575483177519955E-002   1.1411756908071575E-015  -1.6778053324340808E-015  -3.4587507321709783E-015   4.3152890225217115E-016
   7.2438335955619239E-017  0.24878623901167554       -6.9055952589337224E-017   9.2017807968248102E-017   3.0648897336930579E-017  0.20501931531435791       -1.8825311802220407E-017   1.6861455046172986E-016  -9.4287013714099145E-017  -9.0575483177523300E-002  -9.6748936151117645E-016   4.7863507578998841E-016   3.8617282382574613E-016
   6.3573141891506105E-017  -6.9055952589337224E-017  0.24878623901167696       -4.1072482670646708E-016   3.8970446244323309E-017   4.9457001025140848E-017  0.20501931531435769       -4.7704341705550719E-016  -6.7304398014487397E-016  -8.7416087145601401E-016  -9.0575483177521149E-002   8.1650971219920426E-016   1.6538046192428118E-016
   5.1826759376643609E-016   9.2017807968248102E-017  -4.1072482670646708E-016  0.29227269669516281        8.4982560218434584E-017   1.7200294537866171E-017  -6.0853974581368495E-016  0.53581945708219936        7.3706655434705706E-016   1.5726131392674079E-016   1.0996207835557318E-016 -0.24632085649926058        5.5625681685334973E-002
  0.20501931531435871        3.0648897336930579E-017   3.8970446244323309E-017   8.4982560218434584E-017  0.17022460842376716        1.8122975767295371E-018   1.2910846758964435E-016   1.7732170555928456E-016  -2.4564909783954036E-002  -8.4702701802366946E-016   1.2116439262862290E-015   1.7639056005030468E-015  -1.3091952277689422E-016
   7.4684826150415155E-017  0.20501931531435791        4.9457001025140848E-017   1.7200294537866171E-017   1.8122975767295371E-018  0.17022460842376710        1.3007444083717792E-016   3.5273778284236987E-017   3.2748270151061514E-016  -2.4564909783952246E-002  -1.8123402813072706E-016   3.5197994304795724E-016   3.2445889149198318E-017
   6.4424529668958310E-017  -1.8825311802220407E-017  0.20501931531435769       -6.0853974581368495E-016   1.2910846758964435E-016   1.3007444083717792E-016  0.17022460842376566       -8.8317998841121381E-016   2.7949630863844785E-016   8.5319182969290437E-016  -2.4564909783952212E-002   6.9493377252247804E-016  -8.1017597879089397E-017
   9.7455050518467563E-016   1.6861455046172986E-016  -4.7704341705550719E-016  0.53581945708219936        1.7732170555928456E-016   3.5273778284236987E-017  -8.8317998841121381E-016  0.98294294100925517       -1.2249406014358604E-015   4.3399911767950166E-016   3.6955789605687158E-016 -0.41702034562909224        8.1665146988793305E-002
  -9.0575483177519955E-002  -9.4287013714099145E-017  -6.7304398014487397E-016   7.3706655434705706E-016  -2.4564909783954036E-002   3.2748270151061514E-016   2.7949630863844785E-016  -1.2249406014358604E-015   2.0033697456397159        4.4511080217053057E-016   9.0800012004313900E-016   5.8229901530575509E-016  -9.5178976857418980E-016
   1.1411756908071575E-015  -9.0575483177523300E-002  -8.7416087145601401E-016   1.5726131392674079E-016  -8.4702701802366946E-016  -2.4564909783952246E-002   8.5319182969290437E-016   4.3399911767950166E-016   4.4511080217053057E-016   2.0033697456397168       -7.9353782267010629E-016  -1.0817323139284215E-016  -3.8954298987975716E-016
  -1.6778053324340808E-015  -9.6748936151117645E-016  -9.0575483177521149E-002   1.0996207835557318E-016   1.2116439262862290E-015  -1.8123402813072706E-016  -2.4564909783952212E-002   3.6955789605687158E-016   9.0800012004313900E-016  -7.9353782267010629E-016   2.0033697456397159       -9.5823164132554496E-016   3.7179992163215949E-016
  -3.4587507321709783E-015   4.7863507578998841E-016   8.1650971219920426E-016 -0.24632085649926058        1.7639056005030468E-015   3.5197994304795724E-016   6.9493377252247804E-016 -0.41702034562909224        5.8229901530575509E-016  -1.0817323139284215E-016  -9.5823164132554496E-016   2.3221910793444418      -0.57678473532515728     
   4.3152890225217115E-016   3.8617282382574613E-016   1.6538046192428118E-016   5.5625681685334973E-002  -1.3091952277689422E-016   3.2445889149198318E-017  -8.1017597879089397E-017   8.1665146988793305E-002  -9.5178976857418980E-016  -3.8954298987975716E-016   3.7179992163215949E-016 -0.57678473532515728        2.1433996217578759     
