 8.0223579526323313E-007 -2.5591827479584017E-013  5.2753024366316766E-013 -7.4106134006390859E-016 -9.3468233657345899E-008 -6.7341461483486601E-013  1.2127912174490362E-012  6.6503281725792331E-016 -1.5051616397871459E-016 -4.9836798950204005E-016 -8.9564243385212283E-016  3.8072329114453640E-016 -5.9471469030504965E-016 -2.3000792923247408E-016  6.1617543566654543E-004 -4.3291595660647601E-010  9.0851463434597421E-010  3.5540446812294614E-015 -2.6215326540150568E-016 -8.6075092955706029E-016 -1.5463169316863468E-015  6.6085101700611075E-016 -1.0254345185079123E-015 -3.9698075729543679E-016  9.1197722015580799E-004  1.3212463529746875E-010 -2.8572781128415568E-010  8.0569406783226520E-016 -1.2997248044628150E-015
-2.5591827479584017E-013  8.0223365579694654E-007  5.9122092101129884E-013 -5.4667630963244825E-017 -6.7341775735805335E-013 -9.3473200768401638E-008  1.6806628881020555E-012  4.3905419662997444E-017  2.3618680941485461E-016 -1.1655339223757080E-016 -9.4635263032534949E-017 -2.7129572439991614E-016 -8.4486809233142916E-017  3.5381256320770404E-017 -4.3291789815446068E-010  6.1617175552039721E-004  9.8861819272417774E-010  1.3762854958901409E-015  4.1000579987770338E-016 -2.0437299278597229E-016 -1.6294178036501806E-016 -4.6643381813836781E-016 -1.4395901139371005E-016  6.1933007725606173E-017  1.3212417643099857E-010  9.1197837526175963E-004 -2.9569626204418323E-010 -2.0712210937847596E-017 -2.3789815206761066E-016
 5.2753024366316766E-013  5.9122092101129884E-013  8.0223399601615228E-007 -5.0394215334708413E-016  1.2128012781652779E-012  1.6806616758244830E-012 -9.3472309516873759E-008  4.7737796175046011E-016  4.0956252646374959E-016  1.7333424094487158E-016  3.6880546209660592E-016 -3.6131692213007619E-016  1.4074012600438898E-015 -4.8759073221389925E-017  9.0851988784760099E-010  9.8861818425739005E-010  6.1617233141063874E-004 -2.7862702052050586E-015  7.0670978788507184E-016  3.0216601820266485E-016  6.3697814432333956E-016 -6.2218860922203081E-016  2.4312651372997140E-015 -8.4055297638365316E-017 -2.8572733331362794E-010 -2.9569609105460862E-010  9.1197819930970787E-004  1.5883789109466364E-015  2.4009316435767575E-015
-7.4106134006390859E-016 -5.4667630963244825E-017 -5.0394215334708413E-016  6.1892358740925202E-001  6.1541290950991794E-016 -2.7785777941892461E-016  7.9566822511480499E-018 -5.7467991446680200E-001  2.3656133139177138E-008 -1.6439677827384536E-008  1.1186222215880948E-008 -2.1067869372670689E-008  5.4156799239590825E-008 -2.5882628887363701E-009  2.6109108257802295E-016  1.0097493614252208E-015  1.7328473852814808E-015  2.7820074806184270E-001  3.4747145119529144E-008 -1.9803785819560993E-008  1.6348487199419059E-008 -2.8532478102416547E-008  6.3191506471937942E-008 -6.2146847251698389E-009  3.6601301268163252E-016  1.3425822754688046E-016 -5.8856416796772350E-016 -1.0120092227758387E-001 -2.6258322913491828E-002
-9.3468233657345899E-008 -6.7341775735805335E-013  1.2128012781652779E-012  6.1541290950991794E-016  1.1586555373505413E-005  1.9046170755527182E-012 -7.3046270320465073E-012 -5.4607094317645123E-016  5.0119528922291751E-017  2.9897165099950560E-016  1.1848606422580762E-016 -7.0399566085652638E-017  4.1504372475173271E-016  2.0469249813063026E-017  4.4978487266360652E-003  5.0554987070157460E-010 -1.8846477197864003E-009 -4.6058018321857684E-015  8.5970744833221933E-017  5.1135111474702149E-016  2.0236106608162391E-016 -1.2233824347892775E-016  7.1354942595666802E-016  3.3794089092714242E-017 -3.8969142014842516E-003 -1.3674650096423549E-010  5.9748458752176964E-010  9.6240416932650335E-016 -9.5850629263134785E-016
-6.7341461483486601E-013 -9.3473200768401638E-008  1.6806616758244830E-012 -2.7785777941892461E-016  1.9046170755527182E-012  1.1586584064377778E-005 -1.9922419720991833E-012  2.7407279047200099E-016  1.2496170895801809E-016 -6.0753282587250212E-017  6.1060229546678839E-020 -1.2238149627521165E-016  5.9839109102163830E-017 -3.1847044908344314E-018  5.0555148603618400E-010  4.4978561371659962E-003 -5.6747007707918747E-010 -2.1218088955207226E-015  2.1345215397235569E-016 -1.0231708682306998E-016  3.1815729043048946E-018 -2.2147801907089687E-016  9.9649324459991542E-017 -9.1614946190567311E-018 -1.3674672449665538E-010 -3.8969165374075692E-003  9.0990452659268057E-011 -1.6425333721956830E-016 -7.6760239230585374E-017
 1.2127912174490362E-012  1.6806628881020555E-012 -9.3472309516873759E-008  7.9566822511480499E-018 -7.3046270320465073E-012 -1.9922419720991833E-012  1.1586581455467498E-005 -6.6610478124678070E-018 -3.5170270645717704E-016  3.1066155886894654E-017  1.6832648839575566E-016  6.9755290137325765E-017 -1.0111131645032693E-015  2.8528799454116567E-016 -1.8846522593408965E-009 -5.6747032940167816E-010  4.4978554459041333E-003  1.4782197286376864E-015 -6.0630749417575310E-016  5.2896180621782684E-017  2.9110977641167971E-016  1.2311885455276004E-016 -1.7460116485097213E-015  4.8691847248410328E-016  5.9748414153520599E-010  9.0992436349328659E-011 -3.8969163484353191E-003 -1.4894773366850227E-015 -1.1540354162725681E-015
 6.6503281725792331E-016  4.3905419662997444E-017  4.7737796175046011E-016 -5.7467991446680200E-001 -5.4607094317645123E-016  2.7407279047200099E-016 -6.6610478124678070E-018  5.3367797414396589E-001  1.9132691052997641E-008 -9.9415192605922797E-009  8.9836544193283574E-009 -1.5175778723952593E-008  3.1168678915616255E-008 -3.9569129743621811E-009 -6.7363741046136541E-016  1.4152394205346913E-015  7.5315204502115956E-016 -2.6985164192339306E-001  3.8661426053632209E-008 -2.5133770550911372E-008  1.8248879796178841E-008 -3.3468264964975347E-008  8.1980216615207269E-008 -5.1931433528440429E-009  1.3667082105477901E-015  1.6508520947257589E-016  3.2314619693244123E-017  9.2111311978885863E-002  2.1220529644990833E-002
-1.5051616397871459E-016  2.3618680941485461E-016  4.0956252646374959E-016  2.3656133139177138E-008  5.0119528922291751E-017  1.2496170895801809E-016 -3.5170270645717704E-016  1.9132691052997641E-008  3.7770874221143297E-001  7.1641789375909148E-009 -1.4611759631020724E-008 -1.8885437564390370E-001  9.3453112713637321E-009 -1.8885436656753213E-001  9.2984883570624165E-016 -2.1919552404182263E-015  4.3913278580688287E-016 -3.9553523650814881E-010  6.5203271134645902E-001  3.3563082833809599E-009 -6.8649845445887397E-009 -3.2601635781088600E-001  4.4273122321025760E-009 -3.2601635353567576E-001  1.7043366789438259E-015  1.7534896933111682E-015 -5.0517193747970727E-016  1.1659669449555488E-009  5.1495465877571256E-011
-4.9836798950204005E-016 -1.1655339223757080E-016  1.7333424094487158E-016 -1.6439677827384536E-008  2.9897165099950560E-016 -6.0753282587250212E-017  3.1066155886894654E-017 -9.9415192605922797E-009  7.1641789375909148E-009  3.7770877404980002E-001 -1.3893829020009824E-008  8.1668736703899292E-010 -4.6781429494102689E-009 -7.9808661120756019E-009  5.7128784203157672E-016  1.6388810990770181E-015 -1.4482572027462574E-015 -2.3293184395201116E-009  3.3757077176968520E-009  6.5203272630539055E-001 -6.5233972759183578E-009  3.7881763524649781E-010 -2.2011491379592130E-009 -3.7545244109885023E-009 -6.5638774901474548E-016  4.6383924664123527E-016 -1.2282100532012724E-015  8.3906742665007528E-011  1.6296515222349872E-010
-8.9564243385212283E-016 -9.4635263032534949E-017  3.6880546209660592E-016  1.1186222215880948E-008  1.1848606422580762E-016  6.1060229546678839E-020  1.6832648839575566E-016  8.9836544193283574E-009 -1.4611759631020724E-008 -1.3893829020009824E-008  3.7770876766131350E-001  2.9048308856178748E-008  4.5235844636087874E-009 -1.4436549314387863E-008  1.1908137347889805E-015 -2.5915894370805681E-016 -6.0384719162108860E-016 -1.3764084056538950E-010 -6.8653522871005290E-009 -6.5323151245827438E-009  6.5203272330384721E-001  1.3645627379779701E-008  2.1422045057978290E-009 -6.7802782099772585E-009 -4.0413280471904133E-016  4.4527925960020968E-016 -2.7056592432961429E-016  5.3440254413512911E-010  2.0583587351935551E-011
 3.8072329114453640E-016 -2.7129572439991614E-016 -3.6131692213007619E-016 -2.1067869372670689E-008 -7.0399566085652638E-017 -1.2238149627521165E-016  6.9755290137325765E-017 -1.5175778723952593E-008 -1.8885437564390370E-001  8.1668736703899292E-010  2.9048308856178748E-008  3.7770883712819592E-001  6.3105588081480146E-009 -1.8885446148430246E-001 -1.6192782856607687E-015  2.5943023786885179E-015 -1.5971382269923549E-015 -1.0945289223573962E-009 -3.2601635780009014E-001  3.8860494162851200E-010  1.3650397073100562E-008  6.5203275594201671E-001  2.9447496524559469E-009 -3.2601639814199246E-001 -1.9459167343488518E-015 -2.4349065534854141E-015  1.9497099409280568E-016 -5.4166251952508793E-010  6.4547763401617830E-011
-5.9471469030504965E-016 -8.4486809233142916E-017  1.4074012600438898E-015  5.4156799239590825E-008  4.1504372475173271E-016  5.9839109102163830E-017 -1.0111131645032693E-015  3.1168678915616255E-008  9.3453112713637321E-009 -4.6781429494102689E-009  4.5235844636087874E-009  6.3105588081480146E-009  3.7770879337631763E-001 -1.5655869926856081E-008 -6.6168600024859338E-016  4.2301348861262782E-016 -3.6168685252531232E-016  8.9010308568227003E-009  4.3542608824109763E-009 -2.1947920703091484E-009  2.1085025617845199E-009  2.9851355623500275E-009  6.5203273538572504E-001 -7.3393993972603599E-009 -4.2845862761878570E-016 -1.6146623543388956E-015 -1.1487669511250775E-015 -6.9793667373252433E-010 -6.3053543809810098E-010
-2.3000792923247408E-016  3.5381256320770404E-017 -4.8759073221389925E-017 -2.5882628887363701E-009  2.0469249813063026E-017 -3.1847044908344314E-018  2.8528799454116567E-016 -3.9569129743621811E-009 -1.8885436656753213E-001 -7.9808661120756019E-009 -1.4436549314387863E-008 -1.8885446148430246E-001 -1.5655869926856081E-008  3.7770882805184769E-001  9.2628386024804393E-016 -4.1927414955574642E-016  2.0587427869771969E-015  1.4900329702721704E-009 -3.2601635354637382E-001 -3.7449129630662270E-009 -6.7854126792159242E-009 -3.2601639813114830E-001 -7.3720615514916155E-009  6.5203275167769092E-001  3.9846544198292704E-016  1.1785736555984962E-015 -1.3478477414677668E-015 -6.2429425127727423E-010 -1.1604297741902442E-010
 6.1617543566654543E-004 -4.3291789815446068E-010  9.0851988784760099E-010  2.6109108257802295E-016  4.4978487266360652E-003  5.0555148603618400E-010 -1.8846522593408965E-009 -6.7363741046136541E-016  9.2984883570624165E-016  5.7128784203157672E-016  1.1908137347889805E-015 -1.6192782856607687E-015 -6.6168600024859338E-016  9.2628386024804393E-016  2.2771899142888814E+000 -9.1923466924262253E-011  4.5088027511191033E-010 -7.0017598130832858E-016 -5.0013281995653651E-016 -1.2392770761899939E-015  1.0459704640452592E-015 -1.7218933301806430E-016 -1.3137976662001909E-015  1.0541836498150402E-015 -7.9594576498838465E-001  4.5126234480370627E-011 -2.1441060038540627E-010  2.8202477342914022E-015  4.3692673827342958E-016
-4.3291595660647601E-010  6.1617175552039721E-004  9.8861818425739005E-010  1.0097493614252208E-015  5.0554987070157460E-010  4.4978561371659962E-003 -5.6747032940167816E-010  1.4152394205346913E-015 -2.1919552404182263E-015  1.6388810990770181E-015 -2.5915894370805681E-016  2.5943023786885179E-015  4.2301348861262782E-016 -4.1927414955574642E-016 -9.1923466924262253E-011  2.2771899125325663E+000  2.6080827912920902E-011 -2.3656838091281540E-015 -2.8227518453003442E-015  1.2603800635045528E-015  1.1134091924912050E-015  1.9933507849282020E-015  8.2732117126143196E-016 -1.4740983935664369E-015  4.5125824675514149E-011 -7.9594576415238960E-001 -1.7740142372769020E-011  1.3469065964253648E-015  1.4257571324131171E-015
 9.0851463434597421E-010  9.8861819272417774E-010  6.1617233141063874E-004  1.7328473852814808E-015 -1.8846477197864003E-009 -5.6747007707918747E-010  4.4978554459041333E-003  7.5315204502115956E-016  4.3913278580688287E-016 -1.4482572027462574E-015 -6.0384719162108860E-016 -1.5971382269923549E-015 -3.6168685252531232E-016  2.0587427869771969E-015  4.5088027511191033E-010  2.6080827912920902E-011  2.2771899126606825E+000  1.5469514320987784E-015  8.3261056272739757E-016 -3.9456735383086352E-016 -5.7657527343123231E-016 -4.3123435531538300E-016  5.3747476026243772E-016  1.4502806740576321E-015 -2.1441048936310381E-010 -1.7740121173704872E-011 -7.9594576421511942E-001  7.5023127650659065E-016 -4.8935785765456203E-016
 3.5540446812294614E-015  1.3762854958901409E-015 -2.7862702052050586E-015  2.7820074806184270E-001 -4.6058018321857684E-015 -2.1218088955207226E-015  1.4782197286376864E-015 -2.6985164192339306E-001 -3.9553523650814881E-010 -2.3293184395201116E-009 -1.3764084056538950E-010 -1.0945289223573962E-009  8.9010308568227003E-009  1.4900329702721704E-009 -7.0017598130832858E-016 -2.3656838091281540E-015  1.5469514320987784E-015  2.4894599586727271E+000  1.5374896841779950E-010  1.9286626115611050E-009  3.4205900265038558E-011  9.9358671984406399E-010 -7.3131714295460171E-009 -1.1475901340318728E-009  3.1954338024933922E-015  9.5473772227850528E-015 -2.2197276962762061E-015 -1.0060095174456394E+000 -2.5068202029912384E-001
-2.6215326540150568E-016  4.1000579987770338E-016  7.0670978788507184E-016  3.4747145119529144E-008  8.5970744833221933E-017  2.1345215397235569E-016 -6.0630749417575310E-016  3.8661426053632209E-008  6.5203271134645902E-001  3.3757077176968520E-009 -6.8653522871005290E-009 -3.2601635780009014E-001  4.3542608824109763E-009 -3.2601635354637382E-001 -5.0013281995653651E-016 -2.8227518453003442E-015  8.3261056272739757E-016  1.5374896841779950E-010  1.1255939012071572E+000 -9.7282918942731555E-009  1.9841420265034188E-008 -5.6279694444129102E-001 -1.2690073852850148E-008 -5.6279695676604380E-001  5.7383626082644643E-016  6.2746048584385166E-015 -1.4866322655709143E-015  2.9962848790629493E-009  3.9245720128561201E-010
-8.6075092955706029E-016 -2.0437299278597229E-016  3.0216601820266485E-016 -1.9803785819560993E-008  5.1135111474702149E-016 -1.0231708682306998E-016  5.2896180621782684E-017 -2.5133770550911372E-008  3.3563082833809599E-009  6.5203272630539055E-001 -6.5323151245827438E-009  3.8860494162851200E-010 -2.1947920703091484E-009 -3.7449129630662270E-009 -1.2392770761899939E-015  1.2603800635045528E-015 -3.9456735383086352E-016  1.9286626115611050E-009 -9.7282918942731555E-009  1.1255938579737264E+000  1.8866538081807604E-008 -1.1089853653445392E-009  6.3524901450229265E-009  1.0837278918013338E-008 -4.2762590618044348E-017 -3.5189815427818994E-015  1.3517515272856989E-015 -2.4670316137176407E-009 -3.9383062262754454E-010
-1.5463169316863468E-015 -1.6294178036501806E-016  6.3697814432333956E-016  1.6348487199419059E-008  2.0236106608162391E-016  3.1815729043048946E-018  2.9110977641167971E-016  1.8248879796178841E-008 -6.8649845445887397E-009 -6.5233972759183578E-009  6.5203272330384721E-001  1.3650397073100562E-008  2.1085025617845199E-009 -6.7854126792159242E-009  1.0459704640452592E-015  1.1134091924912050E-015 -5.7657527343123231E-016  3.4205900265038558E-011  1.9841420265034188E-008  1.8866538081807604E-008  1.1255938666487522E+000 -3.9444924747507326E-008 -6.1426114056351011E-009  1.9603499110034533E-008 -1.8539427995177063E-016  2.2888483777172220E-016 -2.9464723090112066E-016  1.4241347515327185E-009  1.8787787688448465E-010
 6.6085101700611075E-016 -4.6643381813836781E-016 -6.2218860922203081E-016 -2.8532478102416547E-008 -1.2233824347892775E-016 -2.2147801907089687E-016  1.2311885455276004E-016 -3.3468264964975347E-008 -3.2601635781088600E-001  3.7881763524649781E-010  1.3645627379779701E-008  6.5203275594201671E-001  2.9851355623500275E-009 -3.2601639813114830E-001 -1.7218933301806430E-016  1.9933507849282020E-015 -4.3123435531538300E-016  9.9358671984406399E-010 -5.6279694444129102E-001 -1.1089853653445392E-009 -3.9444924747507326E-008  1.1255937723189944E+000 -8.5691549966959712E-009 -5.6279682787781771E-001  8.7647837661548132E-016  1.2280797135060172E-015  1.1517510289447171E-015 -2.8821792799615942E-009 -4.1678910409764791E-010
-1.0254345185079123E-015 -1.4395901139371005E-016  2.4312651372997140E-015  6.3191506471937942E-008  7.1354942595666802E-016  9.9649324459991542E-017 -1.7460116485097213E-015  8.1980216615207269E-008  4.4273122321025760E-009 -2.2011491379592130E-009  2.1422045057978290E-009  2.9447496524559469E-009  6.5203273538572504E-001 -7.3720615514916155E-009 -1.3137976662001909E-015  8.2732117126143196E-016  5.3747476026243772E-016 -7.3131714295460171E-009 -1.2690073852850148E-008  6.3524901450229265E-009 -6.1426114056351011E-009 -8.5691549966959712E-009  1.1255938317300735E+000  2.1259223784153569E-008  1.5527672119624178E-015  4.8348863469147230E-016  5.1956935001871691E-017  8.3084757754314786E-009  1.3544637026546846E-009
-3.9698075729543679E-016  6.1933007725606173E-017 -8.4055297638365316E-017 -6.2146847251698389E-009  3.3794089092714242E-017 -9.1614946190567311E-018  4.8691847248410328E-016 -5.1931433528440429E-009 -3.2601635353567576E-001 -3.7545244109885023E-009 -6.7802782099772585E-009 -3.2601639814199246E-001 -7.3393993972603599E-009  6.5203275167769092E-001  1.0541836498150402E-015 -1.4740983935664369E-015  1.4502806740576321E-015 -1.1475901340318728E-009 -5.6279695676604380E-001  1.0837278918013338E-008  1.9603499110034533E-008 -5.6279682787781771E-001  2.1259223784153569E-008  1.1255937846441528E+000  1.2787537066774745E-015  4.1736282902794984E-015 -3.7467854666684453E-016 -1.1401558603491013E-010  2.4328837121972979E-011
 9.1197722015580799E-004  1.3212417643099857E-010 -2.8572733331362794E-010  3.6601301268163252E-016 -3.8969142014842516E-003 -1.3674672449665538E-010  5.9748414153520599E-010  1.3667082105477901E-015  1.7043366789438259E-015 -6.5638774901474548E-016 -4.0413280471904133E-016 -1.9459167343488518E-015 -4.2845862761878570E-016  3.9846544198292704E-016 -7.9594576498838465E-001  4.5125824675514149E-011 -2.1441048936310381E-010  3.1954338024933922E-015  5.7383626082644643E-016 -4.2762590618044348E-017 -1.8539427995177063E-016  8.7647837661548132E-016  1.5527672119624178E-015  1.2787537066774745E-015  2.2780505329225385E+000 -1.7606637299880885E-011  9.0633930915906546E-011 -1.5131312859331585E-015 -1.5967624639068939E-015
 1.3212463529746875E-010  9.1197837526175963E-004 -2.9569609105460862E-010  1.3425822754688046E-016 -1.3674650096423549E-010 -3.8969165374075692E-003  9.0992436349328659E-011  1.6508520947257589E-016  1.7534896933111682E-015  4.6383924664123527E-016  4.4527925960020968E-016 -2.4349065534854141E-015 -1.6146623543388956E-015  1.1785736555984962E-015  4.5126234480370627E-011 -7.9594576415238960E-001 -1.7740121173704872E-011  9.5473772227850528E-015  6.2746048584385166E-015 -3.5189815427818994E-015  2.2888483777172220E-016  1.2280797135060172E-015  4.8348863469147230E-016  4.1736282902794984E-015 -1.7606637299880885E-011  2.2780505325700404E+000  1.9465490649857600E-012  4.3787702610808458E-016  5.7456390015783736E-016
-2.8572781128415568E-010 -2.9569626204418323E-010  9.1197819930970787E-004 -5.8856416796772350E-016  5.9748458752176964E-010  9.0990452659268057E-011 -3.8969163484353191E-003  3.2314619693244123E-017 -5.0517193747970727E-016 -1.2282100532012724E-015 -2.7056592432961429E-016  1.9497099409280568E-016 -1.1487669511250775E-015 -1.3478477414677668E-015 -2.1441060038540627E-010 -1.7740142372769020E-011 -7.9594576421511942E-001 -2.2197276962762061E-015 -1.4866322655709143E-015  1.3517515272856989E-015 -2.9464723090112066E-016  1.1517510289447171E-015  5.1956935001871691E-017 -3.7467854666684453E-016  9.0633930915906546E-011  1.9465490649857600E-012  2.2780505325945839E+000 -3.5632479179595374E-016 -5.7166232469212744E-017
 8.0569406783226520E-016 -2.0712210937847596E-017  1.5883789109466364E-015 -1.0120092227758387E-001  9.6240416932650335E-016 -1.6425333721956830E-016 -1.4894773366850227E-015  9.2111311978885863E-002  1.1659669449555488E-009  8.3906742665007528E-011  5.3440254413512911E-010 -5.4166251952508793E-010 -6.9793667373252433E-010 -6.2429425127727423E-010  2.8202477342914022E-015  1.3469065964253648E-015  7.5023127650659065E-016 -1.0060095174456394E+000  2.9962848790629493E-009 -2.4670316137176407E-009  1.4241347515327185E-009 -2.8821792799615942E-009  8.3084757754314786E-009 -1.1401558603491013E-010 -1.5131312859331585E-015  4.3787702610808458E-016 -3.5632479179595374E-016  2.5842784350718886E+000  7.2360420580504980E-001
-1.2997248044628150E-015 -2.3789815206761066E-016  2.4009316435767575E-015 -2.6258322913491828E-002 -9.5850629263134785E-016 -7.6760239230585374E-017 -1.1540354162725681E-015  2.1220529644990833E-002  5.1495465877571256E-011  1.6296515222349872E-010  2.0583587351935551E-011  6.4547763401617830E-011 -6.3053543809810098E-010 -1.1604297741902442E-010  4.3692673827342958E-016  1.4257571324131171E-015 -4.8935785765456203E-016 -2.5068202029912384E-001  3.9245720128561201E-010 -3.9383062262754454E-010  1.8787787688448465E-010 -4.1678910409764791E-010  1.3544637026546846E-009  2.4328837121972979E-011 -1.5967624639068939E-015  5.7456390015783736E-016 -5.7166232469212744E-017  7.2360420580504980E-001  2.2031019690209432E+000
