   7.2749628479514249E-006  -8.2381970458389133E-012  -8.7799400596965145E-011   5.1321588518327220E-011   1.4049212678962384E-010  -3.1962465127527956E-010   5.2205461941890653E-012   3.2893274438008457E-011  -1.5815932617950035E-010  -1.7338539721929337E-010   5.7036930852521150E-004  -1.0812791829588133E-010  -3.9597685171023341E-009   8.6148753997124585E-010   1.6231026889424536E-003  -1.0210661630776065E-010  -1.0445108537667564E-008   1.3943811582208561E-010  -5.6450613828406626E-010   2.9128166377600081E-010   1.1837992588876406E-010   4.3367179910964416E-010  -2.5781803790178384E-010   2.4944112239396800E-009   6.2829141608390985E-011  -2.4823365683840250E-011  -2.0449811845549607E-011  -3.2481490960561394E-011   4.3587023018022494E-012  -5.1812803538058095E-011   7.9453358125107818E-012   1.8215391465313517E-011   1.4163582027561843E-011   1.6654421243827046E-012   1.6472680983243453E-003  -5.8619069880597041E-011  -1.0535755996039748E-008   2.8674719064883876E-011  -3.8622631978782400E-010   1.4095362628444363E-010   7.1991290101441097E-011   2.3365437870818168E-010  -1.0066603461666240E-010  -1.4822904561410677E-011   3.4717871252800661E-012  -1.7999452260927390E-011   8.7332428783187057E-012  -6.6356778311487269E-012   1.7304981887462131E-011  -2.2180746286058254E-011  -3.0886449153786258E-012   2.5100689954414694E-011   2.0301589900991005E-011  -3.0171767038026147E-012   2.2033324447938099E-012  -3.4331957507916954E-012   2.7425919543245401E-012  -7.8968557555742836E-012   1.1748424179903776E-009   2.7818372517128472E-011  -8.7396154210613929E-012  -9.4888003084831297E-012  -1.7464537751207080E-011   4.2561415088091066E-013  -1.9857955596206491E-011   4.7171376826501780E-012   3.2144841687561292E-012   2.4109103445682406E-012   4.6766003908785581E-012   6.5939473906640692E-004  -1.8251137325710734E-011  -4.1380329786940585E-009   9.0140345134372916E-011  -2.8440626219502228E-010   1.4535406692198477E-010   4.5540772596322037E-011   2.6164991022736929E-010  -1.3568110895003287E-010  -1.4283460698966500E-009  -9.1427263286500112E-004  -6.5371453794318208E-011   6.7213730014556799E-009  -1.4680990966246362E-009   3.8215162096383716E-011  -5.1505265690836353E-011   4.0424257628257559E-011   6.4207543029335643E-012   7.5011048583884440E-011  -4.4635915664626673E-011  -3.9993629205454708E-005   1.7387348180577843E-012   2.5612112325342229E-010  -3.5886725909291086E-010   2.9529378622735935E-010   4.5343114385411868E-010   1.7961949285302395E-010
  -8.2381970458389133E-012   7.2748633606977456E-006   6.2009429872858949E-012  -9.5352530025982453E-011  -3.1096731478999155E-010   2.1406244493896272E-010   4.3078872195713346E-011   5.3949558696833347E-010   2.6328555878262729E-011  -2.2852828470994940E-010  -6.6220703003756779E-010   5.7036485925016068E-004  -6.5844601284846897E-010   1.6240671084983344E-009  -1.7507557861386749E-009   1.6230915712148403E-003  -2.3118584024060126E-009   4.8111627203893943E-010  -2.8371102449485906E-010   7.7998638716335474E-012   3.5422366980541941E-010   2.1379511906595543E-010  -8.3534002272389564E-010   5.4283305697669707E-009  -8.3125009317413121E-012   2.2201425557259074E-011  -6.6092740470413249E-012  -9.5415296444256697E-012   1.2335761727944670E-012   2.0693910959886937E-011  -3.5769712834779176E-011   1.3950035713283277E-011   2.5788867281848049E-011  -5.4714864616665732E-012  -1.7303231729108806E-009   1.6472571292424540E-003  -2.3670563044935035E-009   3.6887520635838273E-010  -2.2347416002928305E-010   5.6266949544696958E-013  -6.0240512752343941E-012   1.0137292322056595E-010  -3.6285155582390693E-010  -5.1512001997935387E-012  -6.6551323416846836E-012   2.9018884087078161E-012   1.4471472707957099E-011  -8.6296092025011219E-012  -5.4226426534145777E-012   7.9803397692885832E-013  -6.5541667672572743E-012   7.8581101065305752E-012   1.9832999887968664E-012  -3.3621995539148669E-011  -1.0103280476184762E-011   4.4589737365821047E-011   1.6535417357982233E-011  -2.2296788436018618E-011   2.4450833861544948E-009   2.2927814146831629E-012   2.0660197554052547E-011  -1.1257479443837796E-012  -6.0352440679332736E-012  -4.6372425240853321E-012   2.9591444420857080E-012  -1.1772902080210046E-011   2.0865018279379362E-012  -4.8649793707136197E-012  -7.1610703744430624E-013  -6.7678419089181575E-010   6.5939045304765716E-004  -9.2945032254845466E-010   3.3325138981938191E-010  -1.7848189091393953E-010  -5.3553210301607209E-012   1.0922051744367008E-010   1.0520103038816881E-010  -4.4247182074081853E-010  -3.0680467859499508E-009   1.0331796901579927E-009  -9.1426614290761267E-004   1.6280628738522666E-009  -3.2359097262630326E-009   7.9487868974431233E-011  -3.7579673057192618E-011  -2.5817805088223043E-012   6.0202250056594291E-011   3.0272139953137928E-011  -1.3969009316321623E-010   4.2268954913389328E-011  -3.9993360886430055E-005   5.7227198044598338E-011  -7.9024436321137336E-010   6.5703070820034886E-010   1.0177488161982215E-009   3.9904139189031412E-010
  -8.7799400596965145E-011   6.2009429872858949E-012   7.2748090647881346E-006  -1.2970734613974696E-010  -1.2897194148477032E-011  -2.1310952266460648E-010  -9.5552262142366142E-011   1.8651627447742570E-010  -2.2467103376145246E-010  -1.7361906167345487E-010  -3.5022930947252079E-009   1.3235205064763644E-009   5.7036230478442810E-004  -4.4313808225084273E-011  -9.0633536190627015E-009   3.6632932842490057E-009   1.6230856101773798E-003   2.8439888702122634E-010  -1.9799654989009784E-010  -3.4701026410113505E-010   1.3475217177999406E-010  -7.6020550689680087E-010  -4.1915102081469369E-010   2.6418447627556585E-012   4.4033618820623765E-013   2.4913285034930012E-012   1.8550541663907104E-011   1.4309434212993141E-011   9.4802121211595293E-012  -1.4900204952096630E-011   3.2641363262843681E-012   4.9157506120178289E-011  -6.8706358786152106E-012  -5.0466653894665950E-011  -9.1352662402972062E-009   3.6917062904586519E-009   1.6472511439822751E-003   1.6648911795604019E-010  -8.7807253672253344E-011  -2.2333041750469016E-010   7.1860328322551008E-011  -5.2543323387722252E-010  -2.3834932756297022E-010   8.0047943633747527E-012   2.0457989451207894E-012  -1.5180548656581066E-011   5.6760681442373100E-012  -4.3047099618627802E-012  -1.9737463442074701E-011   1.5835237752462246E-012  -3.8805555140707670E-013  -4.8692333371977024E-012   1.5469790591539753E-011   4.9488963094141304E-012  -3.6574221355043700E-011  -1.4369403057607846E-011   3.9782760969866813E-011   1.9416171188907536E-011  -3.0721896385546487E-011   4.1404053798439869E-012  -5.0888628995235216E-013   2.3039774188309519E-011   3.3664407858554232E-012  -3.9441702823591802E-012  -8.9213716680036815E-012   2.1519304666248626E-013  -2.5190348141131855E-013   2.2017001762505910E-013  -1.6985022370606605E-011  -3.5867164490172671E-009   1.4562176607439055E-009   6.5938808833941153E-004   1.6929499272445158E-010  -9.7823493998844330E-011  -1.6510446145023654E-010   6.6443821579268386E-011  -4.0853590912703685E-010  -2.3573874665663638E-010  -8.8752790714175280E-012   5.8016020738049719E-009  -2.3509726527604980E-009  -9.1426247266077391E-004  -4.4936199943389496E-011   4.5457966930909720E-011  -2.9402282247607323E-011  -3.1902271522312490E-011   1.6647068390666216E-011  -8.0251640297569705E-011  -6.2105036660081660E-011   2.2218003635074955E-010  -8.9607193235910660E-011  -3.9993215128687970E-005  -1.2570465297620972E-011   1.3102745616839763E-011   2.4070275986410797E-011   7.5002106357912896E-012
   5.1321588518327220E-011  -9.5352530025982453E-011  -1.2970734613974696E-010   7.7790266093600176E-006   4.9153858655042216E-012   5.7707271648124464E-012  -2.5851198154230530E-011   8.2805719172917745E-012  -5.6712090134659622E-012  -1.3195997264464175E-011   3.5852304631988439E-009  -8.5727813939586995E-009  -1.0218591330036229E-008   9.7758527198053900E-004   9.8639492026224043E-009  -2.4624396981758084E-008  -2.8928950315596735E-008  -4.0175076011292319E-011   9.9732157461871939E-012  -2.1392431747861378E-012   3.0002570088907576E-012  -2.7948270094029107E-011   3.7173778162855974E-011   2.5941937399395747E-003   2.7120209266560232E-011  -3.3797343798326020E-011   3.8719499095402312E-011   2.9128953107982495E-012   1.2440406951805335E-011  -3.9298501388575211E-011   9.7401279990413671E-011   2.4387905608208283E-011  -9.6880179716013728E-011  -4.7037481744708967E-011   9.8442736511272742E-009  -2.5327425550107694E-008  -2.9382313746644378E-008  -3.8017507086436274E-011   2.0572112371719980E-012   1.9547516869294814E-011  -1.1663228155083512E-011  -2.5757588014765281E-011   4.9667539544586463E-011   3.9294573307317111E-012  -3.2031620761036672E-012  -1.3473325894014636E-012  -2.8875919831213903E-012   1.7968411235647959E-013  -4.0098334490745005E-012   6.9308821016810425E-013   2.4549778129869643E-012   3.3676252912007531E-012  -4.8249904219176072E-013  -3.3823615219375821E-012   1.5912292873172339E-012   8.8333914831580565E-012  -1.7251575325978182E-012  -2.7430283145233994E-012   1.1954554924553786E-003   1.0720043568963473E-011   1.5028830582538947E-011   1.1391984073839105E-011  -1.0672027404608835E-011   8.1517174679705603E-012  -3.7104424841703992E-012   2.7262253334840849E-012   3.9920013351313379E-012  -1.8686440335896112E-011  -1.1466544656017522E-011   3.9361189876642286E-009  -9.8334450783497575E-009  -1.1550222862690994E-008  -5.3474135767773735E-011   8.6978979299660729E-012   1.6782025539930136E-011  -3.2066543160678117E-012  -2.6972062786851396E-011   5.6686191520170491E-011  -1.5791435114430763E-003  -6.3511838537107868E-009   1.6941637321294864E-008   1.9398801043310647E-008  -1.6462741782218391E-003  -1.9212582374457363E-011   3.6077407704782275E-012   5.9045442891801325E-012   5.2019309802824315E-013  -7.8724737527475652E-012   1.8692703892690505E-011  -2.2987252602878059E-010   6.3571140428108929E-010   7.1355904109332911E-010  -4.1193706684688466E-004   3.4953637557177670E-004   5.5570486172485864E-004   2.0707291688686302E-004
   1.4049212678962384E-010  -3.1096731478999155E-010  -1.2897194148477032E-011   4.9153858655042216E-012   1.6061713023804295E-014  -1.4969641651481410E-014  -1.5910994653100413E-015  -2.2793001432546043E-014  -3.7908457752308464E-015   6.7312889483420810E-015   1.1034460665138314E-008  -2.4433397131026579E-008  -1.0147085412094822E-009   6.2416798748157580E-010   3.1394085367434892E-008  -6.9512190702059812E-008  -2.8862841991759877E-009  -1.8432053776653705E-014   1.5901504343740183E-015   5.9167980769226352E-015  -1.3139733365118979E-014   5.6405557104099697E-016   3.1571789966984225E-014   1.6550565346907879E-009   1.5894216112287357E-015  -1.4642099116092066E-015  -1.2187513418254997E-016  -2.4302033045771637E-016   2.4911077877225394E-017  -1.8894151479872998E-015   1.7447386927083045E-015  -3.1734857939495934E-016  -8.7661056873194332E-016   3.2737843742808073E-016   3.1866195050376049E-008  -7.0559794923732150E-008  -2.9301272287951229E-009  -1.5592926401025352E-014   2.2554597375758255E-015   3.1117507706701428E-015   1.5726175046145349E-015   1.1026798435929335E-015   1.4020317194442680E-014  -7.7814531040929697E-017   3.4646237983310472E-016  -4.4637599213241941E-016  -4.6274985790236501E-016   2.4900526921562203E-016   5.9943836422477626E-016  -4.6554777814135915E-016   2.2324599947221726E-016   1.5977007926928955E-016   2.7997815620478836E-016   1.3705024108556554E-015   5.4129701832012907E-016  -1.9447051799096112E-015  -7.2689518007759622E-016   7.6582615031897262E-016   7.6722164249499307E-010   4.3668033129349179E-016  -1.0309594311058467E-015  -1.6681073243401983E-016  -9.2926363368971976E-017   2.1587234106743712E-016  -4.9294577822165412E-016   5.9031111644381535E-016  -2.3700489277732655E-017   2.3896487593753402E-016   1.4199875595919611E-016   1.2580268035059971E-008  -2.7771881560373222E-008  -1.1403470278439774E-009  -1.2813016095888462E-014   2.3186839968990549E-015   3.3492535621953761E-015  -4.0315300144785316E-015   1.2567962830188994E-015   1.6844545789788943E-014  -9.6281218105484977E-010  -2.0293185065109634E-008   4.6181030588565275E-008   2.1096741413935256E-009  -9.8315754733506476E-010  -2.6686101052422235E-015   6.6637613227204967E-016   9.5412112936641493E-016  -2.6548345826240939E-015   2.7628697289120525E-016   5.3234438137613958E-015  -7.7277527809286909E-010   1.7106905149649328E-009   7.0973632998640010E-011  -2.4392830425803523E-010   1.9054408865623625E-010   2.7394804570948398E-010   1.2119222412830627E-010
  -3.1962465127527956E-010   2.1406244493896272E-010  -2.1310952266460648E-010   5.7707271648124464E-012  -1.4969641651481410E-014   2.6652874907070127E-014   3.8271386393862918E-015   8.9842908821733281E-015   1.4336195015438597E-014   5.9853496529610685E-015  -2.5123064406381146E-008   1.6818684178711625E-008  -1.6745849997072858E-008   7.7209906974114545E-010  -7.1470992019059422E-008   4.7848803353632398E-008  -4.7641079347588697E-008  -3.4916227282819579E-016   2.2305927346146359E-014  -2.4191716149394127E-015   1.2928525516986848E-015   9.4884046246913930E-015  -9.4369499517259591E-016   2.0407899732395714E-009  -3.0123733280037739E-015   1.6545748484270322E-015   1.8970183705022491E-016   7.3485446338201185E-016  -4.2487506341555129E-016   3.3066748507115254E-015  -1.4252660629902559E-015  -1.8135006772477241E-015   2.5762585112064443E-016   1.2103094379322244E-015  -7.2550369884565533E-008   4.8569769795350610E-008  -4.8359346630444360E-008   4.7391971698477537E-015   1.3038972341560863E-014   3.9773339998057922E-016  -5.5139058626740299E-015   8.1135259580854384E-015   7.7468293872667088E-016   2.6892503284091449E-016  -4.1173009571098921E-016   1.3226071201602044E-015  -1.2674832554743012E-016   1.6434777683056307E-016  -3.4564291228725536E-016   9.5425940589527366E-016  -4.3891209277497249E-017  -7.2787964890305713E-016  -1.2898924591851425E-015  -1.0062503850258110E-015   6.7987003875688935E-016   1.8943550592548321E-015  -8.0236663012479185E-016  -8.8163869775596269E-016   9.7108440632755250E-010  -1.2548669947011471E-015   1.0089876055682363E-015  -2.7934948806710973E-016   4.7820756838158517E-016  -3.2081970048473948E-017   1.2053827033191303E-015  -5.5369969938451619E-016  -6.8962532855995168E-017  -2.6611509565693084E-016   2.5961472111817664E-016  -2.8470786652828435E-008   1.9122434167677306E-008  -1.9023763551918154E-008   7.6410261093330041E-016   1.0079677442088127E-014  -1.7368955891981011E-015  -6.4430617981277728E-016   3.4826028141165157E-015  -1.1979234965868741E-016  -9.3600737275345805E-010   4.8738956885453425E-008  -3.1704293374864193E-008   3.1801821253487006E-008  -8.3708649398939886E-010  -8.1803297417247728E-016   1.9098991646447766E-015  -9.6764173306157723E-016   1.1499025132668873E-015  -1.4112690822115532E-016  -3.3186824857955741E-016   1.7585195433410816E-009  -1.1775812453797721E-009   1.1723986641664600E-009  -1.8215703440835485E-010   1.3865246592040436E-010   1.9277659234105241E-010   8.8706548549175129E-011
   5.2205461941890653E-012   4.3078872195713346E-011  -9.5552262142366142E-011  -2.5851198154230530E-011  -1.5910994653100413E-015   3.8271386393862918E-015   1.6081719001045068E-015   7.3933023736906229E-016   3.0222143132489933E-015   8.5176920222824124E-016   4.0833014893198634E-010   3.3852247603685157E-009  -7.5110342438928465E-009  -3.4205399679815436E-009   1.1622942254460493E-009   9.6307072191293454E-009  -2.1367550121755032E-008  -6.5292689775492080E-016   4.8608700852672418E-016   4.8302201213296343E-015   4.0542142669497689E-016   1.1681044023618002E-014   2.4750883983197476E-016  -9.0471317084020644E-009  -1.0662155634856626E-016   2.0058432547768943E-016  -4.3735427844436449E-016  -2.7838088615928532E-016  -1.5795382809482167E-016   4.2142862416935848E-016  -5.9265622358322094E-016  -6.3688034022099765E-016   5.9454863045538279E-016   8.0068787379735255E-016   1.1793771629025092E-009   9.7759533604315352E-009  -2.1690353818447634E-008   1.6260705912115576E-016  -4.5488414276455284E-016   2.9765694149436366E-015  -8.9895771171591085E-016   7.7831357454804373E-015   7.3639452161235329E-016  -1.6038131621138217E-016  -5.2676011687446000E-017   2.0893051588666874E-016   2.7561372845938197E-017   1.0208653122631846E-019   2.5415066945611904E-016  -3.4417587598097883E-017  -4.4672771593209585E-017   1.1684803869258707E-016  -1.7563341738400861E-016  -2.5482271489324116E-016   4.1748730467555945E-016   4.2005144018881364E-016  -4.1756335463385348E-016  -3.8381594696060184E-016  -4.2815295214232992E-009  -5.7490010775891079E-017   6.8169651861330527E-017  -3.5188961776143304E-016  -5.4356112788827986E-017  -4.0650487894625010E-018   1.3148683717940140E-016  -7.7088101499534647E-017   4.0328404965032701E-018   3.5256181253117655E-017   2.5927640212688403E-016   4.8037979526183582E-010   3.8439393976877159E-009  -8.5081930777031360E-009  -1.6163473894550031E-017   3.0933672558347907E-018   2.1776769348837062E-015  -1.6395907400642942E-016   6.2559963065276644E-015   1.8010511718076145E-016   4.3844833352162467E-009  -5.3169351581571020E-010  -6.4548977057602858E-009   1.4626485331090252E-008   4.0619734221806405E-009  -5.3859252761538144E-017   1.2163910383477378E-016   3.9914495595582209E-016   1.6737551017280180E-016   1.2782160102151713E-015  -1.1351808781971728E-016  -2.8676108451368046E-011  -2.3699418061613373E-010   5.2572488737930135E-010   9.1849349195512775E-010  -7.0488152408956751E-010  -9.9070349756124240E-010  -4.5006937371406475E-010
   3.2893274438008457E-011   5.3949558696833347E-010   1.8651627447742570E-010   8.2805719172917745E-012  -2.2793001432546043E-014   8.9842908821733281E-015   7.3933023736906229E-016   4.5027087968082920E-014  -4.5432126987992782E-015  -2.2234087096798969E-014   2.5868190368125086E-009   4.2382285807199605E-008   1.4656270917917226E-008   1.1083067542830828E-009   7.3586706485037643E-009   1.2057861223341878E-007   4.1696162008203888E-008   4.3631405397830354E-014  -2.8705710564288084E-014  -7.0150355125879534E-015   3.0349616982222853E-014  -1.7009178822334733E-015  -7.3981028944841156E-014   2.9296389759694349E-009  -2.8632020467384496E-016   1.5724716697178244E-015  -5.8993947436998748E-017  -4.8868065981609154E-016   3.6509490976374063E-016   8.7281819581151766E-016  -2.4297828485595914E-015   2.4101006220211209E-015   1.6874377220586302E-015  -1.7524132337482393E-015   7.4701128680061309E-009   1.2239412582103757E-007   4.2324866358161529E-008   3.1791218707856929E-014  -2.0631790311800156E-014  -5.0450708154532460E-015   1.6284877233297030E-015  -4.9598872071493840E-015  -3.3419749245990142E-014  -2.3969635710901810E-016  -4.2967705475892381E-016  -2.5735518529752035E-016   1.2570376520571864E-015  -7.8161083851547771E-016  -8.3596700985442992E-016   1.6474391505012229E-019  -5.0811099631412394E-016   5.7625064459320852E-016   6.3607887304541703E-016  -2.3879939061253831E-015  -1.6781474479345560E-015   2.9377754351498936E-015   2.2607260792852501E-015  -1.1964996413277204E-015   1.3935073985012557E-009   4.0855339587087141E-016   1.4822343530020037E-015   4.7149651435940156E-016  -4.4703032450684925E-016  -4.2902570791408514E-016  -1.0110325636281301E-016  -8.3567672443377970E-016   1.6601029741816986E-016  -3.6104072425548665E-016  -4.7516838852862392E-016   2.9201194190430219E-009   4.8237108996298011E-008   1.6647259047123411E-008   2.9413871780338268E-014  -1.6998115174747091E-014  -3.9448774171699433E-015   1.0192710796562676E-014  -1.4592035391798888E-015  -3.9606568936188303E-014  -1.3489086431697569E-009  -5.1870137563049954E-009  -7.9162926808420039E-008  -2.7872625789763038E-008  -1.2094911174709265E-009   7.1402539688814505E-015  -3.6846822201099603E-015  -7.8872235901925893E-016   5.1790089182692588E-015   6.0734489976682892E-016  -1.2319260262371416E-014  -1.8100704933840129E-010  -2.9677149795545841E-009  -1.0260884571837632E-009  -2.6398406018599393E-010   2.0092621210772547E-010   2.7932399502977781E-010   1.2860700121332937E-010
  -1.5815932617950035E-010   2.6328555878262729E-011  -2.2467103376145246E-010  -5.6712090134659622E-012  -3.7908457752308464E-015   1.4336195015438597E-014   3.0222143132489933E-015  -4.5432126987992782E-015   1.0505255887955509E-014   8.3340578543640124E-015  -1.2430562768129325E-008   2.0674515565147401E-009  -1.7660309432850399E-008  -7.5643379745956767E-010  -3.5363299495251307E-008   5.8822409805034771E-009  -5.0240562226008592E-008  -1.0073571007374358E-014   1.7389391727698492E-014   4.4202689041741365E-015  -5.4667516699443045E-015   1.4868454191901145E-014   1.5540322093601333E-014  -1.9997817558709413E-009  -1.4395221172372184E-015   5.7200108181286984E-016  -1.8765786674567968E-016   2.3005713881634025E-016  -3.9275151047983105E-016   1.7012677075780355E-015  -4.8010772467527945E-016  -1.8861591190849206E-015   7.2131899791671958E-017   1.5457334643923526E-015  -3.5897106980066931E-008   5.9706030560048500E-009  -5.0999470573180310E-008  -4.3910484200170683E-015   1.0345514809398971E-014   3.8414978038822222E-015  -3.8146200607746090E-015   1.1578127634259365E-014   8.2056741113571704E-015   5.3396985567360130E-017  -1.6066083814715247E-016   8.7356242783473133E-016  -3.1119593939443536E-016   2.4646129117472820E-016   2.1739447326517583E-016   4.3659655313266123E-016   5.3616290794174505E-017  -3.7020680925513509E-016  -9.1352564673954112E-016  -2.0665409281131665E-016   1.0461417891967315E-015   6.7420586474150115E-016  -1.2298427295078985E-015  -5.0756732717112307E-016  -9.5000115226243470E-010  -7.2507237567775885E-016   2.6638624169767680E-016  -5.1140611989381801E-016   2.5970760308370616E-016   8.8455685160088732E-017   7.1308383379053290E-016  -1.5309519224547008E-016  -5.7329509281284090E-017  -6.0986579965106604E-017   4.2390880540634249E-016  -1.4096798003116183E-008   2.3607473734364497E-009  -2.0008146020546362E-008  -5.9901742950998186E-015   8.5392096353405152E-015   1.8781644704666721E-015  -2.6325345168017143E-015   7.2727136093113409E-015   8.6227032155231431E-015   9.3293978986384088E-010   2.3970453332323078E-008  -3.7480887290321875E-009   3.4342362061627669E-008   8.4378503063226235E-010  -1.9881380556644480E-015   1.8267771501656559E-015   4.4251832733720370E-017  -4.0821270538024357E-016   8.6773517023152087E-016   2.3963504215940835E-015   8.7014554702202765E-010  -1.4480950277809150E-010   1.2361278359947295E-009   1.8588525051610846E-010  -1.4220820529485327E-010  -1.9908940396192769E-010  -9.0731831460909015E-011
  -1.7338539721929337E-010  -2.2852828470994940E-010  -1.7361906167345487E-010  -1.3195997264464175E-011   6.7312889483420810E-015   5.9853496529610685E-015   8.5176920222824124E-016  -2.2234087096798969E-014   8.3340578543640124E-015   1.5502798170126031E-014  -1.3621279511354557E-008  -1.7948889689262686E-008  -1.3641560874358522E-008  -1.7324865758822851E-009  -3.8752755431219313E-008  -5.1066424403840029E-008  -3.8809873547370787E-008  -2.5199351315319890E-014   2.7115559785149084E-014   1.0982366750489402E-015  -1.7209883868735923E-014   1.1368604002366336E-015   4.2409238923675755E-014  -4.5847257153256066E-009  -1.3031017584240903E-015  -1.0826138358066434E-016   1.8086862766953584E-016   7.3170102615115805E-016  -3.9000613050731517E-016   1.0165973883810346E-015   6.8504295967495691E-016  -2.0927522606978709E-015  -8.1082592301624167E-016   1.4250352972154159E-015  -3.9336307354566970E-008  -5.1834333819877094E-008  -3.9394734794751299E-008  -1.6198291729089023E-014   1.8376330599697211E-014   1.9333191898374526E-015  -3.2011049501992641E-015   3.8572062292548074E-015   1.9399431196299601E-014   3.1751086211703633E-016   8.3214734964342770E-017   7.0373114393441979E-016  -7.9428776416075025E-016   5.3260556900045634E-016   2.3652866130215649E-016   4.6538302059594224E-016   2.8486497360041935E-016  -7.3602078612551719E-016  -9.1605697843154720E-016   1.0174916125599552E-015   1.1368503314858705E-015  -9.9307049131519885E-016  -1.5338308008559105E-015   4.3067361644330425E-016  -2.1607475261914193E-009  -8.4523380024529939E-016  -4.5127516545190586E-016  -3.0468586383836567E-016   5.3995681327698390E-016   2.1315327254390297E-016   5.9404900723203967E-016   2.4536564444335290E-016  -1.4230984638382315E-016   1.2207604296587860E-016   3.3316972212882191E-016  -1.5500386122806500E-008  -2.0465228332335857E-008  -1.5506910639150481E-008  -1.6600855608563288E-014   1.4679430924279468E-014   5.9562340101728720E-016  -6.1611806733091709E-015   2.0240635955010201E-016   2.2762022961749660E-014   2.3116933571984890E-009   2.5480214916865393E-008   3.2981901900712584E-008   2.5762943973953620E-008   2.1925993828663990E-009  -4.4716441385330669E-015   3.0183057855883604E-015  -1.6539876908976866E-016  -2.5241743152566348E-015  -8.8363202107105297E-016   6.9958167030739077E-015   9.5378230809975328E-010   1.2570245341509011E-009   9.5511472075804233E-010   5.0789529560076681E-010  -3.9145826212173364E-010  -5.5325729413876907E-010  -2.4979056185779868E-010
   5.7036930852521150E-004  -6.6220703003756779E-010  -3.5022930947252079E-009   3.5852304631988439E-009   1.1034460665138314E-008  -2.5123064406381146E-008   4.0833014893198634E-010   2.5868190368125086E-009  -1.2430562768129325E-008  -1.3621279511354557E-008   4.4823886695785027E-002  -9.8003549025116023E-009  -4.4517415286925129E-008   1.1788209718584573E-008  0.12751927721623088       -1.1691091017615964E-008  -6.2112662718476414E-008   1.0971620396352188E-008  -4.4331476636696549E-008   2.2890891931600377E-008   9.2962145000692994E-009   3.4079873779236676E-008  -2.0267834696983009E-008   4.7597055826644004E-008   4.9515192872170503E-009  -1.9542624836857565E-009  -1.6112770385872381E-009  -2.5605778199004824E-009   3.4375562086391843E-010  -4.0825944565433269E-009   6.2678016653021443E-010   1.4320808965015378E-009   1.1133488791543305E-009   1.3356519205155563E-010  0.12944320847825211       -8.3722279228389484E-009  -5.7884677996051571E-008   2.2050783248977244E-009  -3.0419165959369242E-008   1.1053797452968232E-008   5.6790291712461581E-009   1.8352831351053852E-008  -7.8841095475627180E-009  -1.1643796136431948E-009   2.7282317316834949E-010  -1.4140373851763525E-009   6.8593872291619754E-010  -5.2141785981267991E-010   1.3594348876140825E-009  -1.7425825860782231E-009  -2.4268840953295823E-010   1.9718881807144248E-009   1.5949264613520968E-009  -2.3694206091649878E-010   1.7315490472956428E-010  -2.6972045874499259E-010   2.1548560721771040E-010  -6.2034677605292817E-010   2.4049333877375490E-008   2.1600514860331379E-009  -6.7980516541053162E-010  -7.3681929688156862E-010  -1.3572411666538702E-009   3.2067662193819720E-011  -1.5407899108505410E-009   3.6720665292975165E-010   2.5013658266776686E-010   1.8714568404111580E-010   3.6275197387642938E-010   5.0868223345555769E-002  -2.2788886711690360E-009  -2.0946901652255888E-008   7.1753931766227561E-009  -2.2201198841662528E-008   1.1440870090731524E-008   3.5434836572997566E-009   2.0591697256363964E-008  -1.0718876208509606E-008  -2.0903592166255616E-008  -8.5904032479579923E-002   6.2818457249521497E-009   4.0158959273613605E-008  -1.9796452165954559E-008   3.1436680619999120E-009  -3.8014167698173641E-009   3.2085370229562502E-009   4.3996432687803482E-010   5.9148658659270424E-009  -3.5836323207560877E-009  -3.1378853417793023E-003   2.2908471477093157E-010   1.4612852201906257E-009  -4.1562113791186316E-009   3.0884982722558057E-009   4.1667643115708832E-009   2.0412836071948460E-009
  -1.0812791829588133E-010   5.7036485925016068E-004   1.3235205064763644E-009  -8.5727813939586995E-009  -2.4433397131026579E-008   1.6818684178711625E-008   3.3852247603685157E-009   4.2382285807199605E-008   2.0674515565147401E-009  -1.7948889689262686E-008  -9.8003549025116023E-009   4.4823800793049019E-002   1.4075571882818824E-008  -7.2603068346150986E-009  -1.7374308898195868E-008  0.12751915414637061        5.5463262208967762E-009   3.7791178997363317E-008  -2.2282279324202344E-008   6.1223188080839086E-010   2.7870913179070452E-008   1.6802389653311022E-008  -6.5662098671172027E-008   6.8471860858429035E-008  -6.5079794620770087E-010   1.7572941107477921E-009  -5.1961488846126135E-010  -7.5331877331761138E-010   9.2950696038133854E-011   1.6264551459800063E-009  -2.8146141201638701E-009   1.0973729289911008E-009   2.0189215941148378E-009  -4.3063587526938300E-010  -1.3999621800607490E-008  0.12944310810493939        4.0644421323133932E-009   2.9022171712875232E-008  -1.7579944918135574E-008   3.8294040495420968E-011  -5.7929527319635573E-010   7.9514985890536258E-009  -2.8442908704310813E-008  -4.0464313028117032E-010  -5.2280524839485283E-010   2.2818296407538814E-010   1.1368120964475080E-009  -6.7802322880915338E-010  -4.2599750261024634E-010   6.2671749842831875E-011  -5.1500790795999297E-010   6.1733292087837560E-010   1.5568135039143196E-010  -2.6412818544587690E-009  -7.9363141466325816E-010   3.5029276634210498E-009   1.2990005440171531E-009  -1.7516146213893818E-009   2.7505785835642759E-008   1.7629740882777763E-010   1.6008794769905930E-009  -8.8020427963371743E-011  -4.6688234248739127E-010  -3.5877524938577917E-010   2.3035373380695004E-010  -9.1338207646211612E-010   1.6199813177112465E-010  -3.7543217558707519E-010  -5.5139993577637553E-011  -4.5622364099568994E-009   5.0868190612863254E-002   1.2559750324790119E-009   2.6115101087180557E-008  -1.3961009372144440E-008  -4.2589267308043939E-010   8.7976927275487706E-009   8.2837258811764830E-009  -3.4912786927493422E-008  -1.9784606106916854E-008   9.9548462386360838E-009  -8.5903960541577604E-002  -3.7553130811180889E-009  -2.2363494016812140E-008   6.1180979593382417E-009  -2.8586619551117358E-009  -1.9978763675759019E-010   5.0491893478085523E-009   2.4033476417385568E-009  -1.1167285229419760E-008   3.6566206916858761E-010  -3.1378827117743736E-003  -1.1250141028207236E-010  -3.6618657631769667E-009   2.7584006683092161E-009   3.5714570403498267E-009   2.0087393126559788E-009
  -3.9597685171023341E-009  -6.5844601284846897E-010   5.7036230478442810E-004  -1.0218591330036229E-008  -1.0147085412094822E-009  -1.6745849997072858E-008  -7.5110342438928465E-009   1.4656270917917226E-008  -1.7660309432850399E-008  -1.3641560874358522E-008  -4.4517415286925129E-008   1.4075571882818824E-008   4.4823734220273873E-002  -6.3758881235044655E-009  -5.5806448515580538E-008   3.1993160971055973E-008  0.12751906751477002        2.2347125575081034E-008  -1.5561588928444650E-008  -2.7256072331282655E-008   1.0588150619840614E-008  -5.9707130755601076E-008  -3.2935273099132588E-008  -7.5472823819223635E-009   3.7562047053065798E-011   1.9556525464174752E-010   1.4716584786863560E-009   1.1250547421213483E-009   7.4153682354657317E-010  -1.1754493414541830E-009   2.5537482699601386E-010   3.8596149110944805E-009  -5.3818722784262471E-010  -3.9737007531027026E-009  -5.1648321663051369E-008   3.0401224775133350E-008  0.12944302520827719        1.3070711215010123E-008  -6.9070218499817877E-009  -1.7564000233920957E-008   5.6422530054951574E-009  -4.1319248418931412E-008  -1.8712953764464975E-008   6.2890187606614932E-010   1.6086053440330350E-010  -1.1925679312099510E-009   4.4587521467388053E-010  -3.3826947837523904E-010  -1.5506182199591303E-009   1.2438856491138682E-010  -3.0432907486936847E-011  -3.8270074216723365E-010   1.2152514115655102E-009   3.8877219101677101E-010  -2.8732582570333818E-009  -1.1288009061845812E-009   3.1253893200149926E-009   1.5253248386381523E-009  -5.7430749049357003E-009   3.2091496209424135E-010  -3.9393142790256178E-011   1.7861416694291908E-009   2.6204304552772497E-010  -3.0559204001803922E-010  -6.9259519110793765E-010   1.8064475953764865E-011  -1.9191991374993797E-011   1.5156780933036940E-011  -1.3170023085162144E-009  -1.8464825996519546E-008   1.1784676627303851E-008   5.0868158956892229E-002   1.3309538962253140E-008  -7.7020375146430031E-009  -1.2907153811443263E-008   5.2181932485058607E-009  -3.1946770498629391E-008  -1.8527727071406530E-008   6.4010890930672264E-009   3.6126566158740304E-008  -2.0799813756735355E-008  -8.5903902259260104E-002   4.9193713530223568E-009   3.5818085887399394E-009  -2.3114218741189332E-009  -2.4128760176917332E-009   1.3076047443316489E-009  -6.0905950272946901E-009  -4.8894134791674764E-009   1.3110322078474207E-009  -7.4687433702669993E-010  -3.1378806457216342E-003   1.3455743086776599E-009  -9.9144240420858658E-010  -1.3866591607429825E-009  -6.0212447814788934E-010
   8.6148753997124585E-010   1.6240671084983344E-009  -4.4313808225084273E-011   9.7758527198053900E-004   6.2416798748157580E-010   7.7209906974114545E-010  -3.4205399679815436E-009   1.1083067542830828E-009  -7.5643379745956767E-010  -1.7324865758822851E-009   1.1788209718584573E-008  -7.2603068346150986E-009  -6.3758881235044655E-009  0.12987207811321985       -1.1943722189078759E-008  -5.4186953123040531E-008   5.6444904084238534E-010  -5.2254299287415825E-009   1.3006012136978460E-009  -3.2340460093993439E-010   3.7798752531222495E-010  -3.6879612799379090E-009   4.8472740784266102E-009  0.34341720280575000        3.6474160412062770E-009  -4.4960889714437107E-009   5.1929487191121751E-009   3.7012840823970909E-010   1.6675958677743230E-009  -5.2636545143735807E-009   1.3029193188600142E-008   3.2713447876791099E-009  -1.2984407007236292E-008  -6.3089117384435213E-009  -3.3223975258865123E-008  -9.5934160946511185E-008  -1.4695104153610769E-009  -5.3324085068964551E-009   3.3972481251537700E-010   2.6964694125746662E-009  -1.4579052215149312E-009  -3.4575251872110659E-009   6.7884820985011752E-009   5.2508737469306097E-010  -4.2846006224872063E-010  -1.8081407989258990E-010  -3.8595157468306526E-010   2.3634578650416969E-011  -5.3574322449641291E-010   9.2040305949517343E-011   3.2920525997306930E-010   4.5135538212172321E-010  -6.4560908893902954E-011  -4.5453965661370765E-010   2.1277449159294379E-010   1.1849681849481589E-009  -2.3039064975041590E-010  -3.6920177989696860E-010  0.16285232229525451        1.4137800992973987E-009   2.0159780085814526E-009   1.4976093248430900E-009  -1.4212563356342048E-009   1.0782717919644468E-009  -4.7553198013961820E-010   3.1723345915011778E-010   5.2081405400780973E-010  -2.4415906270653193E-009  -1.5044437969122924E-009  -7.5875475971841411E-009  -2.7349857334850627E-008  -4.3449751971611514E-010  -6.7307122870637126E-009   1.0688441328548340E-009   2.1091648713168792E-009  -5.2121079498254238E-010  -3.5158486212519665E-009   7.2525668842562538E-009 -0.16311397020542415        1.3883308400750344E-008   4.8188755139084762E-008   5.4958613141559543E-010 -0.14923308614071792       -2.1752103450560578E-009   3.9461190545758101E-010   6.4243730908422030E-010  -3.5200418618372820E-011  -9.9138774069731686E-010   2.2104898805295083E-009   1.5493965127879130E-009   4.1726536296302440E-009   1.4067974870544486E-010  -3.3310142236037066E-002   2.5409818412562922E-002   3.5421683359024805E-002   1.6281930613131934E-002
   1.6231026889424536E-003  -1.7507557861386749E-009  -9.0633536190627015E-009   9.8639492026224043E-009   3.1394085367434892E-008  -7.1470992019059422E-008   1.1622942254460493E-009   7.3586706485037643E-009  -3.5363299495251307E-008  -3.8752755431219313E-008  0.12751927721623088       -1.7374308898195868E-008  -5.5806448515580538E-008  -1.1943722189078759E-008  0.36279141455331398       -3.3810313412646533E-009   2.4810742596055775E-008   3.1208586006430150E-008  -1.2612928743765392E-007   6.5122167467118133E-008   2.6449182410760309E-008   9.6953916228248071E-008  -5.7657767815601627E-008   1.5290085828364358E-008   1.4081794991726707E-008  -5.5584889972197769E-009  -4.5824856946276541E-009  -7.2818617756701731E-009   9.7753542493199573E-010  -1.1610883061403246E-008   1.7823065236780272E-009   4.0739354041127344E-009   3.1672745281240690E-009   3.7905178576937050E-010  0.36825631846970902        6.5249888147155401E-009   3.9904946751761409E-008   6.2897996528820844E-009  -8.6516633561217004E-008   3.1454822757567867E-008   1.6148953345328321E-008   5.2214979380897016E-008  -2.2438758815813962E-008  -3.3127123916520082E-009   7.7615952145492371E-010  -4.0229616351275400E-009   1.9515575074580067E-009  -1.4834023801370871E-009   3.8676224512565269E-009  -4.9576516525709893E-009  -6.9043737242412725E-010   5.6100575615863118E-009   4.5375827437970512E-009  -6.7413252175787614E-010   4.9259676991940016E-010  -7.6735970009803004E-010   6.1306206375661782E-010  -1.7649009207124980E-009   1.0946223039470292E-008   6.1540421272806865E-009  -1.9363723457300870E-009  -2.0992010832304590E-009  -3.8664162587534180E-009   9.1698754744210657E-011  -4.3901486561492757E-009   1.0458598810254552E-009   7.1245957112841083E-010   5.3320390481805801E-010   1.0336163711564063E-009  0.14503984659903965        5.2773708891055439E-009   2.0514586598863546E-008   2.0382060237849223E-008  -6.3211198739031773E-008   3.2541934222854004E-008   1.0092967532008284E-008   5.8571114979430959E-008  -3.0475025968854693E-008  -7.4298267699645016E-009 -0.23958908475368776       -4.5203946876677117E-009  -2.5454069120970860E-008  -1.1587340205768283E-008   8.8954683551654360E-009  -1.0898731044089136E-008   9.1171202507677371E-009   1.2737265392257112E-009   1.6820346974689791E-008  -1.0169194704175221E-008  -8.9287021551028092E-003  -8.4506906093932625E-011  -8.0399320604461531E-010  -2.4896624011571423E-009   2.1056567179351490E-009   3.3881761562243548E-009   1.3228659450746862E-009
  -1.0210661630776065E-010   1.6230915712148403E-003   3.6632932842490057E-009  -2.4624396981758084E-008  -6.9512190702059812E-008   4.7848803353632398E-008   9.6307072191293454E-009   1.2057861223341878E-007   5.8822409805034771E-009  -5.1066424403840029E-008  -1.1691091017615964E-008  0.12751915414637061        3.1993160971055973E-008  -5.4186953123040531E-008  -3.3810313412646533E-009  0.36279140948069877       -7.1155122948249040E-009   1.0751848395070465E-007  -6.3395630317409360E-008   1.7419983262123999E-009   7.9278584633658086E-008   4.7800866719056098E-008  -1.8679708701380942E-007   1.0650658656460773E-007  -1.8522943196206339E-009   4.9950459580394759E-009  -1.4781850915766494E-009  -2.1419321430274569E-009   2.6579839432995758E-010   4.6270437683133798E-009  -8.0060875131347336E-009   3.1215497850393490E-009   5.7462891704294927E-009  -1.2248930222539746E-009   6.9276238540860085E-009  0.36825638326433469       -1.1687213461894182E-008   8.2553857455494095E-008  -5.0007178615366924E-008   1.1096611335862309E-010  -1.6118755741909188E-009   2.2626393303873675E-008  -8.0942073406426774E-008  -1.1512306186578170E-009  -1.4873982506946709E-009   6.4911185622112490E-010   3.2342765256284329E-009  -1.9289622388369133E-009  -1.2119723599957599E-009   1.7830860556724468E-010  -1.4651695914809772E-009   1.7563253671140683E-009   4.4296131404979442E-010  -7.5145200009927514E-009  -2.2579260933798443E-009   9.9659114725882201E-009   3.6956909503860046E-009  -4.9833850881548309E-009   3.5037285471343156E-008   5.0287639597008154E-010   4.5621104297380540E-009  -2.5056360201032958E-010  -1.3307647731808507E-009  -1.0226112176881703E-009   6.5608296734348306E-010  -2.6025172953385959E-009   4.6154271291548752E-010  -1.0704196821407814E-009  -1.5725530787471025E-010   5.2350769649443189E-009  0.14503989004811349       -5.4329229613745350E-009   7.4320238724704683E-008  -3.9740041450028142E-008  -1.2099017255782990E-009   2.4955376274933205E-008   2.3560833981553632E-008  -9.9275595436475120E-008  -2.7614404926769566E-008  -4.9037070339987888E-009 -0.23958912782816871        6.5546022815761256E-009  -4.4993862891802624E-008   1.7449314859144027E-008  -8.1649252844865982E-009  -5.6943619127828039E-010   1.4255837195336579E-008   6.8289769028068252E-009  -3.1705146158911380E-008  -9.3821347997279114E-011  -8.9287031710259101E-003   2.4424144318456489E-010  -7.9809736984565442E-009   7.1337135643603386E-009   1.1370983612044270E-008   4.7295897849473725E-009
