   4.5482652159482988E-005  -2.1910179721055975E-011   1.0790681438540097E-010  -8.2713233272481375E-011   1.5345372090520954E-011   2.9814890570285925E-011   6.5647229149230366E-012  -8.6527525084816648E-016  -5.9700150536901884E-016  -2.6528821989411376E-016   2.2767597656890067E-003  -7.4436337731949243E-012  -8.5055718920941158E-011   5.3337819163729043E-011  -9.6535284847717761E-012  -3.9628694686548314E-012   1.7098949901060561E-011  -1.0048621993062254E-015  -6.6058079179107953E-016  -3.0336090264375604E-016   5.9783666797773140E-003  -2.9679634282354434E-018  -5.8805116274676967E-018  -4.9876795129824193E-019  -1.7396889665558117E-018  -2.1241155335612320E-018  -1.8362859688535334E-018  -1.2527776227548681E-017   9.2353415933781639E-019  -5.0851797002319272E-018   2.0912626370286028E-018  -1.0193673289415340E-015  -5.2420068268386759E-016  -2.8075718781135301E-016  -1.9508274943408036E-011  -1.7040811345514065E-010   1.2550564478595314E-010  -6.2279392443303928E-012   2.7331485167654099E-011   2.5808096081204836E-011   3.0990819207920169E-003   4.5390442387289020E-011  -8.8479390394340441E-011   7.6787418803554146E-011  -3.9195557587453472E-011   7.0558822827690225E-011  -4.0562579348085895E-011   6.4844247950027087E-011  -1.9628784947163632E-011   3.1709868780214423E-011  -6.2156986262164840E-011  -1.6696632184291978E-011  -6.7662653238656369E-011   6.8500743419754539E-011   1.5071210254470819E-011  -1.5918461473393589E-011  -5.0340153982212320E-018  -3.0620662523516329E-018   1.6761856926910752E-019  -1.9557564580377368E-018   7.6341084165872933E-019  -1.7482604071343369E-018  -7.6393453114354093E-018   1.4491328856582963E-019  -3.9924220982855804E-018  -6.0227219479057994E-019  -4.9880656879674468E-015  -3.5936939470418882E-016  -7.3411645978149355E-016  -3.0011382980189915E-011  -2.9253160833481425E-010   2.0514720546336706E-010  -1.9678866244519534E-011   7.4499867057515014E-011   4.9682708837955845E-011  -4.4918365643299412E-003  -1.5670201379833389E-014  -8.8490716261998676E-016  -2.3161668302395109E-015  -1.1962973288967499E-010  -1.0135883759412378E-009   7.0759818967942235E-010  -6.8774800441148905E-011   3.1113164471582720E-010   1.8825928459289391E-010  -5.4190461167116823E-020   2.1319182810138595E-019  -3.0932014454197248E-019   4.0175522811971938E-019  -4.5745927420562664E-020  -6.0169837007220786E-019   1.0257472881083058E-018  -1.0927415232415168E-019   7.0405738624870717E-019  -1.9688802684526102E-019  -4.2807255686451379E-003  -2.4215865929951073E-014  -1.4124197762383205E-015  -3.5873326272178858E-015  -1.4538629592473557E-004   2.5183361283207937E-019  -1.0323505448344737E-020  -1.2842580438529336E-019  -9.7805293397344350E-020   4.2479857846475842E-020   4.3179723973503571E-019  -3.7015025437362400E-019  -1.1202964679894732E-019  -4.7690838590180473E-019  -3.0428351175942024E-019   1.5610258855843015E-014   3.1463592596850964E-015  -7.9790475332150588E-016   2.5534297448381979E-003   1.4848256169818059E-003  -4.4932300782513923E-005  -4.0395579540473524E-004  -5.6718288090545422E-004
  -2.1910179721055975E-011   1.3078791472711705E-006   3.3548451327697203E-013  -3.0441575979587277E-013  -6.5393956483894087E-007  -4.4507162862718372E-013  -6.5393958243284867E-007   7.0412210755982061E-016   5.0229296983236692E-017   3.5030433313006735E-016  -1.1453151794861707E-009   3.0522531004293617E-007  -3.4987721008012323E-012   3.1481263876288033E-012  -1.5261256893424810E-007   2.3080691175733448E-012  -1.5261274115008037E-007   8.3676460247732328E-016   6.4200863927702165E-017   4.2315269328494041E-016  -2.9909954641858306E-009   3.0289303796791595E-019  -1.9940088519821285E-018  -3.7880192278683886E-019   7.9401344850561521E-019  -7.6845716750501717E-020  -1.5809050101483129E-018  -3.2176799123305174E-019  -1.7339566025481650E-019   1.0928656417380944E-018   2.0248301506694590E-019   6.3470409429008779E-016   3.7496996865324058E-017   3.1437202388749338E-016   8.4585010823680023E-005   1.5559741522162138E-011  -1.3358014751620729E-011  -4.2292505109688723E-005  -9.8049479458824752E-012  -4.2292505715471914E-005  -1.5718227773747172E-009  -1.2344446930631346E-012   6.4998001874158505E-013  -3.3015229272828303E-013   1.1344540166998635E-012   1.3156625182752449E-012   1.0344947577955014E-012  -5.4346804750358213E-013   1.5668009265166278E-014  -1.4289966588174023E-013   3.1847348856911832E-013  -2.7254805303896768E-013  -2.4219275765235627E-013  -6.5509658765098616E-013  -7.3844576810673755E-013  -2.1563300155079679E-013   1.0325058354953952E-019   1.4600268132598299E-018  -2.4644471756167115E-019   1.0857821794494565E-019  -3.5062140437122663E-019   1.5827925837232575E-018  -7.1887534897139467E-019   5.3724273857267181E-019  -1.0361863472125663E-018   3.4798154605230891E-019   7.7127029906264651E-017   2.2572994515507325E-017   1.3425552456215464E-016   3.4744648478936551E-004   7.9160744352480624E-011  -7.0374139313107627E-011  -1.7372324029351306E-004  -6.2792641974173803E-011  -1.7372324449530831E-004   1.7917656028642255E-009   8.6651150096279909E-017  -3.0826047579671287E-017   2.7045512969277018E-016   1.3893167011424425E-003   2.9379459472691544E-010  -2.6571023697656195E-010  -6.9465834160266761E-004  -2.4730311618878958E-010  -6.9465835953372789E-004  -9.4299096353351046E-021   2.8935355888295697E-019  -3.3344527199961797E-019  -3.2670026370615743E-019  -4.1773016062546847E-022  -1.2756882889585385E-019  -2.2412523518947646E-019  -4.6759605170043799E-019  -1.7132353814672721E-019  -8.3521746924483601E-019   1.4516527690720216E-009   2.1486878136849677E-016  -5.1176416510458875E-017   4.4038245246077909E-016   6.1370805734366886E-011  -3.4284783127720560E-021  -8.3584850918883582E-020  -3.1468006323501760E-020   2.0150922341985949E-019  -2.8873956043082139E-020  -1.6147971901310878E-019   1.7577685093950380E-019  -1.4531644023581837E-020   3.1147360184028394E-019  -1.9042376684354302E-020   1.0681532924055715E-014  -7.7367538133211528E-015  -3.5055961515972788E-015  -7.5142356719470779E-010  -4.1939413946419166E-010   1.2644716909379815E-011   1.0909080150877721E-010   1.4815018149062946E-010
   1.0790681438540097E-010   3.3548451327697203E-013   1.3078795181678671E-006   5.0066927791687160E-014  -2.5699292463436509E-013   2.4492198834822501E-014  -7.8493658840192829E-014   5.9631236336722049E-017  -4.7387579811029248E-017   1.5359754324467039E-016   5.7312678781574799E-009  -3.0562741233521688E-012   3.0522186624203884E-007   1.4290634978077686E-012   1.6390118490454091E-012  -1.5227400501895141E-013   1.4172623584444234E-012   7.8241859582487145E-017  -6.5867344683005769E-017   1.8220302866686592E-016   1.4930404991653482E-008  -1.1835642981791657E-018   3.0734889784903797E-019  -1.0374939485715679E-020  -1.6112655564707912E-019  -2.4502712164120152E-019   4.3099018521537526E-019  -1.3434206546527153E-018   5.1160514609188442E-019  -1.2986972884401549E-019   2.2602744178546343E-018   4.2762354885340545E-017  -4.4799802037607942E-017   1.3141855391389161E-016   1.0332369442484694E-012   8.4585019671586318E-005   1.5255798667379015E-012  -1.2856821475056961E-012  -1.2373271401727618E-012   2.5256277190516500E-013   7.9429792614288580E-009  -9.1026772509582433E-013  -1.5236429875335247E-012  -4.0656582995920866E-013   1.5671067608303468E-012  -4.4902075822156699E-013   3.1847102773472693E-014   1.0243974772429137E-012   1.2467738933047074E-012   6.6970986090190584E-013  -5.2272478113645174E-013  -7.9767119827833115E-013   1.0812066761939258E-013  -1.6593262672001377E-013   2.2655908906634507E-013   7.6310355428369468E-014  -2.8029305600431759E-019   5.5663549653908067E-019   1.0487141226849431E-018   2.2885044497797663E-019   2.7162847809949921E-019  -4.7110820465958580E-020   7.1186789866374448E-019   8.5115130716134447E-019   6.4806472055118282E-019   2.0551899052419086E-018  -1.4708003142442288E-016  -1.4885803105356735E-016  -1.4389964081831670E-017   2.0137452337308450E-011   3.4744653940404038E-004   9.5023454762486295E-012  -1.1002375429478522E-011  -8.0365675627853783E-012  -9.1350548582094512E-012  -8.8565142553546786E-009  -5.1548011092696089E-016  -4.0937902827972085E-016  -1.1056784413298802E-016   5.8414447967363373E-011   1.3893168959144134E-003   6.2382534223105511E-011  -2.4294669671560573E-011  -4.0159855154476290E-011  -3.4119732801579245E-011  -2.4146373738016498E-019  -4.8020159954455977E-019  -3.5225532265206963E-019  -2.3876741298326222E-019  -7.5512690055976192E-021  -3.9062108629945457E-019  -8.7559243709420225E-019  -2.1738833921926098E-019  -6.2110104032091206E-019  -7.4055223511061927E-019  -7.1474643579559970E-009  -7.8429139784249305E-016  -6.4143042183012967E-016  -1.5706988672257068E-016  -2.8664524016591266E-010  -2.2078273024862591E-018  -2.7505944617812289E-019   2.2350094034367818E-020  -1.1290059237880117E-018  -7.1338688489899820E-020  -9.9101218502429533E-019  -4.8084072633827740E-019   4.4660366057216294E-021  -2.1982407216194028E-019  -1.9060715999889938E-019  -8.8619759527983975E-016   2.8014470950796477E-015   1.8163998879627215E-016   3.7098665432534027E-009   2.0849753911579754E-009  -6.3130755786234147E-011  -5.4574946504960643E-010  -7.4519891642928155E-010
  -8.2713233272481375E-011  -3.0441575979587277E-013   5.0066927791687160E-014   1.3078796390613580E-006   3.5123201485592018E-014  -1.1557749641159634E-013   2.6929172334738991E-013  -1.7531853526010992E-016   1.0843927941881502E-017   2.9884657134700570E-017  -4.3899903873553195E-009   2.6164600853909960E-012   1.6424317831209094E-012   3.0522152405551099E-007  -8.0323679946877919E-013   3.8378036129733549E-013  -1.8132246399941885E-012  -2.1264775795264052E-016  -2.3586518499091501E-019   3.6597413450084072E-017  -1.1437203432707910E-008   4.2005091651436158E-018   1.1464602872822790E-018  -2.6854541533210367E-018   1.0962429358706472E-018   4.4821280191999327E-019   2.3300293404331336E-018   1.6832042840002816E-018  -2.0808015238100733E-018  -2.4665882571027997E-019  -5.0108643258190172E-018  -1.4261476931431391E-016   6.3312727417294276E-018   2.8738455567909785E-017  -1.7236379211221637E-013  -2.5040122359884498E-012   8.4585021816079763E-005  -1.4720099762616084E-012  -6.5833139526544101E-013   1.6444085473936412E-012  -6.0812520668215831E-009   4.7487999131471443E-013  -2.2744007143886471E-013  -1.4938964946586588E-012   2.3542359699971038E-013   6.3289644366717190E-013  -1.0696166011262212E-012  -9.8578033150994722E-013   6.6933264303215359E-013   1.6277005795767860E-012   9.9501482634192018E-013  -1.4156928228949439E-013  -4.5502952655555612E-013   1.3247775707406849E-014  -1.6700980922587657E-014   6.0135585564160574E-013   1.8585937992161716E-018   1.0643123334486157E-018  -1.8573724884009916E-018   9.2332470092055404E-019  -5.8076614626220755E-019   3.7577179381499846E-019   3.4322388199817977E-018  -2.5838533896166812E-018   1.7402769663632298E-018  -3.9289199720702751E-018   3.9858886405527151E-016  -5.3919358806781127E-018  -1.5875146657233776E-016  -1.7363013397339063E-011  -6.5623595618893962E-012   3.4744655401070304E-004   2.3181382491911093E-012  -2.0779147789436319E-012   1.5044879218961328E-011   6.7827768906400281E-009   1.2778640681073587E-015   1.0811413819603067E-017  -4.7753512025836729E-016  -5.6044880369556303E-011  -6.3962988695057921E-013   1.3893169618998324E-003   9.8319990997341022E-012   2.6410971743491148E-014   4.6212888491889537E-011   5.5264689288844534E-020  -8.7132780778449663E-019   9.6481728756803260E-021  -2.9751679281969404E-019  -8.9863972379060901E-020   1.5967306080732674E-019  -1.5821314924443142E-018   1.2530603153027824E-019  -1.0649232100414299E-018  -4.0085725411523465E-019   5.4717436933615814E-009   1.9575228031864307E-015   8.9064417608083757E-018  -7.3071442569263741E-016   2.1988488715779771E-010  -1.6466103413508745E-018  -2.5008424270277856E-019  -1.4758804441518227E-019  -7.2906634059503714E-019   7.7444079723060495E-020  -9.0800497783154579E-019  -6.3807891273734975E-019  -1.5057621655419975E-019  -2.0909790183064802E-019  -4.9851572930308765E-019  -5.5295156531440390E-015   1.6712678226433654E-015   3.0423826003375274E-015  -2.8393319124079881E-009  -1.5953175199973145E-009   4.8296842560260896E-011   4.1749431917969190E-010   5.6997569947361876E-010
   1.5345372090520954E-011  -6.5393956483894087E-007  -2.5699292463436509E-013   3.5123201485592018E-014   1.3078797454268617E-006   4.3495530817577892E-013  -6.5394018065177614E-007   5.9568353060463418E-016   1.8556440332688420E-016   2.4894897918470221E-016   8.1001655032249228E-010  -1.5261262412625847E-007   2.1435341015960860E-012  -9.3247328915842447E-013   3.0522213191547493E-007  -2.8995456166704451E-012  -1.5260950787788678E-007   7.1543289648500950E-016   2.2500030251809913E-016   2.9172353865446183E-016   2.1121026460065600E-009   2.0348382560174710E-018   2.7577580328967965E-019   9.9078111193502775E-019   1.2276151527280327E-018  -3.6684506204760551E-019   1.4066901914549615E-018   3.1262591378314983E-019   6.0837565384952945E-019  -5.2722371727799108E-020   8.4823800919585632E-019   5.6518846548203208E-016   1.7655716156503443E-016   2.5621745280951694E-016  -4.2292505551437587E-005  -1.4842092357213094E-011  -1.5195745040813170E-013   8.4585024141750777E-005   1.2619794903485400E-011  -4.2292518584893277E-005   1.1182535156266894E-009   6.2928194116174957E-013  -8.4880761596498510E-013  -1.6152132385361813E-013  -1.5161333974405304E-012  -7.2955975206654580E-013   4.0841497974331199E-013   1.4125248010605349E-012  -7.4585141356457186E-013  -7.5631116528264447E-013   7.1744779438120936E-013   5.7374073407992407E-013   1.4465572339603288E-012   5.0594509175957411E-013  -9.0277034158753339E-013  -5.2185196790478668E-013   1.9792704716113590E-018   2.9212254085115145E-019  -2.1381871461041254E-019   8.0035064383535828E-019   3.2754895002479157E-019  -5.4361891342599553E-019   2.1930109770848023E-018  -1.0987627071035042E-018   2.0472361022165832E-018   2.0664314117813240E-019   6.6979339877567246E-016   2.9655786013867102E-016   5.1994731381825164E-016  -1.7372324228272332E-004  -6.6024848699154834E-011   7.5039090342573324E-012   3.4744656662630350E-004   7.2975334264781287E-011  -1.7372332434628743E-004  -1.2632214987400718E-009   1.9367649040915965E-015   8.9361633669054922E-016   1.6210344147697974E-015  -6.9465834997712575E-004  -2.4340547733262497E-010   2.8857906369036983E-011   1.3893170198569591E-003   2.8688642875906390E-010  -6.9465866990428744E-004   2.9077399548435112E-019  -1.8635092604586034E-019   6.7029799734246341E-019   3.0119658399644602E-019   2.4396202889432744E-020   3.5633958178948447E-019   1.1069466612039296E-019   6.5021915036652558E-019   1.0029950492426113E-019   1.3137428905363043E-018  -1.0246095233717881E-009   3.0262540328772237E-015   1.3987946499410906E-015   2.5272528663220170E-015  -4.2026943939194751E-011   1.4874739577037496E-019  -1.0266871436587443E-019   1.0050676891874715E-019   8.0001160189080956E-020   5.8709772789975745E-020   1.6911536014022442E-019  -3.3538389264295989E-019   2.7631570547801866E-020  -1.7687537551710103E-019   1.6356826764674222E-019  -2.8133391626957750E-015   1.3927392870941847E-015   2.4350345236551318E-015   5.3195674828567841E-010   2.9811642219836951E-010  -9.0110766308429810E-012  -7.7824143458822859E-011  -1.0601186085294639E-010
   2.9814890570285925E-011  -4.4507162862718372E-013   2.4492198834822501E-014  -1.1557749641159634E-013   4.3495530817577892E-013   1.3078793234456544E-006   1.0115965312883903E-014  -5.2358369606230329E-017   1.6733097230818361E-017  -2.4489442497844016E-017   1.5560124296130006E-009   2.2508623076968260E-012  -1.5469567271120015E-013   5.4592079296195094E-013  -2.7141118495433639E-012   3.0522586492679642E-007   4.6324181184550040E-013  -6.5501998018400636E-017   1.0232943767159213E-017  -1.7441637786669853E-017   4.0658467515427685E-009  -1.6104319468790915E-018   7.5096117393541075E-019  -1.6080075149857345E-018   6.7216964175080532E-019  -3.6289401050135778E-019   5.1000741956388531E-019   3.2960166025371462E-018  -2.2833265996439466E-018   1.8629427739979032E-018  -4.0900177565742589E-018  -4.6679346308440747E-017   3.1702447458648453E-017  -6.3211212220230128E-018  -8.7245631944285952E-012   4.6267624468952581E-012  -7.7400388382283187E-012   6.0019097548178287E-012   8.4585014722592182E-005   2.7224521491377381E-012   2.1252516910469503E-009   7.6822128395631802E-015   3.1336286083995804E-013  -6.3402958368188357E-013   1.3018921492547410E-013  -1.4968231688297735E-012  -1.4361654693183595E-013   5.1459175995028032E-013   1.1175727056831070E-012  -1.1108144384714472E-012  -1.9895552352495654E-013  -1.0068566610564944E-012   5.5738400785559926E-013   1.6385498635597464E-012   5.5832263820854754E-013  -8.5099205672624345E-013   1.1050497045244078E-018   1.6018085408211813E-018  -3.2555991362415407E-018  -3.9087776877337649E-019  -2.8893203972791605E-019  -2.7489521939827038E-019   2.0055452520480629E-018  -2.6164881260744610E-018   1.8460516672199946E-019  -7.0743703018875119E-018  -1.9064860966643411E-017   3.2159220373841598E-016   3.1528077074053555E-017  -5.7876311126869196E-011   1.7169692663438534E-011  -3.1802654503045059E-011   4.5623722401267231E-011   3.4744650926632768E-004   1.2252605219570180E-011  -2.4047502807613118E-009  -3.7595116986920012E-017   1.0451859129776958E-015   1.1309549187453334E-016  -2.2820654676242800E-010   6.3642744995099498E-011  -1.2032048335337381E-010   1.7732638427700715E-010   1.3893167945508240E-003   5.0880520068928184E-011   2.1602736296969020E-019  -9.5596032988017882E-019   2.4015802703292444E-018  -1.2957869834522055E-019  -3.2935794924877413E-020  -7.3588569453013366E-021  -1.7526126123015916E-018   2.2023468323423364E-018  -6.2033180004785166E-019   4.5830074891000650E-018  -1.9245625619552184E-009  -6.4833214495938674E-017   1.6082833188980709E-015   1.9959812696987075E-016  -8.2357002224837825E-011  -8.2988185158865251E-019  -9.7269298717706980E-020  -1.7314610479768741E-019  -4.1342410518709076E-019  -7.0799624897872707E-020  -3.6765551661069119E-019  -1.0159995852940896E-020  -1.5234199091749040E-019  -5.2849435798596275E-020  -3.4884822349407542E-019  -6.7583101867075053E-016   1.1508787823398935E-015   1.4572210085304784E-015   9.9178884046703129E-010   5.5268816226909555E-010  -1.6642713199900999E-011  -1.4366224435770743E-010  -1.9500789336488620E-010
   6.5647229149230366E-012  -6.5393958243284867E-007  -7.8493658840192829E-014   2.6929172334738991E-013  -6.5394018065177614E-007   1.0115965312883903E-014   1.3078797631490994E-006   6.8027938259456598E-016   2.7429755100942167E-016   3.2844563777207920E-016   3.3528417693779900E-010  -1.5261268591682218E-007   1.3552375166790027E-012  -2.2156532937826060E-012  -1.5260956299612871E-007   5.9147641638425645E-013   3.0522224904301353E-007   8.2179596234203248E-016   3.2606556074606249E-016   3.9961340705056201E-016   8.7885881050197898E-010  -2.3376595772159129E-018   1.7182162571501938E-018  -6.1194893729431211E-019  -2.0216793302073577E-018   4.4368481097948110E-019   1.7416932793290575E-019   9.1681326623088623E-021  -4.3496089071869124E-019  -1.0401614344431023E-018  -1.0507578108818114E-018   6.3723941038021664E-016   2.6291473086392970E-016   3.1262057000769813E-016  -4.2292505272282491E-005  -7.1778300919233437E-013   1.3509918169617966E-011  -4.2292519036191787E-005  -2.8148699139558795E-012   8.4585024304534978E-005   4.5354505446382711E-010   6.0516275162991193E-013   1.9882759778212453E-013   4.9167361614869876E-013   3.8167938103185191E-013  -5.8610276662000627E-013  -1.4429097373537346E-012  -8.6905675401411806E-013   7.3018340446104852E-013   8.9921083102812924E-013  -1.0359212826376068E-012  -3.0119268096466215E-013  -1.2043644759888513E-012   1.4915149546559080E-013   1.6412161096817198E-012   7.3748496959228044E-013  -2.0825232001619101E-018  -1.7521364835193845E-018   4.6023950435372463E-019  -9.0892943806596726E-019   2.3086599776691885E-020  -1.0391702162181425E-018  -1.4741475946232784E-018   5.6153796376586650E-019  -1.0110465708573170E-018  -5.5462026545200591E-019   5.4562036808890539E-016   1.8154604528230596E-016   4.0705446614422501E-016  -1.7372324250680669E-004  -1.3136445443220429E-011   6.2870008334320855E-011  -1.7372332634975395E-004  -1.0182786588227714E-011   3.4744656885872381E-004  -5.2860624140762824E-010   1.4959133497717889E-015   5.2986420939263738E-016   1.2065270739977197E-015  -6.9465835116597457E-004  -5.0391315811788717E-011   2.3685144312858166E-010  -6.9465867832212266E-004  -3.9583689633174412E-011   1.3893170295065044E-003  -2.8134986834230137E-019  -1.0299811977035876E-019  -3.3686438016215706E-019   2.5509007356160472E-020  -2.3977002555407643E-020  -2.2876832159486082E-019   1.1342771995851575E-019  -1.8261836197934186E-019   7.1023342864670191E-020  -4.7852026480138930E-019  -4.2715081917679373E-010   2.3638896656398612E-015   8.4061342050059875E-016   1.8904299622399850E-015  -1.9350441124563622E-011  -1.4531662770408078E-019   1.8625338168389089E-019  -6.9036579452000336E-020  -2.8151186806551704E-019  -2.9836550844026647E-020  -7.6372286749389927E-021   1.5960871008856676E-019  -1.3100756898641648E-020  -1.3460028105198729E-019  -1.4452689967353676E-019  -2.0469075124095429E-015   2.6371691022137255E-015   1.5442114192222236E-015   2.1953203778965815E-010   1.2131294943081338E-010  -3.6346578768515268E-012  -3.1275425850203269E-011  -4.2149587578589463E-011
  -8.6527525084816648E-016   7.0412210755982061E-016   5.9631236336722049E-017  -1.7531853526010992E-016   5.9568353060463418E-016  -5.2358369606230329E-017   6.8027938259456598E-016  0.13864105292329171       -8.7572360708058442E-009   3.9176259077733262E-009  -6.8491516810627204E-015   2.2350921016784781E-015  -2.1851115039138541E-017  -3.0097846055052020E-017   2.3237123810153275E-015   6.8002693836465790E-017   2.3021467507751382E-015  0.16632099843608436        1.4905315334389541E-008  -1.3736267858298370E-008  -1.0269217836680955E-014   3.4884507467649455E-009  -1.9121494395505996E-009   7.4219519703032120E-010  -2.2189109308935779E-009  -1.1745582022040730E-009  -2.4614613610406955E-009   2.2417638006577491E-009   1.5452614100804497E-009  -1.0954903138564612E-009  -1.7049685174729907E-009  0.12337121095567762        6.5716328068826610E-009  -7.0459561358924619E-009   5.9524818576600213E-015  -2.0149766060308524E-016  -1.7863490514923913E-016   5.8847982074378650E-015  -1.1742873807799069E-016   6.1616662069980865E-015  -1.3308507858709584E-014  -5.2763759176927910E-016   3.7766598076100057E-017   7.8494940409586842E-017  -3.3341657695842892E-016   3.1675459945714582E-017  -3.6294683715054565E-016   1.4317346062424174E-017   4.5452831623118611E-017   2.7777606516157347E-017   8.3062283686432610E-017  -6.4667305382999272E-016   5.2724649469679879E-017  -3.7671059183670544E-016   6.4260978147286003E-017  -7.1126626324510585E-016   2.1287397696659418E-010   1.1156689254882045E-009  -6.0809725894505851E-010  -2.7197398304120856E-010   7.8468703495759514E-010  -1.3675636419793508E-011  -3.8331197505259804E-010   7.1909976390304623E-010  -6.0140132308249496E-010  -8.2736272666568449E-011   1.2307122477320138E-003   5.1674570902347732E-010  -3.7288139980424625E-010   3.4334996179466443E-015  -3.5598960825510605E-016  -8.3114182835220089E-017   2.6248283031066415E-015   4.4261835483049793E-016   2.8417879513910840E-015   2.8714399730769598E-015  -4.6328030755776274E-002  -2.7080728462121193E-009   2.7879644926693266E-009   4.0993361071559000E-015  -1.6096553113892013E-015  -5.3773303760860367E-016   9.7927188759687911E-016   1.4421666300989434E-015   2.1180524577297945E-015   2.3489288529107129E-010   9.2416800250213919E-011  -5.1089999077839170E-011  -1.5157999594326317E-010  -7.5942323174099704E-011  -1.6356077147895912E-010  -3.1144244433033248E-012   1.0772639801398377E-010  -8.8239511643494462E-011  -4.2214228029667485E-011  -2.3261713824382060E-015  -5.9243477533906221E-002  -3.2641494491396982E-009   3.4150013676939851E-009  -9.8531102352849145E-016  -7.9973327089978604E-012   3.0504019251251430E-011  -1.9082960201360554E-011   4.5719527731171581E-012   1.6060201917386601E-011   6.1590550485800938E-012  -1.4660676135285376E-011   1.1805108191827221E-011  -1.0834944265665220E-011   5.4247086978506914E-012   3.0273980016219785E-002   1.6398317393660972E-009  -1.7207363151344882E-009   1.9530236208983904E-015   1.2116371062305491E-015  -9.7558083867194706E-018  -2.7830799449290364E-016  -1.7671731829709850E-015
  -5.9700150536901884E-016   5.0229296983236692E-017  -4.7387579811029248E-017   1.0843927941881502E-017   1.8556440332688420E-016   1.6733097230818361E-017   2.7429755100942167E-016  -8.7572360708058442E-009  0.13864107484793237        7.4091704766147026E-009  -1.9158611910458305E-015   1.3495469268297707E-015   2.8703846028884458E-017  -1.8007752995995541E-016   1.1071873704042159E-015   9.9235544894821718E-017   1.0552855767573021E-015  -2.0398470592294716E-008  0.16632100328097058        1.1602233697355095E-008  -1.3802018484792565E-014  -2.6405295474408025E-009   7.6405249258781706E-010   3.3056746012295056E-009   1.9846494951854672E-009   5.8399464732759203E-010   1.5579980946444047E-009  -1.2164749178299428E-009  -3.8484157369519696E-009   8.6811540939937219E-010   4.0453809223306149E-010  -1.0959454085296626E-008  0.12337122011261208        5.0694055179717023E-009   1.7756143885529614E-014  -7.8309590195126628E-016  -7.9037271756318851E-016   1.7338898598226790E-014   6.8115501075548639E-016   1.7465803470470464E-014  -2.4876602056637449E-014  -5.7739034497103764E-015   3.9500371044047417E-016   4.6416264845119640E-016  -3.3207831883634044E-015  -1.2420728115020971E-016  -3.3215083946276388E-015   4.0196888515356593E-016   2.1831816387509697E-016   1.6416924015793508E-016   4.6646490746937158E-016  -5.5094805380955892E-015  -2.8010687127937338E-016  -3.2328093717514162E-015  -2.5784743923141352E-016  -5.5284933186843459E-015   5.1604426728482276E-010   1.5797929154002485E-010  -9.2354826791463407E-010  -6.6288267285555258E-010  -5.9870838085428279E-010  -2.9458776373708593E-011  -1.0386803510485961E-010   8.9092843520704765E-010  -1.8609094100586757E-011   2.4316569930049436E-011  -8.7170654152155322E-010   1.2307102854742711E-003  -3.2772582577528312E-010  -1.7206539043060919E-016   9.0946086003969098E-016   1.3642395792420304E-015  -5.1914166796229348E-016   1.4711339620626160E-016  -3.6342370679451456E-016   5.5363845879414992E-014   5.0078548369803560E-009  -4.6328032806197864E-002  -2.2028443389424588E-009  -2.6200268968354103E-014   2.4956791133220914E-015   4.1555191681570737E-015  -2.7874409611653038E-014   1.2957332939182755E-015  -2.7103762860364085E-014   5.3083267481458819E-012   1.7045623408317785E-010   1.1912808051637990E-011  -3.8391932104884279E-011  -2.9570333459361595E-011   3.1269703582443462E-011  -1.1594501723814508E-010  -1.3954323289864327E-010  -1.4903304159282955E-011   9.5129713631144217E-011   2.0077501323722682E-014   5.9465434746358295E-009  -5.9243480856231601E-002  -2.7852568029469879E-009   7.4523264455484090E-015  -2.0708386308576962E-012  -6.4790252421179496E-012  -1.3955367203104258E-011   6.4131753286403496E-012  -1.5022926365494739E-011  -3.6349108138833994E-012  -1.0941885993888181E-012   1.9873719839858176E-011   7.9467081184812460E-012  -4.4112172402062347E-012  -3.0405754196336414E-009   3.0273981709926956E-002   1.4411465256164448E-009  -3.6038498664289896E-015  -4.0663681848316028E-015  -1.5776450209846635E-015  -3.5292954509367652E-016   6.8845783450664180E-016
  -2.6528821989411376E-016   3.5030433313006735E-016   1.5359754324467039E-016   2.9884657134700570E-017   2.4894897918470221E-016  -2.4489442497844016E-017   3.2844563777207920E-016   3.9176259077733262E-009   7.4091704766147026E-009  0.13864107891795036       -3.7206416607133434E-015   1.4784028046710424E-015  -5.2756558829736892E-017  -1.8876590855930555E-017   1.3551918431678523E-015   9.7783432765235479E-017   1.3983166222077271E-015   1.6507879761541170E-008  -4.8112759811146133E-009  0.16632100481200507       -6.8928454514090002E-015   3.9170218229447585E-009   1.4912309104708221E-009   2.3576975797903023E-010  -3.4309444234130183E-009   1.1321557228553345E-009  -1.8242906258780015E-009  -4.0928926713060537E-010   1.8785651711125536E-009  -9.4210670479665530E-010  -1.5759008747959449E-009   8.4947054883639127E-009  -3.3190681992495549E-009  0.12337122090878676        8.6078338562869952E-015   1.0076740983473693E-016  -5.9815684739264305E-017   8.0345263696531038E-015  -3.6702027619517466E-016   8.0588836761496439E-015  -1.3738614601424532E-014  -2.4041378643799558E-015  -5.0347111310885120E-017   9.1415725413603959E-017  -1.2669281993216159E-015   3.0419827078570268E-017  -1.3112624472662531E-015  -5.0910384760418934E-017   2.2438506994067582E-017  -4.4853103229129091E-017   7.8960695503270051E-017  -1.9462587795557376E-015   7.0387402239571225E-017  -1.1674935894916445E-015   6.0776565226866992E-017  -2.0930822343034327E-015  -1.6804154775268120E-010  -9.2836574260142008E-010  -4.3461434355673003E-010  -1.4134341460914564E-010   2.9644884139689888E-010   3.6679809120198668E-010  -1.5121087963539128E-010   3.4711012773115330E-011   1.1312390064293366E-009   2.9807095572868899E-010   7.8804474882720344E-010  -9.5931550525297115E-010   1.2307101605125745E-003   1.1615138999648774E-015  -1.8348934794757899E-016   6.2255895221717788E-016   1.7468461007247899E-015  -6.2424508697672522E-016   1.0589157572389798E-015   1.7652960338648608E-014  -3.9127553561001657E-009   1.4224686504127287E-009  -4.6328033185573020E-002  -6.6466588971983526E-015  -5.4122937450570975E-016   2.2570584305479352E-015  -5.0975257201888776E-015  -2.7370820365595239E-015  -7.5151836169988293E-015   6.7465647673277677E-011  -3.5106285223766569E-011   1.0089963622515388E-010  -9.7450980750799434E-011   5.1205131636246399E-011   6.9356314330875727E-012   5.0845591724105557E-011   4.1249413890135019E-011  -3.3115362340497373E-011  -1.0595558283900840E-010   5.4657553259931324E-015  -4.6068192460082768E-009   1.5529467834042931E-009  -5.9243481343286358E-002   1.7268867413459893E-015   6.5320662922883692E-012  -1.4653751912581269E-011  -1.5593681207361937E-011   6.3559852062329256E-013   1.5303112208538021E-011  -9.3994165687618735E-012  -1.1251598297107765E-011   7.4545050525535068E-012   2.9748597026019307E-011   6.0680878953548835E-012   2.3525462671828940E-009  -7.6149607582623028E-010   3.0273981968568370E-002  -8.5251869703754551E-016  -9.5773717267507050E-016  -4.3514118789841498E-016  -1.2076906150342954E-016  -4.7027085586205506E-016
   2.2767597656890067E-003  -1.1453151794861707E-009   5.7312678781574799E-009  -4.3899903873553195E-009   8.1001655032249228E-010   1.5560124296130006E-009   3.3528417693779900E-010  -6.8491516810627204E-015  -1.9158611910458305E-015  -3.7206416607133434E-015  0.12043817586137533       -4.0568507455990947E-010  -4.4471622750752925E-009   2.7848492612601827E-009  -4.9935291657273928E-010  -2.0406645069312804E-010   9.0505465761760421E-010  -4.7097287992919803E-015   1.0241291500954177E-015  -3.8418996951008129E-015  0.31375940556700793       -3.5765603431441696E-016  -3.2540792821954984E-016   1.4052861963753663E-017  -1.2569066867139924E-016  -1.1533909455623673E-016  -5.4650814736582062E-017  -6.8768195239449509E-016   9.0730337195911696E-017  -3.0220104762343560E-016   1.8319442911288370E-016  -5.3572215719323341E-015  -5.4012397100675470E-016  -3.7191165904051426E-015  -6.2151447815934277E-010  -5.6308809197481755E-009   4.2599400013262837E-009  -1.1836462738048003E-010   5.5845115299547063E-010   7.4216413977992827E-010  0.16678017130710796        2.3911577592683122E-009  -4.6556504055055709E-009   4.0424450304162909E-009  -2.0630127757435828E-009   3.7124352615792049E-009  -2.1381025693495634E-009   3.4113127408236987E-009  -1.0329693099705995E-009   1.6694540521776538E-009  -3.2725151745210301E-009  -8.8142777190330962E-010  -3.5642575227880672E-009   3.6105857310702347E-009   7.9717155353587258E-010  -8.3868292477962724E-010  -2.6336886326632042E-016  -1.5583303566046342E-016   2.7287092055022199E-017  -1.4721445382373221E-016   1.8732213585806649E-017  -1.9814364311580921E-016  -4.5286843047144634E-016   4.3184117338957582E-017  -2.5068943813560662E-016   4.2020411191726176E-017   9.0495880106744476E-015  -1.9712893040916608E-015  -2.9806566944701367E-015  -2.2985804901066021E-010  -1.3085485712879161E-009   8.7762367127184905E-010   3.0164402871488395E-013   4.9239247450819579E-010   2.2943269231052131E-010 -0.18101409739509192        2.8794396611500349E-014  -4.5802865689613951E-015  -9.5887724672292020E-015  -7.2673496391088616E-010   2.3165511600006915E-009  -1.9466539545047749E-009   3.7952033912276277E-010   2.6139695333097242E-009   3.4341507795303946E-010  -5.7727441850362233E-018   2.8325569181419314E-017  -1.4709124224919524E-017   5.7325535893214721E-019  -7.6193586723449895E-018   1.7066814410264634E-017   5.5099873023551578E-017  -9.6098643469066512E-018   2.2049545838297426E-017  -1.9870453353411629E-017 -0.14224178696008985        4.4249098371216686E-014  -6.9377950019725177E-015  -1.4867918811318529E-014  -5.8519040771688102E-003   1.3591779243979876E-017  -9.1387596339870479E-018  -5.7668919632086819E-018   5.8770346217773582E-018   3.5980493435793784E-019   7.8632141909150538E-019  -1.8607681834874630E-017  -7.0387858505997183E-018  -8.9692736978941339E-018  -1.6829499375661800E-017  -7.6439621702228932E-014   9.2959809304518389E-015   9.2520778508418911E-016   7.2270239209377723E-002   4.0368115221025277E-002  -1.2219248272734851E-003  -1.0497512635263401E-002  -1.4265815177774144E-002
  -7.4436337731949243E-012   3.0522531004293617E-007  -3.0562741233521688E-012   2.6164600853909960E-012  -1.5261262412625847E-007   2.2508623076968260E-012  -1.5261268591682218E-007   2.2350921016784781E-015   1.3495469268297707E-015   1.4784028046710424E-015  -4.0568507455990947E-010   7.1231726653059501E-008  -1.5480325673765977E-012   1.3618709183621101E-012  -3.5615836506345443E-008   1.0881800802907760E-012  -3.5615890156373800E-008   2.6875729423105340E-015   1.6155044261031602E-015   1.7719565782079807E-015  -1.0530348523844709E-009   7.0771069099825928E-020  -4.6535390291836659E-019  -8.8355387538907131E-020   1.8525309691284879E-019  -1.7931964794675686E-020  -3.6898395164275066E-019  -7.5060917069804536E-020  -4.0473679863913265E-020   2.5503311818773874E-019   4.7187794133069037E-020   2.0838376606647411E-015   1.2765549799112209E-015   1.4625024133847345E-015   1.9739963136169995E-005  -1.9909148811166120E-010   1.7069220560147702E-010  -9.8699796322448986E-006   1.5000036549789510E-010  -9.8699835042706319E-006  -5.6487498436481701E-010  -2.8808715332517863E-013   1.5169762381823673E-013  -7.7056890020000028E-014   2.6475163247162368E-013   3.0703720730717926E-013   2.4142436837075061E-013  -1.2683884399223014E-013   3.6580623775941325E-015  -3.3351286877939470E-014   7.4330200746280932E-014  -6.3604866688504554E-014  -5.6517642058571152E-014  -1.5288341167783730E-013  -1.7233474983256817E-013  -5.0322730961446993E-014   2.4100846411112350E-020   3.4074541422354500E-019  -5.7566172371879415E-020   2.5340284612893706E-020  -8.1813648481369302E-020   3.6938664566787050E-019  -1.6777405021071138E-019   1.2539553832502146E-019  -2.4180284241519655E-019   8.1192160783190168E-020   1.8888121349748062E-015   1.2475369573248466E-015   2.5397416865802125E-015   8.1085061463445418E-005  -8.1424208555591454E-010   6.9752742187877714E-010  -4.0542522579227788E-005   6.1089561532020072E-010  -4.0542538884090656E-005   4.9790378230386209E-010   5.2359507585603707E-015   3.6304609018269940E-015   7.7735693468459471E-015   3.2423073778584962E-004  -3.2611758621072913E-009   2.7928295199235463E-009  -1.6211533616171194E-004   2.4436402267893051E-009  -1.6211540162272645E-004  -2.2089447019384690E-021   6.7526849517426012E-020  -7.7834238480622538E-020  -7.6233512114215887E-020  -9.4624469904218810E-023  -2.9767763297525477E-020  -5.2312424004458320E-020  -1.0911156647677570E-019  -3.9981918879923288E-020  -1.9489899935448040E-019   3.1169340367838020E-010   8.2659696089271687E-015   5.7233278465587965E-015   1.2122342322513280E-014   6.2692309126941213E-012  -7.9794631735400650E-022  -1.9504253531655067E-020  -7.3391610929797412E-021   4.7026615801894897E-020  -6.7390094739720844E-021  -3.7686805891970667E-020   4.1024725910134489E-020  -3.3954820416372055E-021   7.2683429466629835E-020  -4.4464640442301780E-021  -4.6795807263994180E-015   8.3023582061494041E-015   9.2942927908430660E-015  -1.6070812326038445E-010  -9.6146604357815744E-011   2.9748624065167343E-012   2.7043365080146837E-011   3.9074766860832509E-011
  -8.5055718920941158E-011  -3.4987721008012323E-012   3.0522186624203884E-007   1.6424317831209094E-012   2.1435341015960860E-012  -1.5469567271120015E-013   1.3552375166790027E-012  -2.1851115039138541E-017   2.8703846028884458E-017  -5.2756558829736892E-017  -4.4471622750752925E-009  -1.5480325673765977E-012   7.1230099346066559E-008   7.1388060062348136E-013   8.9677183008029277E-013  -7.2951914072510545E-014   6.5126075565960209E-013  -2.5285537895796799E-017   3.6037719155426299E-017  -6.3412831795841542E-017  -1.1602667805726826E-008  -2.7619327566583414E-019   7.1748310264702095E-020  -2.4221869796930082E-021  -3.7593328065047183E-020  -5.7176416507317581E-020   1.0059362676424341E-019  -3.1348169133825684E-019   1.1938453172192680E-019  -3.0295352605618639E-020   5.2747150939698153E-019  -1.7815095247100132E-017   3.7135059052038176E-017  -5.2478427592608299E-017  -2.3110336730249276E-010   1.9739736898787946E-005   1.0580814841320629E-010   1.4221091833827292E-010  -1.0658348688683433E-011   8.8892476287250459E-011  -6.1373431679871036E-009  -2.1254153078228396E-013  -3.5535346045279516E-013  -9.5076209992745191E-014   3.6581406066964015E-013  -1.0496977175692954E-013   7.5311996977033883E-015   2.3890192553211838E-013   2.9101154525103950E-013   1.5621319356218211E-013  -1.2183104010809703E-013  -1.8611053659181138E-013   2.5404170063120735E-014  -3.8895777476939693E-014   5.2835548552513002E-014   1.7850148460329664E-014  -6.5397174228868052E-020   1.2990774405544139E-019   2.4473704020449824E-019   5.3415791660092956E-020   6.3388590664334223E-020  -1.0989599781411729E-020   1.6615845434832924E-019   1.9862916311465295E-019   1.5125676315378920E-019   4.7961591700889787E-019   1.8222053888943951E-017   2.8229364838414256E-016  -6.9507906659544166E-017  -9.4558520579967715E-010   8.1084136419991797E-005   4.3537993184075386E-010   5.8281895584915069E-010  -4.4470112375988055E-011   3.6276625510161381E-010   7.0155749844579992E-009   7.4507784873351223E-017   8.6289367747790927E-016  -2.1522507487033907E-016  -3.7862231873620475E-009   3.2422703335038735E-004   1.7466229320941628E-009   2.3350860973291633E-009  -1.7969309883811356E-010   1.4511371008336844E-009  -5.6350905002194764E-020  -1.1206912402100213E-019  -8.2205497804069370E-020  -5.5720228537521360E-020  -1.7625020606458109E-021  -9.1159732517362756E-020  -2.0434126184625732E-019  -5.0728904102715632E-020  -1.4494972345590769E-019  -1.7282198816151548E-019   5.7414780026626664E-009   1.1522582967386115E-016   1.3267759622062581E-015  -3.3716067775153310E-016   2.2949183329270026E-010  -5.1524646407916994E-019  -6.4190957188820817E-020   5.2161983097124705E-021  -2.6347951219167815E-019  -1.6648278538480762E-020  -2.3127491565901172E-019  -1.1221499685923065E-019   1.0422535039291820E-021  -5.1301135950334537E-020  -4.4481854574005627E-020   8.8779420312511755E-016  -4.1785229000125139E-015  -6.8664662447855115E-016  -3.0248565696468436E-009  -1.7044431071394566E-009   5.1500757145057424E-011   4.4780823054698182E-010   6.1266271263612443E-010
