   9.4510026363086042E-006   1.8207358435832714E-010  -7.2210121208046665E-011  -3.3724850782433139E-010   1.0406490740423612E-011   2.3238713180235291E-010  -1.1593640908473290E-010   1.3265193582090414E-011  -5.0101185473219772E-011  -2.3671663243886598E-011   5.5725582520792477E-004   2.2892419431042850E-009  -3.0620085527778319E-009  -1.7122546387059028E-009   1.7102420638396762E-003   3.6578692200966111E-009  -9.8684749290520673E-009   1.3970196229893754E-010   4.7349524398402036E-010   6.3017091323995027E-011  -6.7680979945521099E-011  -5.7432231415690619E-011  -7.2020469356830639E-011  -8.2454902679884721E-009  -8.2200510940754768E-011   4.7318557016118873E-011   2.9687589299028306E-011   9.5337764575904422E-011  -2.6342453446323249E-011   1.4944439661457535E-011  -1.0260291041167273E-010  -2.3280554300080772E-011   9.0337687308470899E-011  -4.7754916470430713E-012   7.7108415724022106E-011   1.6858702346183660E-010   1.3058847047541572E-010  -4.3042823111048288E-011  -1.3311020688475450E-011  -3.4063789666589241E-011   1.9166952224898095E-003   4.0344807214232931E-009  -1.1139901829559648E-008  -1.1940136064430069E-008   8.2814052726323961E-013  -1.1977606112185058E-011   5.8773923229965035E-012  -2.5741303309440810E-012   5.5923615584596039E-013   1.1192412981637799E-012   1.0491115583152780E-011  -1.5145468446565227E-011   1.9943343863546894E-012   5.4113724607816139E-012   1.7144246993029688E-012   2.6465288778341633E-013  -4.3761916207265744E-013  -6.8148250383553711E-013  -3.8811544899096331E-013   1.9693439487673985E-010   3.4171470130710801E-010   3.4630910144942479E-010  -1.1021678105973436E-010  -5.5526111507850335E-012  -8.6715621152417991E-011  -4.1966077842151078E-011   2.6431692155177768E-011   2.4953323275806881E-011   5.3821374736630346E-011  -3.4925895836165752E-012   2.4806520195433576E-012  -5.5279153427524058E-011  -1.9468053471984374E-011   4.7733113008846050E-011  -4.0884251388561858E-012   1.5677757306959714E-003   3.3408336821209723E-009  -9.0257418530842857E-009  -1.8764321024839152E-009  -1.1121709218340063E-003  -2.3775184128934476E-009   6.4488655948718017E-009   3.8194546630492604E-010   5.6653167635330969E-010   8.7689819913020613E-010  -3.1829045972941379E-010   1.7808972234877701E-011  -6.3654972227480790E-011  -1.6099274120882526E-003  -3.2503837543300995E-009   9.9087131835607225E-009  -3.2891541250447710E-011   2.0124035420298693E-011   1.6622964272385546E-011   4.3769356495154287E-011  -2.6848845041504918E-012   3.5894113810250438E-013  -4.1315278972098469E-011  -1.2906925241236391E-011   3.5306239856002008E-011  -2.7697510623656266E-012   1.1253315998792273E-008   3.3195339870268653E-009  -7.9700119881344203E-012   5.1739501558061333E-012   4.3508638327219500E-012   1.0661754791099954E-011  -8.8885896178284516E-014   3.0967185339483320E-014  -1.0722983134693184E-011  -3.5983848125510435E-012   9.2124439147916244E-012  -5.6086198968436976E-013   2.0091971499066775E-009
   1.8207358435832714E-010   9.4505793806850429E-006   3.2222660725727028E-010  -8.7945438176251630E-010   8.3428192313577288E-011   7.7579441518703558E-011  -4.3750035336658520E-011  -3.6436947156619334E-011   2.3296438379119980E-010  -4.6991224429960966E-011   9.9421144756999953E-009   5.5724363736766214E-004   1.0575507340493912E-008   7.3532980085280431E-010   2.8885454073496750E-008   1.7102038189490461E-003   3.1831830003915425E-008   6.7777691480796678E-011   1.6060532326109121E-010  -3.7401838909854028E-011   1.0140407068089374E-010   5.5804348313545485E-010  -1.6918237037971870E-010   2.8898721529994776E-009  -1.6830439447881421E-011   6.6861756809536806E-011  -1.9053312139587708E-011  -4.8613029902592683E-011  -2.2183513697451430E-012   7.1193411173997106E-011  -7.7997996005168543E-011   7.7468905447351166E-011   3.7784646323144327E-011  -4.3540416830185295E-011  -9.2575187910931240E-012   6.9569432554861117E-011  -9.6709673859067940E-012   7.2792641966159215E-011   2.5496508667637692E-010  -6.3537762919183164E-011   3.2146552828055875E-008   1.9166520543653391E-003   3.5750490685307917E-008   4.1042239470232079E-009   6.7501478972382199E-012   1.9425761673676103E-012   5.6120842575114725E-014  -1.2402253091800159E-011   8.2386513043006435E-012   5.4507582918712348E-013  -2.2073528792997845E-012   8.6754942159119258E-013   3.5523167247090891E-013  -7.0275433027417223E-013   7.8748441860618411E-012  -2.3165852722357738E-011  -1.4306093683312634E-012   1.7025125941902041E-011   5.0423941201997104E-013  -1.2893131662480431E-010   1.7893349521210972E-010  -1.1903615836211349E-011   3.0497854250820567E-010   4.3197555049534178E-010  -1.7605039840113727E-010  -1.1475505525808149E-011   6.0204727941420696E-011  -1.3799869629171263E-011  -3.0097567631858160E-011  -7.6578354565487536E-012   4.5493525704645161E-011  -6.4216897557546989E-011   5.9011948539508623E-011   2.5953224116589774E-011  -3.3699105744412912E-011   2.6242442945578848E-008   1.5677407566741688E-003   2.9035581063462989E-008   4.6886015246188267E-010  -1.8706382797596000E-008  -1.1121459451810822E-003  -2.0729079505568594E-008  -3.9000728915819965E-010   2.7234451573433524E-010  -3.9950627338147669E-011   7.6636211950777662E-010   5.8222600293642824E-010  -3.7635488999552135E-010  -2.8031359604804196E-008  -1.6098894170849592E-003  -3.1400722594124733E-008  -8.1389351746912876E-012   3.7958486392761468E-011  -9.8618910426843919E-012  -2.1134454429769935E-011  -4.6399085450617165E-012   3.2053963448877503E-011  -3.9085092021159572E-011   4.2899797487805792E-011   1.4480140309264276E-011  -2.4625004353750514E-011  -3.9999766477868562E-009  -1.2710631572064111E-009  -2.1783011015627566E-012   1.1593779841422825E-011  -2.7234248226131373E-012  -5.7837624636914650E-012  -1.7733752283708851E-012   8.7062557998299321E-012  -1.1980291367600347E-011   1.2072389354691067E-011   4.4796699243479567E-012  -6.9682994362009643E-012  -6.4153035907263810E-010
  -7.2210121208046665E-011   3.2222660725727028E-010   9.4508957594314676E-006   1.0627939159807154E-009  -2.9324605385105648E-011  -3.3353672560591423E-011   4.7812743867906140E-011   2.6950253198508670E-010   1.1359720789181450E-010  -2.4017790272555898E-010  -5.8597994283237521E-010   8.7236268655998920E-009   5.5725356053094735E-004   1.8840961224245865E-011  -3.3274465870232227E-009   2.6261413678862214E-008   1.7102322149836829E-003  -1.8178752068263904E-010  -2.6908822025068225E-011   1.6018542560546075E-010   2.2134459781145257E-010   2.6134261941605499E-010  -3.9556243308136022E-011  -6.8743693276440610E-010   1.4017180215594828E-011  -2.3387372072200422E-011  -3.6287996540689171E-011  -3.1232650040821683E-011   1.0998936003196048E-010   1.2426599354783082E-011   4.5222193789786827E-011   5.8967536022970008E-011  -3.7284518758845830E-011  -1.6904584756175646E-011  -1.0970685305948233E-010  -9.1560948511601854E-012   7.4548147987177803E-011  -8.4594385061935598E-012   1.1016312125814440E-010   1.1816932042155795E-010  -3.8169150230086861E-009   2.9552325288490075E-008   1.9166839057873021E-003  -7.0960957728870067E-010  -3.7827291265013715E-012  -1.0097014560220714E-012   5.5324528962621586E-013   2.5901974242552706E-012  -7.1846876739375184E-012   4.0543370960817006E-012   1.5898324852882748E-013  -1.4058193545157510E-012   1.1413589068563071E-012   4.9459054046924763E-013   1.2459018008464053E-011   6.3365793821223883E-012  -2.4476219929745358E-011  -9.8142851303540511E-013   1.1625527541541055E-011  -2.2217989314955060E-010  -7.0534697479239678E-012   1.7900416866428293E-010  -1.4249371126694232E-010   2.9214708106072073E-010   3.6467712039985230E-010   2.0364549934751108E-012  -2.4961536181439429E-011  -1.5217713582966663E-011  -1.3829169733202806E-011   7.2151164579291092E-011   1.1096934216789175E-011   3.2825893801886482E-011   2.6254140191530277E-011  -1.9078941534052867E-011  -8.2263724476793771E-012  -3.0736126658180017E-009   2.3997863895582037E-008   1.5677666584758977E-003  -3.3242727426495507E-010   2.1901813712620502E-009  -1.7128807645294848E-008  -1.1121644272221480E-003  -4.0715674249598811E-010  -8.8198300990951295E-012   3.4795828295444394E-010  -5.7180595758793948E-010   5.5289429544142260E-010   9.7896273039913870E-010   3.4051718025720990E-009  -2.5918272220482125E-008  -1.6099171542212597E-003   2.7501870665412534E-012  -1.7063975967661136E-011  -1.2479551151040749E-011  -1.0615381225836798E-011   5.1627859222895285E-011   6.9255997814293592E-012   2.1399932518630623E-011   2.5691398986497805E-011  -1.1647024913880564E-011  -9.8475499547330802E-012   4.7906086276925418E-010   5.2208950948258678E-011   6.6052803803723694E-013  -5.1270457576173003E-012  -2.8366979019837764E-012  -2.5028921348661189E-012   1.3911358620554145E-011   1.6166964351157055E-012   5.9269654089123092E-012   5.7416026517737463E-012  -2.8248100359139280E-012  -2.1650106225045454E-012   1.4209791316860777E-010
  -3.3724850782433139E-010  -8.7945438176251630E-010   1.0627939159807154E-009   1.1463597162456689E-006  -2.2940154167958459E-012   1.6437108044979879E-011   3.4344823420715387E-012  -6.9337375392754431E-012   9.3954386480846502E-012   9.2279308186738425E-012  -1.9140967617452371E-008  -5.2156034796881461E-008   6.2688849110749897E-008   1.2946321624268521E-004  -5.8656083341408457E-008  -1.5998727189497643E-007   1.9239658052470471E-007  -2.7580904999011457E-011   2.1792772152430679E-011   1.2563888590158750E-011   1.4391637705872470E-011  -1.8136765796986832E-011   1.3192456588956581E-011   7.3294743038367560E-004  -1.1916396845297768E-012   4.4138347230267920E-011  -9.3678203348285004E-012  -1.6303851954815487E-011  -2.8695185411147643E-011   1.7902655765456588E-011  -3.6895569989367451E-011   3.5985052544459743E-011   5.3623259513349176E-012  -1.9839312900302971E-011   4.8714693722227142E-011  -7.0333273363270021E-012  -2.3476345976975305E-011  -3.8925933490071832E-011   5.8103033828091769E-011  -9.7770124155672499E-012  -6.5666863478353328E-008  -1.7922179871285011E-007   2.1576763463577652E-007   1.0272806052376512E-003  -6.6856162652776755E-012   1.1217545323922087E-012   2.3891232433285497E-012   1.2779054862003777E-011  -4.1913964766546485E-012  -1.0361938748850551E-012  -1.1447775185271201E-011  -3.2209391345555877E-012   1.3853808871814744E-011   1.1623442914243777E-014  -1.0492077936988084E-011   9.7644875619606434E-012   5.6505091073465717E-012  -6.6404045683868841E-012  -2.6273783463145294E-012   1.5745992190583517E-010   1.5761851521508435E-010  -4.5299271377906524E-011  -2.0863749952139645E-010   3.2448486387327719E-010   5.1190258329536917E-011   1.8034637148391997E-012  -3.4251914248590500E-013   3.6725697369687443E-012  -6.1447121095053945E-012  -3.9588025795740450E-012   3.7251800912077439E-012  -6.1903915337526240E-013  -1.3653802077371783E-011   1.1732187031562667E-012   7.4395776272817906E-012  -5.3217644522480944E-008  -1.4542130982165470E-007   1.7582178014134518E-007   1.7062776766409634E-004   3.8084192876914033E-008   1.0397480371690356E-007  -1.2525857382152901E-007   1.2766933591976856E-009   1.5138140700591805E-009  -3.6057317941418291E-010  -1.7791524262208919E-009   2.8217344757339777E-009   5.0245897181132930E-010   5.8750393953108554E-008   1.5969799057323264E-007  -1.8807343308767167E-007   4.6022469099226457E-013   5.1651726784769869E-012   8.5732576438098086E-013  -5.0519232570743604E-012  -6.2355494990599752E-012   4.4344866471053522E-012  -4.9449865841316175E-012  -3.3763590978541435E-012   1.4692760652483762E-012   1.8775757010953112E-012  -8.8565597236846543E-004  -2.3382690544663883E-004   3.2830564536871880E-013   6.1462646131270911E-013   7.2257447847310478E-013  -1.6834344456725491E-012  -1.5919709898269615E-012   1.2429625980432672E-012  -8.2052506030947611E-013  -2.7227529794302275E-012   4.8622836684748712E-013   1.4908335900089635E-012  -1.7188074025461313E-004
   1.0406490740423612E-011   8.3428192313577288E-011  -2.9324605385105648E-011  -2.2940154167958459E-012   1.5468025603745541E-008   2.3879719278387033E-014  -5.2739347078298025E-014  -7.7341031382985597E-009  -2.6307028234194264E-014  -7.7339224482761284E-009   6.0560226816308853E-010   4.9265690580022114E-009  -1.7216124281646162E-009  -2.7612840552069115E-010   1.8623918765725849E-009   1.5116210576200775E-008  -5.2872101501844675E-009   6.0678532210290653E-007  -2.3289695892793775E-012  -2.0079573344458923E-013  -3.0339380766376769E-007  -1.0046389062541763E-012  -3.0339151432364166E-007  -1.5570740112864881E-009  -9.1772509228928646E-015   1.5776765227790957E-013  -4.7898212158587994E-013   4.4610512630628881E-015  -2.8904685392660366E-014   7.8547807908965452E-015  -3.6758446686962166E-014  -2.8565257500585637E-013  -1.0845164533386821E-013   5.6992542160128072E-013   4.4480045539140946E-006  -2.0016406621158762E-011  -2.5517395045068668E-012  -2.2240151666328369E-006  -5.1827619640828242E-012  -2.2239893869043183E-006   2.0909728294357163E-009   1.6937284959414535E-008  -5.9272157322298386E-009  -2.1815319560547352E-009  -1.2666389216908108E-013   4.7321260745522553E-013   1.0894387762169843E-013  -1.0027506549916949E-013   1.2924108714344447E-013   3.2272249720717500E-013  -2.8890677220932731E-013   1.0551326019689598E-014  -2.4727233423664117E-013  -1.1680839238918875E-013   1.5499980895803737E-013  -2.0668330033152398E-013  -1.7203289266284075E-013   1.1035276995981420E-013  -8.5804936152094218E-014   1.9074555573474145E-005  -8.3677025933820256E-011  -1.0089324611223907E-011  -9.5373295368552862E-006  -2.4450073641723559E-011  -9.5372260362318888E-006   2.2058984334442309E-012   2.5061443880031659E-012   3.9166671042875094E-012  -1.4815860543348910E-012   6.2541731830599921E-015  -1.4779318876877686E-012  -1.4135300113119466E-012  -3.7285965402436867E-013  -6.0969547684581368E-013  -2.6413977912902025E-012   1.8802497489434847E-009   1.3685692863535565E-008  -4.9960392289607453E-009  -3.3082332004868915E-010  -1.2124596604577718E-009  -9.8281494670801258E-009   3.4387453541111316E-009   1.6138919966822614E-004  -7.0779919161341091E-010  -8.9678037465074743E-011  -8.0695051482846604E-005  -1.9766617211053321E-010  -8.0694148185338346E-005  -3.4126889766875074E-010  -1.5614976658755228E-008   3.7495922092988505E-009   3.6036220929605463E-012   4.7339492381674241E-012   6.4594092646504545E-012  -2.4159484360836232E-012   1.9203740405599718E-014  -2.4188160195443591E-012  -2.6459617188442289E-012  -1.2346811653974089E-012  -1.1840191380093348E-012  -3.8942822547120262E-012   2.1291369234865711E-009   6.5023452129143595E-010   1.4985318364091082E-012   1.8633328098628467E-012   2.4080614062847480E-012  -1.0052938805795478E-012   8.1769474711250941E-015  -1.0051978370941936E-012  -1.0187403799974288E-012  -5.4210481305381391E-013  -4.9654925736896980E-013  -1.3908020083399623E-012   3.6517201247591448E-010
   2.3238713180235291E-010   7.7579441518703558E-011  -3.3353672560591423E-011   1.6437108044979879E-011   2.3879719278387033E-014   1.5467642141709524E-008   1.0291006207147870E-013   1.6922613649044181E-013   6.3185934141322999E-014  -1.9310359543685604E-013   1.3694662627809966E-008   4.5693242451942380E-009  -1.9670339214980188E-009   1.8684404092132555E-009   4.2033500340570313E-008   1.4025534418508765E-008  -6.0367711235372328E-009   3.7045538914744451E-012   6.0677887435100831E-007   1.8029086548318128E-012  -1.5167263342418338E-013   1.7944005229354731E-012  -3.5528668454333594E-012   1.0561863227403283E-008   1.0434715415787193E-013   1.0900137101405993E-015  -4.8851757716260339E-014   5.2350564114652809E-015  -1.2628885846611123E-013  -1.4523158319601507E-013  -1.9886180195089080E-014  -7.4181271827595538E-014   2.5590602431867239E-014   9.1704025126369602E-014   2.5608893663938422E-011   4.4479493157259382E-006   1.3991715094146361E-011   6.0667052852132544E-014   1.3519532271604239E-011  -2.5669522655391826E-011   4.7106603381302484E-008   1.5720203358479901E-008  -6.7648563956279280E-009   1.4819927922924293E-008  -3.3496736114138864E-013   3.0636888732526683E-014  -5.2629458277603865E-014   5.7517534974814523E-013   1.4023739347650942E-013   1.3232413372594267E-014  -1.5309462021797896E-013   1.1955357993570336E-013   1.6429045481235008E-013  -3.6480526555618193E-014  -4.1178102307298171E-013  -1.1171316038903612E-013   1.4816472600117170E-013   7.1862608099777068E-015  -9.1880917974214252E-014   1.1192461582658491E-010   1.9074319250404047E-005   6.1378077080690933E-011   2.0687656342047392E-012   5.8217243759055347E-011  -1.1399334787250122E-010  -1.8423951969326705E-012   2.2211491691342317E-012   3.2385954499517180E-014   3.0684702944034130E-012   2.8548528502262607E-012  -5.9663797354508797E-013  -1.2704978638303084E-012   1.1977213400441464E-014  -5.1659691078392877E-013  -3.3066559207802105E-014   3.8596573216524833E-008   1.2939313966379082E-008  -5.5154430110252479E-009   2.2333938527359713E-009  -2.7334928862491391E-008  -9.1226287157105677E-009   3.9253509735588729E-009   9.4674160541135671E-010   1.6138716544909375E-004   5.2267694134115912E-010   3.4575095886422995E-011   4.9869621886619404E-010  -9.8131670167966847E-010  -3.9045842111476240E-008  -1.2554866278576182E-008   5.8294095029316913E-009  -3.2206324829363084E-012   3.6867773857148654E-012   3.0214859273775080E-014   5.5983166596734883E-012   5.1161676552858548E-012  -1.2773849158299904E-012  -2.0712589951011428E-012   3.7693300720149449E-015  -9.0789188201088808E-013  -2.5330450542043357E-014  -1.4539860698999737E-008  -4.4672241556123070E-009  -1.2059847902072893E-012   1.5161125589034255E-012  -1.3818453289200547E-014   2.1451758873805164E-012   1.9629169364040981E-012  -5.2717780680069875E-013  -8.6788826903596100E-013  -2.4726469056483934E-014  -3.5171860836887594E-013   2.8729828899707790E-014  -2.4790527313453588E-009
  -1.1593640908473290E-010  -4.3750035336658520E-011   4.7812743867906140E-011   3.4344823420715387E-012  -5.2739347078298025E-014   1.0291006207147870E-013   1.5467927931323978E-008   4.8550500194432261E-014  -1.4405302929236110E-013   4.1900814869951556E-015  -6.8520819540562079E-009  -2.5800710925265548E-009   2.8128160492531504E-009   3.9573805057778899E-010  -2.1022152722176962E-008  -7.9180200248354741E-009   8.6356656409662551E-009  -1.3333920829566837E-012   2.1062868696596110E-012   6.0678403569653463E-007   4.6004569142294059E-013  -3.4375093282848796E-012   8.7335916377749316E-013   2.2351573847776445E-009   2.2727845544619376E-013  -8.1266578448833382E-014   3.0044786346982262E-014   4.4703099807811298E-013   2.2648967560823303E-013  -7.5195748885597109E-013   1.3184538436987937E-013  -3.8424788096611465E-014  -9.5622568203231362E-014   6.2460772913069891E-015  -1.2580853198453741E-011   1.5763904178040142E-011   4.4479897985844664E-006   6.0979732957347635E-012  -3.3873421858418590E-011   6.4829159172474336E-012  -2.3553433813633881E-008  -8.8729395143097581E-009   9.6805801472527166E-009   3.1340635735488855E-009  -7.7783686128426773E-014  -8.2496835288643786E-014  -2.6874315025248666E-013   2.7759568312440104E-015   4.8801736033850826E-013   1.3385724629550374E-013   1.6208487693426566E-014  -2.6290750209164072E-014   8.8934600587131790E-014   2.8833949891979408E-013   1.9459088688362282E-014  -3.0235640592927983E-013  -3.6960877177445300E-014  -6.1390373983352750E-014  -5.5162591492876314E-014  -5.3053286570387559E-011   6.9216281188512962E-011   1.9074496059965607E-005   2.4792638306566102E-011  -1.4005589248037830E-010   2.8260675350174734E-011  -2.4165973025882886E-012   8.2223356600183215E-015   2.2729181796291860E-012  -1.5466824103472477E-012   2.0974461551792431E-012   4.7888874497316949E-012  -3.4573776769065796E-015  -6.1284050057628925E-013  -3.5842335918601739E-015  -1.2373491035792744E-012  -1.8902423816591409E-008  -7.2291828839637962E-009   8.0391315922384690E-009   4.7691540160718600E-010   1.3669088963267397E-008   5.1487789180822651E-009  -5.6167507208966170E-009  -4.5441915889659881E-010   5.8650939787227639E-010   1.6138868387105673E-004   2.1464560919636404E-010  -1.2043421663721822E-009   2.3977354974365511E-010   2.2814511636772505E-008   7.6909419972996562E-009  -7.1271817500273143E-009  -4.0972474335881541E-012   1.5193201679774033E-014   3.7034358422479584E-012  -2.1299282544750110E-012   3.9499066103805174E-012   7.6269624080058076E-012  -8.6067111604361418E-015  -9.4265573044486115E-013  -3.6462804042848018E-015  -2.0577641851080844E-012  -3.0363163543823597E-009  -9.2076897664638296E-010  -1.5430622514618660E-012  -1.9332108117470209E-014   1.5593067723714225E-012  -7.3803823706664990E-013   1.5726100968921511E-012   2.8082735285549595E-012   3.4254609298839572E-014  -4.1904784635421987E-013  -2.6625646025651217E-014  -8.4989869762520485E-013  -5.2432909613861824E-010
   1.3265193582090414E-011  -3.6436947156619334E-011   2.6950253198508670E-010  -6.9337375392754431E-012  -7.7341031382985597E-009   1.6922613649044181E-013   4.8550500194432261E-014   1.5468084888611340E-008  -1.1438130234725343E-013  -7.7339817528861688E-009   7.8754092590179224E-010  -2.1617692216447282E-009   1.5903483461016378E-008  -7.7824689802083175E-010   2.4146911939659913E-009  -6.6280855060284987E-009   4.8802484533413782E-008  -3.0339398633012026E-007   6.1176046789133349E-012   7.5752732193305812E-013   6.0678612584854069E-007  -1.3799911129290358E-012  -3.0339213955114099E-007  -4.4023046795719168E-009   2.9133276135512856E-014   1.6669717540498649E-013   4.0331689408267163E-014  -2.7391832840639482E-015  -1.3105362215577901E-014  -3.6348995445884084E-014  -2.0427555225833552E-013  -1.1637452920608429E-013   1.0736757377047272E-013   5.6678723147056617E-014  -2.2240160964574107E-006   4.7266007679588408E-011   7.8983846030970914E-012   4.4480120767998301E-006  -1.4667143118377441E-011  -2.2239959804986682E-006   2.7038070322805061E-009  -7.4233959266665751E-009   5.4685806910596750E-008  -6.1801770040682843E-009  -1.0862247038167569E-013  -2.0943430423383769E-013  -1.3376298193001975E-014   2.8358650629306121E-013  -1.2925705120133768E-013  -9.2748957955000831E-014   2.9985614915092681E-013  -1.0342589267085685E-014  -1.2131355808070135E-013   2.1085275443701307E-014  -4.1872940934827328E-013   3.2223757955236998E-013   4.5197536584027568E-013  -2.2589524739957348E-013  -2.0448789781006608E-013  -9.5373336738047633E-006   2.0439729572800774E-010   3.2531696500983922E-011   1.9074585900086210E-005  -6.0845457390336240E-011  -9.5372522265038773E-006  -1.0667725604237082E-012  -2.1235130254210121E-012  -8.8473257727884430E-013   1.8758610509473967E-012  -2.3075673660241925E-014  -4.4463828329100331E-013   3.1952011158177009E-012   3.4253029504776524E-012  -2.1632988506669713E-012  -1.8936301763990520E-012   2.1040329689621047E-009  -5.8132845828708980E-009   4.4382142813206891E-008  -9.2667939962113542E-010  -1.5700183475258313E-009   4.3074244092217484E-009  -3.1734725885432406E-008  -8.0695085205336126E-005   1.7451067889790326E-009   2.7845197967091130E-010   1.6138947352306568E-004  -5.3372719462239535E-010  -8.0694388317799232E-005  -3.1779360567649447E-009   8.3648902865858343E-009  -4.8857432385422580E-008  -1.7889263796803826E-012  -3.7165869729528026E-012  -1.5602590974146043E-012   3.1700186733508441E-012  -2.4204329217421918E-014  -7.6992305288994960E-013   5.5670488554933936E-012   6.1386900661107504E-012  -3.7523926495754647E-012  -3.4125612065610323E-012   6.0906435694435158E-009   1.8803601511732341E-009  -7.2120096831509258E-013  -1.3797859830609553E-012  -5.9708552585641857E-013   1.3068918439548952E-012  -8.5432724271681771E-015  -3.3929907966323287E-013   2.0655952867729055E-012   2.3553440883351276E-012  -1.3915007875726499E-012  -1.3105286011872844E-012   1.0334973881458281E-009
  -5.0101185473219772E-011   2.3296438379119980E-010   1.1359720789181450E-010   9.3954386480846502E-012  -2.6307028234194264E-014   6.3185934141322999E-014  -1.4405302929236110E-013  -1.1438130234725343E-013   1.5467777773562506E-008   1.4068860610677048E-013  -2.9549795984295008E-009   1.3726866743983782E-008   6.6894234243018969E-009   1.0449559334519326E-009  -9.0686207385318976E-009   4.2132724562250129E-008   2.0534475214720503E-008  -5.4278504883331963E-013   5.5944329986310764E-013  -1.8444058900497922E-013  -2.0430888271009197E-012   6.0678150232492150E-007   2.5858775183107577E-012   5.9119669535004435E-009   7.0582236627912394E-014  -1.6282350806928436E-013   1.8558332440299545E-013  -3.1598891905179080E-014   5.4294369130028199E-014  -6.3097112572949972E-014   3.7099755181657701E-013  -1.5793877209143524E-013  -3.3492126304361167E-013  -2.0605147426047855E-014  -2.2548546966653628E-012   4.0818523140670110E-012  -9.0366838944159271E-012  -1.8898069605205568E-011   4.4479677032724870E-006   2.1152938679945826E-011  -1.0162263512884220E-008   4.7217997123645273E-008   2.3014469680890228E-008   8.2988522530974113E-009   9.2032767029029627E-014   6.6976737157053847E-014  -2.7872102836744635E-013  -1.7965671874427367E-013  -2.2108225739474010E-014   1.7988966058605437E-014  -9.9621731160232739E-014   4.6127055669777879E-013   4.3797815675222465E-014  -6.5089556933353220E-014  -2.2998658316557605E-014  -3.6407575258969709E-013   2.2005578268875008E-013   3.8055554981861218E-013  -1.3551313316794917E-013  -1.1800006214857094E-011   1.7674867547311517E-011  -3.3596956936517339E-011  -7.9028278509808613E-011   1.9074400489820954E-005   9.0828307811487830E-011  -2.5042156702271048E-014  -7.0099526028208536E-013  -1.0230092258724926E-012   3.1156847089898850E-014   1.5684809106435560E-012   2.4408011275862295E-015  -2.6205388171043395E-012   3.3594288275104452E-012   4.2168178540134950E-012  -1.7414648663154036E-012  -8.2774214864794026E-009   3.8750807649258485E-008   1.8948525195676913E-008   1.2511693263928383E-009   5.8970202532459523E-009  -2.7399217662234461E-008  -1.3355404945130755E-008  -9.2723228919308790E-011   1.5758335941229998E-010  -3.0285635789478113E-010  -6.8575087466189334E-010   1.6138787097374815E-004   7.7847410300673728E-010   8.8283057253327400E-009  -3.8612080782463554E-008  -1.8332682270676678E-008  -7.3802337605147409E-015  -1.5954454906706789E-012  -1.5872136250804224E-012   1.3481788439894781E-014   2.6431655081289036E-012  -3.5801523823461433E-015  -4.2175130568704636E-012   5.7916842880859931E-012   7.2538331966681749E-012  -3.1338276121534606E-012  -8.1299432855970095E-009  -2.4946405631256847E-009   3.6744776798218690E-014  -6.5224033452078498E-013  -5.5649857022220810E-013  -2.2450092110041746E-014   1.1013458900704264E-012  -2.6848241101271308E-014  -1.5599252596201631E-012   2.1576427846932575E-012   2.7450992812371729E-012  -1.1934222428833341E-012  -1.3879117599692980E-009
  -2.3671663243886598E-011  -4.6991224429960966E-011  -2.4017790272555898E-010   9.2279308186738425E-012  -7.7339224482761284E-009  -1.9310359543685604E-013   4.1900814869951556E-015  -7.7339817528861688E-009   1.4068860610677048E-013   1.5467904186564836E-008  -1.3931419768749292E-009  -2.7647986023158751E-009  -1.4181869588852438E-008   1.0543952537137168E-009  -4.2770793210658431E-009  -8.4881212892863884E-009  -4.3515269971055100E-008  -3.0339133509919665E-007  -3.7885465425594790E-012  -5.5668316451895816E-013  -3.0339231828570152E-007   2.3846407452523931E-012   6.0678365330212167E-007   5.9594916884839553E-009  -1.9956025544661594E-014  -3.2446482039426493E-013   4.3865043002982666E-013  -1.7218704229797947E-015   4.2010043352747056E-014   2.8494217544456094E-014   2.4103399282803478E-013   4.0202710955999745E-013   1.0840724819467437E-015  -6.2660414713367766E-013  -2.2239884525189371E-006  -2.7248952007788880E-011  -5.3462901509658831E-012  -2.2239969109068765E-006   1.9849983725413265E-011   4.4479853632051234E-006  -4.7947756372881850E-009  -9.5138848058189374E-009  -4.8758586264983352E-008   8.3618672584570885E-009   2.3528636124418541E-013  -2.6377830253599580E-013  -9.5567578936621240E-014  -1.8331143875948310E-013   1.5963581800856234E-017  -2.2997353899168387E-013  -1.0949378950417989E-014  -2.0873725288846653E-016   3.6858589409290448E-013   9.5723116826302404E-014   2.6372959875900987E-013  -1.1555427791126458E-013  -2.7994247234659956E-013   1.1554247648503623E-013   2.9029283334078320E-013  -9.5372218784946527E-006  -1.2071748641284616E-010  -2.2440849744851922E-011  -9.5372563664037955E-006   8.5295868289357858E-011   1.9074478244733909E-005  -1.1391258708558207E-012  -3.8263135987313513E-013  -3.0319345213820931E-012  -3.9427499826330654E-013   1.6821500626116852E-014   1.9225701697253314E-012  -1.7816711052916491E-012  -3.0524432971387945E-012   2.7729943258581853E-012   4.5350279640064049E-012  -3.9842782897938573E-009  -7.8724052752750415E-009  -3.9386100934863684E-008   1.2575302867026587E-009   2.7824755786173488E-009   5.5207225949868259E-009   2.8295977649492939E-008  -8.0694114283731320E-005  -1.0372840472410321E-009  -1.8876106339549289E-010  -8.0694422067064672E-005   7.3139622025481267E-010   1.6138853635082445E-004   3.5192098212751828E-009   7.2500789106626773E-009   4.5107824200420892E-008  -1.8146957100632120E-012  -1.0173622592467307E-012  -4.8991501587989458E-012  -7.5407023907949105E-013   5.0005890932097492E-015   3.1887390699305883E-012  -2.9210871386290413E-012  -4.9040088995591705E-012   4.9364117842732013E-012   7.3068434541242938E-012  -8.2199075185664299E-009  -2.5306248273378167E-009  -7.7733086667215923E-013  -4.8354682462583878E-013  -1.8109758772235530E-012  -3.0159796409803331E-013   3.6632519203561189E-016   1.3444969155724923E-012  -1.0468549074028312E-012  -1.8132392751650860E-012   1.8880500436072528E-012   2.7013306070519172E-012  -1.3986958953016047E-009
   5.5725582520792477E-004   9.9421144756999953E-009  -5.8597994283237521E-010  -1.9140967617452371E-008   6.0560226816308853E-010   1.3694662627809966E-008  -6.8520819540562079E-009   7.8754092590179224E-010  -2.9549795984295008E-009  -1.3931419768749292E-009   3.2872945738059579E-002   8.8117416013122057E-008   3.6122885495607612E-008  -1.4954756290700244E-008  0.10088005142590607        7.1698384667282234E-008   8.3002417754943044E-008   8.1187183955524758E-009   2.7731848917276143E-008   3.4743664951212275E-009  -3.9045896270011389E-009  -3.3899281106043404E-009  -4.2140985378685887E-009   4.0175749413621000E-010  -4.8468083150412509E-009   2.7919560974154257E-009   1.7504987980353511E-009   5.6208618792958167E-009  -1.5521013470696950E-009   8.8173465238550405E-010  -6.0518194842175996E-009  -1.3728286101058155E-009   5.3274114579216671E-009  -2.8149695424387011E-010   3.4630387876553849E-009   8.1841245043454683E-009   5.6691606545335231E-009  -1.7955003490230389E-009  -7.8480980190344727E-010  -1.6674321023780249E-009  0.11304427878186421        7.6521276006059087E-008   8.8202522632231452E-008  -2.1569338720575327E-008   4.8718788632991588E-011  -7.0583592140887391E-010   3.4619260123831680E-010  -1.5134924966591332E-010   3.3233625384927558E-011   6.5759363518559153E-011   6.1828796582280573E-010  -8.9209406862234765E-010   1.1745779258892534E-010   3.1873500619886348E-010   1.0086444424095528E-010   1.5484893669038018E-011  -2.5840499509748784E-011  -4.0255751221158196E-011  -2.2729826170777116E-011   7.2121693845375415E-009   1.3024693242787604E-008   1.2034377822219640E-008  -3.4477300331704054E-009  -3.5200390281102326E-010  -3.7643217968996756E-009  -2.4741302904675939E-009   1.5595072852340614E-009   1.4715156604244861E-009   3.1717262309671645E-009  -2.0552478262270714E-010   1.4758786364064161E-010  -3.2576298100536619E-009  -1.1473833361460777E-009   2.8110639976363004E-009  -2.4159080747369666E-010   9.1873639570983351E-002   6.2579368165299147E-008   7.2709350455413887E-008  -4.5233225299808821E-009  -6.5607760803099921E-002  -4.6550437068278446E-008  -5.2161158973046552E-008  -1.5385522343847866E-008  -2.7988843703013056E-008  -2.0261164301750486E-008   7.3963979660486844E-009   8.8612217878118724E-010   7.9891264052285824E-009 -0.10007147196768945       -7.6007875897460880E-008  -8.0467732138191344E-008  -1.9421125373094579E-009   1.1715814510330773E-009   9.7899948781040001E-010   2.5941331227453031E-009  -1.6390642515682101E-010   1.1464835517978358E-011  -2.4343379161556805E-009  -7.6276432067061949E-010   2.0944262885155834E-009  -1.6117094342262868E-010   2.2050900536470754E-008   7.3564204278906623E-009  -4.7360197416321748E-010   3.0068355678327852E-010   2.5712375835498373E-010   6.3656121351639517E-010  -8.4353752037651707E-012  -1.1684975802849720E-012  -6.3436490141967941E-010  -2.1379249741144171E-010   5.5040641861632799E-010  -3.2297055374095257E-011   4.3742423508323665E-009
   2.2892419431042850E-009   5.5724363736766214E-004   8.7236268655998920E-009  -5.2156034796881461E-008   4.9265690580022114E-009   4.5693242451942380E-009  -2.5800710925265548E-009  -2.1617692216447282E-009   1.3726866743983782E-008  -2.7647986023158751E-009   8.8117416013122057E-008   3.2872980691601619E-002   1.7218320702643170E-008   1.2235716817951332E-008   1.7447974221202542E-007  0.10088010896754598        1.6110723818124119E-008   4.1079240306437918E-009   9.3780125122751555E-009  -2.1968983591159030E-009   5.7519968802191468E-009   3.2709912062622937E-008  -9.8599567390968254E-009  -5.7726489339821533E-009  -9.9331343982188359E-010   3.9439215175019591E-009  -1.1239881542287681E-009  -2.8654591175405546E-009  -1.3077800066579180E-010   4.1981276105223031E-009  -4.6008870629438981E-009   4.5704796669441550E-009   2.2288816599707358E-009  -2.5688633405510327E-009   3.3962939818635425E-010   3.2353035477721144E-009  -4.8392408291600935E-010   2.3903619297342990E-009   1.3136038950393638E-008  -2.7301469634204363E-009   1.8238928418869449E-007  0.11304432489670996        2.2770751379097615E-008  -5.0932622899377934E-009   3.9789257541157561E-010   1.1431790702038892E-010   3.1284854339743312E-012  -7.3100485152604251E-010   4.8540366364151537E-010   3.2074575672491263E-011  -1.2964753428308421E-010   5.1533004120854349E-011   2.0566640583759261E-011  -4.1538937636755460E-011   4.6416168702992272E-010  -1.3646392594825222E-009  -8.4336325651783421E-011   1.0028408108633308E-009   2.9758815669735291E-011  -3.9113823700103424E-009   7.0465689199756848E-009  -3.5694424220025522E-010   1.0117506758441318E-008   1.7817319066436247E-008  -6.2063115043925544E-009  -6.7720657955969026E-010   3.5437160213671727E-009  -8.1215226109238347E-010  -1.7706759980967665E-009  -4.4970967267474649E-010   2.6792411528243378E-009  -3.7796991785938725E-009   3.4748595204914570E-009   1.5273975273008835E-009  -1.9846654917725570E-009   1.5113861831026251E-007   9.1873684139477191E-002   1.5664015903624498E-008  -8.3000423349714296E-009  -1.0880038360792602E-007  -6.5607792096397000E-002  -1.2078983385341408E-008   8.5934144081225473E-009  -1.4193533233958525E-008   6.1026616461971031E-010  -2.2258581242164688E-008  -3.1842258493514447E-008   1.3665163310135607E-008  -1.6948020749211475E-007 -0.10007152049430652       -1.9718993055343833E-008  -4.7099811062865446E-010   2.2503043371991862E-009  -5.8258442710164677E-010  -1.2709193536845269E-009  -2.7949944889265967E-010   1.9028285616483633E-009  -2.3096425598745106E-009   2.5335530491829531E-009   8.4843463365634540E-010  -1.4541663187201035E-009   1.6058012066189597E-008   5.4582004658510927E-009  -1.2591557407264756E-010   6.9200760400396117E-010  -1.6166200028649830E-010  -3.5167737329844591E-010  -1.0791928324335600E-010   5.2061060190498765E-010  -7.1322014912173032E-010   7.1584866742923147E-010   2.6489039950712229E-010  -4.1306592452666616E-010   3.5529175098768949E-009
  -3.0620085527778319E-009   1.0575507340493912E-008   5.5725356053094735E-004   6.2688849110749897E-008  -1.7216124281646162E-009  -1.9670339214980188E-009   2.8128160492531504E-009   1.5903483461016378E-008   6.6894234243018969E-009  -1.4181869588852438E-008   3.6122885495607612E-008   1.7218320702643170E-008   3.2873050633541394E-002   1.1134879764661741E-009   2.0629656325512396E-008   2.2752434304905640E-008  0.10088020223599084       -1.0595728439583051E-008  -1.5852862287545900E-009   9.3381383713676329E-009   1.3196442686924716E-008   1.5231865379754795E-008  -2.6006649579626130E-009  -4.0658672111574927E-008   8.2676473767510742E-010  -1.3797350068338787E-009  -2.1396345373424717E-009  -1.8419198492407983E-009   6.4871943626575090E-009   7.3269675392625906E-010   2.6657127246273712E-009   3.4765064377624809E-009  -2.1966910275225052E-009  -9.9646025106859717E-010  -5.3517080256738045E-009  -5.0865974785708647E-010   3.4050441876132612E-009   6.0381143355855671E-010   4.9122884628504433E-009   4.7480754785111991E-009   1.7909206788105978E-008   3.2806800517383546E-008  0.11304443122948520       -4.1968287389920193E-008  -2.2287566044097069E-010  -5.9594470474944250E-011   3.2695257433779158E-011   1.5256334964275028E-010  -4.2337984510052563E-010   2.3892777232179947E-010   9.2021522135836074E-012  -8.2601545527165692E-011   6.7608430388408510E-011   2.8872297804988472E-011   7.3387491255367501E-010   3.7354675369596511E-010  -1.4417181894628004E-009  -5.7977998600270725E-011   6.8471025821479630E-010  -8.5470810050004720E-009  -3.0767054352295593E-010   6.5406264497049816E-009  -3.7706444119802258E-009   1.0754125954741981E-008   1.2317933032001052E-008   1.1816634693626512E-010  -1.4715543983906677E-009  -8.9820386534626226E-010  -8.1410665396559108E-010   4.2514545655845787E-009   6.5556718008796579E-010   1.9346219034310313E-009   1.5491203899369310E-009  -1.1240085263289240E-009  -4.8518262849025838E-010   1.5546330016879214E-008   2.3901055823872417E-008   9.1873767802710227E-002  -1.7792207067836627E-008  -1.1873988293401331E-008  -1.7723267929898748E-008  -6.5607853617911466E-002   1.5227056723044859E-008   4.4117451842131770E-010  -1.4071698820018242E-008   5.8407673056116820E-009  -2.3074394643140422E-008  -2.1067822246173222E-008  -2.0040891016096004E-008  -2.8009167314981440E-008 -0.10007161820737248        1.6598156648624198E-010  -1.0085775829307200E-009  -7.3154921300972491E-010  -6.2689399209567003E-010   3.0432614531488579E-009   4.0420524959306305E-010   1.2711592822418546E-009   1.5266191605628416E-009  -6.9686029666277032E-010  -5.9261134127374064E-010   4.3544424090021231E-008   1.2519686036481302E-008   4.1166458357666728E-011  -3.0390141396192054E-010  -1.6704887527525982E-010  -1.4891515551600213E-010   8.2411263297644709E-010   9.3684281593209050E-011   3.5526458888817397E-010   3.4274029179629611E-010  -1.7273588829634314E-010  -1.3094106736082225E-010   8.4796703404548127E-009
