   2.3874071106757762E-005   1.3545220526432784E-017   5.2665679927653327E-019   1.8130083209376098E-019   3.8605743632335288E-018  -1.0599874089588746E-018  -7.6484123519047689E-018  -3.8130119010984270E-016   3.5903968702355158E-017  -9.0366774130080275E-017   1.5380449737936604E-003  -1.8353236528085427E-016   1.0896420294447725E-017  -5.1502039880279814E-017   6.6283090085728534E-017  -1.5137508324292058E-020   2.3356555325774178E-018   1.2464513537136919E-016  -3.0898843000748643E-019   1.3812070938565200E-016   4.0835789047947851E-003   8.1990399559976937E-020   3.6101950064958772E-019  -7.6150879696861117E-020   1.7302418223297884E-020  -3.8920698716030026E-021   2.6235526430974938E-020  -1.0704391613955900E-019  -8.3801058785339581E-020  -4.1883504241991107E-019   5.3743656339852980E-019  -2.2935933972467538E-016   1.9310439258679955E-017  -5.4735164553726377E-017   5.0156664850607474E-016  -1.5390640686047086E-018  -1.4102000177154921E-018   3.7243154642757481E-017   1.2767566175841894E-018   2.6025611776768370E-016   2.2098313778524331E-003  -2.5120803614419038E-016   5.4757680898020735E-019  -1.3516613111597704E-020  -2.4960723952448079E-016  -5.1076508974591608E-020  -2.1395533991871067E-016   5.4912398285800069E-019   1.6604781102336449E-020   1.0319759028445110E-019  -1.9781955482702527E-020  -3.1265875681971097E-016   1.8703254234681964E-019  -1.0071503002320475E-016   1.0414685089234270E-019  -3.5404771252664385E-016  -1.7029319323691234E-016   1.4528001431574846E-017  -4.2315612237629791E-017  -3.3748013891312929E-020  -2.2358428750602850E-019   8.0006876906235611E-020  -2.1496482728303141E-020   1.0282338452914099E-021  -2.2325731639250501E-020  -1.1547483333095818E-020   8.3252088643130994E-020   1.9720664488639270E-019  -2.1968370026324010E-019  -5.6004073045348585E-016   4.4983066798479767E-019   4.7766772534903158E-019  -6.2317970783042726E-016  -2.6257429095196853E-019  -6.9178172870546669E-016  -8.2660203447742814E-004  -1.2436292121336243E-003  -1.1499509280074717E-003  -9.9047140606975691E-005
   1.3545220526432784E-017   1.4506127937326992E-028   3.3886418353100772E-030  -1.0834110750551293E-029   1.1989737345751728E-028   8.0304088278393625E-030   8.5827994832988907E-029   2.1426474680247101E-016   5.9485471807793644E-017   1.3272116151290730E-016   1.2595631178822750E-015   1.0389972597448440E-016   2.8845268820582360E-017   6.4358194794031220E-017   3.3147672248309214E-028  -3.0562014833406253E-030   1.3088766040318692E-029   4.0421446725830522E-028  -1.0508449821730891E-029   4.1761684169744500E-028   3.2421813480975936E-015   8.2350664074508249E-030   6.8667797140282529E-031   4.3036224579137532E-031   3.7449220784876976E-030   2.4155464179668478E-032   3.7851922906019848E-030  -2.0713962457163207E-031   4.4367600023116733E-031  -9.6737178747085361E-031   1.1903432130257876E-030   1.2831080957869001E-016   3.5622421138955269E-017   7.9479055402648556E-017   1.0313660923754678E-027   7.1081810512598052E-033  -6.6325094773711488E-030   6.0811971611493884E-028   9.2013554778169662E-030   8.7680887781452965E-028   1.9474168514713626E-015  -7.9497066877089343E-028  -9.4478298887688140E-032  -7.7020873877852812E-031  -5.9505023929539848E-028  -1.7946624174664049E-032  -5.5819886879609030E-028  -9.4027532315486488E-032  -4.5045517511825601E-031  -4.1199259309408801E-031  -7.6119006340284196E-031  -8.9311826747658456E-028  -2.7582601295018728E-031  -3.8895742506047318E-028  -2.1549258962443036E-031  -9.3023131674815299E-028   9.6375317646087714E-017   2.6756297180738895E-017   5.9697380413942229E-017   5.4849287496068148E-030  -8.4479494562456396E-031   9.1921251802572198E-031   2.8518472011560670E-030  -1.5990814397361221E-032   2.8233798422485570E-030   4.6921815227576783E-031   8.6446024291009591E-031   1.3639764660830296E-030   1.8295104855520737E-030  -1.3844848285405895E-027  -1.8355048244857962E-030   4.5639331105595239E-030  -1.5761840589588852E-027  -2.8232408839688369E-030  -1.7602670491424127E-027   2.3212746312684346E-015   5.2277025295929056E-015   8.0466560263568656E-015  -8.6837832597157951E-017
   5.2665679927653327E-019   3.3886418353100772E-030   8.5805872088138418E-032  -2.4250256965350744E-031   2.7385181510463102E-030   1.7463551146424318E-031   1.8608866209571318E-030  -1.7354722906986220E-019  -1.7236519348886117E-017   6.4344595470229811E-019   4.2719718831457083E-017  -8.4155278985567656E-020  -8.3582094760291332E-018   3.1201520255027046E-019   8.0782630021563436E-030  -7.2628710288006141E-032   3.2434869714868237E-031   1.0256636008966419E-029  -2.4179891767578444E-031   1.0691756154127448E-029   1.1110509569183317E-016  -4.5443407128417877E-032   1.8948855377017694E-032  -1.0763333592681136E-033  -1.4601961817286512E-032  -2.1646703558314381E-034  -1.5007423702823224E-032  -1.8657744088929125E-032  -5.8856397382332762E-034  -3.0060625884313918E-032   1.0873849153067830E-032  -1.0392743460796098E-019  -1.0321958161477658E-017   3.8532270287149465E-019   2.7984975754654971E-029  -1.8515579623589762E-033  -1.9440008622518066E-031   1.4115884751871921E-029   2.1834738759330842E-031   2.2238874005557616E-029   6.4507268605100684E-017  -2.0368465814206419E-029  -1.6364752283489632E-033  -6.1296018841784758E-033  -1.5810019669564834E-029  -4.7978139693800181E-034  -1.4641905721240421E-029  -1.4438690846387117E-033  -4.7886213196950153E-033  -1.0400581699426966E-032  -5.5166087591884251E-033  -2.3163182976157244E-029  -3.2511800331217460E-033  -9.7584032759434182E-030  -3.0105254204360315E-033  -2.4370504819559346E-029  -7.8060761640846799E-020  -7.7529087362806686E-018   2.8941909109151824E-019  -2.3019334117644730E-032  -1.4276774348011488E-031   6.3096336922200668E-033  -1.9045554021473539E-033  -2.9904092442941029E-034  -7.4050269450967676E-034  -2.4998582878552894E-031   5.6522477792488629E-033  -7.8645762029918175E-032   4.6776917311921534E-033  -3.6606566358827130E-029  -3.9686871924292159E-032   1.1249033563641118E-031  -4.1541280255535078E-029  -6.6060856821080691E-032  -4.6348273341981178E-029   4.5157032926031790E-017   1.0736390669370423E-016   1.7226658897307834E-016  -2.8811198797285033E-018
   1.8130083209376098E-019  -1.0834110750551293E-029  -2.4250256965350744E-031   8.9219924443013104E-031  -9.2485466611808577E-030  -6.9367215369717483E-031  -7.1675905815058502E-030  -6.8859701677629779E-020  -1.1688060720175518E-017   2.5035026315305466E-017  -1.9406477897586602E-017  -3.3390953210190568E-020  -5.6676906683065575E-018   1.2139805603775866E-017  -2.2515697970885898E-029   2.5260949367263779E-031  -9.4615856915832256E-031  -2.5369227582880143E-029   8.0541861621969207E-031  -2.5712531387912125E-029  -4.3329134933589734E-017  -1.6983408028111017E-032  -1.1567689973648381E-032   9.1206959881400069E-032  -3.0860053785802399E-032  -1.3826454243188991E-033  -2.7987065680183827E-032   5.8038069240341900E-032   8.7386627168295425E-032   7.6794752272759139E-032   1.9866600286748473E-031  -4.1236107205603196E-020  -6.9993060257991824E-018   1.4992034584683433E-017  -5.5758320386672616E-029  -1.0480996352737903E-031   5.2392198601438812E-031  -4.6083542012869887E-029  -5.8720393651151659E-031  -5.5888116273733274E-029  -3.8945850262226447E-017   5.0491652710858526E-029   4.4655312137612148E-032   3.6812122325094133E-032   3.4464125131715606E-029  -1.4650076956825881E-032   3.3411444376069180E-029   4.5065618537944252E-032   2.5949288148625175E-032   4.2422528731693876E-032   3.6492074308404165E-032   5.4910782285414755E-029   1.7000690955053088E-033   2.5778437649192777E-029  -7.6625889209903875E-033   5.5733944287998767E-029  -3.0972783536603659E-020  -5.2572370461487324E-018   1.1260642030114022E-017   3.8229834059927510E-032   1.5667356529886212E-032   1.6667684721793965E-031  -1.5027064497971296E-032   1.6206167970554283E-033  -1.6951445095257845E-032  -1.2232109061172695E-031   1.6442610871814915E-031  -1.3543748939225220E-031   3.8594897867429828E-031   8.1501661069449605E-029   1.7497693501458174E-031  -3.5131970622062784E-031   9.3488661459975431E-029   1.9992835048223688E-031   1.0464242835705164E-028  -2.3044656861535925E-016  -4.8612487583116959E-016  -7.0761828214121015E-016   1.7096374576074998E-018
   3.8605743632335288E-018   1.1989737345751728E-028   2.7385181510463102E-030  -9.2485466611808577E-030   1.0193867385812445E-028   7.2409737326228243E-030   7.6318155422788097E-029   2.2544154389677195E-016  -8.5310576862505951E-018   2.9126706214420863E-016   5.7922090317953830E-016   1.0931949834814747E-016  -4.1368193746426843E-018   1.4123913706661844E-016   2.6438671070984976E-028  -2.5741754648241031E-030   1.0338625399066775E-029   3.0708121657628643E-028  -8.9874613084210031E-030   3.1428141938804076E-028   1.4507187161657521E-015   8.6566100379593205E-030   5.3934142361972521E-031   1.0227558665905451E-030   3.8844822585383206E-030   2.5369925353984896E-032   3.9328295777371676E-030  -3.1993111478599712E-032   1.0257887549467614E-030  -6.3819618880838088E-031   2.1364051310484107E-030   1.3500394928117617E-016  -5.1087588351379540E-018   1.7442305887953399E-016   7.2091949324576599E-028   4.1734684638296730E-031  -4.9113495950096083E-030   5.1119336568540031E-028   7.8639663636703987E-030   6.6825932543587282E-028   9.4983434011657422E-016  -5.9797840178680978E-028  -2.2808855960186438E-031  -7.6371017635869262E-031  -4.2800496179724185E-028  -6.5255292778522807E-032  -4.0797449938144266E-028  -2.2612121200766890E-031  -4.4038813364656295E-031  -3.7081049576075276E-031  -7.4982949111363756E-031  -6.6298907266320871E-028  -4.4640574719502363E-031  -3.0027719223787357E-028  -3.6889915341934137E-031  -6.8109144102177106E-028   1.0140259061704426E-016  -3.8372313067815220E-018   1.3101061211842292E-016   5.9247880167285668E-030  -1.0240351650417165E-030   1.9310642730390477E-030   2.9943522109645545E-030  -1.2633247304142824E-032   2.9609122324150371E-030  -3.9122761553937102E-031   1.8491952634910404E-030   7.5872972871444447E-031   4.3355440695404185E-030  -1.0014871571184549E-027  -1.6996720123108924E-030   3.6983221340155539E-030  -1.1451334282525621E-027  -2.3905625529382995E-030  -1.2801491264698798E-027   2.2496939775349696E-015   4.8669504495668923E-015   7.2445724391702631E-015  -4.2190327934446387E-017
  -1.0599874089588746E-018   8.0304088278393625E-030   1.7463551146424318E-031  -6.9367215369717483E-031   7.2409737326228243E-030   5.9317714710837678E-031   6.0087714493377660E-030   6.3608922915932152E-018  -1.1548091456650797E-017   1.2347014742558351E-017  -4.3908181810274322E-017   3.0844783190538170E-018  -5.5998177758124250E-018   5.9872259319335902E-018   1.5580651104247358E-029  -1.9312064014850392E-031   6.3881964713962677E-031   1.5460038727797793E-029  -6.4072053863346325E-031   1.5234024267716537E-029  -1.2300589439822222E-016   2.3116519592288156E-031   9.6008067781146119E-033   4.4228250816129585E-032   1.1514475541538972E-031   1.4907495912794952E-033   1.1522506797257469E-031  -2.4579247901440301E-032   4.5613369391241293E-032  -3.5141259501046845E-032   5.4710788666528450E-032   3.8091718388446860E-018  -6.9154864997826830E-018   7.3939156167321483E-018   2.4786643405080749E-029   1.3131833635687731E-031  -3.1699898997760885E-031   3.5398495010796084E-029   4.8815640521340578E-031   3.4421224156899979E-029  -5.4410168900997967E-017  -2.9954533121015929E-029  -5.2784707662240218E-032  -4.2914841657162877E-032  -1.7496550829537037E-029   1.2358962973594975E-033  -1.8027218849645150E-029  -5.2690526364663250E-032  -2.7606927262798775E-032  -3.5510185911467894E-032  -4.1401006698974664E-032  -3.1248567983607664E-029  -3.5981675720736386E-032  -1.6449590156287480E-029  -2.5798862912814263E-032  -3.0251424837558898E-029   2.8611006909130183E-018  -5.1942795021097131E-018   5.5536315962047262E-018   1.5115296330642300E-031  -1.3633236474404219E-031   7.7175648436201266E-032   9.3037338455943311E-032  -1.0249274255920657E-033   9.3520759149992312E-032  -1.8648091018431512E-031   7.2752666977845889E-032  -2.2772992778345434E-032   1.9244064075699969E-031  -4.2349590179969894E-029  -1.5305396409998990E-031   2.5091642277214745E-031  -4.9377633164724989E-029  -1.5838954262660050E-031  -5.5472449329492572E-029   2.1250575089759182E-016   4.2905408522268300E-016   5.9915954105501433E-016   2.4669266747809263E-018
  -7.6484123519047689E-018   8.5827994832988907E-029   1.8608866209571318E-030  -7.1675905815058502E-030   7.6318155422788097E-029   6.0087714493377660E-030   6.1930597500416102E-029   2.5581739175625312E-016  -1.0506045606199632E-017   1.7712417138035766E-016  -2.3995955695681275E-016   1.2404913687217311E-016  -5.0945163674849856E-018   8.5889784224955121E-017   1.7275070007682283E-028  -1.9610058592346769E-030   6.8943990450984431E-030   1.7963229510833035E-028  -6.7165402714154860E-030   1.7911366381632825E-028  -7.0374779653412783E-016   9.3164663406692736E-030   3.7697110462309550E-031   6.9015937070194929E-031   4.1085522162515551E-030   1.8114836533005684E-032   4.1618368726137734E-030   2.7343992947305140E-031   6.9683098464125693E-031  -1.8942891297539131E-031   1.1287500740640824E-030   1.5319429411696419E-016  -6.2914652891786370E-018   1.0606945923177802E-016   3.2866212818302967E-028   1.0041372461180926E-030  -3.2434025020465340E-030   3.7394057435520736E-028   5.3613203011972276E-030   3.9511951463765056E-028  -2.5481129087805544E-016  -3.4588816841773682E-028  -4.1630874787520368E-031  -5.3530005709192146E-031  -2.1648210464158125E-028  -1.2973138222240696E-032  -2.1700285926841530E-028  -4.1587031378108431E-031  -3.2467129497994406E-031  -3.2859553503832890E-031  -5.2194315568136986E-031  -3.6804517067148653E-028  -3.9194144832870480E-031  -1.8483627507812020E-028  -2.9665111402605860E-031  -3.6354866592393482E-028   1.1506551011226675E-016  -4.7255719739818007E-018   7.9669654174698031E-017   6.7458550272145243E-030  -6.8379523533672458E-031   1.1573213933587554E-030   3.2787115977448995E-030  -1.0030128813365322E-032   3.2332226863037740E-030  -2.8306610412512511E-031   1.1026005058412416E-030   4.9855622194291789E-031   2.7576208791187559E-030  -5.1736497938826870E-028  -1.4997361804013300E-030   2.6335502570938795E-030  -5.9911257893372550E-028  -1.6985614930525824E-030  -6.7192704855237035E-028   2.0876206447565544E-015   4.2744881257130570E-015   6.0513091568533446E-015   1.1713331226696836E-017
  -3.8130119010984270E-016   2.1426474680247101E-016  -1.7354722906986220E-019  -6.8859701677629779E-020   2.2544154389677195E-016   6.3608922915932152E-018   2.5581739175625312E-016   8.0133768949203932E-002   5.5643118964440037E-016   8.0560738924724924E-017  -1.5205559308413306E-015   3.8857893140956515E-002  -3.2151627201623463E-016  -2.5307085709432395E-017   5.5507950400965340E-016   9.4967505846605020E-018  -1.8299706300031263E-018   5.6262915951918463E-016  -5.6200884473660465E-018   5.4358421361452357E-016  -8.3290917316351782E-016   2.7312743856219197E-015   1.1496913701470705E-016   3.0548664137584451E-017   1.1466057783502628E-015  -1.1742936625783520E-018   1.1675172334773152E-015   2.3547866573632107E-016   2.8983303337453315E-017   1.0532769883491223E-016   5.6039673642120058E-017   4.7987496412293502E-002  -1.0255973745865586E-016  -8.6587660688755142E-017   4.2746541819742991E-016  -2.5410768419951370E-017  -8.2790811571726615E-018   3.8610919322644369E-016   1.4308661317502121E-017   3.8841232073357370E-016   6.1114924727466082E-016  -8.6688516820353774E-017   1.0481842881638099E-017   3.7239430464210273E-018  -4.5017655011208862E-017  -1.8668785177957770E-018  -4.2821424610202220E-017   1.0449959318925100E-017   1.6544064698376542E-018   5.1183676553307237E-018   4.1365053865158113E-018  -6.2002336981572108E-017  -4.3549127897643283E-018  -3.4828902183303763E-017  -4.8565961260150758E-018  -5.8315665613588790E-017   3.6043808194808437E-002   1.5582173387063771E-016   3.4268129602751463E-017   2.1467263262660653E-015   2.3854360843629132E-017   1.3185680674825471E-017   9.5717744073654343E-016   2.9584525435385633E-019   9.3739556740143086E-016   6.1360914252809928E-017   1.3588427258591729E-017   2.6711078792053433E-017   2.9406541066936624E-017  -1.8800141559251992E-017   4.2880498498120125E-018   1.3198190474914652E-018  -1.2740648036803633E-017  -2.3150923116437655E-018  -1.5048963195277145E-017   5.9447187744491831E-017  -4.0891136315770522E-017  -5.7977767517242234E-017   5.4519049485869112E-018
   3.5903968702355158E-017   5.9485471807793644E-017  -1.7236519348886117E-017  -1.1688060720175518E-017  -8.5310576862505951E-018  -1.1548091456650797E-017  -1.0506045606199632E-017   5.5643118964440037E-016   8.0133768949198395E-002   4.9354915770614453E-017   2.3302626798595384E-016  -2.4713689719625554E-016   3.8857893140959651E-002  -2.1556423818991481E-017  -2.4877763536581172E-017   8.7098737868732264E-018  -1.7792889508187503E-017   4.4471349776038188E-017   8.3577822614901305E-018   1.3946283520987982E-017   9.5777286528992182E-016   2.4293260787877389E-016  -3.0534316923952861E-017   1.7462057180587328E-019   1.0991875223798447E-016   3.0961384609697525E-018   1.0995942746594045E-016  -6.8389501924575524E-018   7.5815926576579233E-020  -9.6985722659668669E-018   3.0032494722644202E-018  -5.1679597694353431E-017   4.7987496412295855E-002   4.6842616049057773E-017  -1.4746561346612848E-017  -3.9439926112973777E-017   1.1274914414337650E-016  -1.2611755648735771E-016  -1.6331180802842810E-017   5.8301404079978941E-018   2.0764678984874472E-016   3.9684277744735953E-017   1.4610695921670874E-017  -4.2308460161064687E-017   3.7903320825824077E-017   2.4541035552595436E-018   1.7382768205350952E-017   1.3807858859139549E-017  -1.9498035760752958E-017   6.2382784201712799E-018  -4.4557834677356079E-017   9.5997327677056620E-017   3.9212735872933563E-018   3.1442982195831239E-017   5.6108838297155490E-018   1.8679553888780043E-017   1.9217688206934510E-016   3.6043808194806924E-002   8.5448683719014804E-018   4.5628346271999084E-017   5.1765511240615080E-016  -4.3457209199116466E-018   2.3502817599507100E-017  -3.6988224739546691E-019   2.1070221349083684E-017   1.1070450594695810E-015  -4.8636531436241737E-018   4.7354133254787385E-016  -1.1548211934591443E-017   6.0591343007981613E-017   6.9988468123919334E-018  -1.6065813156924264E-017   7.7411069066310496E-017   2.0351111241839633E-018   5.6488082227451301E-017  -3.8283041418005775E-018  -1.0633702354244907E-016  -1.6652071340903218E-017  -2.1573338319396646E-017
  -9.0366774130080275E-017   1.3272116151290730E-016   6.4344595470229811E-019   2.5035026315305466E-017   2.9126706214420863E-016   1.2347014742558351E-017   1.7712417138035766E-016   8.0560738924724924E-017   4.9354915770614453E-017   8.0133768949199990E-002  -2.0568573943963535E-015  -1.7775268742447233E-016   3.1717431054252290E-017   3.8857893140958298E-002   1.0541160639327398E-015   1.4811399396788691E-017  -4.4782550601654482E-017   8.0973872478588072E-016  -4.5966018474710711E-017   8.5084320374483232E-016  -1.7500152926613824E-015   1.7247144977750361E-016  -6.3494547478055301E-018   2.7680505094169680E-016   7.4615919105497616E-017   2.8804139325532772E-018   7.7225761932117670E-017  -8.7172089061372145E-018   2.7227621184906664E-016  -4.5429996053539800E-018   5.7014778280310995E-016  -2.4132476887043379E-016   3.9041442604845291E-017   4.7987496412295855E-002   7.5806119420045192E-016  -4.5706974432765952E-017   1.7407569834392921E-016   1.5688702647264035E-015   1.7884417999012299E-016   1.4204895705409119E-015   1.4292447099950397E-015   8.6485952487354051E-018   1.5632857958674346E-017  -6.4632216594966813E-017  -1.2627565859457874E-016  -2.8654266041262231E-017  -1.0405229241267817E-016   1.6310447023525711E-017  -2.9537537860327997E-017   7.3587221010414240E-018  -6.3609787483620919E-017  -4.3757657386099907E-016  -6.5402906261929531E-017  -2.3490469857983587E-016  -6.5077270426773121E-017  -3.5915138566668708E-016   5.0712427240746592E-017   1.3354039102095695E-017   3.6043808194807209E-002   5.6817009676386725E-017  -1.7659384151184141E-018   5.2320431623156956E-016   2.7981461426399981E-017   4.1763697419463790E-019   2.7656826238824180E-017  -3.7961767254102519E-018   5.0759652554644507E-016  -2.7595175967905435E-018   1.2061787871454057E-015   1.3916298345980009E-016   7.3589326968920234E-018  -2.6311260319387502E-017   1.2333839508414355E-017  -2.7515418027331865E-017   3.7462359742938621E-017   8.2374740928516481E-017  -3.9728204455250021E-016  -4.6977942573038562E-016  -2.4527202292518402E-017
   1.5380449737936604E-003   1.2595631178822750E-015   4.2719718831457083E-017  -1.9406477897586602E-017   5.7922090317953830E-016  -4.3908181810274322E-017  -2.3995955695681275E-016  -1.5205559308413306E-015   2.3302626798595384E-016  -2.0568573943963535E-015  0.10018236852620124       -6.3481889192124217E-016  -3.1826879752925832E-016  -1.4764203646875036E-015   5.0938630692901622E-015  -9.7715780680122882E-018   1.8406862670912395E-016   8.9669725276493990E-015  -4.8948168279789691E-017   9.8514424828308835E-015  0.26569961527716091        6.4711022939760652E-018   2.3846424964674434E-017  -5.0949103872159701E-018   2.4298500024839707E-018  -1.8716299416140660E-019   2.9343194944032268E-018  -9.0400149455874039E-018  -5.5044042293563533E-018  -2.9807086116962736E-017   3.4025590341159613E-017  -9.9029431223524504E-016   1.9463348329849145E-019  -1.2651866389637128E-015   3.4422113706541671E-014  -9.6166744480952352E-017  -1.0836951508449885E-016   4.0527580401196303E-015   1.0536203085349145E-016   1.8823241862470942E-014  0.14433019842901998       -1.8032053110552156E-014   3.3944984037077631E-017  -2.6675875170862741E-018  -1.7364626671047184E-014  -3.1157751702872408E-018  -1.5020783581536508E-014   3.4042197970870704E-017  -6.6381063260901725E-020   5.2284151750108767E-018  -3.0387827573217654E-018  -2.2168454639139948E-014   1.1298591763464216E-017  -7.4274137027584429E-015   6.2617898011028617E-018  -2.4873725959081946E-014  -5.9801637017192007E-016  -6.5354060144821859E-018  -1.0269932500182461E-015  -3.2053973746496447E-018  -1.7700022305010762E-017   5.0841202480320697E-018  -7.0214955273011800E-019   1.5849047424055801E-020  -6.7837724116486429E-019  -2.1716395340554747E-018   5.2041026980931101E-018   1.5067341167649968E-017  -1.4474757657759646E-017  -3.9103287169606029E-014   2.2972940330052631E-017   4.3085820670280981E-017  -4.3612126207269554E-014  -2.4352028520356830E-017  -4.8443115449790970E-014  -4.5345128162738273E-002  -6.3304391748100250E-002  -4.9431376848391488E-002  -6.4677742385824185E-003
  -1.8353236528085427E-016   1.0389972597448440E-016  -8.4155278985567656E-020  -3.3390953210190568E-020   1.0931949834814747E-016   3.0844783190538170E-018   1.2404913687217311E-016   3.8857893140956515E-002  -2.4713689719625554E-016  -1.7775268742447233E-016  -6.3481889192124217E-016   1.8842691154476086E-002  -4.0658714374773394E-016  -1.1740949557344470E-016   2.6916517635924188E-016   4.6050962564728204E-018  -8.8737624754378165E-019   2.7282610122135296E-016  -2.7252530262108703E-018   2.6359096249590949E-016  -1.3553395847108667E-016   1.3244300075590341E-015   5.5750010254196022E-017   1.4813439355506052E-017   5.5600385947378211E-016  -5.6943006993093047E-019   5.6614409247922073E-016   1.1418662756218564E-016   1.4054375810933547E-017   5.1074753125667498E-017   2.7174357060627030E-017   2.3269752966105301E-002  -3.5930869395427440E-016  -1.7182740961411276E-016   2.0728346812569854E-016  -1.2322007773251574E-017  -4.0146327213783060E-018   1.8722930379882972E-016   6.9384535353389125E-018   1.8834611988943693E-016   4.4882812111141625E-016  -4.2036374518859079E-017   5.0827801556814872E-018   1.8057877828334415E-018  -2.1829638750591663E-017  -9.0527335607582643E-019  -2.0764658438863752E-017   5.0673194068723336E-018   8.0224293278186875E-019   2.4819621741869829E-018   2.0058445570948530E-018  -3.0065729049263462E-017  -2.1117531103535591E-018  -1.6888981723984102E-017  -2.3550257995863393E-018  -2.8278014781717646E-017   1.7478105243181784E-002  -1.5696579303806253E-016  -8.0906893055836235E-017   1.0409751504612534E-015   1.1567285761822321E-017   6.3939058073983494E-018   4.6414762710901183E-016   1.4345916123361755E-019   4.5455514281352096E-016   2.9754694934889839E-017   6.5892027954234423E-018   1.2952544963147555E-017   1.4259609218533672E-017  -9.1164299561797900E-018   2.0793304125343472E-018   6.3999719700393723E-019  -6.1781037689748415E-018  -1.1226179778756219E-018  -7.2974354182975895E-018   8.6470145506202714E-017   1.3214916473102394E-016   2.3322298253643381E-016  -4.1735280263011453E-018
   1.0896420294447725E-017   2.8845268820582360E-017  -8.3582094760291332E-018  -5.6676906683065575E-018  -4.1368193746426843E-018  -5.5998177758124250E-018  -5.0945163674849856E-018  -3.2151627201623463E-016   3.8857893140959651E-002   3.1717431054252290E-017  -3.1826879752925832E-016  -4.0658714374773394E-016   1.8842691154480430E-002  -6.6782901004677945E-018  -1.2063546863817799E-017   4.2235295970682445E-018  -8.6280005077066483E-018   2.1564728329740832E-017   4.0527958970495267E-018   6.7627318903656075E-018  -6.7753100630809034E-016   1.1780113978403932E-016  -1.4806482207462691E-017   8.4675756655517794E-020   5.3301013850456957E-017   1.5013572810015963E-018   5.3320737790589955E-017  -3.3162947314192751E-018   3.6764115951542689E-020  -4.7029621802736391E-018   1.4563142180774930E-018  -3.7917733403978151E-016   2.3269752966109922E-002   2.7376104855258614E-017  -7.1507968803958898E-018  -1.9124926413442631E-017   5.4673507215610121E-017  -6.1156021954913242E-017  -7.9191991943486405E-018   2.8271099180014760E-018  -5.2307962701094389E-016   1.9243415656211338E-017   7.0849139917436054E-018  -2.0515915393165176E-017   1.8379806786296052E-017   1.1900263142194350E-018   8.4291274238151022E-018   6.6956079951016452E-018  -9.4548478124156433E-018   3.0250212789597118E-018  -2.1606665968536972E-017   4.6550336388971987E-017   1.9014758949889078E-018   1.5247105661238808E-017   2.7207895889640007E-018   9.0579554469813720E-018  -1.7279126252200950E-016   1.7478105243183668E-002   7.6450370376014843E-018   2.2125770781589003E-017   2.5101760850037835E-016  -2.1072958546779330E-018   1.1396817930422360E-017  -1.7936064948028360E-019   1.0217220784380646E-017   5.3682035909689453E-016  -2.3584478380077110E-018   2.2962627041339189E-016  -5.5998761971122914E-018   2.9381519960440591E-017   3.3938306548176548E-018  -7.7905190166480175E-018   3.7537621020043218E-017   9.8685150630648063E-019   2.7391796139552827E-017   1.3987321528240888E-016   1.0955002133557285E-016   4.4411311160343858E-017   1.7483454752481412E-017
  -5.1502039880279814E-017   6.4358194794031220E-017   3.1201520255027046E-019   1.2139805603775866E-017   1.4123913706661844E-016   5.9872259319335902E-018   8.5889784224955121E-017  -2.5307085709432395E-017  -2.1556423818991481E-017   3.8857893140958298E-002  -1.4764203646875036E-015  -1.1740949557344470E-016  -6.6782901004677945E-018   1.8842691154478744E-002   5.1115440977737904E-016   7.1822376830087192E-018  -2.1715633604627059E-017   3.9265270125719652E-016  -2.2289512366976733E-017   4.1258479071144310E-016  -2.1246208502365487E-015   8.3633619798524522E-017  -3.0789321072618214E-018   1.3422632220367260E-016   3.6182216925972794E-017   1.3967496881849862E-018   3.7447763211906094E-017  -4.2270864905510734E-018   1.3203022999658347E-016  -2.2029588214697575E-018   2.7647197815894954E-016  -1.5557030625746092E-016  -8.3093932125647957E-018   2.3269752966108649E-002   3.6759360335605378E-016  -2.2163898586010751E-017   8.4411540520129676E-017   7.6076532900147721E-016   8.6723838477434857E-017   6.8881362581250719E-016   1.0458019986180772E-017   4.1938148474227172E-018   7.5805734837085149E-018  -3.1340991430249769E-017  -6.1232687695969302E-017  -1.3894821402570164E-017  -5.0456292180674677E-017   7.9091451186227247E-018  -1.4323131245096574E-017   3.5683388015549665E-018  -3.0845202430507726E-017  -2.1218649729118210E-016  -3.1714708742144447E-017  -1.1390830352069571E-016  -3.1556803745895000E-017  -1.7415711688918155E-016  -4.3633490556228140E-018  -1.3985502164273793E-017   1.7478105243182850E-002   2.7551297281340838E-017  -8.5632620464549864E-019   2.5370848866353553E-016   1.3568569808866960E-017   2.0251752947320126E-019   1.3411150039473475E-017  -1.8408148209496252E-018   2.4614007062252853E-016  -1.3381255031781092E-018   5.8489157610319499E-016   6.7481916941868437E-017   3.5684409221859016E-018  -1.2758667853783759E-017   5.9808370919327007E-018  -1.3342579382640345E-017   1.8165979097219507E-017   4.2041798154601390E-016   4.5098534090316469E-016   4.9917911551971401E-016   1.8719763592107818E-017
   6.6283090085728534E-017   3.3147672248309214E-028   8.0782630021563436E-030  -2.2515697970885898E-029   2.6438671070984976E-028   1.5580651104247358E-029   1.7275070007682283E-028   5.5507950400965340E-016  -2.4877763536581172E-017   1.0541160639327398E-015   5.0938630692901622E-015   2.6916517635924188E-016  -1.2063546863817799E-017   5.1115440977737904E-016   8.2048568267955237E-028  -6.3917694550589213E-030   3.1126629586339261E-029   1.0643977679876625E-027  -2.3319914295022395E-029   1.1144957623571585E-027   1.3307270441074790E-014   2.2233443527131360E-029   2.1666370438173346E-030   3.4993596673876755E-030   9.9258123612007569E-030   6.5746623276530181E-032   1.0076427626877909E-029  -3.8905401455262292E-031   3.4703480970836311E-030  -2.6116071234882324E-030   8.9302864144312493E-030   3.3240512778182692E-016  -1.4897858968983251E-017   6.3124936589695947E-016   2.9901322363278411E-027  -2.7959429449323716E-030  -1.4878277895247366E-029   1.3687778628266199E-027   2.3360716311430201E-029   2.2888916824176647E-027   7.6118923220115009E-015  -2.0864382197912219E-027   7.9364788426784503E-031  -2.1985211752713363E-030  -1.6595901878647741E-027  -4.0117138722040116E-031  -1.5249639568930331E-027   8.0503718818176939E-031  -1.1783628380328602E-030  -6.4977449664443670E-031  -2.1745433562053612E-030  -2.3961338875826119E-027  -9.3632625264017048E-031  -9.8833953579096914E-028  -9.3858362659645808E-031  -2.5391548993714057E-027   2.4967225974453372E-016  -1.1189905940872392E-017   4.7413665576547282E-016   1.4735069726525649E-029  -3.1153395545584874E-030   7.1445617959660810E-030   7.4442336619455859E-030  -2.7341628727134947E-032   7.3593763876048233E-030  -1.0731099855093911E-030   6.8842917200924381E-030   2.3240059224251736E-030   1.5222087959652789E-029  -3.8244998411955747E-027  -3.1388173099880426E-030   1.0243416420213515E-029  -4.3328650357024986E-027  -6.6935011429284993E-030  -4.8320622281777472E-027   3.6448215067588187E-015   9.1777456095103340E-015   1.5325546217664404E-014  -3.4022080553494077E-016
  -1.5137508324292058E-020  -3.0562014833406253E-030  -7.2628710288006141E-032   2.5260949367263779E-031  -2.5741754648241031E-030  -1.9312064014850392E-031  -1.9610058592346769E-030   9.4967505846605020E-018   8.7098737868732264E-018   1.4811399396788691E-017  -9.7715780680122882E-018   4.6050962564728204E-018   4.2235295970682445E-018   7.1822376830087192E-018  -6.3917694550589213E-030   7.5383909600004914E-032  -2.8143336981806262E-031  -7.3739025207435309E-030   2.2491829828293091E-031  -7.5114221758316042E-030  -2.3624819749400464E-017   3.7237962768224986E-031   4.1838254049136238E-033   5.6366802135653926E-032   1.5106313237917529E-031   2.2220924099304836E-034   1.5459232254692213E-031   4.2818531578931424E-032   5.4669642085147825E-032   3.3511380513103129E-032   1.1680502485598716E-031   5.6870566627001350E-018   5.2158414932922566E-018   8.8696935728188881E-018  -1.7051793053124684E-029  -3.8714222947346273E-032   1.8488726941638856E-031  -1.2965431070456641E-029  -1.5321481761748681E-031  -1.6354650176749223E-029  -1.7170046573732604E-017   1.4982931415715413E-029   1.6055355562313673E-032  -1.6809102380452235E-033   1.0434923378488671E-029  -6.6201425305986609E-033   1.0037162621637327E-029   1.6108309679089298E-032   1.7206546448383255E-033   1.3969841359538653E-032  -1.9437745638443067E-033   1.6372746946300279E-029  -6.2754104317978827E-033   7.5525941039342368E-030  -8.4688438475717813E-033   1.6717259704649649E-029   4.2715956211221382E-018   3.9176619831030559E-018   6.6621007092898086E-018   2.7816627277145583E-031   8.5347680181633786E-032   9.8308226023501203E-032   1.1569955539141873E-031   4.7565279961452926E-034   1.1241204069391038E-031   1.3835732213654398E-031   9.6127398821158545E-032   3.5047285301146806E-032   2.2789452853567974E-031   2.4640902309852168E-029   5.0528881232623724E-032  -1.0553014113451369E-031   2.8199521125940395E-029   5.4680305252788360E-032   3.1545567088452024E-029  -6.2907880276251307E-017  -1.3409525808007476E-016  -1.9703076117944266E-016   7.5940560826065868E-019
   2.3356555325774178E-018   1.3088766040318692E-029   3.2434869714868237E-031  -9.4615856915832256E-031   1.0338625399066775E-029   6.3881964713962677E-031   6.8943990450984431E-030  -1.8299706300031263E-018  -1.7792889508187503E-017  -4.4782550601654482E-017   1.8406862670912395E-016  -8.8737624754378165E-019  -8.6280005077066483E-018  -2.1715633604627059E-017   3.1126629586339261E-029  -2.8143336981806262E-031   1.2869819253359354E-030   4.0426964548637205E-029  -8.9613101834558560E-031   4.2229905413136139E-029   4.7985237951876188E-016  -1.6824533764810441E-031   6.1050282701778335E-032  -1.6866997692171286E-031  -5.0299523911684922E-032  -7.0311449694386990E-034  -5.3547051851444863E-032  -7.5149667956855706E-032  -1.6427575087783281E-031  -1.2522861492756833E-031  -2.8631079283255547E-031  -1.0958639559006096E-018  -1.0655136188338212E-017  -2.6817688903322140E-017   1.1327723819882041E-028  -2.4235606807388754E-032  -7.9690621608611589E-031   5.3447869758804061E-029   7.3633703010499331E-031   8.7675562714571852E-029   2.7642288867106765E-016  -8.1224189923396548E-029   5.4736848093303653E-034  -1.0948468143041041E-032  -6.3702420499150713E-029   1.5868224983582440E-032  -5.8781338745103569E-029   4.2367716850688412E-034  -1.2387990535146994E-032  -3.9024916801767686E-032  -1.0648847970445812E-032  -9.2439865635106232E-029   3.1076618900038243E-032  -3.8500204660602510E-029   3.1704933183997292E-032  -9.7706496274750010E-029  -8.2311254362374405E-019  -8.0031615269600689E-018  -2.0142989472809459E-017  -1.2580623691393225E-031  -2.3736239361445718E-031  -2.8605071929416902E-031  -2.3898593177730445E-032  -1.6014932046727901E-033  -2.0441125884406713E-032  -2.8996331419738957E-031  -2.7963464243216633E-031  -1.2527145474454873E-032  -7.0353634431991566E-031  -1.4752670649519846E-028  -1.4580135950160928E-031   4.4224517568391251E-031  -1.6715594068968090E-028  -2.3855670506905734E-031  -1.8648300245912349E-028   1.6141296077937017E-016   3.9352757779759428E-016   6.4285045352346183E-016  -1.2350721392597108E-017
   1.2464513537136919E-016   4.0421446725830522E-028   1.0256636008966419E-029  -2.5369227582880143E-029   3.0708121657628643E-028   1.5460038727797793E-029   1.7963229510833035E-028   5.6262915951918463E-016   4.4471349776038188E-017   8.0973872478588072E-016   8.9669725276493990E-015   2.7282610122135296E-016   2.1564728329740832E-017   3.9265270125719652E-016   1.0643977679876625E-027  -7.3739025207435309E-030   4.0426964548637205E-029   1.4634803618908597E-027  -2.6927527673885907E-029   1.5480532575198324E-027   2.3560696019234051E-014   2.2498251822146953E-029   3.1137090356708857E-030   2.4525622337732226E-030   1.0079526751798625E-029   5.6582309210768965E-032   1.0238690798917722E-029  -8.2927860354118325E-031   2.4270354681318639E-030  -3.9117682165116169E-030   8.4515029560044592E-030   3.3692618140788393E-016   2.6631328662195676E-017   4.8490586004001377E-016   4.4318196404929606E-027  -6.1472118523856811E-030  -2.0568949054641682E-029   1.6257127108906191E-027   2.8310122026034285E-029   3.1332110686121332E-027   1.3216995171629462E-014  -2.8914203117035416E-027   1.9606782354091537E-030  -2.2562775965247289E-030  -2.4019707277424932E-027  -4.1865434659236478E-031  -2.1754189776944687E-027   1.9728315042842782E-030  -1.1817363434024354E-030  -5.6069253932113291E-031  -2.2492918169418572E-030  -3.3682603189811668E-027  -3.5419222675044594E-031  -1.3307771623111357E-027  -5.2736168379138711E-031  -3.6167787291170390E-027   2.5306806077437435E-016   2.0003012743686937E-017   3.6421682976863317E-016   1.4614542189670915E-029  -3.5466627849277197E-030   5.7348056970868426E-030   7.4873736122938278E-030  -3.1597933645651693E-032   7.4054821288655345E-030  -2.7336376154958876E-031   5.5204566355586330E-030   3.4708240489216986E-030   1.0966191587507439E-029  -5.5061861753501765E-027  -2.6754476644403442E-030   1.2749114338761046E-029  -6.2140621344239205E-027  -8.0178522882904084E-030  -6.9235447179931555E-027   2.4407009764159618E-015   7.8739831103353476E-015   1.5060204790340044E-014  -5.9131686329935876E-016
  -3.0898843000748643E-019  -1.0508449821730891E-029  -2.4179891767578444E-031   8.0541861621969207E-031  -8.9874613084210031E-030  -6.4072053863346325E-031  -6.7165402714154860E-030  -5.6200884473660465E-018   8.3577822614901305E-018  -4.5966018474710711E-017  -4.8948168279789691E-017  -2.7252530262108703E-018   4.0527958970495267E-018  -2.2289512366976733E-017  -2.3319914295022395E-029   2.2491829828293091E-031  -8.9613101834558560E-031  -2.6927527673885907E-029   8.0082646347772139E-031  -2.7559864035416110E-029  -1.2230264545745938E-016  -2.9770257384103918E-031  -2.7861724085642380E-032  -1.5491214011706433E-031  -1.4680935338657176E-031  -2.8804609946581689E-033  -1.4800310508353676E-031   4.5939619659458501E-032  -1.5432354287860211E-031   7.4433053888049395E-032  -3.2178534032907510E-031  -3.3655471063100249E-018   5.0049941684668529E-018  -2.7526399613639263E-017  -6.2830700859703894E-029  -3.5246305683503553E-032   3.9476083709292026E-031  -4.5214149039848694E-029  -7.3387812906411595E-031  -5.8682470208976152E-029  -8.0663208443659009E-017   5.2212726798461041E-029   2.0004871011042412E-032   8.0164355041452372E-032   3.7320595914787974E-029   1.2856446973525430E-032   3.5598459995818522E-029   1.9579827493552807E-032   4.4669208325636215E-032   3.2341892459368710E-032   7.8536275854816295E-032   5.7970571622520606E-029   5.5691240837498681E-032   2.6314496076651887E-029   4.8764489647453377E-032   5.9482182299732499E-029  -2.5278904598028598E-018   3.7592928014917822E-018  -2.0675307989466379E-017  -1.5064066818247328E-031   1.4352011328385250E-031  -3.0067310450870695E-031  -9.8533885086797270E-032   1.0224875640377414E-033  -9.9247824524247518E-032   1.5129964214255581E-031  -2.8948504314066018E-031  -1.6029343033929919E-032  -6.8377824276396710E-031   8.7258897925241292E-029   1.4947399347894114E-031  -3.1897132339393821E-031   9.9836115157714982E-029   2.1650602502794807E-031   1.1160434140262909E-028  -1.9872908457967060E-016  -4.2923727889276878E-016  -6.3804170641215213E-016   3.5818214146053586E-018
