   9.5438575364610115E-008   8.0660174459822075E-014  -1.0099335824819259E-013  -6.1237969648234809E-016  -1.9533512643469422E-006  -1.0100949939364778E-012   1.2634970209705544E-012  -1.5764762742851849E-015  -2.1523128632726625E-020  -1.2203681910889232E-019   9.4925054055227931E-020  -2.8687252929732420E-019  -3.1234464442560307E-020  -5.5777844905702629E-019  -5.7203180281694007E-016   3.8507218849059020E-014  -2.3985686549295304E-014   3.8725847405409610E-014  -3.3658293441108927E-014  -5.0533340018612376E-014  -1.8010093304707804E-014   3.8331408714122391E-014   9.8263198000097968E-015  -2.7441208815077348E-014  -3.6188659375691974E-014  -4.6693679486479162E-005  -2.0561348026087733E-011   2.5661617385038876E-011   1.7150170282020117E-019  -2.4490187647856756E-019  -1.1764831500226071E-019   2.4091772696064820E-019  -1.3887826007985847E-019   2.9530178846244141E-019   3.0186476258648747E-016  -2.1146376368174822E-004  -8.8821723782918723E-011   1.1126203684913808E-010  -1.1068500267276704E-013   1.1063126307780043E-013  -1.2859182007243456E-013   8.0396310690611863E-014   3.4224828858547331E-014   6.8085194339084045E-014  -5.7701899599817661E-014   3.3931527504621532E-014  -3.3216077776459137E-014   7.0555661377359171E-014  -5.1909263047196411E-020  -5.1725403100912269E-020   1.0180859249955445E-019  -9.7027461102007974E-020   1.6522520333526150E-020   1.9333132646829696E-019  -5.0711997480818122E-016   2.0483335148534067E-004   8.6378245345727444E-011  -1.0816870649784597E-010   9.7548362993884608E-014  -2.1938654118514977E-014   3.2252740651830945E-014  -6.6727097357919870E-014  -2.3817152410939527E-014  -6.4169178852809279E-014   9.1875203440830302E-015  -1.1592151123313240E-014   9.6122550321360277E-015  -1.5399452098792339E-014   6.9024843906759758E-016   3.1327959448622235E-016
   8.0660174459822075E-014   9.5438832689896078E-008   7.3608669504302654E-014   2.3601119276997866E-015  -1.0101018693610663E-012  -1.9533544685045998E-006  -9.0630824219716257E-013   6.2479631132013586E-015  -1.8893747671689333E-018   5.1325842396495126E-020   3.9584721922827732E-020  -1.6341348778596489E-018  -4.7374224784699551E-020  -1.2176064504653317E-018   2.1359386106984176E-015  -1.7026268458421525E-014  -6.8243692413941835E-014  -7.4213258746365638E-014   4.6724502480253028E-014   9.7531992826237176E-015  -2.3881208905275408E-014   4.8302905843731709E-015   8.2326248351370153E-014   6.1758596639980392E-014  -6.0472967791645025E-015  -2.0561517478473450E-011  -4.6693743843786189E-005  -1.7714880648664679E-011   1.5998775892119638E-018   9.2789845441404602E-020   1.9862559501386812E-021   1.1911939244818154E-018   4.1469843200128614E-020   9.5496101537847096E-019   6.3602648095935627E-015  -8.8822490889126927E-011  -2.1146404779430735E-004  -8.1694100934176625E-011  -2.6649223693088875E-014  -1.4833021602812999E-013  -3.3164760878163086E-014   6.7332563934363915E-014  -6.6090234308295760E-014  -3.1579156747531937E-014   5.6395488217805881E-014   8.9884667197269566E-014   7.2659477891355548E-014  -4.2276196240948092E-014  -3.6736951097996213E-019  -3.4638255657550315E-020  -1.5986761478326740E-020   7.6963717826440744E-020   1.8323898499376527E-020   7.0442226334061556E-020   2.3723436399616663E-014   8.6378988509456016E-011   2.0483362729577643E-004   7.9034687811784980E-011   5.3473836697449592E-014   7.6435940846092902E-014   1.6793676161765036E-014  -8.1691327110468873E-014   5.3888726592151106E-014   9.9483283301510440E-015  -6.5961582423978086E-014  -4.1019043394301010E-014   1.2061135096476569E-014   1.8056479546155441E-014  -2.3756279088632081E-014  -1.0470649127796850E-014
  -1.0099335824819259E-013   7.3608669504302654E-014   9.5438811851527967E-008  -7.5244598594428976E-017   1.2635111123857840E-012  -9.0626460020323404E-013  -1.9533542106005708E-006  -3.2967866290089641E-016   1.4251351859007154E-018   1.3823722979782545E-019   3.1416177166481390E-020   2.0846201938685166E-018   7.9232774834532522E-020   1.7134873118741389E-018  -2.1159473985617192E-017   3.1429104655941764E-014  -7.3975202898333629E-014  -4.6677570405183591E-014   6.8095064480919738E-015  -3.2003399846300212E-014  -4.8975971622366147E-014   1.1395039959854410E-014   6.8161978763104389E-014   5.8686916523029964E-014  -1.6014454309625225E-014   2.5661986938760599E-011  -1.7713750076442768E-011  -4.6693738738131426E-005  -6.6516587606292809E-019  -1.1155821579876649E-019   8.3256102214570625E-020  -1.1262801749790496E-018  -1.4121127728110395E-019  -9.5533653043008016E-019  -5.3614732802684345E-015   1.1126370729934869E-010  -8.1688996804145952E-011  -2.1146402472261173E-004   4.0290735697100698E-014  -3.3055251717311098E-014  -1.4252322874649219E-013   3.2544476413152906E-014   4.6318158630835275E-014  -8.6600349335913317E-014  -2.8731063292765649E-014   9.0997988733643595E-014   7.1601879326268808E-014   3.8424047462198633E-014   7.0700948353884015E-020   5.4979618390030391E-020   2.5024946963506845E-020   1.0481304450069114E-019   7.2195642266583931E-021   5.2011175685834287E-020  -1.5681856900162230E-014  -1.0817032465864849E-010   7.9029742632790510E-011   2.0483360493976733E-004  -6.2763081694140682E-014   1.6816192594738098E-014   6.7945264008239883E-014  -1.1876996143618748E-014  -4.2955354784685021E-014   9.6082314188246237E-014   2.4776988286077137E-014   1.0584539899635504E-015  -5.0058042482272521E-014  -5.1415899111306213E-014   1.5223513538624535E-014   6.6859585915997047E-015
  -6.1237969648234809E-016   2.3601119276997866E-015  -7.5244598594428976E-017  0.16114915582280012        3.4478033836755988E-016  -2.8419174684561194E-015  -3.5775075764174988E-016  0.40999699060608980       -1.6501712613286424E-009  -2.2415772013707995E-009   2.0973976979865182E-009   1.3390930834196501E-009   6.9394425647721228E-009   3.1116622717972385E-010  0.15104538927218894        9.2744087564740393E-017   1.4390675938903775E-016  -1.8964344447658990E-017   1.9066820992906797E-016  -7.1389220476653121E-017   5.8323426767787378E-018  -9.8166901567138013E-017   5.7096409282048568E-017   9.1717193938238718E-017   2.4218331236225840E-016  -1.1796977441079577E-015   4.6718179350776790E-015  -1.1074320512354654E-015  -3.4776992893994388E-009   4.9938085773210379E-009  -5.5767683667948773E-009   1.5685864869259362E-009  -4.0054397781273541E-009   1.9089821155089636E-009 -0.20797648301865773       -4.4864213948912261E-015   1.4108905456828807E-014  -4.8924644320838942E-015   5.0021142505423284E-017  -7.3581334097603988E-017   1.5898402561323531E-016  -1.8542031807267203E-017   1.1485620490430288E-017   4.7644594337894172E-017   1.8831080170639937E-017   2.4062022747265815E-017  -4.9947038282585609E-017   6.9252985396698375E-017  -2.6042774099295402E-009   2.8304426248056477E-009  -3.2408826755728736E-009   1.2919464485250406E-009  -1.2564665673586547E-009   1.3123211250715050E-009 -0.24052044297297914        4.5244757511312617E-015  -1.4106584682475542E-014   4.6298615601332737E-015  -1.7603176012382673E-016   8.7085424118910259E-017   1.7469412480686233E-018  -2.2819068734469302E-017  -1.5143489203051090E-017  -1.4479927311323391E-016   1.3087223383968139E-016   2.1812372594981150E-017   7.7963903760754714E-017   1.6771291836908622E-016  0.18088344439461335        7.6755084322792752E-002
  -1.9533512643469422E-006  -1.0101018693610663E-012   1.2635111123857840E-012   3.4478033836755988E-016   3.9979443818706895E-005   7.5588515487889336E-012  -9.4141951925139004E-012   1.0877426218563498E-015   4.4061942352222045E-019   2.4979073421772296E-018  -1.9429974850952536E-018   5.8713183242706769E-018   6.3875129222617921E-019   1.1416062110928522E-017   3.3308125351702882E-016  -7.8813163861916237E-013   4.9091770995691175E-013  -7.9260605840678544E-013   6.8888805460666919E-013   1.0342714694271354E-012   3.6861470788367835E-013  -7.8453299885334289E-013  -2.0111633214611444E-013   5.6164200006403467E-013   7.4067715564308026E-013   9.5568440238660260E-004   1.0732832259008684E-010  -1.3208906395924831E-010  -3.5098633505216839E-018   5.0120532910605404E-018   2.4083443549456989E-018  -4.9309893218917782E-018   2.8427447929614092E-018  -6.0441029305930995E-018   1.8373775363007097E-015   4.3280508806151259E-003   3.9814873683851093E-010  -4.9682658685916144E-010   2.2654009622238305E-012  -2.2643023040699997E-012   2.6319031548202160E-012  -1.6454794881602813E-012  -7.0048397133595221E-013  -1.3935062482531786E-012   1.1809914107706325E-012  -6.9448027092485406E-013   6.7983680914993693E-013  -1.4440706789297042E-012   1.0626103541207284E-018   1.0584679883478835E-018  -2.0834982058516023E-018   1.9857814114248368E-018  -3.3807364458383220E-019  -3.9570241073301511E-018   6.2274293034567944E-015  -4.1923455434648201E-003  -3.9265461205296110E-010   4.8933875458836600E-010  -1.9965316200968864E-012   4.4902109092571611E-013  -6.6012066216673396E-013   1.3657100044715133E-012   4.8746886302409727E-013   1.3133565262809613E-012  -1.8804258747037622E-013   2.3725748034447826E-013  -1.9673452267012590E-013   3.1518274447071554E-013  -6.1553509521372482E-015  -2.7093897976580586E-015
  -1.0100949939364778E-012  -1.9533544685045998E-006  -9.0626460020323404E-013  -2.8419174684561194E-015   7.5588515487889336E-012   3.9979467184237752E-005   6.2632917997533345E-012  -8.3590099603649682E-015   3.8669459423561871E-017  -1.0510839873448504E-018  -8.0964019791163191E-019   3.3446404136252079E-017   9.7161350448253709E-019   2.4920978266054486E-017  -2.2536806479339676E-015   3.4847849852464511E-013   1.3967486607982907E-012   1.5189288605452006E-012  -9.5631443319442629E-013  -1.9962007556441769E-013   4.8877824542934119E-013  -9.8861627166596087E-014  -1.6849776275175690E-012  -1.2640181116006725E-012   1.2377017876812014E-013   1.0732842696193917E-010   9.5568471048732928E-004   6.8877938959711785E-011  -3.2745821962540267E-017  -1.8976670685374999E-018  -4.2293525051095859E-020  -2.4379828655815112E-017  -8.5000333107972295E-019  -1.9544719259590084E-017  -1.1073054471275179E-014   3.9814920336334751E-010   4.3280521255884682E-003   3.4197477537418190E-010   5.4543137187169765E-013   3.0358873131083529E-012   6.7878413929849354E-013  -1.3781004008244070E-012   1.3526748034033164E-012   6.4633312089518136E-013  -1.1542516817373473E-012  -1.8396761046135997E-012  -1.4871273057368663E-012   8.6527111436572207E-013   7.5186129287828308E-018   7.0943016629250893E-019   3.2665644396522722E-019  -1.5750505041552691E-018  -3.7537728662008338E-019  -1.4415482246234470E-018  -3.8533966242131736E-014  -3.9265506620154354E-010  -4.1923467618089670E-003  -3.2924832400578315E-010  -1.0944531705348599E-012  -1.5644207537056667E-012  -3.4371691265109527E-013   1.6719826140418645E-012  -1.1029454465383712E-012  -2.0361308381003765E-013   1.3500413710723537E-012   8.3954007668683566E-013  -2.4685649815621040E-013  -3.6956388448100777E-013   3.8294575697440575E-014   1.6865320330023716E-014
   1.2634970209705544E-012  -9.0630824219716257E-013  -1.9533542106005708E-006  -3.5775075764174988E-016  -9.4141951925139004E-012   6.2632917997533345E-012   3.9979465356377427E-005  -3.1104139439446555E-016  -2.9168311913173469E-017  -2.8293076400104780E-018  -6.4299444586012898E-019  -4.2666145084424118E-017  -1.6217707248132251E-018  -3.5070114289597820E-017  -6.8018970452713110E-016  -6.4326256673115504E-013   1.5140564888515337E-012   9.5535297703846067E-013  -1.3937016547302387E-013   6.5501677033389287E-013   1.0023953428191122E-012  -2.3322353616295403E-013  -1.3950765324571582E-012  -1.2011494501332381E-012   3.2776945352387934E-013  -1.3208973337576864E-010   6.8876151424370854E-011   9.5568468847594752E-004   1.3614062083499297E-017   2.2831782639104613E-018  -1.7039041361579408E-018   2.3051659070285721E-017   2.8902924034233760E-018   1.9552927330314822E-017   9.2545482380756338E-015  -4.9682955371167748E-010   3.4196700638969678E-010   4.3280520269383775E-003  -8.2463312096076830E-013   6.7654276011910181E-013   2.9170358159519263E-012  -6.6609079666918086E-013  -9.4799836256644028E-013   1.7724558810857812E-012   5.8804193583851655E-013  -1.8624632297202625E-012  -1.4654809657762539E-012  -7.8642907967289513E-013  -1.4472250497661575E-018  -1.1251247393107359E-018  -5.1236328758587987E-019  -2.1451200419681025E-018  -1.4775662881451511E-019  -1.0644334716984546E-018   2.5696507194990122E-014   4.8934163020205542E-010  -3.2924077634575046E-010  -4.1923466660939712E-003   1.2845768009071269E-012  -3.4417776651674743E-013  -1.3906416142690198E-012   2.4308752969153242E-013   8.7917140829251329E-013  -1.9665242243551352E-012  -5.0711320092472459E-013  -2.1663627455760355E-014   1.0245421718486277E-012   1.0523337862765714E-012  -2.4826459483628527E-014  -1.0896720763199894E-014
  -1.5764762742851849E-015   6.2479631132013586E-015  -3.2967866290089641E-016  0.40999699060608980        1.0877426218563498E-015  -8.3590099603649682E-015  -3.1104139439446555E-016   1.0432239067548346       -4.2003982029226524E-009  -5.7019743580284269E-009   5.3348657261808600E-009   3.4080816728222251E-009   1.7656580848438611E-008   7.9254578601258752E-010  0.38425920362015392        2.3597792180983710E-016   3.5891145167532721E-016  -4.1778007969605285E-017   4.8145884833873944E-016  -1.7862378277947625E-016   2.0124789530747287E-017  -2.4550660457687798E-016   1.4921506266535988E-016   2.2659134116553189E-016   6.0274202447986736E-016   7.2819528372550759E-016  -7.1089163186702095E-015   6.8395621140860406E-015  -8.8482970526992149E-009   1.2707049894601416E-008  -1.4190309921345263E-008   3.9907743594560484E-009  -1.0193562905976049E-008   4.8571831668104431E-009 -0.52423258540476725        5.9341530930883579E-015  -5.1680595604554423E-014   3.2031045763554530E-014   1.2421781518262975E-016  -1.7687544342767549E-016   3.8934932587364292E-016  -3.1655255451902190E-017   2.7671745752021842E-017   1.1048060746508550E-016   3.8615752499894601E-017   5.9081991055480646E-017  -1.1833097220296963E-016   1.8191161550244233E-016  -6.6157456692385339E-009   7.1926199484904788E-009  -8.2353436968749325E-009   3.2816793528978118E-009  -3.1963326987063026E-009   3.3340410255686872E-009 -0.59773453163457990       -5.2481792016616260E-015   4.8771940510626920E-014  -3.1231398485367495E-014  -4.5039874267170929E-016   2.1756200324989452E-016   1.3865175979729245E-017  -6.6992385218786253E-017  -3.9127184875094435E-017  -3.5666851893337634E-016   3.2967036665891978E-016   5.7930399617539477E-017   1.9455366799524787E-016   4.1569194886529572E-016  0.44644445649199832       0.18923859726905382     
  -2.1523128632726625E-020  -1.8893747671689333E-018   1.4251351859007154E-018  -1.6501712613286424E-009   4.4061942352222045E-019   3.8669459423561871E-017  -2.9168311913173469E-017  -4.2003982029226524E-009   1.6936168179427295E-017   2.2933572010116519E-017  -2.1451735308320345E-017  -1.3734205793347348E-017  -7.1082767046476798E-017  -3.2029636080888537E-018  -1.5461059201900801E-009  -1.5235087994553926E-025  -1.0846762021950352E-024   8.3461622244426525E-025  -2.6989547256202645E-024   1.4341002488729158E-026  -4.1469584800392769E-025   9.9033566573213782E-025  -1.2738976463870974E-024  -1.1508483020453475E-024  -2.3361093963486621E-024   1.0532723061226669E-017   9.2436893916623641E-016  -6.9725073668672139E-016   3.5617546238778020E-017  -5.1170201039510083E-017   5.7141414887047020E-017  -1.6061677229107928E-017   4.1070736999952779E-017  -1.9554397130300024E-017   2.0365007593617820E-009   4.7699839570827714E-017   4.1862310690948200E-015  -3.1576706067028164E-015   6.9984476407011688E-025   2.9749872160579704E-024  -2.7829375618364305E-024  -9.7020111088755233E-025   1.9041202398227339E-024  -9.6716878221700465E-025  -1.5486199187818231E-024  -6.3401079327358334E-025  -1.6457194471852692E-026   5.7694690640706459E-025   2.6476321202029742E-017  -2.8820062274495353E-017   3.2994067309976790E-017  -1.3128807158806148E-017   1.2859030742781272E-017  -1.3347408280582619E-017   2.1930603154103140E-009  -4.6204234148366714E-017  -4.0549724750844500E-015   3.0586623649243063E-015  -1.6700484930370460E-025  -2.0728087942906430E-024   4.7792282343430170E-025   1.8583970138218409E-024  -1.5364052895493601E-024   2.5120651886374412E-024   3.9621681188732966E-025   5.6080801340171687E-025  -1.7145014901120696E-024  -2.6299761071480541E-024  -1.5907169484478954E-009  -6.7113437303322671E-010
  -1.2203681910889232E-019   5.1325842396495126E-020   1.3823722979782545E-019  -2.2415772013707995E-009   2.4979073421772296E-018  -1.0510839873448504E-018  -2.8293076400104780E-018  -5.7019743580284269E-009   2.2933572010116519E-017   3.1190901499740987E-017  -2.9188237009599684E-017  -1.8615196274857164E-017  -9.6515348475856501E-017  -4.3195479849495651E-018  -2.1013519634172043E-009  -1.3027700004059581E-024  -2.1872580420831675E-024   1.7157402459407959E-025  -2.6106217578651284E-024   1.0466501277894770E-024  -8.8915014540611753E-026   1.3781764871266309E-024  -6.2416389556098783E-025  -1.1901569521292234E-024  -3.4834379275298386E-024   5.9711076213551450E-017  -2.5126448658821046E-017  -6.7633012553278200E-017   4.8371564819210540E-017  -6.9445990802172077E-017   7.7554042312945879E-017  -2.1819326394161502E-017   5.5686514296147187E-017  -2.6550491037868720E-017   2.9420739191956161E-009   2.7041622077632448E-016  -1.1379119785823880E-016  -3.0629264003994270E-016  -5.4075849449697383E-025   8.5786670533635456E-025  -2.4230084999736947E-024   3.9399875023730771E-025  -1.8753790134881293E-025  -9.9982360692126119E-025  -2.9255766172864951E-025  -2.1933248825673493E-025   9.6767555155158055E-025  -9.6333006129721465E-025   3.6326367100505502E-017  -3.9457655143114573E-017   4.5182100286552977E-017  -1.8024037802815689E-017   1.7481196375446035E-017  -1.8302195131215982E-017   3.4879190456061371E-009  -2.6193736621999657E-016   1.1022329738574128E-016   2.9668888729492693E-016   2.2362906431575907E-024  -1.1579092367827036E-024   1.3630943711891299E-025   2.5203449847061307E-025   2.0187931324354836E-025   2.3582860832657859E-024  -1.8648087717218614E-024  -2.8472220786448581E-025  -1.2008885827356012E-024  -2.4882181643260859E-024  -2.6539734461352062E-009  -1.1282085417311350E-009
   9.4925054055227931E-020   3.9584721922827732E-020   3.1416177166481390E-020   2.0973976979865182E-009  -1.9429974850952536E-018  -8.0964019791163191E-019  -6.4299444586012898E-019   5.3348657261808600E-009  -2.1451735308320345E-017  -2.9188237009599684E-017   2.7315339131578156E-017   1.7414018942374788E-017   9.0303440984842900E-017   4.0387957322957886E-018   1.9662975971420825E-009   1.2484552882212430E-024   1.8882404625505895E-024  -3.3669623850046819E-025   2.5160072870606609E-024  -1.0241114675305893E-024  -3.5225188408771263E-026  -1.2878205599411277E-024   7.5924362476525653E-025   1.2972329137666373E-024   3.2789421528461717E-024  -4.6446284722707052E-017  -1.9353105365581302E-017  -1.5370235985840180E-017  -4.5259256734993071E-017   6.4973308398013858E-017  -7.2559548554596069E-017   2.0416015574462344E-017  -5.2095082554665814E-017   2.4841629626546606E-017  -2.7691960518412783E-009  -2.1034337043442786E-016  -8.7645342734714166E-017  -6.9607889103894881E-017   5.8188431695955588E-025  -1.0513269041508734E-024   2.0731063693736167E-024  -3.2003369605071570E-025   1.9109096655653330E-025   7.8273419557708299E-025   3.1976959538653988E-025   4.4129823271045688E-025  -7.4059742198478108E-025   8.9396659276526239E-025  -3.4023459307102374E-017   3.6948460303630567E-017  -4.2309781137209980E-017   1.6882408845440734E-017  -1.6358062993576380E-017   1.7140925809311791E-017  -3.3109495656521294E-009   2.0374808975059029E-016   8.4897234127109016E-017   6.7425342382411623E-017  -2.1603072950570356E-024   1.1997019737443688E-024  -3.5616314281508426E-026  -2.8753846215482819E-025  -2.0497651890015123E-025  -2.0618103315795681E-024   1.7351898816150490E-024   2.2475224392022909E-025   1.0611459532683257E-024   2.2979666125739922E-024   2.5291795963734268E-009   1.0758011504307209E-009
  -2.8687252929732420E-019  -1.6341348778596489E-018   2.0846201938685166E-018   1.3390930834196501E-009   5.8713183242706769E-018   3.3446404136252079E-017  -4.2666145084424118E-017   3.4080816728222251E-009  -1.3734205793347348E-017  -1.8615196274857164E-017   1.7414018942374788E-017   1.1139847573647673E-017   5.7677274067297906E-017   2.5951466134894570E-018   1.2547910879527382E-009   1.6331434897339570E-024   7.4247301599369292E-025   4.7242368211843804E-026   9.9482945791150025E-025  -1.2748265735379379E-024  -5.0102059868870678E-025  -7.1873920224491817E-025   5.6687213202339370E-025   9.9587354035452520E-025   1.7296567748967417E-024   1.4035005728713364E-016   7.9951659939307087E-016  -1.0199081682146021E-015  -2.8901780000996620E-017   4.1515873578118596E-017  -4.6361028950289192E-017   1.3034013689705561E-017  -3.3315097513131520E-017   1.5866604218661966E-017  -1.6751294615435393E-009   6.3560943903734544E-016   3.6208064903068902E-015  -4.6189037252971476E-015   2.0517202780136442E-024   9.8567051392381617E-025  -1.0014917355058093E-024  -6.6975543268657752E-025   2.1191281276405615E-024  -1.2758380320940150E-024  -1.3639066507104080E-024   5.2339056849918602E-025   9.9320883107705480E-026   1.9884542866323084E-024  -2.1531520813799254E-017   2.3426713129210890E-017  -2.6820857018058354E-017   1.0678226889619645E-017  -1.0436686020575045E-017   1.0853209317591056E-017  -1.8449054510640030E-009  -6.1568002012121072E-016  -3.5072767059470676E-015   4.4740787599437784E-015  -4.0699513625907535E-024  -1.9520360666943607E-025   1.2161119964576215E-024   1.0535409770292182E-024  -1.9217006220557841E-024   1.0449912853194936E-024   2.6948275992540298E-024   9.6793230230337178E-025  -7.2212152761221666E-025  -1.1144794468127024E-025   1.3540943163975594E-009   5.7238909389544942E-010
  -3.1234464442560307E-020  -4.7374224784699551E-020   7.9232774834532522E-020   6.9394425647721228E-009   6.3875129222617921E-019   9.7161350448253709E-019  -1.6217707248132251E-018   1.7656580848438611E-008  -7.1082767046476798E-017  -9.6515348475856501E-017   9.0303440984842900E-017   5.7677274067297906E-017   2.9884133179975090E-016   1.3409343510233847E-017   6.5039952830704079E-009   4.0159385989955499E-024   6.0961546609338616E-024  -7.5836779460140738E-025   8.1630694901445887E-024  -3.0552802176482010E-024   2.8770966182116709E-025  -4.1849613291982860E-024   2.5155429876688286E-024   3.9005387785082450E-024   1.0279545645595711E-023   1.5268537041885735E-017   2.3229045026530800E-017  -3.8767170510650782E-017  -1.4976094313779919E-016   2.1506436158791317E-016  -2.4016891300300223E-016   6.7546431286075617E-017  -1.7251568986651971E-016   8.2208805100430931E-017  -8.9007932063762639E-009   6.9147345305807979E-017   1.0519809234523158E-016  -1.7556660437771938E-016   2.2026636971595004E-024  -3.0422232972831302E-024   6.6161678636258477E-024  -6.5669116057821597E-025   5.3730665318818319E-025   1.8524775003373480E-024   6.7334018546633351E-025   1.0318732060979988E-024  -2.0183244478799388E-024   3.0763511443965352E-024  -1.1203266188328051E-016   1.2178829325785962E-016  -1.3944565125550721E-016   5.5574480186664486E-017  -5.4101985952014918E-017   5.6457755140852218E-017  -1.0197656732145224E-008  -6.6979233742240439E-017  -1.0189964447133106E-016   1.7006173861531766E-016  -7.7194641989446803E-024   3.6882021036029724E-024   2.1868334577325639E-025  -1.0305371841671471E-024  -7.1353271758061471E-025  -6.0076456801760226E-024   5.6489661761315896E-024   9.9175140214477768E-025   3.2638298792676705E-024   7.0516977761658851E-024   7.6344898935058808E-009   3.2372923367735408E-009
  -5.5777844905702629E-019  -1.2176064504653317E-018   1.7134873118741389E-018   3.1116622717972385E-010   1.1416062110928522E-017   2.4920978266054486E-017  -3.5070114289597820E-017   7.9254578601258752E-010  -3.2029636080888537E-018  -4.3195479849495651E-018   4.0387957322957886E-018   2.5951466134894570E-018   1.3409343510233847E-017   6.0803012994254713E-019   2.9139579720163475E-010   7.3567179945470532E-025  -9.8813272134394548E-026  -1.0091976825827908E-025   6.1060208468361255E-026  -5.1679935932831909E-025  -4.1461181980465727E-025  -2.3564032249332887E-025   2.5876550759984770E-025   5.4761365792970315E-025   3.5831850999121505E-025   2.7289389770952646E-016   5.9572099894097343E-016  -8.3832969912103315E-016  -6.7176815042512976E-018   9.6571428900168661E-018  -1.0783524275091156E-017   3.0285188078642595E-018  -7.7579705739750905E-018   3.6888524910495708E-018  -3.6124308824679178E-010   1.2358667141317293E-015   2.6978682749990381E-015  -3.7965811795846636E-015   1.7817631650034115E-024   5.9529901656759271E-025  -1.2017682863218548E-024  -6.5269963434618302E-025   1.4841717118671479E-024  -1.5461806749256296E-024  -9.3821698016694636E-025   3.1757814698715667E-025   5.2816894202425837E-025   9.9763817434965340E-025  -4.9457262011603985E-018   5.3944706920394866E-018  -6.1744810619165375E-018   2.4510246702449451E-018  -2.4230125034118063E-018   2.4946803564352807E-018  -3.4758585873281596E-010  -1.1971163234197620E-015  -2.6132770641874688E-015   3.6775400038670579E-015  -2.7399437146166647E-024  -4.0981333383385238E-025   8.9801519703639966E-025   1.1013697128434273E-024  -1.3537014492833494E-024   1.7900782990506009E-024   1.4582719210334754E-024   6.7223052783894567E-025  -9.8953408698607746E-025  -8.3018721388388530E-025   2.3604268949528617E-010   9.8489167028058320E-011
  -5.7203180281694007E-016   2.1359386106984176E-015  -2.1159473985617192E-017  0.15104538927218894        3.3308125351702882E-016  -2.2536806479339676E-015  -6.8018970452713110E-016  0.38425920362015392       -1.5461059201900801E-009  -2.1013519634172043E-009   1.9662975971420825E-009   1.2547910879527382E-009   6.5039952830704079E-009   2.9139579720163475E-010  0.14158457140084399        8.6923929071759992E-017   1.3703781493749096E-016  -1.9706436305320240E-017   1.7980011254705882E-016  -6.7810059710337425E-017   3.8892060114191617E-018  -9.3280406489614772E-017   5.2337849525921228E-017   8.7982877767085390E-017   2.3100440622882969E-016  -4.7967196625115805E-016   1.1798718733475968E-014  -7.8897049139096651E-015  -3.2595623051416353E-009   4.6801799471189868E-009  -5.2265626324176505E-009   1.4702496709274040E-009  -3.7534432280699229E-009   1.7891922394329335E-009 -0.19639982208836868       -1.5065876749568895E-015   4.7290225654069956E-014  -3.5837354837982187E-014   4.7794003608963684E-017  -7.2050789257590332E-017   1.5353376190357446E-016  -2.2010761473590637E-017   1.1228061489783733E-017   4.7861495048502674E-017   2.0424011982082481E-017   2.3191036100231058E-017  -4.9424999230497701E-017   6.3204721505960561E-017  -2.4440012869265538E-009   2.6555497895280361E-009  -3.0407099153964586E-009   1.2125256861101701E-009  -1.1778016612556281E-009   1.2314664603123081E-009 -0.22967760737558182        1.6133815287037636E-015  -4.6169602985999135E-014   3.4589498221376846E-014  -1.6423771747678451E-016   8.2819416060466740E-017  -1.1738424898292810E-018  -1.8721724400098999E-017  -1.4015273746145297E-017  -1.3922131542290363E-016   1.2365031082571261E-016   1.9718079202391651E-017   7.4210495875989667E-017   1.6048156754793712E-016  0.17364877977591134        7.3745799977386825E-002
   3.8507218849059020E-014  -1.7026268458421525E-014   3.1429104655941764E-014   9.2744087564740393E-017  -7.8813163861916237E-013   3.4847849852464511E-013  -6.4326256673115504E-013   2.3597792180983710E-016  -1.5235087994553926E-025  -1.3027700004059581E-024   1.2484552882212430E-024   1.6331434897339570E-024   4.0159385989955499E-024   7.3567179945470532E-025   8.6923929071759992E-017   2.8924254116541749E-020  -2.1863902145623269E-020   1.3493171604066054E-020  -1.9673562517776385E-020  -3.2668120932217400E-020  -1.9134622287408528E-020   1.8356639515070275E-020   1.1724225117463691E-020  -2.7633399247199801E-021  -1.8796204321927933E-020  -1.8839811850008152E-011   8.3301681150799165E-012  -1.5376801106384142E-011  -2.4368103999957482E-024   2.7222344484685370E-024  -3.2302641056870823E-024   4.1654654679938710E-025  -2.4156342907311933E-024   7.3289417138310935E-025  -1.1887814641475065E-016  -8.5320704571012886E-011   3.7725206457356646E-011  -6.9637609201404314E-011  -2.6636388658913934E-020   6.0213839404020582E-020  -9.2901858814670638E-020   3.1143194269161937E-020   4.0852585289154243E-020   4.5859957667596913E-021  -4.2803852121668461E-020   2.7621871325188894E-020  -2.7850340838994514E-021   4.8663178920921504E-020  -1.4292553116860107E-024   1.6309550325813092E-024  -1.8113323669742296E-024   7.2429413744727128E-025  -7.1728490932867340E-025   8.3703605310170184E-025  -1.3606072985042359E-016   8.2645487452232158E-011  -3.6542338697398569E-011   6.7454133254060381E-011   9.1501195309075957E-021  -1.6950167176071600E-020   3.2392439107380874E-020  -1.6260320626784828E-020  -3.3369161737694114E-020   3.9755006078602223E-021   2.3633887836762892E-020   2.9892092698403495E-021  -1.4758108432433539E-020  -2.6366486518933230E-020   1.0181165021775314E-016   4.3168383833662836E-017
  -2.3985686549295304E-014  -6.8243692413941835E-014  -7.3975202898333629E-014   1.4390675938903775E-016   4.9091770995691175E-013   1.3967486607982907E-012   1.5140564888515337E-012   3.5891145167532721E-016  -1.0846762021950352E-024  -2.1872580420831675E-024   1.8882404625505895E-024   7.4247301599369292E-025   6.0961546609338616E-024  -9.8813272134394548E-026   1.3703781493749096E-016  -2.1863902145623269E-020   1.1216441990079285E-019   7.9513692007470108E-020  -3.0229449377498434E-020   3.0532071120174857E-020   5.9564149633047054E-020  -2.1919748201003884E-020  -1.1416975474209288E-019  -8.2752554776785157E-020   2.5831986622981259E-020   1.1735091629944159E-011   3.3388418483676652E-011   3.6192593465174812E-011  -3.7563432281073876E-024   4.4215278971564071E-024  -4.8907883316396019E-024   1.3638956134963061E-024  -3.2658332876295091E-024   1.6653869611309776E-024  -5.1881143696970431E-016   5.3145237350136360E-011   1.5120762533737405E-010   1.6390702036843960E-010   1.5643419347427816E-020   1.0388101197230749E-019   1.6650287901788264E-019  -9.3576888702708286E-020   2.7549887147982947E-021   7.2593902696757853E-020  -3.5543338669765422E-021  -1.4333287395864828E-019  -9.9106356070952195E-020  -1.7285184293633669E-020  -2.7893907667135435E-024   3.1080600083966935E-024  -3.6163304644509648E-024   1.4019880598827663E-024  -1.1706899698958032E-024   1.3571836939908501E-024  -1.1794631263705049E-015  -5.1478876944358440E-011  -1.4646653508148089E-010  -1.5876774248117312E-010  -1.4104423340212649E-020  -6.2176268080546959E-020  -7.2778886654105964E-020   8.4389291610929781E-020   7.4751414138718978E-022  -6.5460463541504886E-020   2.5652080450978554E-020   3.1423636260200380E-020   2.7760193644989260E-020   3.0811664599365429E-020   1.0963920684526691E-015   4.7904073608467423E-016
   3.8725847405409610E-014  -7.4213258746365638E-014  -4.6677570405183591E-014  -1.8964344447658990E-017  -7.9260605840678544E-013   1.5189288605452006E-012   9.5535297703846067E-013  -4.1778007969605285E-017   8.3461622244426525E-025   1.7157402459407959E-025  -3.3669623850046819E-025   4.7242368211843804E-026  -7.5836779460140738E-025  -1.0091976825827908E-025  -1.9706436305320240E-017   1.3493171604066054E-020   7.9513692007470108E-020   9.6251122934834310E-020  -5.3320831909241437E-020  -1.2436561392380724E-020   3.5215425101356014E-020   6.2244834213385223E-021  -9.3366552110430728E-020  -8.7861000412065328E-020  -2.1494057119498847E-021  -1.8946768577401160E-011   3.6309064914839512E-011   2.2837124199620233E-011  -4.5859362232873324E-025  -5.9727571870286379E-025   4.5348392269375072E-025  -4.6444632107354114E-025   2.7570451883227227E-025  -3.5971462359493159E-025   3.2313255917867423E-016  -8.5805082827023503E-011   1.6443448996320208E-010   1.0342350572703381E-010  -4.3895423876476168E-020   1.7639891551460006E-019   4.3316204854091421E-020  -3.5652555376190017E-020   4.2625688356283466E-020   9.4537442633769805E-020  -5.3214825494894972E-020  -1.0063157064500464E-019  -1.0499726624665890E-019   4.2710627554343640E-020   1.1503813943408734E-024  -8.7879859182959712E-025   1.0403168040834378E-024  -6.2543454239700043E-025   1.5990448406317098E-025  -4.4718287236733162E-025   8.9326674197898440E-016   8.3114678225021726E-011  -1.5927867334227172E-010  -1.0018067876643768E-010   2.8697015292483551E-020  -7.6563102123509054E-020  -3.3202509325532428E-020   4.2256346256442421E-020  -3.0559387093524075E-020  -8.0765779775381076E-020   4.2901739376336671E-020   2.6675028048585106E-020   1.9004121256241068E-020   4.8573095126881079E-021  -8.5951541925872905E-016  -3.7709895147056334E-016
  -3.3658293441108927E-014   4.6724502480253028E-014   6.8095064480919738E-015   1.9066820992906797E-016   6.8888805460666919E-013  -9.5631443319442629E-013  -1.3937016547302387E-013   4.8145884833873944E-016  -2.6989547256202645E-024  -2.6106217578651284E-024   2.5160072870606609E-024   9.9482945791150025E-025   8.1630694901445887E-024   6.1060208468361255E-026   1.7980011254705882E-016  -1.9673562517776385E-020  -3.0229449377498434E-020  -5.3320831909241437E-020   3.5231298202235961E-020   2.0313122529546928E-020  -8.8344091364036913E-021  -1.0340525505780889E-020   4.1702743836163985E-020   4.4100430288239483E-020   8.6594362685128950E-021   1.6467453348411032E-011  -2.2860112599329767E-011  -3.3315551031462420E-012  -3.4288935457091319E-024   5.9719895248648651E-024  -6.4864385883136895E-024   2.2749986295982944E-024  -4.5808470617226996E-024   2.5423760531489967E-024  -4.1410038856576715E-016   7.4576897415182992E-011  -1.0352761678491374E-010  -1.5087761694197066E-011   2.8863165031434424E-020  -1.1399363800624120E-019   1.8944976784148672E-020   6.9330179728397476E-021  -4.1121498795287858E-020  -4.5650815134262650E-020   4.5909663154000214E-020   3.8531296518737553E-020   5.2395324980439111E-020  -4.2838756866401228E-020  -3.5832026338217688E-024   3.6493606051689979E-024  -4.2238536660013634E-024   1.7896549044193550E-024  -1.4959690628698125E-024   1.6864333552530479E-024  -7.7121306616954576E-016  -7.2238550688657125E-011   1.0028152523128649E-010   1.4614687494435650E-011  -1.2700961902708878E-020   4.6358092456224711E-020   1.6950052394445650E-021  -1.7308842530480880E-020   3.1717394143612476E-020   3.4356353413873454E-020  -3.3765539915241093E-020  -1.5918199940877788E-020  -1.0566926942232883E-021   1.0602480113358606E-020   6.8561158294321255E-016   2.9789199281281133E-016
  -5.0533340018612376E-014   9.7531992826237176E-015  -3.2003399846300212E-014  -7.1389220476653121E-017   1.0342714694271354E-012  -1.9962007556441769E-013   6.5501677033389287E-013  -1.7862378277947625E-016   1.4341002488729158E-026   1.0466501277894770E-024  -1.0241114675305893E-024  -1.2748265735379379E-024  -3.0552802176482010E-024  -5.1679935932831909E-025  -6.7810059710337425E-017  -3.2668120932217400E-020   3.0532071120174857E-020  -1.2436561392380724E-020   2.0313122529546928E-020   3.8485097669396989E-020   2.3518671080729775E-020  -2.3623409525713643E-020  -1.9646388157987032E-020   1.1616240919078804E-021   2.3913509778356920E-020   2.4723635255558172E-011  -4.7717990355889803E-012   1.5657778431950431E-011   1.8277122426422910E-024  -1.9858851810093642E-024   2.4527627621401712E-024  -3.2406730063211029E-025   1.8177856938966633E-024  -5.7461513126276221E-025   2.3082964369948027E-016   1.1196703962035938E-010  -2.1610261664070237E-011   7.0910084528740634E-011   4.2372085383008465E-020  -6.2651734782672310E-020   1.1249058281146881E-019  -4.6600864348896240E-020  -4.0407434677406206E-020  -1.0237686640399951E-020   4.5949995152736559E-020  -3.9294922612393308E-020   1.0025698839118224E-021  -5.4563320263743786E-020   1.4050299719017132E-024  -1.4921935262034263E-024   1.6585312593275110E-024  -6.9820853857127508E-025   5.5806584157855184E-025  -8.2910575594681435E-025   5.0823713841650439E-016  -1.0845633098840299E-010   2.0932675309765402E-011  -6.8686710269118881E-011  -2.5139464420057301E-020   1.3788528000599426E-020  -3.8145220648001452E-020   3.0965411908823973E-020   3.2522149085312722E-020   2.7740891138488589E-021  -1.9913992300589525E-020   1.5910537711900776E-021   1.2928965266460003E-020   2.7240329284739659E-020  -4.6940309135879568E-016  -2.0493173332351837E-016
  -1.8010093304707804E-014  -2.3881208905275408E-014  -4.8975971622366147E-014   5.8323426767787378E-018   3.6861470788367835E-013   4.8877824542934119E-013   1.0023953428191122E-012   2.0124789530747287E-017  -4.1469584800392769E-025  -8.8915014540611753E-026  -3.5225188408771263E-026  -5.0102059868870678E-025   2.8770966182116709E-025  -4.1461181980465727E-025   3.8892060114191617E-018  -1.9134622287408528E-020   5.9564149633047054E-020   3.5215425101356014E-020  -8.8344091364036913E-021   2.3518671080729775E-020   3.4507150151737812E-020  -1.4289692032708295E-020  -5.7432802272989769E-020  -4.0391264833050158E-020   1.6560388138492870E-020   8.8115128796764736E-012   1.1683942303263872E-011   2.3961647989583200E-011  -2.3246756260400423E-025   3.4864841981118996E-025  -3.1495210737060435E-025   2.8941715041504693E-025  -2.0050827710580139E-025   2.8134839163922582E-025   2.3643350978442678E-016   3.9905095641444993E-011   5.2913592434024802E-011   1.0851618912065136E-010   6.8797151582618378E-021   3.3201602819884671E-020   1.0570318971720113E-019  -4.8720510855533019E-020  -1.3690038186244005E-020   3.9493964136032636E-020   1.1521136751324441E-020  -7.5591645359862339E-020  -4.8656687078534546E-020  -2.2453866028941625E-020   4.7264815500184883E-025  -3.3601601034987756E-025   3.5901188520280772E-025  -2.7175778820096830E-025  -3.7990077048216476E-026  -2.7099947991693798E-025   6.9784568625172433E-016  -3.8653877687805887E-011  -5.1254495445285846E-011  -1.0511368172487874E-010   4.1915480262738649E-022  -2.3615641052040124E-020  -4.5155790619311685E-020   3.9128071621687411E-020   1.3053456905131904E-020  -3.9686207491584456E-020   2.0567376709439730E-021   1.1908360224684634E-020   2.0856181395541002E-020   2.4772740118634579E-020  -6.7816692476113853E-016  -2.9787979289068815E-016
