   1.7224386204839735E-005  -2.6863415279521101E-011   1.9451600729506371E-011  -4.4056941648540057E-011  -2.3050079180289282E-011  -4.9811844587778632E-011   4.9911471660917505E-011  -8.4063169872913782E-008  -1.0663172268659397E-007   2.6858824528502874E-007   6.3519747776686177E-004   1.6185613147323796E-011  -1.0029494878003603E-011   2.6584944716087304E-011   1.5456449599996381E-011   3.0856014430734539E-011  -3.1653406058586324E-011  -1.0948694561020885E-007  -1.3854023555443240E-007   3.4890973305151067E-007   3.0115349803288742E-003   2.5012520544289318E-012  -2.2477889832260253E-011  -2.2731632741039892E-011   3.4179001721747952E-012  -4.5912129213933044E-011  -6.7735936313250944E-012   6.8278059874532327E-011   6.8998451600275595E-012  -6.9126805431697738E-011   1.1800313193898965E-011   2.4586208428358189E-011  -2.6026835161255786E-011   4.9540317818115779E-011   1.7718464717835210E-011   3.9806217948692187E-011  -4.2369291874533364E-011  -9.4409352371494861E-008  -1.1881343858005849E-007   2.9904676906141566E-007   3.7413010657468908E-003   1.5337200778553368E-013   6.2701587814434012E-013   1.2428955440282869E-013   3.8026609814442853E-013   5.2250747622420501E-013  -6.8604738350305207E-013  -5.2186073046923508E-013   8.9893227656313527E-013  -1.4107835385631185E-013  -7.9431213164673034E-013  -4.4554433304630986E-013   1.7208629089892557E-012   3.6660029121006432E-013  -2.1103156938835028E-012   1.6161383243787387E-013   4.9143726303963984E-013  -8.2113182905562631E-012  -6.5842768543232838E-012   1.0700022217840247E-012  -1.6056498517135536E-011  -1.7291908208406995E-012   2.2579320530681382E-011   2.7865367108603831E-012  -2.2082038557922382E-011   2.8306886576371566E-012  -7.9806895793485195E-011   3.8219570887555843E-011  -1.1360811082963481E-010  -7.9665476968348103E-011  -1.6138060775765253E-010   1.5935149191132356E-010   2.2990052720376153E-004  -4.0787142294640894E-011   5.7611971283992593E-010  -1.5759366004378441E-009  -3.2366037509705865E-010   1.5857836627386219E-010  -4.5887583441975387E-010  -3.1765106810155230E-010  -6.4590812935295527E-010   6.4131073740491947E-010   8.5499232261604740E-013  -7.5133887550310286E-012  -6.6280776154658226E-012   9.3339453204827626E-013  -1.4674085114372259E-011  -2.0804435266787529E-012   2.1516884661298399E-011   2.5433357461971865E-012  -2.1354524907957184E-011   3.0445916057425828E-012  -3.1453797904180299E-003   6.8605623425408184E-008   8.8515415072132312E-008  -2.2318906220088891E-007   1.7128633718832353E-008   2.1534588807812140E-008  -5.4197853675375238E-008  -9.5341319071026481E-004  -6.0696263382205035E-004   1.4203664209443902E-013  -1.6780192554772785E-012  -1.3646763989955163E-012   2.3241758211692810E-013  -3.2422371620126284E-012  -4.2297694213889116E-013   4.6710199745940749E-012   5.3724116853555020E-013  -4.5888372223848601E-012   6.1675397477553663E-013
  -2.6863415279521101E-011   1.9921429500356058E-008   1.5182548660921282E-014  -4.8504562715029072E-014  -9.9606395532371903E-009   1.0451756543803039E-013  -9.9607899406201580E-009  -5.4331535484395840E-009  -9.0552850327618955E-010   6.0958332351897383E-009  -9.9394912077638746E-010   1.0228422826727613E-006   4.1526912382293815E-013  -1.4978565675328101E-012  -5.1141917447208426E-007   2.5684318680228685E-012  -5.1142310819641906E-007  -7.0772350538861060E-009  -1.1798601509764701E-009   7.9403906933216704E-009  -4.7069244948568502E-009   5.0684065423426498E-014   1.0589786285575608E-013  -3.2971232664093372E-013  -2.8702962310498047E-014   6.5807144905925998E-015  -3.9296617171257390E-014  -1.1967029379734829E-013   7.9263739592975380E-014   5.4656197587399260E-014   1.8667386266451262E-013   1.2053146662786602E-005   4.4654586792317525E-012  -1.7430154430778101E-011  -6.0265509772814576E-006   2.9314490207025659E-011  -6.0265956856841717E-006  -6.0848293575361669E-009  -1.0139236803507701E-009   6.8190319127387667E-009  -5.8543581461920880E-009  -2.0157563344480323E-013   1.4307027864195706E-013  -3.3997003487290097E-013  -3.0573470291063852E-014  -2.9799942991635096E-013   3.8449767672449553E-013  -9.6093731482063876E-014   1.1152519375245773E-013  -6.3025766278323610E-014   2.5684402612282831E-013   5.2534296747442307E-014   9.0569438344400729E-014  -6.1864667921470039E-014   1.3154619311357199E-013  -1.8375638520517382E-013  -4.3325565736507532E-012   2.7169332143767584E-013  -1.5872360718116618E-012   2.9071926407103758E-012   3.5923209480431499E-015   2.9055423649053547E-012  -8.1882361193769969E-015   4.0521299849079020E-013  -2.6070792811421557E-013   8.8102839041852414E-013   4.1943690475161017E-005   1.5853184040401454E-011  -6.1818441034847178E-011  -2.0971765677025187E-005   1.0454094754871121E-010  -2.0971924798623250E-005  -3.0917129084873113E-010  -1.6008635608985917E-010  -1.6709098728967209E-011   5.9025531739595770E-011   1.6264232811772302E-004   6.0827094003149078E-011  -2.3931914391653254E-010  -8.1320856700537266E-005   4.0385566646883791E-010  -8.1321471417163541E-005  -5.9174328186283249E-012   5.5972494061163918E-013  -2.7585642556510648E-012   3.9695761336985008E-012   8.4576065385067920E-016   3.9694931572414284E-012  -1.7700579785468877E-013   6.9873431331565376E-013  -3.2224670694495832E-013   1.5353066811153721E-012   5.2944798117440176E-009   3.5093733375231936E-009   6.3641440315555604E-010  -4.5819494736274469E-009   1.1028300429294651E-009   1.8362920340608763E-010  -1.2356292216978991E-009   1.7320327068811336E-009   9.4940389643140909E-010  -1.9471953654373888E-012   1.9953494849740008E-013  -9.8130727692300149E-013   1.3060218578133536E-012  -2.2883514567568346E-017   1.3064148110870293E-012  -8.9645014333965631E-014   2.4770389316156865E-013  -7.9263563547943445E-014   5.4679566770896894E-013
   1.9451600729506371E-011   1.5182548660921282E-014   1.9921377831891821E-008  -9.8985827619377185E-014   2.3411635322419210E-014  -8.5289109914905339E-014  -3.8595791119602605E-014   4.4471101282784005E-009  -6.0906575600131733E-009   2.3845485860925371E-009   7.1925597303324638E-010   4.3876553541128192E-013   1.0228409668796627E-006  -2.6980497566536955E-012   7.3537871329849355E-013  -2.3455079677325973E-012  -1.1741548988245012E-012   5.7925558470682205E-009  -7.9334077366675169E-009   3.1054163530102975E-009   3.4059967873057536E-009  -7.9193518631659530E-014   4.9915565686374577E-014  -3.3503774654692368E-014   1.7411280373744273E-013  -2.7675685209303607E-013  -6.7863263585346631E-014  -2.3636763789062181E-014  -2.5349222155327175E-014  -1.8204886861535866E-014   4.3866994395622193E-014   4.6691514942510235E-012   1.2053131399550337E-005  -3.1290657079885757E-011   8.5654783377319371E-012  -2.7185497862904243E-011  -1.3234707690649700E-011   4.9727071741467001E-009  -6.8178660657030261E-009   2.6644568631635818E-009   4.2360619816515233E-009  -7.4787412472776623E-014  -1.1570356248394688E-013   1.2946152239648977E-013   1.6352365522603377E-013  -2.6621443838102477E-013  -3.2196345229776394E-014  -8.8232756523972422E-014  -3.1551159209905533E-013   2.7361134720706006E-013   1.0570743885270171E-013  -7.5862494415005899E-014   1.2053099707526847E-013  -3.0307896831357327E-014   7.7893355521862594E-014   3.5556353716574680E-014  -1.3965833804349069E-013  -4.4759473689745275E-012   7.0124115742470084E-014   1.7313464302257129E-013  -1.3303981969151083E-012   1.4237237043041185E-014   2.4951182129775398E-012   6.8716916049063573E-014   1.1283931425183775E-012  -1.0348545509489262E-013   1.6531939394826995E-011   4.1943636032296317E-005  -1.1123221020803345E-010   3.0332610755420725E-011  -9.6701039153416876E-011  -4.6864702143302586E-011   2.2417836377993900E-010   1.7766634625280365E-011  -1.3181711639799186E-010  -1.0709576897684755E-011   6.3466991193267716E-011   1.6264211737095048E-004  -4.3060727044353793E-010   1.1758341063950805E-010  -3.7447951176040601E-010  -1.8105040110214856E-010  -3.2379665466624153E-013  -6.1133788556642025E-012   7.1219433019095602E-014   5.1277054296822855E-013  -2.3064599939739725E-012  -7.8351505006464004E-014   3.4109216370256797E-012   6.8693511711959274E-014   1.5371468004075055E-012  -1.0428473226109933E-013  -3.8272835924794752E-009  -3.4807252545500662E-009   4.1924887213903404E-009  -1.9787745273981293E-009  -9.0117551909984291E-010   1.2357752682788620E-009  -4.8306010694261561E-010  -1.2508872708210258E-009  -6.8697874897473512E-010  -1.2219995392446080E-013  -2.0105054055772510E-012   1.2087178685553628E-014   2.0799297543882316E-013  -8.1978256308440849E-013  -4.4044508703860799E-014   1.1227565991880225E-012   1.0782627008886046E-014   5.0416936437396859E-013  -1.7046106016249255E-014
  -4.4056941648540057E-011  -4.8504562715029072E-014  -9.8985827619377185E-014   1.9921548872628410E-008   8.9814040489044173E-014   4.2117923403441134E-014  -4.1305423887182503E-014  -1.0822416163666276E-008   1.7031424891615407E-009  -6.6084622233932265E-009  -1.6289763220038476E-009  -1.0142336728400845E-012  -2.3389218811056368E-012   1.0228453071113744E-006   2.4092427100605425E-012   1.0499910580704442E-012  -1.3949917487090109E-012  -1.4097495528625723E-008   2.2179491068580501E-009  -8.6077588698608597E-009  -7.7141273574593416E-009   1.9351162847721489E-013  -2.5494900302665320E-014   5.3184015616154776E-014   1.1398852787276008E-013   4.0219084284781165E-014  -3.7361167191265097E-013   3.5045848174840161E-014  -6.6721110385904484E-015  -2.1523121469195691E-014  -3.4667417705134020E-014  -1.1442398480067057E-011  -2.6945637779435318E-011   1.2053181755297766E-005   2.7308743164121402E-011   1.2238352227097724E-011  -1.5866288666375695E-011  -1.2106696155542635E-008   1.9029450909983348E-009  -7.3966042396539471E-009  -9.5940345267101393E-009   2.0941059065753742E-013   1.3914501465474902E-013  -3.2803176933111087E-013   4.5802866813615404E-014   1.0847868041273001E-013  -4.1363751812090403E-013   1.2601691245438517E-013  -1.3156485057327453E-013  -3.5575173917020778E-013   4.2609334046014717E-013  -4.9762921643920820E-014  -2.6473009635007739E-014   4.1632209989713792E-014  -5.4382209111540884E-014   2.1178461976601066E-013   1.0713905774302462E-012   6.9807682877540251E-014  -4.4658115232091782E-012   4.2333080211984124E-013   3.5493456023612333E-013  -1.8607524122358179E-012  -1.0316792499672512E-013   1.1074102560575209E-012   6.8607823893554591E-014   2.5032046337807919E-012  -4.0995617956900999E-011  -9.6155632706970389E-011   4.1943815412177749E-005   9.7136284482235997E-011   4.3574828505736016E-011  -5.6140587298011237E-011  -5.0691594361049319E-010  -1.0337359952041832E-010  -7.4707285124111407E-012  -1.3009539388448548E-010  -1.5857788727720243E-010  -3.7213158230601369E-010   1.6264281190763125E-004   3.7544882372626156E-010   1.6898039006994593E-010  -2.1687093479019303E-010   1.8205599843779551E-012   7.0974887131877308E-014  -6.1058622269728085E-012   7.6551580496442638E-013   5.8673725187562771E-013  -3.2080535070159479E-012  -1.0327645673891909E-013   1.5180479029357664E-012   6.7585352916780983E-014   3.4195548409675515E-012   8.6738373055046321E-009   8.1422664608136088E-009  -1.4122511268533365E-009   4.6189208303384151E-009   2.1937402376929099E-009  -3.4500299108285493E-010   1.3406897414135248E-009   2.8366903262315567E-009   1.5558900470445061E-009   6.4056240871787309E-013   1.1813279757201259E-014  -2.0108824536905194E-012   2.7746495037765252E-013   1.8531886861428529E-013  -1.1368696214323538E-012  -1.6490076053385206E-014   5.0129810819299153E-013   1.0310513230465264E-014   1.1251778237552778E-012
  -2.3050079180289282E-011  -9.9606395532371903E-009   2.3411635322419210E-014   8.9814040489044173E-014   1.9921454091938305E-008  -6.9004691865077166E-014  -9.9608145301968878E-009   3.5579323095808598E-009   2.4075191209573947E-009   6.6724273732744891E-009  -8.5243801386010464E-010  -5.1141920627260378E-007   4.5289681674138449E-013   2.3288922062519141E-012   1.0228428652013437E-006  -1.8086802783881367E-012  -5.1142365888663242E-007   4.6344019077720685E-009   3.1367405865651697E-009   8.6915049144870629E-009  -4.0369809556377667E-009  -2.5677585476567805E-014  -1.2117157113098865E-013   1.0696973890746361E-013   3.9157599862889251E-014   1.1874033299397838E-015  -4.7075827942182571E-015   1.8113704243231768E-013  -3.2024248414439289E-013  -1.2184839178526872E-013   1.5896357122564843E-013  -6.0265513538547732E-006   5.2219660468579285E-012   2.6374340176379466E-011   1.2053153939520444E-005  -2.1708583825417986E-011  -6.0266025854714378E-006   3.9826657001134753E-009   2.6948302207385846E-009   7.4637094081220086E-009  -5.0207628340674546E-009   4.5765480022379457E-014  -9.5714197197472356E-014   7.7078690862254536E-014  -3.9619559160237482E-014   1.4064805237444307E-013  -4.0661173272255927E-014   1.2751165199310781E-013  -2.1503460570111828E-013  -4.2660762765068885E-014   8.3198554040991847E-014  -2.1238729871116794E-013  -4.1510024082734422E-013   4.1280677175282162E-013   3.1026747677034615E-013  -2.1179390553033886E-013   2.1751059234552948E-012  -8.4742508315613470E-014   3.5115542236179082E-013  -3.8720831476170259E-012   5.3448549761215882E-015   9.5387264489866828E-013   1.2540154601707258E-013  -1.6452659722049533E-012  -8.3500739940575970E-014   9.6457284344230681E-013  -2.0971766983101314E-005   1.8755499749666931E-011   9.3906569340578439E-011   4.1943716288325922E-005  -7.7324272697342087E-011  -2.0971949304857836E-005  -2.6534178088862385E-010   7.6235730209946198E-011   3.2594055363383508E-011   5.6734515874944053E-011  -8.1320861771627312E-005   7.2671798956456596E-011   3.6291688262905697E-010   1.6264242892366710E-004  -3.0029202929926423E-010  -8.1321567152039013E-005   2.9663419943482602E-012  -3.0433358249744579E-013   6.5027765248119660E-013  -5.2922996959511753E-012   3.6345852785641491E-015   1.3125345205751296E-012   4.5389974965256579E-013  -2.8091594836273001E-012  -3.0463672742368931E-013   1.6091354830123406E-012   4.5386129272109252E-009  -2.4530196024539481E-009  -1.7573586376823793E-009  -5.0589568805569827E-009  -7.2187166662603286E-010  -4.8813497370172874E-010  -1.3524900087562413E-009   1.4841250353415797E-009   8.1422560612953917E-010   9.7442367427593091E-013  -1.3070443862161205E-013   2.3911000993416353E-013  -1.7407536647903188E-012   1.3559616025145728E-015   4.3342692395678055E-013   1.9493096452296428E-013  -9.9022818890151444E-013  -1.3082291936106952E-013   5.5985040209795683E-013
  -4.9811844587778632E-011   1.0451756543803039E-013  -8.5289109914905339E-014   4.2117923403441134E-014  -6.9004691865077166E-014   1.9921545694636085E-008  -3.5513392855797047E-014   2.5174761493547829E-009  -1.1745296852966978E-008   4.3763057377175008E-009  -1.8422658725620396E-009   2.8475270924745414E-012  -2.0702905031680298E-012   1.1186955617362622E-012  -1.6122544045615620E-012   1.0228452864123349E-006  -1.2352762450590553E-012   3.2785643272699238E-009  -1.5299267658893853E-008   5.7001135379436056E-009  -8.7244227899061234E-009   4.4595728420897177E-014   7.3091826177547946E-014  -8.4194727929045707E-015  -2.5577356882441394E-014   4.3319560188613445E-014  -3.4253407851380951E-014   2.0193861985463035E-013   1.4182644834019506E-013  -3.4402168099234686E-013  -9.9434491522937893E-014   3.2542963098773569E-011  -2.3763810195758402E-011   1.3022799446236958E-011  -1.9104346280677050E-011   1.2053180911759792E-005  -1.3438646882227144E-011   2.8129476779747441E-009  -1.3137713667324362E-008   4.8931166619126899E-009  -1.0850848443085190E-008  -7.6283477378307464E-014   9.3323754124237268E-014  -3.5115878756880475E-014   7.0012630692188188E-014  -1.6205220086895493E-013   6.3969044259788253E-014   1.1917628678260700E-013   1.0960022068731959E-013  -2.8509921597210907E-013  -4.6574951517855840E-014   2.4956839998977525E-013  -2.8825409102475452E-013  -5.0842871464410178E-013   4.0904683660755800E-013   2.5300873678006194E-013  -1.0206559633621890E-013   5.2521775659533627E-013  -1.2338743887531596E-013   6.8983230932306336E-014  -3.2095008326323075E-012   6.7953397334371005E-014   1.0366809952667465E-012   2.6362021281520631E-013  -1.9160724911320666E-012  -1.0452294095590475E-013   1.1569081436941217E-010  -8.4795686115658343E-011   4.6282988800235482E-011  -6.8210110246957358E-011   4.1943812256180638E-005  -4.7480766309644655E-011  -5.7224539313931948E-010  -1.1547822683716109E-011  -9.8406515887734586E-011   1.5803799594165623E-011   4.4711169415895855E-010  -3.2831332652360687E-010   1.7949938020155251E-010  -2.6495907188187501E-010   1.6264279855336168E-004  -1.8215262169924616E-010  -1.0368906679837471E-013   8.5344751642235005E-013  -1.9905860706739406E-013   7.0304897022124718E-014  -4.3994167138085872E-012   6.8809037570090568E-014   1.7943467122965320E-012   5.9185654289092112E-013  -3.2608167630958738E-012  -2.9277435281262695E-013   9.8176893408482044E-009  -2.0902492163672359E-009   8.9126568718214257E-009  -3.4348880829188934E-009  -5.0997813968430954E-010   2.3806760023985852E-009  -8.8679666198218282E-010   3.2132102685245142E-009   1.7596806366590192E-009  -1.6935366858045912E-014   2.9357964890734383E-013  -6.3580472742280571E-014   1.1525902208345104E-014  -1.4484943644075057E-012   1.1195049829949125E-014   6.3502645319926505E-013   2.2042997684490926E-013  -1.1455571136006132E-012  -1.1690855162775998E-013
   4.9911471660917505E-011  -9.9607899406201580E-009  -3.8595791119602605E-014  -4.1305423887182503E-014  -9.9608145301968878E-009  -3.5513392855797047E-014   1.9921604455814102E-008   1.8752223970996546E-009  -1.5019971253516393E-009  -1.2768256049063102E-008   1.8463168016309993E-009  -5.1142307606665519E-007  -8.6824837010581115E-013  -8.3082772781481606E-013  -5.1142369029276196E-007  -7.5977857993639135E-013   1.0228467663130517E-006   2.4428346497985230E-009  -1.9568889108048225E-009  -1.6631889676159509E-008   8.7435686192821130E-009  -2.5006480154798212E-014   1.5273710836199257E-014   2.2274259009732349E-013  -1.0454637910806877E-014  -7.7681125455236359E-015   4.4004200602862161E-014  -6.1466756236295452E-014   2.4097874359873766E-013   6.7192201835149903E-014  -3.4563743494198805E-013  -6.0265953050018341E-006  -9.6883960971375213E-012  -8.9417356916035761E-012  -6.0266029570952976E-006  -7.6062244187769498E-012   1.2053198262081927E-005   2.1021648577979607E-009  -1.6809138042557461E-009  -1.4282736354860486E-008   1.0874707380310794E-008   1.5581015333797448E-013  -4.7356081455694386E-014   2.6289134373364357E-013   7.0193029355029645E-014   1.5735137742390384E-013  -3.4383650319919920E-013  -3.1417920390021656E-014   1.0350941175731251E-013   1.0568652889606295E-013  -3.4004257974419540E-013   1.5985300187472755E-013   3.2453080201522204E-013  -3.5094210357037877E-013  -4.4181366932824192E-013   3.9555029044762831E-013   2.1574506489711588E-012  -1.8695081169619155E-013   1.2360806483961754E-012   9.6489050590417896E-013  -8.9371738304525191E-015  -3.8594150071589970E-012  -1.1721331257299680E-013   1.2400529726111275E-012   3.4420867021820913E-013  -1.8456012322533004E-012  -2.0971923478383718E-005  -3.4612064077946114E-011  -3.2079602335869292E-011  -2.0971950593401222E-005  -2.7217781552499295E-011   4.1943874071905581E-005   5.7442761763783366E-010   8.3849066060371587E-011  -1.5884777093245730E-011  -1.1576221005308604E-010  -8.1321466293065252E-005  -1.3351200048505137E-010  -1.2356467811113291E-010  -8.1321572153722054E-005  -1.0356792855757461E-010   1.6264303844676427E-004   2.9510908226668092E-012  -2.5539135671662075E-013   2.1082866011203177E-012   1.3227235609672195E-012  -4.4803440425817230E-015  -5.2820276743667005E-012  -2.7689395404582449E-013   2.1104251686494230E-012   6.2688343598701014E-013  -3.1444421613611192E-012  -9.8331707154733407E-009  -1.0563634015462091E-009   1.1209504778324011E-009   9.6408905757667894E-009  -3.8095861001734056E-010   3.0450708874760521E-010   2.5881183079751161E-009  -3.2163271307722410E-009  -1.7635618784247596E-009   9.7277169065497820E-013  -6.8830509518539943E-014   7.4219726619642483E-013   4.3473180656490973E-013  -1.3330776326963406E-015  -1.7398417339522425E-012  -1.0528595065457043E-013   7.4252429518687624E-013   2.1008648317639813E-013  -1.1066460688040655E-012
  -8.4063169872913782E-008  -5.4331535484395840E-009   4.4471101282784005E-009  -1.0822416163666276E-008   3.5579323095808598E-009   2.5174761493547829E-009   1.8752223970996546E-009  0.11488106693393006        3.6627159401662516E-008  -8.0983400361155208E-008   3.2018034342066494E-008  -2.5366623265884526E-008   5.4003924370500091E-009  -2.1882722751056301E-008   1.2656868407572114E-008  -7.1466532601455794E-010   1.2709764514117388E-008  0.14962203568613372        1.0931697465037290E-008  -2.6408679254615350E-008   4.3744529756895213E-009  -7.3613068732664645E-010   1.9079570088309470E-011  -1.0881846982489526E-009  -1.6852634444125952E-010  -1.7746619966943598E-009   1.1562487492311456E-009   8.0177059575375745E-010   4.9707125949136535E-010  -1.0947658079081774E-009   4.4059015905070201E-010  -1.8931322997861880E-008   2.2930237167327487E-009  -1.0481857235420830E-008   9.6325287093115503E-009   2.0149001823149719E-010   9.2989625220596007E-009  0.12838797182776218        1.8034106495025508E-008  -4.1112494236014425E-008   3.8816117748278682E-008   1.8316026006396080E-012  -5.1827175989278933E-011  -3.8812481053696427E-011   1.4363772392538284E-011  -9.2061375619609114E-011  -1.7455517743785220E-011   1.1509187001799854E-010   1.1004969791443219E-011  -8.4878715581083662E-011   3.0609797410967030E-011  -8.2830895900428677E-012   3.5655553615089159E-011   3.1070665731673526E-013   3.2963050338277558E-011   9.8317662335466151E-012  -1.4876562359805953E-010   1.9713199740334669E-010  -3.0061074672137445E-010  -4.4479809680588245E-013  -2.3047569335916746E-010   2.0020337762633363E-010  -7.0121810700049890E-012   1.6210082391415571E-010  -1.8772429630185648E-010   1.0324045251680801E-010  -3.1190733040930331E-009   3.6981035313168320E-010  -1.4235725800014517E-009   1.5515653354171712E-009   2.1174167850896944E-010   1.5678982970537063E-009   6.1993678181784996E-009  -5.5540589373591961E-004  -1.2602553584886215E-009   2.8048811898664774E-009   2.4839264918918526E-008  -5.4225638092410516E-009   2.2917590760019468E-008  -1.2390245082243550E-008   1.1989605179909011E-009  -1.2449022001496993E-008  -1.0261771705459054E-010   6.8316822227477180E-011  -1.7342318474458679E-010   1.6509964759453486E-011  -2.2082852883365809E-010   1.2122259920975287E-010   1.1116252338728737E-010   1.0965916923962201E-010  -2.1745745631495964E-010   4.7527338608858133E-011  -2.2085331185494549E-008  -9.5576120186678520E-002  -1.2517992235882264E-008   2.8673698141849615E-008  -2.3276383909947275E-002  -2.8263641628014313E-009   6.4883056452636049E-009  -6.6722284778299898E-009  -5.3669787370810279E-009  -4.0634275060154647E-011   3.6693748681194993E-011  -6.9931501684429949E-011  -5.0265803621079560E-012  -6.5484711010747314E-011   5.9530120106118178E-011   1.9758896970524354E-012   3.2014024894269268E-011  -3.9345110586226687E-011   2.8261819140784846E-011
  -1.0663172268659397E-007  -9.0552850327618955E-010  -6.0906575600131733E-009   1.7031424891615407E-009   2.4075191209573947E-009  -1.1745296852966978E-008  -1.5019971253516393E-009   3.6627159401662516E-008  0.11488107701693499       -9.0279237695577603E-008   5.3072092698434672E-008  -3.4515090426208619E-009  -2.2060616604449089E-008  -1.0489669267607952E-009   7.5817514792500865E-009  -2.1100337372652997E-008  -4.1302660897677213E-009   9.9835739527694496E-009  0.14962203850863215       -2.8443775336733608E-008  -2.6548816596634400E-008   1.9433108167189589E-011  -5.8314333325274834E-010   1.2169642541974797E-010   1.2311221216275338E-010  -1.2124087118904603E-009  -1.4918712946390946E-010   1.7168800596769576E-010  -1.0608571479276598E-009   3.5298853329546280E-010   7.0001010913165952E-010  -1.1964961932697911E-009  -1.6576303284173793E-008   5.6876283999373917E-011   2.7530867101025994E-009  -1.0403257646280732E-008  -1.5565557446269889E-009   1.7455601833158094E-008  0.12838797676707903       -4.5182433977306320E-008   7.1540134784944258E-009   2.8146895942566730E-011  -5.7075046133821646E-012   3.3754154478550080E-011  -8.0982510547000764E-011  -2.4219732108819970E-011   3.1601872348643265E-011   1.5663596840402005E-011  -9.1908444746958946E-011  -1.3358020374169950E-011   3.4750339577415771E-011   1.4413052921803135E-010   4.6720611976519308E-012  -1.7214111753089504E-010   1.3380157828513529E-011   8.0041535197819174E-011   2.0941252261784960E-011  -4.4778875527987436E-011   1.2421863463168251E-010   7.5011299086853940E-011  -1.9729220995374956E-010  -1.0310962241980853E-010  -2.0911861872882877E-010  -5.9827124513084297E-011   3.2547840950146796E-010  -4.7992844478837545E-011  -3.9987091056944138E-011  -2.6762342484992761E-009   2.1480224779797078E-010  -9.5721981928032676E-011  -1.5749723384105446E-009   1.3587289831735448E-010  -6.2338309896510529E-009  -1.2829252079077294E-009  -5.5540620567822406E-004   3.2233418808180128E-009   4.0135546113762024E-009   2.1556481926972988E-008   1.2685731792337102E-009  -8.9005072051318664E-009   2.1985743434626714E-008   4.8869488718768167E-009   2.5396873712167008E-011  -7.2322960800488985E-011   3.4813852099676312E-011   2.7163063882834184E-011  -1.6962719503404081E-010  -6.1237271666001803E-011  -1.5277868489147329E-012  -1.5983850132146225E-011   7.4398561602473289E-011  -1.4034415407435189E-011   1.2770275890034244E-008  -1.2060617630863419E-008  -9.5576123593479292E-002   3.1429843370201166E-008  -2.7106490761263632E-009  -2.3276384686190407E-002   7.0871423049097958E-009   4.4120907653292375E-009   2.1847334739894988E-009  -3.3280351743896085E-013  -1.7700903471509120E-011   2.5499177038120669E-011   1.9431205174971413E-011  -5.1038743452800448E-011  -1.8984748030892139E-011  -4.0482219501952195E-011  -4.0978506247418498E-011   7.2010175906065463E-011   1.1537664243959970E-011
   2.6858824528502874E-007   6.0958332351897383E-009   2.3845485860925371E-009  -6.6084622233932265E-009   6.6724273732744891E-009   4.3763057377175008E-009  -1.2768256049063102E-008  -8.0983400361155208E-008  -9.0279237695577603E-008  0.11488123045678689       -1.2996102880314370E-007   1.1674501847078674E-008  -8.2269136217449223E-010  -2.1344465600731580E-008   1.2809963902755976E-008   4.8680519578413713E-009  -2.4484461754397828E-008  -1.9906610462027729E-008  -2.3279660937929613E-008  0.14962208240677219        6.9073530567544503E-008   4.6501473257845877E-010   1.3224092845593994E-009  -2.9568920062193347E-010   2.9391505131760439E-010   1.8105497296633242E-009  -9.1779548321633548E-010  -1.2058275646901923E-009  -1.2462656766138769E-009   2.9537634461110276E-010   1.1493151908569945E-009   5.8202403614178369E-009   1.1502174542486255E-010  -1.6710330456757539E-008   5.9914261090343433E-009   1.9204613280898308E-009  -1.1811984985661671E-008  -3.7330421803966784E-008  -4.2212845886691085E-008  0.12838805110262699       -1.1870386753400870E-008   2.0273228940298137E-011   3.4370916522530858E-011   1.0387153440251745E-011   6.1316510729597669E-012  -6.5569694033510457E-012  -4.2018982625288851E-011   3.5241003693182895E-011   1.2830632992027770E-011  -9.3394593020552009E-011  -1.9950196200801234E-011  -5.2507002341398489E-012   1.5328047707388462E-010   2.8210962719102228E-012  -1.4839329961725788E-010   2.2158222144063603E-011   1.7238038910903379E-010   2.3175368837824445E-010  -2.4480281060344473E-010   1.4778216845435340E-010   1.5710752614241408E-010  -3.7904911919748153E-010   1.7983342660465092E-010  -1.3397284920825268E-010  -4.7302692550311402E-010   2.8234330063520584E-010   9.9253226928943455E-010   1.8340798539664562E-010  -2.6700013100632768E-009   8.1461271195597735E-010   5.5471261488207455E-010  -1.8079642542407142E-009   1.8046214904153600E-008   2.9613113180428316E-009   3.3464227666731336E-009  -5.5541177622008085E-004  -1.2275216102094961E-008   1.1459526053705228E-009   2.1333632141675127E-008  -1.3273133708982613E-008  -4.4952061484728668E-009   2.5548359153334752E-008   8.0907230133598495E-011   2.3303772910161508E-010  -6.8517489614829446E-011   7.7431978626161897E-011   2.7661477011101704E-010  -1.8597800544231073E-010  -1.5160650530102354E-010  -1.2171050347461543E-010  -2.9636443455019430E-011   1.4178811221661829E-010  -3.8641362992769503E-008   2.5606376783929587E-008   2.9006475088061943E-008  -9.5576174972401839E-002   5.7156070175713843E-009   6.4776311444246001E-009  -2.3276396222211709E-002  -1.3276324835461542E-008  -7.0647534529900684E-009   3.8499868347906405E-011   5.1233799034642301E-011  -5.5609404468854031E-011   2.8133037459370138E-011   4.2075847032291185E-011  -7.9786196811924292E-011   3.0061426219500453E-011  -4.3466346488719002E-011  -9.1565612027525056E-011   7.3845429562352549E-011
   6.3519747776686177E-004  -9.9394912077638746E-010   7.1925597303324638E-010  -1.6289763220038476E-009  -8.5243801386010464E-010  -1.8422658725620396E-009   1.8463168016309993E-009   3.2018034342066494E-008   5.3072092698434672E-008  -1.2996102880314370E-007   2.3504184920514072E-002   6.5858887657751858E-010  -3.9562861012298528E-010   1.0648155828614247E-009   6.3373600184677708E-010   1.2661299066469091E-009  -1.2927180839451428E-009   4.1630977614670720E-008   8.1612964928067576E-008  -2.0261267352399051E-007  0.11137276725221054        9.2454768915908452E-011  -8.3160084212677319E-010  -8.4078118159039375E-010   1.2639318150220568E-010  -1.6985049840518114E-009  -2.5043099817457363E-010   2.5256469575911065E-009   2.5530809689088594E-010  -2.5569125216675788E-009   4.3638570416354465E-010   1.6019232690804033E-009  -1.2246250483526119E-009   2.7250222625604771E-009   1.3638458295539623E-009   2.8914861891993616E-009  -2.9680052858395316E-009   1.9386470035484672E-008   7.2415226459784164E-008  -1.8641126156207008E-007  0.13845150859433886        5.5214509363892614E-012   2.3090263822851971E-011   4.5727848393502324E-012   1.4064985133965104E-011   1.9243014305886639E-011  -2.5027023870452463E-011  -1.9283462763863124E-011   3.3177258059243221E-011  -5.1072834452166985E-012  -2.9301579470270142E-011  -1.6298661427149542E-011   6.3408737831605814E-011   1.3324118503845731E-011  -7.7751585555923462E-011   5.9600449573548463E-012   1.8174153044667450E-011  -3.0354438253124328E-010  -2.4352960800263500E-010   3.9564062438223237E-011  -5.9364683169618312E-010  -6.3941918757285011E-011   8.3485981406409865E-010   1.0301585919099892E-010  -8.1653830680463353E-010   1.0473351890910758E-010  -5.0939684585438299E-010   4.8486229666671714E-010  -1.0545855456375795E-009  -4.5676903475917159E-010  -9.7397137964609206E-010   9.6197803940824841E-010   7.3883858263966932E-003  -4.9064830589962099E-009   1.6198205401283334E-009  -6.0196289044185162E-009  -2.5341919074346213E-009   2.2875193340137013E-009  -4.8232609126015292E-009  -2.1230020552398025E-009  -4.5860233714098782E-009   4.6571669369809285E-009   3.1761659377490241E-011  -2.7970782972219636E-010  -2.4679575132927134E-010   3.4716028850473403E-011  -5.4640281845855011E-010  -7.7327147768139918E-011   8.0101865034711515E-010   9.4744202470093589E-011  -7.9497085284799656E-010   1.1333271089326788E-010 -0.12433546822186602       -9.3881387798903780E-009  -5.3722831882695933E-008   1.3890620641274139E-007  -2.9155407736505647E-009  -1.3363556755927528E-008   3.4552964160059694E-008  -4.0405435414362610E-002  -2.2451628705036506E-002   5.2888489994849579E-012  -6.2642156984464670E-011  -5.0786259152494848E-011   8.6571827510625858E-012  -1.2092245741545430E-010  -1.5752814481516950E-011   1.7412579884686380E-010   2.0046085441125636E-011  -1.7097306079981002E-010   2.2913119162374897E-011
   1.6185613147323796E-011   1.0228422826727613E-006   4.3876553541128192E-013  -1.0142336728400845E-012  -5.1141920627260378E-007   2.8475270924745414E-012  -5.1142307606665519E-007  -2.5366623265884526E-008  -3.4515090426208619E-009   1.1674501847078674E-008   6.5858887657751858E-010   5.2516631135846490E-005   3.6830903364598733E-012  -6.1470193835545480E-013  -2.6258312176736794E-005   3.2671887985450584E-012  -2.6258318958891944E-005  -3.3061092842066598E-008  -4.5172885949902329E-009   1.5248539418940006E-008   3.2470986419645567E-009   2.5996992561387120E-012   5.4317227964418771E-012  -1.6932100830719783E-011  -1.4745295278030256E-012   3.2503788669959289E-013  -2.0133209968215168E-012  -6.1338124947950875E-012   4.0742463781202600E-012   2.7976253118531276E-012   9.5837048955915640E-012   6.1885460644709735E-004   2.1360953695741253E-011   3.9926734635493680E-012  -3.0942730502835428E-004  -1.0143703283043514E-011  -3.0942730142793874E-004  -2.8409008655994929E-008  -3.8868134273177369E-009   1.3089933067786661E-008   3.9060830201191231E-009  -1.0349656308548334E-011   7.3456208912440295E-012  -1.7455462007427663E-011  -1.5697438338209009E-012  -1.5300550098661834E-011   1.9741551030453095E-011  -4.9337063606965139E-012   5.7261606508400369E-012  -3.2359287911345537E-012   1.3187431937599815E-011   2.6973154876686454E-012   4.6500770491256942E-012  -3.1763920382186991E-012   6.7542781461357574E-012  -9.4347260320225698E-012  -2.2245066770154560E-010   1.3948933047979139E-011  -8.1495546016210417E-011   1.4926642715679891E-010   1.8257529782420636E-013   1.4918248236147784E-010  -4.1936039036926287E-013   2.0806339908100852E-011  -1.3386316275771786E-011   4.5235084424874752E-011   2.1535493419516283E-003   9.0462951801868906E-011  -4.5925998623087943E-011  -1.0767745862919780E-003   9.4583454811262467E-011  -1.0767747556846823E-003   8.1773028108799385E-011   4.9381084335952839E-010   8.6047699005396719E-011  -3.1753939336737157E-010   8.3506786057330855E-003   3.1762294401068653E-010  -1.5807193369077680E-010  -4.1753390334013374E-003   2.8895038709373706E-010  -4.1753395723306041E-003  -3.0382387465171228E-010   2.8737332938740494E-011  -1.4163634373736124E-010   2.0381356634036584E-010   4.1508902367741862E-014   2.0380893953421025E-010  -9.0861206049413112E-012   3.5876831340607556E-011  -1.6547021094888967E-011   7.8828490954547203E-011  -3.6858619841039657E-009   2.4861491235846485E-008   3.3180293865348593E-009  -1.1483508644421534E-008   5.2362854914772890E-009   7.0672137571027429E-010  -2.3899297587308535E-009  -1.2746136751670544E-009  -6.2841078204781937E-010  -9.9976587161811069E-011   1.0244691867372663E-011  -5.0384295205993230E-011   6.7056245124087312E-011  -1.5192406829127459E-015   6.7076419181992876E-011  -4.6025442225145944E-012   1.2718400173383253E-011  -4.0697319800507735E-012   2.8074500038753505E-011
  -1.0029494878003603E-011   4.1526912382293815E-013   1.0228409668796627E-006  -2.3389218811056368E-012   4.5289681674138449E-013  -2.0702905031680298E-012  -8.6824837010581115E-013   5.4003924370500091E-009  -2.2060616604449089E-008  -8.2269136217449223E-010  -3.9562861012298528E-010   3.6830903364598733E-012   5.2516632106766923E-005   5.9181965545646964E-013  -3.8737070631092662E-013  -7.6446194002501304E-014  -3.2962659117884358E-012   7.0576468573876056E-009  -2.8750795941791507E-008  -1.0835895945477199E-009  -1.9754556814821161E-009  -4.0652394052638367E-012   2.5612598880319586E-012  -1.7161307475021687E-012   8.9397577929036864E-012  -1.4208626557892015E-011  -3.4856523484884841E-012  -1.2174151284755709E-012  -1.3041998767537226E-012  -9.2799582858630283E-013   2.2512503029270201E-012   1.7373152447757936E-011   6.1885463007008167E-004   3.2119938639591887E-011  -9.4927189571385236E-012   2.3067755452879480E-011  -7.8844274269606768E-012   6.0457466046864864E-009  -2.4704230141605980E-008  -9.4495839599572652E-010  -2.3706603476475032E-009  -3.8398121895996631E-012  -5.9406292276976709E-012   6.6471643861389157E-012   8.3956952851362490E-012  -1.3668388761823844E-011  -1.6529514069864571E-012  -4.5303761038151122E-012  -1.6199911175022519E-011   1.4048433790215206E-011   5.4275624335291354E-012  -3.8946272011609782E-012   6.1881910221667565E-012  -1.5566654922478221E-012   3.9996154982145590E-012   1.8258338507857391E-012  -7.1702599846514458E-012  -2.2981274657228462E-010   3.6014392722672707E-012   8.8895435348083605E-012  -6.8307430566149176E-011   7.3039798641256622E-013   1.2810712281745399E-010   3.5279526854707883E-012   5.7938910164274082E-011  -5.3139073162237001E-012   7.4946082215452707E-011   2.1535493559208777E-003  -8.6863615961267973E-012  -5.9782303360315572E-012  -2.7349820615534123E-011  -6.8975648649096859E-011  -3.9044929189001468E-011  -1.5786817555436867E-010   4.2759108119394228E-010   2.2402180180777374E-012   2.5782208387600540E-010   8.3506786784983012E-003   2.7190743692319938E-012  -2.4966019739399852E-011  -8.0723673898535669E-011  -2.3285602659631789E-010  -1.6624517628699865E-011  -3.1388468191306012E-010   3.6568428065368610E-012   2.6327804594207012E-011  -1.1842252250214057E-010  -4.0236615078075889E-012   1.7512880589627568E-010   3.5270570794494801E-012   7.8924709093136280E-011  -5.3545515584645886E-012   2.2458432086841138E-009  -5.2712992178036473E-009   2.1604030743132212E-008   6.9923562514816046E-010  -1.0996960921692464E-009   4.5532099452832948E-009   1.7078631322606985E-010   7.8158450567893332E-010   3.8033719292767280E-010  -6.2740754219887411E-012  -1.0322720642209953E-010   6.2069808962013831E-013   1.0679271888128477E-011  -4.2090831282695671E-011  -2.2617151256600511E-012   5.7646340635392102E-011   5.5359760487750816E-013   2.5886524915380484E-011  -8.7526624222781301E-013
