   1.8227237586187679E-005   4.8179867218489322E-017   3.6485983963746760E-018  -7.7170017777289746E-019   7.5976506071734955E-017   4.7219021656776444E-018   5.2235585277040061E-017   1.1138518228891953E-016   4.3224181334125514E-016   4.7772665827446211E-016   1.3350038570324890E-003   9.9295888096496047E-017   4.0961678853361730E-016   4.4711995318705541E-016   2.1077333238206207E-017  -5.1469833431817240E-019   4.2064585923371678E-021  -3.2941021381678714E-017  -3.1808548766175716E-018   5.2899794328938295E-018   3.5299670988040662E-003  -3.5436749660494610E-020  -1.0837861668017098E-019  -2.8532864899582396E-019   6.9822672622818062E-020   3.0551242348090403E-023   6.5040961071544339E-020  -2.6334469123051361E-019  -2.7957289569080050E-019  -7.7409776570577701E-020   5.5533394535189034E-020   1.0688922343761753E-016   4.2426107910209088E-016   4.6252753729913057E-016  -3.8951309967334303E-016   5.1447353994911212E-019  -4.7882043804921546E-019  -3.4425661440030559E-016   2.7321160083505878E-019  -3.4693746478300062E-016   2.0141190461418503E-003   1.6069527169758715E-016  -3.7017352143647460E-019  -7.2758140026677657E-020   9.2674410032605647E-017   5.0420013316479737E-021   1.4121691889127813E-016  -3.3565003284967130E-019  -2.9031242556040031E-020  -2.6383999815343625E-019  -3.2523566992344260E-021   1.9814678840176962E-016   7.1096537145717915E-020   7.8771089430706322E-017   8.3942567587254551E-020   1.7719200903063967E-016   9.3284971536238243E-017   3.7385269468811019E-016   4.1093756116008028E-016   6.4809798307936864E-021  -6.4998014160385332E-020  -6.5690491182076895E-021  -6.3080897582689485E-020  -2.1160113554252745E-022  -6.2498128743648462E-020  -1.6405920009657865E-019  -4.1143338745633076E-020  -8.4815747590306981E-020  -1.3153652046911654E-020   1.4067067127152484E-016  -1.4716011399087049E-019   2.5589470880993211E-019   1.3717128122020498E-016  -5.4968626407107639E-020   1.4891241975005649E-016  -6.6148716483403400E-004  -1.1329678213268151E-003  -1.0327206132885900E-003  -1.0025232988621341E-004
   4.8179867218489322E-017   1.2799271129651461E-028   9.6963327969439183E-030  -2.1977774110191161E-030   2.0011428448910072E-028   1.2575690138735937E-029   1.3771737352846640E-028   1.2367776642659317E-016  -6.4110642539360070E-017  -1.3077685083157137E-016   3.5175207635233181E-015   1.1569289732797434E-016  -5.9971538937332338E-017  -1.2233365149840800E-016   5.6582509203181046E-029  -1.4744532711938172E-030   2.3075133448614048E-031  -8.3836661269075233E-029  -8.5744844597388173E-030   1.7417352291985997E-029   9.3034830267186523E-015  -9.9502044350076265E-030   2.2360683411882467E-031   9.0144462217908863E-031  -4.5186140481698819E-030  -4.4578253826516039E-033  -4.4144420918460136E-030  -1.3658040094313809E-031   9.7493184384502563E-031   2.0378535200765521E-031   3.0508125826612237E-030   1.2077208550733408E-016  -6.2604429449230135E-017  -1.2770438428304350E-016  -1.0189364465720398E-027   6.9867150035083465E-031  -1.7547132485061555E-030  -8.9974387915032126E-028   1.1697969451245995E-030  -9.1008051970783735E-028   5.3022748578082391E-015   4.1968731200564718E-028  -6.1470096477577289E-031  -5.2950030834584936E-032   2.4278255011565076E-028  -9.8472323827907620E-032   3.7035169673550905E-028  -5.7824633909337548E-031  -1.8353103115533083E-032  -5.1642331278704065E-031   1.1991989530841961E-031   5.1836373897950099E-028  -4.2115706773581549E-032   2.0686953478939633E-028   1.3804433621243858E-032   4.6545868301695865E-028   1.0624285598009347E-016  -5.5072936380546103E-017  -1.1234117925856477E-016  -5.5518839391314992E-030   2.9001202538831331E-031   1.4223701146970560E-030  -2.5387406295093536E-030  -2.1201092905176487E-033  -2.5740109591985884E-030   7.3021072242140147E-031   1.1415876304864707E-030   2.7245038865447620E-031   3.1164778760635131E-030   3.7010627995873275E-028  -3.2713076059067989E-031   7.9094179067930458E-031   3.6109073871037464E-028  -1.9534927249375134E-031   3.9227606075940684E-028  -1.8344572990927902E-015  -3.1810151560810182E-015  -3.0082519740157358E-015  -2.6407706076281842E-016
   3.6485983963746760E-018   9.6963327969439183E-030   1.4963274492351937E-030  -2.7230113838579784E-031   1.3419619634550950E-029   6.6950013284937214E-031   1.0487553747678618E-029   3.5714516918540406E-017   1.1624356951451411E-016   8.6756644227072129E-017   2.4654998392749788E-016   3.3408720567635057E-017   1.0873866614385980E-016   8.1155472184563821E-017   5.2966284730017730E-030  -1.0251528769216909E-030   2.4771665231184307E-031  -2.4536694882007171E-030  -5.4487775363755110E-031   3.7868290177788318E-030   6.5666029700146283E-016  -2.7421058115390975E-030  -8.3858915078719756E-031  -1.4123194123624296E-030  -1.2114526210462446E-030  -4.2481567113100357E-033  -1.2355820185807207E-030  -8.1355412797871872E-031  -1.5233705923378929E-030  -6.6674893702732145E-031  -2.3566004954224348E-030   3.4875441364793227E-017   1.1351254734548794E-016   8.4718386801876027E-017  -6.6678540922401571E-029   1.7842233230852511E-030  -5.7496490153062617E-032  -5.5003919639893154E-029  -6.8582209434630600E-031  -5.2994504055696607E-029   3.6352668541343477E-016   2.5827323113671385E-029  -5.9141949361059122E-031  -1.0855278411993836E-031   1.5768121233562567E-029   8.5837855507695869E-032   2.2669151668681380E-029  -5.1816221106363358E-031  -6.5401309445060835E-032  -2.2734604094780812E-031  -1.0181896742597863E-031   3.0881723185315317E-029   2.6478657568117146E-031   1.2543085619409078E-029   2.4140821708227554E-031   2.6324772043085555E-029   3.0679825380153636E-017   9.9856661155608547E-017   7.4526521008964867E-017  -1.5631782211751386E-030  -8.9998626205075118E-031  -1.0350804268335958E-030  -7.3440144424655359E-031   5.2737584691412377E-034  -7.1305883213788336E-031  -2.2347376919731550E-030  -8.9177159615764229E-031  -9.3336231034064121E-031  -2.3259126434036272E-030   2.4673691192520798E-029  -4.4148725805254654E-031   3.9853876015949749E-032   2.3776038327589767E-029   1.7067963792866714E-031   2.4906812100400525E-029  -2.8999388186547731E-016  -5.6824832025236806E-016  -7.1724756934495526E-016  -1.8383211253307303E-017
  -7.7170017777289746E-019  -2.1977774110191161E-030  -2.7230113838579784E-031   3.9179284041007397E-031  -2.2421701848027110E-030  -2.8508939677508755E-031  -1.7894394234445818E-030   4.5786290790790342E-018   1.1736940212555226E-016  -4.3172976298664491E-017  -4.4956314152514070E-017   4.2830241785075734E-018   1.0979181288510843E-016  -4.0385647789240069E-017  -6.2707914348954236E-031   1.9391922072941124E-031  -1.8250644852937943E-031  -3.0103109715068215E-031   2.8363985028721325E-031  -1.9482058048896995E-030  -1.2152348173890955E-016  -5.0422862732859840E-031  -9.0409297060660066E-031   3.0261035807116476E-031  -2.5963033941888879E-031   3.1468146296900972E-033  -2.8848759226923405E-031  -9.8614053506488721E-031   1.6482793127168245E-031  -7.3743941618690658E-031   1.9575153432616388E-031   4.4710589350196244E-018   1.1461192968635455E-016  -4.2158671973125541E-017   9.1541306987863736E-030   3.6562936349602017E-031   4.3669185340026653E-032   6.9933351362403338E-030  -2.6445854894537732E-031   9.8079395750168557E-030  -6.3104359162799162E-017  -2.5630336953105523E-030  -2.3251185635984564E-031   4.1499436170480148E-032  -2.1669067900173611E-030   6.7638775373496871E-032  -3.3650279908560821E-030  -2.0168601276832259E-031   2.2290877043342062E-032  -1.2035137844236612E-031   3.7453688444673572E-032  -3.5038692947258841E-030   1.2826639255895683E-031  -2.2483129084915944E-030   1.0937650297736743E-031  -4.8507370396878163E-030   3.9331776752583232E-018   1.0082378463631184E-016  -3.7086862381635359E-017  -1.9232618922780216E-031  -9.4084183102452788E-031   2.6060890912069667E-031  -6.0295346723683078E-032  -2.3813548937600921E-033  -4.3355014755326698E-032  -2.3231702507903464E-030   2.8285138237531948E-031  -9.8911315930283042E-031   6.4519982620417214E-031  -4.3444847220319688E-030  -8.6197619891552346E-033  -1.5483906541968411E-032  -4.2951042836364802E-030   2.2539948436728174E-032  -4.8504122951754610E-030   1.1612281955554727E-016   2.3890469493701788E-016   3.2919898908153185E-016   3.3024695922899052E-018
   7.5976506071734955E-017   2.0011428448910072E-028   1.3419619634550950E-029  -2.2421701848027110E-030   3.2333570136883390E-028   1.9977916398206640E-029   2.1843985499774915E-028   6.9848089774196592E-017  -1.8107439613933052E-017  -5.3005615053161051E-017   5.6427494606435509E-015   6.5338565793035414E-017  -1.6938389272803025E-017  -4.9583472901667919E-017   8.5236528564898207E-029   2.0816201596786544E-031  -1.0716845412745729E-030  -1.5236843668560130E-028  -1.3083723527830647E-029   1.0017190067693850E-029   1.4902448110894806E-014  -5.4760749874261606E-030  -5.2009055055402898E-031  -4.1619367284722773E-031  -2.4997013146775922E-030  -2.5834128621727385E-033  -2.4632383349546051E-030  -1.2912050220879459E-030  -2.9645830562371726E-031  -3.3047000513781129E-031   1.2202869581425096E-030   6.8207081308662666E-017  -1.7682024090152968E-017  -5.1760303072499146E-017  -1.6730434215860404E-027  -1.6903741749617909E-031  -1.3526520574972311E-030  -1.4905888227779546E-027   1.8223687129533167E-030  -1.4991428738959332E-027   8.5450776749229906E-015   6.9721906568184724E-028  -1.1939622452400440E-030  -2.6386635576669280E-031   3.9820695557816230E-028   7.6492423844513976E-032   6.0903761758321277E-028  -1.0786690235027043E-030  -5.2262109673776473E-032  -1.1260167267290434E-030   5.7276202946065890E-032   8.6040078165367662E-028   2.1301580139546533E-031   3.3919322828388231E-028   2.6901251821127228E-031   7.6718646247594255E-028   6.0001573094128657E-017  -1.5554825694656416E-017  -4.5533389621584875E-017  -3.1822825137410362E-030  -1.1127988707657557E-031   5.0753507484631317E-031  -1.4522961507204880E-030  -1.9418915750241578E-033  -1.4594510906454512E-030  -4.0278862402082440E-031   2.6517390436890727E-031  -2.7863935396099259E-031   1.2551398030772788E-030   5.9880155859787292E-028   2.0084208849876882E-031   9.4055762179673229E-031   5.8430142575460945E-028  -5.4283609058943892E-031   6.3565320909948140E-028  -2.1625045795810509E-015  -3.4337606751295928E-015  -2.3777872876805391E-015  -4.2423950512098016E-016
   4.7219021656776444E-018   1.2575690138735937E-029   6.6950013284937214E-031  -2.8508939677508755E-031   1.9977916398206640E-029   1.3797004226382185E-030   1.3355733540207525E-029  -1.6826091562697722E-017  -9.1717873781525436E-017  -4.3921012055730052E-017   3.4891211454818415E-016  -1.5739767460549198E-017  -8.5796395432509858E-017  -4.1085388951621160E-017   5.0420024859020094E-030   1.7565706118119556E-031  -1.0219801869619537E-032  -9.2496770079294191E-030  -9.2850357698833905E-031   1.2519365008362803E-030   9.2187653921571896E-016   1.2847312333734893E-030   6.5091340258573606E-031   6.7050454838342835E-031   6.1120041237217738E-031   1.5542752696940033E-033   6.3299171641718724E-031   6.1013014360327468E-031   7.6027459134615482E-031   5.2175526046091872E-031   1.4045661542958275E-030  -1.6430779983163974E-017  -8.9563057410697272E-017  -4.2889133405488334E-017  -1.0161807820479135E-028  -7.6544383083239695E-031  -2.2498947568747918E-031  -9.0904551267360812E-029   5.1638865739882754E-031  -9.3956785815531724E-029   5.2765641987530252E-016   4.2088272083149273E-029   2.4229798232016722E-031   3.1513961212775965E-032   2.4241901211331482E-029  -7.0742259201827713E-032   3.7579197144422118E-029   2.0616782599228529E-031   2.0226436136528549E-032   6.9142350771993112E-032   5.0913352382741001E-032   5.2513057353299666E-029  -1.5693731713609520E-031   2.1149744994261123E-029  -1.3416943993879161E-031   4.8304755411497029E-029  -1.4454109855426533E-017  -7.8788363798231294E-017  -3.7729447201058448E-017   7.3654219092328948E-031   6.8986468736813472E-031   5.7348490464837185E-031   3.1154159294609750E-031   9.9590337235182279E-035   2.9460557853229605E-031   1.7179803438522192E-030   4.7127518232600039E-031   7.1911231610330968E-031   1.2639949526956375E-030   3.7087968814635545E-029   1.4236667766095569E-031   8.9466462471612330E-032   3.6320697365955630E-029  -1.0119824410630883E-031   3.9897217998682564E-029  -1.4797617930870503E-016  -2.4282731228140046E-016  -1.9176616018534912E-016  -2.6221127558052170E-017
   5.2235585277040061E-017   1.3771737352846640E-028   1.0487553747678618E-029  -1.7894394234445818E-030   2.1843985499774915E-028   1.3355733540207525E-029   1.5032048385148055E-028  -6.3352834705697940E-017   1.8401976900794467E-016  -1.6568758442426913E-017   3.8354260918457807E-015  -5.9262656602027185E-017   1.7213910678756402E-016  -1.5499048250270447E-017   6.0792770672028630E-029  -1.4877536996335154E-030  -1.7040413057053280E-031  -9.5901803398940381E-029  -8.8783504694801418E-030   1.3172605315678620E-029   1.0139294420207171E-014   4.6688968833088687E-030  -1.7130914726225685E-030  -9.6540237892898194E-031   2.4898526110561813E-030   7.9153250449190881E-033   2.3785163120371821E-030  -2.2937864372698035E-030  -1.1772133868698245E-030  -1.3744752632919319E-030  -4.9186450334589078E-031  -6.1864425525107136E-017   1.7969641528783806E-016  -1.6179492637811178E-017  -1.1234386910537176E-027   2.4907681282564373E-030  -1.2787073412172025E-030  -9.9313873334720452E-028   2.1800864310396080E-031  -9.9646941546562583E-028   5.7904123383942836E-015   4.6443765226194028E-028  -1.5566340499727514E-030  -1.9843815735323111E-031   2.6715393901604117E-028   1.3427991781167594E-031   4.0661592739744069E-028  -1.3934456313969347E-030  -7.8608254656236997E-032  -9.8879799005629153E-031  -1.6608184163324083E-033   5.7185044347082051E-028   4.6457774357182986E-031   2.2626763856076722E-028   4.6929167311706934E-031   5.0872456305589304E-028  -5.4421957058582185E-017   1.5807841927519284E-016  -1.4233053101038650E-017   2.8976319204544670E-030  -1.6554929884162268E-030  -1.3349567204296857E-031   1.0473027572653064E-030  -3.4339035057310054E-033   1.0872595854170321E-030  -4.0825824382067830E-030  -1.3219889606383432E-031  -1.7771143453467379E-030  -1.9452556234340643E-031   4.0431762546359298E-028  -5.6135972150530148E-031   7.0811013222788183E-031   3.9406495442795862E-028  -7.5644737431778901E-032   4.2729110545766191E-028  -1.8227371357211579E-015  -3.0887809925429198E-015  -2.7232247015676982E-015  -2.8808281761299148E-016
   1.1138518228891953E-016   1.2367776642659317E-016   3.5714516918540406E-017   4.5786290790790342E-018   6.9848089774196592E-017  -1.6826091562697722E-017  -6.3352834705697940E-017   7.2592604589107504E-002  -1.1743151843007348E-016  -1.6380600760361439E-016  -3.7701174245094298E-016   6.7905889572185588E-002  -7.8428827582564488E-017   1.1114540458418302E-016   1.7141371564824668E-016  -2.4336119110182908E-017   5.6889621188580712E-018   2.7638596970322991E-016  -1.2196295398509268E-017   3.1605675153659992E-016  -5.1098495286726383E-016  -5.6390782072470526E-015  -1.6965974322786886E-019  -3.4054240594143398E-017  -2.7016631685069009E-015  -5.0671905274775163E-018  -2.6541526529433748E-015   4.0827208653948906E-017  -1.1367301157095467E-017   1.5186639126077124E-017  -4.9905755817735113E-017   7.0887116592938546E-002  -1.5265474826693280E-016  -6.9652083941352488E-017   2.7011401186648886E-016  -1.5600831484703049E-018  -7.6842395992662976E-018   1.2929877316026327E-016   1.3202154502784348E-018   1.4643988283696829E-016   5.3922923068611870E-016   3.5033243140300802E-017   9.2816246235975367E-018  -2.4155015234518032E-018   3.4736272994479485E-017  -1.4731975694487675E-018   2.5128861104144915E-017   8.8228876428511129E-018  -9.0917551286727120E-019   3.9126324136623446E-018  -2.3454394187795031E-018   9.7186540643603980E-017  -6.5060311370650755E-018   4.4418581449805216E-017  -6.4946351543872405E-018   6.5260357562881579E-017   6.2359192419265533E-002  -8.7165337158782501E-017  -3.5302074487033278E-017  -3.2650965029411397E-015   8.9270822853752738E-018   9.6800876832103496E-018  -1.3843033459695316E-015   1.9279076471846008E-019  -1.3927407493858092E-015  -8.1297383897076492E-019  -5.8444079408968764E-018   8.0073132635684912E-019   1.1334239616728935E-018  -5.0971956002262756E-018  -4.7588935771261544E-019   5.7836871834631910E-018   2.0948866717842515E-017  -1.1222810555103570E-018   1.2872131069296868E-017   2.2778456634406574E-016  -6.6262221150441869E-017   1.0059573554616794E-016  -2.0195533803413640E-018
   4.3224181334125514E-016  -6.4110642539360070E-017   1.1624356951451411E-016   1.1736940212555226E-016  -1.8107439613933052E-017  -9.1717873781525436E-017   1.8401976900794467E-016  -1.1743151843007348E-016   7.2592604589116719E-002  -4.6761269122385402E-016  -1.2642378868133342E-015   1.5885234716983507E-016   6.7905889572183908E-002   3.0467018959366548E-016   3.2969129435783897E-016  -1.3114646017566344E-016  -1.7849316447119860E-017   2.2093482870439787E-016   8.0696699844886046E-017  -1.0610271303897988E-016  -7.0763028514357699E-016  -5.5364344492294189E-017  -5.4348932988942222E-016  -1.5551044131748955E-016  -1.3400936345457845E-017   1.0710747267737758E-018  -3.6269791754244799E-017  -5.7289550173590748E-016  -2.3899914235027543E-016  -4.4226212944659270E-016  -3.9887533878772050E-016  -2.0131904984121841E-016   7.0887116592935728E-002   5.3663520910390011E-016  -4.0294368405866591E-016   5.2074048356677854E-016   1.3206075831847482E-017   9.1332879589458945E-017  -2.6099732727993279E-016   1.7091616996713231E-015   7.2489621985274895E-016   2.5761135614417836E-016  -2.1208149746171156E-016  -3.0497696213998836E-018   6.8086734902208953E-017   4.5174015296954387E-017  -2.1247910002796634E-016  -1.8490854282814188E-016  -3.7357074878082320E-018  -9.0392670370292554E-017  -5.2258747031067232E-018  -3.2788922433599293E-017   1.0687493867610260E-016  -2.9316800778795824E-016   9.3954820395654258E-017  -9.8583382925444755E-016  -1.0303661700795990E-016   6.2359192419270626E-002  -2.2579700499766738E-016   1.4819171292039317E-017  -5.7514868341167267E-016  -1.0625791176338376E-016   7.4732436777817843E-019  -8.9500462902919423E-019   1.3188409793363538E-017  -1.4190061834030137E-015  -6.4556780851954083E-017  -5.9992219840812237E-016  -2.1241390179521685E-016  -1.3427681102798091E-016  -9.6144499755890529E-017  -3.8999610336419507E-018  -2.1913179668523467E-016   4.7879009002049509E-017  -5.0885773982475510E-016   8.5561536118438719E-017  -6.2533772965699611E-017   9.1406500017186868E-017   5.1899814459060352E-017
   4.7772665827446211E-016  -1.3077685083157137E-016   8.6756644227072129E-017  -4.3172976298664491E-017  -5.3005615053161051E-017  -4.3921012055730052E-017  -1.6568758442426913E-017  -1.6380600760361439E-016  -4.6761269122385402E-016   7.2592604589115942E-002  -1.0671187092837781E-016  -2.4083744258144678E-016  -1.0286597516210606E-018   6.7905889572184436E-002  -2.5041356396578246E-016  -7.8904650721634486E-017  -1.8525826923791391E-017  -3.9497656889637185E-016   2.3396753360570079E-017  -5.3247889136068402E-016   2.8883394002276321E-015   1.4991796991504057E-016  -4.9365141441693829E-019  -8.8471696483593168E-016   7.3538159111929550E-017  -2.8273695576815679E-018   6.4944261504671440E-017   3.6859954592987313E-017  -8.6036489167180141E-016   1.4284524106988982E-017  -1.4536857177680744E-015  -1.3892469712233537E-016  -5.8983564563178788E-016   7.0887116592936339E-002  -1.3878231133186893E-015   2.6954549122800787E-016   1.9391106731040552E-016  -1.0659393125294372E-015  -1.5944121683508473E-016  -3.2335847433718721E-016  -5.2204796740675353E-016   4.9588979367457434E-016  -1.0601013686602543E-016  -7.6932915651905634E-017   2.4256290098613955E-016   3.1222979223593937E-017   1.1452425224653530E-016  -8.8646659926388547E-017  -3.4903197744582455E-017  -4.5561933696084098E-017  -7.2505991398746812E-017   3.2709807748497134E-016   6.9143099503065168E-017   6.7263349662632216E-017   6.3678464466504770E-017  -1.0244651471477918E-016   2.3076000926364704E-017  -2.1011825750205263E-016   6.2359192419269995E-002   1.2299759591102181E-018   3.1586717216481830E-017  -7.3492263371005242E-016  -4.0734096841782385E-018   1.5164435731751565E-018   1.8056725474611229E-018   5.1585091610721434E-017  -6.6326674611156006E-016   2.3838030892054613E-017  -1.6482179536218258E-015   2.2331817752037636E-017  -4.8258255909524712E-017  -4.3036879601666775E-017  -4.1035446459344687E-017   2.5856548530895272E-017  -1.7062336640108936E-016  -7.4626222282971466E-017   4.7304861536501621E-017   2.5754808422122834E-016   2.2184058224988699E-017
   1.3350038570324890E-003   3.5175207635233181E-015   2.4654998392749788E-016  -4.4956314152514070E-017   5.6427494606435509E-015   3.4891211454818415E-016   3.8354260918457807E-015  -3.7701174245094298E-016  -1.2642378868133342E-015  -1.0671187092837781E-016   9.8711406130405341E-002  -7.1337799112567763E-016  -7.9201329756211986E-016  -1.3675292281280856E-016   1.5092720460386344E-015  -1.0374559967856546E-017  -1.2987098183978256E-017  -2.5985963709314561E-015  -2.3029681304980972E-016   2.3507318001729746E-016  0.26079513145220667       -2.8725405188679889E-019  -1.0376676144837032E-017  -1.9450925575700767E-017   3.4307495170714367E-018   6.6292966223958200E-021   3.0650023261719837E-018  -2.3455472040852362E-017  -1.8182537605091291E-017  -7.1310499375423587E-018   2.5842951034977225E-018  -5.2052963436475187E-016  -1.0683444349239837E-015  -3.6077588812622487E-016  -2.9135957499842816E-014   1.3959021255292138E-017  -2.5564658474901978E-017  -2.5889307422723210E-014   2.5994015628293364E-017  -2.6043242788491133E-014  0.14930657883571999        1.2101699303673309E-014  -2.4605563496605238E-017  -5.5105967409749353E-018   6.9319450682677382E-015   1.4561573135574846E-018   1.0586924541787543E-014  -2.2181096530861889E-017  -1.6100491559173833E-018  -2.0349859009454458E-017  -1.3046979861063580E-020   1.4926191152941986E-014   5.2081085701723443E-018   5.8982443147880459E-015   6.0919457911849329E-018   1.3315071382573464E-014  -5.0116185971659314E-016  -9.0164197213700549E-016  -8.6418302185456004E-017  -2.7869398054735534E-019  -4.3942382720714294E-018  -9.2954332223842036E-019  -2.9494620836503336E-018  -1.9815885935755216E-020  -2.8359171559822967E-018  -1.2427686949663853E-017  -3.7078006376714491E-018  -6.9064555144377080E-018  -3.3729803602088566E-019   1.0451589530651273E-014  -1.7511037143151431E-018   1.6782094536488890E-017   1.0195212979627931E-014  -7.3933174342308272E-018   1.1082070838304129E-014  -4.1341977209337334E-002  -6.7581579956097440E-002  -5.2614503415219012E-002  -7.4186794853262142E-003
   9.9295888096496047E-017   1.1569289732797434E-016   3.3408720567635057E-017   4.2830241785075734E-018   6.5338565793035414E-017  -1.5739767460549198E-017  -5.9262656602027185E-017   6.7905889572185588E-002   1.5885234716983507E-016  -2.4083744258144678E-016  -7.1337799112567763E-016   6.3521757687170444E-002   1.7798908020283485E-016   2.2018339119559297E-017   1.6034692393051486E-016  -2.2764933511693084E-017   5.3216720299561784E-018   2.5854197192954687E-016  -1.1408879640132315E-017   2.9565153351183619E-016  -1.4313123915904494E-015  -5.2750087174540460E-015  -1.5870619126881748E-019  -3.1855634803844576E-017  -2.5272387155729444E-015  -4.7400431813648337E-018  -2.4827955682077854E-015   3.8191327313409022E-017  -1.0633406825346370E-017   1.4206161155190849E-017  -4.6683746405815872E-017   6.6310511087144780E-002   1.1959046424046660E-016  -1.5070353728685281E-016   2.5267494348130591E-016  -1.4593612476502647E-018  -7.1881306453673534E-018   1.2095100130026616E-016   1.2349798589743712E-018   1.3698544871319344E-016  -4.0583487540646427E-017   3.2771431105181718E-017   8.6823854896511736E-018  -2.2595522042691526E-018   3.2493633910258132E-017  -1.3780851649453268E-018   2.3506494592233430E-017   8.2532654307476327E-018  -8.5047743262488473E-019   3.6600255097963656E-018  -2.1940134407821678E-018   9.0911994881550137E-017  -6.0859895363640460E-018   4.1550834330230870E-017  -6.0753292997509007E-018   6.1047026197591108E-017   5.8333165729511680E-002   1.4928553354707088E-016  -1.0828073915656964E-016  -3.0542957347547675E-015   8.3507330712764061E-018   9.0551230250777480E-018  -1.2949301196436069E-015   1.8034383052668416E-019  -1.3028227884341094E-015  -7.6048671964706861E-019  -5.4670819775056870E-018   7.4903460665434282E-019   1.0602479800189572E-018  -4.7681110702499465E-018  -4.4516504616890781E-019   5.4102814663195877E-018   1.9596368501357607E-017  -1.0498244808241143E-018   1.2041082089489823E-017   3.7588433539341525E-016   2.1007419866047934E-016   3.2318127255093066E-016   2.5210646352416025E-017
   4.0961678853361730E-016  -5.9971538937332338E-017   1.0873866614385980E-016   1.0979181288510843E-016  -1.6938389272803025E-017  -8.5796395432509858E-017   1.7213910678756402E-016  -7.8428827582564488E-017   6.7905889572183908E-002  -1.0286597516210606E-018  -7.9201329756211986E-016   1.7798908020283485E-016   6.3521757687159217E-002   6.9321954614812239E-016   3.0840580461732854E-016  -1.2267939816842727E-016  -1.6696931022899490E-017   2.0667086083447339E-016   7.5486769203594451E-017  -9.9252522425878531E-017   3.7000509299106815E-016  -5.1789918334103042E-017  -5.0840063706247567E-016  -1.4547039488662482E-016  -1.2535746702977619E-017   1.0019241289319973E-018  -3.3928145816098145E-017  -5.3590829117477154E-016  -2.2356890843282970E-016  -4.1370885497421217E-016  -3.7312319708181167E-016  -1.5763869012857713E-016   6.6310511087132068E-002   9.2813028155111048E-016  -3.7692888233421945E-016   4.8712049902329714E-016   1.2353466750438721E-017   8.5436257189114463E-017  -2.4414684918969604E-016   1.5988150073386365E-015   1.2689440890538506E-015   2.4097948271570156E-016  -1.9838911729994001E-016  -2.8528707614723800E-018   6.3690927302741040E-017   4.2257495948107162E-017  -1.9876104989703290E-016  -1.7297049969913559E-016  -3.4945231897511204E-018  -8.4556749644717762E-017  -4.8884824083095228E-018  -3.0672007962313477E-017   9.9974891724183102E-017  -2.7424053008740165E-016   8.7888920568063182E-017  -9.2218654399828957E-016  -6.9392750687335002E-017   5.8333165729507586E-002   1.6365611806499026E-016   1.3862417735308345E-017  -5.3801600320586055E-016  -9.9397701228883739E-017   6.9907570172112625E-019  -8.3722144768671022E-019   1.2336941264607493E-017  -1.3273924766553635E-015  -6.0388873721800441E-017  -5.6119009350315195E-016  -1.9870006098480643E-016  -1.2560764768502448E-016  -8.9937230112489981E-017  -3.6481722178904758E-018  -2.0498423595190562E-016   4.4787850174564757E-017  -4.7600492755522770E-016  -8.2770250648730604E-017  -3.2424264280005960E-016  -1.2023423885002407E-016   1.9192587587905855E-017
   4.4711995318705541E-016  -1.2233365149840800E-016   8.1155472184563821E-017  -4.0385647789240069E-017  -4.9583472901667919E-017  -4.1085388951621160E-017  -1.5499048250270447E-017   1.1114540458418302E-016   3.0467018959366548E-016   6.7905889572184436E-002  -1.3675292281280856E-016   2.2018339119559297E-017   6.9321954614812239E-016   6.3521757687160896E-002  -2.3424639353120368E-016  -7.3810418140564555E-017  -1.7329764711444907E-017  -3.6947613910381348E-016   2.1886214980757976E-017  -4.9810105314334610E-016   2.6166472882839326E-015   1.4023898395101312E-016  -4.6178035110712195E-019  -8.2759797443326226E-016   6.8790397317475774E-017  -2.6448292639504985E-018   6.0751337895152304E-017   3.4480206632536453E-017  -8.0481811689134034E-016   1.3362288377589335E-017  -1.3598330350888298E-015   1.2820803627367418E-016   1.7290404142963201E-016   6.6310511087133886E-002  -1.2982226441957985E-015   2.5214312760385701E-016   1.8139180427725093E-016  -9.9712026668518584E-016  -1.4914739214745749E-016  -3.0248184336203919E-016  -5.6620047432966320E-016   4.6387421638659256E-016  -9.9165923144683188E-017  -7.1965981993539981E-017   2.2690258411175206E-016   2.9207164989777758E-017   1.0713035123078071E-016  -8.2923464917348040E-017  -3.2649781684718615E-017  -4.2620369606154350E-017  -6.7824868292207139E-017   3.0598001070066359E-016   6.4679091019111236E-017   6.2920701362051533E-017   5.9567263093314403E-017  -9.5832375138692569E-017   2.4869226144565130E-016   4.4092750055575848E-016   5.8333165729508085E-002   1.1505663989834842E-018   2.9547419374058417E-017  -6.8747464691873520E-016  -3.8104226974922389E-018   1.4185391253742097E-018   1.6890949333623766E-018   4.8254661123053601E-017  -6.2044499812735334E-016   2.2299002805258809E-017  -1.5418059041005507E-015   2.0890033617044076E-017  -4.5142612188760707E-017  -4.0258337750845057E-017  -3.8386120894634477E-017   2.4187201150791971E-017  -1.5960760111650396E-016  -4.9160126606016251E-016  -8.6582420763342632E-016  -1.1111893595245655E-015   2.3869945969013918E-017
   2.1077333238206207E-017   5.6582509203181046E-029   5.2966284730017730E-030  -6.2707914348954236E-031   8.5236528564898207E-029   5.0420024859020094E-030   6.0792770672028630E-029   1.7141371564824668E-016   3.2969129435783897E-016  -2.5041356396578246E-016   1.5092720460386344E-015   1.6034692393051486E-016   3.0840580461732854E-016  -2.3424639353120368E-016   2.8413578338007215E-029  -1.9861118189563881E-030   4.9261107973470301E-031  -2.8200456216671230E-029  -3.5201659506141076E-030   1.3851190488766766E-029   3.9986662554508346E-015  -1.4210520559356921E-029  -2.5022168463581949E-030   1.8817667184932678E-030  -6.5510420913611673E-030   2.5254560219325021E-033  -6.5180279262178676E-030  -2.7831100964690976E-030   1.4475075237367553E-030  -2.0575136874953184E-030   3.2042366084545215E-030   1.6738652808455890E-016   3.2194553915102301E-016  -2.4453035685616815E-016  -4.2438023247521955E-028   2.9033661347841973E-030  -1.5321412294940553E-030  -3.6873020704634824E-028  -5.3749156217732197E-031  -3.6857168765666780E-028   2.2629615014600901E-015   1.7309104258430241E-028  -1.0963181653835511E-030   1.6841012841693893E-031   1.0138706786926243E-028   5.9633513270022581E-032   1.5298220198043232E-028  -9.9011719704117271E-031   4.8632943347306880E-032  -5.1130681469796942E-031   2.0875796794787727E-031   2.1279755910477596E-028   3.1369570029174528E-031   8.4865554182211845E-029   2.9085748460799265E-031   1.8846631255636572E-028   1.4724944693627864E-016   2.8321456407559932E-016  -2.1511265104928452E-016  -7.6115036441906341E-030  -2.7887182091533831E-030   2.0844197483466243E-030  -3.3860299878127879E-030  -8.9257340876041883E-033  -3.3716760012672278E-030  -6.7990131884779544E-030   1.9590835391824320E-030  -2.8773960378372872E-030   4.6852582785796347E-030   1.5647622504254203E-028  -7.7518288073721876E-031   5.1277279147212556E-031   1.5232707580907424E-028   1.8651855778006419E-031   1.6402144797004283E-028  -1.0276330128295150E-015  -1.8793863715197759E-015  -2.0453220730580291E-015  -1.1311979847748027E-016
  -5.1469833431817240E-019  -1.4744532711938172E-030  -1.0251528769216909E-030   1.9391922072941124E-031   2.0816201596786544E-031   1.7565706118119556E-031  -1.4877536996335154E-030  -2.4336119110182908E-017  -1.3114646017566344E-016  -7.8904650721634486E-017  -1.0374559967856546E-017  -2.2764933511693084E-017  -1.2267939816842727E-016  -7.3810418140564555E-017  -1.9861118189563881E-030   1.1457893913550796E-030  -3.3911082966597870E-031  -4.5786773508769468E-030   1.0856548064863958E-033  -3.9485834202429451E-030  -3.3696944357321004E-017   1.8961435522448949E-030   9.1408508435876567E-031   1.3044583981985230E-030   7.9871011354069224E-031   2.9647238705698191E-033   8.3311907736287189E-031   8.6659964670848574E-031   1.4458589554240082E-030   7.3775321098437145E-031   2.2724145829753228E-030  -2.3764367218228270E-017  -1.2806531003871437E-016  -7.7050867744564969E-017  -4.6406614151044437E-030  -1.9426777672982493E-030   5.9912199905190197E-032  -9.1072979833039793E-030   8.1194433999742693E-031  -1.1524741257673218E-029  -4.4977075310253268E-018   4.1722148119804574E-030   5.7915092613423678E-031   8.6675845804432832E-032   1.2107948283182895E-030  -8.3359468496353163E-032   3.4074963013884708E-030   5.0731585903846980E-031   6.0935034777252068E-032   1.8892187211365533E-031   9.5725656094026194E-032   6.1881770525169882E-030  -2.6803840078786217E-031   1.9924950566270970E-030  -2.4079434539771092E-031   6.7428384247135925E-030  -2.0905445436487134E-017  -1.1265868460692383E-016  -6.7781426565090278E-017   1.0442370832626389E-030   1.0143104745310725E-030   9.7459646313115513E-031   5.1787801075606821E-031  -2.1651744532041837E-034   4.9389948907450101E-031   2.5003661778538457E-030   8.2034801554157704E-031   1.0397001780563788E-030   2.1936146322205190E-030   5.9949132385503101E-031   4.9490807218826931E-031  -1.2762371104781260E-032   9.0960292820687187E-031  -2.1131623346964797E-031   2.0333567609832496E-030   2.2686593924552433E-016   4.8310530742645719E-016   7.0363328055596447E-016   6.0535083759482712E-019
   4.2064585923371678E-021   2.3075133448614048E-031   2.4771665231184307E-031  -1.8250644852937943E-031  -1.0716845412745729E-030  -1.0219801869619537E-032  -1.7040413057053280E-031   5.6889621188580712E-018  -1.7849316447119860E-017  -1.8525826923791391E-017  -1.2987098183978256E-017   5.3216720299561784E-018  -1.6696931022899490E-017  -1.7329764711444907E-017   4.9261107973470301E-031  -3.3911082966597870E-031   1.9907543711968565E-031   2.7106960753306528E-030  -6.5649064017150829E-032   2.3599741887941388E-030  -3.1291539979223560E-017  -4.9948135902016234E-031   1.6848551136583765E-031   2.4065650693494564E-031  -2.0318790715206727E-031  -1.5069095140698664E-036  -1.9142815251069351E-031   1.9400200535634624E-031   2.4467877225436326E-031   1.2710257557819037E-031   4.8630339685569680E-031   5.5553058509878891E-018  -1.7429965259586385E-017  -1.8090581823872339E-017   9.0388445145382939E-030   1.4130635545708826E-031  -1.8893564362129517E-031   9.8043794892773688E-030   1.9743052814614369E-032   8.6131911499390020E-030  -2.5021249292194437E-017  -4.8826832248679920E-030   4.4111305039898270E-032   2.2766226727172733E-032  -2.1108837045390190E-030  -3.4682448702255758E-032  -3.4187298308472696E-030   3.4454753272324118E-032   2.3890658797266753E-033   4.8718751840253458E-032   1.6394608264556611E-032  -5.9158133630362452E-030  -4.4429686745583669E-032  -1.7603940708596475E-030  -3.9041411160693778E-032  -4.4909628692492917E-030   4.8869865662460774E-018  -1.5333090266956409E-017  -1.5914232756982208E-017  -2.4909764151405679E-031   1.2882090595410014E-031   2.2083010995087656E-031  -1.3145912754135796E-031  -9.0327952625867155E-035  -1.3768970629148108E-031   3.4151117550339407E-031   1.9457104892034211E-031   1.5136808045263587E-031   4.6401986310401061E-031  -2.0581234411914536E-030  -9.2791051154268463E-032   4.0395539836245379E-032  -2.0188082712466389E-030   2.9526012488508234E-032  -2.2960082915241532E-030  -1.0145465022003869E-016  -2.1976905817242212E-016  -3.2843037917715253E-016   1.0598029957465450E-018
  -3.2941021381678714E-017  -8.3836661269075233E-029  -2.4536694882007171E-030  -3.0103109715068215E-031  -1.5236843668560130E-028  -9.2496770079294191E-030  -9.5901803398940381E-029   2.7638596970322991E-016   2.2093482870439787E-016  -3.9497656889637185E-016  -2.5985963709314561E-015   2.5854197192954687E-016   2.0667086083447339E-016  -3.6947613910381348E-016  -2.8200456216671230E-029  -4.5786773508769468E-030   2.7106960753306528E-030   1.0046644652380655E-028   5.2869917571397410E-030   2.4591018692757937E-029  -6.8284809152013417E-015  -2.2850248611414752E-029  -9.7006904600978340E-031   4.4379830315660206E-030  -1.0517769397532606E-029  -1.5796865072083427E-033  -1.0347985474173605E-029  -4.8206410846586997E-031   3.9585621030836440E-030  -9.3472182995830123E-031   6.7007931153491618E-030   2.6989256784354968E-016   2.1574419392242876E-016  -3.8569700383822224E-016   8.3232070488542171E-028   3.9111538952396829E-030  -2.0734913254732244E-030   7.6331003991029834E-028  -1.6082382658953424E-030   7.6064879059482711E-028  -3.9964006114939983E-015  -3.5837754418366682E-028   1.3598284436458387E-031   5.6780929639327386E-031  -1.9722165078410826E-028  -2.6376727212845561E-031  -3.0500041636782575E-028   8.0822556731345934E-032   1.2463546106075796E-031   6.6895316222827383E-031   3.3066598616705984E-031  -4.4202761797253605E-028  -2.0436156314551668E-031  -1.6913601097845549E-028  -2.2575428854767122E-031  -3.8962428759377592E-028   2.3742371505010607E-016   1.8978954637703272E-016  -3.3929654405325356E-016  -1.2254519178992660E-029  -1.8438946246404989E-030   3.8134316924129671E-030  -5.4651266161836714E-030  -8.9978067504794259E-033  -5.5065528451586437E-030  -4.2239559929251359E-030   3.6028731007054879E-030  -1.6608200593362464E-030   8.2247632075049683E-030  -2.8438697689577592E-028  -1.5653206919652261E-030   1.7258473229844990E-031  -2.7786241848379518E-028   7.7131308016703578E-031  -3.0465306587978935E-028  -2.2115515500483615E-016  -1.0220805459868209E-015  -2.7231111884192600E-015   1.9632416025200518E-016
  -3.1808548766175716E-018  -8.5744844597388173E-030  -5.4487775363755110E-031   2.8363985028721325E-031  -1.3083723527830647E-029  -9.2850357698833905E-031  -8.8783504694801418E-030  -1.2196295398509268E-017   8.0696699844886046E-017   2.3396753360570079E-017  -2.3029681304980972E-016  -1.1408879640132315E-017   7.5486769203594451E-017   2.1886214980757976E-017  -3.5201659506141076E-030   1.0856548064863958E-033  -6.5649064017150829E-032   5.2869917571397410E-030   6.6206821281298849E-031  -1.7030242031006775E-030  -6.0955580545883597E-016   9.4700301428529048E-031  -5.9237804544003687E-031  -3.9835080381675593E-031   4.4569709747927183E-031   1.1379885091610515E-033   4.1031304766164141E-031  -5.9783255476932780E-031  -4.8569768234821503E-031  -4.8026708871855296E-031  -9.1749283096543527E-031  -1.1909756080659476E-017   7.8800814531280206E-017   2.2847070893165223E-017   6.5291741925262319E-029   5.0816759180527375E-031   1.8930104323869579E-031   5.7875633361063675E-029  -3.7225565656282298E-031   6.0500066582832842E-029  -3.4635607145630955E-016  -2.6650179289283595E-029  -1.9969278461584335E-031  -1.5604075260549389E-032  -1.5610764489498644E-029   6.2766439534242959E-032  -2.4147691541339645E-029  -1.7013638057076670E-031  -8.7018510062404768E-033  -7.2725700550010918E-032  -2.7570455789797611E-032  -3.3339828815433476E-029   1.2977956797172777E-031  -1.3688349223803583E-029   1.1124847672452597E-031  -3.1094554357028268E-029  -1.0476978142094779E-017   6.9320849716167703E-017   2.0098502499753855E-017   5.6214680404940438E-031  -6.1828248850034407E-031  -3.5675404328739004E-031   2.4789684334232752E-031  -5.1402058928097832E-034   2.6514085262914955E-031  -1.5332095325037979E-030  -2.7936646291429030E-031  -6.4653876704575734E-031  -7.6345014048084012E-031  -2.4263577406195958E-029  -7.0769836073923176E-032  -6.9458597700810022E-032  -2.3772232988848039E-029   6.1677570478058980E-032  -2.6106460583854782E-029   1.3582761447572343E-016   2.4189946512290694E-016   2.4628198714297868E-016   1.7277160555933669E-017
