   1.2503981761711848E-006  -3.1500505245220247E-012  -1.1755661569612069E-013  -1.8266752748371305E-009   1.0031038727497251E-012  -1.2754906604943906E-013   6.7007234548700548E-015  -4.7228433139002481E-013   1.6681407172144195E-014  -5.3082023636889785E-013  -6.2982305222908013E-006   1.3212630872802032E-011   1.0532499252721555E-012  -3.1622604045857130E-009   6.1624994883316978E-006  -2.3393705878693824E-011  -4.8170560511485542E-013  -1.6796869168416953E-009  -1.3988553472015239E-012   7.1872827936577852E-013  -5.0909354558786451E-014   9.4699446277564273E-013  -6.6402362605171971E-014   9.2975907697939104E-013  -1.5577382777008014E-014   4.7806810956665248E-013  -6.9782802720043547E-013  -3.1838354682216553E-013  -2.0461601226055661E-012   1.0261995652345971E-012   2.1906270605572785E-012   1.0947323421591837E-012   8.0265496460372609E-014   9.5143929046481870E-013  -1.4110450799781116E-004   1.7575076068347454E-010   6.3718032907631232E-012   6.8738906866990705E-010  -1.5676705627903622E-003   2.0112070359203251E-009   7.4807779628123697E-011   2.8342963636117298E-011   1.8217095790340039E-011   3.1236214502273819E-011  -1.4134345081086914E-011   2.1090187200616405E-013  -1.4208616192652342E-011  -2.8407006687912399E-012   4.6675434774058973E-012  -4.7438216130486477E-014   4.4935434616799835E-013  -1.4311207796707722E-012   3.3617634559560356E-012  -2.4531489734411371E-012   1.9941920900111125E-013  -1.3762977744312372E-012  -1.1327861025581852E-013  -4.0248236348611113E-010   2.2645201996142666E-011   1.0579463974180804E-011   2.5582023164781033E-011  -1.1279763500994272E-011   2.4905821175711848E-013  -1.1365425340271987E-011  -9.4739515308215392E-011   3.5627187599997147E-013  -7.5767240684714293E-013   2.8233941677452402E-014   1.5276089398968715E-013   3.4179830257753169E-013  -6.3084064483208980E-013   4.3161717330820372E-013   2.3747670540289078E-015   1.7859882380342076E-013  -2.2812557874495240E-014   7.0619066892008728E-004  -6.7263360717103169E-010  -2.6453706623136304E-011   6.6361720782264268E-011  -7.2645352836397687E-011  -1.5453742178295457E-011  -4.3127854783818098E-011   1.0829376385977781E-010
  -3.1500505245220247E-012   1.2503977001547174E-006   1.3769849358731370E-012   9.8381653563424147E-009   1.6504888201711934E-013   8.0569137221489273E-013  -1.7580339123687566E-014  -3.5198988321104675E-013   2.0898442524520727E-013   1.8693825175354150E-013   1.3206971466952647E-011  -6.2982289335293896E-006  -4.3670672540079085E-012   1.7159041615855122E-008  -2.3392504516154919E-011   6.1624955878883716E-006   1.0891062181004004E-011   8.8241132570505573E-009   4.2480768652295217E-014   7.9644998737879946E-013   5.0120080920223445E-013   6.6663597066214751E-013   3.6355473940003438E-013  -7.2363657394858162E-013  -1.1481028646558982E-012  -7.4312252455291576E-013   7.4381564881004007E-013   1.8031322347340464E-013  -1.5335262418325639E-012  -1.5643407577763875E-012   3.7183805310256465E-014   2.6879697741864309E-012  -8.1612682501214039E-013  -1.1544521155892043E-012   1.7567429572283248E-010  -1.4110448108430368E-004  -7.9682092293397418E-011  -9.5627999842571318E-009   2.0103805523349960E-009  -1.5676702583343608E-003  -8.7712348638394521E-010  -1.5446443853476165E-011   2.4966160775866876E-011   2.2749040449093722E-013   2.9420670402293636E-011   1.4136296388035665E-011  -1.3974188960849706E-011  -2.4519615015218500E-012  -2.8500496386027407E-013   7.9073050977779152E-013   4.6748622568279678E-012   1.4181932159561223E-013  -1.3852112675389101E-012  -1.9777597312206208E-012  -2.5286940616505490E-012   2.9384123917291519E-012   1.2954036637370347E-012  -6.9459596237850245E-009  -1.2001988270552638E-011   2.0119981659190954E-011   2.7659067465208141E-013   2.2372578013785738E-011   4.9541572512873535E-012  -1.0370628686013402E-011  -9.0884951174381741E-010   4.3020179017188920E-013   3.0649703723077564E-013  -9.9249520811440482E-014  -7.5666804380356926E-013   3.3266850935013038E-014   1.7949108271376657E-013   2.3153948200939814E-013   4.2349254621001969E-013  -6.1717155636020160E-013  -2.4167353659105992E-013  -6.7234310218217146E-010   7.0619056941585007E-004   2.9182656161215702E-010   3.2018271133402666E-009   1.8539830892965434E-009   1.5271336407051698E-010   4.2941778222688517E-010  -5.5868564143090032E-010
  -1.1755661569612069E-013   1.3769849358731370E-012   1.2503940318282307E-006   7.4891307184915138E-009  -8.4070318451927881E-014  -1.9279444064078287E-015   8.6922586610320113E-013   6.8746135679888170E-014  -2.5728997978200997E-013   1.5321047094973418E-014   1.0514063427809151E-012  -4.3758777592147553E-012  -6.2982174619060430E-006   1.3071025479976795E-008  -4.8312197652555813E-013   1.0879130470145311E-011   6.1624669636593097E-006   6.7034172960166882E-009   1.3189035233269253E-013   4.8666694324645586E-013  -8.9767485011606926E-013   3.7075643297189412E-013  -1.8920539487007285E-013  -5.4770493591766680E-013   2.7446837506920555E-013  -8.7150286521854202E-013  -8.5490582564031641E-013   1.3187028045419423E-012   6.6293196854665343E-013   7.3997874302733606E-014  -1.6390044533032348E-012  -2.0354662207896279E-012   1.4270505181516970E-012   1.3725303595952693E-012   6.3480445551906164E-012  -7.9742273675544746E-011  -1.4110426497869146E-004  -7.6171762247650129E-009   7.4536294248092173E-011  -8.7798589197903156E-010  -1.5676679229065578E-003  -8.1089181063453532E-012   2.7506569097335426E-013   2.4690462684762596E-011  -2.3902196146364763E-011   2.0655035686817798E-011   3.2011155362258052E-011   5.5276840538406169E-014   7.9713133534173273E-013  -2.5936933664536143E-012   1.6023939748475344E-013   3.0919545966357266E-012  -2.3439969917616408E-013   1.1562221708668137E-012  -2.1807177975130520E-012  -2.3483636566962940E-012   3.5586066747103257E-012  -5.8130342699483743E-009  -2.8506251496603506E-012   3.2351796042832384E-013   1.9786554657874989E-011  -2.2097358031929288E-011   1.3479025841592580E-011   2.4947947130535491E-011  -7.7149846604483805E-010  -1.5333459164759553E-014  -9.7500662916858745E-014   5.4541182438075569E-013   5.7134783330687496E-015  -5.7183127402403293E-013   1.4859643531568087E-014  -2.7024670612948770E-013   4.2116917075955360E-013   4.6007675246609504E-013  -7.2047143839871768E-013  -2.6352481989380852E-011   2.9208096464755752E-010   7.0618979058536852E-004   2.6508319820915665E-009   1.5046608941924980E-009   1.2135299916621045E-010   3.4126887139297456E-010  -4.2941329854470236E-010
  -1.8266752748371305E-009   9.8381653563424147E-009   7.4891307184915138E-009  0.20753296768931265       -4.0509671346789021E-008  -5.0933110101432287E-008  -2.1585894346590491E-008  -3.3284657193496600E-008  -3.7464698768256072E-008   7.3794353064232403E-008  -1.2437566550164134E-008   5.4702986855095654E-009   2.8292376603829552E-010  0.36278235677128451       -1.7641231439192840E-008  -5.2889881384304338E-009  -9.6164428915144856E-009  0.18561524310823407        9.7056487547724776E-010   1.7661926502184872E-010   9.7725561585284224E-010  -1.2774483829065036E-009  -4.1503336558856750E-010  -2.4704551408988971E-011  -2.0474421864544428E-010  -2.0966763780467026E-009   9.8075466833534722E-011   8.3436850255301471E-010  -2.2534335353841786E-008   9.8569957457789218E-008   5.9497341023024671E-009  -1.1824767529200128E-008  -2.6441977471722679E-008   3.4359009055853766E-008  -1.3736633743670977E-008  -3.0027226768895859E-009  -6.4175241683354026E-009 -0.20078660744228530        1.6788460619420430E-008  -4.2583301453630730E-009   1.8179768243550322E-009  -3.4544659280762507E-008   7.2860176029401793E-008  -2.1513406482098264E-009  -2.2173269054352849E-008  -3.7447326624570738E-008   5.6717826886023154E-008   2.1736995089760512E-010   1.4408188234593021E-010   9.8208241664161178E-011  -3.1019697943226874E-010  -1.2748975767893111E-010   1.8564315726534692E-011  -1.0334167818608682E-010  -1.8680903602865391E-010  -5.4347286878771062E-012   6.6039315721770193E-011 -0.14519069142755858       -2.5329858597852878E-008   5.7630689454126708E-008  -1.0248868724470326E-009  -1.6033487881265279E-008  -2.7671839636531892E-008   4.1363310179079624E-008  -1.7958136995951245E-002   1.2637897455920604E-011   2.1699785012139824E-011  -2.4647269662233765E-011  -1.8517032841870371E-011  -8.9970427164137806E-012   1.5614794271457251E-012  -2.0276240103902487E-011   3.8419184243985357E-011   5.5030881399567796E-012  -1.0265043032521391E-011  -3.5738995001066026E-009   1.9982285353359092E-009   4.7334612077749302E-010   7.0611080424620595E-002   4.2878351415616828E-002   3.6875092636473178E-003   1.0354465046439538E-002  -1.4218547869923022E-002
   1.0031038727497251E-012   1.6504888201711934E-013  -8.4070318451927881E-014  -4.0509671346789021E-008   7.9086909783830720E-015   9.9423571568611507E-015   4.2136685147641542E-015   6.4969323671934648E-015   7.3133969731353906E-015  -1.4405628123206474E-014  -5.0035743592978202E-012  -8.6622179243931641E-013   3.8871290310636453E-013  -7.0831014512353744E-008   4.9929507404960228E-012   7.9832776444200098E-013  -4.3423941795105580E-013  -3.6210601290284922E-008  -1.9054862699684816E-016  -3.3733626962153959E-017  -1.9087153149445587E-016   2.5017640871657223E-016   8.1020135697985764E-017   5.4720772352546284E-018   3.9683379444929758E-017   4.0986345406139721E-016  -1.9507519858143434E-017  -1.6322724541733850E-016   4.3964071223117858E-015  -1.9240098716370246E-014  -1.1597000049703679E-015   2.3095812952281194E-015   5.1612666578750266E-015  -6.7059701935713740E-015  -1.1029382299773446E-010  -2.0382212782326284E-011   7.5786199670182987E-012   3.9613051813849464E-008  -1.2212348431679961E-009  -2.2869295889000529E-010   8.1646039632010221E-011   6.7678232106114065E-015  -1.4211961582665568E-014   4.4319409723062960E-016   4.3249639771394358E-015   7.3144505884829111E-015  -1.1092766765377216E-014  -4.5026774485989392E-017  -2.4363788737550670E-017  -1.9480524230591131E-017   6.1631580533204966E-017   2.3651297758010552E-017  -1.2218294600593547E-018   1.7681519108819918E-017   3.7188928015869194E-017   6.4158563578194719E-019  -1.3199098610331717E-017   2.9006378027291216E-008   4.9622099905178152E-015  -1.1244824029441719E-014   2.1902581883910275E-016   3.1279681758228574E-015   5.4057646461041067E-015  -8.0901715684902488E-015   3.5727103092735833E-009  -2.1388859493201120E-018  -4.6499046801572474E-018   4.6445447929291822E-018   3.5939687763549197E-018   2.0144574958957739E-018  -7.2441020164909539E-019   4.2313646598817970E-018  -7.1582030359922282E-018  -1.0269620120395921E-018   1.8735848028118525E-018   8.5021273527854913E-010  -5.8546468318494053E-011  -2.1976400597970029E-010  -1.4205943509918081E-008  -8.6516510809447911E-009  -7.4569807881081801E-010  -2.0940658181919296E-009   2.8869919032950102E-009
  -1.2754906604943906E-013   8.0569137221489273E-013  -1.9279444064078287E-015  -5.0933110101432287E-008   9.9423571568611507E-015   1.2501028341214541E-014   5.2978606220783633E-015   8.1689234176507860E-015   9.1951807144565114E-015  -1.8111286586510955E-014   6.8894573304818258E-013  -4.0317108291345670E-012   2.9938999869515654E-016  -8.9049268141336008E-008  -5.8282569315770767E-013   4.0264687647435978E-012   1.8297895525260574E-015  -4.5536499339444683E-008  -2.3800570014651803E-016  -4.2859387102615424E-017  -2.3968353679490156E-016   3.1382245222486577E-016   1.0209110960120046E-016   5.4965594780305953E-018   4.9456687491576881E-017   5.1428753744309362E-016  -2.3494141107974500E-017  -2.0467811861713137E-016   5.5295282802526951E-015  -2.4192737829060744E-014  -1.4606512915246744E-015   2.9035538821076231E-015   6.4886822867027270E-015  -8.4330592202583708E-015   1.7076179236990039E-011  -8.8635497635167509E-011   6.3142990062162644E-015   4.9629020323488573E-008   1.9349871799619184E-010  -9.8102814261406823E-010   4.4282726237539994E-014   8.4684210510176411E-015  -1.7874007087150496E-014   5.2465097911578600E-016   5.4641622972974631E-015   9.2029198883327213E-015  -1.3932557911369449E-014  -5.4529639138564451E-017  -3.5938322167926430E-017  -2.4032605116659483E-017   7.9010696636108980E-017   3.1562598942674453E-017  -5.8514275974878312E-018   2.4245614900748529E-017   4.4948842270060149E-017   3.4094571313691052E-018  -1.5590087745796850E-017   3.6191092011322798E-008   6.2083135554325248E-015  -1.4139349604889982E-014   2.4810390796643380E-016   3.9520440246903503E-015   6.7966206297601511E-015  -1.0160349104654763E-014   4.4532251197130888E-009  -2.9208678967981594E-018  -4.9446320478379917E-018   5.8515576896658071E-018   4.0836652163948857E-018   2.1621337898978512E-018  -1.6488473846721065E-019   4.9554690396505242E-018  -8.9605931993201879E-018  -1.7037092641040914E-018   2.3173546668898257E-018   1.8853057135952849E-010   7.1005098108226881E-010  -5.8977142643479166E-013  -1.7745097357892684E-008  -1.0823676839630565E-008  -9.3466896525790693E-010  -2.6237511867201994E-009   3.6211479186114139E-009
   6.7007234548700548E-015  -1.7580339123687566E-014   8.6922586610320113E-013  -2.1585894346590491E-008   4.2136685147641542E-015   5.2978606220783633E-015   2.2459757953523493E-015   3.4621776928655591E-015   3.8968318668131300E-015  -7.6758487551853008E-015   1.2860665410300228E-014   8.3119746242056439E-014  -4.3434989689911452E-012  -3.7741995615023598E-008   8.0977861891496341E-014  -8.0739425888803360E-014   4.3298347958585614E-012  -1.9296154933728277E-008  -1.0084176449312539E-016  -1.8019510299496303E-017  -1.0235433857120645E-016   1.3309941426613314E-016   4.3035789230729370E-017   2.1943747687677063E-018   2.1454585651398576E-017   2.1763021484392435E-016  -1.0764995432215040E-017  -8.5921701700187290E-017   2.3441869760803522E-015  -1.0252587926855474E-014  -6.2032320193691829E-016   1.2286237828511282E-015   2.7510956808229595E-015  -3.5728010498853846E-015   2.0988498336204098E-012   1.8872813984216283E-012  -9.5704673313359312E-011   2.1086516204697685E-008   2.7420473133739010E-011   2.0991565379037591E-011  -1.0596890476349734E-009   3.5894570826134018E-015  -7.5822771008008606E-015   2.4061545708182008E-016   2.2908518994891607E-015   3.9109226930780851E-015  -5.8802980913987885E-015  -2.2490028055595223E-017  -1.4442087676074050E-017  -1.2211447571991628E-017   3.2323197257028886E-017   1.5367144108319892E-017  -2.1496227634864436E-018   1.1489845349885910E-017   1.8401017168784848E-017  -9.7312892889373386E-019  -4.6134726361876468E-018   1.5422218121959712E-008   2.6334096169059073E-015  -5.9982287741015615E-015   1.1826185416027483E-016   1.6544066506973108E-015   2.8884384917456844E-015  -4.2878127652690884E-015   1.8987476162688608E-009  -1.3617841837927513E-018  -2.2270002802755398E-018   2.8246145199391722E-018   1.9323458839784099E-018   5.4763727941367243E-019  -1.0530870830993229E-019   1.8633177801213442E-018  -3.6108166455058783E-018  -2.7284343966902832E-019   5.8599035496896394E-019   2.8467502318088488E-010  -7.5168652188678396E-012   7.3669926632632671E-010  -7.5570871297638088E-009  -4.6050898461462609E-009  -3.9720009885168840E-010  -1.1152586465148649E-009   1.5381662745911254E-009
  -4.7228433139002481E-013  -3.5198988321104675E-013   6.8746135679888170E-014  -3.3284657193496600E-008   6.4969323671934648E-015   8.1689234176507860E-015   3.4621776928655591E-015   5.3389173997825569E-015   6.0089606890249431E-015  -1.1835853690562439E-014   2.3592670852835730E-012   1.8133500816478369E-012  -3.7755953456240371E-013  -5.8197607576464670E-008  -2.3507241008269175E-012  -1.6739322151358877E-012   3.1955262590030005E-013  -2.9752941435934853E-008  -1.5515767252633791E-016  -2.8728795601110816E-017  -1.5708427575545321E-016   2.0436285446362903E-016   6.6461893228867729E-017   3.8035768367857703E-018   3.3141416063919285E-017   3.3648981747719019E-016  -1.5735298190303154E-017  -1.3372124084984134E-016   3.6154415123075861E-015  -1.5809044124418356E-014  -9.5507635973377403E-016   1.8948620150931201E-015   4.2409405668827141E-015  -5.5102885583954641E-015   5.1857301380107459E-011   4.2685333361803970E-011  -9.5005630453007981E-012   3.2535647395420785E-008   5.7396279100647643E-010   4.7879922077946571E-010  -1.0790231165518897E-010   5.5369639717915307E-015  -1.1705642530068781E-014   3.3493518728583033E-016   3.5533263817666646E-015   6.0063847899142535E-015  -9.0902735887224021E-015  -3.3083015785993870E-017  -2.4463407171634911E-017  -1.6575908286817352E-017   4.8170315328108433E-017   2.1144916446294036E-017  -3.7847205732256441E-018   1.7967697352501202E-017   3.1184635639068175E-017   3.5726412026425744E-019  -1.0888736007642621E-017   2.3813582971736939E-008   4.0607901181829972E-015  -9.2588148603092605E-015   1.5720880806002901E-016   2.5678391361731368E-015   4.4396440286656739E-015  -6.6286238314355384E-015   2.9329426486282012E-009  -2.3012976192307005E-018  -3.2787466802438763E-018   3.9117826280115933E-018   3.1921622684918115E-018   1.2544312542181157E-018  -1.0461142989644881E-019   2.9188366479622005E-018  -6.0657144635655892E-018  -6.3718299149328134E-019   1.6054519542099725E-018  -4.1315180099719463E-010   1.1379066370094280E-010  -1.2004739079145481E-010  -1.1663395062899171E-008  -7.1040094680495615E-009  -6.1239346466087985E-010  -1.7196707320580850E-009   2.3710314323230398E-009
   1.6681407172144195E-014   2.0898442524520727E-013  -2.5728997978200997E-013  -3.7464698768256072E-008   7.3133969731353906E-015   9.1951807144565114E-015   3.8968318668131300E-015   6.0089606890249431E-015   6.7638492042890239E-015  -1.3322362078021375E-014  -8.0573082655831534E-014  -1.0165591178229108E-012   1.3324333049443490E-012  -6.5507105111209460E-008   8.3290102359492243E-014   1.0884930352991374E-012  -1.2136731492747973E-012  -3.3488513583369752E-008  -1.7525849259573196E-016  -3.1784083160791069E-017  -1.7632642099939001E-016   2.3064409335306485E-016   7.5016732629351242E-017   4.4904824649135124E-018   3.6648973570966269E-017   3.7886487353311943E-016  -1.7385959271992756E-017  -1.5096353755268311E-016   4.0676727137360953E-015  -1.7794801623061994E-014  -1.0739309773926923E-015   2.1354182213636899E-015   4.7725843695998061E-015  -6.2030740902320838E-015  -1.8718408588842125E-012  -2.0844881112694689E-011   3.1649413683808207E-011   3.6640833994004294E-008  -2.0868936869256991E-011  -2.2731734131214372E-010   3.5563561386322619E-010   6.2394499797342336E-015  -1.3156113049312536E-014   3.8370932513252814E-016   4.0148715535041480E-015   6.7619399364618709E-015  -1.0254302606451395E-014  -3.9658845797375690E-017  -2.5943994594062034E-017  -1.7498907605369711E-017   5.6654952653151578E-017   2.2295749851755494E-017  -3.4469799659560959E-018   1.7844640753429680E-017   3.4669877983499285E-017   2.0029379635953160E-018  -1.2798513531835650E-017   2.6834516262264654E-008   4.5755801419591487E-015  -1.0407767538867861E-014   1.8027304675125855E-016   2.9042195877478275E-015   4.9950858173583664E-015  -7.4797936689894811E-015   3.3053899050377531E-009  -2.2321781934470183E-018  -3.7917077297191242E-018   4.1371305783910093E-018   3.2752951770288450E-018   1.7863089711006232E-018  -2.8050920421240863E-019   3.6757277602873659E-018  -6.7730151373471637E-018  -1.1397017345814100E-018   1.9646892804485664E-018   6.3648880904784068E-012   4.1056835881913598E-010   1.2990458702391752E-010  -1.3141341957706080E-008  -8.0026521775871382E-009  -6.8969339946427810E-010  -1.9368306268443001E-009   2.6700718598803939E-009
  -5.3082023636889785E-013   1.8693825175354150E-013   1.5321047094973418E-014   7.3794353064232403E-008  -1.4405628123206474E-014  -1.8111286586510955E-014  -7.6758487551853008E-015  -1.1835853690562439E-014  -1.3322362078021375E-014   2.6241490514988559E-014   2.6443105695934037E-012  -9.4711402612897743E-013  -1.1137009707397937E-014   1.2902866454487301E-007  -2.6422302808503604E-012   8.7559132641972523E-013   1.1467192665308320E-013   6.5963565168646501E-008   3.4570641424907148E-016   6.2462442071932728E-017   3.4795591920620559E-016  -4.5453941701964011E-016  -1.4748207834483441E-016  -9.2756541538538350E-018  -7.2824819884894532E-017  -7.4635350818933580E-016   3.5242831244046038E-017   2.9694857920890320E-016  -8.0118512950557559E-015   3.5049154489819406E-014   2.1147770670781887E-015  -4.2044447114751857E-015  -9.4022103587127645E-015   1.2216262813543208E-014   5.8436587086574178E-011  -2.2302784150880078E-011   1.9223327835856436E-012  -7.2148712407144896E-008   6.4727276072551347E-010  -2.5010248630006142E-010   2.6260653664823486E-011  -1.2304791124287772E-014   2.5917612459453274E-014  -7.7812961583180625E-016  -7.8782929098112650E-015  -1.3320839786118114E-014   2.0183046846896029E-014   7.8109822326284246E-017   4.8827215598526616E-017   3.6056436236653147E-017  -1.0980194365599511E-016  -4.4796237917300943E-017   5.0065548225934682E-018  -3.5649232523728529E-017  -6.8373551498560904E-017  -9.9884789533966156E-019   2.4087822785046683E-017  -5.2819961612101136E-008  -9.0230029864033034E-015   2.0503645482485222E-014  -3.7623481910480969E-016  -5.6958091473328139E-015  -9.8454119258074122E-015   1.4718800112945372E-014  -6.5056521863506675E-009   4.4401838636961829E-018   7.9286554780381873E-018  -8.5563356922468386E-018  -6.7861311213274520E-018  -3.2688881104537653E-018   8.2902131205388141E-019  -7.1502055990959831E-018   1.3223925512267724E-017   1.6641466432456818E-018  -3.4790365642375695E-018  -4.3706260974248868E-010  -5.5243166239683092E-011   3.3981317260563071E-010   2.5869343451104190E-008   1.5755665999507505E-008   1.3580922243197942E-009   3.8137384337892159E-009  -5.2580270999864874E-009
  -6.2982305222908013E-006   1.3206971466952647E-011   1.0514063427809151E-012  -1.2437566550164134E-008  -5.0035743592978202E-012   6.8894573304818258E-013   1.2860665410300228E-014   2.3592670852835730E-012  -8.0573082655831534E-014   2.6443105695934037E-012   3.1769340097207985E-005  -5.3039977924945023E-011  -7.6444121302632393E-012  -2.1831557466665352E-008  -3.0992357718735056E-005   1.0497645414528897E-010   4.6809648156289749E-012  -1.0973249984661592E-008   7.0764318940289748E-012  -3.6354668400304887E-012   2.5727934835418752E-013  -4.7911255776523529E-012   3.3540813901543175E-013  -4.7028664248180737E-012   7.8318618981666384E-014  -2.4185048736769753E-012   3.5303869616476075E-012   1.6108735936054811E-012   1.0151547621289954E-011  -5.3192533748218738E-012  -1.1219051288883330E-011  -5.4359215861593868E-012  -4.0317192562253857E-013  -4.7156838660433075E-012   7.1363134717355482E-004  -5.7734964480763072E-010  -8.4579373434517614E-011   1.5813283441387524E-008   7.9326467734576103E-003  -6.7055846701652751E-009  -9.6101996928285067E-010  -1.4294616094586230E-010  -9.1919682813828562E-011  -1.5774625575501349E-010   7.1288995228836584E-011  -1.0638597645575949E-012   7.1657154142674826E-011   1.4387996043960502E-011  -2.3646589027246879E-011   2.4040691920992118E-013  -2.2715444286630942E-012   7.2520102522737754E-012  -1.7031557558555397E-011   1.2428544207393163E-011  -1.0097294289638013E-012   6.9719422428705937E-012   5.7341237264482538E-013   1.4553746930585671E-008  -1.1554928198066457E-010  -5.4075265062120911E-011  -1.3009080518348456E-010   5.7561026864713271E-011  -1.2565950263972901E-012   5.7988188934839358E-011   1.9487224835997868E-009  -1.8300477679137071E-012   3.8758630037069955E-012  -1.4533291494975023E-013  -7.7765176138396799E-013  -1.7494077927847172E-012   3.2333844580975613E-012  -2.2079364830886894E-012  -1.1908067319169404E-014  -9.1361354748717960E-013   1.1719127357992959E-013  -3.2702596420777488E-003   2.2483290564351950E-009   3.2324763980455493E-010  -6.8146206673107900E-009  -3.8161404363083561E-009  -3.0371128248210421E-010  -8.4952537100133927E-010   1.0239302595792096E-009
   1.3212630872802032E-011  -6.2982289335293896E-006  -4.3758777592147553E-012   5.4702986855095654E-009  -8.6622179243931641E-013  -4.0317108291345670E-012   8.3119746242056439E-014   1.8133500816478369E-012  -1.0165591178229108E-012  -9.4711402612897743E-013  -5.3039977924945023E-011   3.1769336219640874E-005   8.9955279768520984E-012   9.7785490394253632E-009   1.0499024715248714E-010  -3.0992342018250104E-005  -4.2409763951022434E-011   4.7414954508869122E-009  -2.1519860765169093E-013  -4.0298025416940366E-012  -2.5353508785649572E-012  -3.3721586453197786E-012  -1.8397616494361621E-012   3.6609119151376272E-012   5.8081188333554768E-012   3.7582915233895741E-012  -3.7622200182676712E-012  -9.1150275824485922E-013   7.8149070657146212E-012   7.7650629393348592E-012  -1.8635482131255509E-013  -1.3728643587199128E-011   3.9678900281742777E-012   5.9137806393618784E-012  -5.7755140085710425E-010   7.1363130502496356E-004   1.0724183598648913E-010  -5.5872333360868516E-009  -6.7079047225586552E-009   7.9326462793868815E-003   1.1449977337065468E-009   7.8008170368547544E-011  -1.2590682476435057E-010  -1.1522109792628122E-012  -1.4858702324086002E-010  -7.1187005469585999E-011   7.0578675508282965E-011   1.2422455377336883E-011   1.4493842712903020E-012  -4.0048636398974045E-012  -2.3683510444752277E-011  -7.1794078626214574E-013   7.0170405683061916E-012   1.0016628837507111E-011   1.2809966252398668E-011  -1.4887920216978646E-011  -6.5629469612789698E-012  -4.3216868112804308E-009   6.1017384024588902E-011  -1.0262778320578997E-010  -1.3990695997949919E-012  -1.1380104658610103E-010  -2.5775787977127799E-011   5.2783850550583407E-011  -3.3257080056113872E-010  -2.2009426638071934E-012  -1.5647258925577423E-012   5.0948051545537795E-013   3.8709941363812126E-012  -1.7055568192387178E-013  -9.1811613788941357E-013  -1.1900420798576743E-012  -2.1708547112529575E-012   3.1614969644852206E-012   1.2383001880547502E-012   2.2490568548983104E-009  -3.2702594814940436E-003  -3.8599876732387159E-010   2.7302460087744318E-009   1.9754302111309900E-009   1.9094167617422163E-010   5.3779337783521066E-010  -8.4578145145338652E-010
   1.0532499252721555E-012  -4.3670672540079085E-012  -6.2982174619060430E-006   2.8292376603829552E-010   3.8871290310636453E-013   2.9938999869515654E-016  -4.3434989689911452E-012  -3.7755953456240371E-013   1.3324333049443490E-012  -1.1137009707397937E-014  -7.6444121302632393E-012   8.9955279768520984E-012   3.1769314034565313E-005   6.3514306477800400E-010   4.6907446995010216E-012  -4.2303702797229310E-011  -3.0992231950648925E-005   1.8121783228902172E-010  -6.6702271672487170E-013  -2.4620551923409038E-012   4.5411956668335180E-012  -1.8762523085647811E-012   9.5840717012047261E-013   2.7711529051967202E-012  -1.3883612429496441E-012   4.4083443572041210E-012   4.3247402505192066E-012  -6.6707732623206663E-012  -3.2695257788617671E-012  -3.5604750685419274E-013   8.1175892002237906E-012   1.0367649929845653E-011  -7.3393382696166318E-012  -7.0981051623914192E-012  -8.4621895709421451E-011   1.0651942741719048E-010   7.1363102156193176E-004   6.6235583321964007E-010  -9.6141772912435466E-010   1.1379190300492786E-009   7.9326434758963549E-003   4.0822608526869596E-011  -1.3788620275061202E-012  -1.2453135759711804E-010   1.2077718150106341E-010  -1.0426002648704224E-010  -1.6159998470597465E-010  -2.8003431028142292E-013  -4.0372492592774646E-012   1.3140987702149872E-011  -8.1159040032371278E-013  -1.5664742134948883E-011   1.1872889592506517E-012  -5.8586794376001231E-012   1.1047789054529229E-011   1.1897479961057655E-011  -1.8029101852087101E-011   1.2221400006330588E-009   1.4825410833041522E-011  -1.6254235704203628E-012  -1.0095730328195709E-010   1.1216132890306012E-010  -6.8737024091246488E-011  -1.2698656829355138E-010   3.5446145080917876E-010   7.8822022661890878E-014   5.0065689529950097E-013  -2.7936519305817108E-012  -2.8757967318291777E-014   2.9248954221740759E-012  -7.6998627294562354E-014   1.3831658766216206E-012  -2.1583791310063727E-012  -2.3563796382660867E-012   3.6911503632583650E-012   3.2335794086312154E-010  -3.8353846089007226E-010  -3.2702585320077524E-003  -2.3723247407430050E-011   3.3261998386273695E-010   5.2479858975716729E-011   1.4980878433220405E-010  -3.3337326397059278E-010
  -3.1622604045857130E-009   1.7159041615855122E-008   1.3071025479976795E-008  0.36278235677128451       -7.0831014512353744E-008  -8.9049268141336008E-008  -3.7741995615023598E-008  -5.8197607576464670E-008  -6.5507105111209460E-008   1.2902866454487301E-007  -2.1831557466665352E-008   9.7785490394253632E-009   6.3514306477800400E-010  0.63483447807378746       -3.0665584088779711E-008  -9.4819246223937157E-009  -1.6941216248648436E-008  0.32366575814904397        1.6968417914691933E-009   3.0526725374401014E-010   1.7158459446663719E-009  -2.2333672755948765E-009  -7.2540256914891311E-010  -4.3191034245061773E-011  -3.5451689701173603E-010  -3.6762725113502156E-009   1.7036962830228800E-010   1.4612185182085310E-009  -3.9388927308361798E-008   1.7231328031617410E-007   1.0404635862019702E-008  -2.0668795051917242E-008  -4.6217481723813404E-008   6.0057562147205810E-008  -2.3063960958362261E-008  -6.8317630407700302E-010  -7.3688843258937236E-009 -0.36719116968243032        4.4662213913440130E-008   4.3387931790544987E-008   4.7477354252020872E-008  -6.0537609781353424E-008   1.2766514857901714E-007  -3.7651136332071383E-009  -3.8860069779190079E-008  -6.5617415136263667E-008   9.9397478069483939E-008   3.8110068846113302E-010   2.4274053478002009E-010   1.9156792873121782E-010  -5.4382926756569113E-010  -2.2282960954859021E-010   3.2528563844188397E-011  -1.7118273373946193E-010  -3.5893465287427272E-010  -1.3075215661230592E-011   1.2474816028134954E-010 -0.27947380368471825       -4.4403123699167173E-008   1.0099723386343035E-007  -1.7979759610720242E-009  -2.8108065285257824E-008  -4.8504273474950875E-008   7.2511144924052276E-008  -3.3938638702932768E-002   2.2022644861141553E-011   3.4773161719418723E-011  -3.6916662993424993E-011  -3.2305398420397197E-011  -1.5524860984868172E-011   2.7588580851745222E-012  -3.2073283704333455E-011   5.6809268145526130E-011   8.2566916595091413E-012  -1.4827149103692555E-011  -1.4427146578365347E-008  -1.5865066517035096E-008  -1.6845708655809956E-008  0.14003429929153360        8.6133692153064864E-002   7.4886601211664643E-003   2.1014610944915399E-002  -2.9254302274254105E-002
   6.1624994883316978E-006  -2.3392504516154919E-011  -4.8312197652555813E-013  -1.7641231439192840E-008   4.9929507404960228E-012  -5.8282569315770767E-013   8.0977861891496341E-014  -2.3507241008269175E-012   8.3290102359492243E-014  -2.6422302808503604E-012  -3.0992357718735056E-005   1.0499024715248714E-010   4.6907446995010216E-012  -3.0665584088779711E-008   3.0422390078458098E-005  -1.5368167069439913E-010  -1.9022900540469779E-012  -1.6029049266994694E-008  -6.8618205921687066E-012   3.5260381598374098E-012  -2.4993656075020521E-013   4.6446880666475508E-012  -3.2629154659389698E-013   4.5613696311958063E-012  -7.6934915264614403E-014   2.3448625870017433E-012  -3.4228135605542932E-012  -1.5614566092311332E-012  -1.0250230655472211E-011   4.9049238034469249E-012   1.0600628165098886E-011   5.4774576156941254E-012   3.9495305903851949E-013   4.7728299129287485E-012  -6.9235735617951199E-004   1.7698588130475863E-009   2.0508153612276429E-011   1.1244950028780482E-008  -7.6876272070333825E-003   1.9967232012021890E-008   2.4735198366983529E-010   1.3948965157556487E-010   8.9616291970357622E-011   1.5351036189261532E-010  -6.9561434149645520E-011   1.0351356064650472E-012  -6.9928205443424270E-011  -1.3915901197336236E-011   2.2859131624507858E-011  -2.3224284527317868E-013   2.2059199683845143E-012  -7.0070647194061408E-012   1.6463823485773024E-011  -1.2013713727496680E-011   9.7724619189229383E-013  -6.7410384346581447E-012  -5.5528619308595145E-013   3.2693104654973197E-009   1.1002752894774099E-010   5.1309531391742220E-011   1.2476949188921554E-010  -5.4802383844732791E-011   1.2233196366981652E-012  -5.5225080189737244E-011   1.9635794428655897E-010   1.7181902111545387E-012  -3.6710408604463575E-012   1.3583859588733474E-013   7.4417728133140682E-013   1.6550652107620075E-012  -3.0498104422458282E-012   2.0912452466789281E-012   1.1762165982834240E-014   8.6534891048937063E-013  -1.1000614644080299E-013   3.7846336750497456E-003  -6.6273296037194503E-009  -8.9840231372235729E-011  -2.1217820239257433E-009  -1.8226686085844269E-009  -1.9965749499322644E-010  -5.6160932210767394E-010   1.0115784380147004E-009
  -2.3393705878693824E-011   6.1624955878883716E-006   1.0879130470145311E-011  -5.2889881384304338E-009   7.9832776444200098E-013   4.0264687647435978E-012  -8.0739425888803360E-014  -1.6739322151358877E-012   1.0884930352991374E-012   8.7559132641972523E-013   1.0497645414528897E-010  -3.0992342018250104E-005  -4.2303702797229310E-011  -9.4819246223937157E-009  -1.5368167069439913E-010   3.0422363283800931E-005   7.3659393012586315E-011  -4.5523511219606769E-009   2.0754673191099886E-013   3.9059509297395709E-012   2.4581340743328329E-012   3.2709584682698327E-012   1.7829156100800495E-012  -3.5494440432986094E-012  -5.6315583117855673E-012  -3.6451744719131603E-012   3.6492068686224902E-012   8.8474546307271377E-013  -7.4496256018968410E-012  -7.8844518019365807E-012   1.8102759997968911E-013   1.3052958162039731E-011  -4.1595367282777573E-012  -5.6033738737929436E-012   1.7697243919570054E-009  -6.9235704546137403E-004  -8.6260549844967245E-010   6.0169359913399083E-009   1.9965812415385263E-008  -7.6876237249654108E-003  -9.5521787588639533E-009  -7.5890971879909351E-011   1.2284242903612707E-010   1.1155016310421010E-012   1.4458998924182212E-010   6.9708290386564770E-011  -6.8698819362445098E-011  -1.2008079748072734E-011  -1.3900629002377148E-012   3.8736975332185230E-012   2.2895293274087569E-011   6.9520646801972695E-013  -6.7847664469807851E-012  -9.6891688836901933E-012  -1.2384971994120618E-011   1.4389273333297734E-011   6.3439395227556460E-012   5.1629458411515908E-009  -5.8539517209127930E-011   9.7766902354315588E-011   1.3573827033652334E-012   1.0909209401033675E-010   2.3559499034717341E-011  -5.0552777371262753E-011   3.5391408529401760E-010   2.0841198968862976E-012   1.4883647785506660E-012  -4.7898772956976380E-013  -3.6658799563011865E-012   1.6078320248365260E-013   8.6973634907744027E-013   1.1159080534552882E-012   2.0471115821482928E-012  -2.9856662796294969E-012  -1.1687961942462238E-012  -6.6268237409529400E-009   3.7846325309443029E-003   3.1657841288633184E-009  -3.6356855915054103E-009  -2.7164419868403617E-009  -2.7151557002649938E-010  -7.5837125311540633E-010   1.2161232983388265E-009
  -4.8170560511485542E-013   1.0891062181004004E-011   6.1624669636593097E-006  -9.6164428915144856E-009  -4.3423941795105580E-013   1.8297895525260574E-015   4.3298347958585614E-012   3.1955262590030005E-013  -1.2136731492747973E-012   1.1467192665308320E-013   4.6809648156289749E-012  -4.2409763951022434E-011  -3.0992231950648925E-005  -1.6941216248648436E-008  -1.9022900540469779E-012   7.3659393012586315E-011   3.0422170747491390E-005  -8.5387894543356650E-009   6.4674906347998285E-013   2.3870547750921724E-012  -4.4037166958206432E-012   1.8184894226027142E-012  -9.2660056129029201E-013  -2.6861888943540844E-012   1.3465553441203828E-012  -4.2745290244589381E-012  -4.1936545834545074E-012   6.4685571287169745E-012   3.3505174507532678E-012   3.4113649002054715E-013  -8.2266290358670274E-012  -9.9046625754322311E-012   6.8836756231571615E-012   6.5541253226996351E-012   2.0314219563860839E-011  -8.6429531253945606E-010  -6.9235477017788203E-004   8.2110762974703256E-009   2.4512374914771160E-010  -9.5719160791781660E-009  -7.6875987459093806E-003  -3.9972939164553491E-011   1.3321850050803892E-012   1.2150995375583062E-010  -1.1738538236884904E-010   1.0157808321144931E-010   1.5735853732629888E-010   2.7063143428828765E-013   3.9050847039405378E-012  -1.2701612154711498E-011   7.8512416404978525E-013   1.5142393634459689E-011  -1.1482076554739540E-012   5.6614716439752109E-012  -1.0680012538020327E-011  -1.1500733632193660E-011   1.7427489994538566E-011   5.0718707002375108E-009  -1.3543289378118030E-011   1.5746935687895301E-012   9.6145681717150140E-011  -1.0798902265517795E-010   6.5547334723467436E-011   1.2153212360923430E-010   3.4114162825746251E-010  -7.3890630013501854E-014  -4.7040526201645659E-013   2.6387894349450919E-012   2.8187237732566851E-014  -2.7709244378869802E-012   7.0952924139663640E-014  -1.3086120752491997E-012   2.0364843134280335E-012   2.2261023682330335E-012  -3.4848630791413960E-012  -8.9075288154337722E-011   3.1721424121170074E-009   3.7846242366469003E-003  -3.5068159570948766E-009  -2.6910243979134752E-009  -2.7409113178680742E-010  -7.6699935539918998E-010   1.2636193048336175E-009
  -1.6796869168416953E-009   8.8241132570505573E-009   6.7034172960166882E-009  0.18561524310823407       -3.6210601290284922E-008  -4.5536499339444683E-008  -1.9296154933728277E-008  -2.9752941435934853E-008  -3.3488513583369752E-008   6.5963565168646501E-008  -1.0973249984661592E-008   4.7414954508869122E-009   1.8121783228902172E-010  0.32366575814904397       -1.6029049266994694E-008  -4.5523511219606769E-009  -8.5387894543356650E-009  0.16698212146780816        8.6779122266962494E-010   1.6216822502769778E-010   8.6494023841998737E-010  -1.1421786366615171E-009  -3.7132901486343000E-010  -2.2088579544631750E-011  -1.8721982611694526E-010  -1.8617885717721911E-009   8.9015060045631197E-011   7.4300805593465900E-010  -2.0157818911985077E-008   8.8152904875656485E-008   5.3164488183141901E-009  -1.0578107351054780E-008  -2.3655538115018811E-008   3.0735837708804611E-008  -1.2518371437350351E-008  -5.7435223765246886E-009  -8.2097807918873848E-009 -0.15998643827826997        6.6283233799379043E-009  -3.7899188950023797E-008  -2.7670704865540824E-008  -3.0713557532549818E-008   6.4801952728574355E-008  -1.9187860760915795E-009  -1.9710995967460613E-008  -3.3302735359889657E-008   5.0424492197520017E-008   1.9305504185264814E-010   1.3992151028109063E-010   6.3735191003747516E-011  -2.7552141327025857E-010  -1.1406426817554346E-010   1.6510653627375855E-011  -1.0389747969987371E-010  -1.2785136754342098E-010  -5.2867787224296825E-013   4.7789479472247849E-011  -9.8822822379204867E-002  -2.2504252640347957E-008   5.1236855262970346E-008  -9.0893127957094245E-010  -1.4243187768408153E-008  -2.4590198898475860E-008   3.6747384247370852E-008  -1.2875569272660656E-002   1.1386186652475184E-011   2.3216119128698880E-011  -2.9479875822611794E-011  -1.6637306675019740E-011  -8.2906675224977621E-012   1.3611043139909737E-012  -2.2198358340833432E-011   4.6839569794267846E-011   6.5656039354030847E-012  -1.2939251347240185E-011   1.6227885697238755E-009   1.4669842122358695E-008   1.2049246662512084E-008   4.3703211348837624E-002   2.5484691792200632E-002   2.1127197991746560E-003   5.9550709999018469E-003  -7.8738920377780918E-003
