   4.9221720747029437E-005  -2.2542764786844445E-010  -5.2027895087299718E-010   1.1949774559210276E-009   7.3406325155042386E-010  -1.5114262062806420E-010  -4.3849162419949525E-011  -2.2241752570412608E-010   4.2878877440274529E-011  -5.1164577279275279E-010   1.6515459159852433E-003  -2.5412792386932425E-009  -8.6115332380359596E-009  -3.7422677383914829E-010   4.1305395532182829E-010  -3.0163529262471849E-010   9.6430843302332160E-011   5.0828710973165257E-013   4.3055815265150583E-010  -4.1356225680705828E-010   3.9740404846070696E-003  -5.3575765361005067E-009  -1.9597008861911818E-008  -2.4906075491075250E-009  -3.3451354116713223E-012  -4.3216608271587914E-011  -5.3820758811895555E-011  -5.4529158353936118E-011   1.3551995435736837E-011   5.9017208904890002E-011  -3.4947172652583176E-011   1.4214112300281836E-012   9.0103174561745593E-011   3.9056171742475869E-011   1.8449488312228349E-010  -2.9769475287521074E-010  -6.5253216906639132E-011  -6.2465160030894546E-012   1.8049526254936843E-010  -1.7824801875572065E-010   3.7094895825667833E-003  -4.9451594513981248E-009  -1.8557816843854344E-008  -1.7130993401821356E-011  -2.2595702690496263E-011   1.6913180387211908E-011   3.0782861052826953E-011   1.1505257333071741E-011  -6.9033494280817154E-013   1.2498824517510800E-011  -2.7400898815413082E-011   1.3546382033917302E-011   3.5102402835550795E-012  -1.3152719079225056E-011  -2.7754930610681436E-012  -7.6786796902180658E-012  -5.7999747207744281E-012   4.7642018393797511E-012  -8.4656079205597698E-010   1.2257307173457726E-013  -1.0694180283635036E-011  -6.0942554236184930E-012  -4.8208520013886165E-012   4.9575993411244161E-012   4.6561539913813972E-012   3.2918276054943371E-012   9.7183740815955325E-013   6.2777454090870239E-012   3.8180361520966653E-012   2.4983224822327462E-010  -1.3843387653283234E-010  -2.3060219788215846E-011  -2.1103882675603567E-011   1.9416680296660564E-010  -2.2872850733947869E-010   1.3198285481667235E-003  -1.7171120138712230E-009  -6.4863948327420282E-009   9.3048371713893653E-010  -2.1890111128244198E-003   3.1377354167008685E-009   1.2142499601997506E-008   9.2298842887846155E-010   5.8477351207420777E-011  -2.5118837686635810E-012  -1.2552934498024551E-011   2.7730538568753867E-012   5.6882335383889952E-011  -6.1250414527553566E-011  -8.6880012037518397E-005   1.1626596500627691E-010   4.3169236978522048E-010   2.1361375219612891E-010  -1.6039022122548284E-010  -2.4403567926261709E-010  -1.0518198537809334E-010
  -2.2542764786844445E-010   4.9222109131293951E-005   3.7310869963826044E-010   9.5361497581254211E-010   3.0050961745647306E-010  -6.1227374309973869E-010  -9.1569793543223005E-011  -3.8193422125849802E-011  -4.2194321591922005E-011  -2.6231618362939176E-010  -5.4874808996076526E-009   1.6515528504223841E-003   8.0880226126553720E-009   1.0702968059137383E-009   7.6524078590747702E-010  -7.2655438908665473E-010  -4.3383803164927105E-010  -6.6242858206092209E-010   8.3778155052168663E-010  -1.0281222728722158E-010  -1.2755213951793455E-008   3.9740558621559939E-003   1.8665198118898775E-008   1.9075067482135963E-009   2.3440484993208060E-011  -7.9589164294691845E-011  -3.0762902910521742E-011  -4.9949613094390635E-011   8.3141923637639686E-011   1.8500822345453407E-011  -1.9146152089615298E-011   2.1111020969813472E-011   1.0527569311188170E-010   7.1941199597140319E-012   4.5280425877617489E-010  -3.4667789008551227E-010  -2.1759912341901580E-010  -4.9909213926271645E-010   3.6605164624136667E-010   4.6287870337642629E-011  -1.1801735593569297E-008   3.7095041840147932E-003   1.7365820745013232E-008   4.7997178622784316E-012  -2.4482512375717834E-011  -4.9442961477803631E-012  -1.0639751029358071E-011   9.9306004297153867E-012   2.2084556469939251E-012   3.2183027072074840E-011   1.2697810614469470E-011  -1.0331312770624918E-011  -4.5200913746425251E-012   1.6615563798563392E-012  -3.1320112454140595E-011   7.7210642439943786E-012   2.3918345639492680E-011  -5.6526234656473808E-012   1.0764608819085857E-009   6.0322510887284263E-012  -2.1375242446521170E-012  -3.5417138154503598E-012  -1.1967633688829854E-011   2.4286197753123161E-012   3.8744531930076061E-012  -4.0399059442338156E-012   7.8607113251768570E-012   7.5576538223193237E-012  -3.2191887545703347E-012   3.5481015812617988E-010  -2.5594137155481521E-010  -2.1127421963602393E-010  -3.0567755537859895E-010   3.6944776990105394E-010  -4.9132590035789350E-011  -4.1315266143944422E-009   1.3198336548867499E-003   6.0773499647441862E-009  -1.3231971868532387E-009   7.6318482881986222E-009  -2.1890206890002781E-003  -1.1274193443760444E-008  -1.3787600645607550E-009   7.5193245545097878E-011  -7.7406629297565553E-011  -5.8376314216419116E-011  -4.0272188397712267E-011   9.0527721782274030E-011  -3.4921063723481245E-011   2.7660202100145470E-010  -8.6880351522995128E-005  -4.0643140827533740E-010  -3.5856775468137686E-010   2.7468558116975536E-010   4.3543659458233513E-010   1.7314404080999706E-010
  -5.2027895087299718E-010   3.7310869963826044E-010   4.9222200331571567E-005  -1.1422349757224463E-009  -3.4667560017863454E-010  -1.4423804777123275E-010   1.0368561206235833E-010   4.3420975202524711E-010  -1.2473844029294935E-010  -8.7534140307090601E-011  -9.4795765117943632E-009   5.1278649205417199E-009   1.6515543304891779E-003  -1.0626588627263743E-009  -4.9204822863867676E-010  -5.6912031966675031E-010   4.8703805419350327E-010   6.4465679938990171E-010  -7.1354947541910090E-010  -1.5260863017007167E-010  -2.1858064258468329E-008   1.1227441374426249E-008   3.9740596271904873E-003  -1.4682346098185890E-009  -6.0163668223767646E-011  -3.9568659917763365E-011   7.5041697346592965E-011   1.0772063475046309E-011   1.1274123491615178E-011   6.9945906284390747E-011   3.5167057168840049E-011   4.1049491542595540E-011  -7.6129553712213736E-012  -8.6529295632382536E-011  -1.9405181451549523E-010  -2.6769226041112450E-010   1.7977796910716943E-010   3.7184518817722283E-010  -5.3536525897587075E-010  -1.7779342383422918E-010  -2.0659624347969748E-008   1.0468031484459126E-008   3.7095075757930386E-003  -3.3558352224678285E-012  -2.9485363409799353E-012  -1.1893180387211576E-011   7.8817629758066883E-013  -1.0306118933320570E-011   5.1067182572605177E-012  -3.1685574535712559E-012   1.8677327687495671E-011   8.2069353170783101E-012  -2.0280991247350721E-012   2.1634799700945298E-011  -1.0112898669306417E-011  -3.8792291843990500E-011   1.7794631667926342E-011   1.9176370077079191E-011  -7.4416047653192794E-010  -3.5441088061616987E-012  -4.1236318186533264E-012   7.3571868727421038E-012   1.8237071913783721E-012  -5.1872420887526536E-012   2.9311451432928146E-012  -3.2048166203263287E-012   3.6944988799410679E-012   8.4233014703218319E-012  -8.2379829753161447E-012  -2.0537834920390438E-010  -2.7074901843766122E-010   2.7231487202649210E-010   3.4310400580351078E-010  -3.4919775971287014E-010  -1.3772565861806960E-010  -7.2271897576558189E-009   3.6485596032441121E-009   1.3198348435200351E-003   8.3510110720527282E-010   1.3517627466673356E-008  -6.7539201835487423E-009  -2.1890228532962692E-003   6.7043997205928669E-010  -5.2171721626104500E-011  -7.5015976891353873E-011   6.7079455389967868E-011   9.6704464897112172E-011  -5.6966704924610354E-011  -4.4532730619927168E-011   4.8079212196595094E-010  -2.4516079494411122E-010  -8.6880431754984909E-005   1.6554666871636974E-010  -1.1607428022249205E-010  -1.6797633322598137E-010  -7.4546014708263606E-011
   1.1949774559210276E-009   9.5361497581254211E-010  -1.1422349757224463E-009   1.3845770708187588E-005  -3.2234159601230055E-011   1.6527011888703722E-012  -7.7279980830911616E-011   1.8673634808491384E-011   4.7758578998021719E-011   1.3560624613397361E-011   4.0479922501879943E-008   3.1807283938448643E-008  -3.8208018043387760E-008   1.3063470518389732E-003  -2.4469343135731594E-011   6.8315625461389199E-012  -1.6550490933999168E-011   1.5353128724094282E-011   2.1822715400645769E-011   9.1179640196195471E-012   9.7005382547658890E-008   7.6177933058551395E-008  -9.1494477440316507E-008   3.4705870467645204E-003   3.2336118185301527E-011   2.1302601751770623E-011  -5.3774676986312637E-012  -5.7515186556570897E-011  -8.1447168417029579E-012   1.4131726813828622E-011  -7.9631208186931648E-012   3.0649413939453646E-011  -1.0618947987443679E-011  -1.8836596421582815E-011   6.0824755450561329E-012   4.9473708332333380E-012   2.9987464548590402E-012  -3.9734650107411192E-012  -3.3260673294568724E-012  -2.0986928673549179E-012   9.0399275898816630E-008   7.0801061289836473E-008  -8.5421574183091120E-008   1.4274180826476038E-013  -1.0411044789962580E-012  -7.6956496851329949E-012  -7.8676057918238789E-012  -2.8802465202703678E-012   7.6139660026587574E-012  -2.9162380791215395E-012   4.5055555058135294E-012   5.3093352792967571E-012   4.3374047892960527E-012  -6.9032293726971513E-013   2.4774389943508074E-012   9.0794107572601804E-012  -3.3062916640255967E-013  -9.5048404466541614E-012   1.6135307777765348E-003  -1.6727574432687945E-012   5.9929318801422711E-012  -4.9344166001703446E-012  -6.4956339859822730E-013  -4.9208294976946087E-012   2.8938079870566556E-012  -6.3984845720756219E-013   1.4602540386175094E-011  -5.1344824259757512E-012  -7.2061921672775671E-012   2.6336054736886384E-012   5.5345346242192123E-012  -1.0946784406020973E-011  -5.7980618264749069E-012   8.3648774306659218E-012   3.1655076535970880E-012   3.1773699679622911E-008   2.4931460112920633E-008  -2.9936660203461486E-008  -1.9890721196027957E-003  -5.9616196286053249E-008  -4.6452210569897530E-008   5.6275354516674646E-008  -2.0021472590230380E-003   1.8781861372471270E-012   1.0065297599039302E-012  -1.5912727129687587E-012  -3.2359485673313008E-012   2.8827727840075698E-012   1.3570270162901628E-012  -2.1155231241300330E-009  -1.6386016135531912E-009   1.9909622187821121E-009  -5.1847830618661616E-004   4.0274750037209658E-004   6.4702653628988032E-004   2.5039860802086140E-004
   7.3406325155042386E-010   3.0050961745647306E-010  -3.4667560017863454E-010  -3.2234159601230055E-011   1.5311100255817615E-014  -4.9847913335686033E-015  -1.7584681067860977E-015  -6.6578032862061143E-015   1.1463752650267773E-015  -8.6532979914239562E-015   2.4647609201732190E-008   1.0091333818424176E-008  -1.1639734576077563E-008  -3.1489601744381424E-009   1.4365138220380415E-014  -4.9428523450926476E-015  -4.6035078899047349E-015  -8.6173630329691623E-015   1.6519052812244417E-014  -5.7477798619551733E-015   5.9297187624931493E-008   2.4277071814203193E-008  -2.8003123633139945E-008  -8.3411509495884075E-009   4.3913227415504520E-016  -9.0434757142611718E-016  -1.5064081898497757E-015  -1.0557304429229298E-015   6.5108852672794535E-016   4.6657387015432841E-016  -8.6675814463465746E-016  -2.1362627860986079E-016   2.0672217988429885E-015   1.2820384632375089E-015   6.8730103046269035E-015  -4.6946508030800882E-015  -3.5780296823784475E-015  -5.7553328794391821E-015   8.7129926686218434E-015  -1.1177007534032363E-015   5.5360177652180060E-008   2.2665818401777582E-008  -2.6143612229417621E-008  -2.0299864618567593E-016  -4.6342549365339318E-016   3.2454441244771961E-016   4.0781510117475256E-016   3.1188600843268544E-016  -5.1216950164563630E-017   4.1250692829588821E-016  -4.7376906794206313E-016   6.8314523843977141E-017   2.8582320919851864E-017  -3.3687622512146811E-016  -1.6745968263179955E-016   1.8394970926062154E-016  -6.5005391845870953E-017  -7.5557632639708890E-017  -3.9588743142371545E-009   6.7683069676011966E-017  -1.5722225955049742E-016  -1.5245994510686203E-016  -1.5618584500705332E-016   1.3661442364923937E-016   6.5375893884740661E-017   4.7882436639243045E-017   1.0095149429367953E-018   9.2981914115906053E-017   1.1288846072944499E-016   7.3354934183164105E-015  -1.7147383951549885E-015  -3.5271597241343667E-015  -4.5752793177681135E-015   7.5906717771777109E-015  -2.7602166687943874E-015   1.9443167005300647E-008   7.9456095928157462E-009  -9.1883189629375325E-009   3.9324273006660680E-009  -3.6241855183394867E-008  -1.5048049469659036E-008   1.7025476479789076E-008   3.5331035356194452E-009   1.6828441828219203E-015   4.7198287852265204E-017  -1.0141780880843639E-015  -8.6054545540299589E-016   1.7827922196081715E-015  -8.2229708771565949E-016  -1.2924143276752609E-009  -5.2890102749583699E-010   6.1044197730511013E-010   8.3373597006466505E-010  -5.9474335015052814E-010  -8.6027311114313679E-010  -3.9350763731039008E-010
  -1.5114262062806420E-010  -6.1227374309973869E-010  -1.4423804777123275E-010   1.6527011888703722E-012  -4.9847913335686033E-015   8.5084936383800391E-015   9.6072768786583026E-016  -1.1077843041893405E-016   7.6554767966690951E-016   5.0955697585784688E-015  -5.0774939981080370E-009  -2.0557613557833357E-008  -4.8426905497872075E-009   1.6495940552675847E-010  -9.3533266471350906E-015   1.1639523438736151E-014   3.6732825291793440E-015   6.3520256138612375E-015  -9.6575172474418145E-015   3.0013018214108913E-015  -1.2213814983045832E-008  -4.9457870964614597E-008  -1.1650749548154914E-008   4.3639492419981892E-010  -1.0120378261726869E-016   1.2422055824020609E-015   3.2758143318548362E-016   7.5073103031255742E-016  -1.1106296042846133E-015  -6.1495100653757686E-016   2.4161649660444941E-016  -3.8367638925714745E-016  -1.5663589216375834E-015   4.1810406369880920E-017  -5.6359925759279890E-015   6.0159716935006605E-015   2.3817246375668539E-015   5.1470906359901116E-015  -3.5369069096745447E-015   4.8890278712904753E-016  -1.1404384087348895E-008  -4.6173765094375843E-008  -1.0876998454292360E-008   2.7754561696137281E-018   3.8264702372134434E-016   4.3449627449248530E-017   3.4486602138090402E-017  -1.2907882541958997E-016  -3.9361849694723575E-017  -4.3003142550546070E-016  -1.2800204538404393E-016   6.3572724791168728E-017   5.1957507912092207E-017  -4.3776064569596793E-017   4.2824097794614443E-016   4.2411069622077547E-017  -3.3203227816931986E-016  -1.7360087856264320E-018   2.0899956560961172E-010  -6.4974907012390508E-017   7.1982182756543337E-017   4.0482157556164259E-017   1.5772190724621817E-016  -3.0872942358718485E-017  -7.0547160027341045E-017   4.9659978905988338E-017  -1.0926717562391247E-016  -1.3860826278866572E-016   5.1270868845878404E-017  -4.5743283351614047E-015   4.4022002576886789E-015   1.9008386646618364E-015   2.8441017487944950E-015  -4.1774570413104987E-015   1.7302268318809164E-015  -3.9687068566952452E-009  -1.6225920310592281E-008  -3.8250969329972725E-009  -1.8594816046478119E-010   7.9818217062497327E-009   3.0099368772733131E-008   7.0508310504582842E-009  -1.5504749464044406E-010  -9.4727427803951630E-016   1.1872336526195328E-015   5.7118347301662807E-016   1.7727223148215068E-016  -1.1412411917046205E-015   7.7000201134155699E-016   2.6563864499572026E-010   1.0781026713599754E-009   2.5401130390694979E-010  -3.3782375611660255E-011   2.3962475030830160E-011   3.4501177616193435E-011   1.5740990651907149E-011
  -4.3849162419949525E-011  -9.1569793543223005E-011   1.0368561206235833E-010  -7.7279980830911616E-011  -1.7584681067860977E-015   9.6072768786583026E-016   8.7371996601171030E-016   1.0768972832200220E-015  -4.9791929903494400E-016   6.8157012306816644E-016  -1.4725524405824129E-009  -3.0743863110942757E-009   3.4813447505843603E-009  -7.5423529328774869E-009  -2.6883511087005566E-015   3.8272953053629259E-016   1.8433752195384581E-015   2.5022434803634795E-015  -3.5729753280675109E-015   1.8609620698993390E-016  -3.5425079332497516E-009  -7.3965217947177683E-009   8.3754701287416294E-009  -1.9978356746889678E-008  -3.5492160707130346E-016  -2.0493359066452021E-017   2.9507050780824896E-016   4.9753658563538448E-016  -9.5557271211536046E-017  -2.1359337748530615E-017   1.8685989315356543E-016  -1.3282122942185438E-016  -2.3020431684232108E-016  -1.2093360532851236E-016  -1.4515038201913233E-015   3.1653586724982111E-016   8.2478714908276308E-016   1.7416565000662809E-015  -1.9501793341674490E-015  -2.9022211583804794E-016  -3.3074463925367450E-009  -6.9052761222529071E-009   7.8193301402667136E-009  -1.5595103111750639E-018   6.5516081176130861E-017   1.3676588891642976E-017   3.9619555442083164E-017  -3.3789054696566742E-017  -3.6860119492677838E-017  -6.0805591170599216E-017   1.4051755772977551E-017  -6.3198375306184669E-018  -2.4150182105066368E-017   5.8201227976701387E-017   2.5092951160247329E-017  -1.4184896475877493E-016   9.1766973791207777E-020   1.0174647980023089E-016  -9.4827158385563508E-009  -8.6411917074422920E-018  -2.9603285068307315E-017   5.5948513993430160E-017   3.3360820428575608E-017   8.5443739245754551E-018  -2.1767290007892077E-017   1.5229575240899445E-018  -9.1719090183754800E-017   2.7559846702692207E-017   2.6660649492784987E-017  -1.3306511730752482E-015  -2.3864006314299079E-018   1.0510844304411390E-015   1.3418761855450655E-015  -1.6439475815839616E-015  -1.1226276801625976E-017  -1.1581434513120302E-009  -2.4290134333821048E-009   2.7475784888858053E-009   9.4127136461734263E-009   2.2141104684984750E-009   4.4671477209983110E-009  -5.1001794269039347E-009   8.4531879258177909E-009  -3.0996253917629890E-016  -1.6867919742147555E-017   2.6992680636691704E-016   2.9091017142490781E-016  -3.5382762361854955E-016   1.9056993105740430E-017   7.7157076204012815E-011   1.6126993826369536E-010  -1.8256858796899325E-010   1.9939280148419240E-009  -1.4221695796794390E-009  -2.0567569316498510E-009  -9.4102339481788880E-010
  -2.2241752570412608E-010  -3.8193422125849802E-011   4.3420975202524711E-010   1.8673634808491384E-011  -6.6578032862061143E-015  -1.1077843041893405E-016   1.0768972832200220E-015   4.8942230385015559E-015  -1.1959065210088125E-015   1.7635807333793245E-015  -7.4680803293532189E-009  -1.2851372151428918E-009   1.4579021125415145E-008   1.8243100060330123E-009  -6.8402918348865218E-015  -3.0861031483194356E-015   4.1772311419799486E-015   6.2238292680219827E-015  -8.8648201257919898E-015   6.1646486710588073E-016  -1.7966670699289744E-008  -3.0901034944891315E-009   3.5074399118072685E-008   4.8322702013946811E-009  -4.8885369185037272E-016  -6.1937019232072562E-017   9.2185319248292431E-016   2.9989765873684548E-016  -3.8301117865901270E-017   3.5596753358783775E-016   4.7201017090044717E-016   3.8262205277855765E-016  -5.7133108068321158E-016  -9.7229875355215849E-016  -2.8902635969792026E-015  -7.3723564715528822E-016   2.0557937708039494E-015   3.6934642154806552E-015  -5.8343596721541832E-015  -8.0318595345289416E-016  -1.6773802924562463E-008  -2.8865010497495891E-009   3.2745447569108242E-008   4.4308573553245207E-017   9.3717508149210033E-017  -1.8835567150113612E-016  -1.3497179801854850E-016  -1.5471217022597764E-016   5.7133924226862793E-017  -1.1359529966239075E-016   2.8516839720917055E-016   2.6668787325495124E-017  -2.4196481243326384E-017   2.4813862383451587E-016  -4.8881460464507026E-017  -3.0091469230890765E-016   1.6419689902463616E-016   1.3877589226117244E-016   2.2937145397896623E-009  -3.8889425181671321E-017   2.1761110861933330E-017   8.8362849576632157E-017   4.6269155842009086E-017  -7.6553960590472072E-017   5.9070430920992719E-018  -4.0546823338801889E-017   4.2599955700071819E-017   3.2637688242315877E-017  -9.7618729329631356E-017  -3.2151047093898572E-015  -1.5644137568135650E-015   2.6579610663956615E-015   3.3495595521978734E-015  -4.2259868742450913E-015  -1.3445390936786188E-016  -5.8906861829080047E-009  -9.7558522329719729E-010   1.1505567048581131E-008  -2.2758257111113433E-009   1.0987778577297938E-008   2.4271827983974343E-009  -2.1367065793819889E-008  -2.0433028642492203E-009  -7.7643641675880484E-016  -5.9934980251408048E-016   6.9058598051210462E-016   8.6232580783681789E-016  -8.0843715473358905E-016  -8.5890337010463739E-017   3.9158595591554099E-010   6.6758606224114060E-011  -7.6454255578758827E-010  -4.8182938727796259E-010   3.4379807287003799E-010   4.9747890284845215E-010   2.2739716373281332E-010
   4.2878877440274529E-011  -4.2194321591922005E-011  -1.2473844029294935E-010   4.7758578998021719E-011   1.1463752650267773E-015   7.6554767966690951E-016  -4.9791929903494400E-016  -1.1959065210088125E-015   5.6031503263444725E-016   4.9531637481132353E-017   1.4395998299953421E-009  -1.4176262198460424E-009  -4.1904632504025038E-009   4.6582240554508892E-009   8.6461018354410822E-016   1.8288595709602677E-015  -8.3796199638267866E-016  -1.0121116205417087E-015   1.5433101148131360E-015   1.4750859915905705E-016   3.4634632525915132E-009  -3.4099456941228810E-009  -1.0080024759490634E-008   1.2339478716956823E-008   2.4530608462879795E-016   2.0742815593258696E-016  -2.3039377627512595E-016  -2.3770021469341015E-016  -1.1739888379429967E-016  -9.1412139515096359E-017  -1.3155914535149573E-016  -1.0632432201720086E-017  -3.0922224443571024E-017   1.7965038714898875E-016   2.8526210920690443E-016   7.3483052903529880E-016  -3.1576539346455703E-016  -5.3296503464198787E-016   1.1909120887899411E-015   2.4774591459735985E-016   3.2334342743708938E-009  -3.1840759541898973E-009  -9.4120424933883707E-009  -1.0029478825522715E-017   5.0733586388656932E-018   2.1591599608549751E-017   5.7985809544983128E-018   1.7353078605658898E-017   1.1807134086988051E-017  -1.9130951519348745E-017  -6.6031569216775209E-017   1.8860258412946282E-017   2.7625466423097426E-017  -7.0216415282241307E-017   5.8965315680472445E-017   1.1753991915946242E-016  -7.1899565791640222E-017  -7.3641402168585057E-017   5.8547184792389228E-009  -2.2852977020335773E-018   2.4205424141742250E-017  -3.8523641962748061E-017  -5.1389071435474367E-019  -2.2713482054681251E-018   3.5799796608960219E-018   1.2128661178105778E-017   3.6730457940125860E-017  -4.0477607103780565E-017   1.3379461635088071E-018   4.4553266273547210E-016   8.0675570292652960E-016  -5.6887200446248580E-016  -6.4984093420497203E-016   7.6246182373503160E-016   2.0430903427279150E-016   1.1374221918935130E-009  -1.1053097036586414E-009  -3.2744308689280622E-009  -5.8369164599355520E-009  -2.0914416304659587E-009   2.2671133095686750E-009   6.6006855268856030E-009  -5.2560210493144180E-009   1.2672449926463263E-016   2.6002607683875463E-016  -1.3519024099830223E-016  -2.2492242583008699E-016   1.1849101613256252E-016   9.8195065560907701E-017  -7.5515976116611818E-011   7.4120561169193867E-011   2.1921613990369848E-010  -1.2430759021397681E-009   8.8682044480225954E-010   1.2827903662238339E-009   5.8690469948717259E-010
  -5.1164577279275279E-010  -2.6231618362939176E-010  -8.7534140307090601E-011   1.3560624613397361E-011  -8.6532979914239562E-015   5.0955697585784688E-015   6.8157012306816644E-016   1.7635807333793245E-015   4.9531637481132353E-017   6.8897177941856272E-015  -1.7179530430816810E-008  -8.8061962547635827E-009  -2.9392861674111093E-009   1.3246628928310425E-009  -7.5248469591422358E-015   8.0289555546485682E-015   4.2627651956246454E-016   2.3935339117669299E-015  -7.6542328661525842E-015   5.1313154217113390E-015  -4.1330520686416502E-008  -2.1186967452759104E-008  -7.0712745625421003E-009   3.5089137718225875E-009   4.9721735932400926E-017   9.6628482200109982E-016   5.8455499845678838E-016   7.5583225331241460E-016  -6.1278748790356537E-016  -8.2254129982813355E-016   3.9474793366065508E-016  -1.6899544017122528E-016  -1.4958908957383852E-015  -3.0973995944464373E-016  -3.9827467780532247E-015   5.4318866488904512E-015   1.5222359951651902E-015   2.0618686352929344E-015  -2.8786332498722521E-015   1.9208868061509659E-015  -3.8586378228085757E-008  -1.9779316568973557E-008  -6.6018344818221613E-009   1.5869009054061861E-016   3.6970799055147113E-016  -1.3618883809952200E-016  -2.7284341327573075E-016  -1.5717387775431659E-016  -5.9168954702111342E-018  -2.9891166354870390E-016   1.8860074887617282E-016  -9.4983271097469326E-017  -4.3858007682075393E-018   8.8737612400638358E-017   2.1634116126844073E-016   1.1696507359614940E-016  -9.9191495873881048E-017  -6.3218355949507037E-017   1.6651776760056075E-009  -2.8793665501063913E-017   1.3546121333047814E-016   6.4097054658003920E-017   1.0991669262007735E-016  -6.0060515948348134E-017  -7.1282912247971626E-017  -7.3356233030781404E-018  -4.3609328019865634E-017  -1.2561965358000799E-016  -1.5269807240516300E-017  -4.1203888661780305E-015   3.2791522248004849E-015   8.6919859883297679E-016   1.2257196893696520E-015  -3.3646850047586215E-015   2.8946708115633519E-015  -1.3552482311160989E-008  -6.9700234508899807E-009  -2.3172477041741495E-009  -1.6565938541779840E-009   2.5254075247155836E-008   1.2620875217500722E-008   4.3415898808991573E-009  -1.4897794994947889E-009  -9.0640777268485937E-016   5.5215151776529395E-016   3.2359211256311071E-016  -1.7804598478536315E-018  -9.7435507188149126E-016   9.0818753875024940E-016   9.0082845774776529E-010   4.6214239240052737E-010   1.5410055713581204E-010  -3.5189864823968953E-010   2.5093668198325611E-010   3.6277597478027883E-010   1.6610630159253944E-010
   1.6515459159852433E-003  -5.4874808996076526E-009  -9.4795765117943632E-009   4.0479922501879943E-008   2.4647609201732190E-008  -5.0774939981080370E-009  -1.4725524405824129E-009  -7.4680803293532189E-009   1.4395998299953421E-009  -1.7179530430816810E-008   5.5459150443435683E-002  -1.5474823830278246E-008  -2.0866127486871504E-008   2.1706478250390215E-008   1.3868243313543369E-008  -1.0120107317598362E-008   3.2396278031263792E-009   1.8841466211781695E-011   1.4458151888716932E-008  -1.3887085243084651E-008  0.13342024360907365       -1.1812659141766151E-008  -1.2578700091745212E-008   7.2530945231500664E-009  -1.1234929946256239E-010  -1.4522488061287280E-009  -1.8064379710761465E-009  -1.8306164526136041E-009   4.5560830681813450E-010   1.9813516762011454E-009  -1.1726088450823556E-009   4.7556007398904461E-011   3.0254691338399651E-009   1.3109933508854419E-009   6.1946620755185889E-009  -1.0019048268992886E-008  -2.1927988986959429E-009  -2.0635076774796034E-010   6.0631897894498626E-009  -5.9882996805617461E-009  0.12456492749949054       -9.1531999045167157E-009  -2.0532760327953600E-008  -5.7513011702290271E-010  -7.5859151091921197E-010   5.6772921126701701E-010   1.0335059566502668E-009   3.8622909392431631E-010  -2.3224864883645459E-011   4.1965496815024817E-010  -9.1982387755829740E-010   4.5473103887412346E-010   1.1786691337003575E-010  -4.4158295040702166E-010  -9.3159387929804342E-011  -2.5781743901736187E-010  -1.9471727931092498E-010   1.5998806382598196E-010   1.4453148488102122E-008   4.0772211361724366E-012  -3.5720737597286820E-010  -2.0445961503367889E-010  -1.6168573659786273E-010   1.6545386385119389E-010   1.5620737634854197E-010   1.0939967501678126E-010   3.2487281626436224E-011   2.1043282565333593E-010   1.2818098564614100E-010   8.3922205922738924E-009  -4.5975322725467265E-009  -7.6834458308818244E-010  -7.0486402931941404E-010   6.5269090491160461E-009  -7.6873612578128299E-009   4.3673765518411144E-002  -2.2233113582327879E-009  -6.2352821821209178E-009  -1.4063647871126918E-008  -8.2602079052068136E-002   6.9581210690405428E-009   1.2209153469894920E-008  -1.1242167748278297E-008   1.9501396622532021E-009   1.9193019031570342E-012  -4.2793198966724149E-010   9.9983639241610475E-011   1.9110156312462221E-009  -2.0501236241638642E-009  -2.9068047375437880E-003   2.3972648428691098E-010   4.2777273166258953E-010  -3.1035166785905886E-009   2.1515082623011559E-009   3.1043990765699618E-009   1.3633835968060578E-009
  -2.5412792386932425E-009   1.6515528504223841E-003   5.1278649205417199E-009   3.1807283938448643E-008   1.0091333818424176E-008  -2.0557613557833357E-008  -3.0743863110942757E-009  -1.2851372151428918E-009  -1.4176262198460424E-009  -8.8061962547635827E-009  -1.5474823830278246E-008   5.5459178233639064E-002   2.3145064528418321E-008   1.6426783104240744E-008   2.5690890121632028E-008  -2.4397953696936333E-008  -1.4567764391522002E-008  -2.2233177816811177E-008   2.8132325297972699E-008  -3.4577131492761134E-009  -2.2210540239942171E-008  0.13342026664677664        2.9033260923543130E-008   1.2084094373797120E-008   7.8781345107102607E-010  -2.6719008948369075E-009  -1.0330655416188553E-009  -1.6781947624207981E-009   2.7918073718902212E-009   6.2122945177007197E-010  -6.4312571203600566E-010   7.0937604581640756E-010   3.5347200916325160E-009   2.4126493420241577E-010   1.5211547967064903E-008  -1.1631865499899726E-008  -7.3043440896539567E-009  -1.6779770856473310E-008   1.2278021621209943E-008   1.5682224822018773E-009  -1.7185194410036289E-008  0.12456495722054579        2.5115395755634169E-008   1.6112174222714487E-010  -8.2195624420609856E-010  -1.6598946936604899E-010  -3.5719464770079531E-010   3.3334267928227436E-010   7.4164473159657603E-011   1.0805006404373410E-009   4.2625865993282876E-010  -3.4687330400986119E-010  -1.5172489578871584E-010   5.5825177922370222E-011  -1.0514076927029936E-009   2.5913226746152001E-010   8.0295095051218734E-010  -1.8973736334406515E-010   1.2408449215865262E-008   2.0154661877923093E-010  -7.1586668169205207E-011  -1.1857850106154728E-010  -3.9983939690066240E-010   8.1697104834255186E-011   1.2943403211753131E-010  -1.3591335945133591E-010   2.6222993115997986E-010   2.5393440042955228E-010  -1.0707144022941212E-010   1.1890297443695893E-008  -8.6036136396893332E-009  -7.0982311723702238E-009  -1.0206652627535374E-008   1.2413519287695497E-008  -1.6836443526454203E-009  -5.2577633123128536E-009   4.3673775360721506E-002   7.7699742642427137E-009  -1.0291845947267732E-008   1.2372432742212586E-008  -8.2602097508539571E-002  -1.7435112230392379E-008  -9.8319293680925375E-009   2.4825585527705204E-009  -2.6232788905294079E-009  -1.9639193112804566E-009  -1.2573957499496562E-009   3.0440229871991436E-009  -1.2251630050205744E-009   4.3617374649766824E-010  -2.9068053849530110E-003  -6.1930628728562008E-010  -2.1518623165269023E-009   1.4347808653562769E-009   1.9257018092180795E-009   1.0052528617261230E-009
  -8.6115332380359596E-009   8.0880226126553720E-009   1.6515543304891779E-003  -3.8208018043387760E-008  -1.1639734576077563E-008  -4.8426905497872075E-009   3.4813447505843603E-009   1.4579021125415145E-008  -4.1904632504025038E-009  -2.9392861674111093E-009  -2.0866127486871504E-008   2.3145064528418321E-008   5.5459174833171053E-002  -2.1153025226759623E-008  -1.6523268742568898E-008  -1.9110583460761115E-008   1.6353164951334053E-008   2.1645965588995169E-008  -2.3950648898996014E-008  -5.1226988738832278E-009  -1.8378079798219073E-008   1.8415649776215585E-008  0.13342026530982015       -1.0907709524248001E-008  -2.0199980375444842E-009  -1.3287316617599510E-009   2.5193831348903386E-009   3.6150929030303898E-010   3.7736092180511886E-010   2.3486004101156199E-009   1.1803154296436864E-009   1.3779795787873049E-009  -2.5482963200435493E-010  -2.9049236884222461E-009  -6.5106571063155697E-009  -8.9862603841028878E-009   6.0379859998918682E-009   1.2480789667012388E-008  -1.7991979493121499E-008  -5.9701344247883420E-009  -2.5640587039162504E-008   1.6752123567285387E-008  0.12456495185079132       -1.1262472057111496E-010  -9.8965670728376644E-011  -3.9924006252630401E-010   2.6469506798986426E-011  -3.4597408373795249E-010   1.7136827427447913E-010  -1.0638150112286665E-010   6.2711441403899556E-010   2.7550187422482481E-010  -6.8184138663819875E-011   7.2628212987343793E-010  -3.3947861280759246E-010  -1.3022709446780479E-009   5.9735265491195536E-010   6.4379515316373547E-010  -6.5483441936857026E-009  -1.1898001034016009E-010  -1.3816220140925398E-010   2.4718987573555285E-010   6.1147130361713701E-011  -1.7292141112592375E-010   9.8479003387296747E-011  -1.0672993692195703E-010   1.2407932569334239E-010   2.8135392945752347E-010  -2.7674586703116902E-010  -6.9036218029238696E-009  -9.0980622098307353E-009   9.1492344763733213E-009   1.1524338488524672E-008  -1.1674829760733361E-008  -4.6207167357840959E-009  -8.1170007367156665E-009   4.6224767576365684E-009   4.3673773174889977E-002   1.1912919188088890E-008   1.5526434219395187E-008  -1.1831954378403813E-008  -8.2602094842521082E-002   9.1814823369765131E-009  -1.7535930700476615E-009  -2.5240475203272598E-009   2.2408070593692417E-009   3.2591819483165143E-009  -1.8327149679146388E-009  -1.5055884409993982E-009   5.4807429246812862E-010  -4.1605091230492254E-010  -2.9068052941712821E-003   2.6838510979487517E-009  -1.8346374851472690E-009  -2.6103119184559778E-009  -1.1699409478026721E-009
  -3.7422677383914829E-010   1.0702968059137383E-009  -1.0626588627263743E-009   1.3063470518389732E-003  -3.1489601744381424E-009   1.6495940552675847E-010  -7.5423529328774869E-009   1.8243100060330123E-009   4.6582240554508892E-009   1.3246628928310425E-009   2.1706478250390215E-008   1.6426783104240744E-008  -2.1153025226759623E-008  0.12765576304331164       -2.3921172202477131E-009   6.5672424604613157E-010  -1.6123504158144325E-009   1.5010371273295827E-009   2.1327817228377378E-009   8.9127296353524784E-010   1.5312264070349878E-008   5.3440681356026426E-009  -9.5494963953071342E-009  0.33810316458931799        3.1728269386020066E-009   2.0953310886272703E-009  -5.3667231905134870E-010  -5.6404173238854558E-009  -8.0609241816839742E-010   1.3836232993585601E-009  -7.7822779097890465E-010   3.0263218147270650E-009  -1.0512281974647083E-009  -1.8556750538615442E-009   5.9415487159589976E-010   5.1469983701051654E-010   2.9457351150969583E-010  -3.8469368424989977E-010  -3.5464328957896197E-010  -2.0828730810995816E-010  -2.1817226717400876E-009  -2.5269158902276162E-008  -8.7650010458420647E-009   1.4001111390865411E-011  -1.0189580907195491E-010  -7.5515307138272809E-010  -7.7183568502241732E-010  -2.8207938868717989E-010   7.4690236417576525E-010  -2.8633635837176826E-010   4.4189881787074716E-010   5.2086835515135057E-010   4.2578091475968888E-010  -6.7323247423260061E-011   2.4304610243896535E-010   8.8996061617334406E-010  -3.2796454197954351E-011  -9.3202561280761460E-010  0.16059328974494289       -1.7157213765986138E-010   5.8173350219318977E-010  -4.8109369696716543E-010  -5.1021429431834433E-011  -4.7942453225932514E-010   2.8121028877508500E-010  -6.0909772816992084E-011   1.4230686693225236E-009  -5.0001409277539541E-010  -7.0210647308051930E-010   2.5520676432890873E-010   5.0869159542338578E-010  -1.0656780894061461E-009  -5.6278831042096555E-010   8.3385486536463934E-010   3.0760184946006150E-010   4.4757222068266321E-009  -3.4397598090307502E-009   3.2145720530087961E-010 -0.15811417681697593       -3.4793632874694240E-009   7.2790685089348002E-009   4.0941985222633136E-009 -0.14127529222028437        1.6890655020173325E-010   5.5285521018922386E-011  -1.5139171589294160E-010  -3.0829454879813359E-010   3.1584389169053645E-010   1.3931032140983411E-010  -3.7866877254210991E-010   1.5707570357624279E-009  -5.7756857011332017E-011  -3.3170773635175572E-002   2.3539851040900926E-002   3.3809349131906467E-002   1.5635093661483978E-002
   4.1305395532182829E-010   7.6524078590747702E-010  -4.9204822863867676E-010  -2.4469343135731594E-011   1.4365138220380415E-014  -9.3533266471350906E-015  -2.6883511087005566E-015  -6.8402918348865218E-015   8.6461018354410822E-016  -7.5248469591422358E-015   1.3868243313543369E-008   2.5690890121632028E-008  -1.6523268742568898E-008  -2.3921172202477131E-009   2.0337588612690077E-014  -8.1517373418253704E-015  -1.0780373642856577E-014  -1.6773416205693011E-014   2.3743248973023658E-014  -3.5641759049487337E-015   3.3364734127002958E-008   6.1809446478547739E-008  -3.9750472701654234E-008  -6.3362719994332798E-009   8.7914125930721771E-016  -1.2443103339589780E-015  -1.6708768930913376E-015  -1.2370997538439667E-015   1.3098740491707445E-015   5.7608062055603829E-017  -9.2823612581866938E-016  -1.2679130785790434E-016   2.4896591261349177E-015   1.3399035889362064E-015   1.0523411146822099E-014  -5.2262802874997173E-015  -5.7367437951833016E-015  -1.1533312770321657E-014   1.2572829841284946E-014   1.0098830062387424E-015   3.1149009164530554E-008   5.7703481156792219E-008  -3.7112352403581224E-008  -3.5887506946141678E-017  -5.3909494570193696E-016   1.9817619087477372E-016   9.9547016194364702E-017   3.5938507352268772E-016  -3.6500901511260106E-017   6.4256141526796794E-016  -2.2766943199817512E-016  -1.3881458739610672E-016  -2.8481192579816629E-017  -2.9969392544588275E-016  -4.1380701173486276E-016   4.2690310945225983E-016   1.4593853942523459E-016  -2.2224314981378940E-016  -3.0077145829371164E-009   1.3318220687557720E-016  -9.2344447892283938E-017  -1.7074651042994416E-016  -2.4319215925816563E-016   1.3974416559055675E-016   6.4507070990010166E-017  -2.5801463796423229E-018   6.6203869885809230E-017   9.5807042725979955E-017   7.7926991837222255E-017   9.6618907908518455E-015  -2.4352752906339007E-015  -6.1860621691901197E-015  -8.3354086366647645E-015   1.0843637668856940E-014  -1.3264835330909509E-015   1.0951919372948827E-008   2.0318877762431176E-008  -1.3007625235085305E-008   2.9830697939225937E-009  -2.0222850386531191E-008  -3.7033962304166508E-008   2.4671391569780467E-008   2.6776168697123521E-009   2.1633603246985996E-015  -4.6461166045450533E-016  -1.6806777081174869E-015  -1.5359741469792187E-015   2.4269814678413507E-015  -6.2738503238582642E-016  -7.2738862389575502E-010  -1.3479874394965808E-009   8.6596956078295888E-010   6.3131125882967219E-010  -4.5000373134957812E-010  -6.5024847411447269E-010  -2.9790317089507604E-010
  -3.0163529262471849E-010  -7.2655438908665473E-010  -5.6912031966675031E-010   6.8315625461389199E-012  -4.9428523450926476E-015   1.1639523438736151E-014   3.8272953053629259E-016  -3.0861031483194356E-015   1.8288595709602677E-015   8.0289555546485682E-015  -1.0120107317598362E-008  -2.4397953696936333E-008  -1.9110583460761115E-008   6.5672424604613157E-010  -8.1517373418253704E-015   1.9170509921814830E-014   1.7443022248867962E-016   2.3265526108926587E-015  -6.7502685680265179E-015   5.8251868249365480E-015  -2.4352117568433123E-008  -5.8694891592515977E-008  -4.5975353629290214E-008   1.7420440104798439E-009   3.8627400050170127E-016   1.9088435726228756E-015  -8.6603182893867796E-017   9.1889517749063689E-016  -1.4453894479038868E-015  -1.4371347482029010E-015   8.6358556132077054E-017  -7.8014336393799756E-016  -2.0246943641244127E-015   6.4603461327777112E-016  -5.5759292813499043E-015   1.0040017958332730E-014   1.5340766954752976E-015   3.1175532789084419E-015  -3.0936828675421667E-016   2.4583802940934689E-015  -2.2730501153527316E-008  -5.4799397675917916E-008  -4.2923622089199981E-008   7.2976013081558165E-017   5.3364089966464987E-016   1.0307871802735531E-016  -4.4575957610179798E-017  -9.9377760737753931E-017  -8.3615446651459916E-017  -5.1674085777677109E-016  -2.3344048057710008E-016  -2.2673860293870272E-017   7.0917773567174985E-017  -1.9457971883878856E-016   5.9777783977652164E-016   3.8637829175607152E-016  -5.2370734511176243E-016  -1.7235608722426476E-016   8.1863843515927408E-010  -4.9272806678033546E-017   1.4767339037568361E-016   1.8551957404556179E-018   1.8406434493460544E-016  -9.2099466945208814E-018  -1.1795464527263432E-016   7.6070326807615180E-017  -1.5673315695378047E-016  -2.4973237915039368E-016   1.1544539585495958E-016  -4.3813752452727892E-015   7.7719922908281737E-015   1.0597662300434161E-016   6.4514543734080853E-016  -2.6229574918348041E-015   3.7362308116976683E-015  -8.0997014164092340E-009  -1.9208928992133176E-008  -1.5056124597832465E-008  -9.0717044292433222E-010   1.3241291215135921E-008   3.6399525586159451E-008   2.8370049176754926E-008  -8.6722675624518034E-010  -8.4528838870110469E-016   2.0413388010214407E-015   1.6773609277169368E-016  -5.8889698827353266E-016  -1.0538169562898956E-015   1.4341849874261295E-015   5.3257275766324594E-010   1.2787091251191442E-009   1.0017605473226079E-009  -2.1674225846454147E-010   1.5582272003128361E-010   2.2733729021412166E-010   1.0322392480490756E-010
