   4.6940937069666228E-016   1.0821273584127616E-017  -2.8072173806665056E-016  -6.7973774562345481E-016   2.0622190899973983E-016   2.1032230337324919E-016   5.4998861787337736E-019   1.0588779167459906E-019   6.9618071423372324E-020   1.5436389888328899E-008  -1.9751862318574043E-009   1.3114661706386256E-017   2.5251118457236750E-018   1.6595170618326294E-018   1.1176887253461899E-008  -4.4321842617242699E-016  -5.6635004230493125E-017   8.3514461163991628E-017   7.8248990580765121E-016  -2.7449619056764421E-016  -3.3927325947341059E-016  -6.4265058989914321E-024   9.6842707490959143E-025   8.6544850665904542E-024   1.4237513857255027E-023  -1.8260803078291465E-024  -5.8236480635956985E-024  -2.7884036351376910E-024  -2.9891663726778714E-024   3.4181205756701731E-024  -3.0098826133553052E-025   5.8371543464720265E-016   1.1238897493619506E-016   7.3864724682046093E-017   5.8267801239516521E-016  -9.0982729725942612E-017  -7.5683433751451546E-016  -5.2728623801220425E-016   7.6515180890082447E-017  -5.5392673613544262E-017  -5.5159199223834574E-009   2.1335075260496929E-015   4.1078717651942507E-016   2.6997904671484696E-016  -3.5091023937652984E-024   1.7321749054808654E-024   6.2325218542495944E-024   1.3173601135600376E-024  -9.4493074423406187E-025   6.5320290185783958E-025  -4.0279712430763356E-024  -5.1042812716305855E-024   2.1370960378386951E-024  -2.1478780414147210E-024   2.2451874142873057E-016  -3.6047610646304169E-017  -2.9549670979116320E-016  -2.0017438453846599E-016   2.7781427220870869E-017  -2.4344388234502966E-017  -5.3821536866901403E-009   1.7273055407456630E-015   3.3257671886621462E-016   2.1857730229952531E-016   1.4043062855043263E-024   7.0758627576032259E-025  -7.4712459815641580E-025   2.6767012073656006E-025  -6.8553532953012788E-025  -3.8141133290007771E-024  -1.7579126253028394E-024  -7.4793367236538085E-025   9.7478798385337540E-025   1.1005290870463642E-024   2.6694869083514420E-009
   1.0821273584127616E-017   2.5046855490825165E-019  -6.4675306452451995E-018  -1.5673015245231557E-017   4.7557544195785601E-018   4.8516003599217328E-018  -9.1458556493345471E-020   1.1797365726849336E-019   1.5018396339001142E-019   3.5605988661714814E-010  -4.5896057299922174E-011  -2.1809074135823153E-018   2.8131513294365241E-018   3.5812238626825875E-018   2.5814512533957711E-010  -1.0211655313358373E-017  -1.3090780836355472E-018   1.9076492417377509E-018   1.8041183706135031E-017  -6.3315850598984426E-018  -7.8295724485977670E-018   1.9178815025853133E-024   1.6100609771617905E-024  -3.3645661071058268E-024  -4.0099578197965843E-024  -1.4702992714329596E-026   1.4288247547122461E-024  -9.1943883491028973E-025   3.5958728515196630E-024  -3.5705601826939055E-025  -7.4941012738104889E-026  -9.7068931897239123E-017   1.2520953320700993E-016   1.5939521581389709E-016   1.3464724527045615E-017  -2.0897042519947842E-018  -1.7439300118151185E-017  -1.2223376336492621E-017   1.7900644703181330E-018  -1.2413724192620852E-018  -1.0833039113271183E-010  -3.5479148582462601E-016   4.5764687565066768E-016   5.8259703320429529E-016   8.2320148450087450E-025   1.6614792330030191E-024  -2.8579950641837808E-024  -2.4139383888551880E-024   4.3679154387167623E-026   1.2401109062800331E-024  -2.1432718874077995E-024   1.9410248184969860E-024   1.1772159382636965E-024   6.5099677637118139E-025   5.0365284214239897E-018  -8.2145635019061192E-019  -6.6788715144359512E-018  -4.4515803440858627E-018   6.0118010791314116E-019  -5.8495172605698629E-019  -8.5429471771596112E-011  -2.8724215957390508E-016   3.7051473167649372E-016   4.7167543411888767E-016   4.7992921424851042E-025   1.3029258545318266E-024   5.8768685863589088E-026  -3.1409503619817429E-025  -6.7832966109965670E-025  -3.7048967018607065E-025  -1.4579166460752988E-024   2.4929473042015321E-025   6.3569897746228647E-025  -2.3549607344837437E-025   3.8978320142202652E-011
  -2.8072173806665056E-016  -6.4675306452451995E-018   1.6789592113059340E-016   4.0649286608416818E-016  -1.2332049735629650E-016  -1.2576750225223252E-016  -7.7710513437991339E-020  -2.8699536888695718E-019   2.2648381802539629E-019  -9.2306486864558859E-009   1.1798077557726046E-009  -1.8529703391774608E-018  -6.8436490893043749E-018   5.4009673159037868E-018  -6.6822380083207939E-009   2.6508155826705918E-016   3.3855948447467417E-017  -5.0013160838950993E-017  -4.6794416625601842E-016   1.6414323316799847E-016   2.0286366055705858E-016   3.0056594250596279E-024  -6.0536398284950843E-024  -3.0012568168301518E-024  -5.7038679688387139E-024   3.3654976097685343E-024   1.7832342287184168E-024   7.4856592098299343E-024  -1.2057736824055983E-024  -4.3575953257087927E-024   8.1803202007317093E-025  -8.2473186504663398E-017  -3.0460144821735317E-016   2.4038860572854391E-016  -3.4833376776638511E-016   5.4440746316619554E-017   4.5264217748129906E-016   3.1506851040567367E-016  -4.5656188895501716E-017   3.3265781445633065E-017   3.3723304550126229E-009  -3.0144334566752933E-016  -1.1133331024987608E-015   8.7863190690448801E-016   2.3220172717702997E-024  -6.6682850156318337E-024  -7.1924498814031587E-025  -1.1350172250222797E-024   2.9951504739024762E-024  -3.6828018065161147E-025   8.3958207365100349E-024  -2.8659971160866238E-024  -3.6828906181750926E-024   3.4444649401523168E-024  -1.3481411553360284E-016   2.1594958346715207E-017   1.7723737677550847E-016   1.2034825641281795E-016  -1.6767736548436120E-017   1.4465866421642256E-017   3.3698381156104713E-009  -2.4405105669445459E-016  -9.0136376314243395E-016   7.1134772542744569E-016   1.3493223453948023E-024  -3.9365662192771224E-024   9.4871993593590817E-025  -8.7877171620748730E-025   2.3739803269653347E-024   5.3092172690588934E-026   4.3569264772181938E-024  -2.3626261602666257E-024  -1.5109762504127979E-024   1.0401973746803560E-024  -1.6846739987691804E-009
  -6.7973774562345481E-016  -1.5673015245231557E-017   4.0649286608416818E-016   9.8431725889052126E-016  -2.9862905658859774E-016  -3.0457071718640595E-016   6.4305334459350933E-019   3.7174346884575529E-019   1.2126921783895072E-019  -2.2353599985479348E-008   2.8613065597270754E-009   1.5334293544012152E-017   8.8641770740523575E-018   2.8924636713644373E-018  -1.6186387983214525E-008   6.4179371209752567E-016   8.2021997636865651E-017  -1.2088142465500625E-016  -1.1331078693004807E-015   3.9750079368546749E-016   4.9131674370647407E-016  -6.8581183738618798E-024   5.9657571865834211E-024   5.2806221625668209E-024   8.1924780131025358E-024  -8.8521306214108151E-024   1.3198686632422897E-024  -7.1285346481329075E-024  -5.7080698517203281E-024   2.6495653486489247E-024  -5.3816692203512636E-024   6.8250690034507358E-016   3.9453316683650171E-016   1.2873778549237604E-016  -8.4385655229029898E-016   1.3172598717708329E-016   1.0959251285372651E-015   7.6375330031290260E-016  -1.1087868590566920E-016   8.0104564734936180E-017   7.9303525104924556E-009   2.4945949289429852E-015   1.4420377134352020E-015   4.7054308056548240E-016  -2.1815227638390238E-024   8.3470064699552612E-024   8.5857796987339839E-024   8.8926161707467313E-024  -2.2775886856057033E-024  -1.9834530093727475E-024  -9.8255451871690392E-024  -1.3402812645616212E-024   7.0613033457626251E-024  -3.5002349715455707E-024  -3.2469656934155995E-016   5.2170523723293499E-017   4.2749612240854272E-016   2.8937225343673367E-016  -4.0110408160958123E-017   3.5324370165686701E-017   7.6765628231821365E-009   2.0196449368319402E-015   1.1674857812299609E-015   3.8095557585961013E-016   3.1913098684131952E-024   4.5215490116576232E-024  -1.0098434678284885E-024  -2.8242608562904375E-024  -2.5011229919337614E-024   9.5677136077814403E-025  -5.1655552098311767E-024  -1.5854590284333075E-025   3.3925546915724371E-024   9.0820733447014889E-025  -3.7971977563674910E-009
   2.0622190899973983E-016   4.7557544195785601E-018  -1.2332049735629650E-016  -2.9862905658859774E-016   9.0600815273319149E-017   9.2404477928003192E-017  -2.5232671444699074E-019   8.2734049216297594E-020   2.8033043237853665E-019   6.7819004036106811E-009  -8.6836558856772898E-010  -6.0170015623114639E-018   1.9729157795200515E-018   6.6844353137958514E-018   4.9110870437307722E-009  -1.9470560927421354E-016  -2.4886980800915314E-017   3.6659481062314135E-017   3.4376936672425744E-016  -1.2059849357512389E-016  -1.4906454457317921E-016   4.6150970838386975E-024   4.8256952025746138E-025  -6.4358499237233278E-024  -7.9228939309607385E-024   2.4531438284111595E-024   1.6340913397414010E-024   9.8456733959402246E-025   7.0533678960880732E-024  -1.5120621170804310E-024   1.2747495530290710E-024  -2.6780769265474732E-016   8.7811583114538289E-017   2.9751533713937323E-016   2.5603880961048349E-016  -3.9957457644453252E-017  -3.3248034897013466E-016  -2.3176517360495431E-016   3.3659788233560248E-017  -2.4274037072300012E-017  -2.3908977417754166E-009  -9.7884966584871275E-016   3.2095555648084417E-016   1.0874325272815559E-015   1.8598513948212176E-024   2.1175854286762112E-026  -6.3461720599061922E-024  -6.4214381673996416E-024   9.9952370970037897E-025   2.7129796500175187E-024  -5.4345641487272796E-025   2.5344349828995839E-024   3.1379171159228205E-026   2.2628977809420428E-024   9.8396581205620947E-017  -1.5820098164745445E-017  -1.2958924257097124E-016  -8.7660757133526583E-017   1.2137494649298842E-017  -1.0735842872760486E-017  -2.2980626923707836E-009  -7.9248489008836309E-016   2.5984829711740378E-016   8.8039448307559431E-016   4.8463390582820855E-025   6.0621644608204768E-025   4.1049791658000632E-025   5.0794087501470550E-026  -2.7914702451144643E-025  -1.4352928180038789E-024  -7.9524804432326006E-025  -2.5184127064630959E-026   1.6073854890856441E-025  -3.0283451263219685E-025   1.1339786212828892E-009
   2.1032230337324919E-016   4.8516003599217328E-018  -1.2576750225223252E-016  -3.0457071718640595E-016   9.2404477928003192E-017   9.4245689366406288E-017   1.9865595289214980E-019   6.6278646283443700E-020   9.0603571837544714E-020   6.9170101634982491E-009  -8.8609429978241357E-010   4.7369927656644607E-018   1.5805248411270041E-018   2.1602493462899946E-018   5.0093555200857109E-009  -1.9856956087856661E-016  -2.5386256258344223E-017   3.7365906617181029E-017   3.5060783912820791E-016  -1.2300104783886628E-016  -1.5203908488798248E-016  -1.9349969397103724E-024   5.8269934072380765E-025   2.4574520742476834E-024   4.5239369114751673E-024  -5.1381487869502652E-025  -2.0309263710550899E-024  -1.0614907340842753E-024  -5.4808605036768082E-026   1.1445106015139297E-024  -1.2302353786302309E-026   2.1083709849141250E-016   7.0346852842308476E-017   9.6150501328468096E-017   2.6117096048836691E-016  -4.0742090869125355E-017  -3.3908101234826635E-016  -2.3646015216703298E-016   3.4362480649020065E-017  -2.4711221832030383E-017  -2.4143862026292329E-009   7.7061958904172349E-016   2.5712115625062262E-016   3.5143462025355807E-016  -1.1306909596303360E-024   8.2312591274666379E-025   1.6366531804273133E-024  -4.1107845904593752E-025  -2.2412545629321882E-025   6.8231168039650936E-025  -1.8936318124671927E-024  -1.7516990051736629E-024   1.0257939824865526E-024  -5.0726602009237664E-025   1.0017510854409709E-016  -1.6122459478060081E-017  -1.3199576711251118E-016  -8.9195495880644191E-017   1.2328673654318591E-017  -1.0979635575795970E-017  -2.2943907526979701E-009   6.2390006411169157E-016   2.0816743141833430E-016   2.8452441208879918E-016   7.8801744268031221E-025   5.0374318069847367E-025  -2.6420268107385305E-025  -5.5238599374077135E-027  -3.7070282842060048E-025  -1.8038430651656125E-024  -9.9814404733332297E-025  -3.5694458479352943E-025   5.2732348880961182E-025   4.3967547052383120E-025   1.1277062288924959E-009
   5.4998861787337736E-019  -9.1458556493345471E-020  -7.7710513437991339E-020   6.4305334459350933E-019  -2.5232671444699074E-019   1.9865595289214980E-019   3.4860993156033698E-008   1.6285285002265365E-014   1.4442980488681575E-013   2.2956811809510508E-016  -2.7185546798965739E-017   8.3128378896955334E-007   1.4391625070218214E-013   1.0399210355641814E-012   1.8672607857497276E-016  -3.2630772857144522E-019   8.2225593165970492E-020   3.9949310130268787E-020  -6.0256227917904170E-019   2.1063511059241613E-019   1.2121243183573562E-019  -4.0989733511922680E-013  -3.2007196523291810E-014   5.3792738291038738E-013   7.8414193868230013E-013  -1.7388657019319805E-013  -2.3420800369384533E-013  -6.9426530096771947E-014  -4.1626936455948604E-013   1.2515247600310913E-013  -9.0678658551997038E-014   3.6999254746111890E-005   8.6847135689490322E-012   7.4325515551793232E-011  -5.8998395922864473E-020  -1.2495474807203247E-019  -4.4517853851683337E-021   1.4155890766857800E-019  -1.0186499553499935E-019  -2.3685922429784631E-019   9.3540790040621064E-016   1.3523402293346421E-004   3.1577230276776571E-011   2.8172042293597206E-010  -1.7424860774748284E-013   2.5227065526378743E-014   5.1730054720683184E-013   3.1767476760573747E-013  -3.3285727301643360E-014  -8.3917765187877438E-014  -8.3049078693871272E-014  -3.5136979152845099E-013   8.6195414562792574E-014  -1.2367662381891057E-013   1.0981972030461411E-020   3.5549760352446700E-020  -1.1867724247145094E-019  -1.6076305382610574E-019   7.0499100732094594E-020   3.1012337179078480E-020   2.0055170393187476E-015   1.0948659672311667E-004   2.5564965956859116E-011   2.2729437653820035E-010   1.0123877698945706E-013  -1.9808703544102389E-014  -3.4380828308266997E-014  -3.7496306808444264E-014   1.3531576449810544E-015  -9.8341164027634977E-014  -1.5077653220556194E-014  -7.7067242201623581E-014   4.0037831108477397E-014   8.3069259809565116E-014  -1.1784261836984172E-015
   1.0588779167459906E-019   1.1797365726849336E-019  -2.8699536888695718E-019   3.7174346884575529E-019   8.2734049216297594E-020   6.6278646283443700E-020   1.6285285002265365E-014   3.4861258317047489E-008  -1.8899484256064974E-014  -2.4016140183848761E-016   6.9386943507239630E-017   1.4390767562868979E-013   8.3128518887376228E-007  -2.9722520532241852E-014  -1.8350682806537452E-016   1.0465734139358741E-019  -1.1194986264028618E-019   2.8285388809609558E-019  -5.0311904429214080E-019  -1.0540508833362657E-019   8.8656445306860637E-020  -4.7616536985721083E-014   6.4095580046277921E-013  -1.4873894499839768E-013  -6.3552266351112447E-014  -3.5723185470497105E-013   1.2743639168100197E-013  -6.6463111440821944E-013   3.5347773026187710E-013   2.5073998545470914E-013  -1.5260319278942846E-013   8.6843628511538451E-012   3.6999385394993224E-005  -8.5135374770102676E-012  -6.7622349366891702E-020   3.2020650904460521E-020  -7.8653323310695332E-020   9.6043991012695199E-020   1.4275137755143508E-019  -7.2178257610109546E-020  -4.1454449721446618E-016   3.1575943367542971E-011   1.3523454376050811E-004  -3.7620149729219704E-011  -6.3502794210836011E-014   7.1366161434659522E-013  -1.5297304972313655E-013  -3.1067213644652323E-015  -2.2070994326057945E-013   8.8306554595934122E-014  -8.6332027701935231E-013   4.1872804499530764E-013   4.4456903172104522E-013  -1.9808317038371999E-013   3.9432464090294798E-021   3.2777365214106250E-021  -6.9394168063436894E-020   1.9448971739369361E-021   1.4943878984813855E-020   4.0553589791911185E-020  -9.3922367124653871E-016   2.5563924953161800E-011   1.0948701524561693E-004  -3.0000330043085896E-011  -9.1910721851017458E-015   4.5210990988164048E-013  -6.5477620571751000E-014  -2.8445074780342203E-014  -2.5332258301561485E-013   4.0777917495927115E-014  -4.9032872470934210E-013   1.8749780490056109E-013   2.0570765348963923E-013  -9.0949284597278647E-014   5.5444852507703349E-016
   6.9618071423372324E-020   1.5018396339001142E-019   2.2648381802539629E-019   1.2126921783895072E-019   2.8033043237853665E-019   9.0603571837544714E-020   1.4442980488681575E-013  -1.8899484256064974E-014   3.4861134383602355E-008   7.0155280746232885E-016  -1.1261073749539040E-016   1.0399239487142060E-012  -2.9707976353418463E-014   8.3128479034956624E-007   4.9587622295989789E-016  -2.4414657229766988E-019  -1.0041127236058106E-019  -5.4659040243726582E-020   1.8419354337099873E-019  -3.1484657690746129E-019  -3.3404243985911757E-019   2.3369154070529949E-013  -1.4931132929285190E-013  -3.4201052288269847E-013  -4.1593701292044402E-013   1.6389169744804819E-013   1.0240639628372784E-013   2.6785840258930944E-013   2.9116555205841211E-013  -2.1005837797012337E-013   3.7898487085328518E-014   7.4325626903309029E-011  -8.5129405498388139E-012   3.6999327247248250E-005  -2.6124526773816441E-019  -2.8519107254010562E-021   7.9885152616016920E-021  -2.4779991726790056E-019   2.7448602476012158E-020   2.1761177437391653E-019  -1.0775086161088748E-015   2.8172083007917474E-010  -3.7617959698158208E-011   1.3523429851764591E-004   1.3941255464603196E-013  -1.5350186615217458E-013  -2.2412137085313472E-013  -3.5106268422566917E-013   1.6418441795730512E-013   1.6402233125581205E-013   1.2854309857977738E-013  -8.6963187887370173E-014  -1.8957831718908237E-014   2.3189969993494927E-013  -2.3617786647783418E-020   4.5273409967499956E-020   9.1425485454812544E-020   5.9117669830437132E-020  -6.4515578112326575E-020  -2.3305862282926136E-019  -1.9339996168197888E-015   2.2729470627583151E-010  -2.9998558061059999E-011   1.0948681901551149E-004   1.8396705139578747E-013  -6.5663029685993328E-014   4.6187074759192282E-014  -7.6959620430283499E-014   4.2230427110953797E-014  -1.6985731036201911E-013   4.0926050018897706E-014  -1.3773731599435767E-013   1.0753865766771932E-014   6.8261484594549737E-014   1.1093748750001813E-015
   1.5436389888328899E-008   3.5605988661714814E-010  -9.2306486864558859E-009  -2.2353599985479348E-008   6.7819004036106811E-009   6.9170101634982491E-009   2.2956811809510508E-016  -2.4016140183848761E-016   7.0155280746232885E-016  0.50766312450481887       -6.5027378319954116E-002  -7.4688010090866304E-016  -1.8489303709109422E-016  -5.1052456636873355E-016  0.36764767268703391       -1.4573915888991080E-008  -1.8631349102927397E-009   2.7427534795931484E-009   2.5732457806462940E-008  -9.0274695233921924E-009  -1.1158601064696703E-008  -8.5744393172619224E-018  -4.8896686307342642E-018   4.1491573282798692E-017   9.2503860968650127E-017   5.3726066008265426E-017  -8.8504660868113947E-017  -7.1853795224370564E-018   6.5052334907451446E-017   3.6690253826105795E-017   5.0990922942305291E-017  -1.6018077479654949E-014  -2.1092255506993917E-014   2.6370645088010816E-014   1.9167786415061802E-008  -2.9903647208950788E-009  -2.4886648678308633E-008  -1.7353512839793295E-008   2.5215219340935724E-009  -1.8143038606584863E-009 -0.17754474463532988       -5.7509308527775484E-014  -7.5381591719319497E-014   9.0936935002179899E-014  -2.7835639404615431E-017  -2.0193418320933896E-017  -3.2242894695639409E-017  -9.5844838330482870E-017  -3.0025455717395586E-018   4.1884562555615206E-017  -8.5618927396239561E-018  -2.3310147178197621E-017  -1.9054177795633999E-017  -2.0780956667110459E-018   7.3547895434169504E-009  -1.1834654989117313E-009  -9.6901230876738134E-009  -6.5493850227448802E-009   9.0556638109343331E-010  -8.0540614893898807E-010 -0.16909918708698493       -4.6733542157728352E-014  -6.1302026798019734E-014   7.4226930267131716E-014  -1.8244128658983522E-017  -5.4729316523327528E-018  -4.5642339678101405E-018   3.4106741933298888E-017  -4.9737981551648622E-019  -6.4783151714004522E-017  -6.1184472209354609E-018   6.1042303780344096E-018  -8.8950593646553551E-018  -2.7595597636870024E-018   8.3178268354522550E-002
  -1.9751862318574043E-009  -4.5896057299922174E-011   1.1798077557726046E-009   2.8613065597270754E-009  -8.6836558856772898E-010  -8.8609429978241357E-010  -2.7185546798965739E-017   6.9386943507239630E-017  -1.1261073749539040E-016  -6.5027378319954116E-002   8.4415734599492757E-003   6.0728087706845455E-016   7.1966219892395038E-016  -8.5465517735239954E-016  -4.7204748397663455E-002   1.8628777692861194E-009   2.3955980091685613E-010  -3.4507602814960034E-010  -3.2934622081680163E-009   1.1563371808026191E-009   1.4305930170297240E-009  -2.8838435399591401E-020  -8.1533816767799192E-019  -3.1172063495976709E-018  -7.6973702047049178E-018  -4.6494086321479248E-018   9.7731582073761509E-018   1.4321069394026024E-018  -1.1286573621221522E-017  -5.4664539838773659E-018  -8.3047608096721346E-018   2.3603505758835441E-014   3.4395727042867519E-014  -4.3239532087376458E-014  -2.4634160362467704E-009   3.8006067044963208E-010   3.1817481464742021E-009   2.2431503026057423E-009  -3.3137872638592432E-010   2.2027077678819798E-010   1.6433041069302663E-002   8.6272559334804983E-014   1.2544305945133444E-013  -1.5754454268748724E-013   3.6131278622255344E-018   7.2544409002894643E-018   2.1879257976494315E-018   8.5248836747658346E-018   1.1454264645570595E-018   4.3349956874001607E-019  -3.8285742828493179E-018   5.6491469969994724E-018   4.8084976701714143E-018   5.4710959621952738E-019  -8.9459566728939762E-010   1.4824497778274421E-010   1.1954500279232026E-009   7.8361468417308536E-010  -1.0276634403490597E-010   1.1098216824349619E-010   8.7371618695914494E-003   6.9840018493241774E-014   1.0158683801106445E-013  -1.2757274817157903E-013   3.5477138353024770E-018  -2.2946999013905794E-018   2.7754417467311814E-018  -1.0253885588711303E-018  -2.8982169008288593E-019   4.1282405781367609E-018   4.7464421369588941E-018  -1.4414422002897734E-018  -6.1949884994748501E-019   1.1005230904183760E-018  -3.1119940416133082E-003
   1.3114661706386256E-017  -2.1809074135823153E-018  -1.8529703391774608E-018   1.5334293544012152E-017  -6.0170015623114639E-018   4.7369927656644607E-018   8.3128378896955334E-007   1.4390767562868979E-013   1.0399239487142060E-012  -7.4688010090866304E-016   6.0728087706845455E-016   1.9822520107686985E-005  -2.3967141075005112E-012  -3.2529644280721646E-011  -5.1158805580140522E-016  -7.7808482195119460E-018   1.9607587339790976E-018   9.5261185937425977E-019  -1.4368815801901495E-017   5.0228686945455789E-018   2.8905561754138331E-018  -9.7742929606952874E-012  -7.6322728928139617E-013   1.2827264261821907E-011   1.8698420164128644E-011  -4.1464508188310603E-012  -5.5848550611177465E-012  -1.6555360382256551E-012  -9.9262450569334170E-012   2.9843575511137856E-012  -2.1622950423320524E-012   8.8227207231088875E-004  -5.2325092699226628E-011  -7.7921454019500266E-010  -1.4071062425422340E-018  -2.9796054420823908E-018  -1.0587548153386023E-019   3.3758793677990490E-018  -2.4291073449732751E-018  -5.6481091190421461E-018  -1.3295164182013975E-015   3.2247460787830670E-003  -1.9520433881157246E-010  -2.6082470164842557E-009  -4.1550842187241210E-012   6.0156189806173155E-013   1.2335395414511030E-011   7.5751923659469047E-012  -7.9373029201347815E-013  -2.0010873874131016E-012  -1.9803638557001736E-012  -8.3786455425301595E-012   2.0553857258788561E-012  -2.9491667402566648E-012   2.6197826222148550E-019   8.4770556959760729E-019  -2.8300128690005126E-018  -3.8336530601252122E-018   1.6811457623059725E-018   7.3956763855051916E-019  -2.9744903553797682E-015   2.6107814128689434E-003  -1.5804441585915810E-010  -2.1304688725050910E-009   2.4140939910567641E-012  -4.7235047809315514E-013  -8.1983666185371876E-013  -8.9411910573631460E-013   3.2265816461095239E-014  -2.3449996589080268E-012  -3.5953614927841916E-013  -1.8377119525208957E-012   9.5472678199293246E-013   1.9808382066615872E-012   1.7373539566551990E-015
   2.5251118457236750E-018   2.8131513294365241E-018  -6.8436490893043749E-018   8.8641770740523575E-018   1.9729157795200515E-018   1.5805248411270041E-018   1.4391625070218214E-013   8.3128518887376228E-007  -2.9707976353418463E-014  -1.8489303709109422E-016   7.1966219892395038E-016  -2.3967141075005112E-012   1.9822436096725766E-005   9.3293187536020591E-012  -1.3725119844112967E-016   2.4954579067779911E-018  -2.6695277833977802E-018   6.7448173983110804E-018  -1.1996858339313596E-017  -2.5135440346812234E-018   2.1139307011617157E-018  -1.1354358761163381E-012   1.5283929334121237E-011  -3.5467669099775172E-012  -1.5154480084873996E-012  -8.5183797904287773E-012   3.0387912082406222E-012  -1.5848477605718534E-011   8.4288703352304163E-012   5.9790244877286341E-012  -3.6389029526600366E-012  -5.2324354751470425E-011   8.8226996273558307E-004   2.4377040295294711E-010  -1.6122678459116949E-018   7.6352357784088719E-019  -1.8757896560780150E-018   2.2899856977862194E-018   3.4040277064075295E-018  -1.7211200004049091E-018   8.4034552726010745E-016  -1.9520176125812671E-010   3.2247394006790654E-003   7.3593043109770798E-010  -1.5142548935670109E-012   1.7017637564725163E-011  -3.6477298139921249E-012  -7.4087884685311847E-014  -5.2629434069758614E-012   2.1057191856600672E-012  -2.0586327624879050E-011   9.9847936663159797E-012   1.0600983449664591E-011  -4.7233945590163930E-012   9.4013401600423486E-020   7.8153461732568432E-020  -1.6547526997812361E-018   4.6418462577772088E-020   3.5632677630624646E-019   9.6699433784052543E-019   1.6972863726187560E-015  -1.5804230785694435E-010   2.6107759312631752E-003   6.0671899135694182E-010  -2.1916447792062770E-013   1.0780799866996027E-011  -1.5613477816159448E-012  -6.7828855684450346E-013  -6.0406108094650769E-012   9.7236970255106747E-013  -1.1692147825240165E-011   4.4709834509447937E-012   4.9052079179066276E-012  -2.1687336729200106E-012  -1.0103207019110807E-015
   1.6595170618326294E-018   3.5812238626825875E-018   5.4009673159037868E-018   2.8924636713644373E-018   6.6844353137958514E-018   2.1602493462899946E-018   1.0399210355641814E-012  -2.9722520532241852E-014   8.3128479034956624E-007  -5.1052456636873355E-016  -8.5465517735239954E-016  -3.2529644280721646E-011   9.3293187536020591E-012   1.9822487560746771E-005  -2.8247843914360796E-016  -5.8212905029282863E-018  -2.3943142052114341E-018  -1.3034913272843024E-018   4.3913589356653459E-018  -7.5074158772149469E-018  -7.9650762323695710E-018   5.5725435288056387E-012  -3.5604088193709025E-012  -8.1554862366745819E-012  -9.9183239620155512E-012   3.9081041231075362E-012   2.4419600186839754E-012   6.3872420422915549E-012   6.9430513014850084E-012  -5.0089744098468266E-012   9.0371670950790731E-013  -7.7921497676867446E-010   2.4376920079897503E-010   8.8227128972789891E-004  -6.2301711799104080E-018  -6.7884943713274072E-020   1.9135572170161610E-019  -5.9084263064602718E-018   6.5447988362897665E-019   5.1892020202017924E-018   1.5848804242079463E-015  -2.6082486086507102E-009   7.3592623351198546E-010   3.2247434709088189E-003   3.3243877599569229E-012  -3.6603377691334893E-012  -5.3443468813407269E-012  -8.3713235398365764E-012   3.9150761726624972E-012   3.9112183404993975E-012   3.0651830725335439E-012  -2.0736604157661712E-012  -4.5206151571690314E-013   5.5297944488200997E-012  -5.6359080271467716E-019   1.0796208360913639E-018   2.1805864623448435E-018   1.4101163175318848E-018  -1.5384928903706995E-018  -5.5574241532405488E-018   3.1518238361240654E-015  -2.1304701588865105E-009   6.0671556707312487E-010   2.6107792818904204E-003   4.3867982840800549E-012  -1.5657677495486789E-012   1.1013602549063707E-012  -1.8351463569830731E-012   1.0070068711189934E-012  -4.0503428113913271E-012   9.7590148334951198E-013  -3.2844218546322447E-012   2.5643214268188241E-013   1.6277294735856448E-012  -1.7750794306327445E-015
   1.1176887253461899E-008   2.5814512533957711E-010  -6.6822380083207939E-009  -1.6186387983214525E-008   4.9110870437307722E-009   5.0093555200857109E-009   1.8672607857497276E-016  -1.8350682806537452E-016   4.9587622295989789E-016  0.36764767268703391       -4.7204748397663455E-002  -5.1158805580140522E-016  -1.3725119844112967E-016  -2.8247843914360796E-016  0.26636125536653793       -1.0550453152032042E-008  -1.3501834641646316E-009   1.9800405271810287E-009   1.8632695782901549E-008  -6.5376527641872928E-009  -8.0822864674771918E-009  -5.0823677903893031E-018  -2.0979890216649881E-018   2.7849927153058758E-017   6.2838018170650987E-017   3.6674003282636774E-017  -6.2530509578004563E-017  -5.7164830227007169E-018   5.0065861767296628E-017   2.7338587982371113E-017   3.8701396236219913E-017  -9.0761389749670013E-015  -1.6141409999753863E-014   2.1891523821063144E-014   1.3889424913106903E-008  -2.1626290852767361E-009  -1.8016789272239437E-008  -1.2587668881868812E-008   1.8344738481496126E-009  -1.3017791282600157E-009 -0.12226492932848050       -3.2555957851549439E-014  -5.7702305489599331E-014   7.6268476699615212E-014  -2.0206410282921980E-017  -1.9293535555837883E-017  -2.1406599557274418E-017  -6.5655884389187644E-017  -2.9360306016937311E-018   2.4530862775998044E-017  -1.2735036677968375E-018  -1.9545634275033080E-017  -1.6167587573833217E-017  -1.7864987115442634E-018   5.2787939748060019E-009  -8.5371236492605763E-010  -6.9717521779756006E-009  -4.6877035606088041E-009   6.4257157246615385E-010  -5.9109257045875183E-010 -0.10953111291501512       -2.6454030989893502E-014  -4.6905769848692272E-014   6.2130761672917580E-014  -1.4423889048316301E-017  -9.6572351805834449E-019  -5.4974855911166073E-018   2.1354831111138636E-017  -6.7341223740856470E-021  -4.2743423440781623E-017  -8.3962340842923658E-018   5.0807950708090216E-018  -4.6817683804046300E-018  -2.7459949095532369E-018   5.2690944062288227E-002
  -4.4321842617242699E-016  -1.0211655313358373E-017   2.6508155826705918E-016   6.4179371209752567E-016  -1.9470560927421354E-016  -1.9856956087856661E-016  -3.2630772857144522E-019   1.0465734139358741E-019  -2.4414657229766988E-019  -1.4573915888991080E-008   1.8628777692861194E-009  -7.7808482195119460E-018   2.4954579067779911E-018  -5.8212905029282863E-018  -1.0550453152032042E-008   4.1852270946340794E-016   5.3454863726114818E-017  -7.8956904341672902E-017  -7.3881608399772072E-016   2.5915942594442631E-016   3.2029503750811092E-016   2.3427612400151120E-024   3.4600632018973838E-024  -4.3544287278362548E-024  -7.4183340444811555E-024  -2.2128940616417253E-024   4.4530446352487949E-024  -3.0327244867212697E-024   1.1541687680873128E-024   2.5775526845674692E-026  -1.2766126274632843E-024  -3.4631508806209458E-016   1.1106984742233669E-016  -2.5909925713279042E-016  -5.4997988117657257E-016   8.5951083762781788E-017   7.1465261066827869E-016   4.9747213789556620E-016  -7.2094135834822591E-017   5.2508572033225499E-017   5.3174244198275327E-009  -1.2657981027312241E-015   4.0596566612346494E-016  -9.4702004199858536E-016   1.2614984658564166E-024   3.3977650525766650E-024  -2.7381889548509861E-024   2.3582835837688602E-024  -1.4411510792536937E-024  -1.5031261581008000E-024  -2.2965348181273089E-024   5.7309229932957453E-024   1.1247903446636238E-024  -1.0111282230722683E-024  -2.1279998661591323E-016   3.4091725125195585E-017   2.7978235167273917E-016   1.8995170429752479E-016  -2.6459217216609271E-017   2.2848294931799594E-017   5.3061316046880977E-009  -1.0248007257478264E-015   3.2867319622646516E-016  -7.6671535618712178E-016  -1.7820428916057702E-024   2.2642645281941930E-024  -1.4373300063196205E-025  -2.9147307119270752E-025  -1.0422247491339974E-024   4.2378916804805352E-024  -1.5802621674626674E-024   2.0965709143482246E-024   4.8429238957566515E-025  -1.4754667050543614E-024  -2.6514764171618451E-009
  -5.6635004230493125E-017  -1.3090780836355472E-018   3.3855948447467417E-017   8.2021997636865651E-017  -2.4886980800915314E-017  -2.5386256258344223E-017   8.2225593165970492E-020  -1.1194986264028618E-019  -1.0041127236058106E-019  -1.8631349102927397E-009   2.3955980091685613E-010   1.9607587339790976E-018  -2.6695277833977802E-018  -2.3943142052114341E-018  -1.3501834641646316E-009   5.3454863726114818E-017   6.8450983451286337E-018  -1.0015373153779906E-017  -9.4417236195631589E-017   3.3130966350751614E-017   4.0962597654334367E-017  -1.4646654630044541E-024  -1.6974936360557623E-024   2.5970612328277938E-024   2.9457812894675277E-024   8.5895962004669620E-026  -9.4447282435355032E-025   1.2296099146325946E-024  -3.2182875670649851E-024  -4.5853408220841389E-026  -3.4479324417869353E-026   8.7270410993403982E-017  -1.1881701111520926E-016  -1.0656766984448694E-016  -7.0412471956080004E-017   1.0950573670256111E-017   9.1285783481589259E-017   6.3852254980527085E-017  -9.3220069279561005E-018   6.5603375483191077E-018   6.0050376908939480E-010   3.1897744129556606E-016  -4.3428191274592426E-016  -3.8950983215026184E-016  -5.0607333838962453E-025  -1.6782682672077682E-024   2.4595397064351725E-024   2.0917972018292732E-024   1.7454980764779124E-025  -1.0607062409100372E-024   2.1978224545085640E-024  -1.8158621233531922E-024  -1.0806429202551444E-024  -3.1363417075773581E-025  -2.6607661716657418E-017   4.3162408172155228E-018   3.5192297888542257E-017   2.3588520496985177E-017  -3.2163204715459189E-018   3.0191551035547391E-018   5.1594812166249041E-010   2.5824680862735011E-016  -3.5159826129496192E-016  -3.1535042260406166E-016  -1.8480225684613039E-025  -1.3136462066430097E-024   3.0637488002514050E-026   1.2646914353048369E-025   6.9402334014443397E-025   3.3031037992188462E-025   1.4757128401437948E-024  -4.1492233774496697E-025  -5.7873056410477547E-025   3.0757140200728683E-025  -2.4418796563230911E-010
   8.3514461163991628E-017   1.9076492417377509E-018  -5.0013160838950993E-017  -1.2088142465500625E-016   3.6659481062314135E-017   3.7365906617181029E-017   3.9949310130268787E-020   2.8285388809609558E-019  -5.4659040243726582E-020   2.7427534795931484E-009  -3.4507602814960034E-010   9.5261185937425977E-019   6.7448173983110804E-018  -1.3034913272843024E-018   1.9800405271810287E-009  -7.8956904341672902E-017  -1.0015373153779906E-017   1.5166441701961528E-017   1.3917248267277111E-016  -4.8773065282373178E-017  -6.0215842054726776E-017  -1.3316171360232203E-024   5.2911917621741725E-024   2.9249576036868754E-025   1.7662292119393096E-024  -2.9400315745282000E-024   3.9727037511228430E-026  -5.9024605627874324E-024   2.1212971092868724E-024   2.6627048207242088E-024  -1.2248357253571470E-024   4.2399393591338903E-017   3.0020273266384092E-016  -5.8016282292559887E-017   1.0310182302078659E-016  -1.6322113943042982E-017  -1.3479079237436071E-016  -9.2624022732458442E-017   1.3155327744709752E-017  -1.0477899054714623E-017  -1.3107955748326629E-009   1.5497178129987295E-016   1.0972555287468051E-015  -2.1205234931128778E-016  -1.0812471514837443E-024   6.2110376722527579E-024  -5.7939471653981934E-025   1.6237552510937033E-025  -2.0601739313369329E-024   9.1256547431945601E-025  -7.6221474396204952E-024   3.1536162163292610E-024   3.7645938296462327E-024  -2.1080935538177137E-024   4.2382246083543878E-017  -6.5804294013398362E-018  -5.4903636768337618E-017  -3.8466408795093957E-017   5.6297146098333049E-018  -3.9157916654895972E-018  -1.6337441745355888E-009   1.2546644974998919E-016   8.8834723073472378E-016  -1.7167934627725079E-016  -2.7811281373232770E-025   3.5520230573974258E-024  -5.4565656564704820E-025   2.1749274074666348E-025  -2.1424316409038279E-024  -9.7878732878470582E-026  -3.8720465848608612E-024   1.6451784062694000E-024   1.5519906864179143E-024  -7.2305372255458413E-025   8.6969947348326927E-010
   7.8248990580765121E-016   1.8041183706135031E-017  -4.6794416625601842E-016  -1.1331078693004807E-015   3.4376936672425744E-016   3.5060783912820791E-016  -6.0256227917904170E-019  -5.0311904429214080E-019   1.8419354337099873E-019   2.5732457806462940E-008  -3.2934622081680163E-009  -1.4368815801901495E-017  -1.1996858339313596E-017   4.3913589356653459E-018   1.8632695782901549E-008  -7.3881608399772072E-016  -9.4417236195631589E-017   1.3917248267277111E-016   1.3043909138655629E-015  -4.5758503351823120E-016  -5.6557780425056066E-016   8.5455536109143428E-024  -9.7675202082865130E-024  -6.8032339228993715E-024  -1.0047098384060934E-023   1.1802919341856526E-023  -1.7729193070697209E-024   1.1854695940265246E-023   6.8596685507791635E-024  -5.0499093526862262E-024   6.5126445813326530E-024  -6.3953451961438500E-016  -5.3396473725891162E-016   1.9545539814921040E-016   9.7138447884579789E-016  -1.5164619711360326E-016  -1.2615981986382125E-015  -8.7913589511061928E-016   1.2761271827632087E-016  -9.2250091340389177E-017  -9.1484828897305249E-009  -2.3375287521044156E-015  -1.9516668955493369E-015   7.1439840324206491E-016   3.2550166623920312E-024  -1.2459570179911270E-023  -9.5980991942495436E-024  -1.2247602267795653E-023   4.4936885878967163E-024   3.3026606709781363E-024   1.4023373001655544E-023  -1.5475206304518393E-024  -8.9157970679726173E-024   6.1227954430944944E-024   3.7392224226992952E-016  -6.0066659528988538E-017  -4.9225517202000103E-016  -3.3328253525007902E-016   4.6214013360517198E-017  -4.0639766476783143E-017  -8.8766889220809983E-009  -1.8924828538313734E-015  -1.5800858180970695E-015   5.7838296053402610E-016  -1.5415816253354876E-024  -6.8774034943491859E-024   1.6036387025973721E-024   2.4598940004878985E-024   3.8220124808335703E-024  -3.1682364506408835E-024   7.3366071373224327E-024  -1.8075989007628624E-024  -4.0963960927044873E-024   1.1507688677822396E-025   4.3943777794265226E-009
  -2.7449619056764421E-016  -6.3315850598984426E-018   1.6414323316799847E-016   3.9750079368546749E-016  -1.2059849357512389E-016  -1.2300104783886628E-016   2.1063511059241613E-019  -1.0540508833362657E-019  -3.1484657690746129E-019  -9.0274695233921924E-009   1.1563371808026191E-009   5.0228686945455789E-018  -2.5135440346812234E-018  -7.5074158772149469E-018  -6.5376527641872928E-009   2.5915942594442631E-016   3.3130966350751614E-017  -4.8773065282373178E-017  -4.5758503351823120E-016   1.6053008818807098E-016   1.9842665930193325E-016  -4.2907084893995095E-024  -6.9597591889056624E-025   6.0508631305658002E-024   7.0414043480668710E-024  -2.4061351210540311E-024  -1.1514212913952973E-024  -7.0117162345627622E-025  -7.3702162135741245E-024   1.2427095176793765E-024  -1.3353983903799105E-024   2.2356014883228455E-016  -1.1187415600256517E-016  -3.3414529760189960E-016  -3.4084885326427642E-016   5.3176019590289494E-017   4.4254468961053428E-016   3.0858608778668528E-016  -4.4838283470789258E-017   3.2263303964648303E-017   3.1574966978316102E-009   8.1712279008810062E-016  -4.0890542570701931E-016  -1.2213167569459428E-015  -1.6249186825203565E-024  -2.6032104284915384E-025   6.1857503551248107E-024   6.8039129254814365E-024  -9.6317956062920998E-025  -3.0004795414216887E-024   1.1002218213977736E-024  -2.1894368744995189E-024  -3.1350272998224307E-025  -2.2057236956642729E-024  -1.3078826549428577E-016   2.1045030991927966E-017   1.7231601586795388E-016   1.1646664121769478E-016  -1.6103825982701986E-017   1.4321653180818746E-017   3.0076548676467882E-009   6.6154945946302847E-016  -3.3105324451018348E-016  -9.8878827692095317E-016  -6.9756021237547945E-025  -7.9624349490999894E-025  -3.4582591675405464E-025  -5.2195260832230436E-026   4.0161987450664942E-025   1.9687096593205356E-024   1.1304868984084803E-024   1.0280958673286805E-025  -3.1892893162571773E-025   2.0948731673153542E-025  -1.4794976205921110E-009
