   5.5657134670318516E-005   3.5908193588055991E-018   2.5877707845362224E-018   3.3813039918257835E-017   2.2275752685244167E-018  -3.1048726942173313E-018  -3.4953296703884060E-019  -2.4952705568656110E-018  -3.0482669640347475E-018  -5.4817304712297116E-018   1.3962675518299228E-003   6.8908157966424505E-017   8.5717285807517920E-017   3.2828840705260074E-016   3.2400231008205774E-003   1.6747768916887275E-016   2.0040526010981289E-016  -5.2450716014828594E-018   1.4490400925793857E-018  -3.1160104682036174E-019  -1.2566189475405663E-018   2.4008577784954554E-018   4.1547195409433012E-018   1.0319031949601506E-015   1.4882289206609706E-016   4.3579649695550053E-019   2.0610881625134508E-020   6.7296672956118672E-017  -2.1424008401879265E-019   6.7416545146112016E-017  -5.8701387996775092E-019   4.2091499098644377E-019  -1.7394340147605073E-019  -2.7659402415472842E-018   3.5149190089422411E-003   1.8130605521526476E-016   2.1510551690940607E-016   5.1837957311845059E-018  -1.0442683495964062E-018   1.6263722066191032E-020   2.4681967563920819E-018  -1.2946663294387136E-018  -1.8185040280768827E-018   5.6689437507389322E-016  -1.4987264211530017E-018   7.4391793209277315E-020  -2.1354166292088830E-020  -6.0725411202177170E-019   4.8809471553004406E-020  -6.5089955500442333E-019   6.0605735105699549E-020   9.2245898323330292E-020   2.7361856896007891E-020   1.1746118283548848E-019  -1.4057247895222214E-018  -2.4677616531927258E-020  -7.8149844903782426E-019  -5.4518255138200573E-020  -9.0696965563115971E-019   3.6930928908768929E-003   1.9179944222511548E-016   2.2121566848376639E-016   1.0686085927726418E-016  -3.8903703465798864E-019  -6.2785403692224637E-019   4.8405933599779362E-017   2.1934171916514856E-019   4.7352410825536755E-017   2.5501773293742342E-019  -1.4273837660695655E-018  -3.0061072381089177E-020  -4.5729461207190028E-019  -9.3005270141594534E-019   3.6265318635695869E-019   2.1487015333893602E-020   3.4353756462421979E-019   5.8024237173550090E-019   1.8456558720884765E-018  -2.7133620198126048E-016  -8.0452709361422433E-016  -1.1054403374119022E-015  -4.9815139150775028E-017
   3.5908193588055991E-018   5.5657134670342741E-005  -1.6583647480941314E-017   4.9341293148749711E-017  -1.5650986664835154E-017  -9.1047322079883665E-019  -6.8422314284556755E-019  -1.1472907682984097E-017   2.1147753962993704E-018  -9.1692191801222595E-018   8.3876908559706621E-018   1.3962675518302387E-003  -2.7445142872574799E-016   3.3819790000146037E-016   4.9655502186653927E-017   3.2400231008212557E-003  -6.4739932334198965E-016  -3.2772915365545121E-017   8.1379084046622314E-019   2.7194691524127688E-019  -3.4901114323515992E-017   1.8285829387725487E-019  -3.6336108703723176E-017   9.4406286754579266E-016  -1.0377219371156930E-017   8.2250787387021004E-017  -1.3131305160965274E-018  -6.3508533261426903E-018   4.0295584131100812E-019  -5.6623015946259883E-018   1.8587743104916224E-016  -1.0215431049292653E-018   8.5343148437167530E-017  -1.3590824080374210E-018   7.0506939402560404E-017   3.5149190089429532E-003  -6.8394989068848587E-016  -8.0237031140677218E-017  -1.4355486909094716E-017  -4.2535533967547289E-018  -1.1932318533669025E-016  -1.6961290939061186E-018  -8.1457079533909957E-017   5.0601697663420025E-016   2.0126521780426480E-017   6.1728396300655934E-018   1.7816639089429788E-018   1.9332417810212837E-017   3.6700915903341179E-019   1.2288103479265180E-017   6.1079454363991694E-018   7.7602426388391501E-019   2.8009907290290013E-018   1.7214248240423929E-018   4.6495283618962287E-017   5.8910764596365350E-019   2.0192634295276227E-017   6.9361311515122525E-019   2.2281998496149315E-017   4.6319791230586855E-017   3.6930928908777338E-003  -7.2897714387966791E-016  -7.1987467609043734E-018   5.2548980009652604E-017  -1.6409386756965858E-018  -3.1416716929560119E-018   1.4747591368368061E-019  -3.0970340412374282E-018   1.1742832727356280E-016  -1.6323254612727053E-018   5.2007482856669601E-017  -2.9835074756627202E-018  -5.8714455409387186E-019   2.9140961912364624E-018   1.0143970734363032E-018   8.1646364457539093E-018   3.7905859588662563E-019  -4.8851595444153911E-019  -7.0082332792255917E-016  -1.7109059898711064E-015  -2.7038700532255756E-015  -5.5425640840632686E-017
   2.5877707845362224E-018  -1.6583647480941314E-017   5.5657134670346976E-005   8.3341282269614404E-018  -6.1085377791341839E-018  -1.3264614321282970E-018  -1.3167010905076466E-018  -2.9531845797188330E-018   2.0456638813937457E-018  -1.9948494893210540E-018  -1.6025675867780794E-017  -1.3561730465420584E-016   1.3962675518302743E-003   8.3933389566510171E-016  -4.8243246790163461E-017  -3.4131808520335369E-016   3.2400231008213993E-003  -1.0547618249201546E-017  -1.1078050859966035E-018   1.6372584451269334E-018  -1.6310862671418820E-017   1.2075529667066958E-018  -1.4940272377755303E-017   2.0794492739966971E-015   1.4083879155262262E-017  -4.4266944853128637E-018   7.6321519512077128E-017   7.0403876494561687E-018  -2.9975607039364677E-019   8.8427563940263081E-018  -7.3886736363162996E-018   7.8249017958225911E-017  -3.5435820848153575E-018   1.8058932080694526E-016  -8.6043261143294292E-017  -3.4165977835304347E-016   3.5149190089430724E-003  -1.9704156363690056E-017   3.7545514094564626E-018   3.8368265420673879E-018  -4.4707653960193591E-017   1.1008852783344049E-018  -1.8561691137075274E-017   1.2905229929331010E-015   3.7869291756409267E-018  -1.4531735790139595E-018  -1.7671753161106768E-018   7.3116050071533918E-018  -2.9915660593223863E-019   2.2191774001949988E-018  -1.3785697503095224E-018  -7.6827140949128813E-019  -4.8871836636435675E-019  -1.6845373273214811E-018   2.0770790902377366E-017  -5.6196048309428575E-019   7.3454423617587295E-018  -7.2535195108332223E-019   3.5561560938908138E-018  -5.1249706415472127E-017  -3.8465517498322246E-016   3.6930928908778609E-003   9.8821550079134305E-018  -3.3240599196326446E-018   5.1464793620192527E-017   4.4883271546161390E-018  -1.1110955113511085E-019   3.7812695909912238E-018  -8.9318157147758847E-018   5.3102482195368388E-017  -3.9529805818698791E-018   1.1669321404721480E-016  -2.3512620137601217E-019  -1.1468900698412667E-018  -8.9896831499996989E-019   5.3045381074928398E-018  -5.6885985582026174E-019  -2.9796454775354580E-019  -1.7454900373196006E-016  -5.2826180759842913E-016  -3.7402892160968560E-016  -9.2437463598585476E-017
   3.3813039918257835E-017   4.9341293148749711E-017   8.3341282269614404E-018   1.0240666862984574E-005   8.7382463973741749E-017   9.0143760339030374E-019   1.6126757642544658E-019   8.0761648670482159E-017   2.8133729837093220E-019   6.1307412208137355E-017   7.4602631993942040E-016   1.1471536534193320E-015  -1.0594203261767029E-017   1.0081514967981420E-003   1.7332607009457710E-015   2.6700182210049771E-015   2.5005136600211294E-017   5.0450007611211619E-016   2.5149791341608553E-019  -1.0625673338823110E-019   5.3367500747060866E-016   3.8783087143413865E-019   6.0897249957619351E-016   2.5611254912888551E-003  -7.5522150275167589E-018  -7.3613184451615576E-020  -1.0852072717510658E-018  -5.0658780074655848E-018  -2.9205156178283865E-019  -5.9542506640604574E-018   2.7625284386207264E-019  -6.3298981030889385E-019   4.0299055205083562E-019  -4.8078065430808622E-019   1.9108799197480008E-015   2.8968454234567279E-015   6.7127626013827480E-018   2.4048790833926954E-015  -8.0277514823368901E-019  -1.4589532402516021E-019   2.4701374320217491E-015   2.6685353580189552E-019   2.7219971694214374E-015   1.6107309289187289E-003  -8.5769717546470093E-016   5.5155237462218855E-019   2.6702707425615548E-019  -4.8205754299377598E-016  -7.9098740476306889E-020  -4.9926278097860606E-016   5.6506105809868686E-019   7.7930924333489125E-020  -1.5542403237815995E-019   2.0046564616497654E-019  -8.4629668260780689E-016  -3.4031356377347722E-019  -5.0083392737952632E-016  -1.5835529467157682E-019  -8.2159936959801521E-016   1.9784098253390561E-015   3.0429361980967985E-015   1.3372792034838833E-017  -7.1694693452657444E-018   1.0560013013004156E-019  -5.5238961324692568E-020  -2.6078191096870999E-018   4.2914465233903620E-020  -2.6457217400487830E-018   1.7575310362883587E-019  -1.4002035431531573E-019   1.4517629880631499E-019  -3.7174217000603821E-019  -5.2575122622993620E-017   1.0418768618216979E-019  -1.8818691543391247E-019  -6.0140626503602043E-017  -1.0893597019833805E-019  -7.3714925074749138E-017  -2.5829574404854377E-004  -8.0400380910223505E-004  -7.1046744084483763E-004  -1.1811894108443692E-004
   2.2275752685244167E-018  -1.5650986664835154E-017  -6.1085377791341839E-018   8.7382463973741749E-017   7.5154606257021843E-028   7.6004197386964943E-030   1.0790670787317769E-030   6.9347886323565321E-028   2.2362807704572028E-030   5.2584405650029888E-028   5.5883061265685056E-017  -3.9263546288742693E-016  -1.5324455958357928E-016   8.6105816534584152E-015   1.2967601317391425E-016  -9.1110616177344355E-016  -3.5560227155214392E-016   4.3216033441671099E-027   2.8796934013758899E-030  -4.8812186946259819E-031   4.5738863919044296E-027   2.5955854428352513E-030   5.2183948241000390E-027   2.1872994108043648E-014  -5.7364824378281047E-029  -2.3318579358464834E-029  -1.7163592320987416E-029  -3.9852182978310939E-029  -2.5726898280152904E-030  -4.7700660489900692E-029  -4.9160529170827926E-029  -1.3585660150554359E-029  -2.0340763462365951E-029  -2.4074184851647135E-029   1.4067822034794949E-016  -9.8840788091008754E-016  -3.8577292352813205E-016   2.0527774645082248E-026  -3.8361760682952470E-030  -8.5587851653720846E-031   2.1095685767276772E-026   2.9830655955064322E-030   2.3226031455932237E-026   1.3766190302841176E-014  -7.3106781544273014E-027   3.0111850453199834E-030   1.9289244570325623E-030  -4.1146163896616435E-027  -7.7608457408498864E-031  -4.2582444634599955E-027   3.1890059071523191E-030   5.6595124048228396E-031  -2.0018859866399411E-030   1.4417418054598643E-030  -7.2235202403849842E-027  -2.9454754988109790E-030  -4.2734215878588819E-027  -1.4962804415715395E-030  -7.0041421584852931E-027   1.4780930489311463E-016  -1.0385110180317845E-015  -4.0532804248116001E-016  -5.6278659442125809E-029  -1.3468969990258108E-029  -5.7297043216000034E-030  -2.0031935755371286E-029   3.5986043016985715E-031  -2.0379282118355759E-029  -3.0664599643464486E-029  -6.6405713566072574E-030  -1.2869485444272676E-029  -1.4884216394609025E-029  -4.4378046887555546E-028   4.9539248322573643E-031  -1.6752853782401287E-030  -5.0844716435090826E-028  -1.0850531651484282E-030  -6.2036450402391617E-028  -2.0401576584487761E-015  -6.4323076539595045E-015  -5.3323037382660818E-015  -1.0036088114725842E-015
  -3.1048726942173313E-018  -9.1047322079883665E-019  -1.3264614321282970E-018   9.0143760339030374E-019   7.6004197386964943E-030   4.7788385957291728E-031   3.7686501683919892E-031   7.0707714846585655E-030  -2.6521993860779036E-031   5.8336067721779589E-030  -7.7891774723560393E-017  -2.2840992849240154E-017  -3.3276866791759439E-017   8.4796963207552171E-017  -1.8074698444255544E-016  -5.3002266206217175E-017  -7.7218593948504306E-017   4.2290051755243779E-029  -4.2524591468158025E-031  -3.6864608438002467E-031   4.3864272921482861E-029   1.7190673952359942E-031   4.9437636542718095E-029   2.1613554149758043E-016  -9.0110033510480066E-030  -1.2395176978785184E-030  -1.9439874749559709E-030  -4.1029319330090202E-030  -1.7248826220404383E-032  -4.2995190653129198E-030  -2.7901827224739617E-030  -1.9756360104362927E-030  -1.1876266051252916E-030  -3.9646229506013202E-030  -1.9608224745842635E-016  -5.7499180471305524E-017  -8.3770113751549675E-017   2.2177639132001737E-028   4.0890658455741541E-031   1.5186103936410310E-031   2.3014776901206632E-028  -9.7562850533509619E-032   2.5376592528604303E-028   1.3111592094403184E-016  -8.2667426948911100E-029   3.7109436416473687E-032   5.7875124538857482E-032  -4.5309333303401028E-029   7.3088217095050394E-033  -4.6897175954408168E-029   1.2631119279218667E-032  -7.7913771268348819E-033  -7.7137542898235636E-032   1.0629846687538639E-032  -8.2095042472651656E-029  -5.5541679086630119E-032  -4.7774213003249369E-029   8.3446229409119601E-033  -7.9103958646846565E-029  -2.0602180370972627E-016  -6.0413857073115415E-017  -8.8016483673375182E-017  -6.5554795072967408E-030  -7.7736833784900089E-031  -1.1471145003466668E-030  -2.9331663037524648E-030  -1.5095493313165725E-032  -2.8389122421498352E-030  -1.6421120785738449E-030  -1.1621055549721934E-030  -7.8272904433620829E-031  -2.8726617142202340E-030  -6.8317772396477579E-030  -1.6979914478415574E-031  -6.9286078340364354E-032  -9.2535011219027772E-030   3.0653208839296628E-032  -1.0646133495403410E-029  -1.0218479842208125E-016  -2.7838263247952296E-016  -4.1651939481713595E-016  -1.2476084904310290E-017
  -3.4953296703884060E-019  -6.8422314284556755E-019  -1.3167010905076466E-018   1.6126757642544658E-019   1.0790670787317769E-030   3.7686501683919892E-031   5.4960086885342435E-031   7.6621569544119778E-031  -6.8403015848636070E-031   1.0482839909344077E-030  -8.7687147939426666E-018  -1.7165069280495632E-017  -3.3032009625081664E-017   9.2431216762611864E-018  -2.0347703747499253E-017  -3.9831349602779817E-017  -7.6650405655801739E-017   3.2528974224088056E-030  -6.2710944646424449E-031  -6.0191493982106511E-031   2.2636328733544149E-030   4.7035221877075880E-031   2.1505469437138057E-030   2.4684767533309611E-017  -1.0542995788837042E-030  -8.5774109548492403E-031  -1.8904280760222046E-030  -3.2010206185742349E-031  -7.9150961641537974E-033  -4.8257565772884042E-031  -2.0730812269552143E-030  -1.9323426577503011E-030  -8.2537130116230097E-031  -3.9009831763645181E-030  -2.2074080481802307E-017  -4.3210793106762105E-017  -8.3153718198635323E-017   5.3736732289996985E-029   5.4546545715867938E-031   2.7426145004982668E-031   5.7938273969569766E-029  -3.2029553003056640E-031   6.4968455838033258E-029   7.4305518803007129E-018  -2.5319884752783455E-029   6.5982239374820683E-032   5.8212123651409799E-032  -1.2065259280383725E-029   2.7688156129506992E-032  -1.2653973793278633E-029   2.2078858002834690E-032  -1.6134680436788313E-032  -7.2151511898876937E-032   1.7908374180157601E-034  -2.5177399154851287E-029  -5.0789380453149244E-032  -1.3727671814928515E-029   2.8842292107265082E-032  -2.4021878234642384E-029  -2.3193032184407789E-017  -4.5401180631963699E-017  -8.7368842567380285E-017  -6.6926912060820772E-031  -6.1026884502843405E-031  -1.1565776367428817E-030  -3.2466688712534161E-031  -1.1438767572030720E-032  -2.6431365377398420E-031  -1.1223155333986448E-030  -1.2135250313080111E-030  -6.1165563070632411E-031  -2.9507634256381484E-030  -4.6267628709347074E-030  -2.4198406460926122E-031  -8.9031363929063509E-032  -7.3619685691860201E-030   1.1313216688855918E-031  -8.0002109712950890E-030  -1.3762047686720896E-016  -3.6165466832735487E-016  -6.0623094099269627E-016  -5.3542991678832052E-018
  -2.4952705568656110E-018  -1.1472907682984097E-017  -2.9531845797188330E-018   8.0761648670482159E-017   6.9347886323565321E-028   7.0707714846585655E-030   7.6621569544119778E-031   6.4061038435997727E-028   2.7284284747241658E-030   4.8589598945235697E-028  -6.2598718605762730E-017  -2.8782021959650570E-016  -7.4086383133954986E-017   7.9602629560389227E-015  -1.4525962026304277E-016  -6.6788357228075560E-016  -1.7191661619229597E-016   3.9940142808025931E-027   2.7341701300240425E-030  -1.5533461190019540E-031   4.2269624747481659E-027   2.1099920774347598E-030   4.8225778924269343E-027   2.0220645953040709E-014  -6.5136729180500184E-029  -1.7396192320048684E-029  -1.2216821909544802E-029  -4.2425268501043402E-029  -2.3509271520627558E-030  -4.9534233432993882E-029  -3.5761207837191997E-029  -8.8346537492574729E-030  -1.4410324038098927E-029  -1.3469151963317655E-029  -1.5758400005364395E-016  -7.2454935996451213E-016  -1.8650267711203045E-016   1.8962178902082491E-026  -4.1963753825006342E-030  -9.3471872988538441E-031   1.9483314795927452E-026   2.9282157161550503E-030   2.1454600857657790E-026   1.2728801162325131E-014  -6.7517542892639182E-027   3.0072311289759574E-030   1.7841127522750571E-030  -3.8001349619301571E-027  -7.2442156987015445E-031  -3.9333366379729769E-027   3.1864495852363168E-030   5.2808467090028313E-031  -1.7108002856733298E-030   1.3405411362028577E-030  -6.6691857695893905E-027  -2.6995274675257046E-030  -3.9464182459540328E-027  -1.3832946956160861E-030  -6.4686253492032243E-027  -1.6557205125759172E-016  -7.6127731067684385E-016  -1.9595663775452338E-016  -6.0749139210628100E-029  -9.7374853426140878E-030  -2.8545914379413556E-030  -2.2454381540832799E-029   3.2084051519882290E-031  -2.2733034404405125E-029  -2.2515279351029489E-029  -3.5444702687462340E-030  -9.2656241963352196E-030  -8.1636745515231839E-030  -4.0892006099640579E-028   6.0267213664149502E-031  -1.5092165278971728E-030  -4.6730623271354963E-028  -1.0920207897465031E-030  -5.7139689510196455E-028  -1.8434992192657324E-015  -5.8349836538649902E-015  -4.7408009234159924E-015  -9.2646620558912146E-016
  -3.0482669640347475E-018   2.1147753962993704E-018   2.0456638813937457E-018   2.8133729837093220E-019   2.2362807704572028E-030  -2.6521993860779036E-031  -6.8403015848636070E-031   2.7284284747241658E-030   1.1237137850646650E-030   1.7025180067018711E-030  -7.6471709806970779E-017   5.3053256923047964E-017   5.1319460055901358E-017   3.6008495169787073E-017  -1.7745173982529994E-016   1.2310948412366676E-016   1.1908622805482315E-016   1.9252568946123305E-029   7.1746307179759533E-031   7.8656065310750945E-031   2.1530608325390403E-029  -7.0877303540299133E-031   2.4865217370508750E-029   8.9968614663746462E-017  -8.4916860070203360E-030   2.8707535177009007E-030   2.8293361014790418E-030  -4.1467946638039589E-030   1.6523786357519794E-032  -3.9642719390833529E-030   6.7942970759113751E-030   2.8984235735493438E-030   2.9670200556969696E-030   6.2921038312391148E-030  -1.9250742172913683E-016   1.3355456194674134E-016   1.2918995749971810E-016   4.3909559421891020E-029  -9.5363720213515917E-031  -4.2040644119589040E-031   4.0834463249221486E-029   4.6457267737564553E-031   4.5223995505445490E-029   6.6725534610211567E-017  -8.1843790032769216E-030   6.7813654637615911E-032  -3.1317340649639618E-032  -7.1101934202220176E-030  -3.5323659104077762E-032  -7.3772662540965510E-030   1.2339570487694014E-031   3.0189058356630393E-032   1.4116722991291569E-031   2.8794693941294003E-032  -7.1141400078197055E-030   5.8439851665794776E-032  -5.8827594904156032E-030  -2.9690579677614303E-032  -8.0969070805786375E-030  -2.0226576738189907E-016   1.4032454290265186E-016   1.3573869338129854E-016  -6.2857387026630208E-030   1.9576072769220847E-030   1.8148547780915093E-030  -2.7873954122469165E-030   5.1626000330545744E-033  -2.8028419834321046E-030   3.9880670937738280E-030   1.9441331614547144E-030   1.9220235752126072E-030   4.4709556335758858E-030   3.3593526595228348E-030   3.4311829343625088E-031   1.1786352476747245E-031   6.5870888944554871E-030  -1.7873756907290729E-031   6.4166888177944008E-030   1.6026260952626831E-016   4.1524479428998978E-016   7.2614528872068301E-016   1.1336326310096910E-018
  -5.4817304712297116E-018  -9.1692191801222595E-018  -1.9948494893210540E-018   6.1307412208137355E-017   5.2584405650029888E-028   5.8336067721779589E-030   1.0482839909344077E-030   4.8589598945235697E-028   1.7025180067018711E-030   3.6917335057993393E-028  -1.3751987827303891E-016  -2.3002770970306697E-016  -5.0044682129186739E-017   6.0369261403027806E-015  -3.1911332598305816E-016  -5.3377670510923482E-016  -1.1612812025808708E-016   3.0277519396612427E-027   1.4093864164912368E-030  -5.8530874854827476E-031   3.2029267795625995E-027   1.8993656386609792E-030   3.6536376074703324E-027   1.5336045968711125E-014  -5.8710694449895407E-029  -1.3886946301037357E-029  -8.9994752237155830E-030  -3.6221648886498617E-029  -1.7814539173296572E-030  -4.1708553714504901E-029  -2.8652293381370341E-029  -6.4493383644488877E-030  -1.1532371300430255E-029  -8.9306736656861216E-030  -3.4618811675138052E-016  -5.7906435507938592E-016  -1.2598087256381073E-016   1.4407424965364749E-026  -2.5750438729472532E-030  -3.8134130476415063E-031   1.4805247442586677E-026   2.0373046818992082E-030   1.6305383983706275E-026   9.6468596973583549E-015  -5.1355124027350901E-027   2.3078649435082687E-030   1.3630266361103684E-030  -2.8884052538821375E-027  -5.3397190594900215E-031  -2.9899439825540507E-027   2.4076529933969286E-030   3.6276024451154162E-031  -1.3668010281531566E-030   9.6995107129774322E-031  -5.0723756688022906E-027  -2.1004270862577179E-030  -3.0006395478881579E-027  -1.0358558817219780E-030  -4.9199786116892671E-027  -3.6373665214719609E-016  -6.0841756173139397E-016  -1.3236693752205715E-016  -5.2671650028287115E-029  -7.8571458351855596E-030  -1.8514307925540549E-030  -2.0042389470938423E-029   2.1754713943543345E-031  -2.0155968975407875E-029  -1.8022523292888756E-029  -2.3355510752940437E-030  -7.5391236342711333E-030  -5.8220383788615392E-030  -3.1371029711563251E-028   2.0038561966155323E-031  -1.2427186555189414E-030  -3.6024532310033030E-028  -7.7557790223444384E-031  -4.3988732508387640E-028  -1.5168567023906366E-015  -4.7362827817304871E-015  -4.1220136566137359E-015  -7.0636708533566447E-016
   1.3962675518299228E-003   8.3876908559706621E-018  -1.6025675867780794E-017   7.4602631993942040E-016   5.5883061265685056E-017  -7.7891774723560393E-017  -8.7687147939426666E-018  -6.2598718605762730E-017  -7.6471709806970779E-017  -1.3751987827303891E-016   3.5028089172057422E-002  -3.2078286467171794E-016   1.1972334253406991E-016  -1.5974498937582645E-015   8.1282285724056880E-002  -5.5428706688670533E-016   3.1542906974078874E-016  -1.3158282990710689E-016   3.6351991070954805E-017  -7.8171187461890171E-018  -3.1524732132502069E-017   6.0230190298640660E-017   1.0422922624416551E-016   8.6479427989094631E-016   3.7335119098791456E-015   1.0932803341351169E-017   5.1706408159429708E-019   1.6882680244200806E-015  -5.3746294951852184E-018   1.6912752516200868E-015  -1.4726385717528754E-017   1.0559471799413986E-017  -4.3637087820229288E-018  -6.9388994465206800E-017   8.8178584624722195E-002  -6.1087501225822960E-016   2.8441813475062843E-016   1.3004560540683176E-016  -2.6197504068092394E-017   4.0800712302241402E-019   6.1919519599858827E-017  -3.2479224756166216E-017  -4.5620713029166900E-017  -1.2324499137295685E-015  -3.7598469321582168E-017   1.8662629255879150E-018  -5.3571082426098355E-019  -1.5234151328129035E-017   1.2244805945383387E-018  -1.6329082214731954E-017   1.5204128254774425E-018   2.3141679028432128E-018   6.8642543616374172E-019   2.9467423927617886E-018  -3.5265342377996552E-017  -6.1908604213720260E-019  -1.9605409663538415E-017  -1.3676965421003454E-018  -2.2753099089238425E-017   9.2648423242943423E-002  -6.0915627142751688E-016   1.7857572110488735E-016   2.6808126442966408E-015  -9.7597512192225307E-018  -1.5750940544043933E-017   1.2143570595532438E-015   5.5026139424351222E-018   1.1879273902304847E-015   6.3976161859885350E-018  -3.5808699969578210E-017  -7.5414051031243759E-019  -1.1472125402311020E-017  -2.3332182228465916E-017   9.0978610321497355E-018   5.3904360104736043E-019   8.6183084559621754E-018   1.4556509253485462E-017   4.6301869856590724E-017   4.4023510501498680E-016   4.3241486550148279E-017   1.6133179576186063E-016   5.1695914383021590E-017
   6.8908157966424505E-017   1.3962675518302387E-003  -1.3561730465420584E-016   1.1471536534193320E-015  -3.9263546288742693E-016  -2.2840992849240154E-017  -1.7165069280495632E-017  -2.8782021959650570E-016   5.3053256923047964E-017  -2.3002770970306697E-016  -3.2078286467171794E-016   3.5028089172058040E-002   1.4962711198146189E-016   3.3551352328255530E-016   1.3051067361226805E-017   8.1282285724056921E-002   8.2844808852419959E-017  -8.2217236972475832E-016   2.0415527160236846E-017   6.8223176745428996E-018  -8.7556238281939197E-016   4.5873562092780095E-018  -9.1156200985801450E-016   2.8412147164439178E-015  -2.6033274569357571E-016   2.0634210909563610E-015  -3.2942434815965768E-017  -1.5932351671078754E-016   1.0108931575001244E-017  -1.4204985635853879E-016   4.6630971416104904E-015  -2.5627397073782712E-017   2.1409989867362447E-015  -3.4095227463594869E-017   4.3156690358116981E-016   8.8178584624721640E-002   5.5090297856045210E-016  -2.0129020960524233E-015  -3.6013533000962955E-016  -1.0670866588882299E-016  -2.9934543496498327E-015  -4.2550699592444787E-017  -2.0435093846492887E-015   5.3459414729203646E-016   5.0491297225703282E-016   1.5485769666658190E-016   4.4696506908912685E-017   4.8499132855063826E-016   9.2071390850038720E-018   3.0827099281216345E-016   1.5322969951123069E-016   1.9468079079380578E-017   7.0268304164151091E-017   4.3185292217455670E-017   1.1664246859870658E-015   1.4778911912488280E-017   5.0657153336670815E-016   1.7400635011944512E-017   5.5898730099660252E-016  -2.4300032711413766E-016   9.2648423242945185E-002   3.1899513167266122E-016  -1.8059457382464582E-016   1.3182934425898518E-015  -4.1166140531217014E-017  -7.8814949230840367E-017   3.6997203354556134E-018  -7.7695126856704307E-017   2.9459181470429185E-015  -4.0950061282996412E-017   1.3047089325607796E-015  -7.4847091995488351E-017  -1.4729663931140074E-017   7.3105774827190518E-017   2.5448124965474471E-017   2.0482579653606900E-016   9.5094226609552104E-018  -1.2255373541907305E-017   3.5243957499214092E-016   5.0851500061835621E-015   8.1736991952753586E-015   6.4719713381287926E-017
   8.5717285807517920E-017  -2.7445142872574799E-016   1.3962675518302743E-003  -1.0594203261767029E-017  -1.5324455958357928E-016  -3.3276866791759439E-017  -3.3032009625081664E-017  -7.4086383133954986E-017   5.1319460055901358E-017  -5.0044682129186739E-017   1.1972334253406991E-016   1.4962711198146189E-016   3.5028089172057159E-002  -6.3864429213509905E-016   4.5951537388933300E-019  -3.2059795315983531E-016   8.1282285724056422E-002  -2.6460753321729256E-016  -2.7791446765839883E-017   4.1073814784587199E-017  -4.0918973687737541E-016   3.0293816498375276E-017  -3.7480581170515897E-016  -2.9346936706081026E-015   3.5332152085937848E-016  -1.1105224708934994E-016   1.9146738658443976E-015   1.7662182729083862E-016  -7.5199644579869627E-018   2.2183775530048240E-016  -1.8535925915932432E-016   1.9630289159651185E-015  -8.8897653671330073E-017   4.5304346036366666E-015  -8.4510382971697206E-016   3.7011529190871655E-016   8.8178584624720169E-002  -4.9431711374718844E-016   9.4190229801658814E-017   9.6254261639951678E-017  -1.1215785166764813E-015   2.7617849922197787E-017  -4.6565614989970517E-016  -2.3634317159774360E-015   9.5002489103415231E-017  -3.6455687623369616E-017  -4.4333032357761717E-017   1.8342584260456126E-016  -7.5049257252052129E-018   5.5672384404893356E-017  -3.4584105374674436E-017  -1.9273583637123725E-017  -1.2260451440398265E-017  -4.2259897565999162E-017   5.2107571716772416E-016  -1.4097872493838637E-017   1.8427471850478125E-016  -1.8196865486388686E-017   8.9213097180270234E-017   9.4340412082817660E-017  -2.5526590883461613E-016   9.2648423242943673E-002   2.4791309257010415E-016  -8.3390512889412414E-017   1.2910945167969855E-015   1.1259842255824619E-016  -2.7873993490194747E-018   9.4860507388646758E-017  -2.2407198170223488E-016   1.3321791222310407E-015  -9.9168211805440951E-017   2.9274764009674967E-015  -5.8985983998363521E-018  -2.8771969658882437E-017  -2.2552369894572151E-017   1.3307466294981340E-016  -1.4270956687312133E-017  -7.4750206241160999E-018  -2.3075178538192713E-016   3.5525916413154602E-016  -3.4747747852148375E-016   1.7835630293653315E-016
   3.2828840705260074E-016   3.3819790000146037E-016   8.3933389566510171E-016   1.0081514967981420E-003   8.6105816534584152E-015   8.4796963207552171E-017   9.2431216762611864E-018   7.9602629560389227E-015   3.6008495169787073E-017   6.0369261403027806E-015  -1.5974498937582645E-015   3.3551352328255530E-016  -6.3864429213509905E-016   9.9335434558811400E-002  -3.5002324015490495E-015   1.2485122559129144E-015   3.4520914828224964E-015   4.9736540992189465E-014   3.3136068928072764E-017  -3.1079600298884500E-018   5.2629514033025136E-014   3.1483904669550476E-017   6.0058651718263125E-014  0.25233765877784231       -7.4617375404206566E-016  -7.9371757218369819E-018  -1.0573435005833990E-016  -5.0226939061804184E-016  -2.8662024331731059E-017  -5.8845762570394637E-016   2.6812959480193007E-017  -6.1250347672271638E-017   3.7933105317218777E-017  -5.1856674480080175E-017  -7.6743751294907224E-016   1.5932166909659228E-015   1.7126537604515101E-015   2.3656082658671505E-013  -8.5119302838933058E-017  -1.8499543319377291E-017   2.4295787586675138E-013   3.0568798485373365E-017   2.6769833378850028E-013  0.15880525554023722       -8.4285989388167941E-014   5.2994949529931045E-017   2.5841811566112781E-017  -4.7403192827670411E-014  -8.1370998642095356E-018  -4.9090084598930847E-014   5.4892365551156126E-017   8.0056315173179736E-018  -1.4688365121892140E-017   2.0009753010250880E-017  -8.3172708634973181E-014  -3.2824637777297944E-017  -4.9233844872473236E-014  -1.5882949973846297E-017  -8.0742210526685367E-014  -3.7241741000647505E-015   1.4959307024807365E-015   2.4196333766535022E-015  -7.0921795458802468E-016   1.1012862527309939E-017  -5.9328958992496803E-018  -2.5788361575883982E-016   4.3764009879952576E-018  -2.6211583121596649E-016   1.5873655010427118E-017  -1.3993320386524930E-017   1.5188456623219121E-017  -3.3658653301621849E-017  -5.1256937998924845E-015   1.3310852419371430E-017  -1.7282736332879792E-017  -5.8393837053301264E-015  -1.2164221222781742E-017  -7.1671331253721077E-015  -2.3675038422532869E-002  -7.4569719204838597E-002  -6.2131623852736795E-002  -1.1582456180143299E-002
   3.2400231008205774E-003   4.9655502186653927E-017  -4.8243246790163461E-017   1.7332607009457710E-015   1.2967601317391425E-016  -1.8074698444255544E-016  -2.0347703747499253E-017  -1.4525962026304277E-016  -1.7745173982529994E-016  -3.1911332598305816E-016   8.1282285724056880E-002   1.3051067361226805E-017   4.5951537388933300E-019  -3.5002324015490495E-015  0.18861462696622347        4.7137716015659973E-016   8.8346948120198207E-017  -3.0533647223378290E-016   8.4354385143703813E-017  -1.8139535854941643E-017  -7.3152785239830165E-017   1.3976347704897885E-016   2.4186274354747411E-016   2.5319645982320525E-015   8.6635722640288405E-015   2.5369446805768412E-017   1.1998413676175298E-018   3.9176069030099958E-015  -1.2471767105043064E-017   3.9245851397989732E-015  -3.4172411908957984E-017   2.4503135174704319E-017  -1.0125936995679982E-017  -1.6101637878455663E-016  0.20461741075865300        4.8918644863542043E-016  -3.8220950023270580E-017   3.0176936012497079E-016  -6.0791012620202718E-017   9.4677592568502736E-019   1.4368354663328328E-016  -7.5367674604202283E-017  -1.0586234987409958E-016  -2.5315020666875733E-015  -8.7246823861230625E-017   4.3306420629702157E-018  -1.2431109236109472E-018  -3.5350676279752622E-017   2.8413934045889335E-018  -3.7891451048710802E-017   3.5281008076710213E-018   5.3700005092603115E-018   1.5928424801169247E-018   6.8378824761805311E-018  -8.1832829111817549E-017  -1.4365821760240701E-018  -4.5494131928939901E-017  -3.1737243950911731E-018  -5.2798309727960040E-017  0.21498962084188264        5.8982758250798170E-016  -3.1921848338857121E-016   6.2207954951824443E-015  -2.2647392591096942E-017  -3.6549879824597974E-017   2.8179018558731905E-015   1.2768753570919490E-017   2.7565721063989156E-015   1.4845596179408244E-017  -8.3093684272579070E-017  -1.7499745456621774E-018  -2.6620937563376594E-017  -5.4142065618961018E-017   2.1111483879712436E-017   1.2508445945441775E-018   1.9998687537144311E-017   3.3778215490856549E-017   1.0744296660758590E-016   9.3629706700262792E-016  -1.4911567238836655E-016   8.5428581915652023E-017   9.4729199008616520E-017
   1.6747768916887275E-016   3.2400231008212557E-003  -3.4131808520335369E-016   2.6700182210049771E-015  -9.1110616177344355E-016  -5.3002266206217175E-017  -3.9831349602779817E-017  -6.6788357228075560E-016   1.2310948412366676E-016  -5.3377670510923482E-016  -5.5428706688670533E-016   8.1282285724056921E-002  -3.2059795315983531E-016   1.2485122559129144E-015   4.7137716015659973E-016  0.18861462696622033       -1.3573957941085561E-015  -1.9078417078970080E-015   4.7374000439860706E-017   1.5831111191867204E-017  -2.0317326309175165E-015   1.0644908327425272E-017  -2.1152693592996925E-015   7.8456066678625403E-015  -6.0409919921274417E-016   4.7881453612933749E-015  -7.6442548321900940E-017  -3.6970842298122402E-016   2.3457661667129403E-017  -3.2962508902158616E-016   1.0820664306340976E-014  -5.9468085772094771E-017   4.9681639931884258E-015  -7.9117590654525184E-017   1.4799623885362974E-015  0.20461741075864820       -4.0274913647961872E-016  -4.6709166035899376E-015  -8.3568997010891347E-016  -2.4761625526883290E-016  -6.9462770451136720E-015  -9.8738418331740812E-017  -4.7419404714557969E-015   1.6333867561451565E-015   1.1716448555085236E-015   3.5934553795367975E-016   1.0371773999980843E-016   1.1254169060517563E-015   2.1365062368444783E-017   7.1533936079400243E-016   3.5556778892234390E-016   4.5175457857718671E-017   1.6305680702022194E-016   1.0021098335835613E-016   2.7066753238021826E-015   3.4294298351841090E-017   1.1754935278516078E-015   4.0377977224894937E-017   1.2971237252624213E-015  -6.1106911418421012E-017  0.21498962084188306       -1.0261055724161404E-015  -4.1906767102609002E-016   3.0590850600613354E-015  -9.5525564651269535E-017  -1.8288920047109668E-016   8.5851592968273455E-018  -1.8029066528615722E-016   6.8359698232879231E-015  -9.5024155193660698E-017   3.0275623578042792E-015  -1.7368183252335157E-016  -3.4180018966986482E-017   1.6964112568041536E-016   5.9052086867332789E-017   4.7529594994210224E-016   2.2066507995970315E-017  -2.8438456034784034E-017  -5.9015726235500647E-015  -5.8603369248587401E-015  -1.0624576373591103E-014  -1.1328043327185312E-016
   2.0040526010981289E-016  -6.4739932334198965E-016   3.2400231008213993E-003   2.5005136600211294E-017  -3.5560227155214392E-016  -7.7218593948504306E-017  -7.6650405655801739E-017  -1.7191661619229597E-016   1.1908622805482315E-016  -1.1612812025808708E-016   3.1542906974078874E-016   8.2844808852419959E-017   8.1282285724056422E-002   3.4520914828224964E-015   8.8346948120198207E-017  -1.3573957941085561E-015  0.18861462696622272       -6.1401879542935164E-016  -6.4489738666867187E-017   9.5311323797850612E-017  -9.4952016779316405E-016   7.0296459398569845E-017  -8.6973265736266942E-016   5.7151662933871053E-015   8.1987860285164419E-016  -2.5769548643881982E-016   4.4429791036416940E-015   4.0984895751636964E-016  -1.7449992681773182E-017   5.1477200832012150E-016  -4.3012406958834919E-016   4.5551864518874834E-015  -2.0628600236852248E-016   1.0512822383720144E-014  -1.8663693366390247E-015   1.9334890435128583E-016  0.20461741075864867       -1.1470572853724901E-015   2.1856736556615223E-016   2.2335692815975184E-016  -2.6026102938772417E-015   6.4086909149789024E-017  -1.0805498421263862E-015   2.4566490150740330E-015   2.2045220410760991E-016  -8.4595011823638851E-017  -1.0287430140471385E-016   4.2563759828419365E-016  -1.7415095472024836E-017   1.2918713989298624E-016  -8.0252026331416105E-017  -4.4724133378331516E-017  -2.8450239240551649E-017  -9.8063615510293017E-017   1.2091503227170266E-015  -3.2713954064604708E-017   4.2760740523324559E-016  -4.2225621057479997E-017   2.0701798546815572E-016   3.1839968487288953E-016  -1.2915757829039920E-015  0.21498962084188361        5.7527953426279000E-016  -1.9350674431765113E-016   2.9959702596272664E-015   2.6128336916984924E-016  -6.4681287409413705E-018   2.2012273714443398E-016  -5.1995650547807901E-016   3.0913066230054594E-015  -2.3011871664253010E-016   6.7931759595865450E-015  -1.3687631036902042E-017  -6.6765030977559188E-017  -5.2332519896276661E-017   3.0879825397782168E-016  -3.3115593982760936E-017  -1.7345701022650094E-017  -7.3441054387631008E-016  -3.2037170679622934E-016   4.3964754814941840E-016  -1.3058043812252898E-016
  -5.2450716014828594E-018  -3.2772915365545121E-017  -1.0547618249201546E-017   5.0450007611211619E-016   4.3216033441671099E-027   4.2290051755243779E-029   3.2528974224088056E-030   3.9940142808025931E-027   1.9252568946123305E-029   3.0277519396612427E-027  -1.3158282990710689E-016  -8.2217236972475832E-016  -2.6460753321729256E-016   4.9736540992189465E-014  -3.0533647223378290E-016  -1.9078417078970080E-015  -6.1401879542935164E-016   2.4932894858009042E-026   1.8775216839432245E-029   2.8483395181183277E-031   2.6389028354962643E-026   1.3114831645114711E-029   3.0111890502909807E-026   1.2633876276921095E-013  -3.8481878073184432E-028  -5.1820459238095843E-029  -6.6262911638351896E-029  -2.5638550186144977E-028  -1.4475663954092508E-029  -2.9988067936240901E-028  -9.4696801347702297E-029  -4.4587731939630993E-029  -3.1122381990000922E-029  -6.0516969597049272E-029  -3.3124238222287854E-016  -2.0697102694857453E-015  -6.6611449015877756E-016   1.1837164285002634E-025  -3.6644828519815161E-029  -8.7650086626126375E-030   1.2159237909021517E-025   1.7542909251391192E-029   1.3392938970679468E-025   7.9542510317779777E-014  -4.2144122023064209E-026   2.2749076662842974E-029   1.2081242121568786E-029  -2.3717696478152554E-026  -4.3446261999322408E-030  -2.4554596637320419E-026   2.3900038406146537E-029   3.7896539803718620E-030  -8.7196219607790970E-030   9.3930679775150499E-030  -4.1608575387896553E-026  -1.6453899270262370E-029  -2.4628765242327240E-026  -8.3050514083472968E-030  -4.0375094271210848E-026  -3.4803330712240458E-016  -2.1746254360249216E-015  -6.9988033347451822E-016  -3.6367079897862989E-028  -2.4573633149006070E-029  -1.1850186809735309E-029  -1.3297093964117244E-028   2.1506388794529466E-030  -1.3503722818901366E-028  -5.9977059538562613E-029  -1.6035157357104893E-029  -2.1993157264610881E-029  -3.6246731434426381E-029  -2.5489793346984503E-027   6.0757932115700256E-030  -8.6918185696412903E-030  -2.9027981143831427E-027  -6.7040523053421326E-030  -3.5585528645031958E-027  -1.1303573147358725E-014  -3.5894926625051460E-014  -2.8668577527275238E-014  -5.7818725832730570E-015
