   2.8773845022539098E-005   1.3447279228876900E-009  -5.8237073629130813E-010  -2.0727972067100108E-010  -7.7999514739144965E-010  -3.2632902083477664E-010  -5.6473291723485883E-010  -4.1883241793566574E-016   3.1486651560079327E-016  -9.4994585353543313E-016   1.6997642169745586E-003   6.5503627329374539E-010  -7.2100244759854274E-010   5.0716974434030823E-011  -4.5755622942750192E-010  -3.5288084468638307E-010  -1.9747998716718093E-010  -3.8192722578081525E-016   2.3284054565952386E-016  -7.7949837267601374E-016   4.4945888400139637E-003   4.5145178469208524E-018   3.9813931168525467E-018   3.9086141818283744E-018  -7.8982115076449724E-019   6.7407068641376636E-019   4.6182966008765116E-018   8.9229471230727142E-018   3.4137095721627948E-018   4.7176347400220927E-018   7.3238576676319994E-018  -3.7528427768190115E-010  -8.5117156665264329E-010  -5.6202276458720782E-011  -5.0572227281518841E-010  -7.1435931111526470E-010   8.8100892163442823E-010   2.5274264415468626E-003  -1.8929623022338114E-011   1.6076784388495016E-010  -3.7638062784266065E-010   8.7919936908010489E-012  -4.5516151643152814E-011   2.4459840907796895E-011  -1.4963669141879593E-010   2.1268892379526007E-010  -1.4934006761838381E-011   2.1785166474279504E-010   2.5072666648472947E-011   8.5883410423209285E-012  -5.2835452240962185E-011   2.5337393010795955E-011   1.6153202797979218E-011  -1.6219357648000561E-016   1.3071081186199347E-016  -3.1757882589791140E-016   4.0396452643731410E-020   8.5661180498701714E-019   1.2302307957993059E-018   3.4977083524619310E-018  -7.4873672715483545E-019  -1.6061615268860395E-018   1.9427652930914459E-018   9.0350267260388385E-019   1.1984066750044046E-018   1.6772460062478432E-018   1.3412602728711278E-010  -2.0832222488433782E-009   2.6472181643264499E-010  -1.0971751559228814E-009  -1.2131451893993138E-009   9.6305197926428140E-010  -1.5273758535620718E-015  -9.9396475054841769E-016   7.1510957650888231E-015  -3.3668917790265832E-003  -2.6653504669091255E-016  -4.3482018039572226E-016   3.1948716637261619E-015   3.5554668165692742E-010  -7.9647719522420017E-009   9.6252200201828132E-010  -4.2458345924713931E-009  -4.6986937153682097E-009   3.8903086911109521E-009   1.6826930114781794E-020   1.4185777915292595E-019   7.1523484950229795E-020  -8.5285833507670283E-019   2.7026609485404732E-020   9.4306957227210820E-019   9.5314933357113042E-020  -4.4089670762612721E-021   2.1920827548514198E-019   1.6555519336293891E-019  -3.6052105081228868E-003  -3.6634810248973904E-004  -2.5715094533209114E-019   4.2549890165730814E-020   2.0765986917678367E-019   3.3539495218995109E-019  -6.5742416945855196E-020  -3.7748983994810669E-019   9.7757249491798697E-020   1.7362052872530816E-019   3.3614285693419117E-020   3.6054914411899557E-019  -1.4072942152167219E-014  -4.7633485355771003E-016   1.5357977031488390E-016   2.1645471883381825E-003   1.3824064770770277E-003  -1.7365911726036673E-017  -3.6697657315265576E-017   2.7564634888858286E-016   6.5792630245642683E-006  -3.6465131357334894E-004  -5.1808822409313228E-004
   1.3447279228876900E-009   1.4946340705488731E-006  -1.5434448514826491E-012   1.4261125825265539E-012  -7.4731642397560259E-007   7.0866820335553199E-013  -7.4731764658561675E-007   1.2715697030589320E-016  -4.4943420253968817E-017   3.6813073762863298E-016   8.6880020869829159E-008   4.3893256813122682E-007   1.1794586148283618E-011  -1.9109810274364949E-011  -2.1947222030959361E-007  -6.8371191483614757E-012  -2.1946034801264046E-007   7.1444254241613833E-017  -3.3866679886997200E-017   3.0909864960231385E-016   2.2746379988620781E-007   1.5467673143541764E-017   7.7928729342083606E-019  -1.3912807979584513E-019   3.2875586422334805E-018   4.0423843195856551E-020   8.1053026284383334E-018   2.9653119483270995E-018   1.4048966441984284E-018  -1.3465170771376170E-018  -1.8697298348751447E-018   9.8385460129183996E-005   2.5159319394993614E-011  -1.2895235954427134E-012  -4.9192714488467623E-005  -2.0175778622457393E-012  -4.9192745644197122E-005   1.3102448585123077E-007  -1.8692683387113721E-012   7.6076837201977899E-012  -7.9852535072385458E-012  -2.3670759843331521E-013  -4.4544742751302302E-012   3.5218413978012080E-012  -8.5035755328806675E-012   4.1975495494769898E-012   1.2019601194061355E-012   4.8565796170496251E-012  -2.3242449447329861E-013   2.2373823809766348E-012   6.4660649853043004E-013   1.0827828848285928E-012  -2.3720727551030024E-012   5.6419626337240392E-017  -5.5743049381328662E-017   9.4869421863623486E-017   2.8317585454636772E-018  -2.9403755046692086E-019  -3.0245129579202002E-019   3.0928818587542398E-018  -2.9273363703995494E-019   3.8309074960681394E-019  -1.3028004993363710E-019  -1.0297218247412100E-018   6.4272784939696795E-019   1.8556685396393596E-018   3.7583825125097307E-004   1.6880957820146819E-011   6.7034257481908919E-011  -1.8791907893130403E-004   6.7920319666086574E-012  -1.8791917231753135E-004  -2.8049762230084492E-016  -2.5334780776070495E-015  -4.0032894022285957E-015  -1.2286797745144149E-007  -1.5825192614057356E-016  -1.0876108778866390E-015  -1.8449607389955014E-015   1.4845996454953135E-003  -1.7775726786600958E-011   2.8491859484759929E-010  -7.4229966849538738E-004   4.3621623554954523E-011  -7.4229997698219466E-004  -1.3888053776937210E-019   3.0249489943092292E-020   1.4784563692078874E-019  -4.7382122628147310E-019   2.3297606885197394E-019   2.3821718004075839E-019   5.6559398605648141E-019   1.6085732498633927E-019   2.6136328408345862E-021  -1.5580397994342025E-019  -1.0444062362355373E-007  -1.1000759450115811E-008  -5.1723343818471016E-019  -5.6033985516521887E-020   8.3208964941678041E-020  -1.5686552501750469E-019  -1.9757114908999505E-020  -4.2290459596175803E-019  -8.6047649270088816E-020   9.9760363237069893E-020  -1.7640428068445703E-020   2.3095351086192950E-019   1.0187155171042888E-015  -1.3529223251319207E-015   2.0617730715506207E-015   5.2436466243014173E-008   3.2044795088284230E-008  -1.4173786356051465E-017  -9.4334892261398410E-017  -1.6099095693074824E-016   1.1263580622222849E-010  -8.0300090321561841E-009  -1.0842919044007809E-008
  -5.8237073629130813E-010  -1.5434448514826491E-012   1.4946319158217959E-006  -4.6670845178112731E-013   1.0062589357665570E-012  -7.4093637182320993E-013   5.3719666534593758E-013   5.2638967279079015E-017  -8.0717888815187601E-018   3.6472407170192406E-017  -3.7161642085564499E-008   1.0219924898025494E-011   4.3894207481759923E-007   2.4307763542494661E-013  -8.2238636189023688E-012   1.1054632164551377E-011  -1.9960185103000459E-012   5.9280629514939151E-017  -1.0580599290358612E-017   4.3857307834501913E-017  -9.7405428129455720E-008  -6.1532390176618306E-018   4.9655148249909540E-019  -3.5200087233143460E-018  -2.2084333104461519E-018   1.4631860569972057E-019  -1.8140088419397830E-018   2.4668223383888297E-018  -1.5818865959315501E-018  -1.8206118751338009E-019  -5.1247877391333926E-018  -7.5522851693264775E-011   9.8385404655293825E-005  -2.0003234676594296E-011  -8.3841902290250695E-012  -2.6035132892184400E-011   8.3907172489600805E-011  -5.5927512376867623E-008  -5.0536733596085838E-012   3.0908953651468073E-012   8.8443475778577412E-013   6.3022362407205064E-012  -6.0451567769737226E-012   2.5751311730386365E-012  -3.5200253364009008E-012  -2.5975045851608617E-012   5.7572444012688635E-013   1.0516353348024025E-012  -5.6565179555250086E-012   2.4624383970115851E-012   3.6340947725665500E-012   2.0433538934917599E-012  -3.5347719000687434E-012   1.3806817353373918E-017  -2.1749010004289411E-017   1.0545479523141204E-017  -1.1431335716248949E-018   2.0720453166929545E-020   2.2915391951309396E-019  -9.7559637484521385E-019   2.4157976624476841E-019  -8.1444785019047100E-019  -4.7084309500749757E-019  -7.6595291000467730E-019   4.8184905068016583E-019  -1.5129640411209509E-018  -3.6401402216375449E-010   3.7583799918095430E-004  -8.6434531040160359E-011   3.0089380028695852E-011  -1.1082726122267874E-010   3.3392467514537230E-010  -3.6535262727823230E-016  -1.0255269057753413E-015  -3.1908553582172658E-017   5.2198165525557313E-008  -1.9197368934528641E-016  -4.9391173734676205E-016  -3.3168000647893798E-017  -1.5305266469621778E-009   1.4845985886460468E-003  -4.0681745896207435E-010   2.1109294287158260E-010  -3.8506093465120222E-010   1.3194336518895369E-009   1.0853365985800323E-018   6.9544546977402087E-019  -2.4866280465424426E-019   4.4524033927018733E-019  -5.6806694242132898E-020   5.4371948523025671E-019   1.4862933514035898E-018  -1.0106057248527247E-019   4.2570270641826825E-019  -1.7102346891619733E-019   4.3972711788199326E-008   4.6468803045582012E-009   4.0727772293488511E-020  -1.7159058386866658E-020  -4.6606585527894662E-022  -5.1913262854512468E-020   2.9250800131728040E-020  -4.4680034327752710E-020  -2.7979268238690719E-019  -2.2275580982733511E-020  -5.9009443967261402E-020  -3.7953704212368876E-020   8.8903928111627671E-016   1.1854549446516162E-015   6.1492951107688231E-016  -2.1991519100463042E-008  -1.3419075061484737E-008  -1.6839840936920758E-017  -4.3373112191366747E-017  -3.1532719627623951E-018  -4.7023057238528764E-011   3.3591054538147715E-009   4.5326980068136038E-009
  -2.0727972067100108E-010   1.4261125825265539E-012  -4.6670845178112731E-013   1.4946343971295711E-006   6.0997371106870077E-013  -7.0363089387600702E-013  -2.0360893756000259E-012   9.9010695623106922E-017  -1.1464177251532022E-017   2.6061887506057605E-017  -1.3446861953533093E-008  -1.9914447763611605E-011   1.0988715464086954E-012   4.3893117445212623E-007   3.9964559014938666E-012   1.4116734917765140E-012   1.5917968432736915E-011   1.0897158613307901E-016   6.6806660564798091E-018   2.3344130964762582E-017  -3.5194594541571315E-008  -1.0939896727959730E-017  -3.4603852621394434E-018   1.2014344868021820E-019  -4.8022791298539873E-018   7.2552250512985433E-019  -5.1180761050022752E-018  -6.5103867681960971E-018   1.2585421633781834E-019  -2.5535596821067167E-018  -2.1693322607458472E-018   5.8455935539582900E-011   1.1268429865692897E-012   9.8385466962315550E-005   1.3966907638979644E-011  -1.7959969524175969E-011  -7.2423052934834342E-011  -2.0340748585882908E-008   3.3637143851084643E-012   1.8690749928785475E-012   1.7220936880176159E-013   7.9366705963875844E-013   1.0859365008918767E-012  -6.7023612607537717E-012   8.8533181002988396E-013  -2.5410038617064090E-012  -3.6954235472837938E-012   1.7217602183091572E-012  -1.4364048479412985E-012  -4.0941511103996387E-012   1.7296178693566405E-012   3.2847425857709509E-012   2.8308956008344413E-012   2.3871817689071731E-017  -4.6009801703953970E-017   4.1248583827600760E-018  -2.5850075762628814E-018  -5.9867172686570761E-019  -7.4676431341420605E-019  -1.6191295792016331E-018  -5.5330053027905711E-019  -8.6557664638878255E-019  -1.8872564265761946E-018  -4.3721557471572902E-019  -7.4794371708759637E-019  -4.1118639120439335E-019   2.8947220429928247E-010  -5.4304930131858288E-012   3.7583827951198357E-004   5.7083856881093196E-011  -1.0202840452140318E-010  -3.4655604924469127E-010  -7.0600837063693251E-016  -2.0830519649334212E-015  -5.4193955841134247E-016   1.9034989824055654E-008  -3.5109191996433811E-016  -9.7882681027359309E-016  -2.5652238896605208E-016   1.1645803462230983E-009  -8.4166842213638668E-011   1.4845998577736857E-003   2.9435491850824860E-010  -4.7226351975316863E-010  -1.4589349826482385E-009  -4.5824598925467194E-019  -7.4512752457993720E-019   1.3120256267365491E-018  -4.8154234471654739E-020   4.7478983911139777E-020  -4.1915864194849361E-019  -1.7148208272898320E-018   1.3774963371537799E-018  -6.8820638815851603E-019   3.6046328248331657E-018   1.6214002537086330E-008   1.7038352029377378E-009   6.0578884572084715E-019  -1.6251230104989522E-019   6.4207081480184849E-020   2.2488683766826744E-019  -4.5947461911522750E-020   2.2915524353192711E-019  -3.6907496854472617E-019   2.3581064969947597E-019  -1.0163348213033203E-019   2.4690634478853003E-019   1.3075529055380392E-015   1.9761431547257778E-015   2.0873477271875862E-016  -8.1407818453579475E-009  -4.9778958550251006E-009  -3.0997109836306932E-017  -8.6697255150368398E-017  -2.1894943927053125E-017  -1.7429843055729673E-011   1.2477221389199847E-009   1.6852475343825145E-009
  -7.7999514739144965E-010  -7.4731642397560259E-007   1.0062589357665570E-012   6.0997371106870077E-013   1.4946315153938986E-006  -4.3697786397721952E-013  -7.4731509140179900E-007   2.2645109856900603E-016  -3.4849925426145938E-016   4.6767821183037243E-016  -5.0155463744697577E-008  -2.1947144660136811E-007  -5.8220130225011910E-012   3.9371754218258941E-012   4.3894230485682214E-007   2.8685845928967809E-012  -2.1947085809132917E-007   2.1433777499733200E-016  -2.8885078645315974E-016   3.7272463860463362E-016  -1.3136462448332007E-007  -8.2332392322687826E-018   5.9756367381639959E-019  -3.3071937785625327E-019   3.1114094753094682E-018  -1.2953904127997347E-019  -8.7589650976339642E-018  -4.8276448746442257E-019  -2.3857239735788049E-019   5.1905526783476069E-019   1.9830712545555570E-018  -4.9192695386575605E-005   3.1547121975307253E-011   1.6268620611548738E-011   9.8385396423774504E-005   5.6981204072908784E-012  -4.9192701034613253E-005  -7.5622830411215696E-008   1.1527894923206417E-013  -5.8943961864851231E-012   5.2532986051365515E-012  -2.6103468031217126E-014   2.1860929012978432E-012  -1.7753261012523067E-013   2.8427052361211321E-012  -3.1821228091746622E-012   4.0942778771708884E-012  -2.8814778685027390E-012  -1.4694859055732741E-012  -2.7130461178798981E-012   2.6062246475996035E-012   1.0836297281448871E-012  -1.3832412320706566E-012   7.0944765712678899E-017  -1.8439969940132054E-016   2.3205388094993588E-016  -1.3017175466097993E-018   6.9168566111925488E-019   3.7885032261503997E-019  -6.6237691153169026E-018  -1.9608522509167396E-019   4.0505057154182061E-018   8.9657091144194728E-019   5.1107676910492471E-019   5.8137500884582418E-019  -8.6362610753159260E-019  -1.8791900518251958E-004   1.8126482474604577E-010   6.5532249640446210E-011   3.7583792538926051E-004   1.0605489809716156E-011  -1.8791892020826115E-004  -4.0251860260764390E-016  -1.2578154895684688E-015   6.5971581198115185E-016   7.0697408052758002E-008  -3.5202521573471970E-016  -6.1792103034440257E-016   3.5459590261464331E-016  -7.4229937483934888E-004   8.1469835866205896E-010   3.2789666211834005E-010   1.4845983978892864E-003   7.1380284113989389E-012  -7.4229902306283937E-004   1.4100151124041779E-018   2.2336435488187169E-019  -2.5649406825781135E-019   2.2231281305103341E-018  -1.7720693990452577E-019  -6.4704172082598233E-019   9.4183508453305542E-020  -3.0735906653305966E-019  -1.6999766569937731E-020  -4.5606479381978856E-019   5.9855029717295202E-008   6.3089445395219172E-009  -5.9701806153705308E-020   3.8771278096341747E-019  -9.2360891216066660E-020  -5.5602748356185370E-019   3.1956691451158181E-020   4.4336082678841614E-019   8.9858267635417566E-019  -8.1863845581350405E-020   3.8674408610803038E-019  -2.3513867999041256E-019   5.7884170012992169E-015   2.4050988819079143E-015  -2.5223411540592227E-015  -2.9997550691490213E-008  -1.8323176306007094E-008  -3.2254383857832941E-017  -5.6381967635588852E-017   3.3560178907110205E-017  -6.4302217286960632E-011   4.5900493756262796E-009   6.1968378324807626E-009
  -3.2632902083477664E-010   7.0866820335553199E-013  -7.4093637182320993E-013  -7.0363089387600702E-013  -4.3697786397721952E-013   1.4946320094835324E-006  -2.7168728971172983E-013   4.2168281110478404E-017  -1.6715321090569780E-017  -1.2896791979996894E-016  -2.0798319868901503E-008  -5.5512574586832591E-012   9.8033805800389889E-012   2.7960607542024609E-012   2.0695713590495716E-012   4.3893207633822056E-007   3.4817031968447271E-012   4.2832734099643416E-017  -1.0161259280028145E-018  -9.5584946251514602E-017  -5.4529306319480992E-008  -5.3047675860079839E-018  -2.4685504491995013E-018  -2.0136555809791434E-020  -1.5158019098938292E-018   4.8607214076306116E-019  -1.0283986721784810E-018  -5.2133277533865226E-018   9.3547927689797917E-020  -1.3222044859464427E-018  -1.2614539716088863E-018   4.0672261353993759E-011  -2.2947476993739302E-011  -4.4344691629701493E-012  -2.5539457058817815E-011   9.8385419637033537E-005  -1.5132664268325849E-011  -3.1335837459038535E-008  -1.1981611129541961E-012   1.4514073926928940E-013  -1.3944184143146658E-012   2.1255082728062743E-012  -4.2868527467551736E-013  -2.0847509989725050E-014  -1.8063202592298563E-013  -3.6239183372641211E-012   4.7618227079064418E-014   4.0955241780287278E-012  -3.3817761484511355E-013  -3.4062995890105892E-012  -1.5314947814455681E-012   3.7258133666664193E-012   8.8368233668422681E-013  -7.5731859621421150E-019  -4.5676705338510290E-017  -6.6676517018610567E-017   1.1099554704264465E-018   2.3204222418487805E-019  -6.5977739551546348E-019  -2.3519571886680099E-019  -3.5171344669734664E-019  -9.2555314044665544E-020  -1.4433659551403430E-018  -4.3117577610383213E-019  -5.6710272677380281E-019   3.3453973042199909E-019   1.6836836742271370E-010  -1.0007880784583960E-010  -4.8396461180220989E-011  -1.0810149953589037E-010   3.7583799488898062E-004  -6.0266881503785633E-011  -8.9556211782360940E-016  -1.8554582575052265E-015  -2.4933377001624897E-016   2.9209453652817066E-008  -4.0726722040934640E-016  -8.9762299562519281E-016  -1.4937745443886678E-016   6.8651383967483601E-010  -3.4519846886621679E-010  -2.5721819914627760E-010  -4.6488854407887831E-010   1.4845986483136844E-003  -2.2162554290341336E-010  -3.5162371571460118E-019   3.1170553410075042E-019  -7.7217693172107378E-019  -2.3984814280951646E-019   1.4434071537026328E-019  -2.5756828411086908E-019   1.1759173456938005E-018  -8.9149309685404660E-019   4.0979849616561989E-019  -2.2686359869723621E-018   2.4602207133944196E-008   2.6000375037441942E-009  -2.5635933775288440E-019   3.0875120175652688E-019  -1.1742590722873173E-019  -7.6606486391585962E-020  -2.2878798870895225E-020  -1.0297473389730358E-019   5.7914825359238349E-019   2.3894073563852706E-022   2.6640491211918840E-019   1.2064405170898293E-019   3.5143485755402379E-016   2.5225482520358069E-015   1.6593356653996555E-015  -1.2294467461010757E-008  -7.5007361766838290E-009  -3.5558494119889204E-017  -7.9297577791593257E-017  -1.4524854387789720E-017  -2.6179939050878206E-011   1.8770906905869448E-009   2.5325070716492765E-009
  -5.6473291723485883E-010  -7.4731764658561675E-007   5.3719666534593758E-013  -2.0360893756000259E-012  -7.4731509140179900E-007  -2.7168728971172983E-013   1.4946327379832650E-006   2.8378805428734920E-016  -3.3509435298678407E-016   4.4556676562980668E-016  -3.6724573632380166E-008  -2.1946112153348689E-007  -5.9725699638884734E-012   1.5172633946520615E-011  -2.1947008454238170E-007   3.9685354535293831E-012   4.3893120610275098E-007   2.4713971735062861E-016  -2.7646863293531271E-016   3.7139910329614401E-016  -9.6099216577757608E-008  -7.2346328394294590E-018  -1.3768730164634181E-018   4.6980504455670527E-019  -6.3988426396538960E-018   8.8977676835396866E-020   6.5380388117902794E-019  -2.4825382084626129E-018  -1.1663127094973719E-018   8.2747144536842185E-019  -1.1331840567767754E-019  -4.9192764743420254E-005  -5.6705734123585866E-011  -1.4979300019018491E-011  -4.9192681934221425E-005  -3.6803419948688347E-012   9.8385446678536797E-005  -5.5401682197143735E-008   1.7539893896121749E-012  -1.7132875353336995E-012   2.7319549057582129E-012   2.6281106641972057E-013   2.2683813742471187E-012  -3.3443087878645274E-012   5.6608702982517720E-012  -1.0154267423604878E-012  -5.2962379964042250E-012  -1.9751017506690430E-012   1.7019103997629768E-012   4.7566373680564362E-013  -3.2528311455870167E-012  -2.1664126131849836E-012   3.7553139869718912E-012   1.3747622134310620E-016  -1.1427667509577473E-016   1.4494741895404493E-016  -1.5300531433450097E-018  -3.9765403234604651E-019  -7.6373830276193020E-020   3.5308925956023813E-018   4.8885317787628251E-019  -4.4335855106845711E-018  -7.6630243140801278E-019   5.1865861732339111E-019  -1.2240814139015773E-018  -9.9207132092862820E-019  -1.8791924607155491E-004  -1.9814308085442447E-010  -1.3256728260999709E-010  -1.8791884645380998E-004  -1.7396755678569421E-011   3.7583809252474744E-004   6.3732873654465382E-016   2.1629373711961392E-015  -3.2900998688686330E-015   5.2170547649816846E-008   2.9625307675632788E-016   9.8699074221212548E-016  -1.5050297419951915E-015  -7.4230027066821537E-004  -7.9691195983621828E-010  -6.1281832022223502E-010  -7.4229872937751993E-004  -5.0756625801821999E-011   1.4845990000409059E-003  -1.2711437741566450E-018  -2.5361011365555393E-019   1.0862515424539193E-019  -1.7493133303528557E-018  -5.5794807005632476E-020   4.0884330963165859E-019  -6.5977064815251563E-019   1.4646854026719815E-019   1.4373217870189351E-020   6.1191087123345946E-019   4.4585540699128175E-008   4.6918080466272281E-009   5.7693431238952018E-019  -3.3167537461416846E-019   9.1506413303518652E-021   7.1288739236179688E-019  -1.2200158047041081E-020  -2.0449364234909414E-020  -8.1253328743768896E-019  -1.7898360393781710E-020  -3.6910941273391419E-019   4.1874998796718007E-021  -5.3785286980240082E-016  -6.3729634684519929E-016   1.1690342262772029E-015  -2.2438881042186547E-008  -1.3721597727707786E-008   2.6375188902606819E-017   8.5560365298191850E-017  -1.3038271574808337E-016  -4.8332548489389997E-011   3.4399544351204287E-009   4.6460838844437587E-009
  -4.1883241793566574E-016   1.2715697030589320E-016   5.2638967279079015E-017   9.9010695623106922E-017   2.2645109856900603E-016   4.2168281110478404E-017   2.8378805428734920E-016  0.17662755060130642        4.0007965075035898E-008  -2.8901237899702662E-008  -9.0650955069174887E-016   2.5346348180429715E-016   1.2731748865062699E-017  -1.5042714271027145E-017   1.1150545411557024E-016   3.5162773296156934E-019   5.6177581747110165E-017  0.14531211884998890        1.0778499601306434E-008  -2.1117259748754268E-008   5.4676525276781370E-015  -7.2780495451163488E-009   3.6592140711796253E-009  -2.8331460715229600E-008  -1.6244019305986379E-009  -6.2640490231705571E-009   1.1388979881917465E-008   3.5932291199614625E-010   1.1308630085130767E-008  -4.1413528499529893E-009   1.2688073719775574E-008  -8.1372442011245288E-015  -1.9478418619477122E-016  -2.0894025615398929E-017  -8.4086186524152381E-015   7.8319151174696904E-017  -8.4259271675107255E-015   1.2786051471737783E-014   2.7460915029856190E-015   1.7845432707487138E-017  -2.2346574462691072E-017   1.5871782352313881E-015  -4.5570944646091705E-018   1.6449012159404937E-015   1.1326689583096483E-017  -1.3502621110089614E-018   1.0237273176024778E-017  -2.3354019923238247E-017   2.6962273730799450E-015  -1.7434555185512891E-017   1.6282632731748152E-015  -1.3658165788330417E-017   2.8238741884408546E-015   7.8565788168485307E-002   3.6677110093475345E-009  -1.1968661294196315E-008  -1.0820686566110125E-009   1.1834365382999407E-009   1.2219725545567728E-009   2.1797646193257529E-009   2.0386918878503723E-009  -7.2799776207623246E-010   1.0445387713368127E-009  -1.3843301833138968E-009  -2.5848488456572119E-009   1.2101555548960256E-010  -1.1616693016228785E-017  -5.6711426975298623E-016  -3.0737738113756317E-016  -1.2802578268510759E-015   1.1988194020139654E-016  -8.3739021656159369E-016  -5.4915093657676245E-002  -3.8163898215493712E-009   7.7929180342955792E-009  -1.4492314466990570E-014  -2.9034158949725483E-002  -2.2351621570368216E-009   4.5232485367527902E-009   7.8684533707830025E-015  -2.2819589719931406E-015  -1.1526270112704590E-015   2.9143760584065402E-015   5.3384369241173015E-016   4.4803939832033238E-015  -3.7818290049659248E-010   2.0700920590159375E-010  -5.8767574360715715E-010   2.0146608826020180E-010   8.6326855603460406E-013   3.0591454301688656E-010  -4.2706626223650093E-011   3.6678876677221033E-011  -1.4970884011515491E-010   4.1068940099931589E-010  -4.0298089230344080E-015  -1.6895458340396107E-015  -8.4259136400198495E-012   9.4568832734633139E-011  -4.9063719461172848E-011   5.4110965290663037E-011   2.7743516295173992E-011  -4.2809364402249330E-011  -5.4408674352747656E-011  -1.9107215599685659E-011  -2.1571392359538104E-011   5.0811673332799860E-011   2.2556270563513277E-002   1.6085883773107832E-009  -3.3170922257739061E-009   9.7926180521939339E-016   8.8242439793766915E-016  -2.0030218254026930E-003  -1.5522473280069307E-010   2.9767272172123163E-010   3.9344411651928264E-016   3.7590710490724626E-017   5.3756336003812258E-016
   3.1486651560079327E-016  -4.4943420253968817E-017  -8.0717888815187601E-018  -1.1464177251532022E-017  -3.4849925426145938E-016  -1.6715321090569780E-017  -3.3509435298678407E-016   4.0007965075035898E-008  0.17662727760079314        4.8882401529031903E-008   2.4110924254579155E-015  -1.4655568499675203E-015   2.7950745238340898E-017   2.0123190044066787E-017  -1.2454108705533844E-015   8.8190166197308009E-018  -1.3011427819378762E-015  -5.0358357269505958E-009  0.14531213506309987       -7.5872725630574182E-010   9.6893333155398698E-015   7.0451346689935497E-010   6.3901996138285759E-009  -6.6866355093591261E-009  -6.7213779009561380E-009   1.4909336864268383E-008   5.7761674260853436E-009  -7.8178014841700896E-010   5.8379273729189795E-011  -5.3413742852628012E-009   4.9404089062255395E-009  -1.0762712299626787E-014  -5.8856610450744351E-017   3.1799657508241803E-016  -1.0232746512588212E-014  -1.3732676767841174E-017  -1.0050542333706845E-014   1.4172287530686263E-014   3.0389007663076513E-015   4.2944639277626533E-017  -1.4676119280828958E-016   1.7383814772829009E-015  -3.8570947214164786E-018   1.7222882150351108E-015   2.6440439109813781E-017  -6.0636707762140018E-017   1.1173857229666414E-017  -1.4209011317983095E-016   2.8870298986829083E-015  -5.1137321904677205E-018   1.6792272237177833E-015  -4.2467634380200119E-018   2.8046142726993700E-015  -2.2369526466724793E-009   7.8565729941387746E-002   7.2935277728149721E-009  -8.3379317364087913E-010   2.6813327153057930E-010  -8.9380998457113050E-010   2.9987709696575918E-009  -5.8019553991349201E-010  -1.8801245313107252E-009   1.7496527392286029E-009   2.3709172176874544E-009  -2.6155492061784555E-009  -1.1009709083066290E-009  -2.4994943001970377E-015   1.6377238913954251E-016  -1.9288070164382822E-016  -1.1970949173366981E-015  -6.9224686929800508E-018  -1.1178925188068976E-015   4.2890976113151761E-010  -5.4915066914305699E-002  -4.0745273761413459E-009  -1.0662741882260529E-014  -1.0051346394874167E-010  -2.9034140719633186E-002  -2.4434289015134189E-009  -2.4479396702211739E-015   5.5376952978390991E-016  -3.6689113020153732E-016   2.9272111460206581E-015  -4.8819468828290076E-017   3.4106448942061965E-015   1.9200952352193115E-010   1.5160280620313747E-010  -1.6442173379858469E-010  -3.9624328850509189E-010   2.2027534403089361E-010   1.3863741581423150E-010  -2.6988911113656261E-011   1.4547651935219573E-010  -1.1539811371743462E-010   1.4120953515828834E-011  -2.0458838066828636E-016  -6.5688137343607427E-016   4.9395288077804614E-012   1.9734344651118124E-011  -6.7863240066744848E-012   1.6045564311899403E-012  -2.3216087219878060E-011  -8.2313111234450380E-012   2.5567791480964577E-011   3.4812280076947732E-011  -5.4039389698767528E-011  -2.0889478249432353E-011  -1.6644109798642612E-010   2.2556258959330312E-002   1.7203910244143297E-009   6.0033756041842085E-016   4.3095517331895712E-016  -5.9080735740373741E-012  -2.0030207060413889E-003  -1.6430483608065948E-010   9.9214805101084130E-017  -8.0424213961058368E-017  -1.4602962643052270E-016
  -9.4994585353543313E-016   3.6813073762863298E-016   3.6472407170192406E-017   2.6061887506057605E-017   4.6767821183037243E-016  -1.2896791979996894E-016   4.4556676562980668E-016  -2.8901237899702662E-008   4.8882401529031903E-008  0.17662718788984083       -3.8589301875377101E-015   2.8875390742959150E-015  -2.8339064374611601E-017  -8.3566919709151256E-018   2.7159402460290139E-015   5.4569247493397830E-017   2.7216674355452070E-015   2.1710477968678016E-008  -8.1156723926165686E-010  0.14531213472423971       -2.2616246959309563E-014  -2.4362167444055871E-008  -1.1058345043697982E-009   4.8917454797618964E-009   1.4459918451913432E-008  -8.5907629131054537E-009   1.8225357383473207E-008   6.8491868077502766E-010  -5.0611175792618897E-009   1.8693185608464943E-010   1.2628790482934205E-010   2.6026028217450363E-014   4.9453566591605855E-016   1.7374402508120017E-016   2.5682411476149531E-014   1.4527018552578911E-016   2.4630356769432262E-014  -3.2241350354302108E-014  -8.0966899500071449E-015  -1.9889981615712775E-016  -8.0701698626591462E-017  -4.6105829641401617E-015  -8.0996803187478936E-017  -4.4669210246521891E-015  -2.1179826481261684E-016  -4.2907045118580443E-017  -9.5269912477083957E-017  -7.8329818919845491E-017  -7.6605581324128410E-015  -1.5937963770446361E-016  -4.3564665421770504E-015  -1.6279183754610482E-016  -7.1928208016818474E-015   3.8391009453792818E-009   7.2026765379165228E-009   7.8565719251546248E-002  -7.5283907909181834E-010  -7.2452786938596171E-010   6.4535187816935475E-010   3.2043024784356225E-010   4.0597094002049254E-009   6.8960408271457015E-010  -7.6669385444718783E-010   2.8818262959212694E-009   1.7531603133782965E-009  -2.6289813187613320E-009   2.3007061573966894E-015  -2.8265947325332966E-016  -8.1621884663424718E-017   3.4819383066971071E-015  -1.0351158655304002E-015   2.5840118401037419E-015  -3.6289035182954754E-009  -4.0141794446974982E-009  -5.4915060527815703E-002   3.0446137316129792E-014  -1.2129873426181262E-009  -2.4116829289992212E-009  -2.9034136368283128E-002  -7.7500673995481821E-015  -5.1634837316549351E-016  -1.3507163957920588E-016  -3.7435105694659379E-015  -3.6535702488297642E-015  -8.1597172749493217E-015  -7.2251252243710298E-010  -1.5571191139411874E-011  -1.8016244837316516E-010   2.2054915190950901E-010   2.6181465775574956E-011   7.4880663541140358E-010   1.0875126924199495E-012  -4.0772548936133705E-011   1.4111272356993186E-011   1.6467283017037333E-010   2.4753334290316375E-015   2.9444355150630629E-015  -3.9777944253442194E-011  -1.2747263412011553E-012  -9.8201157924565203E-012  -1.2444490525670644E-012   7.5425345611475405E-011   5.4613014046827322E-011  -6.5151706130519895E-012   4.5026094853211023E-011   1.0015215292701918E-011  -2.6245320340074971E-011   1.4573077999842545E-009   1.6930724109950458E-009   2.2556256247415536E-002  -1.3988410271760147E-015  -9.6652465126533440E-016  -1.0373563714892812E-010  -1.6200937448492973E-010  -2.0030204285862233E-003  -5.3852200571479136E-016  -4.3607015522162320E-017  -7.3473774053791626E-016
   1.6997642169745586E-003   8.6880020869829159E-008  -3.7161642085564499E-008  -1.3446861953533093E-008  -5.0155463744697577E-008  -2.0798319868901503E-008  -3.6724573632380166E-008  -9.0650955069174887E-016   2.4110924254579155E-015  -3.8589301875377101E-015  0.11043249454809496        4.2417634465866902E-008  -4.6270866741109798E-008   3.2434509093873997E-009  -2.9396716585052139E-008  -2.2605198595769954E-008  -1.3020939504768435E-008  -1.7454556041119617E-015   6.4057146310027050E-016  -3.1492843768217596E-015  0.28896831480090135        2.8066188079463573E-016   1.9676981242076220E-016   1.9574362916362819E-016   1.1210374370570169E-016  -4.2911385520337706E-018   1.4410532530990274E-016   4.2749679675847029E-016   2.0642429607282256E-016   2.5499936883784683E-016   4.4053371912046585E-016  -2.4213542199323996E-008  -2.0845367903538995E-008  -7.3846182682124189E-009  -1.4624873544914661E-008  -2.5238813788427722E-008   3.8838600500028695E-008  0.16690495808930364       -1.2138478221509685E-009   1.0439988232375895E-008  -2.4355122346192955E-008   5.8098825381615592E-010  -2.9362220342107986E-009   1.5512052450072578E-009  -9.7326123219307160E-009   1.3729059408125578E-008  -9.4904429659608001E-010   1.4122085703940773E-008   1.6155305964737368E-009   5.5828988736484366E-010  -3.4189379062354768E-009   1.6302406579178350E-009   1.0632009678858781E-009  -3.4279713518617191E-016   1.3212816415185659E-015  -1.4891613563425548E-015   3.4615629472478957E-017   2.8232390799891997E-017   1.2603731306300405E-016   4.0288766514407697E-017  -4.5750762471660384E-017   4.6983792803504480E-017   7.8024805409938121E-017   3.1348163408441629E-017   9.4562530577404105E-017   8.0174468461247512E-017   1.0053140938217883E-008  -1.8441814917432798E-009   2.3678473050039441E-009  -9.0664049488596810E-010   2.8389245324710814E-009  -9.1464790579731039E-009   2.4467749863537895E-015   8.7536319570877100E-015   1.1525699724623090E-014 -0.15248667534237134        7.5239810800169444E-016   3.8294530616074810E-015   5.4977005918797657E-015   2.8057100150736203E-008   7.2130231405179357E-009   5.3148389025021832E-009   1.6745984277374416E-009   1.6599848585015277E-008  -2.9731300708480294E-008  -4.9578117824855008E-018   8.6733204085465355E-018  -2.3399489304789728E-018   2.4532974901990033E-018  -5.3771468274014477E-018   5.9026096217991351E-018   9.1467407484525297E-018  -1.0908403073805301E-018   1.1213097164825073E-017   1.4531187286869000E-017 -0.12674902385818854       -1.3380228950561313E-002  -7.3656074470028396E-018   1.3788758958514315E-018   6.1352880804481488E-018  -9.7145522837546067E-019  -2.3895024439027423E-018   4.1022094835356581E-019   6.1936451229762386E-018   1.1845071036910867E-017   2.5478061663381718E-018   2.5991076356764523E-017   1.3522155278131135E-014   2.8327773329712378E-017  -5.2186707224993306E-015   6.2316037719510817E-002   3.7876547592443320E-002   5.5151546208148019E-017   3.4078684683078157E-016   4.6381386981807155E-016   1.2648176600379068E-004  -9.4274856121901989E-003  -1.2643909625978923E-002
   6.5503627329374539E-010   4.3893256813122682E-007   1.0219924898025494E-011  -1.9914447763611605E-011  -2.1947144660136811E-007  -5.5512574586832591E-012  -2.1946112153348689E-007   2.5346348180429715E-016  -1.4655568499675203E-015   2.8875390742959150E-015   4.2417634465866902E-008   1.2890232306909463E-007   6.5927681968837410E-012  -1.1582193822897946E-011  -6.4454474566493665E-008  -3.7017049759566428E-012  -6.4447848558697585E-008   2.1574712789727371E-016  -1.2011407583282238E-015   2.3722454981755212E-015   1.1102991036333879E-007   4.5422120640007566E-018   2.2887339144062768E-019  -4.0764320799306751E-020   9.6578714340026037E-019   1.1609713412396390E-020   2.3806514923058484E-018   8.7103314447173822E-019   4.1254070015985180E-019  -3.9531112234374600E-019  -5.4905318569405353E-019   2.8893079730616206E-005   7.1033099925157368E-010  -1.3386965105332948E-009  -1.4446886872840895E-005  -3.7950274144933695E-010  -1.4446192858797485E-005   6.4026609397466842E-008  -5.4921138113765594E-013   2.2357696805316836E-012  -2.3487719396100996E-012  -6.9398785957400505E-014  -1.3086610384963314E-012   1.0346066239875423E-012  -2.4987837016715399E-012   1.2348403682089821E-012   3.5286890588938057E-013   1.4283747500622645E-012  -6.8021366187502863E-014   6.5723658016293774E-013   1.8936144843617561E-013   3.1818064267491247E-013  -6.9650412998795672E-013   1.0925428548330794E-016  -6.7171396548341860E-016   1.1269711145485527E-015   8.3162277046533539E-019  -8.6353411417664327E-020  -8.8753647059812397E-020   9.0833100580049375E-019  -8.5905267719795715E-020   1.1252353269825608E-019  -3.8260757747585847E-020  -3.0236203284036051E-019   1.8883877169363598E-019   5.4491377605842978E-019   1.1037326599229944E-004   2.6902505502754578E-009  -5.0927622409492660E-009  -5.5187962330172437E-005  -1.4454488023102741E-009  -5.5185303661499206E-005   2.2431597458530434E-015  -3.0684080582437318E-016  -1.1348025399899945E-014  -5.9397134549466635E-008   6.4088893402098205E-016  -1.6358522724097193E-016  -5.0781717216009813E-015   4.3598572262911720E-004   1.0601965060374993E-008  -2.0111025272157763E-008  -2.1799812118839470E-004  -5.7047373706991479E-009  -2.1798760143551521E-004  -4.0797430281901610E-020   8.9120865874328322E-021   4.3370641412107484E-020  -1.3914081188306672E-019   6.8382372790314942E-020   6.9987298228593329E-020   1.6614280745616050E-019   4.7182634647874205E-020   7.4611865028645161E-022  -4.5737672016251622E-020  -5.0030813591329592E-008  -5.2529215790618830E-009  -1.5190913597123409E-019  -1.6454351710099391E-020   2.4435488387680752E-020  -4.6071382688398139E-020  -5.8000218769873657E-021  -1.2418802805393105E-019  -2.5265976686373144E-020   2.9295225960860537E-020  -5.1921307593023567E-021   6.7826324254445834E-020   1.2206637384502615E-014   2.0934074236595454E-015  -9.4319984580895443E-016   2.5009635095956432E-008   1.5283746332861024E-008   5.0144487707482349E-017  -1.9892718445309638E-017  -4.3375186156909498E-016   5.3398674447154505E-011  -3.8300873590369423E-009  -5.1740858612378572E-009
  -7.2100244759854274E-010   1.1794586148283618E-011   4.3894207481759923E-007   1.0988715464086954E-012  -5.8220130225011910E-012   9.8033805800389889E-012  -5.9725699638884734E-012   1.2731748865062699E-017   2.7950745238340898E-017  -2.8339064374611601E-017  -4.6270866741109798E-008   6.5927681968837410E-012   1.2890810118323152E-007   4.3190003502995915E-013  -4.2070554115363954E-012   6.1946301887325293E-012  -2.3857002204517768E-012   1.4010786862638813E-017   1.9163634662892154E-017  -2.0293649767322642E-017  -1.2122844830186736E-007  -1.8070756433185215E-018   1.4575101455548811E-019  -1.0338214132418179E-018  -6.4859773281939247E-019   4.2984432207540165E-020  -5.3273540133101128E-019   7.2429404485198351E-019  -4.6462075592105138E-019  -5.3572522095384948E-020  -1.5052089551456156E-018   7.8588559141645660E-010   2.8893730981335387E-005   7.5200072542050963E-011  -4.0620661525072806E-010   6.5156258727608135E-010  -3.7967893790672760E-010  -6.9771084055016256E-008  -1.4837893526754813E-012   9.0445336548114517E-013   2.6746642065592013E-013   1.8506619400231897E-012  -1.7744335698539896E-012   7.5578736537959509E-013  -1.0307122041964605E-012  -7.6722329500187618E-013   1.6938994545014961E-013   3.0438937679033174E-013  -1.6617238250201449E-012   7.2297997230453706E-013   1.0683490700153859E-012   5.9960427031388545E-013  -1.0384395925331532E-012   6.9077828619071438E-018   5.4756340952115227E-017  -3.0151895948965340E-017  -3.3569420282007352E-019   6.0742510093513092E-021   6.7255347959447636E-020  -2.8651160724550202E-019   7.0947448903107712E-020  -2.3919387968425572E-019  -1.3831930879313743E-019  -2.2496825244416943E-019   1.4148463109923401E-019  -4.4433734281396794E-019   2.9799201941296115E-009   1.1037574197542843E-004   2.8431632134562175E-010  -1.5335083338948395E-009   2.4856355326094974E-009  -1.4464118505353192E-009  -3.1709198104050774E-017   2.2347815958605992E-015  -1.1431914229890489E-015   6.6404502421910762E-008   1.7663317337838870E-018   1.0507943259073303E-015  -4.9703039234544414E-016   1.1743789684190274E-008   4.3599548505645811E-004   1.1038754626282063E-009  -6.0304293518428555E-009   9.8339959699621579E-009  -5.7133603476936429E-009   3.1872781369858183E-019   2.0423981549716960E-019  -7.3035364535606025E-020   1.3077075333540908E-019  -1.6684482055626086E-020   1.5967160743686158E-019   4.3651154615419334E-019  -2.9678121079553402E-020   1.2500183682409332E-019  -5.0242930041895356E-020   5.7149493281580446E-008   6.0164704478970043E-009   1.1955817187906204E-020  -5.0395159751865638E-021  -1.4028903825611652E-022  -1.5244819797721349E-020   8.5920334912719398E-021  -1.3124878703901412E-020  -8.2166462656595215E-020  -6.5439825870601049E-021  -1.7330380125517990E-020  -1.1151158050494979E-020  -5.9605521955767340E-016  -2.1091576599937528E-015  -3.5690652538405452E-016  -2.9009408915387404E-008  -1.7774483696758069E-008   5.7571613523328082E-019   9.3009589911977156E-017  -4.3279898400931654E-017  -6.4893012811790738E-011   4.4685301585252039E-009   6.0447931720395590E-009
