   2.0781790748491611E-032  -1.6552851313019792E-032  -8.0403341555621242E-032   6.8305512246233913E-017   4.7737683387986613E-017   2.5382955473578715E-032   2.4334515293357955E-032  -2.5120751845855569E-032  -2.4961671831904133E-031   1.6201607061542939E-032  -1.6941142027615298E-034  -2.6447669373902826E-031   4.3506398003547256E-033  -2.3361186443519531E-031   3.3829579076963267E-017  -1.1618008084714437E-031   2.4058471517488399E-032   4.8410545521597853E-031   4.8797229381822366E-032  -8.4788354902029580E-033  -9.9648532247648405E-032   2.1764284251241497E-032  -5.2398058386937821E-035   2.2526230345012692E-032  -1.4743136780650246E-032  -9.9416993906579214E-032  -8.4504490872151652E-033  -2.2575478262106098E-031   1.1495771544829624E-031   1.4678198043457721E-033  -7.3434098786148250E-034   1.4669390276387183E-031   2.1703614463151499E-034   1.2696135586118080E-031   1.5454142318958256E-017   3.3218759599174771E-032  -2.6699169695978607E-033  -1.3789434520069045E-031
  -1.6552851313019792E-032   1.3184469515016570E-032   6.4041861163323657E-032  -5.4405849897878869E-017  -3.8023420826076374E-017  -2.0217713330101089E-032  -1.9382622907729786E-032   2.0008866185215337E-032   1.9882157767751246E-031  -1.2904700849283505E-032   1.3493745964900570E-034   2.1065765891897267E-031  -3.4653170462225411E-033   1.8607359220156693E-031  -2.6945512021559672E-017   9.2538300816881396E-032  -1.9162751981631419E-032  -3.8559360533420244E-031  -3.8867357111814502E-032   6.7534556995321339E-033   7.9370799072053207E-032  -1.7335414714982988E-032   4.1735444267855730E-035  -1.7942310460944931E-032   1.1743018393895139E-032   7.9186377056676135E-032   6.7308457178585134E-033   1.7981536794180059E-031  -9.1564677660812329E-032  -1.1691294205435530E-033   5.8490807323759918E-034  -1.1684278753279227E-031  -1.7287090776319567E-034  -1.0112566676777151E-031  -1.2309339607537438E-017  -2.6458989752266626E-032   2.1266087774014145E-033   1.0983387431032263E-031
  -8.0403341555621242E-032   6.4041861163323657E-032   3.1107508547015431E-031  -2.6426940285038890E-016  -1.8469386536369507E-016  -9.8204936395166350E-032  -9.4148592313410772E-032   9.7190488309720340E-032   9.6575018504870202E-031  -6.2682920932295122E-032   6.5544131652249874E-034   1.0232424239833119E-030  -1.6832330865365415E-032   9.0382848884145461E-031  -1.3088435131151535E-016   4.4949286783626426E-031  -9.3080597631713081E-032  -1.8729712340836169E-030  -1.8879317708650462E-031   3.2804040525823936E-032   3.8553342542944939E-031  -8.4204542406587922E-032   2.0272454074450409E-034  -8.7152460262459092E-032   5.7040198148559589E-032   3.8463761926214120E-031   3.2694215454318545E-032   8.7342997119791820E-031  -4.4476361885773274E-031  -5.6788954570473792E-033   2.8411155698699642E-033  -5.6754877915931100E-031  -8.3969815103587765E-034  -4.9120489101316843E-031  -5.9791030443830703E-017  -1.2852113210216886E-031   1.0329728011880172E-032   5.3350388664483047E-031
   6.8305512246233913E-017  -5.4405849897878869E-017  -2.6426940285038890E-016  0.22450630264184779       0.15690403953767212        8.3428603286845414E-017   7.9982594016700556E-017  -8.2566793382145546E-017  -8.2043929786192939E-016   5.3251381603446023E-017  -5.5682082368982327E-019  -8.6928100959470320E-016   1.4299666653300883E-017  -7.6783460386838717E-016  0.11119093421216225       -3.8186025598631625E-016   7.9075294364743321E-017   1.5911560028638890E-015   1.6038655135454474E-016  -2.7868204834652998E-017  -3.2752442376771677E-016   7.1534768223070194E-017  -1.7222174268536690E-019   7.4039129799458209E-017  -4.8457686929202670E-017  -3.2676340441270660E-016  -2.7774904511289382E-017  -7.4200997669500611E-016   3.7784258995691244E-016   4.8244246530237968E-018  -2.4136292173437793E-018   4.8215297194313087E-016   7.1335358990078159E-019   4.1729611045206922E-016   5.0794617278073731E-002   1.0918329503297609E-016  -8.7754731279127728E-018  -4.5323061899638341E-016
   4.7737683387986613E-017  -3.8023420826076374E-017  -1.8469386536369507E-016  0.15690403953767212       0.10965784627665252        5.8306981651088568E-017   5.5898618195775882E-017  -5.7704675819270990E-017  -5.7339254406300529E-016   3.7216580497840013E-017  -3.8915360285008750E-019  -6.0752727337183974E-016   9.9938194854349457E-018  -5.3662792369777118E-016   7.7709652390862666E-002  -2.6687632372942738E-016   5.5264520271628435E-017   1.1120347243980837E-015   1.1209172080656578E-016  -1.9476664404366186E-017  -2.2890183719423149E-016   4.9994561264039337E-017  -1.2036315598079193E-019   5.1744821471322124E-017  -3.3866340215726848E-017  -2.2836997234428143E-016  -1.9411458227730351E-017  -5.1857948463224560E-016   2.6406843806159206E-016   3.3717169967925302E-018  -1.6868487418437314E-018   3.3696937717449050E-016   4.9855197184682187E-019   2.9164190333551768E-016   3.5499585285202702E-002   7.6306543910425350E-017  -6.1330446692196801E-018  -3.1675598469116927E-016
   2.5382955473578715E-032  -2.0217713330101089E-032  -9.8204936395166350E-032   8.3428603286845414E-017   5.8306981651088568E-017   3.1002834951576249E-032   2.9722266268476309E-032  -3.0682578478587246E-032  -3.0488277565844265E-031   1.9788702312547921E-032  -2.0691973033639739E-034  -3.2303280416122600E-031   5.3138874156934141E-033  -2.8533438839906834E-031   4.1319572013436561E-017  -1.4190277703926385E-031   2.9385105387758461E-032   5.9128817929973767E-031   5.9601115015687746E-032  -1.0356080778613444E-032  -1.2171108292162550E-031   2.6582976642841565E-032  -6.3999180774840410E-035   2.7513620397536536E-032  -1.8007321359988570E-032  -1.2142828114227394E-031  -1.0321409521847636E-032  -2.7573771984176831E-031   1.4040977545595911E-031   1.7928004948105830E-033  -8.9692677704709992E-034   1.7917247109088066E-031   2.6508874341056450E-034   1.5507106590048990E-031   1.8875746133327700E-017   4.0573514862022632E-032  -3.2610463832320916E-033  -1.6842465919552522E-031
   2.4334515293357955E-032  -1.9382622907729786E-032  -9.4148592313410772E-032   7.9982594016700556E-017   5.5898618195775882E-017   2.9722266268476309E-032   2.8494591333793174E-032  -2.9415237953831872E-032  -2.9228962618889919E-031   1.8971332143006446E-032  -1.9837293366447548E-034  -3.0968996976337394E-031   5.0943978812465038E-033  -2.7354868291226267E-031   3.9612871642256172E-017  -1.3604149846247499E-031   2.8171356846119315E-032   5.6686508617676739E-031   5.7139297524282926E-032  -9.9283240026457231E-033  -1.1668382004650287E-031   2.5484969720391738E-032  -6.1355701661645776E-035   2.6377173337297820E-032  -1.7263530934495704E-032  -1.1641269936350035E-031  -9.8950848383220220E-033  -2.6434840369276882E-031   1.3461016514513321E-031   1.7187490678270071E-033  -8.5987931530644767E-034   1.7177177190608091E-031   2.5413928206020417E-034   1.4866587260261060E-031   1.8096085518218201E-017   3.8897630299312518E-032  -3.1263492215362054E-033  -1.6146789719732593E-031
  -2.5120751845855569E-032   2.0008866185215337E-032   9.7190488309720340E-032  -8.2566793382145546E-017  -5.7704675819270990E-017  -3.0682578478587246E-032  -2.9415237953831872E-032   3.0365630225915887E-032   3.0173336423977799E-031  -1.9584286812560757E-032   2.0478226829033370E-034   3.1969590459439587E-031  -5.2589954406766553E-033   2.8238691004768891E-031  -4.0892744582361083E-017   1.4043693422350453E-031  -2.9081559914430215E-032  -5.8518022603938610E-031  -5.8985440903596088E-032   1.0249103403501516E-032   1.2045381847464723E-031  -2.6308376905285862E-032   6.3338075042375970E-035  -2.7229407194407338E-032   1.7821307363664139E-032   1.2017393801202530E-031   1.0214790297673301E-032   2.7288937420613590E-031  -1.3895935521113512E-031  -1.7742810283121884E-033   8.8766160479446075E-034  -1.7732163571605401E-031  -2.6235040073556862E-034  -1.5346919585520196E-031  -1.8680761387863705E-017  -4.0154394133651381E-032   3.2273600698811137E-033   1.6668484774271512E-031
  -2.4961671831904133E-031   1.9882157767751246E-031   9.6575018504870202E-031  -8.2043929786192939E-016  -5.7339254406300529E-016  -3.0488277565844265E-031  -2.9228962618889919E-031   3.0173336423977799E-031   2.9982260344378705E-030  -1.9460267092192194E-031   2.0348546131988439E-033   3.1767139397165810E-030  -5.2256922548004169E-032   2.8059866286998746E-030  -4.0633786633228372E-016   1.3954760138853775E-030  -2.8897397633567576E-031  -5.8147450580084920E-030  -5.8611908900276536E-031   1.0184199792239271E-031   1.1969103098958189E-030  -2.6141776120770611E-031   6.2936979489057139E-034  -2.7056973880987606E-031   1.7708451910871937E-031   1.1941292290177469E-030   1.0150103978050547E-031   2.7116127125275742E-030  -1.3807937931306831E-030  -1.7630451922006891E-032   8.8204038687306504E-033  -1.7619872632000201E-030  -2.6068903702857176E-033  -1.5249733474341803E-030  -1.8562463344857677E-016  -3.9900111872587344E-031   3.2069224457171019E-032   1.6562929701449201E-030
   1.6201607061542939E-032  -1.2904700849283505E-032  -6.2682920932295122E-032   5.3251381603446023E-017   3.7216580497840013E-017   1.9788702312547921E-032   1.8971332143006446E-032  -1.9584286812560757E-032  -1.9460267092192194E-031   1.2630868752043915E-032  -1.3207414588424523E-034  -2.0618759570595623E-031   3.3917845369881324E-033  -1.8212519211166573E-031   2.6373740063865056E-017  -9.0574678623416788E-032   1.8756126781613431E-032   3.7741147799440430E-031   3.8042608825403883E-032  -6.6101503289221509E-033  -7.7686585495673471E-032   1.6967564811032257E-032  -4.0849836428776887E-035   1.7561582495203892E-032  -1.1493836689314834E-032  -7.7506076834649795E-032  -6.5880201211520524E-033  -1.7599976462836575E-031   8.9621715324082200E-032   1.1443210065469029E-033  -5.7249658022759947E-034   1.1436343478133345E-031   1.6920266285171943E-034   9.8979824431774372E-032   1.2048140814963066E-017   2.5897541583934527E-032  -2.0814830710154132E-033  -1.0750324762617018E-031
  -1.6941142027615298E-034   1.3493745964900570E-034   6.5544131652249874E-034  -5.5682082368982327E-019  -3.8915360285008750E-019  -2.0691973033639739E-034  -1.9837293366447548E-034   2.0478226829033370E-034   2.0348546131988439E-033  -1.3207414588424523E-034   1.3810277308304853E-036   2.1559918901368976E-033  -3.5466051824314002E-035   1.9043843827654314E-033  -2.7577589959078736E-019   9.4709030334845380E-034  -1.9612264788812353E-034  -3.9463871869427417E-033  -3.9779093318585995E-034   6.9118757861970728E-035   8.1232650163862563E-034  -1.7742062514821299E-034   4.2714459011133227E-037  -1.8363194598585611E-034   1.2018481812097129E-034   8.1043902044493886E-034   6.8887354278665842E-035   1.8403341088757741E-033  -9.3712568283901476E-034  -1.1965544296596816E-035   5.9862863227817183E-036  -1.1958364278537064E-033  -1.7692605010929701E-036  -1.0349783556640742E-033  -1.2598087581045185E-019  -2.7079655028846613E-034   2.1764939860719460E-035   1.1241031704736356E-033
  -2.6447669373902826E-031   2.1065765891897267E-031   1.0232424239833119E-030  -8.6928100959470320E-016  -6.0752727337183974E-016  -3.2303280416122600E-031  -3.0968996976337394E-031   3.1969590459439587E-031   3.1767139397165810E-030  -2.0618759570595623E-031   2.1559918901368976E-033   3.3658274389181180E-030  -5.5367838314451314E-032   2.9730302971371720E-030  -4.3052763513691218E-016   1.4785503344083078E-030  -3.0617693539339232E-031  -6.1609036375194112E-030  -6.2101144442839084E-031   1.0790477126562223E-031   1.2681637816374351E-030  -2.7698026652407457E-031   6.6683691546301059E-034  -2.8667707206536793E-031   1.8762656781017064E-031   1.2652171397594132E-030   1.0754351548645410E-031   2.8730381912696768E-030  -1.4629940638664244E-030  -1.8680013361515243E-032   9.3454928353926101E-033  -1.8668804273991307E-030  -2.7620816054157859E-033  -1.6157567958009818E-030  -1.9667508515295492E-016  -4.2275412235776788E-031   3.3978342926401582E-032   1.7548940293624078E-030
   4.3506398003547256E-033  -3.4653170462225411E-033  -1.6832330865365415E-032   1.4299666653300883E-017   9.9938194854349457E-018   5.3138874156934141E-033   5.0943978812465038E-033  -5.2589954406766553E-033  -5.2256922548004169E-032   3.3917845369881324E-033  -3.5466051824314002E-035  -5.5367838314451314E-032   9.1080056100576638E-034  -4.8906328022795777E-032   7.0821766489091676E-018  -2.4322142873019898E-032   5.0366084899244178E-033   1.0134682263530868E-031   1.0215634006949307E-032  -1.7750327481771319E-033  -2.0861285521076539E-032   4.5563234870198810E-033  -1.0969462691566588E-035   4.7158358717515177E-033  -3.0864557552445846E-033  -2.0812813282367428E-032  -1.7690900930844003E-033  -4.7261458566216471E-032   2.4066242329165601E-032   3.0728609183975683E-034  -1.5373329312604410E-034   3.0710170242676978E-032   4.5436223488967102E-035   2.6579188223071899E-032   3.2353038035514891E-018   6.9543024169404232E-033  -5.5894350838933517E-034  -2.8867994762074180E-032
  -2.3361186443519531E-031   1.8607359220156693E-031   9.0382848884145461E-031  -7.6783460386838717E-016  -5.3662792369777118E-016  -2.8533438839906834E-031  -2.7354868291226267E-031   2.8238691004768891E-031   2.8059866286998746E-030  -1.8212519211166573E-031   1.9043843827654314E-033   2.9730302971371720E-030  -4.8906328022795777E-032   2.6260731746059574E-030  -3.8028441037021221E-016   1.3060012789755899E-030  -2.7044562495507971E-031  -5.4419168850721981E-030  -5.4853847164190245E-031   9.5312121610568337E-032   1.1201671544254902E-030  -2.4465625140601138E-031   5.8901604104762884E-034  -2.5322142510635394E-031   1.6573026418335933E-031   1.1175643901016637E-030   9.4993024926031244E-032   2.5377502983998720E-030  -1.2922604486832480E-030  -1.6500027610614255E-032   8.2548597174165853E-033  -1.6490126640520959E-030  -2.4397425135692414E-033  -1.4271955392536865E-030  -1.7372280589634619E-016  -3.7341807826406972E-031   3.0013019027255593E-032   1.5500952476745474E-030
   3.3829579076963267E-017  -2.6945512021559672E-017  -1.3088435131151535E-016  0.11119093421216225        7.7709652390862666E-002   4.1319572013436561E-017   3.9612871642256172E-017  -4.0892744582361083E-017  -4.0633786633228372E-016   2.6373740063865056E-017  -2.7577589959078736E-019  -4.3052763513691218E-016   7.0821766489091676E-018  -3.8028441037021221E-016   5.5069384268897861E-002  -1.8912341480830898E-016   3.9163514565308386E-017   7.8804969105017721E-016   7.9434431329210319E-017  -1.3802248283979222E-017  -1.6221258034848732E-016   3.5428928336424576E-017  -8.5296030603566299E-020   3.6669260122244657E-017  -2.3999573357252374E-017  -1.6183567131724240E-016  -1.3756039558455613E-017  -3.6749428204285806E-016   1.8713359076370501E-016   2.3893863018254177E-018  -1.1953948925271739E-018   2.3879525319630881E-016   3.5330167194104727E-019   2.0667368273525870E-016   2.5156981704465932E-002   5.4075063515904272E-017  -4.3462167599051948E-018  -2.2447091839626078E-016
  -1.1618008084714437E-031   9.2538300816881396E-032   4.4949286783626426E-031  -3.8186025598631625E-016  -2.6687632372942738E-016  -1.4190277703926385E-031  -1.3604149846247499E-031   1.4043693422350453E-031   1.3954760138853775E-030  -9.0574678623416788E-032   9.4709030334845380E-034   1.4785503344083078E-030  -2.4322142873019898E-032   1.3060012789755899E-030  -1.8912341480830898E-016   6.4950183307127693E-031  -1.3449828264503136E-031  -2.7063794264032943E-030  -2.7279968907916461E-031   4.7400717515785568E-032   5.5708262454097518E-031  -1.2167268617469831E-031   2.9293003347508351E-034  -1.2593232673439976E-031   8.2421137035112177E-032   5.5578821524246066E-031   4.7242024040618090E-032   1.2620764598184625E-030  -6.4266822991447313E-031  -8.2058098650766667E-033   4.1053149062869536E-033  -8.2008859049486756E-031  -1.2133351324342498E-033  -7.0977428109681396E-031  -8.6395995694940977E-017  -1.8570864381136642E-031   1.4926103969435672E-032   7.7089488426030181E-031
   2.4058471517488399E-032  -1.9162751981631419E-032  -9.3080597631713081E-032   7.9075294364743321E-017   5.5264520271628435E-017   2.9385105387758461E-032   2.8171356846119315E-032  -2.9081559914430215E-032  -2.8897397633567576E-031   1.8756126781613431E-032  -1.9612264788812353E-034  -3.0617693539339232E-031   5.0366084899244178E-033  -2.7044562495507971E-031   3.9163514565308386E-017  -1.3449828264503136E-031   2.7851789037949577E-032   5.6043473090112453E-031   5.6491125688970373E-032  -9.8156999370866803E-033  -1.1536019219198332E-031   2.5195875518813030E-032  -6.0659700144720985E-035   2.6077958233277200E-032  -1.7067698381163533E-032  -1.1509214702440201E-031  -9.7828378283285429E-033  -2.6134971106952355E-031   1.3308318596313036E-031   1.6992520703838425E-033  -8.5012509048923469E-034   1.6982324209428307E-031   2.5125639879045498E-034   1.4697944949857745E-031   1.7890808704002354E-017   3.8456386715425270E-032  -3.0908848108670002E-033  -1.5963625159079796E-031
   4.8410545521597853E-031  -3.8559360533420244E-031  -1.8729712340836169E-030   1.5911560028638890E-015   1.1120347243980837E-015   5.9128817929973767E-031   5.6686508617676739E-031  -5.8518022603938610E-031  -5.8147450580084920E-030   3.7741147799440430E-031  -3.9463871869427417E-033  -6.1609036375194112E-030   1.0134682263530868E-031  -5.4419168850721981E-030   7.8804969105017721E-016  -2.7063794264032943E-030   5.6043473090112453E-031   1.1277088418710020E-029   1.1367165240502794E-030  -1.9751187779542156E-031  -2.3212820612609304E-030   5.0699234067025522E-031  -1.2205967336901943E-033   5.2474164173094040E-031  -3.4343685916605430E-031  -2.3158884464680673E-030  -1.9685062522548375E-031  -5.2588885688729897E-030   2.6779047985422383E-030   3.4192413115766454E-032  -1.7106248567065243E-032   3.4171895691937474E-030   5.0557905652469640E-033   2.9575259282444594E-030   3.5999951557758918E-016   7.7382083825648580E-031  -6.2194898678298563E-032  -3.2122065688653319E-030
   4.8797229381822366E-032  -3.8867357111814502E-032  -1.8879317708650462E-031   1.6038655135454474E-016   1.1209172080656578E-016   5.9601115015687746E-032   5.7139297524282926E-032  -5.8985440903596088E-032  -5.8611908900276536E-031   3.8042608825403883E-032  -3.9779093318585995E-034  -6.2101144442839084E-031   1.0215634006949307E-032  -5.4853847164190245E-031   7.9434431329210319E-017  -2.7279968907916461E-031   5.6491125688970373E-032   1.1367165240502794E-030   1.1457961559520651E-031  -1.9908952280072421E-032  -2.3398235236313109E-031   5.1104199045796873E-032  -1.2303463667851194E-034   5.2893306575764435E-032  -3.4618009390994832E-032  -2.3343868268246801E-031  -1.9842298841267070E-032  -5.3008944440473388E-031   2.6992948191184800E-031   3.4465528284198033E-033  -1.7242886362789352E-033   3.4444846975484832E-031   5.0961741757019247E-034   2.9811494493249524E-031   3.6287504612289958E-017   7.8000180617649594E-032  -6.2691686377095873E-033  -3.2378643759093202E-031
  -8.4788354902029580E-033   6.7534556995321339E-033   3.2804040525823936E-032  -2.7868204834652998E-017  -1.9476664404366186E-017  -1.0356080778613444E-032  -9.9283240026457231E-033   1.0249103403501516E-032   1.0184199792239271E-031  -6.6101503289221509E-033   6.9118757861970728E-035   1.0790477126562223E-031  -1.7750327481771319E-033   9.5312121610568337E-032  -1.3802248283979222E-017   4.7400717515785568E-032  -9.8156999370866803E-033  -1.9751187779542156E-031  -1.9908952280072421E-032   3.4593097457274332E-033   4.0655953184848623E-032  -8.8796864505858695E-033   2.1378067099493900E-035  -9.1905555022318448E-033   6.0151039381323290E-033   4.0561487047288149E-032   3.4477282778931671E-033   9.2106483321676121E-032  -4.6902000381579899E-032  -5.9886093556268775E-034   2.9960634793912363E-034  -5.9850158439352760E-032  -8.8549335715550813E-035  -5.1799407615448188E-032  -6.3051895743941785E-018  -1.3553037908941824E-032   1.0893087622569088E-033   5.6259996173369904E-032
  -9.9648532247648405E-032   7.9370799072053207E-032   3.8553342542944939E-031  -3.2752442376771677E-016  -2.2890183719423149E-016  -1.2171108292162550E-031  -1.1668382004650287E-031   1.2045381847464723E-031   1.1969103098958189E-030  -7.7686585495673471E-032   8.1232650163862563E-034   1.2681637816374351E-030  -2.0861285521076539E-032   1.1201671544254902E-030  -1.6221258034848732E-016   5.5708262454097518E-031  -1.1536019219198332E-031  -2.3212820612609304E-030  -2.3398235236313109E-031   4.0655953184848623E-032   4.7781397182200725E-031  -1.0435958129422697E-031   2.5124830069150404E-034  -1.0801310715323600E-031   7.0693231334010525E-032   4.7670374719671733E-031   4.0519840593409450E-032   1.0824925054982793E-030  -5.5122139153465360E-031  -7.0381850571613010E-033   3.5211595812548638E-033  -7.0339617393944139E-031  -1.0406867011106136E-033  -6.0877875813740026E-031  -7.4102497608019407E-017  -1.5928370549037064E-031   1.2802232033965928E-032   6.6120236079735874E-031
   2.1764284251241497E-032  -1.7335414714982988E-032  -8.4204542406587922E-032   7.1534768223070194E-017   4.9994561264039337E-017   2.6582976642841565E-032   2.5484969720391738E-032  -2.6308376905285862E-032  -2.6141776120770611E-031   1.6967564811032257E-032  -1.7742062514821299E-034  -2.7698026652407457E-031   4.5563234870198810E-033  -2.4465625140601138E-031   3.5428928336424576E-017  -1.2167268617469831E-031   2.5195875518813030E-032   5.0699234067025522E-031   5.1104199045796873E-032  -8.8796864505858695E-033  -1.0435958129422697E-031   2.2793226758055951E-032  -5.4875263193054548E-035   2.3591195112643636E-032  -1.5440142937263244E-032  -1.0411709659543093E-031  -8.8499580334839181E-033  -2.3642771306407411E-031   1.2039253143147223E-031   1.5372134113948663E-033  -7.6905817167439369E-034   1.5362909945133672E-031   2.2729688705467820E-034   1.3296366378274332E-031   1.6184762437441094E-017   3.4789231358350216E-032  -2.7961417067852446E-033  -1.4441352826172967E-031
  -5.2398058386937821E-035   4.1735444267855730E-035   2.0272454074450409E-034  -1.7222174268536690E-019  -1.2036315598079193E-019  -6.3999180774840410E-035  -6.1355701661645776E-035   6.3338075042375970E-035   6.2936979489057139E-034  -4.0849836428776887E-035   4.2714459011133227E-037   6.6683691546301059E-034  -1.0969462691566588E-035   5.8901604104762884E-034  -8.5296030603566299E-020   2.9293003347508351E-034  -6.0659700144720985E-035  -1.2205967336901943E-033  -1.2303463667851194E-034   2.1378067099493900E-035   2.5124830069150404E-034  -5.4875263193054548E-035   1.3211356788010310E-037  -5.6796391953915550E-035   3.7172530085993324E-035   2.5066451271764822E-034   2.1306495192185694E-035   5.6920562929676268E-034  -2.8984802893013511E-034  -3.7008797143814850E-036   1.8515267728157826E-036  -3.6986589726811861E-034  -5.4722293743157965E-037  -3.2011334431234215E-034  -3.8965220146276185E-020  -8.3755944138045352E-035   6.7317810555579258E-036   3.4767917926316207E-034
   2.2526230345012692E-032  -1.7942310460944931E-032  -8.7152460262459092E-032   7.4039129799458209E-017   5.1744821471322124E-017   2.7513620397536536E-032   2.6377173337297820E-032  -2.7229407194407338E-032  -2.7056973880987606E-031   1.7561582495203892E-032  -1.8363194598585611E-034  -2.8667707206536793E-031   4.7158358717515177E-033  -2.5322142510635394E-031   3.6669260122244657E-017  -1.2593232673439976E-031   2.6077958233277200E-032   5.2474164173094040E-031   5.2893306575764435E-032  -9.1905555022318448E-033  -1.0801310715323600E-031   2.3591195112643636E-032  -5.6796391953915550E-035   2.4417099551125113E-032  -1.5980687090358725E-032  -1.0776213330465151E-031  -9.1597863226116619E-033  -2.4470481376487718E-031   1.2460735503809755E-031   1.5910297345316218E-033  -7.9598213862068527E-034   1.5900750247462269E-031   2.3525432655594665E-034   1.3761859031573918E-031   1.6751374983733288E-017   3.6007167984834280E-032  -2.8940318660260296E-033  -1.4946930324042966E-031
  -1.4743136780650246E-032   1.1743018393895139E-032   5.7040198148559589E-032  -4.8457686929202670E-017  -3.3866340215726848E-017  -1.8007321359988570E-032  -1.7263530934495704E-032   1.7821307363664139E-032   1.7708451910871937E-031  -1.1493836689314834E-032   1.2018481812097129E-034   1.8762656781017064E-031  -3.0864557552445846E-033   1.6573026418335933E-031  -2.3999573357252374E-017   8.2421137035112177E-032  -1.7067698381163533E-032  -3.4343685916605430E-031  -3.4618009390994832E-032   6.0151039381323290E-033   7.0693231334010525E-032  -1.5440142937263244E-032   3.7172530085993324E-035  -1.5980687090358725E-032   1.0459160366088211E-032   7.0528972080625657E-032   5.9949658938692248E-033   1.6015624829202184E-031  -8.1553959586871330E-032  -1.0413091155961957E-033   5.2096038107136991E-034  -1.0406842699501944E-031  -1.5397102229410444E-034  -9.0069650780891403E-032  -1.0963565979152892E-017  -2.3566242311900820E-032   1.8941077577069489E-033   9.7825794570640667E-032
  -9.9416993906579214E-032   7.9186377056676135E-032   3.8463761926214120E-031  -3.2676340441270660E-016  -2.2836997234428143E-016  -1.2142828114227394E-031  -1.1641269936350035E-031   1.2017393801202530E-031   1.1941292290177469E-030  -7.7506076834649795E-032   8.1043902044493886E-034   1.2652171397594132E-030  -2.0812813282367428E-032   1.1175643901016637E-030  -1.6183567131724240E-016   5.5578821524246066E-031  -1.1509214702440201E-031  -2.3158884464680673E-030  -2.3343868268246801E-031   4.0561487047288149E-032   4.7670374719671733E-031  -1.0411709659543093E-031   2.5066451271764822E-034  -1.0776213330465151E-031   7.0528972080625657E-032   4.7559610223378819E-031   4.0425690720252568E-032   1.0799772801026860E-030  -5.4994060110373601E-031  -7.0218314826979763E-033   3.5129779911230851E-033  -7.0176179780208305E-031  -1.0382686135892735E-033  -6.0736423029079855E-031  -7.3930316754190037E-017  -1.5891360184612493E-031   1.2772485408498727E-032   6.5966602409197126E-031
  -8.4504490872151652E-033   6.7308457178585134E-033   3.2694215454318545E-032  -2.7774904511289382E-017  -1.9411458227730351E-017  -1.0321409521847636E-032  -9.8950848383220220E-033   1.0214790297673301E-032   1.0150103978050547E-031  -6.5880201211520524E-033   6.8887354278665842E-035   1.0754351548645410E-031  -1.7690900930844003E-033   9.4993024926031244E-032  -1.3756039558455613E-017   4.7242024040618090E-032  -9.7828378283285429E-033  -1.9685062522548375E-031  -1.9842298841267070E-032   3.4477282778931671E-033   4.0519840593409450E-032  -8.8499580334839181E-033   2.1306495192185694E-035  -9.1597863226116619E-033   5.9949658938692248E-033   4.0425690720252568E-032   3.4361855838048371E-033   9.1798118835022430E-032  -4.6744976567955545E-032  -5.9685600129191772E-034   2.9860329197228385E-034  -5.9649785319918390E-032  -8.8252880249369466E-035  -5.1625987708811234E-032  -6.2840803486779831E-018  -1.3507663518055644E-032   1.0856618513645713E-033   5.6071642604614581E-032
  -2.2575478262106098E-031   1.7981536794180059E-031   8.7342997119791820E-031  -7.4200997669500611E-016  -5.1857948463224560E-016  -2.7573771984176831E-031  -2.6434840369276882E-031   2.7288937420613590E-031   2.7116127125275742E-030  -1.7599976462836575E-031   1.8403341088757741E-033   2.8730381912696768E-030  -4.7261458566216471E-032   2.5377502983998720E-030  -3.6749428204285806E-016   1.2620764598184625E-030  -2.6134971106952355E-031  -5.2588885688729897E-030  -5.3008944440473388E-031   9.2106483321676121E-032   1.0824925054982793E-030  -2.3642771306407411E-031   5.6920562929676268E-034  -2.4470481376487718E-031   1.6015624829202184E-031   1.0799772801026860E-030   9.1798118835022430E-032   2.4523979907738056E-030  -1.2487977756934913E-030  -1.5945081194748312E-032   7.9772235266316937E-033  -1.5935513224574562E-030  -2.3576865076344360E-033  -1.3791945862892684E-030  -1.6787997637136194E-016  -3.6085888569527140E-031   2.9003589362557488E-032   1.4979608014634118E-030
   1.1495771544829624E-031  -9.1564677660812329E-032  -4.4476361885773274E-031   3.7784258995691244E-016   2.6406843806159206E-016   1.4040977545595911E-031   1.3461016514513321E-031  -1.3895935521113512E-031  -1.3807937931306831E-030   8.9621715324082200E-032  -9.3712568283901476E-034  -1.4629940638664244E-030   2.4066242329165601E-032  -1.2922604486832480E-030   1.8713359076370501E-016  -6.4266822991447313E-031   1.3308318596313036E-031   2.6779047985422383E-030   2.6992948191184800E-031  -4.6902000381579899E-032  -5.5122139153465360E-031   1.2039253143147223E-031  -2.8984802893013511E-034   1.2460735503809755E-031  -8.1553959586871330E-032  -5.4994060110373601E-031  -4.6744976567955545E-032  -1.2487977756934913E-030   6.3590652514151815E-031   8.1194740838011024E-033  -4.0621216595941494E-033   8.1146019301311710E-031   1.2005692704011033E-033   7.0230653347709469E-031   8.5486997569216882E-017   1.8375474759433167E-031  -1.4769061962761115E-032  -7.6278406848364029E-031
   1.4678198043457721E-033  -1.1691294205435530E-033  -5.6788954570473792E-033   4.8244246530237968E-018   3.3717169967925302E-018   1.7928004948105830E-033   1.7187490678270071E-033  -1.7742810283121884E-033  -1.7630451922006891E-032   1.1443210065469029E-033  -1.1965544296596816E-035  -1.8680013361515243E-032   3.0728609183975683E-034  -1.6500027610614255E-032   2.3893863018254177E-018  -8.2058098650766667E-033   1.6992520703838425E-033   3.4192413115766454E-032   3.4465528284198033E-033  -5.9886093556268775E-034  -7.0381850571613010E-033   1.5372134113948663E-033  -3.7008797143814850E-036   1.5910297345316218E-033  -1.0413091155961957E-033  -7.0218314826979763E-033  -5.9685600129191772E-034  -1.5945081194748312E-032   8.1194740838011024E-033   1.0367224865768793E-034  -5.1866571950935326E-035   1.0361003931733482E-032   1.5329282986458401E-035   8.9672923173455828E-033   1.0915275025849961E-018   2.3462440655653799E-033  -1.8857648271812357E-034  -9.7394903664669397E-033
  -7.3434098786148250E-034   5.8490807323759918E-034   2.8411155698699642E-033  -2.4136292173437793E-018  -1.6868487418437314E-018  -8.9692677704709992E-034  -8.5987931530644767E-034   8.8766160479446075E-034   8.8204038687306504E-033  -5.7249658022759947E-034   5.9862863227817183E-036   9.3454928353926101E-033  -1.5373329312604410E-034   8.2548597174165853E-033  -1.1953948925271739E-018   4.1053149062869536E-033  -8.5012509048923469E-034  -1.7106248567065243E-032  -1.7242886362789352E-033   2.9960634793912363E-034   3.5211595812548638E-033  -7.6905817167439369E-034   1.8515267728157826E-036  -7.9598213862068527E-034   5.2096038107136991E-034   3.5129779911230851E-033   2.9860329197228385E-034   7.9772235266316937E-033  -4.0621216595941494E-033  -5.1866571950935326E-035   2.5948518728710541E-035  -5.1835449010425966E-033  -7.6691435680018274E-036  -4.4862797730796985E-033  -5.4608432326167348E-019  -1.1738111039041075E-033   9.4343624603425274E-035   4.8726055853746427E-033
   1.4669390276387183E-031  -1.1684278753279227E-031  -5.6754877915931100E-031   4.8215297194313087E-016   3.3696937717449050E-016   1.7917247109088066E-031   1.7177177190608091E-031  -1.7732163571605401E-031  -1.7619872632000201E-030   1.1436343478133345E-031  -1.1958364278537064E-033  -1.8668804273991307E-030   3.0710170242676978E-032  -1.6490126640520959E-030   2.3879525319630881E-016  -8.2008859049486756E-031   1.6982324209428307E-031   3.4171895691937474E-030   3.4444846975484832E-031  -5.9850158439352760E-032  -7.0339617393944139E-031   1.5362909945133672E-031  -3.6986589726811861E-034   1.5900750247462269E-031  -1.0406842699501944E-031  -7.0176179780208305E-031  -5.9649785319918390E-032  -1.5935513224574562E-030   8.1146019301311710E-031   1.0361003931733482E-032  -5.1835449010425966E-033   1.0354786730618094E-030   1.5320084530796245E-033   8.9619114237406068E-031   1.0908725230047102E-016   2.3448361835379708E-031  -1.8846332593076827E-032  -9.7336461094076174E-031
   2.1703614463151499E-034  -1.7287090776319567E-034  -8.3969815103587765E-034   7.1335358990078159E-019   4.9855197184682187E-019   2.6508874341056450E-034   2.5413928206020417E-034  -2.6235040073556862E-034  -2.6068903702857176E-033   1.6920266285171943E-034  -1.7692605010929701E-036  -2.7620816054157859E-033   4.5436223488967102E-035  -2.4397425135692414E-033   3.5330167194104727E-019  -1.2133351324342498E-033   2.5125639879045498E-034   5.0557905652469640E-033   5.0961741757019247E-034  -8.8549335715550813E-035  -1.0406867011106136E-033   2.2729688705467820E-034  -5.4722293743157965E-037   2.3525432655594665E-034  -1.5397102229410444E-034  -1.0382686135892735E-033  -8.8252880249369466E-035  -2.3576865076344360E-033   1.2005692704011033E-033   1.5329282986458401E-035  -7.6691435680018274E-036   1.5320084530796245E-033   2.2666327770589674E-036   1.3259301629384607E-033   1.6139646039583425E-019   3.4692253425606825E-034  -2.7883472246482739E-035  -1.4401096330458122E-033
   1.2696135586118080E-031  -1.0112566676777151E-031  -4.9120489101316843E-031   4.1729611045206922E-016   2.9164190333551768E-016   1.5507106590048990E-031   1.4866587260261060E-031  -1.5346919585520196E-031  -1.5249733474341803E-030   9.8979824431774372E-032  -1.0349783556640742E-033  -1.6157567958009818E-030   2.6579188223071899E-032  -1.4271955392536865E-030   2.0667368273525870E-016  -7.0977428109681396E-031   1.4697944949857745E-031   2.9575259282444594E-030   2.9811494493249524E-031  -5.1799407615448188E-032  -6.0877875813740026E-031   1.3296366378274332E-031  -3.2011334431234215E-034   1.3761859031573918E-031  -9.0069650780891403E-032  -6.0736423029079855E-031  -5.1625987708811234E-032  -1.3791945862892684E-030   7.0230653347709469E-031   8.9672923173455828E-033  -4.4862797730796985E-033   8.9619114237406068E-031   1.3259301629384607E-033   7.7563988961246529E-031   9.4413368233389846E-017   2.0294202794068453E-031  -1.6311216035197691E-032  -8.4243236033642018E-031
   1.5454142318958256E-017  -1.2309339607537438E-017  -5.9791030443830703E-017   5.0794617278073731E-002   3.5499585285202702E-002   1.8875746133327700E-017   1.8096085518218201E-017  -1.8680761387863705E-017  -1.8562463344857677E-016   1.2048140814963066E-017  -1.2598087581045185E-019  -1.9667508515295492E-016   3.2353038035514891E-018  -1.7372280589634619E-016   2.5156981704465932E-002  -8.6395995694940977E-017   1.7890808704002354E-017   3.5999951557758918E-016   3.6287504612289958E-017  -6.3051895743941785E-018  -7.4102497608019407E-017   1.6184762437441094E-017  -3.8965220146276185E-020   1.6751374983733288E-017  -1.0963565979152892E-017  -7.3930316754190037E-017  -6.2840803486779831E-018  -1.6787997637136194E-016   8.5486997569216882E-017   1.0915275025849961E-018  -5.4608432326167348E-019   1.0908725230047102E-016   1.6139646039583425E-019   9.4413368233389846E-017   1.1492297160770484E-002   2.4702752747241910E-017  -1.9854533869253742E-018  -1.0254356140438495E-016
   3.3218759599174771E-032  -2.6458989752266626E-032  -1.2852113210216886E-031   1.0918329503297609E-016   7.6306543910425350E-017   4.0573514862022632E-032   3.8897630299312518E-032  -4.0154394133651381E-032  -3.9900111872587344E-031   2.5897541583934527E-032  -2.7079655028846613E-034  -4.2275412235776788E-031   6.9543024169404232E-033  -3.7341807826406972E-031   5.4075063515904272E-017  -1.8570864381136642E-031   3.8456386715425270E-032   7.7382083825648580E-031   7.8000180617649594E-032  -1.3553037908941824E-032  -1.5928370549037064E-031   3.4789231358350216E-032  -8.3755944138045352E-035   3.6007167984834280E-032  -2.3566242311900820E-032  -1.5891360184612493E-031  -1.3507663518055644E-032  -3.6085888569527140E-031   1.8375474759433167E-031   2.3462440655653799E-033  -1.1738111039041075E-033   2.3448361835379708E-031   3.4692253425606825E-034   2.0294202794068453E-031   2.4702752747241910E-017   5.3098696000866029E-032  -4.2677424210551237E-033  -2.2041792060868632E-031
  -2.6699169695978607E-033   2.1266087774014145E-033   1.0329728011880172E-032  -8.7754731279127728E-018  -6.1330446692196801E-018  -3.2610463832320916E-033  -3.1263492215362054E-033   3.2273600698811137E-033   3.2069224457171019E-032  -2.0814830710154132E-033   2.1764939860719460E-035   3.3978342926401582E-032  -5.5894350838933517E-034   3.0013019027255593E-032  -4.3462167599051948E-018   1.4926103969435672E-032  -3.0908848108670002E-033  -6.2194898678298563E-032  -6.2691686377095873E-033   1.0893087622569088E-033   1.2802232033965928E-032  -2.7961417067852446E-033   6.7317810555579258E-036  -2.8940318660260296E-033   1.8941077577069489E-033   1.2772485408498727E-032   1.0856618513645713E-033   2.9003589362557488E-032  -1.4769061962761115E-032  -1.8857648271812357E-034   9.4343624603425274E-035  -1.8846332593076827E-032  -2.7883472246482739E-035  -1.6311216035197691E-032  -1.9854533869253742E-018  -4.2677424210551237E-033   3.4301455109512267E-034   1.7715819426659904E-032
  -1.3789434520069045E-031   1.0983387431032263E-031   5.3350388664483047E-031  -4.5323061899638341E-016  -3.1675598469116927E-016  -1.6842465919552522E-031  -1.6146789719732593E-031   1.6668484774271512E-031   1.6562929701449201E-030  -1.0750324762617018E-031   1.1241031704736356E-033   1.7548940293624078E-030  -2.8867994762074180E-032   1.5500952476745474E-030  -2.2447091839626078E-016   7.7089488426030181E-031  -1.5963625159079796E-031  -3.2122065688653319E-030  -3.2378643759093202E-031   5.6259996173369904E-032   6.6120236079735874E-031  -1.4441352826172967E-031   3.4767917926316207E-034  -1.4946930324042966E-031   9.7825794570640667E-032   6.5966602409197126E-031   5.6071642604614581E-032   1.4979608014634118E-030  -7.6278406848364029E-031  -9.7394903664669397E-033   4.8726055853746427E-033  -9.7336461094076174E-031  -1.4401096330458122E-033  -8.4243236033642018E-031  -1.0254356140438495E-016  -2.2041792060868632E-031   1.7715819426659904E-032   9.1497651325872001E-031
