   7.8586961622011206E-032   7.0970359878540056E-032   2.3759766295105707E-032   7.3947247060380342E-017   1.6656533392767890E-016  -1.1033691673026204E-031  -5.0381345880804042E-032   9.9882855273635723E-033   2.6100472866051773E-030  -2.8407059415031613E-032  -2.4379006309459331E-033   2.7214978069376158E-030  -1.5228965260260655E-032   2.6987864657890251E-030   1.3153427310145922E-016   2.2948936057575595E-031  -1.1060278940966289E-031  -1.8070334609993306E-031  -9.5383759813396191E-032   3.7394791599515496E-032   2.8213974791771492E-032  -5.1116268193644916E-032  -3.5806871690511538E-034  -6.0281842951514747E-032   6.8563259521664676E-032   3.7195533614710094E-032   2.1074407885016157E-032   7.0411464895239608E-032   8.6054706547537556E-017   1.6946370499465896E-030   6.3697449461403830E-034   9.4582043557019284E-033   1.6610965845763326E-030   2.8577029780655892E-033   1.6433041534872485E-030  -5.5948379033048376E-032   2.7763294851067641E-032   4.9523720983046212E-032
   7.0970359878540056E-032   6.4091954661837271E-032   2.1456983827726511E-032   6.6780323702355612E-017   1.5042192048337954E-016  -9.9643128155268182E-032  -4.5498415698061411E-032   9.0202268139103088E-033   2.3570830505106863E-030  -2.5653864052827697E-032  -2.2016207466900260E-033   2.4577318524670187E-030  -1.3752982973141990E-032   2.4372216810419878E-030   1.1878604931022180E-016   2.0724738776254807E-031  -9.9883232612158939E-032  -1.6318968489521833E-031  -8.6139222344345293E-032   3.3770510560842085E-032   2.5479493076816516E-032  -4.6162109775915632E-032  -3.2336490908290143E-034  -5.4439362460507164E-032   6.1918149044909595E-032   3.3590564541827764E-032   1.9031888763184147E-032   6.3587227449072330E-032   7.7714335391868756E-017   1.5303938314435495E-030   5.7523930411820068E-034   8.5415207952375108E-033   1.5001040880982088E-030   2.5807360991353737E-033   1.4840360888850576E-030  -5.0525895296660413E-032   2.5072492768856616E-032   4.4723911297096992E-032
   2.3759766295105707E-032   2.1456983827726511E-032   7.1834625330510863E-033   2.2357007728225679E-017   5.0358905921608144E-017  -3.3358960584872573E-032  -1.5232157842141492E-032   3.0198308335218168E-033   7.8911453336483784E-031  -8.5885123804467050E-033  -7.3706818594882994E-034   8.2281017780651053E-031  -4.6042835609352657E-033   8.1594369325485691E-031   3.9767711134055914E-017   6.9383183443575191E-032  -3.3439343801075802E-032  -5.4633353720033177E-032  -2.8838064161524073E-032   1.1305838662298086E-032   8.5301357053704410E-033  -1.5454352237213601E-032  -1.0825751315051516E-034  -1.8225446954614052E-032   2.0729227712108908E-032   1.1245595550034994E-032   6.3715786413031490E-033   2.1288009052361150E-032   2.6017543800684588E-017   5.1235191475427727E-031   1.9258112052691542E-034   2.8595675468879066E-033   5.0221138250594578E-031   8.6399007543063629E-034   4.9683206772174867E-031  -1.6915279366684358E-032   8.3938783689878571E-033   1.4972865884302488E-032
   7.3947247060380342E-017   6.6780323702355612E-017   2.2357007728225679E-017   6.9581457724627913E-002  0.15673144304633577       -1.0382270891928767E-016  -4.7406869462666808E-017   9.3985847315758958E-018   2.4559520759969159E-015  -2.6729928189944018E-017  -2.2939688282174663E-018   2.5608226422070036E-015  -1.4329858711054006E-017   2.5394521614004646E-015  0.12376858946047926        2.1594048292447311E-016  -1.0407288467751105E-016  -1.7003475771159597E-016  -8.9752375036390617E-017   3.5187031488519826E-017   2.6548243136277593E-017  -4.8098402520010621E-017  -3.3692861165610646E-019  -5.6722848701433561E-017   6.4515336723406967E-017   3.4999537543887776E-017   1.9830190840308946E-017   6.6254425454632172E-017   8.0974101993999875E-002   1.5945869648557042E-015   5.9936800395642709E-019   8.8997991499236251E-018   1.5630267031015475E-015   2.6889863634200223E-018   1.5462847236383694E-015  -5.2645229203337043E-017   2.6124170997177981E-017   4.6599878087880426E-017
   1.6656533392767890E-016   1.5042192048337954E-016   5.0358905921608144E-017  0.15673144304633577       0.35303579491828113       -2.3385947236543967E-016  -1.0678343490011684E-016   2.1170205335490840E-017   5.5320041504016809E-015  -6.0208859583176527E-017  -5.1671387249850551E-018   5.7682239094104911E-015  -3.2277843952652109E-017   5.7200871441725685E-015  0.27878734168980290        4.8640348460098719E-016  -2.3442299041872246E-016  -3.8300136006981031E-016  -2.0216620513988585E-016   7.9258388686510649E-017   5.9799616063821345E-017  -1.0834110525563999E-016  -7.5892787008641839E-019  -1.2776757230149271E-016   1.4532006304462491E-016   7.8836060706247161E-017   4.4667279587414977E-017   1.4923734065483622E-016  0.18239324483724936        3.5917890230726362E-015   1.3500696198068195E-018   2.0046696479260076E-017   3.5206998920109522E-015   6.0569112354421066E-018   3.4829887734669771E-015  -1.1858278070572334E-016   5.8844398388160271E-017   1.0496569599621559E-016
  -1.1033691673026204E-031  -9.9643128155268182E-032  -3.3358960584872573E-032  -1.0382270891928767E-016  -2.3385947236543967E-016   1.5491418604649214E-031   7.0735936985911194E-032  -1.4023657433297667E-032  -3.6645337111944156E-030   3.9883808771022121E-032   3.4228380046950936E-033  -3.8210114083550651E-030   2.1381626635362860E-032  -3.7891244476503418E-030  -1.8467549627604284E-016  -3.2220546443974158E-031   1.5528747407140648E-031   2.5370938944563527E-031   1.3391979721229322E-031  -5.2502678837574457E-032  -3.9612715938841944E-032   7.1767775605975909E-032   5.0273222663701698E-034   8.4636338507138165E-032  -9.6263534057771560E-032  -5.2222918541164732E-032  -2.9588689267983138E-032  -9.8858433748453125E-032  -1.2082170877469521E-016  -2.3792881568232405E-030  -8.9431885800054720E-034  -1.3279417919633497E-032  -2.3321969923568974E-030  -4.0122448943531929E-033  -2.3072162328646599E-030   7.8552109804860699E-032  -3.8979956584578875E-032  -6.9531822652227615E-032
  -5.0381345880804042E-032  -4.5498415698061411E-032  -1.5232157842141492E-032  -4.7406869462666808E-017  -1.0678343490011684E-016   7.0735936985911194E-032   3.2298996683061357E-032  -6.4033938648849206E-033  -1.6732762330752672E-030   1.8211492801172270E-032   1.5629146664491457E-033  -1.7447260906288829E-030   9.7631432790887085E-033  -1.7301660680728816E-030  -8.4325358450410588E-017  -1.4712342368881392E-031   7.0906385405657678E-032   1.1584717863846555E-031   6.1149611785274479E-032  -2.3973441533182916E-032  -1.8087708104729594E-032   3.2770148315272899E-032   2.2955441339316968E-034   3.8646110212026899E-032  -4.3955246791330471E-032  -2.3845699153979121E-032  -1.3510600371534891E-032  -4.5140113495208220E-032  -5.5168845388065605E-017  -1.0864155273801959E-030  -4.0835822721783090E-034  -6.0635639197746995E-033  -1.0649130573527917E-030  -1.8320459169170966E-033  -1.0535065007655671E-030   3.5867968138175703E-032  -1.7798781525746275E-032  -3.1749181602822598E-032
   9.9882855273635723E-033   9.0202268139103088E-033   3.0198308335218168E-033   9.3985847315758958E-018   2.1170205335490840E-017  -1.4023657433297667E-032  -6.4033938648849206E-033   1.2694961825346539E-033   3.3173311450726967E-031  -3.6104948527574319E-033  -3.0985353151008616E-034   3.4589830929629740E-031  -1.9355787546210424E-033   3.4301173173407300E-031   1.6717809790009917E-017   2.9167755205345994E-032  -1.4057449454021838E-032  -2.2967125580925851E-032  -1.2123133507464976E-032   4.7528221987857344E-033   3.5859540853290938E-033  -6.4968013939403391E-033  -4.5509999483976458E-035  -7.6617322656074592E-033   8.7142879512637102E-033   4.7274968063190281E-033   2.6785257876251322E-033   8.9491920957102823E-033   1.0937424761431960E-017   2.1538583972146742E-031   8.0958507550584940E-035   1.2021236567879279E-033   2.1112289663365441E-031   3.6320978325393885E-034   2.0886150519828514E-031  -7.1109554694722782E-033   3.5286733375269738E-033   6.2943910204260261E-033
   2.6100472866051773E-030   2.3570830505106863E-030   7.8911453336483784E-031   2.4559520759969159E-015   5.5320041504016809E-015  -3.6645337111944156E-030  -1.6732762330752672E-030   3.3173311450726967E-031   8.6685458983402116E-029  -9.4346144470189802E-031  -8.0968086759970588E-032   9.0386977939988684E-029  -5.0578771128129273E-031   8.9632683930949903E-029   4.3685449280417408E-015   7.6218506290710549E-030  -3.6733639325330431E-030  -6.0015588901009876E-030  -3.1679062066884290E-030   1.2419639636525198E-030   9.3704867613795726E-031  -1.6976846330045330E-030  -1.1892256217660295E-032  -2.0020936982387674E-030   2.2771379091618289E-030   1.2353461640603022E-030   6.9992782494457603E-031   2.3385209085910528E-030   2.8580676576392244E-015   5.6282654815793888E-029   2.1155335656066644E-032   3.1412794317578950E-031   5.5168701574387551E-029   9.4910653750666541E-032   5.4577775477644726E-029  -1.8581697506964735E-030   9.2208059578362019E-031   1.6447926081695947E-030
  -2.8407059415031613E-032  -2.5653864052827697E-032  -8.5885123804467050E-033  -2.6729928189944018E-017  -6.0208859583176527E-017   3.9883808771022121E-032   1.8211492801172270E-032  -3.6104948527574319E-033  -9.4346144470189802E-031   1.0268383049219664E-032   8.8123508838935857E-034  -9.8374779103180906E-031   5.5048587201837846E-033  -9.7553825596279621E-031  -4.7546079323921836E-017  -8.2954191973330986E-032   3.9979914547918039E-032   6.5319368292234121E-032   3.4478647301327060E-032  -1.3517204951751584E-032  -1.0198588184373495E-032   1.8477147324205206E-032   1.2943214886855721E-034   2.1790254503129360E-032  -2.4783762429805402E-032  -1.3445178583808874E-032  -7.6178280031453338E-033  -2.5451838644672303E-032  -3.1106447066841666E-017  -6.1256542270064502E-031  -2.3024903801971976E-034  -3.4188848575700843E-033  -6.0044145235091405E-031  -1.0329822735592921E-033  -5.9400997012213809E-031   2.0223824595877533E-032  -1.0035679584925221E-032  -1.7901484615035785E-032
  -2.4379006309459331E-033  -2.2016207466900260E-033  -7.3706818594882994E-034  -2.2939688282174663E-018  -5.1671387249850551E-018   3.4228380046950936E-033   1.5629146664491457E-033  -3.0985353151008616E-034  -8.0968086759970588E-032   8.8123508838935857E-034   7.5627805983300913E-035  -8.4425470634213705E-032   4.7242829154301383E-034  -8.3720926371743200E-032  -4.0804158955452883E-018  -7.1191485889729722E-033   3.4310858254465833E-033   5.6057238042866302E-033   2.9589657550260028E-033  -1.1600497608373805E-033  -8.7524527640075047E-034   1.5857132011321455E-033   1.1107897962306297E-035   1.8700448513703510E-033  -2.1269484173664676E-033  -1.1538684407194890E-033  -6.5376382060434190E-034  -2.1842828778591354E-033  -2.6695627246307565E-018  -5.2570511036680737E-032  -1.9760027493938493E-035  -2.9340951591037214E-034  -5.1530029002502326E-032  -8.8650785696375115E-035  -5.0978077659902125E-032   1.7356134622065336E-033  -8.6126442144568555E-034  -1.5363096897939196E-033
   2.7214978069376158E-030   2.4577318524670187E-030   8.2281017780651053E-031   2.5608226422070036E-015   5.7682239094104911E-015  -3.8210114083550651E-030  -1.7447260906288829E-030   3.4589830929629740E-031   9.0386977939988684E-029  -9.8374779103180906E-031  -8.4425470634213705E-032   9.4246553884986575E-029  -5.2738513746178640E-031   9.3460051087922212E-029   4.5550843090807537E-015   7.9473080347148289E-030  -3.8302186852236404E-030  -6.2578289065639910E-030  -3.3031776237664731E-030   1.2949965392282853E-030   9.7706119356182098E-031  -1.7701767432738600E-030  -1.2400062398102652E-032  -2.0875842506774670E-030   2.3743730076013298E-030   1.2880961557871875E-030   7.2981514564008989E-031   2.4383770964112182E-030   2.9801087904661750E-015   5.8685956547951401E-029   2.2058680656280304E-032   3.2754138702317533E-031   5.7524436862435838E-029   9.8963393254617058E-032   5.6908277881485131E-029  -1.9375146677958421E-030   9.6145396756731474E-031   1.7150261985571004E-030
  -1.5228965260260655E-032  -1.3752982973141990E-032  -4.6042835609352657E-033  -1.4329858711054006E-017  -3.2277843952652109E-017   2.1381626635362860E-032   9.7631432790887085E-033  -1.9355787546210424E-033  -5.0578771128129273E-031   5.5048587201837846E-033   4.7242829154301383E-034  -5.2738513746178640E-031   2.9511432699704691E-033  -5.2298402284649702E-031  -2.5489353885832235E-017  -4.4471569172216805E-032   2.1433148741761657E-032   3.5017577004757989E-032   1.8483930853288051E-032  -7.2465453610844686E-033  -5.4674418388178648E-033   9.9055601144039110E-033   6.9388304853445170E-035   1.1681709957800151E-032  -1.3286523309144130E-032  -7.2079321755661586E-033  -4.0839016923079861E-033  -1.3644677573503885E-032  -1.6676101346146376E-017  -3.2839504454335393E-031  -1.2343602869909531E-034  -1.8328570361357154E-033  -3.2189540934440819E-031  -5.5377964078095774E-034  -3.1844750514556014E-031   1.0841950154025869E-032  -5.3801068786817684E-033  -9.5969485375601038E-033
   2.6987864657890251E-030   2.4372216810419878E-030   8.1594369325485691E-031   2.5394521614004646E-015   5.7200871441725685E-015  -3.7891244476503418E-030  -1.7301660680728816E-030   3.4301173173407300E-031   8.9632683930949903E-029  -9.7553825596279621E-031  -8.3720926371743200E-032   9.3460051087922212E-029  -5.2298402284649702E-031   9.2680111784421178E-029   4.5170713908118479E-015   7.8809864585852318E-030  -3.7982548882982607E-030  -6.2056063081168464E-030  -3.2756120700862491E-030   1.2841895828112404E-030   9.6890745923454554E-031  -1.7554043308885519E-030  -1.2296581863718530E-032  -2.0701630210984100E-030   2.3545584792735192E-030   1.2773467841905262E-030   7.2372471973352200E-031   2.4180284435685319E-030   2.9552392986636621E-015   5.8196212710424052E-029   2.1874597384048554E-032   3.2480800095833901E-031   5.7044386095305717E-029   9.8137527667035762E-032   5.6433369061110383E-029  -1.9213457932560440E-030   9.5343047807545348E-031   1.7007140264234658E-030
   1.3153427310145922E-016   1.1878604931022180E-016   3.9767711134055914E-017  0.12376858946047926       0.27878734168980290       -1.8467549627604284E-016  -8.4325358450410588E-017   1.6717809790009917E-017   4.3685449280417408E-015  -4.7546079323921836E-017  -4.0804158955452883E-018   4.5550843090807537E-015  -2.5489353885832235E-017   4.5170713908118479E-015  0.22015439512148530        3.8410590770818265E-016  -1.8512049846089293E-016  -3.0245072192228376E-016  -1.5964777430999705E-016   6.2589221281780151E-017   4.7222905542375923E-017  -8.5555428556321029E-017  -5.9931453546990033E-019  -1.0089623304157576E-016   1.1475718511711644E-016   6.2255714887715678E-017   3.5273114839737697E-017   1.1785060348242577E-016  0.14403334903228257        2.8363846614613693E-015   1.0661307601662010E-018   1.5830590839687816E-017   2.7802465866343896E-015   4.7830565809080936E-018   2.7504666531478790E-015  -9.3643133866314811E-017   4.6468583741680601E-017   8.2889915913989978E-017
   2.2948936057575595E-031   2.0724738776254807E-031   6.9383183443575191E-032   2.1594048292447311E-016   4.8640348460098719E-016  -3.2220546443974158E-031  -1.4712342368881392E-031   2.9167755205345994E-032   7.6218506290710549E-030  -8.2954191973330986E-032  -7.1191485889729722E-033   7.9473080347148289E-030  -4.4471569172216805E-032   7.8809864585852318E-030   3.8410590770818265E-016   6.7015399921910754E-031  -3.2298186487476192E-031  -5.2768925651857854E-031  -2.7853930979253931E-031   1.0920013493221546E-031   8.2390346956111684E-032  -1.4926954116384643E-031  -1.0456309696762816E-033  -1.7603481936113586E-031   2.0021818202231392E-031   1.0861826248698023E-031   6.1541409544588201E-032   2.0561530465742021E-031   2.5129664224857078E-016   4.9486729728879347E-030   1.8600906111516864E-033   2.7619814088561475E-032   4.8507282274445923E-030   8.3450538819154558E-033   4.7987708346475352E-030  -1.6338025372835009E-031   8.1074273026266832E-032   1.4461899056990878E-031
  -1.1060278940966289E-031  -9.9883232612158939E-032  -3.3439343801075802E-032  -1.0407288467751105E-016  -2.3442299041872246E-016   1.5528747407140648E-031   7.0906385405657678E-032  -1.4057449454021838E-032  -3.6733639325330431E-030   3.9979914547918039E-032   3.4310858254465833E-033  -3.8302186852236404E-030   2.1433148741761657E-032  -3.7982548882982607E-030  -1.8512049846089293E-016  -3.2298186487476192E-031   1.5566166158753660E-031   2.5432073873071602E-031   1.3424249623601791E-031  -5.2629191597872012E-032  -3.9708168478545869E-032   7.1940710389368899E-032   5.0394363228508204E-034   8.4840281944750976E-032  -9.6495494896328445E-032  -5.2348757178767905E-032  -2.9659987472870165E-032  -9.9096647371245621E-032  -1.2111284606938913E-016  -2.3850213940394637E-030  -8.9647384798995007E-034  -1.3311416588146298E-032  -2.3378167566354692E-030  -4.0219129758266116E-033  -2.3127758024082645E-030   7.8741392417836584E-032  -3.9073884399558568E-032  -6.9699369585203503E-032
  -1.8070334609993306E-031  -1.6318968489521833E-031  -5.4633353720033177E-032  -1.7003475771159597E-016  -3.8300136006981031E-016   2.5370938944563527E-031   1.1584717863846555E-031  -2.2967125580925851E-032  -6.0015588901009876E-030   6.5319368292234121E-032   5.6057238042866302E-033  -6.2578289065639910E-030   3.5017577004757989E-032  -6.2056063081168464E-030  -3.0245072192228376E-016  -5.2768925651857854E-031   2.5432073873071602E-031   4.1551039278971564E-031   2.1932600785325929E-031  -8.5985815321933324E-032  -6.4875388314087523E-032   1.1753706355465056E-031   8.2334542452066483E-034   1.3861244289864936E-031  -1.5765478343181969E-031  -8.5527640278029082E-032  -4.8458623966327255E-032  -1.6190455831039603E-031  -1.9787472501586563E-016  -3.8966589244557070E-030  -1.4646630965413414E-033  -2.1748253652977397E-032  -3.8195357707281701E-030  -6.5710199203268278E-033  -3.7786237445257289E-030   1.2864804913525857E-031  -6.3839092068190981E-032  -1.1387515063884830E-031
  -9.5383759813396191E-032  -8.6139222344345293E-032  -2.8838064161524073E-032  -8.9752375036390617E-017  -2.0216620513988585E-016   1.3391979721229322E-031   6.1149611785274479E-032  -1.2123133507464976E-032  -3.1679062066884290E-030   3.4478647301327060E-032   2.9589657550260028E-033  -3.3031776237664731E-030   1.8483930853288051E-032  -3.2756120700862491E-030  -1.5964777430999705E-016  -2.7853930979253931E-031   1.3424249623601791E-031   2.1932600785325929E-031   1.1577062464763114E-031  -4.5387374019574773E-032  -3.4244293701842119E-032   6.2041612849098345E-032   4.3460059766965721E-034   7.3166193354721530E-032  -8.3217639965435337E-032  -4.5145527594018900E-032  -2.5578750195005690E-032  -8.5460871842585851E-032  -1.0444762452609691E-016  -2.0568406006132477E-030  -7.7311835128268377E-034  -1.1479755342489371E-032  -2.0161313579236807E-030  -3.4684946313217609E-033  -1.9945360584176331E-030   6.7906515756456393E-032  -3.3697287604016704E-032  -6.0108682277766851E-032
   3.7394791599515496E-032   3.3770510560842085E-032   1.1305838662298086E-032   3.5187031488519826E-017   7.9258388686510649E-017  -5.2502678837574457E-032  -2.3973441533182916E-032   4.7528221987857344E-033   1.2419639636525198E-030  -1.3517204951751584E-032  -1.1600497608373805E-033   1.2949965392282853E-030  -7.2465453610844686E-033   1.2841895828112404E-030   6.2589221281780151E-017   1.0920013493221546E-031  -5.2629191597872012E-032  -8.5985815321933324E-032  -4.5387374019574773E-032   1.7793924207136273E-032   1.3425327633951570E-032  -2.4323146702632054E-032  -1.7038328967819973E-034  -2.8684490504277692E-032   3.2625116791358797E-032   1.7699109359195257E-032   1.0028038680689189E-032   3.3504566172674250E-032   4.0948240663388974E-017   8.0637548534286560E-031   3.0309771479480531E-034   4.5005885644017559E-033   7.9041560234466317E-031   1.3598083589497939E-033   7.8194925832407070E-031  -2.6622456589358124E-032   1.3210876252795457E-032   2.3565349609786462E-032
   2.8213974791771492E-032   2.5479493076816516E-032   8.5301357053704410E-033   2.6548243136277593E-017   5.9799616063821345E-017  -3.9612715938841944E-032  -1.8087708104729594E-032   3.5859540853290938E-033   9.3704867613795726E-031  -1.0198588184373495E-032  -8.7524527640075047E-034   9.7706119356182098E-031  -5.4674418388178648E-033   9.6890745923454554E-031   4.7222905542375923E-017   8.2390346956111684E-032  -3.9708168478545869E-032  -6.4875388314087523E-032  -3.4244293701842119E-032   1.3425327633951570E-032   1.0129267719745507E-032  -1.8351556956758441E-032  -1.2855239016714059E-034  -2.1642144731540241E-032   2.4615305590897425E-032   1.3353790833898160E-032   7.5660491326695888E-033   2.5278840848449035E-032   3.0895014530826207E-017   6.0840177583610037E-031   2.2868402039109056E-034   3.3956464756929251E-033   5.9636021289831563E-031   1.0259610261217964E-033   5.8997244587092683E-031  -2.0086361949852741E-032   9.9674664206020867E-033   1.7779807064318868E-032
  -5.1116268193644916E-032  -4.6162109775915632E-032  -1.5454352237213601E-032  -4.8098402520010621E-017  -1.0834110525563999E-016   7.1767775605975909E-032   3.2770148315272899E-032  -6.4968013939403391E-033  -1.6976846330045330E-030   1.8477147324205206E-032   1.5857132011321455E-033  -1.7701767432738600E-030   9.9055601144039110E-033  -1.7554043308885519E-030  -8.5555428556321029E-017  -1.4926954116384643E-031   7.1940710389368899E-032   1.1753706355465056E-031   6.2041612849098345E-032  -2.4323146702632054E-032  -1.8351556956758441E-032   3.3248172726311407E-032   2.3290296745547824E-034   3.9209848401286893E-032  -4.4596430369669219E-032  -2.4193540920950001E-032  -1.3707682079046408E-032  -4.5798580950410480E-032  -5.5973603870407099E-017  -1.1022632781325770E-030  -4.1431502665555444E-034  -6.1520142845291904E-033  -1.0804471474689184E-030  -1.8587703205421374E-033  -1.0688742012626379E-030   3.6391181038509403E-032  -1.8058415750596046E-032  -3.2212312977469764E-032
  -3.5806871690511538E-034  -3.2336490908290143E-034  -1.0825751315051516E-034  -3.3692861165610646E-019  -7.5892787008641839E-019   5.0273222663701698E-034   2.2955441339316968E-034  -4.5509999483976458E-035  -1.1892256217660295E-032   1.2943214886855721E-034   1.1107897962306297E-035  -1.2400062398102652E-032   6.9388304853445170E-035  -1.2296581863718530E-032  -5.9931453546990033E-019  -1.0456309696762816E-033   5.0394363228508204E-034   8.2334542452066483E-034   4.3460059766965721E-034  -1.7038328967819973E-034  -1.2855239016714059E-034   2.3290296745547824E-034   1.6314819071738331E-036   2.7466441904376746E-034  -3.1239734756304236E-034  -1.6947540305833598E-034  -9.6022114039960789E-035  -3.2081839493571185E-034  -3.9209428283193143E-019  -7.7213382674447272E-033  -2.9022707492466604E-036  -4.3094770786048494E-035  -7.5685165887381074E-033  -1.3020659121210664E-035  -7.4874482685079151E-033   2.5491969507157535E-034  -1.2649894027199279E-034  -2.2564678494707876E-034
  -6.0281842951514747E-032  -5.4439362460507164E-032  -1.8225446954614052E-032  -5.6722848701433561E-017  -1.2776757230149271E-016   8.4636338507138165E-032   3.8646110212026899E-032  -7.6617322656074592E-033  -2.0020936982387674E-030   2.1790254503129360E-032   1.8700448513703510E-033  -2.0875842506774670E-030   1.1681709957800151E-032  -2.0701630210984100E-030  -1.0089623304157576E-016  -1.7603481936113586E-031   8.4840281944750976E-032   1.3861244289864936E-031   7.3166193354721530E-032  -2.8684490504277692E-032  -2.1642144731540241E-032   3.9209848401286893E-032   2.7466441904376746E-034   4.6240502427228060E-032  -5.2592943631139233E-032  -2.8531645321069710E-032  -1.6165584216515680E-032  -5.4010649873656492E-032  -6.6010139573641227E-017  -1.2999083104402143E-030  -4.8860517897525044E-034  -7.2551219414247245E-033  -1.2741803649357751E-030  -2.1920633979259972E-033  -1.2605322926029036E-030   4.2916424412537663E-032  -2.1296440853362841E-032  -3.7988250328772853E-032
   6.8563259521664676E-032   6.1918149044909595E-032   2.0729227712108908E-032   6.4515336723406967E-017   1.4532006304462491E-016  -9.6263534057771560E-032  -4.3955246791330471E-032   8.7142879512637102E-033   2.2771379091618289E-030  -2.4783762429805402E-032  -2.1269484173664676E-033   2.3743730076013298E-030  -1.3286523309144130E-032   2.3545584792735192E-030   1.1475718511711644E-016   2.0021818202231392E-031  -9.6495494896328445E-032  -1.5765478343181969E-031  -8.3217639965435337E-032   3.2625116791358797E-032   2.4615305590897425E-032  -4.4596430369669219E-032  -3.1239734756304236E-034  -5.2592943631139233E-032   5.9818072352074171E-032   3.2451273998076018E-032   1.8386384551112009E-032   6.1430540655496414E-032   7.5078499744758498E-017   1.4784874927391640E-030   5.5572892349449532E-034   8.2518181955936319E-033   1.4492250860473362E-030   2.4932053215563758E-033   1.4337020648603138E-030  -4.8812209459246263E-032   2.4222109504702997E-032   4.3207011241519606E-032
   3.7195533614710094E-032   3.3590564541827764E-032   1.1245595550034994E-032   3.4999537543887776E-017   7.8836060706247161E-017  -5.2222918541164732E-032  -2.3845699153979121E-032   4.7274968063190281E-033   1.2353461640603022E-030  -1.3445178583808874E-032  -1.1538684407194890E-033   1.2880961557871875E-030  -7.2079321755661586E-033   1.2773467841905262E-030   6.2255714887715678E-017   1.0861826248698023E-031  -5.2348757178767905E-032  -8.5527640278029082E-032  -4.5145527594018900E-032   1.7699109359195257E-032   1.3353790833898160E-032  -2.4193540920950001E-032  -1.6947540305833598E-034  -2.8531645321069710E-032   3.2451273998076018E-032   1.7604799731760153E-032   9.9746043200845257E-033   3.3326037237178515E-032   4.0730048140662915E-017   8.0207871706757512E-031   3.0148265993647263E-034   4.4766071977615805E-033   7.8620387623668853E-031   1.3525626260084881E-033   7.7778264509347970E-031  -2.6480598944919918E-032   1.3140482155996167E-032   2.3439781746626031E-032
   2.1074407885016157E-032   1.9031888763184147E-032   6.3715786413031490E-033   1.9830190840308946E-017   4.4667279587414977E-017  -2.9588689267983138E-032  -1.3510600371534891E-032   2.6785257876251322E-033   6.9992782494457603E-031  -7.6178280031453338E-033  -6.5376382060434190E-034   7.2981514564008989E-031  -4.0839016923079861E-033   7.2372471973352200E-031   3.5273114839737697E-017   6.1541409544588201E-032  -2.9659987472870165E-032  -4.8458623966327255E-032  -2.5578750195005690E-032   1.0028038680689189E-032   7.5660491326695888E-033  -1.3707682079046408E-032  -9.6022114039960789E-035  -1.6165584216515680E-032   1.8386384551112009E-032   9.9746043200845257E-033   5.6514548792485164E-033   1.8882011727606479E-032   2.3077008561942216E-017   4.5444526255398632E-031   1.7081536217692906E-034   2.5363756574610996E-033   4.4545082590346586E-031   7.6634083989209121E-034   4.4067948798304955E-031  -1.5003493402876417E-032   7.4451917703291210E-033   1.3280613914053228E-032
   7.0411464895239608E-032   6.3587227449072330E-032   2.1288009052361150E-032   6.6254425454632172E-017   1.4923734065483622E-016  -9.8858433748453125E-032  -4.5140113495208220E-032   8.9491920957102823E-033   2.3385209085910528E-030  -2.5451838644672303E-032  -2.1842828778591354E-033   2.4383770964112182E-030  -1.3644677573503885E-032   2.4180284435685319E-030   1.1785060348242577E-016   2.0561530465742021E-031  -9.9096647371245621E-032  -1.6190455831039603E-031  -8.5460871842585851E-032   3.3504566172674250E-032   2.5278840848449035E-032  -4.5798580950410480E-032  -3.2081839493571185E-034  -5.4010649873656492E-032   6.1430540655496414E-032   3.3326037237178515E-032   1.8882011727606479E-032   6.3086474987282755E-032   7.7102331278385641E-017   1.5183419067198823E-030   5.7070926704611708E-034   8.4742559098630431E-033   1.4882906965541695E-030   2.5604126787455432E-033   1.4723492336044284E-030  -5.0128001451167799E-032   2.4875045687408356E-032   4.4371708353497723E-032
   8.6054706547537556E-017   7.7714335391868756E-017   2.6017543800684588E-017   8.0974101993999875E-002  0.18239324483724936       -1.2082170877469521E-016  -5.5168845388065605E-017   1.0937424761431960E-017   2.8580676576392244E-015  -3.1106447066841666E-017  -2.6695627246307565E-018   2.9801087904661750E-015  -1.6676101346146376E-017   2.9552392986636621E-015  0.14403334903228257        2.5129664224857078E-016  -1.2111284606938913E-016  -1.9787472501586563E-016  -1.0444762452609691E-016   4.0948240663388974E-017   3.0895014530826207E-017  -5.5973603870407099E-017  -3.9209428283193143E-019  -6.6010139573641227E-017   7.5078499744758498E-017   4.0730048140662915E-017   2.3077008561942216E-017   7.7102331278385641E-017   9.4232075730341522E-002   1.8556703431182527E-015   6.9750314913465509E-019   1.0356972498967329E-017   1.8189426869608872E-015   3.1292568907331278E-018   1.7994595258291101E-015  -6.1264887204277239E-017   3.0401508620384327E-017   5.4229724478169771E-017
   1.6946370499465896E-030   1.5303938314435495E-030   5.1235191475427727E-031   1.5945869648557042E-015   3.5917890230726362E-015  -2.3792881568232405E-030  -1.0864155273801959E-030   2.1538583972146742E-031   5.6282654815793888E-029  -6.1256542270064502E-031  -5.2570511036680737E-032   5.8685956547951401E-029  -3.2839504454335393E-031   5.8196212710424052E-029   2.8363846614613693E-015   4.9486729728879347E-030  -2.3850213940394637E-030  -3.8966589244557070E-030  -2.0568406006132477E-030   8.0637548534286560E-031   6.0840177583610037E-031  -1.1022632781325770E-030  -7.7213382674447272E-033  -1.2999083104402143E-030   1.4784874927391640E-030   8.0207871706757512E-031   4.5444526255398632E-031   1.5183419067198823E-030   1.8556703431182527E-015   3.6542890471634252E-029   1.3735619193879307E-032   2.0395525156235839E-031   3.5819629079213036E-029   6.1623063729903194E-032   3.5435955855183744E-029  -1.2064621667126909E-030   5.9868338350458455E-031   1.0679218371203856E-030
   6.3697449461403830E-034   5.7523930411820068E-034   1.9258112052691542E-034   5.9936800395642709E-019   1.3500696198068195E-018  -8.9431885800054720E-034  -4.0835822721783090E-034   8.0958507550584940E-035   2.1155335656066644E-032  -2.3024903801971976E-034  -1.9760027493938493E-035   2.2058680656280304E-032  -1.2343602869909531E-034   2.1874597384048554E-032   1.0661307601662010E-018   1.8600906111516864E-033  -8.9647384798995007E-034  -1.4646630965413414E-033  -7.7311835128268377E-034   3.0309771479480531E-034   2.2868402039109056E-034  -4.1431502665555444E-034  -2.9022707492466604E-036  -4.8860517897525044E-034   5.5572892349449532E-034   3.0148265993647263E-034   1.7081536217692906E-034   5.7070926704611708E-034   6.9750314913465509E-019   1.3735619193879307E-032   5.1628985065019719E-036   7.6662016383925287E-035   1.3463762125767955E-032   2.3162670659868371E-035   1.3319548320233195E-032  -4.5348095566362985E-034   2.2503110365353703E-034   4.0140688090614574E-034
   9.4582043557019284E-033   8.5415207952375108E-033   2.8595675468879066E-033   8.8997991499236251E-018   2.0046696479260076E-017  -1.3279417919633497E-032  -6.0635639197746995E-033   1.2021236567879279E-033   3.1412794317578950E-031  -3.4188848575700843E-033  -2.9340951591037214E-034   3.2754138702317533E-031  -1.8328570361357154E-033   3.2480800095833901E-031   1.5830590839687816E-017   2.7619814088561475E-032  -1.3311416588146298E-032  -2.1748253652977397E-032  -1.1479755342489371E-032   4.5005885644017559E-033   3.3956464756929251E-033  -6.1520142845291904E-033  -4.3094770786048494E-035  -7.2551219414247245E-033   8.2518181955936319E-033   4.4766071977615805E-033   2.5363756574610996E-033   8.4742559098630431E-033   1.0356972498967329E-017   2.0395525156235839E-031   7.6662016383925287E-035   1.1383266102651178E-033   1.9991854408430283E-031   3.4393413610320725E-034   1.9777716533963627E-031  -6.7335750274970102E-033   3.3414056335708553E-033   5.9603458874686947E-033
   1.6610965845763326E-030   1.5001040880982088E-030   5.0221138250594578E-031   1.5630267031015475E-015   3.5206998920109522E-015  -2.3321969923568974E-030  -1.0649130573527917E-030   2.1112289663365441E-031   5.5168701574387551E-029  -6.0044145235091405E-031  -5.1530029002502326E-032   5.7524436862435838E-029  -3.2189540934440819E-031   5.7044386095305717E-029   2.7802465866343896E-015   4.8507282274445923E-030  -2.3378167566354692E-030  -3.8195357707281701E-030  -2.0161313579236807E-030   7.9041560234466317E-031   5.9636021289831563E-031  -1.0804471474689184E-030  -7.5685165887381074E-033  -1.2741803649357751E-030   1.4492250860473362E-030   7.8620387623668853E-031   4.4545082590346586E-031   1.4882906965541695E-030   1.8189426869608872E-015   3.5819629079213036E-029   1.3463762125767955E-032   1.9991854408430283E-031   3.5110682565418434E-029   6.0403412457020244E-032   3.4734603049129956E-029  -1.1825837188028993E-030   5.8683416818569560E-031   1.0467853964901004E-030
   2.8577029780655892E-033   2.5807360991353737E-033   8.6399007543063629E-034   2.6889863634200223E-018   6.0569112354421066E-018  -4.0122448943531929E-033  -1.8320459169170966E-033   3.6320978325393885E-034   9.4910653750666541E-032  -1.0329822735592921E-033  -8.8650785696375115E-035   9.8963393254617058E-032  -5.5377964078095774E-034   9.8137527667035762E-032   4.7830565809080936E-018   8.3450538819154558E-033  -4.0219129758266116E-033  -6.5710199203268278E-033  -3.4684946313217609E-033   1.3598083589497939E-033   1.0259610261217964E-033  -1.8587703205421374E-033  -1.3020659121210664E-035  -2.1920633979259972E-033   2.4932053215563758E-033   1.3525626260084881E-033   7.6634083989209121E-034   2.5604126787455432E-033   3.1292568907331278E-018   6.1623063729903194E-032   2.3162670659868371E-035   3.4393413610320725E-034   6.0403412457020244E-032   1.0391630039247647E-034   5.9756416030884582E-032  -2.0344831519215175E-033   1.0095726916942811E-033   1.8008596084786331E-033
   1.6433041534872485E-030   1.4840360888850576E-030   4.9683206772174867E-031   1.5462847236383694E-015   3.4829887734669771E-015  -2.3072162328646599E-030  -1.0535065007655671E-030   2.0886150519828514E-031   5.4577775477644726E-029  -5.9400997012213809E-031  -5.0978077659902125E-032   5.6908277881485131E-029  -3.1844750514556014E-031   5.6433369061110383E-029   2.7504666531478790E-015   4.7987708346475352E-030  -2.3127758024082645E-030  -3.7786237445257289E-030  -1.9945360584176331E-030   7.8194925832407070E-031   5.8997244587092683E-031  -1.0688742012626379E-030  -7.4874482685079151E-033  -1.2605322926029036E-030   1.4337020648603138E-030   7.7778264509347970E-031   4.4067948798304955E-031   1.4723492336044284E-030   1.7994595258291101E-015   3.5435955855183744E-029   1.3319548320233195E-032   1.9777716533963627E-031   3.4734603049129956E-029   5.9756416030884582E-032   3.4362551816891731E-029  -1.1699167616137483E-030   5.8054843706378917E-031   1.0355730099226691E-030
  -5.5948379033048376E-032  -5.0525895296660413E-032  -1.6915279366684358E-032  -5.2645229203337043E-017  -1.1858278070572334E-016   7.8552109804860699E-032   3.5867968138175703E-032  -7.1109554694722782E-033  -1.8581697506964735E-030   2.0223824595877533E-032   1.7356134622065336E-033  -1.9375146677958421E-030   1.0841950154025869E-032  -1.9213457932560440E-030  -9.3643133866314811E-017  -1.6338025372835009E-031   7.8741392417836584E-032   1.2864804913525857E-031   6.7906515756456393E-032  -2.6622456589358124E-032  -2.0086361949852741E-032   3.6391181038509403E-032   2.5491969507157535E-034   4.2916424412537663E-032  -4.8812209459246263E-032  -2.6480598944919918E-032  -1.5003493402876417E-032  -5.0128001451167799E-032  -6.1264887204277239E-017  -1.2064621667126909E-030  -4.5348095566362985E-034  -6.7335750274970102E-033  -1.1825837188028993E-030  -2.0344831519215175E-033  -1.1699167616137483E-030   3.9831303460762786E-032  -1.9765509589299989E-032  -3.5257399643636849E-032
   2.7763294851067641E-032   2.5072492768856616E-032   8.3938783689878571E-033   2.6124170997177981E-017   5.8844398388160271E-017  -3.8979956584578875E-032  -1.7798781525746275E-032   3.5286733375269738E-033   9.2208059578362019E-031  -1.0035679584925221E-032  -8.6126442144568555E-034   9.6145396756731474E-031  -5.3801068786817684E-033   9.5343047807545348E-031   4.6468583741680601E-017   8.1074273026266832E-032  -3.9073884399558568E-032  -6.3839092068190981E-032  -3.3697287604016704E-032   1.3210876252795457E-032   9.9674664206020867E-033  -1.8058415750596046E-032  -1.2649894027199279E-034  -2.1296440853362841E-032   2.4222109504702997E-032   1.3140482155996167E-032   7.4451917703291210E-033   2.4875045687408356E-032   3.0401508620384327E-017   5.9868338350458455E-031   2.2503110365353703E-034   3.3414056335708553E-033   5.8683416818569560E-031   1.0095726916942811E-033   5.8054843706378917E-031  -1.9765509589299989E-032   9.8082496775320995E-033   1.7495798786413619E-032
   4.9523720983046212E-032   4.4723911297096992E-032   1.4972865884302488E-032   4.6599878087880426E-017   1.0496569599621559E-016  -6.9531822652227615E-032  -3.1749181602822598E-032   6.2943910204260261E-033   1.6447926081695947E-030  -1.7901484615035785E-032  -1.5363096897939196E-033   1.7150261985571004E-030  -9.5969485375601038E-033   1.7007140264234658E-030   8.2889915913989978E-017   1.4461899056990878E-031  -6.9699369585203503E-032  -1.1387515063884830E-031  -6.0108682277766851E-032   2.3565349609786462E-032   1.7779807064318868E-032  -3.2212312977469764E-032  -2.2564678494707876E-034  -3.7988250328772853E-032   4.3207011241519606E-032   2.3439781746626031E-032   1.3280613914053228E-032   4.4371708353497723E-032   5.4229724478169771E-017   1.0679218371203856E-030   4.0140688090614574E-034   5.9603458874686947E-033   1.0467853964901004E-030   1.8008596084786331E-033   1.0355730099226691E-030  -3.5257399643636849E-032   1.7495798786413619E-032   3.1208725841866238E-032
