   3.2625069822103049E-005   5.1291383046919108E-011   4.5203971024943943E-011   5.1563152631013071E-010   3.5696499898547486E-011  -1.1169077027208440E-010  -1.1609589365347690E-010   7.6661130830304735E-011  -3.8453362123843351E-011  -1.1235762896208591E-010   1.4162074936709917E-003   1.6023197381525039E-009   2.5774115224328558E-010   1.1610339426210155E-010   1.9034518728150256E-012  -1.5057890168233947E-010  -1.1005502053429412E-010   1.8527780836431909E-010  -4.9401840964892854E-011  -1.8718120268009257E-010   3.6678877229985515E-003   2.7231649092563792E-009   1.8519612154180550E-009  -2.8379031224982538E-010   5.3626422439418487E-012  -9.5153155810602977E-012   3.1520481397517640E-012  -1.8793653360089617E-011   1.2045655817008865E-011   1.1595667899362655E-011  -2.0218923668718257E-011  -2.8618124065136350E-011   3.6641827238580580E-011   1.8981261509207493E-011  -4.8607359295299276E-012  -8.0115388420407054E-011  -5.5274586980135043E-011   8.7123694586312758E-011  -2.2887978934371575E-011  -8.2262721555592928E-011  -1.5569258784823901E-010   3.2675825821150985E-003   2.4252083106674043E-009   1.6752551289306473E-009  -3.2131268208661046E-012   1.0483895700396396E-011   1.1639878627259276E-011  -8.4765229706549313E-012   3.3532701698483220E-012   1.4120638910911893E-011  -9.3402689007454241E-012  -3.6775046788924861E-012  -1.5343377839965563E-012  -8.8988294146415096E-012   5.1705642701788474E-012  -1.2431553399664945E-012  -6.0632425929631103E-013  -1.2562246903030479E-012  -7.6934428551381051E-012  -1.5716980034636556E-011   3.8219680813986934E-012  -2.7216057327397346E-011   1.0956956289529352E-011   3.5963484115114263E-012   1.0125025758361815E-011  -1.7935091463289568E-011  -2.0115451066392555E-011   2.0240405954224065E-011   3.5278809530262688E-011  -1.1505359461634979E-011  -2.9133707522537129E-011  -1.1264775645546751E-011   2.4711852064255058E-011  -3.6358507787782966E-012  -1.3206677177660937E-011  -5.2191893356411644E-011   2.7424317252674199E-004   1.9198913598302059E-010   1.3285073555041544E-010   6.1328713612351943E-011   8.7050119550127902E-011   6.2884639609532904E-011  -1.2085337573568781E-010   3.8117208991044100E-011   5.9524669179374806E-011   1.7086266959678644E-010  -2.2509940445849894E-003  -1.7171462794910310E-009  -1.2307782459772321E-009  -6.3978387972364408E-004  -4.8041550696069383E-010  -3.2246570975500662E-010  -9.8439086179119542E-012   3.1298545442144878E-012  -1.8812707267613598E-011   8.1516235228651809E-012  -8.6328418747255060E-013   5.0543709509088592E-012  -1.2856430931890006E-011  -1.3578033132373696E-011   1.4118821016095930E-011   2.4142628207854489E-011   5.3420926029654101E-011   1.1567135473142954E-011  -4.0375595554586543E-012   1.0254185649900460E-012  -7.5809983522696858E-012   3.3323738762332286E-012   1.7359657607098211E-013   2.0841433385804247E-012  -5.1020899836118720E-012  -5.7345264671425772E-012   5.8197359741548558E-012   9.9248017580013545E-012
   5.1291383046919108E-011   3.2624823633348404E-005  -3.1954610938107404E-010  -9.6830213962991927E-010  -9.3059251022859240E-011   7.6339782477520403E-011  -4.7735418925189346E-011   8.1408674713521101E-011   3.2346459524719968E-011   1.1650525246986301E-011   1.3528994249065813E-009   1.4162028865611917E-003  -8.1398958092838040E-009  -3.1394060599329798E-010  -1.7521646330156841E-010   9.5231068090408579E-011  -3.8904236876911078E-011   2.4184137011144622E-010   1.3184906328612195E-010  -6.6624832902763462E-011   2.7460213384861244E-009   3.6678735811918163E-003  -2.0919053476916551E-008   2.3460144071686884E-010   5.9795481166248076E-011  -2.0426606315494524E-011  -5.2535100888516374E-011   4.9918072184148530E-011   1.4423963516726625E-011  -1.3014244444856194E-010   4.2190434517128417E-011  -4.1455979901213688E-011  -3.6179537891651776E-011   7.0056750335941479E-011  -7.3305430432784065E-011   3.6771496460330719E-011  -1.9769474610792171E-011   9.4355921876399205E-011   5.6225262010028345E-011  -2.1050701410086607E-011  -4.3587402300921186E-011   2.3730881925642679E-009   3.2675699788192584E-003  -1.8583927743628859E-008  -5.3691552174959679E-012   1.3708500188090246E-012  -9.9146596263245765E-013   1.0866659271038159E-011   7.6229786278220849E-012  -1.4349359279085466E-012  -9.4594409714287754E-012   3.7590885168460443E-012   1.0851990986692755E-011  -1.8103932666993243E-012  -7.0857471883576087E-012  -1.9909998452799416E-012   1.5805729867115352E-012  -3.6908302808107226E-012  -8.2688724811487571E-014   1.5904092339818066E-011   3.7601619482022238E-012  -4.6598290256161880E-012   1.4791215049086227E-011  -2.0042847258288379E-011  -3.6129079283135084E-011  -1.1221495473200697E-011  -5.1444602159721454E-011   1.1294927150512233E-011   4.1817792468861419E-011  -1.1131040057033256E-011  -1.9725296743047415E-013  -5.9867140150363776E-012   1.0606398115523664E-011   1.2244975775136474E-011   5.2509808829648967E-013   7.3649278509378502E-011   1.9740730894823270E-010   2.7424216395624963E-004  -1.5016470464213129E-009   7.5419337226611875E-011   1.6813855841072749E-011   1.2248472663734224E-011  -8.6919073989952848E-011  -7.8840011294936116E-011   1.1499665227672679E-011   3.7142437932071320E-011  -1.6795450135741446E-009  -2.2509850107124965E-003   1.3281586991599594E-008  -4.7274680693294685E-010  -6.3978142082251569E-004   3.6460804027614184E-009   1.2250087971837937E-011   2.8551102979998738E-013  -4.0378189010993998E-012   1.2479386695910676E-011  -1.3194196732275970E-011  -2.8914650627322845E-011  -2.0511752601925226E-012  -3.9385425594653823E-011   2.4665329605302787E-012   3.2365776077173145E-011   1.3988878520133260E-011   8.8945479279864390E-012   4.8434904336370959E-012   7.8644182146507876E-013  -1.3022527614242137E-012   4.3412154128155611E-012  -5.4593442422430840E-012  -1.0839456885652510E-011  -1.8958936298483043E-012  -1.5712921646923865E-011   1.7571977207453872E-012   1.2682362665780372E-011
   4.5203971024943943E-011  -3.1954610938107404E-010   3.2624680192882682E-005  -1.3562627814795734E-009  -1.1603223487153907E-010  -2.9148414360084458E-011  -1.6103529337094898E-010   3.2386231878379008E-011  -2.0744662357927929E-012   8.3645959188722462E-011   6.7692853641564522E-010  -5.9325095428996306E-009   1.4161999727050963E-003  -4.2309634434005904E-010  -2.2562484768024542E-010  -4.2933006255938287E-011  -3.2759782110846198E-010  -1.8842887949050417E-011  -9.2684746886854139E-012   2.4446782767438205E-010   3.6946171563166689E-009  -1.4885046586639934E-008   3.6678654392308554E-003   4.6301821767741312E-010   2.7268165615505443E-011  -9.0817910752733580E-011  -4.5714642966186945E-011   6.6701137772647623E-011   3.2796453638002293E-011  -1.0328534912079036E-010   1.2428330677166836E-010   2.1285540653208838E-011  -7.5925546482944364E-011   1.8210639102691360E-011  -1.0062236220455378E-010  -2.3410450966719156E-011  -1.5413450899674551E-010  -8.1072253468339154E-012  -1.4132883239044493E-011   1.0872922295520694E-010   1.3158663294856128E-010   3.2285065132404668E-009  -1.3250082533625783E-008   3.2675627403045016E-003  -6.0693484181707574E-012  -1.6575158864050288E-012  -7.3296069402071167E-012  -1.9496809890481271E-012   6.3362126207519498E-012   1.2611292934007452E-011  -9.7126990409923055E-013  -8.2698134512036413E-012   3.5268867076189549E-012   1.3493560603973710E-011   2.1065377364425162E-012  -4.9385507882204939E-012  -1.7505165177593314E-012   2.1581732211070429E-013  -6.1825802897389746E-012   2.3434851059546226E-012  -1.8154345368469369E-011  -1.2539161250935113E-011   1.1836093563750374E-011   2.4193003794660418E-011  -1.4980379034053383E-011   2.9230909131961286E-011   3.2401050537603845E-011  -2.1062827446010917E-011  -1.4802519975260479E-011  -2.4444386115207054E-011  -4.0138667712637345E-012  -4.5213153128798512E-011  -1.6232108704545452E-012  -1.6513488319599761E-011   2.6067685123261393E-011   1.0736402798527789E-010   2.6884407871826943E-010  -1.0693131076619114E-009   2.7424156861474697E-004   1.0402598313558935E-010   3.7238523140855623E-011   2.0336647899256122E-010   1.2195133764981819E-011  -1.3181521742865206E-011  -1.1622123282847595E-010  -1.1729149147563586E-010  -2.3426849672528406E-009   9.4663315435396524E-009  -2.2509798040819574E-003  -6.3000905684715832E-010   2.5999377774162778E-009  -6.3978000004082992E-004   3.6522288201020663E-012  -1.4253975741822617E-011  -9.4586673741650672E-012   1.0828526306772136E-011   1.7562818746622120E-011  -1.5728548935186266E-011   2.7059782063052797E-011   2.4054787297717910E-011  -2.2050483267793505E-011  -1.0879264847154711E-011  -3.3768285957143788E-011  -3.2712181833392553E-012   8.5753527450261302E-013  -5.2755495334265485E-012  -3.3230638680527754E-012   3.7042238853538734E-012   6.9137361628301426E-012  -4.8547497540719169E-012   9.6981268047290196E-012   9.7735286621977607E-012  -7.7358345987034509E-012  -4.8079181096449317E-012
   5.1563152631013071E-010  -9.6830213962991927E-010  -1.3562627814795734E-009   1.2428148680911765E-006  -5.1590125669362073E-012   4.5626740747071626E-012  -6.3580885337865625E-012   1.6161120092729685E-012  -2.3334864158010164E-012   3.5431680993696099E-012   2.2399452099023908E-008  -4.2050860658408774E-008  -5.8904913090881473E-008   1.5756334317959945E-004  -2.0121985179855008E-011   1.1648689835364611E-011  -6.6151052970959795E-012   9.5783596362373583E-012   1.0945662578502990E-011   1.0544487573293596E-011   5.7968778281805681E-008  -1.0880437126428461E-007  -1.5242433756088814E-007   8.1401865977088182E-004   5.7021656336355039E-012  -1.0387487355575213E-011  -1.0943501383877691E-011   7.9195625397119667E-012  -2.0665559674395342E-012  -1.5569776155938633E-011   1.2979264759299700E-011   1.6734619261857530E-012  -7.0259808253433684E-012   6.9094965689030824E-012  -1.2889345100009416E-011   1.2093891576630701E-011   1.0910811243703985E-011   9.2379651192842071E-012   1.5019857818525184E-011   3.6511691939657946E-012   1.0137633344567906E-003   5.1622436877789048E-008  -9.6893152441579718E-008  -1.3573333044101882E-007   1.2002649384746137E-013  -8.3686122146676883E-014   2.5302117659141996E-013   5.1805340893466533E-014  -6.7879220465182369E-013  -2.6396063734245348E-013   1.4258777127513566E-013   1.0329674102867492E-013  -7.9025798043501568E-014  -3.3001384619875549E-013  -7.5377130120549061E-013  -1.7939897516980425E-013   1.2713302187869767E-012   6.8534112562917075E-013  -5.7395410887901166E-013   6.8122352998174988E-013   1.2225771260279423E-012   1.5112858337455023E-012  -2.9460955092498866E-012   6.8874070521844828E-013   2.0321627082373275E-012   9.5816101723346654E-013  -9.0768591371086449E-013  -2.5080673173101283E-012  -4.4978522903492550E-013  -1.1704285223081987E-010   1.2104214508972345E-010  -4.3934144542004279E-011   7.5173586953231551E-011  -8.9594468119415003E-012   4.1865527646561560E-011   5.8684148040236905E-005   4.0807000427293395E-009  -7.8364405994444784E-009  -1.0929480072193969E-008  -8.3031617480506031E-010   8.7827334284334609E-010  -3.3324126465027644E-010   5.3650835232464318E-010  -1.0912176196465278E-010   2.9380731767967276E-010  -8.3532414625410196E-004  -3.7221575747225858E-008   6.8767100059836527E-008   9.6620630514600411E-008  -1.0108940354453232E-008   1.8976627491888859E-008   2.6582628286459437E-008   1.0212748678685833E-012  -6.9591481550340154E-014   8.4425544425703152E-014  -1.4431928056773671E-012   3.2224986822284249E-013   7.3020499824232008E-014   1.7598890025446258E-012  -4.7646056037633464E-013  -2.2915541639526041E-012   2.9223525171048815E-013  -2.2732807853391584E-004  -9.7812875653523369E-005   3.4869751123214881E-013   1.3511206953019762E-013   2.1231154389948595E-013  -7.3515645959026744E-013   1.7642243875915586E-013   2.6733987721737323E-013   5.6246792420129011E-013  -2.3558719282132639E-013  -8.8974490749567171E-013   1.7361201735107610E-014
   3.5696499898547486E-011  -9.3059251022859240E-011  -1.1603223487153907E-010  -5.1590125669362073E-012   7.0729263691549335E-010  -4.3799938043146780E-016   6.2365402652621765E-015  -3.5364929622981644E-010   1.1287818796560807E-015  -3.5364333756770071E-010   1.5499254245605924E-009  -4.0399300478715131E-009  -5.0371717200985988E-009  -6.5885610085631219E-010   7.2532456164989766E-008  -1.2500845938849223E-013   1.2731084805818044E-013  -3.6266385235153494E-008   9.9362024703702910E-014  -3.6266070911309888E-008   4.0138992408014411E-009  -1.0462962367139339E-008  -1.3045743932921874E-008  -3.4025596783633240E-009   1.2026997411777008E-014   9.7962284293026664E-015   5.4297196096347040E-015  -8.8099349549383969E-015  -5.3975981131389394E-016  -7.3259778609776309E-015  -1.6325705651285165E-014   3.4745336817229072E-016   1.2107076445061580E-014  -4.3060446889191138E-015   1.0186185438521064E-006  -1.9301842753953223E-012   1.9916070459730927E-012  -5.0931158579864294E-007   1.3063762136648898E-012  -5.0930695799506431E-007  -4.2386292110617623E-009   3.5749750492045828E-009  -9.3204818342876090E-009  -1.1621366665966246E-008  -5.7454382067067984E-015   5.0520142652712891E-015  -1.4277528584230882E-014  -2.6391272940713802E-015   2.6603229735541419E-015   1.2686692502701451E-014  -6.5033551735399669E-015   1.1557725433629988E-015   1.9471405617459056E-015   1.3416063734450745E-014   6.4005345155696561E-015   3.5630863444361490E-015  -8.6486955099181158E-015  -5.5460248743438816E-015  -2.3241798014352104E-015  -6.9113575638248680E-014  -3.2756456177850627E-014   7.1096522806375419E-015   4.6224311004675658E-014  -3.5202157897575479E-016   4.6501324233459913E-014   3.3238855521944892E-014  -3.7241293325043779E-015  -1.1838147495821149E-014  -2.5234141745024182E-015   4.8106173001027915E-006  -9.0236987113683189E-012   9.2504436086631154E-012  -2.4053194921960513E-006   6.2687350302935631E-012  -2.4052978079868932E-006  -1.8783510365822452E-010   2.7634075981652526E-010  -7.6410804522242611E-010  -9.5621786160905883E-010   3.4153718031163759E-005  -6.4071009379638587E-011   6.6220043921772151E-011  -1.7076936269985231E-005   4.4324653788085878E-011  -1.7076781761163912E-005   3.8874027256542487E-009  -2.6227113565971872E-009   6.5424378775484774E-009   8.1341812448419260E-009  -7.0016933584343358E-010   1.8250445695514580E-009   2.2755585399494171E-009  -1.2541769233520525E-013  -8.9221766661710141E-014  -1.1457894718241727E-014   8.3993445974441388E-014  -1.8816078502003938E-016   8.4272066295446140E-014   6.1703692392045388E-014   1.1734160114987215E-015   6.4375447520653365E-015   7.6655796765886399E-015   1.2080358135150329E-009   4.0876348164325538E-010  -5.6396407621495691E-014  -4.1818919356136163E-014  -7.4343780978929528E-015   3.7808891155378464E-014  -9.4169563796556687E-017   3.7854824602970371E-014   2.5536137521811214E-014   1.7736032900661575E-015   7.5585748683694395E-015   4.2192840342129143E-015
  -1.1169077027208440E-010   7.6339782477520403E-011  -2.9148414360084458E-011   4.5626740747071626E-012  -4.3799938043146780E-016   7.0728363586736900E-010  -5.4894994774646530E-015   2.0803458484693719E-015   6.3087268098962846E-015  -1.6422667826299721E-015  -4.8489424253385091E-009   3.3143242320449115E-009  -1.2654293069621712E-009   5.8204383985122870E-010   1.1911126533421131E-013   7.2532024219918961E-008  -3.6666524724777035E-013   9.9643078017932354E-015   1.9537123847006166E-013  -1.2907478972089125E-013  -1.2558030712161561E-008   8.5835024886269477E-009  -3.2772849903289724E-009   3.0057494193564078E-009  -1.9634314875769121E-014   2.4615905237040111E-014  -3.1380418001381983E-015   2.8194174882018973E-014   3.0149058981888762E-015  -1.8518618037158340E-015   2.1160878151748278E-015  -3.4262687184023620E-015  -2.7455016905304867E-014   4.8926608202793727E-015   1.6324251769246007E-012   1.0186121635703427E-006  -5.1744460281399850E-012   2.3385218842645181E-014   3.0779541253768460E-012  -1.6558083012985722E-012   3.7445664525719780E-009  -1.1186216930746124E-008   7.6455959329206581E-009  -2.9193447740413567E-009   1.1570946209457567E-015  -1.1996282571639907E-016  -2.0097418177892404E-015   8.1981471010185218E-015  -1.2067697651096932E-014  -1.0231438611347776E-014  -7.2631565230058363E-015  -5.3616130269809633E-015   9.9056049805264098E-015   6.0060239234675531E-015  -8.3513952428454245E-015  -2.6211823634708962E-015   6.4713986184275041E-015   1.1615824479017511E-014   2.1400353633276618E-015   4.2522868940571264E-014  -8.8875455731619744E-014   4.6697797263830995E-015  -6.3680825412185461E-014   7.2218402868590633E-015   6.6304891036023021E-015   2.7684999406540762E-014   3.9699275089621808E-015   5.1732140147374190E-014  -6.4397878829523435E-015   7.7737966190048836E-012   4.8105872529020910E-006  -2.4453713555540834E-011   1.7990187041422498E-013   1.4305707115588279E-011  -7.9536991150558070E-012   1.6329525926324941E-010  -9.0597057735296995E-010   6.1096903184800817E-010  -2.3746134983642637E-010   5.5269136988501058E-011   3.4153503887180167E-005  -1.7392484737242560E-010   1.5891237640988383E-012   1.0202516252750116E-010  -5.6858260547611184E-011  -3.4529903774952646E-009   7.9283180572215841E-009  -5.4739860077734021E-009   2.0620140603280614E-009   2.1905317211436166E-009  -1.4972363653635946E-009   5.7166099609666629E-010   7.3452008168107770E-014  -1.4183148014577001E-013   3.1829111669157650E-015  -1.2271526394484239E-013  -8.5996201235619751E-015   2.4169144860644385E-014   6.3166603697594580E-014   2.9401230974698178E-015   5.7084630294243699E-014  -4.5638451446740658E-015  -1.0794331733051142E-009  -3.6112283859023518E-010   3.1119179948587682E-014  -6.1519182469884110E-014   8.8646849730908645E-016  -5.2658589171180464E-014  -6.2232046994959366E-015   1.0907894146918835E-014   3.0500118208167816E-014   7.4311484065556242E-016   2.0598978362571894E-014  -1.2146458366665547E-015
  -1.1609589365347690E-010  -4.7735418925189346E-011  -1.6103529337094898E-010  -6.3580885337865625E-012   6.2365402652621765E-015  -5.4894994774646530E-015   7.0728395441773413E-010   2.7918222834977241E-015  -3.8633354535591915E-015  -9.0287953227300499E-015  -5.0403848024021294E-009  -2.0724319691417856E-009  -6.9908110992129928E-009  -8.1369885817261739E-010   4.1564954043959147E-013  -2.3378801040338954E-013   7.2532005469411997E-008   1.7195130457472501E-013  -2.3193390707968097E-013  -5.8760242059464490E-013  -1.3053685656609685E-008  -5.3672723495638601E-009  -1.8105490137312967E-008  -4.2016543372195244E-009  -1.8636770410354535E-014  -2.4088072251407149E-015  -8.5676507216458101E-015   7.2360351530926314E-015  -1.6234042760297865E-015   1.7767813979320834E-014   4.1761707635451173E-015   2.3605359289332890E-014  -3.1942774094235880E-015  -1.1208422285130504E-014   6.1525450099913644E-012  -3.2922530445956288E-012   1.0186118528694620E-006   2.2472198493043658E-012  -3.5556831568308141E-012  -8.3997683293698685E-012  -5.2347598546986247E-009  -1.1627325894060177E-008  -4.7809832959981287E-009  -1.6128691364381496E-008   6.7694847714169634E-015  -5.1018094198737886E-015  -1.0133646468691740E-014   4.8643345764987638E-015   8.3035420307988191E-015  -1.6752515001042912E-014   4.4100877550505773E-015   1.2563505819438912E-015   9.2814254612201567E-016   9.1990125218844790E-015   1.0689926122454768E-015  -7.5852438405922581E-015  -6.7389253771960106E-015   1.3962106057098113E-015   1.3374951877417212E-014   1.7526877086826227E-014   4.2997304549800427E-015  -3.9087534763995697E-014  -1.6222655821518037E-014  -1.3869773342291516E-014  -7.2920984399373272E-015  -6.2879121498093123E-015  -2.0084534575243632E-014   4.1362375671370384E-015   4.4104320536572038E-014   2.8890437784044165E-011  -1.5562229793947817E-011   4.8105859249344877E-006   1.0795059017773586E-011  -1.6619137459911063E-011  -3.9685490298188227E-011  -2.2907310626597063E-010  -9.3064626861303909E-010  -3.8609165646925065E-010  -1.3299528231007449E-009   2.0563321545261006E-010  -1.1083446832547554E-010   3.4153494527767210E-005   7.7119637308638927E-011  -1.1816422607349673E-010  -2.8275285268520369E-010   4.8205257371850541E-009   8.3156253325358916E-009   3.3959671068378936E-009   1.1270142319270324E-008   2.2770076056663599E-009   9.3623352883440159E-010   3.1581291532432249E-009   2.3918456732816943E-014   3.5064560023330448E-015  -1.0601138922284147E-013  -6.8886956552838078E-015  -6.3836787307164186E-014  -2.5201279275939029E-014  -4.8110354122404875E-015   4.3822474324612904E-015   2.9482296545396924E-015   7.5749933691704025E-014   1.5047782316823115E-009   5.0483237733903230E-010   9.0718771348156053E-015   9.9072960708543851E-016  -5.2574161062717596E-014  -7.2243958459615739E-016  -3.2929086243246149E-014  -1.1448761373547315E-014  -1.2659071219640816E-015   7.6976052728178034E-015   7.0765748972463509E-016   3.3449031320339907E-014
   7.6661130830304735E-011   8.1408674713521101E-011   3.2386231878379008E-011   1.6161120092729685E-012  -3.5364929622981644E-010   2.0803458484693719E-015   2.7918222834977241E-015   7.0729597916090024E-010   6.4704255389604633E-015  -3.5364668517458265E-010   3.3279208318539458E-009   3.5339215071384733E-009   1.4062277555807112E-009   2.0533144444216723E-010  -3.6266373619926134E-008   2.1738230646928902E-013   1.8859220008709266E-013   7.2532652125431974E-008   1.8063940735409705E-013  -3.6266278518454135E-008   8.6190180455295612E-009   9.1526214692679302E-009   3.6417622941030397E-009   1.0606372418827343E-009  -2.7970390582485933E-014  -2.8962402085850350E-014   1.6626455020030976E-014   1.5163373348347941E-014   2.6135429692444636E-016   2.2362834291204614E-014   4.3370391765045284E-014   2.1613098393180679E-014  -2.9225285214539037E-014  -2.8501941340936087E-014  -5.0931140978600309E-007   3.0649288564826113E-012   2.4791676756546768E-012   1.0186211198339066E-006   2.7518359596762811E-012  -5.0930971008645581E-007   1.3210125550120147E-009   7.6780633978777603E-009   8.1536580845596432E-009   3.2435323406877287E-009  -7.9289330534669258E-016   5.3939028690927812E-017   7.5306492250015126E-015   5.1585207603913041E-015   1.7815745234321554E-015  -3.7307011386262550E-015   9.1360533301511663E-015  -8.7116034984097715E-015  -1.2329717376606661E-014  -1.0374478346299413E-015  -9.5181381493724257E-015  -1.6852887307510151E-014   1.1598724471628652E-014   1.5525076249394949E-014  -4.4604624692073615E-015   6.5776546113287016E-014   5.6768738747465493E-014  -2.8345592472090586E-014  -6.7286107126513268E-014   6.5063839396109519E-016  -2.0962426264454570E-014  -8.4276522911667997E-014  -1.6526648121088774E-014   5.6299753781262538E-014   3.3445915867351002E-014  -2.4053186683060601E-006   1.4532885455244371E-011   1.1882907472026768E-011   4.8106296449477830E-006   1.2907041200614708E-011  -2.4053109765720442E-006   6.1566542955005163E-011   6.3609854103890764E-010   6.7925068714883724E-010   2.5197151474346967E-010  -1.7076930379285451E-005   1.0352829528297525E-010   8.4861133891835989E-011   3.4153806584900246E-005   9.2410846669382305E-011  -1.7076876205625075E-005  -1.1908942089155732E-009  -5.3449471018250712E-009  -5.6496882512034510E-009  -2.3716519565279311E-009  -1.5033975608860404E-009  -1.5964407971611999E-009  -6.3527034837955424E-010   8.5542084083603489E-014   9.1298155252898984E-014  -1.7031090212978924E-014  -1.1548480563314866E-013   1.1417134173455571E-016   7.1804517538226068E-016  -1.3603056896326826E-013  -2.9703350349539097E-014   9.1205965908196385E-014   3.4833877179793244E-014  -3.6299877262096637E-010  -1.2740514555017991E-010   3.3852896696272274E-014   3.7113954724440713E-014  -3.1356736267046571E-015  -5.1698945115493715E-014   1.0699521364399076E-016   6.2805128211559623E-015  -5.5256532148863861E-014  -1.2294447824804032E-014   3.7020443467431854E-014   1.1501032129205715E-014
  -3.8453362123843351E-011   3.2346459524719968E-011  -2.0744662357927929E-012  -2.3334864158010164E-012   1.1287818796560807E-015   6.3087268098962846E-015  -3.8633354535591915E-015   6.4704255389604633E-015   7.0727272573370612E-010  -7.5989205896039736E-015  -1.6694204806069143E-009   1.4039531409507105E-009  -9.0060712159228282E-011  -2.9844846572433836E-010   4.1128934594635664E-014   3.8185727985740433E-013  -1.3950215461542951E-013   4.4871361409568172E-013   7.2531531465086796E-008  -4.8984155041591680E-013  -4.3235504078645505E-009   3.6363087181494592E-009  -2.3322223009521708E-010  -1.5408272458741264E-009   4.5957278675949373E-015  -2.1002254310112818E-014  -1.4847150313060744E-014  -2.8432037992731868E-015  -4.9637627521708185E-015  -3.3226203633701198E-015  -1.0827853810339629E-014   3.7535726090502013E-014   3.5529524731466754E-014  -1.6910842535389279E-014   4.5343284959853553E-013   5.7928968678728021E-012  -2.2319093695878752E-012   6.5855150583583377E-012   1.0186046239474292E-006  -7.0389464170135776E-012  -1.9201244332664774E-009  -3.8512976484650512E-009   3.2398907486068776E-009  -2.0760489187947489E-010   2.6422467024453790E-015   2.3119089624013505E-015   2.7221652945921750E-015  -2.7920262582837878E-015  -3.1926727997533253E-015  -1.8501786894819285E-015   5.1136334323811486E-015   1.2336259221871567E-014  -9.9624493471622387E-015  -1.1917028444343634E-014   1.2018995304125037E-014  -6.0721836363049607E-015  -1.8321702582783569E-014   8.4500136571351841E-015   1.1482825303353220E-014  -6.7309173574826784E-015   2.6903767736152408E-014   2.8280288882322153E-014   3.6773626980068039E-015  -3.0874345770191905E-014   5.3531062801961800E-015   6.2799863098758865E-015  -7.6869023433411437E-014  -3.5329115374068187E-014   3.6216094525809322E-014   2.2715339716799042E-012   2.7108224223169681E-011  -1.0352758636251474E-011   3.0992657767704908E-011   4.8105519629189462E-006  -3.3264193524319637E-011  -8.1881716901005953E-011  -3.1191907607657134E-010   2.8109669194201388E-010  -1.5746720518388342E-011   1.5810234549672468E-011   1.9299534092774626E-010  -7.3816352344173553E-011   2.2089675017867360E-010   3.4153253063707877E-005  -2.3670698500794958E-010   1.7834509339769753E-009   2.7294362900677261E-009  -2.1689583238662429E-009   1.5493986915145148E-010   7.5416818859827762E-010  -6.3423961174516073E-010   4.0691113912787667E-011  -4.9715835710591723E-015   2.4955245824770427E-014   3.9425479868453849E-014   2.9012023878603992E-015  -7.7817637936256416E-014   3.7688681900213604E-015   1.5767976204140441E-014  -1.3244479076575220E-013  -4.6110192964879075E-014   6.9332550276729125E-014   5.6194779432647068E-010   1.8519161421479215E-010  -1.3909960872689013E-015   7.9502025800407668E-015   1.6147099572051937E-014   7.0059137317246523E-016  -3.8776030625114594E-014   1.1656226470068569E-015   6.7703909010521801E-015  -5.5895999635915715E-014  -1.7033635422854143E-014   2.9627050705328547E-014
  -1.1235762896208591E-010   1.1650525246986301E-011   8.3645959188722462E-011   3.5431680993696099E-012  -3.5364333756770071E-010  -1.6422667826299721E-015  -9.0287953227300499E-015  -3.5364668517458265E-010  -7.5989205896039736E-015   7.0729002186780601E-010  -4.8778462326171796E-009   5.0600632238420981E-010   3.6309420715514018E-009   4.5355598352010309E-010  -3.6266082225246411E-008  -9.2365757243999388E-014  -3.1594733254811013E-013  -3.6266267120362036E-008  -2.7997196340323048E-013   7.2532349340030338E-008  -1.2632917186833571E-008   1.3103351537875828E-009   9.4039767300655902E-009   2.3420850075237339E-009   1.5943394284569831E-014   1.9166171775925795E-014  -2.2056176702718087E-014  -6.3534370081897637E-015   2.7840502817654637E-016  -1.5036859309841629E-014  -2.7044683846729536E-014  -2.1960551412487511E-014   1.7118207608570306E-014   3.2807987314988314E-014  -5.0930712957466417E-007  -1.1346310006181914E-012  -4.4713966190377914E-012  -5.0930953726649045E-007  -4.0577983518461603E-012   1.0186166668213077E-006   2.9178183223366207E-009  -1.1253038256672290E-008   1.1668186359767402E-009   8.3778299358215157E-009   6.5383315210721136E-015  -5.1059532848665021E-015   6.7468793566423238E-015  -2.5193934814811888E-015  -4.4418976460920338E-015  -8.9559913651263948E-015  -2.6326981567563648E-015   7.5558309892738387E-015   1.0382576802851996E-014  -1.2378615922746126E-014   3.1176035178686065E-015   1.3289800959636531E-014  -2.9500287431928973E-015  -9.9790512604778455E-015   6.7846421466915617E-015   3.3370292531307821E-015  -2.4012282448442199E-014   2.1235940672980032E-014   2.1061795712826552E-014  -2.9861666816922223E-016  -2.5538897195296528E-014   5.1037667741985320E-014   2.0250777283670467E-014  -4.4461606879219667E-014  -3.0922501925084972E-014  -2.4052986105850786E-006  -5.5086503251841633E-012  -2.1136288129606500E-011  -2.4053101680118001E-006  -1.9173821896761962E-011   4.8106087786073536E-006   1.2630533454462213E-010  -9.1243624820931512E-010   8.4857031242089622E-011   7.0424548785709442E-010  -1.7076787501282921E-005  -3.9453477513317334E-011  -1.5110202984720149E-010  -1.7076870423256211E-005  -1.3672162537151741E-010   3.4153657924534802E-005  -2.6965035999576056E-009   7.9676788553529058E-009  -8.9274541160162522E-010  -5.7625295810236436E-009   2.2035668864892462E-009  -2.2860277021953154E-010  -1.6402873364941927E-009   3.9875607788591795E-014  -2.0763889741733862E-015   2.8488985078659347E-014   3.1491359763904074E-014   7.3989507050017578E-017  -8.4990110954829558E-014   7.4326877217845982E-014   2.8529934270798138E-014  -9.7643511144814686E-014  -4.2499456916151140E-014  -8.4497057619607494E-010  -2.8137789082723849E-010   2.2543510725224414E-014   4.7049644457475015E-015   1.0570051774040569E-014   1.3890054023862016E-014  -1.2825625394042009E-017  -4.4135337219542693E-014   2.9720394901889947E-014   1.0520844511717560E-014  -4.4579018518586889E-014  -1.5720316183110546E-014
   1.4162074936709917E-003   1.3528994249065813E-009   6.7692853641564522E-010   2.2399452099023908E-008   1.5499254245605924E-009  -4.8489424253385091E-009  -5.0403848024021294E-009   3.3279208318539458E-009  -1.6694204806069143E-009  -4.8778462326171796E-009   6.1486154340923249E-002   3.1637825280370111E-008  -4.4643964958623888E-008   6.6316324705977739E-009   7.9120795348617809E-011  -6.5410842127915938E-009  -4.7826715833404734E-009   8.0483075001406942E-009  -2.1468107799835037E-009  -8.1274258324336664E-009  0.15923764413046199        1.9992445691974438E-008  -6.4185379194599083E-008  -4.1017126812700240E-009   2.3292860625215528E-010  -4.1306449429821432E-010   1.3651823752098021E-010  -8.1615859552792254E-010   5.2281631417870972E-010   5.0351179458069727E-010  -8.7787392157457095E-010  -1.2424805026254100E-009   1.5908550361326486E-009   8.2433426892618265E-010  -2.5004642261312462E-010  -3.5249715706477468E-009  -2.4703888197709126E-009   3.8242100079550232E-009  -1.0186176694717746E-009  -3.5741532404176680E-009   3.4888238238409379E-009  0.14183837261728285        1.7780767371599496E-008  -5.6049321038574973E-008  -1.3941514076125908E-010   4.5486110354053202E-010   5.0501580105429089E-010  -3.6775929363706013E-010   1.4548335811061102E-010   6.1265316341690047E-010  -4.0525677917458364E-010  -1.5954815484375929E-010  -6.6551246043000481E-011  -3.8609566870075918E-010   2.2432559283750926E-010  -5.3935106987086531E-011  -2.6301245207565614E-011  -5.4501786721339095E-011  -3.3379904716144534E-010  -6.8216608851055790E-010   1.6607402857558988E-010  -1.1808034065441279E-009   4.7584201081596977E-010   1.5557177447834075E-010   4.3918282427131861E-010  -7.7859914822241969E-010  -8.7279604496457949E-010   8.7852303860663657E-010   1.5306620632866254E-009  -6.9243231477207569E-010  -1.4935203250988991E-009  -8.2077437772678476E-010   1.2911786000300596E-009  -2.7896155088628330E-010  -5.9875437370194442E-010  -2.0376016049047842E-009   1.1294766305124559E-002   8.9962580119416666E-010  -4.0050346888814440E-009   1.3291793268399418E-009   2.2040238230908820E-009   3.9363505472463064E-010  -3.7503689441836016E-009   8.0309792670111669E-010   2.4211899189599937E-009  -3.4542451035951613E-009 -0.10183089670014588       -1.4826927485520502E-008   4.2212981042746470E-008  -2.7776999482890131E-002  -3.7208120461545816E-009   1.1220417775646964E-008  -4.2603824794957252E-010   1.3290314335604106E-010  -8.1442951132844600E-010   3.5393910830040630E-010  -3.5131098033393449E-011   2.1760745459824845E-010  -5.5725871740224775E-010  -5.9179245451881741E-010   6.1473629550304299E-010   1.0481357849924898E-009  -1.5674717347751323E-009  -4.8585228130394886E-010  -1.7582679871787203E-010   4.3684762327919411E-011  -3.2928680260093478E-010   1.4547186829785428E-010   9.0784582498620106E-012   9.0404986382196813E-011  -2.2167967118436773E-010  -2.5048961518961308E-010   2.5372896794493716E-010   4.3213963312477994E-010
   1.6023197381525039E-009   1.4162028865611917E-003  -5.9325095428996306E-009  -4.2050860658408774E-008  -4.0399300478715131E-009   3.3143242320449115E-009  -2.0724319691417856E-009   3.5339215071384733E-009   1.4039531409507105E-009   5.0600632238420981E-010   3.1637825280370111E-008   6.1486218365907917E-002  -8.6536983711750378E-009  -1.5269185346144039E-008  -7.6084333507382597E-009   4.1323569074195204E-009  -1.6889190182472359E-009   1.0499461337925750E-008   5.7253426299467249E-009  -2.8910247417021990E-009   4.9029204997038678E-008  0.15923771397346978       -1.5380344761416207E-008   1.7613395296599397E-009   2.5960618539695029E-009  -8.8658389569008177E-010  -2.2807018699318962E-009   2.1672337926436857E-009   6.2598866052619580E-010  -5.6502299762657595E-009   1.8314354986678892E-009  -1.8002708950533002E-009  -1.5706200805938028E-009   3.0417746882183774E-009  -3.1810683886112594E-009   1.5686938973228780E-009  -8.5232209113436531E-010   4.0637490263143998E-009   2.4302470565808672E-009  -8.8268969204558099E-010  -1.2426434955983051E-008   4.0497570218522025E-008  0.14183843453372960       -1.1539232677474065E-008  -2.3295256494605641E-010   5.9460798080747190E-011  -4.2999477485996710E-011   4.7146372156406512E-010   3.3073413690903439E-010  -6.2247714388381877E-011  -4.1041157307188073E-010   1.6310278029136291E-010   4.7085019650653053E-010  -7.8570160855567740E-011  -3.0742973377358646E-010  -8.6365238383060827E-011   6.8585101894459763E-011  -1.6014931816497677E-010  -3.5982104672216497E-012   6.9058694452061464E-010   1.6182014376640148E-010  -2.0282759040677662E-010   6.4310656641039492E-010  -8.6938760372998164E-010  -1.5696385715779198E-009  -4.8458866626106014E-010  -2.2327412278571851E-009   4.8831795144016001E-010   1.8153666189042894E-009  -4.9597053927605703E-010  -1.3963072681238086E-010  -2.3479284928054064E-010   3.3674011740001912E-010   5.0426788594730528E-010   1.5925029274874588E-010   3.0319280829606424E-009   3.1112269839633644E-009   1.1294770655627321E-002  -1.2749443956080633E-009   3.2063048354883820E-009  -1.8902204848387034E-010   7.1794656543660329E-010  -4.6725545760084636E-009  -3.6449650479217672E-009   1.4662466387414942E-009   1.3100226357371751E-008  -3.1215860509636604E-008 -0.10183094420342775        9.6033661831158517E-009  -8.2799442537697416E-009  -2.7777012011052791E-002   2.5530676758354357E-009   5.3388902410397666E-010   1.5449776499188836E-011  -1.7545384352965478E-010   5.3842032014458421E-010  -5.7141887928632816E-010  -1.2547096197465393E-009  -9.1677265121281976E-011  -1.7102417831832300E-009   1.0755175018446240E-010   1.4055145617731093E-009   4.8109381423998118E-009   1.3930992755478751E-009   2.1100115012352182E-010   3.5671098032919467E-011  -5.6267647867352176E-011   1.8706986363840294E-010  -2.3739646153720161E-010  -4.7015835613026059E-010  -8.4532656598962386E-011  -6.8333266151323761E-010   7.7742196900647831E-011   5.5126554283900141E-010
   2.5774115224328558E-010  -8.1398958092838040E-009   1.4161999727050963E-003  -5.8904913090881473E-008  -5.0371717200985988E-009  -1.2654293069621712E-009  -6.9908110992129928E-009   1.4062277555807112E-009  -9.0060712159228282E-011   3.6309420715514018E-009  -4.4643964958623888E-008  -8.6536983711750378E-009   6.1486235732773967E-002  -2.1347669672649752E-008  -9.7968825974943944E-009  -1.8659852653499276E-009  -1.4229246129951817E-008  -8.1713581474606465E-010  -4.0077379479585198E-010   1.0614022465619094E-008  -3.1318423186146424E-008  -1.6058853623412854E-009  0.15923773308768158        4.7650630573991879E-009   1.1839497017167120E-009  -3.9427782591092617E-009  -1.9846073907660879E-009   2.8958925269485757E-009   1.4239705766046840E-009  -4.4843332963544150E-009   5.3960128699243630E-009   9.2386767148317806E-010  -3.2967285032313724E-009   7.9072653374360921E-010  -4.3585924586839095E-009  -1.0417549215657706E-009  -6.7447531789646383E-009  -3.2896522204302585E-010  -5.9697828136487296E-010   4.6875419802159928E-009  -1.3442658402303081E-008  -3.0598580107760928E-008  -1.0468473810242451E-009  0.14183845215875376       -2.6332557427765031E-010  -7.1928431700431323E-011  -3.1801286064482931E-010  -8.4610393400920684E-011   2.7490181734609300E-010   5.4717650342765695E-010  -4.2126631488587064E-011  -3.5879086356821895E-010   1.5302094261499482E-010   5.8543972354816124E-010   9.1417787665381333E-011  -2.1428116590433899E-010  -7.5967758875253915E-011   9.3814731817931390E-012  -2.6823920930801228E-010   1.0248259096351986E-010  -7.8890620280086969E-010  -5.4503564660759031E-010   5.1487607960414579E-010   1.0502168865030995E-009  -6.5237829275069411E-010   1.2707012048164334E-009   1.4065077473156174E-009  -9.1590936593982096E-010  -6.4203162812118903E-010  -1.0413349295650167E-009  -2.9767459379137390E-010  -2.2518412294914538E-009   2.9411511174344320E-011  -6.3573942634717389E-010   1.0119272288170260E-009   4.2738899350373346E-009  -1.4892405452121563E-009  -2.1353943999822886E-010   1.1294771123559481E-002   4.7013335470179145E-009   7.4887634169058381E-010   6.8704813958036855E-009   1.2426258072512942E-009   2.4097262031748777E-011  -5.9439643845092832E-009   1.5333559346030768E-008   2.3774632219857240E-008   1.9807284503838118E-009 -0.10183095714370463        6.0898497581372474E-009   4.2847885773615224E-010  -2.7777015321130253E-002   1.5553554121235693E-010  -6.1926891699104162E-010  -4.0801820036383596E-010   4.6847052302457751E-010   7.6136952395190383E-010  -6.7714523224869342E-010   1.1727698118816666E-009   1.0469528306678108E-009  -9.5416479948543330E-010  -4.7623204149292866E-010   5.8716155079932632E-009   1.6959082185516234E-009   3.5594632091261236E-011  -2.2892236117361671E-010  -1.4342860953952130E-010   1.5965179712383507E-010   3.0042801347716133E-010  -2.0740794057782860E-010   4.1939349387106048E-010   4.2634657016473287E-010  -3.3375226027342698E-010  -2.1087577718143634E-010
