   1.2899457069351851E-005  -5.7779716866376563E-011  -1.9387494236766218E-011  -4.6206952104558749E-017  -3.4894581177739829E-018  -1.4488201129912081E-018  -2.3658369299652803E-018   8.5422523672688482E-019  -1.9809620955693306E-018  -2.3916582956440163E-018   9.4200874500782066E-004  -6.4854140874943091E-010   7.3786644121340729E-010   4.0181120089127630E-016   2.5172962964967261E-003  -1.4563075743361544E-009   2.2729533083702835E-009   9.0605500086450025E-018   1.9919261262246825E-019   7.1801715091444471E-019   1.0873298766428820E-017  -2.3139449646720620E-018   7.7480132656026464E-018   3.9555996785455621E-016  -6.5668791617579376E-011  -1.1021093934402097E-010   3.9970155657009971E-011  -3.0545927290934383E-011   7.0475089681285532E-012   1.1865035460937412E-010   2.1427865596592203E-011  -2.1142801754046294E-011   8.1462428482980951E-011  -1.4033115782881555E-011   2.1942845046759069E-003  -1.3172102977689850E-009   1.9855165372455956E-009   1.7902680290880675E-017   3.8305178072338590E-019   1.6950396605373147E-019   1.0546450693890429E-017  -1.4850009344679114E-019   1.0288076932328577E-017   4.3674147438086409E-019  -9.2061074167511949E-020   2.1091005907840282E-019   1.3243130630591487E-020   1.8946410847460711E-017  -1.7125319565146774E-019   1.0344454993927945E-017  -3.0742241530236531E-019   1.8855833367082228E-017  -5.0355568689585639E-017  -1.3894968008618690E-016  -1.0339365057169865E-016   2.0660809925381726E-018  -1.9984898345793258E-016  -3.0160496897078081E-017   6.2996008805799541E-016  -2.3322499926606141E-012  -2.1464172642629080E-011   4.2749214980285921E-011   7.6225429766216477E-012   1.1303667000304673E-011  -4.4934308323921442E-012   1.4663169733245347E-011  -1.4251946676996469E-011   1.7914157746412133E-012  -2.1240689486010799E-011   3.0117167085847487E-004  -1.7033040011485929E-010   2.1501260410677273E-010  -1.2172735606625225E-016  -6.4760732068173998E-016  -4.9025771581178483E-016   1.2716520895562466E-016  -9.4919391916614132E-016  -3.2954430279095810E-017  -2.2984573073771714E-017  -8.9506426349553192E-004   5.4231442435988683E-010  -8.0813510034553459E-010  -4.6661059839123818E-016  -2.6866445569603980E-015  -2.0310025433293492E-015   5.6564519594089364E-016  -3.9313691981739787E-015  -9.6273732815705083E-017  -4.6734958207366597E-012  -7.0791389192938951E-012   4.1083355430828496E-012  -1.6635854444286276E-012   7.9480650588848615E-013   7.9338161536477223E-012   2.6915260456774814E-012  -2.0724050638737140E-012   3.4680716183103282E-012  -1.5174638268044251E-012   3.8920196465727049E-016  -1.0670004690581190E-003   6.5300607232570274E-010  -9.8474257737796605E-010  -5.2549182756632807E-016   4.6896633353244371E-004  -3.3106742758247957E-010   5.0902125103239332E-010  -1.3278247950016645E-013  -5.3284020608327454E-013   7.3541782269520972E-013   1.0967000777733237E-013   1.8333270367731119E-013   6.8526719325755785E-014   2.5320717818685545E-013  -2.8689905150584921E-013   1.9312617968973642E-013  -3.3430108245104006E-013  -1.7245001646312914E-015  -1.1598017119381568E-015   3.1318505969211249E-016   4.5944211766377614E-016   1.4427604901107250E-015
  -5.7779716866376563E-011   1.2899584490210595E-005   1.7133647289444490E-010  -1.5246980545169926E-017   5.6769560650758543E-019   6.7611811407817326E-020   4.9165657163867900E-018   1.0702253231257297E-018   1.1777887142685233E-018   4.7298676603891950E-018  -3.5562068298270231E-009   9.4201338798839175E-004   7.7658306188137206E-009  -3.6978092549160189E-016  -9.7781072569479087E-009   2.5173086792453178E-003   2.0880186468025513E-008   5.9748338968347674E-019  -2.7950953712436385E-018  -2.1269099716526584E-019   2.6041175318146153E-018   1.8458330186486690E-018  -2.7732631565270169E-018  -9.1641062567150041E-016  -6.7167326388938547E-011  -1.9311923749492515E-011  -3.0005855739415916E-011   6.0812693326072004E-011  -1.5220793931337119E-010   2.9301641917245571E-011  -3.9023063586556295E-011  -7.2625152634947061E-011   7.1666127751172114E-011   7.6496559345119841E-011  -8.5598297381795060E-009   2.1942954001933084E-003   1.8309254312725097E-008  -1.1364585724970854E-017  -1.8227647703962391E-019   6.8439209584845673E-019  -6.8961064596113645E-018   2.6168279047403554E-019  -6.7635848393676146E-018  -3.6879571386857183E-020   2.6024307307631419E-019  -4.6798565257416265E-019   7.6543738541204253E-019  -1.1605207491098805E-017  -5.1231827751038431E-019  -6.6846041445176479E-018  -7.3193671307461857E-019  -1.1550514174850959E-017  -5.8791693117370118E-017  -9.3360507325932415E-017   2.7610290152022264E-016   1.3001083096595669E-016   1.3288114215681991E-016   4.6447414447653201E-017  -8.0715926438889275E-016  -1.6234910520349227E-011  -2.8560632811102597E-012  -2.7887925121125015E-012   2.3873561851882495E-011  -1.0814774418455087E-011  -2.0922652438168581E-012   2.8115499619142842E-011  -2.2001756066672202E-011  -3.4865047292722522E-011   1.8477635153459638E-011  -1.1465246178333797E-009   3.0117311093104832E-004   2.4348733595640278E-009  -4.2512426698032700E-016  -4.5044604171775850E-016   1.3056150152312088E-015   4.6300229436884650E-016   6.2337709054871953E-016   5.2733279870211960E-017  -2.6009935269040052E-015   3.5662924394171820E-009  -8.9506879346894935E-004  -7.6226177868253707E-009  -1.8111908276323582E-015  -1.8653552244115205E-015   5.4113128352102238E-015   1.8704791582800830E-015   2.5852062323795180E-015   1.7502391281568391E-016  -5.2760607627395856E-012  -1.4711639142928041E-012  -1.0515258026253243E-012   6.0916414100680006E-012  -1.0143976972731031E-011   9.8700787632414858E-013  -3.6939966730859712E-013  -7.3701885754214834E-012   1.9667955082517299E-012   6.2772223252923953E-012  -3.5614357108215826E-015   4.2805862451086147E-009  -1.0670059140668517E-003  -9.1558763216599209E-009   1.0059933120314906E-015  -2.1775778999883045E-009   4.6896910414398891E-004   4.6595193369162409E-009  -3.5798917792696582E-013  -4.7983111470478167E-014  -5.5739451998418733E-014   3.7489140395854005E-013  -3.3761879250092798E-013   1.0541361616708876E-013   3.8372792340216992E-013  -3.2929511923723147E-013  -4.6692259465283389E-013   2.8699189772195339E-013   4.3841015236891018E-015   2.5888276493473875E-015   1.3473884241989719E-017  -8.7499729312148150E-016   5.1703032749216748E-016
  -1.9387494236766218E-011   1.7133647289444490E-010   1.2899499110486662E-005   4.4015175934922569E-018   6.9941196438983038E-019  -4.2944486929514754E-019  -4.7723554760406425E-019  -1.4498003889567881E-018  -2.6292643133269174E-018   9.2522712122277254E-019  -2.1817942348879337E-009   4.7948107030544026E-009   9.4201034919393089E-004   2.2770991370137863E-017  -6.0256444123725206E-009   1.2400852606279395E-008   2.5173003502866821E-003  -3.6671580312101490E-018   9.5223886830746539E-019  -1.3144860299601893E-018  -8.4096776335651308E-018   9.7651496525445550E-020  -7.4931301277674727E-018   1.7400135879966305E-016   1.1654059708519412E-010   2.2004186121521403E-013  -2.0268097930756064E-011  -1.8254820697175423E-011   4.9328834950210951E-011  -1.3810084423680001E-010  -5.7764127095173490E-012  -1.3383336077082365E-010   7.5298179705305456E-012   1.1486324729358061E-010  -5.2396334075864356E-009   1.0949044333926859E-008   2.1942880212895781E-003  -2.4768958298135139E-017  -5.2756545166379390E-019   8.5675976010708327E-019  -1.3935846613795733E-017  -4.3937669448786160E-019  -1.3650693276063066E-017  -7.8031215872235526E-019   3.8192174856995189E-019  -5.3015571198861596E-019   9.0060255733737708E-019  -2.3883712662802189E-017  -4.7586647142128549E-019  -1.3192141732883902E-017  -2.6308800685488272E-019  -2.2336442845128562E-017   1.6700538856943424E-016  -8.5020966765963511E-018  -1.7817682384757785E-016  -1.4223128407381977E-016  -1.7123458382677797E-016   1.4198351001436114E-016  -3.4492057919104270E-016   1.3464485359583848E-011  -3.0936648545593456E-012   1.8131299021857672E-011  -2.2335654663790802E-011   5.4410194580159212E-012   4.2710370884987494E-012  -2.1074819749862807E-011   7.3070797723726162E-012   3.1368534706621847E-011  -1.8956976055554068E-011  -7.5853167428350896E-010   1.4408984991613995E-009   3.0117224927181049E-004   5.5168205238124769E-016  -4.5772245379408537E-017  -8.3020936217233908E-016  -9.0785687514326848E-016  -8.0952624734438658E-016   4.4977483022131505E-016  -1.6250938127500246E-015   2.2087839798699716E-009  -4.5465455475330141E-009  -8.9506577486956013E-004   2.2216175805095691E-015  -1.8990665071454069E-016  -3.4439041212035626E-015  -3.8293778160347326E-015  -3.3556186887263321E-015   1.7931777852961357E-015   8.6304627705551045E-012  -6.0905078795766927E-014  -6.9117008899361134E-013  -3.1017688025092901E-012   3.2784265165271217E-012  -8.4771837673770603E-012  -2.3141488583815965E-012  -7.5859510210177855E-012   3.1656471311508406E-012   6.1685104769959224E-012  -2.0759377838819845E-015   2.6345455507625414E-009  -5.4664813716416897E-009  -1.0670022515088275E-003  -2.7822805680403648E-016  -1.3332927047612997E-009   2.7816223614625983E-009   4.6896722567611596E-004   3.6327454396657791E-013  -4.3618416421273543E-014   2.8289692070086137E-013  -3.8271892618673033E-013   2.0970259181016426E-013  -1.0466267596104726E-013  -3.1320387572358006E-013  -2.0191721650644661E-014   4.6382165486595042E-013  -1.9582971629849180E-013  -1.8086112820132130E-016  -4.9165126867399205E-016  -2.1542556923597073E-016   2.4221937949459751E-016  -1.1824525125075088E-015
  -4.6206952104558749E-017  -1.5246980545169926E-017   4.4015175934922569E-018   1.0180456303039237E-005  -1.0759717990351771E-011  -1.0281143151734806E-011  -7.0360867654515484E-012   7.8624959938556885E-012   2.4617334591353391E-011   2.8971551216289201E-012  -3.6150453970963571E-015  -1.2490819730445099E-015   7.1978287744738833E-017   1.1514327359844160E-003  -9.5269158640503761E-015  -3.2635721965733952E-015   1.9793689057210524E-016  -2.3897769475209983E-011   3.8544675604795298E-012  -6.1387768017510313E-011  -5.6871493962904940E-011  -4.1352380804597337E-011   8.0768749416159275E-011   3.0274506825500183E-003  -2.2511470858043922E-017   1.4005323410828197E-019   1.6001475316335913E-018  -8.2656035585126136E-018   1.9788039449928752E-018  -1.2136261988692012E-017   2.9030452744789572E-018   5.1175966291926385E-018  -2.5254983331681329E-018   3.2581158714812237E-018  -8.1920167922182476E-015  -2.8957512612720393E-015   3.1167385116991059E-016  -5.5355857939586887E-012  -2.7995445328646591E-011   3.3001271740029018E-011  -1.1960740518889953E-012   2.7001229315519195E-013   1.0917418105803895E-011   1.7804601576368900E-011  -2.2410911323127427E-011   1.3672450814474429E-011  -1.6297164964963346E-011   8.6651889576942652E-012  -1.7138962682377641E-011  -1.4027959748409445E-011   1.6937707100421031E-011   1.7693396785529459E-012   3.5693270631400418E-011  -1.2563958565399019E-011   8.8714745495354475E-011   8.5800296017539712E-011   6.4195893911621248E-011  -1.2148665582410234E-010   1.1791062166999814E-003  -2.6961742168638236E-017  -1.4417249044255920E-018   2.0465056671813267E-018  -1.4094849325363036E-017  -1.3658167630361614E-018  -1.1955194804529938E-017  -3.2488100790113223E-018  -1.1622768809345460E-018   1.4874877210430010E-018   4.3542818415552021E-018   2.7513872476673241E-015  -4.5036314212664978E-017   2.8582191686874292E-015   2.4837682317749342E-011  -4.8980112628640084E-011   1.1833506155332814E-010   1.6139631749691267E-010   2.0106421752884552E-010  -1.8623116605841999E-010  -2.8679213799248510E-003   1.6948669523348654E-014   2.1896420281381785E-015   9.7691521387642859E-015   1.4805953355022225E-010  -2.0635594141681006E-010   5.8085811261631071E-010   7.3407669421460304E-010   8.6320974310720692E-010  -8.8213308227876120E-010  -1.2328631396856882E-017   6.8003608119775322E-019  -6.1070081711756027E-019  -5.0542903056261430E-018   3.4571119945484791E-019  -5.1259808202584090E-018   1.2733986010931616E-018   1.3932780223862224E-019   1.8866706198103952E-019  -8.4040310174197848E-019  -2.4792195699562054E-003   2.4666754349643927E-014   3.0119121385828162E-015   1.4909682978705426E-014   3.0018106351054573E-004  -4.0853141438528926E-014  -3.7967517974536182E-015  -2.4533266309425016E-014  -3.0382965352972804E-018  -1.5526429469850886E-019  -4.9450332725170362E-019  -1.7117913082889922E-018  -1.6504720176968110E-019  -1.2841155391160560E-018  -1.9134936249301304E-020  -6.7546044254009409E-019  -2.0804348254163140E-020  -4.9862086059889929E-019   1.5805089173764320E-003   7.6843580864155751E-004  -8.9500693538580075E-005  -2.3128591093251238E-004  -3.0445892552036132E-004
  -3.4894581177739829E-018   5.6769560650758543E-019   6.9941196438983038E-019  -1.0759717990351771E-011   6.4856261687218362E-007   1.5687170493095739E-013  -9.7739504004974541E-014  -3.2428148651437291E-007  -1.7777883004849889E-013  -3.2428113035901408E-007  -2.3043264958644933E-016   1.4639096388709093E-016  -5.9022027734393403E-017  -1.3916691912557409E-009  -6.2050698647302572E-016   3.7495959324830424E-016  -1.3708401434298654E-016   3.3191873560750409E-007  -1.1932530025185922E-012   8.4042186008886296E-013  -1.6595881651548284E-007   2.1100980489185303E-013  -1.6595991909052721E-007  -3.6232678942771391E-009   2.1574409590935817E-018  -1.4078698547938317E-019   4.0388607880854045E-020  -1.3580807382320323E-018   2.5671459617353470E-020   1.3812129249860769E-019   1.4408811660667763E-018  -4.7317357742140630E-019  -1.5341208150700975E-020   1.5686378647866880E-018  -5.3401367357968858E-016   3.3400857539127677E-016  -1.1912965823082543E-016   6.0481812805382649E-013  -2.8964872523142594E-013   1.6932056801407917E-012   4.2570464377350967E-013   4.8018274827931191E-013  -1.4880750537961924E-012   2.4650344605217852E-013  -4.8422553531946971E-013   5.7884686596333675E-014  -1.3322856022631232E-012  -4.1262343093201577E-013  -7.8202653053701340E-015   2.9918242035551933E-013  -3.5008646366248704E-013   6.7683689247406683E-013   5.0105006968225132E-005   6.6883261698597315E-012   3.5491991808389482E-012  -2.5052511627845464E-005  -6.6447956913976270E-012  -2.5052495340602957E-005  -1.4935912102205578E-009   1.7824691732825081E-018   6.9453920458999751E-019   3.2234747540296129E-019   2.5492334940301839E-018   4.7732146550784294E-019   1.2624778267407035E-018  -7.2774482603761847E-019   8.5800263419431930E-019   3.8697978125069275E-019  -3.4213899222746917E-020   8.8935220128119190E-017  -3.4748507109121580E-017   3.1376202479821858E-016   2.3658570247060722E-004   4.3081276030157223E-011   2.3932760181021641E-012  -1.1829288491693857E-004  -3.0297115368759414E-011  -1.1829281755370659E-004   2.4260596297116978E-009   8.3041914739899292E-016  -3.8510139383440785E-016   1.1987448569496529E-015   9.8060244707129612E-004   1.9009814572269610E-010  -6.8144526786368250E-012  -4.9030134970540890E-004  -1.2310296613308166E-010  -4.9030109736532897E-004  -3.4388249879511345E-018   4.1252175215813806E-019   2.6126467682002995E-019  -1.7305450248497101E-018  -3.4086710035296860E-020  -1.8603553989706982E-018   1.5274282386027196E-018  -4.4678511979205956E-020   5.8773576689918673E-019   4.4279912591912138E-019   1.6903373881242238E-009   1.1648617386932949E-015  -5.4503371190198429E-016   1.8085399004184552E-015  -1.7119338853410545E-010   6.8972537868644307E-016   3.8048678886768202E-015   5.7236287963854223E-016  -7.3781801721869637E-019  -3.4247252329864596E-019  -1.3849914171323780E-020  -2.7333556027114419E-019   1.0241509958780251E-020  -3.8832480761934806E-019  -9.2921683540753597E-019  -3.5653465631671561E-020  -4.7326072538277030E-019  -1.1563097113194233E-019  -9.0905796773985586E-010  -4.2377789930157296E-010   5.0057096513937244E-011   1.2256135803281716E-010   1.6859018007253517E-010
  -1.4488201129912081E-018   6.7611811407817326E-020  -4.2944486929514754E-019  -1.0281143151734806E-011   1.5687170493095739E-013   6.4856273874549811E-007   1.6035889137246661E-013  -8.8247326538426905E-014   2.4713714965755618E-013  -6.8624872623990865E-014   2.3315951900737142E-017   1.0964432241697387E-016  -1.7512757403460992E-017  -1.2940485977482281E-009   6.2480940780825726E-017   2.6446132764658384E-016  -4.3235214022949466E-017  -1.0384346751287939E-012   3.3191859107792941E-007  -2.0021888656951041E-013   4.9784233907016587E-013  -1.4172512063611863E-012   5.4059539032837922E-013  -3.3715292501311193E-009  -2.0344285245330700E-018   1.4963857561158701E-018  -2.6903904597745656E-019  -1.7993770890155193E-018  -2.1626853604480589E-019  -3.0913906100653741E-018   5.0065287448554815E-019   5.2291071141036981E-019   1.4648560496829198E-018  -3.7099692484601409E-019   6.4524005334684166E-017   2.4159798453612049E-016  -4.5973551194224914E-017   5.0978122872500947E-014   1.3320040572658212E-013  -1.6215734340506815E-013  -1.9689899598072413E-013   1.0964969391573802E-012   1.0735710041670376E-013   7.2982206195699389E-013   3.3256903932691362E-013  -1.1578357620337476E-012  -8.5724915546052653E-014   6.1261254176201017E-014  -4.6877785214637104E-013   8.9292874956275949E-014  -3.4850228939553010E-013  -1.1194410987034642E-013  -3.4865322364591097E-013   5.0105013599648408E-005   8.5914658494830339E-012   1.5962842853485499E-012   1.0335472125952785E-011  -1.2476444267747165E-012  -1.3945302964770591E-009  -1.2122462927986858E-017   1.9316057542653877E-019  -2.5814023866214950E-019  -3.9323341618315112E-018   3.1540940899975486E-019  -3.0590012155073037E-018   3.2000017838622713E-018  -4.8542625355795646E-019  -4.6738088954721189E-020   1.2276669026795831E-020  -1.2808248335137859E-018  -1.1097802998170258E-016  -1.7313314946213771E-016   9.9591194143265607E-012   2.3658572731560828E-004   3.8754575370636562E-011   2.6725355896195241E-013   5.5078004118364599E-011  -1.0226374343299946E-011   2.2791701227269405E-009  -1.0879692250273874E-016  -5.4291789320968968E-016  -5.5472769367751657E-016   5.2480564455371870E-011   9.8060253667454932E-004   1.5708801532861921E-010  -2.6116729920248807E-012   2.2382724652329208E-010  -4.9868860773056058E-011   1.0307735795620929E-017  -4.1245593120476398E-019  -1.6206082620640866E-020   3.9145015167125640E-018  -2.3590309998945861E-019   4.1348849367202690E-018  -1.3063523930287523E-018  -1.7125615301596383E-019  -3.8634919094593715E-019   1.0898460416693121E-019   1.6146489412872260E-009  -1.0445879192796312E-016  -8.1670221788745350E-016  -8.5545755548862404E-016  -1.6896413562116440E-010  -9.5862313360726214E-016   2.9849146115682162E-015   1.7252245113715834E-015   8.1745912679107807E-019  -8.3550080313355055E-020   4.6702645365296454E-020   4.6985613861776717E-019   3.4351153709832898E-020   4.1128501055291606E-019  -2.7282869817474719E-019   8.9294497696984063E-020  -2.4100773768689556E-020  -2.2861118125838406E-020  -8.7335896661130245E-010  -4.1058347064235113E-010   4.8758616030009160E-011   1.1903400435365330E-010   1.6429403179382398E-010
  -2.3658369299652803E-018   4.9165657163867900E-018  -4.7723554760406425E-019  -7.0360867654515484E-012  -9.7739504004974541E-014   1.6035889137246661E-013   6.4856226933028372E-007  -7.3783273728686318E-014  -1.6566638641845554E-013   1.7152473083008017E-013  -7.2917576519194410E-017   8.5721718178535419E-017   1.3222202182059237E-016  -9.5801423045213848E-010  -2.1965802280004817E-016   2.7911582715249829E-016   3.2858004950832429E-016   9.5037578161589901E-013  -9.4614762806371965E-014   3.3192038505061397E-007   5.3669531098125073E-014   5.9843469462578756E-013  -1.0040402327877723E-012  -2.4910795890303269E-009   7.5022854216899949E-019  -2.5812377171023234E-018  -7.3529665488501217E-019  -1.1406142809776288E-018  -1.0594865450411691E-019   4.2980931730953741E-019  -4.6511037115986014E-019   3.5996284014695377E-018  -2.6952059827847970E-018   1.7155927094243485E-018  -1.6807947480848036E-016   2.1385330393116961E-016   3.1619029747233939E-016  -8.2202584902360326E-013  -1.1876452224380896E-013   1.1288341098691017E-012  -4.2522697350736704E-013  -2.6615200686307339E-013   1.8692288279028585E-012  -2.2493785967481546E-013   6.1733205260990733E-013   4.6112641436548224E-013  -1.5890081185419968E-012   4.1876935757612509E-013  -8.2956287157013613E-014  -3.1037490912398545E-013   2.8133375120356679E-013  -8.8740921541037693E-013  -3.7305498330433245E-012   4.8812891392749018E-012   5.0104994333747731E-005  -5.1166802643101241E-012  -2.4192718970264379E-012   8.8472078510659088E-012  -1.0184129855595655E-009  -4.6064902221394401E-019   1.7930558221177704E-018  -2.3786410920795781E-019   1.3395390967903339E-018  -1.0072826635722353E-019  -1.5817826123132028E-020  -1.4433904212250318E-018  -2.6290584354957116E-018   1.0058108201953436E-018  -2.0983526169863470E-018   1.4167491416728382E-016   9.4624934400627659E-017   2.8038733139672980E-016  -3.1801686069155434E-011   2.1199440580782215E-011   2.3658563779710721E-004  -1.4580430979441527E-011  -1.6601160436225435E-011   4.6382142546926355E-011   1.6472617862579454E-009   6.6334638335515104E-016   9.9388840121229048E-017   7.0663967554898560E-016  -1.4837339792878614E-010   8.3973451029024763E-011   9.8060218470912182E-004  -4.1961509716607213E-011  -7.6813712026917673E-011   1.9033511835712652E-010  -2.6357656682301642E-019  -1.4625299217701272E-019   2.1718918001629475E-018   4.2248547000727078E-020   7.5463069311117697E-020   4.5586977208418462E-020   1.2143522035628108E-018   6.0539459661508153E-019   5.2989481649430532E-019   2.6727274675310854E-018   1.1178190959565911E-009   9.8652161014656366E-016   1.9020333464031848E-016   1.1291893265103569E-015  -1.0641684536491034E-010  -1.0918822374792477E-015  -1.0264754218983922E-016  -1.0391907672724524E-015  -9.0310414346207545E-020   2.0932633901318434E-019  -2.8002182916302093E-019  -3.4469348428527551E-020  -5.1394378930276653E-020  -1.8166095284606415E-020   1.8313020565889499E-019   5.4303645552887109E-019   1.5563781722756475E-019   5.6488249194409181E-019  -5.9570992044005839E-010  -2.7337132788684097E-010   3.1975783141034486E-011   7.8646030191206085E-011   1.0747264361541114E-010
   8.5422523672688482E-019   1.0702253231257297E-018  -1.4498003889567881E-018   7.8624959938556885E-012  -3.2428148651437291E-007  -8.8247326538426905E-014  -7.3783273728686318E-014   6.4856266695025271E-007   1.3121793479845401E-013  -3.2428118046959288E-007   3.8642353506048628E-017  -9.4949533038576210E-018   8.6323886282358069E-017   9.3514606628409716E-010   1.0155033028949925E-016  -1.5742838202839656E-017   1.9794151899603843E-016  -1.6595888469248555E-007   7.0208272109510796E-013   2.1778334855910576E-014   3.3191927525181261E-007  -6.8821098491434035E-013  -1.6596039067949163E-007   2.4406620363821892E-009  -4.4020908191814531E-019   6.0706833210492673E-019   5.0664555444273533E-020   1.3735824896934815E-018  -6.5138297934222830E-019  -1.0659619854511957E-019   1.2513392278160205E-018  -6.2302200411592576E-020   5.7437616967748337E-019  -2.7627636398563200E-018   1.0088819502630655E-016  -3.0424495677865071E-017   1.9543742725226807E-016  -1.5495325866200209E-014   7.4734325173390136E-014  -5.5556886529890603E-013  -9.8082579310511082E-014  -2.0177699541493060E-013   1.2762248182144944E-013   4.0925513979088347E-014   8.4521956251726513E-013  -1.5517401668572752E-013  -7.4420558930593512E-014   1.0562092148522191E-012   3.6895271980717904E-013  -1.7549539433260226E-012  -2.1855679739829349E-013   9.2771677897125188E-013  -2.5052512335981559E-005  -5.0924825151501049E-012  -6.2303069662906794E-012   5.0105011370689840E-005   7.2341907968960318E-012  -2.5052499044353144E-005   1.0193528125061959E-009  -1.3059684236004772E-019   8.1918940337522587E-019  -1.0507916076009906E-018  -1.2904141905677539E-018   2.4755159072236680E-019   6.8544530151509057E-021   2.2709669046158952E-018  -1.5785532408192754E-018   9.6300267075811569E-019  -6.2435141689760829E-019   2.0570498065206309E-016  -1.3529034171322111E-016  -9.6118358877571636E-017  -1.1829288793411385E-004  -3.1177157825315149E-011  -1.9672600206058045E-011   2.3658571297099928E-004   4.0616694179999357E-011  -1.1829282504543602E-004  -1.6615033188469146E-009   6.5572465686413737E-016  -4.8274501880301295E-016  -4.5839177677029520E-016  -4.9030136176016019E-004  -1.3311389013319513E-010  -6.2338939802241197E-011   9.8060248296661192E-004   1.6996950504942014E-010  -4.9030112123314197E-004   1.2820712682492544E-018   1.7612757515945877E-019  -1.0364182853316118E-019   5.4894240737893119E-019  -1.9823749510616593E-019   8.0254546233871506E-019  -3.3014152373515056E-019   2.0942682794611875E-020   8.1324947088566324E-020  -7.3885686038993852E-019  -1.2022583511642696E-009   1.0095610012000233E-015  -7.3176859161953688E-016  -6.8086338093529407E-016   1.3223887780331833E-010   1.8094383711283345E-015   3.2260717680419436E-016  -1.7230842947581496E-015   2.9800878720434789E-019   2.9770851626261075E-020  -3.9472432644547470E-020   1.1687911373259801E-019   1.9632939727105388E-020   2.1954737174047989E-019   2.5747467095700028E-019   1.3139812819414179E-019   1.5751074223328992E-019   1.6764556965588167E-019   6.5342517344448479E-010   3.1129724640614007E-010  -3.7268422675755015E-011  -9.0598031101914077E-011  -1.2571731623552206E-010
  -1.9809620955693306E-018   1.1777887142685233E-018  -2.6292643133269174E-018   2.4617334591353391E-011  -1.7777883004849889E-013   2.4713714965755618E-013  -1.6566638641845554E-013   1.3121793479845401E-013   6.4856254105110159E-007   4.6561069592276372E-014   4.8155948810628415E-017  -4.8577378036634485E-017  -2.3020053896153411E-017   3.0658012626484761E-009   1.0468697036411552E-016  -1.0496080690625083E-016  -7.9327956967985892E-017   2.0599646062264386E-013  -1.2769451931931546E-012   6.5937237940250675E-013  -5.7496516932398757E-013   3.3191924328277467E-007   3.6895971847277687E-013   7.9897371363883961E-009  -1.1645966400166245E-019  -1.5403056205146147E-018  -1.5008132855387535E-018   3.3040141549342958E-019  -1.2538942577966446E-018  -2.1813394067880107E-019   1.6656329297568370E-018   1.7841192632210032E-018  -4.9129846446058622E-019  -3.5378748202029976E-019   1.1416620416476118E-016  -1.0210939886599927E-016  -5.5730158434387097E-017   1.5128288765334453E-013  -1.1488259503949780E-013  -2.8021126855912984E-013  -4.4501540453220627E-014   6.1040856850627273E-013  -2.2131716743895512E-013  -4.6428343235691375E-013   1.1419550383533084E-013   7.7703151948739066E-013   1.9509618241378593E-013  -3.2762352392846707E-013   1.4257959888217647E-012   6.1993801139694965E-013  -1.8807824560348195E-012  -2.2696608196295833E-013  -7.7610514773024794E-012   6.4989725437542306E-012  -7.5930521318229668E-012   2.9353937618713441E-014   5.0105002638791558E-005   7.7319505163013714E-012   3.3108645177013182E-009  -1.8523892546889523E-019   2.1388702302418644E-018   1.1165327686463682E-019  -5.0754017625855619E-019   6.0314289450689580E-019   4.5397814353071999E-019   1.4393071976699799E-018  -2.9920204869387706E-018   1.2731109641583145E-018  -4.9539051492931425E-019   1.3246486233410262E-016   1.7876258754337855E-016  -1.1712413070757787E-017  -3.5640715943597732E-011   3.7106267530319616E-011  -4.0864044311261134E-011   6.8753804283242640E-012   2.3658568594333830E-004   2.8765522218262337E-011  -5.3995326303901792E-009   3.9838754125095122E-016   7.0032472160101100E-016   4.4643866119027073E-017  -1.4469190967219207E-010   1.4969083878083889E-010  -1.7693871269142496E-010   2.9912877793344211E-011   9.8060239205000760E-004   1.1477949479849476E-010  -6.1436955252504364E-020  -5.1544484563587155E-019   1.3683636374168495E-019   1.8997724045414070E-020  -2.6175767771571647E-019  -6.1547746477910391E-020  -1.3521863858803112E-018  -7.4636697860754725E-019  -7.8975284587315064E-019  -8.3478569851414533E-019  -3.8333355756164532E-009   6.1530642043042833E-016   1.0501539989865843E-015   5.0648365625695534E-017   4.0407737327625921E-010  -6.5611459137281133E-016  -9.9646500730345305E-016   9.2711487285935247E-016  -9.2921629704172351E-021  -2.5298715067466063E-019  -3.8218791851416840E-019   6.6296034882696943E-020   1.1894461360413175E-020   5.5590481117049255E-020  -3.7417867513125280E-019   1.7222279768861905E-019  -2.0376063091044089E-019  -6.9962186261095761E-020   2.0739380018287538E-009   9.7682663574270875E-010  -1.1610321933098757E-010  -2.8342259519648954E-010  -3.9146768576199735E-010
  -2.3916582956440163E-018   4.7298676603891950E-018   9.2522712122277254E-019   2.8971551216289201E-012  -3.2428113035901408E-007  -6.8624872623990865E-014   1.7152473083008017E-013  -3.2428118046959288E-007   4.6561069592276372E-014   6.4856231086352351E-007  -1.7611258220373741E-016   3.4053856099683621E-016  -1.9794671242199889E-017   4.5652286946494872E-010  -4.6215972063717365E-016   9.1216775623223998E-016  -3.9106235448180516E-017  -1.6595985091563443E-007   4.9117002847756224E-013  -8.6219919539511991E-013  -1.6596045875358335E-007   4.7720126931526400E-013   3.3192030978788832E-007   1.1826035723002650E-009  -1.7172406202079681E-018  -4.6624850259038760E-019  -9.1086427404794767E-020  -1.5460864367814735E-020   6.2563207099906068E-019  -3.1554250887174840E-020  -2.6922475533239771E-018   5.3544691001570614E-019  -5.5903136811540015E-019   1.1941720854366838E-018  -3.8247886741040666E-016   7.9842396915236633E-016  -5.9072491419552055E-017  -5.8932280221152326E-013   2.1491440006613412E-013  -1.1376368148670742E-012  -3.2762206447213081E-013  -2.7840575286903071E-013   1.3604525720258434E-012  -2.8742896004798602E-013  -3.6099402723541982E-013   9.7289330100960024E-014   1.4067061612469488E-012  -6.4358578397989552E-013  -3.6113245452364645E-013   1.4557715230844820E-012   5.6864326108608353E-013  -1.6045536715392998E-012  -2.5052494632336544E-005  -1.5958818370888431E-012   2.6812586724104843E-012  -2.5052499745448891E-005  -5.8938163580705330E-013   5.0104994387653592E-005   4.7424164718344114E-010  -1.6518745069200689E-018  -1.5137248539166476E-018   7.2843942995765882E-019  -1.2588058283225132E-018  -7.2488246800469451E-019  -1.2693428356683645E-018  -1.5432152825346472E-018   7.2054002040218928E-019  -1.3499953245982990E-018   6.5857671153186538E-019   3.6073125040583602E-016   7.6574683537278973E-017  -1.9532206556988691E-016  -1.1829281453693235E-004  -1.1904298494245442E-011   1.7280036645992589E-011  -1.1829282806635874E-004  -1.0319515210468637E-011   2.3658564261187963E-004  -7.6450844719263348E-010   1.6292431193631347E-015  -4.1536015262971420E-016  -6.9817323213610889E-016  -4.9030108531295555E-004  -5.6985002854689995E-011   6.9156345481255542E-011  -4.9030113331217603E-004  -4.6866275303837576E-011   9.8060221865126345E-004   2.1567556164296517E-018  -5.8864594447262271E-019  -1.5762185169701452E-019   1.1816087565339848E-018   2.3231804079875625E-019   1.0578012536203225E-018  -1.1972897863787969E-018   2.3731739849573677E-020  -6.6905997569985005E-019   2.9606003968695571E-019  -4.8801974580130262E-010   2.4295358170038081E-015  -5.3561464937126671E-016  -1.0547483777973589E-015   3.8948017469259527E-011  -6.0752406290142855E-016  -1.0474094769870224E-017  -7.4691872272418791E-016   4.3980982792513017E-019   3.1270312241885366E-019   5.3321537511386632E-020   1.5645667829844857E-019  -2.9874801142420659E-020   1.6877640167960380E-019   6.7174189801554454E-019  -9.5744414819839217E-020   3.1574888987207726E-019  -5.2014179946973666E-020   2.5559362543652369E-010   1.1246237252227816E-010  -1.2786642226522702E-011  -3.1958040043829947E-011  -4.2866227397687697E-011
   9.4200874500782066E-004  -3.5562068298270231E-009  -2.1817942348879337E-009  -3.6150453970963571E-015  -2.3043264958644933E-016   2.3315951900737142E-017  -7.2917576519194410E-017   3.8642353506048628E-017   4.8155948810628415E-017  -1.7611258220373741E-016   6.8815113071575493E-002   1.1725213812366548E-009  -2.0276659001012811E-009   8.7029990588907698E-015  0.18388382172090803        2.3346113473882895E-008   1.6592671071309341E-008   6.7395440093415906E-016   8.4439021043478188E-017   1.1319693640771470E-016   7.7006238121362533E-016  -6.0880196545125503E-017   5.7743718062633937E-016  -2.5442454275258529E-014  -4.7960967769240116E-009  -8.0505510260125170E-009   2.9210948090337583E-009  -2.2305356890216290E-009   5.1540555162242772E-010   8.6652111607881777E-009   1.5650244771992237E-009  -1.5445724862503118E-009   5.9508494565129536E-009  -1.0260016995059408E-009  0.16027464300674873        1.6852725503070794E-008   1.4786604514821071E-008   1.3101822166643852E-015   2.9207511638847902E-017   1.3208963044614274E-017   7.6868080056259504E-016  -1.2148899083638442E-017   7.5147614510694946E-016   3.3047326677325357E-017  -6.0023941389017796E-018   1.3754806436369134E-017  -4.4477951530395320E-019   1.3893148440056919E-015  -1.1783301975841759E-017   7.5143882582800325E-016  -2.2327335337601418E-017   1.3814156641512524E-015  -1.8599168951188958E-015   1.9471556565237883E-017   4.8541337774473958E-016  -1.9259882655430344E-015   5.1728847638625644E-016  -1.9502993783548360E-015   2.1016305946381406E-014  -1.7333937529104831E-010  -1.5664139447676951E-009   3.1149696825690562E-009   5.5406926168518967E-010   8.2412594313574951E-010  -3.2150476277946607E-010   1.0705494432087070E-009  -1.0385985606411089E-009   1.3011747264134094E-010  -1.5476414852481001E-009   2.1502075700965958E-002   2.7858935421889311E-009  -1.6819892856924750E-009  -2.7868396469661741E-016   7.1350316087949607E-016   2.1576634876465351E-015  -5.5501717475409609E-016   2.0608376442005051E-015  -1.1832711067069256E-015  -6.5381203656765458E-015  -6.7076593906643306E-002  -7.5023391383683861E-009  -4.1689188075053171E-009   1.6069471856053282E-015   2.7818877174573482E-015   9.0252566587186462E-015   5.2751008107903654E-016   8.7329118036126585E-015  -1.9603187617985931E-015  -3.4351165381779018E-010  -5.1812848381698409E-010   2.9796872705878452E-010  -1.2275269513804854E-010   5.7401624146892017E-011   5.8362784761485729E-010   1.9716000698277826E-010  -1.5117355125609516E-010   2.5361012430345158E-010  -1.0941253478939918E-010   5.6919697490862191E-015  -8.0534879937982057E-002  -8.8029076790793200E-009  -5.9390950367267778E-009  -1.6374108084687478E-015   4.1323887992927466E-002   4.4857895496453243E-009   3.0396796564999330E-009  -9.7622564165972796E-012  -3.9233278527217136E-011   5.4077012053827508E-011   8.0473369335735241E-012   1.3438859746787240E-011   5.0539056863507264E-012   1.8597430543971612E-011  -2.1119671132847679E-011   1.4282138185388830E-011  -2.4564582381067376E-011   2.7842262658950212E-015   1.0001201377539339E-015  -1.0012825770608354E-016  -6.3879005323692631E-016  -8.6291845259735905E-016
  -6.4854140874943091E-010   9.4201338798839175E-004   4.7948107030544026E-009  -1.2490819730445099E-015   1.4639096388709093E-016   1.0964432241697387E-016   8.5721718178535419E-017  -9.4949533038576210E-018  -4.8577378036634485E-017   3.4053856099683621E-016   1.1725213812366548E-009   6.8815111460254513E-002   3.2545672966043386E-009   1.4070244367185926E-015  -1.6983589086491891E-008  0.18388381566392606        1.8100606326884160E-008   7.1715730083313352E-017  -1.7137881180387103E-016  -1.5397649348502279E-016   1.4072381892018247E-016   7.1019569532136295E-017  -2.1307997111869416E-016  -1.4012755595812468E-015  -4.9061212405109372E-009  -1.4104870021158850E-009  -2.1921584801157807E-009   4.4417538704382725E-009  -1.1116991396756542E-008   2.1404919710728303E-009  -2.8494676984528837E-009  -5.3039184154695690E-009   5.2333955933455917E-009   5.5872401841650056E-009  -1.7514258816123964E-008  0.16027464522082099        2.3799255549743903E-008  -9.2999726924843863E-016  -1.5148824830126436E-017   5.1161156445796340E-017  -5.6358265114553164E-016   1.7471385602507169E-017  -5.4945186640369194E-016   5.6637961566636913E-019   1.9580556229168320E-017  -3.4495116800195886E-017   5.6232529297278001E-017  -9.4446690864512499E-016  -3.9477480347180822E-017  -5.4611210623262635E-016  -5.3861470283489278E-017  -9.4392834254094961E-016   3.2928994129624768E-015   5.8901375543256941E-016  -8.9152832999552284E-016   2.8525358005029627E-015  -3.7251618597376283E-016   3.3332321528719770E-015  -1.1155450946603662E-014  -1.1853709857707757E-009  -2.0975363599763445E-010  -2.0340017604964990E-010   1.7442080352860789E-009  -7.9448200970918283E-010  -1.5387483904126508E-010   2.0487802061920140E-009  -1.6094976878103666E-009  -2.5389894607927664E-009   1.3512434710888970E-009  -2.1019671379418440E-009   2.1502074319430204E-002   1.3888650079310342E-009   3.5443666582177943E-015   2.0171989726152549E-015  -4.0383053356954385E-015   1.3173896304360075E-015  -2.0535539845591562E-015   2.3720514831966451E-015   5.6091206774732902E-015   6.5422657774146360E-009  -6.7076592968770152E-002  -7.8384838840077342E-009   1.0761158621303325E-014   8.5126473084896434E-015  -1.6768741942630132E-014   1.5246306064884781E-015  -8.4088982459401070E-015   6.3148834950621361E-015  -3.8639680476843085E-010  -1.0819753154486923E-010  -7.6598593167260529E-011   4.4618145937154435E-010  -7.4462918941573437E-010   7.2229421376274432E-011  -2.8736975156529324E-011  -5.4062161241831378E-010   1.4675524899246693E-010   4.6005218601259092E-010   8.4928452472092728E-015   7.8924953088078286E-009  -8.0534879370426207E-002  -9.9567671013088359E-009  -5.4160057678392076E-015  -3.9904764630500995E-009   4.1323887660875060E-002   5.0220753630252825E-009  -2.6343924827738856E-011  -3.4912448572935660E-012  -4.0845679707180663E-012   2.7500898378545481E-011  -2.4826234032852338E-011   7.8440700849282855E-012   2.8135096262102739E-011  -2.4149068445814326E-011  -3.4261858554064076E-011   2.1044407457419263E-011  -1.4236686783101906E-014  -8.0563263934681618E-015   3.5621769718507817E-016   3.1165873084143282E-015  -1.7120741781758068E-015
