   5.4576184737246380E-007  -2.4499371784351406E-018  -3.3457992249705285E-018   1.3992158206378021E-016   7.5800068505441061E-019  -5.6302957186381700E-019  -2.0101858926535166E-019   1.2713256435521894E-019  -3.2192385242739512E-020  -3.7222505060597491E-019   3.1262699933167281E-016  -2.7635895253836658E-006   2.3175996275163171E-018   1.0173007092711597E-017   8.2436651827201277E-019  -7.4375851416436645E-019   1.6000090830189648E-019   1.9434258538850680E-019  -1.1036259739858766E-019  -1.0793278329733906E-019   7.8661675062918853E-019   6.3705029477120899E-020  -1.8213319734933150E-019  -3.4558039220958301E-019   2.0409469654206246E-016  -6.8020765340151910E-019  -6.7213332831723975E-020  -3.7288088137731030E-019  -2.9645268274688262E-019   9.2710541176858922E-021   1.0643037140463530E-018   3.4907410312094015E-006  -3.4596666578037187E-019  -1.4065299157828927E-017  -7.1734161980187511E-005  -1.0768707462805344E-017   2.0299731382876082E-016  -2.3578565219591155E-019  -1.0799931384842247E-018   6.0143425443023636E-020   2.9139025209117000E-019  -2.2710708799236658E-020  -1.8823172569440927E-019   3.1929338936109341E-016  -1.0104847603414197E-003  -1.4709128995085757E-016   2.8051398431386142E-015   7.3282402441900691E-016  -6.2341935710097104E-021  -1.1150067317205024E-019  -2.0891309149356378E-019  -1.1978651190526983E-019   1.5730330078763502E-019   5.1703365349040666E-020   3.9863287442807619E-016   7.9792877627321285E-018   1.1532834696427822E-020   1.2002611910246144E-020   5.4249600012199544E-018   2.0391680370017382E-020   5.6654474886349732E-018   3.9816909501892623E-020   4.7906273027504719E-020  -3.5331756334189178E-020  -4.4349557145989572E-020   3.2718275287264899E-020  -5.3388656304180639E-020   1.2681111479144595E-020   1.1911627489418640E-020   1.5906434905041628E-020   2.8687290291943948E-020  -7.0893458256427121E-017  -1.4586213453461109E-016  -1.2326617430636760E-016
  -2.4499371784351406E-018   5.4576184737140490E-007  -2.2117956403137867E-018  -9.1817931996209581E-016  -6.4594656637186709E-019   1.9257420739212584E-019  -3.4920143576467598E-019   1.3957306928344039E-018   3.7463459855229179E-020  -1.8431728410037210E-018  -2.2054836103946366E-015   1.1673975847660809E-017  -2.7635895253825723E-006   3.8531763457469284E-017   2.3745525226502023E-020   1.8702808880658168E-018   9.2500633017077412E-019   2.2226412773018486E-019   2.8444763239874344E-019   1.2579579604719832E-020   5.8264944386422048E-018   1.0356447697935967E-018   3.5287881679963142E-018  -1.3573046327696518E-018  -1.1588839410682905E-015  -1.7700746876136498E-019   4.4260001797253039E-020   6.3983206234255080E-019  -3.6120418434578103E-018   2.4299149556190835E-019   1.1774418430717015E-018  -1.5683488022308682E-017   3.4907410311869666E-006  -5.6187195710895742E-017   3.3230187404006179E-016  -7.1734161980104637E-005   1.2616945383456875E-015   3.4311138556061966E-019  -5.2551477760729521E-019  -3.9681068709038842E-019   1.6856679977611232E-018  -5.0724675913637787E-020  -6.9402006589054358E-019   3.9269048742864610E-015   4.6839409858233775E-015  -1.0104847603404491E-003   1.7771960996415798E-014   6.7278220923459226E-015  -3.5480815734135230E-018   1.5799966319124762E-019   1.2384947409489884E-019  -3.2812439826361781E-018   2.3945463491813906E-020  -3.3734431952972997E-018   3.6437781094649872E-015   1.1655159716515886E-020   8.1931809411875311E-018   1.5275716906034846E-019  -2.8511917833899458E-020   2.8097704053482294E-020   6.2981616768328912E-021   1.4475511629578652E-017   1.8874917019520554E-019   8.4116688576986195E-018   1.2858340579371190E-019   1.8665806821759888E-018  -7.7903793273296727E-021  -9.4711440319545842E-020   1.7674692102356068E-018  -5.4691717666623236E-020   1.9770124580044478E-018   1.1906691646741275E-015  -1.2304892046048643E-015   8.3583626372452708E-015
  -3.3457992249705285E-018  -2.2117956403137867E-018   5.4576184737528262E-007  -4.3790525485988269E-016   5.5900999557114729E-019  -1.9565083847133424E-019   7.7160516979192992E-019   2.2060915537280391E-020   3.6368625376293312E-019   1.1831122569309988E-018  -1.0326792803873709E-015   1.3173224261666075E-017  -1.8853281862554531E-017  -2.7635895253920938E-006  -1.3778796139865869E-019   8.7253030345152498E-019   1.4255753909830294E-018  -1.4995242151478443E-019  -1.2023765199187554E-019  -4.4921789776808514E-020   8.9296963830734217E-019   1.6252384794065073E-018  -2.4316155256250571E-019   4.9418402889389171E-018  -5.8493110839592927E-016  -3.2479123460954848E-019  -6.9288025450241871E-019  -4.9777253235992136E-019  -7.0350044276389494E-019  -1.9668247394625100E-019  -8.8329720650470102E-019  -1.7280294910204934E-017   2.4671717885820758E-017   3.4907410312093287E-006   2.4420309849458744E-016  -9.5735387420207761E-016  -7.1734161980365957E-005  -1.6362182822999240E-018   1.6708713114859947E-019   3.4589710497941226E-019  -5.8220173473623268E-019   1.5470990469070461E-019  -5.3796537614608856E-019   5.0677961077987390E-016   3.3874501127831220E-015  -1.3681891492927266E-014  -1.0104847603440359E-003   5.7957290028151403E-016   1.0369379057225096E-018  -3.1220972432024126E-019  -1.8665544979796589E-019   1.0292065439408035E-018  -9.7970383493743256E-020   1.0546573670456538E-018   3.3141316208110314E-016  -6.4893906592725446E-020  -1.8076413132706722E-020   7.3129649678240227E-018  -4.8321750361103692E-020  -2.5679305360035675E-020   1.7402531800697737E-020  -4.5665074196083598E-020   7.6476409645233929E-018   1.2716457845681449E-019   1.3103074406231283E-017  -5.0816574096794861E-019  -6.4124341035300544E-021   7.4240181897933709E-020  -3.9128526608545146E-019   9.6643790599592973E-021  -5.4394914592775330E-019   4.7401744914051556E-016  -8.9270294668859466E-017   2.6498174032059120E-015
   1.3992158206378021E-016  -9.1817931996209581E-016  -4.3790525485988269E-016  0.11610185394246707       -1.2342193292286679E-014   9.5313510214771214E-017  -1.0766458020610228E-016  -1.2084452872937980E-014  -5.5302786628209695E-017  -1.0704984602687251E-014  0.27517233257255191       -3.1132132012484435E-016   1.5254979400970260E-015   3.7596725118487951E-016  -5.9656422708255564E-017  -1.6933191577822958E-016  -9.7046156756172309E-018  -7.6715944101575025E-018  -1.2195852439441465E-017   3.2728768443637761E-017  -4.8975808003435651E-016   6.7976800180289507E-017  -1.7352123193650387E-016   3.4596710419367657E-017  0.15903111534397840       -2.0450793783952328E-014   7.3483075723270869E-017   1.2914833359971689E-016  -1.9959977020691606E-014   7.0886802331817210E-017  -2.0974542153525355E-014   3.2242307227277518E-016  -3.1182007355891160E-016  -3.9325586378689617E-016  -3.2477879629629518E-016   1.7833216739362227E-015   6.6892438159395611E-016  -1.1563997252030878E-014  -2.3668318704764782E-017  -2.9877147981181752E-017  -1.2511240983035823E-014  -4.0233244708531011E-017  -1.3134161012197688E-014  -9.1816005980465312E-002  -2.7921499904252684E-015   2.6542943043297593E-014   6.9474573738400108E-015  -7.5637634510390461E-002   1.1060585418692443E-013   9.8662828215694149E-018   1.5451046444203790E-017   1.0565854060590292E-013  -4.0645650253725840E-018   1.0933762201621441E-013  -3.1383205626835421E-002  -2.9007868096360421E-017  -3.8620784029845941E-018   6.2050682452086147E-017  -1.4248118156196781E-017  -1.7369362737350381E-019  -1.2723643479891361E-017  -6.4679873392633148E-018   6.2909149152494252E-017  -1.9783053913244333E-018   1.3502326418965795E-016  -3.6162198961974231E-014  -2.6424135685622693E-018  -2.3832173314245877E-018  -3.5865707195792102E-014  -9.0647553779562594E-019  -3.6052162140437780E-014   7.3830465338907700E-003   1.0643298153148061E-002   1.9789463452282430E-002
   7.5800068505441061E-019  -6.4594656637186709E-019   5.5900999557114729E-019  -1.2342193292286679E-014   1.3275082847306458E-027  -1.1136913609879897E-029   1.2950354348827445E-029   1.2979220415891658E-027   3.7657810268036991E-030   1.1585926946461467E-027  -2.9205769439189651E-014  -3.8383092617547250E-018   3.2708976882171789E-018  -2.8306745436808107E-018   6.9792341642533444E-030   1.5719006648596404E-029   6.7739258710314436E-031   6.1595412813703833E-031   8.6888798818831629E-031  -4.2680142436760782E-030   4.6254700181046902E-029  -4.8265082079111772E-030   1.0578013398655507E-029   2.8665690661157613E-030  -1.6954527250178598E-014   2.2189953425134588E-027  -8.7844369944334175E-030  -1.5366620336324228E-029   2.1671514809919662E-027  -6.9569198452336889E-030   2.2649909207170450E-027   4.8482394029342395E-018  -4.1315313524892838E-018   3.5754773582916094E-018  -9.9630533328783560E-017   8.4902299142610614E-017  -7.3475479756475644E-017   1.1279238531606765E-027   2.7984784151255685E-030   4.5654786014711785E-030   1.2391981947127823E-027   4.0844105330080015E-030   1.3159991530049883E-027   8.3029481896178183E-015  -1.4034475738526123E-015   1.1959779975569805E-015  -1.0350138693078557E-015   5.2345654780526868E-015  -8.0390771782087534E-027  -1.3365056263098567E-030  -2.4676166209284931E-030  -7.5408119960567735E-027   3.0749382861357462E-031  -8.0358548176028924E-027   1.8477139662640481E-015   1.4061199933864851E-029  -9.5242484986891082E-030   1.3402309330664437E-030   9.2457274290316270E-030   7.2548601930669991E-032   9.0840011654072863E-030  -1.6459739762423466E-029   1.4998470343080673E-030  -9.7450565440607831E-030  -6.3773809065581782E-031   2.7161002744300526E-027  -1.7727372401058110E-032   5.3609669366996933E-031   2.6888004404870577E-027   1.0683227838142889E-031   2.7301974418549135E-027  -5.6672815672604923E-016  -5.9237382486863987E-016  -1.8798930121887452E-015
  -5.6302957186381700E-019   1.9257420739212584E-019  -1.9565083847133424E-019   9.5313510214771214E-017  -1.1136913609879897E-029   1.0822775257778038E-030  -3.3446169523834105E-031  -8.6697496072727512E-030  -3.2610531182375787E-031  -8.8069356342039674E-030   2.2828322223282474E-016   2.8510285846771789E-018  -9.7514339808737345E-019   9.9072262094550415E-019  -1.2693086142865425E-030   1.1713504945726388E-030  -6.4758955013337675E-031  -2.1086771297302226E-031   2.6134371944694823E-031  -1.7796158634359140E-031   9.7678580592062119E-032   3.5084522657536944E-031   9.2229538454103239E-031  -1.4737763429806207E-030   1.2820156052542614E-016  -1.3467407575987371E-029   5.8176260325640647E-031   9.2165653276589058E-031  -1.4270938577279520E-029   3.1322221379580811E-031  -1.4466349307545285E-029  -3.6011869238430515E-018   1.2317216575514589E-018  -1.2514000620229331E-018   7.4003807159118978E-017  -2.5311680272596505E-017   2.5716068293097924E-017  -4.1994749215336648E-030   1.1277245037643540E-030  -3.3879958592081802E-031  -3.8665561585945402E-030   1.0262838161734656E-031  -7.4811463039414050E-030  -1.4154826622835101E-016   1.0424561642218671E-015  -3.5655350906796740E-016   3.6224992930512392E-016  -1.9166980047517419E-016   6.3588480496630554E-029   4.1037138249016206E-031   3.4283736406782464E-031   5.1544438866321582E-029   8.0578664133700419E-032   6.6349272481061859E-029  -8.2727008749585243E-017  -8.2617840511183394E-030   2.7142791033599635E-030  -2.5785482427737672E-030  -5.7944507636957610E-030  -1.4021318578229049E-033  -5.7609763519829513E-030   5.0248655304767237E-030  -2.7244297028199068E-030   3.0357004064129590E-030  -4.5713491891534759E-030  -1.2344606359678649E-029   4.3475101998548623E-031  -5.7781854888692627E-032  -1.1396667974607699E-029   4.1221266614002137E-032  -1.3924425567301919E-029   1.4291985904511081E-016   3.5867170784985480E-017   6.8944078912801778E-016
  -2.0101858926535166E-019  -3.4920143576467598E-019   7.7160516979192992E-019  -1.0766458020610228E-016   1.2950354348827445E-029  -3.3446169523834105E-031   1.5279595445431995E-030   1.0803454358019966E-029   4.8240561570408323E-031   1.3615268995362034E-029  -2.5348406527217495E-016   1.0179034506945508E-018   1.7682610734928833E-018  -3.9071986714331252E-018  -3.7930060470575773E-031   4.2766615391640443E-031   1.3931484426137088E-030  -3.9087998697058891E-031  -2.9427695269050991E-031  -1.4865752655721802E-032  -2.2506509922808176E-030   1.5096104890919454E-030  -2.4249745390313034E-030   7.8803154254630257E-030  -1.4928381843230435E-016   2.0502593122864832E-029  -1.0988038862835783E-030  -1.0944600481957561E-030   2.1323695259913491E-029  -4.7631082935141071E-031   1.8091030521869076E-029  -1.2857326706856066E-018  -2.2335232589370232E-018   4.9352548901190259E-018   2.6421597831798122E-017   4.5898540684868431E-017  -1.0141868747555094E-016   2.5716761432210102E-030   9.7762010678511518E-031   7.6893279488445263E-031   4.0358925235146212E-030   2.3737071761671400E-031   7.3874435067098958E-030   3.0087200609518695E-017   3.7218838578291579E-016   6.4655074519117570E-016  -1.4286364443232379E-015  -3.5369429897082568E-017   8.4679915450173419E-029  -5.1929445755496662E-031  -2.9085433087920590E-031   8.9651422138222503E-029  -2.6337783230070583E-031   7.8604726505032339E-029  -2.9485183988141605E-017  -3.0049840658508270E-030  -5.2423927272023804E-030   1.0219669099586553E-029  -1.9818000778829535E-030  -5.7694629176487650E-032  -2.0832886637763295E-030  -9.3246093307966729E-030   1.0651544355977199E-029  -5.2088196858442468E-030   1.8375412378186920E-029  -2.5958631852698722E-029  -7.7951532579522087E-032   1.6293856657438144E-031  -2.5974407414981600E-029   2.1445914467090880E-032  -2.4552804298191850E-029  -2.6871339627163196E-017   9.9009958831092353E-018  -1.5750785206594360E-016
   1.2713256435521894E-019   1.3957306928344039E-018   2.2060915537280391E-020  -1.2084452872937980E-014   1.2979220415891658E-027  -8.6697496072727512E-030   1.0803454358019966E-029   1.2795855879155147E-027   2.7835301509092382E-030   1.1303705929050046E-027  -2.8585128155042963E-014  -6.4376472065592399E-019  -7.0676005320293395E-018  -1.1171047455743386E-019   5.0778279027958955E-030   2.2810236879104836E-029   1.7597750398969045E-030   1.0266907639492601E-030   2.2015147303193431E-030  -4.8264041717147701E-030   6.4091282325012058E-029  -9.4128528860701135E-031   2.2482620338675446E-029  -5.6393920134856778E-030  -1.6611405646146231E-014   2.1842166507418303E-027  -7.2625426428588404E-030  -1.1689213320852586E-029   2.1208220150797116E-027  -5.3575124369376028E-030   2.2330670911609250E-027   8.1315112255964628E-019   8.9272169192121884E-018   1.4110356604472809E-019  -1.6710123673259578E-017  -1.8345285966397659E-016  -2.8996553931081997E-018   1.1068291150450029E-027   2.6099045500824696E-030   2.6757992786335811E-030   1.2239839737950822E-027   4.0838409213320628E-030   1.2852821202777936E-027   7.8125086870096995E-015  -2.3538750365452695E-016  -2.5842125120635104E-015  -4.0846055826815699E-017   4.5097139038464721E-015  -7.5362951737208334E-027   2.8399626461406486E-032  -1.5530097280392074E-030  -7.0696671943507110E-027   7.6207746731779406E-031  -7.5380826813065872E-027   1.5104205704803517E-015   4.7991163310613533E-030   2.0703883481004625E-029  -5.2213932244311388E-030   2.4461405177606932E-030   1.8814848513006588E-031   2.7320123032165733E-030   3.7550292465930322E-029  -5.3102259410075848E-030   2.1811970180542445E-029  -1.2831215323773637E-029   2.5817151447786019E-027   8.9802563810729930E-031   1.3652092247611171E-031   2.5567654521535614E-027   5.6276514998567754E-032   2.5947536548009895E-027  -2.0755269168550787E-016  -4.5647006469786163E-016  -2.2574321006891776E-016
  -3.2192385242739512E-020   3.7463459855229179E-020   3.6368625376293312E-019  -5.5302786628209695E-017   3.7657810268036991E-030  -3.2610531182375787E-031   4.8240561570408323E-031   2.7835301509092382E-030   8.0197801240986151E-031   2.3142225701307806E-030  -1.4050338190021207E-016   1.6301348121332297E-019  -1.8970476910846392E-019  -1.8416082514000633E-018   1.8992324060387631E-031   7.1138172130899559E-031   1.3364476900451571E-030  -6.3646511769930986E-033  -8.8533900396722094E-032   2.5249274228989838E-031   1.5818809554937693E-030   4.6542039541704011E-031   9.8662613137623244E-031   2.9206736666873328E-030  -6.5925638577830506E-017   7.8612089914253291E-032  -5.7541274930217618E-031  -3.6811221539250993E-031  -1.3990437916955526E-031  -3.9372250276538135E-031   1.3649046965079617E-030  -2.0590534241353444E-019   2.3961960169952928E-019   2.3261694356202382E-018   4.2313213879363260E-018  -4.9241439478721823E-018  -4.7802404588880572E-017   1.9257074020809785E-029  -1.7927412289637986E-031   1.2328593699032947E-031   1.7787106236997933E-029   8.1534074343550558E-032   1.8064265071171625E-029   3.3514963910377936E-016   5.9604596479364188E-017  -6.9364055837602295E-017  -6.7336956355731196E-016   5.9829572435368622E-016  -6.8512318586053511E-028  -3.2799959755168044E-031  -7.8816054122210887E-032  -6.7338346680019805E-028  -1.4797337211582273E-031  -6.6372673730943801E-028   3.0655826441274706E-016  -4.7605685603765498E-031   6.8740144628656722E-031   4.7749600373947466E-030  -2.7519733489191756E-031  -3.1546982081585347E-032  -3.4577631924438696E-031   9.9782055966594284E-031   5.0164967699380344E-030   6.3502498178286025E-031   8.6330283946876898E-030   2.0385838495519651E-028  -1.7656594999083710E-031   2.0178095434322698E-032   2.0266147883968959E-028  -2.8578039584585735E-032   2.0023762877523909E-028  -1.1877914847602009E-016  -1.1434652023381439E-016  -4.2837846761196909E-016
  -3.7222505060597491E-019  -1.8431728410037210E-018   1.1831122569309988E-018  -1.0704984602687251E-014   1.1585926946461467E-027  -8.8069356342039674E-030   1.3615268995362034E-029   1.1303705929050046E-027   2.3142225701307806E-030   1.0206396051689523E-027  -2.5306669289286188E-014   1.8848463956576637E-018   9.3333258480069668E-018  -5.9909586137434482E-018   3.5120640470164913E-030   1.2063360429371289E-029  -9.0757811365151012E-031  -7.6139025620439558E-031   2.4528475023733709E-031  -4.3239589072812965E-030   2.5060700104670826E-029  -2.9839055721770650E-030  -1.2076359205329799E-030   1.3363854995595743E-029  -1.4731459352749418E-014   1.9509375888490237E-027  -8.2751775725304971E-030  -1.4659653712571312E-029   1.9114024059028873E-027  -6.2322724685377734E-030   1.9797910373275452E-027  -2.3807843351511592E-018  -1.1789096461768791E-017   7.5672906042006113E-018   4.8924731914249448E-017   2.4226402005278947E-016  -1.5550659447310275E-016   9.3583555295392295E-028   6.7626293946094852E-030   5.4624748961780447E-030   1.0365409680969286E-027   3.9848285020210311E-030   1.1097876944302127E-027   6.4308118530203446E-015   6.8917925070021604E-016   3.4126571424915969E-015  -2.1905468679069862E-015   3.0533128909283427E-015  -5.2701304181181870E-027  -1.3788515684197033E-030  -2.3622488425141917E-030  -4.8624664572143498E-027  -2.8871570061530834E-032  -5.3237275071136024E-027   8.3031984612727324E-016  -3.0270731663961519E-030  -2.7909231593014711E-029   1.0352180755929047E-029  -2.3816827943687412E-030  -3.3820011882915026E-032  -2.7341679228068436E-030  -4.8521662473079212E-029   1.0717134252659932E-029  -2.7924429608225469E-029   1.6123263113656725E-029   1.8499147407507920E-027   5.2296189103267027E-031   8.1863481179006518E-031   1.8295848088763013E-027   2.7660163297178288E-031   1.8715236719730308E-027  -1.9912830384029886E-016  -2.2503753377418012E-016  -5.8736256333928941E-016
   3.1262699933167281E-016  -2.2054836103946366E-015  -1.0326792803873709E-015  0.27517233257255191       -2.9205769439189651E-014   2.2828322223282474E-016  -2.5348406527217495E-016  -2.8585128155042963E-014  -1.4050338190021207E-016  -2.5306669289286188E-014  0.65235853547856859       -6.8583907372882380E-016   3.4758267064382225E-015   8.1183417417956687E-016  -1.4506590147152393E-016  -3.9993880439584739E-016  -2.7952749457139921E-017  -1.9163455899939975E-017  -2.8182391135842506E-017   7.3600676528378553E-017  -1.1664385482355548E-015   1.7096527979399899E-016  -4.2494697399544025E-016   8.5523695512254774E-017  0.37673657584347758       -4.8296243977689020E-014   1.7485867019828528E-016   3.0675988444285219E-016  -4.7144799584151099E-014   1.7228664333324887E-016  -4.9568631771135981E-014   7.0544177068910704E-016  -5.4073170472520307E-016  -7.8765436671915677E-016  -5.5415993769509969E-017  -4.6759447217667115E-015   2.9321029688289051E-016  -2.7724151480015125E-014  -5.1048267246571577E-017  -6.9078125988176052E-017  -2.9924310758490411E-014  -9.5579767551654116E-017  -3.1387799474147710E-014 -0.22303442031490381        3.2842426729936583E-015  -6.4545939637893431E-014  -5.9407530519520495E-016 -0.18971930739993906        2.7482229526821675E-013   2.5376407605528199E-017   3.5962989363233703E-017   2.6295479589073398E-013  -9.1863124729724169E-018   2.7138463968338377E-013  -7.9855854337789675E-002  -6.9033000206629418E-017  -1.0950864223328055E-017   1.4888398561485102E-016  -3.4170050412030888E-017  -1.1314017940975193E-019  -3.0090630685315728E-017  -1.5719257504042183E-017   1.5056275313046821E-016  -4.5083694521388915E-018   3.2132891044750416E-016  -8.9497913022225040E-014  -4.8067780277436337E-018  -5.2811864939273523E-018  -8.8776894306098837E-014  -1.9708176856744500E-018  -8.9157545007486292E-014   1.9053944273145440E-002   2.7246412272960138E-002   5.1621231723034962E-002
  -2.7635895253836658E-006   1.1673975847660809E-017   1.3173224261666075E-017  -3.1132132012484435E-016  -3.8383092617547250E-018   2.8510285846771789E-018   1.0179034506945508E-018  -6.4376472065592399E-019   1.6301348121332297E-019   1.8848463956576637E-018  -6.8583907372882380E-016   1.3994065546318836E-005  -8.0298576903944290E-018  -3.2428186133455641E-017  -4.1743677868685852E-018   3.7661907827573570E-018  -8.1020107281173600E-019  -9.8409798321588188E-019   5.5884617005272835E-019   5.4654225245354637E-019  -3.9832132330333320E-018  -3.2258493889218866E-019   9.2227296364127337E-019   1.7499250940114364E-018  -4.4262668868860070E-016   3.4443865122048857E-018   3.4035003266935829E-019   1.8881673443334106E-018   1.5011557379880693E-018  -4.6946095942830593E-020  -5.3893444735647265E-018  -1.7676162956648651E-005  -2.9290293284910518E-018   4.7116037291819725E-017   3.6324228161981948E-004   1.5072175466446752E-016  -5.3253211202423317E-016   1.1939543993951403E-018   5.4687914506486176E-018  -3.0454994495600227E-019  -1.4755209663662429E-018   1.1500085111046151E-019   9.5315425218447685E-019  -5.2200897178886759E-016   5.1168199328773187E-003   2.0998401703403885E-015  -7.2261285996726756E-015  -1.2622825346759452E-015   3.1568256611047707E-020   5.6460907616765726E-019   1.0578790623556967E-018   6.0656630573875551E-019  -7.9654112220777695E-019  -2.6181178021112710E-019  -6.6190058221811925E-016  -4.0404942535418836E-017  -5.8399137507486726E-020  -6.0777961559749976E-020  -2.7470521633523512E-017  -1.0325792201642340E-019  -2.8688284847286770E-017  -2.0162199789677055E-019  -2.4258433418457585E-019   1.7891040237088162E-019   2.2457409238940674E-019  -1.6567644420985466E-019   2.7034563161118511E-019  -6.4213698745978807E-020  -6.0317240029260004E-020  -8.0545859153126323E-020  -1.4526463281909032E-019   4.7495523234431347E-016   2.6024836644654858E-016   2.0504501745967820E-015
   2.3175996275163171E-018  -2.7635895253825723E-006  -1.8853281862554531E-017   1.5254979400970260E-015   3.2708976882171789E-018  -9.7514339808737345E-019   1.7682610734928833E-018  -7.0676005320293395E-018  -1.8970476910846392E-019   9.3333258480069668E-018   3.4758267064382225E-015  -8.0298576903944290E-018   1.3994065546334916E-005  -4.2933071555626165E-017  -1.2024088000647516E-019  -9.4705936237362184E-018  -4.6839804162406698E-018  -1.1254850778265173E-018  -1.4403654289848230E-018  -6.3699568959675025E-020  -2.9503782790822985E-017  -5.2442233762765620E-018  -1.7868823306946830E-017   6.8730214173148161E-018   1.8980405489914814E-015   8.9631766878678849E-019  -2.2412060851140565E-019  -3.2399355029918863E-018   1.8290397271430129E-017  -1.2304428298238005E-018  -5.9622451802064940E-018   1.4891796802928429E-017  -1.7676162956562345E-005   9.2293664415405503E-017  -3.5670554080991279E-016   3.6324228161996086E-004  -2.4387262447245507E-015  -1.7374227146445806E-018   2.6610638721486917E-018   2.0093413705485652E-018  -8.5357641681851368E-018   2.5685595962876249E-019   3.5143288128001398E-018  -8.0100687242424725E-015  -5.0397476011469000E-015   5.1168199328803076E-003  -3.4348482440008055E-014  -1.4015816921478247E-014   1.7966519828543193E-017  -8.0006731196224892E-019  -6.2714004464186814E-019   1.6615326859693087E-017  -1.2125331295740827E-019   1.7082198591872755E-017  -7.5726734830545414E-015  -5.9018558265134899E-020  -4.1488039403427366E-017  -7.7352074829013893E-019   1.4437659538777830E-019  -1.4227912959343046E-019  -3.1892177472176544E-020  -7.3300052956675762E-017  -9.5577445074837041E-019  -4.2594402774923660E-017  -6.5111138768738454E-019  -9.4518567766931938E-018   3.9448361628269795E-020   4.7959296836039232E-019  -8.9499832452070462E-018   2.7694397986664353E-019  -1.0011053247782238E-017  -2.4895312374857542E-015   2.5740603388482518E-015  -1.7427303075549809E-014
   1.0173007092711597E-017   3.8531763457469284E-017  -2.7635895253920938E-006   3.7596725118487951E-016  -2.8306745436808107E-018   9.9072262094550415E-019  -3.9071986714331252E-018  -1.1171047455743386E-019  -1.8416082514000633E-018  -5.9909586137434482E-018   8.1183417417956687E-016  -3.2428186133455641E-017  -4.2933071555626165E-017   1.3994065546331914E-005   6.9772075250507454E-019  -4.4182560923661208E-018  -7.2187259646335872E-018   7.5931826931895428E-019   6.0885076010551674E-019   2.2747172284943638E-019  -4.5217553235567966E-018  -8.2297655278087735E-018   1.2313039523936464E-018  -2.5024134839007241E-017   4.9716949263278604E-016   1.6446544557346417E-018   3.5085571168182470E-018   2.5205846892606023E-018   3.5623348611410578E-018   9.9594654233499033E-019   4.4727767608483736E-018   4.4206246680246647E-017   4.9885946679665632E-017  -1.7676162956610890E-005  -3.4684271044328026E-016   1.2553224007040921E-015   3.6324228161995468E-004   8.2853642631998739E-018  -8.4608377756086419E-019  -1.7515288413677333E-018   2.9481112023578508E-018  -7.8340886988162952E-019   2.7241103164144558E-018   6.6934026230046651E-016  -4.6198504667394417E-015   1.8676153936631129E-014   5.1168199328797421E-003   1.6609706725113483E-015  -5.2507714738123269E-018   1.5809451100548695E-018   9.4517241981041903E-019  -5.2116219609662250E-018   4.9609537003254216E-019  -5.3404980052085531E-018   7.7960538623986975E-016   3.2860508907000025E-019   9.1534038983025548E-020  -3.7030865169177316E-017   2.4468819824944165E-019   1.3003301651478661E-019  -8.8121686900988547E-020   2.3123551367055131E-019  -3.8725573370796484E-017  -6.4392683087588463E-019  -6.6350404216863979E-017   2.5732130731875836E-018   3.2470821859789566E-020  -3.7593208474658411E-019   1.9813621446825567E-018  -4.8937786451877853E-020   2.7544105012760473E-018  -1.0730388713859239E-015  -3.3902533077756980E-016  -5.0712148996496224E-015
   8.2436651827201277E-019   2.3745525226502023E-020  -1.3778796139865869E-019  -5.9656422708255564E-017   6.9792341642533444E-030  -1.2693086142865425E-030  -3.7930060470575773E-031   5.0778279027958955E-030   1.8992324060387631E-031   3.5120640470164913E-030  -1.4506590147152393E-016  -4.1743677868685852E-018  -1.2024088000647516E-019   6.9772075250507454E-019   1.9532466033482941E-030  -1.4690877663565824E-030   3.6353800248572157E-031   5.4931737675830436E-031  -1.3914923657934268E-031   3.3790762343624775E-031   2.1061099661710981E-030  -1.1742805471750625E-030   7.1876816555701103E-031  -2.4344414879658768E-030  -7.8074602583132235E-017   5.6045537600786745E-030  -2.4398608357514609E-031  -5.1648650585528859E-031   5.4889095558027429E-030  -1.2695415500572534E-031   7.9034748457251356E-030   5.2727211400739574E-018   1.5187847891611123E-019  -8.8130398408642765E-019  -1.0835356417352723E-016  -3.1210781067161652E-018   1.8110653921996202E-017  -2.6651029597298859E-031  -2.1035089141863941E-030  -1.7170832856573054E-032  -1.5502785372048165E-030  -3.3211098477828247E-031   2.0206470578275756E-030   1.4967723605258295E-016  -1.5263247287431121E-015  -4.3965131474610434E-017   2.5511610204687509E-016   2.3946445125408535E-016  -2.7435059206694086E-029  -2.6781081279488815E-031  -2.7654930128344795E-031  -1.2706766013373735E-029  -3.7649692215684878E-032  -3.2094300035046105E-029   1.0489734732967164E-016   1.2134808808502296E-029   6.3290796683619326E-031  -1.7808253012042018E-030   8.5019351839011156E-030   3.7415742305626758E-032   8.4132248273902249E-030   7.8406688727464149E-031  -1.8063374127288845E-030   1.6427977958008431E-031  -3.3262101967542499E-030  -3.3517535009643726E-030  -6.5030733084554253E-031  -2.8570057937654076E-032  -4.7172505132651421E-030  -1.0170555814820258E-031  -8.7380393943438969E-031  -2.0936263575096014E-016  -4.7357713001138564E-017  -1.0193916683855921E-015
  -7.4375851416436645E-019   1.8702808880658168E-018   8.7253030345152498E-019  -1.6933191577822958E-016   1.5719006648596404E-029   1.1713504945726388E-030   4.2766615391640443E-031   2.2810236879104836E-029   7.1138172130899559E-031   1.2063360429371289E-029  -3.9993880439584739E-016   3.7661907827573570E-018  -9.4705936237362184E-018  -4.4182560923661208E-018  -1.4690877663565824E-030   9.1998328949517216E-030   5.0499007037433287E-030   1.7439513468091634E-031   9.5942685704753105E-031  -1.5894233808601783E-031   2.0748427980460156E-029   6.3507356686147645E-030   1.1907926456361811E-029   3.9387257478258775E-030  -2.3330588592182419E-016   3.1151478376524488E-029  -8.4099735307912963E-031   1.7343220546029541E-030   1.7740352739666661E-029   4.7139867041302620E-031   3.3722504978610824E-029  -4.7571452185607080E-018   1.1962481927372620E-017   5.5807809684617875E-018   9.7758562614637671E-017  -2.4582706325031758E-016  -1.1468414367821858E-016   1.9286539366073376E-029   1.5954606162575411E-031  -8.3969438885183722E-031   2.7256522119975905E-029   2.9347453643212705E-031   1.8793345453703121E-029   9.6093941965625479E-017   1.3770780195669057E-015  -3.4628480243848910E-015  -1.6155005682181997E-015   3.6002257868146334E-017  -2.0967389827964569E-028   2.6048160760590211E-031   3.9202425512094258E-031  -2.0691909887276391E-028  -1.4180169336888587E-031  -2.0393118260718901E-028   1.4487108547662788E-017  -1.0918676920971394E-029   2.7923445498326299E-029   1.2070706286136024E-029  -7.6820917403545687E-030   2.7688475426440513E-032  -7.5841855951576745E-030   4.9452141582644084E-029   1.2677897263354244E-029   2.9135040503744533E-029   2.1197261802592050E-029   7.5824056602460357E-029   3.0512269560049689E-031  -2.0815108477042102E-031   7.5770655407355576E-029  -1.3578019520072539E-031   7.4656207408649941E-029   8.2638657170777251E-017   2.9949220630102820E-019   4.3520843280590967E-016
   1.6000090830189648E-019   9.2500633017077412E-019   1.4255753909830294E-018  -9.7046156756172309E-018   6.7739258710314436E-031  -6.4758955013337675E-031   1.3931484426137088E-030   1.7597750398969045E-030   1.3364476900451571E-030  -9.0757811365151012E-031  -2.7952749457139921E-017  -8.1020107281173600E-019  -4.6839804162406698E-018  -7.2187259646335872E-018   3.6353800248572157E-031   5.0499007037433287E-030   5.6755034267799273E-030   1.7862084319945734E-031   1.1250104767640370E-031   2.3097039478525050E-031   1.2945773358036045E-029   5.3434251012536703E-030   5.9320528280708705E-030   1.0101215472007700E-029  -8.2337548079357015E-018  -4.7508515720580723E-030  -1.9376093210237299E-030  -3.7034334756273735E-031  -1.1530248945304607E-029  -2.7060749148680461E-031  -3.3357122230692442E-030   1.0233799565402216E-018   5.9164222754773074E-018   9.1181062477742179E-018  -2.1030292111131423E-017  -1.2158151809731322E-016  -1.8737560440145933E-016  -1.4269710610628232E-030  -1.0965567725653862E-030   2.1228429780115283E-031   1.7277763682266142E-030   1.5521889845681563E-031  -7.7014474904530049E-032   1.5482063302916248E-016  -2.9624364594522176E-016  -1.7126605760098871E-015  -2.6394703371561957E-015   2.9173750737290237E-016  -1.9793429336835534E-028  -7.1911757352488801E-031  -3.3293621993348620E-031  -1.8758291057500442E-028  -3.5447627950832747E-031  -1.9373559852470043E-028   1.4253372132304166E-016   2.2261358273795435E-030   1.4020433711979558E-029   1.9372935070307550E-029   1.5938241529864335E-030  -1.8935669374830282E-032   1.6306694569774451E-030   2.4480230079658308E-029   2.0326425668517133E-029   1.4506911901154485E-029   3.4465317901100937E-029   5.2482210713385540E-029  -4.0562165106316092E-031   1.6076294515035089E-032   5.1619787993963904E-029  -1.3701485433889463E-031   5.2779176687125224E-029  -1.4654215448870879E-016  -5.7902945370108615E-017  -6.7134553108326791E-016
   1.9434258538850680E-019   2.2226412773018486E-019  -1.4995242151478443E-019  -7.6715944101575025E-018   6.1595412813703833E-031  -2.1086771297302226E-031  -3.9087998697058891E-031   1.0266907639492601E-030  -6.3646511769930986E-033  -7.6139025620439558E-031  -1.9163455899939975E-017  -9.8409798321588188E-019  -1.1254850778265173E-018   7.5931826931895428E-019   5.4931737675830436E-031   1.7439513468091634E-031   1.7862084319945734E-031   2.6671580978638817E-031   1.0429681247474546E-031   1.3662622438674897E-031   2.6407341972140489E-030  -2.7770287844028988E-031   1.6581676710689837E-030  -2.2229472666798052E-030  -9.5482077194686920E-018   5.5233559915229756E-032   8.8823542168317557E-032   2.4369793034197698E-031  -1.2767403327538885E-030   1.0326821796777065E-031   1.1156929965927915E-030   1.2430323596133053E-018   1.4216210132047648E-018  -9.5910894657695784E-019  -2.5544113365550259E-017  -2.9214081229292552E-017   1.9709533281146553E-017  -1.1652826840892493E-030  -7.7319317457739004E-031  -2.3722169429353713E-031  -1.3702577658775133E-030  -1.5910128692469680E-031  -1.1339904080542673E-030   3.2737675209542616E-017  -3.5982768265209563E-016  -4.1152476107179515E-016   2.7763874929688348E-016   5.7392168097939160E-017   1.6312894570988522E-029   5.3635719510170757E-032   2.3687546127865961E-032   2.0552971582321815E-029  -5.1584610144668255E-033   1.4192398421938983E-029   2.4210912393035597E-017   2.8819274491686618E-030   3.4259976208446656E-030  -1.9210422585102028E-030   2.0280805652894494E-030   2.5755549336040724E-032   1.9683610469884502E-030   5.9476912763005509E-030  -1.9848698104773905E-030   3.3403618681122726E-030  -3.5342262019084604E-030  -8.6005970516650501E-030  -2.0473179053489446E-031  -6.2333884383223680E-032  -9.0511162938866865E-030  -5.8493502968316739E-032  -7.6338420230688716E-030  -6.5479591014595937E-017  -1.1843582057052199E-017  -3.2398058241728708E-016
  -1.1036259739858766E-019   2.8444763239874344E-019  -1.2023765199187554E-019  -1.2195852439441465E-017   8.6888798818831629E-031   2.6134371944694823E-031  -2.9427695269050991E-031   2.2015147303193431E-030  -8.8533900396722094E-032   2.4528475023733709E-031  -2.8182391135842506E-017   5.5884617005272835E-019  -1.4403654289848230E-018   6.0885076010551674E-019  -1.3914923657934268E-031   9.5942685704753105E-031   1.1250104767640370E-031   1.0429681247474546E-031   2.0140893310564747E-031   1.3728885822795599E-032   2.7031664144850164E-030   2.0986396149170259E-031   1.8866058413148669E-030  -1.7096385163688937E-030  -1.7459111479029408E-017   2.9905910906146241E-030   1.8741380706416972E-031   5.0803254109437704E-031   1.1124351147197498E-030   1.7923100137810954E-031   3.4089627817001249E-030  -7.0588893105146688E-019   1.8193522072212964E-018  -7.6905065338580030E-019   1.4505903035327163E-017  -3.7387392752818744E-017   1.5803866184326217E-017   6.3086985917392637E-031  -6.5439570190585495E-032  -2.8504456293400011E-031   1.2931416947146770E-030  -4.9532602862324729E-032   2.1112771841819568E-031  -1.2727699975457550E-017   2.0433770392742246E-016  -5.2665828334429818E-016   2.2262148874270268E-016  -3.5212470272129041E-017   3.5650973434693472E-029   1.8242778560885588E-031   1.4377952166196577E-031   3.5642744439250387E-029   7.7632673322132353E-033   3.4226728288070833E-029  -1.9132199837947661E-017  -1.5917902133415017E-030   4.2624737183250709E-030  -1.5341329065199117E-030  -1.1044876309934017E-030   1.7379304921997849E-032  -1.1429981389289766E-030   7.5448366614047171E-030  -1.5978920432522923E-030   4.3654402339019122E-030  -2.8210573997782963E-030  -9.7316768424468726E-030   2.0418047213971779E-032  -6.6307253516748618E-032  -9.7516786524961360E-030  -3.1726221259778443E-032  -9.3929221002079069E-030   7.5777424665996287E-018   7.2609917350320583E-018   2.7496583499773964E-017
  -1.0793278329733906E-019   1.2579579604719832E-020  -4.4921789776808514E-020   3.2728768443637761E-017  -4.2680142436760782E-030  -1.7796158634359140E-031  -1.4865752655721802E-032  -4.8264041717147701E-030   2.5249274228989838E-031  -4.3239589072812965E-030   7.3600676528378553E-017   5.4654225245354637E-019  -6.3699568959675025E-020   2.2747172284943638E-019   3.3790762343624775E-031  -1.5894233808601783E-031   2.3097039478525050E-031   1.3662622438674897E-031   1.3728885822795599E-032   4.4093025625203309E-031   2.8447241876612294E-031  -8.2365493602125679E-031   7.0050417990591312E-031  -8.2465043378711092E-031   4.8829997586276204E-017  -9.7831125889706109E-030  -1.2353190392054733E-031   1.3096654525431214E-031  -9.9770736489029182E-030  -1.1332162596276483E-031  -1.0583698524267975E-029  -6.9034762522029081E-019   8.0460103422283786E-020  -2.8732373932509717E-019   1.4186531721346749E-017  -1.6534420745725224E-018   5.9044562380810804E-018  -5.5551845332090595E-030  -1.6809418630613715E-031  -8.4123246272729371E-032  -8.0621307394086836E-030  -2.2664865700282672E-031  -5.2307866402708805E-030   8.8789890653421368E-017   1.9983887328998036E-016  -2.3291246072282730E-017   8.3173245243009155E-017   2.0198099445536673E-016  -3.5428386558778119E-029  -9.4499361864295205E-032   6.4330318584928171E-032  -2.6562153686458898E-029  -2.5361468413616711E-031  -3.6813376165834969E-029   9.5922426599296980E-017  -1.5409059025623695E-030   3.8848878639008666E-031  -5.4170699733493979E-031  -8.5424179769842190E-031  -4.2943417864340201E-033  -1.2356094560691257E-030   3.8975651974116796E-031  -5.7007738872592550E-031   1.0084145699980306E-031  -9.5357112833836714E-031  -1.8413767149466288E-031  -4.2832664052351850E-031  -3.3566473273579254E-032  -1.0955801924727310E-030  -9.7536811490943446E-032   1.1869311011828005E-030  -1.6265172337839132E-016  -4.2498126247682153E-017  -7.8273183506884396E-016
