   1.3133900361701405E-005   1.6817376877724509E-017   1.3394950889184156E-018  -4.0905598256232518E-019   2.8831990206358418E-017  -3.4763984977692099E-020   6.9624630576479297E-018   1.8513490871083615E-015  -5.0569637384928394E-016   9.2898261214512647E-016   1.1454561851268054E-003   2.3627855880811009E-015  -6.5142126260624646E-016   1.1996628069112971E-015   1.0257205637038308E-016  -6.0778978565108695E-019   2.6556468949914769E-019   6.1150711143233643E-017  -4.0510867964841595E-019   9.1454909804618484E-017   2.9682683435890618E-003   6.2836531072450950E-019  -5.5386480051589429E-020   3.2096985478767987E-020   7.6676256115760118E-020  -4.5568910444579432E-022   7.0928107257410746E-020  -8.5845132587476345E-020   1.3858276933610549E-020  -1.8809703848641049E-020  -1.4469445193890312E-019   2.4225466460220814E-015  -6.6764225970817000E-016   1.2227065061254763E-015   1.0851339653353748E-016  -7.1289117328480164E-019   2.1113742802644721E-019   1.4497753602280448E-016  -2.6168496981586336E-019   2.1282745554513699E-016   1.7380959625423972E-003  -7.2741886510033828E-017   3.0605964978083633E-019  -3.1471452631018224E-020  -4.8089114199181351E-017   3.6034736562116878E-020  -4.9220846898432814E-017   4.0194406149555870E-019  -3.3186772495383629E-020   1.2600794245777599E-019  -2.0193103924556642E-020  -7.0110044171673418E-017  -4.9591413155752183E-020  -5.6262498447997515E-017   3.8609911179461046E-020  -7.7201574023084592E-017  -2.2881812763790817E-015   6.2950778885748205E-016  -1.1566908065980469E-015  -5.2537241464745555E-020   3.2053979566102379E-020  -4.6768197968592381E-020   3.2611055851839101E-020  -2.9492215462604079E-023   3.2109437115322454E-020   3.8048796562261420E-022  -4.7581214783139680E-020   1.9182921107985584E-020   1.1136065203995358E-019  -8.9423613276479952E-017   3.1961378435819650E-019  -1.5206693528068932E-019  -8.3724460744403915E-017   2.5047728057886157E-019  -9.5096689003805494E-017  -5.1410738771112989E-004  -9.8745066517414598E-004  -9.0463716992076162E-004  -9.4482660793583000E-005
   1.6817376877724509E-017   2.5800295557126881E-029   3.2825056208885771E-030  -5.3086865311570199E-031   4.2258147261585429E-029  -6.2183950995056479E-031   1.4219286137804892E-029  -2.6481506938265460E-016  -1.5651454224330478E-017  -7.5596813550477854E-017   1.5200074086786212E-015  -3.4168170980870508E-016  -2.0194529158890540E-017  -9.7539949558876636E-017   1.2743745303860912E-028  -1.2072884476316601E-030   5.2096861607072321E-031   7.7578980813163186E-029  -9.3865865080734102E-031   1.1568142451601537E-028   3.9289010070886278E-015   2.0452043282253072E-029   1.7851660340129639E-031   1.4031096232420939E-030   8.7304923080187855E-030  -2.2367919912908150E-032   8.7402967527725084E-030   5.6416926490227923E-031   1.3581246550711478E-030   2.8595308093363992E-031   3.5583137587991484E-030  -3.4866978706698216E-016  -2.0607547842380533E-017  -9.9534837443472549E-017   6.6344441846463520E-029  -3.6219158667108206E-031   2.9428311204791100E-031   1.0743868656624748E-028   7.5248652609084790E-031   2.0610904919209417E-028   2.3291550581153899E-015  -6.2652495932692302E-029   3.0273393143822736E-031  -1.8172180691223830E-031  -4.1094651906085796E-029  -7.3247452420246925E-032  -4.3649539264587075E-029   2.4025168813583870E-031  -1.1147836979815113E-031   1.1045013321495764E-031  -1.3548686232673902E-031  -5.9021409114044133E-029  -4.2659686668508148E-031  -5.1541658834023240E-029  -3.4370851367473346E-031  -6.8932579411868306E-029   3.2902704166297641E-016   1.9446596045915432E-017   9.3927418781890172E-017   1.8018896943506446E-029   4.1236761507532701E-031   1.4941098649332157E-030   7.5945581672930956E-030  -6.6154906484174761E-033   7.6655870145730298E-030   6.5454497403066505E-031   1.4575945446650414E-030   2.7921054708904707E-031   3.5532365831569042E-030  -7.7561369961999135E-029   9.7258354158278854E-032  -2.5567379070881585E-032  -6.4226603896783215E-029   2.4178825672879040E-031  -8.4587661569938609E-029  -2.6174751310684645E-016  -3.8409053967488044E-016   1.8847167563594106E-016  -1.2608781391294895E-016
   1.3394950889184156E-018   3.2825056208885771E-030   1.3804223318676508E-030   1.0321237455152026E-031   5.6837397005297107E-030  -5.0846245745825808E-031   2.8404180408552248E-030   6.6803298600848608E-017  -3.3341417555732241E-017   4.0180724397994007E-017   1.4903978720958871E-016   8.6193981860651100E-017  -4.3019275996809794E-017   5.1843796675401331E-017   5.7824063329287458E-030  -8.4803571295101125E-031   5.5973218871475037E-032   3.3217486793419686E-030   1.3709783925583193E-031   6.2888861802693366E-030   3.8019430989758543E-016  -5.2448394918560091E-030   4.1886073634956375E-031  -9.3985610068656625E-031  -2.2575531900219458E-030   6.8773487652350383E-033  -2.2432796555440466E-030   1.1407389912895698E-030  -9.1625501590413727E-031   4.5869154165258394E-031  -2.4122766613415879E-030   8.7956821916625783E-017  -4.3899106598305758E-017   5.2904106449473760E-017  -3.4915376740675003E-029   4.0853960119048151E-031  -1.1297999854767916E-031  -3.5234645926422320E-029  -1.9105356837887608E-031  -2.1029191885533081E-029   2.3988410560930331E-016   1.1171751493557255E-029  -2.7403768346712412E-033   3.8831192977187425E-032   7.6815787124433196E-030   5.3876002707652730E-032   6.7888418324357634E-030  -8.1404737950825030E-032   1.7057934399019181E-032   1.2829299143378109E-032   2.1871815783415219E-032   1.2031439950460361E-029   8.7736584997686510E-032   6.9693031834272054E-030   6.6610781517048672E-032   1.0631898989398360E-029  -8.3001665136370472E-017   4.1425995917777617E-017  -4.9923687920654828E-017  -4.5779670115142852E-030   6.1317195176647005E-031  -9.2086342173465649E-031  -2.0319310139235122E-030   1.0551422741992094E-033  -2.0627787713713150E-030   1.2795004665696431E-030  -9.2252083398645184E-031   5.3968811661074425E-031  -2.0053846658817795E-030   1.3071318445029149E-029  -2.1213002301917041E-031   9.7874437911379373E-032   1.7433168485244532E-029   1.4944614988362566E-031   1.2701017403013589E-029   1.8725347385404725E-016   4.3137605010404695E-016   7.2180597520502162E-016  -1.2722895589447351E-017
  -4.0905598256232518E-019  -5.3086865311570199E-031   1.0321237455152026E-031   7.1835294661506027E-032  -7.2458139936623215E-031  -6.5653907589533021E-032  -1.8361053046194383E-031   3.7634088713519082E-017  -4.5352449256113278E-017   1.6882354569172305E-018  -3.3334851910699955E-017   4.8557960877013163E-017  -5.8516694091329184E-017   2.1782717230709427E-018  -3.8292133690904529E-030  -1.4367145702608833E-031  -3.3801286204848555E-032  -2.3988324225278380E-030   9.5035040081503123E-032  -3.3024719146066073E-030  -8.6819219644184181E-017  -3.0283962554090403E-030   7.0041379900701441E-031  -1.1787265268993833E-031  -1.3167085141551310E-030   3.5932786945984273E-033  -1.3030340065831072E-030   1.6709275797569902E-030  -1.2433825276605073E-031   6.4334191805374805E-031  -2.8360256791761664E-031   4.9551068709165420E-017  -5.9713478020555300E-017   2.2228217550259684E-018  -6.9584740982819837E-030   3.2754803131587144E-031  -9.2874282270102150E-033  -8.7603902667666475E-030  -3.2222844029191167E-033  -1.0425405178235059E-029  -4.9584063258991672E-017   3.6181517585264913E-030  -1.1129224705858599E-031   1.4323872496175001E-032   2.4794145504845621E-030  -8.6353171142627659E-034   2.4588102019969107E-030  -1.1706622784586493E-031   7.6444586826149551E-033  -4.4741570382381301E-032   5.6795176334457654E-033   3.8172271763365933E-030   4.2542679799899645E-033   2.8314848310137028E-030  -1.6448377926392038E-033   4.0337478860949952E-030  -4.6759547724974245E-017   5.6349445088964178E-017  -2.0975963313380499E-018  -2.7201823499155043E-030   7.9748913476426499E-031  -8.3383359608045693E-032  -1.1599197121854352E-030   7.1109492276910155E-034  -1.1795390642320899E-030   1.7739664892566569E-030  -9.3441068713214261E-032   7.7951630614686975E-031  -1.8941770459977118E-031   4.4280752156798657E-030  -8.7535033186381304E-032   7.6329066042066656E-033   4.6015108243754595E-030   9.3836421544432765E-034   4.7044021841306034E-030   3.3423905030502221E-017   6.9407451410103690E-017   8.7312959951881425E-017   2.7184239182284465E-018
   2.8831990206358418E-017   4.2258147261585429E-029   5.6837397005297107E-030  -7.2458139936623215E-031   7.0976360896687032E-029  -1.1836378236119410E-030   2.2245046322983721E-029  -1.1253134290811259E-016  -4.4043702309862054E-017  -8.4212926425371959E-017   2.5965781276038307E-015  -1.4519529323448914E-016  -5.6828063246625336E-017  -1.0865702150595778E-016   2.1634744807504760E-028  -2.5726304917983200E-030   7.6256610501778468E-031   1.3008136757561642E-028  -1.0445522237772020E-030   1.9580716396239923E-028   6.7132960589963713E-015   9.2204847402364548E-030   3.8775843883549838E-031   1.5975305024825429E-030   3.7142613746932459E-030  -1.3412650920993063E-032   3.7157196629620039E-030   1.2602870509039666E-030   1.5003317373396187E-030   5.5790132775274347E-031   3.8353807700712541E-030  -1.4816482861646603E-016  -5.7990311283343573E-017  -1.1087927584132233E-016   1.2194005663059840E-028  -7.9617575579632001E-031   4.9943270152426050E-031   1.9301582017893642E-028   2.1254957260099665E-031   3.6044844466460518E-028   3.9749731097919279E-015  -1.1165374539226249E-028   6.6492197463959203E-031  -2.1540072681749184E-031  -7.3339163083901894E-029   2.4806693132772860E-032  -7.7658720095326755E-029   6.1127397300831401E-031  -1.3973854103424104E-031   2.7631398184243962E-031  -1.7879353168829901E-031  -1.0521808419533541E-028  -3.4168698478516637E-031  -9.1222986329765303E-029  -2.0378569273964894E-031  -1.2236252023265551E-028   1.3981777901741017E-016   5.4723355089580017E-017   1.0463275415600280E-016   7.5284208184838101E-030   9.1895878726498965E-031   1.6281717876648096E-030   3.0911801364876885E-030  -3.1275107763447210E-033   3.1229650597278520E-030   1.6523444131328314E-030   1.5810251427421083E-030   7.0681885990160511E-031   4.1090707566279791E-030  -1.3936004048322537E-028   2.0618071682304146E-031  -9.0372138449167651E-032  -1.1747817041389770E-028   6.1320014714178518E-031  -1.5147910441372811E-028  -5.1828862372855229E-016  -8.1287404605291414E-016   8.6919143584021468E-017  -2.1527140428301989E-016
  -3.4763984977692099E-020  -6.2183950995056479E-031  -5.0846245745825808E-031  -6.5653907589533021E-032  -1.1836378236119410E-030   2.2753444867141923E-031  -8.7055629259036870E-031  -4.9571894965135141E-017   7.5627638823848975E-018   1.4201565594480497E-017  -1.6077880462705067E-017  -6.3960898711802055E-017   9.7579722341192794E-018   1.8323788089530540E-017   1.7558117929010127E-030   3.1648140762566885E-031  -8.4260819488432149E-033   1.1816952392247074E-030  -7.7918509550730151E-032   1.1777257249932185E-030  -3.9226096764049763E-017   3.8691341033217614E-030  -3.9640924042234535E-032  -2.9619695861411556E-031   1.6593282689047195E-030  -2.2678082101366535E-033   1.6628215407775602E-030  -1.5851005196804551E-031  -2.7413476563264726E-031  -5.6982822828552582E-032  -7.6293859065319894E-031  -6.5269027560604844E-017   9.9575423659075340E-018   1.8698546360628664E-017   1.9451925761764116E-029  -5.4054357979985994E-032  -2.6156877983980136E-032   2.0788339257996689E-029   6.5784034472851289E-032   1.7569072307251507E-029  -2.9957540851853781E-017  -7.8030654982171019E-030  -4.8514008781107239E-032   1.7286357331258498E-032  -5.2069447006420865E-030  -1.9124950341946190E-032  -4.8814323431099769E-030  -1.0442384809471143E-032   6.2263406388160465E-033  -2.5618837691812345E-032   2.2431426163987868E-032  -7.9259704353616477E-030  -3.1633156063838640E-032  -5.1835065931418926E-030  -2.1481106495199974E-032  -7.5751579753536139E-030   6.1592015847242961E-017  -9.3965718522643648E-018  -1.7645140533080856E-017   3.3949293385121642E-030  -1.2437267757951034E-031  -3.0720145199201943E-031   1.4858131711277386E-030  -1.1928362400493120E-033   1.4956550532913936E-030  -2.4474773107531796E-031  -3.0108660892163348E-031  -9.4752468414818272E-032  -7.0866084071822377E-031  -8.8677592968221971E-030   7.1251941125484934E-032  -3.1347225750671763E-032  -1.0376805312459851E-029  -5.0352341587744107E-032  -8.8803942983026312E-030  -9.5696570853573269E-017  -2.1284585744279672E-016  -3.2725033402524095E-016   1.5000537620059007E-018
   6.9624630576479297E-018   1.4219286137804892E-029   2.8404180408552248E-030  -1.8361053046194383E-031   2.2245046322983721E-029  -8.7055629259036870E-031   1.0478852186290470E-029  -2.4918073916315915E-016  -3.7431379157711130E-019  -1.6163909442587679E-016   6.7778758254687042E-016  -3.2150927515999446E-016  -4.8296411760077450E-019  -2.0855732373580617E-016   4.8421158794425889E-029  -9.7163479556995305E-031   3.5861474991797802E-031   3.0554953941189715E-029  -6.7468754603390377E-031   4.5676668097394588E-029   1.7431965450939709E-015   1.8655148028926552E-029  -1.4195797809544789E-031   3.2386594536043736E-030   8.1414875435403699E-030  -2.6825729139011306E-032   8.1341952666094474E-030  -1.6587299887032367E-031   3.1253492035001927E-030  -2.2074135857663117E-032   8.4742061853846826E-030  -3.2808478561190050E-016  -4.9284170387412278E-019  -2.1282273990883260E-016  -4.1953320490535339E-029  -4.5867735386813961E-032   3.2116989404299892E-031  -2.9554842962959768E-029   1.1258912005687233E-030   2.2313627754989414E-029   1.0585440430702949E-015   3.0748440522136682E-030   2.3375836691663715E-031  -2.6896856771705204E-031   2.2799952680522491E-030  -1.1496281649389531E-031   1.7178885985064971E-031   3.6978868853918658E-032  -1.3466835037884991E-031   8.2330864712410087E-032  -2.2172134833114920E-031   4.5290883561723597E-030  -4.5342460834927596E-031  -2.1591330561579235E-030  -4.4404464192145812E-031  -5.3208138205906082E-031   3.0960172182563942E-016   4.6507685451624269E-019   2.0083310659023195E-016   1.7009547864246659E-029   9.5197279978273195E-032   3.4254361526269699E-030   7.0619814007667903E-030  -5.7524860739824033E-033   7.1514039427936813E-030  -4.9611704911694014E-032   3.3701839839436190E-030  -6.4393280132310686E-032   7.7260242011380719E-030   1.7776927277183085E-030  -1.7075143107138827E-031   1.0953768293764695E-031   1.2705029973630541E-029   6.4433847829838556E-032  -1.0699983348963444E-030   2.5244490834957861E-016   6.4195292677924242E-016   1.3034783134203093E-015  -5.6847614381059931E-017
   1.8513490871083615E-015  -2.6481506938265460E-016   6.6803298600848608E-017   3.7634088713519082E-017  -1.1253134290811259E-016  -4.9571894965135141E-017  -2.4918073916315915E-016   6.5448301582457027E-002  -2.6252092134252575E-016   2.8919822401630436E-017   1.4262314152264844E-016   8.4445676150150445E-002   3.2186235556126737E-016   2.8494463631342585E-016  -6.0766235832929108E-016  -1.1470141925120005E-016  -2.0003310564204404E-017  -6.6419670605300716E-016   1.0097490859316284E-016  -6.1418729823601119E-016   6.2524767236787645E-015  -4.9620175314376743E-015  -4.8215136450760328E-017   3.6022930040770945E-017  -2.1557527879675960E-015   4.1491638154192825E-018  -2.1613533000629181E-015  -8.8794600518208282E-017   2.4243973618697652E-017  -4.4407632132587828E-017   5.9063665071871796E-017   8.6172759842739616E-002   2.4549725316860611E-016  -7.9290754192468738E-018  -1.1987587464198061E-015  -6.6305553729710040E-017   1.7455666603056478E-017  -1.2038937900754441E-015  -1.8773668756516972E-016  -1.1064229716105100E-015   6.8232888053258720E-016   3.4020103725545366E-016   4.8207939545008812E-017   6.6893275399739525E-018   1.9898267304908475E-016   2.7380816835851075E-017   1.6891400519353569E-016   5.1843973773442365E-017   4.7221274154632073E-018   2.5014493481919732E-017  -2.1578269425069931E-019   3.5057724060128070E-016   6.8078841071183463E-017   1.8784665567138376E-016   6.6544890557575491E-017   2.7115562058808555E-016  -8.1318110414722075E-002  -7.8540283001205982E-017  -1.5809446444028106E-016  -4.4698227505502928E-015  -1.9731018008794857E-017   1.4616812687239484E-017  -1.9062027917684861E-015   1.6274963823946705E-018  -1.9208528611037299E-015  -3.8184056561874571E-017   1.6006205963215013E-017  -1.9844724619047654E-017   5.4217611285750321E-017   4.4033328719824951E-017   6.8934205038840559E-018  -6.4241277362501539E-018   4.7359605133023628E-017   3.9098776640751879E-017   1.8870047307689276E-017  -7.1160583614886576E-016  -7.3303792895330312E-016  -5.3640321673440557E-016  -8.2339262213096042E-017
  -5.0569637384928394E-016  -1.5651454224330478E-017  -3.3341417555732241E-017  -4.5352449256113278E-017  -4.4043702309862054E-017   7.5627638823848975E-018  -3.7431379157711130E-019  -2.6252092134252575E-016   6.5448301582459165E-002   5.7134828687849605E-016   6.4571229470387826E-016  -3.6737343581724044E-016   8.4445676150149723E-002  -6.0523045180161542E-016  -9.9419265726358050E-018   7.5469670708997201E-017   2.6875483280505240E-017  -7.2010294862692825E-017  -3.0340014749250677E-017  -1.1122304356830204E-016   7.5163006138614269E-017   2.0812220339578005E-016  -1.0561816536483522E-015   1.4142500168218193E-016   1.0609615342208068E-016  -1.6330407049415517E-018   8.2556724456914838E-017  -2.4868994227206696E-015   1.4421718630583404E-016  -9.6443702184887647E-016   3.2252830850696827E-016  -1.0405630350429627E-015   8.6172759842735036E-002  -6.4497747285152307E-016  -5.9208263544268859E-016  -4.6737647443083514E-016   7.0859976206501090E-018  -1.8173639934667319E-017  -1.3937292978919001E-016   1.8220041377936420E-016   1.8685318828699297E-016   2.7662400129599919E-016   1.8988761411611321E-016  -1.2756741753384847E-017   5.9335256523897212E-017   2.5271640899337059E-017   3.5727811093455813E-017   1.8690386905436954E-016  -5.1674590944638628E-018   8.1894785071245688E-017  -7.1441965893867030E-018  -8.4235521664318937E-017   5.6016947069638206E-017  -8.6474306791363122E-017   5.6456733340166760E-017  -2.1432839904906130E-016   2.7821135965746416E-016  -8.1318110414723560E-002   6.3720594556046691E-017   2.2836336481228568E-016  -1.1654571952232835E-015   8.0051389358846506E-017   8.4983365362200863E-017   2.8822337561103675E-019   1.0070449971312061E-016  -2.5934608674481213E-015   9.5854910844466796E-017  -1.1456562551921675E-015   1.9320157988817078E-016  -7.0529232429604767E-018   9.7406195997323263E-017   2.4856732394328085E-018  -1.2252422264719725E-016   2.9232324868978853E-017  -1.5722020467391880E-016   8.9593555618445668E-019  -4.1581109221561352E-018   1.0539889832197882E-016   1.9212714155664337E-017
   9.2898261214512647E-016  -7.5596813550477854E-017   4.0180724397994007E-017   1.6882354569172305E-018  -8.4212926425371959E-017   1.4201565594480497E-017  -1.6163909442587679E-016   2.8919822401630436E-017   5.7134828687849605E-016   6.5448301582458179E-002  -5.5016309350709818E-016  -7.3719183223674658E-017   7.6286243625269306E-016   8.4445676150149418E-002  -1.6591996386824192E-016  -7.7423216057310564E-017  -1.0087993407686029E-018  -1.5434763816880657E-016   5.4228029600481850E-017  -6.8699388328542296E-017  -1.8421941464156857E-016   6.9740266199999323E-017   4.2288959958004054E-017  -1.4020685945942364E-015   2.1541650015089254E-017   3.8966569504095053E-018   3.3209272196415758E-017   1.0853728332883549E-016  -1.3408040407744408E-015   5.7340222338731718E-017  -3.6181387071604466E-015  -3.3557370139494399E-016   5.6533350592004336E-016   8.6172759842736479E-002   1.4025895117494622E-015   1.5831374849218573E-016  -1.5768718995170100E-016   1.0762138193873277E-015  -1.6905839166825378E-016   9.9511909596379658E-016  -4.1110980465389130E-016  -6.9907383670557352E-016  -5.9356215045079896E-017   7.5970583499938290E-017  -3.5187872041583308E-016   2.7950100139167917E-017  -3.6204614578867201E-016  -5.1856058537835712E-017   3.3446608197291596E-017  -1.9880230434038226E-017   6.7325400029805449E-017  -4.9649902584687005E-016   7.3712578745237558E-017  -2.7914459850027064E-016   6.8773526082622759E-017  -4.5557429063954743E-016   9.4732588337395119E-017  -7.3343058243444799E-016  -8.1318110414722741E-002   5.5468172975359083E-017   2.1795672206143918E-017  -1.4304195440805483E-015   2.9070670491808650E-017  -3.8285930859676644E-019   1.5658139047167053E-017   5.3479302344558950E-017  -1.4145534313120998E-015   2.6346820008593464E-017  -3.1977185351610042E-015  -2.2305361380821590E-016  -3.3914956929988979E-017   2.6156390638048418E-017  -1.6375715143773415E-016   3.5629263125116748E-017  -1.4915628116296174E-016   6.6813727710976436E-016   2.7364421325241649E-016   6.3963737261457806E-016   8.6844860226653583E-019
   1.1454561851268054E-003   1.5200074086786212E-015   1.4903978720958871E-016  -3.3334851910699955E-017   2.5965781276038307E-015  -1.6077880462705067E-017   6.7778758254687042E-016   1.4262314152264844E-016   6.4571229470387826E-016  -5.5016309350709818E-016  0.10081482010343583       -2.1479862500274361E-015   9.1490446571293336E-016  -6.9311136479601160E-016   8.8331350221666829E-015  -6.9571136299113673E-017   2.4968313473021991E-017   5.2712768922037749E-015  -3.4575291664507477E-017   7.9071975803538033E-015  0.26107464585888707        4.9660529171873783E-017  -7.3957553812214012E-018   1.4617278387613915E-018   6.0006484685309269E-018  -5.4954864641842237E-020   5.5397147431638701E-018  -1.0140814172573648E-017  -9.2166142211999033E-020  -2.2251797710609732E-018  -1.4671010432449456E-017  -1.0664322284738502E-015   6.9413567495997849E-016  -7.3275074441770014E-016   8.1591706873180144E-015  -5.6104288265978041E-017   1.6939208185329575E-017   1.1238762925028714E-014  -2.1116490514177663E-017   1.7364686794747947E-014  0.15336490242509085       -5.8095793961605352E-015   2.8113572785676153E-017  -3.2540492331323046E-018  -3.8352188198086565E-015   3.6532139802611155E-018  -3.9552982082390208E-015   3.3683777358758890E-017  -3.1086665564523332E-018   1.1795660565624095E-017  -2.3526675593407492E-018  -5.5723051223774707E-015  -4.1378678488663350E-018  -4.5476595823576444E-015   2.8357150172430956E-018  -6.2102915894570861E-015   9.1310865431055826E-016  -6.9184024085676839E-016   5.2593238198245253E-016  -2.5353428041641660E-018   3.4473239401706438E-018  -4.4212922979182680E-018   1.0217353679683414E-018  -8.8555915509899742E-021   9.8935124569986241E-019  -9.7787479487552781E-019  -4.6252349504229923E-018   4.8482739630073553E-019   9.4143836220164374E-018  -7.1659690717281711E-015   2.2723199751523892E-017  -1.0274926213721610E-017  -6.5643153295179620E-015   2.4033006310530225E-017  -7.6575541951031120E-015  -3.8027448488740581E-002  -7.1002106807022763E-002  -5.5768136272643203E-002  -8.3278840679373162E-003
   2.3627855880811009E-015  -3.4168170980870508E-016   8.6193981860651100E-017   4.8557960877013163E-017  -1.4519529323448914E-016  -6.3960898711802055E-017  -3.2150927515999446E-016   8.4445676150150445E-002  -3.6737343581724044E-016  -7.3719183223674658E-017  -2.1479862500274361E-015  0.10895733041249038        3.7831540742987174E-016   2.2438792157361176E-016  -7.8404568918376895E-016  -1.4799526756009175E-016  -2.5809578629134491E-017  -8.5698999948366337E-016   1.3028442639732136E-016  -7.9246459309629702E-016   2.0372450273997956E-015  -6.4023193173811944E-015  -6.2210320204054461E-017   4.6479138658320891E-017  -2.7814931387202140E-015   5.3535223279917137E-018  -2.7887192854534595E-015  -1.1456859686107403E-016   3.1281159255418277E-017  -5.7297629288957287E-017   7.6207800848992086E-017  0.11118572666819525        2.7902959348451310E-016  -1.5642369195182328E-016  -1.5467168808773027E-015  -8.5551758897228102E-017   2.2522441886281304E-017  -1.5533424498085114E-015  -2.4223014404211348E-016  -1.4275792295085917E-015  -2.6876462264807366E-015   4.3894961249424717E-016   6.2201034285891853E-017   8.6310075807121463E-018   2.5674044950774934E-016   3.5328519386156589E-017   2.1794388906841033E-016   6.6892483284584648E-017   6.0927974114585795E-018   3.2275334341150077E-017  -2.7841693484659466E-019   4.5233766819964221E-016   8.7839770120416479E-017   2.4237203207992724E-016   8.5860566914672419E-017   3.4986270336799118E-016 -0.10492194069501169       -6.5739921102302249E-017  -6.6022406590209525E-017  -5.7672574431285098E-015  -2.5458248978153260E-017   1.8859567027558326E-017  -2.4595074239992397E-015   2.0999021994495932E-018  -2.4784099009275766E-015  -4.9267565338736205E-017   2.0652253037605584E-017  -2.5604960678126589E-017   6.9955105534759514E-017   5.6814678562913403E-017   8.8943416614774032E-018  -8.2888294615117773E-018   6.1106457783795317E-017   5.0447796967079063E-017   2.4347368310004279E-017  -4.1707388673787658E-016  -1.3732561344733217E-016  -6.5254508975543973E-016   8.7037343244006659E-017
  -6.5142126260624646E-016  -2.0194529158890540E-017  -4.3019275996809794E-017  -5.8516694091329184E-017  -5.6828063246625336E-017   9.7579722341192794E-018  -4.8296411760077450E-019   3.2186235556126737E-016   8.4445676150149723E-002   7.6286243625269306E-016   9.1490446571293336E-016   3.7831540742987174E-016  0.10895733041248495       -7.4778355572567191E-016  -1.2827723429971428E-017   9.7375901555226976E-017   3.4676505006396532E-017  -9.2912388746869791E-017  -3.9146669935780104E-017  -1.4350723992079779E-016   3.1087532418717448E-016   2.6853286888536545E-016  -1.3627545974947382E-015   1.8247578016277628E-016   1.3689219118036524E-016  -2.1070558467549773E-018   1.0652008148325732E-016  -3.2087601693448424E-015   1.8607843925062557E-016  -1.2443796774719144E-015   4.1614710284146677E-016  -4.7284089621166308E-016  0.11118572666818476       -7.9839038619232813E-016  -7.6394371248466175E-016  -6.0303967323367337E-016   9.1428172436262720E-018  -2.3448818002674844E-017  -1.7982806289093926E-016   2.3508688177418541E-016   3.6055783348424911E-016   3.5691836554946749E-016   2.4500541005439206E-016  -1.6459581941636481E-017   7.6558225890548840E-017   3.2607122745264185E-017   4.6098356904648554E-017   2.4115558716966589E-016  -6.6673934488651261E-018   1.0566600402608485E-016  -9.2179093567500858E-018  -1.0868617535998847E-016   7.2276726160768490E-017  -1.1157480224925674E-016   7.2844167149738158E-017  -2.7654050813029016E-016  -4.6179897471125582E-016 -0.10492194069500929        5.0317145198694198E-017   2.9464933822915605E-016  -1.5037490430624748E-015   1.0328753440071569E-016   1.0965109217514638E-016   3.7188463638110362E-019   1.2993552718738449E-016  -3.3462527097770634E-015   1.2367827067864985E-016  -1.4782005761212902E-015   2.4928130528151556E-016  -9.1001425199315845E-018   1.2567984016887780E-016   3.2071780675281326E-018  -1.5808875976986472E-016   3.7717456057918207E-017  -2.0285578337625262E-016  -1.2066785044236755E-016  -2.6337468370161504E-016  -2.0977601522327666E-016   1.8189018237815291E-017
   1.1996628069112971E-015  -9.7539949558876636E-017   5.1843796675401331E-017   2.1782717230709427E-018  -1.0865702150595778E-016   1.8323788089530540E-017  -2.0855732373580617E-016   2.8494463631342585E-016  -6.0523045180161542E-016   8.4445676150149418E-002  -6.9311136479601160E-016   2.2438792157361176E-016  -7.4778355572567191E-016  0.10895733041248583       -2.1408078127143397E-016  -9.9896493439810040E-017  -1.3016188406929041E-018  -1.9914941033147235E-016   6.9968547925320677E-017  -8.8640440748420066E-017  -1.8066724035512421E-016   8.9983449405925460E-017   5.4563979981091181E-017  -1.8090405345390057E-015   2.7794444728585311E-017   5.0277214678815846E-018   4.2848773417699962E-017   1.4004189652896620E-016  -1.7299930031858548E-015   7.3984102397138513E-017  -4.6683590275638770E-015  -1.0693621552496404E-016  -1.0380736052109831E-015  0.11118572666818791        1.8097126558979311E-015   2.0426674508038126E-016  -2.0345831830199035E-016   1.3886014069563583E-015  -2.1813018593455370E-016   1.2839676947570812E-015  -5.3613945085808539E-016  -9.0199075288620338E-016  -7.6585267944357735E-017   9.8022211975828919E-017  -4.5401692251599760E-016   3.6063045910254797E-017  -4.6713559923572428E-016  -6.6908075837420730E-017   4.3154999837405181E-017  -2.5650772601151885E-017   8.6867631246828867E-017  -6.4061549240828582E-016   9.5108786666834463E-017  -3.6017060479896992E-016   8.8736098124103990E-017  -5.8781172436100814E-016  -1.8544007610943798E-016   7.2161108468846168E-016 -0.10492194069500944        7.1568661958550555E-017   2.8122200761428366E-017  -1.8456207824749115E-015   3.7508879015378087E-017  -4.9399010215871048E-019   2.0203154354197589E-017   6.9002491085856677E-017  -1.8251492868331481E-015   3.3994389101608461E-017  -4.1259054446099257E-015  -2.8779835045897270E-016  -4.3759293981798814E-017   3.3748684681978500E-017  -2.1129017932059507E-016   4.5971203875188852E-017  -1.9245118223553163E-016   2.7890653014215058E-016  -9.2946350235158556E-016  -1.0894553461373067E-015   7.1190162530902568E-019
   1.0257205637038308E-016   1.2743745303860912E-028   5.7824063329287458E-030  -3.8292133690904529E-030   2.1634744807504760E-028   1.7558117929010127E-030   4.8421158794425889E-029  -6.0766235832929108E-016  -9.9419265726358050E-018  -1.6591996386824192E-016   8.8331350221666829E-015  -7.8404568918376895E-016  -1.2827723429971428E-017  -2.1408078127143397E-016   8.2096319287323781E-028  -1.4601532770606809E-030   2.0359317899673985E-030   4.9175083410242216E-028  -4.3270938630982928E-030   7.2860591545280436E-028   2.2910697743586708E-014   5.1401600009663324E-029   3.8377999403169041E-031   3.6136272625144039E-030   2.0627854292048098E-029  -4.9842048181001103E-032   2.0603992500559750E-029   5.8295684128404312E-031   3.4202918007061420E-030   3.3844703534776239E-031   7.6973370268063288E-030  -8.0008099834063009E-016  -1.3090076139557700E-017  -2.1845916324536258E-016   1.0155543316151737E-027  -6.0285566021376365E-030   2.0668937182873405E-030   1.3134848152407583E-027  -6.0648434389652976E-032   1.8170078152296158E-027   1.3355270893302587E-014  -6.3524830036656547E-028   1.8895474199758488E-030  -4.3592137552655051E-031  -4.2064820875423521E-028  -1.1026798313593646E-031  -4.2654958019863310E-028   2.9294055113530681E-030  -3.6067446153645404E-031   6.9068020049192755E-031  -2.5255198150807926E-031  -6.1620137150171027E-028  -1.2377781569954184E-030  -4.8458688780969816E-028  -4.3386893522625097E-031  -6.6853201922622108E-028   7.5500744182401580E-016   1.2352630446045884E-017   2.0615199501921302E-016   4.0663314911710646E-029   4.7516535952396679E-031   3.1552928453840252E-030   1.8090528632608435E-029  -1.3641540747661068E-032   1.8252848428589905E-029   7.4020377722902762E-031   3.1097790099194722E-030   5.8740796394495670E-031   8.4802081152072469E-030  -7.7605207816125091E-028   3.1367297115234611E-030  -1.5619879415013107E-030  -7.4457031807043239E-028   1.2293319162176792E-030  -8.2067972349090827E-028  -4.8523988774121039E-015  -9.5705946024366942E-015  -9.9089814483934493E-015  -7.2709878341804106E-016
  -6.0778978565108695E-019  -1.2072884476316601E-030  -8.4803571295101125E-031  -1.4367145702608833E-031  -2.5726304917983200E-030   3.1648140762566885E-031  -9.7163479556995305E-031  -1.1470141925120005E-016   7.5469670708997201E-017  -7.7423216057310564E-017  -6.9571136299113673E-017  -1.4799526756009175E-016   9.7375901555226976E-017  -9.9896493439810040E-017  -1.4601532770606809E-030   7.0748770814573968E-031   2.2244901993053454E-032  -4.4606543604019886E-031  -2.7102778342317789E-031  -1.9555673782596451E-030  -1.7718826885855647E-016   8.9176335428090435E-030  -1.1344464236329678E-030   1.7812682423392296E-030   3.8837985185188676E-030  -1.3467958480044394E-032   3.8522027560040030E-030  -2.7884725089265744E-030   1.7328358155243778E-030  -1.0906643276402438E-030   4.5923641872231699E-030  -1.5102206804102113E-016   9.9367434328649522E-017  -1.0193957738006850E-016   1.8346351590522615E-029  -6.8685967432796994E-031   1.8103584836281777E-031   1.9535864204664904E-029   3.4953326066275107E-031   1.2779600526577403E-029  -1.1262676727576314E-016  -5.7563004259511641E-030   1.6481592990072674E-031  -1.0563156132524049E-031  -4.1315518352816185E-030  -6.2814292562314736E-032  -3.6548516746055844E-030   1.9222039327262993E-031  -4.8386610762626539E-032   5.3695975086168384E-032  -7.5864758630081311E-032  -6.6921184251358095E-030  -1.4300923871965731E-031  -3.9950429939685031E-030  -1.2504591406825420E-031  -6.0701770985292156E-030   1.4251405231109067E-016  -9.3769446529408795E-017   9.6196684708145176E-017   7.9966971692935683E-030  -1.3483922805459108E-030   1.7671933085231046E-030   3.4357901025861004E-030  -1.9519350430599583E-033   3.4952775835564247E-030  -2.9686353583894845E-030   1.7666575647497671E-030  -1.2968531881069130E-030   3.9107978767264614E-030  -7.1376652877879999E-030   2.1878903178821963E-031  -6.3838821896152123E-032  -9.5034986635977809E-030  -1.2814595020069389E-031  -7.1492465720423829E-030  -9.9435593934088950E-017  -2.2785756120565045E-016  -3.7666258399750513E-016   5.9593123996678017E-018
   2.6556468949914769E-019   5.2096861607072321E-031   5.5973218871475037E-032  -3.3801286204848555E-032   7.6256610501778468E-031  -8.4260819488432149E-033   3.5861474991797802E-031  -2.0003310564204404E-017   2.6875483280505240E-017  -1.0087993407686029E-018   2.4968313473021991E-017  -2.5809578629134491E-017   3.4676505006396532E-017  -1.3016188406929041E-018   2.0359317899673985E-030   2.2244901993053454E-032   2.6103964711808504E-032   1.2900300513695063E-030  -5.0854997600437817E-032   1.8562039627722074E-030   6.4363775914775442E-017   1.6035082244436038E-030  -4.2580803097922884E-031   6.6683292545569154E-032   7.0230374346144632E-031  -2.0380321250078974E-033   6.9413297565204862E-031  -1.0027229689987383E-030   7.0189445245526673E-032  -3.8487956247891499E-031   1.6318196368777425E-031  -2.6337436352526982E-017   3.5385709184072996E-017  -1.3282395603814530E-018  -2.8049385734316226E-031  -1.7652629866199846E-031   1.3621044034026637E-033   5.0046399833538984E-031   8.3063349478526171E-034   2.3377833996902797E-030   3.8656970137072544E-017  -3.9498596955530801E-031   7.3150031993041443E-032  -1.0095898068140323E-032  -2.9486649449984022E-031   3.3147440003562613E-033  -3.6030802083218769E-031   6.7123086337170475E-032  -5.1749710263211597E-033   3.0429600181538351E-032  -5.4818367399395402E-033  -4.8096012412014778E-031   4.2602934889526352E-034  -5.1695201518452201E-031   1.5156782808409298E-033  -6.9264740585661959E-031   2.4853684171935443E-017  -3.3392211318114609E-017   1.2534115354482342E-018   1.4620340023800901E-030  -4.7094997666754448E-031   4.8830791527790321E-032   6.1411292232684412E-031  -3.8616764315643125E-034   6.2526521048672545E-031  -1.0561132277844802E-030   5.4371962569152357E-032  -4.6674783976933040E-031   1.1371715343920924E-031  -5.7112238075542200E-031   3.4704764110150341E-032   5.4051629162459534E-033  -2.9867110948563365E-031   8.8896776073864156E-033  -7.3465437366739948E-031   3.0514871782693370E-018   9.8843938859483648E-018   2.7378451080204102E-017  -2.0835939922148239E-018
   6.1150711143233643E-017   7.7578980813163186E-029   3.3217486793419686E-030  -2.3988324225278380E-030   1.3008136757561642E-028   1.1816952392247074E-030   3.0554953941189715E-029  -6.6419670605300716E-016  -7.2010294862692825E-017  -1.5434763816880657E-016   5.2712768922037749E-015  -8.5698999948366337E-016  -9.2912388746869791E-017  -1.9914941033147235E-016   4.9175083410242216E-028  -4.4606543604019886E-031   1.2900300513695063E-030   2.9608458626886499E-028  -3.0565139650772227E-030   4.3698771603399691E-028   1.3671243969394871E-014   5.3236521283010971E-029   1.4672662423354084E-030   3.0252381721416427E-030   2.2113377119195736E-029  -5.0593065408411285E-032   2.2139102903634785E-029   3.1611953100543454E-030   2.9098175159669336E-030   1.3285415789679073E-030   7.0435019847344676E-030  -8.7451716630016956E-016  -9.4812633718082355E-017  -2.0322241577891737E-016   6.0297651875477227E-028  -2.9158846956820655E-030   1.2697206453726505E-030   7.7974408812775601E-028   1.1235017556662518E-030   1.0805317554803623E-027   7.9721587520897264E-015  -3.7693898352131656E-028   7.7071728663573932E-031  -3.4509806263909463E-031  -2.4942120782570014E-028  -2.3834092182488803E-031  -2.5288969382921914E-028   1.3546816054985827E-030  -2.6113528241597751E-031   2.3509458981446716E-031  -2.0273579882489725E-031  -3.6539482343498376E-028  -1.1699171939128912E-030  -2.8740052231729510E-028  -6.8391487285258300E-031  -3.9624066476518017E-028   8.2525015583282878E-016   8.9471246267011798E-017   1.9177362864104908E-016   4.4596535320100329E-029   1.5363084128349227E-030   2.9423737095314817E-030   1.9457963145386932E-029  -1.5643099722347073E-032   1.9617867715506710E-029   3.1850225602571616E-030   2.8786800754121905E-030   1.5694516371130270E-030   7.3170571263466574E-030  -4.5907354397207525E-028   1.7393491599564852E-030  -9.0927583984346372E-031  -4.3965982180241663E-028   5.0525962334181163E-031  -4.8545614188915203E-028  -2.8541951227843767E-015  -5.6198765208030817E-015  -5.7761135737170866E-015  -4.3397489163129245E-016
  -4.0510867964841595E-019  -9.3865865080734102E-031   1.3709783925583193E-031   9.5035040081503123E-032  -1.0445522237772020E-030  -7.7918509550730151E-032  -6.7468754603390377E-031   1.0097490859316284E-016  -3.0340014749250677E-017   5.4228029600481850E-017  -3.4575291664507477E-017   1.3028442639732136E-016  -3.9146669935780104E-017   6.9968547925320677E-017  -4.3270938630982928E-030  -2.7102778342317789E-031  -5.0854997600437817E-032  -3.0565139650772227E-030   2.2790151165052124E-031  -3.8307304148386039E-030  -8.9737577469521210E-017  -7.7178190209888063E-030   4.4985864551024185E-031  -1.1737801110010482E-030  -3.3602037205629007E-030   1.0388563187342832E-032  -3.3480540745168065E-030   1.1062500699523472E-030  -1.1418928368096904E-030   4.2618064663106822E-031  -3.0534767391312583E-030   1.3294900460294846E-016  -3.9947297964915760E-017   7.1399545267338842E-017  -4.8371064344736652E-030   2.7253823313711422E-031  -1.1473781860359683E-031  -6.5892619122822175E-030  -3.5562977012586498E-031  -8.5196289694059451E-030  -5.2141810206963651E-017   2.5024086951050374E-030  -7.1097875727091254E-032   7.9730712867846956E-032   1.7674690864312011E-030   5.2996847095443080E-032   1.7408561434062066E-030  -6.3153489020796036E-032   3.8240170368882689E-032  -1.9064474349221772E-032   5.8896697264790673E-032   2.7787615694527592E-030   1.4182512661454600E-031   2.1305726178370056E-030   1.3184834721828049E-031   2.9530727717575567E-030  -1.2545915734345388E-016   3.7696817330781547E-017  -6.7377163226597497E-017  -6.9527229831832291E-030   5.2744071650394427E-031  -1.1985911666533303E-030  -2.9587461934294029E-030   2.0558194124731859E-033  -2.9997247558909356E-030   1.1868097742002575E-030  -1.1907123495046675E-030   5.2073488440327090E-031  -2.6591063388302026E-030   3.1672462830063194E-030  -7.6731803088146381E-032   1.7765602952612191E-032   3.1856206781420345E-030   7.0372756944916665E-032   3.4368786253697978E-030   2.1479814435647493E-017   4.2938761734427269E-017   4.6999047536966372E-017   2.8418617765812537E-018
