   5.6399597970682268E-007  -2.1067703889407837E-018   7.9503053198693637E-019   3.0998701043440665E-016   2.2138914263391310E-016  -2.0913162774628627E-006   2.7481877478043570E-018  -4.1274114333924793E-018   2.8956916678955980E-016  -2.5592094896419772E-019   2.7132629451698117E-019   5.7066028472818466E-019   9.9605519078332947E-019   5.9754161319068079E-019  -2.4366588009674162E-019   1.8892667391803295E-006   1.3918873898155803E-019   3.4409218353242013E-018  -1.8823335000886157E-018   3.1257555454889145E-019   1.0252637497973143E-021   2.0875747502069454E-020   6.3887655966582892E-020  -3.7841993800612850E-019  -2.9735034956029676E-019  -1.4793538617353431E-019   7.9041313636307615E-020  -2.7944972350804192E-019   1.0730911835356447E-019   1.2375532075186094E-019  -4.6481578890999440E-019  -4.8499061617762151E-019  -6.4231862408281044E-019   5.9171857555483330E-019  -8.3223123159416733E-005   6.4294212859170202E-018  -9.4817719284496414E-017   1.9183659796298120E-015  -1.0216777718312212E-003   9.0074300712794923E-017  -1.1481936720008845E-015   4.8788525660838731E-015   1.6198197104705578E-019   2.2648802640995905E-020   1.3665176959922835E-020   5.3129717811722165E-020   1.0049604181822677E-019   8.4347472884431696E-020   3.3274202724907824E-015  -1.7172162848752471E-018   5.0230242645159737E-020   7.4118304972876881E-021  -1.0969386881023589E-018  -3.6635314146726808E-021  -1.0216617558325736E-018  -4.4643319451290737E-020   3.1026287823042841E-020  -5.7642729017621109E-021  -3.3293529307728037E-020   5.2248893190684644E-020   1.0085909609488654E-021  -1.6243300954928352E-020   8.2033610251574617E-020  -2.5517175441751685E-020   4.6582920166933468E-020   6.7321229547940914E-016   6.5790866756140335E-015  -1.1292060975986926E-015
  -2.1067703889407837E-018   5.6399597969244874E-007   2.9985545757421134E-018  -1.8080066110719384E-017   7.9528899561160474E-018   7.5292288276622431E-018  -2.0913162774251947E-006  -8.9575088275363529E-018  -4.5291945428412682E-017  -7.5859486522457659E-019  -3.0778994613212197E-019  -5.4387031624541555E-020  -4.2734918950789800E-019   9.8810875444831358E-020   6.6384563422699050E-019  -6.0341002387806295E-018   1.8892667391422230E-006   6.1480306462590116E-018  -2.5682336811236208E-019  -9.2541099927597163E-020   5.4367570370445277E-020   1.1551185217579714E-019  -5.2462952302249177E-020  -4.7110248937630433E-019  -1.2444335841429985E-018   3.6612500849833789E-020  -2.6757220456770655E-019   3.0743427968662494E-019   2.8598531271766283E-019  -3.6465214636828801E-019  -1.6462716042608507E-019   4.6352239695015063E-019   1.4179259917435854E-020  -1.3908546736608870E-019   3.0319139272948447E-016  -8.3223123158348861E-005  -3.2370257015978017E-016  -1.7145529474635912E-015   3.7268212504539672E-015  -1.0216777718182039E-003  -3.9927066130004821E-015  -4.2131279928116212E-015  -2.7482692084683301E-019  -1.9074891217975811E-019  -1.9736141387592856E-020  -3.0357782748040259E-019  -3.8730278679591413E-020  -4.0460348066800159E-019  -2.8596679554325223E-015   1.8324216440737940E-020  -1.2480581047449497E-018   1.1974736600506443E-019  -5.5310211980636565E-020  -4.1911565448207459E-021   7.5544607484489183E-020  -1.7282099270720352E-018   1.5012008987686553E-019  -1.2946582485846600E-018   2.0256091798638961E-019   4.8998597275380111E-020  -2.8293205180293987E-020  -5.2704522935154532E-021   5.4826141773580755E-020   4.9349109862158162E-021   1.0995759477593948E-019  -1.2092311089847506E-016  -4.8309048765459143E-016   9.7721043463990558E-016
   7.9503053198693637E-019   2.9985545757421134E-018   5.6399597969699307E-007   4.5510645676670109E-016   4.0383669902644839E-016  -1.6266102719832339E-018  -7.0387581426846819E-018  -2.0913162774387951E-006   3.6291640465275442E-016   3.3916866724493958E-020  -6.1832664694372533E-021  -2.1131750282346302E-019  -1.5790804764455253E-019  -1.4608207018363407E-019   1.0674396605305335E-018   1.8253256024444825E-018   8.1288213837184195E-018   1.8892667391586707E-006   4.9456708640056872E-020  -3.8543056632206237E-019  -2.5603574442945805E-019   1.1775639473892707E-019   2.0717484177557923E-019  -5.8972321451499099E-019  -4.5734854739581944E-019  -7.8070706734746700E-019   1.3081555673135645E-019  -1.9465235833808417E-018   2.2615393524963281E-019  -1.2226387946805249E-019   6.8846538323179878E-019   5.3784676344188374E-019   1.4729092655245262E-019  -5.3882007293247353E-019  -2.4468431826056172E-017  -1.1985558901448008E-016  -8.3223123158687336E-005  -1.6711382711377113E-016  -2.9124889078160176E-016  -1.4401212330520711E-015  -1.0216777718223202E-003  -1.7124447941372580E-016  -1.8213182556541613E-019  -8.3339949156246086E-020  -4.9536054123502691E-022  -5.2181568142947174E-019  -9.3350335635194936E-020  -3.4706469473163946E-019  -1.1623006583948596E-016  -4.1634233576179013E-021   2.0332177628327239E-019  -1.6316101814386408E-018   7.6931379555414313E-021   2.2541679291815019E-020  -3.2716033724946055E-020   4.9274996579483836E-019  -1.7881392047971749E-018   1.9622896045719216E-019  -2.7307322379463869E-018   1.6431523226075276E-022  -5.8934862844914851E-020  -2.6118507627362516E-020   9.8529425578133805E-020   4.5844803953839794E-020   7.2119938128319998E-020  -3.1090190826863849E-016  -3.4892703139696328E-015   3.1459952042569402E-017
   3.0998701043440665E-016  -1.8080066110719384E-017   4.5510645676670109E-016  0.17070879020598390       0.15015292946970635       -3.0760514244772058E-016   1.0402857909883869E-016  -3.7300190341225364E-016  0.13634480530780099        2.2966495421087724E-014  -2.2898803488065269E-017  -3.3111771459234069E-017   2.1278071298248084E-014  -6.3672591168243254E-017   1.9446414970301902E-014  -3.5950324769738437E-016   3.8399612281084037E-016  -3.9378766635691285E-016   3.1414691255954258E-016  -6.5196111966672862E-017   1.1374564245168727E-016   1.2262483542511226E-016  -3.6742661113774425E-018   1.4740141353222391E-016  -1.4848736102483233E-016   7.9805968365234950E-017  -5.6094944669633952E-017   2.2445020821436704E-016   1.4127813655493821E-014   2.7694019385853364E-018   1.8254597147337765E-017   1.3447292359055169E-014  -5.6910422228422821E-018   1.4216009856641611E-014  -2.7993258633282953E-016  -6.6505754063598750E-016   3.8970404253402945E-016  -5.3004000601599141E-002  -4.5435310599672604E-015  -6.3197807260096175E-015   2.7450490505089901E-015  -3.8270277621771244E-002   7.6836300222631267E-016  -5.3342114799822634E-018   1.7767441244646244E-018  -6.1837218932976645E-016  -2.0566718626881813E-018   5.4901733694397729E-016  -2.2856693502731628E-002  -9.8474539990876216E-017   3.1616451154826373E-017  -1.8795207496356127E-018  -4.4437971801977971E-017  -1.2463134005348091E-019  -4.3383866441026350E-017   7.0697112995555910E-017  -2.1148248330494603E-018   3.1526756376794485E-017  -4.4149236644862513E-018  -1.0873359577777407E-015   1.0772234102892354E-019  -3.2811095303187328E-019  -1.0401335166796406E-015   8.1720567889007933E-020  -1.0347582059554950E-015   7.8256086478636748E-004   1.1828892434985715E-002   6.8362632721927974E-003
   2.2138914263391310E-016   7.9528899561160474E-018   4.0383669902644839E-016  0.15015292946970635       0.13210705108809906       -1.5547608013112833E-016   6.8129166566320071E-017  -3.3317730500505568E-016  0.11989484670403290        2.0144836550766412E-014  -2.2548673517479072E-017  -3.2235701551039446E-017   1.8674996945347578E-014  -5.7523365267005683E-017   1.7060096781979937E-014  -4.1227320210143311E-016   3.6531384359530651E-016  -3.3253753645397032E-016   2.5955523941309389E-016  -5.7576520677428165E-017   1.0110728288892338E-016   1.0706419935369398E-016  -3.5508854265897792E-018   1.3232523538790272E-016  -1.3135664875122627E-016   6.8470270436596246E-017  -4.9306607059244813E-017   1.9710002538661056E-016   1.2327567377775014E-014   5.1077036851312254E-018   1.7554381903241365E-017   1.1718128207122075E-014  -4.9070290711569191E-018   1.2405274046582235E-014   1.6292728309274393E-015   6.7344116530335147E-016  -5.9586460598666807E-017  -4.8470121045937037E-002   1.8556113265324604E-014   1.0310093746819372E-014  -2.4071187785055986E-015  -3.8183203885986394E-002   1.5254089261245672E-015  -5.1513049415341829E-018   1.8029938452255753E-018   1.7947486673901724E-016  -1.7872680828848734E-018   1.3354513913505719E-015  -2.3168810404361584E-002  -8.6294623425677796E-017   2.7826391256207137E-017  -1.5113343191249765E-018  -3.9270875447509517E-017  -9.8968774741566166E-021  -3.8141805403744808E-017   6.2167048868535801E-017  -2.0408560756742287E-018   2.7935907651099688E-017  -3.5906321606552787E-018  -1.0264999678603158E-015   4.3527614619913384E-019  -4.2816402736128402E-019  -9.7337271556781299E-016   7.4163495030335018E-020  -9.8166100699061366E-016   7.6095407695352026E-004   1.2166188905098333E-002   7.0633807859558769E-003
  -2.0913162774628627E-006   7.5292288276622431E-018  -1.6266102719832339E-018  -3.0760514244772058E-016  -1.5547608013112833E-016   7.7546718943894238E-006  -9.1419365334123521E-018   1.0404823063511427E-017  -3.3277623059388180E-016   9.4896358433263968E-019  -1.0060871294097291E-018  -2.1160277471713436E-018  -3.6934065287267826E-018  -2.2157046274998347E-018   9.0352137205630025E-019  -7.0054653335842067E-006  -1.4632604395047418E-018  -8.3326795875783381E-018   6.9797566472296229E-018  -1.1590407887373944E-018  -3.8017128618737459E-021  -7.7407981838742996E-020  -2.3689760150538702E-019   1.4031940023352022E-018   1.1025852107406571E-018   5.4854944405581357E-019  -2.9308787961147131E-019   1.0362090804301176E-018  -3.9790586074169682E-019  -4.5888893897903574E-019   1.7235527563063655E-018   1.7983617024052057E-018   2.3817393070097299E-018  -2.1941126055649367E-018   3.0859417156671502E-004   1.7881637109078048E-017   1.5660331256747417E-016  -3.4627713504030770E-015   3.7884159310201102E-003   1.7819793843509244E-016   1.8638454960936079E-015  -8.6896579651069313E-015  -6.0063466034992601E-019  -8.3982530605235863E-020  -5.0670941000409831E-020  -1.9700680239466324E-019  -3.7264274150538869E-019  -3.1276330038673052E-019  -5.9222420557538159E-015   6.3674963966072810E-018  -1.8625544834072810E-019  -2.7483319604989982E-020   4.0674859686040224E-018   1.3584499103433923E-020   3.7883565431518342E-018   1.6553894709843164E-019  -1.1504653063156360E-019   2.1374119996667393E-020   1.2345353916681576E-019  -1.9374067284888830E-019  -3.7398895928849387E-021   6.0230712469658659E-020  -3.0418341688277298E-019   9.4618554522412937E-020  -1.7273105214039907E-019  -1.4138281739474875E-015  -1.4146497660729039E-014   2.0050047151804452E-015
   2.7481877478043570E-018  -2.0913162774251947E-006  -7.0387581426846819E-018   1.0402857909883869E-016   6.8129166566320071E-017  -9.1419365334123521E-018   7.7546718943077088E-006   1.8086027149349656E-017   1.3769424124349111E-016   2.8128955642965104E-018   1.1412955899441443E-018   2.0166896326652188E-019   1.5846253311990606E-018  -3.6639408727987025E-019  -2.4615621929664312E-018   5.4120329550316923E-018  -7.0054653334952674E-006  -9.1300262110538214E-018   9.5230978497720294E-019   3.4314554637620110E-019  -2.0159680028507970E-019  -4.2832187708645421E-019   1.9453441170183494E-019   1.7468640554984144E-018   4.6144020602981360E-018  -1.3576039855853177E-019   9.9216683619801824E-019  -1.1399767666834732E-018  -1.0604432677410731E-018   1.3521425626406106E-018   6.1044311078157786E-019  -1.7187568151396371E-018  -5.2577178085217462E-020   5.1573364388557055E-019  -3.7703247364278905E-016   3.0859417156506183E-004   5.9825856347840657E-016   2.9111456616493870E-015  -4.6461355558039023E-015   3.7884159310001570E-003   7.4142073564579734E-015   7.2052840583198512E-015   1.0190675725048097E-018   7.0730345482076673E-019   7.3182283605185417E-020   1.1256769120432151E-018   1.4361319078091956E-019   1.5002834707712863E-018   4.8895809018286118E-015  -6.7946817858162315E-020   4.6278419059812690E-018  -4.4402730645102937E-019   2.0509214745053588E-019   1.5540951033601393E-020  -2.8012197424719722E-019   6.4082611958814534E-018  -5.5665039971913293E-019   4.8006368244775536E-018  -7.5110277416611847E-019  -1.8168846563309485E-019   1.0491216722260472E-019   1.9543016381722255E-020  -2.0329719883833487E-019  -1.8298817800867761E-020  -4.0772650193136195E-019   1.6043175271365532E-016   2.8876672135726162E-016  -1.6727405104772123E-015
  -4.1274114333924793E-018  -8.9575088275363529E-018  -2.0913162774387951E-006  -3.7300190341225364E-016  -3.3317730500505568E-016   1.0404823063511427E-017   1.8086027149349656E-017   7.7546718943460879E-006  -3.0297846545777182E-016  -1.2576489536287347E-019   2.2927762393122868E-020   7.8357248858283119E-019   5.8552841216909188E-019   5.4167728532535774E-019  -3.9581025708204454E-018  -1.0719146526401284E-017  -2.2902272894938963E-017  -7.0054653335453677E-006  -1.8338715794025104E-019   1.4291896506133388E-018   9.4938924958285068E-019  -4.3664471725763957E-019  -7.6821136050311058E-019   2.1867137392744468E-018   1.6958639707744135E-018   2.8948883620288969E-018  -4.8506853414405499E-019   7.2177756595594431E-018  -8.3858648461212612E-019   4.5335862395990712E-019  -2.5528530596604328E-018  -1.9943540940078600E-018  -5.4615976586089479E-019   1.9979631588572889E-018   2.6476343445293592E-016   1.2551745393596438E-016   3.0859417156583731E-004  -1.8933632369233154E-016   3.2164622451686326E-015   1.4249475889178626E-015   3.7884159310095323E-003  -6.4712769771865602E-016   6.7535100472355959E-019   3.0902736633737826E-019   1.8368137375861364E-021   1.9349102968114545E-018   3.4614621991309394E-019   1.2869276939009496E-018  -4.2338761175151023E-016   1.5438115434278624E-020  -7.5392406259788606E-019   6.0500660531493012E-018  -2.8526417224549859E-020  -8.3585313585353117E-020   1.2131216591327436E-019  -1.8271336344112281E-018   6.6304809962085561E-018  -7.2762366024700562E-019   1.0125648026095895E-017  -6.0928657053760455E-022   2.1853247614026661E-019   9.6848314721274739E-020  -3.6535046168889280E-019  -1.6999409250423661E-019  -2.6742318389055505E-019   7.8357185944366649E-016   8.9946829107803861E-015   1.6157048736778478E-016
   2.8956916678955980E-016  -4.5291945428412682E-017   3.6291640465275442E-016  0.13634480530780099       0.11989484670403290       -3.3277623059388180E-016   1.3769424124349111E-016  -3.0297846545777182E-016  0.10892787423270202        1.8394990335673693E-014  -1.6091046497454215E-017  -2.3556147039284368E-017   1.7032407878512091E-014  -4.9437348071533188E-017   1.5572992081891282E-014  -2.1597465434566822E-016   2.5129595776080777E-016  -3.1850237083252506E-016   2.6636684292879605E-016  -5.1871412991880422E-017   8.9874240578202979E-017   9.8676565080434092E-017  -2.6402881173246819E-018   1.1526043664173180E-016  -1.1787824755896075E-016   6.5339323362053901E-017  -4.4815166479778192E-017   1.7961072849902015E-016   1.1375029170288207E-014  -2.3407764978587455E-019   1.3190211981727138E-017   1.0841494304693421E-014  -4.6475081771565343E-018   1.1445349299645922E-014  -1.2245839234916567E-015  -3.7008815671606415E-016   3.0785656534366850E-016  -4.0630082656096599E-002  -1.5489779569950168E-014  -3.4579877342111754E-015   2.0437676242114409E-015  -2.6398618974657142E-002  -1.6955978080729568E-016  -3.8435138396321427E-018   1.2087773161395171E-018  -1.1608998574464896E-015  -1.6556156333219750E-018  -3.4745889894140323E-016  -1.5430908743458987E-002  -7.8957033086113173E-017   2.5223714179347300E-017  -1.6403932117941708E-018  -3.5316046875244612E-017  -1.9379837753279127E-019  -3.4666548703728251E-017   5.6494178874052784E-017  -1.5257617219386664E-018   2.4988876824478225E-017  -3.7891606726775875E-018  -8.0507672979800433E-016  -2.2309291824848721E-019  -1.4127652842757749E-019  -7.7807549637259839E-016   6.2762911283791656E-020  -7.6179091871119370E-016   5.5173989313946699E-004   7.7521032972160432E-003   4.4918531885496504E-003
  -2.5592094896419772E-019  -7.5859486522457659E-019   3.3916866724493958E-020   2.2966495421087724E-014   2.0144836550766412E-014   9.4896358433263968E-019   2.8128955642965104E-018  -1.2576489536287347E-019   1.8394990335673693E-014   3.1829861149102357E-027   1.5298349287201103E-030  -1.1005878858339742E-031   2.9293848965252527E-027  -6.9256046095186882E-030   2.6878403465465598E-027  -8.5728082169673262E-019  -2.5411316726959575E-018   1.1361429932774292E-019   7.0378231334333242E-029  -8.1792838162300281E-030   1.3479474231957218E-029   1.7543210324279310E-029   6.9100149035338004E-032   1.6390694184720836E-029  -1.7570046017593880E-029   1.3331320980477462E-029  -7.6664203037829252E-030   2.9364437305493357E-029   2.0627870074558751E-027  -3.8637947149087770E-030   7.0331174113221696E-031   1.9891520130656010E-027  -4.0966715001301123E-031   2.0747825465433041E-027   3.7763639157559200E-017   1.1193809205099674E-016  -5.0047654123621738E-018  -4.1525887567376303E-015   4.6360037025876236E-016   1.3741933266624324E-015  -6.1440347117063108E-017   2.1380966539756479E-015  -1.2635306337867943E-027   4.0313180170289487E-031  -3.6247061579825962E-031  -1.2450768066054537E-027  -4.6069344387397740E-031  -1.2983739801954539E-027   1.8669391065788661E-015  -1.2830566494254450E-029   6.1601519213363800E-030  -5.6561509666861713E-031  -5.2566274930475844E-030  -1.1974588004441954E-031  -5.5196953080339874E-030   1.1643565758871246E-029  -2.4889854033298149E-031   5.7106958310387310E-030  -1.6312667773616005E-030  -7.2370127568250903E-030  -6.0109230730312626E-031   3.5981738083609579E-031  -1.9651659873081425E-029   2.3509895991161810E-032   2.1474915741386962E-030   1.2217725043446770E-016   2.6553269295208386E-016  -7.7174196357409944E-016
   2.7132629451698117E-019  -3.0778994613212197E-019  -6.1832664694372533E-021  -2.2898803488065269E-017  -2.2548673517479072E-017  -1.0060871294097291E-018   1.1412955899441443E-018   2.2927762393122868E-020  -1.6091046497454215E-017   1.5298349287201103E-030   6.1173793769473437E-031   3.6539617865300489E-031   8.7438431161963740E-031   2.1591401777008172E-031   3.3950614407545827E-032   9.0888545687536341E-019  -1.0310309449044169E-018  -2.0712629341843963E-020   2.9479149352218726E-031   3.1618652764799373E-031  -1.2307435414738010E-031  -4.2562550933609788E-032   7.7643160226918027E-032  -8.7056853602086376E-032   4.1804355554191528E-031  -2.8714137045849120E-032   5.5563709238743586E-032  -6.0511816432197214E-031   5.6792831025871808E-030  -4.0885498503622932E-032  -1.8292985264872854E-031   6.2440289825863737E-030  -2.4642191344605574E-031   6.1434794063367874E-030  -4.0036848553944522E-017   4.5417416995599419E-017   9.1240144488579672E-019   1.3230491764441652E-016  -4.9150712769306946E-016   5.5756097148038481E-016   1.1200976841985917E-017   3.1213546845895096E-016  -5.6877086753979218E-029   1.9413047219879787E-031  -7.7356675539644748E-032  -4.7628033088807326E-029   1.9412777908878277E-032  -5.7260012248711448E-029   2.1218565818314817E-016  -7.8390227724900137E-031   7.8619854431198766E-031   6.1450393904091587E-033  -5.2815253682458810E-031   9.8721699665820177E-033  -5.3243287499629208E-031   8.1812729099376463E-031  -1.2218108891815046E-032   6.9826225525984498E-031  -1.6387263790756514E-031   1.3617703814581532E-029  -4.0138585052872078E-032   6.0195772194065961E-032   1.2819855100632655E-029  -1.2807755859099327E-032   1.3708511602613185E-029   3.9568794994008216E-017   3.8277123349576456E-016  -7.1802045509997964E-017
   5.7066028472818466E-019  -5.4387031624541555E-020  -2.1131750282346302E-019  -3.3111771459234069E-017  -3.2235701551039446E-017  -2.1160277471713436E-018   2.0166896326652188E-019   7.8357248858283119E-019  -2.3556147039284368E-017  -1.1005878858339742E-031   3.6539617865300489E-031   1.1277173132693539E-030   4.3510523358072956E-031   9.4736759131405412E-031  -5.2595896924640889E-031   1.9115907454983558E-018  -1.8218500411868011E-019  -7.0786875059126516E-019  -3.9308420038946716E-031   4.0592234204718632E-031  -1.5927403478549425E-032   4.3427930016186980E-032   2.3648386925288541E-032  -4.2525002053612757E-031   3.0532754651668549E-031   3.4007668525171011E-031   2.1320832001206591E-031   7.5792555633571877E-031   5.2008582779006972E-030   9.6052179180719775E-032  -9.2259193264729071E-031   5.4526618284054955E-030  -8.0184617060292820E-031   5.9766888728093571E-030  -8.4206506547740010E-017   8.0253384663281414E-018   3.1181964404424327E-017   1.7896830972099618E-016  -1.0337501492054132E-015   9.8522016612624114E-017   3.8280130214545316E-016   4.1909357418080786E-016  -7.8013993402105379E-029   6.3367312971114486E-032   8.1514736705390575E-032  -6.6829022296324643E-029   1.9486952022795960E-031  -7.7970715362411874E-029   2.8228687338261246E-016  -1.8162910782930685E-030  -1.2184329587680388E-032   5.2796640541195023E-031  -1.0270472014926463E-030  -3.9174112112899057E-032  -1.0167468038586622E-030   2.5605937151532127E-032   6.7833793326913224E-031   4.0070649942587375E-033   9.9803159647084438E-031  -3.1489919119856268E-030   3.2525149114217980E-032  -5.5531796842959364E-032  -4.2074515665732245E-030  -4.6874759549504536E-032  -3.1134763269136480E-030  -5.6880279055140518E-017  -7.2894098962134961E-016  -9.7445574737314736E-017
   9.9605519078332947E-019  -4.2734918950789800E-019  -1.5790804764455253E-019   2.1278071298248084E-014   1.8674996945347578E-014  -3.6934065287267826E-018   1.5846253311990606E-018   5.8552841216909188E-019   1.7032407878512091E-014   2.9293848965252527E-027   8.7438431161963740E-031   4.3510523358072956E-031   2.7026623870536042E-027  -5.2991834101475563E-030   2.4752842742431236E-027   3.3365733265738148E-018  -1.4315290156889288E-018  -5.2895842015274041E-019   5.5658336775295364E-029  -7.0145007028071704E-030   1.2954909464640399E-029   1.6101635118364343E-029   9.2962766102065111E-033   1.5128632808716897E-029  -1.7329515306196302E-029   1.1837083053992167E-029  -6.8945563457377262E-030   2.7771514230892252E-029   1.8784352429048221E-027  -2.4156411903770339E-030  -2.9317179915895283E-031   1.8052569608694649E-027  -1.9123536649714796E-030   1.8906815287461377E-027  -1.4697768564239591E-016   6.3059552739377970E-017   2.3300876911331177E-017  -4.4358395615285560E-015  -1.8043523082923648E-015   7.7414234036873623E-016   2.8605016371293784E-016   5.4027183104486685E-016  -9.0068372474002617E-028   1.4166211653402282E-031  -1.2112703015450672E-031  -9.2472649226464108E-028  -1.1257345303002566E-031  -9.3182511047722738E-028   7.5168497000765778E-016  -1.5620610148978968E-029   5.0112573980709028E-030   5.4064532208508940E-032  -7.2829918179965864E-030  -1.2142261139523808E-031  -7.2870981530911294E-030   9.8102828357508711E-030   4.1917381920080465E-031   4.6231451086404104E-030  -4.0297406665597009E-031  -4.2030338992492957E-029  -3.8964491895396831E-031   1.7621630672766196E-031  -4.9778293500105338E-029  -5.0526442541309956E-032  -3.3849903150713962E-029   6.9133273660439935E-017   4.8042111034290425E-017  -3.8099089076994909E-016
   5.9754161319068079E-019   9.8810875444831358E-020  -1.4608207018363407E-019  -6.3672591168243254E-017  -5.7523365267005683E-017  -2.2157046274998347E-018  -3.6639408727987025E-019   5.4167728532535774E-019  -4.9437348071533188E-017  -6.9256046095186882E-030   2.1591401777008172E-031   9.4736759131405412E-031  -5.2991834101475563E-030   9.0149686625237113E-031  -5.7559245656240698E-030   2.0016374862527078E-018   3.3099544530421560E-019  -4.8934390726330017E-019  -1.3830335095403218E-030   3.6914509079953416E-031  -4.1724535865712280E-033   2.5751166806608800E-032   2.2035949620666178E-032  -5.3616367087129739E-031  -1.4581956787904950E-031   1.4846533928795435E-031   1.4503522957589595E-031   4.8580009655427306E-031  -1.5989038439741187E-030   8.8090704479804496E-032  -8.3174236599864914E-031  -1.6463251568994939E-030  -7.9070326256089663E-031  -1.0114381613516081E-030  -8.8173109484508764E-017  -1.4580511125829138E-017   2.1555838261091072E-017   1.0315260772238422E-016  -1.0824456306573050E-015  -1.7899573524374479E-016   2.6462742526932716E-016   2.1746608026933292E-016  -3.8930776385191961E-029  -8.1373145483307227E-033   7.2152249508457593E-032  -3.3264526633805924E-029   1.6991201833351294E-031  -3.8817287888269361E-029   1.4528034753005674E-016  -1.8492092919074308E-030  -3.1276120685904362E-031   3.9067462688619924E-031  -1.1036106417899882E-030  -3.0047387854038521E-032  -1.0410245296925742E-030  -4.2004574915841241E-031   5.1025712369910041E-031  -3.1849561134895546E-031   7.4047480353030945E-031  -4.4589700982715977E-030   2.7158786427305503E-032  -5.6267052903107335E-032  -4.9788303608671441E-030  -4.0801269891140287E-032  -4.4654916866660178E-030  -4.4909472807707123E-017  -5.5082628279815017E-016  -5.0153726410743438E-017
  -2.4366588009674162E-019   6.6384563422699050E-019   1.0674396605305335E-018   1.9446414970301902E-014   1.7060096781979937E-014   9.0352137205630025E-019  -2.4615621929664312E-018  -3.9581025708204454E-018   1.5572992081891282E-014   2.6878403465465598E-027   3.3950614407545827E-032  -5.2595896924640889E-031   2.4752842742431236E-027  -5.7559245656240698E-030   2.2756187487877920E-027  -8.1622894390911667E-019   2.2237418738637111E-018   3.5756961382160394E-018   5.7928504768103929E-029  -8.0800331566665100E-030   1.1173517921686402E-029   1.5333336210809385E-029   2.9386046981163268E-031   1.1857115680554027E-029  -1.8206039613442207E-029   9.9247279264664386E-030  -6.5705839916747382E-030   2.2696898483432139E-029   1.7376683817085654E-027  -3.8648678290962634E-030   1.4810889074558105E-030   1.6751961131771664E-027  -1.8122297844268346E-031   1.7453931341345540E-027   3.5955283877687487E-017  -9.7956916304272552E-017  -1.5751116236009809E-016  -3.6620017337271560E-015   4.4140033350336024E-016  -1.2025552537067257E-015  -1.9336651556610680E-015   1.4517725672561610E-015  -1.0050159928680846E-027  -3.9668670819943782E-031  -1.5749764504664823E-031  -1.0012860330131125E-027  -5.4138944846241641E-031  -1.0343253201884560E-027   1.3353655487291856E-015  -1.0859843482145014E-029   2.4977185645397557E-030  -3.3307186356997614E-030  -4.4156627979725275E-030  -9.8656951639296047E-032  -4.4981090641243948E-030   6.9689551144208354E-030  -3.2235663812846610E-030   2.1813513044225094E-030  -5.8075337130794065E-030  -3.1381079222912308E-029  -5.7976162278151073E-031   1.0831963677427099E-031  -4.0748614736316315E-029   1.1073845734266234E-031  -2.3361398335841876E-029   7.8333503922268529E-018  -7.8087258304493479E-016  -5.7113243832867918E-016
   1.8892667391803295E-006  -6.0341002387806295E-018   1.8253256024444825E-018  -3.5950324769738437E-016  -4.1227320210143311E-016  -7.0054653335842067E-006   5.4120329550316923E-018  -1.0719146526401284E-017  -2.1597465434566822E-016  -8.5728082169673262E-019   9.0888545687536341E-019   1.9115907454983558E-018   3.3365733265738148E-018   2.0016374862527078E-018  -8.1622894390911667E-019   6.3286422956924084E-006   3.8935312355438442E-018   8.7197116576279024E-018  -6.3054174173950916E-018   1.0470617166395702E-018   3.4344157975989097E-021   6.9929320117448780E-020   2.1401007773852821E-019  -1.2676264158602122E-018  -9.9606051376384869E-019  -4.9555212218376142E-019   2.6477161229547525E-019  -9.3609721858009208E-019   3.5946275366777635E-019   4.1455403887544849E-019  -1.5570341658986583E-018  -1.6246155524717475E-018  -2.1516309620985319E-018   1.9821315466445504E-018  -2.7877978597919459E-004  -1.2943609820226503E-016  -1.9398510660873853E-016   2.8734875652358762E-015  -3.4224035311102166E-003  -1.5516740941743217E-015  -2.3284269475668142E-015   6.8949319727210840E-015   5.4260519982904438E-019   7.5868678236174716E-020   4.5775440331485942E-020   1.7797327145900957E-019   3.3664039471630460E-019   2.8254612057586472E-019   4.7027883827008179E-015  -5.7523098173140666E-018   1.6826064394559506E-019   2.4828057894058332E-020  -3.6745116151871804E-018  -1.2272052104537146E-020  -3.4223498809159044E-018  -1.4954563791678001E-019   1.0393147422087398E-019  -1.9309089891063350E-020  -1.1152625162411300E-019   1.7502269425296749E-019   3.3785654955283467E-021  -5.4411608120285665E-020   2.7479517015294177E-019  -8.5477117877761295E-020   1.5604288807298553E-019   1.7907584459400061E-015   1.8799322691711964E-014  -1.5768874914447906E-015
   1.3918873898155803E-019   1.8892667391422230E-006   8.1288213837184195E-018   3.8399612281084037E-016   3.6531384359530651E-016  -1.4632604395047418E-018  -7.0054653334952674E-006  -2.2902272894938963E-017   2.5129595776080777E-016  -2.5411316726959575E-018  -1.0310309449044169E-018  -1.8218500411868011E-019  -1.4315290156889288E-018   3.3099544530421560E-019   2.2237418738637111E-018   3.8935312355438442E-018   6.3286422955984030E-006   1.4177410219415739E-017  -8.6030373385495581E-019  -3.0999302900769150E-019   1.8211981306066063E-019   3.8694017005582531E-019  -1.7573974707334280E-019  -1.5780932771798084E-018  -4.1685881890106222E-018   1.2264410134922115E-019  -8.9631005292858115E-019   1.0298395378641591E-018   9.5799005448147461E-019  -1.2215072381690158E-018  -5.5146602060425553E-019   1.5527015777655776E-018   4.7497509038875471E-020  -4.6590677369507013E-019  -4.6275694765108594E-017  -2.7877978597709948E-004  -8.0165464957638423E-016  -3.1395540761544502E-015  -5.5224689326710611E-016  -3.4224035310848051E-003  -9.9044325755972673E-015  -7.4946272592714110E-015  -9.2061181280660983E-019  -6.3896834070377464E-019  -6.6111881690513308E-020  -1.0169212431407313E-018  -1.2973820725904183E-019  -1.3553357236566205E-018  -5.0696968010220025E-015   6.1382232988541869E-020  -4.1807295631726745E-018   4.0112824176546293E-019  -1.8527746225273049E-019  -1.4039484222919520E-020   2.5305838937437167E-019  -5.7891361836567893E-018   5.0287041556581904E-019  -4.3368301471605119E-018   6.7853605129387214E-019   1.6413489379693444E-019  -9.4776227873920933E-020  -1.7654895737525757E-020   1.8365593007733238E-019   1.6530903627575556E-020   3.6833458772644336E-019   1.6246965261690223E-016   3.4035480587914898E-015   1.7371354830413874E-015
   3.4409218353242013E-018   6.1480306462590116E-018   1.8892667391586707E-006  -3.9378766635691285E-016  -3.3253753645397032E-016  -8.3326795875783381E-018  -9.1300262110538214E-018  -7.0054653335453677E-006  -3.1850237083252506E-016   1.1361429932774292E-019  -2.0712629341843963E-020  -7.0786875059126516E-019  -5.2895842015274041E-019  -4.8934390726330017E-019   3.5756961382160394E-018   8.7197116576279024E-018   1.4177410219415739E-017   6.3286422956576021E-006   1.6566946932632875E-019  -1.2911105316691580E-018  -8.5766536181184893E-019   3.9445891089795534E-019   6.9399171598280120E-019  -1.9754475113290270E-018  -1.5320204928717106E-018  -2.6152028533239559E-018   4.3820432980842950E-019  -6.5204405624483299E-018   7.5756764780042617E-019  -4.0955802735097129E-019   2.3062128036823086E-018   1.8016724186495251E-018   4.9339331933686844E-019  -1.8049327990188149E-018  -1.9672696218516793E-016   1.7347448724533733E-016  -2.7877978597841402E-004  -9.9961602210840406E-017  -2.3844938318208100E-015   2.2343853783808914E-015  -3.4224035311008127E-003  -4.6742591689177121E-016  -6.1010293075713249E-019  -2.7917112825452488E-019  -1.6593525991394545E-021  -1.7479716989904260E-018  -3.1270379675342729E-019  -1.1625930106981840E-018  -3.4129897017376149E-016  -1.3946583937046256E-020   6.8108476498402762E-019  -5.4655475535851610E-018   2.5770378126320300E-020   7.5509837771895192E-020  -1.0959176408984563E-019   1.6506077252600911E-018  -5.9898865350500157E-018   6.5732533848124940E-019  -9.1473729892067685E-018   5.5042122405445220E-022  -1.9741927275734460E-019  -8.7491452976355005E-020   3.3005264811947448E-019   1.5357035580244603E-019   2.4158647454060294E-019  -5.8624967737635125E-016  -6.5112506047687337E-015   1.0824825978409867E-016
  -1.8823335000886157E-018  -2.5682336811236208E-019   4.9456708640056872E-020   3.1414691255954258E-016   2.5955523941309389E-016   6.9797566472296229E-018   9.5230978497720294E-019  -1.8338715794025104E-019   2.6636684292879605E-016   7.0378231334333242E-029   2.9479149352218726E-031  -3.9308420038946716E-031   5.5658336775295364E-029  -1.3830335095403218E-030   5.7928504768103929E-029  -6.3054174173950916E-018  -8.6030373385495581E-019   1.6566946932632875E-019   1.5091682123592732E-029  -1.0785489696891205E-030  -3.4848761398898861E-031   5.0802905703634157E-031  -2.3196022305902236E-032   3.9281822690431011E-031   1.6864356915456631E-030   1.4103280435577236E-030  -1.9617879454907928E-031   1.3195788513125180E-030   7.2974467085969474E-029  -1.4944877050576027E-030   9.7143740689153128E-031   7.8842018059595387E-029   2.0603716997253920E-030   7.1578796299363899E-029   2.7775671874101611E-016   3.7896799912152530E-017  -7.2978210879928336E-018   7.9531770562340314E-016   3.4098439801508459E-015   4.6523510082166957E-016  -8.9590744799733811E-017   2.1129819000274385E-015  -4.0957175882583006E-028   1.9717114870012423E-031  -1.1760422588505299E-031  -3.5105544250747916E-028  -3.1995228842475207E-031  -4.1100882048489827E-028   1.4373853976702968E-015   5.3609708268592756E-030   4.3245075318404438E-031  -3.1847579895332723E-031   3.7138388124973060E-030  -3.8926781314531642E-032   3.2858864483080818E-030   1.1540461611063859E-030  -2.5454559642674712E-031   5.7876069391345505E-031  -3.5053232186437602E-031   2.8109213184680227E-029  -1.4624582100428278E-031   9.8614997500058284E-032   2.2501961692703073E-029   8.4833283235007816E-032   2.8867334058564167E-029  -5.1772613071967278E-017  -1.0339453837981268E-015  -4.9481222965135034E-016
   3.1257555454889145E-019  -9.2541099927597163E-020  -3.8543056632206237E-019  -6.5196111966672862E-017  -5.7576520677428165E-017  -1.1590407887373944E-018   3.4314554637620110E-019   1.4291896506133388E-018  -5.1871412991880422E-017  -8.1792838162300281E-030   3.1618652764799373E-031   4.0592234204718632E-031  -7.0145007028071704E-030   3.6914509079953416E-031  -8.0800331566665100E-030   1.0470617166395702E-018  -3.0999302900769150E-019  -1.2911105316691580E-018  -1.0785489696891205E-030   5.3025339650387187E-031   1.1124172077264913E-031  -1.4559601688410067E-031  -9.5273111723147423E-032   2.1842415687285737E-031   2.9626570516796174E-031   3.9342195850799062E-031  -6.0133997512920339E-032   8.5071958190262928E-031  -4.3851162553358285E-030   1.2370058775424162E-031  -6.7911354832002547E-031  -4.5594057533938730E-030  -4.1046599929660534E-031  -3.5516464506044043E-030  -4.6123580324582576E-017   1.3655344423582692E-017   5.6874049895369173E-017   3.0812805955075995E-017  -5.6623009310320122E-016   1.6763804739158308E-016   6.9820682481257083E-016   4.0950756016703303E-017  -4.5708359303027685E-030   1.3341037371662696E-031  -3.7999726934173562E-032  -2.8117670032786277E-030   9.6456491715590951E-032  -4.5613185546461680E-030   2.7204831931987869E-017  -8.7950051398107160E-031   1.3483343793098717E-031   1.1351690120666618E-030  -6.1558349164199717E-031  -7.4340245587536017E-033  -5.4260260970408856E-031  -1.5890608514360689E-031   1.2300501322881125E-030   7.0827801108807539E-032   1.7855644643352046E-030   6.0924160277558800E-030   2.3232145624484524E-032   4.3971494499325641E-032   5.9470716505769343E-030  -4.4621981422935550E-032   6.0417430132916689E-030   2.6142381690297168E-017   2.8875182413912445E-016  -8.4677758033015607E-018
   1.0252637497973143E-021   5.4367570370445277E-020  -2.5603574442945805E-019   1.1374564245168727E-016   1.0110728288892338E-016  -3.8017128618737459E-021  -2.0159680028507970E-019   9.4938924958285068E-019   8.9874240578202979E-017   1.3479474231957218E-029  -1.2307435414738010E-031  -1.5927403478549425E-032   1.2954909464640399E-029  -4.1724535865712280E-033   1.1173517921686402E-029   3.4344157975989097E-021   1.8211981306066063E-019  -8.5766536181184893E-019  -3.4848761398898861E-031   1.1124172077264913E-031   2.2995453226221823E-031   1.6745651541558701E-032  -1.1103973312955393E-031   3.9916662723519875E-031  -2.3569979082711474E-032   3.6141705376604127E-031  -1.1387612342458551E-031   1.0704787904409201E-030   6.2758249989027597E-030   1.1033355872236337E-031  -2.7514635021232046E-031   5.3600964018705528E-030  -7.1882324333915699E-032   6.6450834215308338E-030  -1.5128769442777446E-019  -8.0224667686927624E-018   3.7780578335266506E-017  -9.1448454521981495E-017  -1.8572635666912996E-018  -9.8486762592751803E-017   4.6380832185465207E-016  -1.6283005060643368E-016   2.6334803558918824E-029  -6.5182513513586585E-034   1.1265926612709317E-032   2.1699335896134987E-029   4.0951105832169798E-032   2.6355205374856368E-029  -1.0836832064494026E-016  -5.8750657417650854E-032  -1.9596517470582559E-031   7.5193629500854232E-031  -4.3231311243845555E-032  -8.6263196462347498E-033  -7.8186125083948806E-033  -3.3867984032440013E-031   8.1810194010970722E-031  -1.8748879953332013E-031   1.2678013331985935E-030  -3.3437735721702208E-030   3.6350808992485738E-032   3.7193113628133151E-033  -3.0029959073182914E-030  -2.0419629105005934E-032  -3.3805149057867330E-030   1.9402568397257482E-019   3.2767993693220446E-017   3.6432943669747628E-017
   2.0875747502069454E-020   1.1551185217579714E-019   1.1775639473892707E-019   1.2262483542511226E-016   1.0706419935369398E-016  -7.7407981838742996E-020  -4.2832187708645421E-019  -4.3664471725763957E-019   9.8676565080434092E-017   1.7543210324279310E-029  -4.2562550933609788E-032   4.3427930016186980E-032   1.6101635118364343E-029   2.5751166806608800E-032   1.5333336210809385E-029   6.9929320117448780E-020   3.8694017005582531E-019   3.9445891089795534E-019   5.0802905703634157E-031  -1.4559601688410067E-031   1.6745651541558701E-032   1.6031855769344513E-031   3.9916369678404057E-032  -1.9569086077419269E-031  -4.1435392951635116E-031  -5.3877051498658572E-032  -4.0832091222908011E-032  -1.2582736930122746E-031   1.2369536509311655E-029  -1.3312070520391990E-031   5.9567062287002171E-032   1.2188714319291618E-029  -1.1091191291252726E-032   1.2198867766828332E-029  -3.0804207261337410E-018  -1.7044903591581283E-017  -1.7376107800077129E-017   4.7369982025533738E-018  -3.7816381605268108E-017  -2.0924952659092890E-016  -2.1331551167909424E-016   7.7065797982506075E-017  -1.9311376525333616E-029  -5.7520670282781896E-032   6.7366938393996204E-033  -1.7569288847619021E-029  -1.6328568354031237E-032  -1.9555596110207776E-029   5.4252621273593797E-017  -1.5026976154072773E-031  -2.0559107595769487E-031  -3.3163575076547673E-031  -6.8807214596633539E-032  -1.7488595600135997E-033  -5.9880258484783757E-032  -1.8470764736593976E-031  -3.4303280798222809E-031  -2.0928652109394236E-031  -5.3083909004140337E-031  -7.8191838772594665E-031  -1.9564754639639798E-032  -1.4516042272905094E-032  -9.9113649407092518E-031   9.1134509476192386E-033  -6.9162236995754928E-031  -9.4809163836447180E-018  -1.2673973439394609E-016  -1.9459477625483717E-017
