 4.0814264234623244E-006  1.1075293342077884E-016 -3.5641331069755410E-016 -2.0146760499526206E-017  8.2454950643629330E-017  2.5718188514364474E-016 -6.4736679532012224E-017 -2.3821018044195905E-017  2.7429559469654103E-017 -6.3381650531569969E-017 -1.4121007433544434E-005 -3.6012802371296067E-016  1.2111982992357837E-015  1.1215054057737220E-017  2.5486414326613728E-016  7.2165476860026102E-016 -1.5900145034765808E-016 -9.3370548166085517E-017  6.5371243915830063E-017 -1.7072541430207694E-016  1.2133648777902405E-016  7.7034012616071397E-006  2.4897563038394166E-016 -8.0086145516815507E-016  4.7019535983851118E-015 -1.5436297848185379E-017  5.2445701102540799E-017 -4.4199916626817810E-016 -3.2159859373618189E-017 -5.8776228625931646E-015  9.2482914194961520E-018 -1.4741341009984379E-017  1.6844585266764786E-018 -2.8513945135387105E-017  3.7953333149695741E-016  1.1174492602756467E-015 -2.6210780387301584E-016 -1.2038075665838999E-016  1.0719686741934226E-016 -2.6402827205721221E-016 -3.2499808540493026E-004 -3.8456986361767726E-015  1.5407009504985298E-014 -1.5723867128811958E-014  6.6837242564505584E-017 -2.2717298250459241E-016  5.8668985744556377E-016  1.2757848295733069E-016  1.9659959139201259E-014 -3.8629054279859051E-017  5.9381767529210834E-017 -1.5519980303696178E-017  1.2904462526132105E-016  2.8530424001032476E-015  4.6206016453264451E-016  1.3262413051920695E-015 -3.0365271501911683E-016 -1.4964880026439997E-016  1.2200753996206342E-016 -3.0858186793584219E-016 -2.8455652949557083E-003 -3.2718554489690115E-014  1.3204544523253856E-013 -1.4811460373325953E-018 -5.7504195110696378E-019 -1.9677743895103621E-019  3.6119686273596723E-019  4.7919197880289280E-019 -1.3262889430112156E-018 -5.4399676186245397E-019 -9.9993292681266882E-019  7.2863032159595889E-019  1.0023730746713077E-018 -1.5166915548319777E-018 -5.4136833216202847E-019 -7.9902724143866808E-019  3.7219590168961219E-020 -7.3485322845767463E-019  4.8541467149189059E-015 -3.6693375122371711E-015  2.7093561903462908E-017 -8.5042638975694821E-017 -7.7373858999108487E-016  5.8309699037802500E-017  5.4921597396313264E-015 -1.5556507124231066E-017  2.0711729082715305E-017 -6.9100458717680199E-018  4.7985557571893747E-017  8.5763260787651721E-016  2.4773937800288770E-015 -5.7216839371127983E-016 -2.7526808717796226E-016  2.3361456360217396E-016 -5.7989752636525205E-016  1.2860690584888004E-015  1.1950026575496547E-019  4.5238754458855050E-019  8.2025691465743778E-020 -4.8700964250928356E-019 -2.0463150372353714E-019  7.3165729096500023E-019  3.4398218912691145E-019  4.4979595336705577E-019 -3.0667454563209938E-019 -3.3198613018804508E-019  2.7190629367214673E-019  2.4565769027972389E-019 -2.5292638909023646E-019  1.5722324223094767E-020 -1.6179428771632508E-019  1.0933639730485432E-003  4.1396477859114914E-015 -5.8655720629600302E-014 -3.4908402361924765E-016  1.1209273218220862E-018 -6.2738518124263562E-018  9.1558029843122840E-018  4.4344319897274008E-018  5.8541725752800077E-016 -1.0977022247807859E-018  1.1682965944440850E-018 -6.2621312841109005E-019  1.5179930528773835E-018 -2.9000811057547815E-015 -1.9925694853649295E-015  8.2792309866058734E-016  4.5413479011076649E-016  1.3807746640000734E-014
 1.1075293342077884E-016  4.0814264743176625E-006  1.8887118511138145E-016 -3.3209884475087483E-017  1.3871747397732632E-016  4.0170973953910447E-017  2.0583600079589359E-016  7.6696501786267112E-018  6.1751583209576826E-017 -1.5271479016703880E-016 -3.8606625159743980E-016 -1.4121007580269211E-005 -7.0596889258394832E-016  1.3200201154358593E-016  3.5395477531840087E-016  1.1873918042899736E-016  5.9620054654109471E-016  4.4164148741656641E-017  1.3512200942471421E-016 -4.2948407982508512E-016 -1.2943363170881590E-016  2.5312463859461137E-016  7.7034013567610219E-006  4.7614397395271354E-016  9.4133793199804079E-018  3.6319484975999669E-015  1.3011388738710638E-017 -1.8363867128251161E-017  4.8459826102818779E-017  3.2033808853121813E-018  1.0215379931013587E-015 -4.1037232880779026E-017 -5.0020720547147322E-015  1.8821614420983687E-017  5.6990904919319635E-016  1.7792516279766527E-016  9.0427273111584681E-016  5.4505046555534748E-017  2.4120216907425443E-016 -6.5912024281174295E-016 -5.1779225740664997E-015 -3.2499808745585219E-004 -7.4195907564380857E-015 -3.3800871653237178E-017 -1.0008353177401131E-014 -4.4483475801345677E-017  6.3453933611898578E-017 -1.6131830692557593E-016 -1.8076181927296686E-017 -5.3567216070516841E-015  1.7544078103797359E-016  1.6686186971400922E-014 -1.0304253603741338E-016 -1.3379463177622488E-015  6.6569731511757226E-016  2.1051349404061116E-016  1.0809009139315706E-015  7.2995207301387051E-017  2.6888674362378621E-016 -7.8755692402688316E-016 -4.4380258842459687E-014 -2.8455653126705505E-003 -6.2838298813266814E-014 -7.7100417525922345E-018  1.5134830740002708E-018 -2.6632519018763141E-020 -4.6278486071406179E-018  1.3634848325982880E-019 -5.2323961805699303E-018  4.4653668630311176E-019  1.9908564035513720E-019  2.0100655780385793E-019  3.4144597357918273E-019 -9.3981431626273918E-018 -3.8853887236717691E-019 -4.9421964733985240E-018 -6.3295426320792155E-019 -5.8773368037847596E-018 -2.6366886881789510E-015 -2.2176826191132012E-017 -2.6587349870040467E-015 -2.4498435181282007E-017  3.4900812648264533E-017 -7.5764999855813837E-017 -5.7951886910207770E-018 -2.0844385279816677E-015  7.8178405175955153E-017  5.3692583384692678E-015 -3.9957621013632119E-017  1.2187607378524380E-015  3.9786232215417255E-016  2.0185007632397892E-015  9.7830103905382879E-017  5.1232048397689160E-016 -1.4995680124570213E-015 -6.6637818578169078E-016 -5.6518957471011502E-019  1.4194160405191784E-019  2.1553004606526018E-019 -6.9412175497862251E-019 -5.0346166375191590E-020  1.8252226405905213E-019  4.9599255167700178E-019 -5.2115169085085350E-020  2.0521129834650460E-019 -1.6437581638643573E-019 -1.3043723553133240E-018 -1.0373326115153831E-020  4.1987125839257882E-020  1.6610856664481460E-019 -5.6272093926693343E-019  2.6885979280250855E-014  1.0933639801194318E-003  2.8754867723262645E-014 -6.1675240421111134E-018 -6.2035253728048432E-016 -4.5045336222483662E-018  7.8152765422249974E-018 -1.6150741746740209E-017 -8.4798779396399771E-019  1.0879994133619074E-016  3.0823916061083532E-018  6.2974659135835502E-016  2.4588587902941728E-018  1.0119447673944218E-015  5.3931485271391156E-016  3.0079050045806341E-017 -6.5283028621291705E-017  3.9914246937600477E-016
-3.5641331069755410E-016  1.8887118511138145E-016  4.0814265342892807E-006  1.9052684096114494E-017  7.4592215858453157E-017 -1.0183146181105493E-016 -1.5407697508992249E-017 -3.3273262232728108E-017 -2.9199507734974114E-016 -2.3540970830207460E-017  1.1677839478530812E-015 -7.2196128367539818E-016 -1.4121007772506653E-005 -1.3642757276787682E-016  1.9218393944790463E-016 -2.8664049343974014E-016 -2.8152670628866471E-017 -1.1310088330529886E-016 -8.7203518914175793E-016 -4.8423156049511690E-017  1.9497776040153165E-016 -7.8373131025508180E-016  4.8777965084835115E-016  7.7034014831606620E-006 -4.2439598016712149E-017  1.0666425192112907E-017  6.1839920534051096E-015 -1.4775516470885623E-017 -1.4935265072409109E-017  7.2251142020789711E-017  3.4762354161562069E-017  2.9966486458106308E-015 -5.8465157935082872E-017 -6.8251425088892269E-015  2.9372133291555109E-016 -4.4068034228030355E-016 -5.7781799562380321E-017 -1.6651850165156155E-016 -1.2972131249466397E-015 -1.0661568856043623E-016  1.3572777244227843E-014 -8.0595970980117557E-015 -3.2499808988604198E-004  1.2234163308110153E-016 -4.5072660490359310E-017 -1.7484292793525887E-014  5.8952342334745546E-017  4.8985030209706799E-017 -2.2137207701129695E-016 -1.0206614910133084E-016 -9.8549932407328840E-015  1.7058216843807777E-016  1.9843652756414595E-014  2.7460659137039288E-015  3.3317224485815476E-016 -5.2837198688973275E-016 -5.2604830270063098E-017 -2.3785816423634490E-016 -1.5685477057711252E-015 -1.3127543572791094E-016  1.1587671101331784E-013 -6.8459977063443113E-014 -2.8455653335376554E-003  7.1079683873972196E-018  9.7962522869769581E-019 -3.7550092009472801E-018  6.6032896375754751E-018 -2.4938572143188300E-019  5.6971783411415264E-018  1.3067087220183327E-018 -5.2986334245681287E-019 -3.6485784437464081E-019 -3.5611590295578739E-018  1.4838324237297862E-017  3.3626038266348482E-020  7.9713040857327126E-018 -7.4106967378042582E-019  1.2350069766462432E-017  4.4441365362812114E-015  6.9525418754770542E-017 -2.3398211627969218E-017 -5.7290285668563035E-015  2.2375904698293371E-017  2.4648590044034405E-017 -1.0741597860235526E-016 -5.3227243425076792E-017 -3.9680008425983860E-015  9.8241869202715321E-017  7.1686918647493006E-015  8.3523978340619330E-016 -9.8076548099480368E-016 -1.1754246304362459E-016 -2.0173576548283299E-016 -2.9169935551592551E-015 -3.3417813510818330E-017  1.0518655711002991E-015 -3.4645015419450597E-019  3.6152321849509257E-019 -1.0717343955149199E-018  5.1230842571891443E-019  5.0725692820383608E-020  7.8453971328961937E-019  4.0660812874848820E-019 -7.8526566627295826E-019  7.2925634634436806E-019 -6.5074355164060322E-019  2.0450088330914655E-018 -2.9534964630358849E-019  1.1736559874355280E-018  4.0654794417980345E-020  2.3144107138216863E-018 -5.3711280541084190E-014  3.1459976017958024E-014  1.0933639893863346E-003  2.1957140370051989E-017 -3.9509069475169106E-018 -1.3203014061119652E-015  3.2400982488653467E-018  4.7470474638845990E-018 -2.5168817436843920E-017 -8.0784583519574722E-018 -6.4630026658996269E-016  2.0219436131840443E-017  1.6175269107474489E-015 -3.7225295595804580E-015 -2.8444859093259694E-015  7.1667065228503573E-018  7.6279825424430242E-016  3.6486216773892832E-015
-2.0146760499526206E-017 -3.3209884475087483E-017  1.9052684096114494E-017  2.8375533424222499E-005  9.6708516207872906E-012 -2.3718838708899575E-014  1.0081577052724061E-013  1.8697467131398035E-012 -3.6366902855513880E-014 -1.1541208849240963E-011  1.1781262001389158E-016  1.1331128350826854E-016 -3.4156921669658979E-017 -1.0110877954815892E-004  2.7311819170408047E-011 -6.7140850793005849E-014  2.8511784622673372E-013  5.2908064963575810E-012 -1.0344899333778985E-013 -3.2606773495270704E-011  2.0410265674029532E-004 -5.2795290609023582E-017 -1.0610387229268667E-016  5.3771883880849181E-017  1.0294367605654913E-018  4.3458424223575823E-018  5.2788461766634559E-018 -2.2623701671814651E-018  6.0039465352939247E-018 -5.7806061440955409E-018 -8.8101941794760289E-018 -6.4117581737718107E-018  1.9714967114858472E-018 -3.0369225857679954E-018  4.1843351753429651E-011 -1.0238418032853278E-013  4.3556598336315085E-013  8.0610934382941991E-012 -1.5651384546806072E-013 -4.9912756998202731E-011  3.7024666026760412E-015  1.5827891941319268E-015  5.8739919616735586E-016  7.2439716448449142E-018 -6.6121665421194719E-018 -1.0954814295068087E-017  3.2764884993644209E-018  1.5684788176500176E-018  7.9472901873132204E-018 -4.7214359352571004E-018  2.5076577947373666E-018 -3.8335143122046630E-018 -3.5467858688790703E-018  2.9735126487594478E-003  4.9987881631288797E-011 -1.2287793400208338E-013  5.2169579412795246E-013  9.6441009609833743E-012 -1.8903464526798359E-013 -5.9723513856274048E-011  3.2639422096152580E-014  1.3185799159759469E-014  5.3915813667038998E-015  4.1293552142112848E-015  2.8376487846031867E-018 -2.6052100155050033E-018  2.3908912106854865E-015  8.4536879736849166E-019  2.4711178197650739E-015  1.5035954664318604E-019 -5.9873494868261847E-021 -6.9935628409791041E-020  3.0119889904198600E-018  3.5368726719161117E-015  2.8629687404395165E-018  2.3205180187304767E-015  8.1852338132013909E-019  3.9692534574120027E-015  5.2250244165888329E-003  3.6092853675263038E-018  1.4631236077116772E-018  4.8099168825259620E-018 -1.1483154980407840E-018  1.0412032015715011E-018  1.0226098353002803E-018 -1.3574928764681679E-018 -3.7199458711972578E-018 -1.1335299423656622E-018 -2.1945896738457035E-018  9.3214704045801322E-011 -2.2841074055141849E-013  9.7104867359674325E-013  1.8035295748426745E-011 -3.5026016133550903E-013 -1.1112782997810728E-010  1.2722460443003762E-003  8.2888038195798590E-016  1.9467696379165904E-018 -5.3608979896611157E-018  6.4620765325623000E-016  2.8691113230541377E-018  9.7841030526262383E-016 -1.1617134083782179E-018  3.2959272873816028E-018 -1.0981393965617636E-019  6.3815158101624037E-018  7.7999785569230812E-016  5.7465426028181593E-018  7.6301065006052696E-016 -3.9332005017251939E-018  6.9317647929663574E-016 -1.7245702909911362E-014 -1.3171019194720462E-014  8.8525259152393107E-015 -1.4490979556450319E-018  8.8810604403773852E-019 -1.5468518851935245E-018 -7.4225753296746090E-019  9.5892018906611271E-019 -6.3028944818986721E-019  1.4556810362609027E-019  2.9732921969545493E-019  1.9556629198961577E-018  1.0054564707041696E-018 -3.5140673533172891E-003 -2.5560106264810836E-003 -1.5372300292424031E-004  6.3431729785888189E-004  9.1687064971355755E-004
 8.2454950643629330E-017  1.3871747397732632E-016  7.4592215858453157E-017  9.6708516207872906E-012  6.9333591996921552E-003 -2.7965623289586426E-014  9.1093687580925102E-014 -3.4666795968207906E-003 -5.2980783040533519E-014 -3.4666796028701820E-003 -1.4235883756480482E-016 -3.2450849265624011E-016 -1.1329753286225332E-016 -8.4259816319155851E-011  1.9531550412458548E-002 -5.2333540470558556E-014  1.6778899376945880E-013 -9.7657752001940462E-003 -9.7947345730533218E-014 -9.7657752122625972E-003 -6.3990051200936855E-014  6.7720632017418129E-017  4.0397809547167030E-016  1.0625040267465689E-017  5.7863253112406956E-017 -1.4582731090706414E-017 -3.3819470302010982E-017 -1.1692461136890582E-018  1.4931122864027739E-018  2.1618443225812479E-018 -3.1508352349323642E-017 -8.2977965503780934E-018 -4.3916216786904942E-017  2.9077939488575057E-017  3.0045133595887227E-002 -6.2094610359628112E-014  2.0069602053327030E-013 -1.5022566791749891E-002 -1.1059371053829249E-013 -1.5022566804132213E-002  4.1256299800507342E-016 -1.0225637880813208E-015 -3.8674459645756810E-016  4.1401356773045220E-017  8.4864776634304329E-017 -4.0611197936584790E-017  3.1666018180073154E-017 -8.1682110230172589E-018  2.0368484206483161E-017  1.6406981139694793E-016 -5.2857721075710355E-017  8.2056841142850821E-017 -1.4656568882705561E-016  2.0103598203223274E-011  3.5728288803061031E-002 -7.8243932969171740E-014  2.5236320788460283E-013 -1.7864144393373489E-002 -1.4079312398283491E-013 -1.7864144409695824E-002  4.6526633481572276E-015 -4.0849844635931782E-015 -6.1990567201001751E-015  3.4873744618664298E-013 -1.9152784763764377E-015  6.2538993050429995E-015 -8.8240606726724366E-014 -3.4582286109583272E-015 -5.4879224026218135E-013  1.4064038992183290E-015 -2.1107130430301577E-015  6.3121764594240741E-016 -4.7094938114891706E-015  8.8601374204546964E-015  1.3496819171421744E-015  8.2912932336156855E-014  1.3030858924250371E-015  2.6490267751861042E-013 -1.5072293203203905E-011 -7.9831990844510733E-019  2.5313372986306169E-017 -2.0863073834361851E-017 -5.4215807992062227E-019  1.0914292832300898E-019 -2.5733362130695341E-018  5.9258420266643591E-017 -1.6094482615534519E-017  2.6557793218952243E-017 -2.0594121084292072E-017  6.6788201257435731E-002 -1.1600043699981393E-013  3.7323444698920041E-013 -3.3394100616029584E-002 -2.2789049792411991E-013 -3.3394100641617665E-002  4.3485840736954588E-011 -7.1946673875191481E-014  3.1291587482617831E-016 -9.7390495086046325E-016  1.1369510043970761E-014  6.9732954835889570E-016  1.0797894062532546E-013 -2.4647215458494211E-016  3.3601437390347704E-016 -1.1006269269789992E-016  7.5143099738303577E-016  4.8337166527716902E-015 -2.9878519394211272E-016 -1.5562480381118589E-014 -2.0509311469558459E-016 -5.0897288985492739E-014 -9.7165587721676388E-016  1.5219842294749022E-015  6.3179335543860144E-015  2.7994837962207701E-018 -1.4430784588691441E-017  2.6477981979251491E-017  2.8192140529074207E-018  6.3577487663258236E-019  2.0237890264297946E-018 -2.9473967794605450E-017  2.4348076880703719E-017 -1.5030375515871335E-017  5.0385050248018184E-017 -3.2605227527460450E-011  5.4888704840858844E-012 -3.5292158560760764E-012  1.8436830187069216E-012  1.7923101383703828E-012
 2.5718188514364474E-016  4.0170973953910447E-017 -1.0183146181105493E-016 -2.3718838708899575E-014 -2.7965623289586426E-014  6.9333591944730801E-003  1.0057416022704457E-014  1.7333704462592319E-014 -1.4106970635425196E-014  1.0068766662641663E-014 -4.1911299973266847E-016 -1.1399192299285947E-016  1.1332162662829646E-016  3.0892860659280419E-013 -5.0026955950990137E-014  1.9531550402444441E-002  1.9171822400997027E-014  3.5129544714552345E-014 -2.9621004817257178E-014  2.0005139972626772E-014  9.5416005085134858E-014  1.8646101997599685E-016 -1.7838266582509513E-016 -3.4176932439103697E-017  1.9304582601998250E-017  3.1108886103359699E-017  2.1868181313914631E-017  1.1432168933219810E-017 -1.7930341759253095E-017  9.4425713731021941E-018  1.0325459647722827E-016 -2.7786599172476794E-017  6.5370025064002551E-017 -2.4797777646225359E-017 -5.9121382301580876E-014  3.0045133584686506E-002  1.7958868597451435E-014  3.9598741835792496E-014 -2.6232638747763771E-014  2.6138605587327768E-014  5.7202832501893991E-016  2.0058144378888925E-016  2.8494688684937898E-016 -3.2216398595118932E-016  3.5657341406436232E-018 -8.3849686891140221E-017 -1.3846242210932664E-016  2.0304063831664739E-018 -1.3552593475175513E-016 -8.5886504793899185E-019 -4.8954882323111391E-017 -1.8232706937689385E-017 -1.5511945576413869E-016 -2.8308589036198646E-013 -7.4905388136304061E-014  3.5728288789009535E-002  2.3162895132342081E-014  4.9818354263186719E-014 -3.4587188151100282E-014  3.2245614443137220E-014  1.2788615761023502E-017  8.2332547391324030E-016 -1.3487624901026320E-016  1.7722094021597676E-015  2.8388339589785856E-013  1.7083460289656461E-015 -1.8935010506768449E-015  4.9601110210413688E-015  6.2540256088316873E-016 -5.1536462353152899E-015 -3.9013347028804141E-015 -3.6068088088239808E-013  1.7662720992220187E-015  1.8378976175955162E-015 -1.5725986797266041E-015  6.3918051460315570E-016 -1.5620021629604636E-015  3.2608483736752815E-016  3.2795343982908347E-013 -8.3187352329066708E-017 -1.2823690266114379E-017 -1.8178588648379920E-017 -3.7506531377345064E-017 -1.7449734564532450E-018 -4.0563568940479419E-017 -1.8480861862811688E-017 -2.6550043342491931E-017 -5.3231655922743252E-018 -5.4651513639587567E-017 -1.0945842206042962E-013  6.6788201235394321E-002  4.9133773194998808E-014  7.9262937670834278E-014 -6.6493747665469936E-014  4.4556201812551456E-014 -4.0096418731348762E-013 -3.0154820580147160E-016 -4.8689571801911656E-014 -2.7059029519738786E-016  3.1294208542304932E-016 -7.4865026931932496E-016 -1.1438460225166571E-016 -4.6737163078706408E-015  8.2569524436683741E-016  7.4770787045779488E-014 -3.0931830836015971E-016 -2.7685538462128831E-016  2.9383751679837632E-016 -9.6737323235552135E-017  2.9018896149183515E-016 -4.7957331041259997E-017 -2.0691707606309786E-015 -6.3945936739941664E-016 -2.8746738456359445E-015  1.0052955378542326E-017 -8.8002092508925138E-018 -7.9411296266046229E-018  2.5617897077898230E-018 -8.6607867219554709E-021  5.3695590049418918E-018 -2.2745587440055288E-017 -5.4038347817046642E-018 -1.1243477862631767E-017 -1.4907801704805568E-017  2.5305141453341974E-013 -7.0329784060289057E-014  2.9780319388462511E-014 -1.0602594909888100E-014 -7.6918696241557028E-015
-6.4736679532012224E-017  2.0583600079589359E-016 -1.5407697508992249E-017  1.0081577052724061E-013  9.1093687580925102E-014  1.0057416022704457E-014  6.9333591957350281E-003 -3.3390852681289328E-014  5.2104192166639137E-015 -5.9075209359307283E-014  1.2140839101346968E-016 -2.7626689230771059E-016 -1.6715244777839892E-017 -1.0217075618423598E-012  1.6734906065755169E-013  1.9218409487076248E-014  1.9531550405356958E-002 -5.9489538893917401E-014  1.0272924023528840E-014 -1.1193040747740180E-013 -3.1197717042623752E-013 -2.1649058944981538E-016  3.3163144651648749E-017 -5.0392978976424352E-017  8.1727123889686940E-017  1.5678334522449693E-017  1.8921148671048071E-017  2.5979383893249839E-017  1.7228716892287570E-018  1.6897230990270450E-017  7.3997271546827607E-017  1.2382413499609005E-017  1.9172623680420266E-017 -1.1463024175961323E-017  2.0109979829929349E-013  1.8020608902396584E-014  3.0045133586659046E-002 -7.8927556278059480E-014  9.7459974271994608E-015 -1.2652310640919572E-013  2.7485194319620955E-016  4.7821136816334385E-016  5.9662481738644894E-016  1.1990201710159324E-016 -4.6562199192688443E-017 -7.3128812738797141E-017  4.9569843196216576E-017 -9.7716239191468404E-019  6.1463096673243401E-017 -9.4115149698001772E-017 -7.7317123686800376E-017 -4.9747493313977937E-017 -1.5922282979330063E-016  8.6511050137048330E-013  2.4888988003173638E-013  2.3327682751092663E-014  3.5728288792039153E-002 -1.0289746866155548E-013  1.1990883278532835E-014 -1.6419858019075939E-013  3.7778372101683220E-015  2.5498824761818918E-015  2.2101010072318736E-015 -3.7760314342297559E-015  1.8641608493943676E-015  5.0976046637967862E-013 -6.8177716359865696E-016 -1.3916483971154247E-015  7.7131247008310572E-015  1.8500580904977995E-015  9.8520267370808097E-014 -3.8364245481426705E-015 -5.7654893004696697E-013  1.5468569950650864E-015  7.4254610801632693E-016 -5.1277256432244774E-016  7.3081989702242196E-016 -3.3026977770092782E-015 -1.0453671346269891E-012  3.7292895390134107E-017 -1.4629570725391065E-017 -2.8826429460456581E-017  1.8147736004960106E-017  1.7185709707180800E-019  1.5218205444392391E-017 -3.0704157701330346E-017 -2.6290601004161191E-017 -7.3915584346111804E-018 -6.7025774063369027E-017  3.8131808017508312E-013  4.9293663458631444E-014  6.6788201241493900E-002 -1.2435760039166160E-013  2.4121824273293842E-014 -2.4411360712504225E-013  1.2629824492455131E-012  7.5285004917558344E-016 -2.8850032024225716E-016 -9.5376597830277990E-014  2.9524007845424695E-016  2.6444010446223223E-016 -1.0343432098140905E-015 -2.8214647019086761E-016 -2.3170018718407129E-014  7.7870048622273354E-016  1.1481641616719855E-013  1.0576473437928668E-016 -3.8409571580037107E-017  2.6230991409508926E-016 -4.7282962717054386E-017  7.9301378544278906E-016 -2.1726493640002143E-015 -3.0371127972169149E-015 -1.5677465718739680E-015  3.4230420168578556E-018 -9.2510059489226736E-018 -4.3949259857610630E-018  1.6640326820123955E-018  1.4572783353179688E-019  3.4719702622285005E-019 -1.9828315374072820E-017 -4.9591779050969906E-018 -1.0413202040850567E-017 -1.0288443975268647E-017 -8.0404416061387235E-013  2.2691352629254741E-013 -9.3717920109424372E-014  3.4403010599342725E-014  2.1219861441000364E-014
-2.3821018044195905E-017  7.6696501786267112E-018 -3.3273262232728108E-017  1.8697467131398035E-012 -3.4666795968207906E-003  1.7333704462592319E-014 -3.3390852681289328E-014  6.9333591977940633E-003 -3.7015574238649001E-014 -3.4666796009735950E-003  1.1020529998898441E-016  6.7700388347256469E-017  2.8702343514638234E-017 -2.0210008244574381E-011 -9.7657752001607395E-003  3.2823280062156801E-014 -5.9204649427667339E-014  1.9531550409254219E-002 -6.7175745634435981E-014 -9.7657752091037473E-003 -1.2263218109145439E-011  4.7007373022102497E-017 -1.1780733016053159E-016 -3.6211467868345221E-017 -4.8517782056117505E-017  2.3469128700594562E-017 -1.1792810280572877E-017 -2.1865871367181019E-017  8.9264615636732659E-018 -9.2749106381922991E-018 -2.5238222610195050E-017  3.4797744841119413E-017  1.0246161304257113E-017  2.3177874631709349E-017 -1.5022566791717961E-002  3.6495708640556903E-014 -7.9222109016333619E-014  3.0045133591402196E-002 -8.2401652684035629E-014 -1.5022566799709513E-002 -4.5520018660441020E-016  1.0173654071357792E-015 -7.3435105934304817E-016  2.4047645198340622E-017 -7.3723265060549570E-017  2.2409220814934356E-017 -1.8891595604589015E-018 -6.6892521840343211E-019 -1.0145183297490331E-018 -1.1394684746347461E-016  2.6861929028734624E-018 -5.1276842981886907E-017  5.0255774395141762E-017  2.9057705893334574E-011 -1.7864144393305227E-002  4.6321234347276901E-014 -9.8412813685078262E-014  3.5728288797897106E-002 -1.0252498066361133E-013 -1.7864144404562667E-002 -3.4408974191738359E-015  6.3076416008636968E-015 -6.0018571835881021E-015 -1.4230311740597296E-013  1.4246390643851892E-015 -1.5781255907748954E-015  1.8140333826636241E-013  1.7169063771276778E-015  2.2005802848864844E-014 -1.8716922415695317E-015  4.1885226878914821E-015  6.3490128796464113E-016 -1.5376088433790056E-015  1.0140853305171942E-013 -5.2390971251416068E-015 -4.4477598432805912E-013  3.8330965745093756E-015  2.1036192331668771E-013 -3.7076195002718332E-011  9.2225985381743895E-018 -3.8160896177650663E-017  8.5651684713966066E-018  1.3355059423076504E-017 -9.0475117000056646E-019  7.4112666309623397E-018 -9.7474865329193587E-017  1.8812766629128796E-017 -4.3820771447167198E-017  2.3171615856127871E-017 -3.3394100616109271E-002  7.2331360247231482E-014 -1.3238334281812969E-013  6.6788201249371140E-002 -1.4962446577282802E-013 -3.3394100634072457E-002  4.0337880640107543E-011  2.3388488134956525E-014 -2.0990850926831888E-016  2.8162314772321101E-016 -3.3687869805981274E-014 -3.6648652444226272E-016 -1.0931971628349366E-014  3.1303961074580362E-016 -6.3227129876530822E-016 -8.8400181335683492E-017  1.5851663568013359E-016 -4.0467580802015600E-014  1.0372954106588862E-015  8.7891532829932305E-014 -7.9666795142630702E-016 -4.5312789743602441E-014  4.1591946888660452E-015 -7.2770739922427629E-015  3.8780260167368709E-015  2.7775820986366790E-018 -1.2547382956029624E-017  5.8121398310331753E-018 -5.0331936164291512E-019  2.2039108087890099E-019 -1.0878875127794605E-018 -2.5163444847026174E-017  4.3627800454817256E-018 -1.0277839292888852E-017  1.6318663580139841E-017 -2.4454454672956861E-011  7.8170876373142136E-012 -2.9447612808034188E-012  9.1109719170364021E-013  5.4395282199559210E-013
 2.7429559469654103E-017  6.1751583209576826E-017 -2.9199507734974114E-016 -3.6366902855513880E-014 -5.2980783040533519E-014 -1.4106970635425196E-014  5.2104192166639137E-015 -3.7015574238649001E-014  6.9333591965127046E-003  9.0971109335866011E-014 -8.4836724075834991E-017 -1.1095639178953990E-016  4.5030934938488328E-016  7.0341034027277860E-013 -9.7370612651001425E-014 -2.9356028831946320E-014  1.0547371389116313E-014 -6.6557465441946314E-014  1.9531550407245329E-002  1.6861283163895989E-013  3.8034340400599468E-013  1.2024849876671059E-016 -2.3602643482524942E-016 -4.2213978259289274E-016 -2.5793297100261259E-017  4.2909366934836493E-017  3.8318318778413131E-017 -2.1636134628728970E-017 -1.1228751785337315E-017 -1.7065935944967413E-017  1.2095912908523599E-016  4.7442843021649458E-019  7.0108761135442379E-017  6.6738012318177029E-017 -1.0956020287395499E-013 -2.5951500507646505E-014  9.9784563398701384E-015 -8.1432136421302432E-014  3.0045133587988940E-002  1.9824422407436751E-013 -3.1074905324285231E-016 -1.2516182984273719E-016 -8.6827131852644951E-016 -1.9660420049510783E-018 -9.0936720278321680E-017  5.1478399333262354E-017  8.0201209200930988E-018  5.8616502281016267E-018  2.9471839769249312E-019 -2.1567364922786415E-016  5.2293243152237028E-017 -1.1599244509123013E-016  1.1279530684602333E-016 -9.5688846839365227E-013 -1.2120458456013033E-013 -3.4194533777632564E-014  1.1979009760937848E-014 -8.3641669994205242E-014  3.5728288793958021E-002  2.6760391607643506E-013 -2.3590310012732485E-015 -6.0748829886212455E-015 -7.7546561523086484E-015 -2.4623333587809812E-015 -1.5760121859775126E-015  8.1370655283353117E-016 -2.0330793766000261E-016  2.6473420447042161E-013 -2.2700789666865494E-016 -1.6469794381883832E-015 -1.3276822728708359E-015  4.8809195738718474E-015  8.2365859633135179E-016  1.7643725366328989E-015  3.0284942015491986E-013 -7.0567999872780368E-015 -4.9444371580551499E-013  1.7484145626836033E-015  1.1507733046474069E-012  8.7361808366490946E-018 -4.4045058408174686E-017 -1.5988020442458231E-017 -3.1728014874895903E-018 -9.8635303391027374E-020  6.9529845643985481E-018 -9.6203025827774132E-017 -1.8556765448510935E-017 -4.0314980640500099E-017 -3.4303959828944985E-017 -2.2463485877203262E-013 -6.5824139733616481E-014  2.4736668727552381E-014 -1.4636568085952296E-013  6.6788201245037468E-002  3.9040975769597498E-013 -1.2432937397236481E-012 -3.8962429587093047E-016  2.3996468504706266E-016 -3.3777475044734590E-019 -4.3539721903346912E-016 -4.7162372570907220E-014 -4.1874620560887040E-016  2.7715689922623012E-016  2.5491187359251890E-016 -6.9392631835565069E-016 -1.3563948311625565E-017 -1.0971857620630466E-015 -6.5216600664015809E-014  9.4251929128456996E-016  1.0108238001556518E-013 -1.1433931021906011E-015  1.8067734041487885E-015  4.9848574965579555E-016  2.3981390833035914E-015  4.2302522377397252E-019 -6.1458913508603540E-018  3.1630926158073647E-018  3.0863679490965027E-019  1.0473837739433420E-019 -1.8012573617385510E-018 -1.7438310439356151E-017  3.5021974196740336E-018 -8.7046478044712647E-018  4.3153988877674639E-018  7.5921320460557957E-013 -2.3508292011198657E-013  9.0296680153166479E-014 -2.9029754557920087E-014 -2.0387604281719926E-014
-6.3381650531569969E-017 -1.5271479016703880E-016 -2.3540970830207460E-017 -1.1541208849240963E-011 -3.4666796028701820E-003  1.0068766662641663E-014 -5.9075209359307283E-014 -3.4666796009735950E-003  9.0971109335866011E-014  6.9333592038429183E-003  4.8588637090215661E-017  2.7868637001916420E-016  2.3105606242620783E-017  1.0447200150481791E-010 -9.7657752122944814E-003  1.7923835605040072E-014 -1.1245037726273360E-013 -9.7657752090610801E-003  1.6786901143032656E-013  1.9531550421363925E-002  1.2322803691501636E-011 -1.2288757210169896E-016 -2.9941256568309043E-016  6.0869141529400923E-017 -9.3454710620676812E-018 -8.8863976154632453E-018  4.5612280608998313E-017  2.3035117481350898E-017 -1.0419573850317503E-017  7.1130663229833119E-018  5.6746574958306542E-017 -2.6499948277700341E-017  3.3670055489828372E-017 -5.2255814149560963E-017 -1.5022566804164148E-002  2.3158526454619410E-014 -1.2742098646813277E-013 -1.5022566799653705E-002  1.9721936977639700E-013  3.0045133603838006E-002  4.2526323339116314E-016  5.0165160055741265E-016 -2.8468076600172223E-016 -6.5449001952605846E-017 -1.1141511558497965E-017  1.8201977046181831E-017 -2.9776858620166720E-017  8.8371362417115265E-018 -1.9353965900678910E-017 -5.0122963925642590E-017  5.0171528129655099E-017 -3.0779998185928207E-017  9.6309914518417683E-017 -4.9225798666275306E-011 -1.7864144409749715E-002  2.9020708923332165E-014 -1.6102237539112881E-013 -1.7864144404525283E-002  2.4834110485460781E-013  3.5728288814254064E-002  2.1749077979304992E-015  2.0648914602625629E-015 -2.8767447183455807E-017 -2.0643432878071129E-013  4.9063941196724656E-016 -4.6757737143678786E-015 -9.3162731539705649E-014  1.7413222338671457E-015  5.2678643741314673E-013  4.6528834235122253E-016 -2.0778096448809074E-015 -1.2661189338761514E-015  6.2471026549811679E-015 -1.1026867047225730E-013  3.8894152080419211E-015  3.6186305199183630E-013 -5.1361824670035120E-015 -4.7526460083533364E-013  5.2035435430914444E-011 -8.4242786238262356E-018  1.2847523193808212E-017  1.2297905341942414E-017 -1.2812901342191084E-017  7.9560824174246486E-019 -4.8379304266221924E-018  3.8216445064728238E-017 -2.7182840286011926E-018  1.7262978223037824E-017 -2.5774947453134072E-018 -3.3394100641315080E-002  3.8244290882132866E-014 -2.5407102414683361E-013 -3.3394100633344664E-002  3.8690462752654052E-013  6.6788201275681844E-002 -8.3854075579655622E-011  4.8558185740201455E-014 -1.0300736555381653E-016  6.9228180315609172E-016  2.2318359761995643E-014 -3.3084302392320587E-016 -9.7046968996978332E-014 -6.6567456160399260E-017  2.9625692486633814E-016  1.9846287402725318E-016 -9.0994763308586072E-016  3.5633864149223024E-014 -7.3851021672609038E-016 -7.2329052448830338E-014  1.0017610661361109E-015  9.6210078729065400E-014 -8.1364822099799880E-017 -3.0351247795892948E-015  4.0066414643844823E-015 -5.5770658954994070E-018  2.6978167546572564E-017 -3.2290121817993176E-017 -2.3158946912423226E-018 -8.5616595745671872E-019 -9.3590151294741997E-019  5.4637412642307965E-017 -2.8710856930318904E-017  2.5308214805873290E-017 -6.6703713818820152E-017  5.7119458207249814E-011 -1.3267888607830037E-011  6.4763121003617327E-012 -2.7626671079956166E-012 -2.3382514794392680E-012
-1.4121007433544434E-005 -3.8606625159743980E-016  1.1677839478530812E-015  1.1781262001389158E-016 -1.4235883756480482E-016 -4.1911299973266847E-016  1.2140839101346968E-016  1.1020529998898441E-016 -8.4836724075834991E-017  4.8588637090215661E-017  4.8856175052053895E-005  1.2559262076693430E-015 -3.9644538724813557E-015 -2.0999639719632367E-016 -4.7917008236825129E-016 -1.1708312569787964E-015  2.6118376138294165E-016  4.0131018496681974E-016 -1.9782688116541522E-016  1.0981302503737740E-016 -7.5876555227427691E-017 -2.6651664440838557E-005 -8.7060566099549814E-016  2.6478813462893361E-015 -1.6268010642608218E-014  5.3407577108034713E-017 -1.8145490186004041E-016  1.5292247591613807E-015  1.1126509945560818E-016  2.0335661038838033E-014 -3.1994776823836250E-017  5.1001274768958000E-017 -5.8240448364211945E-018  9.8653579757586292E-017 -6.9378812730179132E-016 -1.8264604335954194E-015  4.6237533265576560E-016  5.3689801089829146E-016 -3.2727389432247915E-016  1.7376457965106318E-016  1.1244395706820674E-003  1.3514835507504282E-014 -4.8101266422390098E-014  5.4401870419996871E-014 -2.3123972026838304E-016  7.8598004120696014E-016 -2.0298149748905093E-015 -4.4139723623100885E-016 -6.8019993355269168E-014  1.3364729868004850E-016 -2.0545033197496638E-016  5.3695696082949688E-017 -4.4647449134820432E-016 -4.9137411589056754E-015 -8.6216841910697549E-016 -2.1630188534977532E-015  5.2204515688818725E-016  6.6092755064000248E-016 -3.7027151141276550E-016  1.8799668804115669E-016  9.8452181031904954E-003  1.1486214998346000E-013 -4.1126798488386811E-013  5.1231583126554313E-018  1.9879840431267197E-018  6.8122933954916060E-019 -1.2486577234024113E-018 -1.6575677606008580E-018  4.5879754315847663E-018  1.8822643567628739E-018  3.4587285950275785E-018 -2.5205900304077123E-018 -3.4680874375978260E-018  5.2473604067136669E-018  1.8728861650442600E-018  2.7628434752831728E-018 -1.2847016480550622E-019  2.5430643488220625E-018 -8.0400548452791543E-015  1.2696526698293829E-014 -9.3746853264003005E-017  2.9425184868853626E-016  2.6770230203678743E-015 -2.0175475276813099E-016 -1.9003635224747674E-014  5.3826256547463208E-017 -7.1663430918158598E-017  2.3910955997483011E-017 -1.6603282915014229E-016 -1.5905343576298138E-015 -4.0372011836883168E-015  9.9157863364240813E-016  1.2200111896769580E-015 -7.1133056178659676E-016  3.6199033049237131E-016 -2.6744935246070743E-015 -4.1451058360028513E-019 -1.5645489549045439E-018 -2.8391143961137041E-019  1.6846120538271013E-018  7.0795394349757124E-019 -2.5304187196453809E-018 -1.1901755202875234E-018 -1.5557240124596212E-018  1.0612488122916124E-018  1.1482743189062449E-018 -9.4010821662588810E-019 -8.4935692240446250E-019  8.7299139410698330E-019 -5.4775004610232132E-020  5.6042412272430133E-019 -3.7788570029900128E-003 -3.5711121343704399E-014  1.8785568552873995E-013  1.2066785956674767E-015 -3.8724435931826636E-018  2.1689650494045274E-017 -3.1651348922494160E-017 -1.5333385486314486E-017 -2.0240705250843810E-015  3.7954247369054919E-018 -4.0382003819178196E-018  2.1643143574594430E-018 -5.2421707884575097E-018  2.2139965070259505E-015  5.1677697784404930E-016 -2.1158455394189241E-015  1.9251704507624011E-016 -2.8259033877810297E-014
-3.6012802371296067E-016 -1.4121007580269211E-005 -7.2196128367539818E-016  1.1331128350826854E-016 -3.2450849265624011E-016 -1.1399192299285947E-016 -2.7626689230771059E-016  6.7700388347256469E-017 -1.1095639178953990E-016  2.7868637001916420E-016  1.2559262076693430E-015  4.8856175458580202E-005  2.6795152587231192E-015 -4.5096305278160468E-016 -7.8679738827710122E-016 -3.4040602207721791E-016 -8.3481640213451510E-016  1.1267947947022119E-016 -1.7819307912232091E-016  7.8257662688617797E-016  4.3593203582610391E-016 -8.3020655203020647E-016 -2.6651664714881485E-005 -1.7769937921914755E-015 -3.2579103540167824E-017 -1.2565962716124198E-014 -4.5019829428154036E-017  6.3536237437437123E-017 -1.6766345759686718E-016 -1.1081964229119822E-017 -3.5343866815980232E-015  1.4198139201968694E-016  1.7306405361375803E-014 -6.5121225876438382E-017 -1.2982584917135988E-015 -5.0728363294403025E-016 -1.2397172265619362E-015  2.1979242679650129E-016 -3.8949200379310186E-016  1.1984633022772045E-015  1.6088604224659107E-014  1.1244395754507861E-003  3.1123583267790910E-014  1.1695658865319491E-016  3.4627158065822062E-014  1.5390194445004711E-016 -2.1955056490643134E-016  5.5813415020623171E-016  6.2531324250984741E-017  1.8533356309157529E-014 -6.0699865059449904E-016 -5.7731276036887093E-014  3.5650336251783719E-016  4.4401208506445726E-015 -1.5024270123254647E-015 -5.9955247281235509E-016 -1.4935187366323105E-015  2.3293452194745159E-016 -4.0109261929680919E-016  1.4380347116648497E-015  1.3764982878594558E-013  9.8452181441058169E-003  2.6513732501494816E-013  2.6681635097340796E-017 -5.2357944886942049E-018  9.0359170488608643E-020  1.6017697091217010E-017 -4.7274682782491236E-019  1.8108675894848341E-017 -1.5444960761828993E-018 -6.9038755627931186E-019 -6.9423424346561405E-019 -1.1821267387949327E-018  3.2527839310701787E-017  1.3453941391133070E-018  1.7105499386682647E-017  2.1889259289505927E-018  2.0345227761240388E-017  8.8020502760327691E-015  7.6722711882293559E-017  9.1996021819964620E-015  8.4765335431649955E-017 -1.2075261490540600E-016  2.6214986228332516E-016  2.0057944431965325E-017  7.2122846438645022E-015 -2.7049983604557186E-016 -1.8578226755236910E-014  1.3825761823057987E-016 -2.7195681970982032E-015 -1.1357744654517346E-015 -2.7847493472190104E-015  5.6927904651864907E-016 -7.8327088679608920E-016  2.7830360896639850E-015  2.1145617339472831E-015  1.9583741824154322E-018 -4.8999856128020401E-019 -7.4538163251555422E-019  2.4044866853453917E-018  1.7481353789466305E-019 -6.2979684987671178E-019 -1.7160640803538875E-018  1.8093493614545748E-019 -7.0974090453677571E-019  5.6803050791429462E-019  4.5178447906742222E-018  3.5078117893782684E-020 -1.4354614433105224E-019 -5.7493805227913641E-019  1.9518745866562411E-018 -7.6009363973504191E-014 -3.7788570195777930E-003 -1.1999932295813501E-013  2.1337381984897435E-017  2.1457880805463734E-015  1.5584100126461352E-017 -2.7038204456243047E-017  5.5871769454638009E-017  2.9307527237685227E-018 -3.7692926707936184E-016 -1.0647763857616368E-017 -2.1776951054244414E-015 -8.5154879521030270E-018 -3.9114542295514080E-015 -2.3821803633686608E-015  9.7536704541875493E-017  4.1314747054388334E-016  2.4990844141736429E-015
