   3.6043117284784607E-005   3.3928730008415507E-016  -1.6691525808441789E-018  -8.4313920095871996E-018   8.6421822235977287E-016   3.1333981947512848E-018   1.8107744547194211E-015   3.4363789632038551E-015  -1.0498162790308164E-015  -1.1597828724643162E-015   2.0427898628095011E-003   5.0517730898505557E-015  -1.0944670854566973E-018   9.1853909255241259E-018   2.7818389012324485E-015  -6.5535108147900486E-018   2.3903991059587990E-015   4.1144707005925007E-015  -1.2488492799991077E-015  -1.3840080289527626E-015   5.4430325218423623E-003  -3.0969903082718681E-018  -4.0871453832431954E-019  -1.0795965455544697E-018  -5.2070380734545806E-018  -1.4177261410699988E-019  -2.2692579391865002E-018   1.0794956577642306E-018   8.8468185823789810E-019  -8.4770740101785333E-018  -9.1413857109160657E-019   9.4555240344415073E-015  -1.1552359464253399E-018  -6.8269281522127382E-018   9.5334350352768214E-015   2.6351849342017148E-018   1.5926365934943529E-015   2.9558107627789653E-015  -9.4022100771852289E-016  -9.7296475482665163E-016   2.6516278309887853E-003  -5.6906539102250655E-016   4.4060492642889499E-020  -7.3491305515029813E-019  -2.9670699687238699E-016  -1.6785726896999647E-019  -1.1608076479753613E-016  -1.4799265195038641E-019  -3.5138222616847653E-019  -2.3788602620688834E-020  -6.4161906096748011E-019  -7.1500373685574746E-016  -1.4781803440561005E-019   2.6374364501023503E-016  -1.7779770343162545E-019  -8.6135091297591724E-016  -4.8829448732436265E-018  -1.2958955491282645E-018   2.4204816277228374E-019   5.9990275279368242E-019   9.2931809556528093E-020  -1.2862036802243591E-018  -4.5496014133431643E-018  -1.2935056617196386E-018   4.2378368106948464E-018  -3.2008458736588740E-019   7.5934963694125928E-015  -7.6736631903119305E-019   1.4825768308678088E-018  -4.8850912008304461E-015  -3.5709100121789654E-019   8.6558021076052671E-015  -3.0946339567256834E-015   1.8634640843343285E-016   1.4266482768488986E-015  -2.9642616615261738E-003  -3.1510662446396807E-014   3.0991613008483886E-015   1.3965877244865702E-014   6.9920831689632080E-017  -2.8956590550729279E-017  -2.1141555731455892E-017  -4.7662102026395055E-016  -6.0204723762939865E-020  -2.8885016133935132E-019  -3.9422744470525644E-016   6.3438630798308733E-019  -9.4810382691323270E-016  -2.9256148713037444E-003  -8.8406287979742374E-004   5.3943267012821546E-004   3.8465793979281274E-004   9.5665342408252736E-004
   3.3928730008415507E-016   3.3101794350779279E-027  -3.0326897775262002E-029  -1.0839418079267373E-028   9.0730699229324630E-027   2.3606961889851626E-029   1.7202599973755871E-026  -7.5911770769497024E-016   5.8437734929522341E-016   1.5900492508543237E-016   1.9819524347911232E-014   5.0099535195176894E-026   1.6079728365501414E-029   1.4079609401485415E-028   2.5416827611343692E-026  -5.8571981913391142E-029   2.6526615444282437E-026  -9.1502488598335351E-016   7.0244975795562274E-016   1.9011151128381787E-016   5.2621298813589026E-014  -1.2168925006487601E-028  -2.0950469559710011E-029  -3.5488656783180813E-029  -8.9373050540343611E-029  -1.1531019537762276E-030  -6.6560976646419181E-029  -3.8526880008308254E-029  -7.2187673260252880E-030  -8.9612140111901194E-029  -5.7549107569718088E-029   9.4684408196778669E-026  -2.8488091280195767E-029  -1.2464798508078362E-028   1.0231634614948405E-025   2.9662744409838712E-029   1.0975895169134197E-026  -6.8583159081657818E-016   5.0393650265595109E-016   1.2452863137724225E-016   2.6041174065875608E-014  -6.2910668938248279E-027  -7.3736609890339981E-030  -1.3454181546028065E-030  -2.8364634748348557E-027  -2.6030039759066758E-030  -1.0902803129253186E-027   2.0695559068563132E-030   1.4391519648053626E-031  -1.7212686203233464E-030   1.9907488740511592E-030  -7.7765511666943562E-027  -4.2101848178914150E-030   2.7569840482319883E-027  -5.9065740435637753E-030  -9.1876829801307329E-027  -2.7510360433683211E-028  -2.2430404330839983E-029  -2.8813655417516104E-029  -9.6393922400205487E-029   5.8596277729318088E-031  -1.0775496940812201E-028  -6.4690259341197301E-029  -4.5366841825721837E-029   2.1955257098898888E-029  -7.7253739910331600E-029   7.4993373445126860E-026   4.4754097772964654E-030   3.8020976852827216E-029  -5.7105334202712691E-026  -4.8102979094201553E-030   9.3872208276241325E-026   1.4435447989552070E-016  -4.9764855847403809E-016  -3.3794688485802990E-016  -2.3881612399280292E-014   2.3152753823842533E-015  -5.1248792633855613E-015  -3.1459612950811206E-015  -2.0319529920906342E-017   1.2299718881799596E-017   1.5951849826331588E-018  -3.8087565974146745E-027  -1.5860105673172100E-030  -6.0038936939031757E-030  -3.3129310697981271E-027   8.4201513808723195E-030  -9.6542938822433885E-027  -2.0771989162581391E-014  -5.8080737799375702E-015   3.0531952192583194E-015   2.4552241670819583E-015   4.4703501744657113E-015
  -1.6691525808441789E-018  -3.0326897775262002E-029   4.0359262940357881E-030  -1.5919659371152253E-030  -1.6560042019178287E-028  -1.0884556759369569E-030  -1.0245719560169241E-028  -3.9286089688619285E-018   3.0477836848739146E-017  -3.7210869310533817E-016  -1.7025060467782923E-016  -5.7103271816859780E-028  -7.8717120786005020E-030   2.5038281968838032E-030  -3.0957916250514993E-029   3.3924100102640184E-030  -6.3759812579791181E-028  -5.0845676008760277E-018   3.6733155392938230E-017  -4.4820859661499795E-016  -4.2951513984505245E-016  -1.5464182984699810E-029   7.9975812779127573E-031  -1.1526914284096491E-029  -8.2850057812215375E-030  -2.9446954515107122E-031  -7.5812387747953840E-030   4.0417253412421620E-030  -1.5687777229517262E-029  -1.7388471680740011E-030  -2.7302698541932399E-029  -1.1807379543152867E-027   7.1985301658592463E-030   2.5291044753222507E-030  -2.0790215616173308E-027  -6.7731348088182234E-030   4.2711566128179492E-028  -7.8576640878017380E-018   2.7483602493289419E-017  -3.3219159095848842E-016  -2.6141892399152422E-016   1.4777525628956635E-028   9.7120676575328488E-031  -1.8810886837161218E-030   1.9698987482224699E-029   4.1133649963889103E-031   6.4195524581332639E-030   7.6200649139260720E-033  -9.0704775063927459E-031   2.5734634984240225E-031  -1.8043347578246033E-030   1.6881940132149765E-028   1.7351059428649959E-030  -4.6504152962435169E-029   6.8128181981916772E-031   1.8103105855400029E-028  -3.2917130659195121E-029   1.1938482245381351E-031  -1.7112876743296745E-029  -1.2937970331902931E-029   6.0772229959976452E-031  -1.4483817878922329E-029  -1.6788187206339384E-030  -2.1913038114773212E-029   2.7221514910490980E-030  -3.8667091696162536E-029  -8.0991906572463114E-028  -4.7784441696110566E-030  -7.5270485865573978E-031   1.6529544952636114E-027   2.6087997013527898E-030  -2.0012049502642419E-027  -6.8568678672546359E-017  -6.6301866818344239E-018   1.3500770102299356E-016  -3.8020096481182543E-016  -5.8744337799736440E-016  -1.0017255789943180E-016   1.6905088690411709E-015  -7.0457107531983785E-019   8.0859298873051850E-019  -9.4047621587632841E-018  -6.5979838591939766E-029   1.1171707919276159E-030   1.7566970736483061E-031  -3.4581964557091934E-029  -4.2165775661366758E-031   1.3660128174679285E-028  -7.3477168994199042E-016  -2.8377118722463637E-016   2.2428318981278007E-016   1.3198177025786813E-016   4.9495916521040460E-016
  -8.4313920095871996E-018  -1.0839418079267373E-028  -1.5919659371152253E-030   6.5963392603752097E-029  -1.8718452131593058E-028   4.4936231836231824E-030  -4.3424373699029545E-028   3.2300366151579659E-017  -4.8369619271012380E-016   2.4228569108487847E-016  -4.7958017604411575E-016  -1.1678463968835120E-027   5.1728693145840567E-030  -1.2897737763288975E-028  -7.1873835879405651E-028  -9.3708186399633274E-030  -6.1919868558263435E-028   3.8682920587297094E-017  -5.7772636743698627E-016   2.9177845539478762E-016  -1.2772068095326617E-015  -3.2236163705001602E-029   9.8700300864765718E-029  -1.3670905411263015E-029  -2.0080465012913976E-031  -3.4918051913599897E-030  -1.2341389200801683E-029   2.3112888466627234E-028  -2.5260885334597978E-029   9.9929307999349975E-029  -3.6296666130212864E-029  -2.3840779737174231E-027  -2.3118583447533077E-029   1.2078988291003170E-028  -2.3372195433107712E-027   1.9863573114418261E-029  -4.0165348553033355E-028   2.6081007291231234E-017  -3.7145479764946787E-016   2.1559095512363599E-016  -6.2408744939646630E-016   1.4450665742992614E-028   2.3327237122636024E-030  -6.0526127498617699E-031   7.1353955376862680E-029  -5.1211976792858942E-031   3.1029377317105152E-029   9.5737429525389091E-030  -7.8674161325741593E-031   2.9817030170618866E-030  -6.2039165746166145E-030   1.7872064898033004E-028  -4.9815245080192293E-030  -6.0983054474422152E-029   3.2065676429536744E-030   2.0092783978268187E-028  -1.4683042036773139E-029   1.1483690191452805E-028  -1.5918300105070927E-029  -1.5212043065082413E-029  -5.6342020784368488E-030  -7.7719613189773700E-030   2.6237289616414117E-028   1.6438743193715101E-030   1.1454332022217510E-028  -2.0426464963651895E-029  -1.8352050094227929E-027   8.7043649620032537E-030  -4.7883240874434951E-029   1.1011136069311712E-027  -8.0112175923609507E-030  -2.1842750427794517E-027  -5.6034279809422016E-017   1.1465160403335555E-015  -9.9233654020093853E-017   6.6874048174094404E-016  -5.2996850749226106E-016   1.0594618540912094E-014  -1.1986786179136465E-015   4.3314879883742580E-019  -3.8280657608501021E-018   6.0256249977123294E-018   1.0910548882328442E-028  -5.4536656520375314E-030   5.7476640546678059E-030   1.0017213148085139E-028  -2.0759154408305037E-030   2.3502912457442478E-028   6.4649795876704741E-016   1.8197499873320095E-016  -1.9677660215276942E-016  -8.4178865980725129E-017  -5.2274256073315975E-016
   8.6421822235977287E-016   9.0730699229324630E-027  -1.6560042019178287E-028  -1.8718452131593058E-028   3.0778434102266662E-026   5.6791190125979141E-030   4.4844172699381885E-026  -7.9005757318198653E-016   1.0515121445271929E-016   7.1318898423368508E-016   5.5247663450002273E-014   1.4807411454474333E-025   1.8322777118919807E-028   1.1785897600275691E-028   5.7417642896258557E-026  -1.0245486742944210E-028   9.9996936404474936E-026  -9.5083817008085116E-016   1.2877085221096254E-016   8.5916634949553320E-016   1.4520561955238790E-013  -2.2570725938961973E-028   5.6574956596792713E-029   3.9739634167409521E-029  -1.9133743669967700E-028  -2.6644158538463142E-029  -1.1463924322197535E-028   1.4976442960648209E-028   1.0056482673747541E-028  -1.3192314704251927E-028   1.6755725750145366E-028   2.8552187283130508E-025  -2.1369525597538583E-028  -9.1381075166573716E-029   3.6247973170491900E-025   6.5331034999324021E-029  -6.7763613634211953E-027  -6.9550734091590826E-016   1.1997502579363481E-016   6.3820337405557452E-016   7.5093076259302858E-014  -2.3715524835311090E-026  -6.2419630697476108E-029   2.2011812968553641E-030  -7.5757398472769744E-027  -7.3136246665127628E-030  -2.7150507526888488E-027   6.8923872122550434E-029   6.8560048908023216E-030   8.7728506952781531E-031   2.0433381263964848E-030  -2.8428433607013422E-026  -1.5962693277628138E-029   9.2694047320533999E-027  -1.1747288227658438E-029  -3.2354646165990427E-026  -2.8248552792657779E-028   3.8987287478425419E-029   9.5354888971433128E-029  -7.6820013167444066E-029  -1.6095330706723053E-029  -9.8397691281460251E-029   7.1094770195346499E-029   6.5010758999242559E-029   1.6874621491445141E-028   1.5799332677343534E-028   2.1792722538668904E-025   7.1671304997831537E-029   1.5527584658071928E-029  -2.3896613382794168E-025  -8.4362893061296302E-030   3.3906058919686772E-025   4.4429503105295916E-016   3.8182545001652921E-016  -2.3430128291019184E-016  -2.7608226732849729E-014   4.9525729352146492E-015   3.1541430869232203E-015  -3.0285606981506690E-015  -1.8604827781050864E-017   6.2893902948607913E-018   1.8236794189185465E-017  -3.5437486091127264E-027  -2.0291039942300384E-029  -5.7942966017528001E-030  -4.5964576198860300E-027   2.4718280334143606E-029  -2.9997300749723850E-026   2.7836626854639345E-015   6.5105367074702825E-015  -4.1837141999481816E-015  -3.2973382232520092E-015  -7.3218856382667798E-015
   3.1333981947512848E-018   2.3606961889851626E-029  -1.0884556759369569E-030   4.4936231836231824E-030   5.6791190125979141E-030   5.2108415630450828E-030   1.6110840165823467E-028   2.4750394938524810E-016   4.3473603084278333E-017   2.6024478154569947E-016   1.3685426656751532E-016   2.8261023412062557E-028   2.1565760109485872E-030  -7.7082475715697219E-030   3.4330903601712674E-028  -7.4922426971719729E-030  -1.0486696517502458E-028   2.9959847058473329E-016   5.2925163381309173E-017   3.1382127625224565E-016   3.7806936863770251E-016   9.5992193023114905E-029   1.4331821930120979E-029   1.7856760020123585E-029   4.3552702687575742E-029  -4.9146493126267460E-031   4.4567054610518696E-029   2.5995195577713536E-029   1.9772803544468497E-029   1.5369593464797963E-029   4.4644649640394273E-029   4.3908157555432158E-028  -4.0020530841395644E-030   6.8808162915363367E-030  -1.2002882959563574E-028   6.8801462530457655E-030   5.6342123810015488E-028   2.3918778865029424E-016   4.5730721298878418E-017   2.3669473168317885E-016   1.5275727089403336E-016   3.3165100432659607E-029  -1.0896000518189596E-031   3.8054414727975785E-031  -2.1815891808365947E-029  -6.2426679326362474E-032  -9.5867903964234350E-030   1.7070091170367726E-030   1.5383855619585256E-031   2.9485102588568263E-032  -4.9399485078770937E-032   2.8521118995321226E-029  -1.2472514869762233E-030   3.1615237888303126E-030  -2.8091920072304096E-031   1.8422473892572696E-029   1.9166243061874743E-028   1.6724168320966301E-029   2.5334694429229324E-029   8.3992900025795415E-029  -5.1151072745392103E-031   8.3086962603056155E-029   4.3616146567263235E-029   2.8721273237760458E-029   1.5167318282413725E-029   5.3659998952691299E-029   4.9408282299318185E-028   1.1427534388274438E-030  -2.5371551775563696E-030   5.7604181607435560E-028  -2.9829630971893575E-030  -1.7774735332697406E-028   2.0356809146424254E-016   9.5571810171532257E-017  -2.4160001710760867E-017  -5.9797500941873131E-016   1.4125419017233703E-015   7.6537963972034200E-016  -5.7470155625757658E-016   8.7923842811880595E-018   2.0616241684475403E-018   7.1850785114730275E-018  -1.3892527153186556E-028  -4.3414448681233752E-031   9.0739426995441212E-032  -1.0346894198961869E-028  -1.2632072330888205E-031  -5.9341261647980285E-029  -8.0931143539143482E-016  -3.3500324594631796E-016  -1.8299324470361083E-016   1.2554124942434114E-016  -1.1124462307246915E-015
   1.8107744547194211E-015   1.7202599973755871E-026  -1.0245719560169241E-028  -4.3424373699029545E-028   4.4844172699381885E-026   1.6110840165823467E-028   9.1330254466212665E-026  -1.5661495183271346E-015   4.4764809876869278E-016  -2.3166882574196346E-016   1.0351743111557639E-013   2.5792499841095225E-025  -3.0020380978713152E-029   4.6801344065442953E-028   1.3882760307408109E-025  -3.4584171269732515E-028   1.2611305033574533E-025  -1.8815778949431051E-015   5.3997993743450567E-016  -2.7770446137839780E-016   2.7554041295135036E-013  -1.8869146983718907E-029   8.1730511167760458E-030  -1.5410688545535229E-029  -1.7758597271388593E-028  -1.5141428052614301E-029  -6.6747707605935632E-029   4.4346391193869031E-029   8.0461840711760353E-029  -3.7606467362075877E-028   9.2918960158246202E-029   4.8382820788336549E-025  -8.3080428332833311E-029  -3.3749665038583360E-028   4.9813594724618654E-025   1.4202305182503694E-028   7.4680555853325336E-026  -1.3381088901468656E-015   4.0929548432703838E-016  -1.9024383665128239E-016   1.3483923579699574E-013  -2.9991574028631009E-026  -3.5248257235256047E-030  -3.8327256022575814E-029  -1.4993739787542051E-026  -8.1118626137214159E-030  -5.8380341918531627E-027   9.9580928257837463E-030  -1.7444470319903718E-029  -1.0247591703124941E-030  -3.3417789986756242E-029  -3.7501874577391657E-026  -1.2318140330868853E-029   1.3645894742800921E-026  -1.5323238266840823E-029  -4.4897743835326643E-026  -1.4153591266873161E-028  -4.4351272152397349E-029   7.2022593845789460E-029   7.5425878936385410E-029   5.5442867541074734E-030  -9.3447882520619094E-030  -1.1880867544819846E-028  -9.8153662702075606E-030   2.1443616623012327E-028   7.2529985874232350E-029   3.8717377083250033E-025  -3.8803501856579863E-029   8.1769509218242435E-029  -2.6161588235821853E-025  -2.4077558461344932E-029   4.5354089996563653E-025   1.5341260003203385E-015  -6.8715668961421589E-018   3.5069701354329064E-016  -1.4295820586702570E-013   1.5467952718606280E-014  -6.8858920814933010E-016   3.3583497542476684E-015  -3.1230550175277920E-017   1.2659033473702425E-017  -3.5494342919389661E-018  -2.3024211864359888E-026  -5.8935242667509413E-031  -1.7200937015502235E-029  -1.9281065624558087E-026   3.1566715947413751E-029  -4.8765371478110251E-026  -1.3691712984456783E-013  -4.0759755216298069E-014   2.3456834780745395E-014   1.7586016455880494E-014   3.8811081243989776E-014
   3.4363789632038551E-015  -7.5911770769497024E-016  -3.9286089688619285E-018   3.2300366151579659E-017  -7.9005757318198653E-016   2.4750394938524810E-016  -1.5661495183271346E-015  0.13039042883161439        2.4293528208727399E-015  -1.0883070200187475E-015   5.4755594173634378E-015  -3.0599632495136960E-015   2.5324955126762819E-016  -4.0483200114938141E-017  -3.1214114219221500E-015  -1.8941497768365892E-016  -2.2205189679602035E-015  0.15735573290501725        1.9636953826158787E-016  -3.0797425350001966E-015   2.3428214723993350E-014   2.5399161795924868E-014   2.9703365617138641E-016   4.4376030735808514E-016   1.0453790708172144E-014   1.9911983953289933E-017   1.2322882656697569E-014   6.9125256940050986E-016   4.2474213788940944E-016   7.9493079163015805E-017   9.7047384633938077E-016  -7.7818699229951869E-015  -2.3407695215087921E-016  -5.1953182140818446E-017  -7.9378324292080004E-015  -1.1165552379686379E-017  -8.2294080802840287E-015  0.12009523445464662        8.8783189143349953E-016  -1.8051664703582978E-015   1.5680970291531570E-014   4.7189144035821552E-016  -4.1794303233145606E-018   4.5414057180068065E-017   3.0043784729717933E-016   3.4290069936200897E-017   2.2475648875592954E-016  -3.4808043420331284E-019   2.2842098488689347E-017   1.8592383653702837E-018   4.4670351200979147E-017   5.5638751700896880E-016   9.2982227750066592E-017   2.3993990194128421E-016   1.0027377560221725E-016   3.3049865073356431E-016   5.6139421441016941E-014   2.6492897225765087E-016   2.6796803488957501E-016   2.4772837755037969E-014  -3.0511912445492735E-018   2.3916015413025357E-014   5.5787914474917582E-016   2.0193456193498868E-016   3.4984273796815930E-016   5.9629525916300153E-016  -7.0639698734914513E-015   1.4174781056151078E-016  -7.6461020305760999E-019  -7.0754545353673009E-015  -4.5198892834664183E-017  -6.8271504224176414E-015   1.2094025410241098E-002  -1.5288985171887470E-015   2.5089313521460469E-015  -1.9601258239362847E-014  -7.8676492435927198E-002  -1.8873862020147288E-014   1.9163437758641812E-014   3.8092012851103562E-003   4.4915305293868676E-018  -3.0741783152088930E-017   9.7203775831221880E-016  -1.4306857843889102E-017   1.1685588250436888E-017   9.6881619670849831E-016   1.4688632461191665E-017   9.3403764860607718E-016  -1.0342113094343170E-016   5.7404504437929538E-016   1.5947153212838999E-016   2.9197363530505490E-016   5.0779274326810806E-016
  -1.0498162790308164E-015   5.8437734929522341E-016   3.0477836848739146E-017  -4.8369619271012380E-016   1.0515121445271929E-016   4.3473603084278333E-017   4.4764809876869278E-016   2.4293528208727399E-015  0.13039042883155519        1.6406903703191238E-015  -1.8180476587258209E-015   6.7326445130109610E-016   2.0725897964986567E-016   6.7396312139838635E-016   1.3588319035285219E-015  -5.4200395181417825E-017   1.1040224141969261E-015  -1.4244725374598574E-015  0.15735573290499655       -1.7624720739806569E-015  -1.1998932636336723E-014   6.9844207313045220E-016   9.8251240824073320E-015   5.0969109935217767E-016   2.7423918039331046E-016  -1.8441893010303934E-017   2.4884018156253016E-016   2.2050200055983638E-014   5.9367017561218634E-016   1.0029215136983865E-014   1.2297079510916543E-015   4.5805682020281966E-015  -8.0423439645729150E-016  -5.1486445049569932E-016   3.5753646916744454E-015   1.7460962398317038E-016   3.5211215534428971E-015  -4.2787930115402626E-017  0.12009523445468288       -2.1641140726868449E-015  -5.8785426794975348E-015  -6.6337046477392142E-016   2.9053643912760512E-016   3.2627302261663321E-017  -2.9770385498211912E-016  -3.2017068479196924E-017  -2.6754895444767368E-016   2.8249090468286442E-016   5.6619535668700680E-018   1.2076727617251765E-016   2.4870803128654649E-017  -3.4072923054105604E-016  -7.4327548613335939E-017  -1.4318954101634529E-016  -7.2125601947562486E-017  -2.0677822490207394E-016   7.5026065556601240E-016   1.4040674707659577E-014   6.8226559123202851E-016   3.8910212989106902E-016   2.7432280580355541E-017   3.5877974211650294E-016   3.1182472771637581E-014   6.5177982871694559E-016   1.3478847151822751E-014   1.5449528925552842E-015   2.9641101496763457E-015   1.1372836310572354E-016   1.5273055751523006E-016   3.2433744967048235E-015  -5.2169194785692551E-017   3.2141305041164457E-015   3.8293241776205077E-016   1.2094025410222758E-002   8.2297429077753588E-016   6.2186970997767851E-015  -1.1418600956343727E-015  -7.8676492435913445E-002  -3.9670561933475542E-015  -5.1860263026196314E-017   3.8092012851098957E-003   8.2526705234423628E-018   1.8290334441809699E-016   2.2234486167516145E-017  -9.5346664226822659E-018   1.7501227613294368E-016   9.4614597493603494E-019   1.7998420032874785E-016  -1.6008422475075622E-015   5.5836472442055041E-016   5.4716003624468899E-016   8.7697667864980205E-017   2.3876210630578195E-015
  -1.1597828724643162E-015   1.5900492508543237E-016  -3.7210869310533817E-016   2.4228569108487847E-016   7.1318898423368508E-016   2.6024478154569947E-016  -2.3166882574196346E-016  -1.0883070200187475E-015   1.6406903703191238E-015  0.13039042883158572       -1.4410009022312081E-015   9.7148275855177351E-016   4.8012995879236102E-016  -2.4663132162403261E-016   3.8510337763644081E-016  -2.7971485652771126E-016   1.5631541892222325E-015   1.8407525591703425E-015   1.2950439994504585E-015  0.15735573290499180       -9.9956210700685279E-015  -6.4537284345014983E-017  -1.4014753773682878E-016   1.2946511245514969E-014  -8.5426458698381502E-017   3.9299418266720894E-017  -7.7198720715310964E-017  -4.1785380361798253E-016   1.4397235801709079E-014  -1.5446195871195224E-016   2.9276545453236284E-014   3.0836501864560364E-015  -6.0000802784993436E-017  -1.4514509447852823E-016   3.4826088924248395E-015   3.6512792733680495E-016   2.4402622637571760E-015  -1.5926129559313025E-015   1.1125698112447066E-015  0.12009523445468204       -1.2548475334547940E-014   1.1200468415307646E-016  -1.4137300212398299E-016   9.7024174785904170E-017   3.9023215588598381E-017  -2.4658017109628097E-017   7.6330051774499185E-017  -1.3119090174079038E-016   4.1588554818628561E-017  -6.0576238535092585E-017   9.2395158334120756E-017   1.8976985154199864E-017  -4.5312131302561317E-017   5.8638987007084589E-017  -3.3757960953754334E-017   2.3169420014720757E-016   1.2662511493423527E-016  -1.1842075962506723E-016   1.7687319177740912E-014   1.2791715128749556E-016  -2.2197409607407792E-018   1.1691464267616993E-016  -1.1769326610149474E-016   1.8712753357156522E-014  -7.1954516091879676E-017   3.8687552617062685E-014   4.2068060843542157E-015   1.4321836705276959E-016   5.9641435092228564E-018   4.1216697965210672E-015  -1.2760894618131510E-016   4.4470419147631526E-015   1.1717298930934812E-015  -7.9571276573995997E-016   1.2094025410231612E-002   1.1523140832145484E-014   4.0766826219089307E-015  -5.1879709244685685E-015  -7.8676492435911252E-002   8.1823995097107902E-017  -8.7101019773344394E-018   3.8092012851108866E-003  -6.1740501762746544E-016  -2.6427477015391505E-017   1.0530718825871550E-018  -6.2661144801623193E-016   6.6382021177198945E-018  -6.3304332924396046E-016  -1.4040819485240108E-015  -6.4734496086126342E-016   6.2351911965669896E-016   3.9908134675088680E-017   2.0958686666918740E-015
   2.0427898628095011E-003   1.9819524347911232E-014  -1.7025060467782923E-016  -4.7958017604411575E-016   5.5247663450002273E-014   1.3685426656751532E-016   1.0351743111557639E-013   5.4755594173634378E-015  -1.8180476587258209E-015  -1.4410009022312081E-015  0.11972243708261331        3.0310088840208327E-013   6.1190824811429199E-017   4.8360049477908228E-016   1.5183514216401041E-013  -3.3174722972377978E-016   1.6208440009384624E-013   6.0394361478731372E-015  -1.1212530487241801E-015  -1.2533122163811486E-015  0.31774295219434162       -2.5406416011491689E-016  -1.1188011588258421E-017  -3.1454824943366232E-017  -3.4419972063805033E-016  -2.3937144701038351E-017  -1.5512889030970062E-016   8.9777153150269910E-017   8.8844513163504701E-017  -4.8226941407260373E-016   3.4920750901641295E-017   5.7255028233809074E-013  -1.6890085911597295E-016  -3.5809757628727514E-016   6.2380253267142352E-013   1.3975712781883054E-016   6.2015418874769084E-014   4.9577072563770012E-015  -1.3066565437133579E-015  -1.6692506282325312E-015  0.15751934347648980       -3.8484319767566144E-014  -4.7039355688755376E-017  -3.0398065642463829E-017  -1.7080597788988872E-014  -1.0887575599006936E-017  -6.5085771392619388E-015   4.4595680104434351E-017  -9.9658739753066991E-018  -1.5986428292303944E-018  -2.5484376233162964E-017  -4.7516533442529632E-014  -1.2306004912242885E-017   1.6820255514993109E-014  -1.3540142255346613E-017  -5.6073380586772713E-014  -3.2053987609311514E-016  -6.8028936166309155E-017   5.1815087290120234E-017   8.2765304594650037E-018  -7.9646896942248782E-018  -8.9973971618807854E-017  -2.4919431509351786E-016  -4.2493774451721031E-017   2.6069701470366102E-016   4.5369433379923441E-017   4.5294541529704887E-013   8.3194139591685610E-018   7.5713569185286471E-017  -3.5289338333977307E-013  -1.5262985912328461E-017   5.7283574930307093E-013  -4.3574045918121990E-015  -6.6883959078105682E-016  -1.9018130651417061E-015 -0.14089074883595665       -4.0609394729968323E-014  -3.9802786035435974E-015  -1.6078722597409067E-014   2.7333719260664190E-017   2.3589122706759743E-017  -9.2197994076602322E-018  -2.2235225866969109E-014  -1.4745993839458894E-017  -1.6300994499037411E-017  -1.9446424912628156E-014   4.2461628393824642E-017  -5.8416967957324211E-014 -0.12025298263936302       -3.2999054748920370E-002   1.8337325249998603E-002   1.3966016015062891E-002   2.9210131407753439E-002
   5.0517730898505557E-015   5.0099535195176894E-026  -5.7103271816859780E-028  -1.1678463968835120E-027   1.4807411454474333E-025   2.8261023412062557E-028   2.5792499841095225E-025  -3.0599632495136960E-015   6.7326445130109610E-016   9.7148275855177351E-016   3.0310088840208327E-013   7.8089389337561564E-025   3.9928799723938326E-028   1.0528977980279809E-027   3.6578659084201003E-025  -8.2537028904114020E-028   4.4935759874092299E-025  -3.6678572562100354E-015   8.1649138934181945E-016   1.1732772267976544E-015   8.0225439474350344E-013  -4.8597175162007123E-029   1.2739819764774118E-028   8.4706351567768475E-029  -5.1719445313017654E-028  -9.1445910009599960E-029  -1.4206051652209810E-028   3.3907427134162983E-028   3.8182599877031245E-028  -9.4543804605911505E-028   6.1483713700081867E-028   1.4837344936758746E-024  -6.5744131075170981E-028  -7.7016555910990550E-028   1.6954410649392823E-024   3.9074130982114832E-028   1.0480449921542878E-025  -2.5108224429454646E-015   6.6938314155599487E-016   9.0573214929441089E-016   4.0247349948489216E-013  -1.0672101151382832E-025  -1.5312924964159637E-028  -5.9414365360498025E-029  -4.2875990814410031E-026  -2.9754602182055680E-029  -1.6128682784593566E-026   1.8340109292468448E-028  -1.3047214242479942E-029   5.7683729551652588E-031  -5.1570553915304289E-029  -1.3044163478440528E-025  -5.8474392541718221E-029   4.4803815677554086E-026  -5.4460792941607661E-029  -1.5204080030781843E-025   1.3343379028973689E-028  -2.4346510134414049E-029   3.6407932233866829E-028   3.9995918234639472E-028  -2.6939919063707063E-029   1.9839619634312008E-028  -8.6268486099801428E-029   1.5201395195056071E-028   7.0131834228904140E-028   5.1198881130269245E-028   1.1614314862670677E-024   1.0554736841720338E-028   1.7609270875532866E-028  -1.0091947004234238E-024  -6.2558384250033160E-029   1.5656039119651649E-024   4.6640655377949327E-015   8.5526044023098354E-016   2.6635090757111316E-016  -2.9934862796409494E-013   4.4634439588299776E-014   6.4498136768253010E-015   9.3792613866914683E-016  -4.6606005032059109E-017   2.6524531441661558E-017   2.9904791834407094E-017  -4.5986761480446785E-026  -4.7143443655069478E-029  -4.3279239928383207E-029  -4.2493105066360972E-026   1.1068761336829811E-028  -1.5248156036433621E-025  -2.1513401592714833E-013  -5.0102823745882658E-014   2.7988403909148681E-014   2.0434936051566574E-014   4.5811962531356911E-014
  -1.0944670854566973E-018   1.6079728365501414E-029  -7.8717120786005020E-030   5.1728693145840567E-030   1.8322777118919807E-028   2.1565760109485872E-030  -3.0020380978713152E-029   2.5324955126762819E-016   2.0725897964986567E-016   4.8012995879236102E-016   6.1190824811429199E-017   3.9928799723938326E-028   1.9302011306737804E-029  -7.8488041693133578E-030  -2.4835050148911039E-028  -7.9799244448884094E-030   8.0947142870434279E-028   3.0629484483157510E-016   2.5036096193425333E-016   5.7676826841656173E-016   1.2365294667390401E-016   7.8161605021749984E-029   2.3192622643588159E-029  -3.0342328795101612E-029   3.8336972497408891E-029   1.3329764633705462E-030   3.8926393744422772E-029   4.8519328973654418E-029  -2.5523117727722192E-029   3.2197005382128398E-029  -6.7594037502686888E-029   9.5001351312287501E-028  -2.1078184160121603E-029  -6.1662805765476027E-030   2.4231177036417811E-027   1.8399243272589229E-029  -8.7863113466416935E-028   2.4154942204407587E-016   1.9385550556214201E-016   4.0945922358827064E-016   1.4602717108908595E-016  -1.8933990420836474E-028  -3.6538120330850042E-032   5.2878359006318856E-030  -2.1475442193670392E-030  -1.1210816208933786E-030  -2.1609753797792889E-030  -5.2780860367672795E-031   2.4003802464602009E-030  -9.0940588377232028E-032   4.9604142400108177E-030  -2.0619484244229874E-028  -4.8215957517106595E-030   4.5911834003406993E-029  -1.5193232657557604E-030  -2.1303052752212604E-028   1.7252798630870343E-028   3.6468638080202996E-029  -3.8402783945223226E-029   7.0618748687305136E-029  -1.5451976948396280E-030   7.3949526506338103E-029   8.4059713813317162E-029  -2.8334300310874556E-029   2.6363555457684223E-029  -7.7605671697785035E-029   4.9610039369013850E-028   1.3522663960929931E-029   1.6085796397696072E-030  -2.2329455121690430E-027  -7.2272585294736812E-030   2.3659337809708049E-027   1.5695581115594905E-016   6.6862737842183890E-017  -4.8255576065263890E-016   9.4773816631433933E-016   1.0013750149994352E-015   2.8691171685883353E-016  -4.8478416536424516E-015   8.5525437598425940E-018   6.4667859322606227E-018   9.4683864602144990E-018   1.7385148537947529E-028  -3.1306680637942107E-030  -2.8979720083724012E-031   1.1273841552476933E-028   1.0148740083432096E-030  -1.1242375510554535E-028   1.5271458674196769E-015   5.7580580234997014E-016  -3.3473443208769283E-016  -2.5842832591579503E-016  -5.4967369106119496E-016
   9.1853909255241259E-018   1.4079609401485415E-028   2.5038281968838032E-030  -1.2897737763288975E-028   1.1785897600275691E-028  -7.7082475715697219E-030   4.6801344065442953E-028  -4.0483200114938141E-017   6.7396312139838635E-016  -2.4663132162403261E-016   4.8360049477908228E-016   1.0528977980279809E-027  -7.8488041693133578E-030   2.5785788698893638E-028   9.0805893341959141E-028   1.8102532375068446E-029   4.1601957036595600E-028  -4.8599786800621755E-017   8.0116898837417103E-016  -2.9725174619100659E-016   1.3005423845218690E-015   5.0355005535600105E-029  -2.2295090513177496E-028   2.4800798471217633E-029  -6.0279816047091095E-030   7.7359467275766791E-030   1.9610457559894550E-029  -5.1554482965209484E-028   5.0945169727843418E-029  -2.2482133528370385E-028   6.3691010530286589E-029   2.3182604164813365E-027   4.6387816695994606E-029  -2.4567232071103939E-028   1.6376211448445866E-027  -3.5826136816053297E-029   7.6934185338778917E-028  -3.4133448752443461E-017   4.7052532605497103E-016  -2.2241915779318994E-016   6.0659647364931411E-016  -8.1818908334709889E-029  -6.9385106784681505E-030   2.8952046909900760E-030  -7.0668455179221560E-029   8.0188470101096129E-031  -3.3560523685269912E-029  -1.9751215588469746E-029   2.4685566432930123E-030  -6.6611790706431612E-030   1.4225091857404740E-029  -1.1063743674969283E-028   9.2186212537435438E-030   4.9870688237107238E-029  -6.4710381295928378E-030  -1.2244445097019182E-028   8.3880150607253067E-030  -2.6281240692718607E-028   2.9126948625579689E-029   1.9735988446100586E-029   1.0366752097087692E-029   6.2353239033556710E-030  -6.0258334737568079E-028  -2.8453441330495823E-030  -2.6156861055450321E-028   3.8597529404336220E-029   1.8263646402425000E-027  -1.4442279553399292E-029   9.6586205931644631E-029  -2.4012352513132592E-028   1.4596043577102385E-029   1.5838506693429085E-027   4.6978368055611153E-017  -2.3544081088389410E-015   5.3368696251580285E-017  -1.0355374173633036E-015   4.6315612194307172E-016  -2.1307589486519747E-014   8.0815753332067167E-016  -7.4394888691017338E-019  -1.2114543452417529E-018  -6.5457123410192407E-018  -2.0524872595505162E-028   9.8950005816587921E-030  -1.1621635371333566E-029  -1.8019756212523468E-028   4.4139470824895147E-030  -2.4541901241244660E-028  -1.2090618137315784E-015  -4.2066033816323407E-016   9.9494119619820604E-017   1.7630261681760820E-016  -1.4495180179078758E-016
   2.7818389012324485E-015   2.5416827611343692E-026  -3.0957916250514993E-029  -7.1873835879405651E-028   5.7417642896258557E-026   3.4330903601712674E-028   1.3882760307408109E-025  -3.1214114219221500E-015   1.3588319035285219E-015   3.8510337763644081E-016   1.5183514216401041E-013   3.6578659084201003E-025  -2.4835050148911039E-028   9.0805893341959141E-028   2.2440117368205978E-025  -6.3782111663601966E-028   1.4506257095974478E-025  -3.7461400813970109E-015   1.6339776657645374E-015   4.6413786429943430E-016   4.0643066237899333E-013   4.1015699357104789E-028  -7.9169618573371968E-029  -9.2252942458068423E-029  -4.2213523425975719E-029   7.3066991230804271E-030   7.2779609897603093E-029  -2.0516348706508953E-028   5.9620269144988253E-029  -6.1944242033158167E-028  -7.5806174621373542E-030   6.7682971427338611E-025   5.1701971323582482E-029  -6.9727608884790322E-028   6.1261773981396787E-025   2.6751195584502741E-028   1.6750995525521167E-025  -2.6183495599852563E-015   1.1791432231005599E-015   3.4721131050899824E-016   1.9393000897387556E-013  -3.4596939909745942E-026   7.7777724981048976E-029  -7.1285350285570291E-029  -2.2552248729423007E-026  -1.0970615778017340E-029  -9.1043762283921368E-027  -8.0569008454189402E-029  -4.0309558946108416E-029  -5.5658876489747588E-030  -5.8047496554402648E-029  -4.4744573707471208E-026  -1.9338320710482131E-029   1.7534649375118940E-026  -2.7096037739470419E-029  -5.5611094707343834E-026   2.8394489824853988E-028  -1.5980166926791127E-028   3.2832369677803261E-029   3.4855604279169084E-028   3.4976458031776124E-029   2.0831422078903265E-028  -3.4029890280437070E-028  -7.9015777487686452E-029   1.8565881036322213E-028  -5.1683613138530981E-029   5.5431923593376585E-025  -1.4743467929414879E-028   1.9376264010866049E-028  -2.6137464931659029E-025  -6.0069608888541453E-029   5.4640964103590269E-025   3.8389533149933530E-015  -1.0387902719410621E-015  -8.4714699822162813E-017  -2.6951624191273962E-013   3.7585437678096455E-014  -1.0893028487595123E-014  -1.2738513298651306E-015  -5.5487070179944843E-017   2.9623749390250275E-017   1.0208875887162699E-017  -4.4464324780191569E-026   2.1699017650390702E-029  -3.4854531371382376E-029  -3.5228843930355261E-026   3.9174759447853529E-029  -6.6599236978860094E-026  -2.9406124779354800E-013  -9.4412967635077837E-014   5.5772179599048152E-014   4.1389943982936773E-014   9.4701854006321764E-014
  -6.5535108147900486E-018  -5.8571981913391142E-029   3.3924100102640184E-030  -9.3708186399633274E-030  -1.0245486742944210E-028  -7.4922426971719729E-030  -3.4584171269732515E-028  -1.8941497768365892E-016  -5.4200395181417825E-017  -2.7971485652771126E-016  -3.3174722972377978E-016  -8.2537028904114020E-028  -7.9799244448884094E-030   1.8102532375068446E-029  -6.3782111663601966E-028   1.4576681351353909E-029  -1.7348324666480104E-028  -2.3065171541036726E-016  -6.6402133323338160E-017  -3.3636080025538402E-016  -8.9689380682047026E-016  -1.4249154817130466E-028  -2.7646834700600005E-029   1.0647613724182813E-029  -6.9869654489113321E-029   3.1080491266397329E-031  -6.5326864486640890E-029  -4.6976242118361612E-029   1.0230060763795550E-029  -3.5144381353731050E-029   1.5044174443370397E-029  -1.4497650563559987E-027   1.3178411020432965E-029  -1.2476316151442990E-029  -9.5503674366587018E-028  -1.6757786614410524E-029  -7.9913502953206597E-028  -1.9994263137179615E-016  -6.2173957560833635E-017  -2.4281647442281120E-016  -4.0726360936432166E-016   3.8215841418224495E-029  -2.1769402473219568E-030  -1.7196504459901581E-030   5.6230714485242431E-029   4.6312050794269247E-031   2.8254507917801785E-029  -1.0597809095122132E-030  -5.6381598259207715E-031  -3.2892233005193228E-031  -7.8578310164813961E-031   5.6998170341387293E-029   3.9160901491763158E-030  -2.2756250678052793E-029   1.1471379844091348E-030   8.1998791132079114E-029  -2.7387760677948033E-028  -3.3427753017835732E-029   1.1273840006646937E-029  -1.1751073830549259E-028   7.1124889935783038E-031  -1.1910543090561957E-028  -8.9625212049023891E-029   3.8656210741335587E-030  -2.5021745552352610E-029   2.6380225828022980E-029  -1.2660258230847463E-027  -5.1961915531814433E-030   4.1054465145460088E-030  -8.0224447071080060E-029   7.1551989481354990E-030  -7.4212627422099111E-028  -4.2756283839432113E-016  -2.0216379591582121E-016   2.1237935720301732E-016   8.5298418605134554E-016  -3.4312367273838023E-015  -1.6720844012864215E-015   2.2297410984649931E-015  -9.0789866876881567E-018  -3.2881526130423672E-018  -6.1106167642980380E-018   1.7011577225639949E-028   1.3693771770397719E-030  -1.1130821385903929E-031   1.2725847433126957E-028   8.4952620413710977E-032   1.4095166730815449E-028   1.0480905907965879E-015   3.8860733053429052E-016   2.2672105139975587E-017  -1.5641667428652106E-016   5.6961679499551371E-016
