 6.0996849355395909E-008  3.1538253254723686E-018  3.4669122268946194E-018 -6.7607275722785564E-018 -1.0290114695984614E-006 -3.4596198206359913E-017 -4.3149256885329056E-017  2.9898842328438859E-017 -1.2966886724512972E-017  6.3150150928237070E-017  1.4842306737349895E-016 -7.0444337714497862E-017 -2.0328007605929138E-016  8.3460495982638314E-017 -6.4693508675799146E-017 -6.0622292118571772E-019 -4.4133118836002806E-019 -8.6019716899713784E-017  3.1422124226003567E-019  2.1082104896131962E-016 -5.4768188488629652E-019 -1.8062450181128006E-019 -7.0926006217061063E-020  1.3651387624618546E-019 -1.4984888005126481E-016 -2.3943320047077737E-017  1.2961227962300878E-016  3.0258756432276538E-016 -1.4511075451264451E-016 -4.1773196131826770E-016  1.6994686008099593E-016 -2.6743314992012550E-005 -8.5445728306728268E-016 -1.0635092647742007E-015  6.6322869550109223E-017 -2.7738264674718360E-019  5.7532989578106354E-019  1.0477906032206902E-017 -8.8790608951904039E-020  1.0056187217475257E-016 -1.1143923789963635E-018  2.2058622036456725E-019 -7.2319623465515753E-019 -1.8015171707301443E-019 -8.3368242900553260E-005 -2.6789213405758076E-015 -3.3179020521058683E-015 -3.3692847919260741E-017  1.7798193546948293E-016  4.1638261660376871E-016 -1.9629378887770395E-016 -5.7240922799969685E-016  2.3677273210250418E-016 -9.7924688410585975E-019 -7.8175865529556038E-020 -1.7910658870087108E-019 -5.9635516437095107E-019 -1.1693276327923983E-019 -4.0107673110288436E-019  9.8425103215452297E-020  6.6335193626594244E-020 -5.4300193808361748E-020  1.5063720200405512E-019 -6.7928340078520169E-019 -1.3006670931198065E-019 -5.7899823722482409E-019  2.2064042655820184E-019 -7.6189156548045579E-019 -1.8609129317511599E-015 -2.5798499411704135E-004 -8.2797549792770772E-015 -1.0260512828848097E-014 -2.9550619027330751E-016  1.1136538863301101E-019  1.4117946033770125E-019 -3.6831276739945402E-016 -1.1149531904770117E-019  7.8381184600943319E-016 -4.7145637975520632E-019 -2.4064607962924957E-020 -1.6464226151855762E-019  2.1680144803335097E-021 -4.6725619374738255E-017  2.3349620228497332E-016  5.4647359528631098E-016 -2.6211706426567876E-016 -7.5241775849906869E-016  3.0621202356925361E-016 -2.8303660712109100E-015  8.2823030840606941E-020  2.2648600445730915E-020  1.2909138966644623E-020  8.9275998672596982E-020  8.7345445989646083E-020  1.0797908485993628E-020 -1.6673001794801946E-020 -2.1705410317555028E-020 -2.4816427495794245E-022 -1.1445361831720858E-020  1.0211381484800362E-020 -1.7557946319602648E-020  7.0590089441264492E-020 -9.1256455267655177E-020  8.1214174036897399E-020 -4.8488021200413258E-018 -1.3171495095880636E-019 -6.3363324735480625E-020 -1.1574051380954467E-017  8.1763459602312937E-020  3.1143111771050455E-017 -4.4588088811321737E-020  3.2019790473850035E-020 -2.0459797522280611E-020  1.3221003063946068E-019  9.3039173480621060E-016  1.4095872193972789E-015
 3.1538253254723686E-018  6.0996852046648201E-008 -4.1545587048509520E-018  5.5861690876471991E-018 -2.5006991472185251E-017 -1.0290114946263432E-006  4.2921274472902601E-017 -2.3788676124591036E-017  1.5729651070754788E-017  2.5448738658062750E-017 -4.9358181690287903E-016  2.0298800641129515E-016  2.1401356510838078E-017 -2.1920241607673410E-016  7.2768163992902777E-019 -5.7023730457266102E-019 -1.9129302278313701E-019 -5.0112172738712287E-020 -2.9350396114742964E-019  4.2772228941065181E-019 -1.4653923337326853E-016  2.4881500771496102E-019  2.3106413498476246E-016 -7.6241136343513313E-019  1.6765143077499600E-016  2.1865547783158354E-017  5.0021962378079965E-017 -1.0100914564313431E-015  4.0349459644834166E-016  4.3832277724515420E-017 -4.5887500654979405E-016 -5.2892741356648706E-016 -2.6743315577466663E-005  9.4409549198165540E-016  2.5549003314476610E-018  2.8937351739901232E-017 -3.7762658331178608E-019  1.1709061404162456E-018  1.1913501806780289E-019  1.1249484693171188E-018  3.6463301956275866E-017 -3.4300744786058020E-019  1.1136771088761393E-016 -3.9865321607393155E-020 -1.6342629553597787E-015 -8.3368244743037027E-005  2.9607427758249445E-015  8.2668489615032941E-018  7.0397518862393301E-017 -1.3875935129569460E-015  5.3433155488336254E-016  5.9927855911192498E-017 -6.5283087834969336E-016  1.0641369823154545E-017 -1.1560083434643886E-019  6.5976664626726340E-020  6.1387984874638431E-018  1.6047733826715913E-020  5.8714484270612848E-018 -2.2362816419323265E-019 -1.7841512086384568E-020 -1.7282929447929232E-020 -3.6038505043464470E-021  1.0397077310311597E-017 -4.4973328472691574E-020  6.1420991931626571E-018 -5.9565866414345194E-020  1.0431122794547978E-017  1.4965538984007811E-015 -5.0571054409050371E-015 -2.5798499980786112E-004  9.1431415840112869E-015  5.2142112337180762E-019 -4.0709780390547762E-017  9.1942874679199553E-020  7.2715694254426995E-019  1.2776919154762973E-019  2.3308698928707937E-019 -6.1843640798934886E-016 -6.4450324402899237E-020  8.7400821008125889E-016 -5.5193051423949934E-020  5.8113980620103880E-017  9.1413736713169384E-017 -1.8217468466387613E-015  7.4748563260148838E-016  7.8744995882116417E-017 -8.0962738267614907E-016  2.1490354557326233E-015 -7.9412941855346027E-019 -8.9896517551581453E-020 -6.8504091236428624E-020 -4.3678352150053727E-019 -4.5797184210190587E-021 -3.3885969090717751E-019  3.4264678711526949E-021  3.9127549633109993E-020 -4.0606823640517505E-020 -4.6054599250033779E-021 -5.9424302832666514E-019 -2.2601903834686686E-020 -4.8022525053177242E-019 -4.7501651684592761E-020 -9.1081418099533215E-019  3.6822850792076023E-019  9.1372483623545969E-018  8.9501840018582908E-020  1.6424854849347831E-019  1.0701668811400678E-020  2.1028973014322188E-019 -3.0215647852251769E-017  1.5274180780939937E-019  3.1811963285784487E-017  1.4724964604550815E-019 -7.2062401903184958E-016 -1.0917102075350058E-015
 3.4669122268946194E-018 -4.1545587048509520E-018  6.0996838762870504E-008  6.8091644347075440E-018 -2.3552166710470652E-017  3.7794084100821992E-017 -1.0290113710150963E-006 -2.3208633358972821E-017  1.6813631993909494E-016  1.8583841141908325E-017 -7.2723034998775525E-017  1.3093219455244722E-016 -1.1580656052644589E-016 -2.9723853970471604E-016  7.2504924162085450E-019  4.9042384652589432E-020 -1.3999667361069980E-016  3.7842389680402460E-019 -3.2270434154214663E-019  3.3384142507402745E-019  8.8364020377147585E-019 -2.0556925996801868E-016  6.0261174068803475E-019  2.8291673612192899E-016  5.8127154199123648E-017  3.3994965945841996E-016  3.8611466075725990E-017 -1.4965924250763165E-016  2.6831187892977837E-016 -2.3797757989299015E-016 -6.1316427562023992E-016 -4.5176318339645255E-016  8.6212649429440485E-016 -2.6743312687624092E-005 -4.1095756078979080E-019  1.5631746026445351E-018  2.3310729217898444E-017 -2.2978944490200737E-019  7.7028622769135225E-020 -2.6766728226027570E-019  2.3249678456114581E-018  1.7945956774489714E-017  1.2242816551005026E-018  1.0261013654959203E-016 -1.4248455686655168E-015  2.7297378109617150E-015 -8.3368235648737603E-005  4.5850433043000410E-016  5.2045582083264841E-017 -2.0506466769346877E-016  3.5736779938452030E-016 -3.2550497103729875E-016 -8.5144372536477008E-016  3.8967545985006206E-018 -8.9690988404814510E-021  4.4707649159605213E-020  2.4493290722379451E-018 -1.8368847366402604E-020  2.0843905309321924E-018  6.7713222501125165E-020 -3.6499668754544327E-020  4.6569265346705284E-020 -1.1043151162280648E-019  3.4335595030115837E-018  1.1514580119579024E-023  2.3509026054110800E-018 -1.3437914128276987E-019  3.9853122500880979E-018  4.6125246643481029E-016 -4.3983956867444340E-015  8.4216367393725960E-015 -2.5798497171841450E-004 -1.1495202056829702E-018  2.0149466820647834E-019 -5.1824636215945708E-016 -4.3643555882486404E-019  3.0413645084994362E-019 -8.3834356143792024E-020  6.9937191887655705E-019 -7.5619216437111325E-016 -1.2597487542484990E-019  9.5402604488099241E-016  6.1734353393621520E-016  6.9062193320055899E-017 -2.6935510302998698E-016  4.8523055735643895E-016 -4.2848197425014294E-016 -1.1018799423547465E-015  6.6673856395513788E-016 -2.0860315794714600E-019  4.9051352809482878E-020 -3.8684643859223811E-021 -1.7445831892920607E-019 -4.8977609465221798E-020 -7.9007042282055426E-020 -1.3880946559038300E-020  2.0981360113625580E-020 -1.3584388867505074E-021 -2.0005445303153947E-020 -3.6696773539572922E-020 -3.2526804051984646E-020 -2.2785861996734614E-019 -4.9489879596881736E-021 -1.9574946747249652E-019 -5.9468728770171384E-019  2.1948388224689097E-019 -4.0742247092315864E-017 -2.7909586863178708E-019  4.3411725431947460E-020 -2.4441326554125520E-019  5.9250085099859369E-020 -6.1373098404780696E-017  2.2681263721762922E-019  8.0456178868117884E-017 -2.2310948978219115E-016 -3.3799194392169719E-016
-6.7607275722785564E-018  5.5861690876471991E-018  6.8091644347075440E-018  6.2880044335797645E-006  2.0249367479079775E-017 -2.1872562181767282E-017 -9.6534220078798445E-017 -2.8937682867554567E-005 -1.2537219055549353E-011  8.1816115982755593E-015  5.1019054889671919E-015 -2.5422475256682195E-011 -6.0361189164364031E-015  3.7960318684678951E-011  4.8840093923023761E-019  1.1652384185422601E-019  3.2794062511074449E-018  2.3608520232224540E-018  2.2236712318847639E-018 -1.6275613715869708E-018  4.1072422375899767E-018 -1.0911057283741471E-018 -2.0690087102676511E-018  5.7090303455502175E-018  1.4678618433884761E-004 -2.5674119350893496E-011  1.6693201186747219E-014  1.0385653129475553E-014 -5.2059894182853595E-011 -1.2279114597411415E-014  7.7735494734533002E-011  2.2138072837434902E-016 -3.0169070290262400E-016 -2.2983718758347560E-015 -3.5438440659309440E-017  5.3453231488551800E-018 -3.1188175062690162E-018 -1.8132341362191895E-017 -7.6434015571325607E-019 -1.2416214630846396E-017 -7.4265792840831955E-019  6.8846738944399404E-019  9.6821657285342448E-019 -5.4384206095772382E-018  6.4561055920606509E-016 -9.4188527921799476E-016 -7.2487657496373011E-015 -3.5257858278033977E-011  2.2977930317683422E-014  1.4310422802506190E-014 -7.1497563398430897E-011 -1.6921682100106874E-014  1.0675475020927766E-010  7.9583404188722894E-016  9.9921883743231273E-020 -5.2849937208643521E-019 -2.0208162302037540E-016  4.5420004472638393E-019 -2.3812507076956387E-016 -1.4470406729221719E-019 -9.4349657196698940E-019 -3.6448386120973690E-019  1.7728968298203918E-019  5.0860107650254536E-016  3.2090519361714055E-019  2.8729696576409216E-016  2.8241752836682726E-019  3.6244563846446346E-016  1.8469785203968463E-003  1.8504114307872025E-015 -2.9168765402161621E-015 -2.2374894132231026E-014 -2.8230413670576736E-017 -1.3501586307475821E-018 -1.6016502067730483E-018 -1.0297563564924975E-017  1.1735614282561887E-018 -1.4527657661705221E-017  1.1352739002470922E-018 -1.6165530575299645E-018 -2.8824733135975136E-019 -1.8673487976827969E-018 -4.6308705046449528E-011  3.0150369346092003E-014  1.8768020729107659E-014 -9.3900620726889774E-011 -2.2189853452237397E-014  1.4020902829278330E-010  2.8176137736470840E-003 -1.3744024727823419E-017  1.3148249001042684E-019 -9.1025047580658434E-020  3.0951272824539214E-017 -1.2499293659205718E-019  9.3078686367069328E-017  2.8416768324244348E-019  1.8679218015263088E-019  8.0840398130521309E-021 -6.4097985122147628E-019  9.8012681966044529E-018  3.2495227192993085E-019  2.7067826141921066E-017  4.8751930961620804E-019 -3.5283971271646605E-017 -1.5047586697561793E-017  1.1560748177804129E-018 -1.8396234154887644E-019 -8.1618293644596921E-018 -5.2528205230652293E-019 -6.6073286206048880E-018  1.6868609157032314E-018 -8.7996033255716403E-019 -5.7517535722928716E-019 -1.9592332631608021E-018 -9.2530544908321773E-004 -1.4018915779065119E-003
-1.0290114695984614E-006 -2.5006991472185251E-017 -2.3552166710470652E-017  2.0249367479079775E-017  1.7359332748413764E-005  1.0794103615925042E-016  1.3858493657834368E-016 -7.2702798986483778E-017  7.5476758835818578E-016  1.7060835362780466E-016  3.5297026902944252E-017 -1.7486577107875732E-016  1.3549664510584886E-016 -5.8073302388597765E-016  1.0913737863432786E-015  1.0226927220200262E-017  7.4452181483751019E-018  1.4511450384215093E-015 -5.3008846475875491E-018 -3.5565325046540448E-015  9.2393450332111822E-018  3.0471192995192827E-018  1.1965155774342763E-018 -2.3029768921754701E-018  3.3820300219628560E-016  1.5015946464443136E-015  3.4446045216153499E-016  9.5188198323397461E-017 -3.4371130770962216E-016  3.0191402665368825E-016 -1.1729445517686611E-015  4.5115736554729110E-004  2.0516581973345370E-015  2.6247774046463569E-015 -1.1188609606049990E-015  4.6794208037099493E-018 -9.7057645929733105E-018 -1.7676135076510282E-016  1.4978897431021925E-018 -1.6964699155060231E-015  1.8799701178742133E-017 -3.7212700750039223E-018  1.2200256755477468E-017  3.0391436390572424E-018  1.4064149058766247E-003  6.6535047717406505E-015  8.2257482975718044E-015  2.0757697940366263E-015  4.7315599944718848E-016  1.1628269795151112E-016 -5.2225377518256871E-016  3.9369516028601853E-016 -1.6679968481925835E-015  1.6519808565330826E-017  1.3188199587790621E-018  3.0215123854649583E-018  1.0060459036392010E-017  1.9726453910841437E-018  6.7661290853922288E-018 -1.6604228013835974E-018 -1.1190688456648518E-018  9.1603946546217462E-019 -2.5412363590823883E-018  1.1459451042453456E-017  2.1942138623634269E-018  9.7676492235542175E-018 -3.7221844733093342E-018  1.2853043499804710E-017  3.8404871506940256E-015  4.3521841002635842E-003  2.0416843226393238E-014  2.5339829723892307E-014  4.9851633706008873E-015 -1.8787243041578607E-018 -2.3816853426863782E-018  6.2134039062474427E-015  1.8809162002991509E-018 -1.3222836721475408E-014  7.9534272653742140E-018  4.0596738109641634E-019  2.7775008367292065E-018 -3.6573666702767611E-020  2.7677209311592814E-015  6.2517639980850835E-016  1.5800590520841081E-016 -6.1248826782958316E-016  5.2943920526136858E-016 -2.1108536599099236E-015  5.7152842836462548E-015 -1.3972172262566465E-018 -3.8207989242028010E-019 -2.1777603684615491E-019 -1.5060782249854068E-018 -1.4735099706450829E-018 -1.8215976494134138E-019  2.8127206970581644E-019  3.6616835754275272E-019  4.1865099354409052E-021  1.9308224611854052E-019 -1.7226510462766103E-019  2.9620100746207927E-019 -1.1908485850625202E-018  1.5394883513523063E-018 -1.3700759531793732E-018  8.1798864171963375E-017  2.2220196116675023E-018  1.0689336772798636E-018  1.9525322613524389E-016 -1.3793423531164908E-018 -5.2538154921208542E-016  7.5219711223977194E-019 -5.4017107668558828E-019  3.4515499477784333E-019 -2.2303715117280522E-018 -1.8920579334895363E-015 -2.8664027620967174E-015
-3.4596198206359913E-017 -1.0290114946263432E-006  3.7794084100821992E-017 -2.1872562181767282E-017  1.0794103615925042E-016  1.7359332826936036E-005 -1.7929878094425383E-016  6.8282973220837286E-017  9.3417248651781029E-016 -3.0307649697089129E-016  2.3647235528832354E-015 -1.5414342400459497E-016  7.9723472244836479E-016 -7.7185122791672325E-016 -1.2275924871818760E-017  9.6198528509141472E-018  3.2270964352349223E-018  8.4538789179210036E-019  4.9513858440740420E-018 -7.2156370965646521E-018  2.4721038954514877E-015 -4.1974870464437178E-018 -3.8980315035503423E-015  1.2861812063335265E-017 -1.1389731439584988E-015  2.0875654857886358E-015 -5.8534487935907119E-016  4.8310710664427395E-015 -1.1000644416471969E-016  1.6325021624837818E-015 -1.4121662810753690E-015  7.6426723540054738E-016  4.5115736649142579E-004 -1.7683596569892178E-015 -4.3100942413489036E-017 -4.8817056233784086E-016  6.3705270208900352E-018 -1.9753082937922533E-017 -2.0097972091226605E-018 -1.8977781067031957E-017 -6.1513267629664664E-016  5.7865052730709044E-018 -1.8787634244794251E-015  6.7252439193705879E-019  2.1363839020839910E-015  1.4064149091136797E-003 -5.8106475051663474E-015  3.2338277325084751E-015 -8.3258684362565418E-016  6.6425124630836938E-015  1.8237769865298632E-016  2.2462903668034926E-015 -1.5565933443055954E-015 -1.7951896688899769E-016  1.9501758426960006E-018 -1.1130205593931324E-018 -1.0356098705265538E-016 -2.7072384424743448E-019 -9.9050815255152650E-017  3.7725873355957284E-018  3.0098468033080026E-019  2.9156148821993810E-019  6.0796745199266452E-020 -1.7539777379949632E-016  7.5869608923382850E-019 -1.0361666975968562E-016  1.0048708706385992E-018 -1.7597211807350862E-016 -3.9907436211267773E-015  6.6083941793509538E-015  4.3521841100987056E-003 -1.7661555362658387E-014 -8.7963282854105320E-018  6.8677039158593015E-016 -1.5510678827543215E-018 -1.2267073365573524E-017 -2.1554549515479169E-018 -3.9321566376202996E-018  1.0432967459202078E-014  1.0872716678614759E-018 -1.4744441137447638E-014  9.3110138670296444E-019  3.4493797807384398E-015 -1.0759432516437624E-015  8.7157335899149571E-015 -5.3329122101203134E-016  2.9489794865118848E-015 -2.8481404455685246E-015 -3.8274750783154441E-015  1.3396892992441904E-017  1.5165462934696482E-018  1.1556579571802162E-018  7.3684993421883143E-018  7.7259444190135737E-020  5.7165329904798814E-018 -5.7804209709699205E-020 -6.6007829775623239E-019  6.8503352038746446E-019  7.7693698100151042E-020  1.0024827282604393E-017  3.8129211648870057E-019  8.1013574684654893E-018  8.0134865962097811E-019  1.5365354604389799E-017 -6.2119823346866968E-018 -1.5414457104990673E-016 -1.5098880969333767E-018 -2.7708584774191869E-018 -1.8053620554592210E-019 -3.5475691232837932E-018  5.0973530459856676E-016 -2.5767407446644257E-018 -5.3666500465753715E-016 -2.4840885369562625E-018  1.5079676827405071E-015  2.2833581159252869E-015
-4.3149256885329056E-017  4.2921274472902601E-017 -1.0290113710150963E-006 -9.6534220078798445E-017  1.3858493657834368E-016 -1.7929878094425383E-016  1.7359332436796892E-005  3.0714544967375006E-016  3.4636217904822144E-016 -3.0922394602497180E-017  4.4846622347974164E-016 -4.2674612161718343E-016  2.2866983212379185E-016  4.9512426899098798E-017 -1.2231517736334139E-017 -8.2734076862341252E-019  2.3617317220279791E-015 -6.3839782862876304E-018  5.4439942080657711E-018 -5.6318757867632970E-018 -1.4906933408959144E-017  3.4679355574571587E-015 -1.0166007818317857E-017 -4.7727807608470908E-015 -5.5257206799889461E-016  7.8293019281582041E-016 -7.2684956174595177E-017  9.3077832673731785E-016 -8.7702272380440291E-016  4.8220017780087904E-016  1.7680128214218640E-016  8.9677733573456621E-016 -2.6335031177621899E-015  4.5115736179640717E-004  6.9328183650001741E-018 -2.6370619763551454E-017 -3.9324997685714644E-016  3.8765279751711626E-018 -1.2994661745609210E-018  4.5155238235903077E-018 -3.9222005597585766E-017 -3.0274673178520030E-016 -2.0653525215617592E-017 -1.7310240896488671E-015  3.0746320757192030E-015 -8.9212685879897017E-015  1.4064148930327282E-003  1.2156818071120009E-015 -8.3324970462082383E-017  1.2705246280965863E-015 -1.0172754859936863E-015  6.4030457221846445E-016  4.0168340536167895E-016 -6.5737911498959698E-017  1.5130791858179596E-019 -7.5421416643670442E-019 -4.1319968632794724E-017  3.0988085220907609E-019 -3.5163487237479246E-017 -1.1423161787449821E-018  6.1574623469232880E-019 -7.8561946435323171E-019  1.8629700216249712E-018 -5.7923850475653565E-017 -1.9427805467116587E-022 -3.9659522781696707E-017  2.2669644739746956E-018 -6.7231871332259808E-017 -2.3955064619967769E-015  9.3319467513186247E-015 -2.7175184294872208E-014  4.3521840612312339E-003  1.9392305934034118E-017 -3.3991975302683249E-018  8.7427711085562320E-015  7.3626298703376297E-018 -5.1307555049936057E-018  1.4142785021614153E-018 -1.1798343240341997E-017  1.2756896121050284E-014  2.1251848154300169E-018 -1.6094336499036324E-014  1.3392891401074469E-015 -1.2151078000008641E-016  1.6695650629438298E-015 -1.6047782677160119E-015  8.5826963652956462E-016  2.5377889533144307E-016 -3.0316702496456297E-015  3.5191171501449663E-018 -8.2749206070536865E-019  6.5260658409592321E-020  2.9430966829805513E-018  8.2624801725295985E-019  1.3328419406981211E-018  2.3417036251723793E-019 -3.5395372231760141E-019  2.2916746144229268E-020  3.3749012391907508E-019  6.1907137902284959E-019  5.4872435944635286E-019  3.8439551247114043E-018  8.3488996181754840E-020  3.3022765073271404E-018  1.0032322880368636E-017 -3.7026740306136617E-018  6.8731816908871895E-016  4.7083230551683158E-018 -7.3235203676029994E-019  4.1232305647046374E-018 -9.9954377502156029E-019  1.0353588384876410E-015 -3.8263095003825700E-018 -1.3572887481197868E-015  1.0656504234907058E-015  1.6139840452849824E-015
 2.9898842328438859E-017 -2.3788676124591036E-017 -2.3208633358972821E-017 -2.8937682867554567E-005 -7.2702798986483778E-017  6.8282973220837286E-017  3.0714544967375006E-016  1.3317253487788041E-004 -4.8465753484302999E-012  1.1415209757662914E-014  1.3016885378793557E-014 -9.7790538690792591E-012 -1.2350816059481132E-014  1.4622755826711951E-011 -2.2476423631114816E-018 -5.3624588990947999E-019 -1.5091976565206160E-017 -1.0864747732128444E-017 -1.0233436278947013E-017  7.4901125427020800E-018 -1.8901713395183223E-017  5.0213180917275829E-018  9.5216739565576344E-018 -2.6273217032328123E-017 -6.7551670750299047E-004 -9.9249046296582705E-012  2.3658786348642613E-014  2.6942569010106341E-014 -2.0030629219498995E-011 -2.5669000656325861E-014  2.9948717298355646E-011 -4.8639427844049754E-016  5.4697560430437266E-016  7.0138303122609335E-015  1.6308932988292488E-016 -2.4599420774496270E-017  1.4352940521444903E-017  8.3445866233016968E-017  3.5175281871524027E-018  5.7139990090138505E-017  3.4177462524059473E-018 -3.1683580450842829E-018 -4.4557766358420271E-018  2.5027860232849183E-017 -1.3114216683987978E-015  1.7116031570191850E-015  2.2250846089589339E-014 -1.3624775421671894E-011  3.2240502018357716E-014  3.6776153250174937E-014 -2.7476833506368938E-011 -3.4976277913432462E-014  4.1104699064647219E-011 -3.6624667745479002E-015 -4.5984443632339472E-019  2.4321809614891172E-018  9.2998745306697841E-016 -2.0902502345393751E-018  1.0958636078985147E-015  6.6593717423792642E-019  4.3420159852243390E-018  1.6773684411800403E-018 -8.1589871043873534E-019 -2.3406084902883806E-015 -1.4768243425608894E-018 -1.3221509797088591E-015 -1.2996940015649176E-018 -1.6679960343657190E-015 -8.4998792941375096E-003 -3.3796735961117946E-015  5.3066763230605014E-015  6.8595372992338923E-014  1.2991765650569132E-016  6.2134918735411196E-018  7.3708671888348924E-018  4.7389859544690488E-017 -5.4007831502909875E-018  6.6856945294485337E-017 -5.2245819729257039E-018  7.4394506542233314E-018  1.3265274708150272E-018  8.5936243092993102E-018 -1.7852483715529761E-011  4.2447968598876711E-014  4.8405478420441853E-014 -3.6031676836331274E-011 -4.6075215578835519E-014  5.3885529570949041E-011 -1.2966786949072738E-002  6.3250738941148240E-017 -6.0508803308573978E-019  4.1890124326494990E-019 -1.4243907852079478E-016  5.7522318496346463E-019 -4.2835233934125684E-016 -1.3077522529597648E-018 -8.5962623977361054E-019 -3.7202876896864056E-020  2.9498186852506489E-018 -4.5105748521639580E-017 -1.4954450138167231E-018 -1.2456739884916114E-016 -2.2435868317623079E-018  1.6237860936549464E-016  6.9249683111223813E-017 -5.3203088449340536E-018  8.4660300902885748E-019  3.7561112182036957E-017  2.4173719122964596E-018  3.0407228865375490E-017 -7.7630104620905694E-018  4.0496175025073223E-018  2.6469833497766626E-018  9.0164806494266390E-018  4.2582978310571600E-003  6.4515689078577052E-003
-1.2966886724512972E-017  1.5729651070754788E-017  1.6813631993909494E-016 -1.2537219055549353E-011  7.5476758835818578E-016  9.3417248651781029E-016  3.4636217904822144E-016 -4.8465753484302999E-012  3.3805395367016440E-002  2.3084702731893561E-015  2.6856594851612286E-015 -1.6902697679222204E-002 -1.3877087641452806E-016 -1.6902697687776608E-002 -4.4801475727511044E-016 -2.8479920015607289E-016 -1.1741708666783391E-016 -1.9649421350370759E-016 -6.1134044680115294E-017 -2.4931572033241204E-016 -4.8601863727027178E-016 -8.9376590732728048E-017 -4.8034127921658845E-016 -2.6326737884591968E-016 -1.0900662043588726E-013  6.9227736398154383E-002  7.6651587236023952E-016  3.5339353535837016E-016 -3.4613868196945501E-002  1.8613307288215610E-015 -3.4613868201265073E-002  2.4147120775322255E-015  5.6563905479313625E-015  1.6966655720434815E-015 -1.0736891636570365E-015 -1.1583559801199338E-015 -4.3697982204330026E-016 -4.8602013091855352E-016  2.8424823852542909E-017 -4.6272663739015944E-016 -2.6195363585696258E-015 -4.9793126430248244E-016 -1.0588759591610444E-015 -1.0331633471597456E-015  9.6256628882016764E-018 -1.1464297394162027E-015 -1.9702592423275743E-015  9.5066676458038166E-002  4.7509787769795872E-015  4.6079114410426557E-015 -4.7533338222284408E-002 -3.7122831068249798E-016 -4.7533338236318466E-002  2.5272711082857946E-013 -7.5862943820742804E-016 -5.8306735736652573E-016  2.1930650757319727E-013  3.9123287622868170E-016 -4.9243252068936139E-013  3.9695269754875597E-016  2.0808704712058222E-016  1.8268604844700576E-016  4.5421902163542215E-016 -7.0936185502797737E-014 -1.9624145366282192E-016  8.9962586354765710E-014 -2.0862668838165449E-016  3.4192097454219236E-013  6.7575599084366135E-012  2.2735252034688921E-015  1.9560349320420061E-015 -3.9939644997102631E-015 -3.0919091541689448E-016 -2.8645035066273682E-016 -1.1068248435806879E-016 -1.2725885691571583E-016 -6.5987019561695361E-018 -1.3052986202368253E-016 -6.1873483643055736E-016 -1.0074141143287793E-016 -3.2336177064375977E-016 -2.5961532828595999E-016  1.2484028323403046E-001  5.5699856113449499E-015  5.6257991515810644E-015 -6.2420141609334380E-002  2.8308043324539549E-016 -6.2420141624639040E-002  4.8089035362443552E-013 -1.1485080042490356E-014 -2.6283410214866224E-017 -6.3878006561001513E-017 -4.1629460435235279E-015 -6.4210588281039317E-017  1.4687917849807312E-014 -4.5331603004439537E-017 -5.8913443081085951E-017 -1.8647557854619814E-017 -1.3469422387508978E-016 -1.8191450647968128E-015  5.1851194584628518E-018 -1.0421562118136412E-014  1.4624698553388428E-019 -1.0628106448763208E-014 -1.5548540567916329E-016 -1.2748723160378827E-016 -3.8372557525946643E-017 -8.0032426728088089E-017  5.3347304208528238E-018 -6.9299895691188234E-017 -2.7016282557485834E-016 -5.2300682949043158E-017 -1.1097795296408519E-016 -8.4766574700619196E-017 -2.8200841940900857E-013 -9.7116809333893334E-013
 6.3150150928237070E-017  2.5448738658062750E-017  1.8583841141908325E-017  8.1816115982755593E-015  1.7060835362780466E-016 -3.0307649697089129E-016 -3.0922394602497180E-017  1.1415209757662914E-014  2.3084702731893561E-015  3.3805395365086047E-002 -7.8699334205510058E-016 -9.5099822807317114E-016  3.8694123136746386E-016 -2.5213418739151665E-015 -3.4650061574170163E-017  1.5136719228354573E-016 -1.0271923936598220E-016 -9.0267521792884449E-017  3.9536785894836831E-018  5.2761774860282209E-018  1.3492268883552504E-016  4.8183305565846283E-017  1.2096802702771377E-016 -9.8729017493806119E-017 -5.4731890268736412E-015  5.0097911880174398E-015  6.9227736396835174E-002 -9.9536540064969744E-016  6.3011962378170978E-015 -1.9566726467694327E-016  4.6952689645820280E-015  3.5772802612329874E-016 -9.2991524897271693E-016  1.7209642970232131E-015 -1.9483569089276881E-016  1.2539007008730244E-016 -3.3746113154993350E-016 -4.1889883522639838E-017  3.5827684838307495E-018 -9.9643293688571033E-017  3.1515674218780645E-016 -3.6072013235748025E-016  9.4474124416031300E-017 -7.1906004572439794E-016 -9.3855968672793884E-017 -8.3366219146358263E-016 -3.8229974446172240E-016  2.2544351603363996E-014  9.5066676455368135E-002 -1.2868473142665427E-015  1.9091109271530246E-014 -7.1084637677263742E-017  1.6265516268182566E-014 -4.9372360055148545E-015  3.6956239160916962E-014 -1.3218232655629429E-016 -4.0298232941648873E-015 -4.1416383913104522E-016 -3.0477262504583063E-015  2.8096768257657812E-013  4.8673695259107434E-016 -4.2980880461458661E-013 -1.5518419883231990E-016 -5.4060484749699774E-015  2.9937479872740036E-016 -3.1694882027827913E-015  3.0264005202997460E-016 -5.4520163940582228E-015 -3.6676285132705767E-014  3.6210954812608337E-016 -3.1487743221981401E-015  5.6522263874846287E-016  1.3993542779793334E-016  9.9205143276067702E-017 -9.9821021342236675E-017  6.1500250680158774E-017  4.9339059124758301E-019  7.2264238667660317E-017  2.3825585871623474E-016 -7.9157506956858488E-017  1.0295035042818566E-016 -2.0781688216056522E-016  4.6527037926596423E-015  1.2484028323052201E-001 -1.9260889138967148E-015  2.1197477443185648E-016  6.5021294508029907E-016 -2.9695535309387169E-015  1.2851561257544901E-014  3.8258458355713846E-016 -4.7168547881630278E-015  5.0777887416782281E-017  1.8660047163777203E-016  2.2398674835328240E-017  2.5527504745735752E-016 -7.0967159058848793E-015 -4.6604483290845478E-017  1.4296371364974323E-014  5.1112682385095985E-017  2.5194482732565649E-016 -9.7274728344076658E-017  2.0090039515877973E-016 -6.7203642000227537E-017  4.5298621874347669E-016  6.4922007151929915E-017  5.4574057012547613E-017 -4.5366549888969951E-017  2.7463470894350265E-017  1.9013772583381659E-018  2.5361641622839805E-017  1.2268238512934957E-016 -6.1822308789136329E-017  5.2854768458612065E-017 -1.0009665057890247E-016  1.3234237507746226E-015  2.4012309282604749E-015
 1.4842306737349895E-016 -4.9358181690287903E-016 -7.2723034998775525E-017  5.1019054889671919E-015  3.5297026902944252E-017  2.3647235528832354E-015  4.4846622347974164E-016  1.3016885378793557E-014  2.6856594851612286E-015 -7.8699334205510058E-016  3.3805395368772140E-002 -1.9626144093003945E-015  7.7618781874516546E-016 -7.7995643353962402E-016 -1.4113605705772378E-016 -3.5536160320580980E-016 -1.6606018212817471E-017 -1.1441279047907751E-016  2.3335644374539606E-017 -7.5604619147656307E-018 -1.1199701676157049E-015  5.0169350885277316E-018 -4.1705565770787723E-016 -9.1561582136544456E-017  1.2622703241225568E-015  4.1816057264171276E-015 -4.8552288168032019E-016  6.9227736399532530E-002  3.2017159463647138E-015  3.5895936970871383E-016  3.6420571501200934E-015  2.1973967861090236E-015  1.3019234931852143E-015 -4.5985104348196173E-015 -1.1066674990102124E-015 -5.0697346908268394E-016  8.1372549232104497E-016 -4.7277008678589163E-016 -3.6572785748893230E-017 -5.5172306755009470E-016 -1.0065246630882859E-015  8.0314730777977666E-016 -4.6374720906495420E-016  1.8425646124742023E-015 -1.1652848346433970E-015  6.5387029167124833E-016  1.1525391483143777E-015  2.1604710584360017E-014 -2.8898526630062505E-016  9.5066676460515434E-002  1.3664559527168926E-014  4.5528223785397152E-016  1.5437511892793259E-014 -4.8359477652843737E-015 -4.1307496972076554E-016  3.8118483818992332E-013 -2.8923519201916512E-015 -5.1373642731538879E-016 -3.8433480894711374E-015 -5.0433854107403905E-016  2.7911854269819885E-013  4.1924964861227847E-016 -6.0114556952902631E-013 -5.0170882103355128E-015  1.8979406931595680E-016 -2.9697494683905363E-015  3.0254928519672853E-016 -5.0503862575649421E-015 -3.1382350907867983E-014 -1.7129415659915422E-015  1.8018475431889122E-015 -1.4274578837262329E-015 -2.7513315179813036E-016 -3.3221128897160083E-016  2.0284376647526482E-016 -1.1873150564126967E-016  8.8645679318488427E-018 -1.0573323588769467E-016 -7.7340773067485058E-016  2.1637535976083140E-016 -3.3281202120448944E-016  4.2770126239836005E-016  4.2469254342462069E-015 -1.5301573938940768E-015  1.2484028323734853E-001 -4.6414182087200242E-015  1.0238879902841545E-015 -3.3188738240628553E-015  1.2745519368618067E-014  6.4052692590993502E-016 -1.5328490211968446E-017 -1.1019438190143746E-014  3.9909494759790453E-016  3.2435343383901878E-017  4.0384321280907825E-016 -9.9774008811442811E-018 -5.7880506779306977E-015 -7.3591392220708036E-017  1.7936444397234004E-014  7.2598351863606854E-016  1.7906640654592150E-017  3.6033256116278202E-016  4.6246229933227399E-017  4.9830608591252523E-016 -9.4890505072195929E-017 -2.1350660649804219E-016  8.4871079235753135E-017 -4.7880298721123250E-017 -8.0494101828192954E-018 -4.5076723394529300E-017 -4.6458523508420133E-016  9.6918956006550975E-017 -2.0267114036379799E-016  2.1677338230558395E-016  5.1272816839297367E-016  8.8740104507397503E-016
-7.0444337714497862E-017  2.0298800641129515E-016  1.3093219455244722E-016 -2.5422475256682195E-011 -1.7486577107875732E-016 -1.5414342400459497E-016 -4.2674612161718343E-016 -9.7790538690792591E-012 -1.6902697679222204E-002 -9.5099822807317114E-016 -1.9626144093003945E-015  3.3805395367126553E-002 -1.1130649758085900E-015 -1.6902697687862251E-002  1.9522855641540521E-016 -1.1618130100246241E-016  2.5863940488039133E-017  2.3226563879246135E-017  4.3145361904868202E-017  4.3429394087733740E-017 -1.4064122764308830E-017  9.5391484976761624E-017  1.2506456788225490E-016  1.0256398972494971E-016 -1.2978191316745897E-013 -3.4613868197075938E-002 -1.1291796287743819E-015 -1.0877609371207898E-015  6.9227736397655074E-002  1.1826592757106242E-015 -3.4613868200966624E-002  1.8734647988277296E-015 -4.4242434599637199E-015 -1.0309026521815236E-015 -9.8826540053934008E-016  9.4325951674229669E-016  3.0485159733865746E-016 -4.5099222979438671E-016 -1.7722677470484994E-017 -3.8736260334840040E-016  1.9860481213757931E-015  3.5762352793852170E-016  8.2156824938439413E-016  6.9244479260103315E-016 -2.4089970900639343E-016  1.0113793674272540E-015  7.2350197049568495E-016 -4.7533338222643697E-002 -3.0355986469901869E-015 -3.2185333329736211E-015  9.5066676458219063E-002 -1.3856388980367855E-015 -4.7533338237374607E-002  1.6081999789972632E-013  5.1280421554705867E-016  8.5467559238256787E-017  4.7015371232089926E-014 -1.8829659394513500E-016  2.0244441908946171E-013 -6.4624664734437679E-016 -4.0248667544132460E-016  2.1865517614635686E-016  9.7351672445959738E-017  5.6437456804061847E-013  6.9667648857670555E-016 -5.1207358238782753E-013 -4.0021090891828364E-016  4.8059508945975120E-013  1.4319945701148046E-011 -1.6084558868179903E-016 -7.5121389472518287E-016  1.5924376507102518E-015 -8.2652973768348973E-016  1.7260773892267571E-016  8.1843540807474922E-017 -3.6108151729739056E-016  4.1776630495391815E-018 -3.6294640302454755E-016  4.5199153569641843E-016  9.0138156791029228E-017  2.4275975079312398E-016  2.1583895537286910E-016 -6.2420141609362642E-002 -3.6458226508954897E-015 -4.5232484264290907E-015  1.2484028323418407E-001 -1.0968917643892606E-015 -6.2420141624869571E-002  6.0618160309421818E-013 -8.6558869751167475E-015 -4.0440563481025611E-017  7.6654126940768832E-017 -1.0972049748044320E-014  5.2996623917288878E-017 -1.4226461265373767E-014 -2.5064688560013643E-017  6.4686315694512384E-017 -2.0740059856161830E-017  7.6946544572704139E-017 -2.0084978532007871E-014 -2.4687413355359683E-017  1.3085906251907181E-014  1.1868961575534916E-016 -1.8182589746908738E-014 -4.5400623267180123E-016  8.0103236309455011E-017  4.0542586150203726E-017 -1.9548994794608803E-016 -5.8895420165458239E-019 -1.9219678423939977E-016  1.6361637985920275E-016  4.6210193005843582E-017  6.4125101582073328E-017  8.2878853323828286E-017 -5.7225760272185573E-013 -1.9755213955348306E-012
-2.0328007605929138E-016  2.1401356510838078E-017 -1.1580656052644589E-016 -6.0361189164364031E-015  1.3549664510584886E-016  7.9723472244836479E-016  2.2866983212379185E-016 -1.2350816059481132E-014 -1.3877087641452806E-016  3.8694123136746386E-016  7.7618781874516546E-016 -1.1130649758085900E-015  3.3805395367951407E-002  2.5238151673307658E-015  3.3977416220976873E-017 -1.5523904841471314E-016  1.5100436721625700E-017  6.8054240213068794E-018  1.0527349150717893E-016  2.7301649419764923E-017 -6.0136229013215122E-016  1.8546077464691545E-017 -2.2742933931121857E-016  5.2980924573560659E-017 -3.6539291805556657E-015 -3.2805441537653107E-015  7.6536497005485460E-016  1.2333172958019146E-015 -4.3365590492548276E-015  6.9227736398908085E-002 -5.2887540217343839E-015 -5.4983237523918322E-017  1.5704424537219038E-015 -3.9151053234082766E-015 -1.4407060690267130E-016 -4.0059938168846950E-016  6.3718228666679566E-016  8.9003850463295271E-018 -3.9218634017509610E-017 -9.2730405106288832E-017 -6.6678808224274130E-016  6.7012322834346757E-016 -3.2510425576667495E-016  1.4844400160275307E-015 -5.9541636405378036E-016 -8.9231828838870544E-016  1.3512437211590595E-015 -2.3667901426913177E-014  1.6463565860254166E-015  9.2449002345429347E-016 -2.4889385690823032E-014  9.5066676459370780E-002 -1.6296075880266638E-014  6.8312797196873603E-015 -1.7872953248656211E-016  3.6965066487606584E-016  3.8112690129273590E-015  1.3983737837789062E-013  3.8397429348839158E-015 -1.3926033247014456E-016 -4.2194882540141064E-016 -6.6075910226307122E-016  3.2517677714861791E-016  6.1899003841855711E-015  5.5139606618812330E-013  4.5672846295322649E-015 -6.7261361301475965E-013  6.0425320198022630E-015  4.1836980817764027E-014 -1.8734084601985347E-015 -2.7401568536675115E-016 -9.0467643104362885E-016  4.2933525650644872E-017  1.1312874198319869E-017  9.4730686387951891E-017 -1.1220684633774898E-017  7.7502212296253358E-018  3.8345618734376003E-017 -1.2859831283627012E-016  8.1922043199698691E-017 -1.9620469983523488E-017  1.9498366475965856E-016 -2.4571459296543587E-015  1.2639615438326782E-015  1.8878595174208618E-015 -5.0158879741028955E-015  1.2484028323586099E-001  3.8959202472262786E-015 -1.4271082006883003E-014 -2.8699540243735066E-016 -1.2427885153897474E-016  1.4563897264600716E-016 -1.7556334038278403E-016 -6.5741825913915177E-015 -2.1399528590618689E-016 -1.1375942117143367E-016  4.2239437252570172E-017 -2.9341976976591326E-017  1.2472568190353056E-016 -2.7740682577886119E-016 -1.4765868158579090E-014 -2.9613853743311838E-016  1.5359694256737895E-014 -3.1778950450806168E-016  6.3621202493603156E-017 -2.7720014532830250E-017  5.6206091842310621E-017  3.8326140664970932E-017 -5.4298790158056051E-019  1.7483467630317135E-017 -3.3392535266082215E-017  4.7638077661627828E-017 -1.7718442984631235E-017  1.1332333197705156E-016 -1.1845667954111356E-015 -2.1136815951618523E-015
