   3.4065766759472284E-004   2.0716279950893190E-009   2.7936353114049736E-010   1.0268712881710649E-009  -1.0440177530533257E-009  -1.0443883825325116E-009  -2.2807777007350285E-010   9.9663293659015696E-010  -7.3249145469104627E-010   4.7384801784573994E-011   5.0443670855374479E-003   1.5369767535820955E-008   1.1004375387033518E-009  -3.2056632184535449E-010  -1.2767310046281317E-009  -5.4711094590181046E-010   9.2233141950873420E-010   1.6659608211412369E-009  -9.7827392066666793E-010  -3.8922958576762823E-010   9.7104033868113775E-003   2.5942527348235022E-008   1.5544420479049448E-009   1.4417804215472781E-010   2.0628403267318934E-011   1.0275530565300226E-010   5.3155767620033203E-011  -2.4185110081386333E-011  -1.3469772868325853E-011  -3.4935458807744302E-012  -1.8927411490481143E-011   4.7294613854542506E-011  -7.7361518816375478E-011  -7.4871296174620239E-011  -8.8137185436962356E-010  -1.1042820528556543E-010   6.2077764359530572E-010   8.3204929794475357E-010  -4.0854129857603450E-010   4.9323058006194521E-011   7.9627088481447096E-003   2.1123458814276122E-008   1.1417349406195420E-009   1.1548884331703581E-011   4.5071649735580166E-012   1.3672698599746737E-011  -1.4854098749878975E-011   8.2784328007430074E-011  -5.4330159555424973E-012   2.4949050020366466E-011   1.3853693533610426E-012  -3.9519659779333965E-011  -1.4705313974542644E-011   1.3101360433680267E-011  -2.4948711492096164E-011  -8.1600785876523641E-012  -3.6755099242211782E-011   7.7381577577499183E-012   6.0408512044062723E-010   3.7874214306760431E-011   4.7315469304204329E-011   1.8228877302873192E-011  -3.9542295181385832E-011  -2.9696732971494108E-011  -1.1272708775802266E-011  -2.7915491375922721E-011  -8.0941542751566807E-012  -9.8629046807364404E-012  -7.5539778775815472E-012  -4.7401376282509125E-010  -2.2885648083737025E-010   5.0189529826099084E-010   6.2273483386733860E-010  -3.3769322703462188E-010  -1.4872108654387846E-010   2.1422186315670408E-003   5.5357982655031705E-009   2.9427097800944464E-010  -3.9928836666770621E-010  -5.0126576179879458E-003  -1.3874271532940892E-008  -7.5208597135107853E-010  -7.9659638244084931E-011  -8.2216987682961092E-011   4.2270737991514180E-011   1.4464641422101650E-010  -8.3390583785808234E-011  -6.4986783146862335E-011  -5.9791053167149300E-010  -1.8868793492255131E-004  -5.0278451507777291E-010  -2.8767922178081330E-011  -1.5647538390925274E-010   1.0900664620186851E-010   7.6582467241385214E-011   1.8139309431957445E-010
   2.0716279950893190E-009   3.4065322803378002E-004  -2.1033976064966303E-009  -3.4204250189663882E-010   2.1738405302256798E-009   5.3738411501877202E-010  -3.1827626424639895E-009  -4.6090969708763078E-010  -5.9025165688379076E-010  -1.7129308039926274E-009   1.8363566026724481E-008   5.0443311560711308E-003  -1.7167130726580848E-008  -4.2566425849986444E-010   7.2800817213916234E-010  -1.0281855286650743E-009  -3.0741309326244470E-009  -7.4849359399222803E-010   1.3245124272091090E-009   2.0485589047926417E-011   3.1636247824596456E-008   9.7103415314001018E-003  -2.9708343248485434E-008   8.5989678850248459E-010   7.1237987485576926E-011   2.0647871735929065E-011  -1.4212526674592769E-010   4.2719427899070945E-011  -6.2588593709629028E-011  -1.3829529143357450E-010  -9.4772840319393302E-011  -1.3166012611766323E-010   1.0650604751105701E-010   2.0406759499578126E-010   3.1566099166561320E-010  -6.5568060512193383E-010  -1.3369313902907129E-009  -1.3112803555255533E-010   7.2682517030205963E-010  -1.8453169963681085E-010   2.5766098634287400E-008   7.9626585963122019E-003  -2.3981395326565905E-008   1.0944605382284859E-012   2.9213345226991085E-011  -1.5338237020440259E-011  -7.2143251334229564E-012  -1.5676262643593149E-012   5.2914423731226846E-012  -1.7743953818953147E-011   6.8144459341504533E-011  -1.5387790407494533E-011  -3.5453642880060699E-011   2.4111529163490211E-011   2.9586508215393839E-012  -3.5140962185408328E-011  -1.7901806233544547E-012   1.6992353196037872E-011  -1.1004955394857298E-010  -1.4289692240495536E-011   3.5446341391220537E-011   8.8065011674443969E-012   3.1992389050793110E-011  -7.4154407911449857E-013  -1.2820750997749270E-011  -3.5087259210264516E-011  -3.3537340388020167E-011   1.1629980430875445E-011   1.8433296224172008E-011   3.3142598546719245E-010  -3.9276964206486390E-010  -1.1862398118059334E-009  -2.6726182976252446E-010   6.2877616404387574E-010  -6.4165026213638762E-011   6.7749046777343664E-009   2.1422054324912901E-003  -6.3083240599781243E-009  -2.0101279699535925E-011  -1.6958842878239672E-008  -5.0126245739029445E-003   1.5764914376458260E-008   1.1179462785874470E-010  -6.3502272126643892E-011  -3.2465336568694833E-010  -8.5282342867342180E-011   7.0948340826924790E-011  -2.6512195425450976E-011   6.5136502544366221E-011  -6.1261682461661029E-010  -1.8868673864777844E-004   5.7276263522855533E-010   2.3488653775673141E-011  -1.8013127950245707E-011  -1.2190314346380485E-011  -3.3610162534203325E-011
   2.7936353114049736E-010  -2.1033976064966303E-009   3.4065605329369790E-004   3.2289824591523474E-009  -3.4661794959764359E-010  -1.8658164290234526E-009   6.5869625689954157E-010  -7.4050794810369432E-011   2.0435271103827208E-009   4.2066875242491509E-010   3.5310398225552327E-009  -1.7005584711665310E-008   5.0443539465668827E-003  -4.4235304033572197E-009  -1.1394857791106350E-009   1.6940491619140727E-010  -3.4391026554853262E-010  -9.4979109226295541E-010   2.4910773690123287E-009   2.0892768142315492E-009   6.3173889210594496E-009  -2.9014802412986979E-008   9.7103809653278344E-003  -8.5720317856192921E-009   1.9712302783305095E-011   8.7652956381246552E-012  -2.4136611614624921E-011   3.7009252488592171E-012  -2.8529708995799888E-012  -3.0147689957942601E-011   1.8058636177889221E-011  -1.1027597928388472E-010  -3.2993426322695824E-011   1.0018643576386243E-010  -6.2183204738825998E-010  -8.7244372394770129E-011  -4.1486068274079790E-010  -5.2402504304847461E-010   1.2134940544043697E-009   1.1458575725097517E-009   5.0150471070051791E-009  -2.3430455493686845E-008   7.9626905545216193E-003  -4.5461379872471254E-012  -2.8800103303399420E-011   1.6913710899346646E-011  -1.4490389609292807E-011   7.9360084083677366E-012   2.2476190124091025E-011  -1.7476898794595251E-011  -1.3298790689686730E-011   6.2087078994507498E-011  -7.0013533004580886E-012  -9.6452152305903257E-012   6.0523688252616666E-011   3.1433271240297166E-011  -6.6438828398533436E-011  -3.0689381875904411E-011  -3.9239243774440130E-009  -1.4306984170531000E-012   1.1005131287935068E-011   3.1723926550176042E-011  -9.9865520298787242E-012   2.9578610908826068E-011   1.1906058902046807E-011   2.9661645653254577E-011  -2.4154712148720587E-011  -5.0800367005289749E-011  -5.6407684394382634E-012  -5.2483698860689917E-010   5.6284317384624331E-011  -1.3535642363263939E-010  -4.3409975880547762E-010   9.7645636730615039E-010   9.5893716679645978E-010   1.3261382203508311E-009  -6.1548523582990026E-009   2.1422138451760945E-003   3.9505507477677224E-009  -3.3231680084054711E-009   1.5401718595452900E-008  -5.0126456119851392E-003  -8.4792738400615955E-011   1.8301121577980887E-011   9.9955779835725591E-012  -6.1182238614632575E-011   2.4413165405225202E-010   1.4597496193336305E-010   3.5473406064341463E-009  -1.2032199621676166E-010   5.5958594733454518E-010  -1.8868750059488647E-004   9.2696100005491092E-010  -5.9598007309512223E-010  -4.1604255384718480E-010  -9.2306912453303610E-010
   1.0268712881710649E-009  -3.4204250189663882E-010   3.2289824591523474E-009   2.6081564536571285E-005   1.0426146775487356E-010   1.0021315496222659E-010   1.4363163781421856E-011  -7.1649227346668673E-011  -1.1767659285643029E-010  -3.2611085145640641E-011   1.5055026297841527E-008  -4.9951894959439524E-009   4.8138545944074053E-008   1.7662370849674369E-003  -3.0835512627074002E-012   9.0724224091540007E-012   2.6449744195361840E-012  -6.8831053191312794E-012  -8.7980294258190012E-012   9.9714096297517980E-012   2.9106449238198936E-008  -9.7292538367136377E-009   9.3505467944577436E-008   4.7373624585274835E-003  -2.8566745144516030E-011   2.7070230022321931E-011   1.9183523723115553E-011   4.9225446745280551E-012  -6.4176280682919283E-011   3.3403874295065757E-011  -1.4427234929264192E-011  -3.0571687116591691E-011  -7.7140767358040292E-012   8.4882368629644821E-012  -3.6682098613825839E-011  -5.0995404142034247E-011   3.6226706384703971E-012   4.3827348385045608E-011   5.1597717984611923E-011  -7.1252963010348484E-012   2.3755911050931309E-008  -7.9308244131401299E-009   7.6864441210492853E-008   5.2013558638522662E-013   4.5625751784234010E-012   1.8288904598997918E-012   5.7770874501447587E-013  -5.3326007173208701E-013  -1.4978366189764486E-012  -1.7629650391883533E-012  -1.7430791138744452E-012  -3.7560725921305983E-012  -5.2967565893713473E-013   2.3094184416529478E-013   5.7381154152079847E-013  -9.8908198172850520E-013  -1.7634453047947086E-013   1.4126633236551726E-012   2.2593086218357945E-003   2.7210094028277844E-012  -2.0809402287951708E-012  -2.5570520431749185E-012  -8.2619120585835979E-013   8.1893651757364098E-013  -2.8243844013209249E-012  -3.5468654932194976E-012   1.1069284317015932E-013   6.8395585515690764E-012   1.8234063628360766E-012  -1.9581851087477776E-011  -2.4795878232848198E-011   5.0806835894350737E-012   2.1029560229389849E-011   2.3328410804021292E-011  -1.4572130073954708E-012   6.4409102219486932E-009  -2.1383500048180613E-009   2.0534341457713281E-008  -2.5528093473165367E-003  -1.5566723223421335E-008   5.5527847354272243E-009  -5.0920504252415094E-008  -6.4367162970605010E-012  -7.8242393383533517E-012   2.1266155119962522E-012   5.2640853740624806E-012   5.9774122833384085E-012   1.1740914169144928E-012  -2.4967086885001747E-003  -5.5101754019110222E-010   1.8189790591773855E-010  -1.8374893069975164E-009  -6.8549283636416825E-004   4.6992722216033372E-004   3.1394704529937988E-004   7.8005826931572004E-004
  -1.0440177530533257E-009   2.1738405302256798E-009  -3.4661794959764359E-010   1.0426146775487356E-010   1.7851109514973830E-014   8.9374377570644687E-015  -2.0225122635149938E-014  -6.2128558100389679E-015  -4.0804077814384224E-015  -1.1638248671676137E-014  -1.5462867587285465E-008   3.2193746736173350E-008  -5.1338266894248102E-009   7.2054372824500847E-009   9.7070315784458541E-015  -5.0177428817648195E-015  -2.2085929233420030E-014  -8.9462523220665933E-015   8.8793521704269211E-015  -7.6075902639449342E-016  -2.9762493302395401E-008   6.1968778325748284E-008  -9.8811865257200008E-009   1.9278611409947626E-008   2.5420533124857945E-016  -8.1849791849114000E-017  -9.6750819329754838E-016   3.6393355172503309E-016  -6.1780264552096869E-016  -7.0497748196416153E-016  -6.2481604386932969E-016  -9.9807183391519687E-016   9.2014629802681240E-016   1.4650557108252297E-015   5.1987953082537413E-015  -3.9717257823582487E-015  -9.9981491049607932E-015  -2.6720174922211409E-015   4.8699260485343325E-015  -2.5266878549367997E-015  -2.4408254875287889E-008   5.0818472495398532E-008  -8.1037270228282691E-009  -2.1673217768694627E-017   2.2058661457055553E-016  -1.4949178689249535E-016   1.6556890630967465E-017  -2.7398160324986931E-016   2.1485114764891141E-017  -1.7910198788953025E-016   4.3699209868731790E-016  -5.5657352212529802E-017  -1.7622284226072494E-016   1.2445280142877264E-016   3.6136694442011895E-017  -2.3520078326128195E-016   1.6807736099069658E-016   1.2164832394091649E-016   9.3257633769987154E-009  -1.9370915357332060E-016   6.1344823806955988E-017  -4.2465634176795215E-017   3.3094597285327466E-016   5.9681852313187201E-017  -7.1053377603303923E-017  -1.8256106137307446E-016  -1.6353872361109749E-016   1.8359813103297683E-016   1.5354567965029793E-016   4.0223873924592833E-015  -1.9523961916706108E-015  -8.9520036295692106E-015  -3.0915425781237500E-015   4.1430429194403803E-015  -9.3089594835114832E-016  -6.4722390610216689E-009   1.3559361456211247E-008  -2.1427590835844211E-009  -8.9268044090410096E-009   1.6551030214742079E-008  -3.3403606511726875E-008   5.5713834200104533E-009   1.0144423178211979E-015  -1.8801455906944162E-016  -2.1968650004931373E-015  -9.1122693829566796E-016   4.6866809091246755E-016  -1.0320851128677931E-016  -7.9160574783909120E-009   5.7526854650677282E-010  -1.2004997049064808E-009   1.9079266406574644E-010  -2.0182845059410494E-009   1.2857519952859893E-009   9.0636751526914538E-010   1.9541321771102759E-009
  -1.0443883825325116E-009   5.3738411501877202E-010  -1.8658164290234526E-009   1.0021315496222659E-010   8.9374377570644687E-015   1.4662568560957951E-014  -7.8732421256546975E-015  -3.6575948107770069E-015  -1.0339974934224116E-014  -5.2798382844659638E-015  -1.5466798348543411E-008   7.9575622372323145E-009  -2.7632443488842193E-008   6.9256632843373530E-009   1.1292931317592722E-014  -8.3578224667535600E-016  -5.7841330013501171E-015  -1.1138716621178113E-015  -8.5919475621816287E-015  -1.0179040776884247E-014  -2.9771666310215040E-008   1.5318188698778265E-008  -5.3188190157710309E-008   1.8530334136491665E-008  -1.7113817423942739E-016  -2.2473922972235613E-016  -1.8026628667856828E-016   1.4096507216560650E-016  -2.9446288806526709E-016   8.8649247751790727E-017  -2.4759246597576281E-016   1.3166366467682214E-016   5.5692338173954259E-016   3.6219692130573461E-017   6.4622848223378868E-015  -4.2160923634741446E-016  -1.7239975908360372E-015   2.8661823703831199E-016  -4.0437657430423579E-015  -6.7488246404734820E-015  -2.4414643589192435E-008   1.2561275314369534E-008  -4.3618248497149299E-008  -6.7770381256596806E-018   2.0794178537135357E-016  -1.5157516947728708E-016   1.1579490621272189E-016  -3.0179751987461943E-016  -1.0391697904652558E-016  -1.5686085664556673E-017   1.6922536381688913E-016  -2.5793787867728008E-016   2.5441964086374146E-017   5.1619088571366225E-017  -2.4805769231297227E-016  -2.0649386712594659E-016   4.7300431111616630E-016   1.7669644402543198E-016   8.9629608574968310E-009  -1.1977252228493419E-016  -1.5727342900710270E-016  -2.2534867352500331E-016   2.2277779137103285E-016  -6.8229726325759035E-017  -6.2081726306267427E-017  -1.4578978891040793E-016   1.0443902686418459E-016   3.5287361555230390E-016   9.0115336512910884E-017   4.7725834980876679E-015  -3.1933537384613298E-016  -2.6535701321370990E-015   1.2588400017700555E-016  -3.2320257158113251E-015  -4.8985145953227798E-015  -6.5173057645118859E-009   3.3763025822655252E-009  -1.1621361789726140E-008  -8.5896374901787073E-009   1.6010311639245474E-008  -7.9461700804239752E-009   2.8882408318815907E-008   8.5259457892389017E-016   2.7405049024698096E-017  -6.9086730527892062E-016  -2.3111944166250843E-016  -9.4836676392032755E-016  -6.2146887115853752E-016  -7.6230896882768228E-009   5.7685366882013360E-010  -2.9755596523142117E-010   1.0298497702375614E-009  -1.9449499585703211E-009   1.2391751731788824E-009   8.7354686146097717E-010   1.8835430222857388E-009
  -2.2807777007350285E-010  -3.1827626424639895E-009   6.5869625689954157E-010   1.4363163781421856E-011  -2.0225122635149938E-014  -7.8732421256546975E-015   3.1174437832572272E-014   3.4560761266805718E-015   9.8906220996711990E-015   1.6769046912913150E-014  -3.3770914961414022E-009  -4.7136400898965101E-008   9.7539220858594310E-009   9.9196261077912824E-010  -8.1535703806675637E-015   1.0304752718047038E-014   2.7444961563768313E-014   4.0394113079831292E-015  -6.9093889814239462E-015   4.1141599505936728E-015  -6.5009835966298018E-009  -9.0730350211707909E-008   1.8776015853843205E-008   2.6540376291700447E-009  -6.5707474671668674E-016  -2.3010596735822507E-016   1.2564124767853109E-015  -3.7362292585954601E-016   5.5211516724223770E-016   1.2551839262766739E-015   9.2550271231500389E-016   9.6884350397615276E-016  -1.0116123452097998E-015  -1.6586056507040246E-015  -3.5817514239878221E-015   6.0076931249695877E-015   1.1275464826013298E-014  -3.2303300623509669E-016  -4.1445722394068805E-015   3.9047848347643588E-015  -5.3308420477043000E-009  -7.4405599777685049E-008   1.5396850262382918E-008  -2.6485958985602758E-017  -3.2909705447806359E-016   1.6786658729705503E-016   4.9699271388090343E-017  -2.5681631468700655E-017  -3.1742405106750544E-018   1.1427576008355482E-016  -6.6428576468961081E-016   2.8821282235546322E-016   3.2726283659861011E-016  -2.5252779196967010E-016   1.0637791699658480E-016   3.9389715130914275E-016  -8.7236213547210059E-017  -2.2242856951560485E-016   1.2838820675465981E-009   1.0630532059247000E-016  -3.4180914967184218E-016  -3.4250222784860279E-017  -2.9114573938049139E-016   8.4661651584372428E-017   1.4852316185768565E-016   4.0101250845960903E-016   2.7112434473073210E-016  -1.9622255714034366E-016  -1.7655378648673579E-016  -3.8098217544785343E-015   3.9091254374235066E-015   1.0493717685338122E-014   1.2580292800507701E-015  -3.7428074187787489E-015   2.5517952068118603E-015  -1.4373207987641113E-009  -1.9824196075884830E-008   4.1354891018895211E-009  -1.2286947092037645E-009   3.3161696413335750E-009   4.9268017743226059E-008  -9.7773509183035166E-009  -1.1625942782840382E-015   6.6593713074200371E-016   3.0287797546092791E-015   5.9222839011591814E-016  -1.1164947435563521E-016   5.7036588834869826E-016  -1.0894166672032827E-009   1.2642651853447695E-010   1.7567570613374948E-009  -3.6462763746686597E-010  -2.7774135357285997E-010   1.7679244010420168E-010   1.2471577930708621E-010   2.6839836569478785E-010
   9.9663293659015696E-010  -4.6090969708763078E-010  -7.4050794810369432E-011  -7.1649227346668673E-011  -6.2128558100389679E-015  -3.6575948107770069E-015   3.4560761266805718E-015   3.7565383961437556E-015  -1.4598198433132167E-015   2.4563140277625861E-015   1.4760660869002565E-008  -6.8257359256640093E-009  -1.0971527931675816E-009  -4.9500381896943274E-009  -4.4642695854916926E-015  -2.7316992954585270E-016   6.9254330379755751E-015   6.1137178597583970E-015  -5.1709714505392292E-015  -1.6494614221865060E-015   2.8411253926385684E-008  -1.3138883294421969E-008  -2.1113778348582764E-009  -1.3244586545797936E-008   4.0100143043311351E-017   1.9524034545762066E-016   2.9954086594457946E-016  -1.4361538502617588E-016   2.2614411490018445E-016   8.9807147970992800E-017   1.0962999086049772E-016   4.2632449738181475E-016  -3.4232819858324704E-016  -5.4102838324492740E-016  -2.7681903314439524E-015   7.2881516804644874E-016   3.7070390538600816E-015   2.6023203979458689E-015  -2.5891811378278109E-015   1.6581190418621787E-016   2.3299846924754759E-008  -1.0774596264100371E-008  -1.7318221342855887E-009   3.1847439307576848E-017  -3.2906372798487927E-017   5.1920664217548015E-017  -3.2153664578626067E-017   2.4409295001843593E-016  -2.3770926861359937E-017   1.0574185529314093E-016  -8.0351707804181834E-017  -9.7719061059558683E-017   7.9698912156669964E-018   7.1594079364399559E-018  -9.1764597699541549E-017   1.9594803563390086E-017  -9.0171630673940840E-017   2.3867510033012892E-018  -6.4056489580994318E-009   1.2223443840220040E-016   9.3702261364351180E-017   4.1806840362104588E-017  -1.5392448288402203E-016  -9.4520211748548929E-017  -1.0074482119425539E-017  -3.0545450847831282E-017   2.6376031258312233E-017  -5.2723703931486137E-017  -5.0820745884611357E-017  -1.6646412098122016E-015  -8.6326951512252576E-017   3.0858639720136539E-015   2.2196864925778123E-015  -2.1136182710214890E-015  -5.5501328641546774E-016   6.1880635069431317E-009  -2.8807126880825137E-009  -4.4859546412014064E-010   6.1466366132551974E-009  -1.5677069003139532E-008   7.0088899223819222E-009   1.3078558404670234E-009  -3.4543827625226715E-016  -1.4363769317071994E-016   5.4491116492325882E-016   5.3664153575140441E-016  -4.0463357615723314E-016  -1.9120769250320386E-016   5.4596166808870829E-009  -5.4946696327475114E-010   2.5472458830486311E-010   4.0465253960592686E-011   1.3940433354668735E-009  -8.8802192334944659E-010  -6.2618424661566105E-010  -1.3493890608198911E-009
  -7.3249145469104627E-010  -5.9025165688379076E-010   2.0435271103827208E-009  -1.1767659285643029E-010  -4.0804077814384224E-015  -1.0339974934224116E-014   9.8906220996711990E-015  -1.4598198433132167E-015   1.5399327560650464E-014   5.5402222334211780E-015  -1.0848079026690719E-008  -8.7404523862837799E-009   3.0264968566509938E-008  -8.1325501299483533E-009  -5.3395290182458940E-015   3.9319652199464678E-015   1.2691414474420853E-015  -7.9508503642320653E-015   1.4795732135381480E-014   1.3290355927480121E-014  -2.0880844675781540E-008  -1.6825096600291371E-008   5.8254699894777668E-008  -2.1759326797078264E-008   8.2049571618725815E-017  -3.2864476815097165E-016  -1.0061199912416399E-016  -2.2656472868614719E-017   4.1724887596520739E-016  -8.7418629752324175E-017   3.8061856756340684E-016  -3.9464489737735993E-016  -1.8201301776437571E-016   3.6914989485813713E-016  -2.2103820693083976E-015   1.0885493683323836E-015  -1.5274839711829452E-015  -4.9119137516320695E-015   6.6591557903724377E-015   7.1222007818678210E-015  -1.7123857023270280E-008  -1.3797060674684186E-008   4.7773647314962635E-008  -5.6357825282906724E-017  -2.5410867643077210E-016   9.0238692430852781E-017  -4.5159672633287326E-017  -1.2527289322804376E-016   1.4419100838390341E-016  -1.1960750920705030E-016  -1.9278315430232523E-016   5.0139264918404425E-016   5.3453581285039279E-017  -1.2888980801709982E-016   4.0890295809413301E-016   2.7159844576268068E-016  -3.1553000132261452E-016  -2.3668333714891679E-016  -1.0525260175309362E-008  -7.7754641264194673E-017  -8.7372212000003490E-017   1.4712689556047342E-016  -2.6565665824802632E-017   2.3754074012423088E-016   1.3088746129451829E-016   3.1432359860560867E-016  -6.9660187850555239E-017  -3.3434008566578732E-016  -5.7734362512244804E-017  -2.6174106890226707E-015   1.6226274185091517E-015   1.4976233027565969E-016  -3.5706078105948952E-015   5.3901502773605544E-015   6.1880736443358909E-015  -4.5616085126983431E-009  -3.7051621284964402E-009   1.2709902016371490E-008   1.0081292405110036E-008   1.1348349488053254E-008   8.7694189416787692E-009  -3.1867663819681016E-008  -5.0104446758055999E-016   4.2842193694931500E-016   5.3683683844029433E-016  -5.3945181663863468E-016   1.4967072029202474E-015   1.0404889820483202E-015   8.9435810527442827E-009   4.0427809687123389E-010   3.2672048759236571E-010  -1.1273458217769244E-009   2.2811316667251797E-009  -1.4531283883885926E-009  -1.0244663383852768E-009  -2.2083092020216484E-009
   4.7384801784573994E-011  -1.7129308039926274E-009   4.2066875242491509E-010  -3.2611085145640641E-011  -1.1638248671676137E-014  -5.2798382844659638E-015   1.6769046912913150E-014   2.4563140277625861E-015   5.5402222334211780E-015   9.1819329968432713E-015   7.0220650638233527E-010  -2.5368010356690669E-008   6.2309796170922106E-009  -2.2553173798000733E-009  -5.2427620183411648E-015   5.2909131958880515E-015   1.5160496000733408E-014   2.8325339561832381E-015  -3.7083809330197402E-015   2.4102209803234071E-015   1.3512389621650533E-009  -4.8829894181907678E-008   1.1992564602379826E-008  -6.0338068468425400E-009  -2.9430679465675496E-016  -1.1338930526169209E-016   6.6796819307818861E-016  -2.2031792642832097E-016   3.9165553511251001E-016   6.1517186518260617E-016   5.1518536372142740E-016   5.7174590153251882E-016  -5.7781842301454870E-016  -9.2402690326728133E-016  -2.4306066925913868E-015   3.2429081251559022E-015   6.2911100456151101E-015   6.9699131802471167E-017  -2.2807423282524866E-015   2.3608756299925778E-015   1.1084076153029408E-009  -4.0043875517931876E-008   9.8355493673386079E-009  -1.0174198197380525E-017  -1.8768002838807887E-016   9.7571206110087993E-017   1.5596800191209172E-017   2.9888625012004908E-017   2.2857445136886067E-018   7.3360048013224328E-017  -3.5664046632605657E-016   1.5337624046759422E-016   1.6825292384174239E-016  -1.3161219754583406E-016   5.5627932891846298E-017   2.1560593239077992E-016  -7.7905738917613291E-017  -1.2403500970396128E-016  -2.9200072492969565E-009   7.1474845267122153E-017  -1.5504718827434718E-016   6.5867146381648934E-019  -1.7702152925358823E-016   3.4838409042391997E-017   8.1127724466587825E-017   2.1310635088657611E-016   1.3716270373769813E-016  -1.3087410754559559E-016  -1.0272485105666173E-016  -2.3577469467706696E-015   2.0387220781901962E-015   5.8661397775481386E-015   8.7185691058105719E-016  -2.0294235853923978E-015   1.4859091732574507E-015   2.8417530552588076E-010  -1.0678649220683558E-008   2.5913541471170190E-009   2.7800859301461388E-009  -8.7396299071948876E-010   2.6394708041493076E-008  -6.8792451375840681E-009  -6.6900417856264796E-016   3.3165203476055552E-016   1.6519539270221909E-015   3.7458552476386899E-016  -6.4034420665172675E-017   2.9441621863912580E-016   2.4563805175030689E-009  -2.5801570050188352E-011   9.4577512101251104E-010  -2.3125790788888934E-010   6.2422870406701983E-010  -3.9772151673727080E-010  -2.8017784261023336E-010  -6.0472863554335763E-010
   5.0443670855374479E-003   1.8363566026724481E-008   3.5310398225552327E-009   1.5055026297841527E-008  -1.5462867587285465E-008  -1.5466798348543411E-008  -3.3770914961414022E-009   1.4760660869002565E-008  -1.0848079026690719E-008   7.0220650638233527E-010   7.4709523620246562E-002   4.5233558395266996E-008   7.3223609615182098E-009  -1.4909656752967436E-008  -1.8903716708700963E-008  -8.1049503960002984E-009   1.3658411632192446E-008   2.4671084813003954E-008  -1.4488256651955968E-008  -5.7673646683503369E-009  0.14380067744253766        3.3108686692393862E-008   5.7408279832501159E-009  -2.5186728502571209E-008   3.0658858688929161E-010   1.5229275990785962E-009   7.8741467324976504E-010  -3.5927674225333747E-010  -2.0041618740676549E-010  -5.2095723508870643E-011  -2.8094940344565244E-010   7.0043988583114055E-010  -1.1459944253862731E-009  -1.1089813450350350E-009  -1.3062798704641442E-008  -1.6316223946437890E-009   9.1980330185473262E-009   1.2327630418657650E-008  -6.0479959740610033E-009   7.3517575670625745E-010  0.11792970584275611        2.4935334437465024E-008   2.7428417646304206E-009   1.7103637394313270E-010   6.6641579209833726E-011   2.0235888284017870E-010  -2.1992240258087857E-010   1.2258681266909696E-009  -8.0525204570540204E-011   3.6944938111601759E-010   2.0580696683807274E-011  -5.8507742352961327E-010  -2.1769915447305143E-010   1.9399938036067048E-010  -3.6942469318939716E-010  -1.2086177003213021E-010  -5.4428369281475863E-010   1.1464380518295158E-010  -3.9354169726745011E-009   5.5897606003540456E-010   6.9855323521548807E-010   2.6977817393273720E-010  -5.8355532281979019E-010  -4.3814670130930367E-010  -1.6641070395495166E-010  -4.1218516263465214E-010  -1.1978509133196976E-010  -1.4554876657992891E-010  -1.1179826014232831E-010  -6.9972160422976249E-009  -3.4008997651384111E-009   7.4218028811972635E-009   9.2135768930917000E-009  -5.0018184050636241E-009  -2.2163611045184620E-009   3.1324098823927490E-002   4.9324570174138154E-009   5.0955413120564982E-010   1.0236013330028363E-008  -7.9299182919222222E-002  -1.8856791688865229E-008  -2.6160603004253006E-009  -1.1470037060451962E-009  -1.2312951439242430E-009   5.8355821292862147E-010   2.1268162502960404E-009  -1.2370334808171670E-009  -9.7981264714224357E-010   7.6745239052647462E-009  -2.7811967433506229E-003  -6.4272123415181495E-010  -9.0523371784934976E-011   2.3921949683351102E-009  -1.5311179831990353E-009  -1.0303389609922585E-009  -2.3579651680618692E-009
   1.5369767535820955E-008   5.0443311560711308E-003  -1.7005584711665310E-008  -4.9951894959439524E-009   3.2193746736173350E-008   7.9575622372323145E-009  -4.7136400898965101E-008  -6.8257359256640093E-009  -8.7404523862837799E-009  -2.5368010356690669E-008   4.5233558395266996E-008   7.4709433089927821E-002  -4.4777050812011709E-008  -1.5398098401869304E-009   1.0783501059023878E-008  -1.5223638527308617E-008  -4.5529407204349681E-008  -1.1087707189689027E-008   1.9615057823273609E-008   3.0420865727794238E-010   3.2088720390506965E-008  0.14380061139620562       -3.6759473942908660E-008   2.5527468310605524E-008   1.0543330664043446E-009   3.0687635688286571E-010  -2.1046366039329328E-009   6.3389193892527910E-010  -9.2680752334605708E-010  -2.0484292900829551E-009  -1.4046583567741682E-009  -1.9512890920076803E-009   1.5777121992606052E-009   3.0231086830928418E-009   4.6724482694133758E-009  -9.7202290448039340E-009  -1.9797680540101453E-008  -1.9357867845521305E-009   1.0769219905239310E-008  -2.7366428299780282E-009   2.3704328189665841E-008  0.11792965864769250       -2.4523582439729529E-008   1.6267729409228108E-011   4.3261635134305984E-010  -2.2708641231628663E-010  -1.0692101971250234E-010  -2.3317244432666612E-011   7.8339890352429928E-011  -2.6270421070140844E-010   1.0090379654193754E-009  -2.2796086671607584E-010  -5.2500605992273198E-010   3.5695496084535440E-010   4.3877184318129306E-011  -5.2012050423048870E-010  -2.6497083021386133E-011   2.5149121843200649E-010   4.4238260337572122E-009  -2.1028472272741989E-010   5.2283657424039153E-010   1.2963834116981614E-010   4.7152631443018635E-010  -1.1290946673320321E-011  -1.8939969631404273E-010  -5.1777646662234894E-010  -4.9444306158566810E-010   1.7186045934548398E-010   2.7190962862223251E-010   4.9191227565920797E-009  -5.7971959356520702E-009  -1.7576267622057572E-008  -3.9696863609523687E-009   9.2999179073872250E-009  -9.4944927131556058E-010   4.6417540644612980E-009   3.1324089817490589E-002  -4.9106278940922940E-009  -7.7315086424796452E-009  -1.8128025395852083E-008  -7.9299146288303840E-002   1.9434981213007467E-008   1.6659249698798919E-009  -9.1140017579310866E-010  -4.8137157019091118E-009  -1.2793138100369330E-009   1.0071939295987854E-009  -3.8660983414869638E-010  -6.5567300401471593E-009  -6.1704501674111487E-010  -2.7811954964971335E-003   6.6895264782360216E-010  -1.7879036931474203E-009   1.1542850294435272E-009   7.9773352017983088E-010   1.7723012341167543E-009
   1.1004375387033518E-009  -1.7167130726580848E-008   5.0443539465668827E-003   4.8138545944074053E-008  -5.1338266894248102E-009  -2.7632443488842193E-008   9.7539220858594310E-009  -1.0971527931675816E-009   3.0264968566509938E-008   6.2309796170922106E-009   7.3223609615182098E-009  -4.4777050812011709E-008   7.4709488497565521E-002  -4.3771713093593363E-008  -1.6875172087000259E-008   2.5093464022133669E-009  -5.0892093856129682E-009  -1.4065747135004957E-008   3.6892029516170115E-008   3.0940918476938530E-008   6.9911255100169379E-009  -3.1093320282984492E-008  0.14380065234416275       -6.8719717152667486E-008   2.9186456816288366E-010   1.3010807675792890E-010  -3.5675544038568673E-010   5.4798371752030922E-011  -4.1329404906875987E-011  -4.4637481984914138E-010   2.6807043540260226E-010  -1.6339894515685490E-009  -4.8976126108285252E-010   1.4838314490539745E-009  -9.2113938091430096E-009  -1.2893806440025600E-009  -6.1536058003201736E-009  -7.7626147236521338E-009   1.7973802590073858E-008   1.6974016035345049E-008   3.2844374706239212E-009  -2.0140830430111711E-008  0.11792968662695212       -6.7253266703852157E-011  -4.2647874391818843E-010   2.5051251832524190E-010  -2.1460284831222548E-010   1.1741297537225873E-010   3.3274073140914072E-010  -2.5875841144808952E-010  -1.9688776117561142E-010   9.1934159187399619E-010  -1.0376067787081821E-010  -1.4287359227393541E-010   8.9614363108106603E-010   4.6557599814698166E-010  -9.8365792960752283E-010  -4.5446286386542294E-010  -3.0127738277124239E-008  -2.0910487998299138E-011   1.6230082449669811E-010   4.6806645631653937E-010  -1.4783858151994028E-010   4.3640456333439670E-010   1.7589329268637603E-010   4.3780552934055652E-010  -3.5632684016561571E-010  -7.4967802348756563E-010  -8.3271160674379607E-011  -7.7664713935950987E-009   8.3538231841312633E-010  -1.9819228965724851E-009  -6.4227566535315550E-009   1.4456394100289936E-008   1.4189234595030780E-008   6.5680803759610673E-010  -3.6424639204090792E-009   3.1324095277538398E-002   2.9479991602142415E-008  -3.0110920066455757E-009   1.6577340186764100E-008  -7.9299168594507544E-002  -1.2315399718013991E-009   2.6997439124810647E-010   1.7860589863600187E-010  -8.8221430260716909E-010   3.6064065356626669E-009   2.1137540229660982E-009   2.5440215247964892E-008  -1.0497982969427063E-010   5.6290788639134991E-010  -2.7811962586891171E-003   6.5371788905750611E-009  -4.0739212484427245E-009  -2.8981241727621762E-009  -6.1107333107600327E-009
  -3.2056632184535449E-010  -4.2566425849986444E-010  -4.4235304033572197E-009   1.7662370849674369E-003   7.2054372824500847E-009   6.9256632843373530E-009   9.9196261077912824E-010  -4.9500381896943274E-009  -8.1325501299483533E-009  -2.2553173798000733E-009  -1.4909656752967436E-008  -1.5398098401869304E-009  -4.3771713093593363E-008  0.12227221300956988       -1.9546363455375568E-010   6.4558550378349233E-010   1.8503112958466408E-010  -4.9316066550211832E-010  -6.3054168206605606E-010   6.8896112657927226E-010  -2.0215112805506438E-008  -1.0795209472808956E-008  -2.5568579345526838E-008  0.32707613936776975       -1.9805942234738152E-009   1.8707322905404176E-009   1.3223108249076300E-009   3.4541250287060264E-010  -4.4596094638656765E-009   2.3118406730754873E-009  -1.0089166742899162E-009  -2.1170353620875437E-009  -5.1712932574252565E-010   5.9235276028536327E-010  -2.5826901273783924E-009  -3.5780071863736288E-009   2.4199509548171371E-010   3.0797851471675225E-009   3.6251333991872617E-009  -4.9566567092489013E-010  -2.3908656360109032E-008  -5.7115528309401100E-009  -8.5807000327841186E-009   3.5710635857639804E-011   3.1637981305678550E-010   1.2678318878066114E-010   4.0004691600634058E-011  -3.6751658594214114E-011  -1.0321009532293641E-010  -1.2214650898418069E-010  -1.2087011444039317E-010  -2.6059140118076068E-010  -3.6691937574349936E-011   1.6031195912829659E-011   3.9945599043229539E-011  -6.8588063355556160E-011  -1.2552634579689798E-011   9.7571438638289327E-011  0.15841539306378055        1.9245802582882967E-010  -1.4652920064519345E-010  -1.7822279657831373E-010  -5.9108240768843682E-011   6.5343755162611889E-011  -1.9909865132135953E-010  -2.4395438716278449E-010   1.0937118733069930E-011   4.7382831060876773E-010   1.2468724054540673E-010  -1.3004426802036203E-009  -1.6583874060095973E-009   3.5673685340532384E-010   1.4017734254486436E-009   1.5493967375011631E-009  -1.0210702455461917E-010  -6.2793044065323003E-010  -4.5202671597480192E-009   2.0453208142383649E-009 -0.14926078119771707        1.0456180713852010E-008   5.3258564343569051E-009   8.4270843481019244E-009  -3.7503166890659652E-010  -4.6096854333778898E-010   1.5818237207489895E-010   2.8767969138370064E-010   3.2434359879092307E-010   8.7458619629394321E-011 -0.13094256893939152        1.0712919635331653E-009  -8.3451002918758660E-011  -1.0688558041554620E-009  -3.3078689731427934E-002   2.0935737071446740E-002   1.4821881702350735E-002   3.1554458714156207E-002
  -1.2767310046281317E-009   7.2800817213916234E-010  -1.1394857791106350E-009  -3.0835512627074002E-012   9.7070315784458541E-015   1.1292931317592722E-014  -8.1535703806675637E-015  -4.4642695854916926E-015  -5.3395290182458940E-015  -5.2427620183411648E-015  -1.8903716708700963E-008   1.0783501059023878E-008  -1.6875172087000259E-008  -1.9546363455375568E-010   1.0154061633217206E-014  -7.1463668107470862E-016  -8.8787313745998199E-015  -4.6661813083150951E-015  -1.8351634602061994E-015  -5.4878811303053974E-015  -3.6391602637296166E-008   2.0754684754985524E-008  -3.2482544438494015E-008  -5.2835290805594449E-010   1.2163166160029375E-017  -3.7291827712970255E-016  -4.2444132480653513E-016   1.6919644757261498E-016  -6.6965795398418588E-017  -1.8550513811013214E-016  -1.9094299529356584E-016  -8.6609617960375057E-017   6.2910095759353931E-016   3.8091088630996526E-016   6.0602603458997751E-015  -6.9264250864730874E-016  -3.7944133690606483E-015  -1.6477017586867401E-015  -9.7902468109363360E-016  -4.4125614093684370E-015  -2.9840421652778189E-008   1.7021703130281522E-008  -2.6637778300671340E-008  -2.5788456377787609E-017   1.4136898430392127E-016  -1.4081219643083903E-016   8.8646034983809019E-017  -3.4010607875347723E-016  -4.3345103279019932E-017  -7.2764621171662209E-017   1.8511129201882392E-016  -9.2042265272980767E-017   2.8383891784894416E-018   3.4651561454856597E-017  -1.0265752514735510E-016  -1.4951564785958854E-016   3.5615771645270168E-016   1.0979101083773951E-016  -2.4064876059784970E-010  -1.6795035040219145E-016  -1.3882924657908330E-016  -1.5529554791963036E-016   2.4978462578217205E-016   1.1083987014114335E-017  -2.4450367725116439E-017  -6.8402724005441631E-017   3.9791802376323932E-017   2.3060489281823290E-016   8.6088140431279870E-017   4.2475916025273082E-015  -1.6430740292930018E-016  -3.9709328515427432E-015  -1.4602234846522926E-015  -6.6207166530203978E-016  -2.7873708854593723E-015  -8.0800902342599971E-009   4.4843549401351487E-009  -7.1090521650166950E-009   4.1130202356455506E-010   1.8130576823371458E-008  -1.1909493814103249E-008   1.7489571372540428E-008   8.2540288521305431E-016   1.1763287201548417E-016  -8.9718743722506083E-016  -5.2987618681600942E-016  -3.6282757491964156E-016  -2.9552656005881409E-016   4.7247823219574812E-010   7.0883455353986952E-010  -4.0021130645427748E-010   6.2932413497787526E-010   1.4479437457648389E-010  -9.4850421438552463E-011  -6.7038274514122433E-011  -1.4791144979578212E-010
  -5.4711094590181046E-010  -1.0281855286650743E-009   1.6940491619140727E-010   9.0724224091540007E-012  -5.0177428817648195E-015  -8.3578224667535600E-016   1.0304752718047038E-014  -2.7316992954585270E-016   3.9319652199464678E-015   5.2909131958880515E-015  -8.1049503960002984E-009  -1.5223638527308617E-008   2.5093464022133669E-009   6.4558550378349233E-010  -7.1463668107470862E-016   4.0708831325176707E-015   7.6263815100480176E-015  -8.9246911800954483E-016  -1.1902685683776085E-015   1.6071067322858389E-015  -1.5598190481809754E-008  -2.9307155573928444E-008   4.8295303963609811E-009   1.7212262042608213E-009  -2.4916714746381272E-016  -2.1333337067183028E-016   3.3850390842879454E-016  -8.5969219312582108E-017   1.8576676089763519E-016   4.2026673384955732E-016   3.2010865464183978E-016   2.5513213973971098E-016  -2.1614591170009600E-016  -4.4246962211790624E-016   1.4214939337664166E-016   2.0918388347073929E-015   2.8309909050561059E-015  -1.1858069953128068E-015  -9.1410016670793176E-016   1.0436611249798248E-015  -1.2793462127075948E-008  -2.4031259958600744E-008   3.9609654303602917E-009  -2.3920389180386314E-017  -1.0803254684269353E-016   3.3451640148272731E-017   3.8615878368673453E-017  -1.2449106376225915E-016   3.4016197139022331E-018   4.1556126530832617E-018  -2.1517433906740702E-016   1.3936547492734969E-016   1.2692988730687901E-016  -9.8539416393467238E-017   6.1447251840634773E-017   1.3447955754033091E-016   3.1342846302687355E-017  -7.8492875012127917E-017   8.4952418462181748E-010  -1.6734906474116912E-017  -1.7803157358315902E-016  -4.1182076400168296E-017  -3.9085515789806858E-017   6.4504828000141025E-017   6.1540034329323096E-017   1.6401543334627660E-016   1.0259593203887216E-016  -4.2023712291874211E-017  -4.5774746548059234E-017  -5.1050814272972904E-016   1.5778778227651844E-015   2.7117679381541841E-015  -4.0130943079916876E-016  -8.6318134701714693E-016   9.1181557780072630E-016  -3.3399439661979727E-009  -6.5090612329095571E-009   1.0402375256628500E-009  -6.0842962945421573E-010   9.3342110546626315E-009   1.4576437160414982E-008  -2.8125121651942843E-009  -2.5875976854763946E-016   3.3749601314799913E-016   9.2984672685041161E-016  -7.8970212136303629E-019   3.7597531924062937E-017   2.5954980205120326E-016  -4.1762354169325593E-010   2.9978946230420732E-010   5.7090740704555506E-010  -9.3021212934205564E-011  -7.8936217945766668E-011   4.7412986021076219E-011   3.3174350707999620E-011   6.7976080949606981E-011
