   2.5615689252458112E-005  -7.8319652512749494E-012  -2.6840888173918162E-011   3.3707870528088819E-012   2.0194587250189615E-011  -5.7476024462786340E-013  -1.2358246988910819E-011   7.9306482736979687E-008  -1.3030490636441346E-007  -3.6212745130660569E-009   1.0143632811583966E-003  -1.3825943982916868E-011  -2.2562369298518225E-010   3.1358385430684194E-011   1.5740775384423453E-010  -4.0374374291624254E-011  -1.4356478942887263E-010   1.0899831055745014E-007  -1.7992563245977182E-007  -5.1085166156662311E-009   4.1280944502019258E-003  -3.4623926464960100E-011  -2.1332474808278119E-011   7.7324399503212192E-012   8.3440462487105951E-011  -1.4195871191306427E-011  -3.6987330872385092E-011  -1.6420724152666791E-011   1.7909340466133940E-011   4.3362759484479267E-011  -1.9112267358573854E-011   9.6034284189484730E-012  -7.3157335280726284E-011   1.1170543356793459E-011   4.1362953360760987E-011  -2.2157812589568152E-011  -5.0930434701623362E-011   1.0240899003819542E-007  -1.7036618027331617E-007  -5.0958772318848649E-009   4.0649923030427991E-003  -8.4193768079705664E-013  -7.4857486328166345E-013  -1.2371975626393527E-012   1.0880196873943000E-013  -9.6287434428982804E-013   1.3770518328773421E-012   9.5064735279173869E-013   7.5104966038958793E-013  -2.7110635345877556E-013   6.7739711290317125E-013   1.9725926336938626E-012   1.9192248745072309E-012  -3.5677154619377756E-012  -1.2015409385370764E-012   1.2508367235398948E-012   1.0031424059892093E-011   4.8492407514162536E-012  -5.4821163497746930E-012  -3.1612670709201552E-011   4.7578898853318358E-013   1.8154319371440108E-011   2.1684008123829951E-012  -1.0016450787496651E-011  -7.7589489755843005E-012   1.1551940478383774E-011   1.5106246811874464E-011   1.9182452050901036E-011  -7.2912184671683622E-013  -2.2160231593271424E-011  -3.8369746974079712E-012   7.1137868895084817E-012   1.6541997639473379E-008  -2.8235191849752769E-008  -9.3645834399401485E-010  -5.9777703821035325E-004   1.0412923957308200E-010   4.9245214735726874E-010  -5.9940642624006750E-011  -3.8532343832295137E-010   4.4720142026965945E-011   2.8119456646063817E-010  -6.6501866715753308E-008   1.0857220599542329E-007   2.9786530033157750E-009  -2.2193401533138023E-008   3.6978551765082823E-008   1.1089049879158066E-009  -3.4980248565569675E-003   3.2545323147406150E-012   1.6056270239711323E-012  -2.8780714533037227E-012  -1.2509513399642147E-011  -6.7357906031819452E-013   8.1431664003308927E-012  -2.6925532606070947E-013  -4.6200776917794190E-012  -1.2445220600658791E-012   5.5887894983075983E-012  -9.7884785858838282E-004  -3.2509516187706591E-004   1.7999923574151116E-012   9.6747831824779946E-013  -1.1773166944728593E-012  -6.0404510464092780E-012  -1.0338324246633385E-014   3.6255392204947784E-012   1.7498438049796959E-013  -2.0071615407224269E-012  -1.2023083578109759E-012   2.3735705173177384E-012
  -7.8319652512749494E-012   1.3150256058684852E-009  -1.9466154071541935E-015   9.1142914675795252E-016  -6.5751937434242236E-010   2.0492442558876485E-015  -6.5750623478164822E-010  -1.5627383936742013E-008  -4.0872743283734636E-010   2.8271318020028351E-009  -3.1015679418253414E-010   9.9084072085459495E-008  -1.8825350452725404E-013   4.4992076935821474E-014  -4.9542190736856859E-008   5.3230302078370333E-014  -4.9541881362544051E-008  -2.1642415076942259E-008  -5.6595016748396321E-010   3.9152953158744286E-009  -1.2619182799037951E-009   1.5927616131024635E-013   1.9651675850302557E-013   7.1661686432147287E-014  -1.0685522617804904E-013   6.6295025248103234E-017  -1.0683632659965126E-013  -9.7766957551941181E-014  -2.5652786324508488E-014  -6.5348383763160512E-014  -3.4293026870496816E-014   1.3881171309843395E-006  -2.7868893250857708E-012   6.5914134770282455E-013  -6.9406086933614215E-007   8.0996753865033078E-013  -6.9405626169087999E-007  -2.0553821932339884E-008  -5.3882889228762424E-010   3.7176736420979911E-009  -1.2428452645312825E-009  -4.2652593195385680E-015   6.6193124921213109E-014  -1.1472542766513926E-014  -2.8924398763471658E-014   7.2246502058908933E-015   3.6409717741217209E-014  -5.2086868336570703E-014   7.0483958666352001E-016  -1.8925461193332135E-014   1.0947205009792758E-014   1.6264374801653465E-014  -4.3608329199126003E-015   3.4770117362676252E-016  -1.0240793229003013E-015  -2.0929146018395433E-014  -1.0654595225732806E-012  -8.6471610242299280E-013  -3.9396565990840291E-013   7.1462474797323438E-013  -3.9934430187280848E-017   7.1483895080648465E-013   4.5452248852339088E-013   1.1177164509812460E-013   2.5491033684067623E-013   2.1033489431903175E-013   6.3314955822959691E-006  -1.2486755174548998E-011   2.9980840067295949E-012  -3.1657579900293600E-006   3.5981755140192894E-012  -3.1657375923441919E-006  -3.5820435333004237E-009  -1.1521125200362527E-010   6.3640088084619004E-010   1.9179754353345321E-010   4.6899143083539536E-005  -9.3114585226203724E-011   2.2307599396720250E-011  -2.3449647926715334E-005   2.6842810205232180E-011  -2.3449495156835647E-005   1.1159846695001373E-008   6.0939328143809561E-011  -2.1393389409619759E-009   4.4535968582364593E-009   1.1623473354699203E-010  -8.0569553909915296E-010   1.1222976577578722E-009  -1.8429866851879087E-012  -1.1530196836766328E-012  -6.0224823613587666E-013   1.2365196825024559E-012   8.0465916818827150E-018   1.2361063359154424E-012   6.2964095734306907E-013   1.5310299494352159E-013   3.0826757970527239E-013   3.3477308029123618E-013   3.2901681292620759E-010   9.9384287781578103E-011  -7.5866276156812106E-013  -4.0045708221397735E-013  -2.3923124415962883E-013   5.0897085873557363E-013   5.7468797909892012E-018   5.0888199544240213E-013   2.1883599409876060E-013   6.0074598302981110E-014   1.0685770137671567E-013   1.3353545528698565E-013
  -2.6840888173918162E-011  -1.9466154071541935E-015   1.3150287944800662E-009  -1.4031952857831753E-015  -7.4266013453865830E-015   8.3322943439953657E-016   9.3730736250931676E-015  -1.3142819119673792E-008   1.8517552058613741E-008  -2.9305152310265030E-009  -1.0618727485010607E-009  -9.5921351897021863E-014   9.9084068208810057E-008  -3.2424139602784068E-014  -9.6264078927570454E-014  -5.1360976909914250E-015   1.9218479655691582E-013  -1.8201479921626896E-008   2.5644475747489857E-008  -4.0584360846497404E-009  -4.3217079905091440E-009  -1.3472930387882778E-013   1.8877272630683634E-013  -4.4921889716779437E-015   2.2298488749637861E-013   6.4319220922827005E-014  -4.2226636873398610E-014  -8.9647835769846385E-014  -4.0587753659530703E-015  -6.8497386014963823E-014   6.3735825747834554E-015  -1.5166580490805869E-012   1.3881172634643347E-006  -5.3278018841043089E-013  -1.3581684129408729E-012  -5.5985576752482961E-014   2.8748251601744647E-012  -1.7274393531891996E-008   2.4332936819554033E-008  -3.8523296874010777E-009  -4.2540353154771052E-009  -4.0968481331894928E-014   1.2863456182887325E-014  -4.1447214149032925E-015   8.2784720650473559E-014  -8.4333598069764061E-015  -1.0818814804835118E-014  -3.6728152532067682E-014   1.1250481166432807E-014   3.2017665636457007E-014  -4.2409191126612259E-015  -4.2484989424542791E-014  -5.6539056274812338E-017  -8.1548877042952647E-015   6.3424183595397428E-015   1.0801171289327538E-014   5.7347169351769134E-013  -1.1516391783178306E-012   9.9883736546150236E-015  -9.8619402060372504E-013  -3.3756739714083427E-013   2.1680093243815375E-013   6.1138722592194530E-013   1.0075471241866741E-014   3.3137726517253895E-013  -1.4954651151514505E-014  -6.7150525544976088E-012   6.3314959847487019E-006  -2.3347398229657118E-012  -6.0101857617289035E-012  -3.1461053974029274E-013   1.2725237027153048E-011  -2.8095810029710649E-009   3.8576603816574509E-009  -6.3621578567254989E-010   6.2399483739229542E-010  -5.0376337707255124E-011   4.6899146704579921E-005  -1.7505170063155805E-011  -4.4929988542980521E-011  -2.2180938011198491E-012   9.5306326581194589E-011   1.1485821652294779E-008  -1.7193748985469975E-008   2.4572329400327821E-009   3.7455240775358927E-009  -5.2762336817935393E-009   8.3507058441961246E-010   3.6441086733399314E-009   7.5234693072474038E-013  -1.9231354478592958E-012   6.1209102314935948E-015  -1.3246874056354311E-012  -5.0335090735381123E-013   3.1530812861866539E-013   1.0634215764151813E-012   6.0830621354363098E-015   4.9640572443979482E-013  -9.0962850546879655E-015   1.0152139864234921E-009   3.4018681030994225E-010   2.6095555228652385E-013  -7.8932272385730539E-013   2.0508490586724295E-015  -4.5988648574543417E-013  -1.9942743241473795E-013   1.0977791843174815E-013   4.3790418498209198E-013   2.0542311718115181E-015   2.0181261542023405E-013  -3.0597349131375018E-015
   3.3707870528088819E-012   9.1142914675795252E-016  -1.4031952857831753E-015   1.3150190389759284E-009  -2.3124362683484937E-015  -7.8573129580978056E-015   1.4010164579484969E-015   1.4409132767899797E-010  -2.8563177686590779E-009  -1.4220840649548007E-008   1.3331259541995157E-010   5.0815655343420988E-014  -5.4037861220471839E-014   9.9083853082825606E-008  -6.7526589415330993E-014  -2.8814359352408238E-013   1.6710899986675402E-014   1.9948067491509151E-010  -3.9556766502054166E-009  -1.9694471099357390E-008   5.4260727591512543E-010  -4.4016009306096911E-014  -4.4754626569861820E-015   1.5459252751241858E-013  -1.7716623887850417E-014   1.7516555443909887E-013   7.6770465778818475E-014   6.4923414787133172E-015  -1.7282355550033356E-014  -4.2352078366975372E-015  -1.0234508000947042E-013   7.7598099060545166E-013  -8.2566054954860996E-013   1.3881138704007531E-006  -9.8878228675307798E-013  -4.2450295673228728E-012   2.1280070517850883E-013   1.8729582218195403E-010  -3.7547963573746824E-009  -1.8703448295013836E-008   5.3404329688361831E-010   7.0634311510176198E-015  -5.2775583211377828E-015  -2.0149027972986297E-014   7.0258819517972872E-016   5.2104669194430792E-014  -1.3110529288739094E-014  -4.7277137496476251E-015  -3.0895096714494356E-014   1.3423470728096606E-014   4.3176568378999732E-014  -2.0089341162063546E-015  -2.1125112373708607E-014   2.8260622554701094E-015  -1.7711417851979918E-014   5.8545530881457271E-015   2.5217783005468186E-013   1.0102635987014866E-014  -1.0828538867041472E-012   1.0736033075378738E-013  -7.4619802235159503E-013  -4.4569213967266886E-013  -1.5009854131293161E-014   2.2764692723055430E-013   1.0034812301256145E-014   6.3743341945449686E-013   3.5347068262727230E-012  -3.6615327020099176E-012   6.3314809856456816E-006  -4.4435545855939483E-012  -1.8977652469920689E-011   9.0884617649715533E-013  -5.7944949731395168E-012  -6.2023728171940761E-010  -3.2529449951115058E-009  -7.7510885798043033E-011   2.6301425333673949E-011  -2.7339713284324858E-011   4.6899034128776783E-005  -3.3136869505011519E-011  -1.4164495730222887E-010   6.8354441560608066E-012  -4.9875802157990351E-010   2.3936619932577025E-009   1.0223659565154832E-008  -4.0885730467142500E-011   8.1392650964743160E-010   4.0527139524701224E-009  -4.5248781672058871E-010   3.8881313959741285E-013   6.1182237405785194E-015  -1.8982648365677848E-012   1.7227791599191880E-013  -9.7439495829651076E-013  -6.9392541660353238E-013  -9.0014247001851648E-015   4.5928696810750687E-013   5.9583486200786271E-015   1.0725507350592200E-012  -1.2464234538875749E-010  -4.2706858817235733E-011   1.5465809288904582E-013   2.0819792988647551E-015  -7.8240136690886878E-013   6.8705616765244163E-014  -3.3832167605326181E-013  -2.7620118652854201E-013  -3.0304174787976420E-015   1.9130935006593087E-013   1.9837099518254830E-015   4.4057395967163263E-013
   2.0194587250189615E-011  -6.5751937434242236E-010  -7.4266013453865830E-015  -2.3124362683484937E-015   1.3150323785757631E-009  -1.4521271638937603E-015  -6.5751300312497117E-010   2.2629579646420347E-008  -1.3301628650965532E-008   5.8241651705662613E-009   7.9868504621694947E-010  -4.9542200061556596E-008   4.8160787124694291E-016  -7.1917852289969422E-014   9.9084135033282097E-008   1.3728259574289323E-016  -4.9541934967350179E-008   3.1339535180145017E-008  -1.8421433806516740E-008   8.0658477519195085E-009   3.2504555709382754E-009  -1.0157706292969374E-013  -1.4990370477866343E-013  -2.3377207703867140E-014   1.7273347555474259E-013  -3.0934530429371074E-016  -3.6453738817080991E-014   2.2395548757787078E-013   7.3915972576857978E-014  -1.5056434040712510E-013  -3.7669310408292231E-014  -6.9406092054428946E-007  -5.5797400027354131E-014  -9.9512698776874858E-013   1.3881180299170133E-006  -4.4040967945367385E-014  -6.9405710935984819E-007   2.9753163144561863E-008  -1.7482682685467236E-008   7.6573981038500558E-009   3.1997520150735970E-009  -5.1990075069384013E-015  -5.0597482565384360E-014   1.9407297654963867E-015   1.9096087600098459E-014  -4.2691370980794356E-015  -9.9630388920327302E-015   6.9870409565733711E-014  -6.2202584806391179E-015  -2.5857431878045021E-014   2.6955746289744714E-015  -4.1522126463962810E-014   1.3902978588100849E-014   5.3841285978606013E-014  -1.0720987998970421E-014  -2.4978456673603769E-014   5.7725691575196530E-013   6.5130643913873349E-013   1.0651154048284994E-013  -1.0191040654985930E-012   5.5703104403690902E-017   2.4463260804232492E-013  -9.7038365228535588E-013  -3.9917310200887963E-013   6.5059967476884410E-013   2.1813718917693601E-013  -3.1657582125141095E-006  -1.0142174889055837E-013  -4.4687749098951599E-012   6.3314994060072803E-006  -1.9285472338541009E-013  -3.1657411934778306E-006   5.0081069510509738E-009  -2.8358271204840166E-009   1.2864971235559229E-009  -4.7212965090708077E-010  -2.3449649516611209E-005  -1.1785472189630330E-012  -3.3270457834869428E-011   4.6899172212239999E-005  -1.4805797941914039E-012  -2.3449522695623782E-005  -1.7996608156457547E-008   1.1706337049001947E-008  -4.6580731868202712E-009  -6.4486542808068995E-009   3.7908435819743063E-009  -1.6597170144001573E-009  -2.7579065255931168E-009   9.3766060269977414E-013   8.6668894074082822E-013   1.5127693066560052E-013  -1.6756026957521107E-012   1.6448268232603332E-016   4.1759900155191118E-013  -1.2918697343327861E-012  -6.0430571482057314E-013   8.6653629058082060E-013   3.3766776818367243E-013  -7.7312586762377118E-010  -2.5587876066463534E-010   3.8388294122414615E-013   3.0079992146600195E-013   5.9535820264769222E-014  -6.8690380021938088E-013   6.9299491314405358E-017   1.7187081501879121E-013  -4.4836524344799776E-013  -2.3985059266487956E-013   3.0074525843567471E-013   1.3439873518122684E-013
  -5.7476024462786340E-013   2.0492442558876485E-015   8.3322943439953657E-016  -7.8573129580978056E-015  -1.4521271638937603E-015   1.3150218051880936E-009  -5.9713034316080545E-016  -2.7664520486504597E-009   3.0153994604920399E-009   3.6007215608471784E-009  -2.2269008608443418E-011   5.2113989044971445E-014  -5.6542903176199166E-017  -2.3455749240658924E-013  -3.6757828797097521E-014   9.9084015460512177E-008  -1.5356191644220508E-014  -3.8312240576463467E-009   4.1759116949664517E-009   4.9864338371519661E-009  -9.0872567926469810E-011   6.6718752636134649E-015  -2.2011203660689515E-014  -7.4426075532743061E-014  -4.3108328406465640E-015   1.4018493406941519E-013  -4.6404456999421141E-015  -4.2775465203356929E-014   2.4327725524492379E-013   7.9400646069955243E-014  -1.2585409406851558E-013   7.8541344203049856E-013   1.5528119946954019E-014  -3.4660860160547060E-012  -5.5050672069648903E-013   1.3881163721316821E-006  -2.3490654209759982E-013  -3.6366670771983321E-009   3.9617716698321550E-009   4.7359160548482229E-009  -8.9028009400397987E-011   4.7276622046804654E-016   1.0656309351744808E-015  -1.6938157931177893E-014  -2.5055701461994675E-015  -1.7298805584617275E-015   1.6751383710104586E-015   9.9035073437331024E-016   5.2151948203392601E-014  -2.7584055486157785E-015  -2.1933620856472993E-014  -1.2360143113105319E-014  -4.7761945476000279E-014   2.4217718764823380E-014   4.9052392501639119E-014  -1.4740138030770554E-014  -1.5026905810092950E-014   1.1662960854807405E-013   2.8845249525073896E-013   1.0105545058413540E-014  -8.4215511809088066E-013   1.0055170904846339E-014   2.4970605349311324E-013  -1.0345996889636935E-012  -4.5164522414711799E-013   5.5614547572561130E-013   3.4753755165441219E-012   6.6135782601490829E-015  -1.5412765488571943E-011  -2.4925899543926626E-012   6.3314922984422741E-006  -9.8278510493631915E-013  -6.0079035258767238E-010   6.1761585747048877E-010   8.2601892672252657E-010   7.2262537755660763E-012   2.5964164043934923E-011   1.7044337571957787E-013  -1.1528949135551147E-010  -1.8517189199341255E-011   4.6899118691636312E-005  -7.4469748344407853E-012   2.3176647669983319E-009  -2.9057254602478106E-009  -2.5473213951883002E-009   7.8831896770421892E-010  -8.5907821577556920E-010  -1.0256449349487046E-009   4.0806934825331967E-011  -9.0551018191769511E-015   1.7548989288319035E-013   3.5314206119880837E-013   6.1112996651805953E-015  -1.3951149133366620E-012   6.0374388112040336E-015   3.8790592165846773E-013  -1.3497468417030133E-012  -6.9592017288735944E-013   7.4282542025926278E-013   1.3107574974212963E-012   7.1218048572725923E-012  -3.0523393032010867E-015   6.9678956443490114E-014   1.2214761082704069E-013   2.0869982232059928E-015  -5.7237673540132683E-013   2.0081874298050079E-015   1.5433026866326469E-013  -4.6811369128154899E-013  -2.7673466654328851E-013   2.5786791306390418E-013
  -1.2358246988910819E-011  -6.5750623478164822E-010   9.3730736250931676E-015   1.4010164579484969E-015  -6.5751300312497117E-010  -5.9713034316080545E-016   1.3150192400538362E-009  -7.0022005127895314E-009   1.3710359491217152E-008  -8.6512989435168803E-009  -4.8835612872962086E-010  -4.9541872269161263E-008   1.8776131047609972E-013   2.6926427218825406E-014  -4.9541944213010843E-008  -5.3368595586313798E-014   9.9083816491738198E-008  -9.6971267555695781E-009   1.8987388692292873E-008  -1.1981145797405704E-008  -1.9878361337474234E-009  -5.7699104696736183E-014  -4.6613057876841219E-014  -4.8284477558922175E-014  -6.5878234818754690E-014   2.4304784747698535E-016   1.4329005933288777E-013  -1.2618853265838001E-013  -4.8263183099707502E-014   2.1591273185449757E-013   7.1962334057359490E-014  -6.9405621387598425E-007   2.8425389355305475E-012   3.3599468677605343E-013  -6.9405715941261683E-007  -7.6594064223052125E-013   1.3881133733184082E-006  -9.1993475542235471E-009   1.8021516016407943E-008  -1.1375074340379559E-008  -1.9562169466322830E-009   9.4642666896737524E-015  -1.5595642636481387E-014   9.5318128211956592E-015   9.8283112690349836E-015  -2.9555132944591597E-015  -2.6446678713279339E-014  -1.7783540970616967E-014   5.5154190339286008E-015   4.4782893101036499E-014  -1.3642779563260418E-014   2.5257751969343671E-014  -9.5421453399305155E-015  -5.4188987796099815E-014   1.1745067132731851E-014   4.5907602981855650E-014   4.8820261110343334E-013   2.1340966625069464E-013   2.8745411950875843E-013   3.0447931079890447E-013  -1.5768549859448712E-017  -9.5947155786738169E-013   5.1586116335664756E-013   2.8740145512351284E-013  -9.0551001403224632E-013  -4.2847208222585460E-013  -3.1657373854538936E-006   1.2587502883018426E-011   1.4707321548094944E-012  -3.1657414106492958E-006  -3.4053849570868511E-012   6.3314787961654315E-006  -1.4260649622289392E-009   2.9510383740688578E-009  -1.9228984946459742E-009   2.8025609577311448E-010  -2.3449493683015436E-005   9.4288139701542447E-011   1.0963163988160520E-011  -2.3449524246054095E-005  -2.5362705697928305E-011   4.6899017929075961E-005   6.8367603239793265E-009  -1.1767286836411767E-008   6.7974131388488689E-009   1.9950587919199368E-009  -3.9070792856718449E-009   2.4654131152282588E-009   1.6351635703250532E-009   9.0532608750771443E-013   2.8633074609769123E-013   4.5097130655161188E-013   4.3908300881538157E-013  -1.7252932525632437E-016  -1.6537053397675411E-012   6.6222877579738555E-013   4.5120271903154281E-013  -1.1748038718483209E-012  -6.7244084865068363E-013   4.4402650146940208E-010   1.5643926486074744E-010   3.7477982247988066E-013   9.9657161915973018E-014   1.7969542432308107E-013   1.7793293953365391E-013  -7.5046353694549399E-017  -6.8075281137665269E-013   2.2952924896799142E-013   1.7977599400626577E-013  -4.0760296046890313E-013  -2.6793419052231661E-013
   7.9306482736979687E-008  -1.5627383936742013E-008  -1.3142819119673792E-008   1.4409132767899797E-010   2.2629579646420347E-008  -2.7664520486504597E-009  -7.0022005127895314E-009   9.1724962910225999E-002   3.1074720550191537E-008  -5.1539637471520678E-009   6.0593930488383301E-009  -3.4350625203130787E-008  -1.8820556225867206E-008  -7.7522532191211072E-009   2.3178371619575047E-008  -1.6754709703079498E-009   1.1172229349948700E-008  0.12702856508158999        1.1737131393666697E-008  -2.0725099162745799E-009   3.7596244263941686E-008   2.7305814595333770E-010   1.0272614091636370E-009  -4.2905813246812032E-010  -1.5810382328181867E-009  -3.0168266109346619E-011   1.2147030987286833E-009  -4.9683586191549933E-010  -3.7762004779799749E-010  -3.6068235404036268E-010   6.0126075237999227E-010  -2.4712598788331452E-008  -1.5242218734587813E-008  -6.5631939991675101E-009   1.5352314264644021E-008  -6.9356264202171648E-010   9.3602332496493084E-009  0.12057356727100278        1.5445902245055135E-008  -2.8212923968529916E-009   4.5550888269687878E-008   1.4841260517824362E-010   1.2513029020242985E-010  -2.6740570286224537E-011  -3.9688735639798002E-010   6.6394972407377873E-011   1.3618564603500598E-010  -3.1118244091313831E-011  -7.3952795168176086E-011  -1.2613014655433036E-010   8.1861681804613959E-011   1.8074359104613424E-010  -3.6378450585877525E-011   7.9393111028403549E-011  -1.3109377726006565E-011  -1.2272188631794649E-010  -1.3035033373309420E-011   4.6572138678319501E-010  -1.2312498774267150E-010  -2.9489627068044484E-010   3.1441549216503926E-011   3.1238825652459915E-010  -2.9415258129000153E-010  -4.2534467417632616E-011  -7.1068033257647828E-011   1.2347353747308362E-010  -1.2035712504292978E-008  -3.5261962660063143E-009  -2.9998661341122927E-009   6.4317184029200176E-009  -1.0635273544125997E-010   5.6039551721713445E-009   1.9830685380830649E-002   1.6203253446353808E-009  -3.0154368918485685E-010  -7.9740559497092026E-009   2.6421023331714576E-008   1.4971429890195559E-008   7.4531103739671201E-009  -1.4194788698434464E-008   4.7751905660082284E-010  -1.2226238979427221E-008  -7.7775949564850941E-002  -1.0609880940405727E-008   1.8797083900803564E-009  -2.6137951246647136E-002  -3.1933205351261011E-009   5.7338291241673066E-010  -4.7769456492350324E-008   2.3737859112126208E-011   3.6371664337860100E-010  -9.8965563227959861E-011  -2.8886197842729521E-010   1.7370114054382542E-011   2.5701335775522946E-010  -2.2157253217029095E-010  -4.1804086821931441E-011  -6.6443963490544094E-011   1.0492197689591064E-010  -1.4906297733579773E-008  -4.6393358894672096E-009   4.0587366164678689E-012   1.2163817086326481E-010  -3.3352889087114378E-011  -9.0739748848984769E-011   5.6152124704889839E-012   8.5292842757183681E-011  -7.6819651341058585E-011  -1.3610921172551337E-011  -1.8572975459694754E-011   3.5003855223733955E-011
  -1.3030490636441346E-007  -4.0872743283734636E-010   1.8517552058613741E-008  -2.8563177686590779E-009  -1.3301628650965532E-008   3.0153994604920399E-009   1.3710359491217152E-008   3.1074720550191537E-008   9.1724947402163262E-002   9.3287781418416350E-009  -1.2777933178974456E-008   5.8839439052698497E-009  -1.5691498018426250E-008  -1.7299138070308632E-009  -1.9346738801246135E-008  -6.3557887943493709E-009   1.3462825753432099E-008   1.3599651934103074E-008  0.12702855823956247        4.1726260447661134E-009  -1.4695783213678045E-009  -9.6902464341374111E-010   1.9007045295234821E-010   2.0615130057516218E-010   2.5334860660963682E-009   6.0830149281673740E-011  -1.2333930994943771E-009  -5.7414550881098214E-010   8.6164369044910410E-010   5.8034047927195352E-010  -7.9588524267012322E-010   6.5253837828876635E-009  -1.4668978060611370E-008  -7.7410823896523556E-010  -1.6498498036936820E-008  -5.9200956169309893E-009   9.9731954880882853E-009   1.6560526893542047E-008  0.12057355991538055        5.1205069949462011E-009  -1.0004565531624771E-008  -9.3407571588062993E-011   2.4068120633674003E-010  -4.2330170909412032E-011   1.3756788824445066E-010  -3.2486390738778598E-011   2.6517057923289048E-011  -3.8996707005861208E-010   7.5391907282322746E-011   2.0028792877735708E-010  -1.3863944620749079E-011   5.6339630002706285E-011  -7.4100382830712928E-011  -2.3653325107202490E-010   9.8314102531225881E-011   1.1955824677226979E-010  -2.8018249655450218E-010   9.8149187079578750E-011   1.4892126156501582E-011   6.0971021173522771E-010   6.5481014266166982E-012  -2.3379344206192407E-010  -2.2798923184284329E-010   1.9114296858940794E-010   2.0783748009054675E-010  -1.5356706460077909E-010   1.7000307912660737E-009  -9.4496447274714750E-009  -1.1510074834240345E-010  -3.9097675962069189E-009  -2.9052179064146365E-009   2.2098312052332797E-009   1.9011776173260717E-009   1.9830684482490406E-002   5.8437374939997846E-010   1.0245265885230264E-008  -7.2484610559239602E-009   2.0519213739512794E-008   5.2048028245881831E-010   1.6385247957921041E-008   7.2659646692840937E-009  -9.1367819865688576E-009  -1.1411022743298707E-008  -7.7775944151716014E-002  -3.4743212790120183E-009  -3.4799398722808160E-009  -2.6137949619767162E-002  -1.0676002717690772E-009   2.0434162345940043E-008  -2.2999900896608562E-010   1.0037266473256478E-010   2.2869656133085993E-011   5.1543144399943910E-010   3.9057335219453967E-012  -2.0685422591170502E-010  -2.1547702708174929E-010   1.4872003153253780E-010   1.8874209715565864E-010  -1.2789523858755481E-010   7.6488338240071797E-009   1.5657448002277657E-009  -7.4133035581051956E-011   3.3994599113863637E-011   7.7072714377487945E-012   1.6625808897849662E-010   2.7730207256137206E-012  -6.6798340917453395E-011  -6.9981131676436200E-011   4.8894413860644392E-011   5.9903000938010621E-011  -4.2188494481310867E-011
  -3.6212745130660569E-009   2.8271318020028351E-009  -2.9305152310265030E-009  -1.4220840649548007E-008   5.8241651705662613E-009   3.6007215608471784E-009  -8.6512989435168803E-009  -5.1539637471520678E-009   9.3287781418416350E-009   9.1724995144701088E-002   3.9085114122860965E-009   5.8827039354518274E-009  -1.5951718369153468E-009  -3.0419561415963315E-008   6.8104582731199321E-009  -1.0408266314823004E-008  -1.2693169831573510E-008  -1.9962809176381479E-009   3.2650760288213681E-009  0.12702857802616765        5.9400119118064897E-009   2.0506850922193714E-010  -7.7622752420625036E-011  -2.5171300959650514E-010  -1.3973247501692875E-010   6.1528112833710303E-010  -1.3539817899962801E-010   2.7174211095332659E-011  -1.1022490366703293E-009   4.1165721533690001E-011   1.0091554937549293E-009   4.5825579733350663E-009  -6.8424480418370489E-010  -2.1916059142094688E-008   5.0526387522576435E-009  -1.1404344267621902E-008  -9.6352153294616744E-009  -2.6463179582376702E-009   4.6965835732730030E-009  0.12057358413967323        1.1822818550495412E-008   2.8766746484369508E-011  -2.1275270954144041E-011   1.1218467536916896E-011   1.6664307563503915E-011   1.1478040776730929E-010  -6.7201367324135575E-011  -1.8582093719680390E-011  -2.7176834734297689E-010   5.3473739038673108E-011   1.9134570729959339E-010   5.3443249047596980E-011   6.4573038324477052E-011  -1.1054570507027878E-010  -1.5012528474906467E-010   1.0118523008418080E-010   5.2027432645490647E-011  -3.2025861705210905E-011  -1.0300995530733246E-010   5.2892020304018465E-012   3.3115248043686352E-010  -7.5096310775016865E-011  -4.5668198792176425E-011  -3.4351327616359336E-010   9.3297973236392105E-011   3.3280949099237144E-010   1.8470135585391136E-009  -9.7466881931509714E-011  -1.0496646713958563E-008   1.9030062529821814E-009  -2.9724489946719428E-009  -3.7500502354892213E-009  -2.8280334910404333E-010   4.6173830660422064E-010   1.9830687143665728E-002  -9.2171372227819338E-010  -4.4449399535629011E-009   4.9344336816198878E-010   2.2862454435052234E-008  -4.5906316453525573E-009   1.2878615430024250E-008   9.0355713671019067E-009   1.8016767970765830E-009  -3.1279995553677096E-009  -7.7775960964771351E-002   5.4513924411983029E-010  -9.4537069954049107E-010  -2.6137954706197640E-002  -8.8648625632428261E-009   4.5498182142763899E-011  -2.0705094419373059E-011  -7.0745046002959702E-011  -2.4969930802559016E-012   2.5647285716157384E-010  -5.8546158437596935E-011  -2.8861629773001860E-011  -2.9092803561924879E-010   5.9427579733291361E-011   2.6957103682650370E-010  -2.5879016461108017E-009  -9.3187012151649682E-010   1.5200164136899720E-011  -7.0534979890714140E-012  -2.5367254027112037E-011  -1.4207290818491870E-014   8.6878260626736971E-011  -2.0378918735472562E-011  -1.0998783763309930E-011  -9.5159588963387564E-011   2.1810032954154833E-011   8.9831290370082658E-011
   1.0143632811583966E-003  -3.1015679418253414E-010  -1.0618727485010607E-009   1.3331259541995157E-010   7.9868504621694947E-010  -2.2269008608443418E-011  -4.8835612872962086E-010   6.0593930488383301E-009  -1.2777933178974456E-008   3.9085114122860965E-009   4.0215644774523843E-002  -5.5634300757486147E-010  -8.9937704791778976E-009   1.2493808658082339E-009   6.2761825342216015E-009  -1.6055143102909059E-009  -5.7191702791887333E-009  -2.4625913254102986E-008   3.4270445260378606E-009   1.7049435883706492E-009  0.16363458594034244       -1.3721094938792754E-009  -8.4531255006033935E-010   3.0643049759702372E-010   3.3066676768367672E-009  -5.6253072444115310E-010  -1.4657793364006396E-009  -6.5076449506103704E-010   7.0973934184299380E-010   1.7183877464535413E-009  -7.5740879397268974E-010   2.4204470938435347E-010  -3.5233798360037445E-009   5.1863990994962407E-010   2.1268114084066693E-009  -9.2839512737886124E-010  -2.3674441713315958E-009  -6.4897352989873151E-008   2.0035296964400786E-008  -8.1019036703118801E-009  0.16116015045020929       -3.3359200521105167E-011  -2.9687151753895131E-011  -4.9030883120832124E-011   4.3083294406406721E-012  -3.8190303821678323E-011   5.4561400908554936E-011   3.7710144366882335E-011   2.9759897385457610E-011  -1.0763879317439999E-011   2.6849123042799108E-011   7.8228194472183027E-011   7.6104226308041360E-011  -1.4148341048904534E-010  -4.7638862801561684E-011   4.9629391455720280E-011   3.9628594089030203E-010   1.9129719757744088E-010  -2.1697145057755730E-010  -1.2497541250718835E-009   1.8320013696270727E-011   7.1808930626757855E-010   8.5405307217974930E-011  -3.9630153429578576E-010  -3.0589999076967854E-010   4.5710631427967604E-010  -3.6079100257143036E-011  -2.1439271651662039E-009   3.2600294462887508E-010   1.3906834381146416E-009  -3.9307682084753065E-010  -1.3522576979469585E-009  -2.1523181558705174E-008   1.1612437033418768E-009  -4.0560345574432345E-009  -2.4775218759312274E-002  -5.8295998750368480E-010  -1.8660494489414855E-009   2.3294493992228592E-010   1.4560607343401974E-009   1.5581211323525441E-011  -8.7308842810414812E-010   3.7039738799712746E-008   5.8769203041332417E-010   5.4856382255878966E-009   1.4365626431172989E-008  -2.4692142103626806E-009   1.9338674225505024E-009 -0.14495658181720059        1.2909992044145903E-010   6.3390472246047007E-011  -1.1442002149042734E-010  -4.9673279075290012E-010  -2.7063634744944099E-011   3.2352969746351391E-010  -1.0764548632364080E-011  -1.8359670177877785E-010  -4.8953820612583580E-011   2.2212851295419627E-010  -4.2342302731801583E-002  -1.2886928621296348E-002   7.2084272213301596E-011   3.8757207469337634E-011  -4.6987330226455040E-011  -2.4153106937373153E-010  -2.6361490931624572E-013   1.4482111151798750E-010   7.1667934005211980E-012  -8.0135439338192100E-011  -4.8375000493856437E-011   9.4751740062848077E-011
  -1.3825943982916868E-011   9.9084072085459495E-008  -9.5921351897021863E-014   5.0815655343420988E-014  -4.9542200061556596E-008   5.2113989044971445E-014  -4.9541872269161263E-008  -3.4350625203130787E-008   5.8839439052698497E-009   5.8827039354518274E-009  -5.5634300757486147E-010   7.4657654607529515E-006   7.2655449896608638E-013  -4.5694797146776221E-013  -3.7328816899102756E-006  -5.7594672607817683E-013  -3.7328837718930247E-006  -4.7578022784286862E-008   8.1570587406957595E-009   8.1483266391822894E-009  -2.2585727305274897E-009   1.2002863997263896E-011   1.4819626005436193E-011   5.3950333538958642E-012  -8.0677260999607527E-012   2.9278294941518639E-015  -8.0358175857334930E-012  -7.3733122689060711E-012  -1.9343607392326012E-012  -4.9272715994018494E-012  -2.5794343442599770E-012   1.0459155837514530E-004   2.1095373704887860E-012  -3.8717730613819886E-012  -5.2295775586083970E-005  -3.2033326364177442E-012  -5.2295782792277145E-005  -4.5135985497904416E-008   7.7371992563509967E-009   7.7280273487621683E-009  -2.2234825381715053E-009  -3.1964996261273848E-013   4.9892006239575320E-012  -8.6483660050357026E-013  -2.1843242649683208E-012   5.4489388914906133E-013   2.7452914428343366E-012  -3.9251130339890034E-012   5.2846081559215830E-014  -1.4276181842628173E-012   8.2544886165287530E-013   1.2276838430804361E-012  -3.2916218861787586E-013   2.7270378727507969E-014  -7.6975921693004889E-014  -1.5786564135772141E-012  -8.0280117578869616E-011  -6.5148446717953917E-011  -2.9685862588712338E-011   5.3840939793174763E-011  -3.3290507069018732E-015   5.3866121290418616E-011   3.4243538965080180E-011   8.4218464871702571E-012   1.9205929080645654E-011   1.5849253863722929E-011   4.7706420215741795E-004   2.7409125637795176E-011  -1.8158486055784915E-011  -2.3853206141469981E-004  -2.1924226829010811E-011  -2.3853214074856286E-004  -6.8168725204136576E-009   1.4201151181811171E-009   1.2036773422352166E-009   3.3505157654545869E-010   3.5337468052163050E-003   1.5672697528072326E-010  -1.2683416532308691E-010  -1.7668731720013053E-003  -1.4812358509723883E-010  -1.7668736332158621E-003   3.5708990999036241E-008  -4.1558650112281597E-009  -5.8007581192945419E-009   9.8014880465826295E-009  -1.6969439857056469E-009  -1.6797974794778340E-009   1.9701642663625497E-009  -1.3886471959530701E-010  -8.6872925565059078E-011  -4.5379186415516310E-011   9.3164921498511003E-011   2.6915550499366766E-016   9.3141643516791685E-011   4.7439153863615575E-011   1.1536042701693507E-011   2.3226613245103742E-011   2.5225188701605058E-011   5.6689219269862828E-010   1.7804090456833922E-010  -5.7163506294213708E-011  -3.0172010223882263E-011  -1.8025922525205330E-011   3.8348450501615997E-011   3.2165773721062205E-016   3.8344437258855887E-011   1.6487806388338931E-011   4.5264989233397931E-012   8.0512902539026485E-012   1.0061874443727481E-011
  -2.2562369298518225E-010  -1.8825350452725404E-013   9.9084068208810057E-008  -5.4037861220471839E-014   4.8160787124694291E-016  -5.6542903176199166E-017   1.8776131047609972E-013  -1.8820556225867206E-008  -1.5691498018426250E-008  -1.5951718369153468E-009  -8.9937704791778976E-009   7.2655449896608638E-013   7.4657646662567121E-006   4.4299538019011904E-013   8.8474899795095737E-013  -1.0427237988868475E-014  -1.6113508463875571E-012  -2.6079951533856405E-008  -2.1736973170544068E-008  -2.2094505256112689E-009  -3.6608274112199368E-008  -1.0135654782317409E-011   1.4229892126337230E-011  -3.4623837045901635E-013   1.6751165493442989E-011   4.8455440213858785E-012  -3.1527635877053266E-012  -6.7522334733273739E-012  -3.2445368338486001E-013  -5.1708109174556318E-012   4.9990950073024352E-013   2.9862798694566152E-012   1.0459155522737960E-004   1.9447718294721365E-012   4.1160844888018447E-012   3.7795204870972445E-013  -7.1024617766314096E-012  -2.4732251109579137E-008  -2.0647015780168303E-008  -2.0951664048735116E-009  -3.5940132808016848E-008  -3.0838707812437502E-012   9.6676434074574070E-013  -3.1199000671368605E-013   6.2313789076042369E-012  -6.3402391950221646E-013  -8.1420050765666122E-013  -2.7617069590851955E-012   8.4515974816074903E-013   2.4081543392094350E-012  -3.1795690433971818E-013  -3.1998404547313500E-012  -3.2198180944283112E-015  -6.1048597504524447E-013   4.7579516054801641E-013   8.1103238324978021E-013   4.3214699240391485E-011  -8.6769810611786809E-011   7.5035659624057630E-013  -7.4322191883507773E-011  -2.5433932881922351E-011   1.6343583062647489E-011   4.6066980695443948E-011   7.5422218921400158E-013   2.4964478257443338E-011  -1.1214426829235609E-012   3.0347435351013566E-011   4.7706417115029085E-004   1.6500357149273773E-011   3.0855143169218669E-011  -2.9538113839925061E-012  -6.1202673417031020E-011  -4.2646386747662899E-009  -2.9927611088632794E-009  -3.3426631398277997E-010   5.6889446725463307E-009   1.7835540494174658E-010   3.5337466213682658E-003   1.0684661391429833E-010   1.9617502270354733E-010  -1.3761786597387620E-011  -3.7453040280429119E-010   1.4967130603698781E-008   1.8101350921730596E-008   1.4335035369079419E-009   5.3920916989954676E-009   4.4982252346701998E-009   4.5360719844982071E-010   3.2727764510265847E-008   5.6691594479700471E-011  -1.4490168329815700E-010   4.5928946371484150E-013  -9.9824059809602722E-011  -3.7925736217732632E-011   2.3764308210222953E-011   8.0127183135581683E-011   4.5456079292682361E-013   3.7399788729643780E-011  -6.8114237113431067E-013   9.6832961913107620E-009   2.8713856058640275E-009   1.9663672583235663E-011  -5.9472923238030181E-011   1.5385635029826748E-013  -3.4655317956841087E-011  -1.5026212865671937E-011   8.2737361934078965E-012   3.2995292543642245E-011   1.5350695569347805E-013   1.5205093378439249E-011  -2.2909425332663135E-013
