   5.6391012768371445E-004  -6.4247793993057839E-011  -3.3946087933365440E-010   1.2179061541793961E-016  -1.1034135454813982E-017   3.0830573100664742E-018   5.8273422207011571E-018  -3.6446220048505407E-017   8.2971166601324937E-018  -2.3680176051920237E-017   7.5316706468476456E-003  -8.8456246010317661E-010  -2.4172715556423838E-009   1.4522109786623991E-016  -4.3273599162408855E-017  -1.1007896540985464E-018  -5.8445623871247923E-018  -2.5632653229809151E-017  -4.9769307466226346E-020  -3.3365441266031603E-017   1.3852987895565629E-002  -1.6651567189187101E-009  -3.7867125971362003E-009   9.4780533346803071E-016   5.4264012086613899E-011  -4.0612487798567825E-011  -1.4270915754942757E-010  -1.9681324469152899E-011  -2.0849570479641103E-011  -5.3120970646980270E-011   5.4167199570796218E-011   1.2530273339162428E-010  -3.2060275865294311E-011   1.2973355854902624E-011   9.6551940861442555E-003  -1.1669246418012364E-009  -2.6736792069743468E-009   6.3429820186460079E-017   6.8727494236666207E-017  -7.8247824134837891E-017   4.9122256170145926E-017   1.7757110311973144E-016  -1.1224850569559289E-017  -1.9646660223203867E-017   4.0944326297731192E-018  -6.0478959619345185E-019  -1.3413986676994128E-017  -6.9544035053875954E-019  -1.4033173576690413E-017   3.2613481782100030E-018  -2.1046264880290089E-019   1.9566468052592407E-018   3.2315277238837125E-019  -1.9868565316705709E-017  -1.0967051590357340E-018  -1.2302371439519028E-017   9.5628776803555439E-019  -2.0352813160600306E-017  -2.1027536297359682E-016  -1.0315480102489859E-012  -1.2197075197869000E-013  -6.2962690694658912E-012   1.4778788942545540E-012   4.8200224438421461E-012  -1.0215359453327277E-013   2.1587606128488670E-012   6.2721047403458739E-012  -2.7743425573456243E-012   1.7346409360655742E-014   4.3484914615202192E-004  -5.3830142887619095E-011  -1.0409355750260890E-010   1.2199822182482885E-016   3.3767535335524424E-016  -3.4971070349515221E-016   1.0312017382720940E-016   7.7322287373269362E-016  -2.0297597253398677E-016  -3.4888873531968338E-015  -3.9259976984157919E-003   4.8344389326044229E-010   1.1114311292794633E-009   4.5528426661405506E-016   1.3578051072733632E-015  -1.4146865224131610E-015   3.7284133147180039E-016   3.1329015459657687E-015  -8.6162670011539325E-016   7.6168194532270304E-013  -1.0809043176601435E-012  -2.3037095328899522E-012  -1.1639779918634623E-012   1.2415888783444619E-013   1.4368517899499727E-013   1.8602478680807415E-012   3.4800793975485629E-012  -1.4148399330300664E-012  -8.7641152824190366E-013  -4.9346129720905731E-015  -4.8280412291916630E-003   5.9492863982593098E-010   1.3753770636137379E-009   5.9597380581988405E-016   2.3599646294098432E-003  -3.0300225163074401E-010  -7.0333047906063670E-010  -3.9624274549452772E-015  -3.6741207729901101E-014   1.0804298862505972E-013  -1.4233156683002639E-013   1.3084775761222105E-013   1.4719255000853904E-013   9.8647248838284509E-014   9.2428981806114799E-014  -9.5604108596888142E-014  -1.4936381092538545E-013   5.3433656074394173E-015   3.5333710876107062E-015  -3.1127842848994568E-016  -1.1806370188178578E-015  -2.6717409578549402E-015
  -6.4247793993057839E-011   5.6391023976559804E-004   4.8896960667340666E-010   3.9640229959808711E-017  -2.9342230036217271E-018   1.3707770125369663E-017  -4.1309519829268554E-018  -1.6737499899692236E-017  -8.1293798542081939E-018  -4.4305501116439247E-019   1.5399832335075508E-011   7.5316713463529257E-003   4.3962945026093575E-009   1.1932430170373058E-015  -1.2740916641049113E-017  -7.2413222895826587E-018   8.2581615228005839E-019  -2.1615938218161615E-017   7.2566540265728044E-018  -3.5266329039932599E-017   1.2313395067167038E-010   1.3852989301830541E-002   7.3899768773384967E-009   3.3353856977682738E-015   5.5407630914725138E-011   1.4050102630384587E-010  -3.2795602645809495E-011  -7.5364066927501665E-011  -6.0875075924906930E-011   1.0261869514143477E-012  -1.0029253250045722E-010  -7.7261704876137214E-012  -5.9438940324528641E-012   3.0202874069338940E-011   6.9890699458019379E-011   9.6551950391473573E-003   5.1792115020302975E-009   2.6181094450626876E-016   2.0349279091381878E-016  -1.6618578522228872E-016  -3.5945811726112796E-016  -1.6593543445919157E-016  -4.9630457139646254E-016   4.2704417357886618E-017   6.7862615082664204E-018  -2.1279452689608765E-018   2.7838921421814481E-017  -2.5869760645926808E-018   2.5856105158155726E-017   2.6279161592530039E-018   1.4424086989077690E-018   1.7001195456550430E-018   7.1165874489396658E-019   5.1852209347493231E-017  -2.8414131309635470E-018   2.8462498140843930E-017  -4.0589061994451468E-018   3.9251618713850191E-017   1.8886332364810212E-015   1.7197792235822303E-012  -3.8260986366394121E-013  -1.1083576060605397E-012  -5.7302805978301655E-013  -6.3917633559772097E-012  -1.7344274691667105E-012   5.6004049214039727E-012   6.3757510305507442E-012  -7.1245678452594713E-012  -3.9261779420345417E-012   1.0427898959906673E-012   4.3484916742539691E-004   2.1061277236596738E-010   1.8509142995066952E-015   9.2332079443300666E-016  -7.4024137137892524E-016  -7.3514494673642036E-016  -7.5313457642343554E-016  -1.4696408241701631E-015  -6.3208853729784793E-015  -2.8246660916164192E-011  -3.9259980847356525E-003  -2.1506731018312527E-009   7.7319185676081018E-015   3.7275691692512796E-015  -2.9910878662256633E-015  -2.7902379580021653E-015  -3.0423496774141044E-015  -5.7127429183317399E-015   1.5376670765095569E-012   2.6571480103210394E-012  -2.6614627125536084E-013  -1.5711805510669936E-012  -2.0847882143585385E-012  -4.9189052831467138E-013  -1.0174478439066292E-012   1.6841828908026734E-013  -1.2930195295600862E-012   7.2940806246053059E-014  -7.6628170421013865E-015  -3.5903510098296991E-011  -4.8280417159051415E-003  -2.6581446940709314E-009  -1.1376131100343379E-018   1.9141786793708175E-011   2.3599648807093605E-003   1.3585918261428337E-009   3.9689630387082563E-014  -2.9575331981098337E-014   6.3279750174201633E-014   1.5787925412706763E-014  -1.3771372623543093E-013  -6.9062270225816716E-014   1.7209855081889716E-013   1.0288374150696212E-013  -2.0150550254518415E-013  -1.2383475491285189E-013   4.7564211051138593E-015   2.5218384139151394E-015   9.7029844959274476E-018  -6.9780328710480516E-016  -2.3821565508064205E-017
  -3.3946087933365440E-010   4.8896960667340666E-010   5.6390976958198746E-004   2.6224938486668254E-017  -1.7999488186898165E-017  -3.7451968215684669E-018  -2.6414755667219526E-018   1.8930339641774421E-018  -1.3410658093943269E-017  -1.1703598196589169E-017  -2.6130486244452312E-009   2.7641237458636595E-009   7.5316677677054180E-003   9.5617023867555763E-017  -2.8868085120902178E-018  -3.7138579757705321E-018  -3.8000677928470990E-018  -5.9293131595800150E-019   3.5743081390933541E-018  -5.0536287673937759E-018  -4.1697548740003997E-009   4.1229880221515364E-009   1.3852983821422350E-002   8.9665993988408302E-017  -1.2141837383118930E-010  -8.0216712133988316E-011  -1.3587716855085493E-010   3.1745103156951308E-011   1.0464235354225597E-010   1.3115485397022554E-010  -2.3047371022842649E-011   1.4201344179055313E-010   1.1113816294933474E-010  -4.5659666290947911E-012  -2.9374069108556677E-009   2.9244681831814604E-009   9.6551912079364116E-003  -2.5549119946118095E-016  -5.8760694039088423E-017  -5.6066388146935290E-018  -7.6622395843713782E-017  -4.5790708704732033E-018  -1.5985255045695057E-016   5.3923017923906618E-017   1.2602123143087842E-017  -9.6971678888260161E-019   2.9682580001897599E-017   2.4474903090837767E-018   3.5008486829866188E-017   1.3636814588337462E-017  -1.3202202333982811E-018   5.7032882767057784E-018  -1.6230572515781947E-018   4.0958858883782761E-017   6.4817609876774891E-018   3.0243082910199288E-017   8.3826153570734475E-018   5.0976017509933966E-017   6.1800834741758845E-016   6.9107425000344169E-014  -4.2219800234833007E-012  -4.1625109493624145E-012   2.0932600320394903E-012   4.8328283403776240E-012  -2.1856150879009614E-012  -2.5215005565978983E-012   9.2930440631039582E-012   7.6049782273771575E-012  -3.8198158968367941E-012  -1.1587001655341179E-010   1.0997142699646509E-010   4.3484902719502722E-004  -4.4288627083956195E-016  -1.3192598121986304E-016  -3.6586375925119413E-017   2.6197059176709377E-016   5.7783282603922514E-017  -2.5551100151317114E-017  -1.0133792813265594E-015   1.2208563973435082E-009  -1.2171000329650423E-009  -3.9259964868359190E-003  -1.5215698435827887E-015  -5.7934295155618366E-016  -1.4722146670827204E-016   1.3599807956172587E-015   2.0175614283913444E-016   1.7067413416376693E-016  -2.2172747362928618E-012  -1.7880571345813846E-012  -3.0290841853501183E-012   6.8689303836004211E-013   2.7686890324559191E-012   2.2879249086859564E-012  -2.2185545662610846E-013   3.4470514298543922E-012   2.0857090671475016E-012  -3.1169651842648033E-013  -1.0405935128593531E-015   1.5102595277292282E-009  -1.5074477759497575E-009  -4.8280397353154762E-003  -5.8484571091726800E-017  -7.7221409513537463E-010   7.7095079140379107E-010   2.3599638653194230E-003   1.2343700084942214E-013   7.1054022090035837E-015   9.5589061468054385E-014   1.9926692683825861E-015   3.9688167207238519E-014  -1.6759324934997607E-013   1.2554117327091078E-014   2.0081183712143169E-014  -2.3935481845863517E-014  -8.6209196342603464E-014   4.7086652577880572E-016   2.3305147390308639E-016   4.1561611317044578E-016  -3.7292393275336833E-017   2.7629514453231764E-015
   1.2179061541793961E-016   3.9640229959808711E-017   2.6224938486668254E-017   3.1229190918622046E-005   7.5920281840573677E-012  -4.4197012102496003E-012  -7.5230528502803673E-012  -3.1437605503378264E-013   1.1972251489104266E-011  -7.2774790377626707E-012   1.5413942056893142E-015   1.7311173305647441E-016   3.0335085779583791E-016   1.9287591691472190E-003   1.5929406819856025E-011  -6.6744688877494391E-012   1.8267580210840909E-012  -1.3443909742494032E-011  -7.8699091684574802E-013  -2.4835707536586797E-012   2.8726631589637005E-015   4.3655842182917613E-016   5.9344369413144655E-016   5.1689745840255976E-003  -4.1949149266863861E-017  -4.6221855956083957E-018   1.1589385076031501E-017  -1.3979947250806160E-017  -2.3140056124345816E-018  -1.1774062210104170E-017  -1.3429417122508051E-017  -3.5804683171751839E-018  -5.2058089935119310E-018   8.5140903844362185E-018   1.9128090939148210E-015   1.9929249577774933E-016   3.7943554875766193E-016  -8.7295994148916808E-013  -6.0978658785159314E-012   1.5196597859375571E-011  -1.5785526395972555E-011  -1.6088466322053491E-011   1.6614897065374369E-011   1.6784529702733580E-012  -1.8228579265490871E-013  -6.0274054103505706E-012   2.2548086002957023E-012  -2.6040314457194665E-012  -5.1910928753502870E-012  -1.4679159187534957E-012   1.0629465466199266E-012   2.2139685240415461E-012   5.2351251938629643E-012  -3.2932823301900062E-012  -1.1840598705959778E-012   3.5420174481830926E-012   3.1249922080859030E-012   9.4602148108035254E-013   2.5084518556753596E-003  -2.7884109938982782E-017  -3.7328005434990041E-018  -9.5477988510503348E-019  -1.4890318242806902E-017  -1.6737161749075245E-019  -1.6147815199269587E-017  -6.5608420583858914E-018   6.1812579260823096E-018  -2.6920517679272833E-018   7.5987080655851008E-018  -2.8512837477414176E-015  -2.1831277152158939E-015   1.9200692120861609E-016   6.6791025082400165E-011  -4.2001608481898424E-011  -5.8920037787580973E-012  -6.6084047194781191E-011   1.7549717446061247E-011  -7.2957241003704092E-013  -3.9416407638405799E-003  -1.0477247690967945E-014  -7.3334101678771881E-015   2.8960324433159748E-016   2.6270248194171696E-010  -1.6568034203052663E-010  -2.5622074176897388E-011  -2.5724758173989645E-010   7.3113537053687731E-011  -5.4865849702017861E-012   1.0699664545900556E-017   1.7361606595047982E-018   1.2819146680749960E-018   4.1602511006414693E-018   1.4033727436190025E-018   4.4116151299525483E-018   3.2261005869899271E-018  -5.1757953056277752E-019   1.2586386850598137E-018   8.1962221539551519E-020  -3.5526991026272911E-003  -1.5532718106757188E-014  -1.1025901004758134E-014   5.0491033797437864E-016   2.7095343828140899E-005   1.1113091820304398E-014   1.2136334820782187E-014  -7.6931800124612619E-015  -5.3702079836028297E-018   1.3789985049073272E-020  -3.7894599498899413E-020  -1.9656303428714319E-018  -8.6248112015818150E-019  -2.0162071779913880E-018   3.6246286089954953E-019   3.6833670096824005E-019   2.7556881781257420E-019   7.0066142131135820E-019   2.1003315305414064E-003   1.1670057408568826E-003  -4.9703432426027889E-005  -3.3187447851336686E-004  -4.3717585886545726E-004
  -1.1034135454813982E-017  -2.9342230036217271E-018  -1.7999488186898165E-017   7.5920281840573677E-012   8.3266769975707076E-007   1.5361747043230254E-016  -1.9311479935587548E-014  -4.1633387240272434E-007  -4.0243292977087416E-014  -4.1633382740541896E-007  -1.5781467381186828E-016  -1.3789314291651176E-016  -2.2458021110295929E-016   4.7518346701598426E-010   4.3217373936793692E-007  -2.8373931166808367E-014  -7.9449528385694596E-014  -2.1608688165546884E-007  -8.2170437183894592E-014  -2.1608685800555774E-007  -2.8007872468503470E-016  -2.0468286618192146E-016  -4.1878353208943264E-016   1.2692094054185657E-009  -6.5990796583461590E-019  -1.7462499411178577E-018   2.3471506511453531E-018   3.7269479391497285E-019  -7.0853789243507249E-019   5.4820123399841045E-019  -1.6022711174491538E-018  -1.8327563561813532E-018  -1.0075506876474567E-018   9.1054263391320906E-019  -1.9050239186693286E-016  -1.5526061998229492E-016  -2.8452681345698170E-016   6.3004888050599645E-005  -6.1468538614243833E-013  -9.3091440723997218E-014  -3.1502445434939507E-005  -1.0858731949797578E-012  -3.1502442625896653E-005  -2.5150612267363517E-014  -2.8966789902006931E-015  -5.9002221830245620E-014   2.1691389031668335E-014   6.4915406538857918E-014   2.4760228819267451E-014   4.0043891250344401E-014   8.4046853507680155E-014  -4.9836333063216009E-014  -3.6436292182556524E-015  -5.1420216145269781E-015  -1.9885621284250165E-014  -1.0366576476666826E-014  -2.8500743300494837E-014  -6.9043280533952395E-015   6.2628008681761690E-010   3.2463214073546192E-018   2.4355991152706651E-019  -2.5899472628274203E-018   8.5688488545398289E-019   1.0662056725241057E-018   5.5294524932865329E-019  -5.7919641074074790E-019   1.1917358277774205E-018  -7.0510353753048901E-019  -2.1541869048468606E-018   4.9067076455070822E-016   9.8720754160668185E-017  -1.3134455236649000E-017   2.7394967792336399E-004  -2.7605842472639935E-012  -1.5763505239320122E-012  -1.3697484505192798E-004  -6.2332086805207956E-012  -1.3697483287852965E-004  -7.8045415492447968E-010   1.7269234690365133E-015   4.1878680883780123E-016   1.1138055862825418E-016   1.1092953121340119E-003  -1.1240199846516861E-011  -9.8386616106992788E-012  -5.5464767802402475E-004  -2.5808795748980022E-011  -5.5464763413078317E-004   1.1541269752364917E-019   5.7895341843998699E-019  -4.5988651500270722E-020  -1.0770271637759946E-019   8.8430222710086465E-020   5.3750355667317987E-019   8.5981306120098983E-019  -7.7995938402419482E-019   3.8211192324328131E-019   3.0431607817289365E-019  -6.0804685521529013E-010   2.5841131566274634E-015   6.1710576147538679E-016   1.3906120525307187E-016   4.0149095563055328E-013  -5.9564122288813083E-016  -2.5994952527733941E-015  -1.2568334606613004E-015   2.8705398292020467E-019  -1.1854012049062716E-019  -7.8935366771740020E-020   7.7677051505855943E-020  -1.9398627545329243E-020   1.0468028566231747E-019  -1.4627319983426385E-019   4.8500290952752466E-020  -1.5967952174749951E-019  -2.8616447997256927E-019   3.1486667285441131E-010   1.6904489413357128E-010  -7.2581047585639114E-012  -4.6427569525666281E-011  -6.1165440770054135E-011
   3.0830573100664742E-018   1.3707770125369663E-017  -3.7451968215684669E-018  -4.4197012102496003E-012   1.5361747043230254E-016   8.3266772360055568E-007   3.0614531613239364E-014   7.3200837191836825E-016  -2.3149402188416930E-014  -8.8317691502882917E-016   2.6621357860903347E-017   1.3905870916929320E-016  -4.6119236181403700E-017  -2.7608793282160339E-010  -1.8804015036992694E-014   4.3217370337073798E-007   4.1883079783951024E-014  -7.4741024976439455E-015  -2.7420614490448978E-014   2.6281047276541126E-014   6.1773229614128862E-017   2.9154008915182512E-016  -8.0291269768800190E-017  -7.3771798666725793E-010  -6.7346399526220510E-018  -1.9279206527813543E-018  -9.3571672872780203E-019  -2.8941662715631272E-018  -6.5252074844916819E-019  -3.8782449295887703E-018  -5.2296357834877472E-018   6.0017170546527159E-019  -3.5942718705607314E-018  -2.9661791694836332E-019   5.9592868976938309E-017   1.7540361022393704E-016  -5.8302511664755414E-017   6.6433387864164010E-013   6.3004888786375262E-005   1.7552785875902812E-012  -8.5658776045710644E-014  -5.4706487147736551E-013  -5.7864026643870369E-013   2.3709966129905967E-014   3.0848468132228303E-015  -1.9337384839966496E-014  -2.5544927599687656E-014  -9.5257968921539019E-014  -1.6113583607295208E-014   3.0356385264259994E-014   6.7158902998128484E-014  -4.4851905475599838E-014  -3.0720217767517484E-014   3.7512480257293678E-014   8.8927823595747617E-014  -4.0360699226214780E-014  -1.7926617484047534E-014   3.2144450374860747E-014  -3.6392401132480120E-010  -1.2593531086288255E-017  -2.2381438681067073E-018   7.5050203145116607E-019  -5.6831909525728069E-018   1.8220292161106062E-019  -4.5949485935729475E-018  -4.1393020141805611E-018  -3.3300863168297807E-019  -8.9072289988008536E-019   3.8758124778609862E-019  -1.3239963380320252E-019  -2.3589307103447335E-016   7.7324718348560203E-017   2.8219496547862596E-012   2.7394968179397143E-004   8.3487853783762118E-012  -6.9132877736272090E-013  -3.0131743702025567E-012  -2.1306052813195279E-012   4.5165024013383174E-010   5.4591648344832906E-018  -9.0642933827408154E-016   2.7759963802776075E-016   1.1431380763830613E-011   1.1092953281304802E-003   3.1611664587185446E-011  -3.8045721452597804E-012  -1.1013696030134954E-011  -7.6267903819593789E-012   3.6766871856538396E-018   6.6697305435253311E-019  -2.1713186284889128E-019   1.0943555262072784E-018   6.2744076942916221E-021   1.0263870610561955E-018   1.3652764021728155E-018   4.5226214393935471E-020   5.0086720200892930E-019  -5.5340844640122895E-020   3.5042695828138964E-010   2.3846081188808801E-017  -1.3346490427898942E-015   4.1467986464449568E-016  -5.3370503381221286E-013   1.6226018397130203E-017   3.7585091994701701E-016  -1.1155371175566914E-015   2.4258569718684858E-020   1.4946626071994299E-019  -6.2615374431316667E-020   1.1692673904519159E-019  -9.8197817950357353E-021   2.9849069445502921E-019   2.2326379545473363E-019  -2.6697293066783757E-020   1.2674772788072074E-019  -2.3811607169169382E-020  -1.8054292132293548E-010  -9.7249760508985173E-011   4.2304524593889659E-012   2.6615264648942627E-011   3.5090813110719452E-011
   5.8273422207011571E-018  -4.1309519829268554E-018  -2.6414755667219526E-018  -7.5230528502803673E-012  -1.9311479935587548E-014   3.0614531613239364E-014   8.3266766534833966E-007   3.1720530086101885E-014  -2.2587354279006567E-015  -1.2419490191494282E-014   9.5214866826056823E-017  -2.1532156810853740E-017  -3.1304161971233124E-017  -4.8221873866051002E-010  -9.4797159069712204E-014   3.5881072109867199E-014   4.3217363048365647E-007   8.6311666000287704E-014   3.8379358966684780E-015   8.4251146220418348E-015   1.6630682787442128E-016  -4.7177241799453756E-017  -6.3685002488053299E-017  -1.2840393721387980E-009  -1.1509527306220080E-018  -1.7395670910513721E-018  -8.9410278834322918E-020   5.3307806250373053E-019   1.1114085035802460E-019   7.2664635501443732E-019  -1.1793158314982218E-018   1.4635876670004615E-019   3.8245490829345524E-019   2.7728976706863296E-018   1.1893716366179612E-016  -3.5367862665680128E-017  -4.5614487900876915E-017  -5.0260311624315623E-013   4.3718926133611387E-013   6.3004887306795416E-005   1.3669950046978116E-012  -4.2460644820546045E-013  -8.6335071638607024E-013   1.3211833785441669E-014  -4.5537589969392297E-014  -5.3046248953320587E-014   1.0786551771717820E-014   5.3584455238605789E-014  -3.4315839613561299E-014  -1.2038025264098291E-014   6.8133778362288268E-014   7.7246707439864113E-014   2.2910821797404547E-015  -4.4296240556695196E-014   1.6228374936445642E-014   6.6705820214113254E-014  -5.6169277403375681E-014  -1.8620424319644331E-014  -6.3798960203085151E-010   7.5686364255372404E-019   1.8045956719978911E-018   1.2363764932453921E-018  -4.1112798610927638E-019   2.5745773637996600E-019  -6.7909681444215622E-019   1.7111433110576526E-018   7.4345741093798155E-019  -9.2442566061894183E-020   6.7523476459442986E-019  -9.1382657478185760E-017   4.6072411953157053E-017  -1.0502272831864149E-016  -3.3733611406959443E-012   2.6563306066181047E-012   2.7394967295853601E-004   6.9355346251393944E-012  -1.8408661562737992E-012  -3.5617714392068417E-012   7.9860420824022438E-010  -3.6303614412461400E-016   1.7625231690504501E-016  -3.2247552555244894E-016  -1.7160083607748170E-011   8.5600094349745482E-012   1.1092952885471208E-003   2.8152481472259505E-011  -6.8950384249516564E-012  -1.0992536821314846E-011  -2.5589835110178898E-019  -1.8539991574384421E-018   1.0307130045218729E-019   2.4368653042746780E-019  -2.4055570433309934E-019   2.5173627359267774E-019  -3.8863202135424455E-018   5.3824998905067593E-019  -1.4465680854170061E-018   1.3160948900877324E-018   6.2525449890628388E-010  -5.3615996671546129E-016   2.4870109586692897E-016  -4.9004258148214076E-016  -4.3380484439718865E-013  -7.9213751875887936E-017  -4.4340293533130618E-017   1.8497993533259941E-015   5.3763037665889511E-020  -2.6937946728936620E-019   2.4789683059485703E-019  -1.7473358292909721E-020   5.8534334592829637E-020  -5.0349128090830138E-020  -6.5002426895313659E-019   6.9001794293235327E-020  -4.2983487331970695E-019   2.9085447539003431E-019  -3.2687092916376748E-010  -1.7611817333185698E-010   7.6070718056179761E-012   4.8491364717716969E-011   6.4025143685770111E-011
  -3.6446220048505407E-017  -1.6737499899692236E-017   1.8930339641774421E-018  -3.1437605503378264E-013  -4.1633387240272434E-007   7.3200837191836825E-016   3.1720530086101885E-014   8.3266771347604582E-007   2.1016663897998031E-014  -4.1633384104635264E-007  -4.9774381434129758E-016  -1.9697230698354891E-016   1.9381187086087119E-018  -8.0597383359319665E-012  -2.1608681876849539E-007  -5.2019270258347650E-014   2.8897636330744549E-014   4.3217356257665308E-007   1.6455168006198372E-015  -2.1608674368164859E-007  -9.0548958595219902E-016  -3.6248827391329176E-016   1.1255468457271455E-017  -2.5336259717952465E-011  -1.1730830206325167E-018  -1.1332925088752783E-018   4.3242174576906060E-019   1.5619878410445096E-020  -7.8427358099373328E-019  -3.1473690900806856E-019  -3.9417207998250193E-018   4.0908016481022215E-018  -1.2314370536492801E-018   3.3771041117178916E-018  -5.9941804812978655E-016  -2.5749309799791964E-016   1.4355697106613496E-017  -3.1502444601593786E-005   3.9666279383690389E-013   5.9401443960094873E-013   6.3004889227555693E-005   1.5606233551818850E-012  -3.1502444618655279E-005  -1.1017389339021298E-014   3.1311325816838390E-014   4.9177089688508974E-014  -6.0063134790612284E-015  -1.5093676715930452E-014   2.3643526302728610E-014  -9.6175291258803515E-015  -1.0117136932466528E-013  -2.9101368470133644E-014   2.6230782176447895E-014   8.5928631188681802E-014   7.8076595090445384E-014  -1.4667513640119368E-013  -6.6827851186075519E-014   6.9056000940801661E-014  -8.3874727230426875E-012  -1.4306810259720921E-018  -1.1070332253331433E-018   3.7051631752109217E-018  -1.3293393593502120E-018   1.1569642904418643E-020  -1.2882865822700867E-018  -1.3524435703322566E-018   6.5967138436834047E-019  -7.3226875456281268E-019   5.9872557332327169E-018   6.9095688464981425E-016   9.3229728396569225E-017   5.2653776731846366E-016  -1.3697484143290845E-004   1.3609900476371764E-012   3.5356131346750428E-012   2.7394968127838175E-004   7.1026125300651549E-012  -1.3697483984081017E-004   4.2361334014983751E-012   2.6952335780393962E-015   4.0856866948724573E-016   1.7197730825118810E-015  -5.5464766323355891E-004   4.3947547409329740E-012   1.4230777135857661E-011   1.1092953203060850E-003   2.7641364921254022E-011  -5.5464765706039287E-004  -7.1809587332373418E-019   4.4998228932358745E-019  -9.2605621069189715E-019  -4.9385147810028211E-019  -7.8878331834644967E-020   1.2018992057079787E-019   7.3054641883249082E-019  -6.1074389045504509E-019   7.9108734615730173E-019  -1.1322930887833589E-018  -1.8635380843376882E-012   3.9769617088475534E-015   6.0284306563289067E-016   2.5919255443564681E-015  -9.9127227928844011E-014  -6.0016371285185484E-016  -2.7630808286308859E-015  -3.5484834268131386E-015  -1.3610982195271292E-019   1.4642464728777530E-019   4.0861910781467727E-020   5.9790310250672592E-020   9.1932930075993327E-020  -2.6948100176741447E-019   3.2335516733105064E-019   1.3780483996031081E-019   6.1900256621101323E-020  -4.9874280116544255E-019   5.0254151595228318E-012   3.1437173528945703E-012  -1.3736172252386707E-013  -1.0740753706987290E-012  -1.5464075768678710E-012
   8.2971166601324937E-018  -8.1293798542081939E-018  -1.3410658093943269E-017   1.1972251489104266E-011  -4.0243292977087416E-014  -2.3149402188416930E-014  -2.2587354279006567E-015   2.1016663897998031E-014   8.3266769259809240E-007   1.9230808551150271E-014   7.4573655729179132E-017  -7.1693644051600491E-017  -1.8180855394080265E-016   7.6572231946019818E-010  -8.4296600582672630E-014  -5.2378877094550628E-014   9.2188424827527073E-015   3.2937046103220984E-014   4.3217360535513586E-007   5.1369522280887094E-014   1.5598808950968325E-016  -1.5960503412607864E-016  -3.2563984205325661E-016   2.0398112869723804E-009  -7.9604175595286455E-019   2.1026099635076890E-018   3.1126295683898599E-018   2.0780993085348918E-019  -2.2924783733518368E-018   1.6717538677274126E-018   2.8041574461234214E-018  -7.9424117459096101E-018   1.6162886944535068E-018  -2.4908899143318660E-018   8.7288375244972921E-017  -9.1340983844612024E-017  -2.3634967240048164E-016  -1.2217063177110397E-012  -1.0170516066405370E-012   1.9218694597042102E-013  -4.6007997012123043E-015   6.3004888049386125E-005   1.2264644207994738E-012   1.9562525714066012E-014   1.0126570200276146E-014   2.7549986070360218E-015  -3.0314501429390947E-014  -2.5402186313933131E-014  -4.0833973926981304E-015   3.6140175746260086E-014   4.5890154690831935E-014  -6.2074540559864616E-014  -3.6959859746877546E-014  -4.7253481568904869E-014   1.5095596228536361E-013   1.1328485031973557E-013  -1.3199650456313485E-013  -6.2188460347005458E-014   1.0127650441838461E-009   1.3764353613140178E-018   7.7959397190359442E-019  -4.8367533733097112E-018  -2.2044463717128852E-019   2.0369376086863398E-018  -1.2042875149896115E-018   3.4927109327008078E-018   5.4644936146012347E-018   1.3904429142391567E-018  -2.8872742833935193E-018  -9.4021565711379578E-017   4.3094215458192730E-017  -3.3331921937208563E-017  -6.8213198041272554E-012  -5.0966805072582307E-012   8.5773188445645952E-013   2.8664436846726228E-013   2.7394967658254092E-004   6.5347587348920296E-012  -1.2669256345209997E-009  -4.1460423385833013E-016   2.3037592897010348E-016   3.3290926608789865E-018  -2.8190749468158821E-011  -1.9540177948726160E-011   4.0784760415984892E-012   3.6376662103993425E-014   1.1092953074043992E-003   2.8154488833779107E-011  -4.5027367465363672E-019   4.2524470796241224E-019   8.6925479915525730E-019   2.1866314556539179E-019   3.4221990548785469E-019   3.3851729613873087E-019   2.4081529239987863E-020  -1.1466541399307267E-018  -1.1476665260852524E-019  -7.7456045712186241E-020  -9.9139811356679160E-010  -5.9834796149697906E-016   3.2653431335702457E-016  -1.7065622363682985E-017   9.7645010370110373E-013   3.5244209951071640E-016   8.3849720819200617E-016  -1.1585462346851620E-015  -2.3026317469360373E-020   8.5573938877117358E-021  -2.2926270609973871E-019  -9.7605383195947980E-020  -2.2573556141364344E-019   8.1819128341293103E-020   2.1936252354721999E-019   3.1073812121549670E-019   1.7926304225008721E-019   4.2788713347597164E-019   5.1755884214824443E-010   2.7906689551396570E-010  -1.2085629372444419E-011  -7.6776648881553568E-011  -1.0138279750211326E-010
  -2.3680176051920237E-017  -4.4305501116439247E-019  -1.1703598196589169E-017  -7.2774790377626707E-012  -4.1633382740541896E-007  -8.8317691502882917E-016  -1.2419490191494282E-014  -4.1633384104635264E-007   1.9230808551150271E-014   8.3266766847587541E-007  -3.1335165102472026E-016   6.2571369433154295E-017  -1.6390203599866277E-016  -4.6710623688980374E-010  -2.1608692062594927E-007   8.0394472438321779E-014   5.0546473484919040E-014  -2.1608668090718692E-007   8.0527089571967031E-014   4.3217360169971674E-007  -5.7377132808237835E-016   6.9565846824497985E-017  -2.8674860591625093E-016  -1.2438289381150134E-009   1.8329880951505934E-018   2.8795465679575147E-018  -2.7795462217584575E-018  -3.8831110531208046E-019   1.4928105407084811E-018  -2.3346400935443819E-019   5.5439898342532096E-018  -2.2580683775870275E-018   2.2389864184885536E-018  -4.2876490489361290E-018  -3.7066225963462480E-016   5.4607989036386473E-017  -1.9717549066873879E-016  -3.1502443452870342E-005   2.1820789657736122E-013  -5.0171295318449791E-013  -3.1502443790575555E-005  -4.7443392319797509E-013   6.3004887246375784E-005   3.6168001622855344E-014  -2.8414646827503139E-014   9.8251320936429218E-015  -1.5685075534981949E-014  -4.9821729850498212E-014  -4.8403755168150505E-014  -3.0426362139206227E-014   1.7124515820476171E-014   7.8937701554289448E-014  -2.2587152912700812E-014  -8.0786609601415248E-014  -5.8190973814290989E-014   1.5704171290851866E-013   9.5328594515216414E-014  -6.2151672878353635E-014  -6.1786580862041495E-010  -1.8156405938239121E-018   8.6347416642535044E-019  -1.1152134841051659E-018   4.7245435321920337E-019  -1.0777752913237175E-018   7.3534174309272061E-019   1.9316394375080597E-018  -1.8514091593471991E-018   1.4373721685997890E-018  -3.8330691872532587E-018   5.9411532057968727E-016  -2.9983959601235534E-016   2.6883002573207181E-016  -1.3697483650725858E-004   1.4003999154842345E-012  -1.9626973881574929E-012  -1.3697483621758096E-004  -8.6802882789894353E-013   2.7394967272727005E-004   7.7625242868091912E-010   2.2312366549916122E-015  -1.0571884184791807E-015   9.7544048612278518E-016  -5.5464764896849300E-004   6.8487076640171252E-012  -4.4060238547300534E-012  -5.5464764224613195E-004  -1.8270013429050661E-012   1.1092952912232876E-003   6.0268453344465935E-019  -1.0289358005879749E-018   9.7204435124166813E-019   6.0155496700127335E-019  -9.5502612172101449E-021  -6.5769607435092071E-019  -1.5903603230305694E-018   1.3907032045376722E-018  -1.1731980462894287E-018   8.2797744387362006E-019   6.0997728843989272E-010   3.3103897616935063E-015  -1.5874771155553289E-015   1.4626801055771351E-015  -3.0019911802841454E-013  -8.6312417833887207E-016  -5.5342378890779115E-016  -5.1462929070335956E-015  -1.5094439518744662E-019  -2.7884414389683071E-020   3.8072785674700065E-020  -1.3746681069448000E-019  -7.2534476569256447E-020   1.6480048014800823E-019  -1.7708215574679784E-019  -1.8630496373670000E-019   9.7779405056935931E-020   7.8490765621698718E-019  -3.1993145314698899E-010  -1.7220802051740978E-010   7.3960315379515651E-012   4.7506410810834956E-011   6.2716179343895443E-011
   7.5316706468476456E-003   1.5399832335075508E-011  -2.6130486244452312E-009   1.5413942056893142E-015  -1.5781467381186828E-016   2.6621357860903347E-017   9.5214866826056823E-017  -4.9774381434129758E-016   7.4573655729179132E-017  -3.1335165102472026E-016  0.10059971227688785       -1.4722757645711884E-010  -6.6280143189506006E-009  -4.6499268731190479E-016  -5.8414160209095488E-016  -2.3209416010442057E-017  -7.0937373224698686E-017  -3.4714249398301857E-016  -1.3597173848542337E-017  -4.4520445963143216E-016  0.18502652410700360       -7.8130298000170908E-010  -3.3850504609080747E-009   4.2334801061938624E-015   7.2477145721447804E-010  -5.4243542972711307E-010  -1.9061198080967685E-009  -2.6286825316845025E-010  -2.7838969717825006E-010  -7.0950802581920716E-010   7.2350491234852550E-010   1.6736471844845915E-009  -4.2824612138763769E-010   1.7326649081696766E-010  0.12894902229515154       -6.3044967726322523E-010  -2.8214151349708145E-009   4.3058383822035311E-016  -1.7430223904460657E-016   2.1273894314436424E-016   3.6157587350380564E-016  -4.7386477596919550E-016   5.5089809542772234E-016  -2.6035857429337456E-016   5.5797953356045712E-017  -8.5007452799306597E-018  -1.7946925777748009E-016  -8.9953396582706920E-018  -1.8797910402981368E-016   4.3378117725564695E-017  -2.6575412003345336E-018   2.5275765829954084E-017   4.5861357670606144E-018  -2.6408766717499428E-016  -1.4675335265220584E-017  -1.6355305557174780E-016   1.2573877904290970E-017  -2.7007950184262099E-016  -2.8916164424502865E-015  -1.3621534287002262E-011  -1.6944721065518746E-012  -8.4303814020601967E-011   1.9688386891949340E-011   6.4233369880673058E-011  -1.5233714574388993E-012   2.8851044767128949E-011   8.3842462785791045E-011  -3.7013694339357325E-011   3.3499179304294217E-013   5.4402632390110417E-003  -8.0449943732966851E-011   1.6951099530749090E-011  -1.5049242110146160E-016  -2.6188741620589767E-016   7.8750018615412090E-016   1.0719454003665091E-016  -2.0157645551423336E-015   3.3733325616767991E-016   7.9376439438429740E-015  -5.3649074353580677E-002   2.6072242540708831E-010   1.2254871318609664E-009  -1.1484106840756626E-015  -1.1624033022437889E-015   3.2124242839971005E-015  -1.4907259230948312E-016  -8.1438477037158619E-015   8.5088714172322999E-016   1.0006463569666163E-011  -1.4440986089312993E-011  -3.0450230459050349E-011  -1.5635413710235400E-011   1.3186744057301125E-012   2.2324049598218231E-012   2.4861445159947526E-011   4.6432182407058191E-011  -1.8913605327008713E-011  -1.1906858747132446E-011   9.2048734461608074E-015  -6.6315001188251663E-002   2.9416564878113586E-010   1.5524799792601406E-009  -6.6292550561708913E-016   3.4265197902874744E-002  -1.5191257941527038E-010  -8.0218281539936491E-010  -3.2958818900624412E-014  -5.1108217006855005E-013   1.5213291660265814E-012  -1.9751181100633904E-012   1.7807329922845695E-012   2.0131256338594871E-012   1.3411432561839594E-012   1.2223893059488118E-012  -1.2881986487606630E-012  -2.0442580413237519E-012  -1.0336251520034088E-014  -6.5635658258421945E-015   6.3083221699697459E-016   2.1893582698326105E-015   5.4658203516129264E-015
  -8.8456246010317661E-010   7.5316713463529257E-003   2.7641237458636595E-009   1.7311173305647441E-016  -1.3789314291651176E-016   1.3905870916929320E-016  -2.1532156810853740E-017  -1.9697230698354891E-016  -7.1693644051600491E-017   6.2571369433154295E-017  -1.4722757645711884E-010  0.10059971096750767        8.4064655124537571E-009  -1.6445886530435970E-015  -2.2217334044700020E-016  -1.2487612382396163E-016   2.9150553383668405E-017  -2.7275874701248332E-016   1.1668351762815658E-016  -4.4541290986623290E-016   9.9562977221307397E-010  0.18502652329781813        6.1664921946130625E-009  -4.7750455537842211E-015   7.4005794150727574E-010   1.8765869734553873E-009  -4.3803305488134265E-010  -1.0065818040143516E-009  -8.1316114654562114E-010   1.3679967844658713E-011  -1.3394614069717211E-009  -1.0309941915788746E-010  -7.9503193848716478E-011   4.0333269802351321E-010   4.8102612766299812E-010  0.12894902136894326        4.6837877423003424E-009  -3.7080031084875270E-015  -8.0409557826607337E-016   3.5997855368608338E-016  -2.5254426371563369E-015   5.6490749230727862E-016  -1.5900631890649429E-015   5.5528413350671615E-016   9.0256484100508160E-017  -2.8546289421285075E-017   3.6296443405080151E-016  -3.5268709608318884E-017   3.3743392965768439E-016   3.5449068812463168E-017   1.9529112563332440E-017   2.2415421829438137E-017   9.8024846813864494E-018   6.7619379884101528E-016  -3.8440411524132075E-017   3.7082077099784164E-016  -5.5634332442668942E-017   5.1068918581999436E-016   6.0198479427926273E-015   2.3036173017386961E-011  -4.8349654275628751E-012  -1.4875384224392341E-011  -7.7981238025765635E-012  -8.5322884703232076E-011  -2.3109873126613085E-011   7.4450089888404235E-011   8.5038600592722114E-011  -9.4962977406976810E-011  -5.2297841942329870E-011  -6.6289155667976333E-012   5.4402629317724140E-003   5.3119369881505975E-011  -6.7582936234916346E-015  -2.9934259802811233E-015   1.3322178876065250E-015  -8.6302158184075375E-017   2.0176671443888695E-015   2.1032192367392873E-015   1.6697086315522216E-014  -1.9307343631244936E-010  -5.3649073879433580E-002  -2.0216953370259872E-009  -2.4331654992815447E-014  -1.2266197310578845E-014   5.4806473117138904E-015   2.0208518938784443E-015   8.2721155974270781E-015   1.1583202974854819E-014   2.0557994488218838E-011   3.5429381487839032E-011  -3.4538751980177314E-012  -2.1007232392237419E-011  -2.7599029453670014E-011  -6.5752184718436483E-012  -1.3779247853111844E-011   1.7964806672547152E-012  -1.6955584585814217E-011   1.2366640390985524E-012   2.1899421736069501E-014  -2.5272871802183039E-010  -6.6315000736804464E-002  -2.5295160182461829E-009   1.1315957123730477E-015   1.2651867785640312E-010   3.4265197662930645E-002   1.3039299585320937E-009   5.3486085851097632E-013  -3.9877180981102461E-013   8.7427380956656960E-013   2.1590837076796115E-013  -1.8532044793843981E-012  -9.3383706465527554E-013   2.3261751214616102E-012   1.3913459133321580E-012  -2.7247214300282037E-012  -1.6884776443421740E-012  -1.1304654021140786E-014  -6.2288253284506093E-015  -2.5266730324607473E-016   1.4134191932483994E-015  -1.6079911094564845E-017
