   5.1766777383877545E-005  -1.1527332368056409E-010   4.0460233529859764E-011   3.1237011105675147E-011   7.4080737465507570E-011   1.7103076500250827E-010   4.1193925684059490E-011  -2.6677697816491207E-008  -3.2227568889427846E-007  -3.5731695885375707E-007   1.5728279399170252E-003  -7.3382052435976093E-011   2.1156078513581752E-011   2.0321923749013718E-011   4.9264529744681363E-011   1.3899645646544859E-010   2.4121490730852180E-011  -2.6678477811236311E-008  -3.1020234685776978E-007  -3.4380371584133286E-007   6.1070261967391976E-003   9.6451094450379289E-012   2.1702938394626790E-011   2.7662588623100110E-011  -8.0667504282159619E-012  -1.0225974236007223E-011  -4.8735066506924600E-012   7.8359257555110416E-012  -3.3598431760308906E-011  -3.2215932821138088E-011   4.4241561149569451E-012  -2.7114327104985061E-008  -3.0531375811253643E-007  -3.3828269550263726E-007   5.7636732870507436E-011  -1.9110410218915378E-011  -1.3987191222367712E-011  -3.7156677228369890E-011  -8.4790236938843164E-011  -2.0482130900199934E-011   5.2477526784337099E-003   5.6289593841765635E-013  -1.1755171815503547E-013  -2.7032364944313593E-013  -3.9653751510234335E-013  -1.0293943951177723E-012  -5.9374322755756722E-013   9.6216932998353397E-014   5.2058843828208853E-014   2.8623868272214593E-014   2.3152065946251230E-013  -4.1294334216287705E-013   4.4320495070284922E-013   1.1206029231719300E-012   3.2406090773778697E-013  -3.0009405850699028E-013  -3.3072972067885400E-011   1.3649277500663138E-011   6.4447972111200105E-012   2.1122790541145462E-011   2.2660780667394586E-011   1.1931787365455739E-011   5.1604559864659791E-012   1.1887602766933203E-011   1.1931585009821157E-011  -4.0824027113942776E-012  -6.4856473096994556E-012  -2.8410583971507096E-012   3.4418135463373770E-012  -1.9808649939021641E-011  -1.6505276490521483E-011   5.8710999755455958E-012  -7.1208275682469708E-009  -7.1295594998373967E-008  -7.9075568072850016E-008  -1.2344518799912464E-003  -2.7625910686750926E-010   1.1012092259134222E-010   5.1774756225680777E-011   1.7591191548137692E-010   2.0968831918881291E-010   1.0034751015746447E-010   1.7292664789928653E-008   2.0219035360985792E-007   2.2383347885033011E-007  -4.4525446152900378E-003   3.7269910571605168E-009   4.1203169669038429E-008   4.5666089671445577E-008   4.5800559699512873E-012   1.0215676108930432E-011   1.0525683762096650E-011  -3.6386696177216055E-012  -5.6453942677420775E-012  -2.5061134558763659E-012   3.0001234019223240E-012  -1.6777644562006250E-011  -1.4240760319657447E-011   4.6599090937066952E-012  -1.3466107962959830E-003  -4.8049794837696738E-004   1.6324117300560029E-012   3.6495153487986055E-012   3.7015497701049862E-012  -1.2916704374295836E-012  -2.0309498521358743E-012  -8.9843557149976164E-013   1.0602425731645886E-012  -6.0239476150658450E-012  -5.0719714498877755E-012   1.7310041910319453E-012
  -1.1527332368056409E-010   3.5470380909054651E-009   1.3938336620604883E-015   1.5662154587193858E-015  -1.7735224577076446E-009  -2.4564312896229975E-014  -1.7735156354522864E-009  -1.1251509832190117E-008  -8.2457945762254798E-009  -4.5217728229344720E-009  -3.5040099880086151E-009   1.6786776762087627E-007   3.0346603615610444E-014   1.0724581201403722E-013  -8.3933947496729378E-008  -5.6656487026999046E-013  -8.3933820135720775E-008  -1.0873373952314215E-008  -7.9669766228488960E-009  -4.3689221690734715E-009  -1.3604289390431684E-008   3.9558837958191316E-013   6.0316356990514517E-014   1.9041844932613391E-013  -2.6549845694395788E-013   3.3988101635513196E-016  -2.6523824112488016E-013  -3.5650346994237073E-014  -4.6897825954612346E-014  -1.2486356804726082E-014  -1.0697410477814559E-013  -1.0671602737585162E-008  -7.8214025649951511E-009  -4.2892832417647996E-009   2.3749078869139730E-006   3.2749898796477381E-013   1.4936928099567392E-012  -1.1874547832112808E-006  -7.4634304928613107E-012  -1.1874531037362073E-006  -1.1689857977386495E-008  -6.3027270417669118E-014   2.5710927843041389E-014   1.8434365445358388E-014   6.1767085589568652E-014   6.2841008077741304E-014   4.8947438225692597E-014  -1.9360714166800410E-014  -6.0915000613540187E-015  -8.5197194255120942E-015  -1.3894062682266510E-014  -2.7301153602252061E-014  -2.3299012858003740E-014  -1.3810422952079429E-014  -2.3539929677409040E-014  -2.0004077989542801E-014   1.0172496597988954E-005   1.5022684272266948E-012   6.4680613352711826E-012  -5.0862519809309839E-006  -3.2819710469544735E-011  -5.0862446171233001E-006  -2.2081903280676121E-012   5.2657159828091276E-013  -3.3562757925549520E-013   1.4812805104297891E-012  -1.9549729537170661E-016   1.4813182761109730E-012  -3.0247927963559601E-013   1.0306131285443753E-013  -1.2075288251412972E-013   1.7334456222259312E-013  -2.5931305173605092E-009  -1.8534086938611983E-009  -1.0212866647477757E-009   2.7848845579044525E-009   7.7317748129202379E-005   1.1359529025522299E-011   4.9157387897020821E-011  -3.8658902048671227E-005  -2.4937609056337858E-010  -3.8658846080532216E-005   4.9160669909326867E-009   4.6820571807504254E-009   2.4360891876947257E-009   1.0085694695759532E-008   1.4424961123672629E-009   1.0568411452535560E-009   5.7945345315783567E-010  -3.4354463227205008E-012   8.8965895467701294E-013  -9.9786819295586744E-014   2.3045245702745399E-012  -3.7689887052284722E-016   2.3046105800553472E-012  -4.9860224074845670E-013   3.0168655572219709E-014  -2.2071379722525068E-013   5.1890320467503534E-014   3.0925138766986291E-009   1.0704028946325880E-009  -1.3987710963406458E-012   4.3993495505380026E-013   4.4944220782289479E-014   9.3830305097434636E-013  -1.8321305092810232E-016   9.3834549890596252E-013  -2.4727709568114858E-013  -7.9389700009794605E-015  -1.0817790034306022E-013  -2.7582061272522184E-014
   4.0460233529859764E-011   1.3938336620604883E-015   3.5470507268514154E-009   2.3118628071684574E-014   1.8784233324601381E-015   3.7089981774039610E-015  -3.2740231612829909E-015   1.5730619153914414E-008  -1.0452827646750596E-008  -4.3821639624487247E-010   1.2283213977351278E-009   8.7242753303648484E-014   1.6786804561577232E-007   5.2097695685622820E-013   4.0199109446779614E-014   1.3873799158197320E-013  -1.2744978953656555E-013   1.5198463218077963E-008  -1.0101271296941211E-008  -4.2331907811360632E-010   4.7691028038251148E-009  -3.8409298660901000E-014   4.0846076731409099E-013   3.1657672532776726E-017   7.0802279704520364E-014   1.5877668426103152E-013  -1.9270705231518463E-014  -2.2846461968082776E-013  -1.9236495402648458E-016  -1.0194337375414409E-013   1.1986960709788107E-016   1.4921207533952955E-008  -9.9141953837632036E-009  -4.1569109963161747E-010   1.2482451422219392E-012   2.3749116024304654E-006   6.9328753427059355E-012   4.7485651027586094E-013   1.9303385965021521E-012  -1.7231157146869748E-012   4.0979434927008531E-009  -1.5523126364477024E-014  -7.1857678528689667E-014  -2.7462702936815195E-014   3.1043884014107888E-014   1.3857382181425781E-014  -3.7743058348950022E-015   5.9542736724207662E-014   7.2405899126023096E-014   1.6524919439531984E-014  -2.6505454617220398E-014  -1.5622958906779447E-014  -5.4355817378307662E-015  -3.5989274142573261E-015  -4.8930895025500774E-015   4.1981304683666487E-015   5.4627416542556705E-012   1.0172512894186266E-005   3.0429699679168784E-011   2.1384276363641858E-012   8.4086262137609057E-012  -7.6011789719204013E-012  -3.3281058958003845E-013  -2.2836013744966465E-012  -5.1298765896473581E-015   6.0952605351739701E-013  -2.9236661082952507E-013  -1.6301377237680456E-013   1.2764738444344161E-012  -5.0613256975114615E-015   5.7103193023460787E-013   7.5961233258489187E-015   3.5254869007203881E-009  -2.4010361763358403E-009  -9.5965133910948024E-011  -9.7618615911382877E-010   4.1481474788412324E-011   7.7317871985091560E-005   2.3134087204348572E-010   1.6216181522319853E-011   6.3944134124783772E-011  -5.7697656462377467E-011  -9.1877807238105797E-009   4.7579674117871929E-009   3.1106827130550720E-010  -3.5351757583751372E-009  -2.0162424918218221E-009   1.3401017383776933E-009   5.6180513671316785E-011  -5.7262323447355787E-013  -3.5491422507239511E-012  -1.8278308583750335E-015   1.0270759303407449E-012  -8.6889540710064849E-014  -2.5882126738563175E-013   1.9839835310844532E-012  -1.5489662334493461E-015   8.8734899309301167E-013   2.5169222676429994E-015  -1.0838661292911774E-009  -3.7523586612807146E-010  -2.8268417103807088E-013  -1.4453656639930096E-012  -1.0460709451703100E-015   5.0812463892636837E-013   3.5111691646598910E-014  -1.2886405129780337E-013   8.0790852722568382E-013  -8.8951318886152358E-016   3.6144260182263978E-013   1.4427159194020387E-015
   3.1237011105675147E-011   1.5662154587193858E-015   2.3118628071684574E-014   3.5470453181054502E-009  -2.8730523231655118E-015   4.0658968375287345E-015   1.3063689230609359E-015   9.4979845963701463E-009  -3.9679369049776413E-010  -1.0400982323400093E-008   9.4797482754909693E-010  -2.2390333957598503E-016   5.3060216442050590E-013   1.6786794902777130E-007  -9.7493178625532649E-014   1.1605094350767075E-013   9.7715362910847466E-014   9.1766532852482996E-009  -3.8330178816270015E-010  -1.0051188166262412E-008   3.6806435422433716E-009  -1.2108076206561541E-013  -6.5277157480720194E-017   4.0865180987638577E-013  -5.6495127168475035E-014   4.9176035653127023E-014   2.1894196001305682E-013   1.2923980826601593E-016  -1.0269388664594946E-013  -1.0800278898885506E-016  -2.2804769098792232E-013   9.0097641851618607E-009  -3.7640250262679112E-010  -9.8650094853450023E-009  -3.3806448254392432E-014   7.0683273938812579E-012   2.3749103918643578E-006  -1.3071565396991040E-012   1.5640554225834390E-012   1.3409617363886903E-012   3.1626181849214510E-009  -1.1179888357294548E-014  -2.7296558866184416E-014  -6.5987350017698961E-014  -2.8079019058916232E-015   1.9539829862996694E-014   2.2447331575812069E-014  -2.6788421145172765E-014   2.9564933672864675E-014   7.2562662816284496E-014   4.3950910813643032E-014   3.1851759292239038E-015  -7.0932646469625601E-015  -2.7865110910004959E-015  -7.4709613410955519E-015  -1.1191972384598197E-014  -5.8395241600657463E-014   3.1006520279881813E-011   1.0172507544960113E-005  -5.7559828296145037E-012   6.8935206224628245E-012   5.8143822432074765E-012   2.1980402720079824E-013  -5.1763798907663554E-015  -2.2833467897600688E-012   8.3487086977575026E-014   4.3179785589355822E-013  -3.7838507960040476E-013   7.6514383528030348E-015   5.7093653946471855E-013  -5.0888547377212859E-015   1.2763551902421458E-012   2.1332431740182282E-009  -8.6769562084244824E-011  -2.3897495176699818E-009  -7.5302389696454086E-010  -4.4207543631100806E-013   2.3573019451202854E-010   7.7317831428086716E-005  -4.3708276875099544E-011   5.2389986113084279E-011   4.4150352017419855E-011  -5.4169035681413195E-009   2.8492920537162107E-010   4.7193675138294718E-009  -2.7264543209148242E-009  -1.2172587544775225E-009   5.0872524121221649E-011   1.3334531627137041E-009   6.3752445600953646E-014  -1.8211334182431301E-015  -3.5492137189633467E-012   2.6002320009169973E-014   7.4014987518272579E-013  -1.1153521017025067E-013   2.5765712627335314E-015   8.8773155468787142E-013  -1.6355969114303923E-015   1.9837516772835614E-012  -8.3546220516848845E-010  -2.8959117595443981E-010  -2.8555221906971996E-014  -1.0428070958917158E-015  -1.4452973291802681E-012  -1.5293998198512552E-014   3.6534105173400698E-013   5.3604839080003521E-014   1.4734054560224488E-015   3.6147371908383710E-013  -9.3389837107688994E-016   8.0783437822664002E-013
   7.4080737465507570E-011  -1.7735224577076446E-009   1.8784233324601381E-015  -2.8730523231655118E-015   3.5470668382744370E-009   1.2417597241617948E-014  -1.7735443771457868E-009   5.4825729118743561E-009   1.7627618924943294E-008  -5.5604408718193799E-009   2.2521636272379782E-009  -8.3933948544830331E-008   9.5267430293856912E-014  -9.7194746417836275E-014   1.6786843603683092E-007   2.7527164589579970E-013  -8.3934487477806464E-008   5.2983599242292843E-009   1.7031362368312264E-008  -5.3722671785473157E-009   8.7439617636419129E-009  -1.9759746221360162E-013  -4.5259554967694776E-014  -4.9882019318159108E-014   3.5308344428091900E-013  -1.6303766431827204E-016  -8.7979233058507087E-014   6.7868808256118920E-014   1.8738132708501421E-013  -4.5796214476378861E-014  -1.0248581604767944E-013   5.1999850827284610E-009   1.6720533657431234E-008  -5.2746892835948928E-009  -1.1874547978064616E-006   1.3706183486077237E-012  -1.3053124237089966E-012   2.3749167820320530E-006   3.6199626920663546E-012  -1.1874619841920603E-006   7.5134941490513301E-009   3.2772556741858915E-014  -1.9252214859532514E-014  -4.4409650672941299E-015  -6.6977155704616199E-014  -3.1501444471763469E-014   9.4058675150108433E-015   2.5519393771147299E-014   1.2210694262077403E-014  -8.4082605699431308E-015  -4.6602991848621234E-015   4.0304165885092082E-014   9.3905429298618711E-014  -3.8232886565951250E-015  -7.0425569677389361E-014  -3.1803936469353035E-015  -5.0862520434972360E-006   5.9919961814296754E-012  -5.7484199459931188E-012   1.0172535689175231E-005   1.5937107058089417E-011  -5.0862836456421007E-006   1.1041399320111513E-012  -3.9102270671968711E-013   8.7671238780571742E-014  -1.9812286468375133E-012   1.2916616878951270E-016   4.9986922056356433E-013   5.8282640855414946E-013  -3.5094113419248567E-013  -3.9092114047579888E-013   1.9622991479331080E-013   1.2648613646445670E-009   3.9539052744344022E-009  -1.2462353212400507E-009  -1.7899336961954986E-009  -3.8658902523012361E-005   4.5528214726156372E-011  -4.3651441195527018E-011   7.7318045109941831E-005   1.2110541147587153E-010  -3.8659142586917822E-005  -2.3652833463350036E-009  -1.0214607355861880E-008   3.2387425553513125E-009  -6.4823899127353852E-009  -7.0289638151335942E-010  -2.2593587492511777E-009   7.1266330415349897E-010   1.7175370431334551E-012  -6.6617133647842462E-013   2.7747666930258886E-014  -3.0744629523653733E-012   2.1635154190677699E-016   7.7014503205447421E-013   9.9266745355095853E-013  -1.0233640703293882E-013  -6.6563188020474879E-013   5.5595147289553213E-014  -1.9876422113764419E-009  -6.8798654790408093E-010   6.9936118566150540E-013  -3.2926204945055358E-013  -1.0461852469722542E-014  -1.2523188924064063E-012   1.0704365309537571E-016   3.1402723342925841E-013   4.9062699594612442E-013   4.2344399851170614E-014  -3.2898316904456025E-013  -2.3763903961921430E-014
   1.7103076500250827E-010  -2.4564312896229975E-014   3.7089981774039610E-015   4.0658968375287345E-015   1.2417597241617948E-014   3.5470716529978737E-009   1.2146713016805076E-014  -2.9777936726762217E-010   7.8400620193338754E-009   1.4286659923901504E-008   5.1994557468847572E-009  -5.6516558722844594E-013   7.7455009063995011E-014   1.4913564027252959E-013   2.9680160442512711E-013   1.6786856980727606E-007   2.6836405544261856E-013  -2.8765979705130109E-010   7.5750685197233710E-009   1.3803576564182161E-008   2.0186777718570027E-008   4.7318628710879291E-016  -5.1387719584672965E-014  -1.4711680399965535E-014  -3.8331015053409012E-016   2.9367771353120590E-013  -2.5162366904414169E-016  -1.2156526427663731E-013   6.7048021625267321E-014   2.1448487467819741E-013  -3.9008931303146118E-014  -2.8250027167189303E-010   7.4369544295242460E-009   1.3551370610562862E-008  -7.4469250918514386E-012   1.0531752354348625E-012   2.0925194696264301E-012   3.9286134146710245E-012   2.3749185623689096E-006   3.5183122709744249E-012   1.7345836096305872E-008   1.4814010472818383E-014  -5.0614226140692897E-015  -7.0321242236859056E-015  -1.2899856722312716E-014  -4.6705830588333729E-014  -1.3122785361588181E-014  -5.4571830517332902E-015   1.9494226549352921E-014   1.4112176723164863E-014  -7.4980349684516506E-015  -5.7402518717068796E-014   2.8332545917728604E-014   1.1373428599667569E-013   6.4797316601117127E-015  -5.7275547786663565E-014  -3.2749613164102765E-011   4.6600060696535345E-012   9.1657423670558618E-012   1.7253985997916871E-011   1.0172543554874921E-005   1.5495628448010724E-011   7.4587587766628359E-015   1.1024199719771105E-013  -1.3722233245973532E-013  -4.9920048186386381E-015  -1.6536699980541404E-012  -5.0151787258297734E-015   2.1328711578868684E-013   5.9273829202181279E-013  -3.9639651517370064E-013  -3.3952134322308163E-013  -6.4788279429510804E-011   1.7716431252348532E-009   3.2108031607099180E-009  -4.1304595573367534E-009  -2.4884612790944452E-010   3.5454319434106573E-011   6.9670898809814464E-011   1.3111576463588141E-010   7.7318104819034495E-005   1.1773036342522688E-010   2.2258022122535012E-010  -4.2013416317098691E-009  -8.1226079062914548E-009  -1.4956004841504403E-008   3.8186281576818533E-011  -1.0046736650208510E-009  -1.8310883082202633E-009   2.1877033686431768E-015   3.0245747080367905E-014  -2.5394891512553859E-013  -1.4107088009105739E-015  -2.5624636068598710E-012  -1.5245941084697621E-015   6.2610244774213429E-014   1.0245053996082894E-012  -1.1424611405035808E-013  -5.7433889022257605E-013  -4.5835204211599749E-009  -1.5883039311647558E-009   1.2801369942537919E-015  -1.0903173217172709E-014  -1.2451308567500201E-013  -8.3112010986143418E-016  -1.0439265699724926E-012  -8.8648722647216033E-016  -2.9699861547854586E-014   5.0557162926567264E-013   5.0749762370415201E-014  -2.8402432604483686E-013
   4.1193925684059490E-011  -1.7735156354522864E-009  -3.2740231612829909E-015   1.3063689230609359E-015  -1.7735443771457868E-009   1.2146713016805076E-014   3.5470600114315334E-009   5.7689373354200824E-009  -9.3818236048208310E-009   1.0082218284006713E-008   1.2518865765232027E-009  -8.3933819182588746E-008  -1.2569766600965890E-013  -1.0073227615784947E-014  -8.3934488378281777E-008   2.9129286140255504E-013   1.6786830755825031E-007   5.5750144248074046E-009  -9.0643850179019351E-009   9.7411937808400435E-009   4.8604840846137977E-009  -1.9799091734766458E-013  -1.5056801741454529E-014  -1.4053642946636145E-013  -8.7584987209695077E-014  -1.7684368597353968E-016   3.5321747402841981E-013  -3.2218460904957148E-014  -1.4048350177928996E-013   5.8282570520875247E-014   2.0945992090577808E-013   5.4716180490052557E-009  -8.8991303877825152E-009   9.5639768784298938E-009  -1.1874530906147911E-006  -1.6993005275457297E-012  -1.8869391118915119E-013  -1.1874619965314495E-006   3.8434626012361868E-012   2.3749150871462247E-006   4.1764987585793343E-009   3.0254713740581804E-014  -6.4587129686983233E-015  -1.3993400370265995E-014   5.2100700198037376E-015  -3.1339563681927842E-014  -5.8353305759270584E-014  -6.1586796021723330E-015  -6.1191942280651080E-015   1.6927979972665980E-014   1.8554361879709773E-014  -1.3003012245569626E-014  -7.0606416340502700E-014   1.7633711638421865E-014   9.3965499311295973E-014   2.3184471630111630E-014  -5.0862445609478896E-006  -7.4993325939976778E-012  -7.2098431283322261E-013  -5.0862836984383352E-006   1.6882581150334313E-011   1.0172528259415662E-005   1.1040503977352485E-012  -1.3554889054633929E-013   2.4795634123983662E-013   4.9994813397136084E-013   6.6331041455430234E-017  -1.9811874964905038E-012  -2.8034712890174937E-013   2.4787982040175609E-013   5.1167402195249737E-013  -3.6957447688816901E-013   1.3282690968998757E-009  -2.1004961094027659E-009   2.2675229889966472E-009  -9.9493634887386158E-010  -3.8658845655261225E-005  -5.6926263815788428E-011  -5.5161538104443373E-012  -3.8659142986739145E-005   1.2827050988746876E-010   7.7317988641989786E-005  -2.5507873921785143E-009   5.5325569132184314E-009  -5.6748350184562638E-009  -3.6031999831116070E-009  -7.3959978387617968E-010   1.2025175083119698E-009  -1.2921173454405212E-009   1.7179092821439630E-012  -2.2348761696994726E-013   7.2039153103709406E-014   7.6993837837733252E-013   1.6054715684482078E-016  -3.0747556118267844E-012  -4.9406521276642263E-013   7.2167750891358055E-014   8.8634567615295294E-013  -1.0748546788303826E-013  -1.1047845017462543E-009  -3.8242865075418908E-010   6.9940991174056004E-013  -1.1067290519182010E-013  -3.4482368071509274E-014   3.1401583988700387E-013   7.6169298928740292E-017  -1.2523727322142095E-012  -2.4334990017459298E-013  -3.4405429967205485E-014   4.3716106885493247E-013   5.1345965141986611E-014
  -2.6677697816491207E-008  -1.1251509832190117E-008   1.5730619153914414E-008   9.4979845963701463E-009   5.4825729118743561E-009  -2.9777936726762217E-010   5.7689373354200824E-009   9.4546803215607059E-002   2.2756424911964248E-008   1.7085250327657312E-008   2.9540098153515338E-008  -3.5537115711478436E-008   1.3654588703182058E-008   4.1039330720898550E-009   1.7783484695319969E-008   3.2932773168369228E-010   1.7753634218161290E-008   9.1340936479447368E-002   7.0983934341120812E-010   4.1392468085524180E-009   3.9851564084620224E-008  -6.0198831937023449E-010   2.2915266188186657E-010   1.6070060642713448E-010   4.7237255749917516E-010   6.3585866752419227E-010   3.3531246954358479E-010  -1.2450564840180305E-010  -5.0908215051305146E-011  -6.2112085678713765E-011  -8.1832629747514889E-011   8.9679712469795600E-002   9.6362458135586069E-009   9.1184347087949389E-009  -2.2164673360889109E-008   3.5557966631548822E-009  -2.7687631760650670E-009   1.1072411430790990E-008   1.0864894586070906E-010   1.1092264841980085E-008   3.9433356371067129E-008  -4.5522636790361764E-012  -4.6192511140896775E-012  -4.1198585073166202E-012   4.5346723355681753E-012   5.5874398289920623E-012   3.4610248582953195E-012   1.3269289684407252E-012   4.1926544693679498E-012   4.4171377000224629E-012   9.9479510929859269E-013  -1.6333945205621812E-012  -2.1339389991777755E-012  -1.6660856883746506E-012  -2.0307007774461329E-012  -1.0223340024585783E-012  -1.0207381188103858E-008   1.3991755936366205E-009   1.9895921939378729E-010   5.1110966585781066E-009   7.3829217648412134E-011   5.0962800154690291E-009  -1.2431852833556253E-010   6.5074526694771799E-011   4.6990527098271498E-011   9.7347271782078913E-011   1.2237292609938392E-010   6.9462131780047326E-011  -3.3281436190606552E-011  -1.7797087786516780E-011  -2.0424256450929149E-011  -2.1758499125221358E-011   2.0985571990168400E-002   7.0608466019081700E-010   1.2085250860772322E-009  -8.7264682360262785E-009   2.6675818137142702E-008  -1.1710342122175520E-008  -3.6586499153276881E-009  -1.3302425365033844E-008   2.8850716823569735E-010  -1.3373394006272922E-008  -5.9896057854177107E-002  -5.0909287188482676E-009  -5.3233385067476649E-009  -3.4157394417380963E-008  -1.2116826286229895E-002  -9.5908226123671928E-010  -1.0331866594698317E-009  -1.3953260983461491E-011   8.3083062568059028E-012   2.2293249944736908E-012   1.2726693885890937E-011   6.6628713136034717E-012   5.9947295369318719E-012  -3.2843976256023319E-012  -3.5637342774637561E-012  -3.9016803985123615E-012   9.9486653469455031E-013  -1.0989971432315887E-008  -4.1033300580883215E-009  -1.1486342560949549E-011   6.0850229962545007E-012   3.4672393067638616E-012   9.5019203706159514E-012   1.0120165676221572E-011   5.9074908134907087E-012  -2.8760702427637748E-012  -1.9962494009038012E-012  -2.2261128117169266E-012  -1.0963637036043750E-012
  -3.2227568889427846E-007  -8.2457945762254798E-009  -1.0452827646750596E-008  -3.9679369049776413E-010   1.7627618924943294E-008   7.8400620193338754E-009  -9.3818236048208310E-009   2.2756424911964248E-008   9.4546922688726956E-002   8.9920788843589970E-008   2.2552084794321947E-007  -8.6761357228354173E-009  -3.0362082985816659E-008   2.9995044843485731E-010   1.6277851901674110E-008   5.4474093015267948E-009  -7.6017064521692951E-009   3.6955773635418600E-009   9.1340948376101960E-002   8.4886032389736105E-009  -8.4180825948275439E-008  -1.1654769918625271E-010  -5.6865661565918664E-010  -2.4318124584852812E-010   2.1932457780595795E-010   1.0126017811703036E-010  -6.2958283224461165E-011   3.9528981053220947E-010   8.9633395276505930E-010   3.8341938808477284E-011  -4.8682602676558624E-010   1.1165568052414147E-008   8.9679766654532519E-002   4.0488146256010704E-008  -2.3101894350765596E-009  -1.9077674943954460E-008   9.3722911393809026E-011   4.2612130514650942E-009  -2.3483478171667144E-009  -1.9510022434981944E-009   2.8415975659500223E-008   1.2313246729053009E-012  -3.0702684387642699E-012  -9.0998415971163121E-013  -3.1049647169672745E-012  -1.6307257633249843E-012   9.4010260533537785E-013   3.2976755695285682E-012   3.8038262792904261E-012  -3.0548090379787431E-013  -1.9252998275508140E-012   7.4321379271621486E-013   4.7739820941911417E-012   1.7995504753011156E-012  -3.5584107973837106E-012  -1.5600265226353820E-012  -1.0086768339025678E-009  -8.7250366078052172E-009   7.1853582827433267E-011   1.7346497708537753E-009   5.6475024758987964E-010  -7.2594552066261309E-010  -2.8702166582231503E-011  -1.1989721842457416E-010  -5.1608441377155548E-011   5.9243980479745075E-011   2.4564168347645464E-011  -2.0735285734332096E-011   8.1359997426151065E-011   1.7799562342576689E-010   1.0741283273820342E-011  -9.4199128466326905E-011   1.2683760863039522E-009   2.0985577213476547E-002   3.8172871406587760E-009  -1.1274339442633208E-008   5.9246750304413590E-009   2.3591786648858742E-008   2.8490039242437507E-010  -1.3045984379725877E-008  -2.0901944809447473E-009   7.1213095168589128E-009  -6.3314058527845853E-009  -5.9896087818694814E-002  -2.2296898704207785E-008   1.6872457345586541E-008  -1.2166292711060542E-009  -1.2116831984112880E-002  -4.2394309580041793E-009  -1.3503003964209390E-012  -1.6376974896794857E-011  -8.8004925841568931E-012   5.8610107829419484E-012  -2.3130837006350794E-012  -4.0499158859489421E-012   1.1254099538916586E-011   1.5716936144702873E-011   1.2792081955816405E-012  -5.1541722355288857E-012   4.4375475033477144E-009   5.9793029667861829E-010  -2.1613411302165895E-012  -1.2045660079363809E-011  -5.9748358617149434E-012   5.1810330409621523E-012   1.0334336724882835E-012  -2.2814259278438506E-012   8.0360160549560022E-012   1.6577715628357498E-011   1.2662306777474119E-012  -7.9024914459563472E-012
  -3.5731695885375707E-007  -4.5217728229344720E-009  -4.3821639624487247E-010  -1.0400982323400093E-008  -5.5604408718193799E-009   1.4286659923901504E-008   1.0082218284006713E-008   1.7085250327657312E-008   8.9920788843589970E-008   9.4546902178773456E-002   2.2244868198971333E-007  -2.8899601196845525E-009   3.0174884077687223E-010  -3.0384638494269414E-008  -1.7103936472194587E-009   1.4902097823278052E-008   4.6003788472723321E-009  -8.6361957959590619E-010   9.4922356790928965E-009   9.1340946298766545E-002  -8.7156126840344772E-008  -8.8462718227949499E-011  -2.2911627766859000E-010  -5.2966780483998567E-010  -5.1496659362233448E-011   1.4421508694000305E-010   1.7017911040537639E-010  -5.0357368827968327E-010   2.2065171627599077E-010   9.0473238153486701E-010   2.3030820538772602E-010   6.5421682174410691E-009   4.1014524677321506E-008   8.9679757398923671E-002   1.4462467338861147E-009   8.8255688185964373E-011  -1.9088206760815626E-008   1.8602827977560598E-009   3.9550459562122127E-009  -3.3064761390285613E-009   3.3158948887799388E-008   9.8816304574190043E-013  -8.2471781987750170E-013  -2.8621873881390528E-012   8.5504333430545187E-013  -2.1032493794248924E-012  -2.5939938759076269E-012  -2.2528285871764769E-012   5.3926345713587160E-013   4.1289440540419671E-012   2.4604889616513611E-012  -1.6833469574378735E-012  -4.0150240861111839E-012   2.1002958430585583E-012   5.5828396560825671E-012   2.7925790230874648E-013  -3.0440046639692639E-010   7.0736501049681239E-011  -8.7372444527296415E-009   7.8985935973062950E-012   1.7307891105178719E-009   2.9656689021352338E-010  -2.3804680444674763E-011  -4.9485789785283792E-011  -1.1909011673394266E-010  -1.7936443263825211E-011   3.4940637581807976E-011   4.9871118930580235E-011  -9.9538739430146186E-011   4.0911070346025232E-011   1.8303111161778089E-010   5.8258694398988290E-011   2.6674931061535482E-010   4.0071053578207483E-009   2.0985576309403783E-002  -9.9435877622956209E-009   1.2105982049914291E-009   2.7716587615002084E-010   2.3526225485905834E-008   2.5484940382241747E-009  -1.0303132917893300E-008  -3.7590896615497471E-009  -3.2398245457291994E-009  -2.2718464383298222E-008  -5.9896082678122124E-002   1.9560648175600696E-008  -6.0077403350413006E-010  -4.3269441418228283E-009  -1.2116831007084390E-002  -8.7340087973976692E-013  -7.0173125104578950E-012  -1.9049340145635172E-011  -3.5765090460890229E-012   4.1607693950650977E-013   4.7472640241601576E-012  -8.1877492903821587E-012   6.2427895517098199E-012   1.8002946005171178E-011   9.5376883102173593E-012   5.6449376311193802E-009   8.0015405213831691E-010  -1.7977440949709134E-012  -5.3834856958454854E-012  -1.2668099881979166E-011  -1.9954729380112019E-012   2.3032915848035601E-012   4.4071280314796827E-012  -8.9776723247994368E-012   4.5545963550408115E-012   1.7429118469883688E-011   6.0418393534926171E-012
   1.5728279399170252E-003  -3.5040099880086151E-009   1.2283213977351278E-009   9.4797482754909693E-010   2.2521636272379782E-009   5.1994557468847572E-009   1.2518865765232027E-009   2.9540098153515338E-008   2.2552084794321947E-007   2.2244868198971333E-007   4.7791014807943608E-002  -2.2211799485321043E-009   6.3542558305940577E-010   6.1314001279933518E-010   1.4922248313259640E-009   4.2256648963626056E-009   7.2907357478578560E-010   1.0515314066070468E-009   2.5273057581047398E-007   2.5743343623985016E-007  0.18556201978744702        2.9306031355534935E-010   6.5940532923546496E-010   8.4047753676126724E-010  -2.4510300292801902E-010  -3.1071346137026549E-010  -1.4807820681158997E-010   2.3808749103457391E-010  -1.0208491807046213E-009  -9.7883311965809695E-010   1.3443621784422111E-010  -2.6965890140427279E-008   2.2518299717860312E-007   2.3042244008872692E-007   1.8877897482331022E-009  -6.4194278305755581E-010  -4.3789300196014751E-010  -1.2141939827062203E-009  -2.5692536041366524E-009  -6.7366263515783100E-010  0.15944911028882824        1.7102310973843671E-011  -3.5749744162080219E-012  -8.2151531657960740E-012  -1.2049464963117137E-011  -3.1275589398918113E-011  -1.8038036003340824E-011   2.9235765648201398E-012   1.5863811831110946E-012   8.7394970286188392E-013   7.0327153472649032E-012  -1.2548319862026535E-011   1.3466909990683594E-011   3.4051941030820165E-011   9.8445558630755863E-012  -9.1213970314186156E-012  -4.1458673491622785E-010   1.5828531950751940E-010   1.4827729634153090E-010   2.7081108617064719E-010   7.1257409456274663E-010   1.4321273187553237E-010   1.5671492808282220E-010   3.6101764860309516E-010   3.6238121540444032E-010  -1.2397934218270847E-010  -1.9695149624854455E-010  -8.6275277400291975E-011   1.0453457970565174E-010  -6.0157225864250155E-010  -5.0126539179769891E-010   1.7827890275255362E-010  -2.8587726554236871E-008   5.9270897805822305E-008   5.9149069942986581E-008  -3.7876827180681957E-002  -3.9096898237138350E-009   1.4077251686959302E-009   1.2228847156630155E-009   2.5257109879928148E-009   6.5555354106268804E-009   1.3839889205101215E-009   2.4776655438522096E-008  -1.5532930494603081E-007  -1.5556004273153245E-007 -0.13703630054669835        5.5704207837654122E-009  -3.1901004033320003E-008  -3.2357601227834769E-008   1.3931199140405154E-010   3.1072903153083844E-010   3.2016076196280802E-010  -1.1067811085781267E-010  -1.7171611767921251E-010  -7.6228331869518641E-011   9.1255072370802517E-011  -5.1032197057745534E-010  -4.3316044572101343E-010   1.4173696394798311E-010  -4.1887155769660872E-002  -1.4599980306240004E-002   4.9702029586223270E-011   1.1111128897955407E-010   1.1268003451879759E-010  -3.9326186603428247E-011  -6.1841009799071811E-011  -2.7355957583778528E-011   3.2275730229819539E-011  -1.8340655513454558E-010  -1.5441346424283611E-010   5.2716162964329104E-011
  -7.3382052435976093E-011   1.6786776762087627E-007   8.7242753303648484E-014  -2.2390333957598503E-016  -8.3933948544830331E-008  -5.6516558722844594E-013  -8.3933819182588746E-008  -3.5537115711478436E-008  -8.6761357228354173E-009  -2.8899601196845525E-009  -2.2211799485321043E-009   7.9445455886254327E-006   3.2497629878387646E-013   1.7189585173548307E-013  -3.9722729852770338E-006  -2.2473709961404360E-012  -3.9722726038956331E-006  -3.4354880208802006E-008  -8.3858691467346088E-009  -2.7882507011359936E-009  -8.5856694076236410E-009   1.8718881431254443E-011   2.8551890280346029E-012   9.0133290709839830E-012  -1.2562621554389470E-011   1.9130146343830496E-014  -1.2551354896400675E-011  -1.6865784319586060E-012  -2.2191341474001932E-012  -5.9240460605927399E-013  -5.0641009376146751E-012  -3.3689649620875643E-008  -8.2375481950523736E-009  -2.7576936116585798E-009   1.1239539777793671E-004   3.9680344578200255E-013   1.8668531128980153E-012  -5.6197699276167709E-005  -6.6873309964002583E-012  -5.6197698503355143E-005  -7.3817359528723488E-009  -2.9827970559664450E-012   1.2167538306082113E-012   8.7237314804236424E-013   2.9231708916779217E-012   2.9739300404649167E-012   2.3164490776579463E-012  -9.1624488801871629E-013  -2.8824596351504952E-013  -4.0317570647676876E-013  -6.5752886837946366E-013  -1.2921190714860728E-012  -1.1026028667993672E-012  -6.5346040876929817E-013  -1.1140346838138884E-012  -9.4676669458632213E-013   4.8142574660633991E-004   6.6382410883489874E-012   1.1544875918097807E-011  -2.4071287905374236E-004  -6.8892852987270136E-011  -2.4071286755569110E-004  -1.0450560008649068E-010   2.4921653556472012E-011  -1.5882924906115129E-011   7.0103668996945597E-011  -9.3355118074236700E-015   7.0105333957507265E-011  -1.4314882201913761E-011   4.8762291608576660E-012  -5.7162153639685063E-012   8.2039019721790695E-012  -7.6790960155507420E-009  -1.8663598567190981E-009  -5.6118529966088692E-010   1.7049336583543130E-009   3.6591562618319752E-003   4.7923136559241621E-011   8.7722792358234505E-011  -1.8295781746401369E-003  -5.2012864415337072E-010  -1.8295780871918888E-003   2.9499695380315403E-008   7.0978085422616355E-009   3.1061103957947927E-009   6.1695653545984968E-009   4.5744168751915927E-009   1.1146985067766143E-009   3.6733480410862631E-010  -1.6258633682347340E-010   4.2105242812354489E-011  -4.7214343554423493E-012   1.0906412919935803E-010  -1.8718976950434616E-014   1.0906834317007473E-010  -2.3596634488258449E-011   1.4262238932325189E-012  -1.0447032947977390E-011   2.4561050866415611E-012   1.8389106944369931E-009   6.7638166199421360E-010  -6.6198450914211799E-011   2.0820813317007318E-011   2.1274158945201073E-012   4.4406250507520528E-011  -8.9727197409312294E-015   4.4408300525033196E-011  -1.1702583914406854E-011  -3.7621560479742265E-013  -5.1201485870977783E-012  -1.3052664963706721E-012
   2.1156078513581752E-011   3.0346603615610444E-014   1.6786804561577232E-007   5.3060216442050590E-013   9.5267430293856912E-014   7.7455009063995011E-014  -1.2569766600965890E-013   1.3654588703182058E-008  -3.0362082985816659E-008   3.0174884077687223E-010   6.3542558305940577E-010   3.2497629878387646E-013   7.9445464179363636E-006   1.6798684099737808E-012   2.3829009504203687E-013   1.5936204575201165E-013  -5.6364164881027179E-013   1.3201849746386244E-008  -2.9353350126279352E-008   2.9090119401910017E-010   2.4543877527368974E-009  -1.8140490750357303E-012   1.9325469481810238E-011  -2.1268654660095063E-015   3.3485150425881014E-012   7.5102583125038582E-012  -9.1470867512468121E-013  -1.0809842729020146E-011  -3.0279793124991335E-015  -4.8225462277099670E-012   3.8462532469061506E-015   1.2974432755899198E-008  -2.8786237358877705E-008   2.8466581001168218E-010   2.1061327344834969E-012   1.1239539949451410E-004   3.6057553307431387E-012  -2.8796227331693001E-013   3.9455456744621420E-013  -1.8188357872145019E-012   2.1093345475715665E-009  -7.3462808681978791E-013  -3.4007183427189102E-012  -1.2996588929294541E-012   1.4691546239986035E-012   6.5580273708942474E-013  -1.7862857861849680E-013   2.8179330578691784E-012   3.4266712533491706E-012   7.8201587140728154E-013  -1.2544304328732603E-012  -7.3934127736824605E-013  -2.5722862617387705E-013  -1.7034879102184859E-013  -2.3157732380275969E-013   1.9869879525735366E-013   1.3912752255725391E-011   4.8142577203388572E-004   5.0099385176528169E-011   3.9470429152106856E-012   8.3688626650244162E-012  -1.7860252474357453E-011  -1.5749987902714603E-011  -1.0807560985911781E-010  -2.4353742778966451E-013   2.8846189497770499E-011  -1.3837163421939429E-011  -7.7153625392758217E-012   6.0411088825696194E-011  -2.3785743824079339E-013   2.7025625754822113E-011   3.5881291190545356E-013   2.9768825388085327E-009  -6.5744744779133402E-009   5.6878402169300513E-011  -4.8540270253428963E-010   1.0316676873116328E-010   3.6591564548223692E-003   3.8344470620482769E-010   2.8511476216029671E-011   6.5136697724711152E-011  -1.3167825212619139E-010  -1.0936072147212287E-008   2.5125336061363444E-008  -2.9443527970407410E-010  -1.7535639721699801E-009  -1.7601124199599418E-009   3.9102563619480290E-009  -3.7607643754276193E-011  -2.7100029519246916E-011  -1.6796779686773747E-010  -8.6480071683140803E-014   4.8607601902792926E-011  -4.1120180892384305E-012  -1.2249098122929971E-011   9.3894278815886869E-011  -7.2667233262129739E-014   4.1995401249886027E-011   1.1862169871202824E-013  -5.2019022421793042E-010  -1.9329900985881421E-010  -1.3378293527424718E-011  -6.8403834453597951E-011  -4.9502317429361696E-014   2.4047579071569491E-011   1.6616911989272688E-012  -6.0987160448356705E-012   3.8235215486950892E-011  -4.1839113690914657E-014   1.7105908445911118E-011   6.8082673367593572E-014
