   4.5693041080528435E-002  -4.7960187534222010E-017  -6.8951400100424148E-017   5.2036771578458372E-017   2.0172559594697163E-009  -1.3337690882063415E-009   1.6373299390191411E-009  -3.9690833004732815E-010   4.1983419936071938E-009  -1.6203876408915972E-009  0.15656044954337975        2.1674994349473258E-016   2.4364876910802153E-017   8.6879143164580122E-017  0.15826809670400441        4.9189495110165764E-009  -2.5345222855283709E-009   3.3043003282874919E-010  -2.3162994911254966E-009  -1.6431730449934877E-009  -2.6025620373067584E-009  -2.7642759707732298E-017  -1.9071407231019490E-017   1.6178543778788146E-017  -1.2102394814340012E-017  -1.2135580501848122E-017  -1.5503303423980898E-017  -8.0441013900198524E-018  -1.5614683995903605E-017   1.4275318104637642E-017  -1.0100234655275458E-017   1.4363292911232306E-015  -5.6610603924534082E-016  -4.8108036056891579E-016   4.7586767936358901E-009  -2.3138051258789435E-009  -3.8514323782723314E-010  -2.5003710331420836E-009  -3.8761826046913008E-009  -2.2582229872840136E-009 -0.10042104218341147        4.2174808558968701E-015  -1.1212379739387664E-015  -9.8858251998741779E-016   8.0997998225379947E-018   1.1036882563791775E-017   4.9074400176981186E-018   4.1236362001479944E-019  -2.2898846028109170E-018  -1.9373199998072987E-018   9.0261914573050599E-018  -3.1795981711774938E-018   4.4965695943191225E-018  -4.6582642596569242E-018  -8.6961823698617255E-002   3.2260498144864094E-015  -9.5410244073077966E-016  -8.0835152941609751E-016   4.0214812737298634E-009  -2.0706921926843252E-009   2.6292795996960634E-010  -1.8963701405201936E-009  -1.3667920963881604E-009  -2.1250893282844566E-009   8.5090911962232832E-018   9.9421917057460568E-019  -4.0444746609972452E-018   6.6463235662639909E-018  -3.0008989188556138E-018   3.3225248941755625E-018   1.7343530192763402E-017  -4.4024009693460840E-018   6.6497836053368257E-018  -1.2697442984713885E-017   4.7262559422887998E-002  -8.5523147926197321E-003
  -4.7960187534222010E-017   1.3022135879051863E-006   1.5768894056097873E-012  -5.6506315900656810E-013   2.0187323327408219E-018  -8.3686637358539767E-020   1.1970313653814962E-018   2.4483812905911891E-018   8.6330951752958825E-020   9.6522916583829379E-019  -1.1924619301687809E-016  -1.6803347734617178E-005  -1.3043581854679567E-011   4.1716398423535021E-012  -1.4655927759702554E-016  -1.6376835142462984E-018   7.6317670445494211E-019  -7.1788460237693482E-019   1.4698152320483926E-019  -8.6994276933780460E-019   2.4055211756345198E-019  -3.1355485991176110E-012   1.0457073666542015E-012  -2.5330440674505337E-013   2.1439132370170357E-012  -2.7613450412086319E-013   2.0628682965367671E-012  -6.2075688082788675E-013   5.7185125521618895E-014  -2.1287410651078189E-013   1.4617813426172023E-013  -3.0165419352580025E-004  -1.6933581714163164E-010   6.1753887807910453E-011  -8.3383894626207982E-019  -9.3529575253320618E-019   4.6481182357443936E-019  -1.4764732827799066E-018   1.0752936864115775E-018  -1.0771073127335903E-018  -4.6402031775423630E-016  -7.9617097348745180E-004  -4.8961049260651708E-010   1.7488729844266248E-010  -4.8401737848065587E-012   5.5432542598306060E-012  -2.9264968562914217E-012   2.0891918278614820E-012  -6.7029536011298973E-013   4.4046105337349526E-012  -2.6615155866507477E-012   1.2754705769460968E-012  -1.9724567210912638E-012   1.2306018966596992E-012  -8.6247220950552107E-016  -6.2225465390114670E-004  -3.7942000810789317E-010   1.3580941934002947E-010  -1.5630606447481366E-018  -1.2032735202351271E-019  -2.9118702484110831E-019  -9.1492233965425331E-019   2.0832516960805336E-019  -1.7012482080252043E-018   2.7991023476806473E-013   6.1723438731872173E-013  -4.5538021519490995E-013  -4.0955549240384443E-013  -3.9015960587639814E-014   3.4045691068105817E-014  -2.3253582822011749E-013   2.5196304596653810E-013  -3.0525492345559877E-013   1.5161704659580097E-013   5.9857230356235520E-016  -1.1682653355307998E-016
  -6.8951400100424148E-017   1.5768894056097873E-012   1.3022183906119265E-006  -2.2135954795365364E-013  -2.1443859731351322E-018  -5.8727294862574789E-019   2.4762671496734594E-019   1.9372065754564576E-019   1.0718616433433750E-018   6.1098917339471427E-019  -2.0334748462613481E-016  -1.3043539710929368E-011  -1.6803388013467017E-005   9.2946657234472774E-014  -2.6723541955744298E-016   3.2885977328144972E-018   6.4030153809471260E-019  -8.3490077757906711E-019   2.7976316214219318E-019  -4.6572835590419436E-019  -5.0448052558281518E-019  -2.1666998137690392E-012  -3.8222107666161418E-012   2.3309783246938382E-013   3.0589603390337067E-012  -8.0814228045446211E-013  -1.5203068550436187E-013   1.8832064162419591E-012  -2.2643089762417243E-013   1.2956385854489721E-012  -4.9704146773935193E-015  -1.6933499461193803E-010  -3.0165470808689977E-004   2.7487919992822258E-011  -1.0456076073364762E-018  -1.6869686317905562E-019   3.8364002778819117E-019   1.6216509236182278E-018   5.6231033620564591E-019   1.4965108181444170E-018  -8.9559198758236759E-016  -4.8960833248247503E-010  -7.9617246529748115E-004   6.6796501686304808E-011   3.0672122895271183E-012  -7.2467921424835154E-014  -4.3489533846523145E-013  -2.1511673561314110E-012   1.1633851745694676E-012  -1.9639325321664428E-012   3.6994691000471900E-013  -1.5711139039308312E-013  -4.2381922268484532E-013   4.4125501565078526E-013  -1.6419171529355624E-015  -3.7941831741340817E-010  -6.2225580965841838E-004   5.2738427748274788E-011   2.9456239484942651E-019  -1.4439813079444263E-020  -1.7670044360797586E-019   1.1704576864873236E-019  -2.1807216074955218E-019   1.9819407469678395E-019   1.3431620253378147E-012   1.3782993085878118E-012  -1.7031385881161002E-013  -1.4931653519679208E-012   5.5336326354874339E-013  -3.0887931961961406E-013  -5.8657652937556453E-013   1.3050661991104314E-013  -5.9121740452482597E-013   2.9670139623223183E-014   1.1396041375581373E-015  -2.2233630862521942E-016
   5.2036771578458372E-017  -5.6506315900656810E-013  -2.2135954795365364E-013   1.3022189005458297E-006   2.5549293966507925E-019   3.5795837614274566E-019  -4.9452193068987525E-019   6.0263762346304271E-019   8.6474647186273206E-020  -1.1074613476884590E-018   1.2349348455056977E-016   4.1716620840949421E-012   9.2935238321013798E-014  -1.6803391806224148E-005   1.9643579789715985E-016  -1.3293430971043265E-018  -9.0682513294108441E-019   3.6533315515422755E-019  -4.5501369617816979E-019   8.4047970853689043E-020   1.2515775048025882E-018   9.3892387364346764E-013   1.7775273803741904E-013  -4.5832718411506671E-012  -1.3429260058930203E-013   2.0632985168275265E-012  -1.1254087619248930E-012   5.2906694762229069E-014   6.9680420799009995E-013  -2.4873565388293647E-013   2.8968077047968393E-012   6.1754304915441634E-011   2.7487694566442427E-011  -3.0165476375588259E-004   6.1670604693696022E-019   5.2210153938704542E-019  -2.7930939496627576E-019  -2.0747175646515736E-019  -3.3450116658475159E-019  -5.8122827472785428E-019   1.0926203557830262E-015   1.7488838689866090E-010   6.6795902481670209E-011  -7.9617262315395275E-004  -1.7819616707766333E-012  -4.4264814048597976E-013   2.0018509830792449E-012   1.2486444304106217E-012  -1.4492597799349271E-012   1.1421085316640902E-012   3.2371788110724938E-014  -6.5355125495125202E-013   3.9921915800476836E-013  -1.0049986376837816E-012   1.9392612218383737E-015   1.3581027407714505E-010   5.2737964064347366E-011  -6.2225593222662147E-004  -3.6686377241223876E-019   3.0261789073036309E-020   3.4114316365814787E-019   2.8668293907478037E-019   5.8527014467019438E-020   3.7957525062110694E-020  -6.7815485635796713E-013  -1.6701709063448359E-013   2.0260719326537257E-012   2.6336753020081283E-013  -1.0381390059489138E-012   6.4647254615922293E-013  -7.7520258920464259E-014  -3.9187194310849603E-013   2.7102220503682215E-013  -1.2181872221327116E-012  -1.3366623586972992E-015   2.6038208087865553E-016
   2.0172559594697163E-009   2.0187323327408219E-018  -2.1443859731351322E-018   2.5549293966507925E-019   8.9249968224164748E-017  -5.8993058155614437E-017   7.2352927411999753E-017  -1.7592866469330909E-017   1.8546322616960622E-016  -7.1658850843851178E-017   6.9232348848674733E-009  -2.6049102541997039E-017   2.7670416113407669E-017  -3.2967703248579078E-018   6.9822848053690919E-009   2.1673898041292900E-016  -1.1166001772632653E-016   1.4476576486367660E-017  -1.0209145785115735E-016  -7.2670360976267721E-017  -1.1464375567770763E-016  -2.9856280837537685E-024   7.3786503508787363E-024  -1.0498038017604301E-024  -1.7307219044628304E-024   7.7157520541926448E-025   3.0699711920660284E-024  -4.7979417572067609E-024  -2.1350634267201951E-025  -1.7633772188107794E-024   5.2995883747507501E-025  -4.6763446641090381E-016   4.9673985388138122E-016  -5.9183849131908831E-017   2.0565090655089456E-016  -9.9727117423208800E-017  -1.8002808497639193E-017  -1.0855624656631110E-016  -1.7192019823015876E-016  -9.7091088288876823E-017  -4.7244426066038447E-009  -1.2342509039922070E-015   1.3110704665687402E-015  -1.5620687277695474E-016  -1.1878189354707047E-023   8.8451755362423310E-024  -3.1871817471607219E-024   6.6356004452685357E-024  -3.3401962582610225E-024   9.8115356175311784E-024  -4.1818338403067370E-024   2.0167489970412349E-024  -2.0733534501794263E-024   7.5660701747635915E-025  -4.3301505794772029E-009  -9.6464000986766901E-016   1.0246790127490480E-015  -1.2208490173886076E-016   1.7927834681978844E-016  -9.2308334195851236E-017   1.1703541980366006E-017  -8.4547100169817833E-017  -6.0989692107609135E-017  -9.4730304020549617E-017  -1.7529471755350952E-024  -1.1474995476525932E-024  -2.0649146992542024E-025   2.3905608524905650E-024  -1.3077852346515567E-024   1.0403494958130772E-024   1.2682512406104495E-024  -1.0069786076243621E-025   7.9839895016428644E-025  -6.2946584762702715E-025   2.4217634420239097E-009  -4.4268928168220976E-010
  -1.3337690882063415E-009  -8.3686637358539767E-020  -5.8727294862574789E-019   3.5795837614274566E-019  -5.8993058155614437E-017   3.8995178449552659E-017  -4.7832196435027459E-017   1.1625760217860608E-017  -1.2261426028802318E-016   4.7368455954387275E-017  -4.5764813035172782E-009   1.0798707081302951E-018   7.5779918057319566E-018  -4.6189891666336272E-018  -4.6169886187842267E-009  -1.4334135391442497E-016   7.3848339816333359E-017  -9.5815936993884757E-018   6.7515925377915740E-017   4.8036745885391621E-017   7.5822927427108065E-017   2.6188836173001335E-024   2.1074620040125197E-024  -1.7704933752712073E-024  -1.5116438557621475E-024   1.3037108143685291E-024  -2.2198791877348448E-025  -3.3728270260483800E-025   8.1571414124593415E-025  -1.1235652088691683E-024   9.8523996992494093E-025   1.9385905300861698E-017   1.3604026412412780E-016  -8.2920107784725469E-017  -1.3636982039156942E-016   6.6154745112880137E-017   1.1813496535317887E-017   7.1939263882983806E-017   1.1359895580552256E-016   6.4428187572922499E-017   3.0976155156265276E-009   5.1166198317417573E-017   3.5905791143705203E-016  -2.1885522829688995E-016  -2.1802909595123064E-024  -6.1427464246220633E-025   7.7750597368710108E-025   1.4006475669745254E-024  -8.1319302549653576E-025   1.1955921826611386E-024  -3.3524244333236937E-025  -1.2615872217932141E-025   2.9085455221648555E-025  -4.0598629586911620E-025   2.8189975091156535E-009   3.9989407094618413E-017   2.8062496893184733E-016  -1.7104828695926533E-016  -1.1837943754753145E-016   6.0952504436558726E-017  -7.7295588504459015E-018   5.5826783104326297E-017   4.0267019114669701E-017   6.2552029401450314E-017  -9.3411223165882677E-025  -8.2430736597972483E-025   7.8104186378920530E-025   4.5147327900973648E-025  -4.4487538727837580E-025   1.0042963808190105E-025  -1.9798215478270640E-025  -5.1318788865342427E-026   1.9447288645073449E-025   2.1839749957402359E-026  -1.5711716305033023E-009   2.8685956863009903E-010
   1.6373299390191411E-009   1.1970313653814962E-018   2.4762671496734594E-019  -4.9452193068987525E-019   7.2352927411999753E-017  -4.7832196435027459E-017   5.8694977918124397E-017  -1.4247376742850870E-017   1.5048092173388387E-016  -5.8106978266163034E-017   5.6141108010057478E-009  -1.5446120262685091E-017  -3.1953121030875155E-018   6.3811641121833279E-018   5.6695111284451466E-009   1.7611210904249942E-016  -9.0737217346400478E-017   1.1800957810455065E-017  -8.2940811453643321E-017  -5.8925430755579961E-017  -9.3168186480310911E-017  -4.8740662311827957E-024  -4.2059817417392054E-025   2.1004352805432562E-024   2.3624001740832166E-024  -1.6259748218580824E-024   1.9259140564751555E-024  -6.5897028034001763E-025  -8.5799832322982788E-025   6.9876856703308246E-025  -1.2673643925479478E-024  -2.7728927396717661E-016  -5.7362279689456380E-017   1.1455467429762717E-016   1.6894714328559153E-016  -8.2052593705451014E-017  -1.4155131744258566E-017  -8.8947864375265462E-017  -1.3917775983509717E-016  -7.9996342140113642E-017  -3.7015542480557289E-009  -7.3186342251654261E-016  -1.5139917763164304E-016   3.0234994712511450E-016  -2.6622747275941212E-024   5.5503824988850782E-024  -3.3486711741460661E-024   9.0715363479285818E-025   7.3423314295484128E-026   3.0343114839738998E-024  -2.0124252674916254E-024   1.2943152668825804E-024  -1.8807848108424661E-024   1.4221685441403345E-024  -3.2901080477962756E-009  -5.7199450496773552E-016  -1.1832740026670674E-016   2.3630434040220756E-016   1.4471863598075175E-016  -7.4515521863232938E-017   9.4555113357958817E-018  -6.8245868596983015E-017  -4.9206431444238205E-017  -7.6471993135058136E-017   9.9801784125125454E-025   9.8316612103081402E-025  -1.3653063461535144E-024  -4.4375594602403666E-025   3.5610136389962395E-025  -8.1090280293436241E-026   2.9455240787513710E-025   2.4566598305106674E-025  -2.7492072737677974E-025   1.4693624628215562E-025   1.8123628316298177E-009  -3.2953464892007092E-010
  -3.9690833004732815E-010   2.4483812905911891E-018   1.9372065754564576E-019   6.0263762346304271E-019  -1.7592866469330909E-017   1.1625760217860608E-017  -1.4247376742850870E-017   3.4733228193022093E-018  -3.6510441284399575E-017   1.4119884876235925E-017  -1.3641118714769202E-009  -3.1593127716995516E-017  -2.4996892754263734E-018  -7.7762413929375814E-018  -1.3729797495978244E-009  -4.2573647054860013E-017   2.1930440049806154E-017  -2.8296340248219389E-018   2.0058795975168525E-017   1.4319845524385732E-017   2.2514129678871477E-017  -5.3033322317890838E-024   1.5466618838719744E-024  -2.6709140918500402E-024   4.3304799572401107E-024   4.2093430762804858E-025   3.2773953951617255E-024  -6.5032244193872551E-025   5.7661564970614700E-025  -4.8996788465366329E-025   1.6393544548853383E-024  -5.6716073728919496E-016  -4.4874325897403692E-017  -1.3959920758388952E-016  -3.9716549100795598E-017   1.9214117391521303E-017   3.7104294957215175E-018   2.1051068935465886E-017   3.3960177213327435E-017   1.8664791311633531E-017   9.7856179959322601E-010  -1.4969356544478623E-015  -1.1843915493649533E-016  -3.6845120726535247E-016  -9.7829901631667407E-024   1.0208568080375937E-023  -4.6919841597495565E-024   4.3315012964970931E-024  -1.7380429824573113E-024   8.6767378380610351E-024  -5.0667056207151200E-024   2.0818800822403913E-024  -3.6294365484489212E-024   1.9626602301756241E-024   9.3463468010506752E-010  -1.1699436529624010E-015  -9.2567188343178817E-017  -2.8796638281708849E-016  -3.5566772290298350E-017   1.8312335251235368E-017  -2.3188758552454762E-018   1.6774274660619938E-017   1.2109302516145435E-017   1.8792315530379396E-017   4.1780946925961639E-025   1.2233181690384652E-024   9.1211965637159976E-026  -1.0088962368140749E-024  -4.4543474450310622E-025   2.1337913890813927E-025  -6.7898773130165409E-025   3.5191878463221662E-025  -5.7643884709835300E-025  -1.5810638958110431E-025  -5.3292872925987556E-010   9.8064726636199262E-011
   4.1983419936071938E-009   8.6330951752958825E-020   1.0718616433433750E-018   8.6474647186273206E-020   1.8546322616960622E-016  -1.2261426028802318E-016   1.5048092173388387E-016  -3.6510441284399575E-017   3.8581832380499941E-016  -1.4895645083378277E-016   1.4391815350395534E-008  -1.1140155374381907E-018  -1.3831016254814136E-017  -1.1157778283918200E-018   1.4538950271467678E-008   4.5170743288784550E-016  -2.3273564071101710E-016   3.0293891625830706E-017  -2.1272419086332441E-016  -1.5105334177751752E-016  -2.3897522821214370E-016  -4.8612614479273526E-024  -4.6555642683476266E-024   1.3044604831148844E-024   1.8640049068755558E-024  -1.6616336682640066E-024  -1.1726177531666522E-024   5.4037355038315461E-025  -1.6441629733093779E-024   2.4184384693753360E-024  -6.2683076769775755E-025  -1.9999008341015213E-017  -2.4829471932194252E-016  -2.0030641758562094E-017   4.3458312185893873E-016  -2.1114763593836195E-016  -3.5984927780155034E-017  -2.2864379277441884E-016  -3.5662409877076737E-016  -2.0593177311957607E-016  -9.4007957006501428E-009  -5.2784376886812729E-017  -6.5533672791958024E-016  -5.2867858704659197E-017   3.2289665202246905E-024   1.1324132992470012E-024   4.6197454511953858E-026  -1.7556115685805910E-024   6.0659331274994944E-025  -1.6593300765898735E-024   1.0483021406613645E-024  -3.5080538529722217E-025  -3.4180603178436867E-026  -6.2902465946894469E-026  -8.2836288957120123E-009  -4.1254112733768832E-017  -5.1218436920217534E-016  -4.1319357347598529E-017   3.7053829020151788E-016  -1.9079098051431200E-016   2.4215458257827309E-017  -1.7473501100497607E-016  -1.2597046845248031E-016  -1.9580128769150482E-016   1.7308174642213072E-024   1.3478310024468195E-024  -4.0742875618237342E-025  -4.9560419256147611E-025   1.0828674440715339E-025   2.1899992364986928E-025   1.0377712691575379E-024  -3.0947308931236417E-025   9.3005211790227462E-026  -1.2226860935581954E-024   4.5429137367362014E-009  -8.2472284277222237E-010
  -1.6203876408915972E-009   9.6522916583829379E-019   6.1098917339471427E-019  -1.1074613476884590E-018  -7.1658850843851178E-017   4.7368455954387275E-017  -5.8106978266163034E-017   1.4119884876235925E-017  -1.4895645083378277E-016   5.7540373867049876E-017  -5.5592590778021246E-009  -1.2454990929810012E-017  -7.8839655993890566E-018   1.4290281573976538E-017  -5.6094440895684882E-009  -1.7416967881442433E-016   8.9731818165873458E-017  -1.1647241841375025E-017   8.2034705364230123E-017   5.8351942800090623E-017   9.2131927879310556E-017  -2.7421372721223863E-024  -6.6483299249268724E-025   3.3017349916572818E-024   3.2226462939283443E-024  -1.9080840914271017E-024   2.6300839446904289E-024   9.1115696224787900E-025  -2.5019897057873055E-026   8.0023155260255532E-026  -2.1090111293941376E-024  -2.2359224017927322E-016  -1.4153303004433142E-016   2.5653945628669532E-016  -1.6593892454285780E-016   8.0515244703374944E-017   1.4292626083512781E-017   8.7507532206426404E-017   1.3796334354734133E-016   7.8428509414474066E-017   3.7459424835008652E-009  -5.9013820735093101E-016  -3.7355529539737237E-016   6.7709751224151794E-016  -1.3444207155330806E-024   4.2298943389612881E-024  -4.2649543695315076E-024  -2.7783340483268038E-025   1.3626480351212218E-024   1.6878292212047833E-024  -2.2410831882133143E-024   1.5089239746530417E-024  -2.1659830470701148E-024   2.1528139582797443E-024   3.3955477554338161E-009  -4.6122787008443769E-016  -2.9195552341918135E-016   5.2919170070289352E-016  -1.4371493917231113E-016   7.3997731740414582E-017  -9.3848877172393472E-018   6.7774411546559682E-017   4.8881527922239255E-017   7.5939767074712156E-017   1.2508288529896063E-024   1.1130889920331962E-024  -1.9970986463137647E-024  -1.6044639296809461E-024   1.2199461366583234E-024  -9.1769807488984581E-025  -9.4104393227048940E-025   7.4064563767586836E-025  -9.3904341304265379E-025   1.6227869161434226E-024  -1.8888458565597082E-009   3.4462616889266663E-010
  0.15656044954337975       -1.1924619301687809E-016  -2.0334748462613481E-016   1.2349348455056977E-016   6.9232348848674733E-009  -4.5764813035172782E-009   5.6141108010057478E-009  -1.3641118714769202E-009   1.4391815350395534E-008  -5.5592590778021246E-009  0.53710817056342774        4.1911355257068935E-016   1.5534109328832537E-016   4.6318927930189603E-016  0.54198941267493195        1.6828961982753671E-008  -8.6702747524006237E-009   1.1255670737736509E-009  -7.9264563862204292E-009  -5.6376610959137370E-009  -8.9022111033040095E-009  -1.3368260789076337E-016  -4.9288026363361179E-017   5.0192656754431200E-017  -9.2037784994684765E-018  -4.1591819773844795E-017  -2.1845624382956022E-017  -5.0694912496977856E-017  -6.0764754195841708E-017   5.5960425989536678E-017  -2.4355654888715080E-017  -4.4335031028451840E-016  -7.1042214679734188E-018   4.5799011025868401E-017   1.6041672347639835E-008  -7.7841187715583296E-009  -1.3789585701350492E-009  -8.4585320401561292E-009  -1.3328322708129527E-008  -7.5828615982707654E-009 -0.36135239332893598        2.3698705087259550E-016   1.2841718631736903E-015   1.2694017565877861E-015   6.7403871429681500E-017   2.1915281732839138E-017   1.8239824405754222E-017  -2.2843281210296341E-017  -7.8388026987629958E-018  -2.9739619849965667E-017   3.9740471152491080E-017  -7.9654060368293513E-018   1.5980527129833744E-017  -1.7246456552611515E-017 -0.32710103587430706       -3.8803219997871132E-017   7.1309195188234781E-016   8.5555176967163827E-016   1.3882165404418516E-008  -7.1478285053847080E-009   9.0656969202570831E-010  -6.5466661594698045E-009  -4.7216043986985716E-009  -7.3354257214675025E-009   1.6235996395485481E-017   1.2557796060864521E-017  -1.3855359599231088E-017   3.5922088764940119E-017  -1.0276463878284962E-017   2.3575782421478694E-017   5.4222162576759157E-017  -1.5389875469655298E-017   1.9894035232122209E-017  -4.4460139602258524E-017  0.18183373103639738       -3.3168309456585110E-002
   2.1674994349473258E-016  -1.6803347734617178E-005  -1.3043539710929368E-011   4.1716620840949421E-012  -2.6049102541997039E-017   1.0798707081302951E-018  -1.5446120262685091E-017  -3.1593127716995516E-017  -1.1140155374381907E-018  -1.2454990929810012E-017   4.1911355257068935E-016   2.1682502602720909E-004   7.4060090156546245E-011  -1.3573553592618984E-011   3.8666562932086681E-016   2.1132113164825245E-017  -9.8477547898166628E-018   9.2633423697008451E-018  -1.8965757178897981E-018   1.1225472076407638E-017  -3.1039847768278717E-018   4.0460102078617329E-011  -1.3493495342190934E-011   3.2685713540945489E-012  -2.7664353380372300E-011   3.5631418668162781E-012  -2.6618591019847377E-011   8.0100587293710041E-012  -7.3790151325538016E-013   2.7468672636292938E-012  -1.8862428694807378E-012   3.8924492544845355E-003   4.9307542798415943E-010  -7.4176752137550968E-011   1.0759441515064201E-017   1.2068830321401698E-017  -5.9977995550725399E-018   1.9052012138588505E-017  -1.3875225805104624E-017   1.3898736966032241E-017   2.8291213699114143E-016   1.0273535653427998E-002   1.8520497163768989E-009  -3.4929548716868028E-010   6.2456076268900449E-011  -7.1528379770328578E-011   3.7762572404063091E-011  -2.6958278351365953E-011   8.6492869866143639E-012  -5.6835699634225419E-011   3.4343348065280197E-011  -1.6458263788240051E-011   2.5451947470647441E-011  -1.5879288487107186E-011   7.8085864034123991E-016   8.0293750780223595E-003   1.4056846213108145E-009  -2.6170001679740743E-010   2.0169241229294880E-017   1.5526635644526578E-018   3.7573823031544049E-018   1.1805863266808202E-017  -2.6881653895946900E-018   2.1952361955600564E-017  -3.6118630052083795E-012  -7.9645870323586310E-012   5.8760748725822472E-012   5.2847641059276972E-012   5.0345507032862809E-013  -4.3931799214592917E-013   3.0005648658988563E-012  -3.2512489051029686E-012   3.9389079566841245E-012  -1.9564148024517990E-012  -5.5167741189816302E-016   1.0864439409752881E-016
   2.4364876910802153E-017  -1.3043581854679567E-011  -1.6803388013467017E-005   9.2935238321013798E-014   2.7670416113407669E-017   7.5779918057319566E-018  -3.1953121030875155E-018  -2.4996892754263734E-018  -1.3831016254814136E-017  -7.8839655993890566E-018   1.5534109328832537E-016   7.4060090156546245E-011   2.1682526584385501E-004   3.4458787443560360E-011   2.3619964527210829E-016  -4.2435076701008344E-017  -8.2621712415633988E-018   1.0773262850445826E-017  -3.6099167328933412E-018   6.0096225306032569E-018   6.5097060256065970E-018   2.7958345884983067E-011   4.9320527332822315E-011  -3.0078077049306990E-012  -3.9471782793679328E-011   1.0427990180310154E-011   1.9617667775633687E-012  -2.4300265631313592E-011   2.9217869679761349E-012  -1.6718485087431639E-011   6.4131231479073284E-014   4.9307457680736818E-010   3.8924508689305998E-003   2.8544056230865883E-010   1.3491879643867335E-017   2.1769504874106739E-018  -4.9503948635218360E-018  -2.0925118783956153E-017  -7.2558178353873025E-018  -1.9310320791357111E-017   7.8965899948487539E-016   1.8520476094367586E-009   1.0273541639777627E-002   8.2762219924718082E-010  -3.9578298863682762E-011   9.3513370927682854E-013   5.6117224751419815E-012   2.7757948925258453E-011  -1.5011931584864584E-011   2.5341946960487352E-011  -4.7736854643037354E-012   2.0273210663676281E-012   5.4688087554814606E-012  -5.6937972375995544E-012   1.4639275447144942E-015   1.4056829432578661E-009   8.0293796253437712E-003   6.3995776646003727E-010  -3.8009425445792004E-018   1.8632616596286243E-019   2.2800799110441328E-018  -1.5103250072353177E-018   2.8139284969478217E-018  -2.5574387298955369E-018  -1.7331707892408033E-011  -1.7785106767037121E-011   2.1976658825501269E-012   1.9267300507391435E-011  -7.1404114033565461E-012   3.9856736447044608E-012   7.5689850562015686E-012  -1.6840112727923425E-012   7.6288682003074977E-012  -3.8285006441449505E-013  -1.0093931648351547E-015   1.9640599668328555E-016
   8.6879143164580122E-017   4.1716398423535021E-012   9.2946657234472774E-014  -1.6803391806224148E-005  -3.2967703248579078E-018  -4.6189891666336272E-018   6.3811641121833279E-018  -7.7762413929375814E-018  -1.1157778283918200E-018   1.4290281573976538E-017   4.6318927930189603E-016  -1.3573553592618984E-011   3.4458787443560360E-011   2.1682527881844487E-004   3.2625171360910714E-016   1.7153491913915694E-017   1.1701308129598994E-017  -4.7141210863560186E-018   5.8712952928050488E-018  -1.0845447002420455E-018  -1.6149987148595479E-017  -1.2115543668459218E-011  -2.2936555449123020E-012   5.9140988212597196E-011   1.7328546236151800E-012  -2.6624103122934479E-011   1.4521889019840401E-011  -6.8269258596425616E-013  -8.9913252425236544E-012   3.2095984249413137E-012  -3.7379426203149978E-011  -7.4176982123195652E-011   2.8544082597630396E-010   3.8924509416041692E-003  -7.9574722190662150E-018  -6.7371723553071337E-018   3.6041530145988543E-018   2.6770169901415874E-018   4.3162594342568603E-018   7.4998110930353493E-018  -1.9433555226502091E-015  -3.4929593370147431E-010   8.2762294968340550E-010   1.0273541972580980E-002   2.2993835175792330E-011   5.7117686131249010E-012  -2.5831199393989942E-011  -1.6112085422263225E-011   1.8700756667947541E-011  -1.4737388198642481E-011  -4.1770900261378726E-013   8.4332014017009984E-012  -5.1513832282222296E-012   1.2968158278233765E-011  -3.1513305113427736E-015  -2.6170041797741048E-010   6.3995829322829192E-010   8.0293798750494822E-003   4.7338732356622800E-018  -3.9047959410597835E-019  -4.4019949978147285E-018  -3.6992498800648996E-018  -7.5520469957352247E-019  -4.8977936142693663E-019   8.7506771457222472E-012   2.1551275877508136E-012  -2.6143744808487199E-011  -3.3984012927651323E-012   1.3395793173889768E-011  -8.3418622884262774E-012   1.0002969772702814E-012   5.0565819989670632E-012  -3.4971767891115458E-012   1.5719075052017622E-011   2.1129591150546196E-015  -4.0921802170694253E-016
  0.15826809670400441       -1.4655927759702554E-016  -2.6723541955744298E-016   1.9643579789715985E-016   6.9822848053690919E-009  -4.6169886187842267E-009   5.6695111284451466E-009  -1.3729797495978244E-009   1.4538950271467678E-008  -5.6094440895684882E-009  0.54198941267493195        3.8666562932086681E-016   2.3619964527210829E-016   3.2625171360910714E-016  0.54832371688716919        1.7048738589279424E-008  -8.7848952686275708E-009   1.1473745903920860E-009  -8.0273490858041299E-009  -5.6882231814140013E-009  -9.0210817427621008E-009  -7.8890376259514247E-017  -7.3003892172797511E-017   5.8304997732630033E-017  -5.5875352974215432E-017  -4.2029537708605015E-017  -6.7227257460136034E-017  -1.7856027165252652E-017  -5.0943077304097853E-017   4.6396947838206500E-017  -3.9418814566987432E-017  -1.7531187472186090E-015   4.8644356379099762E-016  -6.5924023429153457E-016   1.6596609039587363E-008  -8.0765828486075774E-009  -1.3083691761370291E-009  -8.7075811435848775E-009  -1.3405629712625624E-008  -7.8887390724353210E-009 -0.34035841248019294       -3.1263458903315468E-015   2.5646707103487067E-015  -8.4621698675838212E-016   1.0903555423950601E-017   4.5107116581553828E-017   1.6381427579388755E-017   1.1920811634986661E-017  -7.9346454830410169E-018   3.2828229878393635E-018   2.7451701308454725E-017  -1.2280203081313371E-017   1.5326658592514239E-017  -1.5578796173815595E-017 -0.28860713084842826       -2.6935233686199642E-015   1.7453987198795768E-015  -7.7894246415227769E-016   1.3884681245024623E-008  -7.1494206834802082E-009   9.0825042782616841E-010  -6.5472927493887430E-009  -4.7175400483778602E-009  -7.3373124555529934E-009   3.5061536907710263E-017  -5.1482139442920066E-019  -1.4010021889733864E-017   1.7333022693878108E-017  -1.0396741481904882E-017   6.2346118109902123E-018   6.2323799470921913E-017  -1.5116459399188903E-017   2.4283331889787991E-017  -4.3567663015574023E-017  0.15509831816832367       -2.7950960955225028E-002
   4.9189495110165764E-009  -1.6376835142462984E-018   3.2885977328144972E-018  -1.3293430971043265E-018   2.1673898041292900E-016  -1.4334135391442497E-016   1.7611210904249942E-016  -4.2573647054860013E-017   4.5170743288784550E-016  -1.7416967881442433E-016   1.6828961982753671E-008   2.1132113164825245E-017  -4.2435076701008344E-017   1.7153491913915694E-017   1.7048738589279424E-008   5.3046502299456247E-016  -2.7336140413720065E-016   3.5816200208551129E-017  -2.4972509543297372E-016  -1.7661029806881116E-016  -2.8073019785232366E-016  -4.0183287497344808E-024  -1.3797375446708985E-023   7.5218923311325940E-024   2.6672289174036072E-024  -5.1059016262301447E-024  -4.6575350326201045E-024   5.4739712825407108E-024  -2.7667959388637930E-024   5.0691444534481193E-024  -4.6208350717106569E-024   3.7936421445387075E-016  -7.6179546010828122E-016   3.0793967596963118E-016   5.2203814873815677E-016  -2.5441564648650676E-016  -3.9262632523770939E-017  -2.7319614114360439E-016  -4.1553112109773665E-016  -2.4883291523106447E-016  -1.0170236017769001E-008   1.0012748395163325E-015  -2.0106450304863175E-015   8.1276070266707600E-016   1.5054320366427813E-023  -4.9248843478022310E-024   1.0140312565763024E-024  -8.3911232484176313E-024   5.0136523161594171E-024  -1.1017169354521230E-023   4.8933774216506800E-024  -1.7845048172583677E-024   1.4655429736837766E-024   1.3883739504710880E-025  -8.2815500434608153E-009   7.8255544374142880E-016  -1.5714378674830879E-015   6.3522049529585292E-016   4.2909719809448299E-016  -2.2095318484925119E-016   2.8093980753545447E-017  -2.0233063713994595E-016  -1.4571118217830434E-016  -2.2676416958022754E-016   5.1271520853509859E-024   2.6428278598619688E-024  -2.3611882752746869E-024  -3.2965204379271182E-024   2.1830302041722716E-024  -1.5770153034755743E-024   9.5015715972439683E-025  -4.9851918973560476E-026  -5.6283002627258881E-025  -2.0371508828385084E-025   4.3504661787498845E-009  -7.7741232723292115E-010
  -2.5345222855283709E-009   7.6317670445494211E-019   6.4030153809471260E-019  -9.0682513294108441E-019  -1.1166001772632653E-016   7.3848339816333359E-017  -9.0737217346400478E-017   2.1930440049806154E-017  -2.3273564071101710E-016   8.9731818165873458E-017  -8.6702747524006237E-009  -9.8477547898166628E-018  -8.2621712415633988E-018   1.1701308129598994E-017  -8.7848952686275708E-009  -2.7336140413720065E-016   1.4087108292514402E-016  -1.8463931158124889E-017   1.2868678189461839E-016   9.0988892874551641E-017   1.4466959903685824E-016  -2.8231637377757541E-024  -2.9366098197491296E-027   2.1528546336304802E-024   4.1874138760976538E-024  -1.3230865548988456E-024   3.4196094134789904E-024   4.9681636524220506E-025   1.5402242911598509E-025   3.8317496217626587E-026  -1.1634061478175136E-024  -1.7678699779632755E-016  -1.4832255012555675E-016   2.1006216636879544E-016  -2.6935806368069769E-016   1.3129388832044729E-016   2.0145975418304458E-017   1.4092064609858731E-016   2.1403818227300622E-016   1.2843272571003013E-016   5.2157168661530847E-009  -4.6660280366376352E-016  -3.9147521867292092E-016   5.5442765641290899E-016   2.7679313811866390E-025   2.5827829131046964E-024  -3.5659142667568649E-024  -1.2234711589245007E-024   1.3155785670378645E-024   4.5377218731590111E-025  -1.7202518779736800E-024   1.3618310653969333E-024  -1.8800110207324016E-024   1.8700189461018978E-024   4.2256854624826086E-009  -3.6467765172580433E-016  -3.0596100156109244E-016   4.3331796309767872E-016  -2.2094855923121899E-016   1.1377239376249342E-016  -1.4467529105723219E-017   1.0418250780560965E-016   7.5023937957602954E-017   1.1676481756438226E-016   5.5962106013318299E-025   1.2883853074438297E-024  -1.5371181012132791E-024  -1.2564345886217746E-024   1.1387171776495786E-024  -5.1621962754627888E-025  -1.4394991027485060E-024   7.2264189963434817E-025  -1.0864940392005868E-024   1.6364751171005624E-024  -2.2133133370956866E-009   3.9507038307541931E-010
   3.3043003282874919E-010  -7.1788460237693482E-019  -8.3490077757906711E-019   3.6533315515422755E-019   1.4476576486367660E-017  -9.5815936993884757E-018   1.1800957810455065E-017  -2.8296340248219389E-018   3.0293891625830706E-017  -1.1647241841375025E-017   1.1255670737736509E-009   9.2633423697008451E-018   1.0773262850445826E-017  -4.7141210863560186E-018   1.1473745903920860E-009   3.5816200208551129E-017  -1.8463931158124889E-017   2.4539095362882303E-018  -1.6847909862713383E-017  -1.1808784502864230E-017  -1.8967586153791960E-017   3.5613081401613289E-024   1.6294162549235479E-024  -1.1275114214366847E-024  -3.5829803032411085E-024   1.1615545679962140E-024  -1.7726195506733670E-024  -6.8287966975976156E-025   2.6705933738363279E-025  -7.4862191884359356E-025   5.6226132345216846E-025   1.6629572777679077E-016   1.9340175634081853E-016  -8.4627990239681937E-017   3.6979896567485939E-017  -1.8134816172685758E-017  -2.2065649944954268E-018  -1.9140909666797967E-017  -2.7570741074991855E-017  -1.7838340522828930E-017  -5.5770758190757755E-010   4.3891265118270753E-016   5.1045502145227974E-016  -2.2336292303037279E-016  -1.2630394265164923E-025  -2.8986942753571712E-024   2.4753403314504931E-024   8.1733257455478412E-025  -7.9958101557857016E-025  -6.3729201043440024E-025   1.2184415315678802E-024  -8.3732274733814252E-025   1.4980197658877956E-024  -1.2644041149775325E-024  -3.4465380669940171E-010   3.4303616505632403E-016   3.9895074867385867E-016  -1.7457131762192598E-016   2.8075286025098144E-017  -1.4458205010566935E-017   1.8459100768081740E-018  -1.3235373636217079E-017  -9.5085323018741403E-018  -1.4839743120156913E-017  -1.0181695490717353E-024  -1.3528692682978718E-024   8.9936990243796945E-025   1.1767964073752070E-024  -6.4627413173806518E-025   2.6574449515115104E-025   6.5868623930457427E-025  -3.6136667451541084E-025   6.9964583620361375E-025  -5.2687753719607194E-025   1.4772669984599391E-010  -2.4147893391218189E-011
  -2.3162994911254966E-009   1.4698152320483926E-019   2.7976316214219318E-019  -4.5501369617816979E-019  -1.0209145785115735E-016   6.7515925377915740E-017  -8.2940811453643321E-017   2.0058795975168525E-017  -2.1272419086332441E-016   8.2034705364230123E-017  -7.9264563862204292E-009  -1.8965757178897981E-018  -3.6099167328933412E-018   5.8712952928050488E-018  -8.0273490858041299E-009  -2.4972509543297372E-016   1.2868678189461839E-016  -1.6847909862713383E-017   1.1756702985430466E-016   8.3184863676541521E-017   1.3215350259203522E-016  -3.2190775968694375E-025   4.3879941084784614E-025   7.2537325142336799E-025   2.0362393345356122E-024  -3.1070096977785574E-025   1.8413608499239587E-024   3.8202467964374722E-025   3.9857567768572913E-025  -2.7829090451222252E-025  -3.3328241444145463E-025  -3.4047233648111612E-017  -6.4805228073123886E-017   1.0540167749888039E-016  -2.4511881449723039E-016   1.1941726772914499E-016   1.8647465110675258E-017   1.2835512346448596E-016   1.9579710768284058E-016   1.1675942263405607E-016   4.8353835448338118E-009  -8.9862599370456785E-017  -1.7104372400836354E-016   2.7819194887686356E-016   9.1049712575527915E-025  -2.9663400031693447E-026  -1.3509206548150511E-024  -1.0419036948969340E-024   7.9685205007236664E-025  -5.6694992474723479E-025  -5.5957968123225635E-025   5.4302171389474862E-025  -6.7263543367492677E-025   8.0199472567668999E-025   3.9778072100680701E-009  -7.0232925728386064E-017  -1.3368076969398492E-016   2.1742344152416692E-016  -2.0233533467013634E-016   1.0418710841490440E-016  -1.3244498432598195E-017   9.5407498957013348E-017   6.8717541380150706E-017   1.0692671281446598E-016  -6.5117985462740552E-026   5.0893187988157503E-025  -5.9085838953017918E-025  -6.0167397555536278E-025   6.2942162622842634E-025  -2.7670269232368467E-025  -1.0812333524009329E-024   4.1205276052083958E-025  -6.3596423703150174E-025   1.0787036500003012E-024  -2.1019173168965223E-009   3.7643506406346909E-010
  -1.6431730449934877E-009  -8.6994276933780460E-019  -4.6572835590419436E-019   8.4047970853689043E-020  -7.2670360976267721E-017   4.8036745885391621E-017  -5.8925430755579961E-017   1.4319845524385732E-017  -1.5105334177751752E-016   5.8351942800090623E-017  -5.6376610959137370E-009   1.1225472076407638E-017   6.0096225306032569E-018  -1.0845447002420455E-018  -5.6882231814140013E-009  -1.7661029806881116E-016   9.0988892874551641E-017  -1.1808784502864230E-017   8.3184863676541521E-017   5.9175036002130882E-017   9.3422348356014077E-017   4.3601416847379892E-024   1.1861021215663264E-024  -7.3314341150957785E-025  -2.4605758811321045E-024   1.0432016646201894E-024  -1.1886504079288598E-024   2.9261462635922623E-025   7.3051526557943854E-025  -9.2941044548728701E-025   3.3964539851388648E-025   2.0152006467933295E-016   1.0788483338477924E-016  -1.9469676934168766E-017  -1.6818310954833003E-016   8.1598700317092277E-017   1.4513706650368445E-017   8.8701229928826767E-017   1.3991932197031776E-016   7.9478957819505765E-017   3.8044704602499365E-009   5.3188196918283774E-016   2.8474588931915747E-016  -5.1387317790563921E-017   1.2867180930547965E-024  -3.9248665471586351E-024   2.0473694825985592E-024  -2.8926466190603058E-025   2.0441622637580881E-026  -1.8383347452486987E-024   1.2246327479526214E-024  -7.5648927751208873E-025   1.3269232935670443E-024  -8.6288440967203688E-025   3.4531690530604066E-009   4.1569718385482935E-016   2.2254573270698445E-016  -4.0162222291700763E-017  -1.4577077041312341E-016   7.5056193992571093E-017  -9.5187819189822425E-018   6.8744050727522022E-017   4.9581929159208511E-017   7.7025948842449906E-017  -8.7263133806737630E-025  -1.0541728891269613E-024   6.4131303025745924E-025   4.3853533745325805E-025  -1.3099403101963822E-025  -1.2639674216412161E-025  -2.0537104521397158E-025  -7.8556561314373984E-026   2.2605918294043445E-025   2.7676324231524453E-025  -1.9221480585242499E-009   3.5078191716484654E-010
