   4.6803853337668225E-006  -4.2491324181314257E-013  -8.6927286643866817E-012   1.2792466673070587E-012  -1.4531047080122781E-011   2.5122960680178758E-011   1.0798893663343866E-011   5.6108284737708393E-012   1.4262234050468790E-011   8.9202280544660490E-012   4.9968462254350082E-004   1.8978701837040289E-010  -1.1965796448617293E-009   1.1156274212519758E-011  -5.9417798251208841E-011   2.9820804127934402E-011   8.4439644761075824E-011   2.6399143176679314E-011   2.9402405549153960E-011   3.3018676940874963E-011   1.5160550733557716E-003   6.0896932033516416E-010  -3.6705298477045772E-009  -3.3512441602442338E-012   7.0457217913943625E-012   5.2702081455237498E-012   6.1122311804472331E-012  -7.7427503255444328E-012  -1.6911033062439906E-012  -1.7089097433030956E-012  -1.0038356703290735E-012  -1.0618016052110065E-011  -3.9234208787910269E-012   3.3584224982034372E-012  -4.2665066672468513E-011  -2.7338081463714153E-012   7.1850425200517094E-011   1.9906106782290438E-011   1.2173989085235851E-011   2.2758992260462599E-011   1.4240992676326058E-003   5.6938650297727692E-010  -3.4447457590983908E-009  -1.5666489837748199E-011   1.3895809491955993E-012  -5.6032415589661662E-013  -1.2081014087965626E-012  -9.3825619447176346E-013  -2.3720863103325523E-012  -1.5027695878480480E-012   1.5357096646839872E-012   9.9275483999177229E-013  -1.3086162301432509E-012   4.6814585506681215E-013   3.6067229272580674E-013   8.8202766306330373E-013   3.0459440568210102E-013   8.8602102884540271E-013   6.8207840328097781E-013   7.0070545220408231E-012   4.8744828863314435E-012   5.6700197773414559E-012  -7.4303122626414828E-012  -9.1298344777816943E-013  -1.9695913995315475E-012  -5.3563506634428404E-013  -1.0082529813799971E-011  -4.1558609245730191E-012   3.2889071125552962E-012  -3.6384376371564052E-011   4.3316577472832772E-012   6.5291804574308044E-011   1.7489033404763417E-011   5.7068906885768786E-012   1.8895168702103081E-011   1.7012214369091188E-004   6.3587705422781727E-011  -3.7956253798279975E-010   7.2063005109255570E-012   9.1802498997069258E-014  -1.4544307997354719E-010   2.8707664562093071E-011   8.8844817415643377E-014  -8.5609832926112637E-012  -1.8064934709638408E-013  -9.9920161258778748E-004  -4.3538820868997397E-010   2.6523766815215946E-009   1.2477346953493313E-011  -2.4349502533494311E-004  -9.7430453213785155E-011   5.8900870288103349E-010   4.9654454452618265E-012   3.4906422057823748E-012   4.3290755914021012E-012  -5.3907486371910503E-012  -7.4589047996734099E-013  -1.2710703698034268E-012  -4.1169873123970773E-013  -7.2154497146117567E-012  -2.9382946428694861E-012   2.1513801318326703E-012   4.6737074361643715E-012  -2.4713195833573763E-013   2.0662287410539559E-012   1.4389981880106841E-012   1.7985522679918627E-012  -2.2434115773165574E-012  -2.9967541875733050E-013  -5.2871848752793575E-013  -1.6064218496468414E-013  -2.9801825813501688E-012  -1.2234757826869294E-012   8.8073673667220211E-013
  -4.2491324181314257E-013   4.6803916528856279E-006   1.8515228860405475E-012  -2.7360598474198205E-010  -9.6633823373666156E-012   1.9233014906749912E-012   1.4314675869055464E-011   8.8679904334634114E-012  -5.7446857856202258E-012   7.9539589435640576E-013  -2.3692297286366768E-010   4.9968495583330478E-004  -5.1074225435287102E-010  -8.2101059519082282E-011  -7.2841240922782405E-012  -2.2284712379791521E-011   2.9425188716282042E-011  -5.9856730964921153E-012   5.0945653569730270E-011   1.3269829789472288E-011  -7.4580957983148813E-010   1.5160560987824375E-003  -1.6604972919945239E-009   6.7588387508151487E-010   7.0077208821766073E-012  -5.9718616016306227E-012  -2.0518379267873114E-012  -2.2418560424230798E-012  -1.6947835013752253E-011  -7.1599757721745368E-012   6.7449119475684647E-012   1.8997221474604840E-012  -3.0767923473963420E-012   1.1336181277994016E-013   5.9681941160340676E-012  -2.5029832845240899E-011   1.2050432886320695E-011  -2.0078867410354746E-011   5.8364956757520383E-011   1.4111046489695706E-011  -6.9842943729755919E-010   1.4241002319289378E-003  -1.5513743638272449E-009   6.2588955092774143E-010   3.0003088968601505E-013   1.1954640481919201E-012   8.8750461235888477E-013  -9.6243992160909510E-013  -9.7919801910017687E-013   4.3493341820082452E-013  -6.8334464871741501E-013  -2.3821410949928581E-012  -6.8707123406016602E-013   8.8803288876189427E-013   1.9878251298735802E-012   1.2412964655083734E-012  -2.5297796596761681E-012  -5.1144086563021560E-013   1.1924284335775882E-012   6.7466881911392328E-012  -5.6100437810149011E-012  -1.9176494160734030E-012  -2.1027566810958901E-012  -1.6335822874273854E-011  -6.9488681920328793E-012   6.3404285485030150E-012   1.8401274306123488E-012  -2.8959523395440297E-012   5.7758113089119778E-014  -9.3356511395775198E-014  -2.6046315383639113E-011   5.1810681054340576E-012  -3.2938832516384961E-012   5.9466576949169594E-011   3.3858610628734580E-012  -7.7184954167977676E-011   1.7012224961551441E-004  -1.7412341469802844E-010  -9.4718765368976774E-011   8.6708610602787311E-011  -1.0851168495999537E-011  -1.3241561356818756E-011  -1.6136704397840496E-010   4.5843127202781333E-011   7.4658422902766681E-011   5.3851124684526841E-010  -9.9920235474653491E-004   1.1833832711382683E-009  -7.5811088082388530E-010   1.1947644467396580E-010  -2.4349519007291741E-004   2.6552742721492914E-010   4.8577280428299680E-012  -3.9692163586022036E-012  -1.3657955596784362E-012  -1.4972951006545766E-012  -1.1487947192975660E-011  -5.0200547359115391E-012   4.4284598951631056E-012   1.2380259515598799E-012  -1.9720571839103067E-012   9.5226527868328344E-014  -2.2568411827169683E-010  -4.8830661266374402E-011   2.0318737781048718E-012  -1.6391963508396744E-012  -5.6805076910596476E-013  -6.2473432154661826E-013  -4.7766319631680993E-012  -2.1013248971211019E-012   1.8353989835971460E-012   5.0943733085289320E-013  -8.2322879722127538E-013   4.3685731484703460E-014
  -8.6927286643866817E-012   1.8515228860405475E-012   4.6803824657587945E-006   3.5266994311762015E-011   5.6948716993172348E-012   1.4112819230222704E-011   5.6164882391885267E-012  -8.7842021261349266E-012   3.7119788966456305E-011   3.0893192006000060E-012   2.3578091952250229E-010   7.2301204599115250E-010   4.9968446219734368E-004  -1.3278388569810763E-011  -2.4882336372884874E-011   2.9495998338935852E-011  -1.4710018434963106E-011  -5.3964744855175389E-011   5.3466167929930114E-011   7.8847002757348053E-011   8.7042856001664500E-010   2.2532674404089339E-009   1.5160546114606776E-003  -9.8432880644204589E-011   4.0468471433116912E-012  -2.2387551214023472E-012  -3.1273471249564562E-012  -1.2523896549230124E-011  -3.5591268961224651E-012   7.0944737143496464E-012   2.0007461847559496E-012  -1.8012680513180091E-012  -4.4551096884871211E-013   3.6742579268411911E-012  -3.1829749930390890E-011   1.2201341128937157E-011  -2.1743131173572741E-011  -4.3580038901765901E-011   6.6370174576955032E-012   7.5409614442385663E-011   8.0536361872901320E-010   2.1119062970817871E-009   1.4240988335897872E-003  -6.5053199834449400E-011   6.3917655744487879E-013   8.8604919778624404E-013   1.4340841618351022E-012  -5.3386783218207088E-015   4.9309034494797242E-014  -1.1173612573739530E-012   8.8103866776894944E-013  -1.9648640451622827E-013  -2.3707975538785693E-012  -1.2876313515532661E-012  -6.5622892230108405E-013   2.2124342265652851E-012   1.1581587906805445E-012  -2.2491859751232933E-012  -2.3173206541538952E-014   3.7410526156341562E-012  -2.2648470139766635E-012  -3.2753652500672828E-012  -1.1753009025971945E-011  -3.3305747958541416E-012   6.7338673820498014E-012   1.9771094862483925E-012  -1.0674578052097611E-012  -3.8768047332022063E-013   3.2379615944825468E-012  -3.3387042903913343E-011   5.7284014936870147E-012  -2.4355095490672882E-011  -3.8610050995951552E-011   8.3439724750664170E-012   7.1997228763184582E-011   9.2171082640963898E-011   2.3239339909443049E-010   1.7012209710253238E-004  -2.9909085011953909E-014  -2.7361246906693935E-011  -8.5356514262876794E-012  -1.0461129685519226E-011  -1.3969645117828027E-011  -1.5926474948003524E-010   4.1330886511442628E-011  -6.1320701273217251E-010  -1.6316693650423363E-009  -9.9920127248798868E-004   8.7127726343964168E-011  -1.3811415131513046E-010  -3.6117619457973920E-010  -2.4349495112371773E-004   2.5083672833657406E-012  -1.6115834854801821E-012  -2.3805179643422335E-012  -8.4616374936130631E-012  -2.3350025157029276E-012   5.0963257531734129E-012   1.4592298478655523E-012  -9.0336060195154600E-013  -3.4617462171811576E-013   2.4477713283643376E-012   2.3304032627679914E-011   8.2821746143032237E-012   1.0325855927545889E-012  -6.7420097823860057E-013  -9.9479435719106369E-013  -3.5061391162122934E-012  -9.5994284357996094E-013   2.1207908695783897E-012   6.1159715104067996E-013  -3.6145553900047075E-013  -1.4634384471954989E-013   1.0108941818156743E-012
   1.2792466673070587E-012  -2.7360598474198205E-010   3.5266994311762015E-011   2.8937142381975883E-007   8.7892324223109733E-014  -2.5849922644334216E-014  -6.4365517407601063E-013   3.6594726485414867E-015   2.5833690170124169E-013  -9.1345390359707011E-014   1.4205622116721134E-010  -2.9283444251821503E-008   3.7639834600510174E-009   9.8541984165521787E-005   5.3840532069661291E-013  -3.7330259049360688E-014   3.2076568542871227E-013  -1.0649311017647820E-012  -4.1121476473979310E-013   5.2811141066489230E-013   4.1860362431107446E-010  -8.8804745397611938E-008   1.1441998846398576E-008   4.5384412460609542E-004  -8.4267513729704593E-013   1.9546331623813387E-013   7.6617380558288331E-013   4.4111976305649273E-013   1.4129863377185117E-012   6.8944225645573182E-013  -1.1783335651202440E-012  -7.8641488954463959E-013   1.3854347240305683E-012   1.5086746999638497E-014   4.5071721574879589E-012  -2.9751995575285491E-013   1.2800572809203370E-012  -9.0082165661342219E-012  -2.4620846997176772E-012   4.5081909530400666E-012   3.8213548955648567E-010  -8.3395420270500450E-008   1.0769258615244325E-008   4.6679382595263719E-004   4.9041544383885652E-013   4.9260315012261119E-013   4.8752295257775178E-013  -6.2600433504873976E-013  -1.7724620337032987E-013  -2.3891385683807114E-013  -1.5023057889618397E-013  -1.3703206244135545E-012  -4.5934213551581067E-013   5.3385323457944472E-013   4.6919091996153997E-013   1.6007309576995210E-013  -2.0158605132665505E-013  -2.7961399702152150E-014   2.4872648750836726E-013   4.8444978346606916E-013  -3.3244900576543816E-013  -3.2962570309531119E-013  -1.7254533778074799E-013  -9.1169156401119619E-013  -4.7741870881966834E-013   7.4816851205784993E-013   3.3750625203940607E-013  -6.7132734448669704E-013  -5.8731632402507438E-015   1.8097194984224122E-011  -1.3408976964426261E-012   4.0960932425010270E-012  -3.5490959726776011E-011  -9.7703300252861120E-012   1.7386155894410610E-011   4.3816009991003345E-011  -9.2784851893320779E-009   1.1925924428915898E-009  -8.7159337260559158E-005   1.5926318681902468E-010  -1.1581102207807496E-011   3.6267498704123394E-011  -3.1276267187597218E-010  -8.5359633476252564E-011   1.5349957952969729E-010  -2.3948368041310097E-010   6.3552493412392338E-008  -8.3438275212231266E-009  -4.4710029968544971E-004  -6.4751821783850611E-011   1.4261479249479127E-008  -1.8430587094150153E-009   3.1537778328975731E-013  -2.2568641802268377E-013  -2.1157463106266240E-013  -1.1034189089775894E-013  -6.0320922325030941E-013  -3.1278311635067508E-013   4.9325801433804664E-013   2.1841347737549388E-013  -4.3608957712099299E-013  -5.0973305761944761E-015  -1.1810686229563249E-004  -3.8588676751402744E-005   1.5182321438478635E-013  -1.0954253442584851E-013  -1.0054743795396805E-013  -5.2256667868344520E-014  -2.8990197312903088E-013  -1.5143597474192519E-013   2.3584290246529013E-013   1.0364706933952434E-013  -2.0687399699641010E-013  -2.3105967615092975E-015
  -1.4531047080122781E-011  -9.6633823373666156E-012   5.6948716993172348E-012   8.7892324223109733E-014   4.4855969875150162E-010  -1.4680182844405823E-015  -1.6397162207334673E-015  -2.2427967655392684E-010   2.6011863865537335E-016  -2.2428002229949540E-010  -1.5521596761693855E-009  -1.0315753735740151E-009   6.0943832197990930E-010   2.8901674815078859E-011   7.7092164711660577E-008  -5.8205840896727893E-014  -3.0260016414548013E-013  -3.8546062976202090E-008   1.3832362306803752E-014  -3.8546101740945236E-008  -4.7089842263799603E-009  -3.1298930781305771E-009   1.8485360174951267E-009   1.3314309010519088E-010   2.8816495565702496E-014   1.2962872460895798E-014  -6.4018614674917052E-014  -1.9344567201785916E-014   3.3468771047466733E-017  -1.9316788676089848E-014  -2.3090078138570017E-015   1.8723391952624623E-014  -9.8650470667943361E-015   3.3760921975620346E-014   8.0310187038346398E-007  -6.5401054722074632E-013  -3.2102181741861704E-012  -4.0155072288799622E-007   1.6734168216785073E-013  -4.0155114754243145E-007  -4.4229134374525112E-009  -2.9402239674719484E-009   1.7357676618546792E-009   1.3687788748973587E-010   1.3855994401486001E-015   6.7673492505888862E-016  -7.9676881020279212E-016  -1.1332877499613327E-015   3.3775181157662893E-016  -1.2417258161152917E-015  -7.1606404544898177E-016   1.7116249512748833E-015   5.2822720819582826E-017  -4.7904447005900292E-016  -9.6373374566420572E-017  -4.5247145684471895E-016   1.3638409690640094E-015   2.0079598111061288E-016  -3.3027865702999441E-017  -1.2921684182427658E-013  -8.9006170863344927E-015   2.6701338498089230E-013   8.6687519436769999E-014   3.4905476563037927E-017   8.6675180584157584E-014  -2.3653799041765292E-015  -7.0741350806885045E-014   1.2074069672853903E-014  -1.4629265214374121E-013   3.1311106542351777E-006  -2.5565299715696111E-012  -1.2528688682905193E-011  -1.5655544994961069E-006   6.4852022540866739E-013  -1.5655561545093252E-006  -5.0990645001375080E-010  -3.5613868119231668E-010   1.8023736865916673E-010  -2.7281600430986743E-011   2.7641100878390018E-005  -2.2758359937467108E-011  -1.1074464439035964E-010  -1.3820543091223092E-005   5.7916377870855624E-012  -1.3820557787164754E-005   3.2414769012835913E-009   2.0258300221719698E-009  -1.4194981128557079E-009  -1.3885688870249385E-010   7.5636304262067027E-010   5.0267878876703059E-010  -2.9691201685535153E-010  -2.3749333667254114E-013   6.6682953598581020E-014   4.7531256490052669E-013   1.5933237408525133E-013   6.4358055229682011E-018   1.5929842633735654E-013  -4.3078226180974071E-014  -1.2199827251290743E-013  -8.8874709890729069E-015  -2.6334492147172636E-013  -3.8156924080478213E-011  -1.1319005897731595E-011  -1.0156870865018753E-013   4.9784441705888022E-014   2.0040964729730824E-013   6.8143387551155610E-014   2.4730646275504710E-018   6.8125352939709311E-014  -2.9502344713064223E-014  -5.0986179654951438E-014  -1.0202903840514744E-014  -1.1137367858762293E-013
   2.5122960680178758E-011   1.9233014906749912E-012   1.4112819230222704E-011  -2.5849922644334216E-014  -1.4680182844405823E-015   4.4856367192550716E-010   6.3177948230937953E-016   4.0953239662624251E-016   3.1272926496102868E-015   1.0585037518766112E-015   2.6829388083937858E-009   2.0626332491059663E-010   1.5082733429097947E-009  -8.7528556258133563E-012  -1.7270949475358414E-013   7.7092482980162215E-008  -3.9919463116854721E-014   8.1737625780015306E-014   1.3915787205560146E-013   9.0971621467029884E-014   8.1398675905528641E-009   6.2547628428082600E-010   4.5755605989013987E-009  -4.0309012535914511E-011  -7.5320871616108147E-015   3.1391371900055948E-014   4.1218318993861304E-015   1.0522172675614298E-014  -5.5157213682309411E-014  -4.1685450101495809E-016  -1.7986807838079068E-014   4.0255545026323942E-015  -7.2596834607003829E-015  -6.0726375671878210E-015  -1.8464179157007165E-012   8.0310531687843267E-007  -4.1982363267680845E-013   8.7616151721754234E-013   1.5673330465861595E-012   9.7025484772360744E-013   7.6459620161276105E-009   5.8711867622681103E-010   4.2972457329613749E-009  -4.1452940418610350E-011   7.3651359187672904E-016   1.8266645809516892E-016  -5.0691848010018794E-016   5.0366359117631115E-016  -3.6761034500733878E-015  -1.7961319248340524E-015   2.5568795750873801E-016   4.6919194019068433E-016  -5.8594960670066328E-016   1.5722314107903229E-016   5.0600549850570379E-017  -9.9806783963081513E-016  -5.9132660845413693E-016   3.7380241448782172E-015   1.3598296762897264E-015   4.6096659377277080E-015  -1.3572839871992814E-013  -6.0809575115309753E-015  -3.8443483228467061E-015   2.2520355428897810E-013  -2.3402366120741707E-015   7.6555129018725997E-014  -6.1611113749224780E-015   3.3018816443542818E-014   9.1247514511019120E-015  -7.2034518142667392E-012   3.1311241059093856E-006  -1.6303170784702400E-012   3.4171224348130258E-012   6.1096481054174426E-012   3.7863335364351424E-012   9.0204192174607921E-010   5.2752873585327254E-011   4.8100786210941360E-010   8.1140194955026112E-012  -6.3742589407895057E-011   2.7641220062334629E-005  -1.4350911765171503E-011   3.0223776522527765E-011   5.4370410297693714E-011   3.3518812845782389E-011  -5.4482947585443645E-009  -5.4116058269094635E-010  -3.2563473310822241E-009   4.1364188441388299E-011  -1.3073529352660312E-009  -1.0046644390551397E-010  -7.3493321354088423E-010  -4.4005886959780364E-014  -2.4709727478378801E-013  -4.8693703136325195E-015   8.2188727929109201E-014   3.9825770524040279E-013  -2.3148548019169971E-014   1.3867410382671149E-013  -4.9025371415186423E-015   6.1046431669886691E-014   7.2835589830646770E-015   1.1244113323712605E-011   3.4267870774692304E-012  -3.2507452556484813E-014  -1.0539331341212336E-013  -1.4663629459998221E-015   5.9058516341047091E-014   1.6762197492263865E-013  -1.5445129453615641E-014   5.9103481899821215E-014  -1.4791868455863061E-015   2.6097664341210291E-014   2.1954805830304977E-015
   1.0798893663343866E-011   1.4314675869055464E-011   5.6164882391885267E-012  -6.4365517407601063E-013  -1.6397162207334673E-015   6.3177948230937953E-016   4.4856224209998177E-010   3.4086638422650864E-015   1.2076111666851869E-015  -1.7689840675735203E-015   1.1527211815116722E-009   1.5298611963448435E-009   6.0096172412259277E-010  -2.1963992581742020E-010   3.9288853734224608E-014   1.3240036747240877E-013   7.7092372906683362E-008   2.7395388227976891E-013   1.2126255841631465E-013  -3.1324268654912945E-013   3.4974273125456672E-009   4.6410495297536007E-009   1.8228467450845298E-009  -1.0114934381849424E-009   4.3591630943159243E-014   4.0929515459007033E-015   3.2345311611276180E-014   1.5372312202723888E-014   1.5175787545822118E-014  -7.3856640604821549E-014  -6.0884774418534267E-015  -8.7151156539011746E-015   4.0757486916779524E-015  -1.7612912444312374E-014   3.9072970120952680E-013   1.4007349513098696E-012   8.0310413340188574E-007   2.9499058244291847E-012   1.3102416365946583E-012  -3.3406346973119493E-012   3.2852630844506461E-009   4.3587482365851814E-009   1.7116527320569034E-009  -1.0400335919762584E-009   1.2583783275759739E-015  -5.2284569375718721E-016   8.9538017022951231E-016  -2.7175287604813523E-015   3.8877404440312384E-017   5.0499481330168164E-016   4.3484936543337037E-016  -7.8353370867053317E-016   1.1809739588235250E-016  -3.0940708691047938E-016   2.9440697542268415E-015   6.2169947734784591E-016  -2.4560552194449105E-015  -6.5066671738939596E-016   1.1095223229477599E-015  -1.7565088775733844E-013  -6.1109504606908966E-015  -1.3721766215132907E-013  -7.2577904443927363E-014  -1.4033348873264552E-014   3.0823830190534065E-013   9.1116977218717135E-015   3.5179163576157506E-014  -6.1136703701385884E-015   7.6055047485245920E-014   1.5073005582093229E-012   5.4674203519566403E-012   3.1311194799967812E-006   1.1529237893369111E-011   5.1101156851457002E-012  -1.3036546623592570E-011   3.9198993561403522E-010   4.8778511354814736E-010   1.7847501029171862E-010   2.0824754924306486E-010   1.3149192176937293E-011   4.8306047038914387E-011   2.7641179120123290E-005   1.0213288145693287E-010   4.5265422732336435E-011  -1.1528207368549555E-010  -2.3096980502566185E-009  -3.3037555792247166E-009  -1.3944375263680221E-009   1.0589502341075512E-009  -5.6176738478265586E-010  -7.4545240685704747E-010  -2.9279001841988601E-010  -3.0945679197105938E-013  -4.8921369416074773E-015  -2.4831106760387224E-013  -1.3362159358855456E-013   5.0380662459157521E-014   5.4880145095086933E-013   7.2789748524912069E-015   6.2777118739929946E-014  -4.8736936180755082E-015   1.3828883135678982E-013   2.9172075787368625E-010   8.5996628203651472E-011  -1.3010231674870421E-013  -1.4781876889464442E-015  -1.0582427506538364E-013  -5.6853599242453718E-014   3.9990179354998169E-014   2.3140417329887640E-013   2.1968600043924071E-015   2.6695537567878932E-014  -1.4692286362338866E-015   5.8979067534856594E-014
   5.6108284737708393E-012   8.8679904334634114E-012  -8.7842021261349266E-012   3.6594726485414867E-015  -2.2427967655392684E-010   4.0953239662624251E-016   3.4086638422650864E-015   4.4856019869909947E-010  -4.0321221302563069E-016  -2.2428052367350382E-010   5.9923356802465691E-010   9.4538170648382527E-010  -9.3799305880350141E-010   3.2048405653584089E-012  -3.8546073174876748E-008  -1.6001414390082219E-014   2.8683860637697603E-013   7.7092209254498358E-008  -1.7008941374620909E-013  -3.8546136091668166E-008   1.8180050431240526E-009   2.8688777232490562E-009  -2.8458151058563408E-009   1.4663941747226244E-011  -1.3791088040400473E-014  -6.1708576379607037E-015   1.4488530281453640E-014   2.9864253721046764E-014  -2.1597890912485661E-017  -1.1361588870117521E-014   9.1941112433491811E-015  -6.8209497178840487E-014  -6.1643342711575963E-015   4.0041432859752540E-014  -4.0155082221471963E-007  -1.5945415976299847E-013   3.0684826344261990E-012   8.0310234710507214E-007  -1.8120767629943006E-012  -4.0155152494636812E-007   1.7076047920548389E-009   2.6957927667386510E-009  -2.6730456260142180E-009   1.5126759831304816E-011  -1.9462543245516408E-016   3.7475405538006513E-016   1.2321828300411282E-015  -1.2039106510677810E-015  -2.5966150270921374E-016   1.5823812455290309E-015  -4.5309988127543547E-016  -3.0425322538554770E-015   1.0503574559622370E-016   1.0356077087375635E-015   1.6738839104659699E-015   9.0776187487785006E-016  -1.7002150712440109E-015  -7.1426681921153160E-016   8.8936918152719583E-017   6.3697021115673877E-014   1.4158143209778205E-015  -6.4499399489196039E-014  -1.2154878512329205E-013  -6.3054173003409797E-017   3.6090174838916264E-014  -2.0856438209804328E-015   2.7326941156387688E-013   1.3822634388455477E-015  -1.5560781400152898E-013  -1.5655548869761004E-006  -6.1970360200397987E-013   1.1990945504826554E-011   3.1311125098012982E-006  -7.0633808904525322E-012  -1.5655576227160898E-006   1.9864382257949189E-010   3.5582374821590529E-010  -3.1324187029149830E-010  -3.2880295333212893E-012  -1.3820546486669981E-005  -5.4250844228372832E-012   1.0616252895391024E-010   2.7641117268740751E-005  -6.2421097500315046E-011  -1.3820570782059290E-005  -1.2382672518720436E-009  -1.6382683856417498E-009   1.9215246234641179E-009  -1.6447685700807413E-011  -2.9201003234884034E-010  -4.6070410896373613E-010   4.5710217394150156E-010   1.1802126114970680E-013  -5.4159950599951989E-014  -1.1703361437444647E-013  -2.1719561568833333E-013  -2.5617493024094601E-017   5.8853441971922744E-014   8.0775699825165315E-014   4.8025982513933794E-013  -5.4212027871277342E-014  -2.7073281327972679E-013  -4.7266648329259912E-012  -1.2476393318328478E-012   5.0538328694653757E-014  -3.8620720757676325E-014  -4.9602171271656810E-014  -9.2222272291145656E-014  -1.4924568897167525E-017   2.4417974421689239E-014   5.7591935099540851E-014   2.0178327653530320E-013  -3.8646984785842621E-014  -1.1342910970199874E-013
   1.4262234050468790E-011  -5.7446857856202258E-012   3.7119788966456305E-011   2.5833690170124169E-013   2.6011863865537335E-016   3.1272926496102868E-015   1.2076111666851869E-015  -4.0321221302563069E-016   4.4856252208050002E-010   1.4323898748086847E-016   1.5242562677431612E-009  -6.1534149155081598E-010   3.9650818337020520E-009   8.8431243665759908E-011   2.4479668655527559E-014   3.3961244532114153E-013   6.7615613757949177E-014   1.1510918641961812E-013   7.7092374219060938E-008  -1.3958836968328233E-013   4.6240470971096033E-009  -1.8662402789729394E-009   1.2029427491462069E-008   4.0722669529338717E-010  -6.0570815524250822E-015   2.2728458304351535E-014  -5.7724248213042229E-015   3.9687533232260733E-015   2.7443677164104066E-014   4.1577163523019954E-015   4.1736428817795433E-014   1.4113346598852877E-014  -7.8723727790858512E-014  -6.2168434523132648E-015   2.7417875497237041E-013   3.6767294676798784E-012   7.3697395573388696E-013   1.2063054094758868E-012   8.0310414480347892E-007  -1.4804817944172185E-012   4.3427813762353444E-009  -1.7521561944876726E-009   1.1298938703273299E-008   4.1873835271493885E-010   5.9320289823093468E-016   3.8691243940189671E-015   1.9716584869437450E-015  -6.3058970482960872E-016  -1.1975500462763463E-015  -4.1362869458765438E-016  -1.2770484590481389E-015  -1.1072900228317500E-015  -3.4774820544942935E-015  -1.1462849051019952E-015  -2.1229033969939147E-016   1.5634549814603477E-015   1.0013064005490665E-015  -6.6913897417817728E-016  -3.3574554149412005E-016   9.1223685982412262E-015  -8.3380676913877018E-014   5.5652188001485634E-015  -6.2109707222470023E-015  -1.0513208009656192E-013  -6.0279317776823943E-015  -1.7302527118754810E-013  -9.1239216461705811E-015   3.1551853652905416E-013   2.6527807163626617E-015   1.0654239696609494E-012   1.4332302054173065E-011   2.8764695388026389E-012   4.7035934207413371E-012   3.1311195247958045E-006  -5.7690247463695898E-012   4.8603095283341405E-010  -1.7191833335067309E-010   1.3109400015400436E-009  -8.3419621483006259E-011   9.4551804272161182E-012   1.2694221365704218E-010   2.5520432425182832E-011   4.1471798093282732E-011   2.7641179473898452E-005  -5.0926978687774080E-011  -3.2914069904813107E-009   1.5071686809838649E-009  -8.2163941948947973E-009  -4.2443259142917119E-010  -7.4272140980635606E-010   2.9975326161596595E-010  -1.9321005777842707E-009   7.2714029759287867E-015  -1.4221786929540266E-013  -1.6884361871502416E-014  -4.9416718839669844E-015  -1.8405468210666744E-013  -4.8139298181883397E-015  -3.0737934404884113E-013   7.7967112097615501E-014   5.5461053363216172E-013  -4.5528293065304986E-014  -1.1657913829581186E-010  -3.4622003399244990E-011   2.1879057479132523E-015  -5.9249456599395370E-014  -1.3796465665466772E-014  -1.4946987700369661E-015  -7.7769951800636979E-014  -1.4406831753756094E-015  -1.2953907972138663E-013   5.7932692250010197E-014   2.3304434975175587E-013  -3.2897174492368779E-014
   8.9202280544660490E-012   7.9539589435640576E-013   3.0893192006000060E-012  -9.1345390359707011E-014  -2.2428002229949540E-010   1.0585037518766112E-015  -1.7689840675735203E-015  -2.2428052367350382E-010   1.4323898748086847E-016   4.4856054760325123E-010   9.5292719865242608E-010   8.6194164776957335E-011   3.2855348392183509E-010  -3.2037274987006328E-011  -3.8546091554301563E-008   7.4210325225663890E-014   1.5755369659293179E-014  -3.8546146540971852E-008   1.5628202357218339E-013   7.7092238112806726E-008   2.8909824616997251E-009   2.6101683845609482E-010   9.9727530709549578E-010  -1.4748802220625119E-010  -1.5025408125988549E-014  -6.7920146694390730E-015   4.9530085047505218E-014  -1.0519686284116758E-014  -1.1869884586237343E-017   3.0678378116966051E-014  -6.8851042890785140E-015   4.9486104930146209E-014   1.6029382337712016E-014  -7.3802355102190831E-014  -4.0155104835123400E-007   8.1349668819923310E-013   1.4167107146753103E-013  -4.0155162695347986E-007   1.6449952278842712E-012   8.0310267540769321E-007   2.7153116851497207E-009   2.4443255942540636E-010   9.3727443873116630E-010  -1.5167589678062259E-010  -1.1909736622295334E-015  -1.0514886367141820E-015  -4.3541368359468915E-016   2.3371979645986340E-015  -7.8090439884821387E-017  -3.4065560277622512E-016   1.1691638244256530E-015   1.3309063442797257E-015  -1.5785879032297170E-016  -5.5656286064733679E-016  -1.5775102084279848E-015  -4.5529031007177785E-016   3.3637396044285498E-016   5.1347082779483941E-016  -5.5908874814056596E-017   6.5519821121368695E-014   7.4848025241845142E-015  -2.0251398608478648E-013   3.4861265922755386E-014   2.8148007246261657E-017  -1.2276535621309457E-013   4.4510242254184989E-015  -2.0252806163474875E-013  -1.3456333541699259E-014   3.0190046724157383E-013  -1.5655557679705624E-006   3.1763582612349026E-012   5.3749182963668561E-013  -1.5655580209738055E-006   6.4158749186082468E-012   3.1311137886055142E-006   3.1126131472693815E-010   3.1362684543615128E-013   1.3300519414962575E-010   3.0536855611253798E-011  -1.3820554398000950E-005   2.8184545089673400E-011   4.5798965565467576E-012  -1.3820574271699011E-005   5.6638413432875556E-011   2.7641128669686310E-005  -2.0032242943239513E-009  -3.8757355356360046E-010  -5.0201572225177169E-010   1.5511724467495223E-010  -4.6435353980181327E-010  -4.1974920692755919E-011  -1.6018954779853320E-010   1.1947207584387983E-013  -1.2523003119919142E-014  -3.5827895132140665E-013   5.7863242152437351E-014   1.9181200323408169E-017  -2.1815186928936384E-013  -3.7697473655937944E-014  -3.5826155440447122E-013   6.3099498997398942E-014   5.3407773666952812E-013   4.2858475182345284E-011   1.2539516176541461E-011   5.1030380097681717E-014  -1.1163720988855408E-014  -1.5080747636380128E-013   2.4078884972387330E-014   1.2451282284005509E-017  -9.2543327784508012E-014  -2.8089590461827622E-014  -1.5079709761828326E-013   4.8849888768094795E-014   2.2480278909168581E-013
   4.9968462254350082E-004  -2.3692297286366768E-010   2.3578091952250229E-010   1.4205622116721134E-010  -1.5521596761693855E-009   2.6829388083937858E-009   1.1527211815116722E-009   5.9923356802465691E-010   1.5242562677431612E-009   9.5292719865242608E-010   5.3416928296674576E-002  -1.8030868349941745E-010  -3.3690452025176232E-009   3.1283141240865424E-009  -6.3388074640163310E-009   3.2370506809787787E-009   8.9949352479722748E-009   2.8158674564781304E-009   3.1427657284622660E-009   3.5229423900379543E-009  0.16204246152412333        3.0052967746984060E-009  -1.4564950584949891E-008   8.5489025881827966E-009   7.5288635634684687E-010   5.6314031899207862E-010   6.5297103584160771E-010  -8.2733749704778308E-010  -1.8066689456115114E-010  -1.8264268398161534E-010  -1.0725856870216558E-010  -1.1345288996480256E-009  -4.1923783348596688E-010   3.5893300079896398E-010  -4.3803282462901477E-009   8.5606089171292005E-011   7.2896243360566644E-009   2.0420632698705539E-009   1.2849462843139452E-009   2.3382683331755991E-009  0.15217980746861764        2.5519146553278327E-009  -1.3423064879846548E-008   7.4797593679632726E-009   1.4828398481657125E-010  -5.9792924020473395E-011  -1.2891649451170061E-010  -1.0012251205878212E-010  -2.5312604619995105E-010  -1.6036257763172188E-010   1.6387653837650611E-010   1.0593596118276901E-010  -1.3964274081237783E-010   4.9956514610351324E-011   3.8487611900921520E-011   9.4121681528197784E-011   3.2503911021110082E-011   9.4547328057226870E-011   7.2785342233011002E-011   7.4848980413830944E-010   5.2045980034423847E-010   6.0601798548547536E-010  -7.9400504526745767E-010  -9.7498542387500911E-011  -2.1008958479363545E-010  -5.7065531989380141E-011  -1.0766042018630823E-009  -4.4389922606390419E-010   3.5075601540758106E-010  -3.2412050686059719E-009   2.0757857837310099E-009   5.5307306744101687E-009   1.5607172991812934E-009   5.6334112849828804E-010   1.6804687610509697E-009   1.6747827449302040E-002   3.2282778734373000E-010  -1.4479930254545331E-009  -1.2752529916416983E-009   6.0304341945144983E-009  -1.6866406140292314E-009  -1.0211516165858847E-008  -2.8599503462211746E-009  -1.3790014010834601E-009  -3.1704840776853968E-009 -0.11746289759131426       -1.9567076357616665E-009   1.0234351538722391E-008  -9.0096367626363338E-009  -2.6028335174697076E-002  -4.4159245532205843E-010   2.2775434673207019E-009   5.3274723178893473E-010   3.7484272296925103E-010   4.6579499975679437E-010  -5.7847013242140687E-010  -8.0376600835521165E-011  -1.3628326148587582E-010  -4.4305159851272523E-011  -7.7504211911273607E-010  -3.1540157115016614E-010   2.3049960390286944E-010  -2.5378321211896545E-009  -7.9587618031926182E-010   2.2236691502473641E-010   1.5505674028769097E-010   1.9387464093273957E-010  -2.4137358568154219E-010  -3.2430253808418407E-011  -5.6962613847468218E-011  -1.7388446532347336E-011  -3.2115556484885037E-010  -1.3172787125639452E-010   9.4869756894255324E-011
   1.8978701837040289E-010   4.9968495583330478E-004   7.2301204599115250E-010  -2.9283444251821503E-008  -1.0315753735740151E-009   2.0626332491059663E-010   1.5298611963448435E-009   9.4538170648382527E-010  -6.1534149155081598E-010   8.6194164776957335E-011  -1.8030868349941745E-010   5.3416927342060577E-002   1.5215445097005066E-009  -2.2569699641595154E-008  -8.0888532783320552E-010  -2.3706296639166268E-009   3.1465548895443866E-009  -5.8102485023827715E-010   5.4126455242009048E-009   1.3899139982936973E-009  -3.4433067483756431E-009  0.16204246016553717       -7.2604307956948609E-009   8.8304031442006754E-009   7.4888901635884159E-010  -6.3815273631620565E-010  -2.1927617885966807E-010  -2.3957074495989683E-010  -1.8111792863836138E-009  -7.6516800817239436E-010   7.2082663357201049E-010   2.0305810333269046E-010  -3.2887313073042448E-010   1.2086240652815285E-011   3.9722353866190947E-010  -2.5280804846161003E-009   1.2859608665738956E-009  -1.6720862308932464E-009   5.8441194909343438E-009   1.2749033907764122E-009  -3.0211721593963008E-009  0.15217980632876416       -5.9527705346404332E-009   1.6967615458415028E-009   3.2018103688935203E-011   1.2756853837432528E-010   9.4706136749684679E-011  -1.0270560828795236E-010  -1.0449075085435574E-010   4.6411599072983751E-011  -7.2919162849413340E-011  -2.5419866075654889E-010  -7.3318849648380211E-011   9.4761733617822805E-011   2.1212313442754523E-010   1.3245950747808540E-010  -2.6995382327082206E-010  -5.4576211729021097E-011   1.2724437262374524E-010   7.2110024675299050E-010  -5.9899189414751602E-010  -2.0486513005757330E-010  -2.2465996733769280E-010  -1.7450405444044952E-009  -7.4279676055234737E-010   6.7707521473801193E-010   1.9634088632341136E-010  -3.0933730468873951E-010   6.3510713857043358E-012  -1.0239062125366514E-009  -2.2397077776593725E-009   5.6257696386015231E-010   1.6350836251935793E-009   4.8724986259372265E-009  -6.1132654670714322E-010  -3.6262642822680522E-010   1.6747827287165250E-002  -8.2123752184102825E-010   6.6882266226062071E-009   5.1754832615320270E-010   3.8554680907298985E-009  -1.3898550326443880E-009  -7.0803468684202304E-011  -8.6356270440383106E-009  -4.4674597351801359E-010   2.3005998024545725E-009 -0.11746289659846487        4.5618910729175325E-009   1.4363306003625201E-009   5.1882335825409320E-010  -2.6028334959322802E-002   1.0393893065231400E-009   5.2097165755869364E-010  -4.2619140769010318E-010  -1.4645319094773695E-010  -1.6061522629874872E-010  -1.2317491461495689E-009  -5.3834406987604829E-010   4.7511563796424784E-010   1.3256669654689260E-010  -2.1123012229420714E-010   1.0349592075288960E-011   1.5253986152821090E-009   1.7133408225918374E-010   2.1841980861435903E-010  -1.7657706042630049E-010  -6.1077804680801771E-011  -6.7202476670655919E-011  -5.1369469454373435E-010  -2.2583995402420649E-010   1.9752164877398590E-010   5.4741114961734806E-011  -8.8424113992632328E-011   4.7228562613717634E-012
  -1.1965796448617293E-009  -5.1074225435287102E-010   4.9968446219734368E-004   3.7639834600510174E-009   6.0943832197990930E-010   1.5082733429097947E-009   6.0096172412259277E-010  -9.3799305880350141E-010   3.9650818337020520E-009   3.2855348392183509E-010  -3.3690452025176232E-009   1.5215445097005066E-009   5.3416926796155416E-002  -3.5882868290558614E-009  -2.6407824174540726E-009   3.1527468593790057E-009  -1.5617833641702991E-009  -5.7508146800876709E-009   5.7665177196243643E-009   8.3915885340755758E-009   6.3653305384798851E-009   1.1028705642060954E-008  0.16204245959184480       -2.0505262272630135E-008   4.3251237098058606E-010  -2.3925347659869192E-010  -3.3418657839167590E-010  -1.3382351870954537E-009  -3.8029310703806065E-010   7.5795816301612355E-010   2.1377420030558903E-010  -1.9239231073248805E-010  -4.7552936197881541E-011   3.9256077165337125E-010  -3.1782883964598003E-009   1.2877091027579064E-009  -2.1889364602218883E-009  -4.4332480789101001E-009   1.0954918642415226E-009   7.6115174600358463E-009   4.6823412416537697E-009   9.9072705961816094E-009  0.15217980562410668       -1.7210050619103425E-008   6.8206540234809236E-011   9.4551374670165580E-011   1.5303394438613033E-010  -5.6953137948202744E-013   5.2619332960298088E-012  -1.1923375144573037E-010   9.4015501333381636E-011  -2.0966077356495438E-011  -2.5298905728343973E-010  -1.3740669828792122E-010  -7.0025198216629539E-011   2.3609049525390504E-010   1.2358523896360936E-010  -2.4001240314438283E-010  -2.4716487894237103E-012   3.9927441668750235E-010  -2.4202394475897746E-010  -3.5003006344669694E-010  -1.2553775621063256E-009  -3.5542974935057265E-010   7.1969550826473385E-010   2.1140525958721674E-010  -1.1406363683017592E-010  -4.1601373553787812E-011   3.4602151380181543E-010  -2.7240940991770061E-009   5.6500965105747451E-010  -2.1022011333445612E-009  -3.2955315603286538E-009   2.5510149252689174E-009   6.0196397474305012E-009   7.7813631031470155E-010   1.1238168005105873E-009   1.6747827303786593E-002   2.0514508993531277E-009   4.7758378286006420E-009  -1.3818972443007877E-009   3.5016888999065532E-009   6.1418073923509661E-009  -2.7954561167355026E-009  -1.0917645838869502E-008  -3.5921598160987658E-009  -7.5373871238664165E-009 -0.11746289614566711        2.0016144321258347E-008  -8.4156538834053089E-010  -1.6901275993996835E-009  -2.6028334862785593E-002   2.6863528719831111E-010  -1.7278986405443684E-010  -2.5559806574095064E-010  -9.0850560834519560E-010  -2.5081682176761292E-010   5.4809528420993186E-010   1.5669570852726458E-010  -9.7233421144875877E-011  -3.7439040553970925E-011   2.6299633167072845E-010   5.4906156968164574E-009   1.7616496364862158E-009   1.1105978377551239E-010  -7.2464354316776228E-011  -1.0706170085323441E-010  -3.7754498048127263E-010  -1.0352881471969744E-010   2.2854379665621392E-010   6.5818551452106429E-011  -3.9028996194971681E-011  -1.5840616234894298E-011   1.0888949606342798E-010
