 6.1303550322539773E-007 -1.8455415931560396E-017  3.9256800731702576E-017  4.6239760297993826E-016 -3.1522366223051403E-018  2.6918360914894835E-018  1.3093269877972753E-019 -5.0869977965763276E-018 -3.2605706933390500E-018  5.0984627584581569E-018 -2.6484592426597496E-006  6.0277932939699340E-017 -1.4011682540954846E-016  9.8270837031295813E-016 -1.3686944163875647E-016  9.9297084369110366E-017  1.2339581903154605E-017 -5.0718428380951370E-017 -1.3794999129200184E-016  1.9205340632910028E-016  5.5195517251508616E-016  7.5831957441017910E-016 -6.8541768366382957E-019  1.1353051572746670E-018 -6.8719396169245838E-016  5.2286418936109725E-019 -2.9257964296626080E-016  1.2568689767642014E-018 -1.2943964611071292E-018 -1.3290810242302328E-019 -5.9886601686393013E-019  2.0632967273234077E-006 -6.6293217195413780E-017  1.5637572871121609E-016 -4.0866788293059295E-016  2.9888422654026425E-016  3.7526621070963107E-017 -1.6921460371019864E-016 -4.1925047743126844E-016  5.8215367784554527E-016 -1.0133066726681313E-004  1.4940251788028178E-015 -3.8169710176849157E-015 -1.5954091473197672E-015  9.2175746307318946E-019 -1.7152352439293803E-018  1.4296795710345028E-015 -1.1736897442604947E-018  6.2535185586968617E-016 -6.8571523884560320E-019  1.4210684395013484E-018  1.0347609752838050E-019  2.7971286342707901E-018  1.0223272785751912E-016 -6.0979567551070407E-016  4.4224791215345559E-016  5.3471125567871122E-017 -2.4668112720503671E-016 -6.1920110013098876E-016  8.5458857482368102E-016 -1.1203307371734209E-003  1.6191122077828425E-014 -4.1368167572053384E-014  9.1636774777265233E-019  2.5267710170386989E-019  1.0669775690925865E-019  4.3131615012344821E-019 -4.7540111403369141E-022  3.3120999450158913E-019 -3.0587257674729677E-019 -6.8307349063502574E-020 -4.3564500513834745E-020 -1.7136353759707554E-019  9.7453934030722795E-019 -3.1006096852435473E-020  1.5117731503995762E-019  2.8273353248849301E-020  8.6611492468376156E-019  6.0878370862306333E-016  2.3655469306803168E-016 -2.5333893753231310E-019 -1.6788555673183231E-019 -2.3404948191031491E-016 -2.1499288915880565E-019 -1.6070013919558441E-016  2.5636547586969351E-019 -6.6179697245012771E-019 -1.8856228198587315E-019 -1.8530918820957324E-019 -1.2020959647478932E-015  8.7428387936997197E-016  1.0740577490896258E-016 -4.8878745453139923E-016 -1.2235760058601311E-015  1.6927386547747637E-015 -1.7174043550987379E-016  2.0444378704369038E-019  1.0997248033409701E-019  7.2300905920606714E-021  2.3264061494132297E-019  1.9446806280310402E-021  1.1436971402779973E-019 -1.4823467071870287E-019  1.5967691733598417E-020  5.7806369780096426E-021 -5.9245775914614662E-020  8.4837144143127316E-020 -3.7348221750254559E-021  2.2744779966407997E-019 -4.7048985116285152E-021  2.3545349872580739E-019  4.8112038861839221E-004 -4.4118944688472328E-015  1.8744500309558752E-014  6.6741148801679757E-018 -2.7153079041525034E-019 -3.9704629299505070E-019 -2.1146857498289482E-017 -2.9569254032642893E-019 -4.0153174338852500E-017  2.0318739891284920E-019 -6.7127825473178952E-019  5.8627774248029028E-020 -1.5780875933265409E-018 -2.3829650129751844E-015 -2.4245783121625225E-015  3.0648665666015272E-017  7.8935729113605108E-016  4.7444980652216013E-015
-1.8455415931560396E-017  6.1303547576580157E-007  1.8344184068657997E-017  1.0236618110473681E-015  6.2150994996177303E-018 -1.0839415575760767E-018  2.7920932047275328E-018  6.2643794085158389E-018  2.2795425074380560E-018  2.1005670379772706E-018  6.3188733853913655E-017 -2.6484591480174012E-006 -6.1911463352678433E-017  2.3778834487822379E-015  5.3538391317917248E-017 -1.4181619492927422E-017  8.4308647690236438E-017  2.4327450266498592E-017  3.0229825316700870E-017 -5.1776887814398708E-017  1.0042224416622699E-015  1.4103811878215587E-018  7.2803641256923778E-016 -5.0454074607920081E-019 -1.7946303027595523E-018  1.1934217794521938E-018 -4.0009759890132947E-019 -6.5565114176403360E-016 -5.3841677700372813E-020  9.5602852808622534E-017 -6.7689142860548417E-019 -6.8286448430061788E-017  2.0632966182832559E-006  7.9381237836209652E-017  1.4081719583118877E-016 -4.5785824441475676E-017  2.5890368140438620E-016  5.7906234548411460E-017  1.0137196116747210E-016 -1.8445365018320595E-016  1.6253643165476698E-015 -1.0133066493823134E-004 -1.3592301225940858E-015  4.3274723467958370E-019 -1.5676439842744360E-015 -2.3534763424637475E-019  2.3122529603148929E-018 -1.8838929144398381E-018  1.7878418784411048E-019  1.2978457725664059E-015 -1.6056345743437394E-018 -2.1765435740092085E-016 -8.8622349740758990E-019 -7.0181207557286468E-015  2.2230144379610021E-016 -7.1139215838037066E-017  3.7861583163951919E-016  9.6162317363947497E-017  1.4666229320098417E-016 -2.5749343572501651E-016  1.7662457242765478E-014 -1.1203307120552450E-003 -1.4529000876998857E-014 -1.6566865176812464E-018  1.3377669619887695E-018  6.6751303486099245E-019 -5.5537906106615696E-019 -1.0515677465991730E-019 -2.0642712091560200E-019  1.4966047939283100E-018  2.8617287330773136E-019  5.8165284798562648E-019  6.1724213844231436E-019 -1.2263114621559869E-018 -8.3629031379531995E-020 -3.4977251205310106E-019 -1.8230222600460186E-019  4.2221358806560748E-019 -1.3110245299278852E-014  6.3625223742859161E-019  2.2950007202522117E-016 -7.0171411034073102E-021 -4.2116189947842563E-019  1.9006083601490617E-020  6.2592092797494779E-019 -1.8758281020034530E-016 -5.9441447568552122E-019 -1.2844842607745101E-017 -4.7415739190052354E-019  4.5228044194303476E-016 -1.3368425001913842E-016  7.5313687388177401E-016  2.0555639054452040E-016  2.9047835318804349E-016 -4.9263280672754293E-016 -2.0228019665342983E-015  3.2247201501802396E-020  1.4832034080668292E-019  1.7147206253860637E-019 -1.4936881299677272E-019  6.2362019020150575E-020 -1.9587442811618786E-020  2.6641611308525246E-019  5.8626684978613530E-020  1.5384012922391629E-019  1.8934201984206809E-019  6.3543889282378649E-020  5.7405872105495741E-020  1.4895750515444285E-019  3.9307382877890389E-020  2.9506153805140371E-019 -7.7950338352840460E-015  4.8112037855206407E-004  6.9803953565389702E-015  3.9504619396269357E-019  3.2176356447144792E-017 -1.4731999450081335E-019 -2.8919140467609430E-019  6.9112681887989787E-020  5.4501788909070956E-020 -3.4469061012081029E-017 -4.9286956815573597E-019 -2.8259841682031588E-017  2.2531561528832294E-019  1.5904564370589419E-014  1.4329574658399371E-014  2.9731329543991642E-015 -4.2772136969746593E-015  1.9254302516701951E-014
 3.9256800731702576E-017  1.8344184068657997E-017  6.1303548841955636E-007  9.8369154741370861E-016  4.7038121392462848E-018  1.1592563640597717E-018 -2.6562205543318428E-018  6.6755666248042273E-018  2.1547613976665226E-018 -3.4203230907305656E-018 -1.2491184285254599E-016 -6.9454228210943280E-017 -2.6484591917568985E-006  1.9681149045633066E-015  3.8339924601227360E-017  1.8981446784725899E-017 -1.0323040654149646E-016  1.8603649871153914E-016  9.9915397742762472E-017 -2.0579020064882947E-016  1.3648959808144185E-015 -9.0729423259274441E-019 -8.6855464941071845E-019  5.8100747280161802E-016 -1.2948301943979277E-018 -5.8403482628519803E-019  1.7018606283241334E-018 -1.6052147416141714E-018 -4.4376663740511480E-016  8.6891722974285691E-019 -1.0339190451917731E-016  1.4491706700079571E-016  8.5496764080255866E-017  2.0632966686648815E-006  1.0458014880700474E-016  6.2945057679559738E-017 -3.1762502857118008E-016  5.4631612436093893E-016  3.0641019787696255E-016 -6.3904414176893940E-016 -2.8276466996873112E-015 -1.7684587497402441E-015 -1.0133066601092621E-004 -9.7414953822890820E-019  3.5705540951705041E-019 -1.2474874572711112E-015  1.7250987962103347E-019  1.4006014886476781E-018 -3.8902075594379626E-018  3.3854296741506620E-019  9.0966756787696615E-016 -9.7757783248785626E-019  1.9359199195589894E-016  5.6837582725146135E-015  1.6075452659737342E-016  8.5574464611005391E-017 -4.6580993916652584E-016  8.0598637498100844E-016  4.4539055689053684E-016 -9.4732403983648022E-016 -3.0525820586546544E-014 -1.9063602290168652E-014 -1.1203307236302526E-003 -8.7276026432287067E-018  1.5851733116968409E-018  1.2491245360715766E-019 -4.2499031698879976E-018  5.2087363821180982E-019 -2.7951031277864621E-018  1.7345655996544553E-018  7.2758727457132385E-020  5.0696646169793261E-019  1.5390999043295447E-019 -5.9566018497505739E-018  1.3720769378435815E-018 -2.3583017368787124E-018  1.3737646846675735E-018 -1.6945757327026199E-018  1.2348648628469851E-014 -2.7033656115875435E-019  4.6078473363385738E-019  1.8296003844366151E-016 -3.9482466566190732E-020 -7.2412824500523554E-019  3.2306225232853513E-019  2.4050413058464347E-019 -1.3140988771028416E-016 -3.5829819910964526E-019 -1.3558558768453291E-016  1.7964792835177572E-016  1.7947895643543364E-016 -9.2358825424306568E-016  1.4677751120869140E-015  8.8967125642528952E-016 -1.9909669262639984E-015  2.2775994439029720E-015 -2.3491338879636651E-018  2.5006023056773214E-019  9.5854078131439984E-020 -1.3675577241892415E-018  1.3896264666552422E-019 -1.1248990461624124E-018  2.3405332211945408E-019  2.0221201172349917E-019  1.3440012516985231E-019  1.3472211405949750E-019 -1.8413456601664699E-018  1.7567421447407665E-019 -8.0616868232446345E-019  1.8630431663778555E-019 -1.3665652423154759E-018  8.9508749804428769E-015  5.8582965200971904E-015  4.8112038319043427E-004  9.5002956100500426E-019 -1.8394385376016036E-019  2.0221553393961478E-017  3.8915528663210703E-019 -3.6091494198686411E-020  4.8872839734501108E-019  1.6560649736174699E-019 -2.3589161624267250E-017 -2.7491192481376852E-019 -7.7811814887333364E-017 -1.3227322614823100E-014 -1.1553300909191445E-014 -2.8633307940968432E-015  3.3634145475910526E-015 -2.2584110639742748E-014
 4.6239760297993826E-016  1.0236618110473681E-015  9.8369154741370861E-016  1.4040821751166443E-001  2.4048657814918061E-011 -2.4499862093289980E-014  4.9988532108741720E-014 -2.1723246158846685E-011  3.3404036751823602E-014 -2.6237223492229379E-012 -1.2397954544560258E-015 -1.3022512021841854E-015 -2.5599136347077992E-016  3.0306245220302919E-001 -1.6938528787833374E-011  2.0720219976501415E-014 -3.2532368420889855E-014  1.4347617313163654E-011 -1.0367026612545842E-014  2.3612841772707927E-012  1.6573592126488679E-001  4.3605711166023327E-016 -1.4818143862492843E-016 -1.5206949072322094E-017  2.8333583713048941E-016  3.8263520345831320E-017  1.1713964923941969E-016 -5.2215252429932877E-016  5.2164360688786600E-017 -2.6151705468161593E-016  1.3803341592849715E-016  7.9981826916609786E-017  1.3494322630968675E-015 -5.2617951073355731E-017  3.9398408073758855E-011 -3.8973076094296657E-014  8.3051568431664718E-014 -3.7188468816547197E-011  8.6400981949365268E-014 -2.1501312001470105E-012 -1.1383324238600675E-015  9.5143074000601351E-016  1.8001572789054414E-015  5.4950104472068286E-016 -1.4744168255195420E-017 -1.9843105122835357E-017  2.4302023530204667E-016 -1.9042021501105187E-017  2.6555038528472216E-016 -1.2209074151852612E-016  8.4948175800323905E-018 -1.0629101172657546E-016 -4.7943666770116951E-017 -1.1431372812185313E-001  4.2212872264663616E-011 -3.9285060365989255E-014  9.3716272560782240E-014 -4.1317904115435715E-011  1.1700211782568243E-013 -1.0362518051679837E-012  4.9710138260624564E-016  1.3818826461114706E-014  1.9640942469681727E-014  5.7820918623201452E-014  9.9524471243265491E-017 -3.9407215895557330E-017  2.5093261617164805E-014 -3.5545327389231168E-018  2.0067751527229280E-014  9.5049035386493735E-017 -2.2730359901940730E-017  4.8372602902618592E-017 -3.9433171578629268E-017  1.0171336171206175E-014 -7.7020904766408156E-018  6.1028073917232745E-015 -1.4181326871940519E-017  6.6799087253882422E-015 -1.1141195396771100E-001 -1.8194764170680165E-016  7.8355545676323444E-017  3.1236183619541807E-017 -7.5781718997158251E-017 -1.6358689189688338E-019 -7.9687199282169443E-017  1.5742647587494399E-016  4.6416548351591029E-017  5.4547239191825121E-017  7.6892014283845838E-017  9.4743205656675407E-011 -8.9474756055652595E-014  2.0750521930050554E-013 -9.1542255819240988E-011  2.4392011404225316E-013 -3.1576213447009942E-012 -2.6077622968283455E-002  3.6638458588564220E-015 -4.7729457405051321E-018  3.4974828474428111E-017  3.9206408174036840E-015  2.9278009408947266E-017  2.4970997480784992E-015 -3.0857318527527752E-018  1.8118106928368722E-017 -4.4811339189293660E-018  3.9687478359972083E-017 -8.4594410856504993E-016  6.4138670007030980E-017 -3.6286482706092797E-016  6.6055466787317800E-017 -4.0799884031906416E-015  2.8717810049470647E-014  2.9666426137759537E-015 -2.7362376958051735E-015 -2.9421610428337611E-016  9.4888485762057582E-017 -1.2302269069341645E-017 -1.3024828619647599E-016 -7.4732158492621374E-019 -1.3771941947068634E-016  1.9822913657200703E-016 -9.2065237823130645E-018  8.6444361474649698E-017 -1.7766375031439595E-017  5.1912382090917655E-002  3.6980074742212377E-002  1.9939443070001650E-003 -8.4221052262554476E-003 -1.1419171102894553E-002
-3.1522366223051403E-018  6.2150994996177303E-018  4.7038121392462848E-018  2.4048657814918061E-011  9.3376296784119973E-006 -1.1610979824740732E-017  1.8238158698044065E-017 -4.6688148413671812E-006  1.2871773079658104E-017 -4.6688148377036028E-006  4.9623581386105651E-018 -2.5339331352921264E-017 -2.0014813686935670E-017  5.0497979228739890E-011  3.1038802969327739E-004  3.1503510824910215E-016  2.7184125155730216E-016 -1.5519401487575004E-004 -2.2155357176532794E-016 -1.5519401482023569E-004  2.8782918197496170E-011  1.6070292079987034E-020 -1.5813942972480959E-018 -1.1579267504184316E-018 -5.2679171014058134E-019  2.0623608107170268E-019  8.0500033306166401E-019  1.7190327154449482E-018 -1.8484962670208475E-019 -6.7910798300212668E-019 -2.5486230803792914E-018 -5.4429727350144170E-018  1.3489365373624875E-017  2.3573890503184037E-017  9.4888362835292164E-004  8.2055346882572055E-016  9.4073777836543720E-016 -4.7444181427181169E-004 -5.4811217284449275E-016 -4.7444181408419039E-004 -1.6347580458542412E-016 -7.9850319034168857E-016 -6.4328812836379371E-016 -1.5257515732038052E-019 -1.1690979408755144E-018  2.3764749252520334E-019  3.0795384183444669E-019  4.3640768644726170E-019 -8.0800257055903147E-019 -3.0448964955531237E-018  4.4352503804660268E-019 -1.1233790878795252E-019  2.6888411338672846E-018 -1.9911561347614502E-011  1.3965218031484915E-003  1.2965664398658216E-015  1.2663177263091674E-015 -6.9826090171257692E-004 -8.6348621792665201E-016 -6.9826090144859722E-004 -1.9270931414365222E-015 -8.9196079280017406E-015 -7.0002152779755345E-015  3.3829677446153309E-016 -1.4676679544243251E-019 -1.4330947897120626E-018 -6.5177663130653414E-016  4.7522643745182660E-019 -3.2303190333236614E-016 -1.4597820369935122E-018 -1.4654032727744111E-018 -1.0490503516614922E-018 -3.1863302447309661E-018 -1.5023858885531080E-016 -7.5876422585785270E-019 -5.1695259534288209E-017 -7.9025102306033172E-019 -1.2279809125057591E-017 -1.6376481089758322E-011  2.6156748854093767E-018 -2.0417331940253564E-019  1.4598406934412237E-019  1.3211549472685802E-018 -1.9452091188909005E-019  1.1682274625707606E-018 -6.4969099301596130E-019  2.7745644500473303E-019 -3.4652656500341631E-019 -3.1936948454094704E-019  2.7650173448861433E-003  2.4527478351827517E-015  2.6645072078161073E-015 -1.3825086727472984E-003 -1.6304440096681436E-015 -1.3825086721913659E-003 -5.4031970702712299E-012 -5.1114889696563286E-016  5.5736201314339824E-019 -3.0998612067339272E-019  4.6684205554293424E-016 -2.1466490341561848E-019  2.5626395213747323E-016 -5.4364278956771106E-019  2.3900818985397879E-019 -2.6935711313948084E-019  5.1233431974860488E-019 -2.2557675548651611E-016 -7.7897669274433085E-020 -8.5365250159182578E-017 -1.1381179118893358E-019 -1.3042755431502535E-016 -3.2957893717256553E-015  3.6316837382255497E-015 -7.2143708347234500E-016  3.1675767547339995E-018 -6.0598870771619930E-019 -1.2209779592868044E-018  1.3994195954010426E-018  3.3256940483248925E-020  1.4654323394840290E-018 -1.0734983258942053E-018 -1.0467623350227876E-018 -4.6233840758566980E-019 -2.2032940741279884E-018  9.1305074311632773E-012  5.7255959997836534E-012  4.4751029389167805E-013 -1.4271079390686192E-012 -1.9225485215920757E-012
 2.6918360914894835E-018 -1.0839415575760767E-018  1.1592563640597717E-018 -2.4499862093289980E-014 -1.1610979824740732E-017  9.3376296852967031E-006 -1.0459586353602433E-017  2.4216989771175202E-017 -2.4418824965527247E-017  4.2961153763862087E-018  7.3776969371808217E-019  2.9230560964150029E-018  1.4603232409616318E-018 -5.1596341361585426E-014 -6.2549488813890322E-016  3.1038802981017894E-004 -1.2467418308943130E-016  6.6190653631352901E-016 -3.5624825614588721E-016  4.6429639793526129E-017 -2.9401446448347547E-014 -1.9649247576579016E-018 -4.0000208327130428E-019 -2.2683218438229609E-018 -1.2045182087926109E-018 -8.0283702609055275E-019 -1.9100877435509941E-018  2.9280455364922882E-018 -2.0657051900250322E-018  1.3344578584691172E-018 -5.5477859254346815E-018 -1.3035753411331259E-018 -5.8632538926773385E-018  6.7389611846049857E-018 -2.0232224764917491E-015  9.4888362869376618E-004 -4.1515953268343364E-016  1.9869784957775578E-015 -1.1269895592594565E-015  1.0977456005868830E-016  4.9847983960373757E-017  1.0528138097813568E-016 -1.0813063810798388E-016 -7.3440990591829364E-018  2.4367310126225015E-018  3.3971347214048929E-018 -2.9164970606115254E-018 -3.8055232588772443E-019 -2.8385779785380099E-018  2.2047632837156295E-018  3.5209608375175487E-018  1.1313061344135394E-018  8.5256683156740321E-018  2.1715399515157173E-014 -3.0081712539904753E-015  1.3965218036986770E-003 -6.0233179337914548E-016  2.8167002750120914E-015 -1.6603701785686657E-015  4.9060970366805216E-017  3.7953291091919063E-016  1.2002785497457524E-015 -9.8753772093625945E-016  2.0018489320659487E-017  3.5976948138422934E-016  1.9793204355691461E-018  1.2603271917469855E-017  8.9510958471358740E-019  1.0062765088723199E-017 -6.7362219200368973E-016  2.4230016268894188E-018 -1.4335164681952829E-016  1.9168563959300376E-018  1.7696978689111936E-017 -8.3528672571607501E-019  9.1495570166620123E-018 -9.6091820054887632E-019  1.4024710804781157E-017  1.8864875453974334E-014 -1.4686463242136641E-018 -6.9692549740798988E-019  1.5257679169304987E-018 -3.2899425003860219E-019  2.4395923061470518E-019 -8.1639920971560697E-019 -2.5471585116226750E-019  1.2630263252574687E-018 -6.2426291037018652E-020  2.6595559198951883E-018 -5.8472895291691327E-015  2.7650173458990913E-003 -1.1948358978052017E-015  5.8253715026308030E-015 -3.2812510369106850E-015  3.2816273555096515E-016  6.0328459156423057E-015  5.7808525492225245E-018 -5.0821812804192747E-016  3.5711942951102304E-019  4.2438203288057956E-018 -1.7107294061468032E-019  3.1925423549247022E-018  4.7265731732225027E-016  1.9603393067244534E-019  5.7122702141472417E-017  2.1137506783229294E-019  5.2731549505255847E-018  3.2236505941963758E-019  3.1375759471296754E-018 -1.2261505810330949E-019  5.4293569050598135E-018 -1.7001749996951917E-015  2.1413051081391194E-016  8.4264210178225583E-016  4.8054402933245507E-019 -3.4535227285676851E-019  9.3832348108997759E-020  1.5390953901126960E-019 -8.7780525720483117E-020  2.6030980823163590E-019 -1.0041490150690214E-018  2.7557310412936945E-020 -4.3139146244947951E-019  1.1569521224758809E-019 -1.2031647456750180E-014 -8.1633353656077699E-015 -4.7959869678528332E-016  2.1451923317924241E-015  5.2531132184536292E-015
 1.3093269877972753E-019  2.7920932047275328E-018 -2.6562205543318428E-018  4.9988532108741720E-014  1.8238158698044065E-017 -1.0459586353602433E-017  9.3376296816490150E-006 -1.5769986515260687E-018  5.5978173493761640E-018  1.3418646589158674E-017  2.9654060126652417E-018 -7.8609184853914151E-018  8.8956641789468935E-018  1.0462538121500821E-013  3.2285271856626041E-016 -2.0646509407165813E-016  3.1038802975186654E-004 -3.8225987805797665E-016  5.1284525262036738E-017  1.1597618960742885E-016  5.9980469338658742E-014 -3.1907738998377885E-019  4.9160856225520435E-018 -4.9474113702871215E-018 -2.4029053052263889E-019  8.8692716955801679E-019  4.0554878063198675E-019  5.0822657223593574E-018 -5.8633403114178530E-018  4.5878160900551817E-018 -1.4006783547938202E-017 -3.7464808740355643E-018 -1.8186801327618520E-017  3.0262573180895981E-017  9.9837316536010959E-016 -6.5703041861753129E-016  9.4888362851036363E-004 -1.2353317750484362E-015  1.7864236771077062E-016  2.9128695651358708E-016  4.7253907518475162E-017 -6.9543367319750847E-018 -1.1841523502304354E-016  4.7245281174477258E-019 -5.8305284564483143E-018  5.6306299849790629E-018  2.0260399764468270E-019 -7.8315384664023859E-019 -1.1270938036418959E-018 -1.1215143775572715E-017  5.0879480080107563E-018 -5.0486310926058389E-018  1.2630376806160182E-017 -4.1291483866013683E-014  1.3250790017192397E-015 -9.5376175424821735E-016  1.3965218034257341E-003 -1.7673830983386877E-015  2.2716724276225149E-016  4.8436619836229746E-016  5.0731827356512171E-016 -4.8785190544756022E-016 -8.0145449876322941E-016  1.9545414712804764E-017 -3.3803438318339580E-018  1.2322458740380097E-016  5.4680386257271005E-018  4.0009695794469637E-018  3.7259154011831851E-018 -1.6215728277811611E-018 -4.0523114911274785E-016 -1.6873795891610184E-019 -5.6303766604451584E-016 -1.0812810284783858E-018  8.5109332003270584E-018 -4.3487266997137460E-018  8.9101030174216589E-018 -1.3571496339327891E-017 -3.2866427505356226E-014 -5.0794130898393598E-019 -1.3556762212098034E-018  1.0347798284376658E-018 -2.1835546181051510E-020  3.7476989498759134E-019  2.2954667913630895E-019 -3.0452602934236236E-018  1.5104013284477316E-018 -1.7958551006632077E-018  2.6169402799293707E-018  2.6445026574576774E-015 -1.9011758439413820E-015  2.7650173453573584E-003 -3.8016211958861600E-015  5.2854803785866373E-016  6.1771218024823514E-016 -1.1446767981481871E-014  3.8190702456642350E-018 -1.9633613191462648E-018 -4.0278221051569810E-016  1.6239603133154886E-018  1.0577781028029211E-018  3.6367842821229535E-019 -2.2873543566634440E-018  2.5517088438909754E-016 -9.0992496652744695E-019  2.2940884497718129E-016  1.8132943322285854E-018  3.4346490432290235E-019  3.4769493318208592E-019  3.1318540779200553E-019 -3.7944337940234949E-019  1.1768305679138886E-015 -2.4018857344629834E-016  8.3371311183990893E-016 -4.0401241776521447E-019  9.3064082460056966E-020 -6.7902050204993000E-019 -2.2743669522199535E-019 -4.8677277264757199E-020 -2.8483320656987749E-019  1.7296798778775756E-019 -8.1197188309313391E-019  2.5952712984736311E-019 -1.7974677519314372E-018  1.6723925850952018E-014  9.5536066819365479E-015  3.1000156338646432E-016 -2.2169072079764208E-015 -8.5416748267607247E-015
-5.0869977965763276E-018  6.2643794085158389E-018  6.6755666248042273E-018 -2.1723246158846685E-011 -4.6688148413671812E-006  2.4216989771175202E-017 -1.5769986515260687E-018  9.3376296893630271E-006 -3.8632618479639488E-018 -4.6688148477910426E-006  2.0201219984474406E-017 -2.8563570231092679E-017 -1.1317183750029276E-017 -4.5517569398907592E-011 -1.5519401488578043E-004  1.3460877690981032E-016  3.7017123535703567E-016  3.1038802987360677E-004  7.2067917955468884E-017 -1.5519401498670894E-004 -2.6024136101711386E-011  5.5335733962987748E-019  7.6293491921202184E-019 -5.7844690193629682E-020 -3.3315334721308853E-019  1.0596124356379064E-019 -2.4927584947555393E-020  2.9890833011004179E-018  1.2477332022015234E-018  3.9015891536079423E-018  1.3469700000169498E-018 -2.5211144109921860E-017  2.1892992711500567E-017 -1.7487279630455110E-019 -4.7444181430347971E-004  5.2313975527414879E-016  1.0438973003382821E-015  9.4888362889834939E-004  2.1061071925551250E-016 -4.7444181459319133E-004  5.6481192336137354E-016 -9.9505022536023632E-016 -2.5558889609780583E-016 -2.7763429267878376E-018  8.7796769091028736E-018  1.3300454941155614E-018 -1.3274375394928627E-018 -6.3439130045783596E-020 -1.5448365723945252E-018  1.7583320632867997E-017  1.0501814574425623E-018  7.3973599611126332E-018  4.1424491587520067E-018  1.8125691948411696E-011 -6.9826090175552358E-004  7.1526620782751501E-016  1.6254118415478182E-015  1.3965218040006507E-003  3.0349509394587860E-016 -6.9826090224109436E-004  6.0576624260834834E-015 -1.0624030958239865E-014 -2.8961966578533247E-015  3.8975182700577656E-016 -3.5295146890826534E-019 -2.8456625388597743E-018  8.6558480809202559E-016 -2.3714789695497009E-018  5.4317808399459651E-016  2.0559345660301662E-018 -2.5504016616301438E-019  1.8204980249330428E-019 -2.7874286385379262E-018  2.2779918924435626E-017 -3.4374559147471937E-018  7.1806390521301075E-016 -5.1513020385245549E-018  1.4036431449391906E-015  1.4946220883796647E-011 -2.0057868473829802E-018  1.3572597412542967E-018  1.8785003798726498E-018 -8.9181134679508894E-019 -3.0364038292222818E-020 -7.3685547640594230E-019  4.3519725322967127E-018  1.8328382864718891E-018  1.9238556492920072E-018  2.5958388151609154E-018 -1.3825086728002263E-003  1.4820562262467051E-015  3.1140646471832261E-015  2.7650173465337468E-003  6.2828867693643199E-016 -1.3825086736586382E-003  4.9655819789830474E-012  4.4205798671005781E-016 -2.7404777850231934E-019 -7.8779393226601173E-019 -4.2449584233835900E-016 -2.2320889761795862E-019  2.5521207529306299E-016  9.8801451814813138E-019 -7.6316604647241747E-019 -7.1535371331396504E-020 -8.3957639928294646E-019  3.2786085422892866E-016 -8.2765074201468510E-019 -1.0795918769588588E-017 -4.8509832394332932E-019  3.5955390287808780E-016 -6.1479386245784435E-015  2.7850681836369016E-015 -6.1599312057892755E-015 -1.1483221565819786E-018  3.8125677338221156E-019  7.2696829725629341E-019 -5.2246527042760893E-019 -5.5799749469476344E-020 -5.6897037695141754E-019  4.1147475798934957E-019  6.8979642184632230E-019  3.9298688004413427E-019  1.9946119634333085E-018 -8.3855512044638158E-012 -5.2548996797919574E-012 -4.0906313782633474E-013  1.3101109216318151E-012  1.7787523517682105E-012
-3.2605706933390500E-018  2.2795425074380560E-018  2.1547613976665226E-018  3.3404036751823602E-014  1.2871773079658104E-017 -2.4418824965527247E-017  5.5978173493761640E-018 -3.8632618479639488E-018  9.3376296904335124E-006 -2.2703565769737592E-017  6.3650906000924275E-018 -8.1135717608607111E-018  1.6904044302850567E-018  6.8325336122798687E-014  5.9435047723684073E-016 -4.3689281792459785E-016  1.2600745782366018E-016 -2.2446042538227339E-016  3.1038802989146521E-004 -4.1511664230852255E-016  4.0541087596987249E-014 -2.1619002502485716E-018  4.2080448103462705E-019 -2.0998457818007301E-018 -2.0708657515802840E-020  9.0775746554857519E-019 -1.8982252406857658E-020  1.1151756495148763E-018 -1.6818629671361828E-018 -1.4280409608989653E-018 -2.5014479571390921E-018 -8.8757361393758930E-018  6.2655502514221360E-018  6.6564463440802807E-019  1.8635187326127501E-015 -1.3579518900074340E-015  3.8169688359273648E-016 -6.0374931377210509E-016  9.4888362895093796E-004 -1.2939353764887887E-015 -1.3321119159811417E-016 -2.3302293814593346E-016  1.3696004086699497E-016 -2.5529952516949029E-018  1.0029946381733497E-018 -2.2897581313653392E-018 -2.2591805526635761E-018 -7.7872538361528551E-019 -8.8846155632611756E-019  4.0755086223332536E-018 -2.3719599819530905E-018  2.0782378674712290E-018 -3.9570659772594912E-018 -2.7294985465548537E-014  2.7307530089317710E-015 -1.9786109679521414E-015  5.8991692062795575E-016 -9.2060445814742248E-016  1.3965218040842813E-003 -1.8459475404581661E-015 -1.6252826241645129E-015 -2.4945825342472176E-015  1.3985283421090334E-015 -5.8516827127767382E-018 -7.1167649880128602E-018 -5.0049435073221251E-018 -3.9527068739717653E-018  2.1334501335682153E-016 -2.4569153629357649E-018 -6.9508081449551534E-018 -3.2854992860848894E-018 -2.1545445898016273E-018 -8.9053716847725506E-018 -6.3764276517837598E-018 -5.9445467266389253E-016 -1.3698677912069021E-018 -2.4471878466484927E-016 -3.3669747871989458E-018 -2.0000423503496685E-014 -5.0855170996100123E-019  4.8287572730165378E-019 -4.7416335376244565E-020  1.3378531742823381E-019  5.2876869478689902E-020 -5.1394529072614657E-019  9.3973266039601159E-019  2.4819115595099585E-019  4.2105889961541141E-019  2.5150237603450693E-019  5.3486253114922436E-015 -3.9537895893832172E-015  1.1410740467467915E-015 -1.8853806602908583E-015  2.7650173466625522E-003 -3.8911624153664285E-015 -7.5952354997061493E-015 -2.0789160036021408E-018 -2.2871545550836413E-018 -2.7142851123466915E-018 -9.9235884618762317E-019 -3.2849404369652583E-016 -8.0337297427511288E-019 -2.6024425807222623E-018 -9.4139932511288372E-019 -1.3163896661838015E-018 -2.6401179081991209E-018 -1.7120635177336042E-018  2.4985343539488635E-016 -1.0636365547189852E-018 -9.4912199350488609E-017 -9.1386939563838039E-019  2.8991309835458485E-016 -9.6935676724076180E-016 -2.9777617977556053E-015  3.8711978716059312E-020 -1.4556940293074961E-020  1.0426210395747813E-019 -1.0332601160987969E-019 -7.1769751991808555E-020  8.2471923791497201E-020 -1.6496629690756769E-020  7.9484510316044340E-020 -1.3008393803550766E-019  5.1800440244889591E-020  1.2492847163763479E-014  7.6452824660932987E-015  4.4689833842430391E-016 -2.0080453736919519E-015 -5.7187504103864022E-015
 5.0984627584581569E-018  2.1005670379772706E-018 -3.4203230907305656E-018 -2.6237223492229379E-012 -4.6688148377036028E-006  4.2961153763862087E-018  1.3418646589158674E-017 -4.6688148477910426E-006 -2.2703565769737592E-017  9.3376296859486288E-006 -1.1804696353349998E-017 -9.1007185362894265E-018 -3.4762777316545014E-018 -5.6280804891191461E-012 -1.5519401482939541E-004  1.1219220845426307E-016  3.5785710759906716E-016 -1.5519401499104892E-004 -3.0574561209220599E-016  3.1038802982203534E-004 -3.1063312951134625E-012 -5.6942763605111508E-019  8.1845939567937273E-019  1.2157714484965089E-018  8.5994505978147872E-019 -3.1219732460312085E-019 -7.8007274710674296E-019 -4.7081160312055951E-018 -1.0628835815389534E-018 -3.2224811676368201E-018  1.2016530784425211E-018  1.8135195349390457E-017  1.3556645412932554E-017 -5.3746687920960775E-019 -4.7444181411638740E-004  3.7388935233703595E-016  1.0720545841594426E-015 -4.7444181460572574E-004 -1.0541807278660713E-015  9.4888362872351550E-004  8.3142872041076872E-017 -6.1880008026406084E-016 -4.8657935046414044E-016  2.9289180907731635E-018 -7.6105790055891238E-018 -1.5676930027735834E-018  1.0194836902101471E-018 -3.7296855642683640E-019  2.3528391394423305E-018 -1.4538424106297688E-017 -1.4937064837506347E-018 -7.2850220575463809E-018 -6.8312902899011097E-018  2.1739317531863874E-012 -6.9826090149149530E-004  5.1602372725001705E-016  1.6069609438082343E-015 -6.9826090225744391E-004 -1.4882204858385046E-015  1.3965218037575887E-003  1.1270915053859317E-015 -7.1345450528310065E-015 -5.6206456281146567E-015 -7.2804860162655942E-016  4.9971826477972455E-019  4.2787573292205417E-018 -2.1380817682411071E-016  1.8962525317667359E-018 -2.2014618071400593E-016 -5.9615253042153087E-019  1.7204434378360016E-018  8.6700054889801683E-019  5.9737588818939768E-018  1.2745866986367090E-016  4.1962201415306947E-018 -6.6636864574163857E-016  5.9415530620788433E-018 -1.3913633359451575E-015  1.9525755377487184E-012 -6.0988804003886357E-019 -1.1530864165065522E-018 -2.0244844485121016E-018 -4.2934359843737081E-019  2.2488495018613780E-019 -4.3137198498958707E-019 -3.7022815442201155E-018 -2.1102947319377486E-018 -1.5773290848017994E-018 -2.2764693325766412E-018 -1.3825086722809945E-003  1.0701780853091208E-015  3.1285266594752397E-015 -1.3825086737258032E-003 -3.0531631853715842E-015  2.7650173459844354E-003  5.7674377422187566E-013  6.9090910265100492E-017 -2.8331423555505226E-019  1.0977800516363564E-018 -4.2346213263582823E-017  4.3787380147598352E-019 -5.1147602748365934E-016 -4.4437172765917715E-019  5.2415785739877961E-019  3.4089248460814382E-019  3.2724208018305613E-019 -1.0228409876082473E-016  9.0554841079057420E-019  9.6161168912334070E-017  5.9891011509205351E-019 -2.2912634858382981E-016 -6.4535120053133707E-016  4.5048581132749513E-015 -2.2389760925656193E-015 -2.0192545978781602E-018  2.2473193488899088E-019  4.9400966250102557E-019 -8.7695432485870795E-019  2.2542808989682198E-020 -8.9646196224418037E-019  6.6202356665266566E-019  3.5696591269016278E-019  6.9351526686328696E-020  2.0868210969257587E-019 -9.7491563966619473E-013 -6.1876447128885200E-013 -4.3200020446118428E-014  1.4530233809881054E-013  1.9655253155693939E-013
-2.6484592426597496E-006  6.3188733853913655E-017 -1.2491184285254599E-016 -1.2397954544560258E-015  4.9623581386105651E-018  7.3776969371808217E-019  2.9654060126652417E-018  2.0201219984474406E-017  6.3650906000924275E-018 -1.1804696353349998E-017  1.1443417815703138E-005 -1.8880981015750181E-016  4.1183927741643053E-016 -2.5922278951491558E-015  3.0721782330785918E-016 -1.6564467346015976E-017  6.2807458107553792E-017  1.6316694096620404E-016  3.3968242366008759E-016 -4.8990561010780278E-016 -1.5175195003356902E-015 -3.2764068837019587E-015  2.9600352665908721E-018 -4.8782968177074301E-018  2.9690554100447188E-015 -2.2820332168723639E-018  1.2642508908045449E-015 -5.4685917257209815E-018  5.5514181966748343E-018  6.0873592638061069E-019  2.6014941264251900E-018 -8.9005406528517029E-006  2.3214461603738603E-016 -5.2379628073625318E-016  8.9711219559075594E-016 -3.0295172111724278E-017  1.9288126382931576E-016  5.6020209847699075E-016  1.0277864650389606E-015 -1.4758971647112969E-015  4.3801093958351496E-004 -3.6961013594943583E-015  9.1001696195942192E-015  6.8920662180630529E-015 -3.9808270721858476E-018  7.4450167573064720E-018 -6.1757922917438130E-015  5.0776942461754325E-018 -2.7018081209191065E-015  2.9569325000651418E-018 -6.1225893656144993E-018 -4.3055472752790133E-019 -1.2139225302222401E-017 -2.0512002478882732E-015  1.3564220320641215E-015 -5.4828198566411279E-017  2.9155759386585846E-016  8.1447951217872098E-016  1.5218903258937324E-015 -2.1625353059559297E-015  4.8434099879185568E-003 -3.9381094155706852E-014  9.7058212161771238E-014 -4.0073583008190034E-018 -1.0759868235128359E-018 -4.5984078093241427E-019 -1.8486961898081749E-018 -7.8867393225361731E-022 -1.4241408469340297E-018  1.3152552907947250E-018  2.7637951597116461E-019  1.9924653815625522E-019  7.3351744095777596E-019 -4.2497891986923517E-018  1.2601953299605542E-019 -6.6057988223555122E-019 -1.1435917382265570E-019 -3.7739747498370545E-018 -5.1181555234899194E-015 -1.0148829012949768E-015  1.0985854655855490E-018  7.3896087202638122E-019  1.0047922660945359E-015  9.4210315927123638E-019  6.9232893099204263E-016 -1.0630694728191019E-018  2.8248229182382169E-018  7.8961575803905031E-019  8.1470763702797477E-019  2.6629054397825838E-015 -1.0281925230666875E-016  5.7045703750799683E-016  1.6140387128681209E-015  3.0029837274569277E-015 -4.2848637228811568E-015 -5.6394280718410907E-016 -8.8387278358343228E-019 -4.7667036113950681E-019 -2.7638120433664710E-020 -1.0017879870366058E-018 -1.5763484779653912E-020 -5.1645795356871649E-019  6.4241936614519949E-019 -7.2698949385568113E-020 -3.3389781511351505E-020  2.5979995759571222E-019 -3.5722851991096472E-019  1.9767223561376175E-020 -1.0123683767008944E-018  1.9124068725967953E-020 -9.8958662429454139E-019 -2.0261401354241043E-003  1.1553085414013452E-014 -4.2534010168127022E-014 -2.9020796001871364E-017  1.1646582643753959E-018  1.7000829094559069E-018  9.2313000404785674E-017  1.2739044149833539E-018  1.7395742140726193E-016 -8.7123406044619030E-019  2.9248055076601907E-018 -2.3000568201372446E-019  6.8317168537549748E-018  7.8444632188014733E-015  7.3411717956249938E-015 -4.7183181160023959E-017 -2.2411574093491495E-015 -1.2650943066352844E-014
 6.0277932939699340E-017 -2.6484591480174012E-006 -6.9454228210943280E-017 -1.3022512021841854E-015 -2.5339331352921264E-017  2.9230560964150029E-018 -7.8609184853914151E-018 -2.8563570231092679E-017 -8.1135717608607111E-018 -9.1007185362894265E-018 -1.8880981015750181E-016  1.1443417510564463E-005  2.2510989804687683E-016 -3.1238750223678164E-015 -1.8081347061576425E-016  2.0899233965849768E-018 -2.2419532720759922E-016 -1.5318593360507614E-016 -7.1035282838948931E-017  2.2152311359636986E-016 -1.1392160201039588E-015 -6.0597238192384455E-018 -3.1455118805538535E-015  2.1899467825681349E-018  7.7943994217476608E-018 -5.1669848801967219E-018  1.6836317633389957E-018  2.8329047357945390E-015  1.9643928538669268E-019 -4.1284051806978864E-016  2.8810561287668783E-018  2.2927494617122684E-016 -8.9005402620821752E-006 -3.0951773173112687E-016 -4.5402964126783759E-016  1.7044274625497532E-017 -6.9030687259751252E-016 -3.9771769981716783E-016 -2.5619457895476649E-016  7.9063973627383170E-016 -3.7975411136789739E-015  4.3801093350006524E-004  4.2504569883215263E-015 -1.9450807662275251E-018  6.7719205652789646E-015  9.7164492614272488E-019 -1.0025823469771885E-017  8.1404548874735351E-018 -8.2845515384352256E-019 -5.6064482472184076E-015  6.9414611528408884E-018  9.3966927615906078E-016  3.8806645449679313E-018  1.3014141381711907E-014 -7.3133194155332445E-016  4.0942873046064944E-017 -1.0056302922959020E-015 -6.3009648197404678E-016 -3.6590708732301461E-016  1.1050548672347796E-015 -4.0664600450369670E-014  4.8434099233912601E-003  4.4859555977590426E-014  6.9115347356981561E-018 -5.6936548324423950E-018 -2.8473847776909858E-018  2.2525259539480862E-018  4.1489124387773404E-019  7.2847683917260783E-019 -6.3672703431342530E-018 -1.2258738167500420E-018 -2.4579000850825292E-018 -2.6182012711493260E-018  4.9639830296778568E-018  3.2553636377659301E-019  1.2912321514257204E-018  7.6559936668593560E-019 -2.0842348886631354E-018  2.4766547757713179E-014 -2.7927379243119309E-018 -9.8479632800432944E-016  6.6422353394808258E-020  1.7989213329036148E-018 -7.2442005953859604E-020 -2.7065627530782196E-018  8.0385725048319083E-016  2.6134205964014480E-018  5.7021331833761539E-017  1.9878908178620289E-018 -1.5059737266375733E-015  5.0675995236781801E-017 -2.0060031962531135E-015 -1.3193508331319283E-015 -7.2509873339937758E-016  2.1080525646406241E-015  3.7215599613773279E-015 -2.4379603603783639E-019 -6.4162884453890419E-019 -7.3571206473845969E-019  5.6651458436064652E-019 -2.5965881939692638E-019  7.1238805525200145E-021 -1.1230958870368982E-018 -2.5840549192467254E-019 -6.4645906791135878E-019 -8.0733985208314698E-019 -4.0603766041491417E-019 -2.5648279963061757E-019 -7.1484262558391705E-019 -1.8561277622512939E-019 -1.3796244349278239E-018  1.7794791213658872E-014 -2.0261401090018666E-003 -2.0690700201192403E-014 -1.7456618780558852E-018 -1.4012122379889927E-016  6.0983002328269220E-019  1.2532094377776067E-018 -3.0430988800470534E-019 -2.5146429907341320E-019  1.4997613104049531E-016  2.1244452514032336E-018  1.2195595691186517E-016 -9.6481518445357794E-019 -3.0387979882603154E-014 -2.7494021665970339E-014 -6.0732927886048403E-015  8.2171112348585356E-015 -4.1919242668327752E-014
