   8.6967603980571656E-002  -1.2072796035642197E-015   1.6477382744914740E-015  -1.6258874547446147E-015   1.4994307793602969E-016   6.4333013586882598E-017   2.0344002463447080E-016  -1.9635305418096033E-016  -4.2031194694194206E-016   1.3085319231625350E-016  0.20460380925322721       -7.4704581857658613E-016  -2.4589197052202888E-015  -6.1925742616590687E-015  -4.8792363485363883E-015   7.0580266956501963E-018   3.1304244590419681E-016  -2.2067277366717590E-015   5.7163260191638897E-017  -9.5416472784916664E-016   3.3769179076914102E-017   9.9955339884572556E-017   7.3959711414669217E-017   4.3541094025804724E-016   1.5792810533755075E-017   2.6314877575094057E-017  -1.0617382087739380E-016   3.4453471093612358E-016   4.3106117636268768E-016  -1.0197336437634068E-016  0.16833517940169199       -1.5988643591768669E-015   1.1915957858019827E-015  -4.2156986514731475E-017  -8.1355735221107354E-017  -5.6468454125604204E-017   1.4456602126016169E-017  -8.2882922345247382E-019   9.4478359838766885E-017   4.0935028558406832E-017  -2.0468273218733010E-017   1.5163971944183369E-017   7.3882758776527840E-017   1.5537501414079246E-017  -9.5050461639131171E-017   6.5615174276212268E-017   1.0286874928853589E-016  -6.2069077997724168E-017  -2.2020674012388342E-015  -7.3521761454292478E-015   1.1648476382140776E-016   4.9396367197892121E-017  -4.0269821170763216E-015  -3.9643299359241658E-017  -3.3266856541672165E-015   1.2739596743435114E-017   1.1537814111054113E-016   5.6492001028285014E-017   1.0150879916393970E-016   1.8500454863782506E-016   7.7638905988950589E-018   2.8478474730587958E-017  -1.3376014251820245E-016  -2.8844991682451152E-016   8.6955929822570828E-017  0.10650837244977251        1.2716520702881633E-018  -1.8369747522705045E-015  -3.0452725592032402E-004   1.2774286479156276E-014  -1.4686213840365853E-014  -4.6257355524199453E-015  -3.2968084956891610E-015  -1.4838773774819316E-015
  -1.2072796035642197E-015   8.6967603980574279E-002  -5.9299324700744127E-016  -8.2969934055560575E-016   9.2137818237602221E-018   2.7059937018459292E-016   4.5268125937668328E-017   5.7357759946462814E-017  -5.2485540490141922E-017  -2.5288259406342859E-016  -3.6805241292723715E-016  0.20460380925322696       -2.0527278146526946E-015  -8.6482978047057889E-015  -2.4179755469425995E-016  -1.4051073860043289E-016   1.4558790111487002E-016  -5.6375293130743093E-017   3.1545989057414384E-017  -1.8292616459996953E-017  -3.8844144864933858E-015   4.3074769680237229E-017   6.4266401325420846E-016   2.2697023510071276E-016  -2.2313809366256218E-016   3.2388690308113533E-016  -1.2669174728239385E-016  -2.1687943046999442E-016   5.3147845113394672E-016  -6.7104238521455865E-016  -8.2543797640260773E-016  0.16833517940169618       -1.9776237693776859E-015   1.5684920013469770E-016  -1.1400694031210294E-016   2.7058489703447852E-017   7.6414301721240947E-017  -8.4599176797712644E-017   1.8316141274403239E-016  -1.2238973623493202E-016   1.6454391949151273E-017  -4.7213135083539584E-017   3.6307893660366316E-017   2.6788187280121810E-018  -1.8532925073715860E-016   1.6055518431676530E-016  -1.9330047347725922E-016   4.8591642159621781E-016  -9.6153428830002810E-016  -6.6672060062506607E-016  -4.0133207502958167E-015   6.4233131622793035E-017  -2.7521047685513077E-016   1.9526422013495233E-018  -2.7259179645880293E-016  -5.8538783628765417E-015   6.2407516769610343E-017  -2.9463561363479510E-015   1.9712807161805431E-016   5.4187897264155033E-017  -6.4049319989217196E-017   2.9456767538704485E-017   7.8504378559028331E-017  -1.6526306364487811E-016   1.3900044243903856E-016   4.7786470221227214E-016  0.10650837244976999        9.0835939317850298E-017   2.2879571571479293E-015  -3.0452725590645783E-004  -4.0226547149475289E-015  -2.7557508747057759E-015   5.8284708617021690E-015   3.0869480014317216E-015
   1.6477382744914740E-015  -5.9299324700744127E-016   8.6967603980581787E-002   3.4441333015907787E-015  -1.0401214759285318E-015  -2.0558486521609924E-016  -2.5453314914758313E-016  -1.0719191031456221E-015   6.4730530313199771E-016  -7.0885162731716746E-016   2.9279294714115202E-015   2.7866551300711824E-015  0.20460380925325267       -3.5512225745531029E-015  -1.6281893971808640E-016  -4.4660101107710330E-016   2.4021779630830209E-016  -7.7130180023820974E-017   6.1401338958906517E-017  -5.5430947731097533E-017  -3.3719189922828964E-016   3.0354387588730250E-016  -1.0528967769188657E-016   2.0588045242251586E-015   2.4627205563646598E-015  -1.4056038111036195E-016   2.0371329680586619E-016   1.7323329848998864E-015  -2.1739091206248446E-016   1.0020369128400229E-015   3.1105260579170242E-015   7.5733638291310285E-016  0.16833517940161868       -1.2027933425448013E-015   1.7579190311069536E-016   6.1182358954141706E-017  -5.2953746781612870E-016   2.1813111935397068E-017  -4.6354512583617047E-016   1.8633499185342152E-016   1.6064037598926698E-017   7.6007259549100112E-017  -3.6518436967238588E-018  -6.1761640856660623E-016   2.2392088621858536E-017  -3.3483140381180804E-016  -5.3540287917955900E-017  -4.1640601652997060E-016  -1.4592727486119498E-016   2.3279439357275403E-017  -1.3539281124018310E-016   6.7438816717635695E-015   1.8251909727351844E-017  -2.2607473675897221E-017   3.2346786846750321E-017  -5.4763717796814524E-016   6.7009197026771731E-015  -3.8830529481357777E-016   1.8633437011601085E-014  -7.8574322683944509E-016  -3.1861677029625934E-017  -1.5234505131055474E-016  -5.2092248519075617E-016   6.2696231305066338E-017  -1.7847155056774266E-016  -7.3567691381056649E-016   1.1524722494090603E-015  0.10650837244984798        1.8174235377819807E-015   7.6986169029769835E-017  -3.0452725583725310E-004  -3.0016525592648622E-015  -5.3161279782033530E-015  -4.9545720037669378E-016
  -1.6258874547446147E-015  -8.2969934055560575E-016   3.4441333015907787E-015  0.16065768697732966       -5.4324971852622634E-016  -4.7863118965470245E-018   2.7334472597864403E-016   8.8120574701924554E-016  -1.0854860804568709E-015   1.0952381114925822E-016   8.0862408895011244E-015   5.9454665306140049E-015   8.5947427627591917E-015  0.38706801730837681       -2.9217509926128126E-015  -2.0144088712633911E-016  -3.4677183780688393E-016  -1.4777265539675259E-015  -3.8090132813670541E-016  -1.1341774336029783E-015   6.7585112881987831E-016  -2.5874934632825356E-016   1.5993450490800523E-016   1.3487283058853803E-016   2.6072882604446615E-014  -2.6983128805647600E-016  -3.4209151475107659E-016   1.2529774892031393E-014   8.1042049494033448E-016   9.7649633781113331E-015   2.9424417660008900E-015   1.5316141805480105E-015   6.7826484032843484E-015  -3.8357939934705644E-015   6.5246195417757829E-017  -9.1824533324963880E-017   1.6500781000539507E-015  -1.1478929769946372E-016   1.3719684538013534E-015   1.5054369780396768E-016  -1.8163899342105071E-016   1.2728529344589223E-016   1.8453370810460796E-016   3.6121131392146240E-015  -1.7288536898281258E-016   3.3024051916024329E-015   1.5805373408147782E-016   3.5693643435209892E-015  0.15498675158909261       -1.5473248032026492E-015   3.0452560022240735E-016   2.2664657311016951E-017  -4.8656174709253642E-016   1.8010642500568762E-016  -6.7637130224711826E-016   1.5456710622417749E-016   2.0851218802166860E-016   9.7504464638001940E-017  -2.1465446784584166E-016   6.1880831261410759E-015   8.7309191298891077E-017   7.2675890772304707E-018   1.1778382404664671E-014  -2.8561059761931098E-016   1.3640501644091901E-014  -5.6039111276354799E-015   2.9283361031559675E-015   3.4063771114929678E-015  -6.8466714073997514E-015   3.2902158736970238E-015   4.4195454313857105E-016  0.34444487224361009        3.6620986141303415E-003  -2.3219723254148410E-004
   1.4994307793602969E-016   9.2137818237602221E-018  -1.0401214759285318E-015  -5.4324971852622634E-016   8.8589186687313196E-029   1.5861524863156636E-030   8.2097383035723011E-030   4.2430653657800693E-029  -1.6375771154147143E-029   1.6815489407023297E-030   3.5343826904528468E-016   1.5697519114859248E-017  -2.4417749882005571E-015  -1.3426142116603623E-015   1.5813877176555897E-029  -7.5043635252771593E-029   9.1699557649798759E-029   6.3769564431395168E-030   1.5212891615664462E-030   2.2129005762571982E-029  -2.5711714527239067E-028   9.0038061538836014E-029  -1.5248696057854983E-028   1.7968509199576428E-028   1.7823507299351999E-028  -1.5380989208341728E-029  -2.2569515865241139E-029   3.1503043488845227E-028   2.4001726619747931E-029   3.6586259850154057E-028   2.9430980365322745E-016  -1.8264640555090388E-017  -1.9815074642557367E-015  -3.0600703456522524E-029   5.8602037582243659E-030   1.1251830594773200E-029  -3.6831545136915836E-029  -2.4674237981258349E-030  -2.2360321248815092E-029   7.5843375163423000E-030   2.7935709503194817E-030  -3.6905448160444182E-030   3.3734604197681445E-031  -7.0277656468011800E-029  -2.3011706824025541E-030  -2.7796127975582700E-029  -4.4864249241086094E-030  -5.3630717814357443E-029  -3.6297344698448825E-016   2.7385341082677195E-029  -1.4741478177804997E-028   5.9204065574816232E-029  -1.0671601261517889E-029  -7.6252713957918836E-031   9.7819991706173010E-030  -2.8239670759467043E-028   5.5837741034573653E-029  -7.8845814225870823E-029   9.2558283944901794E-029   2.6064036584978348E-028   4.5093586798832712E-030   7.2649485863871537E-030   1.7849162196609441E-028  -1.0891169882039219E-029   1.3878387560549384E-028   1.8373997680825801E-016   1.0344486274876812E-017  -1.2729999699327226E-015   5.6304191646237588E-016  -4.9878102485977138E-015   4.3918944778499695E-015  -1.1777057697491875E-015   3.6752032291608859E-015   9.4335393371926278E-015
   6.4333013586882598E-017   2.7059937018459292E-016  -2.0558486521609924E-016  -4.7863118965470245E-018   1.5861524863156636E-030   4.9121984120051441E-030  -2.2149798606551680E-030  -1.7204823497135303E-030   4.7893171166553852E-030   1.5345362710366513E-029   1.5041114283448987E-016   6.3737506509187332E-016  -4.8621226579933910E-016  -2.1309476187966502E-017  -4.1524809496961108E-029   4.2128360387720429E-030  -5.1619345198964877E-029  -1.9838036786555960E-029   3.2674317971013593E-031  -1.7286410351306427E-029   2.2114746160228741E-029  -4.6724500613207183E-029   2.5494975096255073E-029  -1.1044069311141060E-028   5.9222179699732756E-029  -7.1765825656249389E-030   1.8563729773147835E-030   5.7249534654835621E-029  -8.2368700581053833E-030   3.6115383347604427E-029   1.1883908590578914E-016   5.2830888046871887E-016  -4.1329243433347181E-016  -8.5893752270473538E-030   5.5371700724628673E-031   1.1959034938792962E-030  -3.8385909202056014E-030   1.1218573767445628E-030  -4.5287300446888004E-030   1.0455155236457170E-030   9.1169308829895734E-032  -3.8672876450936376E-031   6.0983164884257346E-031  -5.2612363615538859E-030   6.2189887864991944E-031  -1.9718128553823468E-030   2.4031004792472927E-031  -7.7983407119900421E-030   3.7861593215155489E-017  -4.7954529380820042E-029   1.2872591086308351E-029  -8.2151382454537801E-029  -2.3053283660923855E-029  -3.9402593804974896E-031  -2.0016955293995008E-029   1.9663081911778697E-029  -8.5169831540746454E-029  -2.5887634477628980E-031  -2.0327058219194689E-028   3.4282367335622246E-029   3.5004206675246902E-030  -1.2062599617848241E-030   3.2846890245145276E-029   5.5115951303061382E-030   4.4538280068909290E-029   7.8640064118449844E-017   3.3151841891802915E-016  -2.5217756243796519E-016  -7.8563778807656728E-016   6.2559817269248559E-016  -2.1216713604544945E-015  -1.4002504449032696E-017   9.4386784647739890E-016   7.6298815540614547E-016
   2.0344002463447080E-016   4.5268125937668328E-017  -2.5453314914758313E-016   2.7334472597864403E-016   8.2097383035723011E-030  -2.2149798606551680E-030   9.5182205538336146E-030   9.9815273945956874E-030  -1.7419874158376075E-029  -2.1037552873670499E-029   4.7844332715474638E-016   1.0241501852456386E-016  -5.9754975427154076E-016   6.7530353580390577E-016  -1.9789831284896352E-029  -5.6797087441665865E-029   2.6600415735020210E-029  -1.0510873443442656E-029  -1.2461928145563770E-030  -6.7831458864805739E-030  -1.6724154063297909E-028   1.7567629037186523E-029  -8.9455290929959721E-029   4.3521759787554397E-029  -6.4240064142549881E-029   7.5363680734111080E-030  -1.0131044928096156E-029  -7.2578460603140590E-029   2.4096172476590168E-029  -4.1357756090915726E-029   3.9270171400920282E-016   6.2960041180809290E-017  -4.8497191233971719E-016   1.4668014769258472E-029  -1.4953696871646588E-030  -1.7731267526895378E-030   1.1087089918360322E-029  -2.6919047816955392E-030   1.2192200882098474E-029  -3.0626197545244360E-030  -4.3289811213093272E-031  -5.7710600747902510E-031   2.0697703789801050E-031   1.5418238134695049E-029  -1.8878377561828899E-030   9.1549062715612389E-030  -1.3012380164578922E-030   1.9661458356205313E-029   1.9280180381838035E-016  -2.6499073515459189E-029  -9.3828677806263339E-029   9.6631769877363646E-030  -1.1414748023132443E-029   1.0378272966171558E-030  -1.1135715116703596E-029  -1.9168881627845181E-028   1.6240051517323136E-029  -6.4125509572873345E-029   2.1477394594649805E-029  -2.8870084633265951E-029  -2.9663702394640521E-030   5.2090429954085563E-030  -2.4026425045146804E-029  -1.1890019827113320E-029  -4.2913423867444197E-029   2.4912293737939323E-016   5.4797573539164360E-017  -3.1152373076249870E-016  -1.4971470263224510E-016  -3.4076046608722411E-015   1.0654142433565465E-015   5.9243785860909979E-016  -1.5554250914832470E-015  -4.3647293568102025E-016
  -1.9635305418096033E-016   5.7357759946462814E-017  -1.0719191031456221E-015   8.8120574701924554E-016   4.2430653657800693E-029  -1.7204823497135303E-030   9.9815273945956874E-030   3.7424926930811249E-029  -2.5125617355522600E-029  -9.9369297838839050E-030  -4.6092865297606594E-016   1.3180081027497605E-016  -2.5167627431521838E-015   2.1233067888768431E-015   3.3200761710748501E-029  -3.0302996652330839E-029   9.2155863300209692E-029   1.3961714001448470E-029  -3.2698147087430645E-030   1.8702295084228109E-029  -1.3209669010190798E-028   8.6236966680429915E-029  -8.3234175563170199E-029   1.8059728753508089E-028   1.5252601719595024E-028   5.5975318861724315E-031  -1.7154523414021775E-029   1.2804888804955052E-028   2.7586991116290883E-029   1.6140704825812990E-028  -3.7390332131024818E-016   9.2055216263159836E-017  -2.0441374573793542E-015  -1.5418173969001933E-029   9.7199504054682647E-031   2.8786091598459754E-030   6.3816028978184288E-030  -3.5270722529800115E-030   1.0649714942412966E-029   1.4403870790103453E-030  -8.1143277210586463E-032  -1.0356150857532773E-030   1.0844443494261081E-030   8.3932591314342485E-030  -3.6418077897504099E-030   1.7123552190321666E-029  -1.4351360015845249E-030   1.7125400824896624E-029   8.5642128008274558E-016   5.4229695135741052E-029  -8.4998205761704788E-029   5.0723858708801554E-029   1.9618831194371798E-029   1.8806360566922906E-030   2.2725576796624228E-029  -1.4787770373347836E-028   5.4149987613856811E-029  -3.7028664708983752E-029   8.1694961109345011E-029   1.1693149609962161E-028  -9.8457788981510927E-031   6.1386171809978289E-030   1.1919885228786646E-028  -1.2888981496081879E-029   9.8426799213718341E-029  -2.4031135680631773E-016   6.9751836916263886E-017  -1.3119703801518037E-015   8.5170241978599305E-016  -2.6208552319923970E-015   4.2424708443095822E-015   1.8893317464171121E-015   2.1580545637787221E-016   3.4714852270268929E-015
  -4.2031194694194206E-016  -5.2485540490141922E-017   6.4730530313199771E-016  -1.0854860804568709E-015  -1.6375771154147143E-029   4.7893171166553852E-030  -1.7419874158376075E-029  -2.5125617355522600E-029   3.6313680280854655E-029   3.4421251537781820E-029  -9.8968209987781842E-016  -1.1722168344542803E-016   1.5191099006676993E-015  -2.6396516393976805E-015   6.7793793186134928E-030   8.1518946085071254E-029  -7.4669054114585551E-029   4.0148681255891932E-030   3.4344210460449422E-030  -3.0983809402072551E-030   2.5423175401894885E-028  -5.8593730708288283E-029   1.4215575155310222E-028  -1.3810326153451147E-028  -1.4054710327938758E-030  -1.5677197580945267E-029   1.7952651826413788E-029   6.2034810604240560E-029  -4.5781318839331141E-029   1.6083735075017364E-029  -8.1861682405037867E-016  -6.3808823438810629E-017   1.2301742267094498E-015  -1.0364713341961793E-029   3.5147507826900027E-030   3.7127426475067578E-030  -2.5215773375163410E-029   5.3323756978178632E-030  -2.6883404575327705E-029   5.2474775500926943E-030   1.5367978801537625E-030   6.0903582549278552E-031  -7.5076707712077881E-031  -3.9277815746160975E-029   4.5546311560810288E-030  -2.9461156361344263E-029   1.3401100308584294E-030  -4.7869853327329594E-029  -9.4324080098819775E-016   8.8929152310154870E-030   1.4743866879435175E-028  -4.3509692177980296E-029   4.3601773556486085E-030  -2.3032051093798813E-030   5.2165256639327115E-030   2.9222286196631804E-028  -5.5300675858931399E-029   9.2757211708923052E-029  -9.1098910025165723E-029   1.1751642563290940E-029   6.0267516495343950E-030  -8.7148056998559272E-030  -1.6544548939724397E-029   2.2945242726433749E-029   1.0407723501483285E-029  -5.1488355940266609E-016  -6.3295163840595075E-017   7.9215622002351725E-016  -6.9735062114018984E-016   5.2205972412893957E-015  -3.1463221555351323E-015  -2.3365787052036102E-015   2.2685939941822251E-015   8.8303661439176760E-016
   1.3085319231625350E-016  -2.5288259406342859E-016  -7.0885162731716746E-016   1.0952381114925822E-016   1.6815489407023297E-030   1.5345362710366513E-029  -2.1037552873670499E-029  -9.9369297838839050E-030   3.4421251537781820E-029   1.0069317279940701E-028   3.1152091034732990E-016  -5.8563567683303317E-016  -1.6775201216180112E-015   2.0525967707319114E-016   1.1278761684630460E-028   1.1270887514513673E-028  -2.0506324341201648E-028   5.6760389738170438E-029   5.7045953004580648E-031   5.8571143650301329E-029   4.0529037764704465E-028  -1.7468988294650783E-028   2.1978492508160373E-028  -4.1749891133782396E-028   3.9207529511319973E-028  -3.8200103671444031E-029   2.3622561347979902E-029   3.6442072971782487E-028  -6.7066274771962032E-029   2.4283047503820870E-028   2.7543728847322035E-016  -4.3329139442055842E-016  -1.4314945184425976E-015  -6.2993469254632381E-029   5.0439405028184326E-030   6.6711052876241676E-030  -2.2518623603149390E-029   8.3479623722035260E-030  -2.8853539979452418E-029   1.1094292232355547E-029  -4.7685677041985506E-031   9.3845972925231858E-031   3.0498962575183937E-030  -2.8589599924408295E-029   5.5926988615401012E-030  -8.6890787473485948E-030   7.0704307914102197E-030  -5.0815825617966753E-029   3.5917553984339510E-016   1.3779369563803486E-028   2.4811695884916726E-028  -3.0297741551619280E-028   4.7677987768543489E-029  -2.6584065831010859E-030   5.4663722455684401E-029   4.5765552646385639E-028  -3.2229485676181434E-028   1.4815149056431954E-028  -7.6666613547064066E-028   2.0348625070153481E-028   1.5677301976913982E-029  -1.4930388398837116E-029   1.9615184458840880E-028   3.5502677739562608E-029   2.7156764050326274E-028   1.6083129537254615E-016  -3.0824038078789976E-016  -8.6967056891933519E-016   3.0609443250143525E-015   7.7646651658009763E-015  -8.2097382166068571E-015   2.1239731998587611E-016   5.6278465058208105E-015   4.0440912341791662E-015
  0.20460380925322721       -3.6805241292723715E-016   2.9279294714115202E-015   8.0862408895011244E-015   3.5343826904528468E-016   1.5041114283448987E-016   4.7844332715474638E-016  -4.6092865297606594E-016  -9.8968209987781842E-016   3.1152091034732990E-016  0.48136277699355023        3.9864571602586030E-015  -7.9750422032291018E-015   1.3786971115158084E-014  -1.1374176313719521E-014   1.6007339398207149E-017   7.3644255682295660E-016  -5.1404372116100281E-015   1.3430372670490784E-016  -2.1964960242267061E-015   8.0259457440473612E-017   2.3453158550468875E-016   1.7181593386309859E-016   1.0258328572663489E-015   3.7269520500698786E-017   6.3668967799926724E-017  -2.4822036169438542E-016   8.1170252336983175E-016   1.0143380269373854E-015  -2.3954232305870252E-016  0.39605000312912803        6.0771190596316428E-016   1.3723288998235272E-015  -9.8813516287425046E-017  -1.9172355174276947E-016  -1.3290078632206531E-016   3.4898694494411562E-017  -2.0537534551487414E-018   2.2297632974151242E-016   9.6334873778397417E-017  -4.8485521946222694E-017   3.5883275335540124E-017   1.7409317898683079E-016   3.6785103505707942E-017  -2.2386893179181834E-016   1.5523633737395923E-016   2.4232823772741953E-016  -1.4575130188235762E-016   7.7080112783836975E-015  -1.7177674828475068E-014   2.7382610292548970E-016   1.1700286912317006E-016  -9.4228949824407674E-015  -9.3456424341333792E-017  -7.7777007005222102E-015   2.8762709979012519E-017   2.7253716559524688E-016   1.3357791296816905E-016   2.3802879148514579E-016   4.3781744842535869E-016   1.7234587839978045E-017   6.5617434246365223E-017  -3.1543476614381164E-016  -6.7942572414722071E-016   2.0508700362667710E-016  0.25057672957144833        3.0156989414864020E-015  -5.4753666607187251E-015   1.6680973302215538E-003  -2.7290904168530737E-014   2.1879633521626474E-014   1.4553575880570291E-014   2.3249893398046571E-014   5.0731807774026920E-015
  -7.4704581857658613E-016  0.20460380925322696        2.7866551300711824E-015   5.9454665306140049E-015   1.5697519114859248E-017   6.3737506509187332E-016   1.0241501852456386E-016   1.3180081027497605E-016  -1.1722168344542803E-016  -5.8563567683303317E-016   3.9864571602586030E-015  0.48136277699353436        5.0362845108076459E-015  -1.2922315174439442E-015  -5.6781828096431189E-016  -2.8681736524280421E-016   3.4283091558277634E-016  -1.3229492140366449E-016   7.3954012303823300E-017  -4.2311635475397157E-017  -9.0218465462883663E-015   1.0507877292875810E-016   1.5738114506912239E-015   5.3821547600929134E-016  -5.1673249295623224E-016   7.5918019953196923E-016  -2.9401144278722594E-016  -5.0849433735137793E-016   1.2395001718559157E-015  -1.5907322669475955E-015   2.1006523684177630E-015  0.39605000312912486        3.5992637313198489E-015   3.6772814174096080E-016  -2.6765878425136338E-016   6.4068124141743572E-017   1.8054938941104775E-016  -1.9782083316624988E-016   4.3000397578637773E-016  -2.8627412052846030E-016   3.8781676566925582E-017  -1.1030024025044583E-016   8.5856965170014065E-017   9.1154666833328975E-018  -4.3568309365620305E-016   3.7868229468664956E-016  -4.5345992870827615E-016   1.1421035443217896E-015   5.1838052850191884E-015  -1.5691165988174387E-015  -9.3797782468447795E-015   1.5365439726523489E-016  -6.4711753151080491E-016   4.5914474369089424E-018  -6.4109299498262158E-016  -1.3638325751687139E-014   1.4691576760973255E-016  -6.8856896991750520E-015   4.6727565460803303E-016   1.2117278069893288E-016  -1.4980225369762511E-016   6.6939487848751637E-017   1.8161584397145805E-016  -3.8358579200536070E-016   3.3381887256782131E-016   3.5980524929250912E-015  0.25057672957143440        5.3661071541923023E-015   2.2952769749432902E-015   1.6680973301670590E-003   1.3921227192803615E-014   1.0445398734156558E-014   9.8637370833231201E-015  -2.9505256110971606E-015
  -2.4589197052202888E-015  -2.0527278146526946E-015  0.20460380925325267        8.5947427627591917E-015  -2.4417749882005571E-015  -4.8621226579933910E-016  -5.9754975427154076E-016  -2.5167627431521838E-015   1.5191099006676993E-015  -1.6775201216180112E-015  -7.9750422032291018E-015   5.0362845108076459E-015  0.48136277699361402       -7.3538872241604798E-015  -3.8210897457281851E-016  -1.0424620086790836E-015   6.2146781225353995E-016  -1.8050903532106866E-016   1.4462610260749160E-016  -1.2923741231077917E-016  -7.9784779988797430E-016   7.6749461845954795E-016  -2.5598572781761845E-016   4.9630982543968709E-015   5.7885858635389401E-015  -3.2541369766471226E-016   4.7705947879462695E-016   4.0767545577871519E-015  -5.0467431860349599E-016   2.3725169673296442E-015  -5.1208223859205981E-015   5.1811443727346640E-016  0.39605000312895866       -2.8290259553719370E-015   4.1290155626665205E-016   1.4384235030258171E-016  -1.2465446869566080E-015   5.0339731328110370E-017  -1.0892682724901011E-015   4.3787529403071890E-016   3.8015751187348569E-017   1.7869835975464860E-016  -9.1864397586564228E-018  -1.4550107548173813E-015   5.1546348040468807E-017  -7.8733961726215199E-016  -1.2664008930254419E-016  -9.7727500127076330E-016   8.2555533572040375E-016   5.6182647808622477E-017  -3.2824176762034360E-016   1.5941943267966305E-014   4.3172114280582664E-017  -5.3038694159462415E-017   7.6275005885630636E-017  -1.2905924803591531E-015   1.5841807535994762E-014  -9.0865802250753739E-016   4.4017892839349574E-014  -1.8432645208204685E-015  -7.7151268055727313E-017  -3.5715038577410415E-016  -1.2218114738672756E-015   1.4334277722600193E-016  -4.2515867994871909E-016  -9.3836800173696319E-015   1.9104574445002980E-015  0.25057672957162808       -1.7266173706715834E-014  -3.0764864299988624E-016   1.6680973304302198E-003  -6.0864564070439510E-015   2.7561244943414659E-015   2.5376442938631631E-016
  -6.1925742616590687E-015  -8.6482978047057889E-015  -3.5512225745531029E-015  0.38706801730837681       -1.3426142116603623E-015  -2.1309476187966502E-017   6.7530353580390577E-016   2.1233067888768431E-015  -2.6396516393976805E-015   2.0525967707319114E-016   1.3786971115158084E-014  -1.2922315174439442E-015  -7.3538872241604798E-015  0.93277704835046871       -6.9907208197618744E-015  -4.7240257193372830E-016  -8.0784513923032556E-016  -3.5643510001088260E-015  -9.3327439582042883E-016  -2.7149752203477755E-015   1.6467016203071379E-015  -6.1955327178836038E-016   3.9953203320536435E-016   3.3377440715779248E-016   6.1769247573754088E-014  -6.6233293289866705E-016  -8.5855389780424670E-016   2.9182682945901268E-014   1.9763834286090112E-015   2.2642928341995514E-014   2.8676426997333407E-015  -9.1368004020166010E-015  -6.7376294000237138E-015  -9.0581796500140647E-015   1.6994038806918477E-016  -2.2091635134135277E-016   4.0693669518334223E-015  -2.7848128146778172E-016   3.3781084162859966E-015   3.7209507939735037E-016  -4.3660580469570319E-016   3.1514839740563147E-016   4.5596440083481710E-016   8.8422037913911271E-015  -4.1991356598675574E-016   7.9936039961621148E-015   3.8499040227340503E-016   8.7010093260906640E-015  0.37246755690008476       -3.7286416889312807E-015   7.3660417579611617E-016   4.3231110169668517E-017  -1.1467106379285151E-015   4.4365512143556270E-016  -1.6077044094341596E-015   3.9222975716593240E-016   5.1395267737458848E-016   2.3271661741183728E-016  -5.1571945330176029E-016   1.4309987213668195E-014   2.0385903336666774E-016   2.5970045248855880E-017   2.7766722809265589E-014  -6.9930828110217706E-016   3.2207935164379978E-014  -1.7257282403320471E-014  -1.2314704375962193E-015  -6.4082199741134070E-015  -2.8029134940843894E-014  -4.2527510619029632E-016  -1.4576642765625943E-014  0.82994716746197639       -1.1713787335286108E-002   8.1043551817250694E-004
  -4.8792363485363883E-015  -2.4179755469425995E-016  -1.6281893971808640E-016  -2.9217509926128126E-015   1.5813877176555897E-029  -4.1524809496961108E-029  -1.9789831284896352E-029   3.3200761710748501E-029   6.7793793186134928E-030   1.1278761684630460E-028  -1.1374176313719521E-014  -5.6781828096431189E-016  -3.8210897457281851E-016  -6.9907208197618744E-015   4.1912083115562090E-027   4.3272345837182436E-030   1.1921116385459642E-029   2.0311789691216948E-027  -6.3035386859716874E-030   1.8512612140461986E-027   7.2569225502941278E-029  -5.0696726552905902E-030  -6.5295686169739430E-029   6.6033789256959753E-029  -7.1612911056650006E-028   6.9024475763055553E-029   6.4472809014346227E-029  -4.4671712788271864E-028  -2.8243710621345465E-029  -3.7102094136467200E-028  -8.8107874904918147E-015  -4.6171450287019077E-016  -3.0944212045772793E-016   1.3016576294591266E-028  -7.0059333409236749E-030   1.6958859557719604E-030   2.4905541758178282E-029  -1.9261564116201660E-030   1.3356301524015260E-029  -3.0960551811833010E-030  -7.6910389112942164E-030   6.4589791256361673E-030   4.4151503448843650E-030  -2.2938350862728626E-029  -1.1661445977391671E-030  -2.1808904045685018E-029   4.7235219564241257E-030  -2.5839684597707025E-029  -3.0230238704512754E-015   4.8243145946699173E-027   1.1306118825215783E-029   3.6322772685275001E-029   2.1204963751670408E-027  -5.9217362373600453E-030   1.9955017911110626E-027   2.1934675589331578E-029   4.5489789789537370E-029   4.6248409235482805E-029  -3.9634710138382963E-030  -1.7289180201835180E-028  -4.2389623109683004E-029  -5.0860898154366724E-029  -3.7565775596525917E-028  -1.0387778942261497E-029  -3.8579161626148279E-028  -5.9590648961455579E-015  -2.9596284688446629E-016  -1.9925410751760955E-016   8.7547748435869851E-014   8.7280140546037671E-016   7.8972704146965039E-016  -6.2455909974827216E-015  -4.5594542383540800E-015  -6.5868925847433097E-016
   7.0580266956501963E-018  -1.4051073860043289E-016  -4.4660101107710330E-016  -2.0144088712633911E-016  -7.5043635252771593E-029   4.2128360387720429E-030  -5.6797087441665865E-029  -3.0302996652330839E-029   8.1518946085071254E-029   1.1270887514513673E-028   1.6007339398207149E-017  -2.8681736524280421E-016  -1.0424620086790836E-015  -4.7240257193372830E-016   4.3272345837182436E-030   6.9721875772553014E-028   1.6790914558009547E-028  -3.6855203996733266E-031  -4.1388720857171856E-030   6.4768110569849380E-030   1.7828900421582289E-027   2.0978677375976000E-028   9.2383247461541824E-028   3.9829096742866626E-028  -3.7262799477356470E-030  -2.6352322924918480E-029   5.3693781101974740E-029  -6.4771324150734231E-029  -1.4596454157428968E-028  -2.2012684511744255E-028   1.0053120195011610E-017  -7.8116675131666226E-018  -8.1474970482646493E-016   5.5504147042985661E-030   5.8944418691544253E-030   5.0421613567920048E-030   1.6632578126987168E-029   1.5713295260359489E-029  -4.8655117584879989E-030   2.2727342928437397E-029   1.8299858549952827E-030   1.1457549813551550E-029   5.0646109568208437E-030   4.5931436009885354E-029   2.0520075230579105E-030   1.5809521730286591E-029   1.8639351645247943E-029  -4.9862081471980276E-030  -2.4931622994340703E-016  -2.7377849636337315E-029   9.3012801543957861E-028   2.2187517012597984E-028  -1.7671925050607390E-030   8.2455427795481120E-031  -4.5600112260537388E-030   2.0546827738963607E-027   1.8880757914526009E-028   7.2489719547229889E-028   4.7710951602694423E-028  -1.2890649764197858E-028   6.6693627778968273E-030  -3.0996478566132204E-029  -8.9502763064043036E-029   6.7356705574604930E-029   2.8680048845605367E-029   8.5499793849146787E-018  -1.6520681097638368E-016  -5.4565448340133372E-016  -4.9860368079637696E-016   3.6499698251411636E-014   6.8678733166332879E-015  -4.2694451849382444E-016  -1.2178269022364600E-015  -4.6013165151362572E-016
   3.1304244590419681E-016   1.4558790111487002E-016   2.4021779630830209E-016  -3.4677183780688393E-016   9.1699557649798759E-029  -5.1619345198964877E-029   2.6600415735020210E-029   9.2155863300209692E-029  -7.4669054114585551E-029  -2.0506324341201648E-028   7.3644255682295660E-016   3.4283091558277634E-016   6.2146781225353995E-016  -8.0784513923032556E-016   1.1921116385459642E-029   1.6790914558009547E-028   1.1166520210377567E-027   1.3800874221338888E-029   2.9673284523044590E-030   2.2299759701923086E-029  -8.3010995764379880E-029   1.0537549693919103E-027  -1.5300266784142913E-028   2.3634184230171358E-027  -3.0352193752676485E-028   1.0753722759953879E-028  -4.4726698769435236E-029  -1.5034989532379914E-028   1.3626195141550064E-028   1.3858950890587045E-028   6.0571692212084729E-016   2.8369934877759403E-016   8.0499819341336672E-016   4.6007025804565229E-029  -1.3428494578711705E-029  -3.2887449830102482E-030  -4.9920263676296641E-030  -1.9413103649657455E-029   3.2781160331072692E-029  -1.0539111810823800E-029   4.6111510798395660E-030  -1.4119689929024858E-030  -1.0933200365528659E-029  -2.6489753636096998E-029  -2.2928199910443252E-029   6.7988721039992062E-030  -1.3135636966353952E-029   5.5836512306130341E-029  -4.5224029822830239E-016   1.6900432731662405E-030  -1.9153288588717562E-028   1.5145231155911241E-027  -5.0573884605641728E-030   3.4225440687579463E-030  -6.0410687835773090E-030  -3.7635258331528805E-029   1.5361518829926375E-027   9.4545840565582567E-029   3.6018382928363327E-027  -4.7266582068945226E-030  -4.5461856122114547E-029   2.5433511727684969E-029  -4.2739389388034627E-029  -8.4095261400884908E-029  -2.2701471902211295E-028   3.8337453745953117E-016   1.7834948176363325E-016   3.0304232112538844E-016  -3.0181214885583061E-017   2.6177241351812052E-016   4.6981127204460748E-014  -7.3291161515937388E-016  -2.6064768310870451E-015  -1.0693081134774389E-015
  -2.2067277366717590E-015  -5.6375293130743093E-017  -7.7130180023820974E-017  -1.4777265539675259E-015   6.3769564431395168E-030  -1.9838036786555960E-029  -1.0510873443442656E-029   1.3961714001448470E-029   4.0148681255891932E-030   5.6760389738170438E-029  -5.1404372116100281E-015  -1.3229492140366449E-016  -1.8050903532106866E-016  -3.5643510001088260E-015   2.0311789691216948E-027  -3.6855203996733266E-031   1.3800874221338888E-029   9.8938252860599007E-028  -4.8842479862446753E-031   8.9834243468307434E-028   2.2843731208887677E-029   5.8184584196434131E-030  -3.7300802126298046E-029   5.3298693737582674E-029  -2.5561913624907224E-028   4.2204077782933317E-029   3.7085860469359746E-029  -1.3252462015830891E-028  -1.2644355752886758E-029  -1.0735497982340097E-028  -3.9622002185118695E-015  -1.0709146454833713E-016  -1.4355333106258415E-016   4.7653597217671255E-029  -7.3790723223349847E-030  -1.3108353512735028E-030   3.1383733957360120E-030  -1.1980236638849123E-030   3.1186377858029140E-031  -5.4020606303683873E-030  -4.1828773179657665E-030   1.8862014720084805E-030   4.6521071741470441E-032  -2.4675059519611037E-029  -6.1420360076990942E-031  -1.3870289729299009E-029   1.6403172185745509E-030  -1.9726435525205238E-029  -1.4126018247046808E-015   2.3395176474207009E-027  -3.0859967770714683E-030   3.1769263757348859E-029   1.0256125469901276E-027  -4.3387275808773586E-030   9.6365126266282720E-028  -4.3427339836042860E-030   3.4843367936333139E-029   1.8257987036411831E-029   3.0810389649509518E-029  -3.5258685341616383E-029  -2.1856224323707119E-029  -2.5395764526403963E-029  -1.2774981265426828E-028  -6.3237512786268281E-030  -1.2944000501366385E-028  -2.6945113821819682E-015  -6.8989460644302834E-017  -9.4311169628573135E-017   4.2724206611730014E-014   2.8054344847418148E-016   7.9342715477103468E-016  -3.1697438716479567E-015   2.1786308047032651E-016  -1.9857196410224579E-015
   5.7163260191638897E-017   3.1545989057414384E-017   6.1401338958906517E-017  -3.8090132813670541E-016   1.5212891615664462E-030   3.2674317971013593E-031  -1.2461928145563770E-030  -3.2698147087430645E-030   3.4344210460449422E-030   5.7045953004580648E-031   1.3430372670490784E-016   7.3954012303823300E-017   1.4462610260749160E-016  -9.3327439582042883E-016  -6.3035386859716874E-030  -4.1388720857171856E-030   2.9673284523044590E-030  -4.8842479862446753E-031   2.2325599876766970E-030  -2.7416418264387355E-030  -1.5388389905788441E-029   3.3789982853713172E-030  -6.8880166095827469E-030   7.8356581701443576E-030   3.1444270734570084E-030   3.7486199835873784E-030   3.3083462599092564E-030   2.9873799862821484E-029  -1.4507371808350521E-030   2.9304646682944291E-029   1.0955245054500760E-016   5.9476040378302505E-017   1.1987896963559352E-016  -2.5828753595485237E-030  -1.7050364955943345E-030  -4.6077655897829347E-031  -9.8980547981169931E-030   1.5335783812177673E-031  -7.5314423233605803E-030  -1.8687515905950597E-030   2.7560645984414173E-031  -9.6826323313691458E-031  -1.4769449601830608E-030  -1.7324592622586547E-029   4.5327383640169882E-031  -9.9651220827034230E-030  -8.7569054805252935E-031  -1.3552825824907648E-029  -3.0354173787519090E-016  -8.9174661521797638E-030  -8.6970143729150727E-030   9.6356424086648816E-030  -5.9660458939155327E-030  -1.1636508784074355E-030  -5.5453940472592681E-030  -1.6542913743622888E-029   8.2144442082222824E-030  -5.5531478009885242E-030   2.4626003660655730E-029   1.9317486661534288E-029  -4.1512500111318994E-031  -2.8886590912038510E-031   9.1869062255940091E-030   2.5141802807147105E-031   6.7583966023886715E-030   6.9978831898034128E-017   3.8592820861524541E-017   7.5224427286353131E-017  -1.5124821552346968E-016  -2.1905767328198044E-016   1.4210735101884816E-016  -8.2258122910901249E-016   1.3833969640116684E-015  -5.6819298318788447E-016
  -9.5416472784916664E-016  -1.8292616459996953E-017  -5.5430947731097533E-017  -1.1341774336029783E-015   2.2129005762571982E-029  -1.7286410351306427E-029  -6.7831458864805739E-030   1.8702295084228109E-029  -3.0983809402072551E-030   5.8571143650301329E-029  -2.1964960242267061E-015  -4.2311635475397157E-017  -1.2923741231077917E-016  -2.7149752203477755E-015   1.8512612140461986E-027   6.4768110569849380E-030   2.2299759701923086E-029   8.9834243468307434E-028  -2.7416418264387355E-030   8.3921599873213208E-028   3.8103276497959385E-029   1.3667179186778938E-029  -2.6846250057901345E-029   6.7152562485841333E-029  -2.3068355426905084E-028   2.4285397187934151E-029   2.4453966345618493E-029  -1.0347069720978842E-028  -6.8479039587896174E-030  -8.0322114025209512E-029  -1.5551993177214504E-015  -3.1033981326938590E-017  -1.0021753214197276E-016   4.1467639812434254E-029  -1.5552209524649889E-030   3.1736759873037490E-030   6.3487694210909885E-030  -8.6179212560366402E-031   3.7881080424080284E-030   3.2370902234036334E-030  -3.4111865401069607E-030   3.3659134675343788E-030   4.1941236724730370E-030  -1.7978163373474449E-029  -2.5887158461685836E-030  -8.8714855846447535E-030   3.4853646093732800E-030  -1.9108595530249931E-029  -1.1630346262529630E-015   2.1104314706827875E-027   5.8758679615206370E-030   3.9980725604633741E-029   9.1177283471774198E-028  -3.0274939767497632E-030   8.6921735227267651E-028   1.4308120242358015E-029   4.3203494300324842E-029   2.5238573097377032E-029   4.8096186232856309E-029  -1.4525560761994924E-029  -1.7254800079479818E-029  -2.3109270939717038E-029  -1.1814704544855266E-028  -8.3279893598558586E-030  -1.1734225052153562E-028  -1.1609644261390323E-015  -2.2288963445062153E-017  -6.7701597138989582E-017   4.0306004839297416E-014   6.0432898348994440E-016   9.7775171098502621E-016  -2.4249570940342063E-015  -1.5011580342460993E-015   2.1453082409279474E-015
