  0.13670702042304916       -1.2915301923932611E-014  -1.6060058467093987E-015   7.6413206571736483E-012  -3.9936619504762915E-013   6.1602255753174360E-012   7.7900280143695794E-012   1.9999687831238314E-013   1.8025740270579884E-016   1.9919165657161978E-013  0.16532015505747161       -1.3802330248316767E-014  -1.6206494339608161E-015   9.3476829184642082E-012   1.7843175374823895E-013  -2.3331680736781743E-016   3.3878817835013241E-018  -1.5955515747917942E-013  -5.2365363406836198E-017  -8.8466764759132779E-014   2.7097054911081920E-016  -1.1780969426931011E-016  -8.4958891618469256E-017  -8.6472399277983990E-017  -1.0758489479545341E-013  -2.3752492826724895E-012  -2.5848859491578158E-012   5.4428490350090539E-014   4.5652908766937478E-017   5.4313247237283005E-014  0.12388132194021992       -3.2377438705635391E-015  -2.2494239017209626E-015   1.3730765726635959E-011  -5.5787093230683852E-017   4.9480940356189689E-017   1.5124076103483948E-017  -1.8910455554570545E-016   8.0174196243312355E-018  -7.4512065166520636E-017  -7.5581846618384090E-017  -6.0178675001711118E-018   8.2614699279830136E-017  -1.4311831264825191E-017  -4.5705757725605092E-017   2.2342017560748305E-017  -6.3422122457969531E-017  -2.0743929919706157E-017  -1.0052555850127184E-016  -8.8637595566542710E-014   7.7337201449261964E-017  -1.4506194362018468E-016   6.5480570305347307E-014   1.1917876584680298E-016   3.3993561640979675E-014  -9.3837427451297731E-017   5.0612205223850808E-017  -2.7413801315955969E-018   6.9777808978185619E-017  -6.7443431484375876E-014   5.5441386209830694E-012   2.0528214219263723E-012   3.4112743216540688E-014   4.2300896847505381E-016   3.3336364606072807E-014  -1.4218089247318292E-003  -7.2672963726196140E-015   1.5402096987391602E-014   9.0270737844123219E-002  -4.5966293882609593E-014   5.9663818171038197E-015   1.9563701377527941E-011  -4.7581001492193008E-012   2.6141770574975974E-012   3.2542108920286208E-011  -2.4886809792257096E-011  -1.3040668642131768E-012   2.7970002580839013E-015  -1.3100736043991724E-012  -7.2832180384255272E-005  -3.0180053384432760E-015   2.9127793520033660E-015   1.3834398948627927E-012   1.2344278325678211E-013
  -1.2915301923932611E-014  0.13670702040890778       -5.5719001339555731E-015   1.6078296416160825E-011  -3.5569554692242138E-012  -3.4465965738372643E-013  -1.2214230170208288E-016   7.1136434609612465E-012   7.7903761383426183E-012  -3.5560519350669204E-012   3.0015184656782368E-015  0.16532015504950875        3.8811491024477132E-016   2.2084651748849352E-010  -8.7294011069564380E-016   1.7309324232183062E-013  -1.5662062712118429E-016  -3.3381376715586032E-016  -7.2254222265999001E-017  -3.5197129146862599E-016  -1.2356355675336544E-013  -2.6467189305593015E-017   1.0298695502079459E-014  -4.0004033671235633E-016   1.3724687007160758E-012  -9.3640325047514749E-014   8.1675277011835926E-017  -2.7418907945220136E-012  -2.5851432201382345E-012   1.3710654026363988E-012   6.8711962267900899E-016  0.12388132194528209       -9.4526041972199228E-017   3.0653025553821641E-011  -2.1609305461965280E-016  -3.1312543186994886E-017  -4.2740372724115026E-017  -4.3536652525182412E-017  -2.0148994377276542E-017  -7.9925015354944904E-017  -6.2918633317277334E-017  -5.7482490044626269E-018  -3.6246570269899069E-017  -3.7554234947551344E-018  -1.0724738570978129E-016  -5.2470641361372548E-017  -4.9365355171771695E-017  -5.9185567981438165E-017  -1.5018868769891145E-016  -2.3779203784272263E-016  -7.2286560406821995E-014  -7.0613157923997799E-017  -2.5268401360577553E-016  -4.8844271787176267E-017  -1.6991594552446870E-016   3.7672120487539139E-014   5.8735296640728553E-017  -1.0728805945215096E-014  -1.6207901113043503E-016  -3.2005794830524007E-012  -5.5777068127431090E-014  -1.0568974057043281E-015   6.4028497425339702E-012   2.0528323095923652E-012  -3.2029009468986428E-012  -3.3733960132552448E-014  -1.4218089894596025E-003  -3.7156310093327955E-014  -4.2078262201271662E-014   9.0270737766939543E-002  -2.3322171045869951E-014   9.8611391637627035E-011  -3.3825231987086045E-011  -1.8783968458555937E-011   2.2825931583071896E-012  -7.3256947046899951E-015   3.7587707563060257E-011  -2.4886442896465133E-011  -1.8804041112219683E-011  -1.0908554593580733E-015  -7.2832186637084446E-005   1.2985969376525383E-014  -2.1408563997486415E-012  -8.1980528051342234E-013
  -1.6060058467093987E-015  -5.5719001339555731E-015  0.13670702041298166       -1.0654119834117435E-010  -4.4977995780353185E-012  -6.7559783987786754E-016  -3.4560645184440456E-013  -4.4975845132071515E-012   6.1601442980613202E-012   8.9960320704179970E-012   3.6600686152744335E-015  -1.3227465203155128E-014  0.16532015505174599        4.1374438019109111E-011   3.2349812024132643E-016   5.7727539561108018E-017   1.4751765046748985E-013   9.7845674579825890E-017  -2.2007196792008005E-016  -4.3655964533668125E-016  -8.2034570998641324E-016  -8.5560804045696438E-014  -2.4960496989573892E-017  -2.9338121074948357E-014   1.4952970520989189E-012   1.3556439645079036E-015  -9.3194561227987501E-014   1.4951543391141802E-012  -2.3749697437500299E-012  -2.9845577151833047E-012  -1.3059861458274850E-015   6.9937607960784522E-017  0.12388132194372016       -1.7605563457029666E-010  -8.6778342958556102E-016  -2.2523483547256425E-016   2.6535745986594999E-017  -3.1689933291245637E-016  -4.1893676333086151E-017  -3.1328030139976522E-016  -1.7856864556823244E-016  -6.5494903956444206E-017  -4.0610868490204660E-017  -1.0463914478770591E-016  -3.9966473722324540E-017  -4.2458115890456715E-017  -3.1475762689164772E-017   2.6277509770984324E-017  -1.6125965778023780E-016  -1.3894643482996744E-016  -1.1911467486470670E-016  -5.2112580488213078E-014   2.6227695928774673E-017   3.0976055340216636E-017   5.7313369947225857E-017   8.8843608330422014E-017   4.0347548306636885E-014   9.2149643964445150E-017   2.2719085267172756E-014  -1.1849195227025990E-012   1.0155087031345850E-016  -5.6557549324766683E-014  -1.1856242936023218E-012   5.5458275661638796E-012   2.3706522534417740E-012   1.4256056506268889E-014  -3.1227015435617547E-014  -1.4218089705988601E-003   1.6513372728803479E-014  -5.2090441989249137E-014   9.0270737789502481E-002  -2.2868153392804506E-010  -2.0194418021391861E-011   1.4370527069929348E-011   3.7830948474640122E-015   2.2786686304086384E-012   1.4368489449462300E-011   3.2554368108234271E-011  -2.8738653581040501E-011   1.5249439617774971E-015   4.8493153891931670E-015  -7.2832184817456542E-005  -2.8663007161918322E-011  -3.3726210173367650E-012
   7.6413206571736483E-012   1.6078296416160825E-011  -1.0654119834117435E-010  0.11125070630698047        1.8758451802088409E-013  -2.8522851123634199E-015  -4.5162749602806430E-015  -1.2945799614824544E-013   1.2633998335300506E-015  -4.9881122783346418E-014  -6.5019942559042499E-012  -1.7168256211626348E-010  -3.7295057632944284E-011  0.29785066228424484        4.2700272832632681E-016  -7.3059973317194120E-016   4.6696646427728027E-016   5.5313834159295457E-016  -1.3069201392808391E-016   1.9175524912838736E-015  -1.5718585597730360E-015   7.9985821948926361E-016  -6.6820515727572613E-017  -6.4112231084488751E-016  -3.1077164371157782E-012   6.0978125375606976E-015   2.8316593884067077E-015   2.2182243465223355E-012  -1.2352372760770736E-015   7.5966197608167360E-013   8.6346298218764027E-012   1.3360515552507540E-010  -5.7722402742079327E-011  0.17313117380554713        5.3943329005565943E-016   9.1349511140392101E-017  -1.1861957155071135E-017   9.4287063487839157E-015   8.2558712922887071E-017   6.5252210795914290E-015   8.5840048664096656E-017   5.1335956301850786E-017  -8.2527728472869352E-017  -4.4411963627839090E-017   5.2562951503475515E-015   3.8763702255726145E-017   6.7245688659896455E-015  -1.2575992263183750E-017   3.3944760756839793E-015  -1.3434096192720307E-016   2.4133963793109711E-016  -1.1762905154295205E-016   1.5872728274527188E-016  -6.2570264266262230E-017  -4.9616913697320893E-016  -3.0578282079812341E-016  -3.2163827353105674E-016  -1.3962436485269106E-016   2.6599206730340322E-016   5.3174902398301726E-012  -7.9544452872740041E-015   6.3484147663414446E-015  -3.9755700586121173E-012   6.2793816346493440E-016  -1.3311655172658622E-012  -4.5472911381700716E-011  -1.4265084728099026E-009  -5.4118736232012081E-011  -3.6494375130629791E-011  -1.2865431086811440E-009  -1.6459227904132613E-010  0.28101939824863742        5.7633694581647769E-003   1.4757420312548685E-011  -1.8932723293373814E-014   5.1732502091335630E-014  -1.1198311601415631E-011   1.0193740524925683E-014  -3.5583696287850526E-012  -5.3011948985249750E-012  -1.5705072711438753E-010   8.9138432683110825E-012   2.2747222266350804E-004   7.4449798062114865E-005
  -3.9936619504762915E-013  -3.5569554692242138E-012  -4.4977995780353185E-012   1.8758451802088409E-013   2.8000444205111064E-007  -1.1192125804645515E-018  -2.4425457188483981E-018  -1.4000222101361396E-007  -2.0820502987886377E-019  -1.4000222102835839E-007  -4.8766810264410403E-013  -4.2660985990792851E-012  -5.4629950771068735E-012   4.7900212939421868E-013  -1.3096676647062285E-016  -1.9073476444200738E-015   1.2254894253897383E-015   8.7463964213701422E-017   4.7321449884078889E-019   8.7789286141020639E-017   1.0665483991525475E-015  -3.0608722126205825E-016   4.7716280405686318E-016  -6.8474727334650162E-016   1.5851383527117669E-005  -2.3294128077539276E-017  -8.8815509613691340E-017  -7.9256917631844085E-006   2.2532237376985012E-018  -7.9256917639036326E-006  -3.6085072910965269E-013  -3.2828533408260110E-012  -4.0938299735557739E-012   2.8147019986646710E-013   8.5329600447925905E-017  -3.8646633062103815E-020  -1.2001742599601818E-019  -9.2112915064773393E-017  -1.8845697809560569E-019  -5.7950598187252934E-017   8.6989722816140202E-020   3.2389409063075164E-019  -4.8984249377793274E-019  -1.2736905800813786E-021   4.0745217139930320E-017  -1.6449615581839361E-019   1.9425180755378075E-017  -2.8093710386345101E-019   2.5114052581531989E-017   2.5501285333975989E-016   1.8393455334336849E-015  -2.3960659774180605E-015  -1.7115568393722141E-016  -3.2632616764504617E-019  -1.7098076744185526E-016  -1.0282244095362827E-015   5.9889370548479829E-016  -4.5979173089571528E-016   1.3392832034033100E-015   9.2585024085403033E-005  -1.4823641037626947E-016  -5.1537665593365447E-016  -4.6292512040808811E-005   2.2124425365770677E-018  -4.6292512044589472E-005  -5.4627785527042817E-013  -3.0606154458528162E-012  -5.5087558293480511E-012  -2.9942820475000842E-013  -2.1054775408430838E-012  -3.1670215041598013E-012   4.4495386147185983E-013  -7.2039327887476296E-014   6.9907681936888792E-004  -1.1096421477190779E-015  -3.9105114041649018E-015  -3.4953840967004527E-004   2.4223542852269321E-017  -3.4953840969875738E-004  -2.0244403562551743E-013   7.8342940415216302E-013  -8.5227309224759346E-013   3.6941944676106141E-013   1.0618848418335182E-015
   6.1602255753174360E-012  -3.4465965738372643E-013  -6.7559783987786754E-016  -2.8522851123634199E-015  -1.1192125804645515E-018   2.8000444161980401E-007  -9.2487742789337200E-019   3.1581961550356321E-018   2.1595481942069445E-018  -3.4574558880080325E-019   7.3883497590543581E-012  -4.2090366004475760E-013  -8.2198575670415526E-016  -7.6082215892416587E-015   1.2331077275289643E-015  -1.3764615449395860E-016  -1.2949460337756864E-019  -2.2036591248581275E-015   1.0212810739530651E-015   5.5030833777380836E-016   7.6999572033269592E-017  -4.0935444576333990E-019   3.4490681457315014E-017  -7.7774928888915729E-019  -3.7972511575305833E-017   1.5851383515277734E-005  -2.5781389003499814E-017   6.8293235106031515E-017   1.0099931099010744E-016  -3.1500670118749109E-017   5.6856101306717183E-012  -3.1145634619079908E-013  -5.8551635249603495E-016  -4.4239587998323864E-015   9.9885497698344885E-019   1.0450182169670426E-016  -3.4070782747066796E-020   3.2987301614748166E-019  -2.0521841903482859E-020   1.8486993646504737E-019  -8.9742126183557184E-017  -2.5961259685222898E-020  -1.5021340561964862E-017   1.1068904185142156E-019   2.7159867939454215E-019   6.2879111709249021E-020   2.1283030861988274E-019   2.3853990282509085E-019  -1.3429431953235498E-019  -1.1882631659583454E-015   2.6614680427974557E-016  -2.3703851774057542E-019   2.1245985852949860E-015  -1.9970648183471369E-015  -5.3008226862363672E-016  -1.4844033915702439E-016   2.0995036078462843E-019  -6.6531235064061045E-017   3.2861071319730722E-020  -2.2280574591749734E-016   9.2585024013265221E-005  -1.5157653577102025E-016   4.1663380373624900E-016   5.9518026830348756E-016  -1.8979122245996504E-016   5.3093285860549724E-012  -4.7960057225717928E-013   2.9104441232191336E-015   3.6462423587470115E-012  -2.5868115277913064E-013  -4.6409247711578605E-016  -7.1942100336914839E-015   3.0247501183356947E-016  -1.6845338427126890E-015   6.9907681883081107E-004  -1.1475937373209435E-015   3.1257735632054835E-015   4.4959633354017148E-015  -1.4409234415208496E-015  -1.3649126572207578E-012  -1.7161447388224990E-013   1.0380294039831584E-014  -5.3151018358609675E-017   1.5765988973575826E-015
   7.7900280143695794E-012  -1.2214230170208288E-016  -3.4560645184440456E-013  -4.5162749602806430E-015  -2.4425457188483981E-018  -9.2487742789337200E-019   2.8000444169650358E-007  -2.8097266513527691E-018   2.4446319724682266E-018   7.7674102723707461E-019   9.4617077797847293E-012  -1.3555747062781632E-016  -4.2204288966520608E-013  -1.2198953175630526E-014  -7.9110067935242325E-016  -5.5157013278715488E-019  -1.3776960975556005E-016  -3.5343510055416786E-016  -1.5897209403371414E-015   1.4151204256116756E-015   5.2625225701929661E-019   3.5244591792052570E-017  -2.5913998128021204E-019   7.6660605119519748E-017  -5.1892673932903671E-017  -2.6177722566612384E-017   1.5851383517424708E-005  -2.3091088915323599E-017   4.7253605420235130E-017   7.0725820063560008E-017   7.0903453489037536E-012  -1.1223444094075412E-016  -3.1228700947659238E-013  -7.0120353408323243E-015   1.2099919126459759E-018   3.5526637154151538E-020   8.8831084331673856E-017   2.7409898454297137E-019   6.2134452821041194E-019   7.1489955680371241E-019   2.4739256309504832E-019  -4.7480637984839477E-017  -5.0016273579828743E-020  -4.8540281555975264E-017   4.5686835677747890E-019   5.8080237665178838E-019   1.6030164339509115E-019   4.9367519397658828E-019   9.7234797166580156E-019   1.5471385248085713E-015   3.1381865217029413E-019   2.6514401822893989E-016   6.9157299747687204E-016   1.5326536882919166E-015  -2.7671477484872062E-015  -1.1462343756110263E-019  -6.6676830576411971E-017   3.5128113290259672E-019  -1.4890761134820505E-016  -2.8276255875390774E-016  -1.5380477493004392E-016   9.2585024026079990E-005  -1.2721769706357715E-016   2.8818198545046903E-016   4.2593011043242843E-016   9.5386020559226771E-012   9.0410289891483180E-016  -4.7582509722012849E-013   5.4851727246253200E-012  -1.8638959845489175E-018  -2.5925268494717322E-013  -1.1395768367679737E-014   1.2520977578569380E-015  -2.1900295252341760E-015  -1.1633500273851616E-015   6.9907681892648205E-004  -9.9677103778849021E-016   2.1777201502823686E-015   3.1901019872594747E-015   1.4728600077407261E-012  -5.0345618469990991E-016  -1.7268358056852015E-013  -9.5833990548952441E-016  -4.6579268203782810E-015
   1.9999687831238314E-013   7.1136434609612465E-012  -4.4975845132071515E-012  -1.2945799614824544E-013  -1.4000222101361396E-007   3.1581961550356321E-018  -2.8097266513527691E-018   2.8000444151571446E-007  -7.8556334094691069E-020  -1.4000222049139782E-007   2.4420892144047821E-013   8.5318355051542722E-012  -5.4627334634876032E-012  -3.2881588899544688E-013   6.5150419231787523E-017   1.4314290061295402E-015  -3.0496565983145321E-016  -1.1839032810424766E-016  -1.5068038938646400E-019   3.1152820546406376E-017  -2.1314717825080176E-015   1.2260602762945590E-015   1.4313654853866377E-015  -6.8361981830367107E-016  -7.9256917631579099E-006   1.0565134902907780E-016  -1.3617531938831186E-016   1.5851383512336500E-005   1.3070712255401714E-017  -7.9256917491455438E-006   1.8077087822836001E-013   6.5655674692770702E-012  -4.0935845627925697E-012  -1.9409685647095482E-013  -4.5643529700104241E-017  -3.1739019198865733E-020   1.7787209806866061E-019   9.8129206923096996E-017   3.7548798694812504E-019  -1.6592988256219779E-017  -1.7099482807273666E-019  -1.4030837526069801E-019   4.3564791582610201E-019   3.5209293456948908E-019  -6.5213363466884738E-017   2.9969091993553058E-019   1.8926290413990431E-017   4.2660724528937395E-019   3.9064348765463509E-019  -1.2726168560693537E-016  -1.3794915265515856E-015   5.9859362373442598E-016   2.2972091297260972E-016   2.2895194621052326E-019  -5.9093140096056379E-017   2.0559508179408704E-015  -2.3963574827422334E-015  -1.3796204291737781E-015   1.3396656030611224E-015  -4.6292512040635312E-005   6.3153554936573622E-016  -7.9779635008176211E-016   9.2585023995920385E-005   8.6198056389342029E-017  -4.6292511955194929E-005   2.8012393055866403E-013   6.1304385126868627E-012  -5.5021913092481001E-012   1.4989926807941495E-013   4.2105536811530942E-012  -3.1668445736193347E-012  -3.0523317284251810E-013   3.6023515051665630E-014  -3.4953840966897565E-004   4.7602587554586137E-015  -6.0158435095758963E-015   6.9907681870098480E-004   6.4539027240944071E-016  -3.4953840903199403E-004   1.0127943185258338E-013  -1.5778376217334144E-012  -8.5663667934560816E-013  -2.8970956450960772E-013   2.6624820718055405E-014
   1.8025740270579884E-016   7.7903761383426183E-012   6.1601442980613202E-012   1.2633998335300506E-015  -2.0820502987886377E-019   2.1595481942069445E-018   2.4446319724682266E-018  -7.8556334094691069E-020   2.8000444140933712E-007  -1.7929972490884541E-018   2.1461362532180692E-016   9.4621291791031754E-012   7.3882375554042668E-012   3.3818583524220215E-015  -4.7843646423269834E-020  -3.5423008291431855E-016   5.5010519819597308E-016   9.0511233035889992E-020  -9.9237283249002483E-017   1.3421327627765084E-019  -7.9003672334011439E-016  -2.2030130446437091E-015   1.4157689880944216E-015   1.2302695979744543E-015  -1.4542409413874808E-017   1.8188678470032445E-017   8.8301448114616654E-017  -2.3340582650857036E-017   1.5851383509392146E-005   2.9589725898377612E-017   1.5296685377230245E-016   7.0906362941803268E-012   5.6855290872256295E-012   1.9445093363780657E-015   4.6676814566105255E-019   3.7159305958923829E-019   5.4609684544451682E-019   1.7118696180919219E-019   6.5384441948551077E-017  -7.6672092326430734E-020   7.0252905294611575E-020  -1.6901062278275853E-019   4.7168047294808667E-020   5.9720572698996439E-019   2.5807405638840413E-019  -5.2896945994963656E-017   1.0910797951721461E-019   6.0435378116052326E-018   9.6526533447616111E-019   1.8044824258913129E-019   6.9202421172125020E-016  -5.3044403251675961E-016  -8.4541595071603138E-020   1.9191423207088092E-016  -1.4461356546683377E-019   1.5464223551268482E-015   2.1232959923242500E-015  -2.7668006714374621E-015  -1.1872605404056699E-015  -7.2134784980592545E-017   1.1862697211964255E-016   5.1921777310318020E-016  -1.0989039344829112E-016   9.2585023978102214E-005   1.8321461837152562E-016  -1.3733735996806251E-015   9.5356469353331841E-012   5.3069407723886430E-012   1.0334671643361814E-016   5.4854106994365920E-012   3.6460586398586675E-012   3.1943672189955406E-015  -7.4209308400519466E-016  -5.4229088582308506E-016   8.9672244943027840E-016   3.9250201512667868E-015  -8.4257255066887076E-016   6.9907681856826750E-004   1.3844887098699559E-015   9.0275078614127247E-016   1.4698950846307777E-012  -1.3585751404839011E-012  -2.3900887711005331E-015  -9.3518388017909532E-016
   1.9919165657161978E-013  -3.5560519350669204E-012   8.9960320704179970E-012  -4.9881122783346418E-014  -1.4000222102835839E-007  -3.4574558880080325E-019   7.7674102723707461E-019  -1.4000222049139782E-007  -1.7929972490884541E-018   2.8000444149991528E-007   2.4324127339243467E-013  -4.2649685137067742E-012   1.0926513000291347E-011  -1.2770008532239961E-013   6.5816347252575201E-017   4.7591863826417311E-016  -9.2052376549683183E-016   3.0926363883086190E-017  -3.2253407712597191E-019  -1.1894210669658962E-016   1.0649233832805283E-015  -9.1997305494913591E-016  -1.9085282893169019E-015   1.3683670915425368E-015  -7.9256917634424316E-006   1.3498987396810189E-017  -2.8374311693009234E-017  -7.9256917485461985E-006  -1.3306154343838262E-016   1.5851383511925956E-005   1.8004607189093631E-013  -3.2820729545210615E-012   8.1879908398206280E-012  -7.5352398584298985E-014  -3.9686070745404933E-017   7.0385652896971048E-020  -5.7854673457773586E-020  -6.0162918570201120E-018  -1.8703100932071453E-019   7.4543586438615934E-017   8.4005104742179304E-020  -1.8358571460382876E-019   5.4194577860587259E-020  -3.5081924321844541E-019   2.4468146325231197E-017  -1.3519476371967800E-019  -3.8351471166194490E-017  -1.4567014144947781E-019  -2.5504696067431240E-017  -1.2775116775467032E-016  -4.5985400685878313E-016   1.7974723535611362E-015  -5.8565229029635233E-017   9.7374183438354539E-020   2.3007390756240964E-016  -1.0277264083390961E-015   1.7974637771100127E-015   1.8394121599574398E-015  -2.6789488062632867E-015  -4.6292512041746104E-005   7.6579393715677884E-017  -1.6668631337164698E-016  -4.6292511951572677E-005  -7.7609427090481249E-016   9.2585023993223880E-005   2.8144609517067846E-013  -3.0619057830927815E-012   1.1009737991066076E-011   1.4942476593329056E-013  -2.1046493923791587E-012   6.3342928690136775E-012  -1.1873228122115338E-013  -7.8715796903127026E-016  -3.4953840967709708E-004   5.7682848702552267E-016  -1.2475401868341924E-015  -3.4953840900421855E-004  -5.8620711145228307E-015   6.9907681868121524E-004   9.9905643213829239E-014   7.8015286744112401E-013   1.6984658501744541E-012  -9.1353706536263906E-014  -2.8480677496424008E-014
  0.16532015505747161        3.0015184656782368E-015   3.6600686152744335E-015  -6.5019942559042499E-012  -4.8766810264410403E-013   7.3883497590543581E-012   9.4617077797847293E-012   2.4420892144047821E-013   2.1461362532180692E-016   2.4324127339243467E-013  0.19992218368477382        5.8529149320736406E-015   4.8209569919768640E-015  -3.1230065935216149E-011   2.1582933737785121E-013  -2.8263419365484297E-016   4.1214884816152532E-018  -1.9301722400197744E-013  -6.3633425141913585E-017  -1.0702366684014873E-013   3.2798227719832297E-016  -1.4282459684832458E-016  -1.0266521862024445E-016  -1.0452616004173758E-016  -4.0361558797823088E-013  -6.2726604056703868E-012  -6.7809554897369198E-013   2.0239841516153654E-013  -1.4893560377787096E-016   2.0261413633308115E-013  0.14980659602449833        1.2166192427264842E-014   2.2256756146715695E-015  -7.1529698473587455E-012  -6.7272887693906169E-017   5.9994775736562871E-017   1.8359239238434079E-017  -2.2907346370592241E-016   9.7429692774759418E-018  -9.0315447079543177E-017  -9.1719182560733811E-017  -7.2874462721073288E-018   1.0003304163214395E-016  -1.7390207947230325E-017  -5.5058610279364759E-017   2.7066715131815210E-017  -7.6902598567754879E-017  -2.5167947871678651E-017  -1.2146524853508409E-016  -1.0723131408379981E-013   9.3688468533354814E-017  -1.7553106275117720E-016   7.9208040998442098E-014   1.4418265074706032E-016   4.1117867404920673E-014  -1.1351053405405043E-016   6.1086191442931828E-017  -3.3872084101368326E-018   8.4499754838573963E-017  -1.6791253113855462E-012  -1.3175534625392045E-011   1.6765247112244251E-011   8.3899590480503333E-013  -6.7756537088393120E-016   8.4013590940934703E-013  -2.1275746441564831E-003  -1.0346909126292066E-013   3.5182701975830219E-015  0.10916428630307717       -4.3333524915083099E-014   1.0939570276255401E-014  -1.6272414644990292E-011   2.7390373930831992E-011  -8.8989730473505322E-012  -1.1072714597376198E-010   7.7745259892506671E-011   4.4452935799064416E-012  -5.6001475591447499E-015   4.4537234050166635E-012  -2.0495947538781814E-004  -8.4279712414886414E-015  -1.0632132980782923E-014  -1.9464171534174956E-013   2.1323849424219849E-013
  -1.3802330248316767E-014  0.16532015504950875       -1.3227465203155128E-014  -1.7168256211626348E-010  -4.2660985990792851E-012  -4.2090366004475760E-013  -1.3555747062781632E-016   8.5318355051542722E-012   9.4621291791031754E-012  -4.2649685137067742E-012   5.8529149320736406E-015  0.19992218368621059       -7.3783338428459366E-015  -2.4526070379745488E-010  -1.0554249210483259E-015   2.0939222917996381E-013  -1.9038185119351589E-016  -4.0400029977562760E-016  -8.7533242827558699E-017  -4.2562655855943897E-016  -1.4946753539432389E-013  -3.2614218925941503E-017   1.2461193115446579E-014  -4.8501115317324925E-016   3.6222035893436924E-012  -3.5151704042013498E-013   7.9481732268888047E-016  -7.2428171644944969E-012  -6.7842853270972329E-013   3.6225963600962732E-012   2.2045524032928327E-015  0.14980659603858934       -5.4251862002391108E-015  -2.5940526171709043E-010  -2.6103107786036362E-016  -3.7910962075476330E-017  -5.1784329641077665E-017  -5.2706335718641769E-017  -2.4307620220463892E-017  -9.6735816108258936E-017  -7.6193673913216989E-017  -6.9236056633944438E-018  -4.3887356722523379E-017  -4.4128347475256366E-018  -1.2929037054548611E-016  -6.3413795923076305E-017  -5.9521446586915198E-017  -7.1656897158956504E-017  -1.8133135660469605E-016  -2.8793113406668843E-016  -8.7441887876064807E-014  -8.5239381019137200E-017  -3.0535311594620148E-016  -5.8939040086897259E-017  -2.0558156169952176E-016   4.5598626715359097E-014   7.0931564333429769E-017  -1.2967961417889201E-014  -1.9640386612280394E-016   7.6033848739562772E-012  -1.4592145435545897E-012   2.7850126168912244E-015  -1.5216939191579512E-011   1.6765138695040392E-011   7.6127907526099555E-012  -7.2636770400289664E-014  -2.1275747596263481E-003   2.3789347888320314E-014  -4.9633702478816395E-014  0.10916428621576692       -3.2463132340778318E-014  -3.6382947938383826E-010  -6.6681938453999556E-012   6.3903915763237870E-011  -7.7463294336264847E-012   2.1822047465409790E-014  -1.2787613775976406E-010   7.7744782104206923E-011   6.3971856795834111E-011  -1.1930632786479892E-014  -2.0495948294512822E-004  -5.6168198905988939E-014  -1.6803040210634334E-011  -1.2608625964851745E-012
  -1.6206494339608161E-015   3.8811491024477132E-016  0.16532015505174599       -3.7295057632944284E-011  -5.4629950771068735E-012  -8.2198575670415526E-016  -4.2204288966520608E-013  -5.4627334634876032E-012   7.3882375554042668E-012   1.0926513000291347E-011   4.8209569919768640E-015  -7.3783338428459366E-015  0.19992218368565914        2.9855204706517684E-010   3.9179931889678182E-016   7.0964710234561406E-017   1.7844072963900943E-013   1.1870857456086780E-016  -2.6639908435797231E-016  -5.2862848560491959E-016  -9.9254483007933699E-016  -1.0351172099518697E-013  -3.0181859041904459E-017  -3.5512454677903092E-014   3.9478805588578352E-013   1.4273336845788765E-015  -3.5061361711162721E-013   3.9476625809021191E-013  -6.2731158275183484E-012  -7.8242172306014312E-013  -1.3751426511870268E-015   6.2392676492579625E-015  0.14980659603436031       -7.6973933956123202E-011  -1.0496855673977221E-015  -2.7237491696829698E-016   3.2408541019223466E-017  -3.8350554142523905E-016  -5.0827375090358029E-017  -3.7916928256986940E-016  -2.1608081622169703E-016  -7.9315708904035516E-017  -4.8859499219370431E-017  -1.2667265775315748E-016  -4.8638996499957710E-017  -5.1218923172050684E-017  -3.8006057467028937E-017   3.1957270550214782E-017  -1.9538720815204882E-016  -1.6837965730118906E-016  -1.4507619647359484E-016  -6.3055307436690606E-014   3.1920103447666663E-017   3.7429867868991326E-017   6.9915039897274931E-017   1.0780977261617487E-016   4.8802834220081084E-014   1.1157689534245490E-016   2.7463882406732860E-014  -9.6804499334285290E-012  -1.1275783780484808E-015  -1.4580321491131116E-012  -9.6804374995175724E-012  -1.3178123434985521E-011   1.9361019269534914E-011   6.9232310405007856E-015  -7.4935473899413168E-014  -2.1275747252902694E-003   2.0200619603133861E-014  -5.8403265480485050E-014  0.10916428624127705       -4.3885353045416574E-011  -3.1857910110704381E-010  -4.4893999338244448E-011  -4.8555234315027136E-015  -7.7350202469727888E-012  -4.4889917860929249E-011  -1.1074729367113024E-010   8.9784354645543788E-011   1.6063356668101934E-015  -3.4781693543157620E-014  -2.0495948067710432E-004  -1.4782816826076052E-011  -4.7220276101220549E-012
   9.3476829184642082E-012   2.2084651748849352E-010   4.1374438019109111E-011  0.29785066228424484        4.7900212939421868E-013  -7.6082215892416587E-015  -1.2198953175630526E-014  -3.2881588899544688E-013   3.3818583524220215E-015  -1.2770008532239961E-013  -3.1230065935216149E-011  -2.4526070379745488E-010   2.9855204706517684E-010  0.79767757120615446        1.1799106530696916E-015  -1.9701480826467761E-015   1.2735946322487573E-015   1.4854315351801799E-015  -3.5835187161590352E-016   5.1409151333917398E-015  -4.1810038335777532E-015   2.1585455369647653E-015  -1.6876645658609828E-016  -1.7363236157465826E-015  -9.6951957970806358E-012   1.8224688222038510E-014   2.4149226950142387E-015   6.9822191327531465E-012  -3.8242702879220552E-015   2.3693896459514498E-012   1.3542071314324822E-011   5.2405442163702787E-010   1.3634927127735922E-010  0.46304560213259427        1.3502593280653998E-015   2.4815754935854443E-016  -1.4260672859662214E-017   2.5134041743363574E-014   2.2062430135852319E-016   1.7397496709148748E-014   2.3732738045482651E-016   1.3599729357187835E-016  -2.1672929976241743E-016  -1.3226457233390323E-016   1.3958047044124751E-014   1.0653203259028162E-016   1.7949705763746664E-014  -2.8188902378315305E-017   8.9385965678765564E-015  -3.5096691362102847E-016   6.6498116585170738E-016  -3.2939308235620165E-016   4.2878887133858170E-016  -1.5999921253627516E-016  -1.3239679269365648E-015  -8.2556708267878177E-016  -8.7265048321417767E-016  -3.7086487530853754E-016   7.3144249926475940E-016   6.2539090903426218E-012  -1.0270270738984335E-014  -1.3280411258321414E-014  -4.5994481461024666E-012  -1.1680912831995431E-015  -1.6232290589728679E-012  -1.0079388403970472E-010  -3.2784368457774712E-009  -4.2992762958222589E-010  -1.0802530492467488E-010  -3.3344687106929778E-009  -1.9950664039440994E-010  0.75246528748302022       -6.3633341979568003E-003  -2.0853896242325256E-011   3.2766209103071300E-014  -8.9861690797899743E-014   1.5715598999419737E-011   5.6561992364824937E-015   5.1402864284435198E-012  -2.4459710802908125E-012  -1.3549263472161218E-010  -8.6132474589733788E-011   1.5918201013636166E-003   5.5247687784484511E-005
   1.7843175374823895E-013  -8.7294011069564380E-016   3.2349812024132643E-016   4.2700272832632681E-016  -1.3096676647062285E-016   1.2331077275289643E-015  -7.9110067935242325E-016   6.5150419231787523E-017  -4.7843646423269834E-020   6.5816347252575201E-017   2.1582933737785121E-013  -1.0554249210483259E-015   3.9179931889678182E-016   1.1799106530696916E-015   7.9913644281518650E-024   2.8526748462993905E-025  -1.8442256766726152E-025  -8.9963831668040292E-024   8.9886167001399880E-024  -1.7564472913378106E-024  -1.5730358817915845E-025   3.9589997699766657E-026  -7.3566618440383712E-026   1.0128934775105594E-025  -7.4141839415738558E-015   6.9807690461582175E-014  -4.4785148180120863E-014   3.6882424851594971E-015  -2.7084826935735015E-018   3.7259414564076825E-015   1.5960298579633406E-013  -7.9758168951276068E-016   2.6954552955833224E-016   5.9305314051499815E-016  -3.8989864571008879E-026   4.6028106756460124E-025  -2.5103336929220761E-025   4.3260616258497215E-026  -1.7486516859661549E-027   2.5885814663832856E-026  -3.9623358965477511E-025   1.3389860912836506E-025  -6.5617605204709014E-026   1.3757394635469971E-025  -1.9058366185395918E-026  -1.1973691090033163E-027  -8.7922770027178450E-027  -2.9231592139541665E-028  -1.5288495783609452E-026  -9.8651454367555330E-024   3.1209921032998717E-025   3.7097412085139305E-025   7.5818414529893876E-024  -1.3124784524474657E-023   5.6141432416895541E-024  -1.7546250840296282E-025  -8.7681665612655386E-026  -7.5869276320015453E-026  -2.0842311041752326E-025  -4.3304888662709834E-014   4.0773391746321919E-013  -2.6158183703565005E-013   2.1542347942800780E-014  -1.5819750929395174E-017   2.1762540719879598E-014  -2.5269200132515849E-013  -7.6517999568153800E-016  -2.8359853219315447E-015   1.1760683107150756E-013  -5.7709349366695616E-016   2.1117658525006741E-016   1.0927140344579362E-015  -3.2362455597167107E-015  -3.2697992065115992E-013   3.0786548147270250E-012  -1.9751120707968142E-012   1.6265866137770205E-013  -1.1944935191389885E-016   1.6432125927340981E-013   1.6025449799010355E-015  -1.1127547648713631E-015  -1.9064828953702243E-016   4.1182519463480908E-016  -6.8906209150614463E-016
  -2.3331680736781743E-016   1.7309324232183062E-013   5.7727539561108018E-017  -7.3059973317194120E-016  -1.9073476444200738E-015  -1.3764615449395860E-016  -5.5157013278715488E-019   1.4314290061295402E-015  -3.5423008291431855E-016   4.7591863826417311E-016  -2.8263419365484297E-016   2.0939222917996381E-013   7.0964710234561406E-017  -1.9701480826467761E-015   2.8526748462993905E-025   1.4873955103636154E-023  -8.3435835849314388E-024   3.1820974531010892E-025  -3.7662693293616564E-025  -7.0083049267182115E-025  -1.0131197201137936E-023   7.3121131120118572E-024  -1.2403522685343933E-024   7.7229861612451244E-025  -1.0797721188943432E-013  -7.7923120290917113E-015  -3.1225039441027193E-017   8.1034893187804538E-014  -2.0053385574487399E-014   2.6942318701547520E-014  -1.9368301178612745E-016   1.5399111892127690E-013   1.8865383274630007E-017  -1.1063572107103414E-015  -5.8907685643031932E-025  -5.1770465825588331E-026   9.2140772752012476E-029   7.4536344629892222E-025  -8.0807511963268507E-026   2.9093627984604362E-025   4.2968096374647002E-026  -1.8181415017288839E-027   1.0974037448126004E-026   1.4823422159739633E-028  -3.8006442662907552E-025   6.8479417489513633E-026  -6.7549052944051011E-026  -5.3095670415151341E-027  -1.4270037746634580E-025  -1.1558801573901335E-024  -1.4695465618548592E-023   1.5628116921010018E-023   4.4772728022356506E-025   7.3834849943119518E-025   1.1015471122368688E-024   8.7112437550878204E-024  -1.1535891421392428E-023   2.9950601142994376E-024  -3.0502095291945270E-024  -6.3067509195216019E-013  -4.5513465473010983E-014  -1.8237972877085624E-016   4.7330994955495108E-013  -1.1712814739432649E-013   1.5736514239738225E-013   2.1251753724036174E-015  -3.4566944373929286E-013  -3.9585841287161231E-015  -1.5223457775001255E-016   1.1400171675908471E-013   3.4688329861295599E-017  -1.8515773342160522E-015   1.4330494073883141E-015  -4.7620048889444004E-012  -3.4365610416449233E-013  -1.3770849221673156E-015   3.5737962740940614E-012  -8.8439327584561679E-013   1.1882086148498899E-012   8.2515600124928382E-016   7.0157261592736145E-015  -5.8641175827859080E-015   3.2503691365201359E-015  -1.0321740324123913E-014
   3.3878817835013241E-018  -1.5662062712118429E-016   1.4751765046748985E-013   4.6696646427728027E-016   1.2254894253897383E-015  -1.2949460337756864E-019  -1.3776960975556005E-016  -3.0496565983145321E-016   5.5010519819597308E-016  -9.2052376549683183E-016   4.1214884816152532E-018  -1.9038185119351589E-016   1.7844072963900943E-013   1.2735946322487573E-015  -1.8442256766726152E-025  -8.3435835849314388E-024   7.1485338987156630E-024   4.4880748141455316E-025   5.8857813160374162E-025  -2.0291969489004355E-025   7.7271285627793672E-025  -4.2282223871015913E-024   7.3174448014075511E-024  -2.1719372401633551E-024   6.9376409942810594E-014  -7.3308430865847429E-018  -7.7993009787172050E-015  -1.7264467405910730E-014   3.1142107346183902E-014  -5.2111942536705937E-014   2.4666234153923003E-018  -1.1096524496715235E-016   1.3178109365028237E-013   6.7853936238245814E-016   3.6838216204511832E-025   1.1703282505090262E-028  -4.2745475743045157E-026  -3.2708112393180424E-025   1.2763300844758165E-025  -3.2137114234390680E-025  -2.0986149933214589E-029   2.4358335033073435E-026  -1.6407553501483382E-027   2.5347410187934361E-026   1.1278448078738192E-025  -1.0461658780967300E-025   1.2714478006997615E-025   1.0930264627413360E-026   1.2990155636567979E-025   3.5580113262397988E-025   8.7354914160431868E-024  -1.2613771652231259E-023  -8.7913861034405138E-025  -3.7747943413223158E-025   4.0164928605813274E-025   7.9764791252171177E-025   3.8012184092876539E-024  -9.8070480455128337E-024   6.5661045559455555E-024   4.0521488704248258E-013  -4.2818110045658739E-017  -4.5554286646331168E-014  -1.0083858787837145E-013   1.8189533764156246E-013  -3.0437629916395976E-013  -7.0786177968023642E-017   3.6813165199981054E-015  -2.2921503475667440E-013   2.1751119394804514E-018  -1.0023622806421025E-016   9.7213408575888506E-014   1.1890883222868639E-015  -2.2346325664581791E-015   3.0596345056378237E-012  -3.2330442720428872E-016  -3.4396433042821238E-013  -7.6139656468750003E-013   1.3734274560585276E-012  -2.2982379409498684E-012  -1.7191866646917515E-016   3.8594534971419532E-015  -9.4623685511954045E-015  -2.4973352146630982E-015   9.1201097522068280E-015
  -1.5955515747917942E-013  -3.3381376715586032E-016   9.7845674579825890E-017   5.5313834159295457E-016   8.7463964213701422E-017  -2.2036591248581275E-015  -3.5343510055416786E-016  -1.1839032810424766E-016   9.0511233035889992E-020   3.0926363883086190E-017  -1.9301722400197744E-013  -4.0400029977562760E-016   1.1870857456086780E-016   1.4854315351801799E-015  -8.9963831668040292E-024   3.1820974531010892E-025   4.4880748141455316E-025   1.8083014275384663E-023  -6.0305746220312321E-024  -5.9804073180882612E-024   2.9423554822321060E-025  -5.1887443726512662E-025  -7.1529418053589578E-025   6.0483515070882093E-026   4.9514387170706905E-015  -1.2475175616544944E-013  -2.0008379771394407E-014  -6.7022168687872968E-015   5.1239493529248343E-018   1.7507781517232491E-015  -1.4186227443538750E-013  -2.9219914772858532E-016   7.2366885111577583E-017   8.4972021212136066E-016   1.8367828240431922E-026  -8.2264498043375699E-025  -1.1196794680745891E-025  -4.9715536952974578E-026  -7.8043154947829573E-028  -4.1449331679977369E-027   7.0636327186503377E-025   6.0202163420477552E-026   1.1789557305183095E-025   6.0331931509870504E-026   2.5934331394592915E-026  -1.4662214707218326E-027  -5.7758470131044403E-027  -2.5932978634905293E-027   3.2641577519774020E-027   7.6158818942355580E-024  -1.3567151652409699E-024  -8.6828125116190424E-025  -1.7793076694284900E-023   1.3782260955381014E-023   7.6151998637119784E-024   2.9946738105480116E-025   1.0158283607988243E-024   9.5090963750458142E-025  -1.0883791602385159E-025   2.8920445467007758E-014  -7.2865212864470262E-013  -1.1686527677332224E-013  -3.9146419562845557E-014   2.9928048308005950E-017   1.0225974095754944E-014   3.2881068475263131E-013   1.2285295196781901E-015  -1.9616471101984916E-015  -1.0507658378568737E-013  -2.1936537420006097E-016   6.2925353925514962E-017   1.3995308140407451E-015  -5.3225849695661453E-016   2.1836807011731911E-013  -5.5017948913130947E-012  -8.8240843251271188E-013  -2.9558078909609718E-013   2.2597612355112411E-016   7.7212718978777789E-014  -5.9044056423821194E-015   1.1506267583084309E-015   3.1908264802245520E-016  -3.5051800731779955E-015   5.4432551743195032E-016
