  0.11790880613606480        1.3472478576277465E-015  -8.9466408374721390E-003   5.6539087799274021E-016   2.4096125401003951E-017   8.2258818789176504E-017  -7.5469471655558235E-018   2.7209162494406469E-016  -1.9595473512504650E-018   2.0661952087275757E-016   8.8844012944155892E-002   1.0831978924422132E-014  -7.0654716688058256E-002  -2.2389678617439728E-015   1.4083750805247671E-003  -3.0621135662497857E-016   1.7753551079387371E-003   1.3483399330965536E-003   8.0163532727865786E-016  -3.2378733838135023E-003   4.9171160450031486E-016  -1.5752915776925413E-003  -5.1630326955682133E-016  -1.4911855114467672E-004   1.1947362732325607E-015  -4.7665512197278979E-017   3.2855241379000001E-017   6.2600367741342463E-016   1.0195253767645606E-017   6.4407386361217429E-016   9.5082747114635726E-016   7.2927076338218072E-002   7.8249063395521497E-015  -5.0569894322531866E-002  -4.3965262671012154E-016  -9.8517138297783927E-018  -1.1285740964176666E-017  -1.7220559977660109E-016   5.3365451866819384E-018  -1.8679916725264529E-016   2.0565980909161297E-018  -1.8853301911766758E-018   7.4697892460588413E-018  -1.1608754678453001E-017  -1.3172373011804166E-016   1.4727303628673790E-017  -1.1453330002628638E-016   1.2479481635487697E-017  -2.0776741763562547E-016   4.4267645686086286E-004  -8.1254536614138821E-017   2.5917890973547911E-004   3.5562826556881426E-004   2.2942831784774085E-016  -9.4954105532648551E-004   5.7876201153217007E-017  -5.4747330762377588E-004  -2.5648001695490360E-016   2.1488195706142517E-004  -6.7358080696932910E-017   2.6626588083725564E-017  -1.8131068319263364E-018   3.5096798370082680E-017  -1.5022457677903354E-017   3.3779423891662929E-017   3.4494251598947243E-002   3.8866839447105602E-015  -2.6049994645449118E-002  -1.7001907370162608E-016  -2.9218940311325797E-015
   1.3472478576277465E-015  0.11363175383288826       -2.6295404175130084E-015   4.2424793158158799E-016  -2.3168201060035281E-016   1.6114899213167161E-017  -2.0798049935827518E-017  -2.0389994922564342E-016  -1.0532438219085313E-017  -2.4427550593959277E-016   1.0841753555080854E-014   5.5066651783625908E-002  -2.2337636276850604E-014   1.0563611593611994E-015   2.8104840421475572E-016   4.1584051227107280E-005  -1.4513137214955883E-016  -1.7469942188426006E-016   1.3373172227588233E-003  -5.0295475279805014E-016   1.3310246320342388E-003   2.6131787738648623E-016  -1.8273409853922283E-003   4.7203865119637809E-018  -3.6989909555770161E-016  -6.6714160017855552E-017   8.0533902008085444E-017  -4.9750732142856888E-016   4.1819663598107150E-017  -2.8416198558318337E-016  -5.5671474399080281E-016   8.0029478867106756E-015   4.8751512915833919E-002  -1.5409637337540922E-014   6.9048402160727552E-017   2.4549690302333062E-017  -2.9884138234835395E-017   6.1446587903457884E-017  -7.7825832804174240E-018   2.5833369630341998E-017   2.4047990212287313E-017  -1.3401505330776238E-017   1.1042742059771319E-017  -2.9554569836715047E-017   1.3997508461793704E-016  -1.5916524253303114E-017   4.7039081481754122E-017  -1.5996094416487996E-017   2.1290565202680852E-017  -9.7065428182325094E-017   6.5599418998850598E-006  -1.2147856914431865E-016  -7.7950079714947873E-017   2.1096365135761888E-004  -3.1039055234884419E-016   2.0997098641808515E-004  -1.4436440870738316E-016  -2.8826558126619019E-004  -1.2832909125030748E-016   1.4985377144468083E-017   1.0151648021621057E-017  -1.2299103457362242E-017   3.4365199422066504E-017  -6.2303532736082200E-018   3.6965198202602181E-018   3.8224648579935734E-015   2.2040729475945767E-002  -8.2474908059350046E-015   8.9123963614511163E-017   1.7062267302688773E-016
  -8.9466408374721390E-003  -2.6295404175130084E-015  0.13234613387805028       -5.3338362427746853E-016  -4.0105603075866196E-016  -2.5451311984700822E-016  -1.4170731219640234E-017  -1.0710389260293112E-015  -1.7405980509901618E-017  -9.0382622207787602E-016  -7.0654716688039659E-002  -2.3208254608357216E-014  0.20286058294788314        7.4466369532182752E-015  -2.7515035770017638E-003   2.6660688721841373E-017   1.1731231642795521E-003  -1.5752915776939289E-003  -9.9724007547751880E-016   5.2668210007989092E-003  -7.7267498522933841E-016   3.8904114445703439E-003   1.9301408244829889E-015  -3.7741358639549263E-003  -4.1097581056464805E-015   3.8395973141358400E-016  -3.8200444760410571E-017  -2.1149869064279292E-015   9.7856620460656330E-017  -2.4096991756952581E-015  -3.1116880296284499E-015  -5.0569894322544925E-002  -1.6319231186521898E-014  0.15453246896272738        1.4751703620098683E-015  -8.2730486149464881E-017   1.6464074482138780E-017   5.5105928425065556E-016  -3.0709225639295061E-017   6.2335726414747658E-016  -1.0744809699333599E-016   1.4142568039457083E-018  -6.2467011157416551E-017   1.6757599178430488E-017   3.6995827415434729E-016  -7.4759647624978785E-017   3.3838678420602279E-016  -7.0999418740271411E-017   6.7485592931744858E-016  -8.9529737042098835E-004   8.4792071146066863E-017   2.2875030890808244E-004  -5.4747330762018717E-004  -3.7293968451243797E-016   1.7486407758295075E-003  -5.1474427017843524E-017   1.2390941066371963E-003   6.8524337481181945E-016  -1.0940666311552640E-003   1.7169830026617360E-016  -9.9378739727445727E-017  -1.1172123960462988E-018  -1.6299527181282832E-016   1.3827622698343492E-017  -1.2501115998572805E-016  -2.6049994645442553E-002  -8.0900737515499549E-015   7.6531516445716236E-002   8.6815862090816541E-016   2.7509324240186964E-015
   5.6539087799274021E-016   4.2424793158158799E-016  -5.3338362427746853E-016   6.2079304010754330E-002  -3.0305077593752622E-004   8.8766772908254599E-017  -9.2440129398431437E-004  -6.8576599669689404E-004  -2.7779943486020241E-016   9.8881677262172550E-004   3.9384180578068503E-016   1.4544597222978024E-016  -8.9142732403654649E-016   6.9015987688944361E-002   8.9050161474225585E-017   2.6017300220919382E-017   1.5042810522881974E-017   3.5567262994169259E-017  -1.1037008891217017E-018  -4.2184600831516623E-018   3.2603803535947322E-017   1.4775639079907442E-018   5.4121794099704260E-018   2.1621786839936842E-017  -9.0873935401814500E-006  -4.6661209611884398E-017  -2.7719441760922043E-005  -2.0563634802712586E-005  -2.8220370609100496E-017   2.9651028295822402E-005   3.2506823558583593E-002   3.6923121885854254E-016   1.6888735999484304E-016  -7.1087291197634094E-016   6.4352252473042149E-006   3.2466237770957087E-017  -2.3465345721121639E-005  -5.7659142620917462E-007   2.0694670045859358E-018  -1.0727654778965298E-005   3.7340105177509690E-017  -1.8542821723133954E-005   3.1484244413199461E-018   3.7286349010334056E-005  -1.4095674897254554E-005  -1.0258015841148255E-017   2.5337337729039059E-005   1.3157869694355710E-017  -8.3169278731884578E-006   9.7215643195755745E-017  -5.7404323753850674E-018   1.6236379579351834E-017   5.7166126851192826E-017   5.6389442142588743E-019   3.6649714174255500E-017   2.6937050764854273E-018  -3.9902615499584469E-018   4.1366053896403258E-018   3.0825468223440433E-017  -9.0411680058233141E-005   3.9432067879588174E-017  -2.7578439217816370E-004  -2.0459032219282601E-004  -8.2858534442828489E-017   2.9500200225997074E-004   2.3432425528684772E-016   7.5842307487020928E-017  -3.1666538972943848E-016   4.3463696453748139E-002   3.2992918900145896E-003
   2.4096125401003951E-017  -2.3168201060035281E-016  -4.0105603075866196E-016  -3.0305077593752622E-004   1.4803446389630658E-006  -3.3788598182698629E-019   4.5155221779822648E-006   3.3498347385945512E-006   1.3468214045115093E-018  -4.8301793774971685E-006   2.1345548268308722E-016  -1.1201324740739599E-016  -6.1422143443772607E-016  -3.3722126246233351E-004   7.9564103659087105E-018  -2.4096921147435230E-019  -3.7013502043355025E-018   4.6601042197413697E-018  -2.6876279040858096E-018  -1.6059842773828038E-017  -2.8233465433522392E-018  -1.1918309251326499E-017   3.6559419120729259E-018   1.1465235623957232E-017   3.4882268737027005E-008   9.3210966901915677E-020   1.0640201858624977E-007   7.8934210571253305E-008   1.3757656555475379E-019  -1.1381647908242301E-007  -1.5790918530945007E-004   1.5206165862792471E-016  -9.9278507207659580E-017  -4.6784193494023528E-016  -3.1292428584858222E-008  -1.4180566416964606E-019   1.1410442167454136E-007   2.8037784743124131E-009  -1.6544917571855850E-020   5.2165131467501144E-008  -1.9082918399029811E-019   9.0167772257785607E-008  -1.5626740859339586E-020  -1.8131151105734037E-007   6.8542728983010177E-008   5.1620954333682307E-020  -1.2320731612948342E-007  -6.3835183955763567E-020   4.0442542647792355E-008   2.2791775121921750E-018   2.0730742193948685E-020  -7.5235057512041651E-019   1.3853748310396199E-018  -4.2875171966331841E-019  -5.4940138814042873E-018  -4.6039973121194374E-019  -3.7227549526517900E-018   5.5848361841775092E-019   3.1558510379358721E-018   4.4227535588318611E-007  -1.1468015636971079E-019   1.3490805625943551E-006   1.0008138052515004E-006   4.0063803852838766E-019  -1.4430891611832159E-006   7.8272744871968725E-017  -4.4900088408052749E-017  -2.3183955728444565E-016  -2.1214527925282237E-004   2.7237382100177430E-005
   8.2258818789176504E-017   1.6114899213167161E-017  -2.5451311984700822E-016   8.8766772908254599E-017  -3.3788598182698629E-019   1.0241076333043303E-029  -1.0306597559794996E-018  -7.6459370996687371E-019  -1.3014898077587138E-030   1.1024796916274147E-018   1.8249686597061626E-016   7.8093799802624228E-018  -4.2169663629399767E-016   6.7762823093642853E-017   5.9692755200458245E-018   5.8973198198000277E-021  -1.2274740139453833E-018   3.7181191098731611E-018   1.8965413745919631E-019  -1.1726742613416085E-017   1.8876174196432674E-019  -8.2093648720445261E-018  -2.5914777177108940E-019   7.0338044139643402E-018  -9.6509675800320652E-019  -1.4343075851564279E-029  -2.9438521945181214E-018  -2.1838932372286630E-018  -2.3196890565191557E-031   3.1489899947872224E-018   1.2466835096978987E-016   1.3579786782064343E-016   6.9137867773105533E-018  -3.1943075765023985E-016   2.1478137077246337E-020   1.8761485126713653E-030  -7.8317680187528492E-020  -1.9244252342866598E-021  -5.8435472759047629E-031  -3.5804502805415486E-020  -5.9791120190226435E-031  -6.1888318149992702E-020   1.0216855873386401E-031   1.2444650898546685E-019  -4.7045569776871359E-020   2.8735613659530092E-031   8.4565620131853234E-020   1.9723887072372028E-031  -2.7758487167869517E-020   1.9336670421319862E-018   9.3031040214465322E-022  -2.8759737904875348E-019   1.2295362347907844E-018   2.9918203888376503E-020  -3.8238228060385907E-018   2.9777427254572863E-020  -2.6400468615129020E-018  -4.0880921329132641E-020   2.1821371785526017E-018  -3.7354741518725758E-020   8.0755722288232630E-030  -1.1394384701335713E-019  -8.4529107083046473E-020  -5.4046910787630038E-031   1.2188384810996565E-019   6.8249392222719593E-017   3.1257471799108945E-018  -1.5875427102380509E-016   6.5183087710835371E-017   4.3580944498407004E-015
  -7.5469471655558235E-018  -2.0798049935827518E-017  -1.4170731219640234E-017  -9.2440129398431437E-004   4.5155221779822648E-006  -1.0306597559794996E-018   1.3773779431614116E-005   1.0218061832746310E-005   4.1082338272862778E-018  -1.4733584010544187E-005   6.0684056319874423E-018  -9.2818460323597585E-018  -2.0475598732205017E-017  -1.0286321505529096E-003  -8.6225199000680805E-019  -4.8402245689527338E-019  -5.6112288540391376E-019  -1.7048238586705464E-019  -1.2578477618207882E-019  -8.8445226668901940E-019  -5.7775324635808546E-019  -8.1772281915062497E-019   1.2156137213683156E-019   4.8791258420487654E-019   1.0640201878229163E-007   2.8432310754084188E-019   3.2456001257941139E-007   2.4077445819493677E-007   4.1965230027067187E-019  -3.4717647628829184E-007  -4.8167326013315136E-004   2.2162680389098282E-018  -8.5563781149603824E-018  -1.5421028436714251E-017  -9.5451864085186087E-008  -4.3255239667270696E-019   3.4805479286025287E-007   8.5524164776567596E-009  -5.0467263012314347E-020   1.5912024933824240E-007  -5.8208973090080327E-019   2.7504039576457689E-007  -4.7666531876423995E-020  -5.5305780002320591E-007   2.0907713292920421E-007   1.5746033593085641E-019  -3.7582151738719992E-007  -1.9471762270836083E-019   1.2336262344126102E-007  -1.2253920054540509E-018   1.0283258569486314E-019  -2.0331354773704710E-019  -7.7426242129747574E-019  -3.4407019009904107E-020  -7.8698073595573124E-019  -1.3693546421642340E-019  -3.7368409733985193E-020  -3.6480550184730033E-020  -3.6873527457699361E-019   1.3490805625275479E-006  -3.4981096675727712E-019   4.1151249782962747E-006   3.0528005538039503E-006   1.2220734960586189E-018  -4.4018811164795289E-006   9.4490931975239086E-019  -3.9169542932941675E-018  -8.0791004906650154E-018  -6.4711060398138151E-004   8.3082682101790688E-005
   2.7209162494406469E-016  -2.0389994922564342E-016  -1.0710389260293112E-015  -6.8576599669689404E-004   3.3498347385945512E-006  -7.6459370996687371E-019   1.0218061832746310E-005   7.5802569756695672E-006   3.0476883617235365E-018  -1.0930091714127331E-005   7.1830967277829444E-016  -9.8219911722987330E-017  -1.7407630561484434E-015  -7.6308953324570356E-004   2.3555519994468381E-017  -4.2804327011878986E-019  -6.5598515757239568E-018   1.4677598483105571E-017  -2.3114030936402384E-018  -4.7921441631363949E-017  -2.6362584001115084E-018  -3.4086112473022584E-017   3.1210290446774862E-018   2.9895249295114288E-017   7.8934210651696871E-008   2.1092475807578919E-019   2.4077445799669697E-007   1.7861824446765438E-007   3.1131855811258341E-019  -2.5755245460826451E-007  -3.5732873316757783E-004   5.2893919363673547E-016  -8.7207361873476670E-017  -1.3202128050082719E-015  -7.0810851452716188E-008  -3.2088847924268330E-019   2.5820403269063322E-007   6.3445999569022926E-009  -3.7439078830381126E-020   1.1804316706642635E-007  -4.3182257215608908E-019   2.0403838934565487E-007  -3.5361359783298933E-020  -4.1028526888965368E-007   1.5510362153636944E-007   1.1681176228580729E-019  -2.7880274414221290E-007  -1.4445103601615265E-019   9.1516414970383116E-008   6.9363147271483366E-018   6.5405835485384559E-020  -1.5015661398910087E-018   4.3721991348641089E-018  -3.7543155726131589E-019  -1.6056074319643255E-017  -4.4984571641624012E-019  -1.0771252125038023E-017   4.5105757335718274E-019   8.7409897836148314E-018   1.0008138052231038E-006  -2.5950684824581953E-019   3.0528005538685078E-006   2.2647164474118221E-006   9.0659376454500892E-019  -3.2655302527447414E-006   2.6692994770753924E-016  -3.9462796608465409E-017  -6.5592306392696522E-016  -4.8005822925640336E-004   6.1634788534497152E-005
  -1.9595473512504650E-018  -1.0532438219085313E-017  -1.7405980509901618E-017  -2.7779943486020241E-016   1.3468214045115093E-018  -1.3014898077587138E-030   4.1082338272862778E-018   3.0476883617235365E-018   1.3375760601127379E-030  -4.3945097661629605E-018   7.0448064622263096E-018  -5.1040848026996792E-018  -2.5157582162237077E-017  -3.0582604525635204E-016   3.2919303906765725E-019  -3.8543931221217777E-021  -2.0387301151097702E-019   1.7397852926812587E-019  -1.2395488543400738E-019  -6.1563733711391702E-019  -1.2337163013105215E-019  -4.7657639915987721E-019   1.6937480400178042E-019   5.0717704583876552E-019   1.3347929753280698E-019   1.4826992817039933E-030   4.0715432886375135E-019   3.0204695301768211E-019   1.1090935530982289E-031  -4.3552625030016688E-019  -1.5308710554241296E-016   4.7925277524111407E-018  -4.5187395296911680E-018  -1.9251170708790689E-017  -2.9993815653658497E-020  -2.9961916746890990E-031   1.0936917152649169E-019   2.6874237179214834E-021   5.8491260618205273E-032   5.0000316619731036E-020  -7.1366788411153607E-032   8.6425875575204651E-020  -4.4657510083707200E-033  -1.7378721579351418E-019   6.5698255803228433E-020   4.1828419305266920E-032  -1.1809430250868168E-019  -5.2154409061403216E-032   3.8764206673833648E-020   1.0753114044176080E-019  -6.0803587426522932E-022  -3.7427665971748257E-020   6.3484453901944306E-020  -1.9554055529758035E-020  -2.0775261773943563E-019  -1.9462046194201111E-020  -1.5056635814391163E-019   2.6719110837909075E-020   1.4012247242485731E-019   3.9562325627771050E-019  -9.2674712085835078E-031   1.2067768145614879E-018   8.9524593962864839E-019   4.0761717932037353E-031  -1.2908691958970198E-018   2.5509146888816418E-018  -2.0429379436514815E-018  -9.5071743408132302E-018  -1.9479205235474936E-016  -4.3914507991327327E-016
   2.0661952087275757E-016  -2.4427550593959277E-016  -9.0382622207787602E-016   9.8881677262172550E-004  -4.8301793774971685E-006   1.1024796916274147E-018  -1.4733584010544187E-005  -1.0930091714127331E-005  -4.3945097661629605E-018   1.5760271091427262E-005   5.8189027049677690E-016  -1.1922998006233127E-016  -1.4529418497189192E-015   1.1003107956944172E-003   2.1449816763917884E-017   4.2021558525717822E-019  -5.3887590480737322E-018   1.2565118978015819E-017  -3.0021224415309750E-018  -3.8977177341933664E-017  -2.5038999984803344E-018  -2.7665700947328294E-017   4.1559889731205731E-018   2.5214774568448906E-017  -1.1381647937167423E-007  -3.0413572475905740E-019  -3.4717647653093999E-007  -2.5755245500032652E-007  -4.4889512366322613E-019   3.7136893363505672E-007   5.1523791846913298E-004   4.2961379419948106E-016  -1.0519386748191287E-016  -1.1032092119162703E-015   1.0210328003606258E-007   4.6269414338024659E-019  -3.7230845435966187E-007  -9.1483784310792470E-009   5.3983996412745598E-020  -1.7020829853140728E-007   6.2265175615421855E-019  -2.9420616159908415E-007   5.0988100643471643E-020   5.9159677993823430E-007  -2.2364635051606810E-007  -1.6843271661840182E-019   4.0201006026574377E-007   2.0828621996998166E-019  -1.3195895761622158E-007   7.9719831425155967E-018  -1.2538463402223250E-019  -1.0515084502528646E-018   5.0003077311105361E-018  -4.5800980328428753E-019  -1.2267211485483578E-017  -3.4600852972557681E-019  -9.1033319243491541E-018   7.1514843885782047E-019   8.1552956647904515E-018  -1.4430891610892681E-006   3.7418700448454602E-019  -4.4018811164109404E-006  -3.2655302526248041E-006  -1.3072318030505347E-018   4.7086194138724161E-006   2.1794342736891059E-016  -4.7506543903526119E-017  -5.4705610645751417E-016   6.9220350850028925E-004  -8.8872170704809811E-005
   8.8844012944155892E-002   1.0841753555080854E-014  -7.0654716688039659E-002   3.9384180578068503E-016   2.1345548268308722E-016   1.8249686597061626E-016   6.0684056319874423E-018   7.1830967277829444E-016   7.0448064622263096E-018   5.8189027049677690E-016   9.7968384573230510E-002   2.3196088914636754E-014 -0.14910762446095632       -5.5807307501656025E-015   2.3449584004839640E-003  -2.2924549500775751E-016   7.0288258521614925E-004   1.7309808284699140E-003   1.1597909020028763E-015  -4.8770726612006061E-003   8.2819549413695812E-016  -3.0174261103424319E-003  -1.4452341528260175E-015   1.7251588863670551E-003   2.8493325074647147E-015  -2.2054053122603178E-016   3.6485276056637665E-017   1.4711269256796564E-015  -4.0194610761132273E-017   1.6372872702357899E-015   2.2044889679003610E-015   7.6811766206405091E-002   1.7219041436956414E-014 -0.11125427274412865       -1.0311593784522729E-015   3.3098342082162122E-017  -1.6066111570227804E-017  -3.9090661105157007E-016   1.8731275710546674E-017  -4.3645391201127839E-016   5.3630948588331133E-017  -2.0266552759666768E-018   3.5675844209962488E-017  -1.6476121996272157E-017  -2.7397725550138152E-016   4.6844099927634210E-017  -2.4635554329531032E-016   4.3407887237523738E-017  -4.7648085320363420E-016   7.5184284406570488E-004  -9.8895305800723176E-017   7.4705445879961476E-005   5.2061894925537313E-004   3.6142036058010642E-016  -1.5293219739021967E-003   8.2355288945533295E-017  -9.9383166003432855E-004  -5.3825499034400992E-016   6.8507623156338106E-004  -1.3104354571130787E-016   6.7322414159887922E-017   9.9628832948135734E-019   1.0557395441509621E-016  -1.7478229621451438E-017   8.3015451721484127E-017   3.7365929959454994E-002   8.3805780420141462E-015  -5.5818775375448229E-002  -7.2650609859249816E-016   5.1375635538271113E-015
   1.0831978924422132E-014   5.5066651783625908E-002  -2.3208254608357216E-014   1.4544597222978024E-016  -1.1201324740739599E-016   7.8093799802624228E-018  -9.2818460323597585E-018  -9.8219911722987330E-017  -5.1040848026996792E-018  -1.1922998006233127E-016   2.3196088914636754E-014   2.6685640557115697E-002  -4.8666757088377494E-014   4.5552527991324442E-016   6.8283022234213074E-016   2.0151888811319375E-005  -1.2725996652719599E-016   2.6848021277802884E-016   6.4807220997579844E-004  -1.3302599797238127E-015   6.4502278153208046E-004  -6.1541608940818113E-016  -8.8554076073247916E-004   5.9781262297894395E-016  -1.7892409252483734E-016  -3.2330095196365415E-017   4.0037799620370120E-017  -2.4034543818259437E-016   2.0266068025759270E-017  -1.3878765040743097E-016  -3.2776601872962996E-016   1.7412344017818821E-014   2.3625285143528012E-002  -3.6053108324724264E-014   3.3450890180971730E-017   1.1896931990189199E-017  -1.4444140772864443E-017   2.9778328344856273E-017  -3.7714880658222073E-018   1.2536336653044508E-017   1.1653805018846808E-017  -6.4645048952219504E-018   5.3513812049166303E-018  -1.4382546967982732E-017   6.7855558295267127E-017  -7.7132462458492751E-018   2.2754509171718204E-017  -7.7518064398158122E-018   1.0330972040838102E-017   1.2967178967813644E-016   3.1789884793385682E-006  -7.6419802141661182E-017   7.6579507664807878E-017   1.0223429223310947E-004  -5.0185352591866463E-016   1.0175324065448556E-004  -3.0969440921048804E-016  -1.3969528630293371E-004   1.2957988688920339E-016   7.3184678101051381E-018   4.9195515142747025E-018  -5.7879970310704048E-018   1.6781353190833488E-017  -3.0192677894567018E-018   1.6071305011968349E-018   8.5963883409941536E-015   1.0681074032298560E-002  -1.8228169298848900E-014   5.1159688988931916E-020  -1.3950860407168859E-015
  -7.0654716688058256E-002  -2.2337636276850604E-014  0.20286058294788314       -8.9142732403654649E-016  -6.1422143443772607E-016  -4.2169663629399767E-016  -2.0475598732205017E-017  -1.7407630561484434E-015  -2.5157582162237077E-017  -1.4529418497189192E-015 -0.14910762446095632       -4.8666757088377494E-014  0.33858558182994203        1.2476899871136203E-014  -4.8108731450930585E-003   1.8213891132802444E-016   8.9788550191926219E-004  -3.0174261103471491E-003  -2.0937483530871737E-015   9.4718897404771126E-003  -1.6054788244499232E-015   6.6002463420476070E-003   3.4310833508787365E-015  -5.5887775024844911E-003  -6.7440504854960613E-015   5.9907296841202995E-016  -7.1767228419226049E-017  -3.4752303193104624E-015   1.4183490676544177E-016  -3.9287507868578105E-015  -5.0752569318666620E-015 -0.11125427274419339       -3.5887741691589271E-014  0.25634444528498812        2.4261661511024406E-015  -1.1931263238813881E-016   3.0129100486166752E-017   9.1017312831744428E-016  -4.8653944912713654E-017   1.0256837390071040E-015  -1.6216926391780971E-016   3.0008913394656066E-018  -9.7325783528017971E-017   3.0842974324328728E-017   6.1884706629094703E-016  -1.1928751799265888E-016   5.6322147488514850E-016  -1.1255608683725950E-016   1.1131141321992013E-015  -1.5578185186518351E-003   1.6560535315747811E-016   2.1731327184152510E-004  -9.9383166002635641E-004  -7.0370778534215575E-016   3.0838645226289262E-003  -1.3808429421467889E-016   2.1243799202171291E-003   1.1973590294463159E-015  -1.7453950532494978E-003   2.8992612823612133E-016  -1.6199199042048501E-016  -1.7600017110642375E-018  -2.6224303332570203E-016   2.8033426749591296E-017  -2.0288093712923265E-016  -5.5818775375450401E-002  -1.7462522297992686E-014  0.12744152021646979        1.5113135608482855E-015   3.2111616217052380E-015
  -2.2389678617439728E-015   1.0563611593611994E-015   7.4466369532182752E-015   6.9015987688944361E-002  -3.3722126246233351E-004   6.7762823093642853E-017  -1.0286321505529096E-003  -7.6308953324570356E-004  -3.0582604525635204E-016   1.1003107956944172E-003  -5.5807307501656025E-015   4.5552527991324442E-016   1.2476899871136203E-014   7.6827517264481268E-002  -9.3479631368685748E-017   3.8836684440343080E-017   6.5184784118462207E-017  -9.1645630175420817E-017   2.6588651678045580E-018   3.8111756857089605E-016   3.4879341136213977E-017   2.8018689466439125E-016  -1.2344814458732986E-019  -2.1603333194524244E-016  -7.0316103892174249E-006  -8.2749925067430082E-018  -2.1448649019527854E-005  -1.5911654692806404E-005  -3.1313421712508327E-017   2.2943265030966039E-005   3.5886897583633962E-002  -3.9997076126232995E-015   4.2043904972712705E-016   9.4344047301286265E-015   7.1146911489000525E-006   3.0688640825528076E-017  -2.5942943889219596E-005  -6.3747106875532650E-007   4.3879782830726686E-018  -1.1860338615910171E-005   4.4281584972824130E-017  -2.0500673172611787E-005   3.5835450273923173E-018   4.1223243488729547E-005  -1.5583972522014525E-005  -1.1904695847809757E-017   2.8012590942426112E-005   1.4499425453799209E-017  -9.1950741193727988E-006   3.8191702632440230E-017  -8.2801178081543219E-018   1.8206101329698217E-017   2.5344019624463166E-017   1.6196155685849160E-018   1.5849926286525892E-016   1.1517198681383186E-017   6.8573639837343730E-017   4.3496238470295276E-018  -2.5235096185847082E-017  -1.0081071751246021E-004   1.8627390246547686E-017  -3.0750476527427472E-004  -2.2812204311584746E-004  -9.0869683491242400E-017   3.2893276063984336E-004  -1.9975898969687296E-015   1.9548315093849584E-016   4.7231423363271410E-015   4.8310500600345571E-002  -1.0374745913596918E-002
   1.4083750805247671E-003   2.8104840421475572E-016  -2.7515035770017638E-003   8.9050161474225585E-017   7.9564103659087105E-018   5.9692755200458245E-018  -8.6225199000680805E-019   2.3555519994468381E-017   3.2919303906765725E-019   2.1449816763917884E-017   2.3449584004839640E-003   6.8283022234213074E-016  -4.8108731450930585E-003  -9.3479631368685748E-017   6.9942127202938384E-005  -3.6480071266364518E-018  -5.0629071262387126E-006   4.5691398493988939E-005   3.0904631458209284E-017  -1.3952860904394235E-004   2.3152629928781818E-017  -9.4557336205760913E-005  -4.7593030599809801E-017   7.4252545342218262E-005   9.4952494365646096E-017  -8.2088296505346696E-018   9.7241212208414897E-019   4.8902640994693244E-017  -1.8592858662449716E-018   5.5259087003570271E-017   1.1316747348029248E-016   1.7756759132287808E-003   5.0121961559045041E-016  -3.6308705920027593E-003  -3.4203409650060670E-017   1.5590456148935507E-018  -4.7729766292655633E-019  -1.2863642715033936E-017   6.7242833774573232E-019  -1.4480422170142201E-017   2.1796091654430107E-018  -7.0969301439336090E-020   1.3325376465054252E-018  -4.1147759706503782E-019  -8.8209531224680002E-018   1.6550720815210521E-018  -7.9589470961846579E-018   1.5561214246027599E-018  -1.5730334142307157E-017   2.2595674471716924E-005  -2.5374662595688108E-018  -1.8938398331893885E-006   1.4702268460051035E-005   1.0279213417317792E-017  -4.5017546930012753E-005   2.0327957198530979E-018  -3.0593139340853143E-005  -1.6979680830766879E-017   2.4214364604919755E-005  -4.2527898935013285E-018   2.2735627356418079E-018  -3.0815974121950317E-019   3.4083754355969242E-018  -4.3428081958235998E-019   3.1963732673831164E-018   8.8268347461046952E-004   2.4454300968703563E-016  -1.8086501322377778E-003   3.1621362125167802E-017   7.5384236216518912E-017
  -3.0621135662497857E-016   4.1584051227107280E-005   2.6660688721841373E-017   2.6017300220919382E-017  -2.4096921147435230E-019   5.8973198198000277E-021  -4.8402245689527338E-019  -4.2804327011878986E-019  -3.8543931221217777E-021   4.2021558525717822E-019  -2.2924549500775751E-016   2.0151888811319375E-005   1.8213891132802444E-016   3.8836684440343080E-017  -3.6480071266364518E-018   1.5217870517089506E-008  -4.6279475396900432E-018  -3.6199089762245186E-018   4.8939725052453013E-007   8.4042225334761531E-018   4.8709444865607375E-007   4.3178886725595106E-018  -6.6872364970881906E-007   2.6452345335659342E-019   1.5945544203777961E-019  -2.4414346814895158E-020   9.2877167397723357E-019   4.8507953896265248E-019   1.5304093923589900E-020  -1.0659566155138665E-018  -1.1183256872972966E-017  -1.8825743503675450E-016   1.7840835348475158E-005   1.3088294937350595E-016   2.4099211064564137E-020   8.9840695461551750E-021  -6.6722833539648666E-021   2.2591429113552027E-020  -2.8480713433903836E-021   1.1403188922998899E-020   8.8004701432202030E-021  -1.5348748747451173E-021   4.0411411072226704E-021  -1.7591030979443580E-020   5.3785874770715401E-020  -5.8247236145881926E-021   1.2610047247042595E-020  -5.8538426735178106E-021   9.3026695178818492E-021  -1.2154868975749759E-018   2.4006402331239469E-009  -7.1042283625215218E-019  -9.7078612392570289E-019   7.7203096750705512E-008   2.4117607875572429E-018   7.6839826552855449E-008   1.4108302154882228E-018  -1.0549208556627645E-007  -6.4152847106667314E-019  -6.1011426260461253E-020   3.7150412349225553E-021  -2.0733301729519922E-019  -1.3789465578692075E-019  -2.2800257933127733E-021   2.1831890564290826E-019  -8.9101937413609406E-017   8.0659040514190210E-006   6.7206725684556000E-017   1.7187701937614080E-017  -1.3639102399304671E-015
   1.7753551079387371E-003  -1.4513137214955883E-016   1.1731231642795521E-003   1.5042810522881974E-017  -3.7013502043355025E-018  -1.2274740139453833E-018  -5.6112288540391376E-019  -6.5598515757239568E-018  -2.0387301151097702E-019  -5.3887590480737322E-018   7.0288258521614925E-004  -1.2725996652719599E-016   8.9788550191926219E-004   6.5184784118462207E-017  -5.0629071262387126E-006  -4.6279475396900432E-018   3.9722078365475239E-005   5.6710460734120503E-006   1.1176381440894376E-018   1.1215566254829105E-006  -1.5441290044144720E-018   1.3736454510421175E-005   1.3265121087226277E-017  -3.9845637829402070E-005  -2.1504425687952742E-017   3.0601937051730357E-018   1.4443861316678574E-018  -1.0142676309001023E-017   1.1331903702143402E-018  -1.5147203060345332E-017  -4.5157417358886139E-017   6.5072442322329700E-004  -9.8578188951917081E-017   7.3540415293504131E-004   7.6970935553606958E-018  -9.7751296503498858E-019   9.7372436535028913E-022   2.7512944227025299E-018  -2.2065596769251104E-019   3.2455527055329190E-018  -1.0347508150487120E-018  -3.2169357516055957E-021  -5.0237357111934878E-019  -4.2315084584531281E-020   1.6016352723050815E-018  -5.0972823904402834E-019   1.5331571553017366E-018  -5.0791804704067450E-019   3.4239282771335168E-018  -1.8938398330195855E-006  -4.5056353263553092E-019   6.3699453392096915E-006   1.8475552355625017E-007  -3.3743546089750021E-019   2.3560972394285712E-006   1.4450100373212528E-019   3.6518135680968392E-006   3.1072515328102167E-018  -7.4697780568015050E-006   5.8242498507859680E-019  -5.6613024660120924E-019  -2.1684068459522574E-019  -1.1954689118296499E-018  -1.0016772134352052E-019  -5.1822575955808083E-019   2.8662730016135727E-004  -4.6122463568430152E-017   3.4830828708284358E-004   1.2549548782949094E-017  -1.9811162597314540E-015
   1.3483399330965536E-003  -1.7469942188426006E-016  -1.5752915776939289E-003   3.5567262994169259E-017   4.6601042197413697E-018   3.7181191098731611E-018  -1.7048238586705464E-019   1.4677598483105571E-017   1.7397852926812587E-019   1.2565118978015819E-017   1.7309808284699140E-003   2.6848021277802884E-016  -3.0174261103471491E-003  -9.1645630175420817E-017   4.5691398493988939E-005  -3.6199089762245186E-018   5.6710460734120503E-006   3.1897361133051370E-005   1.7072791786855365E-017  -9.3198804944741746E-005   1.1291603726013666E-017  -6.0199617893562980E-005  -2.3546870654501322E-017   4.0643197768865300E-005   5.8285966241812997E-017  -4.8000336051743730E-018  -2.5806591968431824E-019   2.9521426948895398E-017  -9.8680450214135112E-019   3.4881478772154879E-017   8.4775470976819806E-017   1.3377826260178958E-003   1.7171349862539880E-016  -2.2641420290168144E-003  -2.1150616307790621E-017   8.2122296155215077E-019  -3.2835345742903906E-019  -7.9884645369600115E-018   4.0004479368557032E-019  -8.9624503473767204E-018   1.2238112269194603E-018  -5.5291080469169770E-020   7.7790794993488002E-019  -2.7113519922859217E-019  -5.5481183162053877E-018   9.9225996415475807E-019  -4.9714444523998150E-018   9.2639691390991619E-019  -9.7580198654668210E-018   1.4702268460016596E-005  -1.8213979570354870E-018   1.8475552344485242E-007   9.8895619340100385E-006   6.1955660727840904E-018  -2.9614724954215658E-005   7.8503879423876270E-019  -1.9657818466099570E-005  -9.8271821256944981E-018   1.4514364156219048E-005  -2.6359301786972053E-018   1.3936505146804919E-018  -1.2862701940172764E-020   2.1904347676913674E-018  -3.1372843611823939E-019   1.7627248263290138E-018   6.5660198643203971E-004   8.9293456587435226E-017  -1.1319508533188388E-003   6.0898505344205903E-018   1.4725605665120045E-015
   8.0163532727865786E-016   1.3373172227588233E-003  -9.9724007547751880E-016  -1.1037008891217017E-018  -2.6876279040858096E-018   1.8965413745919631E-019  -1.2578477618207882E-019  -2.3114030936402384E-018  -1.2395488543400738E-019  -3.0021224415309750E-018   1.1597909020028763E-015   6.4807220997579844E-004  -2.0937483530871737E-015   2.6588651678045580E-018   3.0904631458209284E-017   4.8939725052453013E-007   1.1176381440894376E-018   1.7072791786855365E-017   1.5738711178545176E-005  -6.2073288663068850E-017   1.5664654502766550E-005  -3.3389362160111208E-017  -2.1505736637770877E-005   2.5128664171747407E-017  -4.4446311993911070E-018  -7.8515020832518441E-019   6.6918539364698573E-019  -6.0617831587693831E-018   4.9217014164814338E-019  -3.0462432924566889E-018  -2.1703622456505160E-018   8.9031718607348878E-016   5.7375016805403102E-004  -1.5560658194828976E-015   8.1317882737675888E-019   2.8892208865370049E-019  -3.5373438257218846E-019   7.2310691494225347E-019  -9.1592202948329112E-020   3.0310062988621642E-019   2.8301764602699568E-019  -1.5932619186204929E-019   1.2996058447524395E-019  -3.4459521796889641E-019   1.6461278802426566E-018  -1.8731948854396339E-019   5.5579075864139792E-019  -1.8825593936920898E-019   2.4984570573288731E-019   7.7415620150235036E-018   7.7203096732230956E-008  -1.4130306670021245E-018   5.0367541318416014E-018   2.4828035722438743E-006  -2.1526103264605600E-017   2.4711210286300570E-006  -1.3593968343572198E-017  -3.3925598571926995E-006   7.3432945713794570E-018   1.9414465070312077E-019   1.1947341549305593E-019  -9.0500561548163422E-020   4.4468184169575323E-019  -7.3324211372694821E-020  -1.4522165333985556E-020   4.3622506160691385E-016   2.5939445741283014E-004  -7.8405899669496059E-016  -2.9255845557635342E-018   4.2339316294307441E-016
  -3.2378733838135023E-003  -5.0295475279805014E-016   5.2668210007989092E-003  -4.2184600831516623E-018  -1.6059842773828038E-017  -1.1726742613416085E-017  -8.8445226668901940E-019  -4.7921441631363949E-017  -6.1563733711391702E-019  -3.8977177341933664E-017  -4.8770726612006061E-003  -1.3302599797238127E-015   9.4718897404771126E-003   3.8111756857089605E-016  -1.3952860904394235E-004   8.4042225334761531E-018   1.1215566254829105E-006  -9.3198804944741746E-005  -6.2073288663068850E-017   2.8039607772153047E-004  -4.5875053488646015E-017   1.8706159680991050E-004   9.2233456121206886E-017  -1.4026344110140885E-004  -1.8581161176765431E-016   1.5813334273756176E-017  -1.4537985550854975E-018  -9.5433312742605469E-017   3.4812982540582470E-018  -1.0858370934824874E-016  -1.4847945230717456E-016  -3.7201018548077020E-003  -9.7313173736145412E-016   7.1354661057478974E-003   6.7056376921935077E-017  -2.9129021465070188E-018   9.0646723920412531E-019   2.5245322700366000E-017  -1.3022020776032622E-018   2.8361517306107158E-017  -4.1480637819063366E-018   1.0131649737072317E-019  -2.5656948060325779E-018   9.2210253743366248E-019   1.7345276178594111E-017  -3.2127721733196952E-018   1.5716706693754154E-017  -3.0141528859023838E-018   3.0840414816271526E-017  -4.5017546929723549E-005   5.2084132809506587E-018   2.3560972398704788E-006  -2.9614724954067800E-005  -2.0544636655283068E-017   9.0012102023645423E-005  -4.0677531713978171E-018   6.0702821992833733E-005   3.3370358577383759E-017  -4.7001343329344920E-005   8.1327489767745735E-018  -4.4439550114812665E-018  -2.1090170667158500E-019  -7.2359593586557653E-018   8.9637729646359631E-019  -5.3695029004433732E-018  -1.8408461375372849E-003  -4.7568630445721175E-016   3.5585096392360210E-003   5.7436171357317440E-017  -1.0561902809878904E-015
   4.9171160450031486E-016   1.3310246320342388E-003  -7.7267498522933841E-016   3.2603803535947322E-017  -2.8233465433522392E-018   1.8876174196432674E-019  -5.7775324635808546E-019  -2.6362584001115084E-018  -1.2337163013105215E-019  -2.5038999984803344E-018   8.2819549413695812E-016   6.4502278153208046E-004  -1.6054788244499232E-015   3.4879341136213977E-017   2.3152629928781818E-017   4.8709444865607375E-007  -1.5441290044144720E-018   1.1291603726013666E-017   1.5664654502766550E-005  -4.5875053488646015E-017   1.5590946292066487E-005  -2.3510245886931888E-017  -2.1404543894127738E-005   1.9744112681477865E-017  -4.5898414004919543E-018  -7.8145577529758062E-019   1.5930587656717793E-019  -6.4091777397771410E-018   4.8985429226296404E-019  -2.4898680554213046E-018   2.8724544023764689E-017   6.2951085488734454E-016   5.7105045333841740E-004  -1.1923778768833289E-015   8.1492453252788881E-019   2.8756259935379543E-019  -3.7238770175836743E-019   7.1920517021921278E-019  -9.1161226485389461E-020   2.9238574550093420E-019   2.8168593939496864E-019  -1.7463204467548932E-019   1.2934907005318595E-019  -3.1068889433026033E-019   1.6261772931753207E-018  -1.8643807846719533E-019   5.7511421369714490E-019  -1.8737012293194353E-019   2.4146876548897984E-019   5.2687749475064389E-018   7.6839826535647194E-008  -1.7083382306132252E-018   3.3123202359647372E-018   2.4711210286679850E-006  -1.6455360643047838E-017   2.4594934559050123E-006  -1.0319958872217596E-017  -3.3765965611798587E-006   5.1411805721359737E-018   1.5971014512347531E-019   1.1891124722672352E-019  -1.9232437811440747E-019   3.6673565736183475E-019  -7.2979192820290898E-020   9.4920933065012671E-020   3.0961146218659789E-016   2.5817390694885174E-004  -6.0138419899894345E-016   2.1198005616133447E-017   1.1602161965892958E-015
