   6.0330025662842152E-002  -9.4463354035221586E-015  -2.4521976841737012E-014   3.0490769856449608E-015   1.9376102495459448E-017  -7.4020416972789605E-016   7.3790818856904791E-017   1.3407916097545627E-016  -1.1800422155921560E-016  -1.5418571665408444E-017  0.14599423674480783        2.4540979568472536E-015  -6.0930779123744378E-015   2.1339346978519423E-014   5.4808080660002023E-014  -1.2844829528599519E-016   3.6898591925495500E-018  -8.0663114980805772E-015   3.9720763079161628E-017  -2.0649760167454677E-014  -2.4873508749514626E-016  -1.0855566745183919E-016  -1.0803008522811268E-016  -1.8771715269590943E-016  -1.7915172249481198E-015   1.4687685348580319E-016  -4.6681490294663058E-017   3.7696083103701166E-018   1.0344724100928991E-016  -3.2236214140417501E-016  0.13576070630636355       -2.8847794747860678E-014  -6.1993267865750807E-014   1.4935100781984434E-016  -1.3072212268852720E-017   2.9268052836829097E-017   8.2179457751780758E-017   5.3224238036777424E-019   9.6970840466039459E-017  -1.3427775432433528E-017  -4.6578653576283794E-018  -1.1973315952979774E-017   1.3801780388202040E-017   1.3254879217339973E-016   6.4815014922958109E-018   3.5112688600482960E-017  -1.7216189597970421E-017   1.1222862729414216E-016  -1.2620349738048974E-015   6.7776894153273926E-014  -3.1766661060278214E-016  -5.2047020164168415E-016  -1.3794072937841101E-014  -1.0120453802839404E-016  -2.8501815212886434E-014   1.5982957473880241E-016   7.9120412023358190E-017   5.9188171042746990E-017   2.1541913226754349E-016  -6.7789599736670436E-015  -1.3079601822163316E-015  -2.3524365010122396E-016   4.8818163247421111E-015  -2.1343978867081642E-016   2.0293617713610477E-015   8.6970975649176413E-002   2.3438583130499740E-014   3.2469096643428305E-014  -1.1246736615064304E-003   2.9266454776882304E-014   6.4058036044494993E-014  -4.7555737629467321E-005  -2.5205211378726878E-015   2.5340481247581169E-015  -4.0799391454310091E-015  -2.6385656695802829E-014  -5.6905605890147815E-014  -8.8746643482187305E-015  -3.7261447329166564E-015   3.9928164690971107E-014  -1.4359532275816804E-015   1.7056758552276842E-014  -2.6136840694697580E-014  -2.6826412211279357E-015
  -9.4463354035221586E-015   6.0330025661209340E-002  -2.1992606340211089E-015  -7.7814883937918789E-015   4.1498704856189341E-016  -1.1839917880669160E-016  -7.0390923034276031E-017   3.6490528523532432E-016   1.1231198877056329E-016   2.1422570574076792E-016   1.3200972344320793E-015  0.14599423674526127        7.2854005335984556E-016  -2.9812828990187343E-014  -4.2486315510130255E-016   3.2288641064412770E-014  -4.7412905506219886E-017  -1.1750594074617678E-016   4.0742574551538482E-017  -3.4783235858800499E-016   6.6136974937567598E-015  -6.7474059291509808E-017  -1.1806850449229429E-014  -8.8292811005434039E-017   2.6478958917369177E-015  -1.6240478091405709E-016   3.3180018315372228E-017   2.4997753777059505E-015  -1.0763900317762992E-016   2.8141649936129493E-015  -2.8416995638607665E-014  0.13576070630077847       -9.5333571889687045E-015  -3.9608902846660031E-016  -8.3528906366523296E-017  -1.0580310357028200E-017  -2.2132671005761753E-016  -1.0192845070432953E-017  -2.2493348046036557E-016  -1.0206844147904465E-016  -1.2328660742130100E-017  -4.8740208989532662E-017  -2.2649173394542693E-017  -3.0805166565207256E-016  -9.6816410908406753E-019  -1.6624806046987974E-016  -3.5267433485113097E-017  -3.7051904907739012E-016  -4.5428592348183016E-015   1.8271266574414572E-017   4.4418770831095952E-014   8.1319794999891355E-017  -3.7716220624414704E-016  -3.6786193046817290E-016   4.0776720054134322E-017  -2.3891588373432318E-015  -5.7007008453038696E-017  -1.3694227348218128E-014   1.6843417640436637E-016  -4.0275001861503471E-016  -3.0393503482217948E-016   7.9058419468127451E-016  -6.4892622177703656E-016   7.3220503591389055E-017   1.5583902476849191E-015   2.0983191234691552E-014   8.6970975654563645E-002   9.6577357531717926E-015   2.0378794327987330E-014  -1.1246736589166136E-003   1.7135476800010713E-014   2.4451645724136600E-015  -4.7555737661320280E-005  -3.4958240190074544E-014  -1.9227116939462456E-014   8.3730374464983006E-015  -5.0170427600992540E-015  -2.8912416892731464E-015   6.2418436134025415E-015  -6.4259145058218387E-015   2.7942362439141629E-016   1.1654453834957048E-014   1.4545814147962735E-014  -1.7799855507780215E-014
  -2.4521976841737012E-014  -2.1992606340211089E-015   6.0330025660683503E-002   1.2661806498056745E-014   2.8882792369942877E-016  -1.9355182748106796E-016  -2.0060115270575904E-016  -3.0653480473345583E-016   1.2676672057262332E-016   6.6470360405957049E-016  -1.8701092358991367E-017   2.0982102822650742E-015  0.14599423674540671        5.7793067295467116E-014   1.4073506619516036E-016   2.7283604057353543E-017   3.3316757830208627E-014  -4.0357815537759718E-018   4.1498445334690927E-017   1.1697416462286354E-016   6.9422051829070758E-017   6.5433496377473810E-016  -1.2034016084131764E-016  -2.8841885409148163E-014  -5.6335775416265207E-015  -5.0670600546590636E-018   2.9419977559935048E-017  -3.0887938403406127E-015  -2.4190614338341814E-016  -5.2308058892285692E-015  -6.0388561854473214E-014  -8.0119149968339142E-015  0.13576070629907844        1.5332016170758416E-015   9.4511826955473745E-017   5.1223488811142560E-017   6.3671475848702008E-016   1.2619188604219411E-017   7.6739178020247901E-016   3.0755442402006460E-017  -1.3176491971195578E-017   1.2706178720694127E-017   8.6672133154460513E-017   5.0924945356691716E-016   1.1647240372458881E-017   3.8198175259636239E-016   7.9610664054584402E-017   1.0025319993649985E-015   1.2734505403435318E-014   3.4573531464289754E-016  -5.0825926378165096E-017   4.1507360123487832E-014   2.0158769790467853E-016  -2.9116111475942708E-016  -4.7722458914610693E-016  -8.6719733542051168E-017  -1.5561087573290175E-015  -1.1444920796314464E-016  -3.5173819617899383E-014  -6.4365931574075963E-016  -3.6919993737705378E-016  -3.5724267437169923E-016   1.3842576825590389E-015   2.2571608008889655E-016  -1.3801507170814460E-015   3.6713743204680214E-014   1.0727505698314696E-014   8.6970975656180380E-002   6.0455582966454639E-014   1.2492890877401943E-014  -1.1246736581245359E-003   7.7054922346704795E-015   1.2582899787738729E-014  -4.7555737737644338E-005   3.7486869998383367E-014  -8.1976813196431604E-015  -5.0714049271871960E-015  -2.1085570695540812E-015  -2.0441058998615923E-015   1.6693633731435597E-014   8.4330741774612989E-016  -1.1578496078474457E-014  -5.1863429120069277E-016  -1.3464750205007358E-014
   3.0490769856449608E-015  -7.7814883937918789E-015   1.2661806498056745E-014  0.12447690202714295        3.8595651340543282E-012  -6.9354076456829232E-015   5.7855890160589694E-016  -1.1937801815604616E-012   1.1118542977546382E-014  -2.6534068709927222E-012   1.2546584181560257E-014   9.2723749299326434E-015  -2.4574378666176207E-014  0.33743496346847185        5.1807939019365386E-016   1.4778012663149376E-016   3.5091939272860957E-016   1.3238372880204085E-016  -3.4482963034728388E-016   4.3004421952545551E-016   8.0165978503871010E-017   1.8160649266014724E-016   3.8297849218630777E-016  -8.3246631747408737E-016  -4.3343679302087206E-012   5.5796106684067611E-015  -3.5643061227820999E-015   1.1633105134798123E-012  -1.3714832357140106E-014   2.7814134101975132E-012  -1.4259110668492529E-014  -1.1583166344341681E-014   1.4074412828075291E-014   1.7316920290197534E-014  -1.0556031213717307E-016  -1.8839331104528600E-016   2.1534249103636976E-014   5.2094744332367389E-017   2.5422987643235231E-014   1.7135992341171722E-016   7.3410182881989609E-017  -4.3264727422826396E-017   7.8045818256412253E-017   3.2641313600426790E-014  -2.7333748561587266E-016   1.6472410411944218E-014   3.8657999001621466E-016   2.6010642111763758E-014  0.17065767256169889        9.4418764483575432E-016   3.5654387842542960E-016  -4.1703626569287576E-016   2.0159114860409646E-016   4.3235538531642405E-017   1.3921824101091405E-016  -3.8118309918183868E-016   5.5084193142170497E-017   4.0777463514767454E-016   7.4828560845877479E-017  -1.9996490397895981E-012   2.7233959888819659E-015   4.0390906032211066E-015   6.5928835507620958E-013   1.5854467933856012E-015   1.4401891964671285E-012   2.0455243633799863E-014   6.5542518945605256E-015  -1.4376306935563058E-014   3.2213102789073537E-014   2.1554985944989484E-014  -2.9422645748557490E-014  -7.9472794035013695E-015   4.3644376951263282E-015   5.3740331566990302E-015  0.32942990365985725        3.9737649797900211E-003  -2.2834450877472360E-011   8.4319406045550795E-015  -1.8611380902261276E-014   6.6202417237702735E-012  -4.3298445086169257E-014   1.6254200752128664E-011  -5.9573151809058997E-005   2.9917400722431269E-005
   1.9376102495459448E-017   4.1498704856189341E-016   2.8882792369942877E-016   3.8595651340543282E-012   1.1801448270285681E-007   1.3295861277542024E-018   2.2382466260879408E-018  -5.9007241366592353E-008  -4.1092905564488856E-019  -5.9007241328703220E-008   1.2045080729742374E-016   1.0104562703862787E-015   7.0696683956817045E-016   1.0508400901637317E-011   4.8067130213913767E-019  -7.2491660105531329E-020  -5.9473246226290509E-020  -8.6205805832096446E-019   1.3517353987829991E-019  -9.0672394370212682E-019   4.3162031732481515E-020  -1.8774723098596585E-019  -4.3222155670145473E-020  -7.6100997739502397E-020   8.1592691150871256E-006   9.9917966806387948E-017   1.6259576421144282E-016  -4.0796345582249805E-006  -2.2038420649644182E-017  -4.0796345568302976E-006   1.5339448335474099E-017   9.3477224427605840E-016   6.5391095613459876E-016   3.4903097632361809E-018  -8.6112069207752145E-020   4.8620201990834561E-020  -1.1021646747748865E-018  -1.7134113401725798E-019  -3.2330369719170823E-018  -1.0313974986692061E-019  -1.2991032290853933E-020   1.1126648399480248E-020   1.2971267776810623E-019  -4.9324657284270766E-019   1.4018284850443276E-019  -8.3494605081820209E-020  -2.5529751362376021E-020   1.4035396961603530E-019   5.2443497137700956E-012  -9.0243472309079886E-019   1.4267014237427044E-019  -3.0518375165521147E-020   3.3929327653281979E-019  -7.8052293810188164E-020   4.7393180475637256E-019   5.1961016891315405E-020  -2.6420787824225527E-019   1.6209095293398530E-019  -9.0890366371087203E-020   5.4776134631956136E-005   6.7302591845466789E-016   1.0935711164345208E-015  -2.7388067320890605E-005  -1.5120056773706569E-016  -2.7388067311053530E-005   1.5047364882350206E-016   6.0380981653069956E-016   4.1682935681115781E-016  -1.6257731585836888E-015   4.1572655606950363E-016   1.6635438039474161E-015   8.1960145938477485E-016   9.6618257982450190E-016  -2.1430533195265105E-015   1.0210411815190677E-011  -1.2294748314073250E-012   4.5666297590338543E-004   5.5985813408725820E-015   9.1039503744539030E-015  -2.2833148799203076E-004  -1.2575805787076714E-015  -2.2833148791130724E-004  -4.8959599850213221E-014  -4.4281135667821088E-015
  -7.4020416972789605E-016  -1.1839917880669160E-016  -1.9355182748106796E-016  -6.9354076456829232E-015   1.3295861277542024E-018   1.1801448305857832E-007  -4.9148451549585078E-020   2.4464727785993238E-018  -2.2459971084063446E-018   3.9149295446759503E-018  -1.7751665516670375E-015  -2.8393971506797416E-016  -4.7065255431162903E-016  -1.8836051911062341E-014   3.6976773029991937E-019  -1.5801879525516534E-019  -4.9079260009815600E-020   2.3801125655789262E-019   7.0946048109465880E-020  -2.8799401068640831E-020   1.6340785900325621E-019  -1.1772205257632601E-019  -2.2387853683153002E-019   3.1421147471579104E-019  -6.2506414106966024E-018   8.1592691270022060E-006  -1.4230561210345549E-017   4.7330161944200221E-017  -1.7659311599535858E-017  -4.0488870129745333E-017  -1.6657328041342865E-015  -2.6616879065760107E-016  -4.3777247203636708E-016   4.0838708259694727E-019   2.4208079819657318E-020   1.3745112803560233E-019   1.5372228622920655E-019   6.7660188844893472E-020   6.4899596179587504E-019  -3.3981008529482040E-018   1.5500614982138516E-019  -2.7011087474893182E-018   2.9793801309076120E-019  -1.9156969545898189E-020   1.3689463904101842E-019   4.0445427441204767E-019   5.2341857191511811E-019   1.7642486147941673E-018  -9.4926859171808935E-015   1.7359169600537760E-019   1.7794505678611805E-019   9.8233593844036242E-020  -2.6484300544466793E-020  -8.8209246941153344E-021   3.2872646803855957E-019  -3.4819730911953998E-019   2.5390496297843880E-019   3.7536508684721151E-020   3.4285706623378150E-019  -5.4638722209295624E-017   5.4776134715265390E-005  -8.0311045909673451E-017   3.0260339887261759E-016  -1.3366786975559095E-016  -2.5027416742444607E-016  -1.0522238161416404E-015  -1.6681696760045529E-016  -2.7440084655501679E-016   3.0476091287648852E-015  -3.9639457594251803E-016  -2.5335907752773423E-015  -6.9937894123086542E-016  -3.0236304671569284E-015  -9.8026896760709402E-016  -1.8301077872165579E-014  -5.5228623935392266E-016  -4.5540449800257021E-016   4.5666297659126991E-004  -6.7789091001592966E-016   2.5340351031443812E-015  -1.1026693171506815E-015  -2.0787174458717860E-015   3.1411884850171064E-015   9.6721036701802820E-016
   7.3790818856904791E-017  -7.0390923034276031E-017  -2.0060115270575904E-016   5.7855890160589694E-016   2.2382466260879408E-018  -4.9148451549585078E-020   1.1801448309805819E-007   9.9758964364239178E-019   9.4257399351678101E-019   1.5085506776926157E-018   1.8395047912579036E-016  -1.7642520514041077E-016  -4.8067855425102185E-016   1.5088048346351247E-015  -2.0704893090237240E-020  -1.4791049099238321E-019   1.3363292462104774E-019   5.0951722213873283E-020   2.0697371036395010E-019  -1.2394013041946657E-019  -3.2014327056845606E-019  -1.5322981572465689E-019  -1.2135517887447986E-019   1.8630180328233041E-019   8.0235784080010027E-018   9.3155783980385960E-018   8.1592691283240771E-006   4.9442442082359022E-017   7.9816006281664852E-017  -6.6609833337586327E-018   1.6634702633021473E-016  -1.6084632129180424E-016  -4.5039105655629962E-016  -3.0893489806921954E-018  -3.3036698801818163E-019   1.8561516934252215E-018  -1.7849827476964203E-018   5.4565764510076062E-020  -1.6958923676399703E-018  -3.0141178834299374E-019  -8.4917016683090952E-019  -3.0788745825657962E-019  -3.6394893136740227E-018  -2.4435443570577811E-018   1.3158434246729127E-019  -1.6653080485434847E-018   1.4900901366789367E-019  -2.9873880148511702E-018   8.7767688188770063E-016  -8.9238019734376405E-020  -1.1761730269075462E-019  -3.8287174889496709E-019   7.5987374511095096E-020  -6.1681468168744108E-020  -6.9203600579949437E-020  -2.5124553598854289E-019  -3.7927081369387607E-020  -4.1586070882768274E-020   1.1125276232802774E-019  -5.1681149069036451E-017   5.8679573096247661E-017   5.4776134724465550E-005   2.1688498644487330E-016   5.3290326010690105E-016  -1.6688696835526090E-016   1.1204706468580856E-016  -1.0344619738389160E-016  -2.8636387266841764E-016   7.0489335238517448E-016  -4.5457210328720777E-016   1.3979759054842817E-015   2.3011642331240199E-015  -2.2020382903805430E-015   1.4163147474928703E-015   1.5873454429652002E-015   1.4223075610515227E-015  -4.4551811803579278E-016   4.8862422360070025E-016   4.5666297666765288E-004   1.8178059863924635E-015   4.4505897357003740E-015  -1.3728750143902942E-015   2.1920034435075433E-015  -7.3985551014257091E-016
   1.3407916097545627E-016   3.6490528523532432E-016  -3.0653480473345583E-016  -1.1937801815604616E-012  -5.9007241366592353E-008   2.4464727785993238E-018   9.9758964364239178E-019   1.1801448306750831E-007   6.5455580922991036E-019  -5.9007241707945877E-008   2.6519501045807216E-016   8.8837902602115010E-016  -7.5624027963713531E-016  -3.2499581938216182E-012  -3.5284082700448759E-019   2.4198096571557203E-019   4.9376269994366895E-019   7.2131322796601160E-019  -6.2670935610202760E-020   3.4701235711291942E-019  -3.0208091463135755E-019   7.0568899008915084E-019  -6.9183137651886023E-019   8.6459565181690231E-019  -4.0796345578501320E-006   1.2394874318811159E-016   3.6092522656015018E-017   8.1592691272850066E-006   9.8603994807344745E-017  -4.0796345694678064E-006   3.1942872212145945E-016   8.2414649807314524E-016  -6.9652315196399273E-016  -3.0971042100908659E-018  -1.8174332037798832E-019  -2.0430811073421226E-019   2.7360913357352621E-018   1.4254876752761554E-019  -2.3442009303353373E-020  -3.0219433519991436E-019  -4.8103889091806308E-020  -2.0167933780368311E-019  -1.4951406484768450E-019   6.5707548179396937E-019   2.0889359882776739E-021  -7.9383738830391510E-019   2.1181391450647450E-019  -1.9132881163626170E-018  -1.6215016909503213E-012   5.3332324409665494E-019  -4.6588859526762085E-019   3.3222973884365615E-019  -4.1047165548161315E-019  -2.4798162081570288E-020  -1.6814061983846819E-019   5.7734169988374160E-020  -6.3057107665017420E-019   3.8521074951294395E-019  -8.4619317067990325E-020  -2.7388067318248079E-005   8.3135704247983100E-016   2.4443092909900586E-016   5.4776134717238448E-005   6.5476002752901983E-016  -2.7388067399003468E-005   1.0698100400586290E-016   5.2728445730147225E-016  -4.4879743955619522E-016  -2.8091238645401322E-015  -2.6759857401367889E-016   7.3911838005690001E-016   1.0674584135920025E-015   4.4099591865645980E-015  -1.4957078144147833E-014  -3.1594128402231325E-012   4.0202174573800005E-013  -2.2833148796995486E-004   6.9328240260531346E-015   2.0432764549074704E-015   4.5666297660857844E-004   5.4645939881226609E-015  -2.2833148863870108E-004   2.0164792334819735E-014  -1.2839147566264793E-014
  -1.1800422155921560E-016   1.1231198877056329E-016   1.2676672057262332E-016   1.1118542977546382E-014  -4.1092905564488856E-019  -2.2459971084063446E-018   9.4257399351678101E-019   6.5455580922991036E-019   1.1801448324268543E-007   2.1376189074780894E-018  -2.8402237197802138E-016   2.7383256702236147E-016   3.0038871742618167E-016   3.0215020930111736E-014   2.4931177763886686E-020  -2.3300151124175253E-019   1.9952371960841693E-020   1.0625353668925310E-019  -1.0640322816092732E-019  -1.1116049220261419E-019  -1.5771223697608282E-019   2.2401585163790930E-019  -6.7740202942845440E-020   2.7928918323532696E-019  -3.5670770709147687E-018  -1.3621660698918228E-016  -1.6551305444610802E-017  -5.1509750019634686E-017   8.1592691331831020E-006   5.9731645673295074E-017  -2.6617482809549198E-016   2.5538574110286026E-016   2.8519818659871385E-016   1.0402945146101779E-019   2.9954204693262631E-019   2.7445991823765318E-019   3.3101620003784265E-019   7.8580360253537761E-019   2.9337905095328551E-019   3.6227185429257698E-019   9.7997284776301889E-020   4.2151119471653663E-021   5.0927627238819972E-020   2.8944119332587274E-019  -6.2517089894788674E-019   9.7531364480566713E-020  -3.0727617193130767E-018   4.5145682922505544E-019   1.5139351533108930E-014   4.4551387419209284E-020  -5.0858000708329845E-020   2.3321754827425799E-019  -1.7812126850088604E-019   8.2335019065775256E-021   9.7386652787387234E-020  -2.7307402089742381E-019   6.6746430908931667E-020  -2.1791176416523810E-019   2.3458018354850037E-019  -3.7041143656666764E-017  -9.1010626388182220E-016  -9.5777643773220139E-017  -3.4808696627434864E-016   5.4776134758186406E-005   3.9390351934423078E-016  -1.6758928520823052E-016   1.6090234863019891E-016   1.7868033849617157E-016  -2.3162284172557070E-016   1.5458233893156873E-015  -2.0633384277225550E-015  -7.5263138029097432E-017   7.1212966876738911E-015   2.4990821911223297E-015   2.9465043657476061E-014  -2.8577683463764927E-015  -3.3164961612098939E-016  -7.5884322256627786E-015  -8.0219447898685500E-016  -2.9310145027187502E-015   4.5666297694741819E-004   3.2643025799999485E-015   1.3624915432329402E-015   1.2898897181759672E-015
  -1.5418571665408444E-017   2.1422570574076792E-016   6.6470360405957049E-016  -2.6534068709927222E-012  -5.9007241328703220E-008   3.9149295446759503E-018   1.5085506776926157E-018  -5.9007241707945877E-008   2.1376189074780894E-018   1.1801448303611778E-007  -6.8094979587718837E-017   5.0497271175009246E-016   1.6121566116754902E-015  -7.2250125965720888E-012  -1.2783047880882447E-019  -1.6948930551809456E-019  -4.3428945401336287E-019   1.4074483186213679E-019  -7.2502604283101518E-020   5.5971158904807062E-019   2.5891888300998694E-019  -5.1794175918436055E-019   7.3505353213027926E-019  -7.8849465415237248E-019  -4.0796345567142261E-006   3.0787179378361024E-016   1.2932848670906626E-016  -4.0796345695460595E-006   8.8068661526481438E-017   8.1592691262613706E-006  -2.9358397023139921E-017   4.7735181329656820E-016   1.4973648550201754E-015  -3.9320555098611242E-019   2.6785538959353627E-019   1.5568790884690660E-019  -1.6339266588766870E-018   2.8792366505322066E-020   3.2564789838247452E-018   4.0533408484166183E-019   6.1094921361277657E-020   1.9055268921074014E-019   1.9801386945341937E-020  -1.6382890552890558E-019  -1.4227178447121999E-019   8.7733199516073559E-019  -1.8628416318262435E-019   1.7729341497013802E-018  -3.6055312325868107E-012   3.6911148181548054E-019   3.2321845396688466E-019  -3.0171136278590351E-019   7.1178377179552715E-020   1.0285045588256641E-019  -3.0579118756615936E-019  -1.0969518721737110E-019   8.9477895485746175E-019  -5.4730170283283732E-019   1.7550968263574036E-019  -2.7388067310198521E-005   2.0653705871996682E-015   8.6409359419275089E-016  -2.7388067399610770E-005   6.0168990854956251E-016   5.4776134709810390E-005  -5.8231609278934496E-017   3.0205647980696008E-016   9.6473465979836217E-016  -3.9595747456013602E-015  -1.2014065144503327E-015  -3.9543902060798787E-015   1.5217639671097684E-015  -6.4527028875781532E-015   1.5468944250778235E-014  -7.0182897992752261E-012   8.3876219422340036E-013  -2.2833148790417195E-004   1.7229261208521903E-014   7.2114170583798127E-015  -2.2833148864375035E-004   5.0073364152512661E-015   4.5666297654795241E-004   3.2201297312560749E-014   4.1935549324604567E-015
  0.14599423674480783        1.3200972344320793E-015  -1.8701092358991367E-017   1.2546584181560257E-014   1.2045080729742374E-016  -1.7751665516670375E-015   1.8395047912579036E-016   2.6519501045807216E-016  -2.8402237197802138E-016  -6.8094979587718837E-017  0.35330276142055073        6.4554616353406103E-014   1.2872921647506909E-013   6.4887047487274127E-014   1.3441585264004136E-013  -3.1535428658255305E-016   7.1053616603123180E-018  -2.0244400565358654E-014   9.7219189883529830E-017  -5.1145598887733859E-014  -6.0110216845762542E-016  -2.6079938265685215E-016  -2.5773792171578199E-016  -4.5359893482147576E-016   9.8547230922288543E-016   1.0560648895726827E-015   1.8125171921953625E-016  -3.7178832945467779E-015   3.8967307794244340E-016  -2.3724342664634480E-015  0.32853347714834985       -1.5343599608652983E-014  -1.6511015592882819E-014   3.6138076400719087E-016  -3.3061470539333152E-017   7.0849888421188319E-017   1.9722045983092213E-016   1.4447198141698484E-018   2.3273332565269684E-016  -3.1369269117791958E-017  -1.1236331630732576E-017  -2.8173363828511180E-017   3.3350984933211576E-017   3.1822867575471554E-016   1.5884178261930967E-017   8.7842250008308655E-017  -4.2077669445432243E-017   2.6921336123682728E-016   6.0403002800148573E-015   1.6279939536670353E-013  -7.6493582643218991E-016  -1.2565815590290819E-015  -3.2564156507138038E-014  -2.4638909755193940E-016  -6.7759071204723809E-014   3.8462134367765148E-016   1.9181135670560371E-016   1.4196329595822324E-016   5.1884573057096640E-016   1.9329624984861449E-014   1.5661837684180572E-015   1.4046965996413226E-015  -1.3209516496584456E-014   4.0389044374395817E-016  -5.7991516947325147E-015  0.21046326225607256        9.1577444097730443E-014   1.6401775024314976E-013   1.1224888805327715E-003   8.3577688423863063E-014   1.2032506740324938E-013  -3.1327205846848756E-004   2.3316186407211682E-014   1.7465931996332037E-014   3.4023097073080460E-015   2.0712234264093891E-015   1.6020818817371379E-013   1.7956209422554143E-014   7.4707745197774100E-015  -1.1199976844388349E-013   4.2100158938400570E-015  -4.8017981435978126E-014   5.8675888301997769E-014   5.2217634567063685E-015
   2.4540979568472536E-015  0.14599423674526127        2.0982102822650742E-015   9.2723749299326434E-015   1.0104562703862787E-015  -2.8393971506797416E-016  -1.7642520514041077E-016   8.8837902602115010E-016   2.7383256702236147E-016   5.0497271175009246E-016   6.4554616353406103E-014  0.35330276143237133        1.9669598638256910E-014   4.2320334550939269E-015  -1.0246954783374187E-015   7.9697723912661861E-014  -1.1469807223918920E-016  -2.9274404709548900E-016   9.6888687009343798E-017  -8.3753074210725277E-016   1.6071366023197968E-014  -1.6147086134139013E-016  -2.8988496589090726E-014  -2.0878972747504393E-016   6.7935987668382345E-015  -1.8065736764355902E-016  -2.9241535071984502E-016   6.4912303593332480E-015  -2.8124180440570580E-016   6.0059154473995417E-015  -1.1740539470464481E-014  0.32853347714477721       -6.3818043187937028E-015  -9.5854663177918306E-016  -2.0171137257639134E-016  -2.7078704765985666E-017  -5.3584018144150911E-016  -2.4735586465141260E-017  -5.4557400313859442E-016  -2.4657367946556060E-016  -2.9403103102105731E-017  -1.1600565893430214E-016  -5.5047413752462404E-017  -7.4659825576846694E-016  -2.2902067869267232E-018  -4.0645708101790232E-016  -8.4088392698865260E-017  -8.9739790908418271E-016   2.6658985059255154E-014   4.1533098215258664E-017   1.0645694183369761E-013   1.9781310016011859E-016  -9.0708434731310933E-016  -8.8834313852195292E-016   9.5331074884800304E-017  -4.9881573555660983E-015  -1.3828602417532930E-016  -3.2391907004583104E-014   4.0912568668189015E-016   1.5808603408739571E-015   6.7954650593578606E-016  -6.0572426948897416E-016   1.3390344985833367E-015   7.3179986637382082E-017  -1.7000292865998831E-015   8.7231170549269903E-014  0.21046326227545922        3.4097899722447893E-014   9.0934240512985459E-014   1.1224889035574134E-003   1.9587907042725287E-014   1.0747537820746322E-014  -3.1327205498691614E-004   9.7416303810038772E-014   2.7928262863885109E-014  -6.9706532269504799E-015   9.1678590811089925E-015   4.8062409224711253E-015  -5.8892134344912615E-015   8.7215583792608247E-015  -2.1178245600804932E-016  -1.7375093392554305E-014  -1.7980276536533973E-014   5.1027612958050439E-014
  -6.0930779123744378E-015   7.2854005335984556E-016  0.14599423674540671       -2.4574378666176207E-014   7.0696683956817045E-016  -4.7065255431162903E-016  -4.8067855425102185E-016  -7.5624027963713531E-016   3.0038871742618167E-016   1.6121566116754902E-015   1.2872921647506909E-013   1.9669598638256910E-014  0.35330276143617406       -9.7848146437956781E-015   3.3882107272162362E-016   6.7377548633306772E-017   8.2300944822287637E-014  -3.5112349903966655E-018   9.7166718977307357E-017   2.7307831970491982E-016   1.6821764916693230E-016   1.7254444848579168E-015  -2.8829048626234228E-016  -7.0488640959872624E-014  -1.3369399323847472E-014   1.6304320273170698E-016   2.2087689452050640E-016  -8.7229889973714819E-015  -7.2991963623525235E-016  -1.1809678069732108E-014  -2.6288247429189874E-014  -5.7618018092070168E-015  0.32853347714386405        3.7174864092374297E-015   2.3011981970835123E-016   1.2436162514486071E-016   1.5459869186768340E-015   3.0288124080400838E-017   1.8642548929629755E-015   7.5554842703228571E-017  -3.0448591201749706E-017   3.1884125443647709E-017   2.0814974369371678E-016   1.2358955130071526E-015   3.1878155136159339E-017   9.2989857433457713E-016   1.9104824592159643E-016   2.4303621671102608E-015  -4.4282741549345752E-014   8.3501745647913872E-016  -1.2340406955987601E-016   9.9193138716364242E-014   4.8077764726654522E-016  -7.0093172393174726E-016  -1.1455905924158824E-015  -2.0961513673939270E-016  -3.6324256600611057E-015  -2.7730255236678774E-016  -8.3916035807071057E-014   5.7335737359919799E-016   2.7282744852637332E-016   1.6754076675374953E-016  -4.7000684228056818E-015  -4.6731877338389566E-016   2.5634835701780713E-015   1.6550561458756848E-013   3.4595370813630159E-014  0.21046326228141471        1.3580695772964046E-013   3.2673795013393570E-014   1.1224889105537178E-003   6.6728498022367437E-015  -1.9565000438649757E-014  -3.1327205375752655E-004  -5.5592239359767204E-014  -7.1146585761605806E-016   5.5206240057915953E-015   4.6546228368529224E-015   3.6574089278162782E-015  -2.6720300391258741E-014  -6.3589625740615291E-015   2.1313630660887748E-014  -1.6782984162151250E-015   3.0425866872597382E-014
   2.1339346978519423E-014  -2.9812828990187343E-014   5.7793067295467116E-014  0.33743496346847185        1.0508400901637317E-011  -1.8836051911062341E-014   1.5088048346351247E-015  -3.2499581938216182E-012   3.0215020930111736E-014  -7.2250125965720888E-012   6.4887047487274127E-014   4.2320334550939269E-015  -9.7848146437956781E-015  0.91498684789431650        1.4571636413255129E-015   4.0417374411874981E-016   9.5086182266604802E-016   3.9405713956382205E-016  -9.3107166250954468E-016   1.2026677562982801E-015   2.1386842322124781E-016   4.9751728502627069E-016   1.0304624848517465E-015  -2.3034428705749779E-015  -9.6715437881785761E-012   1.2287337771696433E-014  -1.2697868396970690E-014   2.5543317175995094E-012  -3.4669775734896201E-014   6.0637398024747976E-012  -9.1329458902424589E-015  -5.0888270044435166E-014   9.1025110207022460E-014   4.6449574343799228E-014  -2.9184731703049537E-016  -5.2168673149750767E-016   5.8066807885470945E-014   1.4410467595685804E-016   6.8534811618160036E-014   4.7177772917937261E-016   1.9394762682425010E-016  -1.2111041051810482E-016   2.0994513036258804E-016   8.7902680709583798E-014  -7.5212081020028314E-016   4.4388719209560784E-014   1.0590924506415350E-015   6.9938962860829633E-014  0.46190971497291933        2.6280325860340970E-015   9.6997067085937732E-016  -1.1499391146311725E-015   5.6355914116730745E-016   1.1527019440958900E-016   3.9966809665943295E-016  -1.0357068587904571E-015   1.3080539272580361E-016   1.1135845792013937E-015   2.0777468913460821E-016   8.6766245478982415E-012  -1.1704600411533800E-014  -9.9282533466210237E-015  -2.3006967332999971E-012   2.1343596896480535E-014  -6.1154289074935044E-012   7.3272370950091745E-014   5.1643151900889515E-015  -5.3424216019083384E-015   6.4960777473118319E-014   3.4055989481156256E-015   6.7292076755416625E-014   2.9469929965683944E-014   8.7403168693274424E-016  -1.8940889873248433E-014  0.89312921368803344       -1.1560086847040147E-002   5.5446234838842990E-011  -1.3583147163128068E-013  -2.2349824494904321E-013  -1.6024516889166270E-011   2.4805426272968189E-014  -3.9310518317812711E-011   6.5577705789872528E-004  -4.9830708279014807E-005
   5.4808080660002023E-014  -4.2486315510130255E-016   1.4073506619516036E-016   5.1807939019365386E-016   4.8067130213913767E-019   3.6976773029991937E-019  -2.0704893090237240E-020  -3.5284082700448759E-019   2.4931177763886686E-020  -1.2783047880882447E-019   1.3441585264004136E-013  -1.0246954783374187E-015   3.3882107272162362E-016   1.4571636413255129E-015   4.8090257235263638E-025  -6.9155613920871598E-028  -7.5637990648237428E-028  -1.8241544656454848E-025   2.9100775523932972E-028  -3.0253435611364603E-025  -7.5136491317652821E-029   3.4411666439288495E-028   6.7499607145497916E-028   7.3988282532913190E-029   3.3232585250714943E-017   2.5564950521445799E-017  -1.4314920839659379E-018  -2.4394660175586386E-017   1.7236883557663844E-018  -8.8379250776151739E-018   1.2395061393605311E-013  -9.5483364978405437E-016   3.1624448354737759E-016   1.2410111451512711E-028  -3.7086270226316855E-028   3.9646289760544856E-029  -2.7205214487574963E-028   2.8952291339147462E-029  -3.3844234842691532E-028   2.5674866929780134E-028  -2.1469466884502356E-032   1.5976040572895697E-028  -1.2244741628187649E-030  -4.7443677629906979E-028   5.3370145451052936E-029   7.7181413897719525E-028  -1.0746641713925632E-028  -4.5897091552223130E-028   5.6637919724377008E-016  -2.3182940817847579E-025  -2.0160846886722350E-028   5.9319134837776783E-028   1.8484642346679937E-025  -4.4037091990883483E-028   2.6728986117674205E-025   2.9952385337934306E-029   9.4101932484436874E-029   2.0083632932667323E-028  -7.3269960941694324E-028   2.2310240530232954E-016   1.7162679058484644E-016  -9.6101258594319607E-018  -1.6377020681552428E-016   1.1571745469115909E-017  -5.9332198487781938E-017   7.8981222154448151E-014  -6.1253792885212511E-016   2.0289778520868569E-016   9.2683488011877537E-013   1.8161796056226273E-015  -8.5359408050698314E-016   1.3254313709349731E-014   3.8129532919363181E-016   1.1077410782419439E-015   1.3918734249900837E-015  -4.4785367618832707E-015   1.8599817058593677E-015   1.4308348235715071E-015  -8.0118626531318827E-017  -1.3653352962817679E-015   9.6472446584545330E-017  -4.9464640957687603E-016   1.2288287720216477E-015   6.0941006080420579E-016
  -1.2844829528599519E-016   3.2288641064412770E-014   2.7283604057353543E-017   1.4778012663149376E-016  -7.2491660105531329E-020  -1.5801879525516534E-019  -1.4791049099238321E-019   2.4198096571557203E-019  -2.3300151124175253E-019  -1.6948930551809456E-019  -3.1535428658255305E-016   7.9697723912661861E-014   6.7377548633306772E-017   4.0417374411874981E-016  -6.9155613920871598E-028   3.4696381686322273E-025   3.3928293225382282E-028  -1.3779635342761724E-027  -3.4308726154712680E-028   1.4525266766792059E-027   1.7681071615831390E-026   2.7486383347064171E-028  -9.4228307408213595E-026   7.0805019338332661E-028  -5.0119188142074290E-018  -1.0925081754546356E-017  -1.0226215201017438E-017   1.6730046883839418E-017  -1.6109226531930597E-017  -1.1718128061045831E-017  -2.9056632115420140E-016   7.3196804256152275E-014   6.1933976274995170E-017  -1.7048842137844224E-028   8.2490241426487028E-029  -3.0116482497617159E-028  -1.7401432286148028E-028  -2.3248666598844432E-029  -3.2008196754827749E-028   5.5052191529054068E-029   1.0503480715668751E-028   4.1002758427720528E-028  -5.2677777835994109E-029  -3.8886543872871723E-028   7.1158035898020023E-029  -9.6722220309455910E-028   2.0407696073971227E-028  -3.5641946447126890E-028   1.9204444895649807E-016   3.6103298858855055E-029  -1.9437569516218093E-025  -7.3085014321462582E-029   5.1652217857366810E-028   2.0035410681972808E-028  -1.3498343685385130E-027   1.6627054208417434E-025  -7.1558186788464257E-029   1.5038057774124572E-025   5.2640520791750617E-028  -3.3646829845911195E-017  -7.3344038622207306E-017  -6.8652293825685322E-017   1.1231487617357804E-016  -1.0814708387236189E-016  -7.8668046328803444E-017  -1.8509841343578367E-016   4.6521280631891384E-014   3.9303424683580568E-017  -2.3318492599212424E-015   8.1089370094054011E-013   7.3005448528736318E-016   2.6893995726600694E-016   1.1951965346415430E-015   5.3195163132025408E-016   3.9257591878482067E-016  -3.3755551016681241E-016  -2.8051014462586346E-016  -6.1146167334487129E-016  -5.7234708164667649E-016   9.3635752021947052E-016  -9.0161106634619220E-016  -6.5584737559342197E-016  -8.5318181360956083E-016   9.9355648223751951E-016
   3.6898591925495500E-018  -4.7412905506219886E-017   3.3316757830208627E-014   3.5091939272860957E-016  -5.9473246226290509E-020  -4.9079260009815600E-020   1.3363292462104774E-019   4.9376269994366895E-019   1.9952371960841693E-020  -4.3428945401336287E-019   7.1053616603123180E-018  -1.1469807223918920E-016   8.2300944822287637E-014   9.5086182266604802E-016  -7.5637990648237428E-028   3.3928293225382282E-028   3.9867249016547797E-025   1.5576383640609704E-027  -7.2332107036454061E-028  -1.8822195111756417E-027   8.8438596703746861E-029   3.2501989451049852E-026   6.5269974721396260E-028  -1.7314274381910265E-025  -4.1118539758107834E-018  -3.3932350544122152E-018   9.2390947581518431E-018   3.4137697958316668E-017   1.3794644079078482E-018  -3.0025844022652424E-017   7.5489138068929110E-018  -1.0655778400685459E-016   7.5550430192373263E-014   2.5742239619564437E-027   3.5021170146688609E-028   8.9530269644995729E-029   1.7011977155735652E-027  -4.1952922429051195E-029   2.0872352953336562E-027   3.1242750609627856E-028   3.3154922876661439E-028   2.6253375265793777E-028  -1.8613296094307268E-028   1.1323121417244174E-027   7.2877032407022965E-028   1.5187474767120028E-027  -2.0326922556839401E-028   1.6793282873025143E-027   4.8197431231243800E-016   1.2901474392253813E-028  -1.7332651738809502E-028  -2.6100859965966227E-025  -1.6808717656271760E-027   6.7419573077207364E-028   1.5101685711299799E-027   4.3291787111413432E-029   2.9379251689664348E-026  -1.7000737538238834E-028   2.5318812252947786E-025  -2.7604367785107483E-017  -2.2780018356079531E-017   6.2025396062154836E-017   2.2917875531081779E-016   9.2608451818948469E-018  -2.0157438752954732E-016   5.3598619744806374E-018  -6.8360819840613591E-017   4.8001479212389492E-014  -9.9602698627886648E-016   6.7163333148783917E-017   8.7090951232329434E-013  -9.3707103106779766E-016   9.0686963322182957E-016   4.0396930986714259E-015   9.2857712621279487E-016   3.3748385206010256E-017  -2.3013476262495550E-016  -1.8991465978573634E-016   5.1709931957055012E-016   1.9106396082197448E-015   7.7206709619516549E-017  -1.6805048455931752E-015  -4.9693890665661406E-016  -7.0430278502271468E-016
  -8.0663114980805772E-015  -1.1750594074617678E-016  -4.0357815537759718E-018   1.3238372880204085E-016  -8.6205805832096446E-019   2.3801125655789262E-019   5.0951722213873283E-020   7.2131322796601160E-019   1.0625353668925310E-019   1.4074483186213679E-019  -2.0244400565358654E-014  -2.9274404709548900E-016  -3.5112349903966655E-018   3.9405713956382205E-016  -1.8241544656454848E-025  -1.3779635342761724E-027   1.5576383640609704E-027   7.2222793729613474E-026  -1.1043961425310592E-028   1.1801997161794920E-025  -1.2512535450464067E-028  -5.6615894324393186E-029   1.4841166535380408E-028  -6.1549682478137873E-028  -5.9600852236298175E-017   1.6455589611783949E-017   3.5226931847515877E-018   4.9870055059526254E-017   7.3461424214376566E-018   9.7307971764481415E-018  -1.8401917186817242E-014  -2.6733043625605107E-016  -7.2157789569121993E-018  -1.1229798605745888E-028   1.4934840086161233E-028  -6.7946992046793059E-030   1.2511435297299714E-028  -8.3296593589097516E-030   1.6416616946742309E-028  -1.1778416758544243E-028  -1.1887128795009391E-030  -7.8446659569560324E-029  -2.7980385486142478E-030   1.8191915477186031E-028  -1.5649076340869778E-029  -3.1634339206690509E-028   3.4563582055671829E-029   1.4870274158142948E-028   8.3380117733722922E-017   1.1012460192319136E-025   7.7057725650643587E-028  -1.2363333191127740E-027  -7.8330856462222738E-026   1.5728194797373545E-028  -1.1525241714394664E-025  -7.1713951511340564E-028   7.3168374215912061E-029  -7.0338921686062239E-028   1.1910773813146446E-027  -4.0012215062877143E-016   1.1047234493002489E-016   2.3649117763455995E-017   3.3479577784243324E-016   4.9317320053309600E-017   6.5326372784367192E-017  -1.1616339635073008E-014  -1.6925592247643777E-016  -5.8961194971913974E-018  -3.7667495316129511E-013  -4.3639999930897196E-015   3.1409779721299978E-015  -6.7741781245935153E-015  -1.4448977481449647E-016  -2.1237565626641598E-015   3.6441054122123640E-016  -3.0932359557158432E-015  -3.3357770361183303E-015   9.2099652757631244E-016   1.9716025177043394E-016   2.7911578145568761E-015   4.1115340266293554E-016   5.4461922156146477E-016  -2.2693482402770219E-015  -1.3606642058501514E-015
