  0.12594615506490728       -3.2777036177171921E-016  -7.7374743782554358E-009   4.3231030478716547E-008  -1.0528553556528407E-010   3.0155943675876056E-017   6.1441000831492979E-010   2.1771452471871484E-010  -2.8843632835593752E-017  -1.1242883762028721E-010  0.10761566737744696       -2.3700092986921232E-016  -1.1271423712701366E-009   1.2514135460258350E-008   1.9053682218083211E-010   2.8404685246646401E-017  -1.5054521007014985E-010  -1.5125024168431455E-010  -3.7047105235068627E-018  -1.0437160792820577E-010   5.3886052119174311E-017   4.0035683114182171E-011   1.9888311456499109E-017   8.2369236051486753E-011   5.3884317652150232E-010   3.8644652246958868E-018  -6.2549410968764428E-011  -2.4131106790555411E-010   2.2787978942653530E-017  -2.9753349984779063E-010   1.7424379052866886E-008   8.5462463616350723E-002  -2.3805413592377317E-016  -1.6391599353423312E-009   2.3818120750847105E-011   3.1525516207925792E-018  -3.2562049977030276E-011  -2.9224350823016425E-011  -6.1146636783033716E-019  -1.2614925116481451E-011   4.3607068695646557E-018   1.2409535684567867E-011   1.5008110227175056E-018   2.3312567729612760E-011   1.3746643371422708E-011  -2.6643098259614708E-018   5.0778080133142343E-012  -1.0243967755873696E-018   4.2921170551008274E-012   2.8651499413642992E-011   9.3678054634373540E-018  -1.6895850482065926E-011  -2.0473095829854246E-011   1.9577924696647151E-018  -1.7967100019496589E-011   2.5935792755997223E-017   4.0294960502828961E-012   1.3764860279026597E-017   9.5899389461583014E-012   2.4100161166861534E-010  -3.8963234171676581E-018  -1.7862910693096257E-011  -1.0506319041736953E-010  -6.3662453769297025E-018  -1.3593697695389032E-010   4.1551258415549436E-002  -6.5258243529374619E-017  -6.6231509134665044E-010   1.9266516258068547E-008   3.7892838948238131E-010
  -3.2777036177171921E-016  0.12594613274845970       -1.3298129648835458E-016  -3.7105764006909878E-016   2.0458840384992583E-016   1.3991162747004410E-009   3.9203140674304093E-017   2.2792164369282944E-016  -4.8509640095065035E-010   2.3373925225975154E-016   1.6525514952405232E-015  0.10761566412653735       -7.7139277622942602E-018  -1.4077364796167025E-015  -8.4922050966464057E-016   1.2393002281600616E-010  -2.9111800549783181E-017  -3.7755425209700539E-016  -6.3939544391946527E-011  -3.6130182241266742E-016  -8.0000974843229921E-011  -2.2097432968758509E-017  -1.6578779546799794E-011  -5.9284272958632187E-017   1.4139962430738442E-016   7.2043842622202045E-010  -7.4808060700241374E-017  -7.3298885686282173E-017  -2.4978767355457902E-010   9.2847159861864676E-017   2.9946390207162055E-017   2.3637573350064150E-016   8.5462458888663578E-002  -1.0138675934354917E-017  -2.5305499673889680E-017   1.7551350781503748E-011   2.6847224943752839E-017   2.0299176905196281E-017  -1.3190307464821619E-011  -1.1997881058912311E-017  -1.6207005535868711E-011   1.2405835730609457E-017  -1.8033988948740382E-012   2.5744312339690380E-017   1.0913398514006049E-016   5.6192793039858189E-012   2.4412716049825642E-017   4.2122487765480742E-012  -4.0747802834988436E-018  -3.6926940015254592E-016   3.0659905587299066E-011  -2.0164198806602948E-017  -1.7770746527886553E-016  -1.5816613917359823E-011  -1.7869871411764560E-016  -1.9781957189630894E-011  -2.3973714149602562E-017  -4.0975425997785634E-012  -4.9143445773414464E-017  -1.1764649152812715E-017   3.4808119602640396E-010   1.2055060219395501E-017   1.7714477411533863E-017  -1.2068536900454224E-010  -7.3713676519238722E-021  -1.8139655723361644E-016   4.1551256505303044E-002  -5.4494799796302744E-017  -3.5552073682225185E-016  -2.7250272241453514E-015
  -7.7374743782554358E-009  -1.3298129648835458E-016  0.12594613543116107       -1.4988895040274804E-008   8.7671569742793443E-010  -6.5135792655007362E-017   1.0178995710999770E-009  -7.5484647082419741E-011   8.9402013908745996E-018  -8.0123004516378675E-010  -1.1271411638755437E-009   6.8680770311160951E-016  0.10761566451734254       -4.3388595468699063E-009   3.0017112833043110E-011  -1.2876008812677541E-016   1.3772606507389315E-010   4.0035522513370930E-011  -4.5092031819301988E-018  -8.0308118207311641E-011  -3.0317977711433258E-016  -4.9661422037651135E-011  -1.3161929652128173E-016  -6.5636293222876932E-011   2.4582344939797764E-010   1.9162958929397999E-016   6.5552030319768485E-010   8.3669596194409409E-011   1.7877389791904810E-016  -3.2948279292482897E-010  -6.0413101780132421E-009  -1.6391603112373517E-009  -7.2527256485637282E-017   8.5462459456999387E-002   7.8402241992505621E-012  -7.3025248658866443E-017   1.8614786596258376E-011   5.7789592846559873E-012  -2.9577322962150217E-017  -1.9556320795848310E-011  -6.9621227481095847E-017  -1.0679345849383653E-011  -3.0013108599844500E-017  -1.0655064432577698E-011  -4.7674955118423509E-012  -7.2860173020460715E-017   2.5914572649437573E-012  -7.4166378761700315E-017   9.6554845867378050E-012   1.3832678720397929E-011  -3.0776463047562012E-017   2.7015602786649349E-011   4.0295616194492249E-012   1.8037105674507357E-019  -2.2587858301182326E-011  -5.7373995300973329E-017  -1.0247909596061294E-011  -3.0030749505720771E-017  -1.2496633136382044E-011   1.2547330388129728E-010  -3.3117528516176042E-017   3.1243091618293064E-010   3.6426564258772137E-011  -3.2583158487123273E-017  -1.6190205850164504E-010  -6.6231495082720149E-010  -2.2356973062867415E-017   4.1551256734933546E-002  -6.6800120891021996E-009  -1.3137960822578215E-010
   4.3231030478716547E-008  -3.7105764006909878E-016  -1.4988895040274804E-008  0.12592361887770889        3.0101880611467308E-009  -7.1821149026843430E-017  -1.9233226412756971E-009  -1.7938795382461774E-009   6.1081581740750909E-017  -1.2163751463925979E-009   1.1602727864873103E-008   3.9495348482778378E-016  -4.0228512507094757E-009  0.29875017725347858        1.8329481016429530E-011  -9.6684406099320291E-017  -2.0178720649387442E-011  -1.6803724642916719E-011  -1.4307400443800013E-017  -7.7886610718290143E-012  -7.5650051631255955E-017   5.8260290292664573E-012  -6.8620727516138971E-017   1.0697765988329721E-011  -1.9867940060256563E-009  -1.8209652144350610E-016   1.2693711496726566E-009   1.1838570030852699E-009  -1.5504236205516451E-016   8.0273369718610301E-010  0.15227514758021904        8.5907264545660935E-009  -2.7821951672962906E-016  -2.9785437362762116E-009   2.8199613486848171E-011   1.2993678967367389E-016  -5.2079443146470071E-011  -4.1668156966414644E-011   3.0165823083143982E-017  -7.7753716574399419E-012   1.5015227654505337E-016   2.1506874054214384E-011   4.7671601374754828E-017   3.6049051013459000E-011   2.0575401835816352E-011   5.6188585695124055E-017   5.5866912472869387E-012   3.6046927018758073E-017   1.2653427589520613E-012   1.3188285474576946E-011  -2.0549456677039850E-017  -1.4520065113369500E-011  -1.2091948924445728E-011   8.5683904287053541E-019  -5.6037377516180004E-012  -6.9295495748876871E-017   4.1923985185945465E-012  -3.1602155685542306E-017   7.6976814486050431E-012  -1.0499613707385305E-010   1.0234403180051228E-017   6.7090902665005884E-011   6.2580930736487948E-011   2.2686438068272928E-017   4.2432028305973020E-011   2.6446293838852321E-009  -9.4040845736668306E-017  -9.1693581734272150E-010  0.17803715239226606        2.9403693950015813E-003
  -1.0528553556528407E-010   2.0458840384992583E-016   8.7671569742793443E-010   3.0101880611467308E-009   7.8149058259201419E-017   7.3016625104801732E-026  -3.9404786446557376E-017  -4.3589931908069108E-017   7.5830201905111643E-025  -3.4560711947140130E-017  -8.9962608555138110E-011   1.7481219404516924E-016   7.4911681822280214E-010   7.1415532910350573E-009   4.8778771896683823E-019  -3.0301137994383616E-024   6.0224630129721197E-019   3.4785912239921478E-021  -4.7514314249063921E-025  -6.5794508547276560E-019  -4.0944561566588014E-024  -2.3990720248961245E-019  -2.6029560654848763E-024  -2.7005184291035625E-019  -4.6233867734039809E-017  -1.8457694770585552E-024   3.4959894328138408E-017   2.9084428746133768E-017  -2.8834481728773356E-024   1.7144650315536520E-017   3.6402130769738055E-009  -7.1443392122276689E-011   1.3882623950542160E-016   5.9490750362880019E-010   7.0877685491497211E-019   2.6194971204826515E-024  -1.0881592261721807E-018  -9.3141817906849459E-019   4.9440605128465616E-025  -3.1145649603920527E-019   3.0711070691105971E-024   4.2940818159889836E-019   9.2520607477355645E-025   7.6809315553159077E-019   4.4717676381744409E-019   8.4653404491682409E-025   1.4734445829728477E-019   3.5260551257198225E-025   9.3872711040580378E-020   3.8756117462892028E-019  -6.6468071759718201E-025  -1.4487383051809631E-019  -2.4385391500475659E-019  -4.3377566328478074E-027  -2.7615421184118901E-019  -2.1103385842471823E-024   2.5501005173945961E-020  -9.8320340087503034E-025   8.8981584672850997E-020  -1.8373622991103052E-018   5.8039941143684004E-025   3.7931927956521857E-018   1.8370283363849260E-018   1.2261977894804946E-025   7.2251771259581121E-022  -3.4735318532906043E-011   6.7496358656891353E-017   2.8923992649960390E-010   4.2559504287253267E-009   7.7343583967235908E-011
   3.0155943675876056E-017   1.3991162747004410E-009  -6.5135792655007362E-017  -7.1821149026843430E-017   7.3016625104801732E-026   1.5542568139359400E-017   1.1558547387133570E-024   3.6487671175682867E-024  -5.3888615280008869E-018   3.6794882600288682E-024   2.5767011724426550E-017   1.1954859097805543E-009  -5.5655791767346735E-017  -1.6503564223685169E-016  -9.4067461095335563E-024   1.3767196186340312E-018  -4.2739137878301192E-025  -4.2483795816171667E-024  -7.1029459343820964E-019  -3.9958366385198707E-024  -8.8871856128026160E-019  -2.1115491559069382E-025  -1.8417111960754738E-019  -6.0665133025871461E-025   2.7966796514660633E-024   8.0032399967358119E-018  -1.9670048411985708E-024  -1.6445551430475890E-024  -2.7748529602558487E-018   6.3613384350162603E-025  -1.0279431528786728E-016   2.0462738614454869E-017   9.4938935001566304E-010  -4.4198778750366549E-017  -2.9616306759338230E-025   1.9497526431006819E-019   3.1147942782393289E-025   2.3999111514729422E-025  -1.4652910287602867E-019  -1.2166658973449348E-025  -1.8004113913215963E-019   1.3364676858670834E-025  -2.0033681769402831E-020   2.7585795063151306E-025   1.2059021063655303E-024   6.2423712064378877E-020   2.6772846695453388E-025   4.6793225704983909E-020  -5.0070876400239172E-026  -4.1030370853458722E-024   3.4059618943339535E-019  -2.4137138390316929E-025  -1.9805731000634681E-024  -1.7570433850997919E-019  -1.9775073025013217E-024  -2.1975472883073042E-019  -2.6024233283279601E-025  -4.5518972377358643E-020  -5.3751067561089268E-025  -1.7893124273428164E-025   3.8667806279565526E-018  -5.8171905970653858E-027   1.7699440361902203E-025  -1.3406752570138140E-018   6.7458636748177562E-026   9.9488358508025998E-018   4.6158653657853609E-010  -2.1489140134212625E-017  -1.0068051543736888E-016  -1.1859986697020480E-015
   6.1441000831492979E-010   3.9203140674304093E-017   1.0178995710999770E-009  -1.9233226412756971E-009  -3.9404786446557376E-017   1.1558547387133570E-024   4.0600311112611771E-017   2.7851253700688288E-017  -1.1522696432306183E-024   1.1554559096112112E-017   5.2498782019001639E-010   3.3497427803303419E-017   8.6975217502340920E-010  -4.5630076979143890E-009   8.9217514325876070E-019   6.1332826127235896E-025   6.8686423535131175E-019  -1.5765576813408375E-019   1.4472710307264658E-025  -1.0392644429374357E-018  -1.0564891067773417E-024  -2.9503234071734984E-019   7.8004759983502139E-026  -2.9202529410072422E-019   3.4961511774917209E-017   4.5691816469777981E-024  -1.4395455401537666E-017  -1.8583094292899004E-017   3.8443217680503608E-024  -1.6375235401730740E-017  -2.3258692219970566E-009   4.1691655085007214E-010   2.6601824009731777E-017   6.9070947601135281E-010  -2.5115723073810636E-019  -2.5513110410604521E-024   7.8704642202144104E-019   5.4056943055631085E-019  -7.0694153832338208E-025  -1.0083553464380866E-019  -2.8375066496259664E-024  -3.5426409853631148E-019  -9.6311934652433613E-025  -5.2299316489000855E-019  -2.8573474466517529E-019  -1.4577924296870663E-024  -3.9614594355006479E-020  -1.1533428862310789E-024   7.9647385837376318E-020   5.0160429459655004E-020   1.2112927648479963E-025   3.5766313582389377E-019   1.1735682858978001E-019  -7.8005593746039321E-027  -1.8462678230363736E-019   7.1547724680626380E-025  -1.2719166635535872E-019   3.0619824004796646E-025  -1.7177178463734011E-019   3.7930696115609509E-018  -3.3310223292824011E-025   1.4134481053352221E-018  -1.1737523869715058E-018  -6.7708805557401942E-025  -2.6195866525143399E-018   2.0270196646349498E-010   1.2933622583461996E-017   3.3581816288081490E-010  -2.7192871935889354E-009  -4.9406228157549454E-011
   2.1771452471871484E-010   2.2792164369282944E-016  -7.5484647082419741E-011  -1.7938795382461774E-009  -4.3589931908069108E-017   3.6487671175682867E-024   2.7851253700688288E-017   2.5976804709450919E-017  -1.8031247979935457E-024   1.7614075866774611E-017   1.8602821902282831E-010   1.9474943127637637E-016  -6.4498565167474181E-011  -4.2559090569564468E-009   5.0287105098356804E-020   1.7279787325161853E-024  -5.5350541145314510E-020  -4.6093785913905612E-020   8.4983926238926461E-026  -2.1344222416617920E-020   1.2081333422441415E-024   1.5983423182269806E-020   1.0624907427775255E-024   2.9342513014858797E-020   2.9087873961249415E-017   3.7860048551281269E-024  -1.8584387568375502E-017  -1.7332437839703984E-017   1.6870272170575396E-024  -1.1752547708255557E-017  -2.1693338393129601E-009   1.4773342294678518E-010   1.5465932714353597E-016  -5.1221227926598852E-011  -3.6525363145923393E-019  -1.7676004860890245E-024   6.7447086150484567E-019   5.3961586789393803E-019  -4.3699512079852708E-025   1.0068081892673187E-019  -2.1169333367063041E-024  -2.7853133723241195E-019  -6.6104671809854570E-025  -4.6686404501568277E-019  -2.6649391289134343E-019  -7.5073250956608689E-025  -7.2362792350744722E-020  -4.6290792120154792E-025  -1.6393632519403007E-020  -1.4661534889869348E-019   3.8356924707972015E-025   1.6142425692976968E-019   1.3443111258842488E-019  -3.8295930206225260E-026   6.2298460098214797E-020   1.0309689396462727E-024  -4.6608646216751140E-020   4.8490086961650755E-025  -8.5577872711059602E-020   1.8367978211421181E-018   4.9865568314279863E-025  -1.1736661830462163E-018  -1.0947505092380697E-018  -5.3178164507220422E-025  -7.4228485287874069E-019   7.1826989663954496E-011   7.5194294811307847E-017  -2.4903414105495248E-011  -2.5362742410689587E-009  -4.6068881685636971E-011
  -2.8843632835593752E-017  -4.8509640095065035E-010   8.9402013908745996E-018   6.1081581740750909E-017   7.5830201905111643E-025  -5.3888615280008869E-018  -1.1522696432306183E-024  -1.8031247979935457E-024   1.8684060644026156E-018  -1.5213485778678975E-024  -2.4645684795175675E-017  -4.1449443674431307E-010   7.6390279008577003E-018   1.4516073468929371E-016   3.2386025246167182E-024  -4.7733111550040455E-019   1.4621470356353398E-025   1.4832093174903181E-024   2.4627070467423362E-019   1.4058746914069731E-024   3.0813320045716666E-019   7.5352156214733976E-026   6.3855126908626670E-020   2.1020715933252755E-025  -1.6101255236355227E-024  -2.7748536619608311E-018   9.6205384185417259E-025   9.1529010408691149E-025   9.6208671754260366E-019   7.4837327376107117E-026   7.3130670016261376E-017  -1.9572247940628688E-017  -3.2916875110475066E-010   6.0664973232221203E-018   1.0621950575969186E-025  -6.7601099852132867E-020  -1.1984474272522985E-025  -9.1260835732301950E-026   5.0804026602374706E-020   4.3944527999550830E-026   6.2423195409668587E-020  -4.0968468550915535E-026   6.9460037739532076E-021  -8.7796787590997017E-026  -4.1387028733871755E-025  -2.1643317716952117E-020  -9.2304733540083924E-026  -1.6223973510097086E-020   1.6005310954713624E-026   1.4234211417534228E-024  -1.1809024643567754E-019   7.6057552811760096E-026   6.8327812280893938E-025   6.0919555996687242E-020   6.8793685144474065E-025   7.6192543804504195E-020   9.2822309267567143E-026   1.5782169126719773E-020   1.9011852056550793E-025  -5.6545894268821196E-026  -1.3406758250230485E-018   1.5341915364664911E-026  -8.4720319587669743E-027   4.6483394824382949E-019   4.2115270253123316E-026  -9.5158912667733326E-018  -1.6003957045633315E-010   2.9494895177859728E-018   8.6399953093327449E-017  -5.3038938721135396E-017
  -1.1242883762028721E-010   2.3373925225975154E-016  -8.0123004516378675E-010  -1.2163751463925979E-009  -3.4560711947140130E-017   3.6794882600288682E-024   1.1554559096112112E-017   1.7614075866774611E-017  -1.5213485778678975E-024   1.6947273044490888E-017  -9.6065480975538699E-011   1.9972033123729612E-016  -6.8461739417455971E-010  -2.8858024988559096E-009  -5.3808433526314023E-019   1.9577684501553902E-024  -5.4688385509775815E-019   4.2624481577952134E-020   5.1923313786283098E-026   6.7929278214514405E-019   2.4631551475102002E-024   2.2392025895051040E-019   1.4527817102852266E-024   2.4070308036713583E-019   1.7147044121315621E-017   1.8709884165528017E-024  -1.6376171009372895E-017  -1.1752614841300691E-017  -1.2484081937116685E-025  -5.3925289209412962E-018  -1.4709592007630545E-009  -7.6289927988678637E-011   1.5860694426352600E-016  -5.4368559362628734E-010  -3.4353802888994042E-019  -7.5914656043820407E-025   4.1371599198825445E-019   3.9182434099133027E-019  -1.2720261740753334E-025   2.1077961631935144E-019  -1.0400112355705152E-024  -1.5088827854642017E-019  -2.7373277691175494E-025  -3.0124821522078946E-019  -1.8069374058956068E-019  -6.6111316859126897E-026  -7.4984588988801631E-020   1.3256207835571510E-025  -7.7479661333004284E-020  -2.4095292056182494E-019   4.4330409068782552E-025  -1.6542260396657389E-020   1.0942944779903195E-019  -4.1027978381023127E-026   2.1385862600477749E-019   9.7475616673345149E-025   2.1105262701890843E-020   4.7663972835138274E-025  -3.4080257761088356E-021   6.2513449605824922E-022   7.6225762368623475E-025  -2.6195620698495548E-018  -7.4231303620560402E-019  -2.2928422600883635E-025   7.4153689706632613E-019  -3.7091621132032821E-011   7.7113598940792114E-017  -2.6433618077384414E-010  -1.7197704159443928E-009  -3.1231508596759685E-011
  0.10761566737744696        1.6525514952405232E-015  -1.1271411638755437E-009   1.1602727864873103E-008  -8.9962608555138110E-011   2.5767011724426550E-017   5.2498782019001639E-010   1.8602821902282831E-010  -2.4645684795175675E-017  -9.6065480975538699E-011   9.1953040242677919E-002   1.4488327781932460E-015   3.7229236510201322E-009  -4.9423980127435597E-008   1.6280566061988355E-010   2.4270618957776330E-017  -1.2863451032556457E-010  -1.2923693498194012E-010  -3.1655171032381546E-018  -8.9181130453692593E-011   4.6043355124537235E-017   3.4208796089441806E-011   1.6993728919097672E-017   7.0381026500675007E-011   4.6041913469784888E-010   3.3020796348401015E-018  -5.3446055296142968E-011  -2.0619034489061198E-010   1.9471400893911844E-017  -2.5422997851496846E-010  -1.5729199381228415E-008   7.3024063760065677E-002   1.1079966016457836E-015   2.3207865229791741E-009   2.0351572364022367E-011   2.6936921745472564E-018  -2.7822884438041928E-011  -2.4970964205985724E-011  -5.2247971036310014E-019  -1.0778919728494385E-011   3.7260054566206556E-018   1.0603419059079471E-011   1.2823683941989308E-018   1.9919596285974533E-011   1.1745921520079537E-011  -2.2765547314937831E-018   4.3387713626672101E-012  -8.7531428721518925E-019   3.6674328169507223E-012   2.4481493458005005E-011   8.0043969170225335E-018  -1.4436786158617033E-011  -1.7493392635227221E-011   1.6728508019188013E-018  -1.5352127580453348E-011   2.2161049937740313E-017   3.4430328073099063E-012   1.1761496312226588E-017   8.1941954877673023E-012   2.0592571985067267E-010  -3.3292423992740384E-018  -1.5263102330052258E-011  -8.9772067624234655E-011  -5.4396959643725641E-018  -1.1615241813822821E-010   3.5503794478346416E-002   5.8183504318483452E-016   1.2433885713989155E-009  -1.9360525187423971E-008   1.2775098894278185E-009
  -2.3700092986921232E-016  0.10761566412653735        6.8680770311160951E-016   3.9495348482778378E-016   1.7481219404516924E-016   1.1954859097805543E-009   3.3497427803303419E-017   1.9474943127637637E-016  -4.1449443674431307E-010   1.9972033123729612E-016   1.4488327781932460E-015   9.1953050980339318E-002   6.7734646882154120E-016   4.5126369615218252E-016  -7.2562314621314695E-016   1.0589298313111193E-010  -2.4874806280594619E-017  -3.2260420131475260E-016  -5.4633646810181199E-011  -3.0871718561160749E-016  -6.8357462437685566E-011  -1.8881325757033480E-017  -1.4165868632898799E-011  -5.0655913861331437E-017   1.2082001150157946E-016   6.1558428201209130E-010  -6.3920324386134096E-017  -6.2630802125565825E-017  -2.1343304310808613E-010   7.9333988889263072E-017   9.9103832343760648E-016   2.3119536576986394E-016   7.3024070453667073E-002   5.3448274574042185E-016  -2.1622483089733708E-017   1.4996889777010209E-011   2.2939822405399961E-017   1.7344791215978098E-017  -1.1270562000462549E-011  -1.0251684048537794E-017  -1.3848203403977161E-011   1.0600264015164963E-017  -1.5409283756615119E-012   2.1997430394661611E-017   9.3250392410996882E-017   4.8014374162539422E-012   2.0859637369598848E-017   3.5991891109491753E-012  -3.4817280046463768E-018  -3.1552514440769859E-016   2.6197597574701831E-011  -1.7229458197262692E-017  -1.5184354199619859E-016  -1.3514630213769127E-011  -1.5269052252005041E-016  -1.6902848973827616E-011  -2.0484528745351933E-017  -3.5011775156497729E-012  -4.1991003982492035E-017  -1.0052396090661008E-017   2.9742071680084206E-010   1.0300542996036052E-017   1.5136274766651191E-017  -1.0312056315154204E-010  -6.2996242974080763E-021  -1.4078803924618089E-016   3.5503798064533895E-002   2.1751022439866917E-016   6.9723427307322806E-016   5.4466605842887069E-015
  -1.1271423712701366E-009  -7.7139277622942602E-018  0.10761566451734254       -4.0228512507094757E-009   7.4911681822280214E-010  -5.5655791767346735E-017   8.6975217502340920E-010  -6.4498565167474181E-011   7.6390279008577003E-018  -6.8461739417455971E-010   3.7229236510201322E-009   6.7734646882154120E-016   9.1953049689557767E-002   1.7136088027973028E-008   2.5648367373668920E-011  -1.1002007388941163E-016   1.1768110994565626E-010   3.4208658862854423E-011  -3.8529252105788974E-018  -6.8619907378964742E-011  -2.5905434448252790E-016  -4.2433589917430160E-011  -1.1246314528466752E-016  -5.6083441873659928E-011   2.1004566177818899E-010   1.6373939510321275E-016   5.6011455689537556E-010   7.1492215609002907E-011   1.5275475077479983E-016  -2.8152911692903089E-010   5.4535711826937431E-009   2.3207853824999494E-009   9.8972088459686454E-018   7.3024069649031950E-002   6.6991441431041640E-012  -6.2396987675721886E-017   1.5905545544925178E-011   4.9378729658976823E-012  -2.5272573826799674E-017  -1.6710052978186072E-011  -5.9488393651943517E-017  -9.1250488890531450E-012  -2.5644932860393383E-017  -9.1042999526592583E-012  -4.0736219471450367E-012  -6.2255943162525919E-017   2.2142916224021746E-012  -6.3372042274196266E-017   8.2502049080836429E-012   1.1819443136176802E-011  -2.6297191458913335E-017   2.3083692211747120E-011   3.4430888333666497E-012   1.5411950247714157E-019  -1.9300374090255418E-011  -4.9023664535328071E-017  -8.7564063657800669E-012  -2.5660011323852605E-017  -1.0677845367315140E-011   1.0721165301015620E-010  -2.8297531304295305E-017   2.6695905389124086E-010   3.1124963719124917E-011  -2.7840934287818000E-017  -1.3833848829991361E-010   1.2433882931326755E-009   1.5838974207442846E-017   3.5503797633430895E-002   6.7126079350868503E-009  -4.4293507118879754E-010
   1.2514135460258350E-008  -1.4077364796167025E-015  -4.3388595468699063E-009  0.29875017725347858        7.1415532910350573E-009  -1.6503564223685169E-016  -4.5630076979143890E-009  -4.2559090569564468E-009   1.4516073468929371E-016  -2.8858024988559096E-009  -4.9423980127435597E-008   4.5126369615218252E-016   1.7136088027973028E-008  0.70881668852065483        4.3542449942715033E-011  -2.2919177533753456E-016  -4.7935417667960987E-011  -3.9917967124105667E-011  -3.2713555397737672E-017  -1.8502294206045699E-011  -1.7871286305261627E-016   1.3839981738318631E-011  -1.5922320801756485E-016   2.5413007619201354E-011  -4.7129263849039202E-009  -4.3990976010609896E-016   3.0111090613303508E-009   2.8082591432630628E-009  -3.7185896504908794E-016   1.9041864335469991E-009  0.36114804780049931       -4.0716689494992717E-008  -1.0079733853892806E-015   1.4117126700144087E-008   6.6898135156339423E-011   3.1355568612420365E-016  -1.2354972919891972E-010  -9.8851117134688764E-011   7.1440648238968290E-017  -1.8446179439496410E-011   3.6086581886005960E-016   5.1021444418247083E-011   1.1471056820556172E-016   8.5520313393986616E-011   4.8810973785760102E-011   1.3434485060307432E-016   1.3253070230093995E-011   8.6173585930170186E-017   3.0011037831279554E-012   3.1341178590394101E-011  -4.7250278935043284E-017  -3.4506063959582723E-011  -2.8735797379148747E-011   4.4408861367002452E-019  -1.3316947833209548E-011  -1.6358986677271110E-016   9.9629836063549949E-012  -7.4278591293829559E-017   1.8293079347791678E-011  -2.4986256753448549E-010   2.7328964357392394E-017   1.5965747752441220E-010   1.4892376817150785E-010   5.6564877917464671E-017   1.0097505523944917E-010  -2.3458082246666735E-008  -4.0998529162108435E-016   8.1332924217486459E-009  0.42239456441725898       -1.9659255747230347E-003
   1.9053682218083211E-010  -8.4922050966464057E-016   3.0017112833043110E-011   1.8329481016429530E-011   4.8778771896683823E-019  -9.4067461095335563E-024   8.9217514325876070E-019   5.0287105098356804E-020   3.2386025246167182E-024  -5.3808433526314023E-019   1.6280566061988355E-010  -7.2562314621314695E-016   2.5648367373668920E-011   4.3542449942715033E-011   2.9815315241103116E-019  -8.3715182578232230E-025  -1.9795050085247860E-019  -2.2179423238226594E-019   4.2408064929838189E-025  -1.7820512957730632E-019   5.3874310013891993E-025   4.9604809178788665E-020   1.0550507863730570E-025   1.1057155914427618E-019   5.8553213026608007E-019  -4.8437116973282208E-024   2.4576360984753134E-019  -1.7337136784151180E-019   1.7331515949816829E-024  -4.1218788469376634E-019   2.1997312244578267E-011   1.2929133052230180E-010  -5.7625011036071545E-016   2.0368525792661472E-011   4.1999954804171750E-020  -1.0469672222836065E-025  -5.2395359184490931E-020  -4.8892274079511615E-020   8.5178333313575670E-026  -2.4876182059103290E-020   1.2760117674527961E-025   1.9354816219032887E-020   1.6462789713062176E-026   3.7969122105973172E-020   2.2650246483717441E-020  -4.9657253875014918E-026   9.1110946609118018E-021  -4.1470133205870176E-026   8.9774713703313420E-021   4.8634723549680936E-020  -2.0079015342485808E-025  -2.1315984782713094E-020  -3.1839260798799269E-020   1.0756129329086726E-025  -3.3411545073407609E-020   1.4999230749423366E-025   4.2870343589998506E-021   3.7666775133509319E-026   1.2692803453021682E-020   3.7815623827433666E-019  -2.3550642102706783E-024   5.7882456193206798E-020  -1.4052265185367354E-019   8.0347752302315745E-025  -2.3763456975541482E-019   6.2860549983730970E-011  -2.8016881860151211E-016   9.9030366669854926E-012   2.5924178108410547E-011  -1.2040770573802819E-011
   2.8404685246646401E-017   1.2393002281600616E-010  -1.2876008812677541E-016  -9.6684406099320291E-017  -3.0301137994383616E-024   1.3767196186340312E-018   6.1332826127235896E-025   1.7279787325161853E-024  -4.7733111550040455E-019   1.9577684501553902E-024   2.4270618957776330E-017   1.0589298313111193E-010  -1.1002007388941163E-016  -2.2919177533753456E-016  -8.3715182578232230E-025   1.2194618619911920E-019  -1.8819892840216909E-025  -4.3389212349924900E-025  -6.2916018320009093E-020  -2.9108679408412819E-025  -7.8720341952676074E-020   3.3667226988971846E-026  -1.6313391150910953E-020   1.9284628954643216E-026   1.5380191411173762E-024   7.0890585245304325E-019  -1.7345579411362919E-024  -1.1229637112044491E-024  -2.4578914339999388E-019  -2.5653148343003931E-025  -1.1748034895386256E-016   1.9274395316839182E-017   8.4094400112603668E-011  -8.7371909887976159E-017  -4.9217457665316603E-026   1.7270393741646106E-020   4.0063567172861661E-026   3.9493192163736103E-026  -1.2979160768115543E-020   1.1315434058717047E-026  -1.5947568393016920E-020   9.3969297821377391E-027  -1.7745305974119848E-021   1.3781059185696970E-026   9.9546777729022753E-026   5.5293274764363499E-021   1.8222719249975972E-026   4.1448202941912157E-021  -1.3888434952421391E-026  -3.8091919190210882E-025   3.0169110524150965E-020  -4.0392293367472656E-026  -1.7454006444048474E-025  -1.5563426052677447E-020  -1.5259927906989785E-025  -1.9465293235618564E-020  -1.5345367843332890E-026  -4.0319503012179684E-021  -3.9185428619296221E-026  -8.4489270920910823E-027   3.4250921107307659E-019  -3.6081615094780804E-025  -8.9438599902933944E-026  -1.1875347188435621E-019   1.0370741409203676E-025   9.3710782463416880E-018   4.0886115789044795E-011  -4.2479618711322473E-017  -1.3666679149550372E-016  -4.4091178726927774E-017
  -1.5054521007014985E-010  -2.9111800549783181E-017   1.3772606507389315E-010  -2.0178720649387442E-011   6.0224630129721197E-019  -4.2739137878301192E-025   6.8686423535131175E-019  -5.5350541145314510E-020   1.4621470356353398E-025  -5.4688385509775815E-019  -1.2863451032556457E-010  -2.4874806280594619E-017   1.1768110994565626E-010  -4.7935417667960987E-011  -1.9795050085247860E-019  -1.8819892840216909E-025   3.3388550548227877E-019   2.2734377746661914E-019   1.4679966392655977E-026   3.8222299445144664E-020  -3.6650748764729215E-025  -1.0312267019931946E-019  -1.5836819341783197E-025  -1.7199729205534293E-019  -5.7950059841749799E-020   7.9705942092645127E-026   5.8885994912495572E-019   1.9085677155259064E-019   2.5701962240864646E-025  -1.3286360633156443E-019  -2.4216531016278070E-011  -1.0215447718042524E-010  -1.9754207612173165E-017   9.3455885120311497E-011  -2.4408350660688751E-020  -1.1661726752097353E-025   6.7612103702035757E-020   4.7920623836409222E-020  -3.3203026840176067E-026  -5.0617070345497853E-021  -1.0877637150915710E-025  -2.9953277700645194E-020  -4.4310535228828853E-026  -4.5286481053636926E-020  -2.4936592601844956E-020  -8.8388635053738547E-026  -4.1291451640395810E-021  -8.7632010577594954E-026   5.2267421372581813E-021  -2.1314843010560807E-020  -5.0954080803745707E-026   5.2153546787980081E-020   3.0889632593129823E-020   3.8154154436959717E-027  -2.2920705293067161E-021  -7.9311459035614143E-026  -1.6720294029694242E-020  -4.4351457697807850E-026  -2.6408894858911372E-020  -1.3286815307821291E-019  -1.1833576834383386E-025   3.5150726792187773E-019   1.5469434967149379E-019  -7.9712919562757126E-027  -2.1827402991721510E-020  -4.9666799468555368E-011  -9.6043591585725246E-018   4.5437604749975704E-011  -2.8539641207029131E-011   1.3260304620817201E-011
  -1.5125024168431455E-010  -3.7755425209700539E-016   4.0035522513370930E-011  -1.6803724642916719E-011   3.4785912239921478E-021  -4.2483795816171667E-024  -1.5765576813408375E-019  -4.6093785913905612E-020   1.4832093174903181E-024   4.2624481577952134E-020  -1.2923693498194012E-010  -3.2260420131475260E-016   3.4208658862854423E-011  -3.9917967124105667E-011  -2.2179423238226594E-019  -4.3389212349924900E-025   2.2734377746661914E-019   1.9667311915751915E-019   1.9502598503533783E-025   1.0088291691483432E-019   8.7852823009051547E-026  -6.4665982856327828E-020  -1.1441807192630140E-026  -1.2125219683837537E-019  -3.0471380461553083E-019  -2.0690258728119568E-024   1.1466257805440716E-019   1.5893377529196532E-019   8.0409824235659923E-025   1.4581013381150663E-019  -2.0166197834763376E-011  -1.0263288925442369E-010  -2.5619456542275612E-016   2.7166641844413061E-011  -2.9868365801638926E-020  -1.0371004358648825E-025   5.1961794803116348E-020   4.2486346844217081E-020   2.7010337126038338E-026   9.9696123486162320E-021  -4.7457281832678610E-027  -2.1163618551863262E-020  -1.4358305363085021E-026  -3.6187452569304111E-020  -2.0765079208152133E-020  -4.5632877208493987E-026  -6.0182154810277594E-021  -4.0618517364377938E-026  -2.2529077026104585E-021  -3.1837672379764293E-020  -1.1212302100520835E-025   3.0889412147460648E-020   2.7542275977271332E-020   4.7037587006525191E-026   1.5172950098189494E-020   1.8125725725673753E-026  -8.6773855930172719E-021  -1.0466829113592688E-026  -1.6555360086292250E-020  -2.3455093238796612E-019  -1.0545699524086488E-024   1.1119222898299305E-019   1.2882156253052094E-019   3.5253807569316722E-025   1.0572936651843304E-019  -4.9899400260780113E-011  -1.2456002606216960E-016   1.3208233137409784E-011  -2.3766237327671381E-011   1.1041884006966958E-011
  -3.7047105235068627E-018  -6.3939544391946527E-011  -4.5092031819301988E-018  -1.4307400443800013E-017  -4.7514314249063921E-025  -7.1029459343820964E-019   1.4472710307264658E-025   8.4983926238926461E-026   2.4627070467423362E-019   5.1923313786283098E-026  -3.1655171032381546E-018  -5.4633646810181199E-011  -3.8529252105788974E-018  -3.2713555397737672E-017   4.2408064929838189E-025  -6.2916018320009093E-020   1.4679966392655977E-026   1.9502598503533783E-025   3.2460427706976586E-020   1.8952460883276052E-025   4.0614394191912455E-020   1.1702179910967239E-026   8.4166110358404003E-021   2.9810451501019447E-026   1.5015970172010815E-025  -3.6574767108662045E-019  -1.4119251253686455E-025  -1.0559942541849804E-025   1.2681064271888324E-019  -1.2620002350404271E-025  -2.0962478710151930E-017  -2.5138791305430018E-018  -4.3387046229281217E-011  -3.0597820516051107E-018   8.5209455875542556E-027  -8.9103599127985873E-021  -7.2011600837367419E-027  -4.7550198706004564E-027   6.6963727371765434E-021   8.0658392298566531E-027   8.2278711328655137E-021  -8.8152259145339854E-027   9.1553826373612695E-022  -1.7622155112037440E-026  -5.8084364315930473E-026  -2.8527605466220823E-021  -1.3306840194665650E-026  -2.1384480948978333E-021   1.4260315898557620E-027   1.8622452632982181E-025  -1.5565228971826601E-020   9.6632102335332809E-027   9.0589083906879814E-026   8.0296795592206851E-021   9.2017918239732155E-026   1.0042780213160001E-020   1.2449048863047092E-026   2.0802147810516452E-021   2.5169001369920816E-026  -1.6857022246928795E-026  -1.7671168299998949E-019  -9.6181165491161792E-027  -5.6389134563948226E-028   6.1268792781008173E-020   1.4291086281920193E-026  -1.2222311386453927E-018  -2.1094481838264087E-011  -1.4876446267445197E-018  -2.0030158526605292E-017  -2.7228507258278946E-016
  -1.0437160792820577E-010  -3.6130182241266742E-016  -8.0308118207311641E-011  -7.7886610718290143E-012  -6.5794508547276560E-019  -3.9958366385198707E-024  -1.0392644429374357E-018  -2.1344222416617920E-020   1.4058746914069731E-024   6.7929278214514405E-019  -8.9181130453692593E-011  -3.0871718561160749E-016  -6.8619907378964742E-011  -1.8502294206045699E-011  -1.7820512957730632E-019  -2.9108679408412819E-025   3.8222299445144664E-020   1.0088291691483432E-019   1.8952460883276052E-025   1.3819629069012218E-019   3.8238851770936722E-025  -1.8825186754241639E-021   1.1712789277979116E-025  -2.7088367471886873E-020  -4.8080512159964817E-019  -2.1761761169369715E-024  -4.4440413380913445E-019   7.3641289072173060E-020   5.9566386798232474E-025   4.0717011672726141E-019  -9.3472049165480333E-012  -7.0822764454149350E-011  -2.4516625854911714E-016  -5.4494166935914162E-011  -2.6478776156828927E-020  -1.7566849980148650E-026   1.8331607740301905E-020   2.3107418481871147E-020   5.5414800078241102E-026   2.3404387789228403E-020   7.5239198219070101E-026  -4.8026960837457382E-021   1.9163878557583796E-026  -1.4751789910155849E-020  -9.6224247229496819E-021   2.8455203686375967E-026  -6.2052362599526318E-021   3.3439852106110862E-026  -9.7913283711366890E-021  -3.3410511135861799E-020  -7.5712463828818324E-026  -2.2923405547597134E-021   1.5173019120486731E-020   4.4524216417672153E-026   2.9652019184453649E-020   7.5644421550506362E-026   2.9260472339257503E-021   2.1038271345544576E-026  -4.7307647492697200E-022  -2.7277886681072243E-019  -9.7663443991214609E-025  -1.8885283961516753E-019   5.9700155223820462E-020   3.6923412665504181E-025   2.1308003615652633E-019  -3.4433537963744400E-011  -1.1919813952801871E-016  -2.6494687235942133E-011  -1.1015840944903164E-011   5.1172170929720338E-012
   5.3886052119174311E-017  -8.0000974843229921E-011  -3.0317977711433258E-016  -7.5650051631255955E-017  -4.0944561566588014E-024  -8.8871856128026160E-019  -1.0564891067773417E-024   1.2081333422441415E-024   3.0813320045716666E-019   2.4631551475102002E-024   4.6043355124537235E-017  -6.8357462437685566E-011  -2.5905434448252790E-016  -1.7871286305261627E-016   5.3874310013891993E-025  -7.8720341952676074E-020  -3.6650748764729215E-025   8.7852823009051547E-026   4.0614394191912455E-020   3.8238851770936722E-025   5.0816613708591584E-020   1.4755045378145240E-025   1.0530839626164642E-020   2.2509584559094800E-025   7.5553196765749992E-025  -4.5762243869335299E-019  -2.3280911345649497E-024  -9.7702368619237033E-025   1.5866511302930316E-019   1.1938339423386122E-025  -9.3756921588862197E-017   3.6565111659661527E-017  -5.4285747997102853E-011  -2.0572675519418618E-016  -9.6371796375565757E-027  -1.1148616806798271E-020  -4.4370852294996655E-026  -1.4174743715345709E-026   8.3784823927983372E-021   5.3983760175000177E-026   1.0294688799771768E-020   1.0159773797886942E-026   1.1455188538315831E-021  -2.4810151602250986E-027  -6.4392342596361133E-026  -3.5693658265230135E-021  -2.2951418485506179E-026  -2.6756201324403988E-021  -1.9595073453728430E-026   2.0658719359203928E-025  -1.9475169916246167E-020  -5.1819761027004741E-026   1.0077700988397949E-025   1.0046712070398694E-020   1.6314197463557944E-025   1.2565497843941025E-020   3.9417106125567628E-026   2.6027587771396116E-021   6.1354396114444705E-026  -1.4278680244091046E-025  -2.2110115173055178E-019  -7.9850387102229088E-025  -1.7293672643783860E-025   7.6659338075711802E-020   3.1187558692526638E-025   1.7777704534955557E-017  -2.6393355268988960E-011  -1.0002292563505999E-016  -1.0683459363796213E-016  -1.7082232650328749E-016
