   9.9648747801284007E-002   2.7217874503095229E-016   8.7916332129598893E-017   1.7716756950395659E-016  -4.0742598922506164E-008  -4.6276935401241956E-008  -3.6260976558121881E-009   2.5482038872092260E-008  -1.1858654719852273E-009   1.5260664399817791E-008  0.26379197564423329       -5.7364897147946618E-016  -4.2361396279727284E-016   1.3847787220191734E-016  0.16527838353669450        3.6212445203930114E-009  -8.2639030379760756E-010   4.4052571895430602E-010   4.7830117470906256E-009   4.5124174740329614E-010  -8.4037834631516225E-009   1.2157612601348031E-017   7.1526318924757611E-017  -3.9551810690370411E-017   6.1129191328794353E-017  -5.4440014286866747E-017  -3.3279412602613846E-017   7.6254385200967806E-017  -6.3308878918792807E-017   1.5977847956500956E-016  -5.4452588344572400E-017  -2.8342080874338447E-010   4.5275833189540575E-011  -7.1190485086021101E-011  -1.6918892661136560E-010  -2.5346600047499839E-011   6.6694883417634704E-010  -6.8763020256166640E-012  -3.2466924973791591E-011  -5.1518243823619575E-011   9.5390071313747734E-011  -3.2051619989770498E-010  -7.5272530930012413E-011   7.3209041956755743E-010   9.4164459513087800E-011  -7.9651568311976601E-010   1.0455300811251551E-015   5.7089235203816174E-016   1.3270428293826854E-015   1.9515260914600382E-009  -5.7896790408165262E-009   3.6535295367265379E-010   1.0203059189535703E-008   6.1738327517364248E-010  -1.2154487910695102E-008   2.3227018268904197E-015   1.4484764052125015E-015   2.5340093778385413E-015   1.4498902669328662E-014   7.9989064150757570E-015   2.6355992234640996E-014  0.22363473702589812        3.1248363572013165E-003   4.2965669930212466E-017   9.8042056953250326E-018   7.5007051077034366E-019  -5.6775976157126045E-018   2.3373342299338549E-017   1.4616187949542066E-017   2.5630792278947812E-017   1.5329538096144812E-017   3.2000952615069384E-018  -9.9688108289223806E-018  -1.9015381975015164E-004  -2.8957097521415397E-017   3.7461784276195907E-016   2.4674121392654186E-015   1.6267585635666408E-005   2.9712179249597599E-009  -4.9791080332250617E-009   4.6442826112246095E-010   1.0061308837632751E-008   6.7140320761654080E-010  -1.3032431785932183E-008
   2.7217874503095229E-016   8.6897660760214017E-007  -4.1793981921816184E-013  -2.2651515284016680E-014   7.2409563348762168E-019   2.3473343272499923E-018  -2.2691251313476623E-019   4.0552221429531445E-018  -4.8081732307513239E-018  -2.6406719687836935E-018   7.0502173809139467E-016   1.6022650736425398E-008  -1.4239960540348834E-012  -6.5215687876977374E-014   4.2149018764645798E-016   5.0009827200627234E-018  -1.4565621244946504E-018   4.1340010500643425E-018   2.1767055980538272E-018   6.3162671430590161E-018   7.0787794402136522E-018  -1.1117445625051737E-013  -6.7311195818073534E-014  -3.0718107250281648E-014   2.9085335501665540E-014  -1.4287861814429445E-015   1.2005482520816617E-013   7.1287121664411988E-014  -1.4761912467898888E-014  -2.8331109621314788E-014   3.3901563537206964E-014  -1.6841246365542056E-018  -1.0606851804186409E-018  -1.8260982535196412E-018  -7.4233765875042382E-019   5.3927232501566136E-019  -1.8585015128246221E-018  -6.3037928769295219E-019   3.0822419604954527E-019   2.1738077189119867E-018  -1.1147537223232420E-018  -4.0347905732457022E-018   6.4857063471358459E-019  -1.4897436874831782E-018  -9.5992123372603200E-019  -2.3228036245197575E-018   5.9298710512356131E-005  -1.2904993563968390E-011  -2.4527431089549528E-013  -4.0742092821064978E-018   7.0572581398603747E-019  -4.2227405790406404E-018  -1.9898929169605799E-019  -1.1133193994236331E-018  -1.6838853283042438E-018   1.8881216301972271E-011  -1.3137426378191543E-011  -2.4828995038467780E-012   1.2852922946042014E-003  -3.2245909644361333E-010  -1.9560396240826427E-011   5.9024707465564901E-016  -2.8911688676962929E-015   1.6221937280945763E-012   1.9954268828891231E-012   1.5941759570593287E-013  -1.3247608460694275E-012   2.4459034072209444E-014  -8.5150491080026800E-013  -1.1755376954081037E-012  -2.6790357913020061E-014  -4.1827114819958945E-013  -9.8854114694173067E-014  -8.4833745926790036E-016  -7.4414646607726795E-006   6.7885543472833683E-012   3.1535984597373227E-012   5.0544827955980780E-016  -2.9067282300450167E-018   4.0275592789899331E-020  -8.6588748244856553E-019  -2.5837926816638996E-018   4.7518478222015105E-019  -2.6953663758966879E-018
   8.7916332129598893E-017  -4.1793981921816184E-013   8.6897729764181188E-007  -1.5074743462351138E-015   1.5811737018569948E-018  -3.8336488882390566E-018   5.1281562305883552E-019   1.4628458394256060E-018   3.5078820108617110E-018  -1.6995673281373772E-018   1.3600683144011047E-016  -1.4241014575452422E-012   1.6025001753267161E-008   7.1788285035689016E-015   2.2820291746747581E-016  -2.4854249899539450E-018   3.7574015430880793E-018  -1.1441058929532148E-018   5.5316986909209540E-018  -2.4047052980899019E-018   1.2032348300023397E-018   6.7773826153350158E-014  -1.0094483667427930E-013  -1.2761655592480161E-014  -6.2545417605063655E-014  -8.3134745767367054E-015  -2.8385077183848242E-014  -4.6027118084956535E-014  -3.3511107712473633E-014   1.6270603915706078E-013   3.4490831989415678E-014   3.3173103657559062E-018  -5.2015663384129016E-019   2.0122046646637856E-019   6.8510987469689908E-019   4.5748480555681818E-019   4.1735537329028517E-019   8.8638833092225253E-019   7.6781598644195948E-019  -6.3568160601910830E-020  -1.0723556596449225E-018  -3.7958163067388403E-018   1.3701720690134355E-018  -1.2054331050163531E-018  -8.6415107173888788E-019  -8.9882295404663911E-019  -1.2908878682196320E-011   5.9298731800210409E-005   3.8141943202363973E-013  -1.8876751786852752E-018  -4.8533352308914022E-019   4.3582007223291157E-018  -1.1153745150175306E-018   2.3661482134895866E-019   3.8160439630657062E-018  -1.3137161056100726E-011   4.0658308027785466E-011  -1.6969209694560162E-012  -3.2254522869403808E-010   1.2852928271701175E-003  -3.0088582529071355E-012   2.1186524973639670E-016   6.5302010128073794E-015  -1.1400833612377178E-012   1.5866487785506548E-012  -4.8339395279617111E-015   1.9478542027536362E-012   1.0481515278040014E-013  -4.1827275162825138E-013  -1.0653996230483030E-012   6.8870951160230246E-014  -1.5732956132628051E-013  -4.7730873044489738E-014   4.8143144477242344E-016   6.7954418854605695E-012  -7.4414759873018724E-006   2.6341574324358689E-012   4.7791099728565873E-016   5.8930056484502571E-019  -1.2919847977354133E-018  -2.6633999781563472E-018   1.4133358725080319E-019   3.6133239620028132E-018  -5.1182199615741731E-019
   1.7716756950395659E-016  -2.2651515284016680E-014  -1.5074743462351138E-015   8.6897689624161351E-007  -6.9877889532226775E-018  -4.2248806608086303E-019   1.3298491070156756E-018  -5.9806519574732686E-018   4.2652775318573143E-018   1.0526787277740479E-017   4.6538257529200269E-016  -6.5049293133384444E-014   7.1148706133829001E-015   1.6023253024397972E-008   2.1994248177535390E-016   3.8692447565803128E-018  -1.0887860186788560E-018  -1.7862798161356024E-018   2.6132734792342000E-018  -4.3019100058290680E-018  -1.5467566032064617E-017  -3.6022167702435376E-014  -1.3727895500368233E-014   4.5611854290234167E-013  -1.5660146676193770E-014  -1.0755063942319007E-013   6.3990557621986539E-014  -4.1758196109367392E-014   6.0511120054650327E-013   6.9750820542829019E-014  -7.9098277884012361E-013   2.9065161984870216E-018   9.3362235692025854E-019  -3.7120793348960267E-018   1.3500482993169068E-018  -2.2936028745609484E-019   1.2189206618372885E-019  -3.4955667097691352E-018   3.3224963306469349E-020   3.7290590106365063E-018   1.2545528803486053E-018  -9.3814989076184567E-019  -1.2482327114481112E-019   2.3938460709806648E-018   1.8711748885948855E-018   1.4728479728368782E-018  -2.3910770556192615E-013   3.7869587071505623E-013   5.9298705835704595E-005  -3.0407850603697775E-018   4.0242534356962528E-020   2.8157664827411384E-018   1.0191743530479604E-018   4.6354683028863341E-020   6.6073097337699069E-018  -2.4833393843771967E-012  -1.6967675391915171E-012   8.0541444338252706E-011  -1.9424122600937988E-011  -3.0687758582562301E-012   1.2852925771211767E-003   4.6898551823875579E-016  -6.4643413497360339E-015  -5.6589993330768592E-014  -4.9150265890844720E-015   1.0031623108635292E-012  -2.6869363830439991E-014   1.5536079663689957E-012   1.0279242348284594E-013   1.2576409406753735E-014  -1.2160936592720751E-012  -1.1959295225499013E-014   1.5874602984564575E-013   1.9721837110333575E-015   3.1483553269098920E-012   2.6426575556893169E-012  -7.4415523669601333E-006  -2.3073798758275136E-015   4.7403342037823852E-018  -1.3432335853858186E-018  -1.5378149647692447E-018   3.6269546565374743E-019   1.1099079986299740E-018  -2.3158549480712201E-019
  -4.0742598922506164E-008   7.2409563348762168E-019   1.5811737018569948E-018  -6.9877889532226775E-018   1.6658933370101435E-014   1.8921899151035964E-014   1.4826459213436562E-015  -1.0419262115780200E-014   4.8487447243718361E-016  -6.2397138211269468E-015  -1.0786817725992262E-007   1.7814537566149213E-020   2.9405304000503966E-020  -1.2752650024744917E-019  -6.7561148990694684E-008  -1.4805592562420523E-015   3.3765135490785087E-016  -1.8010529614730985E-016  -1.9552362420260481E-015  -1.8447637910707814E-016   3.4356027148057288E-015  -4.4923489566066981E-024  -2.9046414169968637E-023   1.2438484307580531E-023  -2.5016173703654942E-023   2.3109738300918153E-023   1.3138375746808195E-023  -3.0542709481616271E-023   2.0928660385492866E-023  -6.5547869759033466E-023   2.8298752975919204E-023   1.1586429485681683E-016  -1.8510266658399804E-017   2.9103023383528515E-017   6.9164524836717993E-017   1.0361860256993289E-017  -2.7265217802107148E-016   2.8137068993895549E-018   1.3272743108009141E-017   2.1059091028172974E-017  -3.8996011191136237E-017   1.3102760719466426E-016   3.0771628124067408E-017  -2.9927977454626840E-016  -3.8494776067516635E-017   3.2561823618255868E-016   4.9573991848504325E-017   1.0790377023281467E-016  -4.7678959344255189E-016  -7.9634040755148379E-016   2.3694902675037874E-015  -1.4925247785157744E-016  -4.1733829132810321E-015  -2.5241638662147394E-016   4.9696835959913963E-015  -9.9986863866560716E-022  -4.5572293720378146E-022  -1.6885297289037681E-021   1.0754272748939078E-015   2.3388206892886126E-015  -1.0334061622574898E-014  -9.1440318680338576E-008  -2.1719025589562915E-012  -1.7730868325225317E-023   5.5569699484588121E-025  -8.2799737846681472E-024   5.0304410658319144E-024  -2.1833989624051186E-023  -8.2450353252351999E-024  -1.3329406723945068E-023   3.5814176012525933E-024  -1.6987580144154819E-024   2.5549020001833895E-024  -1.8563889145218944E-011   7.6874561191883515E-016   1.6383133073846530E-018   3.1142271942624440E-016  -1.1527871023440441E-013  -1.2161845927939944E-015   2.0375080548538700E-015  -1.9008749795609318E-016  -4.1175294867594830E-015  -2.7478153793996155E-016   5.3336752008295713E-015
  -4.6276935401241956E-008   2.3473343272499923E-018  -3.8336488882390566E-018  -4.2248806608086303E-019   1.8921899151035964E-014   2.1492275394997132E-014   1.6840498239895550E-015  -1.1834634819049778E-014   5.5073980521576262E-016  -7.0873126708870338E-015  -1.2252183062842029E-007   3.5916246351297126E-020  -7.1197945252821891E-020  -9.0374266146454825E-021  -7.6737093036942032E-008  -1.6816696017650489E-015   3.8349597051518150E-016  -2.0456925136056379E-016  -2.2207954430547993E-015  -2.0953315734943801E-016   3.9022461321073699E-015  -6.0349938292527097E-024  -3.2553183953184917E-023   1.8095415781717624E-023  -2.8093897501281619E-023   2.5369640465677582E-023   1.5875750910172026E-023  -3.4607422122972672E-023   2.9191000376331758E-023  -7.4949795898000010E-023   2.5106157342113120E-023   1.3160147787023963E-016  -2.1024519207068194E-017   3.3055910143951016E-017   7.8558654000457319E-017   1.1769252684713639E-017  -3.0968488371693834E-016   3.1961126929929542E-018   1.5075508391881805E-017   2.3919256329210661E-017  -4.4292609254927401E-017   1.4882419953935491E-016   3.4951137432143761E-017  -3.3992891165200789E-016  -4.3723276624235164E-017   3.6984486211488976E-016   1.5990977841215137E-016  -2.6162976322449189E-016  -2.8868733713523017E-017  -9.0437345233669407E-016   2.6915617578912067E-015  -1.6951524069858693E-016  -4.7404393585565181E-015  -2.8670321927780205E-016   5.6447676965404821E-015  -1.0406735909558033E-021  -8.1366130811031468E-022  -1.2126807546419173E-021   3.4643755842279695E-015  -5.6709395802440182E-015  -6.2598314064439414E-016  -1.0386166272691424E-007   1.1220012567034364E-010  -1.0407928266156259E-023  -6.2320296764927239E-024  -4.2478477805564685E-025  -9.4325503096624102E-024  -1.2006739911820599E-023  -7.2532179516487217E-024  -1.0157730616364833E-023  -6.9365917293534669E-024  -1.7276738940961851E-024   4.3962331293872449E-024   4.5559237695950605E-012  -1.4226952692680377E-015  -9.2584622991782888E-017  -2.1510877226761280E-016  -4.1961485899514099E-014  -1.3815066949862695E-015   2.3144318422215302E-015  -2.1592597376815736E-016  -4.6771818881092531E-015  -3.1213083020273524E-016   6.0586444207517460E-015
  -3.6260976558121881E-009  -2.2691251313476623E-019   5.1281562305883552E-019   1.3298491070156756E-018   1.4826459213436562E-015   1.6840498239895550E-015   1.3195556679424163E-016  -9.2731462180875100E-016   4.3153864565823891E-017  -5.5533508822809225E-016  -9.6002556594331821E-009  -1.6965801723127907E-021   1.3790225024085276E-020   2.7954780817052269E-020  -6.0129847827377820E-009  -1.3177009592307519E-016   3.0051522275038089E-017  -1.6029421933999497E-017  -1.7401713322054857E-016  -1.6418471313718910E-017   3.0577006999808368E-016  -4.1517276504603164E-025  -2.6352710214115090E-024   2.1393180454411711E-024  -2.2968857665866593E-024   1.8129309275984486E-024   1.2598321179122275E-024  -2.8578788199489140E-024   3.2142629620084761E-024  -5.5976608136168092E-024   7.4272884861197376E-025   1.0311974613303105E-017  -1.6474194808720529E-018   2.5901824776526806E-018   6.1556761751060779E-018   9.2221023817942161E-019  -2.4266168924752296E-017   2.5041552082998412E-019   1.1812800238945224E-018   1.8742727066467372E-018  -3.4706627807452618E-018   1.1661519539340345E-017   2.7386894009405013E-018  -2.6636042866811080E-017  -3.4260530507703248E-018   2.8980175780828604E-017  -1.5393493092256315E-017   3.5152597741188357E-017   9.0874721219428101E-017  -7.0877758595847780E-017   2.1088001348455578E-016  -1.3283762210011521E-017  -3.7142793266516226E-016  -2.2465111028172856E-017   4.4230215558624707E-016  -1.0675707965275110E-022  -2.4218064809765431E-023   2.8228069419673681E-023  -3.3311833006195411E-016   7.6286228910964338E-016   1.9704425696506865E-015  -8.1381929916302211E-009  -2.9444763571549349E-012  -2.7405795767401759E-024   6.2702057285460468E-026   1.4625441740100174E-024   1.6720595965017406E-024   1.5904470031519221E-024  -3.9901438857373592E-025  -1.2313157422152346E-024  -2.3827049251004705E-024  -1.0464563425251968E-025   6.0198932252158630E-025  -2.2690249464068050E-012   4.5448935404553642E-016   7.8777918924582521E-016   6.1924693589755639E-016  -1.2348906613663634E-014  -1.0823774630740868E-016   1.8133480123457979E-016  -1.6917393866158431E-017  -3.6645258111031590E-016  -2.4455026308249285E-017   4.7468686726433145E-016
   2.5482038872092260E-008   4.0552221429531445E-018   1.4628458394256060E-018  -5.9806519574732686E-018  -1.0419262115780200E-014  -1.1834634819049778E-014  -9.2731462180875100E-016   6.5166993207820235E-015  -3.0326206861648060E-016   3.9025894036501701E-015   6.7466761118776781E-008   6.8168990930556202E-020   2.5530956472581355E-020  -1.0494309992946290E-019   4.2253522428131879E-008   9.2599511163152287E-016  -2.1115088611195469E-016   1.1264366493812707E-016   1.2228346301176162E-015   1.1537618676963997E-016  -2.1487092497877135E-015   2.8274467710455051E-024   1.7656063751554480E-023  -1.3398072932442133E-023   1.5812197364145221E-023  -1.3202563450658791E-023  -8.4388402868623051E-024   1.9812991056482529E-023  -2.0460435004512654E-023   4.0477480279109237E-023  -7.9602221843573396E-024  -7.2464089733707615E-017   1.1576885414482739E-017  -1.8201659398107790E-017  -4.3256890899180501E-017  -6.4805368165390011E-018   1.7052258619492704E-016  -1.7600913393370411E-018  -8.3010734299574126E-018  -1.3170577769861317E-017   2.4388957496010071E-017  -8.1947365560367873E-017  -1.9245221021706975E-017   1.8717572749246768E-016   2.4075448845725609E-017  -2.0364850678368362E-016   2.7648653994779547E-016   9.9774082414439995E-017  -4.0792652868088641E-016   4.9786439005567373E-016  -1.4822700069678062E-015   9.3332462786230308E-017   2.6104251650340687E-015   1.5787043975339420E-016  -3.1082647189797785E-015   7.2485717035158891E-022   3.4441466192283356E-022   7.3862294713361373E-023   5.9914148560475442E-015   2.1623009196294692E-015  -8.8406134613563770E-015   5.7190978009745020E-008  -1.6224610118529541E-010   1.6947651573311124E-023   1.4540233651047655E-023  -5.9514100239110975E-024  -4.2096956028970148E-024  -4.4148853680609084E-024  -1.6690077143603582E-024  -9.2721859736145416E-025   1.2288495783708445E-023  -1.4288899434482084E-024  -4.1098966482538764E-024  -2.4972223714707878E-011  -1.2179897144448594E-015  -2.5779399930751010E-016   1.0246107819001251E-015  -5.3808733914592107E-014   7.6082092916610503E-016  -1.2745604380628259E-015   1.1891342861566105E-016   2.5757531672986112E-015   1.7189338276354058E-016  -3.3365497766490425E-015
  -1.1858654719852273E-009  -4.8081732307513239E-018   3.5078820108617110E-018   4.2652775318573143E-018   4.8487447243718361E-016   5.5073980521576262E-016   4.3153864565823891E-017  -3.0326206861648060E-016   1.4112777800101691E-017  -1.8161364348528130E-016  -3.1395568157058115E-009  -8.8342013135705027E-020   6.3056716193848342E-020   8.0670739118905386E-020  -1.9665471132157202E-009  -4.3093838053198725E-017   9.8292321455985133E-018  -5.2422607820915162E-018  -5.6911997137178644E-017  -5.3695519141958141E-018   1.0000021993050964E-016   5.7089942414747150E-025  -9.4640546020094400E-025   2.8295030449313848E-024  -1.2200260189840016E-024   9.4748739480429587E-026  -6.8523898352179484E-026  -1.6843209152253017E-024   3.6708697613197986E-024  -7.4354908524973093E-025  -3.2946716223238763E-024   3.3724787450202211E-018  -5.3877335489641906E-019   8.4710660642423374E-019   2.0131882331872646E-018   3.0160413710757488E-019  -7.9361316561827185E-018   8.1882427979789684E-020   3.8633132117456863E-019   6.1298193482763834E-019  -1.1350629859949038E-018   3.8138490267788799E-018   8.9567593921227467E-019  -8.7112019339965297E-018  -1.1204746971184657E-018   9.4778332712293209E-018  -3.2809661522403178E-016   2.3931648327980829E-016   2.9113536663148266E-016  -2.3188255763645401E-017   6.8952473620311368E-017  -4.3449682556925406E-018  -1.2146055998924223E-016  -7.3469406703014339E-018   1.4464765904985463E-016  -1.9886166937178162E-022   2.1329419503974274E-022   3.7048937573331852E-022  -7.1113865118068548E-015   5.1868001221213012E-015   6.3107629762319312E-015  -2.6614593590773802E-009  -8.0979939397248014E-012  -1.4361923667684999E-023  -4.7795155648697177E-024   4.0135487521040154E-024   1.5125349773218338E-023   7.6395797755528614E-024   3.3549773171697688E-024   1.9671622842922959E-024  -5.7313890399284748E-024   1.5846194970527960E-024   1.2540717831428943E-024  -2.3377698666779467E-012   9.8534994407188443E-017  -3.3193062058982014E-016   3.3466291971302696E-016  -9.5689561381905210E-015  -3.5390220528810570E-017   5.9293375814112313E-017  -5.5315041831008066E-018  -1.1982205905348092E-016  -7.9961935736804605E-018   1.5521114814010703E-016
   1.5260664399817791E-008  -2.6406719687836935E-018  -1.6995673281373772E-018   1.0526787277740479E-017  -6.2397138211269468E-015  -7.0873126708870338E-015  -5.5533508822809225E-016   3.9025894036501701E-015  -1.8161364348528130E-016   2.3371403757548909E-015   4.0401690748417620E-008  -4.5437576333061060E-020  -2.9555838907839079E-020   1.8618935033906078E-019   2.5307801452364927E-008   5.5456794305340459E-016  -1.2650136292045878E-016   6.7462093940977292E-017   7.3240666791127442E-016   6.9100667567996230E-017  -1.2869023188781069E-015   1.5977415019541011E-024   1.1107828213036970E-023  -4.1853224004837528E-025   9.2228468224178934E-024  -9.6216477298952204E-024  -4.6282613186429939E-024   1.0951097784453664E-023  -2.2575067332839203E-024   2.5056317396765977E-023  -1.7977905100727334E-023  -4.3400503885947945E-017   6.9334288207213869E-018  -1.0901439042939424E-017  -2.5907812410185263E-017  -3.8813501585560589E-018   1.0213029497816709E-016  -1.0536224859531590E-018  -4.9717038958985937E-018  -7.8885677970479245E-018   1.4607154257311154E-017  -4.9080579686185623E-017  -1.1526486482528240E-017   1.1210481920344689E-016   1.4419426516005414E-017  -1.2197056934549481E-016  -1.8007915244854375E-016  -1.1591121152433496E-016   7.1805242022332461E-016   2.9847824971577952E-016  -8.8722603849374440E-016   5.5920412751824040E-017   1.5629682139344993E-015   9.4546593923492416E-017  -1.8614315748095000E-015   3.0779326628737024E-022   1.4646534909944719E-022   1.3806395794110049E-021  -3.9024726028941129E-015  -2.5119631328333566E-015   1.5561986572455048E-014   3.4249574313900983E-008   1.6457813507456418E-010   3.1717368298477023E-024  -7.7123191576516829E-024   1.1797215451356233E-023  -9.9263530453672838E-025   2.2103259828865528E-023   6.8818346183051028E-024   9.6768975612277447E-024  -1.2408936043723372E-023   1.8883766408414602E-024   7.8953162089054326E-025   4.3608852226586388E-011   6.3538127321521468E-016   3.5298615313916074E-016  -1.5458843708534814E-015   1.6945566781897168E-013   4.5536661467498444E-016  -7.6295261876828059E-016   7.1174531972139928E-017   1.5417863933214064E-015   1.0288882598925237E-016  -1.9971384489902484E-015
  0.26379197564423329        7.0502173809139467E-016   1.3600683144011047E-016   4.6538257529200269E-016  -1.0786817725992262E-007  -1.2252183062842029E-007  -9.6002556594331821E-009   6.7466761118776781E-008  -3.1395568157058115E-009   4.0401690748417620E-008  0.69853942823634541       -1.5924427602438180E-015  -9.7767489659201466E-016   2.5573977969377611E-016  0.43728194443394636        9.5857073094416644E-009  -2.1838658618332117E-009   1.1660177404684029E-009   1.2655783002073043E-008   1.1942155518654090E-009  -2.2240247547259588E-008   2.9559438412799670E-017   1.8400800769532220E-016  -1.0439298953762251E-016   1.6275416335787664E-016  -1.4415398217705741E-016  -8.8110616295495867E-017   1.9664567480721121E-016  -1.6728221198673956E-016   4.2191179570639966E-016  -1.3733191170390865E-016  -7.5001692821621265E-010   1.1983343173085622E-010  -1.8838958037100095E-010  -4.4770804192693120E-010  -6.7074798934338227E-011   1.7649329261600603E-009  -1.8240128403192283E-011  -8.5918103668051170E-011  -1.3630137881147188E-010   2.5242960212344512E-010  -8.4815733030674348E-010  -1.9918922641178557E-010   1.9372724823010260E-009   2.4918301694362825E-010  -2.1077774402882519E-009  -2.0327741910499628E-016  -5.8765240230278956E-016  -1.5490402504845391E-015   5.1403302487965079E-009  -1.5364641722670641E-008   9.6508505513748178E-010   2.7038421277773684E-008   1.6342146627195223E-009  -3.2178495171903333E-008   7.1506837769028956E-015   2.8497714856499586E-015   6.6852368317444739E-015  -2.8349113660521651E-014  -2.1107095645491816E-014  -4.0417737786750731E-014  0.59208479098306865       -1.2763258869182326E-002   1.1215729952993369E-016   2.6637043438910298E-017   2.5124652716260134E-018  -1.6059718533579456E-017   6.1848498787314238E-017   3.8190471056005569E-017   6.4978503939450378E-017   4.1062359744343729E-017   5.9810223634038491E-018  -2.5065848388265886E-017   6.2338033604463178E-004  -7.9393409471405963E-016  -9.0646499092571410E-016  -5.7441437075050637E-015  -5.2904374816550315E-005   7.8879508337239535E-009  -1.3209461123839640E-008   1.2327424437309830E-009   2.6697776596104413E-008   1.7818016764327255E-009  -3.4585475264261446E-008
  -5.7364897147946618E-016   1.6022650736425398E-008  -1.4241014575452422E-012  -6.5049293133384444E-014   1.7814537566149213E-020   3.5916246351297126E-020  -1.6965801723127907E-021   6.8168990930556202E-020  -8.8342013135705027E-020  -4.5437576333061060E-020  -1.5924427602438180E-015   3.5486085782967479E-010  -5.2755887530858831E-014  -2.5054213002602493E-015  -8.7094559963889476E-016   9.3856993389403608E-020   7.0178334261123692E-021   7.5061074757584565E-020   3.7190071677457749E-020   8.0166114897124700E-020   1.3893704291929022E-019  -2.0300707987589377E-015  -1.2172436732811569E-015  -5.6580969548997223E-016   5.2098964421840980E-016  -2.5589694745796112E-017   2.2023534104254131E-015   1.3041218576483858E-015  -2.7372386873229637E-016  -5.3242012066690987E-016   6.2579723309148203E-016  -3.4530931884194795E-020  -1.5648330060360991E-020  -3.2332491121600485E-020  -1.7261300290010687E-020   1.7995805128213664E-021  -4.4603459317064766E-020  -3.3271188625344885E-020   1.2283477739992982E-020   2.4887244359950348E-020  -2.2600311664090367E-020  -7.0721081406351521E-020   3.9119644439377215E-020  -1.5308481338251247E-020  -1.4160826861072755E-020  -4.7431769318437121E-020   1.0955561507559258E-006  -9.6901147569614063E-011  -4.4180653266104509E-012  -6.4565494147601981E-020   7.7682197692664357E-021  -7.3426259796346371E-020  -1.1881172771935455E-020  -6.0070804899793531E-021  -3.6474983260857799E-020   3.2993808123136956E-013  -2.3931450220725083E-013  -4.4743253486234363E-014   2.3758897234922561E-005  -2.1011534976580261E-009  -9.6037773123424458E-011  -1.3122466576390332E-015   6.8840064427935500E-015   3.0010142983677858E-014   3.6946090493491320E-014   2.9488520281663467E-015  -2.4544996794280280E-014   4.4990520079664373E-016  -1.5715133384600861E-014  -2.1769114632487419E-014  -4.9484759861394988E-016  -7.7396110165557270E-015  -1.8291085383264715E-015   7.5776376445884687E-016   1.0764638390207480E-005  -2.2540287861959962E-011  -9.5878950175452883E-012  -2.8912905170424815E-016  -6.2248873854495078E-020   3.8917353250610537E-022  -1.9799476275140640E-020  -4.0942755259911707E-020   7.0441606183029801E-021  -5.2061183792002953E-020
  -4.2361396279727284E-016  -1.4239960540348834E-012   1.6025001753267161E-008   7.1148706133829001E-015   2.9405304000503966E-020  -7.1197945252821891E-020   1.3790225024085276E-020   2.5530956472581355E-020   6.3056716193848342E-020  -2.9555838907839079E-020  -9.7767489659201466E-016  -5.2755887530858831E-014   3.5494795838875816E-010   1.7795996759617330E-016  -8.6083809698118516E-016  -4.6532069940510640E-020   6.8580090010037249E-020  -1.6264163438693212E-020   1.0432219505203323E-019  -3.7817937242336763E-020   2.2393963555512057E-020   1.2386427296119154E-015  -1.8445873704632632E-015  -2.3630769479814283E-016  -1.1284552595714238E-015  -1.5196840237514844E-016  -5.3342579108842713E-016  -8.6483372481792303E-016  -6.1919283494028766E-016   3.0050722468595322E-015   6.3766826520470791E-016   6.1620964499714804E-020  -3.1183881505057788E-021   3.9359624904846746E-021   1.0580009944847071E-020   4.3543543984738037E-021   6.1352500791737770E-021   1.7563659994502497E-020   1.9591801539598046E-020  -1.2735510045238692E-021  -2.4124458352593807E-020  -7.6276094472279389E-020   2.1199276131188823E-020  -6.8301246492035497E-021  -1.6969870929632242E-020  -2.4755268434203227E-020  -9.6894027627838841E-011   1.0957161223779330E-006   4.9195537844967436E-013  -3.2778689451074366E-020  -1.6852172278484988E-020   7.8382885343979386E-020  -2.3406788557428425E-020   2.9996963962683849E-021   7.1506318474444291E-020  -2.3930985501559907E-013   7.2661270308410718E-013  -3.0455779243554481E-014  -2.1009992282451853E-009   2.3762365986757380E-005   1.0444070122266344E-011  -9.0193054635403374E-016  -1.3569671230796276E-014  -2.1117044105763962E-014   2.9369454173496964E-014  -8.8802266101600590E-017   3.6071121559555749E-014   1.9384541368576430E-015  -7.7396390975429592E-015  -1.9752377821091208E-014   1.2736265556813366E-015  -2.8701136317233228E-015  -8.8311893723883540E-016  -1.2728571496121464E-016  -2.2558256024493644E-011   1.0764675969459422E-005  -7.9160098121637303E-012  -7.2060295908630597E-016   9.5476220653873242E-021  -1.8640226093637074E-020  -4.5840569249096576E-020   4.2896231204141647E-021   6.6439884189955750E-020  -9.9514071875575420E-021
   1.3847787220191734E-016  -6.5215687876977374E-014   7.1788285035689016E-015   1.6023253024397972E-008  -1.2752650024744917E-019  -9.0374266146454825E-021   2.7954780817052269E-020  -1.0494309992946290E-019   8.0670739118905386E-020   1.8618935033906078E-019   2.5573977969377611E-016  -2.5054213002602493E-015   1.7795996759617330E-016   3.5488592909260238E-010   3.4894195805562338E-016   7.6660316638162256E-020  -8.1610205583202507E-021  -3.3378023625452911E-020   2.6792736950212126E-020  -1.0118974079610913E-019  -2.7355046710971290E-019  -6.6793059285486659E-016  -2.5420962595841661E-016   8.4636892236063891E-015  -2.9035529270697098E-016  -1.9708414614612572E-015   1.1864795650114209E-015  -7.7333884954938221E-016   1.1193059980501487E-014   1.2917230771646356E-015  -1.4651051545444487E-014   5.1492438106482300E-020  -9.8681388927655719E-021  -5.8509317215959771E-020   2.1661323635475429E-020  -2.7392029324215626E-021   1.4914801750826697E-021  -6.1609087614494548E-020  -1.2194819248303112E-020   7.4583871745356672E-020   2.1115623260797781E-020  -6.1212018696994728E-021   1.6204694571999271E-020   4.4675703379882476E-020   4.0251550046809370E-020   2.5740516160592781E-020  -4.4293069073786256E-012   4.9626998234084610E-013   1.0955968855343971E-006  -5.5092216683901386E-020   4.6812950976581878E-021   4.8319541324761371E-020   3.0120832683034648E-020   3.5071157947602715E-021   1.1166640644289788E-019  -4.4751100203819566E-014  -3.0453422248421426E-014   1.4386767894469994E-012  -9.6281379229944323E-011   1.0537558487156902E-011   2.3759787613148418E-005   2.7518978386092886E-016   1.0162484611243643E-014  -1.0450154219536935E-015  -9.0196021590426113E-017   1.8522384854875938E-014  -4.9621390483589368E-016   2.8775413927292272E-014   1.8982325302692607E-015   2.3651571111612910E-016  -2.2581671497361508E-014  -2.2714792425799327E-016   3.0262685464841602E-015  -2.2085739337107350E-015  -9.5813155781811315E-012  -7.9292468793053565E-012   1.0764903220639446E-005   1.1711817824273180E-015   8.7801070562391815E-020  -2.2517722114020599E-020  -2.6218472322209651E-020   3.6660558189842102E-021   1.9388323703278002E-020   7.8751251371595270E-022
  0.16527838353669450        4.2149018764645798E-016   2.2820291746747581E-016   2.1994248177535390E-016  -6.7561148990694684E-008  -7.6737093036942032E-008  -6.0129847827377820E-009   4.2253522428131879E-008  -1.9665471132157202E-009   2.5307801452364927E-008  0.43728194443394636       -8.7094559963889476E-016  -8.6083809698118516E-016   3.4894195805562338E-016  0.27440215225143194        6.0068223314381283E-009  -1.3748023785972486E-009   7.3082768800072813E-010   7.9396493468410222E-009   7.4878792400010089E-010  -1.3945677537639515E-008   2.3092965906699957E-017   1.2443494495051686E-016  -6.5983060742644422E-017   1.0041350202116042E-016  -9.0252070779784404E-017  -5.5116716154294688E-017   1.3199244421916761E-016  -1.0538747052537745E-016   2.6604639139064090E-016  -9.7726165197803248E-017  -4.7036997772750740E-010   7.5118660136963891E-011  -1.1815102542491378E-010  -2.8080732973378095E-010  -4.2065588785110319E-011   1.1068957531563110E-009  -1.1364443528614366E-011  -5.3881745047901162E-011  -8.5535022929938551E-011   1.5831238704857619E-010  -5.3196174422906913E-010  -1.2492859431705148E-010   1.2150548849223581E-009   1.5628190241270419E-010  -1.3219583253513796E-009   1.8136070194367451E-015   1.6167318572982342E-015   2.3847533907273839E-015   3.2650873994140268E-009  -9.5609955330491798E-009   6.0826113183401430E-010   1.6891352028891396E-008   1.0241403468651421E-009  -2.0156276410820843E-008   2.7521921321929788E-015   3.4853634262765979E-015   4.2290000319868084E-015   2.8339491663368211E-014   2.4247395720317696E-014   4.8183160036349999E-014  0.37084075988830073        2.8270816922515669E-002   7.2987065720435642E-017   1.5372066386749619E-017   6.5285131589414895E-019  -8.2379316450765193E-018   3.8796710219474235E-017   2.4824130536709949E-017   4.5616032220463399E-017   2.4886140299466441E-017   8.0491498958060961E-018  -1.8057669305386120E-017  -7.9467668376523532E-004   1.3401539197686121E-015   3.9997015771301965E-016   5.4278284203379172E-015   6.6951381564267368E-005   4.9034764185739318E-009  -8.2269401719246039E-009   7.6669214248297915E-010   1.6618404056771162E-008   1.1087193299218252E-009  -2.1521723721186351E-008
   3.6212445203930114E-009   5.0009827200627234E-018  -2.4854249899539450E-018   3.8692447565803128E-018  -1.4805592562420523E-015  -1.6816696017650489E-015  -1.3177009592307519E-016   9.2599511163152287E-016  -4.3093838053198725E-017   5.5456794305340459E-016   9.5857073094416644E-009   9.3856993389403608E-020  -4.6532069940510640E-020   7.6660316638162256E-020   6.0068223314381283E-009   1.3159963573035023E-016  -3.0040902765287946E-017   1.6009358897734757E-017   1.7383233400154430E-016   1.6399207544705656E-017  -3.0541474669635357E-016  -5.3959827692674364E-025   2.4483644931476168E-024   4.5439870959652979E-025   2.4982133067298337E-024  -2.4405318568374337E-024  -1.4686241418571517E-025   3.1210423505657804E-024   4.0401527632525092E-025   5.4811665848268622E-024  -5.4238443331570703E-024  -1.0300206342540702E-017   1.6453845098656745E-018  -2.5872406082052688E-018  -6.1487810913418899E-018  -9.2115726775733469E-019   2.4238582455206456E-017  -2.4979533205020205E-019  -1.1799252262391230E-018  -1.8723745310637453E-018   3.4667111044688734E-018  -1.1648404045046361E-017  -2.7355984854013658E-018   2.6606094544756630E-017   3.4221771953695405E-018  -2.8947430779398884E-017   3.4132581394870236E-016  -1.6962938516795176E-016   2.6422999395333532E-016   7.0979302015773830E-017  -2.1030295170591937E-016   1.3281745954324031E-017   3.7070562459334005E-016   2.2435737349743193E-017  -4.4168138692152683E-016   2.1662585848100182E-022  -1.4378958589480587E-022   4.3729727180933550E-022   7.3985547266229388E-015  -3.6768425640036225E-015   5.7283026327730148E-015   8.1267359134893164E-009   1.6541400505488346E-010   1.3910877449693349E-023   7.2705198452826898E-024   5.4265284242986434E-024  -1.3519730117323774E-023   7.6195434213709090E-024  -2.7114618896886603E-024  -2.7300026720039984E-024  -5.2240078476113063E-024  -1.8881312511479913E-024  -9.0308947222916573E-026   5.5080054711112475E-011   2.6230485599558512E-016  -1.0233440199595100E-016   9.4091726352427200E-016   3.5876166763945033E-013   1.0792475427421738E-016  -1.8087199903545931E-016   1.6869947228843045E-017   3.6548074543540629E-016   2.4388619808711396E-017  -4.7340204687452332E-016
  -8.2639030379760756E-010  -1.4565621244946504E-018   3.7574015430880793E-018  -1.0887860186788560E-018   3.3765135490785087E-016   3.8349597051518150E-016   3.0051522275038089E-017  -2.1115088611195469E-016   9.8292321455985133E-018  -1.2650136292045878E-016  -2.1838658618332117E-009   7.0178334261123692E-021   6.8580090010037249E-020  -8.1610205583202507E-021  -1.3748023785972486E-009  -3.0040902765287946E-017   6.9171770532978233E-018  -3.6559563549743784E-018  -3.9766589610786612E-017  -3.7476959739982480E-018   6.9803411551493132E-017   3.8759874780756468E-025  -9.7401690895378374E-025  -2.2912710536390030E-025  -8.0221171035360189E-025   5.5490838275481687E-025  -1.3632857293627746E-025  -9.8326570085448237E-025  -3.4007067570176596E-025  -6.7817775343425366E-025   1.6345217868412729E-024   2.3548175919845857E-018  -3.7583996527989890E-019   5.9152200294263957E-019   1.4060002309217890E-018   2.1059269812954025E-019  -5.5416272107349446E-018   5.6400647210812869E-020   2.6973909620932758E-019   4.2857152565705482E-019  -7.9257505477205950E-019   2.6634509001846899E-018   6.2548296545432571E-019  -6.0836129397176758E-018  -7.8244669165743092E-019   6.6186214435642128E-018  -9.8155226344554949E-017   2.5637764399124118E-016  -7.3862176816117742E-017  -1.6617696433085265E-017   4.7370683950493751E-017  -3.0648666132981884E-018  -8.4127961458945990E-017  -5.1220425041744280E-018   1.0074482783274978E-016  -9.7886969576895620E-023   1.7337255175553205E-022  -1.3426982841188360E-022  -2.1201763230251151E-015   5.5567990081816867E-015  -1.5983767470161091E-015  -1.8533543062615254E-009  -3.8093624456122778E-010  -7.9035898690252835E-024   3.5461004139912109E-024  -1.5316303561977887E-024   1.0636493181386482E-023  -1.7035372894277222E-024  -6.4899448271759654E-025  -2.9629422493513171E-024   1.7154649556862057E-024  -5.0750602686589663E-026  -1.1469023656539590E-025  -1.4215506251200429E-011   6.2272539783452913E-015  -1.6411535233008081E-016   2.1956623632074136E-015   1.3980735363542125E-013  -2.4264007252682040E-017   4.0808714477647975E-017  -3.7962164064953465E-018  -8.2374727083011904E-017  -5.4932461428721255E-018   1.0663795744586794E-016
   4.4052571895430602E-010   4.1340010500643425E-018  -1.1441058929532148E-018  -1.7862798161356024E-018  -1.8010529614730985E-016  -2.0456925136056379E-016  -1.6029421933999497E-017   1.1264366493812707E-016  -5.2422607820915162E-018   6.7462093940977292E-017   1.1660177404684029E-009   7.5061074757584565E-020  -1.6264163438693212E-020  -3.3378023625452911E-020   7.3082768800072813E-010   1.6009358897734757E-017  -3.6559563549743784E-018   1.9476043891463155E-018   2.1149077680935851E-017   1.9950957344789745E-018  -3.7156337811431564E-017  -4.8907695868554159E-025   1.6109761132497236E-025  -1.2428751950564805E-024   5.2529550139940163E-025  -1.5412370753877442E-026   3.2989323981514164E-025   8.2283020964450202E-025  -1.5507833267434548E-024   2.1390411221188276E-025   1.4974483375837436E-024  -1.2531250919920954E-018   2.0017004204345153E-019  -3.1476493028893804E-019  -7.4806845464112095E-019  -1.1206815001342104E-019   2.9488763242383287E-018  -3.0373290974010334E-020  -1.4354960614710198E-019  -2.2780565440491485E-019   4.2176123846215486E-019  -1.4171568678017285E-018  -3.3281521787407609E-019   3.2369256730600966E-018   4.1634449580611011E-019  -3.5217667909472432E-018   2.8206034868208645E-016  -7.7896100218167723E-017  -1.2191133619329643E-016   8.6446654198224754E-018  -2.5568610592298661E-017   1.6165372189328710E-018   4.5085288229998589E-017   2.7293650937908266E-018  -5.3729522513639818E-017   1.2239064306163021E-022  -1.0739313246414109E-022  -1.6351724696427660E-022   6.1133720179905526E-015  -1.6873413273673876E-015  -2.6425094668269239E-015   9.8859138122617815E-010   2.8303238359222681E-011   9.5161512235734728E-024   7.4615938744492381E-024  -1.2947150965478641E-024  -8.8211933827853989E-024  -3.1123797238182431E-024  -3.6481753424570104E-024  -4.1078307711570775E-024   2.3506271785843566E-024  -1.7389880262819593E-024  -7.8060465530374530E-025   6.7164526180640248E-012  -2.4880973416426315E-016   8.9829256949237311E-016  -6.5559987893272542E-017   3.7374896679755129E-014   1.3120381116077375E-017  -2.1992003076856834E-017   2.0509570980340476E-018   4.4436305779367821E-017   2.9651587533711770E-018  -5.7556267121800618E-017
