  0.10307807334576743        9.6739161407719311E-016   1.9546238610886249E-016  -7.8383544232179096E-016  -1.1794762046517484E-016  -1.7375725637798515E-016  -5.3156326275612082E-017   6.5244107835419023E-017   8.2863476576469452E-017   7.1193266457568824E-017  0.20591801532017062       -1.7525668356223707E-016   2.4919629761710844E-015  -6.7063966713019006E-015  -1.1304654975483457E-014   9.2302049771871624E-017   2.9555854316151951E-017  -4.7189822670000342E-015   6.5458898418766066E-017  -3.2531729140367123E-015   1.3031312483902435E-016  -8.5132721929814375E-017   5.2797862634228429E-017   3.0066651504988096E-017   3.8729738607212526E-016   2.4259502894555107E-016   9.0789043307042576E-017   2.7976702423185633E-017  -8.2938193736477201E-017   6.1953409109861573E-017  -4.0074349832407816E-018   3.4617205789264783E-018   8.5289272475569566E-018  -1.0263440830180583E-016   8.3063510862275136E-018   4.1004621848236243E-017  -2.4966967275144246E-017  -6.9173335652088325E-018   3.1124385511567219E-017  -2.4218067682263818E-017  -1.2376071410164347E-017  -4.6620266007864058E-018   1.0003600923100704E-016   5.2195716372045523E-018  -1.0134935115947834E-016  0.15699736009056164        4.9143973786382916E-016   1.4655191477970445E-015  -1.3119310481634516E-015  -8.5515670962659718E-015  -4.8709391699448428E-017   2.2614486278778594E-017  -5.7595067887742310E-015   1.6241318464770759E-018  -4.3103429942682810E-015   5.1385231602372285E-018   3.9261558898871487E-017   2.1598625150053606E-017  -1.0032464784915569E-017   5.5053416085055080E-017  -7.3547819341938179E-017  -2.2732957012484138E-017   1.0067019327361720E-016   7.5544617913976439E-017   1.3058227685010328E-016  0.10221179398122546       -3.6636963568195600E-016  -1.0036033776336330E-015  -6.1435926110511700E-004  -3.2570178080742331E-014  -1.5729849022825301E-014  -4.5111470869551220E-015   7.6786217530096517E-015   3.5742778026673850E-016
   9.6739161407719311E-016  0.10307807334578599       -7.1722312762393219E-016  -5.5754108514983031E-016   4.3435202953294423E-016   8.3578653349777179E-017   3.1852665452560698E-017   2.8951275397663514E-016   1.3686218312277713E-017   5.9825123857210110E-016   9.2828237610473179E-016  0.20591801532014486       -1.8940886394429859E-015  -4.1959305800136885E-015  -1.8832871265268039E-016  -2.0170973956974170E-015  -7.1470716121465309E-017  -1.2640390456813882E-016   2.2946222411742979E-017  -6.5475765942420154E-017  -6.9227995257451214E-015   1.7775250788887589E-017  -9.8682296324434429E-016   1.1771784777876832E-016   4.0232948668996598E-016   2.1705987674108891E-016  -1.4158780922992286E-016  -2.8837319820137741E-017   8.2883392134520615E-017   1.3453279624613892E-016   1.8813347980152309E-016  -1.1317809889033132E-016   6.2318864951181974E-017   2.4649993335415929E-016  -2.0859611758311070E-017   1.5075609740579174E-016  -1.2405409183388224E-016   3.0895068910732093E-017  -5.1101702437356669E-017   7.2571649797324981E-017   5.9468136874048898E-016  -2.9841747770956059E-017   2.5131493217582016E-016  -5.0875210183614352E-017   3.3727560132778685E-016   1.7893128153533889E-015  0.15699736009067217       -9.0395946908602072E-016   5.4453542311318583E-016  -7.4946266307769094E-017  -1.6985109004104335E-014   7.0595726741448569E-017  -8.4101122163113101E-017   3.7453315049895302E-018   2.7959205594270220E-018  -4.0644452928605132E-014   1.1538744614719508E-016  -1.6758776417191698E-014   4.0981236983152690E-017   4.1896753548614612E-016  -8.7312224995940277E-017   3.6092021938873677E-017   5.2021110789061979E-016  -1.3765812687285679E-017   5.0556283717148603E-016  -2.4680805058462391E-015  0.10221179398105416       -2.8625264553618626E-015  -3.0782302764314420E-015  -6.1435926130049446E-004   2.0465831644733214E-015  -1.3940861534491760E-015   2.9237171575346785E-015   1.4789023445240124E-015
   1.9546238610886249E-016  -7.1722312762393219E-016  0.10307807334582687       -8.3710630628580056E-016  -5.9612993354155662E-016   1.7426613193230190E-016   1.0830091796430712E-016  -4.0664245984203121E-017   3.7262787583064158E-016  -1.1518040110575587E-015  -3.9261799088683958E-015   3.1131694991776412E-016  0.20591801532014997       -1.4821420777522486E-015  -1.9934528350431439E-016  -1.7636795416527484E-016   7.8378499946385370E-015   1.1249643989938507E-017   4.8742609052571295E-017  -2.7217053464378389E-016  -4.2267460396034442E-016   7.6327861652418165E-015  -6.4345719678908128E-017   1.7804415237664020E-014  -1.8822660650987903E-016  -1.0340245186732343E-016   2.7684216662981171E-016  -6.3596798338677721E-016  -5.8698219608046642E-016  -1.3629082792794949E-016  -1.6873192314438343E-016  -3.8900754151723947E-017  -1.5741049742892342E-016  -1.3679171493847774E-017   6.4935434923804021E-017  -8.0346981665353371E-019  -2.4766197016655605E-018  -5.8312991941180138E-017   3.1715409757169293E-018  -1.4326424753528070E-016  -4.6770747880760653E-017   1.3843863296547045E-016   3.1892375051936263E-017   1.4565881439297748E-016   3.5023871570888192E-017  -2.3249434684262708E-016  -8.0821732703179620E-016  0.15699736009060986       -4.7878131297485342E-015  -1.5513990889094202E-016   8.9171616481470619E-017  -1.3759688364406927E-015  -9.9519025936148265E-017  -4.0238833953104587E-017   3.4463286172798309E-017   1.2287253609032368E-016  -2.6342814206574012E-015   8.1049302113138861E-017   4.5709890477140662E-016  -1.6710472608414432E-016   1.2368722105381367E-016  -5.4035246421240704E-017  -7.7217086918205494E-018   1.7184813452429729E-016  -2.2538639183005170E-016  -5.3052897368227506E-015  -2.9465617241137739E-015  0.10221179398124891       -3.9881099841761768E-015   4.5023257503433777E-015  -6.1435926109908569E-004  -9.9969827190991797E-015   1.1035670650051257E-015   3.1818752144391515E-015
  -7.8383544232179096E-016  -5.5754108514983031E-016  -8.3710630628580056E-016  0.15744610295119718        2.2543980916399352E-014   1.1404152853645769E-016   2.3879617165380686E-016   2.4813827349468955E-014   4.5977431101614878E-016   2.4537715294803663E-014   4.7648112157587982E-015   3.3963380357086681E-016   8.3339021158673348E-015  0.37934541355292017        9.5361201884099645E-016   3.1973974423043714E-016   1.5423338111811045E-016   4.3635020327532133E-016   4.4634271326056797E-017   1.9897682341763582E-017   1.1650051584102167E-016  -2.0533458580177861E-016   2.7163008481640951E-016  -7.9745494688181464E-017   7.6450953708931187E-014  -1.5556102495512764E-016  -1.3175891244745878E-016   6.4327208366721492E-014   1.1646418930431566E-016   7.4367987179909479E-014   6.7215294319941010E-015   3.8771700488714771E-017  -1.0528465491087051E-016   8.6463447033201074E-016  -4.9086036056780137E-017  -1.6526535589060843E-015   1.5261253686623784E-017  -7.4666677451716568E-017   1.7846722093845988E-017   1.7687389182406825E-016   3.6013251039649086E-015   6.9625127552427621E-017   1.7848731079220531E-016  -1.7423752667142835E-016   4.0627079369272429E-015  -7.6947509532399339E-016  -2.1317162033392243E-015  -2.3387955600480551E-015  0.15478980112697655       -2.2232213684058061E-016  -3.2976912426435112E-017  -9.3495302339196829E-017  -1.4857153153673744E-016  -2.6247549204418264E-017   2.3463316225547186E-016   1.6209164340922265E-016   2.4558025533249498E-017  -1.3153176387478176E-017   4.0569576168757590E-017   5.2672851917118381E-014  -1.8599216588310727E-016  -3.6489324780751051E-017   3.3916419792570789E-014  -4.0083031766966977E-016   3.9586527840145111E-014   5.9720843995988972E-015   3.9077207089739186E-015   1.0716466262177304E-014   8.8897457342782725E-015  -3.9847211886113456E-015   1.4359120625958805E-014  0.33230678310020578        4.2282103435223109E-003  -2.3626828942771336E-004
  -1.1794762046517484E-016   4.3435202953294423E-016  -5.9612993354155662E-016   2.2543980916399352E-014   3.2721289499627300E-027   4.2862711123308032E-030   3.6440314597116072E-029   3.5813118120633461E-027   6.3252507674816939E-029   3.5503599393754186E-027  -2.3492246979229369E-016   8.6718505102474935E-016  -1.1894087256213181E-015   5.4344564655878682E-014   2.4379245241926185E-028  -1.0499080522388912E-029   7.2256246956780469E-029   1.0707629789745757E-028   5.2412743777027454E-030   6.0723793517788607E-029  -1.0917987447187946E-028   2.5496208259258088E-029  -8.6393935244847947E-030   6.8392405495260657E-029   1.1376166570822004E-026   8.6483622282562214E-030  -2.7849741674404580E-029   9.6205455007323496E-027   2.5501888591510386E-029   1.1070839457107507E-026   8.3939619616252543E-028  -6.2358264141330324E-030  -1.2977719573281969E-029   5.5697746110796400E-029  -7.8714657855549231E-030  -3.0915708085616889E-028  -5.7293941162678073E-030  -9.9262074990038616E-030   6.0440131715697076E-030   2.7252410853681173E-029   4.0775737155812512E-028   6.0115762450829154E-030  -3.5317966987930880E-029  -2.7018184841306375E-029   4.7060591532243673E-028  -1.6176596408600692E-016   6.4839503904867413E-016  -8.7032884718620759E-016   2.2076630666734748E-014   1.8322048326882933E-028  -1.3493402859733602E-028   1.4099892077368892E-028   6.8664439724337707E-029  -2.0293719319772551E-030   1.1938708493209736E-028  -2.8700088638780808E-028   1.6368004048726018E-028  -1.3836658976435131E-028   3.5156384510272808E-028   7.6324399743188443E-027  -4.5840991135427548E-029  -9.4596731201784808E-031   5.0205954457129776E-027  -6.1722820549872380E-029   5.7691697769195629E-027  -1.1871664939942757E-016   4.3199763680907775E-016  -5.9482499983891693E-016   1.7577189831759472E-015  -1.2961395688337960E-015   3.7017037009296429E-015   4.7589712876685607E-014  -1.3587374059197013E-015   7.3699598468457432E-015
  -1.7375725637798515E-016   8.3578653349777179E-017   1.7426613193230190E-016   1.1404152853645769E-016   4.2862711123308032E-030   3.9151043969103733E-029  -6.5160136710599983E-030  -1.6987226844260288E-030  -2.3901944873708579E-030   1.9577707611155401E-029  -3.5037568756269469E-016   1.6704830866125214E-016   3.4727012769277251E-016   2.5237062006863502E-016  -4.3034870502458503E-028   1.2558924934838490E-029  -5.0521746783607392E-029  -2.0023279422517040E-028   8.0643990141768541E-031  -2.0764094495747693E-028   1.4220706408520962E-030  -5.4381515573877165E-029   1.0052058496464548E-029  -8.2498190507117344E-029  -2.6748870614514127E-028  -4.4756491178345518E-029   9.6951933278599371E-030  -2.4434129356120102E-028   1.3125910891189247E-030  -2.7251509558185855E-028   8.9989750240707522E-029   1.3847412885613969E-030   7.8867967021399686E-031   4.5005505979950237E-029   2.1218250033866225E-031   4.1486594426694626E-029  -2.7960375327569681E-030  -3.4997184543848923E-031   3.2597477025713130E-030  -7.3557053766242285E-031   7.9719263769796968E-029  -1.7090310090299253E-031   4.8978039037094787E-029   2.9594027457069027E-031   8.0346002458922463E-029  -3.4794552845472589E-016   1.2944474986748487E-016   2.4347820632992353E-016   1.9421297110994478E-016  -9.0102052069999969E-028  -4.4945657627055549E-030  -9.3895018949849899E-029  -3.7633602755835372E-028  -2.3823640792420998E-030  -3.8354389661359758E-028  -8.9685262604052614E-030  -9.1599766656784235E-029  -3.4905724581912106E-030  -2.1507806470284669E-028  -9.5545784943946381E-029   2.4893120044711990E-029  -5.2830115103009155E-030  -1.9866475072078373E-028   8.8800514946334031E-031  -1.0010900345296750E-028  -1.6409599913614630E-016   8.2664887890801856E-017   1.7496217103634996E-016  -8.1847698101136645E-015   2.1047205611151145E-016  -2.1576308929542657E-015   2.3365115778544577E-016   1.9883369733176906E-015   5.1219014644033983E-016
  -5.3156326275612082E-017   3.1852665452560698E-017   1.0830091796430712E-016   2.3879617165380686E-016   3.6440314597116072E-029  -6.5160136710599983E-030   2.4419368922279018E-030   4.2482713130097750E-029   5.5504524502417295E-031   3.5160000690856372E-029  -1.0547810486183855E-016   6.3576738911637560E-017   2.1613191739644583E-016   5.7909749042037347E-016   1.0590720015202463E-028  -6.6195635237529953E-030  -5.4940722541145783E-030   4.8145450312965352E-029   4.6580627636144565E-031   4.7561020497447926E-029  -1.3353695460749771E-029  -7.8640733556388667E-030  -5.4941334664218726E-030  -1.1684922151469449E-029   1.7068819239245500E-028   9.4554178717199722E-030  -2.7260619220095675E-030   1.4548051371665354E-028   9.2942244321410631E-031   1.6869828574735450E-028  -6.6240425541302341E-030  -5.0643567837109514E-031  -5.9222061519233736E-031  -6.4270580555281647E-030  -1.4503539642361313E-031  -1.1486513225271140E-029  -3.0024640017923118E-031  -2.3710174692085980E-032  -3.5168736420930850E-031   7.8970636339367254E-032  -8.4623721798735750E-030   1.1358881494978959E-031  -9.2148000274862038E-030  -2.9203007048168679E-031  -7.8546371025771127E-030  -6.2790354521551895E-017   4.7110174948604118E-017   1.5934251845865469E-016   2.2205636868610135E-016   2.0217021422136814E-028  -1.2019118797246372E-029  -2.1855960081998729E-029   8.6063654138848685E-029   8.5815529140770668E-032   8.7790996132913220E-029  -2.7287399583185604E-029  -2.2654663636299340E-029  -1.2392522940579899E-029  -5.0309772288967944E-029   9.5925070642923183E-029  -4.6438361297064035E-030   1.2742110332786195E-030   8.1461558874589793E-029  -1.2169003883517197E-030   7.3750062106992612E-029  -5.4498668755411478E-017   3.1723237175252925E-017   1.0794304601465782E-016   1.7860799650025942E-015  -1.3819896576136646E-016  -5.5192416026235487E-016   5.0514860702362059E-016  -2.9136644233916658E-016   4.6598882354158435E-016
   6.5244107835419023E-017   2.8951275397663514E-016  -4.0664245984203121E-017   2.4813827349468955E-014   3.5813118120633461E-027  -1.6987226844260288E-030   4.2482713130097750E-029   3.9404585668910602E-027   6.5764223799148724E-029   3.8912217000978076E-027   1.3223445037342444E-016   5.7761140638984815E-016  -8.0388908585822352E-017   5.9776532741310798E-014   4.0383336191901136E-028  -2.3956318927375832E-029   7.5898819969487868E-029   1.8223341121553810E-028   7.2965644279635649E-030   1.2899047652785413E-028  -1.4274863356595700E-028   1.9649548039341605E-029  -2.4946461223742640E-029   8.6316581971861397E-029   1.1959965979575479E-026   9.9610203388409510E-030  -2.8184634685296351E-029   1.0059361169347856E-026   2.8318286577499756E-029   1.1625636173672574E-026   1.0900358223021829E-027  -1.6161177380441273E-030  -1.6273289535997489E-029   1.5558413110744489E-028  -8.0573832946054781E-030  -2.4988085396156937E-028  -2.3969397391642310E-030  -1.0423384208454167E-029   3.6551892432938354E-030   2.6976065714546229E-029   6.0337953260367398E-028   8.3431477127384463E-030   4.5907859140871751E-029  -2.7870748628502726E-029   6.7566439606993813E-028   1.4780416279896797E-016   4.2192701303317139E-016  -4.0345293811665505E-017   2.4437538090571657E-014   4.9490223252239158E-028  -1.4272063216476678E-028   7.3888742045677308E-029   1.9760256841823067E-028  -2.3053260826785133E-030   2.5990568088514210E-028  -2.9422228266259893E-028   9.2941078217526929E-029  -1.4424849336523075E-028   2.0472538447683420E-028   8.2233005893905195E-027  -4.6532786322206038E-029  -1.7265572816966526E-030   5.2147587777687981E-027  -6.7229011463006357E-029   6.1489201939580950E-027   5.9927505965840111E-017   2.8895299439612209E-016  -4.2448137236484424E-017   4.7590701378809179E-015  -1.8715958648531526E-015   2.1219466283404535E-015   5.2369057482905754E-014   1.7747460458912401E-015   5.0137715352311275E-015
   8.2863476576469452E-017   1.3686218312277713E-017   3.7262787583064158E-016   4.5977431101614878E-016   6.3252507674816939E-029  -2.3901944873708579E-030   5.5504524502417295E-031   6.5764223799148724E-029   1.2449575098516025E-029   5.7138066618739869E-029   1.6532559810959667E-016   2.7523347755445367E-017   7.4476594649244073E-016   1.1512576811488851E-015  -3.6857348705135539E-029   1.1302797584688269E-029   5.4966513926502477E-029  -1.4086999056922924E-029  -9.4235483120373723E-031  -1.8694213024941717E-029   2.6384683145506789E-029   5.6726061971124062E-029   1.2128372377161620E-029   1.1137449561664186E-028   8.1871186553833817E-028   2.4174479468780831E-030   6.1531564770947084E-031   7.3205414492134583E-028  -1.0572921015874939E-029   8.1878526088304117E-028  -1.5538745502774709E-028  -9.0182956496525112E-032  -1.2502370277136926E-030  -9.3745534101433403E-029  -5.4450542014668118E-032  -9.3317291079380030E-029   1.0344991320084477E-030  -1.7697375674810822E-030  -6.4721289242197425E-031   1.9306539417760031E-030  -1.5301149212228298E-028   1.6798040452157258E-030  -9.1761795320467381E-029  -4.7669616239661023E-031  -1.5431167323092241E-028   1.2084911035710862E-016   2.5505522459208883E-017   5.7701949924636859E-016   2.9173843222734672E-016  -6.6563142938758100E-029   2.1106763881265498E-029   3.0627097224528875E-029  -3.0522673924686559E-029  -2.2748200923923036E-031  -2.6861185855244922E-029   4.5947108176990992E-029   2.3236487220367552E-029   2.1396244495600060E-029   9.5493809908118581E-029   3.8990880410019989E-028  -5.2952692758267409E-030  -7.1093340131121743E-032   5.0549448479806181E-028   1.4980581637927489E-030   3.7100857042485259E-028   8.2694755466578377E-017   1.3112385046737080E-017   3.6856360571602938E-016  -5.2718993636402038E-016   4.5788213572282878E-016   9.2871790782842766E-016   9.8411423549012042E-016  -3.8715854627122974E-015  -1.4546387453116684E-015
   7.1193266457568824E-017   5.9825123857210110E-016  -1.1518040110575587E-015   2.4537715294803663E-014   3.5503599393754186E-027   1.9577707611155401E-029   3.5160000690856372E-029   3.8912217000978076E-027   5.7138066618739869E-029   3.8816640685332102E-027   1.4197823941271513E-016   1.1953345140781512E-015  -2.2990900851015331E-015   5.9078999908576539E-014   1.0352042129381322E-028   7.1080494739347882E-029   6.0415362342654863E-029   4.3437387472698234E-029   6.2198473684504710E-030  -1.4082254308604458E-030   5.7072418223697964E-029   1.1789712765203292E-029   7.1106073132449969E-029   3.1213442703327681E-029   1.1379162719553138E-026  -2.0262609504084023E-029  -2.6322538957948773E-029   9.5574819234110641E-027   3.4386221945556244E-029   1.1032354297365077E-026   1.2147350551080874E-027  -1.6509361632388159E-030  -1.1646995414007696E-029   2.1996046241984590E-028  -8.0155336235698497E-030  -1.7959916248768709E-028  -2.3976967870011842E-030  -8.8980555792530507E-030   7.4246235874093112E-030   2.8962403733939783E-029   7.1736118151225296E-028   6.3572415724461122E-030   1.2093746811301139E-028  -2.8943781303338882E-029   7.9170021208034994E-028   1.0220883270902309E-016   9.1665819595919404E-016  -1.7068911297008478E-015   2.4285781586580298E-014  -9.4832978678156476E-029  -7.1746522567564622E-029   1.8222855806704802E-028  -5.2965133023286706E-029  -2.1445592912587608E-030  -1.0720470674802803E-030  -1.4485182003808969E-028   2.1526277832807225E-028  -7.0275893661332392E-029   4.3823184896902825E-028   7.9512555518773749E-027  -3.2049221444176589E-029  -4.1462216206051317E-030   4.8380645729154628E-027  -6.7147237563185146E-029   5.9010953576624346E-027   7.1207833084299422E-017   5.9268525065426767E-016  -1.1467920455495880E-015  -6.1217270657034276E-016   5.3365759837075760E-016   4.6661473213504628E-015   5.1776091795722870E-014   4.6747854656967034E-015   6.4926546755526904E-015
  0.20591801532017062        9.2828237610473179E-016  -3.9261799088683958E-015   4.7648112157587982E-015  -2.3492246979229369E-016  -3.5037568756269469E-016  -1.0547810486183855E-016   1.3223445037342444E-016   1.6532559810959667E-016   1.4197823941271513E-016  0.41136063264199296       -2.3017124034724817E-015  -3.6181252642587843E-015   2.2234278802208474E-015  -2.2539691300735325E-014   1.8407260035179415E-016   5.9634067942663728E-017  -9.4070211585225828E-015   1.3082495137187725E-016  -6.4783406040009796E-015   2.6147475781535717E-016  -1.6963261848740016E-016   1.0542683896811537E-016   6.0054716750578132E-017   7.7459411830138829E-016   4.8840274849331482E-016   1.8040449265147410E-016   5.6001568760964155E-017  -1.6540561962272770E-016   1.2480577302837642E-016  -7.7247722179855354E-018   6.9012009174058104E-018   1.6946511402757746E-017  -2.0454935739610814E-016   1.6579387147941854E-017   8.2139625296425636E-017  -4.9655182931183951E-017  -1.3732723017799762E-017   6.1907678898033376E-017  -4.8407381762050800E-017  -2.4162998523818985E-017  -9.2942780973763891E-018   1.9960984573254063E-016   1.0417916388294883E-017  -2.0176881304720176E-016  0.31364005664012429        8.7830640304588812E-016  -2.9992784368323365E-015   2.2196822676556965E-015  -1.6995392544839116E-014  -9.7268413676245613E-017   4.5802515789078708E-017  -1.1468609860216908E-014   3.4038357514569250E-018  -8.5730750547219811E-015   1.0294137252468662E-017   7.8952766265095927E-017   4.3180229097757616E-017  -1.9173317337734972E-017   1.1089355572410968E-016  -1.4876141831977759E-016  -4.4924013747020056E-017   2.0241952422047672E-016   1.5071801159130237E-016   2.6029573152819021E-016  0.20418666705024915       -1.8670366047397322E-015  -6.3372149998955637E-015  -4.3793989840570035E-004   7.5095478109696142E-014   3.2792263359305172E-014   4.4772604257951517E-015  -1.7962131656072603E-014  -5.4113338433653350E-017
  -1.7525668356223707E-016  0.20591801532014486        3.1131694991776412E-016   3.3963380357086681E-016   8.6718505102474935E-016   1.6704830866125214E-016   6.3576738911637560E-017   5.7761140638984815E-016   2.7523347755445367E-017   1.1953345140781512E-015  -2.3017124034724817E-015  0.41136063264181610       -3.1737360690558464E-016  -4.6336703193986278E-015  -3.7665676193562823E-016  -3.9993247696277614E-015  -1.4090277862631164E-016  -2.5228837743970248E-016   4.5913817928131139E-017  -1.2998381808117027E-016  -1.3761163818987756E-014   3.7316094322266543E-017  -1.9410275795413053E-015   2.3540442255157832E-016   8.0102967040067318E-016   4.3214202463383817E-016  -2.8362710106971522E-016  -5.8249554487652817E-017   1.6476574583533415E-016   2.6443366967423419E-016   3.7661449583975338E-016  -2.2558406152948949E-016   1.2480963684325014E-016   4.9165522833836800E-016  -4.1586361094107937E-017   3.0152874955907869E-016  -2.4716446905533171E-016   6.1786309926349555E-017  -1.0172110119929391E-016   1.4535956562251853E-016   1.1875333767666642E-015  -5.9376476653254351E-017   5.0247511589904439E-016  -1.0170662366775319E-016   6.7414674096442260E-016   3.0761977585351368E-016  0.31364005664024869        6.9105859864018680E-016   1.6879360121867146E-015  -1.4901574929710435E-016  -3.3891265834464387E-014   1.4027527984251274E-016  -1.6830834469649515E-016   7.4133929086347830E-018   4.8678331047321818E-018  -8.1106041117292920E-014   2.2983106420364633E-016  -3.3438204130361627E-014   8.3927497615774173E-017   8.3589888733979225E-016  -1.7371227219659722E-016   7.2289351139436022E-017   1.0372961535490365E-015  -2.7243500663136218E-017   1.0094382535627331E-015  -6.8842689672373881E-015  0.20418666704984484       -3.9703621613218482E-015  -9.1484068828870105E-015  -4.3793989886540857E-004  -1.1231993818683467E-014   3.2966266928865674E-016  -1.4197593445752181E-014  -8.5652117573731159E-015
   2.4919629761710844E-015  -1.8940886394429859E-015  0.20591801532014997        8.3339021158673348E-015  -1.1894087256213181E-015   3.4727012769277251E-016   2.1613191739644583E-016  -8.0388908585822352E-017   7.4476594649244073E-016  -2.2990900851015331E-015  -3.6181252642587843E-015  -3.1737360690558464E-016  0.41136063264167327        2.1550498234177133E-014  -3.9886352713815911E-016  -3.5224718927244144E-016   1.5678816008591397E-014   2.2449830954019995E-017   9.7028258828286323E-017  -5.4317319104317578E-016  -8.4266980808664872E-016   1.5270770308399303E-014  -1.2827607431515319E-016   3.5609512276406554E-014  -3.7441299970822565E-016  -2.0606894796555985E-016   5.5328518570534267E-016  -1.2678636677971710E-015  -1.1732029825657410E-015  -2.7135928279223566E-016  -3.3590199074553034E-016  -7.8087350979962705E-017  -3.1435428336000367E-016  -2.7232577585514995E-017   1.2977519687953192E-016  -9.9883334491817269E-019  -4.7371943349439512E-018  -1.1648575690230706E-016   6.3205768297681182E-018  -2.8608851956006830E-016  -9.2713484355922886E-017   2.7653531109044934E-016   6.4517747134188235E-017   2.9103427623196500E-016   7.0801467084049786E-017   2.7612715211763302E-015  -2.6184691075445504E-015  0.31364005664000794       -1.3149752085318778E-015  -3.0867423420044127E-016   1.7857453404998894E-016  -2.7177026712793500E-015  -1.9831930880370433E-016  -8.0122827684951340E-017   6.8761093209866489E-017   2.4554971742121362E-016  -5.2321800762499214E-015   1.6219954466111325E-016   9.8829265380378064E-016  -3.3215332476419215E-016   2.4618945391694147E-016  -1.0799843858646873E-016  -1.4397539385494084E-017   3.4344798553907895E-016  -4.4807545430655331E-016  -8.4605428432031976E-015  -6.3092699147775665E-015  0.20418666705015773       -4.2594836532712836E-015  -2.0227744202964415E-014  -4.3793989843011138E-004   1.3408073349158769E-015  -3.6435705815975737E-014  -1.2462338849410685E-014
  -6.7063966713019006E-015  -4.1959305800136885E-015  -1.4821420777522486E-015  0.37934541355292017        5.4344564655878682E-014   2.5237062006863502E-016   5.7909749042037347E-016   5.9776532741310798E-014   1.1512576811488851E-015   5.9078999908576539E-014   2.2234278802208474E-015  -4.6336703193986278E-015   2.1550498234177133E-014  0.91423275234861345        2.2979579468110913E-015   7.3849520932830776E-016   3.7167035801823805E-016   1.0546220895787007E-015   1.0386406451797802E-016   4.2145835005270746E-017   2.2090696373215972E-016  -4.9132438258552915E-016   6.2871423970423676E-016  -2.1892050037065714E-016   1.8766867715549718E-013  -3.2624883183359337E-016  -3.2827661472586512E-016   1.5817286193363042E-013   2.5052661630903541E-016   1.8268398141709092E-013   1.5160576009804739E-014   8.3369429427447347E-017  -2.5606710985375462E-016   1.5201838848682984E-015  -1.2016494748702162E-016  -4.5182774941940376E-015   3.0317782348618533E-017  -1.8633067200426809E-016   4.3397844580806162E-017   4.3513657600811920E-016   7.7211060040179531E-015   1.6913657086384965E-016  -1.1542857068508053E-016  -4.2399177768887089E-016   8.8144494802224394E-015  -9.7043274876096198E-015  -8.8556647956643817E-015  -5.8346001494449691E-015  0.37204061931272647       -5.3897623587327427E-016  -7.5624113242131899E-017  -2.2720810517409065E-016  -3.6427824326253208E-016  -6.4339786584651094E-017   5.6833644686740123E-016   3.9247914150066556E-016   4.7731334952905880E-017  -3.4651420476779405E-017   1.1731964123790417E-016   1.2817861436027611E-013  -4.8698050478253657E-016  -8.1462834201719236E-017   8.3933153593115039E-014  -9.6163995237214161E-016   9.6750492167456810E-014   1.0349804593535867E-014   6.5509547991415612E-015   2.7361480977303870E-014  -1.6927180132716479E-014   5.3236855958779822E-014  -4.0984547018191367E-014  0.80072726985100573       -1.1568059462788939E-002   8.6795077613460129E-004
  -1.1304654975483457E-014  -1.8832871265268039E-016  -1.9934528350431439E-016   9.5361201884099645E-016   2.4379245241926185E-028  -4.3034870502458503E-028   1.0590720015202463E-028   4.0383336191901136E-028  -3.6857348705135539E-029   1.0352042129381322E-028  -2.2539691300735325E-014  -3.7665676193562823E-016  -3.9886352713815911E-016   2.2979579468110913E-015   7.2634497778019296E-027  -9.0207505482962250E-029   1.9061042767180090E-029   3.2914622140484101E-027   1.5845872714556241E-030   3.1883449081621212E-027   6.0582074255398712E-029   5.3083425058489316E-030  -5.1363790785939062E-029  -1.2399876209626205E-028   5.4857524436312665E-028   4.9480789462264451E-028  -1.4358766518513852E-028   4.0263373556084959E-028   5.1428445429058768E-029   5.9642360282091116E-028   7.5421093433346356E-029  -1.5999147183461537E-030  -1.4737021143273602E-029   8.3083658259710709E-029  -3.4718742985041093E-030   1.4264712965645986E-029   3.2469021234721631E-029   1.2113180616858737E-029  -4.1036495899616516E-029  -6.2402941578286348E-031   9.7747258934183198E-029   3.1341397569713468E-030  -4.5261297935602485E-029  -3.0730993347049817E-030   1.2788266739140752E-028  -1.6107360164942213E-014  -2.9793295175169616E-016  -3.1979476568502048E-016   9.3589453216527240E-016   1.3099460506099010E-026  -1.4584617972668697E-029   2.4563181387525478E-029   5.7602423643573955E-027   2.1332322250346957E-029   5.6817727506141494E-027  -4.4749183755465778E-029   1.2552704979825303E-029  -2.4132720478249223E-029  -3.3552090661285325E-029   4.4046828460696667E-028  -2.4608231373539561E-028   6.9770672239011666E-029   3.8094932089838734E-028  -3.8778585487614282E-029   1.4644418000455555E-028  -1.1318999368642981E-014  -1.8565401538790474E-016  -1.9607760092690070E-016   1.0921495805892565E-013  -1.0888189636565162E-015  -1.5882281009114354E-015   2.0128231755688429E-015  -1.6764823391275121E-017  -1.8103559981420650E-016
   9.2302049771871624E-017  -2.0170973956974170E-015  -1.7636795416527484E-016   3.1973974423043714E-016  -1.0499080522388912E-029   1.2558924934838490E-029  -6.6195635237529953E-030  -2.3956318927375832E-029   1.1302797584688269E-029   7.1080494739347882E-029   1.8407260035179415E-016  -3.9993247696277614E-015  -3.5224718927244144E-016   7.3849520932830776E-016  -9.0207505482962250E-029   2.9466112482190119E-027   1.7277987705298049E-028  -5.8253333089438486E-031   7.2789473663753559E-030   5.8612962506941339E-029   6.7171213702008056E-027   1.6345168020212673E-028   2.9379992935096513E-027   2.6171606485022850E-030  -5.4837010829633139E-028  -1.5381269632805830E-028  -7.1256341801877518E-029  -3.2711244449352233E-028  -7.3171547933891793E-029  -7.0975881250898213E-028   2.1434270259595061E-028   5.1211512874811500E-029   2.9855390504667886E-029  -8.0875164798153521E-030   8.5620296272576888E-030   9.4065562623928606E-029   6.4926449819633883E-029   6.7157420707891700E-030   3.7137797552619953E-029   3.4930860735848352E-029   7.1498858353012359E-029   2.2657588089135895E-029   1.0558509659376808E-028  -6.2853569534614782E-030   1.5933830248226645E-028   1.3245891295505538E-016  -2.3009288011415290E-015  -2.6654958392546218E-016   4.3188398354558070E-016  -2.6269513072288558E-029   4.1458546529081060E-027  -6.4184808969744615E-029  -6.9358233767798671E-029  -6.6146613320987136E-030  -1.1158313522102231E-028   9.3394265278792338E-027  -5.3667474756550086E-029   4.2299075456012166E-027   2.1149535650943666E-028  -1.7717421648201575E-028   7.5057021052134036E-029   1.6531275165412345E-029  -4.2590883534235406E-028   2.2937090703319526E-029  -1.6380787907623755E-028   9.2326331661224274E-017  -2.0760829070937949E-015  -1.7509003017886040E-016  -7.9906800501182764E-016   7.5808908757956631E-014   2.0496463693982875E-016   6.6479332353053534E-016   2.8574940180002832E-015   1.1039490122208991E-015
   2.9555854316151951E-017  -7.1470716121465309E-017   7.8378499946385370E-015   1.5423338111811045E-016   7.2256246956780469E-029  -5.0521746783607392E-029  -5.4940722541145783E-030   7.5898819969487868E-029   5.4966513926502477E-029   6.0415362342654863E-029   5.9634067942663728E-017  -1.4090277862631164E-016   1.5678816008591397E-014   3.7167035801823805E-016   1.9061042767180090E-029   1.7277987705298049E-028   2.0402387951195869E-027   3.7743810024279990E-029  -1.9003669594973868E-029   5.7661208821378626E-029   4.9675895751258770E-028   2.1323237237524534E-027   1.9409564430626299E-028   4.1764387943518993E-027   1.5328850552491735E-028   2.2959724429956207E-029   3.1216609913415952E-029   1.8479126994812434E-028  -8.9660394752605236E-029   9.9511773992949653E-029   7.8630783291137621E-029  -2.4627811448151864E-029  -3.5532834856840353E-030   2.7690801006424374E-030   9.0663288585959693E-030   4.2715627187407726E-029   1.8918826612886868E-029  -3.6597050903736869E-030   5.9394605197838659E-031  -1.1828049777154750E-030   4.6899756856090914E-029   1.0766839847484418E-029   5.9080269039374105E-029   1.4132028574175745E-029   6.6597188543107412E-029   6.0095911716898471E-017  -6.1022995876144501E-017   1.2479610918964328E-014   1.5044376942189166E-016   2.3877075777392673E-028   2.8427332921561126E-028   1.9870371081046139E-027   9.1632768281410796E-029   1.4474808839942281E-029   6.2508046603205557E-029   5.7303838920383474E-028   1.8402530054879673E-027   2.7923849992278736E-028   5.1184976454127710E-027   1.5152079397436143E-028  -5.0314142613554229E-029  -5.8700891386717839E-030   9.9900844686237738E-029   2.4140480236325862E-029   1.6888848658055148E-028   2.7822807741348957E-017  -7.5579481682461456E-017   7.7186326938223191E-015   1.4817322685368130E-015   4.7011238972899333E-015   5.3201715184847349E-014   3.2557941437628709E-016  -3.3373562273419642E-017  -5.0748304756606243E-016
  -4.7189822670000342E-015  -1.2640390456813882E-016   1.1249643989938507E-017   4.3635020327532133E-016   1.0707629789745757E-028  -2.0023279422517040E-028   4.8145450312965352E-029   1.8223341121553810E-028  -1.4086999056922924E-029   4.3437387472698234E-029  -9.4070211585225828E-015  -2.5228837743970248E-016   2.2449830954019995E-017   1.0546220895787007E-015   3.2914622140484101E-027  -5.8253333089438486E-031   3.7743810024279990E-029   1.4951469565553091E-027   6.5353439290658278E-031   1.4535616211972173E-027   1.2293359168971767E-028   3.2727761047586912E-029   1.6740061942871242E-029  -1.8603702573557395E-030   2.8925290184158198E-028   2.2608990008468969E-028  -6.5417416132608714E-029   2.1846197640964863E-028   1.9165884777144820E-029   3.0915880608743114E-028   2.5952611564559249E-029   8.2989142750527965E-031  -6.6811568755431396E-030   3.1247886676584867E-029  -1.3078780101046494E-030   3.7562879394582180E-030   1.7063996657027085E-029   5.3452621472379816E-030  -1.9079036350417568E-029   1.5918713865800756E-031   3.4319058095249425E-029   2.3491950925140522E-030  -2.5398630915747360E-029  -1.1810892328979646E-030   4.8816799438800162E-029  -6.6757609290602695E-015  -1.8671865363631661E-016   1.6535075891108938E-017   4.1467002866254647E-016   5.9954270967721874E-027   5.3337225048198725E-029   3.5759072746397021E-029   2.6265279258051140E-027   9.9256115105559677E-030   2.5967964285446562E-027   1.1501624603974836E-028   2.7813003432518010E-029   5.0917768261694497E-029   5.2853813069393772E-029   2.2855345921640023E-028  -1.1310633879271451E-028   3.1836830000868594E-029   2.1694143384632392E-028  -1.6213938444687392E-029   9.5990676212630015E-029  -4.7297007446553082E-015  -1.2591322700795005E-016   1.1214091044910361E-017   5.0312215585006261E-014   5.7133013962972144E-016  -5.8948169254624064E-017   9.2207762293684969E-016  -3.5537378451326331E-016  -1.2737272764424373E-015
   6.5458898418766066E-017   2.2946222411742979E-017   4.8742609052571295E-017   4.4634271326056797E-017   5.2412743777027454E-030   8.0643990141768541E-031   4.6580627636144565E-031   7.2965644279635649E-030  -9.4235483120373723E-031   6.2198473684504710E-030   1.3082495137187725E-016   4.5913817928131139E-017   9.7028258828286323E-017   1.0386406451797802E-016   1.5845872714556241E-030   7.2789473663753559E-030  -1.9003669594973868E-029   6.5353439290658278E-031   5.8963937117618370E-031   1.5725130524619134E-030   1.4179458964354806E-029  -2.1307238412380976E-029   7.4411315493984163E-030  -3.7311085878625394E-029  -3.0064620123405422E-029  -3.2055455608478169E-031  -5.9238540506127705E-031  -3.0119804175231170E-029   1.0651830010690624E-030  -3.1392648710496068E-029   1.5367175353128067E-029   3.1405068393979509E-031  -4.3489687036676938E-032   7.8871079172077780E-030  -7.1849694273878125E-033   6.2347707631035700E-030  -2.8324235482228289E-031   1.1233830811297616E-031   2.7445747858340645E-031  -1.8457775311009634E-031   1.3939612548072392E-029   2.2429675408681672E-032   7.2126464737653000E-030  -4.2372961999175706E-032   1.4393693729294364E-029   1.0119035549387360E-016   3.6848290669781128E-017   6.5447752261922241E-017   5.7738327988889836E-017   9.7855004935289699E-030   5.2675927066119389E-030  -3.4747397473456499E-029   2.5396192873924400E-030  -2.8557913441748043E-031   4.0476085573553891E-030   1.2267441281509666E-029  -3.4178827498629814E-029   5.6636125941608983E-030  -8.1860227753044572E-029  -8.3485627523995083E-030   1.1324847429964957E-030   1.6450256696078636E-031  -2.8125087716516284E-029  -3.3522955676015555E-031  -1.4192204478553146E-029   6.4762033454786575E-017   2.2566406214391601E-017   4.9198553334696545E-017   1.4607954020615769E-016   1.8649086336284838E-016  -8.6427113112587385E-016   9.3035693728600894E-017   3.3984642858663336E-016   2.8800821414606655E-016
  -3.2531729140367123E-015  -6.5475765942420154E-017  -2.7217053464378389E-016   1.9897682341763582E-017   6.0723793517788607E-029  -2.0764094495747693E-028   4.7561020497447926E-029   1.2899047652785413E-028  -1.8694213024941717E-029  -1.4082254308604458E-030  -6.4783406040009796E-015  -1.2998381808117027E-016  -5.4317319104317578E-016   4.2145835005270746E-017   3.1883449081621212E-027   5.8612962506941339E-029   5.7661208821378626E-029   1.4535616211972173E-027   1.5725130524619134E-030   1.4427489115135477E-027   2.6055995229823467E-028   5.2983348184990058E-029   7.7864932057058745E-029   2.1662877986892123E-029  -2.1631507302687875E-029   2.3692464396051427E-028  -6.9113534605994224E-029  -4.4728348071550942E-029   2.2219378629851364E-029  -1.0562981015342715E-029   4.3812297246924305E-029  -1.9246414889607163E-030  -4.4565301239502089E-030   4.3389133548284145E-029  -1.0516961118710283E-030   2.3329333880536850E-029   1.5676814246605174E-029   6.5037791080879358E-030  -1.6309987010674147E-029   3.0908053467777637E-031   5.6763937993432911E-029   8.9804790581009849E-031  -4.2296965836870591E-030  -1.3662022605186310E-030   7.1360071498994620E-029  -4.4317566681981587E-015  -7.8880746187902929E-017  -4.0077668171971745E-016   4.3944485620035962E-017   6.0057518226339310E-027   1.1937595626071611E-028   9.4479928480850009E-029   2.5979675310953344E-027   1.0698935405757012E-029   2.5851419563207179E-027   2.5997409632333600E-028   9.0352352201115387E-029   1.1792752403818053E-028   1.8814480414009650E-028   1.8768228216085736E-029  -1.1745126618609824E-028   3.3600294490542977E-029   7.5373160145626477E-030  -1.5752606456730707E-029  -8.1581624730015352E-029  -3.2773367450650845E-015  -6.6977767153609858E-017  -2.7123831038034702E-016   5.1427926170965781E-014   2.0488589669879418E-015   1.3542409291558359E-015   4.0064441952503346E-017   6.1934587815253307E-016   1.8099367135773100E-015
