  0.11706095374564734       -4.8155957873029046E-016   2.6539169388384550E-010  -7.1797426962407412E-008  -4.0116117620257901E-009  -3.5489178163180170E-017  -3.0682021352531945E-011   2.0058585207568334E-009   5.4757973589898697E-017   2.0057535631079249E-009  0.19197351314156422       -3.3367797045457927E-016   1.7312511248502549E-010   3.1666007304840063E-008   3.9408040844429153E-011   4.2106872381999589E-017   2.3088117966835741E-013  -2.6463652179139371E-011  -9.9603952383623381E-018  -2.6462698250139703E-011  -4.6494470061091217E-018  -5.7817609102170457E-014   1.3652304383827166E-017  -1.2926969076475171E-013  -2.7828237685920643E-009   2.1137869675244744E-018  -9.3070960775401775E-012   1.3914179665860624E-009  -1.2938374790420094E-017   1.3914061558473748E-009  0.15697268066696468       -3.9726811046137293E-016   1.3798292674140699E-010  -7.0544302952429981E-009   7.1115037060294132E-011  -5.5837154345096828E-018   6.0208721094453090E-013  -6.2462518945446402E-011  -3.6171791440606412E-018  -6.2460370569150103E-011   1.3269101959390042E-018  -2.0195022918039072E-013   4.6094505768124783E-018  -4.5157791672109392E-013   2.6668863805052161E-011   9.1071887617790273E-019   1.5615352405602936E-011  -5.4066165778105444E-019   2.6668179603707859E-011   2.7491329456272889E-010  -1.1768352481822216E-017   1.4726232872075455E-012  -1.8444361934469414E-010   3.6049290989678157E-018  -1.8444085477321967E-010  -1.5662081599396697E-017  -3.6818954249527264E-013  -1.0547273374807582E-018  -8.2328121284321563E-013  -1.0892802668576576E-009   6.1349324904089474E-018  -4.0231865601015825E-012   5.4464330799577855E-010   4.1637398816912708E-018   5.4463735358336779E-010   8.7688546148632890E-002  -1.8035253864601075E-016   7.4333858816505932E-011  -6.3111888409381132E-009  -6.5618139700964162E-010
  -4.8155957873029046E-016  0.11706086489609835        2.0461272194776050E-016   3.6693050031875945E-016  -8.3170776331836713E-017   3.3235472430784567E-009   4.9285745323723633E-017  -2.3909510126233283E-016   9.9273199162837779E-012  -2.8650381886306987E-016   1.0086726968274312E-015  0.19197345518184178       -1.9627382298464854E-016   3.4793337013610069E-016  -6.8204066598633430E-016   2.8491454916373180E-011   1.1009798030924342E-017  -3.5558627110862341E-016   1.2281968899058431E-013  -3.3237173929841023E-016  -1.5923002441085143E-011   3.6091132377062398E-017  -7.1202657224649033E-012   7.2733342720225587E-017   1.3178193329682561E-015  -1.7041215668399662E-009   2.4502478714062930E-016  -1.3626736921580879E-017  -5.0900091584790051E-012  -2.4090617045011181E-016   1.7484731413090643E-016  0.15697263447214321        2.9910876286439168E-016  -4.7165132491973768E-016  -1.0077968600658558E-015   6.7220753366791739E-011  -1.1395504561819266E-016  -3.3645527692390155E-016   4.0405522677108610E-013  -2.8553131491951004E-016  -5.0416445817586431E-011  -5.1620667369106668E-017  -2.2545502497951772E-011  -1.1582433942860784E-016  -1.3601089136192287E-016  -1.5066584407293737E-013  -2.1049688317111246E-017  -1.5066257746869664E-013   4.0663783512789040E-017  -4.3117666296173695E-016   2.4471041165061750E-010  -5.0158822635444373E-017  -1.8348059545619882E-016   1.0550357153335220E-012  -1.8372211713370907E-016  -1.3680045941435110E-010  -5.3644032548722579E-017  -6.1176240946589669E-011  -1.3233534943721270E-016  -2.9034529319897857E-016  -5.3978953861865198E-010  -4.6200549525320721E-017  -1.9263615411883381E-017  -1.6123854475834829E-012   2.7288219676642496E-017  -3.2438479994133900E-016   8.7688521262707556E-002  -2.6728102385942415E-017  -1.0676932503977244E-016   2.2203033665313856E-016
   2.6539169388384550E-010   2.0461272194776050E-016  0.11706086489689863       -2.1445830628762747E-010  -2.9177201884476153E-011   7.1138346012306186E-017   3.3234259862603178E-009   5.9917463884139810E-012   5.4092829947684535E-017   2.3186409280950730E-011   1.7312406876548407E-010  -3.9580480891356677E-016  0.19197345518234177        9.4584549229867941E-011  -7.2656561916073799E-014   8.7257973516186737E-017   2.8497162149917851E-011  -5.7844471849022132E-014  -5.6984314837808115E-018   1.5495163173632325E-013   1.5652005258831090E-016  -7.1152540662601106E-012   9.9866965435436947E-017  -1.5909404597375012E-011   5.0082336496407017E-013  -1.8482708622414121E-016  -1.7041338019348486E-009   4.1567268351859279E-012  -4.0916764414981880E-016  -4.6593107989264209E-012   1.3798256778177676E-010   1.1805315581479997E-016  0.15697263447255289       -2.1071277525359014E-011  -3.1650883784453251E-013   8.6238280981604534E-017   6.7219702256246942E-011  -6.9329933211840416E-014   6.9386239890514553E-017   6.3044207411740523E-013   7.9947514708311952E-017  -2.2547389677822084E-011   3.0532627438338732E-017  -5.0414350779714553E-011   7.9396538560162088E-014   1.5331364757280435E-016  -7.0282115902449614E-014   1.5542037372607136E-016  -3.1944236951700828E-013  -8.1329366070474479E-013  -5.3704013291414335E-018   2.4471209045098050E-010  -3.6818978379439756E-013   3.2185432741997095E-018   1.4591647255755985E-012  -4.8475726452226397E-017  -6.1177403413868648E-011  -1.5244456447242209E-017  -1.3679026454118806E-010  -4.6023198250440141E-013   3.1216991022545003E-017  -5.3979681201873583E-010   1.6267988367044451E-012   7.2221239413268325E-017  -1.1659735281373130E-012   7.4333491261628887E-011  -2.1592011103182787E-017   8.7688521262934388E-002  -1.8851569121369096E-011  -1.9599915332649686E-012
  -7.1797426962407412E-008   3.6693050031875945E-016  -2.1445830628762747E-010  0.13957560133592883        2.8525632367718862E-009  -5.7830998052780337E-018   1.4758271820843271E-011  -1.4263037516138654E-009  -2.2874716528148015E-016  -1.4262669698990137E-009  -9.8763062924507394E-008   8.5630538969200015E-016  -2.9500421212469845E-010  0.30997915539165000       -6.4443583404581527E-010  -1.1114527435883834E-016  -5.1649860945328216E-012   4.3230820619499236E-010   2.4412414110685225E-017   4.3228932716422859E-010   4.9636956904014264E-017   1.2913909684458986E-012  -1.3288717096886601E-016   2.8872500134127141E-012  -9.7153809841031556E-010  -2.0683654967102886E-016  -5.0262505355958288E-012   4.8575458633261997E-010   1.2735501632070789E-016   4.8575811724357621E-010  -7.9450828684108541E-008   9.5549233602216538E-016  -2.3731897214211254E-010  0.16108643608767989        4.4004705614994613E-013   5.4392446929346290E-017   4.8510004480225798E-015  -3.7698585909556797E-013  -3.9218248374031822E-018  -3.8044273604150484E-013   7.7128422960416778E-017  -1.6540546174574221E-015   3.2907441819055364E-018  -3.7035733414592678E-015   1.6943525155748165E-013  -4.0482244269861756E-017   9.5906930172916672E-014   5.0629704460905643E-018   1.5759652433628608E-013   3.3471853292660933E-011  -1.0136315419530164E-016   2.6822747550076518E-013  -2.2455518233739767E-011  -5.7265761964699964E-018  -2.2454792763386587E-011  -2.3705514324124732E-016  -6.7092402070864212E-014  -6.7757251096353024E-017  -1.4984776973750033E-013  -6.0983745191875700E-011   2.5011887070179402E-017  -3.1546212039690677E-013   3.0489509215140492E-011  -3.1605652757326110E-017   3.0484612678338316E-011  -4.2907601644913983E-008   2.5395826422392673E-016  -1.2816453582562961E-010  0.19244715588281761        1.9152756193542876E-003
  -4.0116117620257901E-009  -8.3170776331836713E-017  -2.9177201884476153E-011   2.8525632367718862E-009   1.9578622336701514E-016  -1.3202175912775215E-024   5.2474097335723058E-019  -9.7893223188433351E-017  -6.5931563374237860E-024  -9.7893160310230691E-017  -6.5788218296953770E-009  -1.3639556242172527E-016  -4.7849014922110278E-011   6.3348130825590392E-009  -1.4523567083568166E-017  -3.7367866173057671E-024  -1.2059394614239671E-019   9.7438422992369031E-018   8.6126734401474546E-025   9.7433706403163962E-018   1.1665029789817089E-024   3.0152560713494446E-020  -3.2045973115180694E-024   6.7414433440139260E-020   7.5490020115531876E-017  -2.9776192446065682E-024   6.4087428330930895E-019  -3.7746600892800176E-017   3.1352713075648388E-024  -3.7743926725160887E-017  -5.3793634142069409E-009  -1.1152775760728116E-016  -3.9125127394280088E-011   3.2936727373787412E-009  -2.4279810488178591E-018   1.2127638396959714E-024  -3.7288194738870555E-020   2.1328496483457297E-018   1.5349620074995280E-026   2.1325309058888427E-018   1.5293057058052848E-024   1.2506730511203797E-020  -8.0042717493698803E-026   2.7965130475004994E-020  -9.1047763180819647E-019  -8.8409868133577066E-025  -5.3314811520319822E-019   1.0512955669054610E-025  -9.1059676379558318E-019  -8.7377851344777605E-018  -1.8124191297200371E-024  -1.0598569384663469E-019   5.8625700374060923E-018  -2.4903678825398999E-025   5.8620346557158081E-018  -4.2256261850375632E-024   2.6496639257945381E-020  -1.2362736725153292E-024   5.9249846614503865E-020   3.6076586253439610E-017   6.7394555940231428E-025   2.6593636151305332E-019  -1.8038792735811178E-017  -8.0863970263112661E-025  -1.8037992753136929E-017  -3.0050359737982581E-009  -6.2301975677694268E-017  -2.1856195178063532E-011   3.9330245418662056E-009   1.3247138145490767E-010
  -3.5489178163180170E-017   3.3235472430784567E-009   7.1138346012306186E-017  -5.7830998052780337E-018  -1.3202175912775215E-024   9.4360880442654428E-017   3.4274487274588764E-024  -7.3141214578293670E-024   2.8185266500664106E-019  -8.6496525341429984E-024  -5.8200245705723182E-017   5.4504368157553367E-009   1.1666300546865014E-016  -9.7452042952696622E-018  -1.9327328500312040E-023   8.0891847606490059E-019   3.3022559128037490E-025  -1.0120485324639207E-023   3.4870495710259619E-021  -9.4612566111692793E-024  -4.5207978696878742E-019   1.0202808677228500E-024  -2.0215585740700151E-019   2.0551694867493490E-024   3.8475237598815843E-023  -4.8382766865498895E-017   5.9249821378206021E-024  -9.1441912111111500E-025  -1.4451359060890549E-019  -7.3726027792426805E-024  -4.7589129370380082E-017   4.4567069191032646E-009   9.5392885443707259E-017  -1.9824504081113244E-017  -2.8634905928673717E-023   1.9085058847650094E-018  -3.1947029920899490E-024  -9.5334492625612251E-024   1.1471781249820488E-020  -8.0872104258039714E-024  -1.4314044206964962E-018  -1.4792344134185147E-024  -6.4010327223700440E-019  -3.3189387579375576E-024  -3.8696633098043919E-024  -4.2776469415384875E-021  -6.0244426910581876E-025  -4.2775541974434294E-021   1.1461750379392796E-024  -1.2318645701518918E-023   6.9477242861297429E-018  -1.2757677299531762E-024  -5.1583101191675924E-024   2.9954169962485812E-020  -5.1640576553857075E-024  -3.8839862505881833E-018  -1.5601205028673932E-024  -1.7368924031141892E-018  -3.8401245649155078E-024  -7.8562484943001765E-024  -1.5325497846876094E-017  -1.6382295136662718E-024  -7.3968879166212092E-025  -4.5778230101442765E-020   5.8029872559608689E-025  -2.6584390657313881E-017   2.4896189119307622E-009   5.3288652695154612E-017  -7.1515238049219411E-018  -8.2572820936585142E-016
  -3.0682021352531945E-011   4.9285745323723633E-017   3.3234259862603178E-009   1.4758271820843271E-011   5.2474097335723058E-019   3.4274487274588764E-024   9.4363597673107057E-017  -5.0645631052444713E-019   1.5012582031640862E-024  -1.8258438864756090E-020  -5.0316829626360332E-011   8.0825922377477581E-017   5.4502379612165473E-009   3.2774346010027699E-011  -8.0545203341545144E-020   2.4666136845625534E-024   8.0844424804568439E-019   5.1013499624893999E-020  -1.5643638352518039E-025   5.7052657970423429E-020   4.4435639457987732E-024  -2.0185447035789036E-019   2.8146486242605485E-024  -4.5133801444844594E-019   6.4077488266371371E-019  -5.9869159849556693E-024  -4.8379441597849503E-017  -1.9526928068494706E-019  -1.1601878430391944E-023  -4.4555824436356430E-019  -4.1143007140557512E-011   6.6089660031050198E-017   4.4565443199536239E-009   1.7040433013784801E-011  -2.7578712249713753E-020   2.4837629482581017E-024   1.9082491181541854E-018   1.4363344470130501E-020   1.9705629310951880E-024   3.4229349556561147E-020   2.2562471541102686E-024  -6.4008074027727425E-019   8.5649826255017206E-025  -1.4311747503574468E-018  -4.7179291028710515E-021   4.3481459728964647E-024  -6.0780223177390902E-021   4.4132009010081176E-024  -1.6042270139364544E-020  -9.1611164366032191E-020  -5.6925545698936143E-026   6.9471608096761717E-018   3.5519011038619225E-020   9.0234398641764149E-026   8.7398019645506996E-020  -1.4549498893730450E-024  -1.7367726182284646E-018  -4.6510706022129396E-025  -3.8833551461806220E-018   2.6595715157770699E-019   6.6002534147653724E-025  -1.5324124237486952E-017  -9.3326991076747152E-020   2.0452745606319998E-024  -1.7261437913296625E-019  -2.2983429046317610E-011   3.6919200483105888E-017   2.4895280803099383E-009   2.0348241475982845E-011   6.8526006265977590E-013
   2.0058585207568334E-009  -2.3909510126233283E-016   5.9917463884139810E-012  -1.4263037516138654E-009  -9.7893223188433351E-017  -7.3141214578293670E-024  -5.0645631052444713E-019   4.8947298720782612E-017   3.2688538292340104E-024   4.8946004466641389E-017   3.2894972411430792E-009  -3.9210296403984654E-016   9.8261333044479494E-012  -3.1674558565375600E-009   7.2619076415339061E-018   1.7937158804511322E-024   5.8205078360940063E-020  -4.8719965845576007E-018  -4.3050901912281872E-025  -4.8717763792889500E-018  -5.5656773118857274E-025  -1.4553970358935281E-020   1.6120637256420794E-024  -3.2539353857000642E-020  -3.7746153256311321E-017   5.5884722267495062E-024  -1.9529037881366486E-019   1.8873548399371907E-017  -1.5254158177862474E-024   1.8872858752247880E-017   2.6897522942891691E-009  -3.2061430623920613E-016   8.0346212998916513E-012  -1.6468612326510757E-009   1.2140456855780835E-018  -7.7391322223356021E-025   1.3707807272256525E-020  -1.0664477686453597E-018  -1.3745277199735085E-026  -1.0663397866129793E-018  -6.4965865414352233E-025  -4.5975939096262606E-021   9.1839706911092265E-026  -1.0280378939462481E-020   4.5524495322387014E-019   4.3116394904910558E-025   2.6658622722801355E-019  -6.3608562761499298E-026   4.5533381117467281E-019   4.3690701758544177E-018   3.1987795607797220E-025   3.5022006539801286E-020  -2.9313370675884934E-018   1.2175170138728957E-025  -2.9312035750434159E-018   2.4444021022563048E-024  -8.7556550430443179E-021   7.6598062430651273E-025  -1.9579502207692701E-020  -1.8038742309618372E-017   9.5500243872548782E-025  -9.3327716365985730E-020   9.0195183924717812E-018   4.0288748788668738E-025   9.0193234981186233E-018   1.5025574185227658E-009  -1.7910251648635153E-016   4.4883240233016479E-012  -1.9665428307977811E-009  -6.6193278636148289E-011
   5.4757973589898697E-017   9.9273199162837779E-012   5.4092829947684535E-017  -2.2874716528148015E-016  -6.5931563374237860E-024   2.8185266500664106E-019   1.5012582031640862E-024   3.2688538292340104E-024   8.4188409909076551E-022   3.2726692142115837E-024   8.9800028345273453E-017   1.6280265028932221E-011   8.8709300451551864E-017  -5.0634674991770448E-016   1.0286807093817185E-024   2.4162113282146679E-021   2.2770613048354069E-026  -7.5909062752304901E-025   1.0415695537430523E-023  -7.5699177132005306E-025  -1.3503465860553462E-021  -2.3948272913380961E-027  -6.0383250838247592E-022  -6.0292046214651369E-027   4.9739047899987191E-025  -1.4451764033420850E-019  -7.6231139941801722E-025  -1.9196471848551679E-025  -4.3165706468965988E-022  -2.1532364463520629E-025   7.3427580736342672E-017   1.3312028421197660E-011   7.2535718995410829E-017  -2.7109148180214476E-016  -5.3150315373990649E-026   5.7006406392408991E-021   2.1670375579898851E-026  -5.7084583834907959E-026   3.4265811327673119E-023  -5.2435709208893426E-026  -4.2755551748065206E-021  -1.4888042920472766E-026  -1.9119661909997591E-021  -3.3322874496106201E-026   6.7248967972115142E-028  -1.2777182423908657E-023   5.3141186396875697E-027  -1.2776905518470122E-023   1.5490300425698535E-026   4.1319203695278732E-026   2.0752610579633543E-020   1.0911128942336680E-025  -6.8238200472825475E-026   8.9472062963537887E-023  -6.7414155917918069E-026  -1.1601331721316646E-020  -3.2889907921836102E-026  -5.1880371438886549E-021  -7.4592213840593832E-026  -4.0496185871907558E-025  -4.5776728559865878E-020  -2.5456607201084047E-025   1.8915997414957465E-025  -1.3673797958666310E-022   1.9182295439952104E-025   4.1018332622228935E-017   7.4364050217244251E-012   4.0520119672706282E-017  -3.1495368374838052E-016  -4.4834284866246620E-016
   2.0057535631079249E-009  -2.8650381886306987E-016   2.3186409280950730E-011  -1.4262669698990137E-009  -9.7893160310230691E-017  -8.6496525341429984E-024  -1.8258438864756090E-020   4.8946004466641389E-017   3.2726692142115837E-024   4.8947235980467932E-017   3.2893251163493832E-009  -4.6985068394818090E-016   3.8024445773029333E-011  -3.1673741735622506E-009   7.2616917797700384E-018   1.7949272880054922E-024   6.2389358934143148E-020  -4.8718674088079967E-018  -4.3138017666297455E-025  -4.8716159524920810E-018  -5.2711085557751414E-025  -1.5598713040650778E-020   1.6295692146985422E-024  -3.4875354004035292E-020  -3.7743840862715576E-017   6.2514236782488384E-024  -4.4559764097795005E-019   1.8873039542685867E-017  -1.5834106570489555E-024   1.8871054950005798E-017   2.6896115514863313E-009  -3.8418697254436873E-016   3.1091785071153600E-011  -1.6468187640054151E-009   1.2139355486347970E-018  -7.8845076915033039E-025   2.3580936754193902E-020  -1.0664020475009676E-018  -3.7149374514682971E-027  -1.0661912812326044E-018  -6.1747826223055889E-025  -7.9093208465813515E-021   1.0545204929089391E-025  -1.7685163496070615E-020   4.5523274873587687E-019   4.5373334565090903E-025   2.6656192821266568E-019  -4.0716300953124360E-026   4.5526302012118338E-019   4.3687130337997658E-018   2.1996753936601754E-025   7.0965663758114083E-020  -2.9312316860282229E-018   1.2179235450575332E-025  -2.9308297820288682E-018   2.4926360096698340E-024  -1.7741478375488244E-020   7.8850120135823486E-025  -3.9671449201836519E-020  -1.8037849402045654E-017   1.1781993134032888E-024  -1.7261306706882383E-019   9.0192770891659433E-018   4.1413671652606884E-025   9.0186719782505095E-018   1.5024787963592646E-009  -2.1461566896550089E-016   1.7368585620576152E-011  -1.9664921172735009E-009  -6.6191624014886085E-011
  0.19197351314156422        1.0086726968274312E-015   1.7312406876548407E-010  -9.8763062924507394E-008  -6.5788218296953770E-009  -5.8200245705723182E-017  -5.0316829626360332E-011   3.2894972411430792E-009   8.9800028345273453E-017   3.2893251163493832E-009  0.31482598226554226        2.4020711387953828E-015  -1.4592014258036084E-010   9.4089918453853565E-008   6.4626927688656117E-011   6.9052935090090464E-017   3.7863164537842571E-013  -4.3398872451130872E-011  -1.6334496274370594E-017  -4.3397308063182921E-011  -7.6248310409549896E-018  -9.4817501246568973E-014   2.2389008450080367E-017  -2.1199474097674467E-013  -4.5636777562904292E-009   3.4664391991255602E-018  -1.5263121537460557E-011   2.2818488527536598E-009  -2.1218203225434756E-017   2.2818294838133001E-009  0.25742654583494590        1.7600698905670589E-015  -1.2518323607288057E-010   1.0313251121601847E-008   1.1662474182789641E-010  -9.1569770317050535E-018   9.8738969624364352E-013  -1.0243508893354236E-010  -5.9319749683741684E-018  -1.0243156571684532E-010   2.1760694127208059E-018  -3.3118719651114153E-013   7.5592449246361397E-018  -7.4056278546402167E-013   4.3735466993887758E-011   1.4935227164062521E-018   2.5608317426662252E-011  -8.8665533518563688E-019   4.3734344940671777E-011   4.5084265771521018E-010  -1.9299460008237883E-017   2.4150205262965614E-012  -3.0247737445956782E-010   5.9118844029033104E-018  -3.0247284071869259E-010  -2.5684984515072581E-017  -6.0381043165827914E-013  -1.7297058749151585E-018  -1.3501355338056787E-012  -1.7863596177243688E-009   1.0060946282548340E-017  -6.5978030823479748E-012   8.9318501497349932E-010   6.8282995165949960E-018   8.9317525007087050E-010  0.14380438333867018        1.0513888778039232E-015  -7.4434464190563336E-011   1.5822206690441298E-008  -2.3144684766452177E-009
  -3.3367797045457927E-016  0.19197345518184178       -3.9580480891356677E-016   8.5630538969200015E-016  -1.3639556242172527E-016   5.4504368157553367E-009   8.0825922377477581E-017  -3.9210296403984654E-016   1.6280265028932221E-011  -4.6985068394818090E-016   2.4020711387953828E-015  0.31482603111779128       -1.5212666687248217E-015   1.1381955740124375E-015  -1.1185096185458761E-015   4.6724437311381385E-011   1.8055470108672951E-017  -5.8314215482296872E-016   2.0141761365601823E-013  -5.4507158456166186E-016  -2.6112858453567593E-011   5.9187495286737406E-017  -1.1676848738198409E-011   1.1927872849311772E-016   2.1611520589568376E-015  -2.7946667362019983E-009   4.0182734234387767E-016  -2.2347101606558147E-017  -8.3473383348716571E-012  -3.9507301797944257E-016   8.9828434642475782E-016  0.25742658774442395       -4.9019231037645149E-016  -4.8928344301042082E-016  -1.6527320679479895E-015   1.1023838150523990E-010  -1.8688008081122792E-016  -5.5176836520965092E-016   6.6262860808670959E-013  -4.6825583567471668E-016  -8.2680230580739296E-011  -8.4655088325529959E-017  -3.6973398557957389E-011  -1.8994562031756378E-016  -2.2305046838795807E-016  -2.4708379431710866E-013  -3.4520344550098486E-017  -2.4707843726372144E-013   6.6686394646669263E-017  -7.0710628801674003E-016   4.0131177302710706E-010  -8.2257744088631231E-017  -3.0089820358779397E-016   1.7302012230354955E-012  -3.0129428602157017E-016  -2.2434531717791550E-010  -8.7973296992526434E-017  -1.0032570970646504E-010  -2.1702277868077523E-016  -4.7615050243694207E-016  -8.8522550120923204E-010  -7.5766386474599048E-017  -3.1591279987781466E-017  -2.6442244872550786E-012   4.4751199088983841E-017  -1.9035076176971666E-016  0.14380440825830121       -5.9168225076828620E-016   1.7649122877088772E-016  -2.3464946238019952E-016
   1.7312511248502549E-010  -1.9627382298464854E-016  0.19197345518234177       -2.9500421212469845E-010  -4.7849014922110278E-011   1.1666300546865014E-016   5.4502379612165473E-009   9.8261333044479494E-012   8.8709300451551864E-017   3.8024445773029333E-011  -1.4592014258036084E-010  -1.5212666687248217E-015  0.31482603111727880        2.8104373394308128E-010  -1.1915316192857929E-013   1.4309833308749995E-016   4.6733796861346452E-011  -9.4861554720167968E-014  -9.3451178447126554E-018   2.5411248788109538E-013   2.5668437815743940E-016  -1.1668629893745278E-011   1.6377639464732633E-016  -2.6090558727468632E-011   8.2132893169005775E-013  -3.0310636684121390E-016  -2.7946868010618946E-009   6.8168031378388940E-012  -6.7101269457726319E-016  -7.6410193558310620E-012  -1.2518242517311427E-010  -5.1955281358551631E-016  0.25742658774400634        3.0806290271879131E-011  -5.1905744818208608E-013   1.4142609275972121E-016   1.1023665773927051E-010  -1.1369718209584049E-013   1.1378966169635358E-016   1.0338908713878663E-012   1.3110957855593844E-016  -3.6976493429752513E-011   5.0071849385544074E-017  -8.2676794831152944E-011   1.3020594772115090E-013   2.5142604810691783E-016  -1.1525888457671094E-013   2.5488096450119175E-016  -5.2386818125906913E-013  -1.3337579960602638E-012  -8.8071673809830469E-018   4.0131452616355901E-010  -6.0381082736984065E-013   5.2782359997657818E-018   2.3929512358104651E-012  -7.9497555754147605E-017  -1.0032761608839098E-010  -2.5000079658619606E-017  -2.2432859813737401E-010  -7.5475301935041944E-013   5.1194170818265296E-017  -8.8523742917737070E-010   2.6678604546772235E-012   1.1843890678758022E-016  -1.9121344128415436E-012  -7.4434285126220504E-011  -4.3379370014831169E-016  0.14380440825806462        4.7260932414565095E-011  -6.9108393662465010E-012
   3.1666007304840063E-008   3.4793337013610069E-016   9.4584549229867941E-011  0.30997915539165000        6.3348130825590392E-009  -9.7452042952696622E-018   3.2774346010027699E-011  -3.1674558565375600E-009  -5.0634674991770448E-016  -3.1673741735622506E-009   9.4089918453853565E-008   1.1381955740124375E-015   2.8104373394308128E-010  0.68845088993266146       -1.4310089728066087E-009  -2.4839890486088093E-016  -1.1469167086664222E-011   9.5996667061524226E-010   5.2659345370405881E-017   9.5992474998344976E-010   1.0862061225915379E-016   2.8676094352783341E-012  -2.9504255720558507E-016   6.4113176908515150E-012  -2.1560885831692908E-009  -4.6451776125003551E-016  -1.1154515315557160E-011   1.0780112486930462E-009   2.8414702742229694E-016   1.0780190999771277E-009   7.9824942137266351E-008   1.5026532816804487E-015   2.3843430731506778E-010  0.35763422239590070        9.7603334698105244E-013   1.2245887933392981E-016   1.0757577220051920E-014  -8.3599624366270258E-013  -7.8488201274659405E-018  -8.4366934877203070E-013   1.7267124350935596E-016  -3.6680900167292533E-015   7.1295477045447159E-018  -8.2130153729473204E-015   3.7588738523296495E-013  -9.0900840829539780E-017   2.1276435810143792E-013   9.5215232255415043E-018   3.4959799187913071E-013   7.4412079479924152E-011  -2.2736365111661707E-016   5.9630522952901033E-013  -4.9921395815861717E-011  -1.2170901619875713E-017  -4.9919784336484270E-011  -5.2434300189348647E-016  -1.4915053090478220E-013  -1.5563389972689220E-016  -3.3313290859217677E-013  -1.3494969887137628E-010   5.5764034691644102E-017  -6.9807997298255099E-013   6.7469157071696731E-011  -6.9941961025008057E-017   6.7458289772146044E-011   4.7891217048372101E-008   2.1437521100677108E-016   1.4304973955669878E-010  0.42740732167100054       -3.1353703107161136E-003
   3.9408040844429153E-011  -6.8204066598633430E-016  -7.2656561916073799E-014  -6.4443583404581527E-010  -1.4523567083568166E-017  -1.9327328500312040E-023  -8.0545203341545144E-020   7.2619076415339061E-018   1.0286807093817185E-024   7.2616917797700384E-018   6.4626927688656117E-011  -1.1185096185458761E-015  -1.1915316192857929E-013  -1.4310089728066087E-009   2.9901205381994342E-018   3.5011283945818611E-025   2.3918741113082091E-020  -2.0058778486389957E-018  -1.2793837035761237E-025  -2.0057904412799188E-018  -1.4965045081373401E-025  -5.9804129854561466E-021   6.6016460985292915E-025  -1.3370744715267158E-020   3.5601646119576628E-018   1.0847691061445432E-023   2.1189724510876563E-020  -1.7800228286038746E-018  -5.5308438614054332E-025  -1.7800375660669028E-018   5.2844065545596806E-011  -9.1458166217214394E-016  -9.7429040098088142E-014  -7.4459685593689893E-010   2.1898991820256616E-020  -6.3282641329579176E-025   1.3844550858531258E-022  -1.9277304572780908E-020   2.0661689571094034E-026  -1.9261025093650071E-020  -5.2087243989948291E-026  -4.6311862334836665E-023   1.1641679310155582E-025  -1.0353527241914832E-022   8.1923046600885050E-021   1.8087080448791296E-025   4.8121767488333046E-021  -3.5119383533162263E-026   8.2470031726220800E-021  -6.1457649207917313E-020  -9.7784434145792313E-025  -8.9025247964061722E-022   4.1227654301508520E-020   2.5424358109979891E-026   4.1224103277338888E-020   1.9015465703967033E-024   2.2274905521357374E-022   6.3200662575736856E-025   4.9718933921651018E-022  -8.1625736855689579E-020   3.0331271384092004E-024   4.5531136906998948E-022   4.0820803833848858E-020   1.5846953957220590E-025   4.0843192837543878E-020   2.9519902548639477E-011  -5.1090633471654228E-016  -5.4426121770732218E-014  -8.8849683615167927E-010  -6.1782664414459148E-011
   4.2106872381999589E-017   2.8491454916373180E-011   8.7257973516186737E-017  -1.1114527435883834E-016  -3.7367866173057671E-024   8.0891847606490059E-019   2.4666136845625534E-024   1.7937158804511322E-024   2.4162113282146679E-021   1.7949272880054922E-024   6.9052935090090464E-017   4.6724437311381385E-011   1.4309833308749995E-016  -2.4839890486088093E-016   3.5011283945818611E-025   6.9345378919099497E-021   2.8028125795611992E-026  -4.3286183872346403E-025   2.9893095714677364E-023  -4.2703806167616802E-025  -3.8755010614919683E-021   2.4538734606699834E-027  -1.7330021436552215E-021   3.5478355351091096E-027   5.1775419166292362E-027  -4.1476630842167278E-019  -1.2104404201546573E-024   1.5781742897575305E-025  -1.2388578082708094E-021   9.5920728075455887E-026   5.6463123634375512E-017   3.8205584267099153E-011   1.1700848084958133E-016  -1.2165418864420034E-016  -2.2021698715306129E-025   1.6360865483830094E-020   2.2584172553503252E-026  -1.0418462207641405E-025   9.8343039649407023E-023  -9.1265327796087081E-026  -1.2270863489174948E-020  -2.9442588292713423E-026  -5.4873519732985750E-021  -6.5929921819004883E-026  -2.3561358216903156E-026  -3.6670573755873821E-023   3.7930237749964616E-028  -3.6669778691048917E-023   1.9151229722133528E-026  -3.7538400044660126E-026   5.9560090106308196E-020   1.7048407455336928E-025  -9.0563557916158208E-026   2.5678524195624915E-022  -8.9259818952816277E-026  -3.3295876682607879E-020  -5.8729271083763282E-026  -1.4889691037146573E-020  -1.3433127753317011E-025  -4.4177129690227012E-025  -1.3137942657039579E-019  -4.1495123288806277E-025   1.8193256781110843E-025  -3.9243864566214616E-022   1.9118241877824817E-025   3.1541595665074565E-017   2.1342517437039151E-011   6.5363626511697263E-017  -1.5366129086004641E-016   4.1414230607048951E-016
   2.3088117966835741E-013   1.1009798030924342E-017   2.8497162149917851E-011  -5.1649860945328216E-012  -1.2059394614239671E-019   3.3022559128037490E-025   8.0844424804568439E-019   5.8205078360940063E-020   2.2770613048354069E-026   6.2389358934143148E-020   3.7863164537842571E-013   1.8055470108672951E-017   4.6733796861346452E-011  -1.1469167086664222E-011   2.3918741113082091E-020   2.8028125795611992E-026   7.1289929573419196E-021  -1.6071459010118475E-020  -2.3880539669410017E-027  -1.6018955258523654E-020   3.4666734886704344E-026  -1.7800541278405168E-021   2.8590962369639401E-026  -3.9801154627067542E-021   3.0675450692581286E-020  -1.9790795848511938E-025  -4.1468426266998930E-019  -1.4264362373924630E-020  -1.0474924479992511E-025  -1.6410681824294039E-020   3.0959903704793718E-013   1.4763576171209326E-017   3.8213237373018161E-011  -5.9677453648326049E-012   4.6846614058993169E-023   2.5387455330237284E-026   1.6364893902022100E-020  -1.2604462676839462E-022   1.7116706148559975E-026   4.4439462227745301E-023   1.1948182539563617E-026  -5.4892473418942261E-021   5.1894399150354059E-027  -1.2273564336439400E-020   6.5631263395864601E-023   3.8751071234767362E-026   1.0124820918123139E-023   3.7533922298926584E-026  -3.1024714257063380E-023  -8.9009690564308519E-022   2.5306782370318164E-026   5.9565442816327402E-020   3.7466890003407067E-022   1.1331577847468776E-027   8.1949660065525928E-022  -1.5803943794145776E-026  -1.4891208449464511E-020  -7.2552827887179236E-027  -3.3296162542975097E-020   2.4339499168365048E-023  -4.4069884967216973E-026  -1.3140363039821621E-019   3.2790537804042911E-022   1.8621932114346294E-026  -3.5179403970043437E-022   1.7294908170244774E-013   8.2472729442065769E-018   2.1346792637728964E-011  -7.1210720705951563E-012  -4.9483636043955828E-013
  -2.6463652179139371E-011  -3.5558627110862341E-016  -5.7844471849022132E-014   4.3230820619499236E-010   9.7438422992369031E-018  -1.0120485324639207E-023   5.1013499624893999E-020  -4.8719965845576007E-018  -7.5909062752304901E-025  -4.8718674088079967E-018  -4.3398872451130872E-011  -5.8314215482296872E-016  -9.4861554720167968E-014   9.5996667061524226E-010  -2.0058778486389957E-018  -4.3286183872346403E-025  -1.6071459010118475E-020   1.3456133964014470E-018   8.4979563586134227E-026   1.3455545667677497E-018   2.1085228119003650E-025   4.0183447166242315E-021  -3.9349535380331484E-025   8.9840399513632757E-021  -2.3876197885547188E-018   4.5602538140460145E-024  -1.2660934682544879E-020   1.1937659807837763E-018   4.0675822312909558E-025   1.1937838969902363E-018  -3.5486335846501428E-011  -4.7682300698830624E-016  -7.7566274142984226E-014   4.9949942910410014E-010  -1.4706948796741289E-020  -4.2481653268778844E-026  -1.5421905787981985E-022   1.2946557451362003E-020  -1.6729475696507744E-026   1.2934999002715493E-020   3.8506831165679062E-025   5.1644454217412223E-023   7.8479190450600282E-026   1.1546342574070334E-022  -5.5019922693643651E-021  -1.2042719110085422E-025  -3.2317634805175278E-021   2.4464348251367770E-026  -5.5383224789286843E-021   4.1163975086634830E-020  -1.0438154894301261E-024   3.7405199648646931E-022  -2.7613204954360069E-020  -2.4387675694512413E-026  -2.7612487282838830E-020  -3.2533559177491731E-025  -9.3638285896911028E-023   9.8249292912959574E-028  -2.0878871134446403E-022   5.5013246067802957E-020   1.7147042680884752E-024   1.8699600128166039E-022  -2.7513218792510844E-020  -9.5173327351420021E-026  -2.7525693815515769E-020  -1.9823478103479384E-011  -2.6636429121677872E-016  -4.3330289464097146E-014   5.9603214646808025E-010   4.1445799006656414E-011
  -9.9603952383623381E-018   1.2281968899058431E-013  -5.6984314837808115E-018   2.4412414110685225E-017   8.6126734401474546E-025   3.4870495710259619E-021  -1.5643638352518039E-025  -4.3050901912281872E-025   1.0415695537430523E-023  -4.3138017666297455E-025  -1.6334496274370594E-017   2.0141761365601823E-013  -9.3451178447126554E-018   5.2659345370405881E-017  -1.2793837035761237E-025   2.9893095714677364E-023  -2.3880539669410017E-027   8.4979563586134227E-026   1.2886191203745960E-025   8.4989772478059767E-026  -1.6706336473308829E-023   6.3753740944434891E-028  -7.4705481315861336E-024   1.4165633936080985E-027  -2.0249673800269835E-026  -1.7879560431786798E-021   8.2667834757340975E-026   1.0636111198204024E-026  -5.3404128347419924E-024   1.0827888769272620E-026  -1.3356371269680499E-017   1.6469492313262313E-013  -7.6413052291121300E-018   3.4784723949772653E-017  -6.9390443618546375E-027   7.0527686766289901E-023  -3.4411806201467524E-027   4.8238108959461561E-027   4.2393272277681466E-025   4.8421546612129861E-027  -5.2896689331484742E-023   1.0599980925967780E-027  -2.3654631343871657E-023   2.3696476701830765E-027  -2.3608516475932005E-027  -1.5807782811048086E-025  -1.3160705310525472E-027  -1.5807435195094994E-025  -2.1582441553127400E-027  -2.2163808774727851E-026   2.5674897149636722E-022  -1.2077303279679239E-026   1.4418283518779356E-026   1.1069382989589233E-024   1.4328951229520307E-026  -1.4353037552173514E-022   2.9495891893410476E-027  -6.4185813600003802E-023   6.5828574011562553E-027   5.4269278761707002E-026  -5.6634455343811394E-022   2.6373493124624495E-026  -2.7350921267344432E-026  -1.6917069776064350E-024  -2.7166888665312856E-026  -7.4611768766765832E-018   9.2002369187082108E-014  -4.2686087213513735E-018   3.3246563672586547E-017   4.1535246509161543E-016
  -2.6462698250139703E-011  -3.3237173929841023E-016   1.5495163173632325E-013   4.3228932716422859E-010   9.7433706403163962E-018  -9.4612566111692793E-024   5.7052657970423429E-020  -4.8717763792889500E-018  -7.5699177132005306E-025  -4.8716159524920810E-018  -4.3397308063182921E-011  -5.4507158456166186E-016   2.5411248788109538E-013   9.5992474998344976E-010  -2.0057904412799188E-018  -4.2703806167616802E-025  -1.6018955258523654E-020   1.3455545667677497E-018   8.4989772478059767E-026   1.3454961265232571E-018   2.0797191753794385E-025   4.0052351843057559E-021  -3.9470773766460734E-025   8.9547276320093365E-021  -2.3875097343164692E-018   4.2219973418371171E-024  -1.5758144657994449E-020   1.1937189668343911E-018   4.0498802943810713E-025   1.1937208564606306E-018  -3.5485056679755353E-011  -4.4569350679641211E-016   2.0778242043313762E-013   4.9947760985456264E-010  -1.4707004522346819E-020  -2.9001199610400199E-026  -3.2021193194846363E-023   1.2945973761221979E-020  -1.6522489528333068E-026   1.2935687861425705E-020   3.7520541196221292E-025   1.0655837297054851E-023   7.4063203769299474E-026   2.3815810217729561E-023  -5.5016536533412725E-021  -1.2017314876927794E-025  -3.2317770325978196E-021   2.4715859051178026E-026  -5.5387072855108907E-021   4.1160229038045690E-020  -9.9528330090613908E-025   8.1887149720861921E-022  -2.7612353044638481E-020  -2.4171652610698184E-026  -2.7608313638915705E-020  -3.5252034501900172E-025  -2.0484202974214073E-022  -1.1169365765214711E-026  -4.5743592879344847E-022   5.5011909074218154E-020   1.6077111908889577E-024  -7.9424930335689335E-022  -2.7510011141541493E-020  -9.5357422552363865E-026  -2.7527562318769643E-020  -1.9822763531742612E-011  -2.4897463697140998E-016   1.1607204939369661E-013   5.9600611793597280E-010   4.1443614978200599E-011
  -4.6494470061091217E-018  -1.5923002441085143E-011   1.5652005258831090E-016   4.9636956904014264E-017   1.1665029789817089E-024  -4.5207978696878742E-019   4.4435639457987732E-024  -5.5656773118857274E-025  -1.3503465860553462E-021  -5.2711085557751414E-025  -7.6248310409549896E-018  -2.6112858453567593E-011   2.5668437815743940E-016   1.0862061225915379E-016  -1.4965045081373401E-025  -3.8755010614919683E-021   3.4666734886704344E-026   2.1085228119003650E-025  -1.6706336473308829E-023   2.0797191753794385E-025   2.1658989706035664E-021  -1.3937994833061981E-026   9.6852187612049057E-022  -3.0082002403392794E-026  -5.0538632009923750E-025   2.3180019977454217E-019  -2.3137899872722039E-024   1.7086078332983464E-025   6.9235972466062894E-022   1.8998946749507773E-025  -6.2346619120159055E-018  -2.1351932126095283E-011   2.0988538763173949E-016   6.4147833208538065E-017   1.3407243712118991E-025  -9.1435871492713147E-021   1.0535764963484627E-025   4.7941625653883382E-026  -5.4960915956688448E-023   4.1948877291898912E-026   6.8578101703170342E-021  -2.3119016108707128E-026   3.0667131294060438E-021  -5.1637494315211564E-026   1.7634047136580666E-026   2.0494062077784492E-023   2.1982066661232165E-027   2.0493617805062435E-023  -6.9354522635443487E-027   5.4173297917626550E-026  -3.3286312086621688E-020   3.3402477608457246E-025   2.6739269227164928E-026  -1.4350941528651385E-022   2.9215577044758081E-026   1.8608046772059983E-020  -7.4503121943963182E-026   8.3213927628463940E-021  -1.6490005339505958E-025   3.1945716377205046E-026   7.3423941884679501E-020  -7.1556846390577714E-025   8.2866779814018583E-027   2.1932195229287167E-022  -1.7815526305407048E-027  -3.4828261225110362E-018  -1.1927680009544987E-011   1.1724680127690035E-016   6.8010526663436354E-017   4.3146158815073479E-016
