   4.0362105693095081E-007  -8.4991754809152470E-019   1.1394218435697504E-017   9.2174976709560533E-016  -1.3603846444344622E-006   2.2028199578512190E-018  -3.0899288564454799E-017   1.9858745482479885E-015   8.0906200028002093E-019  -1.7147972612743432E-018  -1.7538165459094358E-018  -1.5019360889501623E-018   1.9506926869517355E-018  -3.5732986497464753E-019   6.2952610952347168E-006  -8.5520920984311797E-018   8.2331840955615969E-017   1.1517572015863824E-015   1.2911628163420274E-016  -5.0976038348626581E-019   3.5338664069216702E-020   5.6603486362286066E-017  -4.5174636627097959E-020   5.8582033706273821E-017  -5.8366175184181323E-019   1.1624349810659512E-019  -1.1530945496576095E-019   9.9053187326702523E-020  -1.8225960191709061E-018   2.7151597813666596E-018   3.3481971819920601E-018   1.7653789707331211E-018  -3.2149160219678626E-018   8.1978518005281416E-019  -4.2426890573591642E-019  -1.0165101928982499E-019  -7.6281190016092543E-022   1.9124790938930794E-019  -1.2732385178764584E-019   3.5529844605886054E-019  -1.7945450602330240E-019  -3.5922086549043096E-020   4.0761928637346821E-019   2.9340976614625690E-020  -2.4961223978259001E-019   8.5044517949536776E-020   2.8130829830248249E-019   5.3683818599563229E-021  -4.4500116000989481E-019   2.0313096787756283E-009  -7.3722024032664818E-019  -1.6618494642679437E-017   8.9722010682752643E-004  -1.4295152968019148E-015   8.9948974865289631E-015  -3.7160856219449534E-017  -1.0605820693210646E-019   1.2592991627848441E-020  -1.5840007641888091E-017   9.9863573294706728E-020  -1.7559810472605529E-017   2.2052269380884364E-019  -3.3068548668206835E-020  -5.2039059174120964E-020   3.4604865516313676E-020   1.2555860399370990E-018  -1.3498455519840426E-018  -1.7531234616956585E-018  -8.8060925328725549E-019   1.5421110026760162E-018  -4.8079627593134831E-019   1.3161271257827278E-015   5.2501403563960156E-017  -2.3840449438139055E-014
  -8.4991754809152470E-019   4.0362105694027373E-007  -2.5025139851181822E-018  -3.9400694679412408E-016   1.0884911250960593E-018  -1.3603846444649448E-006   1.0449933768090103E-017  -8.7739084603394144E-016  -2.1910185349234889E-018  -1.2418985562113044E-018  -5.0720856355318934E-019  -4.8697669053601577E-018   6.7725202346299282E-019  -5.3235230530997488E-018  -2.8981392329321805E-018   6.2952610953390246E-006  -4.9965767060792538E-017  -4.3349165239903055E-016  -1.8877278733679736E-019   5.3342627091159816E-017   2.0408887684890639E-020   6.9248729317947648E-020   4.9502474424628093E-020   1.4487660748675692E-019   1.2303827775837848E-016   3.1249143567967188E-020   5.5530088617370538E-017  -4.4118247722790187E-019   2.6171655833366555E-018   2.0791642382834956E-018   1.1956627579285954E-018   9.2550487203632594E-018  -3.6444633288609599E-019   8.4394815052494728E-018  -1.5932601214384032E-018  -1.5630475812066850E-019  -7.6408351073283003E-020  -1.2055605681936462E-018  -1.4868383271863958E-019  -9.8513081950571071E-019  -3.0372134056829315E-019  -1.2728063328636102E-019  -1.2366441129128204E-019  -1.8119875762924369E-019  -2.7817986294138095E-018  -2.2695454708935648E-019  -1.3966426771017846E-018  -8.3114249352250288E-020  -2.1000738362923884E-018  -1.1234753264040591E-018   2.0313096369675316E-009  -1.7120764797604951E-018  -4.6173766404812347E-016   8.9722010683784153E-004  -7.1385507247975166E-015  -1.5825828544280709E-020  -1.4084864250977518E-017   2.7050041772266312E-020   2.2213189775717191E-019   7.3855610007374285E-020   8.5116033923253133E-020  -3.3576019461637127E-017   6.6815021595255033E-020  -1.5824130791941052E-017   1.7491145904616552E-019   2.9376611624474911E-018  -8.8143569169730257E-019  -4.0216193279635990E-019   3.4542909259173524E-019   2.9710889896709758E-019   3.7312984187624117E-019  -5.9299858862249486E-016   5.9143242146443336E-015   2.0145134676986413E-015
   1.1394218435697504E-017  -2.5025139851181822E-018   4.0362105695886319E-007   5.4749035417192506E-015  -3.4599149963766167E-017  -2.1970198393976154E-019  -1.3603846445162265E-006   1.1746005107482542E-014   5.4114007037474068E-018   9.8943056383930547E-019  -4.1165112615688539E-019   8.9827327662598074E-019  -3.5978062329351203E-019  -2.1381068587247908E-018   1.3010964836665141E-016   1.8194816657508449E-017   6.2952610954833277E-006   6.6965057041948219E-015  -2.0020632279316506E-018  -1.3435815443181206E-018   6.2556786138538871E-017   2.9580251908788444E-019   2.8258959448712106E-019  -1.2548140967477836E-018  -1.4731429790445617E-018   6.1972629357523409E-017  -4.9887067190160214E-019   1.3087414348993774E-016  -9.6218782446972183E-018  -2.6546938086261994E-018   6.5755959135528475E-019  -1.7011501717168184E-018   7.1429637990279832E-019   2.5255187867769476E-018   8.2552093394515052E-019   1.5713493558837374E-020   6.8622671461552117E-020   5.5915668236730727E-019   7.1224050901565918E-020   5.0628906885221500E-019   1.0137936944502793E-019  -4.7960268342506482E-020   2.9676827941814303E-020   2.4295885207472915E-020   8.3604780419692378E-019   4.8210356699465426E-020   7.6631647191439681E-019  -5.9779054732684681E-020   9.5964338940426029E-019  -1.6154376049038953E-017  -1.0362841873968190E-017   2.0313096454587267E-009   1.6300796653370721E-014   1.5675061886334570E-015   8.9722010685851596E-004   3.2784454950495565E-019   1.1495770589903765E-018  -1.8003017628909377E-017   3.4364038820631875E-020  -3.3205231425874803E-019   9.5293740252677243E-019  -8.3398397631848447E-019  -1.7518979146753144E-017   2.9106672386980016E-019  -3.5594869788046653E-017   3.1416726994344253E-018   1.6184430498788082E-018  -4.1018011035306975E-019  -1.4621008833241751E-018  -1.9417758915761834E-019  -3.3796225806678630E-018   7.8951640059603896E-015  -1.0123495431574654E-014   3.8616990920782712E-015
   9.2174976709560533E-016  -3.9400694679412408E-016   5.4749035417192506E-015  0.13557261801029169       -5.5567053978040441E-016   1.9235132594709778E-015  -9.3807400652087486E-015  0.28770690468617177        4.0854652114073824E-014  -5.7632408823206225E-016  -1.7503219681738799E-015   4.4202114719237381E-014   1.5520716589791738E-015   3.7222592689864628E-014  -7.3957461908711433E-015  -3.6193087128945305E-015   7.6217565688178454E-015  0.16893066420317579        2.4171516526410301E-015   7.6999104137706708E-016   1.7026319751958539E-016   1.7004466107493613E-015  -7.6889686004564675E-017   1.0487895956468296E-015  -1.6246131295273816E-016   9.5536706407759359E-017   1.6144595492111345E-016  -1.5278086899027777E-016  -6.8211923819834672E-014   6.7888159701904828E-016   1.8626953513935087E-015  -7.4492147464276745E-014  -2.2815433239477532E-015  -6.4673803879665126E-014   2.1542150111149170E-014  -4.1377474037634092E-017  -4.0136312613439562E-017   1.2877178434545657E-014   1.5088424353095840E-017   1.2999037803733743E-014  -2.1093842938275689E-017  -1.0543042503233153E-017  -2.4039332363523709E-017  -4.2669428640906493E-017   2.2392817594516635E-014   1.5085989406659700E-017   1.3437673101447852E-014   1.7018166373727207E-017   2.2731214381480639E-014   6.2325125605397129E-015   3.3431301721930234E-015  -3.9116325031656605E-015  -1.6097685848459201E-014  -9.5460788835034544E-015  -5.1057001438188905E-016  -3.8227731726032686E-016  -1.8365572633762222E-016  -1.3687970874398900E-016  -4.3970061589198866E-016   3.6412081260022660E-017   6.4358636875126105E-017   1.4648394381231222E-016  -1.1294232908597220E-016   5.8826352975558907E-017   1.3073514304223103E-016  -1.5908990237144965E-014  -2.6921610923068690E-016  -6.4991866352253764E-016  -1.3621746311835226E-014   1.0161829478674237E-015  -1.8307374353137073E-014  0.19440050871684894        4.4288313275639042E-003  -2.2638221257583363E-004
  -1.3603846444344622E-006   1.0884911250960593E-018  -3.4599149963766167E-017  -5.5567053978040441E-016   4.5851086038102212E-006  -1.4381925449994999E-018   9.1321650325347410E-017  -1.2092388594918899E-015  -2.7269031246932894E-018   5.7796386548386455E-018   5.9111512078535254E-018   5.0622006892441941E-018  -6.5747124233168739E-018   1.2043624908829114E-018  -2.1217863586656379E-005   1.1224290664694669E-018  -2.1815681050911112E-016  -7.8263673946109917E-016  -4.3517998842088847E-016   1.7181219513680240E-018  -1.1910720437425675E-019  -1.9077922805655898E-016   1.5225885999379557E-019  -1.9744782321249457E-016   1.9672028276847501E-018  -3.9179291292824240E-019   3.8864476746856955E-019  -3.3385382709652654E-019   6.1429689921559848E-018  -9.1513106422807342E-018  -1.1284931632481328E-017  -5.9501217847203293E-018   1.0835714129096201E-017  -2.7630450682025464E-018   1.4299771894237958E-018   3.4260969132654970E-019   2.5710194814335508E-021  -6.4459154125622032E-019   4.2913869302420666E-019  -1.1975156942114053E-018   6.0484246344176052E-019   1.2107360131762708E-019  -1.3738604773685427E-018  -9.8892298490093388E-020   8.4130560662575353E-019  -2.8663830671930987E-019  -9.4813559090121825E-019  -1.8093863335084582E-020   1.4998542185512074E-018  -6.8464279740742187E-009   2.4758253830148119E-018   5.6030954393009013E-017  -3.0240356270976759E-003   8.6993934246522170E-016  -2.1859738984588325E-014   1.2524881273394982E-016   3.5746389756817506E-019  -4.2444050477350651E-020   5.3387955840426667E-017  -3.3658519375801913E-019   5.9184465517550629E-017  -7.4326074217840235E-019   1.1145589405172571E-019   1.7539505387494266E-019  -1.1663397382465529E-019  -4.2318901333363880E-018   4.5495871182398229E-018   5.9088152020876111E-018   2.9680495737983179E-018  -5.1976082318013889E-018   1.6204998715225816E-018  -7.6143586141963631E-016  -7.0249125516282574E-015   4.4925983594746080E-014
   2.2028199578512190E-018  -1.3603846444649448E-006  -2.1970198393976154E-019   1.9235132594709778E-015  -1.4381925449994999E-018   4.5851086039097950E-006  -6.0520921344605675E-018   4.0915645776576043E-015   7.3847187095778953E-018   4.1857571521603215E-018   1.7095211697619038E-018   1.6413306507240840E-017  -2.2826441715997862E-018   1.7942668975118024E-017  -5.5379594404229374E-019  -2.1217863586993288E-005   3.3426354534770642E-017   2.3310384425618518E-015   6.3624926571984731E-019  -1.7978866449716544E-016  -6.8787139514336956E-020  -2.3339938895841827E-019  -1.6684562144349071E-019  -4.8829938083540071E-019  -4.1469437945768928E-016  -1.0532368136961648E-019  -1.8716139448599188E-016   1.4869835356246696E-018  -8.8210260859115139E-018  -7.0077193804300513E-018  -4.0299216997735854E-018  -3.1193680178554917E-017   1.2283481906535299E-018  -2.8444851551176723E-017   5.3700037862433631E-018   5.2681739257287415E-019   2.5753053692461516E-019   4.0632817758742054E-018   5.0113144354499108E-019   3.3203343004264887E-018   1.0236776322745959E-018   4.2899302720810569E-019   4.1680473130513685E-019   6.1072137648851728E-019   9.3759135568433631E-018   7.6493898309500104E-019   4.7073144949921356E-018   2.8013243266502410E-019   7.0781941381688763E-018   3.7832869879780378E-018  -6.8464278331573839E-009   5.7269137704405630E-018   8.5164636061966009E-017  -3.0240356271303537E-003   4.8222516407342910E-015   5.3340165951241285E-020   4.7472332567694604E-017  -9.1170816465353102E-020  -7.4868448397319463E-019  -2.4892665046005781E-019  -2.8687934771963114E-019   1.1316629921176769E-016  -2.2519669795120087E-019   5.3334443709526792E-017  -5.8953034939420819E-019  -9.9012404521249396E-018   2.9708350430249571E-018   1.3554667393100389E-018  -1.1642515311621160E-018  -1.0013907276307299E-018  -1.2576155251638916E-018   2.8212416713766559E-015  -9.9414883946992224E-015  -3.4273681314902697E-015
  -3.0899288564454799E-017   1.0449933768090103E-017  -1.3603846445162265E-006  -9.3807400652087486E-015   9.1321650325347410E-017  -6.0520921344605675E-018   4.5851086040443047E-006  -2.0185562606832833E-014  -1.8238856211217084E-017  -3.3348263741199873E-018   1.3874495921497291E-018  -3.0275852806804910E-018   1.2126226492757822E-018   7.2063825454530935E-018  -3.2148294106432050E-016  -2.9891621963325256E-017  -2.1217863587302265E-005  -1.1412132484136495E-014   6.7478542725317323E-018   4.5284745930950789E-018  -2.1084452806887732E-016  -9.9698763819342674E-019  -9.5245413592373270E-019   4.2292883385928416E-018   4.9651549481102673E-018  -2.0887565676946476E-016   1.6814187220227823E-018  -4.4110477413985450E-016   3.2430060792084122E-017   8.9475130965851165E-018  -2.2162718109895366E-018   5.7336418163203430E-018  -2.4075003278554953E-018  -8.5121351301000308E-018  -2.7823771392640778E-018  -5.2961546436272710E-020  -2.3128929205918442E-019  -1.8846097129375007E-018  -2.4005711173427439E-019  -1.7064220580034936E-018  -3.4169410908877859E-019   1.6164769274423441E-019  -1.0002426864032455E-019  -8.1888069495544071E-020  -2.8178574304450214E-018  -1.6249060307524390E-019  -2.5828314528430644E-018   2.0148232288425603E-019  -3.2344301868397848E-018   5.4485286166032416E-017   3.4937584364445933E-017  -6.8464278617192960E-009  -3.8259386343993421E-014  -8.0325865053130226E-016  -3.0240356271747540E-003  -1.1049837057559324E-018  -3.8745921497632216E-018   6.0678273135334026E-017  -1.1582227947787804E-019   1.1191657662772860E-018  -3.2118279939961406E-018   2.8109014025178482E-018   5.9046845569476266E-017  -9.8102587782094281E-019   1.1997073355900176E-016  -1.0588851163490330E-017  -5.4548815903944217E-018   1.3824916068196502E-018   4.9279381141943981E-018   6.5446588103755470E-019   1.1390849370863936E-017  -1.3564687985328058E-014   2.3245043210697741E-014  -6.3802043702243172E-015
   1.9858745482479885E-015  -8.7739084603394144E-016   1.1746005107482542E-014  0.28770690468617177       -1.2092388594918899E-015   4.0915645776576043E-015  -2.0185562606832833E-014  0.61090485346939627        8.6117820226066449E-014  -1.2533443381650444E-015  -3.7156128219893557E-015   9.3239271088342009E-014   3.3696152232710900E-015   7.8434794567005231E-014  -1.5419868840061850E-014  -7.3467949849067853E-015   1.6367590361535652E-014  0.35816062721209152        5.2354823772926530E-015   1.6713098224171276E-015   3.3807137687746104E-016   3.6568187725409805E-015  -1.7182574540149803E-016   2.2371229907314407E-015  -2.9410857337342765E-016   1.8625255737704117E-016   3.8034926392178348E-016  -3.4956140301413324E-016  -1.4179597459126242E-013   1.4981013169221481E-015   3.9442406388271353E-015  -1.5521018417336188E-013  -4.9631884843009505E-015  -1.3425153560456905E-013   4.5045478869191679E-014  -8.9387509388595267E-017  -8.5934059200020859E-017   2.6926807372264385E-014   3.1288606511125486E-017   2.7156881788852131E-014  -4.7195054432095403E-017  -2.2574525942477180E-017  -5.7259063912756033E-017  -8.8439689368139580E-017   4.6800124637240264E-014   3.3343412842845925E-017   2.8082235359365554E-014   3.3287750174222007E-017   4.7534503704413254E-014   1.3691983491312583E-014   7.2056616291856369E-015  -8.5556594575022636E-015   6.4974545560251686E-014   5.9559204185440328E-014  -2.5461216882974266E-014  -8.4771448994503080E-016  -3.8861427574248904E-016  -2.8366198127811682E-016  -9.6091301538566041E-016   8.2787761572695651E-017   1.4039638387030714E-016   3.1062455385287049E-016  -2.4141192497052560E-016   1.2518658797951799E-016   2.7724338713643479E-016  -3.2385072838399791E-014  -5.9997110375972258E-016  -1.3718150851960301E-015  -2.7455439143183692E-014   2.2171598330502521E-015  -3.7524551217403049E-014  0.41263281982273492       -1.6686251217751420E-002   7.0664828927210935E-004
   8.0906200028002093E-019  -2.1910185349234889E-018   5.4114007037474068E-018   4.0854652114073824E-014  -2.7269031246932894E-018   7.3847187095778953E-018  -1.8238856211217084E-017   8.6117820226066449E-014   1.3403509934448497E-026  -1.0132165889690266E-028  -5.3009678764376636E-028   1.4329289538220811E-026   3.3120232971773235E-028   1.2181387856829878E-026   1.2618906878577648E-017  -3.4173226359202595E-017   8.4401395137028784E-017   5.1479326308784746E-014   7.8834528595007544E-028  -1.4075188182786352E-028   9.2945338393619121E-028   5.3325261715994921E-028  -1.0914868662589644E-029   3.9175326755821515E-028  -8.1406531318948412E-028   8.9202596943814498E-028  -3.3217365589745307E-028   1.7663823261467489E-027  -2.5768876225007415E-026   5.6826069065761372E-029   5.7990090950629959E-028  -2.7434120979981052E-026  -4.6812137235945841E-028  -2.4634576595576497E-026   7.6465526013910295E-027  -6.7202888853281548E-030  -1.1712051635640271E-029   4.5841094172399681E-027   4.7111786379856650E-030   4.6765759383903747E-027  -4.4370452385465456E-031   3.6007229695137302E-031   1.9920121572552950E-030  -1.5096372675722015E-029   8.0079816396026539E-027   6.1199897518516385E-030   4.8127575863049532E-027   7.4403638932029477E-030   8.0742415377399980E-027   4.0717792739380401E-021  -1.1026770571172440E-020   2.7234035355217656E-020   1.7984856875052039E-015  -4.8704740502625934E-015   1.2029148213828219E-014  -1.4741041260257386E-028   3.6068841196640846E-029  -2.9103735583171165E-028  -9.6424503166925491E-029  -1.7311966222206167E-030   3.3510355563279028E-030   2.0876557779457640E-028  -2.6831443455528527E-028   1.1392457308780296E-028  -4.4600486740530936E-028  -7.1213278059559277E-027  -1.0771016232236471E-030  -2.1196683144363432E-028  -6.6150028894461114E-027   1.9812320548458350E-028  -7.8374349665057651E-027   5.8441054761913102E-014   4.5720893829486595E-014   4.5015605568365956E-015
  -1.7147972612743432E-018  -1.2418985562113044E-018   9.8943056383930547E-019  -5.7632408823206225E-016   5.7796386548386455E-018   4.1857571521603215E-018  -3.3348263741199873E-018  -1.2533443381650444E-015  -1.0132165889690266E-028   1.9614556754811726E-029   1.5904135300964757E-029  -1.1065859215611486E-028  -2.5301322661913319E-029  -9.1795445588953339E-029  -2.6745622656855623E-017  -1.9369840920939346E-017   1.5432107983933293E-017  -6.8805156258269868E-016  -5.7121287987262475E-028  -1.7206097128891392E-028   1.5449499397120792E-028  -2.5455799710530429E-028   5.9337659736854618E-031  -2.5888938585682249E-028  -3.8149475710575266E-028   1.5330794907141678E-028  -1.7743393246647497E-028   3.2725035131657830E-028  -7.3787359656569985E-030  -3.4338304703483952E-029  -2.4536740848201794E-029   1.1445450744187839E-029   3.8834791299558280E-029  -2.6563142985352173E-029  -2.3310226068464817E-029   1.7368118186519695E-030   1.7179396319124921E-031  -1.2712949457444133E-029   6.2779172644118934E-031  -1.0303352117293371E-029   2.0704370220715533E-030   1.1706301848923836E-030  -1.3048676493018766E-030   4.8035472405979968E-031  -1.6871452781701594E-029   6.4869190056157850E-031  -1.1765388607495938E-029  -1.8734935316449679E-031  -2.1933719328626526E-029  -8.6300856959224025E-021  -6.2501211993960695E-021   4.9795219074925082E-021  -3.8118689684834168E-015  -2.7606497137072893E-015   2.1994318209396666E-015   1.5852230355533601E-028   4.7640491498035303E-029  -4.3604226842241842E-029   7.5577002688013329E-029  -1.8363984119022505E-030   7.8879691637856747E-029   9.8181909468835249E-029  -4.2779487640650959E-029   5.0841950178779978E-029  -9.0094097946638054E-029  -6.6290077722064131E-029   1.7737211124129715E-029   1.0478603116560581E-029  -7.7538417438067368E-029  -1.8536725039603696E-029  -5.2527215445051878E-029  -8.3373789172659811E-016   2.3373303182452207E-015   1.2873953799559319E-015
  -1.7538165459094358E-018  -5.0720856355318934E-019  -4.1165112615688539E-019  -1.7503219681738799E-015   5.9111512078535254E-018   1.7095211697619038E-018   1.3874495921497291E-018  -3.7156128219893557E-015  -5.3009678764376636E-028   1.5904135300964757E-029   3.1413045282459355E-029  -5.5556893208483303E-028  -2.9540591741145600E-029  -4.6651666603299170E-028  -2.7354204841121840E-017  -7.9109111938166711E-018  -6.4205057544772892E-018  -2.1797168218589752E-015  -5.8985129031106843E-028  -7.3606881142992488E-029  -6.6087785468024018E-029  -2.6961607911199342E-028   4.1190692225747806E-031  -2.6740949487326187E-028  -1.4791451844026991E-028  -6.4581138823456504E-029  -7.1663875734802126E-029  -1.3032646393898916E-028   8.8035732806832898E-028  -2.1388694670288955E-029  -4.1146480074375931E-029   9.3000147998056436E-028   4.4276843680437055E-029   8.0277034780779461E-028  -2.7266485090738212E-028   1.3363934356049250E-030   3.7476764707193091E-031  -1.6386201435049955E-028   2.7256881322852827E-031  -1.6556176549635196E-028   1.2722322309467988E-030   7.5479181606760080E-031  -1.5664592460994777E-030   6.1638717497058475E-031  -2.8176551579268534E-028  -1.9365910843855469E-031  -1.7148671868680696E-028  -2.3529967307069259E-031  -2.8677928959878273E-028  -8.8264585977413021E-021  -2.5526360371693710E-021  -2.0717225658212055E-021  -3.8986059860764642E-015  -1.1274875623166945E-015  -9.1507036349706263E-016   1.6434253802351323E-028   1.9486518756132728E-029   2.0270375617450569E-029   7.5978829777873669E-029  -5.7673185138924432E-031   7.5422411979932242E-029   3.9621500879387633E-029   1.9242309205763658E-029   1.9610489761652206E-029   3.3646426824371665E-029   1.8614276406378067E-028   9.5096818958410157E-030   1.7162908548074989E-029   1.7336102909200564E-028  -2.0547460537452876E-029   2.3465967445538535E-028  -2.5100950926213063E-015   5.3000327971490454E-017   5.1540075414966022E-016
  -1.5019360889501623E-018  -4.8697669053601577E-018   8.9827327662598074E-019   4.4202114719237381E-014   5.0622006892441941E-018   1.6413306507240840E-017  -3.0275852806804910E-018   9.3239271088342009E-014   1.4329289538220811E-026  -1.1065859215611486E-028  -5.5556893208483303E-028   1.5420415136242895E-026   3.6220684335777023E-028   1.3130534394922046E-026  -2.3425635675775891E-017  -7.5953554988901979E-017   1.4010331485546995E-017   5.5632971798106835E-014   1.3707840652005994E-028  -4.5577242438470547E-028   2.3262632524126309E-028   2.5163431475257749E-028  -1.5780373494345158E-029   9.6465275777939154E-029  -1.6133895997557137E-027   1.9917944018764759E-028  -6.8750810556598227E-028   2.9879363210300338E-028  -2.7193696738142053E-026   7.7987723205199522E-029   5.9161726529907138E-028  -2.9172034132343185E-026  -5.1892603742063740E-028  -2.6158867777670996E-026   8.1476468009954148E-027  -6.6493493982460349E-030  -1.2726461020947998E-029   4.8807982240760588E-027   6.2790754605167227E-030   4.9719001046194260E-027   9.2344566997312276E-031   1.2847039491219153E-030  -3.7625122114427212E-031  -1.5274685895843537E-029   8.5327347817735975E-027   6.8254795248041706E-030   5.1201991600795603E-027   9.1639469124906072E-030   8.6040992195602795E-027  -7.5588147230682215E-021  -2.4508146733319906E-020   4.5207523936552350E-021  -3.3386941421476390E-015  -1.0825135874288257E-014   1.9967958310705193E-015   5.3393401513532843E-029   1.1262060166533570E-028  -9.3410039057220420E-029  -2.2488044563921595E-029   1.9460599160321979E-030   9.2841413414202164E-029   4.4415734294673492E-028  -7.5325166770136085E-029   2.1659862934322163E-028  -4.5211451768980484E-029  -7.5020771676972468E-027  -1.4659042457320842E-029  -2.1073711725693468E-028  -6.8541330267035335E-027   2.1822293338894826E-028  -8.1800129123766430E-027   6.3245314463879627E-014   4.4461948603736616E-014   3.7576533962771169E-015
   1.9506926869517355E-018   6.7725202346299282E-019  -3.5978062329351203E-019   1.5520716589791738E-015  -6.5747124233168739E-018  -2.2826441715997862E-018   1.2126226492757822E-018   3.3696152232710900E-015   3.3120232971773235E-028  -2.5301322661913319E-029  -2.9540591741145600E-029   3.6220684335777023E-028   4.5987641260210171E-029   2.9077301781301636E-028   3.0424873950165080E-017   1.0563072074239464E-017  -5.6114836487805936E-018   1.8593271948442669E-015   6.7546785411878195E-028   1.0546525173737962E-028  -5.8758016172732892E-029   3.0600725270867011E-028  -2.1867864406286898E-030   2.9982753857507913E-028   2.1265090598542372E-028  -5.7917101702453616E-029   1.0469847238939056E-028  -1.2635037857525852E-028  -1.1418776141101367E-028   4.0970607266695773E-029   3.7888331774891585E-029  -1.8434664624099787E-028  -7.1190412593391040E-029  -5.2746657603668160E-029   9.3045146085143430E-029  -1.9673085270242421E-030  -4.4000732286735306E-031   5.5558741568255093E-029  -4.7815499747207596E-031   5.0333838074269537E-029  -2.1005968176535071E-030  -1.0572257064578885E-030   6.3059626037417448E-031  -2.0108148044847270E-031   8.8337197682808157E-029   1.5143550954143979E-031   5.4712597267407971E-029  -1.2626798011718207E-031   9.6868020709505780E-029   9.8172801884778006E-021   3.4084163010624140E-021  -1.8106734353618633E-021   4.3362472569402270E-015   1.5054817443685869E-015  -7.9976602763003455E-016  -1.8826988397124884E-028  -2.7307843633594715E-029   1.5539668920669283E-029  -9.1038985936368567E-029   2.3178553693622054E-030  -8.6255834387773747E-029  -5.1662747119180026E-029   1.4216712456657677E-029  -2.7517982871017800E-029   3.4940053510639472E-029   1.3417724721474915E-028  -2.0171062825998289E-029  -1.5142105223841111E-029   1.6697862608757668E-028   3.3872984633872742E-029   8.8957541107097495E-029   2.2439564404039782E-015  -5.7440453799067842E-015  -8.5941193033567604E-016
  -3.5732986497464753E-019  -5.3235230530997488E-018  -2.1381068587247908E-018   3.7222592689864628E-014   1.2043624908829114E-018   1.7942668975118024E-017   7.2063825454530935E-018   7.8434794567005231E-014   1.2181387856829878E-026  -9.1795445588953339E-029  -4.6651666603299170E-028   1.3130534394922046E-026   2.9077301781301636E-028   1.1227278412963293E-026  -5.5732592744824797E-018  -8.3030771042766942E-017  -3.3347965129873054E-017   4.6929385894323498E-014   3.9722935968479908E-028  -5.4613410380423112E-028  -2.4712499817461278E-028   3.2094503493421674E-028  -1.5243062210764856E-029   2.1734476201523989E-028  -1.7313630183901919E-027  -2.7128972253367331E-028  -7.5542728181782057E-028  -6.7565604364840711E-028  -2.3565910901261944E-026   6.8078575449011288E-029   4.9791677979109305E-028  -2.5279030498749437E-026  -4.1661699235903997E-028  -2.2804142029994920E-026   7.0194481719014401E-027  -4.4255638886182038E-030  -1.1466712933545188E-029   4.2091090397259169E-027   4.3434446958788218E-030   4.2954167593897661E-027   8.9316977357349843E-031   2.7424464258010507E-030   1.2886107988877019E-030  -1.2935680267711853E-029   7.3634599627202435E-027   6.4943349809544103E-030   4.4175713792868571E-027   8.4457007831346755E-030   7.4145580963401562E-027  -1.7983381822933998E-021  -2.6791772075023633E-020  -1.0760482536143219E-020  -7.9431817117917951E-016  -1.1833802623437200E-014  -4.7528552644357173E-015  -3.9342760059595518E-029   1.2925264277195335E-028   4.9736281094899570E-029  -4.2394935295731990E-029   3.0887896654849237E-030   3.4679699660249797E-029   4.8008482886284426E-028   6.1772734886967911E-029   2.3016720028560774E-028   2.1450570330932554E-028  -6.6824257448921939E-027  -1.5150715950735967E-029  -1.7803513901181747E-028  -6.1196420675138234E-027   1.7195952738339615E-028  -7.1909740348784045E-027   5.3238990318865442E-014   4.3736934335214995E-014   4.8494458642478889E-015
   6.2952610952347168E-006  -2.8981392329321805E-018   1.3010964836665141E-016  -7.3957461908711433E-015  -2.1217863586656379E-005  -5.5379594404229374E-019  -3.2148294106432050E-016  -1.5419868840061850E-014   1.2618906878577648E-017  -2.6745622656855623E-017  -2.7354204841121840E-017  -2.3425635675775891E-017   3.0424873950165080E-017  -5.5732592744824797E-018   9.8186929489051751E-005   2.8166514935707136E-017   5.4162516269422877E-016  -8.8803498793299834E-015   2.0138213568779542E-015  -7.9507118234134547E-018   5.5117568886006932E-019   8.8284225867747031E-016  -7.0458695772329153E-019   9.1370158057391933E-016  -9.1033484366441788E-018   1.8130450722959221E-018  -1.7984768457769698E-018   1.5449284913792424E-018  -2.8426955461876507E-017   4.2348235914278730E-017   5.2221694326345455E-017   2.7534543515802132E-017  -5.0142913531583316E-017   1.2786155885247494E-017  -6.6173047505293193E-018  -1.5854467847769177E-018  -1.1897546084618657E-020   2.9828858091330702E-018  -1.9858649021139890E-018   5.5415753115898699E-018  -2.7989445812036795E-018  -5.6027531259880428E-019   6.3576213159442712E-018   4.5763001063729161E-019  -3.8931918839611380E-018   1.3264358636596872E-018   4.3875540065270965E-018   8.3730431910028051E-020  -6.9406648712342457E-018   3.1682253870509971E-008  -1.1446265087652325E-017  -2.5943756530594716E-016   1.3993905261835561E-002   7.2896301432284216E-016   3.4469478860421649E-014  -5.7959635258674971E-016  -1.6541855104419542E-018   1.9641237699959065E-019  -2.4705595048470297E-016   1.5575680630065346E-018  -2.7387964480399803E-016   3.4394834229868837E-018  -5.1576879731349744E-019  -8.1165107484086257E-019   5.3973067405620140E-019   1.9583324044179055E-017  -2.1053485793072664E-017  -2.7343394835123190E-017  -1.3734826459534672E-017   2.4052242153415037E-017  -7.4989598242967835E-018  -1.0732694779789090E-014   2.9626981864889328E-014  -3.5184692050008855E-014
  -8.5520920984311797E-018   6.2952610953390246E-006   1.8194816657508449E-017  -3.6193087128945305E-015   1.1224290664694669E-018  -2.1217863586993288E-005  -2.9891621963325256E-017  -7.3467949849067853E-015  -3.4173226359202595E-017  -1.9369840920939346E-017  -7.9109111938166711E-018  -7.5953554988901979E-017   1.0563072074239464E-017  -8.3030771042766942E-017   2.8166514935707136E-017   9.8186929490037562E-005   1.1324418132278665E-016  -4.5805228916771388E-015  -2.9442814316195299E-018   8.3198277016508261E-016   3.1831659420886577E-019   1.0800695961276771E-018   7.7208806633632743E-019   2.2596345143250242E-018   1.9190229793298509E-015   4.8739162118358863E-019   8.6610051800499357E-016  -6.8811050108677602E-018   4.0819824426854161E-017   3.2428639475005619E-017   1.8648703068817799E-017   1.4435061587025127E-016  -5.6842545289832671E-018   1.3163024741775729E-016  -2.4850012865648148E-017  -2.4378789111719924E-018  -1.1917379224705104E-018  -1.8803078810877359E-017  -2.3190156497460886E-018  -1.5365045048126061E-017  -4.7371293103347436E-018  -1.9851908247841559E-018  -1.9287887583932780E-018  -2.8261496019823324E-018  -4.3387599299729501E-017  -3.5398007763310009E-018  -2.1783378638053133E-017  -1.2963295433199673E-018  -3.2754765620441266E-017  -1.7499124579474899E-017   3.1682253218223947E-008  -2.6415182468110610E-017   3.2550271747634755E-015   1.3993905261905082E-002   1.5870476039250193E-014  -2.4683480005672062E-019  -2.1968105089564024E-016   4.2189839117206978E-019   3.4645821118294870E-018   1.1519229245916842E-018   1.3275512951636331E-018  -5.2368380048243821E-016   1.0421111530199628E-018  -2.4680831990586880E-016   2.7280868584730788E-018   4.5818580846941339E-017  -1.3747716385299686E-017  -6.2725031959089093E-018   5.3876434143796875E-018   4.6339953296976656E-018   5.8196908657997506E-018  -5.3900855352603848E-015   1.6844640973346259E-014   1.6622636538191579E-015
   8.2331840955615969E-017  -4.9965767060792538E-017   6.2952610954833277E-006   7.6217565688178454E-015  -2.1815681050911112E-016   3.3426354534770642E-017  -2.1217863587302265E-005   1.6367590361535652E-014   8.4401395137028784E-017   1.5432107983933293E-017  -6.4205057544772892E-018   1.4010331485546995E-017  -5.6114836487805936E-018  -3.3347965129873054E-017   5.4162516269422877E-016   1.1324418132278665E-016   9.8186929490016772E-005   9.2799520531210841E-015  -3.1226098206011465E-017  -2.0955786323617147E-017   9.7569563145105368E-016   4.6136197614308501E-018   4.4075383321833173E-018  -1.9571284091764798E-017  -2.2976550716477819E-017   9.6658456206107561E-016  -7.7808654405842252E-018   2.0412386561906257E-015  -1.5007204090337293E-016  -4.1405150614073138E-017   1.0255930014857317E-017  -2.6532769531743060E-017   1.1140851386671027E-017   3.9390413108876962E-017   1.2875616189596429E-017   2.4508271554805683E-019   1.0703049964596089E-018   8.7211438697561686E-018   1.1108786050515139E-018   7.8965698668602249E-018   1.5812098734240243E-018  -7.4803434118032366E-019   4.6286827000326678E-019   3.7894192657859897E-019   1.3039803353456665E-017   7.5193495898940076E-019   1.1952206623150764E-017  -9.3237146844944087E-019   1.4967518633997378E-017  -2.5243917869250192E-016  -1.6168384881317459E-016   3.1682253349927823E-008   4.2212715411477100E-014   1.4249377540886077E-016   1.3993905261903802E-002   5.1133780214680492E-018   1.7929906309765351E-017  -2.8079232866217789E-016   5.3597451009342444E-019  -5.1790063467030591E-018   1.4862925644573802E-017  -1.3007613922808741E-017  -2.7324280027922448E-016   4.5397557721914969E-018  -5.5517172633124596E-016   4.9000540430788598E-017   2.5242789967794656E-017  -6.3975623819210051E-018  -2.2804327597577061E-017  -3.0285799069728069E-018  -5.2711834977604110E-017   1.1187845718950628E-014  -2.7104848713733397E-014  -8.7103576341234438E-016
   1.1517572015863824E-015  -4.3349165239903055E-016   6.6965057041948219E-015  0.16893066420317579       -7.8263673946109917E-016   2.3310384425618518E-015  -1.1412132484136495E-014  0.35816062721209152        5.1479326308784746E-014  -6.8805156258269868E-016  -2.1797168218589752E-015   5.5632971798106835E-014   1.8593271948442669E-015   4.6929385894323498E-014  -8.8803498793299834E-015  -4.5805228916771388E-015   9.2799520531210841E-015  0.21082719434781344        2.9087167505185252E-015   9.2284508650020291E-016   2.3494756543203560E-016   2.0703177291295371E-015  -8.7854071645661107E-017   1.2952284802853987E-015  -2.5121313047820341E-016   1.3559246391631000E-016   1.6343365417134070E-016  -1.6445034017252630E-016  -8.7900918840840864E-014   7.8886668230252656E-016   2.3290732606988089E-015  -9.5641304516958968E-014  -2.7232195492895158E-015  -8.3528157962837169E-014   2.7499520912227562E-014  -4.9813383787764100E-017  -4.9469577535224046E-017   1.6439101011261016E-014   1.9285914759237381E-017   1.6619703326468630E-014  -2.3979319174251487E-017  -1.2651630176731994E-017  -2.4126745526249373E-017  -5.5239851998018767E-017   2.8610192718764316E-014   1.7655707410794077E-017   1.7170678257774206E-014   2.3783834014015128E-017   2.9015419003363422E-014   7.3163360616714661E-015   4.0565988369129931E-015  -4.6236575882869384E-015  -2.9559281116620109E-014  -5.3627574925663922E-014   1.9318972149344261E-014  -4.4276753740854553E-016  -2.2980429839379599E-016  -1.7694798361993046E-016  -5.1872799620712769E-016   4.0083684811764185E-017   7.7648939181526213E-017   1.8210425697080532E-016  -1.3920776731316819E-016   7.3596344417615469E-017   1.6241164752918417E-016  -2.1174082807842347E-014  -3.0669278631197582E-016  -8.1680520845773554E-016  -1.8398497149460782E-014   1.2064122285557738E-015  -2.4113936443183252E-014  0.24215139893695059        3.1092417966514307E-002  -8.5449414174022461E-004
   1.2911628163420274E-016  -1.8877278733679736E-019  -2.0020632279316506E-018   2.4171516526410301E-015  -4.3517998842088847E-016   6.3624926571984731E-019   6.7478542725317323E-018   5.2354823772926530E-015   7.8834528595007544E-028  -5.7121287987262475E-028  -5.8985129031106843E-028   1.3707840652005994E-028   6.7546785411878195E-028   3.9722935968479908E-028   2.0138213568779542E-015  -2.9442814316195299E-018  -3.1226098206011465E-017   2.9087167505185252E-015   4.1390920179453771E-026  -1.5649936084865039E-028  -3.0306773903868391E-028   1.8146750554839257E-026  -2.1495748264273638E-029   1.8767137720725488E-026  -2.2171296611416267E-028  -2.7238328452085420E-028  -4.8285364880231217E-029  -6.2440219548765914E-028  -8.5965665280292067E-028   9.0796547704359904E-028   1.0963731109934241E-027   1.0813784818054357E-028  -1.1072948717722251E-027  -5.3037222213965786E-030   3.9697185473224472E-029  -3.3135274569720324E-029  -2.1088529384373231E-030   1.6869552227445672E-028  -4.1676288602269933E-029   2.1722854127286534E-028  -5.9121641764298664E-029  -1.0560685038975759E-029   1.2708053293428572E-028   9.2284926985542551E-030   9.9135158425354454E-029   2.8234679100192379E-029   1.9561372902019551E-028   9.0410273699787877E-031   4.5132339378851846E-029   6.4980542568352803E-019  -9.5003967748753311E-022  -1.0075818610038516E-020   2.8701605630267422E-013  -4.1962810769980927E-016  -4.4504402200268281E-015  -1.1913735310532759E-026  -3.5511079123732406E-029   9.3854882731943536E-029  -5.0778797673460458E-027   3.6251142966777842E-029  -5.6160965062908532E-027   9.0921810517649076E-029   7.3224137578738864E-029  -7.5927079935837674E-030   1.8772749560320157E-028   5.1604701628979150E-028  -4.5088164908051006E-028  -5.6700921721621492E-028  -8.0022803739327897E-029   5.2967969602464267E-028  -6.4022189879339535E-029   3.4917523501521622E-015  -7.8578588967269984E-015   2.1624062843021798E-015
  -5.0976038348626581E-019   5.3342627091159816E-017  -1.3435815443181206E-018   7.6999104137706708E-016   1.7181219513680240E-018  -1.7978866449716544E-016   4.5284745930950789E-018   1.6713098224171276E-015  -1.4075188182786352E-028  -1.7206097128891392E-028  -7.3606881142992488E-029  -4.5577242438470547E-028   1.0546525173737962E-028  -5.4613410380423112E-028  -7.9507118234134547E-018   8.3198277016508261E-016  -2.0955786323617147E-017   9.2284508650020291E-016  -1.5649936084865039E-028   7.0633573782534879E-027  -2.0714544101527153E-028  -4.7632639906218467E-029   4.6071147055610638E-030  -4.3204739888966510E-029   1.6270440143980004E-026  -2.0379872109572895E-028   7.3461516331276288E-027  -4.9838076695425824E-028   3.1648730921036128E-028   2.9076991900553160E-028   1.6152555123184962E-028   1.1176200976890721E-027  -7.3076492126467445E-029   1.0666019373714231E-027  -1.6309966986916603E-028  -2.1110153307659522E-029  -1.0511986388767797E-029  -1.3229208518102532E-028  -1.9576981107077443E-029  -1.0608893197264734E-028  -4.0586683048172147E-029  -1.6876422770578075E-029  -1.7591596300039894E-029  -2.4077081202679028E-029  -3.2177299510590152E-028  -3.0130908836587220E-029  -1.5874834597487599E-028  -1.0883536877662499E-029  -2.2783926805021896E-028  -2.5654786535505969E-021   2.6845822494934382E-019  -6.7618629057874924E-021  -1.1331600712921751E-015   1.1857676093649330E-013  -2.9866835639489213E-015   3.8954851137897989E-029  -1.8661638419620353E-027   6.3269261031794260E-029   4.2548380820424332E-029   1.1472978410198889E-029   3.0296539614802380E-029  -4.4337040233759771E-027   6.6465929461236289E-029  -2.0922437337427235E-027   1.4270520586903814E-028   4.3634827489039793E-028  -1.2523592556492916E-028  -5.2639326147098562E-029   1.3312940193826652E-028   5.0543653926133046E-029   1.0234328961662428E-028   1.1131509180003539E-015  -2.8127294953299970E-015  -2.3705569096111804E-016
