   4.9429405602896695E-007   6.0752084131299757E-018   3.6420246933579892E-018   9.0483325405449075E-017  -1.5025519803010384E-006  -1.5157777006799847E-017  -1.0572082188637845E-017   7.0114158293586007E-017  -1.5982509755978945E-019   3.3291536169719452E-019  -5.1063958622010039E-019   2.5224153333182686E-018   1.2507293670461042E-018   2.1887032632002443E-020   6.1487282526792426E-017   5.2804710664146848E-006   3.3767158437734395E-017   3.8371965216767131E-017  -5.6125866479028920E-019  -1.1765848834554180E-018   7.1058487553583345E-019  -1.9879146126295860E-018  -1.8342270272666715E-018   8.2913782142149550E-019  -2.4407479556179083E-017  -8.7953066236331873E-019   2.7826665704831115E-019  -1.3357587642184118E-017   1.4877091884018794E-019  -1.2415011344263344E-017   6.4876816791014097E-019  -1.6475314831066521E-019   1.4909662065575294E-019   3.2212496985687565E-019   5.3567069259374577E-019   7.2309650090016223E-019  -8.4083947548102869E-020  -1.1624298824062041E-019   9.6554094314072210E-019  -1.5959603413139650E-018   2.3602336105460217E-019   2.4947522047155314E-020   6.2450714784470704E-020   1.8739414731784714E-019   5.3496514369826152E-020   8.9647689306683525E-020   8.1979150436672649E-020   6.4540449328486020E-020   9.8423541275373936E-021  -1.3242349325847920E-019   1.4213765781365319E-019  -4.7707979260310179E-020   2.5912117954116012E-019  -2.0968843992662286E-020   2.5637667901549302E-019   1.0228309779022834E-017   5.6020203675900968E-019  -2.9526913553843215E-019   7.2890589262340181E-018  -1.6563711151311111E-019   7.5112869956956048E-018  -2.5596758905062424E-019   1.6459147161345637E-019  -4.1710131544986746E-019  -8.6547900280867530E-020  -3.6674791455647153E-006  -2.9144823740795020E-017  -1.4496534105170106E-017   9.8978780233589282E-004   5.1215440598697930E-015   7.9532089231635167E-015   5.2783696638761308E-017  -2.5212340002646009E-016   1.0493352652206908E-015
   6.0752084131299757E-018   4.9429405605905843E-007  -7.2557067829452535E-018  -5.0996482669877974E-016  -1.3811678524372117E-017  -1.5025519803965271E-006   2.0770101996447481E-017  -4.0966268589502102E-016  -4.7790374503615153E-018  -1.6067881557314017E-019   8.1662551574692171E-019   8.2691587001476574E-019  -1.0488349537169786E-019  -1.9769308044862744E-018  -3.2089567034657858E-016   3.9346254293133159E-017   5.2804710666431466E-006  -5.1105066184976618E-017   1.9029299468242404E-018   1.9656523526894764E-019  -1.5417208556456579E-018  -6.5500057453309269E-018  -2.2290757627262336E-019  -1.4832451257783011E-018  -2.6368027709909633E-019  -9.8752165039219931E-018   1.4933637484464999E-019  -3.5376910481634340E-019  -8.8070324748778500E-021   6.4091593049166883E-019  -2.0627923399856636E-017   2.5997563504881963E-019  -1.1342264015628463E-017   3.6000684553415689E-019  -4.6805458717291057E-018  -2.2268523751951222E-019   6.9552322889759377E-019  -1.1722017920898130E-019   2.6606364979268623E-019  -3.6167602080774244E-018   1.5001741517835549E-018   5.9303833124360550E-020   1.8947209698952349E-019   1.0157661097783225E-018   4.5745905465086646E-020   8.2080350981370374E-019   1.7423663307508878E-020   1.8579817502909284E-020  -3.1766406131769799E-020   8.4497425915155262E-020   7.8020370772762989E-019   9.5862651609026172E-022   5.7078610561309259E-019  -4.0428540438664448E-020   1.1900393716691285E-018   1.7218203806544429E-019   5.0573738325342516E-018  -1.5606140253206177E-019  -1.1227889915043709E-019   3.7207168289027941E-020  -2.3820173867704109E-020   9.4796990287929325E-018  -2.4808788719633261E-019   6.3793228101321933E-018  -4.9806168994436235E-019  -2.7460740459848126E-017  -3.6674791459216804E-006   7.8492770184779254E-017   7.0316508182851131E-015   9.8978780236576845E-004  -6.4502245006913010E-015  -2.8145032284842242E-016   4.4599412099953057E-015   7.1733922869718746E-015
   3.6420246933579892E-018  -7.2557067829452535E-018   4.9429405608098875E-007  -2.0032995218954960E-015  -5.2670566788741825E-018   1.9023698540704594E-017  -1.5025519804590134E-006  -1.6997031490136602E-015   4.1627312205390881E-018   3.8743325168671076E-019  -3.6248396859471879E-019   4.1414082685855286E-018   1.1616689001163185E-018   8.5117382552119125E-018  -1.2692790840107195E-015   1.0641099553890132E-018  -5.3291485293953427E-017   5.2804710668011258E-006   4.3627963108406642E-018  -3.3789986207084966E-019  -4.5158831172025114E-019   5.5304375465957500E-018  -8.3860469374501768E-019  -2.7577765094630452E-018   5.3697512361672665E-019   1.1221016724347252E-019  -1.1006141576736328E-017  -8.5211955663994634E-019  -1.1185173274783078E-019  -1.3590796424719741E-018   1.3148174662834292E-019  -1.1334068228668405E-017   5.0697825965193081E-019  -2.2021460454284113E-017   2.8505714091172038E-018   1.2031268344730463E-019   6.5390422221805802E-019   2.6645151761997135E-019   5.6122921917968892E-019   5.8493557905001461E-018  -1.7458382667541659E-018  -7.3002927880954150E-020  -2.1361870232042569E-020  -1.2336293986073365E-018  -1.7268152228910496E-019  -8.0630778333142635E-019  -5.5426160692896504E-020  -2.0889165839006604E-019  -7.8277914830184700E-020   1.8254170585922322E-019  -3.0004459109769319E-019  -1.2949369040408770E-019  -6.0611114199294564E-019  -6.4584181610350500E-020  -9.5989892721765766E-019  -4.8425456210869717E-020   2.2601203500332242E-019   6.0762202767279161E-018   1.1025967246261466E-019  -1.3627731354174526E-019   6.4274905462144843E-019  -5.4668324020620976E-019   6.8633244439787099E-018  -1.3717114438682207E-019   1.1491928060232038E-017  -2.7373093917476733E-018   6.6653610465915708E-017  -3.6674791461142177E-006  -6.5143615201388576E-016  -7.9855018658607077E-015   9.8978780238761512E-004  -1.1511505535015519E-015   1.6761095500865845E-014  -2.8044846101707881E-015
   9.0483325405449075E-017  -5.0996482669877974E-016  -2.0032995218954960E-015  0.20201278095962952       -4.5346579669860816E-016   4.2766474991876721E-016   3.1232626047284284E-015  0.16433357406257865        7.8336701720400228E-014   1.2665913855021191E-015   1.6473102896797247E-015   7.8117279891098216E-014   7.0130869094618698E-016   8.0529691013151154E-014  0.13268919129487725        3.1251278649278379E-016  -2.9015147409552019E-017  -1.5044400360317362E-015  -3.2509190868705089E-014  -1.1719890259588304E-015  -1.8217775803369389E-015  -2.1368823078084881E-014  -9.3845927358056195E-016  -3.6623807690390568E-014   8.2689265559366590E-017  -7.9107213834851520E-017   1.4844456685126770E-017  -1.8499809378377912E-016  -3.8727786272647513E-017   6.8470333585406486E-019  -4.0122660018257940E-017   5.5929151969950647E-017  -9.2686603007656685E-017  -4.4334902440947306E-018  -2.1290974897717842E-014   5.0632205101863837E-016   9.2603366165462718E-016  -2.9982157947237397E-014   5.6279840284430927E-016  -2.3227179099813017E-014   1.5450534615137542E-014   1.5207967087079006E-017  -3.6170758455334120E-017   9.5435966081276470E-015   4.3086779923363111E-018   9.4804986854993004E-015  -1.3891787306727916E-018  -1.6492075511490949E-017   2.3319080133486724E-017  -6.3846025769972980E-017   1.5787086498251725E-014  -8.8375939025053676E-018   9.3213400073833169E-015  -9.6036970362041017E-018   1.5124743759249933E-014   9.6225932168848893E-017   3.9068090595159713E-017   4.6152284916383336E-017   1.5920994045389056E-016   2.6800974171900185E-017   8.9335377961272099E-017   7.6095291289746341E-017   2.5451011236439794E-017   6.6979720302338437E-018   1.6900411226258955E-017  -2.4145629289115962E-015  -2.4138796862144761E-016   3.1119151671271786E-016  -1.4006325053355560E-015  -5.8199397966631883E-015   1.2173773799505803E-014  0.11378915984003951       -7.8481510555261961E-004   1.9545512123496872E-005
  -1.5025519803010384E-006  -1.3811678524372117E-017  -5.2670566788741825E-018  -4.5346579669860816E-016   4.5674481130605925E-006   3.1924141876894052E-017   1.4494146758728492E-017  -3.6081963216342587E-016   4.8583533200735166E-019  -1.0119940345058427E-018   1.5522390207485611E-018  -7.6676223555156984E-018  -3.8019593081357936E-018  -6.6532064869044127E-020  -3.0085419605541482E-016  -1.6051542924681168E-005  -5.2909013709418282E-017  -5.4640141626668415E-017   1.7061105793604345E-018   3.5765753706080248E-018  -2.1600314608046475E-018   6.0428504074781598E-018   5.5756718466076642E-018  -2.5204079642975017E-018   7.4193703715398073E-017   2.6735918069552550E-018  -8.4587324399806353E-019   4.0604311379028262E-017  -4.5223290870752335E-019   3.7739073843292569E-017  -1.9721214197423292E-018   5.0081558977340101E-019  -4.5322297514792130E-019  -9.7919346912129639E-019  -1.6283284213393321E-018  -2.1980642213401930E-018   2.5559785791935699E-019   3.5335470876024499E-019  -2.9350453206638654E-018   4.8513902647953058E-018  -7.1746233691801897E-019  -7.5835321503023617E-020  -1.8983729224668509E-019  -5.6963955711018103E-019  -1.6261836982724736E-019  -2.7251048533090664E-019  -2.4919970881705674E-019  -1.9618965424845579E-019  -2.9918726526307599E-020   4.0254010666090616E-019  -4.3206916333771988E-019   1.4502241699776531E-019  -7.8767494109137879E-019   6.3740960832838267E-020  -7.7933222556516357E-019  -3.1091952100475031E-017  -1.7028986479019982E-018   8.9755727172513170E-019  -2.2157235739656678E-017   5.0350265571439721E-019  -2.2832763235426236E-017   7.7808867651219542E-019  -5.0032412601142081E-019   1.2679019702941857E-018   2.6308776615350214E-019   1.1148380171009156E-005   5.4050665280222673E-017   1.0033312051973296E-018  -3.0087507716063944E-003  -6.2457338184576735E-015  -1.2554133656306760E-014  -2.6187180384533598E-016   2.0787031485870549E-015  -1.5313531407617980E-015
  -1.5157777006799847E-017  -1.5025519803965271E-006   1.9023698540704594E-017   4.2766474991876721E-016   3.1924141876894052E-017   4.5674481133630688E-006  -5.3919704720292184E-017   3.2053307048396502E-016   1.4527288154156429E-017   4.8843045869070154E-019  -2.4823731358079439E-018  -2.5136536905789100E-018   3.1882419325658638E-019   6.0094618958399481E-018   2.5291282098244356E-016  -8.4248487501075182E-017  -1.6051542925418554E-005   1.2295680780204736E-016  -5.7845145515340197E-018  -5.9751777285971512E-019   4.6865134154646632E-018   1.9910666502376612E-017   6.7759305643045333E-019   4.5087592577165731E-018   8.0153365715450599E-019   3.0018621371088251E-017  -4.5395177825858489E-019   1.0753851123495523E-018   2.6771562245218529E-020  -1.9482522374294754E-018   6.2704632548152629E-017  -7.9027230950891840E-019   3.4478143222563916E-017  -1.0943465575102471E-018   1.4227894069929889E-017   6.7691719237174815E-019  -2.1142471615858771E-018   3.5632516802691859E-019  -8.0877861879039560E-019   1.0994205062267710E-017  -4.5602200049209252E-018  -1.8027142105965877E-019  -5.7595609551202778E-019  -3.0877194681838833E-018  -1.3905811734925858E-019  -2.4950733760677683E-018  -5.2964342758778040E-020  -5.6478813051398138E-020   9.6563322697989751E-020  -2.5685474686597397E-019  -2.3716583516317949E-018  -2.9140268884647532E-021  -1.7350720343302354E-018   1.2289442439418644E-019  -3.6174742398582371E-018  -5.2339788244708395E-019  -1.5373373348390698E-017   4.7439447539967701E-019   3.4130469550634870E-019  -1.1310211748243731E-019   7.2408415605889009E-020  -2.8816329823650909E-017   7.5413600796351246E-019  -1.9391825583293202E-017   1.5140048102600274E-018   5.8918952516264865E-017   1.1148380172124058E-005  -2.1610437354214460E-016  -1.4747528447952655E-014  -3.0087507717052532E-003   1.3535685700729093E-014   2.1905636592286968E-016  -7.5793484572971305E-015  -1.4316764857056528E-014
  -1.0572082188637845E-017   2.0770101996447481E-017  -1.5025519804590134E-006   3.1232626047284284E-015   1.4494146758728492E-017  -5.3919704720292184E-017   4.5674481135403173E-006   2.7172179103576179E-015  -1.2653844332089074E-017  -1.1777171756980418E-018   1.1018765006809329E-018  -1.2589026955904280E-017  -3.5312338578222591E-018  -2.5873928718250487E-017   1.9580101862304503E-015   2.0952327752092647E-018   1.4825964348755392E-016  -1.6051542925854156E-005  -1.3262000940863414E-017   1.0271458877608970E-018   1.3727353260490630E-018  -1.6811389467627812E-017   2.5491853037474294E-018   8.3830717876525259E-018  -1.6322936226790289E-018  -3.4109576461194653E-019   3.3456400334763719E-017   2.5902676992917267E-018   3.4000619771962878E-019   4.1313217977881562E-018  -3.9967739109224266E-019   3.4453229720507581E-017  -1.5411093431186881E-018   6.6940697771135839E-017  -8.6651491419675279E-018  -3.6572574284219104E-019  -1.9877339654318707E-018  -8.0995765601649625E-019  -1.7060210707561260E-018  -1.7780835150658403E-017   5.3069882448606339E-018   2.2191384362870732E-019   6.4935679537779529E-020   3.7499789308199350E-018   5.2491621153843652E-019   2.4510093571003398E-018   1.6848409665614812E-019   6.3498755680617849E-019   2.3794871596159867E-019  -5.5488913589179986E-019   9.1207367129722108E-019   3.9363411026393550E-019   1.8424528587581899E-018   1.9632259136409974E-019   2.9178947556334775E-018   1.4720339897447172E-019  -6.8702997059556160E-019  -1.8470456397736190E-017  -3.3516666280663062E-019   4.1425492544349075E-019  -1.9538245566286666E-018   1.6618042947176192E-018  -2.0863090722942659E-017   4.1697198685173590E-019  -3.4933091049288012E-017   4.6190410605160136E-018  -1.9307343783107888E-016   1.1148380172678339E-005   2.9792859260364941E-015   2.1699657802944777E-014  -3.0087507717632984E-003   1.8146068290700496E-015  -3.0697027114464837E-014   6.4994808579578477E-015
   7.0114158293586007E-017  -4.0966268589502102E-016  -1.6997031490136602E-015  0.16433357406257865       -3.6081963216342587E-016   3.2053307048396502E-016   2.7172179103576179E-015  0.13368882249447411        6.3661266883817849E-014   1.0533939145890402E-015   1.3621822140452811E-015   6.3447584381831022E-014   5.8750374521312103E-016   6.5431653003366547E-014  0.10793152009588411        2.2373480743354982E-016   1.1802002093202983E-016  -1.6873338925000643E-015  -2.6503903623452350E-014  -9.8412774937560603E-016  -1.5163794289531422E-015  -1.7374332118465595E-014  -7.9459329301771251E-016  -2.9832297577341504E-014   7.0388792213201080E-017  -6.6744865027285774E-017   1.0855783426471874E-017  -1.5316533034862483E-016  -3.3386789247183922E-017  -3.7934145375701578E-018  -3.0838538719453171E-017   4.5582969039643551E-017  -7.5970252219411343E-017  -4.2681663043184976E-018  -1.7364584474445633E-014   4.2936137406391343E-016   7.7183752343348059E-016  -2.4476305524570638E-014   4.7775023240366715E-016  -1.8944765858109554E-014   1.2581272984956927E-014   1.2201385508724428E-017  -2.9085137408137076E-017   7.7736364292305337E-015   3.7671168657928930E-018   7.7204279811893903E-015  -1.9616385278423073E-018  -1.3006289230858413E-017   1.9780472986554577E-017  -5.2050488990184777E-017   1.2855334865316861E-014  -7.3327471922162560E-018   7.5897443691551546E-015  -8.0165837708340191E-018   1.2319476028762895E-014   7.4844319640168233E-017   3.4934623454123685E-017   3.8042890772059883E-017   1.3050548447432304E-016   2.3431785067994132E-017   7.5668752463713306E-017   5.8936121083251024E-017   1.9846138909057587E-017   5.3136226755073001E-018   1.4605422367435388E-017  -1.9707806895562010E-015  -3.0183399586172477E-016   5.8693746613563340E-016  -8.8690137631269786E-015   2.3300417107167385E-014  -7.0135990834406800E-014   9.2567797511445990E-002  -4.2532325528582132E-003  -1.9350584039587356E-004
  -1.5982509755978945E-019  -4.7790374503615153E-018   4.1627312205390881E-018   7.8336701720400228E-014   4.8583533200735166E-019   1.4527288154156429E-017  -1.2653844332089074E-017   6.3661266883817849E-014   3.1085412507757521E-026   2.7005212247084390E-028   4.1170021774696393E-028   3.1288560828920850E-026   1.1785996792066476E-028   3.2075075790179582E-026   5.1538599738894904E-014  -1.7073881290904967E-018  -5.1053757723695907E-017   4.4469848465330330E-017  -1.2021671588290176E-026  -1.5715647814281875E-028  -3.5932308587092704E-028  -8.2640276171603648E-027  -6.6681922862573842E-029  -1.3824189083985441E-026   1.6344625077222516E-029   8.8714379171502007E-029  -7.6848598889609272E-029  -4.5450262455541864E-029   2.4452864934139560E-030   2.9688352525181973E-029   1.6769185012419253E-028  -7.7838454694021795E-029   8.2995852846368523E-029  -1.8418858171004110E-028  -7.7513141921689886E-027   2.7454093109654332E-029   1.7682389715301709E-028  -1.0780995390379133E-026   2.7039645424017240E-029  -8.4383108936902067E-027   5.8401880743478917E-027   6.5593626940730475E-030  -1.9205862661690598E-029   3.5823895853854387E-027  -2.6102957050856170E-030   3.5818834285407245E-027   7.1237923212066546E-030  -1.2255887598346793E-029   7.6107356907397864E-031  -2.3108759234752536E-029   5.9867772247528338E-027  -3.0624197599750349E-030   3.5358846211460605E-027  -1.8568073362228121E-030   5.6921130829047009E-027   6.5503915234544626E-029  -6.2161725587002783E-029   6.5903843379352569E-029   5.2263597782210611E-029  -6.9742947617759411E-030   7.9961751285827276E-030  -3.8357800344294893E-029   7.8839146930621075E-029  -5.8488590727599129E-029   9.8857009204294783E-029   1.1858431331073294E-018   3.5458690978644960E-017  -3.0885926618776753E-017  -3.2003810319392388E-016  -9.5696739972782287E-015   8.3355657153065670E-015   4.4101138857189550E-014   3.5022862155993736E-014   1.5567860789522889E-015
   3.3291536169719452E-019  -1.6067881557314017E-019   3.8743325168671076E-019   1.2665913855021191E-015  -1.0119940345058427E-018   4.8843045869070154E-019  -1.1777171756980418E-018   1.0533939145890402E-015   2.7005212247084390E-028   9.4222562684630229E-029   8.8599987102041461E-029   1.4595936356687530E-028   5.6137761740623315E-029   2.5587588959198588E-028   8.0148159466921373E-016   3.5564860907321199E-018  -1.7165082730390434E-018   4.1388927324830251E-018  -3.8718277364039456E-028  -1.2595054549737178E-028  -1.3370960807619511E-028  -8.4102043410960168E-029  -9.9025043979368831E-029  -3.7587214326729601E-028  -3.2571207134969068E-030  -1.9074240369700848E-030  -1.0823352062662941E-029  -1.7725987152638425E-029  -6.7412549340718237E-030  -2.8465768050329583E-029   1.0195324694275973E-029  -3.5321197812086412E-030   4.8994260951845321E-030  -2.0201197990868714E-029  -2.7741550772850128E-028   7.2347024013715461E-029   7.2094351953611948E-029  -4.8156381651934137E-028   6.4889793885450947E-029  -2.9569099444215055E-028   1.3511178809293111E-028  -1.8053265786563114E-030  -1.0189641592690836E-031   9.1121116911634740E-029  -3.7419603954011735E-031   8.3877594497902431E-029  -4.2008810092312768E-030   5.7997363387222376E-031   2.9991510607146606E-030   5.9099068683060754E-031   1.4153046917313916E-028  -9.9075622464624494E-031   7.9953853994894567E-029  -9.5333193635324943E-031   1.4406227433058949E-028  -4.8936076149420519E-030   6.0917034364802138E-030   6.0079401593104943E-030   6.0712220462183265E-030   5.6498030311611656E-030   2.0433859643406680E-029  -9.5007065440410047E-030  -9.3856602370772110E-032  -4.7379562354652426E-030   1.8186310735121695E-029  -2.4701088985876658E-018   1.1921774052988221E-018  -2.8746114867716048E-018   6.6663873496604363E-016  -3.2174761112361407E-016   7.7580683433853674E-016   7.2217373187613347E-016  -1.2864481183972498E-014   2.3794501143791160E-015
  -5.1063958622010039E-019   8.1662551574692171E-019  -3.6248396859471879E-019   1.6473102896797247E-015   1.5522390207485611E-018  -2.4823731358079439E-018   1.1018765006809329E-018   1.3621822140452811E-015   4.1170021774696393E-028   8.8599987102041461E-029   9.0587347004323681E-029   2.9815288019328098E-028   5.7569100485383991E-029   3.9058121167718803E-028   1.0528974791639765E-015  -5.4550879734715530E-018   8.7238908813138708E-018  -3.8723631899109990E-018  -4.5491654081754048E-028  -1.1436870233645471E-028  -1.3436910700832385E-028  -1.5300380029794985E-028  -1.0474252740175908E-028  -4.3510887889058913E-028   3.5959930603052984E-029  -2.2826451747626646E-029   4.6339725891943914E-030   4.0827213613079681E-030  -6.7131872199075920E-030  -9.0570402380252845E-031  -3.0103949176135588E-029   1.1219044018513010E-029  -2.0891110810355531E-029   1.3925952044857019E-029  -3.3191555992561527E-028   6.4089310820834716E-029   7.1043263350755509E-029  -5.3272884833480970E-028   6.7677183574273553E-029  -3.5958433993639710E-028   1.7047933503836187E-028  -7.2015552971096166E-031   7.8291067633332436E-031   1.1328024292677762E-028   6.7959119534358608E-031   1.0571396181818113E-028  -3.2361915692999275E-030   1.1621842096794607E-030   2.9325922184653419E-030  -3.2396047405234504E-031   1.7266704015711134E-028  -5.0473213013415727E-031   9.9912299893770448E-029  -8.0366580681602176E-031   1.7724492503758814E-028  -2.1104663573835302E-029   1.7232525832808112E-029  -2.5584448587249130E-030  -4.2570314817671336E-030   6.0381265485231486E-030   3.7594501533586442E-030   8.2703246258674424E-030  -9.1931896980128386E-030   1.0081857055099501E-029  -4.2325557369444697E-030   3.7887569362097455E-018  -6.0590594049260016E-018   2.6894970289610396E-018  -1.0225185346041931E-015   1.6352330454114957E-015  -7.2584771380034182E-016   9.3623100082254452E-016  -1.2237577954293454E-014   2.8906132122104468E-016
   2.5224153333182686E-018   8.2691587001476574E-019   4.1414082685855286E-018   7.8117279891098216E-014  -7.6676223555156984E-018  -2.5136536905789100E-018  -1.2589026955904280E-017   6.3447584381831022E-014   3.1288560828920850E-026   1.4595936356687530E-028   2.9815288019328098E-028   3.1758642118252768E-026   3.0115239122864093E-029   3.2383683099206145E-026   5.1440640772089039E-014   2.6946593879197922E-017   8.8338212306008572E-018   4.4242058488738276E-017  -1.1652982347448279E-026   3.1204697695154665E-030  -1.8707619647283802E-028  -8.3711534261619503E-027   9.1590688847070018E-029  -1.3585929586565705E-026  -1.3574438474088851E-028  -1.4511347226608265E-029  -6.6371671647209888E-029  -1.0703498425044513E-028   1.3294890690180729E-029  -7.5982585716902489E-030  -7.2813985013913198E-029  -7.5070302821149462E-029  -4.1190487653723870E-029  -1.7396476112475931E-028  -7.5372953487654706E-027  -6.4211376667557424E-029   8.4163522475040158E-029  -1.0286335504210378E-026  -7.3494746996472543E-029  -8.1927132171750935E-027   5.7739100289197720E-027   8.0752341328494400E-030  -1.8650249264014207E-029   3.5300632692275005E-027  -3.3854442573058848E-030   3.5368420578413328E-027   1.2028892632852137E-029  -1.3957600165018750E-029  -3.9022048719890184E-030  -2.1995699564077004E-029   5.9101848518750307E-027  -2.5718400515677465E-030   3.4957248522806203E-027  -1.3415641327320973E-030   5.6053006094255302E-027   1.4120882145592090E-028  -1.9332478114388875E-029   5.9449423700138229E-029   8.4535035299113539E-029  -1.6203016446509071E-029   3.2891328673666553E-029   8.4215574460062950E-029   8.0760789370879467E-029   1.2039650341760291E-029   8.8539844271840584E-029  -1.8715389186938802E-017  -6.1354100291344030E-018  -3.0727718197430836E-017   5.0509527655145590E-015   1.6558387295214345E-015   8.2928680587019954E-015   4.3964328359210817E-014   5.4355755726898856E-014   3.1516275699512878E-015
   1.2507293670461042E-018  -1.0488349537169786E-019   1.1616689001163185E-018   7.0130869094618698E-016  -3.8019593081357936E-018   3.1882419325658638E-019  -3.5312338578222591E-018   5.8750374521312103E-016   1.1785996792066476E-028   5.6137761740623315E-029   5.7569100485383991E-029   3.0115239122864093E-029   7.1634246954630622E-029   6.6497903587999718E-029   4.3872957213996621E-016   1.3361358798529965E-017  -1.1204550321510078E-018   1.2409938863618499E-017  -2.9249453524227678E-028  -6.8176680838339014E-029  -8.9782311562395527E-029  -6.9689521986863792E-029  -1.2639224968101646E-028  -2.2056667344731128E-028  -5.4469487599060880E-029  -1.4845372721570547E-029  -3.1983396702215366E-029  -4.7982670635914955E-029  -5.0681722196771384E-030  -3.8881990261817907E-029   1.7047913480929263E-029  -3.6441117654773202E-029  -4.3960400961154401E-030  -5.1364978109361711E-029  -1.9872635277031587E-028   3.4788133006852581E-029   5.0198345327378630E-029  -3.4574076413879929E-028   7.6196047888244311E-029  -2.3963851022607865E-028   9.0477041474233106E-029   1.9699654872237410E-030   2.8668324923561619E-030   6.2557675132254966E-029   2.8148931814340894E-030   5.9443494483723324E-029   4.6805128391164545E-031   1.9206320751212010E-030   1.9210667797750192E-030  -3.1479261824272804E-030   9.1687970390792678E-029  -2.3415347514789490E-031   5.4778567420821507E-029  -5.0825602561251971E-031   1.0177218534825259E-028   1.7672521288123523E-029   1.7384884922994603E-029   1.6303115738127413E-029   2.8685821199621024E-029   3.5715013095419364E-030   2.1031510142922462E-029  -1.9534739310637331E-029   2.0073722794248367E-029   6.1401199979575780E-031   1.7300560777406145E-029  -9.2799494844411553E-018   7.7819675801294341E-019  -8.6191537480080663E-018   2.5044943519335093E-015  -2.1002155108176183E-016   2.3261572614017510E-015   4.0128317423682974E-016  -8.9986864871201064E-015  -6.7416263203119303E-015
   2.1887032632002443E-020  -1.9769308044862744E-018   8.5117382552119125E-018   8.0529691013151154E-014  -6.6532064869044127E-020   6.0094618958399481E-018  -2.5873928718250487E-017   6.5431653003366547E-014   3.2075075790179582E-026   2.5587588959198588E-028   3.9058121167718803E-028   3.2383683099206145E-026   6.6497903587999718E-029   3.3230546394674642E-026   5.2996131216055027E-014   2.3381596575412219E-019  -2.1119262482069385E-017   9.0929654188978716E-017  -1.2139711248089806E-026  -1.4257286723890076E-028  -3.2842211778259521E-028  -8.4547256656983769E-027   4.1389361137019563E-029  -1.4195259922889442E-026   9.2686751968795218E-030   5.2465203136909979E-029  -1.6356987379076910E-028  -4.8083294741185330E-029   5.2460886334433897E-030   1.3261499908302773E-029   3.7080254463920268E-029  -1.5855609852320265E-028   3.4954663375272044E-029  -3.7689054125693227E-028  -7.8595660132733972E-027   2.2194292878057424E-029   1.6204083713705908E-028  -1.0893931867690098E-026  -3.4604344963860662E-029  -8.4859868210373666E-027   5.9608289203605677E-027   2.4160091146693783E-030  -2.2993829660062917E-029   3.6496702369848206E-027  -8.5734567019024596E-030   3.6529190549383899E-027   3.9758959618433490E-030  -1.7189078474704171E-029  -1.3391690822857483E-030  -1.6761454307005844E-029   6.1261393210884490E-027  -5.0576819245960942E-030   3.6114990267915286E-027  -2.7840845362060162E-030   5.8040028157651885E-027   7.7081381359420675E-029  -5.1844675306847789E-029   1.1557883883445847E-028   4.2914358427510216E-029  -1.1112841435330057E-029   2.4357453625249383E-029   3.1828824851006175E-029   1.3005829052215215E-028  -2.9797085275223214E-029   2.1642375377812384E-028  -1.6239369001773969E-019   1.4668095659420760E-017  -6.3153950904341197E-017   4.3827186610092345E-017  -3.9586597740742729E-015   1.7044135163924541E-014   4.5331543136692582E-014   4.1848748125048304E-014   1.2903781294885505E-014
   6.1487282526792426E-017  -3.2089567034657858E-016  -1.2692790840107195E-015  0.13268919129487725       -3.0085419605541482E-016   2.5291282098244356E-016   1.9580101862304503E-015  0.10793152009588411        5.1538599738894904E-014   8.0148159466921373E-016   1.0528974791639765E-015   5.1440640772089039E-014   4.3872957213996621E-016   5.2996131216055027E-014   8.7166321107642636E-002   2.1891797007779708E-016   2.2101398504803784E-017  -8.6683646792841650E-016  -2.1277450001076758E-014  -7.2904411308236065E-016  -1.1513534059668006E-015  -1.4047942419328508E-014  -5.7624309187392864E-016  -2.4003659739123733E-014   5.0163026317182564E-017  -4.8998902344068671E-017   1.1274167585276823E-017  -1.1810332822513650E-016  -2.2970091665124794E-017   6.3115559633278089E-018  -2.8586913077708967E-017   3.6418000344629249E-017  -6.0268333245364528E-017  -2.0143812835596218E-018  -1.3926260611003070E-014   3.0932079795266571E-016   5.8388355980280556E-016  -1.9580322976630405E-014   3.4390838252997587E-016  -1.5191784410887770E-014   1.0132150266418525E-014   1.0264651030795877E-017  -2.4160205289217566E-017   6.2554377187118605E-015   2.5367094401945995E-018   6.2164849912093619E-015   2.3314665350668106E-019  -1.1344098589066825E-017   1.4250030628386076E-017  -4.1845258819102214E-017   1.0352753082627550E-014  -5.6038833796443031E-018   6.1134930854106535E-015  -6.0347451256576015E-018   9.9139661243829881E-015   6.7723004215156019E-017   2.1694583505937210E-017   2.9686641655771575E-017   1.0341785209495756E-016   1.5464416034895820E-017   5.4585661570158275E-017   5.3703354389860724E-017   1.7961639689152929E-017   4.6542851337215064E-018   9.7247039617245828E-018  -1.5586955745746839E-015  -1.7662453099066824E-016   1.0431858541091254E-016   4.3009832371619728E-015   2.0763977772244079E-015   2.1638766704400128E-014   7.4737528838463241E-002   4.2378618896644748E-003   1.5687622543641692E-004
   5.2804710664146848E-006   3.9346254293133159E-017   1.0641099553890132E-018   3.1251278649278379E-016  -1.6051542924681168E-005  -8.4248487501075182E-017   2.0952327752092647E-018   2.2373480743354982E-016  -1.7073881290904967E-018   3.5564860907321199E-018  -5.4550879734715530E-018   2.6946593879197922E-017   1.3361358798529965E-017   2.3381596575412219E-019   2.1891797007779708E-016   5.6410499667446142E-005   8.7736677785894572E-017   5.6497147212110630E-018  -5.9958441827733943E-018  -1.2569284130525773E-017   7.5910742396713628E-018  -2.1236600898764221E-017  -1.9594778914669720E-017   8.8575580120279258E-018  -2.6074153235007284E-016  -9.3958973565355093E-018   2.9726819770103764E-018  -1.4269715405495714E-016   1.5892979550960167E-018  -1.3262774939926123E-016   6.9306953992334859E-018  -1.7600337728716433E-018   1.5927773804588893E-018   3.4412139154353354E-018   5.7224916198677093E-018   7.7247341024128445E-018  -8.9825650702920164E-019  -1.2418068326119018E-018   1.0314732599962440E-017  -1.7049410776465333E-017   2.5214030269254436E-018   2.6651072725852257E-019   6.6715184710780394E-019   2.0019042528900732E-018   5.7149543443983090E-019   9.5769314598300328E-019   8.7577126743354421E-019   6.8947617545528010E-019   1.0514442883952359E-019  -1.4146607998764828E-018   1.5184357981941846E-018  -5.0965736092349483E-019   2.7681536416923404E-018  -2.2400709182176002E-019   2.7388345441957116E-018   1.0926753657601584E-016   5.9845563794306342E-018  -3.1543169662338617E-018   7.7867949840609047E-017  -1.7694770232341686E-018   8.0241979786127272E-017  -2.7344642964353567E-018   1.7583066047088133E-018  -4.4558323153747527E-018  -9.2457855430176617E-019  -3.9179143019471861E-005  -1.2174636847684525E-016   1.2591751084344171E-016   1.0573758248508194E-002   3.5420671155877184E-015   9.1849051015726625E-015   1.9777793221657942E-016  -5.8682240495133247E-015   1.0562850942737103E-015
   3.3767158437734395E-017   5.2804710666431466E-006  -5.3291485293953427E-017  -2.9015147409552019E-017  -5.2909013709418282E-017  -1.6051542925418554E-005   1.4825964348755392E-016   1.1802002093202983E-016  -5.1053757723695907E-017  -1.7165082730390434E-018   8.7238908813138708E-018   8.8338212306008572E-018  -1.1204550321510078E-018  -2.1119262482069385E-017   2.2101398504803784E-017   8.7736677785894572E-017   5.6410499668893240E-005  -2.8720742789616487E-016   2.0328722148303459E-017   2.0998776431391977E-018  -1.6469978288313701E-017  -6.9972752859892844E-017  -2.3812890180888091E-018  -1.5845290624425819E-017  -2.8168578120987201E-018  -1.0549549278738543E-016   1.5953386381992256E-018  -3.7792635760113871E-018  -9.4084239163856572E-020   6.8468110955160623E-018  -2.2036508702187315E-016   2.7772816641492525E-018  -1.2116774666946004E-016   3.8459004468962823E-018  -5.0001586604995854E-017  -2.3789138049455225E-018   7.4301728727918126E-018  -1.2522460227718747E-018   2.8423190358226030E-018  -3.8637320033034709E-017   1.6026140930875239E-017   6.3353417085337581E-019   2.0241026851014935E-018   1.0851280705479801E-017   4.8869681371366719E-019   8.7685237805988525E-018   1.8613444536879182E-019   1.9848547144475238E-019  -3.3935586805268817E-019   9.0267363581435413E-019   8.3348020364479703E-018   1.0240866787976586E-020   6.0976244386475620E-018  -4.3189218125777312E-019   1.2713016459654093E-017   1.8393955151130483E-018   5.4027184564716821E-017  -1.6671811251260961E-018  -1.1994590492692520E-018   3.9747873401756474E-019  -2.5446743209695972E-019   1.0127023747981519E-016  -2.6502865937447445E-018   6.8149372040359086E-017  -5.3207201476295460E-018  -6.2360724694438854E-017  -3.9179143022595224E-005   6.5882208191471880E-016   1.2775725481311491E-014   1.0573758248641121E-002  -2.0407683227930209E-014   7.6647360869160319E-017   3.7902798254444811E-015   1.1353654340927529E-014
   3.8371965216767131E-017  -5.1105066184976618E-017   5.2804710668011258E-006  -1.5044400360317362E-015  -5.4640141626668415E-017   1.2295680780204736E-016  -1.6051542925854156E-005  -1.6873338925000643E-015   4.4469848465330330E-017   4.1388927324830251E-018  -3.8723631899109990E-018   4.4242058488738276E-017   1.2409938863618499E-017   9.0929654188978716E-017  -8.6683646792841650E-016   5.6497147212110630E-018  -2.8720742789616487E-016   5.6410499669765820E-005   4.6607114537657365E-017  -3.6097347802333482E-018  -4.8242518510715731E-018   5.9080854991726473E-017  -8.9586912242982892E-018  -2.9460922886838525E-017   5.7364266655644203E-018   1.1987247953843206E-018  -1.1757699984068464E-016  -9.1030685256964627E-018  -1.1948956928016025E-018  -1.4518848934859129E-017   1.4046002573135579E-018  -1.2108019227484303E-016   5.4159745567529720E-018  -2.3525203944291028E-016   3.0452237210700299E-017   1.2852827917408541E-018   6.9855631154537012E-018   2.8464625639713832E-018   5.9955296198239652E-018   6.2487811918790746E-017  -1.8650534718059043E-017  -7.7987959541915464E-019  -2.2820573361110404E-019  -1.3178682336290463E-017  -1.8447314326357857E-018  -8.6136680540589408E-018  -5.9210956374204403E-019  -2.2315590176522878E-018  -8.3623150901223593E-019   1.9500663307988260E-018  -3.2053324564513988E-018  -1.3833621446682979E-018  -6.4749966312132173E-018  -6.8994336099626408E-019  -1.0254459766991213E-017  -5.1732206232981554E-019   2.4144534960199549E-018   6.4911372030581024E-017   1.1778879456804107E-018  -1.4558305978564665E-018   6.8663940916751641E-018  -5.8401370538238462E-018   7.3319890665492806E-017  -1.4653792617299172E-018   1.2276658575458889E-016  -2.5270905380831048E-017   5.1612364973489701E-016  -3.9179143024085961E-005  -8.0309993173071222E-015  -3.2430681822028402E-014   1.0573758248721723E-002  -9.8255090557324648E-016   2.0460232622697038E-014  -8.4894797369303206E-015
  -5.6125866479028920E-019   1.9029299468242404E-018   4.3627963108406642E-018  -3.2509190868705089E-014   1.7061105793604345E-018  -5.7845145515340197E-018  -1.3262000940863414E-017  -2.6503903623452350E-014  -1.2021671588290176E-026  -3.8718277364039456E-028  -4.5491654081754048E-028  -1.1652982347448279E-026  -2.9249453524227678E-028  -1.2139711248089806E-026  -2.1277450001076758E-014  -5.9958441827733943E-018   2.0328722148303459E-017   4.6607114537657365E-017   5.8670628842782290E-027   4.2327601426222905E-028   5.7895835224957290E-028   3.4399160676662298E-027   4.9070882935561858E-028   6.1884628155686335E-027  -4.9488119300080867E-030   1.4358718346197157E-029  -8.1339977837583330E-029   6.8834128444087769E-029   2.2086906607017808E-029   2.9319598684287226E-029  -1.0047291186163737E-028  -8.9797797647784122E-029  -6.6929011869585537E-030  -1.8942371023081062E-028   3.8648056543041631E-027  -2.0945440356498291E-028  -3.0072867414525779E-028   5.6290247916143691E-027  -2.9908361261275935E-028   4.2979561049746699E-027  -2.6234670749309119E-027  -6.1659634148075422E-030  -6.6876444079079662E-031  -1.6440656839189969E-027  -9.0628546169524107E-030  -1.6163628093252668E-027   2.1623742463175485E-030  -5.2373375564716442E-030  -1.1566699357872659E-029   1.8593494205520121E-029  -2.6623181219249658E-027   4.6571884993840643E-031  -1.5756669833302807E-027   2.1731180809458176E-030  -2.5980262983512637E-027   2.6481647321018123E-030  -2.9287415914515393E-029   3.9030282200144121E-029  -5.5354087209772771E-029  -1.9659784971192056E-029  -2.9328248777484205E-029   6.1815187931214046E-029   5.2131280141126057E-029   1.6856362859491963E-029   1.1219675165046152E-028   4.1643317853129746E-018  -1.4119036654079309E-017  -3.2370335612876592E-017  -1.1238795482606285E-015   3.8104784527925209E-015   8.7361814674893938E-015  -1.8333323400619692E-014   3.1505910031296814E-014   1.3819769425234017E-014
  -1.1765848834554180E-018   1.9656523526894764E-019  -3.3789986207084966E-019  -1.1719890259588304E-015   3.5765753706080248E-018  -5.9751777285971512E-019   1.0271458877608970E-018  -9.8412774937560603E-016  -1.5715647814281875E-028  -1.2595054549737178E-028  -1.1436870233645471E-028   3.1204697695154665E-030  -6.8176680838339014E-029  -1.4257286723890076E-028  -7.2904411308236065E-016  -1.2569284130525773E-017   2.0998776431391977E-018  -3.6097347802333482E-018   4.2327601426222905E-028   1.7291497508254492E-028   1.7398138762573453E-028   5.3559396848739955E-029   1.2030992677636396E-028   4.0959699554659009E-028   4.0146006466032702E-029   1.2456301023662907E-030   8.8643899908046797E-030   4.1127191532805800E-029   8.5728887364840345E-030   5.8188733811600158E-029  -1.1839074262601061E-029  -2.2113943076851049E-030  -8.5592821867889839E-030   1.8926327412742791E-029   3.0998052819605464E-028  -1.0092836856938085E-028  -9.4148206397600828E-029   5.5971450341577471E-028  -8.0113028898976691E-029   3.2625690681906909E-028  -1.3899083622602086E-028   3.1946939547180464E-030   6.0821170829368991E-031  -9.5907452536840437E-029   1.1551157501898750E-030  -8.5717505550992813E-029   6.2945832435584816E-030  -5.7760400227053327E-031  -4.0168682711180423E-030  -1.5819867383617663E-030  -1.4731592308319186E-028   1.5173126257011230E-030  -8.1695405017603261E-029   1.3380106421914557E-030  -1.5080506820835431E-028  -8.2473674586114892E-030  -6.2586750154664917E-030  -4.8311918343729221E-030  -1.6202820262334941E-029  -7.2690938661816658E-030  -4.0402645051749457E-029   1.0022722070408958E-029   4.2786176388741784E-030   7.8811382371426911E-030  -2.3805176140348985E-029   8.7298248289652642E-018  -1.4584413715294210E-018   2.5070920494861956E-018  -2.3560254302988317E-015   3.9360754967013894E-016  -6.7661983378776787E-016  -6.7184599195478884E-016   1.7273416606033933E-014  -5.2085585236413857E-015
