  0.11681865085914066        1.4584839912770690E-017  -6.5414491045571924E-016   5.3706235474785734E-016   1.6639079053403098E-016   5.8991811882192555E-017  -7.7254728375749371E-017   7.2379926311433325E-017  -1.5105241219198283E-017   7.0042586639321164E-017  0.21180135685312598       -5.4369134229149077E-017   2.2165496973997920E-016  -2.6271503850272639E-016  -2.5943541096855660E-015   8.5272684674066571E-018  -1.1186294139517488E-016  -1.1654315887401572E-015   3.1008776363264511E-018  -1.2092049084392924E-015   2.0001331957308442E-017  -5.2131738206550521E-017  -2.1697276969809150E-017  -1.2426497361945113E-016   7.4133069536523262E-017   1.3848108968734843E-017   2.7932271657500592E-017   1.0851338057676571E-016  -1.5208209141988832E-018   9.8182575483932656E-017  0.17621917351315677        2.8449564364386407E-016   7.1171096335702643E-017   6.1466368947832188E-016   4.9665182021445610E-018  -2.0898672994398598E-018  -1.2038290160236753E-018   7.5489941234695540E-018   1.5489374677062795E-018   9.9531630243454507E-018  -9.5170021042037432E-018   2.2275965317427981E-018  -4.6436227938360096E-018  -2.8164148056458739E-018   5.1837299240533966E-018   1.0252547103801509E-017   2.0525733462465810E-017  -2.7138011327043655E-018   2.6647254367622931E-017  -1.6539328102919286E-015  -3.9092296901413938E-017  -9.6861597263915569E-017  -8.5886739844140429E-016  -3.4208886152885679E-019  -8.2895290453047064E-016  -7.8846733712223754E-017  -1.1388055432918960E-016  -3.6992720124656936E-017  -2.4330603734775041E-016   5.1621295326960870E-017  -8.8350882802298171E-018  -1.0921053040860234E-018   4.3167455001767088E-017  -4.5053518905734810E-018   3.0570948660259718E-017  0.10082953477159767       -1.0832979982958691E-017  -2.0083320587380850E-016   2.1690991911550871E-016   1.1875901922289849E-015
   1.4584839912770690E-017  0.11681865085914193       -6.0496427703403553E-016  -7.3864593892328644E-016   1.5705834225479729E-016   2.9953123885552512E-017  -2.4279230958208102E-018   1.9202401915507544E-016   1.2428763457729515E-017   1.6260074914198489E-016  -2.5423507218202507E-016  0.21180135685312709       -1.4456128431809785E-016  -5.9283730972462451E-016  -5.1384501955488248E-017  -6.2436558951445486E-016  -6.6245563127567880E-017   6.3529336688201093E-017  -1.6318477604460705E-018   3.0890570693617541E-017  -1.3251129858720822E-015  -9.7989653801734500E-017  -5.3044085997015477E-016  -2.3777217280244988E-016   1.2836608323569376E-015  -1.8544166216309625E-016   2.4276156860825569E-016   2.3116754779555193E-016   1.1937337257844853E-016  -9.7963563808016586E-016   8.1322567929679878E-017  0.17621917351315641       -3.6768314545510398E-016  -2.4166745196958463E-016  -8.0007847332692961E-016   7.4667524017410982E-017  -1.0708007500974321E-016  -2.6527206485079972E-016  -2.3604043137342262E-017  -2.1193566992345362E-017   7.1181153792273177E-017  -4.8054927813092083E-017   2.7605085635624601E-017  -1.0075361681036604E-016  -1.1144532676714812E-016  -4.8982500247023568E-017   1.7019603219067264E-016  -5.5435952545853171E-017   7.1788671577835941E-016   9.7981169560176207E-018  -5.1900979196556554E-016  -8.0221089955057658E-017  -3.2252663596984479E-017  -8.9034875245767350E-019  -6.3080593122384336E-018  -1.0244202159243670E-015  -6.4674170061367289E-017  -5.6012888300709330E-016  -1.5616657937592707E-016  -2.3357616261138735E-016   4.0711974306715616E-017  -5.1487685916197893E-017   1.4090807796789836E-017  -3.1372643691181209E-017   2.8510194207974287E-016  -4.8804732013652058E-017  0.10082953477159891       -3.7651323022648772E-016  -1.7831894457792441E-016   2.3231664988835004E-015
  -6.5414491045571924E-016  -6.0496427703403553E-016  0.11681865085913955        8.4815850598752491E-016  -3.7422446417629183E-016  -3.2138388147363446E-017   6.3885266391571754E-017  -1.7884301298912484E-016  -2.1345787031761729E-017  -2.8900560569160598E-016  -7.5239226202094969E-016  -5.5073667535046266E-016  0.21180135685312534        1.5676033217220223E-015   2.9908660342855580E-017  -1.5650909588728913E-017  -1.1710512564408810E-015  -3.1462667744279897E-018  -2.5804054964985806E-018  -1.7947719169582354E-017  -3.5536577544291280E-017  -1.2094740491460843E-015   5.9760543606698508E-018  -2.7311727601165917E-015   1.7913493089631066E-015  -1.6650786229139072E-016  -1.7551070419428670E-016  -5.6095915991080271E-016   1.0260820492583400E-016  -1.3496050982117968E-015  -9.5308486040651680E-016  -9.4878038587427436E-016  0.17621917351315730        6.2344089615025748E-016  -1.3135585024387641E-015   8.2926510824820228E-017   7.5478656215996179E-017  -3.6465023812375525E-016  -2.0008366971795047E-017  -2.1721896322158877E-016   8.6288764787906801E-017   2.6194196402623880E-017   2.7913166780665274E-017   7.8119610765543431E-017   1.8084680261620350E-016  -3.7931116128055499E-017   2.6375347810722855E-016  -3.5687137723559931E-017   7.0012438767536893E-016   1.1155726460664820E-016   5.4707756067879426E-017  -1.1676533258908462E-015   7.6834608276042216E-017  -2.4781145659127874E-018   4.6739740698361827E-017   1.2559066072457588E-016  -1.0994660429366470E-015   4.3969864076901429E-017  -2.4397774984825780E-015  -6.2282089104177096E-016   4.3410913681888050E-017   3.7006626498421747E-017  -8.9799623585623186E-017  -2.3500406462182325E-017   8.0406960004345158E-017  -3.4064277008149031E-016  -2.7662111137440469E-016  0.10082953477159701        1.2895734355065540E-015   3.4305566177748018E-015
   5.3706235474785734E-016  -7.3864593892328644E-016   8.4815850598752491E-016  0.14847735395631434       -1.4042230407665993E-015  -1.7274743574974359E-017   1.2741996154368445E-016  -1.6128865951302860E-015   6.9206248874385016E-017  -1.2022670173006736E-015   1.4603388894523230E-015  -3.1366693446148143E-016   1.0553566467482856E-015  0.31921016226311483       -9.4367678610196746E-016  -1.4149178647590751E-016  -1.1932883544208186E-016  -2.1260991821344103E-016  -1.7551993008047455E-018  -2.3663166225430297E-016  -9.5013681330473086E-017  -1.1454915900736650E-016  -7.4963155732148882E-017  -1.1751862112103691E-016  -2.3553147873739290E-014  -1.5559057820495135E-016  -2.5347273925824627E-016  -2.1612729617929820E-014   2.4230119275206467E-016  -2.2570430093746933E-014   6.7172765016809837E-016  -1.2334742853199637E-015   8.2986881688451389E-016  0.16252729381347511        7.7202639236161217E-015   5.1366757946671023E-017   9.5737166885290095E-017   4.0967162025304882E-015  -4.6168278571626946E-017   4.2622717783109370E-015   6.1037498171050232E-017   4.2508335546346017E-017   3.7486414932372512E-017   9.3296519915816208E-017   6.3815686362714926E-015  -1.1992763348097816E-016   3.8156985226431017E-015  -9.1474525377924866E-017   6.9726891547337226E-015  -2.5763434847581435E-016   9.5614536451686402E-017   3.3284603319486130E-017  -1.3495778478789666E-016   1.0199859159446557E-017  -1.1818256541598789E-016   7.4769445033786796E-017   5.1782288778616257E-017   1.1512935384656782E-017   3.3025357012731738E-017  -9.1048997353902488E-015   3.9129412756821207E-017   5.2597319818878149E-017  -9.7102632281192187E-015  -5.5976001219078703E-017  -9.2966983691058767E-015  -2.2356273705237934E-017  -4.1518384442598139E-016   5.9433022769319992E-016  0.19888307334706837        1.8785026982471498E-003
   1.6639079053403098E-016   1.5705834225479729E-016  -3.7422446417629183E-016  -1.4042230407665993E-015   1.1781977085161085E-028   1.3297601707713471E-029  -1.1128320769048669E-029   1.0380055238184835E-028  -7.2511230748408385E-030   1.1413899894259640E-028   3.0167952586151617E-016   2.8475906672446960E-016  -6.7849824233763507E-016  -3.0793513592419492E-015  -4.3162156301105260E-030   1.0438537512401443E-029   3.5950243173099089E-030   1.4930159196357578E-031   4.4416776688950363E-030  -1.9928374706829981E-030  -7.5392433063163130E-030   1.4016432390039999E-029   8.4406405239529387E-030   2.6141269171965653E-029   4.4094422250629550E-028  -1.6616255521368466E-030   8.6771914315465020E-030   4.3201508935038220E-028  -2.9469045854263430E-031   4.2828680092514992E-028   2.5099799879956039E-016   2.3692014127829638E-016  -5.6451196192181842E-016  -1.2843007183905240E-015  -9.5011881500467987E-029  -2.7810259284568412E-030  -4.9112071745607263E-030  -3.9357472723061804E-029   1.9643763011223662E-030  -3.5561703306003707E-029   2.1202367308834565E-030  -1.1944198435746427E-030   1.1546463534901004E-030  -4.7927366382766322E-030  -6.8222503416295717E-029   1.8296049457421447E-030  -4.7101797572687080E-029   8.2806238709667500E-030  -7.7791668506082906E-029   9.3449140101937566E-030  -1.2632814648660378E-029   1.0693598201221310E-029  -3.8388123642629695E-030  -3.4664130402733308E-030  -3.5750356575497459E-030  -7.1205611543470729E-030  -1.6259472369101841E-030  -3.6680227805924755E-030   4.6339721677326016E-030   1.4558379467553604E-028   1.2489333557312405E-030  -1.3691493841565825E-030   1.4765370495248979E-028   2.7964441428616506E-030   1.5878517184680789E-028   1.4361667316337122E-016   1.3556156885121018E-016  -3.2300388975170116E-016  -1.8992059967748703E-015   1.4199683799713999E-014
   5.8991811882192555E-017   2.9953123885552512E-017  -3.2138388147363446E-017  -1.7274743574974359E-017   1.3297601707713471E-029   1.6673924957964275E-030  -1.2769379927807578E-030   1.1312889180736285E-029  -8.4208371553470127E-031   1.3031823027316834E-029   1.0695677195363355E-016   5.4307357894405014E-017  -5.8269413031424151E-017  -4.4718567138525957E-017  -2.3984733300003760E-030   1.1040350767398318E-030   1.3255372579641213E-031  -5.8388707515268618E-031   5.5583434546560376E-031  -8.9732781243392269E-031  -1.1616633319817448E-030   1.4567812462996406E-030   9.2572314512389318E-031   2.7459061086723894E-030   3.0474335225639507E-029  -4.0777815878807337E-031   8.2543541065978772E-031   3.1051268680021751E-029   2.4528307751467465E-031   2.9349257680561203E-029   8.8988258788046994E-017   4.5183835769631362E-017  -4.8480273960728365E-017   1.2802154355182144E-017  -3.8926930076605154E-030  -2.7751272734067996E-031  -5.1385299451955045E-031  -6.2053909534410061E-031   1.9291187237377357E-031   7.3643416941096067E-032   3.4535355638972601E-031  -1.0451574400933502E-031   1.8939642798697271E-031  -5.0123972896826612E-031  -1.7147236372430101E-030   9.5423846628272816E-032  -1.7706030155840450E-030   9.3058172640949584E-031  -2.1369934309750006E-030   3.7186479085903292E-031  -1.5337394263098442E-030   1.1904077908004514E-030  -8.9930622528539243E-031  -4.2442193903807606E-031  -8.4004368050577279E-031  -9.1292024492156767E-031  -3.3072945960055787E-031  -5.0345650596655705E-031   2.1432882812109065E-031   8.4372796740186713E-030   2.0472852957415971E-031  -1.1565291395419167E-031   8.1357112820013166E-030   2.8369341535511397E-031   1.0015823705136936E-029   5.0917528182952938E-017   2.5853402039180173E-017  -2.7739566425188070E-017  -2.5431236941226386E-017   1.7832399769298458E-015
  -7.7254728375749371E-017  -2.4279230958208102E-018   6.3885266391571754E-017   1.2741996154368445E-016  -1.1128320769048669E-029  -1.2769379927807578E-030   1.0921078552969556E-030  -9.7126793741522071E-030   6.7919545321097374E-031  -1.0717094140203347E-029  -1.4006886890889530E-016  -4.4020145948200477E-018   1.1582898796678133E-016   2.7957985979242553E-016   1.7990146959225871E-030  -1.0447423205597665E-030  -5.7070541806711772E-031   6.1294957303650964E-031  -4.1704844303255311E-031   8.2955930633690484E-031   5.4800890047736881E-031  -1.5880969005152911E-030  -8.2871137986832440E-031  -3.0735500660962599E-030  -4.0042287323219314E-029   9.0959616511337596E-032  -8.3660838087881248E-031  -3.9968011091286142E-029   6.0257704532482971E-032  -3.9913093089005704E-029  -1.1653759296341716E-016  -3.6624853835630516E-018   9.6369961135448764E-017   1.1587776684451600E-016   8.2669500758297312E-030   2.8782243554165866E-031   4.6423710161834473E-031   3.4507811961110930E-030  -1.9048830187743767E-031   3.1531732736056669E-030  -1.6557080039447024E-031   1.1073423572358859E-031  -9.6453622049584695E-032   4.5540689171148858E-031   6.2415105771647182E-030  -1.8778280299538536E-031   4.3751596417318675E-030  -7.8397535217758955E-031   7.3244160916839781E-030   3.6526781176831274E-032   1.1568052532821790E-030  -1.2456951112708326E-030   8.3114841065384348E-031   3.2282075098405834E-031   7.8556307592711559E-031   6.2837733572654058E-031  -6.8569407736019032E-032   3.1391792187775034E-031  -9.2584625872021216E-031  -1.3571800158046634E-029  -9.7868260513074430E-032   1.3087052787261921E-031  -1.3587577605746190E-029  -2.6640203161052824E-031  -1.4559730162882653E-029  -6.6680776260850808E-017  -2.0956101993315683E-018   5.5141209401477616E-017   1.7238271347758218E-016  -1.3256266993408694E-015
   7.2379926311433325E-017   1.9202401915507544E-016  -1.7884301298912484E-016  -1.6128865951302860E-015   1.0380055238184835E-028   1.1312889180736285E-029  -9.7126793741522071E-030   9.2756591666607744E-029  -6.3791484890315795E-030   1.0026083867841765E-028   1.3123047123846651E-016   3.4815457554349929E-016  -3.2425637974948921E-016  -3.5189820599003312E-015   5.2554798440680756E-031   8.9506158360022531E-030   2.0282437283255903E-030   1.4438388797235108E-030   3.7812635350302067E-030  -3.2072066613914545E-031  -6.8682600317439280E-030   1.0791349521259262E-029   7.1531586921594636E-030   1.9275835779997922E-029   4.4438316663229838E-028  -1.2777076191703999E-030   7.9953244374283926E-030   4.2796701370656739E-028  -7.4848463669176510E-031   4.2594148265983392E-028   1.0918402754817438E-016   2.8966533769495867E-016  -2.6978198862739884E-016  -1.5502510059433066E-015  -1.0456911285206601E-028  -2.3746230789490668E-030  -4.4132647373047482E-030  -4.5597064994894858E-029   1.7657420897043510E-030  -4.2533354889231214E-029   1.7783030593648950E-030  -1.1304360478759706E-030   9.2778255223406694E-031  -4.2982556209447281E-030  -7.5864571355213408E-029   1.8189592717073770E-030  -5.0440062960021857E-029   7.2391897831247489E-030  -8.4651078921429600E-029   9.8006466409559713E-030  -1.1195766686209104E-029   7.6320325865672734E-030  -2.3041533391967319E-030  -2.9835060977945634E-030  -2.1675018975968665E-030  -6.5873002370815845E-030  -2.8105346834809093E-030  -3.3605793962676660E-030   9.9952057937853164E-031   1.4865472929895748E-028   1.0310252189274634E-030  -1.2943691758511758E-030   1.5288472736253824E-028   2.4973391304609206E-030   1.6154749181550485E-028   6.2473194503702730E-017   1.6574144945161646E-016  -1.5436454422496228E-016  -2.1759941745245513E-015   1.2085705236873693E-014
  -1.5105241219198283E-017   1.2428763457729515E-017  -2.1345787031761729E-017   6.9206248874385016E-017  -7.2511230748408385E-030  -8.4208371553470127E-031   6.7919545321097374E-031  -6.3791484890315795E-030   4.7054421011992030E-031  -7.0709638834479371E-030  -2.7386984546478116E-017   2.2534320889635077E-017  -3.8701582522776994E-017   1.5269716421847164E-016   4.9189651830497953E-031  -7.6999026671811462E-031   2.3287330730413110E-031   7.8153612986084179E-032  -2.8667570371781740E-031   2.2140746103083834E-031   2.5870753359881308E-031  -4.3576660420544011E-031  -6.3953310986803703E-031  -6.5093706094881422E-031  -2.5554902656094001E-029   1.5885408253421298E-031  -4.1026295684341607E-031  -2.4547615616746448E-029  -3.3198717846710670E-032  -2.4092562483171733E-029  -2.2786028633164797E-017   1.8748602284000364E-017  -3.2199797900939841E-017   5.9391409461174519E-017   5.3798215997327392E-030   1.5468275210126699E-031   2.5380595206034698E-031   2.0398288659183960E-030  -1.1722734725120424E-031   1.7595568666094819E-030  -1.6569689679199181E-031   5.1509573911019686E-032  -8.5592346017549419E-032   2.4674722281306664E-031   3.3915460554637257E-030  -9.5969684689510401E-032   2.4207809601895049E-030  -5.1934014206791765E-031   3.8816582352410748E-030  -5.4750755706069983E-031   6.8347317498633472E-031  -2.5349245555457180E-031   2.6385841988841795E-031   2.2369672511402673E-031   2.5998156850038009E-031   2.0578043473605089E-031   5.1828443849644467E-031   1.1162837059441592E-031   6.2576362796268134E-031  -7.8977401451429359E-030  -9.5290267240636308E-032   5.6587472962539840E-032  -8.1030033447414331E-030  -1.6956986708296485E-031  -8.8974578364502689E-030  -1.3037767801144356E-017   1.0727622926756352E-017  -1.8424162237083237E-017   9.3883377906599660E-017  -9.1941409556968511E-016
   7.0042586639321164E-017   1.6260074914198489E-016  -2.8900560569160598E-016  -1.2022670173006736E-015   1.1413899894259640E-028   1.3031823027316834E-029  -1.0717094140203347E-029   1.0026083867841765E-028  -7.0709638834479371E-030   1.1089300651212768E-028   1.2699269148035826E-016   2.9480788418902164E-016  -5.2398978222628716E-016  -2.6443645043494018E-015  -3.3159452381222416E-030   1.0066684137039474E-029   2.6813364319133108E-030   8.2599073357751535E-031   4.3760791518531793E-030  -1.2943463843674008E-030  -7.6833785165047561E-030   1.2893488204080094E-029   8.2228222513594139E-030   2.3857187757596608E-029   4.0726134930534198E-028  -1.9692480873128340E-030   8.1217169845825693E-030   3.9913399422023311E-028   8.7838817645348862E-032   3.9366056198489940E-028   1.0565818589352555E-016   2.4528077850318117E-016  -4.3596059876651434E-016  -1.0665953135290356E-015  -8.5177014882447701E-029  -2.6171178503412285E-030  -4.6819065403675067E-030  -3.4050941910247882E-029   1.8647333060766618E-030  -2.9985993353251194E-029   2.2389852438666355E-030  -1.1130066277195824E-030   1.2102883917416825E-030  -4.5644971510951858E-030  -5.9325029249984416E-029   1.6197197603812610E-030  -4.1589560348664968E-029   8.0316618621749482E-030  -6.7643695359753879E-029   1.0312693419183997E-029  -1.2311646517552307E-029   9.8632564899988002E-030  -3.2115984801922463E-030  -3.4092192436523015E-030  -2.9737044383929780E-030  -6.8507008341070458E-030  -2.2080930321704839E-030  -3.5816173434871842E-030   3.1230950320235927E-030   1.3192407627269521E-028   1.3202292264106384E-030  -1.2630808192745080E-030   1.3360830690268489E-028   2.6756040020899658E-030   1.4524706590581916E-028   6.0455769460617044E-017   1.4034537951705974E-016  -2.4944904391515421E-016  -1.6284461635449145E-015   1.4013211960362930E-014
  0.21180135685312598       -2.5423507218202507E-016  -7.5239226202094969E-016   1.4603388894523230E-015   3.0167952586151617E-016   1.0695677195363355E-016  -1.4006886890889530E-016   1.3123047123846651E-016  -2.7386984546478116E-017   1.2699269148035826E-016  0.38401243666918355       -6.0746763500433116E-016   1.1880789049515694E-015   5.8861615210598675E-016  -4.7037670487348470E-015   1.5460605120539633E-017  -2.0281626773492543E-016  -2.1130186832263464E-015   5.6221338457437318E-018  -2.1923831377724076E-015   3.6263980248636891E-017  -9.4518921474055531E-017  -3.9338861289924433E-017  -2.2530212280618901E-016   1.3440905711570719E-016   2.5107705386571216E-017   5.0643394642366649E-017   1.9674325181665535E-016  -2.7573673449311695E-018   1.7801269363990094E-016  0.31949915342394669        9.2413539792230540E-017   7.8316327485509255E-016   1.5684447651347345E-015   9.0046862065021116E-018  -3.7890929779522757E-018  -2.1826362240751416E-018   1.3686917170072381E-017   2.8083448569898539E-018   1.8045863550333700E-017  -1.7255069665844797E-017   4.0388068555372245E-018  -8.4192515597063267E-018  -5.1063804701535612E-018   9.3985080584549926E-018   1.8588670317756565E-017   3.7214761219934167E-017  -4.9203338500263364E-018   4.8313557723599268E-017  -2.9987096305891338E-015  -7.0877393852184351E-017  -1.7561765674041625E-016  -1.5571938128796658E-015  -6.2023387963445132E-019  -1.5029564941526235E-015  -1.4295529918268066E-016  -2.0647435789335221E-016  -6.7070696831942846E-017  -4.4113288812887839E-016   9.3593448583342808E-017  -1.6018706532797157E-017  -1.9800723902448743E-018   7.8265974431507916E-017  -8.1685555902796833E-018   5.5427522565138794E-017  0.18281183799361447       -2.6190274477726456E-016   1.0150842814533830E-017   1.0507550337135549E-015  -2.2632019129917051E-015
  -5.4369134229149077E-017  0.21180135685312709       -5.5073667535046266E-016  -3.1366693446148143E-016   2.8475906672446960E-016   5.4307357894405014E-017  -4.4020145948200477E-018   3.4815457554349929E-016   2.2534320889635077E-017   2.9480788418902164E-016  -6.0746763500433116E-016  0.38401243666918333        7.2804089262420066E-016   1.1632638814309493E-015  -9.3164123668209648E-017  -1.1320236799431927E-015  -1.2010839067844788E-016   1.1518365955762171E-016  -2.9586677067282159E-018   5.6007022326980509E-017  -2.4025335537372496E-015  -1.7766291153115738E-016  -9.6173079423324712E-016  -4.3109955859875138E-016   2.3273775551492328E-015  -3.3622024714702717E-016   4.4014572369115516E-016   4.1912485654805981E-016   2.1643326727626532E-016  -1.7761560833062225E-015   2.5539606089467186E-017  0.31949915342394419        1.5716174922431978E-016   5.4516069380639314E-016  -1.4506048905148237E-015   1.3537806491893502E-016  -1.9414455664570816E-016  -4.8095901516936588E-016  -4.2795977585267067E-017  -3.8425595677747493E-017   1.2905700283898331E-016  -8.7127345157961786E-017   5.0050180777399791E-017  -1.8267419278815630E-016  -2.0205909972952897E-016  -8.8809106577406558E-017   3.0857872680341645E-016  -1.0050972067649916E-016   1.3015848013177033E-015   1.7764752893712499E-017  -9.4100537328507055E-016  -1.4544711461534051E-016  -5.8476603365377318E-017  -1.6142719716065136E-018  -1.1437005235173322E-017  -1.8573540280154170E-015  -1.1725933206388996E-016  -1.0155575035409208E-015  -2.8314223083107620E-016  -4.2349186372047852E-016   7.3813995752521208E-017  -9.3351204264698444E-017   2.5547737356630303E-017  -5.6881058401147225E-017   5.1691213457644210E-016  -1.5823846814657247E-016  0.18281183799361564       -2.1128393630446006E-016   1.0604763422149215E-015  -3.6079611489686324E-015
   2.2165496973997920E-016  -1.4456128431809785E-016  0.21180135685312534        1.0553566467482856E-015  -6.7849824233763507E-016  -5.8269413031424151E-017   1.1582898796678133E-016  -3.2425637974948921E-016  -3.8701582522776994E-017  -5.2398978222628716E-016   1.1880789049515694E-015   7.2804089262420066E-016  0.38401243666918489        1.8480373436240373E-015   5.4226742011529590E-017  -2.8376324007343876E-017  -2.1232075805926910E-015  -5.7044279055298903E-018  -4.6784771213377387E-018  -3.2540619537897614E-017  -6.4430596368327814E-017  -2.1928711109382182E-015   1.0835054273507474E-017  -4.9518299701175993E-015   3.2478564976219489E-015  -3.0189178612030307E-016  -3.1821464310028178E-016  -1.0170628605493092E-015   1.8603670619137895E-016  -2.4469396702915266E-015   3.9543563731562952E-016  -2.8370357404828981E-016  0.31949915342394969        4.2236456364892522E-016  -2.3815843709577011E-015   1.5035225439276150E-016   1.3684871107846730E-016  -6.6113942117476341E-016  -3.6276735280495010E-017  -3.9383498102575561E-016   1.5644828397561286E-016   4.7492128174316534E-017   5.0608756005418490E-017   1.4163696837186830E-016   3.2788940717048654E-016  -6.8772082229942259E-017   4.7820569855067045E-016  -6.4703573756977888E-017   1.2693803102931836E-015   2.0226205179341547E-016   9.9189443469423788E-017  -2.1170468665654666E-015   1.3930715828730205E-016  -4.4930156583509500E-018   8.4742807985450368E-017   2.2770569728304495E-016  -1.9934179858720679E-015   7.9720804885551648E-017  -4.4235075546406672E-015  -1.1292230207159641E-015   7.8707384072980082E-017   6.7095910175967485E-017  -1.6281374575426124E-016  -4.2608076182048753E-017   1.4578411156184699E-016   5.9739031481682460E-016   3.2040994620891403E-016  0.18281183799361445        1.7049054251941006E-015  -3.9044630691325723E-015
  -2.6271503850272639E-016  -5.9283730972462451E-016   1.5676033217220223E-015  0.31921016226311483       -3.0793513592419492E-015  -4.4718567138525957E-017   2.7957985979242553E-016  -3.5189820599003312E-015   1.5269716421847164E-016  -2.6443645043494018E-015   5.8861615210598675E-016   1.1632638814309493E-015   1.8480373436240373E-015  0.68630261572914586       -2.0232934512435465E-015  -3.0999262988252486E-016  -2.5593529254810674E-016  -4.5691380616306207E-016  -6.3659979093020988E-018  -5.0720107356991878E-016  -2.0027653801542382E-016  -2.5170894480173376E-016  -1.6615133498735713E-016  -2.6250488335955131E-016  -5.0767135252557548E-014  -3.3248445066341814E-016  -5.4808157915856845E-016  -4.6597357334224431E-014   5.1964847515896183E-016  -4.8648281627449538E-014  -6.9877673724470823E-016  -1.1549902824458980E-015   1.4145804227840054E-015  0.34926754589294323        1.6612489652532644E-014   1.1168203499255059E-016   2.0794937859745636E-016   8.8083370257763224E-015  -1.0013365777609739E-016   9.1610322742488388E-015   1.2952575862253017E-016   9.1768284721186639E-017   7.9670837268483973E-017   2.0264491328762412E-016   1.3723875695986792E-014  -2.5819848294504245E-016   8.2094607647421898E-015  -2.0099401021380589E-016   1.4996752871759663E-014  -5.5952840644594943E-016   2.1190315136538728E-016   6.7145801371012639E-017  -2.8802904626519119E-016   2.3911295479150321E-017  -2.5211010079648140E-016   1.6340147209872518E-016   1.1391561099429565E-016   2.6285786872219646E-017   7.2359210081505171E-017  -1.9608440571296631E-014   8.3116294853994329E-017   1.1347925278245873E-016  -2.0908573905238018E-014  -1.2165799101235894E-016  -2.0028405205266294E-014  -1.2615238762412629E-015  -2.1721783902884865E-017   1.0696969115632466E-015  0.42758770675898583       -4.3107593339777976E-003
  -2.5943541096855660E-015  -5.1384501955488248E-017   2.9908660342855580E-017  -9.4367678610196746E-016  -4.3162156301105260E-030  -2.3984733300003760E-030   1.7990146959225871E-030   5.2554798440680756E-031   4.9189651830497953E-031  -3.3159452381222416E-030  -4.7037670487348470E-015  -9.3164123668209648E-017   5.4226742011529590E-017  -2.0232934512435465E-015   6.4499676492242279E-029   7.9981121204331579E-032   3.0665366463108529E-030   2.7231967209823330E-029  -4.6013795084106681E-031   2.8577997032627629E-029   1.3532929091303239E-030   7.7458042610611131E-031   4.1866512423786396E-031   1.3823602103957360E-030   1.2769524565017327E-028   1.0336313664983061E-030   3.5103622139792236E-031   1.1416313949013949E-028  -1.7300465628050012E-030   1.2205637203378008E-028  -3.9135440586496012E-015  -7.7512746461181762E-017   4.5116763185844186E-017  -1.0560220514776633E-015  -4.6870548960857494E-029  -9.7750619808788406E-032  -1.8542951476923580E-031  -2.6050968403721984E-029   1.2815709257177186E-031  -2.7727843623818573E-029  -4.4944423692518154E-031  -2.3280462678673526E-031  -2.8308637072901074E-031  -1.4511316370220726E-031  -3.9927491854415482E-029   4.8937101897921886E-031  -2.3763857777468217E-029  -1.5907121656646864E-032  -4.4077468662211450E-029   3.7516875676819717E-029   1.4874177493811135E-030   9.9089646353251738E-031   2.0294102460550326E-029   2.5034095955733385E-031   1.9481355450059429E-029   2.1708416373071724E-030   2.3489370067678650E-030   1.2442025258506594E-030   4.8484535287902720E-030   5.1402434030931903E-029  -2.1571753442465412E-031  -2.1570239014799079E-031   5.5672057196456051E-029   2.5934832962999651E-031   5.1858082899901483E-029  -2.2392615904098950E-015  -4.4351440361088687E-017   2.5815024277651861E-017  -1.2623743368156415E-015  -1.3081667478539803E-015
   8.5272684674066571E-018  -6.2436558951445486E-016  -1.5650909588728913E-017  -1.4149178647590751E-016   1.0438537512401443E-029   1.1040350767398318E-030  -1.0447423205597665E-030   8.9506158360022531E-030  -7.6999026671811462E-031   1.0066684137039474E-029   1.5460605120539633E-017  -1.1320236799431927E-015  -2.8376324007343876E-017  -3.0999262988252486E-016   7.9981121204331579E-032   4.4228577643489620E-030   5.1699986790230983E-031  -2.5009895959389239E-031   4.3476127282132941E-031  -2.7577979369871703E-031   6.5264954614153827E-030   1.6805116218729753E-030   3.7196193476926470E-030   3.3502601261265832E-030   3.6670682542618769E-029   8.3278646512441473E-031  -5.1665434035157307E-031   4.1076797886303281E-029  -6.7472663615886228E-031   4.7253519473863439E-029   1.2863255915043779E-017  -9.4184607804586298E-016  -2.3609161141410107E-017  -1.3061228309913710E-016  -5.3175892676537194E-030  -6.6347916507830160E-031   1.2353011179649617E-031  -2.5745222916315265E-030   3.1629002548202088E-031  -3.5281961498264697E-030  -1.7325929550808761E-031   1.5087002575943759E-031  -3.6808625906522661E-032   1.0094437483020951E-031  -6.1956445856141805E-030   4.4192618486446778E-031  -5.5807442703690401E-030   1.0964748120896005E-030  -1.1591750622136291E-029   9.7985460818442364E-031   1.6359061533048027E-030   1.2677120991556143E-030  -1.1781774813156669E-031  -3.2876527197952252E-031  -2.4239676879177087E-031   4.9473702713757656E-030   1.2036529554782035E-032   2.7233835161491815E-030   8.9027291325706855E-031   1.5553156344393968E-029  -9.6618976521653028E-032   1.5452013938922410E-031   1.4516498044746688E-029   4.3891293139508136E-031   1.4113354689388654E-029   7.3601304767487111E-018  -5.3890788375948073E-016  -1.3508749852684295E-017  -1.9128004514297526E-016   1.3630665355314316E-015
  -1.1186294139517488E-016  -6.6245563127567880E-017  -1.1710512564408810E-015  -1.1932883544208186E-016   3.5950243173099089E-030   1.3255372579641213E-031  -5.7070541806711772E-031   2.0282437283255903E-030   2.3287330730413110E-031   2.6813364319133108E-030  -2.0281626773492543E-016  -1.2010839067844788E-016  -2.1232075805926910E-015  -2.5593529254810674E-016   3.0665366463108529E-030   5.1699986790230983E-031   1.1990259327814752E-029   1.2853677225944650E-030  -1.9239155771828801E-032   1.5367526648116687E-030   1.2333809235157322E-030   1.2228617372855566E-029   2.3634037728626253E-031   2.7557964595490851E-029  -2.0645097422699910E-030   1.9207312976199738E-030   1.7447979882372209E-030   2.0487934549583518E-029  -1.3114029621592782E-030   2.9997646263069562E-029  -1.6874356050539868E-016  -9.9930433174832947E-017  -1.7665131640699087E-015  -1.3316728028592130E-016   7.6653324243968866E-030  -8.9149509272877334E-031  -7.3525290687190034E-031   5.2063942419683631E-031   2.3453876553354450E-031  -1.2864875479888659E-030  -9.7444287181835248E-031  -2.6511120080224099E-031  -3.3694825852656317E-031  -7.6279277642055965E-031  -6.8114304357197191E-030   4.8828697924397325E-031  -5.7217343854185031E-030   3.9095554988653539E-031  -1.2948001450471179E-029   5.7016560811276378E-031  -1.8471000647364783E-031   1.1740967947214376E-029   2.1524576973487597E-031   5.1489255065590591E-032   4.5758863700703818E-031  -6.1709673873819563E-031   1.1170149507529725E-029  -7.0649290411086793E-032   2.4775907906949670E-029   1.3062491935226576E-029  -4.9853439923010756E-031  -3.7612754425897999E-031   8.0962324041430930E-030   2.8010265407475249E-031   5.7624485051877481E-030  -9.6552119512649041E-017  -5.7178449346154347E-017  -1.0107679939139636E-015  -1.5965502418320920E-016  -1.4473825689223824E-016
  -1.1654315887401572E-015   6.3529336688201093E-017  -3.1462667744279897E-018  -2.1260991821344103E-016   1.4930159196357578E-031  -5.8388707515268618E-031   6.1294957303650964E-031   1.4438388797235108E-030   7.8153612986084179E-032   8.2599073357751535E-031  -2.1130186832263464E-015   1.1518365955762171E-016  -5.7044279055298903E-018  -4.5691380616306207E-016   2.7231967209823330E-029  -2.5009895959389239E-031   1.2853677225944650E-030   1.1966766131009278E-029  -4.1981411670376821E-032   1.2427181820025274E-029  -7.6354385938450981E-031   6.3666107756663985E-031   1.0656055521656862E-032   1.3038276294604269E-030   3.2995833263299580E-029  -1.8033992740271494E-033   2.0559482457147699E-031   2.9355878305490593E-029  -2.7588706838131673E-031   3.0232530811954329E-029  -1.7580359800726638E-015   9.5833046544360553E-017  -4.7460959920797119E-018  -2.3345813481388813E-016  -1.1431643021876818E-029  -8.1927930477750405E-033  -1.7490263526186486E-031  -6.0718428365039140E-030   3.4049940519538831E-032  -6.2200067211432680E-030   3.5584112999851027E-032  -1.0806425938924694E-031   2.3835201093933149E-033  -1.5223237991891279E-031  -9.2345568050972286E-030   4.2024172862111458E-032  -5.5530549313343384E-030   1.0757454179014599E-031  -9.8481149147324471E-030   1.6843832178154648E-029   5.3123519837825084E-034   8.8480654011987734E-031   8.7524577847503683E-030  -1.8659570721375715E-033   8.4441999613885994E-030   1.3210098805976494E-031   1.0691366731636058E-030   5.4310738598650233E-032   2.3674902245524594E-030   1.2245790650763381E-029   4.8130533451485656E-032  -9.1448367552730992E-032   1.3323851337704340E-029   1.0220683325278409E-031   1.2956131403533084E-029  -1.0059174972195732E-015   5.4833996245542952E-017  -2.7156332725997409E-018  -2.8473489757779268E-016  -4.3723524146695240E-017
   3.1008776363264511E-018  -1.6318477604460705E-018  -2.5804054964985806E-018  -1.7551993008047455E-018   4.4416776688950363E-030   5.5583434546560376E-031  -4.1704844303255311E-031   3.7812635350302067E-030  -2.8667570371781740E-031   4.3760791518531793E-030   5.6221338457437318E-018  -2.9586677067282159E-018  -4.6784771213377387E-018  -6.3659979093020988E-018  -4.6013795084106681E-031   4.3476127282132941E-031  -1.9239155771828801E-032  -4.1981411670376821E-032   1.8959042911153967E-031  -1.4120874761315215E-031  -2.7074362410650096E-031   4.2555100831317971E-031   3.7206028582137619E-031   7.8156943042795675E-031   9.7519790084171347E-030  -1.3898584887355716E-031   2.3383194288826342E-031   9.9361804345201010E-030   8.6146753731453631E-032   9.3950713621349927E-030   4.6776271615891835E-018  -2.4616177428020655E-018  -3.8925027859654433E-018   8.9250529932655779E-018  -1.1294371419400878E-030  -9.4795578463747187E-032  -1.5657803436688937E-031  -9.8039433590055826E-032   6.5423030225682130E-032   1.2947351093971822E-031   1.2019689849610508E-031  -2.8112336594549362E-032   6.5710298458762004E-032  -1.5254948162278855E-031  -3.8438455397734560E-031   3.0033167531709723E-032  -5.0017784754308198E-031   3.1919222991508700E-031  -5.6234068579004377E-031   3.6878600200252684E-031  -4.5949156005702777E-031   3.4632167457269900E-031  -1.7700773022746224E-031  -1.4491816165023230E-031  -1.6544647119853042E-031  -1.8543555354874431E-031  -1.6762014055742052E-031  -1.0635478627731101E-031  -5.0010713945565835E-032   2.6024782556589398E-030   7.1396423097681237E-032  -3.0026529377210531E-032   2.4968367364960181E-030   9.7622165508628726E-032   3.1380067916362072E-030   2.6764566030758843E-018  -1.4084946992099183E-018  -2.2272221415042638E-018  -3.1349940896650337E-018   6.0997631458098951E-016
  -1.2092049084392924E-015   3.0890570693617541E-017  -1.7947719169582354E-017  -2.3663166225430297E-016  -1.9928374706829981E-030  -8.9732781243392269E-031   8.2955930633690484E-031  -3.2072066613914545E-031   2.2140746103083834E-031  -1.2943463843674008E-030  -2.1923831377724076E-015   5.6007022326980509E-017  -3.2540619537897614E-017  -5.0720107356991878E-016   2.8577997032627629E-029  -2.7577979369871703E-031   1.5367526648116687E-030   1.2427181820025274E-029  -1.4120874761315215E-031   1.2970764776268365E-029  -2.2826490330554053E-031   6.4731029322816530E-031  -1.2397046045064789E-032   1.4051447054536689E-030   3.1205694140750829E-029   1.6826755900716773E-031   7.0375520983558873E-032   2.7757987555802242E-029  -4.0953871884091587E-031   2.9538632170186722E-029  -1.8240673728560813E-015   4.6597960145442833E-017  -2.7073863764483849E-017  -2.6542974475578296E-016  -1.1728106852033112E-029   6.7349097865165759E-034  -8.8335125792322030E-032  -6.5849236355882901E-030   1.6538928884938375E-032  -6.9712038539244495E-030  -6.6482394481236948E-032  -9.1138895135003168E-032  -4.8403250148583446E-032  -6.8960518470190065E-032  -1.0100239971574213E-029   6.2039083324604762E-032  -6.0248815189025020E-030  -2.2311688875115372E-032  -1.1037271107912138E-029   1.7272629236937467E-029   3.8030473446867798E-031   9.1735320597519869E-031   9.1762887770878247E-030   7.2989423933992308E-032   8.8450910486452541E-030   5.2138904211815744E-031   1.3598187701272897E-030   2.7590249317010082E-031   2.8580180862945472E-030   1.2547550112857821E-029  -1.0296518922425201E-032  -7.4528817399380758E-032   1.3640930798085160E-029   7.4385514869424224E-032   1.2771476917981859E-029  -1.0436995074397916E-015   2.6662539320217968E-017  -1.5491192209219258E-017  -3.1650134979918522E-016  -3.6328883796635893E-016
   2.0001331957308442E-017  -1.3251129858720822E-015  -3.5536577544291280E-017  -9.5013681330473086E-017  -7.5392433063163130E-030  -1.1616633319817448E-030   5.4800890047736881E-031  -6.8682600317439280E-030   2.5870753359881308E-031  -7.6833785165047561E-030   3.6263980248636891E-017  -2.4025335537372496E-015  -6.4430596368327814E-017  -2.0027653801542382E-016   1.3532929091303239E-030   6.5264954614153827E-030   1.2333809235157322E-030  -7.6354385938450981E-031  -2.7074362410650096E-031  -2.2826490330554053E-031   1.5555451752501723E-029   9.3167608780568346E-031   5.4981072909706950E-030   2.4733290749851133E-030  -1.4696165877682510E-029   2.4832100941193670E-030  -2.8869536444921766E-030  -3.4925641588361544E-030  -1.6838200410863857E-030   1.1996185070240419E-029   3.0171707691856648E-017  -1.9989129600845354E-015  -5.3606391430531989E-017  -1.2070821171737210E-016   6.1965591345131325E-030  -7.6489345508550989E-031   1.3692926408803295E-030   5.9453977986857809E-031   2.0498321495659380E-031  -2.6880624119125763E-030  -1.0654432068269949E-030   5.5306795526378479E-031  -4.5001985477225537E-031   1.2915603248824485E-030  -2.4014173367889970E-030   6.0435769560705074E-031  -3.7600252303681336E-030   2.1015185368379241E-031  -1.2112700866621336E-029  -8.9826335879999980E-031   6.5163764914081722E-030   7.3082977424688410E-031   5.1981347312427641E-031   2.2734975932687294E-031   2.1263558665275875E-031   1.1819547043029064E-029   1.3067812813615423E-030   6.4992740386044732E-030   2.6036712689265393E-030   4.8604301686921644E-030  -6.1494638858385347E-031   5.8402773823493541E-031   2.4247574144085612E-030   2.5003624714735517E-031  -1.9750802214094637E-030   1.7263724424447395E-017  -1.1437431001184190E-015  -3.0672641353188035E-017  -1.2606204820580487E-016  -9.4061794490358055E-016
