  0.12204647047194155       -4.6407082015521856E-016  -9.9571583955479157E-009   7.1932672559380189E-008  -5.6104281650122150E-009  -2.0455197298408958E-017   1.4931329975039374E-008   8.4614661622315786E-009  -6.8831610785290811E-018  -2.8510389814077614E-009  0.17162877338259452        1.4475641721871896E-016  -2.3205407730828925E-009  -4.8704429137720660E-008   1.5676221208449624E-010  -2.0755140198067150E-017  -2.7277271716547445E-010  -1.6698617059216170E-010   2.3405109299229716E-017  -4.3330127708191647E-011  -6.2079165215101420E-017   6.8608861087559127E-011  -2.4387041951078346E-017   1.5217644191303053E-010   3.7572668937676251E-009   1.7084706779532545E-017  -1.1743167907164520E-009  -1.3048757736672475E-009   8.1306390568693015E-018  -2.4523939278284412E-009  -2.2559090687916232E-009  0.13745733402516760       -4.0029034381803401E-016  -6.5156687615885205E-009   2.8672901863814840E-011  -1.1811744729702618E-017  -2.2503455144245257E-010  -1.3310430215181856E-010  -1.3683068523307731E-019   8.2738837977823098E-011  -1.3651359713477597E-017   1.0170091529402238E-010  -2.7134320501878419E-018   1.4923115457266775E-010   7.2234215813204313E-011  -5.7476441905677522E-018   6.2172340936623280E-012  -3.1943059640510044E-018  -5.0640648231888599E-011   5.9940723352297269E-011  -8.3661382179401928E-018  -1.0916150459148768E-010  -6.6787447926805214E-011  -6.6079007150871365E-018  -1.3638726804902933E-011  -5.9121992042246373E-018   2.8620977233744603E-011  -4.1226759068575218E-018   6.0031881678673871E-011   6.3922729472689745E-010  -2.2165531341986816E-017   2.6841519316618188E-010   9.4049347157108820E-012  -4.0106226370412761E-018  -6.4863255422703970E-010   7.4255922494263243E-002  -7.8279648312548711E-017  -3.0929881673327801E-009  -3.3247443774463527E-009   4.3715417570786883E-010
  -4.6407082015521856E-016  0.12204645659759875       -6.1507138113630035E-017  -4.4632662236952942E-016  -6.9231139887834121E-017   4.5565462143618555E-009  -2.1366606606103329E-017  -8.8694030479328089E-017  -3.2700834077068887E-009   1.6182410276162074E-017   4.5712250652044288E-016  0.17162877014914468        5.3322113753768557E-016  -1.1833342733628603E-015  -3.3635232254001153E-016   1.6420944854306603E-010  -1.2753226771779731E-016  -2.3730080711237982E-016  -1.9523552550295322E-010  -2.3727635810986373E-016  -1.5962353196660140E-010  -1.1972735696555241E-016   4.9956878681179223E-011  -2.5129390832247533E-016   1.5527984283074991E-016   4.2089622748206431E-009   4.9759667081900508E-017   1.1508126184582438E-017  -3.0206336185787785E-009   3.4149509947843278E-017  -4.0813359037148661E-016  -2.9172824302725459E-016  0.13745732494619592        3.7928972824179741E-016  -1.6548875941696119E-016   7.3458746809154367E-011  -1.7936619990078050E-017  -6.7025379606285311E-017  -1.5803337192384797E-010  -7.2587264800124438E-017  -1.3600771649920901E-010  -9.7588238928628066E-018   8.3918258991943845E-011  -2.6132564406967947E-017  -7.9026724463641968E-017   9.7608213391704796E-011  -4.9476264401825714E-017   2.0182776414371657E-011  -1.0509352153970016E-016  -2.5192608612778345E-016   6.1890972555224201E-011  -8.1879574580090673E-017  -8.8842446699018982E-017  -7.3583265853750672E-011  -9.1351652092575350E-017  -6.0158250263962264E-011  -8.6624224593103542E-017   1.8829819793032277E-011  -2.1355352725103177E-016  -1.5910230792893798E-016   1.1012667620087023E-009  -1.0346198662594985E-017  -1.5631538622382785E-016  -7.9034295837313709E-010  -1.2862951559539380E-016  -2.8157119815239787E-016   7.4255918184484904E-002  -5.9747725248640477E-017  -2.7378541893049117E-016  -4.8964927944337883E-015
  -9.9571583955479157E-009  -6.1507138113630035E-017  0.12204646374351663       -5.1623713475880458E-008   9.6903702533879076E-009  -5.0132981573487489E-017  -8.5060095750643492E-009  -6.0725160389526965E-009  -8.5664977015275640E-017  -3.6178537063000208E-009  -2.3205380002720073E-009  -1.6577782311645977E-015  0.17162877181456035        3.4953570430713321E-008   1.5101053722929087E-010   2.9172920234857815E-016   1.1727465925389012E-010   6.8608565666394849E-011  -8.4801094705324822E-018  -2.7120952669745955E-010   6.9560251602576574E-016  -1.2063422904705056E-010   3.2137440145609162E-016   2.4710330815377379E-012   2.5354238759766235E-009   1.0426122089987478E-016   2.8839208710273997E-009   9.3646699526308968E-010  -4.1972780786071594E-016  -3.4718887007786852E-009   1.6189923280693388E-009  -6.5156672624711920E-009  -1.9000074260721462E-016  0.13745732962227067        1.1890370082342114E-010  -3.1489794113666493E-017  -1.8645608224957544E-011   1.9917434849270725E-011   8.2970455759539771E-017  -2.2878733109867513E-010  -3.0534699997766203E-017  -1.0248441862673767E-010  -1.2788798129882614E-017   9.5033371842466310E-011  -5.1840678510332933E-011   1.7950374870818879E-016   7.1144959449409359E-011   1.8268459389990465E-016   8.9741733394002557E-011   5.6296796579588880E-011   1.0015992567099727E-016   4.8763299262992976E-011   2.8620879161835774E-011   3.1836921969134045E-018  -1.0415079472510602E-010   2.1515231947030537E-016  -4.7446599025599059E-011   8.9889392145042412E-017  -9.8434360847266267E-013   9.1016162464557336E-010  -2.8850564057945974E-017   3.4143095655577845E-010  -6.7499004206360827E-012   6.8296506594337584E-017  -9.0341202395178557E-010  -3.0929874897380392E-009  -2.4874461525717791E-017   7.4255920404216344E-002   2.3860605694809613E-009  -3.1373124619014361E-010
   7.1932672559380189E-008  -4.4632662236952942E-016  -5.1623713475880458E-008  0.13654923750650350       -1.9770983975642335E-009  -1.8571390266654353E-016   3.3099973498207544E-009   2.0171496819611687E-009  -1.3825716132115123E-016  -4.0071234911374414E-011   9.8816676985148174E-008   3.6968409274450584E-016  -7.0917478673664956E-008  0.30845182176012437       -2.7405970650525857E-010   1.5681243678386665E-016   2.0217201083431223E-009   1.2246915280193421E-009  -3.1775851834186774E-017  -8.5700387454049024E-010   3.7169733826152060E-016  -8.7892092846269239E-010   1.2735649665272432E-016  -8.5179228852900898E-010  -1.1190359911608891E-009   3.8135047231282578E-016   1.8734008438273277E-009   1.1416554742966684E-009   2.1310908044656392E-016  -2.2712347050339591E-011  0.15839027522755109        7.4065966314136097E-008  -3.2567074523864964E-016  -5.3154710062097331E-008   3.6786237661958538E-013  -1.3937451116932912E-016   1.3092462549565254E-012   9.1899357307752739E-013   1.3914127655827331E-017  -1.5176602702676351E-012  -1.0654461543725509E-016  -1.0841044070037547E-012  -5.3124663216290891E-017  -5.0114863108343989E-013  -6.6934259417547289E-013  -5.9308315079398447E-017   2.8485033510903796E-013  -4.0061298848642377E-017   7.2867543017790867E-013   1.6491136532516001E-011   4.9593307396854339E-017  -1.2165593065319223E-010  -7.3695519372065342E-011  -4.3097817416807199E-018   5.1569363529459669E-011   1.4294531452701526E-016   5.2888690402170235E-011   9.2249561221760345E-017   5.1256110744760830E-011  -1.5458263669599780E-010  -7.1845409618480809E-017   2.5880299542912985E-010   1.5771833869666719E-010  -6.1052329956131125E-017  -3.1291674626464811E-012   3.7529316482586129E-008   2.4999159266978486E-016  -2.6933557445420712E-008  0.18974668675652293        2.3605945668626984E-003
  -5.6104281650122150E-009  -6.9231139887834121E-017   9.6903702533879076E-009  -1.9770983975642335E-009   1.0559425905826825E-015  -2.9617148259900681E-024  -1.4096834415528782E-015  -9.0032950645783474E-016  -2.6616726713360181E-024  -1.5561270944605377E-016  -7.8897061344712685E-009  -9.7356999288063575E-017   1.3627156621290736E-008  -4.4662709770301850E-009   8.7513282551693295E-018   2.1751516225441001E-023  -7.4174981933172707E-018  -4.6059989302387257E-018  -1.1736130152914896E-024  -7.1351412540884413E-018   5.2655295454855892E-023  -8.1094066236162157E-021   2.4753918218488429E-023   5.5320210576366969E-018   4.4791588317320906E-017  -4.3662530501426634E-025   2.5584016273493451E-016   1.1781022720020840E-016  -3.5031955735265660E-023  -1.6260016698454824E-016  -2.2925190257535813E-009  -6.3188590174927771E-009  -7.7973009056662701E-017   1.0913977693854656E-008   8.1174267452396128E-018   2.9330030557505356E-026   8.8453391245267857E-018   7.6868635404048797E-018   6.4786816108746094E-024  -2.1946976313559207E-017  -1.6706960933031289E-025  -1.2796608316798775E-017  -1.6312196060746915E-025   6.9272006298981233E-019  -7.4269810240334385E-018   1.5321165981013186E-023   5.3589098868176368E-018   1.5217056354619274E-023   9.4427802154223972E-018   1.4754294187317850E-018   7.5372748988095452E-024   1.0653205803942603E-017   6.4108386917349575E-018   6.6027319017342109E-025  -8.3899744202888027E-018   1.5340719155349210E-023  -5.8495013430006758E-018   5.9442873507002458E-024  -3.5807270699443642E-018   4.5125846152759071E-017  -8.4930724255770752E-025   1.1011878858765421E-017  -3.2587405695370554E-018   6.9200956373741675E-024  -4.1867208174304374E-017  -3.4135151765918273E-009  -4.2121860217302526E-017   5.8958474960405012E-009  -2.7473817607433087E-009   1.6751133071036017E-011
  -2.0455197298408958E-017   4.5565462143618555E-009  -5.0132981573487489E-017  -1.8571390266654353E-016  -2.9617148259900681E-024   1.7011647844943616E-016  -4.2648503564661231E-024  -4.9522422097755505E-024  -1.2208700348558415E-016   2.6220813616906956E-024  -2.8765237050205235E-017   6.4076782292592396E-009  -7.0499868811500654E-017  -4.1531831216043928E-016  -1.2262079561265233E-023   6.1306813977263890E-018  -7.5949107565674901E-024  -1.0574693548609892E-023  -7.2890251748360717E-018  -7.5398350565712708E-024  -5.9594683908222860E-018  -3.2011207943017858E-024   1.8651162252631208E-018  -8.2156585625346746E-024   5.6681199119044090E-024   1.5713959793981579E-016  -1.7116060739470636E-024  -1.3095434861251941E-024  -1.1277391465030207E-016   3.1434043135909780E-024  -2.3120913894030665E-016  -2.3038067248826053E-017   5.1319036298200852E-009  -5.6463288899569442E-017  -6.2325491321261407E-024   2.7425472563175127E-018  -6.2590990280232684E-025  -2.4893772050822662E-024  -5.9001005244802356E-018  -2.6280089744591840E-024  -5.0777831902304376E-018  -3.3793916819572593E-025   3.1330481521992661E-018  -1.0390709813414703E-024  -2.9404005192431987E-024   3.6441560666280365E-018  -1.8777912567547467E-024   7.5351432585574843E-019  -3.9528957466277462E-024  -9.4561375792416810E-024   2.3106699248925786E-018  -2.9301173000309007E-024  -3.2395794452619734E-024  -2.7471961154248264E-018  -3.4199949296391232E-024  -2.2459795650336771E-018  -3.2752684700952838E-024   7.0300233605316696E-019  -8.0367380339654680E-024  -6.3424287804494860E-024   4.1115269015782447E-017  -7.0308457802468412E-025  -5.9149553453212159E-024  -2.9507077185340161E-017  -4.3209326625526627E-024  -1.2445415849918572E-017   2.7723092691913133E-009  -3.0502082378601730E-017  -2.5713886522956555E-016  -9.9943240199059575E-016
   1.4931329975039374E-008  -2.1366606606103329E-017  -8.5060095750643492E-009   3.3099973498207544E-009  -1.4096834415528782E-015  -4.2648503564661231E-024   2.4997824183791040E-015   1.5073083976911545E-015   2.4049213453807306E-024  -9.7625595946188699E-017   2.0997294984309496E-008  -3.0046724915135780E-017  -1.1961639462839223E-008   7.4772935226211305E-009   2.0115190631283239E-018  -1.9095506089479385E-023   7.4551755424381951E-018   4.4716093653161238E-018   2.7103332016923209E-024  -7.1701807235303212E-018  -4.6806809055462061E-023  -4.5009340342454989E-018  -2.2283806780742856E-023  -2.1994539838010794E-018   2.5583913042036977E-016   3.3649858229316491E-024  -2.9925305284768263E-016  -1.9723490628747450E-016   3.5875379792669418E-023  -5.8606974227950319E-017   3.8380649736575552E-009   1.6816715332814918E-008  -2.4064551187673860E-017  -9.5800668135707187E-009  -4.7701711098683866E-018  -2.6589272547498226E-024  -2.6199774582926580E-017  -1.7650013821948261E-017  -5.4284374662680651E-024   2.6030869486276835E-017  -2.1176140620715963E-024   1.9558569386037239E-017  -7.5309741938260987E-025   1.1621650706999640E-017   1.2434025791161133E-017  -1.4670357732792819E-023  -4.1909030673145717E-018  -1.4091972619641434E-023  -1.2432308040082262E-017   3.8098094365965161E-018  -6.7345818929858167E-024  -1.9705639594941354E-017  -1.1953902035110938E-017  -1.1212031823022312E-024   6.8415837131744450E-018  -1.2278960270507136E-023   8.0917180362067576E-018  -4.4760787802932356E-024   8.6567745529025309E-018   1.1011974765052251E-017  -2.6469370930429945E-024   1.5334607669875973E-017   5.4556690670721565E-018  -6.5599196940838807E-024  -1.6467505768533320E-017   9.0845694543068540E-009  -1.2999906638499669E-017  -5.1752545141355853E-009   4.5995820672395687E-009  -2.8037543587477275E-011
   8.4614661622315786E-009  -8.8694030479328089E-017  -6.0725160389526965E-009   2.0171496819611687E-009  -9.0032950645783474E-016  -4.9522422097755505E-024   1.5073083976911545E-015   9.1857415775401863E-016   4.1530156770974458E-024  -1.8245039759358403E-017   1.1899000255120296E-008  -1.2472651627141380E-016  -8.5395212261519672E-009   4.5567469177001632E-009  -6.9324990914769203E-019  -1.3755007531276838E-023   5.1147620909760125E-018   3.0981008097377983E-018   1.7121979655640513E-024  -2.1679268317079133E-018  -3.3167221273025897E-023  -2.2229194879505530E-018  -1.5824076724307201E-023  -2.1536922147401091E-018   1.1780918769007247E-016  -1.4076605775976472E-024  -1.9723426475227122E-016  -1.2019770822604527E-016   2.6750120923311279E-023   2.3868434639122473E-018   2.3389600756171077E-009   9.5298990216623010E-009  -9.9893453821136051E-017  -6.8392951704929404E-009  -3.9228193898907457E-018  -1.3748561903563978E-024  -1.4654538931208645E-017  -1.0205528463000366E-017  -3.8137193716409210E-024   1.7097331202741814E-017  -9.1243893521604280E-025   1.2134079090121778E-017  -4.0365657168420281E-025   5.6103111535991401E-018   7.5774688122284152E-018  -1.0278079042343350E-023  -3.1046218621750036E-018  -9.9141089098647189E-024  -7.9653084191514577E-018   1.5984644031844766E-018  -4.8282418841447997E-024  -1.1793465680372934E-017  -7.1442339385017178E-018  -6.2630134577582163E-025   4.9991433942812859E-018  -8.9816796821018819E-024   5.1271526552893785E-018  -3.3725627627969671E-024   4.9689586623140814E-018  -3.2586479486496319E-018  -1.9699346669873374E-024   5.4556331372957167E-018   3.3247518358193839E-018  -3.9840891403990490E-024  -6.6015869300190856E-020   5.1481533536320071E-009  -5.3963501140041773E-017  -3.6946603829088040E-009   2.8030371377643169E-009  -1.7084283360003250E-011
  -6.8831610785290811E-018  -3.2700834077068887E-009  -8.5664977015275640E-017  -1.3825716132115123E-016  -2.6616726713360181E-024  -1.2208700348558415E-016   2.4049213453807306E-024   4.1530156770974458E-024   8.7617828419366150E-017   2.3064925804015261E-024  -9.6795339272856371E-018  -4.5985799931933438E-009  -1.2046704649401618E-016  -3.0691317932518246E-016   9.1890118558257866E-024  -4.3997884743175868E-018   1.1982590676544351E-024   5.0159054167642778E-024   5.2310937190674113E-018   7.4625096992563399E-024   4.2769145284152442E-018   4.2242554021037538E-024  -1.3385325934925314E-018   7.6294215177019863E-024  -4.9931823505678371E-024  -1.1277392299831849E-016  -5.2313847479176017E-024  -2.0744059059743987E-024   8.0934130758453447E-017   1.6837460234388436E-024  -1.8070043406597602E-016  -7.7523021217011454E-018  -3.6829985081531100E-009  -9.6481953271909256E-017   4.3486723916374470E-024  -1.9682359962615656E-018   5.0523689399219321E-025   1.7885949073323918E-024   4.2343081626371177E-018   2.1021189443742563E-024   3.6441580480338290E-018   3.2861102514023521E-025  -2.2484856503291129E-018   6.2550223612723916E-025   2.1503190240739249E-024  -2.6152909962845969E-018   1.2751242850316715E-024  -5.4077245758721659E-019   2.7550913320716123E-024   6.6968945318027565E-024  -1.6582918347793638E-018   2.2414546796932093E-024   2.4099363396044663E-024   1.9715723295974062E-018   2.4894541939860715E-024   1.6118656904016133E-018   2.3197831166943077E-024  -5.0452166324036906E-019   5.6873281891394108E-024   3.5750660719697187E-024  -2.9507076782879837E-017   4.4143673834872505E-026   4.2057132748161996E-024   2.1176259160848773E-017   4.1168860029107197E-024  -4.1878761750763281E-018  -1.9895952143841414E-009  -5.2120574650756028E-017  -1.9092753028742456E-016  -1.2849616782127263E-015
  -2.8510389814077614E-009   1.6182410276162074E-017  -3.6178537063000208E-009  -4.0071234911374414E-011  -1.5561270944605377E-016   2.6220813616906956E-024  -9.7625595946188699E-017  -1.8245039759358403E-017   2.3064925804015261E-024   1.7385776299275715E-016  -4.0092955046710199E-009   2.2756666831862175E-017  -5.0876346805701213E-009  -9.0521044090533583E-011  -8.0580390376859909E-018  -8.1872407343700205E-024   2.3024441278576444E-018   1.5077212559404646E-018  -3.1183635335187319E-025   9.3031922129624561E-018  -1.9302764709639319E-023   2.2311559403478568E-018  -8.9878796821069444E-024  -3.3782059124268538E-018  -1.6260063243086071E-016  -3.0439930657677963E-024  -5.8606149921591498E-017   2.3873288272221431E-018   1.1789923290841210E-023   1.6021333215676007E-016  -4.6464051722202255E-011  -3.2110411126308131E-009   1.8225772146047288E-017  -4.0746819510648119E-009  -4.1946071456475072E-018   1.2602344786006321E-024   5.8092013511001606E-018   2.5186659436569595E-018  -2.4814271670756814E-024   4.8496437143612486E-018   1.2374829647578793E-024   6.6252813938069258E-019   4.6932600223135445E-025  -6.3030319505914737E-018  -1.5048848807360712E-019  -5.1564378603434928E-024  -2.2542878205023852E-018  -5.3263813333345587E-024  -1.4774711215145326E-018  -3.0738965245964080E-018  -2.7809270317901500E-024   1.1402790608543525E-018   7.3340686961452219E-019   5.1487182763236895E-026   3.3908230293848912E-018  -6.2891888618990987E-024   7.2234039009258740E-019  -2.5936125353064750E-024  -1.3882397069335536E-018  -4.1867175819049959E-017   1.5402604415483257E-024  -1.6467552501940123E-017  -6.6035602268652868E-020  -2.0181091962576901E-024   4.1933225993732621E-017  -1.7346387758424280E-009   9.8457515399988642E-018  -2.2011868039710751E-009  -5.5683108140117972E-011   3.4162154645129319E-013
  0.17162877338259452        4.5712250652044288E-016  -2.3205380002720073E-009   9.8816676985148174E-008  -7.8897061344712685E-009  -2.8765237050205235E-017   2.0997294984309496E-008   1.1899000255120296E-008  -9.6795339272856371E-018  -4.0092955046710199E-009  0.24135426234703075        1.7641248508920746E-015   1.3164330315980900E-008  -7.3781222175058313E-008   2.2044806706671018E-010  -2.9187046413850004E-017  -3.8358872256108285E-010  -2.3482558135287887E-010   3.2913610300884280E-017  -6.0933331566597064E-011  -8.7299241471530554E-017   9.6481733949541186E-011  -3.4294433737850484E-017   2.1399928867878016E-010   5.2836852856869631E-009   2.4025539416485287E-017  -1.6513916362775535E-009  -1.8349913686870650E-009   1.1433702623444992E-017  -3.4486978653868771E-009  -5.8621498908797428E-009  0.19330041696375699        6.8693988800322936E-016   3.9941482142202953E-009   4.0321496766010768E-011  -1.6610355137125091E-017  -3.1645654400328730E-010  -1.8717893103499897E-010  -1.9241302513375969E-019   1.1635209563113733E-010  -1.9197330023497396E-017   1.4301767254220646E-010  -3.8157837464568613E-018   2.0985745037897019E-010   1.0157990808054634E-010  -8.0826490518392252E-018   8.7430393332976631E-012  -4.4919986955097387E-018  -7.1213786510376752E-011   8.4292101255338084E-011  -1.1764937292414905E-017  -1.5350918572630424E-010  -9.3920350405970427E-011  -9.2924107260582708E-018  -1.9179573733766193E-011  -8.3140566757267785E-018   4.0248460515757393E-011  -5.7975380724377421E-018   8.4420287248153210E-011   8.9891831416276601E-010  -3.1170437629022791E-017   3.7746092606773817E-010   1.3225757120921862E-011  -5.6399686219586825E-018  -9.1214452801436890E-010  0.10442295336196064        5.6510166125086139E-016   2.7579367425486407E-009  -7.9273226663193453E-009   2.0616753039296687E-009
   1.4475641721871896E-016  0.17162877014914468       -1.6577782311645977E-015   3.6968409274450584E-016  -9.7356999288063575E-017   6.4076782292592396E-009  -3.0046724915135780E-017  -1.2472651627141380E-016  -4.5985799931933438E-009   2.2756666831862175E-017   1.7641248508920746E-015  0.24135428069025555       -1.4597827933434853E-015   4.9661987939212350E-016  -4.7299804885699059E-016   2.3092080250423413E-010  -1.7934322104790987E-016  -3.3370608071968665E-016  -2.7455146233350870E-010  -3.3367171098750697E-016  -2.2447182197692332E-010  -1.6836752361622365E-016   7.0252245641267621E-011  -3.5338400120464849E-016   2.1836345894492012E-016   5.9188856356016979E-009   6.9974884931462953E-017   1.6183379343116218E-017  -4.2477893048312915E-009   4.8023040041752334E-017   9.3017658131417155E-016   4.8779731984703193E-016  0.19330042252919546       -1.2363108639800129E-015  -2.3271984462148732E-016   1.0330192881487250E-010  -2.5223511314656410E-017  -9.4254957728339892E-017  -2.2223564716213192E-010  -1.0207639704473142E-016  -1.9126189947912050E-010  -1.3723419327635993E-017   1.1801069842881531E-010  -3.6749120340500652E-017  -1.1113193916538809E-016   1.3726230230598248E-010  -6.9576378981068686E-017   2.8382184872558801E-011  -1.4778857605793201E-016  -3.5427300042433532E-016   8.7034657122495990E-011  -1.1514378418129801E-016  -1.2493537619188317E-016  -1.0347703468094996E-010  -1.2846396347811319E-016  -8.4598003047074475E-011  -1.2181598257785836E-016   2.6479579197154148E-011  -3.0031129302329976E-016  -2.2373885243234992E-016   1.5486648710570031E-009  -1.4549427201982289E-017  -2.1981971818524688E-016  -1.1114258760404436E-009  -1.8088624016835293E-016   8.9170515141852471E-017  0.10442295720488289       -1.0400262045245645E-015   9.8049512388389292E-016   1.5040456113362384E-014
  -2.3205407730828925E-009   5.3322113753768557E-016  0.17162877181456035       -7.0917478673664956E-008   1.3627156621290736E-008  -7.0499868811500654E-017  -1.1961639462839223E-008  -8.5395212261519672E-009  -1.2046704649401618E-016  -5.0876346805701213E-009   1.3164330315980900E-008  -1.4597827933434853E-015  0.24135427124277783        5.2950362957361719E-008   2.1235973302495164E-010   4.1024641980933007E-016   1.6491838396394277E-010   9.6481318512225194E-011  -1.1925217955154965E-017  -3.8139048302840710E-010   9.7819635178036486E-016  -1.6964281018686592E-010   4.5193520639297362E-016   3.4749132747681205E-012   3.5654595367287288E-009   1.4661816634703309E-016   4.0555356624951580E-009   1.3169137538198923E-009  -5.9024544840758685E-016  -4.8823702383226864E-009   4.2070737354904087E-009   3.9941471994432031E-009   4.3077789753297533E-016  0.19330041966277614        1.6720924020317850E-010  -4.4282766173853817E-017  -2.6220550502239565E-011   2.8009032154814001E-011   1.1667783655976396E-016  -3.2173392390523452E-010  -4.2939658608748163E-017  -1.4411948673576595E-010  -1.7984345661275888E-017   1.3364141928374962E-010  -7.2901343201956129E-011   2.5242851683924223E-016   1.0004814322043800E-010   2.5690160486785678E-016   1.2619999318310618E-010   7.9167806123146058E-011   1.4085066158643063E-016   6.8573750052719964E-011   4.0248322601338867E-011   4.4770904180931938E-018  -1.4646285122727579E-010   3.0255959299363972E-016  -6.6722138863893702E-011   1.2640764585728204E-016  -1.3842343248887015E-012   1.2799217954983177E-009  -4.0571323621146697E-017   4.8013991957195897E-010  -9.4920960382653582E-012   9.6042479293997964E-017  -1.2704301209531911E-009   2.7579360083765930E-009   3.4206983956347508E-016  0.10442295522562781        5.6891809100509966E-009  -1.4795984840776741E-009
  -4.8704429137720660E-008  -1.1833342733628603E-015   3.4953570430713321E-008  0.30845182176012437       -4.4662709770301850E-009  -4.1531831216043928E-016   7.4772935226211305E-009   4.5567469177001632E-009  -3.0691317932518246E-016  -9.0521044090533583E-011  -7.3781222175058313E-008   4.9661987939212350E-016   5.2950362957361719E-008  0.69679839317512293       -6.1898317021748308E-010   3.5454571524691711E-016   4.5661974608426283E-009   2.7660521997851463E-009  -7.2558903303193142E-017  -1.9356037005305985E-009   8.6198886950049686E-016  -1.9851049130710733E-009   2.8957924151498459E-016  -1.9238329666367107E-009  -2.5276328659954123E-009   8.6475249942402420E-016   4.2315612472277648E-009   2.5787245712979368E-009   4.7489570569993771E-016  -5.1301892364742932E-011  0.35765727003043796       -7.0544627165794058E-008  -9.2706841395624944E-016   5.0627558633684194E-008   8.3142000535419632E-013  -3.1650695805248174E-016   2.9590850679366584E-012   2.0770595119871950E-012   3.2010838408175333E-017  -3.4301271179957403E-012  -2.4230221226295317E-016  -2.4502324756345990E-012  -1.2097589353103432E-016  -1.1326669723245903E-012  -1.5127860257312398E-012  -1.3416272981497625E-016   6.4381979574729550E-013  -8.9947782381092547E-017   1.6469367643367113E-012   3.7293511490804681E-011   1.1963516735952911E-016  -2.7511609363785848E-010  -1.6665708498231838E-010  -9.6681880261547900E-018   1.1662039047102413E-010   3.1937963462972476E-016   1.1960394852243121E-010   2.1424276113065839E-016   1.1591198806296352E-010  -3.5028307234397470E-010  -1.6341640527657410E-016   5.8644548199568893E-010   3.5738842346225460E-010  -1.3477899970522122E-016  -7.0907350813212182E-012  -4.3748729494681555E-008   4.3218653483622248E-016   3.1397023713151598E-008  0.42862753927199110       -2.9572329273191179E-003
   1.5676221208449624E-010  -3.3635232254001153E-016   1.5101053722929087E-010  -2.7405970650525857E-010   8.7513282551693295E-018  -1.2262079561265233E-023   2.0115190631283239E-018  -6.9324990914769203E-019   9.1890118558257866E-024  -8.0580390376859909E-018   2.2044806706671018E-010  -4.7299804885699059E-016   2.1235973302495164E-010  -6.1898317021748308E-010   9.3849195977805600E-019  -4.3213115598867571E-025  -4.2647142275639928E-018  -2.5886804770651837E-018   6.1934687528432605E-025   1.3295695645460764E-018   5.3374682685812543E-025   1.7036668726054567E-018  -2.1983138159537220E-026   1.9088534023257748E-018   1.0209533226250896E-017  -1.2205330687475552E-023  -1.7007450079158711E-018  -2.8091340384741730E-018   7.3709476000099013E-024  -7.4002148236310445E-018  -3.1824169675675857E-010   1.7655666796672087E-010  -3.7882370226250473E-016   1.7007870665494696E-010   1.8321332466238067E-019   1.8740489937959364E-026  -3.1474019700532322E-019  -1.4816347957122624E-019   5.1161699491210222E-025  -1.7376704374905252E-019   5.2906362541590870E-025   5.9967081927527132E-021  -1.4652055510535144E-025   3.1027087573231870E-019   2.9979412582843836E-020   6.4249592059328179E-026   9.5443811189273399E-020   2.4815854366782864E-025   4.4533329791434507E-020   1.1365916136224943E-019  -1.3687610802739912E-025   1.6348275822818077E-019   9.7047929227132069E-020   2.0706946369183453E-025  -2.4954485061020201E-019   1.2823913131592045E-025  -1.2774243304007828E-019  -1.1567954665691239E-025  -2.6642310804348712E-020   2.2545823687288280E-018  -2.9579549705875278E-024   2.5262809575477118E-019  -3.0987436658337460E-019   2.3882745666596226E-024  -1.9447222868785710E-018   9.5377806434194714E-011  -2.0464461928837569E-016   9.1878334397755941E-011  -3.8080882234311070E-010  -2.6575515703459799E-011
  -2.0755140198067150E-017   1.6420944854306603E-010   2.9172920234857815E-016   1.5681243678386665E-016   2.1751516225441001E-023   6.1306813977263890E-018  -1.9095506089479385E-023  -1.3755007531276838E-023  -4.3997884743175868E-018  -8.1872407343700205E-024  -2.9187046413850004E-017   2.3092080250423413E-010   4.1024641980933007E-016   3.5454571524691711E-016  -4.3213115598867571E-025   2.2093835202304636E-019   2.4706206925089155E-024   1.2757671742992480E-024  -2.6268290676039755E-019  -1.9416912684735365E-024  -2.1476815377666925E-019  -1.4677490818918278E-024   6.7215318887389372E-020  -1.3336481136247104E-024   4.3468608037303855E-024   5.6630187664174445E-018   9.3089597760324491E-024   3.7853425824564846E-024  -4.0641620788139001E-018  -7.8619534985589163E-024   1.8068615268000537E-016  -2.3375897589226510E-017   1.8494425939821968E-010   3.2856599499973658E-016   5.7107065144223824E-026   9.8836300868098520E-020  -2.8917557023847348E-026  -1.8872315699330169E-026  -2.1262864632401050E-019  -6.6036385404209572E-025  -1.8299385944156587E-019  -2.7664980339932439E-025   1.1290922666590715E-019   1.6604086981787481E-025  -2.4330174554920902E-025   1.3132860503452807E-019   1.0276256682778976E-025   2.7155254462222007E-020   8.2566451624542378E-026  -1.9526346287996477E-025   8.3272245310989572E-020  -1.1757661279986742E-025  -1.2610655794743295E-025  -9.9003837101809109E-020  -3.0912476072356638E-025  -8.0940925090949243E-020  -1.7286435629430963E-025   2.5334896322469653E-020  -2.3983865731879128E-025   1.6651984425570317E-024   1.4817178042659834E-018   1.0706378989272423E-024  -3.6647573184610163E-026  -1.0633801666380102E-018  -2.2259961122408752E-024  -1.2627912279695739E-017   9.9908868442913885E-011   1.7749486834787831E-016   2.1797520334737222E-016  -7.3539299448634075E-017
  -2.7277271716547445E-010  -1.2753226771779731E-016   1.1727465925389012E-010   2.0217201083431223E-009  -7.4174981933172707E-018  -7.5949107565674901E-024   7.4551755424381951E-018   5.1147620909760125E-018   1.1982590676544351E-024   2.3024441278576444E-018  -3.8358872256108285E-010  -1.7934322104790987E-016   1.6491838396394277E-010   4.5661974608426283E-009  -4.2647142275639928E-018   2.4706206925089155E-024   3.0668685906523032E-017   1.8579653375764016E-017  -3.1175380030756317E-025  -1.2857973223661350E-017   6.0427560596131068E-024  -1.3288110033596893E-017   2.1599530604971090E-024  -1.2954752823635527E-017  -2.2532645753513084E-017   1.2455799694686735E-024   3.3138409532731404E-017   2.0722690630378719E-017   6.0164149095139582E-024   1.8085966485565573E-018   2.3476475001039773E-009  -3.0721595125417042E-010  -1.4363583011763357E-016   1.3208305053674730E-010   5.5611166479702950E-020  -2.1116594340848917E-024   5.0439539005540973E-019   3.3021607584316837E-019   4.3990802635862729E-025  -4.2720679697365991E-019  -1.4025522602719499E-024  -3.4181037501023384E-019  -8.6157409035501591E-025  -2.4962380167855347E-019  -2.2115573328886689E-019  -7.9105676173970039E-025   5.8679992123875344E-020  -4.4217003853996841E-025   2.1018980467573072E-019   1.6348409680642164E-019   6.3669143212795479E-025  -1.5044126780207241E-018  -9.1073419486244833E-019   2.9603298382234508E-026   6.9139915389860576E-019   2.4676490939247342E-024   6.7090530561608152E-019   1.3278780514853296E-024   6.2125633083506749E-019  -2.8215219669076594E-018  -2.1708287759733611E-024   3.5243220231330354E-018   2.2859219728928237E-018  -6.4338096496684748E-026   5.3569999599555780E-019  -1.6596137945431731E-010  -7.7593606170207334E-017   7.1352702284182217E-011   2.8092012009981453E-009   1.9603364804171560E-010
  -1.6698617059216170E-010  -2.3730080711237982E-016   6.8608565666394849E-011   1.2246915280193421E-009  -4.6059989302387257E-018  -1.0574693548609892E-023   4.4716093653161238E-018   3.0981008097377983E-018   5.0159054167642778E-024   1.5077212559404646E-018  -2.3482558135287887E-010  -3.3370608071968665E-016   9.6481318512225194E-011   2.7660521997851463E-009  -2.5886804770651837E-018   1.2757671742992480E-024   1.8579653375764016E-017   1.1255968846166195E-017   6.7005891365365954E-026  -7.7829104236188994E-018   3.8568534142317761E-024  -8.0480788878538087E-018   1.2368617183229885E-024  -7.8497935970053216E-018  -1.3753927417709300E-017  -4.7672254614804789E-024   2.0033510297857723E-017   1.2553163329987886E-017   7.6139109394744233E-024   1.1999411654569592E-018   1.4221276051933596E-009  -1.8807165038720432E-010  -2.6726489982514635E-016   7.7271840739449136E-011   3.0906488433926274E-020  -1.3747073693577683E-024   3.0914344711148029E-019   2.0154498871967143E-019   4.7206760468517620E-025  -2.5541374746072895E-019  -6.7046181478370779E-025  -2.0647261184691794E-019  -6.3166598596486520E-025  -1.5524714314540142E-019  -1.3397102305146934E-019  -6.1069036403285681E-025   3.4039266688046292E-020  -2.9791412728831791E-025   1.2626327524074848E-019   9.7052014574455914E-020   3.0265021899281385E-025  -9.1073092462008514E-019  -5.5130594673843817E-019   1.1445759153599923E-025   4.2109825199006110E-019   1.5695053958555095E-024   4.0694779854263305E-019   7.7796038917214365E-025   3.7549577309132871E-019  -1.7364889330431596E-018  -2.7582731983382952E-024   2.1242658036324548E-018   1.3847361673420580E-018   9.9614107160532379E-025   3.5181335422576420E-019  -1.0159833934203632E-010  -1.4437935548722170E-016   4.1743090369146974E-011   1.7017216670209100E-009   1.1874985738738516E-010
   2.3405109299229716E-017  -1.9523552550295322E-010  -8.4801094705324822E-018  -3.1775851834186774E-017  -1.1736130152914896E-024  -7.2890251748360717E-018   2.7103332016923209E-024   1.7121979655640513E-024   5.2310937190674113E-018  -3.1183635335187319E-025   3.2913610300884280E-017  -2.7455146233350870E-010  -1.1925217955154965E-017  -7.2558903303193142E-017   6.1934687528432605E-025  -2.6268290676039755E-019  -3.1175380030756317E-025   6.7005891365365954E-026   3.1231476505781571E-019   5.8310517979403706E-025   2.5534689834388109E-019   4.1100445155614916E-025  -7.9915121943911337E-020   6.2283179485798547E-025   5.5264367543838485E-025  -6.7330013869726862E-018  -9.3487710513825918E-025  -5.9556960960693038E-025   4.8320533698045391E-018  -2.7847991178646788E-025  -3.3919469481254499E-017   2.6360483870891674E-017  -2.1988801492684032E-010  -9.5508978284228502E-018   2.6187275365137221E-025  -1.1751063845590826E-019  -1.3499690257699161E-026   8.0076022052026840E-026   2.5280314787246741E-019   1.4826589487241545E-025   2.1756910231926878E-019   4.2510859565528840E-026  -1.3424253231374214E-019   6.3946352500791350E-026   1.4404169683755497E-025  -1.5614210658950235E-019   7.5322417128595904E-026  -3.2286025086024218E-020   1.5198338184632565E-025   4.0581626265131389E-025  -9.9005877659941951E-020   1.4183806359154733E-025   1.4863337933357092E-025   1.1770982933610980E-019   1.3584243122567618E-025   9.6234072918242500E-020   1.3206291459518730E-025  -3.0121724668820678E-020   3.3837693888504626E-025   3.7433565685325384E-025  -1.7616766679970132E-018  -5.6946412073863773E-026   1.9062655630028087E-025   1.2642974413774704E-018   1.4537381451743380E-025   1.4240216909993555E-017  -1.1878585919337082E-010  -5.1594976567558499E-018  -4.4327653742204823E-017   1.8487097142997394E-016
  -4.3330127708191647E-011  -2.3727635810986373E-016  -2.7120952669745955E-010  -8.5700387454049024E-010  -7.1351412540884413E-018  -7.5398350565712708E-024  -7.1701807235303212E-018  -2.1679268317079133E-018   7.4625096992563399E-024   9.3031922129624561E-018  -6.0933331566597064E-011  -3.3367171098750697E-016  -3.8139048302840710E-010  -1.9356037005305985E-009   1.3295695645460764E-018  -1.9416912684735365E-024  -1.2857973223661350E-017  -7.7829104236188994E-018   5.8310517979403706E-025   5.9991155834862605E-018  -3.3620449690384352E-024   5.7623834124318194E-018  -1.5863391282919224E-024   5.2888136028333695E-018   5.6507476407846448E-020  -1.0786684051473395E-023  -1.7751749152969466E-017  -8.7843487182596892E-018   5.4113629695233875E-024   8.7284168148796814E-018  -9.9516395367349372E-010  -4.8801409473760931E-011  -2.6723736575641699E-016  -3.0545531754469265E-010  -2.7671151648928829E-019   7.9230939631789470E-025   1.1312047392661906E-019  -2.7651679887135350E-021   4.0363700046615387E-026   4.8854651538972338E-019   9.9240000322137481E-025   1.9842831354744176E-019   1.9164262670057013E-025  -2.6102139643202389E-019   9.3750381992555790E-020  -2.1596071596704504E-025  -1.6208991964676169E-019  -1.8812940699439489E-025  -1.8601127572053328E-019  -2.4954046332388636E-019  -5.8851284268499682E-025   6.9139584022987884E-019   4.2110249873255590E-019   1.6593024397723087E-025  -8.6300482695761127E-020  -1.2851989656658427E-024  -2.3556391560884897E-019  -7.6560156696813396E-025  -3.3975097211618987E-019  -1.2883298416936244E-018  -1.6273939024826785E-024  -2.4631976443154726E-018  -9.6899797272176153E-019   1.7951751906648124E-024   2.2572863907274904E-018  -2.6363029169752464E-011  -1.4436448844115814E-016  -1.6501024237358512E-010  -1.1908158331596722E-009  -8.3097490091505163E-011
  -6.2079165215101420E-017  -1.5962353196660140E-010   6.9560251602576574E-016   3.7169733826152060E-016   5.2655295454855892E-023  -5.9594683908222860E-018  -4.6806809055462061E-023  -3.3167221273025897E-023   4.2769145284152442E-018  -1.9302764709639319E-023  -8.7299241471530554E-017  -2.2447182197692332E-010   9.7819635178036486E-016   8.6198886950049686E-016   5.3374682685812543E-025  -2.1476815377666925E-019   6.0427560596131068E-024   3.8568534142317761E-024   2.5534689834388109E-019  -3.3620449690384352E-024   2.0877027215843249E-019  -2.7694720837996271E-024  -6.5338180583100223E-020  -1.8702508833416482E-024   9.3973517532674241E-024  -5.5048662857600176E-018   2.1889301890087134E-023   8.9843408370255982E-024   3.9506612515889886E-018  -1.8645002837004013E-023   3.4692789195687418E-016  -6.9917916812165925E-017  -1.7977927679568798E-010   7.8343658817426632E-016   8.8077660287005608E-025  -9.6076075837064490E-020   3.6021694934047530E-026   2.7195381214493254E-025   2.0669051522205524E-019  -1.2561801091143178E-024   1.7788334612379025E-019  -6.2669350509993672E-025  -1.0975598366653504E-019   4.9824203592952068E-025  -2.3106543083588159E-025  -1.2766095964435909E-019   4.6799988654461086E-025  -2.6396883169002025E-020   6.7714224930025714E-025   6.9143901462538999E-025  -8.0946681377272871E-020  -8.7464943659498250E-026  -6.5544279977381440E-027   9.6238933244462945E-020  -2.4337036100058388E-025   7.8680468501003682E-020   5.7859497331179047E-026  -2.4627362603542620E-020   4.6561781572011494E-025   3.9473740343939705E-024  -1.4403375164669951E-018   3.7030805741166276E-024   1.3069158691616040E-024   1.0336828941841433E-018  -4.6736009165311938E-024  -3.7770432261050473E-017  -9.7118689558609216E-011   4.2322084887811954E-016   5.2144586474837928E-016  -5.3072498508712586E-015
