  0.15918932621742315        1.2178947112426785E-015  -1.9595072834305086E-017  -5.6048955222353202E-015  -9.0675825741942578E-017   3.6521617073242964E-016  -2.1412349828876587E-016   3.6053452234099546E-016   3.1168874989485832E-016   6.6605379936943434E-016  0.18098096268965452        3.3316707327373685E-015  -6.0719172373057576E-015  -8.7337685237946617E-015   7.4245480133939360E-014  -2.2661787903124115E-016   6.5581597752815764E-017   2.7138106191618803E-014  -1.2562985116387915E-017   3.0497787644433831E-014  -4.0393518050714314E-016   1.5984944269300965E-017  -2.4836264152632015E-016  -1.5202985990612213E-016   1.7515935253775219E-015  -1.6022523339877631E-016  -3.1573909237939781E-016   1.0661029089897315E-015  -1.1520986640093527E-016   7.6242731228661168E-016  0.11995022750599059        6.2158497750089785E-016   1.1054916805527093E-015  -3.3300822997958205E-016  -1.0233103918214004E-017   6.9488327057976954E-017  -1.4850534310179082E-016   8.5874775228712063E-018  -1.3887220025461127E-016   5.3634394817633779E-017   2.4420294941460139E-017   1.6767351210830183E-017  -7.8322468049929859E-017  -2.7770689584230554E-016  -2.7932377141836541E-019  -1.5901773159629037E-016  -5.7782709390935639E-019  -2.9936965738246853E-016  -4.2992518654830056E-015   1.5015714488784967E-014  -2.4600171705459190E-017   8.5627447981678215E-018   5.7752599755112204E-015   4.4214863999705933E-018   7.1103783941324136E-015  -9.4197785620320045E-017  -4.3174802596188305E-017  -2.2775499302498716E-017  -3.4360100273658005E-017  -1.2772030614001869E-016   1.0914182030223660E-016   5.5456607708998503E-017   1.6595639362948172E-016   7.5406856709325640E-017   2.1328731532813064E-016  -1.1233495897656777E-003  -9.8842270545978385E-015  -2.9478305574908455E-014   8.6441232363603959E-002   1.5631833915584841E-015  -2.2732852913537906E-014  -9.7415424105803725E-015   6.6968331871776070E-016   2.8620205463251477E-015
   1.2178947112426785E-015  0.15918932621728368       -9.1711229845629625E-016  -1.7556646206393233E-014  -2.7891411420559678E-017  -5.4937802069403531E-016   9.2891533533940229E-017  -5.9874857427158199E-016  -1.8271595692173050E-016   2.6888110758583018E-016  -1.9247786034626919E-015  0.18098096268996802       -1.5387767099688261E-015   1.8890718410012682E-014  -5.0686046732346123E-017  -3.7004288889580960E-014   1.4042925941915812E-017   1.4242961084011153E-017   1.1740952887111293E-016  -2.3559865662718060E-017  -9.3752821580123206E-014   6.3307554344366050E-017  -3.9716467340458027E-014   5.9381373361416239E-016   9.8205141478486540E-016  -3.0884774845264624E-017   1.1929572614508482E-016   1.5534243464795543E-015   5.2228059225791932E-017   3.4310413817276034E-016  -7.7211371660084506E-016  0.11995022750583714       -2.4014057930148712E-016  -4.3025069188050330E-016   1.3721236109386516E-016  -8.8743345572645991E-017  -2.7250438778472247E-016   3.4654286886213373E-017  -2.3889637969146931E-016   1.2092511409259706E-016  -3.8132061004992235E-017   6.6060681842755195E-017  -8.2224560150583193E-017  -5.1011108263408803E-016   6.3241674061269476E-017  -2.4386288998727356E-016   8.1193105788994792E-017  -3.7825442011920889E-016  -1.3496695957545938E-014   2.0822707683245157E-016  -3.7075974932897813E-015   7.8818288294813568E-017   9.0989379964826444E-017   6.6099945590497692E-018   7.4066296357557797E-017  -1.1515716643346719E-014   7.9593475471628374E-017  -3.7386559220302714E-015   2.0338364342698420E-017  -2.4598955545380709E-016  -1.5611316474139206E-017  -2.6671858361247841E-017  -4.3483484322008567E-016  -6.8581074450937120E-017   6.3500204528476041E-017   6.6122352557336647E-015  -1.1233495897659570E-003  -9.7824827172014054E-015   1.5219783047387139E-015   8.6441232363585863E-002  -2.0878760573999068E-015  -7.8728506811189787E-015   2.1657642059050317E-015   2.7333533542392698E-015
  -1.9595072834305086E-017  -9.1711229845629625E-016  0.15918932621735565        3.7802385752190141E-016  -2.9387313205655004E-016   5.4224350572371800E-017   6.5314883415076105E-016  -4.1924539903045548E-016   4.3790752005869435E-017   1.2762372727436284E-017  -6.4593759207009861E-015   2.5574423301242109E-015  0.18098096268974737       -1.8465004877989054E-014   1.0403241345739338E-015  -7.2033016055971543E-016   1.6746750358577636E-014   3.7962297932964543E-016  -1.8925200300640288E-017   5.8916071133091589E-016  -1.5403539460860861E-015   1.0499324109850367E-014  -7.5480219058275281E-016   3.2429366753054869E-014  -1.3821368001510114E-015   2.4441272725239640E-016  -3.0120359641257091E-016   1.3544116566777706E-015   6.6812832903035424E-016  -7.6912719214550548E-016   2.1065369233549914E-015  -1.6370682550438562E-015  0.11995022750596439        2.9163206599150847E-016  -1.0697119339112070E-016  -5.3218463716055276E-017  -2.4071196692076755E-016  -8.2067047301948307E-017   5.4281341342550452E-017  -6.3776932141596858E-017   4.6342042136841837E-018  -3.8883095345801153E-017  -6.8135733145823303E-017  -1.1236426167869961E-015  -2.1947475968946870E-016  -3.5131633302982332E-016  -2.4581535049705092E-016  -1.0740791293982106E-016   7.6783777247182263E-015   4.4379217011516384E-017  -6.6758260378846182E-018   6.8680298529578122E-017   2.4972801484141075E-017  -4.8951195246151596E-018   4.1364256498332322E-017  -8.0231413143560532E-017  -1.3330843425144105E-015  -3.2887987692813742E-017  -8.5197399712880602E-016  -2.4103977112513462E-016   1.0371373988861509E-018   1.2648857238142479E-016  -9.8031076653883610E-016  -1.1368097403492934E-016  -5.5742568629489078E-016  -2.6761937100751058E-014  -1.6049325506041637E-015  -1.1233495896446389E-003  -2.0965156109097538E-014  -2.8128799280504069E-015   8.6441232363676623E-002   2.0008280650040983E-014   4.9830409001898375E-015   5.7201006667915417E-015
  -5.6048955222353202E-015  -1.7556646206393233E-014   3.7802385752190141E-016  0.15282897612909924        2.7548153231990662E-015   8.3991400251005516E-016   9.4191397266355279E-016   4.2124967190803360E-015  -2.4895281390471175E-015   1.2379138351342832E-015   9.1120361781418866E-015  -4.5355650412972359E-014  -2.9520590569337139E-014  0.36132021851965440       -3.9580118260969263E-015   1.9191932185394638E-016   9.9483784586369778E-016  -1.4935594217860472E-015   7.0656021783418539E-016  -1.5596198248339899E-015   6.0601783215708397E-016   5.6162429640750718E-016   1.3178913526058689E-016   1.4013815495306724E-015  -6.9955124517642517E-014  -6.6824960894103591E-016  -1.0970264574850125E-015  -3.9662838227649977E-014   2.7268629918214851E-015  -3.4423260927502540E-014  -7.6931830897281328E-015   5.4020727153355839E-015   1.9889510623760166E-014   1.9869034813101549E-014  -4.3061722738370276E-016  -3.6046619992971941E-016   1.5721521727060500E-014   5.8085381072583399E-017   1.3155602085479683E-014   2.0101672389059299E-016  -1.3715475895065976E-016   2.6497278977439168E-017  -2.6892272233671885E-016   2.1901317922044648E-014  -1.6870465183729369E-016   1.2624571789672302E-014  -2.8859072721456598E-017   1.2855743990319553E-014  0.15573509868212046        6.7863619780143432E-016  -6.5153076440507182E-017  -1.9967360504229964E-017   1.0669642184620142E-016  -3.1306597344328749E-016   3.0499652707788425E-017  -1.6720320261848033E-016   1.9419583902792459E-016   4.4048489481870700E-017   3.5730091615828209E-016   4.5117184218108529E-017   4.4534002553321776E-016   6.6488453690272170E-016   1.8187518800094185E-014  -1.1495216030312784E-015   1.6586076659399195E-014   1.8887240732675865E-014  -4.6897501505428334E-014  -2.1632182889117829E-013   6.0719474607607862E-015  -1.3995578539460396E-013  -1.5631527614294680E-013  0.30324229069478392        5.7788307089462372E-003  -2.0329639384372174E-004
  -9.0675825741942578E-017  -2.7891411420559678E-017  -2.9387313205655004E-016   2.7548153231990662E-015   2.2024486225426531E-027   2.8853018746039458E-029   3.4407597042025889E-030   2.0414384186235403E-027  -2.2395626889182076E-028   1.9087821371633888E-027  -1.1323259497426969E-016  -1.8074935882253195E-017  -3.3953783703609830E-016   7.2714464277092411E-015   2.5402346955548172E-028   1.5451410960442763E-028   1.9806182586708217E-028   3.1126963340275003E-029   7.0319030072571976E-029   4.8756239894321560E-029   3.7057824307933450E-028   1.7280275767811436E-028   1.3874696987339406E-028   4.5836811326108526E-028   7.4300514089655118E-027  -1.9867785973818535E-029   1.7574520705471871E-028   8.5318459619946297E-027   2.8382331197361581E-028   8.5001394912118415E-027   3.3937807441270282E-017  -1.5846728083077817E-016  -1.6663447828424332E-016  -1.0581976048077717E-027  -1.6842441719285415E-029  -1.0894491315600073E-028  -7.0238203593994365E-028  -3.2741301192424871E-030  -6.2912740109262139E-028   2.0467623462311343E-030  -3.4302388183279751E-029  -7.4946735045979540E-030  -8.0384866441722076E-029  -1.1459691732123750E-027  -2.3509478842820482E-029  -7.9981690356854050E-028   2.0039836644345102E-029  -9.4104311380663257E-028   8.1545004592295667E-016   2.0613059304593330E-028  -1.7016982809294824E-028   1.2777173242245980E-028   1.4026607798681843E-028  -4.0751560651093232E-029   1.3856922579405221E-028  -3.7880750054853100E-028   1.7314821296539682E-028  -1.6336126146727876E-028   2.8187585830219000E-028   2.9125768851267521E-027   2.6759369316190563E-029  -3.9729226874977258E-029   1.4134055120251559E-027  -1.5199583440845778E-028   1.8572966882390128E-027   5.2853513990041163E-015  -7.1029676454931840E-015   2.8340652715322444E-015  -6.5061155404281605E-017   6.1228541495219356E-018  -1.6805523479011114E-016   5.5824176904403052E-015  -6.2107419183911615E-014  -1.4537345724840045E-014
   3.6521617073242964E-016  -5.4937802069403531E-016   5.4224350572371800E-017   8.3991400251005516E-016   2.8853018746039458E-029   9.6824110963625382E-030   7.0863427773294576E-030   4.3209359893458654E-029  -1.1108519133710898E-029   2.8530842898813469E-029   4.1733626827414251E-016  -6.2561049529896757E-016   6.4497895124494180E-017   1.9910498017074049E-015   1.0863687446576299E-028   1.2396177415445972E-028  -1.2865112814502893E-029   3.3070232343817927E-029   3.4998177706864171E-030   4.0539347326618583E-029   3.1992108959238289E-028  -2.0589788112052110E-029   1.3330314072969764E-028  -2.8653044003954888E-029  -2.9104416636036286E-028  -6.7618487344913710E-030  -4.6976796703270581E-030  -1.3253289549498444E-028   1.2592902432457700E-029  -1.0405041885486680E-028   2.5376881950378504E-016  -4.0360281003839408E-016   1.2120312368696696E-017   8.9841509286456907E-029  -3.5166884889741458E-030  -3.9335028392139714E-030   7.5299847744397152E-029   9.7997076569062755E-031   6.1817405028698909E-029   1.4781658677916275E-030  -1.0757608938431368E-030   2.0265336201164604E-031  -5.2473576898098883E-030   1.0179770147800759E-028  -1.0741576100832480E-030   5.8790222990822600E-029   5.2593282568361969E-031   5.5319426591643094E-029   8.4102744815822825E-016  -2.4018760775020608E-029   2.6061371484950242E-029  -4.9610334986864510E-029  -1.1289778399304769E-029  -2.2878056479799026E-030  -1.2208725971079953E-029   6.6409757002840334E-029  -4.4948003511335472E-029   2.6620383614963184E-029  -1.1383586564483068E-028   1.8680632929567644E-029   4.1761568995151451E-030   4.4027743367957648E-030   1.0801697864356834E-028  -4.8617701045935665E-030   1.0046285174723448E-028  -1.1097240178552332E-015   5.3911550286056534E-016  -1.4855051941790232E-015   2.0163065229203054E-016  -2.9991979432292501E-016   3.3891030544193637E-017   1.6674194134324382E-015  -4.4600837786980223E-016  -7.7462955346968568E-016
  -2.1412349828876587E-016   9.2891533533940229E-017   6.5314883415076105E-016   9.4191397266355279E-016   3.4407597042025889E-030   7.0863427773294576E-030   1.6979404273834057E-029   2.3347581688579122E-030  -1.4564266668536320E-029   2.3956118512288977E-030  -2.4120068905272796E-016   1.0768238864514426E-016   7.4918390939354549E-016   2.2281912946911580E-015  -1.6269150924347551E-028  -1.7749990973327852E-029   3.3854942110744495E-030  -6.7979423547704423E-029   3.3749498982700480E-030  -7.0526898188574696E-029  -4.2637244971749371E-029  -3.1784146039202488E-029  -1.5922245328373238E-029   4.0052819243515770E-029  -4.8551163020659909E-028  -9.4399263141100954E-030  -2.0294242377587754E-029  -2.6305658172486165E-028   2.2510758372450149E-029  -2.8176459253813143E-028  -1.8386919254821199E-016   4.9078099905055325E-017   4.2536831819535309E-016   1.3364264902423224E-028  -5.5297239614383897E-030   3.1773781294613746E-031   9.7826145498919425E-029  -5.3423863190511133E-032   9.2738134877875181E-029   3.6822709656716883E-030  -9.6496767734838298E-031   1.4812502710703236E-030  -3.0174491124501682E-030   1.3401682432992745E-028  -1.4141542566211765E-030   8.1841551776537857E-029  -4.1853681010676982E-030   9.9933419521563022E-029   9.5811410010215389E-016  -8.0087383475686680E-029  -2.9674896880710565E-029  -1.0680545134862511E-028  -3.2096907132259204E-029  -2.2074247575704061E-030  -3.9877092268869085E-029  -6.8297090448234827E-029  -1.0443491241157758E-028  -3.0715268874392892E-029  -2.8598174267078232E-028   1.1170016723544750E-030   6.6848000269562807E-030   9.9401866528074729E-030   1.0184236198565106E-028  -7.3673105591387849E-030   1.0443642049410120E-028  -1.1625680521021946E-015  -1.0815641667958068E-015  -3.4558464993261505E-015  -1.1278552043389748E-016   5.3677369357083394E-017   3.6499929709117327E-016   1.8690405476561992E-015   8.2490961449534524E-018   1.2533633293158802E-015
   3.6053452234099546E-016  -5.9874857427158199E-016  -4.1924539903045548E-016   4.2124967190803360E-015   2.0414384186235403E-027   4.3209359893458654E-029   2.3347581688579122E-030   1.9732801267319263E-027  -2.1794181854383479E-028   1.7900007480935441E-027   4.1059863323984129E-016  -6.8184911456504654E-016  -4.8755869536806585E-016   1.0645716275129745E-014   1.9179948226880881E-028   2.2937953111772485E-028   2.7009013566056502E-028  -3.0523408365565757E-030   7.1235887312472583E-029   1.5198627194748968E-029   5.8576489849465790E-028   2.5361792719523204E-028   2.1393367477253842E-028   4.6129719382214158E-028   6.1927953746331898E-027  -1.9426952368836312E-029   1.7493603660450421E-028   7.4050300946605646E-027   2.6085171025375396E-028   7.5463911455545159E-027   2.6450697324493608E-016  -4.3969830838894880E-016  -2.0579643659895448E-016  -7.9328898944169186E-028  -1.9376731448104186E-029  -1.1275407529917194E-028  -4.7549041710595817E-028   1.5228776259743990E-030  -4.6506546978651953E-028   2.4095681379943473E-031  -3.2768765215578033E-029  -9.1721920583093985E-030  -8.6739633229594227E-029  -8.2503997970424713E-028  -2.3449490323627471E-029  -6.0711615860713509E-028   2.7639279651398511E-029  -7.8615677405204749E-028   2.4824150223843056E-015  -4.7017251856410439E-029   3.4970820786698916E-029   1.9048263335889268E-028   2.4154160929284145E-029  -4.1971852152733307E-029   1.5518668749737325E-029   7.7765340969544365E-029   2.3558207346363250E-028   4.7535694358824245E-029   5.5570759859347955E-028   2.6282275784148860E-027   2.4453375973827445E-029  -3.5686412531390774E-029   1.5068666771357984E-027  -1.3942394505173465E-028   1.8583396269029360E-027  -3.7246507390706212E-016   5.9659609276923949E-016   5.6930897068874172E-015   1.9688108941479185E-016  -3.2689951185313419E-016  -2.4469128047560720E-016   8.4641316584798369E-015  -5.6494965941664187E-014  -1.8744491650594127E-014
   3.1168874989485832E-016  -1.8271595692173050E-016   4.3790752005869435E-017  -2.4895281390471175E-015  -2.2395626889182076E-028  -1.1108519133710898E-029  -1.4564266668536320E-029  -2.1794181854383479E-028   6.0340346570115377E-029  -1.6310016773176172E-028   3.5815278175502185E-016  -2.1099288561813324E-016   5.1396451872767109E-017  -5.9525459317731984E-015   1.2069260553741565E-028   1.8348194905204397E-029  -3.4670876226756235E-029   4.3529105734922545E-029  -1.6825581956347635E-029   4.8124595646154032E-029   5.3634547849321437E-029  -2.7537074543473993E-029   2.2710219970576317E-029  -7.8383509868780581E-029   4.8658393692358393E-028   9.5052979340113832E-030   1.0558291225957306E-029  -8.5103936069735015E-029  -7.3222451017471207E-029  -1.4204887789440650E-028   1.9658632956584273E-016  -1.0476605253439179E-016   1.6754764021542585E-017  -2.2953973228877156E-028   8.4334309688594473E-030   9.6496925927555160E-030  -1.8250543871731214E-028   9.7546087467891698E-031  -1.5676666897541459E-028  -3.2457139646954252E-030   4.6102752644693838E-030   4.7157262381100512E-032   5.0543337950989036E-030  -2.4479348775045360E-028   4.5311984140055640E-030  -1.2858727189301060E-028   2.5165475425144961E-030  -1.3767612584906571E-028  -2.3643444614816465E-015  -8.2948817567014378E-029   4.7331681275063975E-029  -3.3608073099114230E-029  -3.7547685393315352E-029   7.7801824578059358E-030  -3.7677055816186405E-029   1.0600701193479145E-028  -3.7876396439141020E-029   4.5780836247172737E-029  -6.9972219184532847E-029  -2.5920973522390614E-028  -8.4850378319949497E-030  -7.8331935500671411E-030  -3.8967257364969166E-028   3.3261800249745264E-029  -4.1053062559072054E-028  -1.9800772732775085E-015   1.7020918610589857E-015  -8.3965313749303512E-016   1.7517190633273432E-016  -1.0430890979737158E-016   2.6291917167260998E-017  -4.9497838725156765E-015   5.2518366383798655E-015  -8.1472413324716172E-016
   6.6605379936943434E-016   2.6888110758583018E-016   1.2762372727436284E-017   1.2379138351342832E-015   1.9087821371633888E-027   2.8530842898813469E-029   2.3956118512288977E-030   1.7900007480935441E-027  -1.6310016773176172E-028   1.7177252512742680E-027   7.6321178391287523E-016   3.1627544835392686E-016   1.5732749719370812E-017   3.5834570433046517E-015   3.0992274291529636E-028   5.6089108017453842E-029   1.4272563843659909E-028   2.4104572965090543E-029   5.3581685815899874E-029   5.2210470040577034E-029   1.3820304700030687E-028   1.0815099484800957E-028   3.7951215046791021E-029   3.5231944791081349E-028   7.2877466506884148E-027  -2.3058696244668053E-029   1.7880311201212275E-028   7.9488121237866132E-027   2.0451677600500356E-028   7.8820170220719055E-027   4.4158115679124423E-016   9.5877016539850607E-017  -2.7158203630104895E-018  -1.1598216015514096E-027  -1.0858808073187677E-029  -1.0557632254411280E-028  -7.6847643139135958E-028   1.5023598310807533E-030  -6.9465251195216590E-028   3.6036094155480619E-030  -2.9732901079719483E-029  -5.5851463861537936E-030  -8.7985987443835434E-029  -1.2366883438761543E-027  -1.9519091870210924E-029  -8.2871947233525690E-028   2.8073794341750881E-029  -1.0001794723400289E-027  -4.7057338287173340E-016  -1.7968489755439853E-028  -1.3880047369722287E-028   8.2118797869286492E-030  -2.5562130610468105E-029  -3.4531361061938429E-029  -4.3665933146528505E-029  -3.1873862281351491E-028   5.8159041484077113E-029  -1.3206289936796380E-028  -6.8085441729423697E-031   2.5094404811911599E-027   2.4490212937249810E-029  -3.8439063849257926E-029   1.0829048777786559E-027  -1.1507615053026644E-028   1.4805426903019813E-027  -3.1206073590959505E-015  -5.5173015408169543E-015  -6.3739930574749116E-016   3.7100277056221077E-016   1.6251895706014197E-016   8.8383003689619044E-018   2.5574182299404410E-015  -5.4164189602888029E-014  -1.8071854875377211E-014
  0.18098096268965452       -1.9247786034626919E-015  -6.4593759207009861E-015   9.1120361781418866E-015  -1.1323259497426969E-016   4.1733626827414251E-016  -2.4120068905272796E-016   4.1059863323984129E-016   3.5815278175502185E-016   7.6321178391287523E-016  0.20576290637269809       -2.5388780757620767E-017  -1.4420183152150527E-014   2.6837405140509607E-014   8.4266139892060394E-014  -2.5722667219730041E-016   7.5601193191207412E-017   3.0784493698329948E-014  -1.5847478161293983E-017   3.4602878338717989E-014  -4.5831592143160847E-016   1.7853494271359913E-017  -2.8222659033534509E-016  -1.7498030189369401E-016   2.0006431232948187E-015  -1.8325992773264559E-016  -3.6593002133597362E-016   1.2066134149976966E-015  -1.3387871482746148E-016   8.5260951441375955E-016  0.13629757270275419       -1.1595944940759034E-015  -2.4793238132392849E-015  -3.8056469580386446E-016  -1.3749067215389806E-017   8.0809492268753123E-017  -1.6700589198906818E-016   1.0332196149265315E-017  -1.5595657454882456E-016   6.2470524356646029E-017   2.8295195453116614E-017   1.9563904036172720E-017  -9.1334955444747580E-017  -3.1705236513101793E-016  -6.8917397146770373E-019  -1.8062802079897063E-016  -8.1580712117113004E-019  -3.4139019964859444E-016   1.0716591208916549E-014   1.6864374328896147E-014  -2.8997943109667432E-017   8.0752461940475236E-018   6.4810704401140781E-015   4.3203600661370375E-018   7.9875482523091242E-015  -1.0685854047084518E-016  -4.7201404708444690E-017  -2.5645559038490747E-017  -3.8938460677125788E-017  -1.5149249396346139E-016   1.2538616827154058E-016   6.6615409837807436E-017   1.8910115963140183E-016   8.7994869030921491E-017   2.4637373044206490E-016  -5.0392404165272280E-003   2.0788536231912034E-014   1.8775397808298519E-014   9.8285550920083953E-002  -1.0682146537032443E-016  -3.0275237992162929E-014   1.9692615232615276E-014  -3.9465499666385298E-015  -4.3370086721707883E-015
   3.3316707327373685E-015  0.18098096268996802        2.5574423301242109E-015  -4.5355650412972359E-014  -1.8074935882253195E-017  -6.2561049529896757E-016   1.0768238864514426E-016  -6.8184911456504654E-016  -2.1099288561813324E-016   3.1627544835392686E-016  -2.5388780757620767E-017  0.20576290637359004        2.2820502019922300E-015  -3.8229203472867710E-014  -5.4674250679060183E-017  -4.2043728923411420E-014   4.2087833307399210E-019   1.5013344897707212E-017   1.3302034324122357E-016  -2.7234753072760286E-017  -1.0653102314553811E-013   5.6894148540658555E-017  -4.5123888412889515E-014   6.9764451852337772E-016   1.1612805295600041E-015  -3.8416260111922210E-017   1.3611184737181352E-016   1.8359551508853950E-015   6.4122734288733446E-017   4.2818120894746605E-016   4.9697880546269834E-016  0.13629757270294166        3.0641241150970163E-015  -5.0547656494839579E-016   1.5747080739710032E-016  -1.0275425604935602E-016  -3.2051780914546128E-016   3.9200882966273916E-017  -2.7749940723706544E-016   1.3919021287747927E-016  -4.3402836860068534E-017   7.6009180059781187E-017  -9.4736107092488518E-017  -5.9821292942886202E-016   7.1277692095255591E-017  -2.8562780094014310E-016   9.3710506718783495E-017  -4.3990040583897417E-016  -4.0710910917497094E-014   2.3568292158180854E-016  -4.3105452719910808E-015   1.0177046555563630E-016   1.0490429759342458E-016   7.8448335746027159E-018   8.3644418165334305E-017  -1.3296754944896081E-014   1.0353282951601997E-016  -4.3465058782318232E-015   1.9025040047182403E-018  -2.7679598705580003E-016  -1.5905522019444174E-017  -2.9482777359277722E-017  -5.0208507729893921E-016  -8.1744921302440835E-017   7.7192620147295615E-017   1.8068144460417317E-015  -5.0392404162247512E-003   2.1115606314757150E-014   2.6817700276070810E-015   9.8285550920318432E-002  -5.2463962564253426E-016  -5.9115553038566808E-014   1.7284009898200284E-014  -4.6316253431640350E-015
  -6.0719172373057576E-015  -1.5387767099688261E-015  0.18098096268974737       -2.9520590569337139E-014  -3.3953783703609830E-016   6.4497895124494180E-017   7.4918390939354549E-016  -4.8755869536806585E-016   5.1396451872767109E-017   1.5732749719370812E-017  -1.4420183152150527E-014   2.2820502019922300E-015  0.20576290637299760       -9.4232489587205660E-014   1.1839526225973032E-015  -8.2166174000897488E-016   1.8966849206478084E-014   4.2922701494729593E-016  -2.1728352045713886E-017   6.6873417611909362E-016  -1.7521932544507019E-015   1.1857724475946352E-014  -8.5780494732738013E-016   3.6753732125207124E-014  -1.5760543283170091E-015   2.7131731161170390E-016  -3.4518098133746874E-016   1.5458318264029820E-015   7.5823129002028769E-016  -8.9127991967696558E-016  -1.0919190690549450E-015  -2.1985424764781182E-015  0.13629757270284606        3.2813654608419995E-016  -1.2260395811634702E-016  -6.1550228073539206E-017  -2.7791989081200811E-016  -9.2720284295938195E-017   6.2714169329761639E-017  -7.0880750697925500E-017   4.6422482480622015E-018  -4.3229149066638797E-017  -8.0619541817860685E-017  -1.2828121738793821E-015  -2.4868226586739331E-016  -3.9952905168061908E-016  -2.8017429419656661E-016  -1.1668084105865289E-016  -1.6798664740115173E-014   5.0316552788326912E-017  -6.8371835794364632E-018  -4.1608767272534435E-017   2.8990995873803725E-017  -5.6523133241194606E-018   4.6229425713784557E-017  -9.3790173901127467E-017  -1.6288494667470369E-015  -3.8468766087556326E-017  -1.2714500784826357E-015  -2.7535741995404138E-016   4.3811822865237477E-018   1.4615176157648307E-016  -1.1205442613508893E-015  -1.2786976040628739E-016  -6.3643596504950090E-016   1.9223452072028342E-014  -2.4031441026422019E-015  -5.0392404166852327E-003  -2.8192350419502274E-014  -3.7936035740299023E-015   9.8285550920264336E-002  -3.5855865213711978E-014   1.5250139125500479E-013  -4.2503638494281800E-018
  -8.7337685237946617E-015   1.8890718410012682E-014  -1.8465004877989054E-014  0.36132021851965440        7.2714464277092411E-015   1.9910498017074049E-015   2.2281912946911580E-015   1.0645716275129745E-014  -5.9525459317731984E-015   3.5834570433046517E-015   2.6837405140509607E-014  -3.8229203472867710E-014  -9.4232489587205660E-014  0.85453487970318798       -9.2972470766424604E-015   4.8998358024558154E-016   2.4188844141007139E-015  -3.5399887533047990E-015   1.6908773529883347E-015  -3.6859403775368213E-015   1.5153716087489537E-015   1.3765498597707334E-015   3.4169997504065643E-016   3.4364494393740091E-015  -1.6242890124669974E-013  -1.5784209049359164E-015  -2.5707433117809795E-015  -9.0559470229948336E-014   6.5516720255039258E-015  -7.8261949802468183E-014  -1.5834314332742230E-014   5.3159759758677714E-014   4.0074891193645520E-014   4.6546627557832339E-014  -1.0319564565048496E-015  -8.6766617936955869E-016   3.6846731815553911E-014   1.3207975513195426E-016   3.0842785491166441E-014   4.7612490915377317E-016  -3.3434258002120454E-016   6.0327548666700229E-017  -6.4996011644545419E-016   5.1280975905117437E-014  -4.0624767706154112E-016   2.9505154042523049E-014  -7.7387115243199729E-017   3.0061954096586225E-014  0.36742070307427566        1.5718822786562025E-015  -1.5079503189421282E-016  -4.3300868912532747E-017   2.6068179031667761E-016  -7.5449884975546647E-016   7.4629097616870501E-017  -3.8854017208926006E-016   4.7815845551969638E-016   1.0919333984806166E-016   8.7272793346775766E-016   1.2358328158437837E-015   1.0615965997217030E-015   1.5650797928785136E-015   4.3427652893243028E-014  -2.7666875755987707E-015   3.9831351936113407E-014  -6.0795002947320786E-015  -3.9262716572522582E-013  -2.0640282807843855E-013   1.7930802686650081E-014  -2.9928561666292459E-013  -3.9355279057555901E-013  0.71697428883332948       -1.0247472396381621E-002   1.0582087387396425E-003
   7.4245480133939360E-014  -5.0686046732346123E-017   1.0403241345739338E-015  -3.9580118260969263E-015   2.5402346955548172E-028   1.0863687446576299E-028  -1.6269150924347551E-028   1.9179948226880881E-028   1.2069260553741565E-028   3.0992274291529636E-028   8.4266139892060394E-014  -5.4674250679060183E-017   1.1839526225973032E-015  -9.2972470766424604E-015   3.7579312443976341E-026  -9.4203957836165072E-029   8.9655086907718867E-029   1.4052848231224777E-026   1.0800303148369395E-029   1.5648965188211130E-026  -1.6156404748261870E-028   5.9828471143170793E-029  -9.6255026765932520E-029   1.6446823097927798E-028   3.1169299082375192E-027  -3.6855163131640938E-029   2.8727846387556952E-029   2.3761369768290857E-027  -4.2371130200027359E-029   2.2311638119221977E-027   5.7385070030818612E-014  -6.7934188150369717E-017   7.7162109111745510E-016  -7.4060407271347813E-028   4.6270151512254371E-029  -1.8552236356013743E-030  -5.9313893313392956E-028  -9.7357211551623188E-030  -5.0928827415590948E-028  -9.2835385370416155E-030   1.9466071213102214E-030  -3.1365680397775362E-030   8.9017174318022611E-030  -8.0147044859779476E-028   8.4820650028316671E-030  -4.8757579864391252E-028   2.9491599970206271E-030  -5.4107168766747257E-028  -4.1912049735253593E-015   1.1072197270981398E-026  -2.6379211998727144E-029   2.3537524852873944E-029   4.3708076327418875E-027   2.1310992488174266E-029   5.2191871847608304E-027  -1.2437839459488756E-028  -8.0407232293283232E-029  -5.3906030134849026E-029  -8.6495395319167656E-029   2.9326762080337390E-028   1.6485419129173542E-029  -6.3461010386883188E-029  -3.2545619510520522E-028   8.4211914519506630E-030  -2.8513329169952205E-028   7.3923232183741546E-014  -1.5366396369069424E-015  -6.4143531125014720E-016   4.0093053766081337E-014  -2.2920934145125645E-017   5.6680392943128418E-016  -7.8442377921080590E-015  -5.0748066846864277E-015  -7.7161361559862815E-016
  -2.2661787903124115E-016  -3.7004288889580960E-014  -7.2033016055971543E-016   1.9191932185394638E-016   1.5451410960442763E-028   1.2396177415445972E-028  -1.7749990973327852E-029   2.2937953111772485E-028   1.8348194905204397E-029   5.6089108017453842E-029  -2.5722667219730041E-016  -4.2043728923411420E-014  -8.2166174000897488E-016   4.8998358024558154E-016  -9.4203957836165072E-029   8.7056337616257114E-027  -9.8616205086399461E-029  -5.3924192467683578E-029  -2.5494557681653952E-029  -4.7606485763746294E-029   2.2013725818697873E-026  -8.0449482602903248E-029   9.3462083143856763E-027  -1.4302439537819361E-028   2.1168514228681646E-028  -3.8848919069477621E-030  -2.2292221357191843E-029   2.2233115331640542E-028   1.8792655035404484E-029   4.0231765689702083E-028  -1.7492385899428575E-016  -2.8146356212073852E-014  -5.1530640246759817E-016   1.4423458361994726E-029  -2.8071512426690881E-029   1.2276288851975712E-029   8.2293514403712289E-030  -9.1794352625305216E-030   1.8952326846768628E-029  -2.1868527596696647E-029   7.4970755886513099E-030  -1.2514522063392502E-029   1.4045445557457066E-029   2.6926494752673900E-029  -1.7404890222825394E-029   2.5482338576583560E-030  -1.3639376266887654E-029   2.7136063070693411E-029   1.0161022187782763E-016  -8.8675806347932879E-029   5.1670550284446222E-028   7.0869498427424681E-029  -2.8118807949277823E-029  -2.4778395286364013E-030  -3.4414025044561327E-029   1.9386536688452781E-027   8.0179860525430858E-029   5.2280737786931824E-028   4.0521401526505130E-029   2.0680639265319517E-028   1.0629547577360928E-029   7.9476837278116896E-030   1.5476435936509882E-028  -5.1266593601425086E-030   1.0311815977451235E-028  -2.1367843649467114E-016  -1.3349558979707525E-014   1.4245291650437463E-015  -1.2241096196219474E-016  -2.0052908042415325E-014  -3.9539581434963861E-016   3.8629347841158447E-016  -2.9089817205010133E-015   2.1438425502762427E-016
   6.5581597752815764E-017   1.4042925941915812E-017   1.6746750358577636E-014   9.9483784586369778E-016   1.9806182586708217E-028  -1.2865112814502893E-029   3.3854942110744495E-030   2.7009013566056502E-028  -3.4670876226756235E-029   1.4272563843659909E-028   7.5601193191207412E-017   4.2087833307399210E-019   1.8966849206478084E-014   2.4188844141007139E-015   8.9655086907718867E-029  -9.8616205086399461E-029   2.5441303086789526E-027   5.5821872346509899E-029   1.0490296377977086E-029   6.5797420185578606E-029  -2.5561587905918333E-028   1.9446745774282293E-027  -1.4231864970527921E-028   4.5561578508823941E-027   1.2122554051573122E-028   9.3153416927413416E-029   3.6770798311323927E-030   4.8526770730195613E-028   1.1012075667586144E-028   5.8455019796806407E-028   3.8911263398048087E-017   1.6728551465403341E-016   1.3348515283213971E-014   1.0368490969732232E-028  -8.8256810238953291E-030  -2.2551318911010468E-030   5.6387090864415066E-029  -1.3723143053269540E-029   1.7422091349151608E-029  -2.5312903586955771E-029   3.2424589044078413E-030  -1.6324561818368240E-029   1.7712014094105642E-029  -1.8705119560649328E-029  -3.3017508638379791E-029  -2.6082413651267807E-029  -2.0143795121616043E-029  -6.5415167244276529E-029   8.3791738717830567E-016  -1.8542320282317092E-029   1.9707623670140309E-028   1.1816038260503380E-027  -1.3895607481905759E-029  -5.7353858440481280E-030   3.4780790419427287E-030   4.5626002386379124E-028   9.7406226045177668E-028   2.1555122242069861E-028   3.0017939597889440E-027   2.3647935383314766E-028  -3.1123959550152317E-029  -1.1511265042600898E-029   1.8899871070022931E-028  -3.5272768963129929E-029   2.0286047921531781E-028  -5.4333377301272390E-016   8.0980268611698004E-015   3.7592492320847874E-014   3.7236848489360279E-017  -1.6621798107426677E-017   8.9807232284914794E-015   1.9842208861328587E-015  -5.4579837822944119E-015  -1.4481658548476084E-015
   2.7138106191618803E-014   1.4242961084011153E-017   3.7962297932964543E-016  -1.4935594217860472E-015   3.1126963340275003E-029   3.3070232343817927E-029  -6.7979423547704423E-029  -3.0523408365565757E-030   4.3529105734922545E-029   2.4104572965090543E-029   3.0784493698329948E-014   1.5013344897707212E-017   4.2922701494729593E-016  -3.5399887533047990E-015   1.4052848231224777E-026  -5.3924192467683578E-029   5.5821872346509899E-029   5.2945188860911914E-027   5.3363890480888593E-030   5.8789925527583353E-027  -1.0664100449563008E-028   5.2284674601823133E-029  -5.6098889490161495E-029   8.8603154314997327E-029   8.0296187327593993E-028  -7.1743398725877806E-030   2.3257363733198906E-029   5.2023903943791435E-028  -2.0919271079332443E-029   5.1142303860016306E-028   2.1140140779974137E-014   2.2621306009666105E-017   3.0987055862172722E-016  -2.1677241738418564E-028   2.2927220060150722E-029  -1.1857888140745094E-030  -1.8499905895859002E-028  -4.6386535952025941E-030  -1.6314549086435512E-028  -8.0128279096398700E-030   9.3943072687694043E-031  -2.6602418022345402E-030   1.2265870336388036E-029  -2.3327467765485323E-028   4.6575797428111704E-030  -1.4203235491258404E-028   1.6338692771968507E-030  -1.5916509831429907E-028  -1.4990395713572189E-015   4.5191138659683976E-027   2.1125996663896378E-029   5.4668622949043035E-029   1.7879861154891112E-027   1.0914261343404068E-029   2.1256857994454855E-027   1.6126904242414851E-029   4.1161227240988402E-030   8.8298337509147428E-030   8.9247760538206548E-029   3.1267498198152673E-030   2.4635289699110527E-031  -3.1498619327523485E-029  -1.6547716706735349E-028   3.9604552677901430E-030  -1.8261331959729916E-028   3.5538301899624684E-014   6.1430435314181915E-016   1.2283950224886944E-015   1.4629253729417546E-014   5.8944179627513143E-018   2.0245262896242955E-016  -2.9648501150294569E-015   6.5275077037487091E-016  -1.5604471109816763E-016
  -1.2562985116387915E-017   1.1740952887111293E-016  -1.8925200300640288E-017   7.0656021783418539E-016   7.0319030072571976E-029   3.4998177706864171E-030   3.3749498982700480E-030   7.1235887312472583E-029  -1.6825581956347635E-029   5.3581685815899874E-029  -1.5847478161293983E-017   1.3302034324122357E-016  -2.1728352045713886E-017   1.6908773529883347E-015   1.0800303148369395E-029  -2.5494557681653952E-029   1.0490296377977086E-029   5.3363890480888593E-030   5.2252338523340912E-030   5.4301712799827242E-030  -6.3620741327151675E-029   8.7011885674137828E-030  -2.8517640244032525E-029   1.5011245625155476E-029  -9.9665235274931162E-029  -2.6483891683820060E-030   1.0481713892060321E-030   5.5840649283396680E-029   1.9091586657173747E-029   8.0844439502246497E-029   6.3078403455514540E-018   9.3121588029430569E-017  -1.2118482067211412E-017   5.6845311754086392E-029  -1.9851722335646300E-030  -4.3627234149737166E-030   4.7479156967198596E-029   5.6879342714759830E-032   3.8395464551873088E-029   5.1416200433244316E-031  -1.5821975888837394E-030  -2.3454856344274298E-031  -2.5763327956345358E-030   6.2832156143527913E-029  -1.1359846245730420E-030   3.2045044736987786E-029   2.1276076167849362E-031   3.0081824794043134E-029   6.6647481648444934E-016   4.4687375864094352E-029   3.5188264814672033E-030   3.3959188577597227E-030   1.8910741949918517E-029  -2.2976201599953404E-030   2.0726951462571961E-029   4.0775283979259253E-030   4.7777452671488044E-030   3.9883357430808912E-030   1.4270237655375440E-029   7.9196391997516583E-029   2.0813206040238019E-030   1.0074572100854540E-030   1.1390804619184552E-028  -8.9004895173131613E-030   1.1756897352889993E-028   8.1526161066045315E-016   2.3961386519224955E-016   1.1081626904882412E-016  -9.2625867993626355E-018   6.3034500184517501E-017  -1.0607957355513633E-017   1.4050783359117966E-015  -1.6435055155677138E-015  -3.1918735174944618E-016
   3.0497787644433831E-014  -2.3559865662718060E-017   5.8916071133091589E-016  -1.5596198248339899E-015   4.8756239894321560E-029   4.0539347326618583E-029  -7.0526898188574696E-029   1.5198627194748968E-029   4.8124595646154032E-029   5.2210470040577034E-029   3.4602878338717989E-014  -2.7234753072760286E-017   6.6873417611909362E-016  -3.6859403775368213E-015   1.5648965188211130E-026  -4.7606485763746294E-029   6.5797420185578606E-029   5.8789925527583353E-027   5.4301712799827242E-030   6.5358383175413612E-027  -8.8058822990843635E-029   5.1262652806672606E-029  -4.8741859360559100E-029   1.1183989274453526E-028   9.2829736001459838E-028  -1.0727720956106693E-029   1.3014699592328500E-029   6.4301088331225386E-028  -1.7426003292270609E-029   6.0870250940592234E-028   2.3683861568318168E-014  -1.3218596246469178E-017   4.5479910971008778E-016  -2.3619807955365133E-028   2.1753299491030898E-029   1.5821274719729948E-030  -2.0245125806003793E-028  -5.2297295381176877E-030  -1.7350395024128040E-028  -6.6798063773854964E-030   1.2135754054131954E-030  -2.1842918741599665E-030   1.1643476029028647E-029  -2.5965311323454430E-028   4.3434666469593841E-030  -1.5815412360334192E-028  -6.4965441700521107E-031  -1.6970321022688464E-028  -1.5918517828378554E-015   4.8692124736789594E-027   1.2230292511576612E-029   3.5142771202550318E-029   1.9246139729906041E-027   1.0783606660315436E-029   2.2917064992828658E-027  -3.6621071666564876E-030  -1.7629567687416713E-029  -7.1973806347228607E-031   3.1520676556937019E-029   3.9637480096851591E-029   3.3133539739085099E-030  -2.9576096395101706E-029  -1.5819835695077087E-028   3.5064592338087357E-030  -1.6420904153964119E-028   3.6143937974441300E-014   2.3446943125167046E-016   5.5719559532788675E-016   1.6451706531911144E-014  -1.3494763913076709E-017   3.1823876081648612E-016  -3.0944369653940396E-015  -1.2537819553921032E-016   6.6483745880305961E-016
