  0.12627471195021878       -1.0512057003315645E-015  -2.5117299212923990E-015  -4.4205366677016175E-016   8.9299030368560443E-017  -9.5437922410832213E-017   5.3462583776312123E-016  -2.6879530142416570E-016   6.0951553107152023E-017  -5.0574147942524693E-016  0.20155394249717595       -1.4618983832441860E-015   4.1996450812150655E-015  -1.9815147046980763E-014  -7.8258796696434748E-017  -4.1444336458893777E-016  -7.9877890479503545E-015  -1.7655619275809258E-017  -7.7654075699023561E-015   2.0590546377510669E-018  -1.5253248556634660E-016  -1.3762147974913497E-016  -2.6749194565091756E-016  -5.1829578718375052E-015  -6.6879533387561801E-016   1.1806314019585791E-016  -1.8111336949688920E-016  -7.2552233590505842E-017   8.1823824238118007E-017   4.2700439463619267E-016  -2.2864955195085800E-017   1.9906724158624511E-017  -1.2028720677753635E-017   3.7638703204149708E-018  -5.2700812024875961E-018  -2.5078826304434799E-017  -1.2211220778146138E-017  -1.3822952872031336E-017   2.0635710942230919E-017   2.6913900527452828E-017  -6.4876432828045189E-017  -3.4140918392195655E-018  -4.2341268185640626E-017   1.1281605914361556E-018  -5.8753397214110902E-017  0.14125916296686128       -1.1183463052028459E-015  -2.1902223488905443E-015  -1.8936843693874247E-015   2.0274990259553069E-014   1.3852996159166359E-017  -8.1733964563258795E-017   9.9363840503006152E-015  -2.5760399286163662E-017   9.4284200153269247E-015  -2.3626255651741479E-017  -1.3268426627606452E-018   2.9267014377471292E-017  -2.4287120896571286E-017  -1.2051713391533398E-017   3.9853560698363717E-018   1.9170130853247454E-016  -1.0532089280670284E-016  -4.0926819692464095E-018  -2.2577727172886454E-016  -1.2851549489710972E-003   1.8168396428314610E-015   7.3175745976086016E-015   9.6001929815569362E-002  -8.0349743240244602E-016   7.8194539323062812E-015  -3.5921362986788101E-015  -9.1919439118835302E-015  -8.8491961751969861E-016
  -1.0512057003315645E-015  0.12627471195026485        6.1037473384054697E-016   1.4965619586774637E-015  -5.5663738910245988E-016  -5.6809836463722092E-016  -1.5952610866563333E-016   6.6150078458010153E-016  -6.1100249778336575E-016  -4.9059281129106360E-016   6.8611340410263916E-016  0.20155394249708225        2.1836313326357777E-015   5.3974894466286699E-017   8.0222845634068668E-015  -3.5894124307618070E-016  -2.9369184293441866E-016  -3.0318604714572269E-016   2.0684212312997526E-016   1.8249766654184494E-014  -6.7841616330686852E-016   9.3256669151733992E-015  -8.0306252600439932E-016  -8.2651943008631887E-015   1.7392658110933605E-015  -6.6777808877384739E-016  -6.8822710773620011E-016  -1.4611528939948324E-015  -2.8792222396981621E-017  -1.0544211901031713E-016  -1.1789908988332300E-015   4.0591746200852246E-016   3.5002895313858555E-016  -2.8293564652129160E-016   3.4634444128701986E-017  -4.2273798810393688E-016   4.1068977686285072E-016   1.6499461728699940E-016   1.6404552154285735E-016   3.6179526042020332E-016   2.8956766303329430E-016   7.2342940447009779E-017   5.4911976600399019E-017   4.3951348548952440E-017  -7.0651190167725505E-017   1.3053616774153748E-015  0.14125916296698132       -1.5898527739409247E-015   2.6558312840239205E-015  -6.1559566519848971E-016   1.7010746043981800E-015   1.2157444536981053E-016  -1.8546572057198082E-016  -7.1821817006418231E-017  -4.7051466232256317E-016   3.8622735261776957E-015   3.1698100870809236E-017   1.8938272744889695E-015   5.0410944834968565E-017  -1.0577814190902700E-015   2.4121168359824729E-016   1.1184760045208109E-016  -2.4754247112533017E-016   2.4355430863111895E-016  -6.0290167687199196E-016  -3.1875564290256376E-015  -1.2851549492120299E-003  -9.4542865597199330E-016  -3.2881531314685279E-015   9.6001929815375892E-002   8.5121755532600091E-016   7.7798825121765730E-015   1.3973944062458030E-014   6.7247673717858467E-016
  -2.5117299212923990E-015   6.1037473384054697E-016  0.12627471195027345       -3.3568051356696844E-015   1.9288466964195952E-016   3.2612334305972013E-016  -5.0266659707502728E-016   7.8960396149409696E-016  -7.8414332087903535E-017   4.0238157801917678E-016  -1.2165979727106813E-015   2.1021988641940286E-015  0.20155394249703690       -2.5905571097215520E-016  -5.3094844581179079E-016   2.2616243320680617E-014  -2.0181861458333890E-016   8.9287888219153362E-017  -6.5923250981348844E-016  -1.3565662534407598E-015   2.3786604337405608E-014  -6.3531010634144934E-016   5.3398742724855493E-014  -1.4808504938552046E-015   4.0232529422919482E-016   1.4504537170301558E-016   6.1126482751756361E-016   4.8036603303437583E-016   1.0826451144718743E-016   7.9627482882674378E-016   3.0556603147083059E-016  -1.4725460351444198E-016  -1.0049414040218286E-016   3.3667878829155462E-017  -1.1614373172135402E-018   1.1249774414916302E-016  -1.0510786358982857E-016  -5.1109517020267948E-017  -5.2332894716551449E-017  -7.3183596934298286E-017  -1.0164592656656138E-016  -1.0686278985260314E-017  -2.1641476562046822E-017  -1.1969252495927472E-017   5.3558614179001923E-018   5.9972035376989281E-015  -1.0054100928033867E-015  0.14125916296701851       -2.7592900998288987E-015  -3.2689196595830759E-015  -4.0409180234251309E-017  -1.2378243017914389E-015  -1.4431457809289263E-015  -5.4516447035128066E-017  -1.4354152690716975E-015  -4.2176560353835269E-017  -1.7755376582190186E-015  -5.1721101565411147E-017  -3.7507241201591744E-015   5.5898976032097644E-016  -1.6804959461799737E-017  -1.9881798109463871E-016   5.6768214212014621E-016   1.3561065807178788E-017   3.4680675169278649E-016  -8.3673039982084268E-015  -2.6114748954377828E-015  -1.2851549491681772E-003  -1.2609637576586189E-014  -2.8149392835863586E-015   9.6001929815411530E-002  -5.6126726867179900E-015  -1.6030946397553527E-016   5.2409144691241035E-015
  -4.4205366677016175E-016   1.4965619586774637E-015  -3.3568051356696844E-015  0.15534583875219282       -1.1325673074442265E-014  -5.0788483438396988E-017  -4.7483568881793515E-016  -1.5170081349975804E-014   5.1236943464467642E-016  -1.4390815547985529E-014   6.8081295397178565E-015  -3.0082384119810645E-015  -4.0568692192429792E-015   2.6999801846071777E-016  -6.2284045306819780E-017  -9.2919266128916320E-017   6.9523726973155449E-017  -2.3580540528492060E-016   3.0870951451625487E-017  -5.5285797517302677E-017   8.6064911728380257E-016   1.1998444696082081E-016   2.3612993971418466E-016  0.37166063012663714       -2.7094709242893579E-015  -2.4859103320245290E-016   7.3399753074133741E-016   7.7489854953225957E-015  -6.7356193178726959E-016   5.3793378286317570E-015  -3.5721943861422050E-014   1.9934774440372826E-016  -4.0873495776466383E-017  -1.9444102866817046E-014   4.4422610135510182E-017  -2.0604976205634220E-014   3.3031709091007519E-016  -1.2878932366301055E-017   6.7942697372730021E-017  -8.1873793772434302E-018  -3.6187328475221601E-014   1.0493732019504031E-016  -2.0174747660319351E-014  -2.7170501468611851E-017  -4.0704703205804386E-014  -6.1446649045841234E-016   6.4835768328013012E-015  -2.6035523407599963E-015  0.15481678698404036       -9.9377200322120722E-016   1.9595235503192814E-016   1.6474216866658587E-016  -8.4840349084397615E-016   2.0605391348463530E-017  -5.9622787332657311E-016  -2.3993065665175065E-016  -9.6276273462497216E-017   1.4466402080193678E-016  -1.0601287615164603E-016  -9.2560139483196356E-014   5.9206458923493441E-017  -2.7155367829749146E-016  -8.2303521463949461E-014   1.3822766296501897E-016  -8.2060914230987781E-014   1.8854484109561588E-014  -4.8836461048768369E-014   5.5177120590427330E-015   1.9773014299235096E-014  -2.5187312606888768E-014  -1.4629523520563099E-015  0.31937174500057725        4.9383042094439328E-003  -2.3003265421775269E-004
   8.9299030368560443E-017  -5.5663738910245988E-016   1.9288466964195952E-016  -1.1325673074442265E-014   2.7141010546966101E-027  -1.5449838462615408E-029   1.0529663251909806E-028   2.9234223193559470E-027  -1.0743065493971525E-028   3.0285042199748370E-027   1.4218159503730923E-016  -8.8969505132854564E-016   3.0746642491718996E-016  -2.8556577976164620E-029   1.6838535159883907E-029   6.4440002569836888E-029  -5.3191982180555812E-029   4.4904399829959084E-029   2.8069683600044493E-029  -4.2156556695811369E-029  -9.9479712853420665E-029  -3.9091844073662689E-029   5.9128174789576743E-029  -2.7802540096245450E-014   1.3840073328417509E-026   1.0246016129668441E-028  -1.2379050497947839E-028   1.2940747980265981E-026   1.1744293939110039E-028   1.3466569993202766E-026  -2.5171340773820163E-028  -5.3243665039806226E-029   6.7004523889510871E-030  -2.0300595036177357E-028  -9.9235827409892240E-031  -2.1828175645282280E-028  -7.9249001057758908E-029   2.1575526658183619E-030  -6.4979638991736076E-030   1.2726039845825515E-029  -2.6752238481674577E-028  -3.1624518723097069E-030  -2.5406381218109915E-028   1.2860371150976052E-029  -1.7726716199925255E-028   1.0729794879274834E-016  -5.9722860631282882E-016   2.2430336545833514E-016  -9.0821974725320301E-015   1.3124574249535180E-030  -1.0128862022962998E-028  -1.0731143283116276E-028   7.4839930432003336E-029  -8.6041331649303989E-030   1.4840437461028605E-030  -7.3347878075487481E-029  -2.5834471298358197E-029  -9.3735686171473209E-029  -1.1023831682883631E-028   9.6410510336907608E-027  -5.6597117903157559E-029   5.3462498402076551E-029   9.9187999219923449E-027  -3.7944777647956274E-029   9.7458920651468298E-027   5.0842776040258389E-016   1.7577038045637000E-015   5.8497167295615617E-016   6.6936205521449115E-017  -4.2647387066133986E-016   1.4554306454515260E-016  -2.3451283696284446E-014   5.9045026010174953E-014   8.9296729164248130E-015
  -9.5437922410832213E-017  -5.6809836463722092E-016   3.2612334305972013E-016  -5.0788483438396988E-017  -1.5449838462615408E-029   2.0442446381934401E-029  -1.2215658843451754E-030  -2.6507783471623027E-029   6.7284405503161079E-030  -9.4065702159008002E-030  -1.5387356441410521E-016  -9.1013105079094593E-016   5.2197193939832526E-016   3.4768612833691557E-030  -2.0417850671368017E-029   6.3603971170594221E-029   7.4165360789155812E-031   4.3779532534147553E-030   6.7646398214477307E-031  -7.1499816723979270E-029   7.5503199021438044E-029  -2.3210831935318182E-029   1.1164307559377739E-028  -1.1082011282472199E-016  -1.8539057051967006E-028  -1.3740542927798911E-030   6.9046866068863878E-030  -1.6866758457164249E-028   2.7578333610738432E-030  -2.0844682415666432E-028   5.3522888330364193E-029  -5.0219663118594591E-030  -3.3889985195567148E-030   2.6572832443268639E-029  -2.8603700203014195E-031   3.0135830961904213E-029  -5.8330463923262881E-030  -5.1629028705452254E-032  -3.0965889698549216E-030  -3.5663837080137294E-030   4.6525233008946708E-029  -8.9549650898856202E-031   3.1142616562564930E-029  -1.5041767129789111E-030   6.0818108027270854E-029  -7.4513313601571134E-017  -5.6517943925302894E-016   3.3490163720731474E-016  -8.3439610557200624E-017  -2.1114977912428611E-030  -1.6870878083682519E-028   1.6181442302843065E-028   4.6454776029325295E-030   8.7142192129562160E-031   2.7314426955172368E-030  -3.5996375468444751E-028   1.6006766714281663E-028  -1.6923363711533236E-028   3.9463294508604688E-028  -1.2710158063963481E-029   5.3863528271914354E-032   1.7440625065393953E-031  -3.3047832927896311E-029  -7.6032476204336915E-030  -2.2402311982824945E-029   2.2200400981851857E-015   4.8452811948684017E-015  -2.0621664210875296E-015  -7.6716422339114575E-017  -4.4097313987174909E-016   2.5179764397057961E-016  -1.0191218400641414E-016  -8.7955666253468281E-016   2.0277411665691288E-016
   5.3462583776312123E-016  -1.5952610866563333E-016  -5.0266659707502728E-016  -4.7483568881793515E-016   1.0529663251909806E-028  -1.2215658843451754E-030   2.3742722055019710E-029   9.9903660138730863E-029  -5.0983725440471916E-030   1.1200375266516788E-028   8.5485018235763757E-016  -2.5662107427008892E-016  -8.0514538213864266E-016  -7.4019675028640402E-029   6.4459159638932833E-030  -8.3394694535224376E-029  -3.0102976610563394E-029   4.2578460384968346E-031  -2.6305538237809493E-029   9.0425980424069101E-030  -8.8527786232049195E-029   2.6427115706536491E-030  -2.2049091840916012E-028  -1.1586850535442521E-015   4.7229357121021818E-028   7.3769463698594216E-030  -2.0858818009851016E-029   4.5076789659901302E-028   1.0587678720773547E-029   4.5372094834304896E-028   6.9269463762683946E-030   1.0795744214864744E-030  -1.0288528827820165E-031   2.8479574194169517E-030  -6.0363271534750730E-031   3.3811118114823294E-030  -7.1725625241179375E-030  -3.8782705034007765E-032  -4.3239259465533045E-031  -1.1299829123055003E-030   1.0019721127044815E-029  -2.0393217401105506E-030   1.1107095431704264E-030   1.4169861551127887E-030   2.0826486367562367E-029   5.6655328194643974E-016  -1.3672227024380394E-016  -5.0342761492877140E-016  -4.0076572644772605E-016   7.2092379427971442E-029  -9.0545780216198173E-029  -3.4855718084500933E-028   3.3351611993845887E-029   5.6659368631962961E-031   3.4440041183722278E-029  -1.9754837022872041E-028  -3.4027163567041214E-028  -8.9781071416202999E-029  -7.4878688767229340E-028   3.8059761259481442E-028  -4.4934459520765611E-030   1.1855512456333223E-029   3.7660566612875554E-028  -7.9680529285206357E-030   3.7789328315815221E-028  -2.1738940279658949E-015   2.8732943740314802E-015   4.0571377139331499E-015   4.1051967601626241E-016  -1.2666324779499846E-016  -3.8975208239939084E-016  -9.8164782938715002E-016   1.9569009716612891E-015   1.3372158913582988E-015
  -2.6879530142416570E-016   6.6150078458010153E-016   7.8960396149409696E-016  -1.5170081349975804E-014   2.9234223193559470E-027  -2.6507783471623027E-029   9.9903660138730863E-029   3.2594607470290347E-027  -1.2670184651121922E-028   3.3132971482320590E-027  -4.2926557325770438E-016   1.0578800446509937E-015   1.2611826938754070E-015   2.0715367510678483E-029   7.1562245493776276E-029   1.6254086093095348E-028  -3.2231462628977771E-029   4.5950834612806508E-029   4.9101314242952410E-029   9.7268436780822093E-029  -2.5511214337727045E-029   2.2995118753612598E-029   3.1982552015631748E-028  -3.6973252585548460E-014   1.3442959880635130E-026   1.0189727696585229E-028  -1.2929927520044448E-028   1.2244593362119442E-026   1.2878740515688457E-028   1.2856884178303321E-026   7.3118716137616484E-028  -5.5497773620243760E-029   8.0081549513746069E-030   3.3533538201661665E-028  -1.3164258586218097E-030   3.5048397786084920E-028  -7.7369497833247281E-029   1.4854349667831836E-030  -4.0686810846885996E-030   1.5109788059578281E-029   7.4112420074165713E-028  -3.3549564504809908E-030   3.0912133871490648E-028   1.3520094098682655E-029   9.4139221786294047E-028  -2.9594307165022574E-016   6.9763864169938712E-016   8.6544222872752546E-016  -1.2994955201735222E-014  -4.1924656384374102E-029   6.0754612434010004E-029   4.9951828786196899E-029   5.8094018343495445E-029  -1.0488704447103602E-029  -1.8776086779666104E-029   2.9179270512294941E-028   1.2925479204725096E-028   6.9818015160852292E-029   2.0562962090581047E-028   1.1828326027959979E-026  -5.5444043184480151E-029   5.2875623420318672E-029   1.1824750522695189E-026  -3.2010974502221217E-029   1.1638383581641933E-026   3.2950552171872165E-016  -2.9214346270045261E-015  -1.2369935374632398E-015  -2.0496735990869267E-016   5.0837641743719695E-016   6.0260936509217915E-016  -3.1348665945356868E-014   5.6759141585548478E-014   1.0204448019099884E-014
   6.0951553107152023E-017  -6.1100249778336575E-016  -7.8414332087903535E-017   5.1236943464467642E-016  -1.0743065493971525E-028   6.7284405503161079E-030  -5.0983725440471916E-030  -1.2670184651121922E-028   1.0184201373415235E-029  -1.2219948252489480E-028   9.6976304677668698E-017  -9.7584793081331978E-016  -1.2445609730800202E-016  -1.1095444907135178E-029  -3.6472211112277900E-029  -1.2841538433128078E-029  -2.2746922347567598E-030   9.9145689215462589E-031  -7.5574035385600191E-030  -8.4872863538504690E-029  -4.8304717853695185E-030  -4.0043092684771063E-029  -3.5072630733273592E-029   1.2488910681393210E-015  -5.1371278705274179E-028  -2.7669652709411924E-030   6.2592393552054699E-030  -4.5460649494419022E-028  -6.5159713162949152E-030  -4.8582053476350662E-028  -1.1421869991936920E-029  -9.3007717214552541E-032   4.8682358373714020E-032  -4.6763688530258749E-030  -2.8142705637889199E-031  -4.0346469089443882E-030   1.0742333440588215E-030   6.7893012967417918E-031  -2.0310469712921671E-030  -6.6156661772708248E-031  -2.0538846563147980E-029  -3.8119047864683169E-031  -5.7482500068092961E-030  -1.0203875992101514E-030  -2.4097839573257666E-029   7.4714098337929840E-017  -6.7107620860516705E-016  -1.0249008232224645E-016   4.3561847060405702E-016   1.8929651147177945E-029  -3.6622771155146764E-029   8.7189234240005592E-029   9.3520024534509413E-030   6.9970289648785999E-031   9.3651664650809330E-030  -8.2508765827652879E-029   8.5028513343611974E-029  -3.7157208435896845E-029   1.9966386075060866E-028  -4.0814740169004210E-028   3.2212029959226824E-030  -3.3427619546181912E-030  -4.1197494405286692E-028   6.6243743509287700E-031  -4.0343794464245492E-028   4.4868021579199139E-016   8.6159414740729357E-016  -1.0155538715326518E-015   4.5497189124076825E-017  -4.6612527328039732E-016  -5.7710827809385926E-017   1.0589714742968635E-015  -2.0393442972598145E-015  -2.1241912822474648E-015
  -5.0574147942524693E-016  -4.9059281129106360E-016   4.0238157801917678E-016  -1.4390815547985529E-014   3.0285042199748370E-027  -9.4065702159008002E-030   1.1200375266516788E-028   3.3132971482320590E-027  -1.2219948252489480E-028   3.4230613498346554E-027  -8.1080956855407548E-016  -7.8452340978020280E-016   6.4137633816550441E-016   4.0400191383564802E-029   2.5172011449493795E-029   1.0813506325542961E-028  -2.9641992311393041E-029   5.0442863359183360E-029   5.8106733519676696E-029  -3.2269806870132854E-029  -7.6312140099477149E-029  -3.2943499287782776E-029   1.4230680043025079E-028  -3.5165876646512218E-014   1.4529757978165211E-026   1.0621806258659262E-028  -1.3493514873158510E-028   1.3409876639117764E-026   1.3431678516787490E-028   1.3982009943712689E-026   3.2627910114014185E-028  -5.8336905645887134E-029   6.6900415835795256E-030   1.0667606207077532E-028  -8.6501148359774180E-031   1.0943953027665062E-028  -9.0073733116855463E-029   1.6445561970093494E-030  -7.2769996988630479E-030   1.1279639626867984E-029   3.1859363730471859E-028  -4.7603005785820523E-030   6.8428259705082956E-029   1.3090897512588518E-029   4.8819795442419928E-028  -4.9103046497995133E-016  -5.1820107575317848E-016   4.6870255419274102E-016  -1.2040618202538565E-014  -5.4254623797429110E-029  -1.1560409054017529E-028  -1.7547845879293101E-028   6.3827374340839537E-029  -8.9443489870916775E-030  -1.4951860560467399E-029  -8.7265983827327556E-029  -8.6710591890004041E-029  -1.0837253229027378E-028  -2.4551802223533183E-028   1.1601126690855559E-026  -6.1319978826637603E-029   5.7292588169348559E-029   1.1720530310627841E-026  -4.3117527455512749E-029   1.1543411548388235E-026   5.1468875927709023E-015   2.1111036888663659E-015   1.2738327448704151E-015  -3.9413193905276654E-016  -3.7692618702663296E-016   3.0352078528766972E-016  -2.9760068127931881E-014   6.1569519957017551E-014   1.0780211442810811E-014
  0.20155394249717595        6.8611340410263916E-016  -1.2165979727106813E-015   6.8081295397178565E-015   1.4218159503730923E-016  -1.5387356441410521E-016   8.5485018235763757E-016  -4.2926557325770438E-016   9.6976304677668698E-017  -8.1080956855407548E-016  0.32171216989084728        1.4461661509247305E-015   1.1186395784834717E-014  -3.1622419076289680E-014  -1.2506981183835373E-016  -6.6184457580410780E-016  -1.2746638767598839E-014  -2.8231499221880379E-017  -1.2392485798535990E-014   3.5941906094983716E-018  -2.4412943603836473E-016  -2.2052613371060982E-016  -4.2667894284004412E-016   9.2711076692609783E-015  -1.0695920419713854E-015   1.9001084007913542E-016  -2.9041848361681017E-016  -1.1741558349194747E-016   1.3106905456262100E-016   6.8363774553114923E-016  -3.7175025745922778E-017   3.1539628672867704E-017  -1.9373598071705864E-017   5.9562133680425374E-018  -8.6345570980227618E-018  -3.9933044711754246E-017  -1.9191784096228654E-017  -2.2092058641088428E-017   3.2956449357292336E-017   4.3157582694329640E-017  -1.0386488566102577E-016  -5.5218236503590712E-018  -6.8066498166806612E-017   2.0687967660759728E-018  -9.4201214636770634E-017  0.22545156370902952        7.7087860999384449E-016  -4.8905111379942739E-016   5.8498321675051416E-015   3.2352739884739408E-014   2.2104905464689575E-017  -1.2997837677531546E-016   1.5852999494178014E-014  -4.1195477861567300E-017   1.5043005753544628E-014  -3.7982058626960183E-017  -1.7899835326985203E-018   4.7034203058824491E-017  -3.9074170243332855E-017  -1.9548758748082224E-017   6.2236079714621345E-018   3.0695737244347061E-016  -1.6819125481816196E-016  -6.6492977311413114E-018  -3.6227197889146914E-016  -3.4190074576799880E-003  -3.1294143436122869E-015   4.5528506480895537E-015  0.15323646987673467        5.3221524694705058E-016   1.4690600367427082E-014   9.5122221127404123E-015   2.3395628422141752E-014   6.5173067025187074E-015
  -1.4618983832441860E-015  0.20155394249708225        2.1021988641940286E-015  -3.0082384119810645E-015  -8.8969505132854564E-016  -9.1013105079094593E-016  -2.5662107427008892E-016   1.0578800446509937E-015  -9.7584793081331978E-016  -7.8452340978020280E-016   1.4461661509247305E-015  0.32171216989043067        5.2806999320289739E-015   8.6345471825160892E-017   1.2799453363336071E-014  -5.7448069442885779E-016  -4.6830064151832830E-016  -4.8450736482949870E-016   3.3002412254795292E-016   2.9123084301099505E-014  -1.0861683916594793E-015   1.4879402670955889E-014  -1.2745746539895253E-015  -2.6097938134521521E-014   2.7726355861328804E-015  -1.0655772967177542E-015  -1.0966878571190353E-015  -2.3380285929415311E-015  -4.7193787484011008E-017  -1.6666937149730032E-016  -1.8797853613991183E-015   6.4824469145859238E-016   5.5883797068665874E-016  -4.5047134585774449E-016   5.5408851694841814E-017  -6.7391111556530772E-016   6.5683052794173733E-016   2.6304675447850954E-016   2.6245385388413091E-016   5.7777187452544906E-016   4.6403597656568160E-016   1.1581052235474769E-016   8.8087453225288807E-017   7.0243211334301002E-017  -1.1305992566118825E-016   2.2794287736591264E-015  0.22545156370903491       -1.2719493623905406E-015  -1.3522036804891485E-015  -9.8155882303637881E-016   2.7598481669944881E-015   1.9685759059177382E-016  -2.9627576521292379E-016  -1.1481890799328491E-016  -7.5082074152827739E-016   6.2605804249154944E-015   5.3045424027117196E-017   3.0672322654537437E-015   7.6730653817322854E-017  -1.6866232827706990E-015   3.8498604668114265E-016   1.7711101107591533E-016  -3.9327544645903205E-016   3.9080119219351520E-016  -9.6244180369025245E-016  -8.1102118156874751E-015  -3.4190074579914659E-003  -1.7053515888029360E-015  -5.0705231604891597E-015  0.15323646987629866        2.1614533507773876E-015   1.4832515196274513E-015   1.6260351948484560E-014   1.3355495270461639E-014
   4.1996450812150655E-015   2.1836313326357777E-015  0.20155394249703690       -4.0568692192429792E-015   3.0746642491718996E-016   5.2197193939832526E-016  -8.0514538213864266E-016   1.2611826938754070E-015  -1.2445609730800202E-016   6.4137633816550441E-016   1.1186395784834717E-014   5.2806999320289739E-015  0.32171216989026413       -4.1385889158727594E-016  -8.4842808670918963E-016   3.6097432914430333E-014  -3.2214624227559743E-016   1.4319804125294045E-016  -1.0515863941134957E-015  -2.1698973331926780E-015   3.7965247468998077E-014  -1.0149335489795124E-015   8.5230029737147559E-014   8.5455725240829781E-016   6.4278153076337358E-016   2.3137378604064456E-016   9.7899260338032428E-016   7.6536649494967786E-016   1.7222585207404693E-016   1.2715471197977917E-015   4.8787855706888290E-016  -2.3654759657413235E-016  -1.6096390294252754E-016   5.3343724581754542E-017  -1.8677951153743228E-018   1.7921778434090517E-016  -1.6720148009269406E-016  -8.1617428471744072E-017  -8.3650772875292524E-017  -1.1671339326669826E-016  -1.6256149002211673E-016  -1.6658930359050519E-017  -3.4307028046788351E-017  -1.9348414205956748E-017   7.9725465548263038E-018   1.8300698403110282E-014  -1.3088660899623239E-016  0.22545156370902597       -3.4145938334987751E-015  -5.2138667542996882E-015  -6.6645151588187018E-017  -1.8590118247397574E-015  -2.3015179775169778E-015  -8.7154425453869754E-017  -2.2904678167999241E-015  -6.9530803046420563E-017  -2.7181520813911994E-015  -8.4644469491335748E-017  -5.7269135566177296E-015   8.9101810437182629E-016  -2.6476021976682296E-017  -3.1855758938447904E-016   9.0661915619229392E-016   2.1976767505252099E-017   5.5230290302774626E-016  -4.3422052720649740E-014   3.2123820032292778E-015  -3.4190074580401414E-003  -1.3757881140304537E-014  -3.6491879794006756E-015  0.15323646987631204       -6.2987342666586429E-015  -8.7457107223016939E-015  -1.4186310058230979E-014
  -1.9815147046980763E-014   5.3974894466286699E-017  -2.5905571097215520E-016   2.6999801846071777E-016  -2.8556577976164620E-029   3.4768612833691557E-030  -7.4019675028640402E-029   2.0715367510678483E-029  -1.1095444907135178E-029   4.0400191383564802E-029  -3.1622419076289680E-014   8.6345471825160892E-017  -4.1385889158727594E-016   3.1439109617318785E-027   1.5379263639009855E-029   1.6863919013158023E-029   1.2720977326086848E-027   1.5471591248884240E-030   1.2333419475650679E-027   1.3046072652567709E-029  -2.7917341132124162E-029   2.1347581584287630E-029  -6.3360522072652329E-029   6.4236253096306603E-016   1.4889796252597251E-028  -9.9878352566415185E-030   1.8553756811377054E-029   7.4893092935028946E-029  -1.1520128167970251E-029   1.6709365231578320E-029  -7.6671832774324188E-029  -3.0664863190788962E-030   1.7560184872902099E-030  -4.1893572469994094E-029  -3.7502895334931560E-031  -3.9268914219984338E-029   4.5415695828261911E-030   2.3059697706349823E-030  -2.8055929552718015E-030  -2.4241690769395848E-030  -6.7588878740421857E-029   2.4201287709676044E-031  -3.9344677006378319E-029   1.5698306497784787E-030  -7.8926997243248042E-029  -2.2284134185596676E-014   5.6333618620878702E-017  -2.8213230664725230E-016   2.7989884073647693E-016  -3.2335174582073065E-027   8.6988124905612553E-030  -2.6035912406759083E-029  -1.5997892572813689E-027   3.6727032147757019E-030  -1.5150881702276447E-027   2.4020313257318979E-029  -3.8334774844022207E-029   8.2531875514739124E-030  -9.1137385934863879E-029  -1.4846980466788034E-028  -1.2916843092262790E-030  -2.4101455147436469E-029  -1.0988729602168289E-028   6.6023768607778649E-031  -1.0150237078844010E-028  -7.8911333404974631E-015  -2.7896565601284284E-016   5.3001294003719358E-016  -1.5049547530637763E-014   4.1556842694674261E-017  -1.9793865221278493E-016   5.5425096222972088E-016   2.9522830090203299E-016  -2.1183410453984751E-016
  -7.8258796696434748E-017   8.0222845634068668E-015  -5.3094844581179079E-016  -6.2284045306819780E-017   1.6838535159883907E-029  -2.0417850671368017E-029   6.4459159638932833E-030   7.1562245493776276E-029  -3.6472211112277900E-029   2.5172011449493795E-029  -1.2506981183835373E-016   1.2799453363336071E-014  -8.4842808670918963E-016   1.5379263639009855E-029   5.4487490322286695E-028  -1.0618765508047496E-028  -1.7343332829827482E-029  -1.6043138353843016E-029   2.0070984684076419E-029   1.2085870627478830E-027  -1.2464124764867862E-028   6.2989766426309364E-028  -3.1364565141737688E-028  -1.6765764464272386E-016   4.5119718435482285E-028  -4.3855292643505612E-029  -6.4019445235662582E-029   2.5668486946126938E-028   5.4040633649414751E-030   3.0713027541355632E-028  -1.4287275211939359E-028   2.5824097571671998E-029   2.4407676857120971E-029  -5.4642908012163974E-029   1.4742817828654570E-030  -6.4173080328983084E-029   1.7608068311938869E-029   1.3542104697971801E-029   6.5226249685008063E-030   2.3118246981581690E-029  -4.8403608877340364E-029   2.2120061776281628E-030  -3.3048530808096252E-029   2.8155504485564898E-030  -6.3692956188467189E-029  -8.4263979316696041E-017   9.0863341556945592E-015  -5.7400851415464413E-016  -6.0361769310520269E-018  -4.8264450473988445E-029  -1.4240574080769208E-028  -1.2088190134651319E-028  -9.5146087056002077E-030  -3.3766924297289266E-030  -3.1860989049248506E-029  -2.9099071273689971E-028  -1.1953279443084627E-028  -1.2809342523841773E-028  -2.1909100583846903E-028   2.6931308316887186E-029   1.5425508084591115E-029   1.7292791692857886E-029   9.8408527194309866E-029   4.0161513603632314E-030   8.5759479956043834E-029   2.2658805000479165E-016   7.6305252307445236E-015   1.3778077159101658E-015  -5.9920364134652821E-017   6.0845895669748381E-015  -4.0623209259362489E-016  -1.3235396290948455E-016   1.4824863342711154E-015  -1.0946702259226177E-015
  -4.1444336458893777E-016  -3.5894124307618070E-016   2.2616243320680617E-014  -9.2919266128916320E-017   6.4440002569836888E-029   6.3603971170594221E-029  -8.3394694535224376E-029   1.6254086093095348E-028  -1.2841538433128078E-029   1.0813506325542961E-028  -6.6184457580410780E-016  -5.7448069442885779E-016   3.6097432914430333E-014   1.6863919013158023E-029  -1.0618765508047496E-028   4.0589899929795843E-027  -1.1640363337848984E-029   1.7381721352094127E-029  -9.5288202666755875E-029  -2.7486253399354263E-028   4.2700038998649622E-027  -1.2797861484832663E-028   9.5593705503057653E-027  -2.3165502329890982E-016   2.3013314215312380E-028   2.7091019451951623E-029   1.0102160902674252E-028   2.5186604522813705E-028   2.2100297903013149E-029   2.9237420509386784E-028   4.2532217144722763E-029  -2.5578147938746894E-029  -1.6866309486808056E-029  -1.0894239023575415E-030  -4.7125574387927630E-031   1.3422448063481580E-029  -2.3648010511464729E-029  -8.2765478224194202E-030  -1.1273180686550541E-029  -1.3887534550875842E-029  -3.4603422974000605E-029  -3.4529990004471867E-030  -1.3235055583948262E-029  -1.9591154564133049E-030  -1.0737283227972214E-029  -4.5673419390676359E-016  -3.6896843714507737E-016   2.5333191523171704E-014  -6.4922023118417149E-017  -6.5593874916661669E-028  -8.2295397566329597E-029  -4.2184448740168856E-028  -2.8952093723958096E-028  -9.0478846549486818E-030  -2.8652576238567760E-028  -1.7085358156577359E-028  -5.1495686911200787E-028  -8.4284189881533140E-029  -1.0982066361338933E-027   1.9031122548881880E-028  -3.8110766738872847E-030  -3.2324633924261837E-029   1.9367238491816539E-028  -1.7172981803749958E-030   1.6013205563453756E-028   4.7826201973859342E-016   2.2445307417334221E-015   2.0529353837176477E-015  -3.1597411504801011E-016  -2.7708898896172491E-016   1.7190003414604065E-014  -1.9316905204209865E-016   7.2535345456407005E-016  -8.0196572534867107E-016
  -7.9877890479503545E-015  -2.9369184293441866E-016  -2.0181861458333890E-016   6.9523726973155449E-017  -5.3191982180555812E-029   7.4165360789155812E-031  -3.0102976610563394E-029  -3.2231462628977771E-029  -2.2746922347567598E-030  -2.9641992311393041E-029  -1.2746638767598839E-014  -4.6830064151832830E-016  -3.2214624227559743E-016   1.2720977326086848E-027  -1.7343332829827482E-029  -1.1640363337848984E-029   5.1779907255457939E-028   3.9219443863067127E-031   4.9890654727459689E-028  -4.4156468902655879E-029  -2.8364068488175981E-029  -1.8095578512566933E-029  -6.1886872650416919E-029   1.8330087801126798E-016  -2.8383574502944030E-028  -2.4542487884974985E-030   1.1560997539412456E-029  -3.0659993353809441E-028  -5.5310134788805070E-030  -3.3592390572649154E-028   5.2655931003351994E-029  -1.9183939492173296E-030  -1.2696898114843702E-030   2.9141464644476159E-029  -4.0105865750366348E-031   3.3289179190021046E-029   2.7673558005354556E-030  -1.3666811524469130E-031  -8.9113605484328273E-031  -2.4935568646481867E-030   5.5007776249254539E-029   5.2426158365617945E-033   3.2192788456919282E-029   5.0065348962785954E-031   5.7536455603159552E-029  -9.0007166419305634E-015  -3.3853050841479132E-016  -2.2550439582416565E-016   1.7219708952428262E-017  -1.3040359649218913E-027   1.8418030569164743E-029   9.1976781195542450E-030  -6.4993901556706156E-028   1.7395334913036347E-030  -6.1218017093476676E-028   3.8601287636561180E-029   2.8177042241426843E-030   1.7630564301132746E-029   4.8957779293734792E-031  -1.0518056138231360E-028  -6.6325821275047177E-031  -1.0259046529664402E-029  -1.2020417239642269E-028   4.6834640388889703E-031  -1.1440017822424945E-028  -4.3948983021838502E-015  -6.8424389697822476E-016   2.0159255976632963E-017  -6.0644281610677542E-015  -2.2199502005384438E-016  -1.5346905641588333E-016   1.4690281533434486E-016  -1.3900509623771838E-015   3.4106018189178995E-016
  -1.7655619275809258E-017  -3.0318604714572269E-016   8.9287888219153362E-017  -2.3580540528492060E-016   4.4904399829959084E-029   4.3779532534147553E-030   4.2578460384968346E-031   4.5950834612806508E-029   9.9145689215462589E-031   5.0442863359183360E-029  -2.8231499221880379E-017  -4.8450736482949870E-016   1.4319804125294045E-016   1.5471591248884240E-030  -1.6043138353843016E-029   1.7381721352094127E-029   3.9219443863067127E-031   2.4915660098511817E-030   5.3854224733704765E-031  -4.2787776077182765E-029   1.6714622799255847E-029  -1.9643986275544059E-029   3.3113300078915291E-029  -5.7515553243162418E-016   1.9932909106380291E-028   2.4760922815666411E-030   2.9953112215497599E-031   1.8985525558868541E-028   1.7650121672297157E-030   1.9268297503359029E-028   1.4194615497600246E-029  -2.8840169648519114E-030  -5.0488164263585183E-031   5.8704357623397865E-030  -2.3585290913022602E-031   6.7794527302974839E-030  -2.5361078102459287E-030   1.9047138802171835E-031  -1.3048595697512102E-030  -2.9216737721669709E-031   9.6670294317025366E-030  -2.6713840612511838E-031   4.9801632419282998E-030  -1.5260207059719049E-031   1.4940046711761694E-029  -1.8695130666038516E-017  -3.2710892376857324E-016   8.5625817065312249E-017  -2.0157067361221972E-016  -1.0168067685129357E-030  -3.3492602692746878E-029   8.0119700465254151E-029   1.8841687318858281E-030  -4.8741809174801542E-033  -5.2052062550832413E-031  -6.7862106015559281E-029   8.0993277855963089E-029  -3.3448146896321207E-029   1.8663463640092456E-028   1.8306939403888090E-028  -5.4433901864908051E-031   1.9620327457762933E-031   1.8242962960455065E-028  -1.6744289496178158E-030   1.8035532976576487E-028   7.2814319555519927E-017   8.3256470967102637E-016  -9.8194714454377889E-016  -1.3559023190133055E-017  -2.3205543455397223E-016   6.9720705892517670E-017  -4.8734482608763218E-016   8.8272143022879393E-016  -4.1401733109197189E-016
  -7.7654075699023561E-015   2.0684212312997526E-016  -6.5923250981348844E-016   3.0870951451625487E-017   2.8069683600044493E-029   6.7646398214477307E-031  -2.6305538237809493E-029   4.9101314242952410E-029  -7.5574035385600191E-030   5.8106733519676696E-029  -1.2392485798535990E-014   3.3002412254795292E-016  -1.0515863941134957E-015   1.2333419475650679E-027   2.0070984684076419E-029  -9.5288202666755875E-029   4.9890654727459689E-028   5.3854224733704765E-031   4.8980940551508640E-028   3.2466208315543166E-029  -1.1965731160952923E-028   2.3993385900317919E-029  -2.6578342403576379E-028   6.3776073770456004E-017   2.8574627397160665E-028  -2.6609645388732720E-030   7.8604676381595727E-030   2.3938117591425789E-028  -1.4911619516360377E-030   2.2370098874634347E-028  -6.0388389949735494E-029  -3.0902753009349085E-030  -1.3701126125201437E-030  -3.4622140954472660E-029   2.5657492175626007E-032  -3.5118872371652388E-029   1.5069785430453908E-030  -2.6137081823456379E-032   1.9935538568722422E-031  -1.6736064746692034E-030  -5.1584014885891385E-029   8.4773422068046136E-031  -3.1614100672593848E-029   7.2629106885892858E-031  -5.8168863744820610E-029  -8.7351455417826544E-015   2.3406470627808078E-016  -7.5108404950376106E-016   6.5261304618177984E-017  -1.2516191427849902E-027  -5.3526606690790671E-030   9.1580239492492784E-029  -6.2136285090029952E-028   1.4095527315045622E-030  -5.8810534185208790E-028  -6.4272126681645121E-030   8.8920736439427653E-029  -5.5968809822907176E-030   1.9662906203393975E-028   2.8552442082576530E-029  -2.7764418957052354E-030  -7.7071709427502234E-030   5.5253710659774400E-029  -1.6844964339113908E-030   5.5447617767696097E-029  -3.2411320187744970E-015   1.8213451336122589E-016  -9.3069926769990194E-016  -5.8975262657837673E-015   1.5690904615103685E-016  -4.9943305540903735E-016   6.0933926947953641E-017   9.6534755972021356E-016   1.9689649921162971E-015
   2.0590546377510669E-018   1.8249766654184494E-014  -1.3565662534407598E-015  -5.5285797517302677E-017  -4.2156556695811369E-029  -7.1499816723979270E-029   9.0425980424069101E-030   9.7268436780822093E-029  -8.4872863538504690E-029  -3.2269806870132854E-029   3.5941906094983716E-018   2.9123084301099505E-014  -2.1698973331926780E-015   1.3046072652567709E-029   1.2085870627478830E-027  -2.7486253399354263E-028  -4.4156468902655879E-029  -4.2787776077182765E-029   3.2466208315543166E-029   2.7245356266791351E-027  -3.2446285110239456E-028   1.4000816377900394E-027  -7.2535944782146968E-028  -1.5126495955052482E-016   5.2396716829529577E-028  -1.0003273868994530E-028  -1.4343321715098025E-028   8.6215284036933158E-029   2.9307697943411704E-030   2.3068702437406702E-028  -2.3508811143198968E-028   6.6554017567725705E-029   5.8615500915050274E-029  -7.0863476750894681E-029   3.8799164017118275E-030  -9.1634076553013697E-029   4.9103817719992890E-029   2.9544779070490620E-029   1.8602990107066127E-029   5.4617290365718917E-029  -1.9267321149438319E-029   5.7951763029745527E-030  -2.5533615780610394E-029   7.3854748435151052E-030  -6.0841226553353930E-029  -4.1390536911091842E-018   2.0548618510497909E-014  -1.4210378397128871E-015  -2.0088852654685836E-018  -8.5112918132675279E-029  -4.4033848465300716E-029  -5.5491136301957990E-028  -1.7105495784548263E-029  -8.2026366463865556E-030  -6.1097103828769169E-029  -7.1478745650236263E-029  -5.5322910986729870E-028  -1.2992820799860013E-029  -1.1844227571615239E-027  -7.7807329415372509E-029   3.6624856927399626E-029   3.3451031681547179E-029   5.1905678427308093E-029   2.2293777574706689E-029   2.0030412126086844E-029  -4.4331779833367745E-016   8.9819510826938154E-015   6.6542665289407986E-015   2.3961628773336665E-018   1.3857433156802319E-014  -1.0437907290662762E-015  -1.1785218459111193E-016   1.3564506626408287E-015  -3.5572807452283208E-015
