   8.6505617672481466E-002  -6.5183215672276094E-015   3.9628945650168903E-015   2.4014837766627499E-011   6.5634789130200276E-012   1.8861278069751425E-012   6.2986520463729463E-012  -3.2819886502952100E-012   1.4979597817930385E-016  -3.2821245117711351E-012  0.15878928151589219       -3.5353919436064679E-014   6.7970676010115006E-015  -1.9815453131711850E-010   4.7110109945237615E-013  -2.8045393182264408E-015   1.9213735543948278E-016  -2.6710244339300244E-013  -2.9967154504520378E-015  -3.6464039716405452E-013   1.9923881601551547E-015   8.7126438447453863E-018   7.0644003221079224E-016   1.3580868387925609E-016   3.6338007825272197E-012   2.1457120086382141E-012  -2.1852175057812877E-012  -1.8174007497823779E-012  -2.2995412576691170E-016  -1.8171947090427951E-012  0.13346437825528448        6.1060513668156096E-014   7.2270117896190280E-016  -1.9841612784629121E-017  -6.2407248872813735E-018   7.0954455676448659E-018   7.0794944154623747E-018  -3.9905499331517435E-018  -3.7197761038617456E-017   1.2711297550326645E-017  -3.9920044952374287E-017  -8.0274976860869307E-018  -1.2388385998706368E-017   1.6042638618140726E-017  -5.8664656739524487E-018  -6.8530301357112903E-018  -1.1520173651924064E-017   2.3345817823763440E-017   3.2869104501089683E-011  -1.3034793702300784E-013   1.0414267794722136E-015   5.9219150269903788E-017   8.4502435003998064E-014   1.1848828695459566E-015   1.1562632788253173E-013  -5.7980995643319505E-016   4.8466338666054250E-017  -8.7932447548897195E-017  -9.7288111570773543E-018   1.0529735349758801E-011   3.6721100298199517E-012   8.0994964177302738E-012  -5.2652973944526274E-012  -1.0788212110947270E-015  -5.2645683997720992E-012   8.7913544003425562E-002  -1.3622442536977695E-013   9.7026942826793534E-015  -1.4879056850204990E-003  -1.0794322767102862E-013  -8.2519736432455907E-015  -5.7088776470095495E-005  -1.1810181997498137E-013   2.7283703507002201E-014   1.9267781996989852E-011   9.9149938476120628E-011   7.6296336323487877E-011   2.0394030265186941E-011   1.0910673131321766E-010  -3.8151747762556338E-011  -9.3231532471162624E-015  -3.8144675212358202E-011   2.0191516637912127E-011   3.0960481095246144E-012
  -6.5183215672276094E-015   8.6505617673245702E-002   5.0030006192364546E-015  -7.2448342704312185E-012  -1.0895363333470724E-012   5.6831362450518252E-012  -6.3464606524875633E-016   2.1784225492367782E-012   6.2987563895363240E-012  -1.0886984171544091E-012  -3.6548871646782728E-014  0.15878928150442065       -5.5213502652965004E-014  -4.6580055394036127E-011   6.8296700058778882E-016   4.0020340011579650E-013   1.1658773266495685E-015  -3.0404033968778077E-015   2.9036737920318452E-016   7.1935876794849350E-016  -1.7149114335865240E-013  -3.4849142203259349E-015  -1.7505071974955142E-013   2.5519305005369267E-015  -1.2396212422208426E-012   3.1479518676445137E-012   7.3095167980669542E-017   2.4757142530244043E-012  -2.1857727680015014E-012  -1.2408002405805945E-012   5.8086021400745125E-014  0.13346437827734339        1.0777499072210179E-013   2.0936597927132144E-016  -9.5596159684704971E-017  -2.8128502658382050E-017   1.4691831485290494E-016   2.7881685820261059E-017   1.9836768681007298E-016  -9.9389933345843581E-017  -1.1640473301277387E-017  -5.0256403151633377E-017  -2.8722831812460361E-017   3.7635111999518202E-016   8.1814516578817174E-017   2.5041200259283655E-016   8.2013634678314232E-017   4.8067316094954339E-016   1.3547088843251533E-012  -5.3286650445634996E-016  -1.2541000335747427E-013  -2.3580726666373736E-016   8.2984108033940020E-016  -6.3749824250537478E-017  -4.9844418010156812E-016   3.8018548434083929E-014   1.4894064963770892E-015   4.8976477853231053E-014  -5.2647928894215997E-016  -2.1198892431659519E-012   9.1181924802119675E-012  -5.1128546070176573E-016   4.2399033620334742E-012   8.0990652503831525E-012  -2.1189806436117038E-012  -1.3646487197603858E-013   8.7913543959552393E-002  -2.1596531970064649E-013  -1.1729826783058398E-013  -1.4879057299782119E-003  -2.2776340842386223E-013  -1.1406772358267033E-014  -5.7088779872643941E-005  -1.3677920212163645E-014  -9.0610888571208738E-012   1.3168536910872039E-011  -1.1773670195349289E-011   6.6067028245871166E-011  -4.3930016848856545E-015   2.3543861728425144E-011   1.0910202633979269E-010  -1.1770070328003998E-011   3.2464716153552434E-012   4.5317549491451325E-013
   3.9628945650168903E-015   5.0030006192364546E-015   8.6505617673224622E-002   1.3989836837153597E-010  -3.6373918970233825E-012  -5.7279861368521806E-016   5.6836373605795127E-012  -3.6361027857820172E-012   1.8863315775109280E-012   7.2745013777786129E-012  -3.4186649790300361E-015  -5.9597766403267403E-014  0.15878928150222990       -3.9483779400302682E-010  -3.4305388285488058E-016   1.3533260028092506E-015   4.2835127510313819E-013  -2.5205400773872814E-016  -1.5762637667955496E-015   1.2514869910873312E-017   2.3693652039560114E-015  -4.7442681469328127E-014  -3.1034154836872288E-015  -3.2502873751346411E-013   1.2654999926608065E-012   1.6701941333411455E-015   3.1469457600814128E-012   1.2631262534136457E-012   2.1450962096468744E-012  -2.5222938166669732E-012  -1.5544105293875357E-015   1.0768473486805535E-013  0.13346437828136376       -1.4230970541104681E-015  -4.4294447259614650E-016   3.7968353425158941E-017  -5.0083987459697155E-016   1.0683622260815688E-018  -4.0825299210050692E-016  -3.5187926502214051E-016   3.8416700478029026E-018  -1.9831451398521575E-016  -1.2308384177333135E-017  -2.4222509631595364E-016   5.6105318390444367E-017  -1.2556840422616360E-016   1.5723986408095962E-017  -1.2950434846516507E-016   1.1171050009327815E-010  -4.4921955914600450E-017  -4.4425124014481025E-016  -1.3424225140237227E-013   3.8933756083559631E-017   3.7742601328622599E-016   2.5318240258349836E-017  -4.4035001275745787E-016   8.9070524780892943E-015   1.2628412350633122E-015   8.9382325646005426E-014  -4.6777653212693479E-012  -1.9871402437848587E-016   9.1185132384808407E-012  -4.6765268399120900E-012   3.6712866936624369E-012   9.3532171116116072E-012   1.7190792336382068E-015  -2.1953537676473715E-013   8.7913543951163686E-002   2.1326362284976331E-015  -2.2794702085602668E-013  -1.4879057383919180E-003   1.4377811431092024E-015   1.9075078374952930E-015  -5.7088780521360881E-005   9.8192186126442164E-011   2.3660022623914552E-010  -6.2999918312946576E-011   3.3842480452844452E-015   6.6068885077250572E-011  -6.2993125507391523E-011   2.0385379873005328E-011   1.2599311063848070E-010   4.1094315204352179E-011   6.2331417437077680E-012
   2.4014837766627499E-011  -7.2448342704312185E-012   1.3989836837153597E-010  0.11738689265865081       -1.9438302906408165E-012   5.6363582428072596E-015   4.2452419974008668E-016   8.2353743921778814E-013   1.4724318836273864E-014   1.2607799206808211E-012   1.2401586791503399E-010   1.4163788664433569E-011   3.4922240268051243E-010  0.31738331516908130        2.9565105600240712E-015   3.7444529650053049E-015   9.2879263486255220E-016  -3.0534408583138228E-016   3.7392715367997391E-015  -1.8047987585427687E-015  -8.5110254082790824E-016   4.3157966808881196E-016   1.3000655128662802E-015  -4.6127853705819701E-016   2.7546548110179025E-012  -5.1733405233821177E-015  -1.1036720269724478E-015  -8.1629312559261284E-013  -1.8925318455754570E-014  -1.3224538785650514E-012   1.3938597814278731E-010   2.6697637759439430E-011   3.3308524730117815E-010  -2.5262369686536514E-014   1.6504545386473957E-017   7.4277863882840576E-017  -1.5376028444162130E-014  -1.8198711061879548E-017  -1.1094951093423304E-014  -1.2074413408976290E-016  -5.1525311344016938E-017  -4.7411686075033869E-017   1.1367007036993342E-017  -3.2809134799321364E-014   6.8490731018648238E-018  -5.9130001203259577E-015  -3.9436718666057754E-017  -3.5456656984315701E-014  0.17208212611908574       -1.6397687603758986E-015  -1.6549047156133442E-015  -3.5155165093618178E-016   8.3383098249834083E-016  -2.5113187895660703E-015   1.4736157792537299E-015   2.5439101563684918E-015  -2.4049227049292080E-016  -4.1354239156360975E-016   5.5755884781066786E-016  -4.5116302747104973E-012   2.2026957081009894E-014  -1.6307235868440806E-015   1.7355142960987107E-012   3.8249485606361910E-014   2.9073234657978529E-012  -1.4878748827236161E-010  -6.6083065573053278E-011  -1.2068029608538836E-010  -4.6533294369949669E-010  -1.9084320750569783E-010  -4.0695606574710395E-010  -6.6314958740395284E-012  -1.2060561854347212E-011   3.0237040383698100E-011  0.30557939420542923        4.7670721942628547E-003  -2.6811005253306017E-011   1.5845941354616353E-013  -1.9666797377918283E-014   9.5024300013877037E-012   2.2549868431842330E-013   1.7358995062465446E-011   5.8367681783627430E-005   4.9391310036491152E-005
   6.5634789130200276E-012  -1.0895363333470724E-012  -3.6373918970233825E-012  -1.9438302906408165E-012   1.8616961588418210E-007  -3.1473208314283705E-018   2.3886897944163313E-019  -9.3084808086079678E-008   8.2280686804001409E-018  -9.3084807798571298E-008   1.1947009830015624E-011  -1.9831849052162293E-012  -6.6020002607011424E-012  -5.2451607178484487E-012  -1.6456129679247489E-016  -6.5512226333108328E-016   3.8903715635773145E-015   1.1091765295412241E-016  -5.6486924771232818E-019   1.1063633265846271E-016   3.6595297628365322E-016  -9.7317225023714597E-016   1.6397900048334059E-016  -2.1751157637253650E-015   1.1381711329740365E-005  -9.7029391688619329E-017  -6.1493800767903155E-018  -5.6908556691458930E-006   2.0549676839248720E-016  -5.6908556606191393E-006   1.0171431881882812E-011  -1.6914448947771508E-012  -5.6242859357929764E-012   8.3984360967439887E-017  -4.1946746634731958E-019  -1.6845505382758760E-019  -5.8743669714475849E-017  -4.7680835795510196E-019  -7.4676591901747263E-017   6.1628034386762893E-019  -2.8673978909597004E-019   3.0767884484471460E-019   4.1042809076971499E-019   2.9390932247786279E-017  -1.7067395467058838E-019   1.9510168690330893E-017   1.6263678528950851E-020   3.8637131967488231E-017  -2.7826835972033586E-012   1.7517486926459700E-015   1.3112826707947186E-015  -2.9451656247130914E-015  -1.1749885956743791E-015   4.6329635437793363E-019  -1.1748102694455343E-015  -7.3283884376383051E-016   7.3650575164183173E-016  -3.2820694150388514E-016   1.6461111546869384E-015   7.1868919783459748E-005  -6.2221332743190306E-016  -3.2483478770736289E-017  -3.5934459919661476E-005   1.3560377149263893E-015  -3.5934459863757627E-005   6.4786233775989256E-012  -1.0702823004002642E-012  -3.5895807418248324E-012   3.8825569963323190E-012  -9.8398929803259608E-013  -3.6986345254316369E-013  -4.2612387923834575E-013   1.1274927362397817E-013   1.7914562882523883E-014  -4.9870988268621113E-012   1.8744506818465513E-012   5.7194343520638687E-004  -4.9567491019281181E-015  -2.6262379524084705E-016  -2.8597171782417720E-004   1.0712312400089944E-014  -2.8597171738215535E-004  -1.1132813573884397E-013   1.3357110736624178E-014
   1.8861278069751425E-012   5.6831362450518252E-012  -5.7279861368521806E-016   5.6363582428072596E-015  -3.1473208314283705E-018   1.8616961575273037E-007  -6.6208622806852789E-018  -3.4460053692497451E-018   1.0321687252819863E-018   6.8310357277344857E-018   3.4331481772196931E-012   1.0344589299731289E-011  -1.0518477961036925E-015   1.5102492032153351E-014   4.2386289591795614E-016  -1.7042176841919125E-016   3.8087373431904116E-019  -7.5606795970899853E-016   3.2416765810011699E-015   1.8942903136235108E-016   9.3723482126847405E-017  -5.6978717097284677E-019   4.1660959163697519E-017  -3.5081896943429613E-019  -9.1606838052000723E-017   1.1381711325848697E-005  -2.2943750729233936E-016  -1.2615965962418319E-016  -2.3210492545354781E-017   2.1629158651916077E-016   2.9281411180942709E-012   8.8071709716972997E-012  -8.8118760587336621E-016   5.8331856593837024E-019   8.0725303980621873E-017   4.8332134260142506E-019  -4.9350432458211238E-019  -4.5710247605848415E-019   3.7582135326425463E-019  -5.7598669593014315E-017  -6.6720341975628836E-019  -3.8333978051460165E-017   6.0879745188017104E-019   8.9562743414363842E-019  -5.2659244187176534E-019   2.6129225988242151E-019  -8.7059053550884828E-020  -7.5910522071441010E-019   8.0486968381755909E-015  -8.4606109163253363E-016   1.8084487374680794E-015  -8.4742917433577812E-019   1.5145638360658108E-015  -2.4540376777310076E-015  -3.7829302754500706E-016  -1.0118701974854832E-015   4.4959293632189881E-019  -4.5215375719239836E-016  -1.8119717393434725E-019  -5.9352016336358053E-016   7.1868919758421616E-005  -1.4800698637232691E-015  -8.0737014899932582E-016  -1.3928095956265740E-016   1.3979729083387861E-015   1.8527770695148559E-012   5.6096715786710631E-012  -5.8479516232120057E-016   1.7153081269408820E-012   3.3644389542259886E-012   1.3572601459427583E-015  -2.0410058987075703E-013  -3.7093977186599073E-013  -3.1626712739774891E-015   1.4237394005913033E-014  -4.8706024542374502E-015  -4.7128194430020725E-015   5.7194343500422469E-004  -1.1739019208500475E-014  -6.3888748403152982E-015  -1.1196923592919232E-015   1.1103347761120723E-014   2.1972437160975817E-016  -7.5479414148239451E-016
   6.2986520463729463E-012  -6.3464606524875633E-016   5.6836373605795127E-012   4.2452419974008668E-016   2.3886897944163313E-019  -6.6208622806852789E-018   1.8616961549966289E-007   7.4259042279637657E-019  -3.1615199351638954E-018  -1.2438957197359279E-018   1.1432309873846612E-011  -1.1558130675543332E-015   1.0345495365221686E-011   1.1623593921095795E-015  -2.5112825968042404E-015  -1.0189285597339725E-018  -1.6954818179324489E-016  -1.1234265821772587E-015  -5.4635009444749896E-016   4.4922425679980392E-015  -8.6031977240955619E-019   4.2021388475530330E-017  -6.3036913269066908E-019   9.4804477517232915E-017   1.9814342139001660E-017  -1.6421229726450847E-016   1.1381711318344102E-005   7.6889418280863061E-017  -1.5085713640348026E-016  -9.4887339080696739E-017   9.7392937530500681E-012  -9.8086595795227628E-016   8.8079258202419412E-012  -5.7436775228750793E-019   6.3041395569341534E-019   9.0434101765854559E-017  -1.9057224937522774E-019  -4.7387422844165596E-019  -5.2077368294166372E-021   1.0343400887135575E-019  -2.1441000129148211E-017  -7.9544763925310078E-019  -7.5047373036020470E-017  -8.0180676925297827E-019  -3.8756297165243095E-020   1.2494018956962043E-019   2.4109750412619119E-020  -1.1665873946835936E-018   6.5845848624470875E-016   1.9008697547350024E-015   5.5229360887605589E-021   1.8082062828804074E-015   8.5020118908230053E-016   1.0930825228764108E-015  -3.4009337483207332E-015  -7.5185484478592436E-019  -4.5193227585798269E-016  -2.0480594766208483E-019  -1.0114091798065170E-015   1.2408564385583622E-016  -1.0867988938063752E-015   7.1868919709336965E-005   4.7317027527701206E-016  -9.7393501496926866E-016  -6.0018866636147871E-016   6.2158521267408901E-012  -6.3179629420957400E-016   5.6101893563506412E-012   6.6641206486354396E-013  -2.1574229706706003E-016   3.3570726444000198E-012  -4.9013706008466711E-014  -7.0056954682095203E-016  -3.6819493669811342E-013   1.1500382657492289E-015   9.6460218786984613E-016   9.9594936305265727E-016  -8.5986119249871849E-015   5.7194343461557551E-004   3.7785455260268427E-015  -7.7224233820666073E-015  -4.7757742132341095E-015  -1.4925930511062286E-015   1.9332517604834054E-016
  -3.2819886502952100E-012   2.1784225492367782E-012  -3.6361027857820172E-012   8.2353743921778814E-013  -9.3084808086079678E-008  -3.4460053692497451E-018   7.4259042279637657E-019   1.8616961477066703E-007  -5.2317057363398137E-018  -9.3084806682957544E-008  -5.9739404613027742E-012   3.9651997437267026E-012  -6.5996518760002257E-012   2.2239692434854634E-012   8.2467938160528940E-017   4.9186889203811449E-016  -9.7279155059318721E-016  -1.4695484044235463E-016   5.4168087542596483E-019   3.5889801498349777E-017  -7.3220852048880158E-016   3.8899347673831169E-015   4.9117253969682566E-016  -2.1753127482835757E-015  -5.6908556691352661E-006  -7.9789819164458750E-017  -3.1937154150770456E-017   1.1381711296751132E-005  -2.1610808154432506E-016  -5.6908556276018077E-006  -5.0860776608785644E-012   3.3819085213900247E-012  -5.6223181123622380E-012  -3.9500122506391996E-017   4.3646981317587936E-019   6.0266219088047144E-019   7.2803318148870920E-017  -6.5015625991144596E-020  -5.8005471122157005E-018  -5.7986619317529101E-019   3.1631493487229959E-019  -1.6301794573632020E-019  -1.7253835923080984E-019  -3.1676757163441501E-017  -9.8861197311795708E-019  -2.1665687854841692E-017   3.8272408023357795E-020   1.7652991861680603E-017   1.1811252956855303E-012  -8.7602634859466582E-016  -9.8342058212880940E-016   7.3640986326544090E-016   1.5660912321458621E-015  -3.9868831500125753E-019  -3.9088545762730411E-016   1.4665593848542384E-015  -2.9452489652052715E-015  -9.8310153356428288E-016   1.6465934117439557E-015  -3.5934459919700779E-005  -5.3139666694547469E-016  -1.8693331584841949E-016   7.1868919567817885E-005  -1.3921666753168003E-015  -3.5934459648112729E-005  -3.2395400621085067E-012   2.1399252175322544E-012  -3.5882747821479964E-012  -1.9291893432087965E-012   1.9797117836872912E-012  -3.7824018735081761E-013   2.1385972761618078E-013  -2.4561638086570796E-013   1.5804788693139979E-014   2.1172736415012511E-012  -7.4460457874694278E-013  -2.8597171782439556E-004  -4.1945480158116155E-015  -1.4965257120484032E-015   5.7194343349608559E-004  -1.1072568918122887E-014  -2.8597171567167209E-004   5.8828619163633862E-014   9.2941363457106026E-015
   1.4979597817930385E-016   6.2987563895363240E-012   1.8863315775109280E-012   1.4724318836273864E-014   8.2280686804001409E-018   1.0321687252819863E-018  -3.1615199351638954E-018  -5.2317057363398137E-018   1.8616961423448321E-007  -7.5261788527933338E-018   2.8090188636267083E-016   1.1432509655035479E-011   3.4335349957349351E-012   3.9679846298978022E-014  -2.2356147135964778E-019  -1.1232077665055024E-015   1.8809587549468291E-016   1.8499102362883889E-019  -1.2297810869181387E-016   2.2020930349498725E-019  -2.5105509864475503E-015  -7.5569196983019020E-016   4.4919596982214080E-015   4.2288036236797305E-016   2.7644286585763389E-016   8.5135988597067058E-017  -3.4746636969860696E-017  -9.8564796429366723E-017   1.1381711280849176E-005  -1.8886468081443974E-016   2.2825951528483640E-016   9.7394706998298156E-012   2.9284562289421647E-012   9.2786326052712857E-019   1.2662037176756895E-019   4.5186960052473596E-019   3.8902037213885348E-019   5.7267638017296917E-017   3.3518537088020403E-019   3.9153259680836161E-019  -1.3385556493159963E-019   5.6251393693784667E-020  -7.1894248524341445E-020   7.4097871074983500E-019  -8.6277314843780704E-018  -3.9019328896856254E-019  -3.6423967333993340E-017   1.2333383100231292E-018   2.1152710129451151E-014   3.0308205842409306E-019   8.5085231297484544E-016  -3.7768977097682646E-016  -1.5688715662417968E-019   1.3057540570856366E-015  -2.5314451669417166E-019   1.9011761679434571E-015   1.5142473550829061E-015  -3.4002840623021637E-015  -8.4617320680988231E-016   1.8409541957160515E-015   5.3912326486912588E-016  -2.5471328910387605E-016  -6.2914964558945101E-016   7.1868919463970318E-005  -1.2095499642733016E-015   1.6010202708040156E-016   6.2159473705819376E-012   1.8529929976140972E-012  -2.0406303962450640E-015   6.7077820043649859E-013   1.7161906157914974E-012   3.2116916698176915E-015  -4.8555040171522740E-014  -2.0689274719959643E-013   3.7717063522993463E-014  -1.0692956262240656E-014   1.4559682239081687E-014   4.2891062720395011E-015  -1.9882484391025763E-015  -5.0007990230278119E-015   5.7194343267253994E-004  -9.5585283621754139E-015   1.9308521978284570E-015  -1.4357257238888649E-015
  -3.2821245117711351E-012  -1.0886984171544091E-012   7.2745013777786129E-012   1.2607799206808211E-012  -9.3084807798571298E-008   6.8310357277344857E-018  -1.2438957197359279E-018  -9.3084806682957544E-008  -7.5261788527933338E-018   1.8616961448036785E-007  -5.9742034220350160E-012  -1.9816655367130926E-012   1.3203547860123779E-011   3.4012953945157176E-012   8.2093358628156383E-017   1.6325337132810788E-016  -2.9175800129905054E-015   3.6037187491316179E-017   2.3188384746494338E-020  -1.4652613415834368E-016   3.6625554425892323E-016  -2.9167625170903406E-015  -6.5515154028254397E-016   4.3504285119727702E-015  -5.6908556606337633E-006   1.9135187691617445E-016   2.2042157193163759E-017  -5.6908556275055974E-006  -2.6632463078991735E-016   1.1381711288149970E-005  -5.0862802735177749E-012  -1.6901671175885785E-012   1.1248231320944040E-011  -4.4484238490214334E-017  -1.7002346761061312E-020  -4.3420713710606260E-019  -1.4059648451494533E-017   5.4182398252600565E-019   8.0477139001151422E-017  -3.6414150981540532E-020  -2.9575145841759180E-020  -1.4466089928068007E-019  -2.3788973141177361E-019   2.2858248775488182E-018   1.1592859280352624E-018   2.1555191579704719E-018  -5.4536085679816541E-020  -5.6290123869746350E-017   1.8069186417498591E-012  -8.7572234405638927E-016  -3.2786208869242961E-016   2.2087557614604904E-015  -3.9110263646158670E-016  -6.4608078893150761E-020   1.5656957270660870E-015  -7.3372054112221944E-016   2.2087432134987309E-015   1.3113084751389623E-015  -3.2927045663919565E-015  -3.5934459863939970E-005   1.2453753682891088E-015   1.1810584364338833E-016  -3.5934459647527226E-005  -1.7125612468109558E-015   7.1868919511422160E-005  -3.2397264158032467E-012  -1.0694518730049407E-012   7.1788806750449050E-012  -1.9309433786533217E-012  -9.9262315954872183E-013   7.8135111289573235E-013   2.1307145007974977E-013   1.2817381438282090E-013  -6.9020889275719940E-014   3.2356353813228465E-012  -1.1454683610836019E-012  -2.8597171738343173E-004   9.8815794813692551E-015   9.5290205501717093E-016  -2.8597171566690122E-004  -1.3556077363711695E-014   5.7194343305026069E-004   9.4709781766706538E-014  -1.4123469988990334E-014
  0.15878928151589219       -3.6548871646782728E-014  -3.4186649790300361E-015   1.2401586791503399E-010   1.1947009830015624E-011   3.4331481772196931E-012   1.1432309873846612E-011  -5.9739404613027742E-012   2.8090188636267083E-016  -5.9742034220350160E-012  0.29147646170062325       -1.1051491440846664E-013  -7.0079840309135088E-015  -1.4504009926755396E-010   8.6374100355976317E-013  -5.1414716704333528E-015   3.5516314558934222E-016  -4.9003626893693652E-013  -5.4905840573194162E-015  -6.6893045970832372E-013   3.6519351901173652E-015   1.7800606197610061E-017   1.2961558526719031E-015   2.4594661019015724E-016   1.4450270315327589E-013   2.0085805048171644E-012  -1.2003372249835792E-011  -7.2813416752892898E-014   1.2944401244626546E-016  -7.3121891320783877E-014  0.24499282678379600        7.3845021965345551E-014  -1.5043319728275656E-014  -3.5070404630146524E-017  -1.1513338960775527E-017   1.3138745432169346E-017   1.1538896519012775E-017  -7.2685861913786932E-018  -6.8416888487555890E-017   2.3279530748651636E-017  -7.3727356872499668E-017  -1.4049766352356999E-017  -2.2740714451934740E-017   3.0458975168753765E-017  -1.0802844099691131E-017  -1.2350585927495197E-017  -2.1206084378843179E-017   4.3047224542153850E-017   1.7519663474032570E-010  -2.3877458592405905E-013   1.9058714112966926E-015   1.0626959265690146E-016   1.5463482028854693E-013   2.1659905292426318E-015   2.1162126397995330E-013  -1.0602499519850934E-015   8.7720372447985044E-017  -1.6156246277308102E-016  -1.5264441048106461E-017  -2.1799042712710837E-011  -5.4080003378541805E-012  -3.5604105667689576E-011   1.0900923995870796E-011   1.4759949370726264E-015   1.0897882576631606E-011  0.16137384005354735       -2.7562511000135052E-013   7.0994923594437545E-015  -3.8860607720449854E-005  -3.9406470570887623E-013   6.2520410812199270E-014  -2.7244706368125286E-004   2.6601896125350563E-013  -7.3431646286271529E-014   2.4262174467892726E-010   1.0870934992038316E-010  -1.8728823081451850E-010  -5.9268848768454951E-011  -2.0136174004933730E-010   9.3654961137149165E-011   1.0425761209753308E-014   9.3633113037045359E-011   4.0191033006774875E-011   5.9433145019808413E-012
  -3.5353919436064679E-014  0.15878928150442065       -5.9597766403267403E-014   1.4163788664433569E-011  -1.9831849052162293E-012   1.0344589299731289E-011  -1.1558130675543332E-015   3.9651997437267026E-012   1.1432509655035479E-011  -1.9816655367130926E-012  -1.1051491440846664E-013  0.29147646165588537       -2.2774152596731661E-013  -1.0516799040009789E-011   1.2511357189126154E-015   7.3405026595537610E-013   2.1366706590522569E-015  -5.5744515924032105E-015   5.2956256389518157E-016   1.3157599404420878E-015  -3.1445955698265347E-013  -6.3921776493983075E-015  -3.2103149514893574E-013   4.6785122572470458E-015  -1.1611389877108421E-012   1.2778060296212088E-013   7.1171207583633545E-016   2.3161528748176842E-012  -1.2004251100084830E-011  -1.1636367431060767E-012   7.0378069077212834E-014  0.24499282680439488        9.1628404912739299E-014   3.8561866353076534E-016  -1.7324277481689074E-016  -5.0637815803724728E-017   2.6841706312374992E-016   5.0445038990072867E-017   3.6420959819990410E-016  -1.8015796322724601E-016  -2.1884532218960363E-017  -9.1042437251467327E-017  -5.2193367417804109E-017   6.8885691865293350E-016   1.4888788162062916E-016   4.5865978484932390E-016   1.4969049090616234E-016   8.8170671924171651E-016   4.2752311189179260E-011  -9.7632683474931756E-016  -2.2961577064598144E-013  -4.3096633506536097E-016   1.5170089357548643E-015  -1.1359918278353383E-016  -9.1091368033689348E-016   6.9557218387141546E-014   2.7281893215162400E-015   8.9653800427796378E-014  -9.6456156806244200E-016   3.1225717718599641E-012  -1.8874640067611603E-011   2.6873850343077728E-015  -6.2426634040783780E-012  -3.5603972076877149E-011   3.1219853930690305E-012  -2.7514811652664067E-013  0.16137383995983579       -4.6666250099635377E-013  -3.5610126090441726E-013  -3.8860708372863342E-005  -4.7053584947859567E-013  -2.7223842841374813E-014  -2.7244707365032335E-004  -5.3229403306684007E-014   5.4334304999088736E-011   3.0026743200363681E-011   3.4219437756202807E-011  -1.6216729813068893E-010   2.0823669184921784E-014  -6.8427409853065097E-011  -2.0136307957500955E-010   3.4208193465944901E-011   5.8052361686097965E-012   1.0847418450237965E-012
   6.7970676010115006E-015  -5.5213502652965004E-014  0.15878928150222990        3.4922240268051243E-010  -6.6020002607011424E-012  -1.0518477961036925E-015   1.0345495365221686E-011  -6.5996518760002257E-012   3.4335349957349351E-012   1.3203547860123779E-011  -7.0079840309135088E-015  -2.2774152596731661E-013  0.29147646164790325       -4.7045238857798922E-010  -6.2953629425644885E-016   2.4811712212918187E-015   7.8564592007388869E-013  -4.6351263023043616E-016  -2.8941103502469177E-015   2.5767385972294260E-017   4.3479515389792452E-015  -8.7009604549105864E-014  -5.6925269416551942E-015  -5.9614297138083927E-013   6.9379897064721909E-012   2.9113577495905947E-015   1.2573702690010710E-013   6.9332239614222128E-012   2.0081424487108683E-012  -1.3859350539993075E-011  -3.5971479653853578E-015   9.8216094297186704E-014  0.24499282680844831       -2.6300030604300361E-015  -8.1453085560580306E-016   6.9594257378101599E-017  -9.2768097527396404E-016   2.1122885593017066E-018  -7.5907210614483236E-016  -6.4908537351066947E-016   6.5754176434853735E-018  -3.6520981556326789E-016  -2.2259978332381164E-017  -4.5759200490508982E-016   1.0350791310858391E-016  -2.3784053040558454E-016   3.0251608426074575E-017  -2.5018063130265069E-016   3.3163338771051981E-010  -8.0503500950720051E-017  -8.1145829955399923E-016  -2.4576763692605608E-013   7.2112606397783465E-017   6.9362037970065987E-016   4.5823778217277931E-017  -8.0697174985898151E-016   1.6304463421859716E-014   2.3140129400984768E-015   1.6366437026567946E-013   2.0557472268984759E-011  -1.3275372446194351E-015  -1.8875456342481244E-011   2.0557108589376987E-011  -5.4051288834301052E-012  -4.1116568434426177E-011   2.9529968555085169E-015  -4.6879392901289207E-013  0.16137383994222979        2.4803697888505179E-014  -4.7496221722912605E-013  -3.8860727699950581E-005  -5.2357662900481049E-015  -1.0910278943683081E-013  -2.7244707552996378E-004   4.2176631686078105E-010   1.0983906143211582E-010   1.1627680091472543E-010  -1.4933756074995640E-015  -1.6217497745171981E-010   1.1626834375841359E-010  -5.9249830301019757E-011  -2.3254502519095979E-010   8.5619318744519554E-011   1.2223494199606886E-011
  -1.9815453131711850E-010  -4.6580055394036127E-011  -3.9483779400302682E-010  0.31738331516908130       -5.2451607178484487E-012   1.5102492032153351E-014   1.1623593921095795E-015   2.2239692434854634E-012   3.9679846298978022E-014   3.4012953945157176E-012  -1.4504009926755396E-010  -1.0516799040009789E-011  -4.7045238857798922E-010  0.85837704533373838        7.9763023718897142E-015   1.0101212614212170E-014   2.5121716050846180E-015  -8.0584758337272285E-016   1.0119096649808350E-014  -4.8736483177774303E-015  -2.3322446236813103E-015   1.1810890901433049E-015   3.5080694087558917E-015  -1.2097602580470327E-015   9.4751002220462871E-012  -2.5869355027641983E-014  -1.3833785900491167E-015  -2.9236430967423249E-012  -6.7184525053899417E-014  -4.8868278024054756E-012  -2.6296253562866271E-011   3.2061156496332839E-011  -2.9290661405502085E-010  -6.7014801565256423E-014   4.0817614868905105E-017   1.9668986472711085E-016  -4.0788025006866269E-014  -4.6639351839515216E-017  -2.9289381783832477E-014  -3.3676719662723660E-016  -1.4235764507111750E-016  -1.2736179977302915E-016   2.9370756305699376E-017  -8.7355569166409049E-014   1.5955089889352941E-017  -1.5343799087820715E-014  -1.0048574951164264E-016  -9.4424428544663535E-014  0.46466957448633212       -4.4642549448051819E-015  -4.4811732953605406E-015  -9.3638491633763431E-016   2.2155999925572626E-015  -6.7967511700216452E-015   3.9609766615528141E-015   6.8561547773089319E-015  -6.4668567308268792E-016  -1.1320705330286261E-015   1.5104898403074797E-015   2.5918188573702355E-013  -1.4496481928569598E-014   5.5742032323025776E-015   3.1130150809610113E-013   4.5610545258343310E-015  -1.9278728283221276E-013  -6.6815410118600399E-010  -2.0641394202841939E-010  -1.1039044861632735E-009   9.7817284356652945E-012   7.7545876783743036E-011  -6.2106219104179641E-010  -8.2206575124449866E-011   6.6680925889236538E-012  -2.6219165070707694E-010  0.82630523920299404       -9.3466863599578672E-003   2.6877630616086331E-011  -1.6186217924813792E-013   2.6307865313633406E-014  -9.3399217975713495E-012  -1.7905402201091614E-013  -1.7399553921431032E-011   1.0768653149048953E-003  -9.0705582908816708E-006
   4.7110109945237615E-013   6.8296700058778882E-016  -3.4305388285488058E-016   2.9565105600240712E-015  -1.6456129679247489E-016   4.2386289591795614E-016  -2.5112825968042404E-015   8.2467938160528940E-017  -2.2356147135964778E-019   8.2093358628156383E-017   8.6374100355976317E-013   1.2511357189126154E-015  -6.2953629425644885E-016   7.9763023718897142E-015   3.7831555714968666E-023   1.9294842479712966E-025  -1.1511481216557874E-024   1.1808969074981135E-023   1.4731950183102569E-023  -6.2360527866711833E-023  -8.5526801424309286E-026   2.9726090735833128E-025  -4.3752725215886398E-026   6.4111969670173883E-025  -1.0060661893935809E-014   2.5913385467196661E-014  -1.5353039145086939E-013   5.0417811344381704E-015  -1.3667712235249047E-017   5.0188807594956164E-015   7.2508741829419099E-013   1.0489767836963631E-015  -5.2893786201001696E-016  -6.6347983090074045E-026   1.7563394198780389E-025  -1.2186264685252492E-024   5.3434677182401277E-026   5.6661953539173592E-027   6.6393497891861843E-026  -1.3299441057954920E-025   2.8786860856659171E-025  -7.7059413483901334E-026   1.0132780304314349E-024  -1.4247894177464423E-026  -5.4037901663898668E-028  -1.8633901538755780E-026  -5.3969398588984165E-028  -2.1000019204546336E-026   4.3750650670233142E-015  -2.9962041306082266E-023   2.9625989694980761E-024  -2.1788875177453165E-023  -6.3876647029121908E-024  -2.0325169719352358E-023   4.6854005443191394E-023  -1.6504173991222135E-024   5.4415295984393299E-024  -7.3392002620346859E-025   1.2190828593527317E-023  -6.3527257254875181E-014   1.6362803156442353E-013  -9.6945556482070858E-013   3.1835929935279233E-014  -8.6303691962629177E-017   3.1691327319593316E-014   4.7871957240855064E-013   6.9394934639979136E-016  -3.4862557335900983E-016  -7.5568003917671104E-013  -1.9689223489550737E-015   1.4336881502709808E-016   1.4609658517446197E-014  -1.4982582950933342E-015   1.7830537472079947E-016   7.6894998326834777E-015   1.6651466331759470E-015  -5.0555925781555209E-013   1.3021759440309905E-012  -7.7150699868062731E-012   2.5335501334959243E-013  -6.8681747548422772E-016   2.5220424446593295E-013   1.2230604655261968E-015   1.8018510600187493E-015
  -2.8045393182264408E-015   4.0020340011579650E-013   1.3533260028092506E-015   3.7444529650053049E-015  -6.5512226333108328E-016  -1.7042176841919125E-016  -1.0189285597339725E-018   4.9186889203811449E-016  -1.1232077665055024E-015   1.6325337132810788E-016  -5.1414716704333528E-015   7.3405026595537610E-013   2.4811712212918187E-015   1.0101212614212170E-014   1.9294842479712966E-025   1.1369469572712652E-023  -1.3666871416380969E-023   1.9319675066632163E-025  -2.2181889543490790E-024  -4.6479016579704275E-025   1.2282787291478849E-023   1.1971368372757433E-023  -2.7896521549807386E-023   1.2701478492736421E-024  -4.0051715167961851E-014  -1.0418948607792846E-014  -6.2293460270955013E-017   3.0071016752154530E-014  -6.8668707784426269E-014   9.9806984159593008E-015  -4.3156084573808124E-015   6.1648041242396749E-013   2.0824999023871296E-015  -2.9893726810576760E-025  -7.3714755478489254E-026  -2.7343529278750177E-027   2.5621750039912950E-025  -3.4352866142137511E-025   2.1014495546344827E-025   4.7059784430851374E-026   2.7674686135369485E-027   3.3236191557784559E-026  -1.3316378285781687E-027  -1.2781620800735073E-025   5.2454200971564249E-026  -7.9497190422530706E-026   2.2034175654618554E-025  -9.8165254843267616E-026   5.5427396270066979E-015  -5.3999361715355038E-024  -1.2459528278792262E-023   1.1763153547140838E-023   3.8973861965782107E-024  -5.6401913183335546E-024   3.3415906033027838E-024  -6.4592216702270000E-024  -1.4750055896290412E-023   2.0998325486118153E-023   2.2234585919249077E-024  -2.5290340098147126E-013  -6.5789630461055202E-014  -3.9334714942227653E-016   1.8988106686319989E-013  -4.3360314688350091E-013   6.3022334118153960E-014  -2.8498658309626969E-015   4.0668974980226184E-013   1.3751988927810689E-015   4.8950271334889100E-015  -4.2207441949063675E-013  -2.3094612509199428E-015   1.5237156094073065E-016   1.1149158012568500E-014  -1.1581871299028986E-015   9.7386012408644455E-015   2.1643544502422909E-015  -2.0126424658508570E-012  -5.2356355656655984E-013  -3.1303144763183457E-015   1.5111014606410288E-012  -3.4506776236684862E-012   5.0154100520968889E-013   4.9896151059996308E-016  -1.2965469364780170E-015
   1.9213735543948278E-016   1.1658773266495685E-015   4.2835127510313819E-013   9.2879263486255220E-016   3.8903715635773145E-015   3.8087373431904116E-019  -1.6954818179324489E-016  -9.7279155059318721E-016   1.8809587549468291E-016  -2.9175800129905054E-015   3.5516314558934222E-016   2.1366706590522569E-015   7.8564592007388869E-013   2.5121716050846180E-015  -1.1511481216557874E-024  -1.3666871416380969E-023   9.0644494781245027E-023   2.7008379563521878E-024   3.6234190843371194E-025  -1.1443629727656254E-024   1.2961378809114579E-024   2.3153697987536321E-024   1.1938724334894637E-023  -6.9528372678680668E-023   2.3784271188663449E-013   2.3285188664361952E-017  -1.0365540919696310E-014  -5.9472821543962308E-014   1.1499475117493011E-014  -1.7836989034319330E-013   3.0072043468464857E-016   1.7941560316360323E-015   6.5978358721662773E-013   1.7696387166596800E-024  -9.4180604637174916E-027  -8.1600753784365242E-026  -9.2567405694258788E-025   4.6197800350422241E-026  -1.8610526492314420E-024   9.9755084818922613E-027   1.4701736377002239E-026   6.2713678956542002E-027   7.6971103345718824E-026   4.9820060808787544E-025  -1.9527458957946974E-026   3.2485827238968883E-025  -3.6314010353192282E-026   1.0684496523434864E-024   1.3609550110726018E-015   3.4871981637913605E-023   2.5977273064852320E-023  -6.9477391521356172E-023  -1.8509871222572458E-023   3.2893004672382939E-025  -2.8266613084571996E-023  -5.7346677410364005E-024  -5.6261283178696278E-025  -1.8276282073286230E-023   5.2177057779886086E-023   1.5018390719675668E-012   1.4703248926391649E-016  -6.5452391824250613E-014  -3.7553644777746203E-013   7.2612529881354315E-014  -1.1263026241890803E-012   1.9538069568113214E-016   1.1847244815370466E-015   4.3529225939286597E-013   1.8306157248746825E-015  -2.2223759902624571E-015  -4.7599504906016325E-013  -5.5797768270696000E-017   5.2077597755027893E-015   1.5349856645697923E-014   2.4179387219426467E-015   4.5628857656374336E-017   1.1951856247847384E-011   1.1701061773539859E-015  -5.2087976189227162E-013  -2.9885742910569745E-012   5.7786119371480555E-013  -8.9632819567889573E-012   1.8006573998854551E-015  -3.2230333537059380E-015
  -2.6710244339300244E-013  -3.0404033968778077E-015  -2.5205400773872814E-016  -3.0534408583138228E-016   1.1091765295412241E-016  -7.5606795970899853E-016  -1.1234265821772587E-015  -1.4695484044235463E-016   1.8499102362883889E-019   3.6037187491316179E-017  -4.9003626893693652E-013  -5.5744515924032105E-015  -4.6351263023043616E-016  -8.0584758337272285E-016   1.1808969074981135E-023   1.9319675066632163E-025   2.7008379563521878E-024   1.0818640774771362E-023  -9.8587935424803583E-024  -2.6717151189375143E-023   2.0009400325557953E-025  -3.0616297115680873E-024  -4.3435844443378259E-025   2.7205508603265202E-025   6.7810900506480286E-015  -4.6223156020642234E-014  -6.8682082141603102E-014  -8.9842678136106337E-015   1.1309670504243636E-017   2.2031777629443611E-015  -4.1165359562320505E-013  -4.6794711436875288E-015  -3.9028973354713350E-016   4.9803898921786805E-026  -3.3201501564274466E-025  -5.4812957673840729E-025  -6.0332912993986372E-026   4.7029759944828446E-027  -1.7546851655879288E-026   2.3380483283713032E-025   1.3189967921602489E-025   1.6075061423928935E-025   4.5066328928294298E-025   3.0023940236208441E-026   2.9766916525387334E-027   1.7695948205520412E-026   1.7877569205176304E-028   9.0268959949089231E-027  -4.9495301107185256E-016  -6.5538989958353185E-024  -6.3457428410213691E-024  -1.2180806896787052E-023  -1.2917211781260816E-023   3.3675582075836502E-024   2.1599424912058454E-023   2.9586074101559608E-024   4.8539886249721854E-024   2.3884364124220660E-024   5.4656478192438495E-024   4.2818659099732733E-014  -2.9187247818320578E-013  -4.3368759843009942E-013  -5.6730451537005073E-014   7.1414023024109277E-017   1.3911792437311584E-014  -2.7143726482420085E-013  -3.0895676006957066E-015  -2.5619486809405717E-016   1.9403856972987105E-013   4.8995732279412603E-015  -6.0822486709598870E-016  -5.4884259693857843E-016   5.0607970449861765E-016   2.1060763078357595E-016  -7.8696816248619669E-016  -1.8086556288627987E-015   3.4075718755214539E-013  -2.3227641143710119E-012  -3.4513497017803678E-012  -4.5146927811933962E-013   5.6832329824699983E-016   1.1071209056719814E-013  -2.3556407204728397E-015  -2.2446721544019648E-015
