  0.15509649793298327       -1.1936447662585829E-016  -9.4948214106479598E-016  -7.7002294325254382E-011   3.0616383507482747E-012   6.3101116858552124E-013  -2.4917358413575314E-012  -1.5307600514921814E-012  -2.1145035555746776E-017  -1.5305079111379755E-012  0.13288259606865857       -3.5883949999273732E-016  -3.0913290141087894E-015  -4.8058175664901250E-011  -1.1939992729033581E-014   6.7573507955763356E-017  -8.1874175385784537E-017  -6.5144883263649433E-015  -1.0194819749162529E-016  -7.6429652990169772E-015   7.9994869787507723E-017  -1.6315505486789099E-016   1.0997424406486626E-016  -2.2488211259024143E-016   8.6592929123598064E-013   2.6992958069813139E-013  -7.7799756563568804E-013  -4.3291914123747059E-013  -2.4216777160163959E-016  -4.3245942499493789E-013  -6.2981682412077574E-011   8.4176887700799632E-002  -7.1802945540956229E-017   1.7920299702299823E-016  -7.2400149015580329E-017  -4.3762325671592105E-017   9.0523439950656256E-017  -3.0255944356477010E-017  -3.5435765822132840E-018  -3.4767155148856755E-017  -3.8325628636712422E-017   4.1923663389455048E-017  -4.5010468487904809E-017   8.4117261591371322E-017  -7.5072251214296790E-017  -1.3463261644198980E-018  -1.7945179075539713E-017   3.6609761237771611E-018  -4.5548778307517607E-017  -2.7607747366097176E-015   1.6552096832671582E-017   1.5130037980783822E-017  -6.8074036599458550E-016   3.2286229462024927E-017  -8.7097484301682838E-016   2.7816922759417649E-017   2.3860165619228545E-017  -5.1839365942252651E-017  -7.7658015926611588E-017   5.1155563959471050E-013   1.1913291087561119E-012  -1.3161818643859044E-012  -2.5572003920234948E-013   8.7213052975379238E-017  -2.5606662186252288E-013  -1.0494003956914402E-002  -3.4759915599660814E-015  -1.0152032427990290E-015   5.0592133497821566E-002  -2.3373922795232137E-016  -9.2595148451853046E-015  -1.0087299338973150E-010   2.2291947393913390E-011  -3.5306272718520268E-012
  -1.1936447662585829E-016  0.15509649793296754        6.5410510035292798E-016  -6.3497419616198106E-011  -3.6365002624552300E-013   2.6514240229171426E-012  -9.5941603850884248E-017   7.2922588314865078E-013  -2.4913033542122517E-012  -3.6453237654390653E-013  -1.0450654545662453E-015  0.13288259606866254       -1.8080414391179800E-016   2.6904355599862977E-010   4.7251519542942414E-016  -1.1377458096276942E-014   2.5987755412363506E-017   2.6814340019872696E-016   3.4453993824294347E-017   2.4106324645996783E-016  -2.4030822141785817E-014   1.3529460431518908E-017  -1.3255004871415365E-014   1.4793810596822668E-017  -1.5460897246691260E-013   7.5008475677404072E-013   2.0262504958461728E-016   3.1233769124798866E-013  -7.7797428311710004E-013  -1.5509451036586645E-013  -1.3747752635435745E-011   1.0255639031876436E-016   8.4176887700804601E-002   1.0638733719785555E-016  -4.0524678498275764E-016   1.9745307976430594E-017  -5.6273403959111869E-017  -2.2298485876918173E-016   2.1472018366465877E-017  -1.7739854494210703E-016   1.7184555516676612E-017  -2.7778140729480369E-017   8.8862193292839599E-018  -5.9507537520190825E-017  -3.4324196496446189E-016   4.8338505369731425E-017  -1.5517874209445279E-016   4.4270238233444865E-017  -1.6908945441185995E-016   1.9440662768889967E-016  -2.4128539418394972E-015  -5.9007492525450278E-018   6.1723374397967899E-017   2.6291176342032479E-018   5.6405818979440024E-017  -5.5879592805288464E-015   1.0982891568935531E-017  -2.2240678471392747E-015   9.2220011347767133E-018  -6.8808670251080887E-013   4.4293469143955797E-013  -6.1049636456551486E-017   1.3754963479892286E-012  -1.3162290617955053E-012  -6.8806663046460613E-013   1.9839115350114677E-015  -1.0494003957092836E-002  -2.2851230810331110E-015   1.1189659530780830E-015   5.0592133497669188E-002   2.8395967250112092E-016   1.2674907928290057E-010   1.8453383251640029E-011   6.2081355543233193E-012
  -9.4948214106479598E-016   6.5410510035292798E-016  0.15509649793296434        1.0976381768279561E-010   1.4382803707388310E-012  -5.5560916368757936E-017   2.6516025145024342E-012   1.4388888808588067E-012   6.3122407918588634E-013  -2.8767509625757621E-012  -1.6120155199943270E-015  -5.9853215467739582E-016  0.13288259606873978       -1.8726368921831314E-010   2.3712729885690381E-017   8.4838223040401997E-018  -1.8435550765284807E-014  -3.5140844450996308E-018   5.5414053093970650E-017  -3.5854533502578032E-017   4.6058903431818647E-016  -1.8954359637542946E-014   1.6606570023440769E-016  -4.2846567845013717E-014   4.5015178606332589E-013  -1.6710851345077647E-016   7.4922865291667343E-013   4.4942295613126258E-013   2.6965880316872718E-013  -8.9729658331693439E-013   5.8152396148400345E-011  -2.7117549848385206E-016   6.0822580426689055E-016   8.4176887700782979E-002  -1.7056360397902577E-016   1.5666936117671798E-017   2.1396626713364433E-016   3.9178055962102342E-017  -1.1340373322738322E-017  -2.2828368074971365E-016   7.8881912322263648E-017   6.5664891301092165E-017   5.0301352680481868E-017   1.8047691188185310E-016   2.3087323777636578E-016  -2.1345094370085955E-018  -1.4677412551102031E-016  -2.6699757358434456E-017   7.3502654551740060E-017   2.6855983857384266E-017   6.7390154147502443E-017  -3.3009980665764476E-015   1.8416764725681308E-017  -4.5972735624119054E-018   2.8690726368049709E-017  -5.8513304272684578E-017  -3.1395289372399652E-015   2.1324283840199508E-017  -8.5350053937378161E-015   7.6003992207707180E-013  -1.7559821242329820E-017   4.4310909788468228E-013   7.6011429379481571E-013   1.1913617528439409E-012  -1.5198187101219633E-012  -1.5498241619692071E-014   3.5862318225974464E-016  -1.0494003956860834E-002  -8.5856622515788652E-015  -7.1568048418309668E-017   5.0592133497854255E-002  -3.0175377686135952E-011  -3.1919051230123759E-011  -2.5309451061466655E-012
  -7.7002294325254382E-011  -6.3497419616198106E-011   1.0976381768279561E-010  0.14463096071882356       -1.8186686827395271E-014   1.3744256754262440E-016   1.8541351908791138E-016  -2.0771613116632614E-014  -2.1942446229708756E-016  -1.7117154128972102E-014   4.9304629339104589E-011  -1.4848440163265044E-010   8.6417355831234601E-011  0.34181040554817521        3.2931677884198457E-016  -2.9546910498635770E-016   2.0438808817039643E-016   4.5518537516384370E-016  -1.7372988281718784E-016  -9.9610453731266021E-018   5.5535470900733055E-016  -4.7339316273045951E-016  -3.6588680331671746E-016   3.9525695086205743E-016  -1.0939676271990678E-013  -1.2548545237020069E-015   2.7243728003847126E-016  -3.2707053594251697E-014   1.3691559625167928E-016  -2.4059434118242097E-014  0.15658686863485760       -1.0159532556926753E-010  -3.5064775761154387E-011   1.0447450049526433E-010   3.0560771268496708E-014   1.3454238600210988E-017  -1.1097073291131889E-016   1.0784960249758650E-014  -9.0809898486985814E-018   3.0719715007909307E-015  -3.9807209385135134E-017  -2.6462139467581406E-017  -1.1778036756175321E-016  -1.2112344716067640E-017   1.0470892819341981E-014  -7.4040243158145652E-017   2.7931344007818112E-014   1.5134094439667882E-017   1.5832887803811951E-014   8.3731917101428441E-017   1.1666225127600314E-016  -1.6090302233460297E-016   2.9092071991277345E-016   1.4414990950281726E-017  -1.6161085713449403E-018  -3.7400903679043711E-017   3.1533186264292991E-016   1.1222512621268598E-016   1.1540027059484396E-016   1.6474014410678215E-014   4.4761112891840295E-016  -1.0835495169096752E-016   2.8561269710121233E-014  -1.4484630727030937E-016   4.5098097568292418E-014   5.2307259121675657E-011   3.8018029232578691E-010  -3.5410950905511037E-010   2.7492711723696720E-010   9.9323734396617952E-011  -2.8657312717547600E-010  0.27601741705589938        5.8815583696189989E-003  -1.8774426334963973E-004
   3.0616383507482747E-012  -3.6365002624552300E-013   1.4382803707388310E-012  -1.8186686827395271E-014   1.6094724142813437E-022  -2.8384523903370197E-023  -1.1304715497769005E-023  -1.0455077482731547E-022   5.5961861741593559E-023  -5.6425074934225931E-023   2.5999658267500285E-012  -3.3089949315040987E-013   1.2396709103434945E-012  -4.2203622093984103E-014  -2.6220034155189171E-025   3.0614638076401948E-026  -1.7824201099425692E-025  -1.3855909934584144E-025   6.4396482518977282E-027  -1.5977478666865976E-025   2.1127322742691781E-026  -1.4418668816638514E-025  -2.3009010416998059E-026  -3.8366436922339567E-025  -1.1070351555782984E-022   3.0743164104296018E-023  -3.4653041110842838E-024   1.2030972743752036E-022  -3.9791230413750671E-023  -9.6981484303683991E-024  -2.1272400206622822E-014   1.8576836497074801E-012  -3.3774266913477369E-014   7.1807861298567994E-013   1.5568891425719224E-026  -1.3661738785571033E-027   4.2163950682249805E-027   1.7321968730353266E-026   3.0891995396399883E-028   6.8208062204894828E-027   6.8512396527576291E-027   2.1088635180344267E-028   8.1952715727020892E-027   3.6963465456642522E-027   2.3058499063204308E-026   2.8917221917845413E-027  -4.7103553551012768E-027   1.0435031366132495E-027   7.1091854113565802E-027  -3.0130632120965422E-026   1.8147524361957701E-025  -1.1300322799483100E-026  -1.3226065143478549E-026  -4.6721442986040042E-027  -1.8947839339962909E-026   4.8142546746912548E-025  -3.8527063105652999E-026   2.3665045247382589E-025  -5.9085512500290749E-026   9.4025115467662672E-023   2.6030614153073754E-023  -4.3297797022785022E-023  -6.7990876241698833E-023   2.1775028693450493E-023  -2.5980163297851398E-023   9.4973495136712464E-012   8.1239670293377740E-012  -3.1932294747696357E-012   9.7510258517923073E-013  -1.3831589089260980E-013   4.7669175607770487E-013  -3.4593439432561723E-014  -6.0230171000256727E-014  -1.0129160702704780E-014
   6.3101116858552124E-013   2.6514240229171426E-012  -5.5560916368757936E-017   1.3744256754262440E-016  -2.8384523903370197E-023   1.8413806593703987E-022  -4.8518249828590840E-023  -2.8463852908155238E-023  -1.9557066660662202E-023   5.6874761009702680E-023   5.7410227277839780E-013   2.2515924678057601E-012  -4.4384809587334568E-017   3.2992788648320770E-016  -1.8996246803378965E-027  -1.7668525004843732E-025   6.7506232289823969E-028  -1.6027517653246941E-027  -7.9752647700394764E-027  -1.7589638600034180E-026  -4.6182484282865989E-025   3.3212303677830856E-026  -2.6569422909206897E-025   4.0223885731120086E-026   8.0060839408645212E-023  -1.7945681333804874E-022   2.3959241525593559E-023   3.0803693749196694E-023  -2.9608964443458706E-023  -1.1097422552138984E-022   1.4021057812598946E-016   5.9279698659098681E-014   1.6089196651221462E-012  -5.7386956607257811E-017   3.0543804043660336E-026   7.6997970467242790E-027  -3.2586002529887211E-027   7.2147538733336093E-027   1.5535324531483076E-027   2.0225138366803812E-027   7.7225235250497298E-027  -1.9037711446975143E-028  -3.3259133104946170E-027  -2.1509331362471767E-027   2.8157823519484381E-026   6.0902839584086169E-028   6.7726489443844955E-027   4.0066368055486675E-027   1.3125879176163443E-026  -3.4106563305864726E-026   1.3553023525107847E-025   2.1444181297145266E-026  -4.5834155700695295E-027   3.0110048357700770E-027  -8.1708236061588444E-028   4.0332243957910368E-025  -1.0513302952296048E-026   1.9412208879352191E-025  -3.8942334107371372E-027  -7.3995045093529592E-023   1.1108384928288177E-022   2.5200905842245764E-024   2.6003802727488200E-023  -2.7200361193739758E-023   4.8034687413905323E-023  -1.4063461083590422E-011   8.2316867210016890E-012  -1.3444728085004524E-015   2.3992673295415377E-013   8.4443660189802472E-013  -1.4845547695144606E-017   2.6299828699836246E-016  -2.7735044495023770E-016   1.8512753361307181E-015
  -2.4917358413575314E-012  -9.5941603850884248E-017   2.6516025145024342E-012   1.8541351908791138E-016  -1.1304715497769005E-023  -4.8518249828590840E-023   1.3607806412347041E-022   2.2628402539766412E-023  -4.9299738159536674E-023  -1.1320642792589001E-023  -2.1476717442425092E-012  -8.1455231871273536E-017   2.2517559808727115E-012   4.5663935144008913E-016   1.7441497194210184E-025   9.3123184490356626E-027  -3.2519627249914380E-025   1.0102776823688714E-025   2.1876113299294049E-027   1.2409906486530021E-025  -5.2027806171176930E-027  -3.4221308633574443E-025   1.3403948391584214E-027  -7.8390694444392600E-025  -4.4250604091097223E-023   4.5045224554472165E-023  -4.9451049605284707E-023   4.7802397248388039E-023   8.1942163548764398E-023  -3.3917881445405456E-024   1.6322583470335352E-016  -1.2439013007966156E-012  -5.8375136177447205E-017   1.6089269642863769E-012  -2.3420462679034337E-026   3.7352352410536432E-027   1.2940842654219279E-027  -1.5974551330076195E-026   3.0345869174672191E-028   2.6352511595881537E-027  -1.9959647054997244E-027   1.6515365225899250E-027  -1.4615966348057836E-027   4.7252334367540577E-027  -1.5563391159070868E-026  -2.7455200884280819E-027   3.4966326171379564E-027  -1.2989792787658263E-027  -3.3884966727200837E-026   5.4050030720124125E-026  -7.6103479855992761E-027  -8.0172789142840705E-026   6.8149662697489234E-027  -4.9730820490487543E-028   1.1484944022109393E-026   3.6365360544981918E-027  -6.6898423985632818E-026  -1.5961401230240550E-027  -1.8047331076223535E-025   3.9455412830363201E-023  -4.0306093117301267E-023   6.9070553018777115E-023   3.8216758742196215E-024  -1.2769687770577407E-023  -4.3314599082785135E-023   5.5383944229000977E-012  -3.0561045066512888E-016   8.2272398404436033E-012  -8.2585567857132069E-013  -3.0537043845130661E-017   8.4450560891253707E-013   3.5655774995392163E-016  -1.4019142998849164E-015  -1.9725877131648576E-016
  -1.5307600514921814E-012   7.2922588314865078E-013   1.4388888808588067E-012  -2.0771613116632614E-014  -1.0455077482731547E-022  -2.8463852908155238E-023   2.2628402539766412E-023   1.8242639465752520E-022  -2.7992881583439221E-023  -7.7803313210362245E-023  -1.2999209657659933E-012   6.6343290190770345E-013   1.2401977989348428E-012  -4.8234855129615359E-014   1.3470965888113399E-025  -7.9036503490255823E-026  -1.5464464571820901E-025   6.3272996236924854E-026  -1.1154767700204885E-027   7.6677709599833323E-026  -1.1068808169242049E-026  -2.2495320737455494E-025   3.7564796463071070E-026  -4.0438603248290097E-025   1.2053941266183088E-022   8.0267810135730872E-023   4.7744765882826137E-023  -1.8685522772395878E-022   1.6497874192307145E-024   6.6584035636484485E-023  -2.4230462355914123E-014  -9.2890528216167686E-013   6.8729864065204920E-014   7.1836205624744056E-013  -4.3894842757027318E-026  -6.7661478059958630E-027   3.3144369688723498E-027  -1.8237197308683029E-026  -1.8843663988623596E-027  -2.1890539307215598E-026  -9.7845081837629976E-027   5.2906638908020939E-028  -4.2762008877351154E-027  -9.7816030282328602E-028  -3.5244805677417045E-026  -1.0185373463245384E-027  -1.8891548999380089E-026  -3.6049218704382910E-027   5.5102401355839511E-027   1.2157402721287866E-026  -3.4976471949512731E-025  -5.1249959561214151E-026   1.2812301028179969E-026   3.5977290977506127E-027   1.2410100326858587E-026  -9.7716199753009955E-025   1.1688456388480063E-027  -4.6495496782884982E-025  -7.2157357345636289E-026  -6.8070359916157323E-023  -7.4095349774758397E-023   3.8457305358337738E-024   1.0316917369013236E-022   2.6172816258616169E-023  -3.5161259751623743E-023  -4.7534091805296458E-012  -1.6241325788553297E-011  -3.1955886132695277E-012  -4.8752050424156904E-013   2.7724359825785287E-013   4.7689588699513212E-013  -3.9515088340118634E-014  -6.6355492501031623E-014  -1.2345477370855268E-014
  -2.1145035555746776E-017  -2.4913033542122517E-012   6.3122407918588634E-013  -2.1942446229708756E-016   5.5961861741593559E-023  -1.9557066660662202E-023  -4.9299738159536674E-023  -2.7992881583439221E-023   1.5749991804181285E-022  -2.8022520121673656E-023  -1.2005088691019887E-017  -2.1472934948274335E-012   5.7429259621718881E-013  -5.2396332877643338E-016  -2.4119740201268282E-027   1.6935219550791550E-025  -6.3559962243658238E-026  -6.7771612056104570E-027   6.3057973453233508E-027  -1.2802177156130733E-026   3.7768318667081834E-025  -2.4975282163941457E-026   1.7394232870532900E-025  -8.6286409530975680E-026  -3.9948708162661917E-023  -5.3201945281350378E-023   1.1044569380539572E-022   3.8047259231121555E-023  -1.2575998873617376E-022   1.5845410023593068E-024  -2.2822313360517654E-016  -6.3188147202155049E-017  -1.2437317761576667E-012   5.9328346224302507E-014   4.9552973556947595E-026  -4.9138957081070075E-027   3.3890680892566382E-027   4.0254879860556771E-026  -6.9046093527207025E-028  -3.3972541830486744E-028   1.0185028251037560E-026  -1.8975388343386304E-027   1.0641583375205112E-026  -2.2817742146288278E-027   4.9576354026210002E-026   5.2297133304117993E-027  -6.2453602823157901E-027   1.0896613912554360E-027   5.8517709874967385E-026   2.7331234130128288E-027   1.6705531252748435E-025   3.2214324956988456E-026   5.5807041556996184E-027  -4.0748589996057186E-027   2.0019370607264572E-027   3.9208212569884091E-025  -1.3952707025529591E-027   1.9405120136632569E-025   3.0982013485611191E-026   2.1857628107859138E-023   2.0592484978778614E-023  -7.0540576606994891E-023  -4.7945188423534318E-023   7.8245366539747629E-023   2.6200134604517797E-023  -2.5587904842029131E-015   5.5351370090973074E-012  -1.4066788022353349E-011  -6.7213979917863184E-019  -8.2570675278243249E-013   2.4000423855501567E-013  -4.1949569583383071E-016   3.0638411630751167E-016  -1.6367615657531069E-015
  -1.5305079111379755E-012  -3.6453237654390653E-013  -2.8767509625757621E-012  -1.7117154128972102E-014  -5.6425074934225931E-023   5.6874761009702680E-023  -1.1320642792589001E-023  -7.7803313210362245E-023  -2.8022520121673656E-023   1.3422493314692340E-022  -1.2997170222309840E-012  -3.3162583305919520E-013  -2.4795180271788745E-012  -3.9652137599008983E-014   1.2736976815614472E-025   4.8387994505561647E-026   3.3300663933607238E-025   7.4937431284250924E-026  -5.3141921603472956E-027   8.2874447329031715E-026  -1.0141476356259746E-026   3.6924428788546662E-025  -1.4431091317848651E-026   7.8799343266470529E-025  -9.7021863990166416E-024  -1.1100207127583577E-022  -4.4295657388407183E-023   6.6498684942845776E-023   3.8177493025668207E-023  -5.6861844309951379E-023  -2.0165295681953395E-014  -9.2866618945988909E-013  -3.4503906416596278E-014  -1.4361485199362538E-012   1.7486676852222243E-026   8.1064069415755512E-027  -7.4760344823930404E-027  -2.7427862529885376E-027   1.5940891995928885E-027   1.5766604088239478E-026   2.8956331981357990E-027  -7.5007205916143621E-028  -3.9468420063371546E-027  -2.7497174558346351E-027   1.1236499255122644E-026  -1.8555974655164515E-027   1.1670223724904369E-026   2.4810087669768248E-027  -1.6383950861843960E-026   1.7708808163490552E-026   1.6820746222480849E-025   6.2499647317397692E-026   4.6109503803396500E-028   1.0875018341603820E-027   6.5481189208351623E-027   4.9535341439972142E-025   3.7342867550864215E-026   2.2806314027853693E-025   1.3131979565229617E-025  -2.5983909177093510E-023   4.8058593869924727E-023   3.9469291231096358E-023  -3.5122833617624063E-023  -4.7962924626024793E-023   6.1122395374978729E-023  -4.7483640946253598E-012   8.1116120850709975E-012   6.3920142096265344E-012  -4.8745056550720868E-013  -1.3857352468529377E-013  -9.5345903846994268E-013  -3.2548723036540208E-014  -6.2150643950080632E-014  -1.2937857147798780E-014
  0.13288259606865857       -1.0450654545662453E-015  -1.6120155199943270E-015   4.9304629339104589E-011   2.5999658267500285E-012   5.7410227277839780E-013  -2.1476717442425092E-012  -1.2999209657659933E-012  -1.2005088691019887E-017  -1.2997170222309840E-012  0.11386149019641341       -1.1341682422896090E-015  -3.3906459879927157E-015   2.3040142397442026E-010  -1.0216980710362441E-014   5.9868432266083462E-017  -6.8220052201047532E-017  -5.5758492909169106E-015  -9.0269453312924945E-017  -6.5452663555060588E-015   6.7793334364433878E-017  -1.3880826393292035E-016   9.7884000656495143E-017  -1.8495797733924227E-016   7.8330772669983730E-013   1.8819918350304738E-013  -6.5751163340182809E-013  -3.9163411608702391E-013  -2.1823528654650534E-016  -3.9121019286298311E-013   6.7391542444814020E-011   7.2025937994182207E-002  -4.3863706726614426E-016  -7.2306852728188460E-016  -5.7719411893842903E-017  -3.6222978032397208E-017   7.7088181336836076E-017  -2.6142645690801226E-017  -2.9493772490744503E-018  -3.0938989277311287E-017  -3.2495219285915610E-017   3.6096624774496753E-017  -4.0553323246852374E-017   7.1557058289753771E-017  -6.0829776988094474E-017  -1.5708259358688488E-018  -1.4162461661502336E-017   3.5189150438246863E-018  -3.5186738252768843E-017  -2.3752690722361787E-015   1.3891318880249513E-017   1.4883979794180544E-017  -5.8348218953683242E-016   2.9141870453322333E-017  -7.4535546205228483E-016   2.5702877138445939E-017   2.1220494808757957E-017  -4.5812008459294484E-017  -6.8767628897378731E-017   4.1039630172584301E-013   1.0391586323201805E-012  -1.1250369780562826E-012  -2.0513417028865564E-013   8.1130357554791600E-017  -2.0545652842796298E-013  -1.3674724785458715E-002   3.5602030401291152E-015  -2.8250455864342631E-014   4.3357396774193896E-002  -5.2280953786112030E-016  -8.9642537782923542E-015   1.3417073260093640E-010  -1.1980504866592357E-010  -9.9002092838373455E-013
  -3.5883949999273732E-016  0.13288259606866254       -5.9853215467739582E-016  -1.4848440163265044E-010  -3.3089949315040987E-013   2.2515924678057601E-012  -8.1455231871273536E-017   6.6343290190770345E-013  -2.1472934948274335E-012  -3.3162583305919520E-013  -1.1341682422896090E-015  0.11386149019643084       -1.1290405511723895E-015   1.0527469544120487E-011   4.0483190815528488E-016  -9.7543882065339217E-015   2.5170021779764844E-017   2.2774759323631438E-016   2.9185342051677726E-017   2.0635357033310380E-016  -2.0561632849569043E-014  -5.5060555433945617E-018  -1.1328418991053986E-014   2.7803694505988027E-018  -1.0754291095308350E-013   6.7854195698585437E-013   1.7288564471883768E-016   2.1790149330565034E-013  -6.5749145922632619E-013  -1.0802847894707278E-013  -1.1346980604240728E-010  -9.3547569752977852E-018   7.2025937994200540E-002  -4.4234531652944908E-016  -3.6101659719257136E-016   1.4837660538703064E-017  -4.7513276261446750E-017  -1.9760720908560387E-016   1.7872300682824133E-017  -1.5679292572189467E-016   1.1068940944572545E-017  -2.3567548914357349E-017   6.1320736542104661E-018  -5.1017446966636078E-017  -3.0735910771261043E-016   4.0837624259549434E-017  -1.3620088729928131E-016   3.6765382438809893E-017  -1.4747064361872355E-016   1.6463238056710504E-016  -2.1661550146642464E-015  -1.3814281138634006E-017   5.4077730441515487E-017   3.1408182209570548E-018   4.8800561086592748E-017  -5.0622237853448101E-015   1.6721011760104153E-017  -2.0372392471676483E-015   6.2670030697531188E-018  -6.0021466802587778E-013   3.5532337144905658E-013  -5.3023021990107657E-017   1.1997937135030575E-012  -1.1250801497006563E-012  -6.0016689640735698E-013   3.0490634728503734E-015  -1.3674724785436014E-002   3.6343656987505949E-015   7.6752219046772854E-016   4.3357396774062633E-002  -1.0121506353045668E-016  -7.1977340913279266E-011   3.9451383530838958E-011   3.9975400130242261E-012
  -3.0913290141087894E-015  -1.8080414391179800E-016  0.13288259606873978        8.6417355831234601E-011   1.2396709103434945E-012  -4.4384809587334568E-017   2.2517559808727115E-012   1.2401977989348428E-012   5.7429259621718881E-013  -2.4795180271788745E-012  -3.3906459879927157E-015  -1.1290405511723895E-015  0.11386149019656737       -1.7978356311919140E-010   2.2008103818684133E-017   2.9904181370610227E-019  -1.5790012670996865E-014  -4.5935535607190456E-018   4.9565516466045931E-017  -3.3723520970636180E-017   4.0167643800313169E-016  -1.6228643969126157E-014   1.3979832980331060E-016  -3.6684098287782910E-014   3.8042417111100393E-013  -1.4579310885015159E-016   6.7778658715839322E-013   3.7981007276384956E-013   1.8796095291034714E-013  -7.5834929501309731E-013   4.3997193348690657E-011  -4.7676171881599489E-016  -1.4681744190493471E-016   7.2025937994216277E-002  -1.3678981938467657E-016   1.1070601468788443E-017   1.8412764288679574E-016   4.3261650388280257E-017  -1.0016835587113490E-017  -1.9817311167429353E-016   6.9572125457527604E-017   5.5476515885900154E-017   4.6063621691653125E-017   1.5328851184677043E-016   2.0713966620557629E-016  -4.0975487170580835E-020  -1.2969674152164192E-016  -2.2683565449785172E-017   8.0531926249117940E-017   2.4192195586841150E-017   6.2654895615918176E-017  -2.8163462926452360E-015   1.8406089334686578E-017  -4.9397052777512239E-018   2.5694496399601837E-017  -5.4168057740182118E-017  -2.6832076732556661E-015   2.0714958230486674E-017  -7.2911940325122121E-015   6.4967592797440384E-013  -1.4330878257949840E-017   3.5548174480498068E-013   6.4972924350443133E-013   1.0391856627762273E-012  -1.2990935725711692E-012   3.8076273437762717E-014  -1.3090769068266285E-014  -1.3674724785603422E-002  -7.8617149668296986E-015  -3.7045662320134574E-016   4.3357396774261828E-002  -3.9997897497828950E-011   5.6312618189215940E-011  -2.5612975169841628E-012
  -4.8058175664901250E-011   2.6904355599862977E-010  -1.8726368921831314E-010  0.34181040554817521       -4.2203622093984103E-014   3.2992788648320770E-016   4.5663935144008913E-016  -4.8234855129615359E-014  -5.2396332877643338E-016  -3.9652137599008983E-014   2.3040142397442026E-010   1.0527469544120487E-011  -1.7978356311919140E-010  0.80815070170356962        7.7920453385613965E-016  -7.1865229189328465E-016   5.1971863353163082E-016   1.0566448908442307E-015  -4.1701800923924491E-016  -4.7818515036276196E-017   1.3209946727944924E-015  -1.1142129347150251E-015  -8.6938500179129892E-016   9.6168996898360820E-016  -2.5653158582837186E-013  -3.0154949116437040E-015   6.3991975286842861E-016  -7.5544011281163434E-014   3.2766444132468296E-016  -5.4909140520032046E-014  0.36937857714612854       -1.4513029620917013E-010   1.2074832138891399E-010   7.7048595550158218E-012   7.2448657196833928E-014   3.0268329252593971E-017  -2.6287361078255082E-016   2.5613759011503362E-014  -1.9795139692935685E-017   7.5679611335576544E-015  -9.9085059757672728E-017  -6.7260641233831201E-017  -2.8756294062778369E-016  -3.5960197144067763E-017   2.5247069387844777E-014  -1.7675186760881303E-016   6.5901672423809719E-014   2.5350192172052727E-017   3.7816722666150013E-014   1.7340728344016836E-016   2.8764390232491791E-016  -3.9258553940621503E-016   7.0662574295961510E-016   3.6455226661343040E-017  -4.3856857795556461E-018  -9.6737618985300955E-017   7.5923296113598492E-016   2.6006309689332057E-016   3.0266860524320626E-016   4.1292787161921126E-014   1.0812445253317130E-015  -2.5551677273911025E-016   6.9733223416855613E-014  -3.4109381441276464E-016   1.0797291471340111E-013   1.2876940988042459E-009  -2.7309899667547789E-010  -7.2993455666096710E-010   7.0082603104054673E-010   3.8242010374174973E-010  -8.3756189420162318E-010  0.65236967237679389       -1.1825797039472077E-002   1.0404431317466182E-003
  -1.1939992729033581E-014   4.7251519542942414E-016   2.3712729885690381E-017   3.2931677884198457E-016  -2.6220034155189171E-025  -1.8996246803378965E-027   1.7441497194210184E-025   1.3470965888113399E-025  -2.4119740201268282E-027   1.2736976815614472E-025  -1.0216980710362441E-014   4.0483190815528488E-016   2.2008103818684133E-017   7.7920453385613965E-016   9.3670379023749605E-028  -3.8349258965158674E-029   6.9130383303539469E-030   5.0917282133571513E-028   4.4006370856872058E-030   5.9150419503376894E-028  -7.5036345460339187E-029   1.0983459416155745E-029  -4.4948176600731618E-029   2.5086582118203508E-029  -2.0355688597511333E-026  -6.8177319372818267E-026   7.5877320254319254E-026   9.6488673058949179E-027  -8.8458912252274746E-027   1.0365363101975628E-026   3.5408919442962117E-016  -6.5893723344527881E-015   2.5650877648707442E-016  -1.4442073872866146E-018   7.3189554059166811E-029   4.4311310158004398E-030  -7.5655290830589972E-030   2.2915147938954709E-029   4.2213820197371713E-031   4.0500410893477511E-030   3.4429808603012291E-030  -3.1215805037844912E-030   1.3353890449616789E-030  -7.2589523405884960E-030   2.9291840139944600E-029  -8.4855285508869830E-032   6.0632488182191384E-029   3.3738804104579734E-031   4.0937347734278321E-029   2.0147517427360790E-028  -7.6108417321096506E-030   1.9400205265251438E-030   5.3776440805003765E-029  -9.0683630896968089E-031   6.8598530246654273E-029  -1.7191692607339216E-029   5.1093827107305813E-031  -3.4756137982879527E-030   5.0201106478269087E-030  -7.3699522125038611E-026  -6.9065625297771927E-026   1.0077276700282334E-025   3.9916375934587845E-026  -1.0360802967163038E-027   3.4021440242994911E-026  -4.5923528288504120E-015  -2.9176370476898459E-017  -7.1028196271880794E-016  -3.8816681780903927E-015   1.5412661355843826E-016   9.4582287850872439E-018   6.2863147441489018E-016  -9.1593302494729593E-017  -6.2452663948690221E-016
   6.7573507955763356E-017  -1.1377458096276942E-014   8.4838223040401997E-018  -2.9546910498635770E-016   3.0614638076401948E-026  -1.7668525004843732E-025   9.3123184490356626E-027  -7.9036503490255823E-026   1.6935219550791550E-025   4.8387994505561647E-026   5.9868432266083462E-017  -9.7543882065339217E-015   2.9904181370610227E-019  -7.1865229189328465E-016  -3.8349258965158674E-029   8.5015163110570086E-028  -1.1125309392179431E-029  -2.0976120296369718E-029  -3.9381108319537831E-030  -1.9899846170533098E-029   1.7551781166212943E-027  -4.6488987598890799E-031   9.6391445110099144E-028  -1.2272792887069647E-029   8.1210483913671714E-027  -8.3304318551160214E-026  -2.1076100859759150E-026   5.4352746920658391E-027   7.8681925339778756E-026  -1.3366148592168390E-026  -2.8182826230615021E-016   1.9978238020640552E-017  -6.1201433425516860E-015   6.3578539147506573E-017  -8.2783985369328460E-029   7.8335710188218459E-031   4.5638529155511557E-030  -4.0413064178165054E-029  -9.0952602400379647E-031  -2.8904018949274183E-029  -7.9655244272410176E-031   3.6421781688374384E-030  -1.3594980121870262E-030   6.7249282440406780E-030  -5.5134630898806805E-029  -3.8948581935508748E-030  -5.7019395923386889E-029  -1.9731915183113598E-030  -8.4806052338450020E-029  -1.8293681513105970E-029   2.3149250992590672E-028  -5.9040406933651353E-031  -7.1466114297926229E-030  -9.5135933684069480E-032  -4.2562177273700633E-030   5.7450677247822431E-028  -9.9867196765248555E-030   2.3896737972015366E-028  -1.9502726534600163E-029   5.2762092792395578E-026  -1.4705580257794287E-026   1.4984534823172858E-026  -1.1011259043994676E-025   8.3590911918452573E-026   5.6822326814251213E-026  -8.3120560255655497E-016   3.4851323450181330E-015   2.9191898867698201E-015   2.4052333534904310E-017  -3.7179040439934087E-015  -4.3321664730485442E-018  -5.6676641525769344E-016   1.3439006247165091E-015  -3.3175865360126037E-015
  -8.1874175385784537E-017   2.5987755412363506E-017  -1.8435550765284807E-014   2.0438808817039643E-016  -1.7824201099425692E-025   6.7506232289823969E-028  -3.2519627249914380E-025  -1.5464464571820901E-025  -6.3559962243658238E-026   3.3300663933607238E-025  -6.8220052201047532E-017   2.5170021779764844E-017  -1.5790012670996865E-014   5.1971863353163082E-016   6.9130383303539469E-030  -1.1125309392179431E-029   2.1992382264688173E-027   2.5783555301453291E-030  -7.0099494808993216E-030   5.3938492008823062E-030  -4.9812882670326776E-029   2.2540936916946726E-027  -1.7154508441877530E-029   5.1065234316567545E-027  -4.2732629722061353E-026   1.8918403941739168E-027  -7.0781877622578299E-026  -7.1889117722341561E-026  -4.9410540654682155E-026   1.1464084278971153E-025   1.4784222912832285E-016  -6.0746595416595568E-017  -1.0471054904802375E-017  -1.0048688992751463E-014   9.6882768699286192E-029  -3.2287681354858279E-030  -2.5469550577005146E-029   3.1750950852888668E-029   1.2133936603475192E-030   6.6310825347347948E-029  -9.7657969846561834E-030  -8.8165112977295974E-030  -6.4632887016825272E-030  -2.3238164396114104E-029   4.9011619325240129E-029   5.0792724587712750E-031   4.7217288456001618E-029   1.9173891393364153E-030   7.1005406306906639E-029  -5.3380834292516847E-030  -3.0722403983566900E-029   3.9424488412626872E-028   1.7507376353825682E-030   8.6131591304824476E-031  -2.4335809591215702E-030  -6.8190300987381074E-029   3.8003908348786294E-028  -3.6858839980186896E-029   1.0275599889988127E-027  -9.8715443085075697E-026  -3.6457035743243027E-027  -6.2504644479018235E-026  -8.2451448448659762E-026  -1.3275780923934477E-025   1.8191094890162506E-025  -8.0197212917774080E-016  -1.2184802112655950E-015  -8.8154150985315753E-016  -2.4743661920161051E-017   1.1435677530427012E-017  -6.0084591871296420E-015   3.9542096411118085E-016  -2.7258295627540144E-015   8.0947752929782341E-016
  -6.5144883263649433E-015   2.6814340019872696E-016  -3.5140844450996308E-018   4.5518537516384370E-016  -1.3855909934584144E-025  -1.6027517653246941E-027   1.0102776823688714E-025   6.3272996236924854E-026  -6.7771612056104570E-027   7.4937431284250924E-026  -5.5758492909169106E-015   2.2774759323631438E-016  -4.5935535607190456E-018   1.0566448908442307E-015   5.0917282133571513E-028  -2.0976120296369718E-029   2.5783555301453291E-030   2.8059584091692591E-028   2.6241022024758819E-030   3.2573678457370716E-028  -5.4829952675591548E-029   8.3430448632854591E-030  -3.2837983605733005E-029   1.1207640546188425E-029  -2.0136944013945141E-026  -3.7977184119959918E-026   3.2116163574138200E-026   1.7695765438105254E-026   3.1404317936640742E-027   1.4374171951234553E-027   5.3243733985195824E-016  -3.5829891437703106E-015   1.6237543404421196E-016   1.1485483724678578E-017   1.0296864060654376E-028   3.5847847449153751E-030  -5.0779194445043500E-030   3.6102381839102954E-029   1.5978236871248683E-031   1.5944606223012423E-030   2.6247289073875039E-030  -1.7679445645377590E-030   9.4775982077959184E-031  -3.7029759543976495E-030   2.1063874540302112E-029  -4.3827524406625797E-031   1.0401301557919140E-028   9.0607342551215298E-031   4.0145679910063196E-029   1.1410403303560653E-028   1.1171949443044615E-029   4.3302551319208797E-031   2.7221736786422590E-029  -6.7682495110551858E-031   3.6543454729674986E-029   3.9244392028192125E-029  -2.8068241778589170E-030   2.0977151571535689E-029  -4.7729630078345291E-031  -3.4607257218368012E-026  -3.5735825810625483E-026   6.0010149470899522E-026   1.6473394157077026E-026  -5.3852439242599513E-027   1.8105060965128907E-026  -1.9021783284250585E-015   8.1577238905924926E-016   6.6330175456469899E-016  -2.1193146067910551E-015   8.5440069700067973E-017  -2.7585645021854842E-018   8.6584878312824723E-016   1.5247124033749793E-015   1.0320907659983284E-015
  -1.0194819749162529E-016   3.4453993824294347E-017   5.5414053093970650E-017  -1.7372988281718784E-016   6.4396482518977282E-027  -7.9752647700394764E-027   2.1876113299294049E-027  -1.1154767700204885E-027   6.3057973453233508E-027  -5.3141921603472956E-027  -9.0269453312924945E-017   2.9185342051677726E-017   4.9565516466045931E-017  -4.1701800923924491E-016   4.4006370856872058E-030  -3.9381108319537831E-030  -7.0099494808993216E-030   2.6241022024758819E-030   1.6339372664520787E-030   4.4549417121570317E-030  -6.6851426974410798E-030  -3.6645001353630761E-030  -5.1156889544175131E-030  -1.3317076144273502E-029  -1.2911827693514758E-026   1.0178681262879377E-026   5.1106416462904532E-027   6.4312129223645145E-027  -8.3894249186680715E-027   6.5248564548945882E-027  -1.7481393949419810E-016  -3.0598880870310164E-017   2.1525099354587604E-017   1.2405885001923831E-017  -3.6333428579477593E-029  -5.9230983894491246E-031   2.9876778449166621E-031  -1.0961931726496923E-029  -1.0314473266743868E-031  -7.6615842000857879E-030   6.6917466037471847E-031  -1.6874060956215659E-031   1.4965644069555620E-030  -6.6784341960204167E-032  -1.7845952316004052E-029   5.7053184291333857E-031  -3.0439516182018096E-029   1.4175942650030410E-031  -2.1184571564182671E-029   5.3544887024820999E-030   2.9458511342790360E-030   1.2044889926978226E-030   1.1025889083076778E-031  -6.7451264615282384E-031   4.7736612161357627E-031   5.6996926106014594E-030  -1.0226245570197747E-030   4.1581020411275191E-030   1.2508712214961088E-030   7.0484673864973111E-027  -4.7894187688507473E-027  -4.1778231240927621E-027  -3.8998999519941606E-027   3.5005866967018261E-027  -3.3622914447561873E-027   1.2313800504508331E-015   1.3756131249674964E-016  -8.7855270115994517E-016  -3.6232674253366176E-017   1.0898659446964973E-017   2.0203075842871301E-017  -3.3250445498720583E-016   4.9605873004991976E-016   2.7160355592954371E-016
  -7.6429652990169772E-015   2.4106324645996783E-016  -3.5854533502578032E-017  -9.9610453731266021E-018  -1.5977478666865976E-025  -1.7589638600034180E-026   1.2409906486530021E-025   7.6677709599833323E-026  -1.2802177156130733E-026   8.2874447329031715E-026  -6.5452663555060588E-015   2.0635357033310380E-016  -3.3723520970636180E-017  -4.7818515036276196E-017   5.9150419503376894E-028  -1.9899846170533098E-029   5.3938492008823062E-030   3.2573678457370716E-028   4.4549417121570317E-030   3.8195236839011469E-028  -5.2435822683231993E-029   1.1021568871052638E-029  -2.7020550865365774E-029   1.2909346098377323E-029  -3.1022654570156393E-026  -2.4373931891985897E-026   3.0980032356467385E-026   1.8140952026804779E-026   1.0165277146455217E-026   1.2264350073972076E-026   3.9893091203222278E-017  -4.1737307012517763E-015   1.3238345045985898E-016   5.9613061166125554E-018   5.5491289111845301E-030   3.6914199488070839E-030  -5.5124816669214331E-030   2.5849752674423538E-030   7.2531697389267481E-032  -8.4686316411215341E-030   2.3373937332273001E-030  -2.0033869958500866E-030   1.6504641769986810E-030  -4.1297069455426519E-030  -1.7410919519574214E-029  -4.4664273288325120E-031   2.0275343896436603E-029   6.7416604923288409E-031  -1.3463263967763213E-029   1.3662680443159414E-028  -5.8908523644025823E-030  -1.6614511634524683E-030   3.0487326080348864E-029  -1.0397165668009797E-030   4.2402861361512497E-029  -4.4331181272372795E-030  -3.5422176749471839E-030  -6.5940076783701466E-032  -7.1284472759286706E-031  -3.3583674120144329E-026  -5.2630236907977853E-026   7.1961600964326914E-026   1.8241980945981716E-026  -7.3272950891956237E-027   1.4932971048505687E-026  -7.5015120383704720E-016   6.0382895389197744E-017   1.2609997480676338E-015  -2.4900368528217972E-015   7.8447810876443544E-017  -1.4755961884768666E-017  -2.2627687608265037E-017   1.9332432913552946E-015   1.6653419479057622E-015
