 1.3725802333119091E-003 -2.7090320161593049E-002  2.5916377757578234E-003 -5.9277358314753175E-017 -5.5745857859244193E-015 -4.6432254397426684E-015 -3.9609873742926680E-015 -2.4961800646461906E-015 -1.0141868656873887E-005  1.9303450820528143E-004 -1.8466950563972769E-005 -3.2836261557697025E-005  6.8676668883197085E-004 -6.5700635115325563E-005  1.6748470885136675E-003 -3.2964021086419534E-002  3.1535536323942684E-003 -1.7568578387103595E-004  3.3376049745018409E-003 -3.1929673548216101E-004 -3.6978387067750256E-014  9.4096656743339346E-004  9.8184228754048765E-004 -9.3929483631114812E-005  6.5730561462443725E-014  5.8071614352702807E-016 -8.2215568433165744E-016 -3.8834507199120670E-017  4.4355827946958920E-017  3.2642244224109062E-016  8.0848082601266590E-017 -3.6526022836574004E-016  3.2127882173962563E-006  4.3191564722334861E-005 -4.1319900730977716E-006  2.1646295510063853E-015 -2.8401750743306316E-017  3.6411299807991259E-017  2.2924065214055134E-015 -2.8010709593078495E-017  2.2331084070542825E-015 -5.6270079140789939E-016  3.0199223863892010E-017 -1.8032161496070232E-017 -7.4618906520556874E-016  2.0514320504884401E-017 -5.8409347023526806E-016 -2.3579412359243146E-015 -2.7837801350660403E-017  2.4939115653844197E-017 -2.4001619869903410E-015 -3.1445708897194666E-017 -2.3672778752814601E-015 -9.1871448529248260E-015 -7.9625554963345505E-016  1.5118151081091348E-015  3.4024539037440165E-014  3.5082875439105852E-015  9.4726708010507864E-015  1.1752873530616250E-005 -9.8483364542818131E-005  9.4215492493048765E-006 -2.0809602971015203E-005  2.8820453745465350E-006  5.0414684824488289E-006  1.4447094796611181E-004 -3.7649464180798831E-005 -9.5344751701645510E-005  2.1039845550045186E-005 -5.1966577405856294E-016 -9.5815491588350095E-018 -7.3552147752591283E-018 -2.7779692216077577E-016 -2.5003338831329417E-018 -3.1941079974293957E-016 -2.1890026528522566E-018 -4.7549377285482578E-018 -3.2866675719206337E-018 -7.7342203625281344E-018 -5.7707522429244045E-016 -3.1939012127880654E-018 -3.1134646920057133E-016 -6.0377061402825031E-019 -5.7392414406430990E-016 -1.5523032089683956E-006  1.6064839404049945E-005 -1.5368681961817973E-006  2.7472205897634094E-006 -3.8037231157682634E-007 -6.6458728550432913E-007 -2.3507917039371442E-005  6.1183755403936259E-006  1.5474340879286293E-005 -3.4148539531853794E-006  1.4590179802312624E-009 -7.0980701053102474E-009  6.7904739504162179E-010 -3.7856459358797560E-009  4.8912814399614990E-010  6.0180710733326479E-010  1.2283437012491978E-008 -2.3954181051573154E-009 -4.0113477484374959E-009  8.9635724396121648E-010  3.7840835786554012E-009 -9.7036489979430216E-010 -1.5682215722886954E-009  4.8123666358269966E-010  4.3311147472004488E-010 -1.0949364242557749E-008  5.4958966171318470E-009  1.1610036005903672E-008 -5.4103788605237691E-009 -6.5837514547930159E-009  2.0685845343433000E-009 -5.5824907618348948E-016 -1.1265761841944364E-017  3.6958591684284628E-018 -3.5371116619729691E-016 -5.7963337238369672E-018 -3.4305733875624791E-016 -1.1627239590459972E-017  1.7019658832177454E-018 -5.0034348202404064E-018  3.6841536865195562E-018 -6.5444784848673119E-016 -1.2888805686450814E-017 -3.7068324967005251E-016 -1.3167181473059577E-017 -6.1542856241550204E-016  4.5879953989705842E-007 -3.7258398356350284E-006  3.5643788719518026E-007 -8.1239863298557827E-007  1.1251803419295745E-007  1.9685445696973341E-007  5.4679217391924391E-006 -1.4252576531243639E-006 -3.6101469864015003E-006  7.9665121754229103E-007
-2.7090320161593049E-002  5.3486752640845192E-001 -5.1168890083408955E-002  8.5803419091849096E-016  1.0542049279205620E-013  9.1430536426520658E-014  7.8996612960768333E-014  5.1174917054977051E-014  1.9303454330730675E-004 -3.8116079980443818E-003  3.6460857806224487E-004  6.8676685630747133E-004 -1.3557466287598919E-002  1.2971830444110355E-003 -3.2964024174821929E-002  6.5084172832529785E-001 -6.2263268693047172E-002  3.3376036850497467E-003 -6.5903790046241292E-002  6.3041447065283274E-003  3.8605659181532262E-013  9.8184236620382109E-004 -1.8394644819317012E-002  1.8545291876455611E-003  1.0268831995378068E-013  7.7325255320885221E-015  5.4430851172622945E-015  1.4348759520350869E-016 -2.1462187058265324E-016  6.4963362792379281E-015 -6.8751701010764197E-017  5.1745317470783154E-015  4.3191563580099933E-005 -8.4736708798992320E-004  8.1581353967076072E-005 -4.4755692316829116E-014  4.2089913142043000E-016 -5.4853799489461154E-016 -4.2610437452603755E-014  6.1170316145689779E-016 -4.4913751205438692E-014  1.3279012715884367E-014 -4.4046742266700551E-016  2.3302284678709523E-016  1.1388276023218248E-014 -4.8805899605820668E-016  1.2908591014310977E-014  4.5741394128467965E-014  4.9857407492678019E-016 -3.9082316906544352E-016  4.8424355287236053E-014  6.4672838014154211E-016  4.6561620418642365E-014 -2.1380810957991284E-013 -6.2398757949115165E-015 -5.2789506905283303E-015 -2.2778124693244899E-013 -8.5243156964020248E-015 -2.3577857202309129E-013 -2.2235094580479184E-004  1.9468583836158304E-003 -1.8622792894812927E-004  3.9365986636037827E-004 -5.4511148029891039E-005 -9.5344768521667190E-005 -2.8543725247886474E-003  7.4355545752676205E-004  1.8826842152843404E-003 -4.1540741321261459E-004  9.9878421049455842E-015  1.1382118630077587E-016  1.5058385186686097E-016  6.1014628214085094E-015  1.9270412346150531E-017  6.1996727407719212E-015  1.2688152146249273E-016  7.2038946101034133E-017  5.3216754861039758E-017  1.6290426536656366E-016  1.0873401497473682E-014  6.3978761143501788E-017  6.4761932198248747E-015  3.3865914975875048E-017  1.1222088880459039E-014  3.6088952056475876E-005 -3.1582474915784815E-004  3.0225661472530070E-005 -6.3892772674178266E-005  8.8519162664113296E-006  1.5474362532693994E-005  4.6303641676028205E-004 -1.2068222517548223E-004 -3.0540379276243311E-004  6.7422341807005327E-005 -2.2300244640128953E-008  1.4338033129898173E-007 -1.3706126100879539E-008  5.7835783204872385E-008 -7.4645528834978468E-009 -9.1726461220308308E-009 -2.4743815067901370E-007  4.8077858054113782E-008  8.0108348519505023E-008 -1.7889583064216691E-008 -5.7762372102393734E-008  1.4782771359527665E-008  2.3871722517922393E-008 -7.3182166558462422E-009 -6.5838489882523324E-009  2.1880551443807521E-007 -1.0910256902035136E-007 -2.3003465343058205E-007  1.0701368107779676E-007  1.3008818804597699E-007 -4.0841791807440059E-008  1.1023909353517116E-014  2.2395175760582712E-016 -7.3004026053383487E-017  7.0098397163437642E-015  1.1467309083561399E-016  6.7841780233499224E-015  2.2837175326859278E-016 -3.3761707603415806E-017  9.9751099811675722E-017 -7.3534127824528544E-017  1.2918087441441708E-014  2.5484690236541535E-016  7.3403588983608530E-015  2.5950318787742463E-016  1.2156743697688931E-014 -8.4190697164092934E-006  7.3721869854576655E-005 -7.0513244111787065E-006  1.4905512363078324E-005 -2.0638311477306757E-006 -3.6101450377901519E-006 -1.0808709211625421E-004  2.8153934194181234E-005  7.1292181409730073E-005 -1.5728956661235916E-005
 2.5916377757578234E-003 -5.1168890083408955E-002  4.8956424902501473E-003 -5.4433419574326432E-017 -1.0029971526439910E-014 -8.7314987104922171E-015 -7.5213458039190750E-015 -4.9030224286183292E-015 -1.8466950967525499E-005  3.6460851972790773E-004 -3.5245768893867913E-005 -6.5700623523427102E-005  1.2971824992064340E-003 -1.2214945455044711E-004  3.1535548411248185E-003 -6.2263286724597001E-002  5.9617749232982421E-003 -3.1929706764368830E-004  6.3041537002410959E-003 -6.0973634183518835E-004 -1.0453524460518157E-014 -9.3929473711199066E-005  1.8545288422524347E-003  8.1327913321404546E-004 -1.4364418397458026E-014 -2.3527752025596515E-016 -4.7149530627387983E-016  1.2067293802737305E-016 -8.0048906369319835E-017 -7.0103547254114657E-016 -2.7437807395303060E-016 -4.5205484113966088E-016 -4.1319889090982455E-006  8.1581332862134954E-005 -2.4042203834466597E-006  4.2824158185100656E-015 -1.1981909943152416E-017  4.4181587235514514E-017  4.0366100492517330E-015 -1.0895996020854494E-016  4.3078394028966652E-015 -1.2633014478312868E-015  7.9992513671673099E-018 -1.8158921722800116E-017 -1.0646712268928266E-015  1.1472136239883620E-016 -1.2427771234395108E-015 -4.3703326173541626E-015 -3.5671151026703379E-017  3.3942827873419598E-017 -4.6424247763996666E-015 -8.4243420765249832E-017 -4.4430143444451819E-015  2.2262925809756437E-014  5.2715498474632184E-015 -3.6095960025869258E-015  1.8711292145162376E-014 -9.0201899034106145E-015  2.3784376191581272E-014  2.1271550427622901E-005 -1.8622823666803747E-004  1.8035406387842644E-005 -3.7649432451345863E-005  5.2785986480982701E-006  9.1106528026835568E-006  2.7288042422147677E-004 -7.1990154136430501E-005 -1.7987927028377258E-004  4.0215494558179715E-005 -9.5335601244551506E-016 -6.5683407857728241E-018 -1.5259869111159402E-017 -5.8616531316674777E-016 -5.9900766546554241E-018 -5.9125214198332086E-016 -1.8581388982088823E-017 -3.5148509099669002E-018 -4.0036634511266571E-018 -1.6944587989312917E-017 -1.0342258365592917E-015  6.0685279527276411E-018 -6.2490588429264961E-016 -1.2136664082427129E-017 -1.0703166824435367E-015 -3.4525059498370420E-006  3.0225656954011102E-005 -2.7683530283762202E-006  6.1183795518119910E-006 -8.1108696508924963E-007 -1.4863567423606436E-006 -4.4402355327612907E-005  1.1064514281834012E-005  2.9346353927979965E-005 -6.1835935042334310E-006  2.1333887360409221E-009 -1.3706195972013077E-008  1.4210650058051165E-009 -5.5230328579753708E-009  7.7342964890029055E-010  8.6759564662324767E-010  2.3589136169138584E-008 -4.9765078700036640E-009 -7.5715683704816509E-009  1.8486586566279243E-009  5.4959200193095572E-009 -1.5284206848819090E-009 -2.2443197551741366E-009  7.5499086196220114E-010  6.1499784745269119E-010 -2.0681427130103697E-008  1.1255168791864998E-008  2.1541440375620713E-008 -1.1027205729026804E-008 -1.2142242218729958E-008  4.2061386248198042E-009 -1.0526507709034764E-015 -2.1533306113085213E-017  7.1382614986586417E-018 -6.6987420364606394E-016 -1.1018518589968350E-017 -6.4853545837395455E-016 -2.2155855721002498E-017  3.2571174187338392E-018 -9.5870195367023842E-018  7.0055673062404332E-018 -1.2339241703806214E-015 -2.4060962515261148E-017 -7.0154716322638356E-016 -2.5109813084068478E-017 -1.1614969448366289E-015  8.0542343894266789E-007 -7.0513322414846419E-006  6.8905880390244971E-007 -1.4252565924042238E-006  2.0164058714073527E-007  3.4466765541546203E-007  1.0327950536923712E-005 -2.7498888488019716E-006 -6.8050674385716728E-006  1.5360520235864078E-006
-5.9277358314753175E-017  8.5803419091849096E-016 -5.4433419574326432E-017  2.8805963489415325E-006 -9.4234124313149753E-006  2.2955030883388257E-007  5.3005747595718838E-006  2.6207783625868655E-006  3.0584866966503879E-017  8.7813794369028062E-017 -7.7657066524479307E-017  2.3075840710249767E-017  1.9999709188776966E-016 -1.7307149351582028E-016  1.4839604951118333E-016  1.8738016287703397E-015 -1.0067294953433905E-015 -1.7696822971334717E-016 -5.2180730397075551E-016  8.2804460068521346E-016  2.0375414774234197E-003 -1.3045751436172925E-014 -7.7785674526683058E-014  1.0839043423690621E-014 -9.9080983959836224E-005  1.0159523064929842E-005 -1.8465007109891862E-005 -3.2267707326471483E-006  3.0870952692266790E-007  3.6566660637817260E-005 -6.0948073556193337E-006 -1.8101653528186759E-005 -8.2006871567608031E-015  9.2150980281875839E-015 -1.1201599344720665E-014 -3.0588371017328386E-006 -5.3453368015907079E-007  5.1138831629257767E-008  6.0574792495268168E-006 -1.0096402745766056E-006 -2.9986421391019769E-006  5.3029196099273545E-006  9.2668668906280172E-007 -8.8653942201540183E-008 -1.0501474080088476E-005  1.7503477360999659E-006  5.1985544683145653E-006 -1.2402607800503750E-006 -2.1673641261205674E-007  2.0735363278276485E-008  2.4561152400010820E-006 -4.0937714774691667E-007 -1.2158544679114830E-006 -6.2205063960270855E-004 -1.0870375578779011E-004  1.0399918861137053E-005  1.2318609563074514E-003 -2.0532247018172043E-004 -6.0981031665904839E-004 -5.8443035937073691E-018 -4.9543800386465238E-017  1.2051738685177979E-017  3.7593291130932373E-018 -4.7704609489380655E-019 -3.8592441507321825E-018  6.6656792530601818E-017 -1.4436409794304694E-017 -4.6451489240582501E-017  2.6474246572216416E-017 -5.4348399654972717E-007 -2.0975947970100453E-007  2.0067186276259690E-008  1.2625365973493359E-006 -1.7507637519009067E-007 -3.0784166935774585E-007  2.7564161112838030E-007 -5.3434550763330009E-008 -8.8390154638559096E-008  1.9760576342068606E-008 -1.4016514253334173E-006  5.2063921006878794E-007  1.1996325128108485E-006 -3.9014498462250876E-007 -5.0767427100711600E-007 -1.0249491839601845E-018 -2.8942570387860124E-017 -6.2888699424028634E-019  5.7142117881286158E-018 -1.4457125348276250E-019  2.3220898240241572E-018  4.8345250690862062E-017 -1.7602080689188912E-017 -2.7307109841727206E-017 -4.5500544732601606E-018  4.5779052754587326E-018 -1.0248444042091421E-019 -1.9366907341982341E-018  7.5617109227534874E-019 -1.1379485215324391E-020  1.0414464846417321E-018  4.0558457619691116E-019 -9.4461280059938090E-019  8.8627580178828772E-020 -1.5397311637935144E-018 -7.4380678884611593E-020  5.2778942576620296E-021 -1.2422091199987683E-019 -4.4601533015460124E-020 -3.6804558620855287E-020 -5.6598426273105078E-019 -1.2146566398426351E-018 -5.7928368722580195E-020 -1.4578424144622325E-018  3.6952816684623156E-019 -2.5214869690173634E-018 -1.4602054304502253E-008 -5.6356787871890528E-009  5.3914124318091871E-010  3.3921187346846327E-008 -4.7038384257760142E-009 -8.2709265778987116E-009  7.4057654235122184E-009 -1.4356309619565771E-009 -2.3748204393571770E-009  5.3091489749602667E-010 -3.7658825882800548E-008  1.3988222691404016E-008  3.2231062889767016E-008 -1.0482188500780833E-008 -1.3639908553189172E-008  2.9662677352175341E-018 -3.3887846249521306E-018 -3.1879446924920325E-019  1.5610115636291917E-018 -1.3550142545993729E-019  1.0082995932034444E-018  3.6201846365896865E-018 -1.5985920932711723E-018 -2.9847974623529470E-018 -1.2525184781286830E-019
-5.5745857859244193E-015  1.0542049279205620E-013 -1.0029971526439910E-014 -9.4234124313149753E-006  1.7491231427384948E-004  3.4126691583467627E-006 -4.1469055611491072E-005 -7.0943630737740833E-005  2.6427920545976941E-016 -6.0634383744901208E-016  2.3314000408803428E-017  7.6550902439207664E-016 -2.2912113432874151E-015  1.3855838412290618E-016 -2.5369257907489839E-015  1.2989504744147524E-013 -1.3027932301854160E-014 -3.0742168987472477E-015 -1.4106636188949673E-014  1.8839988380536266E-015  2.2650587514360917E-003 -1.0443628571975695E-014 -8.1879673464698714E-014  2.3669511850281541E-014 -1.2268451083789620E-004  7.9598515321138842E-007  2.6785620675362715E-004  4.6807585843140852E-005 -4.4778265099547443E-006 -5.3044030073285450E-004  8.8411408915782560E-005  2.6258409397681261E-004  6.0200955759059501E-015 -5.0352627309792388E-014 -7.7456574103834634E-014  5.3586312352905590E-005  9.3641552740105602E-006 -8.9582317695046707E-007 -1.0611792975940696E-004  1.7687262920948873E-005  5.2531617426929451E-005 -7.4377358064616947E-005 -1.2997374577163562E-005  1.2434014312826911E-006  1.4729083537246378E-004 -2.4549781914978926E-005 -7.2913477315370169E-005  2.1865291683713395E-005  3.8209374614990112E-006 -3.6552957835905983E-007 -4.3300222950764569E-005  7.2170873513842373E-006  2.1434931241205197E-005  9.1268108990488796E-003  1.5949003167300057E-003 -1.5257486552344533E-004 -1.8073979839379955E-002  3.0124895719802910E-003  8.9471689404459140E-003 -5.2235447047062901E-017  3.2017634683787579E-016 -2.2317143885751629E-017  7.3308975134341411E-017 -9.8218793360015479E-018 -2.3952155466153883E-017 -5.1282239680065507E-016  1.1693742375707061E-016  3.0993671124302900E-016 -6.2114037808963845E-017  7.9894222913346057E-006  3.0835300908841096E-006 -2.9498928778872376E-007 -1.8559763262821205E-005  2.5736813289630265E-006  4.5253832207355800E-006 -4.0520178250777289E-006  7.8549159013119230E-007  1.2993626456283571E-006 -2.9048157597608571E-007  2.0604781873572662E-005 -7.6535549271272781E-006 -1.7635011388232621E-005  5.7352461250240990E-006  7.4629841295740570E-006  3.5052999252499195E-017 -9.1270789981681844E-017 -7.7669050269234904E-018 -2.3669755408269263E-018  5.4684761426659793E-018  1.8652620749745978E-017  1.2366228910193376E-016 -5.0894959143400934E-017 -6.9760052830269821E-017  2.2699047965005098E-017  1.2210896737681524E-018  3.1354720269283296E-018  1.3867691760855792E-017  9.1785924641131786E-019 -8.4979988501819440E-019 -1.0335199292668486E-019  6.8362997811706901E-018  6.4641623704583963E-018 -2.0189321622142053E-019  1.1134262627932132E-017  8.1468511550855773E-019 -8.6023074465807928E-019 -4.8833697572611552E-019 -9.8017731649574726E-019 -6.5361201582589661E-019  2.0082538464350154E-017  8.4122927089018101E-018  1.0775906975996326E-018  8.4545182901624232E-018 -5.3554896184416465E-018  1.1630054540320925E-017  2.1239341126823945E-007  8.1973181290233679E-008 -7.8419850633435807E-009 -4.9339870085348740E-007  6.8419443315058528E-008  1.2030415145153930E-007 -1.0771965345735389E-007  2.0881399508824224E-008  3.4542517347520918E-008 -7.7220911896183445E-009  5.4776371373470934E-007 -2.0346383653134617E-007 -4.6881407418594473E-007  1.5246699397589502E-007  1.9839799815827562E-007  2.7011506535795847E-018  1.7295985771525268E-017  3.0232131022865300E-019  4.2521577441475086E-018 -5.5582654309103220E-019  1.9252176971181898E-018  2.1870106716559029E-018  5.8387136873563924E-018  1.5917551892501568E-017 -4.0183013890838545E-018
-4.6432254397426684E-015  9.1430536426520658E-014 -8.7314987104922171E-015  2.2955030883388257E-007  3.4126691583467627E-006  1.4505100195951376E-007 -2.7971393682622346E-007 -1.5827258543873021E-006  5.4400854391927908E-017 -6.1739836048997239E-016  3.8204166737281623E-017  1.6801353251671502E-016 -2.2408407132762595E-015  2.1807018064790958E-016 -5.3352435597304672E-015  1.1140865463994876E-013 -1.0736809133113623E-014  2.7801322086147483E-016 -1.1213038336367976E-014  1.1151975790514134E-015  4.1487649430529472E-004  1.2544902553368361E-015 -4.6667410377939042E-014  2.3517439612405451E-014 -1.3418895071376651E-004  1.0381329127523207E-006  4.5221210600170288E-006  7.9023075604230500E-007 -7.5594861646830432E-008 -8.9552269303685088E-006  1.4926124353327643E-006  4.4331058702077809E-006  5.3653004941709085E-015 -4.5823332840627649E-014 -6.2593148962947629E-014  1.0124445566974612E-006  1.7692285895260779E-007 -1.6925104054172268E-008 -2.0049611849194378E-006  3.3417724739597764E-007  9.9251663045133897E-007 -1.2212438230995064E-006 -2.1341012847365684E-007  2.0415821714066408E-008  2.4184508668310864E-006 -4.0309565641478247E-007 -1.1972070443441146E-006  4.1098726928728318E-007  7.1819254402593116E-008 -6.8704603775786077E-009 -8.1388492696585273E-007  1.3565438445722221E-007  4.0289765549704418E-007  1.5533367285187124E-004  2.7144212698368649E-005 -2.5966432994820730E-006 -3.0760961456903268E-004  5.1270823066309818E-005  1.5227594172876444E-004 -3.7087436646368519E-017  3.0311342270690223E-016 -2.3568955615011083E-017  6.1439413837157889E-017 -7.4125308904481358E-018 -1.6491051022213603E-017 -4.4852917793892030E-016  1.0090193969003463E-016  2.9690212590812382E-016 -5.3321339108997017E-017  1.3615366915801151E-007  5.2548554534233798E-008 -5.0270828727224910E-009 -3.1629064363832566E-007  4.3859947723267249E-008  7.7120366972089271E-008 -6.9053218876117385E-008  1.3386011661829898E-008  2.2143330852102070E-008 -4.9502611351002531E-009  3.5114117910443863E-007 -1.3042960992157060E-007 -3.0053102093709314E-007  9.7738335042207396E-008  1.2718210932580448E-007  9.7165503011122590E-018 -7.0511311107663272E-017  8.2020838385860632E-018 -1.2283103436809955E-017  2.7228068521147601E-018  4.6305338181616916E-018  1.0138852196721286E-016 -3.7312170826466983E-017 -6.5504184652166750E-017  1.8969496296399296E-017  9.8882706098912285E-019  3.8829703099524284E-020  3.1424105651808088E-020  2.5672817934556380E-019 -2.9581806946199175E-020  2.8627602182841838E-019  2.0307858330476224E-019 -5.5596685944143193E-021 -2.7263011457717808E-021  3.8407310166450881E-020  2.1416882531502207E-019 -3.0043825333582533E-020 -3.3748381647506971E-020 -3.5768404718166216E-020  1.6902868721771405E-019  3.7750496890563117E-019  4.7620596525606698E-020 -6.1844908243802980E-020 -5.5840780045250748E-020 -1.3162860251500375E-019 -2.3584423991893334E-019  3.5943218068638994E-009  1.3872240210805669E-009 -1.3270913680510178E-010 -8.3497578669609531E-009  1.1578590409938360E-009  2.0358992879559212E-009 -1.8229276298042229E-009  3.5337061396756268E-010  5.8455773530780397E-010 -1.3067776777834053E-010  9.2697698223877317E-009 -3.4431986146353362E-009 -7.9337069218141682E-009  2.5801814317799236E-009  3.3574744336408939E-009 -2.1339701603452126E-019  9.8023805762491741E-018 -1.2253947894058175E-018  2.2558265122290544E-018 -3.4976221316791596E-019 -1.8470409714092683E-019 -1.3964967760947310E-017  4.3825153619747235E-018  9.3179856289951478E-018 -2.7670964980607325E-018
-3.9609873742926680E-015  7.8996612960768333E-014 -7.5213458039190750E-015  5.3005747595718838E-006 -4.1469055611491072E-005 -2.7971393682622346E-007  1.3798065352307781E-005  1.5259109119391620E-005  1.0294859567092478E-017 -5.1159100976850336E-016 -4.2924541873376171E-017  8.1104963810152907E-017 -1.8560526157716351E-015  3.0524719483053941E-017 -5.1894429841342674E-015  9.7131728049377508E-014 -1.0159419288806423E-014  7.6704446904280320E-016 -1.0738306484288930E-014  1.8139022266445471E-015  2.2579799968899831E-003  1.6197416759985366E-014  1.8748539752259227E-014  1.9775274226481522E-014 -2.1985138097883417E-005  1.7235530107397879E-007 -6.8717278860836034E-005 -1.2008268044703638E-005  1.1487646771990860E-006  1.3608201827809951E-004 -2.2681537943160501E-005 -6.7364739417176048E-005 -7.2704019266725741E-015 -4.1681669434388537E-014 -6.0176044773562413E-014 -1.2924260728678382E-005 -2.2585006701714570E-006  2.1605934999155494E-007  2.5594142417452264E-005 -4.2659163789024569E-006 -1.2669881681054910E-005  1.9305214756894104E-005  3.3735673082339312E-006 -3.2273396040749410E-007 -3.8230466860417612E-005  6.3720834464356272E-006  1.8925252102449226E-005 -5.2607997091454392E-006 -9.1931887592767080E-007  8.7946316428482913E-008  1.0418053612225747E-005 -1.7364340664858519E-006 -5.1572539090051433E-006 -2.3322504385548085E-003 -4.0755812685151158E-004  3.8988686371004602E-005  4.6185953250192932E-003 -7.6980658846534562E-004 -2.2863448864248971E-003 -2.7387927710085683E-017  3.0356641721234890E-016 -1.6646508764174398E-017  4.5366134080511701E-017 -4.9466693885819347E-018 -1.3284224116361015E-017 -4.4619499868156005E-016  1.0472744364295053E-016  2.9545188045915260E-016 -3.4932568299478210E-017 -2.0402475248312006E-006 -7.8743662683817378E-007  7.5330974158574057E-008  4.7395805987636515E-006 -6.5723734180311997E-007 -1.1556407243111672E-006  1.0347579419627356E-006 -2.0058981309836846E-007 -3.3181636379508241E-007  7.4179845069548936E-008 -5.2618140611048324E-006  1.9544773978925353E-006  4.5034279091232055E-006 -1.4646016064863168E-006 -1.9058116923717042E-006  4.0698873986525775E-018 -3.6104097481496404E-017  4.2270389837537942E-018 -1.3847944387711292E-017  2.5932934340473129E-018  4.6451107779228154E-018  6.3034300042972188E-017 -3.0527612064960490E-017 -3.6888374224915530E-017 -1.1708814352497170E-018  5.5897389578122625E-018 -5.3309703839887875E-019 -4.8040720476537726E-018  7.5359128430325209E-019  1.3123940383294853E-019  1.2751315969378840E-018 -7.3432841585708886E-019 -2.2709581760091774E-018  2.1366868201393789E-019 -3.8615123175655579E-018 -3.8432075823999360E-019  1.5236326657129567E-019 -8.2891416016317131E-020  1.0781079034577051E-019 -9.1343142766995705E-020 -3.8696111442952765E-018 -3.0355100293974388E-018 -3.5077348578852276E-019 -3.2305412541253567E-018  1.4943931349862208E-018 -5.1226798333753800E-018 -5.4438678209671034E-008 -2.1010582728354193E-008  2.0099750230595528E-009  1.2646330323605509E-007 -1.7536605943268867E-008 -3.0835226223541223E-008  2.7609684551830787E-008 -5.3521276361763941E-009 -8.8536242067778968E-009  1.9792653829376716E-009 -1.4039763305038046E-007  5.2149936725319448E-008  1.2016200492141830E-007 -3.9078922275860721E-008 -5.0851506452619009E-008  2.5677610281691044E-018  9.6635440693737541E-018 -2.2288031467250216E-018  2.4065581312379475E-018 -2.9183434061564728E-019  7.0357188236166597E-019 -1.9972976514901089E-017  4.0718841969545863E-018  9.4078341868085645E-018 -3.3494296111040962E-018
-2.4961800646461906E-015  5.1174917054977051E-014 -4.9030224286183292E-015  2.6207783625868655E-006 -7.0943630737740833E-005 -1.5827258543873021E-006  1.5259109119391620E-005  2.9400486002223617E-005 -7.6160003158849344E-017 -3.9149847508829555E-016  6.2776734557139382E-017 -2.1444616782675638E-016 -1.4093871194730243E-015  3.6481016611273088E-016 -4.8162658752950999E-015  6.0891763568833296E-014 -4.8397933316381240E-015  1.8647981785692968E-015 -4.5790517015210751E-015 -5.8065335284075189E-016 -2.0212972580769466E-003  5.7918470790958883E-015 -1.0944151585983667E-013  6.3692598891356798E-014 -8.5591517604140526E-005  6.0207112577432268E-007 -1.0660092379700327E-004 -1.8627952608721702E-005  1.7818800629578724E-006  2.1110316011643826E-004 -3.5185348099339985E-005 -1.0450223631830433E-004 -5.9610602103765202E-014 -6.3250824283306048E-015 -6.9644623879735650E-014 -2.1652583457139250E-005 -3.7836873719000508E-006  3.6194684131689865E-007  4.2878936491521746E-005 -7.1468018272780537E-006 -2.1226353047418794E-005  2.9518008596921356E-005  5.1581418280311220E-006 -4.9344115658830738E-007 -5.8455011431910725E-005  9.7429349457354681E-006  2.8937002839060348E-005 -8.8449057136075374E-006 -1.5456040011661028E-006  1.4784998038364210E-007  1.7515691349526192E-005 -2.9194079469701303E-006 -8.6707856207790077E-006 -3.6358614866830513E-003 -6.3534717359103735E-004  6.0773928323218992E-005  7.2001387321317094E-003 -1.2000732992802977E-003 -3.5642772455209714E-003 -1.0484077696773682E-017  1.1823421190369356E-016 -5.0543724793818046E-018  2.6370799047202328E-017  4.6981628555146245E-020 -4.0210551306368802E-018 -1.6109890434231095E-016 -7.4935730052236343E-018  1.2808562480469367E-016 -7.1919460000780866E-018 -3.1832926625896822E-006 -1.2285817425202419E-006  1.1753128549039757E-007  7.3949196973956024E-006 -1.0254481059407903E-006 -1.8030837184643729E-006  1.6144598070322872E-006 -3.1295969482987605E-007 -5.1770975004858956E-007  1.1573509846279290E-007 -8.2097247686233997E-006  3.0494474005532722E-006  7.0264481086336888E-006 -2.2851235094837960E-006 -2.9735309837227718E-006 -2.2919368594393758E-018 -7.3265928559655024E-017  2.4056185659412873E-017 -1.9380512244834639E-017  2.5641872603075188E-018 -4.3683918130628207E-018  1.0064816699240748E-016 -4.7502821074587631E-017 -7.0974596798685308E-017  3.7531035050837539E-017 -2.5773822753871252E-018 -1.4553324241031769E-018 -5.0646449069208546E-018 -6.3568108131147992E-019  3.7302419072059094E-019 -2.9693258991082444E-019 -3.1191837553382146E-018 -2.4044233961581493E-018 -2.6486586411792103E-020 -4.0433552747634927E-018  3.9290497635973531E-020  3.5106532994574062E-019  2.7371740514847863E-019  4.5151416943805445E-019  6.3019362087263589E-019 -8.7088745196121769E-018 -2.9040515240066721E-018 -4.4739800419329668E-019 -3.0863838628983001E-018  1.9923425544535852E-018 -3.9433360870930063E-018 -8.4545140618720880E-008 -3.2629780557995485E-008  3.1214786259986149E-009  1.9640179756756074E-007 -2.7234852006861779E-008 -4.7888097460023878E-008  4.2878272958770929E-008 -8.3117601663623099E-009 -1.3749795476488150E-008  3.0737416209671077E-009 -2.1804205845541554E-007  8.0990040616323022E-008  1.8661527607227319E-007 -6.0690380277980700E-008 -7.8973918780740863E-008 -4.4215630382379693E-018 -1.3120775475252430E-018 -3.6826281340731667E-019  1.2075940941069990E-018 -1.8669412636488654E-019 -2.2359691055693507E-018 -1.0146632434479419E-017 -3.4098485971984460E-019 -6.0800604966716746E-019  8.0476627761145408E-019
-1.0141868656873887E-005  1.9303454330730675E-004 -1.8466950967525499E-005  3.0584866966503879E-017  2.6427920545976941E-016  5.4400854391927908E-017  1.0294859567092478E-017 -7.6160003158849344E-017  3.4213320168817708E-007 -1.3858623671464803E-006  1.3258068405646359E-007 -1.1942140617257624E-006 -5.0089046252813875E-006  4.7918490178167300E-007 -1.5801018766671065E-005  2.3477343998503186E-004 -2.2459961013556137E-005  6.1410557753688106E-006 -2.3800792833600583E-005  2.2769364539741668E-006  2.7969898518333016E-014 -7.3713140657152398E-004  4.6550032974698863E-006 -4.4529561288086870E-007 -1.9872260826084209E-013 -6.2132302118838166E-015  5.0579106549745981E-016  4.2215811698231377E-017 -3.3670603281615658E-017 -5.5942082345133517E-016 -2.0665874361092951E-017  5.5237614900500872E-017  2.9482791631395605E-005  8.5392047988901513E-006 -8.1691081278351321E-007  7.6459916125672222E-017  9.4404904915974842E-018 -7.2757895755106340E-018 -1.3359380285858991E-016  7.1775903946884391E-018  1.8281390403593837E-017 -8.4882482867734174E-017 -9.3264814910198858E-018  5.1425855251892262E-018  1.3619351641719858E-016 -6.1256392834694944E-018 -4.6786463472166505E-017  4.9476682024060554E-017  3.1097491727426830E-018 -4.1025768754569673E-018 -2.0520480301338674E-017  1.8261170720338637E-018  1.9474484588693186E-017  1.8581222266564527E-014  1.4969551901848475E-015 -1.2742641973321400E-015 -1.9514900290617536E-014 -1.0347939363208816E-015  6.9326044833421406E-016 -4.4813622133325409E-007  6.4350114929574250E-007 -6.1561422243366608E-008  7.9477292240885034E-007 -1.1018303047752335E-007 -1.9353509010798879E-007 -1.0035562550555862E-006  2.6951764046850246E-007  7.0291085394993798E-007 -1.5500141343884696E-007  1.6182288175901058E-017  4.0235082103245886E-018 -3.7592778533375396E-019 -2.5886971368220584E-017  2.1881303654637120E-018  6.9055528975879768E-018 -4.3474610413742345E-018  1.3813547625569035E-018  5.8327859448830824E-019 -5.0170166214168847E-019  2.6402341899710839E-017 -2.0055895559305433E-018 -1.0480612483700643E-017  3.8616548458088671E-019  7.9659663690419877E-018 -1.9358652979104580E-007 -1.4703597032663871E-007  1.4066449769942655E-008  3.4350529443329575E-007 -4.7636784983883245E-008 -8.3781710386671463E-008  1.8182744780595112E-007 -4.2842642572721850E-008 -9.6911149604303478E-008  2.1448507741811895E-008 -2.5660220518281583E-010 -4.3083627791558940E-011  4.1194603305793588E-012  6.6677689659478103E-010 -8.6241716172242746E-011 -1.0682506434287558E-010  4.8936319580307036E-011 -4.4240863382945650E-012  1.0026609902257677E-011 -2.0961173795566382E-012 -6.6840592841939768E-010  1.7206296334870487E-010  2.7956025910824562E-010 -8.5821246485388888E-011 -7.7557671026256090E-011  2.2111538752762802E-011 -3.4591239925072014E-011 -9.7187659373905607E-011  4.8588087545085358E-011  6.8520403977469565E-011 -2.1305294595583718E-011  3.9438641499971218E-018  5.0333970262653834E-020 -2.6077300328956629E-020  1.3973468676036376E-018  5.9043168418515627E-020  2.0136086139369146E-018  1.0792767790620146E-019  1.6047537240251725E-022  3.9659466268167016E-021 -2.0195370477249701E-020  4.8448327751749986E-018  3.9773254352538590E-020  1.7957568986049213E-018  1.3590434324643974E-019  4.1393333153326277E-018 -2.6778391475910847E-008  2.3040677031296425E-008 -2.2042174178703025E-009  4.7498115627703652E-008 -6.5854379389086881E-009 -1.1571133440323719E-008 -3.7654176304170124E-008  1.0329691845470515E-008  2.7477701675458960E-008 -6.0563710564024050E-009
 1.9303450820528143E-004 -3.8116079980443818E-003  3.6460851972790773E-004  8.7813794369028062E-017 -6.0634383744901208E-016 -6.1739836048997239E-016 -5.1159100976850336E-016 -3.9149847508829555E-016 -1.3858623671464803E-006  2.7634186429282307E-005 -2.6176522823920169E-006 -5.0089050823382872E-006  9.7447103235712260E-005 -9.4609496256427399E-006  2.3477341906902416E-004 -4.6392392127638299E-003  4.4344587309358934E-004 -2.3800779202768161E-005  4.7485462423408123E-004 -4.4955474612323935E-005  5.8445113794268928E-014  4.6550052346404683E-006 -8.2880439141735040E-004  8.7925233988690351E-006  4.5764606073784170E-014 -1.2150105650407121E-014 -5.1644029773492619E-017  1.8162776698287213E-016  1.3650380436825773E-016 -1.4395526029285427E-016  5.3731548667275483E-017  6.6445729797124159E-017  8.5392049257741351E-006 -1.3868154820161909E-004  1.6129067700271798E-005  3.6573274443323394E-016  2.9864304266933114E-017  5.7705595839079941E-018  2.2391394500428653E-016 -6.2119015725432314E-018  3.3426164410565516E-016 -1.3191186205457806E-016 -3.5286497757885642E-017  3.7993840483142746E-018 -4.0131507174296661E-017  9.9902572990364270E-018 -9.1261490626084517E-017 -2.8968861192801336E-016  9.8084281995639976E-018  2.2626948908631361E-018 -3.7691727702692053E-016 -9.1916380168539589E-018 -3.1787653257451480E-016  1.5222027825190148E-016  6.6133548419507150E-015  5.7702596024050295E-015 -1.5752608730015595E-015  2.4065861240368941E-015  6.1341130657399019E-015  1.6376648004376592E-006 -1.4503498275325610E-005  1.3718735504566193E-006 -2.9000687528073195E-006  3.9702520205261754E-007  7.0291086170419014E-007  2.1272155882009973E-005 -5.4777285248152707E-006 -1.4036093670876283E-005  3.0603236094773341E-006 -7.0630715282745974E-017  5.1857221781947731E-018  3.5541583370998899E-019 -4.2463897436481874E-017  1.0414973850405769E-018 -4.3699585372476294E-017 -9.7936784435561728E-018 -4.0607246279561838E-018  3.6091092115622987E-018  1.9267525064744612E-019 -7.3223199669940782E-017 -4.2546598206230816E-018 -5.0681227515546580E-017  2.8541465942066665E-018 -7.6310155745748398E-017 -2.2689993239189336E-007  1.8931811445099811E-006 -1.8988816520742919E-007  4.0132947002822392E-007 -5.8163351197316489E-008 -9.6911265413176526E-008 -2.7711510454523440E-006  7.5804083255665775E-007  1.8247081213960529E-006 -4.2347599519052016E-007  2.2889976671710685E-010 -1.5561449913755406E-009  1.4105889517849717E-010 -5.9427651390677021E-010  7.2484547351650866E-011  9.4776176333594468E-011  2.6887198697992530E-009 -4.9487653275598879E-010 -8.7374075221405226E-010  1.8416970719442809E-010  5.9479391338299284E-010 -1.4370935428054701E-010 -2.4752151393170298E-010  7.1224793663305246E-011  6.8521301266650893E-011 -2.3867240676098558E-009  1.1234428235307104E-009  2.5195389077767524E-009 -1.1020727899192086E-009 -1.4269308992921506E-009  4.2063603047962367E-010 -7.7657428070046096E-017 -1.4737986419809312E-018  7.0412914166074570E-019 -4.9514491843711725E-017 -8.2651145581162722E-019 -4.7335232821401165E-017 -1.9841500656495749E-018  2.3379270690657754E-019 -6.4082715905433559E-019  7.0555569794362060E-019 -9.1042738082316939E-017 -1.9378240087721449E-018 -5.1844402984834218E-017 -1.8494778185115290E-018 -8.5577121014863826E-017  6.3978104420150906E-008 -5.7081997957869572E-007  5.3601270143723238E-008 -1.1331332244252984E-007  1.5396034043131399E-008  2.7477688039369383E-008  8.3741836745623878E-007 -2.1402925849486396E-007 -5.5269465736398489E-007  1.1957596249447412E-007
-1.8466950563972769E-005  3.6460857806224487E-004 -3.5245768893867913E-005 -7.7657066524479307E-017  2.3314000408803428E-017  3.8204166737281623E-017 -4.2924541873376171E-017  6.2776734557139382E-017  1.3258068405646359E-007 -2.6176522823920169E-006  5.2236299957090974E-007  4.7918481697140193E-007 -9.4609470833044416E-006 -5.4281208948596105E-007 -2.2459969123996825E-005  4.4344607274828917E-004 -4.6332997498226321E-005  2.2769387641750789E-006 -4.4955545989300028E-005  9.2363147431446798E-006 -6.8944971050383336E-014 -4.4529565194559878E-007  8.7925220485850927E-006 -7.3773693188637710E-004  2.5117871186712303E-015  1.1625528606500826E-014  4.2951384993925214E-017 -2.2774184362461957E-016 -1.6911439610199253E-016 -1.0283691571683347E-016  3.5136952666480827E-016  6.2355795234896730E-017 -8.1691080205971103E-007  1.6129067697898073E-005  2.8372253983199291E-005 -3.0817467285710780E-017 -4.4773518319068065E-017 -2.2739557908365739E-017 -8.1625611547346927E-019  6.2005195007039633E-017 -3.3848046864634575E-017 -2.2399068933905493E-017  5.0041975296674172E-017  1.5568210019483488E-017  4.0989410449408101E-017 -9.0423422573164628E-017 -1.2421908751650126E-017  2.4168566247809345E-017 -1.9042393828063368E-017 -1.2317265487291253E-017  3.9152772511127973E-017  2.7502964494584170E-017  2.3964118554729504E-017  9.0020208867856523E-016 -8.1338477216872463E-015 -6.6586622450441529E-015 -3.2534499732108718E-015  1.2141205026137723E-014  1.9432751587887806E-015 -1.5666978328910735E-007  1.3718759154985902E-006 -2.9456065980701172E-007  2.6951741241175339E-007 -8.5355124034848311E-008 -5.9322841127341544E-008 -1.8955427412535253E-006  1.1611544674994395E-006  1.1712615385563176E-006 -6.4592088748829109E-007  7.5323844679186147E-018 -6.5509990853177734E-018 -2.3377744108065467E-018 -1.9925829669765294E-019  4.6962854065471525E-018  4.2200402242907333E-018  1.0897547182875022E-017  5.5571745585444733E-018 -4.0976876763444636E-018 -1.8171062694984512E-018  8.6196587151061493E-018 -1.6055853954694383E-017  3.8375999844700069E-018  1.2401981262559465E-017  6.7376003718421219E-018  2.1706755990185749E-008 -1.8988816887583028E-007 -7.3548054316455481E-008 -4.2842668767781026E-008 -2.1038817448249139E-008  1.3719999513096720E-008  3.4344028862030456E-007  2.8526528380434439E-007 -2.7088532978115095E-007 -1.5780470558907186E-007 -2.1898786792255270E-011  1.4105896943162478E-010 -9.5164607425498748E-011  4.9478694225560265E-011 -5.1039208243733434E-011 -1.6916076261180341E-012 -1.9594161634595066E-010  3.2768615321522788E-010  1.5096248359007834E-011 -1.1964313051569569E-010 -3.4591621882138808E-011  9.8657342313925010E-011 -5.6182776576679885E-012 -4.7618132908218024E-011  4.4903344410261385E-012  4.1755708013780619E-011 -7.1542708858809786E-010  1.0482318265831864E-010  6.9247108940571073E-010 -8.8653941654504727E-011 -2.6250276540036833E-010  5.8731415062961875E-018  1.7407661768142863E-019 -2.7024144191520736E-019  3.9288411285427015E-018  1.5668372731804440E-019  4.1150942229306193E-018  5.6265934068332351E-019  1.5791125879208671E-019  2.9797348174480460E-020 -1.1641048670153358E-019  7.3250988845682673E-018 -2.6109932207008210E-019  4.2290679856543452E-018  5.2565734404149412E-019  7.0006391239376246E-018 -6.1205568389992457E-009  5.3601339591956820E-008 -1.5654366264464683E-008  1.0329684081110269E-008 -4.5262534792116964E-009 -2.1180953800736373E-009 -7.1122176336635970E-008  6.1540258143196535E-008  4.1819072996713054E-008 -3.4201324410362681E-008
