  0.23368998606151814        4.0316961007904560E-017   5.9464305551214633E-017  -7.4606700820063900E-017  0.52445289765026726       -9.6848042992545637E-018  -4.0973711097586114E-017  -1.8927388959886060E-017  0.29808884231935806        5.8308449025770551E-017   1.6552030915415104E-016   3.1983928737305902E-017   5.4444107273989878E-002
   4.0316961007904560E-017  0.23607260555545917       -1.4619712238120624E-016  -2.7583294849276298E-017   5.1484091847000415E-017   6.8917567461002832E-002  -9.8043004853501196E-017  -5.2416375186306361E-017   8.0451747958009512E-016  -5.7852058198403028E-002  -1.1006293882923964E-015  -6.6982391380980728E-016   9.0768587421991864E-016
   5.9464305551214633E-017  -1.4619712238120624E-016  0.23607260555545947        4.0206313057455417E-016   1.8174694115848247E-016  -8.6843235234069347E-017   6.8917567461003013E-002   1.2717438476278270E-016  -9.7688527342707786E-016  -4.7236606365864788E-016  -5.7852058198404339E-002   2.9597512286904419E-016  -2.2954791247565372E-016
  -7.4606700820063900E-017  -2.7583294849276298E-017   4.0206313057455417E-016  0.23607260555545903       -1.5239359635759815E-016  -7.5056705598576754E-017   1.3804661732942321E-016   6.8917567461002902E-002  -2.4501716162969286E-016  -1.5101503365320636E-015  -2.0970820532298291E-016  -5.7852058198403798E-002  -4.5374846913657814E-016
  0.52445289765026726        5.1484091847000415E-017   1.8174694115848247E-016  -1.5239359635759815E-016   1.1805042710836411        2.2517830677978477E-017  -1.0491295152196004E-016  -6.2470341420050352E-017  0.58824724255609262        3.5846110754682106E-019   2.0434101031951901E-016   1.3201062562059580E-018   7.3848986844272643E-002
  -9.6848042992545637E-018   6.8917567461002832E-002  -8.6843235234069347E-017  -7.5056705598576754E-017   2.2517830677978477E-017   2.3359917370609370E-002   4.3638166883956162E-017   7.7820340289081062E-017  -8.4022859626971650E-016   6.2555493079502603E-002   1.2860786405920952E-015   3.7819272882467770E-016  -1.4674953473701948E-015
  -4.0973711097586114E-017  -9.8043004853501196E-017   6.8917567461003013E-002   1.3804661732942321E-016  -1.0491295152196004E-016   4.3638166883956162E-017   2.3359917370609454E-002   2.7862504701959910E-017   3.0615039348764758E-016   4.4663821433266669E-016   6.2555493079502242E-002  -1.7099311745410676E-016  -3.3413641167620468E-016
  -1.8927388959886060E-017  -5.2416375186306361E-017   1.2717438476278270E-016   6.8917567461002902E-002  -6.2470341420050352E-017   7.7820340289081062E-017   2.7862504701959910E-017   2.3359917370609429E-002   3.4044135887784622E-016   1.7975305454992398E-015  -2.4034482233653944E-016   6.2555493079502533E-002   3.7388077635059414E-016
  0.29808884231935806        8.0451747958009512E-016  -9.7688527342707786E-016  -2.4501716162969286E-016  0.58824724255609262       -8.4022859626971650E-016   3.0615039348764758E-016   3.4044135887784622E-016   2.4572212043159820        1.6202634688735554E-016  -5.6907728190023893E-017  -5.9420554763642320E-017  0.60704411325095631     
   5.8308449025770551E-017  -5.7852058198403028E-002  -4.7236606365864788E-016  -1.5101503365320636E-015   3.5846110754682106E-019   6.2555493079502603E-002   4.4663821433266669E-016   1.7975305454992398E-015   1.6202634688735554E-016   1.9618156522666863        2.3546417614281274E-015   1.0834738653230245E-015   2.8873422052672774E-016
   1.6552030915415104E-016  -1.1006293882923964E-015  -5.7852058198404339E-002  -2.0970820532298291E-016   2.0434101031951901E-016   1.2860786405920952E-015   6.2555493079502242E-002  -2.4034482233653944E-016  -5.6907728190023893E-017   2.3546417614281274E-015   1.9618156522666914       -1.3694342353123647E-015   2.3361591745788714E-016
   3.1983928737305902E-017  -6.6982391380980728E-016   2.9597512286904419E-016  -5.7852058198403798E-002   1.3201062562059580E-018   3.7819272882467770E-016  -1.7099311745410676E-016   6.2555493079502533E-002  -5.9420554763642320E-017   1.0834738653230245E-015  -1.3694342353123647E-015   1.9618156522666910       -8.2473679697774706E-017
   5.4444107273989878E-002   9.0768587421991864E-016  -2.2954791247565372E-016  -4.5374846913657814E-016   7.3848986844272643E-002  -1.4674953473701948E-015  -3.3413641167620468E-016   3.7388077635059414E-016  0.60704411325095631        2.8873422052672774E-016   2.3361591745788714E-016  -8.2473679697774706E-017   2.1542208940436218     
