  0.37282482741983858       -2.1990460428953591E-016  -5.8671032810631500E-016  -4.0364543143884153E-017  0.64172532503407109        1.5669684103860834E-016  -2.0262714297474953E-016   2.0057645176299437E-016 -0.50408636399109241        1.2480989019821279E-017  -1.8348081130588352E-017   2.4363035945915105E-017   9.0114875775306122E-002
  -2.1990460428953591E-016  0.85608569352464126       -1.0801364143386838E-016  -3.6689401516909470E-016  -9.1106859093817087E-016  0.64807538517439134       -7.9019364836174777E-016   3.5904710194573086E-016  -5.5070698886533076E-018  0.39005045250674131       -1.8411074260201582E-015  -1.7050773228229066E-016  -1.2593185380650285E-015
  -5.8671032810631500E-016  -1.0801364143386838E-016  0.85608569352464303        3.1693940007182508E-016   1.2055324780911104E-016  -2.7217540287532982E-016  0.64807538517439056        1.8323965391905950E-015   3.1860337913831123E-016  -1.9092122631111930E-015  0.39005045250674164       -1.7557298930687137E-017   3.1827679307252305E-016
  -4.0364543143884153E-017  -3.6689401516909470E-016   3.1693940007182508E-016  0.85608569352463548       -5.2505574143168697E-016   1.1037449166445557E-015   7.4117415763824690E-016  0.64807538517439023        1.5166018110983394E-015  -1.1553495519230766E-015  -8.2228603266731870E-016  0.39005045250674181        9.5183649487963219E-016
  0.64172532503407109       -9.1106859093817087E-016   1.2055324780911104E-016  -5.2505574143168697E-016   1.1087624405040180       -1.5866552423049406E-016   5.1430281595623498E-016  -6.5034041336065223E-017 -0.78110473278970372        3.0466276468984327E-017   2.8701028401583824E-016   1.7575829085042441E-016   9.6195663051343874E-002
   1.5669684103860834E-016  0.64807538517439134       -2.7217540287532982E-016   1.1037449166445557E-015  -1.5866552423049406E-016  0.49498169068348286       -7.9799990400364340E-016   1.1493762755790393E-015   1.3698298360902391E-016  0.20351895634750075       -1.9721501992239765E-015   2.7717289726413019E-016   1.1178119471846153E-015
  -2.0262714297474953E-016  -7.9019364836174777E-016  0.64807538517439056        7.4117415763824690E-016   5.1430281595623498E-016  -7.9799990400364340E-016  0.49498169068348080        1.5942108744226857E-015  -3.5381989322612947E-016  -5.6578412744798245E-017  0.20351895634749959        1.8360184520730544E-015  -1.4698520949183082E-016
   2.0057645176299437E-016   3.5904710194573086E-016   1.8323965391905950E-015  0.64807538517439023       -6.5034041336065223E-017   1.1493762755790393E-015   1.5942108744226857E-015  0.49498169068348474       -1.3279146245481415E-015   3.0694373366786654E-015   1.9861431835126175E-015  0.20351895634749942       -1.0545395917282708E-015
 -0.50408636399109241       -5.5070698886533076E-018   3.1860337913831123E-016   1.5166018110983394E-015 -0.78110473278970372        1.3698298360902391E-016  -3.5381989322612947E-016  -1.3279146245481415E-015   2.7627732801432456        1.2115624952677340E-017  -2.0531782982474543E-016  -5.3401878363406335E-016 -0.71002081316130616     
   1.2480989019821279E-017  0.39005045250674131       -1.9092122631111930E-015  -1.1553495519230766E-015   3.0466276468984327E-017  0.20351895634750075       -5.6578412744798245E-017   3.0694373366786654E-015   1.2115624952677340E-017   2.1023380461138648       -2.7803560032090870E-015   1.5347881250410075E-015   7.2237673666167213E-017
  -1.8348081130588352E-017  -1.8411074260201582E-015  0.39005045250674164       -8.2228603266731870E-016   2.8701028401583824E-016  -1.9721501992239765E-015  0.20351895634749959        1.9861431835126175E-015  -2.0531782982474543E-016  -2.7803560032090870E-015   2.1023380461138639        1.9131179320309825E-015   3.0364352985416649E-018
   2.4363035945915105E-017  -1.7050773228229066E-016  -1.7557298930687137E-017  0.39005045250674181        1.7575829085042441E-016   2.7717289726413019E-016   1.8360184520730544E-015  0.20351895634749942       -5.3401878363406335E-016   1.5347881250410075E-015   1.9131179320309825E-015   2.1023380461138625       -6.9740957135459310E-016
   9.0114875775306122E-002  -1.2593185380650285E-015   3.1827679307252305E-016   9.5183649487963219E-016   9.6195663051343874E-002   1.1178119471846153E-015  -1.4698520949183082E-016  -1.0545395917282708E-015 -0.71002081316130616        7.2237673666167213E-017   3.0364352985416649E-018  -6.9740957135459310E-016   2.1930544972384856     
