  0.23177980466469766       -1.7257000129717223E-008  -1.7797382321532668E-008  -2.4245091313262379E-008  0.58193123504506394       -1.3472000362034594E-008  -4.8331469633041420E-009  -1.2118871323540314E-008   7.0906789238850079E-010  -2.8019430768489131E-011   4.0762628803884879E-010  -9.6235128535785459E-010  -1.5306586306930449E-009   2.5330298944980260E-010   8.6022303894954900E-009   5.1558716078331907E-009   1.0100849014690966E-008 -0.43822721708200729        1.4131329494784745E-010   1.0540800163859499E-009   1.3458161086003499E-009  -1.4595203512134968E-009  -1.5370740645129128E-009   1.3181049340909347E-009   9.5919463173314540E-002  -2.7471298978346916E-009  -1.7523797573805513E-009  -3.3709923326068063E-009  -3.6019391649508389E-002
  -1.7257000129717223E-008  0.65097988005344742       -2.0588191320762868E-009   4.3097267282423063E-010   1.7280382678275892E-008  0.55186604335640155        2.7463591803776655E-009   1.0388450608735955E-009  -3.8558014552366153E-009  -6.9499801008704294E-009  -2.4389495753100112E-009  -6.2634772457487246E-009  -3.8405605842221841E-009   1.0119278746909426E-008 -0.36736531020444690       -1.0542135265604811E-009  -5.6623629269236197E-010  -4.8115316183425811E-009   1.9607456984016883E-009   1.4467817673113519E-009  -1.0477344511852256E-009   4.5729629339857738E-009   2.6677968130830319E-009  -6.5337056358063670E-009   8.3039998040861932E-010  0.12276707359679653        3.3124655288731069E-010   1.8356973323091226E-010  -3.3255305585417412E-010
  -1.7797382321532668E-008  -2.0588191320762868E-009  0.65097986694713195       -1.8650973903559619E-008   7.5075939625686493E-009  -2.1020024715690500E-009  0.55186604542007212        1.2751909688510362E-009  -3.0742826376061484E-009   1.5269177191036653E-009   4.6526522164751387E-010  -2.1526966708230423E-009  -3.9509753872559804E-009   5.2269861787958255E-009   1.2760802929055179E-009 -0.36736530851645099        2.8269959894943726E-009   1.8194681258053599E-009   4.5542048724096055E-009  -1.3061136135618508E-009   5.2750246877344369E-010  -3.4060064535732784E-009   1.7529581335253719E-009  -1.1481979207398451E-009  -6.3279867154476124E-010  -4.0636040236433087E-010  0.12276707293340652       -1.0377284736606228E-009   1.7702240203789553E-010
  -2.4245091313262379E-008   4.3097267282423063E-010  -1.8650973903559619E-008  0.65097988500789483        1.5635115464195814E-008  -1.1741811460380410E-009   4.5884436263212273E-009  0.55186604258457805        6.0130912649325100E-009  -1.6234856255531274E-009   2.1911343491643418E-009  -4.0801885485060644E-009  -3.6869665735676179E-009  -1.9329009536049781E-009   4.8801330875043265E-010   1.2199252108215859E-009 -0.36736531019896929       -9.3274720833680065E-010  -3.1851503526602666E-009   1.6175132540210849E-009  -3.4412410231436937E-009   4.4275151249270689E-009  -1.4728870789764927E-009  -1.2423719793924446E-009  -1.6522438764300456E-010  -1.4923314655410883E-010  -5.2766935146394176E-010  0.12276707357605533       -7.8276691882610137E-012
  0.58193123504506394        1.7280382678275892E-008   7.5075939625686493E-009   1.5635115464195814E-008   1.4625835928221511        1.7594938065195987E-008   3.2101233174104230E-008   3.4403531027497774E-008   1.1990006451230774E-009  -1.0454896151330984E-009  -5.0599927108392855E-010  -4.2893026882266324E-010  -1.4219795129477212E-009  -7.7001775927108870E-010  -1.0553140151272623E-008  -1.6740969583807881E-008  -1.9573217380913220E-008  -1.0432620100303418       -1.4696974805373156E-009  -4.1310224055292981E-010  -1.4043284516463253E-009   2.5552868007111346E-009   3.7162937099543950E-009  -1.0858170946110548E-009  0.19838416606174156        3.3620989548634674E-009   5.3890275207114312E-009   6.3464934740395001E-009  -6.9377985850654023E-002
  -1.3472000362034594E-008  0.55186604335640155       -2.1020024715690500E-009  -1.1741811460380410E-009   1.7594938065195987E-008  0.46831107704743180        2.0287890021915518E-009  -4.2406657944487018E-010  -2.8925100483938311E-009  -4.0536042094876638E-009  -5.2873598683887563E-010  -5.4855527195519374E-009  -3.2941527017683317E-009   8.3780628060622421E-009 -0.28222679371298459       -6.0120210506399650E-010   3.8559168583698515E-010  -5.8462082269211242E-009   2.8182828237284104E-009   6.9646123853156569E-009   3.9032380915191464E-009   3.3174587418778439E-009   2.1372346242529536E-009  -6.1357390147463016E-009   9.5120930346762679E-010   7.8432091298195256E-002   1.7661634025296405E-010  -1.3001480705084585E-010  -3.8911093907040146E-010
  -4.8331469633041420E-009   2.7463591803776655E-009  0.55186604542007212        4.5884436263212273E-009   3.2101233174104230E-008   2.0287890021915518E-009  0.46831108993018883        1.8345313099604864E-008  -4.0261501079006153E-009   1.4411785850833742E-009  -9.1429357311654072E-011   9.5944967997263485E-010  -2.8114542916412580E-009   3.0667062434733292E-009  -1.3310998861236586E-009 -0.28222680112403731       -1.0317639295915482E-008  -1.8233811509160411E-008  -5.7151056268952424E-010  -6.4750123201864969E-010  -1.0534633653377740E-009   5.7843413376858767E-009   3.1669299916197773E-009  -5.2128303438239021E-009   3.6961908925276831E-009   4.2486802441053610E-010   7.8432093757875021E-002   3.3808587873471822E-009  -1.3423441291152970E-009
  -1.2118871323540314E-008   1.0388450608735955E-009   1.2751909688510362E-009  0.55186604258457805        3.4403531027497774E-008  -4.2406657944487018E-010   1.8345313099604864E-008  0.46831107215639717        4.5796228572770363E-009  -1.6740221850414114E-009   2.9881788670306413E-009  -4.3831801982411103E-009  -8.5562022039722468E-010  -1.9644116623714902E-010   6.4176973278978432E-011  -9.7992896445952096E-009 -0.28222679173740106       -1.7136046766503778E-008  -4.3081502485124368E-009   4.4637876019743542E-010   5.9152346539561492E-010   8.5465257890833051E-010   5.8254942036038866E-009   3.4534915931780545E-009   3.4097026493613019E-009  -2.1535226709938748E-011   3.2031864430093135E-009   7.8432090717635183E-002  -1.2545234212774178E-009
   7.0906789238850079E-010  -3.8558014552366153E-009  -3.0742826376061484E-009   6.0130912649325100E-009   1.1990006451230774E-009  -2.8925100483938311E-009  -4.0261501079006153E-009   4.5796228572770363E-009  0.14695189862596106        4.5580969376512261E-011  -6.1290813929775604E-011  -7.3475949339296270E-002  -5.8450589075212377E-010  -7.3475949286667369E-002   2.4476620645390716E-009   2.1918631172397737E-009  -3.4271570651959968E-009  -9.3530799281803549E-010  0.46014467315204516        5.8944260167287336E-011  -6.5706226111608718E-011 -0.23007233660641890       -7.1599768948850383E-010 -0.23007233654566414        1.9510495912761084E-010  -8.6395660133890725E-010  -6.0126864281968156E-010   1.1798462474083543E-009  -7.1004617843250932E-011
  -2.8019430768489131E-011  -6.9499801008704294E-009   1.5269177191036653E-009  -1.6234856255531274E-009  -1.0454896151330984E-009  -4.0536042094876638E-009   1.4411785850833742E-009  -1.6740221850414114E-009   4.5580969376512261E-011  0.14695189878971568        6.3855615586414592E-010   1.0012310200607553E-010   6.0056824755987206E-011  -1.4570388836437879E-010   3.3438864861059153E-009  -9.5213220034947055E-010   9.1344157529655913E-010   7.2225387042875349E-010   5.3184143171593530E-011  0.46014467335348186        7.7966984034139478E-010   1.3494709820562591E-010   8.0506764877391621E-011  -1.8813074114244004E-010  -1.6742639421671859E-010  -1.2600237556728885E-009   2.9440313530250661E-010  -2.8016409054525338E-010   5.7352521344581099E-011
   4.0762628803884879E-010  -2.4389495753100112E-009   4.6526522164751387E-010   2.1911343491643418E-009  -5.0599927108392855E-010  -5.2873598683887563E-010  -9.1429357311654072E-011   2.9881788670306413E-009  -6.1290813929775604E-011   6.3855615586414592E-010  0.14695189769908315        2.2189582905026298E-010  -3.3223841365705015E-010  -1.6060510412341702E-010   1.1672385309772751E-009  -4.5249784090420476E-010  -1.1620453115041501E-009   1.0632258379748436E-010  -8.5069767899286772E-011   7.9118033286501199E-010  0.46014467201199388        2.7922987200154301E-010  -4.0106281086893505E-010  -1.9416032416441728E-010   4.3926576271781368E-012  -4.9521937072279989E-010   1.9770230089072562E-010   2.7027053177502503E-010   2.3637837438491015E-012
  -9.6235128535785459E-010  -6.2634772457487246E-009  -2.1526966708230423E-009  -4.0801885485060644E-009  -4.2893026882266324E-010  -5.4855527195519374E-009   9.5944967997263485E-010  -4.3831801982411103E-009  -7.3475949339296270E-002   1.0012310200607553E-010   2.2189582905026298E-010  0.14695189887343399        5.4495406587377867E-010  -7.3475949534138996E-002   3.8269976358927550E-009   7.4656764846535219E-010   2.8762242884467907E-009   6.2967396191994650E-010 -0.23007233661038848        1.1135667439460272E-010   2.6663381306897692E-010  0.46014467345645083        6.5729196426304461E-010 -0.23007233684606246       -1.6112636381041526E-010  -1.2608826551432934E-009  -5.0821241649282531E-010  -9.1833396536781036E-010   5.4417655955778655E-011
  -1.5306586306930449E-009  -3.8405605842221841E-009  -3.9509753872559804E-009  -3.6869665735676179E-009  -1.4219795129477212E-009  -3.2941527017683317E-009  -2.8114542916412580E-009  -8.5562022039722468E-010  -5.8450589075212377E-010   6.0056824755987206E-011  -3.3223841365705015E-010   5.4495406587377867E-010  0.14695189839619410        3.9552043886499180E-011   2.2848931166838906E-009   2.0330742147500435E-009   1.6062147101558395E-009   1.4660082801866243E-009  -7.2188874147432428E-010   6.7233700993701932E-011  -4.1624491973937436E-010   6.8329680418299096E-010  0.46014467286943722        3.8592663462856723E-011  -3.5813320431427760E-010  -7.5644994962765229E-010  -7.1028123822087998E-010  -7.4206541346951646E-010   1.2292088990580603E-010
   2.5330298944980260E-010   1.0119278746909426E-008   5.2269861787958255E-009  -1.9329009536049781E-009  -7.7001775927108870E-010   8.3780628060622421E-009   3.0667062434733292E-009  -1.9644116623714902E-010  -7.3475949286667369E-002  -1.4570388836437879E-010  -1.6060510412341702E-010  -7.3475949534138996E-002   3.9552043886499180E-011  0.14695189882081022       -6.2746595098964415E-009  -2.9384353338345150E-009   5.5093188863049199E-010   3.0574867669414633E-010 -0.23007233654166473       -1.7030036147888713E-010  -2.0092786564942441E-010 -0.23007233685003592        5.8706410996061301E-011  0.46014467339173859       -3.4012819325591860E-011   2.1248396740883971E-009   1.1094826407446505E-009  -2.6151157672009742E-010   1.6591894598251753E-011
   8.6022303894954900E-009 -0.36736531020444690        1.2760802929055179E-009   4.8801330875043265E-010  -1.0553140151272623E-008 -0.28222679371298459       -1.3310998861236586E-009   6.4176973278978432E-011   2.4476620645390716E-009   3.3438864861059153E-009   1.1672385309772751E-009   3.8269976358927550E-009   2.2848931166838906E-009  -6.2746595098964415E-009   2.5382564438154738        4.2673880222075976E-010  -1.0641136790136749E-010   3.3880363113515338E-009  -1.9697476856230797E-009  -3.7984765306926012E-009  -2.0837502137634243E-009  -2.4494279585369436E-009  -1.5118223144361963E-009   4.4191750551596103E-009  -5.5814420882668590E-010 -0.97277136293340150       -1.2829358665898242E-010   3.6814714641551623E-011   2.2724278303321528E-010
   5.1558716078331907E-009  -1.0542135265604811E-009 -0.36736530851645099        1.2199252108215859E-009  -1.6740969583807881E-008  -6.0120210506399650E-010 -0.28222680112403731       -9.7992896445952096E-009   2.1918631172397737E-009  -9.5213220034947055E-010  -4.5249784090420476E-010   7.4656764846535219E-010   2.0330742147500435E-009  -2.9384353338345150E-009   4.2673880222075976E-010   2.5382564474530271        4.8196166731490015E-009   8.5477744572113886E-009  -2.7357997899542463E-010   5.2789614053017777E-010   7.1283264061633763E-010  -2.8587396473715644E-009  -1.8442557921761673E-009   3.1323200991679372E-009  -1.6911277572374253E-009  -1.3656847099404914E-010 -0.97277136411749732       -1.5570725790486035E-009   6.2248339794542590E-010
   1.0100849014690966E-008  -5.6623629269236197E-010   2.8269959894943726E-009 -0.36736531019896929       -1.9573217380913220E-008   3.8559168583698515E-010  -1.0317639295915482E-008 -0.28222679173740106       -3.4271570651959968E-009   9.1344157529655913E-010  -1.1620453115041501E-009   2.8762242884467907E-009   1.6062147101558395E-009   5.5093188863049199E-010  -1.0641136790136749E-010   4.8196166731490015E-009   2.5382564430436458        8.5784265678229549E-009   2.7653640627464141E-009  -3.6729484933785927E-010  -1.7095679601063737E-010  -1.1824358687625129E-009  -3.0063150789522447E-009  -1.5829216295773096E-009  -1.6474246923237485E-009   3.3470755208885812E-011  -1.5506925653027108E-009 -0.97277136270637321        6.1777770772910699E-010
 -0.43822721708200729       -4.8115316183425811E-009   1.8194681258053599E-009  -9.3274720833680065E-010  -1.0432620100303418       -5.8462082269211242E-009  -1.8233811509160411E-008  -1.7136046766503778E-008  -9.3530799281803549E-010   7.2225387042875349E-010   1.0632258379748436E-010   6.2967396191994650E-010   1.4660082801866243E-009   3.0574867669414633E-010   3.3880363113515338E-009   8.5477744572113886E-009   8.5784265678229549E-009   3.2188333904678097        8.2184519091435644E-010  -1.6049512377214826E-010   4.3595631991522206E-010  -1.0817553658833964E-009  -1.7874757373432515E-009   2.6140050156889817E-010  -1.2681042823435296       -1.0780434613945006E-009  -2.7181334844634651E-009  -2.7467260131880350E-009  0.34122730859490130     
   1.4131329494784745E-010   1.9607456984016883E-009   4.5542048724096055E-009  -3.1851503526602666E-009  -1.4696974805373156E-009   2.8182828237284104E-009  -5.7151056268952424E-010  -4.3081502485124368E-009  0.46014467315204516        5.3184143171593530E-011  -8.5069767899286772E-011 -0.23007233661038848       -7.2188874147432428E-010 -0.23007233654166473       -1.9697476856230797E-009  -2.7357997899542463E-010   2.7653640627464141E-009   8.2184519091435644E-010   1.4408328317630670       -9.5808564904918634E-011   1.2882526054570238E-010 -0.72041641582630001        1.2285621040344886E-009 -0.72041641593688566       -1.6299131306906808E-010   6.8111652491577332E-010   3.3429104594277113E-011  -9.3608961838927191E-010   6.0708943355007120E-011
   1.0540800163859499E-009   1.4467817673113519E-009  -1.3061136135618508E-009   1.6175132540210849E-009  -4.1310224055292981E-010   6.9646123853156569E-009  -6.4750123201864969E-010   4.4637876019743542E-010   5.8944260167287336E-011  0.46014467335348186        7.9118033286501199E-010   1.1135667439460272E-010   6.7233700993701932E-011  -1.7030036147888713E-010  -3.7984765306926012E-009   5.2789614053017777E-010  -3.6729484933785927E-010  -1.6049512377214826E-010  -9.5808564904918634E-011   1.4408328314189887       -1.3421692267615842E-009  -2.1044391943973828E-010  -1.2623029914342051E-010   3.0625405073388586E-010   5.8861949799066202E-011   1.3260989104970819E-009  -1.6343139447842438E-010   1.1213941941180204E-010  -1.6636730396356069E-011
   1.3458161086003499E-009  -1.0477344511852256E-009   5.2750246877344369E-010  -3.4412410231436937E-009  -1.4043284516463253E-009   3.9032380915191464E-009  -1.0534633653377740E-009   5.9152346539561492E-010  -6.5706226111608718E-011   7.7966984034139478E-010  0.46014467201199388        2.6663381306897692E-010  -4.1624491973937436E-010  -2.0092786564942441E-010  -2.0837502137634243E-009   7.1283264061633763E-010  -1.7095679601063737E-010   4.3595631991522206E-010   1.2882526054570238E-010  -1.3421692267615842E-009   1.4408328337113163       -4.6640115024537312E-010   6.9832519808570826E-010   3.3757520061552681E-010  -8.6673571034928977E-011   7.3435142580229643E-010  -2.5918661847484821E-010   1.1252590278654645E-010   3.2610227194323809E-011
  -1.4595203512134968E-009   4.5729629339857738E-009  -3.4060064535732784E-009   4.4275151249270689E-009   2.5552868007111346E-009   3.3174587418778439E-009   5.7843413376858767E-009   8.5465257890833051E-010 -0.23007233660641890        1.3494709820562591E-010   2.7922987200154301E-010  0.46014467345645083        6.8329680418299096E-010 -0.23007233685003592       -2.4494279585369436E-009  -2.8587396473715644E-009  -1.1824358687625129E-009  -1.0817553658833964E-009 -0.72041641582630001       -2.1044391943973828E-010  -4.6640115024537312E-010   1.4408328312429932       -1.1454278429199614E-009 -0.72041641541669366        2.1689234339655915E-010   8.0990439496005669E-010   1.0699936539856762E-009   3.8568055893925808E-010  -8.0976657442245488E-011
  -1.5370740645129128E-009   2.6677968130830319E-009   1.7529581335253719E-009  -1.4728870789764927E-009   3.7162937099543950E-009   2.1372346242529536E-009   3.1669299916197773E-009   5.8254942036038866E-009  -7.1599768948850383E-010   8.0506764877391621E-011  -4.0106281086893505E-010   6.5729196426304461E-010  0.46014467286943722        5.8706410996061301E-011  -1.5118223144361963E-009  -1.8442557921761673E-009  -3.0063150789522447E-009  -1.7874757373432515E-009   1.2285621040344886E-009  -1.2623029914342051E-010   6.9832519808570826E-010  -1.1454278429199614E-009   1.4408328322460462       -8.3131987312169967E-011   3.7298725231817653E-010   5.0116110242812209E-010   6.2536217353429248E-010   1.0942732553669873E-009  -1.3666613826726693E-010
   1.3181049340909347E-009  -6.5337056358063670E-009  -1.1481979207398451E-009  -1.2423719793924446E-009  -1.0858170946110548E-009  -6.1357390147463016E-009  -5.2128303438239021E-009   3.4534915931780545E-009 -0.23007233654566414       -1.8813074114244004E-010  -1.9416032416441728E-010 -0.23007233684606246        3.8592663462856723E-011  0.46014467339173859        4.4191750551596103E-009   3.1323200991679372E-009  -1.5829216295773096E-009   2.6140050156889817E-010 -0.72041641593688566        3.0625405073388586E-010   3.3757520061552681E-010 -0.72041641541669366       -8.3131987312169967E-011   1.4408328313536982       -5.4243837454764969E-011  -1.4910203223199689E-009  -1.1034228830621843E-009   5.5040643824761635E-010   2.0303692489294221E-011
   9.5919463173314540E-002   8.3039998040861932E-010  -6.3279867154476124E-010  -1.6522438764300456E-010  0.19838416606174156        9.5120930346762679E-010   3.6961908925276831E-009   3.4097026493613019E-009   1.9510495912761084E-010  -1.6742639421671859E-010   4.3926576271781368E-012  -1.6112636381041526E-010  -3.5813320431427760E-010  -3.4012819325591860E-011  -5.5814420882668590E-010  -1.6911277572374253E-009  -1.6474246923237485E-009  -1.2681042823435296       -1.6299131306906808E-010   5.8861949799066202E-011  -8.6673571034928977E-011   2.1689234339655915E-010   3.7298725231817653E-010  -5.4243837454764969E-011   2.7644841006708787        1.7773516708280965E-010   5.3621084429125903E-010   5.2552653492905263E-010 -0.85043303136998960     
  -2.7471298978346916E-009  0.12276707359679653       -4.0636040236433087E-010  -1.4923314655410883E-010   3.3620989548634674E-009   7.8432091298195256E-002   4.2486802441053610E-010  -2.1535226709938748E-011  -8.6395660133890725E-010  -1.2600237556728885E-009  -4.9521937072279989E-010  -1.2608826551432934E-009  -7.5644994962765229E-010   2.1248396740883971E-009 -0.97277136293340150       -1.3656847099404914E-010   3.3470755208885812E-011  -1.0780434613945006E-009   6.8111652491577332E-010   1.3260989104970819E-009   7.3435142580229643E-010   8.0990439496005669E-010   5.0116110242812209E-010  -1.4910203223199689E-009   1.7773516708280965E-010   2.3743529591453858        4.1088965791427954E-011  -1.1557273013484922E-011  -7.2339269000848937E-011
  -1.7523797573805513E-009   3.3124655288731069E-010  0.12276707293340652       -5.2766935146394176E-010   5.3890275207114312E-009   1.7661634025296405E-010   7.8432093757875021E-002   3.2031864430093135E-009  -6.0126864281968156E-010   2.9440313530250661E-010   1.9770230089072562E-010  -5.0821241649282531E-010  -7.1028123822087998E-010   1.1094826407446505E-009  -1.2829358665898242E-010 -0.97277136411749732       -1.5506925653027108E-009  -2.7181334844634651E-009   3.3429104594277113E-011  -1.6343139447842438E-010  -2.5918661847484821E-010   1.0699936539856762E-009   6.2536217353429248E-010  -1.1034228830621843E-009   5.3621084429125903E-010   4.1088965791427954E-011   2.3743529595297437        5.0003376128612273E-010  -1.9769062802562357E-010
  -3.3709923326068063E-009   1.8356973323091226E-010  -1.0377284736606228E-009  0.12276707357605533        6.3464934740395001E-009  -1.3001480705084585E-010   3.3808587873471822E-009   7.8432090717635183E-002   1.1798462474083543E-009  -2.8016409054525338E-010   2.7027053177502503E-010  -9.1833396536781036E-010  -7.4206541346951646E-010  -2.6151157672009742E-010   3.6814714641551623E-011  -1.5570725790486035E-009 -0.97277136270637321       -2.7467260131880350E-009  -9.3608961838927191E-010   1.1213941941180204E-010   1.1252590278654645E-010   3.8568055893925808E-010   1.0942732553669873E-009   5.5040643824761635E-010   5.2552653492905263E-010  -1.1557273013484922E-011   5.0003376128612273E-010   2.3743529590788155       -1.9746937161730752E-010
  -3.6019391649508389E-002  -3.3255305585417412E-010   1.7702240203789553E-010  -7.8276691882610137E-012  -6.9377985850654023E-002  -3.8911093907040146E-010  -1.3423441291152970E-009  -1.2545234212774178E-009  -7.1004617843250932E-011   5.7352521344581099E-011   2.3637837438491015E-012   5.4417655955778655E-011   1.2292088990580603E-010   1.6591894598251753E-011   2.2724278303321528E-010   6.2248339794542590E-010   6.1777770772910699E-010  0.34122730859490130        6.0708943355007120E-011  -1.6636730396356069E-011   3.2610227194323809E-011  -8.0976657442245488E-011  -1.3666613826726693E-010   2.0303692489294221E-011 -0.85043303136998960       -7.2339269000848937E-011  -1.9769062802562357E-010  -1.9746937161730752E-010   2.2632039453855257     
