  0.34297801210946488       -2.5953859218546807E-016   4.2545756789764699E-016  -1.7158229948382087E-016  0.62268005008841110       -4.0512280278539011E-016  -2.0211901524660206E-016   3.5599846356851066E-018 -0.46857887600376319       -3.9029698247759054E-016   7.3534526768739432E-017   1.2997739322796515E-017   8.3864017927711490E-002
  -2.5953859218546807E-016  0.74576968750629247        5.9547880191370801E-016   1.6627624574247466E-017   8.0128185910086515E-016  0.52916952773390180        2.7808180993864826E-016  -1.7466527438988028E-016  -8.6589179087982794E-016  0.31600887963308072       -6.0711270018257232E-016  -2.1594980052888663E-015   1.6406074554917443E-016
   4.2545756789764699E-016   5.9547880191370801E-016  0.74576968750629602        1.9796267958190804E-016   3.8230660489903459E-016  -3.7135000845332337E-016  0.52916952773390147        6.9121528090646018E-017  -1.1385420612926006E-015   8.1267446747050524E-017  0.31600887963307656        1.5907162988266310E-015   8.0936424720244199E-016
  -1.7158229948382087E-016   1.6627624574247466E-017   1.9796267958190804E-016  0.74576968750629524       -5.5847315111144724E-016  -8.1377826610315906E-016  -3.4212781293604311E-016  0.52916952773390213        9.5694322154054096E-016  -2.3276211280663958E-016  -9.5241739841989098E-016  0.31600887963308283        7.7553764366013406E-016
  0.62268005008841110        8.0128185910086515E-016   3.8230660489903459E-016  -5.5847315111144724E-016   1.1345408653623665        1.7266168415047039E-016  -5.6217442253544018E-016  -1.6517398769428422E-016 -0.76548286276095268        2.6052859593374440E-016  -4.0051090016665950E-016   3.6789651567936025E-017   9.4756150459276461E-002
  -4.0512280278539011E-016  0.52916952773390180       -3.7135000845332337E-016  -8.1377826610315906E-016   1.7266168415047039E-016  0.37965657948648779       -2.3134384436906128E-016  -5.6069317709066842E-016   4.6273586842424783E-016  0.13446046663210293       -1.0963864590874419E-015  -2.0442016451605849E-015   2.1799692573419223E-016
  -2.0211901524660206E-016   2.7808180993864826E-016  0.52916952773390147       -3.4212781293604311E-016  -5.6217442253544018E-016  -2.3134384436906128E-016  0.37965657948648496       -1.5597723500253774E-016   1.0730019948004311E-015  -2.5383058917914873E-015  0.13446046663210395       -1.9114947345597278E-015  -7.3028036211098354E-016
   3.5599846356851066E-018  -1.7466527438988028E-016   6.9121528090646018E-017  0.52916952773390213       -1.6517398769428422E-016  -5.6069317709066842E-016  -1.5597723500253774E-016  0.37965657948648690        2.1810599675255924E-017  -3.2206417527816619E-015  -7.7964187659348497E-016  0.13446046663210420       -1.0031599272674311E-015
 -0.46857887600376319       -8.6589179087982794E-016  -1.1385420612926006E-015   9.5694322154054096E-016 -0.76548286276095268        4.6273586842424783E-016   1.0730019948004311E-015   2.1810599675255924E-017   2.7205861109089802       -1.9226910917261214E-016   1.9622092887302793E-016   1.3775136175460107E-017 -0.69482946424306025     
  -3.9029698247759054E-016  0.31600887963308072        8.1267446747050524E-017  -2.3276211280663958E-016   2.6052859593374440E-016  0.13446046663210293       -2.5383058917914873E-015  -3.2206417527816619E-015  -1.9226910917261214E-016   2.0625230343615923       -9.5722911024892677E-016  -2.3791275075230404E-015  -1.5870315457278221E-016
   7.3534526768739432E-017  -6.0711270018257232E-016  0.31600887963307656       -9.5241739841989098E-016  -4.0051090016665950E-016  -1.0963864590874419E-015  0.13446046663210395       -7.7964187659348497E-016   1.9622092887302793E-016  -9.5722911024892677E-016   2.0625230343615915       -6.8574770970171559E-016  -1.9378955679242596E-016
   1.2997739322796515E-017  -2.1594980052888663E-015   1.5907162988266310E-015  0.31600887963308283        3.6789651567936025E-017  -2.0442016451605849E-015  -1.9114947345597278E-015  0.13446046663210420        1.3775136175460107E-017  -2.3791275075230404E-015  -6.8574770970171559E-016   2.0625230343615923       -3.1861469164233051E-016
   8.3864017927711490E-002   1.6406074554917443E-016   8.0936424720244199E-016   7.7553764366013406E-016   9.4756150459276461E-002   2.1799692573419223E-016  -7.3028036211098354E-016  -1.0031599272674311E-015 -0.69482946424306025       -1.5870315457278221E-016  -1.9378955679242596E-016  -3.1861469164233051E-016   2.1869861796364214     
