  0.22907643528676255        5.8048395499774377E-009   7.5806976123041972E-009  -2.2307187428038204E-010  0.53345817767522730       -4.5315040734523227E-010  -1.4885626130084198E-009   1.1016209431122085E-010   2.2847684879061646E-009  -2.0675596520986967E-009   6.5012994860388179E-011  -4.1988796580011896E-009   4.3793172320989646E-010   1.9140748298929492E-009  -1.7808810318057311E-009  -7.0990902440918048E-009   4.6407119417944436E-010 -0.31834281197584308        7.8719183791206657E-009  -5.1888715761322516E-009   3.3775664441179960E-010  -1.1406640323929947E-008  -8.0071396628700995E-011   3.5347068195565480E-009   7.1602592520834618E-002   6.9467478349422249E-010   2.8386018084305262E-009  -1.8706676495091603E-010  -2.6513880432270015E-002
   5.8048395499774377E-009  0.22223572406754802        1.0721479173448486E-009  -1.5198466562225892E-010  -7.9742243003111915E-009   7.6694008380925452E-002  -4.1729028627398609E-010   6.8050304734643059E-011   7.6523518862970585E-011  -1.8431818397304915E-009   1.5418802394543675E-010  -9.1936059236559051E-012  -1.2426848207348690E-010  -6.7330299438442961E-011  -5.3028936663260001E-002  -6.9277893586766833E-011   2.3002470688492185E-011   1.9988178474099280E-009  -2.0287255414162534E-009  -1.3376559864475395E-008   9.7651042409154155E-010   1.0885487265761901E-009  -3.5347661555391986E-010   9.4017726187955013E-010  -2.9490534710317734E-010   2.0103630971435076E-002   2.9777255149307682E-011  -9.0718642978443150E-012   1.2629896459050463E-010
   7.5806976123041972E-009   1.0721479173448486E-009  0.22223572777174916       -3.7074068620827632E-010  -2.9088535092254316E-008  -6.5586536832508932E-010   7.6694006526780920E-002   1.7390674563749680E-010   3.6338439019689417E-010   4.1115640974337315E-010  -6.3697253576140171E-011  -1.0285323695471624E-009   1.3186181210241988E-010   6.6514775077234974E-010   1.3870850994445217E-011  -5.3028936788340968E-002  -1.2499008097139469E-012   1.0312949269660709E-008   5.7636010782997882E-009  -7.9207395378440378E-010  -1.7359458553372068E-010  -1.2395469476463162E-008   9.2713654205705907E-010   6.6318665220155037E-009  -1.6912239019428062E-009   3.6118883723243128E-012   2.0103631040028526E-002  -8.1152315830502942E-013   6.8219779778517521E-010
  -2.2307187428038204E-010  -1.5198466562225892E-010  -3.7074068620827632E-010  0.22223572390475560        1.9055097461519577E-009   8.4702679631061263E-011   1.9675485144803380E-010   7.6694008458776733E-002   3.4484176060563838E-011  -6.6772205837169910E-011  -1.0014424350408131E-010  -2.0135147661690425E-010  -1.7908620749450624E-009   1.6686763794160519E-010   1.7790666474015330E-011  -8.4669154790958864E-012  -5.3028936875099721E-002  -7.4038994004380666E-010  -2.0994027686567008E-010  -1.8668254418126447E-010  -2.2398644880594555E-009  -8.7961012776001856E-010  -1.3227224266852415E-008   1.0895500336560425E-009   1.2495458695933566E-010  -7.4686559881944063E-012   1.4077971669506623E-012   2.0103631048150938E-002  -4.9625455076031328E-011
  0.53345817767522730       -7.9742243003111915E-009  -2.9088535092254316E-008   1.9055097461519577E-009   1.2431865721298869       -8.4007477050965270E-009  -1.9223559216915151E-008   1.0671875126262465E-009  -3.6527246521498776E-009   1.4529385092021569E-009  -2.1237342987988041E-010   3.7833088118002276E-009   8.2250498607211901E-010  -1.3066960642758914E-010   5.1772765861179186E-009   1.6663320652944739E-008  -1.0528423950101380E-009 -0.69729815909022208       -7.1215606502726542E-009   5.6910502977467656E-009  -2.4726954789614007E-010   1.1895535625810820E-008  -7.4701758672565982E-010  -4.7740053471703056E-009  0.13590758069671285       -1.7770814163544665E-009  -5.9146939577357943E-009   3.7706174127874315E-010  -4.6910752141193945E-002
  -4.5315040734523227E-010   7.6694008380925452E-002  -6.5586536832508932E-010   8.4702679631061263E-011  -8.4007477050965270E-009   2.6958351209243857E-002  -4.9162971928122769E-010   6.7938373419189425E-011  -1.1591507801900152E-009  -3.6495553685109841E-009   2.2926513460133399E-010   6.0185246487057174E-010  -3.4165089800788774E-011   5.5729818524369900E-010   1.4048077706008806E-002   4.4693589607495199E-010  -1.2575262491727192E-010   4.7642366908445870E-009  -4.0757240783811269E-009  -1.3222498574789634E-008   8.3964765125359156E-010   2.0988483114086408E-009  -9.8218064157600866E-011   1.9768759154543161E-009  -1.1533732007922088E-009  -1.3475771649187488E-002  -1.5299639004032054E-010   4.4790748893103864E-011   3.8800786671561073E-010
  -1.4885626130084198E-009  -4.1729028627398609E-010   7.6694006526780920E-002   1.9675485144803380E-010  -1.9223559216915151E-008  -4.9162971928122769E-010   2.6958349510289401E-002   1.7063444213314356E-010   2.2480274599101053E-009  -1.1780991413775574E-009   5.2320203323056313E-011  -4.5347966671248120E-009   2.5269079707163994E-010   2.2867691276796008E-009   4.2622924437181891E-010   1.4048079197343376E-002  -1.2867868869973166E-010   1.2443937549384131E-008   8.0371864210212395E-009  -4.0257094323848538E-009   1.5043454191729979E-010  -1.6189139111267507E-008   9.1051168438254385E-010   8.1519519925935790E-009  -3.3152448057400479E-009  -1.4621315992831691E-010  -1.3475772159788580E-002   4.1186182763805674E-011   1.0730157372398889E-009
   1.1016209431122085E-010   6.8050304734643059E-011   1.7390674563749680E-010   7.6694008458776733E-002   1.0671875126262465E-009   6.7938373419189425E-011   1.7063444213314356E-010   2.6958351300168912E-002  -1.0759542291692483E-010   2.4764272187107130E-013  -1.0743584663166330E-009  -9.9493214339461964E-011  -3.6136790126724206E-009   2.0708874721481747E-010  -1.2602192501596354E-010  -1.2949546790696533E-010   1.4048078228908883E-002  -7.3026749847982767E-010  -4.1373938276693351E-010   6.8361576283080343E-013  -3.7316095311019227E-009  -3.9173832299099482E-010  -1.3120761257904276E-008   8.0547757653987606E-010   2.0051381319199515E-010   4.4959815235752978E-011   4.1593053265470958E-011  -1.3475771846344176E-002  -6.4149635782763568E-011
   2.2847684879061646E-009   7.6523518862970585E-011   3.6338439019689417E-010   3.4484176060563838E-011  -3.6527246521498776E-009  -1.1591507801900152E-009   2.2480274599101053E-009  -1.0759542291692483E-010  0.17757478534759191        2.8032090660083387E-010  -2.5012067889059807E-010  -8.8787392296081458E-002   5.9504771130007539E-010  -8.8787393051506722E-002   6.5794196295447796E-010  -1.3707586588297125E-009   8.0967282411402569E-011   1.2504312653922364E-009  0.50362162892441442        3.1444991979948541E-010  -2.6447108420818104E-010 -0.25181081405081912        6.6204971998294839E-010 -0.25181081487357898       -2.4873552205475176E-010  -2.3845582940569519E-010   5.0442300662468762E-010  -3.1210078297537662E-011   8.9255227256562954E-011
  -2.0675596520986967E-009  -1.8431818397304915E-009   4.1115640974337315E-010  -6.6772205837169910E-011   1.4529385092021569E-009  -3.6495553685109841E-009  -1.1780991413775574E-009   2.4764272187107130E-013   2.8032090660083387E-010  0.17757478564988594       -4.5434071532811937E-010   1.5240389305687906E-010  -3.9451097509371937E-010  -4.3272479591347518E-010   2.6242458276946800E-009   5.4372480034545651E-010   2.5520941746598277E-011  -1.5280050743961723E-010   2.9733143051116252E-010  0.50362162925427256       -5.0495651915343998E-010   1.6048545644961047E-010  -4.3940970234151370E-010  -4.5781684123578314E-010   3.6702039656933773E-012  -9.7142776417571545E-010  -1.9365922193028021E-010  -9.6604478184421651E-012  -4.8639147350661300E-012
   6.5012994860388179E-011   1.5418802394543675E-010  -6.3697253576140171E-011  -1.0014424350408131E-010  -2.1237342987988041E-010   2.2926513460133399E-010   5.2320203323056313E-011  -1.0743584663166330E-009  -2.5012067889059807E-010  -4.5434071532811937E-010  0.17757478636376758        4.6706971233576301E-010   3.6066755524832750E-010  -2.1694903809500359E-010  -1.5983628958934342E-010  -4.8138518630000283E-012   5.7383860569710382E-010   1.2100706086088102E-010  -2.8139978841638684E-010  -4.8661038868758874E-010  0.50362163003328009        5.1073497378894015E-010   3.9859666936824918E-010  -2.2933548307782223E-010  -2.7322435871643638E-011   5.9525867792274882E-011   6.4655682811773714E-013  -2.0563889754891308E-010   8.6726772313724033E-012
  -4.1988796580011896E-009  -9.1936059236559051E-012  -1.0285323695471624E-009  -2.0135147661690425E-010   3.7833088118002276E-009   6.0185246487057174E-010  -4.5347966671248120E-009  -9.9493214339461964E-011  -8.8787392296081458E-002   1.5240389305687906E-010   4.6706971233576301E-010  0.17757478659339224       -3.0818609290748433E-010  -8.8787394297313943E-002  -3.5309913297291287E-010   2.7961525687761501E-009   1.1466477536606951E-010  -7.1153834342353631E-010 -0.25181081404924033        1.7212572114466108E-010   5.0861215948981968E-010  0.50362163028385454       -3.3406228310198505E-010 -0.25181081623458074        1.0231867791200932E-010   1.2781420052255875E-010  -1.0276681933070148E-009  -4.3272325306378995E-011  -4.3393686557695987E-011
   4.3793172320989646E-010  -1.2426848207348690E-010   1.3186181210241988E-010  -1.7908620749450624E-009   8.2250498607211901E-010  -3.4165089800788774E-011   2.5269079707163994E-010  -3.6136790126724206E-009   5.9504771130007539E-010  -3.9451097509371937E-010   3.6066755524832750E-010  -3.0818609290748433E-010  0.17757478753647632       -2.8686165073343012E-010   4.3667537900777026E-011  -1.5816152397528043E-010   2.6134042671787437E-009  -4.9719646788579521E-010   6.3660041736673676E-010  -4.2158246864394388E-010   3.8853539419597082E-010  -3.3853233316418722E-010  0.50362163131295012       -2.9806817408971614E-010   1.1453961307596523E-010  -1.5374839134700181E-011   5.8331616778074541E-011  -9.6824318582939413E-010  -4.0501843421985530E-011
   1.9140748298929492E-009  -6.7330299438442961E-011   6.6514775077234974E-010   1.6686763794160519E-010  -1.3066960642758914E-010   5.5729818524369900E-010   2.2867691276796008E-009   2.0708874721481747E-010  -8.8787393051506722E-002  -4.3272479591347518E-010  -2.1694903809500359E-010  -8.8787394297313943E-002  -2.8686165073343012E-010  0.17757478734882010       -3.0484256930223229E-010  -1.4253938125078925E-009  -1.9563259194918906E-010  -5.3888806545018928E-010 -0.25181081487516355       -4.8657563032400443E-010  -2.4414108846823355E-010 -0.25181081623304430       -3.2798752860441807E-010  0.50362163110815805        1.4641841644925253E-010   1.1064131012742411E-010   5.2324544833403439E-010   7.4482622362416660E-011  -4.5861778802965258E-011
  -1.7808810318057311E-009  -5.3028936663260001E-002   1.3870850994445217E-011   1.7790666474015330E-011   5.1772765861179186E-009   1.4048077706008806E-002   4.2622924437181891E-010  -1.2602192501596354E-010   6.5794196295447796E-010   2.6242458276946800E-009  -1.5983628958934342E-010  -3.5309913297291287E-010   4.3667537900777026E-011  -3.0484256930223229E-010   2.3097393658806156       -2.1742773108187463E-010   7.3704594444665961E-011  -2.2226735947782409E-009   1.4879392150181079E-009   5.2573215331705657E-009  -3.5211079227552510E-010  -7.6409901369903694E-010   5.5941452269156197E-011  -7.2384038060726254E-010   5.0128375476659334E-010 -0.85559709142856288        7.2050296724948419E-011  -2.4913666255405121E-011  -1.7402383136007426E-010
  -7.0990902440918048E-009  -6.9277893586766833E-011  -5.3028936788340968E-002  -8.4669154790958864E-012   1.6663320652944739E-008   4.4693589607495199E-010   1.4048079197343376E-002  -1.2949546790696533E-010  -1.3707586588297125E-009   5.4372480034545651E-010  -4.8138518630000283E-012   2.7961525687761501E-009  -1.5816152397528043E-010  -1.4253938125078925E-009  -2.1742773108187463E-010   2.3097393651471734        6.2202491577162118E-011  -7.0614940264059178E-009  -3.0770380677821623E-009   1.4107192898622347E-009  -4.2463586171479934E-011   6.2698304907468696E-009  -3.7796296542186307E-010  -3.1927957837333831E-009   1.6476987446157910E-009   7.1959393146845608E-011 -0.85559709118592797       -1.9703881798557525E-011  -5.6390693596154004E-010
   4.6407119417944436E-010   2.3002470688492185E-011  -1.2499008097139469E-012  -5.3028936875099721E-002  -1.0528423950101380E-009  -1.2575262491727192E-010  -1.2867868869973166E-010   1.4048078228908883E-002   8.0967282411402569E-011   2.5520941746598277E-011   5.7383860569710382E-010   1.1466477536606951E-010   2.6134042671787437E-009  -1.9563259194918906E-010   7.3704594444665961E-011   6.2202491577162118E-011   2.3097393655312319        4.4532084479632415E-010   1.3813990542969858E-010   4.9198664952469020E-012   1.4309858267887925E-009   1.8469267562129586E-010   5.2021500093900963E-009  -3.2283251312679640E-010  -1.0460697129260775E-010  -2.4938249747489377E-011  -1.9752701707091266E-011 -0.85559709130776795        3.5704185711227257E-011
 -0.31834281197584308        1.9988178474099280E-009   1.0312949269660709E-008  -7.4038994004380666E-010 -0.69729815909022208        4.7642366908445870E-009   1.2443937549384131E-008  -7.3026749847982767E-010   1.2504312653922364E-009  -1.5280050743961723E-010   1.2100706086088102E-010  -7.1153834342353631E-010  -4.9719646788579521E-010  -5.3888806545018928E-010  -2.2226735947782409E-009  -7.0614940264059178E-009   4.4532084479632415E-010   2.8032621502906845        1.3877487866061008E-009  -1.4400260696729666E-009   1.0430786925155479E-011  -2.8667352578337049E-009   3.7355603961060497E-010   1.4792948858221213E-009  -1.1156098440281765        7.3647091938203105E-010   2.3912319330797716E-009  -1.5171075136937514E-010  0.29948758397437808     
   7.8719183791206657E-009  -2.0287255414162534E-009   5.7636010782997882E-009  -2.0994027686567008E-010  -7.1215606502726542E-009  -4.0757240783811269E-009   8.0371864210212395E-009  -4.1373938276693351E-010  0.50362162892441442        2.9733143051116252E-010  -2.8139978841638684E-010 -0.25181081404924033        6.3660041736673676E-010 -0.25181081487516355        1.4879392150181079E-009  -3.0770380677821623E-009   1.3813990542969858E-010   1.3877487866061008E-009   1.4283263506359078       -5.1968757106810361E-010   4.6370084590896324E-010 -0.71416317601814683       -1.1031635028062330E-009 -0.71416317461771472       -2.4446764189471749E-010  -4.5553479557153655E-010   9.3978432285875341E-010  -4.0490563059563708E-011   9.7510769964773273E-011
  -5.1888715761322516E-009  -1.3376559864475395E-008  -7.9207395378440378E-010  -1.8668254418126447E-010   5.6910502977467656E-009  -1.3222498574789634E-008  -4.0257094323848538E-009   6.8361576283080343E-013   3.1444991979948541E-010  0.50362162925427256       -4.8661038868758874E-010   1.7212572114466108E-010  -4.2158246864394388E-010  -4.8657563032400443E-010   5.2573215331705657E-009   1.4107192898622347E-009   4.9198664952469020E-012  -1.4400260696729666E-009  -5.1968757106810361E-010   1.4283263500754277        8.4230578485603004E-010  -2.8254182330098384E-010   7.3138839425323662E-010   8.0222952405416186E-010   2.8186247017072572E-010  -1.5994190961553102E-009  -4.3434273726561327E-010  -9.0343958348035721E-013  -1.0566095448430755E-010
   3.3775664441179960E-010   9.7651042409154155E-010  -1.7359458553372068E-010  -2.2398644880594555E-009  -2.4726954789614007E-010   8.3964765125359156E-010   1.5043454191729979E-010  -3.7316095311019227E-009  -2.6447108420818104E-010  -5.0495651915343998E-010  0.50362163003328009        5.0861215948981968E-010   3.8853539419597082E-010  -2.4414108846823355E-010  -3.5211079227552510E-010  -4.2463586171479934E-011   1.4309858267887925E-009   1.0430786925155479E-011   4.6370084590896324E-010   8.4230578485603004E-010   1.4283263487520084       -8.6590396341558575E-010  -6.6864349203019933E-010   4.0220227317218895E-010   1.3332288425865657E-012   1.0760037667918118E-010   1.3700215737296089E-011  -4.4200838647535283E-010   6.5879872525526161E-013
  -1.1406640323929947E-008   1.0885487265761901E-009  -1.2395469476463162E-008  -8.7961012776001856E-010   1.1895535625810820E-008   2.0988483114086408E-009  -1.6189139111267507E-008  -3.9173832299099482E-010 -0.25181081405081912        1.6048545644961047E-010   5.1073497378894015E-010  0.50362163028385454       -3.3853233316418722E-010 -0.25181081623304430       -7.6409901369903694E-010   6.2698304907468696E-009   1.8469267562129586E-010  -2.8667352578337049E-009 -0.71416317601814683       -2.8254182330098384E-010  -8.6590396341558575E-010   1.4283263483263315        5.7134866937970488E-010 -0.71416317230808979        5.4815257082044363E-010   2.3368856343127685E-010  -1.9169931497175867E-009  -5.5660769722962657E-011  -2.0712892789052129E-010
  -8.0071396628700995E-011  -3.5347661555391986E-010   9.2713654205705907E-010  -1.3227224266852415E-008  -7.4701758672565982E-010  -9.8218064157600866E-011   9.1051168438254385E-010  -1.3120761257904276E-008   6.6204971998294839E-010  -4.3940970234151370E-010   3.9859666936824918E-010  -3.3406228310198505E-010  0.50362163131295012       -3.2798752860441807E-010   5.5941452269156197E-011  -3.7796296542186307E-010   5.2021500093900963E-009   3.7355603961060497E-010  -1.1031635028062330E-009   7.3138839425323662E-010  -6.6864349203019933E-010   5.7134866937970488E-010   1.4283263465778726        5.3181457851272851E-010  -8.3834133348285920E-011  -1.7432821537455347E-011   1.1612974558933847E-010  -1.5814664432959253E-009   2.9906642548449837E-011
   3.5347068195565480E-009   9.4017726187955013E-010   6.6318665220155037E-009   1.0895500336560425E-009  -4.7740053471703056E-009   1.9768759154543161E-009   8.1519519925935790E-009   8.0547757653987606E-010 -0.25181081487357898       -4.5781684123578314E-010  -2.2933548307782223E-010 -0.25181081623458074       -2.9806817408971614E-010  0.50362163110815805       -7.2384038060726254E-010  -3.1927957837333831E-009  -3.2283251312679640E-010   1.4792948858221213E-009 -0.71416317461771472        8.0222952405416186E-010   4.0220227317218895E-010 -0.71416317230808979        5.3181457851272851E-010   1.4283263469256633       -3.0371792036708063E-010   2.2184743100356922E-010   9.7720925121439208E-010   9.6151521668433516E-011   1.0962197556737732E-010
   7.1602592520834618E-002  -2.9490534710317734E-010  -1.6912239019428062E-009   1.2495458695933566E-010  0.13590758069671285       -1.1533732007922088E-009  -3.3152448057400479E-009   2.0051381319199515E-010  -2.4873552205475176E-010   3.6702039656933773E-012  -2.7322435871643638E-011   1.0231867791200932E-010   1.1453961307596523E-010   1.4641841644925253E-010   5.0128375476659334E-010   1.6476987446157910E-009  -1.0460697129260775E-010  -1.1156098440281765       -2.4446764189471749E-010   2.8186247017072572E-010   1.3332288425865657E-012   5.4815257082044363E-010  -8.3834133348285920E-011  -3.0371792036708063E-010   2.6819232547339529       -1.6468740461750364E-010  -5.5022430688391288E-010   3.5091108810562262E-011 -0.82094907069972822     
   6.9467478349422249E-010   2.0103630971435076E-002   3.6118883723243128E-012  -7.4686559881944063E-012  -1.7770814163544665E-009  -1.3475771649187488E-002  -1.4621315992831691E-010   4.4959815235752978E-011  -2.3845582940569519E-010  -9.7142776417571545E-010   5.9525867792274882E-011   1.2781420052255875E-010  -1.5374839134700181E-011   1.1064131012742411E-010 -0.85559709142856288        7.1959393146845608E-011  -2.4938249747489377E-011   7.3647091938203105E-010  -4.5553479557153655E-010  -1.5994190961553102E-009   1.0760037667918118E-010   2.3368856343127685E-010  -1.7432821537455347E-011   2.2184743100356922E-010  -1.6468740461750364E-010   2.3172479154980867       -2.3784476494545157E-011   8.3928783207121424E-012   5.7397604114741754E-011
   2.8386018084305262E-009   2.9777255149307682E-011   2.0103631040028526E-002   1.4077971669506623E-012  -5.9146939577357943E-009  -1.5299639004032054E-010  -1.3475772159788580E-002   4.1593053265470958E-011   5.0442300662468762E-010  -1.9365922193028021E-010   6.4655682811773714E-013  -1.0276681933070148E-009   5.8331616778074541E-011   5.2324544833403439E-010   7.2050296724948419E-011 -0.85559709118592797       -1.9752701707091266E-011   2.3912319330797716E-009   9.3978432285875341E-010  -4.3434273726561327E-010   1.3700215737296089E-011  -1.9169931497175867E-009   1.1612974558933847E-010   9.7720925121439208E-010  -5.5022430688391288E-010  -2.3784476494545157E-011   2.3172479154179766        6.2520675564432376E-012   1.8948861456229887E-010
  -1.8706676495091603E-010  -9.0718642978443150E-012  -8.1152315830502942E-013   2.0103631048150938E-002   3.7706174127874315E-010   4.4790748893103864E-011   4.1186182763805674E-011  -1.3475771846344176E-002  -3.1210078297537662E-011  -9.6604478184421651E-012  -2.0563889754891308E-010  -4.3272325306378995E-011  -9.6824318582939413E-010   7.4482622362416660E-011  -2.4913666255405121E-011  -1.9703881798557525E-011 -0.85559709130776795       -1.5171075136937514E-010  -4.0490563059563708E-011  -9.0343958348035721E-013  -4.4200838647535283E-010  -5.5660769722962657E-011  -1.5814664432959253E-009   9.6151521668433516E-011   3.5091108810562262E-011   8.3928783207121424E-012   6.2520675564432376E-012   2.3172479154566563       -1.2059765987194640E-011
  -2.6513880432270015E-002   1.2629896459050463E-010   6.8219779778517521E-010  -4.9625455076031328E-011  -4.6910752141193945E-002   3.8800786671561073E-010   1.0730157372398889E-009  -6.4149635782763568E-011   8.9255227256562954E-011  -4.8639147350661300E-012   8.6726772313724033E-012  -4.3393686557695987E-011  -4.0501843421985530E-011  -4.5861778802965258E-011  -1.7402383136007426E-010  -5.6390693596154004E-010   3.5704185711227257E-011  0.29948758397437808        9.7510769964773273E-011  -1.0566095448430755E-010   6.5879872525526161E-013  -2.0712892789052129E-010   2.9906642548449837E-011   1.0962197556737732E-010 -0.82094907069972822        5.7397604114741754E-011   1.8948861456229887E-010  -1.2059765987194640E-011   2.2523495462943148     
