  0.20915693568892552        1.5774491377863396E-009   1.6130479643129234E-009  -1.9063285705159713E-010  0.53164001671345251       -1.4611344040031210E-009  -1.5872812220083689E-010  -1.8939202748155157E-009  -5.9677476978795398E-011  -1.4668518483280936E-011  -2.5304147178384807E-011   3.3601544356737354E-011  -1.5316914644261437E-011   2.6052318301909363E-011   2.3061713335707921E-010  -2.5824934463988557E-010   7.3744492271759653E-010 -0.34025679740200521       -1.6470304092134174E-010   8.2437226450688975E-012   2.5521478085585747E-011  -9.0003513521657813E-011  -9.0801397949834000E-013   2.5465778873860758E-010   7.5897857434232593E-002  -6.2413512446826248E-011   9.3372305620061091E-011  -2.3669898383513598E-010  -2.8286462791216594E-002
   1.5774491377863396E-009  0.36562992237323821       -7.6060306506753684E-011  -3.6579040286373315E-010   4.2168006145730637E-009  0.18473955195029415        4.4809083565270311E-011   1.3202981157322969E-010  -2.5415359125543250E-010  -1.1873906473429120E-010  -2.3856227544339192E-010   1.4795749250164451E-010  -3.4472245946548903E-011   1.0619688382412705E-010 -0.11888478870587070       -1.0923060256580994E-011  -3.4618251457176307E-012  -2.6202122005798357E-009  -6.8242066731661461E-010  -4.0838868505662755E-010  -4.0271325377474939E-010   3.8263336696541526E-010  -8.9495369231133001E-011   2.9978367469564030E-010   5.5270809304965819E-010   4.1907122651151395E-002   3.4450691032044220E-012  -5.0364985923937045E-014  -1.9734026517637122E-010
   1.6130479643129234E-009  -7.6060306506753684E-011  0.36562992230121083       -9.8023248938379422E-011  -2.1076979163782142E-010   1.0854713809193207E-011  0.18473955197693359        2.6800888441991268E-011   4.9636857091897993E-011  -2.0095757751459835E-010  -7.0632763308378252E-012  -9.3505131882208372E-011  -2.0757880533556649E-010   4.3868450529736432E-011   2.5532889455211834E-012 -0.11888478869185530        3.8688973430846985E-015  -3.4537884537623889E-010   1.8414796833727108E-010  -5.3434320184766261E-010  -1.8270863369678515E-011  -3.6456995755938017E-010  -3.2632396230953136E-010   1.8042057677813067E-010   8.6451057965540715E-011  -8.4027852683918024E-013   4.1907122645802555E-002  -1.6336040568103475E-013  -2.8645037738521246E-011
  -1.9063285705159713E-010  -3.6579040286373315E-010  -9.8023248938379422E-011  0.36562992209461043        6.4707717951430425E-009   1.3617369593305288E-010   4.4986935396207725E-011  0.18473955205290044        1.1054832685624484E-010   6.5065477682505052E-013  -2.4109009657929438E-010   1.3184400874059369E-010  -9.0728753735907323E-011  -2.4239278677165774E-010  -4.9363232597980852E-012  -7.3341257339773847E-012 -0.11888478868033966       -3.2823937827687945E-009   1.7780323000072566E-010   1.2906492195256906E-011  -6.0900947336410681E-010   2.1415185285986481E-010  -3.2376420988484732E-010  -3.9195771643935766E-010   6.7087692218516198E-010   4.0501947474822178E-013   2.1769747083670475E-012   4.1907122640795547E-002  -2.4307524161583564E-010
  0.53164001671345251        4.2168006145730637E-009  -2.1076979163782142E-010   6.4707717951430425E-009   1.3524575465198660       -3.6030688570006302E-009  -2.5760841264718961E-009  -1.2993538188033645E-009   5.1236331827166755E-011  -3.5738608854337665E-011  -7.2853155578063324E-011   1.5283422063031495E-010  -2.7861636106047536E-011  -2.0413104535506785E-010   1.0888371647394696E-009   1.1721340019490437E-009  -2.1173576412478691E-010 -0.81597266444431105        1.7583098421489915E-010   2.5036131840242700E-011   3.8966839926153309E-011  -3.1143681390605989E-011   2.9684084890870560E-011  -1.4479545614823629E-010  0.15781587152136251       -3.4399510381405106E-010  -3.8047418554519935E-010   8.3337039269937478E-011  -5.4769458748690013E-002
  -1.4611344040031210E-009  0.18473955195029415        1.0854713809193207E-011   1.3617369593305288E-010  -3.6030688570006302E-009   9.3879011964225600E-002   4.7720803637214322E-011   2.2851921789891251E-010   5.7233360501120288E-010   3.4980848832932109E-010   3.0946317651888818E-010  -3.1110624839770981E-010   7.0599522557261707E-011  -2.6122696511686274E-010  -2.6660146687546384E-002  -1.5418449795569411E-011  -1.1991255920471339E-010   2.2567036805327218E-009   1.7092897491113956E-009   9.9385210652622826E-010   1.0565055203588698E-009  -9.3708147541861780E-010   2.1186633897312053E-010  -7.7221010672106550E-010  -4.7618687089912351E-010  -1.5863692151844577E-003   4.6374413273823238E-012   3.9331964004616073E-011   1.7039722083435216E-010
  -1.5872812220083689E-010   4.4809083565270311E-011  0.18473955197693359        4.4986935396207725E-011  -2.5760841264718961E-009   4.7720803637214322E-011   9.3879012008448059E-002   6.1392011171047999E-011  -1.6265705104956455E-010   4.4771683530011280E-010   5.1016063118236821E-012   3.2104925547597785E-010   2.6701802828100587E-010  -1.5839211357781456E-010  -2.0090999972966885E-011  -2.6660146738480231E-002  -2.8182081566079950E-011   1.3856845953501615E-009  -4.5796290524532171E-010   1.3411075146329286E-009   1.5649364341114583E-011   8.9605396840410775E-010   9.2598148921627352E-010  -4.3809181748822458E-010  -2.9129057120198384E-010   6.2516306885466138E-012  -1.5863691974633068E-003   9.0082162650169155E-012   1.0455395685517094E-010
  -1.8939202748155157E-009   1.3202981157322969E-010   2.6800888441991268E-011  0.18473955205290044       -1.2993538188033645E-009   2.2851921789891251E-010   6.1392011171047999E-011   9.3879012136630496E-002  -1.5053178986188525E-010  -1.8191483734126261E-011   4.9360268152329443E-010  -1.6233284131427890E-010   2.7245781768193419E-010   3.1286440029370257E-010  -1.1943792012316879E-010  -2.5014136492687632E-011  -2.6660146837309322E-002   1.1581004952142534E-009  -5.1583357920557139E-010  -4.8172005125663690E-011   1.4957472782677345E-009  -5.6295008326808932E-010   7.6970192191326153E-010   1.0787823614860679E-009  -2.4465720332150725E-010   3.9170583351019870E-011   7.8851936409199083E-012  -1.5863691634628585E-003   8.7328738829435771E-011
  -5.9677476978795398E-011  -2.5415359125543250E-010   4.9636857091897993E-011   1.1054832685624484E-010   5.1236331827166755E-011   5.7233360501120288E-010  -1.6265705104956455E-010  -1.5053178986188525E-010  0.16703995295587437       -1.8284122492565266E-010  -1.1630486473753036E-010  -8.3519976572301965E-002  -1.3300682469258870E-010  -8.3519976383570255E-002  -2.5223684283300140E-010   8.7259876351855514E-011   7.5956095012658904E-011  -1.5452412716823664E-011  0.48903398351011934       -2.0752054789046966E-010  -1.3113505262562688E-010 -0.24451699186312725       -1.5066870905527935E-010 -0.24451699164698323        2.7303825517535152E-012   5.9621470605505843E-011  -2.2471904016750929E-011  -1.8620099684152485E-011  -8.9451139626811216E-013
  -1.4668518483280936E-011  -1.1873906473429120E-010  -2.0095757751459835E-010   6.5065477682505052E-013  -3.5738608854337665E-011   3.4980848832932109E-010   4.4771683530011280E-010  -1.8191483734126261E-011  -1.8284122492565266E-010  0.16703995282676026       -1.6302848849951851E-010   1.1478201633745422E-010   8.6273306366124988E-011   6.8059153484350843E-011  -1.3644526957936488E-010  -2.1847911243854522E-010   1.6260877941232873E-011   2.9094551154706062E-011  -2.0720663068974603E-010  0.48903398336367437       -1.8546057926287172E-010   1.3011015568869685E-010   9.8127635868235266E-011   7.7096415710755215E-011  -7.8705447517954396E-012   3.1590389651387564E-011   5.2890897945049015E-011  -5.6227391333499442E-012   2.5428113734293178E-012
  -2.5304147178384807E-011  -2.3856227544339192E-010  -7.0632763308378252E-012  -2.4109009657929438E-010  -7.2853155578063324E-011   3.0946317651888818E-010   5.1016063118236821E-012   4.9360268152329443E-010  -1.1630486473753036E-010  -1.6302848849951851E-010  0.16703995279282649        1.8865805440106064E-010   8.1779608972290291E-011  -7.2352992545199313E-011  -1.1810016226879202E-010   8.5245848869294013E-012  -2.0595875545184029E-010   5.8484001121299229E-011  -1.3267147796645990E-010  -1.8432643245697498E-010  0.48903398332518977        2.1458120931021619E-010   9.2963360656301767E-011  -8.1909398782313851E-011  -1.4829243508935426E-011   2.5922566160564879E-011  -3.3532111236694346E-012   4.6919905495396383E-011   4.7791854537238744E-012
   3.3601544356737354E-011   1.4795749250164451E-010  -9.3505131882208372E-011   1.3184400874059369E-010   1.5283422063031495E-010  -3.1110624839770981E-010   3.2104925547597785E-010  -1.6233284131427890E-010  -8.3519976572301965E-002   1.1478201633745422E-010   1.8865805440106064E-010  0.16703995284912276        1.2372623490986869E-010  -8.3519976276820368E-002   1.2312331076160514E-010  -1.5931814833259298E-010   6.7047423792746540E-011  -9.3539282568578821E-011 -0.24451699186104955        1.3024309785110051E-010   2.1333998805199926E-010  0.48903398338901599        1.4010057975626225E-010 -0.24451699152804895        2.0729222007132122E-011  -2.8030300518470919E-011   3.9409118314506384E-011  -1.5047682715680868E-011  -7.2244608570564720E-012
  -1.5316914644261437E-011  -3.4472245946548903E-011  -2.0757880533556649E-010  -9.0728753735907323E-011  -2.7861636106047536E-011   7.0599522557261707E-011   2.6701802828100587E-010   2.7245781768193419E-010  -1.3300682469258870E-010   8.6273306366124988E-011   8.1779608972290291E-011   1.2372623490986869E-010  0.16703995282745718        9.2805155449077012E-012  -1.2283853474205035E-011  -1.2381014345008070E-010  -1.2814141146642611E-010   2.4828415671056931E-011  -1.5102248156032118E-010   9.7561075206750554E-011   9.2532227968144599E-011   1.4053943885973745E-010  0.48903398336446818        1.0482490242667572E-011  -6.7791692837360015E-012   2.6242985895730520E-012   2.9295759554331520E-011   3.0589681118288118E-011   2.1684105536771922E-012
   2.6052318301909363E-011   1.0619688382412705E-010   4.3868450529736432E-011  -2.4239278677165774E-010  -2.0413104535506785E-010  -2.6122696511686274E-010  -1.5839211357781456E-010   3.1286440029370257E-010  -8.3519976383570255E-002   6.8059153484350843E-011  -7.2352992545199313E-011  -8.3519976276820368E-002   9.2805155449077012E-012  0.16703995266038804        1.2911305796731065E-010   7.2058366092725688E-011  -1.4300368571430422E-010   1.0900452657840408E-010 -0.24451699164906346        7.7277288703467999E-011  -8.2204358344942968E-011 -0.24451699152588749        1.0567911970797568E-011  0.48903398317502461       -2.3466002479527761E-011  -3.1590607587121631E-011  -1.6937223587694323E-011   3.3667530255208672E-011   8.1231482619680707E-012
   2.3061713335707921E-010 -0.11888478870587070        2.5532889455211834E-012  -4.9363232597980852E-012   1.0888371647394696E-009  -2.6660146687546384E-002  -2.0090999972966885E-011  -1.1943792012316879E-010  -2.5223684283300140E-010  -1.3644526957936488E-010  -1.1810016226879202E-010   1.2312331076160514E-010  -1.2283853474205035E-011   1.2911305796731065E-010   2.3425623399386661        6.0484628123514034E-012   5.2419749715043048E-011  -6.2247081108591993E-010  -5.5364154246943046E-010  -3.3392514174213782E-010  -3.5166445887501505E-010   3.1118435877751338E-010  -8.0256602997030576E-011   2.4245796294147687E-010   1.3003378022976823E-010 -0.87736530961186820       -1.8227328316376933E-012  -1.6989731974751609E-011  -4.6816957218906506E-011
  -2.5824934463988557E-010  -1.0923060256580994E-011 -0.11888478869185530       -7.3341257339773847E-012   1.1721340019490437E-009  -1.5418449795569411E-011  -2.6660146738480231E-002  -2.5014136492687632E-011   8.7259876351855514E-011  -2.1847911243854522E-010   8.5245848869294013E-012  -1.5931814833259298E-010  -1.2381014345008070E-010   7.2058366092725688E-011   6.0484628123514034E-012   2.3425623399670794        1.0322970139848546E-011  -5.3768647258295596E-010   1.3902433677243539E-010  -4.2048070875466495E-010  -1.0421496073557503E-011  -2.8005190420974616E-010  -2.9694291842775252E-010   1.4102494521168749E-010   1.1033622857010521E-010  -1.8753140964450794E-012 -0.87736530962134984       -3.2836062554316434E-012  -4.0069216849531398E-011
   7.3744492271759653E-010  -3.4618251457176307E-012   3.8688973430846985E-015 -0.11888478868033966       -2.1173576412478691E-010  -1.1991255920471339E-010  -2.8182081566079950E-011  -2.6660146837309322E-002   7.5956095012658904E-011   1.6260877941232873E-011  -2.0595875545184029E-010   6.7047423792746540E-011  -1.2814141146642611E-010  -1.4300368571430422E-010   5.2419749715043048E-011   1.0322970139848546E-011   2.3425623400181297       -8.1018601399928755E-011   1.6212259780584972E-010   1.1333602063740187E-011  -4.8954245513056294E-010   1.8369340353246140E-010  -2.4342289520064914E-010  -3.4581329606623350E-010   1.9496658485061461E-011  -1.6982572123259366E-011  -3.2396871193433927E-012 -0.87736530963839088       -6.5823737687255759E-012
 -0.34025679740200521       -2.6202122005798357E-009  -3.4537884537623889E-010  -3.2823937827687945E-009 -0.81597266444431105        2.2567036805327218E-009   1.3856845953501615E-009   1.1581004952142534E-009  -1.5452412716823664E-011   2.9094551154706062E-011   5.8484001121299229E-011  -9.3539282568578821E-011   2.4828415671056931E-011   1.0900452657840408E-010  -6.2247081108591993E-010  -5.3768647258295596E-010  -8.1018601399928755E-011   2.9196044739543812       -4.1750833963561332E-011  -1.9551646097712093E-011  -3.6307185363164897E-011   4.4823968851729649E-011  -1.9187880744393926E-011  -2.1560476473344114E-012  -1.1562762928018850        1.9376416579400121E-010   1.7186324185269147E-010   1.8125759609168775E-011  0.31070481524573984     
  -1.6470304092134174E-010  -6.8242066731661461E-010   1.8414796833727108E-010   1.7780323000072566E-010   1.7583098421489915E-010   1.7092897491113956E-009  -4.5796290524532171E-010  -5.1583357920557139E-010  0.48903398351011934       -2.0720663068974603E-010  -1.3267147796645990E-010 -0.24451699186104955       -1.5102248156032118E-010 -0.24451699164906346       -5.5364154246943046E-010   1.3902433677243539E-010   1.6212259780584972E-010  -4.1750833963561332E-011   1.4317187762316430        3.5297861157037532E-010   2.2453011683942887E-010 -0.71585938793369475        2.5677164497908859E-010 -0.71585938829792228        7.4630150769538756E-012   1.8723252340455553E-010  -4.7065607063970907E-011  -5.4496270180259242E-011  -3.0378962518011237E-012
   8.2437226450688975E-012  -4.0838868505662755E-010  -5.3434320184766261E-010   1.2906492195256906E-011   2.5036131840242700E-011   9.9385210652622826E-010   1.3411075146329286E-009  -4.8172005125663690E-011  -2.0752054789046966E-010  0.48903398336367437       -1.8432643245697498E-010   1.3024309785110051E-010   9.7561075206750554E-011   7.7277288703467999E-011  -3.3392514174213782E-010  -4.2048070875466495E-010   1.1333602063740187E-011  -1.9551646097712093E-011   3.5297861157037532E-010   1.4317187764808168        3.1473029048394342E-010  -2.2158758245059384E-010  -1.6655106899099740E-010  -1.3139120277222726E-010   5.2553595557599047E-012   1.1258378270217947E-010   1.4276474293461200E-010  -3.2601875230023316E-012  -1.7022599484487724E-012
   2.5521478085585747E-011  -4.0271325377474939E-010  -1.8270863369678515E-011  -6.0900947336410681E-010   3.8966839926153309E-011   1.0565055203588698E-009   1.5649364341114583E-011   1.4957472782677345E-009  -1.3113505262562688E-010  -1.8546057926287172E-010  0.48903398332518977        2.1333998805199926E-010   9.2532227968144599E-011  -8.2204358344942968E-011  -3.5166445887501505E-010  -1.0421496073557503E-011  -4.8954245513056294E-010  -3.6307185363164897E-011   2.2453011683942887E-010   3.1473029048394342E-010   1.4317187765463284       -3.6420790434618890E-010  -1.5787693076988429E-010   1.3967876110930158E-010   9.3757319841831071E-012   1.1795400240001773E-010   3.6854704436523064E-012   1.6577310101960269E-010  -2.9942956390386006E-012
  -9.0003513521657813E-011   3.8263336696541526E-010  -3.6456995755938017E-010   2.1415185285986481E-010  -3.1143681390605989E-011  -9.3708147541861780E-010   8.9605396840410775E-010  -5.6295008326808932E-010 -0.24451699186312725        1.3011015568869685E-010   2.1458120931021619E-010  0.48903398338901599        1.4053943885973745E-010 -0.24451699152588749        3.1118435877751338E-010  -2.8005190420974616E-010   1.8369340353246140E-010   4.4823968851729649E-011 -0.71585938793369475       -2.2158758245059384E-010  -3.6420790434618890E-010   1.4317187764375277       -2.3885703195198541E-010 -0.71585938850407460       -1.0602048158982980E-011  -1.0494681780915317E-010   9.5253518436028933E-011  -6.1722649521764533E-011   3.5584397558214332E-012
  -9.0801397949834000E-013  -8.9495369231133001E-011  -3.2632396230953136E-010  -3.2376420988484732E-010   2.9684084890870560E-011   2.1186633897312053E-010   9.2598148921627352E-010   7.6970192191326153E-010  -1.5066870905527935E-010   9.8127635868235266E-011   9.2963360656301767E-011   1.4010057975626225E-010  0.48903398336446818        1.0567911970797568E-011  -8.0256602997030576E-011  -2.9694291842775252E-010  -2.4342289520064914E-010  -1.9187880744393926E-011   2.5677164497908859E-010  -1.6655106899099740E-010  -1.5787693076988429E-010  -2.3885703195198541E-010   1.4317187764794912       -1.7916230431326457E-011   4.9729363280968506E-012   2.6055206899170074E-011   9.9774562160343629E-011   8.3019609614972869E-011  -1.6259222788701431E-012
   2.5465778873860758E-010   2.9978367469564030E-010   1.8042057677813067E-010  -3.9195771643935766E-010  -1.4479545614823629E-010  -7.7221010672106550E-010  -4.3809181748822458E-010   1.0787823614860679E-009 -0.24451699164698323        7.7096415710755215E-011  -8.1909398782313851E-011 -0.24451699152804895        1.0482490242667572E-011  0.48903398317502461        2.4245796294147687E-010   1.4102494521168749E-010  -3.4581329606623350E-010  -2.1560476473344114E-012 -0.71585938829792228       -1.3139120277222726E-010   1.3967876110930158E-010 -0.71585938850407460       -1.7916230431326457E-011   1.4317187768022126        2.9940140585204680E-012  -8.2286885683306270E-011  -4.8187701837387557E-011   1.1621736714641795E-010  -5.0631452555320296E-013
   7.5897857434232593E-002   5.5270809304965819E-010   8.6451057965540715E-011   6.7087692218516198E-010  0.15781587152136251       -4.7618687089912351E-010  -2.9129057120198384E-010  -2.4465720332150725E-010   2.7303825517535152E-012  -7.8705447517954396E-012  -1.4829243508935426E-011   2.0729222007132122E-011  -6.7791692837360015E-012  -2.3466002479527761E-011   1.3003378022976823E-010   1.1033622857010521E-010   1.9496658485061461E-011  -1.1562762928018850        7.4630150769538756E-012   5.2553595557599047E-012   9.3757319841831071E-012  -1.0602048158982980E-011   4.9729363280968506E-012   2.9940140585204680E-012   2.7029612904998914       -4.0407907552889602E-011  -3.5178803460832215E-011  -4.6521928507509578E-012 -0.82864760332545029     
  -6.2413512446826248E-011   4.1907122651151395E-002  -8.4027852683918024E-013   4.0501947474822178E-013  -3.4399510381405106E-010  -1.5863692151844577E-003   6.2516306885466138E-012   3.9170583351019870E-011   5.9621470605505843E-011   3.1590389651387564E-011   2.5922566160564879E-011  -2.8030300518470919E-011   2.6242985895730520E-012  -3.1590607587121631E-011 -0.87736530961186820       -1.8753140964450794E-012  -1.6982572123259366E-011   1.9376416579400121E-010   1.8723252340455553E-010   1.1258378270217947E-010   1.1795400240001773E-010  -1.0494681780915317E-010   2.6055206899170074E-011  -8.2286885683306270E-011  -4.0407907552889602E-011   2.3290815469662927        5.6569634478381220E-013   5.4947613753657357E-012   1.4562043710994122E-011
   9.3372305620061091E-011   3.4450691032044220E-012   4.1907122645802555E-002   2.1769747083670475E-012  -3.8047418554519935E-010   4.6374413273823238E-012  -1.5863691974633068E-003   7.8851936409199083E-012  -2.2471904016750929E-011   5.2890897945049015E-011  -3.3532111236694346E-012   3.9409118314506384E-011   2.9295759554331520E-011  -1.6937223587694323E-011  -1.8227328316376933E-012 -0.87736530962134984       -3.2396871193433927E-012   1.7186324185269147E-010  -4.7065607063970907E-011   1.4276474293461200E-010   3.6854704436523064E-012   9.5253518436028933E-011   9.9774562160343629E-011  -4.8187701837387557E-011  -3.5178803460832215E-011   5.6569634478381220E-013   2.3290815469694173        1.0275867617111183E-012   1.2790884338183995E-011
  -2.3669898383513598E-010  -5.0364985923937045E-014  -1.6336040568103475E-013   4.1907122640795547E-002   8.3337039269937478E-011   3.9331964004616073E-011   9.0082162650169155E-012  -1.5863691634628585E-003  -1.8620099684152485E-011  -5.6227391333499442E-012   4.6919905495396383E-011  -1.5047682715680868E-011   3.0589681118288118E-011   3.3667530255208672E-011  -1.6989731974751609E-011  -3.2836062554316434E-012 -0.87736530963839088        1.8125759609168775E-011  -5.4496270180259242E-011  -3.2601875230023316E-012   1.6577310101960269E-010  -6.1722649521764533E-011   8.3019609614972869E-011   1.1621736714641795E-010  -4.6521928507509578E-012   5.4947613753657357E-012   1.0275867617111183E-012   2.3290815469751118        1.5296405290724945E-012
  -2.8286462791216594E-002  -1.9734026517637122E-010  -2.8645037738521246E-011  -2.4307524161583564E-010  -5.4769458748690013E-002   1.7039722083435216E-010   1.0455395685517094E-010   8.7328738829435771E-011  -8.9451139626811216E-013   2.5428113734293178E-012   4.7791854537238744E-012  -7.2244608570564720E-012   2.1684105536771922E-012   8.1231482619680707E-012  -4.6816957218906506E-011  -4.0069216849531398E-011  -6.5823737687255759E-012  0.31070481524573984       -3.0378962518011237E-012  -1.7022599484487724E-012  -2.9942956390386006E-012   3.5584397558214332E-012  -1.6259222788701431E-012  -5.0631452555320296E-013 -0.82864760332545029        1.4562043710994122E-011   1.2790884338183995E-011   1.5296405290724945E-012   2.2552253078915174     
