  0.27021714697282884       0.29082273710130646        1.7291383519366753E-016   6.9435871201538454E-016   8.7351737218829019E-017 -0.17267074630153223        3.6515395467082191E-002  -1.0357556760630524E-016  -3.8396616751201406E-017   2.0162961471540486E-017  -1.3171111069024520E-002
  0.29082273710130646       0.31331777035375619       -3.6844674374685318E-016  -3.3030468822701668E-016  -4.5114033306907194E-016 -0.16091916479391066        2.1079800350552742E-002   9.5776544073310433E-017  -1.6828082161063843E-016   6.5032730254980449E-017  -5.7585045574081971E-003
   1.7291383519366753E-016  -3.6844674374685318E-016   2.2020862364491376        1.6010413481093444E-015   1.4759244174045172E-015   1.3858122420538894E-016  -3.3633219946017182E-016 -0.66709168774648764       -1.2713625725108146E-016   1.4649604229352575E-016  -9.6974791872189046E-018
   6.9435871201538454E-016  -3.3030468822701668E-016   1.6010413481093444E-015   2.2020862364491398       -5.9631119486702744E-018  -6.5185243871887242E-016  -6.9292035748612646E-016  -1.2830177458650338E-015 -0.66709168774648675        6.1489170959799777E-016  -3.1324683037860402E-016
   8.7351737218829019E-017  -4.5114033306907194E-016   1.4759244174045172E-015  -5.9631119486702744E-018   2.2020862364491425        1.8062992022115262E-016   6.4532880408803794E-016  -1.4535695238605817E-015   8.0231638390285132E-016 -0.66709168774648875        6.3700876091824200E-017
 -0.17267074630153223      -0.16091916479391066        1.3858122420538894E-016  -6.5185243871887242E-016   1.8062992022115262E-016   2.3734836985733541      -0.85292662254820062        2.3160430730220878E-016   2.5441534513564799E-016   1.7130507395737618E-017  0.21426577275187084     
   3.6515395467082191E-002   2.1079800350552742E-002  -3.3633219946017182E-016  -6.9292035748612646E-016   6.4532880408803794E-016 -0.85292662254820062        2.4984423687694584        5.8279741323365893E-017   3.2393904751977010E-017   1.0172155919471700E-016 -0.71943403231879877     
  -1.0357556760630524E-016   9.5776544073310433E-017 -0.66709168774648764       -1.2830177458650338E-015  -1.4535695238605817E-015   2.3160430730220878E-016   5.8279741323365893E-017   2.2020862364491403        2.0217084029019311E-015  -7.3982059898853453E-016   7.8104546543224637E-017
  -3.8396616751201406E-017  -1.6828082161063843E-016  -1.2713625725108146E-016 -0.66709168774648675        8.0231638390285132E-016   2.5441534513564799E-016   3.2393904751977010E-017   2.0217084029019311E-015   2.2020862364491385       -2.3479922704478656E-016   7.4108648048218033E-018
   2.0162961471540486E-017   6.5032730254980449E-017   1.4649604229352575E-016   6.1489170959799777E-016 -0.66709168774648875        1.7130507395737618E-017   1.0172155919471700E-016  -7.3982059898853453E-016  -2.3479922704478656E-016   2.2020862364491340       -3.7296145922506947E-016
  -1.3171111069024520E-002  -5.7585045574081971E-003  -9.6974791872189046E-018  -3.1324683037860402E-016   6.3700876091824200E-017  0.21426577275187084      -0.71943403231879877        7.8104546543224637E-017   7.4108648048218033E-018  -3.7296145922506947E-016   2.2076648406402941     
