  0.24442729268967064       0.51496765876229245       -4.6210831969689459E-017  -3.3837803044879845E-016   3.2340096323001885E-016  0.25440884369412070       -4.6755827126286426E-002
  0.51496765876229245        1.0878050322640020        1.6808374209839047E-018   3.9438079090030577E-016   7.5884143608928700E-017  0.46233246016586110       -5.7592283274874229E-002
  -4.6210831969689459E-017   1.6808374209839047E-018   1.9999999999999993        1.4905069366244472E-015   1.1254560651485779E-015   2.8531292311168379E-016  -9.4223400585709185E-016
  -3.3837803044879845E-016   3.9438079090030577E-016   1.4905069366244472E-015   2.0000000000000018       -3.6869650128085376E-017   4.2829196475625982E-016  -9.3872926256845785E-016
   3.2340096323001885E-016   7.5884143608928700E-017   1.1254560651485779E-015  -3.6869650128085376E-017   2.0000000000000027        6.2391783481252956E-016  -1.3409217401553310E-015
  0.25440884369412070       0.46233246016586110        2.8531292311168379E-016   4.2829196475625982E-016   6.2391783481252956E-016   2.3482458926605738      -0.57413731852776717     
  -4.6755827126286426E-002  -5.7592283274874229E-002  -9.4223400585709185E-016  -9.3872926256845785E-016  -1.3409217401553310E-015 -0.57413731852776717        2.1429985081383078     
