  0.34273127917062701        1.2779116466899538E-016   1.7529479342880232E-016  -2.9386430781492572E-017  0.56478608605915959        2.7814366021320292E-016   3.7772131032097904E-016   9.7668030079011608E-017  0.27408499274760484     
   1.2779116466899538E-016  0.29023419840430004        9.7659510686631874E-017  -2.0532756267802034E-016   4.1161188747495387E-016 -0.32676147076199502       -1.5100225757291838E-016   1.6025863362051385E-016  -2.1376856558485113E-016
   1.7529479342880232E-016   9.7659510686631874E-017  0.29023419840430037       -1.2841866513322452E-016   2.3737965503392253E-016   7.0527351320182113E-017 -0.32676147076199541        4.0658343797858945E-016   2.3233228997311552E-016
  -2.9386430781492572E-017  -2.0532756267802034E-016  -1.2841866513322452E-016  0.29023419840429993       -3.9247562308200099E-017   2.6485703821105286E-016   1.1804420559525378E-016 -0.32676147076199585       -6.3110318208338960E-016
  0.56478608605915959        4.1161188747495387E-016   2.3737965503392253E-016  -3.9247562308200099E-017  0.93413016020604100        2.7875551516667096E-016   6.7855557820349968E-016   2.1054625900394601E-016  0.37016552658222451     
   2.7814366021320292E-016 -0.32676147076199502        7.0527351320182113E-017   2.6485703821105286E-016   2.7875551516667096E-016  0.36788586376649474       -3.3183362741634199E-017  -2.1835831753858027E-016  -5.3521672248186325E-016
   3.7772131032097904E-016  -1.5100225757291838E-016 -0.32676147076199541        1.1804420559525378E-016   6.7855557820349968E-016  -3.3183362741634199E-017  0.36788586376649518       -4.2787530517372065E-016   2.4261001563005607E-016
   9.7668030079011608E-017   1.6025863362051385E-016   4.0658343797858945E-016 -0.32676147076199585        2.1054625900394601E-016  -2.1835831753858027E-016  -4.2787530517372065E-016  0.36788586376649668       -6.6582143798286055E-016
  0.27408499274760484       -2.1376856558485113E-016   2.3233228997311552E-016  -6.3110318208338960E-016  0.37016552658222451       -5.3521672248186325E-016   2.4261001563005607E-016  -6.6582143798286055E-016   2.1610286811841872     
