  0.84931977852664786        9.8476823925147741E-002  -9.0443137489483521E-017   3.6747110251867188E-016   3.1174487260011308E-016  0.22970210279240777       -4.6382880370549176E-002
   9.8476823925147741E-002   1.2392268471930623E-002   1.9145166445974748E-016  -7.1349881931118537E-016  -7.4541687284568857E-016  -1.6538473032464137E-002   1.8362478462172160E-002
  -9.0443137489483521E-017   1.9145166445974748E-016   2.0000000000000004       -8.6839173005226478E-016  -1.3931455815352489E-015   2.0205007385835841E-016   2.5252705853791353E-016
   3.6747110251867188E-016  -7.1349881931118537E-016  -8.6839173005226478E-016   1.9999999999999987       -3.4380050889515346E-016  -4.6131259585163838E-016  -4.6283024493259571E-016
   3.1174487260011308E-016  -7.4541687284568857E-016  -1.3931455815352489E-015  -3.4380050889515346E-016   2.0000000000000027       -1.6839051103502793E-016  -3.0031244553289003E-016
  0.22970210279240777       -1.6538473032464137E-002   2.0205007385835841E-016  -4.6131259585163838E-016  -1.6839051103502793E-016   2.1630542064880736      -0.52599996976823871     
  -4.6382880370549176E-002   1.8362478462172160E-002   2.5252705853791353E-016  -4.6283024493259571E-016  -3.0031244553289003E-016 -0.52599996976823871        2.1287135820609566     
