  0.37445957020503401        1.4866331015788374E-016  -3.9344682365034919E-017   2.1463404540596358E-016  0.57706668769945335        2.1416901598668495E-016   5.9900856519333917E-017  -7.3805060365686025E-017  0.29092669352377942     
   1.4866331015788374E-016  0.33023232054250179        6.6870879493474680E-016   2.2156123145646494E-016   8.6822265453857068E-017  0.43313735812764720        6.7000080252362559E-016  -1.2368036282628394E-016   8.0796265947077879E-016
  -3.9344682365034919E-017   6.6870879493474680E-016  0.33023232054250246       -9.6403643170169010E-018   2.1474337618042094E-016   2.4701739496461589E-017  0.43313735812764742       -1.5685694930434035E-016  -4.9780863894141024E-016
   2.1463404540596358E-016   2.2156123145646494E-016  -9.6403643170169010E-018  0.33023232054250196        3.5110885531471380E-016   1.9265369103257020E-016   2.6805995212893706E-016  0.43313735812764748        2.2916662714673601E-016
  0.57706668769945335        8.6822265453857068E-017   2.1474337618042094E-016   3.5110885531471380E-016  0.89289910222960156        2.0458446868433314E-016   4.1626192948348083E-016  -8.2234330125782951E-017  0.36477185332463130     
   2.1416901598668495E-016  0.43313735812764720        2.4701739496461589E-017   1.9265369103257020E-016   2.0458446868433314E-016  0.56810905334038020       -2.3921113932271833E-016  -2.9070170749767588E-016  -3.4416684709823423E-016
   5.9900856519333917E-017   6.7000080252362559E-016  0.43313735812764742        2.6805995212893706E-016   4.1626192948348083E-016  -2.3921113932271833E-016  0.56810905334037964        1.6242252045643258E-016   2.9766750648466735E-016
  -7.3805060365686025E-017  -1.2368036282628394E-016  -1.5685694930434035E-016  0.43313735812764748       -8.2234330125782951E-017  -2.9070170749767588E-016   1.6242252045643258E-016  0.56810905334038075       -8.7336936081278444E-017
  0.29092669352377942        8.0796265947077879E-016  -4.9780863894141024E-016   2.2916662714673601E-016  0.36477185332463130       -3.4416684709823423E-016   2.9766750648466735E-016  -8.7336936081278444E-017   2.1649307563161782     
