  0.21869465089798482        9.9701832105225230E-009  -5.8848586666187899E-008  -3.4435744823414998E-010  0.56152308435743836        8.3111910299748834E-009  -3.1478934967995617E-008  -1.2214371384082896E-008  -6.0496790000469878E-010   6.6060884571687513E-010  -2.2887965113876860E-010  -6.9717341813522876E-010  -6.8702583535101648E-010   1.3021204378906238E-009  -5.3030189896049741E-009   2.4183760563719653E-008   5.0672309475237008E-009 -0.40342225044107349       -2.9152851649384763E-010   5.5604343224497920E-010  -4.4661351449636552E-011  -3.7196837026694311E-010  -3.4028783192231963E-010   6.6347212359057423E-010   8.8740951699249199E-002   1.7236390855404931E-009  -7.9934984039074929E-009  -1.5625542283106062E-009  -3.3278730103263758E-002
   9.9701832105225230E-009  0.56728427194499353       -1.4699179591413757E-008   5.4327751247914194E-009  -1.3446542151649167E-008  0.42681140766899223        2.8027013822451731E-009  -6.5431425808611018E-010   2.0022694113807170E-010  -1.1681962850403557E-009   3.2510974960027319E-010  -3.7222426196739609E-012  -2.9505288262851339E-011  -1.9650112770534224E-010 -0.27818655857920932        1.0950258457405265E-009  -5.5826790511312227E-010   4.6044410575938425E-009  -1.6723583821651574E-010   1.3954788338185848E-009  -1.4244376608225852E-009  -1.0541419519987773E-010  -1.2252127265781897E-011   2.7265741370254558E-010  -8.2848139968858051E-010   9.3806766217559609E-002  -4.2077202724046161E-010   2.0186485144620666E-010   3.2123799662186712E-010
  -5.8848586666187899E-008  -1.4699179591413757E-008  0.56728427433255413        1.4831251982044504E-008   4.6309037106715626E-008   3.3976314241158432E-009  0.42681140716539301       -3.9016893949001571E-009   5.9250576641938352E-010  -7.1039774033022969E-011   1.1534438517847618E-011  -1.6260906579961620E-009   3.5336358631542775E-010   1.0335850374496630E-009   8.2225507698895640E-010 -0.27818655873789999       -5.9008631961109578E-010  -7.7068124645370786E-009  -7.6090105944715342E-010   5.3738595040627027E-010  -4.6933466203646216E-011   2.1867289757355046E-009  -1.5330837477532110E-009  -1.4258322449402126E-009   8.7083456947035860E-010  -3.3421495202446846E-010   9.3806766280253626E-002   2.5853721963909897E-010  -4.4521683692923629E-010
  -3.4435744823414998E-010   5.4327751247914194E-009   1.4831251982044504E-008  0.56728422094978037        2.2828618810759363E-008  -1.6366934849716500E-009  -2.3536858327312323E-009  0.42681141842292564       -1.1516216607698300E-010  -2.2673555044965320E-011   2.5576667086495598E-010  -9.6844517904827735E-011  -1.2828884274209887E-009   2.1200182782914366E-010  -1.0769283381785334E-010  -1.2989768888809628E-009 -0.27818655534548442       -1.3312761779120658E-008   8.8657060917491867E-010  -2.8357321414509253E-011   2.3275941315016536E-011   8.5197240394598223E-010   1.6751401484243052E-009  -1.7385454194030184E-009   2.7378811935202158E-009   5.8866783788818945E-011   4.8341142268140512E-010   9.3806764947493404E-002  -9.8987002516281460E-010
  0.56152308435743836       -1.3446542151649167E-008   4.6309037106715626E-008   2.2828618810759363E-008   1.4431882207290521       -8.0357836161763462E-009   6.7643860860774987E-008  -1.3492868108629118E-008  -8.7665887716545679E-010   7.2609377913047426E-010  -3.9547327221589792E-010  -9.7514675664902426E-010  -9.8641352035442939E-010   1.8517518889097963E-009   5.6792455555088000E-009  -3.8982070708875759E-008   3.4858091940984590E-009 -0.98098819841632656        1.3229874132681993E-009  -1.5423393044326631E-009   4.7357965408557649E-010   1.5393606773331710E-009   1.5061696199459110E-009  -2.8624051491027331E-009  0.18735764662032012       -1.8547488071236646E-009   1.2651715782793360E-008  -1.0784570497363601E-009  -6.5415033573838932E-002
   8.3111910299748834E-009  0.42681140766899223        3.3976314241158432E-009  -1.6366934849716500E-009  -8.0357836161763462E-009  0.32165203695797656        1.2971499363812846E-008  -4.7951058812668580E-009   1.7534637743279495E-010  -1.2421466591425550E-009   9.4214034984152742E-010   5.1614568247525453E-011  -5.8261132203393045E-012  -2.2695826269984239E-010 -0.17723956089933721       -6.8127819073989787E-009   2.5419093743323401E-009   2.0134809786973657E-009  -5.1194960659988980E-011  -6.6920645242426569E-011   1.0673617628157430E-009   9.0155416883228373E-011   4.0478670937582018E-011  -3.8954936747479264E-011  -3.3089492097573923E-010   4.5150803527800605E-002   2.2093689951552241E-009  -8.2188720483881817E-010   1.3600161707290782E-010
  -3.1478934967995617E-008   2.8027013822451731E-009  0.42681140716539301       -2.3536858327312323E-009   6.7643860860774987E-008   1.2971499363812846E-008  0.32165203485117699       -1.3089017226788485E-008   6.6206009132521321E-010  -3.4065228827693385E-010   3.1313371316833407E-011  -1.8814738306288864E-009   1.0147885268420623E-009   1.2194138507254792E-009  -6.7265071701812652E-009 -0.17723955979490844        6.6848504212042153E-009  -2.9645840245835456E-008   9.0051236559013496E-011  -4.7435427259312656E-010   3.4088836934351834E-011  -3.7487208203297826E-010   1.1424598020530699E-009   2.8481751176460789E-010   5.8355263715226097E-009   2.1800102083273681E-009   4.5150803169095532E-002  -2.1615630230972710E-009  -2.1646563275450291E-009
  -1.2214371384082896E-008  -6.5431425808611018E-010  -3.9016893949001571E-009  0.42681141842292564       -1.3492868108629118E-008  -4.7951058812668580E-009  -1.3089017226788485E-008  0.32165208196323292       -5.4385487383243771E-010   3.2451463720701276E-012   8.7484304163108043E-011  -5.1639621962526165E-010  -1.4368491230012663E-009   1.0602474414008483E-009   2.3996624784646740E-009   6.9069053571559368E-009 -0.17723958424906328        1.1988771300238267E-008  -7.3405030399776065E-010   4.0394804524111449E-011  -3.0145445763113582E-010  -7.1830384326084631E-010  -1.9168959254574431E-010   1.4523522990918897E-009  -2.6156936634292194E-009  -7.7347847232200673E-010  -2.2369775370723109E-009   4.5150811083091227E-002   9.1789543471442658E-010
  -6.0496790000469878E-010   2.0022694113807170E-010   5.9250576641938352E-010  -1.1516216607698300E-010  -8.7665887716545679E-010   1.7534637743279495E-010   6.6206009132521321E-010  -5.4385487383243771E-010  0.15229746430300012       -6.2612301653940359E-011   1.0526253113589173E-010  -7.6148732419155429E-002  -2.6470507302304701E-010  -7.6148731883840970E-002  -8.8333567334872288E-011  -3.7830863561485051E-010   2.0318941980585528E-010   8.0714123182981064E-010  0.46799600961295656       -7.6420636909902692E-011   1.2877622458260229E-010 -0.23399800512822361       -3.1891968014844975E-010 -0.23399800448480221       -2.0792274982366235E-010   2.1050717532325855E-011   6.5546480744229822E-011  -3.6200478920499226E-011   6.9165103904474284E-011
   6.6060884571687513E-010  -1.1681962850403557E-009  -7.1039774033022969E-011  -2.2673555044965320E-011   7.2609377913047426E-010  -1.2421466591425550E-009  -3.4065228827693385E-010   3.2451463720701276E-012  -6.2612301653940359E-011  0.15229746448650297        9.9702694616859673E-011  -4.6014152782916418E-011   7.1185307087305670E-011   1.0862622320151280E-010   8.0164704210409774E-010   8.9972037672856854E-011   1.4577355062622097E-011  -7.7385792681938904E-010  -7.4161293670840435E-011  0.46799600983363981        1.1794964328905847E-010  -5.7327864745196350E-011   8.5947977171325377E-011   1.3148958331929971E-010   2.0981568146274064E-010  -1.6817855872007172E-010  -2.7038692166363307E-011  -5.8884240597476611E-012  -6.8135087287279204E-011
  -2.2887965113876860E-010   3.2510974960027319E-010   1.1534438517847618E-011   2.5576667086495598E-010  -3.9547327221589792E-010   9.4214034984152742E-010   3.1313371316833407E-011   8.7484304163108043E-011   1.0526253113589173E-010   9.9702694616859673E-011  0.15229746376374179       -1.4384098824028438E-010  -6.8010984418017473E-011   3.8578684995856078E-011  -4.1539875899971870E-010  -1.3048918690294757E-011  -1.4819480018752297E-010   3.3597008520560085E-010   1.2437996582241754E-010   1.2183523000620881E-010  0.46799600896452392       -1.7331308814753394E-010  -8.2225172414881278E-011   4.8933131890665856E-011  -8.3866600067606278E-011   8.7151231051182909E-011   4.0379067099809760E-012   4.9345208442824513E-011   2.8327977801311020E-011
  -6.9717341813522876E-010  -3.7222426196739609E-012  -1.6260906579961620E-009  -9.6844517904827735E-011  -9.7514675664902426E-010   5.1614568247525453E-011  -1.8814738306288864E-009  -5.1639621962526165E-010  -7.6148732419155429E-002  -4.6014152782916418E-011  -1.4384098824028438E-010  0.15229746426148930        1.9707550729238664E-010  -7.6148731842332437E-002  -6.5117440675942049E-011   1.1183219697608987E-009   1.9275042357909351E-010   9.1839779536195382E-010 -0.23399800512845118       -5.3336033764639378E-011  -1.7262383568341904E-010  0.46799600956310505        2.3252486516951130E-010 -0.23399800443453550       -2.3881485715046010E-010   2.7560794093229788E-011  -2.5172577397421179E-010  -3.3115501128491062E-011   7.9042872261247299E-011
  -6.8702583535101648E-010  -2.9505288262851339E-011   3.5336358631542775E-010  -1.2828884274209887E-009  -9.8641352035442939E-010  -5.8261132203393045E-012   1.0147885268420623E-009  -1.4368491230012663E-009  -2.6470507302304701E-010   7.1185307087305670E-011  -6.8010984418017473E-011   1.9707550729238664E-010  0.15229746379640169        6.7629421511984447E-011   1.8852462706930987E-011  -4.3227127486380481E-010   9.4724930751459423E-010   9.2002589778099382E-010  -3.1769559712540514E-010   8.5253274186006508E-011  -8.1340697819024853E-011   2.4144090881121590E-010  0.46799600900378968        7.6254050200649053E-011  -2.3824521713782690E-010  -7.1989777985660013E-012   9.0634328354051027E-011  -2.1873622509073385E-010   7.8968861795534487E-011
   1.3021204378906238E-009  -1.9650112770534224E-010   1.0335850374496630E-009   2.1200182782914366E-010   1.8517518889097963E-009  -2.2695826269984239E-010   1.2194138507254792E-009   1.0602474414008483E-009  -7.6148731883840970E-002   1.0862622320151280E-010   3.8578684995856078E-011  -7.6148731842332437E-002   6.7629421511984447E-011  0.15229746372616829        1.5344905534418189E-010  -7.4001321024979752E-010  -3.9593735302223332E-010  -1.7255059400121284E-009 -0.23399800448449398        1.2975596010623240E-010   4.3848311395678870E-011 -0.23399800443487712        8.6394371803667055E-011  0.46799600891932197        4.4673264882822130E-010  -4.8610717289093105E-011   1.8617939916183056E-010   6.9315121165029066E-011  -1.4820570939734448E-010
  -5.3030189896049741E-009 -0.27818655857920932        8.2225507698895640E-010  -1.0769283381785334E-010   5.6792455555088000E-009 -0.17723956089933721       -6.7265071701812652E-009   2.3996624784646740E-009  -8.8333567334872288E-011   8.0164704210409774E-010  -4.1539875899971870E-010  -6.5117440675942049E-011   1.8852462706930987E-011   1.5344905534418189E-010   2.4569105626521699        3.0991490667374597E-009  -1.1228619713689995E-009  -1.6020481753674585E-009   3.3698160450334827E-011  -2.1416275259019647E-010  -3.2434880830499256E-010   2.0311390293338117E-012  -2.4723143840030306E-011  -3.5735217540975496E-011   2.7365192128253227E-010 -0.93615140813081210       -9.9371068067292880E-010   3.5948275557610705E-010  -1.0968440750155923E-010
   2.4183760563719653E-008   1.0950258457405265E-009 -0.27818655873789999       -1.2989768888809628E-009  -3.8982070708875759E-008  -6.8127819073989787E-009 -0.17723955979490844        6.9069053571559368E-009  -3.7830863561485051E-010   8.9972037672856854E-011  -1.3048918690294757E-011   1.1183219697608987E-009  -4.3227127486380481E-010  -7.4001321024979752E-010   3.0991490667374597E-009   2.4569105621451506       -3.1017550704623001E-009   1.5046954275182073E-008   6.1945422047313552E-011   1.9022613768735722E-010  -1.0781298026684194E-011  -1.5961071515092501E-010  -3.5667341945836958E-010   9.7662179231777610E-011  -2.8578726926832990E-009  -9.9280135429729979E-010 -0.93615140796808427        9.9159709489518541E-010   1.0798046085398695E-009
   5.0672309475237008E-009  -5.5826790511312227E-010  -5.9008631961109578E-010 -0.27818655534548442        3.4858091940984590E-009   2.5419093743323401E-009   6.6848504212042153E-009 -0.17723958424906328        2.0318941980585528E-010   1.4577355062622097E-011  -1.4819480018752297E-010   1.9275042357909351E-010   9.4724930751459423E-010  -3.9593735302223332E-010  -1.1228619713689995E-009  -3.1017550704623001E-009   2.4569105733056196       -3.7334276237684377E-009   2.4938334677306917E-010  -2.2945384565480984E-011   1.8215806283051229E-010   2.4399326947222190E-010  -2.2413398099505741E-010  -4.9337803993720392E-010   8.3026302246471615E-010   3.5798731391968165E-010   9.9387466757662604E-010 -0.93615141154020176       -2.8863429959852726E-010
 -0.40342225044107349        4.6044410575938425E-009  -7.7068124645370786E-009  -1.3312761779120658E-008 -0.98098819841632656        2.0134809786973657E-009  -2.9645840245835456E-008   1.1988771300238267E-008   8.0714123182981064E-010  -7.7385792681938904E-010   3.3597008520560085E-010   9.1839779536195382E-010   9.2002589778099382E-010  -1.7255059400121284E-009  -1.6020481753674585E-009   1.5046954275182073E-008  -3.7334276237684377E-009   3.1256361980971992       -7.4414679807077118E-010   8.1126975693299265E-010  -2.8271243704003221E-010  -8.6084742991501878E-010  -8.5041869550667824E-010   1.6053295515855542E-009  -1.2323170863670845        5.2578006400971850E-010  -4.8349090512143325E-009   1.1535159919448427E-009  0.33150365990692204     
  -2.9152851649384763E-010  -1.6723583821651574E-010  -7.6090105944715342E-010   8.8657060917491867E-010   1.3229874132681993E-009  -5.1194960659988980E-011   9.0051236559013496E-011  -7.3405030399776065E-010  0.46799600961295656       -7.4161293670840435E-011   1.2437996582241754E-010 -0.23399800512845118       -3.1769559712540514E-010 -0.23399800448449398        3.3698160450334827E-011   6.1945422047313552E-011   2.4938334677306917E-010  -7.4414679807077118E-010   1.4381084151073160        1.2850858820189689E-010  -2.1604328120972462E-010 -0.71905420700433909        5.4328671818298008E-010 -0.71905420810318976        1.7351906414915019E-010  -6.1474264869252086E-012   1.5496112677602553E-011  -9.5263918928764986E-011  -6.0148036793362223E-011
   5.5604343224497920E-010   1.3954788338185848E-009   5.3738595040627027E-010  -2.8357321414509253E-011  -1.5423393044326631E-009  -6.6920645242426569E-011  -4.7435427259312656E-010   4.0394804524111449E-011  -7.6420636909902692E-011  0.46799600983363981        1.2183523000620881E-010  -5.3336033764639378E-011   8.5253274186006508E-011   1.2975596010623240E-010  -2.1416275259019647E-010   1.9022613768735722E-010  -2.2945384565480984E-011   8.1126975693299265E-010   1.2850858820189689E-010   1.4381084147308207       -2.0463193198137838E-010   9.4440686059825276E-011  -1.4610019311246497E-010  -2.2294796858286877E-010  -1.8983597669871322E-010   1.2489127026175582E-011  -5.9697947522212274E-011   7.9791886628005938E-012   6.5524583745754090E-011
  -4.4661351449636552E-011  -1.4244376608225852E-009  -4.6933466203646216E-011   2.3275941315016536E-011   4.7357965408557649E-010   1.0673617628157430E-009   3.4088836934351834E-011  -3.0145445763113582E-010   1.2877622458260229E-010   1.1794964328905847E-010  0.46799600896452392       -1.7262383568341904E-010  -8.1340697819024853E-011   4.3848311395678870E-011  -3.2434880830499256E-010  -1.0781298026684194E-011   1.8215806283051229E-010  -2.8271243704003221E-010  -2.1604328120972462E-010  -2.0463193198137838E-010   1.4381084162142563        2.9522380148097260E-010   1.3958862904846954E-010  -7.9180490827543696E-011   6.5859392259058741E-011   1.2863265816613982E-010   3.3551023581433906E-012  -5.8695018926885159E-011  -2.2885322706317598E-011
  -3.7196837026694311E-010  -1.0541419519987773E-010   2.1867289757355046E-009   8.5197240394598223E-010   1.5393606773331710E-009   9.0155416883228373E-011  -3.7487208203297826E-010  -7.1830384326084631E-010 -0.23399800512822361       -5.7327864745196350E-011  -1.7331308814753394E-010  0.46799600956310505        2.4144090881121590E-010 -0.23399800443487712        2.0311390293338117E-012  -1.5961071515092501E-010   2.4399326947222190E-010  -8.6084742991501878E-010 -0.71905420700433909        9.4440686059825276E-011   2.9522380148097260E-010   1.4381084151929149       -4.0448379143836080E-010 -0.71905420818821197        2.0117146922351232E-010  -5.6147910581571935E-012  -1.4472721663228468E-011  -9.3478976820547852E-011  -6.9585657386003389E-011
  -3.4028783192231963E-010  -1.2252127265781897E-011  -1.5330837477532110E-009   1.6751401484243052E-009   1.5061696199459110E-009   4.0478670937582018E-011   1.1424598020530699E-009  -1.9168959254574431E-010  -3.1891968014844975E-010   8.5947977171325377E-011  -8.2225172414881278E-011   2.3252486516951130E-010  0.46799600900378968        8.6394371803667055E-011  -2.4723143840030306E-011  -3.5667341945836958E-010  -2.2413398099505741E-010  -8.5041869550667824E-010   5.4328671818298008E-010  -1.4610019311246497E-010   1.3958862904846954E-010  -4.0448379143836080E-010   1.4381084161471767       -1.3880488758608087E-010   1.9895334367423571E-010   8.5499961157615145E-012   1.3983577257477521E-010   1.9248438486438889E-011  -6.8784778072594753E-011
   6.6347212359057423E-010   2.7265741370254558E-010  -1.4258322449402126E-009  -1.7385454194030184E-009  -2.8624051491027331E-009  -3.8954936747479264E-011   2.8481751176460789E-010   1.4523522990918897E-009 -0.23399800448480221        1.3148958331929971E-010   4.8933131890665856E-011 -0.23399800443453550        7.6254050200649053E-011  0.46799600891932197       -3.5735217540975496E-011   9.7662179231777610E-011  -4.9337803993720392E-010   1.6053295515855542E-009 -0.71905420810318976       -2.2294796858286877E-010  -7.9180490827543696E-011 -0.71905420818821197       -1.3880488758608087E-010   1.4381084162912507       -3.7480488636369325E-010   1.1764550803026864E-011  -1.0214001299450276E-012   1.8874376530916522E-010   1.2977042993264879E-010
   8.8740951699249199E-002  -8.2848139968858051E-010   8.7083456947035860E-010   2.7378811935202158E-009  0.18735764662032012       -3.3089492097573923E-010   5.8355263715226097E-009  -2.6156936634292194E-009  -2.0792274982366235E-010   2.0981568146274064E-010  -8.3866600067606278E-011  -2.3881485715046010E-010  -2.3824521713782690E-010   4.4673264882822130E-010   2.7365192128253227E-010  -2.8578726926832990E-009   8.3026302246471615E-010  -1.2323170863670845        1.7351906414915019E-010  -1.8983597669871322E-010   6.5859392259058741E-011   2.0117146922351232E-010   1.9895334367423571E-010  -3.7480488636369325E-010   2.7443303826642351       -8.9939568960215383E-011   9.1551826767355753E-010  -2.5653936847623659E-010 -0.84339659031780478     
   1.7236390855404931E-009   9.3806766217559609E-002  -3.3421495202446846E-010   5.8866783788818945E-011  -1.8547488071236646E-009   4.5150803527800605E-002   2.1800102083273681E-009  -7.7347847232200673E-010   2.1050717532325855E-011  -1.6817855872007172E-010   8.7151231051182909E-011   2.7560794093229788E-011  -7.1989777985660013E-012  -4.8610717289093105E-011 -0.93615140813081210       -9.9280135429729979E-010   3.5798731391968165E-010   5.2578006400971850E-010  -6.1474264869252086E-012   1.2489127026175582E-011   1.2863265816613982E-010  -5.6147910581571935E-012   8.5499961157615145E-012   1.1764550803026864E-011  -8.9939568960215383E-011   2.3577909066492153        3.1797256821700791E-010  -1.1449875098102127E-010   3.6015128735498163E-011
  -7.9934984039074929E-009  -4.2077202724046161E-010   9.3806766280253626E-002   4.8341142268140512E-010   1.2651715782793360E-008   2.2093689951552241E-009   4.5150803169095532E-002  -2.2369775370723109E-009   6.5546480744229822E-011  -2.7038692166363307E-011   4.0379067099809760E-012  -2.5172577397421179E-010   9.0634328354051027E-011   1.8617939916183056E-010  -9.9371068067292880E-010 -0.93615140796808427        9.9387466757662604E-010  -4.8349090512143325E-009   1.5496112677602553E-011  -5.9697947522212274E-011   3.3551023581433906E-012  -1.4472721663228468E-011   1.3983577257477521E-010  -1.0214001299450276E-012   9.1551826767355753E-010   3.1797256821700791E-010   2.3577909065970193       -3.1739278304811517E-010  -3.4646189799456171E-010
  -1.5625542283106062E-009   2.0186485144620666E-010   2.5853721963909897E-010   9.3806764947493404E-002  -1.0784570497363601E-009  -8.2188720483881817E-010  -2.1615630230972710E-009   4.5150811083091227E-002  -3.6200478920499226E-011  -5.8884240597476611E-012   4.9345208442824513E-011  -3.3115501128491062E-011  -2.1873622509073385E-010   6.9315121165029066E-011   3.5948275557610705E-010   9.9159709489518541E-010 -0.93615141154020176        1.1535159919448427E-009  -9.5263918928764986E-011   7.9791886628005938E-012  -5.8695018926885159E-011  -9.3478976820547852E-011   1.9248438486438889E-011   1.8874376530916522E-010  -2.5653936847623659E-010  -1.1449875098102127E-010  -3.1739278304811517E-010   2.3577909077392576        8.9183399899583163E-011
  -3.3278730103263758E-002   3.2123799662186712E-010  -4.4521683692923629E-010  -9.8987002516281460E-010  -6.5415033573838932E-002   1.3600161707290782E-010  -2.1646563275450291E-009   9.1789543471442658E-010   6.9165103904474284E-011  -6.8135087287279204E-011   2.8327977801311020E-011   7.9042872261247299E-011   7.8968861795534487E-011  -1.4820570939734448E-010  -1.0968440750155923E-010   1.0798046085398695E-009  -2.8863429959852726E-010  0.33150365990692204       -6.0148036793362223E-011   6.5524583745754090E-011  -2.2885322706317598E-011  -6.9585657386003389E-011  -6.8784778072594753E-011   1.2977042993264879E-010 -0.84339659031780478        3.6015128735498163E-011  -3.4646189799456171E-010   8.9183399899583163E-011   2.2606491144786829     
