 3.1679613562589248E-001  5.6363099213242962E-001 -1.6404212762471948E-008 -2.8527203238537524E-009  1.2337208504797914E-008 -1.5010733184217528E-008 -1.5536254232770275E-008  3.1414944839935899E-008 -5.1559713112901276E-016 -3.9262856539998334E-018 -7.4185033623460287E-016 -3.1305291952800435E-001 -7.0720118441891522E-008 -1.3756394967590069E-008  5.2810119791080190E-008 -6.4889985676441775E-008 -6.6741320234320334E-008  1.3561009122586842E-007  7.0972493703987713E-002  1.8375884414040671E-016  1.6201213268114234E-016  5.2264286708866073E-016 -2.6011453211016160E-002
 5.6363099213242962E-001  1.0033781875609740E+000  3.8111315136743484E-008  7.9601395752693094E-009 -2.8318277833783156E-008  3.5035928585419596E-008  3.5878279850548589E-008 -7.3147245753524270E-008  1.0859499022167369E-015 -1.7014528857416726E-015 -7.7896602379003552E-016 -5.2122943343719652E-001  5.8034197000095267E-008  1.0713930076455824E-008 -4.3485478384841514E-008  5.3180010048392568E-008  5.4862554485501924E-008 -1.1121422689719385E-007  1.0211565883972856E-001 -6.6400766825882812E-016  6.2560545778945836E-017 -1.4032281550161058E-016 -3.4894154113235820E-002
-1.6404212762471948E-008  3.8111315136743484E-008  1.9105036121881097E-001  1.0102541401092041E-008  6.3751212797820943E-009 -9.5525170373973345E-002  1.2825021856576607E-008 -9.5525190844828578E-002  3.5879314507036386E-017  1.6607496560545243E-015 -1.2664892863118076E-015 -1.1769196030936291E-008  5.2209703049680523E-001  1.5392506531528016E-008  7.9063091447048595E-009 -2.6104850397661278E-001  1.2596800158092697E-008 -2.6104852652022492E-001  2.2862533842005553E-009  1.4479770580020215E-015  1.3452069997582411E-016  8.9566660372285967E-016 -8.5854844820943896E-010
-2.8527203238537524E-009  7.9601395752693094E-009  1.0102541401092041E-008  1.9105037428058952E-001 -5.4632665509590783E-009  1.2474790322264395E-008  7.4786422931197305E-009 -2.2577329320330741E-008 -4.7373421077499662E-016 -1.0162190441924108E-016  1.3914520815013108E-015  5.6169892903579210E-009  5.6944288407898003E-009  5.2209704412867530E-001 -1.8369788398753251E-009  8.6846651155270127E-009  3.0755472821275553E-009 -1.4379094279842741E-008 -3.4415884621330495E-009 -1.0411315962213000E-015 -4.0693314862931435E-016 -6.6852421122430532E-016  8.9815461925407680E-010
 1.2337208504797914E-008 -2.8318277833783156E-008  6.3751212797820943E-009 -5.4632665509590783E-009  1.9105037793035246E-001 -1.2656822367083931E-008  1.7940699560074075E-008  6.2817018613679776E-009  3.7888099547111658E-016  4.8117078333006611E-016 -8.4525688627757229E-016  1.0831557928359103E-008  5.4004196628921336E-009 -9.5664427005037744E-009  5.2209704793772405E-001 -1.4799207893878563E-008  1.8129685337188450E-008  9.3987880698739867E-009 -2.7114424473034804E-009  1.1995575035260003E-016 -1.5256223299659726E-015  3.4950428589484247E-016  9.1634637616570813E-010
-1.5010733184217528E-008  3.5035928585419596E-008 -9.5525170373973345E-002  1.2474790322264395E-008 -1.2656822367083931E-008  1.9105036497760261E-001 -6.7359894702009870E-009 -9.5525194603638647E-002  2.9654563358723680E-016 -7.8323101441653779E-016  1.3383902041157765E-015 -9.8375851735610365E-009 -2.6104850515588007E-001  1.7353841610251441E-008 -1.1619251417786802E-008  5.2209703441968625E-001 -8.3094764870977889E-009 -2.6104852926373484E-001  1.6251868661595892E-009 -1.2704779105848369E-015  1.4385429432074084E-016 -6.9730649275545833E-016 -6.5824314315204857E-010
-1.5536254232770275E-008  3.5878279850548589E-008  1.2825021856576607E-008  7.4786422931197305E-009  1.7940699560074075E-008 -6.7359894702009870E-009  1.9105038074635133E-001 -6.0890327365729219E-009  3.1612286581130871E-016  3.1945152056068029E-016 -1.1503542923279680E-015 -1.2391841433187500E-008  1.4172738833115144E-008  1.2534548385345623E-008  1.9317760814596685E-008 -5.7504908278736833E-009  5.2209705087663227E-001 -8.4222511538729894E-009  2.7891556863592071E-009  9.4119872247383972E-017  2.4690036305678267E-016  8.9411445911459222E-016 -9.8333310136027030E-010
 3.1414944839935899E-008 -7.3147245753524270E-008 -9.5525190844828578E-002 -2.2577329320330741E-008  6.2817018613679776E-009 -9.5525194603638647E-002 -6.0890327365729219E-009  1.9105038544846753E-001 -8.6294067209643479E-016 -3.6741623140677486E-016  1.7640224858943225E-016  2.1606774432136877E-008 -2.6104852534090045E-001 -3.2746341568912207E-008  3.7129443773015192E-009 -2.6104853044309911E-001 -4.2873246502463103E-009  5.2209705578396060E-001 -3.9114479723732776E-009  7.4318985708623642E-016  1.3283149689605245E-017  1.8017375219629458E-016  1.5167956671485044E-009
-5.1559713112901276E-016  1.0859499022167369E-015  3.5879314507036386E-017 -4.7373421077499662E-016  3.7888099547111658E-016  2.9654563358723680E-016  3.1612286581130871E-016 -8.6294067209643479E-016  2.3102465431684927E+000  3.3306690739592013E-016  1.8318679906207889E-015  2.4969203586245199E-015 -1.8920791686993028E-015 -4.6783528401200180E-016 -1.1186262319400497E-015 -6.4936100197132838E-016  2.4458927442727317E-015 -5.2090338363849779E-016 -2.0773230047968268E-015 -8.4660853048205631E-001  3.8857805861880489E-016 -4.9960036108132025E-016 -1.1750335022677724E-015
-3.9262856539998334E-018 -1.7014528857416726E-015  1.6607496560545243E-015 -1.0162190441924108E-016  4.8117078333006611E-016 -7.8323101441653779E-016  3.1945152056068029E-016 -3.6741623140677486E-016  3.3306690739592013E-016  2.3102465431684918E+000  3.8857805861615732E-016  1.0839073508239041E-015 -8.0420366903856587E-016 -1.3444397241100729E-015 -6.0897079794230383E-016 -1.6237713450695164E-016  1.3140770992061823E-015  6.8051264259367596E-018  3.9350203996452844E-016 -1.9151347174783950E-015 -8.4660853048205931E-001 -1.3600232051658174E-015 -7.6418414039725999E-017
-7.4185033623460287E-016 -7.7896602379003552E-016 -1.2664892863118076E-015  1.3914520815013108E-015 -8.4525688627757229E-016  1.3383902041157765E-015 -1.1503542923279680E-015  1.7640224858943225E-016  1.8318679906207889E-015  3.8857805861615732E-016  2.3102465431684949E+000 -1.4694910152225108E-015  1.7459780416999605E-015  2.3425629860864979E-016  2.6977516125009788E-015 -3.7685878142216475E-016 -1.2930660542826559E-015  1.2227959564641625E-015 -1.6944273651709500E-015 -5.5511151231257866E-016 -8.3266726846887640E-017 -8.4660853048205964E-001 -1.6350794528443248E-015
-3.1305291952800435E-001 -5.2122943343719652E-001 -1.1769196030936291E-008  5.6169892903579210E-009  1.0831557928359103E-008 -9.8375851735610365E-009 -1.2391841433187500E-008  2.1606774432136877E-008  2.4969203586245199E-015  1.0839073508239041E-015 -1.4694910152225108E-015  2.6684722487508101E+000 -9.9053651947400567E-009 -6.9831922466789820E-009  6.0903884158136634E-009 -9.7037892443641027E-009 -8.5265279073376554E-009  1.9609389605157457E-008 -1.0711670033859020E+000  2.3407946354012796E-015 -9.8882186822894517E-016  1.2457683679761091E-015  2.8721652266080094E-001
-7.0720118441891522E-008  5.8034197000095267E-008  5.2209703049680523E-001  5.6944288407898003E-009  5.4004196628921336E-009 -2.6104850515588007E-001  1.4172738833115144E-008 -2.6104852534090045E-001 -1.8920791686993028E-015 -8.0420366903856587E-016  1.7459780416999605E-015 -9.9053651947400567E-009  1.4267720171509672E+000 -1.7820410189162139E-008 -1.1245417648290956E-008 -7.1338602663031658E-001 -2.2622745180205656E-008 -7.1338599052073937E-001  1.8947017310123881E-009 -2.7329717432628660E-015  2.9092687353825159E-016 -2.2331612372150930E-015 -7.0967784177467658E-010
-1.3756394967590069E-008  1.0713930076455824E-008  1.5392506531528016E-008  5.2209704412867530E-001 -9.5664427005037744E-009  1.7353841610251441E-008  1.2534548385345623E-008 -3.2746341568912207E-008 -4.6783528401200180E-016 -1.3444397241100729E-015  2.3425629860864979E-016 -6.9831922466789820E-009 -1.7820410189162139E-008  1.4267719941106403E+000  9.6369491414671771E-009 -2.2004948682652348E-008 -1.3191977683846279E-008  3.9825358011391643E-008  2.8680456759522244E-009 -4.2515008775585214E-016 -1.2323987016322904E-015 -3.7661804866980415E-016 -8.2219307750985848E-010
 5.2810119791080190E-008 -4.3485478384841514E-008  7.9063091447048595E-009 -1.8369788398753251E-009  5.2209704793772405E-001 -1.1619251417786802E-008  1.9317760814596685E-008  3.7129443773015192E-009 -1.1186262319400497E-015 -6.0897079794230383E-016  2.6977516125009788E-015  6.0903884158136634E-009 -1.1245417648290956E-008  9.6369491414671771E-009  1.4267719876725873E+000  2.2326045614681767E-008 -3.1646556973921602E-008 -1.1080628449511298E-008 -7.6902629576880432E-010 -6.0328424130819421E-016  2.1901034142690738E-015 -8.3426106266531337E-016  3.5317498925380164E-010
-6.4889985676441775E-008  5.3180010048392568E-008 -2.6104850397661278E-001  8.6846651155270127E-009 -1.4799207893878563E-008  5.2209703441968625E-001 -5.7504908278736833E-009 -2.6104853044309911E-001 -6.4936100197132838E-016 -1.6237713450695164E-016 -3.7685878142216475E-016 -9.7037892443641027E-009 -7.1338602663031658E-001 -2.2004948682652348E-008  2.2326045614681767E-008  1.4267720105208339E+000  1.1881967855800757E-008 -7.1338598389032193E-001  2.0424290782944388E-009  1.4938564251145422E-015  1.1616611069474095E-015  1.5846243220242527E-016 -7.3436386182137992E-010
-6.6741320234320334E-008  5.4862554485501924E-008  1.2596800158092697E-008  3.0755472821275553E-009  1.8129685337188450E-008 -8.3094764870977889E-009  5.2209705087663227E-001 -4.2873246502463103E-009  2.4458927442727317E-015  1.3140770992061823E-015 -1.2930660542826559E-015 -8.5265279073376554E-009 -2.2622745180205656E-008 -1.3191977683846279E-008 -3.1646556973921602E-008  1.1881967855800757E-008  1.4267719827053240E+000  1.0740768736222650E-008  1.3819405498410875E-009 -6.5957921441842335E-016  7.5985233293225474E-016  1.4402632611471851E-015 -5.5857904326245267E-010
 1.3561009122586842E-007 -1.1121422689719385E-007 -2.6104852652022492E-001 -1.4379094279842741E-008  9.3987880698739867E-009 -2.6104852926373484E-001 -8.4222511538729894E-009  5.2209705578396060E-001 -5.2090338363849779E-016  6.8051264259367596E-018  1.2227959564641625E-015  1.9609389605157457E-008 -7.1338599052073937E-001  3.9825358011391643E-008 -1.1080628449511298E-008 -7.1338598389032193E-001  1.0740768736222650E-008  1.4267719744109548E+000 -3.9371667367310570E-009 -1.5792549568882487E-015  5.5636221070587306E-016 -1.2001298657188381E-015  1.4440476015474546E-009
 7.0972493703987713E-002  1.0211565883972856E-001  2.2862533842005553E-009 -3.4415884621330495E-009 -2.7114424473034804E-009  1.6251868661595892E-009  2.7891556863592071E-009 -3.9114479723732776E-009 -2.0773230047968268E-015  3.9350203996452844E-016 -1.6944273651709500E-015 -1.0711670033859020E+000  1.8947017310123881E-009  2.8680456759522244E-009 -7.6902629576880432E-010  2.0424290782944388E-009  1.3819405498410875E-009 -3.9371667367310570E-009  2.6602628538652859E+000  5.9225011920649437E-016 -4.2749760299819912E-016  5.3653817856918664E-016 -8.1293427422618492E-001
 1.8375884414040671E-016 -6.6400766825882812E-016  1.4479770580020215E-015 -1.0411315962213000E-015  1.1995575035260003E-016 -1.2704779105848369E-015  9.4119872247383972E-017  7.4318985708623642E-016 -8.4660853048205631E-001 -1.9151347174783950E-015 -5.5511151231257866E-016  2.3407946354012796E-015 -2.7329717432628660E-015 -4.2515008775585214E-016 -6.0328424130819421E-016  1.4938564251145422E-015 -6.5957921441842335E-016 -1.5792549568882487E-015  5.9225011920649437E-016  2.3102465431684900E+000  3.9968028886505635E-015  2.2204460492503131E-015  9.0599002051161431E-016
 1.6201213268114234E-016  6.2560545778945836E-017  1.3452069997582411E-016 -4.0693314862931435E-016 -1.5256223299659726E-015  1.4385429432074084E-016  2.4690036305678267E-016  1.3283149689605245E-017  3.8857805861880489E-016 -8.4660853048205931E-001 -8.3266726846887640E-017 -9.8882186822894517E-016  2.9092687353825159E-016 -1.2323987016322904E-015  2.1901034142690738E-015  1.1616611069474095E-015  7.5985233293225474E-016  5.5636221070587306E-016 -4.2749760299819912E-016  3.9968028886505635E-015  2.3102465431684940E+000 -6.6613381477529814E-016  4.3190012503757587E-016
 5.2264286708866073E-016 -1.4032281550161058E-016  8.9566660372285967E-016 -6.6852421122430532E-016  3.4950428589484247E-016 -6.9730649275545833E-016  8.9411445911459222E-016  1.8017375219629458E-016 -4.9960036108132025E-016 -1.3600232051658174E-015 -8.4660853048205964E-001  1.2457683679761091E-015 -2.2331612372150930E-015 -3.7661804866980415E-016 -8.3426106266531337E-016  1.5846243220242527E-016  1.4402632611471851E-015 -1.2001298657188381E-015  5.3653817856918664E-016  2.2204460492503131E-015 -6.6613381477529814E-016  2.3102465431684953E+000  7.4762827203565724E-016
-2.6011453211016160E-002 -3.4894154113235820E-002 -8.5854844820943896E-010  8.9815461925407680E-010  9.1634637616570813E-010 -6.5824314315204857E-010 -9.8333310136027030E-010  1.5167956671485044E-009 -1.1750335022677724E-015 -7.6418414039725999E-017 -1.6350794528443248E-015  2.8721652266080094E-001 -7.0967784177467658E-010 -8.2219307750985848E-010  3.5317498925380164E-010 -7.3436386182137992E-010 -5.5857904326245267E-010  1.4440476015474546E-009 -8.1293427422618492E-001  9.0599002051161431E-016  4.3190012503757587E-016  7.4762827203565724E-016  2.2493337777803779E+000
