 1.4478357552382407E-004  4.4506937940171767E-017 -3.8611149867640027E-017  6.6953359344591379E-017  4.7816136998352415E-003  7.2352986665804705E-016 -5.5641255491956088E-016  2.2834176109040574E-015  9.4309389008000715E-003  1.4471812890208536E-015 -1.1843824532231650E-015  2.9396597714399778E-015 -2.6717887306244168E-018 -3.5924784829287654E-018 -1.1000670164375204E-018  1.3648775431689356E-018 -3.5776404965798286E-019  1.5845674852797485E-018  5.3940051053751464E-003  9.8828401012796569E-016 -6.6092964434716350E-016 -9.4839833365679494E-004  5.3055396980752010E-016  1.1027521940303736E-016  2.2399028821091615E-017 -6.1712017303445768E-003  2.5723167793448385E-015  7.2945122164824738E-016  5.7328740240967993E-016 -2.1603053041586253E-015 -1.2250443062516914E-015
 4.4506937940171767E-017  1.4478357552397006E-004  2.0903892789636808E-017 -2.0802636833852161E-016  8.4403348861015330E-016  4.7816136998375357E-003 -5.7313511465141042E-016 -8.8195807036850410E-015  1.6832260117125222E-015  9.4309389008046911E-003 -9.7525232665560151E-016 -1.0250574904038128E-014  8.9424113776550060E-020 -3.3100984044337767E-018 -1.3192385568872173E-018  3.8866841873281509E-019 -1.1019486779748153E-018  6.4677978682214337E-019  1.0324329846683885E-015  5.3940051053775057E-003 -7.5867690999928066E-016  1.6486028220799651E-016 -9.4839833365798734E-004 -6.3686621028909437E-016  1.0170691839081068E-014  6.3130181871780658E-016 -6.1712017303514255E-003 -3.1816282928976489E-015  7.0447132336506726E-015 -1.4887224499046214E-015  1.0586868797212810E-016
-3.8611149867640027E-017  2.0903892789636808E-017  1.4478357552380423E-004  2.4251857049638219E-018 -6.3469195177301430E-016  1.0814071027399747E-015  4.7816136998349752E-003  1.2005897560482073E-015 -1.3058130965415415E-015  2.0494757281716002E-015  9.4309389007993325E-003  7.3595403203031934E-016  2.2378192470429483E-018 -4.6965130400254082E-018 -1.8569454027612911E-018  5.2580648157164117E-018 -8.3146141588055634E-019  1.0311143819330016E-017 -6.7589163432746346E-016  1.0797145753238141E-015  5.3940051053747648E-003  3.7051423398565958E-016 -7.8218080865485615E-016 -9.4839833365675200E-004 -8.5752043006497723E-015  2.1037858954908728E-015 -4.3199641719333570E-015 -6.1712017303442758E-003 -7.2688800743238822E-015  1.4969907641785826E-014  8.1676507049099618E-015
 6.6953359344591379E-017 -2.0802636833852161E-016  2.4251857049638219E-018  3.3753963644025719E-004  7.4286246656330647E-017 -4.0247722810782678E-016  4.8691530249342286E-016  1.3904023141453531E-002  3.5680819908014076E-016 -1.3896944864672879E-015  7.8658929756373311E-016  1.6948979927625223E-002  1.4138309893827824E-015  3.0618502862751835E-018 -5.6764935171631488E-018  1.3888991594054078E-015  4.5841840596584502E-018  1.3334722292497479E-015  1.4985852895509935E-016 -6.2676087041382499E-016  5.9302725013310479E-016 -3.2609482302767353E-017  6.6927184625686919E-016  1.9887460070467646E-016 -7.4084389922925657E-003 -2.5594938751316294E-016  3.5594641978042701E-015  9.7488447955724763E-016 -3.2035999798768885E-003  1.1318555935224332E-003  3.5917714825212230E-004
 4.7816136998352415E-003  8.4403348861015330E-016 -6.3469195177301430E-016  7.4286246656330647E-017  1.5914790575625504E-001 -1.3987085138243402E-015  1.6722734308416420E-015 -3.7103481550474290E-015  3.1349790414340123E-001 -9.2255330776318112E-016  6.9388939039072284E-016 -3.5507871122022085E-015 -7.9310521134083700E-017 -9.4753160916706289E-017 -3.7249553999624392E-017  3.7096814588996623E-017 -2.5432038455499831E-017  5.1719299073337398E-017  1.8151132295047648E-001 -8.3714575301791103E-016  9.2287288921966137E-016 -2.2230723424686724E-002 -1.0904387562168707E-015  1.0121027280152184E-016 -4.8134778425805012E-016 -1.5683680752589374E-001 -5.3389350709656455E-015  3.6776137690708310E-016 -1.0614204622478480E-015  3.8115350837806535E-015  2.1626119084223195E-015
 7.2352986665804705E-016  4.7816136998375357E-003  1.0814071027399747E-015 -4.0247722810782678E-016 -1.3987085138243402E-015  1.5914790575625409E-001  3.8650856410220796E-017  1.1736971968653317E-014 -1.2125812869558126E-015  3.1349790414340128E-001  3.7175918708801638E-015  1.2350074321976043E-014  3.1258990038783100E-017 -1.0648061794949066E-016 -4.1010890974122633E-017  2.6671293371061197E-017 -3.6701919422669388E-017  7.5852889476455573E-017 -1.3031009851119163E-015  1.8151132295047279E-001  1.7292264906982663E-015 -1.9719286268465243E-016 -2.2230723424685059E-002  1.2282242112361834E-015 -1.2983405950819141E-014 -1.1732508245184893E-015 -1.5683680752588763E-001  5.8515648829481238E-015 -9.2209058577236836E-015  3.4648095737596108E-016 -1.1391753990212304E-015
-5.5641255491956088E-016 -5.7313511465141042E-016  4.7816136998349752E-003  4.8691530249342286E-016  1.6722734308416420E-015  3.8650856410220796E-017  1.5914790575625951E-001 -1.4212694537690843E-015  1.7486012637846216E-015 -4.0895889464223096E-015  3.1349790414340251E-001  8.9939426018088603E-016  7.8264285155423650E-017 -1.8382299850325599E-016 -5.5208115357397052E-017  1.7790265183711072E-016 -2.3575573588512772E-017  3.4591164642532467E-016  1.4224732503009818E-015 -4.6083904874216443E-016  1.8151132295047911E-001 -1.1224745091742427E-015  1.1686658201387980E-015 -2.2230723424686603E-002  1.3768011292279392E-014 -5.6447901908285303E-015  7.2262213154595563E-015 -1.5683680752589424E-001  1.1892293025085891E-014 -2.3111622935098119E-014 -1.2476995555165585E-014
 2.2834176109040574E-015 -8.8195807036850410E-015  1.2005897560482073E-015  1.3904023141453531E-002 -3.7103481550474290E-015  1.1736971968653317E-014 -1.4212694537690843E-015  6.0357373521437763E-001  1.5751794547944345E-016 -4.2589212655724771E-015 -2.1105853205582290E-015  7.2132250616402849E-001  5.9167962948709169E-014  1.0827639859009519E-017 -3.1283138625208308E-016  5.7978675969328982E-014  1.7881171938629528E-016  5.5595545884460464E-014 -1.6676132929990169E-015 -1.0387175184469731E-016 -4.9092455311130771E-016  3.7509066616913567E-016  3.9488471319162843E-016 -3.9280354709172518E-016 -4.6924392533244452E-001  7.5783025028619665E-016 -1.3676207182951921E-015 -1.8813554651548300E-015 -2.7313805941650832E-001  1.3116450602751820E-001  4.4947018313578460E-002
 9.4309389008000715E-003  1.6832260117125222E-015 -1.3058130965415415E-015  3.5680819908014076E-016  3.1349790414340123E-001 -1.2125812869558126E-015  1.7486012637846216E-015  1.5751794547944345E-016  6.1767038587233314E-001  1.0303765926988819E-015 -1.7486012637846216E-015  2.6653760094741476E-015 -1.5929179319748783E-016 -1.9455182928916216E-016 -7.3173711158141670E-017  7.5727967029902893E-017 -4.5790882432783814E-017  1.0220429126931449E-016  3.5691974245517438E-001  7.9500328140404866E-016 -1.8041124150158794E-016 -4.6763746377029798E-002  9.5891628316670904E-016 -5.4231792667724932E-016  8.3806666083568664E-016 -3.2440830951297756E-001  5.2513527400853870E-015 -2.7026991755718655E-015  1.2302370437827793E-015 -4.7050428180568138E-015 -2.7221549169551237E-015
 1.4471812890208536E-015  9.4309389008046911E-003  2.0494757281716002E-015 -1.3896944864672879E-015 -9.2255330776318112E-016  3.1349790414340128E-001 -4.0895889464223096E-015 -4.2589212655724771E-015  1.0303765926988819E-015  6.1767038587233702E-001 -5.7872588852093007E-016 -7.2683044263160521E-015  5.2569790986099900E-017 -2.1092621593173799E-016 -8.1708106290981591E-017  4.8164954643304053E-017 -7.2289272554804701E-017  1.3212045999801104E-016 -2.3980428135390480E-016  3.5691974245516916E-001 -2.1625043734608637E-015  5.4621210162247613E-016 -4.6763746377028285E-002 -1.0702949023942114E-015  6.8295006783866352E-015  2.1557411824238808E-015 -3.2440830951297495E-001 -5.5606865045101007E-015  4.6880002110306077E-015  2.5698623679047695E-015  2.3007113582679119E-015
-1.1843824532231650E-015 -9.7525232665560151E-016  9.4309389007993325E-003  7.8658929756373311E-016  6.9388939039072284E-016  3.7175918708801638E-015  3.1349790414340251E-001 -2.1105853205582290E-015 -1.7486012637846216E-015 -5.7872588852093007E-016  6.1767038587232115E-001 -8.7930123321383479E-016  1.5296474488436163E-016 -3.5334520847179458E-016 -1.1085252501815781E-016  3.4951955945920769E-016 -4.7745361738800301E-017  6.8052796245161513E-016  3.1918911957973251E-016  2.6142928054797974E-015  3.5691974245517066E-001  6.2254888744117665E-016 -1.3269786902623735E-015 -4.6763746377030624E-002 -8.9530405481585927E-015  4.2431336222392702E-015 -5.6490932918286552E-015 -3.2440830951298216E-001 -8.2939000920303798E-015  1.7769222665756502E-014  9.7398556181657300E-015
 2.9396597714399778E-015 -1.0250574904038128E-014  7.3595403203031934E-016  1.6948979927625223E-002 -3.5507871122022085E-015  1.2350074321976043E-014  8.9939426018088603E-016  7.2132250616402849E-001  2.6653760094741476E-015 -7.2683044263160521E-015 -8.7930123321383479E-016  8.6845304906348664E-001  7.1692994501318214E-014  6.7384969600658545E-017 -3.4421496928709385E-016  7.0319516703594769E-014  2.2272055492057235E-016  6.7460787722052352E-014 -8.1375964189598340E-016 -1.6903598360055138E-015  1.6595895426268468E-015  2.2220667814726449E-016  2.5543092799907080E-016  1.7249918762765566E-016 -4.9520187501682633E-001 -8.4106002228718051E-016 -2.6519458266489185E-015  1.7944535697296652E-015 -2.6687931115937324E-001  1.1976671872361888E-001  4.0332691063325113E-002
-2.6717887306244168E-018  8.9424113776550060E-020  2.2378192470429483E-018  1.4138309893827824E-015 -7.9310521134083700E-017  3.1258990038783100E-017  7.8264285155423650E-017  5.9167962948709169E-014 -1.5929179319748783E-016  5.2569790986099900E-017  1.5296474488436163E-016  7.1692994501318214E-014  5.9647442474019715E-027  1.0870142060014895E-029 -2.5161492520217574E-029  5.8568365280059838E-027  1.9171893262011648E-029  5.6196424431116125E-027 -7.5096292575075083E-017  8.0827921703299694E-017  9.5303443466604616E-017  8.3454447663502004E-017  2.0851857319471220E-016  1.7536882782615263E-017 -3.5914211081344302E-014  4.5465777142792914E-016  1.0766216914539588E-015  7.0969409459616295E-017 -1.7687828307322767E-014  3.8017792186864008E-015  2.3676128229950803E-016
-3.5924784829287654E-018 -3.3100984044337767E-018 -4.6965130400254082E-018  3.0618502862751835E-018 -9.4753160916706289E-017 -1.0648061794949066E-016 -1.8382299850325599E-016  1.0827639859009519E-017 -1.9455182928916216E-016 -2.1092621593173799E-016 -3.5334520847179458E-016  6.7384969600658545E-017  1.0870142060014895E-029  2.0554877640175270E-030  2.9991946792196845E-031  1.0876193386383432E-029 -1.7849374472502310E-031  1.0474083550484185E-029 -6.8428150333973284E-017 -1.1554850419092281E-016 -2.5359204058072175E-016  2.0002994633725830E-016  4.2651640784570014E-017 -1.8137303932082672E-016  5.5233134955984372E-016  1.0650799767229509E-015  2.4943429261228282E-016 -8.9592219389287195E-016  4.9724683438440245E-016 -6.5427036430795650E-016 -3.2697201484126743E-016
-1.1000670164375204E-018 -1.3192385568872173E-018 -1.8569454027612911E-018 -5.6764935171631488E-018 -3.7249553999624392E-017 -4.1010890974122633E-017 -5.5208115357397052E-017 -3.1283138625208308E-016 -7.3173711158141670E-017 -8.1708106290981591E-017 -1.1085252501815781E-016 -3.4421496928709385E-016 -2.5161492520217574E-029  2.9991946792196845E-031  4.4080710573087215E-031 -2.4289669842423430E-029  2.5697722076136762E-032 -2.3292104236611609E-029 -4.3499247370961675E-017 -4.2145133833275534E-017 -5.2428168315076133E-017  4.1838064369691706E-019  2.7539989140271139E-017  5.7368986898587847E-017  5.4901205193761973E-016  1.1817820486210763E-017  1.5387784555895086E-016  3.1272284563024998E-016  4.1453618344205658E-016 -4.6893742347628997E-016 -2.2891774651425405E-016
 1.3648775431689356E-018  3.8866841873281509E-019  5.2580648157164117E-018  1.3888991594054078E-015  3.7096814588996623E-017  2.6671293371061197E-017  1.7790265183711072E-016  5.7978675969328982E-014  7.5727967029902893E-017  4.8164954643304053E-017  3.4951955945920769E-016  7.0319516703594769E-014  5.8568365280059838E-027  1.0876193386383432E-029 -2.4289669842423430E-029  5.7524614568726655E-027  1.9097416817691323E-029  5.5189997363634906E-027  2.9002670946561611E-017  5.2358508861782877E-017  2.0752871912568179E-016 -6.7888411418068832E-017  9.9659369132165432E-017 -3.0455470520977885E-018 -3.4495228284437222E-014 -3.6275703901359170E-016  5.1152411913527427E-016 -6.1889962401694089E-017 -1.6710317471988242E-014  2.7981500763902059E-015 -2.4500530632682723E-016
-3.5776404965798286E-019 -1.1019486779748153E-018 -8.3146141588055634E-019  4.5841840596584502E-018 -2.5432038455499831E-017 -3.6701919422669388E-017 -2.3575573588512772E-017  1.7881171938629528E-016 -4.5790882432783814E-017 -7.2289272554804701E-017 -4.7745361738800301E-017  2.2272055492057235E-016  1.9171893262011648E-029 -1.7849374472502310E-031  2.5697722076136762E-032  1.9097416817691323E-029  2.5247855371853442E-031  1.8175072769247997E-029 -5.0608630427635813E-017 -4.1899875528231066E-017 -2.0342257873590450E-017 -9.8246862081262590E-017  4.9353604807758487E-018  3.4140610718565516E-017 -4.5677809119435750E-017 -5.0449702455889122E-016  3.5173380534717478E-017  1.8370141290563731E-016  1.9553500244805927E-018 -1.0517632767770492E-016 -6.3017138625115340E-017
 1.5845674852797485E-018  6.4677978682214337E-019  1.0311143819330016E-017  1.3334722292497479E-015  5.1719299073337398E-017  7.5852889476455573E-017  3.4591164642532467E-016  5.5595545884460464E-014  1.0220429126931449E-016  1.3212045999801104E-016  6.8052796245161513E-016  6.7460787722052352E-014  5.6196424431116125E-027  1.0474083550484185E-029 -2.3292104236611609E-029  5.5189997363634906E-027  1.8175072769247997E-029  5.2972135661545001E-027  5.7357066124759143E-017  1.7328753563301116E-016  3.9886807775117461E-016 -1.4904634590182908E-017  3.9831837564313224E-016 -2.7825053361334805E-017 -3.2760188749448848E-014 -9.0920483585817380E-017  2.0524169219215686E-015 -2.3427906583673352E-016 -1.5723110365231621E-014  3.1114347460684357E-015  8.0909561899259368E-017
 5.3940051053751464E-003  1.0324329846683885E-015 -6.7589163432746346E-016  1.4985852895509935E-016  1.8151132295047648E-001 -1.3031009851119163E-015  1.4224732503009818E-015 -1.6676132929990169E-015  3.5691974245517438E-001 -2.3980428135390480E-016  3.1918911957973251E-016 -8.1375964189598340E-016 -7.5096292575075083E-017 -6.8428150333973284E-017 -4.3499247370961675E-017  2.9002670946561611E-017 -5.0608630427635813E-017  5.7357066124759143E-017  2.1018154163694533E-001 -4.3386150069567093E-016  7.0082828429463007E-016 -1.0443434800572084E-002 -8.8300740499845146E-016  8.2898098108241669E-016 -5.3134198992792544E-016 -1.0130777882243305E-001 -4.3156174119866178E-015  4.0644571042136590E-015 -5.3462849227902965E-016  5.0956059924198836E-015  3.0793518683360094E-015
 9.8828401012796569E-016  5.3940051053775057E-003  1.0797145753238141E-015 -6.2676087041382499E-016 -8.3714575301791103E-016  1.8151132295047279E-001 -4.6083904874216443E-016 -1.0387175184469731E-016  7.9500328140404866E-016  3.5691974245516916E-001  2.6142928054797974E-015 -1.6903598360055138E-015  8.0827921703299694E-017 -1.1554850419092281E-016 -4.2145133833275534E-017  5.2358508861782877E-017 -4.1899875528231066E-017  1.7328753563301116E-016 -4.3386150069567093E-016  2.1018154163693661E-001  1.0134767374357976E-015  1.8067006745721793E-016 -1.0443434800573137E-002  7.6172797500306199E-016  3.5563931597676976E-016  1.7827931772445670E-016 -1.0130777882244246E-001  3.5409467041004953E-015 -5.6022264085370318E-016 -5.1416812882511744E-015 -3.2876779833780970E-015
-6.6092964434716350E-016 -7.5867690999928066E-016  5.3940051053747648E-003  5.9302725013310479E-016  9.2287288921966137E-016  1.7292264906982663E-015  1.8151132295047911E-001 -4.9092455311130771E-016 -1.8041124150158794E-016 -2.1625043734608637E-015  3.5691974245517066E-001  1.6595895426268468E-015  9.5303443466604616E-017 -2.5359204058072175E-016 -5.2428168315076133E-017  2.0752871912568179E-016 -2.0342257873590450E-017  3.9886807775117461E-016  7.0082828429463007E-016  1.0134767374357976E-015  2.1018154163694572E-001 -8.6833751994364050E-016  2.8739590258524731E-017 -1.0443434800571166E-002  4.9572930006311936E-015 -3.6620012577870398E-015  1.3358903935433997E-015 -1.0130777882242939E-001  4.4287655519112116E-015 -9.9911621942624624E-015 -5.5008844788106837E-015
-9.4839833365679494E-004  1.6486028220799651E-016  3.7051423398565958E-016 -3.2609482302767353E-017 -2.2230723424686724E-002 -1.9719286268465243E-016 -1.1224745091742427E-015  3.7509066616913567E-016 -4.6763746377029798E-002  5.4621210162247613E-016  6.2254888744117665E-016  2.2220667814726449E-016  8.3454447663502004E-017  2.0002994633725830E-016  4.1838064369691706E-019 -6.7888411418068832E-017 -9.8246862081262590E-017 -1.4904634590182908E-017 -1.0443434800572084E-002  1.8067006745721793E-016 -8.6833751994364050E-016  7.3371144788741210E-002  3.4088850977527042E-016 -2.4423517407719947E-016  4.1156726400588611E-016  3.8743035769164813E-001  1.7011536998498269E-015 -1.9318856410432961E-015  3.2216116208977855E-016 -1.8706531366394856E-015 -1.0900259018532215E-015
 5.3055396980752010E-016 -9.4839833365798734E-004 -7.8218080865485615E-016  6.6927184625686919E-016 -1.0904387562168707E-015 -2.2230723424685059E-002  1.1686658201387980E-015  3.9488471319162843E-016  9.5891628316670904E-016 -4.6763746377028285E-002 -1.3269786902623735E-015  2.5543092799907080E-016  2.0851857319471220E-016  4.2651640784570014E-017  2.7539989140271139E-017  9.9659369132165432E-017  4.9353604807758487E-018  3.9831837564313224E-016 -8.8300740499845146E-016 -1.0443434800573137E-002  2.8739590258524731E-017  3.4088850977527042E-016  7.3371144788744250E-002 -2.1391161698407579E-016  9.3925253952287579E-016  2.5513767848425960E-016  3.8743035769165590E-001 -1.0543210309915654E-015 -7.7913416589698074E-016  3.3240773661203515E-015  2.0196699681463764E-015
 1.1027521940303736E-016 -6.3686621028909437E-016 -9.4839833365675200E-004  1.9887460070467646E-016  1.0121027280152184E-016  1.2282242112361834E-015 -2.2230723424686603E-002 -3.9280354709172518E-016 -5.4231792667724932E-016 -1.0702949023942114E-015 -4.6763746377030624E-002  1.7249918762765566E-016  1.7536882782615263E-017 -1.8137303932082672E-016  5.7368986898587847E-017 -3.0455470520977885E-018  3.4140610718565516E-017 -2.7825053361334805E-017  8.2898098108241669E-016  7.6172797500306199E-016 -1.0443434800571166E-002 -2.4423517407719947E-016 -2.1391161698407579E-016  7.3371144788741904E-002 -2.5623077517618743E-015  3.7604197099944114E-016 -1.0987712929913899E-016  3.8743035769164968E-001 -1.8621718777908354E-015  2.1416789392029995E-015  1.0003780751407048E-015
 2.2399028821091615E-017  1.0170691839081068E-014 -8.5752043006497723E-015 -7.4084389922925657E-003 -4.8134778425805012E-016 -1.2983405950819141E-014  1.3768011292279392E-014 -4.6924392533244452E-001  8.3806666083568664E-016  6.8295006783866352E-015 -8.9530405481585927E-015 -4.9520187501682633E-001 -3.5914211081344302E-014  5.5233134955984372E-016  5.4901205193761973E-016 -3.4495228284437222E-014 -4.5677809119435750E-017 -3.2760188749448848E-014 -5.3134198992792544E-016  3.5563931597676976E-016  4.9572930006311936E-015  4.1156726400588611E-016  9.3925253952287579E-016 -2.5623077517618743E-015  1.0358901241451521E+000  3.5010012953341440E-016  5.3974423817299412E-015 -2.5735096058990008E-015  8.2142582315003598E-001 -4.8984017565454729E-001 -1.7778252930897653E-001
-6.1712017303445768E-003  6.3130181871780658E-016  2.1037858954908728E-015 -2.5594938751316294E-016 -1.5683680752589374E-001 -1.1732508245184893E-015 -5.6447901908285303E-015  7.5783025028619665E-016 -3.2440830951297756E-001  2.1557411824238808E-015  4.2431336222392702E-015 -8.4106002228718051E-016  4.5465777142792914E-016  1.0650799767229509E-015  1.1817820486210763E-017 -3.6275703901359170E-016 -5.0449702455889122E-016 -9.0920483585817380E-017 -1.0130777882243305E-001  1.7827931772445670E-016 -3.6620012577870398E-015  3.8743035769164813E-001  2.5513767848425960E-016  3.7604197099944114E-016  3.5010012953341440E-016  2.0560052355154452E+000  9.9746417792787409E-016 -1.4742981141457889E-015 -1.6718705992553010E-016 -9.9725243491411922E-016 -5.4081212343929502E-016
 2.5723167793448385E-015 -6.1712017303514255E-003 -4.3199641719333570E-015  3.5594641978042701E-015 -5.3389350709656455E-015 -1.5683680752588763E-001  7.2262213154595563E-015 -1.3676207182951921E-015  5.2513527400853870E-015 -3.2440830951297495E-001 -5.6490932918286552E-015 -2.6519458266489185E-015  1.0766216914539588E-015  2.4943429261228282E-016  1.5387784555895086E-016  5.1152411913527427E-016  3.5173380534717478E-017  2.0524169219215686E-015 -4.3156174119866178E-015 -1.0130777882244246E-001  1.3358903935433997E-015  1.7011536998498269E-015  3.8743035769165590E-001 -1.0987712929913899E-016  5.3974423817299412E-015  9.9746417792787409E-016  2.0560052355154448E+000 -4.2780823761359273E-016 -4.6857915570320809E-015  2.4701225833235597E-015  1.1206615132824304E-015
 7.2945122164824738E-016 -3.1816282928976489E-015 -6.1712017303442758E-003  9.7488447955724763E-016  3.6776137690708310E-016  5.8515648829481238E-015 -1.5683680752589424E-001 -1.8813554651548300E-015 -2.7026991755718655E-015 -5.5606865045101007E-015 -3.2440830951298216E-001  1.7944535697296652E-015  7.0969409459616295E-017 -8.9592219389287195E-016  3.1272284563024998E-016 -6.1889962401694089E-017  1.8370141290563731E-016 -2.3427906583673352E-016  4.0644571042136590E-015  3.5409467041004953E-015 -1.0130777882242939E-001 -1.9318856410432961E-015 -1.0543210309915654E-015  3.8743035769164968E-001 -2.5735096058990008E-015 -1.4742981141457889E-015 -4.2780823761359273E-016  2.0560052355154421E+000  2.9741122131261008E-017  1.5887202950013291E-015  8.2501647328000938E-016
 5.7328740240967993E-016  7.0447132336506726E-015 -7.2688800743238822E-015 -3.2035999798768885E-003 -1.0614204622478480E-015 -9.2209058577236836E-015  1.1892293025085891E-014 -2.7313805941650832E-001  1.2302370437827793E-015  4.6880002110306077E-015 -8.2939000920303798E-015 -2.6687931115937324E-001 -1.7687828307322767E-014  4.9724683438440245E-016  4.1453618344205658E-016 -1.6710317471988242E-014  1.9553500244805927E-018 -1.5723110365231621E-014 -5.3462849227902965E-016 -5.6022264085370318E-016  4.4287655519112116E-015  3.2216116208977855E-016 -7.7913416589698074E-016 -1.8621718777908354E-015  8.2142582315003598E-001 -1.6718705992553010E-016 -4.6857915570320809E-015  2.9741122131261008E-017  6.7676401265588382E-001 -3.9388925293126070E-001 -1.3901381939019128E-001
-2.1603053041586253E-015 -1.4887224499046214E-015  1.4969907641785826E-014  1.1318555935224332E-003  3.8115350837806535E-015  3.4648095737596108E-016 -2.3111622935098119E-014  1.3116450602751820E-001 -4.7050428180568138E-015  2.5698623679047695E-015  1.7769222665756502E-014  1.1976671872361888E-001  3.8017792186864008E-015 -6.5427036430795650E-016 -4.6893742347628997E-016  2.7981500763902059E-015 -1.0517632767770492E-016  3.1114347460684357E-015  5.0956059924198836E-015 -5.1416812882511744E-015 -9.9911621942624624E-015 -1.8706531366394856E-015  3.3240773661203515E-015  2.1416789392029995E-015 -4.8984017565454729E-001 -9.9725243491411922E-016  2.4701225833235597E-015  1.5887202950013291E-015 -3.9388925293126070E-001  1.1092296863840421E+000  6.2920165501174730E-001
-1.2250443062516914E-015  1.0586868797212810E-016  8.1676507049099618E-015  3.5917714825212230E-004  2.1626119084223195E-015 -1.1391753990212304E-015 -1.2476995555165585E-014  4.4947018313578460E-002 -2.7221549169551237E-015  2.3007113582679119E-015  9.7398556181657300E-015  4.0332691063325113E-002  2.3676128229950803E-016 -3.2697201484126743E-016 -2.2891774651425405E-016 -2.4500530632682723E-016 -6.3017138625115340E-017  8.0909561899259368E-017  3.0793518683360094E-015 -3.2876779833780970E-015 -5.5008844788106837E-015 -1.0900259018532215E-015  2.0196699681463764E-015  1.0003780751407048E-015 -1.7778252930897653E-001 -5.4081212343929502E-016  1.1206615132824304E-015  8.2501647328000938E-016 -1.3901381939019128E-001  6.2920165501174730E-001  3.7025983507664390E-001
