 3.0233659793449399E-002  2.2744088351271661E-004 -2.5924967058216702E-002 -9.6478483940470361E-017  4.6306998364039870E-002  6.4768016103574787E-005 -7.3826159043077905E-003 -1.1465900799408999E-016  4.0746276494673189E-002  3.7573285921215145E-006 -4.2828104812667883E-004 -1.6100382734119306E-016  1.0474838280703219E-018 -3.8843591113569681E-018 -1.6023995865763141E-017 -2.2262094986145204E-018  6.7467268861751575E-019  8.7673039875864593E-019  2.5289903569691657E-002 -4.5168591251458707E-006  5.1485652982608335E-004  1.3154757026208921E-016  1.2954385676639769E-016
 2.2744088351271661E-004  5.5878904259984437E-002  2.2990358759933079E-004 -5.1626536510074759E-017  6.4768016103438069E-005  5.3609958064754257E-002  6.5469316834739183E-005  1.2232295682484883E-016  3.7573285919862060E-006  4.1169936519195136E-002  3.7980125197379386E-006  3.5173749175070047E-017 -3.0814568122798498E-017 -7.1449536594680617E-020  1.5724897887797842E-018 -3.1907619948430012E-017  3.6837492219690300E-019 -3.1036863094917713E-017 -4.5168591252300725E-006  2.4780602186862163E-002 -4.5657671634769312E-006  7.9618885062241573E-016  1.0287398293725817E-015
-2.5924967058216702E-002  2.2990358759933079E-004  2.9675241553641863E-002 -3.3027646090824555E-017 -7.3826159043066421E-003  6.5469316834890727E-005  4.6147978398105728E-002  1.8497695953994907E-016 -4.2828104812553738E-004  3.7980125198865556E-006  4.0737051412593768E-002  9.4750792009202328E-017  1.7102862491833877E-017 -3.2531057599280001E-018 -1.4083581876600107E-017  1.1311209861567142E-017  2.6648807753332774E-018  1.7704826418102416E-017  5.1485652982647886E-004 -4.5657671633839202E-006  2.5300993469112423E-002  2.3735362186528541E-016  3.2562241125155959E-016
-9.6478483940470361E-017 -5.1626536510074759E-017 -3.3027646090824555E-017  1.9218628945111007E-003 -5.9743097789634931E-016 -6.4427734791075669E-017 -6.0634020978840884E-016  1.4522684843490941E-002 -6.4051149755736740E-016 -3.8448155214262573E-017 -6.1485813349985747E-016  1.2029619539487521E-002  3.3833867033409857E-005 -1.0625884071501791E-006  1.2111969064809762E-004 -6.9927100990915971E-005 -1.0740939938858043E-006  3.6093233958204638E-005 -4.0686751169304440E-016 -2.4146852730107439E-017 -3.9367091068205582E-016 -4.5615245275594449E-003 -2.6037400409296197E-003
 4.6306998364039870E-002  6.4768016103438069E-005 -7.3826159043066421E-003 -5.9743097789634931E-016  2.1135834269861303E-001 -1.4182294154464002E-003  1.6165761541455401E-001  5.8854827526358484E-016  2.1233857584935900E-001 -1.5327632050918401E-003  1.7471280882457987E-001 -1.1768974481238557E-016  8.1075636858868904E-017 -3.4551778890013593E-017 -1.4512277003471666E-016  3.8445458733469462E-017  1.5105926960380373E-017  8.2808043278974115E-017  1.3518329753218350E-001 -9.8798406523478797E-004  1.1261587604508859E-001 -1.0079263719094229E-016 -1.2867473306660789E-016
 6.4768016103574787E-005  5.3609958064754257E-002  6.5469316834890727E-005 -6.4427734791075669E-017 -1.4182294154464002E-003  5.1444964298813241E-002 -1.4335858426781239E-003 -3.1075926371084569E-017 -1.5327632050916456E-003  3.9510865647087522E-002 -1.5493597912053627E-003 -8.9816271209985478E-017 -3.1271612291506442E-017  2.3618555313437742E-019 -9.1681656764214639E-019 -2.8906530443069589E-017  2.5690069792619148E-019 -3.1568398929129998E-017 -9.8798406523462621E-004  2.3782512894596774E-002 -9.9868184461973934E-004 -5.5656472770776294E-016 -7.1659589821268741E-016
-7.3826159043077905E-003  6.5469316834739183E-005  4.6147978398105728E-002 -6.0634020978840884E-016  1.6165761541455401E-001 -1.4335858426781239E-003  2.1484041312317656E-001  4.0094280393624695E-016  1.7471280882457957E-001 -1.5493597912055520E-003  2.1610185234481197E-001 -2.7607680563680079E-016  9.5682888307907551E-017 -3.4227722662401988E-017 -1.5061869278201367E-016  5.5308931933778803E-017  1.7224619306095881E-017  9.8066109891583931E-017  1.1261587604508481E-001 -9.9868184461986836E-004  1.3760901939074213E-001 -9.5273626876990361E-016 -1.2530831138218211E-015
-1.1465900799408999E-016  1.2232295682484883E-016  1.8497695953994907E-016  1.4522684843490941E-002  5.8854827526358484E-016 -3.1075926371084569E-017  4.0094280393624695E-016  1.0974554456499536E-001  4.3188504546981184E-016  4.6990136813710352E-017  5.4014302996166006E-016  9.0900793421292356E-002  2.5505271388576818E-004 -8.0102004515062250E-006  9.1304685256038724E-004 -5.2713740537803063E-004 -8.0969339933403339E-006  2.7208469149753379E-004  2.9529269165402904E-016  1.7715902986868797E-017  3.5374567091116824E-016 -3.5749091514306948E-002 -2.1294997507277588E-002
 4.0746276494673189E-002  3.7573285919862060E-006 -4.2828104812553738E-004 -6.4051149755736740E-016  2.1233857584935900E-001 -1.5327632050916456E-003  1.7471280882457957E-001  4.3188504546981184E-016  2.1498384693410022E-001 -1.6375017286218406E-003  1.8665148374662582E-001 -2.6992991654395314E-016  8.5658234862190097E-017 -3.5752858481636267E-017 -1.5247541135341272E-016  4.2924041417523805E-017  1.5952566992506023E-017  8.7516876644187839E-017  1.3705449866046993E-001 -1.0535011809807225E-003  1.2008387846061554E-001 -2.0595322446546966E-016 -3.0139488998769679E-016
 3.7573285921215145E-006  4.1169936519195136E-002  3.7980125198865556E-006 -3.8448155214262573E-017 -1.5327632050918401E-003  3.9510865647087522E-002 -1.5493597912055520E-003  4.6990136813710352E-017 -1.6375017286218406E-003  3.0346276518899887E-002 -1.6552324115871866E-003 -8.2078982824890474E-018 -2.3980079276503356E-017  2.5552223156850360E-019  5.2716817512554439E-019 -2.2818249208176458E-017  1.5099969839637808E-019 -2.4196499549404841E-017 -1.0535011809806834E-003  1.8266289105707222E-002 -1.0649083722630744E-003 -2.8947390578393145E-016 -3.5982853828080524E-016
-4.2828104812667883E-004  3.7980125197379386E-006  4.0737051412593768E-002 -6.1485813349985747E-016  1.7471280882457987E-001 -1.5493597912053627E-003  2.1610185234481197E-001  5.4014302996166006E-016  1.8665148374662582E-001 -1.6552324115871866E-003  2.1900427993126204E-001 -1.7411276545127304E-016  9.8974592344795766E-017 -3.5661781205370832E-017 -1.5053383594646866E-016  5.2205231854083874E-017  1.7568144894978106E-017  1.0146198038838448E-016  1.2008387846061183E-001 -1.0649083722630819E-003  1.3964107969213377E-001  1.6334100473439766E-015  2.0477667494766598E-015
-1.6100382734119306E-016  3.5173749175070047E-017  9.4750792009202328E-017  1.2029619539487521E-002 -1.1768974481238557E-016 -8.9816271209985478E-017 -2.7607680563680079E-016  9.0900793421292356E-002 -2.6992991654395314E-016 -8.2078982824890474E-018 -1.7411276545127304E-016  7.5298496794896780E-002  2.1206557617615390E-004 -6.6601438900816198E-006  7.5915995526621718E-004 -4.3829252350384825E-004 -6.7322591726159467E-006  2.2622694733206991E-004 -1.5347794686366543E-016 -1.1916255281633084E-017 -1.1210502449611174E-016 -2.7954276129987698E-002 -1.5540925962762001E-002
 1.0474838280703219E-018 -3.0814568122798498E-017  1.7102862491833877E-017  3.3833867033409857E-005  8.1075636858868904E-017 -3.1271612291506442E-017  9.5682888307907551E-017  2.5505271388576818E-004  8.5658234862190097E-017 -2.3980079276503356E-017  9.8974592344795766E-017  2.1206557617615390E-004  6.9241197027465418E-007 -2.1745930840757306E-008  2.4787212043473415E-006 -1.4310620102915947E-006 -2.1981393313186170E-008  7.3865004003035771E-007  5.5557619317082985E-017 -1.4296251839984966E-017  6.2302824090441077E-017  1.2100685142058055E-004  2.0896741929669511E-004
-3.8843591113569681E-018 -7.1449536594680617E-020 -3.2531057599280001E-018 -1.0625884071501791E-006 -3.4551778890013593E-017  2.3618555313437742E-019 -3.4227722662401988E-017 -8.0102004515062250E-006 -3.5752858481636267E-017  2.5552223156850360E-019 -3.5661781205370832E-017 -6.6601438900816198E-006 -2.1745930840757306E-008  6.8295397600278861E-010 -7.7846863135359983E-008  4.4944017204514925E-008  6.9034892418515572E-010 -2.3198086364179005E-008 -2.2896275892917256E-017  1.6057208873468986E-019 -2.2815111838143619E-017 -3.8003482538434596E-006 -6.5628429937480593E-006
-1.6023995865763141E-017  1.5724897887797842E-018 -1.4083581876600107E-017  1.2111969064809762E-004 -1.4512277003471666E-016 -9.1681656764214639E-019 -1.5061869278201367E-016  9.1304685256038724E-004 -1.5247541135341272E-016  5.2716817512554439E-019 -1.5053383594646866E-016  7.5915995526621718E-004  2.4787212043473415E-006 -7.7846863135359983E-008  8.8734150659527362E-006 -5.1229671090733225E-006 -7.8689780138955339E-008  2.6442459047740133E-006 -9.5855395372200842E-017  9.7290313269515041E-019 -9.9432415075619878E-017  4.3318466659591869E-004  7.4806906216050317E-004
-2.2262094986145204E-018 -3.1907619948430012E-017  1.1311209861567142E-017 -6.9927100990915971E-005  3.8445458733469462E-017 -2.8906530443069589E-017  5.5308931933778803E-017 -5.2713740537803063E-004  4.2924041417523805E-017 -2.2818249208176458E-017  5.2205231854083874E-017 -4.3829252350384825E-004 -1.4310620102915947E-006  4.4944017204514925E-008 -5.1229671090733225E-006  2.9576878581222077E-006  4.5430665924652764E-008 -1.5266258478583438E-006  2.6674806348038630E-017 -1.4099554162438857E-017  3.4984674077375162E-017 -2.5009433038318714E-004 -4.3188932020944980E-004
 6.7467268861751575E-019  3.6837492219690300E-019  2.6648807753332774E-018 -1.0740939938858043E-006  1.5105926960380373E-017  2.5690069792619148E-019  1.7224619306095881E-017 -8.0969339933403339E-006  1.5952566992506023E-017  1.5099969839637808E-019  1.7568144894978106E-017 -6.7322591726159467E-006 -2.1981393313186170E-008  6.9034892418515572E-010 -7.8689780138955339E-008  4.5430665924652764E-008  6.9782394402760749E-010 -2.3449272611892539E-008  1.0226093716800112E-017  7.9860380661170411E-020  1.1246974919109557E-017 -3.8414979938049289E-006 -6.6339047134287399E-006
 8.7673039875864593E-019 -3.1036863094917713E-017  1.7704826418102416E-017  3.6093233958204638E-005  8.2808043278974115E-017 -3.1568398929129998E-017  9.8066109891583931E-017  2.7208469149753379E-004  8.7516876644187839E-017 -2.4196499549404841E-017  1.0146198038838448E-016  2.2622694733206991E-004  7.3865004003035771E-007 -2.3198086364179005E-008  2.6442459047740133E-006 -1.5266258478583438E-006 -2.3449272611892539E-008  7.8797580784229954E-007  5.6790960525582677E-017 -1.4415978730428190E-017  6.3828152262674987E-017  1.2908747896327896E-004  2.2292190091475792E-004
 2.5289903569691657E-002 -4.5168591252300725E-006  5.1485652982647886E-004 -4.0686751169304440E-016  1.3518329753218350E-001 -9.8798406523462621E-004  1.1261587604508481E-001  2.9529269165402904E-016  1.3705449866046993E-001 -1.0535011809806834E-003  1.2008387846061183E-001 -1.5347794686366543E-016  5.5557619317082985E-017 -2.2896275892917256E-017 -9.5855395372200842E-017  2.6674806348038630E-017  1.0226093716800112E-017  5.6790960525582677E-017  8.7394629228765258E-002 -6.7756787789093227E-004  7.7232925948623743E-002  7.8887581142515303E-016  9.7710939004636483E-016
-4.5168591251458707E-006  2.4780602186862163E-002 -4.5657671633839202E-006 -2.4146852730107439E-017 -9.8798406523478797E-004  2.3782512894596774E-002 -9.9868184461986836E-004  1.7715902986868797E-017 -1.0535011809807225E-003  1.8266289105707222E-002 -1.0649083722630819E-003 -1.1916255281633084E-017 -1.4296251839984966E-017  1.6057208873468986E-019  9.7290313269515041E-019 -1.4099554162438857E-017  7.9860380661170411E-020 -1.4415978730428190E-017 -6.7756787789093227E-004  1.0995023305630895E-002 -6.8490450601194650E-004  2.2415435495922236E-016  2.8567489253227484E-016
 5.1485652982608335E-004 -4.5657671634769312E-006  2.5300993469112423E-002 -3.9367091068205582E-016  1.1261587604508859E-001 -9.9868184461973934E-004  1.3760901939074213E-001  3.5374567091116824E-016  1.2008387846061554E-001 -1.0649083722630744E-003  1.3964107969213377E-001 -1.1210502449611174E-016  6.2302824090441077E-017 -2.2815111838143619E-017 -9.9432415075619878E-017  3.4984674077375162E-017  1.1246974919109557E-017  6.3828152262674987E-017  7.7232925948623743E-002 -6.8490450601194650E-004  8.9058209917861855E-002 -7.4755814463450280E-016 -9.5823188648519163E-016
 1.3154757026208921E-016  7.9618885062241573E-016  2.3735362186528541E-016 -4.5615245275594449E-003 -1.0079263719094229E-016 -5.5656472770776294E-016 -9.5273626876990361E-016 -3.5749091514306948E-002 -2.0595322446546966E-016 -2.8947390578393145E-016  1.6334100473439766E-015 -2.7954276129987698E-002  1.2100685142058055E-004 -3.8003482538434596E-006  4.3318466659591869E-004 -2.5009433038318714E-004 -3.8414979938049289E-006  1.2908747896327896E-004  7.8887581142515303E-016  2.2415435495922236E-016 -7.4755814463450280E-016  4.2958953966284946E-001  5.3622033841975436E-001
 1.2954385676639769E-016  1.0287398293725817E-015  3.2562241125155959E-016 -2.6037400409296197E-003 -1.2867473306660789E-016 -7.1659589821268741E-016 -1.2530831138218211E-015 -2.1294997507277588E-002 -3.0139488998769679E-016 -3.5982853828080524E-016  2.0477667494766598E-015 -1.5540925962762001E-002  2.0896741929669511E-004 -6.5628429937480593E-006  7.4806906216050317E-004 -4.3188932020944980E-004 -6.6339047134287399E-006  2.2292190091475792E-004  9.7710939004636483E-016  2.8567489253227484E-016 -9.5823188648519163E-016  5.3622033841975436E-001  6.7441523862226960E-001
