 8.5058527367018171E-008 -4.2070439559611953E-013  6.7532422830728378E-013  1.5555384623139303E-017 -2.5450237255318286E-007  1.3327474729002070E-012 -2.1373436416038082E-012  1.5359694340304297E-015  2.2044963525247603E-006 -1.2653336951462740E-011  2.0373230908274627E-011  2.0821399323814152E-015 -2.1116646457987309E-019  1.7255182263930562E-020 -3.5359503525638515E-019 -1.6697883120525105E-019  6.2445743401836312E-020  2.8458817986076975E-019  7.3605247741979354E-005 -4.0949199313030251E-010  6.5867972336569331E-010 -2.5812620103424399E-015  1.6871292497257456E-004 -9.1264646507972979E-010  1.4688106463082117E-009 -1.9168233620721933E-015  6.4974982723239740E-019  7.2515104486212365E-020  1.8192257652058807E-019  5.4760222693608271E-019  2.8834332067411775E-019  1.8361544746002336E-019  5.1217190082524476E-005 -4.0237404701223084E-010  6.4822679868501419E-010 -7.1542896906612009E-016 -3.7467776615294720E-004  5.3310494220311536E-010 -8.5294727942680635E-010 -1.0466968055215242E-015  3.0489268515561971E-015 -3.7830599052255388E-005  5.0507594339516188E-011 -8.0769700681769115E-011  1.5335904959477608E-015
-4.2070439559611953E-013  8.5058433388909926E-008  1.5806541005316307E-013  2.9818803661256602E-017  1.3327494724805771E-012 -2.5450208319113203E-007 -5.0546678920431965E-013  1.7439009005451708E-015 -1.2653354739446767E-011  2.2044932695269496E-006  4.6087705661388320E-012  2.5645008328543879E-015 -1.5436847519751443E-020  2.9462152651719610E-019  7.9210562669080063E-020  1.3675768119411343E-019 -3.1390536470944397E-019  5.1093559180655133E-019 -4.0949253360793720E-010  7.3605150649353287E-005  1.5066949647933517E-010 -3.1572323269350930E-016 -9.1264773935457693E-010  1.6871270529234336E-004  3.3393911176110573E-010  2.0740340972329585E-016  1.5292280067720243E-018  8.5291539161744198E-020 -4.4678609334638575E-019  1.2841651373169654E-018  2.5812513690625069E-019  1.2809949069856028E-018 -4.0237413745382575E-010  5.1217090540251052E-005  1.4570667493105975E-010 -1.4158144020850093E-015  5.3311127898578066E-010 -3.7467765873941731E-004 -2.0690780692519366E-010 -1.0584008472229695E-015  3.8774774352196123E-015  5.0508241920413801E-011 -3.7830589043984862E-005 -1.9698277507070593E-011  2.0166355649384878E-015
 6.7532422830728378E-013  1.5806541005316307E-013  8.5058440509948008E-008 -1.2036713436559299E-017 -2.1373445231765091E-012 -5.0546691360588454E-013 -2.5450210060083748E-007 -6.7521322313209609E-016  2.0373239718529010E-011  4.6087479187026467E-012  2.2044936416576948E-006 -9.7651683952951716E-016  3.8516648457990151E-019 -5.2715517913276385E-020  1.0134088267770570E-020  2.9418719988302642E-019 -1.0588683365322750E-019 -9.6054675457814835E-020  6.5868011272471631E-010  1.5066840192246842E-010  7.3605161041494360E-005  3.0525203203145622E-016  1.4688114724431621E-009  3.3393674013162294E-010  1.6871273047878635E-004  2.0966509982433257E-016  1.0224102300750460E-019 -3.5139529614843209E-020 -2.3798251285336845E-019 -8.2282167423278262E-021  2.1857005847869329E-019  3.4862787788441866E-019  6.4822762754571659E-010  1.4570486463593047E-010  5.1217103300493913E-005  1.2855438233253527E-015 -8.5294226160447385E-010 -2.0691542425690383E-010 -3.7467766057279760E-004  1.4277747766614437E-015  2.3709169227020620E-015 -8.0769178986553604E-011 -1.9699075040925255E-011 -3.7830589113995937E-005  1.5020152192991552E-015
 1.5555384623139303E-017  2.9818803661256602E-017 -1.2036713436559299E-017  1.1986264300012158E-004 -2.1085650275085688E-017 -4.5921148323118890E-017  2.4731735717679248E-017  6.5487280307759028E-003  1.7486221127091069E-017  1.3292457477092719E-017 -7.7219846853342123E-017  9.6853840312042562E-003  2.7547545095769970E-010 -2.4880877780579303E-010  5.4697299955408559E-010 -3.0288411114759962E-010 -2.5338948921699677E-010  2.7409701310103776E-011 -2.7957968944551337E-016 -5.5336229956611907E-016 -2.7390457669545494E-015 -1.1824723196632103E-003 -5.1529564463382251E-016 -1.2490603331710017E-015 -6.2046609298438142E-015  1.2075323977915201E-003  1.7177391368349817E-010 -7.1469768722422939E-011  2.1301321877884980E-010 -1.9518459735190856E-010 -2.0416450309069779E-010  2.3411615054080291E-011 -9.0217076728503608E-016 -6.0459392601419741E-017 -2.2049457790372994E-015 -6.6552648191924003E-004 -7.5251562611827014E-015  6.7029433386841013E-015  1.0214026655016459E-014 -2.0076670785377300E-004  1.5996561590650318E-004 -7.7923771855396100E-016  6.8540552288219753E-016  1.0231234845804744E-015  7.7696118526255308E-005
-2.5450237255318286E-007  1.3327494724805771E-012 -2.1373445231765091E-012 -2.1085650275085688E-017  8.0447537476517379E-007 -4.0828478738649415E-012  6.5350945404726609E-012 -1.5391115901496976E-015 -8.0870918202034069E-006  3.4739488995014049E-011 -5.5771518650106022E-011 -2.1536516126366787E-015  4.8140049467200652E-019 -1.7599517877781535E-019  9.9519506103776649E-019  4.6765372572899989E-019 -4.0494402195497290E-020 -6.7412533305462957E-019 -2.8042595250047454E-004  1.0655255661825646E-009 -1.7066965198140206E-009  1.9164312957654416E-015 -6.3854021566532614E-004  2.3620006770559216E-009 -3.7862098102472812E-009  1.3188092971811118E-015 -2.3592752902358547E-018 -2.5866102630557313E-019 -5.8125451941260839E-019 -1.9138567769712670E-018 -9.3514304337114495E-019 -8.2350003888456620E-019 -2.2790164529259735E-004  1.0414860444056341E-009 -1.6711456378329208E-009  1.1599442061063988E-015  1.0156107429301114E-003 -1.3705614459665659E-009  2.1858546263947250E-009  1.1489495213079791E-015 -5.7147339385355678E-015  1.0165645121425155E-004 -1.2977346942960872E-010  2.0687983589031580E-010 -3.0060855832687287E-015
 1.3327474729002070E-012 -2.5450208319113203E-007 -5.0546691360588454E-013 -4.5921148323118890E-017 -4.0828478738649415E-012  8.0447454064431007E-007  1.5781393870725238E-012 -2.7544034099508008E-015  3.4739511051300562E-011 -8.0870840313700757E-006 -1.3035975807335235E-011 -4.0437318516346701E-015 -2.6441580994730971E-019 -9.0006191357176308E-019  2.7482190872424621E-020 -3.7912148457616748E-019  8.2865356460917554E-019 -1.7899244116492249E-018  1.0655263648874455E-009 -2.8042572986897862E-004 -4.0905402730947316E-010  8.0437447093896977E-016  2.3620025262145996E-009 -6.3853971013600895E-004 -8.9996437050361009E-010 -2.6045413084148362E-016 -4.7578746469727215E-018 -3.3652657285419023E-019  1.1606938312966398E-018 -4.3253614867260660E-018 -8.0506312575090299E-019 -4.1858117300950107E-018  1.0414864180609409E-009 -2.2790141542438985E-004 -3.9287967281783436E-010  1.5994774254716804E-016 -1.3705677835634608E-009  1.0156104957304440E-003  5.4834746300877490E-010 -1.8802826560945819E-016 -4.0636015350288042E-015 -1.2977411431573046E-010  1.0165642818476338E-004  5.2134589980343874E-011 -2.2817354843630973E-015
-2.1373436416038082E-012 -5.0546678920431965E-013 -2.5450210060083748E-007  2.4731735717679248E-017  6.5350945404726609E-012  1.5781393870725238E-012  8.0447456172203241E-007  1.1532929180770032E-015 -5.5771479943241432E-011 -1.3035963437422101E-011 -8.0870846367376689E-006  1.6979277086733314E-015 -1.5011280146724086E-018  2.5075857816466787E-019 -1.9951154586958308E-019 -5.4437307497927254E-019  1.7408949337560601E-019 -1.8372481608032205E-020 -1.7066950728039198E-009 -4.0905324354758079E-010 -2.8042573841629512E-004 -2.6847200380372669E-016 -3.7862064674893531E-009 -8.9996271941082839E-010 -6.3853973648326883E-004 -2.4955339694607840E-016 -1.2249827351126537E-020 -3.3124746296325362E-020  6.6383512097687686E-019  2.9355637624334593E-019 -2.3185274122967600E-019 -4.7952790125230716E-019 -1.6711449488630977E-009 -3.9287805381707813E-010 -2.2790143133144574E-004 -3.5488644191452446E-015  2.1858433011610326E-009  5.4835700494226957E-010  1.0156104825973906E-003 -3.5704092879365518E-015 -1.6230780480084229E-015  2.0687868393397786E-010  5.2135582553279071E-011  1.0165642670903072E-004 -1.3645514760959159E-015
 1.5359694340304297E-015  1.7439009005451708E-015 -6.7521322313209609E-016  6.5487280307759028E-003 -1.5391115901496976E-015 -2.7544034099508008E-015  1.1532929180770032E-015  4.4465549812888810E-001  1.0485568270986792E-015  2.1229358101417411E-015 -2.1089763167423659E-016  6.3434818246117541E-001  1.8431947095514878E-008 -1.7721563867327272E-008  3.8241142517793805E-008 -2.0184740200411547E-008 -1.6361751719436428E-008  1.7528551888643776E-009 -1.6358836069827074E-017 -3.9958351083517891E-016  6.7115817926096873E-015 -3.7983874191773864E-001 -4.9463087238469945E-016  1.3784630613997885E-015  1.4579007057058825E-014 -1.7984642767498066E-001  1.1022800015762353E-008 -1.1465623437408886E-008  2.4197049590438709E-008 -1.2005480075720252E-008 -9.3060939432154432E-009  9.8271761224313784E-010  1.7293615246222400E-015 -6.1162487583893748E-016  5.1589339877324442E-015  1.2424253374359290E-001  2.0516538325339265E-014 -1.2931399476778827E-014 -2.6094733474160374E-014  7.1509744285980406E-002 -3.1917059775091398E-002  2.1175435021147612E-015 -1.3283760541163669E-015 -2.6168771933465788E-015 -1.0521394860727210E-002
 2.2044963525247603E-006 -1.2653354739446767E-011  2.0373239718529010E-011  1.7486221127091069E-017 -8.0870918202034069E-006  3.4739511051300562E-011 -5.5771479943241432E-011  1.0485568270986792E-015  1.0885887515069287E-004 -1.7561837652956134E-010  2.8448199753265181E-010  1.5595152058443119E-015 -2.5190988370218583E-019  4.7585223071178067E-018 -6.9799663883142055E-018 -3.2218665484810905E-018 -3.4605794301836266E-018  1.2225352476751300E-018  3.9957242058744711E-003 -3.4409248552935018E-009  5.5541276812107188E-009 -3.4696822459731039E-016  9.0118845115800331E-003 -7.1876531735779469E-009  1.1652606114829350E-008 -4.7807826298085489E-017  3.1243406630530927E-017  3.3222464201956803E-018  6.0019776229466078E-018  2.3743939900104726E-017  9.9842077016255148E-018  1.4267538680613537E-017  3.9171891055661675E-003 -3.1537282191827559E-009  5.1243018307344651E-009 -5.9399632381115216E-016 -6.0524036908034453E-003  4.0545667498906887E-009 -6.5501264373915048E-009 -3.0206250993768414E-016  4.9263777810023667E-015 -5.8029342585626047E-004  3.8285036348011275E-010 -6.1827911557464687E-010  2.6937888836832572E-015
-1.2653336951462740E-011  2.2044932695269496E-006  4.6087479187026467E-012  1.3292457477092719E-017  3.4739488995014049E-011 -8.0870840313700757E-006 -1.3035963437422101E-011  2.1229358101417411E-015 -1.7561837652956134E-010  1.0885882523647305E-004  5.9929413773142749E-011  3.0066073980490111E-015  1.0376438912121683E-017  8.2769885535456782E-018 -7.1185005247109585E-018  2.4993638031262386E-018 -4.3013274312015261E-018  2.2301900371839461E-017 -3.4409261750502538E-009  3.9957233099803440E-003  1.2207135954084639E-009 -1.6991699750746962E-015 -7.1876561129388956E-009  9.0118824296588091E-003  2.4306513975420813E-009 -7.6485307477309425E-016  4.5958479827503183E-017  5.0315912295625494E-018 -5.4687870505663160E-018  5.0037063584023013E-017  7.8238319488589777E-018  4.5444506328526112E-017 -3.1537293155221371E-009  3.9171881444330951E-003  1.0395021796755231E-009  7.2332560044812650E-016  4.0545709838763601E-009 -6.0524026123433359E-003 -1.4255006839469246E-009  5.9304019995648114E-016  1.6389296653225089E-015  3.8285078605063235E-010 -5.8029332490768090E-004 -1.3510328039352098E-010  9.7651070273647233E-016
 2.0373230908274627E-011  4.6087705661388320E-012  2.2044936416576948E-006 -7.7219846853342123E-017 -5.5771518650106022E-011 -1.3035975807335235E-011 -8.0870846367376689E-006 -2.1089763167423659E-016  2.8448199753265181E-010  5.9929413773142749E-011  1.0885883478897081E-004 -6.5384175467180948E-016  2.2077476340260729E-017 -4.5928902125343927E-018  6.1306723388465504E-018 -4.0257320331474937E-018  2.2075085375546579E-018  8.1177330287939211E-018  5.5541251270472408E-009  1.2207128924074253E-009  3.9957234465752868E-003  1.2658863004159782E-015  1.1652600365955751E-008  2.4306499147602609E-009  9.0118828446760484E-003  1.2338852311526639E-015 -7.5376211880954608E-018  3.8861005199915028E-018 -4.4957283043377317E-018 -9.5422912120040219E-018 -8.9785216260801948E-018 -1.0515481810573336E-017  5.1242998214909991E-009  1.0395014219276484E-009  3.9171883558838634E-003  2.4408829790150596E-015 -6.5501166508948050E-009 -1.4255010606414896E-009 -6.0524027873426903E-003  2.5391915888158593E-015 -3.0459579041384115E-015 -6.1827813399898627E-010 -1.3510332680235160E-010 -5.8029334088703839E-004 -1.3468715528029445E-015
 2.0821399323814152E-015  2.5645008328543879E-015 -9.7651683952951716E-016  9.6853840312042562E-003 -2.1536516126366787E-015 -4.0437318516346701E-015  1.6979277086733314E-015  6.3434818246117541E-001  1.5595152058443119E-015  3.0066073980490111E-015 -6.5384175467180948E-016  9.0999451773040119E-001  2.6353907899405659E-008 -2.5102493505976018E-008  5.4316275441570160E-008 -2.8877846085906084E-008 -2.3523989963873313E-008  2.5240286163575351E-009 -8.4147313023963708E-016 -1.2738351699658951E-015 -6.3172766279261886E-015 -4.7682637854283338E-001 -1.4981845126354165E-015  4.4073636294918411E-016 -1.4778382670444492E-014 -1.9994575223190436E-001  1.5864287418131817E-008 -1.4918495642203000E-008  3.2402264652544104E-008 -1.7398156183570322E-008 -1.4266935528310083E-008  1.5339276919523524E-009 -2.1559707486573777E-015  9.1706770265927235E-016 -5.3753348730221897E-015  1.3835567243088953E-001 -1.7960423465641371E-014  1.3302744254098442E-014  2.2735833218161628E-014  8.1484717756119637E-002 -3.5477834880638826E-002 -1.8605943233174868E-015  1.3730105121692721E-015  2.2736909904104415E-015 -1.1421556723907749E-002
-2.1116646457987309E-019 -1.5436847519751443E-020  3.8516648457990151E-019  2.7547545095769970E-010  4.8140049467200652E-019 -2.6441580994730971E-019 -1.5011280146724086E-018  1.8431947095514878E-008 -2.5190988370218583E-019  1.0376438912121683E-017  2.2077476340260729E-017  2.6353907899405659E-008  7.6473381205661788E-016 -7.3251062951153943E-016  1.5824010960106813E-015 -8.3766414959756293E-016 -6.8035920711516330E-016  7.2932932769250329E-017  2.8044167717269738E-017  4.2169278224576482E-016  8.2156459746831574E-016 -1.4990799896046102E-008  4.9454145289319951E-017  9.3597631631885331E-016  1.8487993248076352E-015 -6.7943290113453042E-009  4.5853239824164900E-016 -4.5863552625749005E-016  9.7852936985473231E-016 -5.0079397038435924E-016 -3.9722544509349503E-016  4.2263194561131817E-017  1.3429915314137073E-016  5.3032137939156012E-016  8.3748836591680835E-016  4.7354108613329461E-009  1.2998382684398285E-015  8.3063909283506205E-016 -8.4137326503734951E-016  2.7611859887876727E-009 -1.2246105163636357E-009  1.3435321354355073E-016  9.0288052272670775E-017 -7.7748511607330451E-017 -4.0003244728124201E-010
 1.7255182263930562E-020  2.9462152651719610E-019 -5.2715517913276385E-020 -2.4880877780579303E-010 -1.7599517877781535E-019 -9.0006191357176308E-019  2.5075857816466787E-019 -1.7721563867327272E-008  4.7585223071178067E-018  8.2769885535456782E-018 -4.5928902125343927E-018 -2.5102493505976018E-008 -7.3251062951153943E-016  7.1269862409673028E-016 -1.5326399536134598E-015  8.0153308310034846E-016  6.4559334141012564E-016 -6.9024861674517088E-017  1.8896673640756803E-016  2.8082504428271074E-016 -1.7587083200281907E-016  1.7477025942090895E-008  4.2090194958081587E-016  6.4187243535315032E-016 -3.9396084591184515E-016  9.1894930704962663E-009 -4.3431069083589735E-016  5.0879717042993483E-016 -1.0406805342587426E-015  4.6872129103917368E-016  3.3520334613446234E-016 -3.4411918629051415E-017  2.2620939637230582E-016  2.0946364536109429E-016 -1.9327893886654365E-016 -6.4669367139929262E-009  2.2850332269151774E-016 -1.2528568937294977E-015  4.1711390246491202E-018 -3.7052200311366496E-009  1.6295590892619892E-009  2.5638505224144950E-017 -1.2611800126740644E-016 -1.5002829444251932E-018  5.3082645222460240E-010
-3.5359503525638515E-019  7.9210562669080063E-020  1.0134088267770570E-020  5.4697299955408559E-010  9.9519506103776649E-019  2.7482190872424621E-020 -1.9951154586958308E-019  3.8241142517793805E-008 -6.9799663883142055E-018 -7.1185005247109585E-018  6.1306723388465504E-018  5.4316275441570160E-008  1.5824010960106813E-015 -1.5326399536134598E-015  3.3002200729653205E-015 -1.7320322463462557E-015 -1.3984796219370557E-015  1.4963640138446157E-016 -2.1778301280625253E-016 -3.0168130633930794E-016  2.4564918375983183E-016 -3.5790711970829866E-008 -5.0539857728177351E-016 -6.6546624678350903E-016  5.4640549455146272E-016 -1.8162528320539314E-008  9.4130364042531995E-016 -1.0553567384492030E-015  2.1830035083891515E-015 -1.0194624542049165E-015 -7.5264479354291579E-016  7.8161810319970492E-017 -1.0345642483249880E-016 -4.1141599409022064E-016  2.9986959968956317E-016  1.2753808581965451E-008  1.7129160322594171E-015 -9.9667959955854528E-016  3.7001961257171097E-016  7.3362577107788133E-009 -3.2326704040737064E-009  1.7425342161360734E-016 -1.0609362877174867E-016  4.0854495523712699E-017 -1.0537118104748129E-009
-1.6697883120525105E-019  1.3675768119411343E-019  2.9418719988302642E-019 -3.0288411114759962E-010  4.6765372572899989E-019 -3.7912148457616748E-019 -5.4437307497927254E-019 -2.0184740200411547E-008 -3.2218665484810905E-018  2.4993638031262386E-018 -4.0257320331474937E-018 -2.8877846085906084E-008 -8.3766414959756293E-016  8.0153308310034846E-016 -1.7320322463462557E-015  9.1761268784142457E-016  7.4570356826179984E-016 -7.9951386846523903E-017 -9.9864886387666870E-017  7.6144760896763725E-017 -2.1573596098505670E-016  1.6184934626658911E-008 -2.3203778666445699E-016  1.7750617119995343E-016 -4.6142284351536308E-016  7.2397549983965653E-009 -5.0263139127425105E-016  4.9712588799701344E-016 -1.0640402770876916E-015  5.4938180164229899E-016  4.3852793776927410E-016 -4.6752205308273516E-017 -4.5223878481956370E-017  2.9972144612984931E-017 -4.0615654345112704E-016 -5.0411586223697319E-009  8.1331486886605298E-016 -6.7681568579464297E-016 -2.1196748924069190E-015 -2.9444197932132829E-009  1.3069157619837876E-009  8.2776668553041345E-017 -6.8960597203831547E-017 -2.2095877497840705E-016  4.2703111867497034E-010
 6.2445743401836312E-020 -3.1390536470944397E-019 -1.0588683365322750E-019 -2.5338948921699677E-010 -4.0494402195497290E-020  8.2865356460917554E-019  1.7408949337560601E-019 -1.6361751719436428E-008 -3.4605794301836266E-018 -4.3013274312015261E-018  2.2075085375546579E-018 -2.3523989963873313E-008 -6.8035920711516330E-016  6.4559334141012564E-016 -1.3984796219370557E-015  7.4570356826179984E-016  6.0865792045700763E-016 -6.5346712952681573E-017 -1.5100707945292370E-016 -1.1685880185919471E-016  1.0827709131866737E-016  1.1616763381974879E-008 -3.3170543611931316E-016 -2.7873654466232696E-016  2.3412567566083510E-016  4.5653960143704635E-009 -4.1064525755363741E-016  3.6969888172471591E-016 -8.1353208657479134E-016  4.5159283794240403E-016  3.7838123177356819E-016 -4.0949153794414376E-017 -2.1673414729640249E-016  2.9212248677844179E-018  1.8419076598597284E-016 -3.1476185179665137E-009 -6.3461079886532636E-016  1.6535117777053261E-015  8.1680273302580437E-016 -1.8715488672199555E-009  8.3762853888701416E-010 -6.7101543187622529E-017  1.6923516252581313E-016  8.5421004296853387E-017  2.7444095349061743E-010
 2.8458817986076975E-019  5.1093559180655133E-019 -9.6054675457814835E-020  2.7409701310103776E-011 -6.7412533305462957E-019 -1.7899244116492249E-018 -1.8372481608032205E-020  1.7528551888643776E-009  1.2225352476751300E-018  2.2301900371839461E-017  8.1177330287939211E-018  2.5240286163575351E-009  7.2932932769250329E-017 -6.9024861674517088E-017  1.4963640138446157E-016 -7.9951386846523903E-017 -6.5346712952681573E-017  7.0187074610110363E-018 -2.1341055416874629E-018  8.0787567388811674E-016  3.4508557222197920E-016 -1.1941636372790030E-009  1.2576785124438972E-017  1.8260367321857543E-015  7.6086836683485484E-016 -4.4543016093111614E-010  4.4100583696542752E-017 -3.8491428193734301E-017  8.5513499007989656E-017 -4.8589608148771289E-017 -4.1304160057820377E-017  4.4891969813019295E-018 -1.3672182522198272E-016  7.6127368704657564E-016  4.7325314329575365E-016  3.0574992028629978E-010 -1.6887636673152626E-015 -1.6098296799806280E-015  1.1733162086249892E-015  1.8323557184461938E-010 -8.2303340890734765E-011 -1.7417661719183659E-016 -1.5714557937629657E-016  1.2478564390797516E-016 -2.6997428369991909E-011
 7.3605247741979354E-005 -4.0949253360793720E-010  6.5868011272471631E-010 -2.7957968944551337E-016 -2.8042595250047454E-004  1.0655263648874455E-009 -1.7066950728039198E-009 -1.6358836069827074E-017  3.9957242058744711E-003 -3.4409261750502538E-009  5.5541251270472408E-009 -8.4147313023963708E-016  2.8044167717269738E-017  1.8896673640756803E-016 -2.1778301280625253E-016 -9.9864886387666870E-017 -1.5100707945292370E-016 -2.1341055416874629E-018  1.4798812233900155E-001 -1.4502644224428407E-008  2.1972426857141958E-008 -1.6509690451640989E-015  3.3328036310584785E-001 -1.1709977577797820E-008  1.7561312182223787E-008 -4.6558095589105960E-015  1.1437291817247139E-015  1.2098613474417783E-016  2.0940297034861661E-016  8.5945057070749581E-016  3.5088782439556370E-016  5.4275246944573681E-016  1.4886818028986898E-001 -3.9790477426393696E-009  6.1473597670613778E-009  4.0227436372062867E-015 -1.7654462453610506E-001  6.1727324711661192E-009 -9.3736549910961031E-009  1.6900815904643193E-015 -6.1160366248483901E-015 -1.6581727927691792E-002  5.7331781017364652E-010 -8.7023329839973351E-010 -3.2011411485382119E-015
-4.0949199313030251E-010  7.3605150649353287E-005  1.5066840192246842E-010 -5.5336229956611907E-016  1.0655255661825646E-009 -2.8042572986897862E-004 -4.0905324354758079E-010 -3.9958351083517891E-016 -3.4409248552935018E-009  3.9957233099803440E-003  1.2207128924074253E-009 -1.2738351699658951E-015  4.2169278224576482E-016  2.8082504428271074E-016 -3.0168130633930794E-016  7.6144760896763725E-017 -1.1685880185919471E-016  8.0787567388811674E-016 -1.4502644224428407E-008  1.4798812452404209E-001  8.5221594249470622E-009 -2.1897168467528397E-015 -1.1709975387269716E-008  3.3328036561705748E-001  7.3042843846793198E-009 -3.3858650488169982E-015  1.5786520444724498E-015  1.8769006766068316E-016 -1.3993301531939978E-016  1.7876256385417214E-015  2.6913498837725788E-016  1.6028084684501303E-015 -3.9790471596573433E-009  1.4886818039631908E-001  2.0588555941416744E-009 -1.9901344766684627E-015  6.1727306138403945E-009 -1.7654462537661800E-001 -3.5765576809919942E-009 -2.6585282429303518E-015  3.0172758859815815E-015  5.7331762963457583E-010 -1.6581728007348029E-002 -3.3308829617429588E-010  1.2634622816327315E-015
 6.5867972336569331E-010  1.5066949647933517E-010  7.3605161041494360E-005 -2.7390457669545494E-015 -1.7066965198140206E-009 -4.0905402730947316E-010 -2.8042573841629512E-004  6.7115817926096873E-015  5.5541276812107188E-009  1.2207135954084639E-009  3.9957234465752868E-003 -6.3172766279261886E-015  8.2156459746831574E-016 -1.7587083200281907E-016  2.4564918375983183E-016 -2.1573596098505670E-016  1.0827709131866737E-016  3.4508557222197920E-016  2.1972426857141958E-008  8.5221594249470622E-009  1.4798812142743867E-001  1.0746380283405822E-016  1.7561314194503019E-008  7.3042876483483258E-009  3.3328036265660388E-001 -2.3319157805656979E-015 -3.2279019191345981E-016  1.6323756115582518E-016 -1.3843660888145971E-016 -3.8372504503254286E-016 -4.0199781753779134E-016 -4.8757837736723404E-016  6.1473598225725290E-009  2.0588571736834635E-009  1.4886817985045719E-001 -3.2740271688468303E-015 -9.3736641469666093E-009 -3.5765594887092590E-009 -1.7654462411374650E-001 -3.0322480161610249E-015  5.2826991892833788E-015 -8.7023422213998447E-010 -3.3308847913307583E-010 -1.6581727889073989E-002  2.5101273917809258E-015
-2.5812620103424399E-015 -3.1572323269350930E-016  3.0525203203145622E-016 -1.1824723196632103E-003  1.9164312957654416E-015  8.0437447093896977E-016 -2.6847200380372669E-016 -3.7983874191773864E-001 -3.4696822459731039E-016 -1.6991699750746962E-015  1.2658863004159782E-015 -4.7682637854283338E-001 -1.4990799896046102E-008  1.7477025942090895E-008 -3.5790711970829866E-008  1.6184934626658911E-008  1.1616763381974879E-008 -1.1941636372790030E-009 -1.6509690451640989E-015 -2.1897168467528397E-015  1.0746380283405822E-016  1.1827658988945813E+000  4.0761979056489239E-015 -3.2682794977150553E-015  7.2416375526895435E-015  8.8918900304428661E-001 -7.5816796176511443E-009  2.8883315677086479E-008 -4.8776148891886049E-008  6.6716871124859138E-009 -5.1827842318324642E-009  9.1002032143848591E-010 -1.1358931342921001E-015 -3.1301194880553212E-015 -8.8154237723299079E-016 -7.2007200739034005E-001  6.2194977944811983E-015 -4.6406972437756038E-015 -6.2286358546964086E-015 -4.3016663935305127E-001  1.9874327309770196E-001  6.1953464593041813E-016 -4.8709988409840277E-016 -6.8132887606018673E-016  6.5034106820139062E-002
 1.6871292497257456E-004 -9.1264773935457693E-010  1.4688114724431621E-009 -5.1529564463382251E-016 -6.3854021566532614E-004  2.3620025262145996E-009 -3.7862064674893531E-009 -4.9463087238469945E-016  9.0118845115800331E-003 -7.1876561129388956E-009  1.1652600365955751E-008 -1.4981845126354165E-015  4.9454145289319951E-017  4.2090194958081587E-016 -5.0539857728177351E-016 -2.3203778666445699E-016 -3.3170543611931316E-016  1.2576785124438972E-017  3.3328036310584785E-001 -1.1709975387269716E-008  1.7561314194503019E-008  4.0761979056489239E-015  7.5075182549933461E-001  2.0769715394100944E-008 -3.2279275918867256E-008 -4.1572980325747681E-015  2.5806850558795525E-015  2.7322494998396396E-016  4.7631633142021921E-016  1.9428609593854450E-015  7.9715334483546722E-016  1.2170660908068864E-015  3.3387325766217901E-001  1.2294022658062800E-008 -1.8535526252749790E-008 -7.1686856880400247E-016 -4.1504917515000350E-001 -9.0565539521674106E-009  1.3930544023876834E-008 -2.7697398518372751E-015  4.2242765325179011E-015 -3.9143587472204956E-002 -8.4773222220860108E-010  1.3053037583102278E-009  1.9979347735223271E-015
-9.1264646507972979E-010  1.6871270529234336E-004  3.3393674013162294E-010 -1.2490603331710017E-015  2.3620006770559216E-009 -6.3853971013600895E-004 -8.9996271941082839E-010  1.3784630613997885E-015 -7.1876531735779469E-009  9.0118824296588091E-003  2.4306499147602609E-009  4.4073636294918411E-016  9.3597631631885331E-016  6.4187243535315032E-016 -6.6546624678350903E-016  1.7750617119995343E-016 -2.7873654466232696E-016  1.8260367321857543E-015 -1.1709977577797820E-008  3.3328036561705748E-001  7.3042876483483258E-009 -3.2682794977150553E-015  2.0769715394100944E-008  7.5075182573802446E-001 -1.0296725354103299E-008 -4.5946449270570968E-015  3.6005197709936725E-015  4.2220270849190734E-016 -3.3809659098343235E-016  4.0499113191229659E-015  6.1367776817087734E-016  3.6390866607442496E-015  1.2294021928019555E-008  3.3387325543364876E-001 -7.4374816230295126E-009  4.1433342240877631E-015 -9.0565534895517373E-009 -4.1504917465374885E-001  4.8299703175535598E-009  2.4985191507809865E-015 -4.2162749363685120E-015 -8.4773217199552843E-010 -3.9143587431334025E-002  4.4894420541152227E-010 -2.1265138892461207E-015
 1.4688106463082117E-009  3.3393911176110573E-010  1.6871273047878635E-004 -6.2046609298438142E-015 -3.7862098102472812E-009 -8.9996437050361009E-010 -6.3853973648326883E-004  1.4579007057058825E-014  1.1652606114829350E-008  2.4306513975420813E-009  9.0118828446760484E-003 -1.4778382670444492E-014  1.8487993248076352E-015 -3.9396084591184515E-016  5.4640549455146272E-016 -4.6142284351536308E-016  2.3412567566083510E-016  7.6086836683485484E-016  1.7561312182223787E-008  7.3042843846793198E-009  3.3328036265660388E-001  7.2416375526895435E-015 -3.2279275918867256E-008 -1.0296725354103299E-008  7.5075182809795793E-001  1.9015028749461383E-015 -7.1095552227664965E-016  3.6054347181026031E-016 -3.2206064520558261E-016 -8.5306578531821993E-016 -8.7986214570605701E-016 -1.0620899123398797E-015 -1.8535525919682883E-008 -7.4374813204201101E-009  3.3387325829045855E-001  2.1796788261978570E-015  1.3930553419139180E-008  4.8299705644991996E-009 -4.1504917605260538E-001  3.4210233119684039E-015 -5.6629379973440450E-015  1.3053047505720561E-009  4.4894420367395743E-010 -3.9143587558834882E-002 -2.6774703361301671E-015
-1.9168233620721933E-015  2.0740340972329585E-016  2.0966509982433257E-016  1.2075323977915201E-003  1.3188092971811118E-015 -2.6045413084148362E-016 -2.4955339694607840E-016 -1.7984642767498066E-001 -4.7807826298085489E-017 -7.6485307477309425E-016  1.2338852311526639E-015 -1.9994575223190436E-001 -6.7943290113453042E-009  9.1894930704962663E-009 -1.8162528320539314E-008  7.2397549983965653E-009  4.5653960143704635E-009 -4.4543016093111614E-010 -4.6558095589105960E-015 -3.3858650488169982E-015 -2.3319157805656979E-015  8.8918900304428661E-001 -4.1572980325747681E-015 -4.5946449270570968E-015  1.9015028749461383E-015  7.1089894981132029E-001 -2.8858966621884719E-009  2.0920641919435111E-008 -3.3757240122827387E-008  1.7897800884480969E-009 -7.4490251622919113E-009  1.0961597416037081E-009 -4.6491001312079430E-015 -2.2701952939625928E-015 -2.1151866525257971E-015 -5.0750282643478217E-001  2.4406814781093562E-015  1.7698825790562327E-014  7.5096415818330311E-015 -2.7866663523331725E-001  1.2471172441384239E-001  1.7901104263545906E-016  1.7956174111449214E-015  7.1426021861613302E-016  4.1480924307015866E-002
 6.4974982723239740E-019  1.5292280067720243E-018  1.0224102300750460E-019  1.7177391368349817E-010 -2.3592752902358547E-018 -4.7578746469727215E-018 -1.2249827351126537E-020  1.1022800015762353E-008  3.1243406630530927E-017  4.5958479827503183E-017 -7.5376211880954608E-018  1.5864287418131817E-008  4.5853239824164900E-016 -4.3431069083589735E-016  9.4130364042531995E-016 -5.0263139127425105E-016 -4.1064525755363741E-016  4.4100583696542752E-017  1.1437291817247139E-015  1.5786520444724498E-015 -3.2279019191345981E-016 -7.5816796176511443E-009  2.5806850558795525E-015  3.6005197709936725E-015 -7.1095552227664965E-016 -2.8858966621884719E-009  2.7717078089681793E-016 -2.4343170468872829E-016  5.3976705894864033E-016 -3.0526980056467355E-016 -2.5875995235759596E-016  2.8100079456628320E-017  1.1124353263200588E-015  1.2375175867923386E-015 -4.4852152270016040E-016  1.7694810517557271E-009 -1.8432053607574065E-015 -6.2885658866583311E-015 -1.1709587414729887E-015  9.8669529725206533E-010 -4.0616359871253492E-010 -1.7752590258236371E-016 -6.3117834028415128E-016 -1.2429780935301755E-016 -1.3037620631573496E-010
 7.2515104486212365E-020  8.5291539161744198E-020 -3.5139529614843209E-020 -7.1469768722422939E-011 -2.5866102630557313E-019 -3.3652657285419023E-019 -3.3124746296325362E-020 -1.1465623437408886E-008  3.3222464201956803E-018  5.0315912295625494E-018  3.8861005199915028E-018 -1.4918495642203000E-008 -4.5863552625749005E-016  5.0879717042993483E-016 -1.0553567384492030E-015  4.9712588799701344E-016  3.6969888172471591E-016 -3.8491428193734301E-017  1.2098613474417783E-016  1.8769006766068316E-016  1.6323756115582518E-016  2.8883315677086479E-008  2.7322494998396396E-016  4.2220270849190734E-016  3.6054347181026031E-016  2.0920641919435111E-008 -2.4343170468872829E-016  7.2095531212512328E-016 -1.2501922150905501E-015  2.2980504238098099E-016 -5.2526420232728947E-017  1.3626960766357956E-017  1.1586118389466324E-016  1.9259524951840696E-016  2.1901926320112564E-016 -1.7541447639645455E-008 -2.1778374147139951E-016 -1.7628784900076214E-016  4.9411581307817548E-016 -1.0705430108733944E-008  5.1053168571133762E-009 -2.1130882953686016E-017 -1.6119462921092702E-017  5.2747290040264892E-017  1.6924113551650977E-009
 1.8192257652058807E-019 -4.4678609334638575E-019 -2.3798251285336845E-019  2.1301321877884980E-010 -5.8125451941260839E-019  1.1606938312966398E-018  6.6383512097687686E-019  2.4197049590438709E-008  6.0019776229466078E-018 -5.4687870505663160E-018 -4.4957283043377317E-018  3.2402264652544104E-008  9.7852936985473231E-016 -1.0406805342587426E-015  2.1830035083891515E-015 -1.0640402770876916E-015 -8.1353208657479134E-016  8.5513499007989656E-017  2.0940297034861661E-016 -1.3993301531939978E-016 -1.3843660888145971E-016 -4.8776148891886049E-008  4.7631633142021921E-016 -3.3809659098343235E-016 -3.2206064520558261E-016 -3.3757240122827387E-008  5.3976705894864033E-016 -1.2501922150905501E-015  2.2389060425871994E-015 -5.3586681797784613E-016 -7.5737459121639411E-017 -3.9000583021556286E-018  1.7406530703168976E-016  3.6963389672738262E-017 -5.9590930122911780E-017  2.7912266487091121E-008 -7.0957676726638779E-016  2.4005877094278481E-015  1.1664115998423194E-015  1.6978430720158873E-008 -8.0580121530898271E-009 -7.0876376324535860E-017  2.4602384812932138E-016  1.1876627328229752E-016 -2.6686564350974643E-009
 5.4760222693608271E-019  1.2841651373169654E-018 -8.2282167423278262E-021 -1.9518459735190856E-010 -1.9138567769712670E-018 -4.3253614867260660E-018  2.9355637624334593E-019 -1.2005480075720252E-008  2.3743939900104726E-017  5.0037063584023013E-017 -9.5422912120040219E-018 -1.7398156183570322E-008 -5.0079397038435924E-016  4.6872129103917368E-016 -1.0194624542049165E-015  5.4938180164229899E-016  4.5159283794240403E-016 -4.8589608148771289E-017  8.5945057070749581E-016  1.7876256385417214E-015 -3.8372504503254286E-016  6.6716871124859138E-009  1.9428609593854450E-015  4.0499113191229659E-015 -8.5306578531821993E-016  1.7897800884480969E-009 -3.0526980056467355E-016  2.2980504238098099E-016 -5.3586681797784613E-016  3.3911062618905703E-016  3.0612483038508556E-016 -3.3842085690897563E-017  8.0794258209315376E-016  1.6121116680671608E-015 -4.7203531208320803E-016 -7.4130268256068799E-010 -1.7368714305841490E-015 -4.4719997767697828E-015 -6.2341222836300219E-016 -3.4355484336627951E-010  8.8673540698939303E-011 -1.6968060887095522E-016 -4.4155178525484903E-016 -6.8501102469726615E-017  2.4417216878005847E-011
 2.8834332067411775E-019  2.5812513690625069E-019  2.1857005847869329E-019 -2.0416450309069779E-010 -9.3514304337114495E-019 -8.0506312575090299E-019 -2.3185274122967600E-019 -9.3060939432154432E-009  9.9842077016255148E-018  7.8238319488589777E-018 -8.9785216260801948E-018 -1.4266935528310083E-008 -3.9722544509349503E-016  3.3520334613446234E-016 -7.5264479354291579E-016  4.3852793776927410E-016  3.7838123177356819E-016 -4.1304160057820377E-017  3.5088782439556370E-016  2.6913498837725788E-016 -4.0199781753779134E-016 -5.1827842318324642E-009  7.9715334483546722E-016  6.1367776817087734E-016 -8.7986214570605701E-016 -7.4490251622919113E-009 -2.5875995235759596E-016 -5.2526420232728947E-017 -7.5737459121639411E-017  3.0612483038508556E-016  3.9592609383890484E-016 -4.7366545567033582E-017  2.9934240771555556E-016  2.1216429858539243E-016 -6.0155119386712816E-016  7.1680168140785467E-009 -1.0926337265734486E-015 -1.0571785276289606E-015 -1.9983283861765460E-015  4.5067837629402373E-009 -2.2405340692545292E-009 -1.0882600199526665E-016 -1.0606704966415936E-016 -2.1048944261003078E-016 -7.4878487589471596E-010
 1.8361544746002336E-019  1.2809949069856028E-018  3.4862787788441866E-019  2.3411615054080291E-011 -8.2350003888456620E-019 -4.1858117300950107E-018 -4.7952790125230716E-019  9.8271761224313784E-010  1.4267538680613537E-017  4.5444506328526112E-017 -1.0515481810573336E-017  1.5339276919523524E-009  4.2263194561131817E-017 -3.4411918629051415E-017  7.8161810319970492E-017 -4.6752205308273516E-017 -4.0949153794414376E-017  4.4891969813019295E-018  5.4275246944573681E-016  1.6028084684501303E-015 -4.8757837736723404E-016  9.1002032143848591E-010  1.2170660908068864E-015  3.6390866607442496E-015 -1.0620899123398797E-015  1.0961597416037081E-009  2.8100079456628320E-017  1.3626960766357956E-017 -3.9000583021556286E-018 -3.3842085690897563E-017 -4.7366545567033582E-017  5.7422065267102564E-018  5.8665239995992068E-016  1.3844095765520598E-015 -7.6897728219796332E-016 -1.0281507800813836E-009 -1.3632660359826868E-016 -4.7766748007936354E-015 -2.9184528938892438E-015 -6.4310069980676740E-010  3.1749447399700622E-010 -8.1011620647372937E-018 -4.7499992383312498E-016 -3.0631634526552953E-016  1.0596708735741934E-010
 5.1217190082524476E-005 -4.0237413745382575E-010  6.4822762754571659E-010 -9.0217076728503608E-016 -2.2790164529259735E-004  1.0414864180609409E-009 -1.6711449488630977E-009  1.7293615246222400E-015  3.9171891055661675E-003 -3.1537293155221371E-009  5.1242998214909991E-009 -2.1559707486573777E-015  1.3429915314137073E-016  2.2620939637230582E-016 -1.0345642483249880E-016 -4.5223878481956370E-017 -2.1673414729640249E-016 -1.3672182522198272E-016  1.4886818028986898E-001 -3.9790471596573433E-009  6.1473598225725290E-009 -1.1358931342921001E-015  3.3387325766217901E-001  1.2294021928019555E-008 -1.8535525919682883E-008 -4.6491001312079430E-015  1.1124353263200588E-015  1.1586118389466324E-016  1.7406530703168976E-016  8.0794258209315376E-016  2.9934240771555556E-016  5.8665239995992068E-016  1.6050731343486663E-001  6.4036192857346301E-009 -9.4736691200192347E-009  4.2362060533784374E-015 -4.2442594577940390E-002 -8.0972891654769777E-009  1.2037896089667210E-008  2.3154448327129549E-015 -2.4045632473091524E-015 -2.7428407506050272E-003 -7.7199420868780191E-010  1.1480614915768822E-009 -1.0589511140662200E-015
-4.0237404701223084E-010  5.1217090540251052E-005  1.4570486463593047E-010 -6.0459392601419741E-017  1.0414860444056341E-009 -2.2790141542438985E-004 -3.9287805381707813E-010 -6.1162487583893748E-016 -3.1537282191827559E-009  3.9171881444330951E-003  1.0395014219276484E-009  9.1706770265927235E-016  5.3032137939156012E-016  2.0946364536109429E-016 -4.1141599409022064E-016  2.9972144612984931E-017  2.9212248677844179E-018  7.6127368704657564E-016 -3.9790477426393696E-009  1.4886818039631908E-001  2.0588571736834635E-009 -3.1301194880553212E-015  1.2294022658062800E-008  3.3387325543364876E-001 -7.4374813204201101E-009 -2.2701952939625928E-015  1.2375175867923386E-015  1.9259524951840696E-016  3.6963389672738262E-017  1.6121116680671608E-015  2.1216429858539243E-016  1.3844095765520598E-015  6.4036192857346301E-009  1.6050731152328351E-001 -4.2993514960530305E-009 -2.4683040067031459E-015 -8.0972904459582437E-009 -4.2442592403780982E-002  5.2988052959428486E-009 -2.0611055099493919E-015  4.2772465435972717E-015 -7.7199434988967363E-010 -2.7428405448582569E-003  5.0431643274512769E-010  2.0264759372317621E-015
 6.4822679868501419E-010  1.4570667493105975E-010  5.1217103300493913E-005 -2.2049457790372994E-015 -1.6711456378329208E-009 -3.9287967281783436E-010 -2.2790143133144574E-004  5.1589339877324442E-015  5.1243018307344651E-009  1.0395021796755231E-009  3.9171883558838634E-003 -5.3753348730221897E-015  8.3748836591680835E-016 -1.9327893886654365E-016  2.9986959968956317E-016 -4.0615654345112704E-016  1.8419076598597284E-016  4.7325314329575365E-016  6.1473597670613778E-009  2.0588555941416744E-009  1.4886817985045719E-001 -8.8154237723299079E-016 -1.8535526252749790E-008 -7.4374816230295126E-009  3.3387325829045855E-001 -2.1151866525257971E-015 -4.4852152270016040E-016  2.1901926320112564E-016 -5.9590930122911780E-017 -4.7203531208320803E-016 -6.0155119386712816E-016 -7.6897728219796332E-016 -9.4736691200192347E-009 -4.2993514960530305E-009  1.6050731347383709E-001 -2.3024270528295758E-016  1.2037890372018634E-008  5.2988048418066253E-009 -4.2442594720580568E-002 -2.4953317691328367E-016  3.2829500631639478E-015  1.1480609444884660E-009  5.0431636568180239E-010 -2.7428407647951420E-003  1.7543044052375151E-015
