 1.5990506506625246E-003  5.2770720533294086E-017  7.7455101446877224E-017  5.0639805807620701E-017 -1.8740898614897025E-002 -3.7401942628731402E-016  1.0152373322552009E-015 -1.9572635247233902E-015 -3.0635970136399886E-002 -6.2606985475872478E-016  1.9035839409349313E-015 -2.1793251392588805E-015  8.1844140798393367E-018  6.7059730902813907E-019  6.3357240896910520E-018 -5.6732772133279092E-018  6.1415593454021477E-018  2.6841798908313794E-018 -1.2765015474172440E-002 -3.8077197439114938E-016  7.7393400390620935E-016  2.1484226619012785E-015  3.8144992487064524E-003 -9.7732820573025562E-016 -9.8018652656474687E-017  1.6068683969088258E-002 -3.6035943301392512E-015 -4.6685745547304727E-016  1.3484373844356777E-015  5.3326600652014159E-016  5.4025400317176429E-016
 5.2770720533294086E-017  1.5990506506630105E-003 -1.7229791843682332E-016  1.0271322021811472E-016 -2.2324341201414025E-016 -1.8740898614900289E-002  2.2652767316069580E-015 -5.4668712516766158E-016 -4.5486813237217601E-016 -3.0635970136404303E-002  3.7167514706154236E-015 -8.4712635671806676E-016 -3.8845327319698462E-018  6.2384636773481863E-018  6.2040965463645940E-019 -3.7095731872283998E-018  1.0482519941123801E-018 -4.4774446985533405E-018  2.8591509313786772E-017 -1.2765015474174243E-002  1.8580555223860144E-015 -2.3460567676788449E-015  1.1093889271469365E-015  3.8144992487075041E-003  1.3261004801328971E-015  4.1979321818471284E-015  1.6068683969092407E-002  4.7810373439166886E-015 -2.1534947706550272E-015  1.7342248882162498E-016 -2.5617912943796265E-016
 7.7455101446877224E-017 -1.7229791843682332E-016  1.5990506506632640E-003 -7.2415816825702347E-017 -1.9281570020094957E-015 -4.6748152343830237E-017 -1.8740898614901500E-002  4.1076813907585381E-015 -3.4313623389417788E-015 -4.5497059419570401E-016 -3.0635970136406922E-002  5.0879275270306016E-015 -8.7569051291321720E-018 -4.6596042321504035E-018  5.0698227099883638E-018 -1.6748907663440258E-017  3.2972505278656930E-018 -1.9749274068719424E-017 -1.3653544305359154E-015 -4.3448069624944803E-016 -1.2765015474175481E-002  7.8838645094472407E-016  7.2326449300109394E-016 -2.3927371923986882E-015  3.8144992487060395E-003  2.9011894882981117E-015 -8.8925766259933459E-015  1.6068683969087064E-002  1.7486723051042695E-015 -1.9201453440144634E-015 -8.7036318535284991E-016
 5.0639805807620701E-017  1.0271322021811472E-016 -7.2415816825702347E-017  1.2978449090468897E-004 -2.6905612793818402E-016 -1.2976741071080849E-015  4.9095917854567856E-016 -8.6229690306898789E-003 -3.3898368373870175E-016 -2.0811123308393961E-015  5.6947707345677100E-016 -9.8142171714154704E-003  3.6537725527277596E-016 -1.3655808980155512E-017 -7.5378901702518678E-019  2.9647999775693578E-016 -3.3436780651834473E-018  2.8250576006981410E-016 -3.4500686436344864E-016 -7.6495465449013818E-016  3.3203690043157085E-016  9.7277337588389801E-003 -1.1259238848760915E-015  1.0381346221075539E-015 -2.2458789750791893E-016 -4.2236332308485980E-015  4.0565858898058454E-015 -8.1893187008663343E-016  6.0043590145940125E-003 -3.3787965956319226E-003 -1.1959526624044110E-003
-1.8740898614897025E-002 -2.2324341201414025E-016 -1.9281570020094957E-015 -2.6905612793818402E-016  2.1969949463712157E-001 -2.7617707178528795E-016  5.5807824520708857E-018  2.3682939920208452E-015  3.5919731879853928E-001 -2.0116435258362670E-016 -2.9726403172907472E-015  2.0395110101072276E-015 -9.3386236229492316E-017 -6.5717592528274757E-018 -7.9753128400247504E-017  6.4096037867738895E-017 -7.2658561564742307E-017 -3.2605215678439052E-017  1.4912749469180450E-001 -9.4976019894340852E-017 -7.3554985886840824E-016 -3.0759000330905394E-015 -4.8180583267050714E-002  2.9953252801411877E-015  1.9033169138040472E-016 -2.0140192890104372E-001  1.0898274336275098E-014  7.9949068199299917E-016 -2.1452573031721148E-015 -3.3390235151821111E-016 -5.4814773333573557E-016
-3.7401942628731402E-016 -1.8740898614900289E-002 -4.6748152343830237E-017 -1.2976741071080849E-015 -2.7617707178528795E-016  2.1969949463713107E-001 -2.2491739940850593E-015  3.5939169596805859E-015  5.4623178727352432E-016  3.5919731879854416E-001 -3.9442507062037734E-015  4.1569303614541257E-015  4.9843785724914924E-017 -7.4455154955043831E-017 -5.8706333612176554E-018  4.8875139239109297E-017 -1.2432443014339523E-017  5.6947453118771126E-017 -6.5011785523802516E-016  1.4912749469180731E-001 -2.4680531761329993E-015  1.7722689253189594E-015 -1.3248566496953194E-015 -4.8180583267048271E-002 -2.0867500584197454E-015 -4.9974899683108231E-015 -2.0140192890103428E-001 -7.6677125714039961E-015  2.4240290464684711E-015  3.9255506387995691E-016  6.7310142520882003E-016
 1.0152373322552009E-015  2.2652767316069580E-015 -1.8740898614901500E-002  4.9095917854567856E-016  5.5807824520708857E-018 -2.2491739940850593E-015  2.1969949463712526E-001 -7.3657253978024425E-015  3.2690821553134084E-015  1.0035954025731158E-015  3.5919731879854250E-001 -7.8465370274155099E-015  1.0623073410695848E-016  5.0742967110651385E-017 -5.6053067083645595E-017  1.9467066607221754E-016 -3.7969523237028100E-017  2.3836303713373276E-016  8.4128328760843952E-016 -3.2317482651142693E-016  1.4912749469180525E-001  4.5470447262842866E-015 -2.2853897593814134E-015  4.8928953270642963E-015 -4.8180583267046773E-002 -8.6558364642523292E-015  1.7433100623744510E-014 -2.0140192890102873E-001  1.7780304825260396E-015 -2.9134329674333033E-015 -1.5808619302846507E-015
-1.9572635247233902E-015 -5.4668712516766158E-016  4.1076813907585381E-015 -8.6229690306898789E-003  2.3682939920208452E-015  3.5939169596805859E-015 -7.3657253978024425E-015  6.3634166946091431E-001 -1.0105297469122853E-015 -1.1900330272305965E-015  3.5185089691395285E-015  7.4455743798765928E-001 -2.7007451695267527E-014  4.9107315748292238E-016  9.6758098503001860E-017 -2.1517692330677950E-014  1.9245717985626167E-016 -2.1118668099092749E-014  4.8264341353493075E-016  3.2924314800445413E-015 -3.5201617995985661E-015 -4.9355126655203463E-001  7.3100504767353463E-016 -9.4287977476800892E-016 -1.4470278418163785E-016  2.3416091145329308E-015 -8.2301339122496364E-016 -1.7611771225352647E-015 -2.5226431932998761E-001  1.2827569875424519E-001  4.4391919292649372E-002
-3.0635970136399886E-002 -4.5486813237217601E-016 -3.4313623389417788E-015 -3.3898368373870175E-016  3.5919731879853928E-001  5.4623178727352432E-016  3.2690821553134084E-015 -1.0105297469122853E-015  5.8731732323189545E-001  1.3466484479977901E-015  3.9783443466626415E-016 -2.0133531393479513E-015 -1.5030275966275205E-016 -9.5458874561402891E-018 -1.3548483904556752E-016  1.0255221173573874E-016 -1.1940740037716286E-016 -5.4366039889673101E-017  2.4333548817334791E-001 -4.7880982484915009E-016  1.0226872517239448E-015  2.7491020350077577E-015 -8.1991474826391159E-002 -2.1534644149546646E-015 -3.8548808242767721E-016 -3.4139068674996836E-001 -8.7425201543061944E-015 -1.5900909061689629E-015  1.8960527069415204E-015 -4.7951482618437042E-016  1.2271167026725559E-018
-6.2606985475872478E-016 -3.0635970136404303E-002 -4.5497059419570401E-016 -2.0811123308393961E-015 -2.0116435258362670E-016  3.5919731879854416E-001  1.0035954025731158E-015 -1.1900330272305965E-015  1.3466484479977901E-015  5.8731732323188657E-001  1.2564230542946766E-015 -2.3500017666991717E-015  8.5493464246554896E-017 -1.2295868353776101E-016 -8.2947688751994234E-018  8.4915761421866531E-017 -2.0460038305350628E-017  9.7249756187892978E-017 -3.1711525559959220E-016  2.4333548817334286E-001  1.9629185907641451E-016 -1.8594247896243508E-015  1.6334549627403115E-015 -8.1991474826400138E-002  2.5550509195353051E-015  6.1068746809620905E-015 -3.4139068675000095E-001  9.4587629117772643E-015 -1.9815218597143929E-015  6.7429475661704918E-016  5.2606869421094575E-017
 1.9035839409349313E-015  3.7167514706154236E-015 -3.0635970136406922E-002  5.6947707345677100E-016 -2.9726403172907472E-015 -3.9442507062037734E-015  3.5919731879854250E-001  3.5185089691395285E-015  3.9783443466626415E-016  1.2564230542946766E-015  5.8731732323189667E-001  4.8322113876955308E-015  1.7700302330074013E-016  7.9354614973517020E-017 -8.8502084807562044E-017  3.1671813238331193E-016 -6.1442374964762838E-017  3.9607052391842530E-016  1.6179684545250926E-016 -2.2478965911803323E-015  2.4333548817334455E-001 -1.0424647332395289E-014  2.4289923371273603E-015 -2.4314095768253988E-015 -8.1991474826401220E-002  9.2974673099301816E-015 -1.0671427347975149E-014 -3.4139068675000583E-001 -7.9800359335955532E-015  1.2936081009326418E-014  6.8258541075442716E-015
-2.1793251392588805E-015 -8.4712635671806676E-016  5.0879275270306016E-015 -9.8142171714154704E-003  2.0395110101072276E-015  4.1569303614541257E-015 -7.8465370274155099E-015  7.4455743798765928E-001 -2.0133531393479513E-015 -2.3500017666991717E-015  4.8322113876955308E-015  8.7702963925435917E-001 -3.1612903111060639E-014  4.2577660749812932E-016  1.2514605594190171E-016 -2.5072418400251515E-014  2.0959443184757260E-016 -2.4787687791389445E-014 -1.0102319375082410E-018  3.6029638151445917E-015 -2.5258344686825406E-015 -5.1282167638379372E-001  1.0333820236709036E-015 -4.7489131097680366E-015  1.1191416124393612E-015  3.1543324121402748E-015 -1.3100121797727143E-014  3.6885741813617687E-015 -2.4016003463201671E-001  1.1487127142887366E-001  3.9095314105413378E-002
 8.1844140798393367E-018 -3.8845327319698462E-018 -8.7569051291321720E-018  3.6537725527277596E-016 -9.3386236229492316E-017  4.9843785724914924E-017  1.0623073410695848E-016 -2.7007451695267527E-014 -1.5030275966275205E-016  8.5493464246554896E-017  1.7700302330074013E-016 -3.1612903111060639E-014  1.1471439150011406E-027 -2.0692576848183677E-029 -3.9853062929140043E-030  9.1364112599853404E-028 -8.0709809660629258E-030  8.9777086524645947E-028 -8.7056566535045575E-017 -5.9777260843631994E-018  3.9063795654908904E-017  2.0810169544532649E-014 -1.3814358146814685E-016 -2.7774366566710257E-016 -2.4475522811025336E-016 -5.1113997976827513E-016 -1.0494548220048399E-015 -9.3052092091461126E-016  1.0584446904407921E-014 -5.6527010227793632E-015 -2.0349461523428644E-015
 6.7059730902813907E-019  6.2384636773481863E-018 -4.6596042321504035E-018 -1.3655808980155512E-017 -6.5717592528274757E-018 -7.4455154955043831E-017  5.0742967110651385E-017  4.9107315748292238E-016 -9.5458874561402891E-018 -1.2295868353776101E-016  7.9354614973517020E-017  4.2577660749812932E-016 -2.0692576848183677E-029  4.6590895126988040E-030 -5.5153088866166621E-031 -1.8901763042255164E-029  5.4380070195416492E-031 -1.4401674525205056E-029 -1.6385707546485101E-017 -3.8317669191859735E-017  7.0334641190194067E-017 -2.0224032052030040E-015 -7.8480223810054925E-017  9.8233575764842068E-017  2.2941743237236182E-016 -2.9464369608942136E-016  3.7638611503995758E-016  8.5842644176276538E-016 -1.5975292873562337E-015  6.6046612128684480E-016  1.5111843912197125E-016
 6.3357240896910520E-018  6.2040965463645940E-019  5.0698227099883638E-018 -7.5378901702518678E-019 -7.9753128400247504E-017 -5.8706333612176554E-018 -5.6053067083645595E-017  9.6758098503001860E-017 -1.3548483904556752E-016 -8.2947688751994234E-018 -8.8502084807562044E-017  1.2514605594190171E-016 -3.9853062929140043E-030 -5.5153088866166621E-031  9.0911235425327344E-031 -2.6133493911674812E-030  1.7408277531246179E-031 -2.4763978035369624E-030 -3.4682525329079223E-018 -1.6952598052730382E-017 -6.9305445146021795E-017  5.8256471522588954E-017  3.5705935402494292E-016 -8.5622876117487957E-017 -1.9719844054032107E-016  1.3505865402752966E-015 -3.2157897376621876E-016 -7.3673020645673254E-016  7.0991361197109154E-017 -2.5939325889636088E-016 -1.4951778040689817E-016
-5.6732772133279092E-018 -3.7095731872283998E-018 -1.6748907663440258E-017  2.9647999775693578E-016  6.4096037867738895E-017  4.8875139239109297E-017  1.9467066607221754E-016 -2.1517692330677950E-014  1.0255221173573874E-016  8.4915761421866531E-017  3.1671813238331193E-016 -2.5072418400251515E-014  9.1364112599853404E-028 -1.8901763042255164E-029 -2.6133493911674812E-030  7.3160763056041353E-028 -6.6612373061721719E-030  7.1475767271150950E-028  6.5807857362967115E-017 -1.6643816862607896E-017  1.4764250752231452E-016  1.7851710394504614E-014  1.3540445150865290E-016 -3.4460927481358943E-016  6.1217232063102963E-017  5.0352087407930267E-016 -1.3009175473634818E-015  2.1245265825579170E-016  9.4987697406244382E-015 -6.0051266857950326E-015 -2.3827994607433114E-015
 6.1415593454021477E-018  1.0482519941123801E-018  3.2972505278656930E-018 -3.3436780651834473E-018 -7.2658561564742307E-017 -1.2432443014339523E-017 -3.7969523237028100E-017  1.9245717985626167E-016 -1.1940740037716286E-016 -2.0460038305350628E-017 -6.1442374964762838E-017  2.0959443184757260E-016 -8.0709809660629258E-030  5.4380070195416492E-031  1.7408277531246179E-031 -6.6612373061721719E-030  1.7605955279073998E-031 -5.8968332865972470E-030 -4.3206360665402115E-017 -7.1093288896338936E-018 -3.2098870809868216E-017 -3.2040134511457179E-016  5.6902272823489740E-017  1.1637215357790024E-017 -3.4069929075364847E-017  2.2073109495227080E-016  4.4919682302297128E-017 -1.2469122308177117E-016 -2.2492330458845744E-016 -2.4066659560072691E-017 -5.0765699597119991E-017
 2.6841798908313794E-018 -4.4774446985533405E-018 -1.9749274068719424E-017  2.8250576006981410E-016 -3.2605215678439052E-017  5.6947453118771126E-017  2.3836303713373276E-016 -2.1118668099092749E-014 -5.4366039889673101E-017  9.7249756187892978E-017  3.9607052391842530E-016 -2.4787687791389445E-014  8.9777086524645947E-028 -1.4401674525205056E-029 -2.4763978035369624E-030  7.1475767271150950E-028 -5.8968332865972470E-030  7.0528574456498658E-028 -1.1603682621567955E-017 -2.5702896765759293E-018  9.8527105351767843E-017  1.5531659405310456E-014  7.7709963132124404E-017 -2.8878079835358042E-016 -4.7630394996592244E-016  2.9533809064549089E-016 -1.0916283679180938E-015 -1.8137332735392199E-015  7.6257169418751344E-015 -5.0650073586537555E-015 -2.1036322944304190E-015
-1.2765015474172440E-002  2.8591509313786772E-017 -1.3653544305359154E-015 -3.4500686436344864E-016  1.4912749469180450E-001 -6.5011785523802516E-016  8.4128328760843952E-016  4.8264341353493075E-016  2.4333548817334791E-001 -3.1711525559959220E-016  1.6179684545250926E-016 -1.0102319375082410E-018 -8.7056566535045575E-017 -1.6385707546485101E-017 -3.4682525329079223E-018  6.5807857362967115E-017 -4.3206360665402115E-017 -1.1603682621567955E-017  1.0600278959261956E-001 -5.3016297444394169E-016  7.7954136201968093E-017 -1.8052607637051526E-015 -6.8084498345036965E-004  2.3568600289063605E-015  7.1817551905580152E-016 -1.6234925116801358E-002  8.1026799223497959E-015  2.4424906541806664E-015 -1.5797896989597380E-015  1.3345919480409995E-015  5.6626460560557855E-016
-3.8077197439114938E-016 -1.2765015474174243E-002 -4.3448069624944803E-016 -7.6495465449013818E-016 -9.4976019894340852E-017  1.4912749469180731E-001 -3.2317482651142693E-016  3.2924314800445413E-015 -4.7880982484915009E-016  2.4333548817334286E-001 -2.2478965911803323E-015  3.6029638151445917E-015 -5.9777260843631994E-018 -3.8317669191859735E-017 -1.6952598052730382E-017 -1.6643816862607896E-017 -7.1093288896338936E-018 -2.5702896765759293E-018 -5.3016297444394169E-016  1.0600278959262065E-001 -1.1958971452890876E-015  3.7453471078002658E-015 -1.8870201810612936E-015 -6.8084498344245931E-004 -3.2300021293073656E-015 -7.1809565702197598E-015 -1.6234925116770174E-002 -1.1908560385744336E-014  3.4792608011016643E-015 -7.6343582291683599E-015 -4.1277160308907493E-015
 7.7393400390620935E-016  1.8580555223860144E-015 -1.2765015474175481E-002  3.3203690043157085E-016 -7.3554985886840824E-016 -2.4680531761329993E-015  1.4912749469180525E-001 -3.5201617995985661E-015  1.0226872517239448E-015  1.9629185907641451E-016  2.4333548817334455E-001 -2.5258344686825406E-015  3.9063795654908904E-017  7.0334641190194067E-017 -6.9305445146021795E-017  1.4764250752231452E-016 -3.2098870809868216E-017  9.8527105351767843E-017  7.7954136201968093E-017 -1.1958971452890876E-015  1.0600278959262065E-001  1.0545147006600362E-014 -2.1024848528824525E-015  3.0537875837052208E-015 -6.8084498344141153E-004 -7.7507444906589878E-015  1.0476406796326964E-014 -1.6234925116766719E-002  7.9135588931996081E-015 -1.6388567960793470E-014 -8.9534627133036032E-015
 2.1484226619012785E-015 -2.3460567676788449E-015  7.8838645094472407E-016  9.7277337588389801E-003 -3.0759000330905394E-015  1.7722689253189594E-015  4.5470447262842866E-015 -4.9355126655203463E-001  2.7491020350077577E-015 -1.8594247896243508E-015 -1.0424647332395289E-014 -5.1282167638379372E-001  2.0810169544532649E-014 -2.0224032052030040E-015  5.8256471522588954E-017  1.7851710394504614E-014 -3.2040134511457179E-016  1.5531659405310456E-014 -1.8052607637051526E-015  3.7453471078002658E-015  1.0545147006600362E-014  1.0971798434836000E+000  1.1454927825739564E-015 -3.5391643665797031E-015 -5.5366187929000127E-015  1.1611570992673835E-015  1.7460288247342993E-015 -8.8781262060149449E-015  8.0321242149552252E-001 -4.9469670847896363E-001 -1.8019573570494327E-001
 3.8144992487064524E-003  1.1093889271469365E-015  7.2326449300109394E-016 -1.1259238848760915E-015 -4.8180583267050714E-002 -1.3248566496953194E-015 -2.2853897593814134E-015  7.3100504767353463E-016 -8.1991474826391159E-002  1.6334549627403115E-015  2.4289923371273603E-015  1.0333820236709036E-015 -1.3814358146814685E-016 -7.8480223810054925E-017  3.5705935402494292E-016  1.3540445150865290E-016  5.6902272823489740E-017  7.7709963132124404E-017 -6.8084498345036965E-004 -1.8870201810612936E-015 -2.1024848528824525E-015  1.1454927825739564E-015  2.2518662777308757E-001  1.4643983096102069E-015  3.7296554734171411E-016  8.5158029400465329E-001  1.9975952257186231E-015 -3.5561831232136462E-017  5.3395984238449019E-016 -1.4454688621905255E-015 -8.5415400086971723E-016
-9.7732820573025562E-016  3.8144992487075041E-003 -2.3927371923986882E-015  1.0381346221075539E-015  2.9953252801411877E-015 -4.8180583267048271E-002  4.8928953270642963E-015 -9.4287977476800892E-016 -2.1534644149546646E-015 -8.1991474826400138E-002 -2.4314095768253988E-015 -4.7489131097680366E-015 -2.7774366566710257E-016  9.8233575764842068E-017 -8.5622876117487957E-017 -3.4460927481358943E-016  1.1637215357790024E-017 -2.8878079835358042E-016  2.3568600289063605E-015 -6.8084498344245931E-004  3.0537875837052208E-015 -3.5391643665797031E-015  1.4643983096102069E-015  2.2518662777308163E-001  1.0935221721130815E-015  4.8114965010711288E-015  8.5158029400463686E-001  5.2063100591489500E-015 -5.8769116117338965E-015  1.4566319810456674E-014  8.4299249467726953E-015
-9.8018652656474687E-017  1.3261004801328971E-015  3.8144992487060395E-003 -2.2458789750791893E-016  1.9033169138040472E-016 -2.0867500584197454E-015 -4.8180583267046773E-002 -1.4470278418163785E-016 -3.8548808242767721E-016  2.5550509195353051E-015 -8.1991474826401220E-002  1.1191416124393612E-015 -2.4475522811025336E-016  2.2941743237236182E-016 -1.9719844054032107E-016  6.1217232063102963E-017 -3.4069929075364847E-017 -4.7630394996592244E-016  7.1817551905580152E-016 -3.2300021293073656E-015 -6.8084498344141153E-004 -5.5366187929000127E-015  3.7296554734171411E-016  1.0935221721130815E-015  2.2518662777308301E-001  2.2638141361748088E-015  1.6344126603895541E-015  8.5158029400464019E-001 -3.4333393851002181E-015  1.1151055960115929E-014  6.4188931608725558E-015
 1.6068683969088258E-002  4.1979321818471284E-015  2.9011894882981117E-015 -4.2236332308485980E-015 -2.0140192890104372E-001 -4.9974899683108231E-015 -8.6558364642523292E-015  2.3416091145329308E-015 -3.4139068674996836E-001  6.1068746809620905E-015  9.2974673099301816E-015  3.1543324121402748E-015 -5.1113997976827513E-016 -2.9464369608942136E-016  1.3505865402752966E-015  5.0352087407930267E-016  2.2073109495227080E-016  2.9533809064549089E-016 -1.6234925116801358E-002 -7.1809565702197598E-015 -7.7507444906589878E-015  1.1611570992673835E-015  8.5158029400465329E-001  4.8114965010711288E-015  2.2638141361748088E-015  3.2221514090325600E+000  4.9279927322826796E-015  3.1120939159973976E-015 -7.1731759461455717E-016 -1.1757216154933761E-015 -1.0052984119537666E-015
-3.6035943301392512E-015  1.6068683969092407E-002 -8.8925766259933459E-015  4.0565858898058454E-015  1.0898274336275098E-014 -2.0140192890103428E-001  1.7433100623744510E-014 -8.2301339122496364E-016 -8.7425201543061944E-015 -3.4139068675000095E-001 -1.0671427347975149E-014 -1.3100121797727143E-014 -1.0494548220048399E-015  3.7638611503995758E-016 -3.2157897376621876E-016 -1.3009175473634818E-015  4.4919682302297128E-017 -1.0916283679180938E-015  8.1026799223497959E-015 -1.6234925116770174E-002  1.0476406796326964E-014  1.7460288247342993E-015  1.9975952257186231E-015  8.5158029400463686E-001  1.6344126603895541E-015  4.9279927322826796E-015  3.2221514090325205E+000  1.0349982623392725E-014 -9.1454741004025083E-015  1.6847094789452511E-014  1.0156806544804319E-014
-4.6685745547304727E-016  4.7810373439166886E-015  1.6068683969087064E-002 -8.1893187008663343E-016  7.9949068199299917E-016 -7.6677125714039961E-015 -2.0140192890102873E-001 -1.7611771225352647E-015 -1.5900909061689629E-015  9.4587629117772643E-015 -3.4139068675000583E-001  3.6885741813617687E-015 -9.3052092091461126E-016  8.5842644176276538E-016 -7.3673020645673254E-016  2.1245265825579170E-016 -1.2469122308177117E-016 -1.8137332735392199E-015  2.4424906541806664E-015 -1.1908560385744336E-014 -1.6234925116766719E-002 -8.8781262060149449E-015 -3.5561831232136462E-017  5.2063100591489500E-015  8.5158029400464019E-001  3.1120939159973976E-015  1.0349982623392725E-014  3.2221514090325263E+000 -3.4784524559743374E-015  1.4403642716169599E-014  8.4719064722557524E-015
 1.3484373844356777E-015 -2.1534947706550272E-015  1.7486723051042695E-015  6.0043590145940125E-003 -2.1452573031721148E-015  2.4240290464684711E-015  1.7780304825260396E-015 -2.5226431932998761E-001  1.8960527069415204E-015 -1.9815218597143929E-015 -7.9800359335955532E-015 -2.4016003463201671E-001  1.0584446904407921E-014 -1.5975292873562337E-015  7.0991361197109154E-017  9.4987697406244382E-015 -2.2492330458845744E-016  7.6257169418751344E-015 -1.5797896989597380E-015  3.4792608011016643E-015  7.9135588931996081E-015  8.0321242149552252E-001  5.3395984238449019E-016 -5.8769116117338965E-015 -3.4333393851002181E-015 -7.1731759461455717E-016 -9.1454741004025083E-015 -3.4784524559743374E-015  6.1703816443349735E-001 -3.7018866767176023E-001 -1.3101458183042133E-001
 5.3326600652014159E-016  1.7342248882162498E-016 -1.9201453440144634E-015 -3.3787965956319226E-003 -3.3390235151821111E-016  3.9255506387995691E-016 -2.9134329674333033E-015  1.2827569875424519E-001 -4.7951482618437042E-016  6.7429475661704918E-016  1.2936081009326418E-014  1.1487127142887366E-001 -5.6527010227793632E-015  6.6046612128684480E-016 -2.5939325889636088E-016 -6.0051266857950326E-015 -2.4066659560072691E-017 -5.0650073586537555E-015  1.3345919480409995E-015 -7.6343582291683599E-015 -1.6388567960793470E-014 -4.9469670847896363E-001 -1.4454688621905255E-015  1.4566319810456674E-014  1.1151055960115929E-014 -1.1757216154933761E-015  1.6847094789452511E-014  1.4403642716169599E-014 -3.7018866767176023E-001  1.1003367571738285E+000  6.2802664138123043E-001
 5.4025400317176429E-016 -2.5617912943796265E-016 -8.7036318535284991E-016 -1.1959526624044110E-003 -5.4814773333573557E-016  6.7310142520882003E-016 -1.5808619302846507E-015  4.4391919292649372E-002  1.2271167026725559E-018  5.2606869421094575E-017  6.8258541075442716E-015  3.9095314105413378E-002 -2.0349461523428644E-015  1.5111843912197125E-016 -1.4951778040689817E-016 -2.3827994607433114E-015 -5.0765699597119991E-017 -2.1036322944304190E-015  5.6626460560557855E-016 -4.1277160308907493E-015 -8.9534627133036032E-015 -1.8019573570494327E-001 -8.5415400086971723E-016  8.4299249467726953E-015  6.4188931608725558E-015 -1.0052984119537666E-015  1.0156806544804319E-014  8.4719064722557524E-015 -1.3101458183042133E-001  6.2802664138123043E-001  3.7158771402930202E-001
