 1.4732222422940899E-002  1.4262684513560909E-010  2.3834998076039624E-010  1.6858948008823202E-009  5.2264854982216710E-002  1.9813024783866383E-010  3.3110435160914564E-010 -6.2674816693476483E-010  5.2615658701403202E-002  2.6959814874360060E-010  4.5053717914014180E-010 -5.1386967890061826E-010 -6.9485689808068588E-011  7.2198893706257296E-011  1.2065465521651633E-010 -4.3256089195989299E-013  7.5725071028602533E-011  6.9918265284981909E-011  3.3348430972606348E-002  1.5395790789628475E-010  2.5728581477315592E-010  1.0990230264986985E-010  5.8541273995606092E-011
 1.4262684513560909E-010  1.4732221814583479E-002 -1.0697547130851215E-009 -7.5665846149986150E-009  1.9813016066880642E-010  5.2264854137116470E-002 -1.4860507131237675E-009  2.8129545643867910E-009  2.6959802904766964E-010  5.2615657551467201E-002 -2.0220861384296520E-009  2.3063365004206022E-009  1.6932476539003597E-010  2.6977377651413645E-011  7.5725067922045196E-011  1.4448049442426840E-010 -2.0234028479990625E-010 -3.1380526177972231E-010  1.5395786539555674E-010  3.3348430315918137E-002 -1.1547415663714854E-009 -4.9326040539123726E-010 -2.6274302494814746E-010
 2.3834998076039624E-010 -1.0697547130851215E-009  1.4732220667002438E-002 -1.2644850179863327E-008  3.3110398644983942E-010 -1.4860512474185534E-009  5.2264852542953433E-002  4.7008536323414855E-009  4.5053699612678913E-010 -2.0220872035498335E-009  5.2615655382269630E-002  3.8542234976642597E-009  2.8296602773883557E-010  7.5725069692554212E-011  1.0821152961786357E-010  3.2441667561551334E-012 -4.8567166442346764E-010 -2.8621027416601270E-010  2.5728568640360608E-010 -1.1547420694412583E-009  3.3348429077166841E-002 -8.2430951455005876E-010 -4.3908120857991981E-010
 1.6858948008823202E-009 -7.5665846149986150E-009 -1.2644850179863327E-008  4.9249619025902846E-005  5.9780370979941475E-009 -2.6830454300807312E-008 -4.4837544299497775E-008 -4.7826957314887680E-003  6.0387851965003962E-009 -2.7103102045212528E-008 -4.5293178182244463E-008 -6.3828991936876103E-003 -1.8396204511252470E-011 -3.8442999003684044E-012 -6.4243772005772264E-012 -4.1956815123580644E-012  2.8833704820568032E-011  2.2591678304940739E-011  3.8255183798463963E-009 -1.7169581659897121E-008 -2.8692838089127764E-008  2.0284686486894401E-003  1.1467976344042897E-003
 5.2264854982216710E-002  1.9813016066880642E-010  3.3110398644983942E-010  5.9780370979941475E-009  1.8541771824314127E-001 -3.8928634127753588E-010 -6.5055286492703237E-010 -1.9389659487108993E-009  1.8666224910780926E-001 -1.4307357941458438E-010 -2.3909703453459800E-010 -1.4431991741615998E-009 -2.4651132588894709E-010  2.5613682424842331E-010  4.2804118777332976E-010 -1.5345800598129199E-012  2.6864651029136771E-010  2.4804595769117066E-010  1.1830875604712741E-001 -1.5069605109760352E-010 -2.5183484260403204E-010  3.0584384763518910E-010  1.8307267518616676E-010
 1.9813024783866383E-010  5.2264854137116470E-002 -1.4860512474185534E-009 -2.6830454300807312E-008 -3.8928634127753588E-010  1.8541771990359457E-001  2.9197911322359389E-009  8.7024094375547664E-009 -1.4307369390632573E-010  1.8666224971807865E-001  1.0731052967804602E-009  6.4773206263296903E-009  6.0070604955774610E-010  9.5706463236072441E-011  2.6864649927037197E-010  5.1256708274748013E-010 -7.1783378201575155E-010 -1.1132731392779219E-009 -1.5069600426005858E-010  1.1830875668990426E-001  1.1302760361990934E-009 -1.3726811535642822E-009 -8.2166420276081934E-010
 3.3110435160914564E-010 -1.4860507131237675E-009  5.2264852542953433E-002 -4.4837544299497775E-008 -6.5055286492703237E-010  2.9197911322359389E-009  1.8541772303580842E-001  1.4542959119120933E-008 -2.3909638574790249E-010  1.0731033955230727E-009  1.8666225086925142E-001  1.0824512455506479E-008  1.0038661756919541E-009  2.6864650555151749E-010  3.8389729813170754E-010  1.1509208779169500E-011 -1.7229960652965534E-009 -1.0153756671166058E-009 -2.5183446963841780E-010  1.1302754533317883E-009  1.1830875790240968E-001 -2.2939410103594892E-009 -1.3731155366784435E-009
-6.2674816693476483E-010  2.8129545643867910E-009  4.7008536323414855E-009 -4.7826957314887680E-003 -1.9389659487108993E-009  8.7024094375547664E-009  1.4542959119120933E-008  4.6466196323624909E-001 -3.9543392203154317E-009  1.7747737550923643E-008  2.9659033629298855E-008  6.2009885827389899E-001  1.7877027808224546E-009  3.7358063309110171E-010  6.2430688454362085E-010  4.0772711029129454E-010 -2.8019961905011977E-009 -2.1954097617759065E-009 -2.3201366396471754E-009  1.0413170229878399E-008  1.7401902802276852E-008 -2.0664211619205231E-001 -1.2280946775661518E-001
 5.2615658701403202E-002  2.6959802904766964E-010  4.5053699612678913E-010  6.0387851965003962E-009  1.8666224910780926E-001 -1.4307369390632573E-010 -2.3909638574790249E-010 -3.9543392203154317E-009  1.8791513331156365E-001  1.0646174270674959E-010  1.7791209420533982E-010 -4.1252580105082428E-009 -2.4816592404407113E-010  2.5785602359739952E-010  4.3091421524024740E-010 -1.5448812629628493E-012  2.7044968325588340E-010  2.4971085739665397E-010  1.1910284897339270E-001  7.0595937168039382E-012  1.1797352315122148E-011  1.1383563772873774E-009  6.4204707658269974E-010
 2.6959814874360060E-010  5.2615657551467201E-002 -2.0220872035498335E-009 -2.7103102045212528E-008 -1.4307357941458438E-010  1.8666224971807865E-001  1.0731033955230727E-009  1.7747737550923643E-008  1.0646174270674959E-010  1.8791513285747677E-001 -7.9850371311508812E-010  1.8514843620661563E-008  6.0473803238281869E-010  9.6348853017202745E-011  2.7044967216089893E-010  5.1600745757513339E-010 -7.2265194236281023E-010 -1.1207454969770553E-009  7.0597134127625951E-012  1.1910284894328599E-001 -5.2950794842871041E-011 -5.1091307520961046E-009 -2.8816122121458137E-009
 4.5053717914014180E-010 -2.0220861384296520E-009  5.2615655382269630E-002 -4.5293178182244463E-008 -2.3909703453459800E-010  1.0731052967804602E-009  1.8666225086925142E-001  2.9659033629298855E-008  1.7791209420533982E-010 -7.9850371311508812E-010  1.8791513200087406E-001  3.0940985120050209E-008  1.0106041986935570E-009  2.7044967848422260E-010  3.8647404366361852E-010  1.1586466852314475E-011 -1.7345609354698382E-009 -1.0221909500878233E-009  1.1797310681777693E-011 -5.2950170342213709E-011  1.1910284888648047E-001 -8.5380980153933000E-009 -4.8155915775853960E-009
-5.1386967890061826E-010  2.3063365004206022E-009  3.8542234976642597E-009 -6.3828991936876103E-003 -1.4431991741615998E-009  6.4773206263296903E-009  1.0824512455506479E-008  6.2009885827389899E-001 -4.1252580105082428E-009  1.8514843620661563E-008  3.0940985120050209E-008  8.2753638907749827E-001  2.3856510890651920E-009  4.9853535623059784E-010  8.3312417086130241E-010  5.4410310149996855E-010 -3.7392039244412516E-009 -2.9297273200652377E-009 -2.3659130925685985E-009  1.0618621392535799E-008  1.7745242385094022E-008 -2.7436118315666053E-001 -1.6221680001075389E-001
-6.9485689808068588E-011  1.6932476539003597E-010  2.8296602773883557E-010 -1.8396204511252470E-011 -2.4651132588894709E-010  6.0070604955774610E-010  1.0038661756919541E-009  1.7877027808224546E-009 -2.4816592404407113E-010  6.0473803238281869E-010  1.0106041986935570E-009  2.3856510890651920E-009  1.4587738065620326E-017  2.8614980119646787E-018  4.7819745106372537E-018  3.2938216815705762E-018 -2.2792931767729519E-017 -1.7881484037639386E-017 -1.5729051756310061E-010  3.8329016560961194E-010  6.4053297451249850E-010 -8.1595202992353595E-010 -4.9741669167213471E-010
 7.2198893706257296E-011  2.6977377651413645E-011  7.5725069692554212E-011 -3.8442999003684044E-012  2.5613682424842331E-010  9.5706463236072441E-011  2.6864650555151749E-010  3.7358063309110171E-010  2.5785602359739952E-010  9.6348853017202745E-011  2.7044967848422260E-010  4.9853535623059784E-010  2.8614980119646787E-018  1.0928595529110775E-018  1.7881874881011366E-018  6.0697897065683467E-019 -4.7488982460881350E-018 -3.4684611641719964E-018  1.6343221798597166E-010  6.1067050288790561E-011  1.7141422647981780E-010 -1.7051176131958200E-010 -1.0394670132265933E-010
 1.2065465521651633E-010  7.5725067922045196E-011  1.0821152961786357E-010 -6.4243772005772264E-012  4.2804118777332976E-010  2.6864649927037197E-010  3.8389729813170754E-010  6.2430688454362085E-010  4.3091421524024740E-010  2.7044967216089893E-010  3.8647404366361852E-010  8.3312417086130241E-010  4.7819745106372537E-018  1.7881874881011366E-018  3.0111387891926590E-018  1.3108206453809255E-018 -7.7524709865181758E-018 -6.0927686260452828E-018  2.7311856041166471E-010  1.7141422247202609E-010  2.4495185065421269E-010 -2.8494954620349741E-010 -1.7370975443577665E-010
-4.3256089195989299E-013  1.4448049442426840E-010  3.2441667561551334E-012 -4.1956815123580644E-012 -1.5345800598129199E-012  5.1256708274748013E-010  1.1509208779169500E-011  4.0772711029129454E-010 -1.5448812629628493E-012  5.1600745757513339E-010  1.1586466852314475E-011  5.4410310149996855E-010  3.2938216815705762E-018  6.0697897065683467E-019  1.3108206453809255E-018  1.7754831966882130E-018 -4.5525706661992459E-018 -5.0692872783295136E-018 -9.7916414887051316E-013  3.2705167065046394E-010  7.3436407223411956E-012 -1.8609629114319742E-010 -1.1344681756619401E-010
 7.5725071028602533E-011 -2.0234028479990625E-010 -4.8567166442346764E-010  2.8833704820568032E-011  2.6864651029136771E-010 -7.1783378201575155E-010 -1.7229960652965534E-009 -2.8019961905011977E-009  2.7044968325588340E-010 -7.2265194236281023E-010 -1.7345609354698382E-009 -3.7392039244412516E-009 -2.2792931767729519E-017 -4.7488982460881350E-018 -7.7524709865181758E-018 -4.5525706661992459E-018  3.6078237181073756E-017  2.7345383955593714E-017  1.7141422950414878E-010 -4.5802540584144345E-010 -1.0993853744694197E-009  1.2789024654346988E-009  7.7963925538074927E-010
 6.9918265284981909E-011 -3.1380526177972231E-010 -2.8621027416601270E-010  2.2591678304940739E-011  2.4804595769117066E-010 -1.1132731392779219E-009 -1.0153756671166058E-009 -2.1954097617759065E-009  2.4971085739665397E-010 -1.1207454969770553E-009 -1.0221909500878233E-009 -2.9297273200652377E-009 -1.7881484037639386E-017 -3.4684611641719964E-018 -6.0927686260452828E-018 -5.0692872783295136E-018  2.7345383955593714E-017  2.2950678007373329E-017  1.5826971472700120E-010 -7.1034184070890607E-010 -6.4787679558098192E-010  1.0020417381499066E-009  6.1086101012840960E-010
 3.3348430972606348E-002  1.5395786539555674E-010  2.5728568640360608E-010  3.8255183798463963E-009  1.1830875604712741E-001 -1.5069600426005858E-010 -2.5183446963841780E-010 -2.3201366396471754E-009  1.1910284897339270E-001  7.0597134127625951E-012  1.1797310681777693E-011 -2.3659130925685985E-009 -1.5729051756310061E-010  1.6343221798597166E-010  2.7311856041166471E-010 -9.7916414887051316E-013  1.7141422950414878E-010  1.5826971472700120E-010  7.5488803821133557E-002 -3.3818564305101644E-011 -5.6515829485628398E-011  7.2528359409805393E-010  4.6082891112139702E-010
 1.5395790789628475E-010  3.3348430315918137E-002 -1.1547420694412583E-009 -1.7169581659897121E-008 -1.5069605109760352E-010  1.1830875668990426E-001  1.1302754533317883E-009  1.0413170229878399E-008  7.0595937168039382E-012  1.1910284894328599E-001 -5.2950170342213709E-011  1.0618621392535799E-008  3.8329016560961194E-010  6.1067050288790561E-011  1.7141422247202609E-010  3.2705167065046394E-010 -4.5802540584144345E-010 -7.1034184070890607E-010 -3.3818564305101644E-011  7.5488803965384238E-002  2.5365166028779247E-010 -3.2551957250043170E-009 -2.0682778723264774E-009
 2.5728581477315592E-010 -1.1547415663714854E-009  3.3348429077166841E-002 -2.8692838089127764E-008 -2.5183484260403204E-010  1.1302760361990934E-009  1.1830875790240968E-001  1.7401902802276852E-008  1.1797352315122148E-011 -5.2950794842871041E-011  1.1910284888648047E-001  1.7745242385094022E-008  6.4053297451249850E-010  1.7141422647981780E-010  2.4495185065421269E-010  7.3436407223411956E-012 -1.0993853744694197E-009 -6.4787679558098192E-010 -5.6515829485628398E-011  2.5365166028779247E-010  7.5488804237488535E-002 -5.4399008242993355E-009 -3.4563907376419863E-009
 1.0990230264986985E-010 -4.9326040539123726E-010 -8.2430951455005876E-010  2.0284686486894401E-003  3.0584384763518910E-010 -1.3726811535642822E-009 -2.2939410103594892E-009 -2.0664211619205231E-001  1.1383563772873774E-009 -5.1091307520961046E-009 -8.5380980153933000E-009 -2.7436118315666053E-001 -8.1595202992353595E-010 -1.7051176131958200E-010 -2.8494954620349741E-010 -1.8609629114319742E-010  1.2789024654346988E-009  1.0020417381499066E-009  7.2528359409805393E-010 -3.2551957250043170E-009 -5.4399008242993355E-009  5.3160138417675340E-001  5.7824463642864876E-001
 5.8541273995606092E-011 -2.6274302494814746E-010 -4.3908120857991981E-010  1.1467976344042897E-003  1.8307267518616676E-010 -8.2166420276081934E-010 -1.3731155366784435E-009 -1.2280946775661518E-001  6.4204707658269974E-010 -2.8816122121458137E-009 -4.8155915775853960E-009 -1.6221680001075389E-001 -4.9741669167213471E-010 -1.0394670132265933E-010 -1.7370975443577665E-010 -1.1344681756619401E-010  7.7963925538074927E-010  6.1086101012840960E-010  4.6082891112139702E-010 -2.0682778723264774E-009 -3.4563907376419863E-009  5.7824463642864876E-001  6.5603112671390562E-001
