 2.3529981401265014E-003 -5.5456941122633595E-017 -4.1064157282888943E-017 -3.1447902591912723E-017  2.6872727319333902E-002 -3.7036346212104846E-016  2.4611389315420818E-016  6.8181116093821359E-016  3.3429389365143981E-002 -4.7011006198971482E-016  1.9168694409543472E-016  9.3579109143960781E-016 -2.2383114181517476E-018 -2.5454889047537459E-018  3.9134651422752641E-020 -3.9449456166602025E-018  1.0145059419858870E-018  5.9441739596936188E-018  2.2473759979317852E-002 -3.1116602350334002E-016  1.4072944198861729E-016 -5.1620319241810914E-016 -4.2110134292521450E-016
-5.5456941122633595E-017  2.3529981401268639E-003 -1.0733601507606403E-017 -3.0446721394699344E-017 -2.4806545706468272E-016  2.6872727319335959E-002 -5.3238392427185059E-016  1.1866535793017898E-017 -3.1268390654481889E-016  3.3429389365146521E-002 -6.1859154951160406E-016 -5.5053360102273839E-017 -1.6758407891800660E-018 -1.0921773668067924E-020  1.0701655881787477E-018 -8.4291828755228887E-019  3.7441495139637012E-019 -6.4688032391816763E-019 -2.1185310450366710E-016  2.2473759979319614E-002 -4.3256956176740389E-016 -1.5967778527254276E-016 -1.9069286614293188E-016
-4.1064157282888943E-017 -1.0733601507606403E-017  2.3529981401268826E-003  2.7670474776763848E-017 -6.7263902780999956E-016  4.3815320295570478E-016  2.6872727319336084E-002 -4.1676673867141610E-016 -8.1033270371565970E-016  4.4845312359431687E-016  3.3429389365146646E-002 -5.8172971405251390E-016  6.2810087734516737E-018 -7.4164739645590825E-020 -8.3292406672899416E-019  5.1465387716511799E-018  9.3655267940566386E-019  7.6715918415327363E-018 -5.5250942709860803E-016  3.3088495051542038E-016  2.2473759979319684E-002 -6.2242751656250665E-016 -8.1489788091265613E-016
-3.1447902591912723E-017 -3.0446721394699344E-017  2.7670474776763848E-017  5.3869945664077339E-004 -5.8343499938664106E-017 -3.6078471878152067E-016  1.3893295211135854E-016 -1.5677951548880204E-002 -1.4002906002805224E-016 -4.5545967202008500E-016  2.0776945678760533E-016 -2.1682529699129708E-002  2.4815114329055714E-016 -3.2686447279591219E-019 -1.1448592888292387E-018  2.0337174069847218E-016 -1.4174721816400981E-018  1.8111903873388801E-016 -7.4222134631689902E-017 -2.9734250903853589E-016  1.1784124776915084E-016  7.4499846916938686E-003  4.5870617896995531E-003
 2.6872727319333902E-002 -2.4806545706468272E-016 -6.7263902780999956E-016 -5.8343499938664106E-017  3.0690354627328820E-001  1.7000290064572944E-016  4.8225312632157387E-016 -9.2733222448112478E-016  3.8178477472704625E-001  1.0755285551056306E-016 -7.1123662515045147E-016 -1.3313099802699773E-015 -2.5562932400861467E-017 -2.9071093625326608E-017  4.4694247670049431E-019 -4.5053774602702942E-017  1.1586299656557385E-017  6.7886227036792222E-017  2.5666455636547997E-001  1.2490009027033371E-016 -3.4347524824338858E-016  3.8644359139467982E-016  1.9148181601985198E-016
-3.7036346212104846E-016  2.6872727319335959E-002  4.3815320295570478E-016 -3.6078471878152067E-016  1.7000290064572944E-016  3.0690354627328792E-001  3.0097452308197692E-016  5.5715694257721501E-016  1.6653345369377548E-016  3.8178477472704553E-001  8.8882894100361811E-016 -1.2082138827748159E-017 -1.9139161986684250E-017 -1.2473356464679962E-019  1.2221968027613167E-017 -9.6266600927512616E-018  4.2760556081929119E-018 -7.3877825300593970E-018  9.3675067702749185E-017  2.5666455636548013E-001  3.9204750557075919E-016  1.6245176907379396E-016  2.0198746550188775E-016
 2.4611389315420818E-016 -5.3238392427185059E-016  2.6872727319336084E-002  1.3893295211135854E-016  4.8225312632157387E-016  3.0097452308197692E-016  3.0690354627328831E-001  5.9952349080951416E-016  9.0552565445991164E-016 -7.2815017904126438E-016  3.8178477472704569E-001  9.3458419169609268E-016  7.1733093698958487E-017 -8.4700824501938668E-019 -9.5125197683810323E-018  5.8776728587379776E-017  1.0696024082918157E-017  8.7614432050315201E-017  5.2041704279305682E-016 -1.3032110113275625E-016  2.5666455636548008E-001  1.1952595650677869E-015  1.5477036827148250E-015
 6.8181116093821359E-016  1.1866535793017898E-017 -4.1676673867141610E-016 -1.5677951548880204E-002 -9.2733222448112478E-016  5.5715694257721501E-016  5.9952349080951416E-016  4.5644306287159697E-001  8.1309784155482683E-016  8.7871622007498330E-016 -3.2046029808526067E-016  6.3138996585722440E-001 -7.2001740787650624E-015  1.0965366453009434E-017  3.3155105079765226E-017 -5.9074177635984486E-015  3.9609740956698928E-017 -5.2551372137482467E-015 -2.3599940537470104E-017  3.3106967686104779E-016  4.2971749767968739E-016 -2.0832809295923113E-001 -1.2373649800951406E-001
 3.3429389365143981E-002 -3.1268390654481889E-016 -8.1033270371565970E-016 -1.4002906002805224E-016  3.8178477472704625E-001  1.6653345369377548E-016  9.0552565445991164E-016  8.1309784155482683E-016  4.7493623316944988E-001  6.9388939039073159E-017 -4.9613091412933320E-016  1.0667484890587072E-015 -3.1800018300682655E-017 -3.6164133864165053E-017  5.5599172722214080E-019 -5.6046420434604412E-017  1.4413234574878109E-017  8.4449750454251468E-017  3.1928800114011840E-001  1.1449174941447233E-016 -1.6653345369375709E-016 -2.6073043502679259E-016 -1.1615424943416935E-016
-4.7011006198971482E-016  3.3429389365146521E-002  4.4845312359431687E-016 -4.5545967202008500E-016  1.0755285551056306E-016  3.8178477472704553E-001 -7.2815017904126438E-016  8.7871622007498330E-016  6.9388939039073159E-017  4.7493623316944850E-001 -2.5804011705154932E-016  2.3533264863097907E-016 -2.3808915655361407E-017 -1.5516723888615700E-019  1.5203999324231969E-017 -1.1975463625347379E-017  5.3193680780754094E-018 -9.1903235502549490E-018  2.4286128663675996E-017  3.1928800114011840E-001 -4.6056908287184189E-016 -2.9982548617067383E-016 -2.7668321495325487E-016
 1.9168694409543472E-016 -6.1859154951160406E-016  3.3429389365146646E-002  2.0776945678760533E-016 -7.1123662515045147E-016  8.8882894100361811E-016  3.8178477472704569E-001 -3.2046029808526067E-016 -4.9613091412933320E-016 -2.5804011705154932E-016  4.7493623316944833E-001 -3.5205033704684774E-016  8.9235212010052539E-017 -1.0536693236148717E-018 -1.1833474265637756E-017  7.3117630458874990E-017  1.3305741150790657E-017  1.0899142942253123E-016 -4.4408920985003565E-016  2.5218542532013090E-016  3.1928800114011807E-001 -6.1550850761391141E-016 -7.4976336275789802E-016
 9.3579109143960781E-016 -5.5053360102273839E-017 -5.8172971405251390E-016 -2.1682529699129708E-002 -1.3313099802699773E-015 -1.2082138827748159E-017  9.3458419169609268E-016  6.3138996585722440E-001  1.0667484890587072E-015  2.3533264863097907E-016 -3.5205033704684774E-016  8.7349745755740027E-001 -9.9401123307595690E-015  1.6341102650094410E-017  4.5720464568114182E-017 -8.1607169171247365E-015  5.3449449008695038E-017 -7.2548490210715414E-015 -6.3863181787110379E-017 -2.0257384573167032E-016  6.6336331749600796E-016 -2.8124159917399527E-001 -1.6322276672229821E-001
-2.2383114181517476E-018 -1.6758407891800660E-018  6.2810087734516737E-018  2.4815114329055714E-016 -2.5562932400861467E-017 -1.9139161986684250E-017  7.1733093698958487E-017 -7.2001740787650624E-015 -3.1800018300682655E-017 -2.3808915655361407E-017  8.9235212010052539E-017 -9.9401123307595690E-015  1.1727159184420717E-028  4.7152839391106447E-032 -5.5248914109364134E-031  9.5232393387175343E-029 -8.7287357517551290E-031  8.5605104262863127E-029 -2.1378373706469008E-017 -1.6006151053545655E-017  5.9990648184205486E-017  4.5746518180750610E-015  3.4269095528162764E-015
-2.5454889047537459E-018 -1.0921773668067924E-020 -7.4164739645590825E-020 -3.2686447279591219E-019 -2.9071093625326608E-017 -1.2473356464679962E-019 -8.4700824501938668E-019  1.0965366453009434E-017 -3.6164133864165053E-017 -1.5516723888615700E-019 -1.0536693236148717E-018  1.6341102650094410E-017  4.7152839391106447E-032  1.5948819741083701E-032 -7.9462150464771301E-034 -1.7497138378334366E-032 -1.4970948293838035E-032  2.6849704872917718E-032 -2.4312261748059095E-017 -1.0431513556206328E-019 -7.0835608804683786E-019  7.1443714973664931E-017  8.4551199972846625E-017
 3.9134651422752641E-020  1.0701655881787477E-018 -8.3292406672899416E-019 -1.1448592888292387E-018  4.4694247670049431E-019  1.2221968027613167E-017 -9.5125197683810323E-018  3.3155105079765226E-017  5.5599172722214080E-019  1.5203999324231969E-017 -1.1833474265637756E-017  4.5720464568114182E-017 -5.5248914109364134E-031 -7.9462150464771301E-034  3.3811968541792609E-033 -4.4598366151375815E-031  4.5292947853365512E-033 -4.0403479479081373E-031  3.7377962521515759E-019  1.0221276488369635E-017 -7.9553550159868938E-018 -2.4416093505839648E-017 -1.9616464658936235E-017
-3.9449456166602025E-018 -8.4291828755228887E-019  5.1465387716511799E-018  2.0337174069847218E-016 -4.5053774602702942E-017 -9.6266600927512616E-018  5.8776728587379776E-017 -5.9074177635984486E-015 -5.6046420434604412E-017 -1.1975463625347379E-017  7.3117630458874990E-017 -8.1607169171247365E-015  9.5232393387175343E-029 -1.7497138378334366E-032 -4.4598366151375815E-031  7.7593198131609775E-029 -6.5008715861265905E-031  6.9507211078745153E-029 -3.7678636208063355E-017 -8.0508109860247632E-018  4.9155192732964501E-017  3.4076161285271689E-015  2.4158659503562617E-015
 1.0145059419858870E-018  3.7441495139637012E-019  9.3655267940566386E-019 -1.4174721816400981E-018  1.1586299656557385E-017  4.2760556081929119E-018  1.0696024082918157E-017  3.9609740956698928E-017  1.4413234574878109E-017  5.3193680780754094E-018  1.3305741150790657E-017  5.3449449008695038E-017 -8.7287357517551290E-031 -1.4970948293838035E-032  4.5292947853365512E-033 -6.5008715861265905E-031  2.1234162654627314E-032 -6.3332792458132139E-031  9.6896647085978202E-018  3.5760809185752201E-018  8.9451239956417647E-018 -1.0555134937103120E-016 -1.1088298407467172E-016
 5.9441739596936188E-018 -6.4688032391816763E-019  7.6715918415327363E-018  1.8111903873388801E-016  6.7886227036792222E-017 -7.3877825300593970E-018  8.7614432050315201E-017 -5.2551372137482467E-015  8.4449750454251468E-017 -9.1903235502549490E-018  1.0899142942253123E-016 -7.2548490210715414E-015  8.5605104262863127E-029  2.6849704872917718E-032 -4.0403479479081373E-031  6.9507211078745153E-029 -6.3332792458132139E-031  6.2518057417982397E-029  5.6773499548313278E-017 -6.1784295053849067E-018  7.3272269436022092E-017  3.3431971657076852E-015  2.5061304362320772E-015
 2.2473759979317852E-002 -2.1185310450366710E-016 -5.5250942709860803E-016 -7.4222134631689902E-017  2.5666455636547997E-001  9.3675067702749185E-017  5.2041704279305682E-016 -2.3599940537470104E-017  3.1928800114011840E-001  2.4286128663675996E-017 -4.4408920985003565E-016 -6.3863181787110379E-017 -2.1378373706469008E-017 -2.4312261748059095E-017  3.7377962521515759E-019 -3.7678636208063355E-017  9.6896647085978202E-018  5.6773499548313278E-017  2.1464950566464766E-001  6.2450045135167508E-017 -1.8735013540548205E-016  5.9151830045544638E-016  6.5641854623887922E-016
-3.1116602350334002E-016  2.2473759979319614E-002  3.3088495051542038E-016 -2.9734250903853589E-016  1.2490009027033371E-016  2.5666455636548013E-001 -1.3032110113275625E-016  3.3106967686104779E-016  1.1449174941447233E-016  3.1928800114011840E-001  2.5218542532013090E-016 -2.0257384573167032E-016 -1.6006151053545655E-017 -1.0431513556206328E-019  1.0221276488369635E-017 -8.0508109860247632E-018  3.5760809185752201E-018 -6.1784295053849067E-018  6.2450045135167508E-017  2.1464950566464827E-001  7.5894152074108945E-019 -1.8638873552000462E-016 -2.3392605153672560E-016
 1.4072944198861729E-016 -4.3256956176740389E-016  2.2473759979319684E-002  1.1784124776915084E-016 -3.4347524824338858E-016  3.9204750557075919E-016  2.5666455636548008E-001  4.2971749767968739E-016 -1.6653345369375709E-016 -4.6056908287184189E-016  3.1928800114011807E-001  6.6336331749600796E-016  5.9990648184205486E-017 -7.0835608804683786E-019 -7.9553550159868938E-018  4.9155192732964501E-017  8.9451239956417647E-018  7.3272269436022092E-017 -1.8735013540548205E-016  7.5894152074108945E-019  2.1464950566464785E-001 -2.1249809601192035E-016 -1.1136815714385505E-016
-5.1620319241810914E-016 -1.5967778527254276E-016 -6.2242751656250665E-016  7.4499846916938686E-003  3.8644359139467982E-016  1.6245176907379396E-016  1.1952595650677869E-015 -2.0832809295923113E-001 -2.6073043502679259E-016 -2.9982548617067383E-016 -6.1550850761391141E-016 -2.8124159917399527E-001  4.5746518180750610E-015  7.1443714973664931E-017 -2.4416093505839648E-017  3.4076161285271689E-015 -1.0555134937103120E-016  3.3431971657076852E-015  5.9151830045544638E-016 -1.8638873552000462E-016 -2.1249809601192035E-016  5.4711046623221538E-001  5.7398771203286814E-001
-4.2110134292521450E-016 -1.9069286614293188E-016 -8.1489788091265613E-016  4.5870617896995531E-003  1.9148181601985198E-016  2.0198746550188775E-016  1.5477036827148250E-015 -1.2373649800951406E-001 -1.1615424943416935E-016 -2.7668321495325487E-016 -7.4976336275789802E-016 -1.6322276672229821E-001  3.4269095528162764E-015  8.4551199972846625E-017 -1.9616464658936235E-017  2.4158659503562617E-015 -1.1088298407467172E-016  2.5061304362320772E-015  6.5641854623887922E-016 -2.3392605153672560E-016 -1.1136815714385505E-016  5.7398771203286814E-001  6.2602929991704992E-001
