 7.3670503693972177E-003  3.4809775192697341E-010 -3.2846469991682567E-010  3.2687232141088446E-010  4.1199804729736354E-002  1.0390063764524320E-009 -9.8040533466514336E-010  4.8193651468816643E-011  4.5752490068985664E-002  9.8241467729184157E-010 -9.2700564052498062E-010  2.0542184830606420E-010 -5.0354057918035758E-012 -5.5431254574013633E-011  5.2304866432120238E-011  3.1337153775243802E-012 -1.2245488568684973E-011  1.9016992638791688E-012  2.9623025935673404E-002  6.2860524787206764E-010 -5.9315135675493677E-010 -7.5533490428099967E-011 -4.6562866413909668E-011
 3.4809775192697341E-010  7.3670395339839505E-003  1.0234820158991311E-008 -1.0185207386459195E-008  1.0390064367340740E-009  4.1199772388063965E-002  3.0549013990227532E-008 -1.5016891097612368E-009  9.8241475600491950E-010  4.5752459488869232E-002  2.8885099625548670E-008 -6.4008532754342505E-009  2.5219000199677050E-010  1.4743014188853183E-011 -1.2245493217892079E-011 -1.9293390671114963E-010  4.3347626588529563E-010 -5.9256268892015367E-011  6.2860531129789194E-010  2.9623006368760928E-002  1.8482343223964898E-008  2.3535792624734806E-009  1.4508656940475978E-009
-3.2846469991682567E-010  1.0234820158991311E-008  7.3670407230080502E-003  9.6107455002223750E-009 -9.8040539353732133E-010  3.0549014514113975E-008  4.1199775937078208E-002  1.4169937427759530E-009 -9.2700561732305496E-010  2.8885100326376967E-008  4.5752462844578110E-002  6.0398384649932628E-009 -2.3796608455797416E-010 -1.2245483427446746E-011  1.3320404905475784E-011  9.2138161941168307E-011 -4.1505833073276360E-010  1.4582812675093164E-010 -5.9315136656696499E-010  1.8482343607338823E-008  2.9623008515936196E-002 -2.2208334609053953E-009 -1.3690336988456369E-009
 3.2687232141088446E-010 -1.0185207386459195E-008  9.6107455002223750E-009  3.3062503535688449E-004  1.8578594794990238E-009 -5.7890137990873043E-008  5.4625042645680657E-008 -1.2239191236716046E-002  2.0675929735412455E-009 -6.4425347466203861E-008  6.0791655906117345E-008 -1.6903605054457808E-002  1.1613253910185122E-011  6.8371733323614498E-013 -6.4515115068605442E-013 -6.8178617248776334E-012  2.0102742120946527E-011 -4.7952948824308286E-012  1.3390062552498531E-009 -4.1722884828608748E-008  3.9369648029435594E-008  5.6223707189974863E-003  3.3814878842687904E-003
 4.1199804729736354E-002  1.0390064367340740E-009 -9.8040539353732133E-010  1.8578594794990238E-009  2.3040753417670648E-001  7.3425971722737506E-010 -6.9284597370117351E-010 -8.3511994356385013E-010  2.5586816462823314E-001 -1.4317428346783072E-010  1.3509894270901706E-010 -3.7669827950051644E-010 -2.8160274465749485E-011 -3.0999610064817161E-010  2.9251195491581171E-010  1.7525156567500916E-011 -6.8482289141183473E-011  1.0635167389180357E-011  1.6566506578039333E-001 -1.3448402829449200E-010  1.2689895725628078E-010  9.8479814560673231E-011  6.0524842332427608E-011
 1.0390063764524320E-009  4.1199772388063965E-002  3.0549014514113975E-008 -5.7890137990873043E-008  7.3425971722737506E-010  2.3040751132104731E-001  2.1588792807930438E-008  2.6021990659249455E-008 -1.4317421668097637E-010  2.5586816908489074E-001 -4.2096329558600847E-009  1.1737758439574195E-008  1.4103598533493821E-009  8.2449563235967303E-011 -6.8482315141622734E-011 -1.0789728122120542E-009  2.4241941530807372E-009 -3.3138801202276395E-010 -1.3448391553746291E-010  1.6566506996654323E-001 -3.9541198850420768E-009 -3.0685589352111291E-009 -1.8858929483747374E-009
-9.8040533466514336E-010  3.0549013990227532E-008  4.1199775937078208E-002  5.4625042645680657E-008 -6.9284597370117351E-010  2.1588792807930438E-008  2.3040751382912156E-001 -2.4554313156288322E-008  1.3509943797257033E-010 -4.2096322342151609E-009  2.5586816859584260E-001 -1.1075734148140367E-008 -1.3308133132241690E-009 -6.8482260389068425E-011  7.4493691182988091E-011  5.1527835789886440E-010 -2.3211927364018459E-009  8.1553609693522382E-010  1.2689913810120108E-010 -3.9541198295309537E-009  1.6566506950717952E-001  2.8954856945580447E-009  1.7795228470586547E-009
 4.8193651468816643E-011 -1.5016891097612368E-009  1.4169937427759530E-009 -1.2239191236716046E-002 -8.3511994356385013E-010  2.6021990659249455E-008 -2.4554313156288322E-008  4.5308986031004778E-001 -1.0917090616838518E-009  3.4017200741246146E-008 -3.2098578770479161E-008  6.2578677526690041E-001 -4.3078660798390263E-010 -2.5362078683914844E-011  2.3931490215303141E-011  2.5290443612953998E-010 -7.4569901512958568E-010  1.7787855090190616E-010 -7.1836577354863652E-010  2.2383983595925624E-008 -2.1121490512532855E-008 -2.0552990903294543E-001 -1.2213180230114719E-001
 4.5752490068985664E-002  9.8241475600491950E-010 -9.2700561732305496E-010  2.0675929735412455E-009  2.5586816462823314E-001 -1.4317421668097637E-010  1.3509943797257033E-010 -1.0917090616838518E-009  2.8414226081691774E-001 -1.2234918337438114E-009  1.1544849760852947E-009 -6.4545066638479893E-010 -3.1272068800574585E-011 -3.4425147483537796E-010  3.2483528559294387E-010  1.9461738262976412E-011 -7.6049778722533269E-011  1.1810385497416353E-011  1.8397148546251876E-001 -8.3856648661761185E-010  7.9127012785173808E-010  1.6108844606510238E-010  8.4835171053784833E-011
 9.8241467729184157E-010  4.5752459488869232E-002  2.8885100326376967E-008 -6.4425347466203861E-008 -1.4317428346783072E-010  2.5586816908489074E-001 -4.2096322342151609E-009  3.4017200741246146E-008 -1.2234918337438114E-009  2.8414229890114973E-001 -3.5973267825784626E-008  2.0111970040352367E-008  1.5662086175856699E-009  9.1560473980170045E-011 -7.6049807596088344E-011 -1.1982023078157194E-009  2.6920744872933866E-009 -3.6800738794105803E-010 -8.3856640898873527E-010  1.8397151156498864E-001 -2.4655642494447874E-008 -5.0194594763614423E-009 -2.6434414455619752E-009
-9.2700564052498062E-010  2.8885099625548670E-008  4.5752462844578110E-002  6.0791655906117345E-008  1.3509894270901706E-010 -4.2096329558600847E-009  2.5586816859584260E-001 -3.2098578770479161E-008  1.1544849760852947E-009 -3.5973267825784626E-008  2.8414229472197311E-001 -1.8977624014279664E-008 -1.4778719591453516E-009 -7.6049746793221973E-011  8.2725455221871710E-011  5.7221814226705732E-010 -2.5776911135313248E-009  9.0565508463936619E-010  7.9126997346134893E-010 -2.4655642938537117E-008  1.8397150870063347E-001  4.7363575864146636E-009  2.4943510610406949E-009
 2.0542184830606420E-010 -6.4008532754342505E-009  6.0398384649932628E-009 -1.6903605054457808E-002 -3.7669827950051644E-010  1.1737758439574195E-008 -1.1075734148140367E-008  6.2578677526690041E-001 -6.4545066638479893E-010  2.0111970040352367E-008 -1.8977624014279664E-008  8.6434010509548653E-001 -5.9621116713372818E-010 -3.5101262757627814E-011  3.3121320978011030E-011  3.5002119635169801E-010 -1.0320517564402284E-009  2.4618494224995004E-010 -4.3351037549199974E-010  1.3508006551302080E-008 -1.2746131095703234E-008 -2.8007370347210592E-001 -1.6424563097044001E-001
-5.0354057918035758E-012  2.5219000199677050E-010 -2.3796608455797416E-010  1.1613253910185122E-011 -2.8160274465749485E-011  1.4103598533493821E-009 -1.3308133132241690E-009 -4.3078660798390263E-010 -3.1272068800574585E-011  1.5662086175856699E-009 -1.4778719591453516E-009 -5.9621116713372818E-010  1.6779379910359202E-017  9.6498256029925816E-019 -9.1055636305841497E-019 -9.8507549271598215E-018  2.9044012815011029E-017 -6.9286330408335185E-018 -2.0247495292777317E-011  1.0140615105300208E-009 -9.5686682759484619E-010  5.1247903780460465E-011 -5.2452786355429903E-011
-5.5431254574013633E-011  1.4743014188853183E-011 -1.2245483427446746E-011  6.8371733323614498E-013 -3.0999610064817161E-010  8.2449563235967303E-011 -6.8482260389068425E-011 -2.5362078683914844E-011 -3.4425147483537796E-010  9.1560473980170045E-011 -7.6049746793221973E-011 -3.5101262757627814E-011  9.6498256029925816E-019  4.6851637943687907E-019 -4.4169222797144475E-019 -5.7860265873391841E-019  1.6960244436648798E-018 -3.8638039082818126E-019 -2.2288995316514429E-010  5.9281982946878036E-011 -4.9239367226126686E-011  3.0173301143359981E-012 -3.0879034696547308E-012
 5.2304866432120238E-011 -1.2245493217892079E-011  1.3320404905475784E-011 -6.4515115068605442E-013  2.9251195491581171E-010 -6.8482315141622734E-011  7.4493691182988091E-011  2.3931490215303141E-011  3.2483528559294387E-010 -7.6049807596088344E-011  8.2725455221871710E-011  3.3121320978011030E-011 -9.1055636305841497E-019 -4.4169222797144475E-019  4.1720339918466539E-019  5.2442006716206502E-019 -1.6018119303016821E-018  3.8613676722782958E-019  2.1031869689685610E-010 -4.9239406593708467E-011  5.3561638679692916E-011 -2.8470285479658480E-012  2.9138472560357751E-012
 3.1337153775243802E-012 -1.9293390671114963E-010  9.2138161941168307E-011 -6.8178617248776334E-012  1.7525156567500916E-011 -1.0789728122120542E-009  5.1527835789886440E-010  2.5290443612953998E-010  1.9461738262976412E-011 -1.1982023078157194E-009  5.7221814226705732E-010  3.5002119635169801E-010 -9.8507549271598215E-018 -5.7860265873391841E-019  5.2442006716206502E-019  6.3636495947224496E-018 -1.7012162852223337E-017  3.4871098026845732E-018  1.2600747838191219E-011 -7.7579118409450996E-010  3.7048985150838735E-010 -3.0087809596884953E-011  3.0792129448415908E-011
-1.2245488568684973E-011  4.3347626588529563E-010 -4.1505833073276360E-010  2.0102742120946527E-011 -6.8482289141183473E-011  2.4241941530807372E-009 -2.3211927364018459E-009 -7.4569901512958568E-010 -7.6049778722533269E-011  2.6920744872933866E-009 -2.5776911135313248E-009 -1.0320517564402284E-009  2.9044012815011029E-017  1.6960244436648798E-018 -1.6018119303016821E-018 -1.7012162852223337E-017  5.0277595845198272E-017 -1.2031863929485211E-017 -4.9239387899160840E-011  1.7430175588870034E-009 -1.6689586014428674E-009  8.8712287544605807E-011 -9.0795169893473564E-011
 1.9016992638791688E-012 -5.9256268892015367E-011  1.4582812675093164E-010 -4.7952948824308286E-012  1.0635167389180357E-011 -3.3138801202276395E-010  8.1553609693522382E-010  1.7787855090190616E-010  1.1810385497416353E-011 -3.6800738794105803E-010  9.0565508463936619E-010  2.4618494224995004E-010 -6.9286330408335185E-018 -3.8638039082818126E-019  3.8613676722782958E-019  3.4871098026845732E-018 -1.2031863929485211E-017  3.4415268255978677E-018  7.6467830390127764E-012 -2.3827102451098014E-010  5.8637779691433768E-010 -2.1161672197423265E-011  2.1657867148426387E-011
 2.9623025935673404E-002  6.2860531129789194E-010 -5.9315136656696499E-010  1.3390062552498531E-009  1.6566506578039333E-001 -1.3448391553746291E-010  1.2689913810120108E-010 -7.1836577354863652E-010  1.8397148546251876E-001 -8.3856640898873527E-010  7.9126997346134893E-010 -4.3351037549199974E-010 -2.0247495292777317E-011 -2.2288995316514429E-010  2.1031869689685610E-010  1.2600747838191219E-011 -4.9239387899160840E-011  7.6467830390127764E-012  1.1911465533489769E-001 -5.7298348268694827E-010  5.4066640087845221E-010  1.4621134720197741E-010  1.0092973793757860E-010
 6.2860524787206764E-010  2.9623006368760928E-002  1.8482343607338823E-008 -4.1722884828608748E-008 -1.3448402829449200E-010  1.6566506996654323E-001 -3.9541198295309537E-009  2.2383983595925624E-008 -8.3856648661761185E-010  1.8397151156498864E-001 -2.4655642938537117E-008  1.3508006551302080E-008  1.0140615105300208E-009  5.9281982946878036E-011 -4.9239406593708467E-011 -7.7579118409450996E-010  1.7430175588870034E-009 -2.3827102451098014E-010 -5.7298348268694827E-010  1.1911467317043586E-001 -1.6846937958687168E-008 -4.5558956063142710E-009 -3.1449404741367715E-009
-5.9315135675493677E-010  1.8482343223964898E-008  2.9623008515936196E-002  3.9369648029435594E-008  1.2689895725628078E-010 -3.9541198850420768E-009  1.6566506950717952E-001 -2.1121490512532855E-008  7.9127012785173808E-010 -2.4655642494447874E-008  1.8397150870063347E-001 -1.2746131095703234E-008 -9.5686682759484619E-010 -4.9239367226126686E-011  5.3561638679692916E-011  3.7048985150838735E-010 -1.6689586014428674E-009  5.8637779691433768E-010  5.4066640087845221E-010 -1.6846937958687168E-008  1.1911467121325367E-001  4.2989330029062142E-009  2.9675578988891355E-009
-7.5533490428099967E-011  2.3535792624734806E-009 -2.2208334609053953E-009  5.6223707189974863E-003  9.8479814560673231E-011 -3.0685589352111291E-009  2.8954856945580447E-009 -2.0552990903294543E-001  1.6108844606510238E-010 -5.0194594763614423E-009  4.7363575864146636E-009 -2.8007370347210592E-001  5.1247903780460465E-011  3.0173301143359981E-012 -2.8470285479658480E-012 -3.0087809596884953E-011  8.8712287544605807E-011 -2.1161672197423265E-011  1.4621134720197741E-010 -4.5558956063142710E-009  4.2989330029062142E-009  5.3860311548476592E-001  5.7617557563349109E-001
-4.6562866413909668E-011  1.4508656940475978E-009 -1.3690336988456369E-009  3.3814878842687904E-003  6.0524842332427608E-011 -1.8858929483747374E-009  1.7795228470586547E-009 -1.2213180230114719E-001  8.4835171053784833E-011 -2.6434414455619752E-009  2.4943510610406949E-009 -1.6424563097044001E-001 -5.2452786355429903E-011 -3.0879034696547308E-012  2.9138472560357751E-012  3.0792129448415908E-011 -9.0795169893473564E-011  2.1657867148426387E-011  1.0092973793757860E-010 -3.1449404741367715E-009  2.9675578988891355E-009  5.7617557563349109E-001  6.4186487374578827E-001
