 7.3099740320200428E-004 -3.9484454746747206E-018  1.9942796817084003E-016  6.0612470334749501E-017 -1.2507889783845386E-002 -1.0282593118944390E-016 -2.7342068984877372E-015 -1.9325996430738687E-015 -1.5233059232011705E-002 -1.4333610703691453E-016 -3.2813508435652796E-015 -2.5398929612202142E-015  3.0475798629181606E-018  1.7469552118783448E-019 -1.0397297011214028E-018 -7.8982414297432437E-019  1.4403533084353031E-018 -8.0407484067047829E-019 -5.0058873135267181E-003  6.7518741914067365E-017 -9.0268915287783187E-016  4.4937852307011727E-003  1.9225429275444272E-015  3.9234955751981121E-015 -8.0899518887962001E-016 -1.1858647799247837E-015  2.4815465471085172E-003  1.1278504308737582E-015  2.2712409210316218E-015  6.3437210539387567E-015  3.8906637151722747E-015
-3.9484454746747206E-018  7.3099740320225928E-004  1.1567689999235868E-016 -2.7357473296169293E-017  1.6688999961087236E-016 -1.2507889783847660E-002 -1.6430787292060877E-015  4.7678961391706109E-016  2.2203308095745026E-016 -1.5233059232014238E-002 -1.9584519532907685E-015 -6.6379357871194479E-017  3.5531536699853763E-017 -2.8649991410803090E-018 -1.3372846565010467E-018  3.1064039996054056E-017  5.7907568409912992E-019  3.4682753176776091E-017  7.9824497884863739E-017 -5.0058873135271718E-003 -7.7214306029505291E-016  2.8060174008534407E-017  4.4937852307089096E-003 -1.4973746043298150E-015 -6.8687319367202993E-015 -5.9672078436268801E-015  1.9644384088249464E-017  2.4815465471130288E-003 -8.9850476041143833E-016  1.0120346672603554E-014  5.5810862848260199E-015
 1.9942796817084003E-016  1.1567689999235868E-016  7.3099740320188317E-004 -1.0559984034290618E-016 -8.8859998051221832E-016 -4.6700884913557399E-016 -1.2507889783844248E-002  1.5027059742064255E-015 -8.3132087982097976E-016 -4.2039322226663609E-016 -1.5233059232010428E-002  1.5123189175510516E-015 -5.5069394245258534E-018  2.3696249179892521E-018  8.7146314849601602E-019 -8.6415909820574695E-019 -1.8890031289553971E-018  6.8079071661298488E-019 -3.4970575790570918E-016 -2.7413689997063975E-016 -5.0058873135260988E-003 -5.0793940044691202E-016 -1.6977194201465956E-015  4.4937852307036759E-003 -3.5590626055926414E-015 -2.8197506181779585E-015 -3.0939233651171935E-016 -1.0036865865926167E-015  2.4815465471100069E-003 -6.4259679697843918E-017 -4.8309300403785236E-016
 6.0612470334749501E-017 -2.7357473296169293E-017 -1.0559984034290618E-016  6.1698148736632553E-004 -2.4703828595209775E-016 -3.2879896432870538E-016  8.9644828311923818E-016 -1.8939787063407442E-002 -2.1811551538244339E-016 -5.3835198437515304E-016  8.9864067585664479E-016 -2.2594338473441455E-002  1.2503544604283752E-015  1.8227910847228058E-017 -8.3763706668904310E-018  9.3411305664827570E-016  9.3555482499073909E-019  1.0065043133496749E-015 -1.0168788020846507E-017  3.0961363864856043E-018  2.6477933729491446E-016  1.3260655608392380E-015  2.4168111513039600E-015 -1.8270247355377955E-015  1.7658361920414943E-002  1.0443961330894470E-002  7.7582892517613787E-016  1.4216561159059196E-015 -1.0586936852305215E-015 -5.3963232962601741E-003 -1.9549318698557500E-003
-1.2507889783845386E-002  1.6688999961087236E-016 -8.8859998051221832E-016 -2.4703828595209775E-016  2.1401979455831668E-001  3.0058849939021760E-017  3.5592747496920404E-015  2.2831121724614197E-015  2.6064934685094077E-001  3.5367893336216423E-016  3.5302885261948623E-015  3.1780568864480883E-015 -5.2500627703193905E-017 -2.9067191015673650E-018  1.7994611027194051E-017  1.3228365672912761E-017 -2.4502280593553940E-017  1.4109320280288056E-017  8.5601854366137833E-002 -3.0386046784583101E-017  9.9009871787136090E-016 -7.7781756508690597E-002 -1.6622479058091973E-015 -3.7542871914582254E-015  1.8058098603968768E-015  2.2115829413485240E-015 -4.2983635886230595E-002 -9.7702670938022061E-016 -2.1866358821287931E-015 -8.4365233150208656E-015 -5.0772822738079648E-015
-1.0282593118944390E-016 -1.2507889783847660E-002 -4.6700884913557399E-016 -3.2879896432870538E-016  3.0058849939021760E-017  2.1401979455831968E-001  2.2979152912917129E-015 -3.7778289434938294E-016 -2.8617849919403725E-016  2.6064934685094032E-001  2.0612215786843197E-015  1.3718374781162874E-015 -6.0759348638112598E-016  4.8907285263790685E-017  2.2914063710747965E-017 -5.3141360696941367E-016 -1.0294186066361524E-017 -5.9307157898537085E-016 -1.3688792801612196E-016  8.5601854366137445E-002  8.6329477492419116E-016 -2.4565989573066945E-016 -7.7781756508705349E-002  9.3048824676076336E-016  8.2047216809626133E-015  7.8912635305530401E-015 -1.6234367725757887E-016 -4.2983635886239178E-002  5.4759874313844297E-016 -1.4388259112786590E-014 -8.0506169565188203E-015
-2.7342068984877372E-015 -1.6430787292060877E-015 -1.2507889783844248E-002  8.9644828311923818E-016  3.5592747496920404E-015  2.2979152912917129E-015  2.1401979455831316E-001 -3.5073620384018683E-015  3.5162617355520770E-017  2.5588412299406967E-016  2.6064934685093827E-001 -2.4972709618761667E-015  9.4951086923433554E-017 -4.0714069266046754E-017 -1.5384677115800065E-017  1.4232128241539991E-017  3.1757809013966729E-017 -1.2090699850568622E-017  6.0559022904767568E-016  5.9378376626122023E-016  8.5601854366136002E-002  7.2464007450598144E-016  4.8534873073284056E-016 -7.7781756508698993E-002  5.7577207251556832E-015  4.5871720773735905E-015  4.6800433808180791E-016  3.2678830701710377E-016 -4.2983635886235688E-002  9.1561956655517777E-017  7.7256110599916104E-016
-1.9325996430738687E-015  4.7678961391706109E-016  1.5027059742064255E-015 -1.8939787063407442E-002  2.2831121724614197E-015 -3.7778289434938294E-016 -3.5073620384018683E-015  6.0066839138673678E-001 -8.7986075380405218E-016  1.3783927488501646E-015  4.2112999511321278E-016  7.2698444586236133E-001 -3.7935419375390776E-014 -6.0403905584411501E-016  1.4159543029882372E-016 -2.7723687272138512E-014 -1.1195987501010033E-017 -3.0132666013464435E-014  4.2231639544360024E-016 -3.3947714168488656E-016 -1.0860650454685824E-015 -3.2198406443542824E-016 -3.9082301873128636E-015  2.4333860160655549E-015 -4.4386069318707599E-001 -2.2677570195548069E-001 -1.2009283365604709E-016 -2.3338393002596940E-015  1.3011936799273706E-015  1.1058148486353933E-001  3.9682055222288140E-002
-1.5233059232011705E-002  2.2203308095745026E-016 -8.3132087982097976E-016 -2.1811551538244339E-016  2.6064934685094077E-001 -2.8617849919403725E-016  3.5162617355520770E-017 -8.7986075380405218E-016  3.1743837549719112E-001  3.8319636509674124E-017 -9.3731583328531278E-016 -1.1138803633026748E-015 -6.3840190336512367E-017 -3.5630731624203960E-018  2.1858147937957295E-017  1.6190492394322352E-017 -2.9880774149362147E-017  1.7085267331839069E-017  1.0426711543311955E-001 -5.5038048810517523E-017 -3.3906135955317033E-016 -9.4479756265462123E-002 -3.5514155093964970E-017 -2.8209585277350522E-017 -1.4305580158781561E-015 -1.3930834234968042E-015 -5.2202637963850482E-002 -2.5906763658342081E-017 -4.8477389638360797E-017  5.0320388292637410E-015  3.0148009578640919E-015
-1.4333610703691453E-016 -1.5233059232014238E-002 -4.2039322226663609E-016 -5.3835198437515304E-016  3.5367893336216423E-016  2.6064934685094032E-001  2.5588412299406967E-016  1.3783927488501646E-015  3.8319636509674124E-017  3.1743837549718557E-001 -5.8766121829349916E-016  2.5517422490585911E-015 -7.4007882949539970E-016  5.9595134661370299E-017  2.7897496912959206E-017 -6.4722787849487366E-016 -1.2429188168334178E-017 -7.2239255861043820E-016  7.7322865509180175E-018  1.0426711543311942E-001 -2.1666306818997290E-016  3.8146121625505479E-016 -9.4479756265445025E-002 -2.1743061365435006E-015 -6.6302967349469486E-015 -4.4468184452840722E-015  2.0608692661084980E-016 -5.2202637963840393E-002 -1.3073617873483126E-015  1.0863813124115128E-014  6.2805814030792236E-015
-3.2813508435652796E-015 -1.9584519532907685E-015 -1.5233059232010428E-002  8.9864067585664479E-016  3.5302885261948623E-015  2.0612215786843197E-015  2.6064934685093827E-001  4.2112999511321278E-016 -9.3731583328531278E-016 -5.8766121829349916E-016  3.1743837549719028E-001  1.8965573210603366E-015  1.1543641087613694E-016 -4.9537696955799906E-017 -1.8604303902443757E-017  1.7487920915798048E-017  3.8834861145035715E-017 -1.4601436289344163E-017  2.9377262545008302E-016  3.8575505122496238E-016  1.0426711543311933E-001 -7.9227396128178442E-016  1.3543780043396342E-016 -9.4479756265451686E-002 -4.6546776421218936E-015 -3.6460416583263291E-015 -4.2469554349058496E-016  1.2115516509929470E-016 -5.2202637963844521E-002  3.3645774289745491E-016 -3.6085777305066186E-016
-2.5398929612202142E-015 -6.6379357871194479E-017  1.5123189175510516E-015 -2.2594338473441455E-002  3.1780568864480883E-015  1.3718374781162874E-015 -2.4972709618761667E-015  7.2698444586236133E-001 -1.1138803633026748E-015  2.5517422490585911E-015  1.8965573210603366E-015  8.8531240049403748E-001 -4.5015282963334229E-014 -7.4484783310730029E-016  1.0617842342149383E-016 -3.2561081396147718E-014 -3.9546559545321083E-018 -3.5535798229711340E-014  6.3586349080336224E-016  8.3908976741193180E-016 -8.2642789656290344E-016 -9.0281267297376746E-016  3.3553228657909590E-015 -2.1198699275912533E-015 -4.7641321400424419E-001 -2.1981591854180785E-001 -4.1732081104119423E-016  2.0374182949522205E-015 -1.3726478073412369E-015  1.0171393536622067E-001  3.6068361452376158E-002
 3.0475798629181606E-018  3.5531536699853763E-017 -5.5069394245258534E-018  1.2503544604283752E-015 -5.2500627703193905E-017 -6.0759348638112598E-016  9.4951086923433554E-017 -3.7935419375390776E-014 -6.3840190336512367E-017 -7.4007882949539970E-016  1.1543641087613694E-016 -4.5015282963334229E-014  2.5613937505201018E-027  3.7183083690582466E-029 -1.7935448683126425E-029  1.9333878526273637E-027  2.1885883021921863E-030  2.0755772047875726E-027  1.5121108153222285E-018 -2.6710732279306972E-016 -7.9810407865702934E-018  3.9834291879932451E-016 -1.8500014789297685E-016 -8.0882043987188506E-016  3.8004361641673659E-014  2.3350595933168540E-014  2.3327888573798733E-016 -1.1630233018578267E-016 -4.7381084275827636E-016 -8.7211050739694735E-015 -2.1768496916002051E-015
 1.7469552118783448E-019 -2.8649991410803090E-018  2.3696249179892521E-018  1.8227910847228058E-017 -2.9067191015673650E-018  4.8907285263790685E-017 -4.0714069266046754E-017 -6.0403905584411501E-016 -3.5630731624203960E-018  5.9595134661370299E-017 -4.9537696955799906E-017 -7.4484783310730029E-016  3.7183083690582466E-029  9.1179024425354276E-031  4.0392301241298569E-031  2.7323946952594730E-029  2.2650677198889538E-031  2.9855657257990266E-029 -6.4039254156483839E-018  2.6877349435684815E-017 -5.6102573091825328E-018 -8.7249195045594900E-017  1.0548221497994825E-016  1.9463567748093368E-016  2.8770838403354963E-016  9.2623199303904656E-017 -5.1276652646854417E-017  6.2564145717642548E-017  1.1379343063875635E-016  3.7349932140105639E-016  2.5131225625452892E-016
-1.0397297011214028E-018 -1.3372846565010467E-018  8.7146314849601602E-019 -8.3763706668904310E-018  1.7994611027194051E-017  2.2914063710747965E-017 -1.5384677115800065E-017  1.4159543029882372E-016  2.1858147937957295E-017  2.7897496912959206E-017 -1.8604303902443757E-017  1.0617842342149383E-016 -1.7935448683126425E-029  4.0392301241298569E-031  1.4961280241088958E-030 -1.5479745913784398E-029  3.0858168359848762E-031 -1.5290596206671449E-029 -5.7709451667508682E-018  7.1261529093640417E-018  2.3928568671396541E-017 -2.2502898363476174E-016 -4.2677746552602455E-017  5.1241191315806168E-016 -8.3859020493610350E-016 -7.0349692995567070E-016 -1.3192915536218501E-016 -2.4775263681430886E-017  3.0073735436349680E-016  9.5962218574534971E-016  5.0769569991080540E-016
-7.8982414297432437E-019  3.1064039996054056E-017 -8.6415909820574695E-019  9.3411305664827570E-016  1.3228365672912761E-017 -5.3141360696941367E-016  1.4232128241539991E-017 -2.7723687272138512E-014  1.6190492394322352E-017 -6.4722787849487366E-016  1.7487920915798048E-017 -3.2561081396147718E-014  1.9333878526273637E-027  2.7323946952594730E-029 -1.5479745913784398E-029  1.4832975670358547E-027  3.2525145617117475E-030  1.5832275179569649E-027  2.3479274195162914E-017 -2.1995279613879237E-016  4.0926341662887813E-017  3.0162831502063989E-016  6.8417448120015189E-017  5.8844707681556393E-016  3.1510543410002333E-014  2.0452960922479804E-014  1.7730805817456474E-016  3.3485450607324249E-017  3.4576469533366540E-016 -6.7366785727682225E-015 -1.2808456474533127E-015
 1.4403533084353031E-018  5.7907568409912992E-019 -1.8890031289553971E-018  9.3555482499073909E-019 -2.4502280593553940E-017 -1.0294186066361524E-017  3.1757809013966729E-017 -1.1195987501010033E-017 -2.9880774149362147E-017 -1.2429188168334178E-017  3.8834861145035715E-017 -3.9546559545321083E-018  2.1885883021921863E-030  2.2650677198889538E-031  3.0858168359848762E-031  3.2525145617117475E-030  6.3510466413192952E-031  3.0922583412719284E-030 -1.8908413429868215E-017  2.0402032734310991E-017  4.8584692677493813E-017 -1.4454965402649130E-016  4.1684355874067890E-016  5.9300484865634534E-016  1.1366844602753148E-016  1.0143827927012709E-016 -8.5200350964145818E-017  2.4467574748478577E-016  3.4866219749027199E-016  7.9281025858316389E-017  6.7409097058530065E-017
-8.0407484067047829E-019  3.4682753176776091E-017  6.8079071661298488E-019  1.0065043133496749E-015  1.4109320280288056E-017 -5.9307157898537085E-016 -1.2090699850568622E-017 -3.0132666013464435E-014  1.7085267331839069E-017 -7.2239255861043820E-016 -1.4601436289344163E-017 -3.5535798229711340E-014  2.0755772047875726E-027  2.9855657257990266E-029 -1.5290596206671449E-029  1.5832275179569649E-027  3.0922583412719284E-030  1.6940743016278079E-027 -1.6665501384517740E-017 -2.6120720255860676E-016  2.3248741544163372E-017 -3.8098622565393216E-016 -1.8873176542521493E-016  4.7756391276257137E-016  3.2631651758172558E-014  2.0768669368583232E-014 -2.2356925439559631E-016 -1.1831089448762612E-016  2.8031318993186133E-016 -6.9062203369462386E-015 -1.3585315183582076E-015
-5.0058873135267181E-003  7.9824497884863739E-017 -3.4970575790570918E-016 -1.0168788020846507E-017  8.5601854366137833E-002 -1.3688792801612196E-016  6.0559022904767568E-016  4.2231639544360024E-016  1.0426711543311955E-001  7.7322865509180175E-018  2.9377262545008302E-016  6.3586349080336224E-016  1.5121108153222285E-018 -6.4039254156483839E-018 -5.7709451667508682E-018  2.3479274195162914E-017 -1.8908413429868215E-017 -1.6665501384517740E-017  3.7594454609604755E-002  1.0192888729871027E-017  1.6929816923441692E-016  2.5433606379642999E-002  8.1865684713834973E-016  6.5832755913448374E-016  9.6008266791554424E-016  8.8783888179570681E-016  1.6015196318573795E-002  4.8085421109181568E-016  4.1112946380728593E-016 -2.8723823522153493E-015 -1.7063140360593483E-015
 6.7518741914067365E-017 -5.0058873135271718E-003 -2.7413689997063975E-016  3.0961363864856043E-018 -3.0386046784583101E-017  8.5601854366137445E-002  5.9378376626122023E-016 -3.3947714168488656E-016 -5.5038048810517523E-017  1.0426711543311942E-001  3.8575505122496238E-016  8.3908976741193180E-016 -2.6710732279306972E-016  2.6877349435684815E-017  7.1261529093640417E-018 -2.1995279613879237E-016  2.0402032734310991E-017 -2.6120720255860676E-016  1.0192888729871027E-017  3.7594454609603367E-002  3.5371691272199988E-016 -1.8309739207771140E-016  2.5433606379632528E-002  2.3625835804308671E-015  3.2647400093614481E-015  3.1713810108737582E-015 -9.8167520637561381E-017  1.6015196318567466E-002  1.4340497051553079E-015 -7.7177250420366071E-015 -4.4807420406882842E-015
-9.0268915287783187E-016 -7.7214306029505291E-016 -5.0058873135260988E-003  2.6477933729491446E-016  9.9009871787136090E-016  8.6329477492419116E-016  8.5601854366136002E-002 -1.0860650454685824E-015 -3.3906135955317033E-016 -2.1666306818997290E-016  1.0426711543311933E-001 -8.2642789656290344E-016 -7.9810407865702934E-018 -5.6102573091825328E-018  2.3928568671396541E-017  4.0926341662887813E-017  4.8584692677493813E-017  2.3248741544163372E-017  1.6929816923441692E-016  3.5371691272199988E-016  3.7594454609603263E-002  2.5066754227952313E-016  7.4296759228895571E-016  2.5433606379634648E-002  2.8680033221273956E-015  2.3248485222375288E-015  1.7694179455017849E-016  4.6526379451013079E-016  1.6015196318568813E-002  3.6677068028026060E-016  6.0268964291737615E-016
 4.4937852307011727E-003  2.8060174008534407E-017 -5.0793940044691202E-016  1.3260655608392380E-015 -7.7781756508690597E-002 -2.4565989573066945E-016  7.2464007450598144E-016 -3.2198406443542824E-016 -9.4479756265462123E-002  3.8146121625505479E-016 -7.9227396128178442E-016 -9.0281267297376746E-016  3.9834291879932451E-016 -8.7249195045594900E-017 -2.2502898363476174E-016  3.0162831502063989E-016 -1.4454965402649130E-016 -3.8098622565393216E-016  2.5433606379642999E-002 -1.8309739207771140E-016  2.5066754227952313E-016  9.8092167190639556E-001 -1.6680126312384164E-016 -5.4296844795294126E-016  6.8271421184392385E-016 -8.0852476451251709E-016  5.7509940310739660E-001 -6.2331594000242558E-017  1.5135462329535736E-016  1.1550490170556004E-015  6.7588750440600813E-016
 1.9225429275444272E-015  4.4937852307089096E-003 -1.6977194201465956E-015  2.4168111513039600E-015 -1.6622479058091973E-015 -7.7781756508705349E-002  4.8534873073284056E-016 -3.9082301873128636E-015 -3.5514155093964970E-017 -9.4479756265445025E-002  1.3543780043396342E-016  3.3553228657909590E-015 -1.8500014789297685E-016  1.0548221497994825E-016 -4.2677746552602455E-017  6.8417448120015189E-017  4.1684355874067890E-016 -1.8873176542521493E-016  8.1865684713834973E-016  2.5433606379632528E-002  7.4296759228895571E-016 -1.6680126312384164E-016  9.8092167190640001E-001  3.0411759955433203E-016 -2.8234321578622487E-015 -1.8954051326047326E-015  1.7632574502428035E-016  5.7509940310739549E-001  1.0403594997465026E-015  3.8287713951989821E-015  2.2433989568659605E-015
 3.9234955751981121E-015 -1.4973746043298150E-015  4.4937852307036759E-003 -1.8270247355377955E-015 -3.7542871914582254E-015  9.3048824676076336E-016 -7.7781756508698993E-002  2.4333860160655549E-015 -2.8209585277350522E-017 -2.1743061365435006E-015 -9.4479756265451686E-002 -2.1198699275912533E-015 -8.0882043987188506E-016  1.9463567748093368E-016  5.1241191315806168E-016  5.8844707681556393E-016  5.9300484865634534E-016  4.7756391276257137E-016  6.5832755913448374E-016  2.3625835804308671E-015  2.5433606379634648E-002 -5.4296844795294126E-016  3.0411759955433203E-016  9.8092167190639812E-001  8.8013463931506868E-016 -6.8408557883688104E-016 -6.0715321642786881E-017  4.0360093161716695E-016  5.7509940310739760E-001 -7.0727614204520910E-016 -5.6171376058401081E-016
-8.0899518887962001E-016 -6.8687319367202993E-015 -3.5590626055926414E-015  1.7658361920414943E-002  1.8058098603968768E-015  8.2047216809626133E-015  5.7577207251556832E-015 -4.4386069318707599E-001 -1.4305580158781561E-015 -6.6302967349469486E-015 -4.6546776421218936E-015 -4.7641321400424419E-001  3.8004361641673659E-014  2.8770838403354963E-016 -8.3859020493610350E-016  3.1510543410002333E-014  1.1366844602753148E-016  3.2631651758172558E-014  9.6008266791554424E-016  3.2647400093614481E-015  2.8680033221273956E-015  6.8271421184392385E-016 -2.8234321578622487E-015  8.8013463931506868E-016  1.0063037111440805E+000  7.7720449321510665E-001  6.7183733941345714E-016 -4.8824235552195050E-016  6.8927254629880445E-016 -4.5027786185491614E-001 -1.6933137455888592E-001
-1.1858647799247837E-015 -5.9672078436268801E-015 -2.8197506181779585E-015  1.0443961330894470E-002  2.2115829413485240E-015  7.8912635305530401E-015  4.5871720773735905E-015 -2.2677570195548069E-001 -1.3930834234968042E-015 -4.4468184452840722E-015 -3.6460416583263291E-015 -2.1981591854180785E-001  2.3350595933168540E-014  9.2623199303904656E-017 -7.0349692995567070E-016  2.0452960922479804E-014  1.0143827927012709E-016  2.0768669368583232E-014  8.8783888179570681E-016  3.1713810108737582E-015  2.3248485222375288E-015 -8.0852476451251709E-016 -1.8954051326047326E-015 -6.8408557883688104E-016  7.7720449321510665E-001  6.3378509971486996E-001 -2.2491089459155235E-016 -1.1069559412230078E-016 -2.5039148832159852E-016 -3.5800508538253206E-001 -1.3109186017773633E-001
 2.4815465471085172E-003  1.9644384088249464E-017 -3.0939233651171935E-016  7.7582892517613787E-016 -4.2983635886230595E-002 -1.6234367725757887E-016  4.6800433808180791E-016 -1.2009283365604709E-016 -5.2202637963850482E-002  2.0608692661084980E-016 -4.2469554349058496E-016 -4.1732081104119423E-016  2.3327888573798733E-016 -5.1276652646854417E-017 -1.3192915536218501E-016  1.7730805817456474E-016 -8.5200350964145818E-017 -2.2356925439559631E-016  1.6015196318573795E-002 -9.8167520637561381E-017  1.7694179455017849E-016  5.7509940310739660E-001  1.7632574502428035E-016 -6.0715321642786881E-017  6.7183733941345714E-016 -2.2491089459155235E-016  3.3720499216159561E-001  1.2423430757352311E-016  2.4372864838440696E-016 -2.6700766339451620E-016 -1.7282330520627777E-016
 1.1278504308737582E-015  2.4815465471130288E-003 -1.0036865865926167E-015  1.4216561159059196E-015 -9.7702670938022061E-016 -4.2983635886239178E-002  3.2678830701710377E-016 -2.3338393002596940E-015 -2.5906763658342081E-017 -5.2202637963840393E-002  1.2115516509929470E-016  2.0374182949522205E-015 -1.1630233018578267E-016  6.2564145717642548E-017 -2.4775263681430886E-017  3.3485450607324249E-017  2.4467574748478577E-016 -1.1831089448762612E-016  4.8085421109181568E-016  1.6015196318567466E-002  4.6526379451013079E-016 -6.2331594000242558E-017  5.7509940310739549E-001  4.0360093161716695E-016 -4.8824235552195050E-016 -1.1069559412230078E-016  1.2423430757352311E-016  3.3720499216159300E-001  7.4329924908751138E-016 -1.0574231831926997E-015 -6.5675231650453775E-016
 2.2712409210316218E-015 -8.9850476041143833E-016  2.4815465471100069E-003 -1.0586936852305215E-015 -2.1866358821287931E-015  5.4759874313844297E-016 -4.2983635886235688E-002  1.3011936799273706E-015 -4.8477389638360797E-017 -1.3073617873483126E-015 -5.2202637963844521E-002 -1.3726478073412369E-015 -4.7381084275827636E-016  1.1379343063875635E-016  3.0073735436349680E-016  3.4576469533366540E-016  3.4866219749027199E-016  2.8031318993186133E-016  4.1112946380728593E-016  1.4340497051553079E-015  1.6015196318568813E-002  1.5135462329535736E-016  1.0403594997465026E-015  5.7509940310739760E-001  6.8927254629880445E-016 -2.5039148832159852E-016  2.4372864838440696E-016  7.4329924908751138E-016  3.3720499216159600E-001  1.0995832790977624E-015  6.7172525297901511E-016
 6.3437210539387567E-015  1.0120346672603554E-014 -6.4259679697843918E-017 -5.3963232962601741E-003 -8.4365233150208656E-015 -1.4388259112786590E-014  9.1561956655517777E-017  1.1058148486353933E-001  5.0320388292637410E-015  1.0863813124115128E-014  3.3645774289745491E-016  1.0171393536622067E-001 -8.7211050739694735E-015  3.7349932140105639E-016  9.5962218574534971E-016 -6.7366785727682225E-015  7.9281025858316389E-017 -6.9062203369462386E-015 -2.8723823522153493E-015 -7.7177250420366071E-015  3.6677068028026060E-016  1.1550490170556004E-015  3.8287713951989821E-015 -7.0727614204520910E-016 -4.5027786185491614E-001 -3.5800508538253206E-001 -2.6700766339451620E-016 -1.0574231831926997E-015  1.0995832790977624E-015  1.0554819887728786E+000  6.2487943556178527E-001
 3.8906637151722747E-015  5.5810862848260199E-015 -4.8309300403785236E-016 -1.9549318698557500E-003 -5.0772822738079648E-015 -8.0506169565188203E-015  7.7256110599916104E-016  3.9682055222288140E-002  3.0148009578640919E-015  6.2805814030792236E-015 -3.6085777305066186E-016  3.6068361452376158E-002 -2.1768496916002051E-015  2.5131225625452892E-016  5.0769569991080540E-016 -1.2808456474533127E-015  6.7409097058530065E-017 -1.3585315183582076E-015 -1.7063140360593483E-015 -4.4807420406882842E-015  6.0268964291737615E-016  6.7588750440600813E-016  2.2433989568659605E-015 -5.6171376058401081E-016 -1.6933137455888592E-001 -1.3109186017773633E-001 -1.7282330520627777E-016 -6.5675231650453775E-016  6.7172525297901511E-016  6.2487943556178527E-001  3.8274189097630662E-001
