 2.8279364641985620E-003 -5.1948403316956331E-017 -3.0309035844606089E-017 -1.7973875988838086E-016 -2.2065466562264307E-002  8.0526471012669336E-016 -3.7135374951532985E-016  5.5113589752067185E-015 -3.6822255754196634E-002  1.5699897310153653E-015 -9.7039503745072465E-016  8.4834514106586460E-015 -5.4180557154983278E-019  2.4350646074366945E-018  4.7353538435076860E-018  9.0940028847510976E-018  1.3324285873902347E-017  9.7210805446505712E-018 -1.6606856632352444E-002  6.3794098484878975E-016 -4.3433139029765492E-016 -1.3558604996660350E-015  1.0322700967397212E-002 -9.6042739326411925E-016 -1.0512830840235336E-015  3.8368403487287277E-016  5.1215529691138661E-003 -4.9536745748892475E-016 -5.5353264289895266E-016 -3.4341758781589660E-016 -9.2911115983375860E-017
-5.1948403316956331E-017  2.8279364641979384E-003  2.0609781755089539E-016 -5.4026676719517083E-016 -4.5409450908644595E-016 -2.2065466562261708E-002 -2.2022168237877372E-015  1.8335277116473535E-014 -8.9937624423613624E-016 -3.6822255754192644E-002 -4.0554132567068548E-015  2.7385313313587983E-014  3.9154499909439547E-017 -1.9111857792561453E-019  2.6613292842881156E-018  4.2579892458251257E-017  1.3359139730253733E-019  4.2565503351245120E-017 -2.1482093100142252E-016 -1.6606856632350477E-002 -1.0792685856397989E-015 -1.2902606083467832E-014  2.8952738892780415E-015  1.0322700967396526E-002  1.1866795534515943E-014 -6.5835225316563386E-015  1.5152254457557167E-015  5.1215529691135435E-003  6.2045826630717501E-015 -3.0197591665640033E-015 -2.7084940371824989E-015
-3.0309035844606089E-017  2.0609781755089539E-016  2.8279364641983391E-003  3.8611927357250165E-016  6.6694574879467694E-016  3.5190412956334138E-016 -2.2065466562263211E-002 -1.1872323073757844E-014  1.1647322417589937E-015  1.1058854218747916E-015 -3.6822255754195177E-002 -1.7881966327077784E-014 -1.4404148892648308E-017  1.0561321450173309E-017 -4.8903133166900284E-018 -2.4941974169911554E-017 -1.3577237895081292E-017 -1.8608049127498282E-017  8.9754406299790735E-016  5.6514733572972859E-016 -1.6606856632351605E-002  9.7088777440092236E-015  4.8582150672178489E-015  1.7041379146636913E-015  1.0322700967393789E-002  5.3732326006042717E-015  2.5637993247495131E-015  9.0078468823914961E-016  5.1215529691120880E-003 -1.8631503735587202E-015 -4.5872823595407015E-016
-1.7973875988838086E-016 -5.4026676719517083E-016  3.8611927357250165E-016  4.5576032588243712E-004  3.1219687319453818E-016  5.3163068652380494E-016 -6.4676057538348449E-016 -1.4464312648168266E-002  4.4039158271886024E-016 -2.2270913304580515E-016 -1.6039586414125083E-016 -2.1189364559793700E-002 -6.7511531406330377E-016  5.7767713464385732E-019 -7.0323814023923037E-018 -6.0396530569742679E-016 -3.8399395189050723E-018 -5.1402676586425706E-016  1.4385351530007102E-016  1.3145269766025565E-017 -2.1372049629565297E-016  1.5444968962455678E-002  8.5573321430103376E-019 -3.7398578659801758E-016  8.0404131063806551E-016  9.8880671565139862E-003 -6.6508748005414109E-018 -1.7620978642695232E-016  4.0585905894614970E-016 -5.0382349483634667E-003 -1.7648166291755780E-003
-2.2065466562264307E-002 -4.5409450908644595E-016  6.6694574879467694E-016  3.1219687319453818E-016  1.7224625593240589E-001  2.9890957882390713E-016 -7.1409409079815496E-016 -3.0901488929247485E-015  2.8752501497347804E-001 -1.2911371455292192E-015  1.4874058431254714E-015 -4.6988321043337733E-015  3.8200150565656172E-018 -1.7308359277440380E-017 -4.0423738544184135E-017 -7.2853609714645844E-017 -1.0853212433294097E-016 -7.8235799824670112E-017  1.2908259661114171E-001 -2.3896384566260514E-016  2.5780972408987174E-016  9.4161860563470975E-016 -8.9447622760069692E-002  1.1757422380788086E-015  3.6519452826372517E-015 -2.0472103070331080E-017 -4.4639564634129679E-002  6.3725175108863311E-016  1.8719428134320081E-015 -7.4343014543360105E-016 -5.0319727259796525E-016
 8.0526471012669336E-016 -2.2065466562261708E-002  3.5190412956334138E-016  5.3163068652380494E-016  2.9890957882390713E-016  1.7224625593240331E-001  1.1410267342970395E-015 -1.9078963926853090E-014  1.4449712835234641E-015  2.8752501497347643E-001  4.1642001645825948E-015 -2.8047658851497518E-014 -3.0835370029224934E-016  4.8427850583344295E-018 -1.8946556191612271E-017 -3.3834514630811731E-016 -1.0802462360466322E-018 -3.3785456791206137E-016  3.4180628755910846E-016  1.2908259661113966E-001  8.6299848605558395E-016  1.2194776776536845E-014 -3.5097041369045053E-015 -8.9447622760072454E-002 -1.2814889615399636E-014  6.0820852407014435E-015 -1.8390305844058975E-015 -4.4639564634131192E-002 -6.7047551557108353E-015  4.6404824458995897E-015  3.6257487952614897E-015
-3.7135374951532985E-016 -2.2022168237877372E-015 -2.2065466562263211E-002 -6.4676057538348449E-016 -7.1409409079815496E-016  1.1410267342970395E-015  1.7224625593240267E-001  1.4185382977042354E-014 -1.8373418351741001E-015 -2.5029609918091978E-015  2.8752501497347593E-001  2.2687173559055254E-014  1.0084740070859539E-016 -8.5432669358597994E-017  4.1496720861044810E-017  2.0235867589783828E-016  1.1260603029124914E-016  1.4323931683044056E-016 -1.4464815521579459E-015 -6.2301035693468490E-016  1.2908259661113802E-001 -1.1875734487617932E-014 -5.3260618571725924E-015 -6.7787410704429986E-016 -8.9447622760065182E-002 -6.4797244622261066E-015 -2.8308247673055821E-015 -3.3557752246129116E-016 -4.4639564634127382E-002  9.5082120313156926E-016 -2.5037539664819838E-016
 5.5113589752067185E-015  1.8335277116473535E-014 -1.1872323073757844E-014 -1.4464312648168266E-002 -3.0901488929247485E-015 -1.9078963926853090E-014  1.4185382977042354E-014  4.7714581440243098E-001 -2.4005968656112561E-015  6.1518406864120729E-015 -7.1323261261815342E-015  7.0933783077160040E-001  2.5987516064044907E-014 -1.2123254050138308E-017  1.6813717443969707E-016  2.3910443452997466E-014  6.9659834691658677E-017  2.0212481718000384E-014  1.3002087482361608E-015 -2.1321883725512152E-015  2.7934894100050720E-015 -3.9757300749918439E-001 -9.7595866896890617E-016  1.9297950614170049E-016 -5.0569376163240243E-015 -2.2359577519459203E-001 -7.8367562064388888E-017 -4.2404678661260095E-016 -2.1759597048064431E-015  1.0638063884740553E-001  3.6870880775314134E-002
-3.6822255754196634E-002 -8.9937624423613624E-016  1.1647322417589937E-015  4.4039158271886024E-016  2.8752501497347804E-001  1.4449712835234641E-015 -1.8373418351741001E-015 -2.4005968656112561E-015  4.8005056040966582E-001 -6.2713471116495580E-016  1.3871945398061092E-015 -3.7074534359551687E-015  5.9220355028934048E-018 -2.7004496731518138E-017 -7.1318703067648794E-017 -1.2368244461628632E-016 -1.8618894239245934E-016 -1.3320766016917172E-016  2.1485934614348082E-001  2.2743247119057405E-016 -6.2863736026605002E-016 -9.2785264714327350E-017 -1.5915788987619084E-001  3.7666154444849192E-016 -2.2190907965345275E-015 -6.3128532651291886E-016 -7.9689726428659763E-002  2.4545466433769873E-016 -1.2518198283516727E-015  3.4721849226242498E-015  2.0412592144163168E-015
 1.5699897310153653E-015 -3.6822255754192644E-002  1.1058854218747916E-015 -2.2270913304580515E-016 -1.2911371455292192E-015  2.8752501497347643E-001 -2.5029609918091978E-015  6.1518406864120729E-015 -6.2713471116495580E-016  4.8005056040966759E-001 -6.6822606207076089E-016  1.0366454328041084E-014 -5.1773157167453599E-016  1.1804677119653239E-017 -2.9596891008586994E-017 -5.7140664895558569E-016 -1.8447615918811980E-018 -5.7016773372251093E-016 -3.5760544330370543E-016  2.1485934614347960E-001 -2.6351841508243471E-016 -3.4651674354300265E-015  1.4872665221191003E-015 -1.5915788987619353E-001  6.3942368122850454E-015 -7.9406153812328773E-016  7.6670907786124905E-016 -7.9689726428661234E-002  3.3520793470759916E-015 -4.7794054264868933E-015 -3.0582611925865596E-015
-9.7039503745072465E-016 -4.0554132567068548E-015 -3.6822255754195177E-002 -1.6039586414125083E-016  1.4874058431254714E-015  4.1642001645825948E-015  2.8752501497347593E-001 -7.1323261261815342E-015  1.3871945398061092E-015 -6.6822606207076089E-016  4.8005056040966798E-001 -8.1983842955904598E-015  1.5546800719761352E-016 -1.4592939110779389E-016  7.2958058582961117E-017  3.4629400058769400E-016  1.9532044065291797E-016  2.3686411142274483E-016  3.8518315056620305E-016  7.2581212479907473E-016  2.1485934614347618E-001  3.8917600544103619E-015  2.1391850964226985E-015 -4.6047862746009448E-016 -1.5915788987619844E-001  1.9084034300009776E-015  1.0978089097502829E-015 -1.6775429240834218E-016 -7.9689726428663801E-002  6.0097030423323935E-016  6.0803330614439473E-016
 8.4834514106586460E-015  2.7385313313587983E-014 -1.7881966327077784E-014 -2.1189364559793700E-002 -4.6988321043337733E-015 -2.8047658851497518E-014  2.2687173559055254E-014  7.0933783077160040E-001 -3.7074534359551687E-015  1.0366454328041084E-014 -8.1983842955904598E-015  1.0602130854901979E+000  4.0678546651231145E-014 -1.4188891293494926E-017  2.1469682887088374E-016  3.7739947943303496E-014  7.2009928946220927E-017  3.1839807614944493E-014  2.2904675687304238E-015 -2.7467880542953636E-015  5.9075946598373197E-015 -5.2946361815872822E-001  1.4398476494440828E-015  7.7244465055975453E-016  6.3008362939782245E-016 -2.7597000578871522E-001  1.4578428278001025E-015 -2.8117397248947799E-016  1.0866588540576670E-015  1.2471024898749902E-001  4.2738440677258183E-002
-5.4180557154983278E-019  3.9154499909439547E-017 -1.4404148892648308E-017 -6.7511531406330377E-016  3.8200150565656172E-018 -3.0835370029224934E-016  1.0084740070859539E-016  2.5987516064044907E-014  5.9220355028934048E-018 -5.1773157167453599E-016  1.5546800719761352E-016  4.0678546651231145E-014  2.1523963178629328E-027  9.8370654210821358E-031 -4.0080302529780952E-030  2.0902396060901228E-027 -8.4599411064164404E-030  1.7455820906149743E-027  5.8163023022363273E-018 -2.1154630414488999E-016  1.5921560756173167E-016  4.6729655215282365E-016  4.5379271486258176E-017  4.7340950324141617E-016  1.2888724503108405E-015  8.0938027352914930E-015  2.3900901433352988E-017  2.4455345531972165E-016  6.7873369482713761E-016 -6.2483789608423309E-015 -2.3485811839434886E-015
 2.4350646074366945E-018 -1.9111857792561453E-019  1.0561321450173309E-017  5.7767713464385732E-019 -1.7308359277440380E-017  4.8427850583344295E-018 -8.5432669358597994E-017 -1.2123254050138308E-017 -2.7004496731518138E-017  1.1804677119653239E-017 -1.4592939110779389E-016 -1.4188891293494926E-017  9.8370654210821358E-031  3.4916473246630223E-031 -1.7988905649222961E-031  2.1084235903202104E-031 -4.3947744361690624E-031  4.1825860176942772E-031 -2.5236254263876838E-017 -2.0545339937086251E-017 -4.2456830768316892E-017  5.2054107989270167E-017 -1.8769636232761926E-016 -3.9017641375150580E-016  3.9021270883335981E-016  4.3463216672585898E-017 -9.8878917134325575E-017 -2.0498463579285494E-016  2.0389565842392539E-016 -5.7778930519206043E-017 -2.9441824747678884E-017
 4.7353538435076860E-018  2.6613292842881156E-018 -4.8903133166900284E-018 -7.0323814023923037E-018 -4.0423738544184135E-017 -1.8946556191612271E-017  4.1496720861044810E-017  1.6813717443969707E-016 -7.1318703067648794E-017 -2.9596891008586994E-017  7.2958058582961117E-017  2.1469682887088374E-016 -4.0080302529780952E-030 -1.7988905649222961E-031  7.0142266734853940E-031 -5.0917681931631471E-030  8.4149136030459218E-031 -4.1056880148330049E-030 -5.3402113596602014E-018 -2.7387791428583241E-017  7.1301856604215913E-018 -5.2485478816828042E-016  4.2114680856336269E-016 -2.0166060843989596E-016 -4.0589460880526107E-016 -4.2679061406357918E-016  2.2077143906713266E-016 -1.0624013616985797E-016 -2.1274112706340767E-016  4.7019034498372609E-016  2.2895066114379524E-016
 9.0940028847510976E-018  4.2579892458251257E-017 -2.4941974169911554E-017 -6.0396530569742679E-016 -7.2853609714645844E-017 -3.3834514630811731E-016  2.0235867589783828E-016  2.3910443452997466E-014 -1.2368244461628632E-016 -5.7140664895558569E-016  3.4629400058769400E-016  3.7739947943303496E-014  2.0902396060901228E-027  2.1084235903202104E-031 -5.0917681931631471E-030  2.0476322729586801E-027 -8.1232254750268005E-030  1.7050535797840979E-027 -4.1145854848947424E-017 -2.1055856104439995E-016  9.6401483177230187E-017  3.8291251414609768E-015  2.5353497522536917E-016  8.6524397075472769E-016 -9.9103141357754553E-016  1.0538695662841024E-014  1.3223972793643008E-016  4.5006368018788368E-016 -5.1803905251731629E-016 -8.7285201630132334E-015 -3.5393043285537527E-015
 1.3324285873902347E-017  1.3359139730253733E-019 -1.3577237895081292E-017 -3.8399395189050723E-018 -1.0853212433294097E-016 -1.0802462360466322E-018  1.1260603029124914E-016  6.9659834691658677E-017 -1.8618894239245934E-016 -1.8447615918811980E-018  1.9532044065291797E-016  7.2009928946220927E-017 -8.4599411064164404E-030 -4.3947744361690624E-031  8.4149136030459218E-031 -8.1232254750268005E-030  1.2714747728848002E-030 -7.0095443205141627E-030 -4.8719983771872564E-017 -5.3963808796326176E-019  3.6627668440941243E-017 -4.0378950356553074E-016  5.7936917702855684E-016  4.8891715328158751E-018 -8.2435422977546642E-016 -3.4329762076802158E-016  3.0298633401316936E-016  2.5545764017930286E-018 -4.3167845191843663E-016  5.0449466026818745E-016  2.6231920039154114E-016
 9.7210805446505712E-018  4.2565503351245120E-017 -1.8608049127498282E-017 -5.1402676586425706E-016 -7.8235799824670112E-017 -3.3785456791206137E-016  1.4323931683044056E-016  2.0212481718000384E-014 -1.3320766016917172E-016 -5.7016773372251093E-016  2.3686411142274483E-016  3.1839807614944493E-014  1.7455820906149743E-027  4.1825860176942772E-031 -4.1056880148330049E-030  1.7050535797840979E-027 -7.0095443205141627E-030  1.4215230291531501E-027 -4.1664964798177495E-017 -2.1291979243838025E-016  1.2190200088001144E-016  2.5434233270797213E-015  3.1268570453064684E-016  8.2122917088140197E-016  1.5905741447942114E-016  8.2850216298027220E-015  1.6325148391618863E-016  4.2693912334288846E-016  8.5559616163857473E-017 -6.4301555408538137E-015 -2.4968639709183443E-015
-1.6606856632352444E-002 -2.1482093100142252E-016  8.9754406299790735E-016  1.4385351530007102E-016  1.2908259661114171E-001  3.4180628755910846E-016 -1.4464815521579459E-015  1.3002087482361608E-015  2.1485934614348082E-001 -3.5760544330370543E-016  3.8518315056620305E-016  2.2904675687304238E-015  5.8163023022363273E-018 -2.5236254263876838E-017 -5.3402113596602014E-018 -4.1145854848947424E-017 -4.8719983771872564E-017 -4.1664964798177495E-017  1.0072464655968319E-001 -8.5499262332913572E-017 -3.6814084766749183E-016  4.6321399349809232E-016 -3.0620006208678524E-003 -5.9071096156147218E-016  1.5942108744220030E-015  6.3810134295882123E-016  1.6560346426480743E-004 -3.0850537447540932E-016  8.0144224590092752E-016 -3.1410662975945926E-015 -1.8444571986680077E-015
 6.3794098484878975E-016 -1.6606856632350477E-002  5.6514733572972859E-016  1.3145269766025565E-017 -2.3896384566260514E-016  1.2908259661113966E-001 -6.2301035693468490E-016 -2.1321883725512152E-015  2.2743247119057405E-016  2.1485934614347960E-001  7.2581212479907473E-016 -2.7467880542953636E-015 -2.1154630414488999E-016 -2.0545339937086251E-017 -2.7387791428583241E-017 -2.1055856104439995E-016 -5.3963808796326176E-019 -2.1291979243838025E-016 -8.5499262332913572E-017  1.0072464655968208E-001 -2.6699856104042871E-016  4.8397870722196978E-016 -9.2739981450689929E-016 -3.0620006208657291E-003 -4.7833935754582366E-015  6.8265902791692853E-017 -4.9376135602064058E-016  1.6560346426590378E-004 -2.5270458985618078E-015  4.3053669160919797E-015  2.6769971428262650E-015
-4.3433139029765492E-016 -1.0792685856397989E-015 -1.6606856632351605E-002 -2.1372049629565297E-016  2.5780972408987174E-016  8.6299848605558395E-016  1.2908259661113802E-001  2.7934894100050720E-015 -6.2863736026605002E-016 -2.6351841508243471E-016  2.1485934614347618E-001  5.9075946598373197E-015  1.5921560756173167E-016 -4.2456830768316892E-017  7.1301856604215913E-018  9.6401483177230187E-017  3.6627668440941243E-017  1.2190200088001144E-016 -3.6814084766749183E-016 -2.6699856104042871E-016  1.0072464655967951E-001 -2.6600073967296190E-015 -8.8384161101081273E-016 -1.8337250619351969E-015 -3.0620006208629535E-003 -1.3206464867343702E-015 -4.0419056990292698E-016 -1.0044488737750380E-015  1.6560346426720135E-004 -6.2625244953090418E-016 -5.5486270583223101E-016
-1.3558604996660350E-015 -1.2902606083467832E-014  9.7088777440092236E-015  1.5444968962455678E-002  9.4161860563470975E-016  1.2194776776536845E-014 -1.1875734487617932E-014 -3.9757300749918439E-001 -9.2785264714327350E-017 -3.4651674354300265E-015  3.8917600544103619E-015 -5.2946361815872822E-001  4.6729655215282365E-016  5.2054107989270167E-017 -5.2485478816828042E-016  3.8291251414609768E-015 -4.0378950356553074E-016  2.5434233270797213E-015  4.6321399349809232E-016  4.8397870722196978E-016 -2.6600073967296190E-015  9.9761434010304872E-001  6.3265898657268996E-016 -6.4006451699629739E-017  2.3418457510840828E-016  7.9670939989906453E-001  5.8307340526788977E-016  1.2787219700351716E-015 -5.5137890817843900E-017 -4.6315077708468766E-001 -1.6934447163033736E-001
 1.0322700967397212E-002  2.8952738892780415E-015  4.8582150672178489E-015  8.5573321430103376E-019 -8.9447622760069692E-002 -3.5097041369045053E-015 -5.3260618571725924E-015 -9.7595866896890617E-016 -1.5915788987619084E-001  1.4872665221191003E-015  2.1391850964226985E-015  1.4398476494440828E-015  4.5379271486258176E-017 -1.8769636232761926E-016  4.2114680856336269E-016  2.5353497522536917E-016  5.7936917702855684E-016  3.1268570453064684E-016 -3.0620006208678524E-003 -9.2739981450689929E-016 -8.8384161101081273E-016  6.3265898657268996E-016  1.0722799356468564E+000  5.9786310888484270E-016  1.7347234751547894E-017 -2.1302247209649821E-015  5.6229040920042106E-001  3.0419376207764835E-017  9.1940344222444946E-017  2.0191831799133314E-015  9.8760343819746455E-016
-9.6042739326411925E-016  1.0322700967396526E-002  1.7041379146636913E-015 -3.7398578659801758E-016  1.1757422380788086E-015 -8.9447622760072454E-002 -6.7787410704429986E-016  1.9297950614170049E-016  3.7666154444849192E-016 -1.5915788987619353E-001 -4.6047862746009448E-016  7.7244465055975453E-016  4.7340950324141617E-016 -3.9017641375150580E-016 -2.0166060843989596E-016  8.6524397075472769E-016  4.8891715328158751E-018  8.2122917088140197E-016 -5.9071096156147218E-016 -3.0620006208657291E-003 -1.8337250619351969E-015 -6.4006451699629739E-017  5.9786310888484270E-016  1.0722799356468578E+000  6.1433955996571287E-016 -2.2519163093652123E-015  2.6404837975799539E-016  5.6229040920042217E-001  6.0779974203543058E-017 -2.3293614317852567E-015 -1.6733608555151947E-015
-1.0512830840235336E-015  1.1866795534515943E-014  1.0322700967393789E-002  8.0404131063806551E-016  3.6519452826372517E-015 -1.2814889615399636E-014 -8.9447622760065182E-002 -5.0569376163240243E-015 -2.2190907965345275E-015  6.3942368122850454E-015 -1.5915788987619844E-001  6.3008362939782245E-016  1.2888724503108405E-015  3.9021270883335981E-016 -4.0589460880526107E-016 -9.9103141357754553E-016 -8.2435422977546642E-016  1.5905741447942114E-016  1.5942108744220030E-015 -4.7833935754582366E-015 -3.0620006208629535E-003  2.3418457510840828E-016  1.7347234751547894E-017  6.1433955996571287E-016  1.0722799356468542E+000  5.7268604166947251E-016  1.2316536679391509E-015 -7.5972403048786887E-016  5.6229040920041840E-001  1.2196278915741655E-015  8.6425533602341333E-016
 3.8368403487287277E-016 -6.5835225316563386E-015  5.3732326006042717E-015  9.8880671565139862E-003 -2.0472103070331080E-017  6.0820852407014435E-015 -6.4797244622261066E-015 -2.2359577519459203E-001 -6.3128532651291886E-016 -7.9406153812328773E-016  1.9084034300009776E-015 -2.7597000578871522E-001  8.0938027352914930E-015  4.3463216672585898E-017 -4.2679061406357918E-016  1.0538695662841024E-014 -3.4329762076802158E-016  8.2850216298027220E-015  6.3810134295882123E-016  6.8265902791692853E-017 -1.3206464867343702E-015  7.9670939989906453E-001 -2.1302247209649821E-015 -2.2519163093652123E-015  5.7268604166947251E-016  6.6429939725572140E-001 -7.9288379096377788E-016 -6.5827608509910665E-017  2.3518361642804822E-016 -3.7529999209685549E-001 -1.3319842152042843E-001
 5.1215529691138661E-003  1.5152254457557167E-015  2.5637993247495131E-015 -6.6508748005414109E-018 -4.4639564634129679E-002 -1.8390305844058975E-015 -2.8308247673055821E-015 -7.8367562064388888E-017 -7.9689726428659763E-002  7.6670907786124905E-016  1.0978089097502829E-015  1.4578428278001025E-015  2.3900901433352988E-017 -9.8878917134325575E-017  2.2077143906713266E-016  1.3223972793643008E-016  3.0298633401316936E-016  1.6325148391618863E-016  1.6560346426480743E-004 -4.9376135602064058E-016 -4.0419056990292698E-016  5.8307340526788977E-016  5.6229040920042106E-001  2.6404837975799539E-016  1.2316536679391509E-015 -7.9288379096377788E-016  2.9488932568518084E-001 -1.0084345916410106E-017  6.9215466691244068E-016 -7.2242313557487740E-016 -5.3931728610204002E-016
-4.9536745748892475E-016  5.1215529691135435E-003  9.0078468823914961E-016 -1.7620978642695232E-016  6.3725175108863311E-016 -4.4639564634131192E-002 -3.3557752246129116E-016 -4.2404678661260095E-016  2.4545466433769873E-016 -7.9689726428661234E-002 -1.6775429240834218E-016 -2.8117397248947799E-016  2.4455345531972165E-016 -2.0498463579285494E-016 -1.0624013616985797E-016  4.5006368018788368E-016  2.5545764017930286E-018  4.2693912334288846E-016 -3.0850537447540932E-016  1.6560346426590378E-004 -1.0044488737750380E-015  1.2787219700351716E-015  3.0419376207764835E-017  5.6229040920042217E-001 -7.5972403048786887E-016 -6.5827608509910665E-017 -1.0084345916410106E-017  2.9488932568518156E-001 -5.3651193736571030E-016  1.3188785673115706E-015  8.7776765790172238E-016
-5.5353264289895266E-016  6.2045826630717501E-015  5.1215529691120880E-003  4.0585905894614970E-016  1.8719428134320081E-015 -6.7047551557108353E-015 -4.4639564634127382E-002 -2.1759597048064431E-015 -1.2518198283516727E-015  3.3520793470759916E-015 -7.9689726428663801E-002  1.0866588540576670E-015  6.7873369482713761E-016  2.0389565842392539E-016 -2.1274112706340767E-016 -5.1803905251731629E-016 -4.3167845191843663E-016  8.5559616163857473E-017  8.0144224590092752E-016 -2.5270458985618078E-015  1.6560346426720135E-004 -5.5137890817843900E-017  9.1940344222444946E-017  6.0779974203543058E-017  5.6229040920041840E-001  2.3518361642804822E-016  6.9215466691244068E-016 -5.3651193736571030E-016  2.9488932568517862E-001 -1.7135642613558030E-015 -1.0214329970262117E-015
-3.4341758781589660E-016 -3.0197591665640033E-015 -1.8631503735587202E-015 -5.0382349483634667E-003 -7.4343014543360105E-016  4.6404824458995897E-015  9.5082120313156926E-016  1.0638063884740553E-001  3.4721849226242498E-015 -4.7794054264868933E-015  6.0097030423323935E-016  1.2471024898749902E-001 -6.2483789608423309E-015 -5.7778930519206043E-017  4.7019034498372609E-016 -8.7285201630132334E-015  5.0449466026818745E-016 -6.4301555408538137E-015 -3.1410662975945926E-015  4.3053669160919797E-015 -6.2625244953090418E-016 -4.6315077708468766E-001  2.0191831799133314E-015 -2.3293614317852567E-015  1.2196278915741655E-015 -3.7529999209685549E-001 -7.2242313557487740E-016  1.3188785673115706E-015 -1.7135642613558030E-015  1.0901001038085147E+000  6.2355857750608068E-001
-9.2911115983375860E-017 -2.7084940371824989E-015 -4.5872823595407015E-016 -1.7648166291755780E-003 -5.0319727259796525E-016  3.6257487952614897E-015 -2.5037539664819838E-016  3.6870880775314134E-002  2.0412592144163168E-015 -3.0582611925865596E-015  6.0803330614439473E-016  4.2738440677258183E-002 -2.3485811839434886E-015 -2.9441824747678884E-017  2.2895066114379524E-016 -3.5393043285537527E-015  2.6231920039154114E-016 -2.4968639709183443E-015 -1.8444571986680077E-015  2.6769971428262650E-015 -5.5486270583223101E-016 -1.6934447163033736E-001  9.8760343819746455E-016 -1.6733608555151947E-015  8.6425533602341333E-016 -1.3319842152042843E-001 -5.3931728610204002E-016  8.7776765790172238E-016 -1.0214329970262117E-015  6.2355857750608068E-001  3.6914529305329580E-001
