 2.3265893395212126E-002 -1.9304429316576840E-016 -6.3679693452529730E-016 -2.7337950739203655E-016  4.4919720159696946E-002 -1.8778296798876281E-016 -8.6840888246791382E-016 -5.1354676244282693E-015  5.9260234709178058E-002 -3.9162073066138326E-016 -1.4571808488292563E-015 -7.8634114292369808E-015  1.0245550830697147E-018 -2.6638281273865754E-018  1.2288829408883184E-017  6.5844777573103035E-018  4.3362571621591760E-018  6.8703985844554562E-018  2.1022543321352973E-002 -4.9426922529372258E-017  3.5308737812949805E-016 -1.9600257123853142E-002  1.0215305323134280E-015  1.2879020766519605E-014 -6.1107762604497085E-015 -7.3420402468257930E-015 -1.0595865951834866E-002  5.8289377243837794E-016  7.3814381256608176E-015  1.9957512534615148E-014  1.1705759126833746E-014
-1.9304429316576840E-016  2.3265893395213087E-002 -2.0975660988698276E-016 -6.1184375083760034E-017  1.5392585994878022E-017  4.4919720159697543E-002 -7.8726733528579401E-016 -4.4849667355253086E-015 -1.6492161785477474E-016  5.9260234709179259E-002 -1.0382151012321414E-015 -6.6107003199823870E-015  6.4175508281415563E-018 -2.6962588679724241E-018 -2.3715517935362444E-018  7.4076106731499421E-018 -1.7390997127383231E-018  6.7287116399826813E-018 -1.2638192838645751E-016  2.1022543321353747E-002  1.5612847174789381E-016 -1.1451604711916381E-015 -1.9600257123852376E-002  8.4079957860482172E-015 -5.7975608265748852E-015 -6.7674017922562273E-015 -6.5905161123646377E-016 -1.0595865951834392E-002  4.8148803021614818E-015  1.8922614500327462E-014  1.1131073141059882E-014
-6.3679693452529730E-016 -2.0975660988698276E-016  2.3265893395216269E-002 -1.3256126732226258E-016  4.7193457095939234E-016  8.7713926483351872E-016  4.4919720159698813E-002 -1.6296051789430174E-015 -4.4659388627330050E-016  2.4630845608811902E-016  5.9260234709184505E-002 -2.0689005740474107E-015 -2.7158312482586794E-017  1.2362037399343138E-017 -3.6811986041860146E-018 -1.7906329153241270E-017 -1.0299863510745591E-017 -1.1222800357329380E-017  1.7949305778739921E-016  4.1941315298673750E-016  2.1022543321355162E-002  2.6408996517396600E-015  2.6900370177186111E-015 -1.9600257123853576E-002  2.6118222503399070E-015  1.9508455575414343E-015  1.5196448700097090E-015  1.5542795485932387E-015 -1.0595865951835075E-002 -7.5948632691833151E-015 -4.6083517857167816E-015
-2.7337950739203655E-016 -6.1184375083760034E-017 -1.3256126732226258E-016  4.9406536830887734E-004  3.2133083969028900E-016  6.1872326555611512E-016 -1.4474912083937733E-016  1.4760764057971139E-002 -2.5183935365667670E-016  1.8765455893475388E-016 -2.3259715378796585E-016  1.9975725948369754E-002  3.4452241293425752E-017 -1.0130474387481716E-017  1.3953005201682031E-018  2.6779209220354920E-016 -5.7070401512785133E-018  3.9691426455222885E-017 -1.1721835875571841E-017  2.3720348287492143E-016  2.8049876690358395E-017 -3.8559469946953898E-016  2.5279255545173227E-016  1.5420308118949275E-015 -4.8176785314124459E-003 -2.3341834596860451E-004 -2.1880269038524834E-016  1.6040854212883993E-016  8.8536930880158396E-016 -3.3365525673536547E-004 -1.3245692157810331E-004
 4.4919720159696946E-002  1.5392585994878022E-017  4.7193457095939234E-016  3.2133083969028900E-016  8.6773977385552939E-002  3.8985356237311918E-016  1.2562447284707300E-015  7.8877506975963324E-015  1.1439887249780546E-001  2.5292556457755947E-016  1.5617085261740482E-015  1.1659210385898087E-014  2.3114371288840757E-018 -1.8333034232127790E-018  2.7462135306594474E-017  1.3364655645924261E-017  7.9919858276280846E-018  1.2071599589386391E-017  4.1034149184119691E-002  1.8218798375956916E-017 -6.7281521066175740E-016 -3.1085804889079059E-002 -2.1339531291734833E-015 -2.0097855671364029E-014  9.9888828960346039E-015  1.1723454944557013E-014 -1.6579707370037680E-002 -1.2188142950987338E-015 -1.1502734528767793E-014 -3.1287154759739032E-014 -1.8320312509937371E-014
-1.8778296798876281E-016  4.4919720159697543E-002  8.7713926483351872E-016  6.1872326555611512E-016  3.8985356237311918E-016  8.6773977385551634E-002  6.8138727464353231E-016  6.4022705734976031E-015  1.4477476314638687E-016  1.1439887249780459E-001  1.3014981273071133E-015  1.0095269383398103E-014  1.0132593462831126E-017 -3.6172083455541542E-018 -4.3541147010733112E-018  1.1595213640111800E-017 -2.7416304713976645E-018  1.2032008113439792E-017  1.8154033229020284E-016  4.1034149184119753E-002 -4.6075926435816862E-016  1.8584504249614499E-015 -3.1085804889080842E-002 -1.3640706711105691E-014  8.6899013123675838E-015  1.0191271230684347E-014  1.0649597028880501E-015 -1.6579707370038672E-002 -7.8143770756541711E-015 -2.7278357175086921E-014 -1.5979634816787570E-014
-8.6840888246791382E-016 -7.8726733528579401E-016  4.4919720159698813E-002 -1.4474912083937733E-016  1.2562447284707300E-015  6.8138727464353231E-016  8.6773977385544487E-002  2.2797441256881836E-015 -6.2871020506380317E-017 -5.5226941066158560E-016  1.1439887249780240E-001  2.5063111871619972E-015 -4.9109989384364395E-017  1.6912497470940888E-017 -5.1665954501553104E-018 -3.8110224433089333E-017 -9.1295484395415485E-018 -2.1807415572465448E-017  7.7127432046428598E-017 -3.0937116282625298E-016  4.1034149184117179E-002 -2.2401785287907740E-015 -5.0435625420312354E-015 -3.1085804889091909E-002 -5.6502036384289444E-015 -4.6778535991427545E-015 -1.2781117310351990E-015 -2.8905113826020418E-015 -1.6579707370045087E-002  1.3530557751515439E-014  8.0248450779233524E-015
-5.1354676244282693E-015 -4.4849667355253086E-015 -1.6296051789430174E-015  1.4760764057971139E-002  7.8877506975963324E-015  6.4022705734976031E-015  2.2797441256881836E-015  5.0066085710703068E-001 -3.0866347013261519E-015 -4.3167352394355598E-015 -2.7675427870229697E-016  6.5624565852548133E-001 -4.0210502262206558E-015 -3.7652389270917425E-016  6.9044087606483785E-017  3.1753194144684921E-015 -2.6640886269429088E-019 -4.0306260812100358E-015  5.9512833802163405E-016  1.0421356702524665E-015  9.6512576833006919E-017  1.6684004692122583E-015  9.5218727464263388E-016 -3.3455708441116167E-015 -3.6751900235104074E-001 -2.0902914064254874E-001  1.0216652214940528E-015  6.0151277564614017E-016 -2.0298631373112532E-015  9.4989028205269430E-002  3.4140998840393122E-002
 5.9260234709178058E-002 -1.6492161785477474E-016 -4.4659388627330050E-016 -2.5183935365667670E-016  1.1439887249780546E-001  1.4477476314638687E-016 -6.2871020506380317E-017 -3.0866347013261519E-015  1.5094605356896645E-001 -1.6967712752471620E-016 -6.6287951418711801E-016 -5.3206764738729301E-015  2.4994683080788975E-018 -7.8788859150758969E-018  3.0065969262987261E-017  1.6555768080605459E-017  1.1170435567110691E-017  1.7893836486890541E-017  5.3398927695120654E-002  1.8300044337913357E-016  7.1148057064093733E-016 -5.2156618159759298E-002  2.5946054473939520E-015  1.2815052838342644E-014 -7.1005536598451047E-015 -7.7372747163444978E-015 -2.8270217418922005E-002  1.4891308435622328E-015  7.3591306659617800E-015  2.0650970342949211E-014  1.2109623757075555E-014
-3.9162073066138326E-016  5.9260234709179259E-002  2.4630845608811902E-016  1.8765455893475388E-016  2.5292556457755947E-016  1.1439887249780459E-001 -5.5226941066158560E-016 -4.3167352394355598E-015 -1.6967712752471620E-016  1.5094605356896634E-001 -6.2174248801503483E-016 -6.0659972042497697E-015  1.7092274928109677E-017 -7.3926011288621250E-018 -6.1147993822846953E-018  1.9762404462725485E-017 -4.6332482802184410E-018  1.7455621878445369E-017 -1.1274893085394856E-016  5.3398927695121286E-002  3.6512515587252706E-016 -1.3027558851495255E-015 -5.2156618159759582E-002  9.4654661968857162E-015 -5.5911213044203101E-015 -6.4668100183058225E-015 -7.4837188593698593E-016 -2.8270217418922113E-002  5.4273638974102919E-015  1.7391880906812506E-014  1.0193822893355567E-014
-1.4571808488292563E-015 -1.0382151012321414E-015  5.9260234709184505E-002 -2.3259715378796585E-016  1.5617085261740482E-015  1.3014981273071133E-015  1.1439887249780240E-001 -2.7675427870229697E-016 -6.6287951418711801E-016 -6.2174248801503483E-016  1.5094605356897239E-001 -2.6862705929231103E-016 -7.0273434398560222E-017  3.3785819040128968E-017 -1.0017745572858765E-017 -4.4439558633776852E-017 -2.9789680676325067E-017 -2.8539357632859284E-017  2.0274580625645087E-016  3.9192540510841969E-016  5.3398927695122951E-002 -2.3288662665119916E-016  3.5392327495061305E-015 -5.2156618159750728E-002  3.0749544502110720E-015  2.7525472396036260E-015 -1.1525069093591086E-016  2.0452703793232001E-015 -2.8270217418917117E-002 -1.1412029035507142E-014 -6.9349610079699414E-015
-7.8634114292369808E-015 -6.6107003199823870E-015 -2.0689005740474107E-015  1.9975725948369754E-002  1.1659210385898087E-014  1.0095269383398103E-014  2.5063111871619972E-015  6.5624565852548133E-001 -5.3206764738729301E-015 -6.0659972042497697E-015 -2.6862705929231103E-016  8.6687658689192326E-001 -3.6398044228019997E-015 -4.8288050912547765E-016  8.3941788443791067E-017  6.0191657333337170E-015 -6.1324594942981962E-017 -3.5934753081450498E-015  7.5832591106156084E-016  1.8770511719990475E-015  5.3997236564101836E-016 -7.1309675558027019E-016 -5.2786793108365262E-016  1.3205781410587284E-015 -4.1754009942714376E-001 -2.1075091824995015E-001 -3.1302502571210024E-016 -1.2464721850397016E-016  6.8056784720262145E-016  9.0550283158483527E-002  3.2261275356304311E-002
 1.0245550830697147E-018  6.4175508281415563E-018 -2.7158312482586794E-017  3.4452241293425752E-017  2.3114371288840757E-018  1.0132593462831126E-017 -4.9109989384364395E-017 -4.0210502262206558E-015  2.4994683080788975E-018  1.7092274928109677E-017 -7.0273434398560222E-017 -3.6398044228019997E-015  4.3252669109733368E-028  4.1934631487533372E-030 -2.7675905453012844E-030  4.2803691380684981E-028 -1.3551477211484520E-029  4.4662233388272418E-028  4.0884112156678313E-018 -1.5624561739934635E-017  7.0080211147775751E-018  4.7082362405918525E-017 -3.3018245070441485E-016  5.0113986231987586E-016  1.8554566175193103E-014  1.7077492579115815E-014  2.7050866663159281E-017 -1.8932219906153832E-016  2.8685775650800026E-016 -7.5119264525830189E-015 -2.3382793078938305E-015
-2.6638281273865754E-018 -2.6962588679724241E-018  1.2362037399343138E-017 -1.0130474387481716E-017 -1.8333034232127790E-018 -3.6172083455541542E-018  1.6912497470940888E-017 -3.7652389270917425E-016 -7.8788859150758969E-018 -7.3926011288621250E-018  3.3785819040128968E-017 -4.8288050912547765E-016  4.1934631487533372E-030  1.8997371900941562E-030  1.6476287343228161E-031  5.9040319693992744E-031 -1.8781286530739971E-030  4.7460886662349543E-030  2.8997526345537747E-017  1.2635933563806263E-017 -5.4821992450612126E-017  4.7833420423268560E-016  2.3076515622116160E-016 -1.0108493107238363E-015  3.8762483073193024E-016  2.5802428981757588E-016  2.7445670850622796E-016  1.3236789118911488E-016 -5.7981205332275360E-016 -6.1059441319086370E-016 -3.5740922250426677E-016
 1.2288829408883184E-017 -2.3715517935362444E-018 -3.6811986041860146E-018  1.3953005201682031E-018  2.7462135306594474E-017 -4.3541147010733112E-018 -5.1665954501553104E-018  6.9044087606483785E-017  3.0065969262987261E-017 -6.1147993822846953E-018 -1.0017745572858765E-017  8.3941788443791067E-017 -2.7675905453012844E-030  1.6476287343228161E-031  6.2245465473324530E-031 -1.8785759998485359E-030  3.2256907717509847E-031 -3.0891117699525056E-030  4.6552140925803771E-017 -1.1153202872881071E-020  1.5088223963484033E-017  5.2704000600523508E-016  3.4314755753685053E-017  2.8226334462972503E-016 -1.0536950002803630E-016 -9.0537332846595012E-017  3.0283045136353518E-016  1.9627752951722221E-017  1.6189671259832284E-016 -3.8780548152298695E-016 -2.6215347598645700E-016
 6.5844777573103035E-018  7.4076106731499421E-018 -1.7906329153241270E-017  2.6779209220354920E-016  1.3364655645924261E-017  1.1595213640111800E-017 -3.8110224433089333E-017  3.1753194144684921E-015  1.6555768080605459E-017  1.9762404462725485E-017 -4.4439558633776852E-017  6.0191657333337170E-015  4.2803691380684981E-028  5.9040319693992744E-031 -1.8785759998485359E-030  5.3628934435898632E-028 -1.7469238994353792E-029  4.4446738524502312E-028  1.2135367335282855E-017 -1.8989301931741453E-017 -4.9752318824624981E-017  8.8228926314229316E-017 -3.9558776420833922E-016 -4.9387254203917932E-016  1.5454662761160026E-014  1.6209894814370816E-014  5.0822349115902169E-017 -2.2683262685863084E-016 -2.8395231972369766E-016 -8.0355708200184976E-015 -2.7462931371010361E-015
 4.3362571621591760E-018 -1.7390997127383231E-018 -1.0299863510745591E-017 -5.7070401512785133E-018  7.9919858276280846E-018 -2.7416304713976645E-018 -9.1295484395415485E-018 -2.6640886269429088E-019  1.1170435567110691E-017 -4.6332482802184410E-018 -2.9789680676325067E-017 -6.1324594942981962E-017 -1.3551477211484520E-029 -1.8781286530739971E-030  3.2256907717509847E-031 -1.7469238994353792E-029  3.1486284857491447E-030 -1.4854114161347654E-029  3.1184939359186584E-019  4.2740936397909337E-018  9.2755346197117158E-017 -5.8324259938625168E-017  9.0082554043176702E-017  1.5559310306509992E-015 -5.9011832007774956E-016 -5.7582010539942230E-016 -3.3352412916382158E-017  5.1652461868929376E-017  8.9271004255997104E-016  6.2050781220764884E-016  3.1385833249107171E-016
 6.8703985844554562E-018  6.7287116399826813E-018 -1.1222800357329380E-017  3.9691426455222885E-017  1.2071599589386391E-017  1.2032008113439792E-017 -2.1807415572465448E-017 -4.0306260812100358E-015  1.7893836486890541E-017  1.7455621878445369E-017 -2.8539357632859284E-017 -3.5934753081450498E-015  4.4662233388272418E-028  4.7460886662349543E-030 -3.0891117699525056E-030  4.4446738524502312E-028 -1.4854114161347654E-029  4.6158936338768871E-028 -5.1131963096053075E-018 -3.0212676596247715E-018 -1.1463636159785820E-017 -1.7741556815109524E-016 -1.4364185872588584E-016 -1.0601433940912035E-017  1.9125793301434070E-014  1.7637481707054547E-014 -1.0163161318999009E-016 -8.2251764776187856E-017 -6.3996676626091868E-018 -7.8029895523147091E-015 -2.4427516494069720E-015
 2.1022543321352973E-002 -1.2638192838645751E-016  1.7949305778739921E-016 -1.1721835875571841E-017  4.1034149184119691E-002  1.8154033229020284E-016  7.7127432046428598E-017  5.9512833802163405E-016  5.3398927695120654E-002 -1.1274893085394856E-016  2.0274580625645087E-016  7.5832591106156084E-016  4.0884112156678313E-018  2.8997526345537747E-017  4.6552140925803771E-017  1.2135367335282855E-017  3.1184939359186584E-019 -5.1131963096053075E-018  2.3224386680443590E-002 -7.6157828917750715E-017 -3.6895399929628098E-016  4.6399240225772173E-002 -2.0163869863094627E-015 -7.3656358789990423E-015  2.6218077838368363E-015  2.5250437073059069E-015  2.7220388086506023E-002 -1.1439217796403204E-015 -4.1845867049258986E-015 -8.4584784081945250E-015 -5.0609195683823227E-015
-4.9426922529372258E-017  2.1022543321353747E-002  4.1941315298673750E-016  2.3720348287492143E-016  1.8218798375956916E-017  4.1034149184119753E-002 -3.0937116282625298E-016  1.0421356702524665E-015  1.8300044337913357E-016  5.3398927695121286E-002  3.9192540510841969E-016  1.8770511719990475E-015 -1.5624561739934635E-017  1.2635933563806263E-017 -1.1153202872881071E-020 -1.8989301931741453E-017  4.2740936397909337E-018 -3.0212676596247715E-018 -7.6157828917750715E-017  2.3224386680443909E-002 -2.0362080543808167E-016  6.3865211286081743E-016  4.6399240225770785E-002 -3.4126656566165869E-015  3.6691993639761696E-015  3.6908267347775427E-015  3.3644537358594269E-016  2.7220388086505246E-002 -1.9588316232425785E-015 -8.3245575039916577E-015 -4.7959911745179206E-015
 3.5308737812949805E-016  1.5612847174789381E-016  2.1022543321355162E-002  2.8049876690358395E-017 -6.7281521066175740E-016 -4.6075926435816862E-016  4.1034149184117179E-002  9.6512576833006919E-017  7.1148057064093733E-016  3.6512515587252706E-016  5.3398927695122951E-002  5.3997236564101836E-016  7.0080211147775751E-018 -5.4821992450612126E-017  1.5088223963484033E-017 -4.9752318824624981E-017  9.2755346197117158E-017 -1.1463636159785820E-017 -3.6895399929628098E-016 -2.0362080543808167E-016  2.3224386680442900E-002  9.1940344225648005E-017 -3.2528636337542870E-016  4.6399240225763812E-002  6.0962683333909072E-016  7.0502962035862673E-016 -1.7347234760400898E-017 -2.1649672149775347E-016  2.7220388086501825E-002  3.6440375476446684E-015  2.4541661353016530E-015
-1.9600257123853142E-002 -1.1451604711916381E-015  2.6408996517396600E-015 -3.8559469946953898E-016 -3.1085804889079059E-002  1.8584504249614499E-015 -2.2401785287907740E-015  1.6684004692122583E-015 -5.2156618159759298E-002 -1.3027558851495255E-015 -2.3288662665119916E-016 -7.1309675558027019E-016  4.7082362405918525E-017  4.7833420423268560E-016  5.2704000600523508E-016  8.8228926314229316E-017 -5.8324259938625168E-017 -1.7741556815109524E-016  4.6399240225772173E-002  6.3865211286081743E-016  9.1940344225648005E-017  9.8840918648982423E-001  4.7505099702557463E-016  8.7256590840542067E-016  1.3818051200286715E-017 -5.9180424932230714E-016  5.6672967308053213E-001  4.6719867214378061E-016  1.0564465968636682E-015  1.6903904929197741E-015  1.0007729494307165E-015
 1.0215305323134280E-015 -1.9600257123852376E-002  2.6900370177186111E-015  2.5279255545173227E-016 -2.1339531291734833E-015 -3.1085804889080842E-002 -5.0435625420312354E-015  9.5218727464263388E-016  2.5946054473939520E-015 -5.2156618159759582E-002  3.5392327495061305E-015 -5.2786793108365262E-016 -3.3018245070441485E-016  2.3076515622116160E-016  3.4314755753685053E-017 -3.9558776420833922E-016  9.0082554043176702E-017 -1.4364185872588584E-016 -2.0163869863094627E-015  4.6399240225770785E-002 -3.2528636337542870E-016  4.7505099702557463E-016  9.8840918648982556E-001 -2.4359507328498865E-017 -5.8211358478756336E-016 -2.8124030403451223E-015 -1.8645737094288613E-016  5.6672967308053268E-001 -4.9372095988796537E-017  2.9596562575622900E-015  1.5205463975527670E-015
 1.2879020766519605E-014  8.4079957860482172E-015 -1.9600257123853576E-002  1.5420308118949275E-015 -2.0097855671364029E-014 -1.3640706711105691E-014 -3.1085804889091909E-002 -3.3455708441116167E-015  1.2815052838342644E-014  9.4654661968857162E-015 -5.2156618159750728E-002  1.3205781410587284E-015  5.0113986231987586E-016 -1.0108493107238363E-015  2.8226334462972503E-016 -4.9387254203917932E-016  1.5559310306509992E-015 -1.0601433940912035E-017 -7.3656358789990423E-015 -3.4126656566165869E-015  4.6399240225763812E-002  8.7256590840542067E-016 -2.4359507328498865E-017  9.8840918648983156E-001 -9.0118677058484071E-016 -1.7933575065501626E-015 -6.6353172956752391E-016 -5.3274779105355049E-016  5.6672967308054545E-001  1.7341901735541778E-015  9.3469197711304030E-016
-6.1107762604497085E-015 -5.7975608265748852E-015  2.6118222503399070E-015 -4.8176785314124459E-003  9.9888828960346039E-015  8.6899013123675838E-015 -5.6502036384289444E-015 -3.6751900235104074E-001 -7.1005536598451047E-015 -5.5911213044203101E-015  3.0749544502110720E-015 -4.1754009942714376E-001  1.8554566175193103E-014  3.8762483073193024E-016 -1.0536950002803630E-016  1.5454662761160026E-014 -5.9011832007774956E-016  1.9125793301434070E-014  2.6218077838368363E-015  3.6691993639761696E-015  6.0962683333909072E-016  1.3818051200286715E-017 -5.8211358478756336E-016 -9.0118677058484071E-016  8.8533664211605811E-001  7.5956697456446287E-001  1.3331465330957621E-016  6.4294097596490968E-016  2.5447761920124040E-016 -4.1128722390150568E-001 -1.5510669925484130E-001
-7.3420402468257930E-015 -6.7674017922562273E-015  1.9508455575414343E-015 -2.3341834596860451E-004  1.1723454944557013E-014  1.0191271230684347E-014 -4.6778535991427545E-015 -2.0902914064254874E-001 -7.7372747163444978E-015 -6.4668100183058225E-015  2.7525472396036260E-015 -2.1075091824995015E-001  1.7077492579115815E-014  2.5802428981757588E-016 -9.0537332846595012E-017  1.6209894814370816E-014 -5.7582010539942230E-016  1.7637481707054547E-014  2.5250437073059069E-015  3.6908267347775427E-015  7.0502962035862673E-016 -5.9180424932230714E-016 -2.8124030403451223E-015 -1.7933575065501626E-015  7.5956697456446287E-001  6.8439143284435422E-001 -2.1663818015404083E-016 -6.8132844565822066E-016 -3.3698914995904479E-016 -3.6073837032164269E-001 -1.3246322814764333E-001
-1.0595865951834866E-002 -6.5905161123646377E-016  1.5196448700097090E-015 -2.1880269038524834E-016 -1.6579707370037680E-002  1.0649597028880501E-015 -1.2781117310351990E-015  1.0216652214940528E-015 -2.8270217418922005E-002 -7.4837188593698593E-016 -1.1525069093591086E-016 -3.1302502571210024E-016  2.7050866663159281E-017  2.7445670850622796E-016  3.0283045136353518E-016  5.0822349115902169E-017 -3.3352412916382158E-017 -1.0163161318999009E-016  2.7220388086506023E-002  3.3644537358594269E-016 -1.7347234760400898E-017  5.6672967308053213E-001 -1.8645737094288613E-016 -6.6353172956752391E-016  1.3331465330957621E-016 -2.1663818015404083E-016  3.2496698616677477E-001  4.6516172253281969E-018 -6.3534247311288059E-017 -1.5222316212109641E-016 -1.2853468913984942E-016
 5.8289377243837794E-016 -1.0595865951834392E-002  1.5542795485932387E-015  1.6040854212883993E-016 -1.2188142950987338E-015 -1.6579707370038672E-002 -2.8905113826020418E-015  6.0151277564614017E-016  1.4891308435622328E-015 -2.8270217418922113E-002  2.0452703793232001E-015 -1.2464721850397016E-016 -1.8932219906153832E-016  1.3236789118911488E-016  1.9627752951722221E-017 -2.2683262685863084E-016  5.1652461868929376E-017 -8.2251764776187856E-017 -1.1439217796403204E-015  2.7220388086505246E-002 -2.1649672149775347E-016  4.6719867214378061E-016  5.6672967308053268E-001 -5.3274779105355049E-016  6.4294097596490968E-016 -6.8132844565822066E-016  4.6516172253281969E-018  3.2496698616677505E-001 -3.2591822615773414E-016 -1.4474400622296797E-015 -1.0116860991543971E-015
 7.3814381256608176E-015  4.8148803021614818E-015 -1.0595865951835075E-002  8.8536930880158396E-016 -1.1502734528767793E-014 -7.8143770756541711E-015 -1.6579707370045087E-002 -2.0298631373112532E-015  7.3591306659617800E-015  5.4273638974102919E-015 -2.8270217418917117E-002  6.8056784720262145E-016  2.8685775650800026E-016 -5.7981205332275360E-016  1.6189671259832284E-016 -2.8395231972369766E-016  8.9271004255997104E-016 -6.3996676626091868E-018 -4.1845867049258986E-015 -1.9588316232425785E-015  2.7220388086501825E-002  1.0564465968636682E-015 -4.9372095988796537E-017  5.6672967308054545E-001  2.5447761920124040E-016 -3.3698914995904479E-016 -6.3534247311288059E-017 -3.2591822615773414E-016  3.2496698616678776E-001 -1.2718410621621101E-015 -8.1973528646081780E-016
 1.9957512534615148E-014  1.8922614500327462E-014 -7.5948632691833151E-015 -3.3365525673536547E-004 -3.1287154759739032E-014 -2.7278357175086921E-014  1.3530557751515439E-014  9.4989028205269430E-002  2.0650970342949211E-014  1.7391880906812506E-014 -1.1412029035507142E-014  9.0550283158483527E-002 -7.5119264525830189E-015 -6.1059441319086370E-016 -3.8780548152298695E-016 -8.0355708200184976E-015  6.2050781220764884E-016 -7.8029895523147091E-015 -8.4584784081945250E-015 -8.3245575039916577E-015  3.6440375476446684E-015  1.6903904929197741E-015  2.9596562575622900E-015  1.7341901735541778E-015 -4.1128722390150568E-001 -3.6073837032164269E-001 -1.5222316212109641E-016 -1.4474400622296797E-015 -1.2718410621621101E-015  1.0439258852740680E+000  6.1860410990050918E-001
 1.1705759126833746E-014  1.1131073141059882E-014 -4.6083517857167816E-015 -1.3245692157810331E-004 -1.8320312509937371E-014 -1.5979634816787570E-014  8.0248450779233524E-015  3.4140998840393122E-002  1.2109623757075555E-014  1.0193822893355567E-014 -6.9349610079699414E-015  3.2261275356304311E-002 -2.3382793078938305E-015 -3.5740922250426677E-016 -2.6215347598645700E-016 -2.7462931371010361E-015  3.1385833249107171E-016 -2.4427516494069720E-015 -5.0609195683823227E-015 -4.7959911745179206E-015  2.4541661353016530E-015  1.0007729494307165E-015  1.5205463975527670E-015  9.3469197711304030E-016 -1.5510669925484130E-001 -1.3246322814764333E-001 -1.2853468913984942E-016 -1.0116860991543971E-015 -8.1973528646081780E-016  6.1860410990050918E-001  3.7840534170588352E-001
