  0.13242632260987103        1.7489573154004808E-009   6.4814830572488389E-009   2.9832799620508562E-008   1.2242194955417052E-008   5.8249343502505520E-008  -1.8037621808433743E-008  -2.3148451600078045E-009   4.6501758635453804E-009  -9.9273504236798212E-009   6.7790399665294668E-002   3.8162849476982900E-010  -8.7811378869324251E-010   9.5265349567887239E-008  -1.1468510540881602E-010   2.1590367000685111E-010   1.0630644357215236E-009   5.0037317768958446E-010  -6.3909007565349940E-010  -3.4652274735590606E-010  -8.2717556709955740E-011  -3.3722678839374078E-010  -1.0492962248555045E-010  -5.4100619287427795E-010   7.7925110898563064E-010   8.4792446336421630E-009  -3.9123968386541480E-009  -1.0122454425360173E-009  -5.3312031285003689E-010   2.3299033255143251E-010   4.5795522218023893E-008   4.1582058998340034E-002   1.8220524501985047E-010   1.7050298244298291E-010  -3.6106691548150563E-011   4.7999605485622539E-011  -3.0478809179564502E-011  -5.2974491334873365E-012   7.6701263903118794E-012   6.8723707212781715E-011   2.0384169734559669E-011   4.5703568373266367E-012  -9.1746577277736723E-011   2.7072374256008015E-011   3.1695025972225352E-012  -4.6034187471953737E-012  -2.6954866467258895E-013  -1.1133351805704079E-012  -3.8968703146291767E-011  -3.9284533409079217E-011  -1.8348730948778021E-011   1.6560190348488790E-011   3.9085183548325060E-011   2.0054628871322176E-011   1.3625176272987506E-011   1.6935183776071998E-011   3.3835314414119914E-012  -4.3728225523190713E-012  -1.4864953343877224E-011   2.3519529050177198E-009   9.5166727710538998E-009  -3.6028347780461959E-009  -6.8948540886330380E-010   6.3358576363405632E-010  -1.6624700203620853E-009  -1.1536459923575632E-002  -1.2709543941291529E-010  -1.0647911805390534E-009   1.8946935925277190E-002   2.1962026996485563E-011  -1.0872519818326923E-009   6.8709423192195385E-008   3.3750392023987567E-010  -1.7177754497219939E-010   8.9637580748973554E-011   1.0674190238128045E-009  -2.8393795495159033E-010  -1.2484029086579616E-011   6.0087529160449204E-011  -7.7153578696585891E-011
   1.7489573154004808E-009  0.13242632670834256       -4.7775160835828201E-009   1.4629414612300623E-007  -3.5930126313344756E-008   6.5193902770822761E-009  -4.4898913397598060E-009   6.4425867148242801E-008  -1.9641701429872012E-008  -2.8495741249144557E-008  -8.3465415589889894E-010   6.7790398905579710E-002   1.2460471017799781E-009  -3.1890443437157649E-007   2.3977061457308644E-011  -1.3016818597633679E-010   1.6054739878383166E-010   1.1705871740725990E-010   5.9942840319742858E-010  -1.4922574411425619E-010   4.2914641306906351E-010  -9.9040435469783514E-010  -4.4568075185429578E-010   6.1853790361452613E-010  -4.2278858401321471E-009   9.1043466729647230E-010   7.5307233361300663E-010   1.0090804594408509E-008  -3.8004864718007765E-009  -5.8629134606988052E-009  -5.9076134552813315E-008  -2.6756614115982634E-010   4.1582059257272243E-002   3.8909380581735964E-010  -1.8637083393105294E-011  -1.6174900459481665E-011  -3.8609548257060622E-013   2.6261206513807493E-011  -2.9173427384346850E-011   6.4760722689665995E-012  -1.8723482248140485E-011   1.1816032642735320E-011   4.6821242729899719E-011  -8.4211439505587278E-012   5.9071318305479552E-011   7.6629036004993263E-012  -1.3002847463300268E-010   1.4081791060965279E-011   7.0334484282067020E-011   1.1673623680046802E-011  -3.2158939525902877E-011   5.2656717226663021E-012  -1.1805891414701296E-011   6.6566773998497294E-012  -3.8554717963320584E-012   3.8782955444081263E-011   1.6115986749219707E-011  -1.9886544212664246E-011  -1.5937240195527688E-011  -5.8123531977378954E-009   1.5235066603225180E-009  -5.1952888112480437E-010   1.0660375654761793E-008  -3.8683909056110771E-009  -4.8480180851090018E-009  -1.8934813188820313E-010  -1.1536460924317298E-002   6.4977678288853882E-010  -4.0593484686463771E-010   1.8946934879450698E-002   1.0551812672039860E-009  -1.1108436344681190E-007   1.6751557836919143E-008   1.5956848511669797E-009  -6.2070510473944651E-010   2.2481722415666334E-011  -3.4551374707749546E-011   1.2041571241569901E-009  -3.0937297521696958E-010  -5.8345200104481545E-010
   6.4814830572488389E-009  -4.7775160835828201E-009  0.13242631814418532       -1.2842187263982348E-007   1.2421546784477390E-008  -5.2762718089539358E-009   2.7547248314280934E-009   1.0656443212243509E-008   6.8998155350532449E-008  -2.3077989434640239E-008  -1.1393211300525283E-009  -3.0121364237315669E-011   6.7790400221350647E-002  -5.4655487136850483E-008  -3.9593317427472533E-010   2.1378511406584505E-010   2.1714249592947562E-010  -3.4437358282921898E-010  -7.0962611821013627E-011   8.7557317635304578E-010   5.1634540249709166E-010   7.0485684744876190E-010  -9.0653296097599105E-010  -6.8721423032503894E-010   1.6731335208744649E-009   7.6822621298230552E-010   1.7968342450743897E-009   2.1704183886396755E-009   6.4263513313516691E-009  -3.8435431869247622E-009  -7.2499117877176885E-008   4.2360075884013305E-011  -1.3765469700725807E-010   4.1582059139637292E-002   1.5865921000535467E-011  -6.0539787969153568E-012  -5.3811732715920087E-011   5.6645511377198010E-012   5.0962050214541478E-011  -3.3535907688129151E-011  -4.0181863635805101E-012  -2.4460241904660681E-011   1.3512801489616401E-011   7.2043167013402746E-011  -7.7486986982313464E-012   9.3308963771878717E-011   7.9453592271742664E-012  -1.3129382204067241E-010   1.4566689498957481E-011  -3.3311145001123525E-012   1.7976225890576280E-012  -3.3946749063673992E-011   3.0301915762114506E-012  -1.6708127839828987E-011   1.4390557540207049E-012  -2.9771998802744360E-011   2.1049315361216609E-011   3.8145935897591420E-011   9.6085764307799255E-012   2.3580336336710671E-009  -6.3430740718727748E-010   1.0500608506180421E-009   2.1236466269378451E-009   1.0926221977468405E-008  -4.4816748531185030E-009  -1.0545119450405728E-009   6.1185871079103679E-010  -1.1536459464602468E-002  -1.1859529752297152E-009   6.3154939841675043E-010   1.8946936495000847E-002  -9.5596293838100755E-008  -7.8150465075520952E-009  -5.5186040686591995E-010   1.6914514988230087E-010  -4.9246515510909361E-011   9.3044160553330945E-012   1.6382471926940802E-010   1.1405009827575734E-009  -3.3296974424625068E-010
   2.9832799620508562E-008   1.4629414612300623E-007  -1.2842187263982348E-007  0.13949666182282730        4.7736634365643250E-009   1.0845305754499874E-009  -9.8901593110796152E-009  -1.0286599499732597E-008   6.2366301991263073E-009   5.5128041151008073E-009   4.2287467249503024E-008  -1.3454124013774618E-008  -4.0997721634443150E-008  0.32076745323989203        1.3475874210313046E-009   3.3628882073188622E-009  -2.0698227301220325E-009  -2.0047232194288433E-009  -1.5196629640682480E-009   1.9674492817179087E-010   4.1609381551139174E-010  -6.3473498637097537E-010  -3.9211364978474838E-009   2.0158575342706860E-009  -6.9656839939718046E-010  -4.9651463574190785E-010  -1.3873435862538557E-009  -3.0576088892058324E-010   2.3691496521551605E-009   1.0018677858405718E-009  0.15896547815045309        1.3259479433265845E-008   1.7420340045436292E-008  -1.0522028843160909E-008  -1.5037401729086575E-011   2.5837109401791741E-011  -6.4888855935951693E-012  -8.3530352984326380E-012  -1.4045533151485236E-011   3.4846407895846189E-011   8.3881599240106318E-012   6.4327579478606902E-012  -4.5918036368471719E-011   1.6941777346641406E-012  -2.1284566104951089E-011  -2.0257732073749067E-011   4.5799686694463399E-011   3.0726534264018082E-011  -4.5875044903884802E-011  -8.3874715012384475E-011  -3.4576012214521269E-011   1.9562698925624561E-011   4.4668719199216831E-011   1.2594896175106666E-010   6.7860674444478109E-011   3.5059109478317631E-011  -4.3574507414094035E-011  -1.2460691081070367E-011   1.7897301540396290E-011   5.9958185848074035E-010  -1.3463429404729722E-010  -3.0211503468288031E-009  -2.3952236701204751E-009   2.6980929743054771E-009   1.7956465666636908E-009   1.7746884734057638E-008  -6.1467330345214905E-008  -2.7437026045495860E-009   3.1535628815764996E-008  -5.5588266073360260E-008  -1.7880934369123659E-008  0.24355169541890234        5.6498892405866539E-003  -1.9312308638505949E-004   1.0014838595724354E-010  -5.0938031838769052E-011  -6.9339033088949558E-010  -5.1272249015792500E-010   6.7206172827849426E-010   4.1255129619868383E-010
   1.2242194955417052E-008  -3.5930126313344756E-008   1.2421546784477390E-008   4.7736634365643250E-009   1.2210281515649147E-014   3.1580418880984902E-015  -5.2934534670916779E-016  -1.7048901010189274E-014   1.2446151980885503E-014   4.8386151029282760E-015   6.2675556241980150E-009  -1.8389193425197449E-008   6.3572826111835044E-009   1.0979286679109695E-008  -8.0896608097796341E-018   1.9028287485471776E-016   4.3762321974024941E-018  -8.6304951509799137E-017  -2.8018349205820724E-016   9.7156426047907481E-017  -6.1227957392880426E-017   2.8150678203308077E-016  -1.0811307079798222E-016  -2.1308388546366887E-016   1.3453221827575587E-015   5.9243655049676233E-016  -4.4470103055999463E-016  -2.6263954824348123E-015   1.6596665101894550E-015   1.2810566155444574E-015   5.4366478422194767E-009   3.8385542715830123E-009  -1.1314490624235729E-008   3.9125765752538860E-009   2.7123829764087569E-018   9.1318530724290265E-018  -7.9827235818375859E-018  -7.3904787292984395E-018   1.2946491875591046E-017   2.6287512771905645E-018   6.8908897721191368E-018  -4.8585572930726892E-018  -2.1496857482176967E-017   1.1604096643494186E-017  -1.7204013809269344E-017   5.5690346114112281E-018   3.7613650047806695E-017  -1.5218790791860475E-017  -2.2907669497715732E-017  -1.0034109967739887E-017   6.2148171646363861E-018  -2.6318106651003949E-018   8.4235554389387329E-018   2.4788541795824237E-018   5.0389335421191743E-018  -1.0813171826278538E-017  -2.8253686385134486E-018   8.2961020727949988E-018   4.0671715418127891E-018   2.0483936402636853E-015   4.0080652172088097E-016  -1.9716463503500130E-016  -2.8601979746453023E-015   2.2365368365077960E-015   8.1180363518169107E-016  -1.3295840081590696E-009   1.5849530280889750E-009  -5.0027777010611036E-010   1.7514489041899931E-009  -5.1413484761671413E-009   1.7774542852759448E-009   8.3349865293728218E-009   3.4461038147310529E-011   1.8141028751590539E-012   2.0928855674466665E-016   7.9629278548198934E-017  -3.7030479467059933E-017  -3.5097510619018421E-016   2.3717372975690293E-016   1.4168575489911205E-016
   5.8249343502505520E-008   6.5193902770822761E-009  -5.2762718089539358E-009   1.0845305754499874E-009   3.1580418880984902E-015   2.6164967762111583E-014  -8.3431916509263644E-015   1.6487705031873993E-015  -1.6220358842122983E-015  -4.8068137084174581E-015   2.9811819440344286E-008   3.3378095753720182E-009  -2.7011653110450315E-009   2.4939332577863393E-009  -2.2922902952984454E-017   1.0609634801053803E-016   4.5017733341654400E-016   2.2365472613389529E-016  -2.6015334149102086E-016  -1.9290714688356196E-016  -3.2529686379247300E-017  -2.3001484675536755E-016  -6.2459064184620603E-017  -1.6409906130376537E-016   6.4481264221140639E-017   3.7217560216132094E-015  -1.7627367756092165E-015  -3.7334317144901986E-017  -6.6011092310163899E-016  -2.7152354908423633E-017   1.2356978468939413E-009   1.8346628732223143E-008   2.0431242836939515E-009  -1.6551789972814330E-009  -1.7546034062393028E-017   2.0810155475048539E-017  -1.1368230979597570E-017  -1.3564823971003371E-018  -2.0584389947886551E-019   3.2179023375550078E-017   8.2669210596266286E-018   3.6191733028585998E-018  -3.9011018631063170E-017   8.6707074906698692E-018   4.4593283272842895E-018  -5.5179260600611447E-018  -6.4761503582542591E-018   5.6714540684895196E-018  -1.4631482462388124E-017  -1.7321956472393663E-017  -9.8042992937103069E-018   1.0009810509367775E-017   1.7354270291782296E-017   1.0015292864428896E-017   5.8874799169438345E-018   1.0690128232368418E-017   9.5167735301481806E-019  -4.5389054763366282E-018  -8.1699510291969143E-018   6.5698626074233343E-016   4.3181949901164658E-015  -1.6823756213390635E-015   1.1755486167573109E-016  -3.2469528842764199E-016  -7.7454219122429798E-016  -2.3901042146935694E-009  -7.5755876707593258E-010   5.3498299071145063E-010   8.3351418898562680E-009   9.3268524472600079E-010  -7.5487416316988093E-010   1.8935224065836184E-009   3.5058217169033826E-011   6.2929223694792168E-013   1.0844235889770704E-017   5.0674567830819637E-016  -1.4938038485374172E-016   3.7640656178294657E-017  -2.6736971454089990E-017  -4.8485084554210602E-017
  -1.8037621808433743E-008  -4.4898913397598060E-009   2.7547248314280934E-009  -9.8901593110796152E-009  -5.2934534670916779E-016  -8.3431916509263644E-015   3.3682825059692970E-015  -9.1795218858609054E-016   1.0253821548884785E-015   1.4473069337857725E-015  -9.2310688618895232E-009  -2.2985838712997135E-009   1.4105712966892526E-009  -2.2748194080219574E-008  -8.9023186760548506E-017  -2.5894868216277743E-016   1.2650231822886346E-018   6.2979093726843277E-017   1.7283123661675762E-016   5.6460084041872021E-017  -2.2060605261299904E-017   1.3916103672231700E-016   2.8854956469335261E-016  -1.0466743335920105E-016   1.2073963342166991E-016  -1.1275273182281907E-015   6.4153256645174243E-016  -1.3735548818177846E-016   1.6854962597041425E-016   1.6648882218738079E-017  -1.1261253949148338E-008  -5.6857409772386065E-009  -1.4083970459204698E-009   8.6158280957136074E-010   6.9441133448527955E-018  -7.9672873111877215E-018   3.5202943419258594E-018   5.5225755801343608E-019   1.9994813242382518E-018  -1.2756020912524767E-017  -2.8188642133938659E-018  -1.9883304495280485E-018   1.4471144163703774E-017  -2.0382942554674881E-018  -1.0925133956044409E-018   3.7399562679313526E-018   1.3627277122850023E-018  -5.2303064389189705E-018   6.4833898063677707E-018   1.0890703155519386E-017   5.9790518870355440E-018  -4.9003198008024597E-018  -8.2095494371614471E-018  -1.1931479054202923E-017  -6.4024256767156478E-018  -6.7052536386762463E-018   2.5513606653238226E-018   3.0175014794985955E-018   1.7507085614707988E-018  -1.1612152355290779E-016  -1.3643634169473492E-015   7.4737378803668896E-016  -5.3336353364419690E-017   7.8435560221018103E-017   1.6945771048625124E-016   5.2620076325301574E-010   4.5954341640597094E-010  -4.0237440068150571E-010  -2.5811681530705928E-009  -6.4235897748452933E-010   3.9406679565133614E-010  -1.7268591264614052E-008   4.0579019052108287E-011  -3.2828218199367828E-012   1.6943549127881463E-018  -1.5698053657982616E-016   9.5849909536306276E-017   2.4439211985131308E-018  -2.4529751153709006E-017  -4.1365989204600598E-018
  -2.3148451600078045E-009   6.4425867148242801E-008   1.0656443212243509E-008  -1.0286599499732597E-008  -1.7048901010189274E-014   1.6487705031873993E-015  -9.1795218858609054E-016   3.3005236714443954E-014  -4.5455202510080993E-015  -1.5956326164792331E-014  -1.1852082939945945E-009   3.2972523857465876E-008   5.4536369888223411E-009  -2.3659757337579313E-008  -1.1743804040297367E-016  -2.9770722187967732E-016   2.2945041086976553E-016   1.6826857293100217E-016   4.0864535808620929E-016  -1.0707902462631934E-017   2.2050283896667891E-016  -3.7184315115223294E-016   1.8288973198953378E-018   1.0613319714853094E-016  -1.8722908217784157E-015   3.9505635498546555E-016   6.8209713187782028E-016   5.0987124110690327E-015  -1.4972462656454106E-015  -3.2263844390761928E-015  -1.1713674547009260E-008  -7.2506432892490512E-010   2.0295641178885457E-008   3.3589370461942887E-009  -6.0783767639023185E-018  -1.1086082686856028E-017  -3.5069307039969255E-018   1.3992331621097386E-017  -9.2030420928392378E-018  -3.3212570485229814E-018  -1.0438339210991049E-017   3.2125515338548647E-018   2.8878084128474422E-017   1.1123813293876193E-018   2.9658202245337859E-017   1.2814454657263251E-017  -6.6095589164641646E-017  -5.9548558683264659E-018   3.9514213309555155E-017   1.2035547633216894E-017  -1.2898059575446141E-017  -1.5457474778046266E-018  -9.3110114657283437E-018  -6.9023354598537541E-018  -6.8362061896373923E-018   1.4522671323800322E-017   1.1657625313000576E-017  -6.5925359992339832E-018  -7.5374994605831717E-018  -2.7449603936174509E-015   5.3144585974901044E-016   1.1698120992661383E-016   5.5915572747364047E-015  -1.2133142017707754E-015  -2.8465947575795084E-015   2.8761958149206981E-010  -2.4713160012558373E-009  -3.1753127324648239E-010  -3.3116448198447047E-010   9.2190416862798097E-009   1.5249249013419416E-009  -1.7960868408840975E-008  -1.3500227543525974E-012  -3.5376687538354324E-012  -3.1869437804816298E-016  -2.9206487230822881E-019   4.1084287747372795E-017   6.8682053124696327E-016  -1.2176200413282760E-016  -3.6812440007629158E-016
   4.6501758635453804E-009  -1.9641701429872012E-008   6.8998155350532449E-008   6.2366301991263073E-009   1.2446151980885503E-014  -1.6220358842122983E-015   1.0253821548884785E-015  -4.5455202510080993E-015   3.9309631342944097E-014  -7.9006372472990036E-015   2.3806407651106219E-009  -1.0052247653634041E-008   3.5314418952019818E-008   1.4345915020881044E-008  -1.5332015256026773E-016   2.8843110119094531E-016   3.4134183613089922E-017  -2.6867660579405228E-016  -2.1616659110178999E-016   4.7437612766120928E-016   2.2094683489819876E-016   4.7330055424514819E-016  -5.8484824393459971E-016  -3.7821728893051416E-016   1.4887557985898823E-015   5.4034933346724683E-016   6.2733951103009323E-016  -4.0884281520793554E-016   3.9796844544862748E-015  -1.0799297835156058E-015   7.0999489905355104E-009   1.4587282228242526E-009  -6.1891392620599912E-009   2.1720325846638531E-008   9.1197615261216460E-018   2.0830382299527670E-018  -2.9350888756892166E-017  -1.5125810832393137E-018   3.0575541141210193E-017  -1.4504223844590920E-017   1.7863370561736726E-018  -1.4067523958695068E-017  -5.1915620337828221E-018   3.9836137444866761E-017  -1.3645149092614671E-017   4.6464657229942215E-017   2.5483879946218151E-017  -6.9254327523050184E-017  -6.2494769976140234E-018  -9.0871486301939645E-018   3.8742697728418943E-018  -1.7033857248804952E-017   6.3757025773038168E-018  -3.4949695422503552E-018   5.8161188756518041E-018  -1.8810358123175372E-017   7.8022632766396636E-018   2.1364535605480235E-017   6.8783127152342884E-018   2.2114512302197347E-015  -2.2783235159486304E-016   3.5958343139324855E-016  -6.1693265896716351E-016   6.4447385248278683E-015  -1.5945161714827177E-015  -4.7349286029339394E-010   6.7955184644772411E-010  -3.3955650663198435E-009   6.6529754018639488E-010  -2.8106673100976065E-009   9.8730031418430449E-009   1.0889677194757890E-008  -9.0579433201358432E-011   1.5961684573431664E-012   2.0526940159869177E-016   3.2752727810837332E-018  -2.5560625048222572E-017  -1.2250394472308310E-016   7.1361806179314030E-016  -8.2766453241583088E-017
  -9.9273504236798212E-009  -2.8495741249144557E-008  -2.3077989434640239E-008   5.5128041151008073E-009   4.8386151029282760E-015  -4.8068137084174581E-015   1.4473069337857725E-015  -1.5956326164792331E-014  -7.9006372472990036E-015   1.1117705914173431E-014  -5.0823477005293505E-009  -1.4583330653045017E-008  -1.1810919326652983E-008   1.2680170773943169E-008   1.2552642725813009E-016   1.0742117616348540E-016  -2.3382470133586663E-016  -8.1961737162874376E-017  -1.2846042819906420E-016  -8.6448698652232639E-017  -1.5927526981194861E-016   9.0336977354258016E-017   1.0628786521931402E-016   1.0694878768379706E-016   5.2696933614655222E-016  -9.8749259551202903E-016  -2.3739467237458442E-016  -2.4723166524388078E-015  -1.6242254485407347E-016   1.9453268507877054E-015   6.2768710272411718E-009  -3.1134897263067540E-009  -8.9811506098850659E-009  -7.2715133229883477E-009   3.3660083952531244E-018   1.9542053065816386E-018   1.1489659813716043E-017  -6.6018453432341604E-018  -3.7434362278798218E-018   6.9247247708916734E-019   3.5474413615055132E-018   1.6459997120687258E-018  -7.3811831969017753E-018  -1.2716478993444447E-017  -1.2454168233607339E-017  -1.8383469524039386E-017   2.8481896014574459E-017   2.1173616812391548E-017  -1.6606500360930317E-017  -2.0013559877570605E-018   6.6832844467252752E-018   4.1775428751669827E-018   8.8741303635446511E-019   4.4233533781177194E-018   1.7972060553696802E-018  -3.7095324058700574E-018  -8.8322192469807644E-018  -1.7035639579578061E-018   3.4703114014135464E-018   6.9656618265816828E-016  -9.3225208366047309E-016   8.0186124972345357E-017  -2.7313570854483700E-015  -1.0232249345231880E-015   2.0347894785293650E-015   1.0419842208149900E-009   8.8636657960441967E-010   8.1781481615243810E-010  -1.4202845040261335E-009  -4.0776932678625840E-009  -3.3023791038209996E-009   9.6256521115706384E-009  -3.3372212785361748E-011   1.6685864513131388E-012   1.0940577746660844E-016  -7.9336939981598458E-017  -4.0534340154274098E-018  -3.3584500358848165E-016  -1.1541212390656416E-016   2.2643826753325991E-016
   6.7790399665294668E-002  -8.3465415589889894E-010  -1.1393211300525283E-009   4.2287467249503024E-008   6.2675556241980150E-009   2.9811819440344286E-008  -9.2310688618895232E-009  -1.1852082939945945E-009   2.3806407651106219E-009  -5.0823477005293505E-009   3.4714606139950102E-002  -6.9008601911826879E-010  -2.7270364549226323E-009   1.1087228032630730E-007  -5.8860473053473516E-011   1.1065576095550183E-010   5.4526910230658625E-010   2.5677631911618534E-010  -3.2789382484645503E-010  -1.7781501131348636E-010  -4.2422206690059678E-011  -1.7289543190034972E-010  -5.3742029380401482E-011  -2.7755031550777309E-010   3.9390823492778324E-010   4.3735009607592414E-009  -2.0089803175613057E-009  -5.1555862450546532E-010  -2.7270133666567251E-010   1.2164830432803196E-010   5.4231425193626607E-008   2.1184311016211033E-002  -4.5093349906997048E-010  -1.3316230616034788E-009  -1.8483429139424652E-011   2.4477585938590656E-011  -1.5537417795754542E-011  -2.6652651808265541E-012   3.9381884101761545E-012   3.5133894512724023E-011   1.0443555260927326E-011   2.3347640799882072E-012  -4.6851686024250120E-011   1.3797242634615562E-011   1.5945398107224564E-012  -2.3619974533696777E-012  -1.3541991512838981E-013  -5.7324196188276798E-013  -1.9923480421108040E-011  -1.9948767660401965E-011  -9.6895817907927805E-012   6.7069274957718022E-012   1.9036733599983186E-011   1.1592980463591597E-011   7.7299773870256449E-012   8.8406519892177979E-012   2.1724392617466000E-012  -2.1717135197581256E-012  -6.6181756896414045E-012   1.2104793662904966E-009   4.8123466839239003E-009  -1.8323218424446712E-009  -3.5628297263442434E-010   3.2434006343516295E-010  -8.5419768931325486E-010  -1.0772028726021652E-002   4.2431203227097822E-011  -1.0277591219759192E-009   9.6971389382862119E-003  -2.3733651973045026E-010  -1.2053995263395822E-009   8.2300875854251984E-008   3.0380329239979980E-010   3.3948772302150953E-010   3.4622627057105483E-011   4.8307750521356842E-010  -1.1423441517463941E-010  -8.6120033177720606E-013   3.0647205971236948E-011  -3.3761443524204207E-011
   3.8162849476982900E-010   6.7790398905579710E-002  -3.0121364237315669E-011  -1.3454124013774618E-008  -1.8389193425197449E-008   3.3378095753720182E-009  -2.2985838712997135E-009   3.2972523857465876E-008  -1.0052247653634041E-008  -1.4583330653045017E-008  -6.9008601911826879E-010   3.4714604293978699E-002   1.8697302809811416E-009  -3.6598567057569650E-007   1.2198104063845590E-011  -6.6986639624482263E-011   8.2437560182855760E-011   6.0055832003058793E-011   3.0763973915440435E-010  -7.6420492711078905E-011   2.2047962278927444E-010  -5.0802055560242774E-010  -2.2886343104875188E-010   3.1721034727839152E-010  -2.1838088088883855E-009   4.6214198519071266E-010   3.8564075247448356E-010   5.2040013768936421E-009  -1.9518388471365003E-009  -3.0201898259731462E-009  -1.3141158257889377E-007  -2.9876967935045577E-010   2.1184310224230098E-002   9.7917941356694754E-010  -9.4904848426555083E-012  -8.2988183356485240E-012  -2.0220917799199420E-013   1.3364901418018435E-011  -1.4897943565970510E-011   3.3057510321478094E-012  -9.5361941209092214E-012   6.0613070699629181E-012   2.3928255925801343E-011  -4.3156704207184010E-012   3.0195645168192291E-011   3.9350820609386124E-012  -6.6407900048694154E-011   7.1692454265456590E-012   3.5922053747119145E-011   6.1504766016176122E-012  -1.5969617634292326E-011   2.2409063345280223E-012  -6.3500335716502782E-012   2.1223006316187793E-012  -1.9014680744263883E-012   1.8608120449358764E-011   1.0080301029768472E-011  -9.0019184570092736E-012  -9.1838366245376576E-012  -2.9406887733623513E-009   7.8516053437188031E-010  -2.6621153472255594E-010   5.3881417782852761E-009  -1.9680473642109733E-009  -2.4474507615471416E-009  -7.4806598272082993E-011  -1.0772030179734863E-002   1.0802323447050515E-009  -2.8221234637424437E-010   9.6971379791508591E-003   8.9892932001646202E-010  -2.1067769403199408E-007  -1.1419998375172440E-008   1.6748671552363171E-009  -2.8080447361389700E-010   1.5378738969823813E-012  -1.7837914982550507E-011   5.4295766843086300E-010  -1.2710267845804200E-010  -2.6215318306366344E-010
  -8.7811378869324251E-010   1.2460471017799781E-009   6.7790400221350647E-002  -4.0997721634443150E-008   6.3572826111835044E-009  -2.7011653110450315E-009   1.4105712966892526E-009   5.4536369888223411E-009   3.5314418952019818E-008  -1.1810919326652983E-008  -2.7270364549226323E-009   1.8697302809811416E-009   3.4714607877427729E-002   2.8811344654420268E-008  -2.0328676976689736E-010   1.0969611830886322E-010   1.1123234920112938E-010  -1.7655611087096618E-010  -3.6228157710365782E-011   4.4929366802163665E-010   2.6489175073994433E-010   3.6158322912503391E-010  -4.6508458014076990E-010  -3.5241460835609396E-010   8.6038104762030437E-010   3.9341170977572565E-010   9.1569454542821915E-010   1.1148553676090486E-009   3.3234178317093999E-009  -1.9752320041812613E-009  -8.7772589953539114E-009  -1.3146941427827499E-009   1.1101610533411026E-009   2.1184311990226693E-002   8.0878237762862395E-012  -3.1046266493008865E-012  -2.7528476569293899E-011   2.8869940154814432E-012   2.6001438366180498E-011  -1.7094718752792036E-011  -2.0599881745641608E-012  -1.2481600510454159E-011   6.9288419193662628E-012   3.6831634415678275E-011  -3.9730805465278138E-012   4.7674409019707792E-011   4.0913803068369467E-012  -6.7054730568074552E-011   7.4017782656144725E-012  -7.0874103790735400E-013   4.6010583349071390E-013  -1.7573612184552358E-011   1.9967899771358805E-012  -8.7805506740304827E-012  -1.0458712405950832E-012  -1.6272760199633064E-011   9.5410273772106784E-012   2.1372210547254036E-011   5.9850799705197274E-012   1.1999020669659672E-009  -3.2509540537160960E-010   5.4301894524518782E-010   1.0799320661799099E-009   5.5329033452413073E-009  -2.2798313636417146E-009  -1.0237629182135339E-009   9.4693441935980770E-010  -1.0772028314050983E-002  -1.2183922376657375E-009   8.6460626201709570E-010   9.6971396425591071E-003  -5.8479351530527618E-009   2.7205917609014883E-009  -9.5583983965225057E-010   6.8413248221506225E-011  -2.5419109729626208E-011  -5.0228237732430304E-012   6.5721591199810842E-011   5.1968789886431684E-010  -1.3413478423452101E-010
   9.5265349567887239E-008  -3.1890443437157649E-007  -5.4655487136850483E-008  0.32076745323989203        1.0979286679109695E-008   2.4939332577863393E-009  -2.2748194080219574E-008  -2.3659757337579313E-008   1.4345915020881044E-008   1.2680170773943169E-008   1.1087228032630730E-007  -3.6598567057569650E-007   2.8811344654420268E-008  0.73797554113940711        3.0987916227778483E-009   7.7339690054345402E-009  -4.7602260300737519E-009  -4.6103850656668909E-009  -3.4947166970745040E-009   4.5291982607088546E-010   9.5733472955102396E-010  -1.4596290793889124E-009  -9.0183676376884644E-009   4.6360045333875588E-009  -1.6026036247203879E-009  -1.1405638182121770E-009  -3.1834298487617057E-009  -6.9801684072355641E-010   5.4409239610628197E-009   2.2995734419476883E-009  0.36496315820651254        3.9133182223416840E-008  -1.6751308374368745E-007   5.1667765554977540E-008  -3.4568898416686670E-011   5.9404255300457890E-011  -1.4947142991898069E-011  -1.9229212439956231E-011  -3.2300190678086562E-011   8.0132705606043792E-011   1.9286045866038753E-011   1.4816972869257908E-011  -1.0557416535374465E-010   3.9031951467093820E-012  -4.8927372097390986E-011  -4.6574532048148076E-011   1.0530770075416255E-010   7.0649387621256672E-011  -1.0548735051737013E-010  -1.9242062400271875E-010  -7.8678199029538097E-011   4.4526588794407505E-011   1.0226163060000672E-010   2.8914372111991913E-010   1.5589696813131912E-010   8.0524059768168249E-011  -1.0042907590806055E-010  -2.9356039558336131E-011   4.1667152177052427E-011   1.3811726523370230E-009  -3.1111111066207092E-010  -6.9604998988049710E-009  -5.5187684492077747E-009   6.2185047285006042E-009   4.1376151853809229E-009   5.1874528940820970E-008  -1.5586058286304167E-007  -1.8531516007871052E-008   7.7598854068972244E-008  -2.2323893130744709E-007  -7.4492593955692081E-009  0.56010388704620240       -1.4387795574354722E-002   9.9969337523323713E-004   2.3118385624733675E-010  -1.2073446026161598E-010  -1.6124877803041664E-009  -1.1911649366919721E-009   1.5644078910489739E-009   9.5992520566656391E-010
  -1.1468510540881602E-010   2.3977061457308644E-011  -3.9593317427472533E-010   1.3475874210313046E-009  -8.0896608097796341E-018  -2.2922902952984454E-017  -8.9023186760548506E-017  -1.1743804040297367E-016  -1.5332015256026773E-016   1.2552642725813009E-016  -5.8860473053473516E-011   1.2198104063845590E-011  -2.0328676976689736E-010   3.0987916227778483E-009   1.4338490350643825E-017   3.1624738403119901E-017  -2.1555153497799674E-017  -1.8744312915034230E-017  -1.3806906319263700E-017  -4.9277232989331978E-019   2.5925897832736472E-018  -8.1549589215674954E-018  -3.5103078799354614E-017   2.2144615389280826E-017  -1.3182225468559609E-017  -1.4671853956873792E-017  -1.4963375958867983E-017  -7.2035232420845035E-018   1.7844831978776528E-018   2.0381273881430146E-017   1.5355673849835994E-009  -3.4717564960035215E-011   8.1669879704562385E-012  -1.1918516531524851E-010  -1.6340051127972569E-019   2.2478450763801408E-019   1.2280597736918559E-019  -8.7747429266314748E-020  -2.9599227064234155E-019   3.7553924008375264E-019   7.1741519431904603E-020   1.3143497201441214E-019  -3.9783030885608893E-019  -2.2077161901486031E-019  -1.7354458826341576E-019  -4.6470157058658081E-019   3.9316087713429591E-019   6.8531977487936863E-019  -4.3726274784039626E-019  -8.1744289329723257E-019  -3.0532472665342749E-019   3.1219237285177458E-019   3.7818455478547124E-019   1.2531036485780545E-018   7.1851944937233045E-019   4.7766710924776124E-019  -4.3878179970418833E-019  -3.3553745056279880E-019   9.4352103970756638E-020  -4.2836439542159715E-018  -6.6310025071601822E-018  -2.9727931979628903E-017  -2.6126383954754579E-017  -4.8857446470620468E-018   3.0410061869092941E-017   7.1728354669148869E-011   2.8378206150089245E-011   2.7969508589921631E-010  -1.6383053056872694E-011   3.4422582355012102E-012  -5.6547840039794950E-011   2.3528067696059450E-009   5.0057639103414786E-011   4.2991699393868763E-013   1.0992407295174959E-018  -3.8919013084904984E-019  -6.3902932453380235E-018  -3.9121749029361443E-018   6.0153514938068489E-018   2.8127134527105975E-018
   2.1590367000685111E-010  -1.3016818597633679E-010   2.1378511406584505E-010   3.3628882073188622E-009   1.9028287485471776E-016   1.0609634801053803E-016  -2.5894868216277743E-016  -2.9770722187967732E-016   2.8843110119094531E-016   1.0742117616348540E-016   1.1065576095550183E-010  -6.6986639624482263E-011   1.0969611830886322E-010   7.7339690054345402E-009   3.1624738403119901E-017   8.1915746613240134E-017  -4.7968005384471652E-017  -4.8188082935898122E-017  -3.8410497266129330E-017   5.7590123591298849E-018   1.0297502015649187E-017  -1.3697173058783951E-017  -9.5731198071323499E-017   4.5962490221443654E-017  -8.0701891510756421E-018   2.6819880410016585E-018  -3.7803411354192053E-017  -1.6431956295920230E-017   7.1242598794232048E-017   2.4491061351184912E-017   3.8305405518079435E-009   6.6674304281602063E-011  -3.7899204168238584E-011   6.4948278084685789E-011  -3.7960715867695355E-019   7.0662010577417154E-019  -2.9145321035816184E-019  -2.2421091286771643E-019  -2.1793369835826465E-019   8.9292314389217479E-019   2.4597457946119849E-019   1.1193138688189499E-019  -1.2780413144595709E-018   2.0802427626702442E-019  -5.7764734072501412E-019  -3.5511359033916468E-019   1.2403068540310639E-018   5.1754908804541438E-019  -1.2135587789328986E-018  -2.0835815989499911E-018  -8.5397000099100656E-019   4.2690345753772395E-019   1.1635303731736749E-018   3.0812730006391434E-018   1.6318895385420346E-018   8.0245685826752741E-019  -1.1024449502626839E-018  -2.2263703542178993E-019   5.0351754038437731E-019   2.6720841899341710E-017   8.9305223151799427E-018  -7.6282836942618333E-017  -6.4126489651366408E-017   8.5913356157203641E-017   3.7405787357074915E-017  -7.2250032244818605E-011   1.5328710515200759E-010  -1.2271956234041952E-010   3.0869255211669220E-011  -1.8567567279185711E-011   3.0544746851182374E-011   5.8715690423376774E-009   5.5434806766392238E-011   1.5585400173202550E-012   1.8563048980336780E-018  -9.2176006009945999E-021  -1.7046193980200045E-017  -1.1520285067437363E-017   1.6215552958356124E-017   9.6634201262205243E-018
   1.0630644357215236E-009   1.6054739878383166E-010   2.1714249592947562E-010  -2.0698227301220325E-009   4.3762321974024941E-018   4.5017733341654400E-016   1.2650231822886346E-018   2.2945041086976553E-016   3.4134183613089922E-017  -2.3382470133586663E-016   5.4526910230658625E-010   8.2437560182855760E-011   1.1123234920112938E-010  -4.7602260300737519E-009  -2.1555153497799674E-017  -4.7968005384471652E-017   3.9899738713513904E-017   3.3398451259174723E-017   1.7980012459042902E-017  -4.4793232504599771E-018  -5.4589109298259956E-018   6.6257716946404605E-018   5.5291765794522298E-017  -3.4678045722602442E-017   1.3379748781229869E-017   8.0663705580510130E-017  -7.5531650056677385E-018   1.3253738578296743E-017  -3.3391565669657731E-017  -2.6626681530329510E-017  -2.3575843459636760E-009   3.2466251954926768E-010   4.8285124869685939E-011   6.7543169071493990E-011  -6.2498674777154177E-020  -3.6410324159167519E-020  -2.3119756571208166E-019   1.2503934528543281E-019   3.1944621094939490E-019  -1.6412373775629704E-020   1.1662749389596354E-020  -8.4513033283330012E-020   3.3201237939624380E-020   2.9419050837372944E-019   3.9668326097514595E-019   4.2509697116720944E-019  -8.2271525251912622E-019  -6.6319436559096817E-019   4.7718098146462708E-019   9.6133846299859376E-019   3.0888775877748568E-019  -3.7513700003952314E-019  -4.4816676017912525E-019  -1.6355278168743965E-018  -8.4153779261676824E-019  -4.0295989351959553E-019   7.9813616967696586E-019   2.3172706253004712E-019  -3.1528847172826583E-019   8.0600156714987379E-018   7.3991877584226028E-017   1.8128522924715864E-017   4.4649582908087117E-017  -2.1872792769796387E-017  -5.2709691797744600E-017  -5.2884784436094901E-010  -1.1551023967054428E-010  -4.9431797534344201E-011   1.5191920523653295E-010   2.2929927719761893E-011   3.1055212727314699E-011  -3.6138978521904357E-009  -3.0603933442398627E-011  -9.5615645058835706E-013  -1.5963211761466207E-018   3.3903514057947190E-018   1.0742382504078003E-017   8.1089401727371457E-018  -7.7914861642258902E-018  -6.5122742021529355E-018
   5.0037317768958446E-010   1.1705871740725990E-010  -3.4437358282921898E-010  -2.0047232194288433E-009  -8.6304951509799137E-017   2.2365472613389529E-016   6.2979093726843277E-017   1.6826857293100217E-016  -2.6867660579405228E-016  -8.1961737162874376E-017   2.5677631911618534E-010   6.0055832003058793E-011  -1.7655611087096618E-010  -4.6103850656668909E-009  -1.8744312915034230E-017  -4.8188082935898122E-017   3.3398451259174723E-017   3.1741250753758113E-017   2.0107021235863812E-017  -6.5931839782312891E-018  -7.2646464086050595E-018   5.0972684738372700E-018   5.7934527957186147E-017  -2.8692999392027113E-017   4.3058022357649016E-018   3.9661254102899819E-017   9.0569207075379488E-019   4.3096142627501587E-018  -5.6931209769053081E-017  -8.6088396213790338E-018  -2.2836210364069525E-009   1.5176068498546471E-010   3.5643882410691275E-011  -1.0586269951214622E-010   2.3230728179634676E-020  -1.9349936738114328E-019   1.2068230582010752E-019   1.1041606476361840E-019   7.5463416258578224E-020  -1.5234468349119251E-019  -4.8569605763042342E-020  -2.1673403155849514E-021   3.2477065884125619E-019  -1.1906599644074089E-019   3.8840094466705652E-019   3.9728841782652495E-020  -7.9351205611526667E-019  -9.5973310084234945E-020   5.3795886748280894E-019   1.0634114696218798E-018   3.9321821024100796E-019  -2.1852702195081393E-019  -5.7617064494147409E-019  -1.6234435407568897E-018  -8.5050919629853571E-019  -3.0959815012531008E-019   6.6947705609774415E-019   2.2140799228637822E-020  -3.3611178986083044E-019  -1.0123302594652759E-017   3.7841093060433907E-017   2.7140850509806931E-017   3.4966685355305802E-017  -6.6758468141019994E-017  -2.4843484060486400E-017  -2.9924638866935903E-010  -6.3317918146213474E-011   1.3840366732719673E-010   7.1485958592226121E-011   1.6727553181381159E-011  -4.9226976579235505E-011  -3.5002136200108508E-009  -3.8576886138053959E-011  -8.9328609833766706E-013  -1.8741468130681457E-018   1.4868200640344261E-018   1.0716352447283500E-017   7.8712979127262859E-018  -1.0935867367224982E-017  -5.9968183744644524E-018
  -6.3909007565349940E-010   5.9942840319742858E-010  -7.0962611821013627E-011  -1.5196629640682480E-009  -2.8018349205820724E-016  -2.6015334149102086E-016   1.7283123661675762E-016   4.0864535808620929E-016  -2.1616659110178999E-016  -1.2846042819906420E-016  -3.2789382484645503E-010   3.0763973915440435E-010  -3.6228157710365782E-011  -3.4947166970745040E-009  -1.3806906319263700E-017  -3.8410497266129330E-017   1.7980012459042902E-017   2.0107021235863812E-017   2.2488314875292065E-017  -1.5830145616018032E-018  -2.4067615871843908E-018   3.6370900809805894E-018   4.1639100717423386E-017  -1.6112444375014781E-017  -1.7143552325444909E-017  -3.4077402160139151E-017   3.6789936111615901E-017   5.5108667972627014E-017  -4.4027777396138558E-017  -3.7960056637924415E-017  -1.7313013553137866E-009  -1.9441560345548048E-010   1.8155010803737669E-010  -2.3120171937266195E-011   2.4819150640304435E-019  -5.7858355780136580E-019   2.4075113585248310E-019   2.2431862897079920E-019  -4.2429863582303885E-020  -6.6115714436052125E-019  -2.6973245385005631E-019  -2.4114271740417388E-020   1.1381369951059391E-018  -2.2277828310247593E-019   4.8691477882796345E-019   2.2797235691658928E-019  -1.0802799009112261E-018  -1.9634614982467816E-019   9.9097239198206656E-019   1.1672808337781561E-018   3.6470863847456374E-019  -1.7332175477642008E-019  -6.8670806299541879E-019  -1.5968014291475521E-018  -8.7939622409537560E-019  -3.7254626433395571E-019   6.0279883383152031E-019   1.3508400547136429E-019  -3.2011042461983668E-019  -4.3643888070323140E-017  -3.3240071255341905E-017   4.6686622000974417E-017   7.2175798668996164E-017  -5.5523154723718884E-017  -2.8531939357406048E-017   3.5439891345196029E-010  -3.7060181194004055E-010  -3.3785127261633090E-011  -9.1315971851035165E-011   8.5633842742771704E-011  -1.0169350604243020E-011  -2.6532823667418817E-009  -3.9851764670498769E-011  -5.8557210921722742E-013  -1.4655625763302682E-018  -1.2310395320443872E-018   6.7766008213488942E-018   5.7235607804985725E-018  -8.1121619084712031E-018  -4.2577466562911653E-018
