  0.13670702041478547       -7.2780702985642734E-015  -2.2910437208924923E-015   7.6480023271784095E-012  -3.9979806879838786E-013   6.1598863213512031E-012   7.7901465347604658E-012   2.0021281604070869E-013   1.8025831534943669E-016   1.9940759258851473E-013  0.16532015505291409       -1.0785621971572154E-014  -1.8823652209281607E-015   9.3482296207971440E-012  -1.8848012541212840E-014  -1.1729449587126796E-016  -5.0631514523901947E-017  -1.4559349420395532E-014  -2.1562215884033277E-017  -1.0468199158370350E-014   1.9154987521134515E-016  -1.1423964540922978E-016  -1.1943368840961766E-016  -7.6530415516723375E-017  -1.0733038239665952E-013  -2.3750495799139906E-012  -2.5850270976427892E-012   5.4301233374828640E-014   4.5652030104407927E-017   5.4185991794526482E-014  0.12388132194284632       -4.8455731012954877E-015  -1.9858072949328446E-015   1.3741757323441309E-011  -5.5787120913322107E-017   4.9480836779136189E-017   1.5124092498635384E-017  -1.8910451766516894E-016   8.0174152678821078E-018  -7.4512050665434781E-017  -7.5581759495062711E-017  -6.0178891508172915E-018   8.2614721829431672E-017  -1.4311831883402954E-017  -4.5705775426684970E-017   2.2342019155771246E-017  -6.3422128557086878E-017  -2.0743928203671228E-017  -1.0052556137416328E-016  -4.0313087995270430E-015   4.4327807566107349E-017  -1.1819445279300433E-016  -7.3098969767538826E-016   5.2530833777474513E-017  -6.3050154105969311E-017  -9.1229591991499033E-017   4.3421194525421124E-017  -1.3341478921317678E-018   5.2969044881032226E-017  -6.7460632490306900E-014   5.5440717244319983E-012   2.0529139461471622E-012   3.4121342756115537E-014   4.2300874937844804E-016   3.3344966072394095E-014  -1.4218089615911631E-003   1.6785313199306347E-014   1.1443587672683055E-014   9.0270737800719897E-002  -1.6718832560268660E-014  -5.4127743511642612E-017   1.9579035538858720E-011  -4.7563524047469224E-012   2.6166016008892677E-012   3.2542954059169228E-011  -2.4886431155258213E-011  -1.3052791453960547E-012   2.7969954789279529E-015  -1.3112858666065921E-012  -7.2832183896780504E-005  -6.5911075189394000E-016   2.6149999679276258E-015   1.3851736865402170E-012   1.2365023106857872E-013
  -7.2780702985642734E-015  0.13670702041479438       -3.7343409323052721E-015   1.6081958212892841E-011  -3.5567595988644047E-012  -3.4503366870643331E-013  -1.2214431468472889E-016   7.1132517230373355E-012   7.7904946585944834E-012  -3.5558560674258839E-012   6.0813081998908198E-015  0.16532015505307954        1.5529040582070626E-015   2.2083960532039203E-010  -9.7095608505863073E-016  -1.6578065606839058E-015  -1.7016561150589587E-016  -2.2981124972625097E-016  -9.7550855585120156E-017  -3.9774124633123734E-016  -2.3388134984193653E-015   1.5812475446971097E-017   9.2338078264837969E-016  -4.2692318382719306E-016   1.3723534024994202E-012  -9.3419912983775003E-014   8.1677658007974068E-017  -2.7416601982860781E-012  -2.5852843706922043E-012   1.3709501048623332E-012  -1.0034281729080592E-015  0.12388132194276541       -9.2464463168691961E-016   3.0658584162237173E-011  -2.1609300967561904E-016  -3.1312575698718080E-017  -4.2740371093926693E-017  -4.3536769716980364E-017  -2.0148978562654774E-017  -7.9925006622383588E-017  -6.2918600040466802E-017  -5.7482533982996770E-018  -3.6246571425949655E-017  -3.7554216228117805E-018  -1.0724732821093611E-016  -5.2470670666037125E-017  -4.9365369968515381E-017  -5.9185549676670524E-017  -1.5018870097959987E-016  -2.1397885640147972E-016   6.5798575103509635E-015  -4.5939157733483234E-017  -2.6414240922284392E-016  -3.7886956471466725E-017  -1.5445868584064303E-016   9.4998691012998460E-015  -2.9723947469255129E-017   5.5409555328711595E-015  -1.0747036718651927E-016  -3.2005408533577867E-012  -5.5791965279875279E-014  -1.0568967174813735E-015   6.4027724926798284E-012   2.0529248336062323E-012  -3.2028623266869037E-012  -9.5416413813429701E-015  -1.4218089602607757E-003  -2.8174467025155236E-014  -1.2686200305583483E-014   9.0270737801705164E-002  -1.2798553453340021E-014   9.8618199667279716E-011  -3.3821378001468788E-011  -1.8784456333425667E-011   2.2846928592194147E-012  -7.3256819348540915E-015   3.7588683393374534E-011  -2.4886064273740838E-011  -1.8804529067658268E-011   1.2855865927361517E-015  -7.2832183813663817E-005   1.3826630563247362E-014  -2.1394932509735876E-012  -8.1961582028519027E-013
  -2.2910437208924923E-015  -3.7343409323052721E-015  0.13670702041485494       -1.0654152884379084E-010  -4.4978680036430684E-012  -6.7559675122352875E-016  -3.4598046341775216E-013  -4.4976529407309675E-012   6.1598050423519375E-012   8.9961689235538256E-012   3.3543181293294560E-015  -1.2056351864354501E-014  0.16532015505289424        4.1381315991060698E-011   3.4070586575247462E-016   4.6576355306245504E-017   3.8044796059180707E-015   1.0922512348696542E-016  -1.2899598969321208E-016  -4.8470062809096928E-016  -8.5225253928684591E-016   1.2817158608680093E-015   2.1018327900107761E-017   1.8101470476655552E-014   1.4953785417111361E-012   1.3556423783157629E-015  -9.2974149731768275E-014   1.4952358316742554E-012  -2.3747700384233682E-012  -2.9847206972917536E-012  -1.0474610199540207E-015  -7.4177900643910039E-016  0.12388132194289445       -1.7605554376114513E-010  -8.6778344796812342E-016  -2.2523483387805898E-016   2.6535723445788218E-017  -3.1689933324106304E-016  -4.1893742206135230E-017  -3.1328029382585083E-016  -1.7856864402508899E-016  -6.5494884529360075E-017  -4.0610872944621123E-017  -1.0463913690583409E-016  -3.9966454128722448E-017  -4.2458072392187224E-017  -3.1475794432186063E-017   2.6277516315134133E-017  -1.6125965683327561E-016  -1.4060492581603466E-016  -9.7524602359149072E-017   1.8222450620153389E-015   1.9654366301310646E-017   1.5162867874291368E-017   7.2724491979032455E-017   1.3942534315703831E-016   7.3061146849428747E-016   8.1956204610944686E-019   1.7572740732206739E-015  -1.1849729422950287E-012   1.0155114217511807E-016  -5.6572446824908548E-014  -1.1856777100786826E-012   5.5457606687377718E-012   2.3707590894710952E-012   1.0242563862132349E-014  -2.2282204350535242E-014  -1.4218089614481408E-003   1.0480199043395876E-014  -4.1591779992085003E-014   9.0270737800879380E-002  -2.2868053355166482E-010  -2.0197220318143489E-011   1.4370308445676194E-011   3.7830917303223524E-015   2.2807683268485100E-012   1.4368270869315420E-011   3.2555213244236331E-011  -2.8738216376648504E-011   1.2242555026607355E-015   5.6852069943025473E-015  -7.2832183895293331E-005  -2.8663476484784305E-011  -3.3726937481444364E-012
   7.6480023271784095E-012   1.6081958212892841E-011  -1.0654152884379084E-010  0.11125070630752554        2.4009322389690792E-014  -2.5886074629116072E-015  -4.5267182755104883E-015   2.0485389241974210E-014   1.2532625135800521E-015   2.0627731682669866E-014  -6.5021572416467916E-012  -1.7167720333369349E-010  -3.7300464638209185E-011  0.29785066228415608        4.2700198098270496E-016  -7.3060074868469212E-016   4.6696673084280200E-016   5.5313916412084933E-016  -1.3069216923515065E-016   1.9175526746639647E-015  -1.5718578687945983E-015   7.9985785599749887E-016  -6.6820394230823020E-017  -6.4112224222873858E-016  -2.7222059221448050E-014   3.6727973135094068E-015   2.8877451937110716E-015  -1.8622419149091831E-014  -2.0457991583101428E-015   3.6370444000904321E-014   8.6401502029996491E-012   1.3360519871743634E-010  -5.7719600095643615E-011  0.17313117380645549        3.9400160384740665E-015   9.3208424198982480E-017  -7.7041833136481993E-018   8.5342438050385466E-015   8.0376838380150060E-017   6.3190872136651460E-015   8.8159502388543756E-017   5.2101649601557491E-017  -8.8049917780872753E-017  -4.9062140634726981E-017  -3.8193547937699820E-015   3.5999948036882039E-017   5.0064176598957554E-015  -7.9551787771280343E-018   8.9081525224138991E-016  -1.3434004355939483E-016   2.4134143036175192E-016  -1.1762929280435176E-016   1.5872629420090663E-016  -6.2570069978313436E-017  -4.9616937887678735E-016  -3.0578408696072336E-016  -3.2163787672880788E-016  -1.3962445425306629E-016   2.6599195408926418E-016   3.8402122775019415E-014  -2.9141161284154348E-015   1.7787523548916566E-015  -2.6045082698293991E-015   2.1493751608968318E-015   2.4242834763359232E-014  -4.5490730602310682E-011  -1.4264853036809252E-009  -5.4152900635126608E-011  -3.6503129269321141E-011  -1.2865164631081237E-009  -1.6462461827367703E-010  0.28101939824872268        5.7633694572493252E-003  -2.5179715017830129E-015  -2.0162691643220731E-015   2.3235990087985920E-014   6.5398806024983848E-015   1.1081263532800693E-014   1.3081197005444933E-014  -5.3041889082736156E-012  -1.5704911808317923E-010   8.9105243257978653E-012   2.2747222234905840E-004   7.4449798032678099E-005
  -3.9979806879838786E-013  -3.5567595988644047E-012  -4.4978680036430684E-012   2.4009322389690792E-014   2.8000444157432866E-007  -7.9819567201496444E-019  -3.1524593155957601E-018  -1.4000222078063773E-007  -1.8298933375029241E-020  -1.4000222079958353E-007  -4.8819438266978895E-013  -4.2658610241684286E-012  -5.4630773390617148E-012   6.4055646212525056E-014  -1.3108208406284547E-016  -1.9073792204386390E-015   1.2254597130569455E-015   8.7541321675253464E-017   4.7321465540055370E-019   8.7866643658754122E-017   1.0665660505428817E-015  -3.0607979451483203E-016   4.7717069936207411E-016  -6.8473066264316589E-016   1.5851383513993598E-005  -1.4537611486247919E-017  -1.0590106371884685E-016  -7.9256917566254952E-006   6.4810345257682190E-018  -7.9256917573821277E-006  -3.6124351738390788E-013  -3.2826745721054575E-012  -4.0938933087899959E-012   3.7856362006403652E-014   4.1234551267129279E-019   5.3037788779375546E-020  -1.2405317248220890E-019  -5.5122385568919194E-019  -1.5669795524396219E-019   1.3545000050853610E-018   7.6883004218333549E-020   3.3097849231147187E-019  -4.9720975592542507E-019   1.6260919765313280E-020  -5.8918921581930752E-019  -1.1765368807121646E-019  -1.2261174242731371E-018  -2.3645134066799057E-019  -6.6632210457482091E-019   2.5519003775810257E-016   1.8394025607973473E-015  -2.3960345199985201E-015  -1.7127454290903965E-016  -3.2632634837770535E-019  -1.7109962631710638E-016  -1.0282562891266658E-015   5.9888584190636059E-016  -4.5980598847997844E-016   1.3392656181352340E-015   9.2585024005679127E-005  -9.4479839494043771E-017  -6.2113480580000822E-016  -4.6292512000601621E-005   2.9453914661016245E-017  -4.6292512005090313E-005  -5.4695974319387278E-013  -3.0603742770615371E-012  -5.5088484718551262E-012  -2.9974529460150905E-013  -2.1053418222634586E-012  -3.1670632229916934E-012   6.0505979452734882E-014   2.3327492713093343E-014   6.9907681877407607E-004  -7.0827141996966801E-016  -4.6962919976321946E-015  -3.4953840937016644E-004   2.2697793854897070E-016  -3.4953840940393712E-004  -2.0255644888228029E-013   7.8344244935929797E-013  -8.5225598557894225E-013   3.3505578845886561E-015   2.8769054028404634E-015
   6.1598863213512031E-012  -3.4503366870643331E-013  -6.7559675122352875E-016  -2.5886074629116072E-015  -7.9819567201496444E-019   2.8000444158096935E-007  -1.0081272640145500E-018   3.1111190734811491E-018   2.2446276567167957E-018  -5.9367624387999708E-019   7.3879382719762521E-012  -4.2135942910529920E-013  -8.2198443520970594E-016  -6.9288504382035575E-015   1.2331281055924205E-015  -1.3776525531064840E-016  -1.2949457303498687E-019  -2.2036955869961473E-015   1.0212563112567619E-015   5.5031745716422629E-016   7.7066151379775227E-017  -4.0935447444810992E-019   3.4520456835789184E-017  -7.7774928960355105E-019  -2.9165112581776230E-017   1.5851383514185888E-005  -2.7694522931664893E-017   6.7964331966830850E-017   1.0332230412716584E-016  -3.9848240088133808E-017   5.6853004980951653E-012  -3.1179650870214259E-013  -5.8551538584374436E-016  -4.0255186931221926E-015   9.7427859349754052E-019   5.1045291333903181E-019  -6.6185244925928475E-020   3.8969178275187638E-019  -2.6491459850288941E-020   2.1027014334707911E-019  -2.2735841291512529E-019  -2.4834622665663380E-020   4.5949872515188882E-019   7.6976571496064390E-020   1.4309891480319233E-019   6.9665122935827667E-020   2.1289529760879272E-019   2.4480922357603181E-019  -2.3637401733260227E-020  -1.1882999765241436E-015   2.6632980136381736E-016  -2.3703860782305596E-019   2.1246644362292146E-015  -1.9970386044607008E-015  -5.3009873286431195E-016  -1.4854263761843737E-016   2.0995043733080038E-019  -6.6576984460447394E-017   3.2861083425081126E-020  -1.6927343731343899E-016   9.2585024006772707E-005  -1.6418685789887138E-016   4.1313562089868439E-016   6.1005402125872361E-016  -2.3980207964343826E-016   5.3089108851908170E-012  -4.8019110926421650E-013   2.9104420147417921E-015   3.6460072883216208E-012  -2.5895575937269725E-013  -4.6409173814350924E-016  -6.5541364896687820E-015   1.4152154775708501E-016  -1.2846552595186248E-015   6.9907681878236783E-004  -1.2420530251857296E-015   3.0995227161326948E-015   4.6046841169979407E-015  -1.8138172292805672E-015  -1.3649352518788680E-012  -1.7171182660168998E-013   1.0380293940421944E-014   2.6855670737493766E-016   1.5753085071898049E-015
   7.7901465347604658E-012  -1.2214431468472889E-016  -3.4598046341775216E-013  -4.5267182755104883E-015  -3.1524593155957601E-018  -1.0081272640145500E-018   2.8000444158270592E-007  -2.4333697929833592E-018   2.6129742100500170E-018   1.2525799232946068E-018   9.4618502662916718E-012  -1.3555992262671783E-016  -4.2249865902375641E-013  -1.2158634267738976E-014  -7.9108150850445122E-016  -5.5157018183465417E-019  -1.3788871033215885E-016  -3.5342651571421715E-016  -1.5897472580791524E-015   1.4150861166320136E-015   5.2625234382273434E-019   3.5274366850341047E-017  -2.5914004843144539E-019   7.6727184432336585E-017  -7.3339145007219229E-017  -2.8557930635627373E-017   1.5851383514230730E-005  -1.2673653439698623E-017   5.1624718125575618E-017   8.2483187059123714E-017   7.0904550527427985E-012  -1.1223623715317823E-016  -3.1262717223826066E-013  -7.0564041468182961E-015   1.1934999070306054E-018  -5.5596712288094740E-022   1.3603207099795196E-018   2.3854210220345367E-019   6.7347570263002470E-019   6.8034763295331058E-019   1.9858506670049550E-019   2.6073310529548318E-019  -5.3435413499369603E-020   1.3373557369113296E-018   3.4639665477566450E-019   5.5956860426819095E-019   1.1063081024345976E-019   4.6612721864248729E-019   9.3189789564513209E-019   1.5471182233219983E-015   3.1381869217390485E-019   2.6532701488047309E-016   6.9156391313852416E-016   1.5327012134520676E-015  -2.7671114268220339E-015  -1.1462356408036819E-019  -6.6722579710167247E-017   3.5128126193608778E-019  -1.4900990956261476E-016  -4.1487617839198977E-016  -1.6890599099705385E-016   9.2585024007061498E-005  -6.6619116874342383E-017   3.1446886218151434E-016   4.9740116561007913E-016   9.5387625087754394E-012   9.0410537330556884E-016  -4.7641563428557332E-013   5.4852449835115918E-012  -1.8652938897014515E-018  -2.5952729157824610E-013  -1.1492778614252421E-014   4.4491751793353241E-016  -3.1754012170039284E-015  -1.2767544644271169E-015   6.9907681878453233E-004  -5.4208496262327304E-016   2.3735543265111357E-015   3.7203124117625056E-015   1.4728303776293088E-012  -5.0345606141562807E-016  -1.7278093335101478E-013  -1.0648081115851965E-015  -4.6612595931651320E-015
   2.0021281604070869E-013   7.1132517230373355E-012  -4.4976529407309675E-012   2.0485389241974210E-014  -1.4000222078063773E-007   3.1111190734811491E-018  -2.4333697929833592E-018   2.8000444158407197E-007   2.8415982262042433E-020  -1.4000222078761093E-007   2.4447206248875879E-013   8.5313603588271500E-012  -5.4628157275931659E-012   5.4750461369908950E-014   6.5208077941543424E-017   1.4314526837345905E-015  -3.0495822622641015E-016  -1.1849347236157369E-016  -1.5068054224442068E-019   3.1178607426184060E-017  -2.1315070874826517E-015   1.2260305590225885E-015   1.4313891721232678E-015  -6.8360320899852088E-016  -7.9256917570007850E-006   1.0370559186285696E-016  -1.2548578990313534E-016   1.5851383514297080E-005   1.6658540375879224E-017  -7.9256917572448085E-006   1.8096727311450528E-013   6.5652099343871158E-012  -4.0936478995901736E-012   3.2022225694624757E-014  -8.7652588940684596E-019  -1.0474447097726294E-019   1.9009780582917616E-019  -1.6478274538121600E-018   3.6054622425489572E-019  -2.9106233106452417E-018  -1.4134332962404888E-019  -1.4364655998328721E-019   4.0489954303853582E-019   3.7216009247610891E-019  -2.5580820351328493E-018   2.9847660920325782E-019  -2.1544907488138538E-019   4.0297468564013675E-019   3.9231843687951441E-019  -1.2735027770006483E-016  -1.3795342956046295E-015   5.9858575683318801E-016   2.2987939279092442E-016   2.2895213720011149E-019  -5.9132761150072765E-017   2.0560145792053757E-015  -2.3963260255608667E-015  -1.3796632024981527E-015   1.3396480204672993E-015  -4.6292512002901092E-005   6.1946649283888875E-016  -7.3323068305651332E-016   9.2585024007302394E-005   1.0737521075010626E-016  -4.6292512004368227E-005   2.8046487232299533E-013   6.1299561853059649E-012  -5.5022839515073692E-012   1.5005781360431330E-013   4.2102822467742159E-012  -3.1668862944157783E-012   5.2139441235560353E-014   8.2574209787364371E-015  -3.4953840938763386E-004   4.6691505345496492E-015  -5.5314671597246911E-015   6.9907681878625589E-004   8.0357709585540533E-016  -3.4953840939860306E-004   1.0133563841174310E-013  -1.5778637115236145E-012  -8.5661957237660426E-013  -4.7270959701230747E-015   2.7532172164622091E-014
   1.8025831534943669E-016   7.7904946585944834E-012   6.1598050423519375E-012   1.2532625135800521E-015  -1.8298933375029241E-020   2.2446276567167957E-018   2.6129742100500170E-018   2.8415982262042433E-020   2.8000444157672121E-007  -2.0837995527981437E-018   2.1461473550550637E-016   9.4622716651338977E-012   7.3878260659760130E-012   3.3488443963140314E-015  -4.7843692452020677E-020  -3.5422151383226152E-016   5.5011430940854857E-016   9.0511299111331573E-020  -9.9323237131255537E-017   1.3421326995016887E-019  -7.9001753735187097E-016  -2.2030495094217510E-015   1.4157346754044835E-015   1.2302899861634213E-015  -8.7026875578118392E-018   2.0391023079210924E-017   9.3310252552068281E-017  -2.1104420386053871E-017   1.5851383514064932E-005   2.1197309588562327E-017   1.5296767317420443E-016   7.0907459968374276E-012   5.6852194524936232E-012   1.9370935060403887E-015   5.0246838465143002E-019   3.8308444774043722E-019   5.1869898921323076E-019   1.9337422109756477E-019   4.1765460083476872E-019  -7.0822879166711873E-020   8.5546605205003008E-020  -1.2255525747003060E-019   3.2458073051200869E-020   5.7050643808782002E-019   3.0387530547456145E-019  -4.9764418687100154E-019   1.4753926283498031E-019   1.9694971113890115E-018   9.6351415485827101E-019   1.8044834894319355E-019   6.9201513488227744E-016  -5.3046049385143623E-016  -8.4541708317805003E-020   1.9204629894744583E-016  -1.4461359020908523E-019   1.5464020487058901E-015   2.1233618446163694E-015  -2.7667643483175632E-015  -1.1872973549389280E-015  -3.6120862307868903E-017   1.3287177167640910E-016   5.4924460799759343E-016  -9.5559616739649564E-017   9.2585024006070510E-005   1.3201929604726778E-016  -1.3733740212859235E-015   9.5358073990618383E-012   5.3065230721404658E-012   1.0334735645543503E-016   5.4854829629454819E-012   3.6458235704271642E-012   3.1662443829175807E-015  -2.7391663256634560E-016  -2.7076399252578314E-016   9.9987645770474356E-016   4.1491325753744296E-015  -7.3357954188271798E-016   6.9907681877706652E-004   1.0050858775672132E-015   9.0275072228931576E-016   1.4698654547910851E-012  -1.3585977347295570E-012  -2.3341327817820303E-015  -9.3370345448044609E-016
   1.9940759258851473E-013  -3.5558560674258839E-012   8.9961689235538256E-012   2.0627731682669866E-014  -1.4000222079958353E-007  -5.9367624387999708E-019   1.2525799232946068E-018  -1.4000222078761093E-007  -2.0837995527981437E-018   2.8000444157726379E-007   2.4350441235675477E-013  -4.2647309422945104E-012   1.0926677526391987E-011   5.4969687538514721E-014   6.5874006143628903E-017   4.7592653677453191E-016  -9.2050148683911363E-016   3.0952150672026917E-017  -3.2253408160623982E-019  -1.1904525109973353E-016   1.0649410368237495E-015  -9.1995076441939477E-016  -1.9085598714037157E-015   1.3683338715826338E-015  -7.9256917573263997E-006   8.1606376169665023E-018  -1.3923525112812098E-017  -7.9256917567758097E-006  -1.4053320637460108E-016   1.5851383514064749E-005   1.8024246527346544E-013  -3.2818941882221956E-012   8.1881175118837600E-012   3.2596411829404825E-014   4.6418037893880046E-019   5.1706682241442930E-020  -6.6044633400620178E-020   2.1990513145652372E-018  -2.0384826896319358E-019   1.5561233091141900E-018   6.4460325441540057E-020  -1.8733193230939329E-019   9.2310212854149242E-020  -3.8842101223819375E-019   3.1472712485259710E-018  -1.8082292110703660E-019   1.4415665021818135E-018  -1.6652334498399392E-019   2.7400366829435839E-019  -1.2783976009484222E-016  -4.5986826526332900E-016   1.7974487631787319E-015  -5.8604849867110780E-017   9.7374173734607912E-020   2.3023238750108849E-016  -1.0277582899756765E-015   1.7974401834985455E-015   1.8394691909088420E-015  -2.6789136384963397E-015  -4.6292512004726455E-005   4.3491956220240430E-017  -7.8447443579059082E-017  -4.6292512001468718E-005  -8.2250379669563025E-016   9.2585024006174905E-005   2.8178704132359165E-013  -3.0616646251808039E-012   1.1009923275648407E-011   1.4958331024879075E-013  -2.1045136771697165E-012   6.3343763085073807E-012   5.1630598072044082E-014   2.3502435131961452E-014  -3.4953840940115402E-004   3.3150211613022584E-016  -5.9090527746430891E-016  -3.4953840937658400E-004  -6.2078423448285899E-015   6.9907681877774664E-004   9.9961849911054070E-014   7.8016591198490171E-013   1.6984316365199592E-012   6.9371416618995623E-015  -2.7572367141997909E-014
  0.16532015505291409        6.0813081998908198E-015   3.3543181293294560E-015  -6.5021572416467916E-012  -4.8819438266978895E-013   7.3879382719762521E-012   9.4618502662916718E-012   2.4447206248875879E-013   2.1461473550550637E-016   2.4350441235675477E-013  0.19992218368584319        4.9752651776449324E-015   5.1398923665391193E-015  -3.1251655272248599E-011  -2.2781452105056793E-014  -1.4228015526860774E-016  -6.1261806148242284E-017  -1.7603365021642584E-014  -2.6367508865662107E-017  -1.2655380197659133E-014   2.3191079932592773E-016  -1.3855024020959983E-016  -1.4436812317189227E-016  -9.2610025010278954E-017  -4.0354319633380642E-013  -6.2724933312137020E-012  -6.7831189960172369E-013   2.0236221923992799E-013  -1.4893629630749875E-016   2.0257794057536947E-013  0.14980659603245022        6.9620134173442973E-015   2.9509133008414080E-015  -7.1521658743334046E-012  -6.7272920318514779E-017   5.9994672797664336E-017   1.8359245579721863E-017  -2.2907341943772955E-016   9.7429640198408798E-018  -9.0315430624972430E-017  -9.1719096435915008E-017  -7.2874650895355441E-018   1.0003306558722019E-016  -1.7390200995833400E-017  -5.5058629859586415E-017   2.7066717059335887E-017  -7.6902605374517805E-017  -2.5167945807846379E-017  -1.2146525140470758E-016  -4.8727744859599953E-015   5.3767925096223386E-017  -1.4308840564251953E-016  -8.8095945358159715E-016   6.3572599891470085E-017  -7.3855538842192592E-017  -1.1035761278659841E-016   5.2343160520963768E-017  -1.6856365516659658E-018   6.4061042449960725E-017  -1.6805198564037339E-012  -1.3176049255256418E-011   1.6765091741735557E-011   8.3969318024193204E-013  -6.7756347490948371E-016   8.4083317898557044E-013  -2.1275747066863684E-003  -5.9244590482076082E-014  -9.2504698664851330E-015  0.10916428625417218       -1.0429827001641705E-014   4.0030640181127576E-015  -1.6274766685578534E-011   2.7407600033897742E-011  -8.9064137394583270E-012  -1.1072939963717455E-010   7.7743700618157653E-011   4.4490139463116349E-012  -5.6001370192633823E-015   4.4574437307208604E-012  -2.0495947959800668E-004  -5.6035901308031756E-015  -1.1831903351354099E-014  -1.9382540358029655E-013   2.1349981631629433E-013
  -1.0785621971572154E-014  0.16532015505307954       -1.2056351864354501E-014  -1.7167720333369349E-010  -4.2658610241684286E-012  -4.2135942910529920E-013  -1.3555992262671783E-016   8.5313603588271500E-012   9.4622716651338977E-012  -4.2647309422945104E-012   4.9752651776449324E-015  0.19992218368623116       -7.2426786335623332E-015  -2.4526662397108811E-010  -1.1739844517152889E-015  -1.9851883216608911E-015  -2.0676847529261598E-016  -2.7818195911914870E-016  -1.1813392517351648E-016  -4.8098889640800692E-016  -2.7847719686671672E-015   1.8537548105929623E-017   1.1363388018135666E-015  -5.1753424446407164E-016   3.6221071181026306E-012  -3.5145434849685341E-013   7.9481924028500036E-016  -7.2426242361240680E-012  -6.7864488477646262E-013   3.6224999030578653E-012  -3.1565782027173466E-015  0.14980659603247568       -7.3430885529779052E-015  -2.5939699305063019E-010  -2.6103104060197082E-016  -3.7910999809997990E-017  -5.1784327684538106E-017  -5.2706451228465467E-017  -2.4307611110076992E-017  -9.6735808677269537E-017  -7.6193635018355127E-017  -6.9236109697578138E-018  -4.3887358334484889E-017  -4.4128324816201569E-018  -1.2929030117971530E-016  -6.3413823274213699E-017  -5.9521456790514612E-017  -7.1656875648653363E-017  -1.8133136857228826E-016  -2.5913023622326761E-016   7.9721350869004396E-015  -5.5395032064068067E-017  -3.1921329658331524E-016  -4.5683021450924138E-017  -1.8688994648904892E-016   1.1523159051846836E-014  -3.6066667881165481E-017   6.7158228518829256E-015  -1.3035100536861067E-016   7.6036819789922419E-012  -1.4604222499509128E-012   2.7850078346466332E-015  -1.5217533421210079E-011   1.6764983330668286E-011   7.6130878771992630E-012  -2.8213038180854964E-014  -2.1275747070493229E-003   3.9241194649038691E-014  -1.6596757334151410E-014  0.10916428625546835       -2.0429480679707534E-014  -3.6381891589453939E-010  -6.6589980750136779E-012   6.3905216765877243E-011  -7.7527732337489146E-012   2.1822020510173808E-014  -1.2787873995459802E-010   7.7743222863205407E-011   6.3973157988007665E-011  -9.0960648492011936E-015  -2.0495947950831364E-004  -5.5073637152639083E-014  -1.6801808629111497E-011  -1.2606437985249279E-012
  -1.8823652209281607E-015   1.5529040582070626E-015  0.16532015505289424       -3.7300464638209185E-011  -5.4630773390617148E-012  -8.2198443520970594E-016  -4.2249865902375641E-013  -5.4628157275931659E-012   7.3878260659760130E-012   1.0926677526391987E-011   5.1398923665391193E-015  -7.2426786335623332E-015  0.19992218368569378        2.9854691851525567E-010   4.1253062157554096E-016   5.7474171312186424E-017   4.5963643516774958E-015   1.3243643995815609E-016  -1.5622363662045794E-016  -5.8689946697322218E-016  -1.0311420701538816E-015   1.5444567550123459E-015   2.5443453732053560E-017   2.1882074548647934E-014   3.9491296725721958E-013   1.4273320076750872E-015  -3.5055092544865631E-013   3.9489116462834340E-013  -6.2729487499297162E-012  -7.8267154082929899E-013  -6.1587395901665369E-016   4.3378212757433000E-015  0.14980659603241112       -7.6981542474236889E-011  -1.0496855785153093E-015  -2.7237491503851818E-016   3.2408515075593904E-017  -3.8350554065003199E-016  -5.0827440809185503E-017  -3.7916928593938596E-016  -2.1608081435599920E-016  -7.9315686133448439E-017  -4.8859504605706991E-017  -1.2667264897365219E-016  -4.8638982453335579E-017  -5.1218881829344658E-017  -3.8006090063507773E-017   3.1957279337265346E-017  -1.9538720307546594E-016  -1.7046475876214717E-016  -1.1896208383627228E-016   2.1998327194345761E-015   2.3938835476943917E-017   1.8300478098677942E-017   8.8525065584577911E-017   1.6899253400844269E-016   8.8127144912495738E-016   1.1073559808055843E-018   2.1165883040644795E-015  -9.6803602255906905E-012  -1.1275766196068330E-015  -1.4592398534006504E-012  -9.6803478029409530E-012  -1.3178638065562329E-011   1.9360839865111973E-011  -5.8733941400999793E-015  -5.9536712373121139E-014  -2.1275747068979756E-003   1.3278113024655359E-014  -4.6403972136263706E-014  0.10916428625429624       -4.3896809709793019E-011  -3.1857934359925631E-010  -4.4893099051082970E-011  -4.8555164265742945E-015  -7.7414640333588038E-012  -4.4889017670740067E-011  -1.1074954733605893E-010   8.9782554168211249E-011   3.9644646963329772E-016  -3.3684180748133228E-014  -2.0495947954838202E-004  -1.4783536059547400E-011  -4.7221285424451189E-012
   9.3482296207971440E-012   2.2083960532039203E-010   4.1381315991060698E-011  0.29785066228415608        6.4055646212525056E-014  -6.9288504382035575E-015  -1.2158634267738976E-014   5.4750461369908950E-014   3.3488443963140314E-015   5.4969687538514721E-014  -3.1251655272248599E-011  -2.4526662397108811E-010   2.9854691851525567E-010  0.79767757120174687        1.1799086576968882E-015  -1.9701511407182666E-015   1.2735950605375785E-015   1.4854337326131016E-015  -3.5835228782740989E-016   5.1409156211451025E-015  -4.1810018010892713E-015   2.1585447411230166E-015  -1.6876616889388012E-016  -1.7363233279193819E-015  -7.1140966185791198E-014   1.0104143688914278E-014   5.9595431659549193E-015  -5.0652632837671791E-014  -6.0222694526416451E-015   9.7485499626215955E-014   1.3541511550703919E-011   5.2403950992636828E-010   1.3636391046311030E-010  0.46304560213264451        1.0540005664873157E-014   2.5318206725334077E-016  -3.1178696805517646E-018   2.2771967364146129E-014   2.1477844914830452E-016   1.6892441958401478E-014   2.4352022803279160E-016   1.3807519424033818E-016  -2.3153157197260009E-016  -1.4471504771342934E-016  -1.0221527621787092E-014   9.9134073566779513E-017   1.3358950160739916E-014  -1.5803448480940836E-017   2.3371742833263536E-015  -3.5096444040258602E-016   6.6498618875538277E-016  -3.2939376663303795E-016   4.2878621056509869E-016  -1.5999869126791501E-016  -1.3239685829027486E-015  -8.2557063670007247E-016  -8.7264940948525603E-016  -3.7086509791240632E-016   7.3144220372666028E-016   1.1043586189022159E-013  -6.2050823365321160E-015  -5.5433810009371640E-015  -1.0667929177855486E-014   2.6732591146982403E-015   6.2338837695057194E-014  -1.0081364954163510E-010  -3.2783647022154698E-009  -4.3001171712705533E-010  -1.0806154542453467E-010  -3.3344087564656439E-009  -1.9958846243594001E-010  0.75246528747933950       -6.3633341993157731E-003   4.7356711353586749E-014   6.6909368612092871E-015  -1.5647694799758397E-014  -1.8951708122879957E-014   6.3700613404720944E-015   1.7041201502625683E-014  -2.4422679909460513E-012  -1.3548561404163547E-010  -8.6137682680049666E-011   1.5918201012034283E-003   5.5247687698663269E-005
  -1.8848012541212840E-014  -9.7095608505863073E-016   3.4070586575247462E-016   4.2700198098270496E-016  -1.3108208406284547E-016   1.2331281055924205E-015  -7.9108150850445122E-016   6.5208077941543424E-017  -4.7843692452020677E-020   6.5874006143628903E-017  -2.2781452105056793E-014  -1.1739844517152889E-015   4.1253062157554096E-016   1.1799086576968882E-015   7.7311490219965027E-024   2.8708361082438740E-025  -1.8529224853693266E-025  -8.7448820244306967E-024   8.9887589456018730E-024  -1.6136952557844838E-024  -1.5863841784045126E-025   4.0441375410075451E-026  -7.3461440766738949E-026   1.0177061462093033E-025  -7.4207122434243326E-015   6.9808844565418630E-014  -4.4784062317337986E-014   3.6915066313579260E-015  -2.7084850950617106E-018   3.7292056120779690E-015  -1.7536577851244538E-014  -8.8523747898877392E-016   2.8821731787782736E-016   5.9305197425267615E-016   7.5611791192885080E-028   2.2394715521520680E-027  -4.0738611648739618E-027   1.3062521792917202E-027  -1.9444179577752544E-027  -1.6085408176625693E-027  -1.6296324115859393E-027  -9.9717911430985257E-028   2.4109775630414386E-027  -3.4515429861771113E-027  -5.4992599101569400E-029  -1.2097422318755559E-027   1.2013811280965787E-027  -1.3625497311230597E-028  -2.4181768031443956E-027  -9.7228016452091746E-024   3.1151453958534771E-025   3.7205335137218877E-025   7.4835799091388500E-024  -1.3125020065629239E-023   5.5639169291543972E-024  -1.7518837452464395E-025  -8.8012526800149340E-026  -7.5942757861247586E-026  -2.0887315191826490E-025  -4.3343019275908867E-014   4.0774065835353450E-013  -2.6157549472757396E-013   2.1561413221637340E-014  -1.5819764942182455E-017   2.1781606054250802E-014  -5.4627934618631666E-014  -6.2429460138762615E-016  -2.4668530104667241E-015  -1.2492936419950178E-014  -6.4169539730204906E-016   2.2285701444848785E-016   1.0927121419943486E-015  -3.2362454864029241E-015  -3.2726783145412039E-013   3.0787057128118789E-012  -1.9750641822129263E-012   1.6280261656957313E-013  -1.1944945771957578E-016   1.6446521488455672E-013  -4.3190681158134013E-015  -1.1149662123121712E-015  -1.5107097666824129E-016   4.1182519322594851E-016  -6.8906209265930101E-016
  -1.1729449587126796E-016  -1.6578065606839058E-015   4.6576355306245504E-017  -7.3060074868469212E-016  -1.9073792204386390E-015  -1.3776525531064840E-016  -5.5157018183465417E-019   1.4314526837345905E-015  -3.5422151383226152E-016   4.7592653677453191E-016  -1.4228015526860774E-016  -1.9851883216608911E-015   5.7474171312186424E-017  -1.9701511407182666E-015   2.8708361082438740E-025   1.4600519888418904E-023  -8.3434260295392505E-024   3.1844227359967932E-025  -3.7673703316516688E-025  -7.0140292315623900E-025  -9.9297147686446151E-024   7.3129005240118764E-024  -1.2545936991542175E-024   7.7382585276428077E-025  -1.0797899977433749E-013  -7.7990544899734662E-015  -3.1225042704655944E-017   8.1036234106958038E-014  -2.0052899962050763E-014   2.6942765667586801E-014  -9.0503881768494368E-017  -2.2987951420240773E-015   8.9791637784719895E-018  -1.1063588512498479E-015  -5.4089749600805705E-027  -1.2598345428114924E-027   4.4102734583207809E-028  -1.1080154451135479E-027   1.1880883262973683E-027  -1.4388078857104412E-026  -7.9814855381801479E-028  -2.0313770758892410E-027   3.4537055004943843E-027   6.4255447418298132E-029  -2.8943179374924936E-027   1.9723128709746420E-027   6.1235473485913591E-027  -3.6724311583051469E-028   3.5480165654176549E-027  -1.1564907210269549E-024  -1.4579183064666570E-023   1.5628604350829402E-023   4.4829309194439143E-025   7.3898674556835266E-025   1.1027817643195798E-024   8.6371848794043143E-024  -1.1536137494961196E-023   3.0067107462316319E-024  -3.0498223091016780E-024  -6.3068553463136082E-013  -4.5552846950963217E-014  -1.8237974778338836E-016   4.7331778159270660E-013  -1.1712531103578823E-013   1.5736775303879907E-013   1.8887602074336472E-015  -9.5644951519820469E-014  -3.9321933423521875E-015  -7.5824655521763972E-017  -1.1769495059135311E-015   2.7347544138338457E-017  -1.8515800927154959E-015   1.4330494276858432E-015  -4.7620837379731550E-012  -3.4395345980146663E-013  -1.3770850658430172E-015   3.5738554110591552E-012  -8.8437185944699012E-013   1.1882283269141968E-012   8.3009518564859749E-016   3.6192895921096834E-016  -5.8642296602043563E-015   3.2503691280494891E-015  -1.0321740326229192E-014
  -5.0631514523901947E-017  -1.7016561150589587E-016   3.8044796059180707E-015   4.6696673084280200E-016   1.2254597130569455E-015  -1.2949457303498687E-019  -1.3788871033215885E-016  -3.0495822622641015E-016   5.5011430940854857E-016  -9.2050148683911363E-016  -6.1261806148242284E-017  -2.0676847529261598E-016   4.5963643516774958E-015   1.2735950605375785E-015  -1.8529224853693266E-025  -8.3434260295392505E-024   6.9636429784930343E-024   4.4885893939160232E-025   5.8943177121845438E-025  -2.0216682945597670E-025   7.7284199814281392E-025  -4.1124453021237367E-024   7.3171026888862078E-024  -2.1201436594501312E-024   6.9374727723017209E-014  -7.3308413940297555E-018  -7.8060434222662896E-015  -1.7264046847351935E-014   3.1142623458630226E-014  -5.2110680875676350E-014  -4.4197129910671740E-017  -1.2297150933931901E-016   3.6568938092951380E-015   6.7853981329354162E-016   1.2265027554490293E-027   8.4761224067409773E-028   4.5132486484009781E-029  -4.9783858545774489E-027   2.1620930919800465E-028   2.2352884695436546E-027   2.9508655748095747E-028   1.1095399716651752E-027  -1.8696653229261797E-027   1.0059401806465869E-027  -6.3489302302387210E-027  -1.4441337093422378E-027  -6.3102675990308909E-027   3.0321171780919433E-027  -1.3892551796695760E-027   3.5627337290492479E-025   8.7355512063206704E-024  -1.2537684073142512E-023  -8.7992578165650708E-025  -3.7784206269859488E-025   4.0171887733853874E-025   7.9733776808993538E-025   3.7527987883126707E-024  -9.8072770678965313E-024   6.5474730593000277E-024   4.0520506149762691E-013  -4.2818100126817460E-017  -4.5593668022818982E-014  -1.0083613145766000E-013   1.8189835215349361E-013  -3.0436893003999035E-013   2.0430289074401531E-016   3.7136294520489097E-015   2.5235979515088548E-014  -3.3258950752669934E-017  -1.0915261897347790E-016   2.5338523680428376E-015   1.1890889817842254E-015  -2.2346325594886715E-015   3.0595603164241631E-012  -3.2330435236296875E-016  -3.4426168529897044E-013  -7.6137801716814360E-013   1.3734502175614936E-012  -2.2981822992561319E-012  -1.5160447271685244E-016   3.8601446219654481E-015  -1.3391923499770614E-014  -2.4973351961146251E-015   9.1201097553608879E-015
  -1.4559349420395532E-014  -2.2981124972625097E-016   1.0922512348696542E-016   5.5313916412084933E-016   8.7541321675253464E-017  -2.2036955869961473E-015  -3.5342651571421715E-016  -1.1849347236157369E-016   9.0511299111331573E-020   3.0952150672026917E-017  -1.7603365021642584E-014  -2.7818195911914870E-016   1.3243643995815609E-016   1.4854337326131016E-015  -8.7448820244306967E-024   3.1844227359967932E-025   4.4885893939160232E-025   1.7845308233381607E-023  -6.0308273895107537E-024  -6.1152513164503751E-024   2.9457345639028851E-025  -5.1950447485387870E-025  -7.1595697237760064E-025   6.0627406558816552E-026   4.9558180381884848E-015  -1.2475382065208145E-013  -2.0007894155715297E-014  -6.7080559973572263E-015   5.1239527633264293E-018   1.7522379591610035E-015  -1.3324939336573191E-014  -1.9990824033043566E-016   8.3996268824428130E-017   8.4972149311230788E-016  -8.7673645002258928E-027  -3.9759968769240977E-027  -1.2723457851475901E-027  -2.8081610931534151E-027  -7.8846111625075894E-028  -1.2504935069080955E-027   1.5990876253168370E-027  -3.6678562319447626E-029  -3.7646326379701155E-027  -2.4348744600775919E-027  -7.3503004671447904E-028  -1.3786090436440416E-027  -1.8722002403169609E-027  -2.6881564860621986E-027  -1.2004278874359562E-027   7.4796037205815853E-024  -1.3575922284082443E-024  -8.6903270641882686E-025  -1.7699149359377925E-023   1.3782456866811742E-023   7.6627798793952425E-024   2.9950004209212268E-025   1.0165635077472368E-024   9.5154895599978164E-025  -1.0881123665659126E-025   2.8946024277787613E-014  -7.2866418692843217E-013  -1.1686244037384344E-013  -3.9180524841795672E-014   2.9928068234259432E-017   1.0234500563942948E-014  -1.5635370169240913E-014   9.9270026820475639E-016  -1.8036902655779746E-015  -9.6274446364852697E-015  -1.5089199471860378E-016   7.0575466849272073E-017   1.3995328872229175E-015  -5.3225857269262322E-016   2.1856120669179302E-013  -5.5018859391462297E-012  -8.8238701591009946E-013  -2.9583830601578617E-013   2.2597627399062462E-016   7.7277099323970973E-014  -9.3953315850483616E-016   1.1561727376249212E-015   3.3458687110973388E-016  -3.5051800705194234E-015   5.4432551869832708E-016
