  0.11790880532516422        1.3460515471087739E-015  -8.9466412462759701E-003   5.6540656079740139E-016   2.4095999715995325E-017   8.2258882965985421E-017  -7.5472229444198240E-018   2.7209150379653789E-016  -1.9592399664712499E-018   2.0661977070081842E-016   8.8844013053496429E-002   1.0778077147084193E-014  -7.0654716901835710E-002  -2.2389793304856733E-015   1.4083749919922145E-003  -3.0046579567646464E-016   1.7753551376305360E-003   1.3483398805731633E-003   8.0017572669449935E-016  -3.2378732125141890E-003   4.9984944490887220E-016  -1.5752914539291138E-003  -5.1122779683531076E-016  -1.4911866553303814E-004   1.1947361765179521E-015  -4.7665599374470930E-017   3.2855221416594262E-017   6.2600357414792576E-016   1.0195203454253383E-017   6.4407407127073332E-016   9.5082202713107694E-016   7.2927076222393694E-002   7.7715949979043638E-015  -5.0569894051927335E-002  -4.3965265938141859E-016  -9.8516899301594262E-018  -1.1285759108454360E-017  -1.7220554754160416E-016   5.3365434079633767E-018  -1.8679916440581530E-016   2.0565816930576837E-018  -1.8853150140058655E-018   7.4697811128283857E-018  -1.1608748017247687E-017  -1.3172374074971313E-016   1.4727331888567878E-017  -1.1453333448770771E-016   1.2479455174687868E-017  -2.0776740067012570E-016   4.4267645514523837E-004  -7.4957998093371995E-017   2.5917890898536483E-004   3.5562826424919195E-004   2.2812526848791061E-016  -9.4954105171298972E-004   7.2069100437987439E-017  -5.4747330546096309E-004  -2.4817129131189118E-016   2.1488195601483597E-004  -6.7358095249489214E-017   2.6626673423624857E-017  -1.8131411830911152E-018   3.5096777425443832E-017  -1.5022450048663068E-017   3.3779460235412330E-017   3.4494251657193949E-002   3.8793644372574249E-015  -2.6049994731100107E-002  -1.7002275516687376E-016  -2.9219414822835070E-015
   1.3460515471087739E-015  0.11363175282655000       -2.6201378273435515E-015   4.2424305240868132E-016  -2.3168197596596973E-016   1.6114911819823979E-017  -2.0797917505588207E-017  -2.0389985704096524E-016  -1.0532434802538434E-017  -2.4427562765681524E-016   1.0795728466368302E-014   5.5066651790757815E-002  -2.2253269472467623E-014   1.0563502070467754E-015   2.8467643913387069E-016   4.1584051690816782E-005  -1.4495030781083512E-016  -1.7281254793299345E-016   1.3373172376880721E-003  -4.9888987486549560E-016   1.3310246468930089E-003   2.5933950261554572E-016  -1.8273410057918808E-003   2.8104444639005408E-018  -3.6989912431302252E-016  -6.6714157825746657E-017   8.0533835409774831E-017  -4.9750737110131515E-016   4.1819658754861017E-017  -2.8416189784203162E-016  -5.5671692544863985E-016   7.9695252594670693E-015   4.8751512929356700E-002  -1.5353728635461961E-014   6.9048401022623441E-017   2.4549690326619131E-017  -2.9884136504726390E-017   6.1446587538331482E-017  -7.7825835967373103E-018   2.5833370304219148E-017   2.4047990140738984E-017  -1.3401504082630804E-017   1.1042741890619018E-017  -2.9554571798695738E-017   1.3997508413477320E-016  -1.5916524619799207E-017   4.7039079717086698E-017  -1.5996093644571808E-017   2.1290565348635931E-017  -9.3133205655617059E-017   6.5599418830993071E-006  -1.2133617700416630E-016  -7.5535467894886112E-017   2.1096365071726327E-004  -3.0740144895363568E-016   2.0997098578753873E-004  -1.4414974477635634E-016  -2.8826558038804937E-004  -1.2837275804564032E-016   1.4985391445875958E-017   1.0151649881016075E-017  -1.2299063267817429E-017   3.4365229397882347E-017  -6.2303529020821712E-018   3.6964750541997387E-018   3.8103512626835130E-015   2.2040729493247858E-002  -8.2179674344221619E-015   8.9118708520694804E-017   1.7071057245099223E-016
  -8.9466412462759701E-003  -2.6201378273435515E-015  0.13234613372685114       -5.3341593971264089E-016  -4.0105566201366404E-016  -2.5451339794791197E-016  -1.4170219218210781E-017  -1.0710386179634331E-015  -1.7406386856457867E-017  -9.0382690015079599E-016  -7.0654716901836362E-002  -2.3128752442240638E-014  0.20286058340215657        7.4466627686230028E-015  -2.7515033896421221E-003   2.6636530305563345E-017   1.1731231567289793E-003  -1.5752914539277068E-003  -9.9666841383510248E-016   5.2668206256651969E-003  -7.6625036680469170E-016   3.8904111923340257E-003   1.9252828261017786E-015  -3.7741356702852467E-003  -4.1097579411925829E-015   3.8395997871277310E-016  -3.8200376609122256E-017  -2.1149867033123341E-015   9.7856684204516281E-017  -2.4096995477218622E-015  -3.1116772538322506E-015  -5.0569894051935661E-002  -1.6263730728041271E-014  0.15453246841022966        1.4751704365677212E-015  -8.2730533233601956E-017   1.6464102648061613E-017   5.5105916416586201E-016  -3.0709226524089242E-017   6.2335725400211545E-016  -1.0744807799575722E-016   1.4142261358217764E-018  -6.2466974062289791E-017   1.6757593958395538E-017   3.6995829728966189E-016  -7.4759702802652980E-017   3.3838686506745208E-016  -7.0999363238364143E-017   6.7485588968624471E-016  -8.9529736693083335E-004   8.6367622533721802E-017   2.2875030813546794E-004  -5.4747330545819697E-004  -3.7050671078274583E-016   1.7486407689895932E-003  -4.7514496354895634E-017   1.2390941018263404E-003   6.8298820391256837E-016  -1.0940666270131678E-003   1.7169833361417804E-016  -9.9378931594145483E-017  -1.1171285718320539E-018  -1.6299520736373329E-016   1.3827602275102216E-017  -1.2501125868033900E-016  -2.6049994731095535E-002  -8.0586189876974714E-015   7.6531516642174474E-002   8.6816683575653885E-016   2.7509836709715442E-015
   5.6540656079740139E-016   4.2424305240868132E-016  -5.3341593971264089E-016   6.2079305257532170E-002  -3.0305077328619297E-004   8.7008560068043267E-017  -9.2440128589705802E-004  -6.8576599069823955E-004  -2.7628933930546893E-016   9.8881676396911041E-004   3.9387005470357419E-016   1.4545205044675930E-016  -8.9148845350553013E-016   6.9015987827798872E-002   8.9051048111700183E-017   2.6017336479815434E-017   1.5042678842501471E-017   3.5567822195259404E-017  -1.1036288090787926E-018  -4.2202082734551269E-018   3.2603832232967227E-017   1.4763643435928616E-018   5.4121064524235475E-018   2.1622779316353987E-017  -9.0873859842993876E-006  -4.8721774244025819E-017  -2.7719418671710449E-005  -2.0563617682825769E-005  -2.8417501548737922E-017   2.9651003590285968E-005   3.2506823812321770E-002   3.6925057850084019E-016   1.6889104770981511E-016  -7.1091311042486459E-016   6.4352237061525363E-006   3.2397204441445561E-017  -2.3465340082039091E-005  -5.7659128545130620E-007   2.0628571188079152E-018  -1.0727652198738106E-005   3.7536379737391305E-017  -1.8542817267020463E-005   2.6696956859389493E-018   3.7286340049877723E-005  -1.4095671506998655E-005  -1.0523396447336221E-017   2.5337331641072306E-005   1.3401685929189188E-017  -8.3169258728242501E-006   9.7215888058939734E-017  -5.7404391354104751E-018   1.6236357261101045E-017   5.7166290405860791E-017   5.6393150053067581E-019   3.6649224318291581E-017   2.6937451755927285E-018  -3.9906005105884415E-018   4.1365593108162071E-018   3.0825737769629394E-017  -9.0411679153721433E-005   3.9617738726546670E-017  -2.7578438942678780E-004  -2.0459032015038447E-004  -8.2620591603002613E-017   2.9500199931810898E-004   2.3433464345503017E-016   7.5842452604179035E-017  -3.1668568749232139E-016   4.3463696779089421E-002   3.2992917617596148E-003
   2.4095999715995325E-017  -2.3168197596596973E-016  -4.0105566201366404E-016  -3.0305077328619297E-004   1.4803445831785400E-006  -3.2911006021327606E-019   4.5155220078219380E-006   3.3498346123657178E-006   1.3393467188086902E-018  -4.8301791954704556E-006   2.1345520738055773E-016  -1.1201327345246316E-016  -6.1422079745031932E-016  -3.3722125339597002E-004   7.9564007071554076E-018  -2.4096938721446797E-019  -3.7013482089195996E-018   4.6600982214485139E-018  -2.6876282233281509E-018  -1.6059823799534336E-017  -2.8233466394712627E-018  -1.1918296001464917E-017   3.6559422191358376E-018   1.1465224265486479E-017   3.4882231535570011E-008   1.0280995739310211E-019   1.0640190490818899E-007   7.8934126282324384E-008   1.3854929529630139E-019  -1.1381635744691251E-007  -1.5790918202764363E-004   1.5206146494802300E-016  -9.9278526283858183E-017  -4.6784148234392885E-016  -3.1292420198687871E-008  -1.4147320533352118E-019   1.1410439100380127E-007   2.8037777105238712E-009  -1.6520395691715884E-020   5.2165117435544254E-008  -1.9182746011979945E-019   9.0167748021158992E-008  -1.3231813268240705E-020  -1.8131146232176903E-007   6.8542710546073963E-008   5.2976817910067961E-020  -1.2320728301616432E-007  -6.5082896233466110E-020   4.0442531769787466E-008   2.2791748092139647E-018   2.0730774431455334E-020  -7.5235016315327061E-019   1.3853730928884442E-018  -4.2875192151319421E-019  -5.4940085004072686E-018  -4.6039994653605501E-019  -3.7227512130481762E-018   5.5848387344641879E-019   3.1558479464227970E-018   4.4227533823761253E-007  -1.1522869073768808E-019   1.3490805087989295E-006   1.0008137653395553E-006   3.9947796644568052E-019  -1.4430891036424713E-006   7.8272642539151271E-017  -4.4900085744829928E-017  -2.3183933289707946E-016  -2.1214527471164217E-004   2.7237378929687443E-005
   8.2258882965985421E-017   1.6114911819823979E-017  -2.5451339794791197E-016   8.7008560068043267E-017  -3.2911006021327606E-019   1.0274887920610217E-029  -1.0038904027101188E-018  -7.4473489717663986E-019  -1.3037449524522401E-030   1.0738449572730268E-018   1.8249704722059298E-016   7.8093861596986427E-018  -4.2169708550157873E-016   6.5745650047635430E-017   5.9692813701190194E-018   5.8973245512485865E-021  -1.2274757365565686E-018   3.7181226351975235E-018   1.8965428962211414E-019  -1.1726753987442374E-017   1.8876189341122352E-019  -8.2093730084918778E-018  -2.5914797968998497E-019   7.0338117623995672E-018  -9.6676365240836083E-019  -1.4418258580450155E-029  -2.9489367527673706E-018  -2.1876652107135967E-018  -2.3043684066577467E-031   3.1544288626169202E-018   1.2390571568691395E-016   1.3579800022732173E-016   6.9137922491007052E-018  -3.1943109665783177E-016   2.1320684651411399E-020   1.8780621460110811E-030  -7.7743546749529361E-020  -1.9103175442787202E-021  -5.8650993971419925E-031  -3.5542026096331469E-020  -6.0446769692784030E-031  -6.1434625538332171E-020   1.0718653184406953E-031   1.2353421304062973E-019  -4.6700686701331085E-020   2.9366374465369769E-031   8.3945684179440813E-020   1.9150335816913465E-031  -2.7554994376055764E-020   1.9336690630670810E-018   9.3031113578516850E-022  -2.8759775330550010E-019   1.2295375030070837E-018   2.9918227467475249E-020  -3.8238267856368993E-018   2.9777450723687599E-020  -2.6400496336091538E-018  -4.0880953547708344E-020   2.1821395237461147E-018  -3.4608348802958816E-020   8.1265272441695003E-030  -1.0556647620014856E-019  -7.8314364275080647E-020  -5.3841968050931664E-031   1.1292271340534298E-019   6.8249459738867342E-017   3.1257496553130558E-018  -1.5875444031017508E-016   6.3958240949067367E-017   4.3667995576039044E-015
  -7.5472229444198240E-018  -2.0797917505588207E-017  -1.4170219218210781E-017  -9.2440128589705802E-004   4.5155220078219380E-006  -1.0038904027101188E-018   1.3773778912571664E-005   1.0218061447708715E-005   4.0854336575368313E-018  -1.4733583455305535E-005   6.0679404981640751E-018  -9.2819095114427809E-018  -2.0474622714566489E-017  -1.0286321228976170E-003  -8.6226630016511031E-019  -4.8402297811818816E-019  -5.6112118016413573E-019  -1.7049153347011776E-019  -1.2578527315049649E-019  -8.8442386683642149E-019  -5.7775306498336987E-019  -8.1770346262937651E-019   1.2156165723409770E-019   4.8789690033019406E-019   1.0640190531126951E-007   3.1360308290462866E-019   3.2455966584119588E-007   2.4077420109878373E-007   4.2261943549432333E-019  -3.4717610527844040E-007  -4.8167325012310816E-004   2.2159548290802209E-018  -8.5564221243944209E-018  -1.5420390766096756E-017  -9.5451838504781603E-008  -4.3153829144713506E-019   3.4805469930504075E-007   8.5524141478661568E-009  -5.0392463471752663E-020   1.5912020653644816E-007  -5.8513479073151604E-019   2.7504032183539446E-007  -4.0361240684149658E-020  -5.5305765136468967E-007   2.0907707669086516E-007   1.6159615125872153E-019  -3.7582141638136905E-007  -1.9852354216378334E-019   1.2336259025999273E-007  -1.2253958544178110E-018   1.0283268582186278E-019  -2.0331319103831572E-019  -7.7426498412324823E-019  -3.4407577577479988E-020  -7.8697295909952836E-019  -1.3693606409968751E-019  -3.7363047755073066E-020  -3.6479850321011816E-020  -3.6873952841467186E-019   1.3490805087026523E-006  -3.5148417115986255E-019   4.1151248142022497E-006   3.0528004320591814E-006   1.2185349070867049E-018  -4.4018809409610301E-006   9.4473626973553424E-019  -3.9169396916770325E-018  -8.0787802581532624E-018  -6.4711059012946136E-004   8.3082672406837162E-005
   2.7209150379653789E-016  -2.0389985704096524E-016  -1.0710386179634331E-015  -6.8576599069823955E-004   3.3498346123657178E-006  -7.4473489717663986E-019   1.0218061447708715E-005   7.5802566900398473E-006   3.0307740830084704E-018  -1.0930091302238560E-005   7.1830942316974097E-016  -9.8219962571576472E-017  -1.7407624840352731E-015  -7.6308951273067671E-004   2.3555510045530943E-017  -4.2804366039017615E-019  -6.5598496257637177E-018   1.4677592300028775E-017  -2.3114035780215911E-018  -4.7921422060971974E-017  -2.6362583807176046E-018  -3.4086098886894474E-017   3.1210294142802028E-018   2.9895237725751540E-017   7.8934126471786609E-008   2.3264607283145095E-019   2.4077420076458297E-007   1.7861805373763205E-007   3.1351972383742100E-019  -2.5755217936993305E-007  -3.5732872574195396E-004   5.2893903202432442E-016  -8.7207397859646091E-017  -1.3202124377163025E-015  -7.0810832475991658E-008  -3.2013616648886475E-019   2.5820396328705883E-007   6.3445982285560061E-009  -3.7383588881663856E-020   1.1804313531407977E-007  -4.3408154615935062E-019   2.0403833450157504E-007  -2.9941938231065007E-020  -4.1028515860790492E-007   1.5510357981617370E-007   1.1987991195120951E-019  -2.7880266921142549E-007  -1.4727445282199838E-019   9.1516390354986739E-008   6.9363125799535086E-018   6.5405909347349519E-020  -1.5015658156462257E-018   4.3721977215439533E-018  -3.7543198491870250E-019  -1.6056069988435134E-017  -4.4984617467655580E-019  -1.0771249085207944E-017   4.5105811069687075E-019   8.7409872827389267E-018   1.0008137652945954E-006  -2.6074811292174961E-019   3.0528004321399028E-006   2.2647163570988369E-006   9.0396866653985938E-019  -3.2655301225412067E-006   2.6692985574516674E-016  -3.9462787303875277E-017  -6.5592288349634029E-016  -4.8005821898097458E-004   6.1634781350010774E-005
  -1.9592399664712499E-018  -1.0532434802538434E-017  -1.7406386856457867E-017  -2.7628933930546893E-016   1.3393467188086902E-018  -1.3037449524522401E-030   4.0854336575368313E-018   3.0307740830084704E-018   1.3261230776175694E-030  -4.3701208017387581E-018   7.0452239875874315E-018  -5.1040831928834111E-018  -2.5158340951659928E-017  -3.0411388313293916E-016   3.2920438118907235E-019  -3.8543919489332419E-021  -2.0387218902664497E-019   1.7398631373241768E-019  -1.2395484770665688E-019  -6.1566033863107040E-019  -1.2337159258120387E-019  -4.7659144519085974E-019   1.6937475245026046E-019   5.0718764743995980E-019   1.3428425946570468E-019   1.5098538066067097E-030   4.0960971870395886E-019   3.0386848107958396E-019   1.1101709670799023E-031  -4.3815274016131385E-019  -1.5238062650432499E-016   4.7928488153852131E-018  -4.5187381051595941E-018  -1.9251740862067949E-017  -2.9850499280382777E-020  -3.0028284676171492E-031   1.0884658391052279E-019   2.6745826585035095E-021   5.9345136258282807E-032   4.9761405164372388E-020  -7.0009261316244470E-032   8.6012915582565179E-020  -2.8039860422046047E-033  -1.7295682597244306E-019   6.5384336471183934E-020   4.1995482890550016E-032  -1.1753002449453615E-019  -5.2393181437170503E-032   3.8578983581092385E-020   1.0753480074928026E-019  -6.0803568085870994E-022  -3.7427713061912616E-020   6.3486894791118305E-020  -1.9554049300568922E-020  -2.0775996944687325E-019  -1.9462039994950696E-020  -1.5057126849617211E-019   2.6719102325910661E-020   1.4012616748671509E-019   3.9332489634077967E-019  -9.3857900559641849E-031   1.1997660855565013E-018   8.9004503865147560E-019   4.0494446443705850E-031  -1.2833699350848081E-018   2.5510727745991621E-018  -2.0429373006528177E-018  -9.5074591621314492E-018  -1.9373805444421355E-016  -4.4375631443737603E-016
   2.0661977070081842E-016  -2.4427562765681524E-016  -9.0382690015079599E-016   9.8881676396911041E-004  -4.8301791954704556E-006   1.0738449572730268E-018  -1.4733583455305535E-005  -1.0930091302238560E-005  -4.3701208017387581E-018   1.5760270497468206E-005   5.8189079950005322E-016  -1.1922990365674975E-016  -1.4529430707189098E-015   1.1003107661099348E-003   2.1449832822296199E-017   4.2021614814024849E-019  -5.3887628301508289E-018   1.2565128819423174E-017  -3.0021217380398462E-018  -3.8977208784796375E-017  -2.5039000214077523E-018  -2.7665723001470793E-017   4.1559884332796302E-018   2.5214793809713819E-017  -1.1381635799519427E-007  -3.3545603007778275E-019  -3.4717610563567300E-007  -2.5755217999243456E-007  -4.5206901912848277E-019   3.7136853677716142E-007   5.1523790776075988E-004   4.2961414416691657E-016  -1.0519381289473057E-016  -1.1032100237086562E-015   1.0210325267296335E-007   4.6160937179822944E-019  -3.7230835428460216E-007  -9.1483759389261065E-009   5.3903984580227613E-020  -1.7020825274676309E-007   6.2590900628064130E-019  -2.9420608251778887E-007   4.3173751499920118E-020   5.9159662091973008E-007  -2.2364629035848849E-007  -1.7285672985889419E-019   4.0200995222083268E-007   2.1235734905319399E-019  -1.3195892212255617E-007   7.9719879375685435E-018  -1.2538474007078221E-019  -1.0515091845597889E-018   5.0003108460748212E-018  -4.5800917165196982E-019  -1.2267221087320293E-017  -3.4600785407976012E-019  -9.1033386295854957E-018   7.1514764356482028E-019   8.1553012008291117E-018  -1.4430891035108510E-006   3.7597680356963986E-019  -4.4018809408736849E-006  -3.2655301223900639E-006  -1.3034466329613729E-018   4.7086192261139922E-006   2.1794362331554004E-016  -4.7506556153122567E-017  -5.4705651623531732E-016   6.9220349368185772E-004  -8.8872160325868086E-005
   8.8844013053496429E-002   1.0795728466368302E-014  -7.0654716901836362E-002   3.9387005470357419E-016   2.1345520738055773E-016   1.8249704722059298E-016   6.0679404981640751E-018   7.1830942316974097E-016   7.0452239875874315E-018   5.8189079950005322E-016   9.7968385105195288E-002   2.3099191061144357E-014 -0.14910762506484512       -5.5807501313540488E-015   2.3449582510995182E-003  -2.2513098333516970E-016   7.0288261799743713E-004   1.7309807358944439E-003   1.1579895097906373E-015  -4.8770723682078883E-003   8.3043338309779164E-016  -3.0174259045447666E-003  -1.4385856333702682E-015   1.7251587085164732E-003   2.8493323587634941E-015  -2.2054071382032155E-016   3.6485218940833835E-017   1.4711267477030348E-015  -4.0194677686463904E-017   1.6372876120996324E-015   2.2044807834310871E-015   7.6811766281622507E-002   1.7136474096591648E-014 -0.11125427244368641       -1.0311594392439211E-015   3.3098381997149934E-017  -1.6066138932147345E-017  -3.9090651588361327E-016   1.8731274877639634E-017  -4.3645390592084070E-016   5.3630927588263812E-017  -2.0266300288444379E-018   3.5675820385479213E-017  -1.6476113707886028E-017  -2.7397727516969805E-016   4.6844147002007055E-017  -2.4635560691818883E-016   4.3407841361589774E-017  -4.7648082268680458E-016   7.5184284270713028E-004  -9.5149936795243231E-017   7.4705446880352463E-005   5.2061894857379724E-004   3.5923012321131928E-016  -1.5293219714057858E-003   9.0529607009471139E-017  -9.9383165804152180E-004  -5.3110271323998229E-016   6.8507622934645411E-004  -1.3104357428204431E-016   6.7322568534497433E-017   9.9621774339449396E-019   1.0557390430495623E-016  -1.7478214298599706E-017   8.3015531414584507E-017   3.7365930179049690E-002   8.3521880555202507E-015  -5.5818775616488639E-002  -7.2651178526510116E-016   5.1375184901537224E-015
   1.0778077147084193E-014   5.5066651790757815E-002  -2.3128752442240638E-014   1.4545205044675930E-016  -1.1201327345246316E-016   7.8093861596986427E-018  -9.2819095114427809E-018  -9.8219962571576472E-017  -5.1040831928834111E-018  -1.1922990365674975E-016   2.3099191061144357E-014   2.6685640800359695E-002  -4.8487571590278980E-014   4.5552955966138462E-016   6.8252736899408239E-016   2.0151889217113693E-005  -1.2727085326065382E-016   2.6799165172009857E-016   6.4807222303395521E-004  -1.3241220135337641E-015   6.4502279452868165E-004  -6.1363184562564720E-016  -8.8554077857543663E-004   5.9491607535248329E-016  -1.7892410323445747E-016  -3.2330094424562542E-017   4.0037782448746713E-017  -2.4034545347721242E-016   2.0266065860796016E-017  -1.3878762490449127E-016  -3.2776315805291103E-016   1.7338916282298171E-014   2.3625285362369783E-002  -3.5921999457612222E-014   3.3450890729374100E-017   1.1896932108860007E-017  -1.4444142979131286E-017   2.9778328363845412E-017  -3.7714882530020752E-018   1.2536335759631348E-017   1.1653805088891003E-017  -6.4645066518661994E-018   5.3513811710299784E-018  -1.4382543416244328E-017   6.7855556919830121E-017  -7.7132464927641344E-018   2.2754511668433359E-017  -7.7518061353955044E-018   1.0330971171225002E-017   1.3091316665219956E-016   3.1789884997693667E-006  -7.6334241127031943E-017   7.7308545610786756E-017   1.0223429284143078E-004  -4.9907277115451848E-016   1.0175324126323786E-004  -3.0869794320601828E-016  -1.3969528713263422E-004   1.2888119907781294E-016   7.3184619371715816E-018   4.9195524595543469E-018  -5.7880168619825636E-018   1.6781338746720210E-017  -3.0192676365429467E-018   1.6071508120641151E-018   8.5623007507517255E-015   1.0681074136659656E-002  -1.8161935510816829E-014   5.4503778150015758E-020  -1.3950707958911565E-015
  -7.0654716901835710E-002  -2.2253269472467623E-014  0.20286058340215657       -8.9148845350553013E-016  -6.1422079745031932E-016  -4.2169708550157873E-016  -2.0474622714566489E-017  -1.7407624840352731E-015  -2.5158340951659928E-017  -1.4529430707189098E-015 -0.14910762506484512       -4.8487571590278980E-014  0.33858558333624345        1.2476938681159658E-014  -4.8108728307140981E-003   1.7933918556456617E-016   8.9788548106619877E-004  -3.0174259045413418E-003  -2.0913622784742591E-015   9.4718891128918771E-003  -1.5989759915257898E-015   6.6002459173765387E-003   3.4202121234162107E-015  -5.5887771703518104E-003  -6.7440502026326138E-015   5.9907338306839467E-016  -7.1767104661602421E-017  -3.4752299631866493E-015   1.4183502716583030E-016  -3.9287514671292897E-015  -5.0752410393268617E-015 -0.11125427244370514       -3.5748717693154953E-014  0.25634444487528657        2.4261662834990241E-015  -1.1931271492184305E-016   3.0129153665425939E-017   9.1017292485197244E-016  -4.8653945487396352E-017   1.0256837255778006E-015  -1.6216922785540375E-016   3.0008396078977898E-018  -9.7325724164471909E-017   3.0842960034972684E-017   6.1884710870990892E-016  -1.1928761474583259E-016   5.6322161187718082E-016  -1.1255599099690878E-016   1.1131140676577802E-015  -1.5578185157235733E-003   1.6491624353640416E-016   2.1731327197088492E-004  -9.9383165803494503E-004  -6.9929646264481720E-016   3.0838645167195794E-003  -1.3890514637713909E-016   2.1243799163177765E-003   1.1897663370914930E-015  -1.7453950504719698E-003   2.8992619299795583E-016  -1.6199231999967686E-016  -1.7598377448384443E-018  -2.6224291107762005E-016   2.8033392457408477E-017  -2.0288112632298189E-016  -5.5818775616477620E-002  -1.7398271531522505E-014  0.12744152082498253        1.5113241304844080E-015   3.2112467934419374E-015
  -2.2389793304856733E-015   1.0563502070467754E-015   7.4466627686230028E-015   6.9015987827798872E-002  -3.3722125339597002E-004   6.5745650047635430E-017  -1.0286321228976170E-003  -7.6308951273067671E-004  -3.0411388313293916E-016   1.1003107661099348E-003  -5.5807501313540488E-015   4.5552955966138462E-016   1.2476938681159658E-014   7.6827516032332219E-002  -9.3480170442026719E-017   3.8836724678528893E-017   6.5184783433369014E-017  -9.1645996362338897E-017   2.6588930724532177E-018   3.8111865558078692E-016   3.4879317674236533E-017   2.8018762697402823E-016  -1.2345640891626002E-019  -2.1603387769603169E-016  -7.0316018149211515E-006  -1.0416762725020930E-017  -2.1448622819258625E-005  -1.5911635265958074E-005  -3.1535950459248083E-017   2.2943236996789507E-005   3.5886897205483125E-002  -3.9997254508186333E-015   4.2044233786408515E-016   9.4344416941640630E-015   7.1146893162647508E-006   3.0613364711522027E-017  -2.5942937186209551E-005  -6.3747090179248004E-007   4.3831394841302042E-018  -1.1860335549223090E-005   4.4512793298546352E-017  -2.0500667875760823E-005   3.0325547629897974E-018   4.1223232837698938E-005  -1.5583968492641600E-005  -1.2219286835809769E-017   2.8012583705581112E-005   1.4789109054550706E-017  -9.1950717420390631E-006   3.8191463879513882E-017  -8.2801255580995057E-018   1.8206117975759125E-017   2.5343868911230278E-017   1.6196589736805352E-018   1.5849973184874191E-016   1.1517245849103657E-017   6.8573951580131129E-017   4.3495693483053842E-018  -2.5235341465593786E-017  -1.0081071455625164E-004   1.8717867742681697E-017  -3.0750475626274958E-004  -2.2812203643003150E-004  -9.0605636802798449E-017   3.2893275100086120E-004  -1.9975972931769741E-015   1.9548168895741746E-016   4.7231606280322582E-015   4.8310500084002311E-002  -1.0374746129824336E-002
   1.4083749919922145E-003   2.8467643913387069E-016  -2.7515033896421221E-003   8.9051048111700183E-017   7.9564007071554076E-018   5.9692813701190194E-018  -8.6226630016511031E-019   2.3555510045530943E-017   3.2920438118907235E-019   2.1449832822296199E-017   2.3449582510995182E-003   6.8252736899408239E-016  -4.8108728307140981E-003  -9.3480170442026719E-017   6.9942117809219684E-005  -3.5862483635816193E-018  -5.0629061879940109E-006   4.5691392416292996E-005   3.0923004788776385E-017  -1.3952859036331816E-004   2.3153241174899526E-017  -9.4557323461052684E-005  -4.7504142761730041E-017   7.4252535142725021E-005   9.4952483761550813E-017  -8.2088349650713226E-018   9.7241093950915812E-019   4.8902632861466961E-017  -1.8592875422712677E-018   5.5259092395533351E-017   1.1316722164944547E-016   1.7756757897639133E-003   5.0119220040164277E-016  -3.6308703320491035E-003  -3.4203409163411940E-017   1.5590467017241060E-018  -4.7729840130345830E-019  -1.2863638886922073E-017   6.7242829112422317E-019  -1.4480420961505960E-017   2.1796084632356132E-018  -7.0968534855718881E-020   1.3325367255667624E-018  -4.1147737059877712E-019  -8.8209531102111817E-018   1.6550733715345934E-018  -7.9589485235855547E-018   1.5561199279534458E-018  -1.5730332108261311E-017   2.2595672861897059E-005  -2.5032777854708826E-018  -1.8938396764101415E-006   1.4702267417573937E-005   1.0223875531145822E-017  -4.5017543727910365E-005   2.1082311562329223E-018  -3.0593137157439936E-005  -1.6857515850418386E-017   2.4214362861102923E-005  -4.2527905573065149E-018   2.2735673242935470E-018  -3.0816215815033670E-019   3.4083733969454013E-018  -4.3428030108893716E-019   3.1963758350799098E-018   8.8268341873800346E-004   2.4457769735862877E-016  -1.8086500145803191E-003   3.1621211663043873E-017   7.5382011499748050E-017
  -3.0046579567646464E-016   4.1584051690816782E-005   2.6636530305563345E-017   2.6017336479815434E-017  -2.4096938721446797E-019   5.8973245512485865E-021  -4.8402297811818816E-019  -4.2804366039017615E-019  -3.8543919489332419E-021   4.2021614814024849E-019  -2.2513098333516970E-016   2.0151889217113693E-005   1.7933918556456617E-016   3.8836724678528893E-017  -3.5862483635816193E-018   1.5217870991254193E-008  -4.5373072717278544E-018  -3.5580790359575656E-018   4.8939726577946095E-007   8.2634938767106708E-018   4.8709446383913976E-007   4.2520925209399403E-018  -6.6872367055350114E-007   2.4481654529859112E-019   1.5945550132020505E-019  -2.4414346501135083E-020   9.2877187139735109E-019   4.8507968123836381E-019   1.5304092457375759E-020  -1.0659568221016326E-018  -1.1183244831561688E-017  -1.8485543273415519E-016   1.7840835710370361E-005   1.2890642031003337E-016   2.4099214398917429E-020   8.9840697347888878E-021  -6.6722948729279252E-021   2.2591429119712385E-020  -2.8480715161308075E-021   1.1403183886363856E-020   8.8004702931113042E-021  -1.5348839460314205E-021   4.0411411261709893E-021  -1.7591012951869121E-020   5.3785868421988619E-020  -5.8247238652474527E-021   1.2610059813488632E-020  -5.8538425081487364E-021   9.3026654680915852E-021  -1.1951478861761004E-018   2.4006402750113921E-009  -6.9696976506951701E-019  -9.5418621143865478E-019   7.7203098060988005E-008   2.3717813785647862E-018   7.6839827859459622E-008   1.3879434452752629E-018  -1.0549208735552596E-007  -6.3441559653829427E-019  -6.1011469449130362E-020   3.7150419896941838E-021  -2.0733315045867982E-019  -1.3789475427964828E-019  -2.2800257029688847E-021   2.1831904728138773E-019  -8.7498058784079022E-017   8.0659042191275533E-006   6.6179294277693910E-017   1.7187725712343994E-017  -1.3639105525744545E-015
   1.7753551376305360E-003  -1.4495030781083512E-016   1.1731231567289793E-003   1.5042678842501471E-017  -3.7013482089195996E-018  -1.2274757365565686E-018  -5.6112118016413573E-019  -6.5598496257637177E-018  -2.0387218902664497E-019  -5.3887628301508289E-018   7.0288261799743713E-004  -1.2727085326065382E-016   8.9788548106619877E-004   6.5184783433369014E-017  -5.0629061879940109E-006  -4.5373072717278544E-018   3.9722079500400671E-005   5.6710469607458910E-006   1.1014936972647169E-018   1.1215544793332348E-006  -1.3504005885959047E-018   1.3736453452634476E-005   1.3295399941666381E-017  -3.9845637886692268E-005  -2.1504425514491763E-017   3.0601947758077728E-018   1.4443856438039739E-018  -1.0142676377713868E-017   1.1331902148681894E-018  -1.5147202367705751E-017  -4.5157404097642301E-017   6.5072445153512037E-004  -9.8824070493294695E-017   7.3540413627004261E-004   7.6970936477015470E-018  -9.7751306124029147E-019   9.7371769337885599E-022   2.7512940039861573E-018  -2.2065600340473784E-019   3.2455525962523271E-018  -1.0347508880153026E-018  -3.2169976232680169E-021  -5.0237333015649119E-019  -4.2315042253984195E-020   1.6016352953907853E-018  -5.0972833669877109E-019   1.5331573734735598E-018  -5.0791791128321317E-019   3.4239280909421298E-018  -1.8938396764649956E-006  -3.3535498651916993E-019   6.3699454294995954E-006   1.8475564902883582E-007  -3.3367323652470649E-019   2.3560969038371926E-006   4.0843110379601687E-019   3.6518133741718883E-006   3.2159475454581319E-018  -7.4697779796501781E-006   5.8242519771001283E-019  -5.6613079550531597E-019  -2.1683998952115851E-019  -1.1954682924451288E-018  -1.0016780913439767E-019  -5.1822659035415307E-019   2.8662731315379989E-004  -4.5905079601633700E-017   3.4830827962628846E-004   1.2549531077259823E-017  -1.9811151749540416E-015
   1.3483398805731633E-003  -1.7281254793299345E-016  -1.5752914539277068E-003   3.5567822195259404E-017   4.6600982214485139E-018   3.7181226351975235E-018  -1.7049153347011776E-019   1.4677592300028775E-017   1.7398631373241768E-019   1.2565128819423174E-017   1.7309807358944439E-003   2.6799165172009857E-016  -3.0174259045413418E-003  -9.1645996362338897E-017   4.5691392416292996E-005  -3.5580790359575656E-018   5.6710469607458910E-006   3.1897357264752406E-005   1.7074536473225979E-017  -9.3198792922410021E-005   1.1329363953991746E-017  -6.0199609598707041E-005  -2.3471028029625880E-017   4.0643190924361279E-005   5.8285959165839528E-017  -4.8000369205454461E-018  -2.5806686311847305E-019   2.9521421456004973E-017  -9.8680566016687967E-019   3.4881482584547274E-017   8.4775304987052698E-017   1.3377825497829334E-003   1.7138829286426650E-016  -2.2641418587079649E-003  -2.1150615961730389E-017   8.2122366755229394E-019  -3.2835394998672628E-019  -7.9884620683609053E-018   4.0004475431230381E-019  -8.9624495611566842E-018   1.2238107399445134E-018  -5.5290578352960057E-020   7.7790738807470581E-019  -2.7113504348251259E-019  -5.5481183005823403E-018   9.9226080591387992E-019  -4.9714453624685212E-018   9.2639594244411398E-019  -9.7580185442886351E-018   1.4702267417513244E-005  -1.7722491754675368E-018   1.8475564904959745E-007   9.8895612644083201E-006   6.1582746254826373E-018  -2.9614722886083903E-005   8.9469716835323695E-019  -1.9657817047942664E-005  -9.7190770368964973E-018   1.4514363005853545E-005  -2.6359305860893521E-018   1.3936534628832783E-018  -1.2864196988375791E-020   2.1904335178407840E-018  -3.1372810886604849E-019   1.7627263939389914E-018   6.5660195197406927E-004   8.9252919319453863E-017  -1.1319507762159418E-003   6.0897434059125694E-018   1.4725593773257581E-015
   8.0017572669449935E-016   1.3373172376880721E-003  -9.9666841383510248E-016  -1.1036288090787926E-018  -2.6876282233281509E-018   1.8965428962211414E-019  -1.2578527315049649E-019  -2.3114035780215911E-018  -1.2395484770665688E-019  -3.0021217380398462E-018   1.1579895097906373E-015   6.4807222303395521E-004  -2.0913622784742591E-015   2.6588930724532177E-018   3.0923004788776385E-017   4.8939726577946095E-007   1.1014936972647169E-018   1.7074536473225979E-017   1.5738711669330096E-005  -6.1972353238606861E-017   1.5664654991239419E-005  -3.3383268615230044E-017  -2.1505737308390481E-005   2.5097911832709956E-017  -4.4446312573693575E-018  -7.8515019824502915E-019   6.6918575010203875E-019  -6.0617830287675503E-018   4.9217009450172010E-019  -3.0462435261951513E-018  -2.1703518206896521E-018   8.8890961018215760E-016   5.7375017969949469E-004  -1.5543857715500683E-015   8.1317883853788180E-019   2.8892209472365832E-019  -3.5373439943750238E-019   7.2310692438608350E-019  -9.1592208504706672E-020   3.0310063010881877E-019   2.8301765085088522E-019  -1.5932620418375185E-019   1.2996058508628711E-019  -3.4459520005746587E-019   1.6461278894120420E-018  -1.8731949660729081E-019   5.5579078155541839E-019  -1.8825593405345985E-019   2.4984570177716717E-019   7.7801134501224830E-018   7.7203098080265760E-008  -1.4138695002118245E-018   5.0594226636202750E-018   2.4828036144126376E-006  -2.1474810277757420E-017   2.4711210706803821E-006  -1.3581534764042910E-017  -3.3925599147760630E-006   7.3372704670329466E-018   1.9414459242047096E-019   1.1947343976785956E-019  -9.0500793493830363E-020   4.4468168179702177E-019  -7.3324208468183092E-020  -1.4521940329145017E-020   4.3559708848717506E-016   2.5939446280945979E-004  -7.8319324797670068E-016  -2.9255568179854541E-018   4.2339243488406019E-016
  -3.2378732125141890E-003  -4.9888987486549560E-016   5.2668206256651969E-003  -4.2202082734551269E-018  -1.6059823799534336E-017  -1.1726753987442374E-017  -8.8442386683642149E-019  -4.7921422060971974E-017  -6.1566033863107040E-019  -3.8977208784796375E-017  -4.8770723682078883E-003  -1.3241220135337641E-015   9.4718891128918771E-003   3.8111865558078692E-016  -1.3952859036331816E-004   8.2634938767106708E-018   1.1215544793332348E-006  -9.3198792922410021E-005  -6.1972353238606861E-017   2.8039604063665461E-004  -4.5786902407791704E-017   1.8706157141632019E-004   9.1864370597995780E-017  -1.4026342057289157E-004  -1.8581159044612950E-016   1.5813344719332251E-017  -1.4537959677836825E-018  -9.5433296295418373E-017   3.4813016607099755E-018  -1.0858372045605255E-016  -1.4847894884512614E-016  -3.7201016129296237E-003  -9.6812795157994599E-016   7.1354655866777469E-003   6.7056375918635980E-017  -2.9129043106441416E-018   9.0646873838415278E-019   2.5245315096231604E-017  -1.3022019756811856E-018   2.8361514905663630E-017  -4.1480623528226755E-018   1.0131497940661951E-019  -2.5656930086044808E-018   9.2210205245118024E-019   1.7345276156154938E-017  -3.2127747458148772E-018   1.5716709501637570E-017  -3.0141499064719965E-018   3.0840410771828898E-017  -4.5017543727441936E-005   5.1140204427138323E-018   2.3560969039208528E-006  -2.9614722885851627E-005  -2.0413015068565193E-017   9.0012095659486983E-005  -4.2586267444669252E-018   6.0702817645349121E-005   3.3070905211552488E-017  -4.7001339839422302E-005   8.1327502757117075E-018  -4.4439641160082433E-018  -2.1089696617883473E-019  -7.2359553715646840E-018   8.9637627358001537E-019  -5.3695079159335460E-018  -1.8408460281196901E-003  -4.7359373219470944E-016   3.5585094042806507E-003   5.7436479588899630E-017  -1.0561861059225291E-015
   4.9984944490887220E-016   1.3310246468930089E-003  -7.6625036680469170E-016   3.2603832232967227E-017  -2.8233466394712627E-018   1.8876189341122352E-019  -5.7775306498336987E-019  -2.6362583807176046E-018  -1.2337159258120387E-019  -2.5039000214077523E-018   8.3043338309779164E-016   6.4502279452868165E-004  -1.5989759915257898E-015   3.4879317674236533E-017   2.3153241174899526E-017   4.8709446383913976E-007  -1.3504005885959047E-018   1.1329363953991746E-017   1.5664654991239419E-005  -4.5786902407791704E-017   1.5590946778238198E-005  -2.3443770311321510E-017  -2.1404544561588101E-005   1.9512104190179244E-017  -4.5898415303931719E-018  -7.8145576526471454E-019   1.5930601114793132E-019  -6.4091777737442851E-018   4.8985424533830369E-019  -2.4898680525241787E-018   2.8724538846467715E-017   6.3178989534489480E-016   5.7105046492898564E-004  -1.1872842772924369E-015   8.1492453881404451E-019   2.8756260539513678E-019  -3.7238770089139576E-019   7.1920518006305981E-019  -9.1161232015607548E-020   2.9238575380359686E-019   2.8168594419610534E-019  -1.7463204298953087E-019   1.2934907066132967E-019  -3.1068890455336803E-019   1.6261773129229173E-018  -1.8643808649255092E-019   5.7511421745228642E-019  -1.8737011764117781E-019   2.4146876782584743E-019   5.3000664541267956E-018   7.6839827877325651E-008  -1.6756709970867343E-018   3.3377840987493444E-018   2.4711210706378992E-006  -1.6397714161047075E-017   2.4594934977570475E-006  -1.0292237102650493E-017  -3.3765966184916851E-006   5.0987750568502727E-018   1.5971015226622282E-019   1.1891127138728772E-019  -1.9232441038155914E-019   3.6673564558283768E-019  -7.2979189929433759E-020   9.4920944632669591E-020   3.1062053673968532E-016   2.5817391232004335E-004  -5.9891366070263371E-016   2.1198003307067294E-017   1.1602158501050194E-015
