   3.0445011865392238E-002   3.4408459339473814E-016  -8.8079867292994843E-002   6.3856813073074246E-018   7.7731480632884024E-017   3.3650068613493934E-002  -5.0058181557219317E-016  -9.7352354171566818E-002  -2.5829988049668452E-016  -3.4962667206666373E-017  -2.6347028587343138E-017  -6.1006096448349034E-017  -1.3792501492424354E-017  -1.3147615221493862E-016   2.1452230116528058E-003   4.4026219826917508E-017  -1.5745157410364129E-003   1.1669418224765505E-003   1.7889374876042828E-020  -4.0450605110455016E-003   7.0473017192411769E-017  -3.3760565217312039E-003   2.2394306298254369E-017   3.6899387023560412E-003   1.8700683850585677E-015   2.3401147197546674E-002  -7.5028650685125307E-017  -6.7701400438833215E-002   4.5170022930603095E-017   1.6859062955312353E-017   2.4967210724970982E-017  -7.7363553728669663E-018  -5.3263942562910353E-018  -6.4917255846934979E-018   2.1583115564835857E-017   1.2051828297466913E-017   9.8925679781736465E-018   2.1248349861278377E-017  -1.2344595754514067E-016  -1.1997891875262544E-017  -5.6029046288897789E-017  -5.4423511256531712E-018  -1.1531855607228458E-016  -5.8608358505680902E-016  -7.0934427318596719E-018  -2.3751643184400219E-017  -4.6047025163040453E-016   1.7535813927348451E-017  -4.6227883372181637E-016  -2.8311626633983249E-005   1.4294696736963987E-017   2.0779705208656498E-005  -1.5400739691111549E-005  -9.5969775466860734E-018   5.3384772718312441E-005   5.3953254196372857E-017   4.4555578241125951E-005   2.9041518505349918E-017  -4.8698045044897940E-005   1.0205194413663563E-002  -1.7023260183058460E-017  -2.9524447999198518E-002  -2.1095401191755700E-016   7.9516836600151994E-018   1.0398228115736669E-017  -2.5421093438824066E-016  -4.3796077672559262E-018  -2.4901952913331810E-016   1.4702143987402188E-015   2.1048145342583654E-015
   3.4408459339473814E-016   5.2606124147769655E-030  -9.9546439521094102E-016  -3.4521897067573249E-018   1.0340136264732573E-017   3.8030762568828833E-016  -8.8242748166457123E-030  -1.1002605401912121E-015   1.7618984253909170E-019   5.0744500198516751E-032   2.7720330843502193E-019   2.5916890755758751E-019   4.1199716207784593E-031  -4.3535875003882041E-019   2.4244963049089752E-017   1.0273967867381451E-030  -1.7794921905218741E-017   1.3188587486105258E-017  -6.5130947955651696E-031  -4.5716618779915299E-017  -2.2692535715994673E-030  -3.8155644040921328E-017   2.9792763598754073E-030   4.1703089611697748E-017  -2.8646426285808834E-017   2.6447597570461174E-016   2.3557650015696788E-030  -7.6515026321045520E-016   1.1599009677641160E-021   2.5272525984796936E-031   3.0973425472121197E-020   4.8255987109378621E-021  -2.8531601179335750E-031  -6.8631040908335629E-021   5.9047932338021078E-032   1.8444979063674721E-020   1.9577776355891438E-031  -4.4721501148524221E-020   1.7670844490686230E-020  -1.5128453281487679E-031  -3.5866559873397912E-020  -1.2970012616761761E-031   2.4324931276677927E-020   7.1003229417821272E-019  -1.9109757386735016E-030   1.1171092396923167E-018   1.0444319113914051E-018  -2.9361514509250095E-031  -1.7544642053859556E-018  -3.1997341901494587E-019  -5.2249545228801931E-031   2.3484886290020127E-019  -1.7405666576931751E-019   4.0967464934224121E-032   6.0334605535487554E-019   2.5713580932067651E-030   5.0355992930262246E-019  -2.2393664665526172E-030  -5.5037741822718141E-019   1.1533745448565027E-016   1.9511936471698584E-031  -3.3368052966851467E-016  -5.6168928040904370E-019   1.2609157524460051E-030  -8.8371795227473514E-019  -8.2622468524013178E-019   4.0078663013532594E-031   1.3879139657138728E-018  -3.6675205354360062E-018  -1.6497218057496074E-015
  -8.8079867292994843E-002  -9.9546439521094102E-016  0.25482213824230454       -1.9994258254360468E-017  -2.2033075244978051E-016  -9.7352354171550318E-002   1.4482234423105916E-015  0.28164818834705241        7.4735989801676542E-016   1.0114980744260741E-016   7.6346122346684667E-017   1.7660965208284992E-016   3.9902815819629393E-017   3.8017939521902748E-016  -6.2063026618506302E-003  -1.2737139393843181E-016   4.5552006395787941E-003  -3.3760565217324776E-003  -5.1755399932570247E-020   1.1702685306226649E-002  -2.0388410520215911E-016   9.7672029731003408E-003  -6.4788528760965038E-017  -1.0675289359708004E-002  -5.4228709726878711E-015  -6.7701400438826678E-002   2.1706391919756295E-016  0.19586559507900217       -1.3067999759200609E-016  -4.8774624702187660E-017  -7.2218510817827042E-017   2.2384022813008664E-017   1.5409686858344639E-017   1.8778062326820602E-017  -6.2441688744456799E-017  -3.4858787143618315E-017  -2.8619994584233939E-017  -6.1492875130708966E-017   3.5714686131068940E-016   3.4710865899516735E-017   1.6208074426303816E-016   1.5745159405055652E-017   3.3363656509251939E-016   1.6958995572764884E-015   2.0521900179741802E-017   6.9207266890027387E-017   1.3326373168006357E-015  -5.0732519679233492E-017   1.3366373608534257E-015   8.1907812281220002E-005  -4.1355707041672465E-017  -6.0117357984890301E-005   4.4555578240684884E-005   2.7764827698649745E-017  -1.5444643993851409E-004  -1.5609110256395321E-016  -1.2890287039441303E-004  -8.4019448152885576E-017   1.4088735993756309E-004  -2.9524447999196676E-002   4.9249660484525485E-017   8.5416602009093318E-002   6.1005961162588095E-016  -2.3004860192751159E-017  -3.0472003267176280E-017   7.3508889384292020E-016   1.2670557418102935E-017   7.2104460680591426E-016  -4.2550632469011701E-015  -6.8157556981940987E-015
   6.3856813073074246E-018  -3.4521897067573249E-018  -1.9994258254360468E-017   8.6874214152360150E-006  -2.6020911031295591E-005   8.0173180701327314E-018   7.9691895689351730E-018  -2.5886580466734959E-018  -4.4338102516510774E-007  -1.1220725845066791E-018  -6.9758100296789556E-007  -6.5219750620249544E-007  -1.4290621338613862E-018   1.0955785312091810E-006   5.1870916444702207E-018  -1.3332888284911618E-018  -1.6669905709366050E-018  -6.3310206519578652E-018   1.6395264596571402E-018  -6.4843338418099351E-018   7.7148925948829342E-018  -9.3331837651767166E-019  -6.8604197633570338E-018   3.4476675504703711E-018   7.2088615726525042E-005   1.8893693470801043E-017  -8.0621651653408087E-018  -1.1950656964022489E-017  -2.9188860863433784E-009  -1.5649298315920111E-019  -7.7944499753466336E-008  -1.2143599611990427E-008   5.6650845104703182E-019   1.7270973647930525E-008   4.6525214751930923E-019  -4.6416715108821582E-008  -2.1131912971572747E-019   1.1254147651294776E-007  -4.4468608595095815E-008   3.9474515334993740E-020   9.0258052655562662E-008   1.7160377237283248E-019  -6.1213591041892642E-008  -1.7867933925926592E-006   4.6072178914892806E-018  -2.8112008772481374E-006  -2.6283086749439816E-006   1.2376179275967042E-018   4.4151020670315429E-006  -1.4687175210835626E-017   1.7214135834916052E-018   1.0449784921609098E-018   2.5801970683014002E-019  -3.7604238270681376E-019   2.8429124742022768E-018  -4.9363261239628438E-018   9.0583959936111225E-019   6.4613273327524071E-018  -1.8176021799498306E-018  -4.4745907493387485E-018  -9.7517613895496051E-019  -7.5226113214903622E-018   1.4134887992284478E-006  -2.9469353132760757E-018   2.2238726477265959E-006   2.0791910740817276E-006  -1.1331384859378187E-018  -3.4926798734932982E-006   9.2293005735295829E-006   4.1515182425802717E-003
   7.7731480632884024E-017   1.0340136264732573E-017  -2.2033075244978051E-016  -2.6020911031295591E-005   7.7938870297131302E-005   8.3040943330837776E-017  -2.3869634365972712E-017  -3.0196430181560054E-016   1.3280325262628537E-006   3.3608765474294679E-018   2.0894224359273152E-006   1.9534879767619671E-006   4.2803838867749854E-018  -3.2815205025503087E-006  -8.7117453668740906E-018   3.9935198635978150E-018  -1.6146738172278279E-020   2.2675448291539032E-017  -4.9107750276017284E-018   6.5531309911209350E-018  -2.3107953929272378E-017  -7.9451145159245957E-018   2.0548602832432778E-017   1.4126241659864748E-018  -2.1592269633649439E-004   1.7857547845036512E-017   2.4148118579699671E-017  -1.7959096755918057E-016   8.7427639955421931E-009   4.6873402327029269E-019   2.3346247367564684E-007   3.6372993780306212E-008  -1.6968287019344003E-018  -5.1730708945289684E-008  -1.3935417840426778E-018   1.3902919594684211E-007   6.3295148361289025E-019  -3.3708871800994567E-007   1.3319414963675488E-007  -1.1823564236613148E-019  -2.7034451832731587E-007  -5.1399446166121258E-019   1.8334938876266403E-007   5.3518748173559486E-006  -1.3799722740050718E-017   8.4202209633440023E-006   7.8724149462296747E-006  -3.7069625663894293E-018  -1.3224289762072732E-005   4.3901541887890131E-017  -5.1560466061357156E-018  -3.0638524431796737E-018  -8.2182701334211171E-019   1.1263371392631253E-018  -8.3453658432917596E-018   1.4785480841049918E-017  -2.5714572341435467E-018  -1.9353225270592031E-017   5.2892259779411672E-018   4.5869401216446107E-017   2.9208864562603391E-018  -7.1397409533855469E-017  -4.2337380139003024E-006   8.8267781585057306E-018  -6.6610320307402075E-006  -6.2276760122237881E-006   3.3940215766456879E-018   1.0461414026672586E-005  -2.7643969093488975E-005  -1.2434792980748604E-002
   3.3650068613493934E-002   3.8030762568828833E-016  -9.7352354171550318E-002   8.0173180701327314E-018   8.3040943330837776E-017   3.7192533302310843E-002  -5.5327987767412952E-016 -0.10760098935228912       -2.8554100979281438E-016  -3.8643313906947105E-017  -2.9197712944813505E-017  -6.7500454588844086E-017  -1.5244488115945832E-017  -1.4519613339091358E-016   2.3710584135268487E-003   4.8661019562701693E-017  -1.7402707199838019E-003   1.2897900177509319E-003   1.9772654210102490E-020  -4.4708986925094214E-003   7.7891967144223261E-017  -3.7314662284111768E-003   2.4751836091233109E-017   4.0783919238675534E-003   2.0748983481344120E-015   2.5864670781325438E-002  -8.2927188686770937E-017  -7.4828572249170833E-002   4.9924912618501603E-017   1.8633877618893318E-017   2.7586991713574229E-017  -8.5521306186806710E-018  -5.8871230853567702E-018  -7.1732257513562836E-018   2.3855248369118677E-017   1.3315441927713514E-017   1.0933994465201590E-017   2.3497669152959238E-017  -1.3644647180850879E-016  -1.3260953439758642E-017  -6.1917459448287167E-017  -6.0152871546465131E-018  -1.2746531855198670E-016  -6.4798005236357885E-016  -7.8401951586783236E-018  -2.6562518931212554E-017  -5.0923588054146152E-016   1.9381872618663858E-017  -5.1045702153585643E-016  -3.1292094186243628E-005   1.5799551274102767E-017   2.2967260092754763E-005  -1.7022031378925405E-005  -1.0607286157613318E-017   5.9004781237382802E-005   5.9633108821119498E-017   4.9246105455852461E-005   3.2098824420428912E-017  -5.3824664754576267E-005   1.1279532218681224E-002  -1.8815360483943095E-017  -3.2632593652489418E-002  -2.3300580712351557E-016   8.7887862200658347E-018   1.1738480030106710E-017  -2.8074302596500640E-016  -4.8406649509597101E-018  -2.7562043066720470E-016   1.6260084325594317E-015   2.7848677415416877E-015
  -5.0058181557219317E-016  -8.8242748166457123E-030   1.4482234423105916E-015   7.9691895689351730E-018  -2.3869634365972712E-017  -5.5327987767412952E-016   1.5540984760479220E-029   1.6006831732204598E-015  -4.0672453561143590E-019  -4.5444349016078336E-031  -6.3990855129759719E-019  -5.9827713136955176E-019  -1.0841359970578134E-030   1.0050016668430749E-018  -3.5272104170239000E-017  -1.9469455212872420E-030   2.5888442802379346E-017  -1.9187046428010758E-017   1.5036846053373066E-030   6.6509540008428440E-017   5.9183357267138446E-030   5.5509668072871035E-017  -6.6614459382226434E-030  -6.0670569719011595E-017   6.6128695389290336E-017  -3.8476545197000022E-016  -6.1619931024998673E-030   1.1131573900608381E-015  -2.6775674215428989E-021  -4.2075438211969047E-031  -7.1500444689535476E-020  -1.1139628519271783E-020   6.0724984871219297E-031   1.5843097331503411E-020   7.1914383299857890E-032  -4.2579217030089668E-020  -3.5650354293075557E-031   1.0323711925884021E-019  -4.0792170058880779E-020   2.3348224428451968E-031   8.2795975625361466E-020   2.4690046327941574E-031  -5.6152762468285972E-020  -1.6390703967733487E-018   4.3429480678869992E-030  -2.5787850774516087E-018  -2.4110134728247064E-018   8.4697127542338899E-031   4.0500838691595247E-018   4.6550435008834541E-019   1.3440601392529130E-030  -3.4166327825279545E-019   2.5322145610664320E-019  -1.8715805082256994E-031  -8.7776107854107927E-019  -5.4153239133967901E-030  -7.3259003308650368E-019   5.4496322799750747E-030   8.0070114313377735E-019  -1.6779545925111365E-016  -6.1465433160109225E-031   4.8544575540158533E-016   1.2966287297739324E-018  -2.8340405507084376E-030   2.0400141606829499E-018   1.9072941241657960E-018  -9.6744613524782501E-031  -3.2039228540959685E-018   8.4662689126531997E-018   3.8082918155658632E-015
  -9.7352354171566818E-002  -1.1002605401912121E-015  0.28164818834705241       -2.5886580466734959E-018  -3.0196430181560054E-016 -0.10760098935228912        1.6006831732204598E-015  0.31129831397830798        8.2504142507916824E-016   1.1179821429319349E-016   8.2816707293930213E-017   1.9373726581499727E-016   4.4103529870145819E-017   4.2266274083244705E-016  -6.8596626380302630E-003  -1.4078024224051966E-016   5.0347431213953664E-003  -3.7314662284132173E-003  -5.7203878469093332E-020   1.2934669405215793E-002  -2.2534772394202567E-016   1.0795431831656137E-002  -7.1609052011993688E-017  -1.1799115763573672E-002  -5.8318575076708303E-015  -7.4828572249176287E-002   2.3991502472743349E-016  0.21648507619484378       -1.4444370991365460E-016  -5.3909306229964072E-017  -7.9996265275642027E-017   2.4713197570653876E-017   1.7031920446886611E-017   2.0793684673727875E-017  -6.9015151640725341E-017  -3.8632742046315781E-017  -3.1632925148313689E-017  -6.7713703998607351E-017   3.9464513697460178E-016   3.8365004563537474E-017   1.7934627588622394E-016   1.7402709404521288E-017   3.6862222028224448E-016   1.8704202170127231E-015   2.2682314994036885E-017   7.0179488551551199E-017   1.4670261438870549E-015  -5.6073315907700963E-017   1.4872655874713693E-015   9.0530544557867660E-005  -4.5709372217189061E-017  -6.6446130157480124E-005   4.9246105455373318E-005   3.0687731745099675E-017  -1.7070557646750302E-004  -1.7252337868867186E-016  -1.4247294277391036E-004  -9.2864479991428929E-017   1.5571908296948007E-004  -3.2632593652492922E-002   5.4434350750890291E-017   9.4408717298128442E-002   6.7745725312260302E-016  -2.5426665207189640E-017  -2.8685462458090231E-017   8.1714387493168602E-016   1.4004432922393938E-017   7.8910762214022376E-016  -4.6822817410293591E-015   1.7903275888276483E-015
  -2.5829988049668452E-016   1.7618984253909170E-019   7.4735989801676542E-016  -4.4338102516510774E-007   1.3280325262628537E-006  -2.8554100979281438E-016  -4.0672453561143590E-019   8.2504142507916824E-016   2.2628893440312193E-008   5.7267360365215025E-020   3.5602529847253517E-008   3.3286286584767118E-008   7.2935224809731336E-020  -5.5915180016993902E-008  -1.8442152187626419E-017   6.8047230513945997E-020   1.3426642672685552E-017  -9.5648941208474561E-018  -8.3676719215347852E-020   3.4606518284006374E-017  -3.9374594879948639E-019   2.8654445411148950E-017   3.5013611086068416E-019  -3.1442432313377609E-017  -3.6791957953719042E-006  -1.9925249063797186E-016   4.1146974288545414E-019   5.7427366467276392E-016   1.4897155823860041E-010   7.9869521675720909E-021   3.9780632888446692E-009   6.1977442877538186E-010  -2.8912963442641315E-020  -8.8146086572812584E-010  -2.3745132677365791E-020   2.3689757577147472E-009   1.0785121141390373E-020  -5.7437935659933737E-009   2.2695499992645238E-009  -2.0146658300179408E-021  -4.6065116451752616E-009  -8.7581634273003184E-021   3.1241657855565955E-009   9.1192800291299240E-008  -2.3513916204231067E-019   1.4347561460680761E-007   1.3414132215380153E-007  -6.3164462649349442E-020  -2.2533412241932201E-007   9.8948808066562735E-019  -8.7856002708021807E-020  -2.2940827949586465E-019   1.1732865544897135E-019   1.9192122631276052E-020  -5.9744673848611999E-019   2.5193590051352611E-019  -4.2377045783175011E-019  -3.2976758002102760E-019   5.0540514280650464E-019  -8.6244729728286102E-017   4.9770187900561120E-020   2.5055756368307049E-016  -7.2140406560935803E-008   1.5040311017990622E-019  -1.1350006949776512E-007  -1.0611593773081089E-007   5.7832132175416207E-020   1.7825634430109275E-007  -4.7103698027952656E-007  -2.1188156144453371E-004
  -3.4962667206666373E-017   5.0744500198516751E-032   1.0114980744260741E-016  -1.1220725845066791E-018   3.3608765474294679E-018  -3.8643313906947105E-017  -4.5444349016078336E-031   1.1179821429319349E-016   5.7267360365215025E-020   1.8507825666554410E-031   9.0099982663491048E-020   8.4238222875961105E-020   2.0041766083629765E-031  -1.4150558322019657E-019  -2.4635470195292025E-018   1.2164923350308130E-031   1.8081539960933704E-018  -1.3401012543253575E-018  -2.1178276934103748E-031   4.6452964151837682E-018  -1.0773904991860444E-030   3.8770206811566262E-018   8.6037861172219063E-031  -4.2374790140953368E-018  -9.3110090434805257E-018  -2.6873581962768993E-017   1.1274760656123204E-030   7.7747433419753021E-017   3.7700508560447918E-022   8.5199297423390436E-034   1.0067358552771033E-020   1.5684746428923312E-021  -6.7053808971742311E-032  -2.2307293628035400E-021  -8.4878025097875542E-032   5.9952108913471107E-021   1.5933605966409144E-032  -1.4535924917124733E-020   5.7435922803787173E-021   8.6796753503359108E-033  -1.1657784464972464E-020  -1.5914519323879812E-032   7.9063843027114603E-021   2.3078331120158610E-019  -5.8692501882903718E-031   3.6309639916504294E-019   3.3947393211615862E-019  -1.7998938453709267E-031  -5.7025724325077325E-019   3.2512714546394108E-020  -2.3875466490160939E-031  -2.3863151082980236E-020   1.7686015000962343E-020   5.9590908567420714E-032  -6.1306398917409923E-020   5.7561962063423634E-031  -5.1167063463009348E-020  -8.6789984465687458E-031   5.5924220034958647E-020  -1.1719516406883392E-017   1.4550363473648557E-031   3.3905503286398896E-017  -1.8256706499097621E-019   3.7149632759598412E-031  -2.8723673115155180E-019  -2.6854957192290984E-019   1.5138633586444815E-031   4.5111663693835846E-019  -1.1920620230971691E-018  -5.3621259766550757E-016
  -2.6347028587343138E-017   2.7720330843502193E-019   7.6346122346684667E-017  -6.9758100296789556E-007   2.0894224359273152E-006  -2.9197712944813505E-017  -6.3990855129759719E-019   8.2816707293930213E-017   3.5602529847253517E-008   9.0099982663491048E-020   5.6014233964552640E-008   5.2370038100371919E-008   1.1475057430668980E-019  -8.7972567934904497E-008  -2.2368522352112075E-018   1.0706018665023664E-019   1.4699191855429570E-018  -4.8184736145268954E-019  -1.3165040090195274E-019   3.9531348931320587E-018  -6.1948905859338227E-019   2.9397136556549375E-018   5.5087675278535941E-019  -3.4079567615440289E-018  -5.7885587054499265E-006  -2.1374286900464872E-017   6.4737428902302582E-019   5.8407985237933578E-017   2.3438019020113718E-010   1.2566045427248730E-020   6.2587734282689650E-009   9.7510457845594104E-010  -4.5489393754752254E-020  -1.3868215369897721E-009  -3.7358733298058726E-020   3.7271610449678146E-009   1.6968465486754824E-020  -9.0368352482250488E-009   3.5707323383610688E-009  -3.1697175355939568E-021  -7.2475248854594690E-009  -1.3779408862902809E-020   4.9153179284453955E-009   1.4347561460702247E-007  -3.6994955396086990E-019   2.2573330264095487E-007   2.1104745746086648E-007  -9.9378021850069522E-020  -3.5452307202733068E-007   1.2033721318301459E-018  -1.3822575844988121E-019  -1.0154222143589991E-019  -7.6500427055141914E-021   3.0195383641349531E-020  -2.7357959977937057E-019   3.9637622764460731E-019  -1.1054481168077853E-019  -5.1883050054192223E-019   1.8727247109296146E-019  -8.3003706233928639E-018   7.8304518287743927E-020   2.5657172358871269E-017  -1.1350006948211103E-007   2.3663248198265596E-019  -1.7857212605725109E-007  -1.6695451106770374E-007   9.0988550427144654E-020   2.8045458056451913E-007  -7.4109271820101197E-007  -3.3335786547888837E-004
  -6.1006096448349034E-017   2.5916890755758751E-019   1.7660965208284992E-016  -6.5219750620249544E-007   1.9534879767619671E-006  -6.7500454588844086E-017  -5.9827713136955176E-019   1.9373726581499727E-016   3.3286286584767118E-008   8.4238222875961105E-020   5.2370038100371919E-008   4.8962927751007244E-008   1.0728508672072173E-019  -8.2249214323881013E-008  -4.6542599180534414E-018   1.0009502330159474E-019   3.2553888092124266E-018  -1.8446639932356535E-018  -1.2308543781081712E-019   8.5286515158221382E-018  -5.7918609798063645E-019   6.7818916155799035E-018   5.1503759830463206E-019  -7.5946718517913445E-018  -5.4119643971654073E-006  -4.7941450806499496E-017   6.0525716022104023E-019   1.3549204728223074E-016   2.1913179244000045E-010   1.1748518746348404E-020   5.8515877072864092E-009   9.1166584475476154E-010  -4.2529927046871932E-020  -1.2965971609382654E-009  -3.4928234267035174E-020   3.4846779490853895E-009   1.5864524445837994E-020  -8.4489132986415814E-009   3.3384262422393870E-009  -2.9635008167873523E-021  -6.7760125868203035E-009  -1.2882942710724649E-020   4.5955352589669648E-009   1.3414132215391895E-007  -3.4588123169561613E-019   2.1104745746073519E-007   1.9731704972001526E-007  -9.2912647773107388E-020  -3.3145837183601458E-007   1.1589070508981593E-018  -1.2923301318473820E-019  -1.1976190817558710E-019   1.1247177153863187E-020   2.8230920604112445E-020  -3.1956062930521208E-019   3.7058862854328344E-019  -1.5658423618994254E-019  -4.8507622362937455E-019   2.3326919176703801E-019  -1.9952677736637078E-017   7.3210152418698883E-020   5.9261308160889127E-017  -1.0611593772637406E-007   2.2123755374498241E-019  -1.6695451108374980E-007  -1.5609271941802659E-007   8.5068981851701146E-020   2.6220865715814837E-007  -6.9287841930777633E-007  -3.1167013954410099E-004
  -1.3792501492424354E-017   4.1199716207784593E-031   3.9902815819629393E-017  -1.4290621338613862E-018   4.2803838867749854E-018  -1.5244488115945832E-017  -1.0841359970578134E-030   4.4103529870145819E-017   7.2935224809731336E-020   2.0041766083629765E-031   1.1475057430668980E-019   1.0728508672072173E-019   2.4132606266847749E-031  -1.8022031150418876E-019  -9.7185022363094145E-019   1.9937794889017574E-031   7.1330275068090444E-019  -5.2865956824746754E-019  -2.6970667998002854E-031   1.8325334666395714E-018  -1.3010096208903508E-030   1.5294546384269515E-018   1.1183790015520416E-030  -1.6716526596944976E-018  -1.1858422205304029E-017  -1.0601419998576711E-017   1.3601990499624485E-030   3.0670760475323091E-017   4.8015048188577763E-022   1.8105099017687550E-032   1.2821702530165828E-020   1.9975960120760748E-021  -9.0776405488209674E-032  -2.8410380106418769E-021  -8.6310774647650293E-032   7.6354497807447475E-021   3.0279912889213685E-032  -1.8512830779858997E-020   7.3149904501914481E-021  -1.0580687761881415E-033  -1.4847255492832197E-020  -2.5762903458863695E-032   1.0069504039792509E-020   2.9392366921581210E-019  -7.5466388996320125E-031   4.6243649666949738E-019   4.3235112284024062E-019  -2.1152973514298709E-031  -7.2627479197228166E-019   1.2826014139924852E-020  -2.8964475668203129E-031  -9.4138283267853132E-021   6.9769959726717937E-021   6.6205881022579897E-032  -2.4184899669598295E-020   7.8757258925521893E-031  -2.0185010342847247E-020  -1.0760311232094005E-030   2.2061671775285461E-020  -4.6232584767326979E-018   1.6812642330805085E-031   1.3375458511640527E-017  -2.3251586668411464E-019   4.8116216873006235E-031  -3.6582226641181480E-019  -3.4202245879550815E-019   1.8838293664127871E-031   5.7453832551006958E-019  -1.5182000896757168E-018  -6.8291581988889321E-016
  -1.3147615221493862E-016  -4.3535875003882041E-019   3.8017939521902748E-016   1.0955785312091810E-006  -3.2815205025503087E-006  -1.4519613339091358E-016   1.0050016668430749E-018   4.2266274083244705E-016  -5.5915180016993902E-008  -1.4150558322019657E-019  -8.7972567934904497E-008  -8.2249214323881013E-008  -1.8022031150418876E-019   1.3816439432089617E-007  -8.6666957884477682E-018  -1.6814225379187902E-019   6.6309355577975246E-018  -5.8686916584554437E-018   2.0676215699626664E-019   1.6757761029536864E-017   9.7293204663839216E-019   1.4551028843227597E-017  -8.6517370904054253E-019  -1.5597738221281722E-017   9.0911601912227184E-006  -9.9293654130911906E-017  -1.0167269029583634E-018   2.9265076178004288E-016  -3.6810335062537262E-010  -1.9735470911316342E-020  -9.8296509947096975E-009  -1.5314402733086952E-009   7.1442890479261371E-020   2.1780580263514411E-009   5.8673366935597151E-020  -5.8536537059536907E-009  -2.6649645583521267E-020   1.4192706862582673E-008  -5.6079762406929901E-009   4.9781666462630897E-021   1.1382524230349638E-008   2.1641106134976217E-020  -7.7197010434072816E-009  -2.2533412241263458E-007   5.8102039365401548E-019  -3.5452307201627833E-007  -3.3145837182588746E-007   1.5607711039962823E-019   5.5679249417482368E-007  -1.7292008346908927E-018   2.1708901586115703E-019   4.1496805927745874E-020   9.9454238764761897E-020  -4.7423043228388963E-020   1.2656913053087915E-019  -6.2252452896759051E-019  -7.9354637503228575E-020   8.1484380353214466E-019  -1.7629832133242948E-020  -4.4905153658016097E-017  -1.2298034030122483E-019   1.2733298706141246E-016   1.7825634426153377E-007  -3.7164066387126667E-019   2.8045458054096081E-007   2.6220865711092179E-007  -1.4290111400638881E-019  -4.4046500139554930E-007   1.1639153994189991E-006   5.2355170091292842E-004
   2.1452230116528058E-003   2.4244963049089752E-017  -6.2063026618506302E-003   5.1870916444702207E-018  -8.7117453668740906E-018   2.3710584135268487E-003  -3.5272104170239000E-017  -6.8596626380302630E-003  -1.8442152187626419E-017  -2.4635470195292025E-018  -2.2368522352112075E-018  -4.6542599180534414E-018  -9.7185022363094145E-019  -8.6666957884477682E-018   1.5115716788259640E-004   3.1021850248028969E-018  -1.1094386873011542E-004   8.2225307117794012E-005   1.2605250030798256E-021  -2.8502392872071462E-004   4.9656849815107098E-018  -2.3788442491267205E-004   1.5779524545205432E-018   2.6000125902005426E-004   1.7107818479244154E-016   1.6488966957610653E-003  -5.2866850141085024E-018  -4.7703907222844252E-003   3.1811882943884694E-018   1.1879269407593270E-018   1.7167428406428392E-018  -5.5174249893033665E-019  -3.7530954424458869E-019  -4.4800372617492814E-019   1.5207941575968550E-018   8.2388807746245600E-019   6.9705226475006520E-019   1.5585732856145574E-018  -8.7225239401034002E-018  -8.4539805259173257E-019  -3.8987141905733464E-018  -3.8348012225655507E-019  -8.1589800492498852E-018  -4.2271064465565411E-017  -4.9981969616007501E-019  -3.2065061446708592E-018  -3.3878938366580094E-017   1.2356123141404317E-018  -3.0165691167722422E-017  -1.9948999600023920E-006   1.0072360135822506E-018   1.4641840832929259E-006  -1.0851702514658084E-006  -6.7622430782742133E-019   3.7616094029958199E-006   3.8016658678690663E-018   3.1394847918916718E-006   2.0463297589298563E-018  -3.4313721838805410E-006   7.1908061627223429E-004  -1.1994966413390710E-018  -2.0803580413848955E-003  -1.4093529432484584E-017   5.6029325408770112E-019   1.9453321761160291E-018  -1.6778508925087689E-017  -3.0859686985471129E-019  -1.9450982636937054E-017   1.0862718731124464E-016   2.4120809398661242E-015
   4.4026219826917508E-017   1.0273967867381451E-030  -1.2737139393843181E-016  -1.3332888284911618E-018   3.9935198635978150E-018   4.8661019562701693E-017  -1.9469455212872420E-030  -1.4078024224051966E-016   6.8047230513945997E-020   1.2164923350308130E-031   1.0706018665023664E-019   1.0009502330159474E-019   1.9937794889017574E-031  -1.6814225379187902E-019   3.1021850248028969E-018   2.6829034676910369E-031  -2.2768910862078822E-018   1.6875026171366936E-018  -2.5159796765047177E-031  -5.8495205736768009E-018  -1.0821211341407875E-030  -4.8820807569726500E-018   1.0852766973168212E-030   5.3359825634501303E-018  -1.1063690986715430E-017   3.3840159277202036E-017   1.1288304103704722E-030  -9.7902301746133695E-017   4.4797161610027365E-022   4.8397241552994981E-032   1.1962413908191865E-020   1.8637205364348613E-021  -9.4646469675374317E-032  -2.6506364917036944E-021  -4.0192745499005018E-032   7.1237349671403357E-021   4.6737424227435751E-032  -1.7272132454998597E-020   6.8247522737707729E-021  -2.3408319936636663E-032  -1.3852217768172367E-020  -3.4206756972513500E-032   9.3946630634720598E-021   2.7422540651477624E-019  -7.1734353460015938E-031   4.3144479185799880E-019   4.0337568843818498E-019  -1.6458317385958372E-031  -6.7760109487762395E-019  -4.0941153292623373E-020  -2.4351992491426570E-031   3.0049318866908743E-020  -2.2270851925992373E-020   4.3834443538634623E-032   7.7199173036451053E-020   8.3561641493361079E-031   6.4431365335904830E-020  -9.4964577227601688E-031  -7.0421744151675029E-020   1.4757627115368017E-017   1.2504651702243799E-031  -4.2695001848847396E-017  -2.1693305011152614E-019   4.6377527690186879E-031  -3.4130548243011280E-019  -3.1910069730393155E-019   1.6757340495515428E-031   5.3603374744252938E-019  -1.4164529106271492E-018  -6.3714796710586121E-016
  -1.5745157410364129E-003  -1.7794921905218741E-017   4.5552006395787941E-003  -1.6669905709366050E-018  -1.6146738172278279E-020  -1.7402707199838019E-003   2.5888442802379346E-017   5.0347431213953664E-003   1.3426642672685552E-017   1.8081539960933704E-018   1.4699191855429570E-018   3.2553888092124266E-018   7.1330275068090444E-019   6.6309355577975246E-018  -1.1094386873011542E-004  -2.2768910862078822E-018   8.1428768355630443E-005  -6.0350387659123901E-005  -9.2517954901274641E-022   2.0919720695940298E-004  -3.6446323416924268E-018   1.7459852404054689E-004  -1.1581597646293438E-018  -1.9083147663093251E-004  -1.0780614121093926E-016  -1.2102302598453161E-003   3.8802347016581800E-018   3.5012934516975621E-003  -2.3355956829658049E-018  -8.7189520962009456E-019  -1.2792284919803344E-018   4.0196737022569545E-019   2.7546356810675764E-019   3.3307316046419900E-019  -1.1162076516079041E-018  -6.1613866929719218E-019  -5.1161103401020158E-019  -1.1162115667191027E-018   6.3910607861119970E-018   6.2049145194544663E-019   2.8837496217005266E-018   2.8146047547868009E-019   5.9733149210078940E-018   3.0585248800553979E-017   3.6684949537259489E-019   1.6609196774128973E-018   2.4218425897880998E-017  -9.0689454097034156E-019   2.3228181575922328E-017   1.4641840833120027E-006  -7.3927463471559199E-019  -1.0746579140708925E-006   7.9647553347888923E-007   4.9632407044021108E-019  -2.7608846187438093E-006  -2.7902846084573331E-018  -2.3042677599143214E-006  -1.5019316869533723E-018   2.5185024995195297E-006  -5.2777904359812048E-004   8.8038694944496791E-019   1.5269072098142925E-003   1.0692351454058767E-017  -4.1123488950431587E-019  -8.7995211692300227E-019   1.2827024590973140E-017   2.2649888919746890E-019   1.3415892811336188E-017  -7.7454770230032516E-017  -7.4765326824575176E-016
   1.1669418224765505E-003   1.3188587486105258E-017  -3.3760565217324776E-003  -6.3310206519578652E-018   2.2675448291539032E-017   1.2897900177509319E-003  -1.9187046428010758E-017  -3.7314662284132173E-003  -9.5648941208474561E-018  -1.3401012543253575E-018  -4.8184736145268954E-019  -1.8446639932356535E-018  -5.2865956824746754E-019  -5.8686916584554437E-018   8.2225307117794012E-005   1.6875026171366936E-018  -6.0350387659123901E-005   4.4728286625923086E-005   6.8569064040219105E-022  -1.5504511233753630E-004   2.7011949110533538E-018  -1.2940252963839990E-004   8.5836237215092529E-019   1.4143347400198629E-004   1.7112645703356534E-017   8.9695407180276755E-004  -2.8758100261342375E-018  -2.5949602503559065E-003   1.7335534044699751E-018   6.4619930967037050E-019   1.0159791164086443E-018  -2.8733869746275470E-019  -2.0415798319144023E-019  -2.6189747970832559E-019   8.2726984385152420E-019   4.9707471109324451E-019   3.7917709989630390E-019   7.2925228653794465E-019  -4.6979610976794364E-018  -4.5987309424278995E-019  -2.2158839903063824E-018  -2.0860255102578039E-019  -4.3737671321409999E-018  -2.1111806053074561E-017  -2.7188805265879951E-019   1.2174973303889182E-018  -1.5660141664555913E-017   6.7213883027657412E-019  -2.1060841246038726E-017  -1.0851702514555883E-006   5.4790845658708944E-019   7.9647553346101070E-007  -5.9030252056041099E-007  -3.6784726897472772E-019   2.0462111903204331E-006   2.0680007962860601E-018   1.7077926559555374E-006   1.1131466357053425E-018  -1.8665713019588674E-006   3.9115991218729795E-004  -6.5249290590914780E-019  -1.1316570776233785E-003  -9.1556738135624010E-018   3.0478399098904436E-019  -1.2847598606761773E-018  -1.1317580495335190E-017  -1.6786813853856680E-019  -6.9010734474507396E-018   4.9366624423274626E-017  -3.0617373350614464E-015
   1.7889374876042828E-020  -6.5130947955651696E-031  -5.1755399932570247E-020   1.6395264596571402E-018  -4.9107750276017284E-018   1.9772654210102490E-020   1.5036846053373066E-030  -5.7203878469093332E-020  -8.3676719215347852E-020  -2.1178276934103748E-031  -1.3165040090195274E-019  -1.2308543781081712E-019  -2.6970667998002854E-031   2.0676215699626664E-019   1.2605250030798256E-021  -2.5159796765047177E-031  -9.2517954901274641E-022   6.8569064040219105E-022   3.0941829281142041E-031  -2.3768623980406631E-021   1.4560281677929389E-030  -1.9837581600651683E-021  -1.2947139171262728E-030   2.1681941535541004E-021   1.3604864697412946E-017   1.3750426397520943E-020  -1.5215695748329523E-030  -3.9781089178920250E-020  -5.5086437534753833E-022  -2.9524103181484973E-032  -1.4710011592902058E-020  -2.2917908465246968E-021   1.0691071160162959E-031   3.2594502932898172E-021   8.7817010946616402E-032  -8.7599563729938845E-021  -3.9875216072549934E-032   2.1239297569732063E-020  -8.3923015738515839E-021   7.4427455155575168E-033   1.7033876734285474E-020   3.2382582861628883E-032  -1.1552484610427789E-020  -3.3721111306497264E-019   8.6948923824326929E-031  -5.3054157285110483E-019  -4.9602539243228241E-019   2.3357872920564231E-031   8.3323650540192989E-019  -1.6635808479869260E-023   3.2488076188900812E-031   1.2210077102744708E-023  -9.0494168772113464E-024  -7.0973928463332867E-032   3.1368692918331555E-023  -9.3157238401778934E-031   2.6180690966700207E-023   1.2194257499820783E-030  -2.8614789108150095E-023   5.9965339911213458E-021  -1.8404931737413617E-031  -1.7348454998433684E-020   2.6675951079104858E-019  -5.5615327024549331E-031   4.1969853591550237E-019   3.9239362495543563E-019  -2.1385320199386560E-031  -6.5915313578104440E-019   1.7417921580151054E-018   7.8349186497645585E-016
  -4.0450605110455016E-003  -4.5716618779915299E-017   1.1702685306226649E-002  -6.4843338418099351E-018   6.5531309911209350E-018  -4.4708986925094214E-003   6.6509540008428440E-017   1.2934669405215793E-002   3.4606518284006374E-017   4.6452964151837682E-018   3.9531348931320587E-018   8.5286515158221382E-018   1.8325334666395714E-018   1.6757761029536864E-017  -2.8502392872071462E-004  -5.8495205736768009E-018   2.0919720695940298E-004  -1.5504511233753630E-004  -2.3768623980406631E-021   5.3744484023734139E-004  -9.3633604151572984E-018   4.4855797657402497E-004  -2.9754077442867751E-018  -4.9026176764430053E-004  -2.9523263709514094E-016  -3.1091811315587287E-003   9.9686422664390224E-018   8.9951110109076204E-003  -5.9995977654410077E-018  -2.2399705447735873E-018  -3.2666893926284294E-018   1.0357648682849041E-018   7.0768857531183189E-019   8.5131528730570658E-019  -2.8676293135526899E-018  -1.5711473187983887E-018  -1.3143708486061296E-018  -2.8961613369112824E-018   1.6430431010072235E-017   1.5940936024263934E-018   7.3857155294172472E-018   7.2309512385656172E-019   1.5361451271883222E-017   7.9028857371813020E-017   9.4246654291943141E-019   4.9794964284619960E-018   6.2885234932401035E-017  -2.3298867072282392E-018   5.8556167974932139E-017   3.7616094027793958E-006  -1.8992573740405423E-018  -2.7608846185489900E-006   2.0462111902219757E-006   1.2750973811780926E-018  -7.0929397882565995E-006  -7.1684707812557985E-018  -5.9198535013497455E-006  -3.8585861029160181E-018   6.4702401775100721E-006  -1.3559077957587386E-003   2.2617865231984893E-018   3.9227502764658771E-003   2.7111303060916284E-017  -1.0564962730711896E-018  -2.8242768836216915E-018   3.2426741668489914E-017   5.8189428572223833E-019   3.5351700493128982E-017  -2.0132670784502536E-016  -2.9729233896972206E-015
   7.0473017192411769E-017  -2.2692535715994673E-030  -2.0388410520215911E-016   7.7148925948829342E-018  -2.3107953929272378E-017   7.7891967144223261E-017   5.9183357267138446E-030  -2.2534772394202567E-016  -3.9374594879948639E-019  -1.0773904991860444E-030  -6.1948905859338227E-019  -5.7918609798063645E-019  -1.3010096208903508E-030   9.7293204663839216E-019   4.9656849815107098E-018  -1.0821211341407875E-030  -3.6446323416924268E-018   2.7011949110533538E-018   1.4560281677929389E-030  -9.3633604151572984E-018   7.0143636432480948E-030  -7.8147740703945974E-018  -6.0405803540853283E-030   8.5413372397384974E-018   6.4018527599982521E-017   5.4168132896997854E-017  -7.3333053853716882E-030  -1.5671276392241004E-016  -2.5921261989703076E-021  -9.9949346344444174E-032  -6.9218864288631061E-020  -1.0784162784783981E-020   4.9076031066967818E-031   1.5337543827334505E-020   4.6312848825294439E-031  -4.1220513493631043E-020  -1.6476367426744656E-031   9.9942821036012788E-020  -3.9490491223996153E-020   7.2831825148119254E-033   8.0153954640510418E-020   1.3979552486749850E-031  -5.4360926869434932E-020  -1.5867676326757450E-018   4.0750350557774142E-030  -2.4964960019752066E-018  -2.3340779921000581E-018   1.1396618611605173E-030   3.9208456243237569E-018  -6.5534733891392839E-020   1.5617957317052224E-030   4.8100113375737255E-020  -3.5649077682056476E-020  -3.5616038832711027E-031   1.2357314959511571E-019  -4.2588312783912423E-030   1.0313564814202779E-019   5.8052268296043268E-030  -1.1272448113695575E-019   2.3622616556880500E-017  -9.0541314372897048E-031  -6.8342129102902020E-017   1.2552532850528239E-018  -2.5986291344699302E-030   1.9749172742810576E-018   1.8464323363711130E-018  -1.0164250438810685E-030  -3.1016856215882125E-018   8.1961101283547232E-018   3.6867691592619495E-015
