   6.0330025660749742E-002   3.0779160959039045E-015   1.1947252960152573E-014   3.0490769858303061E-015   1.9376102380576686E-017  -7.4020416956368973E-016   7.3790818978987832E-017   1.3407916096651872E-016  -1.1800422143593146E-016  -1.5418571529854610E-017  0.14599423674545733        1.6072718407243103E-016  -8.4617319985488635E-015   2.1339346983834468E-014  -4.3084663040816904E-015  -1.7592504776930642E-016  -5.6346533068973739E-016  -1.2818137760855493E-014  -1.9493498559821498E-017   4.3169358755745789E-014  -2.7235763798663275E-016   6.3682171670599937E-017  -1.1985733546454946E-016   2.0805319259483702E-016  -1.7915172248086982E-015   1.4687685315626922E-016  -4.6681490166930571E-017   3.7696082488989194E-018   1.0344724095782085E-016  -3.2236214141857759E-016  0.13576070629898843        1.0764358484768610E-014   4.0741272949117339E-014   1.4935100771163434E-016  -1.3072212301386830E-017   2.9268052793554253E-017   8.2179457842130402E-017   5.3224225292118229E-019   9.6970840559441564E-017  -1.3427775409986476E-017  -4.6578653629755082E-018  -1.1973315934429710E-017   1.3801780434384811E-017   1.3254879217357823E-016   6.4815015215392082E-018   3.5112688500192405E-017  -1.7216189532252871E-017   1.1222862729313314E-016  -1.2620349735382072E-015   3.7552325651960267E-014  -1.2982120817335095E-016  -1.0529775183638232E-016   3.5026963309152924E-014   4.0821189128150920E-017  -6.1016409866800903E-014   2.5199586407393228E-017   1.0002787867502503E-017  -7.8426729849128547E-019   5.4565781256306887E-017  -6.7789599738595714E-015  -1.3079601812972550E-015  -2.3524365054400532E-016   4.8818163247160014E-015  -2.1343978848493316E-016   2.0293617715692759E-015   8.6970975656762858E-002  -1.0350124754845522E-014  -3.9863637226568717E-014  -1.1246736536234419E-003  -1.6395968622367190E-014  -7.3973076258589754E-014  -4.7555737291714092E-005  -5.4169350593458064E-015  -6.7210737238810074E-015  -4.0799391445745586E-015  -2.6385656697815169E-014  -5.6905605891808159E-014  -8.8746643450429911E-015  -3.7261447353121832E-015   3.9928164690510425E-014  -1.4359532263912404E-015   1.7056758554397979E-014  -2.6136840695344626E-014  -2.6826412212147369E-015
   3.0779160959039045E-015   6.0330025660360609E-002   3.4184600332422305E-015  -7.7814883925491374E-015   4.1498704909289693E-016  -1.1839917931831658E-016  -7.0390923333049851E-017   3.6490528557969578E-016   1.1231198886550243E-016   2.1422570482087026E-016  -1.0398018167460140E-015  0.14599423674584747       -6.8155127880264736E-016  -2.9812828988107622E-014  -4.2614552260771925E-016  -4.2604692732845499E-015  -1.9754826668706101E-017  -1.5661141325324358E-016  -3.8847489876048232E-016  -3.4129048777373797E-016  -3.1894569796716895E-014  -1.4902645507674157E-016   4.2617647312839308E-014  -4.0615347836136652E-017   2.6478958912797302E-015  -1.6240478090750072E-016   3.3180018165726128E-017   2.4997753777892818E-015  -1.0763900320497493E-016   2.8141649937870595E-015   1.1132206268558716E-014  0.13576070629695391        8.5511219918967202E-015  -3.9608902861608570E-016  -8.3528906327591888E-017  -1.0580310508944505E-017  -2.2132670990145462E-016  -1.0192845191737091E-017  -2.2493348032435491E-016  -1.0206844155002245E-016  -1.2328660716821838E-017  -4.8740208942525988E-017  -2.2649173257113075E-017  -3.0805166563921744E-016  -9.6816403417555294E-019  -1.6624806062590765E-016  -3.5267433477110941E-017  -3.7051904904975958E-016  -4.5428592337449893E-015  -8.9566818018406674E-017   1.0094679691131119E-014   2.7742274162413701E-017  -1.8662201288859542E-016  -8.3147698083862112E-017  -1.7391449971105882E-017   5.8274187857678730E-014   1.3689079787538897E-016  -6.9678351213580505E-014   6.2338294940577935E-017  -4.0275001832477314E-016  -3.0393503589770021E-016   7.9058419425022997E-016  -6.4892622097578649E-016   7.3220503675066243E-017   1.5583902465880068E-015  -1.2773705139617747E-014   8.6970975659559011E-002  -5.4586837402816509E-015  -2.5254759705053703E-014  -1.1246736490025133E-003  -1.2458867272550029E-014  -4.4707810274130141E-016  -4.7555736966119025E-005  -3.7403425867460316E-014  -1.9227116937493526E-014   8.3730374467890022E-015  -5.0170427585587459E-015  -2.8912416949695607E-015   6.2418436084128693E-015  -6.4259144994229201E-015   2.7942362487298206E-016   1.1654453827010237E-014   1.4545814147854257E-014  -1.7799855507802896E-014
   1.1947252960152573E-014   3.4184600332422305E-015   6.0330025662371008E-002   1.2661806498234739E-014   2.8882792320789432E-016  -1.9355182704330057E-016  -2.0060115290494083E-016  -3.0653480429065898E-016   1.2676672041670114E-016   6.6470360412503086E-016  -2.0017695248141833E-015   7.1826105773831120E-016  0.14599423674392559        5.7793067297829003E-014   3.8918187994870654E-016   4.4335702117767112E-017  -2.6716566255862518E-014   1.1034017151849851E-016   2.3485315273145815E-017  -5.1023299493876286E-016   1.1039737738692292E-016  -3.6273890844868004E-014  -2.0692379772503367E-016   4.5672854223083408E-014  -5.6335775413819738E-015  -5.0670609481165092E-018   2.9419977745000078E-017  -3.0887938406398900E-015  -2.4190614328409286E-016  -5.2308058891891759E-015   4.3013473736020084E-014   1.0084888405794198E-014  0.13576070630745546        1.5332016171116490E-015   9.4511826906164059E-017   5.1223488857344794E-017   6.3671475843840584E-016   1.2619188800649856E-017   7.6739178021053939E-016   3.0755442477917041E-017  -1.3176491986260823E-017   1.2706178682521484E-017   8.6672133119118176E-017   5.0924945352873037E-016   1.1647240331175203E-017   3.8198175271134469E-016   7.9610663945212178E-017   1.0025319993018508E-015   1.2734505404636157E-014   1.9834833674166544E-018  -1.0226204236135088E-016   4.2852779164643696E-014   4.9244293646351156E-017  -1.5338655676365782E-016  -1.3864246990434563E-016  -2.0116644865018720E-016   5.9004652313843309E-014   8.3424960001267369E-017  -7.4765705670490159E-014  -6.4365931603836392E-016  -3.6919993640639343E-016  -3.5724267484001159E-016   1.3842576827186685E-015   2.2571607981311043E-016  -1.3801507169565804E-015  -3.5861714063948939E-014  -4.3984783921241326E-015   8.6970975644937276E-002  -7.8268489450271169E-014  -1.7119637697422693E-014  -1.1246736725858222E-003  -1.6139252207846005E-015   1.0135873092941747E-014  -4.7555738536606363E-005   3.7486870003544190E-014  -8.1976813164377945E-015  -5.0714049303918061E-015  -2.1085570689321310E-015  -2.0441059012195170E-015   1.6693633732145449E-014   8.4330741603087955E-016  -1.1578496075990689E-014  -5.1863429035303964E-016  -1.3464750204876319E-014
   3.0490769858303061E-015  -7.7814883925491374E-015   1.2661806498234739E-014  0.12447690202854228        5.0198228100953152E-013   1.2964522762482714E-015  -3.6019344634569420E-015   9.4383268796575697E-013   5.8861886007121921E-015  -1.2886396967219671E-012   1.2546584180195782E-014   9.2723749292848987E-015  -2.4574378667983301E-014  0.33743496346774182        5.1807939022971377E-016   1.4778012553405283E-016   3.5091939354043289E-016   1.3238372822478633E-016  -3.4482963038768820E-016   4.3004422005243772E-016   8.0165978462144792E-017   1.8160649139667867E-016   3.8297849366379874E-016  -8.3246631735954693E-016  -2.1267057052249984E-013  -2.1576036091217114E-015   9.3827064082752302E-015  -8.1933996519005759E-013  -5.6484052101440696E-015   1.7257737539173579E-012  -1.4259110671636638E-014  -1.1583166343197043E-014   1.4074412828998365E-014  -4.2147496582149648E-014  -1.0470301572160696E-016  -1.8751289377217201E-016  -1.6237527718366322E-014   5.3670603188882339E-017  -2.1037502892950893E-014   1.6971901166654787E-016   7.7511030636687813E-017  -4.1432180178746832E-017   7.3995016782198222E-017  -4.5125968427484084E-014  -2.7646860422041850E-016  -1.3365246330194187E-014   3.9038326416320657E-016  -4.6023689860953446E-014  0.17065767256486811        9.4418764489500645E-016   3.5654387931223622E-016  -4.1703626824940839E-016   2.0159115130002899E-016   4.3235538850985810E-017   1.3921823825605915E-016  -3.8118309922296629E-016   5.5084194959389258E-017   4.0777463446509923E-016   7.4828561404932775E-017  -1.1132034525536704E-012   3.4553794695367295E-015   1.5304775591978096E-014  -2.1100773329471813E-012   6.1161844642472870E-015   2.9877690616400708E-012   2.0455243638768563E-014   6.5542518947775223E-015  -1.4376306938326974E-014   3.2213102794015410E-014   2.1554985962549708E-014  -2.9422645756523748E-014  -7.9472794024035008E-015   4.3644377083747540E-015   5.3740331398116899E-015  0.32942990366708824        3.9737649821911481E-003  -1.0476611440884015E-011   2.1141262263599599E-014   1.7151835096127840E-013  -2.1168324873282992E-011   2.7158666395350357E-014   3.1601637859331127E-011  -5.9573150575439650E-005   2.9917400903166914E-005
   1.9376102380576686E-017   4.1498704909289693E-016   2.8882792320789432E-016   5.0198228100953152E-013   1.1801448334508902E-007   3.6835909103654891E-019   1.9258855121180791E-018  -5.9007242188009952E-008  -3.2186938195935818E-019  -5.9007241154650079E-008   1.2045080716045476E-016   1.0104562709035776E-015   7.0696683992054189E-016   1.3799327932698214E-012   4.8067128845019674E-019  -7.2491665255365144E-020  -5.9473258381996662E-020  -8.6205806649539876E-019   1.3517354944147857E-019  -9.0672395971198070E-019   4.3162030384813438E-020  -1.8774723913666741E-019  -4.3222163572974641E-020  -7.6100974535814601E-020   8.1592691366203244E-006   6.7828663398703738E-017   1.5271792799334949E-016  -4.0796345857387638E-006  -1.5008881211693516E-017  -4.0796345508823958E-006   1.5339448543240710E-017   9.3477224528406585E-016   6.5391095544983949E-016  -8.1956211445050709E-018  -6.4812576477460636E-020   6.4596256602393907E-020  -8.1540099948231154E-018  -1.6985705721371765E-019   2.6020081462897251E-017  -1.5753756314692691E-019  -3.2630552303737823E-020  -8.9615425812368005E-021   7.7899124496086116E-020   6.9946784144487504E-018   1.1247569620356756E-019  -1.4053636201052308E-018  -3.9026085377782654E-020  -1.1967833832455998E-017   6.7143527946293356E-013  -9.0243475467160798E-019   1.4267013427420923E-019  -3.0518363260880593E-020   3.3929327204550346E-019  -7.8052294937797866E-020   4.7393180230583711E-019   5.1961027388323524E-020  -2.6420787641952478E-019   1.6209094018677508E-019  -9.0890369982108926E-020   5.4776134782001869E-005   4.4951871586264621E-016   1.0269642163687102E-015  -2.7388067512080801E-005  -1.0472702909802082E-016  -2.7388067269911429E-005   1.5047364868267554E-016   6.0380981685860942E-016   4.1682935697615852E-016  -1.6257731588002654E-015   4.1572655535410554E-016   1.6635438047513794E-015   8.1960145981829652E-016   9.6618257965187724E-016  -2.1430533195385039E-015   1.3325435020508918E-012  -4.5674367737723512E-013   4.5666297714554459E-004   3.7453759945948774E-015   8.5289188043997928E-015  -2.2833148957724199E-004  -8.6992533612444004E-016  -2.2833148756827324E-004  -8.9115496884823720E-014   4.3461963528198829E-015
  -7.4020416956368973E-016  -1.1839917931831658E-016  -1.9355182704330057E-016   1.2964522762482714E-015   3.6835909103654891E-019   1.1801448368306842E-007   1.6909310071944476E-020   2.1301959796269430E-018  -4.5924793152628761E-018   5.1732873725818608E-018  -1.7751665513088193E-015  -2.8393971628927101E-016  -4.7065255324186974E-016   3.4890503407196830E-015   3.6976773048150789E-019  -1.5801879552754552E-019  -4.9079258809749651E-020   2.3801125737300766E-019   7.0946047899356661E-020  -2.8799400045760208E-020   1.6340785956979616E-019  -1.1772205252758116E-019  -2.2387853760802111E-019   3.1421147437231275E-019  -3.8597775183391580E-017   8.1592691479699814E-006  -1.1471247470236844E-017   3.7510424554394614E-017  -9.6907486257006616E-017   1.6940108931063760E-018  -1.6657328037214157E-015  -2.6616879180140644E-016  -4.3777247105279405E-016   3.7666551670623488E-019  -4.2019161703314443E-018   1.3342287839871169E-019   1.8097767199587193E-019   1.0503853746612866E-019   6.4558787303485302E-019  -1.5529673387460747E-017   1.6222631485927759E-019   1.8879642180174669E-017   2.9896774580647524E-019  -1.0877754544170003E-019   1.2964890779900930E-019   3.8518738193276422E-019   5.1011995859701648E-019   1.7911846770107113E-018   1.7273602656921141E-015   1.7359169842490285E-019   1.7794505729768958E-019   9.8233592956500389E-020  -2.6484301276013841E-020  -8.8209246448510199E-021   3.2872646723855971E-019  -3.4819731032795799E-019   2.5390496271674363E-019   3.7536509187485656E-020   3.4285706871933103E-019  -2.7961477248213033E-016   5.4776134860710678E-005  -6.1204573348937425E-017   2.3405494399348875E-016  -6.8342490630512469E-016   4.3267566253409376E-017  -1.0522238160183779E-015  -1.6681696833012136E-016  -2.7440084590455424E-016   3.0476091288932001E-015  -3.9639457556692809E-016  -2.5335907757321174E-015  -6.9937894128555823E-016  -3.0236304671120016E-015  -9.8026896761100421E-016   3.4775104118958070E-015  -2.3829761197967510E-015  -2.3211861922968554E-015   4.5666297779937000E-004  -5.2019784654809461E-016   1.9634837617693825E-015  -5.6672568000772345E-015   3.5667423840816287E-016   3.3695559299960602E-015   9.6440637513139552E-016
   7.3790818978987832E-017  -7.0390923333049851E-017  -2.0060115290494083E-016  -3.6019344634569420E-015   1.9258855121180791E-018   1.6909310071944476E-020   1.1801448282426961E-007   3.1724466970877588E-018   3.1090416445950227E-020  -3.8525014317528893E-019   1.8395047943201672E-016  -1.7642520585069968E-016  -4.8067855470981517E-016  -1.0103456757318037E-014  -2.0704893309331584E-020  -1.4791049007310256E-019   1.3363292446358417E-019   5.0951722204996942E-020   2.0697370992362555E-019  -1.2394013013701265E-019  -3.2014327068688251E-019  -1.5322981667756148E-019  -1.2135517878173158E-019   1.8630180386556430E-019  -3.2032990594587085E-018   1.0888401431650601E-017   8.1592691191433614E-006   1.2320840311855249E-016   4.8929450769773351E-017  -6.9417238871599057E-017   1.6634702660381346E-016  -1.6084632195727976E-016  -4.5039105702775829E-016  -3.0612964630388604E-018  -2.9660507948435792E-019  -2.0953335820468122E-017  -1.7749423125280268E-018   7.8919591999077443E-020  -1.6261552411306498E-018  -2.6518672221658764E-019  -1.4681634500515391E-017  -2.8607854100120315E-019   2.7119322593583773E-017  -2.4141711820476318E-018   1.1431579655207993E-019  -1.6834871190149264E-018   1.2206728622009872E-019  -3.0175757315235875E-018  -4.7218593473623882E-015  -8.9238019401120241E-020  -1.1761730280444489E-019  -3.8287174839027739E-019   7.5987374342451137E-020  -6.1681468022299934E-020  -6.9203600878161284E-020  -2.5124553578452649E-019  -3.7927080076290269E-020  -4.1586070439132881E-020   1.1125276116715389E-019  -1.2567759413939214E-016   7.0581037823442268E-017   5.4776134660730455E-005   7.2725075019356280E-016   3.1855242397972628E-016  -6.0360768783052748E-016   1.1204706487549473E-016  -1.0344619780974485E-016  -2.8636387289315316E-016   7.0489335230262137E-016  -4.5457210227912203E-016   1.3979759052935780E-015   2.3011642324984118E-015  -2.2020382907693667E-015   1.4163147474957037E-015  -9.5311689871606506E-015   4.6936691318796384E-015  -1.0815287082004642E-015   5.8641096128278143E-016   4.5666297613797263E-004   6.0683100525951340E-015   2.6706365102112153E-015  -4.9867209535910563E-015   2.9333370347877343E-015  -7.3968694654197621E-016
   1.3407916096651872E-016   3.6490528557969578E-016  -3.0653480429065898E-016   9.4383268796575697E-013  -5.9007242188009952E-008   2.1301959796269430E-018   3.1724466970877588E-018   1.1801448346946553E-007   7.9487009783100994E-019  -5.9007241288733952E-008   2.6519501020078350E-016   8.8837902735614454E-016  -7.5624027949869742E-016   2.5981181587118828E-012  -3.5284081503475301E-019   2.4198096893989091E-019   4.9376270591766001E-019   7.2131323569567577E-019  -6.2670941783693389E-020   3.4701236857519731E-019  -3.0208091409721022E-019   7.0568899467750627E-019  -6.9183137006876061E-019   8.6459563436573388E-019  -4.0796345854871942E-006   1.1252772122509462E-016   1.0835167347341998E-016   8.1592691407784295E-006   1.0470010597633880E-016  -4.0796345553265396E-006   3.1942872182563129E-016   8.2414649895049376E-016  -6.9652315126415103E-016   8.6861566154066751E-019  -1.9822812353301004E-019  -2.0495691035481831E-019   2.4312078862748881E-018   1.4505927200394867E-019  -3.4503654080637970E-018  -2.5061026641891398E-019  -2.1228839160917870E-020  -2.1203398809999102E-019  -1.5374148573831508E-019  -1.8389049571450657E-017   4.5627731522179496E-020   3.0577512997926914E-017   2.2528955881195149E-019  -1.4310745776309900E-017   1.2579956733287692E-012   5.3332326700581504E-019  -4.6588858997301920E-019   3.3222973093358357E-019  -4.1047165176378060E-019  -2.4798161160693425E-020  -1.6814061613983055E-019   5.7734163715009811E-020  -6.3057107645620060E-019   3.8521075610111440E-019  -8.4619314863998732E-020  -2.7388067510316364E-005   7.5283962361055226E-016   7.4484022468036199E-016   5.4776134810892171E-005   6.9727520588535983E-016  -2.7388067300586927E-005   1.0698100378886337E-016   5.2728445811685121E-016  -4.4879743939042665E-016  -2.8091238645746473E-015  -2.6759857333383466E-016   7.3911837975196868E-016   1.0674584134253495E-015   4.4099591867550740E-015  -1.4957078144167002E-014   2.5069256217217116E-012  -9.9152643584421128E-013  -2.2833148956251311E-004   6.2791941382112857E-015   6.2088159854659365E-015   4.5666297738616916E-004   5.8168530392399902E-015  -2.2833148782370056E-004  -2.0265959851085731E-013  -6.5689385354635592E-015
  -1.1800422143593146E-016   1.1231198886550243E-016   1.2676672041670114E-016   5.8861886007121921E-015  -3.2186938195935818E-019  -4.5924793152628761E-018   3.1090416445950227E-020   7.9487009783100994E-019   1.1801448299956569E-007   2.1455976492907924E-018  -2.8402237169460654E-016   2.7383256723787921E-016   3.0038871703130526E-016   1.5928286706698446E-014   2.4931177720432717E-020  -2.3300151178705408E-019   1.9952373116477419E-020   1.0625353657819302E-019  -1.0640322792981913E-019  -1.1116049207794925E-019  -1.5771223678875383E-019   2.2401585167029646E-019  -6.7740202314513275E-020   2.7928918200375513E-019  -4.1026038681059322E-018  -2.1451131309509031E-016  -4.6755376204785908E-017  -4.7748078741258090E-017   8.1592691250282364E-006   5.7547700591369862E-017  -2.6617482781281048E-016   2.5538574131349943E-016   2.8519818627322127E-016   1.4114961745234247E-019   2.6171826255599749E-019   2.2728537022546709E-019   3.1188783386213591E-019  -8.2349244399400307E-018   2.8450003962188467E-019   3.2172821760791356E-019   1.1915135155986811E-019   3.2423357564270710E-020   2.0686727818149035E-020   2.0145722816914082E-019  -2.9342983696987862E-017   6.1289125853333362E-020   2.9675589574174401E-017   3.9222791708846521E-019   8.0083500893489255E-015   4.4551387640067389E-020  -5.0858000300513156E-020   2.3321754657468138E-019  -1.7812126857368463E-019   8.2335019335449684E-021   9.7386652564699068E-020  -2.7307402051476671E-019   6.6746430922228636E-020  -2.1791176453592901E-019   2.3458018440400057E-019  -4.2166600025435056E-017  -1.4537538469979530E-015  -3.0613621881954713E-016  -3.2500138810239830E-016   5.4776134701550192E-005   3.7596018060070399E-016  -1.6758928505527044E-016   1.6090234875864538E-016   1.7868033821505709E-016  -2.3162284135625664E-016   1.5458233885945373E-015  -2.0633384275336540E-015  -7.5263137773706857E-017   7.1212966877751225E-015   2.4990821911302961E-015   1.5654829435227192E-014  -2.0729970824200325E-015  -3.7440281666569949E-016  -1.2102311498867233E-014  -2.5487834753846045E-015  -2.7403670599679499E-015   4.5666297647709313E-004   3.1171607148058048E-015   1.5117735125562328E-015   1.2916960350856056E-015
  -1.5418571529854610E-017   2.1422570482087026E-016   6.6470360412503086E-016  -1.2886396967219671E-012  -5.9007241154650079E-008   5.1732873725818608E-018  -3.8525014317528893E-019  -5.9007241288733952E-008   2.1455976492907924E-018   1.1801448244823341E-007  -6.8094979150335426E-017   5.0497270986877358E-016   1.6121566110997235E-015  -3.5559334288132733E-012  -1.2783047301423405E-019  -1.6948930373793594E-019  -4.3428944726066672E-019   1.4074483101902015E-019  -7.2502608120506677E-020   5.5971158899482790E-019   2.5891888353443972E-019  -5.1794175556434546E-019   7.3505353458951905E-019  -7.8849466017631811E-019  -4.0796345509651958E-006   3.5005840352357173E-016   6.4782819819699664E-017  -4.0796345555428769E-006   9.1353069038352953E-017   8.1592691065442122E-006  -2.9358396991249252E-017   4.7735181128018076E-016   1.4973648550858630E-015   7.3270054173739084E-018   2.6304069969731131E-019   1.4036065282641200E-019   5.7228020832563821E-018   2.4797785043318755E-020  -2.2569716087218365E-017   4.0814782865372954E-019   5.3859391027967867E-020   2.2099553188128381E-019   7.5842362413044205E-020   1.1394371088194357E-017  -1.5810342854731928E-019  -2.9172149401236203E-017  -1.8626347245048304E-019   2.6278579539480120E-017  -1.7030170028252594E-012   3.6911148653887317E-019   3.2321845628058215E-019  -3.0171136779838016E-019   7.1178378616612534E-020   1.0285045616845144E-019  -3.0579118416401240E-019  -1.0969519097627078E-019   8.9477895344229613E-019  -5.4730169672561640E-019   1.7550968450187832E-019  -2.7388067270558091E-005   2.3585086237082470E-015   4.1576111774010458E-016  -2.7388067302189605E-005   6.2286786852765205E-016   5.4776134572749183E-005  -5.8231608783150196E-017   3.0205647873538513E-016   9.6473465928905484E-016  -3.9595747452114389E-015  -1.2014065144781557E-015  -3.9543902066656371E-015   1.5217639668576840E-015  -6.4527028875831767E-015   1.5468944250792479E-014  -3.4250726721531719E-012   1.7966017464195459E-012  -2.2833148757363239E-004   1.9662009891974614E-014   3.4997732906911099E-015  -2.2833148783709119E-004   5.1858703306915312E-015   4.5666297541073871E-004   3.8116053620514384E-013   1.0609703465042725E-014
  0.14599423674545733       -1.0398018167460140E-015  -2.0017695248141833E-015   1.2546584180195782E-014   1.2045080716045476E-016  -1.7751665513088193E-015   1.8395047943201672E-016   2.6519501020078350E-016  -2.8402237169460654E-016  -6.8094979150335426E-017  0.35330276143596689       -2.0026533320893786E-014  -9.4770609524612918E-014   6.4887047480811627E-014  -1.0638634614977801E-014  -4.2426705413183755E-016  -1.3591843552881103E-015  -3.1374136032298657E-014  -4.6775591506462376E-017   1.0542788631576168E-013  -6.6188532981485055E-016   1.5376407966462204E-016  -2.8795099922340725E-016   4.9931373588571196E-016   9.8547230921654180E-016   1.0560648885000965E-015   1.8125171977116365E-016  -3.7178832941833986E-015   3.8967307777173637E-016  -2.3724342667292519E-015  0.32853347714338432        6.9384143932519496E-015   2.9014039343299820E-014   3.6138076374135017E-016  -3.3061470622393765E-017   7.0849888318974835E-017   1.9722046004617648E-016   1.4447195053584812E-018   2.3273332589644288E-016  -3.1369269063810508E-017  -1.1236331644575299E-017  -2.8173363782789190E-017   3.3350985046639358E-017   3.1822867576130406E-016   1.5884178333593434E-017   8.7842249763482567E-017  -4.2077669288343745E-017   2.6921336122639253E-016   6.0403002801023735E-015   9.1411051571028445E-014  -3.1638089084919980E-016  -2.6030711664938352E-016   8.5325309976512846E-014   9.7732548758138564E-017  -1.4869669702575139E-013   6.2128871224524543E-017   2.6278024025855867E-017  -1.7025852773951343E-018   1.3338767719096138E-016   1.9329624985672960E-014   1.5661837689869800E-015   1.4046966001630699E-015  -1.3209516497497676E-014   4.0389044372007935E-016  -5.7991516947025119E-015  0.21046326228264239       -3.7170836321267039E-014  -1.4064081519760600E-013   1.1224889046237006E-003  -2.0969416622687692E-014  -5.7457054327896083E-014  -3.1327205470185694E-004   9.0968141753045449E-015  -8.2443949297430733E-015   3.4023097084748849E-015   2.0712234309026903E-015   1.6020818817375991E-013   1.7956209416261706E-014   7.4707745271831462E-015  -1.1199976844607800E-013   4.2100158928644333E-015  -4.8017981433852871E-014   5.8675888303513745E-014   5.2217634569051244E-015
   1.6072718407243103E-016  0.14599423674584747        7.1826105773831120E-016   9.2723749292848987E-015   1.0104562709035776E-015  -2.8393971628927101E-016  -1.7642520585069968E-016   8.8837902735614454E-016   2.7383256723787921E-016   5.0497270986877358E-016  -2.0026533320893786E-014  0.35330276144010719       -1.9832501033129407E-014   4.2320334511768728E-015  -1.0312220993424894E-015  -1.0178723712027759E-014  -4.7544766656920977E-017  -3.8126436379409921E-016  -9.3699430832441001E-016  -8.2321076175769686E-016  -7.7461076323324866E-014  -3.5975981421455194E-016   1.0432556747001824E-013  -9.2911663683961531E-017   6.7935987666582874E-015  -1.8065736723411455E-016  -2.9241535086631208E-016   6.4912303587397492E-015  -2.8124180443017597E-016   6.0059154481326160E-015   1.0538736998076286E-014  0.32853347714145836        3.7043291355489156E-015  -9.5854663217145204E-016  -2.0171137248930781E-016  -2.7078705126165103E-017  -5.3584018107922021E-016  -2.4735586758725399E-017  -5.4557400282207394E-016  -2.4657367964475879E-016  -2.9403103044263725E-017  -1.1600565883252013E-016  -5.5047413421306657E-017  -7.4659825576107975E-016  -2.2902066083153981E-018  -4.0645708138469374E-016  -8.4088392685219568E-017  -8.9739790904551295E-016   2.6658985057130278E-014  -2.1597262235658505E-016   2.4616780579690611E-014   6.7967171525627029E-017  -4.5203531682021243E-016  -2.0518075265629442E-016  -4.4002852340760567E-017   1.4214446442020504E-013   3.3146331481483646E-016  -1.6971895793709720E-013   1.5211626685598838E-016   1.5808603409511144E-015   6.7954650619648694E-016  -6.0572426890815422E-016   1.3390344971107247E-015   7.3179986914422451E-017  -1.7000292852299587E-015  -4.1344013789325892E-014  0.21046326229130891       -2.3997498806623959E-014  -1.3285119189863593E-014   1.1224889088763187E-003  -1.3308202437223955E-014  -3.4470681442675897E-015  -3.1327205402704430E-004   9.4204932474505881E-014   2.7928262861936834E-014  -6.9706532264680851E-015   9.1678590808690936E-015   4.8062409323703610E-015  -5.8892134331538693E-015   8.7215583653618607E-015  -2.1178245407862825E-016  -1.7375093378435295E-014  -1.7980276535885166E-014   5.1027612958146731E-014
  -8.4617319985488635E-015  -6.8155127880264736E-016  0.14599423674392559       -2.4574378667983301E-014   7.0696683992054189E-016  -4.7065255324186974E-016  -4.8067855470981517E-016  -7.5624027949869742E-016   3.0038871703130526E-016   1.6121566110997235E-015  -9.4770609524612918E-014  -1.9832501033129407E-014  0.35330276141915923       -9.7848146489043034E-015   9.3661676459238119E-016   1.0889732461038333E-016  -6.5100328520578272E-014   2.7164822019303733E-016   5.7953498917861264E-017  -1.2379942364654001E-015   2.6788146906715961E-016  -8.8488911710344807E-014  -4.9876961835638443E-016   1.1184412505424002E-013  -1.3369399324478409E-014   1.6304320052626314E-016   2.2087689505450316E-016  -8.7229889971822136E-015  -7.2991963587431200E-016  -1.1809678068805204E-014   1.9982313748895477E-014   4.2863137910660257E-015  0.32853347715159298        3.7174864092218497E-015   2.3011981958459725E-016   1.2436162525371777E-016   1.5459869185263040E-015   3.0288124554143200E-017   1.8642548929494833E-015   7.5554842884806676E-017  -3.0448591234406348E-017   3.1884125353570875E-017   2.0814974359208058E-016   1.2358955129124361E-015   3.1878155048594601E-017   9.2989857459809849E-016   1.9104824564098648E-016   2.4303621669042766E-015  -4.4282741549192196E-014   7.1447865385026340E-018  -2.4804375778669498E-016   1.0445482320337975E-013   1.1403523432155445E-016  -3.7188115241578198E-016  -3.3448358344319090E-016  -4.8688115191377037E-016   1.4385442474985884E-013   2.0211975845093821E-016  -1.8201801660000194E-013   5.7335737483924276E-016   2.7282745069752363E-016   1.6754076627292210E-016  -4.7000684225220042E-015  -4.6731877349778519E-016   2.5634835687881571E-015  -1.4029136452339475E-013  -2.3566604104099571E-014  0.21046326224624234       -4.2284922911394766E-014  -2.5532838505645527E-016   1.1224888848884208E-003  -1.9037688548447264E-014  -2.2778670907459716E-014  -3.1327205797201311E-004  -5.5592239356712552E-014  -7.1146585199749724E-016   5.5206240109806884E-015   4.6546228367684102E-015   3.6574089299018434E-015  -2.6720300388634974E-014  -6.3589625734098337E-015   2.1313630653096463E-014  -1.6782984146131887E-015   3.0425866872842673E-014
   2.1339346983834468E-014  -2.9812828988107622E-014   5.7793067297829003E-014  0.33743496346774182        1.3799327932698214E-012   3.4890503407196830E-015  -1.0103456757318037E-014   2.5981181587118828E-012   1.5928286706698446E-014  -3.5559334288132733E-012   6.4887047480811627E-014   4.2320334511768728E-015  -9.7848146489043034E-015  0.91498684787985440        1.4571636412745773E-015   4.0417374123865266E-016   9.5086182490517113E-016   3.9405713818470998E-016  -9.3107166262687985E-016   1.2026677577986666E-015   2.1386842302128217E-016   4.9751728176935194E-016   1.0304624885884905E-015  -2.3034428698314884E-015   3.5599595225061858E-013  -9.7105600001805677E-015   5.7910941943861613E-015  -3.2266695430498353E-013  -1.9209287389759345E-014   1.8286170709273640E-012  -9.1329458822403013E-015  -5.0888270043528392E-014   9.1025110213322631E-014  -1.1355106417212453E-013  -2.8943349176508763E-016  -5.1940505537028894E-016  -4.3770539342932417E-014   1.4842541542279458E-016  -5.6722701977876411E-014   4.6746618071099095E-016   2.0498765271674676E-016  -1.1607641703083379E-016   1.9875158036273070E-016  -1.2159452583401384E-013  -7.6058303871777323E-016  -3.6008380787865499E-014   1.0694075252816287E-015  -1.2408006424485293E-013  0.46190971497563316        2.6280325862688368E-015   9.6997067308838861E-016  -1.1499391213576691E-015   5.6355914835137694E-016   1.1527019526559291E-016   3.9966808913281876E-016  -1.0357068588812915E-015   1.3080539751057031E-016   1.1135845774936840E-015   2.0777469051532481E-016   3.3575465539619710E-012  -1.6318867180889156E-014  -9.1247542508873840E-014   7.2068151719477934E-012  -9.3075188490822964E-015  -1.1207248124518530E-011   7.3272370947559666E-014   5.1643151884762816E-015  -5.3424216107422269E-015   6.4960777470809089E-014   3.4055989111808638E-015   6.7292076756241167E-014   2.9469929964025058E-014   8.7403165757613466E-016  -1.8940889837558677E-014  0.89312921369602205       -1.1560086830753349E-002   2.4710435457696094E-011  -1.5696579032297223E-013  -6.4092859668239836E-013   5.0297339728556293E-011  -1.4244704239123629E-013  -7.5122426063480321E-011   6.5577706117397904E-004  -4.9830707856053167E-005
  -4.3084663040816904E-015  -4.2614552260771925E-016   3.8918187994870654E-016   5.1807939022971377E-016   4.8067128845019674E-019   3.6976773048150789E-019  -2.0704893309331584E-020  -3.5284081503475301E-019   2.4931177720432717E-020  -1.2783047301423405E-019  -1.0638634614977801E-014  -1.0312220993424894E-015   9.3661676459238119E-016   1.4571636412745773E-015   6.4365983170140419E-027   7.2922820741082280E-033   5.0352662122620729E-029   1.1144911260246868E-026  -6.8059618691999188E-030  -3.0674844491423257E-026   3.2849292465158366E-028   2.5137761750474587E-028  -3.4294020615303548E-028  -5.1576230128282714E-028   3.3232585255502300E-017   2.5564950520605613E-017  -1.4314920672824349E-018  -2.4394660172906878E-017   1.7236883392842655E-018  -8.8379250830810817E-018  -9.7684868713729194E-015  -9.5889907581284546E-016   8.7414616507341141E-016  -7.8584607486520760E-029   2.7923265083860283E-029  -3.9702597070529366E-030  -1.4580021791879792E-029  -4.7891628911214846E-030   1.0532625470102160E-028  -7.6789657421090908E-029   1.3807536194793206E-030   3.7448296437708331E-029   2.5567474609067887E-030   5.4151689914185524E-029  -2.1369746559810486E-029  -1.5314048783652398E-028   2.9760077602243927E-029  -2.3801449256715365E-029   5.6637919734248991E-016  -1.8110308740427584E-026   1.0899531428847231E-029  -7.9243800946950778E-029  -1.8666618073080425E-026   2.6110980422419056E-029   3.4288405703995133E-026  -4.4241984654561353E-028  -4.0825510679304675E-028   4.7874226578650631E-028   2.1597304912474314E-028   2.2310240523434324E-016   1.7162679058926943E-016  -9.6101257479414493E-018  -1.6377020673634439E-016   1.1571745362877629E-017  -5.9332198499967448E-017  -6.2075461003961971E-015  -6.1433035840239929E-016   5.6111151272771997E-016  -1.1032510021156784E-013   3.6797206426805027E-017  -2.6386756859580555E-015  -9.8761195840995769E-017   3.7085362434316073E-016   1.1170694353948721E-015   1.3918734252635291E-015  -4.4785367615207536E-015   1.8599817053012675E-015   1.4308348235951428E-015  -8.0118625608164657E-017  -1.3653352956418613E-015   9.6472445695773491E-017  -4.9464640965894044E-016   1.2288287720634110E-015   6.0941006081354758E-016
  -1.7592504776930642E-016  -4.2604692732845499E-015   4.4335702117767112E-017   1.4778012553405283E-016  -7.2491665255365144E-020  -1.5801879552754552E-019  -1.4791049007310256E-019   2.4198096893989091E-019  -2.3300151178705408E-019  -1.6948930373793594E-019  -4.2426705413183755E-016  -1.0178723712027759E-014   1.0889732461038333E-016   4.0417374123865266E-016   7.2922820741082280E-033   2.6293000773773314E-027  -1.1143806064670368E-028  -6.2759093550393677E-029   8.1512815343936536E-029   1.4014970120782389E-028  -2.6820421445093953E-027  -1.6216222145199387E-028   1.8146280613302892E-026   4.2293015434411518E-028  -5.0119187996748169E-018  -1.0925081760720083E-017  -1.0226215165049841E-017   1.6730046893112989E-017  -1.6109226539644640E-017  -1.1718128093397667E-017  -3.9534388960176479E-016  -9.5424988933090847E-015   1.0039408244570720E-016   1.8221122075948888E-030   1.7449699952741517E-029  -1.4027468649306045E-030   6.5403650842924149E-030   1.5611673525661420E-029  -1.4768219467501988E-029   3.7286030666702815E-029   2.8110002489449442E-029   1.3720325093686559E-029  -3.3825464031769748E-029  -6.8460263834240870E-029   5.6429956459511076E-029   4.1541991138446038E-030  -3.0415023848765853E-029  -5.6998938530175806E-029   1.9204444744136108E-016   2.3265393263144549E-029   2.6242955138242781E-027   2.1231308033735258E-028   1.7067241976791574E-029  -6.4730230437726083E-029  -6.5216740320585362E-029   1.5820394314285057E-026   2.7764568919619700E-028  -1.4612148354983150E-026  -2.8830329893131868E-028  -3.3646829775302696E-017  -7.3344038667975796E-017  -6.8652293578509673E-017   1.1231487627775748E-016  -1.0814708392946773E-016  -7.8668046502937709E-017  -2.5363839474378790E-016  -6.1439582755507315E-015   6.3881328197328004E-017   7.7583797201684604E-016   6.8170816077331233E-014   8.6221575405121126E-016   2.8378961311536243E-016  -2.6132856954682523E-015   5.3197004973780634E-016   3.9257591591022460E-016  -3.3755551018514159E-016  -2.8051014401335798E-016  -6.1146167372185569E-016  -5.7234707958912136E-016   9.3635752107443185E-016  -9.0161106682059914E-016  -6.5584737706110498E-016  -8.5318181359907332E-016   9.9355648223596920E-016
  -5.6346533068973739E-016  -1.9754826668706101E-017  -2.6716566255862518E-014   3.5091939354043289E-016  -5.9473258381996662E-020  -4.9079258809749651E-020   1.3363292446358417E-019   4.9376270591766001E-019   1.9952373116477419E-020  -4.3428944726066672E-019  -1.3591843552881103E-015  -4.7544766656920977E-017  -6.5100328520578272E-014   9.5086182490517113E-016   5.0352662122620729E-029  -1.1143806064670368E-028   3.9056691792290568E-026  -3.9049294769788040E-028  -7.6379230679753635E-029   5.7434641149691497E-028  -9.7102838018545426E-029   5.9104788377176673E-026   9.3889054214129284E-031  -1.0027502879104689E-025  -4.1118539424383780E-018  -3.3932350755738277E-018   9.2390947999160623E-018   3.4137697953127066E-017   1.3794644198352007E-018  -3.0025843994433587E-017  -1.2665939036972329E-015  -4.4242405424020265E-017  -6.0275143202863780E-014  -1.2621446611573327E-027  -1.1878001542551931E-028  -6.0550381826208248E-029  -6.8187846768074389E-028   6.9678294723792063E-030  -7.8290184301076064E-028  -8.9787493886573000E-029  -1.0205940900767644E-028  -8.1942178458827810E-029   4.3805693948315220E-029  -6.3059834675605184E-028  -1.9238614455015170E-028  -3.8450004670122053E-028   2.7241000876780860E-029  -9.6197706135964276E-028   4.8197431343551925E-016  -1.7687469283823025E-028   8.6582808693850207E-029  -6.4754401221238809E-026   2.7487134126575051E-028   1.0718361585654067E-028  -2.7172125460605419E-029   1.2205251970884763E-028  -9.0926316511756957E-026  -6.3823066246065149E-029   9.9314126064727247E-026  -2.7604367800430946E-017  -2.2780018496197603E-017   6.2025396331288995E-017   2.2917875519731959E-016   9.2608452708343164E-018  -2.0157438739627222E-016  -8.1234483863830846E-016  -2.8492920416391089E-017  -3.8506860300897173E-014   2.2274094165660216E-015   1.8229706288652822E-016  -2.3261141512518789E-013  -9.4842198933392507E-016   9.0463315649262708E-016  -4.1676247275331353E-015   9.2857712842570078E-016   3.3748385305804889E-017  -2.3013476272144517E-016  -1.8991466096309423E-016   5.1709932181618725E-016   1.9106396072517083E-015   7.7206710349045241E-017  -1.6805048445310225E-015  -4.9693890665829335E-016  -7.0430278502284198E-016
  -1.2818137760855493E-014  -1.5661141325324358E-016   1.1034017151849851E-016   1.3238372822478633E-016  -8.6205806649539876E-019   2.3801125737300766E-019   5.0951722204996942E-020   7.2131323569567577E-019   1.0625353657819302E-019   1.4074483101902015E-019  -3.1374136032298657E-014  -3.8126436379409921E-016   2.7164822019303733E-016   3.9405713818470998E-016   1.1144911260246868E-026  -6.2759093550393677E-029  -3.9049294769788040E-028   1.9937700410773212E-026  -1.2025002603865759E-029  -5.5408127597758747E-026   3.6923781109369007E-028  -4.7905241352001405E-028  -5.5888633929602795E-028   1.0158682612308906E-027  -5.9600852220254310E-017   1.6455589598072709E-017   3.5226931848808145E-018   4.9870055057089734E-017   7.3461424229736905E-018   9.7307971607672091E-018  -2.8968222986691500E-014  -3.5322311753194850E-016   2.4960627381274852E-016   1.2015899496232251E-028   6.9455102631372873E-029  -1.7638618386207192E-029   1.4925307305490619E-028  -9.6817321947551704E-030  -3.2852055173015017E-029  -8.3926119244756935E-029  -5.2406659439032346E-030   5.9332118032564781E-030   6.4842804167290986E-030   9.8559718429590186E-029  -3.1459619481221205E-029   3.5688918020372133E-030   4.5902182398135914E-029   2.0938476660127300E-028   8.3380116925203012E-017  -3.3853897218292327E-026   5.8666882659086781E-029   8.1171423814215832E-028  -3.4592905221416682E-026   4.0452322782349369E-029   6.3145814151170591E-026  -5.6925188504893458E-028   6.4292707572572939E-028   5.1677936784502500E-028  -8.5400778245796662E-028  -4.0012215060387385E-016   1.1047234484904969E-016   2.3649117763310805E-017   3.3479577792268544E-016   4.9317320061206474E-017   6.5326372680342964E-017  -1.8472529102412603E-014  -2.2573023796929146E-016   1.5901333378010361E-016  -1.8481975422245180E-013  -1.1862885467952536E-015   2.2960447552459196E-015  -9.6535638112727110E-015  -1.2467432852878439E-016  -2.1237141601916624E-015   3.6441053968539768E-016  -3.0932359553762761E-015  -3.3357770358097737E-015   9.2099652689139816E-016   1.9716025177176543E-016   2.7911578151285096E-015   4.1115340273098406E-016   5.4461922068152347E-016  -2.2693482403374435E-015  -1.3606642058518804E-015
