   9.9648747802220591E-002   2.7217882619604554E-016   8.7916370251241013E-017   1.7716767532887456E-016  -4.0742625193520333E-008  -4.6276931873843902E-008  -3.6260969612529295E-009   2.5482003663349773E-008  -1.1858649933726052E-009   1.5260620725943312E-008  0.26379197564477841       -5.7364904307926583E-016  -4.2361392319968188E-016   1.3847771114217512E-016  0.16527838353806365        3.6211209815610931E-009  -8.2638659161152235E-010   4.4052518888215955E-010   4.7829057962637959E-009   4.5124109800031530E-010  -8.4038597267842872E-009   1.2157644945022273E-017   7.1526271100618495E-017  -3.9551770003397136E-017   6.1129202214654012E-017  -5.4440002839676107E-017  -3.3279466884568253E-017   7.6254406196882324E-017  -6.3308922712862057E-017   1.5977849921127104E-016  -5.4452586028501163E-017  -2.8338239135185146E-010   4.5275441897426958E-011  -7.1190184292126761E-011  -1.6916845722443292E-010  -2.5346497392750992E-011   6.6696799138730779E-010  -6.8765998520101554E-012  -3.2466790693064017E-011  -5.1518006585402550E-011   9.5389731152790921E-011  -3.2049147637884732E-010  -7.5272192488988893E-011   7.3210385058143122E-010   9.4164107339041507E-011  -7.9649879107131488E-010   1.0455302521137508E-015   5.7089231065612359E-016   1.3270427237800665E-015   1.9515288293967125E-009  -5.7896727593787723E-009   3.6535369796672742E-010   1.0203048188216065E-008   6.1738365767632234E-010  -1.2154504091974996E-008   2.3227022377461321E-015   1.4484766679927271E-015   2.5340087674336526E-015   1.4498902986955768E-014   7.9989068022257539E-015   2.6355991742996589E-014  0.22363473702737721        3.1248363575664957E-003   4.2965667498549768E-017   9.8042207798832984E-018   7.5006599028802515E-019  -5.6776276166752020E-018   2.3373324634707617E-017   1.4616221203533603E-017   2.5630753256134462E-017   1.5329516154851639E-017   3.2001325259511706E-018  -9.9687911048930090E-018  -1.9015381970945779E-004  -2.8957076293796611E-017   3.7461786275032627E-016   2.4674121039590681E-015   1.6267585648067966E-005   2.9712202851231245E-009  -4.9791018367633736E-009   4.6442916595077429E-010   1.0061307267053694E-008   6.7140375899166102E-010  -1.3032449826930190E-008
   2.7217882619604554E-016   8.6897660734458202E-007  -4.1793986394542022E-013  -2.2651494140415076E-014   7.2409563577898538E-019   2.3473343334793657E-018  -2.2691251261821602E-019   4.0552221415898897E-018  -4.8081732309043460E-018  -2.6406719702305973E-018   7.0502195328944743E-016   1.6022651093093042E-008  -1.4239948325724175E-012  -6.5215832569263604E-014   4.2149032191337331E-016   5.0009827169485555E-018  -1.4565621168795136E-018   4.1340010481765906E-018   2.1767055924173374E-018   6.3162671450827386E-018   7.0787794461939050E-018  -1.1117835912452020E-013  -6.7311172441340473E-014  -3.0718181827569085E-014   2.9088985313761194E-014  -1.4288003441549850E-015   1.2005884826340247E-013   7.1287012511336887E-014  -1.4761944481948270E-014  -2.8331263249088975E-014   3.3901573292079669E-014  -1.6841246418527763E-018  -1.0606851885410850E-018  -1.8260982428957428E-018  -7.4233765235306531E-019   5.3927232818214884E-019  -1.8585015089578536E-018  -6.3037928117716835E-019   3.0822419189637764E-019   2.1738077210194914E-018  -1.1147537294403461E-018  -4.0347905786100434E-018   6.4857063597509239E-019  -1.4897436828559254E-018  -9.5992123734071054E-019  -2.3228036286968938E-018   5.9298710502997616E-005  -1.2904995359774191E-011  -2.4527410960791745E-013  -4.0742092817594915E-018   7.0572582102082603E-019  -4.2227405747846842E-018  -1.9898929712093142E-019  -1.1133194026752551E-018  -1.6838853225531738E-018   1.8877894606219380E-011  -1.3137467353615010E-011  -2.4829043666574961E-012   1.2852922944107186E-003  -3.2245922089699960E-010  -1.9560399642284923E-011   5.9024725688845025E-016  -2.8911688918840438E-015   1.6222057983369213E-012   1.9954246130020052E-012   1.5941749114298011E-013  -1.3247589476217450E-012   2.4459088877732672E-014  -8.5150682538429573E-013  -1.1755408865769135E-012  -2.6790508500977580E-014  -4.1827240585939487E-013  -9.8854444532396291E-014  -8.4833745831690270E-016  -7.4414646476603232E-006   6.7885678205070647E-012   3.1535892410210506E-012   5.0544827956353497E-016  -2.9067282286340377E-018   4.0275604587045104E-020  -8.6588748333621817E-019  -2.5837926878458355E-018   4.7518478168524452E-019  -2.6953663703721764E-018
   8.7916370251241013E-017  -4.1793986394542022E-013   8.6897729726419866E-007  -1.5073886453686476E-015   1.5811737039644594E-018  -3.8336489092792357E-018   5.1281562171133062E-019   1.4628458359933583E-018   3.5078820065143563E-018  -1.6995673273216316E-018   1.3600693204858904E-016  -1.4241002933127889E-012   1.6025002287651754E-008   7.1785429145114761E-015   2.2820298062086247E-016  -2.4854249790773511E-018   3.7574015462362398E-018  -1.1441058924643631E-018   5.5316986795263474E-018  -2.4047052940788061E-018   1.2032348292123882E-018   6.7773912154766849E-014  -1.0094341436380309E-013  -1.2761683441794183E-014  -6.2545289356743379E-014  -8.3134906352440736E-015  -2.8385127243244206E-014  -4.6031936065665835E-014  -3.3511186241067987E-014   1.6270778719427624E-013   3.4490912804667488E-014   3.3173103719946116E-018  -5.2015663558223367E-019   2.0122045620964092E-019   6.8510986709674426E-019   4.5748480604939585E-019   4.1735536881992097E-019   8.8638833499363203E-019   7.6781599327312003E-019  -6.3568163785310323E-020  -1.0723556543936326E-018  -3.7958162982813054E-018   1.3701720738093943E-018  -1.2054331107318624E-018  -8.6415107712272094E-019  -8.9882294790484005E-019  -1.2908875586024545E-011   5.9298731786449939E-005   3.8142114714128083E-013  -1.8876751840898198E-018  -4.8533354648939079E-019   4.3582007181309112E-018  -1.1153744912325357E-018   2.3661481589488804E-019   3.8160439447243658E-018  -1.3137170941073674E-011   4.0652625028020698E-011  -1.6969211119719502E-012  -3.2254521965680534E-010   1.2852928268856582E-003  -3.0088249323366370E-012   2.1186533520106443E-016   6.5302010071874869E-015  -1.1400838858069898E-012   1.5866391294638051E-012  -4.8340027180699890E-015   1.9478529628497384E-012   1.0481519350443985E-013  -4.1827292425355110E-013  -1.0654096946579144E-012   6.8870998255223890E-014  -1.5733778707326305E-013  -4.7730951751737788E-014   4.8143144475601661E-016   6.7954586887744457E-012  -7.4414759707440546E-006   2.6341721692449526E-012   4.7791099728740931E-016   5.8930054978091187E-019  -1.2919848201700745E-018  -2.6633999760922996E-018   1.4133361195484764E-019   3.6133239601728932E-018  -5.1182200509253933E-019
   1.7716767532887456E-016  -2.2651494140415076E-014  -1.5073886453686476E-015   8.6897689592571606E-007  -6.9877889659843053E-018  -4.2248807740474465E-019   1.3298491046264711E-018  -5.9806519575350023E-018   4.2652775295234146E-018   1.0526787290947015E-017   4.6538285538841564E-016  -6.5049283426812190E-014   7.1147285879619524E-015   1.6023253475451374E-008   2.1994265728889665E-016   3.8692447262417647E-018  -1.0887860612555930E-018  -1.7862798171905105E-018   2.6132735105062865E-018  -4.3019100036823379E-018  -1.5467566031757599E-017  -3.6022286361076056E-014  -1.3727927629873665E-014   4.5612047822322603E-013  -1.5660204656808288E-014  -1.0755060945452217E-013   6.3990666970594573E-014  -4.1758250998143643E-014   6.0511175825632288E-013   6.9750942557583006E-014  -7.9098371084250984E-013   2.9065161968684832E-018   9.3362235921847922E-019  -3.7120793380229728E-018   1.3500482980712810E-018  -2.2936028683275109E-019   1.2189206908965954E-019  -3.4955667119838036E-018   3.3224962950975283E-020   3.7290590104227419E-018   1.2545528841817982E-018  -9.3814989159526355E-019  -1.2482327060574660E-019   2.3938460734600589E-018   1.8711748873418131E-018   1.4728479692662571E-018  -2.3910626509776843E-013   3.7870010389094012E-013   5.9298705824192584E-005  -3.0407850748482155E-018   4.0242487893184573E-020   2.8157664820852784E-018   1.0191743966839730E-018   4.6354682818681057E-020   6.6073097035650630E-018  -2.4833427711501477E-012  -1.6967663974700606E-012   8.0537111098964386E-011  -1.9424095163917898E-011  -3.0686814371162825E-012   1.2852925768836736E-003   4.6898575579669117E-016  -6.4643413566151408E-015  -5.6590320988868511E-014  -4.9149978841244898E-015   1.0031627595657762E-012  -2.6869464504280260E-014   1.5536074876452458E-012   1.0279251955829969E-013   1.2576482125002117E-014  -1.2160866752387937E-012  -1.1959051402833374E-014   1.5874526368176942E-013   1.9721837108946761E-015   3.1483543292581086E-012   2.6426567244658591E-012  -7.4415523479966453E-006  -2.3073798758267713E-015   4.7403341886703995E-018  -1.3432336249396341E-018  -1.5378149669432936E-018   3.6269550554137272E-019   1.1099080011069659E-018  -2.3158552107814589E-019
  -4.0742625193520333E-008   7.2409563577898538E-019   1.5811737039644594E-018  -6.9877889659843053E-018   1.6658954838835500E-014   1.8921909900433877E-014   1.4826465926577386E-015  -1.0419254440641692E-014   4.8487458919503735E-016  -6.2396999961768748E-015  -1.0786824669076417E-007   1.7814538012522430E-020   2.9405305219148537E-020  -1.2752650411343944E-019  -6.7561192691191670E-008  -1.4805097270772312E-015   3.3765005786691307E-016  -1.8010519563068405E-016  -1.9551941867650157E-015  -1.8447623280093866E-016   3.4356361120403594E-015  -4.4923698897332253E-024  -2.9046412907936014E-023   1.2438462759913128E-023  -2.5016190255294023E-023   2.3109747674304455E-023   1.3138408655884821E-023  -3.0542746977214292E-023   2.0928690672663704E-023  -6.5547917265508639E-023   2.8298777810904468E-023   1.1584867680694220E-016  -1.8510118705024526E-017   2.9102919137167009E-017   6.9156204571893005E-017   1.0361824962393391E-017  -2.7266018149647495E-016   2.8138303597767791E-018   1.3272696750204279E-017   2.1059007575045041E-017  -3.8995897291183019E-017   1.3101758249850723E-016   3.0771509586234848E-017  -2.9928545824154508E-016  -3.8494656908731191E-017   3.2561154444906916E-016   4.9573992016059756E-017   1.0790377040420526E-016  -4.7678959438804705E-016  -7.9634202500897159E-016   2.3694892042580577E-015  -1.4925287942490835E-016  -4.1733810839123941E-015  -2.5241670564871633E-016   4.9696934216267699E-015  -9.9987149126102949E-022  -4.5573434594401505E-022  -1.6884952614488196E-021   1.0754272785295176E-015   2.3388206930351253E-015  -1.0334061643150434E-014  -9.1440377600654920E-008  -2.1837611690477107E-012  -1.7730866959617798E-023   5.5566989973169140E-025  -8.2799760665641371E-024   5.0304540474299111E-024  -2.1833984646715383E-023  -8.2450559033852165E-024  -1.3329419948471842E-023   3.5813661960199522E-024  -1.6987938837990304E-024   2.5549039375743300E-024  -1.8570971793516858E-011   7.6874560701444746E-016   1.6383168896204748E-018   3.1142273212993109E-016  -1.1634704520233343E-013  -1.2161862946788553E-015   2.0375068170739426E-015  -1.9008798872733259E-016  -4.1175314099240329E-015  -2.7478193804255146E-016   5.3336860159303558E-015
  -4.6276931873843902E-008   2.3473343334793657E-018  -3.8336489092792357E-018  -4.2248807740474465E-019   1.8921909900433877E-014   2.1492272118437209E-014   1.6840493729627623E-015  -1.1834617575588848E-014   5.5073954091241519E-016  -7.0872918607315522E-015  -1.2252182128901201E-007   3.5916247456138502E-020  -7.1197948041938025E-020  -9.0374269071901184E-021  -7.6737087187050847E-008  -1.6816121341450609E-015   3.8349421835492123E-016  -2.0456898955519456E-016  -2.2207460700082203E-015  -2.0953283985273047E-016   3.9022812468537866E-015  -6.0350194345259834E-024  -3.2553165435229353E-023   1.8095394475028798E-023  -2.8093891164780525E-023   2.5369633237727911E-023   1.5875785922562250E-023  -3.4607408259577161E-023   2.9191018481456016E-023  -7.4949807576205261E-023   2.5106154529109906E-023   1.3158364470419227E-016  -2.1024335992343893E-017   3.3055767852045226E-017   7.8549147249152865E-017   1.1769204092704331E-017  -3.0969375007739532E-016   3.1962506314057082E-018   1.5075444845058332E-017   2.3919144234362952E-017  -4.4292447887636780E-017   1.4881270571344931E-016   3.4950977538702320E-017  -3.3993512162268175E-016  -4.3723109690721627E-017   3.6983699479378393E-016   1.5990977886113047E-016  -2.6162976471162609E-016  -2.8868734486106548E-017  -9.0437461817029856E-016   2.6915586341131927E-015  -1.6951557328622702E-016  -4.7404338809304122E-015  -2.8670337486840902E-016   5.6447747906440335E-015  -1.0406829091443415E-021  -8.1363644910870526E-022  -1.2126783508367383E-021   3.4643755939828689E-015  -5.6709396125362887E-015  -6.2598315738548431E-016  -1.0386165481009086E-007   1.1220017103550268E-010  -1.0407890769720262E-023  -6.2319997203569829E-024  -4.2478273385564223E-025  -9.4325260369308498E-024  -1.2006730699478626E-023  -7.2532374834274122E-024  -1.0157675329713734E-023  -6.9365848505810575E-024  -1.7276581190146169E-024   4.3962239077718512E-024   4.5559622449749678E-012  -1.4226952727732913E-015  -9.2584620365075310E-017  -2.1510876268912364E-016  -4.1953650217834390E-014  -1.3815076416416204E-015   2.3144287856955141E-015  -2.1592637755380882E-016  -4.6771807340164710E-015  -3.1213106236713330E-016   6.0586523951748269E-015
  -3.6260969612529295E-009  -2.2691251261821602E-019   5.1281562171133062E-019   1.3298491046264711E-018   1.4826465926577386E-015   1.6840493729627623E-015   1.3195551623125930E-016  -9.2731316359895788E-016   4.3153838878380532E-017  -5.5533339345885774E-016  -9.6002538194257839E-009  -1.6965802687119024E-021   1.3790225299112697E-020   2.7954781468779047E-020  -6.0129836321588809E-009  -1.3176557751438670E-016   3.0051381527327102E-017  -1.6029399572777289E-017  -1.7401324446068789E-016  -1.6418444543888319E-017   3.0577278630391492E-016  -4.1517293778314130E-025  -2.6352679809097134E-024   2.1393192187091206E-024  -2.2968866555957317E-024   1.8129301720937175E-024   1.2598329715317124E-024  -2.8578819153747501E-024   3.2142649079291562E-024  -5.5976591149869787E-024   7.4272699512744729E-025   1.0310575934773309E-017  -1.6474049339513762E-018   2.5901710304835465E-018   6.1549305036099608E-018   9.2220632464166046E-019  -2.4266860924524528E-017   2.5042630132208012E-019   1.1812749088201968E-018   1.8742637083751620E-018  -3.4706497368839478E-018   1.1660617570366816E-017   2.7386765572883537E-018  -2.6636526410190302E-017  -3.4260395761420722E-018   2.8979555929192757E-017  -1.5393493059356908E-017   3.5152597656087183E-017   9.0874721071816004E-017  -7.0877842204946718E-017   2.1087974421793090E-016  -1.3283786749623026E-017  -3.7142746056208402E-016  -2.2465120630710794E-017   4.4230266032117922E-016  -1.0675612437305393E-022  -2.4221200105397725E-023   2.8221664205872431E-023  -3.3311832935204024E-016   7.6286228727316928E-016   1.9704425664705516E-015  -8.1381914324288893E-009  -2.9445780184587066E-012  -2.7405830785175058E-024   6.2696718290637690E-026   1.4625447949413350E-024   1.6720592479296659E-024   1.5904470781826465E-024  -3.9901492946378976E-025  -1.2313187476243827E-024  -2.3826934849739203E-024  -1.0465087656402848E-025   6.0198677275972013E-025  -2.2690737924226701E-012   4.5448935357364594E-016   7.8777918960467123E-016   6.1924693717867281E-016  -1.2354049072011334E-014  -1.0823780830752339E-016   1.8133454069995542E-016  -1.6917423538147673E-017  -3.6645244871818738E-016  -2.4455041658756123E-017   4.7468743642788399E-016
   2.5482003663349773E-008   4.0552221415898897E-018   1.4628458359933583E-018  -5.9806519575350023E-018  -1.0419254440641692E-014  -1.1834617575588848E-014  -9.2731316359895788E-016   6.5166813257448138E-015  -3.0326152736115204E-016   3.9025728527759133E-015   6.7466668043069459E-008   6.8168992755795171E-020   2.5530957578998810E-020  -1.0494310325185489E-019   4.2253463885277405E-008   9.2596226032815070E-016  -2.1114964317417998E-016   1.1264337359138063E-016   1.2228058429001734E-015   1.1537586108381957E-016  -2.1487257750119525E-015   2.8274307861480228E-024   1.7656026257644748E-023  -1.3398061926834688E-023   1.5812196388972572E-023  -1.3202541599575794E-023  -8.4388250057868352E-024   1.9812960351095595E-023  -2.0460427606257561E-023   4.0477430680089021E-023  -7.9601915570605528E-024  -7.2454176531875198E-017   1.1576769409260507E-017  -1.8201557233450527E-017  -4.3251599902713213E-017  -6.4805015823207296E-018   1.7052724484898538E-016  -1.7601650102985608E-018  -8.3010275794649269E-018  -1.3170498792504555E-017   2.4388836740774535E-017  -8.1940929474078747E-017  -1.9245107799983462E-017   1.8717890194608154E-016   2.4075325431461890E-017  -2.0364390882849876E-016   2.7648653989714379E-016   9.9774082204576124E-017  -4.0792652875542139E-016   4.9786436278708677E-016  -1.4822663768767038E-015   9.3332522737793351E-017   2.6104187595716940E-015   1.5787031927236158E-016  -3.1082645710992936E-015   7.2484132128883534E-022   3.4440378649497001E-022   7.3891303984495253E-023   5.9914148549948385E-015   2.1623009151071812E-015  -8.8406134630547487E-015   5.7190899036212872E-008  -1.6225977709411212E-010   1.6947692853483280E-023   1.4540208685844066E-023  -5.9514153686539304E-024  -4.2096948933293110E-024  -4.4148945641339663E-024  -1.6690149114176360E-024  -9.2727035892065150E-025   1.2288435786060231E-023  -1.4289046008772448E-024  -4.1098832274219918E-024  -2.4978972518117461E-011  -1.2179897139742230E-015  -2.5779399956321424E-016   1.0246107812938892E-015  -5.4816346571174065E-014   7.6082046779678034E-016  -1.2745571096672134E-015   1.1891349781186810E-016   2.5757492047875537E-015   1.7189328903971774E-016  -3.3365498713123835E-015
  -1.1858649933726052E-009  -4.8081732309043460E-018   3.5078820065143563E-018   4.2652775295234146E-018   4.8487458919503735E-016   5.5073954091241519E-016   4.3153838878380532E-017  -3.0326152736115204E-016   1.4112766406681461E-017  -1.8161305065733304E-016  -3.1395555479977201E-009  -8.8342015138031328E-020   6.3056718296755371E-020   8.0670741313665082E-020  -1.9665463201479224E-009  -4.3092351075750262E-017   9.8291840300277563E-018  -5.2422523579552189E-018  -5.6910713292888229E-017  -5.3695420209463333E-018   1.0000108710011883E-016   5.7092044333687855E-025  -9.4639912055544324E-025   2.8295121452471480E-024  -1.2200458167596426E-024   9.4748502852796016E-026  -6.8545342467916285E-026  -1.6843399297273638E-024   3.6708725569550870E-024  -7.4354005488007207E-025  -3.2946762258736258E-024   3.3720205223762316E-018  -5.3876848269526960E-019   8.4710268362989919E-019   2.0129439162720584E-018   3.0160279342103758E-019  -7.9363563182857542E-018   8.1885936915861322E-020   3.8632956665163342E-019   6.1297886265928672E-019  -1.1350584796266884E-018   3.8135532356403414E-018   8.9567154930536198E-019  -8.7113582357658112E-018  -1.1204700531078051E-018   9.4776285129132928E-018  -3.2809661528001457E-016   2.3931648303179510E-016   2.9113536652143070E-016  -2.3188278399005371E-017   6.8952370911174191E-017  -4.3449753621694084E-018  -1.2146037986366121E-016  -7.3469422536770844E-018   1.4464779337580370E-016  -1.9884332587310259E-022   2.1327140576211439E-022   3.7046826105640991E-022  -7.1113865130726531E-015   5.1868001168021131E-015   6.3107629739059362E-015  -2.6614582847224215E-009  -8.0980447912138205E-012  -1.4361993950529586E-023  -4.7795420432335874E-024   4.0135511888620305E-024   1.5125334089967254E-023   7.6395776054258998E-024   3.3549873663316154E-024   1.9671400506377516E-024  -5.7313535484308753E-024   1.5845938970309221E-024   1.2540688174128024E-024  -2.3377850211075932E-012   9.8534994098134434E-017  -3.3193062037338230E-016   3.3466292035191634E-016  -9.5723700165124631E-015  -3.5390233531095433E-017   5.9293278021277449E-017  -5.5315127106873761E-018  -1.1982199065979757E-016  -7.9961968946244354E-018   1.5521130096662265E-016
   1.5260620725943312E-008  -2.6406719702305973E-018  -1.6995673273216316E-018   1.0526787290947015E-017  -6.2396999961768748E-015  -7.0872918607315522E-015  -5.5533339345885774E-016   3.9025728527759133E-015  -1.8161305065733304E-016   2.3371270035133844E-015   4.0401575299285063E-008  -4.5437577262319381E-020  -2.9555839679502802E-020   1.8618935592908220E-019   2.5307728830534148E-008   5.5454744223886700E-016  -1.2650042952586593E-016   6.7461819544144692E-017   7.3238834063599520E-016   6.9100370091072080E-017  -1.2869103092275614E-015   1.5977485699007457E-024   1.1107782738081910E-023  -4.1848440589775647E-025   9.2228101474032492E-024  -9.6216217072320594E-024  -4.6282662631873630E-024   1.0951074839786635E-023  -2.2574781722796746E-024   2.5056249138574076E-023  -1.7977886995491278E-023  -4.3394499461794691E-017   6.9333490539007254E-018  -1.0901361709791570E-017  -2.5904604277818825E-017  -3.8813233070475003E-018   1.0213293481234586E-016  -1.0536650883336027E-018  -4.9716690728193919E-018  -7.8885088084200920E-018   1.4607060283495742E-017  -4.9076652245058274E-017  -1.1526401595331340E-017   1.1210655452024883E-016   1.4419331231824644E-017  -1.2196763357329505E-016  -1.8007915256638212E-016  -1.1591121148750760E-016   7.1805242124498714E-016   2.9847778772160629E-016  -8.8722256751708740E-016   5.5920365047608643E-017   1.5629620784575476E-015   9.4546381814331396E-017  -1.8614287301330510E-015   3.0780326913999079E-022   1.4647533365965492E-022   1.3805854400987801E-021  -3.9024726054704049E-015  -2.5119631320612530E-015   1.5561986594732808E-014   3.4249476354550221E-008   1.6456089844841486E-010   3.1716775143120300E-024  -7.7122935587871977E-024   1.1797221026750307E-023  -9.9264307730833236E-025   2.2103240842149841E-023   6.8818401011238921E-024   9.6769090763740273E-024  -1.2408860519901795E-023   1.8884015696295580E-024   7.8953451727213175E-025   4.3602765112187143E-011   6.3538127764904901E-016   3.5298614981079787E-016  -1.5458843829513466E-015   1.6859188868158444E-013   4.5536568276289029E-016  -7.6294950852975466E-016   7.1174469408163283E-017   1.5417817779431701E-015   1.0288861942076556E-016  -1.9971355732896363E-015
  0.26379197564477841        7.0502195328944743E-016   1.3600693204858904E-016   4.6538285538841564E-016  -1.0786824669076417E-007  -1.2252182128901201E-007  -9.6002538194257839E-009   6.7466668043069459E-008  -3.1395555479977201E-009   4.0401575299285063E-008  0.69853942823267112       -1.5924429503454822E-015  -9.7767479162666855E-016   2.5573935329030349E-016  0.43728194443436241        9.5853807067879798E-009  -2.1838560486562103E-009   1.1660163366499428E-009   1.2655502525532633E-008   1.1942138335623634E-009  -2.2240449371332551E-008   2.9559524110703745E-017   1.8400788108883630E-016  -1.0439288171937533E-016   1.6275419214456239E-016  -1.4415395181077678E-016  -8.8110760065583667E-017   1.9664573044645509E-016  -1.6728232800404305E-016   4.2191184763501576E-016  -1.3733190558969392E-016  -7.4991547016894318E-010   1.1983239729861357E-010  -1.8838878298673121E-010  -4.4765392539105818E-010  -6.7074526890720798E-011   1.7649835500041604E-009  -1.8240915081905897E-011  -8.5917747693106304E-011  -1.3630074947526360E-010   2.5242870137808220E-010  -8.4809187012314928E-010  -1.9918832972123524E-010   1.9373080171482250E-009   2.4918208398348503E-010  -2.1077327980341645E-009  -2.0327696239221498E-016  -5.8765253816508876E-016  -1.5490405416226813E-015   5.1403370034319003E-009  -1.5364625072865416E-008   9.6508702362101227E-010   2.7038392056386632E-008   1.6342156727532551E-009  -3.2178538139106512E-008   7.1506848654254583E-015   2.8497721822856769E-015   6.6852352126789028E-015  -2.8349112746038316E-014  -2.1107095188597401E-014  -4.0417739334628444E-014  0.59208479098264122       -1.2763258868411299E-002   1.1215729300184240E-016   2.6637083401145701E-017   2.5124532034800038E-018  -1.6059798029239767E-017   6.1848451996170839E-017   3.8190559283265463E-017   6.4978400540054696E-017   4.1062301683417605E-017   5.9811211117141845E-018  -2.5065796116005133E-017   6.2338033632447639E-004  -7.9393408444293396E-016  -9.0646491517144082E-016  -5.7441436939060349E-015  -5.2904374805321538E-005   7.8879564875801811E-009  -1.3209444686417549E-008   1.2327448394786192E-009   2.6697771519034111E-008   1.7818031345394101E-009  -3.4585523800593115E-008
  -5.7364904307926583E-016   1.6022651093093042E-008  -1.4241002933127889E-012  -6.5049283426812190E-014   1.7814538012522430E-020   3.5916247456138502E-020  -1.6965802687119024E-021   6.8168992755795171E-020  -8.8342015138031328E-020  -4.5437577262319381E-020  -1.5924429503454822E-015   3.5486087069016476E-010  -5.2755845643822862E-014  -2.5054234795040591E-015  -8.7094571778627019E-016   9.3856995912427603E-020   7.0178327665057202E-021   7.5061076442105138E-020   3.7190073147988016E-020   8.0166117675918366E-020   1.3893704637325597E-019  -2.0301417168613670E-015  -1.2172432448471774E-015  -5.6581115294973286E-016   5.2105774164807474E-016  -2.5589963518886423E-017   2.2024281213627392E-015   1.3041201444537846E-015  -2.7372455489914646E-016  -5.3242289635689287E-016   6.2579726474068124E-016  -3.4530932807189113E-020  -1.5648330663523346E-020  -3.2332491690247269E-020  -1.7261300561288972E-020   1.7995808216923463E-021  -4.4603460060715279E-020  -3.3271188694816145E-020   1.2283477769813211E-020   2.4887245348988704E-020  -2.2600312252152291E-020  -7.0721083343660738E-020   3.9119644644735598E-020  -1.5308481977180441E-020  -1.4160827336800716E-020  -4.7431770419450489E-020   1.0955561752351549E-006  -9.6901068133425880E-011  -4.4180646787580489E-012  -6.4565495746121499E-020   7.7682200717194651E-021  -7.3426261487128683E-020  -1.1881172720899781E-020  -6.0070810574263437E-021  -3.6474983752659051E-020   3.2987905972533792E-013  -2.3931531502548263E-013  -4.4743359993901621E-014   2.3758897765633666E-005  -2.1011517776380908E-009  -9.6037759199815213E-011  -1.3122468185187318E-015   6.8840064924889661E-015   3.0010368404608563E-014   3.6946047376088144E-014   2.9488496584891971E-015  -2.4544961897325031E-014   4.4990622440731296E-016  -1.5715167948181473E-014  -2.1769178433017692E-014  -4.9485088995175069E-016  -7.7396364421566995E-015  -1.8291166725271067E-015   7.5776376282011850E-016   1.0764638352506353E-005  -2.2540368746882171E-011  -9.5878543601777529E-012  -2.8912905170821853E-016  -6.2248874837157343E-020   3.8917362497156362E-022  -1.9799476650760197E-020  -4.0942756027809508E-020   7.0441608157072545E-021  -5.2061184465759957E-020
  -4.2361392319968188E-016  -1.4239948325724175E-012   1.6025002287651754E-008   7.1147285879619524E-015   2.9405305219148537E-020  -7.1197948041938025E-020   1.3790225299112697E-020   2.5530957578998810E-020   6.3056718296755371E-020  -2.9555839679502802E-020  -9.7767479162666855E-016  -5.2755845643822862E-014   3.5494797774907012E-010   1.7795149687413360E-016  -8.6083803147066595E-016  -4.6532070422167718E-020   6.8580092439383927E-020  -1.6264164150089730E-020   1.0432219870306436E-019  -3.7817938678271443E-020   2.2393964668218540E-020   1.2386445602302485E-015  -1.8445606588688295E-015  -2.3630814111284936E-016  -1.1284527528261728E-015  -1.5196870316027541E-016  -5.3342659712869589E-016  -8.6492217557982653E-016  -6.1919420062444735E-016   3.0051050004019622E-015   6.3766989588266730E-016   6.1620966354779133E-020  -3.1183885317473861E-021   3.9359624215638233E-021   1.0580010102569292E-020   4.3543547095108856E-021   6.1352501154306375E-021   1.7563660619852804E-020   1.9591802123604644E-020  -1.2735511007974191E-021  -2.4124458906055015E-020  -7.6276096761386974E-020   2.1199277090048004E-020  -6.8301256452131555E-021  -1.6969871564527016E-020  -2.4755268973263366E-020  -9.6893944180764984E-011   1.0957161590515782E-006   4.9194559560642858E-013  -3.2778691055327481E-020  -1.6852172922029177E-020   7.8382887979293379E-020  -2.3406788903475943E-020   2.9996964408713564E-021   7.1506320531099174E-020  -2.3931003579717453E-013   7.2651086138663983E-013  -3.0455774811322553E-014  -2.1009974207132172E-009   2.3762366781851134E-005   1.0443857920363609E-011  -9.0193045741338244E-016  -1.3569671244266704E-014  -2.1117054418719255E-014   2.9369280662185794E-014  -8.8803104820799168E-017   3.6071099739821748E-014   1.9384549475351442E-015  -7.7396426851895656E-015  -1.9752557094455114E-014   1.2736278386377295E-015  -2.8702610507645045E-015  -8.8311905294624157E-016  -1.2728571466672900E-016  -2.2558314298707708E-011   1.0764675921330351E-005  -7.9160844786482923E-012  -7.2060295908851932E-016   9.5476217651178436E-021  -1.8640227265492898E-020  -4.5840570885847333E-020   4.2896229615397205E-021   6.6439886402808258E-020  -9.9514080796777876E-021
   1.3847771114217512E-016  -6.5215832569263604E-014   7.1785429145114761E-015   1.6023253475451374E-008  -1.2752650411343944E-019  -9.0374269071901184E-021   2.7954781468779047E-020  -1.0494310325185489E-019   8.0670741313665082E-020   1.8618935592908220E-019   2.5573935329030349E-016  -2.5054234795040591E-015   1.7795149687413360E-016   3.5488594527080625E-010   3.4894169092118621E-016   7.6660317854615817E-020  -8.1610217743609609E-021  -3.3378024571459673E-020   2.6792738733858757E-020  -1.0118974291442741E-019  -2.7355047541166547E-019  -6.6793290136856477E-016  -2.5421015033876100E-016   8.4637244593297627E-015  -2.9035641796386767E-016  -1.9708409489764965E-015   1.1864815469019127E-015  -7.7333973385225561E-016   1.1193070090196154E-014   1.2917254728010648E-015  -1.4651070051393580E-014   5.1492439780525897E-020  -9.8681382338555965E-021  -5.8509319271431158E-020   2.1661324398541476E-020  -2.7392030485750592E-021   1.4914803517820858E-021  -6.1609089506533458E-020  -1.2194819176247353E-020   7.4583873674304235E-020   2.1115623999718299E-020  -6.1212024049770604E-021   1.6204694429456339E-020   4.4675704693391158E-020   4.0251550979032456E-020   2.5740516939839531E-020  -4.4293167722385917E-012   4.9625045350706030E-013   1.0955969164828772E-006  -5.5092218243472078E-020   4.6812945071781765E-021   4.8319542813960869E-020   3.0120833693243747E-020   3.5071157952169373E-021   1.1166640964439544E-019  -4.4751173995194331E-014  -3.0453388548479394E-014   1.4386001399154559E-012  -9.6281593104053219E-011   1.0537135221457347E-011   2.3759788284106492E-005   2.7518942243205279E-016   1.0162484606126483E-014  -1.0450218687731994E-015  -9.0195041735422831E-017   1.8522389704261463E-014  -4.9621601496161002E-016   2.8775405848510697E-014   1.8982342410062080E-015   2.3651833292615114E-016  -2.2581547337922493E-014  -2.2714291420767836E-016   3.0262430737377006E-015  -2.2085739329647629E-015  -9.5812861269942186E-012  -7.9292718881331846E-012   1.0764903165405994E-005   1.1711817824333473E-015   8.7801073117104880E-020  -2.2517723298759573E-020  -2.6218473174329724E-020   3.6660568644851260E-021   1.9388324328395389E-020   7.8751239478135090E-022
  0.16527838353806365        4.2149032191337331E-016   2.2820298062086247E-016   2.1994265728889665E-016  -6.7561192691191670E-008  -7.6737087187050847E-008  -6.0129836321588809E-009   4.2253463885277405E-008  -1.9665463201479224E-009   2.5307728830534148E-008  0.43728194443436241       -8.7094571778627019E-016  -8.6083803147066595E-016   3.4894169092118621E-016  0.27440215225339415        6.0066169510717398E-009  -1.3747962062078669E-009   7.3082680950249915E-010   7.9394736110783468E-009   7.4878684602148272E-010  -1.3945804104237835E-008   2.3093019467514179E-017   1.2443486563333500E-016  -6.5982993379742297E-017   1.0041352010846093E-016  -9.0252051861307298E-017  -5.5116806105224042E-017   1.3199247897737106E-016  -1.0538754306815310E-016   2.6604642405925774E-016  -9.7726161336369929E-017  -4.7030599069727089E-010   7.5118009546478503E-011  -1.1815052776349435E-010  -2.8077329992719820E-010  -4.2065418849723845E-011   1.1069276276343815E-009  -1.1364939459395941E-011  -5.3881522888038486E-011  -8.5534630908891993E-011   1.5831182313144215E-010  -5.3192074644534527E-010  -1.2492803382574351E-010   1.2150771856980882E-009   1.5628131902376027E-010  -1.3219302222359918E-009   1.8136072995009906E-015   1.6167317891851625E-015   2.3847532235849438E-015   3.2650924890087089E-009  -9.5609851380832951E-009   6.0826236831209695E-010   1.6891333896915603E-008   1.0241409840423493E-009  -2.0156303096564922E-008   2.7521928127946582E-015   3.4853638611427719E-015   4.2289990233904043E-015   2.8339492129072691E-014   2.4247396370917210E-014   4.8183159388347188E-014  0.37084075989034354        2.8270816922985876E-002   7.2987061785246170E-017   1.5372091373320780E-017   6.5284392934019115E-019  -8.2379813209097676E-018   3.8796680952135869E-017   2.4824185476318779E-017   4.5615967603642901E-017   2.4886103881885111E-017   8.0492115920147190E-018  -1.8057636654688872E-017  -7.9467668382482339E-004   1.3401540016865146E-015   3.9997015523613761E-016   5.4278282440474931E-015   6.6951381586959394E-005   4.9034810040881520E-009  -8.2269299314966776E-009   7.6669364268722004E-010   1.6618402482960263E-008   1.1087202460597094E-009  -2.1521752769074056E-008
   3.6211209815610931E-009   5.0009827169485555E-018  -2.4854249790773511E-018   3.8692447262417647E-018  -1.4805097270772312E-015  -1.6816121341450609E-015  -1.3176557751438670E-016   9.2596226032815070E-016  -4.3092351075750262E-017   5.5454744223886700E-016   9.5853807067879798E-009   9.3856995912427603E-020  -4.6532070422167718E-020   7.6660317854615817E-020   6.0066169510717398E-009   1.3159065426832558E-016  -3.0039735845335422E-017   1.6008793161212757E-017   1.7382254158744104E-016   1.6398623848967667E-017  -3.0540708681396963E-016  -5.3964156007927083E-025   2.4482604818621218E-024   4.5445860905709102E-025   2.4981594600995868E-024  -2.4404639141138536E-024  -1.4680036697853491E-025   3.1209548278508488E-024   4.0409582293629447E-025   5.4809637778787768E-024  -5.4237685345582173E-024  -1.0298457580074404E-017   1.6453141099369031E-018  -2.5871412912495342E-018  -6.1478268397192941E-018  -9.2112206966316995E-019   2.4238450913224999E-017  -2.4979771070922733E-019  -1.1798800406889050E-018  -1.8723018916278780E-018   3.4665803088649823E-018  -1.1647107331119450E-017  -2.7354927263072286E-018   2.6605673794063883E-017   3.4220474795373082E-018  -2.8945827431924965E-017   3.4132581379869607E-016  -1.6962938444281676E-016   2.6422999193695285E-016   7.0976934109464976E-017  -2.1029562033754398E-016   1.3281316056476693E-017   3.7069263327201925E-016   2.2434985665100158E-017  -4.4166691246541629E-016   2.1660591705644840E-022  -1.4377733956201649E-022   4.3727500659672800E-022   7.3985547234184548E-015  -3.6768425483049812E-015   5.7283025891541612E-015   8.1264588074690026E-009   1.6536903152477970E-010   1.3910890963035227E-023   7.2705263334792146E-024   5.4265295631717512E-024  -1.3519712896319360E-023   7.6195117433604789E-024  -2.7114903356082787E-024  -2.7300298280318812E-024  -5.2239969458195537E-024  -1.8881216817886300E-024  -9.0298025087784678E-026   5.5070070946244549E-011   2.6230484561475990E-016  -1.0233439416802477E-016   9.4091728998598787E-016   3.5885468223121625E-013   1.0792120239848243E-016  -1.8086565686602088E-016   1.6869410643322125E-017   3.6546834124799146E-016   2.4387816034579367E-017  -4.7338670684475575E-016
  -8.2638659161152235E-010  -1.4565621168795136E-018   3.7574015462362398E-018  -1.0887860612555930E-018   3.3765005786691307E-016   3.8349421835492123E-016   3.0051381527327102E-017  -2.1114964317417998E-016   9.8291840300277563E-018  -1.2650042952586593E-016  -2.1838560486562103E-009   7.0178327665057202E-021   6.8580092439383927E-020  -8.1610217743609609E-021  -1.3747962062078669E-009  -3.0039735845335422E-017   6.9171150014187875E-018  -3.6559355485098900E-018  -3.9765532123051112E-017  -3.7476737437698807E-018   6.9803731860802748E-017   3.8760681343878728E-025  -9.7400737380699451E-025  -2.2913157676920826E-025  -8.0221460982481143E-025   5.5490618423310380E-025  -1.3633616462064938E-025  -9.8328325862953897E-025  -3.4007387875955896E-025  -6.7816426034507401E-025   1.6345205915250401E-024   2.3544842205491000E-018  -3.7583500634411566E-019   5.9151687161175944E-019   1.4058228934070767E-018   2.1059090636633315E-019  -5.5417627954227189E-018   5.6402894844930082E-020   2.6973678009767697E-019   4.2856765729571243E-019  -7.9256867854350776E-019   2.6632339258340916E-018   6.2547736349428106E-019  -6.0836974357296169E-018  -7.8244026827930787E-019   6.6184502004596344E-018  -9.8155225844270001E-017   2.5637764425959593E-016  -7.3862179728637563E-017  -1.6617653491641548E-017   4.7370418936302832E-017  -3.0648590774872939E-018  -8.4127493946545748E-017  -5.1220227134416914E-018   1.0074450688792181E-016  -9.7880157989933048E-023   1.7334809358863506E-022  -1.3426365970241368E-022  -2.1201763122164459E-015   5.5567990140696207E-015  -1.5983768101210177E-015  -1.8533459798453951E-009  -3.8093480762410641E-010  -7.9036090840319019E-024   3.5460614459588735E-024  -1.5316321153853995E-024   1.0636485100106559E-023  -1.7035356737731393E-024  -6.4899123115623789E-025  -2.9629815355341859E-024   1.7154563601641034E-024  -5.0785519624732163E-026  -1.1469321408586018E-025  -1.4215070057897870E-011   6.2272539645301935E-015  -1.6411534219214116E-016   2.1956623976939523E-015   1.3982700698177609E-013  -2.4263928403549205E-017   4.0808479958909752E-017  -3.7962068011277070E-018  -8.2374359695494587E-017  -5.4932260018841178E-018   1.0663761274225144E-016
   4.4052518888215955E-010   4.1340010481765906E-018  -1.1441058924643631E-018  -1.7862798171905105E-018  -1.8010519563068405E-016  -2.0456898955519456E-016  -1.6029399572777289E-017   1.1264337359138063E-016  -5.2422523579552189E-018   6.7461819544144692E-017   1.1660163366499428E-009   7.5061076442105138E-020  -1.6264164150089730E-020  -3.3378024571459673E-020   7.3082680950249915E-010   1.6008793161212757E-017  -3.6559355485098900E-018   1.9475997040333351E-018   2.1148583804675701E-017   1.9950904642563964E-018  -3.7156630394902634E-017  -4.8909530402509266E-025   1.6109537632586454E-025  -1.2428790941361669E-024   5.2531253988062632E-025  -1.5412138127475541E-026   3.2991216624931956E-025   8.2283585007835863E-025  -1.5507843707775162E-024   2.1390008629634719E-025   1.4974504970668418E-024  -1.2529535529563864E-018   2.0016806995229443E-019  -3.1476322297349720E-019  -7.4797699616214562E-019  -1.1206756171443333E-019   2.9489575511823300E-018  -3.0374572676592406E-020  -1.4354884032096100E-019  -2.2780433296305329E-019   4.2175922758382236E-019  -1.4170458319034211E-018  -3.3281332219539271E-019   3.2369811928782295E-018   4.1634243862319063E-019  -3.5216877868196364E-018   2.8206034859232074E-016  -7.7896100200902664E-017  -1.2191133628541115E-016   8.6446676296151789E-018  -2.5568551930410059E-017   1.6165385724434705E-018   4.5085185378116175E-017   2.7293635020761093E-018  -5.3729529198718860E-017   1.2237480419764896E-022  -1.0738561066486887E-022  -1.6350840139049105E-022   6.1133720160885214E-015  -1.6873413270114139E-015  -2.6425094688455499E-015   9.8859019142408036E-010   2.8303282268419582E-011   9.5162097359696518E-024   7.4615960347936387E-024  -1.2947163934494697E-024  -8.8211826247927321E-024  -3.1123787378360901E-024  -3.6481843790380668E-024  -4.1078324917332950E-024   2.3506119371080948E-024  -1.7389831293750428E-024  -7.8060418741414056E-025   6.7165443416428190E-012  -2.4880973504684093E-016   8.9829257014306030E-016  -6.5559985703029254E-017   3.7378573087152292E-014   1.3120376307081215E-017  -2.1991949138778614E-017   2.0509586185001471E-018   4.4436246023507698E-017   2.9651576085315937E-018  -5.7556276557309835E-017
