  0.10307807101579927       -4.5124602143068266E-008  -1.4197766352918096E-008   9.7297246379040560E-009   1.3287468145922234E-008   6.1337547613169653E-008  -9.5118163742992381E-008  -6.9009789816900501E-008  -4.4055025205564703E-008   5.5722315421822426E-008  0.20591802281221627       -3.9966832393767448E-008  -1.0367311621660779E-008  -1.2811946715791313E-008  -1.8272917709026172E-009  -1.2001853358342271E-009   1.3117922203239372E-010   1.0232579448207087E-009   7.9355194780349087E-010   1.4283571534417533E-009   1.5683717486106337E-009   1.2434709529330761E-009  -9.0400697374961748E-010  -1.0246029290731609E-009   2.0715253557113711E-009   7.0407190446706122E-010  -3.9464141716171866E-008  -1.6983263230610138E-008  -9.5709359200849143E-009   1.4911689940969194E-008  -4.7255884631696335E-010  -2.8693393342100073E-009   2.6347822231707883E-009   2.9202693702776793E-009   1.9859169156742578E-009  -2.0901559248812331E-009   8.5254368209452098E-010  -2.4408777816084796E-009   2.7058154249722037E-009  -8.1545947785313653E-010  -1.4897980301160080E-009  -7.2307033285899499E-010  -3.0324968017662858E-010  -7.5714370127617950E-010   1.3625202490543196E-009  0.15699734847552643       -2.9956788422688446E-008  -7.3920509149627971E-009   7.4159181360183047E-009  -4.7259996242793353E-010  -3.1199418198240470E-010  -5.8947451352595064E-011   2.3010338650558777E-010   7.1103574400963059E-011   4.0397815263639642E-010   3.0873378970162950E-010   1.7013060117341243E-010  -1.0221603505608600E-010  -8.2871230791987793E-011   8.6470976965771441E-009   2.0249571958267456E-008  -3.8937461166004559E-008  -2.7696876393789627E-008  -1.5481914645640628E-008   1.9049787933104359E-008  0.10221178772800449       -1.6214617464256138E-008  -3.6200730645610820E-009  -6.1436355047074531E-004   5.3735630341426320E-009   1.9840808250486819E-009   2.8351633652320837E-009   1.3453831165067096E-009   9.6209655035995499E-011   1.8131321406900729E-009   6.1662118780526163E-009  -7.4006506257557960E-009  -6.4825628207376716E-009  -3.5449443293818992E-009   4.6694307336944895E-009
  -4.5124602143068266E-008  0.10307811405176928       -1.0568261342412001E-008   2.4159921544607454E-008   5.0245589525127310E-008  -5.5488893309063910E-008  -4.2550871166886055E-008  -1.4400781032633204E-008   4.3982642888951115E-008  -3.5844823010024841E-008  -3.0994766241860595E-008  0.20591805183622797       -7.2266928494412259E-009   1.0614618371913039E-008   1.9646070975400015E-009   1.5180747490136721E-009  -6.9210119689103667E-011   7.5525688097954769E-010   1.4711527938984086E-009  -3.3910572853151226E-009   2.2516363070516311E-010   2.1925014746806083E-009  -1.8200329231273151E-009  -1.5826070373216804E-009   2.0090934415075413E-008  -1.7038675887955121E-008  -1.0790443039611056E-008  -1.6234312954923092E-008  -1.2716783532557411E-009  -3.8567423370906206E-009   1.4576034903846330E-009  -1.0794457782388649E-009  -6.1264639961955683E-010  -2.4378886768857180E-009   2.2808139394883407E-009  -1.2253992455341356E-010   2.6623967598316227E-009   1.8825558802386214E-009  -2.1237519689400666E-009  -7.9052791780317238E-010  -4.5824525393783821E-010  -3.0547034843230634E-009   3.2428817719837008E-009   1.3546853074205351E-009  -1.7763047324062787E-009  -2.2084493906240371E-008  0.15699737855074475       -2.3407297334524967E-009   1.9975926211044743E-008   1.8622288076377010E-010   4.2084276562032874E-011   2.9610402691554342E-011  -2.6319173707758793E-011   7.2823084269423734E-011  -2.2352381718985707E-010  -2.5891477300235420E-011   1.6407542393022523E-010  -7.2602397780211040E-012  -1.4436515005865945E-010   2.0438710337311249E-008  -2.0210721166240270E-008  -1.6036674669476298E-008  -7.2497778909451002E-009   1.4172897177137225E-008  -1.3188907030155981E-008  -1.0919098852982990E-008  0.10221180380151282       -1.3592388339621413E-009   6.0176789526969958E-009  -6.1436658943522880E-004   1.5686166729594320E-009   2.3846919179620132E-008  -2.3607474842562472E-010  -5.2512485270326361E-010   3.7439752378154061E-009  -4.9369954456501326E-009  -3.7670510614116361E-009   3.3195151947118607E-011   5.2242681837121012E-009  -3.7771698068843141E-009
  -1.4197766352918096E-008  -1.0568261342412001E-008  0.10307807779193705        2.5243591495818246E-008  -4.4799321192454517E-008  -4.5103515583338514E-008   5.9735935907160285E-008   8.4256790901188347E-008  -1.2200294494545843E-007  -3.9457475085304043E-008  -1.2267747108883743E-008  -1.2382193567311262E-008  0.20591803001280984        3.0451635059174966E-008   1.7171996698466293E-009   4.8186394509811585E-010   1.2972910952591520E-009   1.0857744472981490E-009  -1.9219953362197934E-009  -3.3896398555004312E-009   1.7703537490864400E-009  -3.0222116965140514E-009  -2.8570441584609951E-009   1.2857930852006657E-009  -6.8068216344107867E-010  -1.1126376362105737E-008   1.6710989247892513E-008   2.9723708189311736E-008  -4.1227720563275124E-008  -2.9043068455171934E-008  -1.4757518196563787E-009  -5.8793739192899893E-010   6.5954259483008796E-010   1.5453474584785889E-010  -2.5135250777174089E-009   2.4378096094533602E-009  -7.8521321940681782E-010   2.1417864614973568E-009   1.8422788693370339E-009  -2.2559364695834403E-009   1.6521123239286933E-009  -1.7243386209427224E-009  -3.0566588386765605E-009   3.5978100588887034E-009   3.5230578334229116E-010  -8.6839808508996266E-009  -6.4075969366573591E-009  0.15699735046166802        2.4286734002051400E-008   1.5938605858117324E-010   5.7197993086778314E-011   3.1731540001720045E-011   1.7423384335822548E-010  -3.1266986652924668E-010  -3.8807270956762836E-010   2.0084247271946586E-010  -3.0721263368735207E-010  -3.2665679320881362E-010   2.0550217659393693E-010  -1.2986691546268402E-008  -1.6784594588653478E-008   2.4848101874375142E-008   3.3493651835152920E-008  -4.8127293798305301E-008  -2.0506951764291328E-008  -4.4730817092414944E-009  -4.1706540594464228E-009  0.10221178775973189        1.9679425123955559E-009   1.2541606834827173E-009  -6.1436604619578632E-004   3.5568579060784838E-008  -1.0684999255189983E-009  -7.1262112877789527E-010  -4.0098759697538053E-009  -3.9452210064962696E-009   5.8120015476236762E-009   6.8423166326545281E-009  -9.8783101550879445E-009  -2.8324404833501359E-009
   9.7297246379040560E-009   2.4159921544607454E-008   2.5243591495818246E-008  0.15744611193490560       -1.4998161549144884E-009  -5.9309664563644802E-009   9.5104400102674201E-011   7.2888309165505165E-009  -2.2303394996277458E-009  -5.7892825110860355E-009   1.4823674137710346E-008   1.2753708833848333E-008   7.9781588976496090E-010  0.37934541964971591       -5.5178736830472771E-009   6.0049677476101895E-009  -1.4159747084726139E-008  -8.5517153930580700E-009  -7.7106079390249580E-009   1.5954720424334740E-008   2.3407148343339385E-009   1.2616929314115075E-008  -9.1453638437269215E-009   1.1499487513325639E-009   2.7370967275366724E-009   2.4196257383573110E-009   1.8179480805363268E-009  -2.4593411109857099E-009  -2.0359696870456412E-010  -2.8085936854980358E-010  -6.4089345421953920E-010  -1.4138512220043851E-010   2.7951361412283801E-010   5.5273516856347667E-010   2.5038142172555101E-010   5.7400049002105350E-010   5.5898444434503965E-010   5.6143627907234905E-010  -5.6027153002080717E-010  -6.9798248022248572E-010   1.4070817380432716E-010   6.4117905988206380E-010  -7.9904004378890941E-010  -8.2780292670495684E-010   1.2865872974732189E-010   1.2612759070716001E-008  -1.0398016322497620E-008  -2.5850691605625343E-008  0.15478980625179095        1.7141001098075427E-010   8.2371773914341569E-010  -9.6283464198897860E-010  -1.4817558428792589E-009  -6.3790685388128886E-010   1.2517882809721797E-009   4.3979083565383068E-010   1.5868914016227626E-009  -1.4137579994937430E-009  -4.6514346127248669E-010   1.4500597183465866E-009  -4.5023192704275959E-010   1.0837691231719790E-009   1.5444373079524177E-009  -8.5228619784656896E-010  -2.9936477135847012E-009   1.7969082745189981E-008   1.7451418161501353E-008   9.6361174837476120E-009   9.0805514779997400E-009   1.6672649547152864E-008   1.7031490883729958E-008  0.33230679813946562        4.2282161331300442E-003  -2.3626724932137490E-004   6.3820389775107183E-010  -1.6309878884637488E-010   3.1572987750199090E-010   8.0112835272969211E-011  -3.5522682743878207E-010  -7.1828292251475366E-010
   1.3287468145922234E-008   5.0245589525127310E-008  -4.4799321192454517E-008  -1.4998161549144884E-009   4.5691082314072606E-014   5.1792870145674077E-016  -5.8965881887637780E-014  -5.2604806269182051E-014   6.8804448988658939E-014   6.9137209988074826E-015   2.6544142601008308E-008   1.0037552842487307E-007  -8.9494743197964903E-008  -3.6124921593964120E-009   2.8245678769736195E-017   3.1866186321080745E-016  -4.4559818427036807E-016   1.0977543643844178E-016   1.7283296328850111E-015  -1.4766662768805636E-016  -4.7974201352011924E-016   2.4223422263213647E-015   3.2504369255697763E-016  -1.4734268149099440E-015   1.0326997369097587E-014  -3.4049722432803560E-015  -1.7626699146721014E-014  -2.2994112627486703E-014   1.6072017003168243E-014   1.2667098522472392E-014   1.2971299991443013E-015  -6.3921352210387344E-016  -2.4834054439765309E-016  -8.8441054249290351E-016   2.4577737177515364E-015  -1.3941529089701640E-015   1.7436511321185531E-015  -3.3315807921830178E-016  -1.4817604131222955E-015   4.9666210223123991E-016  -1.1347740668711731E-015  -8.3895560143463076E-016   2.8777810618062680E-015  -9.9296075105602278E-016  -8.4458679440474190E-016   2.0234975485691287E-008   7.6540002097801723E-008  -6.8223333774385173E-008  -1.4786116284861482E-009  -4.0826131592164149E-017  -5.2493371025057053E-017   2.0932261160386398E-018  -4.5004454078252748E-017   1.8639125877815765E-016   9.9781835489316473E-017  -6.4363232657572214E-017   2.2025836666355609E-016   1.3888814680123151E-016  -1.6580551440034373E-016   1.6717442950554164E-014   6.0067559545227053E-017  -2.3646006736427093E-014  -2.1681455073487447E-014   2.5824563013624236E-014   4.9640137958373909E-015   1.3176113106619559E-008   4.9822185768127987E-008  -4.4423809091631895E-008  -3.8121656697404291E-010   8.1893023221917305E-010   1.2620336077677259E-009  -3.1651757584290576E-009  -1.3895823490933263E-010  -5.1706245859658440E-013   3.8082082020150804E-015   1.1086373539422520E-016  -5.3166126871779485E-015  -3.8018577116643989E-015   6.3647907972841953E-015  -6.3506025374911872E-018
   6.1337547613169653E-008  -5.5488893309063910E-008  -4.5103515583338514E-008  -5.9309664563644802E-009   5.1792870145674077E-016   8.6330662939496398E-014  -5.9835781911418294E-014  -7.0455105531111460E-014   3.5766898639871572E-015   6.9937193411428509E-014   1.2253273760146878E-007  -1.1084968207689066E-007  -9.0102820097695276E-008  -1.4288735804117250E-008  -2.6885230993458556E-015  -1.9686418774655895E-015   8.0987123912085264E-017   4.9368262055571956E-017   8.1172108514231101E-016   3.5576931306953311E-015  -5.0730480911764677E-017   4.0675467963669938E-016   2.0366337466119294E-015  -3.6359081111967220E-016  -9.3885543536772261E-015   1.4363507026890386E-014  -2.5057033331236535E-014  -1.4279129211926125E-014   1.3036678840437940E-014   2.3667855969535517E-014  -3.9593005135853153E-016  -8.6365117902289946E-016   1.5985237663690011E-015   2.9616144063156749E-015   1.0443054585683344E-015  -2.2661651035846613E-015  -6.0342862660316758E-016  -3.4241922492348705E-015   1.9682927436937629E-015   9.5371855113509857E-016  -1.3680176218037610E-015   1.9445085271589537E-015  -5.5857412171817265E-016  -2.7228875064005015E-015   1.6080216125332763E-015   9.3406746708063417E-008  -8.4518143357724743E-008  -6.8696520375154891E-008  -5.8349873321241752E-009  -4.5736210564752081E-016  -2.6411912272333145E-016  -2.8525560912185943E-017   1.3064732991668914E-016   1.6397108225126654E-016   4.8298045132672839E-016   9.3119542082086939E-017   8.7574688076351409E-017   1.3913923304411939E-016  -4.4087331701053241E-017  -2.2862017724875507E-016   3.0302249133164732E-014  -2.5442266428187075E-014  -2.7292672080917664E-014   4.2506659282938343E-015   2.7521248234113566E-014   6.0823603331080475E-008  -5.5022181775992403E-008  -4.4724479776513432E-008  -1.9309382840743171E-009  -1.4544288582324892E-011   2.9438813614801452E-010  -1.2517573352429068E-008  -2.5785327483883213E-010  -5.6544434440687368E-012   7.9182954705965565E-016   8.0754263541669481E-015  -4.9166979783110062E-015  -6.8706123238347130E-015  -5.8310232859778123E-016   6.0787811399467775E-015
  -9.5118163742992381E-008  -4.2550871166886055E-008   5.9735935907160285E-008   9.5104400102674201E-011  -5.8965881887637780E-014  -5.9835781911418294E-014   1.3995762743003981E-013   1.1845799945644582E-013  -4.8207518873162055E-014  -5.9492109034989767E-014  -1.9001722748667708E-007  -8.5003459216134824E-008   1.1933370461525648E-007   2.3055313286546312E-010   1.8669442702465387E-015   7.6353046147374286E-016   6.5066631807174090E-016  -6.3190584664978534E-016  -2.4580429429524341E-015  -1.8729039934752871E-015  -5.1280676666680643E-016  -3.7964104581457750E-015  -7.5581950951535296E-017   2.3447637687440742E-015  -1.0597694771349382E-014  -6.7626523909689518E-017   5.0553875225259748E-014   3.9599592848193615E-014  -1.4534668255828921E-014  -2.9001829977826276E-014  -1.0211966442463587E-015   2.7526433401313003E-015  -1.7960240858681150E-015  -1.5985611012653523E-015  -4.2305868696457933E-015   3.3924036668445073E-015  -2.3404997500732869E-015   2.7168253833584140E-015  -5.5294629158257194E-016  -2.2897815346340946E-016   2.5214597163501988E-015   9.2933461081610620E-016  -2.8307019473310142E-015   2.2239579034388829E-015  -3.1978114041191613E-016  -1.4488942051429618E-007  -6.4808771863048340E-008   9.0979553408119179E-008   8.8514139669564466E-011   4.5201139461604371E-016   3.0437065742105004E-016   6.0138102568390492E-017  -1.0149006550236369E-016  -2.7723206769703304E-016  -5.0496811084396594E-016  -1.5763472061403658E-016  -4.0177571991190837E-016  -9.2917246809433744E-017   2.5474088797721239E-016  -2.3941821951969646E-014  -2.0059252671501643E-014   5.6960790723958088E-014   4.7958184044449116E-014  -1.9454764593185635E-014  -2.4016375786438933E-014  -9.4317236567026148E-008  -4.2193290864878554E-008   5.9234256006731823E-008  -9.7875619487188435E-010   2.6539427654602607E-010  -7.2236376340630120E-010   2.0117624656893931E-010  -1.1757697841387162E-010  -1.9329842156108382E-012  -5.5456474727911013E-015  -5.9223426954531243E-015   1.1767540582258417E-014   9.9296439174408447E-015  -4.6092793726098571E-015  -4.3839966135315836E-015
  -6.9009789816900501E-008  -1.4400781032633204E-008   8.4256790901188347E-008   7.2888309165505165E-009  -5.2604806269182051E-014  -7.0455105531111460E-014   1.1845799945644582E-013   1.1742470864627068E-013  -7.6478840905225437E-014  -6.4819912892659727E-014  -1.3786004233043611E-007  -2.8768986037965135E-008   1.6831926435992750E-007   1.7563353759200915E-008   2.0971412283317558E-015   1.2631101086840928E-015   3.2695479341227695E-016  -2.9901740795175697E-016  -2.6648232908049087E-015  -2.5146232711773911E-015   4.7393591423552970E-016  -3.0251985043073003E-015  -1.8989805859737729E-015   2.0112438346946927E-015  -4.6250187160736371E-015  -7.0719738977117233E-015   4.1675426794328117E-014   3.7815230114747673E-014  -2.7130398412685796E-014  -3.3190340229771999E-014  -1.1232833815981247E-015   1.5847092302016275E-015  -1.1263294680205101E-015  -1.4624950948720340E-015  -3.6912242021983716E-015   3.4357190185898791E-015  -1.5587407259831866E-015   3.1478191229341611E-015  -3.4837314980131841E-017  -1.2199166505683618E-015   2.4183898978573901E-015  -4.6894052098934891E-016  -2.7856606917066657E-015   3.2202162317233183E-015  -3.7004157101224768E-016  -1.0510531789512639E-007  -2.1950852500567529E-008   1.2833958727213851E-007   7.1590621624817854E-009   4.2841400798448165E-016   2.8808359041853448E-016   1.6476154262468900E-017  -7.6236360473604252E-017  -3.4284203059154416E-016  -4.9855617796414698E-016  -1.8479532244268577E-017  -3.1442637605544365E-016  -2.6330275630150794E-016   2.2221866152672928E-016  -1.9195201160368779E-014  -2.4474681092327784E-014   4.8665279155851949E-014   4.7020061640188386E-014  -3.0984537537385095E-014  -2.7824824101928150E-014  -6.8430104576387674E-008  -1.4278078981531338E-008   8.3547804145262807E-008   6.9750563905346241E-010  -1.5973756423002459E-009   3.6206441979852417E-010   1.5384444002446446E-008   3.2218868458921392E-011  -2.5579573997250370E-012  -4.9858761265977892E-015  -6.6761417120609348E-015   1.0240943245518852E-014   9.9547572285561697E-015  -6.4317394813732766E-015  -4.9688795105728634E-015
  -4.4055025205564703E-008   4.3982642888951115E-008  -1.2200294494545843E-007  -2.2303394996277458E-009   6.8804448988658939E-014   3.5766898639871572E-015  -4.8207518873162055E-014  -7.6478840905225437E-014   1.8203205040717161E-013   7.6743985448247795E-015  -8.8008282485782494E-008   8.7862981752572251E-008  -2.4372455896225836E-007  -5.3738541703502930E-009  -3.3494639824368379E-016   5.0518076150944631E-016  -1.4206783711622709E-015  -1.2792091608697752E-015   2.6725107611642683E-015   1.7285661707916177E-015  -2.7028469582282700E-015   3.8023563955949364E-015   3.1211266667768438E-015  -1.7753317229936542E-015   8.4581025878271144E-015   5.5660760172083047E-015  -7.5432875404889029E-015  -3.4819082255541385E-014   5.2340341993175466E-014   2.6361042702211183E-014   2.5796441760360200E-015   1.4637031001859039E-015  -2.1720491993172484E-015  -2.4789856764811144E-015   3.0959362440037206E-015  -2.0524844898930776E-015   1.6930637983612853E-015  -6.9652052625037582E-016  -4.2352521311297829E-015   2.6912055767625241E-015  -1.5162426790577548E-015   1.0375181333859846E-015   5.1424328173654599E-015  -3.3450936735065982E-015  -1.7590446103494410E-015  -6.7100071759590048E-008   6.6973091978292812E-008  -1.8583474789764624E-007  -2.1920714161407541E-009   9.0139475073983978E-017   7.2123621490834676E-017   1.4072306419253414E-017  -2.9451787267827679E-016   3.8010813139732236E-016   1.7357411403404148E-016  -3.8688095233012789E-016   3.3853002727320929E-016   4.4696938414788513E-016  -2.6301623391778832E-016   2.0363334193465528E-014   2.5942758816256317E-015  -1.9624450094641646E-014  -3.0912976714963689E-014   6.9658099030905032E-014   1.0549627316756659E-014  -4.3684754118682953E-008   4.3614596024079559E-008  -1.2097631767306770E-007   2.3941492499082943E-010  -1.8798378907203402E-009  -5.5948340056804567E-010  -4.7074081464602359E-009  -4.4599240921475907E-011  -2.4421896125318702E-012   5.5421191065319564E-015  -7.4181601226793105E-017  -5.3275843525490412E-015  -5.3034445630830696E-015   1.5470818331065649E-014  -2.3867500800839085E-016
   5.5722315421822426E-008  -3.5844823010024841E-008  -3.9457475085304043E-008  -5.7892825110860355E-009   6.9137209988074826E-015   6.9937193411428509E-014  -5.9492109034989767E-014  -6.4819912892659727E-014   7.6743985448247795E-015   5.7906205366474621E-014   1.1131588724168521E-007  -7.1606571389552100E-008  -7.8824531901295081E-008  -1.3951498765481694E-008  -2.1253778294073156E-015  -1.5817827457852035E-015   1.1866776345685019E-016   1.8925667272343102E-016   9.3650688938637712E-016   2.6622630186463954E-015   5.8018348712411671E-018   6.0283417492634180E-016   1.5739533886000222E-015  -5.3781871140500058E-016  -5.7019863783740362E-015   1.0476944672392207E-014  -2.4048727820541851E-014  -1.4821111576364158E-014   1.1058384605062879E-014   2.0523243529747251E-014  -1.7384560781325652E-016  -9.4549511706927206E-016   1.3746694184470962E-015   2.3469048425304806E-015   1.2334497418801713E-015  -2.0415670908423353E-015  -1.8491174991899743E-016  -2.8146622370950681E-015   1.5165987380344896E-015   7.2325603179918836E-016  -1.2836160036903383E-015   1.3078955826004555E-015  -9.2119274124277079E-017  -2.2272543873664905E-015   1.2146282987194779E-015   8.4870332792698634E-008  -5.4589171738958721E-008  -6.0116261653358507E-008  -5.6807429727122567E-009  -3.8758827445736474E-016  -2.3559155246580694E-016  -1.8567946222735290E-017   1.2124320864101866E-016   1.5645176424061871E-016   3.9877248243510072E-016   8.2842027397667433E-017   9.4165462514824965E-017   1.2441693202604184E-016  -5.6412317762897341E-017   2.4777532776103801E-015   2.4414617114492658E-014  -2.5019270708967612E-014  -2.5338608044555167E-014   5.1599774179833839E-015   2.2860816713848215E-014   5.5253985282833445E-008  -3.5544121179105507E-008  -3.9124000388246300E-008  -3.1629873388755466E-010   7.7844252147577925E-010  -1.6240947230260751E-009  -1.2219830856271350E-008   1.0602496315973255E-010   2.8405434423489205E-012   1.1776666913612111E-015   6.5652792441593979E-015  -4.9243301205906691E-015  -6.1528995298680602E-015   6.6949338703696420E-017   4.9752313592298319E-015
  0.20591802281221627       -3.0994766241860595E-008  -1.2267747108883743E-008   1.4823674137710346E-008   2.6544142601008308E-008   1.2253273760146878E-007  -1.9001722748667708E-007  -1.3786004233043611E-007  -8.8008282485782494E-008   1.1131588724168521E-007  0.41136067187519038        3.8321804569963164E-008   1.1441909722498800E-008  -3.6706602734286494E-008  -3.6503268201258676E-009  -2.3975371684718185E-009   2.6211760587481665E-010   2.0441653362291234E-009   1.5852788832222689E-009   2.8533538197050637E-009   3.1330976010956151E-009   2.4840679533239776E-009  -1.8059559658453812E-009  -2.0468842326141276E-009   4.1386189051056342E-009   1.4091925661727286E-009  -7.8836163988296828E-008  -3.3928386796178454E-008  -1.9120392773317041E-008   2.9789672124727265E-008  -9.4405146288606413E-010  -5.7320962128989475E-009   5.2634790833913269E-009   5.8338190305437795E-009   3.9672603073180233E-009  -4.1754651152426023E-009   1.7031387897407247E-009  -4.8761247835623771E-009   5.4054138460206060E-009  -1.6290305279523806E-009  -2.9761685609448564E-009  -1.4444774065278653E-009  -6.0580048678647573E-010  -1.5125417601053884E-009   2.7218834904761811E-009  0.31364005195359435        3.0239743918488824E-008   9.7445167443728784E-009   1.0275400089756741E-008  -9.4428653525489739E-010  -6.2336662815757902E-010  -1.1783062987742045E-010   4.5971294098028386E-010   1.4204276133768986E-010   8.0722479391765949E-010   6.1680470702113575E-010   3.3987735452485233E-010  -2.0416446848018172E-010  -1.6550426369904952E-010   1.7273416602228189E-008   4.0446695389592186E-008  -7.7789388406556770E-008  -5.5328374319239979E-008  -3.0927687640115286E-008   3.8054976168754035E-008  0.20418666661682475        2.6255566072180747E-008   8.7257266756122311E-009  -4.3794697073300324E-004   9.6586768429786042E-009   3.5916006082991917E-009  -4.0676469818012295E-009   2.5129377422622596E-009   1.0928702439564790E-010   3.6224975644485787E-009   1.2309794181675469E-008  -1.4791579182196750E-008  -1.2949079244411239E-008  -7.0809992034439595E-009   9.3265817872760700E-009
  -3.9966832393767448E-008  0.20591805183622797       -1.2382193567311262E-008   1.2753708833848333E-008   1.0037552842487307E-007  -1.1084968207689066E-007  -8.5003459216134824E-008  -2.8768986037965135E-008   8.7862981752572251E-008  -7.1606571389552100E-008   3.8321804569963164E-008  0.41136061609100438        3.0027803593615417E-009  -6.4302115718333368E-008   3.9246406796375877E-009   3.0326994873144002E-009  -1.3825078266272983E-010   1.5088450216046503E-009   2.9389572656904974E-009  -6.7743098058582448E-009   4.4983023685878619E-010   4.3799525214154669E-009  -3.6359493194229021E-009  -3.1615760128899027E-009   4.0135176375711712E-008  -3.4038685380851788E-008  -2.1556603693213532E-008  -3.2428799654737646E-008  -2.5372151405635978E-009  -7.7066181934667355E-009   2.9118632267201007E-009  -2.1564273802719349E-009  -1.2238813234889035E-009  -4.8701859374007460E-009   4.5563623933731320E-009  -2.4479762599787444E-010   5.3186668699659290E-009   3.7607736729216888E-009  -4.2425902110826796E-009  -1.5792338904817296E-009  -9.1543113119680666E-010  -6.1023647032732557E-009   6.4783111364377436E-009   2.7062530093720527E-009  -3.5485277224377105E-009   3.2300715982685622E-008  0.31364002530012497        8.6178263432664900E-009   4.8254390130934977E-009   3.7208930065726131E-010   8.3971563796339829E-011   5.9163845651235880E-011  -5.2725037755347395E-011   1.4539970929291455E-010  -4.4648270345268272E-010  -5.1747581518466127E-011   3.2774940870030072E-010  -1.4371184921167150E-011  -2.8838862903650521E-010   4.0833176930533047E-008  -4.0375078361950791E-008  -3.2035817961634852E-008  -1.4488429464018937E-008   2.8306827482549447E-008  -2.6344696693650819E-008   2.7937493398197258E-008  0.20418664225524361        5.9389654728416372E-009   1.0983275043198683E-008  -4.3795235510112886E-004   2.8203749302424050E-009  -2.7282103304264686E-008  -5.3780176910805752E-009  -6.2465845533049033E-010   7.4829347372376336E-009  -9.8611018439062547E-009  -7.5246331567889468E-009   5.7752482462725784E-011   1.0426344122406757E-008  -7.5406860556325072E-009
  -1.0367311621660779E-008  -7.2266928494412259E-009  0.20591803001280984        7.9781588976496090E-010  -8.9494743197964903E-008  -9.0102820097695276E-008   1.1933370461525648E-007   1.6831926435992750E-007  -2.4372455896225836E-007  -7.8824531901295081E-008   1.1441909722498800E-008   3.0027803593615417E-009  0.41136067360267048       -5.8689994391823581E-008   3.4304126546615962E-009   9.6261912776598388E-010   2.5916941858103712E-009   2.1690414140981345E-009  -3.8395196150348396E-009  -6.7714235345528430E-009   3.5366296762508351E-009  -6.0374197932527841E-009  -5.7075085803234092E-009   2.5685182042002676E-009  -1.3618709586951392E-009  -2.2227676985216187E-008   3.3384770262084895E-008   5.9378622848200374E-008  -8.2359614116442341E-008  -5.8016836642147771E-008  -2.9480955330636751E-009  -1.1745229704102055E-009   1.3175402073397937E-009   3.0871315659506220E-010  -5.0212766175162125E-009   4.8699887817343645E-009  -1.5686161506085033E-009   4.2786359971358925E-009   3.6803153256761434E-009  -4.5066481883911370E-009   3.3004161782929627E-009  -3.4447112562068053E-009  -6.1062713318317056E-009   7.1873507895761291E-009   7.0380550053868254E-010   1.0058154476364020E-008   8.3458443692130448E-009  0.31364004627502623       -4.6714832525060085E-010   3.1845635307642850E-010   1.1427326165520595E-010   6.3280241259035231E-011   3.4807437801618017E-010  -6.2470944796295353E-010  -7.7532846869970223E-010   4.0121080362776038E-010  -6.1374976476829571E-010  -6.5255473357522977E-010   4.1063668928771367E-010  -2.5939474841203065E-008  -3.3529887605345811E-008   4.9636955063180868E-008   6.6912152856031421E-008  -9.6146857799746438E-008  -4.0972660987255853E-008   8.9061782265186687E-009   5.4349595285243249E-009  0.20418666040158037        3.5454589628747945E-009   2.1668723871518117E-009  -4.3795145887099048E-004  -3.3667008726536564E-008  -7.9377360547383858E-009  -8.8179562347417431E-010  -8.0043202425869368E-009  -7.8805484372382645E-009   1.1609536649050507E-008   1.3672534280414036E-008  -1.9739250882297694E-008  -5.6682136792383276E-009
  -1.2811946715791313E-008   1.0614618371913039E-008   3.0451635059174966E-008  0.37934541964971591       -3.6124921593964120E-009  -1.4288735804117250E-008   2.3055313286546312E-010   1.7563353759200915E-008  -5.3738541703502930E-009  -1.3951498765481694E-008  -3.6706602734286494E-008  -6.4302115718333368E-008  -5.8689994391823581E-008  0.91423272973192238       -1.3296158287460663E-008   1.4456071844691786E-008  -3.4105086642655796E-008  -2.0592486542647736E-008  -1.8569308039838178E-008   3.8431156350607833E-008   5.6376617661633163E-009   3.0385976832828745E-008  -2.2019782939697969E-008   2.7720615085062565E-009   6.5903945933985253E-009   5.8219231189895715E-009   4.3765141778476928E-009  -5.9267008483025440E-009  -4.9229198503738651E-010  -6.7109817171704115E-010  -1.5435544383359085E-009  -3.4085364437039114E-010   6.7312062384543024E-010   1.3313443976200132E-009   6.0307758927353500E-010   1.3823128749368444E-009   1.3465770445975085E-009   1.3524012990665782E-009  -1.3493273614851306E-009  -1.6811385562742338E-009   3.3894693481186537E-010   1.5444212088280893E-009  -1.9246797441313723E-009  -1.9939300936853967E-009   3.1006765904168020E-010  -2.4778444359759984E-008  -9.7512004070426920E-008  -1.0852495807401883E-007  0.37204061598638183        4.0981786536692108E-010   1.9862191264364516E-009  -2.3258699605865262E-009  -3.5732206619671507E-009  -1.5397380293703088E-009   3.0233997012940914E-009   1.0607121404896568E-009   3.8284433663286085E-009  -3.4093111886978562E-009  -1.1199497017148862E-009   3.5012234338400994E-009  -1.0772734879926314E-009   2.6168770513880554E-009   3.7267017153438249E-009  -2.0539071433479921E-009  -7.2259018958433122E-009   7.4860606511406741E-009  -4.4958798677394887E-009  -6.1736657465444147E-009   2.7952360191107345E-008   5.3181360300509807E-008   5.3858004094188799E-008  0.80072727369327112       -1.1568052284406851E-002   8.6795316142361295E-004   1.5460822290147105E-009  -3.8173309046170435E-010   7.6736357789607133E-010   1.9482745385104261E-010  -8.5432378164365667E-010  -1.7408287389902522E-009
  -1.8272917709026172E-009   1.9646070975400015E-009   1.7171996698466293E-009  -5.5178736830472771E-009   2.8245678769736195E-017  -2.6885230993458556E-015   1.8669442702465387E-015   2.0971412283317558E-015  -3.3494639824368379E-016  -2.1253778294073156E-015  -3.6503268201258676E-009   3.9246406796375877E-009   3.4304126546615962E-009  -1.3296158287460663E-008   2.9184315620909426E-016  -1.5213805800006501E-016   5.1414145553781435E-016   3.1396728318479067E-016   2.5212049624858380E-016  -7.0551686485016558E-016  -7.6045075770317125E-017  -4.7270072633438498E-016   2.5416562853023153E-016  -3.0886209987588617E-017   2.3916941511565954E-016  -6.0692444155121381E-016   7.0871107556942587E-016   5.7265855521237169E-016  -5.3470591223886694E-016  -8.1172182239233959E-016   3.4025037814504343E-017   2.5452262346229752E-017  -5.7188213124746590E-017  -1.1501966042238019E-016  -4.2377726988954089E-017   5.5218695573281516E-017   2.9601900715057753E-018   9.5153493868797944E-017  -3.8119133921841410E-017  -1.3735056104458672E-017   4.0265988764474858E-017  -9.6594847751004062E-017   4.4257948876416991E-017   1.2818135312990863E-016  -5.6648293154321201E-017  -2.7822645299510962E-009   2.9913958103084329E-009   2.6149086089043908E-009  -5.4190861774558845E-009   8.5641791785630467E-018  -2.1592730592310678E-017   3.5918102888916410E-017   5.0291056930664282E-017   1.7307207056013094E-017  -6.1781571229960865E-017  -1.8031640794430357E-017  -6.0647096507504096E-017   4.5786340250537416E-017   1.8434715327756801E-017  -3.1634002688059949E-017  -1.0086685382065389E-015   7.6013164454252446E-016   8.5724437628048711E-016  -2.2635620020574709E-016  -8.2563953045008935E-016  -1.8120197980376226E-009   1.9481823313730363E-009   1.7028222358026095E-009   9.6103832056049304E-011  -9.8316708656519722E-011  -6.3890270792630699E-011  -1.1646553940674415E-008  -1.1256721975703338E-011  -3.9212196879669504E-013  -5.0777520105361266E-017  -2.6460516316357550E-016   1.4430225833156501E-016   2.2752174890001282E-016   1.1844296244279352E-017  -1.7674539724839506E-016
  -1.2001853358342271E-009   1.5180747490136721E-009   4.8186394509811585E-010   6.0049677476101895E-009   3.1866186321080745E-016  -1.9686418774655895E-015   7.6353046147374286E-016   1.2631101086840928E-015   5.0518076150944631E-016  -1.5817827457852035E-015  -2.3975371684718185E-009   3.0326994873144002E-009   9.6261912776598388E-010   1.4456071844691786E-008  -1.5213805800006501E-016   2.6822302378615255E-016  -5.3704912432745632E-016  -3.2243020319165772E-016  -2.9103514503706801E-016   5.2654427673260024E-016   8.2701502382586479E-017   4.8551822873820729E-016  -3.7917672316935990E-016   3.8409400974418186E-017   3.7315774006732173E-016  -2.1811175798486866E-016   4.4830632371656359E-016   4.0958796143747116E-018  -1.0719666493173493E-016  -3.7737707824090360E-016  -4.4025354871256682E-018   9.3665567741313844E-018  -2.5942073523490447E-017  -4.8085704923780801E-017   8.2784128488503960E-018   5.5856112484710835E-017   4.6951605864724042E-017   8.7586440164334231E-017  -7.5558855254788216E-017  -3.9340966121185936E-017   2.3688552151966307E-017  -2.0159223301361702E-017   6.5083417342495603E-018   1.3988829422386469E-017  -3.5480693442869934E-017  -1.8264545894429896E-009   2.3136861764134053E-009   7.3408172323240782E-010   5.9475008283901078E-009   1.5662672085940094E-017   3.5820665523263326E-017  -3.5170561415575856E-017  -5.8633717586037398E-017  -2.5427216710729891E-017   3.7619947881968662E-017   1.3687778176495505E-017   5.9273881398561038E-017  -5.4183432039692388E-017  -1.7964722050418726E-017   1.9504587995685787E-016  -6.3056391595176849E-016   3.7361860197838318E-016   4.3017244110864402E-016   1.3035239482692254E-016  -6.2518447349905143E-016  -1.1902492710894198E-009   1.5051658106101928E-009   4.7779777433516708E-010   1.5819818702526119E-010   1.4051665833138850E-010   1.2972538530699293E-011   1.2670335831723701E-008   1.2169104709538368E-009   2.4618781478870363E-012   4.0108379043779045E-017  -1.7102071850069561E-016   6.8293103942194698E-017   1.0958016668412939E-016   5.6520937733825788E-017  -1.4968722118443733E-016
   1.3117922203239372E-010  -6.9210119689103667E-011   1.2972910952591520E-009  -1.4159747084726139E-008  -4.4559818427036807E-016   8.0987123912085264E-017   6.5066631807174090E-016   3.2695479341227695E-016  -1.4206783711622709E-015   1.1866776345685019E-016   2.6211760587481665E-010  -1.3825078266272983E-010   2.5916941858103712E-009  -3.4105086642655796E-008   5.1414145553781435E-016  -5.3704912432745632E-016   1.2905104402393227E-015   7.8406869575513659E-016   6.6965818337854123E-016  -1.4738618336499110E-015  -1.8647106125792448E-016  -1.1731719186146845E-015   7.8722598778592166E-016  -8.7457608867344385E-017  -2.6639431075721909E-016  -3.4534274073453857E-016   4.3263318352088039E-018   5.8428998592573357E-016  -5.1183167101787006E-016  -3.1761372784946155E-016   3.7505838454726641E-017   2.3685297907874690E-018  -1.3094075748406132E-017  -4.2424138948632392E-017  -5.3172391434580070E-017  -2.3543776428705845E-017  -6.0863273516964813E-017  -2.7918087100571009E-017   7.8479276877251276E-017   3.3902890418005447E-017   6.5469821472786379E-018  -7.8259854916828684E-017   3.0844881117217369E-017   1.1789227377018652E-016  -4.2061435056401419E-018   2.0137151004609193E-010  -1.0525144581918966E-010   1.9785656128008991E-009  -1.3960521905718584E-008  -1.4291336361870118E-017  -7.3732833009456085E-017   8.6578551166396517E-017   1.3563196221486331E-016   5.3320308328054119E-017  -1.1645834819686395E-016  -3.6559722205312119E-017  -1.4626226737858913E-016   1.2278268996689531E-016   4.4487656349588666E-017  -2.9504756220107741E-016  -1.3202149729578440E-016   1.7525895431950105E-016   2.5340728167582668E-016  -5.5948985203454058E-016   4.1562955715297150E-017   1.2992124221885334E-010  -6.8643225707441659E-011   1.2861272668241100E-009   1.5381947289939609E-010   1.5886285059720786E-011   2.5432935353271158E-010  -2.9882229527146878E-008  -1.3355869621334978E-009  -3.8361395703675786E-012  -1.0549821204230205E-016  -2.4684283487000471E-017   3.6381521374935251E-017   7.1989206395265193E-017  -1.0219962983055686E-016   3.3505942902322567E-017
   1.0232579448207087E-009   7.5525688097954769E-010   1.0857744472981490E-009  -8.5517153930580700E-009   1.0977543643844178E-016   4.9368262055571956E-017  -6.3190584664978534E-016  -2.9901740795175697E-016  -1.2792091608697752E-015   1.8925667272343102E-016   2.0441653362291234E-009   1.5088450216046503E-009   2.1690414140981345E-009  -2.0592486542647736E-008   3.1396728318479067E-016  -3.2243020319165772E-016   7.8406869575513659E-016   4.9218778284412205E-016   4.1762104959886090E-016  -9.1341870004251408E-016  -9.1358178805020536E-017  -6.8931809219315271E-016   4.4500086805534908E-016  -7.0621734864044899E-017   1.1698943604075046E-017  -3.6690175337608209E-016  -3.9383065041262677E-016   1.5957566245472046E-016  -5.2690185768827655E-016  -1.7110427588168955E-016   2.5286851046932769E-017  -3.4925055011843376E-017   1.3415577058623531E-017  -1.7294774884044032E-017  -3.6568064535393232E-018  -2.7175725469517535E-017  -1.0665370775139771E-017  -1.8382726875925092E-017   6.1166191970132100E-017   2.8603643168614143E-019  -8.3905517668837056E-018  -8.2572346200339062E-017   3.1986182043297626E-017   8.5298015786179974E-017  -2.7684246610725026E-018   1.5588329862994011E-009   1.1522140592580022E-009   1.6536824864856758E-009  -8.4499730580577219E-009  -1.1097560250932517E-017  -4.6878176838339414E-017   5.1976960480043371E-017   8.4226529856023540E-017   3.2443944728992538E-017  -6.9337527287176259E-017  -1.8848521906920811E-017  -8.6302900726759889E-017   7.2166688725714450E-017   2.5586787281254158E-017   2.1033747087323105E-017  -9.9366675139327092E-017  -3.0093996829046029E-016  -6.0162574533073975E-017  -5.1194131317462502E-016   3.9081948204753621E-017   1.0146270505878927E-009   7.4872446513957195E-010   1.0766558378440488E-009   2.5029943513105520E-011   1.8082226913940701E-010  -1.1891168733284992E-011  -1.8045632650488461E-008  -1.2538986294812840E-009  -4.4096184694996426E-012  -3.0247198073027733E-017  -7.1206751939990582E-018  -5.6786376445072785E-017   1.7050404069797508E-018  -8.3909648539567292E-017   2.8540302306189330E-017
   7.9355194780349087E-010   1.4711527938984086E-009  -1.9219953362197934E-009  -7.7106079390249580E-009   1.7283296328850111E-015   8.1172108514231101E-016  -2.4580429429524341E-015  -2.6648232908049087E-015   2.6725107611642683E-015   9.3650688938637712E-016   1.5852788832222689E-009   2.9389572656904974E-009  -3.8395196150348396E-009  -1.8569308039838178E-008   2.5212049624858380E-016  -2.9103514503706801E-016   6.6965818337854123E-016   4.1762104959886090E-016   4.4084715241319929E-016  -7.5587591024502031E-016  -1.3241652353911386E-016  -5.2109881607715105E-016   4.6869232163285136E-016  -1.1073172849376233E-016   1.8097428337254194E-016  -1.4916035804230019E-016  -8.5851563727622619E-016  -7.9595076012623106E-016   6.8734931517674886E-016   6.1512971583961824E-016   7.6091566634371819E-017  -1.9622128721877313E-017  -1.4460059498540049E-017  -4.2282122289706390E-017   8.2438042040785526E-017  -9.1427806061097952E-017   3.1824223625691948E-017  -5.9361348633774185E-017  -1.6370747951129112E-017   5.8705354485743469E-017  -5.5707438100198856E-017  -4.8430469114405520E-017   1.4009614029442631E-016  -1.3015190085871235E-017  -2.7732661920939291E-017   1.2088415700389808E-009   2.2419538768812905E-009  -2.9266515669915398E-009  -7.6108837170508498E-009  -1.2441371128913532E-017  -4.3170482072244014E-017   4.6315930732241128E-017   7.0585517046502044E-017   3.8542104178270376E-017  -5.3893628037222374E-017  -2.3242047922241803E-017  -6.8170697206726985E-017   7.4354150463901101E-017   1.6286340327118568E-017   5.3045948670860216E-016   2.0256893024263165E-016  -1.0450351350894911E-015  -1.0173091381185156E-015   1.0209287616028786E-015   4.8680753525333998E-016   7.8686414246489467E-010   1.4586658652793720E-009  -1.9059123624690670E-009   1.3813676547116291E-011   1.1421177662281954E-010   8.2196866026369973E-011  -1.6271437084262882E-008  -9.3823059265387263E-010  -2.3556751509055293E-012   1.1231849680365692E-016   5.9039172862033114E-017  -2.3449464373332525E-016  -1.8185331359455994E-016   2.4686166174751991E-016   6.9533148049545361E-017
