  0.12509365290788746        2.8299063680287565E-016  -4.7950518122583709E-015   3.9831889863313133E-015  -1.8928696423288892E-016  -1.2060623982953299E-017   2.0786536043167550E-016  -1.4699601381814257E-016  -7.8790744172620587E-019  -1.4211761657449679E-016   6.3193238683937766E-002  -4.9443032564847696E-016   1.2257487485004802E-015   9.9240264718547456E-015   1.6582569135651203E-013  -7.3370591363819035E-017   1.7606297614157711E-016  -1.8384428611091902E-013   1.6493046201009911E-017  -4.0186876473338964E-014   7.0130690356685311E-017  -8.1531711731215201E-017   2.8822463967158412E-017  -2.0995935690802202E-016  -1.3988175968233727E-016  -1.6319092966105328E-017  -8.8755699253941600E-017  -2.8016598314076574E-016   3.0654041136833727E-017  -2.6658671290954824E-016   4.8692117338471744E-002   3.4655293940978777E-017  -7.9786833765322991E-016   6.1867456936323240E-015   7.7504899727478239E-018  -9.3657989559379083E-019   3.0061637816647344E-018   1.7240213503599490E-017   8.3913709436729095E-019   1.2248784181807105E-017   2.9105431420289724E-018   6.6316364707091691E-019   6.5279405556819845E-019   5.1341240671138065E-019   2.9880917119838007E-017   4.7630825426659625E-018   2.0834772380003673E-017  -3.5547133646762067E-019   3.7020206038562686E-017  -9.3218118383608534E-014   3.1488532801048513E-017  -1.0069627996970613E-016   1.0139435780119200E-013  -4.2278992807700739E-017   1.3374229007290291E-014  -1.0601660547314918E-017   2.4917193682397098E-017   6.6953737043833385E-018   5.3279582524626119E-017   1.5196784141125813E-016  -2.0514063132643811E-016  -2.5236416352595459E-016  -3.1303697484628828E-017   2.3513340956533115E-016  -2.2506998920748892E-016  -1.8962568930604686E-002   7.6325956053862675E-015  -1.8024556123943962E-014   1.2553590741709380E-002   3.0648440437552840E-015  -1.7782025610420315E-014   1.3875229092671790E-015  -1.3310173258141932E-015  -1.9793952659614115E-015  -1.3498141920447479E-016   1.6020849488162352E-015  -1.2813642740056694E-015   7.9892274727202696E-015   3.4691426063158454E-014  -1.3577144625541401E-003   4.8209332571010666E-016  -8.9442066154044984E-016   2.1206524583425268E-014   2.1773403360770120E-015
   2.8299063680287565E-016  0.12509365291488794        7.5330751211603614E-015   7.0437345714990502E-016   1.1440647213976424E-016  -1.6295624341053251E-017  -4.2774067587533427E-017   9.4930793319001408E-017   2.2551837241693675E-016   6.7874848981951073E-017   1.3463022193188068E-015   6.3193238681919714E-002   6.4477508229898567E-015   6.2703585162101212E-016  -4.4060943676261910E-016   1.7711904932142651E-013   4.2529916326977202E-017  -2.7697896534761896E-016   1.5557587042962179E-016  -2.0136411413565251E-016  -1.7399437521341444E-013   2.9054918355733027E-017   6.5512841240726045E-014   8.5117253004301710E-017   2.6081716744167038E-016   1.0391986593104571E-016   1.5017647904689530E-016   3.6748601830516558E-016  -1.0321670135743247E-016   1.4325000289615299E-016  -1.8206768905949349E-016   4.8692117339100172E-002   2.2806745459857117E-015   1.3811724506471991E-015   5.0158992359330380E-017  -3.9167379032202115E-017  -4.2068020665732338E-017   2.1133348112806314E-017  -1.8248742260108424E-017   3.0820508586786796E-018  -4.0054795420299585E-017  -1.9371541961337841E-017  -1.7233144121228034E-017  -4.1800955536931097E-017   2.3368381017795150E-017  -4.0401309329223818E-017  -5.1350999539776242E-018  -4.1393044629240157E-017  -3.7646272123669053E-017   4.7525830929832473E-017  -8.2974060078552005E-014   6.5966831663607766E-017   5.0336908519132668E-017  -6.2276849877865447E-017   2.1156382460475409E-017   1.0162613088267486E-013   9.8386742955909855E-018  -4.2688605991580107E-014   1.6530667255554315E-016   4.5967382585207256E-016   6.6545295466188828E-017   1.5069892445249455E-016   7.2955851089923047E-016  -3.9217674693346617E-016  -8.3239830990998050E-016   3.5901221539765789E-015  -1.8962568899584482E-002   2.0126869792744187E-014   3.1755961790330467E-015   1.2553590776850834E-002   1.1770354852694126E-014   2.3610651513554981E-015   4.8508588445211057E-016   1.0892982752501958E-015   4.2571215016201599E-015  -3.0277557031315645E-015  -6.5768304098331393E-015   1.0310637759487961E-015  -8.0950580122626375E-015  -8.4889022853256650E-016  -1.3577144605084856E-003   4.0772483911972881E-015  -6.7963710714225894E-015  -3.4577509945156379E-015
  -4.7950518122583709E-015   7.5330751211603614E-015  0.12509365291075530       -3.5157078731957742E-016   3.0829044127521702E-016   3.9419722751205004E-017   9.5620478746263882E-017   3.0746106214166114E-016  -4.2752363318531306E-017   2.2636556893842458E-016  -3.3871932829907427E-016   6.5052938874708896E-015   6.3193238683076108E-002   3.0690782221947839E-016   1.7476042244967536E-016   9.4560478997439463E-017   1.1794733551974725E-013   7.0947673014966981E-017  -3.4970475819025330E-017   3.5490205948338528E-016   2.1398417616412546E-016  -1.3695565587850417E-013   9.5468361842377027E-017   1.3144608304486260E-014   5.8912366155319586E-016   1.2533948429890409E-016  -2.6467468494778970E-017   1.0563652978538764E-015   1.4384346726882942E-016   9.7980123526785303E-016  -5.9863440623591136E-016   2.5374715178356377E-015   4.8692117338769568E-002   2.1393852859618529E-015  -2.4948242790542343E-017  -8.1952640845830257E-017  -5.1527616138823552E-017  -6.7476451957077155E-017  -2.0425508973710024E-017  -5.0536736432963899E-017  -7.9716464340332903E-017  -2.3221898481592103E-017  -3.4414297580876982E-017  -5.2052714703742665E-017  -2.1233532020888580E-016  -4.7556279187868623E-017  -1.0872681669418438E-016  -4.6266599534899123E-017  -1.6805076476561025E-016   4.5271129650397357E-017   4.2491388538243027E-017  -5.6185519510812160E-014   3.0530380020480905E-017   1.4719955146922907E-017  -8.0195421977767486E-017   9.8597472494180500E-017   7.1751022967678320E-014  -2.1107656190277180E-017  -1.5412712953627491E-014  -4.4129485646418272E-016  -1.4564171680012391E-016  -2.9410326051447284E-016   4.6071908589564140E-016   1.4416223322133959E-016   2.5430988769643086E-016  -4.2049716115917997E-015   1.9605306558744787E-014  -1.8962568918833307E-002  -1.7926938760086429E-014   1.2182735161709597E-014   1.2553590755366065E-002  -3.5907664308281024E-015  -1.0709822469866374E-015  -2.2182581213222664E-015   2.4967173653509119E-015   9.7832715806854426E-016   1.1926042418196786E-015   1.0049916353330337E-015  -5.0321459775790351E-015  -2.3211111808010162E-016   1.0458320647753370E-014  -1.3577144617780092E-003  -6.7161790915558747E-015  -4.9484537431431811E-015
   3.9831889863313133E-015   7.0437345714990502E-016  -3.5157078731957742E-016   9.2773147054979133E-002   6.0978474410493064E-012   9.2021457024749208E-016   3.9403355643948582E-015  -6.9921540740617366E-012  -2.9266192860587199E-015   9.1483565097467067E-013  -4.1313073182241960E-016  -3.5869753668535783E-016   7.1373713611456595E-015  0.25677606142518172        8.7733559858819475E-016   2.8801272051942208E-016  -2.4033441202481020E-016  -5.6432428505677125E-016  -6.7070247424992973E-016   3.9068968701403536E-016   7.2014589538552463E-016  -1.9969460396102511E-017  -1.7928970853923010E-016  -3.8422071421954813E-016  -1.1906110799307081E-011  -2.6389417799297069E-016  -1.0163634637651154E-014   1.3797523971035809E-011   3.2804145304353250E-015  -1.7443576294617499E-012  -2.4722400657450252E-015  -2.3227243427620383E-016  -3.7810761443738363E-015  0.16135146581676957       -4.2784613019629118E-015   3.9089177560239691E-017  -4.8810004087543940E-017  -1.5321764967151712E-015  -3.6166923677202323E-017  -4.0741730065995353E-015   2.9043966104737742E-017   3.5349808060777572E-017  -4.6489427259933550E-017  -8.3229473602582957E-017  -3.9098773028721014E-015   1.1348608485535571E-017  -7.9305193677004029E-015  -1.5380736934065402E-017  -4.0921386381361525E-015   5.5730935507125504E-016  -1.0579042557364206E-016   1.1078396849745170E-016   5.2548556163667378E-016   2.2091054545068341E-016   2.6380039532121799E-016   1.5306317244840937E-016   4.4297240843976457E-017   1.6192086025222284E-016  -1.9933119977862281E-016  -8.2131086810552256E-013   7.9995378082767614E-016  -2.0073564034732652E-015   9.8441684325388627E-013   1.8110699974536210E-015  -6.3929196826160639E-014  -1.3211466278407791E-014   2.2282409273903474E-014   9.0622646794403833E-014   1.4101111437630268E-014   6.6009385894936260E-015   4.4208898599239902E-014  -1.3588755830335653E-011   2.0408301724693650E-015  -1.4257011294107296E-014   1.5455728860102382E-011   1.8909895176491303E-014  -1.8192575805987238E-012  0.21199668922935611        5.0181045214894573E-003  -3.6894139825981133E-016  -1.6303216444038386E-015  -1.7075927565598542E-015   2.1741328313175701E-004   7.1199197639689493E-005
  -1.8928696423288892E-016   1.1440647213976424E-016   3.0829044127521702E-016   6.0978474410493064E-012   2.6092093957119688E-007  -8.5502216880903394E-019  -2.5839048543781312E-018  -1.3046046987592156E-007  -1.2175941013287802E-018  -1.3046046968616853E-007  -1.0285487344577234E-016   6.1180805396291874E-017   1.6013874499936426E-016   1.6887804555648933E-011  -6.9161404794459957E-019   9.6859316571116570E-020   6.0462503823084990E-019  -2.1092811845216217E-019  -2.0333610846241408E-019   4.9998890687760559E-019   3.6513390422910789E-019  -3.2575548095724462E-020  -6.8936008361789949E-020  -1.4697813307843743E-019   2.0322698533231915E-005  -2.4556508230272808E-018  -9.7453368445387791E-017  -1.0161349270304464E-005  -8.7151480368655607E-017  -1.0161349262915552E-005   1.9629273575974073E-018   4.7953983104014937E-018   1.0225973598049298E-016   1.0635214865318705E-011   2.1675430714232333E-016   1.4371519950262530E-019   3.0137624411229660E-019  -2.9029065711090467E-016   1.4341542097153249E-020  -8.8629281309347045E-017   3.3926708381634920E-019  -9.9341551198537163E-020   3.4668358802518828E-019  -2.1028707573312195E-019   1.4174847895330051E-016   1.4320556554910662E-019   5.2283367917512763E-017   1.5572422104116777E-019   2.5550490383557917E-017   4.4968756617018983E-020  -1.7984185419056381E-019  -5.3283343258986107E-019   2.3805910222728961E-019   7.9470302506775863E-020  -2.2782958690563310E-019  -1.2978239845853574E-019   1.1713924838288436E-019   8.1899411870260078E-020   1.0647175559846915E-019   9.6723650600257142E-005  -1.1479159845110811E-017  -4.8149820776529477E-016  -4.8361825317329974E-005  -4.1105739285725040E-016  -4.8361825282909713E-005   7.7897153263268316E-015  -4.2867589723668135E-015  -1.7991683633763056E-015  -1.1014097510992424E-016   5.8366939782387494E-018   3.7772322691560920E-017   6.7206452422961598E-004  -8.7022350077344413E-017  -3.3092591614632461E-015  -3.3603226224265310E-004  -2.8541267397087832E-015  -3.3603226198688536E-004   1.4045255489893267E-011  -3.5491334441054261E-013   5.4445963500594500E-016  -2.2424864678507908E-015  -7.2481925122921460E-017  -1.6513060397319450E-013   1.0107642390928373E-014
  -1.2060623982953299E-017  -1.6295624341053251E-017   3.9419722751205004E-017   9.2021457024749208E-016  -8.5502216880903394E-019   2.6092094256403216E-007   4.9629044746632323E-019   1.1005788226099006E-018   6.2576994635530245E-019   5.0928852726671198E-019  -7.3570846466447708E-018  -7.7235098348550158E-018   2.4367761817439733E-017   2.5588969955368202E-015  -5.2092884914769701E-020   1.0482574398032121E-019  -7.3073771196470028E-019   1.3147173052969252E-021   3.2584460929733321E-019   2.4250875244324597E-019  -2.4931310033315982E-019   2.1236815629796532E-019   1.6221562357617935E-021  -3.8204211407627164E-019  -6.3136058870720539E-017   2.0322698646883055E-005  -2.9519166661075466E-017   9.8123243529409654E-017   4.2517165789714111E-017  -3.4080692417232636E-017   2.1510598495066826E-017  -1.0743597621411527E-017  -9.4440880270952645E-018   1.5771507776251483E-015  -1.2181806468030301E-019   2.9180971359251201E-016  -6.7954321961100886E-020  -2.1989928048895058E-019   1.7138387529163000E-019   4.5758070454962327E-019  -3.0166373479688348E-016   1.8496075044339619E-019   1.9806039332382899E-017  -2.5783111539943823E-019  -7.3542214499920912E-019  -1.5346050002029828E-019  -2.9668111910803280E-019   2.3670348770795496E-019   6.4834278957338033E-019  -3.2538174444367436E-020   2.4360329736302887E-019  -1.3941239688815109E-019   1.4424543201618687E-019  -2.2831970704950063E-019   1.1365524512289953E-019   4.3500182622271315E-019  -5.9108354164525905E-019   7.5314600549427885E-020  -8.0362379379380282E-019  -3.0356145846904041E-016   9.6723651160142153E-005  -1.3909371135244530E-016   4.5851929786481714E-016   1.9906050652198271E-016  -1.5499098534970648E-016   3.0689047032734250E-015  -3.7185500167777314E-016  -2.7958332156145898E-015   4.1173928133917044E-017  -1.3090246222765752E-018  -2.9470933919876360E-018  -2.1173513531115851E-015   6.7206452808183032E-004  -9.6652355425122893E-016   3.1912713926437159E-015   1.3867509195348331E-015  -1.0752534414447077E-015   2.0886880858235388E-015  -1.2651660020916007E-015  -3.1923348460613736E-016  -1.8218516769350013E-016  -4.0471134935745510E-015   1.1004313690503209E-015  -1.8747778213339118E-015
   2.0786536043167550E-016  -4.2774067587533427E-017   9.5620478746263882E-017   3.9403355643948582E-015  -2.5839048543781312E-018   4.9629044746632323E-019   2.6092094136026626E-007   5.6525184479650553E-018   1.4356989962889032E-018  -2.9884614275701661E-018   1.1529880197188281E-016  -2.1304739225926517E-017   5.6496492746143260E-017   1.0892351285022606E-014  -3.8748087739331878E-020   9.4742154280015003E-020   4.8017238793819171E-020  -2.0328422268490325E-019  -6.2824511849933196E-020   2.3557076057755017E-019   3.2688527399329885E-019  -2.0252627636949448E-019   1.5875911696825443E-019  -2.4165691758731810E-019  -9.5612298730997926E-017   6.8317213231768037E-017   2.0322698601254739E-005   2.3432056186852851E-016   4.7957191466546664E-017  -1.3151052962988125E-016   3.2077290106418048E-017  -2.7572318968774803E-017  -2.6485915081597580E-017   6.9111758923182456E-015  -1.0920971052471475E-018  -1.0902596917845106E-019   1.8983560161724357E-016  -6.0361502956173274E-019  -1.6654238851972471E-019  -1.8393534323897887E-019   2.4513644252450999E-020  -1.8053658406189127E-016   3.0640156997861951E-019  -4.9787940197111102E-017  -4.5214044571089666E-019  -4.3471245657368317E-020  -3.2628469819698807E-019  -3.0199211542683164E-020  -6.0406759180629045E-019   6.4091679909604275E-020  -1.7055040866962420E-019  -3.4919375938910095E-020  -1.4748944051198208E-019  -4.0131854767220257E-020   1.8711565570379704E-019   3.4886432079830310E-019   2.8168356825318718E-019   6.8363051720884205E-020   3.5178420949610925E-019  -4.8564411553291379E-016   3.2251962169548744E-016   9.6723650936635596E-005   1.1292464440311662E-015   2.2926242082273086E-016  -6.4093029316730798E-016  -4.8378352735102076E-015  -1.1431712188848666E-015  -6.9804113837717277E-015   5.2406106450432431E-017  -5.7010586540065295E-018  -2.7915676080922199E-017  -3.3431911538997311E-015   2.2452626786193806E-015   6.7206452653146361E-004   7.8129050422840942E-015   1.5962650351988479E-015  -4.4707721518273619E-015   9.1237712051047751E-015   1.2698879135059168E-015   2.4478348934549223E-016   3.2214844207919201E-016  -2.4594426255823769E-015   1.4197444420153444E-015  -5.8820270457155118E-016
  -1.4699601381814257E-016   9.4930793319001408E-017   3.0746106214166114E-016  -6.9921540740617366E-012  -1.3046046987592156E-007   1.1005788226099006E-018   5.6525184479650553E-018   2.6092094322396611E-007   1.0227504479137319E-018  -1.3046047336644867E-007  -8.2723835527108713E-017   4.6723251158933532E-017   1.6094668070290565E-016  -1.9363639841066285E-011   5.8611755513402391E-019  -1.5724221894306626E-019   5.2508435685822827E-019  -1.3381866299743627E-020   3.5014685350787769E-020   6.5710923910641160E-020  -4.6025750611354097E-019  -2.6556823524758814E-019  -7.0944540891050041E-019  -2.5192962037827953E-019  -1.0161349269660938E-005  -1.2431268536313710E-017   1.9974045972086594E-016   2.0322698671848687E-005   3.6541443729829206E-017  -1.0161349402219424E-005  -1.4526588832244724E-017   2.7861772292075506E-017   4.5332296071358166E-017  -1.2195750625365303E-011  -1.3631872906887690E-016  -6.4147538469932146E-020   7.8655561160491015E-020   2.8598855133720917E-016  -2.0748691587501804E-019  -5.7679453556187816E-017  -2.7335188747949679E-020  -1.6806979031808860E-019  -1.0202088117082353E-019   2.5143990912593440E-020  -2.5774184258314238E-016  -1.1086283062699350E-019   1.4402168621185790E-016  -8.1227629872574226E-020  -5.5089328379266543E-017   1.8842895043940287E-019   7.9652535694485854E-020  -6.1917924043055530E-019   1.3729914436113836E-019  -9.6818666065685708E-021  -1.4405649142544183E-020  -7.3616572949224116E-019  -1.5408953815328047E-019   3.1655434162881607E-022  -2.3588634581460167E-019  -4.8361825314204978E-005  -5.1276140375036896E-017   9.7404858168711215E-016   9.6723651282071271E-005   1.7725358876613555E-016  -4.8361825967919521E-005   4.6610941774036681E-015  -1.3439541265925829E-015  -8.3310819783256286E-015   2.3227466338270402E-017  -2.1150345439707034E-017   8.4673876379398767E-018  -3.3603226222089045E-004  -3.5600295166256777E-016   6.7442342315936098E-015   6.7206452893203488E-004   1.2237511153255351E-015  -3.3603226671133460E-004  -1.6105453621957508E-011   3.5045430650549374E-013  -1.0665085872740654E-015   2.2244500606332057E-015   2.9773056272995582E-015   1.6805910242506859E-013  -5.9420282427411981E-015
  -7.8790744172620587E-019   2.2551837241693675E-016  -4.2752363318531306E-017  -2.9266192860587199E-015  -1.2175941013287802E-018   6.2576994635530245E-019   1.4356989962889032E-018   1.0227504479137319E-018   2.6092094332228816E-007  -2.1799919929956451E-018  -1.6880447772475980E-018   1.2306588248405914E-016  -2.0006774920396005E-017  -8.1174704538758571E-015   1.7777049580760812E-019   5.9854659150145884E-019  -2.1650241173813524E-019  -1.8975809690844924E-019   3.4923530791945650E-020   4.9950566794549541E-020  -2.3045551084196601E-019  -9.2180168928045066E-020  -4.4445179638921444E-019  -2.7661820481043130E-019  -1.0762012274242701E-017   7.6170384903630372E-018   6.4328937506780021E-017   3.7239029762251792E-017   2.0322698675611831E-005  -3.3937486718231915E-017   4.3674242726058127E-018   2.4210978936848053E-017  -3.1318408371564047E-017  -5.0942959189639534E-015  -4.5784071503469515E-020  -3.1916699046794176E-019  -2.7878800201683976E-019  -2.3163671241950604E-019   1.6592236498275268E-016  -2.7863264881068275E-020  -3.5298282722015377E-019   1.0956699400959466E-020   3.6103414609775783E-019  -2.5626932906997790E-019   2.4846011299159716E-019  -2.3571958895447619E-016  -9.0576006609803417E-020   1.1721117431187954E-016  -1.5875499374428597E-019  -2.3505718634186813E-019   1.1648872776067286E-020   2.4852556073750356E-020  -9.7671079884121308E-021   1.2775471840150091E-020   3.8445220878531786E-020   1.7664774646065940E-019  -3.2540127203371389E-019  -3.1494428830824066E-019  -8.7300322897501296E-020  -4.4044068877422962E-017   3.2138603849467116E-017   3.0192775940242279E-016   2.0150909851137116E-016   9.6723651300778326E-005  -1.6738474497737059E-016   4.5003402005737100E-016  -6.7415939021228579E-015  -1.5281056332899551E-015  -2.8940202478541488E-018   3.1831739395711154E-017   1.0170075077864364E-018  -2.8369389961225595E-016   2.2475243690845999E-016   2.1037408042213588E-015   1.4070494686617258E-015   6.7206452905849883E-004  -1.1318250117842740E-015  -6.6503049073181339E-015  -1.1429415295299335E-015  -1.0434654341491188E-016   2.6465114895065366E-015  -5.0802720305728247E-015   2.1560344355176064E-015  -1.7439963722248652E-015
  -1.4211761657449679E-016   6.7874848981951073E-017   2.2636556893842458E-016   9.1483565097467067E-013  -1.3046046968616853E-007   5.0928852726671198E-019  -2.9884614275701661E-018  -1.3046047336644867E-007  -2.1799919929956451E-018   2.6092094306191452E-007  -7.7151307239349947E-017   4.6085534529691818E-017   1.1889857786008165E-016   2.5333670623750013E-012   1.0549648478868186E-019   6.0382908800585062E-020  -1.1297093900202784E-018   2.2430999585733457E-019   1.6832142294822621E-019  -5.6569982840178292E-019   9.5123594511487860E-020   2.9814377680910910E-019   7.7838141963341315E-019   3.9890775455533669E-019  -1.0161349262861662E-005   7.3680557198233630E-017  -9.6044172199128406E-017  -1.0161349402977688E-005  -1.3436196525863894E-016   2.0322698665859128E-005   2.1372946144392185E-018  -4.0510751546542162E-017   5.7681127150584442E-017   1.5952960106204181E-012  -8.0435578064024517E-017  -7.9567660146244826E-020  -3.8003180523780792E-019   4.3021057534197370E-018   1.9314537228441401E-019   1.4630873486905235E-016  -3.1193189593807657E-019   2.6741134146959891E-019  -2.4466270682049852E-019   1.8514308478241793E-019   1.1599336364794349E-016  -3.2342732782060152E-020  -1.9630505414071298E-016  -7.4496592250998802E-020   2.9538837999246550E-017  -2.3339770282417392E-019   1.0018931555612003E-019   1.1520126711398193E-018  -3.7535824976390088E-019  -6.9788435865196966E-020   2.4223523604564621E-019   8.6594812990532773E-019   3.6950292650810853E-020  -8.2215967312151777E-020   1.2941458975540719E-019  -4.8361825282676270E-005   3.4257715674885484E-016  -4.6283788543222362E-016  -4.8361825971563728E-005  -6.4655011194933101E-016   9.6723651254275756E-005   6.5460398064204279E-015  -6.8498360736255724E-015  -3.2148319679725197E-015   7.4714276762803005E-017   1.9637204979776498E-017   1.3208681860513717E-017  -3.3603226198526876E-004   2.3873102957931437E-015  -3.2285239347915781E-015  -3.3603226673678598E-004  -4.4865837158990858E-015   6.7206452872216739E-004   2.1073682895043507E-012  -6.8142962273712467E-014  -6.5829665006047642E-016  -2.4975237379023208E-015   1.8957591590486511E-015  -3.0423150835588449E-014   5.3002458481824267E-015
   6.3193238683937766E-002   1.3463022193188068E-015  -3.3871932829907427E-016  -4.1313073182241960E-016  -1.0285487344577234E-016  -7.3570846466447708E-018   1.1529880197188281E-016  -8.2723835527108713E-017  -1.6880447772475980E-018  -7.7151307239349947E-017   3.1925647351886584E-002   3.7210884754295023E-016   1.6982600015917650E-015  -7.9833609400659119E-016   8.4679402113725664E-014  -3.7549597099000647E-017   8.9818898078431149E-017  -9.4092557543974657E-014   1.0452656817334066E-017  -2.0531521799422118E-014   3.6189306306935775E-017  -3.9234397650440331E-017   1.4676265119747510E-017  -1.0831827379735589E-016   4.4795955727611597E-017   1.6019260473493975E-016   3.3527032158683627E-016  -4.1451275123473776E-016  -4.7356702336362869E-017   1.3578939945432775E-018   2.4576999501206596E-002   3.9926695293131116E-016   4.3712175395146065E-016  -2.4686164774308643E-015   4.3063094445373090E-018  -9.1889174579919238E-019   1.7691763306434444E-018   9.3595382555058366E-018   3.9726313869848439E-019   6.2838190598333290E-018   1.5994653437290014E-018   1.8191913829317815E-019   7.8903239008909218E-020   1.3281796173631205E-019   1.5286012660011049E-017   2.7887708658813861E-018   1.0764913829007040E-017  -4.9423019877245336E-019   1.9135513880339480E-017  -4.7489994033133328E-014   1.4691346277684490E-017  -5.1227691583615149E-017   5.1570870125570888E-014  -2.2141105137717678E-017   6.7661490170084776E-015  -4.9929266331830192E-018   1.1591760205119329E-017   4.4294568105414331E-018   2.7364909068444033E-017   6.5130245061582674E-016   6.7367762815964437E-016   1.6904069207442204E-015  -1.2613333442848867E-015  -1.7198335547912283E-016   5.5336091170582022E-016  -1.1803247030721815E-002  -5.2747402659025485E-015  -5.0570363051351529E-015   6.3374593619329412E-003   1.6943240573106558E-015  -8.6714471407189480E-015   4.7117327070304586E-015   4.7450315066983168E-015   1.1609484305653637E-014  -8.7342654720538544E-015  -1.2191766636194059E-015   4.0063191550409972E-015  -1.1512656392413732E-015  -8.7215096411555177E-014  -7.5322605093308085E-004  -8.4202520836660746E-016  -4.6074461622268828E-015  -5.5491701639491874E-014  -6.0803599400956424E-015
  -4.9443032564847696E-016   6.3193238681919714E-002   6.5052938874708896E-015  -3.5869753668535783E-016   6.1180805396291874E-017  -7.7235098348550158E-018  -2.1304739225926517E-017   4.6723251158933532E-017   1.2306588248405914E-016   4.6085534529691818E-017   3.7210884754295023E-016   3.1925647348042971E-002   4.8308136868635768E-015  -1.7756677638808954E-015  -2.2075266604479058E-016   9.0542670382473994E-014   2.1383204714696810E-017  -1.3928475023938938E-016   7.9334260939069571E-017  -1.0071156457885400E-016  -8.9188703509958624E-014   1.6766138765834366E-017   3.3505391674998720E-014   4.3269593790084621E-017   2.5170978041643417E-017   5.7863354135470378E-017  -6.1380357776396014E-019  -5.9732087421977126E-018   7.6011800044747307E-017   3.8846269629048002E-016  -3.8557489434262291E-016   2.4576999499446608E-002   1.3137601683201943E-015  -3.1332664031343911E-016   2.4321352026159530E-017  -2.1778970512667791E-017  -2.1020878603403716E-017   1.1277565527432188E-017  -9.0820620442603866E-018   1.7958370037267401E-018  -1.6810770809477556E-017  -1.0219578554026037E-017  -8.5527665864834310E-018  -2.2573018906280446E-017   1.1551971440766976E-017  -2.2093817349941186E-017  -2.6577654402519432E-018  -1.9466659364765512E-017  -1.9975739876584615E-017   2.3660565540645041E-017  -4.2403939588544981E-014   3.4891048134306347E-017   2.5392598691590781E-017  -3.1966117453378143E-017   1.0543375224002498E-017   5.1646673425210984E-014   4.6638137582964744E-018  -2.1765956087241024E-014   8.6044235576151825E-017  -3.0181120461664200E-016   6.3127799380066019E-017  -2.8215149161776847E-016  -5.9892942716521035E-016   4.4597370815526598E-016   1.0933896615863575E-015  -1.4926197657990710E-015  -1.1803247006242641E-002  -6.8256404484609555E-014   1.7274804310853645E-015   6.3374593789834567E-003   7.9032605030157865E-015  -2.5416189407969040E-015   4.6177302539064240E-016  -1.9449151353276137E-015  -4.5618170598992177E-015   2.9198300627612723E-015   7.1359951099040856E-015  -1.1584995320567890E-015   1.2792326269316068E-014   2.0741372619979464E-015  -7.5322604856569071E-004  -3.7191112425362245E-015   1.7355575762981603E-014   9.2266073482630126E-015
   1.2257487485004802E-015   6.4477508229898567E-015   6.3193238683076108E-002   7.1373713611456595E-015   1.6013874499936426E-016   2.4367761817439733E-017   5.6496492746143260E-017   1.6094668070290565E-016  -2.0006774920396005E-017   1.1889857786008165E-016   1.6982600015917650E-015   4.8308136868635768E-015   3.1925647350274380E-002   2.0517732930682305E-014   8.6180705605212409E-017   4.8272567515361131E-017   6.0310044077085975E-014   3.3866142484516596E-017  -1.8040481783976806E-017   1.8112983639620497E-016   1.0878066197451204E-016  -7.0107592793506143E-014   4.8791300813723613E-017   6.8352449756933860E-015   5.0502742730996835E-016   1.5447224029202395E-016   6.2620250944414935E-018   2.7010680646156875E-016   4.5226880311552108E-017   5.9188915539034858E-016   8.6680924434384376E-016   1.2066789849185849E-015   2.4576999500502811E-002   1.3941020148490834E-014  -1.4412377279923270E-017  -3.8811167859551462E-017  -2.7223907511288246E-017  -3.6224706432399941E-017  -1.0088063648847793E-017  -2.7481489282459672E-017  -4.2293107473544940E-017  -1.1895948852152017E-017  -1.7241698600172693E-017  -2.4589594333775317E-017  -1.0738014220700813E-016  -2.2292521677387490E-017  -5.6750212633897056E-017  -2.5261228328199584E-017  -8.5006280669905023E-017   2.2924642812393923E-017   2.1168312667918959E-017  -2.8626285562339156E-014   1.5802731978425107E-017   7.8308339236698176E-018  -4.2113225492936420E-017   5.0726332063205000E-017   3.6630580759852894E-014  -1.0515622553161101E-017  -7.8411282637444577E-015   6.7914025389263106E-016   3.7661294589975269E-016  -7.4852577716133775E-018  -1.0583398767845418E-015  -3.5536334709215437E-017   5.2822557216809566E-016  -3.0643459725118942E-014  -9.6284073956978397E-014  -1.1803247020145497E-002  -8.8778300089023317E-015   7.5853048182382389E-015   6.3374593685281136E-003   4.4547065617848980E-015   2.5772530662675433E-015  -1.6461495073226410E-016  -7.7558727648970937E-015  -2.7931022427410553E-016   3.3551143024458059E-015   1.7222432577389724E-014   5.3992868010167265E-015  -2.8412708816405802E-015  -2.5360892158962025E-014  -7.5322604997155821E-004   1.7223751805837294E-014   1.9200026950035946E-014
   9.9240264718547456E-015   6.2703585162101212E-016   3.0690782221947839E-016  0.25677606142518172        1.6887804555648933E-011   2.5588969955368202E-015   1.0892351285022606E-014  -1.9363639841066285E-011  -8.1174704538758571E-015   2.5333670623750013E-012  -7.9833609400659119E-016  -1.7756677638808954E-015   2.0517732930682305E-014  0.71089188805424974        2.4737326929514272E-015   7.9279693467998461E-016  -6.5573538199969803E-016  -1.5270060277068037E-015  -1.8533844968156018E-015   1.1189835834911012E-015   1.9953430014095994E-015  -8.3278301964901773E-017  -5.2500223086115936E-016  -1.0960776276183413E-015  -3.2725406340392768E-011  -8.7585962915698672E-016  -2.8478178438437319E-014   3.7958167932146807E-011   6.8686991804501263E-015  -4.8233762168191908E-012  -7.8712251719168050E-015  -1.4357822242882077E-015  -1.1429432431226125E-014  0.44633585596927861       -1.1650114659826177E-014   1.1337300944049711E-016  -1.3579222210141684E-016  -4.2214388062462831E-015  -1.0120274743989333E-016  -1.1224948169706398E-014   7.9798113389797844E-017   9.5134651595847029E-017  -1.3478678344245750E-016  -2.3364702708345127E-016  -1.0652327411049527E-014   2.6504694448037585E-017  -2.1812180445393454E-014  -4.5995353930124820E-017  -1.1207663898983079E-014   1.6244316541338455E-015  -2.9758543569128725E-016   2.7769811436652310E-016   1.4793859082543271E-015   6.0821929842040482E-016   7.4645110875008020E-016   4.1095501218186644E-016   1.3273107748667914E-016   4.6725566411844509E-016  -5.5179928098621077E-016  -1.2631715642867051E-012   1.6970840953749641E-015  -7.4141404508520054E-015   1.7096548429152318E-012  -5.5293050639490077E-015  -1.6836293220743251E-013   6.9792051030972094E-014   2.1813406959041729E-014   8.5612920012679714E-014   5.6836037107926422E-014   1.7250109304388084E-014   1.2175237674929928E-013  -3.0294921226086857E-011   1.8385030397882382E-015  -5.1925774732931642E-014   3.5369989062239451E-011  -2.0900760522762373E-014  -4.9382495166558968E-012  0.58683025894431073       -5.5036272644447687E-003   1.4747523702389982E-014   1.1420476387874868E-014  -4.0542697065035377E-015   1.5060642026664191E-003   6.7698106834514408E-005
   1.6582569135651203E-013  -4.4060943676261910E-016   1.7476042244967536E-016   8.7733559858819475E-016  -6.9161404794459957E-019  -5.2092884914769701E-020  -3.8748087739331878E-020   5.8611755513402391E-019   1.7777049580760812E-019   1.0549648478868186E-019   8.4679402113725664E-014  -2.2075266604479058E-016   8.6180705605212409E-017   2.4737326929514272E-015   5.5406455954336761E-025  -9.9720032396162363E-029   1.0617645632353722E-028  -6.9184235922267121E-025   7.8155337758549353E-028  -1.3783622421486928E-025   2.4897807521772244E-029   1.2006350044245568E-027   1.5100308623304133E-028  -1.2681808521544959E-027  -5.3868673758875301E-017  -4.0574281449848882E-018  -3.0180243532960444E-018   4.5651728121480753E-017   1.3846248514596627E-017   8.2169456305504046E-018   5.6960886952455520E-014  -1.8673868514116468E-016   8.5460364647508840E-017   1.4652624114413118E-015  -4.3020279021717122E-028  -2.2381968849068248E-028   7.1074165808182667E-029   1.2155921415700736E-027   9.8525459957323490E-029   1.5070585840977723E-028   1.2239779954610203E-028  -2.7036724274032153E-029  -1.0105279997669789E-028  -4.6480926625037417E-029  -4.7738900519239260E-028  -1.3155765638933288E-029   1.5615639202050275E-028  -3.4766620502400919E-029   9.3494047720572606E-029  -2.7019085805102832E-025  -4.9377487728704256E-028  -1.3692566964427047E-028   2.6313293715593898E-025  -3.2686968291982049E-028   2.1438916261219567E-026   1.8013817706813631E-030  -5.6525525355812805E-028   4.0298810446305065E-028   2.6177553780599273E-028  -2.5638203311398974E-016  -1.9310883436649473E-017  -1.4363955285530008E-017   2.1727438321114292E-016   6.5899698391109408E-017   3.9107649903164403E-017  -8.4153836460294124E-013  -1.5720460965047391E-015   1.8467051519329751E-015   1.5096804618849365E-014  -4.7315854999109738E-017   2.1075591438989207E-017  -1.7814181747397445E-015  -1.3417772806795326E-016  -9.9805008551706536E-017   1.5096866595776006E-015   4.5789059003032433E-016   2.7173151516325728E-016   2.0213996317707621E-015  -4.7001613897444729E-015   1.2591550777931857E-014  -5.0342906393287015E-017   4.2386692717160912E-016  -2.7240530080110852E-015   5.1519209074839724E-017
  -7.3370591363819035E-017   1.7711904932142651E-013   9.4560478997439463E-017   2.8801272051942208E-016   9.6859316571116570E-020   1.0482574398032121E-019   9.4742154280015003E-020  -1.5724221894306626E-019   5.9854659150145884E-019   6.0382908800585062E-020  -3.7549597099000647E-017   9.0542670382473994E-014   4.8272567515361131E-017   7.9279693467998461E-016  -9.9720032396162363E-029   7.1094783841887966E-025   2.3716897480604534E-028   2.0809254248843516E-028   5.3444137357884362E-028   2.2601559099430019E-028  -8.0338304754127496E-025   6.6321285248200305E-028   2.6960052327961878E-025   2.6769729727590530E-028   7.5442095833162158E-018   8.1647029976956597E-018   7.3793089425846918E-018  -1.2247333461308863E-017   4.6619799064476509E-017   4.7031238872150040E-018  -2.4624398913621039E-017   6.0039516221148270E-014   3.2947760777252491E-017   5.0626528322524430E-016  -2.8479159302798550E-028  -7.5832653026022446E-028   1.0806151141903075E-028   1.0022040088702073E-028   3.9033158865033103E-028   1.1659751223614923E-028   1.3189848293009095E-027  -2.4472429120127099E-028   5.8825732873152583E-029  -7.2646097816425045E-028   4.8726405088770339E-029  -1.3247308760800442E-027  -1.1976791905820946E-028   8.4651655409630113E-028  -3.9564132076348795E-028   4.8190281479071883E-029  -3.2806581163119565E-025   6.8419691548308875E-028  -7.0867582405626761E-029  -3.0331435631804538E-028  -3.3540999487544019E-029   2.7700029386521745E-025   7.1367979559277080E-030  -1.4721435614775963E-025   1.3353686436130441E-027   3.5905836713084023E-017   3.8859006784634250E-017   3.5121010076348067E-017  -5.8289838106510245E-017   2.2188181110721035E-016   2.2384001399662223E-017   4.3092961640004983E-016  -9.8493799969891625E-013  -4.1849349467212839E-016  -6.5753731256937353E-018   1.5962236030770646E-014   8.7449471914324265E-018   2.4948437030847658E-016   2.7000386920575304E-016   2.4403116279700508E-016  -4.0501503061502419E-016   1.5417004308860410E-015   1.5553066031202463E-016   6.5661237616840496E-016   4.1418530991265785E-016   5.1232087052727715E-016   4.2879837541810496E-015  -1.5854725276751013E-015  -1.0509441339678610E-015  -5.3071077999998951E-016
   1.7606297614157711E-016   4.2529916326977202E-017   1.1794733551974725E-013  -2.4033441202481020E-016   6.0462503823084990E-019  -7.3073771196470028E-019   4.8017238793819171E-020   5.2508435685822827E-019  -2.1650241173813524E-019  -1.1297093900202784E-018   8.9818898078431149E-017   2.1383204714696810E-017   6.0310044077085975E-014  -6.5573538199969803E-016   1.0617645632353722E-028   2.3716897480604534E-028   3.2445388731794908E-025  -1.2078983448841617E-027  -1.4115858556068755E-028   7.4783677602574339E-028   3.7504100468729550E-028  -3.9964184263971533E-025   2.2474487748266228E-028   6.9570302831580924E-026   4.7093240989701521E-017  -5.6915946199811978E-017   3.7399827632237313E-018   4.0897946025837990E-017  -1.6863013102244264E-017  -8.7991187001340286E-017   6.1247095984966786E-017   1.7331726845831039E-017   3.9849930329088247E-014  -4.3052650283284586E-016  -1.6261483332968169E-028  -1.3267895932224177E-028  -3.6040694512907423E-028  -7.5081415735567603E-028  -7.2510306727532426E-029  -1.2572008253295156E-027   1.7024964989533455E-028  -1.1289067922587658E-028  -3.6794290350389650E-029   4.5671520030873689E-028  -6.6327671347225399E-028   6.6842447728383388E-028   2.3352239821334488E-028  -6.9738761644034080E-028  -3.0543322655364905E-028  -2.0817711854336081E-028  -8.2723716107168453E-029  -1.2443998663697231E-025   4.0795010324479679E-028   1.2988842839222685E-028  -5.2273545898583261E-028   3.6405023603258177E-028   1.8049335144111013E-025   1.5969117091760700E-029  -3.0731434591140434E-026   2.2413510568605450E-016  -2.7088519203372165E-016   1.7800037026111718E-017   1.9464928047345590E-016  -8.0257657956991769E-017  -4.1878438615635459E-016  -8.0953333788199194E-016   7.4909338892177302E-017  -6.7006840954046791E-013   1.6189636418524320E-017   4.4178513476348650E-018   1.0602757877588873E-014   1.5573569879884529E-015  -1.8821904111883746E-015   1.2367992047117226E-016   1.3524807556174488E-015  -5.5765393854911764E-016  -2.9098377436048336E-015  -5.4574522407014107E-016  -9.9164946553813088E-016  -1.4747712148975858E-016   3.2240095826095702E-016   4.2798515033063796E-015  -4.7316293920461131E-016  -7.2912184108332145E-016
  -1.8384428611091902E-013  -2.7697896534761896E-016   7.0947673014966981E-017  -5.6432428505677125E-016  -2.1092811845216217E-019   1.3147173052969252E-021  -2.0328422268490325E-019  -1.3381866299743627E-020  -1.8975809690844924E-019   2.2430999585733457E-019  -9.4092557543974657E-014  -1.3928475023938938E-016   3.3866142484516596E-017  -1.5270060277068037E-015  -6.9184235922267121E-025   2.0809254248843516E-028  -1.2078983448841617E-027   8.7118817542757028E-025  -1.0488088365701932E-027   1.7250057549813259E-025  -3.9964576424516927E-028  -1.9171946242321715E-028  -1.5171454200593435E-028   1.2729003254940156E-027  -1.6428838255213784E-017   1.0240101327570749E-019  -1.5833470112920250E-017  -1.0422947331081136E-018  -1.4779942847555719E-017   1.7471132999487755E-017  -6.1385729385635206E-014  -1.1301748537830776E-016   4.4249761159238186E-017  -1.0275289378920313E-015  -2.9959431929914589E-028   2.1796978982785081E-028  -2.7770763970024182E-028  -1.8701900192907573E-028  -1.0315023490716472E-028   1.0555810727332079E-028  -7.5311752269435747E-029   2.1260192916689593E-028   1.2457446460402533E-028   1.0342776464182573E-028  -7.6394650669345582E-029  -3.1237613848247774E-029  -2.1263339705522749E-028   7.0996244224860174E-029  -2.1501815000448185E-028   3.3366267180514783E-025   6.3862155781097036E-028   4.7996974923547777E-028  -3.2153646697985927E-025   4.2901931451782737E-028  -2.4596165196438238E-026  -3.3562084705313424E-028   1.9706687700180468E-028  -4.7768036696433438E-028  -2.6461862191309026E-028  -7.8191250832907007E-017   4.8736638314302146E-019  -7.5357661227227997E-017  -4.9606868893080627E-018  -7.0343513976216461E-017   8.3151937724443427E-017   1.1227907883698086E-012  -5.1489113318579570E-016   1.7849179778673084E-015  -1.6378308552653714E-014  -2.8843450282908982E-017   1.0526670967588912E-017  -5.4329593077182715E-016   3.3863657292268673E-018  -5.2360731239663667E-016  -3.4468319394912350E-017  -4.8876753468821515E-016   5.7776425016840876E-016  -1.2768615264510437E-015  -3.6155989634993357E-015  -5.0802981747685510E-015  -4.4967806696666060E-016  -8.2258628347021756E-016  -7.9238890440693925E-016  -3.3353725869064299E-016
