  0.28182047206828847       0.17763193594128127       -2.6091688512935437E-017   7.9752768655832385E-018  -2.4197703457362875E-017  -1.9148639409719206E-015   3.6974045151565211E-018   1.1411750270986923E-017  -1.8561704074387689E-015  -2.6615718928015775E-018  -1.9198641868416854E-015  -5.7156707880518276E-017   4.0005765660027119E-017   3.0972103608249927E-017  0.11002877195325381        3.7518347270061343E-017  -9.7551921272375443E-018  -7.3775640248446340E-018   1.7631997361634565E-017  -1.0441549153506409E-022   1.7632088388339282E-017  -2.0528334813695646E-017  -7.3775938426309837E-018  -9.7549295493295869E-018  -1.4513600934603629E-017  -1.8262552674006661E-015   5.2890640594956392E-019  -4.4561917914387416E-018  -1.9285624562755639E-015   3.7353196476473631E-019  -1.9628986770143439E-015   2.2506811505617979E-017  -1.7151853652211740E-017  -6.6486398816411101E-018   3.7789767913663293E-002
  0.17763193594128127       0.11196171958225150       -1.6445636857093068E-017   5.0268309427783152E-018  -1.5251854767395595E-017  -1.2069420876442695E-015   2.3304805260071470E-018   7.1928461344094967E-018  -1.1699474509090009E-015  -1.6775934143303980E-018  -1.2100937513524103E-015  -3.6025972841272482E-017   2.5215703993576116E-017   1.9521771018729491E-017   6.9351327204371191E-002   2.3647879836364067E-017  -6.1487146420664027E-018  -4.6500914949370875E-018   1.1113478743658441E-017  -6.5813266749264460E-023   1.1113536117949467E-017  -1.2939045300172415E-017  -4.6501102891399212E-018  -6.1485491387522408E-018  -9.1479480272395983E-018  -1.1510918858752615E-015   3.3337063177511420E-019  -2.8087454720007177E-018  -1.2155762857741974E-015   2.3543785002614321E-019  -1.2372184656980844E-015   1.4186082615884908E-017  -1.0810843324702299E-017  -4.1906493338998756E-018   2.3818956742252439E-002
  -2.6091688512935437E-017  -1.6445636857093068E-017   2.4156378862749436E-033  -7.3837233418158357E-034   2.2402877147438291E-033   1.7728319424709838E-031  -3.4231553942046066E-034  -1.0565301777858372E-033   1.7184919087810451E-031   2.4641540152177241E-034   1.7774613030268196E-031   5.2917199644813661E-033  -3.7038401385900278E-033  -2.8674796901944193E-033  -1.0186756214677929E-017  -3.4735483313411627E-033   9.0316162094159918E-034   6.8303449038947426E-034  -1.6324171897249297E-033   9.6670637908724753E-039  -1.6324256172192434E-033   1.9005678108381298E-033   6.8303725099940393E-034   9.0313731078082722E-034   1.3437077583738019E-033   1.6907956768513116E-031  -4.8967561140087388E-035   4.1256608266537110E-034   1.7855143921088416E-031  -3.4582582318237990E-035   1.8173037780839867E-031  -2.0837404426802617E-033   1.5879642086630355E-033   6.1554875539497676E-034  -3.4986771760871417E-018
   7.9752768655832385E-018   5.0268309427783152E-018  -7.3837233418158357E-034   2.2569347292589497E-034  -6.8477418679856410E-034  -5.4189001874471428E-032   1.0463336632721829E-034   3.2294271336669250E-034  -5.2528025378651595E-032  -7.5320194402355241E-035  -5.4330504530097173E-032  -1.6174856522202580E-033   1.1321287450013472E-033   8.7648388199942069E-034   3.1137195714252008E-018   1.0617369448779217E-033  -2.7606354329299886E-034  -2.0877871383823881E-034   4.9897035378677145E-034  -2.9548685655679254E-039   4.9897292976419056E-034  -5.8093421151087551E-034  -2.0877955765593562E-034  -2.7605611256414024E-034  -4.1072241814286641E-034  -5.1681452656217307E-032   1.4967596187995243E-035  -1.2610639334338958E-034  -5.4576658070602955E-032   1.0570633195242831E-035  -5.5548343572723595E-032   6.3692339950130804E-034  -4.8538269995235700E-034  -1.8815078779230026E-034   1.0694179155464962E-018
  -2.4197703457362875E-017  -1.5251854767395595E-017   2.2402877147438291E-033  -6.8477418679856410E-034   2.0776661408351862E-033   1.6441427929198894E-031  -3.1746699366110186E-034  -9.7983708195588583E-034   1.5937472801710554E-031   2.2852820776220526E-034   1.6484361100761091E-031   4.9075961648263970E-033  -3.4349798895784898E-033  -2.6593305059170750E-033  -9.4473037248248569E-018  -3.2214048709396798E-033   8.3760148626568386E-034   6.3345329457698665E-034  -1.5139206899577349E-033   8.9653355626628694E-039  -1.5139285057036644E-033   1.7626063665626824E-033   6.3345585479536456E-034   8.3757894076959332E-034   1.2461685587871144E-033   1.5680615064508234E-031  -4.5413025795961160E-035   3.8261807854839200E-034   1.6559046286975041E-031  -3.2072246735265719E-035   1.6853864360760051E-031  -1.9324825715703878E-033   1.4726945327085325E-033   5.7086632163388122E-034  -3.2447096230674636E-018
  -1.9148639409719206E-015  -1.2069420876442695E-015   1.7728319424709838E-031  -5.4189001874471428E-032   1.6441427929198894E-031   1.3010779115954463E-029  -2.5122470803130354E-032  -7.7538544084172910E-032   1.2611978666483833E-029   1.8084378350608856E-032   1.3044753902958887E-029   3.8835829811025826E-031  -2.7182410678382592E-031  -2.1044377628149460E-031  -7.4760405564736827E-016  -2.5492303587829655E-031   6.6282855552005407E-032   5.0127768290599956E-032  -1.1980277978856313E-031   7.0946392982730103E-037  -1.1980339828073033E-031   1.3948230167402208E-031   5.0127970891225321E-032   6.6281071434038557E-032   9.8614450821708329E-032   1.2408716559484706E-029  -3.5937197800749796E-033   3.0278144496945787E-032   1.3103855366970898E-029  -2.5380089845107877E-033   1.3337157051832210E-029  -1.5292530546864167E-031   1.1654038416162132E-031   4.5175003336086420E-032  -2.5676723690263812E-016
   3.6974045151565211E-018   2.3304805260071470E-018  -3.4231553942046066E-034   1.0463336632721829E-034  -3.1746699366110186E-034  -2.5122470803130354E-032   4.8508896633269537E-035   1.4971892094326500E-034  -2.4352428320753911E-032  -3.4919066956476010E-035  -2.5188072608137906E-032  -7.4987976649795148E-034   5.2486427795009802E-034   4.0634519871675668E-034   1.4435462237055308E-018   4.9223005546567078E-034  -1.2798534880293410E-034  -9.6791543694906298E-035   2.3132679530938603E-034  -1.3699015796144328E-039   2.3132798955388697E-034  -2.6932591969546924E-034  -9.6791934895790603E-035  -1.2798190385539236E-034  -1.9041432026904084E-034  -2.3959950183744687E-032   6.9391017590065814E-036  -5.8463970091131682E-035  -2.5302191431525152E-032   4.9006332398086603E-036  -2.5752672891091412E-032   2.9528297171571069E-034  -2.2502744627304714E-034  -8.7228266057523575E-035   4.9579101718642668E-019
   1.1411750270986923E-017   7.1928461344094967E-018  -1.0565301777858372E-033   3.2294271336669250E-034  -9.7983708195588583E-034  -7.7538544084172910E-032   1.4971892094326500E-034   4.6209575653472860E-034  -7.5161868102167512E-032  -1.0777497300327349E-034  -7.7741018931867653E-032  -2.3144453341422797E-033   1.6199526023121194E-033   1.2541527205264100E-033   4.4553926793850894E-018   1.5192296233268608E-033  -3.9501678350236192E-034  -2.9873954025363942E-034   7.1397208724041130E-034  -4.2280942369998240E-039   7.1397577318279371E-034  -8.3125341694955561E-034  -2.9874074766461620E-034  -3.9500615094082268E-034  -5.8769892826780150E-034  -7.3950514984592313E-032   2.1416995639547159E-035  -1.8044447768577467E-034  -7.8093237767641682E-032   1.5125421758194222E-035  -7.9483613610264966E-032   9.1136783078005644E-034  -6.9452963841507948E-034  -2.6922323071202421E-034   1.5302202535690296E-018
  -1.8561704074387689E-015  -1.1699474509090009E-015   1.7184919087810451E-031  -5.2528025378651595E-032   1.5937472801710554E-031   1.2611978666483833E-029  -2.4352428320753911E-032  -7.5161868102167512E-032   1.2225402065952654E-029   1.7530064258397734E-032   1.2644912073859314E-029   3.7645451721737525E-031  -2.6349227861302772E-031  -2.0399334992182768E-031  -7.2468883813724732E-016  -2.4710925160122603E-031   6.4251183785791019E-032   4.8591274868715871E-032  -1.1613063978820583E-031   6.8771776600599854E-037  -1.1613123932263405E-031   1.3520695397154768E-031   4.8591471259319549E-032   6.4249454353791909E-032   9.5591765787898835E-032   1.2028370256071721E-029  -3.4835667253814322E-033   2.9350072663052936E-032   1.2702201986833351E-029  -2.4602150941708741E-033   1.2928352615177928E-029  -1.4823790896357438E-031   1.1296824161958532E-031   4.3790319799865551E-032  -2.4889692501942912E-016
  -2.6615718928015775E-018  -1.6775934143303980E-018   2.4641540152177241E-034  -7.5320194402355241E-035   2.2852820776220526E-034   1.8084378350608856E-032  -3.4919066956476010E-035  -1.0777497300327349E-034   1.7530064258397734E-032   2.5136445512854166E-035   1.8131601725711422E-032   5.3979998707473522E-034  -3.7782287656140819E-034  -2.9250706955270964E-034  -1.0391348956341750E-018  -3.5433117340803877E-034   9.2130089003765693E-035   6.9675268449314565E-035  -1.6652029658195559E-034   9.8612189314425283E-040  -1.6652115625732620E-034   1.9387391748074672E-034   6.9675550054768826E-035   9.2127609162701050E-035   1.3706950395540980E-034   1.7247539375410010E-032  -4.9951034914771997E-036   4.2085213802894095E-035   1.8213750014199192E-032  -3.5277145453076565E-036   1.8538028514453861E-032  -2.1255906804889831E-034   1.6198571826645405E-034   6.2791155321206312E-035  -3.5689452713048239E-019
  -1.9198641868416854E-015  -1.2100937513524103E-015   1.7774613030268196E-031  -5.4330504530097173E-032   1.6484361100761091E-031   1.3044753902958887E-029  -2.5188072608137906E-032  -7.7741018931867653E-032   1.2644912073859314E-029   1.8131601725711422E-032   1.3078817407644374E-029   3.8937241035842612E-031  -2.7253391563142395E-031  -2.1099330390100532E-031  -7.4955625914939503E-016  -2.5558871129783122E-031   6.6455938645596851E-032   5.0258665928281913E-032  -1.2011561838874067E-031   7.1131653878241321E-037  -1.2011623849596408E-031   1.3984652901567686E-031   5.0258869057954234E-032   6.6454149868798473E-032   9.8871960762686212E-032   1.2441119192589882E-029  -3.6031039885834397E-033   3.0357209209443401E-032   1.3138073202126034E-029  -2.5446364365561716E-033   1.3371984103005871E-029  -1.5332463625695030E-031   1.1684470373341770E-031   4.5292967917806631E-032  -2.5743772804738315E-016
  -5.7156707880518276E-017  -3.6025972841272482E-017   5.2917199644813661E-033  -1.6174856522202580E-033   4.9075961648263970E-033   3.8835829811025826E-031  -7.4987976649795148E-034  -2.3144453341422797E-033   3.7645451721737525E-031   5.3979998707473522E-034   3.8937241035842612E-031   1.1592093476258511E-032  -8.1136684094850641E-033  -6.2815290365170174E-033  -2.2315207730758536E-017  -7.6091889256189900E-033   1.9784746744719845E-033   1.4962620307288678E-033  -3.5759890513021956E-033   2.1176764427618513E-038  -3.5760075126536110E-033   4.1634024228572130E-033   1.4962680781479624E-033   1.9784214203961864E-033   2.9435393490950755E-033   3.7038735358013480E-031  -1.0726881804977184E-034   9.0377129316961206E-034   3.9113652792394408E-031  -7.5756942841685244E-035   3.9810034188708265E-031  -4.5646621805273995E-033   3.4786099164978977E-033   1.3484271200342130E-033  -7.6642364185326344E-018
   4.0005765660027119E-017   2.5215703993576116E-017  -3.7038401385900278E-033   1.1321287450013472E-033  -3.4349798895784898E-033  -2.7182410678382592E-031   5.2486427795009802E-034   1.6199526023121194E-033  -2.6349227861302772E-031  -3.7782287656140819E-034  -2.7253391563142395E-031  -8.1136684094850641E-033   5.6790100247124499E-033   4.3966384338803012E-033   1.5619111111118398E-017   5.3259090719069343E-033  -1.3847962404812135E-033  -1.0472805447869087E-033   2.5029464658509494E-033  -1.4822279073523548E-038   2.5029593875276148E-033  -2.9140954378512481E-033  -1.0472847775644797E-033  -1.3847589662896823E-033  -2.0602751589040358E-033  -2.5924568121977213E-031   7.5080797279263220E-035  -6.3257776568210768E-034  -2.7376867663393618E-031   5.3024651258431558E-035  -2.7864286760539175E-031   3.1949496792765883E-033  -2.4347877668702342E-033  -9.4380627181120325E-034   5.3644385321109547E-018
   3.0972103608249927E-017   1.9521771018729491E-017  -2.8674796901944193E-033   8.7648388199942069E-034  -2.6593305059170750E-033  -2.1044377628149460E-031   4.0634519871675668E-034   1.2541527205264100E-033  -2.0399334992182768E-031  -2.9250706955270964E-034  -2.1099330390100532E-031  -6.2815290365170174E-033   4.3966384338803012E-033   3.4038378932518610E-033   1.2092175205777544E-017   4.1232708551317337E-033  -1.0720967822734090E-033  -8.1079516926867305E-034   1.9377586202204945E-033  -1.1475275016027647E-038   1.9377686240662368E-033  -2.2560664528322916E-033  -8.1079844624696163E-034  -1.0720679249298994E-033  -1.5950464796837514E-033  -2.0070567245143111E-031   5.8126877312758147E-035  -4.8973601119094790E-034  -2.1194924475278729E-031   4.1051207631513900E-035  -2.1572279952129801E-031   2.4735012780563363E-033  -1.8849907690918878E-033  -7.3068631869381556E-034   4.1531000163468934E-018
  0.11002877195325381        6.9351327204371191E-002  -1.0186756214677929E-017   3.1137195714252008E-018  -9.4473037248248569E-018  -7.4760405564736827E-016   1.4435462237055308E-018   4.4553926793850894E-018  -7.2468883813724732E-016  -1.0391348956341750E-018  -7.4955625914939503E-016  -2.2315207730758536E-017   1.5619111111118398E-017   1.2092175205777544E-017   4.2957598391246833E-002   1.4647969487611512E-017  -3.8086367610224946E-018  -2.8803596264769017E-018   6.8839108903116537E-018  -4.0766053020146168E-023   6.8839464290944166E-018  -8.0147033081714781E-018  -2.8803712679818300E-018  -3.8085342449613205E-018  -5.6664218739477613E-018  -7.1300932423591322E-016   2.0649643334192671E-019  -1.7397930916862810E-018  -7.5295225056515083E-016   1.4583491066749461E-019  -7.6635784943338476E-016   8.7871431495808750E-018  -6.6964524621813085E-018  -2.5957719677622880E-018   1.4753937942916092E-002
   3.7518347270061343E-017   2.3647879836364067E-017  -3.4735483313411627E-033   1.0617369448779217E-033  -3.2214048709396798E-033  -2.5492303587829655E-031   4.9223005546567078E-034   1.5192296233268608E-033  -2.4710925160122603E-031  -3.5433117340803877E-034  -2.5558871129783122E-031  -7.6091889256189900E-033   5.3259090719069343E-033   4.1232708551317337E-033   1.4647969487611512E-017   4.9947626996233070E-033  -1.2986944604477873E-033  -9.8216430857500638E-034   2.3473220210855226E-033  -1.3900681675238373E-038   2.3473341393375906E-033  -2.7329071900415282E-033  -9.8216827817329304E-034  -1.2986595038349341E-033  -1.9321744655640224E-033  -2.4312669276032642E-031   7.0412536272267022E-035  -5.9324629579317284E-034  -2.5674669918591385E-031   4.9727764160141854E-035  -2.6131783003444522E-031   2.9962988984170563E-033  -2.2834011912840033E-033  -8.8512370347796075E-034   5.0308965329399087E-018
  -9.7551921272375443E-018  -6.1487146420664027E-018   9.0316162094159918E-034  -2.7606354329299886E-034   8.3760148626568386E-034   6.6282855552005407E-032  -1.2798534880293410E-034  -3.9501678350236192E-034   6.4251183785791019E-032   9.2130089003765693E-035   6.6455938645596851E-032   1.9784746744719845E-033  -1.3847962404812135E-033  -1.0720967822734090E-033  -3.8086367610224946E-018  -1.2986944604477873E-033   3.3767516156973170E-034   2.5537376318039882E-034  -6.1033011756510060E-034   3.6143335276852368E-039  -6.1033326844688966E-034   7.1058659681520687E-034   2.5537479532058552E-034   3.3766607245735568E-034   5.0238708542367897E-034   6.3215673709311550E-032  -1.8308051113172722E-035   1.5425070706279364E-034   6.6757028516319233E-032  -1.2929777795069384E-035   6.7945573932384233E-032  -7.7907140243389529E-034   5.9370998312373478E-034   2.3014211478045807E-034  -1.3080896633803619E-018
  -7.3775640248446340E-018  -4.6500914949370875E-018   6.8303449038947426E-034  -2.0877871383823881E-034   6.3345329457698665E-034   5.0127768290599956E-032  -9.6791543694906298E-035  -2.9873954025363942E-034   4.8591274868715871E-032   6.9675268449314565E-035   5.0258665928281913E-032   1.4962620307288678E-033  -1.0472805447869087E-033  -8.1079516926867305E-034  -2.8803596264769017E-018  -9.8216430857500638E-034   2.5537376318039882E-034   1.9313164349356810E-034  -4.6157466299974984E-034   2.7334138231054329E-039  -4.6157704591869493E-034   5.3739568066151254E-034   1.9313242407074283E-034   2.5536688935284026E-034   3.7994053214181553E-034   4.7808149145720769E-032  -1.3845838964097197E-035   1.1665525931118378E-034   5.0486371315271109E-032  -9.7784095142318099E-036   5.1385233151008033E-032  -5.8918871882938189E-034   4.4900534562051080E-034   1.7404969214960774E-034  -9.8926962339171234E-019
   1.7631997361634565E-017   1.1113478743658441E-017  -1.6324171897249297E-033   4.9897035378677145E-034  -1.5139206899577349E-033  -1.1980277978856313E-031   2.3132679530938603E-034   7.1397208724041130E-034  -1.1613063978820583E-031  -1.6652029658195559E-034  -1.2011561838874067E-031  -3.5759890513021956E-033   2.5029464658509494E-033   1.9377586202204945E-033   6.8839108903116537E-018   2.3473220210855226E-033  -6.1033011756510060E-034  -4.6157466299974984E-034   1.1031396288533522E-033  -6.5327180021681213E-039   1.1031453239066803E-033  -1.2843479489528584E-033  -4.6157652853892235E-034  -6.1031368947190233E-034  -9.0803826815228517E-034  -1.1425900971692785E-031   3.3090840724993918E-035  -2.7880005073068882E-034  -1.2065982251480489E-031   2.3369894205634967E-035  -1.2280805592393767E-031   1.4081306378257132E-033  -1.0730996088519051E-033  -4.1596978385285099E-034   2.3643033568868587E-018
  -1.0441549153506409E-022  -6.5813266749264460E-023   9.6670637908724753E-039  -2.9548685655679254E-039   8.9653355626628694E-039   7.0946392982730103E-037  -1.3699015796144328E-039  -4.2280942369998240E-039   6.8771776600599854E-037   9.8612189314425283E-040   7.1131653878241321E-037   2.1176764427618513E-038  -1.4822279073523548E-038  -1.1475275016027647E-038  -4.0766053020146168E-023  -1.3900681675238373E-038   3.6143335276852368E-039   2.7334138231054329E-039  -6.5327180021681213E-039   3.8686312575146110E-044  -6.5327517278873575E-039   7.6058213735764712E-039   2.7334248707017815E-039   3.6142362416324371E-039   5.3773409873616033E-039   6.7663409976807559E-037  -1.9596171260363917E-040   1.6510349757871649E-039   7.1453927867698966E-037  -1.3839492716312465E-040   7.2726097110615937E-037  -8.3388540548491079E-039   6.3548230428029797E-039   2.4633448244064000E-039  -1.4001243993179540E-023
   1.7632088388339282E-017   1.1113536117949467E-017  -1.6324256172192434E-033   4.9897292976419056E-034  -1.5139285057036644E-033  -1.1980339828073033E-031   2.3132798955388697E-034   7.1397577318279371E-034  -1.1613123932263405E-031  -1.6652115625732620E-034  -1.2011623849596408E-031  -3.5760075126536110E-033   2.5029593875276148E-033   1.9377686240662368E-033   6.8839464290944166E-018   2.3473341393375906E-033  -6.1033326844688966E-034  -4.6157704591869493E-034   1.1031453239066803E-033  -6.5327517278873575E-039   1.1031510189894099E-033  -1.2843545795097434E-033  -4.6157891146749846E-034  -6.1031684026887991E-034  -9.0804295597803815E-034  -1.1425959958890467E-031   3.3091011559308700E-035  -2.7880149005995893E-034  -1.2066044543152897E-031   2.3370014854726247E-035  -1.2280868993110171E-031   1.4081379074213889E-033  -1.0731051488210431E-033  -4.1597193133268044E-034   2.3643155628065353E-018
  -2.0528334813695646E-017  -1.2939045300172415E-017   1.9005678108381298E-033  -5.8093421151087551E-034   1.7626063665626824E-033   1.3948230167402208E-031  -2.6932591969546924E-034  -8.3125341694955561E-034   1.3520695397154768E-031   1.9387391748074672E-034   1.3984652901567686E-031   4.1634024228572130E-033  -2.9140954378512481E-033  -2.2560664528322916E-033  -8.0147033081714781E-018  -2.7329071900415282E-033   7.1058659681520687E-034   5.3739568066151254E-034  -1.2843479489528584E-033   7.6058213735764712E-039  -1.2843545795097434E-033   1.4953226326335701E-033   5.3739785264531873E-034   7.1056747014506228E-034   1.0571980706416349E-033   1.3302787873902884E-031  -3.8526540342357232E-035   3.2459741628184635E-034   1.4048012736972093E-031  -2.7208772946949103E-035   1.4298124246043669E-031  -1.6394386070863884E-033   1.2493733754118236E-033   4.8429947102262475E-034  -2.7526779817314216E-018
  -7.3775938426309837E-018  -4.6501102891399212E-018   6.8303725099940393E-034  -2.0877955765593562E-034   6.3345585479536456E-034   5.0127970891225321E-032  -9.6791934895790603E-035  -2.9874074766461620E-034   4.8591471259319549E-032   6.9675550054768826E-035   5.0258869057954234E-032   1.4962680781479624E-033  -1.0472847775644797E-033  -8.1079844624696163E-034  -2.8803712679818300E-018  -9.8216827817329304E-034   2.5537479532058552E-034   1.9313242407074283E-034  -4.6157652853892235E-034   2.7334248707017815E-039  -4.6157891146749846E-034   5.3739785264531873E-034   1.9313320465107246E-034   2.5536792146524513E-034   3.7994206774158462E-034   4.7808342371177335E-032  -1.3845894924610272E-035   1.1665573079494009E-034   5.0486575365256772E-032  -9.7784490354782214E-036   5.1385440833909656E-032  -5.8919110014430894E-034   4.4900716035846782E-034   1.7405039560355505E-034  -9.8927362170744016E-019
  -9.7549295493295869E-018  -6.1485491387522408E-018   9.0313731078082722E-034  -2.7605611256414024E-034   8.3757894076959332E-034   6.6281071434038557E-032  -1.2798190385539236E-034  -3.9500615094082268E-034   6.4249454353791909E-032   9.2127609162701050E-035   6.6454149868798473E-032   1.9784214203961864E-033  -1.3847589662896823E-033  -1.0720679249298994E-033  -3.8085342449613205E-018  -1.2986595038349341E-033   3.3766607245735568E-034   2.5536688935284026E-034  -6.1031368947190233E-034   3.6142362416324371E-039  -6.1031684026887991E-034   7.1056747014506228E-034   2.5536792146524513E-034   3.3765698358962885E-034   5.0237356280432360E-034   6.3213972149861342E-032  -1.8307558320237701E-035   1.5424655513760003E-034   6.6755231635165017E-032  -1.2929429767684634E-035   6.7943745059469637E-032  -7.7905043237648042E-034   5.9369400239026797E-034   2.3013592010645840E-034  -1.3080544538793339E-018
  -1.4513600934603629E-017  -9.1479480272395983E-018   1.3437077583738019E-033  -4.1072241814286641E-034   1.2461685587871144E-033   9.8614450821708329E-032  -1.9041432026904084E-034  -5.8769892826780150E-034   9.5591765787898835E-032   1.3706950395540980E-034   9.8871960762686212E-032   2.9435393490950755E-033  -2.0602751589040358E-033  -1.5950464796837514E-033  -5.6664218739477613E-018  -1.9321744655640224E-033   5.0238708542367897E-034   3.7994053214181553E-034  -9.0803826815228517E-034   5.3773409873616033E-039  -9.0804295597803815E-034   1.0571980706416349E-033   3.7994206774158462E-034   5.0237356280432360E-034   7.4744254930452890E-034   9.4051152356839772E-032  -2.7238392056370442E-035   2.2949145203804328E-034   9.9319916904617530E-032  -1.9236692895753019E-035   1.0108821358564912E-031  -1.1590885435169252E-033   8.8331112842861549E-034   3.4240133547376679E-034  -1.9461524809925731E-018
  -1.8262552674006661E-015  -1.1510918858752615E-015   1.6907956768513116E-031  -5.1681452656217307E-032   1.5680615064508234E-031   1.2408716559484706E-029  -2.3959950183744687E-032  -7.3950514984592313E-032   1.2028370256071721E-029   1.7247539375410010E-032   1.2441119192589882E-029   3.7038735358013480E-031  -2.5924568121977213E-031  -2.0070567245143111E-031  -7.1300932423591322E-016  -2.4312669276032642E-031   6.3215673709311550E-032   4.7808149145720769E-032  -1.1425900971692785E-031   6.7663409976807559E-037  -1.1425959958890467E-031   1.3302787873902884E-031   4.7808342371177335E-032   6.3213972149861342E-032   9.4051152356839772E-032   1.1834513927364784E-029  -3.4274235038300998E-033   2.8877049534182320E-032   1.2497485787444785E-029  -2.4205648127252553E-033   1.2719991638515939E-029  -1.4584881915380851E-031   1.1114757862745664E-031   4.3084569108077564E-032  -2.4488555497647950E-016
   5.2890640594956392E-019   3.3337063177511420E-019  -4.8967561140087388E-035   1.4967596187995243E-035  -4.5413025795961160E-035  -3.5937197800749796E-033   6.9391017590065814E-036   2.1416995639547159E-035  -3.4835667253814322E-033  -4.9951034914771997E-036  -3.6031039885834397E-033  -1.0726881804977184E-034   7.5080797279263220E-035   5.8126877312758147E-035   2.0649643334192671E-019   7.0412536272267022E-035  -1.8308051113172722E-035  -1.3845838964097197E-035   3.3090840724993918E-035  -1.9596171260363917E-040   3.3091011559308700E-035  -3.8526540342357232E-035  -1.3845894924610272E-035  -1.8307558320237701E-035  -2.7238392056370442E-035  -3.4274235038300998E-033   9.9262478769356424E-037  -8.3631553355027603E-036  -3.6194284606506736E-033   7.0102589617096324E-037  -3.6838689428184787E-033   4.2239645315533419E-035  -3.2189731299456578E-035  -1.2477831005121733E-035   7.0921924806231436E-020
  -4.4561917914387416E-018  -2.8087454720007177E-018   4.1256608266537110E-034  -1.2610639334338958E-034   3.8261807854839200E-034   3.0278144496945787E-032  -5.8463970091131682E-035  -1.8044447768577467E-034   2.9350072663052936E-032   4.2085213802894095E-035   3.0357209209443401E-032   9.0377129316961206E-034  -6.3257776568210768E-034  -4.8973601119094790E-034  -1.7397930916862810E-018  -5.9324629579317284E-034   1.5425070706279364E-034   1.1665525931118378E-034  -2.7880005073068882E-034   1.6510349757871649E-039  -2.7880149005995893E-034   3.2459741628184635E-034   1.1665573079494009E-034   1.5424655513760003E-034   2.2949145203804328E-034   2.8877049534182320E-032  -8.3631553355027603E-036   7.0462039667843141E-035   3.0494747680536374E-032  -5.9063490420286705E-036   3.1037677666716027E-032  -3.5588141608992570E-034   2.7120793919621350E-034   1.0512939052072212E-034  -5.9753804378142032E-019
  -1.9285624562755639E-015  -1.2155762857741974E-015   1.7855143921088416E-031  -5.4576658070602955E-032   1.6559046286975041E-031   1.3103855366970898E-029  -2.5302191431525152E-032  -7.8093237767641682E-032   1.2702201986833351E-029   1.8213750014199192E-032   1.3138073202126034E-029   3.9113652792394408E-031  -2.7376867663393618E-031  -2.1194924475278729E-031  -7.5295225056515083E-016  -2.5674669918591385E-031   6.6757028516319233E-032   5.0486371315271109E-032  -1.2065982251480489E-031   7.1453927867698966E-037  -1.2066044543152897E-031   1.4048012736972093E-031   5.0486575365256772E-032   6.6755231635165017E-032   9.9319916904617530E-032   1.2497485787444785E-029  -3.6194284606506736E-033   3.0494747680536374E-032   1.3197597465007413E-029  -2.5561653423444718E-033   1.3432568138788542E-029  -1.5401929945560517E-031   1.1737408842737719E-031   4.5498175370036472E-032  -2.5860409321860156E-016
   3.7353196476473631E-019   2.3543785002614321E-019  -3.4582582318237990E-035   1.0570633195242831E-035  -3.2072246735265719E-035  -2.5380089845107877E-033   4.9006332398086603E-036   1.5125421758194222E-035  -2.4602150941708741E-033  -3.5277145453076565E-036  -2.5446364365561716E-033  -7.5756942841685244E-035   5.3024651258431558E-035   4.1051207631513900E-035   1.4583491066749461E-019   4.9727764160141854E-035  -1.2929777795069384E-035  -9.7784095142318099E-036   2.3369894205634967E-035  -1.3839492716312465E-040   2.3370014854726247E-035  -2.7208772946949103E-035  -9.7784490354782214E-036  -1.2929429767684634E-035  -1.9236692895753019E-035  -2.4205648127252553E-033   7.0102589617096324E-037  -5.9063490420286705E-036  -2.5561653423444718E-033   4.9508869131123792E-037  -2.6016754357064771E-033   2.9831095876689671E-035  -2.2733499617854001E-035  -8.8122750621211465E-036   5.0087511929841776E-020
  -1.9628986770143439E-015  -1.2372184656980844E-015   1.8173037780839867E-031  -5.5548343572723595E-032   1.6853864360760051E-031   1.3337157051832210E-029  -2.5752672891091412E-032  -7.9483613610264966E-032   1.2928352615177928E-029   1.8538028514453861E-032   1.3371984103005871E-029   3.9810034188708265E-031  -2.7864286760539175E-031  -2.1572279952129801E-031  -7.6635784943338476E-016  -2.6131783003444522E-031   6.7945573932384233E-032   5.1385233151008033E-032  -1.2280805592393767E-031   7.2726097110615937E-037  -1.2280868993110171E-031   1.4298124246043669E-031   5.1385440833909656E-032   6.7943745059469637E-032   1.0108821358564912E-031   1.2719991638515939E-029  -3.6838689428184787E-033   3.1037677666716027E-032   1.3432568138788542E-029  -2.6016754357064771E-033   1.3671722241991847E-029  -1.5676146663143669E-031   1.1946382246536039E-031   4.6308227120050456E-032  -2.6320829320176105E-016
   2.2506811505617979E-017   1.4186082615884908E-017  -2.0837404426802617E-033   6.3692339950130804E-034  -1.9324825715703878E-033  -1.5292530546864167E-031   2.9528297171571069E-034   9.1136783078005644E-034  -1.4823790896357438E-031  -2.1255906804889831E-034  -1.5332463625695030E-031  -4.5646621805273995E-033   3.1949496792765883E-033   2.4735012780563363E-033   8.7871431495808750E-018   2.9962988984170563E-033  -7.7907140243389529E-034  -5.8918871882938189E-034   1.4081306378257132E-033  -8.3388540548491079E-039   1.4081379074213889E-033  -1.6394386070863884E-033  -5.8919110014430894E-034  -7.7905043237648042E-034  -1.1590885435169252E-033  -1.4584881915380851E-031   4.2239645315533419E-035  -3.5588141608992570E-034  -1.5401929945560517E-031   2.9831095876689671E-035  -1.5676146663143669E-031   1.7974441687354535E-033  -1.3697852902209830E-033  -5.3097521087315194E-034   3.0179751564243251E-018
  -1.7151853652211740E-017  -1.0810843324702299E-017   1.5879642086630355E-033  -4.8538269995235700E-034   1.4726945327085325E-033   1.1654038416162132E-031  -2.2502744627304714E-034  -6.9452963841507948E-034   1.1296824161958532E-031   1.6198571826645405E-034   1.1684470373341770E-031   3.4786099164978977E-033  -2.4347877668702342E-033  -1.8849907690918878E-033  -6.6964524621813085E-018  -2.2834011912840033E-033   5.9370998312373478E-034   4.4900534562051080E-034  -1.0730996088519051E-033   6.3548230428029797E-039  -1.0731051488210431E-033   1.2493733754118236E-033   4.4900716035846782E-034   5.9369400239026797E-034   8.8331112842861549E-034   1.1114757862745664E-031  -3.2189731299456578E-035   2.7120793919621350E-034   1.1737408842737719E-031  -2.2733499617854001E-035   1.1946382246536039E-031  -1.3697852902209830E-033   1.0438776202021422E-033   4.0464235049799471E-034  -2.2999201017914048E-018
  -6.6486398816411101E-018  -4.1906493338998756E-018   6.1554875539497676E-034  -1.8815078779230026E-034   5.7086632163388122E-034   4.5175003336086420E-032  -8.7228266057523575E-035  -2.6922323071202421E-034   4.3790319799865551E-032   6.2791155321206312E-035   4.5292967917806631E-032   1.3484271200342130E-033  -9.4380627181120325E-034  -7.3068631869381556E-034  -2.5957719677622880E-018  -8.8512370347796075E-034   2.3014211478045807E-034   1.7404969214960774E-034  -4.1596978385285099E-034   2.4633448244064000E-039  -4.1597193133268044E-034   4.8429947102262475E-034   1.7405039560355505E-034   2.3013592010645840E-034   3.4240133547376679E-034   4.3084569108077564E-032  -1.2477831005121733E-035   1.0512939052072212E-034   4.5498175370036472E-032  -8.8122750621211465E-036   4.6308227120050456E-032  -5.3097521087315194E-034   4.0464235049799471E-034   1.5685309144268787E-034  -8.9152699314144333E-019
   3.7789767913663293E-002   2.3818956742252439E-002  -3.4986771760871417E-018   1.0694179155464962E-018  -3.2447096230674636E-018  -2.5676723690263812E-016   4.9579101718642668E-019   1.5302202535690296E-018  -2.4889692501942912E-016  -3.5689452713048239E-019  -2.5743772804738315E-016  -7.6642364185326344E-018   5.3644385321109547E-018   4.1531000163468934E-018   1.4753937942916092E-002   5.0308965329399087E-018  -1.3080896633803619E-018  -9.8926962339171234E-019   2.3643033568868587E-018  -1.4001243993179540E-023   2.3643155628065353E-018  -2.7526779817314216E-018  -9.8927362170744016E-019  -1.3080544538793339E-018  -1.9461524809925731E-018  -2.4488555497647950E-016   7.0921924806231436E-020  -5.9753804378142032E-019  -2.5860409321860156E-016   5.0087511929841776E-020  -2.6320829320176105E-016   3.0179751564243251E-018  -2.2999201017914048E-018  -8.9152699314144333E-019   5.0672917708494154E-003
