   4.7587794498529214E-002   3.3742535082622293E-016  -2.5109408689506221E-015  -6.8227572648024702E-015   1.3946550881877447E-016   1.7635707476952307E-016   3.1511617099009298E-017  -5.1213855132326875E-016  -1.6387332323711247E-016   3.2116410686034038E-016  0.13923701788756557        1.9736424962691752E-015  -4.8708278113185430E-015  -1.9044185839980393E-014  -1.6440007983432255E-013  -3.0726412043972446E-016  -1.2387939407210664E-016  -5.6259271391358644E-014   4.9462440234292471E-016   2.5377627515268912E-013   3.8715434718237560E-016   5.2867493559663873E-017   4.9271695196109527E-017  -6.7643247071041384E-017   5.0257135271187665E-016  -1.8833483342008453E-016  -2.5769102369521239E-016   2.8103174826794741E-015   1.4056370607534068E-016   1.9648535085351947E-015  0.13889430682065204       -3.9027583681523393E-015  -4.8956255478823599E-015  -2.4896862463697605E-016  -4.9805246545276043E-017   4.6925742185327343E-018  -1.2345668901633090E-016   4.6379132092658480E-017  -1.1976636902740529E-016   4.2885126855506783E-018   1.4246816962553374E-018   1.9716785789209295E-017   5.4674802294981225E-018  -1.9488781253707422E-016  -4.4661509079071281E-017  -1.7893301186820123E-016  -4.0501643436502066E-018  -2.0692388752754296E-016  -1.0361856050835561E-014   1.5593957605878015E-013   1.7913378674987376E-016   8.3091888579772571E-017   5.4854622906316124E-014  -3.9309744894217365E-016  -3.0370932089577763E-013  -7.9569297745904813E-017   1.7209349008711800E-017   4.5971821304044845E-017  -4.7601313144067603E-017  -7.1734330835978082E-015   3.8871171207017000E-016   6.3464660493372369E-017   3.1521336571585103E-015  -2.9867735732811824E-016   4.2352440907057811E-015   8.9980844155929676E-002   5.8601938143857617E-015  -4.3399228065725982E-015  -5.3983352658212109E-004   6.3948291889320519E-015  -4.9695965116496044E-015   3.4193810468287598E-005   8.9762970324115423E-015   1.1397102002827693E-015  -3.2846896085838104E-014  -2.9966307956782608E-014  -6.3635859281546844E-014   2.7480736074596678E-015  -2.9938346821277952E-016   2.9108926472080076E-014  -1.7898060216432550E-015   3.4531743081948620E-014   1.5546548270540094E-014   1.5867402051281469E-015
   3.3742535082622293E-016   4.7587794498499328E-002  -8.3026895277402126E-016  -4.3703649051444225E-015   4.8760187905456601E-016   4.2129946320575925E-017   1.3081822675422502E-016   2.7721062971462529E-016  -2.5637254433914893E-016   1.9646605377475740E-016   2.7133968267585536E-015  0.13923701788742390       -5.6062175039483816E-015   1.0985109467355367E-014  -2.2607892684365300E-016  -7.1518890971910303E-014  -1.2725709927059120E-016  -1.9671111275866036E-016  -7.9318377568550074E-017  -9.8285535912448581E-017  -1.3850134645981070E-013   5.7917571943091314E-016   2.5139696201507731E-013  -3.1184222652737513E-016  -7.9244237454347888E-016   2.8775777424792912E-016  -1.6909542155788004E-017  -7.4294332376076075E-016   3.2855070570619528E-017  -8.7508225241376469E-016  -3.1765130230351304E-015  0.13889430682079404        6.1137798944053162E-015   1.4673236062869686E-016   1.2050646028830988E-017  -2.9182661437230764E-017   9.5841384755773944E-017  -4.5152853926851215E-018   9.1009149403802055E-017   1.2770008038861276E-017  -3.9094172971475060E-018  -5.6085907793466103E-019  -2.5838012248909634E-017   1.4636274234687428E-016  -2.3472331895000621E-017   1.6044601284988005E-016  -2.3127034204467094E-017   1.8186291199890971E-016  -5.4610134594265038E-015   1.0625934917508749E-016   8.1880809863117228E-014   2.4346501758493365E-016   1.9946094326608937E-016  -2.7683053605881346E-017   5.1391506920088635E-017   1.5415378507607310E-013  -4.8174504543884479E-016  -2.9056585030436306E-013   5.9497040362960218E-016   1.1953357716998163E-016  -1.7778637861004509E-016  -2.7242422467736642E-016   5.5535909857658666E-016   1.9086884876046899E-016  -4.2419468809902433E-016   4.8018887051831702E-015   8.9980844155569242E-002  -1.2830613071196597E-014   1.2504326848862468E-015  -5.3983352697869146E-004  -2.2397027277273643E-014   1.6266053600577315E-015   3.4193810364383659E-005  -4.8650384490315945E-015  -5.8548942313410485E-015  -1.1980327008795716E-014  -5.8935197430094040E-016  -1.6372016420157319E-015  -2.5393353105994511E-015   4.2116342919588199E-015   2.4813575480608736E-015  -3.8491880753359909E-015   1.7474830350310340E-015  -2.2789872694909797E-014
  -2.5109408689506221E-015  -8.3026895277402126E-016   4.7587794497227921E-002  -7.7429658476703056E-015   5.7637709242194058E-016  -3.4979703573770370E-016   1.1591382417895643E-016   4.2478979631864425E-015   1.9425421776157181E-016  -1.8423145708967096E-016   3.3870852798108687E-015  -4.8727101219255679E-015  0.13923701788374432       -1.6967774685906453E-014   2.5588306713030972E-016  -9.5134420252462814E-017  -1.9454546705138749E-013  -8.7845598415882010E-017  -2.0597406210637394E-016  -2.7691479279117598E-016  -2.2342207193812042E-016  -1.8197837679336548E-013   6.0769172759472859E-016   2.8615451838067192E-013   7.3039642840311775E-015   7.0979454465819408E-016  -2.0659126720949888E-016   3.0746376608033316E-015  -2.4127613676758091E-016   8.0150481094505255E-015  -3.0262483972475895E-015   6.8167092761729656E-015  0.13889430682378126       -1.0355958713591569E-015  -4.5697194198481250E-017   1.9432876404731372E-018  -3.9225841804955830E-016  -5.4491920872534030E-017  -3.8464037384481847E-016  -7.6079201065893255E-017   2.1577352891987224E-017  -4.6183643476686200E-017   2.6738673812531044E-017  -5.0502282030710725E-016  -1.4258955144755618E-017  -2.3115068686543653E-016  -3.9260427686814310E-017  -4.7068673398455572E-016   3.1309681253151709E-015   3.0316505535303076E-017   2.3580751072815055E-016   2.2719742781785794E-013  -4.7468592356769032E-017   7.4022671418942382E-017  -3.7698285573802966E-017   3.6980356390598301E-016   2.1362131015232963E-013  -7.1640733558862792E-016  -3.2472779532081221E-013  -9.3421603577123593E-016   5.2732883932828587E-016  -4.6257767835957315E-016   1.5289853964819370E-015  -8.8069259291294871E-016   1.4652078100519252E-015   1.6968733852122751E-015  -1.2106209600156044E-014   8.9980844146859945E-002  -8.8764267136098689E-016  -6.3647951422795527E-016  -5.3983353365429803E-004  -2.3035348462387172E-015   2.4725059010298015E-015   3.4193808095592865E-005  -1.9311913291856051E-014  -1.2845234289162763E-014  -1.0279369822490844E-014   6.0697287468366618E-015  -4.4204685892546322E-015  -3.8796181296379516E-015  -7.3959727120723956E-015   1.3795059256365172E-014  -1.2865949274033847E-014   3.8860441092905715E-014
  -6.8227572648024702E-015  -4.3703649051444225E-015  -7.7429658476703056E-015  0.13195076647406109       -3.3065606204951020E-012  -3.2632394444576824E-015   3.4902702767758984E-015  -2.8896804584548296E-012   1.7048788035840123E-014   6.3005881653901465E-012   3.1307100163294636E-014  -1.7408671066547099E-014  -1.0956456829887067E-014  0.35707766916338696        3.4925526675712307E-016   9.7549967643931186E-016  -7.3931988938863691E-016  -3.7103556575643923E-016  -5.9046990334114624E-016   1.1947300157451349E-015  -1.1626882113663839E-015   9.1100682083687511E-017   8.0887020820302705E-016   2.2409169254728215E-016   4.4400349103021569E-012   6.1710236320621108E-015  -4.9731887684700548E-015   3.8760834459587717E-012  -2.2686805288589679E-014  -7.8171366727445475E-012  -3.3123134855976540E-014  -1.0842521052026524E-014  -2.5068420830785976E-014  -8.8715058472146580E-015   5.1638331081828455E-017   4.4444029421812784E-017  -6.2277571745994880E-015  -8.5795859187596304E-018  -8.4256513591654724E-015  -5.2559179699945581E-021  -4.6998342080859856E-017   1.5330946271605677E-017  -2.1481389941860272E-017  -9.5927014613040987E-015  -1.0528353552302855E-016  -6.1787826223509097E-015  -3.4982806490239217E-017  -1.5283622362420610E-014  0.16898154049846634        5.8105328215683372E-016  -7.3641356497010791E-016   6.0814488261507909E-016   1.5946827573876545E-016   3.0111625384126389E-016  -8.3451638770183969E-016   8.7058671820398402E-016  -1.9829252981831486E-016  -4.7405259625817468E-016  -2.1517242546420398E-016   2.7383529313264328E-012  -3.8415846605371523E-015   8.2643843573174884E-015   2.4743245018922723E-012  -2.8861173897187850E-015  -5.0431793274606728E-012   4.7474722060353805E-014  -1.4314553567154894E-014   5.5705456608109024E-018   2.3132293134599476E-014  -8.5027719950118443E-015  -1.1947170994840011E-014   3.2127334258642652E-015  -6.0482987539578251E-015   6.8253963918177445E-016  0.35233846840160477        3.4121472808242822E-003   3.5023305939427626E-011   3.3160932156052234E-014   4.9097922698384967E-016   3.0746820029817286E-011  -1.1582341027497196E-013  -6.5784320452479263E-011  -1.2168740631597058E-004   1.7678755581039676E-005
   1.3946550881877447E-016   4.8760187905456601E-016   5.7637709242194058E-016  -3.3065606204951020E-012   8.0141697071320323E-008  -3.1269255295351154E-018   1.6383733057405276E-018  -4.0070848308163483E-008   9.2506384594161472E-020  -4.0070848755484455E-008   4.8543894802199868E-016   1.4314409059401610E-015   1.7126130629987945E-015  -8.9724931008743352E-012  -6.6721915178598611E-019   6.1151567965070633E-020  -1.0707503495390561E-020   5.8263330969493157E-019  -1.9819466509745910E-019   3.7311628892977282E-019  -1.2673734933995493E-019  -1.7689662865706313E-019  -1.0408716624739995E-019   1.6826723839022091E-019   6.2862050767052467E-006  -1.6600347683962984E-016   7.3426386793181444E-017  -3.1431025296070497E-006   5.6051374994059747E-017  -3.1431025470739655E-006   4.1670482773751923E-016   1.4260357622780622E-015   1.6869896805711758E-015  -1.2959819641835242E-017   1.5285079403987569E-019  -2.4294775166649689E-019  -1.2317211115872028E-018  -2.9047074163218395E-020   2.4716848542594107E-017  -1.1684902323790301E-019   1.5626427188670388E-021  -5.2676142280869879E-020  -1.9523141975184744E-019   1.0270271760286086E-018   1.2430091662336437E-019  -2.9424917313701100E-018  -1.3101048023839674E-019  -1.2373974462101232E-017  -4.2687105942642123E-012   9.6974786597793790E-019   2.0734579651848187E-020   3.5274583369423762E-020  -6.0557500298244422E-019   1.3378988049729176E-019  -4.3348378801135890E-019  -1.5329930358945720E-020   2.2113051035346866E-019   1.6005563971262777E-019   4.6265301314859375E-020   4.3916544251292543E-005  -1.1757349332032689E-015   5.2129384641425290E-016  -2.1958272064498482E-005   3.8811065441678788E-016  -2.1958272186798801E-005   3.3125567451297219E-016   9.2051937090120035E-016   1.1044266336052869E-015   4.8593890911166583E-015   2.2633010157616477E-015   7.0618514719651479E-015   1.6754331653413545E-017   1.4131912839771142E-015  -3.1776689358439585E-017  -8.8199354659022660E-012  -1.1001165139649447E-012   3.7685432046874034E-004  -1.0062975711664229E-014   4.4512288477939960E-015  -1.8842715970623561E-004   3.3204366359326476E-015  -1.8842716076247708E-004   2.7503980188726138E-013   4.2275686322973716E-015
   1.7635707476952307E-016   4.2129946320575925E-017  -3.4979703573770370E-016  -3.2632394444576824E-015  -3.1269255295351154E-018   8.0141696964723715E-008   2.9746639280071878E-018  -6.6035444913502386E-019   1.4221935801709176E-018   2.5241922876445848E-019   5.1048194054154957E-016   1.2438575939485635E-016  -1.0343137391626411E-015  -8.8077590158612448E-015   4.8771368716694284E-020   5.3469983036359406E-020   1.5604890811603067E-019   2.6890498471368481E-019  -2.1103248398564475E-020  -3.2364207882134125E-019  -3.5728079949080496E-019   3.3308141379421104E-019   2.9958593186539960E-019   5.5855013892600600E-019  -7.8235092095135776E-017   6.2862050725199789E-006   8.3146398744464576E-017   2.3378954536390662E-017   7.3814421594565005E-017   4.4559534755415945E-017   5.1405943191854346E-016   1.2334686568124627E-016  -1.0244145691750061E-015  -1.0435368885348147E-019  -8.3412597403640129E-018   7.8914917550319187E-019  -1.5261565480449610E-019  -1.5420987109006107E-020   3.8434962734600386E-020  -5.2939123287607408E-018   3.0865299717515229E-019   1.7571496596958295E-017   5.8540852797126037E-019   7.7810945924818925E-019   1.5012318790459854E-019   2.4619970207857655E-019   1.5753787817924014E-020   6.1541996078918190E-019  -4.3029412177692491E-015   1.2716969026082340E-020  -3.2418015975701523E-019   2.8727028167440813E-020   1.6427320178979962E-020   4.5566853864376660E-020  -1.3994173185188014E-020  -4.3832030418462482E-019  -1.2785765733822061E-020  -3.3740078069878372E-019   4.1949593373112171E-020  -5.4253847470108612E-016   4.3916544222408293E-005   6.1434823208303173E-016   1.9509525498973208E-016   5.2212867758988943E-016   3.5010612482271677E-016   3.2985684772788957E-016   8.2103745490489450E-017  -6.6548707482214512E-016  -1.1319562223105555E-015  -4.9238603303860694E-016  -2.0959756306350537E-015   1.9285999352545353E-015   7.4664656184830893E-016   8.3481257923103178E-016  -8.6840747569207941E-015  -3.0340362510831622E-015  -4.6386402796520357E-015   3.7685432021792827E-004   5.2560987489089136E-015   1.6573197391541501E-015   4.4761728438596706E-015   2.9815672570413600E-015   2.4753584789961522E-017   7.3341518045625829E-016
   3.1511617099009298E-017   1.3081822675422502E-016   1.1591382417895643E-016   3.4902702767758984E-015   1.6383733057405276E-018   2.9746639280071878E-018   8.0141698005480363E-008  -1.4654947473086191E-018  -2.2057344276559490E-018   2.3267045847723909E-018   9.2123576566247511E-017   3.8904106618998318E-016   3.4630277129283443E-016   9.4143870825726048E-015   5.3837524388467819E-020  -1.2610410330317682E-019   8.2547993718623684E-020   1.2232952710628317E-019  -2.3294229485793514E-020  -2.6422883885347053E-019  -5.6138264261769065E-019   1.8589238887088808E-019  -1.7126470902277633E-019   1.0065345027700434E-019   5.9961326603023969E-017   1.4446029228315437E-016   6.2862051125675230E-006  -9.8085685482868991E-017  -8.9696995328372098E-017   5.5897767998276313E-017   9.1654506732720564E-017   3.8399517523443123E-016   3.3966981441952379E-016  -1.1483858355408021E-018  -2.4847846375225684E-019  -2.0814260383903205E-017  -7.7184596888940059E-019  -8.9207470945622839E-020  -8.2768925214698518E-019  -3.3538094023456274E-020  -8.4470400086970947E-018   5.4222738743675455E-020   2.6129016389518254E-017  -1.3527868219973850E-018  -2.6313709808558783E-019  -5.7933928977967160E-019  -1.6118911282224231E-019  -5.2986711419380645E-019   4.4964678441509678E-015  -5.5888329838513709E-020  -6.7171690407971092E-020   1.0102174657000413E-019  -1.4094749944459486E-019   1.2812243057244444E-020   2.1704030907542895E-019  -1.7827873785840864E-019   9.8770516491700581E-020  -2.0385066718490186E-019   5.4450578653919565E-019   3.8085278433260297E-016   1.0181979787578263E-015   4.3916544507994355E-005  -7.3948058188159885E-016  -6.4008627654783867E-016   3.5858775167216191E-016   6.0249587007736996E-017   2.4956293995885437E-016   2.2272846664693356E-016  -2.1382424574992405E-016   1.5249806382501285E-015   1.3817775740576847E-015   1.7471507718421234E-015  -8.7148016422857369E-016   5.1923120768722612E-016   9.3268885532662642E-015   3.3028730342125729E-016   3.2505647933213427E-015   8.7317901468635606E-015   3.7685432266484675E-004  -6.3340818632370515E-015  -5.4884552553562899E-015   3.0824368307659159E-015  -4.4709085378362567E-016  -1.3599498580910278E-015
  -5.1213855132326875E-016   2.7721062971462529E-016   4.2478979631864425E-015  -2.8896804584548296E-012  -4.0070848308163483E-008  -6.6035444913502386E-019  -1.4654947473086191E-018   8.0141697143203840E-008   1.2555818035891434E-018  -4.0070848834750096E-008  -1.5166256029375006E-015   7.8128524773736814E-016   1.2444259632789597E-014  -7.8413518467160822E-012   3.4237316911334408E-019  -1.3854277062280493E-020  -2.9138215687525652E-019  -3.3961660600309814E-019  -7.2538987916082093E-020  -1.2608742778149963E-020   1.3598088007976501E-019  -1.0328082950722731E-019   1.1791275283375265E-019  -6.2652643992699913E-019  -3.1431025293809541E-006  -7.8952133871141860E-017  -6.0069570154744002E-018   6.2862050794490939E-006   6.8679462041992350E-017  -3.1431025500677353E-006  -1.4959177832054993E-015   8.0005006109236749E-016   1.2406755161185838E-014   4.0177116483560904E-018  -4.9566531360340588E-019  -2.6891558347183903E-019  -3.8519113629539745E-018   7.5714810111639278E-020  -2.2238149092097281E-018  -2.6588018413376885E-019  -1.9446783281827946E-019  -1.8373364301341836E-019  -4.0112648514607001E-019  -9.2671950511760913E-018  -3.1040108190684264E-019   2.4153347348263498E-017  -6.2987278239891658E-020  -1.2010698493189391E-017  -3.7307545770006444E-012  -3.3527020789257750E-019  -4.9135201211728798E-020  -1.4605401564316790E-019   4.1869756614557581E-019   3.1469176710892424E-020   2.3777048909508910E-020   2.3046075450611572E-019  -3.2550123160916269E-019   5.9783141609213368E-020  -3.0751712790086570E-019  -2.1958272062869282E-005  -5.5388023229950045E-016  -6.7364236386882541E-017   4.3916544271073249E-005   4.8318833535299975E-016  -2.1958272208187738E-005  -9.9277180297900879E-016   5.1655061377189688E-016   8.0307906004946043E-015   5.5395847864646977E-015  -1.2128005872170472E-014   6.2862012095314798E-015  -1.4510706548453535E-015  -9.3779595225752044E-016  -3.3175836577409827E-015  -7.7078454641961596E-012  -9.6760239251466998E-013  -1.8842715969228933E-004  -4.7637227649117071E-015  -5.5646751271886907E-016   3.7685432063771449E-004   4.1335556051227784E-015  -1.8842716094541790E-004   2.3747984448923635E-013  -2.5972870738991864E-014
  -1.6387332323711247E-016  -2.5637254433914893E-016   1.9425421776157181E-016   1.7048788035840123E-014   9.2506384594161472E-020   1.4221935801709176E-018  -2.2057344276559490E-018   1.2555818035891434E-018   8.0141698056519432E-008  -2.1590018121856104E-019  -4.7847705905621675E-016  -7.5347216691691573E-016   5.8118488902255984E-016   4.6236325649380060E-014  -8.4921555767330834E-020   2.3914735021853100E-019  -5.6172280435288579E-020  -4.0935151841670874E-020  -9.0384669802083419E-020   2.2993290808042394E-019   6.7608369836555094E-020  -4.3718334056367648E-020  -3.6141037579437515E-020  -2.0773122995481583E-020  -4.8513547108913123E-017   3.4881128770834549E-017  -7.8622435504178657E-017   3.1175451668506507E-017   6.2862051145310403E-006   2.2241939097571238E-017  -4.7896879735057701E-016  -7.4857685452669509E-016   5.7253785415142175E-016   2.9057319981115502E-019   3.9543062794178139E-019  -2.3432831538493061E-019   4.5592590915575446E-020  -9.8661560362687913E-018   1.4215035884706839E-019   1.4143324133002922E-019  -4.5666168993215667E-021   2.3314459644252019E-019  -3.6950413174493060E-019  -8.1328925881273147E-019  -1.8895333983115890E-017  -3.8661351074648242E-019   2.4825034000162080E-017  -1.8584312113658431E-019   2.1854044289003210E-014   6.8812463633652667E-020  -1.3308332907687710E-019  -6.0298140495854983E-020   9.0624626660329630E-020   1.0554657096151539E-019  -1.9858749402098495E-019   1.5062813187365084E-019   2.5759831439800965E-020   5.6820772688421828E-020   1.4717201700505005E-019  -3.3426529407626155E-016   2.5841338333599749E-016  -5.7044236839012059E-016   2.0802137109927531E-016   4.3916544522000228E-005   1.2645269232229056E-016  -3.0731603788601972E-016  -4.8769222295704800E-016   3.7180725004310550E-016  -6.9525084063946372E-016  -1.7279667667574246E-016   3.1633819080221322E-015  -7.3553321743695715E-016  -4.0677224820318469E-016   1.6514110933064714E-015   4.5560640903030001E-014   1.0359443213044918E-015  -2.8868712211203652E-015   2.2110354850821103E-015  -4.8834098273147122E-015   1.7695246988640215E-015   3.7685432278484446E-004   1.1179480351783450E-015   2.7109081680307574E-016  -2.5744041229186191E-015
   3.2116410686034038E-016   1.9646605377475740E-016  -1.8423145708967096E-016   6.3005881653901465E-012  -4.0070848755484455E-008   2.5241922876445848E-019   2.3267045847723909E-018  -4.0070848834750096E-008  -2.1590018121856104E-019   8.0141697582271918E-008   9.2691382085114799E-016   5.7443001418484581E-016  -5.5046074108569422E-016   1.7095911224355971E-011   3.2484597843258944E-019  -4.7297290160186509E-020   3.0208963631135612E-019  -2.4301670539108984E-019   2.7073365249187610E-019  -3.6050753537410661E-019  -9.2435318822919037E-021   2.8017743636317112E-019  -1.3825585934185443E-020   4.5825923661430845E-019  -3.1431025467224820E-006  -3.2314030491353302E-017   1.2864445082781478E-016  -3.1431025498192764E-006  -3.5923560627401594E-017   6.2862050965171220E-006   9.4136209705382362E-016   5.7310813993503474E-016  -5.4347788678781568E-016   8.9421079852292978E-018   3.4281451997763036E-019   5.1186333443064608E-019   5.0836324693155718E-018  -4.6667736112420185E-020  -2.2493033636878501E-017   3.8272920757834198E-019   1.9290518980085484E-019   2.3640978452668283E-019   5.9635790562600924E-019   8.2401678672572913E-018   1.8610016491468531E-019  -2.1210855620420185E-017   1.9399775876929994E-019   2.4384672940905149E-017   8.1341210740681199E-012  -6.3447765091429010E-019   2.8400620955799985E-020   1.1077946039706378E-019   1.8687743917684515E-019  -1.6525905694368889E-019   4.0970672750113357E-019  -2.1513082347819752E-019   1.0437074700030920E-019  -2.1983878171090437E-019   2.6125178732697236E-019  -2.1958272184218901E-005  -2.0743975466898861E-016   9.1580745521663881E-016  -2.1958272206415712E-005  -2.5087559393097071E-016   4.3916544390623127E-005   5.7524311311673480E-016   3.7444451927019914E-016  -3.5440246448960157E-016   1.1564052031410773E-014  -2.0279582600356524E-015   5.3982911557014606E-016   1.8698478437544744E-015   2.1854829605777006E-015  -2.1231786479291208E-015   1.6806285157924165E-011   2.0981729517723518E-012  -1.8842716074037277E-004  -1.7954544743855322E-015   7.8591537260870938E-015  -1.8842716093011401E-004  -2.1300479139276406E-015   3.7685432167045187E-004  -4.7760510062893537E-013  -8.4152077942744982E-015
  0.13923701788756557        2.7133968267585536E-015   3.3870852798108687E-015   3.1307100163294636E-014   4.8543894802199868E-016   5.1048194054154957E-016   9.2123576566247511E-017  -1.5166256029375006E-015  -4.7847705905621675E-016   9.2691382085114799E-016  0.40740225125686047        1.0856815735853060E-014   1.7275372484523016E-014   8.2231320918964222E-014  -4.8192451496865673E-013  -8.9858355953317879E-016  -3.6287820287310086E-016  -1.6489690461120472E-013   1.4518182539808390E-015   7.4447713924081587E-013   1.1310564537815354E-015   1.5290216824054163E-016   1.4645677375486595E-016  -1.9702353555433483E-016   6.7643102396833745E-015  -7.7924389342902976E-016  -7.0854631805647424E-016   5.8905714596820925E-015   5.9985233833192822E-016   2.8481848226249508E-015  0.40639290884614809       -6.3589314768831048E-015   1.6987381282456554E-014  -7.2678705563868502E-016  -1.4541977690698305E-016   1.3859589536812713E-017  -3.6144168619375895E-016   1.3637710164130295E-016  -3.5195218855910200E-016   1.1783736928703836E-017   4.7245937498571875E-018   5.7225220976265838E-017   1.5457441666817177E-017  -5.6953720549750469E-016  -1.3170118520037238E-016  -5.2262203388396222E-016  -1.1307140791951623E-017  -6.0378934874830988E-016   3.8384161900728436E-014   4.5757651690832797E-013   5.2453535926952179E-016   2.4321123789564706E-016   1.6094911991444759E-013  -1.1534508451109291E-015  -8.9078673135181755E-013  -2.3275139294364929E-016   5.0512113132023286E-017   1.3430143478245513E-016  -1.3969399831618473E-016   1.5829084271763284E-014  -4.6295820038930883E-016   4.9983697445089582E-016  -7.2594019106388567E-015   4.3823165508176654E-016  -7.9369680375515292E-015  0.26327689669941728        2.0409184043527433E-014   7.7217463177151231E-015   2.6525404019037630E-003   1.6056972403009339E-014   1.5371977643693566E-014  -1.2368535592981102E-004  -1.7244938583552469E-014  -6.1330505806911286E-015   4.0228500870889661E-014  -7.5352736421129632E-015   1.2974143404624426E-013  -5.6815984764094903E-015   1.8181194642069362E-015  -5.6246117573681276E-014   6.0390260533885881E-015  -7.3480638506551296E-014  -4.5817799982018155E-014  -6.8943616692739032E-015
   1.9736424962691752E-015  0.13923701788742390       -4.8727101219255679E-015  -1.7408671066547099E-014   1.4314409059401610E-015   1.2438575939485635E-016   3.8904106618998318E-016   7.8128524773736814E-016  -7.5347216691691573E-016   5.7443001418484581E-016   1.0856815735853060E-014  0.40740225125628954       -2.3539149721907789E-014   1.9588607631199445E-014  -6.6037904982498418E-016  -2.0977674198170654E-013  -3.7433684751325317E-016  -5.7870824799862400E-016  -2.3052782242579562E-016  -2.8644503894204992E-016  -4.0616806899728123E-013   1.6961820225310384E-015   7.3738773483290067E-013  -9.1319366016367295E-016  -2.3952510539103522E-015   1.0203762826561096E-015   1.7919633964011288E-016  -2.5433882648728924E-015  -1.4310148713595760E-016  -2.3054472235855422E-015  -6.3874966942292746E-015  0.40639290884640394        1.0674699933310843E-014   4.3877166427324451E-016   3.5280736237845817E-017  -8.4993525368746382E-017   2.8395065028958393E-016  -1.2536113769365939E-017   2.7077800927952993E-016   3.7603166267906533E-017  -1.1578065388647554E-017  -1.9301023822088556E-018  -7.6290922377482676E-017   4.3665134772346394E-016  -6.8606385113112995E-017   4.7601784808010354E-016  -6.6935434859717980E-017   5.3981530190824508E-016  -2.1048861613416387E-014   3.1065344918376449E-016   2.4019672158824697E-013   7.1434301579727671E-016   5.8737549384779579E-016  -8.3558416542710621E-017   1.4924052733741470E-016   4.5218009428274945E-013  -1.4122213768690478E-015  -8.5227968459358248E-013   1.7421073346765934E-015   4.2850154240097871E-016   7.1018713281231223E-016   8.2255842568389841E-016  -7.1670785158330651E-016  -1.1018276542475610E-015   1.0253791091296141E-015   1.5884224235646309E-014  0.26327689669826354       -4.2069490777738681E-014   1.8485028241001059E-014   2.6525404013128594E-003  -1.2221541425409130E-014  -2.8202101673773168E-015  -1.2368535582784324E-004   7.4767080341827436E-015  -2.9871926137395996E-014  -8.0950376759039757E-015  -1.1769467110668856E-015   5.7763536042917972E-015   6.4540911750506856E-015  -7.6386605703822434E-015  -6.9892468103580824E-015   8.1524259661588491E-015  -2.0185192326519318E-014   5.2177416163559747E-014
  -4.8708278113185430E-015  -5.6062175039483816E-015  0.13923701788374432       -1.0956456829887067E-014   1.7126130629987945E-015  -1.0343137391626411E-015   3.4630277129283443E-016   1.2444259632789597E-014   5.8118488902255984E-016  -5.5046074108569422E-016   1.7275372484523016E-014  -2.3539149721907789E-014  0.40740225124562718       -1.7807827592748950E-014   7.4735337598388506E-016  -2.7853772710696721E-016  -5.7060804996509697E-013  -2.5805725437180383E-016  -6.0434547886525117E-016  -8.0866510034388535E-016  -6.5776503040962287E-016  -5.3372778130258314E-013   1.7824325340546930E-015   8.3943789353573639E-013   2.2295401126679233E-014   1.5883924007745755E-015  -2.6836405894052041E-016   9.1636426768378316E-015  -2.1900761552777054E-016   2.2508982755028482E-014  -1.6407112891610523E-015   1.0600138725155784E-014  0.40639290885522639       -3.0354588728091014E-015  -1.3311449477750381E-016   4.8557716205037018E-018  -1.1507869130351235E-015  -1.5995797399512729E-016  -1.1270420909788114E-015  -2.2254752148806603E-016   6.3976079294859729E-017  -1.3521104455151159E-016   7.8141802020554791E-017  -1.4832058395556663E-015  -4.0923586225717286E-017  -6.7832671270417152E-016  -1.1419621914264711E-016  -1.3809906117290960E-015   2.3865785593057997E-014   8.8486199042940949E-017   6.9318367841973607E-016   6.6645241257720046E-013  -1.3690525756490095E-016   2.1762981612139236E-016  -1.1283158465208740E-016   1.0842389186952777E-015   6.2660611152286854E-013  -2.1016989399067760E-015  -9.5245143888838617E-013   3.4374035692265554E-015  -1.9169394145285070E-015   9.9267473219187502E-016   5.3323117802547955E-015   8.8031536554938632E-016  -2.7261837655301668E-015   9.7684565921211594E-015  -4.1262614878639911E-014  0.26327689667289622        2.4896734386560190E-014  -4.8057343444967468E-014   2.6525403788475723E-003   8.0772122702389812E-015  -5.7097818035838234E-015  -1.2368535379554400E-004  -2.5373861839555675E-014  -4.6210209900127716E-014   2.2798667006074420E-014  -1.1894716745722118E-014   7.2119514819446389E-015  -4.0563230554513774E-015   7.9885909856281413E-015  -1.9808409906774664E-014   1.2453911696193687E-014  -7.3355364134151923E-014
  -1.9044185839980393E-014   1.0985109467355367E-014  -1.6967774685906453E-014  0.35707766916338696       -8.9724931008743352E-012  -8.8077590158612448E-015   9.4143870825726048E-015  -7.8413518467160822E-012   4.6236325649380060E-014   1.7095911224355971E-011   8.2231320918964222E-014   1.9588607631199445E-014  -1.7807827592748950E-014  0.96656555430677860        9.1776955092181868E-016   2.6673852635404229E-015  -2.0282004237234495E-015  -1.0198742224110944E-015  -1.6024295308689241E-015   3.2483782588784931E-015  -3.1776300155347656E-015   2.2790705912765560E-016   2.2015877240038990E-015   6.0469172600400423E-016   9.1075575457412867E-012   1.5674469007336575E-014  -1.5597819037647834E-014   7.9355353400590663E-012  -5.2971587566617803E-014  -1.5694398460290069E-011  -9.1216380554175326E-014   3.7201014547329533E-014  -5.6238940863401764E-014  -2.4151515139478107E-014   1.4354540396207251E-016   1.1256584084551434E-016  -1.6910565303039440E-014  -2.2995438952730756E-017  -2.2859511690049217E-014   5.2150948732769946E-018  -1.3197780099867715E-016   3.9315354432401515E-017  -6.9339484832545577E-017  -2.6107000373126891E-014  -2.8534915125527713E-016  -1.6768837222672331E-014  -9.3704721452592792E-017  -4.1459283209595682E-014  0.45645211336938196        1.5590553584074348E-015  -2.0166506242776097E-015   1.6626927398699467E-015   4.4993595538287365E-016   8.1874463193191752E-016  -2.2629841598417592E-015   2.3854363210874943E-015  -5.3196382111237155E-016  -1.2921789673065413E-015  -6.1310083425686768E-016  -1.2658763711837336E-011  -1.6820046842453710E-014   6.9920204765033207E-015  -1.0928319126913015E-011   5.0623315754371104E-014   2.4042215772826255E-011   1.2619102120351731E-013   4.2490042299931727E-015   7.7244692900106709E-015   1.4182342133406553E-013   1.1442402304287760E-013  -6.5300402087224641E-015   2.5086423087734230E-014   3.3813911823370806E-015   3.8096716768687354E-014  0.95358502312637117       -1.3101883332222213E-002  -7.7733373540511466E-011   3.3863259729435957E-014  -1.3025411816594721E-013  -6.8289205286514133E-011   1.8865283841747407E-013   1.4598089773051620E-010   3.5572929427325891E-004  -6.5881343720118192E-005
  -1.6440007983432255E-013  -2.2607892684365300E-016   2.5588306713030972E-016   3.4925526675712307E-016  -6.6721915178598611E-019   4.8771368716694284E-020   5.3837524388467819E-020   3.4237316911334408E-019  -8.4921555767330834E-020   3.2484597843258944E-019  -4.8192451496865673E-013  -6.6037904982498418E-016   7.4735337598388506E-016   9.1776955092181868E-016   6.6029776303040538E-025   1.3006765461395871E-027  -3.5566595971690750E-028   2.2376443680734001E-025  -2.1407710856905621E-027  -1.0751740359439179E-024  -6.3745373020036137E-028  -7.5432305190244606E-028  -1.3398522239327584E-027   1.3331533028349214E-027  -5.2335756558149552E-017   3.8255594719638646E-018   4.2229417396766913E-018   2.6855283678761348E-017  -6.6611306729854049E-018   2.5480472856563654E-017  -4.8007881686956031E-013  -6.5945864892043342E-016   7.4639410236337238E-016   7.9912446996655641E-028   1.3360436415775551E-028  -2.1251099047394852E-029   4.6337059671292249E-028  -2.4570354658076566E-028   3.4520248868988658E-028   4.1001214922727324E-029  -3.5643244700344273E-029   1.3139869304798343E-029   1.3920248536317730E-029   5.8750176017245708E-028   2.5375123143277365E-028   5.5680184836771740E-028  -1.9022749132436268E-029   6.4314718866763778E-028   5.3655930878715891E-016  -6.7206714333695351E-025  -9.7917543559103692E-028   6.5615224810897597E-028  -2.3523823641823505E-025   1.6687461553149103E-027   1.2693495041379162E-024  -2.7606013161595503E-028   7.9452344619125698E-028   9.3303863016194658E-028  -1.1509999880309946E-027  -3.6562688315728384E-016   2.6726037371018127E-017   2.9502220417975960E-017   1.8761577766167616E-016  -4.6535841004640208E-017   1.7801110549528830E-016  -3.1107115587209187E-013  -4.2721797668445251E-016   4.8351752063985461E-016  -4.2744169240335275E-013   5.6791449034392035E-016  -6.7340106500934284E-016  -1.7729579894181959E-014   8.2099586728652673E-016  -7.5856728042860037E-016   9.2151612883667899E-016   2.4207700203784218E-015  -3.1374980191052150E-015   2.2934005450479260E-016   2.5316288923532476E-016   1.6099585613082902E-015  -3.9933089085458550E-016   1.5275394577974868E-015   2.8083088883408380E-015   6.3832944564573921E-016
  -3.0726412043972446E-016  -7.1518890971910303E-014  -9.5134420252462814E-017   9.7549967643931186E-016   6.1151567965070633E-020   5.3469983036359406E-020  -1.2610410330317682E-019  -1.3854277062280493E-020   2.3914735021853100E-019  -4.7297290160186509E-020  -8.9858355953317879E-016  -2.0977674198170654E-013  -2.7853772710696721E-016   2.6673852635404229E-015   1.3006765461395871E-027   1.3770004438422191E-025   7.6929240353367898E-028   8.2864815267210534E-028   2.2382842541624106E-029  -1.4705002869940003E-027   2.6200778194104821E-025  -5.2728964000930772E-028  -4.8396673327843471E-025  -1.2280103325968549E-028   4.7966472532394188E-018   4.1941123215001119E-018  -9.8914332531303888E-018  -1.0867090201361089E-018   1.8758390814901104E-017  -3.7099382150040587E-018  -8.9678146326026734E-016  -2.0888141801249596E-013  -2.7783938029466899E-016  -8.3415877837971108E-028  -2.2906424644894013E-029   6.0059609291216015E-029  -3.9159694966469813E-028  -6.3665334164839809E-029  -4.3728557155095523E-028  -2.9949932624553107E-029   2.7464839258016513E-029   3.0458787030169874E-029   4.3057941229653240E-029  -7.7408674560859514E-028  -3.7302879515055202E-029  -6.6494341623374642E-028   5.8931984497289357E-029  -8.3671650236566587E-028   1.1617668401103296E-015  -1.0973805797228305E-027  -1.5924899377020915E-025  -1.0004475242775011E-027  -8.5271715963519097E-028   1.9500928327778973E-028   1.8595477234268796E-027  -2.9810144179608296E-025   3.9299175248448245E-028   5.5957178705360602E-025  -1.8968507594589386E-028   3.3510228725301674E-017   2.9300812992959566E-017  -6.9103308106270507E-017  -7.5919422483240837E-018   1.3104944722255952E-016  -2.5918286476585656E-017  -5.8087817233504181E-016  -1.3535519083369210E-013  -1.7992334613180572E-016   1.7325479665592734E-016  -2.4490625268352155E-013  -1.3808002008853910E-016  -7.1969084678504837E-016  -2.7531814106297276E-015  -9.8692354153939108E-016   2.6160216658222411E-015  -2.3075433451138912E-015   2.8755619762766942E-016   2.5143458252050520E-016  -5.9298564270066116E-016  -6.5147572153453579E-017   1.1245545664360028E-015  -2.2240862547421027E-016   7.1855769299955446E-016   1.1862982985581682E-015
  -1.2387939407210664E-016  -1.2725709927059120E-016  -1.9454546705138749E-013  -7.3931988938863691E-016  -1.0707503495390561E-020   1.5604890811603067E-019   8.2547993718623684E-020  -2.9138215687525652E-019  -5.6172280435288579E-020   3.0208963631135612E-019  -3.6287820287310086E-016  -3.7433684751325317E-016  -5.7060804996509697E-013  -2.0282004237234495E-015  -3.5566595971690750E-028   7.6929240353367898E-028   1.0108998260165092E-024   6.7335364601247515E-028   1.0992083923883724E-027   1.1991389252855910E-028   2.2503771530284186E-027   9.4242458398118168E-025  -4.3684999526366678E-027  -1.5083202220945114E-024  -8.3988293619535445E-019   1.2240262699970497E-017   6.4749517296894208E-018  -2.2855617415921375E-017  -4.4060766465761478E-018   2.3695500251496898E-017  -3.6163965409784147E-016  -3.7242238743649646E-016  -5.6819224138207696E-013   5.1552661538038980E-027   1.0731943109380794E-028   1.1520039476552099E-028   2.0649794935103321E-027   2.7743897146496097E-028   1.8098000553011851E-027   3.0939598843144925E-028  -1.9926552572081404E-028   2.4278380855319803E-028  -5.3187784059356160E-029   3.0417382758978897E-027  -1.4876992144068262E-030   1.1375695566906463E-027   4.6044867565134988E-029   2.6714649168644587E-027  -8.5812391979517248E-016  -5.7109646410829491E-028  -1.8259328187648502E-027  -1.1923143133091279E-024  -2.5333279266195285E-028  -4.6037114658919876E-028   1.4266265271331261E-027  -2.5794616895899060E-027  -1.1175626869064555E-024   5.2263271603263290E-027   1.6897929543103331E-024  -5.8675708533383237E-018   8.5512647474298727E-017   4.5235161867692879E-017  -1.5967339911102709E-016  -3.0781633396993983E-017   1.6554096995274834E-016  -2.3433799167241519E-016  -2.4108313430283717E-016  -3.6818652233838667E-013  -1.8017294577595949E-016  -1.1400558405430737E-015  -6.5417314110448488E-013   3.1672191097579698E-016  -3.7590254455743411E-015  -1.2459423756979520E-014  -1.9853111168804142E-015   2.3626314994476546E-015  -5.0350487856123336E-017   7.3379659543020474E-016   3.8816957202053772E-016  -1.3701809043190183E-015  -2.6414172002971922E-016   1.4205313921773752E-015   1.1770170177642316E-015  -7.2551202066626961E-016
  -5.6259271391358644E-014  -1.9671111275866036E-016  -8.7845598415882010E-017  -3.7103556575643923E-016   5.8263330969493157E-019   2.6890498471368481E-019   1.2232952710628317E-019  -3.3961660600309814E-019  -4.0935151841670874E-020  -2.4301670539108984E-019  -1.6489690461120472E-013  -5.7870824799862400E-016  -2.5805725437180383E-016  -1.0198742224110944E-015   2.2376443680734001E-025   8.2864815267210534E-028   6.7335364601247515E-028   7.5903079938385103E-026  -7.1817885532441003E-028  -3.6319102644959066E-025   4.9408567186406515E-028   4.8041326472103552E-028  -1.8210488744908901E-027  -7.1358440837383364E-028   4.5700959098398381E-017   2.1092539138091718E-017   9.5953606930853613E-018  -2.6639062608021321E-017  -3.2108973024790882E-018  -1.9061896499614831E-017  -1.6428203726084888E-013  -5.7499101091970889E-016  -2.5662831501524010E-016   1.5344784323099267E-028   2.1941218958544266E-029  -3.0549221384857464E-029   1.5492386132403616E-028  -8.3946969068005505E-029   3.6758670502421540E-028  -6.0809536604774329E-030  -1.6297130614082145E-029   6.1386445360659588E-029   3.6527596518714229E-029   2.2567458471269512E-028   8.6459480468495804E-029   1.4661678447547537E-028  -6.8693592119418232E-030   1.3914306403038548E-028  -4.2623094152269384E-016  -2.2678064462065518E-025  -7.8770642577976155E-028  -7.0593462372333800E-028  -7.9423551597437893E-026   5.6284812364630255E-028   4.2915027317332525E-025  -9.4580950905539258E-028  -5.9879730777225861E-028   1.8973083910506717E-027   9.3251345800013794E-028   3.1927501069036540E-016   1.4735622161896660E-016   6.7034892655943868E-017  -1.8610521881909359E-016  -2.2431898381084762E-017  -1.3316979187223217E-016  -1.0644616181788837E-013  -3.7270370389250082E-016  -1.6635019853455587E-016  -1.3595854153011330E-013  -1.4898528294374043E-015  -4.6759032104119839E-016  -9.7708989599329702E-015  -5.8173625792647824E-017   3.4148829534564696E-016  -9.9721853547242545E-016   1.2784554770222768E-015   2.7397457893618884E-015   1.2644853940895121E-015   5.7523626573621680E-016  -1.5969962338558572E-015  -1.9249141673712717E-016  -1.1427495555060811E-015  -2.2356537584715505E-015  -1.3435122812547012E-015
