   1.4362522104279208E-029  -1.5382144223579413E-015  -6.0904370424558625E-029   7.0146600717979669E-018  -7.7426266899148716E-030  -7.1088033068967128E-016  -3.3946054817275480E-029  -2.3724028848346083E-017  -8.2433589681473327E-020   5.3817094340286241E-030   7.3338123203560269E-031   1.6486717965266468E-019   1.1080991305347751E-030  -8.2433589699774452E-020   4.1441914630330093E-017  -3.0473324190693577E-030  -2.4466481298498027E-017  -1.5305896161601969E-030   1.7799745774003286E-031   1.3715615012932033E-030  -1.1661734239868863E-030   3.6472476902510306E-017   4.8124825639250467E-030  -2.4466481298494899E-017  -7.9848362185963941E-031   1.4081362363106400E-029  -5.3557958314044954E-016  -2.2486055197127196E-029  -9.7896691338946947E-019  -4.4894195814023918E-030  -1.7045763230754956E-030   1.9579338269435339E-018  -1.8723742564703676E-031  -9.7896691336628994E-019  -6.9051449228199005E-021  -4.7105030663269537E-032  -3.5809580715342819E-031   1.6172955438098168E-020  -2.3413476439822785E-033  -4.0432388584921217E-021  -3.9773948923901255E-031  -2.2874142399265519E-032   7.8002038784339922E-031   6.8392357849828442E-031  -1.8413719791167485E-020   9.1052363983233912E-032   1.6172955440444459E-020   2.2183266413720480E-031  -6.9051449230126846E-021  -1.3073953814640995E-030   5.8015209669400282E-018   1.2707053857622325E-030  -1.6700802190789648E-030  -9.9533123387903197E-031   3.2891817568413370E-031  -8.6483968365899588E-018  -3.3124535922600843E-031   5.8015209669373142E-018   1.4717145739888081E-030   8.1010502550665275E-019   2.5765906896064754E-030   3.2307902159670714E-031  -1.6202100509117994E-018   1.8624680434631463E-030   8.1010502549190485E-019  -1.3397806797476057E-030  -1.6851636634530213E-016  -2.3730616608466239E-030   6.0783500555305766E-018   4.0094116688970071E-015
  -1.5382144223579413E-015  0.37514982929608348        1.4199236295854455E-014   4.1305578467936060E-017  -7.7083555579569937E-016  0.17337416086592808        7.1580960049898150E-015   1.4003334802491552E-014  -4.0462344436361166E-015   1.5125893216614052E-016  -1.6215963593656136E-018  -4.6494099887094290E-015  -4.6716729413307907E-017  -4.2713368231604232E-015  -9.9490366384228519E-015   2.3114815071238785E-016   5.9670460432538954E-003   1.2640802166421866E-016   3.5668299914310010E-016  -5.4406850257980668E-018   1.9648087719556507E-016  -8.8951470517410983E-003  -1.0507935254442543E-015   5.9670460432539067E-003   2.9737956450357875E-016  -1.3792944732663282E-015  0.13062066397843711        5.4158676461199985E-015   4.4634598159704099E-016  -2.7937420185553809E-016  -8.6615733353131142E-018   2.0784686294674142E-015   1.3086378937863152E-016   7.1760527387159236E-016  -2.3312734798302859E-016   7.5762798022771021E-017   2.3294867761283579E-017  -3.5451423159990561E-016  -1.0150907539592734E-017  -1.5937734179368365E-016   7.8774964055112764E-017  -2.5173972403417301E-017   3.4967982945614464E-017   1.9625414141782192E-017  -9.3201818609018569E-016  -4.6485417570347920E-017  -3.7484225595810587E-016  -5.1471368577504859E-017  -2.8253321079708472E-016   3.3002492424828842E-016  -1.4149130113268382E-003  -1.0151317227745108E-016   7.0299657109356132E-017  -6.5698497706307914E-018   9.8277380985377319E-017   2.1092277837044403E-003   1.7236071598359874E-016  -1.4149130113268956E-003  -2.6979607455401205E-016  -2.7166967398023911E-017   3.8756039273074134E-017  -4.1807499209984452E-018  -3.8746695703964342E-016  -2.3534638355084793E-017  -9.0515985524971190E-017   3.6599152209377502E-017   4.1098877470625794E-002   1.5089166570785435E-015  -5.8487679564410861E-016   1.6658196588407452E-016
  -6.0904370424558625E-029   1.4199236295854455E-014   5.3832819492757574E-028  -2.3369729406615199E-018  -2.5543265197633606E-029   6.5621266104531712E-015   2.7246157529662743E-028   7.9037919012755248E-018   2.7463207836161763E-020   3.7255059875974171E-030  -3.0349150815017620E-031  -5.4926416233712797E-020  -2.0735582804102878E-030   2.7463207834046369E-020  -1.3806603899776856E-017   9.4483248467935555E-030   2.2584975425787852E-016   5.1217290676798844E-030   1.2953736536746121E-029  -6.5543845565777783E-031   7.5568234750829710E-030  -3.3667693548211697E-016  -3.9939910769432585E-029   2.2584975425787788E-016   1.1115460905252661E-029  -5.5012747572681224E-029   4.9439278072746207E-015   2.0508105779823794E-028   3.2614826136876805E-019  -8.6968682965879982E-030   2.5188471885126588E-031  -6.5229652268397349E-019   4.8367457447782158E-030   3.2614826137094209E-019   2.3004873523670015E-021   2.7797838951765487E-030   9.6917946837582199E-031  -5.3881098917490013E-021  -3.6956040812512078E-031   1.3470274635451750E-021   3.0064940132258780E-030  -9.1081349322689233E-031   1.0158856150171909E-030   4.8815048494012530E-031   6.1346329273170937E-021  -1.7262844434001407E-030  -5.3881098932723178E-021  -1.9517594745616570E-030   2.3004873506287313E-021   1.2476024040806748E-029  -5.3553760703040336E-017  -4.1268964322292859E-030   3.1211726911511687E-030   9.1909137098972201E-032   3.4759200336463742E-030   7.9833232921354169E-017   6.3986751154078672E-030  -5.3553760703041520E-017  -1.0333409805945076E-029  -2.6989098606824959E-019   5.5554972696363953E-031  -2.6016387921520649E-031   5.3978197208656347E-019  -1.4791170954100525E-030  -2.6989098606564746E-019   1.7816198401482515E-030   1.5555722730696078E-015   5.5841130666153946E-029  -2.0250360613926802E-018  -1.3357577533745271E-015
   7.0146600717979669E-018   4.1305578467936060E-017  -2.3369729406615199E-018   6.1083568462316688E-006  -9.4945430218009249E-018   2.5640665944798534E-017  -4.0021479663116297E-018  -2.0658853394515849E-005  -7.1783062448890088E-008   5.2264566446452100E-018   6.3283749957462852E-019   1.4356612510457131E-007   7.9812886619970807E-019  -7.1783062465630424E-008   3.6087565236498437E-005  -1.8282969941812253E-018  -9.3683988541921925E-020  -8.8149470878245927E-019   1.4285391205174488E-018   1.1749279630708401E-018  -3.1396593835343478E-019  -2.8132068000727918E-018   4.3883784271648175E-019   2.6693474512157554E-018   3.6647733732180824E-019   7.3372513357907186E-018   3.3018706429030581E-018  -2.4343389047587672E-019  -8.5248311199958012E-007  -4.9068882789882305E-018  -1.5152690487914172E-018   1.7049662241530977E-006   3.0420397760513639E-019  -8.5248311197842685E-007  -6.0129911980974287E-009   2.2949260587313077E-019  -2.2865487227064412E-019   1.4083388511213159E-008  -3.8282729504101218E-020  -3.5208471277897657E-009  -6.5084463486476981E-020  -1.0980261955834595E-019   8.0409416685675856E-019   6.6563244032945937E-019  -1.6034643193405699E-008  -8.6688231726037090E-020   1.4083388513183723E-008   9.3927098951065057E-021  -6.0129911984417095E-009   3.9878127894305573E-020   6.6320303578395001E-019   7.4407509521061028E-019  -1.2032982556906129E-018  -8.9019083593524466E-019   6.3732160118173184E-019   1.9390583400653981E-018   3.2696712615303966E-019  -1.9050054713800558E-018   3.1825834375403116E-019   7.0543840016057819E-007   2.3820705254863332E-018   2.6640939373567663E-019  -1.4108768002343423E-006   1.5378041519561761E-018   7.0543840014750953E-007  -1.0360017380639837E-018   9.4146395709462802E-018   3.3211385751676141E-018   5.2930193046347620E-006   3.4913904546183066E-003
  -7.7426266899148716E-030  -7.7083555579569937E-016  -2.5543265197633606E-029  -9.4945430218009249E-018   1.6341738843118990E-029  -3.5623891366941830E-016  -8.4872790660658287E-030   3.2111151537608143E-017   1.1157622121059350E-019  -8.4345566212781750E-030  -9.8032093034512068E-031  -2.2315244271643215E-019  -1.1445832710349740E-030   1.1157622123707643E-019  -5.6092816663327419E-017   2.3668695157918249E-030  -1.2260731297253257E-017   1.1104182943491570E-030  -2.9533451336166426E-030  -1.8150736529737957E-030   8.4296690117779268E-032   1.8277219089716850E-017   1.4769991021360723E-030  -1.2260731297257576E-017  -1.1806730040425898E-030  -8.5705866602037130E-030  -2.6839157118941161E-016  -1.0749820502983220E-029   1.3250597150731853E-018   8.2010781972573698E-030   2.3730603352530134E-030  -2.6501194303917488E-018  -7.4173150759665307E-031   1.3250597150397483E-018   9.3463111373710618E-021  -5.1238542026356458E-031   3.0754548666622444E-031  -2.1890557718560655E-020   8.0362357960936084E-032   5.4726394301287308E-021  -6.0697877150280769E-032   2.2239801648115753E-031  -1.3216963426852363E-030  -1.0749529395742196E-030   2.4923496364596685E-020   2.3025958748089692E-031  -2.1890557721581843E-020   9.1160719538978221E-032   9.3463111380077125E-021  -7.4010027412291466E-031   2.9072790984196749E-018  -9.4797215630330772E-031   1.7259027453925383E-030   1.3971701668759764E-030  -1.1925572840832486E-030  -4.3339157957322104E-018  -8.6237889330170667E-031   2.9072790984237848E-018   5.9675103343031555E-032  -1.0965003204890693E-018  -3.7822121626198510E-030  -4.0550389426222069E-031   2.1930006408441069E-018  -2.3419329805301954E-030  -1.0965003204686259E-018   1.5351106879590026E-030  -8.4447528916902455E-017  -8.2626540327886421E-030  -8.2272206369332651E-018  -5.4268533603645788E-015
  -7.1088033068967128E-016  0.17337416086592808        6.5621266104531712E-015   2.5640665944798534E-017  -3.5623891366941830E-016   8.0124252521627137E-002   3.3080886391218088E-015   6.4494340436632251E-015  -1.8700298636259039E-015   6.9903778143760527E-017  -7.4941499665754399E-019  -2.1485543289604132E-015  -2.1589970534253197E-017  -1.9740601286327829E-015  -4.5592066837773374E-015   1.0682429668345038E-016   2.7576491305851191E-003   5.8419018139706290E-017   1.6483978091529867E-016  -2.5143932562971177E-018   9.0802939385312068E-017  -4.1108606093953172E-003  -4.8562049477427179E-016   2.7576491305851243E-003   1.3743290927580731E-016  -6.3743604079005118E-016   6.0365875819547700E-002   2.5029239924454539E-015   2.0536288992215557E-016  -1.2911179489319833E-016  -4.0029153461350022E-018   9.6238553282033300E-016   6.0478235359529664E-017   3.3072440818124265E-016  -1.0774542482725349E-016   3.5013507954140349E-017   1.0765640379400735E-017  -1.6382238774262345E-016  -4.6912058576882350E-018  -7.3659448551282670E-017   3.6405569785078340E-017  -1.1634061914126305E-017   1.6160329092367808E-017   9.0698154251128567E-018  -4.3074609139900888E-016  -2.1483070587779991E-017  -1.7321691198318433E-016  -2.3787310132834341E-017  -1.3057816880934894E-016   1.5251984630714012E-016  -6.5389702161763711E-004  -4.6913951936122907E-017   3.2488736789154263E-017  -3.0362327316953234E-018   4.5418542485843667E-017   9.7477212707524556E-004   7.9655892569585368E-017  -6.5389702161766368E-004  -1.2468529738768940E-016  -1.1798508584810678E-017   1.7910965866797709E-017  -1.9321187236132930E-018  -1.8057969546682062E-016  -1.0876449507524517E-017  -4.1075032260840171E-017   1.6914168172782986E-017   1.8993700216714274E-002   6.9734047254795409E-016  -2.6462177349593292E-016   3.8216312048701207E-015
  -3.3946054817275480E-029   7.1580960049898150E-015   2.7246157529662743E-028  -4.0021479663116297E-018  -8.4872790660658287E-030   3.3080886391218088E-015   1.3920317515025473E-028   1.3535520301477872E-017   4.7031704950430308E-020  -5.3821771449422487E-031  -4.4557129902359682E-031  -9.4063410279471660E-020  -1.4143125776409608E-030   4.7031704957103348E-020  -2.3644292476245560E-017   5.6083388958054099E-030   1.1385501233987125E-016   2.9894934868458106E-030   5.8697694690994128E-030  -8.7361538779154518E-031   3.9546874448974855E-030  -1.6972503144766634E-016  -2.0337328182071955E-029   1.1385501233986964E-016   5.4340770620136575E-030  -3.1125120971143608E-029   2.4923248792290775E-015   1.0349767592642568E-028   5.5854031435010022E-019  -2.1156813684876057E-030   8.2752421551698442E-031  -1.1170806287443674E-018   2.2976517820412878E-030   5.5854031434141650E-019   3.9396651298449859E-021   1.2952403290959831E-030   5.9429370614108610E-031  -9.2273267834753531E-021  -1.6860318870073143E-031   2.3068316911278679E-021   1.5457189700957088E-030  -4.0839349106171130E-031   1.4037497667722452E-031  -6.1651891561414976E-032   1.0505773672668645E-020  -8.3017371058009104E-031  -9.2273267851543217E-021  -9.8826029589822005E-031   3.9396651291278606E-021   6.2709564379200148E-030  -2.6997435112234733E-017  -2.4244477523274195E-030   2.1297535903375421E-030   4.5788923351564549E-031   1.4576264208777305E-030   4.0245400085819725E-017   3.0745251480874720E-030  -2.6997435112234148E-017  -5.3564001290845930E-030  -4.6219776113869708E-019  -8.2122436798820291E-031  -2.5432071835138880E-031   9.2439552221208453E-019  -1.4566131215152267E-030  -4.6219776113134340E-019   1.3771152640215468E-030   7.8419257496146884E-016   2.6615099923921875E-029  -3.4679451412261408E-018  -2.2875319106763393E-015
  -2.3724028848346083E-017   1.4003334802491552E-014   7.9037919012755248E-018  -2.0658853394515849E-005   3.2111151537608143E-017   6.4494340436632251E-015   1.3535520301477872E-017   6.9869563013397071E-005   2.4277490668474165E-007  -1.7676210528056100E-017  -2.1402968843134889E-018  -4.8554981406886401E-007  -2.6993228542195639E-018   2.4277490674135850E-007  -1.2205045290465869E-004   6.1834173273256499E-018   2.2527264149283355E-016   2.9812714638703197E-018  -4.8314106398719648E-018  -3.9736814906570200E-018   1.0618528770731311E-018  -3.2582985630993700E-016  -1.4841776414029008E-018   2.1592789250790757E-016  -1.2394497857056181E-018  -2.4815053128182088E-017   4.9131916254050771E-015   8.2330898184958690E-019   2.8831523886762824E-006   1.6595409883651233E-017   5.1247368024248742E-018  -5.7663047778731910E-006  -1.0288373016746654E-018   2.8831523886047407E-006   2.0336320675279961E-008  -7.7615866577372470E-019   7.7332539717297202E-019  -4.7630920372743207E-008   1.2947463880612987E-019   1.1907730093140064E-008   2.2011981671887304E-019   3.7135947962556838E-019  -2.7194978824328275E-018  -2.2512114707049101E-018   5.4230188462269862E-008   2.9318514214704594E-019  -4.7630920379407788E-008  -3.1766745394350074E-020   2.0336320676444340E-008  -1.3487037815226017E-019  -5.5584779393600487E-017  -2.5165095447841814E-018   4.0696316341670395E-018   3.0106823218868531E-018  -2.1554624026380125E-018   7.2959217912496501E-017  -1.1058237254343176E-018  -4.6898934022800399E-017  -1.0763700665775947E-018  -2.3858377718665562E-006  -8.0563148159507771E-018  -9.0101360261941345E-019   4.7716755434395020E-006  -5.2009519621213251E-018  -2.3858377718223572E-006   3.5038241153739153E-018   1.5175740973377112E-015  -1.1232302999658337E-017  -1.7901329699860268E-005  -1.1808105741148454E-002
  -8.2433589681473327E-020  -4.0462344436361166E-015   2.7463207836161763E-020  -7.1783062448890088E-008   1.1157622121059350E-019  -1.8700298636259039E-015   4.7031704950430308E-020   2.4277490668474165E-007   8.4356696641259498E-010  -6.1419310162011266E-020  -7.4368631197247031E-021  -1.6871339352553196E-009  -9.3793037446629144E-021   8.4356696660932087E-010  -4.2408719958757208E-007   2.1485443728482630E-020  -6.4349643468737243E-017   1.0358987091529608E-020  -1.6787642815194127E-020  -1.3807301942049020E-020   3.6896070603028910E-021   9.5961485656619815E-017  -5.1570536876649899E-021  -6.4382113552490035E-017  -4.3067008481819766E-021  -8.6224558258139340E-020  -1.4086984474753294E-015   2.8607414801277941E-021   1.0018053955548023E-008   5.7663865528098472E-020   1.7806859601520711E-020  -2.0036107912905064E-008  -3.5748882522674234E-021   1.0018053955299439E-008   7.0662361997389416E-011  -2.6969089198027396E-021   2.6870641953470418E-021  -1.6550257007595485E-010   4.4988392665220017E-022   4.1375642518829783E-011   7.6484760457228472E-022   1.2903581923720277E-021  -9.4494056666284895E-021  -7.8222566618625713E-021   1.8843296530850020E-010   1.0187267887721865E-021  -1.6550257009911218E-010  -1.1037951687285988E-022   7.0662362001435273E-011  -4.6863243893290459E-022   1.5251130874542291E-017  -8.7440845982059046E-021   1.4140698718598220E-020   1.0461180637673996E-020  -7.4895585598198980E-021  -2.2769448820630617E-017  -3.8423920274421067E-021   1.5281311474054752E-017  -3.7400497583727384E-021  -8.2900410056775774E-009  -2.7993177477292689E-020  -3.1307408241909255E-021   1.6580082010334950E-008  -1.8071683474187070E-020  -8.2900410055239998E-009   1.2174694329469789E-020  -4.4333553282053118E-016  -3.9028744365049229E-020  -6.2201528963091587E-008  -4.1029479014792224E-005
   5.3817094340286241E-030   1.5125893216614052E-016   3.7255059875974171E-030   5.2264566446452100E-018  -8.4345566212781750E-030   6.9903778143760527E-017  -5.3821771449422487E-031  -1.7676210528056100E-017  -6.1419310162011266E-020   4.5328686823025184E-030   5.4081712385656160E-031   1.2283862049582049E-019   6.6406220228094436E-031  -6.1419310176425468E-020   3.0877386483354496E-017  -1.4711367422542497E-030   2.4058894399128005E-018  -7.0326080211375494E-031   1.3661055183044092E-030   1.0031028865735856E-030  -1.8941647318605723E-031  -3.5864882226718014E-018  -4.8195621715526796E-032   2.4058894399151698E-018   4.3346906886207824E-031   5.7218021547478279E-030   5.2665736751844932E-017   1.9753686070036395E-030  -7.2940499995601244E-019  -4.3110938945056439E-030  -1.2999928585777655E-030   1.4588100000449356E-018   3.1304798442598059E-031  -7.2940499993780384E-019  -5.1448595085683424E-021   2.2690664011653172E-031  -1.8625019483559948E-031   1.2050085041787528E-020  -3.6848427588837907E-032  -3.0125212605353055E-021  -2.3926073261054714E-032  -1.0409980166093765E-031   7.0210121060445694E-031   5.7744397271904362E-031  -1.3719625355006162E-020  -9.2915267636833282E-032   1.2050085043465394E-020  -1.2716424989428599E-032  -5.1448595088828377E-021   1.6718543117434818E-031  -5.7048734795531804E-019   5.9571878945198869E-031  -1.0012263076430415E-030  -7.6431757061312992E-031   5.8493270257561580E-031   8.5043232688515415E-019   3.4925607757296208E-031  -5.7048734795753864E-019   1.6352875967876498E-031   6.0359001720431397E-019   2.0537829648560711E-030   2.2626060601188896E-031  -1.2071800343345259E-018   1.3062930477947455E-030   6.0359001719310660E-019  -8.7167130477322557E-031   1.6570905366263956E-017   3.4500350795662416E-030   4.5288342857716873E-018   2.9873174243000972E-015
   7.3338123203560269E-031  -1.6215963593656136E-018  -3.0349150815017620E-031   6.3283749957462852E-019  -9.8032093034512068E-031  -7.4941499665754399E-019  -4.4557129902359682E-031  -2.1402968843134889E-018  -7.4368631197247031E-021   5.4081712385656160E-031   6.5570189636830734E-032   1.4873726260928436E-020   8.2889617701367208E-032  -7.4368631214580596E-021   3.7387410599776994E-018  -1.9041422439983464E-031  -2.5792735020278736E-020  -9.1870947080841546E-032   1.4645762327561311E-031   1.2174831079428802E-031  -3.3376768613383848E-032   3.8449539220420625E-020   5.0006529683626445E-032  -2.5792735019992534E-020   3.6682323855227633E-032   7.6611537024594417E-031  -5.6461172743493695E-019  -4.8630468447131750E-032  -8.8318887486123052E-020  -5.0715544539933260E-031  -1.5694734342211788E-031   1.7663777498818149E-019   3.0950453619823724E-032  -8.8318887483932716E-020  -6.2295743528958726E-022   2.3448387718341146E-032  -2.3789776631929138E-032   1.4590660950795291E-021  -3.9222866921345452E-033  -3.6476652376740913E-022  -7.0833825420516064E-033  -1.1266946999129050E-032   8.3154549692332704E-032   6.8875967638975872E-032  -1.6612198272800026E-021  -8.7801326722807348E-033   1.4590660952837714E-021   1.1955893130025637E-033  -6.2295743532504186E-022   2.7049080231754393E-033   6.1160038172578291E-021   7.7526402487120186E-032  -1.2496788243817778E-031  -9.2197081726472355E-032   6.5602934856508550E-032  -9.1172001903328382E-021   3.3129387816463642E-032   6.1160038169920048E-021   3.4138377189625839E-032   7.3084772959352396E-020   2.4661955675797104E-031   2.7618596212210960E-032  -1.4616954590970877E-019   1.5942119247387190E-031   7.3084772957998744E-020  -1.0748997050030362E-031  -1.7765112729823643E-019   3.3755399681415949E-031   5.4836696451546477E-019   3.6171475585982446E-016
   1.6486717965266468E-019  -4.6494099887094290E-015  -5.4926416233712797E-020   1.4356612510457131E-007  -2.2315244271643215E-019  -2.1485543289604132E-015  -9.4063410279471660E-020  -4.8554981406886401E-007  -1.6871339352553196E-009   1.2283862049582049E-019   1.4873726260928436E-020   3.3742678753708986E-009   1.8758607517932250E-020  -1.6871339356487714E-009   8.4817440039684550E-007  -4.2970887526710958E-020  -7.3970078721623966E-017  -2.0717974217194585E-020   3.3575285666635080E-020   2.7614603924058613E-020  -7.3792141379081515E-021   1.1019868106755873E-016   1.0314107425876273E-020  -7.3905138554025222E-017   8.6134016986701746E-021   1.7244911681151994E-019  -1.6191043350688617E-015  -5.7214831524454675E-021  -2.0036107939955846E-008  -1.1532773121282491E-019  -3.5613719254044855E-020   4.0072215883529720E-008   7.1497765103885500E-021  -2.0036107939458674E-008  -1.4132472419834147E-010   5.3938178448014110E-021  -5.3741283992261247E-021   3.3100514062868600E-010  -8.9976785425564309E-022  -8.2751285156853643E-011  -1.5296952140235001E-021  -2.5807163876062633E-021   1.8898811359290942E-020   1.5644513345592759E-020  -3.7686593115983406E-010  -2.0374535789002325E-021   3.3100514067500062E-010   2.2075903581191209E-022  -1.4132472420643318E-010   9.3726486800661381E-022   1.7554937808264817E-017   1.7488169225049452E-020  -2.8281397480320377E-020  -2.0922361305261193E-020   1.4979117137877588E-020  -2.6100545703878321E-017   7.6847840600991021E-021   1.7494576609154901E-017   7.4800995366832950E-021   1.6580082035236928E-008   5.5986355033911170E-020   6.2614816575428203E-021  -3.3160164068433446E-008   3.6143367001234013E-020   1.6580082034929773E-008  -2.4349388695255259E-020  -5.0924298729098975E-016   7.8057488791281630E-020   1.2440305810537201E-007   8.2058958147781296E-005
   1.1080991305347751E-030  -4.6716729413307907E-017  -2.0735582804102878E-030   7.9812886619970807E-019  -1.1445832710349740E-030  -2.1589970534253197E-017  -1.4143125776409608E-030  -2.6993228542195639E-018  -9.3793037446629144E-021   6.6406220228094436E-031   8.2889617701367208E-032   1.8758607517932250E-020   1.1010249957910631E-031  -9.3793037468222038E-021   4.7152660283576801E-018  -2.6767302685514968E-031  -7.4306544647117306E-019  -1.3091904258400073E-031   1.4223839634908972E-031   1.5419571457535405E-031  -6.5490760984759176E-032   1.1076965666955212E-018   1.8819275629396680E-031  -7.4306544647081349E-019   1.0852447428510755E-032   1.1304594702404311E-030  -1.6265954928775205E-017  -7.0623570696729601E-031  -1.1138697308666742E-019  -6.0635286348788983E-031  -1.9690916281863770E-031   2.2277394619307860E-019   2.3451606674385673E-032  -1.1138697308393727E-019  -7.8566821946391083E-022   2.0551311532797698E-032  -3.2777323633570143E-032   1.8401608137724677E-021  -3.7380159825399454E-033  -4.6004020341046610E-022  -1.8313756516422404E-032  -1.1212138066948967E-032   1.0070988704434106E-031   8.4528811735244277E-032  -2.0951152516664079E-021  -5.5380949731000570E-033   1.8401608140324769E-021   7.6369047210788543E-033  -7.8566821950274277E-022  -3.5886858893754042E-032   1.7619655703320560E-019   1.0986343874543246E-031  -1.6597939834800891E-031  -1.1549580045389489E-031   7.1035279580712786E-032  -2.6265831928314437E-019   2.1258343327289211E-032   1.7619655703287718E-019   7.5181423240691773E-032   9.2173847184658843E-020   3.0641938974116091E-031   3.5330150645994886E-032  -1.8434769435791941E-019   2.0386297581769012E-031   9.2173847182959173E-020  -1.3992347226799418E-031  -5.1179688435106183E-018   2.4604326465289579E-031   6.9159539999499912E-019   4.5619134165746892E-016
  -8.2433589699774452E-020  -4.2713368231604232E-015   2.7463207834046369E-020  -7.1783062465630424E-008   1.1157622123707643E-019  -1.9740601286327829E-015   4.7031704957103348E-020   2.4277490674135850E-007   8.4356696660932087E-010  -6.1419310176425468E-020  -7.4368631214580596E-021  -1.6871339356487714E-009  -9.3793037468222038E-021   8.4356696680604685E-010  -4.2408719968647233E-007   2.1485443733354492E-020  -6.7930069629631667E-017   1.0358987093869551E-020  -1.6787642819323149E-020  -1.3807301945265718E-020   3.6896070610454393E-021   1.0129886984609018E-016  -5.1570536882371415E-021  -6.7962539713392052E-017  -4.3067008493647677E-021  -8.6224558277419897E-020  -1.4870751918597007E-015   2.8607414775452387E-021   1.0018053957884307E-008   5.7663865541713750E-020   1.7806859605678595E-020  -2.0036107917577629E-008  -3.5748882531796356E-021   1.0018053957635721E-008   7.0662362013868392E-011  -2.6969089204771386E-021   2.6870641959597068E-021  -1.6550257011455125E-010   4.4988392676320718E-022   4.1375642528478884E-011   7.6484760470338516E-022   1.2903581926880538E-021  -9.4494056688531402E-021  -7.8222566636985528E-021   1.8843296535244415E-010   1.0187267890376537E-021  -1.6550257013770858E-010  -1.1037951686771665E-022   7.0662362017914249E-011  -4.6863243924021897E-022   1.6100125758176793E-017  -8.7440846001841777E-021   1.4140698721853752E-020   1.0461180640117562E-020  -7.4895585616254874E-021  -2.4035055668868519E-017  -3.8423920284416027E-021   1.6130306357696323E-017  -3.7400497590830583E-021  -8.2900410076108755E-009  -2.7993177483844149E-020  -3.1307408249185282E-021   1.6580082014201546E-008  -1.8071683478387399E-020  -8.2900410074572979E-009   1.2174694332287054E-020  -4.6799622674055740E-016  -3.9028744375056421E-020  -6.2201528977597437E-008  -4.1029479024360600E-005
   4.1441914630330093E-017  -9.9490366384228519E-015  -1.3806603899776856E-017   3.6087565236498437E-005  -5.6092816663327419E-017  -4.5592066837773374E-015  -2.3644292476245560E-017  -1.2205045290465869E-004  -4.2408719958757208E-007   3.0877386483354496E-017   3.7387410599776994E-018   8.4817440039684550E-007   4.7152660283576801E-018  -4.2408719968647233E-007   2.1320174925633972E-004  -1.0801396956687390E-017  -1.6268201406956772E-016  -5.2077831419526209E-018   8.4396671645514288E-018   6.9413576486880277E-018  -1.8548795637881622E-018   2.2506680905098170E-016   2.5926103657842917E-018  -1.4635829889659734E-016   2.1651116906191392E-018   4.3347751760853728E-017  -3.5295416316225495E-015  -1.4381832341116791E-018  -5.0363855111504850E-006  -2.8989408335793716E-017  -8.9520589621151679E-018   1.0072771023210417E-005   1.7972068697621064E-018  -5.0363855110255137E-006  -3.5524154464174535E-008   1.3558195099288010E-018  -1.3508702630568281E-018   8.3203259803476416E-008  -2.2617056160710009E-019  -2.0800814950789208E-008  -3.8451254258545541E-019  -6.4870296483915774E-019   4.7505084318423238E-018   3.9324903109965959E-018  -9.4731078562147505E-008  -5.1214545849139043E-019   8.3203259815118328E-008   5.5491196671787797E-020  -3.5524154466208513E-008   2.3559601674682946E-019   4.2362248299415539E-017   4.3959217208878059E-018  -7.1089665182217331E-018  -5.2591589969998854E-018   3.7652326866672363E-018  -4.5853332545292510E-017   1.9316892893199041E-018   2.7189527651901700E-017   1.8802386683439563E-018   4.1676599660072368E-006   1.4073035949013615E-017   1.5739202240589421E-018  -8.3353199315015867E-006   9.0851941122131032E-018   4.1676599659300289E-006  -6.1205953169845145E-018  -1.0610625896179916E-015   1.9620956667667604E-017   3.1270632063987985E-005   2.0626787852915739E-002
  -3.0473324190693577E-030   2.3114815071238785E-016   9.4483248467935555E-030  -1.8282969941812253E-018   2.3668695157918249E-030   1.0682429668345038E-016   5.6083388958054099E-030   6.1834173273256499E-018   2.1485443728482630E-020  -1.4711367422542497E-030  -1.9041422439983464E-031  -4.2970887526710958E-020  -2.6767302685514968E-031   2.1485443733354492E-020  -1.0801396956687390E-017   6.8965065841384055E-031   3.6765887930747697E-018   3.4172702265487553E-031  -2.0780731104111583E-031  -3.5502086595441089E-031   2.1503486121140090E-031  -5.4807349777620260E-018  -7.7879415661505652E-031   3.6765887930739492E-018   7.3539474217928916E-032  -3.0459691087037743E-030   8.0481777054500200E-017   3.4098432210969149E-030   2.5515737709762458E-019   1.2965484073540105E-030   4.4819952772837370E-031  -5.1031475423949375E-019  -1.0419948428646546E-032   2.5515737709146036E-019   1.7997530284145895E-021  -2.2008444823458992E-032   8.2791972901538736E-032  -4.2153098668681639E-021   5.2039628571927200E-033   1.0538274665601843E-021   6.8017587536230153E-032   1.7354191523398867E-032  -2.1912856078302330E-031  -1.8713878146069324E-031   4.7993414084591679E-021  -2.6952169814910668E-033  -4.2153098674704992E-021  -3.4525365825317036E-032   1.7997530284871948E-021   1.9140853739250214E-031  -8.7179708065137304E-019  -2.8525691843019433E-031   4.0347518372058091E-031   2.6239569936234567E-031  -1.3020372035493955E-031   1.2995983566061775E-018   8.3350812851167660E-033  -8.7179708065063984E-019  -2.6149270181418632E-031  -2.1114531109775998E-019  -6.8909987382780727E-031  -8.2315165330550307E-032   4.2229062216926336E-019  -4.7478218689884660E-031  -2.1114531109388741E-019   3.3263700545720146E-031   2.5323027712727262E-017  -6.4335223307169421E-032  -1.5842576863824318E-018  -1.0450107671148433E-015
  -2.4466481298498027E-017   5.9670460432538954E-003   2.2584975425787852E-016  -9.3683988541921925E-020  -1.2260731297253257E-017   2.7576491305851191E-003   1.1385501233987125E-016   2.2527264149283355E-016  -6.4349643468737243E-017   2.4058894399128005E-018  -2.5792735020278736E-020  -7.3970078721623966E-017  -7.4306544647117306E-019  -6.7930069629631667E-017  -1.6268201406956772E-016   3.6765887930747697E-018   9.4910448311068130E-005   2.0106166299538925E-018   5.6733169324006985E-018  -8.6538272233120712E-020   3.1251791931899075E-018  -1.4148414279928180E-004  -1.6713677732558221E-017   9.4910448311068320E-005   4.7300502762994447E-018  -2.1938737502904340E-017   2.0776219400717899E-003   8.6143532756512210E-017   7.2042406359446756E-018  -4.4436611603876874E-018  -1.3776897352117034E-019   3.2850108960103253E-017   2.0814890362129573E-018   1.1518827929503750E-017  -3.7073304840733590E-018   1.2050654668186167E-018   3.7052275557186718E-019  -5.6405517847738383E-018  -1.6145797742521734E-019  -2.5345862863816526E-018   1.2529762800492862E-018  -4.0041135752252654E-019   5.5619261420876715E-019   3.1215727865754982E-019  -1.4822494211672716E-017  -7.3938625402712256E-019  -5.9638846183285227E-018  -8.1869163258731645E-019  -4.4931686617724054E-018   5.2492997853843698E-018  -2.2505277695655894E-005  -1.6146449382981860E-018   1.1181700164535403E-018  -1.0449850437659044E-019   1.5631771936307908E-018   3.3548887186461948E-005   2.7415295116943913E-018  -2.2505277695656809E-005  -4.2913136923817654E-018  -5.1880567962223095E-019   6.1644455824598202E-019  -6.6498037119593416E-020  -5.9895710027594220E-018  -3.7433649094201275E-019  -1.5264204469462470E-018   5.8213761362290136E-019   6.5370919841128809E-004   2.4000477849382463E-017  -9.9533952175649741E-018  -4.2642162097553635E-016
  -1.5305896161601969E-030   1.2640802166421866E-016   5.1217290676798844E-030  -8.8149470878245927E-019   1.1104182943491570E-030   5.8419018139706290E-017   2.9894934868458106E-030   2.9812714638703197E-018   1.0358987091529608E-020  -7.0326080211375494E-031  -9.1870947080841546E-032  -2.0717974217194585E-020  -1.3091904258400073E-031   1.0358987093869551E-020  -5.2077831419526209E-018   3.4172702265487553E-031   2.0106166299538925E-018   1.6980179062583071E-031  -8.5966390236864447E-032  -1.7138667564438463E-031   1.1151321346351371E-031  -2.9972503075174377E-018  -4.1739700855937885E-031   2.0106166299534973E-018   4.7316855711160509E-032  -1.5235940197990532E-030   4.4013080728206758E-017   1.8600250329776728E-030   1.2302152141267759E-019   6.1397513037441494E-031   2.1574936705230150E-031  -2.4604304284656872E-019   1.9543959169281756E-034   1.2302152140971638E-019   8.6773252742569247E-022  -7.5894581117478216E-033   4.0846385318918977E-032  -2.0323685677844087E-021   2.1041833715763957E-033   5.0809214186058402E-022   3.5935809082936120E-032   7.3631189221652965E-033  -1.0425594891696704E-031  -8.9444319745191942E-032   2.3139534061444781E-021  -3.1534743474656882E-033  -2.0323685680756296E-021  -1.8698912655836200E-032   8.6773252745872800E-022   1.0544823230781968E-031  -4.7675979201278406E-019  -1.4158241232279870E-031   1.9733523513583775E-031   1.2624937564149708E-031  -5.8856743070829628E-032   7.1071153591478905E-019   1.0893029820492661E-032  -4.7675979201243277E-019  -1.3683645609856442E-031  -1.0180155363667079E-019  -3.3069673284314212E-031  -3.9854158731777748E-032   2.0360310726066465E-019  -2.2985002337909608E-031  -1.0180155363480621E-019   1.6183723607363955E-031   1.3848407724001348E-017   2.9162368034737406E-032  -7.6383365084484373E-019  -5.0384126034455747E-016
   1.7799745774003286E-031   3.5668299914310010E-016   1.2953736536746121E-029   1.4285391205174488E-018  -2.9533451336166426E-030   1.6483978091529867E-016   5.8697694690994128E-030  -4.8314106398719648E-018  -1.6787642815194127E-020   1.3661055183044092E-030   1.4645762327561311E-031   3.3575285666635080E-020   1.4223839634908972E-031  -1.6787642819323149E-020   8.4396671645514288E-018  -2.0780731104111583E-031   5.6733169324006985E-018  -8.5966390236864447E-032   6.7321243267208058E-031   2.6960324816365204E-031   1.1338299617091908E-031  -8.4572815458487617E-018  -8.9643858607207951E-031   5.6733169324013557E-018   3.6844770943979157E-031   4.0453778000301353E-031   1.2419083400707143E-016   5.0923394136708141E-030  -1.9936711389422406E-019  -1.4131779993171369E-030  -3.6260564735128673E-031   3.9873422782727380E-019   1.9556506542522226E-031  -1.9936711388901911E-019  -1.4062363046884068E-021   1.2570395627527939E-031  -3.1326507462113820E-032   3.2936306673153886E-021  -1.8604269176162750E-032  -8.2340766706148209E-022   5.9676183770180818E-032  -4.9613916120171868E-032   2.2129724445699596E-031   1.7432837825985159E-031  -3.7499634791084942E-021  -6.4470623348852557E-032   3.2936306677569099E-021  -4.6741040729356127E-032  -1.4062363048158964E-021   3.2310552936375822E-031  -1.3452636173486558E-018   7.7497961913398343E-032  -2.1457182956364041E-031  -2.1443212917877052E-031   2.4248773268514962E-031   2.0054005973544971E-018   2.4034283145725450E-031  -1.3452636173493110E-018  -1.8208538815896875E-031   1.6497830384060418E-019   5.9393440438607766E-031   5.8329240918995675E-032  -3.2995660766132554E-019   3.3726450335593263E-031   1.6497830383748764E-019  -2.0748839398500658E-031   3.9075776484142644E-017   2.2113424702725432E-030   1.2378591055933281E-018   8.1651874227030937E-016
   1.3715615012932033E-030  -5.4406850257980668E-018  -6.5543845565777783E-031   1.1749279630708401E-018  -1.8150736529737957E-030  -2.5143932562971177E-018  -8.7361538779154518E-031  -3.9736814906570200E-018  -1.3807301942049020E-020   1.0031028865735856E-030   1.2174831079428802E-031   2.7614603924058613E-020   1.5419571457535405E-031  -1.3807301945265718E-020   6.9413576486880277E-018  -3.5502086595441089E-031  -8.6538272233120712E-020  -1.7138667564438463E-031   2.6960324816365204E-031   2.2607351383119992E-031  -6.3240107175271046E-032   1.2900363957876533E-019   9.9648761168214113E-032  -8.6538272232589420E-020   6.6178241022540081E-032   1.4313063982327753E-030  -1.8943521629785864E-018  -1.2536862980065505E-031  -1.6397310627847528E-019  -9.3977665160621128E-031  -2.9133279428209122E-031   3.2794621258651701E-019   5.6615036016557066E-032  -1.6397310627441044E-019  -1.1565846066575577E-021   4.3043593811761313E-032  -4.4319061241698507E-032   2.7089064036680204E-021  -7.2163767373473273E-033  -6.7722660091080704E-022  -1.3661291893283036E-032  -2.0755183106400684E-032   1.5415847722940287E-031   1.2774820093083470E-031  -3.0842256174564679E-021  -1.6000111913149437E-032   2.7089064040473488E-021   2.5531392500804283E-033  -1.1565846067230627E-021   2.8842112786887628E-033   2.0520057407559760E-020   1.4459329614156373E-031  -2.3247110252603139E-031  -1.7113081706009711E-031   1.2116201232018121E-031  -3.0589495509586871E-020   6.0391656260123927E-032   2.0520057407066601E-020   6.5129009415298627E-032   1.3568940444007387E-019   4.5762355309758000E-031   5.1303847674153785E-032  -2.7137880886344290E-019   2.9613429993414792E-031   1.3568940443756109E-019  -1.9980326556333173E-031  -5.9604464608382236E-019   6.1692977012948120E-031   1.0180997192273969E-018   6.7156067963847371E-016
  -1.1661734239868863E-030   1.9648087719556507E-016   7.5568234750829710E-030  -3.1396593835343478E-019   8.4296690117779268E-032   9.0802939385312068E-017   3.9546874448974855E-030   1.0618528770731311E-018   3.6896070603028910E-021  -1.8941647318605723E-031  -3.3376768613383848E-032  -7.3792141379081515E-021  -6.5490760984759176E-032   3.6896070610454393E-021  -1.8548795637881622E-018   2.1503486121140090E-031   3.1251791931899075E-018   1.1151321346351371E-031   1.1338299617091908E-031  -6.3240107175271046E-032   1.1904250919278195E-031  -4.6587420785688899E-018  -5.7289834283131661E-031   3.1251791931897716E-018   1.3691277934271064E-031  -1.0995217304999564E-030   6.8411233683636446E-017   2.8490175165294175E-030   4.3817129046081880E-020   1.0589178860720752E-031   7.3347524956209987E-032  -8.7634258098519943E-020   5.2902663131691555E-032   4.3817129045136682E-020   3.0906420017693812E-022   2.7884204216241854E-032   2.3953173722393082E-032  -7.2387786135665868E-022  -3.3487240483559106E-033   1.8096946520857900E-022   4.4602882879370317E-032  -7.5408201032487469E-033  -2.3015843223065307E-032  -2.3934505287819970E-032   8.2417120023112773E-022  -1.9890536930879441E-032  -7.2387786146859114E-022  -2.7440381374408843E-032   3.0906420016875809E-022   1.7079745853253375E-031  -7.4104618451397449E-019  -9.1411504241303335E-032   9.8667545197659936E-032   4.2314392345296246E-032   1.8713816466032906E-032   1.1046864286865867E-018   7.3466240623244164E-032  -7.4104618451387252E-019  -1.5766121931413798E-031  -3.6259117604384926E-020  -1.0213894148298065E-031  -1.5882910584990409E-032   7.2518235204076277E-020  -9.1368251773707408E-032  -3.6259117603746390E-020   7.2418308929812705E-032   2.1525115744643664E-017   6.1957506678290401E-031  -2.7205806971308305E-019  -1.7945540966860577E-016
