   4.0362105689858494E-007  -8.4542686211212952E-019   1.1388600072504538E-017   9.2174982666690379E-016  -1.3603846443349563E-006   2.1968094424899443E-018  -3.0914177728942330E-017   1.9858746749025217E-015   8.0906199744705049E-019  -1.7147972637464416E-018  -1.7538165598970999E-018  -1.5019360884028426E-018   1.9506926890169009E-018  -3.5732986256174971E-019   6.2952610949306057E-006  -8.5582058827961864E-018   8.2490241163441760E-017   1.1517572755519872E-015   1.2319221404076566E-016  -5.2270962484113817E-019   3.9875374237524463E-021   5.3977730950540893E-017  -4.4741490857107124E-020   5.6149343247301832E-017  -6.0971331435921705E-019   9.2302810422822016E-020  -1.2389509154759271E-019   3.4692329658812803E-020  -1.8225960124183649E-018   2.7151597864095511E-018   3.3481972002179144E-018   1.7653789660836631E-018  -3.2149160267369902E-018   8.1978517822077542E-019  -4.2426890588591772E-019  -1.0165101896402585E-019  -7.6281193988187015E-022   1.9124790911939348E-019  -1.2732385120522310E-019   3.5529844652706779E-019  -1.7945450579771922E-019  -3.5922086502338465E-020   4.0761928563249059E-019   2.9340976619462952E-020  -2.4961223979615689E-019   8.5044517396956335E-020   2.8130829847962427E-019   5.3683819785974277E-021  -4.4500116043092496E-019   2.0313097429915402E-009  -7.8998996069150185E-019  -1.6743614621764114E-017   8.9722010679161213E-004  -1.4412914803119349E-015   8.9917018862490905E-015  -3.5349466563731647E-017  -1.0475398853951248E-019   1.6122786494625372E-020  -1.5180997870278712E-017   9.3670214978392123E-020  -1.7093436267375708E-017   2.3300829030996594E-019  -1.5808070717375270E-020  -5.9044719487649791E-020   7.3946913625424621E-020   1.2555860345874671E-018  -1.3498455559232296E-018  -1.7531234736315323E-018  -8.8060924925562005E-019   1.5421110053084387E-018  -4.8079627449483357E-019   1.3161272112691364E-015   5.2501385429205444E-017  -2.3840449437621698E-014
  -8.4542686211212952E-019   4.0362105691652578E-007  -2.4810562873603015E-018  -3.9400696036959334E-016   1.0713857743641154E-018  -1.3603846443921472E-006   1.0387475250869144E-017  -8.7739087472461860E-016  -2.1910185388871213E-018  -1.2418985630185485E-018  -5.0720855965570860E-019  -4.8697669003990854E-018   6.7725201498153265E-019  -5.3235230536548865E-018  -2.7602192160569465E-018   6.2952610951183056E-006  -4.9784581896392175E-017  -4.3349166938667580E-016  -1.9148605414451656E-019   5.1282595597535967E-017   2.4498182108780849E-020   7.0878104111384897E-020   4.5536010553252435E-020   1.5026026960443905E-019   1.1830686430410459E-016   3.3661278139830235E-020   5.3473582598663942E-017  -4.4945945241216583E-019   2.6171655833767349E-018   2.0791642348560306E-018   1.1956627537026673E-018   9.2550487147064010E-018  -3.6444633483640859E-019   8.4394815096540499E-018  -1.5932601238555626E-018  -1.5630475626654302E-019  -7.6408354419699972E-020  -1.2055605674264029E-018  -1.4868383548204690E-019  -9.8513081573123873E-019  -3.0372134317514573E-019  -1.2728063422072644E-019  -1.2366441026043213E-019  -1.8119875357619035E-019  -2.7817986282873407E-018  -2.2695454520888695E-019  -1.3966426794712587E-018  -8.3114249161056650E-020  -2.1000738369043900E-018  -1.1196306720179920E-018   2.0313096824518232E-009  -1.6701613095780348E-018  -4.4003053542910866E-016   8.9722010681148707E-004  -7.1137601884550859E-015  -1.0164686410931983E-020  -1.3501821084048847E-017   2.1013913568328300E-020   2.1971479440099247E-019   7.6357197315223617E-020   7.5274371635168818E-020  -3.2068423619615452E-017   6.4439029462136598E-020  -1.5342282645728699E-017   1.8251681235000826E-019   2.9376611622752348E-018  -8.8143569127538583E-019  -4.0216193319723230E-019   3.4542909336414341E-019   2.9710890203881727E-019   3.7312984089612579E-019  -5.9299860805280722E-016   5.9143242081650199E-015   2.0145134677438778E-015
   1.1388600072504538E-017  -2.4810562873603015E-018   4.0362105693002992E-007   5.4749035709482045E-015  -3.4560716965098042E-017  -2.7380526538359084E-019  -1.3603846444280150E-006   1.1746005169299574E-014   5.4114007020976984E-018   9.8943056868622114E-019  -4.1165111146660234E-019   8.9827327800742217E-019  -3.5978062214904342E-019  -2.1381068590962107E-018   1.2981798124864111E-016   1.8375358029590152E-017   6.2952610952158864E-006   6.6965057407273183E-015  -1.9235998456042233E-018  -1.3455902802666588E-018   5.9799826212945440E-017   3.3055664542115297E-019   2.8175871434787900E-019  -1.2182784652282422E-018  -1.4751094161570337E-018   5.9236335250970547E-017  -4.9600780551527295E-019   1.2457608005109290E-016  -9.6218782403337051E-018  -2.6546938169169103E-018   6.5755957546169974E-019  -1.7011501657678271E-018   7.1429638083370263E-019   2.5255187800738027E-018   8.2552093360842141E-019   1.5713493714978365E-020   6.8622671494608261E-020   5.5915668239120469E-019   7.1224050347111969E-020   5.0628906847919473E-019   1.0137936953191317E-019  -4.7960268150998358E-020   2.9676827608880118E-020   2.4295885029335412E-020   8.3604780308041009E-019   4.8210357549531524E-020   7.6631647269338068E-019  -5.9779055170767900E-020   9.5964338856701733E-019  -1.5974214589739485E-017  -1.0397308015458676E-017   2.0313096941862301E-009   1.6291545528934530E-014   1.5904183521704108E-015   8.9722010682651726E-004   3.2808364498615327E-019   1.1494176972221558E-018  -1.7036718410060180E-017   3.3792678411560550E-020  -3.2448426427450700E-019   9.5530533466863603E-019  -8.3344542049149453E-019  -1.6454245601195729E-017   2.9041827690678121E-019  -3.3188659709702013E-017   3.1416726947513078E-018   1.6184430552794468E-018  -4.1018010647253166E-019  -1.4621008847579073E-018  -1.9417758851925593E-019  -3.3796225734284032E-018   7.8951640478179204E-015  -1.0123495420524535E-014   3.8616990918496672E-015
   9.2174982666690379E-016  -3.9400696036959334E-016   5.4749035709482045E-015  0.13557261801049633       -5.5567062254738471E-016   1.9235132726508450E-015  -9.3807401000979318E-015  0.28770690468621152        4.1647365314095268E-014  -5.8300273930553124E-016  -1.7422561167682524E-015   3.6057228821133395E-014   1.5553594960678660E-015   3.2643081044222571E-014  -7.3957461400473295E-015  -3.6193087168426657E-015   7.6217565799312232E-015  0.16893066420336880        2.4171516507429768E-015   7.6999104054882712E-016   1.7026319792439844E-016   1.7004466139979994E-015  -7.6889686591383400E-017   1.0487895952491397E-015  -1.6246131312153613E-016   9.5536706891832859E-017   1.6144595603860490E-016  -1.5278086961264233E-016  -5.5327850387934238E-014   6.8755899132074224E-016   1.8616654242200771E-015  -4.2893314839471372E-014  -2.2816727131308487E-015  -4.2420490439653833E-014   1.6058121251036272E-014  -4.1451742943535806E-017  -3.9936422708919776E-017   8.5575019475815989E-015   1.3238005370655634E-017   9.2187868540760110E-015  -1.9168967482157267E-017  -6.8778288029730536E-018  -2.6522181593160203E-017  -4.5601207539073546E-017   1.4093856874619396E-014   1.7936590501447030E-017   8.7575936539062259E-015   1.5546786157979108E-017   1.5640580968119540E-014   6.2325125190548897E-015   3.3431301763833780E-015  -3.9116324980101808E-015  -1.6097685872504726E-014  -9.5460789035745908E-015  -5.1056996846611976E-016  -3.8227731586550082E-016  -1.8365572651460090E-016  -1.3687970735047950E-016  -4.3970062057160389E-016   3.6412081274756111E-017   6.4358639630179922E-017   1.4648394320190969E-016  -1.1294232746100342E-016   5.8826353960425703E-017   1.3073514078585672E-016  -7.4625374727728173E-015  -2.7330479233786601E-016  -6.5273715488741540E-016  -1.1179435415351844E-014   1.0169193188200275E-015  -1.1466932514586593E-014  0.19440050871708622        4.4288313277025754E-003  -2.2638221256652625E-004
  -1.3603846443349563E-006   1.0713857743641154E-018  -3.4560716965098042E-017  -5.5567062254738471E-016   4.5851086035071376E-006  -1.4112955677791748E-018   9.1306121241624005E-017  -1.2092390355702655E-015  -2.7269031151791258E-018   5.7796386632113301E-018   5.9111512550400224E-018   5.0622006872589162E-018  -6.5747124303236913E-018   1.2043624826503330E-018  -2.1217863585780838E-005   1.1123136665614116E-018  -2.1838660305718947E-016  -7.8263684206509320E-016  -4.1521321402412513E-016   1.7617667236173326E-018  -1.3439795470619041E-020  -1.8192925038487169E-016   1.5079896377742924E-019  -1.8924856133633346E-016   2.0550083200335794E-018  -3.1110201899989687E-019   4.1758222742708820E-019  -1.1692876595642180E-019   6.1429689698915737E-018  -9.1513106593419498E-018  -1.1284931693990116E-017  -5.9501217682910846E-018   1.0835714145246721E-017  -2.7630450614344911E-018   1.4299771897880590E-018   3.4260969023087376E-019   2.5710196153410092E-021  -6.4459154045836051E-019   4.2913869106415709E-019  -1.1975156958945402E-018   6.0484246268575887E-019   1.2107360116114761E-019  -1.3738604748808533E-018  -9.8892298507163266E-020   8.4130560647910504E-019  -2.8663830485880550E-019  -9.4813559162117670E-019  -1.8093863735126493E-020   1.4998542198024560E-018  -6.8464281905589713E-009   2.6536731807513137E-018   5.6452763164592626E-017  -3.0240356269979284E-003   9.0525184339139934E-016  -2.1805628887683561E-014   1.1914361423136304E-016   3.5306809451531111E-019  -5.4341048042539839E-020   5.1166796269365024E-017  -3.1571078840816013E-019   5.7612574516582148E-017  -7.8534282256029523E-019   5.3280313881134383E-020   1.9900728259972470E-019  -2.4923438503067274E-019  -4.2318901150865963E-018   4.5495871315486960E-018   5.9088152423584142E-018   2.9680495603781811E-018  -5.1976082407104836E-018   1.6204998669304705E-018  -7.6143598023700975E-016  -7.0249125143095987E-015   4.4925983593491261E-014
   2.1968094424899443E-018  -1.3603846443921472E-006  -2.7380526538359084E-019   1.9235132726508450E-015  -1.4112955677791748E-018   4.5851086036888490E-006  -5.9029844368980224E-018   4.0915646054384699E-015   7.3847187229969863E-018   4.1857571751260608E-018   1.7095211566347253E-018   1.6413306490585176E-017  -2.2826441430255490E-018   1.7942668977076125E-017  -8.7632439512817268E-019  -2.1217863586362343E-005   3.3099837140367332E-017   2.3310384590178228E-015   6.4539419620304910E-019  -1.7284543107938247E-016  -8.2569902381902588E-020  -2.3889111544179692E-019  -1.5347685276717095E-019  -5.0644474552649679E-019  -3.9874738636038782E-016  -1.1345366059391227E-019  -1.8023004350564700E-016   1.5148806678722318E-018  -8.8210260862681422E-018  -7.0077193689152351E-018  -4.0299216855516705E-018  -3.1193680159727118E-017   1.2283481972334211E-018  -2.8444851566286250E-017   5.3700037944470150E-018   5.2681738632643883E-019   2.5753054820491911E-019   4.0632817733184948E-018   5.0113145286158705E-019   3.3203342877345357E-018   1.0236776410663142E-018   4.2899303035962561E-019   4.1680472783294040E-019   6.1072136283115389E-019   9.3759135531003691E-018   7.6493897676104703E-019   4.7073145030084738E-018   2.8013243202210650E-019   7.0781941402833409E-018   3.7703746961236605E-018  -6.8464279864963763E-009   5.5857324686865591E-018   3.2286311310492148E-017  -3.0240356270576293E-003   4.7791954760548593E-015   3.4259568699536149E-020   4.5507214649256770E-017  -7.0826347388144629E-020  -7.4053775765371733E-019  -2.5735812573244373E-019  -2.5370851576849276E-019   1.0808502260826112E-016  -2.1718853497830258E-019   5.1710398562008550E-017  -6.1516381349413890E-019  -9.9012404516732920E-018   2.9708350416187077E-018   1.3554667406682825E-018  -1.1642515338799741E-018  -1.0013907379890766E-018  -1.2576155219618532E-018   2.8212416902093157E-015  -9.9414883902067936E-015  -3.4273681314695057E-015
  -3.0914177728942330E-017   1.0387475250869144E-017  -1.3603846444280150E-006  -9.3807401000979318E-015   9.1306121241624005E-017  -5.9029844368980224E-018   4.5851086037772234E-006  -2.0185562680309345E-014  -1.8238856205737142E-017  -3.3348263904785809E-018   1.3874495426466760E-018  -3.0275852859127327E-018   1.2126226454264655E-018   7.2063825464372283E-018  -3.2102746772944653E-016  -3.0346285754875187E-017  -2.1217863586540766E-005  -1.1412132527870494E-014   6.4833973551680438E-018   4.5352449374577161E-018  -2.0155233212636098E-016  -1.1141246879253627E-018  -9.4965369585540499E-019   4.1061468145093532E-018   4.9717827263462626E-018  -1.9965311393943928E-016   1.6717695736363311E-018  -4.1987746539677045E-016   3.2430060778696284E-017   8.9475131245878652E-018  -2.2162717574359310E-018   5.7336417986396998E-018  -2.4075003310086486E-018  -8.5121351058533940E-018  -2.7823771385691923E-018  -5.2961546962886174E-020  -2.3128929217210954E-019  -1.8846097133482626E-018  -2.4005710986722156E-019  -1.7064220570407909E-018  -3.4169410938373023E-019   1.6164769210008463E-019  -1.0002426751906089E-019  -8.1888068895891723E-020  -2.8178574272963971E-018  -1.6249060594122925E-019  -2.5828314558242472E-018   2.0148232436201312E-019  -3.2344301845600361E-018   5.3877890718902296E-017   3.5053800416624096E-017  -6.8464280259980572E-009  -3.8303397675480728E-014  -8.5855693111381239E-016  -3.0240356270868425E-003  -1.1057895651226056E-018  -3.8740550288934902E-018   5.7421409806442792E-017  -1.1389653769920393E-019   1.0936580312195598E-018  -3.2198089912063177E-018   2.8090862269854104E-018   5.5458214251171333E-017  -9.7884031967369211E-019   1.1186072248468893E-016  -1.0588851147087083E-017  -5.4548816086330915E-018   1.3824915937495898E-018   4.9279381193500340E-018   6.5446587889019510E-019   1.1390849347128897E-017  -1.3564688035209758E-014   2.3245043184968664E-014  -6.3802043696082507E-015
   1.9858746749025217E-015  -8.7739087472461860E-016   1.1746005169299574E-014  0.28770690468621152       -1.2092390355702655E-015   4.0915646054384699E-015  -2.0185562680309345E-014  0.61090485346865053        8.7761734887426980E-014  -1.2675001583349039E-015  -3.6985138324881568E-015   7.5922588134266784E-014   3.3765654742054080E-015   6.8689942805305001E-014  -1.5419868731978206E-014  -7.3467949926614221E-015   1.6367590383883302E-014  0.35816062721200270        5.2354823732377407E-015   1.6713098207035696E-015   3.3807137775484126E-016   3.6568187793523432E-015  -1.7182574665856948E-016   2.2371229900007954E-015  -2.9410857374568638E-016   1.8625255834464003E-016   3.8034926626884302E-016  -3.4956140430281469E-016  -1.1386532956987390E-013   1.5163642814479714E-015   3.9420699750791367E-015  -8.7618292132691315E-014  -4.9633678535763920E-015  -8.6490091986326669E-014   3.3274548315301319E-014  -8.9541930980923459E-017  -8.5503203714666229E-017   1.7689779685569207E-014   2.7341501411209703E-017   1.9061448776454323E-014  -4.3090471266037958E-017  -1.4774033587259908E-017  -6.2558761797686110E-017  -9.4684688571096822E-017   2.9087519476896057E-014   3.9428722810493516E-017   1.8086552007662863E-014   3.0144438649683052E-017   3.2373007053193875E-014   1.3691983402720888E-014   7.2056616381058836E-015  -8.5556594464144071E-015   6.4974545450884175E-014   5.9559204231326561E-014  -2.5461216928497643E-014  -8.4771448695022657E-016  -3.8861427612993161E-016  -2.8366197831010226E-016  -9.6091302532901014E-016   8.2787761631902978E-017   1.4039638968310758E-016   3.1062455261114205E-016  -2.4141192148507341E-016   1.2518659000914794E-016   2.7724338231229284E-016  -1.4166829956727283E-014  -6.0852202782844865E-016  -1.3777254002060848E-015  -2.1967057783683387E-014   2.2186378492587312E-015  -2.2689140482454237E-014  0.41263281982266703       -1.6686251217747507E-002   7.0664828929689312E-004
   8.0906199744705049E-019  -2.1910185388871213E-018   5.4114007020976984E-018   4.1647365314095268E-014  -2.7269031151791258E-018   7.3847187229969863E-018  -1.8238856205737142E-017   8.7761734887426980E-014   1.4028860243027286E-026  -1.0252104330464000E-028  -5.3737051077360956E-028   1.2213295284980037E-026   3.3219085494549270E-028   1.1109824199925488E-026   1.2618906834896467E-017  -3.4173226421952721E-017   8.4401395113453787E-017   5.2505018996655964E-014   7.8101272239746231E-028  -1.2949645720670330E-028   8.9602224074406242E-028   5.3021338980659092E-028  -1.1494327416362878E-029   3.9128272219516753E-028  -7.9327007209587134E-028   8.5851547533772866E-028  -3.2589895059985836E-028   1.6861393235650740E-027  -2.3631130530836052E-026   5.5562405497424448E-029   5.9043011564770546E-028  -1.9477182569628300E-026  -4.6643022286646330E-028  -1.9508229939339183E-026   6.4071309393904391E-027  -6.3911939853799094E-030  -1.2238586565354201E-029   3.5079579020909547E-027   3.8601328989430715E-030   3.7771715532532231E-027   9.6913307549327834E-032   2.0175014971377297E-030   1.2314930521942647E-030  -1.6444050343272545E-029   5.8591763569080744E-027   7.2053991536998059E-030   3.6222345636190638E-027   7.0363061410368833E-030   6.3194222391420339E-027   4.0717793887227004E-021  -1.1026770833106611E-020   2.7234036009488365E-020   1.7984856812973671E-015  -4.8704740592345435E-015   1.2029148210549829E-014  -1.4652119637664886E-028   3.2022271351190191E-029  -2.7898715088002419E-028  -9.0463807514118594E-029  -1.8147301875103770E-030   6.8535514510343476E-030   2.0010620207291709E-028  -2.5482063047980498E-028   1.1294085166179335E-028  -4.1437339032153233E-028  -5.3138058440074040E-027   5.5700501883816196E-031  -2.1696094124623519E-028  -6.6710038739515691E-027   1.9684870905444644E-028  -6.5807672841974588E-027   5.9568449834093205E-014   4.8706834767273307E-014   5.6202499635863027E-015
  -1.7147972637464416E-018  -1.2418985630185485E-018   9.8943056868622114E-019  -5.8300273930553124E-016   5.7796386632113301E-018   4.1857571751260608E-018  -3.3348263904785809E-018  -1.2675001583349039E-015  -1.0252104330464000E-028   1.9671789300086170E-029   1.5957540309991800E-029  -7.4382248261209296E-029  -2.5386725269468934E-029  -7.0977962541359072E-029  -2.6745622696264772E-017  -1.9369841027572362E-017   1.5432108059980357E-017  -6.9638983739312876E-016  -5.4595528241112822E-028  -1.6570885560187008E-028   1.4784773927125025E-028  -2.4340865228170178E-028   6.0305031760690529E-031  -2.4853377696400804E-028  -3.6681706321131154E-028   1.4669052281937422E-028  -1.7107184683142434E-028   3.1212080536083248E-028  -1.1450499973476261E-028  -3.4398475866136912E-029  -2.4628439544942128E-029  -1.7136223666084971E-028   3.8934904761824604E-029  -1.6937360190734441E-028   1.1684780597321174E-029   1.7395862013082428E-030   1.7139641036100622E-031   1.1822790062239644E-029   6.3627262901175657E-031   1.2138632944003051E-029   2.0607281350310350E-030   1.1540794756805553E-030  -1.2913023729749956E-030   4.9766138066226535E-031   2.7390611962376963E-029   6.3266568569989447E-031   1.3879815278139018E-029  -1.8067108753732637E-031   1.8275484941035051E-029  -8.6300859817090149E-021  -6.2501213739945415E-021   4.9795220522796837E-021  -3.8118689741316617E-015  -2.7606497289206427E-015   2.1994318317932903E-015   1.5081847835420714E-028   4.5850280689971034E-029  -4.1223677364394285E-029   7.2810940945057576E-029  -1.8003070591314545E-030   7.6935990306389323E-029   9.3481720776418612E-029  -4.0230615883556699E-029   4.9387099823402791E-029  -8.4395186875013086E-029  -1.2873121766019656E-028   1.7759683856590605E-029   1.0519093457594280E-029  -1.1567480781907355E-028  -1.8580133999092799E-029  -1.1074659617458649E-028  -8.4331030374081671E-016   2.3359007687511707E-015   1.2897402155257727E-015
  -1.7538165598970999E-018  -5.0720855965570860E-019  -4.1165111146660234E-019  -1.7422561167682524E-015   5.9111512550400224E-018   1.7095211566347253E-018   1.3874495426466760E-018  -3.6985138324881568E-015  -5.3737051077360956E-028   1.5957540309991800E-029   3.1205190657960717E-029  -4.4789297504248009E-028  -2.9494085025946136E-029  -4.0508894969891223E-028  -2.7354205060160164E-017  -7.9109111332153209E-018  -6.4205055255448417E-018  -2.1696487772681758E-015  -5.6404868026575399E-028  -7.0915911466122170E-029  -6.3133546801130887E-029  -2.5814467614533517E-028   4.1205261028143715E-031  -2.5682092197022531E-028  -1.4186643319889894E-028  -6.1683101950867060E-029  -6.9037086098734954E-029  -1.2362147169953536E-028   7.0728857923388997E-028  -2.1462706284380417E-029  -4.1022042820690554E-029   5.1613298588266162E-028   4.4147741470355279E-029   5.0975331857536508E-028  -2.0011725720327941E-028   1.3348386304048351E-030   3.6990567877896093E-031  -1.0715543626703749E-028   2.9764929371518703E-031  -1.1578582990783068E-028   1.2462264154116274E-030   7.0665406145895450E-031  -1.5352170715908277E-030   6.5166455044750098E-031  -1.7309163123882286E-028  -2.2988692576392426E-031  -1.1008520312788819E-028  -2.1495489604692278E-031  -1.9356772752746247E-028  -8.8264589477225269E-021  -2.5526360744041341E-021  -2.0717225414648185E-021  -3.8986060173267409E-015  -1.1274875536859364E-015  -9.1507033087508936E-016   1.5644479010644558E-028   1.8737258389180529E-029   1.9268421509144272E-029   7.3093032782095089E-029  -5.5887475304357085E-031   7.3408775205173263E-029   3.7681312288314374E-029   1.8077852360948096E-029   1.9039173778033361E-029   3.1020043038725238E-029   7.5152983542525557E-029   9.5473817547054443E-030   1.7160060697999277E-029   1.3948974527645771E-028  -2.0498794157190746E-029   1.4387187180606980E-028  -2.4985336818187805E-015   5.4613863464227201E-017   5.1496545543273556E-016
  -1.5019360884028426E-018  -4.8697669003990854E-018   8.9827327800742217E-019   3.6057228821133395E-014   5.0622006872589162E-018   1.6413306490585176E-017  -3.0275852859127327E-018   7.5922588134266784E-014   1.2213295284980037E-026  -7.4382248261209296E-029  -4.4789297504248009E-028   1.0712017072838977E-026   2.6233652950329414E-028   9.7800126293004628E-027  -2.3425635666505783E-017  -7.5953554913587913E-017   1.4010331512312842E-017   4.5515552485216337E-014   5.1342818961599266E-030  -4.8075502376845417E-028   2.1850791667507153E-028   1.5276379221743355E-028  -1.1129694296209414E-029   4.0791025993762807E-029  -1.5498330053832160E-027   1.8955963515018736E-028  -6.7707379102376770E-028   2.9837925794206759E-028  -2.0988169722510023E-026   3.3136690510844949E-029   4.7948808292683397E-028  -1.7510321763850334E-026  -3.6953114907488448E-028  -1.7587060753581245E-026   5.6916095972049206E-027  -3.7297074728848671E-030  -1.0517450175191220E-029   3.1205141954279366E-027   4.6229327500148250E-030   3.3569192071050212E-027   2.7737028937776471E-030   3.3234218429315999E-030   5.9132734419110397E-031  -1.3649272254355400E-029   5.2279505804070528E-027   6.7381751835549415E-030   3.2232312215344067E-027   7.7504453819511284E-030   5.6208406462070168E-027  -7.5588153672195174E-021  -2.4508147470491605E-020   4.5207527714380800E-021  -3.3386941409197068E-015  -1.0825135863649363E-014   1.9967958349692360E-015   6.9581795615984421E-029   1.1674408601643088E-028  -8.3154853465756665E-029   7.1131016535987767E-030  -5.6426989271907768E-031   8.8877446986082912E-029   4.1611801087181195E-028  -6.6311813733753762E-029   2.0823903969957424E-028  -4.9002555692781613E-029  -4.9454831774798002E-027   3.9734258371878213E-030  -1.7278915050774038E-028  -6.0615940829695157E-027   1.5127330358882996E-028  -5.9486150020562321E-027   5.1558448122266295E-014   4.6654643948394864E-014   4.5852246052892074E-015
   1.9506926890169009E-018   6.7725201498153265E-019  -3.5978062214904342E-019   1.5553594960678660E-015  -6.5747124303236913E-018  -2.2826441430255490E-018   1.2126226454264655E-018   3.3765654742054080E-015   3.3219085494549270E-028  -2.5386725269468934E-029  -2.9494085025946136E-029   2.6233652950329414E-028   4.6050649210379039E-029   2.3284367105562939E-028   3.0424873983345198E-017   1.0563071942205374E-017  -5.6114836310936603E-018   1.8634506384240403E-015   6.4681310565057468E-028   1.0196352319453667E-028  -5.6439202530671350E-029   2.9332536895860532E-028  -2.1921329177610190E-030   2.8807111483026922E-028   2.0458034827265708E-028  -5.5585803146843463E-029   1.0120417208390404E-028  -1.2106232937867357E-028   1.6410126597772265E-028   4.1050091855112265E-029   3.7926036003240438E-029   2.9674648465627312E-028  -7.1214978212163439E-029   3.2146101562008961E-028   7.7831413810811040E-031  -1.9682126910387695E-030  -4.3719685730524091E-031  -9.4293754023203614E-030  -5.0389867125488352E-031  -9.1165093162088716E-030  -2.0742877616196195E-030  -1.0099518160450229E-030   5.9473044463307830E-031  -2.4141334936959416E-031  -2.9155965564726380E-029   1.9284438070523972E-031  -1.3140437298871368E-029  -1.4741040899690373E-031  -9.6563043682748043E-030   9.8172805099769379E-021   3.4084163347458499E-021  -1.8106734737754031E-021   4.3362472617050589E-015   1.5054817255592016E-015  -7.9976602511483981E-016  -1.7951399126233339E-028  -2.6327531428398178E-029   1.4681592137704942E-029  -8.7864764244469797E-029   2.2858987474042808E-030  -8.4018440926920292E-029  -4.9070085355286236E-029   1.3344346431815847E-029  -2.6740935368909853E-029   3.3000839743294169E-029   2.9613566001777846E-028  -2.0195210186809273E-029  -1.5175845556540375E-029   2.6301069697900274E-028   3.3881717199344386E-029   2.3848127458048267E-028   2.2486643736335996E-015  -5.7418711545948759E-015  -8.5912497884236727E-016
  -3.5732986256174971E-019  -5.3235230536548865E-018  -2.1381068590962107E-018   3.2643081044222571E-014   1.2043624826503330E-018   1.7942668977076125E-017   7.2063825464372283E-018   6.8689942805305001E-014   1.1109824199925488E-026  -7.0977962541359072E-029  -4.0508894969891223E-028   9.7800126293004628E-027   2.3284367105562939E-028   8.9616352428139043E-027  -5.5732592361166024E-018  -8.3030771053574521E-017  -3.3347965133891450E-017   4.1249198366690090E-014   3.1318526770490204E-028  -5.4797786500001399E-028  -2.3649200115979639E-028   2.5981295780985750E-028  -1.2759436088531749E-029   1.8224122433955364E-028  -1.6659763709693609E-027  -2.5813414545084486E-028  -7.3790183100857069E-028  -6.3325094880887659E-028  -1.9412318132290780E-026   4.1748515086365244E-029   4.3464414471052618E-028  -1.6309330921936028E-026  -3.2913940194196815E-028  -1.6428396174653814E-026   5.2530117165000422E-027  -2.6105674615015122E-030  -1.0337185604117598E-029   2.8876335031758923E-027   3.1105712998752132E-030   3.1082818516696379E-027   2.0990461026945000E-030   4.4188011458247218E-030   1.5755359790198950E-030  -1.2325287244469209E-029   4.8419624130626298E-027   6.7596890618685693E-030   2.9830065911693997E-027   7.4642391711874091E-030   5.1928169587456152E-027  -1.7983384643764700E-021  -2.6791772801373676E-020  -1.0760482642899407E-020  -7.9431816575529871E-016  -1.1833802625064547E-014  -4.7528552649999721E-015  -2.8738278537745069E-029   1.2791901430245352E-028   4.9258675201105300E-029  -2.2861249438450396E-029   1.5512505055240971E-030   3.3826446078013715E-029   4.5420794431226283E-028   5.9824007527427929E-029   2.2282544148945998E-028   1.9612748209178845E-028  -4.7249709895544238E-027  -3.9255010592519212E-030  -1.5697553170441572E-028  -5.7135190386263641E-027   1.3267358552195025E-028  -5.5816473659114957E-027   4.6665935364903785E-014   4.5628054272935303E-014   5.7104362721860318E-015
   6.2952610949306057E-006  -2.7602192160569465E-018   1.2981798124864111E-016  -7.3957461400473295E-015  -2.1217863585780838E-005  -8.7632439512817268E-019  -3.2102746772944653E-016  -1.5419868731978206E-014   1.2618906834896467E-017  -2.6745622696264772E-017  -2.7354205060160164E-017  -2.3425635666505783E-017   3.0424873983345198E-017  -5.5732592361166024E-018   9.8186929487438824E-005   2.9129864037098252E-017   5.4091335594102856E-016  -8.8803498166524270E-015   1.9214239172959947E-015  -8.1526806108111643E-018   6.2193450807900312E-020   8.4188845908133671E-016  -6.9783120090998976E-019   8.7575900714057312E-016  -9.5096735907277395E-018   1.4396431472871477E-018  -1.9323866680369318E-018   5.4109483083593668E-019  -2.8426955360695408E-017   4.2348235994282390E-017   5.2221694612278061E-017   2.7534543437880640E-017  -5.0142913607566620E-017   1.2786155852414348E-017  -6.6173047519272841E-018  -1.5854467797460097E-018  -1.1897546704636312E-020   2.9828858058615654E-018  -1.9858648930929281E-018   5.5415753198162177E-018  -2.7989445777750015E-018  -5.6027531188892336E-019   6.3576213045904434E-018   4.5763001072787937E-019  -3.8931918827052830E-018   1.3264358550827271E-018   4.3875540103594953E-018   8.3730433763459757E-020  -6.9406648766162816E-018   3.1682254873092982E-008  -1.2268970638778897E-017  -2.6139008337349831E-016   1.3993905261721546E-002   6.9618035545738031E-016   3.3966076226342665E-014  -5.5134418232694180E-016  -1.6338436696250050E-018   2.5146644288156753E-019  -2.3677740207325332E-016   1.4609705070329443E-018  -2.6660562543321096E-016   3.6342207604348361E-018  -2.4655782971749163E-019  -9.2091807186391837E-019   1.1533469869872273E-018   1.9583323959563468E-017  -2.1053485855183242E-017  -2.7343395022157442E-017  -1.3734826398020754E-017   2.4052242195239916E-017  -7.4989598038236136E-018  -1.0732694706723038E-014   2.9626981819643933E-014  -3.5184692048292174E-014
  -8.5582058827961864E-018   6.2952610951183056E-006   1.8375358029590152E-017  -3.6193087168426657E-015   1.1123136665614116E-018  -2.1217863586362343E-005  -3.0346285754875187E-017  -7.3467949926614221E-015  -3.4173226421952721E-017  -1.9369841027572362E-017  -7.9109111332153209E-018  -7.5953554913587913E-017   1.0563071942205374E-017  -8.3030771053574521E-017   2.9129864037098252E-017   9.8186929488929521E-005   1.1366610565339645E-016  -4.5805228965172611E-015  -2.9866001430527645E-018   7.9985254334387262E-016   3.8209715146171283E-019   1.1054828880423597E-018   7.1022329179235768E-019   2.3436032719162800E-018   1.8452273174960986E-015   5.2501358491681067E-019   8.3402527787249995E-016  -7.0102006549522795E-018   4.0819824430446350E-017   3.2428639422318905E-017   1.8648703003348725E-017   1.4435061578764759E-016  -5.6842545595367251E-018   1.3163024749159820E-016  -2.4850012904438420E-017  -2.4378788823112161E-018  -1.1917379746927745E-018  -1.8803078799647949E-017  -2.3190156929020814E-018  -1.5365044989909078E-017  -4.7371293511062530E-018  -1.9851908394044478E-018  -1.9287887423612451E-018  -2.8261495388343667E-018  -4.3387599283652707E-017  -3.5398007470854242E-018  -2.1783378675810274E-017  -1.2963295403688200E-018  -3.2754765631241450E-017  -1.7439542927652518E-017   3.1682253928393860E-008  -2.5762208978799212E-017   3.4243057519763216E-015   1.3993905261826752E-002   1.5914505605710846E-014  -1.5853819802343520E-019  -2.1058735050381119E-016   3.2775314692811533E-019   3.4268826498643072E-018   1.1909400794124840E-018   1.1740512915449920E-018  -5.0016988988788119E-016   1.0050529012066266E-018  -2.3929295410852831E-016   2.8467072429080422E-018   4.5818580846360361E-017  -1.3747716379046051E-017  -6.2725032023098252E-018   5.3876434275038947E-018   4.6339953777168661E-018   5.8196908517260437E-018  -5.3900855406880177E-015   1.6844640973332252E-014   1.6622636537079739E-015
   8.2490241163441760E-017  -4.9784581896392175E-017   6.2952610952158864E-006   7.6217565799312232E-015  -2.1838660305718947E-016   3.3099837140367332E-017  -2.1217863586540766E-005   1.6367590383883302E-014   8.4401395113453787E-017   1.5432108059980357E-017  -6.4205055255448417E-018   1.4010331512312842E-017  -5.6114836310936603E-018  -3.3347965133891450E-017   5.4091335594102856E-016   1.1366610565339645E-016   9.8186929488688367E-005   9.2799520669446534E-015  -3.0002308044634830E-017  -2.0987116496509294E-017   9.3269544042717171E-016   5.1556784473323441E-018   4.3945791288066384E-018  -1.9001439343176664E-017  -2.3007221156164713E-017   9.2390669497016475E-016  -7.7362134309891900E-018   1.9430080187222390E-015  -1.5007204084997997E-016  -4.1405150744585066E-017   1.0255929767264800E-017  -2.6532769460485094E-017   1.1140851401510689E-017   3.9390412990038537E-017   1.2875616188523066E-017   2.4508271799050073E-019   1.0703049970060574E-018   8.7211438732060591E-018   1.1108785964370112E-018   7.8965698638043781E-018   1.5812098748237638E-018  -7.4803433821721198E-019   4.6286826482577025E-019   3.7894192381303917E-019   1.3039803341673391E-017   7.5193497226795597E-019   1.1952206638640733E-017  -9.3237147530822456E-019   1.4967518626000467E-017  -2.4962796961580018E-016  -1.6222218828612132E-016   3.1682254110846014E-008   4.2615331781398237E-014   1.5865753995539832E-016   1.3993905261809891E-002   5.1171071835947631E-018   1.7927420751300950E-017  -2.6572099932731688E-016   5.2706302504289560E-019  -5.0609677811860168E-018   1.4899858185525122E-017  -1.2999214090039031E-017  -2.5663619478171692E-016   4.5296419715913482E-018  -5.1764216629827283E-016   4.9000540352837413E-017   2.5242790052760208E-017  -6.3975623215813550E-018  -2.2804327623530514E-017  -3.0285798971031709E-018  -5.2711834871732721E-017   1.1187845734558839E-014  -2.7104848696903242E-014  -8.7103576388906792E-016
   1.1517572755519872E-015  -4.3349166938667580E-016   6.6965057407273183E-015  0.16893066420336880       -7.8263684206509320E-016   2.3310384590178228E-015  -1.1412132527870494E-014  0.35816062721200270        5.2505018996655964E-014  -6.9638983739312876E-016  -2.1696487772681758E-015   4.5515552485216337E-014   1.8634506384240403E-015   4.1249198366690090E-014  -8.8803498166524270E-015  -4.5805228965172611E-015   9.2799520669446534E-015  0.21082719434798308        2.9087167481713327E-015   9.2284508542235622E-016   2.3494756591793768E-016   2.0703177332527611E-015  -8.7854072365121013E-017   1.2952284796751017E-015  -2.5121313067439248E-016   1.3559246457765630E-016   1.6343365558714003E-016  -1.6445034097891648E-016  -7.2424595702879883E-014   7.9982687497534454E-016   2.3277748691096820E-015  -5.6792165914079509E-014  -2.7234746698952140E-015  -5.6326025181442843E-014   2.0796678518191876E-014  -4.9909047261583603E-017  -4.9227074795211244E-017   1.1125287368567151E-014   1.7000173667082545E-017   1.1981110733813461E-014  -2.1600242639507045E-017  -8.1066302018602878E-018  -2.7190265623593584E-017  -5.8869997703209727E-017   1.8368401710009697E-014   2.1172337493788878E-017   1.1401789459696123E-014   2.1970894753555525E-017   2.0292155208939067E-014   7.3163360105080604E-015   4.0565988420983999E-015  -4.6236575819947913E-015  -2.9559281153204543E-014  -5.3627574940354349E-014   1.9318972174003021E-014  -4.4276753570318005E-016  -2.2980429860207588E-016  -1.7694798189360158E-016  -5.1872800202448373E-016   4.0083684802631074E-017   7.7648942647532491E-017   1.8210425615723111E-016  -1.3920776532425009E-016   7.3596345703840726E-017   1.6241164475216893E-016  -1.0937312149083186E-014  -3.1191022287423777E-016  -8.2038624934259684E-016  -1.5655006028656893E-014   1.2074130864613357E-015  -1.5903440063471407E-014  0.24215139893716309        3.1092417966938700E-002  -8.5449414172071028E-004
   1.2319221404076566E-016  -1.9148605414451656E-019  -1.9235998456042233E-018   2.4171516507429768E-015  -4.1521321402412513E-016   6.4539419620304910E-019   6.4833973551680438E-018   5.2354823732377407E-015   7.8101272239746231E-028  -5.4595528241112822E-028  -5.6404868026575399E-028   5.1342818961599266E-030   6.4681310565057468E-028   3.1318526770490204E-028   1.9214239172959947E-015  -2.9866001430527645E-018  -3.0002308044634830E-017   2.9087167481713327E-015   3.7686951952374506E-026  -1.5260267163874613E-028  -2.8785717737470440E-028   1.6514428272971740E-026  -2.0640058994809539E-029   1.7164390291264564E-026  -2.1995720819987944E-028  -2.5630971851120534E-028  -4.8721685988341177E-029  -5.9003577865838057E-028  -4.2867918153739478E-028   8.6768909761002939E-028   1.0473355938601057E-027   8.0448796191032675E-028  -1.0599422756957429E-027   5.4045021613546578E-028  -9.1477297214818571E-029  -3.1639542002594140E-029  -2.0783485217598003E-030   6.8074744705089931E-029  -3.9831337333476775E-029   1.2277593704615730E-028  -5.6426035694626445E-029  -9.9702890204843967E-030   1.2105123588741675E-028   8.7449471400046266E-030  -7.4899622215650983E-029   2.7058491331361709E-029   8.9356988842793148E-029   7.8192747996882166E-031  -1.0850916782319753E-028   6.1999130249971756E-019  -9.6369480414437040E-022  -9.6809348150709319E-021   2.7384728707389696E-013  -4.2565950151116048E-016  -4.2760218563197880E-015  -1.0815386398634302E-026  -3.3514049648514611E-029   8.6645083654578224E-029  -4.6442408351645948E-027   3.2792791847262035E-029  -5.2158422542149864E-027   9.0841737609906529E-029   7.0498340405468441E-029  -9.0297157290012790E-030   1.8083544265878716E-028   7.3750963653810132E-028  -4.3078136548002863E-028  -5.4138215786209890E-028   6.8057234000410386E-029   5.0699413794421630E-028   1.6010641682911189E-028   3.4917523474225713E-015  -7.8578588952499984E-015   2.1624062841931561E-015
  -5.2270962484113817E-019   5.1282595597535967E-017  -1.3455902802666588E-018   7.6999104054882712E-016   1.7617667236173326E-018  -1.7284543107938247E-016   4.5352449374577161E-018   1.6713098207035696E-015  -1.2949645720670330E-028  -1.6570885560187008E-028  -7.0915911466122170E-029  -4.8075502376845417E-028   1.0196352319453667E-028  -5.4797786500001399E-028  -8.1526806108111643E-018   7.9985254334387262E-016  -2.0987116496509294E-017   9.2284508542235622E-016  -1.5260267163874613E-028   6.5294098094490046E-027  -1.9781075703595385E-028  -4.6311895084013370E-029   3.8527480252276586E-030  -4.2104712503125140E-029   1.5041378625902014E-026  -1.9481063908792547E-028   6.8014487165362278E-027  -4.7675536960461166E-028   4.4098625356226890E-028   2.8011772053596852E-028   1.5530833514515627E-028   1.3085612694263419E-027  -7.1106855317688645E-029   1.2087522161111431E-027  -2.0069997269629312E-028  -2.0309288646205265E-029  -1.0120438414048441E-029  -1.5837156598823599E-028  -1.8827193227850997E-029  -1.3056357435507828E-028  -3.9018127466060224E-029  -1.6202058336727518E-029  -1.6991187145554146E-029  -2.3172617121443544E-029  -3.6583731799444670E-028  -2.8955314591097611E-029  -1.8526984587256415E-028  -1.0469876576937323E-029  -2.6993901196952836E-028  -2.6306485702459522E-021   2.5809067990996822E-019  -6.7719724490665511E-021  -1.1619452883501198E-015   1.1399746150783065E-013  -2.9911488372349269E-015   3.8598857779687403E-029  -1.7202006254342754E-027   5.9227450327475456E-029   4.0764011752678082E-029   1.1395110051597153E-029   2.8558423607922196E-029  -4.0708075603872207E-027   6.2339320683063652E-029  -1.9502460504205841E-027   1.3488206191476344E-028   5.0132435341518616E-028  -1.2071190962474296E-028  -5.0537071670160175E-029   1.7870706631736100E-028   4.8973536539001136E-029   1.7426947144647514E-028   1.1131509168229355E-015  -2.8127294988527796E-015  -2.3705569085886406E-016
