  0.13626202944425539        1.3696071767817768E-016   3.7644515868223021E-016   1.0474334639514111E-015   3.3099795734262120E-017   4.8827191781247360E-009  -4.3608714960738502E-017   3.9056504114158570E-017   1.7982341182574258E-017  -1.4815252348253399E-016  0.14797770276686154       -1.0029746956566281E-016   1.5164600261275434E-016   6.2661552838609958E-016  -1.4015036439610638E-010   1.2612867043343704E-017  -3.6828690012877058E-017   2.5069350645372230E-010   8.4743566598494068E-019  -6.2676925167808799E-011   4.3304874105797185E-017  -5.2619653473116176E-017   6.4491332561239436E-018  -7.2026608979791019E-017  -2.9876846255789400E-017   5.6472936375558094E-010  -1.3775478176221972E-017   1.3908657260644147E-017   2.1794320547440799E-017   7.7637248690329519E-017   1.0027036190211449E-015  0.11686221147345577        5.7954291295585685E-017   4.1870363242075327E-016   1.4448838073383665E-017  -6.6414766637736728E-011  -6.5484290605772701E-018   2.6095760698331260E-018  -4.6046222557592890E-018   2.3468577131772472E-018   8.8553078435206177E-011  -2.8418506363484943E-018  -2.9701588832523014E-011  -3.7367850085167253E-018   1.2628546723924574E-017  -5.0807996976555888E-018   1.2116436442956864E-017  -2.0430078903247251E-018   1.0218757314852944E-018  -5.1735511319827055E-012  -3.9982328680706103E-018  -6.3970356039268892E-017   9.2515240606215028E-012   8.2747191831483466E-019  -2.3136927121385293E-012  -2.1337704032478855E-018  -5.9999816737923015E-017  -3.0933960026693413E-018  -1.2253678858997515E-016   8.9390218555264870E-018   1.0361630566484138E-010   1.7405115616346053E-018  -4.0721667444132126E-018  -4.2052003228890675E-018  -9.0827934686709916E-018   5.9617330659835106E-002   1.2986042063377382E-017  -1.3601655067049759E-017   9.8895895197233251E-016  -1.3616046807629879E-015
   1.3696071767817768E-016  0.13626199426268443        2.2375023248338382E-016  -5.0771966719872069E-008   4.5461189805712410E-009  -3.9063407885502929E-017  -6.9386614205578490E-018  -9.0922397366371941E-009   6.1553405183468965E-018   4.5461191843597746E-009  -8.9472971957688686E-016  0.14797769032964367        5.6835802189905719E-016   1.3791124705878502E-008   5.2559001312391071E-016  -3.2247051706340157E-010  -4.2462903770870892E-017   1.8949530133654202E-016   1.9883120574344137E-018   2.0343618677393916E-016   4.8069840674765265E-010  -4.5463835233035887E-017  -3.2247044926130705E-010  -8.1423217458339923E-017  -1.9812691452498388E-010  -2.9740641329363385E-016   1.3276763635035501E-016   3.9625146322992062E-010   1.8706293817929911E-016  -1.9812767870588883E-010  -1.0952632185986100E-008  -3.6203942921242914E-016  0.11686220280834710       -9.4032829160316501E-017   3.4585498990593069E-011   1.2361758222056031E-016  -6.4933205376117754E-017  -8.1005534199020192E-011  -3.2058691149928716E-017   2.0251243809990466E-011   1.2705733743896871E-016  -2.6746115617076382E-017   5.3298839007288517E-017  -5.4947051777603078E-017   9.2229291731416154E-011  -8.9832262005745470E-017  -8.1005406073676328E-011  -7.5329470565293613E-017   3.4585945007146219E-011   2.7746660451336460E-016  -3.4095739953325630E-011   3.8408713796878271E-017   1.4431422674769166E-016  -3.2095162249485505E-018   1.3956459629374414E-016   5.0803086438321177E-011   3.5082982340861925E-017  -3.4095652805651442E-011   7.4231876722416226E-017   2.6114884318587633E-010   5.5242059983456586E-017  -2.2370891785576376E-017  -5.2229923281783111E-010  -4.5165574347271192E-017   2.6114902104428021E-010   1.2464454716718783E-016   5.9617326686459526E-002   1.3411599292377436E-016  -1.0056022920726163E-008  -8.4701860588940882E-010
   3.7644515868223021E-016   2.2375023248338382E-016  0.13626202944425483       -1.0467982053272020E-015  -1.9079488512602636E-017   8.0318626672664689E-017  -1.3604783865419837E-016   5.1245373217004573E-018   4.8827193231506906E-009  -9.2789572839784471E-017   6.7441779699918103E-016   2.6878390372383673E-016  0.14797770276686315       -2.4217855832504665E-015  -1.4617622312426733E-016  -5.3620235053462703E-017  -6.2677629064080136E-011  -6.8297252306009955E-017  -1.2815724195106983E-017  -5.8732552056952781E-017  -5.8353478309239294E-017   2.5069297379155453E-010  -7.2212345928425933E-017  -1.4015137475372962E-010   5.2750781511539355E-016  -5.5571966869996240E-016   1.0422464380134966E-015   5.5801906126891187E-016   5.6472914828771112E-010   5.1156914477118226E-017  -7.3027043689995961E-016   4.4115339365479574E-016  -5.7260041502251313E-017  0.11686221147345627       -3.3409508000623905E-016   2.2565948211759711E-016  -4.2392181668616609E-016  -1.9538073477919882E-016  -2.9701549363879725E-011  -9.7264384065643637E-017   2.2786810181327936E-016  -1.9921337213391216E-016   9.2995628054700999E-017  -4.1711875038754073E-016  -3.7742043434084932E-016   8.8553159954360073E-011  -1.0681511578364570E-016  -6.6414682597275915E-011  -4.9954874008525250E-017  -1.1678424150772608E-016  -7.6224338372120772E-018  -2.3142536172598903E-012  -4.9253027911728646E-017   4.9959183328023000E-018  -5.6069074009223106E-017  -2.0802952773291399E-017   9.2509240749249736E-012  -4.0961389501599964E-018  -5.1746345881778482E-012  -2.1266670535731759E-016   1.0432434958358558E-016  -2.1416427823717625E-016  -2.1138773851690859E-016   1.0361634468350177E-010  -1.2972023334006835E-016   8.7525608505638505E-017   9.7939467743680565E-018   5.9617330659834142E-002  -1.1399530961618315E-015   3.5265424926445484E-015
   1.0474334639514111E-015  -5.0771966719872069E-008  -1.0467982053272020E-015  0.13005201618572970        4.1312370052143052E-009  -8.9121391765995591E-018  -9.8558755377561200E-017  -8.2625105317161830E-009  -8.2701475689242852E-018   4.1312371677148564E-009  -2.3030086776126258E-015  -3.0532726055850955E-008   1.9520309785485603E-015  0.30229204583972968        1.0301835359962180E-015   1.1210924339963370E-009  -1.6290096756478458E-016   6.5057403940567436E-016  -8.2361078813443478E-018   6.5625796624008334E-016  -1.6712245717339979E-009  -2.5090111197335448E-016   1.1210924628606485E-009  -4.9397629805570445E-016   4.8673989578202096E-010  -1.9214316547942898E-016   8.6566434302049689E-017  -9.7357461905493238E-010  -8.0665240561548645E-017   4.8673335117256777E-010  0.15558710729743810        7.4271666907854940E-016  -2.6635766611202956E-008   2.0234606879937697E-017   8.7806162870248834E-012   6.7656252352291954E-017   9.6038114084389126E-018  -2.0549650922151591E-011  -1.3364370093454481E-017   5.1419280727583528E-012   5.8037146642167371E-018   7.6508114697305527E-018   7.9816364553422042E-018  -2.4389715538677801E-017   2.3400327305657899E-011   3.0439445429655572E-017  -2.0548271060900933E-011  -2.7321827728693759E-017   8.7833110300490267E-012   4.6624065711547364E-016  -1.3042341180242848E-010  -1.5810933771041912E-016   1.1631684341837593E-016  -4.3563845595364103E-018   1.1297995050275828E-016   1.9442510502860404E-010  -1.0758453534701854E-016  -1.3042344987930852E-010  -2.6422123309422891E-016   2.2087227044238057E-010   4.4625850712424689E-017  -4.0699652888627390E-017  -4.4178153666398936E-010   9.5827508626503450E-018   2.2087379906662843E-010   3.9355873387196151E-016  -1.3278187168061344E-008   4.9332274500448262E-017  0.18389212944803374        2.7460485074499116E-003
   3.3099795734262120E-017   4.5461189805712410E-009  -1.9079488512602636E-017   4.1312370052143052E-009   2.8290657507706197E-016  -4.5712806669370300E-025  -3.4353442825016425E-024  -5.6581436958153179E-016  -7.6887882372487221E-025   2.8290658700543531E-016   3.5945538893152308E-017   4.9369913955291438E-009  -2.0719814748968433E-017   9.6028049381536668E-009   5.0277906977383017E-023   2.4852714953157714E-017  -6.5500641353342624E-024   2.7074659494825984E-023  -1.9427823728486444E-025   2.7626395787559434E-023  -3.7048605791183913E-017  -9.5443921740902440E-024   2.4852718194655299E-017  -1.8396593306149954E-023   8.8532438940556308E-018  -1.5851258884258575E-023   7.3114257158728873E-024  -1.7709580109034041E-017   3.5798022942499594E-024   8.8530106946462816E-018   4.9417548868504894E-009   2.8387310066815343E-017   3.8988828422506062E-009  -1.6363095096928852E-017   1.4327561402832918E-018   6.2735010186225287E-024  -1.8534400499394836E-024  -3.3552625731528066E-018  -1.4909577604683221E-024   8.3895439976605841E-019   4.4311638209565884E-024  -6.4868393121666130E-025   2.0145576432670890E-024  -2.6163033752530750E-024   3.8202607328175524E-018  -2.0281561030361004E-024  -3.3552144919753732E-018  -3.3832703160799419E-024   1.4328565672565682E-018   2.4063257899919810E-023  -5.2806611268146858E-018  -3.7766260666764790E-024   8.5186367224253322E-024  -2.4690254661912219E-025   8.2597121544452949E-024   7.8711927855162700E-018  -2.2222731134231849E-024  -5.2806594970488264E-018  -5.9223802500641606E-024   1.5734665911796252E-017   3.2718957158226567E-024  -2.0938357623692712E-024  -3.1470559403828744E-017  -1.2090239517734450E-024   1.5734720307052163E-017   1.4481814807561363E-017   1.9890175582022099E-009  -8.3476359079188006E-018   5.8415585065600296E-009   4.4130938517743977E-011
   4.8827191781247360E-009  -3.9063407885502929E-017   8.0318626672664689E-017  -8.9121391765995591E-018  -4.5712806669370300E-025   1.7496397690290439E-016  -1.5626401487742191E-024   4.6859364316217069E-024   3.5224500737104534E-024  -6.9519962677021992E-024   5.3025305008405458E-009  -4.2422059956198393E-017   8.7224332832853399E-017  -3.1615688865143176E-017  -5.0220510794495318E-018   5.4910252994126249E-025  -1.3566405605741291E-024   8.9831774617261432E-018   3.0366353884613819E-026  -2.2459215218721562E-018   1.4069415172518758E-024  -1.7377657758140210E-024   3.2823175756767713E-025  -2.6635622325783169E-024  -1.1416575423356460E-024   2.0236120848231384E-017  -4.9362834129951227E-025   6.4061007981307291E-025   1.1138390134350798E-024   2.7109168366839550E-024   2.7510511161174819E-017   4.1875595386823811E-009  -3.3501903808744042E-017   6.8883553560562608E-017   5.1014904239286593E-025  -2.3798607440052918E-018  -2.3465257721079410E-025   1.1130614999133597E-025  -1.8250612512144141E-025   7.9647179034146295E-026   3.1731496743528060E-018  -1.0183305451014927E-025  -1.0643061607458114E-018  -1.3390109093664898E-025   4.3226358666506087E-025  -1.2986571737032038E-025   4.5196990300956210E-025  -1.1235464334651986E-025   2.9019740331640860E-026  -1.8538544768609198E-019  -1.1939309213099511E-025  -2.2936313816710183E-024   3.3151270491016244E-019   2.9651146520434872E-026  -8.2907262016104009E-020  -1.1205439854604154E-025  -2.1445405631604830E-024  -8.6965698447269698E-026  -4.3939481674777863E-024  -1.1346657247203710E-025   3.7129149250140225E-018   6.2371464799742270E-026   7.2169283870382459E-025  -8.9610839115574094E-026  -7.5924207125619213E-025   2.1362861315702562E-009  -1.7091021269691871E-017   3.5140980017739730E-017  -1.4561942036757443E-017   2.6014016779319437E-015
  -4.3608714960738502E-017  -6.9386614205578490E-018  -1.3604783865419837E-016  -9.8558755377561200E-017  -3.4353442825016425E-024  -1.5626401487742191E-024   5.8899002604234134E-030   6.8707205536991893E-024  -4.8750419978676600E-024  -3.4353417522644852E-024  -4.7358148758110557E-017  -7.5352621615431892E-018  -1.4774509606642347E-016  -2.4309806715879330E-016   4.4848442148495387E-026  -7.2841848853551209E-025   6.2576716391435299E-026  -8.0233282269574804E-026  -6.0007204804611990E-032   2.0057812399700967E-026   1.0858512753298686E-024  -2.5029696631061758E-025  -7.2842334218274742E-025   1.3993209339792426E-025  -4.8025143529581615E-025  -1.8073576145145044E-025  -1.1349575274977131E-029   9.6065821630400625E-025  -5.6383987519683621E-025  -4.8026092140977973E-025  -6.8851957779857902E-017  -3.7400080496472359E-017  -5.9508071648210935E-018  -1.1667851532930594E-016  -4.6672761494256055E-027   2.1253557360778780E-026  -1.8811565380845902E-031   1.0915288603219058E-026   2.9654952700704957E-026  -2.7308543969094894E-027  -2.8339320145240227E-026   1.4782485901287870E-031   9.5062420584945316E-027   1.0855548462145240E-030  -1.2424798975564203E-026  -8.8415095596789807E-026   1.0916178856085508E-026   6.6311197736097647E-026  -4.6653651656208947E-027   1.6557224265684661E-027   1.0721391888912709E-025   2.3135371270603884E-027  -2.9613837301035507E-027   1.0976929073697166E-031   7.3926065618485702E-028  -1.5983464543963976E-025  -9.2383068216919744E-027   1.0721922991608536E-025   5.1672361781068357E-027  -6.2250039140091244E-025  -3.3159979658022897E-026   4.4813669516645746E-030   1.2450897507415212E-024  -1.0345408942555439E-025  -6.2249411104332655E-025  -1.9079674580422964E-017  -3.0358124306124979E-018  -5.9523617956399920E-017  -1.4188025451327255E-016   3.3414144884792142E-015
   3.9056504114158570E-017  -9.0922397366371941E-009   5.1245373217004573E-018  -8.2625105317161830E-009  -5.6581436958153179E-016   4.6859364316217069E-024   6.8707205536991893E-024   1.1316311780281613E-015   3.5402824809731946E-025  -5.6581439343832482E-016   4.2414831865813013E-017  -9.8739847192155145E-009   5.5649216312446576E-018  -1.9205694776587661E-008  -1.0066437271226467E-022  -4.9705740452288668E-017   1.3115367796538124E-023  -5.3955856505712060E-023   3.8855870666524915E-025  -5.5301393960733737E-023   7.4097674516743142E-017   1.9028080349952080E-023  -4.9705746935296429E-017   3.6827304145667810E-023  -1.7706621983615855E-017   3.2138800795108607E-023  -1.4622885366371472E-023   3.5419428635800492E-017  -7.2964923115173123E-024  -1.7706155582960257E-017  -9.8835534292105608E-009   3.3496016161951461E-017  -7.7977672072212586E-009   4.3949104212181553E-018  -2.8655151942045971E-018  -1.2598325964162416E-023   3.7068778925307125E-024   6.7105319660372481E-018   2.9891203879118138E-024  -1.6779105057302460E-018  -8.7939270441612212E-024   1.2973660730995527E-024  -4.0520607669821675E-024   5.2326148957071505E-024  -7.6405292312316111E-018   4.0348357672807134E-024   6.7104358032947202E-018   6.7826510699505752E-024  -2.8657160489106091E-018  -4.8130646457212985E-023   1.0561359328430753E-017   7.5538591096222427E-024  -1.7030161991448971E-023   4.9380644098271803E-025  -1.6521245930781104E-023  -1.5742440838962391E-017   4.4423316964544774E-024   1.0561356068912536E-017   1.1846088512775324E-023  -3.1469397581125094E-017  -6.4637651160464471E-024   4.1876864555898364E-024   6.2941250333177020E-017   2.3929252967837196E-024  -3.1469506372062925E-017   1.7087992248368013E-017  -3.9780358932211051E-009   2.2420516266308903E-018  -1.1683168655699692E-008  -8.8260156579999090E-011
   1.7982341182574258E-017   6.1553405183468965E-018   4.8827193231506906E-009  -8.2701475689242852E-018  -7.6887882372487221E-025   3.5224500737104534E-024  -4.8750419978676600E-024   3.5402824809731946E-025   1.7496398729642173E-016  -3.4101540663696564E-024   1.9528454451404582E-017   6.6845704686820360E-018   5.3025306583357659E-009  -2.4565493570692756E-017  -5.2564747229024351E-024  -1.9672927473015927E-024  -2.2459468115127911E-018  -2.4142335848709240E-024  -4.5922982662308123E-025  -2.1128533035763669E-024  -2.0225757107856806E-024   8.9831586414980818E-018  -2.6335114386992210E-024  -5.0220874330665377E-018   1.8816124486116522E-023  -1.9838748761099590E-023   3.7347134126582439E-023   2.0168158891435831E-023   2.0236113728358831E-017   1.7468904645102874E-024   8.8151329798304485E-018   1.5422174058926093E-017   5.2789873724760126E-018   4.1875596630608190E-009  -1.1969298778525595E-023   8.0773606635354927E-024  -1.5190521428119412E-023  -7.0068401972432296E-024  -1.0643047780662593E-018  -3.4838789722864352E-024   8.1769546143097582E-024  -7.1384742196219346E-024   3.3284216353828742E-024  -1.4946744573413566E-023  -1.3517729053649699E-023   3.1731526897009621E-018  -3.8332403639016759E-024  -2.3798578032426759E-018  -1.7876136807136159E-024  -4.1854484091696837E-024  -2.6385220384340520E-025  -8.2927363562744936E-020  -1.7636782253979340E-024   1.7902032510403002E-025  -2.0094462011945348E-024  -7.5928451000762400E-025   3.3149121528393246E-019  -1.3749136762528752E-025  -1.8542427701218024E-019  -7.7912929272015999E-024   3.7519611152744077E-024  -7.6742130112454477E-024  -7.2332141948703546E-024   3.7129164334611728E-018  -4.8190436372276799E-024   7.8676268646750782E-018   2.6930785403603230E-018   2.1362861950219513E-009  -1.2654632877281443E-017   1.2749128877992981E-015
  -1.4815252348253399E-016   4.5461191843597746E-009  -9.2789572839784471E-017   4.1312371677148564E-009   2.8290658700543531E-016  -6.9519962677021992E-024  -3.4353417522644852E-024  -5.6581439343832482E-016  -3.4101540663696564E-024   2.8290659893381052E-016  -1.6089067386735158E-016   4.9369916168392818E-009  -1.0076741857502605E-016   9.6028053096074671E-009   5.0464331818504858E-023   2.4852715918522947E-017  -6.5161604152267061E-024   2.6741193558186633E-023  -1.9427827396161788E-025   2.7709767945762017E-023  -3.7048607230286821E-017  -9.6800024920298526E-024   2.4852719160018514E-017  -1.8320779670407477E-023   8.8532441516339081E-018  -1.6602449346302299E-023   7.3114208996150531E-024  -1.7709580624275460E-017   3.2743164610139448E-024   8.8530109522086784E-018   4.9417551031853495E-009  -1.2705985995374550E-016   3.8988830170255316E-009  -7.9578970403507780E-017   1.4327562046549333E-018   6.3618438539426432E-024  -1.8534401694541770E-024  -3.3552627239045031E-018  -1.4748909185268947E-024   8.3895443746004372E-019   4.3133732967993958E-024  -6.4868387136736211E-025   2.0540663342151649E-024  -2.6163029682739149E-024   3.8202609044634510E-018  -2.0760589639993362E-024  -3.3552146427243056E-018  -3.3473434603598072E-024   1.4328566316340098E-018   2.4070140800756306E-023  -5.2806613378049319E-018  -3.7753729968995103E-024   8.5063307338289000E-024  -2.4690251080195579E-025   8.2627896288670927E-024   7.8711931000036555E-018  -2.2272782488820216E-024  -5.2806597080366281E-018  -5.9195808968295400E-024   1.5734666380859812E-017   3.1340684801973754E-024  -2.0938338396932582E-024  -3.1470560341977156E-017  -1.2650748844267262E-024   1.5734720776121245E-017  -6.4819656715216383E-017   1.9890176473637476E-009  -4.0597254442300489E-017   5.8415587352080770E-009   4.4132436419837599E-011
  0.14797770276686154       -8.9472971957688686E-016   6.7441779699918103E-016  -2.3030086776126258E-015   3.5945538893152308E-017   5.3025305008405458E-009  -4.7358148758110557E-017   4.2414831865813013E-017   1.9528454451404582E-017  -1.6089067386735158E-016  0.16070067799126553       -1.2421041616367332E-015   4.5312535733123413E-016  -7.3444757413136196E-015  -1.5220035287789924E-010   1.3697281785730125E-017  -3.9995184152864042E-017   2.7224788398419946E-010   9.2029733893301071E-019  -6.8065824651592603E-011   4.7028224189490110E-017  -5.7143838283563669E-017   7.0035963179534993E-018  -7.8219385221323498E-017  -3.2445639285499156E-017   6.1328423093631882E-010  -1.4959880043979883E-017   1.5104532938337208E-017   2.3668175581446160E-017   8.4312410261339307E-017  -2.9294333017486034E-015  0.12690990780503308       -8.3196989222169491E-016   6.8249849131596201E-016   1.5691134263489083E-017  -7.2125042001301331E-011  -7.1114564568602138E-018   2.8339459628261450E-018  -5.0005231404836457E-018   2.5486379108107070E-018   9.6166783756411731E-011  -3.0861901183227117E-018  -3.2255301802624950E-011  -4.0580700547980441E-018   1.3714335264452355E-017  -5.5176416131768321E-018   1.3158196704381025E-017  -2.2186637995764265E-018   1.1097350974575474E-018  -5.6183678958846767E-012  -4.3419932157933405E-018  -6.9470463423232995E-017   1.0046960867724201E-011   8.9861712815939707E-019  -2.5126217028108639E-012  -2.3172354055741076E-018  -6.5158541092226154E-017  -3.3593593795850895E-018  -1.3307237940973562E-016   9.7075813122339095E-018   1.1252513223241580E-010   1.8901590089444560E-018  -4.4222701313158924E-018  -4.5667590485214417E-018  -9.8637317105036007E-018   6.4743169260838465E-002  -4.4243483780778413E-016   1.0143643059839894E-016  -3.7958563208785307E-015   5.1057071627885961E-015
  -1.0029746956566281E-016  0.14797769032964367        2.6878390372383673E-016  -3.0532726055850955E-008   4.9369913955291438E-009  -4.2422059956198393E-017  -7.5352621615431892E-018  -9.8739847192155145E-009   6.6845704686820360E-018   4.9369916168392818E-009  -1.2421041616367332E-015  0.16070069246955968        6.4523927808286954E-016   7.2171531484603019E-008   5.7078001367914853E-016  -3.5019605925735566E-010  -4.6113860014593188E-017   2.0578807727481375E-016   2.1592639841063205E-018   2.2092759002619833E-016   5.2202815086721299E-010  -4.9372826927394894E-017  -3.5019598562568499E-010  -8.8424013502940802E-017  -2.1516161428313849E-010  -3.2297721274752787E-016   1.4418290961493175E-016   4.3032065931697118E-010   2.0314644273460833E-016  -2.1516244416893362E-010   1.7527401261457909E-008  -6.0674595703563613E-016  0.12690992049534208       -7.9994300176363090E-017   3.7559133883478235E-011   1.3424613524168254E-016  -7.0516107871861508E-017  -8.7970328402822175E-011  -3.4815074044084181E-017   2.1992430347082927E-011   1.3798162519216277E-016  -2.9045723546468930E-017   5.7881431426455123E-017  -5.9671359648485262E-017   1.0015909606979251E-010  -9.7555961152369319E-017  -8.7970189261104388E-011  -8.1806242954778155E-017   3.7559618248682542E-011   3.0132304691922391E-016  -3.7027288776830257E-011   4.1711033248876341E-017   1.5672226938714007E-016  -3.4854686899622839E-018   1.5156426912034307E-016   5.5171131510220345E-011   3.8099369007969708E-017  -3.7027194136278215E-011   8.0614223319135547E-017   2.8360225143444040E-010   5.9991735573936538E-017  -2.4294331863513103E-017  -5.6720618228415865E-010  -4.9048871896436854E-017   2.8360244458525311E-010   2.6404093001773274E-017   6.4743176220387000E-002   1.5693344973326585E-016   2.3870676370849654E-008  -1.3429929195004322E-009
   1.5164600261275434E-016   5.6835802189905719E-016  0.14797770276686315        1.9520309785485603E-015  -2.0719814748968433E-017   8.7224332832853399E-017  -1.4774509606642347E-016   5.5649216312446576E-018   5.3025306583357659E-009  -1.0076741857502605E-016   4.5312535733123413E-016   6.4523927808286954E-016  0.16070067799126964        4.5826775257345023E-015  -1.5874430866206861E-016  -5.8230423748652511E-017  -6.8066589068163979E-011  -7.4169382382012619E-017  -1.3917607373237296E-017  -6.3782318158248576E-017  -6.3370690323049012E-017   2.7224730552427406E-010  -7.8421065764502797E-017  -1.5220145010506502E-010   5.7286242205926180E-016  -6.0349989235595465E-016   1.1318577467487544E-015   6.0599696058787398E-016   6.1328399694274574E-010   5.5555346310530835E-017   2.7865973840253300E-015   2.5853139616089878E-016   2.1686383248720927E-016  0.12690990780503553       -3.6282024132624548E-016   2.4506145934119777E-016  -4.6037019147463484E-016  -2.1217937605572157E-016  -3.2255258940507571E-011  -1.0562707858708122E-016   2.4745997366196848E-016  -2.1634153908500620E-016   1.0099129941524998E-016  -4.5298220432409423E-016  -4.0987066592423720E-016   9.6166872284502574E-011  -1.1599897351406815E-016  -7.2124950735126623E-011  -5.4249943945978069E-017  -1.2682523404967902E-016  -8.2778062872087227E-018  -2.5132308339948979E-012  -5.3487754121921859E-017   5.4254624058812619E-018  -6.0889837039661877E-017  -2.2591565132122066E-017   1.0046309295856330E-011  -4.4483240844929436E-018  -5.6195445065624344E-012  -2.3095156956352760E-016   1.1329405286521785E-016  -2.3257790917628481E-016  -2.2956265916451045E-016   1.1252517460586334E-010  -1.4087344265031844E-016  -1.7464972339476191E-017   1.5299205924286710E-016   6.4743169260838382E-002   3.1355485492264068E-015  -3.9872195409320441E-015
   6.2661552838609958E-016   1.3791124705878502E-008  -2.4217855832504665E-015  0.30229204583972968        9.6028049381536668E-009  -3.1615688865143176E-017  -2.4309806715879330E-016  -1.9205694776587661E-008  -2.4565493570692756E-017   9.6028053096074671E-009  -7.3444757413136196E-015   7.2171531484603019E-008   4.5826775257345023E-015  0.70268027225362850        2.4044864178492070E-015   2.6056004433273320E-009  -3.7239743602872640E-016   1.5170718954478263E-015  -1.8949410292599779E-017   1.5268673067795655E-015  -3.8841966310785314E-009  -5.8747825885799600E-016   2.6056005224098079E-009  -1.1497323238643965E-015   1.1316751719641045E-009  -4.3940647507705378E-016   2.2653885509919156E-016  -2.2635709704067986E-009  -1.9127757485826555E-016   1.1316599966259067E-009  0.36152432971658466        1.8235252794006737E-016   5.1125118658122955E-008   5.9283617963753689E-017   2.0400372026285522E-011   1.6036716906057515E-016   2.3830150821227672E-017  -4.7743831571448501E-011  -3.1257158934131495E-017   1.1946450263857142E-011   1.0855890730465560E-017   1.7901049586418196E-017   1.6636855148643930E-017  -5.8290313834532460E-017   5.4366914408065119E-011   7.3512380792326125E-017  -4.7740629260605717E-011  -6.5701211080911909E-017   2.0406625146988987E-011   1.0831033290076116E-015  -3.0317176168910693E-010  -3.7439003547308526E-016   2.7165053370653158E-016  -1.0401816766418556E-017   2.6549548129167518E-016   4.5194496850648524E-010  -2.4506557950710010E-016  -3.0317186327697651E-010  -6.1539028905190227E-016   5.1448683320235384E-010   1.0106040048726937E-016  -1.0507721328956258E-016  -1.0290598080668480E-009   2.3797407433290672E-017   5.1449036771877199E-010   1.1604227156979508E-016   2.6812504557281661E-008   1.2664337237167948E-016  0.42744387850806331       -1.8849989122781603E-003
  -1.4015036439610638E-010   5.2559001312391071E-016  -1.4617622312426733E-016   1.0301835359962180E-015   5.0277906977383017E-023  -5.0220510794495318E-018   4.4848442148495387E-026  -1.0066437271226467E-022  -5.2564747229024351E-024   5.0464331818504858E-023  -1.5220035287789924E-010   5.7078001367914853E-016  -1.5874430866206861E-016   2.4044864178492070E-015   1.4414965579383747E-019   7.5494285348357278E-024   1.0511790752977763E-025  -2.5784722584509775E-019  -8.7160588598314022E-028   6.4465456284508212E-020  -1.1317931759361246E-023  -2.1481516642513734E-025   7.5557721038134440E-024   2.2442582244787123E-025   3.2082732994587636E-024  -5.8084432206336437E-019   1.4175913378911992E-026  -6.3702156035131018E-024  -6.2823511831595311E-025   3.0976475185630300E-024   1.1976662646641349E-015  -1.2019695867541737E-010   4.5076123529639124E-016  -1.2536490746720334E-016   1.8543889642745969E-025   6.8309959742640693E-020   6.7360057859453085E-027  -4.7169063899281299E-025   3.6598317105194411E-026   1.1487232977420663E-025  -9.1080004178504907E-020   2.9231497525372205E-027   3.0549145018220597E-020   3.8430006434656298E-027   5.2102531865967351E-025  -8.9769667267664540E-026  -4.8145889729721739E-025   7.3347072133926552E-026   1.9926875070316713E-025   5.3211821368598971E-021  -1.1652344740516309E-024   6.8275353119700753E-026  -9.5155229475508729E-021  -8.5121578114053394E-028   2.3797155990234113E-021   1.7452797490017291E-024   5.1788666948818538E-026  -1.1661688519733388E-024   1.3158243493848853E-025   3.0610190088677042E-024  -1.0657307142404647E-019  -1.7933612313027532E-027  -6.1365788975715148E-024  -1.0682975623817183E-025   3.0795624592282659E-024  -6.1318554041624885E-011   2.2995613474596924E-016  -6.3954986133389384E-017   1.4584549905393041E-015  -2.3492432330587672E-015
   1.2612867043343704E-017  -3.2247051706340157E-010  -5.3620235053462703E-017   1.1210924339963370E-009   2.4852714953157714E-017   5.4910252994126249E-025  -7.2841848853551209E-025  -4.9705740452288668E-017  -1.9672927473015927E-024   2.4852715918522947E-017   1.3697281785730125E-017  -3.5019605925735566E-010  -5.8230423748652511E-017   2.6056004433273320E-009   7.5494285348357278E-024   1.0429273996429327E-017  -1.3258393051348939E-024   5.1464138326992973E-024  -7.7158428007188735E-026   5.1589631059437427E-024  -1.5547003240349952E-017  -2.1218601568998472E-024   1.0429273995117292E-017  -3.9989050008411509E-024   4.6624920463004734E-018  -9.5416415216576131E-025   2.4263213213922391E-025  -9.3257943675832803E-018  -1.3320095098834528E-024   4.6624371619807875E-018   1.3421207439168631E-009   1.0817155056668156E-017  -2.7655983831467806E-010  -4.5986237733708378E-017  -6.0869318326223656E-021   2.6128623565771667E-025   2.2518349036876500E-025   1.4395833925430114E-020  -2.6205268339769399E-026  -3.5596811166877521E-021  -2.2275806538767461E-025   1.2836915827335205E-025  -4.5751877039295764E-026  -6.8254192993440251E-026  -1.6360966211712423E-020   4.1950789308259470E-025   1.4407463197589191E-020  -1.4705854894367368E-026  -6.0646790577819158E-021   3.3667002059671659E-024  -1.0434820275418869E-018  -1.4014727678253164E-024   6.5241565442142711E-025  -2.7894887600718230E-026   6.2184489882299632E-025   1.5555991464191383E-018  -1.0514992113294573E-024  -1.0434824641744928E-018  -2.4420670515820530E-024   1.2778021961583014E-018   2.8349958896854777E-025  -2.1955963050004335E-025  -2.5559185349618626E-018   1.3732582674761345E-025   1.2778150916728227E-018   5.5183779304708959E-018  -1.4108717386429087E-010  -2.3459908230980921E-017   1.5851657109215858E-009   8.5506988169565993E-011
  -3.6828690012877058E-017  -4.2462903770870892E-017  -6.2677629064080136E-011  -1.6290096756478458E-016  -6.5500641353342624E-024  -1.3566405605741291E-024   6.2576716391435299E-026   1.3115367796538124E-023  -2.2459468115127911E-018  -6.5161604152267061E-024  -3.9995184152864042E-017  -4.6113860014593188E-017  -6.8066589068163979E-011  -3.7239743602872640E-016   1.0511790752977763E-025  -1.3258393051348939E-024   2.8830373371813908E-020  -3.6341764963044668E-026   5.8950045164443290E-027   4.3955323016953761E-026   2.0400599026221513E-024  -1.1531342432240099E-019  -1.3172852232386052E-024   6.4466645003856335E-020  -7.3640240207435684E-025   1.0298666014254538E-025  -4.7940672370724456E-025   7.3092486287943683E-025  -2.5976337078275723E-019  -5.1727607697060715E-025  -2.1676806052782178E-016  -3.1585337349981983E-017  -3.6417428332130428E-017  -5.3754126312480284E-011   1.3022865358173355E-025  -8.5847634476548341E-026   1.9499528144850544E-025   1.4477237928960759E-025   1.3662079606838528E-020   3.1008026817493736E-026  -1.2874898038244367E-025   9.1633925596516162E-026  -3.4748679483887540E-026   1.9186549438709240E-025   1.1109061982189170E-025  -4.0732566032091542E-020   1.0403140423617387E-025   3.0549338338584308E-020  -4.7519341393494807E-028   5.5115778198506203E-026   1.7453689456135502E-025   1.0645073336495979E-021   2.0154896416564311E-026  -2.2980594694381160E-027   2.6416255657463383E-026  -2.4537856330361856E-025  -4.2552278862342236E-021   1.7291253460255081E-025   2.3802216112503147E-021  -6.3149695981434854E-026  -7.5992785680937611E-026   9.8509170972281252E-026   4.1919750582715203E-025  -4.7661309929831950E-020  -1.0130862681100656E-025  -1.6113279644990529E-017  -1.8578372652767615E-017  -2.7422701336004829E-011  -2.2921650761940252E-016  -1.4947907892663848E-015
   2.5069350645372230E-010   1.8949530133654202E-016  -6.8297252306009955E-017   6.5057403940567436E-016   2.7074659494825984E-023   8.9831774617261432E-018  -8.0233282269574804E-026  -5.3955856505712060E-023  -2.4142335848709240E-024   2.6741193558186633E-023   2.7224788398419946E-010   2.0578807727481375E-016  -7.4169382382012619E-017   1.5170718954478263E-015  -2.5784722584509775E-019   5.1464138326992973E-024  -3.6341764963044668E-026   4.6122338288195694E-019   1.5590989884846379E-027  -1.1531237431015631E-019  -7.5575633972446597E-024  -2.2246335934438420E-025   5.1350757952039511E-024  -6.2269958514180050E-026   2.1467070446289183E-024   1.0389833835197136E-018  -2.5340321671446153E-026  -4.3782673928994866E-024  -2.4295724300076513E-025   2.3444820298986528E-024   7.6121550823252371E-016   2.1500191715698939E-010   1.6251670110068959E-016  -5.8573675664177963E-017   1.1729827233406860E-025  -1.2218921732277226E-019  -1.2047351076502239E-026  -2.0758797383842771E-025   6.4153340705655579E-027   5.7437021751211135E-026   1.6291905992224403E-019  -5.2282906205802210E-027  -5.4644683350659012E-020  -6.8751140252514606E-027   2.6506624621990821E-025  -5.3731801745523552E-026  -1.9009102043977499E-025   2.9529110550778965E-026   9.2607957738947147E-026  -9.5182471523262649E-021  -7.0951684023066264E-025  -1.1653377251234729E-025   1.7020860590379390E-020   1.5223068484691151E-027  -4.2567084980707925E-021   1.0427711111316595E-024  -1.1502358965048238E-025  -7.0785404513735463E-025  -2.2284970929708479E-025   1.6384755459129055E-024   1.9063223334354518E-019   3.2005720523664800E-027  -3.2517590640333365E-024  -5.9671068525207879E-026   1.6053244222972657E-024   1.0968336321924023E-010   8.2908000838974776E-017  -2.9881397886052404E-017   9.2078256602164575E-016  -1.1513941962215485E-015
   8.4743566598494068E-019   1.9883120574344137E-018  -1.2815724195106983E-017  -8.2361078813443478E-018  -1.9427823728486444E-025   3.0366353884613819E-026  -6.0007204804611990E-032   3.8855870666524915E-025  -4.5922982662308123E-025  -1.9427827396161788E-025   9.2029733893301071E-019   2.1592639841063205E-018  -1.3917607373237296E-017  -1.8949410292599779E-017  -8.7160588598314022E-028  -7.7158428007188735E-026   5.8950045164443290E-027   1.5590989884846379E-027   2.8537508307165779E-033  -3.8982280346522253E-028   1.1502088938238116E-025  -2.3578199092042978E-026  -7.7158359798385631E-026   1.3181546138265376E-026  -3.2029133263383648E-026   3.5122441120941409E-027   4.0563186167774494E-032   6.4062905557379012E-026  -5.3113951443478489E-026  -3.2028477197458759E-026  -1.0534511374922981E-017   7.2678505092278292E-019   1.7052324834976886E-018  -1.0991131404561909E-017  -1.0342144171896135E-028  -4.1305046192991106E-028   4.6738489723317159E-032   2.4137131029342398E-028   2.7934910869971765E-027  -6.0634246906072025E-029   5.5069122086066967E-028   1.8504278059527516E-032  -1.8473823160749395E-028   3.0970770504081597E-032  -2.7504147597244381E-028  -8.3285946447748799E-027   2.4124927746188312E-028   6.2464258247219929E-027  -1.0367149126572077E-028  -3.2193150231066600E-029   7.6699334762536968E-027   2.1763184178353041E-028   5.7543313320217605E-029  -1.7848963749831086E-033  -1.4372870621839813E-029  -1.1433956995249426E-026  -8.7003339133364077E-028   7.6698633640543693E-027   4.8669513979793960E-028  -4.0414392117362807E-027   6.4437980044075051E-028  -3.6423361852411010E-032   8.0844224450534537E-027  -9.7453231197807184E-027  -4.0416458367397458E-027   3.7076985069142830E-019   8.6992546822055794E-019  -5.6071325966673608E-018  -1.1610780272649462E-017  -4.6605755782800840E-017
  -6.2676925167808799E-011   2.0343618677393916E-016  -5.8732552056952781E-017   6.5625796624008334E-016   2.7626395787559434E-023  -2.2459215218721562E-018   2.0057812399700967E-026  -5.5301393960733737E-023  -2.1128533035763669E-024   2.7709767945762017E-023  -6.8065824651592603E-011   2.2092759002619833E-016  -6.3782318158248576E-017   1.5268673067795655E-015   6.4465456284508212E-020   5.1589631059437427E-024   4.3955323016953761E-026  -1.1531237431015631E-019  -3.8982280346522253E-028   2.8829725823236242E-020  -7.7191060086307025E-024  -8.3853194634416221E-026   5.1617990223887461E-024   9.3536616493711882E-026   2.1867972189447519E-024  -2.5976055264002581E-019   6.3376122765770488E-027  -4.3529985611814732E-024  -2.5343835211967146E-025   2.1373111832853224E-024   7.7997922738579429E-016  -5.3753522630916806E-011   1.7447280629808025E-016  -5.0370715546039904E-017   8.8905504561736707E-026   3.0549033913884128E-020   3.0123019558732439E-027  -2.2491709882369887E-025   1.4920037062170279E-026   5.4872208172562306E-026  -4.0732071091982698E-020   1.3072655529704336E-027   1.3661944330445164E-020   1.7187291890647434E-027   2.4892210101972370E-025  -3.5831593137799209E-026  -2.2928309955305003E-025   2.9565877595498524E-026   9.5095247956380312E-026   2.3796965218697507E-021  -7.0789166268642906E-025   3.0421142895497551E-026  -4.2554560759227637E-021  -3.8065576781807927E-028   1.0642373792424664E-021   1.0589579189834667E-024   2.3610654128435405E-026  -7.0830848065743723E-025   5.8592807944136982E-026   1.5465441144428761E-024  -4.7660756725750071E-020  -8.0117882565483451E-028  -3.0996335858272030E-024  -4.2727068986286988E-026   1.5548408284901646E-024  -2.7422393367476221E-011   8.9007414506642187E-017  -2.5696652101690603E-017   9.2820521900196910E-016  -3.3590154537893344E-016
   4.3304874105797185E-017   4.8069840674765265E-010  -5.8353478309239294E-017  -1.6712245717339979E-009  -3.7048605791183913E-017   1.4069415172518758E-024   1.0858512753298686E-024   7.4097674516743142E-017  -2.0225757107856806E-024  -3.7048607230286821E-017   4.7028224189490110E-017   5.2202815086721299E-010  -6.3370690323049012E-017  -3.8841966310785314E-009  -1.1317931759361246E-023  -1.5547003240349952E-017   2.0400599026221513E-024  -7.5575633972446597E-024   1.1502088938238116E-025  -7.7191060086307025E-024   2.3176043687069914E-017   2.9086642822308057E-024  -1.5547003238390788E-017   6.1034495047100996E-024  -6.9504096480808819E-018   1.6798133554130113E-024  -3.6168755129412948E-025   1.3902027181852456E-017   1.4125054623007157E-024  -6.9503278313387383E-018  -2.0007139480177554E-009   3.7139498275580483E-017   4.1226055286283901E-010  -5.0045623797804373E-017   9.0708355215618320E-021  -4.1978207591464177E-025  -3.3567621773801521E-025  -2.1452952874581698E-020   6.9209783287760415E-026   5.3046870378719122E-021   3.7241623082678055E-025  -1.9135866701671060E-025   5.4658893545677052E-026   1.0175124268762002E-025   2.4381416892938201E-020  -7.1522331741238657E-025  -2.1470288771000696E-020   8.9328102144771814E-026   9.0376630231156716E-021  -5.0211588588881423E-024   1.5555328595546245E-018   2.0915305316433759E-024  -9.6835781929062638E-025   4.1583272933422144E-026  -9.2805533873279270E-025  -2.3189528159513460E-018   1.5580936413863531E-024   1.5555335104299346E-018   3.6456596859705574E-024  -1.9048554103803617E-018  -3.7539547122153169E-025   3.2729404478430040E-025   3.8101791166082737E-018  -3.0986320490518649E-025  -1.9048746338926603E-018   1.8946739176104118E-017   2.1031497795765379E-010  -2.5530806241526819E-017  -2.3630236015169068E-009  -1.2747252566851473E-010
