   4.9429405614335885E-007   6.0766261434025744E-018   3.7258593838167347E-018   9.0483397467972824E-017  -1.5025519806262944E-006  -1.5161547129594160E-017  -1.0836312679307451E-017   7.0114216915877305E-017  -1.5982509617110393E-019   3.3291536190195174E-019  -5.1063958645000365E-019   2.5224153317822878E-018   1.2507293680724051E-018   2.1887033076251759E-020   6.1487329839418847E-017   5.2804710672324240E-006   3.3758769337863225E-017   3.9774210683358577E-017  -5.6125866679421710E-019  -1.1765848843625839E-018   7.1058487673979523E-019  -1.9879146096227995E-018  -1.8342270307722754E-018   8.2913782023396267E-019  -2.2977751067788782E-017  -8.8077264565171602E-019   1.9143178606546734E-019  -1.2389633172302178E-017   1.4714634457274297E-019  -1.1516353341142585E-017   6.4790928305463919E-019  -2.6853280294516618E-019   1.5510652566998467E-019   1.2949477227034454E-019   5.3567069413441461E-019   7.2309650260854317E-019  -8.4083948691683405E-020  -1.1624299115527237E-019   9.6554094658672153E-019  -1.5959603400514013E-018   2.3602336224601253E-019   2.4947522115749160E-020   6.2450714749399423E-020   1.8739414621962653E-019   5.3496514366588989E-020   8.9647688385007301E-020   8.1979150401628127E-020   6.4540449125282163E-020   9.8423541002140510E-021  -1.3242349307448607E-019   1.4213765798923596E-019  -4.7707979570458013E-020   2.5912118040558142E-019  -2.0968843683508704E-020   2.5637667909752126E-019   1.0079687830571156E-017   5.6777236626400380E-019  -2.4609902010294380E-019   6.8147905355715903E-018  -1.6290824618006036E-019   6.9863605626069998E-018  -2.5935028391853338E-019   2.0425330595867374E-019  -4.2363200327300265E-019   2.1585480919247225E-020  -3.6674791466403959E-006  -2.9157637439318442E-017  -1.6610744264743788E-017   9.8978780244975638E-004   5.1180645784443601E-015   8.1483892164218863E-015   5.2783737198211009E-017  -2.5212340328568053E-016   1.0493352652124176E-015
   6.0766261434025744E-018   4.9429405619942047E-007  -7.2539078596403368E-018  -5.0996480071814942E-016  -1.3817941648743190E-017  -1.5025519807967595E-006   2.0764241911974281E-017  -4.0966266472874179E-016  -4.7790374466276926E-018  -1.6067882420898647E-019   8.1662551871613667E-019   8.2691586153517699E-019  -1.0488348493634852E-019  -1.9769308005311935E-018  -3.2089565333765466E-016   3.9381663030510008E-017   5.2804710676562962E-006  -5.1036683372642154E-017   1.9029299423770655E-018   1.9656525347762288E-019  -1.5417208601215518E-018  -6.5500057226288759E-018  -2.2290760481360195E-019  -1.4832451457906711E-018  -2.6605962422511575E-019  -1.0179966546927522E-017   1.5234815570513467E-019  -3.5319300169816285E-019  -1.2115531918012890E-020   6.3912977660796590E-019  -2.1464665469614400E-017   2.6020614267301963E-019  -1.1406620499317787E-017   3.5830009794254404E-019  -4.6805458679600423E-018  -2.2268524785860222E-019   6.9552323394578829E-019  -1.1722020411046491E-019   2.6606366564889462E-019  -3.6167601893955719E-018   1.5001741607700198E-018   5.9303830457141699E-020   1.8947209557988368E-019   1.0157661031115533E-018   4.5745904710347471E-020   8.2080350171514184E-019   1.7423668466750833E-020   1.8579812102147152E-020  -3.1766409464921305E-020   8.4497431390698726E-020   7.8020370847632832E-019   9.5861859505927314E-022   5.7078611176261666E-019  -4.0428531955685170E-020   1.1900393732774537E-018   1.7284149061169236E-019   5.1355286900484736E-018  -1.5402102444396917E-019  -1.1541226466875677E-019   3.9559615209994091E-020  -1.9784869451340918E-020   9.9527245634092749E-018  -2.4431842517546596E-019   6.1732634886025409E-018  -5.0297848788152199E-019  -2.7487338640338849E-017  -3.6674791472824426E-006   7.8439386409099475E-017   7.0379392550579468E-015   9.8978780250543971E-004  -6.4342798945998749E-015  -2.8145030824971261E-016   4.4599412119251569E-015   7.1733922867526817E-015
   3.7258593838167347E-018  -7.2539078596403368E-018   4.9429405616772598E-007  -2.0032998418074157E-015  -5.4790046502407488E-018   1.9034274572374646E-017  -1.5025519807053306E-006  -1.6997034092621983E-015   4.1627312258134098E-018   3.8743325121018273E-019  -3.6248395885780392E-019   4.1414082623688964E-018   1.1616689039298948E-018   8.5117382577497458E-018  -1.2692792941665181E-015  -5.5270657568906343E-019  -5.3356327386997359E-017   5.2804710674198690E-006   4.3627963146917167E-018  -3.3789985339860543E-019  -4.5158832568966246E-019   5.5304375575728219E-018  -8.3860470067316421E-019  -2.7577765264143745E-018   1.4041086096368843E-018   1.1615966361564541E-019  -1.0558663313227538E-017  -4.5732686503414699E-019  -1.1344746909240602E-019  -9.5959386010322923E-019   1.3245675327151380E-019  -1.0365479597692913E-017   5.0909424632116216E-019  -2.0274846679439000E-017   2.8505714078240123E-018   1.2031267978933480E-019   6.5390423482479330E-019   2.6645149957007550E-019   5.6122921910133371E-019   5.8493558067288114E-018  -1.7458382682166551E-018  -7.3002940183398278E-020  -2.1361873437627448E-020  -1.2336293947075951E-018  -1.7268152103377203E-019  -8.0630778391645550E-019  -5.5426155841842602E-020  -2.0889165714047314E-019  -7.8277904855008858E-020   1.8254170813390862E-019  -3.0004458874068538E-019  -1.2949369248699321E-019  -6.0611114907166649E-019  -6.4584180491174506E-020  -9.5989892233806165E-019  -4.5399362120037912E-019   2.1917122300725297E-019   5.9443043400274657E-018  -6.2495963315119789E-020  -1.3387767750416944E-019   4.6290393318146077E-019  -5.3941630875625809E-019   6.2303837154611391E-018  -1.4364843761730107E-019   1.0714705944928943E-017   2.0014335956642639E-018   6.6706642472533962E-017  -3.6674791469162851E-006  -6.7490259101263531E-016  -7.9978292927626368E-015   9.8978780247396488E-004  -1.1511507336964202E-015   1.6761095496267228E-014  -2.8044846101931894E-015
   9.0483397467972824E-017  -5.0996480071814942E-016  -2.0032998418074157E-015  0.20201278095970182       -4.5346590488103918E-016   4.2766465564368726E-016   3.1232629758893985E-015  0.16433357406258300        7.8023415007486406E-014   1.2564402379713557E-015   1.6419416472123615E-015   8.1990046834636728E-014   6.8427875284530165E-016   7.8696176326137782E-014  0.13268919129491241        3.1251283953428798E-016  -2.9015103494746374E-017  -1.5044401642065081E-015  -3.3582908956363175E-014  -1.1590401938123391E-015  -1.8169073824585740E-015  -3.8840377920787949E-014  -9.2513145681469429E-016  -3.7914167685629615E-014   8.2689276287259270E-017  -7.9107216863498064E-017   1.4844454794197598E-017  -1.8499809925703650E-016  -3.8727786948296821E-017   6.8469441661124136E-019  -4.0122659585930067E-017   5.5929154010951301E-017  -9.2686600557899631E-017  -4.4334903579881824E-018  -3.5327931773307332E-014   5.0182464834214125E-016   9.1939479867885250E-016  -3.2948285705159583E-014   5.5785274831244704E-016  -3.1708009700926287E-014   1.7711374646520402E-014   1.5345423702308040E-017  -3.5555898190135010E-017   1.1072732358238899E-014   4.0719754925565928E-018   1.0922072126342814E-014  -2.4554740823518632E-018  -1.6520487293777831E-017   2.4565248066712125E-017  -6.4439709142977342E-017   1.8665238031719567E-014  -9.8794710176178486E-018   1.1058956296973012E-014  -8.3853922954339396E-018   1.8839582831305640E-014   9.6225925637955062E-017   3.9068092561352465E-017   4.6152285158731643E-017   1.5920994082566949E-016   2.6800975182353940E-017   8.9335386351516765E-017   7.6095287889343352E-017   2.5451014017601327E-017   6.6979746255361315E-018   1.6900408972875600E-017  -2.4145629723211074E-015  -2.4138804217655734E-016   3.1119166738872563E-016  -1.4006325400603045E-015  -5.8199398555486248E-015   1.2173773976767883E-014  0.11378915984003238       -7.8481510554600457E-004   1.9545512121727637E-005
  -1.5025519806262944E-006  -1.3817941648743190E-017  -5.4790046502407488E-018  -4.5346590488103918E-016   4.5674481139809938E-006   3.1941540560999777E-017   1.5166969678714791E-017  -3.6081972019717920E-016   4.8583532778263356E-019  -1.0119940351130853E-018   1.5522390214241777E-018  -7.6676223507283265E-018  -3.8019593111985600E-018  -6.6532066210184149E-020  -3.0085426701504792E-016  -1.6051542926926859E-005  -5.2904381715702711E-017  -5.8444467686530454E-017   1.7061105853439665E-018   3.5765753733120913E-018  -2.1600314644321866E-018   6.0428503981710109E-018   5.5756718571805065E-018  -2.5204079607400745E-018   6.9847623996589882E-017   2.6773671799453948E-018  -5.8191314621920039E-019   3.7661929434315452E-017  -4.4729453800247557E-019   3.5007338864913891E-017  -1.9695105869081862E-018   8.1628433491249348E-019  -4.7149184681888360E-019  -3.9363739914373244E-019  -1.6283284261165799E-018  -2.1980642265004303E-018   2.5559786139184927E-019   3.5335471749539212E-019  -2.9350453310950479E-018   4.8513902607692171E-018  -7.1746234049174174E-019  -7.5835321710407645E-020  -1.8983729213723938E-019  -5.6963955374168545E-019  -1.6261836981498975E-019  -2.7251048250372978E-019  -2.4919970870680616E-019  -1.9618965362784299E-019  -2.9918726442809237E-020   4.0254010609560123E-019  -4.3206916382861511E-019   1.4502241793837135E-019  -7.8767494368644074E-019   6.3740959892115378E-020  -7.7933222576592280E-019  -3.0640172030569999E-017  -1.7259108881614912E-018   7.4809026231216529E-019  -2.0715557651392598E-017   4.9520746793339784E-019  -2.1237095146592460E-017   7.8837137120963456E-019  -6.2088792201443011E-019   1.2877539142760278E-018  -6.5615409781403756E-020   1.1148380174112268E-005   5.4104110650646046E-017   7.1118499250261693E-018  -3.0087507719075172E-003  -6.2390686890788298E-015  -1.3061553084403301E-014  -2.6187186469506598E-016   2.0787031728260641E-015  -1.5313531408398587E-015
  -1.5161547129594160E-017  -1.5025519807967595E-006   1.9034274572374646E-017   4.2766465564368726E-016   3.1941540560999777E-017   4.5674481144993237E-006  -5.3950662901063150E-017   3.2053299373308264E-016   1.4527288142567181E-017   4.8843048493336133E-019  -2.4823731447900324E-018  -2.5136536647494311E-018   3.1882416152979630E-019   6.0094618837489599E-018   2.5291275918564133E-016  -8.4350359526165892E-017  -1.6051542928215877E-005   1.2292033800362115E-016  -5.7845145382888710E-018  -5.9751782819989305E-019   4.6865134289878984E-018   1.9910666432692201E-017   6.7759314317712687E-019   4.5087593180636335E-018   8.0876638165828266E-019   3.0944998645428786E-017  -4.6310697087875760E-019   1.0736338776788746E-018   3.6828718161143197E-020  -1.9428226979863197E-018   6.5248155857843993E-017  -7.9097300513647024E-019   3.4673773658600625E-017  -1.0891583968484024E-018   1.4227894057704643E-017   6.7691722378856232E-019  -2.1142471768940581E-018   3.5632524317675880E-019  -8.0877866697573358E-019   1.0994205004770204E-017  -4.5602200319913088E-018  -1.8027141294869629E-019  -5.7595609121688190E-019  -3.0877194477675048E-018  -1.3905811505256384E-019  -2.4950733513104743E-018  -5.2964358440876095E-020  -5.6478796633212806E-020   9.6563332828380368E-020  -2.5685476350596535E-019  -2.3716583537047499E-018  -2.9140028101122565E-021  -1.7350720529007114E-018   1.2289439860550803E-019  -3.6174742445208650E-018  -5.2540248216235622E-019  -1.5610947995223480E-017   4.6819214684068434E-019   3.5082948040523966E-019  -1.2025307091896342E-019   6.0141922473532173E-020  -3.0254229885042488E-017   7.4267762087719272E-019  -1.8765447746029139E-017   1.5289508618597136E-018   5.8995802720448562E-017   1.1148380176064324E-005  -2.1606114129561023E-016  -1.4765563720756997E-014  -3.0087507720768826E-003   1.3519345103756754E-014   2.1905631294438850E-016  -7.5793484826642514E-015  -1.4316764856741097E-014
  -1.0836312679307451E-017   2.0764241911974281E-017  -1.5025519807053306E-006   3.1232629758893985E-015   1.5166969678714791E-017  -5.3950662901063150E-017   4.5674481142363412E-006   2.7172182123355011E-015  -1.2653844347949022E-017  -1.1777171742358007E-018   1.1018764710701364E-018  -1.2589026936843154E-017  -3.5312338693737743E-018  -2.5873928725576700E-017   1.9580104300715283E-015   6.9097060088568739E-018   1.4845256529863171E-016  -1.6051542927549699E-005  -1.3262000953515766E-017   1.0271458613871141E-018   1.3727353684970736E-018  -1.6811389501794016E-017   2.5491853247780212E-018   8.3830718378807542E-018  -4.2682005705528851E-018  -3.5310141897982610E-019   3.2096158707418461E-017   1.3901793442879619E-018   3.4485690707647628E-019   2.9169674148151317E-018  -4.0264121018182862E-019   3.1508920057063631E-017  -1.5475415061448159E-018   6.1631352140622513E-017  -8.6651491394969773E-018  -3.6572573171848715E-019  -1.9877340037305885E-018  -8.0995760273276536E-019  -1.7060210704982467E-018  -1.7780835201314779E-017   5.3069882497369190E-018   2.2191388102302968E-019   6.4935689281340797E-020   3.7499789192100656E-018   5.2491620771642865E-019   2.4510093591338568E-018   1.6848408190800525E-019   6.3498755300032676E-019   2.3794868563637545E-019  -5.5488914279994995E-019   9.1207366460032297E-019   3.9363411659100768E-019   1.8424528805281748E-018   1.9632258795975247E-019   2.9178947412531430E-018   1.3800469705512744E-018  -6.6623531306349625E-019  -1.8069459158121342E-017   1.8997483844860553E-019   4.0696052681861223E-019  -1.4071324811751710E-018   1.6397143219218225E-018  -1.8939081454460761E-017   4.3666162230154365E-019  -3.2570496123404892E-017  -9.7160870497633154E-018  -1.9323173771002760E-016   1.1148380174987756E-005   3.0318156271725352E-015   2.1736346230667042E-014  -3.0087507719910489E-003   1.8146070381417343E-015  -3.0697027114097197E-014   6.4994808582693255E-015
   7.0114216915877305E-017  -4.0966266472874179E-016  -1.6997034092621983E-015  0.16433357406258300       -3.6081972019717920E-016   3.2053299373308264E-016   2.7172182123355011E-015  0.13368882249443401        6.3401882890983394E-014   1.0451436612171463E-015   1.3578061399871124E-015   6.6583959962993095E-014   5.7365414964754208E-016   6.3928340058575769E-014  0.10793152009587524        2.2373485058591974E-016   1.1802005691207886E-016  -1.6873339969297421E-015  -2.7174576499376957E-014  -9.7360688849404148E-016  -1.5123843299368506E-015  -3.1360332188359476E-014  -7.8375930589635629E-016  -3.0659899436023571E-014   7.0388801029511851E-017  -6.6744867496823614E-017   1.0855781902888620E-017  -1.5316533485566837E-016  -3.3386789809675317E-017  -3.7934218587783821E-018  -3.0838538359221626E-017   4.5582970701602949E-017  -7.5970250232297618E-017  -4.2681664093480879E-018  -2.8462637641083748E-014   4.2571023175103892E-016   7.6641729818337446E-016  -2.6591703597948068E-014   4.7373637567369741E-016  -2.5543076112209427E-014   1.4324954729372501E-014   1.2314254591067370E-017  -2.8585727546791924E-017   8.9612003713287136E-015   3.5740727441448285E-018   8.8377634926548597E-015  -2.8274988571836020E-018  -1.3026579800967246E-017   2.0790716755621782E-017  -5.2534775153445831E-017   1.5102004524766804E-014  -8.1797823203751734E-018   8.9489097476677782E-015  -7.0256620505638682E-018   1.5243160522051056E-014   7.4844314265791180E-017   3.4934625055998592E-017   3.8042890949213211E-017   1.3050548480698797E-016   2.3431785909428140E-017   7.5668759341413243E-017   5.8936118309341348E-017   1.9846141174616905E-017   5.3136247946653613E-018   1.4605420547023861E-017  -1.9707807248269159E-015  -3.0183405544845438E-016   5.8693758892328993E-016  -8.8690137995740958E-015   2.3300417126910847E-014  -7.0135990714911715E-014   9.2567797511408409E-002  -4.2532325530309587E-003  -1.9350584040869330E-004
  -1.5982509617110393E-019  -4.7790374466276926E-018   4.1627312258134098E-018   7.8023415007486406E-014   4.8583532778263356E-019   1.4527288142567181E-017  -1.2653844347949022E-017   6.3401882890983394E-014   3.0935318244854865E-026   2.5105956680682312E-028   3.9281801696588949E-028   3.2879599640814859E-026   9.2726951864668264E-029   3.1429554935318080E-026   5.1338650383265978E-014  -1.7073881141588285E-018  -5.1053757679232199E-017   4.4469848518882590E-017  -1.4459042902979748E-026  -1.3469923799079028E-028  -3.3256957965398771E-028  -1.7351705329305169E-026  -2.7883412827323378E-029  -1.6568228879575007E-026   2.1634654167082406E-029   9.5984184822160660E-029  -7.1173550403676108E-029  -3.8925076202832719E-029   3.8752170884347888E-030   3.3674059648667996E-029   1.7277759066560298E-028  -6.6913720934754524E-029   8.6114601411703422E-029  -1.6934476054692156E-028  -1.6462371512871057E-026   1.7047472535007380E-029   1.6088233599676222E-028  -1.4930921946904438E-026   4.8081076529225993E-030  -1.4780929117792830E-026   7.6783963364487530E-027   5.9624452151484382E-030  -1.9743510765254084E-029   4.7397029561810515E-027  -3.5942142843827537E-030   4.6960002921208636E-027   6.5170351096957491E-030  -1.2922672613622858E-029   7.1479696456213714E-031  -2.2345872140551496E-029   8.0552728787790991E-027  -3.5328544459977634E-030   4.7555408520786551E-027  -1.3028515232624255E-030   8.1187002205488641E-027   6.4203004056507018E-029  -6.7641169601822112E-029   6.3961471623687232E-029   4.8039109031311342E-029  -8.1456913136241265E-030   6.6408566986556652E-030  -3.8522985190301170E-029   7.2354080347182856E-029  -5.7551594277667994E-029   9.5216612209504599E-029   1.1858431229495054E-018   3.5458690954105136E-017  -3.0885926659109763E-017  -3.2003810037874579E-016  -9.5696739884610705E-015   8.3355657250915314E-015   4.3923009491245854E-014   3.7411068900283133E-014   3.5342489587808730E-015
   3.3291536190195174E-019  -1.6067882420898647E-019   3.8743325121018273E-019   1.2564402379713557E-015  -1.0119940351130853E-018   4.8843048493336133E-019  -1.1777171742358007E-018   1.0451436612171463E-015   2.5105956680682312E-028   9.4154282707648493E-029   8.8478721722809238E-029   1.1917754161105956E-028   5.6025359412966786E-029   2.0167254490714938E-028   7.9480397405325420E-016   3.5564860926452678E-018  -1.7165083651367531E-018   4.1388927271507229E-018   3.0913268787518721E-028  -1.2590259356059547E-028  -1.3350920763898739E-028   5.9477852487206454E-028  -9.8948782552316808E-029   3.8756251476961920E-028  -1.6136002947881628E-030  -1.8023186196291708E-030  -1.0533117685839116E-029  -1.6757155455259283E-029  -6.7426779187084956E-030  -2.7553940280448072E-029   1.0469731318256625E-029  -2.8427020600681566E-030   4.9320195551643387E-030  -1.8962312634877784E-029   7.4894503370243890E-028   7.2347208018852945E-029   7.1956613024396350E-029   5.3199484238609878E-028   6.4882171579925964E-029   6.9405186588400821E-028  -1.8204086419791901E-028  -1.8024340270549507E-030  -9.9334696174928835E-032  -9.5216479074383180E-029  -3.7812753908956089E-031  -9.9375242072433601E-029  -4.2037471483754595E-030   5.9066949225623238E-031   2.9944188723521873E-030   5.8662789096004788E-031  -1.6908413985824971E-028  -9.9528019271540666E-031  -9.7812109023349502E-029  -9.4607302860687646E-031  -1.7409349031827710E-028  -5.3207197046304030E-030   6.0652242208543652E-030   5.9348637738112407E-030   5.6084948048497707E-030   5.6532715358329920E-030   1.9939230027750070E-029  -9.6558264268922818E-030  -5.6840942752415272E-031  -4.6820363964244303E-030   1.7655220205227567E-029  -2.4701089002554737E-018   1.1921774694776114E-018  -2.8746114833606747E-018   6.6663873529832240E-016  -3.2174762837036462E-016   7.7580683331575786E-016   7.1645868895569356E-016  -1.2868682407037372E-014   2.3810615639980786E-015
  -5.1063958645000365E-019   8.1662551871613667E-019  -3.6248395885780392E-019   1.6419416472123615E-015   1.5522390214241777E-018  -2.4823731447900324E-018   1.1018764710701364E-018   1.3578061399871124E-015   3.9281801696588949E-028   8.8478721722809238E-029   9.0440455615429708E-029   2.8118343666850112E-028   5.7403956453681077E-029   3.3482521177028212E-028   1.0493827180808099E-015  -5.4550879755080267E-018   8.7238909122299490E-018  -3.8723630856685539E-018   2.1670511421062326E-028  -1.1423504968369453E-028  -1.3412204972950488E-028   4.6601603473969063E-028  -1.0459646811431502E-028   2.9999187595877102E-028   3.3836595996176479E-029  -2.3326679700857678E-029   4.4015497477952043E-030   2.8024429217223766E-030  -6.7122675800256235E-030  -2.1238236752704055E-030  -3.1487185182122750E-029   1.0614233006408447E-029  -2.1002305043385388E-029   1.2842349309627838E-029   6.3029500016561657E-028   6.4041197092988317E-029   7.0872803266517910E-029   4.4132212004342853E-028   6.7628291878089222E-029   5.8002899384714432E-028  -1.3151235868720424E-028  -7.1553484794123982E-031   7.8588581679140317E-031  -6.3527538744626711E-029   6.7563992881783545E-031  -6.8392471394664687E-029  -3.2383682983390418E-030   1.1714224713054782E-030   2.9292545625174371E-030  -3.3153360455595911E-031  -1.2161578082044603E-028  -5.1100103509560888E-031  -6.8364069637995688E-029  -7.9370813232820639E-031  -1.2242259241496443E-028  -2.0650560444956023E-029   1.7354008847891570E-029  -2.5109587397261413E-030  -3.6507733986554244E-030   6.0345433416254608E-030   4.4335208503047340E-030   9.0515011936988154E-030  -8.7630182315301784E-030   9.7531134005561308E-030  -3.7846273385432582E-030   3.7887569381461132E-018  -6.0590594274838951E-018   2.6894969568350852E-018  -1.0225185349453978E-015   1.6352330511235052E-015  -7.2584769423903013E-016   9.3320365865738161E-016  -1.2232705284059561E-014   2.8902238371462494E-016
   2.5224153317822878E-018   8.2691586153517699E-019   4.1414082623688964E-018   8.1990046834636728E-014  -7.6676223507283265E-018  -2.5136536647494311E-018  -1.2589026936843154E-017   6.6583959962993095E-014   3.2879599640814859E-026   1.1917754161105956E-028   2.8118343666850112E-028   3.5284081446092162E-026  -4.6623639106978259E-030   3.3562445820748775E-026   5.4002750818889344E-014   2.6946593860670149E-017   8.8338211390704141E-018   4.4242058419546608E-017  -1.6082588552224325E-026   4.6958595141379216E-029  -1.4819495353504233E-028  -1.9802228040853154E-026   1.5490278218554071E-028  -1.8568114750331906E-026  -1.2567027430339491E-028  -9.2359736210017715E-030  -5.9233207064801971E-029  -9.5427182878079249E-029   1.6595058170756967E-029   7.8403840536346647E-030  -8.0401546471187280E-029  -6.4122276696518399E-029  -4.0137941357488987E-029  -1.5933672079714633E-028  -1.9084271348359742E-026  -9.0181702591093858E-029   6.0491227802141850E-029  -1.7016458054845733E-026  -1.1228547036195054E-028  -1.7159372780661302E-026   8.6087060171435875E-027   8.1392799441833891E-030  -2.0325301984290971E-029   5.2844069748345458E-027  -4.5601479827288692E-030   5.2409249226669156E-027   1.2673376837174172E-029  -1.5526828508624070E-029  -4.5958840839892969E-030  -2.2508548595631290E-029   8.9882179296715566E-027  -3.0165538707809926E-030   5.3027073780787176E-027  -6.5552118376691748E-031   9.0647083764913636E-027   1.4611422049063465E-028  -2.7297116180150619E-029   5.8090486278500205E-029   7.9859602877639044E-029  -1.9137690441363776E-029   2.5935693556627367E-029   9.4925615386632887E-029   7.6566119536991795E-029   1.1093047122215735E-029   8.4074183148796555E-029  -1.8715389176617873E-017  -6.1354099666665224E-018  -3.0727718152536774E-017   5.0509527618458028E-015   1.6558387122757810E-015   8.2928680454763542E-015   4.6140524313865981E-014   6.1978246798458596E-014   5.1724931911929754E-015
   1.2507293680724051E-018  -1.0488348493634852E-019   1.1616689039298948E-018   6.8427875284530165E-016  -3.8019593111985600E-018   3.1882416152979630E-019  -3.5312338693737743E-018   5.7365414964754208E-016   9.2726951864668264E-029   5.6025359412966786E-029   5.7403956453681077E-029  -4.6623639106978259E-030   7.1532795515857768E-029   1.7639274282659610E-029   4.2753848057795581E-016   1.3361358808464936E-017  -1.1204549205691944E-018   1.2409938903634635E-017   2.5152094490622130E-028  -6.8076502161598037E-029  -8.9552152476963443E-029   4.7838195916009351E-028  -1.2630054660018225E-028   3.7201073643532925E-028  -4.8818178370235002E-029  -1.4768225373699612E-029  -3.1153615211789381E-029  -4.4591113631306468E-029  -5.0731711982661056E-030  -3.5672442946014575E-029   1.7229231946398493E-029  -3.4430822023950251E-029  -4.3538777041047484E-030  -4.7747419578028751E-029   6.1117536649536998E-028   3.4755123328996451E-029   5.0063995244245751E-029   4.4307200645111625E-028   7.6162445483673874E-029   5.3907944663990936E-028  -1.5929128777602418E-028   1.9713453045568620E-030   2.8702408591729025E-030  -8.3667415739690482E-029   2.8125037523807519E-030  -8.4706542777147368E-029   4.6780430867134102E-031   1.9292195194846904E-030   1.9148338146886715E-030  -3.1479839139400865E-030  -1.5360143019961108E-028  -2.3588687446324949E-031  -8.5981043097319145E-029  -5.0389197428566545E-031  -1.4979000569161339E-028   1.6332935200127387E-029   1.7368906370793768E-029   1.6113317165271849E-029   2.7066706787896619E-029   3.5822627222252718E-030   1.9274998106902956E-029  -1.9633717442723725E-029   1.8682380654156109E-029   6.2486433035133827E-031   1.5749258372117419E-029  -9.2799494926174197E-018   7.7819668065472672E-019  -8.6191537766785703E-018   2.5044943536966762E-015  -2.1002153015586773E-016   2.3261572688326740E-015   3.9169209900939258E-016  -9.0008329806224154E-015  -6.7409460017656071E-015
   2.1887033076251759E-020  -1.9769308005311935E-018   8.5117382577497458E-018   7.8696176326137782E-014  -6.6532066210184149E-020   6.0094618837489599E-018  -2.5873928725576700E-017   6.3928340058575769E-014   3.1429554935318080E-026   2.0167254490714938E-028   3.3482521177028212E-028   3.3562445820748775E-026   1.7639274282659610E-029   3.2104648122573173E-026   5.1807171417564948E-014   2.3381597042391076E-019  -2.1119262438131740E-017   9.0929654210123159E-017  -1.4949965825811941E-026  -7.6920542006260771E-029  -2.4998102967919316E-028  -1.8200832050082155E-026   1.2101158192748225E-028  -1.7361052547659832E-026   1.8583327048057590E-029   6.1108342209702960E-029  -1.5281118691895665E-028  -3.3476523000946270E-029   9.0084383983649559E-030   2.6021139510394741E-029   3.5868990873002046E-029  -1.3985596772193537E-028   3.8926682932343432E-029  -3.4596863720320554E-028  -1.7468856504805653E-026  -1.1628442965560791E-029   1.1866801416197352E-028  -1.5721762951528381E-026  -8.2726579833713293E-029  -1.5628049876814833E-026   7.9948437358834440E-027   1.9390147878404671E-030  -2.3588841825902925E-029   4.9160556776584705E-027  -9.8307942570012113E-030   4.8756069201311666E-027   4.3397897931285220E-030  -1.8167959547366208E-029  -2.4429388902400293E-030  -1.5444747403694968E-029   8.3864588866921942E-027  -5.2962469891875279E-030   4.9404172905602315E-027  -1.9229358102792602E-030   8.4381764176479891E-027   7.5237061083175714E-029  -6.0549592837159436E-029   1.1163310472791396E-028   3.4821944902406554E-029  -1.4249207970992600E-029   1.7119609440514390E-029   3.6946027932852627E-029   1.1890737792387809E-028  -2.9915735832783555E-029   2.0464677263734704E-028  -1.6239369315569341E-019   1.4668095631532308E-017  -6.3153950925449957E-017   4.3827187492411863E-017  -3.9586597656420203E-015   1.7044135167364306E-014   4.4294375580598169E-014   4.8240109752233902E-014   1.4988628912935143E-014
   6.1487329839418847E-017  -3.2089565333765466E-016  -1.2692792941665181E-015  0.13268919129491241       -3.0085426701504792E-016   2.5291275918564133E-016   1.9580104300715283E-015  0.10793152009587524        5.1338650383265978E-014   7.9480397405325420E-016   1.0493827180808099E-015   5.4002750818889344E-014   4.2753848057795581E-016   5.1807171417564948E-014   8.7166321107661024E-002   2.1891800470443636E-016   2.2101426821140891E-017  -8.6683655229008976E-016  -2.2248503060508763E-014  -7.2052185203861822E-016  -1.1481982888326321E-015  -2.5821225763152898E-014  -5.6747844109324534E-016  -2.5142377808132921E-014   5.0163033245588231E-017  -4.8998904325410263E-017   1.1274166324104781E-017  -1.1810333174789176E-016  -2.2970092091735197E-017   6.3115501915883063E-018  -2.8586912805250770E-017   3.6418001682980456E-017  -6.0268331628624905E-017  -2.0143813421644231E-018  -2.3566796012123505E-014   3.0635687604545550E-016   5.7954881685796705E-016  -2.1918593702935099E-014   3.4064757430904000E-016  -2.1156483836087900E-014   1.1742298989283803E-014   1.0353555870365018E-017  -2.3755328871870258E-017   7.3337212999197974E-015   2.3818838600599155E-018   7.2359344581555383E-015  -4.6926871819197960E-019  -1.1366467214099604E-017   1.5073141381538127E-017  -4.2233462647826472E-017   1.2367308145912638E-014  -6.2889001836158919E-018   7.3260703448244251E-015  -5.2343281484176043E-018   1.2482837017525614E-014   6.7723000006914153E-017   2.1694584793766234E-017   2.9686641841169474E-017   1.0341785229919847E-016   1.5464416672793930E-017   5.4585667011880353E-017   5.3703352166949283E-017   1.7961641511936549E-017   4.6542868279793957E-018   9.7247024649492258E-018  -1.5586956029921582E-015  -1.7662457952616955E-016   1.0431868439735395E-016   4.3009831866967358E-015   2.0763976112874668E-015   2.1638766782923715E-014   7.4737528838452735E-002   4.2378618903748805E-003   1.5687622550099303E-004
   5.2804710672324240E-006   3.9381663030510008E-017  -5.5270657568906343E-019   3.1251283953428798E-016  -1.6051542926926859E-005  -8.4350359526165892E-017   6.9097060088568739E-018   2.2373485058591974E-016  -1.7073881141588285E-018   3.5564860926452678E-018  -5.4550879755080267E-018   2.6946593860670149E-017   1.3361358808464936E-017   2.3381597042391076E-019   2.1891800470443636E-016   5.6410499671862904E-005   8.7863528524221013E-017  -6.2100104723252414E-018  -5.9958442034979774E-018  -1.2569284139252850E-017   7.5910742519541505E-018  -2.1236600864724068E-017  -1.9594778950615116E-017   8.8575579989426847E-018  -2.4546795211388877E-016  -9.4091652815209077E-018   2.0450377574291426E-018  -1.3235663809189635E-016   1.5719428658148239E-018  -1.2302751745059621E-016   6.9215200575215855E-018  -2.8686966361975234E-018   1.6569803161199991E-018   1.3833737036540434E-018   5.7224916362927933E-018   7.7247341200711816E-018  -8.9825651918041597E-019  -1.2418068632943672E-018   1.0314732635982991E-017  -1.7049410761318886E-017   2.5214030393481289E-018   2.6651072797126938E-019   6.6715184668217679E-019   2.0019042409399598E-018   5.7149543436237288E-019   9.5769313599761908E-019   8.7577126699240379E-019   6.8947617323275926E-019   1.0514442853997103E-019  -1.4146607978035231E-018   1.5184357998336779E-018  -5.0965736419707547E-019   2.7681536506476527E-018  -2.2400708850164419E-019   2.7388345447395550E-018   1.0767983004157603E-016   6.0654291012346623E-018  -2.6290398183256750E-018   7.2801410021223378E-017  -1.7403249540850278E-018   7.4634267512570794E-017  -2.7706011305012087E-018   2.1820081768236083E-018  -4.5255986973410419E-018   2.3059453299349192E-019  -3.9179143027963482E-005  -1.2203360177387950E-016   1.2197286848191131E-016   1.0573758248915011E-002   3.5454721831142079E-015   6.2390693536561880E-015   1.9777796174920556E-016  -5.8682240770256100E-015   1.0562850943051687E-015
   3.3758769337863225E-017   5.2804710676562962E-006  -5.3356327386997359E-017  -2.9015103494746374E-017  -5.2904381715702711E-017  -1.6051542928215877E-005   1.4845256529863171E-016   1.1802005691207886E-016  -5.1053757679232199E-017  -1.7165083651367531E-018   8.7238909122299490E-018   8.8338211390704141E-018  -1.1204549205691944E-018  -2.1119262438131740E-017   2.2101426821140891E-017   8.7863528524221013E-017   5.6410499674521313E-005  -2.8737490212738148E-016   2.0328722101757390E-017   2.0998778374668268E-018  -1.6469978334611618E-017  -6.9972752608232533E-017  -2.3812893227680929E-018  -1.5845290833682662E-017  -2.8422760290409097E-018  -1.0875109289014254E-016   1.6275130522716733E-018  -3.7731091503993744E-018  -1.2942845454216605E-019   6.8277298742943571E-018  -2.2930388008442290E-016   2.7797441431662138E-018  -1.2185525755566157E-016   3.8276675118865536E-018  -5.0001586556036520E-017  -2.3789139151775611E-018   7.4301729260361504E-018  -1.2522462845842691E-018   2.8423192049502046E-018  -3.8637319825907815E-017   1.6026141024117177E-017   6.3353414230154797E-019   2.0241026698561136E-018   1.0851280632514076E-017   4.8869680560590743E-019   8.7685236925377704E-018   1.8613450046707407E-019   1.9848541373098867E-019  -3.3935590362900324E-019   9.0267369422558913E-019   8.3348020424254883E-018   1.0240782167820475E-020   6.0976245030614908E-018  -4.3189209059552844E-019   1.2713016474388701E-017   1.8464403499803733E-018   5.4862101465425479E-017  -1.6453840644558343E-018  -1.2329323344349029E-018   4.2260958018181854E-019  -2.1135886549392036E-019   1.0632350003449726E-016  -2.6100179823873360E-018   6.5948070456790099E-017  -5.3732455800273921E-018  -6.2470251841809354E-017  -3.9179143033523751E-005   6.5887548291861219E-016   1.2795777813524892E-014   1.0573758249159394E-002  -2.0405672821023608E-014   7.6647385172130338E-017   3.7902798852901381E-015   1.1353654340581252E-014
   3.9774210683358577E-017  -5.1036683372642154E-017   5.2804710674198690E-006  -1.5044401642065081E-015  -5.8444467686530454E-017   1.2292033800362115E-016  -1.6051542927549699E-005  -1.6873339969297421E-015   4.4469848518882590E-017   4.1388927271507229E-018  -3.8723630856685539E-018   4.4242058419546608E-017   1.2409938903634635E-017   9.0929654210123159E-017  -8.6683655229008976E-016  -6.2100104723252414E-018  -2.8737490212738148E-016   5.6410499673086948E-005   4.6607114584668495E-017  -3.6097346873791010E-018  -4.8242520000209674E-018   5.9080855113568123E-017  -8.9586912977893046E-018  -2.9460923056799372E-017   1.4999886800696725E-017   1.2409166870738367E-018  -1.1279665502839696E-016  -4.8855559744199282E-018  -1.2119427105822062E-018  -1.0251200781428724E-017   1.4150161104727530E-018  -1.1073290166560366E-016   5.4385793323682961E-018  -2.1659322007066865E-016   3.0452237207510867E-017   1.2852827525889939E-018   6.9855632497207932E-018   2.8464623834593055E-018   5.9955296186383096E-018   6.2487812100583606E-017  -1.8650534736467660E-017  -7.7987972679880590E-019  -2.2820576784248489E-019  -1.3178682296131534E-017  -1.8447314191176834E-018  -8.6136680620404952E-018  -5.9210951188437654E-019  -2.2315590041727789E-018  -8.3623140240016056E-019   1.9500663549850236E-018  -3.2053324348628065E-018  -1.3833621668391497E-018  -6.4749967086166322E-018  -6.8994334899995778E-019  -1.0254459718118337E-017  -4.8499474183321908E-018   2.3413741024097152E-018   6.3502133379504321E-017  -6.6763523046483425E-019  -1.4301956371431381E-018   4.9451349773390366E-018  -5.7625054882148021E-018   6.6558277482534859E-017  -1.5345752373542986E-018   1.1446363562774711E-016   2.1593220672875247E-017   5.1632539543301600E-016  -3.9179143030370133E-005  -7.2671543228356139E-015  -3.2463924247719946E-014   1.0573758249027719E-002  -9.8255097782523037E-016   2.0460232631840112E-014  -8.4894797372716024E-015
  -5.6125866679421710E-019   1.9029299423770655E-018   4.3627963146917167E-018  -3.3582908956363175E-014   1.7061105853439665E-018  -5.7845145382888710E-018  -1.3262000953515766E-017  -2.7174576499376957E-014  -1.4459042902979748E-026   3.0913268787518721E-028   2.1670511421062326E-028  -1.6082588552224325E-026   2.5152094490622130E-028  -1.4949965825811941E-026  -2.2248503060508763E-014  -5.9958442034979774E-018   2.0328722101757390E-017   4.6607114584668495E-017   8.8219508858575098E-027  -5.0154724157338132E-028  -4.6838737246760676E-028   1.1671574060535707E-026  -5.0620681011544397E-028   1.0258150717610986E-026   9.4513603572999675E-029  -6.9063611646512298E-029  -1.1884434318431958E-028  -1.5177901060959010E-029  -3.6016451576190859E-029  -9.5044474062547948E-029  -4.1448449080335414E-029  -8.8930247231052319E-029  -3.0912847268572616E-029  -1.9275710777267723E-028   1.1941651334444845E-026   3.1325317186920579E-028   2.6458724761340856E-028   1.0114774145219994E-026   3.3364067647126105E-028   1.0837526009172757E-026  -4.7768697047409755E-027  -8.9139536520660790E-030   1.2000591220708482E-029  -2.8662667195995338E-027   1.5316696049359982E-030  -2.8582285430619152E-027  -2.0628204168190240E-029   8.8622730997129423E-030   1.2940507375175395E-029   1.2695388527551710E-029  -4.8978646250910199E-027  -3.1151378925080431E-030  -2.8829947498619172E-027  -4.0226655063490315E-030  -4.9515676044810473E-027  -1.0673215335920276E-028   7.6612580451524631E-029   5.4308210260542301E-029  -1.9485383147634804E-029   3.0531623570011007E-029   5.3828542984613768E-029  -3.6753821956604166E-029   2.5740515805333952E-029   1.5631430686759807E-029   1.1920640762483615E-028   4.1643317994860355E-018  -1.4119036624440526E-017  -3.2370335648453467E-017  -1.1238795521590872E-015   3.8104784439271443E-015   8.7361814762435584E-015  -1.8862050448313661E-014  -7.9681628499319700E-014   9.0331462263447991E-016
  -1.1765848843625839E-018   1.9656525347762288E-019  -3.3789985339860543E-019  -1.1590401938123391E-015   3.5765753733120913E-018  -5.9751782819989305E-019   1.0271458613871141E-018  -9.7360688849404148E-016  -1.3469923799079028E-028  -1.2590259356059547E-028  -1.1423504968369453E-028   4.6958595141379216E-029  -6.8076502161598037E-029  -7.6920542006260771E-029  -7.2052185203861822E-016  -1.2569284139252850E-017   2.0998778374668268E-018  -3.6097346873791010E-018  -5.0154724157338132E-028   1.7290800813764571E-028   1.7374554910107644E-028  -8.9055678320591724E-028   1.2025165260835003E-028  -6.0563019593366032E-028   3.6146858618167078E-029   1.1192020514550198E-030   8.7675132016160678E-030   3.8544022435000908E-029   8.5776012407871469E-030   5.5788570574383852E-029  -1.2172818567183680E-029  -2.6287926009452523E-030  -8.6093743682806608E-030   1.8192008703614896E-029  -1.0865072596832490E-027  -1.0095392266381712E-028  -9.3990494561951722E-029  -7.9103495495659430E-028  -8.0122746222990365E-029  -1.0065918449493049E-027   2.8681737486264113E-028   3.1916713207419831E-030   6.0684367083780610E-031   1.5496863043314702E-028   1.1601731674375673E-030   1.6074704761753098E-028   6.2965552681848797E-030  -5.9185029770901816E-031  -4.0077809237697296E-030  -1.5780720342774115E-030   2.7144812511399545E-028   1.5208476433122514E-030   1.5813440407344850E-028   1.3315954086801768E-030   2.8022360605167464E-028  -7.6029528606517433E-030  -6.2396676627438084E-030  -4.8544885096872855E-030  -1.4944696798157221E-029  -7.2777388844690416E-030  -3.9033197289894408E-029   1.0219680587797975E-029   4.6250272274098716E-030   7.8220485165854264E-030  -2.3540873754630517E-029   8.7298248362325574E-018  -1.4584415067582606E-018   2.5070919852527041E-018  -2.3560254318410296E-015   3.9360758607553788E-016  -6.7661981636246205E-016  -6.6455709434096383E-016   1.7280605340816523E-014  -5.2118457497790389E-015
