  0.11681865084814391       -1.0721056174550483E-017  -5.3009015906676312E-016   5.3701151065171186E-016   1.6639077648605549E-016   5.8991811340843291E-017  -7.7254719283485133E-017   7.2379934606758377E-017  -1.5105254276162962E-017   7.0042592375631273E-017  0.21180135682740087       -4.4786800169323120E-017   5.5164884159486180E-016  -2.6284218612658074E-016  -2.9585927017733945E-015   1.5881113873490554E-018  -1.1047713716772550E-016  -1.3344148038953435E-015   3.8522389711010141E-018  -1.3363263233100486E-015   6.1274594412045563E-018  -6.8276535855369613E-017  -2.5284001841526852E-017  -1.7280949034162771E-016   7.4133071227631514E-017   1.3848110818539670E-017   2.7932264479738761E-017   1.0851337518946761E-016  -1.5208202696721918E-018   9.8182579164170764E-017  0.17621917352151964        2.6317279798496919E-016  -9.8408288056146093E-018   6.1460711909038162E-016   4.9665158867292950E-018  -2.0898754734020566E-018  -1.2038254772829884E-018   7.5489881257452127E-018   1.5489412821726659E-018   9.9531730874652283E-018  -9.5169958364657000E-018   2.2276018553566251E-018  -4.6436202370285523E-018  -2.8164223121720568E-018   5.1837364240408510E-018   1.0252541521601399E-017   2.0525728037730013E-017  -2.7137983936726565E-018   2.6647251723133103E-017  -9.3834496211954405E-015  -3.9047863887129365E-017  -4.4077679184021790E-017  -4.3911334905179694E-015  -9.8157219662555050E-019  -4.3325962233939653E-015  -8.0182760944593991E-017  -6.8672386388729132E-017  -3.7539230659437284E-017  -1.3081289681968670E-016   5.1621295483587071E-017  -8.8350882353659076E-018  -1.0921054443854126E-018   4.3167453540170441E-017  -4.5053497024119098E-018   3.0570949960350198E-017  0.10082953477276554       -1.4460547853002207E-017  -8.2716155445103111E-017   2.1683388162893092E-016   1.1878480668232730E-015
  -1.0721056174550483E-017  0.11681865084814669       -6.9662543877950742E-016  -7.3866415262438492E-016   1.5705834718144244E-016   2.9953125079464871E-017  -2.4279257776957332E-018   1.9202401675436079E-016   1.2428764653049722E-017   1.6260074661565304E-016  -2.7627145754428284E-016  0.21180135682740286       -8.4885346021019265E-017  -5.9287348154771480E-016  -5.5189805118497515E-017  -7.7136453849263950E-016  -9.9188322800745143E-017   6.1286878931294104E-017   9.7898121962401900E-019   2.8684006038869759E-017  -1.4901134103909879E-015  -1.3003166531072340E-016  -7.7134488622653754E-016  -2.9278260339799352E-016   1.2836608294795615E-015  -1.8544166205066183E-016   2.4276156828287457E-016   2.3116755107121751E-016   1.1937337213148904E-016  -9.7963563830086271E-016   8.4084672307367747E-017  0.17621917352151806       -3.2437653610366698E-016  -2.4168380861927965E-016  -8.0007847319337181E-016   7.4667523887467065E-017  -1.0708007489229803E-016  -2.6527206484148165E-016  -2.3604043075889520E-017  -2.1193567133664068E-017   7.1181153830292833E-017  -4.8054927791788722E-017   2.7605085730016619E-017  -1.0075361693499274E-016  -1.1144532655043686E-016  -4.8982500425141451E-017   1.7019603182247161E-016  -5.5435952390685815E-017   7.1788671600591403E-016  -2.9043498911050308E-019  -3.5082045966863310E-015  -1.0941025738142029E-016  -3.6057226308505241E-017   9.6170758356400471E-020  -1.0250318697727480E-017  -7.4244426397123576E-015  -9.0970724656323423E-017  -3.4688280065581288E-015  -2.0727481497584211E-016  -2.3357616291256631E-016   4.0711974372048319E-017  -5.1487686084737070E-017   1.4090808409478302E-017  -3.1372643770691961E-017   2.8510194190402509E-016  -6.1089988408421687E-017  0.10082953477276782       -4.3792579644461550E-016  -1.7834111389924228E-016   2.3232293423053752E-015
  -5.3009015906676312E-016  -6.9662543877950742E-016  0.11681865084814379        8.4822761463245493E-016  -3.7422446148992532E-016  -3.2138406675589325E-017   6.3885274459346735E-017  -1.7884301000450199E-016  -2.1345799710848788E-017  -2.8900561133015698E-016  -9.5401659665360026E-016  -5.8341870831867409E-016  0.21180135682740300        1.5677494379954139E-015   1.4063745340840523E-016  -2.3761690989617964E-017  -1.6584133959499130E-015   3.5925672105047902E-017  -2.7443434583532707E-018   2.7975403082371623E-017  -6.4672732301173439E-017  -1.8163187106478474E-015  -1.0283372593064530E-017  -3.9368582849736640E-015   1.7913493167251330E-015  -1.6650785484481867E-016  -1.7551071166753332E-016  -5.6095916723163908E-016   1.0260820925899765E-016  -1.3496050986269416E-015  -1.0701482018488714E-015  -1.0128105259088617E-015  0.17621917352151820        6.2350948565705067E-016  -1.3135584918574007E-015   8.2926508821387547E-017   7.5478663499294435E-017  -3.6465024792930685E-016  -2.0008367591698907E-017  -2.1721897186105809E-016   8.6288764353241225E-017   2.6194196371503348E-017   2.7913170051487080E-017   7.8119603496031591E-017   1.8084680766161009E-016  -3.7931123427382750E-017   2.6375347903159279E-016  -3.5687129963959589E-017   7.0012439202938878E-016   1.6863727394674414E-016   4.1768644228767538E-017  -4.2459430337736904E-015   9.6983632822659764E-017  -2.3950256826717996E-018   7.5870691841612941E-017   1.3420157319162424E-016  -4.2037136638916867E-015   4.2815031803571270E-017  -9.1833203167356133E-015  -6.2282088976056215E-016   4.3410912653359307E-017   3.7006626307521383E-017  -8.9799623654411142E-017  -2.3500406499110534E-017   8.0406958823651483E-017  -3.0124387957291591E-016  -3.5797616234886618E-016  0.10082953477276554        1.2896636221771958E-015   3.4303255607501482E-015
   5.3701151065171186E-016  -7.3866415262438492E-016   8.4822761463245493E-016  0.14847735388015806        1.7428263342007009E-014  -8.8172039651560253E-018   1.4544815859903289E-016   1.7375113152903568E-014   6.4285230570574910E-017   1.7851966195317309E-014   1.4603854863765060E-015  -3.1365790639434201E-016   1.0553191947712123E-015  0.31921016230965915       -9.4367678205076222E-016  -1.4149179587139151E-016  -1.1932883541981713E-016  -2.1260992128614054E-016  -1.7551975128194483E-018  -2.3663166427279041E-016  -9.5013670519374761E-017  -1.1454915617808923E-016  -7.4963160725018219E-017  -1.1751862320865048E-016   3.9336590318348671E-015  -1.4778114362194177E-016  -2.6447428864646931E-016   4.2242329923800784E-015   2.4765770329264047E-016   2.5405275095974864E-015   6.7173759047927923E-016  -1.2334759812878825E-015   8.2986553242181898E-016  0.16252729364855700        4.8102465280488640E-015   5.5649002640789593E-017   9.5115869619507176E-017   3.4170665225157105E-015  -4.8745774387055853E-017   3.8303246673612534E-015   5.7575227111846908E-017   4.2087888539651492E-017   3.6386304923601143E-017   9.4231199809644275E-017   4.8765449769170472E-015  -1.1245000927919031E-016   3.5019765770695549E-015  -9.7030997513248131E-017   5.6004136991374736E-015  -2.5763434504248530E-016   9.5614540130256230E-017   3.3284606566590476E-017  -1.3495778694243906E-016   1.0199859890104957E-017  -1.1818256777391697E-016   7.4769436623758311E-017   5.1782288511509649E-017   1.1512942925517932E-017   3.3025354729525809E-017   6.0794859872439871E-017   3.9983667197935426E-017   5.3360777443331648E-017   7.0080534999448043E-017  -5.5282703579717041E-017   6.9495070909628287E-016  -2.2349093094930165E-017  -4.1518436267417682E-016   5.9432669359986196E-016  0.19888307324790044        1.8785026817257770E-003
   1.6639077648605549E-016   1.5705834718144244E-016  -3.7422446148992532E-016   1.7428263342007009E-014   2.4019751893422205E-027   2.3165707968610841E-029  -9.6401769432312747E-031   2.3667784125183756E-027  -4.8639265440437783E-030   2.4472368707970254E-027   3.0167950038322986E-016   2.8475907564916097E-016  -6.7849823744862997E-016   3.7356696989193735E-014  -1.3292240096725965E-028   7.6991988358440533E-031  -1.0909137417146350E-029  -2.7440793588181624E-029   8.0049257762990431E-030  -3.4570842550106032E-029  -2.5561289629187494E-029   9.2996616323085103E-030   5.9308336490071363E-030   2.9323281521140051E-029   1.0923151138835984E-027  -2.3438991017407011E-029  -2.0378183814454233E-029   1.1271850288835505E-027   3.2960456464997685E-029   8.8260558702761719E-028   2.5099797764393113E-016   2.3692014874359872E-016  -5.6451195794947571E-016   1.9546747921696636E-014   5.7032066531306156E-028   2.3843476073528474E-030   4.0451908734689014E-030   4.2542793091699707E-028  -2.8780368842881849E-030   4.8637048475196038E-028   1.1962410041990462E-029   3.6041487702412165E-030   7.1241660771064723E-030   4.1424384617421260E-030   6.1872294255347203E-028  -1.2053563925507343E-029   4.2122647148875655E-028   2.4032969652920400E-030   7.0265933706453071E-028  -2.6309918405043122E-029  -1.3731900896222911E-029   3.1247364315277283E-029  -2.9142501738710499E-029  -5.0640061674920220E-030  -2.6526341531719905E-029  -1.0143410307197357E-029   1.1139253391868552E-029  -8.3528969742339186E-030   2.8536200196790287E-029   2.9403638839709631E-028   7.9663184637077982E-030   4.8643963496420209E-030   2.9196058354631706E-028  -2.2486883818334927E-030   3.9514707068045515E-028   1.4361666105326686E-016   1.3556157311788099E-016  -3.2300388746720376E-016   2.3310964341413283E-014   2.6614137129997136E-014
   5.8991811340843291E-017   2.9953125079464871E-017  -3.2138406675589325E-017  -8.8172039651560253E-018   2.3165707968610841E-029   1.6676067240057405E-030  -1.2637602846171530E-030   2.1167028781188096E-029  -8.4566848163936844E-031   2.2794724337735143E-029   1.0695677096920266E-016   5.4307360057577271E-017  -5.8269446622955856E-017  -2.6539756206758574E-017  -2.6682187757831253E-030   1.0576616392846632E-030   2.5202149315606342E-031  -6.9267572056629509E-031   5.5711906713144901E-031  -9.8837296264201515E-031  -1.2088209003978769E-030   1.6014492236574747E-030   8.6290500530018036E-031   3.0333985302584618E-030   4.2536091330725102E-029  -4.1840270705997013E-031   7.9865735493240524E-031   4.2547924462588853E-029   2.6144177472968912E-031   3.9315559237559245E-029   8.8988257984029938E-017   4.5183837577026925E-017  -4.8480301917141358E-017   2.2076652541700572E-017   4.5814432814367125E-032  -2.7707022664189823E-031  -5.0961006411797283E-031   1.4226769650306079E-030   1.9304894128454190E-031   2.2715344952362882E-030   3.5126430211552914E-031  -1.0140737038436922E-031   1.9176894368946228E-031  -4.9572897156365614E-031   2.8146731072836128E-030   8.2445948796746657E-032   5.0035907810648596E-031   9.3005591922616967E-031   2.8176046921219727E-030  -3.5637676802317996E-030  -2.2918727994370607E-030   2.0588491546081229E-030  -2.6974954647664271E-030  -4.2415613494339130E-031  -2.6253132630398159E-030  -2.5530135097387752E-030   5.4203773496750256E-031  -1.2487419682932787E-030   2.1150018202929941E-030   1.9411754572989726E-029   2.1949225067130291E-031  -1.0889139477683263E-031   1.9203511190520730E-029   2.8430493728231752E-031   2.1213491026139795E-029   5.0917527721081706E-017   2.5853403072413365E-017  -2.7739582420364818E-017  -1.4103699322679898E-017   1.7842832912835813E-015
  -7.7254719283485133E-017  -2.4279257776957332E-018   6.3885274459346735E-017   1.4544815859903289E-016  -9.6401769432312747E-031  -1.2637602846171530E-030   1.1139357579383572E-030   5.6357734898142561E-031   6.8430140386242873E-031  -2.3539398595801025E-031  -1.4006885242008165E-016  -4.4020194571487373E-018   1.1582900259112429E-016   3.1830285513126581E-016   1.9804082233079031E-030  -1.0528831818514874E-030  -8.5256460389096138E-031   7.2012539155401678E-031  -4.1529650306376854E-031   9.0851641055596351E-031   5.2912981023555543E-031  -1.9170625764723351E-030  -8.3431205835289129E-031  -3.7040291999483752E-030  -2.6947046186991158E-029   7.8481192681516418E-032  -8.6513962116776987E-031  -2.7679498067528159E-029   9.4333048180870716E-032  -2.7338161736275911E-029  -1.1653757926437467E-016  -3.6624894296494262E-018   9.6369973319209142E-017   1.3576113871729832E-016   3.8794377910477340E-030   2.9854279290535556E-031   4.7386288496578197E-031   1.9736689295259907E-030  -1.9959679636883290E-031   1.8241053164115678E-030  -1.6135047062371962E-031   1.1458098525689468E-031  -9.2104766329483084E-032   4.6521485191571226E-031   2.5245249005422054E-030  -1.9040521884928177E-031   3.0204231023042075E-030  -7.9902870374671644E-031   3.5118268184153751E-030   5.1540394639254172E-030   1.2170610085809214E-030  -2.9549607054480532E-030   3.1596979004519273E-030   3.2251415080064665E-031   3.1022821285134348E-030   7.7339579684273136E-031  -1.7918727133688178E-030   3.7395714808938421E-031  -4.6844130244299308E-030  -1.4558589055390220E-029  -1.0048591868825963E-031   1.3475221118084527E-031  -1.4168650543201684E-029  -2.7392703024715126E-031  -1.4961702877053345E-029  -6.6680768420105694E-017  -2.0956125143564248E-018   5.5141216370835326E-017   1.9652041368051584E-016  -1.3170062521002837E-015
   7.2379934606758377E-017   1.9202401675436079E-016  -1.7884301000450199E-016   1.7375113152903568E-014   2.3667784125183756E-027   2.1167028781188096E-029   5.6357734898142561E-031   2.3342634025277312E-027  -3.9132177434649691E-030   2.4124343196857249E-027   1.3123048627498988E-016   3.4815457118138233E-016  -3.2425637432940012E-016   3.7251364925988110E-014  -1.2859778017291064E-028  -9.1193691742280857E-031  -1.3427654731263054E-029  -2.6168461055640904E-029   7.3453655572243550E-030  -3.2969769826070914E-029  -2.5081071489712793E-029   4.9488984183942364E-030   4.4737903370998490E-030   2.0351431349442806E-029   1.0436880977732288E-027  -2.3221741418356775E-029  -2.1302491477038627E-029   1.0746077162881803E-027   3.2756914303278630E-029   8.3276770518796303E-028   1.0918404007699673E-016   2.8966533411451649E-016  -2.6978198416341533E-016   1.9451186485016590E-014   5.6595481972410881E-028   2.8441356667434235E-030   4.6425319972542290E-030   4.2163665963225826E-028  -3.1261246819700059E-030   4.8174733288220119E-028   1.1685072023735184E-029   3.7115666631264973E-030   6.9378689557044531E-030   4.7315077285710912E-030   6.1349562487822561E-028  -1.2185334864624827E-029   4.1959203145033076E-028   1.2681478161697008E-030   6.9831324984813455E-028  -1.9805112678246052E-029  -1.3117921971982075E-029   2.3025694495827097E-029  -2.4876289206595712E-029  -4.5716006281650798E-030  -2.2377580233426414E-029  -1.1434844841274064E-029   4.7699490414310002E-030  -8.9071573159541548E-030   1.3550344252831894E-029   2.7014855161411714E-028   7.7754774785624322E-030   4.9890190244443820E-030   2.6918356356825072E-028  -2.6096062156838010E-030   3.7012964712181627E-028   6.2473201670164252E-017   1.6574144739702313E-016  -1.5436454166520355E-016   2.3242472316982497E-014   2.4511110452221440E-014
  -1.5105254276162962E-017   1.2428764653049722E-017  -2.1345799710848788E-017   6.4285230570574910E-017  -4.8639265440437783E-030  -8.4566848163936844E-031   6.8430140386242873E-031  -3.9132177434649691E-030   4.7376637028028529E-031  -4.5398458436035018E-030  -2.7387008219028595E-017   2.2534323056228219E-017  -3.8701605509896818E-017   1.4215204414645620E-016   5.5499467641932428E-031  -7.8420647733351463E-031   3.2279042461541968E-031   9.9842425307973871E-032  -2.8892999275444380E-031   2.3855193128762967E-031   2.5530505309768190E-031  -3.2770005024057387E-031  -6.6409947358246493E-031  -4.3589605999742019E-031  -2.0815835775589166E-029   1.6991397559033679E-031  -4.0274017555609469E-031  -2.0186425328342182E-029  -4.1466304460836229E-032  -1.9216333240471816E-029  -2.2786048332625422E-017   1.8748604089777144E-017  -3.2199817031710036E-017   5.3860250310679728E-017   2.1470462765957081E-030   1.5713688680453970E-031   2.5295683586012877E-031   6.8989312227019983E-031  -1.1897532692402309E-031   4.2520031227715563E-031  -1.7193194916537103E-031   4.9921835082882234E-032  -8.8242983051772149E-032   2.4582016798771464E-031   4.1126099623977417E-031  -8.6126190171382761E-032   1.1052933606500330E-030  -5.2494463657622525E-031   7.3330234360793529E-031   4.4350313473570287E-031   3.7080372765389096E-031   2.9366294605332128E-031   7.2304395620413734E-031   2.2546071712068380E-031   7.1311213234613603E-031  -4.7643609562839460E-031   1.0776714645740513E-030  -1.9644558852745907E-031   1.8382280030457655E-030  -9.9216009757580633E-030  -1.0368740750194061E-031   5.3558627449435325E-032  -9.9249501890448132E-030  -1.7061667547256292E-031  -1.0711654365014284E-029  -1.3037779072364096E-017   1.0727623959605651E-017  -1.8424173182715371E-017   8.7302194010492122E-017  -9.2760194214385826E-016
   7.0042592375631273E-017   1.6260074661565304E-016  -2.8900561133015698E-016   1.7851966195317309E-014   2.4472368707970254E-027   2.2794724337735143E-029  -2.3539398595801025E-031   2.4124343196857249E-027  -4.5398458436035018E-030   2.4938962566617267E-027   1.2699270187730392E-016   2.9480787960060977E-016  -5.2398979243523028E-016   3.8268899464345289E-014  -1.3287532958753900E-028   1.0045690914677042E-031  -1.2350970987689827E-029  -2.6911484496128945E-029   7.9007258040501946E-030  -3.4066624745638588E-029  -2.5810502716919376E-029   7.5005283750941542E-030   5.5126760223035231E-030   2.5887172812967978E-029   1.0975648884166199E-027  -2.3928983606747711E-029  -2.1384212526100833E-029   1.1315317657299765E-027   3.3702350110375592E-029   8.8207231954062507E-028   1.0565819456161336E-016   2.4528077472696353E-016  -4.3596060733398499E-016   2.0005158209764065E-014   5.8301782522244086E-028   2.6545841894905965E-030   4.4448563913292758E-030   4.3462439770509171E-028  -3.0663748542082227E-030   4.9671907040870713E-028   1.2138924634210856E-029   3.7529110098422008E-030   7.2200802678565782E-030   4.5408024091005331E-030   6.3222143805280891E-028  -1.2425251955115407E-029   4.3128005508880999E-028   1.9420904262856598E-030   7.1862985090219371E-028  -1.9387667553871481E-029  -1.3332715593330984E-029   2.8116019014081496E-029  -2.5760170678386513E-029  -4.9638979981797162E-030  -2.3163892111321914E-029  -1.0021924839092057E-029   8.3666912625351421E-030  -8.3667620842613853E-030   2.2078574744724433E-029   2.9042924227226093E-028   8.0826274534228508E-030   5.0560081219407606E-030   2.8880791552040434E-028  -2.4697230171245217E-030   3.9358022904842806E-028   6.0455774418105945E-017   1.4034537735135812E-016  -2.4944904880835649E-016   2.3878896924791707E-014   2.6316576642447169E-014
  0.21180135682740087       -2.7627145754428284E-016  -9.5401659665360026E-016   1.4603854863765060E-015   3.0167950038322986E-016   1.0695677096920266E-016  -1.4006885242008165E-016   1.3123048627498988E-016  -2.7387008219028595E-017   1.2699270187730392E-016  0.38401243661204931       -5.4686092705162478E-016   1.0130141354130035E-015   5.8868707049975092E-016  -5.3641601232822924E-015   2.8793702391804762E-018  -2.0030369620471364E-016  -2.4193984777568118E-015   6.9844107510114061E-018  -2.4228642120611966E-015   1.1109563533991164E-017  -1.2379070318523622E-016  -4.5841874197155350E-017  -3.1331713096556896E-016   1.3440906017819285E-016   2.5107708739726710E-017   5.0643381627139611E-017   1.9674324204373799E-016  -2.7573661762788318E-018   1.7801270030765219E-016  0.31949915343037938        8.9723653481630138E-017  -7.1658987782550254E-018   1.5684812193540903E-015   9.0046820082138315E-018  -3.7891077978822128E-018  -2.1826298080019749E-018   1.3686906295349427E-017   2.8083517728392720E-018   1.8045881795058969E-017  -1.7255058301474025E-017   4.0388165075552838E-018  -8.4192469237843539E-018  -5.1063940799338102E-018   9.3985198431684531E-018   1.8588660196283130E-017   3.7214751383439760E-017  -4.9203288838129448E-018   4.8313552927594138E-017  -1.7012928561161627E-014  -7.0796833317783014E-017  -7.9916282110762733E-017  -7.9614686914244893E-015  -1.7796672154643410E-018  -7.8553360446954242E-015  -1.4537762111554011E-016  -1.2450841118354938E-016  -6.8061563202438930E-017  -2.3717402003682332E-016   9.3593448864763500E-017  -1.6018706451017867E-017  -1.9800726445646977E-018   7.8265971779382439E-017  -8.1685516227482310E-018   5.5427524920792089E-017  0.18281183799073683       -2.4789834496624873E-016  -1.4386176985294899E-016   1.0508039989066480E-015  -2.2634576927431868E-015
  -4.4786800169323120E-017  0.21180135682740286       -5.8341870831867409E-016  -3.1365790639434201E-016   2.8475907564916097E-016   5.4307360057577271E-017  -4.4020194571487373E-018   3.4815457118138233E-016   2.2534323056228219E-017   2.9480787960060977E-016  -5.4686092705162478E-016  0.38401243661204743        1.0782963658175159E-015   1.1632894247024651E-015  -1.0006343612316384E-016  -1.3985442793176821E-015  -1.7983619223562268E-016   1.1111790813470693E-016   1.7749695713757249E-018   5.2006347909080017E-017  -2.7016922371221391E-015  -2.3575758616781529E-016  -1.3985086482211486E-015  -5.3083777466123726E-016   2.3273775498688385E-015  -3.3622024693398527E-016   4.4014572308918339E-016   4.1912486247575762E-016   2.1643326645997732E-016  -1.7761560836577011E-015   1.1421398079291009E-016  0.31949915343037194        4.3707305734810647E-016   5.4517405822002786E-016  -1.4506048902330611E-015   1.3537806467963651E-016  -1.9414455642746440E-016  -4.8095901513933878E-016  -4.2795977472678786E-017  -3.8425595932930807E-017   1.2905700290438861E-016  -8.7127345116955724E-017   5.0050180947171952E-017  -1.8267419300912132E-016  -2.0205909933111987E-016  -8.8809106897920855E-017   3.0857872612739426E-016  -1.0050972039242156E-016   1.3015848016946744E-015  -5.2658136622544526E-019  -6.3606495042660736E-015  -1.9836935965256586E-016  -6.5374573324778265E-017   1.7436511172952818E-019  -1.8584630042627639E-017  -1.3461095581581516E-014  -1.6493704364750916E-016  -6.2892566645453824E-015  -3.7580546196433659E-016  -4.2349186425495481E-016   7.3813995868957016E-017  -9.3351204567721649E-017   2.5547738466798095E-017  -5.6881058543751792E-017   5.1691213424373883E-016  -1.3264010979015082E-016  0.18281183799073836       -2.0739614593989511E-016   1.0604926914389011E-015  -3.6080159127758901E-015
   5.5164884159486180E-016  -8.4885346021019265E-017  0.21180135682740300        1.0553191947712123E-015  -6.7849823744862997E-016  -5.8269446622955856E-017   1.1582900259112429E-016  -3.2425637432940012E-016  -3.8701605509896818E-017  -5.2398979243523028E-016   1.0130141354130035E-015   1.0782963658175159E-015  0.38401243661205747        1.8479502874562560E-015   2.5498671005342129E-016  -4.3081805478634357E-017  -3.0068332829792667E-015   6.5136055257777315E-017  -4.9757094766963367E-018   5.0721595289955283E-017  -1.1725672528893742E-016  -3.2931279770239444E-015  -1.8644559341861548E-017  -7.1378321898148866E-015   3.2478565116062105E-015  -3.0189177261083815E-016  -3.1821465664116890E-016  -1.0170628737949377E-015   1.8603671404266164E-016  -2.4469396709775244E-015   3.4168631461462174E-016  -5.9081586016107500E-017  0.31949915343038038        4.2231946402703244E-016  -2.3815843517078100E-015   1.5035225075627393E-016   1.3684872427991833E-016  -6.6113943893494265E-016  -3.6276736403438238E-017  -3.9383499667904012E-016   1.5644828318325629E-016   4.7492128116595052E-017   5.0608761934291900E-017   1.4163695518780483E-016   3.2788941630922752E-016  -6.8772095462315149E-017   4.7820570021354092E-016  -6.4703559686447644E-017   1.2693803181526649E-015   3.0575257610199931E-016   7.5729821019682489E-017  -7.6982270299812995E-015   1.7583891675470464E-016  -4.3423690099409260E-018   1.3755950234667939E-016   2.4331795551464521E-016  -7.6216618772934582E-015   7.7627003588570956E-017  -1.6650078469008150E-014  -1.1292230183622817E-015   7.8707382206026784E-017   6.7095909828017086E-017  -1.6281374587463217E-016  -4.2608076247838569E-017   1.4578410941707259E-016   7.5951242092127569E-016   3.6785727019368066E-016  0.18281183799073888        1.7048503093033153E-015  -3.9043951029762754E-015
  -2.6284218612658074E-016  -5.9287348154771480E-016   1.5677494379954139E-015  0.31921016230965915        3.7356696989193735E-014  -2.6539756206758574E-017   3.1830285513126581E-016   3.7251364925988110E-014   1.4215204414645620E-016   3.8268899464345289E-014   5.8868707049975092E-016   1.1632894247024651E-015   1.8479502874562560E-015  0.68630261628133105       -2.0232934441875190E-015  -3.0999265053681896E-016  -2.5593529263977627E-016  -4.5691381286581804E-016  -6.3659941060876551E-018  -5.0720107801594406E-016  -2.0027651469669596E-016  -2.5170893899761273E-016  -1.6615134586014620E-016  -2.6250488796036141E-016   8.2562253374157064E-015  -3.1569000108483566E-016  -5.7167126910462606E-016   8.8826382287570651E-015   5.3115254238123590E-016   5.2779850517697287E-015  -6.9878069679364858E-016  -1.1549890223026592E-015   1.4145678453263934E-015  0.34926754576841235        1.0340698665215078E-014   1.2089817027906032E-016   2.0661837850392757E-016   7.3388840588885825E-015  -1.0568676373168636E-016   8.2233661464181676E-015   1.2207271697115508E-016   9.0861072242852351E-017   7.7305399339520533E-017   2.0465210980855978E-016   1.0469161954212856E-014  -2.4209552898318817E-016   7.5254676357159150E-015  -2.1295792348038062E-016   1.2025563375731943E-014  -5.5952839939845632E-016   2.1190315967608708E-016   6.7145808352045441E-017  -2.8802905113799491E-016   2.3911297137518359E-017  -2.5211010602783049E-016   1.6340145400778124E-016   1.1391561063016067E-016   2.6285802998897215E-017   7.2359205152799364E-017   4.0499673458322904E-017   8.4894488827634516E-017   1.1510256226918440E-016   6.1025688899689958E-017  -1.2018475943021843E-016   1.3949263840248500E-015  -1.2615232515742025E-015  -2.1720155324248340E-017   1.0696861726584659E-015  0.42758770682735137       -4.3107593737322526E-003
  -2.9585927017733945E-015  -5.5189805118497515E-017   1.4063745340840523E-016  -9.4367678205076222E-016  -1.3292240096725965E-028  -2.6682187757831253E-030   1.9804082233079031E-030  -1.2859778017291064E-028   5.5499467641932428E-031  -1.3287532958753900E-028  -5.3641601232822924E-015  -1.0006343612316384E-016   2.5498671005342129E-016  -2.0232934441875190E-015   8.1978798275573410E-029   2.9432399342344190E-031   1.7012109660717327E-030   3.5188541566386528E-029  -4.9265924048752751E-031   3.5606112790797476E-029   1.6946606007789548E-030  -5.1265532750380148E-031   6.9433705771839270E-031  -1.0073064080377879E-030  -5.6489158372034440E-029   7.8981029209524682E-031   1.6929209670603406E-031  -6.1275829523847584E-029  -1.6678178052606261E-030  -4.8341488786049042E-029  -4.4629924837176907E-015  -8.3252988920736063E-017   2.1214947806591829E-016  -1.0560220451825485E-015  -3.2027114869509009E-029  -4.0762130014857526E-032  -1.0196237464757630E-031  -2.3377334888526794E-029   1.1968547719362156E-031  -2.6620165233368689E-029  -3.1977399931423291E-031  -2.1119599473454752E-031  -2.3610676428324037E-031  -6.5294285849158894E-032  -3.3164755758868504E-029   3.7969260630929089E-031  -2.3068235313293631E-029  -6.9616344056983515E-033  -3.8050479212948481E-029   2.3861334191083699E-028   3.0735816592056091E-030  -4.8402343986108451E-030   1.1253145897805712E-028   2.6491740231812633E-031   1.1088203529190305E-028   5.6369279272324043E-030  -3.2057537873644888E-030   2.8061053838541808E-030  -7.6438438760686837E-030  -1.6337123178805649E-029  -1.6283793148329419E-031  -1.8319582467241982E-031  -1.5569962869910888E-029   2.4505299522673355E-031  -2.0620760392882349E-029  -2.5536463872510992E-015  -4.7635906885548561E-017   1.2138822778589321E-016  -1.2623743315198256E-015  -1.3081666720274809E-015
   1.5881113873490554E-018  -7.7136453849263950E-016  -2.3761690989617964E-017  -1.4149179587139151E-016   7.6991988358440533E-031   1.0576616392846632E-030  -1.0528831818514874E-030  -9.1193691742280857E-031  -7.8420647733351463E-031   1.0045690914677042E-031   2.8793702391804762E-018  -1.3985442793176821E-015  -4.3081805478634357E-017  -3.0999265053681896E-016   2.9432399342344190E-031   6.1813128298930030E-030   1.0049872640326731E-030  -2.5603245916502328E-031   4.1961370846844549E-031  -2.3807588705444972E-031   9.2904840076201062E-030   2.2256814193912413E-030   5.9819449397272487E-030   4.4542930368991221E-030   2.0222369611036932E-029   1.0686136470011840E-030  -8.1133101570275466E-031   2.7094511102436021E-029  -8.3514181706788644E-031   3.4380959934617626E-029   2.3956420837507786E-018  -1.1635917763994323E-015  -3.5844152601181492E-017  -1.3061229225653689E-016   1.0984293663251063E-030  -7.6874933363944700E-031   2.5292574719468464E-031  -2.1463847621216777E-031   3.5166969971395419E-031  -1.5998071570376096E-030  -2.6339782974193654E-031   2.1032867803659659E-031  -7.2106875746981536E-032   2.2195059831719934E-031  -1.5156304567144796E-030   4.9406887118199388E-031  -3.9584278200529035E-030   1.1771259771811388E-030  -7.8134797477436725E-030   1.0079500841107781E-030   2.2028093590973325E-029   2.2750839686806293E-030  -5.8546107637013042E-032  -3.3399222533460073E-031  -2.1598866789407342E-031   4.8490595276777094E-029   9.8219832278007908E-031   2.2634008559814184E-029   2.9813163815435799E-030   1.6357108308129329E-029  -1.4161216630667036E-031   2.1902691119754153E-031   1.4512352008544228E-029   4.8245456371081650E-031   1.3645893356496662E-029   1.3707445788069745E-018  -6.6578690125026189E-016  -2.0509398375198049E-017  -1.9128005779017158E-016   1.3630665942472645E-015
  -1.1047713716772550E-016  -9.9188322800745143E-017  -1.6584133959499130E-015  -1.1932883541981713E-016  -1.0909137417146350E-029   2.5202149315606342E-031  -8.5256460389096138E-031  -1.3427654731263054E-029   3.2279042461541968E-031  -1.2350970987689827E-029  -2.0030369620471364E-016  -1.7983619223562268E-016  -3.0068332829792667E-015  -2.5593529263977627E-016   1.7012109660717327E-030   1.0049872640326731E-030   2.3838672794145997E-029   8.7378328223043436E-031  -8.5768930215351986E-033   1.0587215663530115E-030   2.3224059066045147E-030   2.5959034504789698E-029   7.9950031197001989E-031   5.6226976923893786E-029  -3.3195448375549940E-029   2.6616628584388184E-030   2.4188066176235649E-030   8.5599637997233587E-031  -1.7776692460783123E-030   1.4702551542555289E-029  -1.6665309574604651E-016  -1.4962408947569391E-016  -2.5016916037765709E-015  -1.3316728031756402E-016   1.5442756198773939E-029  -1.2618155738586445E-030  -1.0193840325549710E-030   2.5210228597288234E-030   3.2655704837041993E-031  -1.8186672026737120E-031  -1.3520026351165136E-030  -3.6053299156651298E-031  -4.6036184558789315E-031  -1.0611151521936308E-030  -6.6521119003946512E-030   6.5492002870080152E-031  -6.7811181018980122E-030   5.5959636889901337E-031  -1.5327467545550163E-029   6.5905202881544496E-030   2.4546601356021327E-030   6.0309575362907693E-029   2.9513036690499987E-030   6.0662424802100150E-032   3.1577756923946324E-030   4.4600417506897986E-030   5.9822915936536727E-029   2.3900556608345667E-030   1.3066726722174508E-028   7.3951287937690760E-030  -6.9291599967664458E-031  -5.1693405895415334E-031  -3.7199765522740701E-031   3.8608522854808259E-031  -3.6717325773825824E-030  -9.5355992067819217E-017  -8.5612291960905812E-017  -1.4314242628253139E-015  -1.5965502414861294E-016  -1.4473826369500935E-016
  -1.3344148038953435E-015   6.1286878931294104E-017   3.5925672105047902E-017  -2.1260992128614054E-016  -2.7440793588181624E-029  -6.9267572056629509E-031   7.2012539155401678E-031  -2.6168461055640904E-029   9.9842425307973871E-032  -2.6911484496128945E-029  -2.4193984777568118E-015   1.1111790813470693E-016   6.5136055257777315E-017  -4.5691381286581804E-016   3.5188541566386528E-029  -2.5603245916502328E-031   8.7378328223043436E-031   1.5591469369635493E-029  -5.4562177897723346E-032   1.5634821124127427E-029  -7.1596975544090174E-031   2.9041008460158619E-031  -3.6192178040693415E-032   7.2953328147053917E-031  -6.2416411288513990E-030  -8.5124818979263387E-032   1.1788751578950954E-031  -8.3176291513645450E-030  -2.4938803756458960E-031  -6.5920657817695529E-030  -2.0129446126115255E-015   9.2450332841324453E-017   5.4193334716605081E-017  -2.3345813891485338E-016  -7.7723755238000558E-030   1.5049359615083107E-032  -1.4494780569430681E-031  -5.2671130941210928E-030   2.9203222255332215E-032  -5.7324933570309986E-030   8.1755981481644096E-032  -1.0101723552483135E-031   1.9480507930766755E-032  -1.2144527302589523E-031  -7.1180866704230007E-030   4.8716721356871573E-033  -5.0953791532616412E-030   1.0849565698394433E-031  -7.8042083709984980E-030   1.0757966580988083E-028  -1.4873751563356969E-030  -9.2902015850280092E-031   5.0374299893500160E-029   5.6650499960833991E-033   4.9687938906156735E-029  -3.0319242959195268E-030  -6.1749127556973310E-031  -1.3868299056470350E-030  -1.4792678388457597E-030  -1.4341127504429246E-030   7.3138799889417176E-032  -7.7684633951002114E-032  -1.0542190934832541E-030   1.0038842172904458E-031  -1.6572772987629275E-030  -1.1517717666981287E-015   5.2898466515848768E-017   3.1008480053919401E-017  -2.8473490163644462E-016  -4.3723572202444892E-017
   3.8522389711010141E-018   9.7898121962401900E-019  -2.7443434583532707E-018  -1.7551975128194483E-018   8.0049257762990431E-030   5.5711906713144901E-031  -4.1529650306376854E-031   7.3453655572243550E-030  -2.8892999275444380E-031   7.9007258040501946E-030   6.9844107510114061E-018   1.7749695713757249E-018  -4.9757094766963367E-018  -6.3659941060876551E-018  -4.9265924048752751E-031   4.1961370846844549E-031  -8.5768930215351986E-033  -5.4562177897723346E-032   1.8962803715512787E-031  -1.5355995198762083E-031  -3.0133642675101560E-031   4.3817830856125922E-031   3.5830214186467515E-031   8.0555146505091790E-031   1.4588670050504131E-029  -1.4326632475563346E-031   2.3525132929512048E-031   1.4507842979204359E-029   8.9463209128462809E-032   1.3430359681937333E-029   5.8110444074319529E-018   1.4767784096353277E-018  -4.1398007302702746E-018   8.9250551044125856E-018   2.6500913945968559E-032  -9.4021389078504067E-032  -1.5942247175437062E-031   5.0956530822037403E-031   6.5823931321197537E-032   7.9397045223693658E-031   1.2234304196351288E-031  -2.8962905856985564E-032   6.6294683276966899E-032  -1.5477467402143127E-031   1.0244209444075305E-030   2.7005712500984194E-032   2.0299372753101775E-031   3.1937413408216286E-031   9.9945802288223440E-031   1.0189473301674783E-031  -4.9616442687865839E-031   4.1935664647040381E-031  -3.0034655911834709E-031  -1.4495156247511420E-031  -2.8723910649422430E-031  -2.6289490041701272E-031  -9.4058644873141336E-032  -1.4353978255375372E-031   1.1006091485221156E-031   6.6038216063523968E-030   7.6442238308165749E-032  -2.9927132234634491E-032   6.5518670373163068E-030   9.8179489268396095E-032   7.2365650187108794E-030   3.3249781646123123E-018   8.4498682538439874E-019  -2.3687217079938298E-018  -3.1349916984206229E-018   6.0997632311940922E-016
  -1.3363263233100486E-015   2.8684006038869759E-017   2.7975403082371623E-017  -2.3663166427279041E-016  -3.4570842550106032E-029  -9.8837296264201515E-031   9.0851641055596351E-031  -3.2969769826070914E-029   2.3855193128762967E-031  -3.4066624745638588E-029  -2.4228642120611966E-015   5.2006347909080017E-017   5.0721595289955283E-017  -5.0720107801594406E-016   3.5606112790797476E-029  -2.3807588705444972E-031   1.0587215663530115E-030   1.5634821124127427E-029  -1.5355995198762083E-031   1.5743614659648206E-029  -1.2775480874705888E-031   2.6192108002469862E-031   1.5660937134156515E-033   7.2427114612680462E-031  -1.5034319852964884E-029   7.9014542884566357E-032  -1.3373386272154666E-032  -1.6638646562510530E-029  -3.7884989057431910E-031  -1.3670358225538584E-029  -2.0158281108284974E-015   4.3269390638880862E-017   4.2200473762656239E-017  -2.6542974778756130E-016  -8.2689075882133800E-030   2.7734120249385887E-032  -5.4136860373025120E-032  -6.0056107613928576E-030   1.1033502671604508E-032  -6.7681533627429115E-030  -1.8442861899938694E-032  -8.1830197158373819E-032  -3.1159059608573097E-032  -3.4869842822481094E-032  -8.4572952732226417E-030   2.6138807420963742E-032  -5.8577923517377183E-030  -2.4266308757759775E-032  -9.5214693562947998E-030   1.0754773405198090E-028  -2.8342817285876277E-031  -7.8290860720678752E-031   5.0552342731582180E-029   7.9981719683970828E-032   4.9850963418280445E-029  -8.7822431301627259E-031  -2.1425590445639865E-031  -3.6421253124727544E-031  -7.4769948697440136E-031  -4.7863815848297855E-030   1.1734396971425769E-032  -5.9815277181458630E-032  -4.4917275214176388E-030   6.8791696039017122E-032  -5.6462409259674399E-030  -1.1534216540396997E-015   2.4757989955543277E-017   2.4146374379400190E-017  -3.1650135244296671E-016  -3.6328889146963040E-016
   6.1274594412045563E-018  -1.4901134103909879E-015  -6.4672732301173439E-017  -9.5013670519374761E-017  -2.5561289629187494E-029  -1.2088209003978769E-030   5.2912981023555543E-031  -2.5081071489712793E-029   2.5530505309768190E-031  -2.5810502716919376E-029   1.1109563533991164E-017  -2.7016922371221391E-015  -1.1725672528893742E-016  -2.0027651469669596E-016   1.6946606007789548E-030   9.2904840076201062E-030   2.3224059066045147E-030  -7.1596975544090174E-031  -3.0133642675101560E-031  -1.2775480874705888E-031   1.9553706804682042E-029   2.1217653935079071E-030   9.3301473809730794E-030   4.8717621358433168E-030  -4.2462236425052330E-029   2.7805885173836799E-030  -3.1753186438009643E-030  -2.7726271551323662E-029  -1.8826009518105854E-030  -9.0656358742819538E-030   9.2431801829242753E-018  -2.2478136130314373E-015  -9.7557841601053674E-017  -1.2070820070119489E-016   7.7639874995822409E-030  -8.9243281798429385E-031   1.5027842009642023E-030   5.6257355467725781E-031   2.4345420009117352E-031  -3.3443630126877934E-030  -1.1852315937303154E-030   6.1404343630592597E-031  -4.9475321768393194E-031   1.4138673052735309E-030  -3.4730104970913541E-030   6.8002465726962015E-031  -4.9395850800214677E-030   2.9919437958884690E-031  -1.4783091563284570E-029  -1.0518461154703147E-030   4.5377136687411464E-029   3.2261615476401628E-030   5.0030609976572498E-031   2.1660268372461783E-031   1.5872130770997603E-031   9.4876991595932433E-029   3.7422441100986133E-030   4.4387201166655236E-029   7.8528209853135453E-030  -6.8609940385090505E-030  -6.8934095831680608E-031   6.4513277814023601E-031  -1.0258329696477547E-029   2.9835668419753948E-031  -1.5279177094570552E-029   5.2887863394263400E-018  -1.2861597085528170E-015  -5.5820893864694064E-017  -1.2606203367477196E-016  -9.4061799355516679E-016
