  0.12204627564071127       -4.3825957617212624E-016  -2.7563010589414117E-008   3.6364617255981154E-008  -1.9263262093418742E-009   1.2679354184778085E-017   2.7732133289840906E-009   1.7420681136035580E-009  -1.0109950079053193E-017   1.8425554218644963E-010  0.17162865613061903        1.2361499159491379E-016  -1.4515533273079237E-008  -9.8803174998631348E-009  -7.6462039752109183E-013  -1.8665582428994146E-017  -2.1396433307186250E-010  -1.2918088882878259E-010   2.0738591268554773E-017   1.3019186127504321E-010  -5.5939786580205728E-017   1.0543613264372911E-010  -1.8824013520061534E-017   8.0892221354042867E-011  -2.7005242810732401E-009   2.6934184823873942E-018   8.5608602702502537E-010   9.4382829577845222E-010   1.2078305589417285E-017   1.7566953702880206E-009   8.8758203791321226E-009  0.13745726618700821       -3.8833373060661896E-016  -1.1038129833890489E-008  -3.9214132588155669E-012  -1.3082389350282343E-017   3.0493199983663004E-011   1.8026673379020761E-011  -3.1827403885985789E-019  -1.1140710147348126E-011  -1.4421647318708841E-017  -1.3747401952181331E-011  -3.3304671360251387E-018  -2.0246497553066068E-011  -9.7701381641715114E-012  -5.6474659162808659E-018  -8.6393267510890114E-013  -3.3752942134087410E-018   6.8326951990025872E-012   1.1010244066217548E-010  -2.5915411895158199E-018  -1.8828193674706923E-010  -1.1529280186858348E-010  -6.6283694411211981E-018  -3.2436914605879046E-011  -6.2032345486618398E-018   4.6562984858838361E-011  -1.2582523568440701E-018   1.0563096875048311E-010  -7.0937504012693667E-010  -1.5996374857195731E-017   4.1992370813061536E-010   3.4432492811742176E-010  -3.5556278623834238E-018   3.6504814617838946E-010   7.4255891146930084E-002  -7.5751198777921428E-017  -5.7138265753558312E-009   7.9015806323486437E-009   1.2383442128934319E-009
  -4.3825957617212624E-016  0.12204623723429436       -3.7963170981347503E-017  -7.4117785081195159E-016  -8.7483665764147409E-017  -3.7169113363194023E-010  -2.0656804902821321E-017  -5.1362445711888007E-017   2.6675055983371803E-010  -2.8221078994412651E-018   4.6807670026133286E-016  0.17162863590467883        6.0733269558423971E-016  -9.5361991824160273E-016  -3.3917776483657546E-016  -4.0817346955617787E-011  -1.2380350259529553E-016  -2.4230439557940824E-016   4.8509002135357543E-011  -2.3994900372735872E-016   3.9622379618928650E-011  -1.2378312282319320E-016  -1.2429204312516518E-011  -2.7766712928105259E-016   1.6723092424957189E-016  -3.0152651404296702E-009   4.5096018732444089E-017  -1.1477597017579207E-017   2.1639568246207462E-009   4.4540828842077371E-017  -5.0678510155657077E-016  -2.4561562785582930E-016  0.13745725080642154        4.2397274016638449E-016  -1.6677159781054028E-016  -9.9830931571275450E-012  -1.5976273508972285E-017  -6.6573062163764118E-017   2.1476849149841858E-011  -7.3024896127009468E-017   1.8483578078646602E-011  -8.8077388971600225E-018  -1.1404555253568271E-011  -2.4180575984124395E-017  -7.8131467848716586E-017  -1.3265084852109622E-011  -4.9054543465744775E-017  -2.7429095160078886E-012  -1.0530139871825186E-016  -2.5630611426763985E-016   1.1594812296316852E-010  -9.5703057232023740E-017  -9.1876181446413335E-017  -1.3786325455613711E-010  -9.1160511847251724E-017  -1.1273077916099729E-010  -9.6365386144598390E-017   3.5269643230273284E-011  -2.1923358822578473E-016  -1.6402837399155263E-016  -6.3158424275096787E-010  -9.3757309538784988E-018  -1.4798337354445948E-016   4.5326724988016472E-010  -1.3323072240915031E-016  -2.7231433582611140E-016   7.4255883185256111E-002  -4.3345676363856381E-017  -3.1172049186442865E-016  -4.8731443267676521E-015
  -2.7563010589414117E-008  -3.7963170981347503E-017  0.12204625701537179       -2.6097690854647347E-008   9.2043541503144375E-010  -5.1187927486264554E-017  -2.1704969888081154E-009  -1.2502250340957661E-009  -5.0595399951178626E-017   3.2979136478020429E-010  -1.4515530755511957E-008  -1.6894029543234329E-015  0.17162864632195229        7.0907793729721982E-009  -6.4930017773579974E-011   2.9743164164203048E-016   1.7304855423213515E-010   1.0543587196484010E-010  -1.0423173731335921E-017  -1.8324155886089458E-011   6.9631037201270356E-016  -5.7936626861662444E-011   3.2231557966103740E-016  -8.5821168316591472E-011  -1.8100055109872230E-009   9.8900933468183775E-017  -2.0766497452499263E-009  -6.7735405217845613E-010  -4.2058675253004277E-016   2.4873606988168321E-009  -6.3698852121101160E-009  -1.1038128657309570E-008  -1.8985807675707123E-016  0.13745725872814180       -1.6141371578970347E-011  -2.8803824574071098E-017   2.5981295530221130E-012  -2.6622192453049187E-012   7.9823362184034750E-017   3.1017973078269600E-011  -2.8719770299375961E-017   1.3874797918983369E-011  -1.1614875663298069E-017  -1.2939418732554985E-011   7.0112337358650157E-012   1.7121364251965086E-016  -9.6552322314024655E-012   1.7485800998347392E-016  -1.2160827324893051E-011   1.0705535632638633E-010   1.0152703616278694E-016   7.9703837888512389E-011   4.6562881392433250E-011   4.0868920729305230E-018  -1.9019337924536613E-010   2.0795939404670076E-016  -8.3830407104358559E-011   9.0290812883742877E-017   3.0602485275579312E-012  -2.7598688568625703E-010  -2.7141196836551735E-017  -6.0765458875421165E-010  -2.4711091577837326E-010   7.1784984496432177E-017   5.2309870708486541E-010  -5.7138261245468203E-009  -3.4355014488298554E-017   7.4255887285885724E-002  -5.6707054557362464E-009  -8.8871914061435376E-010
   3.6364617255981154E-008  -7.4117785081195159E-016  -2.6097690854647347E-008  0.13654917501668326       -2.0585868095362243E-009  -1.8253112550070286E-016   3.4464102441599609E-009   2.1002768166186387E-009  -1.4807017246920886E-016  -4.1729514052698092E-011   2.5059392580096091E-008   1.5219803493042232E-017  -1.7984303166690110E-008  0.30845173684192229       -1.1153608297730018E-010   1.6077634757894305E-016   8.2280140494012478E-010   4.9842713155593060E-010  -1.5889985104820488E-017  -3.4878367866936388E-010   3.6603752277129151E-016  -3.5770482011722171E-010   1.3097356478495825E-016  -3.4666437321890697E-010  -5.4352344160255013E-011   3.9814642931548121E-016   9.1056686934542148E-011   5.5464019266625516E-011   2.1554308402700004E-016  -1.0978167948865597E-012  0.15839029416773859        1.9240342200000710E-008  -5.5665793965705616E-016  -1.3808160118843131E-008  -1.0215711508618570E-011  -1.3974127002468757E-016  -3.8028780027249840E-011  -2.6492104433094663E-011   1.2557295485322778E-017   4.4352736537456096E-011  -1.0633487954624662E-016   3.1488137072642869E-011  -5.3635352025122079E-017   1.4558972269373277E-011   1.9668617979706499E-011  -5.8132565975510118E-017  -8.0596014751948715E-012  -3.8486196167331394E-017  -2.0685255229229709E-011   2.9934750820115730E-011   4.9480635874320834E-017  -2.2082924298387679E-010  -1.3377108285354419E-010  -4.1744418323454435E-018   9.3608680696179981E-011   1.4185902718098300E-016   9.6002467177908378E-011   9.3815851027456986E-017   9.3038498062467344E-011  -1.3089340592135365E-010  -7.4641882036884745E-017   2.1909257567820278E-010   1.3350336866511281E-010  -5.7618182888101416E-017  -2.6724565314405863E-012   1.2365551081904965E-008   1.3366077919969035E-016  -8.8743508172367730E-009  0.18974666069576440        2.3605931548805032E-003
  -1.9263262093418742E-009  -8.7483665764147409E-017   9.2043541503144375E-010  -2.0585868095362243E-009   6.8383642992384074E-017   2.3929240953148121E-024  -1.1210259676900442E-016  -6.8591132364514571E-017   1.7682693937873277E-024   2.0813693276564834E-019  -2.7089127181022405E-009  -1.2302474319774477E-016   1.2943699137720658E-009  -4.6504698829897217E-009   1.2038560532887630E-018   1.4024837176615958E-025  -7.7219982310781257E-018  -4.6799714486570771E-018  -1.9406115749959960E-025   3.0650242840946137E-018   3.8376292365645525E-025   3.2915043867981264E-018   7.4505649581512054E-025   3.3021573883671200E-018   2.9788689826395967E-017  -3.1678225140807316E-024  -3.0539381434753806E-017  -2.0837327698525059E-017  -8.1042202931540605E-024  -8.9515582085904094E-018  -2.3866605761807278E-009  -2.1695662137776795E-009  -9.8530403845307805E-017   1.0366599096624789E-009   9.4116446963192979E-020   2.1185448239393019E-024   1.1141449971718690E-019   9.4645702013482963E-020   3.9705026200586471E-025  -2.5864863441825076E-019   1.6155578025141194E-024  -1.5291867850797902E-019   7.9054934815780833E-025   2.5663004614301507E-021  -8.9331493611924913E-020   2.2680088882727290E-024   6.2281092458955686E-020   1.9492222204563387E-024   1.1217915825314747E-019  -1.3813924259743752E-018  -9.1839727848168011E-026   6.8996114963204481E-018   4.1861296082674305E-018   2.9658312123795827E-025  -2.3326052719178057E-018  -3.5945681446720014E-025  -2.8134111278397457E-018  -7.9224348539293863E-025  -3.0457608560531423E-018   1.1085195477502274E-017   1.6357855810270323E-024  -1.4508294192527474E-017  -9.3077286449196965E-018   1.1130694164343027E-024  -1.7764919657874868E-018  -1.1720229924286676E-009  -5.3227190268534876E-017   5.6001483311671100E-010  -2.8606503319198987E-009   3.9974242783945677E-011
   1.2679354184778085E-017  -3.7169113363194023E-010  -5.1187927486264554E-017  -1.8253112550070286E-016   2.3929240953148121E-024   1.1319832708605067E-018  -3.2800726942347804E-024  -1.9058150849811450E-024  -8.1238733965309593E-019  -5.5587065113427280E-026   1.7830475628443990E-017  -5.2269405176866955E-010  -7.1983507881410868E-017  -4.0802698525420589E-016   1.2095442975553114E-024   1.2430900210893048E-019  -8.2008259562781610E-025   1.2545932139700195E-026  -1.4773389498637584E-019   1.2192439852771670E-024  -1.2066973575959235E-019   8.9145532247310185E-025   3.7853072292460824E-020   1.3544624911166919E-024   9.7631540164007224E-026   9.1829731390705343E-018   6.0766342422823741E-025   2.8618795639964672E-025  -6.5903184194846988E-018  -9.9375999970462510E-025  -2.2790095001057033E-016   1.4280417320842117E-017  -4.1862528936543293E-010  -5.7651539646347707E-017   5.2865154026835327E-025   3.0403454435070647E-020   1.0429734369443324E-025   2.4305130358471613E-025  -6.5407624095937562E-020   1.4575839553192877E-025  -5.6291633771907342E-020  -2.4774601943334525E-026   3.4732509308124295E-020   5.6459270099509025E-026   2.0629399355950034E-025   4.0398741805837926E-020   1.6470854387226158E-025   8.3535156065735487E-021   3.5563964497057476E-025   7.0266315968779229E-025  -3.5311936068820230E-019   5.6640660965372365E-025   4.4695306366764237E-025   4.1986177151688422E-019   2.1501935465298812E-025   3.4332095811391577E-019   1.9091266359710548E-025  -1.0741350140783025E-019   5.3920187411664218E-025   7.5960848698806154E-025   1.9234862826742678E-018  -3.7841396739057262E-026   3.6777800316916900E-025  -1.3804228771323193E-018   2.2874924824593156E-025   7.7144337864687928E-018  -2.2614587737747349E-010  -3.1143979029384073E-017  -2.5269373945686891E-016  -1.0235758723246069E-015
   2.7732133289840906E-009  -2.0656804902821321E-017  -2.1704969888081154E-009   3.4464102441599609E-009  -1.1210259676900442E-016  -3.2800726942347804E-024   1.8860844727554144E-016   1.1483314289310998E-016  -3.0272167133302301E-024  -2.7316297982746211E-018   3.8998547179265335E-009  -2.9048749377852548E-017  -3.0522798835257077E-009   7.7856455461803890E-009  -1.6776996379524117E-018  -1.6440226083682554E-024   1.2827286120310343E-017   7.7693583999577916E-018   2.3546234197746031E-025  -5.5187545227602096E-018  -4.0813144193600884E-024  -5.6019536813012598E-018  -2.8232079084741090E-024  -5.3851020362497276E-018  -3.0538405485734690E-017   8.9121630557922189E-024   5.8670742624542391E-017   3.4885296393622723E-017   1.2729407895483746E-023  -4.3465662166459274E-018   3.9956589355450274E-009   3.1233907829980690E-009  -2.3265167353365649E-017  -2.4445687230846451E-009  -5.9790328755762582E-020  -3.3361221411865060E-024  -3.1280246080003533E-019  -2.1144830704156450E-019  -1.1046999539452300E-024   3.1426218530482688E-019  -2.5284953131382428E-024   2.3532982248540105E-019  -1.2356547601620154E-024   1.3739279812518840E-019   1.4955570283632399E-019  -4.6411014188056947E-024  -5.1267193282527600E-020  -4.1490158679822809E-024  -1.5037047571553520E-019   1.3529047167832942E-018  -5.1909773976133173E-025  -1.1265250834720417E-017  -6.8216716276661718E-018  -3.0429642925439364E-025   5.0062852612072999E-018  -2.9358877198199438E-025   4.9701630070880257E-018   8.1698488515077305E-025   4.6923073640632865E-018  -1.4508981781105275E-017  -1.6745298620823913E-024   2.5869243556035807E-017   1.5582734708150147E-017  -2.8412330659890136E-024  -1.0753824062926513E-018   1.6872892840042922E-009  -1.2568080915088889E-017  -1.3205823060275488E-009   4.7891954825635110E-009  -6.6944213636354710E-011
   1.7420681136035580E-009  -5.1362445711888007E-017  -1.2502250340957661E-009   2.1002768166186387E-009  -6.8591132364514571E-017  -1.9058150849811450E-024   1.1483314289310998E-016   6.9980680662025414E-017  -1.9639182939030489E-024  -1.3902087510034678E-018   2.4497980654487442E-009  -7.2228865703334898E-017  -1.7581395618155382E-009   4.7446502008102075E-009  -1.0613024799022905E-018  -8.2019579295443059E-025   7.8286290600837385E-018   4.7422685862548508E-018   1.3073247488177592E-025  -3.3185511924788105E-018  -2.1099763759045939E-024  -3.4033406536745741E-018  -1.5331052672890674E-024  -3.2982192484467862E-018  -2.0837167458141150E-017   6.4490115013645227E-024   3.4886031472769788E-017   2.1259564547566464E-017   6.8252445774831328E-024  -4.2219880594200782E-019   2.4349942197038431E-009   1.9620414746011244E-009  -5.7848073374041805E-017  -1.4080926861157520E-009  -4.7697266838414424E-020  -2.0525862184440132E-024  -1.7607834540441754E-019  -1.2275296435562979E-019  -6.3275664041971087E-025   2.0518892511982638E-019  -1.5699752300879692E-024   1.4579186342941878E-019  -7.5771849503134953E-025   6.7408576094216531E-020   9.1139224915215831E-020  -2.7248240662973437E-024  -3.7346507510065595E-020  -2.4251500607125856E-024  -9.5947313999197429E-020   9.3501727190282134E-019  -2.9396277278568485E-025  -6.8980995933776161E-018  -4.1786997401335107E-018  -1.4204098371768402E-025   2.9240698973179169E-018  -2.2221621648855891E-026   2.9989259670042632E-018   5.3978173999003535E-025   2.9064008521423870E-018  -9.3083576189450147E-018  -8.4276707445271278E-025   1.5583085529982250E-017   9.4963160823206576E-018  -1.8343476548511485E-024  -1.8895178363393167E-019   1.0599158999515160E-009  -3.1250142899587614E-017  -7.6066680849492004E-010   2.9185835628823516E-009  -4.0811230153780545E-011
  -1.0109950079053193E-017   2.6675055983371803E-010  -5.0595399951178626E-017  -1.4807017246920886E-016   1.7682693937873277E-024  -8.1238733965309593E-019  -3.0272167133302301E-024  -1.9639182939030489E-024   5.8302380134123819E-019  -1.1391972495876028E-025  -1.4217186104380869E-017   3.7512041131740782E-010  -7.1150257078720159E-017  -3.2890440599091483E-016  -5.9296610481637023E-025  -8.9212501737894989E-020  -1.2200007467416836E-024  -1.1050027561998341E-024   1.0602378057529229E-019  -1.4807790812761433E-025   8.6600719408957264E-020   1.3400080149591108E-025  -2.7165910918525135E-020  -2.0075759736842637E-025   1.4707799916382181E-024  -6.5903192305111988E-018   6.6886144247444091E-025   4.3713122979131448E-026   4.7296558050807713E-018  -1.0766401891590535E-024  -1.9274393606813976E-016  -1.1386535291707378E-017   3.0043366708165549E-010  -5.6984189875735020E-017  -3.4546157857860763E-025  -2.1819564034871759E-020   6.2570252847819751E-027  -1.1470089296682515E-025   4.6940910789344624E-020  -2.2376926449012002E-025   4.0398662932379290E-020  -6.0940917715979560E-026  -2.4926385011894433E-020  -6.2951874844964572E-026  -1.9602004951972423E-025  -2.8992854599472519E-020  -9.3649854816161821E-026  -5.9950447104473949E-021  -2.0132079822262937E-025  -6.5191790150268683E-025   2.5342220631395033E-019   5.5332562676218879E-026  -3.9764331276086179E-026  -3.0132104984726741E-019  -2.3722966553625079E-025  -2.4639021352257927E-019  -3.0230052032546914E-025   7.7087153935332755E-020  -6.0797774443781612E-025   1.2451989378977251E-026  -1.3804231425222896E-018  -1.3439780259135506E-025  -4.5120629683534006E-025   9.9068431276399136E-019  -5.3423310427671494E-025  -6.1511294508748286E-018   1.6229749363422690E-010  -3.0783471629086487E-017  -2.0452480317112538E-016  -1.3268249793200974E-015
   1.8425554218644963E-010  -2.8221078994412651E-018   3.2979136478020429E-010  -4.1729514052698092E-011   2.0813693276564834E-019  -5.5587065113427280E-026  -2.7316297982746211E-018  -1.3902087510034678E-018  -1.1391972495876028E-025   1.1820847233885739E-018   2.5911106170646224E-010  -3.9686186213989233E-018   4.6377210296620256E-010  -9.4269394936034066E-011  -1.4252220325289348E-019   7.2728682705458601E-025  -1.0686202748993307E-019  -6.2437190661869316E-020   7.0209702357186480E-027   2.5362487373269017E-019   1.6802320455732973E-024   1.1193676569881302E-019   8.0245235847002577E-025  -3.8407219536760090E-021  -8.9514738846861164E-018   2.1875723420254369E-025  -4.3467275884164430E-018  -4.2228451931153535E-019  -1.2329905493904546E-024   9.3737562000768131E-018  -4.8380092735149538E-011   2.0752186318991268E-010  -3.1784612270022607E-018   3.7143474259893996E-010  -4.6416345135771578E-020  -5.4338211684798975E-026   6.4674352614095747E-020   2.8114585131019297E-020   2.1077684617667552E-025   5.3447431105186381E-020  -6.7014836629118239E-026   7.1181038510712327E-021  -1.9581891677693706E-026  -6.9978890524884543E-020  -1.8131714244594239E-021   4.7223144322072445E-025  -2.4932350804863813E-020   4.7912802396043968E-025  -1.6226119256425168E-020   4.4636554987409030E-019   2.5123609250437103E-025  -1.4416709736920471E-021  -7.3873225896584620E-021   5.4878035710651967E-027  -5.9149428510293970E-019   5.1247886641000264E-025  -1.8554533665153881E-019   2.1152359122057481E-025   1.3933038788758960E-019  -1.7767874356508214E-018  -5.9874969071146475E-026  -1.0748749779464617E-018  -1.8863849155832057E-019   1.9516937659981151E-025   1.9654444014787515E-018   1.1210553883777056E-010  -1.7170386325399239E-018   2.0065303751157966E-010  -5.7988092697293186E-011   7.9699380052011091E-013
  0.17162865613061903        4.6807670026133286E-016  -1.4515530755511957E-008   2.5059392580096091E-008  -2.7089127181022405E-009   1.7830475628443990E-017   3.8998547179265335E-009   2.4497980654487442E-009  -1.4217186104380869E-017   2.5911106170646224E-010  0.24135431786480205        1.6987578024278902E-015   1.3682425506604459E-008  -7.2802636644341083E-008  -1.0752458036294630E-012  -2.6248612592548861E-017  -3.0088936131191525E-010  -1.8166184336670189E-010   2.9163829036093747E-017   1.8308352104951817E-010  -7.8665751009892809E-017   1.4827055222525984E-010  -2.6471396789661320E-017   1.1375545193128367E-010  -3.7976365390190858E-009   3.7875605001599891E-018   1.2038781282393433E-009   1.3272667556243429E-009   1.6985118559719561E-017   2.4703689185336232E-009  -1.7771661040063752E-008  0.19330049808743593        6.7521242577032380E-016   1.1784211096769227E-008  -5.5145233840658294E-012  -1.8397205065761416E-017   4.2881340346629334E-011   2.5350173639532924E-011  -4.4756202132664792E-019  -1.5666724631689259E-011  -2.0280554554576677E-017  -1.9332409019177130E-011  -4.6834910994528286E-018  -2.8471821866263695E-011  -1.3739345695102861E-011  -7.9417539743661033E-018  -1.2149133552496515E-012  -4.7464953074309834E-018   9.6085396784508028E-012   1.5483254795009955E-010  -3.6443658062614694E-018  -2.6477308322092749E-010  -1.6213148901821215E-010  -9.3212028506437779E-018  -4.5614754134423120E-011  -8.7233404015469634E-018   6.5479574892748056E-011  -1.7694280373235133E-018   1.4854446825575389E-010  -9.9756496320536146E-010  -2.2495040605309173E-017   5.9052127141242032E-010   4.8420990538747985E-010  -5.0001038032683774E-018   5.1335229336257931E-010  0.10442300463840165        5.5323900858727069E-016   6.7162422447471705E-009  -2.5126654442560795E-008   1.0763667333478712E-009
   1.2361499159491379E-016  0.17162863590467883       -1.6894029543234329E-015   1.5219803493042232E-017  -1.2302474319774477E-016  -5.2269405176866955E-010  -2.9048749377852548E-017  -7.2228865703334898E-017   3.7512041131740782E-010  -3.9686186213989233E-018   1.6987578024278902E-015  0.24135433693013286       -1.4465960294850030E-015   9.5611245829925121E-016  -4.7697182992192289E-016  -5.7399766989884607E-011  -1.7409980356230437E-016  -3.4074276784365117E-016   6.8216227343460743E-011  -3.3743047992056743E-016   5.5719333257602588E-011  -1.7407114850618331E-016  -1.7478682095234159E-011  -3.9047193788265518E-016   2.3517002102640948E-016  -4.2402441457446069E-009   6.3416723980297626E-017  -1.6140459201132554E-017   3.0430840506233842E-009   6.2635924677995335E-017   8.5925922504069046E-016   4.8795302215140317E-016  0.19330051450766339       -1.2463839371488126E-015  -2.3452408264725175E-016  -1.4038815939715690E-011  -2.2466780755092252E-017  -9.3618976859800960E-017   3.0202015290661990E-011  -1.0269192727402517E-016   2.5992700505676363E-011  -1.2385963252963741E-017  -1.6037759996745367E-011  -3.4004155661981505E-017  -1.0987309030105508E-016  -1.8654146739131589E-011  -6.8983399773003369E-017  -3.8572415611524892E-012  -1.4808105377832993E-016  -3.6043281477949445E-016   1.6305310700955211E-010  -1.3458330302184705E-016  -1.2920172215639237E-016  -1.9387146098921773E-010  -1.2819529908885634E-016  -1.5852868789990780E-010  -1.3551470203254139E-016   4.9598257952319349E-011  -3.0829923435013401E-016  -2.3066640172602487E-016  -8.8817111038126205E-010  -1.3184693368245889E-017  -2.0810296338546501E-016   6.3741121037476988E-010  -1.8735692518177787E-016   6.7241290906930677E-017  0.10442301399687531       -1.0563472664048155E-015   1.0108826679997594E-015   1.4948972767819187E-014
  -1.4515533273079237E-008   6.0733269558423971E-016  0.17162864632195229       -1.7984303166690110E-008   1.2943699137720658E-009  -7.1983507881410868E-017  -3.0522798835257077E-009  -1.7581395618155382E-009  -7.1150257078720159E-017   4.6377210296620256E-010   1.3682425506604459E-008  -1.4465960294850030E-015  0.24135432711055321        5.2248058971056866E-008  -9.1308436759810572E-011   4.1826593855418720E-016   2.4335115564705967E-010   1.4827018564378748E-010  -1.4657679561992685E-017  -2.5768530920776222E-011   9.7919276046129385E-016  -8.1473930551261308E-011   4.5325919614868072E-016  -1.2068682106212700E-010  -2.5453370686481058E-009   1.3908036569068063E-016  -2.9203071941511748E-009  -9.5253503128162195E-010  -5.9145385872614807E-016   3.4978736969511392E-009   1.2754135634982679E-008   1.1784209915883781E-008   4.7715940683318678E-016  0.19330050605047813       -2.2698951099391255E-011  -4.0505659075334610E-017   3.6536438902521208E-012  -3.7437698016496887E-012   1.1225232257644077E-016   4.3619307409698791E-011  -4.0387452530409304E-017   1.9511560915730990E-011  -1.6333531394953543E-017  -1.8196175965480992E-011   9.8596112385924739E-012   2.4077071512401065E-016  -1.3577758418014307E-011   2.4589564282632874E-016  -1.7101274249268654E-011   1.5054758341161719E-010   1.4277331425060166E-016   1.1208417102201066E-010   6.5479429392452368E-011   5.7472260888389993E-018  -2.6746114332264089E-010   2.9244478543722226E-016  -1.1788724135152428E-010   1.2697228016977885E-016   4.3035357468702640E-012  -3.8810919843521129E-010  -3.8167568902111796E-017  -8.5451961577686860E-010  -3.4750186053479455E-010   1.0094827370460647E-016   7.3561233249763778E-010   6.7162413469552387E-009   3.5368533925589343E-016  0.10442300917681770        1.8032572474159825E-008  -7.7247492440231200E-010
  -9.8803174998631348E-009  -9.5361991824160273E-016   7.0907793729721982E-009  0.30845173684192229       -4.6504698829897217E-009  -4.0802698525420589E-016   7.7856455461803890E-009   4.7446502008102075E-009  -3.2890440599091483E-016  -9.4269394936034066E-011  -7.2802636644341083E-008   9.5611245829925121E-016   5.2248058971056866E-008  0.69679832827717547       -2.5194685244991983E-010   3.6349978269764208E-016   1.8586113497586191E-009   1.1258881196462442E-009  -3.6672220220676850E-017  -7.8786120516854022E-010   8.4920449741716897E-016  -8.0801301220266146E-010   2.9774809477526793E-016  -7.8307394450591929E-010  -1.2232334630313590E-010   9.0268690256104979E-016   2.0492964561711521E-010   1.2482572180454164E-010   4.8042154640883502E-016  -2.4704754500354371E-012  0.35765737835675843       -6.0185280529027651E-008  -4.4023082583472519E-016   4.3193001123954674E-008  -2.3070396207865421E-011  -3.1735427963757318E-016  -8.5881289624757813E-011  -5.9827743530602653E-011   2.8943955501501562E-017   1.0016282144073821E-010  -2.4181268474377368E-016   7.1110401202787702E-011  -1.2212356132198144E-016   3.2878871355118823E-011   4.4418134741456721E-011  -1.3150564126533125E-016  -1.8201175758992685E-011  -8.6393337806375247E-017  -4.6714003819557184E-011   6.7583702305011366E-011   1.1938096294945067E-016  -4.9856631574198937E-010  -3.0201505039034977E-010  -9.3624509352191000E-018   2.1134037616649334E-010   3.1692482193402247E-016   2.1674482566917682E-010   2.1778159174351185E-016   2.1005306991526749E-010  -2.9532590409834952E-010  -1.6970459019416365E-016   4.9432388182311726E-010   3.0121485943013385E-010  -1.2706417366889475E-016  -6.0295597027144023E-012  -2.8048034399769387E-008   7.1474578701103305E-016   2.0129150157079794E-008  0.42862755845366163       -2.9572213464700357E-003
  -7.6462039752109183E-013  -3.3917776483657546E-016  -6.4930017773579974E-011  -1.1153608297730018E-010   1.2038560532887630E-018   1.2095442975553114E-024  -1.6776996379524117E-018  -1.0613024799022905E-018  -5.9296610481637023E-025  -1.4252220325289348E-019  -1.0752458036294630E-012  -4.7697182992192289E-016  -9.1308436759810572E-011  -2.5194685244991983E-010   1.2565343231738231E-019  -1.7598551552566643E-025  -7.6280557414651618E-019  -4.6240999446360755E-019  -1.1647660446727896E-025   2.9382716296641366E-019  -7.7746644759492188E-025   3.2234353685421168E-019  -2.4365140230791078E-025   3.2831412603146583E-019   1.0242936839853076E-018   8.0021091495233664E-024   1.0250032507131005E-018   3.0910753234176042E-019  -5.9667147658498703E-024  -1.3334130903474169E-018  -1.2938651851654867E-010  -8.6116321911368439E-013  -3.8200639498456572E-016  -7.3128861462244584E-011   1.6956822966980939E-020   1.5716247534168712E-025   2.9491110849553739E-020   2.2943871914176477E-020  -1.1236345027408311E-025  -5.2662332388124976E-020   5.0733795899443549E-026  -3.3016988966080758E-020   8.1630114311748734E-026  -4.8819516354651368E-021  -1.9735454563718274E-020  -6.7182210866194264E-027   1.1725717101248051E-020  -5.3904253532501684E-026   2.3323958982161186E-020  -8.2098574954879614E-020  -4.1605615657393302E-025   1.3917450121956517E-019   8.5229654496350029E-020   3.8441693508670771E-025   2.4918157969779611E-020   8.6545617953088266E-026  -3.4118630808578106E-020  -2.2222288241036566E-025  -7.8294226652382851E-020   2.5821579871861109E-019   1.8306548378137806E-024   1.4164414977640196E-019   2.0232970671973056E-020  -1.2505370641708234E-024  -2.7839814913760474E-019  -4.6521135995609859E-013  -2.0636395773781912E-016  -3.9504995121757523E-011  -1.5498826759727973E-010  -2.5693295913094027E-012
  -1.8665582428994146E-017  -4.0817346955617787E-011   2.9743164164203048E-016   1.6077634757894305E-016   1.4024837176615958E-025   1.2430900210893048E-019  -1.6440226083682554E-024  -8.2019579295443059E-025  -8.9212501737894989E-020   7.2728682705458601E-025  -2.6248612592548861E-017  -5.7399766989884607E-011   4.1826593855418720E-016   3.6349978269764208E-016  -1.7598551552566643E-025   1.3651021533824112E-020   1.4644590300307904E-024   9.4449484157803742E-025  -1.6223431508464116E-020  -3.9490832387123036E-025  -1.3251374663214136E-020  -5.3701212793215239E-025   4.1568438029718621E-021  -5.3675210708962342E-025  -4.1138045157520304E-024   1.0084302981329789E-018  -5.1066439544149510E-024  -1.7301874101934979E-024  -7.2371732639377213E-019   5.7770298725104881E-024   1.8528362927018463E-016  -2.1022494153265903E-017  -4.5971432015230699E-011   3.3498888837934867E-016   5.0643597257233903E-027   3.3387623108131694E-021  -3.7560756351992648E-026  -1.8030466990728204E-026  -7.1827532179749201E-021   1.5370250910061205E-025  -6.1816786534303465E-021   7.5767641860890084E-026   3.8141584631862817E-021  -3.2864107708657033E-027   6.7764420041592070E-026   4.4363970829129983E-021  -1.6438414420977646E-026   9.1734322963994562E-022  -1.9708661483428726E-026   3.6469291722130785E-025  -3.8777883456652109E-020  -2.5182667483346482E-027   5.8127836136576065E-027   4.6107216585847356E-020  -3.1888051830521862E-025   3.7701869635166361E-020  -6.7219099806786207E-026  -1.1795638254052253E-020   1.7313842096869899E-025  -6.6014284066059973E-025   2.1122808660260539E-019  -1.2893835257503156E-024  -4.5147636717697152E-025  -1.5159145436367495E-019   1.2604609499919859E-024  -1.1356573996874420E-017  -2.4834261310735015E-011   1.8096459318450346E-016   2.2348337588600840E-016  -7.3500504046633191E-017
  -2.1396433307186250E-010  -1.2380350259529553E-016   1.7304855423213515E-010   8.2280140494012478E-010  -7.7219982310781257E-018  -8.2008259562781610E-025   1.2827286120310343E-017   7.8286290600837385E-018  -1.2200007467416836E-024  -1.0686202748993307E-019  -3.0088936131191525E-010  -1.7409980356230437E-016   2.4335115564705967E-010   1.8586113497586191E-009  -7.6280557414651618E-019   1.4644590300307904E-024   5.5784229855352945E-018   3.3793381795150305E-018  -1.9564914930188566E-025  -2.3558898967748617E-018   3.2380707242229314E-024  -2.4224119216456955E-018   1.2907471453223212E-024  -2.3523939319827731E-018   1.8402405529282152E-018   5.5914068872659011E-024  -3.8962008919795556E-018  -2.2806109225164992E-018  -1.5101609855323065E-024   4.4045622487164337E-019   9.5448383547765546E-010  -2.4098207535930660E-010  -1.3943640817149552E-016   1.9489976713828011E-010  -7.7571938668944879E-020  -8.4885176941686700E-025  -2.7893689262813796E-019  -1.9501978020034540E-019   1.6729014888888215E-025   3.3078152751097584E-019  -6.7401039611770959E-025   2.3352200337587545E-019  -3.2170055221364750E-025   1.0488079413366881E-019   1.4559291811220030E-019  -8.4060497006314994E-026  -6.0742751981208209E-020   2.4415251546414782E-026  -1.5387102247817974E-019   1.3916560903370526E-019   3.2470430903297739E-025  -8.8770086151279720E-019  -5.3800737238787528E-019   1.3207141013120299E-025   3.5131250665295048E-019   1.2768946428612723E-024   3.7805168399900134E-019   6.5642008819421840E-025   3.7983687763785409E-019   6.3394741247367494E-020   1.8109410164979210E-025  -2.7726144970599925E-019  -1.4937653162881511E-019  -7.0072373695535308E-025   8.5609632783212545E-020  -1.3018109243550182E-010  -7.5325042754710455E-017   1.0528693823170823E-010   1.1433480731465403E-009   1.8942091672185429E-011
  -1.2918088882878259E-010  -2.4230439557940824E-016   1.0543587196484010E-010   4.9842713155593060E-010  -4.6799714486570771E-018   1.2545932139700195E-026   7.7693583999577916E-018   4.7422685862548508E-018  -1.1050027561998341E-024  -6.2437190661869316E-020  -1.8166184336670189E-010  -3.4074276784365117E-016   1.4827018564378748E-010   1.1258881196462442E-009  -4.6240999446360755E-019   9.4449484157803742E-025   3.3793381795150305E-018   2.0471649431130934E-018  -1.8499571607017295E-025  -1.4267543502651992E-018   1.9104804576545470E-024  -1.4673364172736217E-018   8.0047320037856618E-025  -1.4251476267397637E-018   1.0961772385313117E-018   7.5211031595826503E-024  -2.3675198293640616E-018  -1.3815589943723753E-018  -3.8833417413924756E-024   2.8543376780870676E-019   5.7819618004674974E-010  -1.4549284108577195E-010  -2.7290063778177731E-016   1.1874948601334419E-010  -4.7084991554584978E-020  -5.0071229910117317E-025  -1.6885028921864168E-019  -1.1808630097272217E-019   7.2294297947168360E-026   2.0049223497368868E-019  -4.3382700668481018E-025   1.4148078364088402E-019  -1.7931180828404978E-025   6.3397302158555085E-020   8.8195973797686472E-020  -3.1902983582273409E-026  -3.6847240501121946E-020   1.9410074201912491E-026  -9.3246660224141596E-020   8.5225586515319744E-020   3.8244947827721957E-026  -5.3801012670542456E-019  -3.2608376635239056E-019   2.6899265244441520E-025   2.1175092201895003E-019   9.2905501691529304E-025   2.2875859443746660E-019   3.4973521100109475E-025   2.3048229905555415E-019   3.4515846644877536E-020   9.7532176282102045E-025  -1.6949981897377107E-019  -9.0501055100190216E-020  -1.0454960151157631E-024   5.5759764739461452E-020  -7.8596787580992901E-011  -1.4742385398747746E-016   6.4149742140918475E-011   6.9260419062392736E-010   1.1473681023808233E-011
   2.0738591268554773E-017   4.8509002135357543E-011  -1.0423173731335921E-017  -1.5889985104820488E-017  -1.9406115749959960E-025  -1.4773389498637584E-019   2.3546234197746031E-025   1.3073247488177592E-025   1.0602378057529229E-019   7.0209702357186480E-027   2.9163829036093747E-017   6.8216227343460743E-011  -1.4657679561992685E-017  -3.6672220220676850E-017  -1.1647660446727896E-025  -1.6223431508464116E-020  -1.9564914930188566E-025  -1.8499571607017295E-025   1.9280588582617856E-020  -3.1283771103568426E-026   1.5748474848743408E-020   1.5097795549448546E-026  -4.9401629432455639E-021  -4.9133557401952939E-026  -2.4160409739305425E-025  -1.1984597514054884E-018   3.4704155253485748E-025   2.1750108298466983E-025   8.6009522788361792E-019   1.0369765921747666E-025  -1.5500144078729471E-017   2.3357289395327765E-017   5.4634327317183614E-011  -1.1739325011573880E-017  -6.4517296565717704E-026  -3.9679214881511771E-021   2.5404095429536137E-027  -2.0431571775375903E-026   8.5362772738977413E-021  -3.8151142555915621E-026   7.3465593762694931E-021  -1.0276428392737172E-026  -4.5329016910424524E-021  -1.3451096015232616E-026  -3.5347130673809415E-026  -5.2723954789523870E-021  -1.7986839567875673E-026  -1.0902081587039412E-021  -3.7515718462401508E-026  -9.4985309815516632E-026   4.6085220420118319E-020  -5.7075844320434991E-026  -4.8113280212626918E-026  -5.4795699246450146E-020  -3.3879281520072643E-026  -4.4806441648325158E-020  -3.1821969231490485E-026   1.4018418244783180E-020  -7.7776083562950107E-026  -1.5473300517379792E-025  -2.5103208484375868E-019   1.0708051037797015E-025   1.3208805732719382E-026   1.8015747548288815E-019  -3.5449418703071833E-026   1.2617857984220693E-017   2.9514050392897190E-011  -6.3417091655981251E-018  -2.2252451675627507E-017   1.8467335835928487E-016
   1.3019186127504321E-010  -2.3994900372735872E-016  -1.8324155886089458E-011  -3.4878367866936388E-010   3.0650242840946137E-018   1.2192439852771670E-024  -5.5187545227602096E-018  -3.3185511924788105E-018  -1.4807790812761433E-025   2.5362487373269017E-019   1.8308352104951817E-010  -3.3743047992056743E-016  -2.5768530920776222E-011  -7.8786120516854022E-010   2.9382716296641366E-019  -3.9490832387123036E-025  -2.3558898967748617E-018  -1.4267543502651992E-018  -3.1283771103568426E-026   1.0325227863898629E-018  -1.1716849724554765E-024   1.0348493420835835E-018  -3.7812291609399173E-025   9.8465356453235750E-019  -2.4700675467662576E-018   4.9000104823582149E-024   9.9224829385754473E-019   9.6673922273861391E-019  -4.7305313110229425E-024   1.5032922431640088E-018  -4.0460355451788057E-010   1.4663146122089799E-010  -2.7024782741083811E-016  -2.0637998674061064E-011   2.4335487081036142E-020   3.6652554542786827E-025   1.2927949618205769E-019   8.7301290197062026E-020  -8.6484181695127898E-026  -1.2983653601508963E-019   2.2380759913222127E-025  -9.7181809729103750E-020   1.5737927612656223E-025  -5.6844677546581476E-020  -6.1716653621841351E-020   1.4278979761267255E-025   2.1115605673036414E-020   7.3973928130514823E-026   6.1953242757718846E-020   2.4907326137984077E-020  -3.7051977054996722E-025   3.5130688575050246E-019   2.1174782827406103E-019   2.7404054599357495E-025  -2.4517515288545619E-019  -1.7940199013455495E-025  -1.8298716300692330E-019  -3.2245839887570249E-025  -1.2545107276135670E-019  -3.8086179873460147E-019   1.4191286529425733E-024  -2.0578520258864702E-020   6.3317782020863829E-020  -7.5779925886459050E-025   3.1770154565927352E-019   7.9211884741426778E-011  -1.4599077982989138E-016  -1.1148864632077307E-011  -4.8466269644083682E-010  -8.0287231147276486E-012
  -5.5939786580205728E-017   3.9622379618928650E-011   6.9631037201270356E-016   3.6603752277129151E-016   3.8376292365645525E-025  -1.2066973575959235E-019  -4.0813144193600884E-024  -2.1099763759045939E-024   8.6600719408957264E-020   1.6802320455732973E-024  -7.8665751009892809E-017   5.5719333257602588E-011   9.7919276046129385E-016   8.4920449741716897E-016  -7.7746644759492188E-025  -1.3251374663214136E-020   3.2380707242229314E-024   1.9104804576545470E-024   1.5748474848743408E-020  -1.1716849724554765E-024   1.2863427866356389E-020  -1.3724025025370401E-024  -4.0351481731474247E-021  -1.5407764125793702E-024  -8.8902259857180006E-024  -9.7890752515389774E-019  -1.2466875837323004E-023  -4.4478040512764491E-024   7.0252980121596587E-019   1.3403481249438261E-023   3.4035887243661382E-016  -6.3003344215773803E-017   4.4625573850104051E-011   7.8423477666628481E-016  -1.6801289633253503E-025  -3.2410168146429161E-021  -9.2070999767521292E-026  -1.0618055491188185E-025   6.9724711668482642E-021   2.6068037028651688E-025   6.0007040263125922E-021   1.5524317534864382E-025  -3.7024952836153986E-021  -3.8805691222050944E-026   6.4508810129431448E-026  -4.3065172635590919E-021  -8.9201031579672670E-026  -8.9048711713368614E-022  -1.5442218029467227E-025   5.3423722536578173E-025   3.7642623393720349E-020   8.8503785535828786E-026   3.3368579445020736E-026  -4.4757383195933754E-020  -9.2118246646272532E-025  -3.6598110912373814E-020  -3.4768287125902274E-025   1.1450309532799837E-020   7.5433987930484131E-026  -1.4294707709960373E-024  -2.0504417993403502E-019  -3.4500570999225294E-024  -1.4862301314611141E-024   1.4715346782363736E-019   2.7713522693051521E-024  -3.4035069468692573E-017   2.4107214275331195E-011   4.2365203910727098E-016   5.1358113356760959E-016  -5.3075985659165088E-015
