  0.15918931318117879        4.5270751922640909E-009   2.2459390179125453E-008   9.3508580406091820E-008  -2.9467512983095700E-008  -9.3632728175777155E-009   3.5390477047399019E-009   2.6484536080678085E-008   7.4876139104269443E-011   2.9829766486536318E-009  0.18098095975747130        3.6087443322431597E-009   8.2799563341626202E-009  -3.5542530141256561E-009   1.9761529290574381E-009   2.2575251696799691E-009  -1.3026255698734565E-009  -2.0989827928688042E-010  -1.1740688207963983E-009  -2.4412689905826570E-009  -2.2759802961932937E-009  -6.3188930524016898E-010   7.9602181117291275E-010   1.4419010062417255E-009  -5.5588315010331482E-009  -5.2088768633965070E-009  -7.4664414391262540E-009   5.1172077208927332E-009   2.9201456711449102E-009   4.4161885507045246E-010  0.11995022404861631        3.1558073623836937E-009   7.3468870494923302E-009   2.2778656939619845E-010   1.2005309462798922E-010  -4.1308269719106976E-010  -4.2031747674789046E-010  -2.2365362370599891E-010   2.0184145642120283E-011  -5.1750536819977823E-011  -6.4964508498640118E-011  -9.1637963033302356E-011   4.6150397251757001E-010   1.4525719611392529E-010   1.6148961408229576E-010   1.6515566333697220E-010   5.2122819446785545E-012  -1.0550883145043485E-010   2.6105979004949040E-008   1.2366854164219832E-010   1.3063841822089484E-011   1.4928190601324384E-010  -5.3351555977105308E-012  -2.2727720121009557E-010  -1.6056171888681815E-010  -2.3526774189532395E-011  -7.3292485460610929E-011   1.8500551924532877E-011  -5.6639653656980735E-011  -7.7034377137510126E-009  -2.4015601024476512E-009  -2.0469057652576456E-009   7.1187677461632438E-009   1.0394038760786776E-009   5.8466948864170193E-010  -1.1233470426875124E-003  -5.2131576288192532E-010  -3.5214840402717453E-009   8.6441232234552190E-002   1.6438993246640057E-009   2.2177837086879819E-009   4.4705357890676929E-008   4.7838706661476228E-009   9.0965873725142701E-010  -6.2719405751234786E-010   3.9693580881593955E-011  -9.7820855462865275E-011   9.9938810897670526E-010   3.5868817083589940E-010  -3.7219406010058896E-010
   4.5270751922640909E-009  0.15918932207454514       -2.1742323925338940E-009   1.0494720194575167E-007   5.3124829998325687E-009   2.0586914319155592E-009   2.9930511373919697E-010  -1.6331468858480015E-008  -2.9028087985880605E-008   1.1018983857429564E-008  -2.6042484483376795E-009  0.18098096170108569       -3.7802141423952706E-010  -1.7866497580786718E-008   5.0098222338356964E-011  -1.6243336139639704E-010   1.0173088196418531E-009  -9.8122408424701227E-010  -6.5705398193502151E-010   9.1401226124194062E-010   1.7997732330979461E-009  -2.1739058563819564E-009  -2.2523519053140314E-009   8.6207689056547161E-010   2.2216127330328272E-009  -7.5801880120929707E-010   3.5887868017404478E-009  -9.0347122910429893E-009  -5.7411062412962566E-009   6.8130890384801069E-009   6.0101650077026798E-010  0.11995022650948348        4.6742679884771251E-010   5.9031120043926744E-011   1.7029747368614208E-010  -5.0454367579967894E-011  -1.9954427814538792E-010  -2.3194557806158345E-010   9.5849912432874056E-011  -3.8711740925962873E-010   2.8753161706797861E-011   2.9089483107391393E-010   2.9022619747895813E-011   2.8160131656283613E-010  -8.7867383214251990E-011  -2.9511980094497237E-010   2.6074970622711327E-010   1.1343982019083429E-010   2.8920003921969232E-008   1.1852620899379119E-010  -1.7863081568598514E-010  -1.4556708217326373E-011  -1.5565797986528147E-010   1.2914583497115778E-010  -3.3614445963274692E-012   2.8548762093007724E-010  -1.8159150728436349E-010  -2.0443536792725239E-010   1.4620055580170837E-010   1.0195433547324889E-009   6.1897692351823230E-010   1.4735585985764294E-009  -4.9824794178343351E-009  -8.3355573378939831E-009   3.9629364382569653E-009  -1.6518785133033738E-009  -1.1233494313784473E-003   1.5167728649464710E-009  -1.5751220587688596E-009   8.6441231798194892E-002   1.4735965221899960E-009   4.4053779813403328E-008   5.8679252344009934E-009   1.0298295812753137E-009  -1.4751458243521026E-010   8.8647442175459120E-010   4.9638924311295610E-010  -5.2469223081066045E-010  -1.0110684357607943E-009   6.7220652814744190E-010
   2.2459390179125453E-008  -2.1742323925338940E-009  0.15918931738365791       -1.4144122386751597E-007   2.4187897610942152E-008   4.3233887044025206E-009  -2.3043813071719250E-008   7.1372289759923366E-009  -3.5552369326468502E-009  -3.1325123741851904E-008   1.3943204381697629E-009  -1.4061449024639828E-009  0.18098096017461654        5.0527364624293190E-008  -1.5249892514230738E-009  -1.6183965992924453E-009   8.5015677489786645E-010  -3.7403346291224406E-011   1.8355945689951753E-009   2.0833924593471973E-009   2.1887747679284747E-009   6.0878784038286212E-010  -1.3181530547020623E-009  -1.0874692888461932E-009   8.4701636985634437E-009  -5.6457629185657994E-010  -7.5689228491648181E-009   7.9895351852865065E-009  -2.4160054354152333E-009  -1.6459684232017850E-008   5.1048731971022641E-009  -7.0961480172102813E-010  0.11995022572884612        7.2791452810451983E-011  -7.5287366501194249E-011  -1.6076593289952961E-010   1.2102766348361831E-011   1.3032304762772969E-010  -1.3997258320235100E-010   1.6420881352159730E-010  -1.4626236464081495E-010  -1.1930050152860751E-010   2.6978398557109991E-010   5.8661433949921318E-011   1.1374933119806642E-010  -1.1515089610922881E-010  -2.1088611950608900E-010   1.4523454737594655E-010  -2.3243275972170736E-008  -2.4071255696418343E-010  -7.4691686029145121E-012   5.1092902583738653E-011   2.0605285205901104E-013  -9.2186292962763579E-011   3.2274417441811716E-010   1.2972327964620893E-010   1.4793748001442358E-010  -1.6657305019471981E-010  -1.4837363783606813E-010   8.1194344679515648E-009   5.3783174288343280E-010  -7.0053107530328729E-009   4.4312606632007401E-009  -2.3255500579534866E-010  -1.2550693796156189E-008  -4.9961404272733506E-009   1.8475049517999297E-009  -1.1233457224754419E-003  -1.3407081978281859E-009   1.1673560378422768E-009   8.6441234584318516E-002  -3.9264928335493582E-008  -1.0096560377041135E-008  -1.7906468319856166E-009   1.4205032448632924E-009   1.4889896450753409E-011  -7.9722376988363007E-010   8.5161550083480775E-010   5.6387246203332796E-010  -2.2721186734729826E-009
   9.3508580406091820E-008   1.0494720194575167E-007  -1.4144122386751597E-007  0.15282895003000757       -1.8135234884999090E-009   3.0156287290305173E-010   3.6148539828287225E-009   5.7828557589475187E-010   6.8486343474804239E-010   1.2350821170145308E-009   2.5418095217515490E-008   3.4696824264248438E-008  -9.8270176180085844E-008  0.36132019674867660       -4.5312214606214662E-010  -3.5521892377737278E-010   2.5317577603982791E-009   3.7091351361434087E-009   2.2929616725619621E-009  -3.1012251959389371E-009  -2.5093743070478643E-009   3.4256165176459290E-009   3.7218982228199233E-009  -4.4403621524304701E-009   6.9084597708468954E-010  -4.9344735799579702E-010  -3.6749581917313584E-009   3.8888098239738048E-010  -9.3534954525307883E-010  -1.0802209823933051E-009   8.9997430833154729E-009   1.5693922055175544E-008  -6.3128617843076161E-008   1.7308640921508351E-010   2.3143827578906307E-010  -2.6510256859275905E-010  -1.6541773561540121E-010  -4.4923689521880991E-012  -1.3854849350634259E-010  -3.2337017794240959E-010   6.0637186388916039E-011   1.2334373257543729E-010   2.1990198613530758E-010   1.1960516625069446E-010   1.8252866426214758E-011  -4.4613534790162625E-011  -1.4903819049388779E-011   1.0429437605866330E-010  0.15573509044220005       -4.4162015735600590E-011  -5.7107146235407961E-011   2.1050897831852978E-010   2.7239905392895609E-010   2.0779451908601310E-010  -2.1315246128397542E-010  -2.0794725558102442E-010   3.5047557521433072E-010   3.3609764260535748E-010  -4.1813265266546234E-010  -8.7045811343226743E-010  -2.1045912680140064E-010  -3.8319733885323306E-010   3.2179357966919476E-010   2.9117504397846164E-010   5.4870438743137816E-010  -2.0278946386393672E-008  -1.2004923846297563E-008   3.0599106910714124E-008  -7.8336909189441879E-009   5.5839659976615485E-009  -1.8190820756182552E-008  0.30324226717494318        5.7788286255341711E-003  -2.0329676541513096E-004  -2.4513319027600143E-010  -5.6335401146286406E-012  -2.4804782347477828E-010   1.3494122476520344E-010   4.0009525759733704E-011   1.1019807100296356E-010
  -2.9467512983095700E-008   5.3124829998325687E-009   2.4187897610942152E-008  -1.8135234884999090E-009   9.3293753098575935E-015   2.4554358098983043E-015  -4.1898803508098471E-015  -4.3700920445897620E-015  -1.5306449693817483E-015  -4.9592810078293390E-015  -3.3503124926967406E-008   6.0402330992174934E-009   2.7497940393087642E-008  -4.2881733916449149E-009  -5.9049459099719297E-016  -6.6501055837296879E-016   3.7411048593552069E-016  -4.3592349739705193E-017   4.4722427459310379E-016   8.3580215447382287E-016   8.4367543546570193E-016   9.6209912914034280E-017  -4.6690320694389504E-016  -3.5056137063415840E-016   2.3803004920759000E-015   8.5859742586012202E-016   3.9714755302829423E-016  -3.9175290743510068E-017  -1.0889051577770632E-015  -2.3411165546444970E-015  -2.2186227555800230E-008   3.9977935452765150E-009   1.8236572951407228E-008  -3.1180426285174611E-017  -3.0726809331083944E-017   5.3482150101587095E-017   7.4939239035717931E-017   5.3518172965577899E-017  -2.0168653885173342E-017   2.5442588343546721E-017  -9.9470368644544402E-018   7.0895968426507496E-018  -4.6067873790122473E-017  -9.9997737198706409E-018  -1.5765969664955967E-017  -5.7374506512587659E-017  -2.4124138005013990E-017   4.4142880348199253E-017  -1.8461428009726716E-009  -5.4996073552385041E-017  -8.8454138164243467E-018  -2.2674246306917202E-017  -7.3771350826382231E-018   2.9771393315841418E-017   8.1157897258262529E-017   3.6079552479415321E-017   2.5892274191524251E-017  -3.9561927452624429E-017  -2.4021457816174119E-018   2.7060055036880742E-015   5.4954833617186138E-016  -6.3534510471790487E-016  -8.1392869058520092E-016  -5.0843425276896921E-016  -1.8920769691827428E-015   1.1249092932124137E-009  -3.0616732241602365E-010   3.8885204481235782E-010  -1.6003872275429020E-008   2.8855315800341457E-009   1.3132572363904758E-008  -3.5984322592672930E-009  -1.1541137828283398E-011  -1.5831987073099811E-012   3.2905157111341323E-016   2.3804003784739927E-017  -9.0364758049225396E-017  -7.1519713227471162E-017  -1.4558440874717491E-017  -2.5753192708360851E-016
  -9.3632728175777155E-009   2.0586914319155592E-009   4.3233887044025206E-009   3.0156287290305173E-010   2.4554358098983043E-015   6.9561138259972674E-016  -8.2339422688281730E-016  -1.5739940043662661E-015  -4.7532797163305917E-016  -8.8144204502807724E-016  -1.0645961752141268E-008   2.3395791323625051E-009   4.9152163271478758E-009   7.1306237688922277E-010  -1.5793139982416594E-016  -1.7954357590698560E-016   1.1781007823705742E-016   5.9524305954946168E-018   1.1493585308901550E-016   2.0592770715660453E-016   2.1160282180775204E-016   3.2379906627490503E-017  -1.0435308797855783E-016  -1.1194590884906769E-016   5.8678686668026169E-016   2.7970356256575021E-016   2.7406714063231482E-016  -2.0018733088364475E-016  -3.1217017336804718E-016  -3.8659995205180801E-016  -7.0458481968144756E-009   1.5606059156722757E-009   3.2577851153856192E-009  -1.0308864994047264E-017  -6.4445753106580046E-018   1.8741863334050341E-017   2.2133218473916151E-017   1.3681920346564722E-017  -4.0244335111309103E-018   1.8526649777473304E-018   3.5443490145835666E-019   6.1607382505496220E-018  -1.9006018676887997E-017  -3.0688776687147924E-018  -7.4982055724573490E-018  -1.6742255117857698E-017  -2.6997027509488435E-018   1.1821958596241188E-017   3.0708834064842938E-010  -1.2332326579993023E-017  -3.4068824390616125E-018  -7.0674570329344572E-018  -1.1499472780722946E-018   1.2936831297394763E-017   1.7694078492700360E-017   8.2425827530527637E-018   6.5503977616451995E-018  -7.6521849521712320E-018   3.8474360127931220E-019   6.8548329724494209E-016   1.6364601073039316E-016  -5.3938573656142610E-017  -3.6225784398647450E-016  -1.7695586440212111E-016  -3.2322530535062795E-016   5.5399844376076821E-010   4.6959755639757632E-010  -2.6278470076618064E-011  -5.0858030280532797E-009   1.1164383922873440E-009   2.3476271200188594E-009   5.9838448556530079E-010   4.7295911800103938E-012   5.3101781742723697E-013   7.2299279118481803E-017   7.4072641962379383E-018  -1.3223436943778403E-017  -4.2425391355072086E-017  -2.1992402176282176E-017  -2.9873876627000051E-017
   3.5390477047399019E-009   2.9930511373919697E-010  -2.3043813071719250E-008   3.6148539828287225E-009  -4.1898803508098471E-015  -8.2339422688281730E-016   3.5020250473029796E-015  -4.6061997425541922E-016   4.7815955567284160E-016   4.6504962087898440E-015   4.0264662212279730E-009   3.4037625997910796E-010  -2.6199814214936490E-008   8.5455442841072726E-009   2.5418029391671152E-016   2.7576244446606928E-016  -9.0153858507389419E-017   8.6645586147959270E-017  -2.3890505769288923E-016  -4.2766205724071558E-016  -4.2344631355934749E-016  -2.5291704782626408E-017   2.9235014907811563E-016   8.6053360527308241E-017  -1.3286376882478345E-015  -4.6054509379513831E-017   8.4475715767860734E-016  -1.0525169166424435E-015   3.8111054375457420E-016   2.3811406614191459E-015   2.6369394991510687E-009   2.2450800918278910E-010  -1.7348513703979180E-008  -1.2784404598974350E-018   1.9356522211640961E-017   7.7616908890930229E-018  -1.5362018590321634E-017  -2.4384511844119959E-017   1.7610111877943581E-017  -3.3288257800635199E-017   2.1180971566074610E-017   1.8691453500075657E-017  -2.3549242251828368E-017  -1.9234949819336905E-018  -1.2614824463621779E-017   1.8742845214022724E-017   3.0789948547857783E-017  -2.0694104516250113E-017   3.6853516620932528E-009   3.6602232996774713E-017  -2.0434729065738106E-019   7.1373894843190969E-019   5.8595748384502482E-018   1.3634869841416958E-017  -5.4965821841217565E-017  -2.3634493996982005E-017  -1.4905248573932831E-017   3.1913280669754364E-017   1.0581590778869669E-017  -1.3646167630790506E-015  -1.3509409675063459E-016   9.6993647556700737E-016  -4.8229756923232397E-016   4.8541846785388836E-017   1.8469150802105049E-015  -1.5627575669154044E-009  -5.4760505193179800E-011   9.4575191932214848E-010   1.9263397925053356E-009   1.6268142608025331E-010  -1.2515341969077573E-008   7.1724289548762453E-009   1.9213322892558511E-010   3.6674983288913312E-012  -2.1904125711567993E-016   2.9093096048319341E-018   1.1649231935231916E-016  -9.7849845748460595E-017  -7.5436886539761546E-017   3.1689123554737513E-016
   2.6484536080678085E-008  -1.6331468858480015E-008   7.1372289759923366E-009   5.7828557589475187E-010  -4.3700920445897620E-015  -1.5739940043662661E-015  -4.6061997425541922E-016   6.4046523603704893E-015   2.8334668903652036E-015  -2.0345606189089860E-015   3.0111173044779697E-008  -1.8568317585561708E-008   8.1126614453888718E-009   1.3670092768634776E-009   2.5360592972566739E-016   3.1834583899900305E-016  -2.7341028056922816E-016   7.8098150161190318E-017  -3.7015068873995168E-017  -4.1832639814676481E-016  -4.7475284746215179E-016   1.5814141889371400E-016   3.1861575099855075E-016   8.5914526884763237E-017  -7.7056029984642139E-016  -8.1586468317171363E-016  -1.9659006712165017E-015   2.1359492923690444E-015   9.6417596294082174E-016  -1.3653899378489066E-015   1.9944859136585392E-008  -1.2293658414670976E-008   5.3939743708696480E-009   3.5761803007189611E-017   9.5371576762491927E-022  -7.1745565965244994E-017  -4.9536998704553549E-017  -7.5978379904972348E-018  -1.3282627774116816E-017   3.7242433119464022E-017  -2.0096929437136719E-017  -4.9967338929335897E-017   8.6724913496994691E-017  -1.6537822661217834E-018   4.1061530336007935E-017   5.2441953865733415E-017  -3.5398398730444777E-017  -2.2292336546906795E-017   5.8977675540486730E-010  -2.6569864895915688E-018   2.0032313107785950E-017   2.9440366739597313E-017   1.6003870673089741E-017  -5.4264049236402936E-017  -1.2435344662676028E-017  -2.8046159940571338E-017   1.4405644860290735E-017   1.7600207333603035E-017  -3.2681893427308749E-017  -1.0239844431238994E-015  -4.3946171429802476E-016  -8.0409309852792880E-016   1.8978685090192578E-015   1.0160361017685579E-015  -8.7388397031741178E-016  -7.7692111958292340E-010   7.4641949377468921E-010   7.7781189403768029E-010   1.4383108110092318E-008  -8.8700243617594606E-009   3.8730982467610197E-009   1.1474061769814877E-009   3.7237076983190712E-011   1.7762991048269512E-012  -2.1509297135468957E-017  -8.4455755648373032E-017  -1.0201465506390563E-016   2.5982998562167305E-016   1.8333258823554595E-016  -2.3832063438735088E-016
   7.4876139104269443E-011  -2.9028087985880605E-008  -3.5552369326468502E-009   6.8486343474804239E-010  -1.5306449693817483E-015  -4.7532797163305917E-016   4.7815955567284160E-016   2.8334668903652036E-015   5.3766490101431961E-015  -1.3028223138761820E-015   8.5203725998909446E-011  -3.2999379348851328E-008  -4.0427061054647596E-009   1.6198521379909286E-009   2.3862360092001779E-017   6.5234087272094996E-017  -1.9376490272747122E-016   1.9628440555774734E-016   8.8659527011004384E-017  -2.2829953200148662E-016  -3.8934321379729684E-016   3.9774886093090380E-016   4.5714942790832796E-016  -1.5203987305687520E-016  -5.9466302883373111E-016   1.4688787932936419E-016  -5.0603209188023358E-016   1.4738541143597793E-015   1.0946683393615843E-015  -8.7919171322109665E-016   5.5653028165527377E-011  -2.1897083979163699E-008  -2.6709530689173355E-009  -1.1514048796144290E-017  -2.8284779420676978E-017   1.1417259000761955E-017   3.5191196648332348E-017   3.9271023684639480E-017  -1.4965122574408463E-017   6.5459075925084563E-017  -1.7505417270345897E-018  -4.9874603174735123E-017  -1.0112439772457354E-017  -5.2065024370343024E-017   1.3610567547537219E-017   5.6267188925439992E-017  -4.2881517230479796E-017  -2.3512185625338794E-017   6.9620965958363146E-010  -1.6438282636749682E-017   3.2497156308495847E-017   2.5059352788014080E-018   2.9636808401623661E-017  -2.0787989936160897E-017  -7.5825727393544013E-018  -5.6005442796932167E-017   3.1644753786567039E-017   4.2649883684599576E-017  -2.5453793725269032E-017  -3.7392331372389251E-016  -1.2724872089450038E-016  -1.1396748529180736E-016   8.1482586531112341E-016   1.5325640235136108E-015  -4.4090248234169985E-016  -4.0172701461184770E-011  -1.0469932299004071E-009   4.3552173224190215E-010   4.0777897746192730E-011  -1.5758764584597930E-008  -1.9317548429084917E-009   1.3590249650786798E-009  -2.6588358070727362E-011  -1.0116278247315126E-012  -6.0745129164510260E-018  -1.5851000376067485E-016  -7.4085693970186706E-017   8.1004538299559184E-017   1.7931973215928030E-016  -7.4929947491321693E-017
   2.9829766486536318E-009   1.1018983857429564E-008  -3.1325123741851904E-008   1.2350821170145308E-009  -4.9592810078293390E-015  -8.8144204502807724E-016   4.6504962087898440E-015  -2.0345606189089860E-015  -1.3028223138761820E-015   6.9938396726043463E-015   3.3919515851567395E-009   1.2528082211700818E-008  -3.5610598597660761E-008   2.9207978496122552E-009   3.3688909741046296E-016   3.4666505103179868E-016  -1.0070279669778660E-016  -3.4509584320351476E-017  -4.1021150241124485E-016  -4.1747255755019560E-016  -3.6892000474461564E-016  -2.5435478170551517E-016   1.4828365848335799E-016   2.6465134661294344E-016  -1.6097407584548022E-015  -4.2732235735600466E-017   1.5687567478384934E-015  -2.0967741242776476E-015   1.2473014655540440E-016   3.7065071819015611E-015   2.2413683148700848E-009   8.2958633571139871E-009  -2.3630545242341555E-008  -4.5815536677748094E-018   3.0725615286781529E-017   1.8263686416131042E-017  -2.5402067594410051E-017  -4.5920324591343556E-017   3.3451419664167957E-017  -6.2684681358610207E-017   3.0043903003167216E-017   4.2877608219079477E-017  -4.0657263075128932E-017   1.1653430629507669E-017  -2.5295575592071770E-017   4.9326000400855681E-018   5.9522543916232161E-017  -2.1850649370033116E-017   1.2562018197713304E-009   5.7653097376778393E-017  -1.1186840384345992E-017  -6.7663225426149207E-018  -8.6269964662078934E-018   2.4492447534416724E-017  -6.8722341807011143E-017  -8.0331904181305074E-018  -4.0298263477997439E-017   2.1961390039072145E-017   3.5084446570993938E-017  -1.6820200529279814E-015  -1.1008640285539351E-016   1.4394383755939859E-015  -1.0839400473356178E-015  -5.0760200860653740E-016   2.7659601606926645E-015  -3.4798368588817650E-010  -4.4025238532584679E-010  -1.1666672564721777E-009   1.6207640141638404E-009   5.9844916957776835E-009  -1.7005669055936432E-008   2.4507172729611610E-009  -2.5873141928290819E-011  -2.5862072141521059E-013  -3.0754203832926660E-016   6.0651737120513523E-017   1.9237955661620480E-016  -1.8831041660045813E-016  -1.6877411849184017E-016   4.9585247002133061E-016
  0.18098095975747130       -2.6042484483376795E-009   1.3943204381697629E-009   2.5418095217515490E-008  -3.3503124926967406E-008  -1.0645961752141268E-008   4.0264662212279730E-009   3.0111173044779697E-008   8.5203725998909446E-011   3.3919515851567395E-009  0.20576291655439724       -4.7093623921477853E-009  -1.8030212486395933E-008  -1.9529547745183402E-007   2.2468793117157091E-009   2.5665867889858897E-009  -1.4806414601851167E-009  -2.3860460865369784E-010  -1.3350949164553766E-009  -2.7757635174725243E-009  -2.5874885371206156E-009  -7.1837739236910743E-010   9.0489221103982537E-010   1.6390504559451472E-009  -6.3161710078615800E-009  -5.9194838593573594E-009  -8.4981102427285917E-009   5.8150806874222047E-009   3.3193897906057445E-009   5.0108470826081593E-010  0.13629757773488455       -2.2521514400244901E-009  -9.8392415333780981E-009   2.5893569403742196E-010   1.3648117712040005E-010  -4.6954351955552078E-010  -4.7780635288705194E-010  -2.5427751163464382E-010   2.2956001578249954E-011  -5.8809218571682670E-011  -7.3930193193621279E-011  -1.0420839675055459E-010   5.2464736511584467E-010   1.6511985418510444E-010   1.8359254302668928E-010   1.8775338333940585E-010   5.9350963268147171E-012  -1.1995102848184789E-010  -5.2683997586639627E-008   1.4038147796589051E-010   1.5009438118048868E-011   1.6914462033467929E-010  -6.2945548402493824E-012  -2.5793387854037138E-010  -1.8202097808322561E-010  -2.6762501185511146E-011  -8.3111295248468437E-011   2.0896132025981462E-011  -6.4126004756274454E-011  -8.7607806390543625E-009  -2.7307108244199183E-009  -2.3100879553886300E-009   8.0954905481168711E-009   1.1826035412402284E-009   6.6528953981200584E-010  -5.0392373625236693E-003  -5.0965102749342150E-010  -3.9649153318581894E-009   9.8285557253955075E-002  -2.3430599624752120E-009  -1.0613890178895730E-008  -1.0963036576905885E-007   5.0338999106513633E-009   9.6014346794776584E-010  -7.0306085571370315E-010   5.1256879629776093E-011  -8.7353528188997673E-011   1.1322741740840935E-009   4.0871666186846769E-010  -4.2921332989663753E-010
   3.6087443322431597E-009  0.18098096170108569       -1.4061449024639828E-009   3.4696824264248438E-008   6.0402330992174934E-009   2.3395791323625051E-009   3.4037625997910796E-010  -1.8568317585561708E-008  -3.2999379348851328E-008   1.2528082211700818E-008  -4.7093623921477853E-009  0.20576290947888495        7.8123397066290668E-010  -2.2038080719965375E-007   5.7014341370054198E-011  -1.8466294741195995E-010   1.1566408505453078E-009  -1.1155250699540780E-009  -7.4668477776418927E-010   1.0390345732846850E-009   2.0463657103637291E-009  -2.4717706344574275E-009  -2.5609795959667602E-009   9.8024031033723621E-010   2.5244460634901436E-009  -8.5985429415328530E-010   4.0795512084620742E-009  -1.0267981746591999E-008  -6.5366002624741814E-009   7.7435236887177942E-009  -4.7567450562582384E-010  0.13629757437743181        1.3376412821548399E-009   6.7088010108408623E-011   1.9359632040516212E-010  -5.7344687900205064E-011  -2.2682409938018536E-010  -2.6365818815578159E-010   1.0897695834320358E-010  -4.4008447994735103E-010   3.2652704255553698E-011   3.3069897939659300E-010   3.3006335606459410E-011   3.2014030950397440E-010  -9.9980423653951291E-011  -3.3553800047062725E-010   2.9649997368041992E-010   1.2897605611324728E-010  -5.3275250899118108E-008   1.3470533502631514E-010  -2.0314089134805603E-010  -1.6729800886763919E-011  -1.7678119885204051E-010   1.4642827418987619E-010  -3.9447830238599066E-012   3.2416448292860318E-010  -2.0571521317773895E-010  -2.3182253134661647E-010   1.6580108494955117E-010   1.1589230264640966E-009   7.0261270286918426E-010   1.6766216831253408E-009  -5.6660118053823101E-009  -9.4598164198881130E-009   4.5070892021555919E-009  -1.8672206433619855E-009  -5.0392400374207127E-003   1.8774173981759790E-009  -2.6289734520261274E-009   9.8285552306236756E-002   2.2654823010954732E-009  -1.1776834066561846E-007   6.2016702892739546E-009   1.1183246579656947E-009  -1.7162100826589218E-010   1.0180857722291801E-009   5.6550645379725227E-010  -5.9050447922125917E-010  -1.1254975671048120E-009   7.6212516307531926E-010
   8.2799563341626202E-009  -3.7802141423952706E-010  0.18098096017461654       -9.8270176180085844E-008   2.7497940393087642E-008   4.9152163271478758E-009  -2.6199814214936490E-008   8.1126614453888718E-009  -4.0427061054647596E-009  -3.5610598597660761E-008  -1.8030212486395933E-008   7.8123397066290668E-010  0.20576291206998962        2.0525488128505910E-007  -1.7339077412907809E-009  -1.8399223698473581E-009   9.6679520694463612E-010  -4.2494176543552433E-011   2.0867191564088686E-009   2.3687770420912141E-009   2.4886850595488225E-009   6.9239734524685724E-010  -1.4989991790204111E-009  -1.2367304872097244E-009   9.6340483228208685E-009  -6.4230313577993376E-010  -8.6012140052975086E-009   9.0876441965743018E-009  -2.7453138880880933E-009  -1.8721675887339701E-008  -7.2005379184402301E-009   7.7424081854179508E-010  0.13629757636462458        8.2741093106902477E-011  -8.5580061308853905E-011  -1.8279044537164983E-010   1.3750590152959025E-011   1.4817332522832777E-010  -1.5909854140025117E-010   1.8669114198406432E-010  -1.6626037401041190E-010  -1.3565459440852005E-010   3.0671420597063171E-010   6.6743757385849768E-011   1.2933305658576605E-010  -1.3099659063118712E-010  -2.3977461435649709E-010   1.6514291830369965E-010   3.7311059848062858E-008  -2.7327015108585966E-010  -8.7165225639327079E-012   5.7705479571603292E-011   4.5884113161991951E-013  -1.0483817688797481E-010   3.6617204868899635E-010   1.4720319857280413E-010   1.6772951647172777E-010  -1.8877749541121640E-010  -1.6805897812975729E-010   9.2222369878391092E-009   6.1076691142150320E-010  -7.9675079618978252E-009   5.0294158011980447E-009  -2.6419184141613680E-010  -1.4251651274249840E-008  -5.7285227319481335E-009   2.2464330188841977E-009  -5.0392355398845463E-003  -1.0920435435489009E-008   2.4757115523063400E-009   9.8285557563725645E-002   7.9326248951466847E-008  -9.8998723446943982E-009  -2.1503663320550945E-009   1.6026088783676841E-009   1.6934192676713706E-011  -8.9870249939156645E-010   9.5610679582410930E-010   6.4842726118966429E-010  -2.5587155928061093E-009
  -3.5542530141256561E-009  -1.7866497580786718E-008   5.0527364624293190E-008  0.36132019674867660       -4.2881733916449149E-009   7.1306237688922277E-010   8.5455442841072726E-009   1.3670092768634776E-009   1.6198521379909286E-009   2.9207978496122552E-009  -1.9529547745183402E-007  -2.2038080719965375E-007   2.0525488128505910E-007  0.85453492257906305       -1.0704990191180412E-009  -8.3981895230480041E-010   5.9835767736049999E-009   8.7671638030210813E-009   5.4207468816557973E-009  -7.3309789859573794E-009  -5.9320396166105576E-009   8.0993250860362016E-009   8.7984861941595588E-009  -1.0496769397899172E-008   1.6342158412704808E-009  -1.1667109516998852E-009  -8.6832792122280840E-009   9.2198032140696870E-010  -2.2151884931161004E-009  -2.5573612772848068E-009  -1.4821793471057073E-007  -1.6350368019794978E-007   1.4118437817504629E-007   4.0911185630175981E-010   5.4706489544778591E-010  -6.2647913343021620E-010  -3.9097225244870245E-010  -1.0592751773314807E-011  -3.2749109083769699E-010  -7.6415197093814087E-010   1.4353793342248474E-010   2.9126265673408440E-010   5.1948210170140608E-010   2.8266225820080082E-010   4.3263767589155874E-011  -1.0539384771168502E-010  -3.5366888953410510E-011   2.4648909257675640E-010  0.36742072440805262       -1.0472111733004666E-010  -1.3515344469711847E-010   4.9923733845268036E-010   6.4598453756284678E-010   4.9222967133437627E-010  -5.0549329806096446E-010  -4.9278805486525159E-010   8.2976848888504844E-010   7.9629793186387564E-010  -9.9058114493097771E-010  -2.0607359717603922E-009  -4.9769266677762452E-010  -9.1356354425401778E-010   7.5787302566531773E-010   6.9371297122398843E-010   1.3029525631183106E-009  -5.8020998259703101E-008  -3.5727453943392191E-008   9.1453909931765366E-008  -1.4107776776651970E-007  -1.3171677887013540E-007   1.6738155103941151E-007  0.71697431227561914       -1.0247473395628315E-002   1.0582079155953205E-003  -5.8225876505007203E-010  -1.3733727225189254E-011  -5.9588037476525176E-010   3.1604333916460090E-010   1.0027459644468145E-010   2.6622998770905151E-010
   1.9761529290574381E-009   5.0098222338356964E-011  -1.5249892514230738E-009  -4.5312214606214662E-010  -5.9049459099719297E-016  -1.5793139982416594E-016   2.5418029391671152E-016   2.5360592972566739E-016   2.3862360092001779E-017   3.3688909741046296E-016   2.2468793117157091E-009   5.7014341370054198E-011  -1.7339077412907809E-009  -1.0704990191180412E-009   4.0511964073896521E-017   4.4530822846746473E-017  -3.1502997717876304E-017  -1.3558398184037593E-017  -3.9168089094056417E-017  -4.0792566983010181E-017  -4.1216426800814723E-017  -2.4523676311595704E-017   1.0766760254838409E-017   4.1760146927010411E-017  -1.5149890629096697E-016  -5.7934063751592939E-017  -8.5046352932278769E-018  -1.7148116073058991E-017   6.0228464385071239E-017   1.6864829014605582E-016   1.4869521628330316E-009   3.7165984112541691E-011  -1.1474746356170668E-009   1.6347086037982004E-018   1.5781012765242942E-018  -2.8139932231075272E-018  -4.9038701734017063E-018  -4.0846021196589646E-018   2.0321097207731160E-018  -1.3767473528869750E-018   4.2152113187238800E-019  -2.7016389483756037E-019   2.4998123308274631E-018   9.7309866566095342E-019   8.3248464745425987E-019   3.1943194310726099E-018   2.2119976073879358E-018  -2.9753348396129543E-018  -4.6378186419671272E-010   3.9932437520887637E-018   3.5550497726738472E-019   7.2967333638794638E-019  -9.2965405331418732E-019  -2.5005226798689751E-018  -4.4275364525684281E-018  -8.2896141063975584E-019  -3.3979653918473777E-018   7.5664465146551383E-019   1.9890845295180406E-018  -1.7040675732069880E-016  -3.4151381986412584E-017   4.3850433876498076E-017   4.3630754574839150E-017   1.1814908883393005E-017   1.2677585363674984E-016  -1.2209259995829243E-010  -3.0509581768860363E-011   9.4236991652200187E-011   1.0733929717253409E-009   2.7294195515574957E-011  -8.2833314857150204E-010  -8.9896706456226316E-010  -8.0593486629937352E-011   2.0766795367261022E-013  -2.0190928268528269E-017   9.0302240669600187E-019   7.8148072127111915E-018   3.8785589764615326E-018  -1.3153638454901513E-018   1.6312350492413956E-017
   2.2575251696799691E-009  -1.6243336139639704E-010  -1.6183965992924453E-009  -3.5521892377737278E-010  -6.6501055837296879E-016  -1.7954357590698560E-016   2.7576244446606928E-016   3.1834583899900305E-016   6.5234087272094996E-017   3.4666505103179868E-016   2.5665867889858897E-009  -1.8466294741195995E-010  -1.8399223698473581E-009  -8.3981895230480041E-010   4.4530822846746473E-017   4.9459789641426025E-017  -3.4036977633432725E-017  -1.0216162527992558E-017  -3.9971816754664297E-017  -4.9526477142390777E-017  -5.0531485475728383E-017  -2.0893751732556226E-017   1.8335437332792742E-017   4.0943291663325833E-017  -1.6879312940758341E-016  -6.6199935366956703E-017  -2.4079244089156431E-017  -3.3615432277725161E-019   7.4000227706923457E-017   1.6913022385585304E-016   1.7008045242892156E-009  -1.2245468643672865E-010  -1.2196659536401501E-009   2.0275807327251095E-018   1.7562294579349592E-018  -3.5557236954268605E-018  -5.4954575165771490E-018  -4.2495017512404829E-018   1.9336251165833053E-018  -1.2565822474817050E-018   3.9518886527653666E-019  -6.7036509310606316E-019   3.2611665630798901E-018   8.9828172080742001E-019   1.1808987585285750E-018   3.9173753126057122E-018   1.9864929093185648E-018  -3.3308706075005953E-018  -3.6197955930693466E-010   4.1829415335983818E-018   5.7611351766219933E-019   1.1199892354273531E-018  -5.5210896106517604E-019  -2.8994549579130438E-018  -5.0595795341752282E-018  -1.4615765624726938E-018  -3.1725645346382021E-018   1.3848425033537291E-018   1.5301437336171781E-018  -1.9084179022030480E-016  -3.9671876288186353E-017   4.1630973714580073E-017   6.0223905394987852E-017   2.4950762623014207E-017   1.3061777139366116E-016  -2.9171628735082689E-011  -1.9641793296802104E-012   1.4492660940808491E-012   1.2258964441419702E-009  -8.8193377050057881E-011  -8.7877437000832121E-010  -7.0482727714543374E-010  -1.3564151192203290E-011  -2.4374179563171968E-013  -2.2616552295806125E-017  -4.4984080547765547E-019   6.8929417033997420E-018   5.6956250702316116E-018   3.3540747707914369E-019   1.6920912443279235E-017
  -1.3026255698734565E-009   1.0173088196418531E-009   8.5015677489786645E-010   2.5317577603982791E-009   3.7411048593552069E-016   1.1781007823705742E-016  -9.0153858507389419E-017  -2.7341028056922816E-016  -1.9376490272747122E-016  -1.0070279669778660E-016  -1.4806414601851167E-009   1.1566408505453078E-009   9.6679520694463612E-010   5.9835767736049999E-009  -3.1502997717876304E-017  -3.4036977633432725E-017   6.3678570559189999E-017   5.6709110388644220E-017   5.3183582919506545E-017  -1.4444643274018151E-017   2.5482330693781789E-019   5.1282686451097299E-017   3.3694238934217035E-017  -8.5687210733340433E-017   1.1665467615199626E-016   2.6697008646710445E-017  -1.7576946791302950E-017  -5.0434836111547046E-017  -8.9022019898147601E-017  -6.6227995454776324E-017  -9.8460145321029699E-010   7.6581565101594086E-010   6.3799754819655220E-010   1.7679243073646498E-018   3.5386437670775417E-018  -2.1912178882035104E-018  -5.1011364145533397E-019   9.6969510049970033E-019  -2.5941351991776362E-018  -6.5314446261362545E-018   9.3493684419401159E-019   4.0153391961690996E-018   1.4942896798883394E-018   2.9072264453238939E-018  -9.7443010692806749E-019  -4.5956186608256951E-018   2.5167335838357619E-019   4.0933535671387511E-018   2.5852119679027029E-009  -2.2649613096795076E-018  -2.2353991287139428E-018   2.3952797072227672E-018   3.5491409975554686E-018   5.6424710338850196E-018  -5.1055572854485946E-019  -7.4174740149689203E-019   6.0272186012332481E-018   3.2302666808326424E-018  -6.2779168795879615E-018   9.8083259962964682E-017   2.2941612303421932E-017  -1.6927132365671443E-017  -6.1299413030314726E-017  -5.8014524876398183E-017  -3.6783142018766712E-017  -1.4910652506337751E-010  -4.5025488552071558E-011  -1.4047142348168617E-010  -7.0686451942198444E-010   5.5252031774459823E-010   4.6204648874071228E-010   5.0231894540532716E-009   2.6089264086186987E-010   8.4242854035703745E-013   7.6733513641221720E-018   5.6906339445670376E-018  -3.0397634808783586E-018  -5.2633491833158788E-018  -5.2179264882676045E-018  -2.4099030143843739E-018
  -2.0989827928688042E-010  -9.8122408424701227E-010  -3.7403346291224406E-011   3.7091351361434087E-009  -4.3592349739705193E-017   5.9524305954946168E-018   8.6645586147959270E-017   7.8098150161190318E-017   1.9628440555774734E-016  -3.4509584320351476E-017  -2.3860460865369784E-010  -1.1155250699540780E-009  -4.2494176543552433E-011   8.7671638030210813E-009  -1.3558398184037593E-017  -1.0216162527992558E-017   5.6709110388644220E-017   9.6368100872447249E-017   6.0818003403103838E-017  -7.8178191056914005E-017  -6.9511493808106973E-017   9.7226452409998109E-017   1.0347646657440470E-016  -1.1473672773123144E-016   8.4339961146228072E-018  -2.8802879418208685E-019  -9.9748692913534896E-017   5.6502436536469475E-017   9.4043303498292825E-018  -6.4948375897080354E-017  -1.5845205956615644E-010  -7.3958374789558883E-010  -2.8463250274031185E-011   3.5198983821785386E-018   4.4273651800001699E-018  -5.5421470627526826E-018  -2.2338019562048313E-018   1.5848859657384018E-018  -3.9473643265780249E-018  -5.4346314251210767E-018   1.4129093198841146E-018   1.3514884387820716E-018   4.4889255215122969E-018   9.6255835180025048E-019   7.4396001221549333E-019   5.4462924022642587E-019  -1.9252512446164931E-018   1.9376919467501126E-018   3.7849383835548668E-009  -1.9062350254559754E-018  -2.9984092751585098E-019   4.9749266602633496E-018   7.5644568369159065E-018   4.5623208341295598E-018  -5.0070727879303582E-018  -6.8004403012526979E-018   9.6804972650673377E-018   9.4238598456410127E-018  -1.0923494325639885E-017  -1.9186355901263027E-017  -5.8896084620599477E-018  -1.3926418064080420E-017   2.8085705680570025E-017   5.7149974516389210E-017  -8.8983531584968840E-018  -1.3547977352452786E-011  -4.6132876797416621E-012  -1.4237722317308329E-011  -1.1393304956333463E-010  -5.3278019051553082E-010  -2.0265522010004764E-011   7.3593364877772737E-009   3.0423944879476978E-010   1.7699660230908943E-012  -4.5478738925118521E-018  -5.5979101715880712E-018  -8.5704237724368872E-018   4.9679761042299491E-018   6.6643995210936715E-018  -4.1995273573422787E-019
  -1.1740688207963983E-009  -6.5705398193502151E-010   1.8355945689951753E-009   2.2929616725619621E-009   4.4722427459310379E-016   1.1493585308901550E-016  -2.3890505769288923E-016  -3.7015068873995168E-017   8.8659527011004384E-017  -4.1021150241124485E-016  -1.3350949164553766E-009  -7.4668477776418927E-010   2.0867191564088686E-009   5.4207468816557973E-009  -3.9168089094056417E-017  -3.9971816754664297E-017   5.3183582919506545E-017   6.0818003403103838E-017   6.6969808953382754E-017  -8.2696458177435919E-018  -3.0528153861784622E-018   7.2030467640234434E-017   4.4068166197138928E-017  -9.3329408391990085E-017   1.3955896436650467E-016   2.7623036304279927E-017  -1.0186405136137678E-016   9.7678491154772241E-017  -4.0156593091582828E-017  -2.3724462287653030E-016  -8.8159792978409047E-010  -4.9827561228080418E-010   1.3846811992780146E-009   1.5133654200817317E-018   1.0154117193067800E-018  -2.5792438283880681E-018   1.5808912071045433E-018   4.0439835516088032E-018  -4.2381316363259472E-018  -9.7909881733937465E-019  -4.1554571423406001E-019  -4.8653154368644719E-020   2.8889196145871643E-018   2.3678365931732472E-019   7.5319435320235688E-019  -1.9958213800783610E-018  -3.7673926674546531E-018   3.5491904752439705E-018   2.3373789811693129E-009  -4.8404545482219128E-018  -3.0618012285336641E-019   2.7293346764269988E-018   4.7819987348112374E-018   3.1609576532137039E-018   1.7119039147906351E-018  -2.6388031742638135E-018   8.2858478875402920E-018   3.8466561249315214E-018  -8.2104888229897651E-018   1.3346934401150638E-016   1.8185153592174478E-017  -7.8095094175199169E-017   2.4010952247817638E-017   2.9111984804073551E-017  -1.5747967591419508E-016   1.6703448670070938E-010  -1.5970274935774960E-010   6.7022910545776862E-011  -6.3800629853807057E-010  -3.5629489053339194E-010   9.9650588084957814E-010   4.5496375355415294E-009   1.1206960230570650E-010   1.6750939017942651E-012   1.7609345105237159E-017  -3.6746480112228716E-018  -1.5350219741515823E-017   7.3276419020100161E-018   9.4756711834651788E-018  -2.4936893232796804E-017
