  0.12627474126613791        1.2983315472414963E-008   3.6825800046766202E-008  -2.1940283271093776E-008   3.4664020331148732E-009   1.4471623660234403E-009   1.8751786729363394E-008  -9.1260266644162918E-009  -1.6022894983721086E-008   5.6596250879469374E-009  0.20155396341209034        7.0827041592587588E-009   1.6625708569880004E-008  -3.3702945889583122E-011   2.0308591266932427E-010  -7.3977092167572759E-010   3.7055629719040957E-010   4.0174533548893300E-010  -3.2535919184722274E-010   2.0510881064745474E-010   3.2813948294324503E-010  -4.7826920686220123E-010   3.0681244104986705E-010   1.3666199171322024E-008  -4.7827203354290794E-009  -1.0064820715067849E-009   4.5275513667376814E-009  -5.0507062768621298E-010  -4.1662028602969544E-009   5.2877927580670020E-009  -3.0295321623937797E-010   2.4678246067613092E-010  -2.0329374193020137E-010   5.8280420736067504E-010  -9.0567996437980448E-011  -5.0631758706938541E-011  -1.7640195182534712E-010   1.9021757898344827E-010  -9.4425982793748296E-011   6.1513738579907443E-011  -3.0999482620228481E-010   4.8662412600727880E-011  -3.8260518516203038E-011   1.8842301300042697E-011   5.0603668155739113E-011  0.14125916888828155        6.0930745807464143E-009   1.5172363608153816E-008  -2.0039564656527266E-009   2.9357558097185192E-012   1.2316467415910479E-010   2.5315832273223505E-010   1.7162636344249719E-011   1.7233967971562889E-010  -2.1162352038414954E-011  -7.2434255383629032E-011  -1.0493148372134779E-011  -2.5983999911253694E-011  -1.8087219365720532E-010  -9.6558499886351798E-010  -7.3948334462282614E-010   6.3990674054961204E-009  -2.5926305139252313E-009  -5.9201631760655035E-009   3.5582153822910618E-009  -1.2851675521776619E-003  -1.8096730615276376E-009  -5.0210134707733408E-009   9.6001925986052949E-002   2.6046602819218971E-009   6.1015781924883937E-009  -3.4735773858425006E-009  -2.3110071864560989E-009  -4.7221447874924984E-010   1.0479877275106094E-010  -2.3496394188416385E-010   1.0640220101129088E-009  -8.0016362501253982E-010  -1.4950369897263452E-009   6.9536491700068163E-010
   1.2983315472414963E-008  0.12627474585771703        3.3478287573160831E-008  -6.8245963620761581E-008  -1.6449149338451097E-008  -2.4294668432269342E-008   2.1806459965154561E-008   5.0775256796531075E-009  -6.6737531299051126E-010   1.1371624961408212E-008   5.7933289787599482E-009  0.20155396591549474        1.6586407350967511E-008  -1.1249700437622233E-010   2.2969145769960870E-010  -3.7730445357204609E-010   4.9482562366016525E-011   1.0005881538034265E-009   1.0144850784865039E-010   1.0804582009587695E-010  -6.8751407797138185E-010  -3.7497501056608471E-010   7.9366859837172503E-010   1.9205672622236979E-008  -4.1589984737264687E-009  -7.1117425674725949E-009   3.1061522712755432E-009   4.7370535852459484E-011   2.8276695254091966E-009   4.1116534865590771E-009  -1.4195723402760649E-010  -4.1514362904394477E-010   3.8195125301537549E-011   2.3535194318723705E-010  -1.8347320190023273E-010   1.4004103238852745E-011   5.5663217443823356E-010  -8.2144031169184486E-011  -1.8982583092892053E-010   2.3031184345861390E-011  -8.9351241298254775E-011   2.1973814743309213E-010  -7.8400180184085823E-011  -8.2985515179139602E-011   3.6655118721190444E-011   5.4181572009219265E-009  0.14125917062514273        1.4760718985638588E-008  -1.5708083040614625E-008  -8.3230915926234856E-011   4.4819704733276553E-011  -5.1266078252471510E-011   1.0711103581439855E-010   2.2523350409342652E-010   4.5551650210487899E-012   3.2706117992268269E-011   2.1979019480495439E-010  -8.8752850407874186E-011  -1.2561014855705716E-010  -5.4309830839722254E-009  -8.3635798381333502E-009   6.6484028775990644E-009   3.2801532426876203E-010   1.1847202638360256E-009   5.1029643608633750E-009  -1.9271653749131686E-009  -1.2851679994889229E-003  -4.4548194523798205E-009   1.9977977965505791E-009   9.6001926957560477E-002   6.2833106932708672E-009  -2.4326381751264710E-008  -4.1437780584258761E-009  -7.8031416924828528E-010  -1.2938711121786533E-009  -1.4439427835376913E-009   1.5344084158194032E-009  -3.1090058636080378E-011  -6.9221660952093273E-012   1.3249610645567156E-009
   3.6825800046766202E-008   3.3478287573160831E-008  0.12627471542401145        3.5085379509358668E-008  -3.0024052256906209E-009   3.4479230137219097E-009  -3.4617454839834960E-009  -6.8456125038099048E-009  -2.4037525874765683E-009   9.8480180914043037E-009   2.0119503471286238E-008   1.6547403448883451E-008  0.20155395044229624       -1.6471924288283528E-010   8.0180852091699109E-012   5.2317210092679592E-010   3.2705593547266351E-010   5.4375628482301942E-010  -1.0606342429463091E-010  -6.6417916801965082E-010  -2.3373016346133677E-010   8.8307060996346174E-010  -2.1571476866308717E-010   5.1818947412155487E-009  -1.1870605457759679E-009   4.9782969420762385E-010  -1.5578514430902528E-009  -1.3859324777770035E-009   6.8873975306967011E-010   2.5729840417946057E-009   1.5684474561820397E-010   3.9669285875576880E-011  -1.0798179516069430E-010   2.1905417034360390E-011   1.9183884423311166E-010  -2.9741955727214368E-010   4.5321955483280702E-011   3.9443648482413110E-010  -1.1402815446863782E-010  -1.8601372519497524E-010  -1.0229787612048780E-010   3.4454285699815887E-012   1.5779460386968219E-010  -1.4643337932956150E-010   7.9487634859461665E-011   1.7119042688867547E-008   1.4935103790681577E-008  0.14125915764896174        9.9948327462550853E-009  -1.2852369298714620E-010  -5.4912969604386955E-011   7.1215685008078192E-011  -2.3938045101322425E-011   1.0238229073851332E-010   1.9636909388192870E-010  -1.4615442952473714E-010  -2.4227455840607047E-011   2.5100006266641693E-010  -3.5030818246487623E-011  -1.2922352573726618E-009   1.0512085758507651E-009  -1.0154238542153473E-009  -2.1490598136539345E-009  -1.0315622650951512E-009   3.4412969621043121E-009  -4.7480796238373686E-009  -4.5039860677678535E-009  -1.2851640816526019E-003   7.7444359067638572E-009   6.2944972326779162E-009   9.6001921182282499E-002   2.1610585483016830E-008   2.7031644738009092E-009   5.6598385594598686E-010  -1.0750869629187416E-010   2.3236055692628734E-010   2.4594427686499574E-010  -2.1789753441442894E-010  -2.6084583537401937E-010   3.2540637589184845E-010
  -2.1940283271093776E-008  -6.8245963620761581E-008   3.5085379509358668E-008  0.15534582802502248        1.8624999433873663E-010   7.1661072450033131E-011   3.8109776829935269E-009   2.0880334868172815E-009   2.9283783187233383E-009  -2.2742376578183601E-009  -3.2937709980580711E-008  -7.3961972214277751E-008   2.9699699093549579E-008   9.0510826853609973E-010  -1.7266494729977469E-009   1.0415888821298396E-009  -2.3786995361341049E-009   3.1590403735906219E-010   1.1643661143931542E-009   4.9188061570271703E-010  -5.2103560364002331E-010   1.0667236390474313E-009  -3.8799546433094232E-010  0.37166063645598729       -7.3115723659213530E-010  -1.2989290730911479E-009  -2.0837896829411082E-009  -4.0891228701915049E-010  -2.4564779006472332E-009   1.1394282115461049E-009  -4.9943676745332351E-011  -8.5563744424395369E-012  -1.2360832939554131E-010   5.8543127777587827E-011   1.4159160911359393E-011   2.9308992969842708E-011  -9.2177859390525228E-012   1.7585759192129819E-010   2.3822933212931048E-011  -7.4674144829388649E-012   8.2141516734608203E-012  -1.8084847861544374E-010  -7.2788987620388812E-011   1.7029212638953389E-010   2.4872169037469730E-011  -2.7013741275672117E-008  -4.4823736976616640E-008   2.1905168234773403E-008  0.15481676254601448       -2.8514942888717545E-010  -2.5622404748559280E-010   4.2206469428444324E-011  -1.3848454584237316E-010  -1.6121979843607146E-010   5.2105701401902014E-010  -7.5916861767176451E-011   1.9853955078660743E-010   3.5807746236526901E-010  -1.7944150760875887E-010  -3.1228239785747676E-010  -6.1972360797162571E-010   5.5305577894818585E-010   4.6985574610157249E-010   2.3807020715754255E-011  -1.5751299143263840E-010   5.4650780226267312E-009   4.7897979161103370E-009  -7.4712671070140320E-009  -1.1735207130134478E-008  -2.8878646400395266E-008   7.6023288121705993E-009  0.31937173188996509        4.9383069000614047E-003  -2.3003174867938008E-004  -1.1891048764795181E-010  -2.3996432467253713E-010   2.9527664203236450E-011   1.2178354182000757E-010  -1.3018165006368215E-010  -2.8783744513981813E-012
   3.4664020331148732E-009  -1.6449149338451097E-008  -3.0024052256906209E-009   1.8624999433873663E-010   2.3097353286072515E-015   3.1226049116514781E-015  -2.2390614004602486E-015  -7.4676114664945542E-016  -2.9217109594380361E-016  -1.5629742854208126E-015   5.5332613764450473E-009  -2.6255605037060696E-008  -4.7920993224075471E-009   1.8744560499406903E-017  -2.6591593839498831E-017   1.7696067323341949E-017  -6.9322301873654366E-018  -1.3184109553332809E-016  -1.8216837983046322E-017   7.9161092478469285E-018   1.0346610343321917E-016   1.6013297262243118E-017  -9.0309432960788518E-017   4.4518998430618947E-010   4.3710157847649271E-016   8.8538653393517396E-016  -2.4567436609350450E-016   1.2780328274994898E-017  -5.0251722177942756E-016  -4.4988571930507091E-016   6.3894235590809164E-018   5.9898601855658452E-017  -8.1352060791499366E-018  -1.5113979805422209E-017   1.6870299624460118E-017   3.8913936803952065E-018  -7.8439249755844429E-017   6.7512127982269948E-018   2.4874728138414990E-017   3.1031735806094288E-018   5.5738290267021659E-018  -2.7585514121597791E-017   5.3236498807605821E-018   1.5011134913288414E-017  -5.2453124138459631E-018   3.8704946592972675E-009  -1.8396341993259657E-008  -3.3628640973583584E-009   1.8681438677517164E-010   1.3620242188606640E-017  -1.4791393549734949E-018   1.1896580752323191E-017  -1.3043235780644301E-017  -2.7275075466120306E-017  -5.2318524073870833E-018  -2.8124819736454962E-018  -2.8053682227546836E-017   5.2596009139572775E-018   1.2042946496724493E-017   7.1275419537904710E-016   1.0433338101498887E-015  -6.6603348137056670E-016  -6.2712871376443323E-017  -2.9181369832196040E-016  -6.5004085862562676E-016  -5.3419084161229507E-010   4.9421832760692428E-010  -2.5702279584265866E-010   2.6363112663095710E-009  -1.2506280027465667E-008  -2.2820750795401038E-009   3.8280263350457120E-010   3.8289871178980650E-011   4.1715809378305362E-013   1.7597428034672347E-016   1.7540158394241376E-016  -1.7692532508960328E-016  -1.3295415284199120E-017  -3.3167228436488457E-017  -1.6267885933255704E-016
   1.4471623660234403E-009  -2.4294668432269342E-008   3.4479230137219097E-009   7.1661072450033131E-011   3.1226049116514781E-015   4.7850697510627308E-015  -4.0733633831754181E-015  -1.2674215411969506E-015  -1.1964502363709464E-016  -1.8551835734014685E-015   2.3101363277436933E-009  -3.8777795641174291E-008   5.5034386061673417E-009   1.7179550737462032E-017  -4.2422674220353853E-017   7.8896313564329576E-017   2.5671440545521530E-018  -1.7288120208576427E-016  -2.5616312135988226E-017  -3.6353413622765337E-017   1.2942891252742849E-016   9.1258406449615132E-017  -1.5527578267033975E-016   1.7054081475305422E-010   7.1242916942292830E-016   1.3694619543325499E-015  -5.8897986697802295E-016  -5.2927908839571648E-017  -5.7383281038481906E-016  -6.5950667626427103E-016   2.8101054551148509E-017   8.3782112831590142E-017  -1.2683550841691008E-017  -3.7977523361460199E-017   3.9507590663934559E-017  -1.1383537639590579E-017  -1.0788419992376357E-016   2.8835393504782854E-017   3.2336125897305842E-017  -8.8090367044587919E-018   1.0850305153177035E-017  -4.1710513921547194E-017   1.8918641670144661E-017   1.2263334975359606E-017  -4.2886634511258085E-018   1.6138616291106587E-009  -2.7182681896669134E-008   3.8567766332838331E-009   7.4105917131650672E-011   1.2411681185802095E-017  -8.8640098495043148E-018   1.4689055299449931E-017  -2.1153718100366889E-017  -3.8706784644600552E-017   4.5009490495578526E-018  -1.1133163885141456E-017  -4.3015720471399908E-017   2.3810774062281166E-017   2.1113173100743915E-017   9.9879538702899997E-016   1.6297561427449161E-015  -1.2335886444899356E-015  -1.5139114898485298E-016  -3.2471233012268452E-016  -8.4740350682350610E-016  -3.6081983149063165E-010  -1.0227265760306965E-010  -5.5710822425509692E-011   1.1008725287411488E-009  -1.8469665741067119E-008   2.6213683747229267E-009   1.4709801414929079E-010   7.4815930492642183E-011   8.2206770943422221E-013   2.4794959752015479E-016   2.8232531054282382E-016  -2.7693942468493026E-016  -9.3578084824534063E-018  -2.3918579680403505E-017  -2.3859176676651213E-016
   1.8751786729363394E-008   2.1806459965154561E-008  -3.4617454839834960E-009   3.8109776829935269E-009  -2.2390614004602486E-015  -4.0733633831754181E-015   6.7390439306520622E-015  -2.3929579396401390E-016  -2.3568531344343830E-015   2.4783586000173034E-015   2.9930412573305260E-008   3.4806613137871673E-008  -5.5251789234005911E-009   2.2592664795027222E-018   2.7213312841212193E-017  -1.6382210322693383E-016  -3.7481856309771183E-018   2.2529356138579014E-016   7.1413719287822963E-019   7.9389614724784305E-017  -7.6343766141119962E-017  -1.3378181406415194E-016   1.7900852443973658E-016   9.1171855640864890E-009  -1.4136279266355824E-015  -1.4230709028096377E-015   1.1995788292022777E-015  -3.9469395612927440E-017  -2.0958889198024378E-016   1.4530865137843489E-015  -7.5032494314038804E-017  -3.6341954965472608E-017  -2.3665457409213344E-017   1.2802908937299102E-016  -5.0045138961680163E-017   3.7756542833413004E-018   6.8459919272483923E-017   7.5630797145050631E-018  -4.3091262437629565E-017   1.8028218074557997E-017  -5.8458911561013605E-017   4.0640690027344364E-017  -2.5335217901136113E-017  -3.3394599608158460E-018   1.2275439338173002E-017   2.0983879054396422E-008   2.4391183801080770E-008  -3.8791369177668612E-009   3.7996296995236022E-009  -1.7349855510883818E-017   2.1296063238303823E-017   2.7875806527469368E-017   1.8300371761065880E-017   5.7722123637174405E-017   4.9679899712847962E-018  -2.9587754631127042E-018   4.1884036006560251E-017  -1.7335782813956853E-017  -5.1995661554558709E-017  -1.0540844452011331E-015  -1.5981274017632136E-015   2.1413942428294728E-015  -2.5678825593492787E-016  -6.4555210288363699E-016   1.3108735225628236E-015   2.8443280951999332E-010  -4.2460641576120102E-010  -4.1847676314431051E-010   1.4255385268374263E-008   1.6579008912628994E-008  -2.6309917982205587E-009   7.8348018781169700E-009   1.6478067609465883E-010   2.3444460910310001E-012  -2.0870675556133137E-016  -2.9629342636594357E-016   4.1937461897437137E-016  -1.1359485081923637E-016  -2.1927778884979706E-016   3.2230146230729066E-016
  -9.1260266644162918E-009   5.0775256796531075E-009  -6.8456125038099048E-009   2.0880334868172815E-009  -7.4676114664945542E-016  -1.2674215411969506E-015  -2.3929579396401390E-016   1.2630638751079063E-015   1.3008044125970504E-015  -5.1630211748673929E-016  -1.4566749312811552E-008   8.1047691825265322E-009  -1.0926424567967625E-008   1.8980285836909221E-017  -2.9100107827468155E-017   2.3913131380675906E-017  -7.4478155877898739E-017  -1.4024112550222426E-017   4.9014957318992637E-017   3.2135504991145504E-017  -4.5654638040942029E-017  -1.4027063290306711E-017   1.6203921051139792E-017   4.9958323237598433E-009   2.3314498362545752E-016  -2.5775212753994551E-016  -1.4636108829541176E-016   1.0751476645572336E-016   3.4458520544567064E-016  -3.4066700009645222E-016   7.0095607608513013E-018  -3.6792465476794830E-017   2.0420597430311009E-017  -3.3054132169464363E-017  -1.1041186816866663E-017   2.0742211771110567E-017   3.2548270124816331E-017  -3.6069625802929604E-017   5.6939758348765082E-018   6.4641247485657916E-018   2.4466999595479151E-017   2.6994826692852811E-018  -9.9229236850263145E-018   5.5301208199852757E-018  -6.1578020784847501E-018  -1.0204681270679002E-008   5.6747806354148329E-009  -7.6627485663362685E-009   2.0801162471767537E-009  -3.7144673084655785E-019  -7.5442118954169402E-018  -2.3613380971960268E-017   2.4801401876005600E-018  -1.1144447079064220E-017  -1.9772573579082331E-018   1.3457075647440485E-017   1.3514924016594733E-017  -1.0512712219255984E-017   7.5274192271929442E-018  -8.3236562887050696E-017  -3.4784781624567060E-016  -1.3146725085458214E-016   3.2430174320633969E-016   5.3141921351375372E-016  -2.4106459810334303E-016   3.8786427677691937E-010  -4.1451679456430011E-010  -2.6056314590842363E-010  -6.9387260244179718E-009   3.8609331089471519E-009  -5.2038425432828642E-009   4.2928035155102422E-009   4.4745973209941789E-011   8.7496325173409146E-013  -5.6007991255061505E-017  -5.6257324610670065E-017  -2.6469819439927958E-017   7.1305185624466395E-017   1.1956629868226358E-016  -1.5297282702025364E-017
  -1.6022894983721086E-008  -6.6737531299051126E-010  -2.4037525874765683E-009   2.9283783187233383E-009  -2.9217109594380361E-016  -1.1964502363709464E-016  -2.3568531344343830E-015   1.3008044125970504E-015   2.1378388860868131E-015  -1.0086325225525148E-015  -2.5575160076104101E-008  -1.0656194666168553E-009  -3.8365711206562770E-009   2.5072633600378897E-017  -5.9710169198540857E-017   1.0554632828579774E-016  -9.8386096471461034E-017  -6.0681669484846134E-017   6.4750157439343574E-017  -4.6847922626002405E-018  -4.3412208469080539E-017   6.5997282774937053E-017  -4.6312487329023979E-017   7.0052347531243374E-009   6.3748259205480742E-016   1.3164018481012478E-016  -6.0095619573460079E-016   8.2567112105892542E-017   4.5362830098758034E-016  -7.2006196607203993E-016   3.5263304145517246E-017  -3.0040748323808871E-017   2.5319610511032578E-017  -7.4508431569425485E-017   9.0758036688924833E-018   1.2566621806341086E-017   1.8408414381354221E-017  -2.7896909081232331E-017   1.5606051200634165E-017  -4.5264439591040973E-018   4.1908670879466651E-017  -1.0808264350248893E-017   8.9419218950105536E-019   4.0435909619511997E-018  -7.6606112812145560E-018  -1.7921131222974532E-008  -7.3842805822361066E-010  -2.6928504944170499E-009   2.9209635281452791E-009  -2.8641964579378883E-018  -1.9606213366340411E-017  -3.2409413854396312E-017  -4.8437698815260601E-018  -2.7990353678582423E-017   8.6943226188648515E-018   1.0384431444067860E-017   4.4392378611613699E-018   5.6746514904583261E-018   2.0847931667479229E-017   1.7023268762456803E-016   1.0548075016291375E-016  -8.1682344989815283E-016   3.7712206738564132E-016   7.6628629188631419E-016  -5.4735362145908379E-016   3.7807610068248697E-010   5.6685626076683875E-010  -2.4104695360931582E-010  -1.2182005479748593E-008  -5.0842811077787385E-010  -1.8269826777715258E-009   6.0201830002298511E-009   1.6200791791661897E-010   2.0269079309088329E-012  -6.4776422790529274E-018   2.7169921636971210E-017  -1.4612592098297415E-016   1.0843856058921188E-016   1.9394911658375836E-016  -1.0196103000996476E-016
   5.6596250879469374E-009   1.1371624961408212E-008   9.8480180914043037E-009  -2.2742376578183601E-009  -1.5629742854208126E-015  -1.8551835734014685E-015   2.4783586000173034E-015  -5.1630211748673929E-016  -1.0086325225525148E-015   2.0792758954289531E-015   9.0334886808418741E-009   1.8150837937397555E-008   1.5718524466178086E-008  -3.7724573312812093E-017   5.5691189865371155E-017  -4.1608888324365947E-017   8.1409670973970098E-017   1.4586531783647770E-016  -3.0797770546028155E-017  -4.0051467689952479E-017  -5.7811631050660974E-017  -1.9859187901683421E-018   7.4105404040989932E-017  -5.4409147189436526E-009  -6.7024686553337752E-016  -6.2763489155452418E-016   3.9203487067321443E-016  -1.2029521507131581E-016   1.5793128107959451E-016   7.9055314302745106E-016  -1.3399001438470553E-017  -2.3106142363724395E-017  -1.2285428944496156E-017   4.8168134251709797E-017  -5.8291099990302571E-018  -2.4633597627438792E-017   4.5890981844319967E-017   2.9318467228565183E-017  -3.0568698919918910E-017  -9.5673011517395978E-018  -3.0040828331545117E-017   2.4885979438556624E-017   4.5992510650576345E-018  -2.0541205813696748E-017   1.1403123016158360E-017   6.3341867955401538E-009   1.2721562737831467E-008   1.1025613107141131E-008  -2.2668785706763355E-009  -1.3248882754929163E-017   9.0232797320432215E-018   1.1716807647483165E-017   1.0563062027335285E-017   3.8419475510150030E-017   7.2092604528530861E-018  -1.0644616445289262E-017   1.4538819513431396E-017   5.2532133710029729E-018  -1.9570416952650323E-017  -6.2951773948405512E-016  -6.9548621345848590E-016   7.9750097641470416E-016  -2.6158876817951330E-016  -2.3960550633590462E-016   8.9110546008411528E-016   1.4630408213061975E-010  -7.9706858845019561E-011   5.1758859428140371E-010   4.3024151474015008E-009   8.6453479188043240E-009   7.4859178929838411E-009  -4.6755124261182320E-009  -8.2861828737174839E-011  -1.2539672608193453E-012  -1.1996626112247678E-016  -1.1914428469406576E-016   2.0339516828957551E-016  -5.8009767506951193E-017  -8.6399079389181182E-017   1.7797611122869047E-016
  0.20155396341209034        5.7933289787599482E-009   2.0119503471286238E-008  -3.2937709980580711E-008   5.5332613764450473E-009   2.3101363277436933E-009   2.9930412573305260E-008  -1.4566749312811552E-008  -2.5575160076104101E-008   9.0334886808418741E-009  0.32171216196770719       -1.2525687789258551E-008  -3.5170730233590065E-008  -5.3760739095870405E-011   3.2422641594355741E-010  -1.1807067748431090E-009   5.9145286652717880E-010   6.4131239958220169E-010  -5.1935746091441685E-010   3.2735209332921318E-010   5.2373052986483951E-010  -7.6341684580471319E-010   4.8968195101527415E-010   2.6801432565296807E-008  -7.6351387528135446E-009  -1.6068884201702952E-009   7.2277082549977061E-009  -8.0533585635608494E-010  -6.6499553380437393E-009   8.4404775010244266E-009  -4.8355140787566166E-010   3.9390642633853750E-010  -3.2448550009418392E-010   9.3023613810097783E-010  -1.4455788929554347E-010  -8.0822031288946778E-011  -2.8156584667757139E-010   3.0361189138046719E-010  -1.5072169560252146E-010   9.8186252609717266E-011  -4.9479457762501271E-010   7.7672671916678672E-011  -6.1069168713839097E-011   3.0073323700169386E-011   8.0774340350999017E-011  0.22545154422733465       -6.9746844748243734E-009  -1.9026717641769962E-008  -1.1488889162187323E-009   4.6336507147122806E-012   1.9648165187690839E-010   4.0389351281674697E-010   2.7394940586996508E-011   2.7494513578232282E-010  -3.3708859402719311E-011  -1.1554258895287317E-010  -1.6714495335183946E-011  -4.1465124807249925E-011  -2.8858660316948845E-010  -1.5387159808713516E-009  -1.1794838629143421E-009   1.0211748463706400E-008  -4.1397211999049981E-009  -9.4502112945742045E-009   5.6784369730268834E-009  -3.4190261942523273E-003  -2.6412324290811883E-009  -7.3778159284305401E-009  0.15323644405461886       -7.1965053028020009E-009  -1.9660237772120971E-008  -1.2699772076972466E-009  -4.3864678223012291E-009  -7.0619152592526882E-010   1.7129864119291690E-010  -3.7428934619847054E-010   1.6951518340006059E-009  -1.2795321524032563E-009  -2.3866673067243799E-009   1.1082336155351574E-009
   7.0827041592587588E-009  0.20155396591549474        1.6547403448883451E-008  -7.3961972214277751E-008  -2.6255605037060696E-008  -3.8777795641174291E-008   3.4806613137871673E-008   8.1047691825265322E-009  -1.0656194666168553E-009   1.8150837937397555E-008  -1.2525687789258551E-008  0.32171215826130034       -3.2406578671655098E-008  -1.7959754221171188E-010   3.6663968932531391E-010  -6.0226314312681052E-010   7.9050728850814191E-011   1.5971403336018901E-009   1.6190545927331548E-010   1.7245928777424568E-010  -1.0972772660222005E-009  -5.9853646671732461E-010   1.2667621846312602E-009   1.1433019532624227E-007  -6.6378796742597781E-009  -1.1352054729931010E-008   4.9579301502317426E-009   7.4854535447666677E-011   4.5146083174387899E-009   6.5630659028918310E-009  -2.2658749048884743E-010  -6.6262465978166569E-010   6.0964559728976235E-011   3.7566133296871715E-010  -2.9284894721467433E-010   2.2352631244727600E-011   8.8846286658348766E-010  -1.3111168669492372E-010  -3.0299219820295181E-010   3.6759944982095603E-011  -1.4261699748369002E-010   3.5072878662842488E-010  -1.2514449970722817E-010  -1.3245241743668075E-010   5.8510526735123546E-011  -6.6096398849538861E-009  0.22545154160195333       -1.7702658608963567E-008   9.7297396769987143E-009  -1.3277910885637723E-010   7.1498724603946975E-011  -8.1791576680646576E-011   1.7085341868918014E-010   3.5937668113566004E-010   7.2887832976270743E-012   5.2186308839147219E-011   3.5063354321990084E-010  -1.4159984797256544E-010  -2.0038247342131352E-010  -8.6697254475644132E-009  -1.3347713149748200E-008   1.0612521189903237E-008   5.2453177335382651E-010   1.8885764928008509E-009   8.1451882516367976E-009  -2.8458901248433936E-009  -3.4190268250009828E-003  -6.5032824446224106E-009  -7.1848984748725544E-009  0.15323644193602437       -1.8023164604384562E-008   3.3056078153815856E-008  -6.8855665435814519E-009  -1.2490841951399174E-009  -2.0662054994353602E-009  -2.3017398467921331E-009   2.4494616140899444E-009  -4.8509250315664874E-011  -1.4504991915351966E-011   2.1147145803637859E-009
   1.6625708569880004E-008   1.6586407350967511E-008  0.20155395044229624        2.9699699093549579E-008  -4.7920993224075471E-009   5.5034386061673417E-009  -5.5251789234005911E-009  -1.0926424567967625E-008  -3.8365711206562770E-009   1.5718524466178086E-008  -3.5170730233590065E-008  -3.2406578671655098E-008  0.32171218640263960       -2.6295810950884114E-010   1.2772897475593361E-011   8.3509780926366295E-010   5.2200133974009957E-010   8.6796161972446495E-010  -1.6920847352385053E-010  -1.0601776750810025E-009  -3.7305424178702785E-010   1.4096028464227276E-009  -3.4435100931617274E-010  -5.4668054141567536E-008  -1.8955299715941698E-009   7.9460653999911233E-010  -2.4877457749884870E-009  -2.2127840380277463E-009   1.0985363724767458E-009   4.1082996750922317E-009   2.5034604125683736E-010   6.3317473697987657E-011  -1.7235253419453973E-010   3.4964561915315451E-011   3.0620622213951169E-010  -4.7472347229125601E-010   7.2340553987800251E-011   6.2957538709689709E-010  -1.8200504290948236E-010  -2.9690513035460771E-010  -1.6328024331103428E-010   5.4994819313329346E-012   2.5185921261467702E-010  -2.3373167514458584E-010   1.2687526344952251E-010  -1.9827765150589447E-008  -1.7380697042790974E-008  0.22545155791837401       -1.0209421662325003E-008  -2.0504998688516330E-010  -8.7608628568897141E-011   1.1361817340402809E-010  -3.8175784929522675E-011   1.6332186013584573E-010   3.1327668864618551E-010  -2.3318316460959919E-010  -3.8698109963197391E-011   4.0045723254515833E-010  -5.5854593211815611E-011  -2.0612763834265520E-009   1.6779882624113616E-009  -1.6184815876389325E-009  -3.4288115203336748E-009  -1.6458146652524387E-009   5.4900909215279684E-009  -6.8974206569154348E-009  -6.5828612689922204E-009  -3.4190211477074638E-003  -1.9694192897755000E-008  -1.7975662786780668E-008  0.15323645789221177       -1.9570622390059720E-008   4.9358297551763480E-009   8.6466749538388261E-010  -1.6955079500595032E-010   3.7092975507650617E-010   3.9630039751300155E-010  -3.4582684000825994E-010  -4.1530482547150452E-010   5.1537786655393967E-010
  -3.3702945889583122E-011  -1.1249700437622233E-010  -1.6471924288283528E-010   9.0510826853609973E-010   1.8744560499406903E-017   1.7179550737462032E-017   2.2592664795027222E-018   1.8980285836909221E-017   2.5072633600378897E-017  -3.7724573312812093E-017  -5.3760739095870405E-011  -1.7959754221171188E-010  -2.6295810950884114E-010   5.6052992987886085E-018  -1.0329659033213381E-017   5.9256228899368606E-018  -1.4438193897178166E-017   1.3235289646571649E-019   6.9178817764104962E-018   3.5828703500060031E-018  -2.2139243274459359E-018   5.5230253753192748E-018  -2.7665539825431365E-018   2.1644799855327049E-009   2.2385424181074682E-018  -1.6120605656779883E-018  -1.4013108437433486E-017  -4.0011126183465326E-019  -1.6645617934730617E-017  -1.8421584808842119E-018  -2.8796652790335260E-019   2.0209507533138535E-019  -5.5934991076619029E-019  -5.2921611650918065E-020   1.9921219372474296E-020   5.5947120185666575E-019  -5.6149614151890617E-019   5.3316051937116102E-019   4.8204958878881238E-019   1.6196012576913409E-019   3.4370738182658504E-019  -1.2671915710821677E-018  -5.4977501607647827E-019   1.2523272351112677E-018  -4.8210531988047625E-021  -3.8420313506103719E-011  -1.2510842476368260E-010  -1.8341455582787269E-010   9.0502552159805414E-010  -1.4294291488838980E-018  -1.4957368240987260E-018   1.2399927408181570E-019  -8.6979679863311556E-019  -1.3155504840561341E-018   2.7876239562280354E-018  -2.6297099772448750E-019   1.0049666560768886E-018   1.8486272436097145E-018  -8.4147467489103530E-019   5.0408950985263297E-018   2.6373448014930095E-018  -3.2702627782775634E-018   5.7905989730777931E-018   2.0591911821343909E-018  -1.0831143455376815E-017  -4.9063243899378482E-011   5.1915513536732446E-011   6.0249120008800550E-011  -2.5530431208565260E-011  -8.5622212478684478E-011  -1.2533970213231558E-010   1.8605623059992218E-009   1.0938127881605018E-010  -3.6884321846593370E-013   6.7480886815950654E-019  -4.2187005334046392E-019  -2.0616210988666796E-018   1.0285936681343607E-018   8.4186813607917093E-020  -1.7034344193957073E-018
   2.0308591266932427E-010   2.2969145769960870E-010   8.0180852091699109E-012  -1.7266494729977469E-009  -2.6591593839498831E-017  -4.2422674220353853E-017   2.7213312841212193E-017  -2.9100107827468155E-017  -5.9710169198540857E-017   5.5691189865371155E-017   3.2422641594355741E-010   3.6663968932531391E-010   1.2772897475593361E-011  -1.0329659033213381E-017   1.9945562369423324E-017  -1.3418408919468643E-017   2.7153999125532041E-017  -1.0069280903414107E-018  -1.3295306120114808E-017  -4.9850543843822720E-018   5.0550164698047851E-018  -1.3258012311828915E-017   6.2336840021458653E-018  -4.1300575127569115E-009  -7.2583691640584052E-018  -1.1758727923085616E-019   3.6116374281809151E-017   3.7981900994550506E-018   2.5843561009663024E-017   3.4673394768126493E-018  -1.7951606393925317E-019  -2.6005794306907266E-019   1.1098824616779775E-018   7.1523447560395638E-019  -6.2450201701813503E-019  -4.0124330021422824E-019   8.3402459172495856E-019  -1.7738317145609597E-018  -7.6979404810766308E-019   2.1224442521318623E-019  -7.5862470379837160E-019   2.4886338804495161E-018   6.1533918233987443E-019  -2.0231286477828562E-018  -1.2322112413778802E-019   2.2571857602074393E-010   2.5658900144353489E-010   9.5008249895689947E-012  -1.7235771262707445E-009   3.0099831090832257E-018   3.1119057885381758E-018  -1.6114437056951840E-019   1.7544160546907093E-018   2.4755858347339505E-018  -5.7928685623589501E-018   7.8033556880253417E-019  -1.8257479157638089E-018  -4.1589499409172669E-018   1.4809400427423494E-018  -7.9182362968627331E-018  -9.3667020347489271E-018   1.5952042003587265E-017  -9.0620457278359364E-018  -7.8281325190330592E-018   1.6979606558648236E-017  -1.0298141585105957E-010  -2.7004726467941848E-011   3.6466964203091907E-011   1.5458760650665914E-010   1.7467171033145765E-010   6.0274975677337302E-012  -3.5495634424595338E-009  -1.3039874036644288E-010  -8.8917278872287035E-013  -6.5372667697895922E-019  -2.3003062407842038E-019   3.8366929028952332E-018  -2.9205466296183501E-018  -1.1282049452465042E-018   3.5743332087867800E-018
  -7.3977092167572759E-010  -3.7730445357204609E-010   5.2317210092679592E-010   1.0415888821298396E-009   1.7696067323341949E-017   7.8896313564329576E-017  -1.6382210322693383E-016   2.3913131380675906E-017   1.0554632828579774E-016  -4.1608888324365947E-017  -1.1807067748431090E-009  -6.0226314312681052E-010   8.3509780926366295E-010   5.9256228899368606E-018  -1.3418408919468643E-017   1.4624858733324015E-017  -1.6924248081803772E-017  -9.6560415455631990E-019   8.9742751737783321E-018  -9.8184255857107997E-019  -4.3373933234639063E-018   1.4736663021872303E-017  -7.6677190974000824E-018   2.4910416230675434E-009   3.0476322433181029E-017   2.0475260368978205E-017  -5.6199651892260653E-017  -5.5980711609637657E-018   2.2589288691622413E-018  -2.4882653916468084E-017   2.5144698788561981E-018  -9.8438423405362917E-020  -1.9919057685107685E-019  -3.6348816057605366E-018   1.9688731319870606E-018  -7.8124032130919826E-019  -5.0377221466278319E-019   1.9443310634740141E-018   8.0779112444973249E-019  -1.2500209990701266E-018   1.7148473355559345E-018  -2.1402466049739456E-018   6.2378836579249794E-019   6.7272271167354937E-019   9.0462996064315506E-020  -8.2926964321583267E-010  -4.2150722574360489E-010   5.8453954425135509E-010   1.0409284708335371E-009  -2.2165966941672835E-018  -2.8052765800335664E-018  -7.7213956338861113E-019  -1.4408724095680886E-018  -2.3508803250240112E-018   4.4151374111231547E-018  -7.7784573223572161E-019   6.4315777508408861E-019   3.8490517193611084E-018   9.6107682704571387E-020   1.4736423333799609E-017   2.9558187344827436E-017  -5.7960491480368074E-017   8.3507975412252615E-018   2.7078301272356578E-017  -2.3086799038907262E-017  -1.1037531900437235E-010   4.3060300942756533E-011  -5.4529615405681634E-011  -5.6219902454011083E-010  -2.8692372829110508E-010   3.9784035738108346E-010   2.1411573304493683E-009   1.1071310692946816E-010   2.2884023090300429E-013   2.4663766341665852E-018   5.0409388252599695E-018  -9.7268738853963174E-018   4.5349100355832476E-018   6.9571252662058501E-018  -7.0013225117937822E-018
   3.7055629719040957E-010   4.9482562366016525E-011   3.2705593547266351E-010  -2.3786995361341049E-009  -6.9322301873654366E-018   2.5671440545521530E-018  -3.7481856309771183E-018  -7.4478155877898739E-017  -9.8386096471461034E-017   8.1409670973970098E-017   5.9145286652717880E-010   7.9050728850814191E-011   5.2200133974009957E-010  -1.4438193897178166E-017   2.7153999125532041E-017  -1.6924248081803772E-017   3.8400481624156344E-017  -1.8587375436340654E-018  -1.9029624291707454E-017  -8.6079018358930387E-018   8.0792130145468701E-018  -1.5605424194340721E-017   6.5927284813815726E-018  -5.6888109142505259E-009  -7.4557194395423736E-018   1.5417039967737946E-017   4.2437027973371811E-017   1.1689262802382263E-018   2.8429236730773303E-017   6.2965603902773576E-018   2.2661094051233525E-019   7.9618104609249248E-019   1.0317984012897474E-018   9.6256036994825251E-019  -5.7767776092703148E-020  -1.3624629373261045E-018  -4.1301077277421898E-020  -1.1461917247544588E-018  -1.0124191499094887E-018  -1.7748962397121031E-019  -1.3356198095188181E-018   3.0076499380581583E-018   1.3808202789899102E-018  -2.9645518794693899E-018  -1.2282776424009275E-020   4.1477974576085576E-010   5.3896238375056190E-011   3.6650961227641555E-010  -2.3773124265866779E-009   4.0134131962006830E-018   4.1517056734555120E-018   2.7065314508080014E-019   2.1346594762653532E-018   3.3232197036948187E-018  -7.5194669446938107E-018   5.7965368233592360E-019  -3.0613580824340697E-018  -4.9294748560182436E-018   2.0800457449133772E-018  -3.6921479936446872E-018   6.8571558494764229E-018   1.0254485047897329E-017  -2.0197025065754625E-017  -2.0174563654264689E-017   2.3888255870785973E-017   1.3520870817084831E-011  -1.0080065512022489E-010   4.0933822204331147E-011   2.8168745044210844E-010   3.7807259574092979E-011   2.4856560809376780E-010  -4.8898009520113845E-009  -2.5607154565823288E-010  -6.9705483885947609E-013   1.1343819762271796E-018   3.1928016303404641E-018   3.7949229391858370E-018  -4.7510350175097009E-018  -3.4144331960935672E-018   3.6167368588226858E-018
   4.0174533548893300E-010   1.0005881538034265E-009   5.4375628482301942E-010   3.1590403735906219E-010  -1.3184109553332809E-016  -1.7288120208576427E-016   2.2529356138579014E-016  -1.4024112550222426E-017  -6.0681669484846134E-017   1.4586531783647770E-016   6.4131239958220169E-010   1.5971403336018901E-009   8.6796161972446495E-010   1.3235289646571649E-019  -1.0069280903414107E-018  -9.6560415455631990E-019  -1.8587375436340654E-018   1.2199689784380080E-017   1.6810912406204376E-018  -3.5509139386022395E-019  -6.4668996247361632E-018   1.4807625904034165E-018   5.5399613285751174E-018   7.5551916645568857E-010  -5.4862612283750149E-017  -6.0112843004617038E-017   2.8086898667779427E-017  -8.0407218663013415E-018   7.1382517953154045E-018   6.2902206090747971E-017  -1.5145401944147568E-018  -2.3503948435633785E-018  -1.0602657538078574E-018   3.9321110410629573E-018  -8.8666592163443432E-019  -1.2714595881037608E-018   4.0253780880707997E-018   2.0101367598997891E-018  -2.2472700092025085E-018  -4.3800231905055885E-019  -2.1175190630425874E-018   1.5425755263640748E-018  -2.1208913220064273E-019  -8.8170203141647827E-019   8.4476959374522099E-019   4.4805373764157653E-010   1.1183287581582820E-009   6.0737885747176445E-010   3.1567846692344186E-010  -1.7794607323073213E-018  -1.7401218641056722E-020   7.7799268908439230E-019   5.1544612019938435E-019   2.4258333455540248E-018   1.8717684807931474E-018  -7.4637032118607374E-019   1.9995411629232841E-018   1.0183020181506180E-018  -2.0702805388780274E-018  -5.2124007086361884E-017  -6.5199836790104906E-017   6.9784893594031923E-017  -1.3936962947745706E-017  -1.3974187305703728E-017   6.6061073247797305E-017  -9.7988001909832996E-011  -7.8605835406091520E-011  -6.7613268066458391E-011   3.0560766023047321E-010   7.6083759967194585E-010   4.1351354551067114E-010   6.4939574733351065E-010   3.2880597309873596E-011  -2.2465452346469007E-013  -1.0301617491955410E-017  -1.1467372179559147E-017   1.6635836996716694E-017  -3.4974850404841333E-018  -6.3418157383040085E-018   1.3799091543247277E-017
  -3.2535919184722274E-010   1.0144850784865039E-010  -1.0606342429463091E-010   1.1643661143931542E-009  -1.8216837983046322E-017  -2.5616312135988226E-017   7.1413719287822963E-019   4.9014957318992637E-017   6.4750157439343574E-017  -3.0797770546028155E-017  -5.1935746091441685E-010   1.6190545927331548E-010  -1.6920847352385053E-010   6.9178817764104962E-018  -1.3295306120114808E-017   8.9742751737783321E-018  -1.9029624291707454E-017   1.6810912406204376E-018   9.7483431638353411E-018   3.8009437403254878E-018  -5.1089614282315293E-018   8.1955513589833304E-018  -2.8810402552019872E-018   2.7848485186586323E-009   4.4532292418730643E-018  -1.3254062156264068E-017  -2.3637173062516144E-017  -6.3205859155785804E-019  -6.0960780611375331E-018  -3.8259371388299754E-018   1.5978315641095290E-019  -1.0673615199304663E-018  -2.8131537013517184E-019  -8.9165165116421259E-019   3.1051615304969672E-020   6.1186501683559994E-019   7.9465722873432863E-019   4.3084283924931731E-019   3.6569712485502833E-019  -3.9810004312178056E-020   8.7453791424910146E-019  -1.3075371860820262E-018  -6.4321436147437117E-019   1.2843735582318937E-018   1.8741334471186810E-020  -3.6325505957173438E-010   1.1395486615218797E-010  -1.2043499140671913E-010   1.1630899830157988E-009  -2.0956229226668305E-018  -2.1449722360295821E-018  -4.3704920076646512E-019  -9.6770377196912964E-019  -1.5582420846863136E-018   3.7794629253148582E-018  -2.2682904660927595E-019   1.7130505224563698E-018   2.4492731116932515E-018  -9.5106151311321962E-019  -3.0708828607236599E-018  -1.0395478797236203E-017  -5.8678448013910984E-018   1.2428632363186737E-017   1.7412865302079130E-017  -9.3573027161633092E-018   5.2370511850851575E-011   3.1147229011554085E-011  -1.2177346930660759E-010  -2.4745021899824231E-010   7.7067376364649877E-011  -8.0405911834607152E-011   2.3935879935391255E-009   1.0931972719987919E-010   1.1919985154301368E-012  -2.0399357855588722E-018  -2.6268025909308014E-018  -1.0289624161086959E-018   3.3712837686162104E-018   3.3017475635039664E-018  -1.3313890248643121E-018
