  0.15509657291057036       -3.5818461023739509E-008   1.8476304257453216E-008  -4.9849971845568474E-008  -3.4527776592879531E-008  -5.8073619553550280E-008   3.2556072456465553E-008   4.4689926503825330E-008   3.5757695404383376E-008  -1.0162151610519422E-008  0.13288259572967409        2.9607711424559948E-009  -2.4683568231505385E-009   8.1266067047725237E-008  -7.0642447279099908E-010   1.4823972559213488E-009   2.9234042295623598E-010   1.7736740373163723E-009  -1.0067628693440494E-009  -8.2597383088469654E-010   8.2265854186120781E-010   5.1672866637502593E-010  -2.5861082376793199E-009  -6.0304443512963608E-010  -1.8717645676472635E-008  -2.3387815455074282E-008   1.0757053510348655E-008   1.1628408915312198E-008   2.3243152045868834E-009   7.0892323409018382E-009   2.2279467055255053E-008   8.4176905922051876E-002  -6.7730665476951632E-009   1.2723760937664590E-009  -2.2023448664888265E-010   3.6243257679951705E-010  -7.6319559490846247E-011  -1.9296999476762003E-010  -5.0142333220162139E-010   5.7983888495569510E-010  -1.4002184929907790E-010   5.7841760475104876E-010  -2.9839551941746842E-010  -3.5480746051565937E-010   1.2251044885180875E-010   1.8844590906097090E-010  -2.2234643823048973E-011   1.8529280525023379E-010  -3.1742949981399940E-010  -1.4289334633599190E-011  -9.0264756828484494E-011   3.0184018485016994E-010  -3.7225592297449643E-011  -1.6448166910788794E-010   5.6378202921489470E-011  -6.8832755722165462E-011  -1.0892305660157600E-010   1.8261372714204156E-010  -1.4379198701828014E-010  -9.8869568033038112E-009  -1.5301438302870136E-008   8.7787745579572067E-009   1.0233825138161385E-008   6.8637974669973268E-009  -3.4686879699689178E-010  -1.0494025721769749E-002   8.0143192935936126E-009  -4.4276522040330001E-009   5.0592122726508038E-002   3.8092242989130052E-009  -3.4439836396732041E-009   3.0974954812876737E-008  -5.6542083035538069E-009  -8.5057927624995878E-010  -1.0058345564696883E-009  -2.6802748386113932E-009   1.7628195502587133E-009   1.4002182222526160E-009   1.1422132363276209E-009  -3.9438376721037912E-010
  -3.5818461023739509E-008  0.15509652947387148        1.4061412860932384E-009  -3.4266847855608393E-007   1.5923092731025051E-008  -1.9405802491426359E-008   2.6546157177900542E-008  -6.0384740147188906E-008  -1.6452383595830087E-008   4.4461648093372291E-008  -3.5351411177709127E-009  0.13288259521184673       -2.1693919590374138E-009   2.1882136512586033E-007  -1.0391684999196396E-009   1.3694067957666207E-010   4.0723110057346295E-010   2.7412521479301986E-009   6.7932142491262473E-010  -1.3470617802661735E-009   1.2703464868108249E-011  -2.1305087702392107E-009  -1.5405157654479755E-010   1.2844547176796423E-009   1.0825709393789950E-008  -1.5225647617312096E-008   1.0612537542669729E-009  -2.4500360761156919E-008   5.8745844569374906E-009   1.3674655409007409E-008  -2.2812016606718548E-008  -9.1783023975933246E-009   8.4176896482558855E-002   8.7606175803259533E-010  -1.9989199214875805E-010  -2.7965720602734449E-011   2.1418642894666242E-010   3.2663367429937298E-010  -1.5917505309375722E-010   2.4500131239502984E-011  -2.7950947092798830E-010  -5.3907632440266841E-010   4.1252113419375360E-010   1.8761713679287246E-010   2.8091726950227407E-011   8.2446919768761898E-010  -3.7598095865081813E-010  -7.0582703651913928E-010   2.0008904337147319E-010   5.1125506585272986E-011  -1.2789102579433723E-010   3.0425227817474814E-011  -1.8501487160045471E-010   1.7537828877875062E-010   1.1642303997590668E-010   1.3001180462254001E-010  -1.3719479378206539E-010  -4.6539027254200870E-011   7.9581403291345872E-011   4.9471607865334793E-009  -6.6413192718947625E-009   4.8103031506025560E-009  -1.5787872408167103E-008  -8.9345377616451295E-010   1.0840711836649198E-008   7.0290481159145605E-009  -1.0494016587570555E-002  -5.7090411994913502E-010   8.4717594590160835E-010   5.0592125587173381E-002  -3.6753766500047169E-010  -2.7913411488330090E-008  -2.3795974458334013E-008  -3.8339475067422106E-009   8.3186098613752038E-010  -5.4123801011101396E-010   7.3714650907057454E-010  -2.6886303514751854E-009   1.0240505512356227E-010   1.8567692771536931E-009
   1.8476304257453216E-008   1.4061412860932384E-009  0.15509657596188706        3.2324284451476958E-007  -7.8691713963898373E-009   3.3037410887413554E-008  -8.1141748727301385E-008  -6.1626534645709604E-008  -3.0610724083733455E-008   6.9495709032880197E-008   5.0288306107245651E-009   6.0713809828047591E-010  0.13288259532130273       -1.4218793414877623E-007  -1.8201638259155312E-009   1.0002943216875114E-009   8.3341258624839461E-012   1.3147992863737773E-009  -1.1953318700664649E-009   1.1272080472115366E-009  -8.3390318747188381E-011   2.1437197877473814E-009  -8.8841495584936661E-010  -1.6039931376042739E-009  -5.3079665521753969E-009   1.4698180552935390E-009  -1.8912571247732895E-008  -9.5343290562328268E-009  -2.0765482941728315E-008   1.4842301833086555E-008   4.8970006151270883E-008   3.8822075532933994E-009   1.9031742252578527E-009   8.4176907194704026E-002   4.5466923935513601E-011   2.0638211742310528E-010  -3.7030820179924649E-010  -8.6494346172344765E-011   2.9930615673243214E-010   6.6249067021524871E-012   1.8576756521987707E-010  -2.5242032035537646E-010  -5.2612343257322045E-010   5.5845120830356783E-010  -4.6428449213521126E-010   1.6290776855892828E-010   9.0206571037067130E-010  -3.8599748813396837E-010  -5.1729532531520288E-010  -4.5919845134250989E-011  -9.4916304908109026E-012  -3.4686350089631293E-011  -1.7339164722371904E-010   1.2315082617542485E-010   2.3499983223864059E-010   1.6589255066100548E-010  -3.5314708100800135E-011  -2.1307680287121160E-010   5.2182048204563220E-011  -2.9645807123195221E-009   6.1076804427623904E-009  -1.8124330411671423E-008  -1.3423740206721785E-008  -9.7250062432482546E-009   1.6388321603641730E-008  -3.2192525528167518E-009  -1.6100210062261787E-010  -1.0494026530616363E-002  -1.9549722356030556E-011   8.8565199235330011E-010   5.0592122578998283E-002   6.8996591445937731E-008   2.1017343391464359E-008   3.3459162328619485E-009  -6.5434685694135616E-010   9.6498516817369397E-010  -2.4029416394448951E-009  -2.4264837937619684E-009  -1.7367697788836251E-009   3.0808305211570729E-009
  -4.9849971845568474E-008  -3.4266847855608393E-007   3.2324284451476958E-007  0.14463058654090066        8.0439613799763000E-009  -1.5051270459692235E-008  -6.7096210332280828E-009  -1.6888831956091416E-008   1.6039840052841014E-008   8.8448299313442353E-009  -7.5218463549510088E-008  -1.1356070848333843E-007   5.5713412544514313E-008  0.34181006729236196        3.7265713392070705E-009  -2.8864719161847334E-009   3.5138008741862208E-009   1.2392461096962627E-008   1.4586636182166775E-008  -1.7392171679502833E-008  -1.3482804166811219E-009  -2.0484142621764216E-008   4.6953818015444142E-009   1.2648945969126867E-008   6.2365472394017336E-010   6.6532669668307719E-010  -2.4142537268012862E-009  -1.4327910379784465E-009   2.7444212216205527E-009   8.0919042619992940E-010  0.15658676974573110       -6.4038740431837360E-008  -7.4625275123879746E-008   2.0161891369725428E-008  -1.0204881819079341E-010   1.0156946464533931E-010   2.2435436616885856E-011   3.9823636661399320E-011  -1.0171556868315388E-010   1.3940317004821210E-010   1.6645678928031402E-011   6.2364254766465625E-011  -1.5860397958785490E-010  -6.8919573123389936E-011  -9.1227188350962934E-011   1.1188863765726847E-010   1.2040214480479267E-010  -3.6071482627350521E-011  -1.4792312898045874E-010  -3.1845432376445232E-010   6.2345501733436207E-010  -6.8892661688209616E-011  -6.2214122727467982E-011  -5.7587203702847296E-010   4.8946616940599846E-010  -2.7144893000431759E-011   9.7044820347337600E-010  -5.8703589944190239E-010  -6.7197955254440627E-010   1.6883105854261690E-009  -5.3938034522873682E-009  -2.5525029521264524E-009  -5.3316770814633100E-009   5.0839151990823503E-009   3.6434201519080164E-009   3.9078035784969806E-008   1.3784351481827778E-007  -1.0463377839100526E-007   4.0555882167123086E-010   7.8126843538345986E-008  -7.5960157899429585E-008  0.27601712425490105        5.8815572583498120E-003  -1.8774585543348404E-004   4.0945367745940473E-010  -1.2198077161628745E-009  -7.4413874422563928E-010  -1.2839551826013569E-009   1.2673220372537896E-009   8.7451399262075841E-010
  -3.4527776592879531E-008   1.5923092731025051E-008  -7.8691713963898373E-009   8.0439613799763000E-009   1.0174626861142289E-014   8.4242997662328445E-015  -7.8061189436249284E-016  -1.3965599948150608E-014  -7.1941440367084170E-015   3.7909711356962446E-015  -2.9579097927423919E-008   1.3636504926889044E-008  -6.7369597227966590E-009   1.9013640908792235E-008   3.5006141328472338E-016  -5.2660230346192752E-016   1.7179403200727976E-016   5.0882821181118259E-016   1.1653867547041566E-015  -9.7846931761799567E-016  -2.5289856614760067E-016  -1.5807928288137051E-015   8.6589413609494880E-016   1.0502028669332830E-015   5.5572923558605774E-015   3.6015082840480484E-015  -1.4542905618726214E-015  -4.6815679064702573E-015   1.2545984530094754E-015  -8.7572034392538507E-016   8.7029441041802918E-009  -1.8768126851623221E-008   8.6926943931667113E-009  -4.3144387324150152E-009   2.0518108562442256E-017  -8.8426712109222296E-017   5.8957080222098731E-017   8.3071334511211016E-017   7.4414454535316994E-017  -1.1911587014541850E-016  -5.8994073642469249E-018  -1.6782688457700983E-016   1.2655167953974832E-016   6.6133642221600841E-017  -5.9158401502150548E-018   4.0585593071335896E-017  -7.2680890594653746E-017  -9.6050645113916024E-017   1.0918370936065165E-016  -6.6954538491295727E-018   4.1518041460659495E-017  -6.6445230991995999E-017  -4.9893247292117140E-018   1.7087292569095653E-017   1.3976173020527875E-017   1.8905136684951522E-017   6.4803177226968222E-017  -6.6882112216503522E-017   1.2237444514333267E-018   2.9978538070473655E-015   2.1199729483481894E-015  -6.8796217492829259E-016  -3.5487803126398950E-015  -7.8224274146952517E-016   5.5092954965494607E-016   9.2186209492763171E-010   1.4283763210349830E-009  -1.6226338921618288E-009  -1.1259434750805479E-008   5.1879899527591957E-009  -2.5616723811869200E-009   1.5351826742039900E-008   1.0184102037497803E-010   4.1439304267514163E-012   4.1365946484558822E-016   4.2079359106081520E-016  -2.3309873460847839E-016  -5.7318056323799316E-016  -2.6699621280458648E-017   1.5952181974297107E-016
  -5.8073619553550280E-008  -1.9405802491426359E-008   3.3037410887413554E-008  -1.5051270459692235E-008   8.4242997662328445E-015   3.2786549770663911E-014  -3.2104616075897910E-014  -2.0544770477472707E-014  -1.9521454166931095E-014   1.2120476108914667E-014  -4.9746005876299331E-008  -1.6623125548581265E-008   2.8306380357548705E-008  -3.5577825390154456E-008  -3.8141202998642563E-016  -5.8270103895998865E-017  -5.2335308878067362E-016  -2.0158179471993419E-015  -1.4811685881444237E-015   2.5275608093247207E-015  -1.8708066214256355E-016   2.6608887041550708E-015   3.0927287108754136E-016  -1.5932136181257401E-015   4.4503467969952533E-015   1.0868939289438131E-014  -7.9129977704124853E-015  -3.1795663618265293E-015  -6.3088152123942425E-015  -1.2707835941518854E-015  -1.6282967519750570E-008  -3.1602739872559656E-008  -1.0560076934466063E-008   1.7924094217462493E-008   1.2778577837350674E-016  -9.8865266418811347E-017  -7.9472446920132942E-017   8.6636402457729026E-018   2.8189086530855128E-016  -2.3313157915126984E-016   1.2524711073858906E-016  -2.0934702973380999E-016  -3.5394561905361764E-017   2.3551059151085658E-016  -1.3871030884156164E-016  -1.5058604979796167E-016   2.3500055363456946E-016  -5.9523255361424238E-017  -1.0619437899328881E-018   2.2665384922252685E-017  -1.7695158249232730E-017  -1.1853183249870616E-016   5.7130818743960995E-018   1.2632674887948370E-016  -3.6115663911810459E-017   4.7754181378540877E-017  -4.9743362163182291E-017  -4.6373784605727367E-017   1.2542627398038331E-016   2.2948090055422157E-015   8.4903162032928649E-015  -7.5246035944143238E-015  -4.1481030429985186E-015  -5.0668553171479386E-015   1.8532888158525346E-015  -2.2661867439190125E-010  -6.2356019161616707E-011  -2.5623605915385694E-009  -1.8933371885859446E-008  -6.3268087352971215E-009   1.0777540128878971E-008  -2.8725436775585947E-008  -1.3751875533414022E-010  -7.8826620383544649E-012   1.2537372628222699E-016   1.4743426649551938E-015  -1.2225018706502118E-015  -5.6696421966209821E-016  -9.4989406726568228E-016   4.4158920143347947E-016
   3.2556072456465553E-008   2.6546157177900542E-008  -8.1141748727301385E-008  -6.7096210332280828E-009  -7.8061189436249284E-016  -3.2104616075897910E-014   5.4146156468301899E-014   3.2071916676117540E-014   1.9960677349497442E-014  -3.1291304721059305E-014   2.7884806151232355E-008   2.2744580810835025E-008  -6.9518351369786001E-008  -1.5861136177861162E-008   4.5332928526200708E-016  -5.5302996669802348E-017  -3.7036533719773847E-017  -4.2182602453053765E-016  -1.4559153594578041E-016  -1.8639464188270304E-016   2.8144047919807325E-016  -4.2722442083547456E-016  -3.2230011686719019E-016   3.4601176069845957E-016   6.8165653353753249E-016  -8.2886365532154645E-015   1.2422148621059379E-014   3.2937883473452864E-015   1.2227507577213760E-014  -3.9754509129931625E-015  -7.2544189617877071E-009   1.7740335073024000E-008   1.4403072818816809E-008  -4.4053324262178986E-008  -9.9487388927987498E-017  -4.1324104688871268E-017   2.1335561655072162E-016   5.8916377045410907E-017  -2.8429436093080615E-016   1.1584748963468759E-016  -1.7523276461204359E-016   1.5821752218808527E-016   2.9054123900528590E-016  -3.3128400561395624E-016   2.7757044070108047E-016   9.0227265724565192E-017  -5.4650114086504505E-016   1.2167312854018574E-016   2.4516175177665513E-016   4.4495813750060167E-017  -6.4242625934709681E-017   9.0997465045289059E-017   5.4611045459724591E-017  -4.3258503809019458E-017  -1.1431189459468105E-016  -7.8213196300525354E-017  -7.3124291554293539E-017   1.6917661663254329E-016  -1.3325167760731472E-017   2.2242367036595307E-016  -7.3412833883339915E-015   1.2306879109857723E-014   6.7334354373461426E-015   6.1446447145896925E-015  -6.9558619614708878E-015   1.3068950842636410E-009  -2.0215265651981830E-009   4.7690022922038238E-009   1.0611181770252833E-008   8.6598366085368566E-009  -2.6466479470521612E-008  -1.2805110946697919E-008   8.7807843610054459E-011  -1.8268244864655802E-012   2.1927811541972099E-016  -1.1489619327330860E-015   1.8275613793360065E-015   1.1865852820153993E-015   1.1123620416293382E-015  -1.4058639536129025E-015
   4.4689926503825330E-008  -6.0384740147188906E-008  -6.1626534645709604E-008  -1.6888831956091416E-008  -1.3965599948150608E-014  -2.0544770477472707E-014   3.2071916676117540E-014   6.2859246570225032E-014   2.6992389006486604E-014  -4.8893643852068115E-014   3.8288199527481588E-008  -5.1724649030936898E-008  -5.2796111004787474E-008  -3.9921118238537893E-008   4.8847169380244438E-016   3.1296805030138154E-016  -4.8771534333323237E-016  -2.5250960263391496E-015  -1.7819556277642000E-015   1.8697215171905599E-015   4.2384298653312095E-016   2.5174836659099429E-015  -8.8158626472134314E-016  -1.5129209017942189E-015  -7.5537559057439036E-015  -1.4855371791524938E-015   1.0474800122933348E-014   1.6795562320124923E-014   6.3354943399813000E-015  -9.2418180987264656E-015  -1.8270396985536557E-008   2.4262838148544765E-008  -3.2869666623681339E-008  -3.3479517050555851E-008   8.2556136178680510E-018   2.1547784752533118E-017   3.9152006260504153E-017  -1.5310147417540472E-016  -1.8962418636726883E-016   1.3860437928418865E-016  -7.4377479355009049E-018   4.6940198192734431E-016  -1.8930650136684638E-017  -3.8902344691505962E-016   2.1947088216655550E-016  -3.4435268726673237E-016  -2.3242221286561488E-016   4.8568983125793430E-016   5.3411229077128312E-017   3.2021902215446985E-017  -4.4906137541783255E-017   9.6652883457783193E-017   1.3681809439080115E-016  -9.8868729110800597E-017  -1.7978553966897343E-016  -1.3437251267565787E-016  -7.5956607298446039E-017   2.2518636680883881E-016  -1.5428603503677163E-017  -3.8274837640782205E-015  -3.5946598379856034E-015   8.1708700629610803E-015   1.5140118004746955E-014   5.5638572504055236E-015  -1.1312640922265013E-014  -2.6334188296394743E-009  -6.9286879869831585E-010   2.5641490264741758E-009   1.4576791086936237E-008  -1.9685759846044957E-008  -2.0098501447615219E-008  -3.2232176674451894E-008  -1.4130197132258594E-010  -8.4275666377469892E-012  -4.3630583290166021E-016  -7.6112612092217062E-016   1.2824161522105412E-015   2.6508720229973153E-015   8.0260915983406369E-016  -2.2145676090151194E-015
   3.5757695404383376E-008  -1.6452383595830087E-008  -3.0610724083733455E-008   1.6039840052841014E-008  -7.1941440367084170E-015  -1.9521454166931095E-014   1.9960677349497442E-014   2.6992389006486604E-014   1.7827373085346689E-014  -1.9798250501962589E-014   3.0637186055999570E-008  -1.4105413229921815E-008  -2.6216174861104905E-008   3.7915506864905728E-008   7.1967093015032015E-016  -1.8946824471779760E-016   4.1193299547359903E-016   1.2322093918014489E-015   1.5492337476991178E-015  -2.1977639912454537E-015   5.5027663433561519E-017  -2.3478258148901552E-015   1.1564844282719692E-016   1.4429187875319692E-015  -4.3842097171473570E-015  -3.9862003982786944E-015   5.8288458198776635E-015   7.0272572126179969E-015   4.2497723647694759E-015  -2.6430441556555999E-015   1.7349837584639790E-008   1.9399013291065774E-008  -8.8491589087568993E-009  -1.6700818710657026E-008  -4.9865482107946888E-017   5.7019411923395626E-017   3.5170582080326300E-017  -5.7632962133949628E-017  -1.6908388711872952E-016   1.4522431583253652E-016  -3.7269408193591223E-017   2.4722417845641239E-016  -2.6497753080136759E-017  -2.1944064137853251E-016   1.0671610973128578E-016  -6.3873043926007006E-017  -1.2982953019446325E-016   1.8990101384728457E-016  -8.7660902263025711E-018  -3.4490537301186969E-017   6.3048162052246119E-017   6.5681976992561405E-017   3.9370142231632162E-017  -1.4400042773451385E-016   6.8994396844058235E-018  -6.5504227768166320E-017   1.0187447602759487E-016   2.4835076942704134E-017  -1.2489021029763259E-016  -1.9682794916580821E-015  -4.6441340410926923E-015   4.8231522741757065E-015   6.0477158043328204E-015   4.2693399401635128E-015  -4.0794307128184257E-015  -2.8187660058700200E-009   5.0824687963673232E-009  -2.2448831064035227E-009   1.1665045535043609E-008  -5.3763558722626047E-009  -9.9746707996255048E-009   3.0612121622814517E-008   5.3155825101124511E-011   6.7646734898700878E-012  -8.3467550565279187E-017  -9.1671716880321020E-016   7.4977437655815230E-016   8.9853855637740406E-016   8.4018108316979752E-016  -8.1506959239640454E-016
  -1.0162151610519422E-008   4.4461648093372291E-008   6.9495709032880197E-008   8.8448299313442353E-009   3.7909711356962446E-015   1.2120476108914667E-014  -3.1291304721059305E-014  -4.8893643852068115E-014  -1.9798250501962589E-014   4.5102671897693472E-014  -8.7091030531866879E-009   3.8088144675631558E-008   5.9533073285319555E-008   2.0907382393878055E-008  -8.3853418739522978E-016   2.1363507182852035E-016   3.1592032276756343E-016   2.0162643497392998E-015   6.1656476100318301E-016  -8.9124728540081838E-016  -1.7094405313022811E-016  -9.3668504922849595E-016   1.5690817232805677E-017   4.6271445766803385E-016   1.9964635109771141E-015  -2.1159710634540683E-015  -9.0205093229683689E-015  -1.2113994379420118E-014  -7.5900939959384450E-015   1.0117538447312069E-014   9.5674065794691848E-009  -5.4947122448162930E-009   2.4176972670625809E-008   3.7793957446400376E-008  -2.8773691040311254E-017   6.6878898647587479E-017  -9.8109097789396577E-017   7.0030130161025631E-017   1.1520977087883717E-016  -1.9488554327744463E-017   1.3337153912945224E-017  -3.0157512863809313E-016  -1.0762098902468450E-016   3.2288983932087910E-016  -2.1355502606291954E-016   3.0376706771296502E-016   3.0510308494591708E-016  -3.8963918876618778E-016  -1.6259490216704180E-016  -2.5326355606570311E-017   3.3879191874187774E-018  -3.0207632522190420E-017  -1.3182873895583493E-016   8.1781623411186557E-017   1.6580921149196853E-016   1.1546738683945011E-016   1.1153132049113610E-017  -1.5830409225395195E-016   1.4205066319870712E-017   8.2962958876289729E-016   1.4746886200339030E-015  -7.4829076684353689E-015  -1.1591336743524386E-014  -4.7816161387551811E-015   1.0761710792265925E-014   1.7115555881650965E-009  -7.3550397404612780E-010  -9.4151334768788938E-010  -3.3173568874608792E-009   1.4497770105415050E-008   2.2660174799586200E-008   1.6880272530393523E-008   3.9372592281946320E-011   4.2528511488807506E-012   2.2646294732360791E-017   3.4033286323184542E-016  -1.0493173555771750E-015  -2.0776912884171725E-015  -7.7590986769997194E-016   2.0550456912526876E-015
  0.13288259572967409       -3.5351411177709127E-009   5.0288306107245651E-009  -7.5218463549510088E-008  -2.9579097927423919E-008  -4.9746005876299331E-008   2.7884806151232355E-008   3.8288199527481588E-008   3.0637186055999570E-008  -8.7091030531866879E-009  0.11386143460029137        2.5802049878991263E-008  -1.1365884335448542E-008  -7.3044765888622580E-009  -6.0552300264446966E-010   1.2707552524194235E-009   2.5144990101955606E-010   1.5204044113013599E-009  -8.6344045398257253E-010  -7.0806777501540431E-010   7.0447313931107371E-010   4.4246655991224053E-010  -2.2159040663221183E-009  -5.1721473793675610E-010  -1.6051994386622298E-008  -2.0074892913209952E-008   9.2461762254335362E-009   9.9681245722294296E-009   1.9889786813845322E-009   6.0838660468552227E-009  -1.5936118463804791E-008   7.2025918435264721E-002   8.9324170190821542E-009  -4.7862149258652781E-009  -1.8869508714634786E-010   3.1044122734009979E-010  -6.5431803647737195E-011  -1.6548686996149751E-010  -4.2971606458523793E-010   4.9695293429564317E-010  -1.1991122881645636E-010   4.9566329640001954E-010  -2.5562300193566076E-010  -3.0401379824806961E-010   1.0506027815573005E-010   1.6149619625615476E-010  -1.9064404742097939E-011   1.5879510098297033E-010  -2.7204943322075872E-010  -1.2006177784572643E-011  -7.8111012265984829E-011   2.5708785021612474E-010  -3.2613716961231380E-011  -1.3981801748159520E-010   4.8705053806360521E-011  -5.8546736311158796E-011  -9.2958548570756933E-011   1.5665981908756470E-010  -1.2233479978350229E-010  -8.4385833118053892E-009  -1.3043824192129942E-008   7.4728522909978490E-009   8.7550812251724286E-009   5.8845066559703888E-009  -3.1649830836010282E-010  -1.3674743886782081E-002   4.7973032059107727E-009  -3.7659425405029056E-009   4.3357366444436531E-002   1.2135875835804328E-008  -6.5106032795718182E-009  -3.5614796244688435E-008  -1.4372337948934005E-009  -1.0810356706997081E-009  -8.1167944355578374E-010  -2.2321436947309667E-009   1.4658281339935668E-009   1.1774347514327792E-009   9.8176194538110714E-010  -3.6575539601518455E-010
   2.9607711424559948E-009  0.13288259521184673        6.0713809828047591E-010  -1.1356070848333843E-007   1.3636504926889044E-008  -1.6623125548581265E-008   2.2744580810835025E-008  -5.1724649030936898E-008  -1.4105413229921815E-008   3.8088144675631558E-008   2.5802049878991263E-008  0.11386146559966677       -2.3733574156021063E-009   6.1272570989845765E-007  -8.9077479927826661E-010   1.1683064327640459E-010   3.4925039132460427E-010   2.3494031986412024E-009   5.8274034027430587E-010  -1.1543038032647644E-009   1.1788626133399263E-011  -1.8267175578173017E-009  -1.3270426750221654E-010   1.1012384678617756E-009   9.2978551817848444E-009  -1.3059542256612366E-008   9.0678406284255472E-010  -2.1034770678176127E-008   5.0679254113396069E-009   1.1736918938678143E-008   1.7561028073215191E-007   1.0396241616616423E-008   7.2025930264576127E-002   4.3453431737015472E-010  -1.7123227671538041E-010  -2.3887039365334590E-011   1.8354306542596948E-010   2.7979726528865431E-010  -1.3643373781484401E-010   2.0992383878311150E-011  -2.3964489278135115E-010  -4.6196794132892886E-010   3.5356507788883526E-010   1.6078732891311576E-010   2.4078684907743273E-011   7.0652712856374570E-010  -3.2209503749060620E-010  -6.0483535304252251E-010   1.7141003836965237E-010   4.4175411417459647E-011  -1.0919272639835855E-010   2.5708665255959023E-011  -1.5923341372150930E-010   1.4915574605704922E-010   9.9966078108062180E-011   1.1055766302349347E-010  -1.1609621344415000E-010  -3.9136577697133598E-011   6.7370954164191013E-011   4.1987497922740509E-009  -5.6606815369532032E-009   4.1234164823724936E-009  -1.3449624244238976E-008  -8.1929046472933852E-010   9.2508746271316061E-009   3.4690079011945104E-009  -1.3674738800402694E-002   6.1115921910346601E-011   1.1716568358133237E-008   4.3357380886361117E-002  -4.9076763847310781E-010   3.1918493577672184E-007  -1.0479502759993718E-008  -3.6694494453039995E-009   6.7372677879679563E-010  -4.1891583563418205E-010   6.3388024991109035E-010  -2.2281244203611034E-009   3.7821276238142990E-011   1.5543975622726628E-009
  -2.4683568231505385E-009  -2.1693919590374138E-009  0.13288259532130273        5.5713412544514313E-008  -6.7369597227966590E-009   2.8306380357548705E-008  -6.9518351369786001E-008  -5.2796111004787474E-008  -2.6216174861104905E-008   5.9533073285319555E-008  -1.1365884335448542E-008  -2.3733574156021063E-009  0.11386143165971882       -6.4451118410127015E-007  -1.5600847391244048E-009   8.5738932878843196E-010   7.0174350547597487E-012   1.1262340121500643E-009  -1.0236334804576541E-009   9.6684043402040797E-010  -7.0817011176226895E-011   1.8375263458588210E-009  -7.6237875169190015E-010  -1.3747963689999149E-009  -4.5658724767224469E-009   1.2569086783985478E-009  -1.6212873721367255E-008  -8.1827229061136941E-009  -1.7830286066407942E-008   1.2748600693650145E-008  -1.9769544397820965E-007  -6.6180295809899143E-009  -1.9187253041709955E-010   7.2025917890120014E-002   3.8978972401598487E-011   1.7685568541263986E-010  -3.1733314213283088E-010  -7.4120672528828907E-011   2.5638421607093705E-010   5.6482919468346971E-012   1.5920254217748554E-010  -2.1642103078317535E-010  -4.5086893723464370E-010   4.7864386189856236E-010  -3.9786002530788843E-010   1.3957245528250024E-010   7.7300950298632989E-010  -3.3067003859573423E-010  -4.4327081979369634E-010  -3.8531063227624318E-011  -8.4857251520145859E-012  -2.9817251115087122E-011  -1.4818533789777298E-010   1.0501255653616944E-010   1.9988039840104828E-010   1.4124579077994029E-010  -3.1123580356454844E-011  -1.8101557633312488E-010   4.5428297278557612E-011  -2.5106285497987006E-009   5.2354365475444676E-009  -1.5504939837329800E-008  -1.1477127364330256E-008  -8.2641799287966253E-009   1.3987756497831966E-008  -2.1683219785579259E-009   6.2281431344664366E-010  -1.3674744095459518E-002  -6.0223340917222629E-009  -3.2270032764291240E-010   4.3357365341605142E-002  -3.6267148325918053E-007   9.5870284809252838E-009   3.1069748608573539E-009  -5.3376923377581820E-010   8.2926225589427582E-010  -2.0197637110698790E-009  -2.0571232509970287E-009  -1.4214115563490174E-009   2.5908923729376500E-009
   8.1266067047725237E-008   2.1882136512586033E-007  -1.4218793414877623E-007  0.34181006729236196        1.9013640908792235E-008  -3.5577825390154456E-008  -1.5861136177861162E-008  -3.9921118238537893E-008   3.7915506864905728E-008   2.0907382393878055E-008  -7.3044765888622580E-009   6.1272570989845765E-007  -6.4451118410127015E-007  0.80815119311399286        8.8066628363787043E-009  -6.8207001443698852E-009   8.3043492188132171E-009   2.9287682412808129E-008   3.4472373869054853E-008  -4.1103038095911863E-008  -3.1864491172363735E-009  -4.8409759495711746E-008   1.1095774742355163E-008   2.9892807999202393E-008   1.4740153339253502E-009   1.5746301621920806E-009  -5.6985303323332645E-009  -3.3835485907590136E-009   6.4800352610435308E-009   1.9096618366918530E-009  0.36937893446797626       -4.2956993349299705E-008   3.8357502045132254E-007  -4.4559144182347150E-007  -2.4115468708056927E-010   2.4005469342859123E-010   5.3139503051449963E-011   9.4062318478816305E-011  -2.4043574572742399E-010   3.2947393419007562E-010   3.9117150910995443E-011   1.4727606229453541E-010  -3.7455239555293093E-010  -1.6291394758278919E-010  -2.1546633102543385E-010   2.6455093617287346E-010   2.8436922941906853E-010  -8.5333980424765453E-011  -3.4949868814208151E-010  -7.5133899244817044E-010   1.4729809405364482E-009  -1.6148244558218512E-010  -1.4208315911543712E-010  -1.3554572526815613E-009   1.1501118627206201E-009  -6.4872926973967974E-011   2.2862611963448997E-009  -1.3859437690837741E-009  -1.5837159221401830E-009   3.9920753703250464E-009  -1.2758224102017349E-008  -6.0465977847451322E-009  -1.2611618888194778E-008   1.2030538294088991E-008   8.6196664051770207E-009   9.6455645170834749E-008   3.3749780409641223E-007  -2.5737517633584562E-007   6.7026537044597737E-008   5.2542763051324812E-007  -4.7967680548787506E-007  0.65237002136704481       -1.1825790478321123E-002   1.0404399096094216E-003   9.6995445118909748E-010  -2.8937535573549539E-009  -1.7747653282833866E-009  -3.0469978781613661E-009   3.0134260110137134E-009   2.0770735658391964E-009
  -7.0642447279099908E-010  -1.0391684999196396E-009  -1.8201638259155312E-009   3.7265713392070705E-009   3.5006141328472338E-016  -3.8141202998642563E-016   4.5332928526200708E-016   4.8847169380244438E-016   7.1967093015032015E-016  -8.3853418739522978E-016  -6.0552300264446966E-010  -8.9077479927826661E-010  -1.5600847391244048E-009   8.8066628363787043E-009   1.2761926973599308E-016  -9.3799941233350944E-017   8.6347730110973355E-017   2.7739384083756114E-016   3.8986988843833987E-016  -4.4861252380480892E-016  -3.7655127136844592E-017  -5.4102111821671155E-016   1.4432008640781353E-016   3.3889292387344730E-016   9.1544532167960410E-017   2.1005486004188237E-016   1.0348971288653309E-016   1.8853678276686182E-016   2.6527514453811980E-016  -2.8008000036482885E-016   4.0355828144898153E-009  -3.8106509033357341E-010  -5.6020965923127759E-010  -9.8270307207860536E-010  -8.2303362782703879E-019  -1.2711480186387754E-018   3.8394670821734544E-018   7.3850145039724114E-019  -2.7750927710607042E-018   7.0639089542842595E-019   7.6265029166844982E-019   5.5569455719925272E-018   6.8217250991125887E-019  -7.9813829062594202E-018   2.3529642438943116E-018  -5.4180175020352410E-018  -4.8724209909019910E-018   7.4865240529571154E-018   2.3710420221505442E-018  -8.0108085326201043E-018   1.7467304113486285E-017  -2.8911498734817333E-018   1.8603289817319187E-018  -1.6672641045976347E-017   8.8874161537062094E-018  -3.1316261890702428E-018   2.6824954190503254E-017  -1.3265773757846393E-017  -1.7839285675553263E-017   8.9366326105870805E-017  -9.9398607173334883E-017   7.4572489429508506E-017   7.5273256489057068E-017   2.1816739410901600E-016  -1.6463820127037680E-016   1.6363684989180808E-010   2.5768497302441918E-010   3.7932135037226757E-010  -2.3071518522559925E-010  -3.3942512979605345E-010  -5.9436048044179517E-010   7.1118279408137871E-009   1.8712025732087089E-010   1.6540227210069760E-012   1.6085821913237105E-017  -3.0422416040573348E-017  -5.0445177393641580E-018   3.3869748198886714E-018   4.5398527686539259E-017  -1.9472473135835251E-017
   1.4823972559213488E-009   1.3694067957666207E-010   1.0002943216875114E-009  -2.8864719161847334E-009  -5.2660230346192752E-016  -5.8270103895998865E-017  -5.5302996669802348E-017   3.1296805030138154E-016  -1.8946824471779760E-016   2.1363507182852035E-016   1.2707552524194235E-009   1.1683064327640459E-010   8.5738932878843196E-010  -6.8207001443698852E-009  -9.3799941233350944E-017   7.8425047388183728E-017  -6.6878739318756899E-017  -2.1946435560788616E-016  -3.0791466599928473E-016   3.4530936958476038E-016   3.4203112702694963E-017   4.2576989730434665E-016  -1.2431343701030731E-016  -2.6750133751063938E-016  -2.1852858140261462E-016  -2.4243342293269050E-016   3.1597977919089806E-017   5.8408633369118131E-017  -1.6424866777487267E-016   1.6011887330354386E-016  -3.1271044055197115E-009   7.9883226163530728E-010   7.8494355839587629E-011   5.3985790502877369E-010   4.7690106876541767E-020   2.7363579672117700E-018  -3.3822244752848153E-018  -2.9162945460721497E-018  -9.7871297940973606E-019   2.8331994145625093E-018  -7.0766658201875143E-019   2.1845744090535213E-018  -2.7217391653405042E-018   1.7539502633240607E-018   2.5388540885396639E-020   1.3431110825725510E-018   2.8722047654235369E-018  -6.1368048774168995E-019  -3.2474929178749573E-018   5.9956860911219659E-018  -1.3555811740502908E-017   3.9876132959379747E-018  -3.8115544808008443E-019   1.0985681147575571E-017  -7.6631373521712318E-018   1.1005212787712069E-018  -2.0848722320022347E-017   1.2079291672639173E-017   1.2567572040229999E-017  -1.3828390942273835E-016  -2.3281361674281129E-018   1.9885923578044767E-017   1.0026078735937737E-016  -9.4534929347627431E-017   3.8022039943789829E-017  -3.8363056419938696E-010   1.9735610281007562E-010  -2.1836137589564848E-010   4.8424292777384625E-010   4.4163691575338558E-011   3.2666345580512097E-010  -5.5084807217168153E-009  -1.9299968303011732E-010  -1.7080462285801229E-012  -1.5650141297997892E-017   6.4299905506236291E-018   1.5266138855167736E-017   1.6976916859612899E-017  -2.0897388409327019E-017  -1.3270246549056087E-018
   2.9234042295623598E-010   4.0723110057346295E-010   8.3341258624839461E-012   3.5138008741862208E-009   1.7179403200727976E-016  -5.2335308878067362E-016  -3.7036533719773847E-017  -4.8771534333323237E-016   4.1193299547359903E-016   3.1592032276756343E-016   2.5144990101955606E-010   3.4925039132460427E-010   7.0174350547597487E-012   8.3043492188132171E-009   8.6347730110973355E-017  -6.6878739318756899E-017   8.7086370670989668E-017   3.1177970712819434E-016   3.5414384853695891E-016  -4.2762721804849959E-016  -3.1187448449454051E-017  -5.0223907685980439E-016   1.0872096990347061E-016   3.0943656158084450E-016   7.5584204173095490E-018  -7.1471527989154505E-017  -3.3968725512773537E-017  -7.8456418400188187E-017   8.6622023102956585E-017   7.0899316512954669E-017   3.8041442303971696E-009   1.5036144278700262E-010   2.1813625180134349E-010   5.5145616130467510E-012  -3.4165030688445934E-018   3.0831811203880492E-018   9.4164286890618290E-019   1.4416539863843982E-018  -3.8290142627603087E-018   4.5590128558999640E-018  -5.8418869062009431E-019   1.1828339507192810E-018  -3.3527927498700060E-018  -1.8232896962068293E-018  -1.9270166516722766E-018   5.2551044273504119E-018   1.9427543391806658E-018  -2.4010565964024803E-018  -3.7018385952354958E-018  -7.6081842045253825E-018   1.4587666319566868E-017  -1.1699026530509662E-018  -2.1648171488032775E-018  -1.3764112344422165E-017   1.2372184772856102E-017  -4.1767448459948737E-019   2.3093497377372489E-017  -1.4027284631385972E-017  -1.6340878323260464E-017   3.6522409584772688E-017  -1.7032969078032489E-016  -3.8257294465650754E-017  -1.5146258710828565E-016   1.3156212805753018E-016   1.1494148011446991E-016  -4.3081206030613113E-010  -1.7046330436831304E-010   4.8700685432886877E-011   9.6360614949589717E-011   1.3318997734287449E-010   2.5943464752227654E-012   6.7058492389313810E-009   1.3803414238566576E-010   1.7242587584514589E-012   1.3125110904113976E-017  -2.9079857907498504E-017  -1.7198397065310284E-017  -3.5626066365390738E-017   3.1173847890804922E-017   2.2501258256617668E-017
   1.7736740373163723E-009   2.7412521479301986E-009   1.3147992863737773E-009   1.2392461096962627E-008   5.0882821181118259E-016  -2.0158179471993419E-015  -4.2182602453053765E-016  -2.5250960263391496E-015   1.2322093918014489E-015   2.0162643497392998E-015   1.5204044113013599E-009   2.3494031986412024E-009   1.1262340121500643E-009   2.9287682412808129E-008   2.7739384083756114E-016  -2.1946435560788616E-016   3.1177970712819434E-016   1.1418196417146524E-015   1.2401720246509036E-015  -1.5139824701224929E-015  -1.0657652469780802E-016  -1.7688528670238091E-015   3.6245076388409261E-016   1.0860386586520511E-015  -1.3413343866210891E-017  -4.7057717496125457E-016  -2.2333215612476456E-016  -5.0593333938279188E-016   1.9251563289204804E-016   5.1935139345791182E-016   1.3416586352042008E-008   9.5612028022122946E-010   1.4814031796788887E-009   7.1553870385918767E-010  -1.4408836261192226E-017   1.4101494999388869E-017   1.6967510665315598E-018   6.2312915624549195E-018  -1.4736036625362996E-017   1.9076616535607318E-017  -3.5490048335663165E-018   2.9306023410262636E-019  -1.4157798640173090E-017  -1.9152375359133894E-018  -9.8459783301412838E-018   2.7707906311755026E-017   1.1062128891940284E-017  -1.6724070298656333E-017  -1.7159158831694779E-017  -2.6910130279653352E-017   5.0026153713764628E-017  -2.3337932812129924E-018  -1.0599921720451044E-017  -4.7065581657705799E-017   4.6703455308889297E-017   5.8238076467876534E-019   7.9319174514519259E-017  -5.0807469820061795E-017  -5.7381442878562547E-017   9.2828739414438906E-017  -6.9627390940629742E-016  -1.9063469016697471E-016  -7.2883820600602924E-016   4.1109643472453003E-016   6.3601406673570098E-016  -4.4271477096288824E-010  -5.0184476578226504E-010   8.0557231082091719E-012   5.7935441501759929E-010   8.9497579204549762E-010   4.2863271406206191E-010   2.3650157552134476E-008   4.9215058094097109E-010   5.7896971329712155E-012   3.2998987010232185E-017  -1.2915853914495951E-016  -5.4668079482710030E-017  -1.5898626161843870E-016   1.0421152288481505E-016   1.2598834050841726E-016
  -1.0067628693440494E-009   6.7932142491262473E-010  -1.1953318700664649E-009   1.4586636182166775E-008   1.1653867547041566E-015  -1.4811685881444237E-015  -1.4559153594578041E-016  -1.7819556277642000E-015   1.5492337476991178E-015   6.1656476100318301E-016  -8.6344045398257253E-010   5.8274034027430587E-010  -1.0236334804576541E-009   3.4472373869054853E-008   3.8986988843833987E-016  -3.0791466599928473E-016   3.5414384853695891E-016   1.2401720246509036E-015   1.4899876450027482E-015  -1.7632360008767705E-015  -1.4050823672084431E-016  -2.0951537126571741E-015   4.9642615289106957E-016   1.2976717206201225E-015   2.7448622997222281E-016   1.4273411801674536E-016  -1.6581159030776224E-016  -2.5759219188223855E-016   4.4804359500512436E-016  -1.6888588482907299E-017   1.5793909151338883E-008  -5.3905229457912906E-010   3.6280069004415568E-010  -6.5314371858335984E-010  -1.0085244297213941E-017   6.1903876526950474E-018   6.5526784944446492E-018   7.3745236184455887E-018  -1.0005046796036668E-017   1.0337975657655858E-017  -8.0837533569727545E-020   2.0990050057104956E-018  -8.1969994037825690E-018  -8.1172427118330996E-018  -6.3050466900337659E-018   1.2422468287494388E-017   3.6984538435038832E-018  -4.9648575076329006E-018  -7.9928544642139428E-018  -3.1407259388219086E-017   6.3045784147517861E-017  -8.4183109695263034E-018  -5.4890656403517659E-018  -5.7382296993774609E-017   4.7626578437173630E-017  -3.1246830863517128E-018   9.8289724073834665E-017  -5.8853533109454450E-017  -6.6986205746529086E-017   2.7532326038849847E-016  -5.2399014051477240E-016  -1.4863169134723697E-016  -5.6289888079831002E-016   5.3867764767179521E-016   2.8758103894343007E-016   4.3253423792314208E-010  -3.3828031542068302E-010  -1.3574886038865315E-010  -3.2928789070753697E-010   2.2232290973793396E-010  -3.8940582877815496E-010   2.7837454166497474E-008   6.4749692395287148E-010   6.5909764993260666E-012   5.1417648699166990E-017  -1.1749690350576465E-016  -5.9298001045480649E-017  -1.2418372660475129E-016   1.3391671864906657E-016   7.2767336795771491E-017
