   8.2820857088017105E-002  -1.0574932353231895E-016   1.2512023418850846E-016   1.2623228085595112E-016   4.0363898379150331E-002  -8.1327675318417425E-017   2.8591379310302816E-017  -3.1624893543373797E-015   6.9866856267462960E-002  -1.2289033827073419E-016   3.6843328138095482E-017  -5.5890921552147254E-015  -1.2140069021725987E-002   1.3651449575233305E-016  -8.8540029280528079E-016   4.6151602286070836E-015  -3.5191242373319477E-015
  -1.0574932353231895E-016   8.2820857088020006E-002  -1.2606087806273778E-016   1.6496329376342742E-016   1.2531672294690073E-016   4.0363898379148326E-002   3.1230181968803517E-018   3.7736063753954946E-017   1.7779868142377147E-018   6.9866856267463917E-002  -5.9449751865594700E-017   4.3830215348589035E-016   3.2659258899705893E-016  -1.2140069021711004E-002   1.2650194251131427E-015  -2.9061381204546599E-015   2.0457953134245309E-016
   1.2512023418850846E-016  -1.2606087806273778E-016   8.2820857088021713E-002  -1.2706948828642471E-016  -1.1522782325149219E-016   4.3462098733301404E-017   4.0363898379147937E-002  -3.9890794842855332E-015   1.6602296855355792E-017  -1.3581527777472635E-016   6.9866856267464833E-002  -7.7059114523807999E-015   9.5908450062685173E-016  -3.4241118074993930E-015  -1.2140069021715506E-002   4.3706429958066598E-015   1.5105538017171786E-015
   1.2623228085595112E-016   1.6496329376342742E-016  -1.2706948828642471E-016   1.4955479938472301E-004  -1.5251904551062940E-016   3.0689713396701521E-017  -1.8694152365453985E-016  -6.4795065908608805E-003   1.7373122746506716E-016   2.0052452186202302E-016  -1.5650384623985508E-016  -1.1560096360418097E-002   6.6449596674705474E-015   3.3572167652813523E-015   2.8361159896543081E-016   7.2067862947451369E-003  -5.6487073742874190E-003
   4.0363898379150331E-002   1.2531672294690073E-016  -1.1522782325149219E-016  -1.5251904551062940E-016   2.0130580941619503E-002   3.7639574263684475E-017  -9.5243872534149481E-017   3.3861024476015610E-015   3.3554987303023455E-002   1.0250690763874676E-016  -9.1491078172138333E-017   5.7646154281052668E-015  -3.6092528349887715E-002   4.0025111672077448E-016   2.2828400490387929E-015  -3.8377054585903156E-015   3.3402743992203886E-015
  -8.1327675318417425E-017   4.0363898379148326E-002   4.3462098733301404E-017   3.0689713396701521E-017   3.7639574263684475E-017   2.0130580941617668E-002  -1.7808082445889692E-017   9.2436229393002156E-017  -7.7933976707280051E-018   3.3554987303020783E-002   3.1395596033149909E-017   2.3814190169882385E-016   3.8818116192019682E-016  -3.6092528349906880E-002  -2.4321139358828554E-016   3.9201270207655933E-015   8.6689499636692404E-016
   2.8591379310302816E-017   3.1230181968803517E-018   4.0363898379147937E-002  -1.8694152365453985E-016  -9.5243872534149481E-017  -1.7808082445889692E-017   2.0130580941616748E-002   4.0427786276829199E-015  -6.4401320083888201E-017   8.6389710853633424E-017   3.3554987303020180E-002   6.9449214737558541E-015  -6.6817622296916381E-016   3.8295294810912840E-015  -3.6092528349904195E-002  -4.0441928255552897E-015  -2.3087717378944679E-015
  -3.1624893543373797E-015   3.7736063753954946E-017  -3.9890794842855332E-015  -6.4795065908608805E-003   3.3861024476015610E-015   9.2436229393002156E-017   4.0427786276829199E-015  0.30113231856918854       -9.8516194004390313E-016  -1.8883305320783488E-016  -7.2241256815578044E-016  0.54045712788020339       -8.5081702947923074E-015  -4.7044291289763038E-015  -1.8671381730490947E-015 -0.22865710544760195        5.4800691793704961E-002
   6.9866856267462960E-002   1.7779868142377147E-018   1.6602296855355792E-017   1.7373122746506716E-016   3.3554987303023455E-002  -7.7933976707280051E-018  -6.4401320083888201E-017  -9.8516194004390313E-016   5.9474485787732782E-002  -4.8566113581214227E-017  -1.0302349240888357E-017  -1.4058803476314779E-015   2.2363969530891467E-002  -7.3642004404962420E-016   9.8924921440966797E-016   1.4580473199586223E-015  -1.5230971277962510E-015
  -1.2289033827073419E-016   6.9866856267463917E-002  -1.3581527777472635E-016   2.0052452186202302E-016   1.0250690763874676E-016   3.3554987303020783E-002   8.6389710853633424E-017  -1.8883305320783488E-016  -4.8566113581214227E-017   5.9474485787731887E-002  -6.8389268107744724E-017   1.5299057463437832E-016  -1.9728796710567596E-016   2.2363969530891443E-002   5.3696863127102273E-016  -1.8711905287943632E-015  -1.1124584049614999E-015
   3.6843328138095482E-017  -5.9449751865594700E-017   6.9866856267464833E-002  -1.5650384623985508E-016  -9.1491078172138333E-017   3.1395596033149909E-017   3.3554987303020180E-002  -7.2241256815578044E-016  -1.0302349240888357E-017  -6.8389268107744724E-017   5.9474485787732428E-002  -1.6627961189606892E-015   1.1287096598711404E-015  -1.9881106998769315E-015   2.2363969530894125E-002   5.2901271808236246E-016  -6.4270762001540229E-016
  -5.5890921552147254E-015   4.3830215348589035E-016  -7.7059114523807999E-015  -1.1560096360418097E-002   5.7646154281052668E-015   2.3814190169882385E-016   6.9449214737558541E-015  0.54045712788020339       -1.4058803476314779E-015   1.5299057463437832E-016  -1.6627961189606892E-015  0.97051075083383531        3.6360850324859425E-015   1.3462075170386283E-015   1.5439064096969985E-015 -0.38537412264082194        7.0849974961331996E-002
  -1.2140069021725987E-002   3.2659258899705893E-016   9.5908450062685173E-016   6.6449596674705474E-015  -3.6092528349887715E-002   3.8818116192019682E-016  -6.6817622296916381E-016  -8.5081702947923074E-015   2.2363969530891467E-002  -1.9728796710567596E-016   1.1287096598711404E-015   3.6360850324859425E-015   1.9870394344986875        8.7813264423872899E-017  -1.0144241629793261E-015   1.4448670460878022E-016   5.6031693320183097E-016
   1.3651449575233305E-016  -1.2140069021711004E-002  -3.4241118074993930E-015   3.3572167652813523E-015   4.0025111672077448E-016  -3.6092528349906880E-002   3.8295294810912840E-015  -4.7044291289763038E-015  -7.3642004404962420E-016   2.2363969530891443E-002  -1.9881106998769315E-015   1.3462075170386283E-015   8.7813264423872899E-017   1.9870394344986935       -1.5401282442569723E-015   2.2469390704646363E-015   2.5057759930494389E-016
  -8.8540029280528079E-016   1.2650194251131427E-015  -1.2140069021715506E-002   2.8361159896543081E-016   2.2828400490387929E-015  -2.4321139358828554E-016  -3.6092528349904195E-002  -1.8671381730490947E-015   9.8924921440966797E-016   5.3696863127102273E-016   2.2363969530894125E-002   1.5439064096969985E-015  -1.0144241629793261E-015  -1.5401282442569723E-015   1.9870394344986826       -1.1603790773305167E-015   9.1857966552539447E-016
   4.6151602286070836E-015  -2.9061381204546599E-015   4.3706429958066598E-015   7.2067862947451369E-003  -3.8377054585903156E-015   3.9201270207655933E-015  -4.0441928255552897E-015 -0.22865710544760195        1.4580473199586223E-015  -1.8711905287943632E-015   5.2901271808236246E-016 -0.38537412264082194        1.4448670460878022E-016   2.2469390704646363E-015  -1.1603790773305167E-015   2.2874408608604857      -0.55490048806993797     
  -3.5191242373319477E-015   2.0457953134245309E-016   1.5105538017171786E-015  -5.6487073742874190E-003   3.3402743992203886E-015   8.6689499636692404E-016  -2.3087717378944679E-015   5.4800691793704961E-002  -1.5230971277962510E-015  -1.1124584049614999E-015  -6.4270762001540229E-016   7.0849974961331996E-002   5.6031693320183097E-016   2.5057759930494389E-016   9.1857966552539447E-016 -0.55490048806993797        2.1346744198228569     
