   7.5460418524043017E-004  -4.8449483872113028E-017   8.3893742986091736E-017  -2.1513708819852556E-017   1.4408614998793630E-002  -7.2216917352158376E-016  -2.3549887625921861E-016   1.1028075401705670E-015   2.9255439925745592E-002  -1.4966737599969322E-015  -2.7250659275770625E-016   2.4555047146893463E-015  -7.0123912963207828E-003   4.0415817089236358E-016   2.5146116979857854E-015   8.6533083477019767E-016  -3.4261018117061049E-016
  -4.8449483872113028E-017   7.5460418524048417E-004   1.8065531933929518E-017   3.1224900098508584E-017  -1.2996333559166110E-016   1.4408614998794467E-002   2.8779416102710708E-016   4.8965161985439125E-016  -3.7048289376661117E-016   2.9255439925746696E-002   6.0626997298613306E-016   1.1269980632244038E-015  -4.7636309743436238E-016  -7.0123912963237865E-003   2.0303797968203286E-016  -1.2842064784697360E-016   1.0579457755262108E-016
   8.3893742986091736E-017   1.8065531933929518E-017   7.5460418524055930E-004  -3.4362846600751203E-019   1.6336826097647361E-015  -3.7040962541667367E-017   1.4408614998795014E-002   1.7645334046845388E-016   3.2848818608786912E-015   1.6173458853110424E-017   2.9255439925748274E-002   4.4347575608171224E-016  -1.0304727550587960E-016   1.3061997670819631E-015  -7.0123912963242713E-003   2.4771135533967233E-015  -1.5738877923705444E-015
  -2.1513708819852556E-017   3.1224900098508584E-017  -3.4362846600751203E-019   2.3984635800922537E-004   2.1938154981584722E-016   9.0655497714379775E-016  -2.5146300052095842E-016  -7.4689593704294613E-003   3.2337382051726381E-016   1.7933189117866117E-015  -4.2976096109135458E-016  -1.5396631655733302E-002  -2.5734095513559882E-015  -1.1565387559206185E-015   3.3066204681924546E-015   1.5119893943313418E-002  -6.1507417886886608E-003
   1.4408614998793630E-002  -1.2996333559166110E-016   1.6336826097647361E-015   2.1938154981584722E-016  0.28018110703585553        8.5162725396020766E-016  -7.4200086179476710E-016  -1.1518422395935349E-015  0.56532504718690801        1.1852328743022084E-015   5.3743901690106455E-016  -1.3696318800259322E-015 -0.23660309114351510        1.2588010739030334E-016  -2.3853023777085230E-015  -1.9260813398292346E-015   4.1547377920034712E-016
  -7.2216917352158376E-016   1.4408614998794467E-002  -3.7040962541667367E-017   9.0655497714379775E-016   8.5162725396020766E-016  0.28018110703586241       -1.1778162538160497E-016  -1.0521998793315138E-015   1.4559479923764718E-016  0.56532504718691245       -3.4839820373284980E-016  -5.0616118453376645E-016   4.2295150265133155E-016 -0.23660309114351522        3.8740830611864660E-016   4.6112731829627418E-016   9.7722988955742855E-017
  -2.3549887625921861E-016   2.8779416102710708E-016   1.4408614998795014E-002  -2.5146300052095842E-016  -7.4200086179476710E-016  -1.1778162538160497E-016  0.28018110703585541        3.6439611192936847E-016  -2.8377365561549350E-015   6.2256582810012173E-016  0.56532504718690801       -1.6390497483332108E-015  -2.1090442760274275E-016  -2.2948401059747110E-015 -0.23660309114351108       -2.0363058801181928E-015   1.7013317143694318E-015
   1.1028075401705670E-015   4.8965161985439125E-016   1.7645334046845388E-016  -7.4689593704294613E-003  -1.1518422395935349E-015  -1.0521998793315138E-015   3.6439611192936847E-016  0.25591652561888428       -3.5278222083553596E-016  -1.2470617895407379E-015   2.4613895650748882E-015  0.53878846415369619        4.2222420280743552E-015   2.3904486348828947E-015  -8.2300189838409919E-015 -0.30089519042020835        7.5553664029293338E-002
   2.9255439925745592E-002  -3.7048289376661117E-016   3.2848818608786912E-015   3.2337382051726381E-016  0.56532504718690801        1.4559479923764718E-016  -2.8377365561549350E-015  -3.5278222083553596E-016   1.1431212133341999       -8.8397713628174390E-016  -1.3402365155179563E-015   1.2718237464361175E-015 -0.40816369080304626       -5.0645793982229126E-017   3.0737809216321854E-016   6.8674926159072401E-016   5.2829213036326617E-016
  -1.4966737599969322E-015   2.9255439925746696E-002   1.6173458853110424E-017   1.7933189117866117E-015   1.1852328743022084E-015  0.56532504718691245        6.2256582810012173E-016  -1.2470617895407379E-015  -8.8397713628174390E-016   1.1431212133341895        1.2032611235515689E-015   6.6637194478780624E-016   1.2460701687058012E-016 -0.40816369080303905       -1.1821581447036753E-015   3.9039175346339934E-016  -3.2895727333187870E-016
  -2.7250659275770625E-016   6.0626997298613306E-016   2.9255439925748274E-002  -4.2976096109135458E-016   5.3743901690106455E-016  -3.4839820373284980E-016  0.56532504718690801        2.4613895650748882E-015  -1.3402365155179563E-015   1.2032611235515689E-015   1.1431212133341992        1.4120504444864447E-015   1.7129648936277386E-015   1.3851140151293836E-015 -0.40816369080304776        1.1872847409473764E-015  -4.6566461077198314E-016
   2.4555047146893463E-015   1.1269980632244038E-015   4.4347575608171224E-016  -1.5396631655733302E-002  -1.3696318800259322E-015  -5.0616118453376645E-016  -1.6390497483332108E-015  0.53878846415369619        1.2718237464361175E-015   6.6637194478780624E-016   1.4120504444864447E-015   1.1392953141015136       -3.9860646722084341E-015  -1.6157139648395943E-015   4.0921138668215282E-015 -0.53498731494873530       0.10819245292034464     
  -7.0123912963207828E-003  -4.7636309743436238E-016  -1.0304727550587960E-016  -2.5734095513559882E-015 -0.23660309114351510        4.2295150265133155E-016  -2.1090442760274275E-016   4.2222420280743552E-015 -0.40816369080304626        1.2460701687058012E-016   1.7129648936277386E-015  -3.9860646722084341E-015   2.1502312289781318        7.1261771237098905E-016   1.2477100244916856E-015   3.3538874937459807E-016  -1.1643571569961920E-016
   4.0415817089236358E-016  -7.0123912963237865E-003   1.3061997670819631E-015  -1.1565387559206185E-015   1.2588010739030334E-016 -0.23660309114351522       -2.2948401059747110E-015   2.3904486348828947E-015  -5.0645793982229126E-017 -0.40816369080303905        1.3851140151293836E-015  -1.6157139648395943E-015   7.1261771237098905E-016   2.1502312289781309       -1.7019708294888514E-015  -2.4779779010490303E-016   2.2007168582825266E-016
   2.5146116979857854E-015   2.0303797968203286E-016  -7.0123912963242713E-003   3.3066204681924546E-015  -2.3853023777085230E-015   3.8740830611864660E-016 -0.23660309114351108       -8.2300189838409919E-015   3.0737809216321854E-016  -1.1821581447036753E-015 -0.40816369080304776        4.0921138668215282E-015   1.2477100244916856E-015  -1.7019708294888514E-015   2.1502312289781340       -6.3961237427266169E-016  -4.7141484815984795E-016
   8.6533083477019767E-016  -1.2842064784697360E-016   2.4771135533967233E-015   1.5119893943313418E-002  -1.9260813398292346E-015   4.6112731829627418E-016  -2.0363058801181928E-015 -0.30089519042020835        6.8674926159072401E-016   3.9039175346339934E-016   1.1872847409473764E-015 -0.53498731494873530        3.3538874937459807E-016  -2.4779779010490303E-016  -6.3961237427266169E-016   2.4331788864577311      -0.64322171751842738     
  -3.4261018117061049E-016   1.0579457755262108E-016  -1.5738877923705444E-015  -6.1507417886886608E-003   4.1547377920034712E-016   9.7722988955742855E-017   1.7013317143694318E-015   7.5553664029293338E-002   5.2829213036326617E-016  -3.2895727333187870E-016  -4.6566461077198314E-016  0.10819245292034464       -1.1643571569961920E-016   2.2007168582825266E-016  -4.7141484815984795E-016 -0.64322171751842738        2.1703360134656418     
