   6.7152573701867432E-002   1.3587820195537058E-017  -2.0430505273853364E-017  -5.2100022840541374E-017   5.8988576726455466E-002   9.9334377167679998E-018   6.0992513191178697E-017  -2.3098476371347721E-016   6.1861722034666028E-002   2.0321449781892850E-017   3.3442978339966668E-017  -1.5443736689231908E-016   1.5691942953282933E-015
   1.3587820195537058E-017   6.7152573701867196E-002  -3.6530836949183447E-017  -4.9293643403130347E-017  -2.0042211253615418E-017   5.8988576726456146E-002  -1.1436074165197782E-017  -4.1305242815273047E-016  -2.0890373578132171E-017   6.1861722034666285E-002  -8.0468129989153309E-018  -3.7220886862066127E-016  -9.4747263703418189E-016
  -2.0430505273853364E-017  -3.6530836949183447E-017   6.7152573701866974E-002   1.3194832305945139E-018  -3.2881819012411668E-017   1.0877032420007970E-017   5.8988576726455362E-002   5.7878141373499690E-016  -3.1290738207073281E-017  -7.9959910220803487E-018   6.1861722034665757E-002   4.2452075756028959E-016  -9.0090764475140578E-016
  -5.2100022840541374E-017  -4.9293643403130347E-017   1.3194832305945139E-018   5.7456917557349788E-003  -1.2442525036898491E-017   3.0052950548956559E-017   2.1201437177981091E-017   6.0602873510860029E-002  -3.1699202016007141E-017  -2.6502240898424871E-017  -5.3954094640234274E-018   4.9798016504007364E-002  -2.1299119461078417E-002
   5.8988576726455466E-002  -2.0042211253615418E-017  -3.2881819012411668E-017  -1.2442525036898491E-017   5.1817108301184273E-002  -1.9364584895812255E-017   4.0456975831864780E-017   1.9149922114841978E-016   5.4340954270395737E-002  -1.1607739509172767E-017   1.5617099378922611E-017   1.4719437573674950E-016  -4.3483262541834938E-016
   9.9334377167679998E-018   5.8988576726456146E-002   1.0877032420007970E-017   3.0052950548956559E-017  -1.9364584895812255E-017   5.1817108301185660E-002   2.7696847997954826E-017   3.4553889595302280E-016  -2.0195524217069445E-017   5.4340954270396792E-002   3.2512512647408127E-017   3.1787035059468724E-016   1.4675465533891523E-015
   6.0992513191178697E-017  -1.1436074165197782E-017   5.8988576726455362E-002   2.1201437177981091E-017   4.0456975831864780E-017   2.7696847997954826E-017   5.1817108301184446E-002   6.4602577688286804E-016   4.5231418211220452E-017   1.2001892173960356E-017   5.4340954270395786E-002   5.5686239861844621E-016   2.0392067868116112E-015
  -2.3098476371347721E-016  -4.1305242815273047E-016   5.7878141373499690E-016   6.0602873510860029E-002   1.9149922114841978E-016   3.4553889595302280E-016   6.4602577688286804E-016  0.64051171509440419        2.3146122321857911E-017  -1.7653661251367367E-016   4.8458526103654195E-016  0.52506560753771503      -0.27586684373429998     
   6.1861722034666028E-002  -2.0890373578132171E-017  -3.1290738207073281E-017  -3.1699202016007141E-017   5.4340954270395737E-002  -2.0195524217069445E-017   4.5231418211220452E-017   2.3146122321857911E-017   5.6987728721823561E-002  -1.2055255249638270E-017   1.9320327424318856E-017  -9.9248939294506671E-018  -1.1363506977857784E-015
   2.0321449781892850E-017   6.1861722034666285E-002  -7.9959910220803487E-018  -2.6502240898424871E-017  -1.1607739509172767E-017   5.4340954270396792E-002   1.2001892173960356E-017  -1.7653661251367367E-016  -1.2055255249638270E-017   5.6987728721824234E-002   1.6222375005815103E-017  -1.7964107902526808E-016  -1.1217673804410111E-015
   3.3442978339966668E-017  -8.0468129989153309E-018   6.1861722034665757E-002  -5.3954094640234274E-018   1.5617099378922611E-017   3.2512512647408127E-017   5.4340954270395786E-002   4.8458526103654195E-016   1.9320327424318856E-017   1.6222375005815103E-017   5.6987728721823457E-002   3.3084208034011485E-016  -1.6374252127251243E-015
  -1.5443736689231908E-016  -3.7220886862066127E-016   4.2452075756028959E-016   4.9798016504007364E-002   1.4719437573674950E-016   3.1787035059468724E-016   5.5686239861844621E-016  0.52506560753771503       -9.9248939294506671E-018  -1.7964107902526808E-016   3.3084208034011485E-016  0.43162540467203830      -0.17748943024872815     
   1.5691942953282933E-015  -9.4747263703418189E-016  -9.0090764475140578E-016  -2.1299119461078417E-002  -4.3483262541834938E-016   1.4675465533891523E-015   2.0392067868116112E-015 -0.27586684373429998       -1.1363506977857784E-015  -1.1217673804410111E-015  -1.6374252127251243E-015 -0.17748943024872815        2.0951204649330970     
