   6.4436527573401488E-031   1.9052837376557714E-032   6.1111091365271942E-031  -1.3381611488162048E-016  -4.7609672629289725E-031  -3.9606111263208439E-031  -3.0743253407222117E-031  -7.2694125857865813E-016   2.2305514419150289E-031   2.0903507214931294E-031  -2.9019167805186246E-031  -3.7192906233187016E-016   2.8403780038138637E-016
   1.9052837376557714E-032   4.9569183690463102E-032  -5.9841396001959113E-032  -5.8042103290682252E-018   2.2732144597784362E-032  -4.8903782687545256E-032  -6.7152400763498883E-032  -2.6381830177289592E-017  -6.8834624723753451E-032  -9.1401174002357484E-033   8.2083298583951332E-032  -2.0095160284060133E-017  -3.0144457576027731E-016
   6.1111091365271942E-031  -5.9841396001959113E-032   7.0343796231185070E-031  -1.2397295382298939E-016  -5.1004731148670002E-031  -3.1649080984357418E-031  -1.9925764221148556E-031  -6.8165525428225154E-016   3.3146465724015855E-031   2.2260491205884819E-031  -4.1935556250584082E-031  -3.3827057768379046E-016   7.6197725934111843E-016
  -1.3381611488162048E-016  -5.8042103290682252E-018  -1.2397295382298939E-016   2.7859403012940629E-002   9.7483888088440277E-017   8.3652635231850492E-017   6.6033786090079806E-017  0.15114901874198394       -4.3478473716229010E-017  -4.2832977097967398E-017   5.6846495648529321E-017   7.7581938826576449E-002  -4.7305608328878590E-002
  -4.7609672629289725E-031   2.2732144597784362E-032  -5.1004731148670002E-031   9.7483888088440277E-017   3.7941818257563233E-031   2.6469777058327838E-031   1.8353810402905358E-031   5.3343792509294184E-016  -2.2146431654459908E-031  -1.6595594015514393E-031   2.8251141954457209E-031   2.6797047278787340E-016  -4.4259586813308971E-016
  -3.9606111263208439E-031  -4.8903782687545256E-032  -3.1649080984357418E-031   8.3652635231850492E-017   2.6469777058327838E-031   2.7166768468140822E-031   2.3303051958961093E-031   4.5052594702057815E-016  -7.9854043867696529E-032  -1.1685624508240542E-031   1.0955805784908593E-031   2.3551212771951821E-016   6.0570264760417019E-017
  -3.0743253407222117E-031  -6.7152400763498883E-032  -1.9925764221148556E-031   6.6033786090079806E-017   1.8353810402905358E-031   2.3303051958961093E-031   2.1547088112823549E-031   3.5262082655711716E-016  -1.7052137611512369E-032  -8.1580271147708216E-032   3.1034584906498322E-032   1.8822984008985854E-016   2.3158523328012674E-016
  -7.2694125857865813E-016  -2.6381830177289592E-017  -6.8165525428225154E-016  0.15114901874198394        5.3343792509294184E-016   4.5052594702057815E-016   3.5262082655711716E-016  0.82058684332430076       -2.4411721855900442E-016  -2.3429514323470676E-016   3.1833809151418317E-016  0.42049942866053208      -0.28953681727660946     
   2.2305514419150289E-031  -6.8834624723753451E-032   3.3146465724015855E-031  -4.3478473716229010E-017  -2.2146431654459908E-031  -7.9854043867696529E-032  -1.7052137611512369E-032  -2.4411721855900442E-016   1.9331557895103774E-031   9.5942194896294565E-032  -2.4000366317775493E-031  -1.1474451236753188E-016   5.7523531051237592E-016
   2.0903507214931294E-031  -9.1401174002357484E-033   2.2260491205884819E-031  -4.2832977097967398E-017  -1.6595594015514393E-031  -1.1685624508240542E-031  -8.1580271147708216E-032  -2.3429514323470676E-016   9.5942194896294565E-032   7.2601810300577721E-032  -1.2248421662509842E-031  -1.1781120691745703E-016   1.8901104368853957E-016
  -2.9019167805186246E-031   8.2083298583951332E-032  -4.1935556250584082E-031   5.6846495648529321E-017   2.8251141954457209E-031   1.0955805784908593E-031   3.1034584906498322E-032   3.1833809151418317E-016  -2.4000366317775493E-031  -1.2248421662509842E-031   2.9842224269027347E-031   1.5066774898158716E-016  -7.0114609461844551E-016
  -3.7192906233187016E-016  -2.0095160284060133E-017  -3.3827057768379046E-016   7.7581938826576449E-002   2.6797047278787340E-016   2.3551212771951821E-016   1.8822984008985854E-016  0.42049942866053208       -1.1474451236753188E-016  -1.1781120691745703E-016   1.5066774898158716E-016  0.21636726724409044      -0.10642557107241991     
   2.8403780038138637E-016  -3.0144457576027731E-016   7.6197725934111843E-016  -4.7305608328878590E-002  -4.4259586813308971E-016   6.0570264760417019E-017   2.3158523328012674E-016 -0.28953681727660946        5.7523531051237592E-016   1.8901104368853957E-016  -7.0114609461844551E-016 -0.10642557107241991        2.0842116900280261     
