   3.8580241640239800E-002   1.4989207972338457E-016   6.1142932125393544E-017   8.3347166335451736E-017   7.1443489688066408E-002   1.5039917011447308E-016   2.3472412345679787E-017  -9.1955803542771822E-017   8.7465934819073610E-002   1.7976184957535967E-016   5.0512245120878737E-017   1.6750124586286080E-017   3.4568188723973451E-016
   1.4989207972338457E-016   3.8580241640240084E-002  -3.5622252941099157E-017   1.8907025820377443E-017   6.5156033057326761E-017   7.1443489688066353E-002   8.1805312668557498E-017   4.0709456370925276E-016   9.3956282641235518E-017   8.7465934819073513E-002   1.4583196846287762E-016   4.9751746986377201E-016   3.4223575420440695E-015
   6.1142932125393544E-017  -3.5622252941099157E-017   3.8580241640239557E-002  -7.4190510832788610E-018   3.8698111916891688E-017  -1.5469080371389451E-016   7.1443489688065978E-002  -9.9355424510162320E-016   4.3248372909541987E-017  -1.8331148231298777E-016   8.7465934819073221E-002  -1.0313575966881542E-015  -1.2235372785083700E-015
   8.3347166335451736E-017   1.8907025820377443E-017  -7.4190510832788610E-018   1.0288502488431540E-003   1.4833557120282542E-016   1.5354572380525277E-017   3.1045920109881596E-017   2.4281803512875698E-002   1.8296378464100849E-016   2.3125339542835779E-018   4.3225840260007148E-017   2.3679067769296569E-002  -6.4081209441160586E-003
   7.1443489688066408E-002   6.5156033057326761E-017   3.8698111916891688E-017   1.4833557120282542E-016  0.13230016199497099       -1.1484411512052733E-016  -9.4542994129367210E-017  -2.8281584177638858E-016  0.16197077432988138       -1.4868703418375697E-016  -7.5418684246259605E-017  -9.3139903481810071E-017   1.1830371427115274E-016
   1.5039917011447308E-016   7.1443489688066353E-002  -1.5469080371389451E-016   1.5354572380525277E-017  -1.1484411512052733E-016  0.13230016199496986       -1.2813914426065231E-017   7.8826751920686006E-016  -1.1432911908859634E-016  0.16197077432987994        6.8903306815978208E-017   7.0928405630458633E-016  -3.0637977401846205E-015
   2.3472412345679787E-017   8.1805312668557498E-017   7.1443489688065978E-002   3.1045920109881596E-017  -9.4542994129367210E-017  -1.2813914426065231E-017  0.13230016199497022       -9.6616736816263523E-016  -1.2338785411516525E-016  -4.4429701526651835E-018  0.16197077432988069       -9.6755908351335795E-016   9.5730037239462606E-016
  -9.1955803542771822E-017   4.0709456370925276E-016  -9.9355424510162320E-016   2.4281803512875698E-002  -2.8281584177638858E-016   7.8826751920686006E-016  -9.6616736816263523E-016  0.57868812792282776       -2.9907058276040362E-016   3.7143585678333587E-016  -1.0258601498091190E-015  0.56155642988671906      -0.25855353440591955     
   8.7465934819073610E-002   9.3956282641235518E-017   4.3248372909541987E-017   1.8296378464100849E-016  0.16197077432988138       -1.1432911908859634E-016  -1.2338785411516525E-016  -2.9907058276040362E-016  0.19829553752185569       -1.4986610404633500E-016  -1.0169985784503458E-016  -7.5439781971431258E-017  -1.5110589355893311E-016
   1.7976184957535967E-016   8.7465934819073513E-002  -1.8331148231298777E-016   2.3125339542835779E-018  -1.4868703418375697E-016  0.16197077432987994       -4.4429701526651835E-018   3.7143585678333587E-016  -1.4986610404633500E-016  0.19829553752185386        9.8120296609937362E-017   3.9026795191429154E-016   2.6071386414651659E-016
   5.0512245120878737E-017   1.4583196846287762E-016   8.7465934819073221E-002   4.3225840260007148E-017  -7.5418684246259605E-017   6.8903306815978208E-017  0.16197077432988069       -1.0258601498091190E-015  -1.0169985784503458E-016   9.8120296609937362E-017  0.19829553752185519       -1.0481431307030186E-015   4.9252972071202989E-016
   1.6750124586286080E-017   4.9751746986377201E-016  -1.0313575966881542E-015   2.3679067769296569E-002  -9.3139903481810071E-017   7.0928405630458633E-016  -9.6755908351335795E-016  0.56155642988671906       -7.5439781971431258E-017   3.9026795191429154E-016  -1.0481431307030186E-015  0.54628230202239547      -0.19925197504482828     
   3.4568188723973451E-016   3.4223575420440695E-015  -1.2235372785083700E-015  -6.4081209441160586E-003   1.1830371427115274E-016  -3.0637977401846205E-015   9.5730037239462606E-016 -0.25855353440591955       -1.5110589355893311E-016   2.6071386414651659E-016   4.9252972071202989E-016 -0.19925197504482828        2.0908187720721041     
