   7.6834878214109827E-007   4.4032148787286590E-020  -7.9081918746645476E-019  -3.4535069027492756E-018  -3.0763332867435847E-006   4.2352769226449175E-019   3.1735145575125448E-018  -3.6685853087660756E-016   2.9520255905061875E-006   3.2910920001827143E-019  -6.4914580552987190E-019  -4.3492978684393213E-016  -8.0501770649094202E-004   6.3737416100983335E-016   1.9980173942930419E-015  -4.9702247072812975E-016  -7.2269215360120677E-004  -3.7098106659924353E-016  -1.0413453229093116E-015   5.7835105027461276E-016   1.0253320228834527E-015
   4.4032148787286590E-020   7.6834878214156435E-007   3.7977702399155050E-019   6.6611712648863270E-018  -8.8896410252147730E-019  -3.0763332867453423E-006  -1.8696105259958884E-018   5.4337302650570171E-016  -2.0866668158641902E-019   2.9520255905090538E-006   1.2129174146965657E-018   6.5619527589479768E-016  -8.9648123517245929E-016  -8.0501770649037726E-004  -4.5104832666558712E-016   8.0355522177359761E-016   5.5490698528867954E-016  -7.2269215360228414E-004  -1.9033145976925859E-016  -6.8975443874000415E-016   9.7430926419089987E-016
  -7.9081918746645476E-019   3.7977702399155050E-019   7.6834878213828559E-007  -6.0500454604660122E-019   2.0418706817648054E-018  -1.1836956375090049E-018  -3.0763332867338760E-006  -1.2555880632820699E-016  -2.0888801056087882E-018   5.4620853558483705E-019   2.9520255904999067E-006  -1.4195470087468659E-016   1.4393392644675925E-016  -2.6863137731934867E-016  -8.0501770648675234E-004   6.0402464583728420E-016   3.9394540200308987E-016   1.7360605968933876E-016  -7.2269215360276228E-004   8.6642325706732753E-016  -6.3751735245197547E-016
  -3.4535069027492756E-018   6.6611712648863270E-018  -6.0500454604660122E-019   5.1395726141726743E-005   9.7665514264475536E-018  -7.1867455038953233E-018   9.4677847793041877E-019   4.9118616133556180E-003  -3.7612533069265351E-018   4.7686760577438688E-018  -2.4935197051352103E-018   5.8855832431859009E-003   4.9869557217150334E-016  -9.2335546503122401E-016   2.5280761352408557E-016   3.4020508587845871E-003  -6.0801633947787598E-016  -9.2543954173152621E-016  -7.6363741807029121E-016  -2.1435166966269752E-004   3.2608643926797714E-004
  -3.0763332867435847E-006  -8.8896410252147730E-019   2.0418706817648054E-018   9.7665514264475536E-018   1.2629719026166156E-005   8.8382066762344741E-019  -6.3162820878733251E-018   9.7599630838096018E-016  -1.0899869339006545E-005  -4.6447018575003640E-020   3.5144122832559015E-018   1.1589329120302459E-015   3.8783589042691081E-003  -1.2681036132462392E-016  -3.0995809099308437E-015   5.2850732692214279E-016   2.2003102408329348E-003  -2.9987675514744510E-016   1.1565546680487831E-015  -2.6908694820691715E-016  -2.1279257152814149E-015
   4.2352769226449175E-019  -3.0763332867453423E-006  -1.1836956375090049E-018  -7.1867455038953233E-018   8.8382066762344741E-019   1.2629719026178096E-005   6.3703959333540764E-018  -3.6233578089768294E-016  -1.3584387051332976E-018  -1.0899869339011429E-005  -3.7116344751656361E-018  -4.4374052989989458E-016   6.0176412828365500E-016   3.8783589042727267E-003   1.1050446887021186E-015   2.9088656161866912E-016   1.8153382485449595E-016   2.2003102408315982E-003   6.0578989059349689E-016   2.9219644258765999E-016   4.8718545366937414E-016
   3.1735145575125448E-018  -1.8696105259958884E-018  -3.0763332867338760E-006   9.4677847793041877E-019  -6.3162820878733251E-018   6.3703959333540764E-018   1.2629719026141428E-005   2.0814084785972892E-016   6.7416438980497256E-018  -2.4521924872486190E-018  -1.0899869338978969E-005   2.3399620177636892E-016   3.0794983940261500E-016   2.1173234407516874E-015   3.8783589042636242E-003  -3.1065331603331063E-016  -1.1103202745954132E-015  -1.1891667600070535E-015   2.2003102408330571E-003  -1.6481305380396496E-015   2.0113415721832481E-015
  -3.6685853087660756E-016   5.4337302650570171E-016  -1.2555880632820699E-016   4.9118616133556180E-003   9.7599630838096018E-016  -3.6233578089768294E-016   2.0814084785972892E-016  0.47454561525841205       -4.9471312881444800E-016   1.4372182374532579E-016  -4.4244877601838077E-016  0.56800452954827463       -7.9254194592064860E-016   1.3914499457668887E-015   7.1856378832362156E-016  0.29712874157128683        2.2295966317372520E-015   2.4444076443064172E-015   1.7490216536368877E-015 -0.10347385076005683       -2.5563769654335503E-002
   2.9520255905061875E-006  -2.0866668158641902E-019  -2.0888801056087882E-018  -3.7612533069265351E-018  -1.0899869339006545E-005  -1.3584387051332976E-018   6.7416438980497256E-018  -4.9471312881444800E-016   1.4046403511062297E-005   7.4325906812971247E-019  -4.6317583421159530E-018  -5.7772031336996733E-016  -1.1657272697166319E-003   4.1561974427856854E-017   2.5340475571748066E-015  -2.0991260343383204E-016  -4.8155989959445906E-003  -1.0345435093765143E-016  -8.9528178357958780E-016   1.7016706912268917E-016   1.9843255228217106E-015
   3.2910920001827143E-019   2.9520255905090538E-006   5.4620853558483705E-019   4.7686760577438688E-018  -4.6447018575003640E-020  -1.0899869339011429E-005  -2.4521924872486190E-018   1.4372182374532579E-016   7.4325906812971247E-019   1.4046403511067652E-005   1.8564122260124599E-018   1.8013067498962461E-016  -4.5974939320691673E-016  -1.1657272697178898E-003  -9.8488697708478707E-016  -1.0490353811647100E-015   3.3253815368766806E-017  -4.8155989959449792E-003  -2.6250973455192104E-016   3.6179081667499557E-016  -1.3883446749154100E-015
  -6.4914580552987190E-019   1.2129174146965657E-018   2.9520255904999067E-006  -2.4935197051352103E-018   3.5144122832559015E-018  -3.7116344751656361E-018  -1.0899869338978969E-005  -4.4244877601838077E-016  -4.6317583421159530E-018   1.8564122260124599E-018   1.4046403511036383E-005  -5.1228664534041360E-016   7.5031237258974260E-018  -5.3885779708771619E-016  -1.1657272697081107E-003   2.9736693997705539E-016   1.3636829433633270E-015   3.3461341087822120E-016  -4.8155989959440051E-003   8.7642365875226737E-016  -5.8560784190692279E-016
  -4.3492978684393213E-016   6.5619527589479768E-016  -1.4195470087468659E-016   5.8855832431859009E-003   1.1589329120302459E-015  -4.4374052989989458E-016   2.3399620177636892E-016  0.56800452954827463       -5.7772031336996733E-016   1.8013067498962461E-016  -5.1228664534041360E-016  0.67995028618517506        4.7760945594251107E-016  -1.5756324139063328E-015  -8.0440715275575256E-016  0.36341512664925840       -1.7835020035607090E-015  -1.2491236556069614E-015  -1.8619561637393035E-015 -0.11683759300142588       -2.4445485859224705E-002
  -8.0501770649094202E-004  -8.9648123517245929E-016   1.4393392644675925E-016   4.9869557217150334E-016   3.8783589042691081E-003   6.0176412828365500E-016   3.0794983940261500E-016  -7.9254194592064860E-016  -1.1657272697166319E-003  -4.5974939320691673E-016   7.5031237258974260E-018   4.7760945594251107E-016   2.2166596727339116       -6.1365842962679620E-016   1.0889726620444420E-015  -4.6368170838945503E-016 -0.69570895913696384        6.4722126312880010E-016   3.3176586478056416E-016  -2.5097071363851371E-017   2.2709547137151521E-016
   6.3737416100983335E-016  -8.0501770649037726E-004  -2.6863137731934867E-016  -9.2335546503122401E-016  -1.2681036132462392E-016   3.8783589042727267E-003   2.1173234407516874E-015   1.3914499457668887E-015   4.1561974427856854E-017  -1.1657272697178898E-003  -5.3885779708771619E-016  -1.5756324139063328E-015  -6.1365842962679620E-016   2.2166596727339103       -1.0511069011703866E-015  -1.9805321940783638E-015   5.6398164133622520E-016 -0.69570895913695741        6.7209692672376449E-016  -1.3612519119839310E-015  -8.2040204414685433E-016
   1.9980173942930419E-015  -4.5104832666558712E-016  -8.0501770648675234E-004   2.5280761352408557E-016  -3.0995809099308437E-015   1.1050446887021186E-015   3.8783589042636242E-003   7.1856378832362156E-016   2.5340475571748066E-015  -9.8488697708478707E-016  -1.1657272697081107E-003  -8.0440715275575256E-016   1.0889726620444420E-015  -1.0511069011703866E-015   2.2166596727339161       -2.3734876881397931E-016   6.5081945908873637E-016   1.4305505564859994E-015 -0.69570895913695752        1.0221116484599357E-015   8.7948458539264635E-016
  -4.9702247072812975E-016   8.0355522177359761E-016   6.0402464583728420E-016   3.4020508587845871E-003   5.2850732692214279E-016   2.9088656161866912E-016  -3.1065331603331063E-016  0.29712874157128683       -2.0991260343383204E-016  -1.0490353811647100E-015   2.9736693997705539E-016  0.36341512664925840       -4.6368170838945503E-016  -1.9805321940783638E-015  -2.3734876881397931E-016   2.5026582894915652       -3.8251560994761895E-016   1.2901631771764352E-015  -7.2521444936608912E-016 -0.94570029714043169      -0.21746789400237640     
  -7.2269215360120677E-004   5.5490698528867954E-016   3.9394540200308987E-016  -6.0801633947787598E-016   2.2003102408329348E-003   1.8153382485449595E-016  -1.1103202745954132E-015   2.2295966317372520E-015  -4.8155989959445906E-003   3.3253815368766806E-017   1.3636829433633270E-015  -1.7835020035607090E-015 -0.69570895913696384        5.6398164133622520E-016   6.5081945908873637E-016  -3.8251560994761895E-016   2.2169296636938678       -6.1983414684522661E-016   1.1010073061590298E-015   5.4902813264779380E-017   3.3958712271772890E-016
  -3.7098106659924353E-016  -7.2269215360228414E-004   1.7360605968933876E-016  -9.2543954173152621E-016  -2.9987675514744510E-016   2.2003102408315982E-003  -1.1891667600070535E-015   2.4444076443064172E-015  -1.0345435093765143E-016  -4.8155989959449792E-003   3.3461341087822120E-016  -1.2491236556069614E-015   6.4722126312880010E-016 -0.69570895913695741        1.4305505564859994E-015   1.2901631771764352E-015  -6.1983414684522661E-016   2.2169296636938651       -1.1268316466549189E-015  -9.5053254713932194E-017   7.6321454796506713E-016
  -1.0413453229093116E-015  -1.9033145976925859E-016  -7.2269215360276228E-004  -7.6363741807029121E-016   1.1565546680487831E-015   6.0578989059349689E-016   2.2003102408330571E-003   1.7490216536368877E-015  -8.9528178357958780E-016  -2.6250973455192104E-016  -4.8155989959440051E-003  -1.8619561637393035E-015   3.3176586478056416E-016   6.7209692672376449E-016 -0.69570895913695752       -7.2521444936608912E-016   1.1010073061590298E-015  -1.1268316466549189E-015   2.2169296636938673       -4.4496633612124608E-017   9.5591542300977158E-016
   5.7835105027461276E-016  -6.8975443874000415E-016   8.6642325706732753E-016  -2.1435166966269752E-004  -2.6908694820691715E-016   2.9219644258765999E-016  -1.6481305380396496E-015 -0.10347385076005683        1.7016706912268917E-016   3.6179081667499557E-016   8.7642365875226737E-016 -0.11683759300142588       -2.5097071363851371E-017  -1.3612519119839310E-015   1.0221116484599357E-015 -0.94570029714043169        5.4902813264779380E-017  -9.5053254713932194E-017  -4.4496633612124608E-017   2.5146450725495275       0.66511098152354897     
   1.0253320228834527E-015   9.7430926419089987E-016  -6.3751735245197547E-016   3.2608643926797714E-004  -2.1279257152814149E-015   4.8718545366937414E-016   2.0113415721832481E-015  -2.5563769654335503E-002   1.9843255228217106E-015  -1.3883446749154100E-015  -5.8560784190692279E-016  -2.4445485859224705E-002   2.2709547137151521E-016  -8.2040204414685433E-016   8.7948458539264635E-016 -0.21746789400237640        3.3958712271772890E-016   7.6321454796506713E-016   9.5591542300977158E-016  0.66511098152354897        2.1764639368058565     
