   2.4575470904489351E-031   4.9440169574761466E-031   1.5303437356377610E-031  -8.1666982948161918E-017  -2.5480418534779414E-032  -7.6139648551487665E-031  -1.8086047491544701E-031  -2.2181606231812091E-016  -2.9621413513641082E-032   3.7716057993385199E-031   5.6291443741726208E-031  -7.2306176524434697E-017   5.6425772713251747E-016
   4.9440169574761466E-031   1.0284894114642772E-030   2.8319658988398570E-031  -1.3216038767806495E-016  -1.6433507914334275E-031  -1.6723533579226546E-030  -5.4470067108574456E-031  -3.6420678482808521E-016  -1.0478878070838072E-032   8.3916583378237026E-031   1.3916463247999057E-030  -1.1123312823400035E-016   1.2925043562611681E-015
   1.5303437356377610E-031   2.8319658988398570E-031   1.1327133394008316E-031  -7.4265891129400988E-017   6.6510363983528849E-032  -3.7170056734444000E-031   1.9130358155756141E-032  -1.9789255771079439E-016  -5.4225257746775458E-032   1.7628479747572739E-031   1.6170566899235414E-031  -6.9963411885619211E-017   2.3673815129988472E-016
  -8.1666982948161918E-017  -1.3216038767806495E-016  -7.4265891129400988E-017   5.7629483711366870E-002  -9.8821876018349125E-017   1.1961415272606054E-016  -1.1149662724489577E-016  0.15155070543818211        5.6443405149968845E-017  -4.9042402198572042E-017   5.8869190091508253E-017   5.6507056687204842E-002  -3.8211036361026803E-002
  -2.5480418534779414E-032  -1.6433507914334275E-031   6.6510363983528849E-032  -9.8821876018349125E-017   3.8016722226166740E-031   5.4836798411154592E-031   6.2256622918269797E-031  -2.5089768665395143E-016  -1.6090262075915851E-031  -3.0755884059682809E-031  -9.2373949069169469E-031  -1.0678867763509813E-016  -5.8384743155302275E-016
  -7.6139648551487665E-031  -1.6723533579226546E-030  -3.7170056734444000E-031   1.1961415272606054E-016   5.4836798411154592E-031   2.9426507830734093E-030   1.3111393016934665E-030   3.4666047580153737E-016  -1.1211626920599226E-031  -1.5023202311137011E-030  -2.8200493432350250E-030   8.1913213887413946E-017  -2.4014075066493596E-015
  -1.8086047491544701E-031  -5.4470067108574456E-031   1.9130358155756141E-032  -1.1149662724489577E-016   6.2256622918269797E-031   1.3111393016934665E-030   1.0988429337065962E-030  -2.7482642178461417E-016  -2.4046026560224082E-031  -7.0693254141811514E-031  -1.7983521411520605E-030  -1.2957541708347174E-016  -1.2554944731124533E-015
  -2.2181606231812091E-016  -3.6420678482808521E-016  -1.9789255771079439E-016  0.15155070543818211       -2.5089768665395143E-016   3.4666047580153737E-016  -2.7482642178461417E-016  0.39892191161285800        1.4569967779100141E-016  -1.4565748389210582E-016   1.1975136162078343E-016  0.14817753026445449      -0.12815511639198932     
  -2.9621413513641082E-032  -1.0478878070838072E-032  -5.4225257746775458E-032   5.6443405149968845E-017  -1.6090262075915851E-031  -1.1211626920599226E-031  -2.4046026560224082E-031   1.4569967779100141E-016   7.4790510016095213E-032   7.1139835482877487E-032   3.0801642136806628E-031   5.8353866510369306E-017   1.6016577379044378E-016
   3.7716057993385199E-031   8.3916583378237026E-031   1.7628479747572739E-031  -4.9042402198572042E-017  -3.0755884059682809E-031  -1.5023202311137011E-030  -7.0693254141811514E-031  -1.4565748389210582E-016   7.1139835482877487E-032   7.6972414755548682E-031   1.4792650915676548E-030  -2.9701386713617034E-017   1.2395342538911433E-015
   5.6291443741726208E-031   1.3916463247999057E-030   1.6170566899235414E-031   5.8869190091508253E-017  -9.2373949069169469E-031  -2.8200493432350250E-030  -1.7983521411520605E-030   1.1975136162078343E-016   3.0801642136806628E-031   1.4792650915676548E-030   3.2730255893425093E-030   9.6347645533971511E-017   2.4966721935073241E-015
  -7.2306176524434697E-017  -1.1123312823400035E-016  -6.9963411885619211E-017   5.6507056687204842E-002  -1.0678867763509813E-016   8.1913213887413946E-017  -1.2957541708347174E-016  0.14817753026445449        5.8353866510369306E-017  -2.9701386713617034E-017   9.6347645533971511E-017   5.5870836779941993E-002  -6.9828320918373168E-003
   5.6425772713251747E-016   1.2925043562611681E-015   2.3673815129988472E-016  -3.8211036361026803E-002  -5.8384743155302275E-016  -2.4014075066493596E-015  -1.2554944731124533E-015 -0.12815511639198932        1.6016577379044378E-016   1.2395342538911433E-015   2.4966721935073241E-015  -6.9828320918373168E-003   2.0265871830436839     
