   5.0673098770003047E-003  -4.6074721125367190E-017  -4.0290343054734924E-017  -2.7180040352535345E-018   4.3360620080458295E-002  -4.0798146585803267E-016  -2.3843286603960950E-016  -5.2668954475908355E-017   6.9712712790993323E-002  -6.7225775710462411E-016  -4.2428436193339540E-016  -1.0822806969094242E-017   7.9711247950981849E-016
  -4.6074721125367190E-017   5.0673098769994035E-003   9.4176722965758942E-017  -4.1361494362764466E-018   2.9511527854846282E-017   4.3360620080454701E-002   4.3642610277625296E-016  -5.5324754708980076E-018   4.5316897952815509E-017   6.9712712790986939E-002   6.7996078060607312E-016  -2.0050250769913532E-018  -4.8501960277744042E-016
  -4.0290343054734924E-017   9.4176722965758942E-017   5.0673098770001486E-003  -2.1290599475737752E-016  -7.3189178826708304E-017   2.9572884803963015E-016   4.3360620080457650E-002   6.2849515419641712E-016  -1.3829361346033152E-016   5.4910435465065077E-016   6.9712712790992268E-002   2.7706571239838714E-016   1.1498834605012069E-016
  -2.7180040352535345E-018  -4.1361494362764466E-018  -2.1290599475737752E-016   1.3637746405429526E-004  -3.9190254711169407E-017  -2.3007501601507767E-017  -1.7681686184289156E-015  -8.8533755074914622E-003  -6.9983772837180479E-017  -4.2212519169901079E-017  -2.8550622082357014E-015  -8.6524015159363411E-003   8.0727492781185756E-003
   4.3360620080458295E-002   2.9511527854846282E-017  -7.3189178826708304E-017  -3.9190254711169407E-017  0.37103382650733630        1.3509963750469277E-016   2.8357371348829413E-016  -2.3530172306845177E-016  0.59652686089483153        7.7481491817139869E-017   1.0554094050259626E-016  -5.2432622897397647E-017   3.5651558338773676E-016
  -4.0798146585803267E-016   4.3360620080454701E-002   2.9572884803963015E-016  -2.3007501601507767E-017   1.3509963750469277E-016  0.37103382650734090       -6.3072783757986417E-016  -2.5982253753946990E-016   1.9897905073834946E-016  0.59652686089483364       -1.1997239139638349E-015  -1.0178799681210063E-016   5.7107131820799575E-016
  -2.3843286603960950E-016   4.3642610277625296E-016   4.3360620080457650E-002  -1.7681686184289156E-015   2.8357371348829413E-016  -6.3072783757986417E-016  0.37103382650733679        1.4387841652410376E-015   2.7943193413445741E-016  -3.8382112158702464E-016  0.59652686089483198       -1.5738170208493134E-015   1.0846362219457417E-015
  -5.2668954475908355E-017  -5.5324754708980076E-018   6.2849515419641712E-016  -8.8533755074914622E-003  -2.3530172306845177E-016  -2.5982253753946990E-016   1.4387841652410376E-015  0.61048663171718975       -1.4250707087591185E-017  -1.8665893113375028E-016   2.9875042277063263E-015  0.60406181570985773      -0.28309676502450282     
   6.9712712790993323E-002   4.5316897952815509E-017  -1.3829361346033152E-016  -6.9983772837180479E-017  0.59652686089483153        1.9897905073834946E-016   2.7943193413445741E-016  -1.4250707087591185E-017  0.95906160125269779        9.5267489643585668E-017  -1.1405213931484429E-016   2.5302109696913045E-016  -4.3851512402802122E-016
  -6.7225775710462411E-016   6.9712712790986939E-002   5.4910435465065077E-016  -4.2212519169901079E-017   7.7481491817139869E-017  0.59652686089483364       -3.8382112158702464E-016  -1.8665893113375028E-016   9.5267489643585668E-017  0.95906160125269313       -9.1563583971832063E-016   3.9721862848348729E-017  -1.1885818144642484E-016
  -4.2428436193339540E-016   6.7996078060607312E-016   6.9712712790992268E-002  -2.8550622082357014E-015   1.0554094050259626E-016  -1.1997239139638349E-015  0.59652686089483198        2.9875042277063263E-015  -1.1405213931484429E-016  -9.1563583971832063E-016  0.95906160125269835       -1.8971484509816384E-015   1.7731993688511298E-016
  -1.0822806969094242E-017  -2.0050250769913532E-018   2.7706571239838714E-016  -8.6524015159363411E-003  -5.2432622897397647E-017  -1.0178799681210063E-016  -1.5738170208493134E-015  0.60406181570985773        2.5302109696913045E-016   3.9721862848348729E-017  -1.8971484509816384E-015  0.59916006815625633      -0.22655426677922372     
   7.9711247950981849E-016  -4.8501960277744042E-016   1.1498834605012069E-016   8.0727492781185756E-003   3.5651558338773676E-016   5.7107131820799575E-016   1.0846362219457417E-015 -0.28309676502450282       -4.3851512402802122E-016  -1.1885818144642484E-016   1.7731993688511298E-016 -0.22655426677922372        2.1024944553879301     
