   8.5719497363359893E-003   3.7300789898236607E-017   6.2042622287536403E-017  -4.4068215919291557E-017   4.7248914297364893E-002  -1.5486021030334480E-016   8.0713204855229885E-017  -2.9932876908199379E-016   7.0843241534270032E-002  -1.8126956822147272E-016   2.1497696201314160E-016  -3.9427026316366074E-016  -7.6902624325201467E-016
   3.7300789898236607E-017   8.5719497363360535E-003   4.4939474188734076E-017  -5.9049778150819537E-017   3.4701471658566843E-016   4.7248914297364997E-002   3.7770441433058664E-016   4.1933683145066329E-016   5.1441779077195462E-016   7.0843241534270310E-002   5.0162307575936322E-016   4.4584497823863438E-016   1.4817245609026649E-015
   6.2042622287536403E-017   4.4939474188734076E-017   8.5719497363353232E-003  -9.4440641378906807E-017   1.9921763168515983E-016  -1.4590086047592088E-016   4.7248914297363089E-002  -9.6980622936705564E-016   3.7431289440978047E-016  -1.6055678921794719E-016   7.0843241534267423E-002  -1.1373909765439755E-015   4.7538309164660769E-016
  -4.4068215919291557E-017  -5.9049778150819537E-017  -9.4440641378906807E-017   4.2848704262843200E-004  -2.7583805720377786E-016  -2.8341897475525636E-016  -7.0571821074003898E-016  -1.5302167771689199E-002  -4.1167890941068034E-016  -4.3366585028898422E-016  -1.0314141953961937E-015  -1.6370933448877693E-002   1.1689914381804401E-002
   4.7248914297364893E-002   3.4701471658566843E-016   1.9921763168515983E-016  -2.7583805720377786E-016  0.26043781997652959       -7.4123288525593314E-017  -3.4202061032865663E-016   6.6110589288777252E-017  0.39049065274045902        1.6954211472242120E-016   5.1047852287851820E-018  -1.5192281957776580E-016   1.0411875508441763E-015
  -1.5486021030334480E-016   4.7248914297364997E-002  -1.4590086047592088E-016  -2.8341897475525636E-016  -7.4123288525593314E-017  0.26043781997652876       -8.7666780663558452E-017  -1.9608373549080869E-016  -1.4357547269139164E-016  0.39049065274045841       -4.8803553790814081E-016  -5.7033448182395264E-016  -2.1879705924329301E-015
   8.0713204855229885E-017   3.7770441433058664E-016   4.7248914297363089E-002  -7.0571821074003898E-016  -3.4202061032865663E-016  -8.7666780663558452E-017  0.26043781997652987        1.4723406650707412E-015  -9.6042242446008899E-017   1.8936494444269763E-016  0.39049065274046002        1.0954031764063834E-015  -7.8674683676337746E-017
  -2.9932876908199379E-016   4.1933683145066329E-016  -9.6980622936705564E-016  -1.5302167771689199E-002   6.6110589288777252E-017  -1.9608373549080869E-016   1.4723406650707412E-015  0.56003297596937740       -1.4951800195041192E-016   4.0213831934422631E-016   1.0892990324624105E-015  0.60380513743531083      -0.26229677032734011     
   7.0843241534270032E-002   5.1441779077195462E-016   3.7431289440978047E-016  -4.1167890941068034E-016  0.39049065274045902       -1.4357547269139164E-016  -9.6042242446008899E-017  -1.4951800195041192E-016  0.58548696917909748        2.0558280193945937E-016   6.3254161746425112E-016  -5.5585646089086079E-016  -4.5482917209346604E-016
  -1.8126956822147272E-016   7.0843241534270310E-002  -1.6055678921794719E-016  -4.3366585028898422E-016   1.6954211472242120E-016  0.39049065274045841        1.8936494444269763E-016   4.0213831934422631E-016   2.0558280193945937E-016  0.58548696917909759       -2.5073078740537736E-016   2.1774629001934525E-017   8.8484096585454227E-016
   2.1497696201314160E-016   5.0162307575936322E-016   7.0843241534267423E-002  -1.0314141953961937E-015   5.1047852287851820E-018  -4.8803553790814081E-016  0.39049065274046002        1.0892990324624105E-015   6.3254161746425112E-016  -2.5073078740537736E-016  0.58548696917909993        3.8960459202056675E-016  -1.2691888145023351E-015
  -3.9427026316366074E-016   4.4584497823863438E-016  -1.1373909765439755E-015  -1.6370933448877693E-002  -1.5192281957776580E-016  -5.7033448182395264E-016   1.0954031764063834E-015  0.60380513743531083       -5.5585646089086079E-016   2.1774629001934525E-017   3.8960459202056675E-016  0.65255923925788639      -0.22732429548119890     
  -7.6902624325201467E-016   1.4817245609026649E-015   4.7538309164660769E-016   1.1689914381804401E-002   1.0411875508441763E-015  -2.1879705924329301E-015  -7.8674683676337746E-017 -0.26229677032734011       -4.5482917209346604E-016   8.8484096585454227E-016  -1.2691888145023351E-015 -0.22732429548119890        2.0945924743757973     
