   1.2794662138660765E-002  -3.1864957820389289E-017   3.4159286971933862E-017   7.4185870910248586E-017   4.9239171831248429E-002  -5.6356920453332495E-017  -4.8769384393486371E-017   4.2759992103011015E-016   7.0004048402075747E-002  -1.2766677284566366E-016   2.2814643837114126E-017   1.2398264888941877E-015  -2.1769317315777241E-002  -4.0749643361661079E-016   2.2414683482099526E-016   1.7409703676253082E-016  -1.4569314419825527E-015
  -3.1864957820389289E-017   1.2794662138660611E-002   2.2331882097907377E-016  -2.8909752423603018E-017  -3.3138699951640405E-017   4.9239171831247867E-002   1.2432897541051225E-016   9.2593262034366478E-017  -7.0640818993522650E-018   7.0004048402075789E-002   3.9604521694525814E-016   1.7516087398702981E-016   1.0352690526528439E-015  -2.1769317315777564E-002  -2.0656131910525557E-015   4.2202429632287326E-016   2.8085635475723206E-016
   3.4159286971933862E-017   2.2331882097907377E-016   1.2794662138660170E-002   5.2812392606319088E-017   1.1413422127420999E-016   5.0450826084964057E-016   4.9239171831247541E-002  -1.2742022356083205E-015   2.1014034763603081E-016   9.7250632083842244E-016   7.0004048402074096E-002  -2.5093153810880762E-015  -6.0068548476488497E-016   5.0504188602293849E-016  -2.1769317315778414E-002   1.1838116958754280E-015   4.0015663558582235E-016
   7.4185870910248586E-017  -2.8909752423603018E-017   5.2812392606319088E-017   1.2258312063447403E-005   2.6753785034376744E-016  -1.2795537830065936E-016   2.0978572362534381E-016   1.1175336716387700E-003   3.8207257843650726E-016  -1.5174566333137757E-016   3.3477179817295854E-016   2.4266297755623466E-003  -5.2703221596633952E-016   6.7552824534401265E-016   1.4280458670316844E-015   2.0823970399920766E-003  -2.7127174061479090E-003
   4.9239171831248429E-002  -3.3138699951640405E-017   1.1413422127420999E-016   2.6753785034376744E-016  0.18992329614222250        1.9315077088388714E-016  -3.2833606624973311E-016  -8.0364714928349162E-016  0.26918858685650493        8.0980077033350709E-017  -2.5762010782371619E-017  -4.5706070654098372E-016 -0.11308090575219584       -4.7649870211526207E-016   1.2743661513417798E-015  -6.1074676545401687E-016   1.5040138875130687E-015
  -5.6356920453332495E-017   4.9239171831247867E-002   5.0450826084964057E-016  -1.2795537830065936E-016   1.9315077088388714E-016  0.18992329614222037       -9.9269456324669977E-016  -3.3361818070648792E-016   2.5427687539834950E-016  0.26918858685650526       -2.5578335410072610E-016  -8.7101909781783735E-016  -1.8623952698087901E-015 -0.11308090575219375        3.3220182734456046E-015  -1.4025997800426221E-015   5.9560386883220123E-016
  -4.8769384393486371E-017   1.2432897541051225E-016   4.9239171831247541E-002   2.0978572362534381E-016  -3.2833606624973311E-016  -9.9269456324669977E-016  0.18992329614222417        1.0717099176214970E-015  -1.1106562025682683E-016  -4.2376312068783774E-016  0.26918858685650637        2.6189511395267094E-015   2.6818041433125224E-015  -2.9228417680138284E-016 -0.11308090575219026       -1.8975916338971944E-015   1.4992050651875891E-016
   4.2759992103011015E-016   9.2593262034366478E-017  -1.2742022356083205E-015   1.1175336716387700E-003  -8.0364714928349162E-016  -3.3361818070648792E-016   1.0717099176214970E-015  0.24855636866565081        6.8578123120035989E-016   4.2766869043965076E-016  -7.3592712340535282E-016  0.51822225223731810        1.2464724883231435E-015  -1.2082552845882179E-015  -4.4623797921850727E-015 -0.24998350266243399        6.0824312251344367E-002
   7.0004048402075747E-002  -7.0640818993522650E-018   2.1014034763603081E-016   3.8207257843650726E-016  0.26918858685650493        2.5427687539834950E-016  -1.1106562025682683E-016   6.8578123120035989E-016  0.38312493250029955        1.9944327111556178E-016   2.4673670059845596E-016   3.1538395830927415E-015 -0.10440166158622784        1.4215415140590119E-016  -9.9323591614808281E-016  -1.3927723734377266E-015  -6.9071900528176129E-016
  -1.2766677284566366E-016   7.0004048402075789E-002   9.7250632083842244E-016  -1.5174566333137757E-016   8.0980077033350709E-017  0.26918858685650526       -4.2376312068783774E-016   4.2766869043965076E-016   1.9944327111556178E-016  0.38312493250030449        8.2035355015921457E-016   8.2757535489928650E-016   5.9421775293788824E-016 -0.10440166158623390       -2.8045735222040370E-015   1.7643787275722971E-015  -1.1438839160441716E-015
   2.2814643837114126E-017   3.9604521694525814E-016   7.0004048402074096E-002   3.3477179817295854E-016  -2.5762010782371619E-017  -2.5578335410072610E-016  0.26918858685650637       -7.3592712340535282E-016   2.4673670059845596E-016   8.2035355015921457E-016  0.38312493250029939       -5.5708299705691253E-016  -1.5556149711480961E-015  -1.5069285761311034E-015 -0.10440166158623335        1.0153500415360520E-015  -1.1617081623733833E-015
   1.2398264888941877E-015   1.7516087398702981E-016  -2.5093153810880762E-015   2.4266297755623466E-003  -4.5706070654098372E-016  -8.7101909781783735E-016   2.6189511395267094E-015  0.51822225223731810        3.1538395830927415E-015   8.2757535489928650E-016  -5.5708299705691253E-016   1.0817890558002594       -4.1865863928976405E-016  -1.2486922603680246E-016   4.2194544237271039E-015 -0.47302634839627239        9.3025811144170925E-002
  -2.1769317315777241E-002   1.0352690526528439E-015  -6.0068548476488497E-016  -5.2703221596633952E-016 -0.11308090575219584       -1.8623952698087901E-015   2.6818041433125224E-015   1.2464724883231435E-015 -0.10440166158622784        5.9421775293788824E-016  -1.5556149711480961E-015  -4.1865863928976405E-016   2.0315951201184923        5.4221374162473694E-016  -1.8210717086858046E-015  -1.0866364576295310E-015   2.1777120624426897E-016
  -4.0749643361661079E-016  -2.1769317315777564E-002   5.0504188602293849E-016   6.7552824534401265E-016  -4.7649870211526207E-016 -0.11308090575219375       -2.9228417680138284E-016  -1.2082552845882179E-015   1.4215415140590119E-016 -0.10440166158623390       -1.5069285761311034E-015  -1.2486922603680246E-016   5.4221374162473694E-016   2.0315951201184994        1.1005160270496215E-015  -5.4752307852992409E-016   5.9279095223332768E-016
   2.2414683482099526E-016  -2.0656131910525557E-015  -2.1769317315778414E-002   1.4280458670316844E-015   1.2743661513417798E-015   3.3220182734456046E-015 -0.11308090575219026       -4.4623797921850727E-015  -9.9323591614808281E-016  -2.8045735222040370E-015 -0.10440166158623335        4.2194544237271039E-015  -1.8210717086858046E-015   1.1005160270496215E-015   2.0315951201184967       -7.3933414781917420E-017   4.5217232164881710E-016
   1.7409703676253082E-016   4.2202429632287326E-016   1.1838116958754280E-015   2.0823970399920766E-003  -6.1074676545401687E-016  -1.4025997800426221E-015  -1.8975916338971944E-015 -0.24998350266243399       -1.3927723734377266E-015   1.7643787275722971E-015   1.0153500415360520E-015 -0.47302634839627239       -1.0866364576295310E-015  -5.4752307852992409E-016  -7.3933414781917420E-017   2.3600944126657035      -0.59673814177219864     
  -1.4569314419825527E-015   2.8085635475723206E-016   4.0015663558582235E-016  -2.7127174061479090E-003   1.5040138875130687E-015   5.9560386883220123E-016   1.4992050651875891E-016   6.0824312251344367E-002  -6.9071900528176129E-016  -1.1438839160441716E-015  -1.1617081623733833E-015   9.3025811144170925E-002   2.1777120624426897E-016   5.9279095223332768E-016   4.5217232164881710E-016 -0.59673814177219864        2.1509735646135799     
