   3.7336516575121369E-003   1.0548936382684591E-017  -2.0198813087183932E-017   1.2337682343453215E-017   2.8661938731491046E-002   1.8750989472532574E-016  -2.6678267635104152E-016   1.8916406975345997E-016   4.9053447086519049E-002   3.7693219146006710E-016  -4.4867521276552713E-016   4.9689538708585985E-016  -1.3215928558542568E-002   1.0947987134743333E-015  -1.7842661860104354E-015  -2.2368225840563821E-016   5.4839717193164062E-016
   1.0548936382684591E-017   3.7336516575126170E-003   9.3820286945167611E-017  -1.7342821019563856E-017  -1.6595793706125769E-016   2.8661938731492548E-002   5.0233076985670734E-016  -3.2088802503568514E-016  -2.2815772083897873E-016   4.9053447086522629E-002   9.4415631227937238E-016  -7.8051456513937417E-016  -1.0373886908405367E-016  -1.3215928558545510E-002  -1.6501291705688806E-016  -5.6020059471764233E-016   7.8263799726515167E-016
  -2.0198813087183932E-017   9.3820286945167611E-017   3.7336516575122067E-003   1.8030768124425883E-016   1.2695004538457927E-016   1.5910594144476271E-016   2.8661938731491338E-002   8.0800383583262840E-017   2.2042035417713002E-016   3.1233757484560336E-016   4.9053447086519500E-002   6.5547010298863599E-016   6.8176270202920107E-017   3.1971843796824262E-016  -1.3215928558539827E-002  -4.3413537523882373E-015   2.9996668804450756E-015
   1.2337682343453215E-017  -1.7342821019563856E-017   1.8030768124425883E-016   6.9131669697801283E-005   1.4616287860587597E-016  -1.7314107052989433E-016   1.4517986828527083E-015  -3.3543685284354125E-003   2.1291977574910385E-016  -2.6313076616714230E-016   2.5460709642949660E-015  -7.6878054143035297E-003  -9.9984661435879935E-016   9.4019715530918604E-016   2.4647907703436328E-015   9.4064140118724545E-003  -4.5406506083950091E-003
   2.8661938731491046E-002  -1.6595793706125769E-016   1.2695004538457927E-016   1.4616287860587597E-016  0.22147502470866581       -2.2225267048972626E-016  -2.8920655979105978E-016   3.8876620545087473E-017  0.37719887268550362       -2.9765981460139778E-016   1.1474506079362789E-016   6.5676247777748399E-016 -0.15548915036237621       -4.7186345548357046E-016   1.9980183030888062E-015  -9.5763856150811869E-017  -3.8482064816961742E-016
   1.8750989472532574E-016   2.8661938731492548E-002   1.5910594144476271E-016  -1.7314107052989433E-016  -2.2225267048972626E-016  0.22147502470865960       -3.3202441138582056E-016   3.8466043001263789E-016   6.4648998914520500E-017  0.37719887268550162       -5.1383861875937632E-017   1.1254460763952982E-015  -2.6475306491677616E-016 -0.15548915036237262        1.1489242776225600E-015   7.6309687348453409E-016  -1.0086755446224554E-015
  -2.6678267635104152E-016   5.0233076985670734E-016   2.8661938731491338E-002   1.4517986828527083E-015  -2.8920655979105978E-016  -3.3202441138582056E-016  0.22147502470866717       -2.3044892727743258E-015  -4.0915575130794933E-016  -3.4988086652675436E-016  0.37719887268550512       -7.4665970913703887E-016  -4.1012022404985087E-016  -1.6851229206514900E-015 -0.15548915036237335        3.9899389147435923E-015  -2.4961849829561941E-015
   1.8916406975345997E-016  -3.2088802503568514E-016   8.0800383583262840E-017  -3.3543685284354125E-003   3.8876620545087473E-017   3.8466043001263789E-016  -2.3044892727743258E-015  0.21301544379776038        2.8395952758829924E-016  -9.2537963801143694E-017  -2.6677089366387153E-015  0.50351744375970775        1.4027356364394816E-015  -4.6134968416269865E-016  -3.9696316134235217E-015 -0.25442725887066309        6.2505766690057543E-002
   4.9053447086519049E-002  -2.2815772083897873E-016   2.2042035417713002E-016   2.1291977574910385E-016  0.37719887268550362        6.4648998914520500E-017  -4.0915575130794933E-016   2.8395952758829924E-016  0.64475038737568058        2.9434062500771422E-016   2.2458340089596955E-016   1.4391363650922898E-015 -0.19725493006844969       -3.1289252370112019E-016  -8.4433910013771716E-016  -6.9364565953376588E-016   8.2561596336998601E-016
   3.7693219146006710E-016   4.9053447086522629E-002   3.1233757484560336E-016  -2.6313076616714230E-016  -2.9765981460139778E-016  0.37719887268550162       -3.4988086652675436E-016  -9.2537963801143694E-017   2.9434062500771422E-016  0.64475038737569124        3.7285062878687271E-016   5.8307292635830963E-017   2.7009763105571403E-017 -0.19725493006845898       -1.0760109227225621E-015  -3.2179804419339789E-016   2.2830797976523729E-016
  -4.4867521276552713E-016   9.4415631227937238E-016   4.9053447086519500E-002   2.5460709642949660E-015   1.1474506079362789E-016  -5.1383861875937632E-017  0.37719887268550512       -2.6677089366387153E-015   2.2458340089596955E-016   3.7285062878687271E-016  0.64475038737568102        1.8963299328369164E-015  -2.1242936925211583E-016   2.3053141624700631E-015 -0.19725493006845407       -2.4220837798752679E-015   2.2496084904120100E-015
   4.9689538708585985E-016  -7.8051456513937417E-016   6.5547010298863599E-016  -7.6878054143035297E-003   6.5676247777748399E-016   1.1254460763952982E-015  -7.4665970913703887E-016  0.50351744375970775        1.4391363650922898E-015   5.8307292635830963E-017   1.8963299328369164E-015   1.1937937809595887       -1.8268403894689805E-015  -4.2532125267417408E-016   3.1761520610152748E-015 -0.51835737443475760       0.10205955094971751     
  -1.3215928558542568E-002  -1.0373886908405367E-016   6.8176270202920107E-017  -9.9984661435879935E-016 -0.15548915036237621       -2.6475306491677616E-016  -4.1012022404985087E-016   1.4027356364394816E-015 -0.19725493006844969        2.7009763105571403E-017  -2.1242936925211583E-016  -1.8268403894689805E-015   2.0641303885409585        3.5507536445605555E-016  -1.2602695466892574E-015   4.4087143585767368E-016  -2.3111973412765488E-016
   1.0947987134743333E-015  -1.3215928558545510E-002   3.1971843796824262E-016   9.4019715530918604E-016  -4.7186345548357046E-016 -0.15548915036237262       -1.6851229206514900E-015  -4.6134968416269865E-016  -3.1289252370112019E-016 -0.19725493006845898        2.3053141624700631E-015  -4.2532125267417408E-016   3.5507536445605555E-016   2.0641303885409643       -6.7323246262215733E-016   2.7885989110198019E-016   1.2558715698173663E-016
  -1.7842661860104354E-015  -1.6501291705688806E-016  -1.3215928558539827E-002   2.4647907703436328E-015   1.9980183030888062E-015   1.1489242776225600E-015 -0.15548915036237335       -3.9696316134235217E-015  -8.4433910013771716E-016  -1.0760109227225621E-015 -0.19725493006845407        3.1761520610152748E-015  -1.2602695466892574E-015  -6.7323246262215733E-016   2.0641303885409581       -5.9118220976828490E-016   3.9584526129964163E-018
  -2.2368225840563821E-016  -5.6020059471764233E-016  -4.3413537523882373E-015   9.4064140118724545E-003  -9.5763856150811869E-017   7.6309687348453409E-016   3.9899389147435923E-015 -0.25442725887066309       -6.9364565953376588E-016  -3.2179804419339789E-016  -2.4220837798752679E-015 -0.51835737443475760        4.4087143585767368E-016   2.7885989110198019E-016  -5.9118220976828490E-016   2.3899055563663221      -0.61421687141332004     
   5.4839717193164062E-016   7.8263799726515167E-016   2.9996668804450756E-015  -4.5406506083950091E-003  -3.8482064816961742E-016  -1.0086755446224554E-015  -2.4961849829561941E-015   6.2505766690057543E-002   8.2561596336998601E-016   2.2830797976523729E-016   2.2496084904120100E-015  0.10205955094971751       -2.3111973412765488E-016   1.2558715698173663E-016   3.9584526129964163E-018 -0.61421687141332004        2.1581385077531112     
