   3.9050645042932507E-005   8.2527478273763401E-014  -4.6216608381216334E-014  -1.9525322552615148E-005   6.7577358062958695E-014  -1.9525322490276227E-005   2.0990826177641509E-010  -8.0528319833445273E-010   4.4442469642762598E-010   9.2689317775683396E-012   2.6742093363624616E-009  -1.0243742085521789E-008   5.6533403221873923E-009   3.8976065396402595E-010   6.6496032735043810E-005   1.9270914286153813E-013  -1.9084137476792953E-013  -3.3248016334357062E-005  -5.8508978140010469E-014  -3.3248016400236262E-005   5.9513984106343992E-010   3.1492624970034604E-009  -1.2056936003398105E-008   6.6539859814288970E-009  -5.1514811335095689E-012  -2.6294540675864170E-012   1.4000639832100688E-012   3.4560115647348643E-012  -1.9273616516737912E-015   3.4554260420562292E-012   1.4556925763545782E-012  -8.7153670428903335E-016   6.7643569259790849E-013  -1.0428966608126138E-012   5.8452075989046505E-003   3.3114446453638052E-011  -2.8148171750784643E-011  -2.9226038018691589E-003   5.2271383566360647E-012  -2.9226037970335986E-003   1.0426812184407729E-011  -9.4227450105476135E-011   5.2170974374156434E-011  -4.1081732660183092E-010   1.5396643305224128E-009  -5.9275739511919045E-009   3.2712734624339679E-009  -7.2539880362815864E-011   9.4911318951844237E-011  -5.1891939455713047E-011   2.0829650925801947E-012   1.2021583850527057E-011  -6.7016376354319701E-012  -2.0398653832006522E-010  -1.4190558821123011E-012  -9.4658417219939806E-013   5.1608910843483700E-013   9.5197925240186726E-013  -3.7071076682966926E-016   9.5188358729858337E-013   5.2938009920827200E-013  -1.3501107761779027E-013   2.3634635807142916E-013  -2.8403872782062206E-013   4.4009946832658615E-003   2.4542503216120297E-011  -2.0984982879395502E-011  -2.2004973433429956E-003   3.7140591789489667E-012  -2.2004973399225567E-003   1.2548399545282855E-010  -1.0338405521610191E-010  -1.3150483557800220E-011  -5.5732311829647771E-013
   8.2527478273763401E-014   3.9050645036201360E-005  -5.3184890519214563E-014   6.4323584417635038E-014  -6.5156289242591328E-014  -1.4685021469156810E-013  -7.3578129840132945E-010  -2.5525228995748389E-010   5.5217565304222306E-010   2.3372156750770395E-011  -9.3556364373844454E-009  -3.2426703950802036E-009   7.0230063424008503E-009   9.8185371729125678E-010  -3.3660953229918147E-013   6.6496032721113154E-005   7.4590838181590064E-014   2.0356909625516964E-013  -7.1053090861352839E-014   1.3304681149701357E-013   1.4995837192872428E-009  -1.1010015693684392E-008  -3.8148152498926473E-009   8.2656851611343018E-009   2.3699836224695984E-012  -4.9912009100708316E-012  -4.6770907859601545E-013  -3.4769758704170418E-012   9.3426567527350774E-013   2.9728686075091786E-013   3.0627081852807101E-012  -4.7008990805491185E-013   8.8216259106874133E-013   6.9899700120821677E-013  -2.0311945224342210E-011   5.8452075983968172E-003  -1.8152201816368177E-012   3.1560735210658885E-011  -1.9270668549222038E-011  -1.1248786284059938E-011  -9.9417599345868520E-011  -4.4860784689516007E-011   6.8065748039458692E-011  -1.0342563328934535E-009  -5.4231886301836722E-009  -1.8850688661471839E-009   4.0663748008191249E-009   3.9551317374851124E-011  -2.1205749540637887E-011  -5.2776312868841139E-011   1.5624791753637926E-011   9.2601585535651823E-012  -9.4365918911573445E-012  -5.1340476948893406E-010   5.9928722464059212E-013  -1.4712420672042820E-012   8.2614099415373521E-015  -1.0854224228260397E-012   4.3410853437667821E-013   2.8139900361943663E-013   8.1780878603819387E-013   7.7569648654625798E-015   3.7403306918640242E-013  -1.1936280257390790E-014  -1.5681022981334524E-011   4.4009946828920008E-003  -1.1461582261259825E-012   2.3557751393513112E-011  -1.4255427673256545E-011  -7.8766679114828003E-012   3.1578702620922032E-010  -2.6013810036513139E-010  -3.3301494892802021E-011  -1.4194066857844042E-012
  -4.6216608381216334E-014  -5.3184890519214563E-014   3.9050644978149841E-005   8.0987463992494367E-014   1.2429879194563496E-013  -3.4771998840792281E-014   4.0391106138164595E-010   5.5110720227039696E-010   4.3194859588680151E-010  -1.2629394719815122E-011   5.1358863320034920E-009   7.0094239622263486E-009   5.4976776256179230E-009  -5.2981644489878579E-010   2.9455836968988198E-013   2.6454325687991310E-014   6.6496032788870070E-005  -7.8251986548014934E-014   3.7949448778729334E-014  -2.1628918227482131E-013  -8.0937483250788679E-010   6.0441105785381545E-009   8.2496961966039159E-009   6.4721008496096930E-009  -1.2762413428119707E-012  -4.6760761187975691E-013  -5.5754695882575820E-012  -3.5621955546995098E-013  -2.2046625564651716E-012   2.0684822254501565E-012   6.9896913481549509E-013   1.7593429868620648E-012  -4.7018121062040686E-013   2.8443680815048046E-012   2.0985070219746208E-011  -6.4045914623519120E-012   5.8452075939039675E-003   6.1658587399725493E-012   2.4921974147011300E-011  -2.7150868097302191E-011   5.4333596411155232E-011   6.7939366645763033E-011   3.9862590486416193E-011   5.5809892706199339E-010   2.9772094711746240E-009   4.0585038611795801E-009   3.1756124062251242E-009  -2.2257820959092505E-011  -5.2640573588070098E-011  -8.6892157328489391E-011  -8.4534032373175252E-012  -9.4188773289749829E-012  -2.4910820199991175E-012   2.7719844811446098E-010  -3.2667660186955418E-013   8.2869159335785919E-015  -1.4611683457886500E-012  -1.4989866168561187E-013  -7.8875708033627359E-013   5.8815146599275349E-013  -1.1937416898189199E-014   3.5904118241829813E-013   7.7278198174652466E-015   8.2147596213321037E-013   1.6007427841668170E-011  -4.6006060872659793E-012   4.4009946797611086E-003   4.3102696201485257E-012   1.8309987252816624E-011  -2.0317663571279154E-011  -1.7048387965621431E-010   1.4042443606347328E-010   1.8045572634444946E-011   7.7351596469017919E-013
  -1.9525322552615148E-005   6.4323584417635038E-014   8.0987463992494367E-014   3.9050644990992026E-005  -3.8453636276840629E-014  -1.9525322438399667E-005  -4.0038996641721371E-010   6.7081330747341481E-010   1.7833608552736128E-010   5.0445447214422376E-013  -5.0946993391729581E-009   8.5349742759938969E-009   2.2690473648588361E-009   2.0212815747911959E-011  -3.3248016334150840E-005  -3.2099304373579971E-013  -7.2639597210714476E-014   6.6496032759660647E-005   7.2126398557702732E-014  -3.3248016425083330E-005   3.1164040007173425E-011  -5.9971121556516330E-009   1.0046426367569072E-008   2.6708485971314771E-009   2.1985414156017060E-012   2.7462106587272157E-012   2.2231383822083541E-013  -4.2745518848802314E-012   8.3230394958250179E-016   1.3249184563568712E-012  -4.0952982606723310E-012   1.6243712579804996E-012   2.7482015470100006E-012  -1.3764361741199333E-012  -2.9226038018292902E-003  -2.1685606009609885E-011   6.3483470386096236E-012   5.8452075949004065E-003   9.2894005219525566E-013  -2.9226037930697221E-003  -4.1649398430585043E-011   7.2627888209479090E-011   1.9383901861691633E-011  -2.1141427136808430E-011  -2.9454725122419713E-009   4.9345369188794095E-009   1.3117292523233226E-009   6.4442948477896162E-011  -9.9861126778780836E-011  -2.6371387979934936E-011   4.0074686233537766E-012  -7.9736677104079712E-012  -2.1558489072436789E-012  -1.0584372667742510E-011   7.1602865791412408E-013   6.9646081405861538E-013  -1.3890702157485366E-013  -1.2749338269756873E-012   1.7468979897205951E-016   3.1428506977898658E-013  -1.0385050673570076E-012   5.1234281919041433E-013   6.9684203962213101E-013  -2.7833984829449844E-013  -2.2004973433129133E-003  -1.6533200077294793E-011   4.4448367888072673E-012   4.4009946804607711E-003   8.5638039921590786E-013  -2.2004973371461825E-003   6.4790513085977644E-012  -5.3350005416275974E-012  -8.0276265987910532E-013  -4.1301171283264624E-014
   6.7577358062958695E-014  -6.5156289242591328E-014   1.2429879194563496E-013  -3.8453636276840629E-014   3.9050644928864741E-005  -2.9122499682681532E-014   5.4369014797646999E-010   1.0335860010126093E-010   3.3859214524532632E-010  -1.0858833183711355E-011   6.9151086508052282E-009   1.3132083785641866E-009   4.3091064693732242E-009  -4.5625218207131593E-010  -6.1056205852802186E-014   2.0927305059886674E-013  -2.6227563506699563E-013  -7.0058165884118863E-015   6.6496032829003887E-005   6.8067736099449976E-014  -6.9675156566041598E-010   8.1387099068994005E-009   1.5450249092202727E-009   5.0726484808935090E-009   6.9786075804057234E-013  -7.4265967462897113E-013   1.6705474605762991E-012  -4.6800606583751059E-013  -3.7329967287005258E-012  -4.6827506968262219E-013  -1.1808548245157176E-012  -4.3948215277202765E-012   2.3269617340257451E-012   2.0305602484441475E-012   5.1553536497480665E-012   9.2168300596795064E-012  -5.7771696974950527E-012  -6.8705903907568919E-012   5.8452075901148535E-003   1.7152572978516691E-012   6.7055490854700246E-011   1.7264907126110795E-011   3.3045685579659948E-011   4.8051009377927646E-010   4.0037875085676364E-009   7.6389179802678122E-010   2.4886834512191546E-009  -5.1867764831464677E-011   6.4005677851248724E-012  -6.3170350369373517E-011  -9.2985390553068123E-012  -3.3120541154647177E-012  -2.7527441769355770E-012   2.3846151731805915E-010  -1.2170482869730120E-014  -1.4309678847997772E-013   2.5740586157345229E-013   8.2056000520288389E-015  -1.0594718384976503E-012   8.1566502197774691E-015  -3.2847719046932427E-013  -1.0698496521883755E-012   5.8378816056112785E-013   6.0556313043423501E-013   3.6614957719062662E-012   7.1916302516305570E-012  -4.8050809465959778E-012  -5.0164567613063392E-012   4.4009946770816573E-003   1.3549734082402139E-012  -1.4667483218992909E-010   1.2082408767207863E-010   1.5459703549530277E-011   6.5692450625428935E-013
  -1.9525322490276227E-005  -1.4685021469156810E-013  -3.4771998840792281E-014  -1.9525322438399667E-005  -2.9122499682681532E-014   3.9050644928657544E-005   1.9048165178475747E-010   1.3446985990290218E-010  -6.2276079723091516E-010  -9.7733522158694586E-012   2.4204893307773631E-009   1.7087674170418873E-009  -7.9223878802489413E-009  -4.0997476686654557E-010  -3.3248016400822938E-005   1.2828534485506871E-013   2.6347902528863463E-013  -3.3248016425342380E-005  -1.3615339388368544E-014   6.6496032825288367E-005  -6.2630506638278213E-010   2.8478488681368224E-009   2.0105091700902460E-009  -9.3248348090612518E-009   2.9529397179025246E-012  -1.1675659114319296E-013  -1.6223778214296778E-012   8.1854032014934417E-013   1.0950577015393285E-015  -4.7803444984099145E-012   2.6396056843191810E-012  -1.6234997212766613E-012  -3.4246372396074307E-012   2.4193328349319689E-012  -2.9226037970692038E-003  -1.1428713514886711E-011   2.1799653592889503E-011  -2.9226037930346585E-003  -6.1558954789868194E-012   5.8452075901005741E-003   3.1222600006351285E-011   2.1599467452623089E-011  -7.1554950899248402E-011   4.3196829735861712E-010   1.4058077900282722E-009   9.9303680363652433E-010  -4.5830028307295551E-009   8.0970107500527631E-012   4.9494709137490678E-012   7.8263052152492711E-011  -6.0901948822727629E-012  -4.0478500323622923E-012   8.8577998957308098E-012   2.1457788465508966E-010   7.0302722419671614E-013   2.5012335813961582E-013  -3.7718208685933277E-013   3.2295457457480667E-013   1.9602096794822012E-016  -1.2661686570765967E-012   5.0912496814942285E-013  -3.7733174157281798E-013  -9.3318839769331525E-013   5.6237857611478022E-013  -2.2004973399483130E-003  -8.0092075709017132E-012   1.6540017250883045E-011  -2.2004973371203443E-003  -4.5703018460630895E-012   4.4009946770666728E-003  -1.3196775891037913E-010   1.0872350701630743E-010   1.3950228549536329E-011   5.9854499509087103E-013
   2.0990826177641509E-010  -7.3578129840132945E-010   4.0391106138164595E-010  -4.0038996641721371E-010   5.4369014797646999E-010   1.9048165178475747E-010   2.5940503819507519E-003   8.6941496374314547E-010  -4.6590740372611944E-010  -2.9665860178407040E-009   3.2975870018518406E-002   9.1407598300789656E-009  -6.2665160844889312E-009  -2.8052032695333767E-010  -8.2751860613667279E-011  -5.2043943468688037E-010   2.8848696248019256E-010  -1.1178541100494193E-010   2.8097727907131991E-010   1.9453758207076465E-010  -1.6557812252715990E-009   3.8826600387895135E-002   1.0531887211133821E-008  -7.2806669349215460E-009   1.9496352272290856E-012   5.6096366430223486E-012  -3.1304148854348473E-012  -2.7874436945453138E-013  -1.9087221595590062E-012  -2.3334457316619558E-012  -3.1553114818928923E-012   7.6365659365988523E-013  -1.3774931775438496E-012   1.7641079860411013E-012  -5.9389163937562582E-011   9.8981177542808640E-011  -5.5537370654133902E-011   7.4426568196143708E-011  -8.2380790531992831E-011  -1.5036468681826830E-011   3.7527454760399859E-004   7.1839238346084323E-011  -5.0424976277707016E-011   1.3527291164211298E-009   1.9095366577108377E-002   5.1972852900532136E-009  -3.5801001011136768E-009  -9.3826733665024545E-005  -9.5628346720558193E-011   6.9121378231020931E-011  -1.1443712983862087E-004  -1.3223562585760896E-011   9.7445578901110714E-012   6.1903946357909681E-010  -1.4576268116611135E-013  -4.1244916886946747E-013   2.2528458308414593E-013   2.9223234110662271E-014   1.4096806608045198E-013   1.6700872639097009E-013   2.3099928016320803E-013  -5.3406258699135810E-014   1.0230085550810012E-013  -1.2818200187466343E-013  -3.7943070514217767E-011   1.1324415976945821E-010  -6.3148479282692274E-011   6.4105512470900474E-011  -8.3010505259122269E-011  -2.6162061280412907E-011  -3.9371905058079268E-010   3.2479841123434611E-010   3.6624243265162276E-011  -8.0626368412443419E-013
  -8.0528319833445273E-010  -2.5525228995748389E-010   5.5110720227039696E-010   6.7081330747341481E-010   1.0335860010126093E-010   1.3446985990290218E-010   8.6941496374314547E-010   2.5940499676212533E-003  -4.0271710153437251E-010  -2.1726283235891579E-009   1.9882056695868808E-009   3.2975867401330045E-002  -2.0310767333081588E-009  -1.3507441477099603E-010  -3.3353185075875588E-010  -2.9924814195931786E-010   2.8566518469283730E-010   1.8202530780315407E-010   1.3289571974317165E-010   1.5150661780952212E-010  -1.1573526693848279E-009   1.9058959154162186E-009   3.8826597389285740E-002  -2.2208449692191187E-009  -3.0006280877788532E-012   1.5262182503555773E-012   5.2958222445952766E-013   5.4734747418510682E-012  -2.3282636386594933E-012  -1.4480247281058350E-012   2.6705186937513178E-013  -2.3238628020079758E-012  -1.8914411034208637E-012   1.3374988351900073E-012   1.2842991325848930E-010   1.4688797614892386E-011  -8.3339186150197028E-011  -1.1518973326974046E-010  -9.9539907930080734E-012  -1.3239969871366627E-011   6.9066295130667344E-012   3.7527452735781284E-004  -1.2927150033097313E-011   9.4770617112468659E-010   1.0116273842162238E-009   1.9095365088306431E-002  -1.1171164300693452E-009  -2.0366829719272630E-012  -9.3826708586774413E-005   1.6034493006695330E-011   4.7489131942738394E-013  -1.1443712660496517E-004   1.9479219315624002E-012   4.3648697928452025E-010   2.3165706662528019E-013  -1.0522098450962394E-013  -4.8196695691910425E-014  -4.1257763956924294E-013   1.6233639465629057E-013   1.0135308668847032E-013  -1.8223135564459567E-014   1.9495854439327018E-013   1.2904646707914741E-013  -1.0924393020767567E-013   1.2175054716718008E-010   3.3985497780777204E-011  -8.4083953788573233E-011  -1.0059197854148047E-010  -1.7214514132744610E-011  -2.1158500154062759E-011  -2.7780033468648304E-010   2.2924834422689909E-010   2.5316136218557350E-011  -6.5600211621598404E-013
   4.4442469642762598E-010   5.5217565304222306E-010   4.3194859588680151E-010   1.7833608552736128E-010   3.3859214524532632E-010  -6.2276079723091516E-010  -4.6590740372611944E-010  -4.0271710153437251E-010   2.5940495394988676E-003   1.1659568671162835E-009   2.8932402966901660E-010  -3.1258984548408637E-009   3.2975864643179718E-002   4.5881253883529158E-011   1.8390117616270566E-010   2.8581790857059219E-010   5.5755616578221174E-011   4.6971046399166180E-011   3.3527666885778672E-011  -2.3087227922763820E-010   5.9534903623620029E-010   6.2877154180991743E-010  -3.5386141900558689E-009   3.8826594345203198E-002   1.4660652543736905E-012   5.8692074633254179E-013   2.1317024322661004E-012   7.2337654998397441E-013   4.0714202080827931E-012  -2.6912434315050127E-012   1.3613760898978724E-012   7.5546551613602712E-013  -2.4137587576815543E-012  -2.1524514046975488E-012  -7.0302507913805253E-011  -8.3365839787225799E-011  -8.8853811463962444E-011  -3.0485572764047887E-011  -6.3199176441777133E-011   1.0078795340886784E-010   9.0708467446481172E-012  -2.2878460315937194E-011   3.7527450857845565E-004  -4.8908457604136356E-010   2.5733734899062329E-010  -1.7569534703888419E-009   1.9095363564352034E-002  -1.6818890661481048E-011   3.0195385762175094E-011  -9.3826685687057947E-005  -2.8405495711157531E-012   4.0120509670738582E-012  -1.1443712351561796E-004  -2.2529317261368302E-010  -1.2547010444657335E-013  -4.7618000600972612E-014  -1.5889170752731827E-013  -5.4351799014829400E-014  -2.9782889617594062E-013   2.2257372001179519E-013  -1.1010628760255382E-013  -6.2554164026124780E-014   1.9529082422157351E-013   1.6531618264810524E-013  -6.6785724493264339E-011  -8.4148026383656488E-011  -7.0535195673782121E-011  -2.6591747100470846E-011  -5.0316296420308326E-011   9.3377914646141165E-011   1.4352370390816621E-010  -1.1853064914671243E-010  -1.2972985782978649E-011   3.7781189361669146E-013
   9.2689317775683396E-012   2.3372156750770395E-011  -1.2629394719815122E-011   5.0445447214422376E-013  -1.0858833183711355E-011  -9.7733522158694586E-012  -2.9665860178407040E-009  -2.1726283235891579E-009   1.1659568671162835E-009   2.9102258510562893E-004  -3.7219120299185175E-008  -2.7263799188790469E-008   1.4635935693411825E-008   1.0365520380983243E-002  -8.5977777255401817E-012  -2.1860615696655492E-011   1.2308919538491836E-011  -1.0175101087131880E-012   9.8333288581565798E-012   9.6126732320352510E-012   1.6452537269263146E-002  -4.3749187969771999E-008  -3.2071164602452947E-008   1.7220587907247318E-008  -1.7184111308343508E-014   6.3935034130750680E-013  -3.7821895067147581E-013   3.2473577904934664E-013  -5.1183172196830373E-013  -3.0167362158071079E-013  -3.1808931778731002E-013  -9.4216692923744840E-014  -2.1261685088379483E-013   3.5212802025004549E-013   7.0961501080229902E-011   1.8092241683791554E-010  -1.0004459831434460E-010   6.6567425915681979E-012  -8.3778967713925368E-011  -7.7624388061636160E-011  -3.8055036172542358E-010  -2.8901768148124639E-010   1.5724543551489859E-010  -3.7493355438133458E-003  -2.1554636411038351E-008  -1.5820139533045593E-008   8.4988311627416524E-009   2.7416723801402290E-010   1.5616049837822774E-010  -7.4919540286254204E-011   5.8401223891980030E-011   4.2961049406742702E-011  -2.2988683549942279E-011   3.8934809725954430E-004  -2.9189233901580993E-014   4.2150656949400744E-013  -2.3448919361597744E-013   1.9130758837626810E-013  -3.1683367188166043E-013  -1.5214197959012077E-013  -2.2903542231709308E-013  -8.2498611555923059E-014  -1.1423833927473284E-013   2.3625982019967567E-013   5.3598801483624471E-011   1.3675058234691829E-010  -7.5664241788941112E-011   5.0905426178961997E-012  -6.3323614312482365E-011  -5.8692002828602315E-011  -7.3426587346740702E-004   5.8353706460416172E-004   2.4874481639830119E-004   1.0206836782669657E-005
   2.6742093363624616E-009  -9.3556364373844454E-009   5.1358863320034920E-009  -5.0946993391729581E-009   6.9151086508052282E-009   2.4204893307773631E-009   3.2975870018518406E-002   1.9882056695868808E-009   2.8932402966901660E-010  -3.7219120299185175E-008  0.41920632704874272        9.7414261554209165E-010  -6.9155976619185996E-010   1.8234591585066696E-008  -1.0430411996867046E-009  -6.6204993874253147E-009   3.6699047232800613E-009  -1.4288852844772601E-009   3.5780944717880173E-009   2.4719304114757445E-009   1.2096169930130974E-008  0.49353886107648282       -1.7765782877660812E-009   4.2138695686222350E-010   2.4614660124184449E-011   7.0853029234535395E-011  -3.9534830334924740E-011  -3.5093738219023308E-012  -2.4110223651280879E-011  -2.9470293656238069E-011  -3.9855296299671907E-011   9.6422782876865622E-012  -1.7396161812541865E-011   2.2280984283612940E-011   9.0250816882863831E-011   9.2490172481892573E-010  -5.1438441559146232E-010   2.3619053239937057E-010  -5.1666152580407190E-010  -3.2642950672117182E-010   3.6535914419250155E-003  -1.7976637938325537E-010   1.0521093773626806E-010  -5.4222536675421254E-009  0.24273050649838129       -6.4731754047251069E-010   2.1336992305325257E-010  -5.3923301745049303E-003  -6.0416487608659778E-011   7.6889655842710211E-011  -4.4812531972592050E-004   1.7057202680145747E-011  -3.0513788856414835E-012  -3.1890507397792795E-009  -1.8709096048796854E-012  -5.2940284902486062E-012   2.8922168478576323E-012   3.7469282186038359E-013   1.8087853395240156E-012   2.1437423938470393E-012   2.9649723802790010E-012  -6.8603861888445621E-013   1.3131747790876977E-012  -1.6453008710538343E-012   1.5283285724390479E-010   1.1887582559146251E-009  -6.5859634569878257E-010   2.8130247389623207E-010  -6.5631556476757089E-010  -4.3413053325560744E-010   1.7903343886170407E-009  -1.4547027367600545E-009  -3.3938013386081462E-010  -2.2783658978339953E-011
  -1.0243742085521789E-008  -3.2426703950802036E-009   7.0094239622263486E-009   8.5349742759938969E-009   1.3132083785641866E-009   1.7087674170418873E-009   9.1407598300789656E-009   3.2975867401330045E-002  -3.1258984548408637E-009  -2.7263799188790469E-008   9.7414261554209165E-010  0.41920632746497460       -4.7646688817378933E-010   1.4021042226942899E-008  -4.2513407880445590E-009  -3.8013805077089595E-009   3.6377382577250618E-009   2.3260680707563052E-009   1.6885401237634840E-009   1.9252736572881207E-009   9.2071276866351456E-009  -4.3827497339566177E-009  0.49353886261830154        1.6059878059063732E-009  -3.7888969560472739E-011   1.9283322260191043E-011   6.6779599771496137E-012   6.9123400142962389E-011  -2.9411624804083887E-011  -1.8294010255192176E-011   3.3736264595270612E-012  -2.9325200209640879E-011  -2.3896699074973719E-011   1.6881799249029110E-011   6.3313301191565965E-010   4.9488353401010694E-010  -5.2485337151965892E-010  -3.7324472524935598E-010  -2.2822670055079416E-010  -2.5988565028614496E-010  -1.6309640300407480E-010   3.6535915051404805E-003   8.2244365346989728E-011  -4.3675920865436744E-009  -1.2078203331557438E-009  0.24273050707714178        4.7203866839835130E-010   1.4652316861944844E-010  -5.3923301898527818E-003  -2.8744350616943583E-011   5.1296141958623342E-011  -4.4812533109617322E-004  -1.7863804521056657E-011  -2.5020515341103527E-009   2.9738752185801151E-012  -1.3495333421025469E-012  -6.1890502860284987E-013  -5.2961802258352956E-012   2.0839465282000223E-012   1.3009177425536662E-012  -2.3453739647858615E-013   2.5022780634855916E-012   1.6567880279016300E-012  -1.4019255792148864E-012   7.9631681220397399E-010   6.6344864100586895E-010  -6.6696099178870798E-010  -4.5858810193052889E-010  -2.9520605308976939E-010  -3.3772788533220733E-010   1.4211497982274716E-009  -1.1576092981626444E-009  -2.5034152184970250E-010  -1.5426772187165646E-011
   5.6533403221873923E-009   7.0230063424008503E-009   5.4976776256179230E-009   2.2690473648588361E-009   4.3091064693732242E-009  -7.9223878802489413E-009  -6.2665160844889312E-009  -2.0310767333081588E-009   3.2975864643179718E-002   1.4635935693411825E-008  -6.9155976619185996E-010  -4.7646688817378933E-010  0.41920632652617046       -7.6629626847602479E-009   2.3440304201932232E-009   3.6396791077241010E-009   7.1931735868178696E-010   6.0036276442443811E-010   4.3393076979307016E-010  -2.9443939093384320E-009  -4.9633969694249928E-009   2.8493498399727502E-009   1.2399631930948347E-009  0.49353886409675962        1.8489849503914422E-011   7.4074093679057871E-012   2.6915350001730530E-011   9.1300822999635143E-012   5.1428267417557204E-011  -3.3948682321868311E-011   1.7186527335114140E-011   9.5275359176574668E-012  -3.0470149376048690E-011  -2.7169164437320319E-011  -3.4772768478921000E-010  -5.2527497783014668E-010  -1.5849078094322379E-010  -9.4518527135814756E-011  -9.4421935356410846E-011   4.4224457904543067E-010   8.9567435637265366E-011   8.4675838991010312E-011   3.6535915979524457E-003   2.3991682057695127E-009   7.3950718785186236E-010   3.9704814753189046E-010  0.24273050746113478       -1.1520492408996693E-010   9.6083897996118696E-013  -5.3923302133138109E-003  -3.4764491490971779E-011  -1.2877899269196934E-011  -4.4812535057714583E-004   1.3666650871133815E-009  -1.6112369826099461E-012  -6.1147917323626611E-013  -2.0393516429155595E-012  -6.9807199655212664E-013  -3.8230471159469338E-012   2.8583109927818151E-012  -1.4130103950274523E-012  -8.0388536106667469E-013   2.5065845350253024E-012   2.1226569159747580E-012  -4.3854106263393915E-010  -6.6783816105165325E-010  -1.6683809904524159E-010  -1.1777328988692839E-010  -1.0673827866770712E-010   5.5631996474022377E-010  -7.7907031300187485E-010   6.3403523433429702E-010   1.3444841921100161E-010   8.0692860808527633E-012
   3.8976065396402595E-010   9.8185371729125678E-010  -5.2981644489878579E-010   2.0212815747911959E-011  -4.5625218207131593E-010  -4.0997476686654557E-010  -2.8052032695333767E-010  -1.3507441477099603E-010   4.5881253883529158E-011   1.0365520380983243E-002   1.8234591585066696E-008   1.4021042226942899E-008  -7.6629626847602479E-009  0.46980791857371740       -4.1822320324536943E-010  -1.0626723526246349E-009   5.9753549631914657E-010  -4.8421280964541141E-011   4.7904073086256169E-010   4.6657081098718408E-010  0.71102059136629547        2.4653361883937241E-008   1.7786314631037513E-008  -9.5355906198022211E-009   1.4057450150898467E-012  -2.9981931453382823E-012   5.5707103947848573E-013   3.2118948706963467E-013   7.4289840785829012E-013  -2.2069958299621735E-012   3.0184504815316142E-012   1.9754490678054200E-012  -1.0527102719564512E-012  -1.8878964837739933E-012  -1.6507219933261627E-010  -4.3451075782992057E-010   2.4485111248413714E-010  -2.4178429202019192E-011   1.9924127629446049E-010   1.8914975162581231E-010  -9.7304515005659277E-012  -1.5714793431034654E-010   1.1944752995854062E-010 -0.51998963092883865        8.9085293153238726E-009   5.5226403541730265E-009  -2.7588801044813146E-009  -2.2803885589059982E-009  -2.4787610490929623E-009   1.5108925234578914E-009  -3.5362754280697599E-010  -3.6079907216720682E-010   2.1586639962083110E-010 -0.26411994532954541       -1.5377620913017848E-012   2.2200776477290497E-011  -1.2352824881683926E-011   1.0080874455403610E-011  -1.6692886860729143E-011  -8.0175620496761507E-012  -1.2062012326684885E-011  -4.3493837509417915E-012  -6.0185347069407381E-012   1.2448678388375149E-011  -9.5067701446093876E-011  -2.4700278309588438E-010   1.3658709078128900E-010  -1.1417494439075418E-011   1.1286123532787467E-010   1.0646033101262082E-010  0.16447274381742949      -0.13568747373261567       -1.6224565408125547E-002  -6.3468492337745354E-004
   6.6496032735043810E-005  -3.3660953229918147E-013   2.9455836968988198E-013  -3.3248016334150840E-005  -6.1056205852802186E-014  -3.3248016400822938E-005  -8.2751860613667279E-011  -3.3353185075875588E-010   1.8390117616270566E-010  -8.5977777255401817E-012  -1.0430411996867046E-009  -4.2513407880445590E-009   2.3440304201932232E-009  -4.1822320324536943E-010   1.1323045662018951E-004  -4.8425003149033737E-013   3.1057288557880321E-013  -5.6615228106592249E-005  -3.9933413904382471E-013  -5.6615228512830158E-005  -6.3025297786396138E-010  -1.2236124033907511E-009  -4.9992500182701550E-009   2.7563280317448890E-009  -8.7720223635587328E-012  -4.4774747789349844E-012   2.3840504622412892E-012   5.8849511895141934E-012  -3.2834650341119357E-015   5.8839524864079899E-012   2.4787757582739121E-012  -1.4852378993210251E-015   1.1518449820754872E-012  -1.7758595843105933E-012   9.9533084643094443E-003  -1.5016432257704238E-011   7.9303037859218428E-012  -4.9766542233460375E-003  -1.7443784201815907E-011  -4.9766542409601837E-003   4.1326048995213818E-011  -3.3336176905247774E-011   1.7976269241394390E-011   4.3440381031157762E-010  -6.1803073411033236E-010  -2.4551910882186982E-009   1.3536045958309861E-009   2.1993566410660339E-010   3.7277954158439636E-011  -2.2298796202646121E-011  -1.7853883908892991E-011   1.6877406779577796E-011  -9.1957951101785468E-012   2.1003756593321624E-010  -2.4163898138804763E-012  -1.6118579244292237E-012   8.7880437741969146E-013   1.6210445875504370E-012  -6.3111578674567381E-016   1.6208818443262845E-012   9.0143648235046195E-013  -2.2989879649066891E-013   4.0245417491745284E-013  -4.8366555081289221E-013   7.4940807304328550E-003  -1.1970563196371815E-011   6.3258429451977078E-012  -3.7470403583974863E-003  -1.3511140192824374E-011  -3.7470403720348405E-003  -1.2952407057143694E-010   1.0668020238521439E-010   1.3723226170174588E-011   3.7611184473784985E-013
   1.9270914286153813E-013   6.6496032721113154E-005   2.6454325687991310E-014  -3.2099304373579971E-013   2.0927305059886674E-013   1.2828534485506871E-013  -5.2043943468688037E-010  -2.9924814195931786E-010   2.8581790857059219E-010  -2.1860615696655492E-011  -6.6204993874253147E-009  -3.8013805077089595E-009   3.6396791077241010E-009  -1.0626723526246349E-009  -4.8425003149033737E-013   1.1323045659204047E-004   3.2629097358370803E-013  -3.8628655380274001E-013   4.2423422355564159E-013   8.7054744206062274E-013  -1.6013634794857037E-009  -7.7832525816201663E-009  -4.4672058244934075E-009   4.2794791997746019E-009   4.0356441909859156E-012  -8.4990913556491123E-012  -7.9642355172423606E-013  -5.9206473507681676E-012   1.5908800701493857E-012   5.0622450142085225E-013   5.2152249104652311E-012  -8.0047642052175937E-013   1.5021599782778443E-012   1.1902639135289528E-012  -2.6762479177495876E-011   9.9533084630615623E-003   1.4419119885617544E-011  -1.0681488186865282E-011   1.5105937851404387E-011   3.7443973669573672E-011  -1.7959543854191197E-012   2.3468498272810993E-011   1.5469457047879042E-011   1.1005207037782455E-009  -3.8429409547644010E-009  -2.2129536821800218E-009   2.1070753892143357E-009   2.7131926914846223E-010   2.6005863564882475E-010  -8.7484513530387930E-011   2.9664274737892989E-012  -8.7734062348189539E-012  -8.3701378486447547E-012   5.3108985361867367E-010   1.0204754144472788E-012  -2.5052536237818858E-012   1.4067822290732146E-014  -1.8482738638229930E-012   7.3920682515103955E-013   4.7917053893648897E-013   1.3925774165518804E-012   1.3208698285337670E-014   6.3690921606579610E-013  -2.0325420009974346E-014  -2.0810243230728485E-011   7.4940807295077721E-003   1.1232069091222375E-011  -8.3915393349914957E-012   1.1805978767325979E-011   2.9201885587352075E-011  -3.2730094104460534E-010   2.6949002442677420E-010   3.5189883558460147E-011   9.4220708090730106E-013
  -1.9084137476792953E-013   7.4590838181590064E-014   6.6496032788870070E-005  -7.2639597210714476E-014  -2.6227563506699563E-013   2.6347902528863463E-013   2.8848696248019256E-010   2.8566518469283730E-010   5.5755616578221174E-011   1.2308919538491836E-011   3.6699047232800613E-009   3.6377382577250618E-009   7.1931735868178696E-010   5.9753549631914657E-010   3.1057288557880321E-013   3.2629097358370803E-013   1.1323045699113416E-004  -4.9154916980935299E-013  -7.4214383412112290E-013   1.8100557381890508E-013   9.0040975949172363E-010   4.3145982346958644E-009   4.2771982629468865E-009   8.4817630773610413E-010  -2.1732030880410600E-012  -7.9625079133668897E-013  -9.4939947258582669E-012  -6.0657759434781707E-013  -3.7541330805247381E-012   3.5222444018867685E-012   1.1902154199589815E-012   2.9958363375288437E-012  -8.0063047307645012E-013   4.8434332084094848E-012   1.8939566101424547E-011   1.3809623762154886E-011   9.9533084803418662E-003  -2.0992772906351181E-011  -2.8472197343732013E-011   2.0533104418916785E-012   1.7363871813191538E-012   1.5463175039522433E-011   4.2693046069650440E-011  -6.1917692849362831E-010   2.1303435656715891E-009   2.1059408694024619E-009   4.0407746982548657E-010  -1.4712173099679313E-010  -8.7434973428734584E-011   1.5139350753220198E-010  -1.8851018955670842E-012  -8.3645523089038513E-012  -1.9195082673279404E-011  -2.9878798203075333E-010  -5.5626989151473771E-013   1.4111254044356564E-014  -2.4880997279251874E-012  -2.5524957777599052E-013  -1.3431075840527678E-012   1.0015131256465879E-012  -2.0327240684359089E-014   6.1138076328472672E-013   1.3158916160192465E-014   1.3988218131770436E-012   1.4612990866164287E-011   1.0774864623935943E-011   7.4940807429474182E-003  -1.6371542219537550E-011  -2.2211065240253511E-011   1.7586090621163011E-012   1.8416694488851765E-010  -1.5165546072442380E-010  -1.9751624316347031E-011  -5.2375795226064302E-013
  -3.3248016334357062E-005   2.0356909625516964E-013  -7.8251986548014934E-014   6.6496032759660647E-005  -7.0058165884118863E-015  -3.3248016425342380E-005  -1.1178541100494193E-010   1.8202530780315407E-010   4.6971046399166180E-011  -1.0175101087131880E-012  -1.4288852844772601E-009   2.3260680707563052E-009   6.0036276442443811E-010  -4.8421280964541141E-011  -5.6615228106592249E-005  -3.8628655380274001E-013  -4.9154916980935299E-013   1.1323045685451815E-004   2.2231547479835652E-013  -5.6615228747199695E-005  -7.2906478600814398E-011  -1.6814583233324552E-009   2.7361351058965087E-009   7.0613843745876559E-010   3.7437111619888568E-012   4.6762898982431265E-012   3.7855834744659418E-013  -7.2787741563854010E-012   1.4173091620463785E-015   2.2560916134619954E-012  -6.9735371375319423E-012   2.7660050333650928E-012   4.6796800790841741E-012  -2.3438163864781265E-012  -4.9766542233095137E-003  -2.2832438811599883E-011  -2.1521497250527616E-011   9.9533084743989551E-003   1.0327144300001849E-011  -4.9766542510870674E-003  -2.8953184118404730E-011   4.0382870468501583E-011   1.0548527568379559E-011   4.9579346970381134E-011  -8.2004863382204724E-010   1.3346048210612825E-009   3.4414349544908868E-010  -6.3067283122397253E-011   7.3815544525210417E-011   1.9561154214333879E-011   1.3434659222940267E-011  -1.9562800173090256E-011  -5.1904352442249484E-012   2.3679975565636253E-011   1.2192643899026908E-012   1.1859440176914600E-012  -2.3653289344030902E-013  -2.1709765636305468E-012   2.9747161869014630E-016   5.3516938233111009E-013  -1.7683821644394183E-012   8.7242507065399128E-013   1.1865931934635917E-012  -4.7396134303094750E-013  -3.7470403583698781E-003  -1.7541171220947857E-011  -1.6774454244623938E-011   7.4940807383867304E-003   8.0428228607180246E-012  -3.7470403800139995E-003  -1.4573274597982579E-011   1.1955505175722866E-011   1.6569853687991930E-012   3.8955635753316545E-014
  -5.8508978140010469E-014  -7.1053090861352839E-014   3.7949448778729334E-014   7.2126398557702732E-014   6.6496032829003887E-005  -1.3615339388368544E-014   2.8097727907131991E-010   1.3289571974317165E-010   3.3527666885778672E-011   9.8333288581565798E-012   3.5780944717880173E-009   1.6885401237634840E-009   4.3393076979307016E-010   4.7904073086256169E-010  -3.9933413904382471E-013   4.2423422355564159E-013  -7.4214383412112290E-013   2.2231547479835652E-013   1.1323045727059052E-004   1.7702839327378914E-013   7.2189213138678055E-010   4.2070837640874544E-009   1.9849275219399551E-009   5.1124784715240076E-010   1.1883272299954811E-012  -1.2646137383987357E-012   2.8446340027079911E-012  -7.9692805533422746E-013  -6.3566039849746815E-012  -7.9738478705479348E-013  -2.0107770836614461E-012  -7.4835693216659591E-012   3.9623867491837494E-012   3.4576688768739356E-012  -1.7183820144254251E-011   2.1655194268370850E-011  -3.5808424019275775E-011   8.8902128805944167E-012   9.9533084924429294E-003   8.2936422679029094E-012   1.5222495911812482E-011  -6.6878680414150837E-012   2.8230787985650647E-011  -4.9548280115646166E-010   2.0712291380992357E-009   9.8336827106388706E-010   2.4078974843227832E-010  -8.5976565759909630E-011  -9.9495714303020479E-011   1.0184247559347952E-010  -8.2960512494291742E-012   2.6907741590150891E-012  -1.3325407218769611E-011  -2.3889912110148206E-010  -2.0724019151887368E-014  -2.4366721485342277E-013   4.3831457148512974E-013   1.3972651181620696E-014  -1.8040847928905117E-012   1.3889151193934454E-014  -5.5933602985540625E-013  -1.8217562664557735E-012   9.9408328523492081E-013   1.0311621471168546E-012  -1.3312877935798333E-011   1.6733915406912168E-011  -2.7736315727371085E-011   6.9602645494270250E-012   7.4940807523539632E-003   6.3526345329349844E-012   1.4719491832354272E-010  -1.2118381914299645E-010  -1.5945391211995375E-011  -4.2534948542521156E-013
  -3.3248016400236262E-005   1.3304681149701357E-013  -2.1628918227482131E-013  -3.3248016425083330E-005   6.8067736099449976E-014   6.6496032825288367E-005   1.9453758207076465E-010   1.5150661780952212E-010  -2.3087227922763820E-010   9.6126732320352510E-012   2.4719304114757445E-009   1.9252736572881207E-009  -2.9443939093384320E-009   4.6657081098718408E-010  -5.6615228512830158E-005   8.7054744206062274E-013   1.8100557381890508E-013  -5.6615228747199695E-005   1.7702839327378914E-013   1.1323045725853655E-004   7.0303566427478657E-010   2.9050754166252255E-009   2.2631160600526639E-009  -3.4624673104091824E-009   5.0283112015027217E-012  -1.9881511931740411E-013  -2.7626088096478427E-012   1.3938229668488325E-012   1.8661558785609212E-015  -8.1400440997575117E-012   4.4947613792056642E-012  -2.7645197954277058E-012  -5.8315250610801431E-012   4.1196759707305022E-012  -4.9766542409325010E-003   3.7849825404609806E-011   1.3593768115915513E-011  -4.9766542509890824E-003   7.1174951177119551E-012   9.9533084919159846E-003  -1.2371181915003039E-011  -7.0456546334911405E-012  -2.8524525618099756E-011  -4.8403013021964023E-010   1.4380816661473356E-009   1.1205868157060211E-009  -1.6977484825116739E-009  -1.5686223916952412E-010  -1.1108965267886075E-010   2.7387230319261388E-012   4.4181590719726552E-012   2.6856829348644632E-012   1.4383916932063856E-011  -2.3377471241903397E-010   1.1971254239616732E-012   4.2591390672913885E-013  -6.4227148397002471E-013   5.4993197607200082E-013   3.3364416944698772E-016  -2.1560512266276683E-012   8.6694568207924795E-013  -6.4252627415451131E-013  -1.5890473683593953E-012   9.5762689383029756E-013  -3.7470403720122063E-003   2.9512452958932794E-011   1.0450549814983145E-011  -3.7470403799411802E-003   5.4689612443422305E-012   7.4940807519500068E-003   1.4413855278104968E-010  -1.1867954423412757E-010  -1.5324113900552678E-011  -4.0592571878273060E-013
