   4.6079070428547228E-005   4.6268250291919556E-014   9.7033355130679491E-014  -2.3039535196405467E-005  -2.9020090963158549E-015  -2.3039535232007963E-005   3.2161122557583449E-011   7.4213065879022881E-012   1.6710757977094801E-012  -2.4398831300524916E-012   5.4442667192712269E-010   1.2744608719721367E-010   3.0170594564944918E-011  -6.4129044043064632E-011   1.2594245227820894E-005  -7.5609390699347118E-014  -1.4982143621018582E-013  -6.2971226006382919E-006  -5.5325423677470842E-014  -6.2971226276701897E-006   8.2526196529156800E-010   1.9139731798828042E-010   4.5048753759657219E-011  -1.5122951691075456E-010   2.7280573150006429E-010   6.7606836795532471E-011   1.6620785328085258E-011   1.7741415879451985E-013  -3.3042683784737328E-012   7.2599889102849582E-013  -1.1478832495009232E-013  -9.4119320310004668E-016  -1.2324050970284073E-013   1.9235538768043718E-012   8.6410729317205157E-014   7.2355084622356585E-013  -6.0554371312489717E-013   9.5934185160913600E-003   3.8610720015566555E-012   1.4857122191722091E-011  -4.7967092558936783E-003  -6.7359705982707379E-013  -4.7967092601991258E-003  -5.5069118589613063E-012  -3.1599386625592424E-006   4.9552500658283665E-013   4.5600672784976012E-013   1.5799688222954439E-006  -2.2752945555794766E-014   1.5799698402218064E-006   2.4244644950153503E-011  -2.7368979022777169E-010  -5.8942404214604110E-011  -1.6427521565710216E-011   1.3047752725094543E-010  -1.8362547273612859E-010  -8.1840862265740760E-011  -8.8250447356803658E-011  -1.4710488515313733E-010   1.1601891096832856E-011   6.7628128374472362E-011   4.2900054221028341E-011  -4.7652021109772024E-012  -1.6175293256213821E-011   2.4711929566199909E-010   1.1841679523658632E-013  -2.0300498594916606E-012   2.4013639295506556E-013  -7.8077117124309713E-014  -3.2737927259060988E-016  -8.0798647184379214E-014   1.1482517954321064E-012  -9.2358665507412955E-015   4.8950719137371134E-013  -1.7210257134481124E-013   3.7129713852959953E-010  -1.4555613070219520E-012  -1.5906346917896288E-013   7.2386181210014233E-013  -6.8894121971477180E-011  -5.0034437398040454E-012  -2.6937617715067825E-013  -7.9874910356748021E-005   7.7048694758043675E-012   7.6138646049676556E-012   3.9937450276234058E-005  -6.9558595330016979E-013   3.9937460076372027E-005  -3.1175696091912614E-003  -7.1283908977679022E-012  -1.0757427618100966E-011   1.5587848072874421E-003   8.0141110466198533E-013   1.5587848019077558E-003
   4.6268250291919556E-014   4.6079070341385179E-005   3.0075865639511098E-014  -4.4298934678446475E-014   2.6406550220011894E-014  -1.9647774877115504E-015  -6.0519763881708768E-012   1.4622313332405487E-011  -4.6427662117695364E-012  -1.2979116523431751E-012  -1.0426855945257976E-010   2.4555255713800468E-010  -7.8953958488195813E-011   6.6515133016266956E-012  -2.1443048904169523E-014   1.2594245310197711E-005  -1.1174939392983548E-013   1.0115609786902612E-013  -1.8149754212062545E-014  -7.9726231172801188E-014  -1.5552207855546568E-010   3.7292647883775241E-010  -1.1957980860244477E-010  -9.6526310709931642E-012  -5.8440885031959475E-011   1.2232111816995132E-010  -3.9851031839805409E-011   2.1286437115901080E-012   8.8268418358911612E-014   2.6834902060314107E-014  -3.8718854696979021E-012   4.2482376792554903E-013   1.0161642155854273E-012  -2.3786070648483151E-013   3.1111098326113215E-014   2.3079005546436911E-013  -4.3183965516457754E-014   5.9716222186838387E-012   9.5934185068699274E-003   3.4044738344485805E-012  -5.1757067986910272E-012   5.8993484907913131E-012  -7.9635443227004483E-013   6.1358686867124182E-011   4.9215295224060576E-013  -3.1599390425008705E-006   1.5189736992089981E-014  -2.7984298215041003E-013  -7.6251322950902810E-014  -2.1222877679542465E-013  -7.8317624130945113E-011   4.3192426932041071E-011  -1.2206387378616364E-010   4.0462434285822009E-011   3.7856059906186570E-011   9.2292121883629849E-011  -4.0314888128181218E-011   4.6938892949058789E-011  -4.1505658692271767E-011  -1.0597844199094660E-010   2.9110134900636259E-012   1.4630459268656358E-011   3.0274023444816948E-011  -1.1354654639827241E-012   3.8250877589121342E-010   1.3113501964954433E-012   1.0282226660949117E-013   4.2175740424139961E-015  -2.3545068240258317E-012   1.6485909746285874E-013   5.9517837350414420E-013  -9.1760096892420924E-014   6.0447534480661521E-015   2.0332720230726681E-014  -7.7899583872329808E-015   4.7404649734954949E-010   5.5797674591835455E-014  -9.9753229012155973E-013   5.2044189506323002E-014  -8.9400927100402234E-011  -6.6960899984212256E-012  -4.0973477068903130E-013   7.8789920637325158E-012  -7.9874919389718343E-005  -1.4681512553228284E-013  -3.6749991089785624E-012   6.2391052937874662E-013  -4.2023823658180119E-012  -7.9739449363038216E-012  -3.1175695989121084E-003  -9.7776980965101334E-013   4.4387841700511559E-012  -2.5934494635385137E-012   3.5337224917457915E-012
   9.7033355130679491E-014   3.0075865639511098E-014   4.6079070558676432E-005  -7.8069852700345401E-014   2.4449086348272317E-014  -1.8970498693713888E-014  -1.0140966199170732E-011  -4.2989207825692257E-012  -5.9113876552308797E-011  -1.9550786175209380E-012  -1.7538410323817287E-010  -7.3216419229925967E-011  -1.0126586094692624E-009   1.0344566894613585E-010  -1.4941071289592939E-013  -5.7379242735537633E-014   1.2594244912939923E-005   1.3412430694380006E-013  -9.0472369155406849E-014   1.5346463267274422E-014  -2.6477600791764860E-010  -1.1091695650110741E-010  -1.5310489627202938E-009   1.5178040740444329E-010  -9.0819231597657514E-011  -3.6963491043079934E-011  -5.1188036766885137E-010  -4.3779586297726014E-013   2.7334225462291273E-014   5.0066744610150673E-013  -3.8620077866513097E-013  -2.6881566905563235E-012   9.7355326410501301E-013  -4.5314387656901727E-014  -3.7571503447921860E-013   3.3497233267404897E-014  -9.3048769131923777E-014   5.6329026479858833E-012   2.9204711663737779E-012   9.5934185296993359E-003  -8.3595223778389829E-012   2.4084239287023314E-012   2.7274488007594921E-012   2.2198402706224813E-010   4.5790635497103653E-013   1.1557033113386227E-014  -3.1599391944353246E-006  -1.7038264485302024E-013   1.3685629100992668E-017  -2.8745181691643158E-013  -3.0156076245194042E-010   9.1908422386979779E-011   3.7517025606654738E-011   5.1821765265533762E-010  -2.9549455203861660E-011   2.0978794118350891E-010   4.4389891399084489E-011   6.0090626452674428E-010  -9.6417352343222541E-011   1.8837413506772842E-012   3.2893308403582777E-011   2.2120971126419779E-011  -8.4839904683503406E-013  -1.3195360324826793E-011   9.9933673691770887E-010  -1.4619970657100886E-013   4.4857095610520582E-015   1.7731453745211026E-013  -1.0401266502729575E-013  -1.6832523942695279E-012   3.0011868752938186E-013  -8.4374488454127392E-015  -8.9812172390252139E-014   6.8214440218240901E-015  -6.5183290993037981E-014   1.1567031599398062E-009  -1.0696669223032408E-012   3.9693478296995754E-014   6.0470038759546823E-013  -2.1607722934256136E-010  -1.5937555478573185E-011  -8.5262214241125198E-013   7.7416822579950325E-012   6.1640392950853652E-014  -7.9874918650763141E-005  -4.3421308104257403E-012  -1.1037231443365401E-013  -3.3997790662769448E-012  -7.8034179631982098E-012  -9.9348567958136402E-013  -3.1175696072941838E-003   6.2107033273662035E-012  -6.8605066609706585E-013   1.5929130696648582E-012
  -2.3039535196405467E-005  -4.4298934678446475E-014  -7.8069852700345401E-014   4.6079070420150048E-005   4.0079145952430331E-015  -2.3039535223899781E-005   2.0492546989794193E-011   2.2797711481730674E-012   3.0551932353349622E-011   2.4512118305017990E-012   3.5215578570276545E-010   3.7635693936841730E-011   5.2248037080860889E-010  -1.1977151248677722E-010  -6.2971226599576042E-006   4.7912166109293494E-014   1.4221297542468665E-013   1.2594245186913253E-005   8.3059313820355153E-015  -6.2971225228542052E-006   5.3202628908793886E-010   5.9636348468870966E-011   7.9029583929387130E-010  -1.7190281180534002E-010   1.7847773585317526E-010   1.2247353297620257E-011   2.6472900516092368E-010   1.7844886211445026E-013   2.5167986838028472E-012  -1.0775761757287748E-013   2.2338805775674817E-013   3.3427093722022156E-015  -4.6286138437974205E-013  -3.7466491800093980E-012   5.3166592052435539E-013   2.5098192305713222E-012  -3.1593849335177959E-013  -4.7967092565051510E-003  -4.1729289047951719E-012  -8.1348289017381482E-012   9.5934185151115656E-003   1.2587344529963388E-012  -4.7967092585742719E-003  -2.6759995972931819E-010   1.5799688392507381E-006  -2.7616082665442568E-013  -1.7090612352731557E-013  -3.1599390847784740E-006  -3.9812663553963999E-014   1.5799702499717317E-006   3.6293429208291506E-010  -1.8142683672787910E-010  -3.0901922883191160E-011  -2.6714588455013428E-010   2.3329624571335773E-011  -2.2835986974494172E-010   2.1522936494723605E-011  -3.4051234266321017E-010   5.9200596259149453E-012  -6.1695798855978862E-011   1.4021623946090324E-011  -3.7080330815174850E-013   2.1282495394191304E-011   6.3003028919553250E-013  -1.2408619020743992E-009  -1.0170153109281177E-014   1.5309316855053775E-012  -4.8400923487078511E-014   1.1428709617972473E-013   9.4753338391552532E-016  -1.0064575337194284E-013  -2.2806849030228127E-012   1.9939466433916025E-013   1.5289321650172918E-012  -1.1254626503817318E-013  -1.4460185076605166E-009  -5.2013381271014263E-014  -1.0039307956126948E-013   1.1539134174199924E-013   2.7084367103953884E-010   2.0166609634136937E-011   1.1403047517670850E-012   3.9937449658578717E-005  -3.8778622066416236E-012  -4.3013280910094756E-012  -7.9874921139464606E-005  -4.6338194740909847E-013   3.9937471480042264E-005   1.5587848080734093E-003   4.2779990772509495E-012   6.1026670038192263E-012  -3.1175696001496983E-003  -8.1138454109006866E-014   1.5587847920771794E-003
  -2.9020090963158549E-015   2.6406550220011894E-014   2.4449086348272317E-014   4.0079145952430331E-015   4.6079070483839885E-005  -1.1132010869676006E-015  -3.8174118774446716E-012   3.0024901085673496E-011  -2.2398724015491847E-011   8.9350118737849559E-014  -6.4964385631419757E-011   5.1010927185922498E-010  -3.8352037322914104E-010   2.1534433209661026E-011  -3.5979483958197964E-014  -5.1954799976544107E-014  -9.4022264375700947E-014  -2.4135816240024288E-014   1.2594245193731494E-005   6.0154907481662169E-014  -9.8448144668749451E-011   7.7262528906824872E-010  -5.7795813226605403E-010   4.0167666541633663E-011  -3.2785592098890837E-011   2.5492356550996134E-010  -1.9909795507301591E-010  -4.2092354564696877E-014  -4.4811954295362702E-014   8.9974553985421643E-013   2.6317341499442696E-014   4.5989477884226516E-013   3.0111923081282106E-014  -5.2563792359697868E-013  -3.7898568727316692E-012   7.4993261995911966E-013   2.1542165081182059E-012   9.0866978825388949E-014  -3.1889172966137778E-013   2.7562933920593154E-012  -4.2700674526170852E-013   9.5934185217777662E-003   3.3665335955143817E-013   2.4750218915538519E-011  -2.3942111000220564E-014  -7.2588809463349307E-014   1.8134226688793391E-016  -3.7078354182871158E-014  -3.1599391389944323E-006   6.0977609237644175E-014  -3.5370653508349143E-011   3.3263045042902579E-011  -2.5795615331709230E-010   1.8479474925761936E-010  -2.4704519386087556E-011   3.9940480449935426E-011  -1.4425616433639836E-010   2.2489522509268421E-010   1.1467978834552921E-012  -1.6918187667196684E-010  -2.3425160955180028E-012  -6.2112531083147121E-013   4.4730310212391691E-011   2.6953378492627172E-012   5.1045789687662792E-011  -7.3219447877659940E-015  -3.5180592021214605E-014   5.7652695240688689E-013   4.0284163298064995E-015   1.4361722704233752E-013   5.6780455526615276E-015  -1.6462756157134977E-013  -2.3406098308034070E-012   2.5578184425960076E-013   1.3149395590832620E-012   4.4210766022662459E-011   3.2677393697338584E-014  -1.8987980656272181E-012   4.7943003040917275E-013  -7.8148322021346730E-012  -5.4539959435615097E-013  -1.3497171239745766E-014  -6.5196608217777339E-013   5.9920189145534281E-013  -1.0241716201404526E-013  -5.6614960249560839E-013  -7.9874918837311847E-005   1.2174962243605919E-012   5.1145858201327759E-013  -5.0825524127845358E-013  -8.0772516508752351E-013   5.6509332962494055E-013  -3.1175696044649253E-003  -1.0759727849012050E-012
  -2.3039535232007963E-005  -1.9647774877115504E-015  -1.8970498693713888E-014  -2.3039535223899781E-005  -1.1132010869676006E-015   4.6079070455929154E-005  -5.2653301220194813E-011  -9.7010420416774305E-012  -3.2221428008496977E-011  -1.3796401226764185E-014  -8.9657615134435268E-010  -1.6508117322116172E-010  -5.5262387498542817E-010   1.8375330387716038E-010  -6.2971225678282784E-006   2.7698362905421443E-014   7.6064482332317098E-015  -6.2971225863169443E-006   4.7017269682691338E-014   1.2594245150531363E-005  -1.3572787293171012E-009  -2.5103274544010128E-010  -8.3530367823496672E-010   3.2283053630180994E-010  -4.5128044728100506E-010  -7.9853879747038855E-011  -2.8133609019561388E-010  -3.5586302090596159E-013   7.8746969464519956E-013  -6.1824127346747013E-013  -1.0859973280185059E-013  -2.4015161929615656E-015   5.8610189407372416E-013   1.8230953032198331E-012  -6.1807664981897994E-013  -3.2333700767890560E-012   9.2148220646865789E-013  -4.7967092595584118E-003   3.1279782131795025E-013  -6.7237536777775780E-012  -4.7967092592501826E-003  -5.8666501695024908E-013   9.5934185187778968E-003   2.7298938485336565E-010   1.5799698186373537E-006  -2.1967034489165345E-013  -2.8540103638301503E-013   1.5799702638025645E-006   6.1880961206609936E-014  -3.1599400868419223E-006  -3.8704172356079256E-010   4.5511202307215510E-010   8.9844056909612326E-011   2.8355889466703870E-010  -1.5373519991740651E-010   4.1197505910365703E-010   6.0316729763093163E-011   4.2874634760237907E-010   1.4118927249247281E-010   5.0094815281794119E-011  -8.1651253179310788E-011  -4.2528883238863862E-011  -1.6517244952701371E-011   1.5545433912007339E-011   9.9363441903327076E-010  -1.0824664212186518E-013   4.9911817397595318E-013  -1.9173546947196998E-013  -3.6209979051568691E-014  -6.2015411846816522E-016   1.8144440054516223E-013   1.1324331075999408E-012  -1.9015879777692354E-013  -2.0184393563930609E-012   2.8464883637737100E-013   1.0745979465968548E-009   1.5080896592576185E-012   2.5959263105069916E-013  -8.3925101172921081E-013  -2.0188402656583521E-010  -1.5152151743231527E-011  -8.7329835651508219E-013   3.9937460685638618E-005  -3.8278220092835709E-012  -3.3133182230109288E-012   3.9937470866952560E-005   1.1571730556669184E-012  -7.9874931547605616E-005   1.5587848011087584E-003   2.8500820652157292E-012   4.6552312749174072E-012   1.5587847928727684E-003  -7.1978514717818333E-013  -3.1175695939863533E-003
   3.2161122557583449E-011  -6.0519763881708768E-012  -1.0140966199170732E-011   2.0492546989794193E-011  -3.8174118774446716E-012  -5.2653301220194813E-011   8.7839606454898902E-004   1.3710666115265262E-011   3.5395322964442468E-011   3.1242150779053507E-011   1.5034651881231959E-002   8.5888880724364492E-011   5.2973498453913536E-010  -1.8326098251769699E-010   3.0218598556882686E-011  -4.5831235558175700E-011  -8.2788306866465566E-012   1.4828479597337687E-011  -2.9014869494321981E-012  -4.5047997078051253E-011   2.2725327164739382E-002   1.3720590605727446E-010   7.4665101886563108E-010  -5.9569757453771085E-010   7.6441968733552291E-003   4.7416974449584070E-011   2.5719612391037050E-010   4.2056294904866390E-013  -4.8767361821767489E-013   5.2227656659378714E-013   6.6222211899650092E-013  -7.6306904640329445E-013  -1.2105832181953888E-012  -3.2649012058888485E-014   2.5169387761650761E-013   5.3140261362584636E-013  -5.7652800417759412E-013   6.0829329721585196E-011   2.3604087147666314E-011   2.4208531042196116E-011  -1.7674845002521157E-011  -3.0850235526973505E-012  -4.3158137736817250E-011   6.9616276875454159E-011  -1.7456975859722052E-012  -3.7293076465552652E-012   2.8141442195810453E-012   8.7019236745030418E-013  -1.2076080977208779E-013   8.7557251927092700E-013   2.7148664641370896E-010  -7.5378684065452580E-003  -4.8614209760274536E-011  -2.6870058793121204E-010   1.0398966479557578E-009  -1.3593303552853873E-002  -7.8996927702471143E-011  -3.2590706744732414E-010   4.5841435834091289E-003   1.5882683060854933E-011  -4.9954199434534888E-012   3.3704547490772546E-004  -2.1674872582306093E-011  -1.8177497073146921E-011  -4.7880211826698090E-010   8.8755895401530661E-014  -3.3545836404548129E-013  -2.0249357437480544E-013   4.6242154133742894E-013  -1.6463192199641256E-013  -5.7993653202656454E-013   9.2273474066126461E-014   1.5813023063779275E-013   2.1159932461455740E-013   3.3015850609267295E-014   1.8466570764030002E-010   1.1489011035205229E-004  -1.0426957997911385E-012  -6.5918130795216662E-013   1.1403703792158547E-010   2.3771423502632166E-011   2.7955263654170502E-012  -2.9439306853478452E-012  -2.2198833413883551E-011   1.7376581641232566E-012   6.7087592467886940E-012  -3.9066381036775179E-013  -3.7627457098465708E-012  -2.1262379045034152E-011   8.3890499561144723E-013  -3.2043299343730633E-012   2.0248531379890883E-012   1.1104904959789324E-012   1.9235875444140435E-011
   7.4213065879022881E-012   1.4622313332405487E-011  -4.2989207825692257E-012   2.2797711481730674E-012   3.0024901085673496E-011  -9.7010420416774305E-012   1.3710666115265262E-011   8.7839604797454560E-004   3.5953763204680473E-012   1.5788385279185518E-011   1.3894374809680172E-010   1.5034651725508981E-002   4.7620853553309682E-011   5.2526580828448338E-010   2.9930779350490182E-011   1.6056566602824634E-011  -3.1342796249141546E-012  -4.5540994529861615E-011   2.5918705589710460E-011   1.5610094483512123E-011   2.1989358752734991E-010   2.2725326968618759E-002   6.0705245803245913E-011   9.1594672106899879E-010   7.4880472976493749E-011   7.6441967939665659E-003   2.0908233436338057E-011   6.8990171233596613E-014   9.3413702177590960E-014  -5.8258573973069246E-013  -3.8131425159756198E-013   1.4428155888469693E-012   2.8872223527126366E-013  -7.8715912882568777E-013   5.3352407767374376E-013   9.7122753630709275E-013   3.5785648497426397E-014  -1.4021423812459077E-011   4.8335350044732211E-011  -2.9663633462494050E-012   3.2174272639442455E-011   3.8846358786101523E-011  -1.8153111091530769E-011   5.5511723272393255E-010   2.0384985301224935E-012  -1.5614756646223070E-012  -1.2119181507022316E-013  -4.2226195971510351E-012   2.8588257101229897E-012   2.1840801709441241E-012  -1.0528622703270929E-009  -7.6726102149987298E-011  -7.5378683136370899E-003  -2.2990114646611696E-011  -1.4321896198369908E-009  -1.1215632602444946E-010  -1.3593303248640482E-002  -3.6777062127539087E-011   1.4494946033514197E-011   4.5841434051274409E-003   9.7993784007706166E-012  -2.1154103638336138E-011   3.3704557602114041E-004   3.8268927952560958E-012   1.3224615283538901E-009   9.4470499392334259E-014  -1.0645656029506015E-013  -1.4253863316390160E-013  -2.5882719683240213E-013   1.3069236539656948E-013   1.3217426290487885E-013   2.5368468066367098E-013   1.9281990596962642E-013  -2.2234688770097543E-013  -3.7638929980268186E-014   4.3506025336978174E-010  -1.0934291260895223E-012   1.1489011079364236E-004   6.6788610045074575E-013  -2.3728642459881126E-010  -2.3322148271875128E-011  -3.4161946152834269E-013   1.3480797828960294E-011  -4.2764308450128173E-012  -4.4416593626651497E-013  -2.4440131820690004E-011   7.6288908666379915E-012   1.0959529044449674E-011  -1.1433461060050563E-012  -1.5627125043288096E-011   1.1141611076514748E-012  -1.4926315704604219E-012  -1.2893332242741722E-011   2.6358631132022838E-012
   1.6710757977094801E-012  -4.6427662117695364E-012  -5.9113876552308797E-011   3.0551932353349622E-011  -2.2398724015491847E-011  -3.2221428008496977E-011   3.5395322964442468E-011   3.5953763204680473E-012   8.7839613984538520E-004   2.0427356088702775E-010   1.1784428238778815E-010   2.4298399443879508E-011   1.5034652567494025E-002  -9.4604268892204605E-011  -1.5405359502663224E-012  -3.7030761516722274E-012  -4.9003584920051043E-011   2.6203224099330740E-011  -6.1135389728906789E-011  -2.4666902797398539E-011   1.1351538033528149E-010   2.1160787539758239E-011   2.2725328080565651E-002  -3.9625268712444721E-010   4.8333853227761245E-011   8.0883305854711191E-012   7.6441971998151116E-003  -1.4042830332561084E-012  -4.3506477777175401E-012  -5.6411871117601193E-012   1.5680757158160280E-012  -6.6019424820291670E-012   3.1499082512273764E-013   2.4009924916356856E-013   5.7408176546096671E-012   4.0281985539879469E-012  -8.7752116194464894E-014  -1.7119343923718303E-011  -4.6372163369423638E-012   1.7916569986118370E-011  -1.2318392668487939E-012   2.0072428428104012E-011   1.8335238015995278E-011   1.9888001871333889E-010  -1.5861325127757424E-012  -1.3271296151874356E-013  -1.4994941646797678E-012  -1.5830005787782084E-012  -3.5514996450065095E-012   3.1683601499755050E-012   8.5189605100405965E-011  -5.4109248640221961E-011  -9.7828577774378403E-012  -7.5378687463900319E-003   9.7575887673774620E-010  -7.3837816672324757E-011  -2.1735483527531809E-011  -1.3593304098264212E-002   6.7035033710321348E-012   1.1090997311741529E-011   4.5841437091274483E-003  -2.2541776899231658E-011   3.4234336059999176E-012   3.3704542259148346E-004  -8.9492400203695354E-012  -2.1515197989669122E-013  -1.1723528321185350E-012  -1.3846592729335474E-012   4.9369269373882885E-013  -1.9155625948823457E-012  -2.0569983822036453E-013   4.2895072134966341E-014   1.9281608559471736E-012   1.1146670905219473E-012  -4.1326865042322869E-013   7.1920203101176349E-010  -4.7461104343740896E-013   6.7125770334719806E-013   1.1489011118381378E-004   3.8842832988706476E-011   1.3590702519201589E-011   2.0987355910889766E-012  -2.0121633427009269E-012  -5.3839175687690394E-013  -1.5542528226301045E-011   2.5829989907142098E-012  -2.4823131769044307E-011  -5.6276018286725303E-013   3.8338097718454006E-012   1.7212626114904672E-012   4.0173466685728843E-012  -5.3011571108587177E-012   4.5797885434453701E-012   1.4597826112761749E-012
  -2.4398831300524916E-012  -1.2979116523431751E-012  -1.9550786175209380E-012   2.4512118305017990E-012   8.9350118737849559E-014  -1.3796401226764185E-014   3.1242150779053507E-011   1.5788385279185518E-011   2.0427356088702775E-010   8.2857176304440525E-005   6.0684021508129373E-010   1.2038900925365662E-010   3.5406728787177405E-009   5.0219800007527586E-003  -1.3763146188799068E-013  -2.4352413240070519E-013  -3.1843731446954590E-012   2.5138732527167927E-012  -5.8798913246409920E-013  -2.3641394021179371E-012   8.7704472259302184E-010   2.3073746432353601E-010   5.2899385831145545E-009   1.0253318220688026E-002   3.3295328284368663E-010   2.5911466710028506E-011   1.8139222503389997E-009  -1.3993359272916645E-013   1.9702394050692719E-013   9.1661564566614662E-014  -6.5448291146565989E-014   4.0254200694857313E-013   2.5386968363484786E-013  -4.1493898615989062E-014  -3.8042226609694936E-013  -1.4174798690636261E-013   2.1510207681318255E-013  -2.7317748242630486E-010  -2.7635447888818978E-010  -7.1721466902449098E-010   8.6737689188441490E-010  -5.2059471171547699E-011  -5.9415445429650487E-010   3.9916902171711743E-003  -1.0826556102244746E-011  -2.3257266555804210E-011  -3.7322958099739230E-011   5.4980834743530594E-011   2.0680821869412688E-012  -4.4147687689406463E-011  -6.1644723576013260E-003  -4.2903973220339934E-010   2.1381365988192749E-010  -2.0081637788769188E-009  -6.9268868213719836E-003  -2.3721179372552983E-009   1.9181632028180705E-009  -3.7494822999501252E-009   1.8306478913077891E-009  -1.5851302551441535E-009   1.2310251170997042E-009  -2.9986342649663116E-010   4.0579022326841906E-010  -3.3970291984993088E-010   3.7248091963950000E-003  -1.8868755075939439E-013   3.5441278475983804E-014   4.6196170261995288E-014  -1.1184870680625072E-013   1.1836890106748865E-013   3.6553480645372888E-013  -5.2899637679712094E-014  -2.6263265714243961E-013   3.5491160286937175E-014   1.6122509392284211E-013   1.7541596910592387E-004   8.6224503816596466E-013  -5.1473942248854504E-012   7.9325343599472164E-012  -4.6338175409661248E-004  -4.5919764351460510E-004  -3.6849496337900222E-005  -2.7994442028345154E-011  -6.1567233030778253E-011  -9.2805344258546494E-011   1.4056075409570789E-010   6.4215525659734199E-012  -1.1259194408421636E-010   8.9775356294616357E-011   9.1268632995695964E-011   2.3230925523599345E-010  -2.8268947108039445E-010   1.6506713237139145E-011   1.9293820197544493E-010
   5.4442667192712269E-010  -1.0426855945257976E-010  -1.7538410323817287E-010   3.5215578570276545E-010  -6.4964385631419757E-011  -8.9657615134435268E-010   1.5034651881231959E-002   1.3894374809680172E-010   1.1784428238778815E-010   6.0684021508129373E-010  0.25775073902442519       -1.8196445658432018E-010   6.9089763313261637E-010   1.4798992242767174E-009   5.1625579022744240E-010  -7.8634667636353574E-010  -1.4234746902036140E-010   2.5442130310206273E-010  -4.9608547960763210E-011  -7.7069268587797035E-010  0.38930226238972238       -1.4173920603336429E-010   1.3301376168834544E-010  -9.0625983491693692E-010  0.13081750535733438       -3.6643866462202067E-011   1.4962458495329836E-010   7.2184931027589838E-012  -8.3930209444828817E-012   8.7610614177705031E-012   1.1486237979843526E-011  -1.3094470159089391E-011  -2.0899015655352220E-011  -5.5150633682879811E-013   4.3613352241024341E-012   9.1319949275092530E-012  -9.7749424475505023E-012  -3.6593821399596454E-010   2.7655278775284704E-010   7.0221098682624575E-011  -1.0677641420102816E-010   4.3116921538269491E-011   4.7265325613526542E-010   4.8194428391896731E-009  -4.7968964709990864E-012   4.1438672175833896E-011  -3.0213388526965808E-012  -7.7168105339467435E-012   7.4804307603310645E-013   1.2515135218002181E-011  -5.4094053684194858E-009 -0.13443810974644341        1.4394801017640994E-011  -1.7477678679657292E-010  -2.0500422546328082E-009 -0.14549016786578325       -1.1714870420451560E-009  -1.2512387155468136E-009  -2.0030155295503269E-002   1.1676959095424624E-009   1.0792710872714718E-009   1.0883290301392963E-003  -2.7391898298799612E-010  -2.5544998479738476E-010  -3.7216097621671351E-009   1.5540968705873154E-012  -5.7569909573280724E-012  -3.5616788306623097E-012   7.9755935134239639E-012  -2.8506765986950723E-012  -1.0039538342939700E-011   1.5894005678055932E-012   2.7349712872681624E-012   3.6236702177611391E-012   6.1529399220839361E-013  -7.5011113516875911E-009  -4.7054755552250385E-004   1.6176554313246009E-011   1.4157083454327643E-011   1.5798245823659690E-009   2.9764615694346838E-010   4.3464586032886978E-011   1.4976085357298276E-011  -1.1172376158723066E-010  -1.0816499650538513E-010   5.9857949917384205E-011   3.1715865690360684E-013  -7.4799201530745241E-011   1.0428581017559144E-010   6.9785252976177863E-011   6.1098319897368161E-011  -3.4644072451831500E-011  -1.2352149552975840E-011  -6.9669232791424386E-011
   1.2744608719721367E-010   2.4555255713800468E-010  -7.3216419229925967E-011   3.7635693936841730E-011   5.1010927185922498E-010  -1.6508117322116172E-010   8.5888880724364492E-011   1.5034651725508981E-002   2.4298399443879508E-011   1.2038900925365662E-010  -1.8196445658432018E-010  0.25775073858074532        1.7915816168078680E-010  -2.3710302250309563E-010   5.1347822519902536E-010   2.7392308503830856E-010  -5.3599062186869809E-011  -7.8170394089655416E-010   4.4307246422746823E-010   2.6822372936016877E-010  -9.8102267970073465E-011  0.38930226237285931        7.6438951744428991E-011  -3.0614960247336902E-009  -2.7416689955194414E-011  0.13081750513303983        4.1078202506116246E-011   1.1997242903313941E-012   1.5591187358976714E-012  -9.9815818318775773E-012  -6.5791409879572462E-012   2.4587535924161408E-011   4.9691822295107069E-012  -1.3304025207315166E-011   9.1311712216734819E-012   1.6446482516426186E-011   6.2036953046805112E-013  -1.7839542037831322E-010  -2.2371131737071893E-010   4.5293084944747847E-011   2.3555660575665668E-010  -2.8198585773678493E-010  -5.7164849789088002E-011   2.3485492845059343E-009  -2.5209060812863253E-011  -8.0842745923740031E-013   8.4708487328422248E-013   4.5520117561601130E-011  -1.4382050625319827E-011  -2.0311756614001310E-011  -1.2759588619064951E-009   5.3593208529490010E-012 -0.13443810945210238       -4.0071391519279954E-011   5.3867057980511164E-009  -1.1764646502545164E-009 -0.14549016182097427        1.0946046499423541E-010   1.1604479585998511E-009  -2.0030160929853470E-002  -1.4769895595766017E-010  -2.7145059611857565E-010   1.0883304829587583E-003   1.7067414729248317E-011   1.5481723678906768E-008   1.6272151110078369E-012  -1.8320873155191012E-012  -2.4497335677993794E-012  -4.4425369989326273E-012   2.1855001815815284E-012   2.2611141421628933E-012   4.4200915661118140E-012   3.2859222471676955E-012  -3.8880454353867971E-012  -6.2631068030401272E-013   2.2177120711939827E-008   1.6164544905253488E-011  -4.7054762323933805E-004  -3.2067642366603583E-012  -3.4870285711420661E-009  -1.8841188839443555E-010  -6.3143475889047295E-012   7.7845571182309137E-011  -7.1420584320763232E-012  -2.9085112661220305E-013  -1.1726881946790177E-010  -3.4644203258910310E-011   3.9427002091994764E-011  -4.7626407550523615E-011   8.3827777025290051E-011  -1.2363325793210609E-011   9.3023053386308446E-011   9.1131706312302702E-011  -4.5398957286379678E-011
   3.0170594564944918E-011  -7.8953958488195813E-011  -1.0126586094692624E-009   5.2248037080860889E-010  -3.8352037322914104E-010  -5.5262387498542817E-010   5.2973498453913536E-010   4.7620853553309682E-011   1.5034652567494025E-002   3.5406728787177405E-009   6.9089763313261637E-010   1.7915816168078680E-010  0.25775074042058926        8.8134034006386976E-010  -2.5956742470328828E-011  -6.3305401707985554E-011  -8.3988320059728663E-010   4.4889829372290068E-010  -1.0484674167215247E-009  -4.2301371087773185E-010  -5.4672583206159486E-011   2.4681976677201464E-012  0.38930226243369881       -1.7605886441302370E-009   1.5338111939391894E-010   2.4068330628718486E-011  0.13081750569297718       -2.3961249213073739E-011  -7.4605870110240230E-011  -9.6658446711102125E-011   2.6940358023769396E-011  -1.1323712047265081E-010   5.1902734949722838E-012   4.1307410868622200E-012   9.8642456071249736E-011   6.9058274773717840E-011  -1.7210633693934244E-012   3.5543512622592299E-011   4.9129028207606776E-011   4.0206621735584449E-010  -2.4702356779653175E-010   4.0383368837294420E-010   2.1120759636246017E-010   5.1845566339592514E-009   3.5821413285068486E-012   1.0453019140417591E-012   2.0850014794116762E-011  -5.2007056818632249E-012   4.6526971995997186E-011   1.6054148781776629E-012  -6.1835379881530317E-009  -1.6003940701579380E-010  -2.2798023993561299E-011 -0.13443811011303389       -1.5822814897814093E-009  -1.2998831173553614E-009   1.2044292567464851E-010 -0.14549017153445920        1.1577789538673063E-009  -1.3560887587288042E-010  -2.0030152069991036E-002  -2.7989672036438728E-010   1.2989643039667029E-011   1.0883281439784446E-003   1.8153389184951624E-009  -3.6504310132775768E-012  -2.0118756101545093E-011  -2.3724751545370724E-011   8.4944110370063106E-012  -3.2882576625336350E-011  -3.6076492764430932E-012   7.4999864334192052E-013   3.3176959715570287E-011   1.9110595448473330E-011  -7.1945519182839168E-012  -6.8544919917616916E-010   1.5126966152344933E-011  -3.0029165503825092E-012  -4.7054751894213924E-004   1.2265609644143051E-010   1.7638627354228178E-010   3.3185353792428102E-011   4.8003378918973182E-011  -1.1002979636149319E-012  -1.5518223542865593E-010   1.0665521100800415E-010  -1.5338729911726515E-010  -1.5451934680476029E-010  -4.4158395552845403E-011  -1.2512981241676386E-011   4.7879459720158510E-011  -1.9396188188801993E-011   7.3222503647213781E-011   6.3424213490718922E-011
  -6.4129044043064632E-011   6.6515133016266956E-012   1.0344566894613585E-010  -1.1977151248677722E-010   2.1534433209661026E-011   1.8375330387716038E-010  -1.8326098251769699E-010   5.2526580828448338E-010  -9.4604268892204605E-011   5.0219800007527586E-003   1.4798992242767174E-009  -2.3710302250309563E-010   8.8134034006386976E-010  0.30549798600959838        1.4869466941632768E-011   9.0965271938590481E-012  -1.3205292325808036E-010   7.8134161149501235E-011  -3.1400406480199870E-011  -9.2293105617529826E-011  -3.3575024639899812E-010   2.6217845120699137E-009  -2.2513494236793366E-009  0.62332108254720953        3.0679725753179634E-009  -4.0600397763218879E-009   2.5499555730583155E-009  -8.3552633209298941E-012   1.1989236297700595E-011   5.5212389046985008E-012  -3.8650338535154881E-012   2.4451749682134736E-011   1.5116180081392081E-011  -2.4690071077684911E-012  -2.2934448314501230E-011  -8.7006656807557330E-012   1.2971270493864950E-011   9.3596765536880677E-010   1.0296441593033033E-009   2.7023220175764404E-009  -3.2679869094640483E-009   1.8491239524223059E-010   2.3346029033378275E-009  0.24373854499096825        4.6530547785314390E-011   9.7742609031951367E-011   1.3874172217797357E-010  -2.1414236142163271E-010  -1.0869446832744060E-011   1.6800831796256545E-010 -0.38258592581218243       -3.6153094917621342E-009   3.6904730453095084E-009  -3.0380230780686473E-009 -0.43754384016179970       -8.0792566946564508E-008   1.0100360313326426E-007  -8.9836833545134075E-008   7.4984202334192134E-008  -9.5280987884847248E-008   8.4641603085072681E-008  -2.2259318370425722E-008   2.7443649590863315E-008  -2.4131986990818705E-008  0.22670035523345983       -1.1513253760308524E-011   2.1221883343130618E-012   2.7595077645603120E-012  -6.8035495639779813E-012   7.1554258092221336E-012   2.2282706833999186E-011  -3.2239177369831492E-012  -1.5964196958160237E-011   2.2007283086988138E-012   9.8362219495914747E-012  -5.6608585638757173E-003   8.7038369464373328E-010  -1.0654306313915046E-009   9.2277103738299936E-010   2.7643097633283029E-003   1.7864569203823015E-003   1.3009037114168111E-004   2.3234782444197838E-011   1.0596899663121091E-010   3.5171554698307433E-010  -4.0338071990918576E-010   4.6920348080674841E-012   3.7874071523183692E-010  -2.3119667769173917E-010  -2.2056810707412654E-010  -8.8104826367811999E-010   9.5038798683208293E-010  -8.6452736978190497E-011  -7.1785304170507118E-010
   1.2594245227820894E-005  -2.1443048904169523E-014  -1.4941071289592939E-013  -6.2971226599576042E-006  -3.5979483958197964E-014  -6.2971225678282784E-006   3.0218598556882686E-011   2.9930779350490182E-011  -1.5405359502663224E-012  -1.3763146188799068E-013   5.1625579022744240E-010   5.1347822519902536E-010  -2.5956742470328828E-011   1.4869466941632768E-011   3.4624210010113006E-006  -3.1338528372200506E-014  -9.0328502589035518E-014  -1.7312105096864202E-006  -2.4686409912290768E-014  -1.7312104914510610E-006   7.8044934191449069E-010   7.7492586798169351E-010  -3.9372553441184944E-011   2.4724044629809565E-011   2.5950403830385906E-010   2.5737824588193437E-010  -1.2788192454333503E-011   4.8752022271105432E-014  -9.0177912589505195E-013   1.9869702368579287E-013  -3.1548956856838943E-014  -2.5702301766118921E-016  -3.3859540750819926E-014   5.2500034808530648E-013   2.3590417160832420E-014   1.9741744533253577E-013  -1.6568581342480719E-013   2.6228264970628908E-003  -6.1122027344351134E-012  -3.2634533769246428E-011  -1.3114132584883577E-003  -7.5063015883368141E-012  -1.3114132385748595E-003   2.4495675539519653E-011   5.9657756409778361E-005  -1.8724905070122679E-012  -1.7994864701352244E-012  -2.9828876698101752E-005   8.1141424556089980E-014  -2.9828879711658110E-005  -3.3316493663266967E-011  -2.7902823726562109E-010  -2.9898016410092901E-010   1.3253582440512299E-011  -8.1645259765587106E-012  -2.8094574669326365E-010  -3.2949228140100960E-010   1.3198639549204797E-012  -6.3913330093847917E-011  -4.6780111421696752E-011   1.4610465530795733E-011   1.4412161791178188E-011   2.6984192908910452E-012  -5.0686589925750545E-012   9.2302947630645416E-011   3.2079419940200504E-014  -5.6105598773700274E-013   6.5351859888886720E-014  -2.1145416860841347E-014  -8.8886924882671189E-017  -2.1894480155478874E-014   3.1732547525170836E-013  -2.4596147269145714E-015   1.3531885485975369E-013  -4.6876851148858675E-014   1.0402076512179892E-010  -1.2292782929296618E-012  -1.4347974292608574E-013   3.0134934186130584E-013  -1.8685673333424148E-011  -1.5524307965440595E-012  -6.9514983629350230E-014   1.3783047171244211E-004  -2.9011459291017674E-012  -2.5063262835045700E-012  -6.8915232949078850E-005   7.6295482640660983E-014  -6.8915238764206431E-005  -8.5155030538245789E-004   1.3168462449270672E-013   8.7568507015238737E-012   4.2577515703888616E-004   2.6171584108109735E-012   4.2577514834440044E-004
  -7.5609390699347118E-014   1.2594245310197711E-005  -5.7379242735537633E-014   4.7912166109293494E-014  -5.1954799976544107E-014   2.7698362905421443E-014  -4.5831235558175700E-011   1.6056566602824634E-011  -3.7030761516722274E-012  -2.4352413240070519E-013  -7.8634667636353574E-010   2.7392308503830856E-010  -6.3305401707985554E-011   9.0965271938590481E-012  -3.1338528372200506E-014   3.4624210538359043E-006  -4.8510038326142531E-014   4.4762602399408476E-014  -2.1092302710653696E-014  -1.3427179333934798E-014  -1.1866136774058048E-009   4.1422854190919374E-010  -9.5706532802778190E-011   1.2076326564051780E-011  -3.9401210387243690E-010   1.3755345148382837E-010  -3.2013570398592721E-011   5.8093887169896118E-013   2.4381975652929307E-014   7.3452805133600213E-015  -1.0567197325262133E-012   1.1630889311974000E-013   2.7735241464896535E-013  -6.5179162115293087E-014   8.5135525399560597E-015   6.3047391458311730E-014  -1.1816487076891491E-014  -1.6812126852617244E-011   2.6228265167189588E-003  -1.2728485286147727E-011   1.1118391065893081E-011  -1.0704949234833710E-011   5.6936114803288648E-012   2.2907781701477355E-011  -1.9210253992673374E-012   5.9657758225009100E-005  -2.0799524929058203E-014   9.6218984023280630E-013   3.5745271090250041E-014   9.5886164872919851E-013  -3.0682124800513869E-011   4.6151680857504013E-010  -1.4805695443913014E-010   3.3215481518420377E-011   9.6091070380445162E-013   5.1118544814915481E-010  -1.4007566796867064E-010   3.8507449738010063E-011   7.0880041417850386E-011  -4.2774610607777808E-011   2.4394233039991291E-012  -2.3693900091863640E-012   9.7439806253940738E-012  -6.1099104875593632E-013   1.1167657158740448E-010   3.6240933268923856E-013   2.7803967091614820E-014   1.1340484954250829E-015  -6.5069954045348945E-013   4.4828980510585857E-014   1.6448614060805222E-013  -2.4922139355611680E-014   1.6334533750081065E-015   5.6479091540203531E-015  -2.1007478323086737E-015   1.3230066094172728E-010   7.5122923867292483E-014  -9.2022826906299922E-013   2.3511034741406396E-014  -2.3463762862750722E-011  -2.1334784019605398E-012  -7.1161896078086623E-014  -2.8946359182770867E-012   1.3783047390633231E-004  -4.4597958182357642E-015   1.5238129336451411E-012   4.1421410345064376E-013   1.3712972950090090E-012   3.5641630086886302E-012  -8.5155030953353180E-004   4.1714284291261062E-012  -2.7343594862338734E-012   3.2922099895946820E-012  -8.3022739625587076E-013
