   6.3723223720049266E-006   1.3081015414032586E-017  -1.6349185102441963E-017   7.7136533351830929E-017  -2.6731397254228065E-018  -1.6296653418802150E-018  -4.5120482351964316E-019  -4.9065294884311510E-019  -2.4907159404703390E-018  -6.6862981875955123E-019  -1.9053935905366310E-005  -2.7374634101567565E-017   1.9010459638728622E-017   3.4564115017423075E-016   4.0740019164928921E-005   3.2659912461572854E-017  -2.8959310349712154E-017   1.9032128173873813E-016  -2.0224469645229399E-005  -1.9322354879808314E-017   3.1901801272052921E-017  -1.1701172409704266E-018   8.9740027030855129E-019   2.0901129631458648E-018  -4.9277820538631739E-021   2.0052934251493919E-018  -9.5231697560743041E-019   9.8960156560275354E-004   8.7567431387372416E-017  -4.2938267971269829E-016  -1.0855564250277163E-015  -2.3824805496692747E-003  -1.8279889701310589E-016   1.0231542315758413E-015   1.8870253628381489E-003  -5.0205659454354993E-016  -2.5825843582323791E-015  -1.1345933359340420E-015  -3.9848620416824684E-019   3.6502799407403207E-016   5.9505749199026205E-016  -1.7093347481008746E-015
   1.3081015414032586E-017   6.3723223720731534E-006  -1.1298624182510404E-017   7.3540045242151839E-016  -5.1189768315783284E-018  -2.2371392508437706E-018   1.3729718645638045E-018  -6.0012747090290669E-018   9.2855917798632632E-019  -4.9491078577170698E-018  -4.4580954106399009E-017  -1.9053935905519664E-005   1.6765020214620156E-017   3.2629378868982688E-015   9.1364880210983330E-017   4.0740019165177386E-005  -3.4826087980122107E-017   1.7240209622380388E-015  -4.4891652846482124E-017  -2.0224469645395376E-005  -1.4724279269196629E-016  -6.2163171370863551E-019   1.0661701439995378E-018  -7.9148498573690631E-019  -6.6694610230254920E-019  -4.6194267945882463E-019  -2.1195528643238962E-018   2.1053471205327654E-015   9.8960156560741344E-004  -3.2968169912426164E-015  -1.3964680633216230E-014  -5.0629648358999487E-015  -2.3824805496804216E-003   8.0566604678251304E-015   3.5542554971022428E-015   1.8870253628519035E-003   1.3909656196641593E-014  -1.3646103736140626E-014   1.1022450206813719E-014   4.5910496880676154E-015  -7.0665928171907293E-016  -3.6026799860662792E-015
  -1.6349185102441963E-017  -1.1298624182510404E-017   6.3723223720433031E-006  -2.2894237486842643E-016   7.7463059042245453E-020   4.4926949279120055E-019   9.8503155246079960E-019   3.7626859069724699E-018   8.6832080100455346E-020   4.4163929778665030E-018   3.3890231174864230E-017   2.4366448813054411E-017  -1.9053935905440849E-005  -7.2990909325571536E-016  -7.3613737961498477E-017  -4.8296227706779911E-017   4.0740019165061160E-005  -5.4901949334275429E-016   2.4365193068166382E-017   2.2701158186688808E-017  -2.0224469645294166E-005  -1.8165042610097758E-019   4.7081157585127531E-019  -1.2276284202712457E-018   1.0324253575287936E-018  -4.7903336272205186E-019   5.6482933556615700E-019  -2.1490979891786910E-015  -1.1648471644105903E-015   9.8960156560588819E-004   1.1463986958268433E-015   5.1865908414453095E-015   2.8051496401747677E-015  -2.3824805496767952E-003  -2.0528180437002298E-015  -2.0842182024047775E-015   1.8870253628430168E-003   1.0600718377473974E-015  -1.0805940104109070E-016  -4.7877825149447054E-016  -6.1637022838879721E-016   2.1440854075095244E-015
   7.7136533351830929E-017   7.3540045242151839E-016  -2.2894237486842643E-016   2.5944541299330073E-002   1.8145540799316037E-014  -1.8020113343456866E-016   6.7402389064347780E-017   1.7645070831406932E-014  -2.2686050851460443E-017   1.7066559754747257E-014  -1.3964687585455195E-016  -1.1806189077050078E-015   2.5649437635145457E-016   8.4774978506541629E-002   3.1383685875712981E-017   9.6132208156569309E-016  -1.8866482012894579E-016   6.7380589309395333E-002  -1.1383936008013758E-016  -3.9798018842829111E-016  -6.4612900894449616E-017   1.5675770736980942E-015   2.1394362139047480E-017   2.4092657711762225E-017   1.4702391850207722E-015  -1.5612146841955841E-017   1.7101733439483221E-015  -2.6922390204135183E-016   6.8895568262962330E-016  -4.5416033739098665E-015  -3.2943496555677014E-002   7.2271589467555599E-016  -1.4184622925306157E-015   1.1103135195390100E-014  -1.0515163055089398E-016  -5.4376780364774850E-016   2.0528702316524791E-015  -1.0980530566808278E-002   8.6230012502123889E-003   4.2833380299448984E-003  -2.7249378692245359E-004   1.1680934317251349E-004
  -2.6731397254228065E-018  -5.1189768315783284E-018   7.7463059042245453E-020   1.8145540799316037E-014   1.3028008388265722E-026  -1.7825765877985112E-028   5.3741696218543722E-029   1.2735371544134396E-026  -8.2545405754340386E-030   1.2340004048852737E-026   7.9694844414369044E-018   1.5279993225393070E-017  -1.7730540531941966E-020   6.0235940998665660E-014  -1.7117213319604705E-017  -3.2757366435000320E-017   7.4189395670102230E-019   4.6938937725977946E-014   5.2301905187337780E-018   1.2603637952863689E-017   2.9377786822867271E-017   1.5205733196599502E-027   5.4687482590017217E-029   3.0380047506249342E-029   1.4578326914219746E-027  -1.2231147078038000E-029   1.5592593974388262E-027  -4.6867382413986135E-016  -8.5490828717676477E-016   4.9950578839126834E-016  -3.7879460699446306E-014   1.1309303616869764E-015   2.0611054922276932E-015  -1.2261579994252755E-015  -4.9127343378378086E-016  -1.1796378252975678E-015  -2.7112473238171521E-015  -2.2737645718311744E-014   1.9520041731746695E-014   8.0804662588445570E-015  -1.8964163754441086E-015  -6.1619142004556524E-015
  -1.6296653418802150E-018  -2.2371392508437706E-018   4.4926949279120055E-019  -1.8020113343456866E-016  -1.7825765877985112E-028   1.5876066816467622E-029  -7.8856186634101408E-031  -1.9226112244074651E-028  -7.9801465241354103E-033  -1.9144916389141965E-028   4.8290336867996185E-018   6.6856210535570979E-018  -1.2193188956030369E-018  -7.6986523729791464E-016  -1.0469458610205287E-017  -1.4306879967265813E-017   3.0153480531026242E-018  -4.3206695900769423E-016  -8.9988410801155124E-019   6.5921850264965288E-018   1.5754167905179630E-017  -9.2960394587628168E-029  -9.9443649668538678E-030  -4.3234179477037314E-030  -8.9903100351097776E-029  -3.3833015351972031E-031  -7.6651066360546376E-029  -3.5300242864846756E-016  -3.5578087713536574E-016   3.5247904686647274E-016   3.0842038722934048E-015   8.5469405899053597E-016   8.5695234983433381E-016  -8.6227965952918064E-016   7.7850528910078947E-017  -6.1558911256173997E-016  -1.4526341881264933E-015   2.9720163700017872E-015  -2.6403576765953783E-015  -1.0069249146828859E-015   3.2455010951071119E-016  -3.9079055895644400E-016
  -4.5120482351964316E-019   1.3729718645638045E-018   9.8503155246079960E-019   6.7402389064347780E-017   5.3741696218543722E-029  -7.8856186634101408E-031   1.4728076288052487E-030   5.1143730037394184E-029   6.5289307650027710E-031   4.9438834635476673E-029   1.3778941746016809E-018  -4.0987596931443164E-018  -2.8744539971566442E-018   2.3850339820351686E-016  -2.8515323549768629E-018   8.7853711421366665E-018   6.3793347439898390E-018   1.7178517403225513E-016   5.4128427012782546E-018  -3.4468741763487003E-018   6.6928334054592146E-018   1.0358950126371536E-029   2.6046481175047333E-031  -6.1112095342530636E-031   1.2079756087004977E-029  -4.4542173707570033E-031   1.1946451554588211E-029  -4.5639097693890435E-018   2.2820373517854097E-016   3.1455231354171240E-016  -3.3750945938515864E-016   7.8176214132409916E-018  -5.5012909357942381E-016  -7.6510871044688572E-016  -5.0103309335323207E-016   3.2252408736833361E-016  -6.1458446150301767E-016  -2.9739142020653042E-016   1.2884494783555415E-016   9.7763312691671820E-017   6.3063265080573106E-017  -3.2824497587337840E-016
  -4.9065294884311510E-019  -6.0012747090290669E-018   3.7626859069724699E-018   1.7645070831406932E-014   1.2735371544134396E-026  -1.9226112244074651E-028   5.1143730037394184E-029   1.2481988384568672E-026  -8.7615579114397416E-030   1.2101744695635222E-026   1.4494842836247204E-018   1.7983898017580686E-017  -1.1351295474577876E-017   5.8800018918614914E-014  -3.1572001069611498E-018  -3.8322334258716040E-017   2.3940050184776209E-017   4.5598914889516940E-014  -8.8328060730153887E-019   2.4508490159633477E-017  -2.5854947449786008E-017   1.5853522406004648E-027   6.6927652141261739E-029   3.5489214805253023E-029   1.5179233821188713E-027  -1.1063435968175296E-029   1.5962761155595344E-027  -1.1635708828606601E-016  -8.4210405358001820E-016   3.5538689829387994E-016  -4.0457060521858087E-014   2.8207489601497494E-016   2.0230287801371690E-015  -8.4451989924761975E-016   7.9957002054662190E-017  -2.2812441025528123E-015   2.3983667993776749E-015  -2.5758073947043425E-014   2.2506912751805834E-014   9.0970421648925213E-015  -2.4418554995770903E-015  -5.5854175495199454E-015
  -2.4907159404703390E-018   9.2855917798632632E-019   8.6832080100455346E-020  -2.2686050851460443E-017  -8.2545405754340386E-030  -7.9801465241354103E-033   6.5289307650027710E-031  -8.7615579114397416E-030   1.5574099954745026E-030  -7.9432434038462756E-030   7.4165988345101539E-018  -2.7681681325148954E-018  -2.1945348284823509E-019  -5.6097572609887580E-017  -1.5959482503427406E-017   5.9461352271627260E-018   6.0147974349577270E-019  -6.2606844562656423E-017   3.6237430271955345E-018  -1.7941142625878187E-018   5.2897913220938458E-018   6.4130975952628623E-030   1.8550003396479788E-031  -8.5844085929477348E-031   6.9195941174692417E-030  -1.1403018582897527E-030   5.9734524100490150E-030  -4.5725168280749609E-016   1.6317477613171615E-016   1.0506663468500120E-016  -2.6672009191709180E-016   1.1042495974618651E-015  -3.9376384229067414E-016  -2.5738140065373998E-016  -3.4241961684171098E-016   1.6855874588923207E-016  -4.8795683646536970E-016  -2.8569751571920147E-016   3.0299352729252808E-016   9.7387261669751621E-017  -6.5547874586317607E-017  -1.5149679128222337E-017
  -6.6862981875955123E-019  -4.9491078577170698E-018   4.4163929778665030E-018   1.7066559754747257E-014   1.2340004048852737E-026  -1.9144916389141965E-028   4.9438834635476673E-029   1.2101744695635222E-026  -7.9432434038462756E-030   1.1737571731800201E-026   1.9258466925226678E-018   1.4721963685333151E-017  -1.3358937136615010E-017   5.6954173308029407E-014  -4.3594104746579917E-018  -3.1729123493524609E-017   2.8058278566372609E-017   4.4088259378744057E-014  -8.0476722780625966E-018   5.1253697165144525E-018  -3.5268202384628613E-017   1.5705300106432074E-027   6.9127908635805025E-029   3.5522363337446364E-029   1.5042012667030848E-027  -1.1003276986949590E-029   1.5738185472242587E-027  -2.7118618482455745E-016  -9.4271615165381116E-016   3.3614547862461522E-016  -4.0360848655324446E-014   6.6098333761860152E-016   2.2780301191144090E-015  -7.9235197038383219E-016   7.4064347931397304E-016  -4.8887003837256466E-016   3.2692746971873582E-015  -2.6185659974425494E-014   2.2641501246801975E-014   9.2198973311337275E-015  -2.3220673649009297E-015  -5.0440108270530882E-015
  -1.9053935905366310E-005  -4.4580954106399009E-017   3.3890231174864230E-017  -1.3964687585455195E-016   7.9694844414369044E-018   4.8290336867996185E-018   1.3778941746016809E-018   1.4494842836247204E-018   7.4165988345101539E-018   1.9258466925226678E-018   5.6982183800681439E-005   9.8174887321359621E-017  -1.1835372996304085E-017  -8.1609733413899330E-016  -1.2180688043382290E-004  -1.3277994494226440E-016  -8.0178335533353608E-018  -3.1602837066192128E-016   6.1698547026444803E-005   7.1557945977083559E-017   1.2920085952817095E-017   3.4578605528679471E-018  -2.6903522758607815E-018  -6.2563748716582194E-018   1.8533641495830538E-020  -5.9646408183934936E-018   2.8504966343133137E-018  -2.9388549176592453E-003  -1.1751079954944149E-015  -1.9467040589391138E-017   4.4725213173372664E-015   7.0743614489804235E-003   2.7480761520396841E-015   3.0025941551625449E-017  -5.7554923469040854E-003   2.1116873366204669E-016  -2.3301036757556837E-015   4.6913477687711689E-015  -1.3338705046731434E-015  -1.5332442681927507E-015  -1.5013028510308146E-015   1.1956450039889358E-015
  -2.7374634101567565E-017  -1.9053935905519664E-005   2.4366448813054411E-017  -1.1806189077050078E-015   1.5279993225393070E-017   6.6856210535570979E-018  -4.0987596931443164E-018   1.7983898017580686E-017  -2.7681681325148954E-018   1.4721963685333151E-017   9.8174887321359621E-017   5.6982183800989034E-005  -2.3196895161567685E-017  -5.7599893120337316E-015  -1.9820667241191185E-016  -1.2180688043424188E-004   4.2755258022564150E-017  -2.6418133049349805E-015   9.7032019449177246E-017   6.1698547026817064E-005   3.1465011187813575E-016   1.8179411236445824E-018  -3.2044713327093461E-018   2.3880499161042985E-018   1.9280106747777718E-018   1.3675323397548617E-018   6.2700182768249767E-018  -4.4773300255446932E-015  -2.9388549176646819E-003   5.8410429199775035E-015   3.0077986710168035E-014   1.0762298023791806E-014   7.0743614489932665E-003  -1.4295847026689915E-014  -7.1662989107860714E-015  -5.7554923469334239E-003  -3.0043575971085443E-014   2.9782089287260117E-014  -2.3675207966416148E-014  -1.0000551533397438E-014   1.2803120518852118E-015   6.3895428247030684E-015
   1.9010459638728622E-017   1.6765020214620156E-017  -1.9053935905440849E-005   2.5649437635145457E-016  -1.7730540531941966E-020  -1.2193188956030369E-018  -2.8744539971566442E-018  -1.1351295474577876E-017  -2.1945348284823509E-019  -1.3358937136615010E-017  -1.1835372996304085E-017  -2.3196895161567685E-017   5.6982183800785400E-005   5.6771768559005258E-016   2.7641553731272952E-017   4.0226549629514515E-017  -1.2180688043396192E-004   5.7042963256942001E-016  -1.5022854963748642E-017  -3.0118747368933387E-017   6.1698547026603422E-005   3.5019748813217315E-019  -1.5065287198715549E-018   3.6187271800007527E-018  -3.0562158436257227E-018   1.4016476593575248E-018  -1.5541829793440795E-018   1.1499147767752564E-015   7.8009463936263064E-016  -2.9388549176608877E-003   1.7483722558705703E-016  -2.7758773165004798E-015  -1.8715455240672223E-015   7.0743614489842226E-003   7.4134928170009173E-016   2.8981872324470169E-015  -5.7554923469151495E-003   2.6380478712767786E-016  -1.2130709531068861E-015   3.1630894681903012E-016   1.1597126677697691E-015  -3.5318970869954739E-015
   3.4564115017423075E-016   3.2629378868982688E-015  -7.2990909325571536E-016   8.4774978506541629E-002   6.0235940998665660E-014  -7.6986523729791464E-016   2.3850339820351686E-016   5.8800018918614914E-014  -5.6097572609887580E-017   5.6954173308029407E-014  -8.1609733413899330E-016  -5.7599893120337316E-015   5.6771768559005258E-016  0.28039261117159703        5.9984745645751217E-016   5.4634812930148441E-015   5.6497253653425042E-017  0.21954888566042885       -7.1183241630618675E-016  -3.0893654585630326E-015  -3.6037428215188603E-016   6.5621936214668415E-015   2.0435490815977724E-016   1.3477161653655454E-016   6.2470810779631473E-015  -5.8134627272947996E-017   6.8189888935981502E-015   2.0475353670133933E-015   4.2462645207151289E-015   6.8416869463544528E-015 -0.15582208873812953       -4.7466379887342566E-015  -7.2391889065921590E-015  -1.5186328475989388E-014   1.4359388636878554E-016   6.6573044416580424E-015  -1.0277488322753917E-014  -8.6748004442629534E-002   5.2549499850805821E-002   3.0510219900364649E-002   8.0666163546883711E-003  -6.4215162608080210E-004
   4.0740019164928921E-005   9.1364880210983330E-017  -7.3613737961498477E-017   3.1383685875712981E-017  -1.7117213319604705E-017  -1.0469458610205287E-017  -2.8515323549768629E-018  -3.1572001069611498E-018  -1.5959482503427406E-017  -4.3594104746579917E-018  -1.2180688043382290E-004  -1.9820667241191185E-016   2.7641553731272952E-017   5.9984745645751217E-016   2.6047397246736542E-004   2.5801419741383604E-016   1.2013041465711495E-017   3.3036516340892728E-017  -1.2788779703946018E-004  -1.5725673420338495E-016  -5.4784359325796154E-017  -7.5280668512813059E-018   5.7292237095507833E-018   1.3354932360377632E-017  -2.7123792280069576E-020   1.2856609450714338E-017  -6.0850061498415102E-018   6.3500455116214764E-003   1.6036497808004747E-015  -5.5783588790830293E-016  -5.2161354034831219E-015  -1.5288954499078808E-002  -3.6744392559915129E-015   1.4030243150408392E-015   1.1933874351171273E-002  -7.3081017587586620E-017   7.4599031286095197E-015  -5.7453578037135891E-015   9.9044604767979454E-017   1.8562764525077767E-015   2.9303724197111857E-015   1.0380660833675954E-015
   3.2659912461572854E-017   4.0740019165177386E-005  -4.8296227706779911E-017   9.6132208156569309E-016  -3.2757366435000320E-017  -1.4306879967265813E-017   8.7853711421366665E-018  -3.8322334258716040E-017   5.9461352271627260E-018  -3.1729123493524609E-017  -1.3277994494226440E-016  -1.2180688043424188E-004   4.0226549629514515E-017   5.4634812930148441E-015   2.5801419741383604E-016   2.6047397246775340E-004  -6.3988218733161042E-017   1.9330386699268613E-015  -1.4445549641323145E-016  -1.2788779703994620E-004  -3.6030209849050334E-016  -4.0213182030168561E-018   6.7972856473081948E-018  -5.0354773606514660E-018  -4.3403450484098757E-018  -2.9691560134745411E-018  -1.3628927367242427E-017   5.2211454175066916E-015   6.3500455116218052E-003  -6.5422952556656226E-015  -3.4949145509070826E-014  -1.2518165568264382E-014  -1.5288954499079129E-002   1.5991719873612621E-014   9.3925438647757082E-015   1.1933874351205735E-002   3.5355002883342231E-014  -3.5225479309151678E-014   2.5378305198322680E-014   1.1745343550843584E-014   3.1289548592222493E-016  -4.7270338558601936E-015
  -2.8959310349712154E-017  -3.4826087980122107E-017   4.0740019165061160E-005  -1.8866482012894579E-016   7.4189395670102230E-019   3.0153480531026242E-018   6.3793347439898390E-018   2.3940050184776209E-017   6.0147974349577270E-019   2.8058278566372609E-017  -8.0178335533353608E-018   4.2755258022564150E-017  -1.2180688043396192E-004   5.6497253653425042E-017   1.2013041465711495E-017  -6.3988218733161042E-017   2.6047397246748441E-004  -2.9508157774816225E-016   2.0976345767918164E-017   4.1829775114907055E-017  -1.2788779703971180E-004  -1.3838508289968053E-018   2.8961533804559842E-018  -7.9085494948667500E-018   6.6361534696542102E-018  -3.0980109120074229E-018   3.7664610166275906E-018  -3.0851046933457918E-016  -1.1444912940997393E-015   6.3500455116206741E-003  -1.7839447194929327E-015   7.4061045721184916E-016   2.7432223435564354E-015  -1.5288954499076555E-002  -3.9945295580992514E-016  -3.4334871286776512E-015   1.1933874351187188E-002  -1.8179600699122582E-015   2.3566941120528142E-015  -2.6468906036222687E-016  -1.6398406059745656E-015   3.2225721272521255E-015
   1.9032128173873813E-016   1.7240209622380388E-015  -5.4901949334275429E-016   6.7380589309395333E-002   4.6938937725977946E-014  -4.3206695900769423E-016   1.7178517403225513E-016   4.5598914889516940E-014  -6.2606844562656423E-017   4.4088259378744057E-014  -3.1602837066192128E-016  -2.6418133049349805E-015   5.7042963256942001E-016  0.21954888566042885        3.3036516340892728E-017   1.9330386699268613E-015  -2.9508157774816225E-016  0.17511233492585201       -2.4802840175579079E-016  -6.8921553695643263E-016  -7.5323504625085122E-017   3.8015795456285831E-015   2.9640629901843883E-017   5.2199200296240540E-017   3.5480249975529262E-015  -3.9198969088595656E-017   4.2125958854177585E-015  -1.8132046118501050E-016  -2.3371868024250320E-015  -4.3806740179144706E-015  -7.6274950183176926E-002   6.4087597839744436E-016   5.8886898062779656E-015   1.0666473415428194E-014   4.1602725244944800E-016  -3.5831948127166741E-015   2.9746015118892729E-015  -1.8912515080537845E-002   1.5817386894661965E-002   7.9445548322928244E-003  -1.0220012242609456E-003   3.3121976031663474E-004
  -2.0224469645229399E-005  -4.4891652846482124E-017   2.4365193068166382E-017  -1.1383936008013758E-016   5.2301905187337780E-018  -8.9988410801155124E-019   5.4128427012782546E-018  -8.8328060730153887E-019   3.6237430271955345E-018  -8.0476722780625966E-018   6.1698547026444803E-005   9.7032019449177246E-017  -1.5022854963748642E-017  -7.1183241630618675E-016  -1.2788779703946018E-004  -1.4445549641323145E-016   2.0976345767918164E-017  -2.4802840175579079E-016   2.3387408578161363E-004   8.5444674035386146E-017   2.1977166118405931E-017  -1.9532090008510353E-018  -3.8215326232036764E-018  -7.5629370859676399E-018   5.4179837030853567E-019  -2.0149714149512026E-018   3.4331722086136290E-018  -3.4850931229242737E-004  -1.3389692715963380E-015   1.3166544829916856E-015   4.2697255939473709E-015   7.0391465007404400E-004   3.1141379725696412E-015  -3.1867735021393534E-015  -2.1650595127451332E-002  -7.1608068798807748E-016  -4.3274642555551328E-015   4.6778962318579477E-015   5.6243801176189834E-016  -1.5616171493081767E-015  -2.9044261492351690E-015  -5.6340053910428231E-016
  -1.9322354879808314E-017  -2.0224469645395376E-005   2.2701158186688808E-017  -3.9798018842829111E-016   1.2603637952863689E-017   6.5921850264965288E-018  -3.4468741763487003E-018   2.4508490159633477E-017  -1.7941142625878187E-018   5.1253697165144525E-018   7.1557945977083559E-017   6.1698547026817064E-005  -3.0118747368933387E-017  -3.0893654585630326E-015  -1.5725673420338495E-016  -1.2788779703994620E-004   4.1829775114907055E-017  -6.8921553695643263E-016   8.5444674035386146E-017   2.3387408578226851E-004   2.6532602659551880E-016  -3.6784993057810850E-018  -5.6699685632578214E-018   5.4791720620472697E-018  -7.0560425070249328E-018  -4.3496881795082780E-019  -2.6458021692735546E-018  -3.8605376490364512E-015  -3.4850931229106198E-004   5.0707148854472145E-015   2.5759055110706763E-014   9.2820129584217068E-015   7.0391465006986505E-004  -1.2378882384545334E-014  -7.2691795954825119E-015  -2.1650595127481700E-002  -2.7855212085955563E-014   2.6328360476178766E-014  -1.7251462266050318E-014  -8.7309965641052242E-015  -1.4378161475810835E-015  -4.1407574096868588E-016
   3.1901801272052921E-017  -1.4724279269196629E-016  -2.0224469645294166E-005  -6.4612900894449616E-017   2.9377786822867271E-017   1.5754167905179630E-017   6.6928334054592146E-018  -2.5854947449786008E-017   5.2897913220938458E-018  -3.5268202384628613E-017   1.2920085952817095E-017   3.1465011187813575E-016   6.1698547026603422E-005  -3.6037428215188603E-016  -5.4784359325796154E-017  -3.6030209849050334E-016  -1.2788779703971180E-004  -7.5323504625085122E-017   2.1977166118405931E-017   2.6532602659551880E-016   2.3387408578208157E-004  -2.6147608442713575E-017  -1.5171059086888306E-017  -3.3077353306301521E-018   9.9568401165565536E-019  -2.7334834018700002E-018   1.6865508007765737E-017   4.3902989529100233E-016  -9.5693012761939147E-019  -3.4850931229143717E-004   5.2554517193419444E-015  -1.0151554876966821E-015  -3.7660603612349451E-016   7.0391465007087943E-004   2.3222845094787873E-015   3.3786489955935109E-015  -2.1650595127472996E-002   5.3184775458963235E-015  -4.3716524067783365E-015  -4.3129574183086067E-016   1.7273812741715135E-015  -1.3370832472512205E-015
  -1.1701172409704266E-018  -6.2163171370863551E-019  -1.8165042610097758E-019   1.5675770736980942E-015   1.5205733196599502E-027  -9.2960394587628168E-029   1.0358950126371536E-029   1.5853522406004648E-027   6.4130975952628623E-030   1.5705300106432074E-027   3.4578605528679471E-018   1.8179411236445824E-018   3.5019748813217315E-019   6.5621936214668415E-015  -7.5280668512813059E-018  -4.0213182030168561E-018  -1.3838508289968053E-018   3.8015795456285831E-015  -1.9532090008510353E-018  -3.6784993057810850E-018  -2.6147608442713575E-017   7.2267726929717242E-028   6.2826816494459052E-029   2.5875157503903120E-029   7.1268179658639381E-028  -2.9256852918557731E-030   6.3039717934748409E-028  -2.7496842317551727E-016  -1.8953541259851818E-016  -4.6797247971896292E-016  -2.3064987867398600E-014   6.6650335946879307E-016   4.6080977330949537E-016   1.1479321063635689E-015   1.7653790148265117E-016   3.3753010651376162E-016   2.4127772375981681E-015  -2.2659618829277100E-014   1.3686041209191392E-014   7.4818450812093719E-015   2.0328547309952500E-015  -2.7887606103109211E-015
   8.9740027030855129E-019   1.0661701439995378E-018   4.7081157585127531E-019   2.1394362139047480E-017   5.4687482590017217E-029  -9.9443649668538678E-030   2.6046481175047333E-031   6.6927652141261739E-029   1.8550003396479788E-031   6.9127908635805025E-029  -2.6903522758607815E-018  -3.2044713327093461E-018  -1.5065287198715549E-018   2.0435490815977724E-016   5.7292237095507833E-018   6.7972856473081948E-018   2.8961533804559842E-018   2.9640629901843883E-017  -3.8215326232036764E-018  -5.6699685632578214E-018  -1.5171059086888306E-017   6.2826816494459052E-029   7.3624169669254655E-030   2.8168763389704030E-030   6.0591286006395245E-029   3.8568775214179799E-031   4.9765268963329012E-029   1.2334609066893895E-016   1.2795264570405481E-016  -1.5194494604425325E-016  -2.0710285677663059E-015  -2.9618243080147116E-016  -3.0622735623226225E-016   3.7670104573135482E-016   3.5558474326330771E-016   5.2672985513750053E-016   1.4017542200990902E-015  -2.1100675811295467E-015   1.5995466817022034E-015   7.0392998838373265E-016  -3.7159202207990931E-017  -5.5733243612525139E-016
   2.0901129631458648E-018  -7.9148498573690631E-019  -1.2276284202712457E-018   2.4092657711762225E-017   3.0380047506249342E-029  -4.3234179477037314E-030  -6.1112095342530636E-031   3.5489214805253023E-029  -8.5844085929477348E-031   3.5522363337446364E-029  -6.2563748716582194E-018   2.3880499161042985E-018   3.6187271800007527E-018   1.3477161653655454E-016   1.3354932360377632E-017  -5.0354773606514660E-018  -7.9085494948667500E-018   5.2199200296240540E-017  -7.5629370859676399E-018   5.4791720620472697E-018  -3.3077353306301521E-018   2.5875157503903120E-029   2.8168763389704030E-030   2.3718089376837567E-030   2.4626244677765490E-029   7.1136475532850373E-031   2.0766239042329194E-029   3.0929508202639302E-016  -7.4088631628684714E-017  -3.0919295991207629E-016  -8.3854087207644052E-016  -7.4389246405658655E-016   1.7600663425289273E-016   7.5012345438662073E-016   7.0471733023651838E-016  -5.0824225638510696E-016   3.0137348981383303E-016  -8.5916950351081561E-016   4.5064601036847906E-016   2.8066886587380845E-016   1.2354461712738359E-016   2.5574177804481911E-016
  -4.9277820538631739E-021  -6.6694610230254920E-019   1.0324253575287936E-018   1.4702391850207722E-015   1.4578326914219746E-027  -8.9903100351097776E-029   1.2079756087004977E-029   1.5179233821188713E-027   6.9195941174692417E-030   1.5042012667030848E-027   1.8533641495830538E-020   1.9280106747777718E-018  -3.0562158436257227E-018   6.2470810779631473E-015  -2.7123792280069576E-020  -4.3403450484098757E-018   6.6361534696542102E-018   3.5480249975529262E-015   5.4179837030853567E-019  -7.0560425070249328E-018   9.9568401165565536E-019   7.1268179658639381E-028   6.0591286006395245E-029   2.4626244677765490E-029   7.0952702005044184E-028  -3.2832257253279576E-030   6.2858558029525386E-028   7.8930086137984942E-018  -2.5451886850592407E-016   2.3063739854157423E-016  -2.3005248848584424E-014  -1.9421534847143650E-017   6.2006259928173208E-016  -5.5866524082982057E-016  -5.0022351239861633E-017   6.4912395942668218E-016  -8.8600687007064498E-017  -2.2676973555543324E-014   1.3764285661657647E-014   7.4873036648824157E-015   1.9857792880146046E-015  -2.4465388938414011E-015
   2.0052934251493919E-018  -4.6194267945882463E-019  -4.7903336272205186E-019  -1.5612146841955841E-017  -1.2231147078038000E-029  -3.3833015351972031E-031  -4.4542173707570033E-031  -1.1063435968175296E-029  -1.1403018582897527E-030  -1.1003276986949590E-029  -5.9646408183934936E-018   1.3675323397548617E-018   1.4016476593575248E-018  -5.8134627272947996E-017   1.2856609450714338E-017  -2.9691560134745411E-018  -3.0980109120074229E-018  -3.9198969088595656E-017  -2.0149714149512026E-018  -4.3496881795082780E-019  -2.7334834018700002E-018  -2.9256852918557731E-030   3.8568775214179799E-031   7.1136475532850373E-031  -3.2832257253279576E-030   1.1702110619769998E-030  -3.8137763037648709E-030   3.8298835468190913E-016  -1.0302176697168584E-016  -1.4439202439110533E-016   1.2521268438617614E-016  -9.2551378666023709E-016   2.4954034163540105E-016   3.5101343801286567E-016   1.9238326459447477E-016   3.8670691205494249E-017   2.5076312401421031E-016   1.1715461270458333E-016  -5.2436326734343731E-017  -3.8194356594242551E-017  -2.1636059577287377E-017  -6.4025935012697712E-016
  -9.5231697560743041E-019  -2.1195528643238962E-018   5.6482933556615700E-019   1.7101733439483221E-015   1.5592593974388262E-027  -7.6651066360546376E-029   1.1946451554588211E-029   1.5962761155595344E-027   5.9734524100490150E-030   1.5738185472242587E-027   2.8504966343133137E-018   6.2700182768249767E-018  -1.5541829793440795E-018   6.8189888935981502E-015  -6.0850061498415102E-018  -1.3628927367242427E-017   3.7664610166275906E-018   4.2125958854177585E-015   3.4331722086136290E-018  -2.6458021692735546E-018   1.6865508007765737E-017   6.3039717934748409E-028   4.9765268963329012E-029   2.0766239042329194E-029   6.2858558029525386E-028  -3.8137763037648709E-030   5.6690571706074477E-028  -1.4113333133542075E-016  -4.8339592657386405E-016   3.9474827407341470E-016  -2.0030647325361939E-014   3.3945354047923746E-016   1.1712468350825959E-015  -9.6522052178453968E-016  -3.1991551612960636E-016   2.3742921340082949E-016  -1.5548388531228363E-015  -1.9429876802360075E-014   1.1071912258036161E-014   6.4032962591775017E-015   2.2048866653650486E-015  -1.4193442135940834E-015
   9.8960156560275354E-004   2.1053471205327654E-015  -2.1490979891786910E-015  -2.6922390204135183E-016  -4.6867382413986135E-016  -3.5300242864846756E-016  -4.5639097693890435E-018  -1.1635708828606601E-016  -4.5725168280749609E-016  -2.7118618482455745E-016  -2.9388549176592453E-003  -4.4773300255446932E-015   1.1499147767752564E-015   2.0475353670133933E-015   6.3500455116214764E-003   5.2211454175066916E-015  -3.0851046933457918E-016  -1.8132046118501050E-016  -3.4850931229242737E-004  -3.8605376490364512E-015   4.3902989529100233E-016  -2.7496842317551727E-016   1.2334609066893895E-016   3.0929508202639302E-016   7.8930086137984942E-018   3.8298835468190913E-016  -1.4113333133542075E-016  0.19963087969394763        2.3215868648774442E-015  -2.0870553007167044E-016  -2.0082246957079910E-016 -0.48283792161002442       -9.0169140563035529E-016   1.1066587099831104E-015   3.5328114724206508E-002   4.3496391460331681E-016  -5.6399180573159235E-016  -8.3711289695642640E-016  -9.8556197663907372E-016   5.2004679802031611E-016   1.3735213731968663E-015  -1.8484819394863983E-016
   8.7567431387372416E-017   9.8960156560741344E-004  -1.1648471644105903E-015   6.8895568262962330E-016  -8.5490828717676477E-016  -3.5578087713536574E-016   2.2820373517854097E-016  -8.4210405358001820E-016   1.6317477613171615E-016  -9.4271615165381116E-016  -1.1751079954944149E-015  -2.9388549176646819E-003   7.8009463936263064E-016   4.2462645207151289E-015   1.6036497808004747E-015   6.3500455116218052E-003  -1.1444912940997393E-015  -2.3371868024250320E-015  -1.3389692715963380E-015  -3.4850931229106198E-004  -9.5693012761939147E-019  -1.8953541259851818E-016   1.2795264570405481E-016  -7.4088631628684714E-017  -2.5451886850592407E-016  -1.0302176697168584E-016  -4.8339592657386405E-016   2.3215868648774442E-015  0.19963087969394464       -2.4327576727044220E-015  -1.0514719498213650E-014  -4.0074659231610275E-015 -0.48283792161001987        4.9527404517329870E-015   4.1034823065263620E-015   3.5328114724229073E-002   1.3578191035914983E-014  -1.2163419385322216E-014   5.7938282893989653E-015   4.1749091126513631E-015   2.2272224417938219E-015   2.9999732359540455E-015
  -4.2938267971269829E-016  -3.2968169912426164E-015   9.8960156560588819E-004  -4.5416033739098665E-015   4.9950578839126834E-016   3.5247904686647274E-016   3.1455231354171240E-016   3.5538689829387994E-016   1.0506663468500120E-016   3.3614547862461522E-016  -1.9467040589391138E-017   5.8410429199775035E-015  -2.9388549176608877E-003   6.8416869463544528E-015  -5.5783588790830293E-016  -6.5422952556656226E-015   6.3500455116206741E-003  -4.3806740179144706E-015   1.3166544829916856E-015   5.0707148854472145E-015  -3.4850931229143717E-004  -4.6797247971896292E-016  -1.5194494604425325E-016  -3.0919295991207629E-016   2.3063739854157423E-016  -1.4439202439110533E-016   3.9474827407341470E-016  -2.0870553007167044E-016  -2.4327576727044220E-015  0.19963087969394414       -4.6104758593472972E-015   9.0942878228084112E-016  -7.4711133928083928E-016 -0.48283792161001926       -1.4591023430720468E-015  -2.4449143564318738E-015   3.5328114724226957E-002  -5.9461080027388827E-015   4.5823193046630144E-015  -5.1871747958775204E-015  -7.2808930270343548E-015   2.3135627708667179E-015
  -1.0855564250277163E-015  -1.3964680633216230E-014   1.1463986958268433E-015  -3.2943496555677014E-002  -3.7879460699446306E-014   3.0842038722934048E-015  -3.3750945938515864E-016  -4.0457060521858087E-014  -2.6672009191709180E-016  -4.0360848655324446E-014   4.4725213173372664E-015   3.0077986710168035E-014   1.7483722558705703E-016 -0.15582208873812953       -5.2161354034831219E-015  -3.4949145509070826E-014  -1.7839447194929327E-015  -7.6274950183176926E-002   4.2697255939473709E-015   2.5759055110706763E-014   5.2554517193419444E-015  -2.3064987867398600E-014  -2.0710285677663059E-015  -8.3854087207644052E-016  -2.3005248848584424E-014   1.2521268438617614E-016  -2.0030647325361939E-014  -2.0082246957079910E-016  -1.0514719498213650E-014  -4.6104758593472972E-015  0.77349103066580349        1.5497712020148313E-015  -5.8814314233857117E-015  -5.7640900424502818E-015  -2.2103294689604612E-016  -2.0703879457636663E-015   2.6664256032313203E-016  0.76667317200362128      -0.57105655950455769      -0.25601707198767587        6.8356501577074135E-003  -8.8485345988909459E-004
  -2.3824805496692747E-003  -5.0629648358999487E-015   5.1865908414453095E-015   7.2271589467555599E-016   1.1309303616869764E-015   8.5469405899053597E-016   7.8176214132409916E-018   2.8207489601497494E-016   1.1042495974618651E-015   6.6098333761860152E-016   7.0743614489804235E-003   1.0762298023791806E-014  -2.7758773165004798E-015  -4.7466379887342566E-015  -1.5288954499078808E-002  -1.2518165568264382E-014   7.4061045721184916E-016   6.4087597839744436E-016   7.0391465007404400E-004   9.2820129584217068E-015  -1.0151554876966821E-015   6.6650335946879307E-016  -2.9618243080147116E-016  -7.4389246405658655E-016  -1.9421534847143650E-017  -9.2551378666023709E-016   3.3945354047923746E-016 -0.48283792161002442       -4.0074659231610275E-015   9.0942878228084112E-016   1.5497712020148313E-015   1.1679004572746299       -1.6341031032099230E-015  -3.6917626074217669E-015  -7.2581111780301799E-002   1.6303352983279661E-016  -1.6152003508556473E-015   2.8916900851906644E-015  -1.2935306943030524E-015  -1.5633494950885693E-015  -1.1246009748589596E-015   2.0650870200104130E-016
  -1.8279889701310589E-016  -2.3824805496804216E-003   2.8051496401747677E-015  -1.4184622925306157E-015   2.0611054922276932E-015   8.5695234983433381E-016  -5.5012909357942381E-016   2.0230287801371690E-015  -3.9376384229067414E-016   2.2780301191144090E-015   2.7480761520396841E-015   7.0743614489932665E-003  -1.8715455240672223E-015  -7.2391889065921590E-015  -3.6744392559915129E-015  -1.5288954499079129E-002   2.7432223435564354E-015   5.8886898062779656E-015   3.1141379725696412E-015   7.0391465006986505E-004  -3.7660603612349451E-016   4.6080977330949537E-016  -3.0622735623226225E-016   1.7600663425289273E-016   6.2006259928173208E-016   2.4954034163540105E-016   1.1712468350825959E-015  -9.0169140563035529E-016 -0.48283792161001987       -7.4711133928083928E-016  -5.8814314233857117E-015  -1.6341031032099230E-015   1.1679004572746261        4.2639841335612916E-015   1.3663144457218220E-015  -7.2581111780293472E-002   4.1248154797947801E-015  -3.3441304224130104E-015   1.9142462558297750E-015   5.6785490470279217E-016   2.1635497809327351E-016   2.6345585566472514E-015
   1.0231542315758413E-015   8.0566604678251304E-015  -2.3824805496767952E-003   1.1103135195390100E-014  -1.2261579994252755E-015  -8.6227965952918064E-016  -7.6510871044688572E-016  -8.4451989924761975E-016  -2.5738140065373998E-016  -7.9235197038383219E-016   3.0025941551625449E-017  -1.4295847026689915E-014   7.0743614489842226E-003  -1.5186328475989388E-014   1.4030243150408392E-015   1.5991719873612621E-014  -1.5288954499076555E-002   1.0666473415428194E-014  -3.1867735021393534E-015  -1.2378882384545334E-014   7.0391465007087943E-004   1.1479321063635689E-015   3.7670104573135482E-016   7.5012345438662073E-016  -5.5866524082982057E-016   3.5101343801286567E-016  -9.6522052178453968E-016   1.1066587099831104E-015   4.9527404517329870E-015 -0.48283792161001926       -5.7640900424502818E-015  -3.6917626074217669E-015   4.2639841335612916E-015   1.1679004572746261        1.0286368111456223E-015  -6.2919317892881563E-016  -7.2581111780293084E-002  -2.9381100810482900E-015   1.6394754016938725E-015   1.7509776244234752E-014   1.6750634972831710E-014  -3.7024820158016182E-015
   1.8870253628381489E-003   3.5542554971022428E-015  -2.0528180437002298E-015  -1.0515163055089398E-016  -4.9127343378378086E-016   7.7850528910078947E-017  -5.0103309335323207E-016   7.9957002054662190E-017  -3.4241961684171098E-016   7.4064347931397304E-016  -5.7554923469040854E-003  -7.1662989107860714E-015   7.4134928170009173E-016   1.4359388636878554E-016   1.1933874351171273E-002   9.3925438647757082E-015  -3.9945295580992514E-016   4.1602725244944800E-016  -2.1650595127451332E-002  -7.2691795954825119E-015   2.3222845094787873E-015   1.7653790148265117E-016   3.5558474326330771E-016   7.0471733023651838E-016  -5.0022351239861633E-017   1.9238326459447477E-016  -3.1991551612960636E-016   3.5328114724206508E-002   4.1034823065263620E-015  -1.4591023430720468E-015  -2.2103294689604612E-016  -7.2581111780301799E-002   1.3663144457218220E-015   1.0286368111456223E-015   2.0043234135285037       -1.8587167276434862E-016  -1.9730531363457496E-016  -5.6527695549761463E-018  -2.4558419698835445E-016   1.1813477443816796E-014   1.2015866338885065E-014  -3.0185814949354577E-015
  -5.0205659454354993E-016   1.8870253628519035E-003  -2.0842182024047775E-015  -5.4376780364774850E-016  -1.1796378252975678E-015  -6.1558911256173997E-016   3.2252408736833361E-016  -2.2812441025528123E-015   1.6855874588923207E-016  -4.8887003837256466E-016   2.1116873366204669E-016  -5.7554923469334239E-003   2.8981872324470169E-015   6.6573044416580424E-015  -7.3081017587586620E-017   1.1933874351205735E-002  -3.4334871286776512E-015  -3.5831948127166741E-015  -7.1608068798807748E-016  -2.1650595127481700E-002   3.3786489955935109E-015   3.3753010651376162E-016   5.2672985513750053E-016  -5.0824225638510696E-016   6.4912395942668218E-016   3.8670691205494249E-017   2.3742921340082949E-016   4.3496391460331681E-016   3.5328114724229073E-002  -2.4449143564318738E-015  -2.0703879457636663E-015   1.6303352983279661E-016  -7.2581111780293472E-002  -6.2919317892881563E-016  -1.8587167276434862E-016   2.0043234135285197        3.1320839986315093E-017   1.7995994358430261E-015  -2.9015382925161322E-016   2.1987252168432771E-015   2.3670226438464174E-015  -1.1845668884990919E-015
