   1.7644695814852027E-032  -5.6035519804631504E-033  -7.1777441667813890E-032   1.4866292139527535E-032  -1.7306508717772989E-032  -4.3443652276822065E-032  -5.7956161076070442E-032  -3.6512969239822425E-032  -7.8898107881585938E-032  -1.9921580724687977E-018  -9.9398097867071726E-032   3.0673774866510778E-032  -2.5459016173072135E-032   2.3256704562892754E-017  -9.2720110699722955E-018  -5.5017555639275723E-032   2.1900503991933258E-032  -2.6695812444528699E-034  -8.4305055347581301E-032   3.1690583887152513E-032  -8.7021371788422462E-032   2.4281954184745756E-032   6.8072548808428037E-033  -1.1124751408316231E-031   1.2639843128961507E-016   8.0271431041832534E-017
  -5.6035519804631504E-033   7.9889935535193631E-032   6.5108583075183254E-032  -1.2573116058882017E-030   1.1209145970769035E-031   5.0085417428751996E-032  -1.0970292776472091E-030   5.7329888699362696E-032  -9.7530295250968463E-031   5.0026247015019421E-017   2.2081888128652593E-032  -1.1210481202115946E-031   7.7669362022209220E-032   1.4750803390448080E-016   1.0714614219012748E-016  -6.3460858360901481E-031  -4.2522873486814199E-032  -1.2532244963878154E-032  -3.8275389241311914E-031  -2.2367968152698072E-032  -4.9190643741107836E-031   2.8293970848586304E-033   1.0153950502879786E-032  -3.4797363501899773E-032  -1.2606392577294342E-016  -6.3832037071930642E-017
  -7.1777441667813890E-032   6.5108583075183254E-032   3.1490787892923086E-031  -7.3902444646622514E-031   1.2814619659126923E-031   1.9638407475703276E-031  -3.6848808710040552E-031   1.7330730554759674E-031  -2.2095923195196334E-031   3.4861303289365025E-017   3.9920680107243853E-031  -1.8023091086813049E-031   1.4126048799458600E-031  -1.0698115064109611E-017   9.4165665952414982E-017  -1.2943549485946847E-031  -1.0835744800372516E-031  -5.7488874586286094E-033   1.2109949993386849E-031  -1.3558033049222828E-031   7.2552211053408613E-032  -9.3067240359493768E-032  -2.1019791926073001E-032   4.1455844590175732E-031  -5.6072612149507833E-016  -3.4730805315668087E-016
   1.4866292139527535E-032  -1.2573116058882017E-030  -7.3902444646622514E-031   2.0099264541131361E-029  -1.7239606817609097E-030  -6.1853431807028836E-031   1.7838460261473389E-029  -7.6416447270679860E-031   1.5975444616113454E-029  -7.9376182419519747E-016   6.8351281257246368E-032   1.6673614947835181E-030  -1.1373128098301826E-030  -2.4643075183846571E-015  -1.6788048561007234E-015   1.0410518823314344E-029   5.8882244953786566E-031   2.0210369489306588E-031   6.4962141075515906E-030   2.2400556437659955E-031   8.2581465257083126E-030  -1.4857537344723072E-031  -1.9176243451165142E-031   1.0308381804089227E-030   1.4843649038226731E-015   6.8245255544179130E-016
  -1.7306508717772989E-032   1.1209145970769035E-031   1.2814619659126923E-031  -1.7239606817609097E-030   1.6244279868183312E-031   9.2133294892652117E-032  -1.4653611310492086E-030   9.8225487250110434E-032  -1.2877796704970235E-030   6.9360183371570283E-017   8.4549481054430952E-032  -1.6977884710589613E-031   1.1993084823554452E-031   1.8856884710919285E-016   1.5129560965787323E-016  -8.3591570536457122E-031  -7.0019214432779941E-032  -1.6956301878780165E-032  -4.7618254330654978E-031  -4.7873829321895424E-032  -6.2365330606938435E-031  -9.4317964348683456E-033   1.0130257078896381E-032   1.3414654743788275E-032  -2.4123237505563998E-016  -1.3105410740000414E-016
  -4.3443652276822065E-032   5.0085417428751996E-032   1.9638407475703276E-031  -6.1853431807028836E-031   9.2133294892652117E-032   1.2382330347828669E-031  -3.7551541572527298E-031   1.1114722688189515E-031  -2.7049136171592121E-031   2.7852355436664013E-017   2.4032528658949435E-031  -1.2307931755628134E-031   9.5011154029001816E-032   1.4699765254190381E-017   7.1239172040223664E-017  -1.6748457814971675E-031  -7.0446195888724778E-032  -5.2043604203872055E-033   1.7311408636635425E-032  -8.3742660122963542E-032  -2.7111769163880213E-032  -5.4888423460776281E-032  -1.1038697411166175E-032   2.4132679682412347E-031  -3.5112837352604337E-016  -2.1545116690943076E-016
  -5.7956161076070442E-032  -1.0970292776472091E-030  -3.6848808710040552E-031   1.7838460261473389E-029  -1.4653611310492086E-030  -3.7551541572527298E-031   1.6119040025479191E-029  -5.3316405676743472E-031   1.4544518747679310E-029  -6.9880868466280816E-016   4.6192863601515683E-031   1.3610237982505156E-030  -9.1005518992359372E-031  -2.2883104208706309E-015  -1.4575681738833432E-015   9.4925829943189617E-030   4.3598143102681593E-031   1.8105098537618115E-031   6.1250572689097418E-030   7.1609081511278413E-032   7.7050224753541232E-030  -2.3028205626658962E-031  -1.9823152866471420E-031   1.3668368185456246E-030   8.1182521191023151E-016   2.8383825899073019E-016
  -3.6512969239822425E-032   5.7329888699362696E-032   1.7330730554759674E-031  -7.6416447270679860E-031   9.8225487250110434E-032   1.1114722688189515E-031  -5.3316405676743472E-031   1.0233565918298848E-031  -4.2245029447819343E-031   3.3042772487445781E-017   2.0013564392134415E-031  -1.2340923531363828E-031   9.3425539062819872E-032   4.2565334253208797E-017   8.0197781584481345E-017  -2.6794788333142969E-031  -6.6144901771096700E-032  -6.8349330632557880E-033  -6.5324969628754074E-032  -7.2782707089985579E-032  -1.2411867996937763E-031  -4.4076037889682937E-032  -6.8755812355163446E-033   1.8914962926651680E-031  -3.1187036914604240E-016  -1.8855747139821221E-016
  -7.8898107881585938E-032  -9.7530295250968463E-031  -2.2095923195196334E-031   1.5975444616113454E-029  -1.2877796704970235E-030  -2.7049136171592121E-031   1.4544518747679310E-029  -4.2245029447819343E-031   1.3164387320354095E-029  -6.2367545378919025E-016   5.6592794061800343E-031   1.1738115936256642E-030  -7.7732422000271487E-031  -2.0877166812281154E-015  -1.2930491815773579E-015   8.5972073674991170E-030   3.5758838676813679E-031   1.6277987381394516E-031   5.6217827841403494E-030   1.5870056817005399E-032   7.0428926924926555E-030  -2.4357240449710132E-031  -1.8816670265771810E-031   1.3955588450957425E-030   5.3522173798025076E-016   1.3208288381593062E-016
  -1.9921580724687977E-018   5.0026247015019421E-017   3.4861303289365025E-017  -7.9376182419519747E-016   6.9360183371570283E-017   2.7852355436664013E-017  -6.9880868466280816E-016   3.3042772487445781E-017  -6.2367545378919025E-016   3.1459263150289525E-002   5.2247568379596789E-018  -6.8193406056349989E-017   4.6876404622596226E-017   9.5322303745352319E-002   6.6939356413392326E-002  -4.0613571885913379E-016  -2.4964159973206049E-017  -7.9483136412665638E-018  -2.4944872679483879E-016  -1.1358357515279682E-017  -3.1871083200998007E-016   3.9240030710579242E-018   7.0193928572367391E-018  -3.1784967389810110E-017  -6.8604636772485739E-002  -3.3307298538344431E-002
  -9.9398097867071726E-032   2.2081888128652593E-032   3.9920680107243853E-031   6.8351281257246368E-032   8.4549481054430952E-032   2.4032528658949435E-031   4.6192863601515683E-031   2.0013564392134415E-031   5.6592794061800343E-031   5.2247568379596789E-018   5.6109230850820599E-031  -1.6036532916298693E-031   1.3496924574950447E-031  -1.4982052797721639E-016   3.9579303611594369E-017   3.8911107166120618E-031  -1.1905352533167603E-031   3.0359008047246290E-033   5.2464427180692995E-031  -1.7702898076246838E-031   5.5330489996359226E-031  -1.3806778513907267E-031  -3.9842861625024203E-032   6.3520737468959782E-031  -7.0160865578288994E-016  -4.4753865794681044E-016
   3.0673774866510778E-032  -1.1210481202115946E-031  -1.8023091086813049E-031   1.6673614947835181E-030  -1.6977884710589613E-031  -1.2307931755628134E-031   1.3610237982505156E-030  -1.2340923531363828E-031   1.1738115936256642E-030  -6.8193406056349989E-017  -1.6036532916298693E-031   1.8747093257833202E-031  -1.3544822503884380E-031  -1.6255835308951573E-016  -1.5267457040455454E-016   7.5890772651541987E-031   8.4683639843883676E-032   1.6070507232878904E-032   3.9012777368415343E-031   7.1215396381852828E-032   5.2958041716833880E-031   2.8398384245461634E-032  -4.3059859359196959E-033  -1.0149280277719108E-031   3.3233424799209650E-016   1.8978899865776871E-016
  -2.5459016173072135E-032   7.7669362022209220E-032   1.4126048799458600E-031  -1.1373128098301826E-030   1.1993084823554452E-031   9.5011154029001816E-032  -9.1005518992359372E-031   9.3425539062819872E-032  -7.7732422000271487E-031   4.6876404622596226E-017   1.3496924574950447E-031  -1.3544822503884380E-031   9.8722703719022252E-032   1.0442982312932715E-016   1.0620565308454272E-016  -5.0151914436484405E-031  -6.3284936183868700E-032  -1.0854614914796998E-032  -2.4318359835563786E-031  -5.6686151632672715E-032  -3.3727067381596438E-031  -2.5645522196975579E-032   1.1494488070703133E-033   9.8043542997254582E-032  -2.5892030402881339E-016  -1.4997596487423793E-016
   2.3256704562892754E-017   1.4750803390448080E-016  -1.0698115064109611E-017  -2.4643075183846571E-015   1.8856884710919285E-016   1.4699765254190381E-017  -2.2883104208706309E-015   4.2565334253208797E-017  -2.0877166812281154E-015   9.5322303745352319E-002  -1.4982052797721639E-016  -1.6255835308951573E-016   1.0442982312932715E-016  0.33781001415219380       0.19441194312238441       -1.3656006578774556E-015  -4.1665231963605587E-017  -2.5371580529663524E-017  -9.2321637381795120E-016   1.7371464233719499E-017  -1.1449580916814457E-015   5.2907502393581998E-017   3.3394686648866488E-017  -2.8569326052112952E-016  -3.7854511968859472E-003   2.9774247888552791E-002
  -9.2720110699722955E-018   1.0714614219012748E-016   9.4165665952414982E-017  -1.6788048561007234E-015   1.5129560965787323E-016   7.1239172040223664E-017  -1.4575681738833432E-015   8.0197781584481345E-017  -1.2930491815773579E-015   6.6939356413392326E-002   3.9579303611594369E-017  -1.5267457040455454E-016   1.0620565308454272E-016  0.19441194312238441       0.14388028040442979       -8.4098444800324257E-016  -5.8956839798347298E-017  -1.6691203868467459E-017  -5.0202054375087211E-016  -3.3066491092973006E-017  -6.4735668995393243E-016   1.3019417381186763E-018   1.2852509665490363E-017  -3.5092718992566751E-017 -0.18104379602529766       -9.3327632927256210E-002
  -5.5017555639275723E-032  -6.3460858360901481E-031  -1.2943549485946847E-031   1.0410518823314344E-029  -8.3591570536457122E-031  -1.6748457814971675E-031   9.4925829943189617E-030  -2.6794788333142969E-031   8.5972073674991170E-030  -4.0613571885913379E-016   3.8911107166120618E-031   7.5890772651541987E-031  -5.0151914436484405E-031  -1.3656006578774556E-015  -8.4098444800324257E-016   5.6152497339597856E-030   2.2863932843057200E-031   1.0616182071735951E-031   3.6816845049694489E-030   3.9005106052012760E-033   4.6085827705486613E-030  -1.6370966121844361E-031  -1.2404012356684537E-031   9.3231289288430760E-031   3.2317922114863803E-016   6.9774467434905091E-017
   2.1900503991933258E-032  -4.2522873486814199E-032  -1.0835744800372516E-031   5.8882244953786566E-031  -7.0019214432779941E-032  -7.0446195888724778E-032   4.3598143102681593E-031  -6.6144901771096700E-032   3.5758838676813679E-031  -2.4964159973206049E-017  -1.1905352533167603E-031   8.4683639843883676E-032  -6.3284936183868700E-032  -4.1665231963605587E-017  -5.8956839798347298E-017   2.2863932843057200E-031   4.3378674483287108E-032   5.4138498679295528E-033   8.1840365843187177E-032   4.4936739074726052E-032   1.2856460489167478E-031   2.5338856350942300E-032   2.8411052730101896E-033  -1.0614729553204345E-031   1.9601019624983071E-016   1.1709055178598966E-016
  -2.6695812444528699E-034  -1.2532244963878154E-032  -5.7488874586286094E-033   2.0210369489306588E-031  -1.6956301878780165E-032  -5.2043604203872055E-033   1.8105098537618115E-031  -6.8349330632557880E-033   1.6277987381394516E-031  -7.9483136412665638E-018   3.0359008047246290E-033   1.6070507232878904E-032  -1.0854614914796998E-032  -2.5371580529663524E-017  -1.6691203868467459E-017   1.0616182071735951E-031   5.4138498679295528E-033   2.0420437009834774E-033   6.7425686976783320E-032   1.5079366272641974E-033   8.5237333634375919E-032  -2.0700119825664212E-033  -2.0923364526831113E-033   1.3010626060462539E-032   1.1966566481406398E-017   4.9784565451662278E-018
  -8.4305055347581301E-032  -3.8275389241311914E-031   1.2109949993386849E-031   6.4962141075515906E-030  -4.7618254330654978E-031   1.7311408636635425E-032   6.1250572689097418E-030  -6.5324969628754074E-032   5.6217827841403494E-030  -2.4944872679483879E-016   5.2464427180692995E-031   3.9012777368415343E-031  -2.4318359835563786E-031  -9.2321637381795120E-016  -5.0202054375087211E-016   3.6816845049694489E-030   8.1840365843187177E-032   6.7425686976783320E-032   2.5499261459193216E-030  -8.6907500202231942E-032   3.1397064466031123E-030  -1.7128201609546539E-031  -9.7095332135290651E-032   8.9920354751515154E-031  -1.5343579752459402E-016  -1.8251878410993029E-016
   3.1690583887152513E-032  -2.2367968152698072E-032  -1.3558033049222828E-031   2.2400556437659955E-031  -4.7873829321895424E-032  -8.3742660122963542E-032   7.1609081511278413E-032  -7.2782707089985579E-032   1.5870056817005399E-032  -1.1358357515279682E-017  -1.7702898076246838E-031   7.1215396381852828E-032  -5.6686151632672715E-032   1.7371464233719499E-017  -3.3066491092973006E-017   3.9005106052012760E-033   4.4936739074726052E-032   1.5079366272641974E-033  -8.6907500202231942E-032   5.8855624160996340E-032  -7.4456779815725370E-032   4.1951006448712504E-032   1.0286151118986684E-032  -1.8875876757641000E-031   2.4055100833271437E-016   1.5020989538244095E-016
  -8.7021371788422462E-032  -4.9190643741107836E-031   7.2552211053408613E-032   8.2581465257083126E-030  -6.2365330606938435E-031  -2.7111769163880213E-032   7.7050224753541232E-030  -1.2411867996937763E-031   7.0428926924926555E-030  -3.1871083200998007E-016   5.5330489996359226E-031   5.2958041716833880E-031  -3.3727067381596438E-031  -1.1449580916814457E-015  -6.4735668995393243E-016   4.6085827705486613E-030   1.2856460489167478E-031   8.5237333634375919E-032   3.1397064466031123E-030  -7.4456779815725370E-032   3.8848566809993560E-030  -1.8986636772474438E-031  -1.1548953418312343E-031   1.0151005483448105E-030  -5.1875751642965284E-017  -1.4087637672847818E-016
   2.4281954184745756E-032   2.8293970848586304E-033  -9.3067240359493768E-032  -1.4857537344723072E-031  -9.4317964348683456E-033  -5.4888423460776281E-032  -2.3028205626658962E-031  -4.4076037889682937E-032  -2.4357240449710132E-031   3.9240030710579242E-018  -1.3806778513907267E-031   2.8398384245461634E-032  -2.5645522196975579E-032   5.2907502393581998E-017   1.3019417381186763E-018  -1.6370966121844361E-031   2.5338856350942300E-032  -2.0700119825664212E-033  -1.7128201609546539E-031   4.1951006448712504E-032  -1.8986636772474438E-031   3.4838346872101219E-032   1.1029865411902569E-032  -1.6255802463347822E-031   1.6234963742009956E-016   1.0529262969217295E-016
   6.8072548808428037E-033   1.0153950502879786E-032  -2.1019791926073001E-032  -1.9176243451165142E-031   1.0130257078896381E-032  -1.1038697411166175E-032  -1.9823152866471420E-031  -6.8755812355163446E-033  -1.8816670265771810E-031   7.0193928572367391E-018  -3.9842861625024203E-032  -4.3059859359196959E-033   1.1494488070703133E-033   3.3394686648866488E-017   1.2852509665490363E-017  -1.2404012356684537E-031   2.8411052730101896E-033  -2.0923364526831113E-033  -9.7095332135290651E-032   1.0286151118986684E-032  -1.1548953418312343E-031   1.1029865411902569E-032   4.5680595886937893E-033  -5.3975890525368117E-032   3.5216466489795834E-017   2.4923333164299627E-017
  -1.1124751408316231E-031  -3.4797363501899773E-032   4.1455844590175732E-031   1.0308381804089227E-030   1.3414654743788275E-032   2.4132679682412347E-031   1.3668368185456246E-030   1.8914962926651680E-031   1.3955588450957425E-030  -3.1784967389810110E-017   6.3520737468959782E-031  -1.0149280277719108E-031   9.8043542997254582E-032  -2.8569326052112952E-016  -3.5092718992566751E-017   9.3231289288430760E-031  -1.0614729553204345E-031   1.3010626060462539E-032   8.9920354751515154E-031  -1.8875876757641000E-031   1.0151005483448105E-030  -1.6255802463347822E-031  -5.3975890525368117E-032   7.6436074990032615E-031  -7.1978481761167140E-016  -4.7167981707617249E-016
   1.2639843128961507E-016  -1.2606392577294342E-016  -5.6072612149507833E-016   1.4843649038226731E-015  -2.4123237505563998E-016  -3.5112837352604337E-016   8.1182521191023151E-016  -3.1187036914604240E-016   5.3522173798025076E-016  -6.8604636772485739E-002  -7.0160865578288994E-016   3.3233424799209650E-016  -2.5892030402881339E-016  -3.7854511968859472E-003 -0.18104379602529766        3.2317922114863803E-016   1.9601019624983071E-016   1.1966566481406398E-017  -1.5343579752459402E-016   2.4055100833271437E-016  -5.1875751642965284E-017   1.6234963742009956E-016   3.5216466489795834E-017  -7.1978481761167140E-016  0.99997616710812720       0.61720161738028156     
   8.0271431041832534E-017  -6.3832037071930642E-017  -3.4730805315668087E-016   6.8245255544179130E-016  -1.3105410740000414E-016  -2.1545116690943076E-016   2.8383825899073019E-016  -1.8855747139821221E-016   1.3208288381593062E-016  -3.3307298538344431E-002  -4.4753865794681044E-016   1.8978899865776871E-016  -1.4997596487423793E-016   2.9774247888552791E-002  -9.3327632927256210E-002   6.9774467434905091E-017   1.1709055178598966E-016   4.9784565451662278E-018  -1.8251878410993029E-016   1.5020989538244095E-016  -1.4087637672847818E-016   1.0529262969217295E-016   2.4923333164299627E-017  -4.7167981707617249E-016  0.61720161738028156       0.38399934184294260     
