   3.1478974530776651E-007  -5.2259835504274724E-019   2.7474841689327809E-019   7.7181967207300638E-017  -1.1133719072828364E-006   4.0225519833129229E-019  -1.1348941785715610E-018  -2.3301582743584441E-016   2.9843306547946916E-019   2.7617789923141929E-020  -4.9231878177102869E-020   2.7714981166677506E-019  -1.3344371212181482E-019   9.4162781932627949E-020   2.3428931118667143E-006   2.6047457400856967E-019   2.3466253581046352E-018   3.7775264492847964E-016  -2.3650428289470033E-005  -5.6326227811576465E-018  -7.4809918882242659E-018   2.2128019210639208E-019  -1.0274916970493329E-019   1.3368689610190770E-020   2.7301258151993865E-019   3.6063309613502957E-020   3.1811660281718136E-019  -7.8497019500252071E-004  -1.9240905370926572E-016  -2.0582903265259366E-016   6.3949064795321702E-015   7.3641377895375565E-015  -1.3819333026862736E-014  -7.8861145153253087E-015
  -5.2259835504274724E-019   3.1478974531364704E-007   8.7839509324634055E-019   1.2857931872131130E-018   2.6221081105954671E-018  -1.1133719072996545E-006  -3.6169632856267965E-018  -2.8602051940508766E-016  -2.4472917683334292E-019  -2.5600339345492071E-021   1.2716704042151364E-020  -1.4018661266923427E-019  -6.5777117371707045E-020   2.2459486093497940E-019  -5.3712725574256030E-018   2.3428931118957964E-006   6.0096216183857630E-018  -2.8678325443465130E-016   4.5661140290191849E-017  -2.3650428289696015E-005  -6.7355939323555252E-017  -3.5962784101962066E-019  -1.6363586544208486E-019   3.1905317827631906E-020  -6.1552396453864951E-019   1.2713529546870737E-021  -4.4906908562482551E-019   1.4953680495903992E-015  -7.8497019500984862E-004  -2.2822169096232290E-015   7.0953436893398496E-016   7.3992865713776900E-016  -8.2623100796266045E-016  -4.3540850363759702E-016
   2.7474841689327809E-019   8.7839509324634055E-019   3.1478974530904241E-007   2.1956993083467955E-017  -9.4839375959018420E-019  -2.7257064646667028E-018  -1.1133719072829440E-006  -6.6371759564177770E-016  -1.1461739350926571E-018  -7.5959122985595571E-020   1.5133585038212840E-019  -4.2027878778727727E-019   8.3585672465688163E-020  -3.6533194880875340E-019   2.0999549812655573E-018   9.6318255777096949E-019   2.3428931118678943E-006  -5.2118899135644867E-016  -1.4602359353719697E-017   3.0300700176430496E-018  -2.3650428289518101E-005  -5.4915319885562371E-019   4.9710194689082328E-020  -1.5791451351536383E-020  -2.9023031146956064E-019   1.2834686545480542E-020  -7.1258869369887325E-021  -4.7879817819137588E-016   9.2172775000787722E-017  -7.8497019500410755E-004   3.0012975959452764E-015   3.3087305569047555E-015  -2.3226226929896954E-015  -1.0715833836681247E-015
   7.7181967207300638E-017   1.2857931872131130E-018   2.1956993083467955E-017   2.5305932719742365E-004  -1.5388933310552945E-016   2.7844389303119966E-017  -2.6841977723402324E-017   9.0434603582672905E-003   1.5332317392130971E-017   8.1179046588458830E-018  -6.4076060028866283E-020  -4.4088424519624050E-017  -2.6218365617480374E-018  -6.7262699467344987E-018   1.6024046870150614E-016  -1.0572643693947533E-017  -1.3434881805437220E-017   1.1538763314309168E-002   9.3133550689807473E-017   8.4569293878122674E-017   1.1202254516885590E-016  -8.6099716246327703E-017  -2.8441840247009788E-019  -1.0840559418421769E-018  -8.7900180702576853E-017   4.9645239456207878E-018  -6.6459863188781930E-017   6.4336339433412050E-015   2.5060370351026313E-015   3.6410268341490113E-015   2.0787941918119905E-003   5.1217514908356854E-003  -2.6701057185799810E-003  -1.0314121612357409E-003
  -1.1133719072828364E-006   2.6221081105954671E-018  -9.4839375959018420E-019  -1.5388933310552945E-016   3.9378570058395018E-006  -4.1593589734858730E-018   3.9313678446179473E-018   3.3475027662054194E-016  -1.0555203790982213E-018  -9.7680664298453943E-020   1.7412698768142836E-019  -9.8024417568589687E-019   4.7197369829910608E-019  -3.3304196747505990E-019  -8.2865195305792135E-006   4.8374907523215654E-018  -8.1258804019354316E-018  -9.1366187278689333E-016   8.3648603060302876E-005  -3.8210118613235665E-017   2.4704501314666558E-017  -7.8264032782874042E-019   3.6341094571447710E-019  -4.7283380966458688E-020  -9.6561131061547548E-019  -1.2755140978841468E-019  -1.1251385854480264E-018   2.7763412760338541E-003  -1.2489050286157143E-015   6.6974778672371225E-016  -1.2812607976323222E-014  -1.4798439413946525E-014   2.7516963398321175E-014   1.5685549185167027E-014
   4.0225519833129229E-019  -1.1133719072996545E-006  -2.7257064646667028E-018   2.7844389303119966E-017  -4.1593589734858730E-018   3.9378570058849070E-006   1.1444960005928006E-017   1.3096773297554723E-015   8.6557645044899940E-019   9.0545194298305386E-021  -4.4977389654353102E-020   4.9582249311882592E-019   2.3264542671800224E-019  -7.9436389656597592E-019   8.2345231000447035E-018  -8.2865195306524463E-006  -1.8419102829931916E-017   1.5842760528917883E-015  -5.2850248338249012E-017   8.3648603060803087E-005   2.0959962772266374E-016   1.2719586366803834E-018   5.7875956355655636E-019  -1.1284511357792323E-019   2.1770311790815993E-018  -4.4966161834943723E-021   1.5883011179111417E-018  -1.6828621100491207E-015   2.7763412760498465E-003   7.1216740950711928E-015  -6.4135728987100825E-016  -3.4998749254116242E-016   3.3539539748645770E-016   1.7496847210978282E-016
  -1.1348941785715610E-018  -3.6169632856267965E-018  -1.1133719072829440E-006  -2.6841977723402324E-017   3.9313678446179473E-018   1.1444960005928006E-017   3.9378570058243035E-006  -1.1792901825087829E-016   4.0538736704105196E-018   2.6865790546365354E-019  -5.3525595065502750E-019   1.4864734400092209E-018  -2.9563205587677872E-019   1.2921333516275094E-018  -8.6415092787432382E-018  -7.2038581538061608E-018  -8.2865195305506024E-006  -3.5738752979783805E-016   6.3903824574309593E-017   2.7614030071039518E-017   8.3648603060141940E-005   1.9422860929506604E-018  -1.7581873328932232E-019   5.5852385826676652E-020   1.0265082657988670E-018  -4.5394678985006659E-020   2.5203370087192904E-020   2.1002690676334329E-015   9.4622282886366490E-016   2.7763412760284825E-003  -2.2052858778442005E-015  -2.6068205112946840E-015   1.7084160797237156E-015   7.6429489662297319E-016
  -2.3301582743584441E-016  -2.8602051940508766E-016  -6.6371759564177770E-016   9.0434603582672905E-003   3.3475027662054194E-016   1.3096773297554723E-015  -1.1792901825087829E-016  0.50875355882658324       -4.3028848959127485E-015   1.2232192542841917E-016   2.2032251572677089E-016  -8.0124476611708793E-015  -1.1312805553951504E-016  -4.8422270127873962E-015  -7.7601554262496814E-016   1.8805094497664804E-016   2.8546522954926732E-016  0.60817171910770906        3.3596233232763943E-016  -9.5329873730642905E-017  -1.0574786918071482E-015  -2.1163565715055186E-014   5.6086774073148033E-019   1.4499015302128781E-017  -2.1137522053989505E-014  -4.4687035716408175E-017  -2.0855305051129532E-014  -7.5365667699002327E-015  -4.1503461720537449E-015  -9.6542287800861429E-015 -0.27235021620189082      -0.16735072843789062        6.9668983992291988E-002   2.5592663222524195E-002
   2.9843306547946916E-019  -2.4472917683334292E-019  -1.1461739350926571E-018   1.5332317392130971E-017  -1.0555203790982213E-018   8.6557645044899940E-019   4.0538736704105196E-018  -4.3028848959127485E-015   1.7488781935103470E-028   1.4502960378615318E-030  -6.5219574323873601E-030   2.0374856990042393E-028   1.4393981527782507E-031   1.6801600620297829E-028   2.2211548624827928E-018  -1.8214516553631201E-018  -8.5306559620459254E-018  -4.4192855635311419E-015  -2.2421536658188322E-017   1.8386716636488402E-017   8.6113048039281007E-017   5.5152820970453655E-028   2.3583394908074207E-030   9.7032023215406527E-031   5.4752581460724630E-028   1.4745287469536061E-030   5.6461800853263633E-028  -7.4418263328652629E-016   6.1026482763616656E-016   2.8581375053468385E-015   9.2010320419514131E-015   9.5156194609444194E-015   1.5186221946015418E-015   2.1271391794588275E-015
   2.7617789923141929E-020  -2.5600339345492071E-021  -7.5959122985595571E-020   8.1179046588458830E-018  -9.7680664298453943E-020   9.0545194298305386E-021   2.6865790546365354E-019   1.2232192542841917E-016   1.4502960378615318E-030   7.6052323608218995E-031  -2.3624180045635271E-031   1.3493377056163351E-030  -1.1320022160824801E-031  -7.6548013809191582E-032   2.0555158076464601E-019  -1.9053625354594951E-020  -5.6534276826071528E-019   1.9308783901146742E-016  -2.0749486587634366E-018   1.9233758373653562E-019   5.7068752014258006E-018   6.5933958944836710E-030  -2.8492952112367232E-031  -2.8732419004244427E-031   6.4714366690989845E-030   7.6556692901135277E-031   7.1571874872818297E-030  -6.8868640911823523E-017   6.3837858986449659E-018   1.8941419939152744E-016   3.7886832144279577E-016   4.7703229696992044E-016  -7.6127594726285999E-016  -4.2508572488744824E-016
  -4.9231878177102869E-020   1.2716704042151364E-020   1.5133585038212840E-019  -6.4076060028866283E-020   1.7412698768142836E-019  -4.4977389654353102E-020  -5.3525595065502750E-019   2.2032251572677089E-016  -6.5219574323873601E-030  -2.3624180045635271E-031   3.4822778002403377E-031  -8.0395879753090085E-030   3.5373707840355291E-032  -5.8008351527971629E-030  -3.6641926866744930E-019   9.4646915123528236E-020   1.1263509270137845E-018   2.3197982387615499E-016   3.6988339730167588E-018  -9.5541707284112675E-019  -1.1369994513720554E-017  -2.2163401388336908E-029   4.0257026411652842E-032   5.0622610234881032E-032  -2.1946670812063107E-029  -2.5717531714308632E-031  -2.2406078363286108E-029   1.2276625139891831E-016  -3.1710796810829413E-017  -3.7737611773338996E-016  -4.1638571185952430E-016  -4.2171851179834195E-016   1.8582068642393281E-016   6.6957102512108299E-017
   2.7714981166677506E-019  -1.4018661266923427E-019  -4.2027878778727727E-019  -4.4088424519624050E-017  -9.8024417568589687E-019   4.9582249311882592E-019   1.4864734400092209E-018  -8.0124476611708793E-015   2.0374856990042393E-028   1.3493377056163351E-030  -8.0395879753090085E-030   2.6274806871556897E-028   1.0799094554531844E-030   2.0125533031413125E-028   2.0627494838799906E-018  -1.0433702308108923E-018  -3.1280189134032011E-018  -8.8023610044207847E-015  -2.0822507223470695E-017   1.0532342554525678E-017   3.1575912116996761E-017   7.1294447020122862E-028   1.9877312046822287E-030   3.9264513668572496E-031   7.0922386901170886E-028   2.9141103347020105E-030   7.2549673106907836E-028  -6.9111000255689975E-016   3.4957400718764155E-016   1.0480211854296330E-015   1.1673557611181126E-014   1.1300884977214920E-014  -1.4747427060305340E-016   1.2732755204376274E-015
  -1.3344371212181482E-019  -6.5777117371707045E-020   8.3585672465688163E-020  -2.6218365617480374E-018   4.7197369829910608E-019   2.3264542671800224E-019  -2.9563205587677872E-019  -1.1312805553951504E-016   1.4393981527782507E-031  -1.1320022160824801E-031   3.5373707840355291E-032   1.0799094554531844E-030   1.2242273929302224E-031   5.6022711347667195E-031  -9.9318468473304447E-019  -4.8956091329470483E-019   6.2210506914293998E-019  -1.4005274291490406E-016   1.0025742551154322E-017   4.9418922333833609E-018  -6.2798645195520743E-018   2.9560619565761097E-030   1.0429713562156740E-031  -1.0902363579307709E-033   3.0621113900243572E-030  -5.9283496351410884E-032   2.9294168446241083E-030   3.3275968574860895E-016   1.6402401100899981E-016  -2.0843201722047175E-016   1.4819437209392911E-017  -1.6182417111462056E-017   3.4991662108700517E-017   1.9837810637294612E-017
   9.4162781932627949E-020   2.2459486093497940E-019  -3.6533194880875340E-019  -6.7262699467344987E-018  -3.3304196747505990E-019  -7.9436389656597592E-019   1.2921333516275094E-018  -4.8422270127873962E-015   1.6801600620297829E-028  -7.6548013809191582E-032  -5.8008351527971629E-030   2.0125533031413125E-028   5.6022711347667195E-031   1.6662015300912612E-028   7.0082757296736029E-019   1.6715975042794861E-018  -2.7190647701631622E-018  -5.1623720108305805E-015  -7.0745319851259169E-018  -1.6874007910853285E-017   2.7447708150158535E-017   5.4110948967002985E-028   2.6323428576905998E-030   1.3810618006805335E-030   5.3752647209790509E-028   2.7898714232434849E-031   5.5345983626867209E-028  -2.3480744974012588E-016  -5.6005722679248207E-016   9.1100391736202793E-016   8.5562331469081323E-015   8.6038740941982223E-015   2.5897191880831693E-015   2.6940621955122187E-015
   2.3428931118667143E-006  -5.3712725574256030E-018   2.0999549812655573E-018   1.6024046870150614E-016  -8.2865195305792135E-006   8.2345231000447035E-018  -8.6415092787432382E-018  -7.7601554262496814E-016   2.2211548624827928E-018   2.0555158076464601E-019  -3.6641926866744930E-019   2.0627494838799906E-018  -9.9318468473304447E-019   7.0082757296736029E-019   1.7437506194065555E-005  -9.0893727667130037E-018   1.7875217527315984E-017   5.5747605054128939E-016  -1.7602360419308722E-004   6.9400663937183487E-017  -5.9817046527350989E-017   1.6469273392858388E-018  -7.6473368504302230E-019   9.9499463619950096E-020   2.0319572223280576E-018   2.6840925068956541E-019   2.3676539925627822E-018  -5.8423163089191743E-003   2.2628123631490658E-015  -1.6692739283567790E-015   1.4881131022506833E-014   1.7091328178587942E-014  -2.9697809068012652E-014  -1.6791669324858199E-014
   2.6047457400856967E-019   2.3428931118957964E-006   9.6318255777096949E-019  -1.0572643693947533E-017   4.8374907523215654E-018  -8.2865195306524463E-006  -7.2038581538061608E-018   1.8805094497664804E-016  -1.8214516553631201E-018  -1.9053625354594951E-020   9.4646915123528236E-020  -1.0433702308108923E-018  -4.8956091329470483E-019   1.6715975042794861E-018  -9.0893727667130037E-018   1.7437506194172705E-005   3.2387173048659666E-018   1.5151938535590769E-016   2.8047895337260265E-017  -1.7602360419366581E-004  -8.2496893453319202E-017  -2.6766106716840959E-018  -1.2178965411389607E-018   2.3746246656668634E-019  -4.5811748262663107E-018   9.4623288167702591E-021  -3.3422971466378961E-018   7.8095883630582333E-016  -5.8423163089370940E-003  -3.0852272448392187E-015  -5.4891117867369937E-016  -6.0775071399745120E-016   1.8461655830604282E-016   4.3554829875507105E-017
   2.3466253581046352E-018   6.0096216183857630E-018   2.3428931118678943E-006  -1.3434881805437220E-017  -8.1258804019354316E-018  -1.8419102829931916E-017  -8.2865195305506024E-006   2.8546522954926732E-016  -8.5306559620459254E-018  -5.6534276826071528E-019   1.1263509270137845E-018  -3.1280189134032011E-018   6.2210506914293998E-019  -2.7190647701631622E-018   1.7875217527315984E-017   3.2387173048659666E-018   1.7437506194012439E-005   2.4004313577154085E-016  -1.3135197497115197E-016   6.2223358764509497E-017  -1.7602360419282016E-004  -4.0871955533269795E-018   3.6997924635005010E-019  -1.1753140992355304E-019  -2.1601040314345857E-018   9.5525026279071911E-020  -5.3036008894578784E-020  -4.3160133958122142E-015   2.0027306933411517E-015  -5.8423163089102465E-003  -6.6283276355317926E-016  -6.9143182662583694E-016   2.8079227194792145E-015   1.7033296822838119E-015
   3.7775264492847964E-016  -2.8678325443465130E-016  -5.2118899135644867E-016   1.1538763314309168E-002  -9.1366187278689333E-016   1.5842760528917883E-015  -3.5738752979783805E-016  0.60817171910770906       -4.4192855635311419E-015   1.9308783901146742E-016   2.3197982387615499E-016  -8.8023610044207847E-015  -1.4005274291490406E-016  -5.1623720108305805E-015   5.5747605054128939E-016   1.5151938535590769E-016   2.4004313577154085E-016  0.73276049970014423       -5.2703145584879088E-017   1.9815154246613444E-016  -6.8357780452272708E-016  -2.3010651089040798E-014  -1.6377651412140388E-018   6.7604906712586052E-018  -2.2997375231545319E-014  -8.0182288723035638E-018  -2.2530443058333454E-014   4.8820657244081256E-015   3.1636514153296462E-015   3.5548265369668188E-015 -0.27098872941219376      -0.13619062408259131        5.2483716228119141E-002   1.8888892390785932E-002
  -2.3650428289470033E-005   4.5661140290191849E-017  -1.4602359353719697E-017   9.3133550689807473E-017   8.3648603060302876E-005  -5.2850248338249012E-017   6.3903824574309593E-017   3.3596233232763943E-016  -2.2421536658188322E-017  -2.0749486587634366E-018   3.6988339730167588E-018  -2.0822507223470695E-017   1.0025742551154322E-017  -7.0745319851259169E-018  -1.7602360419308722E-004   2.8047895337260265E-017  -1.3135197497115197E-016  -5.2703145584879088E-017   1.7768773176791422E-003  -5.7493675683236586E-017   1.0828334201823200E-016  -1.6624973939547727E-017   7.7196347911994068E-018  -1.0044013179778463E-018  -2.0511673504321702E-017  -2.7094679235993020E-018  -2.3900377987171197E-017   5.8975495812697905E-002  -1.4980811075526252E-015   4.0324528113348353E-016  -8.4409052038760501E-015  -9.8946225879138401E-015   1.6924470033465949E-014   9.5483206353381007E-015
  -5.6326227811576465E-018  -2.3650428289696015E-005   3.0300700176430496E-018   8.4569293878122674E-017  -3.8210118613235665E-017   8.3648603060803087E-005   2.7614030071039518E-017  -9.5329873730642905E-017   1.8386716636488402E-017   1.9233758373653562E-019  -9.5541707284112675E-019   1.0532342554525678E-017   4.9418922333833609E-018  -1.6874007910853285E-017   6.9400663937183487E-017  -1.7602360419366581E-004   6.2223358764509497E-017   1.9815154246613444E-016  -5.7493675683236586E-017   1.7768773176799048E-003  -1.2537243843565866E-016   2.7019153553357069E-017   1.2294105379470039E-017  -2.3970743729263698E-018   4.6244852639838854E-017  -9.5517856962052123E-020   3.3738952318144140E-017  -3.9441157723593739E-016   5.8975495812710263E-002  -6.5724324569980168E-016   5.0823624398806406E-016   7.7446371629380632E-016  -9.7911330337737627E-016  -5.3281358103551545E-016
  -7.4809918882242659E-018  -6.7355939323555252E-017  -2.3650428289518101E-005   1.1202254516885590E-016   2.4704501314666558E-017   2.0959962772266374E-016   8.3648603060141940E-005  -1.0574786918071482E-015   8.6113048039281007E-017   5.7068752014258006E-018  -1.1369994513720554E-017   3.1575912116996761E-017  -6.2798645195520743E-018   2.7447708150158535E-017  -5.9817046527350989E-017  -8.2496893453319202E-017  -1.7602360419282016E-004  -6.8357780452272708E-016   1.0828334201823200E-016  -1.2537243843565866E-016   1.7768773176791630E-003   4.1258359098728515E-017  -3.7347703102913916E-018   1.1864255215511223E-018   2.1805256601234251E-017  -9.6428120107968040E-019   5.3537411458729102E-019   3.1535765074612244E-015  -3.5303148845292811E-015   5.8975495812697953E-002   1.5682430947781008E-015   1.6432779969970331E-015  -2.7363033373038230E-015  -1.5474603937189958E-015
   2.2128019210639208E-019  -3.5962784101962066E-019  -5.4915319885562371E-019  -8.6099716246327703E-017  -7.8264032782874042E-019   1.2719586366803834E-018   1.9422860929506604E-018  -2.1163565715055186E-014   5.5152820970453655E-028   6.5933958944836710E-030  -2.2163401388336908E-029   7.1294447020122862E-028   2.9560619565761097E-030   5.4110948967002985E-028   1.6469273392858388E-018  -2.6766106716840959E-018  -4.0871955533269795E-018  -2.3010651089040798E-014  -1.6624973939547727E-017   2.7019153553357069E-017   4.1258359098728515E-017   1.9497671412662565E-027   4.4591362127755444E-030  -2.5407651514747167E-031   1.9398454216484434E-027   1.1108492469899872E-029   1.9872325301884743E-027  -5.5179165786553649E-016   8.9677996415004493E-016   1.3693867100745270E-015   3.3104575305292524E-014   3.2496223247305753E-014  -3.6912685440767543E-015   1.5889472722743128E-015
  -1.0274916970493329E-019  -1.6363586544208486E-019   4.9710194689082328E-020  -2.8441840247009788E-019   3.6341094571447710E-019   5.7875956355655636E-019  -1.7581873328932232E-019   5.6086774073148033E-019   2.3583394908074207E-030  -2.8492952112367232E-031   4.0257026411652842E-032   1.9877312046822287E-030   1.0429713562156740E-031   2.6323428576905998E-030  -7.6473368504302230E-019  -1.2178965411389607E-018   3.6997924635005010E-019  -1.6377651412140388E-018   7.7196347911994068E-018   1.2294105379470039E-017  -3.7347703102913916E-018   4.4591362127755444E-030   3.1274114584001114E-031   1.3815428666830909E-031   4.5682156534198817E-030  -3.3377263333954443E-031   4.7408447413009555E-030   2.5621875228743884E-016   4.0804784501086665E-016  -1.2395899739639432E-016  -2.1445446493451577E-017  -2.2947756454790025E-017   4.0844025417400011E-016   2.5713935700791161E-016
   1.3368689610190770E-020   3.1905317827631906E-020  -1.5791451351536383E-020  -1.0840559418421769E-018  -4.7283380966458688E-020  -1.1284511357792323E-019   5.5852385826676652E-020   1.4499015302128781E-017   9.7032023215406527E-031  -2.8732419004244427E-031   5.0622610234881032E-032   3.9264513668572496E-031  -1.0902363579307709E-033   1.3810618006805335E-030   9.9499463619950096E-020   2.3746246656668634E-019  -1.1753140992355304E-019   6.7604906712586052E-018  -1.0044013179778463E-018  -2.3970743729263698E-018   1.1864255215511223E-018  -2.5407651514747167E-031   1.3815428666830909E-031   1.5800800646147246E-031  -3.0399975572216641E-031  -3.4277187893429279E-031  -2.9143415946577590E-031  -3.3336609755605175E-017  -7.9560163347596013E-017   3.9378089124217979E-017  -1.0756901459571250E-016  -1.1986771419881820E-016   3.9478641073847883E-016   2.3651381540332764E-016
   2.7301258151993865E-019  -6.1552396453864951E-019  -2.9023031146956064E-019  -8.7900180702576853E-017  -9.6561131061547548E-019   2.1770311790815993E-018   1.0265082657988670E-018  -2.1137522053989505E-014   5.4752581460724630E-028   6.4714366690989845E-030  -2.1946670812063107E-029   7.0922386901170886E-028   3.0621113900243572E-030   5.3752647209790509E-028   2.0319572223280576E-018  -4.5811748262663107E-018  -2.1601040314345857E-018  -2.2997375231545319E-014  -2.0511673504321702E-017   4.6244852639838854E-017   2.1805256601234251E-017   1.9398454216484434E-027   4.5682156534198817E-030  -3.0399975572216641E-031   1.9304264637216157E-027   1.1071246705917505E-029   1.9774465111050494E-027  -6.8079326738968793E-016   1.5348910620235353E-015   7.2372797299112675E-016   3.2920673055912434E-014   3.2288211322826786E-014  -3.7097470086255256E-015   1.5515560997123490E-015
   3.6063309613502957E-020   1.2713529546870737E-021   1.2834686545480542E-020   4.9645239456207878E-018  -1.2755140978841468E-019  -4.4966161834943723E-021  -4.5394678985006659E-020  -4.4687035716408175E-017   1.4745287469536061E-030   7.6556692901135277E-031  -2.5717531714308632E-031   2.9141103347020105E-030  -5.9283496351410884E-032   2.7898714232434849E-031   2.6840925068956541E-019   9.4623288167702591E-021   9.5525026279071911E-020  -8.0182288723035638E-018  -2.7094679235993020E-018  -9.5517856962052123E-020  -9.6428120107968040E-019   1.1108492469899872E-029  -3.3377263333954443E-031  -3.4277187893429279E-031   1.1071246705917505E-029   8.6960105842005719E-031   1.1625790030229583E-029  -8.9928670140613822E-017  -3.1702880763440938E-018  -3.2005001904666650E-017   4.5413603631838452E-016   5.1480404020485768E-016  -9.0132446202005940E-016  -5.1019507270902821E-016
   3.1811660281718136E-019  -4.4906908562482551E-019  -7.1258869369887325E-021  -6.6459863188781930E-017  -1.1251385854480264E-018   1.5883011179111417E-018   2.5203370087192904E-020  -2.0855305051129532E-014   5.6461800853263633E-028   7.1571874872818297E-030  -2.2406078363286108E-029   7.2549673106907836E-028   2.9294168446241083E-030   5.5345983626867209E-028   2.3676539925627822E-018  -3.3422971466378961E-018  -5.3036008894578784E-020  -2.2530443058333454E-014  -2.3900377987171197E-017   3.3738952318144140E-017   5.3537411458729102E-019   1.9872325301884743E-027   4.7408447413009555E-030  -2.9143415946577590E-031   1.9774465111050494E-027   1.1625790030229583E-029   2.0283211764435567E-027  -7.9326615735778709E-016   1.1198136311183021E-015   1.7769349372511277E-017   3.4002262386035764E-014   3.3640619711281135E-014  -3.7658244477424388E-015   1.6842232175859042E-015
  -7.8497019500252071E-004   1.4953680495903992E-015  -4.7879817819137588E-016   6.4336339433412050E-015   2.7763412760338541E-003  -1.6828621100491207E-015   2.1002690676334329E-015  -7.5365667699002327E-015  -7.4418263328652629E-016  -6.8868640911823523E-017   1.2276625139891831E-016  -6.9111000255689975E-016   3.3275968574860895E-016  -2.3480744974012588E-016  -5.8423163089191743E-003   7.8095883630582333E-016  -4.3160133958122142E-015   4.8820657244081256E-015   5.8975495812697905E-002  -3.9441157723593739E-016   3.1535765074612244E-015  -5.5179165786553649E-016   2.5621875228743884E-016  -3.3336609755605175E-017  -6.8079326738968793E-016  -8.9928670140613822E-017  -7.9326615735778709E-016   1.9574278267542184        5.2284208269503605E-016  -1.2333341813108830E-015   4.3867857816195066E-015  -3.0611772660432763E-015  -5.3757088267462443E-016  -8.0468446815845399E-016
  -1.9240905370926572E-016  -7.8497019500984862E-004   9.2172775000787722E-017   2.5060370351026313E-015  -1.2489050286157143E-015   2.7763412760498465E-003   9.4622282886366490E-016  -4.1503461720537449E-015   6.1026482763616656E-016   6.3837858986449659E-018  -3.1710796810829413E-017   3.4957400718764155E-016   1.6402401100899981E-016  -5.6005722679248207E-016   2.2628123631490658E-015  -5.8423163089370940E-003   2.0027306933411517E-015   3.1636514153296462E-015  -1.4980811075526252E-015   5.8975495812710263E-002  -3.5303148845292811E-015   8.9677996415004493E-016   4.0804784501086665E-016  -7.9560163347596013E-017   1.5348910620235353E-015  -3.1702880763440938E-018   1.1198136311183021E-015   5.2284208269503605E-016   1.9574278267541987       -8.7559071036528566E-016  -3.7942283859142744E-015   1.3427008623334330E-015   8.0182786812624694E-016   4.9364966696433170E-016
  -2.0582903265259366E-016  -2.2822169096232290E-015  -7.8497019500410755E-004   3.6410268341490113E-015   6.6974778672371225E-016   7.1216740950711928E-015   2.7763412760284825E-003  -9.6542287800861429E-015   2.8581375053468385E-015   1.8941419939152744E-016  -3.7737611773338996E-016   1.0480211854296330E-015  -2.0843201722047175E-016   9.1100391736202793E-016  -1.6692739283567790E-015  -3.0852272448392187E-015  -5.8423163089102465E-003   3.5548265369668188E-015   4.0324528113348353E-016  -6.5724324569980168E-016   5.8975495812697953E-002   1.3693867100745270E-015  -1.2395899739639432E-016   3.9378089124217979E-017   7.2372797299112675E-016  -3.2005001904666650E-017   1.7769349372511277E-017  -1.2333341813108830E-015  -8.7559071036528566E-016   1.9574278267541987       -1.1040585475651807E-015   2.3805200967402672E-016  -4.7981162879706660E-016  -4.7856397669199423E-016
   6.3949064795321702E-015   7.0953436893398496E-016   3.0012975959452764E-015   2.0787941918119905E-003  -1.2812607976323222E-014  -6.4135728987100825E-016  -2.2052858778442005E-015 -0.27235021620189082        9.2010320419514131E-015   3.7886832144279577E-016  -4.1638571185952430E-016   1.1673557611181126E-014   1.4819437209392911E-017   8.5562331469081323E-015   1.4881131022506833E-014  -5.4891117867369937E-016  -6.6283276355317926E-016 -0.27098872941219376       -8.4409052038760501E-015   5.0823624398806406E-016   1.5682430947781008E-015   3.3104575305292524E-014  -2.1445446493451577E-017  -1.0756901459571250E-016   3.2920673055912434E-014   4.5413603631838452E-016   3.4002262386035764E-014   4.3867857816195066E-015  -3.7942283859142744E-015  -1.1040585475651807E-015  0.66458636962333117       0.69658975045896032      -0.32833769106982680      -0.12387047495411684     
   7.3641377895375565E-015   7.3992865713776900E-016   3.3087305569047555E-015   5.1217514908356854E-003  -1.4798439413946525E-014  -3.4998749254116242E-016  -2.6068205112946840E-015 -0.16735072843789062        9.5156194609444194E-015   4.7703229696992044E-016  -4.2171851179834195E-016   1.1300884977214920E-014  -1.6182417111462056E-017   8.6038740941982223E-015   1.7091328178587942E-014  -6.0775071399745120E-016  -6.9143182662583694E-016 -0.13619062408259131       -9.8946225879138401E-015   7.7446371629380632E-016   1.6432779969970331E-015   3.2496223247305753E-014  -2.2947756454790025E-017  -1.1986771419881820E-016   3.2288211322826786E-014   5.1480404020485768E-016   3.3640619711281135E-014  -3.0611772660432763E-015   1.3427008623334330E-015   2.3805200967402672E-016  0.69658975045896032       0.76528387742526827      -0.35921823574628625      -0.13462742346883674     
  -1.3819333026862736E-014  -8.2623100796266045E-016  -2.3226226929896954E-015  -2.6701057185799810E-003   2.7516963398321175E-014   3.3539539748645770E-016   1.7084160797237156E-015   6.9668983992291988E-002   1.5186221946015418E-015  -7.6127594726285999E-016   1.8582068642393281E-016  -1.4747427060305340E-016   3.4991662108700517E-017   2.5897191880831693E-015  -2.9697809068012652E-014   1.8461655830604282E-016   2.8079227194792145E-015   5.2483716228119141E-002   1.6924470033465949E-014  -9.7911330337737627E-016  -2.7363033373038230E-015  -3.6912685440767543E-015   4.0844025417400011E-016   3.9478641073847883E-016  -3.7097470086255256E-015  -9.0132446202005940E-016  -3.7658244477424388E-015  -5.3757088267462443E-016   8.0182786812624694E-016  -4.7981162879706660E-016 -0.32833769106982680      -0.35921823574628625        1.0206514235977362       0.60548785350394141     
  -7.8861145153253087E-015  -4.3540850363759702E-016  -1.0715833836681247E-015  -1.0314121612357409E-003   1.5685549185167027E-014   1.7496847210978282E-016   7.6429489662297319E-016   2.5592663222524195E-002   2.1271391794588275E-015  -4.2508572488744824E-016   6.6957102512108299E-017   1.2732755204376274E-015   1.9837810637294612E-017   2.6940621955122187E-015  -1.6791669324858199E-014   4.3554829875507105E-017   1.7033296822838119E-015   1.8888892390785932E-002   9.5483206353381007E-015  -5.3281358103551545E-016  -1.5474603937189958E-015   1.5889472722743128E-015   2.5713935700791161E-016   2.3651381540332764E-016   1.5515560997123490E-015  -5.1019507270902821E-016   1.6842232175859042E-015  -8.0468446815845399E-016   4.9364966696433170E-016  -4.7856397669199423E-016 -0.12387047495411684      -0.13462742346883674       0.60548785350394141       0.36884387165848764     
