   2.0391088062123915E-030   3.7325738788396032E-031  -1.1454479420458928E-030   2.6917155596691323E-030  -7.6172845838242334E-031   2.8297481323777088E-030  -7.3733118002406189E-019  -2.5416758910662919E-018   1.3988681115193810E-017   9.4257913929179329E-018  -2.7338608422391772E-018  -9.4239717246387563E-018   5.1866933843928906E-017   4.6409678340804297E-016  -8.4080364679781707E-031  -3.2393993720412277E-031   5.8720941338206870E-031   2.0603772292724340E-031  -2.0211126102740782E-032  -5.2683597437024910E-031  -5.0059505212977273E-018  -1.7256158557444622E-017   9.4973123906899058E-017   5.4594538659445766E-016   9.6712074284602722E-016   6.6437920577065321E-016
   3.7325738788396032E-031   1.5969124828930756E-031  -3.0827388301491855E-031   6.5100336130568016E-031  -1.8478529729578212E-031   8.4483000314609173E-031   8.2575441458325057E-018  -1.9681952903613453E-017  -1.3199849329562185E-017   3.4396217458244737E-018   3.0617146276930640E-017  -7.2976325699661260E-017  -4.8942120153319018E-017   1.9720623749606446E-016   3.2562164538433056E-031  -6.2167368518779109E-032   1.1952821521855958E-031   4.9573758606934931E-031  -1.5372875252332441E-032   1.7983430140723721E-031   5.6062809415038024E-017  -1.3362636094509254E-016  -8.9617521166262863E-017   2.2383692530867291E-016   6.4564335106416144E-017   6.4668918711596731E-017
  -1.1454479420458928E-030  -3.0827388301491855E-031   8.7035603798453878E-031  -1.3203336681072068E-030   4.0019086655087471E-031  -1.7038735495135967E-030   3.7141669492768252E-018   3.7584842963059079E-017   2.3708228405217765E-017  -4.6539276448354192E-018   1.3771309093196622E-017   1.3935628008434379E-016   8.7904864234462182E-017  -2.1560327838231528E-016   7.4372263530086122E-031   2.0733487854772856E-031  -4.0224082484626886E-031   6.8318749845216261E-032   1.7885807782679957E-032   5.0306709944143410E-031   2.5216532922571942E-017   2.5517415961930811E-016   1.6096188735736886E-016  -2.5758957223893944E-016  -6.1771868402470755E-016  -4.1447368180717446E-016
   2.6917155596691323E-030   6.5100336130568016E-031  -1.3203336681072068E-030   5.2835757353248272E-030  -1.3408853624032425E-030   5.4619349701448787E-030  -9.1197385538398683E-019   2.3676270341861856E-017   1.7887770008098373E-017   2.5612645294966244E-017  -3.3813972335967570E-018   8.7786370807946685E-017   6.6323892580393530E-017   1.4848050955243180E-015   2.8465380082277925E-030  -3.5549872618182777E-031   6.1571304574688431E-031   3.8276517835170956E-030  -4.6876827309801091E-032   1.8285426466311870E-030  -6.1916491807886649E-018   1.6074491500051819E-016   1.2144514435689603E-016   1.6812076552740085E-015   3.1161417004106454E-016   3.7726160400118874E-016
  -7.6172845838242334E-031  -1.8478529729578212E-031   4.0019086655087471E-031  -1.3408853624032425E-030   3.9355556529958462E-031  -1.3936176868857295E-030  -1.4522937374916610E-017  -1.2233477057436991E-017   8.1363441116766661E-018  -6.0010735723572237E-018  -5.3847837822695907E-017  -4.5359025628956398E-017   3.0167763372161882E-017  -3.3596059101753431E-016  -4.2512460446305916E-031   1.1078951263418091E-031  -1.9639662093979749E-031  -7.4466372033937569E-031   2.9183744251089630E-033  -2.6289675290823290E-031  -9.8600341193140844E-017  -8.3056545704392508E-017   5.5239948005402587E-017  -3.8336476664345306E-016  -1.9654348792266277E-016  -1.6455187814177406E-016
   2.8297481323777088E-030   8.4483000314609173E-031  -1.7038735495135967E-030   5.4619349701448787E-030  -1.3936176868857295E-030   6.1071409922837090E-030  -1.0798481705856625E-017  -2.7905722799899642E-017  -2.5395591867909921E-017   2.7459780682686917E-017  -4.0038380433467439E-017  -1.0346824453359603E-016  -9.4161234536238557E-017   1.5927071974367242E-015   3.0351917385975019E-030  -4.0268814863434664E-031   7.3621099862113856E-031   4.1518247307612513E-030  -6.2964691543517038E-032   1.9028486715929317E-030  -7.3313955233624096E-017  -1.8945986740006244E-016  -1.7241787651736073E-016   1.8031785332092543E-015   3.2558901879957933E-016   3.9922976038016782E-016
  -7.3733118002406189E-019   8.2575441458325057E-018   3.7141669492768252E-018  -9.1197385538398683E-019  -1.4522937374916610E-017  -1.0798481705856625E-017   1.0507433202241621E-002  -1.6570082030662255E-016  -6.3074255477732123E-017  -1.4547227470845969E-017   3.8959236991846037E-002  -4.0264473477385691E-016  -3.1214328776623756E-017  -1.3210953658067627E-016   9.0842689542131973E-018   1.2407366801022389E-019  -3.3496982782478095E-018   1.8701148166711274E-018  -1.9251906524394543E-018  -3.4425625594526865E-018   7.1337944388202831E-002  -6.8108902849181615E-016  -4.9979179052740090E-017  -1.3751028205278079E-016   3.6063950845720330E-016   2.1119698518228183E-016
  -2.5416758910662919E-018  -1.9681952903613453E-017   3.7584842963059079E-017   2.3676270341861856E-017  -1.2233477057436991E-017  -2.7905722799899642E-017  -1.6570082030662255E-016   1.0507433202241567E-002  -2.1757692964473880E-016  -4.5750588453567213E-017  -1.6041279361691381E-016   3.8959236991845898E-002  -4.1969677855150720E-016  -4.7476259862139178E-016   1.1696535974051040E-017   3.1650201431891905E-018  -7.9511659475055694E-018   3.4755574329532535E-018   6.7106040759398205E-018   1.5109508406968473E-017  -4.2427880327967934E-016   7.1337944388202443E-002  -6.8531318179977384E-016  -5.4816838572356056E-016  -2.1055213438849475E-016  -1.9354489750100189E-016
   1.3988681115193810E-017  -1.3199849329562185E-017   2.3708228405217765E-017   1.7887770008098373E-017   8.1363441116766661E-018  -2.5395591867909921E-017  -6.3074255477732123E-017  -2.1757692964473880E-016   1.0507433202241602E-002  -4.2228306652264385E-017  -2.0457327983849070E-016  -4.8153103073401769E-016   3.8959236991846051E-002   5.5287143552165817E-017  -7.6694078486784865E-018   1.7178471589265642E-018  -8.5351635380728870E-018  -1.3117528937128622E-017  -4.6205617365555219E-018  -9.5538748329539219E-019  -3.4377509790673578E-016  -7.9689791413926565E-016   7.1337944388202790E-002   9.9398916703160157E-017   4.4144554053571290E-016   2.8587836362126556E-016
   9.4257913929179329E-018   3.4396217458244737E-018  -4.6539276448354192E-018   2.5612645294966244E-017  -6.0010735723572237E-018   2.7459780682686917E-017  -1.4547227470845969E-017  -4.5750588453567213E-017  -4.2228306652264385E-017   1.4788672147220214E-004  -4.5978863853930044E-017  -1.2766616159281081E-016  -1.5343824144105605E-016   9.0509838458943601E-003   2.7215524923111601E-017  -1.0027074175806170E-018   1.6633966616632197E-018   2.9088254866833446E-017  -3.5652607762413837E-019   1.7234095102360543E-017  -8.2584873008087634E-017  -2.4319971575608077E-016  -2.8589065808913619E-016   1.0129473879027124E-002  -3.1473909176506433E-003  -8.7137125267034246E-004
  -2.7338608422391772E-018   3.0617146276930640E-017   1.3771309093196622E-017  -3.3813972335967570E-018  -5.3847837822695907E-017  -4.0038380433467439E-017   3.8959236991846037E-002  -1.6041279361691381E-016  -2.0457327983849070E-016  -4.5978863853930044E-017  0.14445222898614452        1.9030119819372903E-016  -7.1269352181972255E-018   1.6249187680227236E-016   3.3682458910080709E-017   4.6003770315966931E-019  -1.2419939918876164E-017   6.9339718789887279E-018  -7.1381808895888810E-018  -1.2764260122473975E-017  0.26450531052038534        5.5679880194350923E-016   1.3566079683224990E-017   1.8130581486952709E-016  -5.4282287879842895E-016  -3.1843540482143965E-016
  -9.4239717246387563E-018  -7.2976325699661260E-017   1.3935628008434379E-016   8.7786370807946685E-017  -4.5359025628956398E-017  -1.0346824453359603E-016  -4.0264473477385691E-016   3.8959236991845898E-002  -4.8153103073401769E-016  -1.2766616159281081E-016   1.9030119819372903E-016  0.14445222898614424       -3.5038534302710799E-016   6.1699004307136119E-016   4.3368166918208710E-017   1.1735194263824719E-017  -2.9481163719819809E-017   1.2886597811572575E-017   2.4881434839596250E-017   5.6022713399863965E-017  -1.3559303419646798E-016  0.26450531052038428       -3.3313467002332627E-016   6.7308828036867106E-016   3.0539172982684503E-016   2.5532434680212028E-016
   5.1866933843928906E-017  -4.8942120153319018E-017   8.7904864234462182E-017   6.6323892580393530E-017   3.0167763372161882E-017  -9.4161234536238557E-017  -3.1214328776623756E-017  -4.1969677855150720E-016   3.8959236991846051E-002  -1.5343824144105605E-016  -7.1269352181972255E-018  -3.5038534302710799E-016  0.14445222898614488        6.2903763223058703E-016  -2.8436467043157431E-017   6.3693971012938210E-018  -3.1646497545472854E-017  -4.8636894355885547E-017  -1.7132020376919189E-017  -3.5423653583411716E-018   1.0121450796625846E-016  -3.2705636159382946E-016  0.26450531052038578        7.8846914097505903E-016  -8.3387073084945040E-016  -4.4055411085524565E-016
   4.6409678340804297E-016   1.9720623749606446E-016  -2.1560327838231528E-016   1.4848050955243180E-015  -3.3596059101753431E-016   1.5927071974367242E-015  -1.3210953658067627E-016  -4.7476259862139178E-016   5.5287143552165817E-017   9.0509838458943601E-003   1.6249187680227236E-016   6.1699004307136119E-016   6.2903763223058703E-016  0.56290313223820410        1.8692483886284735E-015  -4.0581170114591251E-017   6.2828370454297279E-017   1.9097720464035984E-015  -2.2627023502836641E-017   1.1835632084945756E-015   3.0695482835648522E-016   6.8261213650114410E-016   7.2898532946065717E-016  0.62786713930077021      -0.28543420657360680      -0.11054659823180095     
  -8.4080364679781707E-031   3.2562164538433056E-031   7.4372263530086122E-031   2.8465380082277925E-030  -4.2512460446305916E-031   3.0351917385975019E-030   9.0842689542131973E-018   1.1696535974051040E-017  -7.6694078486784865E-018   2.7215524923111601E-017   3.3682458910080709E-017   4.3368166918208710E-017  -2.8436467043157431E-017   1.8692483886284735E-015   9.6595470089163454E-030   2.9000170227986060E-031  -5.8469102067662310E-031   8.3098443820800918E-030  -7.4760469322449657E-032   6.1117071822961833E-030   6.1675678635289801E-017   7.9411100388773695E-017  -5.2069785271884032E-017   2.0440566736721390E-015  -2.6872543500315975E-015  -1.4599930177454432E-015
  -3.2393993720412277E-031  -6.2167368518779109E-032   2.0733487854772856E-031  -3.5549872618182777E-031   1.1078951263418091E-031  -4.0268814863434664E-031   1.2407366801022389E-019   3.1650201431891905E-018   1.7178471589265642E-018  -1.0027074175806170E-018   4.6003770315966931E-019   1.1735194263824719E-017   6.3693971012938210E-018  -4.0581170114591251E-017   2.9000170227986060E-031   5.6239008864126559E-032  -1.0549223818465476E-031   1.0203232870688268E-031   1.7894026244733275E-033   1.8619242585893048E-031   8.4237132496562797E-019   2.1488219493433918E-017   1.1662951620268364E-017  -5.0309759041588424E-017  -1.9388172953476631E-016  -1.2677892888632304E-016
   5.8720941338206870E-031   1.1952821521855958E-031  -4.0224082484626886E-031   6.1571304574688431E-031  -1.9639662093979749E-031   7.3621099862113856E-031  -3.3496982782478095E-018  -7.9511659475055694E-018  -8.5351635380728870E-018   1.6633966616632197E-018  -1.2419939918876164E-017  -2.9481163719819809E-017  -3.1646497545472854E-017   6.2828370454297279E-017  -5.8469102067662310E-031  -1.0549223818465476E-031   2.0219756317736588E-031  -2.2851840831298108E-031  -1.2127661124050695E-033  -3.7575821228789227E-031  -2.2742051735331142E-017  -5.3982720924031625E-017  -5.7947646214242453E-017   7.9489306272192864E-017   3.6814033172197685E-016   2.3898758063691250E-016
   2.0603772292724340E-031   4.9573758606934931E-031   6.8318749845216261E-032   3.8276517835170956E-030  -7.4466372033937569E-031   4.1518247307612513E-030   1.8701148166711274E-018   3.4755574329532535E-018  -1.3117528937128622E-017   2.9088254866833446E-017   6.9339718789887279E-018   1.2886597811572575E-017  -4.8636894355885547E-017   1.9097720464035984E-015   8.3098443820800918E-030   1.0203232870688268E-031  -2.2851840831298108E-031   7.6104956808187835E-030  -7.4138624026759733E-032   5.2563447178967717E-030   1.2696739938622204E-017   2.3596545235921880E-017  -8.9058624672278399E-017   2.1068496667626055E-015  -1.9599800932581623E-015  -9.9808148431902664E-016
  -2.0211126102740782E-032  -1.5372875252332441E-032   1.7885807782679957E-032  -4.6876827309801091E-032   2.9183744251089630E-033  -6.2964691543517038E-032  -1.9251906524394543E-018   6.7106040759398205E-018  -4.6205617365555219E-018  -3.5652607762413837E-019  -7.1381808895888810E-018   2.4881434839596250E-017  -1.7132020376919189E-017  -2.2627023502836641E-017  -7.4760469322449657E-032   1.7894026244733275E-033  -1.2127661124050695E-033  -7.4138624026759733E-032   7.6024862476721270E-033  -4.2441492788455107E-032  -1.3070665409617880E-017   4.5560194499119711E-017  -3.1370304227518811E-017  -2.5133265842058106E-017   1.5941890616848366E-017   7.2511448916538276E-018
  -5.2683597437024910E-031   1.7983430140723721E-031   5.0306709944143410E-031   1.8285426466311870E-030  -2.6289675290823290E-031   1.9028486715929317E-030  -3.4425625594526865E-018   1.5109508406968473E-017  -9.5538748329539219E-019   1.7234095102360543E-017  -1.2764260122473975E-017   5.6022713399863965E-017  -3.5423653583411716E-018   1.1835632084945756E-015   6.1117071822961833E-030   1.8619242585893048E-031  -3.7575821228789227E-031   5.2563447178967717E-030  -4.2441492788455107E-032   3.8820888368338851E-030  -2.3372533680888877E-017   1.0258273830753404E-016  -6.4863966147235860E-018   1.2942746743089371E-015  -1.7003548530011430E-015  -9.2370990805277455E-016
  -5.0059505212977273E-018   5.6062809415038024E-017   2.5216532922571942E-017  -6.1916491807886649E-018  -9.8600341193140844E-017  -7.3313955233624096E-017   7.1337944388202831E-002  -4.2427880327967934E-016  -3.4377509790673578E-016  -8.2584873008087634E-017  0.26450531052038534       -1.3559303419646798E-016   1.0121450796625846E-016   3.0695482835648522E-016   6.1675678635289801E-017   8.4237132496562797E-019  -2.2742051735331142E-017   1.2696739938622204E-017  -1.3070665409617880E-017  -2.3372533680888877E-017  0.48433353908437182        1.3320778941700071E-016   2.3406569651246478E-016   3.6345665372738819E-016  -1.0755758590620307E-016  -2.4992656356755964E-017
  -1.7256158557444622E-017  -1.3362636094509254E-016   2.5517415961930811E-016   1.6074491500051819E-016  -8.3056545704392508E-017  -1.8945986740006244E-016  -6.8108902849181615E-016   7.1337944388202443E-002  -7.9689791413926565E-016  -2.4319971575608077E-016   5.5679880194350923E-016  0.26450531052038428       -3.2705636159382946E-016   6.8261213650114410E-016   7.9411100388773695E-017   2.1488219493433918E-017  -5.3982720924031625E-017   2.3596545235921880E-017   4.5560194499119711E-017   1.0258273830753404E-016   1.3320778941700071E-016  0.48433353908436905       -3.4064277006778012E-017   7.0143665555588881E-016  -5.8668526785526641E-016  -3.0710708415004523E-016
   9.4973123906899058E-017  -8.9617521166262863E-017   1.6096188735736886E-016   1.2144514435689603E-016   5.5239948005402587E-017  -1.7241787651736073E-016  -4.9979179052740090E-017  -6.8531318179977384E-016   7.1337944388202790E-002  -2.8589065808913619E-016   1.3566079683224990E-017  -3.3313467002332627E-016  0.26450531052038578        7.2898532946065717E-016  -5.2069785271884032E-017   1.1662951620268364E-017  -5.7947646214242453E-017  -8.9058624672278399E-017  -3.1370304227518811E-017  -6.4863966147235860E-018   2.3406569651246478E-016  -3.4064277006778012E-017  0.48433353908437232        9.9902770436477134E-016  -1.6867207595609575E-016  -4.9795472150985988E-018
   5.4594538659445766E-016   2.2383692530867291E-016  -2.5758957223893944E-016   1.6812076552740085E-015  -3.8336476664345306E-016   1.8031785332092543E-015  -1.3751028205278079E-016  -5.4816838572356056E-016   9.9398916703160157E-017   1.0129473879027124E-002   1.8130581486952709E-016   6.7308828036867106E-016   7.8846914097505903E-016  0.62786713930077021        2.0440566736721390E-015  -5.0309759041588424E-017   7.9489306272192864E-017   2.1068496667626055E-015  -2.5133265842058106E-017   1.2942746743089371E-015   3.6345665372738819E-016   7.0143665555588881E-016   9.9902770436477134E-016  0.70081733107216826      -0.29759954048758169      -0.11025054968307804     
   9.6712074284602722E-016   6.4564335106416144E-017  -6.1771868402470755E-016   3.1161417004106454E-016  -1.9654348792266277E-016   3.2558901879957933E-016   3.6063950845720330E-016  -2.1055213438849475E-016   4.4144554053571290E-016  -3.1473909176506433E-003  -5.4282287879842895E-016   3.0539172982684503E-016  -8.3387073084945040E-016 -0.28543420657360680       -2.6872543500315975E-015  -1.9388172953476631E-016   3.6814033172197685E-016  -1.9599800932581623E-015   1.5941890616848366E-017  -1.7003548530011430E-015  -1.0755758590620307E-016  -5.8668526785526641E-016  -1.6867207595609575E-016 -0.29759954048758169        1.0278942598897303       0.61095847450671914     
   6.6437920577065321E-016   6.4668918711596731E-017  -4.1447368180717446E-016   3.7726160400118874E-016  -1.6455187814177406E-016   3.9922976038016782E-016   2.1119698518228183E-016  -1.9354489750100189E-016   2.8587836362126556E-016  -8.7137125267034246E-004  -3.1843540482143965E-016   2.5532434680212028E-016  -4.4055411085524565E-016 -0.11054659823180095       -1.4599930177454432E-015  -1.2677892888632304E-016   2.3898758063691250E-016  -9.9808148431902664E-016   7.2511448916538276E-018  -9.2370990805277455E-016  -2.4992656356755964E-017  -3.0710708415004523E-016  -4.9795472150985988E-018 -0.11025054968307804       0.61095847450671914       0.37036491893961515     
