   9.1204166543064282E-006  -1.3778175933804884E-014   1.8262520291099250E-013  -6.7445916489075049E-015   3.9501611057638774E-014   6.2869515785830903E-014   1.9838835826074190E-014   2.2515920207149895E-013  -1.3093631037471319E-014  -2.6819527462255539E-005   2.8438968553851132E-014  -6.0743619756567664E-013  -2.9666374514045581E-009  -4.6761895933267295E-009   5.7038621744382817E-005  -1.8463696953055828E-013   5.5216035522866534E-013  -1.5926425523745675E-009   3.3845908027593639E-005  -5.0813301423225115E-015  -3.5892454626206743E-012  -3.8748959962209350E-012   1.1031317559584931E-012   4.2023002642205859E-012   2.2911910611808217E-012   8.3567444394031511E-012   1.5836953058116255E-012   2.0229943254548455E-003  -1.3575017518951409E-012   2.1068037194563668E-011   2.5574641669956061E-009   2.6573910288757779E-003  -2.1054641703190332E-012   2.9753634255140368E-011   9.1708442768228261E-010  -1.5145085977825913E-012  -6.2734007575582937E-014   6.4195110336848326E-013   8.1202004010160190E-013   1.1434909515240031E-013   7.0250514683412588E-013   6.6554295872675779E-005  -8.4420405131125484E-013  -3.8757436746660750E-012  -1.4921470701978821E-003   1.3077131749515478E-012  -1.7978134905106394E-011  -5.5807696964701840E-010   3.0395515148758611E-005  -3.5269579497690248E-014  -6.9790250836132408E-014  -8.1526524343137194E-010  -2.2787363861386142E-012  -5.8440542036722293E-013   6.1847915540695313E-013   1.1506859341632185E-012  -2.0284712010941847E-012   1.1280424514146167E-012   1.3349324144222652E-010   1.0091701412122255E-009  -1.2904977132893420E-009   3.3928092701486353E-012
  -1.3778175933804884E-014   9.1204163250709422E-006  -2.8333552339882424E-014   5.4279320371159182E-014   3.6408965712744565E-014   3.8095561633911553E-014  -4.3713239977787748E-014   2.5681300196269985E-014  -1.0567029857603370E-014   3.9717700948548817E-014  -2.6819526455807583E-005   9.3854730651088146E-014   2.0421382716903710E-009   3.2209502546073623E-009  -1.8500920196911070E-013   5.7038620173535334E-005   1.1195635910164233E-013   1.0934691569929627E-009  -6.1710138764380857E-014   3.3845913828422735E-005   8.2689268076485883E-013  -3.0257293596410311E-012  -3.9436344395612900E-012  -3.6979764018965861E-012   2.2287143997424809E-012   4.0640401979833492E-012   7.9702519253147798E-013  -1.3487116311154543E-012   2.0229942894216049E-003  -3.6316708934927407E-012  -1.7603030268470663E-009  -2.1098489620018690E-012   2.6573909769743507E-003  -4.7344826729293583E-012  -6.2803082577824461E-010  -6.8222700556859404E-014  -1.3591747668001003E-012   4.2665462168438449E-013   5.4096773365807214E-014   9.5064334413968102E-013   1.4082081190681260E-014  -8.4869633976361520E-013   6.6554299099939274E-005   2.0873478831200318E-012   1.3225204696755515E-012  -1.4921470387473221E-003   2.8568946254264570E-012   3.8049853684010537E-010  -3.7399748606884091E-014   3.0395515139969232E-005   5.9671464373120746E-014   5.5848118434351889E-010   8.1197751228543944E-013  -1.9106727444654169E-012   1.8785139090140917E-012  -7.1670442382622313E-013   1.2306490036186416E-012  -9.5213931304497884E-014  -9.5377841556231333E-011  -7.2477502497165182E-010   9.1197607235861934E-010  -2.4456269304615171E-012
   1.8262520291099250E-013  -2.8333552339882424E-014   9.1204162959600224E-006  -8.3956833894871693E-014   3.2842005937238943E-013   1.1836870694231348E-013   2.2939401357621823E-014  -8.2794498082475664E-014   6.1008186520029953E-014  -5.8096975655354475E-013   1.1325732614686507E-013  -2.6819526374622267E-005   3.2258030461453159E-009   5.0789232508998466E-009   6.3019731768005929E-013   6.9005928302978365E-014   5.7038620027353162E-005   1.7352912937782619E-009  -3.7775656272079106E-012   8.7025227463062413E-013   3.3845914668570883E-005  -7.7132034483619395E-012   9.5641569981503201E-012  -6.3618601175392661E-012   2.1547271943359301E-012   2.0201339902925776E-012   5.5584769309688644E-012   1.9549191157441407E-011  -3.0826161665191545E-012   2.0229942861564225E-003  -2.7661424774407934E-009   2.7979522779641491E-011  -4.2836556515608452E-012   2.6573909722428205E-003  -9.9056017555777987E-010  -4.7822010985539091E-013   9.0155118046740803E-014  -1.4378285605634501E-012  -4.7765261681245865E-013   1.1902083272289026E-013   9.5582548350710790E-013  -3.8924787001015736E-012   2.0768378018827158E-012   6.6554299341223629E-005  -1.6926361307421655E-011   2.5785782505904162E-012  -1.4921470360644328E-003   6.0421587879945969E-010  -7.0835963465475952E-014   5.9261707073771312E-014   3.0395515160609663E-005   8.7965306613418814E-010   9.1278278542320683E-013  -2.3908377878459274E-012  -1.3420089712106431E-012  -1.8256861056184759E-012  -5.2656435430991524E-013   9.1293847690148878E-013  -1.4128616934933103E-010  -1.0611193628075323E-009   1.3692484014801292E-009  -3.5829474646608772E-012
  -6.7445916489075049E-015   5.4279320371159182E-014  -8.3956833894871693E-014   6.7312424463727787E-009   6.5930509284421592E-018  -7.9376780702552763E-017  -3.3656211905565618E-009  -1.1535714810520180E-016  -3.3656212558189664E-009   1.9866686880976065E-014  -1.5977142186248982E-013   2.4667686960481460E-013  -1.5905365735343531E-009  -2.5149989393423347E-009  -4.2093027597576056E-014   3.3964588531162883E-013  -5.2468430380801036E-013  -8.4895381894871694E-010  -2.0648730795484236E-014   2.0204647655825885E-013  -3.1082272943718875E-013   3.9237474319185018E-008  -2.6909017225895325E-017   6.9947135163442359E-017  -1.9618737191226434E-008   1.4219149137384416E-016  -1.9618737127928052E-008  -1.4432182998152675E-012   1.2048196416825764E-011  -1.8601622003834843E-011   1.3591966749080835E-009  -1.8865443105393301E-012   1.5825642896842232E-011  -2.4430659199112008E-011   4.7796105423214521E-010   3.9481224970405705E-005  -4.7398489940699198E-014  -3.8333172193414879E-013  -1.9740612430297523E-005  -2.3185947402199119E-013  -1.9740612540100592E-005  -2.2948649165322310E-012  -4.2404041419344027E-013  -1.1297840024781666E-012   1.1617124115580377E-012  -8.8835542516254350E-012   1.3718744086761211E-011  -2.8864348124385712E-010   1.5893751310545948E-013   3.0205760720422701E-014   7.1350615845952627E-014  -4.2597957318467266E-010   9.1254636190762076E-005  -1.0919184942997865E-013  -8.8187661995206573E-013  -4.5627317968129273E-005  -5.3501823617246495E-013  -4.5627318222667281E-005   7.5400483895176068E-011   5.7647127459478001E-010  -7.1548093737808824E-010   1.9533397474336379E-012
   3.9501611057638774E-014   3.6408965712744565E-014   3.2842005937238943E-013   6.5930509284421592E-018   6.7312425250592402E-009   1.1251545493029066E-016  -1.0509465576632511E-017  -2.5814358380529554E-016   3.8717849373423754E-018  -1.1585691063418155E-013  -1.0730788802114080E-013  -9.6603936058102986E-013  -1.1888351957960997E-009  -1.8818006718561996E-009   2.4662653251928270E-013   2.2810164881470395E-013   2.0542249120128457E-012  -6.3318324169178674E-010   1.4582028067420398E-013   1.3925774729014507E-013   1.2214154984647519E-012  -4.1696431850228498E-017   3.9237474282049525E-008  -1.0690120728112050E-016   1.5564410052087920E-017   2.2687704650209356E-016   2.6272790135127765E-017   8.7571352094973288E-012   8.1354069829917096E-012   7.2874767454164687E-011   1.0385548845838097E-009   1.1498958327124668E-011   1.0693423206867469E-011   9.5727047879525309E-011   3.7674796713038040E-010  -2.4420298140118160E-015   3.9481225228240514E-005   2.1721254997071263E-013  -4.1028702720201099E-014  -6.7803731348344704E-013   4.3470569857001027E-014   1.1995314034798045E-012  -1.8063706726198628E-012   1.2314901461881940E-013  -6.5045833764181887E-012  -5.9241273417791489E-012  -5.3686475155031410E-011  -2.2858149265120798E-010  -4.4226403719967501E-014   1.4189241908201681E-013   1.5876233851459240E-014  -3.3261469917922451E-010  -5.2385756334550562E-015   9.1254636783479453E-005   5.0086497514493431E-013  -9.5295112934293627E-014  -1.5633085174896091E-012   1.0053364542656982E-013   5.6291352216772714E-011   4.3169847358437235E-010  -5.4326327030317382E-010   1.4602665102253805E-012
   6.2869515785830903E-014   3.8095561633911553E-014   1.1836870694231348E-013  -7.9376780702552763E-017   1.1251545493029066E-016   6.7312426728524994E-009   2.6143483155465553E-016  -9.1329447915006938E-017  -1.8206271212382004E-016  -1.8411598199422173E-013  -1.1243268525772094E-013  -3.4868385266131042E-013  -4.1186134416530226E-009  -6.5165010201131178E-009   3.9207408823460676E-013   2.3912981227032077E-013   7.4124477502677362E-013  -2.1955491022501369E-009   2.3064336903513082E-013   1.4013488893081551E-013   4.4390103818325326E-013  -4.3967226348533136E-017  -5.6384863491576960E-017   3.9237474282130953E-008  -2.3197395310141102E-016   3.5961919996596825E-017   2.7585664836812227E-016   1.3894592004595594E-011   8.4568248284043465E-012   2.6336399854107660E-011   3.5656969036164597E-009   1.8240297444416869E-011   1.1098050403090329E-011   3.4599675262504102E-011   1.2773905849648782E-009  -3.9080226874511538E-013   2.1488437263190758E-013   3.9481225299119019E-005   7.5946229715813466E-013  -3.0847326551815862E-015  -3.6865845819304709E-013   2.2316433039308744E-012  -9.5215006431021568E-013  -1.5729936329026348E-012  -1.0318785248474835E-011  -6.2547221570160311E-012  -1.9371145359944941E-011  -7.7357672181662139E-010  -1.1843994838417552E-013   1.6312187965127182E-014   1.4675923743796278E-013  -1.1320245450315500E-009  -8.9905759338324812E-013   4.9544980596811192E-013   9.1254636946040999E-005   1.7500311209547807E-012  -6.8696447895480262E-015  -8.5097316673054887E-013   1.9513318865434891E-010   1.4946019895561578E-009  -1.8701446380387832E-009   5.0590263741983804E-012
   1.9838835826074190E-014  -4.3713239977787748E-014   2.2939401357621823E-014  -3.3656211905565618E-009  -1.0509465576632511E-017   2.6143483155465553E-016   6.7312427446227491E-009   3.6741825237903548E-017  -3.3656215540102501E-009  -5.8273354561693302E-014   1.2866592319676226E-013  -6.7598938466380107E-014   9.6778802092116572E-011   1.5219452850443846E-010   1.2394715886780322E-013  -2.7352969976787514E-013   1.4357345111138383E-013   5.2228852250369897E-011   7.1370036069989162E-014  -1.6339835517701510E-013   8.7639212370513764E-014  -1.9618737094157222E-008   1.4961904622921766E-017  -2.2449228857590146E-016   3.9237474047103193E-008  -8.1070288164354103E-017  -1.9618736952762707E-008   4.3705806460617674E-012  -9.7003964919739301E-012   5.1127054047284456E-012  -7.3178796101714111E-011   5.7357043454679772E-012  -1.2745389802451472E-011   6.7267466745026357E-012  -2.0874938042005423E-011  -1.9740612400786681E-005  -1.4968901150237474E-014   7.9611267672962301E-013   3.9481225906312351E-005   8.8505044201484380E-014  -1.9740613505528275E-005   1.0425901027183863E-012   1.0630724145831785E-012  -1.0100531302697198E-012  -3.2680053510095405E-012   7.1155145987359518E-012  -3.7011654153887266E-012   1.2200426000534230E-011  -7.8933960034475081E-014  -5.1622293602575627E-014   6.4266301005289007E-014   2.0013655201977919E-011  -4.5627317899989165E-005  -3.5034887410469826E-014   1.8347982795492769E-012   9.1254638346796867E-005   2.0316737207625814E-013  -4.5627320446795206E-005  -4.6265647156779915E-012  -3.4670420483628288E-011   3.9969939596119278E-011  -1.1824337626862368E-013
   2.2515920207149895E-013   2.5681300196269985E-014  -8.2794498082475664E-014  -1.1535714810520180E-016  -2.5814358380529554E-016  -9.1329447915006938E-017   3.6741825237903548E-017   6.7312429280578858E-009   7.8652190409891689E-017  -6.6259503369608524E-013  -7.5155291498093087E-014   2.4385031208255449E-013   2.6504961392624552E-009   4.1951037601851771E-009   1.4087438833983720E-012   1.6023110411452190E-013  -5.1832189928880768E-013   1.4119166929666464E-009   8.3760882486912919E-013   9.2006500494223076E-014  -3.0873880866487324E-013   2.3622882304515156E-016   2.2210378695090085E-016   1.6057102246390091E-016  -6.3027369728054393E-017   3.9237473924374663E-008  -1.7312399320971818E-016   4.9971610575782047E-011   5.6507852917043871E-012  -1.8386615542696150E-011  -2.3114492135505705E-009   6.5642197327999602E-011   7.4089450619854208E-012  -2.4153246859022315E-011  -8.3650535775789577E-010  -2.4853022244526018E-013  -6.9151775443435772E-013  -2.2984513514512578E-014   1.1594992145268889E-013   3.9481226281272240E-005   1.3257813211488345E-013  -1.7351523533614960E-014   1.5571811013565169E-012   7.0612200874098269E-013  -3.6800264720678345E-011  -4.2266222578851054E-012   1.3536481971031952E-011   5.0741609695329620E-010   1.1607422846127763E-014  -1.1640536669028696E-013  -5.3173251555210217E-014   7.3917958612631728E-010  -5.7369828183103913E-013  -1.5945199510535128E-012  -5.3038402024943300E-014   2.6668346485660824E-013   9.1254639210967405E-005   3.0701498898791155E-013  -1.2553462163048580E-010  -9.6227987514209233E-010   1.2097626126353395E-009  -3.2559454487047025E-012
  -1.3093631037471319E-014  -1.0567029857603370E-014   6.1008186520029953E-014  -3.3656212558189664E-009   3.8717849373423754E-018  -1.8206271212382004E-016  -3.3656215540102501E-009   7.8652190409891689E-017   6.7312428097760288E-009   3.8404869395848269E-014   3.1108282287307003E-014  -1.7905076717544322E-013   1.4937482797452829E-009   2.3627900601961879E-009  -8.1850300821681440E-014  -6.6122112519889236E-014   3.8105305539254361E-013   7.9671944818773035E-010  -5.0718440688700922E-014  -3.8652907923477872E-014   2.2314516718278473E-013  -1.9618737225044475E-008   1.1686447203399061E-017   1.5451625810990384E-016  -1.9618736855550668E-008  -6.0905176705310676E-017   3.9237474080381337E-008  -2.9272193797139260E-012  -2.3480255320646260E-012   1.3486817745906918E-011  -1.2860172814855224E-009  -3.8489781884134507E-012  -3.0805429510051567E-012   1.7701184492288508E-011  -4.5708973935875878E-010  -1.9740612569635842E-005   6.2105104295412011E-014  -4.1281009355942483E-013  -1.9740613475686687E-005   1.4357182838267280E-013   3.9481226045317552E-005   1.2509290527838120E-012  -6.3707201875659905E-013   2.1472744989509457E-012   2.1061866717678427E-012   1.7682076909826401E-012  -1.0016025201770155E-011   2.7644580470530056E-010  -7.9611520929429449E-014   2.2484889002160336E-014  -1.3473424902033119E-013   4.0596843720143320E-010  -4.5627318290811793E-005   1.4362050220699520E-013  -9.5298900926643688E-013  -4.5627320377909154E-005   3.3235334665181513E-013   9.1254638668742936E-005  -7.0770585566246139E-011  -5.4179722906694089E-010   6.7550943115795010E-010  -1.8340062999803788E-012
  -2.6819527462255539E-005   3.9717700948548817E-014  -5.8096975655354475E-013   1.9866686880976065E-014  -1.1585691063418155E-013  -1.8411598199422173E-013  -5.8273354561693302E-014  -6.6259503369608524E-013   3.8404869395848269E-014   7.8865613596581420E-005  -8.2958523493399568E-014   1.9132041672749311E-012  -8.6425842934485276E-009  -1.3743073004886154E-008  -1.6772798885671852E-004   5.4013788624713424E-013  -1.8950225591754355E-012  -4.5627309652405674E-009  -9.9523635427575225E-005   1.2940233216406693E-014   1.0393199762047989E-011   1.1393292753199134E-011  -3.2429611444609522E-012  -1.2355870104668701E-011  -6.7369340774740754E-012  -2.4574481022230832E-011  -4.6563303600364219E-012  -5.9487791404597640E-003   3.8769203312062317E-012  -7.1601201559722287E-011   7.7065784885125876E-009  -7.8142939832465015E-003   6.0402465164528795E-012  -1.0017090903078978E-010   2.8548872180732171E-009   3.3251681598077870E-012   1.0028431724121166E-012  -7.5363516432178416E-013  -1.9161052751300217E-012  -1.1014390245974688E-012  -1.4091116695041256E-012  -2.0162654216260143E-004   2.4825393981735267E-012   1.0393695916002580E-011   4.3877748091327093E-003  -3.7607748880190239E-012   5.9981697346602687E-011  -1.7321721834971557E-009  -9.2413150693364916E-005   1.0804177830033051E-013   2.3133361667246567E-013  -2.5014450247222778E-009   4.0918409284830041E-012   3.6104330714302489E-012   8.0315744467017706E-013  -2.2929970734214170E-012   4.1958192218889868E-012  -1.7988203294312142E-012   4.3093913545583622E-010   3.3368514959490391E-009  -4.1624418878245314E-009   1.1356257187876357E-011
   2.8438968553851132E-014  -2.6819526455807583E-005   1.1325732614686507E-013  -1.5977142186248982E-013  -1.0730788802114080E-013  -1.1243268525772094E-013   1.2866592319676226E-013  -7.5155291498093087E-014   3.1108282287307003E-014  -8.2958523493399568E-014   7.8865610523165116E-005  -3.6246366197957394E-013   6.1308254384403348E-009   9.7421423082008865E-009   4.7078138287343922E-013  -1.6772798399618792E-004  -1.4441898969517523E-013   3.2456552943821767E-009   1.3757091281248662E-013  -9.9523652342933309E-005  -2.3215315707328884E-012   8.8972847852399582E-012   1.1595692944452637E-011   1.0873982863564507E-011  -6.5529653042276929E-012  -1.1949887515818145E-011  -2.3443495669303224E-012   1.3496580380992639E-012  -5.9487790259603861E-003   1.7252709893058438E-011  -5.4686001962647021E-009   2.7676013221680801E-012  -7.8142938194017963E-003   2.2557564357551114E-011  -2.0362539482624644E-009   1.6267762938641728E-013   3.2078407656528476E-012  -1.3406807847531852E-012   5.2945034485816224E-013  -2.1466069989813430E-012  -6.9199913404376524E-013   2.4994563469768845E-012  -2.0162655010627468E-004  -5.8585813135674719E-012  -1.9592379306290651E-012   4.3877747103522064E-003  -1.3249034343280753E-011   1.2400148602678211E-009   1.1210601864218697E-013  -9.2413150700289620E-005  -1.8946825667578577E-013   1.7823126187362791E-009  -2.4754380752252342E-012   3.7942773345461145E-012  -5.7228355163512929E-012   3.6993206628887919E-012  -2.1186519520840783E-012  -1.2240565325497255E-012  -2.9457083295009232E-010  -2.2756601024057576E-009   2.8804425713107939E-009  -7.7093430354504945E-012
  -6.0743619756567664E-013   9.3854730651088146E-014  -2.6819526374622267E-005   2.4667686960481460E-013  -9.6603936058102986E-013  -3.4868385266131042E-013  -6.7598938466380107E-014   2.4385031208255449E-013  -1.7905076717544322E-013   1.9132041672749311E-012  -3.6246366197957394E-013   7.8865610298344465E-005   6.7273348625653810E-009   1.0729570435748463E-008  -2.2904914885975789E-012  -1.3904987789995369E-013  -1.6772798359570684E-004   3.5317761765815871E-009   1.0848326096169200E-011  -2.5208812030352657E-012  -9.9523654830666676E-005   2.2681150486497942E-011  -2.8124995068306504E-011   1.8706879669646951E-011  -6.3370885516202889E-012  -5.9400023037966377E-012  -1.6344063933930602E-011  -7.3020621918292748E-011   1.1344106456258581E-011  -5.9487790173866316E-003  -6.0407113786294538E-009  -1.0268485653866286E-010   1.5591662930545956E-011  -7.8142938068386566E-003  -2.2347397762158091E-009   1.3909452835905596E-012  -1.0916564300072582E-012   3.7341364366265183E-012   4.7211862437046136E-013  -7.7244477360873246E-014  -1.8629249826765587E-012   1.0418472312635050E-011  -5.8376226144030605E-012  -2.0162655091140639E-004   6.1230279672345990E-011  -9.2632614720504681E-012   4.3877747032211927E-003   1.3494775974125055E-009   2.3659050666103944E-013  -1.8751362109795534E-013  -9.2413150758845048E-005   1.9616965036083613E-009  -2.7194987873369008E-012   5.1195133071673731E-012   2.8041418753992642E-012   3.2127982424449035E-012   2.1790873586111100E-012  -4.9340282924905557E-013  -3.5400931691131951E-010  -2.7639604754263440E-009   3.3875938708523417E-009  -9.3779684409964955E-012
  -2.9666374514045581E-009   2.0421382716903710E-009   3.2258030461453159E-009  -1.5905365735343531E-009  -1.1888351957960997E-009  -4.1186134416530226E-009   9.6778802092116572E-011   2.6504961392624552E-009   1.4937482797452829E-009  -8.6425842934485276E-009   6.1308254384403348E-009   6.7273348625653810E-009  0.12594106414212725       0.19768492042507183        5.0018412813136555E-009  -3.0733412977649837E-009  -5.2589659516247970E-009   6.8223344061636285E-002  -6.0165224225275623E-010   4.2937213861983757E-010  -4.7040812996659325E-011  -4.9578515103448294E-010  -1.5604473903181790E-010  -7.9190848113727776E-010   1.1489531966571151E-010   3.9186722182407841E-010   3.8088562968564959E-010  -6.8770490204264097E-010   4.1204299171546313E-010   1.2364532374733840E-009  -9.0956891125962516E-002  -1.0329912689444911E-009   6.4703053872109349E-010   1.7102738946753544E-009  -2.3495232605477874E-002   8.1379240602277385E-012   7.2680345550771384E-012   1.9988616225844944E-011   1.2021464140116787E-012  -1.3590202839727158E-011  -9.3236519395455434E-012  -8.8634517399881621E-011   1.7221092734758521E-010   3.5670540829237468E-010   2.6897502825096958E-010  -2.6685617190802045E-010  -6.0201413969668663E-010   1.2939762708292248E-002   3.9096027955444764E-011  -1.3352024010778533E-011  -3.4648132016393038E-011   2.2380404777158466E-002   6.5071981284316324E-011   3.2783909462216723E-011   1.2204904138879825E-010  -7.6443589948405657E-012  -7.0217659104012421E-011  -5.7429472644250688E-011  -6.1497700262040361E-003  -4.6151487166645355E-002   5.0697526258597470E-002  -1.7472511533809485E-004
  -4.6761895933267295E-009   3.2209502546073623E-009   5.0789232508998466E-009  -2.5149989393423347E-009  -1.8818006718561996E-009  -6.5165010201131178E-009   1.5219452850443846E-010   4.1951037601851771E-009   2.3627900601961879E-009  -1.3743073004886154E-008   9.7421423082008865E-009   1.0729570435748463E-008  0.19768492042507183       0.31814102407540157        8.0467195245970038E-009  -4.9408284322480639E-009  -8.4935150542018061E-009  0.10169386918787621       -9.2482097376841959E-010   6.6972726777858161E-010  -1.2739384284666609E-010  -8.1442725468322914E-010  -2.4918995621281723E-010  -1.2943200230664578E-009   1.9630479810066067E-010   6.3959557708943970E-010   6.1810913907835013E-010   2.7445462563361345E-009  -1.5174530885576599E-009  -3.2939173733141647E-009 -0.23249393960976278        3.2227163499436627E-009  -1.7103589892414095E-009  -3.8922788196406953E-009 -0.11414074277715015        4.0264493578779380E-011   6.1724328002175067E-012   5.6856202655639719E-011  -1.2542540986183178E-011  -2.2611363049119702E-011  -2.7655157260762591E-011   1.4356670252857890E-009  -8.3372427046588972E-010  -2.1041574339277586E-009  -2.4233217386632676E-009   1.2446785230089134E-009   2.9261172417987956E-009   7.3305967938381317E-002   3.0674826851773290E-011  -1.2874375894412540E-011  -5.2989401799895678E-011   9.5495083725459201E-002   1.9524851389534806E-010   3.9184170142235869E-011   2.8302305315133424E-010  -5.9147859569056921E-011  -1.2296222745757818E-010  -1.3609989026278675E-010  -8.8379105123363721E-003  -7.0647226275594416E-002  0.11188298818292720       -1.8760200878779356E-004
   5.7038621744382817E-005  -1.8500920196911070E-013   6.3019731768005929E-013  -4.2093027597576056E-014   2.4662653251928270E-013   3.9207408823460676E-013   1.2394715886780322E-013   1.4087438833983720E-012  -8.1850300821681440E-014  -1.6772798885671852E-004   4.7078138287343922E-013  -2.2904914885975789E-012   5.0018412813136555E-009   8.0467195245970038E-009   3.5671668449148241E-004  -1.7758208328914402E-012   2.4691455711472207E-013   2.5810171337568030E-009   2.1166580030667457E-004  -4.0059258176958336E-013  -2.4356255304711728E-011  -2.4231012696701407E-011   6.8976927179752561E-012   2.6278629759430955E-011   1.4328066708617420E-011   5.2263164190429973E-011   9.9028857673304092E-012   1.2651646584224173E-002  -3.0506455969214033E-011   1.7987843565616680E-011  -4.6544481505846749E-009   1.6619126021399162E-002  -4.2083857252504238E-011   3.6683878735843761E-011  -1.7903615384871330E-009  -7.1791539543029144E-012  -1.5259207223965541E-012   2.0219125626050476E-012   4.2345898887319393E-012   1.4184839871776608E-012   2.9446678170271895E-012   4.2190019681623259E-004  -4.7835162648620737E-012  -1.3949666295804608E-011  -9.3317638598798287E-003   2.4418772792443240E-011  -2.8506766259278575E-011   1.0898553216360436E-009   1.9781559555657511E-004  -2.3916458747776032E-013  -4.6339223878001473E-013   1.5580498294086948E-009  -8.9515729583461511E-012  -6.2752931535173539E-012  -7.3864410148061696E-013   5.2458238569106927E-012  -1.1059780129675477E-011   3.7056990672723112E-012  -2.8561262061326581E-010  -2.2266470786107421E-009   2.7206180245190841E-009  -7.6831092679915963E-012
  -1.8463696953055828E-013   5.7038620173535334E-005   6.9005928302978365E-014   3.3964588531162883E-013   2.2810164881470395E-013   2.3912981227032077E-013  -2.7352969976787514E-013   1.6023110411452190E-013  -6.6122112519889236E-014   5.4013788624713424E-013  -1.6772798399618792E-004  -1.3904987789995369E-013  -3.0733412977649837E-009  -4.9408284322480639E-009  -1.7758208328914402E-012   3.5671667771796896E-004   2.2430793146187587E-012  -1.5978769285643809E-009  -7.5332354100897658E-013   2.1166583840427335E-004   6.0892573589398243E-012  -1.8922645972399730E-011  -2.4661577093959337E-011  -2.3124559195226672E-011   1.3937312611473821E-011   2.5415795770323122E-011   4.9853973452147846E-012  -3.0366829333409330E-011   1.2651646467194856E-002   3.2020016074198662E-011   2.8775505717355946E-009  -4.2000194788065031E-011   1.6619125839031280E-002   4.2266708644570061E-011   1.1318823320896293E-009  -4.9662649391193300E-013  -6.9907312892382764E-012   4.8180622344959537E-012  -4.9034673896510959E-013   5.6700553407685581E-012   9.8669914574340808E-013  -4.8349045875085325E-012   4.2190020302934947E-004   9.6552691273258532E-012   2.4448940380418786E-011  -9.3317637430999755E-003  -2.2507528180244639E-011  -6.9576432891311398E-010  -2.4515954004923607E-013   1.9781559550789463E-004   4.0695054832855900E-013  -9.7566826108716338E-010   4.9163698854845037E-012  -8.4597356435766275E-012   1.6716998292851971E-011  -6.3978550322953157E-012   7.0599210239792864E-012   1.4818550939599652E-012   1.5567565436941768E-010   1.2168399023362187E-009  -1.5544024625787785E-009   4.1215620454428395E-012
   5.5216035522866534E-013   1.1195635910164233E-013   5.7038620027353162E-005  -5.2468430380801036E-013   2.0542249120128457E-012   7.4124477502677362E-013   1.4357345111138383E-013  -5.1832189928880768E-013   3.8105305539254361E-013  -1.8950225591754355E-012  -1.4441898969517523E-013  -1.6772798359570684E-004  -5.2589659516247970E-009  -8.4935150542018061E-009   2.4691455711472207E-013   2.2430793146187587E-012   3.5671667703126756E-004  -2.6939866106607040E-009  -2.5823729919015337E-011   6.5199133536102618E-012   2.1166584379341111E-004  -4.8237265546830922E-011   5.9813898635514334E-011  -3.9785463541112538E-011   1.3476273508611261E-011   1.2633652671798089E-011   3.4760996280306705E-011  -8.8227917781317074E-012   4.4984101126083326E-011   1.2651646454822635E-002   4.9085715310873948E-009   2.8494259620953108E-012   5.7604268763745994E-011   1.6619125820010617E-002   1.8557482828237098E-009  -2.6646695174634673E-012   9.8730515213360110E-013  -8.1319338494290938E-012  -2.1995348146410653E-012   7.6159874842934738E-013   4.8639088654954631E-012  -1.4176786997371239E-011   9.6421439759606194E-012   4.2190020432740266E-004  -9.1595552063277966E-012  -3.1277805116477351E-011  -9.3317637322580978E-003  -1.1202621008555484E-009  -4.8506604498741657E-013   4.0217949234586770E-013   1.9781559563319706E-004  -1.6381297073546782E-009   6.4621473227009072E-012  -1.3972829297965652E-011  -6.4043283844906926E-012  -9.5966455760323385E-012  -3.2534378813442579E-012   3.1347181031573984E-012   3.2818932378383659E-010   2.5748584844397023E-009  -3.0570463564901075E-009   8.7762735546724769E-012
  -1.5926425523745675E-009   1.0934691569929627E-009   1.7352912937782619E-009  -8.4895381894871694E-010  -6.3318324169178674E-010  -2.1955491022501369E-009   5.2228852250369897E-011   1.4119166929666464E-009   7.9671944818773035E-010  -4.5627309652405674E-009   3.2456552943821767E-009   3.5317761765815871E-009   6.8223344061636285E-002  0.10169386918787621        2.5810171337568030E-009  -1.5978769285643809E-009  -2.6939866106607040E-009   4.0666798019588404E-002  -3.3606473816827243E-010   2.2778715929202303E-010   6.2172556788035045E-012  -2.4364411474426970E-010  -8.1607224415924432E-011  -3.9368463925804693E-010   5.1254348300269619E-011   1.9542511075260188E-010   1.9239212303750446E-010  -2.7941225425514398E-009   1.2420175783846937E-009   3.9436119877855450E-009   1.2438357370010956E-002  -3.6155822870626329E-009   1.6070006460049196E-009   5.0175841073558629E-009   4.0415227728905552E-002   4.0409886952726178E-012   6.2272242975022258E-012   1.2268450043921565E-011   1.8029708771741591E-012  -1.0064745599098071E-011  -5.8634108408044052E-012  -6.7746116409396041E-010   4.9989128466489657E-010   1.1869734937345254E-009   1.9493941515474640E-009  -9.4254045364516294E-010  -2.7483535742004297E-009  -2.9321981489868247E-002   2.8982935844014175E-011  -8.7035129605155594E-012  -1.5403774102370868E-011  -2.9158467217060002E-002   1.4083025100910709E-011   2.3171926927606067E-011   4.7075453543942067E-011   8.0023840663632865E-012  -3.7559676018216447E-011  -2.2088984800313340E-011  -3.7629792978603948E-003  -2.6027048445773682E-002   5.2437528698982792E-003  -1.3846623527243555E-004
   3.3845908027593639E-005  -6.1710138764380857E-014  -3.7775656272079106E-012  -2.0648730795484236E-014   1.4582028067420398E-013   2.3064336903513082E-013   7.1370036069989162E-014   8.3760882486912919E-013  -5.0718440688700922E-014  -9.9523635427575225E-005   1.3757091281248662E-013   1.0848326096169200E-011  -6.0165224225275623E-010  -9.2482097376841959E-010   2.1166580030667457E-004  -7.5332354100897658E-013  -2.5823729919015337E-011  -3.3606473816827243E-010   1.2623766209372543E-004  -6.6876569620071626E-014  -2.9939378449197742E-011  -1.4391392178290498E-011   4.1051616644248194E-012   1.5617988655669968E-011   8.5083148037207372E-012   3.1051425553777691E-011   5.8830414988042373E-012   7.5149033507020350E-003  -7.5370393246589059E-012  -9.1133327360176347E-010   9.1211087047427984E-010   9.8681055290968187E-003  -1.1077091067595661E-011  -1.1891440544428346E-009   5.4982018893863720E-010   1.4787901368187307E-011  -1.8863939559236563E-012  -6.7175755740745125E-012  -7.9459344037205465E-012   5.3120570770428265E-012  -6.8419052591422267E-012  -7.6423494035182270E-004   4.9172371163216828E-012   2.9035268634707513E-011  -5.5437656473536091E-003   6.6857945525243150E-012   6.6302319305033914E-010  -3.4374842363593020E-010  -3.8007908077277911E-004   2.1081975196112963E-013   3.0085368835760061E-012  -3.9287165883091582E-010   3.8561305894910372E-011  -5.9215893491549361E-012  -1.8634138272054969E-011  -2.0992431764673854E-011   3.6816980395475269E-012  -1.7568903952951907E-011  -1.4814623734472912E-011  -2.4819987780583277E-011  -1.8599583048565481E-010  -5.0915266908156072E-013
  -5.0813301423225115E-015   3.3845913828422735E-005   8.7025227463062413E-013   2.0204647655825885E-013   1.3925774729014507E-013   1.4013488893081551E-013  -1.6339835517701510E-013   9.2006500494223076E-014  -3.8652907923477872E-014   1.2940233216406693E-014  -9.9523652342933309E-005  -2.5208812030352657E-012   4.2937213861983757E-010   6.6972726777858161E-010  -4.0059258176958336E-013   2.1166583840427335E-004   6.5199133536102618E-012   2.2778715929202303E-010  -6.6876569620071626E-014   1.2623770978815546E-004   6.7201417365696572E-012  -1.1244788233864646E-011  -1.4646211181730236E-011  -1.3758669128675148E-011   8.2856849034404202E-012   1.5093946642182450E-011   2.9591420817160133E-012   5.0588824057024710E-012   7.5149047761780361E-003   2.0337371077868022E-010  -6.5832964875337154E-010   5.4081800849038183E-012   9.8681073842917608E-003   2.6719641335513473E-010  -3.8582515709334559E-010   1.8311004714357764E-013   1.3013681750817753E-011  -1.0935488695120759E-011  -2.5793602662873916E-012  -1.1366958740887438E-011   2.3960712461831910E-012   4.8940766791295350E-012  -7.6423496934465817E-004  -1.3886752948051505E-011  -2.5259793724520359E-012  -5.5437666805395790E-003  -1.4929547877831629E-010   2.4676492400361174E-010   2.0586927168912990E-013  -3.8007908471598040E-004  -1.0293472646624035E-012   2.9906406998758307E-010   4.0127963277596655E-012   3.4524247564159508E-011  -2.1958510408749051E-011  -9.0244624199988740E-012  -2.9779398438631804E-011   5.0118878390706418E-012  -6.2691665271922557E-012  -9.0810695608873369E-011   2.3808545487092412E-010  -1.1336294540117404E-013
  -3.5892454626206743E-012   8.2689268076485883E-013   3.3845914668570883E-005  -3.1082272943718875E-013   1.2214154984647519E-012   4.4390103818325326E-013   8.7639212370513764E-014  -3.0873880866487324E-013   2.2314516718278473E-013   1.0393199762047989E-011  -2.3215315707328884E-012  -9.9523654830666676E-005  -4.7040812996659325E-011  -1.2739384284666609E-010  -2.4356255304711728E-011   6.0892573589398243E-012   2.1166584379341111E-004   6.2172556788035045E-012  -2.9939378449197742E-011   6.7201417365696572E-012   1.2623771643849977E-004  -2.8662171892902604E-011   3.5539707429906476E-011  -2.3631041110354010E-011   8.0111060069504306E-012   7.5086011123040260E-012   2.0651067081332508E-011  -8.7519953583374319E-010   1.9579635705207652E-010   7.5149049745516002E-003  -3.0146318765838549E-010  -1.1408625021665433E-009   2.5623941815969523E-010   9.8681076431973644E-003  -3.3217468923515914E-010   6.5355729508555433E-013   7.1003157363885642E-012   1.2128061560509239E-011   9.7487950943413150E-012  -2.6735500336069282E-012  -1.0402527970763800E-011   2.8965076180428848E-011  -1.3885525548148143E-011  -7.6423497272169435E-004   6.3611482583308593E-010  -1.4323483653744864E-010  -5.5437668258203803E-003   2.0877970945734481E-010   3.0041829320656151E-012  -1.0221237079214174E-012  -3.8007908505525268E-004   1.7340959886643606E-010   9.0019908514704931E-012   6.6693021064977726E-012   3.5298086269555056E-011   1.9757898879851121E-011  -9.1097419561380334E-012  -2.8759757903417654E-011   7.1236607449268846E-011   4.1284202105360326E-010  -2.6251591961776068E-010   2.1701502920578594E-012
  -3.8748959962209350E-012  -3.0257293596410311E-012  -7.7132034483619395E-012   3.9237474319185018E-008  -4.1696431850228498E-017  -4.3967226348533136E-017  -1.9618737094157222E-008   2.3622882304515156E-016  -1.9618737225044475E-008   1.1393292753199134E-011   8.8972847852399582E-012   2.2681150486497942E-011  -4.9578515103448294E-010  -8.1442725468322914E-010  -2.4231012696701407E-011  -1.8922645972399730E-011  -4.8237265546830922E-011  -2.4364411474426970E-010  -1.4391392178290498E-011  -1.1244788233864646E-011  -2.8662171892902604E-011   2.2872142957151581E-007  -1.5604125353492890E-016   4.4739900433156439E-015  -1.1436071542170364E-007   5.0683294960693145E-015  -1.1436071414963449E-007  -8.5958571439662030E-010  -6.7134776774052840E-010  -1.7112886787231130E-009   7.7294523541710280E-010  -1.1288225506366445E-009  -8.8176331719142907E-010  -2.2476541131945323E-009   4.5003129207494902E-010   2.3014229060808728E-004  -2.5785428741581343E-013   1.9083523131970933E-012  -1.1507114542994167E-004   2.8932127802766840E-012  -1.1507114517810140E-004   2.8618724831406556E-011   6.1500367631704687E-012   1.2146638266345898E-011   6.3464160366638220E-010   4.9522516155382994E-010   1.2622801662049719E-009  -2.8789744839371340E-010  -2.3740319749538694E-012  -3.9567976887008473E-013  -8.9668286893587059E-013  -3.5024296390751201E-010   5.3193767461095771E-004  -5.9387478733981657E-013   4.4349595392480734E-012  -2.6596883759445023E-004   6.6923838796838549E-012  -2.6596883701670844E-004   2.2572191515773805E-011   1.8436327685673606E-010  -3.4565411506781208E-010   6.3157268558605314E-013
   1.1031317559584931E-012  -3.9436344395612900E-012   9.5641569981503201E-012  -2.6909017225895325E-017   3.9237474282049525E-008  -5.6384863491576960E-017   1.4961904622921766E-017   2.2210378695090085E-016   1.1686447203399061E-017  -3.2429611444609522E-012   1.1595692944452637E-011  -2.8124995068306504E-011  -1.5604473903181790E-010  -2.4918995621281723E-010   6.8976927179752561E-012  -2.4661577093959337E-011   5.9813898635514334E-011  -8.1607224415924432E-011   4.1051616644248194E-012  -1.4646211181730236E-011   3.5539707429906476E-011  -1.5604125353492890E-016   2.2872142621788738E-007  -3.5272638411374855E-015   5.1181199736646110E-016   1.0577742107341400E-014  -3.5495048892824222E-016   2.4487591573962560E-010  -8.7483056656760983E-010   2.1219297690055154E-009   1.6129255370143302E-010   3.2152626514613850E-010  -1.1488891728759186E-009   2.7871761830695649E-009   7.0982384054470286E-011   1.0605508736070939E-013   2.3014228892671740E-004  -1.6092924984388173E-012   1.7712322623967310E-013   5.3382191389314427E-012  -2.8317926055046680E-013  -1.5971367498248906E-011   2.2953473069172546E-011   5.4790922264511199E-012  -1.8090390368143594E-010   6.4576159106046168E-010  -1.5647813576834525E-009  -4.4300703922757891E-011   7.7773800725333528E-013  -2.0364489745821337E-012  -1.4254683000204651E-013  -5.9486670759107535E-011   2.4749924524777779E-013   5.3193767070592105E-004  -3.7265435912677641E-012   4.0668831193052300E-013   1.2360997654453803E-011  -6.5418780871542818E-013   7.3978422793892215E-012   5.6389639851139088E-011  -7.9755201464548322E-011   1.9521240656149828E-013
   4.2023002642205859E-012  -3.6979764018965861E-012  -6.3618601175392661E-012   6.9947135163442359E-017  -1.0690120728112050E-016   3.9237474282130953E-008  -2.2449228857590146E-016   1.6057102246390091E-016   1.5451625810990384E-016  -1.2355870104668701E-011   1.0873982863564507E-011   1.8706879669646951E-011  -7.9190848113727776E-010  -1.2943200230664578E-009   2.6278629759430955E-011  -2.3124559195226672E-011  -3.9785463541112538E-011  -3.9368463925804693E-010   1.5617988655669968E-011  -1.3758669128675148E-011  -2.3631041110354010E-011   4.4739900433156439E-015  -3.5272638411374855E-015   2.2872142511966276E-007  -1.1628201982433152E-014   1.4667213580961578E-015   7.1537181976831291E-015   9.3237551827673622E-010  -8.2060994538985900E-010  -1.4113382254503141E-009   1.1593488829984959E-009   1.2244366324300646E-009  -1.0778394368751956E-009  -1.8535942927691743E-009   6.5389742514862905E-010   2.5690716177279319E-012  -1.9315110444574673E-012   2.3014228837605491E-004  -5.9329522814158735E-012   1.1732403236527134E-012   3.3638898211341989E-012  -2.6475992822319157E-011   1.2525313513487800E-011   2.1705075892157203E-011  -6.8817221127952385E-010   6.0521253823513465E-010   1.0413726077969818E-009  -4.1849562526561292E-010   1.7215927046333658E-012   1.0194332203226529E-014  -1.9775706989925445E-012  -5.1539122919895697E-010   5.9626135697505529E-012  -4.4715003147229541E-012   5.3193766942580419E-004  -1.3744252068995295E-011   2.7132698183436030E-012   7.7816406023402409E-012   3.6586725968747149E-011   2.9204810928989336E-010  -5.2654026510383388E-010   1.0068283905987348E-012
