   1.4665780934569476E-028   2.6259627083128012E-030  -1.1875784979984314E-029   1.2873059362610417E-028  -1.8086755575608380E-029   1.5555632436823346E-028  -3.7488910267849208E-017  -6.0181270991846321E-018  -7.8656054385094376E-018  -2.6212626083855718E-016  -1.0249876882025749E-016  -1.7506554040951024E-017  -2.2251867595993033E-017  -8.2396335014834998E-015  -3.4715584433869003E-028  -1.9929052910855667E-030   4.4979331627492978E-030  -2.9880662232919627E-028   1.5675709891941580E-029  -3.2721032884851993E-028  -1.2462548605895935E-016  -1.9310192583863444E-017  -2.5654145240341991E-017  -1.0993360956120813E-014   5.1103626590442477E-017  -6.0659975372257718E-018   6.0034141891992587E-019   2.1082178961340410E-015   2.8118078835372280E-017   2.2221509661098264E-016   4.5328065538374472E-015   1.9086905191952879E-015  -2.6415856538295966E-015  -1.4816009431122869E-015
   2.6259627083128012E-030   1.1252049670482282E-030  -1.7032746655000584E-030   2.3600504539938307E-030   1.1116724278091913E-030   1.4433278393955330E-030   3.8105145481844866E-017  -3.3566830617949599E-017   7.2254156959261146E-018  -2.7081923616531133E-018   1.1475649290557539E-016  -9.9254143666518133E-017   1.8855452163559839E-017  -5.4461020575834857E-017  -4.0801168098902270E-030  -2.4292441122628145E-032   4.3689972619299115E-031  -4.1876109623767601E-030   7.4162416559354662E-031  -3.8552346011462515E-030   1.1968088104884179E-016  -1.0664054759696943E-016   2.4614695532369980E-017  -8.2388134149323076E-017   9.1424454259416681E-017  -5.5654917460706275E-017  -2.2048322483398813E-017   9.7488007416907838E-016  -3.1769987946071406E-016  -6.7160955520780535E-016  -5.7320588925046687E-017  -7.7500345737240844E-017  -1.9540685710755245E-016  -1.3751103015802129E-016
  -1.1875784979984314E-029  -1.7032746655000584E-030   4.0585521763088849E-030  -1.0047398995928830E-029  -1.0089140523659343E-030  -1.0271223154410670E-029   3.4318364163788262E-017  -9.6800869719722666E-018  -9.7176065925189525E-018   1.8894268054756542E-017   9.3965700115193216E-017  -2.4820263082192624E-017  -2.4109924431985334E-017   5.0605667081871277E-016   2.5049190717742193E-029   8.1004256733282780E-032  -1.1993920425984261E-030   2.2609094792822017E-029  -2.2269005023243058E-030   2.3156926222027807E-029   1.1399589008432928E-016  -3.3268604639490481E-017  -3.3931019775559549E-017   7.0333343818183921E-016  -4.4943585165116672E-017   3.5517368050571850E-017   4.6591727313020003E-017  -1.8899484552575064E-015   1.0297878166611718E-015   1.2716139096528172E-015  -1.7040605082326197E-017   1.4388063790488196E-016   2.1577751555921317E-016   1.6399185173063711E-016
   1.2873059362610417E-028   2.3600504539938307E-030  -1.0047398995928830E-029   1.2759340722796626E-028  -1.8257168793165025E-029   1.4269883626632949E-028   3.2502382217594077E-017  -1.0218017389409319E-017   1.7093101217480849E-017  -2.3427173176255127E-016   8.9984614116156733E-017  -3.1194067682440628E-017   4.2003977970810921E-017  -7.0901321111912276E-015  -3.0250854711559962E-028  -3.0089721219934938E-030   5.6987824287908453E-030  -2.7101298080602366E-028   1.3393299520841819E-029  -2.9053671555391588E-028   1.0730812007181507E-016  -3.1813860312437157E-017   5.9951925877161093E-017  -9.5466095147991765E-015  -2.9124969152216033E-017  -3.0234621079887477E-017  -8.7445301447001313E-017  -1.4976591282803421E-015  -3.8578231795964593E-016  -2.3561624325930978E-015   3.1190079592754531E-015   8.3701424022554883E-016  -3.7883374432275337E-015  -2.3680849357846874E-015
  -1.8086755575608380E-029   1.1116724278091913E-030  -1.0089140523659343E-030  -1.8257168793165025E-029   8.1867512533328000E-030  -1.9423582621167263E-029  -5.4847875092174501E-018   3.6680923159336409E-017  -7.0443616524308104E-018   4.0650834534719098E-017  -7.9634527805728533E-018   1.0584865171517579E-016  -1.8216414405321553E-017   1.3852457985829210E-015   5.2003423162530243E-029   5.3904380320951428E-031   2.4412551915277129E-031   4.4286183704483252E-029  -2.5568391822179115E-030   4.5619773496056441E-029  -2.2884756507080489E-017   1.1826259700313024E-016  -2.4108068392456139E-017   1.8144074826601363E-015   1.0283811430947488E-016   2.5377938243454821E-017   2.3754376120400592E-017   2.3822172616064091E-015  -4.2352698075407239E-016   7.0389569036664070E-016  -1.0568492124185576E-015  -6.3373820934551538E-016  -6.2215427775132959E-016  -4.8264534837353883E-016
   1.5555632436823346E-028   1.4433278393955330E-030  -1.0271223154410670E-029   1.4269883626632949E-028  -1.9423582621167263E-029   1.7796117102946858E-028  -3.3173258009394995E-017  -4.5191761863994171E-018  -6.7867287686212039E-018  -2.9120610072142978E-016  -9.7182851106287133E-017  -1.1951559828165390E-017  -1.2817538813099343E-017  -8.4289688361293479E-015  -3.6896794990693800E-028  -2.0361052773898484E-030   6.9746902167708634E-030  -3.2152731969674613E-028   1.3452392770318787E-029  -3.5664541297311919E-028  -1.0599044866990580E-016  -1.5290684973813615E-017  -2.6356663687376737E-017  -1.1478594201001788E-014  -4.2696210618880129E-017   1.1643520300569815E-017   8.7060316314367841E-017  -4.6359324026973983E-017   3.7337818944363666E-016   2.0737264461008555E-015   2.4645648264575336E-015  -2.0555071330643426E-016  -2.4744754697547297E-015  -1.6880153459591371E-015
  -3.7488910267849208E-017   3.8105145481844866E-017   3.4318364163788262E-017   3.2502382217594077E-017  -5.4847875092174501E-018  -3.3173258009394995E-017   1.4084750337493353E-002   2.2169506367027245E-016  -9.2549269215143566E-017  -4.7708063670389248E-017   4.1126672706640138E-002   1.5610286161911220E-016  -2.0456825373396791E-016  -4.4724009648058807E-015   3.8374166655415991E-017  -3.9073012654308378E-018   1.4533086355598362E-018   2.6127358223337468E-017  -6.0056436118572186E-018   2.3129050445383152E-017   4.5091112912990207E-002   2.9945722578777602E-016  -2.1134633202567247E-016  -5.4762287092551722E-015   1.6292481511530784E-002  -6.7179616826463517E-017   3.5645713989080819E-017  -2.0233188260351562E-002  -3.2015668972700978E-015   2.7746590890106057E-015   4.7325877732076641E-015   3.3833569333148085E-015   7.0052784689045552E-016   9.1597486008642768E-016
  -6.0181270991846321E-018  -3.3566830617949599E-017  -9.6800869719722666E-018  -1.0218017389409319E-017   3.6680923159336409E-017  -4.5191761863994171E-018   2.2169506367027245E-016   1.4084750337493261E-002  -3.4243572215194454E-017  -1.6355220038265248E-016   3.2221480795755716E-016   4.1126672706639805E-002   4.2441784536994332E-016  -2.1495909647305146E-015   1.6444396745697303E-017  -7.1233254065585309E-018  -1.6934613922200729E-020   1.4665821664202962E-017  -9.7500493516928859E-018   1.9693297553307162E-017   4.5227690845771716E-016   4.5091112912990609E-002   2.2856907568964139E-016  -2.9605171859557136E-015  -1.4870945712007929E-016   1.6292481511530385E-002   1.3504803273927027E-016  -6.5266342775675878E-015  -2.0233188260357329E-002  -5.9031313398602625E-016   1.6664946956250545E-015   9.2299862444957236E-016  -1.9651432808087237E-015  -1.1439076437944769E-015
  -7.8656054385094376E-018   7.2254156959261146E-018  -9.7176065925189525E-018   1.7093101217480849E-017  -7.0443616524308104E-018  -6.7867287686212039E-018  -9.2549269215143566E-017  -3.4243572215194454E-017   1.4084750337492850E-002   1.2160920002809547E-016  -5.3454111211635868E-017  -4.7420524697480632E-016   4.1126672706639548E-002   3.5038417577322827E-015   8.6958667144409659E-018  -3.0077853974371376E-019   3.5554184305720657E-018  -1.6223636511176579E-018   1.2840131198533669E-018   2.7622153704150979E-018  -1.1487843711909171E-017  -3.4922870588915988E-016   4.5091112912989617E-002   4.5833980273188320E-015   1.3085559987778029E-017  -2.1406140294240443E-016   1.6292481511530694E-002   8.1419800622155807E-016  -7.4301746456179068E-016  -2.0233188260349987E-002  -3.1744366523282379E-015  -2.0412693930086731E-015   1.6033105750304874E-015   7.5703813633975779E-016
  -2.6212626083855718E-016  -2.7081923616531133E-018   1.8894268054756542E-017  -2.3427173176255127E-016   4.0650834534719098E-017  -2.9120610072142978E-016  -4.7708063670389248E-017  -1.6355220038265248E-016   1.2160920002809547E-016   5.1064193734011876E-004   3.2555468891620459E-016  -2.4256137016362069E-016  -4.8517488648242878E-017   1.4865911535119621E-002   6.4351801703169668E-016   2.9378953133674316E-018  -1.0604530420751376E-017   5.5270953579889674E-016  -2.6755051011960716E-017   6.0706193435982892E-016   1.0961138066959069E-016  -3.5101857641057036E-016   1.2971795687694571E-016   2.0217761758611071E-002   2.6369510790704121E-017  -4.8589154290922708E-017  -5.0494656239888179E-017  -1.8495564010551790E-015   1.7828061721505778E-015  -1.8027801679897833E-015  -4.5028319899214604E-003   1.1801607740305408E-004  -5.2386945705717872E-004  -2.0160524667153920E-004
  -1.0249876882025749E-016   1.1475649290557539E-016   9.3965700115193216E-017   8.9984614116156733E-017  -7.9634527805728533E-018  -9.7182851106287133E-017   4.1126672706640138E-002   3.2221480795755716E-016  -5.3454111211635868E-017   3.2555468891620459E-016  0.12010965837040141       -3.5897037039735424E-016   4.0375632130887528E-018   5.2161331947901922E-015   1.0515633285449266E-016  -1.0596882515539561E-017   4.3643281292400252E-018   7.5372485672656370E-017  -1.5882492725759061E-017   6.2680380375683304E-017  0.13164887326006416       -1.4879289351877138E-016   7.3617215566671979E-017   7.2516110955279248E-015   4.7872866347780013E-002   6.5760532237346183E-017   1.9516122178218740E-017  -5.2561390351583887E-002   4.1441963447051700E-015   5.1054875602714197E-016  -6.3373592905918116E-015  -4.5732937990207924E-015  -5.4823302274489801E-016  -9.8387699295565461E-016
  -1.7506554040951024E-017  -9.9254143666518133E-017  -2.4820263082192624E-017  -3.1194067682440628E-017   1.0584865171517579E-016  -1.1951559828165390E-017   1.5610286161911220E-016   4.1126672706639805E-002  -4.7420524697480632E-016  -2.4256137016362069E-016  -3.5897037039735424E-016  0.12010965837040037        1.5573641968578999E-016   1.1556523536988273E-015   4.7602893648171532E-017  -2.1400743052260854E-017  -3.2556161201413809E-018   4.4724933242754884E-017  -3.0491496625577791E-017   5.6442476183631095E-017  -2.9238696991572693E-016  0.13164887326006514       -5.1658159137429225E-016   1.2190198997328146E-015   2.4487292591785001E-016   4.7872866347779694E-002  -1.1430166661842659E-016   8.2511665266440888E-015  -5.2561390351581409E-002  -2.8508586846946787E-015  -2.9810895279974695E-017   2.5635249457587461E-016   1.2982240363052213E-015   8.8218976860438178E-016
  -2.2251867595993033E-017   1.8855452163559839E-017  -2.4109924431985334E-017   4.2003977970810921E-017  -1.8216414405321553E-017  -1.2817538813099343E-017  -2.0456825373396791E-016   4.2441784536994332E-016   4.1126672706639548E-002  -4.8517488648242878E-017   4.0375632130887528E-018   1.5573641968578999E-016  0.12010965837040223       -3.8720025100479463E-015   2.4834148230496193E-017   3.6917263583829306E-019   1.0168896885742519E-017   1.5319867046481369E-018   4.6763004081861965E-019   2.8193296762641684E-018   1.4017629018300414E-016   6.7067874231395733E-016  0.13164887326006522       -4.9364721683976814E-015   6.4014316465329112E-018   1.7783629001753268E-016   4.7872866347780478E-002   2.6630874680353335E-016   1.4295915210780014E-015  -5.2561390351586426E-002   3.3801948852811916E-015   2.1278689479765728E-015  -2.3298177936793980E-015  -1.2135834244215353E-015
  -8.2396335014834998E-015  -5.4461020575834857E-017   5.0605667081871277E-016  -7.0901321111912276E-015   1.3852457985829210E-015  -8.4289688361293479E-015  -4.4724009648058807E-015  -2.1495909647305146E-015   3.5038417577322827E-015   1.4865911535119621E-002   5.2161331947901922E-015   1.1556523536988273E-015  -3.8720025100479463E-015  0.49896398571026407        2.0110741554593963E-014   1.1793527878981357E-016  -1.2840659417035599E-016   1.7058553359476014E-014  -9.7941015885665266E-016   1.8500312664204837E-014  -4.2892126334262971E-015  -6.9940044012397926E-016   1.7470834020260318E-015  0.65560163246711445        1.2050978101390730E-015  -6.2282140069544111E-016   4.0185811304475700E-016   6.8191653869408061E-015  -2.5944550042650432E-015   2.4120632322522596E-015 -0.36757386142520043      -0.20941206153576297        9.5191296443965207E-002   3.4214541691461681E-002
  -3.4715584433869003E-028  -4.0801168098902270E-030   2.5049190717742193E-029  -3.0250854711559962E-028   5.2003423162530243E-029  -3.6896794990693800E-028   3.8374166655415991E-017   1.6444396745697303E-017   8.6958667144409659E-018   6.4351801703169668E-016   1.0515633285449266E-016   4.7602893648171532E-017   2.4834148230496193E-017   2.0110741554593963E-014   8.4272588536208099E-028   4.3037110469145468E-030  -9.8894946310373670E-030   7.1952386424560215E-028  -3.8162592852368347E-029   7.8674876376040225E-028   1.2741149509285947E-016   5.2919023967564271E-017   2.8207673030794508E-017   2.6872025456341113E-014  -4.9094264706122710E-017   1.3410691620469515E-017   2.5020623456903935E-018  -2.0880618068503607E-015  -1.4564898534203650E-016  -1.7682677571384703E-016  -1.0613855907422121E-014  -4.2835117571519279E-015   2.4790206362242743E-015   1.1202749148993120E-015
  -1.9929052910855667E-030  -2.4292441122628145E-032   8.1004256733282780E-032  -3.0089721219934938E-030   5.3904380320951428E-031  -2.0361052773898484E-030  -3.9073012654308378E-018  -7.1233254065585309E-018  -3.0077853974371376E-019   2.9378953133674316E-018  -1.0596882515539561E-017  -2.1400743052260854E-017   3.6917263583829306E-019   1.1793527878981357E-016   4.3037110469145468E-030   2.1266111298599781E-031   2.3927535181335908E-032   4.6216703683152462E-030  -2.7585977230227442E-031   4.1707125229577833E-030  -1.3046108680680859E-017  -2.2407170266647153E-017  -1.7879988031631952E-018   1.4899402227073508E-016   6.4938891345635717E-018  -1.6389935684406190E-017   1.6567211480404928E-017   2.4512102350692029E-016  -1.6700218629288860E-016   3.6827681982413196E-016  -1.4725501276107678E-016  -1.0497958736588568E-016   2.7546974670560845E-016   1.6252837404675465E-016
   4.4979331627492978E-030   4.3689972619299115E-031  -1.1993920425984261E-030   5.6987824287908453E-030   2.4412551915277129E-031   6.9746902167708634E-030   1.4533086355598362E-018  -1.6934613922200729E-020   3.5554184305720657E-018  -1.0604530420751376E-017   4.3643281292400252E-018  -3.2556161201413809E-018   1.0168896885742519E-017  -1.2840659417035599E-016  -9.8894946310373670E-030   2.3927535181335908E-032   1.2963442897177811E-030  -1.0184769943886420E-029   2.8786945076097956E-031  -1.1206111322111703E-029   4.5727754516686082E-018   2.0664290403849869E-018   1.1523066188116268E-017  -2.3708043647319174E-016   3.3184694886776651E-018  -4.3495226447037647E-017   1.2281872326631363E-018   3.3519105437032536E-017  -9.4541795016002996E-016  -6.7835847997828440E-017  -5.4296088042088608E-016  -5.8031210409063839E-016  -4.0237076000182619E-018  -8.9337793216109038E-017
  -2.9880662232919627E-028  -4.1876109623767601E-030   2.2609094792822017E-029  -2.7101298080602366E-028   4.4286183704483252E-029  -3.2152731969674613E-028   2.6127358223337468E-017   1.4665821664202962E-017  -1.6223636511176579E-018   5.5270953579889674E-016   7.5372485672656370E-017   4.4724933242754884E-017   1.5319867046481369E-018   1.7058553359476014E-014   7.1952386424560215E-028   4.6216703683152462E-030  -1.0184769943886420E-029   6.2314177980495370E-028  -3.2609740409708971E-029   6.7681289234338991E-028   8.4251619059234158E-017   4.5693617454409952E-017  -9.3404685777801766E-018   2.2861778674037043E-014   1.7775733962582662E-017   4.2749857146041538E-017   8.3133641585731058E-017  -3.0821101826884883E-016   5.3967005087896069E-016   1.8510058524176366E-015  -8.4001155548665734E-015  -3.0027363172758198E-015   3.7819294997207026E-015   2.1229738610800949E-015
   1.5675709891941580E-029   7.4162416559354662E-031  -2.2269005023243058E-030   1.3393299520841819E-029  -2.5568391822179115E-030   1.3452392770318787E-029  -6.0056436118572186E-018  -9.7500493516928859E-018   1.2840131198533669E-018  -2.6755051011960716E-017  -1.5882492725759061E-017  -3.0491496625577791E-017   4.6763004081861965E-019  -9.7941015885665266E-016  -3.8162592852368347E-029  -2.7585977230227442E-031   2.8786945076097956E-031  -3.2609740409708971E-029   2.8406692120840778E-030  -3.3333581490614200E-029  -2.0320314895084096E-017  -2.9876600561656817E-017   6.2812039094065593E-018  -1.2624388664906525E-015   1.5476437151842829E-017  -3.8695365532730195E-017  -4.3013428012745729E-017   4.9625834504065839E-016  -5.8221782990102509E-016  -9.6953493336391027E-016   9.4867282642711739E-016   6.3769577660751557E-016  -1.5733628653825997E-016  -1.4700948023913548E-017
  -3.2721032884851993E-028  -3.8552346011462515E-030   2.3156926222027807E-029  -2.9053671555391588E-028   4.5619773496056441E-029  -3.5664541297311919E-028   2.3129050445383152E-017   1.9693297553307162E-017   2.7622153704150979E-018   6.0706193435982892E-016   6.2680380375683304E-017   5.6442476183631095E-017   2.8193296762641684E-018   1.8500312664204837E-014   7.8674876376040225E-028   4.1707125229577833E-030  -1.1206111322111703E-029   6.7681289234338991E-028  -3.3333581490614200E-029   7.4367611537075391E-028   7.7256973851488311E-017   6.3748058036819370E-017   1.2312957194454182E-017   2.4871365240563934E-014  -3.9081202233206155E-017   8.3952042862717656E-018  -6.7943053322496017E-017  -1.4649194171277727E-015  -3.4111198273157695E-016  -1.5509745486513297E-015  -8.3791408126013743E-015  -2.5386553347818143E-015   3.5716977296691672E-015   2.0677959500199729E-015
  -1.2462548605895935E-016   1.1968088104884179E-016   1.1399589008432928E-016   1.0730812007181507E-016  -2.2884756507080489E-017  -1.0599044866990580E-016   4.5091112912990207E-002   4.5227690845771716E-016  -1.1487843711909171E-017   1.0961138066959069E-016  0.13164887326006416       -2.9238696991572693E-016   1.4017629018300414E-016  -4.2892126334262971E-015   1.2741149509285947E-016  -1.3046108680680859E-017   4.5727754516686082E-018   8.4251619059234158E-017  -2.0320314895084096E-017   7.7256973851488311E-017  0.14436497793464470        9.0590374851607242E-017   2.7531734227725604E-016  -4.7385720435723665E-015   5.1960715390227841E-002  -2.7535156908092344E-016  -1.1356613210320883E-016  -6.9086229294564303E-002  -4.1526867382706558E-015  -3.6500128475541594E-015   4.0110809260972782E-015   2.8237012007354857E-015   2.7361359870776613E-016   5.6320794438238454E-016
  -1.9310192583863444E-017  -1.0664054759696943E-016  -3.3268604639490481E-017  -3.1813860312437157E-017   1.1826259700313024E-016  -1.5290684973813615E-017   2.9945722578777602E-016   4.5091112912990609E-002  -3.4922870588915988E-016  -3.5101857641057036E-016  -1.4879289351877138E-016  0.13164887326006514        6.7067874231395733E-016  -6.9940044012397926E-016   5.2919023967564271E-017  -2.2407170266647153E-017   2.0664290403849869E-018   4.5693617454409952E-017  -2.9876600561656817E-017   6.3748058036819370E-017   9.0590374851607242E-017  0.14436497793464809       -5.6266861095211881E-017  -1.4514843799233778E-015  -3.2928760960720812E-016   5.1960715390228361E-002   4.4425206737487650E-016  -6.4468459709279412E-015  -6.9086229294561652E-002   4.7520011943313012E-015  -6.0400437142571574E-017  -3.9131683428997696E-016  -3.5259842848795997E-016  -2.8946636761129847E-016
  -2.5654145240341991E-017   2.4614695532369980E-017  -3.3931019775559549E-017   5.9951925877161093E-017  -2.4108068392456139E-017  -2.6356663687376737E-017  -2.1134633202567247E-016   2.2856907568964139E-016   4.5091112912989617E-002   1.2971795687694571E-016   7.3617215566671979E-017  -5.1658159137429225E-016  0.13164887326006522        1.7470834020260318E-015   2.8207673030794508E-017  -1.7879988031631952E-018   1.1523066188116268E-017  -9.3404685777801766E-018   6.2812039094065593E-018   1.2312957194454182E-017   2.7531734227725604E-016  -5.6266861095211881E-017  0.14436497793464600        2.4319589760163325E-015  -1.1677624580113995E-016  -1.5144615687974821E-016   5.1960715390228888E-002  -3.3188640462756683E-015   1.8189185509338249E-016  -6.9086229294557405E-002  -1.4078565915827946E-015  -8.2890052958490861E-016   1.1553498239865083E-015   6.3409233990158732E-016
  -1.0993360956120813E-014  -8.2388134149323076E-017   7.0333343818183921E-016  -9.5466095147991765E-015   1.8144074826601363E-015  -1.1478594201001788E-014  -5.4762287092551722E-015  -2.9605171859557136E-015   4.5833980273188320E-015   2.0217761758611071E-002   7.2516110955279248E-015   1.2190198997328146E-015  -4.9364721683976814E-015  0.65560163246711445        2.6872025456341113E-014   1.4899402227073508E-016  -2.3708043647319174E-016   2.2861778674037043E-014  -1.2624388664906525E-015   2.4871365240563934E-014  -4.7385720435723665E-015  -1.4514843799233778E-015   2.4319589760163325E-015  0.86834088473907323        1.3419013592582109E-015  -5.9698123436237001E-016   2.2762944156202783E-016  -2.6464482929859905E-015   3.7073119665915162E-015  -3.4187990198107649E-015 -0.41773128874135229      -0.21085224089628601        9.0554283139240827E-002   3.2261400341778851E-002
   5.1103626590442477E-017   9.1424454259416681E-017  -4.4943585165116672E-017  -2.9124969152216033E-017   1.0283811430947488E-016  -4.2696210618880129E-017   1.6292481511530784E-002  -1.4870945712007929E-016   1.3085559987778029E-017   2.6369510790704121E-017   4.7872866347780013E-002   2.4487292591785001E-016   6.4014316465329112E-018   1.2050978101390730E-015  -4.9094264706122710E-017   6.4938891345635717E-018   3.3184694886776651E-018   1.7775733962582662E-017   1.5476437151842829E-017  -3.9081202233206155E-017   5.1960715390227841E-002  -3.2928760960720812E-016  -1.1677624580113995E-016   1.3419013592582109E-015   2.2910791213419116E-002   2.7681181417732257E-016  -1.1287561055110386E-017   6.4984467331774917E-002   3.2696349854837943E-015  -9.5885061365428620E-016  -6.7872320317949168E-016  -3.9571908237833972E-016  -9.6208728119735607E-016  -6.7314083608509659E-016
  -6.0659975372257718E-018  -5.5654917460706275E-017   3.5517368050571850E-017  -3.0234621079887477E-017   2.5377938243454821E-017   1.1643520300569815E-017  -6.7179616826463517E-017   1.6292481511530385E-002  -2.1406140294240443E-016  -4.8589154290922708E-017   6.5760532237346183E-017   4.7872866347779694E-002   1.7783629001753268E-016  -6.2282140069544111E-016   1.3410691620469515E-017  -1.6389935684406190E-017  -4.3495226447037647E-017   4.2749857146041538E-017  -3.8695365532730195E-017   8.3952042862717656E-018  -2.7535156908092344E-016   5.1960715390228361E-002  -1.5144615687974821E-016  -5.9698123436237001E-016   2.7681181417732257E-016   2.2910791213419306E-002  -9.4762675653542045E-017   3.7363247284325009E-015   6.4984467331778914E-002  -1.7367340498492739E-015   9.6339686275738047E-016   7.4283072950632143E-016  -2.8497298162245854E-016  -7.8289539343261890E-017
   6.0034141891992587E-019  -2.2048322483398813E-017   4.6591727313020003E-017  -8.7445301447001313E-017   2.3754376120400592E-017   8.7060316314367841E-017   3.5645713989080819E-017   1.3504803273927027E-016   1.6292481511530694E-002  -5.0494656239888179E-017   1.9516122178218740E-017  -1.1430166661842659E-016   4.7872866347780478E-002   4.0185811304475700E-016   2.5020623456903935E-018   1.6567211480404928E-017   1.2281872326631363E-018   8.3133641585731058E-017  -4.3013428012745729E-017  -6.7943053322496017E-017  -1.1356613210320883E-016   4.4425206737487650E-016   5.1960715390228888E-002   2.2762944156202783E-016  -1.1287561055110386E-017  -9.4762675653542045E-017   2.2910791213418991E-002   1.0052044916927790E-015  -1.0389906595485440E-015   6.4984467331769824E-002  -6.2647916554824988E-016  -5.0669767682398294E-016   4.6472697070410817E-016   2.3284299555970693E-016
   2.1082178961340410E-015   9.7488007416907838E-016  -1.8899484552575064E-015  -1.4976591282803421E-015   2.3822172616064091E-015  -4.6359324026973983E-017  -2.0233188260351562E-002  -6.5266342775675878E-015   8.1419800622155807E-016  -1.8495564010551790E-015  -5.2561390351583887E-002   8.2511665266440888E-015   2.6630874680353335E-016   6.8191653869408061E-015  -2.0880618068503607E-015   2.4512102350692029E-016   3.3519105437032536E-017  -3.0821101826884883E-016   4.9625834504065839E-016  -1.4649194171277727E-015  -6.9086229294564303E-002  -6.4468459709279412E-015  -3.3188640462756683E-015  -2.6464482929859905E-015   6.4984467331774917E-002   3.7363247284325009E-015   1.0052044916927790E-015   1.9512184874387928       -1.4704593608288297E-015   4.5356358394384916E-015  -1.7398962808213276E-017  -7.9637231837691606E-016   6.0020159038531258E-016   1.6733767753569598E-016
   2.8118078835372280E-017  -3.1769987946071406E-016   1.0297878166611718E-015  -3.8578231795964593E-016  -4.2352698075407239E-016   3.7337818944363666E-016  -3.2015668972700978E-015  -2.0233188260357329E-002  -7.4301746456179068E-016   1.7828061721505778E-015   4.1441963447051700E-015  -5.2561390351581409E-002   1.4295915210780014E-015  -2.5944550042650432E-015  -1.4564898534203650E-016  -1.6700218629288860E-016  -9.4541795016002996E-016   5.3967005087896069E-016  -5.8221782990102509E-016  -3.4111198273157695E-016  -4.1526867382706558E-015  -6.9086229294561652E-002   1.8189185509338249E-016   3.7073119665915162E-015   3.2696349854837943E-015   6.4984467331778914E-002  -1.0389906595485440E-015  -1.4704593608288297E-015   1.9512184874387877       -1.5707254742384842E-015  -9.1036865692127674E-016  -1.1913577593341137E-015   9.5952392645537515E-016   4.1805277974484348E-016
   2.2221509661098264E-016  -6.7160955520780535E-016   1.2716139096528172E-015  -2.3561624325930978E-015   7.0389569036664070E-016   2.0737264461008555E-015   2.7746590890106057E-015  -5.9031313398602625E-016  -2.0233188260349987E-002  -1.8027801679897833E-015   5.1054875602714197E-016  -2.8508586846946787E-015  -5.2561390351586426E-002   2.4120632322522596E-015  -1.7682677571384703E-016   3.6827681982413196E-016  -6.7835847997828440E-017   1.8510058524176366E-015  -9.6953493336391027E-016  -1.5509745486513297E-015  -3.6500128475541594E-015   4.7520011943313012E-015  -6.9086229294557405E-002  -3.4187990198107649E-015  -9.5885061365428620E-016  -1.7367340498492739E-015   6.4984467331769824E-002   4.5356358394384916E-015  -1.5707254742384842E-015   1.9512184874387986        9.4933926062029168E-016   1.2561501506232572E-015  -6.5620139034986163E-016  -9.4050700514551195E-017
   4.5328065538374472E-015  -5.7320588925046687E-017  -1.7040605082326197E-017   3.1190079592754531E-015  -1.0568492124185576E-015   2.4645648264575336E-015   4.7325877732076641E-015   1.6664946956250545E-015  -3.1744366523282379E-015  -4.5028319899214604E-003  -6.3373592905918116E-015  -2.9810895279974695E-017   3.3801948852811916E-015 -0.36757386142520043       -1.0613855907422121E-014  -1.4725501276107678E-016  -5.4296088042088608E-016  -8.4001155548665734E-015   9.4867282642711739E-016  -8.3791408126013743E-015   4.0110809260972782E-015  -6.0400437142571574E-017  -1.4078565915827946E-015 -0.41773128874135229       -6.7872320317949168E-016   9.6339686275738047E-016  -6.2647916554824988E-016  -1.7398962808213276E-017  -9.1036865692127674E-016   9.4933926062029168E-016  0.88523109769704722       0.75963005102506842      -0.41127327766030997      -0.15509975760136213     
   1.9086905191952879E-015  -7.7500345737240844E-017   1.4388063790488196E-016   8.3701424022554883E-016  -6.3373820934551538E-016  -2.0555071330643426E-016   3.3833569333148085E-015   9.2299862444957236E-016  -2.0412693930086731E-015   1.1801607740305408E-004  -4.5732937990207924E-015   2.5635249457587461E-016   2.1278689479765728E-015 -0.20941206153576297       -4.2835117571519279E-015  -1.0497958736588568E-016  -5.8031210409063839E-016  -3.0027363172758198E-015   6.3769577660751557E-016  -2.5386553347818143E-015   2.8237012007354857E-015  -3.9131683428997696E-016  -8.2890052958490861E-016 -0.21085224089628601       -3.9571908237833972E-016   7.4283072950632143E-016  -5.0669767682398294E-016  -7.9637231837691606E-016  -1.1913577593341137E-015   1.2561501506232572E-015  0.75963005102506842       0.68457537427218806      -0.36081171968653514      -0.13249275039451028     
  -2.6415856538295966E-015  -1.9540685710755245E-016   2.1577751555921317E-016  -3.7883374432275337E-015  -6.2215427775132959E-016  -2.4744754697547297E-015   7.0052784689045552E-016  -1.9651432808087237E-015   1.6033105750304874E-015  -5.2386945705717872E-004  -5.4823302274489801E-016   1.2982240363052213E-015  -2.3298177936793980E-015   9.5191296443965207E-002   2.4790206362242743E-015   2.7546974670560845E-016  -4.0237076000182619E-018   3.7819294997207026E-015  -1.5733628653825997E-016   3.5716977296691672E-015   2.7361359870776613E-016  -3.5259842848795997E-016   1.1553498239865083E-015   9.0554283139240827E-002  -9.6208728119735607E-016  -2.8497298162245854E-016   4.6472697070410817E-016   6.0020159038531258E-016   9.5952392645537515E-016  -6.5620139034986163E-016 -0.41127327766030997      -0.36081171968653514        1.0439410124966355       0.61861367567769188     
  -1.4816009431122869E-015  -1.3751103015802129E-016   1.6399185173063711E-016  -2.3680849357846874E-015  -4.8264534837353883E-016  -1.6880153459591371E-015   9.1597486008642768E-016  -1.1439076437944769E-015   7.5703813633975779E-016  -2.0160524667153920E-004  -9.8387699295565461E-016   8.8218976860438178E-016  -1.2135834244215353E-015   3.4214541691461681E-002   1.1202749148993120E-015   1.6252837404675465E-016  -8.9337793216109038E-017   2.1229738610800949E-015  -1.4700948023913548E-017   2.0677959500199729E-015   5.6320794438238454E-016  -2.8946636761129847E-016   6.3409233990158732E-016   3.2261400341778851E-002  -6.7314083608509659E-016  -7.8289539343261890E-017   2.3284299555970693E-016   1.6733767753569598E-016   4.1805277974484348E-016  -9.4050700514551195E-017 -0.15509975760136213      -0.13249275039451028       0.61861367567769188       0.37841269219578283     
