   9.0157939158481334E-006  -5.9758021379014214E-013  -4.3987358238560758E-014   6.2132126220805495E-012   1.0530859751652600E-013  -2.2917608353367805E-013   7.7938412090747211E-012  -9.5815824003279071E-013   8.5031346273987856E-012   8.5284975480466456E-013  -2.7250227604547451E-005   1.8406340897207238E-012   1.4827696716294728E-013   8.3759541716417707E-011   5.9592160078934173E-005  -4.5318805856229913E-012  -4.4874102739327439E-013   1.5369013790231041E-010  -3.0900959258396504E-007   5.5796800846419504E-012  -2.0840320452404184E-013   2.8291013529787798E-011  -2.2940764296845500E-011  -1.4420621020688825E-011  -1.3063378583395454E-011  -8.3347253470714681E-012  -1.5227633596814821E-011   1.6651906405902002E-003  -4.4541106292909089E-011  -2.5266849381508873E-012   2.4549560799917636E-010   2.8303869140233976E-003  -1.0520110724052392E-010  -7.8483571803177534E-012   3.4930706613797673E-010   4.7130470910078427E-012  -3.8239972292821548E-012   5.9773504015711233E-013  -2.1830183304814117E-012  -1.5935672483955544E-012  -2.5300278794650311E-012  -1.5221134268795242E-003   5.6944500416670468E-011   4.4157540065243232E-012  -2.5101716495776763E-004   3.9572228923370126E-014   5.6044508817306621E-013   3.7771859248679723E-005  -4.6853796827013627E-013  -5.1626610888331388E-014  -2.0366856867232757E-010  -2.5616462305454719E-010  -4.8161713230312278E-013  -1.1086481038780697E-012   1.7545736231663564E-011  -3.1966843924566926E-013   4.7321201832219292E-012   8.0128840860086285E-013  -5.5960265359196484E-013   1.6264645746157709E-010  -2.6076055371236933E-011  -1.2414113280878325E-012
  -5.9758021379014214E-013   9.0157926946366843E-006  -2.9546982529148388E-013  -6.1181887285113440E-012  -5.2047736455638858E-013  -1.2679837145549171E-012   8.6475798277794982E-012   6.5422599894757872E-013   7.6223942661211752E-013  -1.3377020311339217E-013   1.8391472390552760E-012  -2.7250223679250647E-005   8.6082761372973476E-013  -4.8853920925072868E-011  -4.5451131831808183E-012   5.9592146393823877E-005  -2.1145667172454322E-012  -1.1042815311263001E-010   5.2275215188276340E-012  -3.0902179814274406E-007   1.7986255438040568E-012   1.6014140774645183E-011   3.0515447314599790E-011  -7.6761716212094858E-012  -2.8043075029805261E-011  -1.1804940459687937E-011   1.2028914795385293E-011  -4.5521016919561933E-011   1.6651905550451851E-003  -2.5089707064773289E-011  -2.4002962647427318E-010  -1.0647586330621888E-010   2.8303867052672121E-003  -5.0247677611845522E-011  -3.0996203684219461E-010   2.4159700519301047E-012   4.6398922483933539E-012  -1.5929818075535033E-012  -4.6326140662594784E-012   1.9962764660370615E-012   2.2166427303833493E-012   5.7671106665359449E-011  -1.5221133172423256E-003   2.5382533411487305E-011   1.6661030916692097E-014  -2.5101716133368954E-004  -3.5399700474659794E-012  -4.7111191288227184E-013   3.7771858462990284E-005  -7.2245981242452909E-014   1.7948310986240252E-010   2.3241542063768902E-010  -4.1337703673936210E-013  -2.6182419718936883E-012   4.4913869835131738E-012  -6.5244023304873365E-013   1.5684816823573568E-011   1.0658538557142398E-012   2.0866752141083499E-013  -1.4471704123543513E-010   2.2338328163422159E-011   9.7070255869913796E-013
  -4.3987358238560758E-014  -2.9546982529148388E-013   9.0157949058488394E-006   2.9353730098652431E-011  -9.0509621964983668E-013   5.1143599292459823E-012  -1.1299280811907135E-013  -2.3299467314192454E-012   7.7865001037367339E-013   3.2351069171698205E-012   1.4926442813375299E-013   8.6156559300025207E-013  -2.7250230105739823E-005   1.4893237087817927E-009  -4.3509988328035901E-013  -2.1314375696258757E-012   5.9592161730070764E-005   2.0874349190021572E-009  -2.1813913593011189E-013   1.8156035619915377E-012  -3.0903830792112971E-007  -1.0742457305038111E-011  -1.3127404360611417E-011   2.7220777479116385E-011   1.2457378422859935E-011  -2.4426562440028336E-011  -1.7149021861154333E-012  -2.7543677649960797E-012  -2.4618010272151407E-011   1.6651907386206158E-003  -1.0259696790406303E-009  -8.1340629517720372E-012  -4.9731349367200223E-011   2.8303870827182912E-003  -5.8556890952446791E-010  -1.8232824686750754E-012  -1.4726262865983847E-012   4.2646338965561721E-012  -7.1455101824805687E-013  -4.0767204599559708E-012   2.5378358013844124E-012   4.5653246467110306E-012   2.5122430645310770E-011  -1.5221135116227362E-003   5.4439102670042126E-013  -3.4955118402762041E-012  -2.5101713714977691E-004  -5.9088448978010091E-014  -7.1636169624910605E-014   3.7771859295089444E-005   2.1412158985961621E-010   2.9319602050593741E-010  -2.7798932521164034E-012   5.1200694794566679E-012  -1.3111981606475222E-012  -1.1886506280192372E-011  -5.8082265054760110E-013   1.4666441064458379E-011  -3.0673655458552645E-012  -1.3331982715015680E-010   1.5222495077152298E-011  -6.9858971313170385E-013
   6.2132126220805495E-012  -6.1181887285113440E-012   2.9353730098652431E-011   1.1551741397303627E-004   5.8533815187898809E-011   1.7252779755991213E-011   1.4431350138899569E-011  -1.7987655166752109E-010  -5.6343542617664073E-011   1.2134583907016447E-010  -1.1820602040993458E-011   6.1112533171952488E-011  -1.0839802952416174E-010   6.7508052564659226E-003   7.5612047744279858E-011  -3.2357921727373272E-011  -2.4333281960489302E-010   9.3693175696451161E-003   1.1562354900210160E-010  -2.1422816970144059E-011  -3.7992764960427387E-010   2.5566658861020744E-010   2.0353474937724990E-010   5.3903966782358391E-012   5.1661030662365520E-010   2.1325138073916842E-010  -7.7227736132682993E-010   5.5488493599682110E-010  -6.8718740517842358E-010   1.5171448767032864E-009  -1.4766002864813861E-003   8.9929131426088049E-010  -1.1081298017662994E-009   2.5604862445026318E-009   1.4354857178616766E-003  -1.0103804244245285E-012  -7.2756545116488826E-012  -4.5456618168489159E-013  -2.8721619728797317E-011  -9.8804429761551742E-012   2.9731975304332433E-011  -5.0408350863519077E-010   6.1805016711936428E-010  -1.3675507501378026E-009   1.5568274488470733E-010  -6.1786067155813813E-011  -1.1106006208665417E-011  -1.4282588198828831E-011   8.0256108240932928E-012   9.8603935243431917E-012  -9.8186380377985206E-004  -1.3449839729197360E-003  -5.6775480657120562E-011  -5.7775504107043552E-011  -1.3889442992815379E-012  -1.8859446500238601E-010  -7.3720054708423349E-011   2.4537008247372405E-010   3.9664404276745381E-006   7.9861670113323831E-004  -2.1940589836289893E-004  -1.4350117041102751E-005
   1.0530859751652600E-013  -5.2047736455638858E-013  -9.0509621964983668E-013   5.8533815187898809E-011   6.7201284844984512E-009   3.6847049306289809E-015   7.6236508945464300E-016  -3.3600618219308152E-009   8.9182600507412617E-016  -3.3600666595622105E-009  -3.1745638469118068E-013   1.5734955080807992E-012   2.7348491566864136E-012   3.9574581188659606E-009   6.9257259042363476E-013  -3.4423581574446377E-012  -5.9811097238641534E-012   5.3958534288642975E-009  -4.1846951356353752E-014  -2.0931807054460355E-014  -1.1070942139036057E-014  -6.0791274070891582E-009   7.8500041644504489E-015   2.0329231803669404E-015   3.0395763953924390E-009   3.9710770327148029E-015   3.0395510115418821E-009   1.8846365189668153E-011  -9.6679176159505611E-011  -1.6766468733088278E-010  -2.4229875206900178E-009   3.1883538402511784E-011  -1.6450313846666722E-010  -2.8515214910006581E-010  -1.0563438849465930E-009   3.5711559542413811E-005   9.7356639387870720E-012   2.1465160672863984E-012  -1.7855773117691198E-005   2.5999449629117901E-012  -1.7855786424743859E-005  -1.7369116665645080E-011   8.8386456821858262E-011   1.5310052383939775E-010  -2.8341465651119014E-011  -1.0563513487500310E-011  -1.7905251598291631E-012  -1.3316864276422846E-012  -5.1917693411014616E-013  -8.3865127162820401E-013   3.5530839840646363E-010   5.1099042977002576E-010   9.3933041894757706E-005   2.5618710373306613E-011   5.6513834554337592E-012  -4.6966503463702109E-005   6.8308076704537951E-012  -4.6966538431070797E-005  -5.6325761274323125E-012  -2.2453110458422750E-010   2.5158139497456053E-011  -8.5859739398048744E-013
  -2.2917608353367805E-013  -1.2679837145549171E-012   5.1143599292459823E-012   1.7252779755991213E-011   3.6847049306289809E-015   6.7201351213997340E-009  -1.4086260891214702E-016  -2.9294841832060014E-015  -5.1367817874427191E-016  -7.5399089734679659E-016   6.9187533839983701E-013   3.8329209593833623E-012  -1.5457105680726398E-011   1.3083788824635775E-009  -1.5117763910830938E-012  -8.3849978939862636E-012   3.3808131177710330E-011   1.7618340303342561E-009   2.8779084321239394E-014  -4.5172487070746591E-014   3.5895107801329560E-014   7.6683237842879474E-015  -6.0791119072728601E-009  -9.0804579976989854E-016  -9.7980399307777137E-015  -1.8127274636625284E-015   2.1291422949502924E-015  -4.1966744125931624E-011  -2.3542290417805432E-010   9.4730550698864295E-010  -1.1573921904082661E-009  -7.1250136435514613E-011  -4.0054923911244508E-010   1.6111675445780833E-009  -7.8307271988070441E-010   9.7856090542055246E-012   3.5711577224201702E-005  -4.4860911110014579E-013  -7.7386791166849767E-012  -1.3957325315961587E-012  -2.0469289793291312E-012   3.8448927154541108E-011   2.1521221960452615E-010  -8.6639812763267978E-010   2.0017286385775627E-011  -2.2375380171437027E-011  -6.7196976869952639E-012   8.2048480661468275E-013  -1.2295362043722680E-012   3.6063138078614801E-013   3.3950010289646499E-010   4.8796041078986898E-010   2.5750229762562179E-011   9.3933088473366461E-005  -1.1747192247597045E-012  -2.0368730868035819E-011  -3.6736619710561291E-012  -5.3814981967495201E-012  -3.6819558445984640E-012  -2.5065069812495699E-010   2.8158684022909710E-011  -2.7956802609210213E-013
   7.7938412090747211E-012   8.6475798277794982E-012  -1.1299280811907135E-013   1.4431350138899569E-011   7.6236508945464300E-016  -1.4086260891214702E-016   6.7201351093188629E-009  -7.6112317980168061E-016   5.3013763888745566E-016  -1.5897438125912209E-018  -2.3554101919300797E-011  -2.6135506591606638E-011   3.4219212851803721E-013   1.0815048994389258E-009   5.1516379016353119E-011   5.7163671973325480E-011  -7.5008445467495635E-013   1.4581201599956284E-009   5.8854043130837258E-014   6.3999565806290681E-014  -3.7292287944134691E-014   2.0660153277962209E-015  -9.5714483237679622E-016  -6.0791050181115345E-009  -1.8373650953784330E-015  -1.6959057582340624E-015  -2.2847911566515832E-016   1.4435784362262082E-009   1.6017849439278439E-009  -2.1493370514998011E-011  -9.2790632874232610E-010   2.4551927063389420E-009   2.7243150488056765E-009  -3.6700896649202093E-011  -6.1224554942129272E-010   1.8581713743220729E-012  -3.1010090806212410E-013   3.5711577160933118E-005  -1.8104046920427220E-012   1.4074532799670050E-012  -4.7766761147229368E-014  -1.3199385797430053E-009  -1.4649188272955670E-009   1.9551185929489405E-011  -6.8209677585595326E-012  -9.7413710642857435E-012  -2.4004973471222115E-011   1.7630983494158395E-012   6.8184883607131701E-013  -1.1547134909066341E-012   2.6137921356585576E-010   3.7470809468587830E-010   4.8931751317215198E-012  -8.1029226764595710E-013   9.3933088312980189E-005  -4.7672012208873962E-012   3.7020347931426639E-012  -1.2597382345650309E-013  -2.9084935550027822E-012  -1.9042233644358931E-010   2.1758388838037172E-011  -2.3741295649839499E-013
  -9.5815824003279071E-013   6.5422599894757872E-013  -2.3299467314192454E-012  -1.7987655166752109E-010  -3.3600618219308152E-009  -2.9294841832060014E-015  -7.6112317980168061E-016   6.7201290736308492E-009  -8.6134125315838970E-016  -3.3600672522226474E-009   2.8954156255019679E-012  -1.9782341511823373E-012   7.0410500085949956E-012  -1.3003589260923690E-008  -6.3320546579446200E-012   4.3283307065039665E-012  -1.5398616396210100E-011  -1.7598788469444158E-008   1.4041063537650964E-014   3.9687125090865391E-014  -1.7315177844618957E-014   3.0395743919073457E-009  -1.0465183034524688E-014  -1.9003236861040189E-015  -6.0791257912984452E-009  -3.8527843072454771E-015   3.0395513978149717E-009  -1.7714811407481767E-010   1.2173570014413295E-010  -4.3151720138842443E-010   1.0077857481386668E-008  -3.0120812196220165E-010   2.0719275337721795E-010  -7.3390192327437294E-010   6.0476465781747143E-009  -1.7855773091473001E-005  -7.6322259465679931E-012  -2.0811515177041304E-012   3.5711560269543986E-005  -2.7177838429578269E-012  -1.7855787178080133E-005   1.6207839111529073E-010  -1.1125745249458516E-010   3.9450050387967062E-010   1.5199542025789117E-011   2.1859102032856869E-011   1.0921730684274437E-012   6.0188924438204196E-013   1.0067990132384398E-012  -8.3637326868798414E-013  -2.4720721717829986E-009  -3.5434447666070336E-009  -4.6966503391958736E-005  -2.0088585291909850E-011  -5.4792056897728879E-012   9.3933043887756788E-005  -7.1469286162654858E-012  -4.6966540495832827E-005   2.9487729923371178E-011   1.7585498454384497E-009  -2.0123790157891289E-010   2.8929563975848626E-012
   8.5031346273987856E-012   7.6223942661211752E-013   7.7865001037367339E-013  -5.6343542617664073E-011   8.9182600507412617E-016  -5.1367817874427191E-016   5.3013763888745566E-016  -8.6134125315838970E-016   6.7201343201994517E-009  -3.0274579595161672E-017  -2.5698953478618088E-011  -2.3024964141560316E-012  -2.3540692771441986E-012  -4.1311363696888809E-009   5.6208802497554598E-011   5.0347254694107205E-012   5.1506375844904760E-012  -5.5825535239545279E-009   6.2786207970751074E-014   7.7400453456869536E-015   3.6311443178709349E-014   3.2084967588487228E-015  -1.8353305564206632E-015  -1.7500868110356491E-015  -3.5456448728908325E-015  -6.0791043299106768E-009   3.3706699621924164E-016   1.5750273814095412E-009   1.4112201211971906E-010   1.4471402299091700E-010   3.3378626856522929E-009   2.6788056556370705E-009   2.3998186138114745E-010   2.4625538812106759E-010   2.0871126691144543E-009   2.3173612800717425E-012  -1.2756318526148776E-012   1.4142763437097085E-012  -2.4243201816257426E-012   3.5711574984471525E-005   1.0695834688000765E-013  -1.4404506767152348E-009  -1.2878081565649019E-010  -1.3228244816569601E-010  -9.6059351697451120E-012   1.8332472781050176E-012   1.8772588279821321E-011   6.6756786326462511E-013   1.2086612105703342E-012   8.9657014522441629E-013  -8.6974050252299030E-010  -1.2466217350027243E-009   6.0888406798311344E-012  -3.3581321758286221E-012   3.7199264050657516E-012  -6.3756611316869250E-012   9.3933082634513215E-005   2.8682068432647491E-013   1.0071067378035097E-011   6.2516960648254653E-010  -7.1515598369144245E-011   9.2226836473628272E-013
   8.5284975480466456E-013  -1.3377020311339217E-013   3.2351069171698205E-012   1.2134583907016447E-010  -3.3600666595622105E-009  -7.5399089734679659E-016  -1.5897438125912209E-018  -3.3600672522226474E-009  -3.0274579595161672E-017   6.7201339093020451E-009  -2.5779595213362521E-012   4.0480378160651006E-013  -9.7760922956567997E-012   9.0463351862347167E-009   5.6394830056196298E-012  -8.8611530262265941E-013   2.1380149537724057E-011   1.2203214147858841E-008   2.7819062367852473E-014  -1.8766907613279858E-014   2.8429637692281366E-014   3.0395530124723778E-009   2.6140727425138818E-015  -1.3228408078763872E-016   3.0395493963893175E-009  -1.1847821113000364E-016  -6.0791024071307301E-009   1.5830193696604696E-010  -2.5060663407372538E-011   5.9919428875680085E-010  -7.6549798812150839E-009   2.6932495859251230E-010  -4.2696697985823758E-011   1.0190753687887477E-009  -4.9913394964317220E-009  -1.7855786434978562E-005  -2.0969054524723330E-012  -6.7215194094349112E-014  -1.7855787154601426E-005   1.1896472104978407E-013   3.5711573589610376E-005  -1.4470947004612468E-010   2.2874801785773444E-011  -5.4761244326249437E-010   1.3152216918268250E-011  -1.1305893754105839E-011   7.2476822523261924E-013   7.4115416707553200E-013  -5.0692037366153265E-013   1.6638297149602123E-012   2.1167598821179587E-009   3.0324370363881502E-009  -4.6966538460813051E-005  -5.5129423736554424E-012  -1.7704556406651347E-013  -4.6966540431284499E-005   3.1908227327478517E-013   9.3933078892147518E-005  -2.3855370391522719E-011  -1.5339976546316365E-009   1.7608067323109828E-010  -2.0328964328952793E-012
  -2.7250227604547451E-005   1.8391472390552760E-012   1.4926442813375299E-013  -1.1820602040993458E-011  -3.1745638469118068E-013   6.9187533839983701E-013  -2.3554101919300797E-011   2.8954156255019679E-012  -2.5698953478618088E-011  -2.5779595213362521E-012   8.2363882060541914E-005  -5.6629378080358295E-012  -4.9746434305597695E-013   1.1299119845388653E-010  -1.8011694017816714E-004   1.3915392304535245E-011   1.4640960728919827E-012   5.0952968406557639E-011   9.5558053364988435E-007  -1.6864300459067124E-011   6.3028173977174170E-013  -8.5503820329347839E-011   6.9334086352132520E-011   4.3581999568912527E-011   3.9481402228024418E-011   2.5190338706826561E-011   4.6022414018373508E-011  -5.0327605337187522E-003   1.4073170818072663E-010   1.0663276489025038E-011  -7.0377090625616448E-010  -8.5542696157633619E-003   3.2834600874997254E-010   2.8869741851619611E-011  -8.3465288672239201E-010  -8.8927067717380623E-012   6.7687162039276039E-012   5.0381326096554506E-012   3.8287609109279284E-012   5.6359362598086667E-012   5.0639431942602533E-012   4.6002952396994269E-003  -1.7768821025451161E-010  -1.6113925797433822E-011   7.7249592762146304E-004  -9.8542523113653252E-013  -1.5092025719910198E-012  -1.1636527326726079E-004   1.4556451323186703E-012   1.7078677833202939E-013   4.7220765021279391E-010   5.5670351623339246E-010   1.5546603042895723E-011  -9.2538262548136780E-012  -3.5036530199274288E-011  -6.3251030815617043E-012  -1.2140714452017972E-011  -9.2215085380736598E-012   2.5085368509089293E-012  -3.5748002674406555E-010   6.7393665897992341E-011   3.5477513094051801E-012
   1.8406340897207238E-012  -2.7250223679250647E-005   8.6156559300025207E-013   6.1112533171952488E-011   1.5734955080807992E-012   3.8329209593833623E-012  -2.6135506591606638E-011  -1.9782341511823373E-012  -2.3024964141560316E-012   4.0480378160651006E-013  -5.6629378080358295E-012   8.2363869488618363E-005  -2.5067165436227017E-012   3.3823657229661693E-009   1.3965233482975850E-011  -1.8011689726797541E-004   6.1828871094315401E-012   4.6891889616519536E-009  -1.5799907145739392E-011   9.5561742447957280E-007  -5.4394460197936836E-012  -4.8399567379348394E-011  -9.2226778883105107E-011   2.3199987502044940E-011   8.4755104644771045E-011   3.5676386736974467E-011  -3.6355478421145010E-011   1.4396846552250844E-010  -5.0327602317523099E-003   6.9968021877064082E-011  -2.1422954255486496E-009   3.3266664988791787E-010  -8.5542689109837661E-003   1.4188206693799394E-010  -1.0064403029499467E-009  -4.6318001370232630E-012  -9.5854518458237193E-012   5.6050533342249514E-012   8.5233874552374643E-012   5.5062943958231988E-013  -3.8915834811561910E-012  -1.8013585531358397E-010   4.6002948686270726E-003  -7.1349147751301962E-011  -9.2391787540090143E-013   7.7249591649853830E-004   8.7062761303827515E-012   1.4578148549960229E-012  -1.1636527075486954E-004   2.2919340062047442E-013   3.0662943442622148E-010   5.2386056754146469E-010   8.2767258339189154E-012   1.9596651837996129E-011  -1.1489783928914174E-011  -1.2446248532374320E-011  -3.0101790792397297E-011   4.1694122336015371E-012  -9.7983701543633249E-012  -1.9699638776556006E-010   2.2105274583764352E-012  -3.5788241439416713E-012
   1.4827696716294728E-013   8.6082761372973476E-013  -2.7250230105739823E-005  -1.0839802952416174E-010   2.7348491566864136E-012  -1.5457105680726398E-011   3.4219212851803721E-013   7.0410500085949956E-012  -2.3540692771441986E-012  -9.7760922956567997E-012  -4.9746434305597695E-013  -2.5067165436227017E-012   8.2363888136491079E-005  -5.9452773184336095E-009   1.4163556834935266E-012   6.2292041859229242E-012  -1.8011694192350899E-004  -8.2601727653261749E-009   6.5969706652459540E-013  -5.4905801241405503E-012   9.5566734625217774E-007   3.2467983725518368E-011   3.9675239920694871E-011  -8.2269313289852825E-011  -3.7649069822107481E-011   7.3824617165153285E-011   5.1810287436860862E-012   1.1168802715091428E-011   6.8407461800462033E-011  -5.0327607388018754E-003   4.2697640137199373E-009   2.9422700906292704E-011   1.4009196992461569E-010  -8.5542699704059394E-003   2.5019812570839910E-009   2.3011133578723482E-012   4.8895361374979025E-012  -8.3193428242971368E-012  -2.0863533920418870E-012   7.5721526029298363E-012  -2.1476685633760794E-013  -1.6399003043716692E-011  -7.0439616545214803E-011   4.6002954123726351E-003  -1.4596478715849058E-012   8.5730205259869109E-012   7.7249585806140719E-004   1.8050131919641423E-013   2.2829232713443391E-013  -1.1636527336567850E-004  -9.5359074818956721E-010  -1.3262775753192505E-009  -2.7917714662392332E-014  -1.4315423292162580E-011   1.5994700060437034E-011   2.4763523388582386E-011  -1.0744126904736366E-011  -2.4735731170453808E-011   1.2794371756423051E-011   6.2464441472241840E-010  -7.1476727910942497E-011   2.4215099753013521E-012
   8.3759541716417707E-011  -4.8853920925072868E-011   1.4893237087817927E-009   6.7508052564659226E-003   3.9574581188659606E-009   1.3083788824635775E-009   1.0815048994389258E-009  -1.3003589260923690E-008  -4.1311363696888809E-009   9.0463351862347167E-009   1.1299119845388653E-010   3.3823657229661693E-009  -5.9452773184336095E-009  0.50140395208147270        3.6893217863719289E-009  -1.8676397086620036E-010  -2.2214427764024886E-008  0.67664296240299415        8.9184313205530834E-009  -2.0951792501339238E-009  -2.7592648139940713E-008   1.9842085679308443E-008   1.4725600296437074E-008   3.8020460481975851E-010   3.6624767878196402E-008   1.5234096665043862E-008  -5.6466857019090147E-008  -2.3292045737339744E-009   1.3335481227516230E-009  -1.1836391693436244E-009 -0.41996014616208494       -8.3697130369640209E-009   5.9525956216863039E-009   7.4657153332157410E-009 -0.27139943083905405        1.4382792039877110E-010   3.0165260378825238E-011  -1.4141561007865433E-011   1.8362241242087353E-010   9.1425105218357044E-011  -3.2744342554209252E-010   3.7707561697442143E-009  -2.9843209527249689E-009   5.0323755858522161E-010  -1.0381428074268527E-010  -9.4563476254634883E-011   1.5464248762189057E-009   3.7446683444989916E-011  -1.0422064355070487E-011  -2.4532806564459536E-010  0.11461212069642007       0.16409358146767358       -4.1432629209985214E-009  -2.9924283843563095E-009  -7.0487353680611909E-011  -7.3611230850368454E-009  -3.0918133459882581E-009   1.1504391911610061E-008  -1.2955795133051087E-003  -8.2837052791425864E-002   9.8565891598290517E-003  -7.2275016209228765E-005
   5.9592160078934173E-005  -4.5451131831808183E-012  -4.3509988328035901E-013   7.5612047744279858E-011   6.9257259042363476E-013  -1.5117763910830938E-012   5.1516379016353119E-011  -6.3320546579446200E-012   5.6208802497554598E-011   5.6394830056196298E-012  -1.8011694017816714E-004   1.3965233482975850E-011   1.4163556834935266E-012   3.6893217863719289E-009   3.9389031472173076E-004  -3.3889616318040900E-011  -3.9206256997310180E-012   5.1666109904131497E-009  -1.9760390849684468E-006   3.6885973047265032E-011  -1.3801863985987604E-012   1.8701985107106664E-010  -1.5165108309585982E-010  -9.5323207526605509E-011  -8.6356497035354914E-011  -5.5094390653707198E-011  -1.0066334512711807E-010   1.1007346866088714E-002  -4.0453524246512171E-010  -4.3455661061032301E-011  -2.3109039227809916E-009   1.8709912387867698E-002  -8.8264492354841143E-010  -9.7388503406194673E-011  -9.7707132232918541E-010   1.5317266622316684E-011  -1.0780293709778165E-011  -1.4937617121091761E-011  -6.5990856731830702E-012  -9.1227445001213057E-012  -8.7181751362351830E-012  -1.0061686871618557E-002   4.7711476082122029E-010   5.3658613256458088E-011  -1.6163962501770195E-003   4.9309438943563614E-012   2.9708271150800387E-012   2.4510514003382212E-004  -3.2402211571990340E-012  -4.0489326118163260E-013   2.4018017204160834E-010   6.3355863741295807E-010  -4.4796045429923144E-011   3.0776937497717216E-011   6.6263190805779568E-011   1.8461425726487085E-011   3.5009051468785295E-011   2.6334638450286885E-011  -1.8493782799745388E-011  -1.9860232390165804E-010  -4.3840619811086834E-011  -8.5254314064555707E-012
  -4.5318805856229913E-012   5.9592146393823877E-005  -2.1314375696258757E-012  -3.2357921727373272E-011  -3.4423581574446377E-012  -8.3849978939862636E-012   5.7163671973325480E-011   4.3283307065039665E-012   5.0347254694107205E-012  -8.8611530262265941E-013   1.3915392304535245E-011  -1.8011689726797541E-004   6.2292041859229242E-012  -1.8676397086620036E-010  -3.3889616318040900E-011   3.9389018715792142E-004  -1.5156127009661130E-011  -4.8034492160693773E-010   3.4558241081810826E-011  -1.9761198164128408E-006   1.1902252877495712E-011   1.0586165247916491E-010   2.0172287420301615E-010  -5.0741214484161020E-011  -1.8537981245522570E-010  -7.8033402795066851E-011   7.9518031437371718E-011  -4.0856124616636700E-010   1.1007345260912373E-002  -1.9868713690191531E-010  -6.3641479755862580E-010  -8.8690171324102007E-010   1.8709909239572185E-002  -3.8793502609742163E-010  -8.2906724888270343E-010   7.4911345753132022E-012   1.6323548578881887E-011  -9.0238267719916488E-012  -1.3589218045736576E-011  -7.9349632206746178E-012   6.0980748214485320E-012   4.7967588867607079E-010  -1.0061685196106829E-002   1.9778893974514837E-010   4.7961442921782200E-012  -1.6163962240860611E-003  -1.4132931428314999E-011  -3.2410957108426349E-012   2.4510513427843149E-004  -4.2353484288575588E-013   5.1209381567908444E-010   5.2817825680544112E-010  -2.5021944676124733E-011  -5.5012729399916614E-011   3.3667545608750721E-011   4.0461733111115760E-011   4.8052324414823040E-011  -1.5439546283501456E-011   6.4741433167109633E-012  -3.6900469039585873E-010   9.3766253005546096E-011   6.2080882602252322E-012
  -4.4874102739327439E-013  -2.1145667172454322E-012   5.9592161730070764E-005  -2.4333281960489302E-010  -5.9811097238641534E-012   3.3808131177710330E-011  -7.5008445467495635E-013  -1.5398616396210100E-011   5.1506375844904760E-012   2.1380149537724057E-011   1.4640960728919827E-012   6.1828871094315401E-012  -1.8011694192350899E-004  -2.2214427764024886E-008  -3.9206256997310180E-012  -1.5156127009661130E-011   3.9389029329022645E-004  -2.9525661025841821E-008  -1.4450151301672711E-012   1.2014692690102114E-011  -1.9762290504940057E-006  -7.1013024284568933E-011  -8.6777151147771499E-011   1.7994409601015678E-010   8.2344138763133615E-011  -1.6147367867753087E-010  -1.1330989751568198E-011  -4.7484208440933976E-011  -1.9244542176015634E-010   1.1007346606264215E-002   1.9096918788979423E-008  -1.0356877336983371E-010  -3.7920969839496716E-010   1.8709911958411707E-002   1.2297697066844116E-008  -4.4595458127601070E-013  -6.5057030749191114E-012   1.4450532819355131E-011   7.5191423627974611E-012  -1.1954759725772931E-011  -7.0731721224762940E-012   5.6954842114349691E-011   1.9321329896444661E-010  -1.0061686601438628E-002   2.9083273243716037E-012  -1.3899128679658675E-011  -1.6163961328492589E-003  -4.0469221255293838E-013  -4.3073832399167096E-013   2.4510513956415084E-004  -5.3079050776013037E-009  -7.6864666115310830E-009   1.2191114171006869E-011   4.2353383742987439E-011  -4.4770862680938839E-011  -4.6349453204443699E-011   3.5573400740155381E-011   3.4158613733950800E-011   5.7579168616508937E-011   3.9364752114777553E-009  -4.5420289139837922E-010   2.4687411693188138E-012
   1.5369013790231041E-010  -1.1042815311263001E-010   2.0874349190021572E-009   9.3693175696451161E-003   5.3958534288642975E-009   1.7618340303342561E-009   1.4581201599956284E-009  -1.7598788469444158E-008  -5.5825535239545279E-009   1.2203214147858841E-008   5.0952968406557639E-011   4.6891889616519536E-009  -8.2601727653261749E-009  0.67664296240299415        5.1666109904131497E-009  -4.8034492160693773E-010  -2.9525661025841821E-008  0.91585432656912114        1.1986974952521863E-008  -2.7550721635397509E-009  -3.7325266841199653E-008   2.6655960395263439E-008   1.9927637925831246E-008   5.1594155908383822E-010   4.9672332958925122E-008   2.0644052403006854E-008  -7.6328302435543300E-008   6.2312362146358795E-010  -3.2072272233137644E-009   1.0773739672493014E-008 -0.52276247581473623       -4.7390013239956649E-009  -3.6267152811894035E-010   2.9562031287770673E-008 -0.31269125240523726        1.9819826281488456E-010  -2.1466287799501611E-011  -2.2693052847865587E-011   6.8767367288839060E-012   4.2652898055807248E-011  -2.0506713430922246E-010   1.4503221963091034E-009   6.9027990736821035E-010  -1.0343011547450935E-008   5.5637685273502009E-010  -2.1336527117391599E-010   1.6126272829990805E-009  -5.3793496615803891E-011   4.0095220565571615E-011  -2.3258198987338223E-010  0.12792027891063193       0.18361933306418590       -5.5091688395074835E-009  -4.1731371039328098E-009  -1.0193257682724143E-010  -1.0645904023349334E-008  -4.4149278150057349E-009   1.6155081330953511E-008  -1.5230601382471834E-003  -9.1302190619437548E-002   9.9608112508565109E-003  -1.9725073843954478E-004
  -3.0900959258396504E-007   5.2275215188276340E-012  -2.1813913593011189E-013   1.1562354900210160E-010  -4.1846951356353752E-014   2.8779084321239394E-014   5.8854043130837258E-014   1.4041063537650964E-014   6.2786207970751074E-014   2.7819062367852473E-014   9.5558053364988435E-007  -1.5799907145739392E-011   6.5969706652459540E-013   8.9184313205530834E-009  -1.9760390849684468E-006   3.4558241081810826E-011  -1.4450151301672711E-012   1.1986974952521863E-008   4.7786320555000554E-006   1.9482616136273697E-013   2.5102045892026151E-015   4.9643757003149347E-013  -3.5708878055848993E-013  -1.9891972051107092E-013  -2.4664559608201632E-013   1.5270943743248022E-014  -2.4979286501748610E-013   3.9433170795670621E-006   9.7053921267864826E-010  -4.0334804532963285E-011  -8.2740399805285238E-009   2.9201245997367747E-005   1.6511348497123543E-009  -6.8595408641268215E-011  -5.8055017117169579E-009  -1.6971743281693306E-012   3.9005145446678731E-012  -1.1146025116694113E-011   1.5618497842169162E-012  -6.7111274787549759E-012   1.3532374358077231E-013  -1.2063816888850700E-005  -8.8636956433786946E-010   3.6980031693115815E-011   3.0592944285553910E-003   3.2711517378657053E-011   2.3728292513577633E-012  -4.5277129901154012E-004   2.0801376201113601E-012   1.4696048863710961E-013   2.4795268437814851E-009   3.5141810974092863E-009  -1.3267917623748494E-012   8.3437537918461277E-012  -3.1766435251354637E-011   2.4063662352614920E-012  -1.6438223014191478E-011  -1.0795749692078185E-012  -2.7471988275266518E-011  -1.7625621728986885E-009   2.2865066214547317E-010  -2.8643840649938751E-012
   5.5796800846419504E-012  -3.0902179814274406E-007   1.8156035619915377E-012  -2.1422816970144059E-011  -2.0931807054460355E-014  -4.5172487070746591E-014   6.3999565806290681E-014   3.9687125090865391E-014   7.7400453456869536E-015  -1.8766907613279858E-014  -1.6864300459067124E-011   9.5561742447957280E-007  -5.4905801241405503E-012  -2.0951792501339238E-009   3.6885973047265032E-011  -1.9761198164128408E-006   1.2014692690102114E-011  -2.7550721635397509E-009   1.9482616136273697E-013   4.7786318655013395E-006   6.0844341175171477E-014   2.1999819023300821E-013   4.5281443768965262E-013   2.1423761316933508E-014  -4.1462040227968567E-013  -2.5924332689682134E-013   1.9462890351696615E-013   1.0357622705547511E-009   3.9410571503405818E-006   3.3752784123113878E-010   2.9320457254015034E-009   1.7620705873676584E-009   2.9197401682323256E-005   5.7421034218534903E-010   2.5683067314378921E-009  -1.0068801179997768E-012   9.9666749088506278E-013  -6.5646005496957947E-012   3.5745521200334367E-012  -6.8524511217097645E-012  -2.5676820468395095E-012  -9.4601862029496957E-010  -1.2061751153926347E-005  -3.0875622219588141E-010   3.2453563889373315E-011   3.0592944398176430E-003   9.0417880692992951E-012   2.1109957551076260E-012  -4.5277129458034089E-004   1.1949957730393023E-012  -1.1628431803566559E-009  -1.6326779875256391E-009  -1.7232488941215825E-012   4.9093248250882945E-012  -1.6068824016684697E-011   7.3502672716214898E-012  -2.1364922166131612E-011  -5.6269944833351519E-012   1.1558849743828683E-011   8.3658962048962109E-010  -1.1746933988965940E-010   1.1584294835495171E-012
  -2.0840320452404184E-013   1.7986255438040568E-012  -3.0903830792112971E-007  -3.7992764960427387E-010  -1.1070942139036057E-014   3.5895107801329560E-014  -3.7292287944134691E-014  -1.7315177844618957E-014   3.6311443178709349E-014   2.8429637692281366E-014   6.3028173977174170E-013  -5.4394460197936836E-012   9.5566734625217774E-007  -2.7592648139940713E-008  -1.3801863985987604E-012   1.1902252877495712E-011  -1.9762290504940057E-006  -3.7325266841199653E-008   2.5102045892026151E-015   6.0844341175171477E-014   4.7786312644100277E-006   2.1062900711570102E-014  -3.6954045207595620E-014   4.4401189879851464E-013   1.7152797545134693E-013  -3.5767944890274101E-013  -1.9262065677877457E-013  -3.8526939002861184E-011   3.3438401518310929E-010   3.9379885924508099E-006   2.1665838140750318E-008  -6.5519558303715195E-011   5.6886091740230298E-010   2.9192181054536202E-005   1.3176611022157538E-008  -2.1760780497479961E-012  -6.5389382414701557E-012  -6.2830275249313330E-013   7.5753224879249070E-012   3.3027353101429047E-012  -5.3992207536477887E-012   3.5325518891847092E-011  -3.0587855266674503E-010  -1.2058946028595561E-005   2.3981124761203559E-012   9.0130798273974115E-012   3.0592943400956415E-003   1.4180376208946950E-013   1.1687375129140472E-012  -4.5277130303031864E-004  -5.3981774219563596E-009  -7.7218130220843868E-009  -3.0160805064204100E-012  -1.6069041884853233E-011   9.2131219930754956E-013   2.1405954014063270E-011   6.9360434045709883E-012  -1.8389866147588034E-011   6.3981629111034274E-011   3.8302984354957406E-009  -4.5107812439274715E-010   5.7814346040359695E-012
   2.8291013529787798E-011   1.6014140774645183E-011  -1.0742457305038111E-011   2.5566658861020744E-010  -6.0791274070891582E-009   7.6683237842879474E-015   2.0660153277962209E-015   3.0395743919073457E-009   3.2084967588487228E-015   3.0395530124723778E-009  -8.5503820329347839E-011  -4.8399567379348394E-011   3.2467983725518368E-011   1.9842085679308443E-008   1.8701985107106664E-010   1.0586165247916491E-010  -7.1013024284568933E-011   2.6655960395263439E-008   4.9643757003149347E-013   2.1999819023300821E-013   2.1062900711570102E-014   5.4992695997391296E-009  -1.6323024161435940E-014  -4.3263415688109970E-015  -2.7496562655742900E-009  -6.6802935020543110E-015  -2.7496133340248753E-009   5.2441230423676872E-009   2.9676525615832192E-009  -1.9885794519562329E-009  -1.8568901257561068E-008   8.9205042966517467E-009   5.0478453499696204E-009  -3.3817334095492521E-009  -1.3114416049290731E-008  -3.2305204794260641E-005   4.9381678691652279E-011   1.2222238208184358E-011   1.6152667538707661E-005   1.9865541329927588E-011   1.6152537255572201E-005  -4.7959463555885760E-009  -2.7139797859806962E-009   1.8185395844074148E-009   1.5546832743780191E-010   4.7794775042310664E-011   8.0431504306988739E-011   1.5200082785126636E-011   5.7371021730293079E-012   6.1525073001768253E-012   5.7330923906372870E-009   8.1997116169408208E-009  -8.4973218595046687E-005   1.2988004136885213E-010   3.2143713028970575E-011   4.2486780656250045E-005   5.2259869283531333E-011   4.2486437938810392E-005  -6.1281380213302547E-011  -4.2097623601855336E-009   4.8851201983617916E-010  -4.2993602640779198E-012
  -2.2940764296845500E-011   3.0515447314599790E-011  -1.3127404360611417E-011   2.0353474937724990E-010   7.8500041644504489E-015  -6.0791119072728601E-009  -9.5714483237679622E-016  -1.0465183034524688E-014  -1.8353305564206632E-015   2.6140727425138818E-015   6.9334086352132520E-011  -9.2226778883105107E-011   3.9675239920694871E-011   1.4725600296437074E-008  -1.5165108309585982E-010   2.0172287420301615E-010  -8.6777151147771499E-011   1.9927637925831246E-008  -3.5708878055848993E-013   4.5281443768965262E-013  -3.6954045207595620E-014  -1.6323024161435940E-014   5.4992355679671330E-009   1.8395529391360501E-015   2.1456677731607378E-014   4.0744142659732097E-015  -5.1331347298830606E-015  -4.2518104950550529E-009   5.6553789538358152E-009  -2.4308184649021439E-009  -1.1438501245756881E-008  -7.2323333809495336E-009   9.6196956739487623E-009  -4.1340511542259960E-009  -6.8808371614666166E-009   4.9909877151882702E-011  -3.2305105714230762E-005  -5.5840439715607696E-012  -6.0533923867084548E-011  -1.0155445266299600E-011   1.0624045848565235E-011   3.8884009935348021E-009  -5.1719883395370532E-009   2.2229207415569818E-009  -9.6018676529841151E-011   1.1370006150898302E-010   5.5215191657978195E-011  -9.9103212780672795E-012   1.3111173265194777E-011   1.1145650933874089E-013   2.8081940805878148E-009   4.0179705351335937E-009   1.3126926195883329E-010  -8.4972958045271722E-005  -1.4692623304240265E-011  -1.5921197236186721E-010  -2.6710038633046790E-011   2.7942709772118808E-011  -3.3476745484559041E-011  -1.9896757299904770E-009   2.3114573164365973E-010  -3.2059543382710621E-012
  -1.4420621020688825E-011  -7.6761716212094858E-012   2.7220777479116385E-011   5.3903966782358391E-012   2.0329231803669404E-015  -9.0804579976989854E-016  -6.0791050181115345E-009  -1.9003236861040189E-015  -1.7500868110356491E-015  -1.3228408078763872E-016   4.3581999568912527E-011   2.3199987502044940E-011  -8.2269313289852825E-011   3.8020460481975851E-010  -9.5323207526605509E-011  -5.0741214484161020E-011   1.7994409601015678E-010   5.1594155908383822E-010  -1.9891972051107092E-013   2.1423761316933508E-014   4.4401189879851464E-013  -4.3263415688109970E-015   1.8395529391360501E-015   5.4992225358935695E-009   4.1137461824880564E-015   2.6433147878323742E-015   2.1244062824765396E-016  -2.6722317508779440E-009  -1.4208511193611899E-009   5.0453052447041452E-009  -2.7236413516116445E-010  -4.5453096150243501E-009  -2.4162195213458560E-009   8.5821549566453533E-009  -1.4969407711699818E-010   1.2744977949561180E-011  -5.3238635132375764E-012  -3.2305068910204877E-005  -1.1899165972003234E-011  -7.9408989171047727E-012  -8.4581190618674865E-013   2.4436923305293415E-009   1.2993086181297998E-009  -4.6140918963542655E-009  -4.5857401298841107E-011   5.9998660803958682E-011   1.2774305913326565E-010  -1.0830206601769053E-011   7.8803624614910196E-013   1.3177900888955589E-011   5.8232847399438743E-011   8.3250543349079738E-011   3.3518404531004782E-011  -1.4008346166503661E-011  -8.4972861244016749E-005  -3.1293994037867774E-011  -2.0887115177807274E-011  -2.2244105720333116E-012  -7.4545839291390399E-013  -4.0076310999754601E-011   4.6886737719240980E-012  -8.3276372661199188E-014
