  0.11977414705826518       -1.9499311226030298E-016   3.9231199796318742E-016  -5.9830691772361270E-016  -7.4888100934543326E-018  -1.3363284920236134E-017  -1.3122686286002100E-017  -7.5825794666383836E-018   1.0284713345502734E-017  -1.4539981191728788E-017   6.0239803089856853E-002   3.4837216144796004E-016  -5.8860049156228434E-016  -2.4461846937832008E-015  -3.9869765362906370E-015  -7.4622782028720589E-017   1.0996068333254547E-016  -1.4489090043500365E-015  -2.2379272365849624E-018  -1.8715164015744665E-015  -1.5806921471203149E-016   1.0308349036017237E-016  -7.4329645342376425E-017   2.2530892624860875E-016   9.2357217495218979E-017   5.5534929013141695E-018   1.6157846031483258E-017   1.0898639969793922E-016  -8.5649835701452696E-018   1.1115697431213224E-016   5.0006359332906855E-002   2.3428018114000360E-016  -2.3234608900392351E-016  -9.8100785748566239E-016  -3.0300042396141981E-018   1.8195582465777799E-018  -5.6509242450231915E-019  -6.0446519824312274E-018   4.3028334355992235E-019  -4.4542311151174913E-018   6.4776567759707548E-019  -3.4276211810567791E-019   3.7008031474596008E-019   2.1249160530011598E-019  -1.4187616217965108E-017  -7.6277610240844636E-019  -6.4121148517894690E-018  -6.5721183047795193E-019  -9.1766372096315701E-018  -2.1456219902952851E-014  -6.5607933288133277E-017   8.1247803760338012E-017  -9.3073860722858861E-015   6.9543627388337943E-019  -9.3022217910876479E-015  -1.5334270213954547E-016   8.3189043047513942E-017  -6.7543300718799635E-017   1.7501136430309529E-016   2.9345817603520158E-017  -2.5597643648685418E-018  -4.7025250843180823E-018   3.3605733150226111E-017   5.4203690500073524E-018   2.6345123554630833E-017  -4.8402600499311099E-005   1.1401125402723765E-017  -1.0138827324598592E-016   8.8608660765790608E-016   2.2370932013703760E-003  -2.1641688316124767E-017   1.0643979243350363E-017  -2.6265894346783659E-002   7.9701411392362647E-016  -1.3451780086757878E-015   9.6565825423062036E-019   3.1085489822025738E-019   5.0631004852293518E-019   7.2575875656303503E-019  -1.7250820933164610E-019   1.0871661914120253E-018   7.1407693925673754E-016   2.8263684725120616E-016  -1.1198703519955462E-017  -9.7230172388048531E-017   1.9840597280487750E-016
  -1.9499311226030298E-016  0.11977414705829358        1.0998891918336754E-016   3.4942109038713267E-016  -9.7704278198594901E-017   7.8144263181470425E-018  -1.8430839967935745E-017  -4.2632643773526600E-017  -5.2440050286234896E-018   3.0072415381153163E-017  -2.0831374934912439E-017   6.0239803089843162E-002  -1.1580813765817656E-016   1.5431451393931963E-015   3.4344560043575942E-017   2.2042404241183024E-015  -8.4436924837020156E-018   1.3999305190850491E-017   6.1088813810885097E-018   1.4739599826711037E-017   6.6329747176802047E-015   4.8887411385832936E-018   2.4640406240165405E-015  -2.6901785241067905E-017  -3.9395667195263291E-017  -5.9743150109050712E-017   2.7537405380666899E-017  -2.4519288312059334E-016  -3.2299539155225200E-017  -4.5480293525647138E-016  -7.7431941041130905E-016   5.0006359332855854E-002   4.9569252947722090E-016  -9.6761601094903523E-016   1.0142750642267242E-017   2.4413083082085786E-017  -5.4685688158935905E-018   4.2491585247231047E-017   6.4531431759986634E-018   7.7121625153064998E-017   2.5741826622013406E-017  -2.9868245784612729E-018   1.1856155077366448E-017  -6.6306880912410283E-018   1.1717161067796870E-016   1.5747549194071846E-017   1.0230716413131466E-016   1.4747984028581846E-017   2.3308580334617695E-016   3.3021185777494175E-016   2.0671766676855429E-015  -1.1233998665570206E-016   1.4934111750470733E-016   3.5517567656736514E-018   1.4689433387386617E-016   5.1389815570500935E-015  -1.1267779225133834E-016   2.3339725463667846E-015  -2.1779018657453797E-016   2.2198237815146150E-016   1.2486558570105094E-018  -6.9856730116907312E-018   2.4563869579173933E-016  -1.2709492989682034E-018   2.6338870991337416E-016   7.6993710664022037E-016  -4.8402600484194502E-005   4.9259083458106066E-016   1.0732127111368869E-015   2.5689059157019152E-017   2.2370932013728263E-003  -3.0887273768298663E-017   3.2810961328613420E-015  -2.6265894346805308E-002   4.0994752817455632E-015  -8.7249862296426395E-017   1.6340604070336508E-018  -1.1449739783912910E-019  -8.4983035943464082E-017   1.1640548094376114E-018  -7.9721277716467336E-017   4.2097663190099090E-016   2.3190259073700810E-016  -5.1987856357497971E-016  -1.3287688632371912E-016  -2.0828208231114820E-015
   3.9231199796318742E-016   1.0998891918336754E-016  0.11977414705828267        2.7968134723576403E-016  -6.2069934094797152E-016  -1.8470572154271832E-017  -1.0610864296991643E-017  -5.9680674537800176E-016  -1.9616997008357346E-017  -6.3513270409644585E-016  -3.1140619825490252E-016  -5.6087179613779297E-016   6.0239803089845584E-002   5.5081737130096470E-015   1.4836111892049629E-016   8.6795777464042521E-017   1.2394554774222286E-016   7.3365856685497162E-017   7.1584796618528330E-018   7.6917563444947631E-017   2.0837832041794228E-016   7.4646056630183595E-016   8.5736850187733107E-017   1.9085376621825056E-015  -2.3635575159536959E-015   2.4662566436231059E-017   1.2159306080601985E-017  -2.4877903392248902E-015   1.3277784872262791E-016  -2.3457855237478863E-015  -3.0008166481134158E-016  -1.1698259047376788E-018   5.0006359332898487E-002  -9.8884311796613410E-016   2.5193180991615005E-016  -5.8573205933386298E-018  -6.2138675033589869E-018   1.7321046573233739E-016  -2.3077239816779331E-017   1.5024474180173278E-016  -5.9423276892531939E-018  -2.9701706178304824E-018  -2.7412962751441834E-018  -5.5899951611086340E-018   3.2511482916916661E-016  -5.3671006152159057E-017   1.6625421138016658E-016  -5.3144758209892890E-017   2.4491287010143858E-016   2.0526090473759170E-016   1.4191082755077235E-017  -6.4493620927459072E-015   9.0264489967701006E-017   1.4501626332572197E-018   9.3510292793980368E-017   4.5610308650072978E-018  -6.7620732942292230E-015   7.6743651332249373E-018  -1.5746510896834553E-014  -1.1226052928618106E-015  -7.2127224593595505E-019   2.3523981671839758E-018  -1.1099022453879428E-015  -6.9822978002112887E-018  -1.1241437726863550E-015  -4.9831553562588589E-016   2.9596675596078727E-016  -4.8402600496853186E-005  -2.1982828517859611E-015   9.7882584762853775E-018  -7.3357722666449227E-018   2.2370932013707906E-003  -3.8279340151253594E-015   1.8655855381596909E-015  -2.6265894346792662E-002   1.3894597186620371E-016  -1.0353559631095191E-018  -1.5989533569435381E-018   1.4121724406976337E-016  -3.4714237330452655E-018   1.3961901445859374E-016   5.3934710363186444E-016   1.3145271947866128E-016   5.0391233153485601E-016   1.9822908306652136E-017   2.3413231512203092E-015
  -5.9830691772361270E-016   3.4942109038713267E-016   2.7968134723576403E-016  0.10789790122603704       -5.3775941165615065E-014  -1.6693817498840787E-018  -2.4268225887432262E-016  -6.1116792668431783E-015  -3.2932759599438284E-016  -2.1726779476797034E-014   6.1849720251700212E-015  -8.5711938197934423E-016   1.9401257110470932E-015  0.28246644897896628       -3.5706173340046975E-015   3.3180653783752779E-016  -8.5230037893340493E-017  -1.3827855353822246E-015  -5.3599250801390029E-017  -1.4419955450138332E-015   6.9189449324961790E-016  -1.1068988286274301E-016   3.3772481534723533E-016  -4.2624863741599314E-016  -3.2574589268081947E-014  -1.8643394340560673E-017   1.0453461222567036E-016  -1.1429505437594657E-013   2.3753685436548903E-016  -1.4198414917542173E-013   5.5691579961293289E-015  -3.7250340929131173E-016  -7.2139002412804746E-017  0.15739120755356339        1.2307898149433675E-014  -2.6335548134065232E-017  -3.2997503389272840E-017   1.2575439167139004E-014  -9.8096561609735594E-019   1.4896508592760550E-014  -6.0831073530172382E-017   1.9071996091720174E-017   1.0445668475399216E-018   9.0425182046324382E-017   1.5041290102132657E-014  -2.2637961738769299E-017   1.1163513721142007E-014   2.3713668506056428E-017   1.2072485992614764E-014  -3.1381595007538917E-015   2.9056184944976039E-016  -1.2648748256646352E-016  -1.5320982842103626E-015  -2.8533971086754544E-018  -1.5146946818731791E-015   6.3419757418233007E-016  -1.0280590586211339E-016   2.8433812336002311E-016  -1.3149151257234238E-016  -1.8723662322739700E-013   4.8867505596700711E-017  -5.0251672540930693E-017   6.3713177703032804E-014  -1.1076958467791474E-016  -1.8716782285803656E-014  -3.3589729850406809E-015   9.1759929377473679E-016  -5.5163023850288523E-015 -0.11156470160459359       -2.6929456379431978E-016  -1.4098395468539448E-016   7.3130127679665308E-017  -5.6910361525547175E-015   4.2808535305852246E-015  -3.4057927964661735E-014   3.9846963936330170E-015  -1.2169775307778402E-017   2.5482125052452757E-017  -1.9293726236509046E-015  -1.6228068693036764E-017  -3.1435896175820194E-015  -9.2534605101359010E-002  -3.2473831472659399E-002   1.1614193684246486E-002   1.1897448158601168E-002   2.3525877405352197E-002
  -7.4888100934543326E-018  -9.7704278198594901E-017  -6.2069934094797152E-016  -5.3775941165615065E-014   2.7213254384571182E-026   1.5339963012933529E-029   1.1346912565490150E-028   2.4678891638140951E-027   1.4790171135076862E-028   1.0566974614240526E-026  -6.0452709230907240E-018  -5.5391802337053410E-017  -3.2850933823298718E-016  -1.4052263992123255E-013   1.7336997439552405E-027  -1.7562598437251578E-028  -9.9073943534500215E-029   6.8573093087791080E-028   3.3021567066092561E-029   6.9493467439268832E-028  -4.0227701693896084E-028  -8.9638849805401032E-029  -1.8758411588840414E-028  -8.4163835961025638E-029   1.2936206923580562E-026   8.1891285779424934E-030  -4.6188686504291069E-029   5.6713104597310444E-026  -9.2702287375502752E-029   6.9715053197018157E-026   1.4571371378108218E-017   7.7624353392785808E-018  -1.3230780245890604E-016  -7.8834943211300347E-014  -6.1341817525280553E-027   1.1839310683040675E-029   1.1885952769107165E-029  -6.3591470747100049E-027   1.9620927610118390E-030  -7.5679516192694539E-027   2.3352944350900518E-029  -1.2674144442506751E-029   3.1475372496044900E-031  -3.1690267430551590E-029  -7.5621856683993382E-027   3.1960961254597708E-030  -5.6538884644143560E-027  -7.3238193976924710E-030  -6.0300078341559019E-027   1.4448670039416549E-027  -1.6237150965507047E-028  -9.5806303352149150E-029   6.9526223216628744E-028   4.6459501195724986E-030   6.9276890847453585E-028  -3.5812632672231135E-028  -1.1848985411659494E-028  -1.6335677487315019E-028  -3.1349221736798976E-028   9.2585513265076302E-026  -2.5060409561270782E-029   1.5571008087947250E-029  -3.7207823147222140E-026   3.8507894975952563E-029   6.0534240261620076E-027   2.3205277778448596E-016   6.3666886056723444E-016   1.6632997262818206E-015   4.7251221134879193E-014  -7.2651257178345859E-019  -3.4343290649010134E-018  -1.5797487254245806E-017   1.4212874214314074E-015   3.9162279847380087E-015   1.0310397102356074E-014  -1.5522638037095211E-027   9.8493699399519603E-030  -6.9589466679241173E-030   1.8288527395743924E-027   8.9886806323267175E-030   2.1880695204951387E-027   3.1692159987204693E-014   9.5478421013229037E-015  -3.8446332735336761E-015  -3.3469835205587994E-015  -9.0426964030381943E-015
  -1.3363284920236134E-017   7.8144263181470425E-018  -1.8470572154271832E-017  -1.6693817498840787E-018   1.5339963012933529E-029   5.3980816179509954E-030  -6.3121167594298105E-031   6.9514431730676360E-030  -6.6021663057955658E-030   1.1265663079671940E-029  -1.0787986984950528E-017   4.2015682888387914E-018  -1.1750659812338360E-017  -1.9492395642137380E-018  -5.6297076919258078E-029   6.2534709606915850E-030  -1.9822724710626219E-029  -2.1833376758852576E-029   1.2241947852630893E-030  -2.5509661371110361E-029  -1.8192722922504920E-030  -2.1025450406387325E-029   6.3217698717582190E-030  -3.6750013673612395E-029   4.8643918643701464E-030  -3.8468825130724964E-030   2.1879231757168587E-030   3.3878732805809215E-029   8.7507768818230036E-030   2.1763070011641215E-029   2.6006320946230212E-017   1.1552356882226436E-018   1.1401194315907853E-017  -6.1106874070446239E-018  -3.1275410574902110E-030  -7.1192957273253286E-031  -4.0718531688877378E-031  -3.2622462879371214E-030   4.2815870494084657E-031  -3.2348057628108639E-030  -1.6428740575444542E-031  -1.4992417063361258E-031   6.1273369369062516E-031   4.2582483018118134E-031  -4.0012660111853701E-030  -2.4699789287142942E-031  -3.6053224996107865E-030   1.1661017742705039E-030  -2.9575981034515261E-030  -1.0091506716789508E-028  -2.2119856670400020E-030  -2.6040115151291833E-029  -4.4215922134292377E-029   4.2123586645448364E-031  -4.2210185400332958E-029   5.8675924328017418E-030  -2.6711541901955179E-029  -2.1083970274664212E-030  -6.4703458812194537E-029   1.4043570489497610E-029   1.8124915825324433E-032  -1.9305613114818196E-030  -3.4099186798688225E-029  -5.2775692844612334E-030  -7.3617601687713660E-030   4.1414409015010728E-016  -2.7633717543474689E-017   2.5060715621472191E-016  -7.6565002973029846E-017  -1.2965684675042648E-018   2.1580687970505625E-019  -9.7852116829515757E-019   2.5365681552244980E-015  -1.7075323635506530E-016   1.5371813898919835E-015   3.0672883743842603E-031   4.2036256813988310E-031   4.9624011650952061E-031   3.8669701477204219E-030   3.6673581570298682E-031   2.3282448908808931E-030  -1.3384670285749510E-016  -6.1494975918838959E-017   2.0204427484755557E-017   2.4063999294667904E-017   3.4629646922376142E-017
  -1.3122686286002100E-017  -1.8430839967935745E-017  -1.0610864296991643E-017  -2.4268225887432262E-016   1.1346912565490150E-028  -6.3121167594298105E-031   4.2408726141391778E-030   2.8519873777886039E-029   3.2195845464175313E-030   5.1431888263677802E-029  -6.9030700988602935E-018  -1.2922275637029327E-017  -4.2888527564514562E-018  -6.4210562062410769E-016   7.0184449654440145E-030  -1.3612373530936015E-029   6.7929708755697810E-030   4.5397313231607204E-031   9.6344698605144028E-031   1.7811569390902807E-030  -3.2528222521833574E-029   7.2640412115238329E-030  -1.4419686362916124E-029   1.8234443808322797E-029   1.4198102785570034E-028  -5.3545077442733884E-032  -6.9936695694405606E-030   2.5231446940550834E-028  -2.0422500129938910E-030   3.4279486381104780E-028  -3.1249659659925888E-018   2.0672126455696058E-017  -1.2567865133543165E-017  -3.4363831175582748E-016  -2.3752996228362821E-029  -7.4699271212060681E-031   8.4613905296608497E-031  -2.3641450305665728E-029  -3.2578709009180706E-031  -2.6997066039224902E-029   2.0796237302925275E-031   1.5734994263199954E-030  -1.6498251194370021E-030   2.6425332820105237E-031  -2.7165124588842688E-029  -1.1746588844608413E-030  -2.1398407332377087E-029  -1.6398811283812952E-030  -2.5311460939417893E-029   4.2320251789206593E-030  -7.2373399548678523E-030   1.3275878014481301E-029   4.9196458331188231E-030   3.4365537706743172E-031   4.3927559574920080E-030  -1.9635130842305896E-029   1.2848282812485672E-029  -8.0656207996672362E-030   2.8870950772926511E-029   4.4371545984084573E-028   2.5529377730223654E-030   2.7155077353351358E-030   1.5992661450273382E-030   3.7598562230501315E-030   1.2627695445878400E-028   3.0867846199544410E-017   3.7194680148034343E-016  -1.0669527484140287E-016   4.7265391929977007E-016  -3.2312312060333090E-019  -1.2845350518030405E-018   7.1559248836372269E-020   1.9169009680597760E-016   2.2795103092129907E-015  -6.5044482039724993E-016  -2.2348201926249789E-029  -7.4028259681066238E-031  -2.7453009154098006E-031  -1.9482195028154485E-029  -5.4320439539997903E-031  -9.9077475016597608E-030   5.9067956608397766E-016   2.5121995029003480E-016  -5.7764439245744046E-017  -9.4960407641791074E-017  -3.3250102926633565E-017
  -7.5825794666383836E-018  -4.2632643773526600E-017  -5.9680674537800176E-016  -6.1116792668431783E-015   2.4678891638140951E-027   6.9514431730676360E-030   2.8519873777886039E-029   1.6485081557241902E-027   1.3059737441762927E-029   1.9254225417821253E-027  -9.0346221593913594E-018  -2.2411900508157389E-017  -3.1353669905778652E-016  -1.6506457724612568E-014   8.9605862031361335E-029  -3.2725131249583370E-030  -6.9507285712897697E-029   5.6637402858841705E-029   8.4961405770879254E-030   3.1680234817659337E-029  -6.9516581602182909E-029  -6.9108740978943443E-029   2.0338416076747737E-029  -1.2866969202984155E-028   8.9014117984404349E-027   1.1384345429040316E-030  -1.8925415523602385E-030   7.6396297171416363E-027  -3.1584590438866861E-029   1.0734881650127036E-026   3.7382227074533802E-017  -1.0265814002084567E-017  -1.4528960325687759E-016  -8.1486268951640600E-015  -7.6346562744689522E-028  -4.4243538938825992E-030   2.8546618486990580E-030  -5.6480435603051025E-028   3.0710945242296307E-030  -5.8716162598149912E-028   7.7742373302825494E-030   6.5994586474808683E-030  -3.9476248296103051E-030  -1.1914849765734618E-029  -7.9155964070136174E-028   5.9837323519459690E-030  -5.0324610203665428E-028   4.9567078708948994E-030  -7.2798930270010316E-028   1.4760460564752337E-028  -2.4857306609657373E-029  -8.6034070200181000E-029   6.3521974923249312E-029   2.2688580546887826E-030   7.2485134235863662E-029   1.3715444848150317E-029  -8.2131673818849521E-029  -3.0008513670407433E-029  -1.9873495258111124E-028   1.2373373841127987E-026  -1.7765734765191235E-029  -9.7493698962808300E-030   7.3184649185327213E-027   2.0162631831718078E-029   7.8019152957430801E-027   5.3165394756068199E-016   9.8794417863125092E-017   1.3622848815349981E-015   2.2602977117619000E-014  -1.4856786355099537E-018  -1.0459916450929876E-018  -1.4590266750129973E-017   3.2542222393767260E-015   6.1365298685437876E-016   8.4636535056459307E-015  -1.1792644734035596E-027  -2.2391772124635650E-030  -8.1768213018543541E-030  -1.6850530408765405E-027  -4.6525917425475353E-030  -1.1252559261301294E-027   3.3402767379906553E-014   1.4618371797819290E-014  -6.0586700625266263E-015  -5.7381738939398522E-015  -1.3897314923569760E-014
   1.0284713345502734E-017  -5.2440050286234896E-018  -1.9616997008357346E-017  -3.2932759599438284E-016   1.4790171135076862E-028  -6.6021663057955658E-030   3.2195845464175313E-030   1.3059737441762927E-029   1.0445389815776536E-029   5.4062596691890282E-029   9.7185903029287000E-018  -4.8168050445125677E-018  -6.3342836151034503E-018  -8.6655246861317385E-016   7.4083844447704716E-029  -1.4796212784160270E-029   2.6845097614708726E-029   2.7087781162275909E-029  -3.9099649171583980E-031   3.2396158572123580E-029  -1.5193824579925619E-029   2.8832716920555983E-029  -1.5833081029008319E-029   5.2744424661988165E-029   9.8535204329319165E-029   4.7638611717506530E-030  -6.0017172617805497E-030   3.0672453605133460E-028  -1.2864332787355383E-029   4.1172240339859797E-028  -3.1011364042568657E-017   1.4736209429750541E-017  -3.5620752575754522E-017  -4.7410236385706235E-016  -3.2665002680138715E-029   6.4161601318460467E-031   1.0000029827136618E-030  -3.3718035603315876E-029  -5.9613903078325061E-031  -4.0414979837833130E-029   3.4337071561026720E-031   8.7758822999472674E-031  -1.6089385836722936E-030  -5.0235206407266280E-031  -3.9362508534417680E-029  -3.1017503643730279E-031  -2.8651407316261912E-029  -2.1960366436405863E-030  -3.3213748733490373E-029   1.1944492591770023E-028  -1.9487624048122377E-030   4.0258189330840728E-029   5.3954464338275350E-029  -7.1680987958312712E-031   5.1659530768052790E-029  -1.7991967027771312E-029   4.0641316183757142E-029  -1.8100680991597431E-030   9.7824563430950276E-029   5.5348542349879925E-028   4.8700403333523481E-031   3.2505313652110101E-030  -1.4445898095748824E-028   8.9946996426925474E-030   6.9375775515088445E-029  -4.6291452595259090E-016   2.2192469499056375E-016  -3.5965167311601190E-016   4.6807522146755884E-016   1.3623667030338724E-018  -6.5898273046864664E-019   5.4284874343391317E-019  -2.8342707749046820E-015   1.3588386229497445E-015  -2.1960409386019155E-015  -1.7620325357475908E-029  -6.3757250114020750E-031  -7.3921162524047744E-031  -4.0386642178090592E-030  -8.8738297002208743E-031   3.0243044342502341E-030   5.0653534932564688E-016   1.8304515343152124E-016  -2.4000501264336530E-016  -7.8912750181220943E-017  -9.0891548802772271E-016
  -1.4539981191728788E-017   3.0072415381153163E-017  -6.3513270409644585E-016  -2.1726779476797034E-014   1.0566974614240526E-026   1.1265663079671940E-029   5.1431888263677802E-029   1.9254225417821253E-027   5.4062596691890282E-029   4.7704290304604130E-027  -1.2926200900531591E-017   1.8106612630599602E-017  -3.3359507808264205E-016  -5.7138665753941811E-014   6.0546031656048863E-028  -3.8585862643669809E-029  -7.7370343697340300E-029   2.5312677932000136E-028   1.6195485487563644E-029   2.4000686950382445E-028  -1.2889094435700162E-028  -7.4204380352740620E-029  -2.6390629681117109E-029  -1.1403185958784206E-028   1.0280501917920257E-026   2.3848351464216413E-030  -6.6547054484255750E-030   2.3732753320572083E-026  -5.0866296783850984E-029   3.0067761423500947E-026   3.7524891346992394E-017  -1.0602562528113050E-017  -1.5521350719847451E-016  -3.1301176157179184E-014  -2.5290002944562307E-027   2.2706592979711696E-030   5.2414571334982215E-030  -2.4663662921496129E-027   3.2500584658548806E-030  -2.8774683793178304E-027   1.3299521786590861E-029  -1.8477605912129719E-030  -2.2951575283971625E-031  -2.0214807548653987E-029  -3.0166955657944309E-027   7.3430222222285289E-030  -2.1905708498514777E-027   2.9538428155386784E-030  -2.4671783062410857E-027   5.2856212906691418E-028  -6.0448430765940639E-029  -8.6844190694771070E-029   2.4942564395430957E-028   1.3481964543391911E-030   2.5606649952225853E-028  -7.6697627200034742E-029  -9.0492176408396741E-029  -6.0714262978804891E-029  -2.2783890128851112E-028   3.8630349520805952E-026  -2.4787007291021712E-029  -5.4157792988010977E-030  -7.2430901504794219E-027   2.2433530590409026E-029   7.2442343729668900E-027   5.7161341176444086E-016  -3.0365108055199000E-016   1.4419849804109935E-015   3.0762336077165536E-014  -1.7166396655811742E-018   1.3293029786029110E-018  -1.5507552363725100E-017   3.5001967006005517E-015  -1.8642116135477356E-015   8.9595565590348206E-015  -1.3076802099027661E-027   3.0381618414818460E-030  -7.7139352476088749E-030  -5.4404896087558693E-028   2.7036998454505844E-031  -4.7057621689049163E-029   3.2997493302360573E-014   1.2981518202374236E-014  -5.7825360152087833E-015  -4.9886713549839045E-015  -1.4289654157274325E-014
   6.0239803089856853E-002  -2.0831374934912439E-017  -3.1140619825490252E-016   6.1849720251700212E-015  -6.0452709230907240E-018  -1.0787986984950528E-017  -6.9030700988602935E-018  -9.0346221593913594E-018   9.7185903029287000E-018  -1.2926200900531591E-017   3.0301531412717238E-002   2.3006906337198237E-016  -5.7268010091439781E-016   1.5736673875991776E-014  -1.9498236894493289E-015  -4.0898287690950681E-017   5.6961493494638854E-017  -7.0368820350738280E-016  -2.0130596732275911E-018  -9.1607486294089695E-016  -7.5336730940490958E-017   5.4498032432176748E-017  -4.0032468308321099E-017   1.1150553058257869E-016   4.2742228514058992E-017   6.9532681183345053E-018   8.2354456442927840E-018   5.2180406852286296E-017  -1.1384052470296079E-017   5.6168190501626532E-017   2.5117623251928872E-002   1.3469531793231548E-016  -2.6527266007294723E-016   8.9433967393201139E-015  -2.3015385518511973E-018   1.4439412648131646E-018  -4.9713655566616645E-019  -2.4332599002769929E-018   9.1492418912195592E-020  -1.9987969586192054E-018   3.3506496664436727E-021  -3.7673026542535393E-019  -1.2950913921807084E-019   5.5976326129882367E-019  -7.9029372675770987E-018  -3.8593796250243594E-019  -3.1075607281571894E-018  -4.4873404602624892E-019  -5.2294487436101170E-018  -1.0683463608767881E-014  -3.0392375647125062E-017   4.0521674952608901E-017  -4.6367586157973272E-015   4.3290595653684193E-019  -4.6353048904990998E-015  -7.9688090903157414E-017   4.1387567424949523E-017  -3.2252133554853147E-017   9.1228537549037243E-017   1.5127911757083616E-017  -2.5577626456790460E-018  -2.3258628455287789E-018   1.7154964601344838E-017   6.3050120922341935E-018   1.0301430623016615E-017  -4.5470640664540342E-004  -6.6955851175734172E-017   7.7578240185064936E-016  -6.1190289835900663E-015   1.1262227307477955E-003  -5.4779633929643993E-018  -8.5811662203976264E-018  -1.5843191913570694E-002  -1.0905790523159767E-016   4.5044086639949601E-015   8.2568482932303539E-019   4.8974403990415346E-020   8.3451429766151358E-021   8.5995781191589004E-019  -4.2415298612238780E-019   5.3649975974384988E-019  -4.9983462361027829E-015  -1.8031203359932208E-015  -3.4875041835971138E-016   6.1236089885479346E-016  -3.1216797839666517E-015
   3.4837216144796004E-016   6.0239803089843162E-002  -5.6087179613779297E-016  -8.5711938197934423E-016  -5.5391802337053410E-017   4.2015682888387914E-018  -1.2922275637029327E-017  -2.2411900508157389E-017  -4.8168050445125677E-018   1.8106612630599602E-017   2.3006906337198237E-016   3.0301531412696179E-002  -3.5242295847568193E-016  -1.8373796421652938E-015   1.6062077499714588E-017   1.1224818570087652E-015  -2.5016511191911797E-018   7.3832031675483611E-018   1.8596986882451323E-018   8.0675051281439817E-018   3.3704148685194163E-015   3.5601443307035956E-018   1.2539992781516496E-015  -1.3651208153390865E-017  -7.2885062476709111E-018  -3.0396299479089345E-017   2.0583617178622204E-017  -1.1941474865016850E-016  -1.5020402921530611E-017  -2.3222286713412595E-016  -3.1500219964680344E-016   2.5117623251892190E-002  -1.4115143138089670E-016  -2.0613646616667570E-015   1.8672736917541879E-018   1.3220910397637821E-017  -3.2944274778505307E-018   1.9310279345292837E-017   3.4918482517641034E-018   3.6151745530820589E-017   1.3236141023579128E-017  -3.1169165660846753E-018   7.7508631759552328E-018  -4.5336211582451009E-018   5.4610019587085345E-017   9.6228110247788654E-018   5.0615683008361755E-017   8.7889930170230856E-018   1.1655944176275090E-016   1.6519972364179913E-016   1.0469743051359422E-015  -5.6998668065735168E-017   7.3248309808060469E-017   1.2028700172083121E-018   7.2188236998919761E-017   2.6047555054288892E-015  -5.6084486284593446E-017   1.1824188472488961E-015  -1.0873172663737170E-016   1.0377969710784995E-016  -1.7836157620807849E-018  -5.5630099417529637E-018   1.1946198565930165E-016  -4.0460365974041879E-018   1.3099797797341089E-016  -1.1653359105220339E-015  -4.5470640663245105E-004  -1.5659902894118430E-015   1.0477263649403821E-016   2.4672269043369578E-017   1.1262227307484809E-003  -2.3168014219717851E-017  -7.9307318615843828E-015  -1.5843191913542321E-002  -8.8704034096769418E-015  -4.0466536163210561E-017   1.4788660089849369E-018  -2.1963123215882154E-020  -4.0537301199556641E-017   1.2683815795564764E-018  -3.8322868430271902E-017  -1.5064973535873598E-015  -6.9746003853033033E-016   5.5544164553755073E-016   2.9143723310233920E-016   1.8486821258827865E-015
  -5.8860049156228434E-016  -1.1580813765817656E-016   6.0239803089845584E-002   1.9401257110470932E-015  -3.2850933823298718E-016  -1.1750659812338360E-017  -4.2888527564514562E-018  -3.1353669905778652E-016  -6.3342836151034503E-018  -3.3359507808264205E-016  -5.7268010091439781E-016  -3.5242295847568193E-016   3.0301531412701369E-002   7.4532982913326166E-015   8.0548310152576613E-017   4.0195384377222823E-017   9.3521220340288184E-017   3.3328468003282173E-017   2.8408769308951881E-018   4.1346480658299595E-017   1.0562691821172556E-016   4.0679475657368075E-016   3.8288963860182456E-017   1.0248780013055947E-015  -1.2446782582337306E-015   1.2066387013855293E-017   2.9688884202845069E-018  -1.3088024261310361E-015   6.3766957634776890E-017  -1.2342742418282635E-015  -3.8270243921783558E-016  -5.8874605979260834E-017   2.5117623251916708E-002   2.1121698381284364E-015   1.3295915102076062E-016  -2.4540474396544628E-018  -2.1611622081572931E-018   8.9787586116465217E-017  -1.2107566116326380E-017   7.7795367873189471E-017  -2.1930842501586842E-018  -1.1458312152645317E-018  -1.6740786862283660E-018  -4.3299174867186302E-018   1.6999251917781287E-016  -2.6418352901704410E-017   8.8011944087808144E-017  -2.8373865477565613E-017   1.2900928760575541E-016   1.0138486686792523E-016   7.6525690182789257E-018  -3.1969606146608218E-015   4.9183443736164687E-017  -2.0777300868392081E-019   4.9267264687582340E-017  -1.0956699430828139E-018  -3.3527814970215694E-015   5.8746180257986382E-018  -7.8101636204715929E-015  -5.9895803181812937E-016   1.4905947945233870E-018   4.2072536893378827E-018  -5.9175198799685087E-016  -9.0764038509727728E-019  -6.0222144767265738E-016   1.0396751129036710E-015   3.6101763614241542E-016  -4.5470640663856725E-004  -3.5303211652245326E-015  -1.3598326199266107E-017  -2.5448941883491305E-018   1.1262227307476550E-003   6.1309884436881426E-015   2.2441046726146750E-015  -1.5843191913536846E-002   7.6562767231853323E-017  -9.4684221293453800E-019  -1.1780151362226684E-018   7.8331311793452644E-017  -1.7065332849159943E-018   7.6975116250838251E-017  -2.0677505856183210E-015  -1.0271134787685534E-015  -1.0962769031496484E-015   3.3354172183795571E-016  -5.8093762680887222E-015
  -2.4461846937832008E-015   1.5431451393931963E-015   5.5081737130096470E-015  0.28246644897896628       -1.4052263992123255E-013  -1.9492395642137380E-018  -6.4210562062410769E-016  -1.6506457724612568E-014  -8.6655246861317385E-016  -5.7138665753941811E-014   1.5736673875991776E-014  -1.8373796421652938E-015   7.4532982913326166E-015  0.73967565539522950       -9.3369200733834878E-015   8.6669956105930465E-016  -2.3407242520167469E-016  -3.6190968096039955E-015  -1.4112754192591391E-016  -3.7707331639779635E-015   1.8159119660421772E-015  -3.0235396005286320E-016   8.7388234758675338E-016  -1.1398965214700629E-015  -8.8058685712273400E-014  -5.0584102362972459E-017   2.7525807774170108E-016  -2.9960668384606776E-013   6.3652607329440820E-016  -3.7271723290497436E-013   1.4317268027355827E-014  -1.0598099449592746E-015   2.1601124174812490E-015  0.41172467212509228        3.2240142980738922E-014  -6.7549225106403666E-017  -8.7852485082161105E-017   3.2857802337359796E-014  -3.0813610903676719E-018   3.8890785860269184E-014  -1.6186272553730002E-016   4.6639950106720457E-017   4.7007417930233120E-018   2.4131236454402961E-016   3.9344241680426464E-014  -6.1945436678360207E-017   2.9166738596558910E-014   6.1654042256222629E-017   3.1615068274331037E-014  -8.2534950461217687E-015   7.6121877804576750E-016  -3.3993308866850216E-016  -4.0277117651360373E-015  -7.0201824030324463E-018  -3.9837426203615553E-015   1.6432245097522550E-015  -2.8128413991581400E-016   7.4539315145434702E-016  -3.7085496688070780E-016  -4.9083489960088146E-013   1.3269050655700768E-016  -1.3001858872991429E-016   1.6241709748642000E-013  -3.0059883042964733E-016  -5.1676492969232785E-014  -8.1796746921945272E-015  -1.9582596832735101E-015  -1.0452570406340962E-014 -0.29866128393253272       -7.3837208148493957E-016  -3.4319682982325597E-016   2.6347301942142325E-016  -1.0839592096996589E-014  -1.5608062843070506E-014  -6.5690134484845559E-014   1.0809132295548846E-014  -3.0180591277482357E-017   7.0039925946223472E-017  -4.3337863009842795E-015  -4.0105086272064313E-017  -7.7104589667279805E-015 -0.25365424182198071       -9.0184772524960793E-002   3.2638647431111979E-002   3.3198450353300588E-002   6.6888304013253963E-002
  -3.9869765362906370E-015   3.4344560043575942E-017   1.4836111892049629E-016  -3.5706173340046975E-015   1.7336997439552405E-027  -5.6297076919258078E-029   7.0184449654440145E-030   8.9605862031361335E-029   7.4083844447704716E-029   6.0546031656048863E-028  -1.9498236894493289E-015   1.6062077499714588E-017   8.0548310152576613E-017  -9.3369200733834878E-015   9.9183230552740540E-028  -6.0665345809873195E-029   6.5894500553880375E-029   4.1995949953479917E-028  -1.1997091694121391E-029   4.4688011129550251E-028   3.0927048273247759E-029   7.9577737369832643E-029  -5.2604739519772065E-029   7.9663481737169468E-029   8.1135286803779163E-028   5.3415685671357454E-029  -1.0064585177367158E-029   3.6314124776713385E-027  -1.0014044726500929E-028   4.5688455901224608E-027  -2.0948857775473936E-015   2.3746744862313482E-017   1.5880797384564871E-017  -5.2231560323520379E-015  -4.0378749348814599E-028   7.8744518813394045E-030  -2.9184000473965916E-031  -4.0442981254216069E-028  -2.6926893124778540E-030  -4.8850404863951383E-028  -1.0883475321217285E-030  -2.3772156832084291E-030  -4.8050122311042302E-030   1.2508110188085859E-030  -4.9489364475504412E-028   1.0301164966030268E-030  -3.6394323559956614E-028  -5.3511309563281110E-030  -3.9555936285565044E-028   2.2424710136699448E-027   2.7547816610010968E-029   5.5387590086463478E-029   9.5472840634794679E-028   1.2370782970763899E-030   9.3543865319528353E-028  -5.8659202358554333E-029   5.5029174647623271E-029   1.6211675028297230E-029   1.7400573373151364E-028   6.1487828864972444E-027  -1.2095993699209791E-029   9.0859944699058700E-030  -2.3114175850841551E-027   5.2083364350383472E-029   4.3394297228095130E-028  -5.6403468086946600E-015   1.2333658497527337E-016  -6.0399248963430649E-016   3.4025592281998695E-015  -6.0203836115312906E-017   3.2963438852085148E-019   4.2978169720510415E-018  -3.3642318043112563E-014   7.4710782208427230E-016  -3.7273024683254794E-015  -9.3699482379925665E-029  -2.3522840151825566E-030  -4.4737289051876063E-030   1.1727110910225448E-028  -3.1436389007251168E-030   1.4032631687332203E-028   2.5487391960138218E-015   9.0743130023384243E-016   3.1255679365197435E-016  -2.9286449178098693E-016   2.1806020414864226E-015
  -7.4622782028720589E-017   2.2042404241183024E-015   8.6795777464042521E-017   3.3180653783752779E-016  -1.7562598437251578E-028   6.2534709606915850E-030  -1.3612373530936015E-029  -3.2725131249583370E-030  -1.4796212784160270E-029  -3.8585862643669809E-029  -4.0898287690950681E-017   1.1224818570087652E-015   4.0195384377222823E-017   8.6669956105930465E-016  -6.0665345809873195E-029   9.2751127179612561E-029  -2.1333748751246122E-029  -1.8860231246932251E-029  -2.7355055951350046E-030  -2.3000360218617218E-029   2.3329602624853499E-028  -2.3800116924128082E-029   1.0101981721698465E-028  -5.2325721793996169E-029   1.3856788998574018E-029  -5.3430985247481345E-030   2.5360005502882294E-029  -2.9235687229327473E-028   1.2342009253449451E-029  -4.0419158461710543E-028  -5.0051489495047704E-018   8.1256149847113497E-016   6.3094545724737189E-017   4.8698255745830960E-016   2.3010999564906976E-029   2.6077653878302917E-030  -2.5981612983685836E-030   3.0821266619625386E-029   1.4135608376529196E-030   3.7760901446131271E-029   8.7017740094753025E-031  -5.3839001128587900E-030   6.5677694387497123E-030  -2.9479795702536604E-030   3.0197581717387616E-029   5.3314299440287099E-030   3.0446612539644019E-029   6.2437743900258595E-030   3.5093962596913107E-029  -7.6519210762564789E-029   6.0486285293836869E-029  -4.6645472770365602E-029  -4.0235556960170851E-029  -1.1238389703496103E-030  -3.7514086793462033E-029   1.6769228990556043E-028  -4.4296322340769295E-029   6.8929342770090781E-029  -1.0513191834291427E-028  -5.6327931481337940E-028  -8.2096798737828804E-030  -9.4675486827439231E-030   2.5693749566812238E-028  -1.6510051780240666E-029   8.1111672677900546E-031   3.4290318067523523E-016  -1.4132888010551389E-015   3.5210219253681623E-016  -2.7920498420376677E-016  -2.2605835653331313E-018   4.4740564171963305E-017   7.3090645237088292E-019   2.1140095433152060E-015  -9.1242161315970565E-015   2.1352884660630929E-015   1.2833153615355976E-029   2.5463815559122927E-030   6.6173738954187127E-031  -1.3299621380015741E-029   2.4482535960308697E-030  -1.5619992874225991E-029  -1.7448489879833549E-016  -4.7907819586703288E-017   3.2844714538153300E-017   1.7051318624601183E-017   1.0644259286075064E-016
   1.0996068333254547E-016  -8.4436924837020156E-018   1.2394554774222286E-016  -8.5230037893340493E-017  -9.9073943534500215E-029  -1.9822724710626219E-029   6.7929708755697810E-030  -6.9507285712897697E-029   2.6845097614708726E-029  -7.7370343697340300E-029   5.6961493494638854E-017  -2.5016511191911797E-018   9.3521220340288184E-017  -2.3407242520167469E-016   6.5894500553880375E-029  -2.1333748751246122E-029   2.3323741167622020E-028  -1.5448074879477042E-029  -6.9714584138498744E-030   3.0182075452488146E-029   2.0844367216134830E-029   2.3479952664862033E-028  -2.9842975898155926E-029   4.8441756455769182E-028  -2.3154406709596052E-028  -1.3190317157449839E-030  -2.1059621608551105E-029  -3.1855680320803742E-028  -2.3724056088247172E-029  -2.3858563710046385E-028   3.3037880808754273E-017  -1.7078000620825759E-017  -1.9043270709695635E-016  -1.0719312409705441E-016   3.5077553473351791E-029   4.0153789366798812E-030   6.8884009305948076E-030   1.3679455275059960E-029  -3.7423450368113992E-030   1.0615634263327217E-029   6.1469922337305045E-030   2.0383577458502401E-030  -1.5882275669810248E-030  -1.1895779786864868E-029   3.7274601620490391E-029   5.1195195304996504E-030   2.6620344062829314E-029  -1.1775808197933006E-029   3.3651207814476450E-029   1.9401287896629400E-029   8.0373858323273057E-030   3.3879443576467372E-028   4.1423236080584763E-029  -6.6428619149863344E-030   2.9177239245638902E-029  -1.7468563077303893E-029   3.5009676089773947E-028   1.8467436471367460E-029   7.9508212336522312E-028  -6.1468494992129944E-029   1.2950329977728935E-029   2.2206752025414484E-029  -3.8518282623009510E-029   1.8863322154716881E-029  -9.8348811754425833E-029  -1.6880839278500432E-016  -1.7769493677004736E-016  -3.1754365622447763E-015   4.6131353344088135E-016   2.4804495300113696E-018   2.9152719532111606E-019   1.0342625884142223E-017  -1.0565861184107928E-015  -1.0852798689635572E-015  -1.9453713185425017E-014   3.0075403618453240E-029  -3.2613834240834289E-030  -3.0473548254570709E-030   1.8503991781177999E-029   6.3894692704158913E-031   2.5729818887727109E-029   7.1315793809822006E-016   3.4317177670044864E-016   1.1434594649988482E-016  -1.2099660210109709E-016   8.1933991218378544E-016
