   4.5836231228150802E-002   1.6516394348912075E-008   7.6401666839578770E-009  -7.6231624663886229E-009  0.12863205316389420        2.1254586881644746E-008   1.0162407666348990E-008   9.6467777739973431E-009  -1.0598103098777038E-009   1.3348634481930263E-008  -1.3262964851543247E-008   3.0467290625306352E-009   3.6161866491220366E-009  -6.6659465190107076E-009   2.0818528007145139E-009   6.2868770651155608E-010  -2.4244615239588614E-010  -2.5132074525776631E-010   1.3838182513075891E-010  -2.5417624263970014E-009  -6.1917503922480315E-011   9.8287181875880844E-010  -5.4561650019598757E-010  -5.5188112777342504E-010  0.13104049288325034        2.1260585560098602E-008   9.3391680501204771E-009   6.5762442564903657E-009  -6.2379863083215461E-010   1.1635357452435821E-008  -6.7113399644980315E-009   6.6943507079096765E-010   1.3509564753309927E-010  -1.5842376274730148E-010  -1.2542605935294331E-011  -5.9364953603480740E-010   4.8054427858370861E-010  -2.8745266708077789E-011  -2.0225383091983417E-010   3.6252201970114999E-010   8.2746824779374097E-011  -4.6954951243655695E-010   5.3197328268191859E-010  -1.7953891157685126E-010   8.1882331375401356E-011  -1.6516290232531143E-010  -6.0456561449284134E-011   2.0916143343733564E-010  -6.3098649721165306E-009   2.8568030261130413E-011   3.8076060234747811E-010  -1.9061387674957785E-010  -1.3998151063357806E-010  -2.5737595807595596E-010   1.0164211585776329E-010  -1.7691376999159422E-010   2.1303620899735876E-010  -1.4340571486605502E-010  -1.6712855643897703E-011   5.1412224113102839E-002   7.8361169676558276E-009   3.3670642866954536E-009   4.8108084258923845E-009   1.6231548507611410E-009   7.5292308182749161E-009  -6.4966619844050680E-009   1.2764598908273083E-009   1.6858536988181680E-009   4.8664016742189866E-009  -8.6648605565519163E-002  -1.4452734423999592E-008  -6.4778286397219493E-009   3.7648118195773837E-009   6.9428414584014353E-010   7.6731493898635354E-010   1.7707478134850799E-009  -1.4247357164492715E-009   3.3599868014023290E-010   7.3045151161840069E-010  -3.1724298209931984E-003  -5.2748981261436139E-010  -2.3515539391342144E-010   1.1210350905875103E-009  -7.0293005744336632E-010  -8.3643151006890671E-010  -4.0332284942328625E-010
   1.6516394348912075E-008   4.5836230155470239E-002   6.2123558637839439E-009   3.1456878739384161E-010   1.9921957241490298E-008  0.12863205220717100        6.5078965962228001E-009  -3.3203001469307888E-009  -5.3844309963117494E-009  -1.0553768054627155E-008  -1.1105377381005806E-008   3.7273238677803977E-009   1.4425677816322058E-008   4.1854019231739891E-010   6.8727031524458666E-010   3.0588981518175740E-010  -1.5163600607169213E-009   5.4917486434347599E-010   1.4311982962110825E-009  -1.4712437923180334E-009  -9.3874497393283231E-010   1.6531751476706664E-009   9.5356179424045484E-010  -1.0197560618031078E-010   2.0974559935665657E-008  0.13104049129393078        6.9930176523183606E-009   5.6845766185472271E-010   1.5626100266350931E-009  -4.3944617696024561E-009  -9.1563203762702551E-009   6.0484465198477412E-009   8.5878658458917562E-009   5.4284277983064659E-011  -2.8516547803121087E-010  -1.6061484609698975E-011  -3.4882845170233687E-011  -2.2338583420892344E-010  -6.0475098001860441E-011   5.2678799656017406E-010   4.1664869275217874E-011  -3.2417200264013862E-010  -1.4993662152670107E-011   3.4114269638054742E-010  -1.2258491199118634E-010  -5.6437462537595422E-010   2.8908740417250361E-010   3.5571009231076621E-010   1.7603419407245619E-009  -8.4580813893288193E-011  -1.1351644086585512E-010   9.2187296808017432E-011   3.1919811122386562E-010   8.3052206489989296E-011  -2.0572056025454015E-010  -2.1767183044653070E-010  -4.1012931635267440E-010   4.0552813180627453E-010   2.3698025387636136E-010   7.5807295070309740E-009   5.1412223351346181E-002   2.6026304407571888E-009  -1.5393902221644814E-009  -1.3078658384370139E-009  -5.6288533762296126E-009  -6.3551722630921755E-009   1.5979165219698876E-009   7.8945633083734802E-009  -6.4104184079714570E-011  -1.4050336847029398E-008  -8.6648604517154407E-002  -4.7065453612109081E-009  -5.8359931788549785E-010  -5.7278852826824291E-010  -7.3822360138485717E-010  -1.5534883824725721E-009  -1.4180458466501735E-009   1.4063215714327945E-010   1.9908340132966342E-009  -5.1221837335920083E-010  -3.1724297813005707E-003  -1.7397873787227601E-010  -3.2303160294967226E-011  -1.4675989614264090E-012  -7.6974108906910083E-011   3.5683005632960333E-012
   7.6401666839578770E-009   6.2123558637839439E-009   4.5836226852101390E-002  -3.8742135341141782E-009   1.0180235660378975E-008   9.3794603416980625E-009  0.12863204635719080        6.6880795856844647E-009   1.6589246777619579E-008   1.0357155159941327E-008   2.4049507833008388E-009   7.5621721089645521E-009  -9.0930306670337265E-009  -2.6844489410596494E-010   2.6228490183528187E-010   4.7801947446657231E-011  -2.0054344641749085E-009  -1.8839849775569116E-010  -3.5159162181227973E-010  -1.6349389230969760E-010  -1.0601861509611219E-010   1.9495067457421519E-009   9.4437233166066988E-011   4.1694087659542019E-011   9.1450571561368804E-009   8.4085802070588893E-009  0.13104048861599146       -3.7242391554514067E-010  -6.1565341286370893E-010   4.9345668161199850E-009   1.0282676534375727E-009   3.1862635163129838E-010  -6.5584665773495560E-010   2.7871882512869843E-010   1.8187739046521375E-011  -5.5928292096838322E-011   1.7905578477191504E-010  -3.1231365626596860E-011  -6.6865655432522390E-010   8.0838373544539472E-011   2.7535731290842869E-010  -1.3285650760440200E-010  -1.4931068201430375E-010   1.4852082832148463E-010   4.6470510203785971E-010  -4.3994937776701171E-010  -4.4142678152609505E-010   6.3110333373498575E-010  -5.3286106049683438E-009   8.3617883509171120E-011   1.6131437680404094E-010  -3.3750669097904435E-010   1.5847828452559927E-010   1.4463605518951593E-010  -2.7066370377648354E-010   2.1242705643129933E-010   2.7374856688062918E-011  -4.4631474042552151E-010   2.3117131401144540E-010   3.3388645915733002E-009   3.3084563907699734E-009   5.1412222170294307E-002   2.7945887340163017E-009   3.3457191533684458E-009   3.7110455711190358E-009   3.3610613665359728E-009   3.4546193628108154E-009  -6.1556457807361450E-009   1.7627546626677510E-009  -6.4032256585204743E-009  -5.8947178981899454E-009  -8.6648602074450368E-002   1.9120232248963944E-009   8.0614588891949930E-010   6.5138037384225185E-010   4.2304458023049316E-010   1.1411196201681371E-009   1.0936611625755035E-009  -1.9472661128242927E-009  -2.3270260653284814E-010  -2.1736068134259922E-010  -3.1724296928208320E-003   4.0901414520882193E-010  -2.3709238873135946E-010  -2.1051637646571803E-010  -1.3695255713858235E-010
  -7.6231624663886229E-009   3.1456878739384161E-010  -3.8742135341141782E-009  0.13303368578251837       -1.4683177253754163E-008   3.9789847037962682E-009  -1.2214956759993118E-008  -4.3750654701692445E-010  -1.7997831851474970E-009   6.7708328465340270E-010   1.3586368557091237E-010   8.6748814078242741E-010   3.0167681791438882E-010  0.34631073658687339        7.0416102671256826E-010  -8.3426980125079324E-010   2.9889880403013080E-009  -3.5343831634802776E-009   9.4265179673564649E-010   2.5896448737507427E-009  -1.9900481873017412E-009   2.5221624611747438E-010   3.5041990216916275E-009  -2.4158514394127017E-009  -1.6114198778032305E-009  -6.5551055039653917E-009   4.1312783781606138E-009  -8.4716251470347130E-010  -3.0669128819280953E-009  -9.2228554053404581E-010   5.5707497005852265E-010  -1.2134508846673523E-009   2.9058292040899105E-010   4.9649764785369820E-010   1.5551034488781402E-010  -9.9867939712068510E-011   7.3347209394454965E-011  -2.4676501221383028E-010  -9.4555134384294204E-010   5.3578959112398882E-011   2.1439279942142605E-010  -2.8052221101997310E-010  -5.9931325809609916E-011  -3.2878798759893286E-010   3.2097135811142598E-010   5.0405792309185591E-010  -1.3704345911712377E-010   2.5123251375523112E-010  0.16544543432640818        1.9846676557319204E-010   5.2067151963596667E-010   7.7470990794370212E-010  -1.3960241723061158E-010  -7.1578739341113839E-010  -1.2667198987672658E-010  -8.1493304276406806E-010   4.8972498619796362E-010   5.7267519672815104E-010  -9.4245471101480573E-010  -3.9046474670358593E-009   1.7045799688576024E-009  -5.7566570923347205E-009  -4.6998779562356137E-010  -1.8494959980295417E-009  -1.5808048584234772E-010   6.0979196555142567E-010  -4.6440706183199116E-010  -1.3960494681778042E-010 -0.16604489412308479        6.2066129677283719E-009  -3.2194829800696083E-010   4.6769319763171186E-009 -0.15184631558397718       -9.4343796990812630E-011  -7.6453118221250830E-010   6.5076069221829234E-011   3.4256377935433418E-010   5.3932588294888560E-011  -2.4826532437468188E-010  -3.2446933426107155E-010   3.7097527260420912E-010  -2.8545161458496331E-010  -3.4076847019035433E-002   2.6029790958704706E-002   3.6396424854299364E-002   1.6632238753803621E-002
  0.12863205316389420        1.9921957241490298E-008   1.0180235660378975E-008  -1.4683177253754163E-008  0.36099388811979011       -1.4515730824443977E-008  -3.0799170285779537E-009   2.7073723307920517E-008  -2.9749972355445689E-009   3.7462107131293593E-008  -3.7221134219458391E-008   8.5500426309885308E-009   1.0147409720170743E-008  -1.2878446270889257E-009   5.8426243934654518E-009   1.7636798479207984E-009  -6.8008227170213232E-010  -7.0506027314420885E-010   3.8886969470271052E-010  -7.1335993474146743E-009  -1.7340716542584823E-010   2.7583377117093958E-009  -1.5310292761949683E-009  -1.5490413244471216E-009  0.36774635354523205       -1.5895066980215139E-008  -5.9853177985238158E-009   1.8451953463202356E-008  -1.7474113000415295E-009   3.2651082854953266E-008  -1.8833636567204868E-008   1.8783560969393131E-009   3.8168301792642491E-010  -4.4459787087306574E-010  -3.5230400080974328E-011  -1.6659828543421160E-009   1.3485399299391086E-009  -8.0654946156461445E-011  -5.6755016753131648E-010   1.0173749614217160E-009   2.3218594949528515E-010  -1.3176932187341336E-009   1.4929205102956853E-009  -5.0384092577092217E-010   2.2976857474372976E-010  -4.6348365824603165E-010  -1.6965104795076408E-010   5.8694253278537039E-010  -9.1839659759791718E-009   7.9832581568521191E-011   1.0697173497014005E-009  -5.3556976709369073E-010  -3.9349085641887788E-010  -7.2314670107125619E-010   2.8635236167127036E-010  -4.9711402959802312E-010   5.9814603983733099E-010  -4.0276844657080280E-010  -4.6642261681122146E-011  0.14455044512281431       -7.5762185123732584E-009  -3.1439314732849857E-009   1.3511591227182372E-008   4.5455035240652354E-009   2.1140077754978866E-008  -1.8235885432891757E-008   3.5812787267353148E-009   4.7242945903180108E-009   7.2097687131551037E-009 -0.23916564349345362        1.0442069612898609E-008   3.6101014807034395E-009   5.7901979415515018E-009   1.9634418372780389E-009   2.1416015904512134E-009   4.9801818765993986E-009  -4.0044763106717427E-009   9.4294534347114501E-010   2.0410343037749376E-009  -8.9043375453783363E-003   3.4949575459104800E-010   1.1997595601765147E-010   2.3104449116032860E-009  -1.5012446168822020E-009  -2.0046532079144648E-009  -7.5827274350912796E-010
   2.1254586881644746E-008  0.12863205220717100        9.3794603416980625E-009   3.9789847037962682E-009  -1.4515730824443977E-008  0.36099389119747111       -4.3396766415593115E-009  -9.3173032252630958E-009  -1.5109325687551772E-008  -2.9617628565107277E-008  -3.1166557963481983E-008   1.0461477382482507E-008   4.0483861999772733E-008   9.2758260375354583E-009   1.9292145344154350E-009   8.5837655752458030E-010  -4.2555230444124524E-009   1.5403838735536271E-009   4.0168297988915590E-009  -4.1286940882431482E-009  -2.6341458007966328E-009   4.6400048532912677E-009   2.6756813318722252E-009  -2.8657486526453762E-010  -1.2887877231886578E-008  0.36774635495649344       -3.4026353347204946E-009   1.5940671453676719E-009   4.3803777897346173E-009  -1.2332646451008218E-008  -2.5694805503092503E-008   1.6970882567693471E-008   2.4100747087654163E-008   1.5234214767635061E-010  -8.0028113357525578E-010  -4.5062271708435045E-011  -9.7919798114352610E-011  -6.2690976957654729E-010  -1.6969049078697898E-010   1.4783220271254190E-009   1.1691885010683830E-010  -9.0969117612848410E-010  -4.2083847198468820E-011   9.5738396559379082E-010  -3.4403678370345134E-010  -1.5838382732011738E-009   8.1130920355288354E-010   9.9823664389811778E-010   8.6349619260372869E-009  -2.3804979602316703E-010  -3.1878966861020342E-010   2.5927644263107192E-010   8.9693915993360106E-010   2.3267094652488759E-010  -5.7756049447214085E-010  -6.1157510553201712E-010  -1.1524663206088998E-009   1.1392314637528828E-009   6.6574517164811600E-010  -6.7984576642503270E-009  0.14455044528106084       -1.7183319386793964E-009  -4.3139530561462842E-009  -3.6600312540884934E-009  -1.5794487747865201E-008  -1.7843393270166154E-008   4.4969788212045876E-009   2.2157348746910142E-008  -5.7431402927252747E-009   9.0485047006927768E-009 -0.23916564454495470        2.1828998416115837E-009  -7.6939063677435023E-009  -1.6012563521897276E-009  -2.0566000523794393E-009  -4.3583219358369177E-009  -3.9892841420660390E-009   4.0767684133431286E-010   5.5905394872369951E-009   3.0011444814672198E-010  -8.9043375760161445E-003   6.9572340155047024E-011  -1.6583403768596323E-009   1.3531750819875534E-009   1.9867067899649846E-009   8.0496894984615975E-010
   1.0162407666348990E-008   6.5078965962228001E-009  0.12863204635719080       -1.2214956759993118E-008  -3.0799170285779537E-009  -4.3396766415593115E-009  0.36099388437889363        1.8768543226364044E-008   4.6555364743835481E-008   2.9067049825903450E-008   6.7483774986873519E-009   2.1221358867222236E-008  -2.5516921587743576E-008  -4.3053833654077346E-009   7.3590240776676144E-010   1.3408058574605217E-010  -5.6278933841723630E-009  -5.2867140136262944E-010  -9.8724489722969862E-010  -4.5864603137575393E-010  -2.9784796202899559E-010   5.4715680482458400E-009   2.6552519026574515E-010   1.1654053167401736E-010  -6.5809772293002830E-009  -7.6396205025606144E-009  0.36774635721989418       -1.0410857496412125E-009  -1.7283653268520446E-009   1.3845246509406969E-008   2.8887557345783033E-009   8.9885615711478854E-010  -1.8476783514568080E-009   7.8218637792152329E-010   5.1042268593059060E-011  -1.5697142810495332E-010   5.0248978205328773E-010  -8.7650708825327402E-011  -1.8764875332987801E-009   2.2684570489131598E-010   7.7272845588732215E-010  -3.7282312719697757E-010  -4.1898565324524500E-010   4.1680730456891004E-010   1.3041252086034030E-009  -1.2346587929176240E-009  -1.2387946853602410E-009   1.7711025984545830E-009  -1.6409041739554725E-008   2.3504644492603668E-010   4.5311265535215797E-010  -9.4757034366409613E-010   4.4510821429047511E-010   4.0672895097045194E-010  -7.6045682829975695E-010   5.9685739461856988E-010   7.5913339437608808E-011  -1.2538796444067920E-009   6.4973044250544693E-010  -3.2428002772047276E-009  -2.9594440631967736E-009  0.14455044579648815        7.8352787760142569E-009   9.3888481782872883E-009   1.0424135469106514E-008   9.4234700170621936E-009   9.6856953722979930E-009  -1.7258736639065756E-008   8.9453562855579669E-009   3.8569253030315412E-009   4.2609842361977139E-009 -0.23916564423100409        1.0345846665774437E-008   2.2527606849985181E-009   1.8285138062889236E-009   1.2005227602705412E-009   3.1929616283646053E-009   3.0566407363337319E-009  -5.4457240004628209E-009   1.2809278685057055E-010   1.4658552029963409E-010  -8.9043375649762359E-003   2.5528252551208778E-009  -1.9330067846553533E-009  -2.7323463658612656E-009  -1.1096595306836415E-009
   9.6467777739973431E-009  -3.3203001469307888E-009   6.6880795856844647E-009  -4.3750654701692445E-010   2.7073723307920517E-008  -9.3173032252630958E-009   1.8768543226364044E-008   3.2484693915341150E-015   2.5934112638177009E-015   5.0830405947416383E-015  -1.6366002026101027E-015   1.4718903024150920E-015  -1.6118694543352993E-015  -1.1390948432050632E-009   4.2440955420459644E-016   1.1975947665349828E-016  -2.4357928437423992E-016  -1.0855865780355709E-016  -1.2879589788000097E-016  -4.6084330792689376E-016   4.6144683175909839E-017   3.7075636272939468E-016  -1.8166849306188169E-016  -9.4791136012620969E-017   2.7579422574924037E-008  -9.4922119319466016E-009   1.9120325332977224E-008   1.2904112425038964E-015  -3.2394650523968050E-016   3.4900041280579806E-015  -6.0098835976008820E-016  -2.4729501738905816E-016  -6.8942519228694881E-016   1.7607503072566145E-018   2.0153384494925870E-017  -1.3160770860152346E-016   1.2954060007245147E-016   6.3881517225292476E-018  -1.3263296969560602E-016   4.9758482783171886E-017   5.3865950846880099E-017  -9.3796975285508612E-017   9.1458349536766295E-017  -3.9743795042388338E-017   9.2858338676107039E-017  -5.9725295226555905E-017  -9.7619782300897842E-017   1.0950547599644540E-016  -5.4317226648821120E-010   2.3555546263166466E-017   1.1036177648851721E-016  -9.8646937136144484E-017  -2.9059013448692861E-017  -3.6958954765364932E-017  -2.5465145390572470E-018   1.2005339224868979E-017   7.6929550712833740E-017  -1.2646667665700361E-016   1.6188966618121367E-017   1.0870081206809685E-008  -3.7055284761405477E-009   7.4865454522468254E-009   1.5361351428146561E-015   9.2959430635069119E-016   2.5358946437289875E-015  -4.1938057169218821E-016   6.5970856570132159E-016  -1.1167545865918338E-015   5.5661384234439503E-010  -1.7499639846694745E-008   6.5532965486654916E-009  -1.2867198975742766E-008   5.1505594907226041E-010   3.0928201551054052E-016   3.1139201358654437E-016   5.4806355833932259E-016  -3.3046913796457057E-017   2.2153041036946493E-016  -2.7623501479366484E-016  -6.6793703553903090E-010   2.2970744664272721E-010  -4.6281759572965840E-010   1.1698017723178752E-010  -8.9887909457927550E-011  -1.2669799787317851E-010  -5.7233052311340898E-011
  -1.0598103098777038E-009  -5.3844309963117494E-009   1.6589246777619579E-008  -1.7997831851474970E-009  -2.9749972355445689E-009  -1.5109325687551772E-008   4.6555364743835481E-008   2.5934112638177009E-015   6.6857358291360352E-015   4.6703703530256233E-015   2.4796717789717853E-015   2.2170703755726904E-015  -5.0730836696938424E-015  -4.6874616242479377E-009  -4.3407116050526463E-017  -2.1826128214352616E-017  -5.8250195581665498E-016  -7.9247456928118610E-017  -3.1133843176189883E-016   1.3748372543406308E-016   1.0020854439997184E-016   4.8536083809978022E-016  -1.1261683368190838E-016   7.2407594741934414E-017  -3.0300805179194544E-009  -1.5393161883422544E-008   4.7426819241880638E-008  -3.4187095240379866E-016  -3.5158105877390524E-016   2.0456531762607936E-015   1.5956255700314612E-015  -5.9444537913291039E-016  -1.2537632003998555E-015   9.1456656559214847E-017   3.8273708274066215E-017  -3.2780479015433662E-018   5.6793789253529623E-017   1.8935297710160781E-017  -2.1744658899744033E-016  -4.1736388542583482E-017   8.9963463361262563E-017   4.6462434146426080E-018  -6.3776654559550332E-017   2.2275273449511494E-017   1.7635535330603894E-016  -9.5920425814826951E-017  -1.9046902039097319E-016   1.7839421037574658E-016  -2.2270569577485919E-009   3.6795736456542704E-017   5.5743603654627677E-017  -1.3895051864128940E-016   2.5244534841117921E-017   5.8277313422105944E-017  -7.4611041181810448E-017   1.1756854256172077E-016   4.6257561182312068E-017  -2.1347519081912762E-016   6.9093829231331338E-017  -1.2141273681557875E-009  -6.0010675523776193E-009   1.8616540998078750E-008   1.0869579079787275E-015   1.3545821719319087E-015   1.8319952085215842E-015   2.1037229051827413E-015   1.0408256331870477E-015  -3.1906815985706603E-015   2.3741998912831632E-009   1.6276908416777092E-009   1.0746761649743200E-008  -3.1224006344439156E-008   2.2443273264515905E-009   3.4340192891823101E-016   3.1851049704280623E-016   2.9338617432472088E-016   6.0669412591848086E-016   3.7216029083342342E-016  -9.5009545939598165E-016   7.3485385376744788E-011   3.7246702811315895E-010  -1.1482279793476533E-009   5.2080628309881261E-010  -4.0236847156436344E-010  -5.7114928922120137E-010  -2.5572671120108918E-010
   1.3348634481930263E-008  -1.0553768054627155E-008   1.0357155159941327E-008   6.7708328465340270E-010   3.7462107131293593E-008  -2.9617628565107277E-008   2.9067049825903450E-008   5.0830405947416383E-015   4.6703703530256233E-015   8.6616101276248754E-015  -7.6158741805403603E-016   1.7420850040389739E-015  -4.3214532659877133E-015   1.7625060311928253E-009   5.1089530661749306E-016   1.1910899014367786E-016  -1.5934508321309662E-016  -2.6014318849693435E-016  -3.6389669079847669E-016  -4.2529057956188992E-016   1.6402493915464450E-016   3.4747937895055215E-016  -3.3916983123321100E-016  -1.4022541665028703E-016   3.8162534184857694E-008  -3.0172053821151896E-008   2.9610251330428071E-008   1.6959869681632178E-015  -6.9571359491808425E-016   5.5099539754490950E-015   3.8948255380059365E-016  -1.1311273907703915E-015  -2.0854684267099032E-015   6.8707562400453356E-018   6.6903443232102717E-017  -1.8233611572806848E-016   1.8880628688916945E-016   3.4751690477566126E-017  -2.0087502269956525E-016   2.8220709101872300E-018   7.7808727595120413E-017  -9.3546887128361506E-017   1.2434084671275435E-016  -9.8946163555945417E-017   1.5870771210659126E-016  -1.4996211530695709E-017  -1.8461015764816450E-016   1.2289034589792494E-016   8.4239455487492393E-010   4.7720697981599249E-017   1.7636971924956246E-016  -1.4923004630246640E-016  -7.9224037969259773E-017  -6.5030201807790105E-017   1.5196514712344528E-017   4.2479820932125001E-017   1.6508029572983346E-016  -2.3335631369783621E-016  -1.1811334933504122E-017   1.5013209665020937E-008  -1.1842562686263266E-008   1.1659516247470512E-008   2.3849179965355999E-015   1.5187344167185841E-015   4.3295439599084628E-015   3.3201888810708001E-016   7.8025432254177888E-016  -2.7169350277807584E-015  -8.4109145550496802E-010  -2.4631727506209700E-008   1.9877969252505029E-008  -1.8951463531261295E-008  -7.6689643899791264E-010   5.1640662128751562E-016   5.3477399521263754E-016   9.7299926043745312E-016   1.6894521479340444E-016   3.1066415221278516E-016  -6.8535213167729153E-016  -9.2410341042765334E-010   7.3047639697510704E-010  -7.1706519929232404E-010  -1.7145442031622699E-010   1.3165431406140720E-010   1.8544717486213507E-010   8.3693958008264563E-011
  -1.3262964851543247E-008  -1.1105377381005806E-008   2.4049507833008388E-009   1.3586368557091237E-010  -3.7221134219458391E-008  -3.1166557963481983E-008   6.7483774986873519E-009  -1.6366002026101027E-015   2.4796717789717853E-015  -7.6158741805403603E-016   6.6549577625102193E-015  -1.3870988433019609E-015  -5.0183574777121056E-015   3.5421591227459813E-010  -7.5450466566799655E-016  -2.5430402956245403E-016   3.3534269871638742E-016  -7.3742270616622225E-017  -4.0433112150247947E-016   1.0860117608293231E-015   2.3773471232123496E-016  -5.8253395386205227E-016  -6.4648897361699903E-017   1.8424594488722198E-016  -3.7917468307806782E-008  -3.1749261631434907E-008   6.8752973756280580E-009  -2.0609227716156533E-015  -2.3311003115484050E-016  -2.0436585948315814E-015   4.2144563088115441E-015  -1.6436606091983580E-015  -2.1535338086203953E-015   4.7816724850090393E-017   7.3836153468981131E-017   1.7263109153909623E-016  -1.2111964638418327E-016   6.0551137039974577E-017   3.7124086683801986E-017  -2.2823094764805459E-016  -1.9369237585064800E-017   2.0714356318071626E-016  -1.5819398724478324E-016  -2.3248516553851713E-017   3.0720739288687295E-017   1.6195823583526712E-016  -7.5853118457143421E-017  -1.1333241099677628E-016   1.6632948631259759E-010   1.6901651565510262E-017  -7.3785499455383345E-017   1.5926634170398049E-017  -2.8786648793458564E-017   6.1264081749712089E-017   6.1138544877899209E-018   1.1432369267015156E-016   3.9906726133249864E-017  -7.9589604320262692E-017  -4.1615064635323106E-017  -1.4899976588085873E-008  -1.2490867700028826E-008   2.6743112015002021E-009  -8.7400714347410664E-016   2.0371202430674156E-017  -6.2228727465091081E-016   3.5988048049515134E-015  -5.7644410202330428E-016  -2.7247975878902689E-015  -1.9958142487118219E-010   2.4723412055048338E-008   2.0482655569756723E-008  -4.8897492532132168E-009  -1.9969168316828569E-010  -2.1195305594996245E-017  -1.0761243928225897E-017  -1.1598167205354578E-016   8.1865700284549329E-016  -7.4430405152619154E-017  -7.9746170810494916E-016   9.1808371717748555E-010   7.6880971871352203E-010  -1.6633029670321625E-010  -4.8807072719062937E-011   3.8579883818216567E-011   5.6400287442659273E-011   2.4197469302913557E-011
   3.0467290625306352E-009   3.7273238677803977E-009   7.5621721089645521E-009   8.6748814078242741E-010   8.5500426309885308E-009   1.0461477382482507E-008   2.1221358867222236E-008   1.4718903024150920E-015   2.2170703755726904E-015   1.7420850040389739E-015  -1.3870988433019609E-015   1.7591607477157430E-015  -8.4791284906938568E-017   2.2585602692011126E-009   2.4221680804673327E-016   6.9113595052380718E-017  -4.5082479608439051E-016  -2.6299512956079281E-017   7.3820309610295111E-017  -2.9866742372920316E-016  -1.1084780712225687E-016   5.2309290946799374E-016   7.9603818403494294E-017  -5.3864147595403014E-017   8.7102144976971842E-009   1.0656323189833677E-008   2.1619208741749022E-008   4.1591436600962904E-016  -3.6697515629329220E-017   1.2243465654216309E-015  -1.0175069573746794E-015   5.8014594162020287E-016   6.0159565546998986E-016   4.3103471670507523E-017  -2.0010024596465836E-017  -5.0640934562814013E-017   5.9121451355922015E-017  -2.6839278972583797E-017  -1.3483790291101430E-016   8.0617551183691386E-017   5.5714417455773465E-017  -8.1313668622671343E-017   9.1138735476295606E-018   3.8170055808903465E-017   7.4231494241657537E-017  -1.2617253369861653E-016  -5.4226640227692359E-017   1.4858625518716952E-016   1.0772402009481382E-009   9.9785577868297174E-018   4.6005358919551635E-017  -5.5672508678083143E-017   4.2046355289033290E-017   8.7249101965653007E-018  -5.5434775848103624E-017   1.1143689738166199E-019  -1.1647854368137371E-017  -4.6156902752848820E-017   5.0179728497792697E-017   3.4138652719110152E-009   4.2229159012765561E-009   8.4611496616682736E-009   6.5396805251266419E-016   5.4319146476459749E-016   6.5339307031687329E-016  -3.9072639355996839E-016   7.8442534165603288E-016  -2.6323961664620044E-016  -1.1009518660984263E-009  -5.8112855283341851E-009  -6.4221050350880097E-009  -1.4605745895392573E-008  -1.0172389347859571E-009   1.3346843943958768E-016   9.5897277545452440E-017   6.0623528633949087E-017  -2.0220838128848500E-017   2.1756856999948947E-016  -1.1324805108065880E-016  -2.1085256898360205E-010  -2.5819810874734995E-010  -5.2328493681563719E-010  -2.3065411260022213E-010   1.7736896795098335E-010   2.5027163298213425E-010   1.1283345271037918E-010
   3.6161866491220366E-009   1.4425677816322058E-008  -9.0930306670337265E-009   3.0167681791438882E-010   1.0147409720170743E-008   4.0483861999772733E-008  -2.5516921587743576E-008  -1.6118694543352993E-015  -5.0730836696938424E-015  -4.3214532659877133E-015  -5.0183574777121056E-015  -8.4791284906938568E-017   6.6302271153007053E-015   7.8496873255808288E-010   3.3009526357887634E-016   1.3454433094143045E-016  -9.1762681415545453E-017   1.8230006038848329E-016   5.3312727276145764E-016  -6.2516778895614598E-016  -2.8387987701352936E-016   2.1177762940837574E-016   2.4631825841295942E-016  -8.9455383694976763E-017   1.0338044510826686E-008   4.1241474388272939E-008  -2.5995623567299465E-008   7.7051122852336070E-016   5.5705584430889097E-016  -1.4463459432788458E-015  -3.6134678474610736E-015   1.8909552881572232E-015   2.8429592003053192E-015  -4.9577355336206587E-017  -9.3989502971432820E-017  -4.1023401752792636E-017  -8.4209381797864920E-018  -6.6939351172125478E-017   9.5508656887500653E-017   1.7847247744109627E-016  -3.4496668135027829E-017  -1.1334665171502051E-016   6.6735622887462531E-017   6.2992233995487258E-017  -1.2357900286648896E-016  -1.0223281996059484E-016   1.7347287217708890E-016   3.8269949495790861E-018   3.7687810869329969E-010  -4.0457146960481372E-017  -3.6576149861264972E-017   8.2720519949910497E-017   5.7845614787446748E-017  -2.4305311036437487E-017  -3.5673607413551679E-018  -1.2632925524691944E-016  -1.1683615051755004E-016   2.0605645346300628E-016   2.5425842126768509E-017   4.0298952443372986E-009   1.6196396553636019E-008  -1.0160857813404196E-008  -6.6212813549741478E-016  -9.4996616163109144E-016  -1.9136075384171269E-015  -3.1794239997350038E-015  -8.3264503573451979E-017   3.8415520768969848E-015  -3.5715364333993671E-010  -7.2237663131844821E-009  -2.7035951864425970E-008   1.7756936577305236E-008  -3.1552009495055106E-010  -2.8808669321382881E-016  -3.0063110027950709E-016  -4.3208192012465921E-016  -7.8560994510114140E-016  -1.4709992089540121E-016   1.0736965621396904E-015  -2.5014665379293628E-010  -9.9851718559947925E-010   6.2914791739923433E-010  -6.8219499519538029E-011   5.1339995626032994E-011   7.0335378720585434E-011   3.3058731077765496E-011
  -6.6659465190107076E-009   4.1854019231739891E-010  -2.6844489410596494E-010  0.34631073658687339       -1.2878446270889257E-009   9.2758260375354583E-009  -4.3053833654077346E-009  -1.1390948432050632E-009  -4.6874616242479377E-009   1.7625060311928253E-009   3.5421591227459813E-010   2.2585602692011126E-009   7.8496873255808288E-010  0.90160611204250996        1.8322721996750675E-009  -2.1720351720628429E-009   7.7784479952578587E-009  -9.1988150019248898E-009   2.4539132579192424E-009   6.7405453560651617E-009  -5.1784614267819724E-009   6.5568485898436861E-010   9.1196686882278321E-009  -6.2864325132640278E-009   3.3503683290670098E-008  -1.8229237086660321E-008   3.8848732020057012E-008  -2.2061399385767428E-009  -7.9792710929459099E-009  -2.4017408490232402E-009   1.4480824975938863E-009  -3.1617626184859527E-009   7.5936500990364518E-010   1.2920059609275763E-009   4.0462768002213730E-010  -2.5991945800301575E-010   1.9111908908568864E-010  -6.4227294654236933E-010  -2.4608116393722346E-009   1.3943780780471454E-010   5.5760798825054686E-010  -7.2993906397235282E-010  -1.5569780865400737E-010  -8.5565881840974614E-010   8.3539546637837571E-010   1.3115488258229013E-009  -3.5667317321527971E-010   6.5398512452544093E-010  0.43021575357970721        5.1686275695024867E-010   1.3553574488546673E-009   2.0176470569948889E-009  -3.6423640872000015E-010  -1.8632945433351724E-009  -3.2921631845969310E-010  -2.1221539141017653E-009   1.2750534294735010E-009   1.4918089921514700E-009  -2.4542355549063141E-009   4.1429688026698373E-009   4.3768266315311599E-009  -4.5282412365331299E-009  -1.2221492339433791E-009  -4.8231294933087246E-009  -4.1035649752003801E-010   1.5913971860418196E-009  -1.2039381352431879E-009  -3.6874706388628009E-010 -0.43757596601517962       -1.4866128219003449E-008   4.7662640274619291E-009  -1.3287434267731012E-008 -0.40321536198698243       -2.4515200227015303E-010  -1.9973900000346835E-009   1.6973813232318185E-010   8.9449114622534360E-010   1.4302189828839211E-010  -6.4946355665147567E-010  -1.7818739055746483E-009   1.0150333120963305E-009  -1.4484577904771472E-009  -9.1170093964196799E-002   7.0074866581869205E-002   9.8817859669815142E-002   4.4579384926427677E-002
   2.0818528007145139E-009   6.8727031524458666E-010   2.6228490183528187E-010   7.0416102671256826E-010   5.8426243934654518E-009   1.9292145344154350E-009   7.3590240776676144E-010   4.2440955420459644E-016  -4.3407116050526463E-017   5.1089530661749306E-016  -7.5450466566799655E-016   2.4221680804673327E-016   3.3009526357887634E-016   1.8322721996750675E-009   1.1013459134735095E-016   2.8981706442018832E-017  -2.9380864059020317E-017  -2.3021623705465227E-017   3.0770220155625859E-017  -1.2473875412165366E-016  -2.8011658258106271E-017   8.1954886880118352E-017   8.5997730259263408E-018  -3.9186332440197524E-017   5.9518363075893334E-009   1.9649514676977161E-009   7.4980197939482749E-010   3.0036940127273344E-016  -2.4878239360552527E-017   4.8593027733094695E-016  -4.3324861333694424E-016   1.1624437009752894E-016   1.3288171418177559E-016  -2.1550316781843850E-018  -3.9181322933467766E-018  -2.8052128026200891E-017   2.2711952794459201E-017  -6.1410264880869809E-018  -1.8926556794319021E-017   2.5109951306369131E-017   7.0966532794430256E-018  -2.8431950726350489E-017   2.2762576833752522E-017  -3.9305168560305400E-018   6.2383828393975960E-018  -1.5808255529046054E-017  -1.6611101806399817E-018   1.9773180563624116E-017   8.7955686130530195E-010   1.4999918439666388E-018   1.9283137655142897E-017  -5.0908734063196701E-018  -1.3541837544632987E-018  -1.3468388059019767E-017  -6.5879347234978731E-019  -1.4463210204694755E-017   6.2106494777784705E-018   1.2090706219215246E-019  -8.3456990540886057E-019   2.3425845257984073E-009   7.8663299923162172E-010   2.8924021289506812E-010   2.0970367756734071E-016   6.3878637827832117E-017   2.7819209272726492E-016  -3.6838924705412344E-016   1.0008617569377572E-016   1.5868682017373101E-016  -8.3515286368747044E-010  -3.8249134700151702E-009  -1.0660173033863297E-009  -5.6910258854661863E-010  -7.3872295753307782E-010   2.8007151619453612E-017   2.4067882214062932E-017   6.0027523758865269E-017  -7.8220328649629672E-017   2.4880715802448715E-017   5.0212978932788020E-017  -1.4412904524162670E-010  -4.7650332015698617E-011  -1.8127294885284242E-011  -1.5982669764465414E-010   1.2118443043694965E-010   1.6781327304045160E-010   7.7530331288267926E-011
   6.2868770651155608E-010   3.0588981518175740E-010   4.7801947446657231E-011  -8.3426980125079324E-010   1.7636798479207984E-009   8.5837655752458030E-010   1.3408058574605217E-010   1.1975947665349828E-016  -2.1826128214352616E-017   1.1910899014367786E-016  -2.5430402956245403E-016   6.9113595052380718E-017   1.3454433094143045E-016  -2.1720351720628429E-009   2.8981706442018832E-017   1.5994119291685706E-017  -3.4295349394441874E-017   2.2168171895221936E-017   5.1344022679389607E-018  -6.1050962387467932E-017   5.2241564158365363E-018   2.4954041439430214E-017  -2.3003100485542205E-017   6.9626073046193271E-018   1.7971862854488321E-009   8.7448977692984450E-010   1.3664286930888933E-010   9.9132054711397723E-017   2.0251812347230377E-017   1.4134385240625881E-016  -1.5565115237969789E-016   5.7501849324404345E-017   5.6515950463832284E-017  -4.6317864910360733E-018  -3.0284020227560415E-018  -7.6817622430718666E-018   6.0869947361323290E-018  -3.7131467710657293E-019   2.0496068233086833E-018   8.2354323715873287E-018   3.5949587945444864E-019  -6.9860150312536322E-018   7.4138064018225399E-018   2.0294748911797101E-018  -1.2211091154641550E-018  -9.6510412719710111E-018   1.4978775163108988E-018   4.3279369347138487E-018  -1.0361612395849241E-009  -1.3045022273137961E-018   1.2801226343889160E-018  -7.1654232245992985E-018   1.2913009268696352E-018   1.7229096805270190E-018   4.5873778050737664E-019   1.5004523683134940E-018  -2.8631865972592530E-018  -3.2933546251208488E-018   7.4748994068324252E-018   6.8532623945010589E-010   3.4140648256514741E-010   5.1488964650492104E-011   6.0793856502380448E-017   2.9292425230356584E-017   6.9705324911085953E-017  -1.3142944129364126E-016   3.4730665842443915E-017   7.0634399483310982E-017   1.0568631116545060E-009  -1.4821191835638987E-009  -6.0333497754031949E-010  -1.2185883516420904E-010   9.7539856241628779E-010   6.0633036751953325E-018   1.1856097520408525E-017   1.3042009085997523E-017  -2.9381869484604592E-017   6.3574623629356420E-018   2.3318865456617476E-017  -4.3408603884964939E-011  -2.1162415816482788E-011  -3.2972869770272798E-012   2.2101601472163600E-010  -1.6914741064567971E-010  -2.3709905199890769E-010  -1.0804394646023555E-010
  -2.4244615239588614E-010  -1.5163600607169213E-009  -2.0054344641749085E-009   2.9889880403013080E-009  -6.8008227170213232E-010  -4.2555230444124524E-009  -5.6278933841723630E-009  -2.4357928437423992E-016  -5.8250195581665498E-016  -1.5934508321309662E-016   3.3534269871638742E-016  -4.5082479608439051E-016  -9.1762681415545453E-017   7.7784479952578587E-009  -2.9380864059020317E-017  -3.4295349394441874E-017   2.0641877296675444E-016  -8.8034517121444336E-017  -1.1505995382210784E-017   1.2745282609301033E-016  -8.7334652812383551E-018  -1.3949793283955411E-016   4.6012726648700498E-017  -4.9880218478791883E-017  -6.9304750900455159E-010  -4.3351235598562194E-009  -5.7332957212766900E-009  -5.6390126993346606E-017  -9.0312660177209476E-017  -1.5283209112696398E-016   3.0601490664415915E-016  -2.4472001686063894E-016  -2.4961408410987552E-016  -1.9855881296516291E-018   1.2202366977952847E-017   3.8729306222500158E-018  -7.5793062586360823E-018   3.3623471022337413E-018   1.1066330107134716E-017  -2.1676110740757470E-017  -9.0350754062983184E-018   1.2710391012799123E-017   2.8614010760467351E-018  -2.4227307258179536E-017  -9.4946847840464510E-018   5.0134235264374113E-017   6.9885303043190657E-018  -3.4842084403915219E-017   3.7290534917301348E-009   3.4399587625572588E-018   6.4287188609649128E-018   3.0076163620363733E-017  -1.9903746317057532E-017  -2.3819214584774521E-017   1.5288539358112126E-017  -1.9459080985424630E-017   2.2265175720762573E-017   1.9679194828727747E-017  -3.9013506929707666E-017  -2.6243165053999188E-010  -1.7040150961059916E-009  -2.2482149406711100E-009  -1.0710505219099190E-016  -1.5350000724109822E-016  -1.9169561843474188E-017   1.1107271570107247E-016  -2.2154310927392930E-016  -3.9629514868310821E-018  -3.5956758425428779E-009   5.9902736951609864E-010   2.8193148504973686E-009   3.8085470635145107E-009  -3.2110075152882256E-009  -2.1710333355344581E-017  -2.5720973072683949E-017   2.5395821824490658E-017   1.2005332972577834E-017  -5.3342314012776289E-017   9.7041846313355187E-018   1.6730223367353536E-011   1.0496749098949621E-010   1.3879445747862508E-010  -7.0216225974973208E-010   5.3402279837697460E-010   7.4254193623981588E-010   3.4126806624748914E-010
