  0.13859118214844926        3.8417934193148909E-008   9.5176222184449993E-009  -2.6665680763503352E-016   5.9455856439882055E-016   8.0091436836189496E-017   7.0940121265929422E-017   8.1345975917734612E-016  -4.9343256098050935E-017   6.7272242733803006E-016  0.16632700121548125        1.1110164080668593E-008   5.1481251566533605E-010  -2.2213794941444712E-015  -1.6739438479333675E-009   1.8084916216085288E-009  -1.0654042412141394E-009   5.1225313263368253E-010  -2.5862396442106818E-009   1.7337454635149884E-009  -7.7672104649171486E-010   4.4871335208263939E-011  -7.6641265867658475E-010   7.6066523071031557E-010  0.12332670059139031        1.5503528793813797E-008   2.4320444039286008E-009   3.2249702597378911E-015   4.2514751462014372E-016  -1.2901505939967453E-016   3.0088329290546822E-015   1.7097825222148947E-017   2.7419460839526781E-015  -2.9179903344440123E-015  -6.0711175688282254E-016  -1.5024115244380773E-017  -1.2487334404395575E-017  -3.6923345578703213E-016   1.3648454691737867E-017  -3.6137599174349186E-016  -9.0880205053996679E-018   6.4765642777627393E-018  -1.0146247070735191E-017  -3.0658440464042139E-018  -6.7213098925028539E-016   1.1263174167497231E-017  -3.8228176667654547E-016  -2.0388487531755879E-019  -5.9325542710022515E-016  -4.5644460522046728E-010   2.4880135351635215E-010  -1.5882039372010484E-010   1.6812648400763263E-010  -6.0935301293916559E-010   4.4446876632950382E-010  -1.5455051396165276E-010  -2.2755780324585076E-011  -4.1454099382048705E-011   1.3534701155066105E-010   1.2393350043352332E-003  -1.3181186088955811E-009  -3.2798566017995741E-010   1.5700305419150369E-015   1.8007555803291618E-015  -4.9899332371421130E-016   7.0415593057319494E-016   7.7980581693030244E-017  -6.3398846882472007E-017   2.1560618674700874E-015  -4.6325686167232219E-002  -4.8240734106986582E-009  -6.8968778434183294E-010   2.3528664998338830E-015   7.2133569305389954E-015  -2.0362310049888070E-015  -1.1684440668949764E-015   2.8236467031318193E-016  -4.2866045709031509E-015  -6.7525564885869875E-011   5.2612874981373882E-011  -2.0642864332354477E-011   2.8496060967096583E-011  -9.4513404119765237E-011   6.2097073732369372E-011  -2.9710077247200134E-011   3.7795152072244453E-012  -1.2748808905078177E-011   1.2569344189199092E-011  -8.6111733633270099E-016  -5.9235908007223267E-002  -6.9309833267321710E-009  -1.0333936065740657E-009   9.0012001354400568E-018  -8.1818978119324467E-012   2.2835376974029219E-012  -1.1937436345449690E-012   4.4694889423507297E-012  -9.9378949457006429E-012   6.5096864353440909E-012  -2.2381375912959809E-012  -1.6624586262367040E-013   7.2006923722961003E-013   1.0137993901986099E-012   3.0270808368011982E-002   3.4950230444834712E-009   5.2419042685620711E-010   1.2476065269794370E-015   5.7335235127751883E-016   1.2352705660304619E-016  -2.2895328759154598E-016   1.3339973717640739E-015
   3.8417934193148909E-008  0.13859125354372523       -1.0251422714895664E-007  -1.5622559116748689E-015   8.1036980644407588E-016  -3.5351482589001323E-017  -4.4830171208019546E-017   8.2566629710646889E-016  -8.9636404588385600E-018   7.4548527456456621E-016   6.8439199919958216E-009  0.16632701656111087       -2.4261637756856985E-008  -6.3987695636415347E-015  -5.5701018072346953E-010  -7.8114978081455110E-010   1.6431856813863072E-010   1.0478784530511504E-009   1.5952312961865196E-009  -3.0056920263565456E-010   2.3024438214662081E-009  -2.0905928152308013E-009  -2.3079740708749474E-009   1.4357643465455936E-009   1.3436037928461663E-008  0.12332672953021535       -3.9614773100321244E-008   1.4332981997062784E-014  -4.1494676337687945E-016  -1.6527281818372377E-016   1.3579557919271428E-014  -4.1915305790118553E-017   1.4264161942700589E-014  -1.8955753325405048E-014  -4.9903014834845055E-015   1.4803176456845491E-016   1.3187262077278403E-016  -2.7892759344149545E-015  -1.5220327518677351E-017  -2.9205504589634435E-015   1.5348657086313941E-016   4.5969249341928163E-017   6.5313066545395805E-017   1.2694474440284556E-016  -4.6093755617737111E-015  -2.9981856123551983E-017  -2.8055916825419599E-015  -3.0924767785895380E-017  -5.0057167909733473E-015  -1.9137380460322930E-010  -4.7252634061127257E-010   1.8585773814073976E-010   2.5697323922198054E-010   1.6852699108901618E-010  -2.1683709987228320E-013   3.1812187560755807E-010  -8.6436835747222964E-010   4.5585595059424323E-011   5.0573798448835257E-010  -1.4721265814048852E-009   1.2393315569110732E-003   4.1985993210344210E-009  -8.6873938385542042E-016  -2.3834440460360946E-016   5.6155690869880279E-016  -1.2739399219824477E-015  -4.9985716445197164E-016  -1.4024190424414616E-015   3.9458907499326774E-014  -3.9098665397109622E-009  -4.6325694125633768E-002   1.1641197182407456E-008  -2.4212970989001720E-014  -1.3620722208620416E-015   1.8561719924261405E-015  -2.6537812224707296E-014  -1.9249944845715682E-015  -2.6289530513797487E-014  -4.0717950741699860E-011  -6.7829991858800549E-011   2.3102070716120321E-011   5.6600601534504481E-011   4.3369597765641859E-011  -1.9715324268467542E-012   7.7358538741693345E-011  -1.1786092399121566E-010  -3.5948676704218018E-011   7.0627198203572345E-011   4.0096765824970776E-015  -5.8367022362752462E-009  -5.9235920242773167E-002   1.7278770071794382E-008   7.5081612113247995E-015  -3.7322285320986290E-012  -1.0841822862663638E-011   4.7846982557119857E-012   3.9513026244023610E-012   8.1858778868232663E-013   1.0561621945241284E-012   5.6661950333021999E-012  -1.6525541449813497E-011   3.2420548937232799E-012   8.7506526622349779E-012   2.9387404042510940E-009   3.0270814496789478E-002  -8.6946134819159610E-009   1.0803700299844203E-014   5.5906297424959306E-015  -1.7343903691779593E-015  -3.2552393748504873E-015  -3.3599246375134252E-015
   9.5176222184449993E-009  -1.0251422714895664E-007  0.13859129594514749        2.4093385619365684E-015  -9.2475320335512966E-016  -2.7627945235374673E-017  -2.6653688219187426E-017  -1.2103618145601419E-015   5.7518559385137383E-018  -8.5018673717129410E-016   4.2586475525793448E-009  -2.2826643956912326E-008  0.16632702742074737        4.4623478760712400E-015  -1.2200089784828217E-009  -6.7895562123448593E-010  -1.3490056588264383E-009   1.3230313807515824E-009  -2.1077435141920035E-010   3.1377918904578521E-010   1.6768410325062870E-009  -1.9478363542752266E-009  -1.5707583778768338E-009   2.4572858373759854E-009   4.2578645760789366E-009  -3.9088601592279856E-008  0.12332674417256896       -5.5516062161590743E-015  -8.5059945089825255E-017   8.7708519645312071E-017  -5.8048252095735656E-015   4.9985494282174414E-018  -5.8739324040305546E-015   7.6371023847899087E-015   1.3408244502619598E-015   7.5852704075819407E-017   1.7048444110490628E-017   8.6985624392996420E-016   4.8809199731851127E-018   8.9240775770901289E-016   9.6315072995058799E-017   6.1974914602620816E-018   3.1905560468724080E-017   2.7785125199881355E-017   1.6579263146822143E-015   2.3089056216714319E-017   9.7446364903364519E-016   2.1872032268019001E-018   1.7464878531798550E-015  -1.8276631644088111E-010   8.0442641536152173E-011  -4.6620795439205635E-010   1.4393560191341841E-010   1.7244643256776880E-010   1.0126696948614451E-010   5.2678791096987660E-010  -3.7101728044327054E-011  -7.8720000788305071E-010   3.7509004165244772E-010  -1.8751583490672158E-010   4.2739252881685455E-009   1.2393303219586671E-003  -9.8260452530444845E-016   4.8444401791823710E-016   4.9648222399603056E-016  -4.4426457522809382E-016   1.4022825846675831E-016   7.4993182085811107E-016  -1.7231254985845088E-014  -1.5004579174971130E-009   1.1358873366649228E-008  -4.6325698951066856E-002   4.8158712968830461E-015   1.7241165654208647E-015   1.9436809588340288E-015   6.5195472875395662E-015   5.1997818125819928E-016   1.0920136675017308E-014  -3.7984813344882953E-011  -8.7220393517179906E-012  -6.7399074150938725E-011   4.6060416759861483E-011   2.7103243688864382E-011   4.9012198720264282E-012   8.0279167243826940E-011  -2.6519709017670212E-011  -9.8983800848620539E-011   7.0014201255160043E-011  -6.4644753586375880E-015  -2.0035341151804886E-009   1.6954308537596231E-008  -5.9235927033840077E-002  -2.1138012080995764E-015  -1.1837390303615373E-012   3.1483535340746007E-012  -8.6097609432486286E-012   1.8557344662457105E-012   4.2816734704114759E-012  -2.6739189415420876E-013   9.2535881388429222E-012   4.8284372531562946E-012  -1.5562833244490251E-011   2.8199606521307227E-012   1.0177709277712620E-009  -8.5291784369991258E-009   3.0270817944089708E-002   2.8215859113349326E-015   2.2948441531402368E-015   1.7208706328248226E-016  -3.0814192235280404E-016  -2.7480066037274736E-015
  -2.6665680763503352E-016  -1.5622559116748689E-015   2.4093385619365684E-015  0.12815796387254616        1.5359804689808320E-008  -4.2739370978262071E-009   1.9589472963510202E-009  -9.9545942272538858E-009   2.1970022957653668E-008  -5.4050872285264905E-009  -1.5759001765674017E-015  -1.3132520845526250E-015   2.5464648973607655E-015  0.32060279705813555       -3.2322880153918521E-016  -1.1296263165886363E-016   1.4608623372388973E-016  -1.0900532291117320E-016  -6.2903935134146342E-017  -4.1999711030624389E-016   7.3574466886074714E-016  -2.1214032089618166E-016  -1.2079846459882752E-017   8.2925035018976190E-017   1.8684185019955838E-015  -4.3885557444908806E-015   2.7997890863145628E-015   5.5535644729742903E-009  -3.0494552763160531E-009  -3.2348095016402919E-010  -1.9192470101236714E-009   9.0277495147161000E-009  -3.6313791599689728E-009  0.17342966231430518       -7.9271534058273809E-012   9.4186400757762985E-012  -3.5677193388032456E-011  -2.1348037803101428E-012  -6.1825479039217992E-011   1.5294428112981989E-011   2.0080707041111766E-011   8.8065740210398025E-011  -3.9577250761536060E-011  -2.9963352138861603E-011   1.0061998931687450E-010   5.6715620769697159E-012  -1.7548334360488011E-010   4.0410462844771204E-011   9.0704551929530944E-011  -1.1617195154745525E-015   3.5991407285241047E-016  -1.2053461879477403E-016  -5.0505310588993640E-016  -7.4159557729904426E-017  -2.2170974658427192E-016   3.9412532406204330E-017  -7.2244184685573308E-017   1.5154031260790985E-016   3.2849731132856534E-017   2.1623362242495454E-015  -1.8811892178383853E-015   1.2930581250068901E-016   2.1415179194169867E-009  -4.1670684347310546E-010   4.2524198378364344E-010  -1.5376784502180145E-009   2.8143598453012743E-009  -6.0329007443147371E-010 -0.18923436965324075        7.8267013043821291E-015  -1.5936037951561375E-014   3.6146386835369034E-016  -3.2018042470557225E-010   1.0008409081113073E-009   6.2400335824340379E-010  -6.7769549851514634E-010  -1.5602427594522549E-009   9.9742299812728106E-010  -5.5568031674776288E-016  -3.0522392212381359E-017  -6.0175651902209420E-017  -2.9565507794350964E-016  -1.9628940291596983E-018  -2.9760844508794217E-016  -1.3449574396561816E-017  -1.5063006799277340E-017  -4.7984590859706865E-018  -7.3912918241775259E-017 -0.14946362715902289        1.1971454449155092E-014  -2.1742629749393434E-014   7.0558211690752082E-016  -6.2695943385012026E-003  -4.3168085919438056E-017  -1.4481157851316404E-017  -2.7735578026009974E-017  -1.3219721423260337E-017  -8.0762703096330852E-018  -2.0964179048286568E-017  -2.1948967168515608E-017  -2.8773122310446304E-017  -1.3539730028411700E-017  -4.5863292353756682E-017  -2.0560077442598557E-015   1.2039077226650802E-014  -1.1930656688230336E-015   7.6901878808438268E-002   4.3000745867165985E-002  -1.2955643884134773E-003  -1.1225370381504512E-002  -1.5287853081850022E-002
   5.9455856439882055E-016   8.1036980644407588E-016  -9.2475320335512966E-016   1.5359804689808320E-008   1.6129879778458519E-006  -1.6096479163559811E-013   2.0612516715832294E-013  -8.0649398856189691E-007  -1.0783294671942904E-012  -8.0649398949734866E-007   7.0277965307489137E-016   9.6224204359836778E-016  -1.1002825578490015E-015   3.8456835404820632E-008  -5.4908908099574466E-019  -5.8362286068510942E-019   1.5433762420240298E-018  -1.4708770171636458E-018  -8.4389443845527869E-019   2.7767383435499908E-018   5.8003780834236057E-018  -1.5662451017547493E-018  -5.2885925731375632E-019  -5.6552394015230661E-019   5.1365658220156521E-016   7.3635460989072086E-016  -8.7007888596012599E-016   9.3261936967289211E-005  -2.9143318947087090E-012   1.9013638908985759E-012  -4.6630970723344012E-005  -3.2763686177156296E-011  -4.6630966248263170E-005   2.0713601263797590E-008  -1.6700854346711629E-012   5.6607917700736073E-013   5.8458885956891831E-015   1.3865101549818653E-012  -1.9702215494480772E-012   1.5486065514184359E-012  -4.0781896558922573E-013   2.0145662278974102E-015  -2.1232953821166119E-013  -7.3464877800212673E-015  -5.3187631759061847E-013   7.0133750226789568E-013  -4.5084337795034075E-013   7.6717840504621679E-013  -6.2413810054586965E-013   1.0015025335741722E-018   2.5237862263140517E-018  -3.8737307522251575E-019   1.0612066470272947E-018   4.6276351053962038E-019  -8.4967112334122093E-019   1.0796123658819934E-018   1.1370318973511441E-018   2.5375201381356513E-018   1.6077118606649097E-018  -2.9506082241583205E-016   3.0398953488603072E-016  -7.3932876439317038E-016   3.8606970413992883E-004  -9.9410007822646978E-012   8.2839418216962610E-012  -1.9303485845181164E-004  -1.3263874392994969E-010  -1.9303484568811074E-004  -2.3105092573674514E-008  -1.1669659867842490E-015   7.2198640500846742E-016  -2.1062430907913079E-015   1.5428531931457007E-003  -4.0768999622657410E-011   3.2938334365228306E-011  -7.7142662084356012E-004  -5.5355346398336560E-010  -7.7142657229656699E-004   2.4532638548622732E-019   7.1897103032993013E-019   1.0000997250150256E-019   3.0047911060758585E-019   9.6480722473577392E-020   8.0852421587920025E-020   3.4189651349553107E-021   5.2856896806560818E-019   3.8244562730582204E-019   1.2985465213766394E-018  -1.8506698074512652E-008  -1.7538549782723157E-015   1.1880568749620085E-015  -3.3264774270195021E-015  -7.6833194462600378E-010   2.2991455860274454E-019  -3.1175269054528128E-019   6.8657406933460751E-019  -1.7245656969325572E-020   1.6992443257434010E-020  -2.7993851783096986E-020   6.4308472552683348E-020   3.5761823210429880E-019  -2.6305142471209782E-020   7.1668995534195397E-019  -1.2457000188491477E-015   3.5550820688500552E-015  -3.5143858337639653E-015   9.6868819179571958E-009   5.4390119124216170E-009  -1.6357605339698895E-010  -1.4276327744844595E-009  -1.9508960469428909E-009
   8.0091436836189496E-017  -3.5351482589001323E-017  -2.7627945235374673E-017  -4.2739370978262071E-009  -1.6096479163559811E-013   1.6129874612670803E-006   1.0993936555724209E-012  -3.9420851708810906E-014   1.0723525157685625E-013   2.0038178202056718E-013   8.1168995848311673E-017  -3.8961268080057740E-017  -3.3092417008737778E-017  -1.0706192082028813E-008  -1.2504370362671492E-018   5.7588790614031553E-020  -1.2213888538739536E-018  -1.8716172298480765E-018  -3.4089007648449134E-019  -1.3799684249362257E-018  -1.3407846302434404E-019  -1.1432454403659932E-018   7.0528218615275716E-019  -3.9919459606208958E-018   7.9618511993564336E-017  -3.5376502799485363E-017  -2.2200937252371748E-017  -7.2905803865765183E-012   9.3261922012482991E-005   3.1898475976443305E-011   6.7644969625384374E-013   2.4744544093250360E-012   6.6140660453549342E-012  -5.7591057489718843E-009  -5.0248525769145946E-013  -1.5761289594668594E-012   8.4540810642916068E-013   8.7825074336766226E-013   6.9815067776226494E-014   4.4427148549058320E-015   1.0961706157459128E-012  -2.3226488374496043E-012   6.4387187713033433E-013   8.8579454320049712E-013  -5.1335316413624508E-013   3.1447182896706481E-014   2.3533037182889229E-014  -8.3482765641659336E-014  -1.5917348879443478E-014  -4.9702194581838983E-018   4.2307431692857211E-019  -2.0403741465919739E-018  -1.9777563875862633E-018   2.8591845005159423E-019  -1.6012230444755558E-018   2.0890286650366295E-018  -1.5099097043563320E-018   8.4635175970629032E-021  -4.1435226619418133E-018   1.8221078878144217E-017   5.4829441508137896E-018  -1.2613142998250425E-016  -2.7937313458159605E-011   3.8606964274739546E-004   1.2812639649867895E-010   3.7831822419455757E-012   1.1619116682509859E-011   2.4154107277875763E-011   6.4631797681229920E-009   3.5771734154308386E-017   1.2984646229154396E-017  -3.7083380479821530E-016  -1.1270518039182357E-010   1.5428529468032744E-003   5.2814711726013521E-010   1.3003508223487484E-011   4.7466856058461584E-011   9.9701593308398249E-011   2.2428899218882162E-018  -4.0951243396576873E-019   4.3659598052960128E-019   6.9140353175107574E-019  -1.0968192042350393E-020   7.5448842303628506E-019  -4.7792294478184862E-019   4.7133856668555749E-019  -4.6519139399890891E-019   8.7822982898283498E-019   5.1946316239015595E-009   7.0212213406821588E-017   1.4517685441333174E-017  -5.7079971116962393E-016   2.1523815849825763E-010  -2.9090337776021734E-019   1.6637528211495892E-019   4.2816795413868098E-021   1.0016351644564696E-019   2.7161646432659632E-020  -9.3851445860010770E-020   1.6321909019983133E-019   7.8177079978367745E-020   1.1062102260134660E-019   5.9887047706951933E-020  -3.0131208649118597E-016  -8.4866548552997635E-016   1.3826504769842457E-015  -2.7319373977925337E-009  -1.5356038153901396E-009   4.6144790818497072E-011   4.0367363560169565E-010   5.5206217566643825E-010
   7.0940121265929422E-017  -4.4830171208019546E-017  -2.6653688219187426E-017   1.9589472963510202E-009   2.0612516715832294E-013   1.0993936555724209E-012   1.6129875279282173E-006  -1.4440387054048818E-013  -8.6688972427826093E-014  -6.1726958073781603E-014   9.0056957470801049E-017  -6.1130054702360620E-017  -3.7767065476341640E-017   4.9005815024721493E-009   6.7401208204376249E-019   1.0886404746537025E-018   1.0843212067411264E-018  -2.5038218205617924E-019   2.5115301113759511E-020  -1.0963182047246521E-018  -7.1290654041498929E-019  -7.1245707020905136E-019   4.2902044117333837E-020   1.0398441080888243E-018   5.2909777465424562E-017  -4.2931983057711560E-017  -2.5493088614888499E-017   9.8551713859733577E-012   3.1887700063203335E-011   9.3261923324230062E-005  -5.5347135463912828E-012  -4.4960420504558664E-013  -4.3206506419538705E-012   2.6450788956843752E-009  -1.0753354337194587E-014   8.1723872958911416E-013  -1.7050898275651392E-012   9.8488517902992696E-014   5.6101561500837973E-013  -7.9537115251719169E-014   8.6333597724869881E-013   4.5706532921536270E-013  -2.2547275609623987E-012   1.3644118770468103E-012  -1.9639438847735358E-014  -1.8539909101578173E-013  -6.3928894497296547E-014  -2.3275753112561488E-013   8.1706108392853355E-014  -4.4773024805724927E-019  -3.2860533367950238E-019   5.4897891019331110E-019  -6.3904030761690559E-020  -3.4124036765438987E-020   5.2808828344140292E-019   2.1628788409849406E-019  -6.2994356346080555E-019  -3.7815046563271295E-019  -2.4974356076708209E-020  -2.1415616616680228E-016  -1.2995216594941838E-016  -1.0639642229807644E-017   4.1067960847361007E-011   1.2809979747115839E-010   3.8606965161005336E-004  -2.4168167770481725E-011  -1.9058794915012484E-012  -1.6899805003251322E-011  -2.9142759455700759E-009  -7.0484635302118292E-016  -3.9439802932491918E-016  -2.4869877024659395E-017   1.6397622078286010E-010   5.2806309365861649E-010   1.5428529783602517E-003  -9.6192963843945280E-011  -1.5031139572435448E-011  -6.7783108691803053E-011  -6.6504346761167048E-020  -2.2598699045147419E-019  -7.1619602279393943E-019  -3.2825509611925632E-020   1.9444000450172974E-020   2.8544648181838120E-019  -1.0256394500508135E-018  -1.4494252819189354E-018  -3.4755659455411927E-019  -2.5194675575717545E-018  -2.3175780016722163E-009  -1.0763508149417628E-015  -6.2189451644588719E-016  -4.9542158175794889E-017  -9.6051981384767321E-011  -8.3434990269003926E-020   2.8168437415838261E-019  -3.8874474999997122E-019   7.8079842558899007E-020   1.3087049937752150E-020   5.4391528395154917E-020   2.7405489278188818E-019  -3.1286535849006064E-019   1.0560218084860933E-019  -6.5456434950358291E-019   1.8374683310872240E-015  -1.0300442644836603E-015  -6.3644396744262074E-016   1.2014775792781642E-009   6.7348144753790226E-010  -2.0306436872255477E-011  -1.7626460481325499E-010  -2.4054315153865722E-010
   8.1345975917734612E-016   8.2566629710646889E-016  -1.2103618145601419E-015  -9.9545942272538858E-009  -8.0649398856189691E-007  -3.9420851708810906E-014  -1.4440387054048818E-013   1.6129867058091513E-006   5.4282484639139860E-013  -8.0649271705019557E-007   9.7639210123301039E-016   1.0001284632554499E-015  -1.4439125541928623E-015  -2.4917518901575795E-008  -9.9136804159049663E-019  -1.0730978416162491E-018  -9.2431121500906927E-019   1.8646587339293737E-018  -7.9533965120186805E-020  -1.2143640032123769E-018  -4.0729807400644806E-018  -1.4639871606582647E-018  -6.4881548049296338E-019  -1.3872984356093620E-018   7.3406683596738446E-016   7.4786683251232126E-016  -1.0296188042507466E-015  -4.6630967665203763E-005  -3.2390062621945811E-012  -2.2045956934763804E-012   9.3261900779690259E-005   1.6027198282851961E-011  -4.6630933115911659E-005  -1.3430435118424401E-008   8.2463022245894712E-013  -4.3595003990451988E-013   2.2674761145262776E-014  -1.5586430606901283E-012   9.6800289183436741E-013   1.1116757922776366E-013   5.6154025874503814E-013   5.1407825152273574E-014  -1.6848861813005578E-013  -6.0994054407081828E-014   7.0027187714727956E-013  -2.7973946463977261E-012   3.2960272540239326E-013   2.0758889314858026E-012  -2.5024867645792073E-013  -2.8017581470924172E-019  -1.2114403345799483E-018  -2.6415336051996519E-018  -9.5691848773631878E-019  -7.0453277244992199E-022   5.1957622178731201E-019  -1.6977965054236596E-019  -1.5502581818305613E-018  -1.0016159897283575E-018  -6.5039002675042418E-018   1.5753893789483991E-016   2.8086585263983681E-016   7.2343831057815131E-016  -1.9303484594206262E-004  -1.2366449209118985E-011  -1.0558944488157709E-011   3.8606955530884362E-004   6.4970912025220213E-011  -1.9303470936390591E-004   1.4926805782462285E-008   2.4629953884588961E-016   6.1179738875456186E-016   2.7613330715870490E-015  -7.7142657086729720E-004  -5.1568558281127164E-011  -4.1850364363098936E-011   1.5428525829192543E-003   2.7102632497207015E-010  -7.7142601203292411E-004  -3.8723560403679888E-019  -5.7740858318535164E-019  -2.2355449369081530E-019  -7.6365910880874158E-019  -4.8986078201996311E-020  -2.3814496777686622E-019   2.2034645395401940E-019  -7.7317281885067189E-019  -5.6228177098764192E-019  -1.5828439403104839E-018   1.1930996984087555E-008   4.5453028252949527E-016   1.0194620489583678E-015   4.1423357423190461E-015   4.9559115529421245E-010  -1.2629088525846193E-019   4.2158801535363665E-019  -4.6355245439412150E-019   1.0481046049120511E-019   1.7432238527332226E-020  -2.2837313749492893E-019   2.5619100517707230E-019  -2.6631568879189034E-019   3.3140945802748227E-019  -4.7236551933154462E-019   3.4153705114815368E-015   1.6854990967014417E-015  -3.5422070127053533E-015  -6.2277721544368369E-009  -3.4947891026279828E-009   1.0516399616459517E-010   9.1654313885695173E-010   1.2519637137037240E-009
  -4.9343256098050935E-017  -8.9636404588385600E-018   5.7518559385137383E-018   2.1970022957653668E-008  -1.0783294671942904E-012   1.0723525157685625E-013  -8.6688972427826093E-014   5.4282484639139860E-013   1.6129865396765505E-006   5.3549874331085835E-013  -6.1117421025855149E-017  -1.0728746480740479E-017   8.3119267992700936E-018   5.5013957624998098E-008  -2.3869797291094113E-018   3.5834817214316414E-018  -3.6681497159189399E-018   1.9061979946372077E-018  -5.4898102300266078E-019   9.8004791923186498E-019   2.9914045143210223E-018   1.3241426157157197E-018   1.9999011082817753E-018  -1.7627674128071160E-018  -5.1434818276715017E-017  -9.4753020164191442E-018  -6.5035052332334396E-018  -2.8749892885195267E-011   3.0288401330266617E-012  -3.8068165488347192E-012   1.4944756539587583E-011   9.3261897183644679E-005   1.3804713939940234E-011   2.9622938223719199E-008  -4.2114802978678591E-013  -2.8156565399202421E-014  -2.6368393536104088E-013   3.1946948929446192E-013  -1.2635019109478452E-012   4.2046455610873312E-013   7.8576971225791114E-014   6.5263993893324641E-013  -6.7644980428853366E-014  -2.2276089930869652E-013   1.9391502098013063E-012   2.8297543244490981E-013  -3.7256855271754667E-012   6.5886552167718341E-013   1.8816583915332222E-012   1.4933803198680814E-018   1.5595379749814451E-018   8.8813880870396506E-019  -1.8681562140777492E-018   8.8527749230866648E-019  -4.8871775861274460E-019   3.7509312158937339E-018  -2.8462864351879951E-018   1.3354165101720003E-018  -3.2155520695603895E-018  -1.3502697632134187E-016   1.2551792656479644E-016  -2.9861600373719924E-016  -1.1611851415077656E-010   1.3844103551343603E-011  -1.5806841191049825E-011   6.0525491687436809E-011   3.8606953846604135E-004   5.5592976457431154E-011  -3.3098174828116940E-008  -4.4646502214379493E-016   3.9050449763246337E-016  -9.6842480957334220E-016  -4.8751426223911780E-010   5.6326897843743980E-011  -7.0638272367589124E-011   2.5328521784528205E-010   1.5428524992117227E-003   2.3422919085950377E-010   3.9759029457558125E-019  -5.9429033560873362E-019   1.6090897174671378E-018   1.4029969305214903E-019  -1.6097074452142062E-019   5.1486381970900230E-019  -1.2535262496329027E-018   1.9591998842989157E-018  -6.6035388405592371E-019   4.0211691338555103E-018  -2.6541104505227339E-008  -6.9397069747570820E-016   5.9525893588271191E-016  -1.4759737454236701E-015  -1.1009805688547361E-009   1.9923928522522690E-019  -2.2627210054136020E-019  -1.5859052829137967E-019   5.3613074210327927E-020   1.9363542377138318E-020  -1.0371998509921055E-019  -1.1147638843019641E-018  -1.3797791699402883E-019  -4.0519050265741589E-019  -3.8036325181719213E-019  -2.6248744025340697E-015  -1.2186591646178118E-015   2.1463534046906177E-016   1.3907677640712560E-008   7.8110071959596316E-009  -2.3489190717741390E-010  -2.0508559190515565E-009  -2.8029973668259972E-009
   6.7272242733803006E-016   7.4548527456456621E-016  -8.5018673717129410E-016  -5.4050872285264905E-009  -8.0649398949734866E-007   2.0038178202056718E-013  -6.1726958073781603E-014  -8.0649271705019557E-007   5.3549874331085835E-013   1.6129867065638793E-006   8.1650215319846135E-016   8.9091405302331038E-016  -1.0337258512674156E-015  -1.3539013607598182E-008   1.5404483371261980E-018   1.6567502608372039E-018  -6.1904993850678154E-019  -3.9378446952860769E-019   9.2342098870527540E-019  -1.5623597967102708E-018  -1.7274057733748943E-018   3.0302406197882085E-018   1.1776564872826953E-018   1.9528049009531477E-018   5.9381964728825309E-016   6.6194644607126570E-016  -7.7214262491908247E-016  -4.6630969314424576E-005   6.1531151281869479E-012   3.0290435354499090E-013  -4.6630930044951879E-005   1.6736146859916208E-011   9.3261899365119596E-005  -7.2829892638759792E-009   8.4545521243010150E-013  -1.3012913718266870E-013  -2.8520649770404474E-014   1.7213290544987480E-013   1.0022186578178615E-012  -1.6597741307721514E-012  -1.5372129306196899E-013  -5.3422391288916362E-014   3.8081815632291395E-013   6.8340542148538260E-014  -1.6839555936407846E-013   2.0960571438587569E-012   1.2124065246635736E-013  -2.8430673364131117E-012   8.7438677712098694E-013  -7.2133249612497945E-019  -1.3123541814381287E-018   3.0289189409916767E-018  -1.0428428591906300E-019  -4.6206822599143447E-019   3.3009878298119291E-019  -9.0984076640452017E-019   4.1320880767782741E-019  -1.5358850606970352E-018   4.8961922955399044E-018  -5.9987400948997033E-017  -2.2729166185282299E-016  -1.4501000314908990E-016  -1.9303485824894565E-004   2.2306526747764607E-011   2.2736471509170817E-012  -1.9303469680986358E-004   6.7666420113088319E-011   3.8606955505592766E-004   8.1782932540189237E-009  -4.5552232899011834E-016  -9.5328065470135448E-016  -1.7423485633465191E-016  -7.7142662248253261E-004   9.2333868339742273E-011   8.9066129402764929E-012  -7.7142596188719452E-004   2.8252149705397628E-010   1.5428525843451206E-003   1.4190930643691809E-019  -1.4156523014133582E-019   1.2354755688674866E-019   4.6318035371634386E-019  -4.7494361931395411E-020   1.5729207384264524E-019  -2.2376583704773855E-019   2.4459896072654803E-019   1.7983948695192148E-019   2.8429880099462177E-019   6.5758378137124650E-009  -6.3782929528712464E-016  -1.4035299442415187E-015  -3.4439629782780337E-016   2.7275151635606288E-010  -1.0362384166967314E-019  -1.0983663407032446E-019  -2.2302041556314306E-019  -8.7564414612226729E-020  -3.4424832378452723E-020   2.5636682671269355E-019  -3.2049963637044978E-019  -9.1304464133481062E-020  -3.0510279344064915E-019  -2.4432389842332043E-019  -3.5988243068401808E-017   3.5350523776539546E-015  -1.2811824853470392E-015  -3.4592012204840031E-009  -1.9442707578101833E-009   5.8413863427228804E-011   5.1110108472145334E-010   6.9895012287867060E-010
  0.16632700121548125        6.8439199919958216E-009   4.2586475525793448E-009  -1.5759001765674017E-015   7.0277965307489137E-016   8.1168995848311673E-017   9.0056957470801049E-017   9.7639210123301039E-016  -6.1117421025855149E-017   8.1650215319846135E-016  0.19961482564764119       -3.3786631118369812E-008  -7.9795380536654492E-009  -5.7534829774544137E-015  -2.0086394703861309E-009   2.1703237012534391E-009  -1.2786179370182927E-009   6.1456231913815637E-010  -3.1034600764979376E-009   2.0805111834384485E-009  -9.3210793141097148E-010   5.3850465406338282E-011  -9.1977169144694951E-010   9.1289367144729005E-010  0.14801269407765666       -1.6332881195694859E-008  -3.4557906685983032E-009   3.2236852334949384E-015  -3.6714994035965822E-016   2.2248056292872654E-016   3.7277557686130086E-015  -1.7547501918060698E-016   3.8183228396180197E-015  -5.3388020992868448E-015  -7.2843256332874021E-016  -1.8140261513250024E-017  -1.5073244443949018E-017  -4.4326674641378838E-016   1.6530737811669860E-017  -4.3312971427365613E-016  -1.0920410382612810E-017   7.5587957990260046E-018  -1.2548894051246544E-017  -3.5395313916028183E-018  -8.0643019292922596E-016   1.3562164886173775E-017  -4.5856328274800150E-016  -6.2677955075923887E-019  -7.1210106324363007E-016  -5.4827482244327096E-010   2.9872383901163071E-010  -1.9058911138998960E-010   2.0208168289810586E-010  -7.3189387978715108E-010   5.3375909908233901E-010  -1.8557737576105733E-010  -2.7305264499940208E-011  -4.9750486037567020E-011   1.6241862683216217E-010   1.6115419496386266E-003  -1.9532733808629648E-009  -4.5473672837632938E-010  -7.8583815622239115E-016  -1.4767337858363112E-015   9.5406031044897063E-016   1.3246808681879117E-015  -7.1696757582024163E-016   2.1146149790411224E-015   1.8325791848034447E-015  -5.5213360636377787E-002   7.2679126507829624E-009   1.5765769822193580E-009  -7.8443360537340951E-015  -5.8796185095333589E-015   3.7662200629961472E-015   5.1562255752008047E-016  -2.8948318174234105E-015   3.6094560181800687E-015  -8.1836646866488857E-011   6.3458486297831948E-011  -2.4744554355193393E-011   3.4700031118981005E-011  -1.1439484566781082E-010   7.5093082771296734E-011  -3.5827974768008332E-011   4.5349690276551394E-012  -1.5385635902400636E-011   1.5063511586376955E-011  -3.3932880721845593E-015  -7.0501213942575788E-002   8.3600237015357925E-009   1.8365319908230150E-009   1.6458626581289208E-016  -9.8756534251072748E-012   2.7703820197154837E-012  -1.4370976913996750E-012   5.4071528771259229E-012  -1.1990614425281756E-011   7.8448387666249058E-012  -2.6975430123144029E-012  -1.9554484885991584E-013   8.4974825996200005E-013   1.2170477990245078E-012   3.4643513190587893E-002  -4.2014739166965426E-009  -9.2849312282527323E-010   4.5488907379308142E-015   2.7256881079094526E-015  -9.9081401663932602E-016  -9.4946070964697204E-016  -8.3374206678468542E-015
   1.1110164080668593E-008  0.16632701656111087       -2.2826643956912326E-008  -1.3132520845526250E-015   9.6224204359836778E-016  -3.8961268080057740E-017  -6.1130054702360620E-017   1.0001284632554499E-015  -1.0728746480740479E-017   8.9091405302331038E-016  -3.3786631118369812E-008  0.19961475964915548        9.1140732288947333E-008  -7.0602311255301861E-015  -6.6842857128819368E-010  -9.3720365550292527E-010   1.9707015032123809E-010   1.2574905741653422E-009   1.9144856165132881E-009  -3.6069753006021695E-010   2.7630733836895848E-009  -2.5084834360776969E-009  -2.7699339104685945E-009   1.7228308943217062E-009  -1.5017755397841000E-008  0.14801266621232834        4.1628570143030808E-008   1.6602165660451438E-014  -3.2926632670593685E-016  -6.4794102373422174E-016   1.6757256144087803E-014  -1.0773852212631052E-016   1.6952955727897467E-014  -2.0211450940158934E-014  -5.9506737107940432E-015   1.7711228896640248E-016   1.5804579756807060E-016  -3.3242532804119461E-015  -1.8395317321627317E-017  -3.4813093798229724E-015   1.8352534895934359E-016   5.6083668679977806E-017   7.8950172456381181E-017   1.5111164372494995E-016  -5.4919603414103422E-015  -3.5278960506102465E-017  -3.3434783465466497E-015  -3.7197884592719950E-017  -5.9695106639926634E-015  -2.2980037239867575E-010  -5.6759206274502676E-010   2.2329490187269405E-010   3.0857909316708226E-010   2.0223223072514870E-010  -2.6773862408938420E-013   3.8199510712160684E-010  -1.0382332744604461E-009   5.4929188150416889E-011   6.0742643343429680E-010  -2.0993429511076490E-009   1.6115370889007528E-003   6.0200085791672707E-009  -3.0766595265650041E-015   4.1088118259470795E-016  -1.1889190691218027E-015   8.2932557605482360E-016  -8.3552277542858232E-016  -1.9337308608362567E-015   7.6772004371077901E-014   6.9408859306594353E-009  -5.5213346987158442E-002  -1.9243343844815924E-008  -3.6989740448232670E-014   1.1445365325595987E-015  -5.2152150868037428E-015  -2.2235175945248540E-014  -3.2516978208374133E-015  -3.2357276253815332E-014  -4.9035844158161396E-011  -8.2086845646287475E-011   2.8054178370709051E-011   6.8244667019642736E-011   5.2066436406282759E-011  -2.4559318885870889E-012   9.3187520590557062E-011  -1.4277775116134010E-010  -4.2927055190684583E-011   8.5507645401048440E-011   4.9835270221144279E-014   7.8526850933862491E-009  -7.0501199044392823E-002  -2.1658017026242308E-008   8.3076071462954506E-015  -4.4871622293416607E-012  -1.3045292745487224E-011   5.7537348648203716E-012   4.7677850316708855E-012   9.8523195611761632E-013   1.2525603055246782E-012   6.8347312376230199E-012  -1.9904401135378726E-011   3.8781491052682631E-012   1.0546738069990381E-011  -3.9480437038089830E-009   3.4643505731138731E-002   1.0865117999055326E-008  -2.7484358989963254E-014  -1.9629136424922907E-014  -2.1453543011520789E-015   4.0739129393146734E-015   6.2851896820949972E-016
   5.1481251566533605E-010  -2.4261637756856985E-008  0.16632702742074737        2.5464648973607655E-015  -1.1002825578490015E-015  -3.3092417008737778E-017  -3.7767065476341640E-017  -1.4439125541928623E-015   8.3119267992700936E-018  -1.0337258512674156E-015  -7.9795380536654492E-009   9.1140732288947333E-008  0.19961472464407440        4.3312780446634980E-015  -1.4641763405289082E-009  -8.1496516155202221E-010  -1.6187037812579720E-009   1.5878159917538921E-009  -2.5302698904120186E-010   3.7657882304945114E-010   2.0121519354050980E-009  -2.3377413594740030E-009  -1.8846147564409047E-009   2.9489179658340881E-009  -4.5959917514480807E-009   4.0983036255581937E-008  0.14801264816689536       -6.0996537112051717E-015  -3.2737793554391480E-017  -2.5190793408168186E-016  -6.6028072931211560E-015   1.2685815677877094E-016  -7.7841712320487122E-015   8.8245621454434538E-015   1.5882507789852691E-015   9.0411313065230631E-017   2.0374156283482439E-017   1.0311889866744019E-015   5.8041189194512424E-018   1.0573552515864460E-015   1.1582607489086291E-016   7.3408128265659872E-018   3.8433013118013487E-017   3.2890703373031119E-017   1.9686236859314165E-015   2.7812937836039428E-017   1.1558174782836958E-015   2.1352469486048802E-018   2.0735207964746690E-015  -2.1932750149277533E-010   9.6783604094761049E-011  -5.5997415324296186E-010   1.7273879138106698E-010   2.0714046548036924E-010   1.2151492146296680E-010   6.3269359445842356E-010  -4.4334624371936364E-011  -9.4562779578261747E-010   4.5035935007582660E-010  -3.1836130209134185E-010   6.0960871014617656E-009   1.6115352607433680E-003   8.8848660454250050E-016   8.6647414355551029E-016  -8.8182637767897157E-016   7.2208756550173280E-016   6.6181169266415416E-016  -2.4219672396628833E-015  -1.5662089210738034E-014   1.8591389811736554E-009  -1.9107247844070664E-008  -5.5213339360306909E-002   1.3976495434037771E-014   3.2053356194018093E-015  -3.5750164155243504E-015   1.2769139038946663E-014   2.5992050892140902E-015  -2.3115085394501338E-016  -4.5599936305705292E-011  -1.0138904725206262E-011  -8.1610904610736225E-011   5.5271818518864642E-011   3.2744970170400422E-011   5.9065046196259560E-012   9.7091999482811696E-011  -3.1728647165214138E-011  -1.2012372403584765E-010   8.4491666999385182E-011  -9.3676784626315724E-016   2.2788438632562385E-009  -2.1441379551761575E-008  -7.0501190027913246E-002  -3.1558103992443271E-015  -1.4216605379571043E-012   3.7898288684961208E-012  -1.0377491748426373E-011   2.2301494471501437E-012   5.1452347388048780E-012  -3.2256391031332728E-013   1.1150217984089885E-011   5.7827843228646557E-012  -1.8748802455785939E-011   3.4264910837131099E-012  -1.1499273235908490E-009   1.0757779542405140E-008   3.4643501192203392E-002  -5.3614952903260852E-015  -3.3710480002347814E-015   1.3773145830588676E-015   1.6603990336136504E-015   8.0898704110849202E-015
