   3.4108372742602830E-007   3.4969803192995068E-019   5.1417381119932107E-020   8.4764514849395425E-016  -2.8671379357009961E-006  -3.5186764388077047E-018  -2.4237830769791629E-018   6.3727131946952896E-016   3.5458642327279405E-019   6.8407788581399216E-019   1.6143176204273228E-019   1.3702820869178541E-019  -7.4694165989450886E-019  -1.1117605210515303E-018  -6.7112380026394755E-019  -8.9261873484134058E-019  -2.2943679985256206E-019  -2.4592787861953366E-019  -7.4700692669260831E-018  -3.0716549819201279E-017  -1.3192114233328519E-017  -1.6564915215090322E-017   6.3254328887068765E-019   2.9801629671187874E-017   3.7530055070344182E-016   7.2636178418219062E-018  -8.7128637815442388E-019  -1.1996213417292352E-018   2.0472139713906341E-018   7.3221426409078488E-019   3.0581457468040648E-018   6.4101167279973782E-019   1.0241402728102991E-019  -2.2378304059188196E-019   2.3797223778074138E-019  -2.5856254339837929E-017  -8.2525903909905771E-017  -3.6246395607420345E-017  -5.0900523889416950E-017   1.5736471260718545E-018   8.2310069004427783E-017  -9.7731901697149188E-005  -1.4545775120766064E-016  -1.6929519600198559E-016  -1.9465864541165650E-019  -3.3475907150703619E-019  -7.5362954496737819E-020   6.4004520425064635E-020  -1.0857492246157161E-019  -2.8615987439664145E-019   2.3216164126814218E-019  -7.9234538395382346E-021   1.1019395721793464E-019   7.8373057204008129E-020  -2.2339632099621883E-019   1.1627260388021819E-020  -2.7550313751265453E-019   7.1379866956430614E-020  -7.1644538450027677E-020   3.0113577882080044E-018   3.2494050341882457E-019   3.7452460436950192E-019   7.2277675363339894E-018  -6.7859928987416456E-019   5.9042044073607296E-018  -3.4016596956349165E-019  -8.6418474898029501E-020  -2.2970371431875811E-020  -2.1295132603523581E-019  -1.0381607793900012E-015  -3.2900165120852126E-017  -1.1203708608620240E-016  -4.8086312618148111E-017  -6.8428058748262548E-017   1.9383381025474478E-018   1.0693334082366538E-016  -3.9949089262046893E-004  -5.9535997061559784E-016  -6.9784689943030640E-016   1.2961367910176466E-019   1.7917188749913744E-019   5.2219093706348817E-020   1.5757082201581853E-019   6.8455953388152933E-020  -1.9955292615264140E-021  -1.1506100115206490E-019   5.8372835666957143E-020  -9.1347306546551320E-020  -8.7741517652250291E-020   2.9536788521427049E-019   3.2401073270220978E-020  -2.4262029632659080E-020  -4.8051504404681741E-020   2.2520774377658742E-019  -1.7354944039542234E-015  -1.5833724070233565E-017   3.5534792442494086E-021  -2.5075140178233098E-019  -1.1855322538489552E-017   9.6099552731708855E-019  -8.2918314807120443E-018  -6.8320907340587652E-020   1.5810490684107239E-019   5.7127706852420631E-020   1.6602955918807111E-019   3.7732680735002710E-004   5.6180204863780959E-016   6.5783349446166913E-016  -2.2928529751869029E-017  -6.9657707621446295E-017  -3.0140108332006328E-017  -4.2529165386216488E-017   1.4029279716990934E-018   6.6426473013078050E-017   1.4725067193780093E-015  -3.8857022390801557E-016
   3.4969803192995068E-019   3.4108372742539572E-007   1.3834089226037033E-018   2.0858284132884427E-016   1.9017220597723094E-018  -2.8671379357074763E-006  -3.3538398886954117E-018   1.4209986975026836E-016  -5.8663366378823657E-019   2.2816668855970649E-018  -3.6087081085652963E-019   2.3386383438096304E-020  -2.4028010764301760E-019  -2.4227161862547078E-019   5.8539034613277011E-018   4.5747345464021635E-020   3.1968830034882598E-018  -1.0757157225161034E-018   8.0146956526655811E-017  -9.1585895904617454E-017   1.5421810406604582E-016  -4.1914779955413904E-017   1.7553058338659288E-017  -3.5918787733830368E-017   1.0155773181030639E-016   1.2639635660787030E-019   2.7808009456023226E-019   2.2169303811148457E-020  -4.3210202290947064E-019   1.6202700826535077E-019   1.2590192409667918E-019   1.6260789504763739E-018  -8.0738147374791048E-019  -1.4007319175971623E-018  -7.4750003737089861E-020   2.2365515729406964E-016  -2.5620545198307153E-016   4.3287047430630514E-016  -1.1851249212696380E-016   4.9235410007116167E-017  -1.0383933062434351E-016   4.5734392195830332E-017  -9.7731901697017606E-005  -1.5220259753039606E-016  -3.0503780039993547E-019   2.9076121440998773E-019  -1.0354220689032741E-019  -2.8192666468683161E-019   7.9194520359245980E-022   2.2202187446310053E-019  -4.4691753294728524E-019   5.1648135165977186E-020  -2.1631868521396523E-020  -6.9775952359097922E-020   3.3523674420662374E-019   3.6178213034693810E-019   1.0940136095814413E-019  -2.9523855589500137E-019  -5.9340057909194721E-020   7.2490961082558387E-021   7.2889810016509377E-019  -6.5717208692758688E-019   4.2446364229683588E-019  -1.5184281226219816E-019  -1.8024403052429743E-019  -9.2227249775455192E-018   5.8400312173095087E-020   2.3282697838921769E-018  -2.2518041119786665E-019  -1.5044166310485400E-016   2.9216843612973284E-016  -3.3757615553451332E-016   5.6976967270893439E-016  -1.5764575613637465E-016   6.4382112182521720E-017  -1.3767818432575381E-016   1.8438736516365687E-016  -3.9949089262011125E-004  -6.1651949506908006E-016  -4.0066344587739784E-019  -3.3737377009362114E-019   2.2910858423544078E-020  -4.4621249643899525E-019   4.2101987557154748E-020  -4.2431515160063124E-019   2.2270802687896502E-019   3.2621863400658795E-021   4.2709994361705403E-021  -6.9426642866238728E-020  -2.7941562456742757E-019  -2.2770634454016537E-019  -1.9493335553545430E-019   3.0226550629558974E-019  -2.3599811906120092E-019  -2.5607879236185969E-016   4.1211583678002070E-019  -8.2146165012227851E-018  -2.0087976311715707E-019   5.8408727086989791E-020  -3.6054397426797496E-020   2.7401090832150258E-019  -1.5387163241898858E-017   6.4431252832462798E-019  -7.2481922911447792E-018  -7.3293962202235677E-019  -1.7508995267083361E-016   3.7732680734968248E-004   5.8213719675128900E-016   1.8588422054363169E-016  -2.1388748045856274E-016   3.6069650299115171E-016  -9.8854383439279713E-017   4.0979306157104724E-017  -8.6679814900225927E-017   1.9857897242290941E-016  -5.1510285176092387E-017
   5.1417381119932107E-020   1.3834089226037033E-018   3.4108372742592083E-007   6.9474786692233292E-016   7.6591444955782484E-018  -8.4898958924479431E-018  -2.8671379357045719E-006   5.2527359630117133E-016  -1.4614960199427636E-018   6.1307988118011411E-020   2.2060881772325154E-018  -2.7372916085551350E-019   1.9407045221172727E-019  -4.3162559236697373E-019   2.8393561645855508E-019   2.3415751015385767E-018   3.2314366973740941E-019   4.0957203317882869E-018  -2.1779543121404586E-017  -2.0473659907266606E-017  -8.2132992710282763E-017  -7.4021905109993312E-017   4.2465932781890874E-017   9.7120713339816619E-017   3.0666097061632249E-016  -8.9327391529256806E-020  -3.4933984380715112E-020  -7.0006805490446214E-019  -4.2461695055745696E-019  -3.2225183206795561E-019  -2.3548980304201191E-019   1.1561712475651888E-019  -1.2368718986046040E-018  -6.0542396227751517E-019   1.4600727383325880E-018  -5.7728618529250840E-017  -6.0516223766967027E-017  -2.3060732128565494E-016  -2.0972615180535893E-016   1.1917076848944637E-016   2.7016773814570871E-016   1.5497965737112283E-016  -2.4599811245478994E-016  -9.7731901697100927E-005  -2.9324485237060473E-019  -2.8760782180953908E-019  -6.8093145036453592E-020  -2.8637646306596458E-019  -1.0754902916905229E-019  -1.0701391306926368E-019   3.2703281588327655E-019  -2.1642669788033982E-020  -2.7733160140614853E-019  -2.8639038108732424E-019   3.9331976218789005E-019  -3.3135856010664949E-019   9.2244700912802576E-020   2.3149281980383651E-019   1.6028244745379811E-022   2.4000204495152775E-020  -2.0411041930476519E-019   7.1311739522913765E-019  -2.2199843085510900E-020   2.3184194147471855E-019   1.4883595194042602E-019  -6.4108983226404386E-019   1.6288047879572268E-018   6.8742014130257705E-020  -8.3987844652721160E-018  -8.6721749820572125E-016  -8.0047130087882816E-017  -7.7287621493776623E-017  -3.0271544708514081E-016  -2.7452220306105564E-016   1.5686763138293954E-016   3.5570427077172819E-016   6.3599559519990828E-016  -1.0022765568862873E-015  -3.9949089262041764E-004  -5.6082362773492804E-019   1.7111620253341733E-019  -1.1603599900653853E-019  -1.0831754069969965E-019   5.7747777936894858E-020  -1.7049144529383160E-019  -4.1481723503152331E-019  -1.0341808667976008E-019   1.6844941163850610E-019   9.6225446352542883E-020   3.5872751671617747E-020   2.4493075282564656E-019  -3.6988578297518356E-020  -3.0891290835195947E-019  -4.7858910053483316E-019  -1.4705394510178137E-015  -1.3216946561631461E-019  -3.5787660008125203E-019  -9.5676771643920082E-018   6.8502442285114479E-020  -5.8482461611982414E-020  -2.3906141554556117E-019  -7.4413930215608808E-019  -1.1124623830030757E-017   7.5105049477480433E-019  -1.1917179757846613E-017  -6.0085170899021483E-016   9.4666264084451327E-016   3.7732680734996969E-004  -5.0195604154928894E-017  -5.0014024753102937E-017  -1.9225989119191101E-016  -1.7470163360417192E-016   9.9239050047947271E-017   2.2478188690133073E-016   1.2473315839448360E-015  -3.2933727914313582E-016
   8.4764514849395425E-016   2.0858284132884427E-016   6.9474786692233292E-016  0.28404051718008527       -5.5018074910178982E-016   2.4800087955942239E-016  -1.7761130750113048E-015  0.21100668648474202       -1.8752861200429449E-016  -8.5737802295733025E-017   2.9661543733860143E-016  -8.2361063417069565E-017   2.4802860485898940E-016   1.0278608165063985E-016  -4.0685774754990248E-016   4.0787777821847167E-016  -1.4705808411827328E-017   2.1367080070147975E-016   2.5451072820970474E-013   4.9152571465226252E-018   9.6384117445299683E-016   1.7479881589858509E-013  -3.3929909653161673E-015   1.0484904901464140E-013  0.13839375175076743        5.5273044630478731E-016   8.3465774197827943E-019   9.8719555123331499E-017   3.6238528229373330E-016  -2.4580330616130750E-016   1.2744854396871844E-016   8.4198701657083724E-017  -8.2524581790605894E-017  -8.3491952113829015E-017   2.6930995885631492E-016  -2.7615448225806099E-013  -2.5699585652955991E-015  -9.6158148206087611E-016   2.9256258648435059E-013  -3.7045919652759618E-015   1.3337202684644080E-013  -1.3743742162850756E-015  -1.3209107448940008E-015   4.1794513142670090E-016  -6.0267297382934297E-015   6.8190263461341614E-017  -3.9913218251890579E-017  -2.8293717397364802E-016  -3.5576049223966318E-017  -3.5881143779029180E-015   8.8680855245953962E-017   1.4676396014295918E-017  -2.6056754003712653E-017  -3.2964622094996793E-017  -8.4008931624506257E-015  -2.8670518433729662E-017   5.5651035060441590E-015  -2.1384300133649620E-017  -1.0056231442116022E-014   2.7901377179649531E-016  -6.0661332249439340E-017  -9.0674087593264960E-017   8.2880326485669933E-017   1.2317653828129863E-016   2.3976722737760562E-016  -1.2178509732017339E-016  -1.7195091381331644E-017   1.5674062007110856E-017  -2.2055312493558851E-016 -0.13826413825162723       -1.3402379161093624E-013  -2.4634253826844056E-015  -1.2384447531638470E-015   1.6163263326722078E-013  -2.5813378624435269E-015   1.2389984524919099E-013   2.7366299284635945E-015  -5.0782942825063917E-015  -6.2657914881190642E-016   1.9785937998972329E-015  -4.9120056623255726E-018   1.5575857382096600E-018   7.9472518318052557E-015   2.0825469351992671E-017   4.9035799990924020E-015  -3.3583201444005282E-017  -1.9135959213807092E-017   2.4692969735320895E-017  -1.6000036296293543E-018   1.7889845289182896E-015   1.2867320126375422E-017   6.6772479670461196E-015   1.0010342384843276E-017   2.6642868287220910E-015 -0.20132340255013340       -6.4069609029011657E-016   8.2175131743377449E-018  -3.6280938066977892E-017  -2.7874878312093467E-016  -4.0459731619160342E-017  -3.1593168548769928E-016   5.3583659978158525E-017  -4.1378619219994332E-017  -1.9323505552948732E-017  -4.7929713200915406E-017  -1.7512787036566669E-015   4.9072386974434176E-015   5.9240586377962937E-016  -2.0127231683562235E-013  -1.8412031918638679E-015  -9.0547690204762223E-016   1.5623561464239722E-013  -1.2263731284562001E-015   6.0887274325498554E-014  0.13764540570179185       -3.4443340477115031E-002
  -2.8671379357009961E-006   1.9017220597723094E-018   7.6591444955782484E-018  -5.5018074910178982E-016   2.4101061649499435E-005  -1.1117688358949898E-017  -4.7641430790668923E-017  -3.6933110232529302E-016  -2.9806411268608866E-018  -5.7503348875125733E-018  -1.3569897703854024E-018  -1.1518543507573344E-018   6.2787655834702737E-018   9.3454202268004676E-018   5.6414432955580392E-018   7.5033220028479520E-018   1.9286377502918742E-018   2.0672611841673567E-018   2.1703167671056334E-016   4.3762146623283628E-017   8.1287207326200934E-017  -1.4450979537795627E-016  -2.2286943320521659E-017  -1.2099609997705648E-016  -2.5139840538287482E-016  -6.1057718648368736E-017   7.3240029552797347E-018   1.0083975225972418E-017  -1.7208809356478614E-017  -6.1549676071840339E-018  -2.5706666658468524E-017  -5.3883218005348377E-018  -8.6088874718240906E-019   1.8811124467046740E-018  -2.0003863441869402E-018   6.4903761392962050E-016   9.3523754437017425E-017   2.2182523680642777E-016  -3.6631714478446755E-016  -6.0724000726460071E-017  -3.2940123802102770E-016   8.2153096249620134E-004  -1.6447350932838325E-016  -8.9535509242236654E-016   1.6362937942341468E-018   2.8139730982736834E-018   6.3349837124337625E-019  -5.3801977017970525E-019   9.1267701746656472E-019   2.4054499393677982E-018  -1.9515426722895625E-018   6.6604277067956648E-020  -9.2628656727056713E-019  -6.5880118979792429E-019   1.8778616942788431E-018  -9.7738345947444374E-020   2.3158697805782750E-018  -6.0001667608290522E-019   6.0224149450988923E-019  -2.5313368707723948E-017  -2.7314385568246289E-018  -3.1482407828330069E-018  -6.0756362228806694E-017   5.7042820008577107E-018  -4.9630536655089369E-017   2.8594232949047848E-018   7.2643069082372193E-019   1.9308814243609865E-019   1.7900614311631859E-018  -2.5733015325371410E-016   8.4523312038278653E-016   1.5114196905000838E-016   2.9505771277447150E-016  -4.7099305749671570E-016  -7.8861059083134920E-017  -4.2135648079393481E-016   3.3581065325011860E-003  -6.6571552140377040E-016  -3.6108442421570937E-015  -1.0895280714534060E-018  -1.5061126473003839E-018  -4.3895188335295272E-019  -1.3245348414508724E-018  -5.7543836044159499E-019   1.6774350822731026E-020   9.6719876905996009E-019  -4.9068002399032243E-019   7.6786227799079810E-019   7.3755214209227783E-019  -2.4828521563368452E-018  -2.7236229365053363E-019   2.0394577781471254E-019   4.0391927279509340E-019  -1.8930884503667067E-018  -6.6609486142851356E-016   1.3309773318056408E-016  -2.9870422915722065E-020   2.1078075516190839E-018   9.9655428438586753E-017  -8.0780949393380612E-018   6.9700846692955455E-017   5.7430316784394992E-019  -1.3290243417204185E-018  -4.8021351461597336E-019  -1.3956386934386402E-018  -3.1717960035042344E-003   6.3320982507781612E-016   3.4214081705048399E-015   5.5268871562626952E-016   8.5093301324471899E-017   1.8426582153115557E-016  -3.0470849944826590E-016  -5.1396041880217605E-017  -2.5612372925734990E-016   6.8497771941651504E-016  -1.8828306967734861E-016
  -3.5186764388077047E-018  -2.8671379357074763E-006  -8.4898958924479431E-018   2.4800087955942239E-016  -1.1117688358949898E-017   2.4101061649653080E-005   1.8060094304433667E-018   3.0662571082615430E-016   4.9312221503508577E-018  -1.9179612389380094E-017   3.0334674700362681E-018  -1.9658512484047129E-019   2.0197862179534606E-018   2.0365267899176571E-018  -4.9207708654508476E-017  -3.8455059295908288E-019  -2.6872887207213015E-017   9.0424289055249274E-018  -1.1415938158789038E-016   1.3758898312557470E-016  -1.0182177440806767E-015  -1.9151504224502915E-016   5.4885453311976700E-016   2.8622815782492437E-016   7.9583574187265909E-017  -1.0624833723490288E-018  -2.3375315917218845E-018  -1.8635439587013377E-019   3.6322345581536418E-018  -1.3619933894724796E-018  -1.0583271898769495E-018  -1.3668763035271246E-017   6.7868205541151563E-018   1.1774503723795652E-017   6.2834592852486213E-019  -3.1393099366117162E-016   3.8399909332827574E-016  -2.8602374630121129E-015  -5.2594163651891886E-016   1.5352632321701292E-015   8.2891684539925616E-016  -2.1850245488569223E-016   8.2153096249847567E-004   3.7998367537188948E-016   2.5641371282308256E-018  -2.4441286436268395E-018   8.7037218563868636E-019   2.3698657262513703E-018  -6.6570637842252780E-021  -1.8663081456462235E-018   3.7567732196212649E-018  -4.3415242571986545E-019   1.8183673351988821E-019   5.8653422580824804E-019  -2.8179883987069265E-018  -3.0411279898553121E-018  -9.1962403070875588E-019   2.4817650201875806E-018   4.9881046027962619E-019  -6.0935649465895519E-020  -6.1270920486976991E-018   5.5241656790306622E-018  -3.5680265967190370E-018   1.2763853924939638E-018   1.5151250442249813E-018   7.7525905012574909E-017  -4.9091099052804624E-019  -1.9571354729662113E-017   1.8928586953419066E-018  -5.1564463878429276E-016  -3.9289250978876189E-016   5.0644941404395618E-016  -3.7639865848999461E-015  -6.8000030030306828E-016   2.0264421593875223E-015   1.0994178696369390E-015  -8.7165713185710200E-016   3.3581065325119972E-003   1.5059293050773063E-015   3.3679629746430747E-018   2.8359521635223774E-018  -1.9258787810232822E-019   3.7508467075892138E-018  -3.5390784135255149E-019   3.5667783893183259E-018  -1.8720759189846734E-018  -2.7421824774152439E-020  -3.5901872534235840E-020   5.8359794240577302E-019   2.3487580107074582E-018   1.9140916032083131E-018   1.6386029990786220E-018  -2.5408333205742768E-018   1.9837919713120538E-018  -7.4246145434460506E-016  -3.4642313734819846E-018   6.9051780264406227E-017   1.6885882937514025E-018  -4.9098172599890280E-019   3.0307200930063757E-019  -2.3033261538852199E-018   1.2934395840803987E-016  -5.4160686773033255E-018   6.0928052006794441E-017   6.1610649405884574E-018   8.3113586496565012E-016  -3.1717960035143886E-003  -1.4208888361288342E-015  -2.5668598109486830E-016   3.2235763893919069E-016  -2.3829097977778845E-015  -4.3823496531675725E-016   1.2807558649981685E-015   6.9197867195271443E-016   6.7709826558109764E-016  -1.8004030453111649E-016
  -2.4237830769791629E-018  -3.3538398886954117E-018  -2.8671379357045719E-006  -1.7761130750113048E-015  -4.7641430790668923E-017   1.8060094304433667E-018   2.4101061649567143E-005  -1.3360703488683607E-015   1.2285284652172898E-017  -5.1535281323697153E-019  -1.8544300398584274E-017   2.3009577944866268E-018  -1.6313494634646069E-018   3.6282296996073499E-018  -2.3867529047632000E-018  -1.9683198766419937E-017  -2.7163344353947956E-018  -3.4428482490040632E-017  -1.3881070276916040E-016  -1.1613851018847782E-016   7.7039864712512886E-016  -6.1956720801629086E-017  -1.8881370296782970E-016   1.8967772701595786E-016  -7.7358766390048265E-016   7.5088294265666812E-019   2.9365385626087850E-019   5.8847476921375119E-018   3.5693153005879487E-018   2.7088376790646462E-018   1.9795190842473030E-018  -9.7187352470363111E-019   1.0397102109934835E-017   5.0891727451097492E-018  -1.2273320596530867E-017  -4.1565432886065447E-016  -2.9804211981831303E-016   2.1623616842787480E-015  -1.5197424847759095E-016  -5.3110870221301112E-016   5.4482346439190205E-016  -7.3210205873340959E-016  -3.0322640676418649E-016   8.2153096249707900E-004   2.4650060172483722E-018   2.4176213352036782E-018   5.7238860607045896E-019   2.4072705762593139E-018   9.0405339419004310E-019   8.9955522669708593E-019  -2.7490264625692352E-018   1.8192752861637998E-019   2.3312397843160420E-018   2.4073875708787444E-018  -3.3062322257242646E-018   2.7853885178981747E-018  -7.7540574374698543E-019  -1.9459205823809914E-018  -1.3473290966229230E-021  -2.0174488328180046E-019   1.7157450772645298E-018  -5.9944399925220446E-018   1.8661110791680415E-019  -1.9488552869518834E-018  -1.2511098293542624E-018   5.3889788060893080E-018  -1.3691676330177647E-017  -5.7784297702064777E-019   7.0599889757027635E-017   1.9236400017779109E-015  -5.1392638620224405E-016  -4.1305781246243898E-016   2.8395433905457132E-015  -2.1494711080143224E-016  -6.9864425886655802E-016   7.1933325088792221E-016  -3.0135499348117122E-015  -1.2669643146787468E-015   3.3581065325060011E-003   4.7142638871352624E-018  -1.4383968400049523E-018   9.7539456711037534E-019   9.1051347628945222E-019  -4.8542581047104036E-019   1.4331451532286060E-018   3.4869392331067656E-018   8.6932883546155344E-019  -1.4159798885726034E-018  -8.0886775132779083E-019  -3.0154510040021788E-019  -2.0588793793841851E-018   3.1092470215406834E-019   2.5967111508080236E-018   4.0230033149939939E-018   3.2747661304246557E-015   1.1110119257238196E-018   3.0082982382932465E-018   8.0425561083268361E-017  -5.7582914442979382E-019   4.9160153585694906E-019   2.0095419346511092E-018   6.2552090615304048E-018   9.3513200539463460E-017  -6.3133043065689613E-018   1.0017539807068689E-016   2.8475467009537104E-015   1.1967291068670231E-015  -3.1717960035087065E-003  -3.2926151039529625E-016  -2.5225898167941078E-016   1.8028092993021830E-015  -1.2816617072300970E-016  -4.4177394416550118E-016   4.5839731641431549E-016  -2.7300102932540567E-015   7.1897077077365846E-016
   6.3727131946952896E-016   1.4209986975026836E-016   5.2527359630117133E-016  0.21100668648474202       -3.6933110232529302E-016   3.0662571082615430E-016  -1.3360703488683607E-015  0.15690202013782165       -1.5184718310909627E-016  -6.4295917925985246E-017   2.1745061529306239E-016  -7.6966910202924359E-017   1.9540066312644259E-016   8.4159095264116953E-017  -3.2037838116064147E-016   3.2864832345404935E-016   3.6656355230247486E-018   1.2936497881679109E-016   3.8296511324256609E-013   4.5180207749820675E-015   8.6548318677871244E-015  -8.1830404305349925E-015   1.0142068051974402E-015   2.2168641215045143E-014  0.10237132168710637        4.2227873810353042E-016  -3.1069376831758247E-018   8.4811429235315493E-017   2.7844763457460405E-016  -2.0213355505909882E-016   7.7131358356950372E-017   8.1223170832943870E-017  -9.6430685634044557E-017  -8.6653943811031942E-017   2.1527783334307972E-016   3.3285514872982866E-013   1.0651988098532092E-014   2.1469830995149765E-014  -1.6147175267604421E-013   7.1890104266103218E-015  -5.6129723575412098E-014  -6.0201486774953209E-017   3.0178875781806050E-015   4.1659785628147436E-016  -5.4378732590962150E-015   5.5698931830239150E-017  -2.9425262601797681E-017  -5.0028112609605982E-016  -2.5754227896701820E-017  -2.9932907189046040E-015   6.7868103029363511E-017   8.3473512824650685E-018  -2.2590678824845658E-017  -2.3471013287187003E-017  -7.3447873136062568E-015  -2.7263842754029531E-017   4.0668308956339930E-015  -1.4596121535497055E-017  -8.5036616133075458E-015   1.9640424982952787E-016  -4.7776565411939293E-017  -8.5353177643913365E-017   6.7993207533042128E-017   9.8158967408301776E-017   1.8939882978348859E-016  -1.0911049292642835E-016   3.1877069619914074E-018   2.1975086627146756E-017  -1.6485297800694693E-016 -0.11114989062636633        6.3439294121330461E-013   1.4774762573797850E-014   2.8334280308629255E-014  -3.7819153812722172E-013   1.1128589220910575E-014  -1.0026317019933189E-013   6.1869528334477659E-015   1.2481928644545646E-014  -7.1051125746502487E-017   3.9439401450424880E-015  -1.9677454962699414E-018   3.3042684684177335E-018   7.9143181958543970E-015   1.5201446418134529E-017   5.4246704216902629E-015  -3.0582075549009890E-017  -1.5454534302405430E-017   2.3150981665097542E-017  -3.8821141828310314E-018   3.6509784034550667E-015   1.1535872688589583E-017   6.9756219405640734E-015   6.8907798560391788E-018   4.4641421729099268E-015 -0.16501301418162853       -4.8759965641740687E-016   4.7966408085620423E-018  -2.1546957660068675E-017  -2.1581353972307179E-016  -2.9870688640572480E-017  -2.4658535206315317E-016   5.3733146840211419E-017  -4.0171167667940888E-017  -1.5218269521001644E-017  -4.3836921080502216E-017  -5.1702151339719698E-015  -1.1704238240519273E-014   7.3591116808523332E-017   3.0057097282308909E-013   9.1100482177843336E-015   1.7826153101925237E-014  -2.0065112455913101E-013   7.3671576485601395E-015  -8.3575584559302163E-014  0.11666117612709416       -2.9463523269779759E-002
   3.5458642327279405E-019  -5.8663366378823657E-019  -1.4614960199427636E-018  -1.8752861200429449E-016  -2.9806411268608866E-018   4.9312221503508577E-018   1.2285284652172898E-017  -1.5184718310909627E-016   8.9976626495137322E-030  -3.5417764279534739E-030  -8.5723628762542513E-030   2.4901595948778225E-030  -2.3314408784496166E-030   6.8129670351640643E-031  -1.0319808741387418E-029  -1.3392469823648904E-029  -8.6086006266886262E-030  -1.4160442747870003E-029  -6.4187169453814359E-017  -7.0212153379392970E-018  -1.0562256802877415E-017   7.8581155201307161E-019  -6.7249341006212506E-018   6.3401357901440191E-017  -5.4852673359777892E-017   6.4072820594101517E-030  -8.1287407838170987E-031   4.7249744666988136E-031   3.8929695683197396E-030   3.4951709254483402E-030   5.1383701341154839E-030  -4.5905477951635254E-030   9.8754339131080521E-030   6.9957886270162137E-030  -6.9903195326929720E-030  -1.7965039149646818E-016  -1.9651343017319455E-017  -2.9562194218570379E-017   2.1993702812031711E-018  -1.8822095665737799E-017   1.7745102121484527E-016  -1.0160087590348828E-016   1.6809017537717491E-016   4.1876751620310025E-016   7.4814093002565542E-029  -3.4691418371777060E-031  -2.8848135637150547E-031   1.8207440200852126E-029   7.0319397007115077E-031   2.7038298625643408E-029  -7.2964390406750597E-031  -2.9944651340717983E-031   1.6680404143485424E-030   2.0419667095821984E-030   9.6780189818373954E-029   1.0876249947442852E-030   1.6758466371876505E-030  -9.9922246199752676E-031   1.0301164954008418E-028   3.6801633151694369E-030   5.7360034408281310E-032   2.2623019374382644E-031   6.2698851937833301E-030  -1.9765180422514259E-030   4.6896525401249137E-030   1.9845637183427811E-029  -8.3999467038643777E-030  -5.2928896179480074E-030   3.6508864360533635E-029   7.9472509960837680E-016  -2.3665726190579332E-016  -2.5887129955393431E-017  -3.8942903944417598E-017   2.8972770076876175E-018  -2.4794744873260662E-017   2.3375998489445261E-016  -4.1530578962317481E-016   6.8708879123496067E-016   1.7117625457335548E-015  -2.0011570315487425E-028  -5.5651824966072178E-031  -4.8677696609998126E-031  -1.7151731305294724E-028   1.4229163153179569E-031  -1.4692210791401939E-028   1.1495870927781049E-030   4.8884633618369172E-031  -1.1075096661545005E-030  -5.8312527282367534E-031  -1.8935037559216777E-028  -1.1963587610889969E-030  -1.7175835611417338E-028   4.6581898501442690E-032  -2.0364122407314926E-028   1.4214931732166963E-015  -1.5188820984567313E-029   1.5844166434074358E-029   4.0643860939485288E-029  -1.1808420059891665E-029   1.2623863424340003E-030  -6.8607692548641768E-030   2.8398341290159835E-029   4.7525434751735130E-029   9.4542556194857345E-030   5.3223475910481484E-029   3.9226428078141431E-016  -6.4896853658432817E-016  -1.6167925433449246E-015  -1.4979602138598834E-016  -1.6385675390754283E-017  -2.4649537585136554E-017   1.8338780949062287E-018  -1.5694232678174939E-017   1.4796214329069681E-016  -1.2921539884583261E-015   3.4594368942357666E-016
   6.8407788581399216E-019   2.2816668855970649E-018   6.1307988118011411E-020  -8.5737802295733025E-017  -5.7503348875125733E-018  -1.9179612389380094E-017  -5.1535281323697153E-019  -6.4295917925985246E-017  -3.5417764279534739E-030   2.1026047153048413E-029  -3.5809663501806387E-030  -2.2760129137294915E-031  -3.1292918957254968E-030  -3.8668945701358651E-030   4.4412167450452926E-029  -2.7055260262989058E-030   2.2912479296269374E-029  -1.0279773224119693E-029   5.8188673891276539E-017   3.2876372165765696E-017   2.7421495653079175E-016  -3.3730929175984828E-017  -2.2410465523044312E-016  -2.4457744715477698E-017  -4.0016584670260739E-017   1.4693576471412145E-029  -5.5689805442253080E-032  -2.0907890852629599E-030   1.6626734797021870E-030   2.6507700745936096E-030   6.6130941907981595E-030   1.1897232400351023E-029  -6.1389261717581712E-030  -8.7102523728802017E-030  -1.0574215154078381E-030   1.6286148983140726E-016   9.2016101985120263E-017   7.6748709616616973E-016  -9.4407880634100276E-017  -6.2723577610843978E-016  -6.8453609197386734E-017  -1.9601120579335865E-016  -6.5377391484377335E-016  -1.7566790162927889E-017   1.5212405741919773E-029   3.1176377084706730E-030   1.2129557938735251E-029   5.2413262553542220E-030  -1.0351002337181343E-029   9.0164746892903202E-030  -1.5225911018109846E-030   1.5483828389443347E-029  -3.6675017831706887E-030  -1.4386722050575563E-029  -4.1537375095056997E-031  -1.6996979961058517E-029   3.9933703591638309E-030   7.1228184043547152E-030   4.7791869594033435E-030   6.2247127273340972E-030   4.8699200735249476E-030  -3.4432780906343170E-030   1.6388643784446109E-029  -2.0083535462868158E-030   1.1143472165428426E-029  -6.3282911772231257E-029   9.8567561162049706E-031   1.4621575769674856E-029  -2.3054734324480847E-030   7.5593122964855126E-017   2.1454088650711336E-016   1.2121475809445342E-016   1.0110269908787367E-015  -1.2436549871603506E-016  -8.2627095941834262E-016  -9.0175387791462076E-017  -8.0121935832841316E-016  -2.6723794408745907E-015  -7.1806365790460867E-017  -2.2792982298204795E-029   9.5994122106684094E-031   2.1484900893238479E-029  -1.7436163826940576E-029  -1.2682938401864966E-030  -1.7717828211095928E-029   4.9521716073148735E-030   4.4632342916521056E-030  -2.3532082727060738E-030   1.1355825285803888E-029  -2.5607436679491605E-029  -2.2079926130416467E-029  -1.1108329689928843E-029  -7.5206328636259283E-030  -2.3961034100820949E-029   1.2279133168089089E-016  -2.8649377874026822E-029  -5.4967355369868762E-029  -3.3953461891037248E-030  -2.2897730459295076E-029   1.5928482436067664E-030  -1.4747283218640293E-029  -1.0340042787121648E-028   2.8045860101565726E-030  -4.8034500116286962E-029  -6.5361720550383828E-030   7.5676704538121034E-016   2.5241136183072390E-015   6.7822489202179884E-017   1.3579710575912892E-016   7.6724831301426851E-017   6.3994579980032515E-016  -7.8719143268509237E-017  -5.2300149723715376E-016  -5.7077962490654406E-017  -9.9368269829083958E-017   2.5953179669632142E-017
   1.6143176204273228E-019  -3.6087081085652963E-019   2.2060881772325154E-018   2.9661543733860143E-016  -1.3569897703854024E-018   3.0334674700362681E-018  -1.8544300398584274E-017   2.1745061529306239E-016  -8.5723628762542513E-030  -3.5809663501806387E-030   1.5911295701397831E-029  -1.0618917228543464E-030   1.1294640349923913E-030  -3.3224590374984143E-030  -7.5596790204070590E-030   1.5453606032329131E-029  -2.4888756208360428E-030   2.9999533440737935E-029  -1.6539386666200961E-017  -6.3386534875999744E-018  -1.3982367200258016E-016   2.6791185602003859E-017   6.4203634387643036E-017  -1.0251798935210258E-017   1.5296102159705190E-016   3.2470162494304323E-030  -7.4858668847223740E-031  -5.3531594776335986E-030  -1.5207784925621893E-030  -1.7345278799108490E-030   5.3850554122165078E-031  -7.7174212975498370E-031  -6.1533401781698398E-030  -2.7080593336854201E-030   1.0200367212498043E-029  -4.6291296454662822E-017  -1.7740953375968326E-017  -3.9134577252172026E-016   7.4984565030862806E-017   1.7969647441150797E-016  -2.8693268576095281E-017  -4.6255601864756267E-017   1.0340156324209346E-016  -6.3211808578370151E-016   7.8408082496519195E-030  -2.9749462281303341E-030  -6.8540338385903917E-030   3.5486907163552735E-030   2.1964107352284891E-030  -6.8947227788453466E-031   2.4416381156301460E-030  -7.9902263024355893E-030   2.5052654039290426E-031   5.4431823700277188E-030   2.2059164201685706E-029   2.9526808731547049E-030   6.4833641896271057E-030  -2.4056444139361593E-031   7.5538464380468246E-030   2.0240310886249139E-030  -1.7282529722136228E-030   5.7399637846111688E-030   3.2105138192673042E-030   1.1186034742370546E-030   3.6270655557044259E-030   5.9398394797848765E-030   9.9422156994446936E-030  -1.8139007795186428E-030  -5.4855045087572432E-029   1.8202975212334127E-017  -6.0980504287935076E-017  -2.3370533259270160E-017  -5.1552806654625570E-016   9.8778754097699124E-017   2.3671796790242649E-016  -3.7798249810420534E-017  -1.8907533115346350E-016   4.2266631550834448E-016  -2.5838586372123478E-015  -4.7604792161059359E-029   7.6246110422499727E-031  -1.1492009537863776E-029  -3.0350242512512730E-029   8.9564875863170964E-031  -2.9561770426703987E-029  -3.8736800476669556E-030  -2.8492583481942113E-030   2.0464751680745746E-030  -5.2640077416841062E-030  -3.9212381829326280E-029   7.6846883574347152E-030  -3.4160405398884642E-029   6.6685128246209996E-031  -4.5324598951443478E-029   8.7595984647716307E-017  -9.2646349799198900E-030   6.3921186663639381E-030  -6.2043745767423588E-029  -5.5041421387698607E-030   1.4045957873733234E-031  -5.8013809301644888E-030   1.1335132335873236E-029  -7.2477644027621316E-029   1.2451366602778667E-029  -7.6230516861408037E-029   1.7858527533583643E-016  -3.9921643860020321E-016   2.4405040220762947E-015  -3.8598591274660207E-017  -1.4792755023652779E-017  -3.2631178380185483E-016   6.2523601609730195E-017   1.4983444622458736E-016  -2.3925010335142138E-017  -1.3391570363686928E-016   3.8734782919676114E-017
   1.3702820869178541E-019   2.3386383438096304E-020  -2.7372916085551350E-019  -8.2361063417069565E-017  -1.1518543507573344E-018  -1.9658512484047129E-019   2.3009577944866268E-018  -7.6966910202924359E-017   2.4901595948778225E-030  -2.2760129137294915E-031  -1.0618917228543464E-030   2.7227684829692019E-030  -1.9633804051171937E-030  -1.6181092566996926E-030   6.3441703640140999E-031  -4.1616593817513221E-030  -1.5394890932076909E-030   1.3038375536382603E-030   1.7756718586600338E-017   6.0570493361584637E-017  -8.3579786069374342E-017   8.5565374852492881E-017   1.5877347119420529E-018  -1.0332209343925406E-016   5.8436479067230835E-018   1.6994573150173756E-030   2.2481836267676804E-031  -1.0500091596790138E-030  -4.7017358861684539E-031   3.1422453540295435E-030   3.6039837582432749E-030  -1.3094225528585332E-030   4.7363403552807025E-030   2.3662625962859508E-030  -2.7931691010793186E-030   4.9698428408456352E-017   1.6952785016386259E-016  -2.3392745647471467E-016   2.3948482573128142E-016   4.4438345703886676E-018  -2.8918325414024584E-016  -3.9263167207817136E-017  -6.7009814411107744E-018   7.8432564467681487E-017   1.0897310307504899E-028   1.6343582341727379E-030  -3.3012358913266842E-030   3.9855934424796986E-029   4.3943245812471215E-032   3.4652420639588345E-029   1.3712448889263339E-030  -5.1074704921026726E-030   2.9361380246612512E-030   4.7136426990027071E-030   1.4230357418499585E-028  -4.4410718500713804E-031   8.0987638230335199E-030   1.5922732049709032E-030   9.7581409549492347E-029   2.2684941293972407E-030   6.8318303088703090E-031   1.1521462998643945E-030   2.5694592897140802E-030  -1.5141649948486214E-030   6.3982341463038145E-031   1.6745005261237205E-030  -3.1992895663070001E-030  -7.0860715588383635E-031   6.3069536860100060E-030   9.2567093046686577E-016   6.5468791298338749E-017   2.2332262402519489E-016  -3.0815758803630157E-016   3.1547842814509454E-016   5.8539573057428239E-018  -3.8094721944821242E-016  -1.6049291421306750E-016  -2.7391066896846691E-017   3.2060253249560463E-016  -2.6853779500908119E-028   3.5353572522286052E-030  -6.2121288459839648E-030  -2.1718400636495444E-028  -7.0912383017309700E-032  -1.9616699053436357E-028   5.7369597614032663E-030  -1.4328021498228150E-030  -4.2840953427640781E-031  -3.1289579361588123E-030  -2.4925024180883052E-028  -1.0716823479379268E-030  -2.2343548982904562E-028   1.6275397625901736E-030  -2.6512140454322667E-028   1.6805975303804775E-015  -4.8135233526217625E-030  -1.6999943717426839E-031   6.8814131298785666E-030  -3.8719277053481915E-030   5.6092214029315477E-031  -1.7201966246520336E-030  -1.7866059075638764E-030   1.0009464128673911E-029  -1.0836587196711921E-030   1.0285022828531931E-029   1.5158863453702992E-016   2.5871387841416666E-017  -3.0281523871890949E-016   4.1439524749547171E-017   1.4135564780630008E-016  -1.9505330314577101E-016   1.9968714667425030E-016   3.7053564581524928E-018  -2.4112667142430438E-016  -1.5522318151781282E-015   4.1687657708054270E-016
  -7.4694165989450886E-019  -2.4028010764301760E-019   1.9407045221172727E-019   2.4802860485898940E-016   6.2787655834702737E-018   2.0197862179534606E-018  -1.6313494634646069E-018   1.9540066312644259E-016  -2.3314408784496166E-030  -3.1292918957254968E-030   1.1294640349923913E-030  -1.9633804051171937E-030   3.1971000508838193E-030   3.0445901388541587E-030  -4.3723024593245213E-030   5.2677140356355085E-030  -7.3705367549392518E-031   1.4543382840716230E-030   5.3916093451075850E-017  -2.5539413980345889E-017   5.8137843454646259E-018  -7.7626863308014129E-017   1.0659988656528561E-017   2.3710769857405605E-017   8.8380410112087982E-017  -1.4784676271706100E-029   1.1726410897580883E-030   3.2034129682413695E-030  -3.4120636998511173E-030  -3.7518785639719544E-030  -7.9845400883120104E-030  -8.8684211436034051E-031  -3.0375414528020723E-030  -6.6198686777866844E-031   1.7215524848883157E-030   1.5090316926023885E-016  -7.1481041448466313E-017   1.6271922295872795E-017  -2.1726610633634175E-016   2.9835731218578567E-017   6.6362937076543493E-017   2.1402378069854411E-016   6.8848291407178513E-017  -5.5607678797241420E-017  -6.9782973636308630E-029  -2.8896090982546786E-031   3.6513473700954391E-031  -2.1243252525637508E-029   9.2953827246129785E-032  -2.4178905695728272E-029  -7.7033682136494750E-031   3.1651308175442268E-031  -1.3038535139229006E-030  -7.0675774352409061E-031  -1.1251177707865855E-028   1.1733190424271347E-030  -2.9745151724213344E-030  -8.4156560323650479E-031  -8.4277275363143709E-029  -7.0852937592265568E-030  -1.3654970500250887E-030  -1.2944421426214512E-030  -1.5613238266498455E-029   2.4039623198071930E-030  -1.1609218890545235E-029   5.4860297734893679E-030   2.3106786127022331E-030  -7.1824747519828629E-031  -4.3046955910449506E-030  -7.4615569584576417E-016   1.9878793779744974E-016  -9.4163488352466007E-017   2.1435347534559996E-017  -2.8620923896523952E-016   3.9303240022234101E-017   8.7421301171226912E-017   8.7484792282278599E-016   2.8142566461962671E-016  -2.2730306945329815E-016   1.8802116244722367E-028  -1.6266403532840904E-030   3.0289106285279055E-031   1.5922909849421490E-028  -4.3507208799480007E-031   1.3981607150162538E-028  -2.7528020645994271E-030  -6.5301653727162759E-032   7.7196280139876597E-031   2.1680475768639107E-031   1.7203240512664756E-028   2.0188646053465712E-030   1.6384891038736884E-028  -3.5845619570844338E-031   1.8644814723854269E-028  -1.3214572778087228E-015   3.2860933932792354E-029   5.4100362092767388E-030  -4.3309984165962105E-030   2.5045322469453561E-029  -2.1460105072503082E-030   1.6679226778430391E-029   1.1579673990541257E-029  -7.8403634656355065E-030   5.2936838080322505E-030  -7.1921632579070664E-030  -8.2631063619548685E-016  -2.6581193588852241E-016   2.1469210708429361E-016   1.2582602343046712E-016  -5.9602294903462373E-017   1.3567848084922674E-017  -1.8116074248489455E-016   2.4877618102869223E-017   5.5334719054792809E-017   1.1882371189875423E-015  -3.1743318868817616E-016
