   8.0113670524167346E-002   5.3149979656182760E-017  -3.1880626068745178E-017   1.0772278015144431E-015   3.8866321032647359E-002   1.4832064867762994E-016   1.3996654764732546E-017   1.2403414762363258E-016   6.8859857402732224E-018  -8.9855236960233813E-018   1.3778486268249302E-016  -2.1653026500349850E-018   1.3559095944919540E-016   1.4601292652444422E-015   6.1402165842518205E-016  -4.3039200361132401E-017  -9.5738548051463505E-018   3.1819428237008828E-016   8.3797409481823743E-019   3.6049769750477316E-016  -9.8001935409466215E-017  -7.8882663043341042E-018  -4.2163063379549730E-017  -1.6156929842888498E-017   4.7976175305570828E-002   2.3820060638479921E-016   4.3956492453449096E-017   4.5096011130549638E-016  -9.0525670676174311E-018   3.0265781526055235E-018   4.3465261274079767E-016  -6.9485159772103352E-020   4.5460039589547019E-016   2.0737024770775394E-015  -1.1265324067048513E-016  -1.1331750596947996E-019   1.9588270770174545E-018  -6.2758878658982832E-017   4.8042306741218791E-019  -6.7463426003246900E-017  -8.8211559078499693E-020   1.3312650709127237E-018   8.6957675909080531E-019   1.8224602522397339E-018  -1.0874301521346245E-016   5.8043929382368213E-019  -6.6829339070755739E-017   5.2154360864708221E-019  -1.2138342967171478E-016   3.6039959946832067E-002   2.6629638792785604E-017  -1.0136160935477440E-017   3.7813093504313819E-016  -1.9504096767890837E-017  -8.2894586935108071E-019   1.3379728217302644E-016  -2.9862798649147715E-019   1.4301938985965523E-016  -4.2799196721803129E-017  -4.2557962086830321E-019  -1.9560267023605659E-017   7.8178232550584615E-019  -1.3652450975353514E-017   2.7983907792901176E-018  -2.5884729279807201E-018  -1.0389253891410757E-017   1.3155709189550868E-019  -1.1405533128963700E-017   1.2825121568461835E-016   6.1365682962684609E-016   1.2779754408568944E-015  -8.8025999695811713E-017
   5.3149979656182760E-017   8.0113670524170677E-002  -4.3568553772653478E-017  -1.1306010968338070E-015  -2.8121263333790735E-016   3.8866321032645243E-002  -6.4600296267809090E-017  -7.6510762954313619E-017   1.6794072245234031E-017   5.3963712086594845E-018  -5.7590173355078662E-017   3.9848191505101977E-018  -8.6650627849359228E-017  -2.7769353142062542E-015   5.6499491829541532E-017   4.2633892706112171E-016   1.3881060651070124E-017   2.6918107802397629E-017  -4.0674780551185487E-020   2.1986712702604087E-017   9.3354283551900289E-016   1.3768250346156129E-017   4.6844053283181470E-016   3.8211083435093831E-017   5.0019147295843891E-017   4.7976175305574756E-002  -1.0101873345373033E-016  -2.8233379095204443E-016  -2.5003881144310247E-017  -3.2603184278982096E-017  -3.0762742273597098E-016  -1.0143121146327202E-017  -2.1797023987221324E-016  -3.8789048406573877E-015   2.9431665204399450E-016   6.9933621351018564E-018   1.2834459801292569E-017   1.7524075873070084E-016   1.3255121764891125E-018   1.6138888005051510E-016   6.5707036178152790E-018   5.7368628689611566E-018   3.1379895946275043E-018   1.3375101950273981E-017   3.0505676811002033E-016   3.6887601988469691E-018   1.6384899645703304E-016   3.6690819778369925E-018   2.5554854173729747E-016  -2.2031702205194710E-017   3.6039959946832976E-002  -2.4352269466396659E-017  -2.9569090574725798E-017  -2.5969069111996442E-016   1.0587157585528816E-017  -1.2765747249783424E-017  -4.3317456203155262E-019  -1.0522841339997743E-017  -5.6196876645290554E-016   1.0009332034031984E-017  -2.4354061688365217E-016   2.0175051816424932E-017   4.8686329176851865E-016   4.3064942774957949E-018   4.1548992960706094E-018   4.9134027480685023E-016   1.6170204346601230E-018   4.7778972292113356E-016   1.5576357533029273E-015   1.6557430186765160E-015   1.7655221409989838E-015   5.8987033492218624E-017
  -3.1880626068745178E-017  -4.3568553772653478E-017   8.0113670524170594E-002   9.2241091260797905E-016  -7.6399830743510426E-017   1.4384852982841931E-016   3.8866321032646062E-002   1.2699843247672792E-016  -9.5016211631799451E-018   4.4228881032975579E-018   1.2405093787366048E-016  -4.7074265534146473E-018   9.1372607338062417E-017   2.7355432320884939E-015  -8.6879010584408311E-017  -7.9166004928307130E-017   1.3294517200048296E-015  -4.2864876165506457E-017  -1.1195159851167833E-018  -4.0053807563736107E-017  -1.6914652860120878E-016   1.3215585761463409E-015  -7.7166670328733377E-017   3.0505545713887504E-015   2.6764095316439016E-016   1.6637450640884810E-016   4.7976175305566256E-002   2.7748191521074915E-016   7.3134329601858525E-017  -9.0947767957931033E-018   3.5689518380537367E-016   1.7797271261811431E-018   4.7524279267352691E-016   3.6011474689498780E-015  -2.3715185305925927E-016  -2.7442547517373721E-017   1.6764876385756955E-018  -1.5458689413186326E-016  -6.3793128255925409E-019  -1.7507989914876950E-016  -2.8005542310679859E-017   5.4959328044714837E-019  -1.2628754518382884E-017   2.6744539233534583E-018  -2.9112509219316620E-016   3.4435790574760852E-019  -1.8738094813038570E-016   1.9071555462758803E-019  -3.5587997724295981E-016  -5.7802940042218478E-017  -8.0850960613963389E-017   3.6039959946833039E-002  -9.9279680305727165E-017  -7.5641463008937579E-018   9.2896542692896452E-016  -4.2067321905651616E-017   6.5505707358207857E-019  -4.5397300679838542E-017  -2.3432762426768555E-017   9.1286568898925911E-016  -9.0609547766113782E-018   2.0755219457281848E-015  -3.9888203668775569E-016  -1.1723566950184014E-017   2.8181986787193279E-018  -4.0934667973683654E-016   3.5021898629982781E-019  -4.2771275880007921E-016  -1.1465766126072624E-015  -9.8038142183996413E-016  -8.3057030568976089E-016  -7.1010909730008204E-017
   1.0772278015144431E-015  -1.1306010968338070E-015   9.2241091260797905E-016  0.10466368913708929       -1.2933044476652911E-015   2.1757043801106348E-015  -1.8182162455980276E-015  -6.7232815590478382E-015   7.8743661416876565E-017   4.4395256161972277E-016  -1.5565939625964927E-015   1.6843685506183354E-016  -1.0103950700197702E-014  0.27016409146274944       -4.4499823401714721E-016  -1.2477899691122842E-016   8.2888507053232382E-018  -3.6732917850300878E-016  -4.0786051405303812E-017  -3.6124498902858940E-016  -7.9970174196529183E-017  -1.9945925471898556E-017   3.0891822115948510E-017   4.0709364126409744E-018   2.1361632754607853E-015  -1.0237430748937686E-015   6.2740999984662224E-016  -6.9088715455134116E-014   1.0817420960839983E-016  -3.4767581969217191E-016  -8.5120044538889160E-014  -9.1363542221276926E-017  -3.5867151086318768E-014  0.14806071197985260        4.3299014520387971E-014  -6.3884296467074287E-017   1.1831858989241468E-017   1.7239241280845146E-014   2.0755223935309115E-018   2.7361031005237891E-014  -3.0764123944632893E-017   2.9625420862854455E-017  -4.0887613067242538E-018   1.4776618135219593E-017   4.2092273883829403E-014   6.3784066343962323E-018   2.8557547092741145E-014   3.0516859205312949E-018   3.6946753377474260E-014  -4.4471048849902893E-016   3.7055092275527599E-016  -3.2099563845462552E-016  -3.7045003204871548E-016   3.6760363108030814E-017  -2.8451251995777718E-017  -1.6290952537731126E-016  -2.4084973163347177E-019  -1.5018013962850810E-016   7.3589128733438926E-017   2.2679167383100852E-017   4.4396781647791134E-017  -3.2231095494331220E-017   3.8015350697465743E-014  -2.0469398835815513E-017   1.0882945824142180E-016   5.9919100320233764E-014   4.6543902484618384E-017   4.0682937880156558E-014  -4.6723333547108184E-002  -6.5105861962039824E-002  -5.1181725871274862E-002  -6.6259394341448815E-003
   3.8866321032647359E-002  -2.8121263333790735E-016  -7.6399830743510426E-017  -1.2933044476652911E-015   1.8855594815832547E-002  -7.6980582452277430E-017  -2.2770786721023508E-017   6.0173887540304114E-017   3.3406649658722098E-018  -4.3592341523172605E-018   6.6844905138184281E-017  -1.0504742496289336E-018   6.5780555610736389E-017  -3.9485640621105883E-015   2.9788627510396188E-016  -2.0880024186635872E-017  -4.6446569223806327E-018   1.5436867451500984E-016   4.0653448997156864E-019   1.7489174008727449E-016  -4.7544628257859112E-017  -3.8269110448933115E-018  -2.0454975365735131E-017  -7.8383678848677585E-018   2.3275146665292110E-002  -6.8285461060514908E-017  -1.5164995543325659E-017   2.1877864719398789E-016  -4.3917595526146763E-018   1.4683131772635740E-018   2.1086723244692716E-016  -3.3710008657794511E-020   2.2054469371947167E-016  -1.6293280616645055E-015  -5.4652557905419507E-017  -5.4974819363813101E-020   9.5030475478995538E-019  -3.0446822741687919E-017   2.3307229649654692E-019  -3.2729185367406170E-017  -4.2794928149711308E-020   6.4584951965414991E-019   4.2186619662055391E-019   8.8414779611471481E-019  -5.2755552351558151E-017   2.8159413725571335E-019  -3.2421564631547366E-017   2.5302150299091670E-019  -5.8887919063713353E-017   1.7484414883659285E-002  -1.2518702715137289E-016  -3.2328847670012027E-017   1.8344632342525382E-016  -9.4622113987832712E-018  -4.0215453949067137E-019   6.4910371578389863E-017  -1.4487628786000354E-019   6.9384382013828086E-017  -2.0763588896201861E-017  -2.0646556400577439E-019  -9.4894618190517607E-018   3.7927363259414751E-019  -6.6233457921383916E-018   1.3576104264242754E-018  -1.2557709457660400E-018  -5.0402393811458915E-018   6.3823566368694169E-020  -5.5332767717539163E-018  -4.7393229391797597E-016  -1.3779709644445368E-015  -2.5311744358396439E-015   7.5012678069619138E-017
   1.4832064867762994E-016   3.8866321032645243E-002   1.4384852982841931E-016   2.1757043801106348E-015  -7.6980582452277430E-017   1.8855594815829706E-002   4.8700780502916708E-017  -3.7118407582521060E-017   8.1474709504404233E-018   2.6179938384531959E-018  -2.7939278668698748E-017   1.9331939149462079E-018  -4.2037658462751583E-017   5.6997846418904953E-015   2.7410145774857438E-017   2.0683393357780516E-016   6.7342534177773468E-018   1.3059042390553390E-017  -1.9732950301519485E-020   1.0666626915975860E-017   4.5289867890974952E-016   6.6795246617739501E-018   2.2725909341841133E-016   1.8537713052932309E-017   9.7646806793906962E-017   2.3275146665291777E-002   4.9793502316466576E-017  -1.3697132693895314E-016  -1.2130375069050559E-017  -1.5817098612303126E-017  -1.4924227154295947E-016  -4.9208306168872249E-018  -1.0574601392097216E-016   1.9388805198539854E-015   1.4278468841630631E-016   3.3927575164368796E-018   6.2265058092320022E-018   8.5016246819094497E-017   6.4305856225523999E-019   7.8296150733773048E-017   3.1877090957061441E-018   2.7831798559045971E-018   1.5223632893599390E-018   6.4887927721002462E-018   1.4799514496156810E-016   1.7895639678319039E-018   7.9489650836941755E-017   1.7800172818528026E-018   1.2397673952115920E-016   4.4435396707784874E-017   1.7484414883658043E-002   6.2406113311268238E-017  -1.4345139342672882E-017  -1.2598626057474873E-016   5.1362503159618743E-018  -6.1931706235144703E-018  -2.1015017138741309E-019  -5.1050479527451324E-018  -2.7263335139149181E-016   4.8559242088406783E-018  -1.1815121861670685E-016   9.7877183209432995E-018   2.3619670492126747E-016   2.0892512853204463E-018   2.0157065435058244E-018   2.3836866707113238E-016   7.8448078734601532E-019   2.3179475657185919E-016  -1.1297869545131698E-015  -2.2854851354826808E-015  -2.4830370351865415E-015  -1.4247350868227181E-016
   1.3996654764732546E-017  -6.4600296267809090E-017   3.8866321032646062E-002  -1.8182162455980276E-015  -2.2770786721023508E-017   4.8700780502916708E-017   1.8855594815830521E-002   6.1611979765739760E-017  -4.6096135159284091E-018   2.1457185495140610E-018   6.0182033156830737E-017  -2.2837594441245209E-018   4.4328478113305205E-017  -4.5313237350819955E-015  -4.2148455991066681E-017  -3.8406570842199883E-017   6.4496979116094849E-016  -2.0795452600932672E-017  -5.4312163447218007E-019  -1.9431691659681913E-017  -8.2059693921888997E-017   6.4114051382096870E-016  -3.7436614280603274E-017   1.4799450895640824E-015   1.4748735318607873E-016   5.4686725618567935E-017   2.3275146665288168E-002   1.3461748946077525E-016   3.5480365762986090E-017  -4.4122371669158354E-018   1.7314401772095297E-016   8.6341626072527412E-019   2.3055913962884676E-016  -1.4361111800124886E-015  -1.1505177573631332E-016  -1.3313468909678203E-017   8.1333068803111041E-019  -7.4996237414750623E-017  -3.0948578267101600E-019  -8.4938207452019737E-017  -1.3586600027417135E-017   2.6662951198439710E-019  -6.1267100126919096E-018   1.2974837389424252E-018  -1.4123633606943755E-016   1.6706168656806020E-019  -9.0905934503242319E-017   9.2523684454713679E-020  -1.7265150072613348E-016  -1.4788207053942510E-017  -5.8776495699374835E-017   1.7484414883658463E-002  -4.8164513016732881E-017  -3.6696675679084842E-018   4.5067799633967615E-016  -2.0408527377047592E-017   3.1779418356432836E-019  -2.2024032236864253E-017  -1.1368163026379350E-017   4.4286737451680797E-016  -4.3958287631331478E-018   1.0069180668564705E-015  -1.9351350638023154E-016  -5.6875675992909040E-018   1.3672200245462674E-018  -1.9859032003276492E-016   1.6990512935049912E-019  -2.0750043387829195E-016   9.0031301584159870E-016   1.8608992146446510E-015   2.0399603325487982E-015   1.0807380839037951E-016
   1.2403414762363258E-016  -7.6510762954313619E-017   1.2699843247672792E-016  -6.7232815590478382E-015   6.0173887540304114E-017  -3.7118407582521060E-017   6.1611979765739760E-017   4.5429710763075826E-028  -5.7645391553559413E-030  -2.5421990496648554E-029   1.0638584740186052E-028  -5.9357592109147710E-030   6.9419377717910630E-028  -1.7327569034427234E-014   7.2311345288744353E-030   3.9165909568953634E-031  -4.2831276891098365E-030   9.9096169862309057E-030   2.4888638205755277E-030   1.2701888132852750E-029   1.6096912960345894E-029  -2.8331681951741919E-030  -1.1959918920853820E-029   8.4778361422655569E-030   7.4278009874358096E-017  -4.5818569443154122E-017   7.6053175696123101E-017   4.5311523576825235E-027  -4.6023441013212538E-030   1.7157317822219944E-029   5.6348761934985597E-027   1.4535454078548312E-030   2.3425345390877339E-027  -9.5699620066880569E-015  -2.8966221998625745E-027   2.9717301565058535E-030  -6.5636199614441232E-031  -1.1335535992903510E-027   3.2675642809372886E-030  -1.8274508325631711E-027   1.9416776842692049E-030  -9.7876875036063977E-032   7.3483200280097670E-032  -2.7397278119663683E-030  -2.8168297905667565E-027  -1.1087283962134792E-030  -1.9060041819229459E-027  -7.9160470171229998E-031  -2.4641532229199269E-027   5.5798039000729674E-017  -3.4419154862558723E-017   5.7131553077380998E-017   6.1302200800014463E-030   3.2956009091777554E-030   7.1904446126359955E-030   6.3823762450934105E-030  -7.6220088432410266E-031   8.2624260408791922E-030  -1.1135030134722703E-029   4.0207635843831886E-030   3.6585489243840727E-030  -4.1720156190408990E-031  -2.6143570765346186E-027   1.4177653713585641E-030  -2.0630253074392832E-030  -4.1533638998627741E-027  -2.1961518424392130E-030  -2.7899996205526754E-027   1.8070467190428154E-015   1.6945429031567176E-015  -2.9411102745814637E-016   4.2807607673943742E-016
   6.8859857402732224E-018   1.6794072245234031E-017  -9.5016211631799451E-018   7.8743661416876565E-017   3.3406649658722098E-018   8.1474709504404233E-018  -4.6096135159284091E-018  -5.7645391553559413E-030   8.5914339480246216E-032   2.3671033954798423E-031  -1.3713532130313525E-030  -2.5152801252987636E-032  -9.0161789975297444E-030   2.0241523044416997E-016   4.3115877184212821E-031   2.2069712395430677E-031   3.2835536566479098E-032   2.0188234778282245E-031  -2.6405655703641421E-032   1.1159118652568841E-031  -2.3630429119682706E-031   2.3711693440511224E-032   4.1885607482995989E-031  -4.7602237891065560E-031   4.1236814749026095E-018   1.0057151905038836E-017  -5.6900581340145833E-018  -5.4897547894867777E-029  -2.7029265652642302E-033  -1.0464210198035223E-031  -6.9280880867002573E-029   6.7285599332596830E-032  -2.8199814360279529E-029   1.1323666841936707E-016   3.6230829536104308E-029  -9.5512208718064619E-033   8.1164771883636775E-033   1.3821061819548057E-029  -1.0436804575517000E-031   2.2800203962517888E-029  -1.8963083650719329E-032  -3.2949955708313364E-032   4.3883696889091734E-033   6.9535031019155025E-032   3.5258029608875871E-029   2.7359593910103532E-032   2.3754676698071493E-029   2.1623904558199839E-032   3.0688690098800118E-029   3.0977316187130658E-018   7.5549863974824655E-018  -4.2744021577155224E-018   3.2569607563106858E-031  -1.9790749318756487E-031  -2.5135736558230648E-031   2.3593676532911488E-032   2.3957517723701472E-032  -4.9260859555279739E-032   1.5044470858636993E-031  -2.1541416062498093E-031  -2.1583407148564401E-031  -8.6123235534055680E-032   3.4100406521366642E-029  -1.6655032963983088E-032  -7.1911061016260007E-032   5.4705831356786913E-029   1.0499009124308139E-032   3.6241922308034057E-029   2.1697640041125103E-018   2.8756119736526103E-017   7.3425541927042343E-017  -5.0614453005123582E-018
  -8.9855236960233813E-018   5.3963712086594845E-018   4.4228881032975579E-018   4.4395256161972277E-016  -4.3592341523172605E-018   2.6179938384531959E-018   2.1457185495140610E-018  -2.5421990496648554E-029   2.3671033954798423E-031   2.3249321827258097E-030  -5.7752779249558741E-030   1.4084877357584432E-030  -3.6542173260584952E-029   1.1497750241249147E-015  -5.0891573400230645E-030  -1.4949320623985885E-030  -7.1511312107859119E-031  -3.5891804529591522E-030  -1.9166709588752562E-031  -3.1280665720770267E-030   1.4632299853332014E-030  -8.8563861326741134E-031  -1.1597841073888026E-030   7.5160833674619855E-031  -5.3809924976737677E-018   3.2316238842453384E-018   2.6486522663673032E-018  -2.8012242353412820E-028   7.7670729672942339E-031  -2.2138984141220955E-030  -3.3766705174577274E-028  -1.0151915853603713E-030  -1.4695553793731050E-028   6.1967617801525766E-016   1.6748045685735351E-028  -4.2519652186571862E-031   6.6538355089618462E-032   6.9501898366482378E-029   4.9066708224117974E-031   1.0624828516219847E-028  -1.2927900568581292E-031   3.8194515200710177E-031  -4.1648137526011087E-032  -1.8924881633376659E-031   1.6269403080709849E-028  -7.1442614662217040E-032   1.1108619273094450E-028  -7.0864609056751330E-032   1.4400944585982343E-028  -4.0422303957317865E-018   2.4276131769543477E-018   1.9896817740213453E-018  -4.1878202480211822E-030   9.1221554689387924E-031   4.8396777826348845E-031  -1.3089926306121523E-030  -1.1125800900841586E-031  -8.7497206069041489E-031  -6.9107438173815161E-031   7.1957894501246731E-031   1.0690253018928704E-030  -8.3657474568076744E-031   1.3700969726958027E-028  -7.0326117116739926E-032   1.1607450281532099E-030   2.1122969942217016E-028   3.1005529218044583E-031   1.4772029447703417E-028  -3.6733045779011273E-016  -6.2847143450509783E-016  -7.2437511172407705E-016  -2.7758930921050668E-017
   1.3778486268249302E-016  -5.7590173355078662E-017   1.2405093787366048E-016  -1.5565939625964927E-015   6.6844905138184281E-017  -2.7939278668698748E-017   6.0182033156830737E-017   1.0638584740186052E-028  -1.3713532130313525E-030  -5.7752779249558741E-030   2.5222869033577033E-029  -1.1953321206572075E-030   1.6278626842315282E-028  -4.0106872789210609E-015   1.5242748164336213E-030  -5.4527582757251992E-031   3.3361681879394653E-031   2.1187996324671159E-030   5.7101472975498838E-031   2.9488402606326030E-030   3.4033918519971892E-030   6.4865445552932008E-031  -3.5119086526302292E-030   5.6791039124082090E-030   8.2512643388553943E-017  -3.4487949867777643E-017   7.4288064737355934E-017   1.0536936332320212E-027  -8.9315652218103032E-031   3.7809296713900696E-030   1.3121687340453743E-027   1.7237202555095278E-031   5.4506508667020876E-028  -2.2179466815800989E-015  -6.7563786870608775E-028   6.1014204491580880E-031  -1.4944064801951440E-031  -2.6379068429561232E-028   8.8732206906421501E-031  -4.2615645625060585E-028   4.1369589380478469E-031   4.6846538082312692E-032  -4.7616551519941092E-033  -7.0434172152191629E-031  -6.5713644105951819E-028  -2.8428368290877410E-031  -4.4442290149166436E-028  -2.0710269997791823E-031  -5.7469363624607825E-028   6.1983939817857814E-017  -2.5907532727800848E-017   5.5805592267623955E-017   1.1307376199259765E-030   1.0675631900302516E-030   2.9067202859554606E-030   1.4527120833808127E-030  -2.0599345177335292E-031   1.9995430815030078E-030  -2.6487846689591979E-030   2.1600624666940541E-030   1.1754048668845730E-030   2.1237748398297415E-030  -6.1263760572532139E-028   3.2074902507964806E-031  -2.8921379528761061E-031  -9.7406578956625959E-028  -4.7795071520789345E-031  -6.5349375637177741E-028   3.7219065727999633E-016   2.9613231413944088E-016  -2.0659772718788754E-016   9.9204001578985501E-017
  -2.1653026500349850E-018   3.9848191505101977E-018  -4.7074265534146473E-018   1.6843685506183354E-016  -1.0504742496289336E-018   1.9331939149462079E-018  -2.2837594441245209E-018  -5.9357592109147710E-030  -2.5152801252987636E-032   1.4084877357584432E-030  -1.1953321206572075E-030   1.3650260381280810E-030  -6.2945523147991089E-030   4.4079724004124435E-016  -5.6606024328429258E-030  -1.7416876360740869E-030  -1.3651343341436135E-030  -3.7398464551516847E-030  -9.4763039775312406E-032  -3.0377885447227482E-030   2.6693423553222091E-030  -1.4891667475559425E-030  -2.0061702048789299E-030   7.1465448917884700E-031  -1.2966942950790538E-018   2.3863141068807097E-018  -2.8190484855686148E-018  -9.0761742053738644E-029   6.6444964779008648E-031  -1.7208521730365036E-030  -1.0009535451014583E-028  -1.1359429156567336E-030  -4.9542811582469195E-029   2.2511038936436798E-016   4.4180495269932153E-029  -3.4227624399600208E-031   4.4136076548559621E-032   2.2038353920633834E-029   7.6286949763718395E-031   2.8579146290159736E-029  -4.3898459302908174E-032   4.5138594852991914E-031  -4.3091588285152359E-032  -3.7413993204406385E-031   4.2769899041585305E-029  -1.4514390606463550E-031   3.0132374136884305E-029  -1.2733244643322343E-031   3.9450150982922238E-029  -9.7408370219163288E-019   1.7926119430090015E-018  -2.1176843268799004E-018  -4.6471043649726377E-030   1.2639399007172414E-030   7.7103308622573294E-031  -1.2092483176672514E-030  -1.7424109197501751E-031  -5.8808373734202970E-031  -1.4339762102560913E-030   8.8527878912665510E-031   1.4716169699268349E-030  -1.4584504353915249E-030   2.3003569350302147E-029  -5.0534493636323425E-033   1.2759578819113641E-030   2.8800221850064914E-029   2.5229099581491572E-031   2.6348853044041221E-029  -3.4177116861276198E-016  -6.6003533144472590E-016  -8.8186031524123528E-016  -1.0117354517985155E-017
   1.3559095944919540E-016  -8.6650627849359228E-017   9.1372607338062417E-017  -1.0103950700197702E-014   6.5780555610736389E-017  -4.2037658462751583E-017   4.4328478113305205E-017   6.9419377717910630E-028  -9.0161789975297444E-030  -3.6542173260584952E-029   1.6278626842315282E-028  -6.2945523147991089E-030   1.0669119008094965E-027  -2.6025989275139314E-014  -1.2088492986265476E-030  -2.8880011849088207E-030  -1.1191581840301800E-029   7.2279324630816763E-030   3.6713701009917457E-030   1.3052928167707785E-029   3.1349478686817485E-029  -9.1929585405129442E-030  -2.2675885241721961E-029   1.1094756089098695E-029   8.1198821597122608E-017  -5.1890840662233834E-017   5.4718604191978412E-017   6.8578110865976223E-027  -5.8240331664178478E-030   2.3005374751455102E-029   8.5558497299955752E-027  -1.8695599291705877E-031   3.5391752306597251E-027  -1.4413542557038895E-014  -4.4137777032595821E-027   3.9247347121501148E-030  -9.2628354394170390E-031  -1.7169472475097919E-027   6.7293687946001020E-030  -2.7830689738877236E-027   2.9638716553917286E-030   8.1922212615429022E-031   3.7184618137698054E-032  -5.0706659627617694E-030  -4.2925314867568140E-027  -2.0380665735507746E-030  -2.9019988138684834E-027  -1.5058363955666484E-030  -3.7505767412856881E-027   6.0996989848727964E-017  -3.8980677537712675E-017   4.1104908652428755E-017  -5.9674745365468052E-031   7.7950491074437877E-030   1.1741217073887224E-029   7.2918001423326594E-030  -1.5622528645008602E-030   1.1553941535158257E-029  -2.0531599694925387E-029   7.0715897755161767E-030   8.8136536062147397E-030  -6.2749800976099289E-030  -4.0197508131946013E-027   2.2097406944130411E-030  -4.6607889350049742E-031  -6.4031066563598989E-027  -2.8759247062236188E-030  -4.2859518550221333E-027   2.0775930059835373E-015   1.2175227083256122E-015  -2.3556914810201710E-015   6.4463227653332015E-016
   1.4601292652444422E-015  -2.7769353142062542E-015   2.7355432320884939E-015  0.27016409146274944       -3.9485640621105883E-015   5.6997846418904953E-015  -4.5313237350819955E-015  -1.7327569034427234E-014   2.0241523044416997E-016   1.1497750241249147E-015  -4.0106872789210609E-015   4.4079724004124435E-016  -2.6025989275139314E-014  0.69739662037735439       -1.1758216900280017E-015  -3.3071645846717283E-016   1.4233430605096153E-017  -9.6547573864919111E-016  -1.0543989242952462E-016  -9.4595215906407918E-016  -1.9134848184678301E-016  -5.9082682463575063E-017   6.8264962217187947E-017   1.5379162572749051E-017   4.7901254527641422E-015  -2.5592792646335593E-015   1.8444284494582286E-015  -1.7822322553119802E-013   2.8195370973257073E-016  -9.0382675483931409E-016  -2.1951358191595187E-013  -2.4127247767616134E-016  -9.2537111345118340E-014  0.38211058410582588        1.1162544155192059E-013  -1.6623071875262975E-016   3.0676532205720809E-017   4.4467439933768967E-014   9.5373286819632987E-018   7.0540743526967409E-014  -7.9390160697475341E-017   7.8691661463730682E-017  -1.0759921068401228E-017   3.5949644643653638E-017   1.0851343651775559E-013   1.5608154808980686E-017   7.3627207573075214E-014   7.1484726120830635E-018   9.5258810921117237E-014  -1.7551073071570239E-015   1.0230307903485981E-015  -6.7176573318774890E-016  -9.7849113911125968E-016   1.0158474522830701E-016  -6.8646952795529874E-017  -4.2571448730255216E-016  -1.5782799241990613E-018  -3.8955089384747937E-016   1.8154824056419034E-016   6.3504823206638084E-017   1.2236679788135527E-016  -9.0272642107000470E-017   9.7917090923123347E-014  -5.2687880548056780E-017   2.8697518453871222E-016   1.5429422988190316E-013   1.2111787768529302E-016   1.0479760182792028E-013 -0.12207224525325375      -0.17111118018205310      -0.13651361145974822       -1.7100261511080617E-002
   6.1402165842518205E-016   5.6499491829541532E-017  -8.6879010584408311E-017  -4.4499823401714721E-016   2.9788627510396188E-016   2.7410145774857438E-017  -4.2148455991066681E-017   7.2311345288744353E-030   4.3115877184212821E-031  -5.0891573400230645E-030   1.5242748164336213E-030  -5.6606024328429258E-030  -1.2088492986265476E-030  -1.1758216900280017E-015   2.9012535790389522E-029   7.6647631807777712E-030   4.3336140002670920E-030   1.8257991492486420E-029   3.1267721006096050E-031   1.5417883148076465E-029  -1.1933389170277441E-029   4.8316980227046799E-030   9.3707178963911396E-030  -7.4173608673690374E-030   3.6770766503742227E-016   3.3834793824263550E-017  -5.2027607958806467E-017   2.0431450790467289E-028  -2.8636850403208956E-030   6.7253190826718566E-030   1.9789341095824246E-028   4.8400882741019194E-030   1.1816164674331867E-028  -5.7007737787136610E-016  -6.9236105059905764E-029   1.3952670896975561E-030  -1.3914062815985755E-031  -4.7645030990015644E-029  -3.4316648218994095E-030  -4.6695891869727956E-029   1.4871536375127292E-031  -1.9336913251812608E-030   2.0872019876187868E-031   1.7559796389909333E-030  -6.6391987831398314E-029   6.8174753126684516E-031  -5.0078663235513372E-029   5.9106760019982571E-031  -6.6963066498426955E-029   2.7622396816104617E-016   2.5416878408264497E-017  -3.9083417863589954E-017   2.2819688288403075E-029  -5.9730915747519156E-030  -4.8164286354768193E-030   6.0218511144100401E-030   7.8226902003693279E-031   3.3323679584313295E-030   5.8810784219227825E-030  -5.1538574873383529E-030  -6.8709376065183405E-030   3.7097626646115952E-030   1.1582879976448991E-029   2.0742454888855674E-033  -5.4513222853996671E-030   5.1451877980740547E-029  -9.9660308936244453E-031   4.5665233625161481E-030   1.4020039498676579E-015   2.7832823099318540E-015   3.8265637289417460E-015   2.5707396468610943E-017
  -4.3039200361132401E-017   4.2633892706112171E-016  -7.9166004928307130E-017  -1.2477899691122842E-016  -2.0880024186635872E-017   2.0683393357780516E-016  -3.8406570842199883E-017   3.9165909568953634E-031   2.2069712395430677E-031  -1.4949320623985885E-030  -5.4527582757251992E-031  -1.7416876360740869E-030  -2.8880011849088207E-030  -3.3071645846717283E-016   7.6647631807777712E-030   4.7672150770908091E-030   6.2139319074841414E-031   4.9608183710139986E-030   9.0887273767784064E-032   3.9069240393601837E-030   1.3555731553551356E-030   7.7463831361249098E-031   5.5445160079162918E-030  -4.0763488761330295E-030  -2.5774080853228889E-017   2.5531361839305512E-016  -4.7408664536674716E-017   5.1000564287662910E-029  -1.0401762435110806E-030   1.9119516786022680E-030   4.6289820331617520E-029   1.4703850310372784E-030   2.9085662889684430E-029  -1.5763737670515681E-016  -1.3147036567919161E-029   4.8675187835484214E-031   1.6199801580615649E-032  -1.1224822309894637E-029  -1.0840340826989054E-030  -9.3634260136497028E-030   9.4151818479203026E-032  -5.8462927113808135E-031   8.7195410072932597E-032   6.2118909612403295E-031  -1.2356856463637455E-029   2.3443163742678256E-031  -1.0229889880016825E-029   2.0527289937741532E-031  -1.3526464262263211E-029  -1.9361627634956824E-017   1.9179295811221963E-016  -3.5613642816503436E-017   5.9796288672965434E-030  -3.1525680975457716E-030  -2.0760221348160405E-030   1.4514673199865310E-030   2.4671510785866936E-031   5.8531231667795665E-031  -8.4260069735733418E-031  -2.1688916688866269E-030  -3.3531104439231285E-030  -6.2123929988137965E-032   1.2480388584848917E-029   1.8599232574112966E-032  -1.6873692632836575E-030   2.8634677564729771E-029  -3.0158161717261174E-031   1.0639755634593805E-029   4.3795943566787249E-016   8.7382447784438546E-016   1.2074389114788306E-015   7.1166365183529794E-018
  -9.5738548051463505E-018   1.3881060651070124E-017   1.3294517200048296E-015   8.2888507053232382E-018  -4.6446569223806327E-018   6.7342534177773468E-018   6.4496979116094849E-016  -4.2831276891098365E-030   3.2835536566479098E-032  -7.1511312107859119E-031   3.3361681879394653E-031  -1.3651343341436135E-030  -1.1191581840301800E-029   1.4233430605096153E-017   4.3336140002670920E-030   6.2139319074841414E-031   2.3614589715878667E-029   2.9679042020747021E-030   1.2796518876496324E-032   2.1833960810660382E-030  -5.8995392303374557E-030   2.3575176350053672E-029   1.2893322408253869E-030   4.9578235816577017E-029  -5.7333153440272348E-018   8.3126911408011069E-018   7.9614388358344912E-016  -2.5326939676624974E-029   6.2905516350501448E-031   1.1962629954239228E-030  -4.4883985963999972E-029   1.1967469242223873E-030  -4.8405736009280380E-030   2.7394724710171033E-017   2.9945253901328681E-029  -1.7190127950472539E-031   1.4609236330691514E-033   5.6506743462635150E-030  -9.1407198502336629E-031   1.7712825782721546E-029  -4.7035437392395503E-031  -4.6790227885637782E-031  -1.6495881793568174E-031   5.2176964375337255E-031   2.8327236987987710E-029   1.9191987581682856E-031   1.8047922354094761E-029   1.6155255101529000E-031   2.0935896834912174E-029  -4.3068972056399562E-018   6.2445381245272669E-018   5.9806755110248944E-016   3.0869684103883779E-030  -1.6133260849207080E-030   1.4379037233582416E-029   3.9582288623200033E-031   2.1765638642132107E-031  -3.7395230452890561E-031   1.3420097362000852E-030   1.4078811603168022E-029  -1.8662272302183708E-030   3.5973263227334177E-029   4.1967406431676420E-029  -2.2796243754737793E-031  -1.2535559405390997E-030   7.8582717925742326E-029  -2.0128257455550440E-031   4.2827679958271148E-029   3.1355991539076494E-016   6.5566861952198097E-016   9.4743796244894536E-016  -1.1743917974497670E-018
   3.1819428237008828E-016   2.6918107802397629E-017  -4.2864876165506457E-017  -3.6732917850300878E-016   1.5436867451500984E-016   1.3059042390553390E-017  -2.0795452600932672E-017   9.9096169862309057E-030   2.0188234778282245E-031  -3.5891804529591522E-030   2.1187996324671159E-030  -3.7398464551516847E-030   7.2279324630816763E-030  -9.6547573864919111E-016   1.8257991492486420E-029   4.9608183710139986E-030   2.9679042020747021E-030   1.1624868120026640E-029   2.3092028826199131E-031   9.7734123920745320E-030  -7.5799834548809162E-030   3.3050468390972725E-030   5.9174568666963126E-030  -4.2425289865944171E-030   1.9055105791975059E-016   1.6119943704648675E-017  -2.5669686582988413E-017   1.8517516771253429E-028  -1.8883207299534108E-030   4.5619909453461715E-030   1.9396269908415181E-028   3.1577104360590475E-030   1.0369457320310601E-028  -4.8177955619762456E-016  -7.8769068584831481E-029   9.3498182802352543E-031  -1.0108583401023805E-031  -4.4150901828163216E-029  -2.1882259359236797E-030  -5.1655277632116227E-029   1.1435753681267744E-031  -1.2572256066230501E-030   1.3311251660741114E-031   1.1039119202626537E-030  -7.6003540767400156E-029   4.2825038117512579E-031  -5.4771669863109506E-029   3.7318771270467008E-031  -7.2236649998882430E-029   1.4314297568565882E-016   1.2109388081899018E-017  -1.9283206099817925E-017   1.4476100174959362E-029  -3.7881771086336162E-030  -2.9009245504965810E-030   3.8394198125718256E-030   4.9889968329215668E-031   2.1069252717962677E-030   3.7860445466556189E-030  -3.1596420403947358E-030  -4.3682105820378609E-030   2.7090344381875181E-030  -2.3192365390584048E-029   1.2865212316257594E-032  -3.5572336024804935E-030  -1.5355702228677635E-029  -6.7235731524023605E-031  -2.9804904923670735E-029   9.3048199491693425E-016   1.8250500154796357E-015   2.4784327120149730E-015   2.1684936432550420E-017
   8.3797409481823743E-019  -4.0674780551185487E-020  -1.1195159851167833E-018  -4.0786051405303812E-017   4.0653448997156864E-019  -1.9732950301519485E-020  -5.4312163447218007E-019   2.4888638205755277E-030  -2.6405655703641421E-032  -1.9166709588752562E-031   5.7101472975498838E-031  -9.4763039775312406E-032   3.6713701009917457E-030  -1.0543989242952462E-016   3.1267721006096050E-031   9.0887273767784064E-032   1.2796518876496324E-032   2.3092028826199131E-031   1.6696215657177940E-032   2.1044776677642151E-031  -4.1033958602187889E-032   2.6034679140769631E-032   4.3973883292685561E-032  -6.8010828168700383E-032   5.0182187149103644E-019  -2.4358144988992448E-020  -6.7042359697087074E-019   2.6378010567363271E-029  -5.6479498512041180E-032   1.6660671207995773E-031   3.2184575137986623E-029   6.1945186465689656E-032   1.3755652249923740E-029  -5.7346100662538313E-017  -1.6189988959472162E-029   3.1713624663085235E-032  -5.2765778036815582E-033  -6.5637904262953002E-030  -2.1053178433717976E-032  -1.0247823904459165E-029   1.2278478280129094E-032  -2.2304249191534166E-032   2.7745693587658711E-033   4.8432022603827561E-033  -1.5733028051607685E-029   1.6631908301272757E-033  -1.0703958913950901E-029   2.3434480786221837E-033  -1.3859376768900396E-029   3.7697127863659574E-019  -1.8297969027610326E-020  -5.0362579818698051E-019   2.5761732711006606E-031  -4.6747028862021211E-032  -2.5138069704357628E-032   9.0692799019830840E-032   4.7178645969464753E-033   6.9852926198617210E-032   1.2219953967846669E-032  -4.5661783780163075E-032  -5.4898761734906668E-032   1.7847316915218403E-032  -1.3789311547389810E-029   7.4457300467218157E-033  -7.1838727382945038E-032  -2.1539060352253526E-029  -2.2872090677336175E-032  -1.4803092834355685E-029   2.5318310303681389E-017   4.0182151690015693E-017   4.1270898226192761E-017   2.5674799144335732E-018
   3.6049769750477316E-016   2.1986712702604087E-017  -4.0053807563736107E-017  -3.6124498902858940E-016   1.7489174008727449E-016   1.0666626915975860E-017  -1.9431691659681913E-017   1.2701888132852750E-029   1.1159118652568841E-031  -3.1280665720770267E-030   2.9488402606326030E-030  -3.0377885447227482E-030   1.3052928167707785E-029  -9.4595215906407918E-016   1.5417883148076465E-029   3.9069240393601837E-030   2.1833960810660382E-030   9.7734123920745320E-030   2.1044776677642151E-031   8.3853064381574772E-030  -5.9617677167215319E-030   2.4693848387360264E-030   4.5425225693495683E-030  -3.5845606718263202E-030   2.1588451283758972E-016   1.3166771365136746E-017  -2.3986274511712287E-017   1.9441088829710726E-028  -1.5681921018143041E-030   3.8088976963781519E-030   2.1271393511260233E-028   2.5259329741184988E-030   1.0710184664780437E-028  -4.8152696611471796E-016  -9.2539586288485946E-029   7.7661845016290262E-031  -8.4480189988414604E-032  -4.6830546142594900E-029  -1.7060621648953643E-030  -5.9935001945668148E-029   1.1344260924615247E-031  -9.9910287816061289E-031   1.0897478211112360E-031   8.5221683826796730E-031  -8.9509769090239576E-029   3.3000616353812517E-031  -6.3218879742028984E-029   2.8940793125653911E-031  -8.2901003015223077E-029   1.6217360275707991E-016   9.8909491973029650E-018  -1.8018617932121759E-017   1.2085813636922408E-029  -3.0085594368248127E-030  -2.3184796504188786E-030   3.3000830334583857E-030   3.8849384129178018E-031   1.9540605293064865E-030   2.8325605865786812E-030  -2.5548360310491774E-030  -3.4658107470098474E-030   1.9633915575667551E-030  -4.5287733177045761E-029   2.9647671659902248E-032  -2.8539903557817709E-030  -5.4866494122658222E-029  -5.5714613261863935E-031  -5.2346575587894484E-029   7.5861147369858219E-016   1.4689316951534444E-015   1.9681483160409798E-015   2.1646140496541113E-017
  -9.8001935409466215E-017   9.3354283551900289E-016  -1.6914652860120878E-016  -7.9970174196529183E-017  -4.7544628257859112E-017   4.5289867890974952E-016  -8.2059693921888997E-017   1.6096912960345894E-029  -2.3630429119682706E-031   1.4632299853332014E-030   3.4033918519971892E-030   2.6693423553222091E-030   3.1349478686817485E-029  -1.9134848184678301E-016  -1.1933389170277441E-029   1.3555731553551356E-030  -5.8995392303374557E-030  -7.5799834548809162E-030  -4.1033958602187889E-032  -5.9617677167215319E-030   1.8277644263405607E-029  -6.0625876017405256E-030   4.2695877154359640E-031  -3.7618630246118861E-030  -5.8688585889584422E-017   5.5905333558035193E-016  -1.0129361762360971E-016   9.9628898128058324E-029   7.2426940995521582E-031  -3.0049652740750111E-030   1.5269598133010156E-028  -2.5277485667902467E-030   4.3921031984881784E-029  -1.4610902013419858E-016  -9.2974893392402091E-029  -4.1639629958952259E-031   1.9622298794516498E-031  -2.5066610964080263E-029   1.9170058930707307E-030  -5.7333879289697193E-029   1.6841733092138096E-031   1.0521693250315594E-030  -2.8361869541071453E-032  -8.6124538202282678E-031  -9.0496329636915405E-029  -3.5299352941544837E-031  -5.9129026958708596E-029  -2.9228011387698199E-031  -7.4566450753240097E-029  -4.4087180174876326E-017   4.1996386110666345E-016  -7.6092308292057023E-017  -1.0447336528433109E-029   3.3523718845996984E-032   3.6625457466162640E-031  -2.4670934402217986E-030  -4.4125242267260546E-031  -9.5038464430537949E-031  -1.0327950562217012E-029   4.3174357378664926E-031   7.0631811495908991E-031  -7.3437816104112956E-030  -1.1826270997152333E-028   1.5493861828532527E-031   2.7197363339498893E-030  -2.0871069273364796E-028   4.2659172147191996E-031  -1.2272548860879775E-028  -6.3207688281298508E-016  -1.3411740534462930E-015  -1.9636149864073328E-015   6.4300666112730881E-018
