   9.5439793938069047E-008   1.0553663818055370E-013   2.2785488765427169E-013   2.4356348869749625E-016  -1.9533661143769380E-006  -1.0125157376399126E-012  -2.7617909194534998E-012   6.2241345573180542E-016  -1.7023935588991013E-019  -2.6541342978909287E-020  -1.2693893306300844E-019  -9.2055860137318729E-019  -1.2764556702022034E-019  -8.9545102787029170E-019   2.2250405695031987E-016  -7.8304516055941471E-014  -2.9608953581516117E-013  -2.9521429059368681E-013   1.0511475637538167E-014  -8.3189327506281486E-014   9.4549558036071696E-014   7.6059449870940025E-014  -2.5269821871177143E-013   1.9404517364800917E-013   4.0838985517109391E-013  -4.6693981126516655E-005  -2.2993307176253421E-011  -5.5366608402260095E-011   3.4313233301648358E-019   4.8715954212716949E-020   1.8530096319797087E-019   8.3338516209792152E-019  -3.0770919516700682E-020   7.1280638282400868E-019  -7.9256705805255931E-017  -2.1146511104248498E-004  -1.1863096951511969E-010  -2.5256659193118052E-010  -7.4032721329121789E-013  -8.5142133401655426E-014  -9.9889693738520563E-013  -2.5995278604140826E-014   2.0630300184378637E-013   1.0192629958727058E-012   1.2139734070757258E-013  -4.7099794749316245E-013  -7.7729518394660647E-014   1.0955949845899350E-012  -1.1525379107404077E-019  -6.9994340603822226E-020  -3.9759381877310670E-020   5.5095107777737323E-020   5.5687479359344957E-020   1.3836276062722446E-019   3.0791373542734033E-016   2.0483465824975368E-004   1.1381850767162068E-010   2.4454934728017157E-010  -1.0165810377453783E-012   1.8428935126390604E-013  -1.0089462094030635E-012  -1.3590258928371125E-013   3.5118393614491203E-013   1.4998008799884646E-012   4.7236964864756702E-014  -2.8377628201637840E-013  -2.4766445442373543E-013   9.6353855665324502E-013  -3.7740273478984423E-016  -1.6972185295896291E-016
   1.0553663818055370E-013   9.5439916657303509E-008  -1.4006044611783216E-013   4.5384038038620325E-016  -1.0124974138296433E-012  -1.9533672828541513E-006   1.6935342857877674E-012   1.3163309467444094E-015   9.8085553328107870E-019   1.8206607635746523E-020  -5.7339855511574384E-021   9.4167624543778435E-019   4.4449231393454042E-020   1.1131533295588921E-018   3.8699942168988968E-016  -1.6378303764589799E-013   5.9343753781622294E-014   6.5819361835931351E-014   2.6105987694665614E-014  -2.6212612047741353E-014   1.9363197304389661E-013  -2.7405244820788052E-013   2.7248316437747595E-013   3.0834050535143267E-013  -2.5215546747986762E-013  -2.2992834123460694E-011  -4.6694007774905235E-005   3.3992357367293331E-011  -9.1896071547110711E-019  -1.2743512003624819E-019  -1.2133620033202020E-019  -8.1993706682212631E-019   3.4144786833214387E-020  -9.9076105991919320E-019   6.9822628606443639E-015  -1.1862883287691103E-010  -2.1146524904156475E-004   1.5527513041172307E-010  -2.5693159340738229E-013  -1.7819863333836711E-013   3.0411568004692714E-013   4.2255815837963835E-013  -3.0853110936397254E-013  -7.7848216410580275E-014  -5.3047212622661451E-013   5.7671420209949433E-013   8.8989822780410568E-013  -6.5653103593412319E-013  -1.5749877893178186E-019   4.8553717856958943E-020   6.2665030145532852E-020   3.2160500434357602E-020   1.5835314418982768E-020   7.1253104444250375E-020   2.1263930409584570E-014   1.1381643767765251E-010   2.0483479061632239E-004  -1.5033008941408952E-010  -1.6397169997133429E-013  -3.7896479151573758E-013   2.5794584793100541E-013   4.6769086571793018E-013  -4.2117147655038007E-013  -2.4769971944620167E-013  -5.9515734992510769E-013   5.0942553856155427E-013   1.1774371721464245E-012  -5.7196444102027011E-013  -2.0752249713933223E-014  -9.1198518210875092E-015
   2.2785488765427169E-013  -1.4006044611783216E-013   9.5438309297017390E-008   9.7139356639542034E-016  -2.7617441954253203E-012   1.6935195006948547E-012  -1.9533482814728516E-006   2.4729816454541388E-015  -8.0805041757939761E-020  -3.1450895891870926E-019   6.4357848706858852E-020  -5.5109279245521748E-019  -8.9555333595160368E-020  -5.7025126010662522E-019   9.0700172462977992E-016  -5.2684204943749697E-013   3.8997692331546813E-014   1.3544214926870833E-012  -2.3640289653093955E-013   2.7628421171235313E-013   9.4323561097650519E-013   4.0315252306387881E-013   1.6195051403664721E-012  -5.7988332676427320E-013  -2.2166429393467217E-012  -5.5365417162971353E-011   3.3991974973894361E-011  -4.6693621987127711E-005   5.6028342683440124E-019   1.6857091997394373E-019   1.0350403833072858E-019   6.7724920019110316E-019   8.2141566701557402E-020   3.7983296994588451E-019  -1.2456897969206978E-015  -2.5256120635936928E-010   1.5527340107160576E-010  -2.1146346440262788E-004  -1.0379821860869375E-012   2.9640782637287819E-013   2.3253583064177045E-012  -4.6631508399815023E-013   8.7781141684786911E-014   1.8589142248995927E-012   6.1530095221115138E-013   2.3769707719155014E-012  -1.1219207980041842E-012  -3.5048188914571805E-012   8.6600870890238181E-021  -8.9562868070307974E-020   1.7301805675598033E-020   7.5811602812156274E-020   2.7505436893468933E-020   4.6326315603394426E-020  -1.4250546807995215E-015   2.4454412988460630E-010  -1.5032841386885242E-010   2.0483306451523866E-004  -6.2824381548628108E-013   2.5565549231740897E-013   1.1049753541299429E-012  -2.8238477161492236E-013  -4.4343466008861941E-014   1.1252621034097506E-012   3.1038334951529443E-013   1.0342218921010147E-012  -6.7207851215954939E-013  -1.5943784183892737E-012   1.0672608070737161E-015   4.5255406426036213E-016
   2.4356348869749625E-016   4.5384038038620325E-016   9.7139356639542034E-016  0.16114912622229821       -5.1390132479737888E-017  -6.6429289068835329E-016  -1.4585808045438790E-015  0.40999694603040376        1.1060381174898422E-009   1.1026728056309722E-009   7.1689856623254336E-010   2.2386660608329679E-009  -4.5254774088514753E-010  -3.3447131372800499E-009  0.15104540464974034       -2.2678594830755323E-016  -2.7360237285720584E-017  -1.2493809748475532E-016   1.4798371776332967E-016  -1.2337467954963760E-016  -4.7357845686822738E-018  -1.2133725184987588E-016  -4.1562470572866244E-017   2.4928384882644353E-017  -1.6535134642767945E-016  -8.1178917692773641E-016   1.0982651446016439E-015   6.4752695189311289E-016   5.2992348406527007E-009  -5.5518412377446493E-010   2.8850073001967479E-009   4.6856565664161084E-009  -1.7442533263822584E-009  -9.9848973574410630E-009 -0.20797646187588345       -2.1727000075822032E-015   1.9846356731051011E-015  -7.0649753186608133E-016  -6.2538366602427270E-017  -4.5700440017833116E-017   8.4334502628731262E-017  -1.0916327713431233E-016   3.0795738993327221E-017  -5.4587505307842765E-017  -1.8115248118752987E-017  -2.1190930583588443E-017  -2.3149943689858128E-017  -3.7594939962346285E-017   9.2346455540830530E-010  -2.7010532368035474E-010   4.8642592022539365E-010   6.3718466271078341E-010  -2.9137080362571615E-010  -1.5606491782065993E-009 -0.24052043901184678        2.3608850501849111E-015  -2.1003490967667404E-015   4.3006109530474065E-016  -1.9310184801483709E-016   4.2831028013380768E-018  -7.9134211996492878E-018  -7.5624143698849454E-018   1.2378698545865606E-017  -9.5814538489567649E-017  -1.0914366791785965E-018   5.6138450845278962E-017   1.6728151646357587E-017   6.4163455727118880E-017  0.18088343617155972        7.6755080727857208E-002
  -1.9533661143769380E-006  -1.0124974138296433E-012  -2.7617441954253203E-012  -5.1390132479737888E-017   3.9979541230746606E-005  -2.7631555453129091E-012   1.7601957844364910E-011  -7.1181365201185261E-017   3.4843364200233323E-018   5.4324979192228699E-019   2.5980842253810783E-018   1.8841144530121114E-017   2.6125052233172266E-018   1.8327086487118567E-017   3.5811860104950173E-017   1.6026459411369442E-012   6.0600655605329022E-012   6.0421782077561242E-012  -2.1514275238226777E-013   1.7026410271825539E-012  -1.9351245339213280E-012  -1.5567039040508881E-012   5.1720095975927922E-012  -3.9715301156227387E-012  -8.3585617338601045E-012   9.5568563923367257E-004  -9.0821598547251573E-011   2.0274253843717480E-010  -7.0227490840659711E-018  -9.9709209480078933E-019  -3.7924787870171582E-018  -1.7056775899946389E-017   6.2974513864155586E-019  -1.4589264482227299E-017   5.8945101839573110E-016   4.3280560994505010E-003  -1.1453333408462848E-010   9.5552937483657446E-010   1.5152252152547962E-011   1.7426076760008547E-012   2.0444472059988320E-011   5.3204111539074306E-013  -4.2224051789479618E-012  -2.0861218048490124E-011  -2.4846333010930190E-012   9.6399685593616438E-012   1.5908782759427365E-012  -2.2423618581964484E-011   2.3589130039999736E-018   1.4325797061261022E-018   8.1376557613081407E-019  -1.1276070574272633E-018  -1.1397605531518609E-018  -2.8319067204250316E-018   1.7841053205667316E-015  -4.1923506324340973E-003   1.3330864331918677E-010  -9.2356185429269249E-010   2.0806348031239166E-011  -3.7718493283924655E-012   2.0650125621545007E-011   2.7815180802281572E-012  -7.1876870235263526E-012  -3.0696402838187148E-011  -9.6679985755635790E-013   5.8080754571697239E-012   5.0689487689329943E-012  -1.9720780790957322E-011  -1.7101750197333418E-015  -7.5075067416106989E-016
  -1.0125157376399126E-012  -1.9533672828541513E-006   1.6935195006948547E-012  -6.6429289068835329E-016  -2.7631555453129091E-012   3.9979537654339647E-005  -1.0651619611094364E-011  -1.8678045877517985E-015  -2.0074995348217948E-017  -3.7255943815631288E-019   1.1745081735116382E-019  -1.9273044065392815E-017  -9.0980142705270224E-019  -2.2783289443717889E-017  -7.7137009441691142E-016   3.3521504064829806E-012  -1.2145917206568922E-012  -1.3471440477744126E-012  -5.3430781003381929E-013   5.3648872496375141E-013  -3.9630730237084489E-012   5.6090231341203081E-012  -5.5769316121538587E-012  -6.3107908440072272E-012   5.1608941691607808E-012  -9.0822315579245594E-011   9.5568552747610528E-004  -1.2177814279199071E-010   1.8808025703947476E-017   2.6079764732690348E-018   2.4831841875560564E-018   1.6781074333687958E-017  -6.9871531881081032E-019   2.0278787733435842E-017  -9.5307940494749062E-015  -1.1453646473584718E-010   4.3280559477217638E-003  -5.7877315660896364E-010   5.2586187647524210E-012   3.6471839769151223E-012  -6.2243714639826180E-012  -8.6484858053059456E-012   6.3147027956381806E-012   1.5933076345322390E-012   1.0857158614701369E-011  -1.1803635442442814E-011  -1.8213520266959127E-011   1.3437266706192961E-011   3.2232286796585116E-018  -9.9335290726166786E-019  -1.2826911247206160E-018  -6.5811273503889598E-019  -3.2403018909014537E-019  -1.4581562156750863E-018  -2.9568355568660260E-014   1.3331168296651392E-010  -4.1923504587416402E-003   5.5906180956035250E-010   3.3560017205439591E-012   7.7562655394871729E-012  -5.2793993517829425E-012  -9.5722198034098623E-012   8.6201147966815679E-012   5.0696704885093712E-012   1.2181072933649559E-011  -1.0426420661599786E-011  -2.4098582920163803E-011   1.1706418459248420E-011   2.8838960910256587E-014   1.2674529389692481E-014
  -2.7617909194534998E-012   1.6935342857877674E-012  -1.9533482814728516E-006  -1.4585808045438790E-015   1.7601957844364910E-011  -1.0651619611094364E-011   3.9979433173562915E-005  -3.7406605124120710E-015   1.6539583573443906E-018   6.4372210586197705E-018  -1.3171409174806901E-018   1.1279513903080862E-017   1.8328858033467338E-018   1.1670992616110807E-017  -1.2963736958080280E-015   1.0782945157747186E-011  -7.9817746722549501E-013  -2.7721127430395809E-011   4.8384886995810504E-012  -5.6547462080610230E-012  -1.9305326347901363E-011  -8.2513702073253483E-012  -3.3146630596128229E-011   1.1868547498866249E-011   4.5368330396461942E-011   2.0274101711125541E-010  -1.2177754995754851E-010   9.5568443045854050E-004  -1.1466770170868957E-017  -3.4502239995158626E-018  -2.1180958370212607E-018  -1.3860785589836174E-017  -1.6814024172076412E-018  -7.7752049401409270E-018   1.8151935346402774E-015   9.5552267439038614E-010  -5.7877052138475494E-010   4.3280502119995038E-003   2.1244504726070282E-011  -6.0666170157610389E-012  -4.7593434350349530E-011   9.5441257240757303E-012  -1.7966201335366973E-012  -3.8046617796346188E-011  -1.2593435626591813E-011  -4.8649786221964386E-011   2.2962486313253289E-011   7.1733613709500036E-011  -1.7714214441258358E-019   1.8330622636979274E-018  -3.5406435971837318E-019  -1.5515723268954934E-018  -5.6298969014167296E-019  -9.4834308542518293E-019   1.9477819579072363E-015  -9.2355534986694824E-010   5.5905924819655550E-010  -4.1923449556833725E-003   1.2858329589793073E-011  -5.2325258611965037E-012  -2.2615697472917185E-011   5.7795973684389022E-012   9.0759565716100829E-013  -2.3030852802516508E-011  -6.3526481015925865E-012  -2.1167565810256742E-011   1.3755498857808754E-011   3.2632376556826500E-011  -1.4340585779744085E-015  -6.0591858281002337E-016
   6.2241345573180542E-016   1.3163309467444094E-015   2.4729816454541388E-015  0.40999694603040376       -7.1181365201185261E-017  -1.8678045877517985E-015  -3.7406605124120710E-015   1.0432238714311735        2.8174311981792984E-009   2.8058485258225572E-009   1.8258859281174640E-009   5.6994809505877744E-009  -1.1525648877889136E-009  -8.5169375623445988E-009  0.38425927166351559       -5.8186170297056928E-016  -6.6142437827745149E-017  -3.2291864459366241E-016   3.7411927014454169E-016  -3.1450094918927341E-016  -1.0807835232513187E-017  -3.1413438470065710E-016  -1.0791905809072668E-016   4.6983061040770544E-017  -4.0888899197584552E-016  -9.5632249079675274E-016   4.1827720198029129E-015   9.5687006814609118E-016   1.3461669526757300E-008  -1.4194573214141780E-009   7.3279373611503982E-009   1.1893557738027096E-008  -4.4302717471592496E-009  -2.5355240152377490E-008 -0.52423257393461276       -4.7547855645258486E-016   1.0454554036009990E-014  -4.8541322210816698E-015  -1.4925702453855932E-016  -1.2324281554498936E-016   2.2045174611273701E-016  -2.7686903606799705E-016   8.2113321319739259E-017  -1.4759213469966491E-016  -5.2765119567308366E-017  -4.8641369122108148E-017  -4.7407327012146257E-017  -9.8352151831358889E-017   2.3378046638723836E-009  -6.7331135487836347E-010   1.2324024295744847E-009   1.6239090273226964E-009  -7.3838317610809825E-010  -3.9617141257210348E-009 -0.59773457450132472        1.1068713199810006E-015  -1.0661512637214104E-014   4.0593002984044589E-015  -4.9554967565616799E-016   1.0594060516047273E-017  -2.3292039095382087E-017  -1.7715780740513290E-017   2.8072500815857820E-017  -2.3623247400800819E-016  -9.0020995196029927E-019   1.3998917412404109E-016   3.3885418639494817E-017   1.6987169705869721E-016  0.44644447701191120       0.18923860581221594     
  -1.7023935588991013E-019   9.8085553328107870E-019  -8.0805041757939761E-020   1.1060381174898422E-009   3.4843364200233323E-018  -2.0074995348217948E-017   1.6539583573443906E-018   2.8174311981792984E-009   7.7026117913660965E-018   7.5817077184341445E-018   4.9834250789324817E-018   1.5489562531244758E-017  -3.1445410967600995E-018  -2.3192320650486551E-017   1.0356652851771622E-009  -2.8117051762172964E-024   1.0295136000922210E-024  -9.6482148031832254E-025   1.3882578218342417E-024  -1.2214654514814481E-024   1.0303431313840549E-024  -4.3020204817443012E-024   1.5241186281408143E-024   2.9524977499334299E-024  -2.1958411263607837E-024   8.3290853766527351E-017  -4.7987974737728378E-016   3.9537043666505600E-017   3.5701142693089666E-017  -4.0356194150661413E-018   1.9408576409844825E-017   3.1261902303689805E-017  -1.1729643849656553E-017  -6.6963012937614653E-017  -1.2686819584152790E-009   3.7720286119093682E-016  -2.1732529774818966E-015   1.7905314692647593E-016  -5.5123578340818683E-025  -2.4698634549180573E-024   3.7077421229487841E-024   4.0626644058791474E-024  -3.2799380112176502E-024  -4.8488562964676437E-024  -6.5297630244987315E-024   4.7797577946172972E-024   1.0447381428520277E-023  -6.0794605874846367E-024   5.9599044385231424E-018  -1.4040077124522320E-018   3.1712701212600979E-018   4.4632488984834055E-018  -1.9051020934682415E-018  -1.0423170420862571E-017  -1.1910236052094418E-009  -3.6537573884932125E-016   2.1051109825134203E-015  -1.7343896751180720E-016  -8.0309484510908583E-025  -4.4202796519185950E-024   3.3584627889157756E-024   5.2854950914863710E-024  -4.9431370894935220E-024  -6.5872016855033993E-024  -6.4102971198155235E-024   5.1593012527684568E-024   1.2945436505831697E-023  -5.5919262281008335E-024   7.9591847340422220E-010   3.3115664454137309E-010
  -2.6541342978909287E-020   1.8206607635746523E-020  -3.1450895891870926E-019   1.1026728056309722E-009   5.4324979192228699E-019  -3.7255943815631288E-019   6.4372210586197705E-018   2.8058485258225572E-009   7.5817077184341445E-018   7.5467607239904340E-018   4.9131041418303399E-018   1.5333395366142618E-017  -3.1012783012710639E-018  -2.2915174726042235E-017   1.0334123704752375E-009   1.5572180217577706E-025  -2.0838440859659145E-025  -5.2436468148843686E-024   1.7843054512292101E-024  -1.7389606247546935E-024  -3.1252916576208770E-024  -2.2536769016795044E-024  -5.5077883558355485E-024   2.0215394695609798E-024   6.0583812502805242E-024   1.2986009312470293E-017  -8.9056379504989687E-018   1.5387815692496459E-016   3.6178704306181441E-017  -3.8263197223585660E-018   1.9693004579681284E-017   3.1952473401955553E-017  -1.1905675196323124E-017  -6.8131209539722257E-017  -1.4037445511757853E-009   5.8810332138927642E-017  -4.0331386645403923E-017   6.9687476919559661E-016   3.1885018151073785E-024  -1.3273331657637249E-024  -6.7270884121851087E-024   8.8101193345148459E-025  -1.7992972875423871E-025  -6.8322229877496563E-024  -2.3129481093310746E-024  -7.7164864050297918E-024   3.7755522646833129E-024   1.0852262097612728E-023   6.2727665894428741E-018  -1.7933897844481371E-018   3.3080120201352116E-018   4.3709395115351575E-018  -1.9821809341148832E-018  -1.0643707943263690E-017  -1.5897432395427946E-009  -5.6966342275346525E-017   3.9066801099953838E-017  -6.7502438454986588E-016   9.8369641199751521E-025  -9.3792579101410739E-025  -3.3782533193847094E-024   1.0118584734678361E-024   3.9341295734063388E-026  -4.7984929114059875E-024  -1.1495726114228874E-024  -2.8592559562846557E-024   2.5884969462082403E-024   5.3423906345459023E-024   1.1834051657704166E-009   5.0135784548092739E-010
  -1.2693893306300844E-019  -5.7339855511574384E-021   6.4357848706858852E-020   7.1689856623254336E-010   2.5980842253810783E-018   1.1745081735116382E-019  -1.3171409174806901E-018   1.8258859281174640E-009   4.9834250789324817E-018   4.9131041418303399E-018   3.2249121537269274E-018   1.0029590177103719E-017  -2.0350237971078138E-018  -1.5013103122580876E-017   6.7136958114206679E-010  -1.3394018468164611E-024   3.5836890053545633E-025   6.5363063995198888E-025   4.3972343735082460E-025  -2.6151124608652725E-025   5.0029404107693206E-025  -4.5207580241033451E-025   1.1869854225446415E-024  -8.5799227181291600E-025  -2.5420784699838102E-024   6.2105562870178142E-017   2.8077602289982242E-018  -3.1485321012328867E-017   2.3195440509537934E-017  -2.5972399965631939E-018   1.2612305714948057E-017   2.0336819569973112E-017  -7.6226816892903690E-018  -4.3532245296204961E-017  -8.3537757885320035E-010   2.8126023425119027E-016   1.2715620488872225E-017  -1.4258897385718473E-016   2.0256192715511980E-025  -7.2237391629566041E-027   3.3613379203859703E-024  -7.7504712385494584E-025   9.2927362437857248E-027  -4.9998078273053082E-025   8.2404964618148024E-026   2.1969078173424155E-024  -5.9905871758381502E-025  -3.9977884751573891E-024   3.8941326193452028E-018  -9.4703565089289530E-019   2.0692764339909704E-018   2.8855349300260147E-018  -1.2426164338504920E-018  -6.7796771947883079E-018  -8.0980295629938283E-010  -2.7244136614086839E-016  -1.2316925070339517E-017   1.3811812063089716E-016   1.2699883473593162E-027  -3.6439275054681772E-026   1.9784429558836683E-024  -4.3481535958913784E-026  -4.7929666168520980E-025  -1.5092530187000815E-024   2.1178121123753508E-025   1.2419039668794670E-024  -2.7910495656299404E-025  -1.9153872067373369E-024   5.5253955779785459E-010   2.3073845126686231E-010
  -9.2055860137318729E-019   9.4167624543778435E-019  -5.5109279245521748E-019   2.2386660608329679E-009   1.8841144530121114E-017  -1.9273044065392815E-017   1.1279513903080862E-017   5.6994809505877744E-009   1.5489562531244758E-017   1.5333395366142618E-017   1.0029590177103719E-017   3.1238697155793903E-017  -6.3298192151962529E-018  -4.6728479053265323E-017   2.0971579151828447E-009  -1.1454040453475579E-024   2.9617785952238436E-024  -6.2426905536159363E-024   3.4907675846970788E-024  -2.7876208104920548E-024  -4.4689858830259103E-024  -7.6477584724051174E-024  -4.8820521486662621E-024   4.2699003813409685E-024   4.5032150324961214E-024   4.5038558456442169E-016  -4.6070944639844612E-016   2.6963035865541774E-016   7.2867012505095311E-017  -7.9644269448515828E-018   3.9639101277097517E-017   6.4088207804898141E-017  -2.3960314355116185E-017  -1.3695522141916659E-016  -2.7115884250935041E-009   2.0396811364480877E-015  -2.0864354918833925E-015   1.2210868747843166E-015   1.0087691491668867E-023  -3.5359532650246939E-024   5.9258755872882561E-025   5.6274949885234404E-024  -4.9768166449854542E-024  -2.2407388553259037E-023  -1.0451378521191971E-023  -3.5958731770310317E-024   1.6103085215775623E-023   2.5729592725543904E-024   1.2405525620544209E-017  -3.2490292324779292E-018   6.5702305203489394E-018   8.9523465553857926E-018  -3.9417440169557806E-018  -2.1357891039732883E-017  -2.8269306248512949E-009  -1.9757272862411495E-015   2.0210156516776660E-015  -1.1827999113814811E-015   8.9785206750052057E-024  -6.9443831507770813E-024   5.6718393276788453E-024   7.5061303623904238E-024  -7.2387662588111904E-024  -2.4465924222757724E-023  -8.0672567515158998E-024   2.4684259227393567E-024   1.7805147157391874E-023  -4.5990817241307995E-024   2.0143568588106261E-009   8.4740110958486687E-010
  -1.2764556702022034E-019   4.4449231393454042E-020  -8.9555333595160368E-020  -4.5254774088514753E-010   2.6125052233172266E-018  -9.0980142705270224E-019   1.8328858033467338E-018  -1.1525648877889136E-009  -3.1445410967600995E-018  -3.1012783012710639E-018  -2.0350237971078138E-018  -6.3298192151962529E-018   1.2841804338616305E-018   9.4744148000942956E-018  -4.2381905529972452E-010   1.2141904424948877E-024   4.2506634351337737E-025  -4.3801419540336311E-025  -1.6898716216203965E-025   1.9310345106021013E-025  -9.2192182849728809E-025  -2.0616030074475784E-025  -9.1367320695213883E-025   5.4222961439125332E-025   1.7485629825576885E-024   6.2450277430250542E-017  -2.1748333211052153E-017   4.3813921293198837E-017  -1.4650024855409839E-017   1.6369315429264576E-018  -7.9661412906476603E-018  -1.2848127281547863E-017   4.8146664358229611E-018   2.7498143645500516E-017   5.2916916192292115E-010   2.8282134195254013E-016  -9.8492616443113479E-017   1.9842204940601515E-016   1.9097615980393235E-024  -4.0878548499923094E-026  -1.0070691565449603E-024   9.6600889859760798E-025  -6.3058610710502829E-025  -2.8929304139344742E-024  -8.6118427852008029E-025  -1.3313437540670972E-024   1.5075502722042219E-024   1.6534158039584987E-024  -2.4625628527954650E-018   6.0301085843324997E-019  -1.3081757284279171E-018  -1.8204787057827166E-018   7.8550327088402168E-019   4.2830474471634395E-018   5.1649616785036255E-010  -2.7395352767952556E-016   9.5404399311897726E-017  -1.9220055996909726E-016   2.4626844549860693E-024  -6.7150684240844224E-025   4.9029655759456649E-025   6.6873422997469995E-025  -6.2070667953873169E-025  -2.9924462279859564E-024  -6.4956063000429649E-025  -4.7950770793008573E-025   1.5603934424805653E-024  -3.1338807618184839E-025  -3.5393280461659793E-010  -1.4791149996989967E-010
  -8.9545102787029170E-019   1.1131533295588921E-018  -5.7025126010662522E-019  -3.3447131372800499E-009   1.8327086487118567E-017  -2.2783289443717889E-017   1.1670992616110807E-017  -8.5169375623445988E-009  -2.3192320650486551E-017  -2.2915174726042235E-017  -1.5013103122580876E-017  -4.6728479053265323E-017   9.4744148000942956E-018   6.9921165463127059E-017  -3.1328308157234830E-009   7.0134811985881084E-024   3.5670539585710777E-024  -1.6152337025891087E-024  -1.2896457861164999E-024   1.4265813436967422E-024  -4.2511860841969760E-024  -3.4279667473903638E-024  -3.1152871221069857E-024   5.8513075913268197E-024   9.0935477487227067E-024   4.3809737089196388E-016  -5.4462081663566524E-016   2.7898718164423421E-016  -1.0856793956934966E-016   1.2000248717443146E-017  -5.9047539099755416E-017  -9.5349686715702809E-017   3.5689870887159401E-017   2.0391759527971759E-016   3.9801610233464796E-009   1.9840308752331205E-015  -2.4664484888599196E-015   1.2634616521276635E-015   1.0772770476651553E-023  -1.6236356996690401E-024  -3.1289826988437005E-024   1.0164958730986439E-023  -6.9560540388438091E-024  -1.9846978331248409E-023  -1.0168366123263574E-023  -2.9783982294416265E-024   1.7503879679412591E-023   3.9697310823417425E-024  -1.8365193289582358E-017   4.6527093132625220E-018  -9.7414002610288192E-018  -1.3415699405826361E-017   5.8467901717414846E-018   3.1780928656281871E-017   4.0176173900272769E-009  -1.9218219397707982E-015   2.3891134175216598E-015  -1.2238460265346623E-015   1.5679166983561017E-023  -7.7447544449729691E-024   6.2538067973359727E-024   8.4695767108731665E-024  -7.9644683109729121E-024  -2.2212673800137611E-023  -9.3454969469838599E-024   1.4545628633267075E-024   2.0320493604603672E-023  -7.9717525209026273E-024  -2.8099460005997380E-009  -1.1784129961148402E-009
   2.2250405695031987E-016   3.8699942168988968E-016   9.0700172462977992E-016  0.15104540464974034        3.5811860104950173E-017  -7.7137009441691142E-016  -1.2963736958080280E-015  0.38425927166351559        1.0356652851771622E-009   1.0334123704752375E-009   6.7136958114206679E-010   2.0971579151828447E-009  -4.2381905529972452E-010  -3.1328308157234830E-009  0.14158462617520765       -2.1111334388328614E-016  -2.6679602587284156E-017  -1.1559772697068780E-016   1.3941631568496716E-016  -1.1545729328963461E-016  -4.8092050613153360E-018  -1.1211015632630953E-016  -3.8307403125847920E-017   2.8271398512520902E-017  -1.5850521765297034E-016   1.3405500879399511E-015  -4.2078326156387122E-015   2.2923535920806510E-015   4.9731571785879928E-009  -5.1830025136468447E-010   2.7077406730736190E-009   4.4001501074656528E-009  -1.6371219778762936E-009  -9.3733135352002041E-009 -0.19639985342609423        7.4715307935905296E-015  -2.1594356553920717E-014   6.9495380404060994E-015  -6.1557762010303319E-017  -4.0754772829416993E-017   7.7290078723534745E-017  -1.0257705593454528E-016   2.7742061755122953E-017  -4.8565857012836396E-017  -1.4987272107703939E-017  -2.1435770275010902E-017  -2.5127435176392532E-017  -3.4431272588730919E-017   8.6905116020416618E-010  -2.5731611257371244E-010   4.5746975198234779E-010   5.9640533249854091E-010  -2.7397526689114066E-010  -1.4654562953206071E-009 -0.22967765518267419       -6.9952907520208218E-015   2.0774966159077927E-014  -6.9712671085592614E-015  -1.7972394293840486E-016   4.1049375149446369E-018  -6.4746326398388525E-018  -7.5431592819955746E-018   1.2623543435313693E-017  -9.2057255751514652E-017  -1.5830956054738322E-018   5.3465842580519993E-017   1.8268086151104553E-017   5.8163029446067113E-017  0.17364880800029880        7.3745811670232059E-002
  -7.8304516055941471E-014  -1.6378303764589799E-013  -5.2684204943749697E-013  -2.2678594830755323E-016   1.6026459411369442E-012   3.3521504064829806E-012   1.0782945157747186E-011  -5.8186170297056928E-016  -2.8117051762172964E-024   1.5572180217577706E-025  -1.3394018468164611E-024  -1.1454040453475579E-024   1.2141904424948877E-024   7.0134811985881084E-024  -2.1111334388328614E-016   3.2536044357779504E-018  -7.4190778246212150E-020  -7.3474729738672458E-018   1.2515756832395897E-018  -1.4119188631804422E-018  -5.6167473465547313E-018  -1.8176007722995677E-018  -9.2003338672756925E-018   2.5127493291952585E-018   1.2334055550977214E-017   3.8310176395283681E-011   8.0131067293435331E-011   2.5775985499612106E-010  -8.3063169003170452E-024   3.4826039765913469E-025  -4.0193554387958550E-024  -8.3378729361047205E-024   1.6252518147499821E-024   1.0850114490878220E-023   6.7882390149492772E-017   1.7349703628746725E-010   3.6289316596917067E-010   1.1673284179921925E-009   6.7782237976413248E-018  -1.2605817498568619E-018  -1.2538880261459574E-017   1.8703486691633774E-018  -1.2436501498495298E-019  -1.0964301634806130E-017  -2.5858677678001046E-018  -1.3724709539323164E-017   4.7298940050191903E-018   1.9575224370043638E-017  -4.4693943424458558E-025   2.1165122416425912E-025  -6.1808405746569231E-025  -1.5429704462808809E-024   5.1235593350908249E-026   1.2965514272184715E-024  -3.1258402993831680E-016  -1.6805706364064593E-010  -3.5151470940922208E-010  -1.1307270399605364E-009   4.5834940352205311E-018  -9.1213954912891299E-019  -5.7146003465762369E-018   8.6773069628674814E-019   6.7942864348377696E-019  -7.0171418122801080E-018  -7.3079996519779927E-019  -6.3505487178689834E-018   1.8926366978424005E-018   8.9923607544972393E-018   3.7638904204770863E-016   1.6903113898867014E-016
  -2.9608953581516117E-013   5.9343753781622294E-014   3.8997692331546813E-014  -2.7360237285720584E-017   6.0600655605329022E-012  -1.2145917206568922E-012  -7.9817746722549501E-013  -6.6142437827745149E-017   1.0295136000922210E-024  -2.0838440859659145E-025   3.5836890053545633E-025   2.9617785952238436E-024   4.2506634351337737E-025   3.5670539585710777E-024  -2.6679602587284156E-017  -7.4190778246212150E-020   9.7141486199591951E-019   1.5102411813209934E-018  -1.1297806031570260E-019   3.5468196184897491E-019   2.1250141612298997E-019  -2.4163109652514652E-019   1.6151630405130400E-018  -6.4723025180735850E-019  -2.3295421344056223E-018   1.4486203830348526E-010  -2.9034052254461512E-011  -1.9079991890581129E-011  -2.9819698712406691E-024  -2.9419361958688027E-025  -1.4935276654569544E-024  -4.5191955492531605E-024   6.9029777440426695E-025   6.0346116882106739E-025   1.9534990621587578E-016   6.5604315204691158E-010  -1.3148777021512297E-010  -8.6408393933428626E-011   1.7128654985712439E-018   2.7445903645282953E-019   4.2382469300996219E-018   1.5284385878262079E-019  -7.9600231810558461E-019  -2.4509391749749898E-018  -4.5503758450981152E-019   2.7910989219030414E-018   3.3603584247753015E-019  -5.2393277487325689E-018  -2.7491916205038270E-025   7.1007890035853874E-025  -8.1841484324317717E-026  -1.3743808569555205E-025  -6.7378483508571926E-027   1.8953905530588742E-025   5.0433639664746755E-016  -6.3547303068725674E-010   1.2736499602759906E-010   8.3699074228282192E-011   2.7951389270613122E-018  -7.0290549435565356E-019   3.7420362220979669E-018   5.9703902978171910E-019  -1.3695055302478789E-018  -4.3471478034787951E-018  -3.8978252785428824E-019   1.6197470972381970E-018   1.2258444841473260E-018  -3.9964026186007690E-018  -4.7988582587082933E-016  -2.1026442751942571E-016
  -2.9521429059368681E-013   6.5819361835931351E-014   1.3544214926870833E-012  -1.2493809748475532E-016   6.0421782077561242E-012  -1.3471440477744126E-012  -2.7721127430395809E-011  -3.2291864459366241E-016  -9.6482148031832254E-025  -5.2436468148843686E-024   6.5363063995198888E-025  -6.2426905536159363E-024  -4.3801419540336311E-025  -1.6152337025891087E-024  -1.1559772697068780E-016  -7.3474729738672458E-018   1.5102411813209934E-018   2.0179968033443548E-017  -3.3694453432888562E-018   4.1601610621901378E-018   1.3227099857543126E-017   5.2971049309826303E-018   2.3952945952802856E-017  -8.6170472164567038E-018  -3.2894857949407615E-017   1.4443459935510673E-010  -3.2202721132974540E-011  -6.6265700319605284E-010   3.1307113802476374E-024   2.9147384691965594E-024  -8.4867268781703539E-025   4.1529355673307316E-024   2.2816950647850402E-024   7.9425822894267006E-024  -7.1827307630710201E-017   6.5410736410947997E-010  -1.4583784497035072E-010  -3.0010039773434696E-009  -1.2617819665642748E-017   4.3469682258865218E-018   3.6300114601106342E-017  -6.2459235517689916E-018   3.9482796629872560E-019   2.3174458767840703E-017   7.9907458839896369E-018   3.5587665018323301E-017  -1.5067682785161624E-017  -5.3580705836225577E-017   2.1007446158835581E-025  -1.4720574273793634E-024   2.8018422399827784E-025   3.0150072893015770E-025   3.1589259682664529E-025   1.0654790081109614E-024  -4.8853640679109104E-016  -6.3359794047897654E-010   1.4126512757047499E-010   2.9069080236317746E-009  -5.8843477179550793E-018   2.7967512170090673E-018   1.8980171081121538E-017  -3.2645626541042087E-018  -2.0060664414343850E-018   1.1159204591285354E-017   3.8482614601513093E-018   1.5906383146924531E-017  -7.9597467235827007E-018  -2.6001695019897895E-017   5.1391032221177926E-016   2.2772873950591259E-016
   1.0511475637538167E-014   2.6105987694665614E-014  -2.3640289653093955E-013   1.4798371776332967E-016  -2.1514275238226777E-013  -5.3430781003381929E-013   4.8384886995810504E-012   3.7411927014454169E-016   1.3882578218342417E-024   1.7843054512292101E-024   4.3972343735082460E-025   3.4907675846970788E-024  -1.6898716216203965E-025  -1.2896457861164999E-024   1.3941631568496716E-016   1.2515756832395897E-018  -1.1297806031570260E-019  -3.3694453432888562E-018   5.9387392303578501E-019  -7.0069496722344520E-019  -2.2730382567058827E-018  -1.0652020698545049E-018  -3.9648521443566684E-018   1.5420972158532273E-018   5.4666847272474200E-018  -5.1428774361862693E-012  -1.2772273596384296E-011   1.1566117691044908E-010   3.7288710435011904E-024  -8.0096231767800660E-025   2.6520147580769583E-024   3.1146507708297972E-024  -1.9668452157353882E-024  -1.1388376075655322E-023  -3.0092408031235132E-016  -2.3290777439733715E-011  -5.7842373663686417E-011   5.2379987101324965E-010   2.4192855942002843E-018  -7.9232936513602991E-019  -5.7868026730835192E-018   1.2677920812291466E-018  -2.7910545079770927E-019  -4.5136024610097131E-018  -1.6558432917695678E-018  -5.7819399070724625E-018   3.0138756084121329E-018   8.6226082374898756E-018   1.0327508616051188E-024  -3.3215157300652045E-025   5.3244870635251134E-025   3.4991083850951712E-025  -3.9082333988068820E-025  -1.7128195738045950E-024  -5.3927138524360087E-016   2.2560498996148157E-011   5.6028735153282629E-011  -5.0737621779387288E-010   1.3993541283580381E-018  -7.1662440509722036E-019  -2.7776217461052869E-018   8.1243209501819240E-019   3.3317376220218755E-020  -2.6898608889765956E-018  -9.2641693907512551E-019  -2.4537044069763565E-018   1.9595391927069714E-018   3.8989897070795478E-018   4.7466582576821932E-016   2.0597314211384374E-016
  -8.3189327506281486E-014  -2.6212612047741353E-014   2.7628421171235313E-013  -1.2337467954963760E-016   1.7026410271825539E-012   5.3648872496375141E-013  -5.6547462080610230E-012  -3.1450094918927341E-016  -1.2214654514814481E-024  -1.7389606247546935E-024  -2.6151124608652725E-025  -2.7876208104920548E-024   1.9310345106021013E-025   1.4265813436967422E-024  -1.1545729328963461E-016  -1.4119188631804422E-018   3.5468196184897491E-019   4.1601610621901378E-018  -7.0069496722344520E-019   8.7952621900540631E-019   2.5949787952745385E-018   1.1760563613918420E-018   4.8337334494046569E-018  -1.9325277380449762E-018  -6.7036790216245396E-018   4.0700587048607868E-011   1.2824403352698757E-011  -1.3517333239121977E-010  -2.3630838249663563E-024   9.4551315385094167E-025  -1.9677370869373976E-024  -1.9688132130160168E-024   1.5477444191573417E-024   8.1168617720442595E-024   1.3106972886295409E-016   1.8432255916706184E-010   5.8078467629874321E-011  -6.1216542835268861E-010  -2.2889845713584587E-018   9.8122646425547728E-019   7.5188431695466752E-018  -1.4433304080477684E-018   1.5903051072642830E-019   4.5143125144369596E-018   1.8211105975590615E-018   7.1332458371518709E-018  -3.4245020897687475E-018  -1.0920761272469479E-017  -4.7114722312651754E-025  -8.4581094672501053E-026  -2.7521244316837280E-025  -3.4117818389848600E-025   2.3301736298656104E-025   1.1376633774163939E-024   1.0259739185336113E-016  -1.7854315648165116E-010  -5.6257425567521505E-011   5.9297108863522371E-010  -8.8756766042169296E-019   6.8354242550386574E-019   4.0073961856122969E-018  -8.2746546002927797E-019  -3.1880615112437927E-019   2.0182516576733154E-018   1.0208118668066558E-018   3.1014109751286312E-018  -2.0531012568970129E-018  -5.2983459562818182E-018  -5.9459943658057726E-017  -2.4064083431280286E-017
   9.4549558036071696E-014   1.9363197304389661E-013   9.4323561097650519E-013  -4.7357845686822738E-018  -1.9351245339213280E-012  -3.9630730237084489E-012  -1.9305326347901363E-011  -1.0807835232513187E-017   1.0303431313840549E-024  -3.1252916576208770E-024   5.0029404107693206E-025  -4.4689858830259103E-024  -9.2192182849728809E-025  -4.2511860841969760E-024  -4.8092050613153360E-018  -5.6167473465547313E-018   2.1250141612298997E-019   1.3227099857543126E-017  -2.2730382567058827E-018   2.5949787952745385E-018   9.8086992933429148E-018   3.5037728257388363E-018   1.6308382131128196E-017  -4.9132947805986570E-018  -2.2014535784681698E-017  -4.6257819952084328E-011  -9.4734813655925583E-011  -4.6148227865266502E-010   3.6151967687784121E-024   1.3908833698800745E-024   7.3380262126158239E-025   5.3936111526832014E-024   9.8925000543380198E-025   3.3095465964897524E-024   6.3384944758667448E-017  -2.0948989597409292E-010  -4.2902980431821998E-010  -2.0899351390950663E-009  -1.1513261171600374E-017   2.4835731112003466E-018   2.2609426966749229E-017  -3.7771292278286780E-018   4.4596843337085432E-019   1.9223803527831664E-017   5.1251544874975054E-018   2.4195545864416017E-017  -9.3596975963144346E-018  -3.4885473227204190E-017  -5.1174870353868557E-025  -6.8579775156630335E-025   1.8408482148425072E-025   8.8277018881687265E-025   4.0187520052840942E-025   8.8941668513148622E-025   1.7294058104143802E-016   2.0292137252945776E-010   4.1557764438726077E-010   2.0244055889299336E-009  -7.5488040997505530E-018   1.9403967084601410E-018   1.0444514172634736E-017  -1.9766214089951377E-018  -9.4484977350507340E-019   1.2104414602442072E-017   1.9068902549634219E-018   1.0973845244499617E-017  -4.4987895151410557E-018  -1.5963460842001507E-017  -1.6606141398804639E-016  -7.2839084925900997E-017
