  0.11486280286293762       -2.2131684060195344E-008  -2.2042715617285828E-008   6.6685185941411622E-008   1.7445570216517184E-009  -2.7892902080038013E-009  -1.6041161581387438E-009  -5.8486892085305091E-010  -1.1730423985493430E-009  -1.1597100122038647E-009  0.14962366264674015       -8.0640524583909661E-009  -2.3704906992165023E-009  -3.5358687752049434E-008  -1.2354923475355770E-009  -1.3530237612231457E-009  -5.2947189681765929E-010  -4.4806095583544650E-011   9.8891091867102248E-010   1.7022958922562299E-009   1.3016199987178437E-009  -2.4208679858899588E-009  -3.9328252015196121E-010   2.1990532414552855E-009   4.3510667614448346E-010   1.8792095158250492E-009  -3.5840781097675969E-009  -2.4323695617728409E-010   3.7812197952225053E-010  -1.9209136344231935E-010  0.12836904792654341       -1.2224940401862744E-008  -7.4263031737724814E-009   2.5957232356795397E-008  -1.3907979708919246E-010   3.9081111143422718E-011   4.5237925459706312E-011   1.0013563818854901E-010   5.2345546009397857E-011   1.4404006984246537E-010  -5.2729093818019595E-012  -9.2671468438731423E-011  -4.5358436936143144E-011   2.3835264289542875E-011  -5.1511860950516905E-011   2.1930177515463435E-011  -9.7872197712864609E-012  -6.0946252667797941E-011  -7.6500010040665685E-011   1.3795601339263232E-010  -1.8103627954630950E-010  -1.4300984806665374E-011  -1.2844392352991433E-010   7.4384927519793046E-011  -5.6829822030169241E-011   1.2389243046480382E-010  -1.8248306555640728E-010   1.4818896222971910E-011   1.4667359223440978E-010  -8.7482073850245037E-010  -2.1052888917183930E-010   1.1612282816955816E-009   4.9502450148528396E-010  -1.9951271332222410E-010   3.7934595502777239E-010  -1.1684573039281229E-008  -5.5188798408332311E-004   9.2921367661912651E-010   7.6665373787182046E-010   1.6040159474256269E-009   4.7915969432570616E-010   5.3408869730576993E-010  -8.1495450745787524E-010   1.1364967889277450E-010  -7.8906221290446128E-010  -2.6924537637667540E-010  -1.4140818923086346E-010  -3.1826130248519064E-011   3.7629014871549614E-011   1.8381282472986820E-010   3.2355108321449648E-010   1.5404786647501932E-010  -3.8834764790763391E-010  -6.5267861168633509E-011   3.1317864212420011E-010  -6.8063865147912903E-009  -9.5570338294214352E-002   8.3484053650644271E-009   5.2252259398780395E-009  -2.3275001565239369E-002   1.8768422891064530E-009   1.1142924430347844E-009  -3.8842977436758907E-009  -2.5301983090455514E-009   3.3121610207461915E-012  -1.9196178907995599E-011  -9.3300558073886357E-012  -1.1675693419163651E-011   2.5925379410392206E-011   7.2490640943044448E-012   1.7651193158251418E-011  -4.4145370596837909E-011  -4.4855596220632434E-012   3.9858030462843159E-011
  -2.2131684060195344E-008  0.11486272882865518        2.0623934097579634E-008   9.8495001218696019E-008  -3.4957811293328738E-009  -1.3320660893609760E-009  -1.4199524280084710E-009   3.8499643671335020E-009  -1.2081873753265169E-009  -3.5417853357941754E-010  -4.1554329764594023E-009  0.14962364119115001        4.1123976818382199E-009  -8.0144737565744376E-008   1.2154445904402262E-009   1.3407238465377870E-009   3.1037900296042538E-011   6.1447356906078719E-011  -2.8731675663320294E-010  -1.6921400561589183E-009  -6.3866698947028632E-010   1.2315312098574178E-009  -4.8393490761443743E-010  -9.4106392632265897E-010  -5.5527793764521997E-010   5.0032121329569415E-010   4.9489889845730141E-010   1.3658984077527519E-009  -3.5569560717935333E-009  -8.1056160270049565E-010  -9.9222913510061400E-009  0.12836901229286118        8.2286809927332709E-009   4.2892159053901000E-008  -5.0645229510079058E-012  -9.6024595866573142E-012   1.3977156938784413E-011   7.9059337186855468E-011   4.2438950076758709E-011  -7.0119483781057698E-011  -1.2715439098472507E-011   4.4464004807098314E-011   2.9943613730519802E-011  -4.7118815159649602E-011  -6.0556693356148176E-011  -3.3932758613415967E-011   2.7359748963366426E-011   2.3005631388452795E-012   2.4364627989786012E-011   2.3898806477621924E-010   1.4758373729362099E-010  -4.6961607800672985E-011  -1.7464486648542986E-010   6.1225070274521886E-011  -1.4599606450179952E-010  -5.6920254899760729E-011   8.3396191063884680E-011  -7.1289321103094811E-011  -2.7156892048575043E-011  -1.5394004040530098E-010  -8.8290562888048660E-010  -1.9312761789666463E-010   4.5703258209554383E-011   8.9144024850369329E-010   1.0837264033373630E-010  -2.2008569761445635E-008   9.7258763846322548E-010  -5.5188505793174133E-004  -6.1124128112847512E-010   1.0497183518995316E-009   2.4082162190531982E-009   1.9744587925146790E-010  -1.6353580146787892E-009  -8.4814827941487022E-010   5.8563957520565129E-010   1.9065203485417450E-010   6.4859207559323061E-011  -2.7225514936997409E-011   4.2219572354797794E-011   2.7069690262196233E-011  -2.9800803355185984E-010  -3.2285274522433566E-011   2.2108943321689284E-010  -2.1561126638910487E-011  -1.4449796390490582E-010   1.0260470586170048E-009   6.4972923309217400E-009  -9.5570313588938305E-002  -5.8893265613998795E-009   1.4220170901570879E-009  -2.3274996083737513E-002  -1.3057507232960346E-009  -1.9811554497307014E-009  -1.6400145715753261E-009   3.4055988889150710E-011   1.9598400034419275E-011  -9.1653452580297173E-012  -7.2028352420016693E-012   6.2889727192205343E-012  -3.8488508355901108E-011  -3.2634650974964244E-012   2.9787984700192615E-011  -1.5221424876120054E-011  -1.5371226086355660E-011
  -2.2042715617285828E-008   2.0623934097579634E-008  0.11486271561659751       -2.6201834142596909E-007   3.2578308281326634E-010  -1.3356989032541702E-009  -2.2725012358584447E-009   9.7072540621839622E-010   1.2267588956488171E-009  -1.2965186637173528E-009  -1.1062830150901664E-008   8.3053371761972746E-009  0.14962363737413514        1.9658325783380429E-007  -4.6067611206592369E-010  -1.6188841974364951E-010   9.7262689059779989E-010   3.3520057827884569E-010   1.8431841494878288E-010   2.8286961874234285E-010   2.3208689773656472E-010   3.5407343651320223E-010  -1.4948746075734423E-010  -9.8885669208515169E-010   2.1244903362767218E-009   2.5427331183687279E-010   5.2021097190823090E-010   1.7880775722766252E-009   1.5357440363606399E-009  -3.9126181245033677E-009  -1.2820550574233516E-008   1.0828667781940514E-008  0.12836900587689207       -1.1090243234676101E-007  -6.2111915152667614E-011  -1.3408885461538249E-012  -2.0793241643066603E-011  -4.0341199941763696E-012   4.8080005782942250E-011   1.1312636986083724E-010   4.3902846189121357E-012   1.3707551984237498E-011  -4.0919371639477854E-012   1.0576369439982111E-011   4.7323948034169471E-012  -5.4549008990479783E-011  -4.2938569016607305E-012   1.8712398741204976E-011  -6.1964124855245831E-011  -6.7554941327007274E-011  -7.3419247276132562E-011  -1.7451927899936488E-011   1.1594259135439431E-010  -2.6715091459249137E-011  -2.5295458378417883E-011  -2.9106991267817881E-011  -2.3002106779180535E-011   1.1247209088372582E-010   3.0131046438757309E-011  -3.2570103194207869E-010  -1.3714587473285451E-010  -9.3259462315092357E-010  -4.8191454247929646E-010   1.7986726785937456E-011   8.0755127382216198E-010   5.5660218299921899E-008   6.7535027358287504E-010  -5.6466143055704426E-010  -5.5188444650948465E-004   1.4379218417069387E-009   1.8813826336338214E-010   2.5907833060362689E-009   1.7974867778888071E-010  -3.9821677667041515E-010  -1.6176715028820514E-009  -1.0473346920051555E-010  -6.1324733611980619E-011  -7.2317162670336808E-011   8.9872320964795695E-011   9.8318171891736373E-011   5.0646636870833497E-011  -1.1986228039284083E-011   5.5312091490752705E-011   7.7406167190056596E-011   1.2663389038427019E-011   3.6568710916895029E-009   9.4519606193786016E-009  -7.9279044804432774E-009  -9.5570309221286634E-002   2.1559861722051202E-009  -1.8086701558849386E-009  -2.3274995123747391E-002   7.4409300238774661E-009   5.5716176476778186E-009  -1.0057028364176345E-011  -1.4722298626746598E-011  -6.5759101520842771E-012   2.2716880998123650E-011   1.3157884865724498E-011  -9.2216776450017311E-012  -9.7478815944422110E-012   7.0915818625398426E-012   2.7800264443052193E-011  -3.8587116204214989E-013
   6.6685185941411622E-008   9.8495001218696019E-008  -2.6201834142596909E-007   2.6091057469049012E-002   1.6737799031849896E-009  -1.3201903370367558E-009  -6.9333810317474785E-010  -7.7129973497758431E-010   5.7010611627262303E-010  -9.0260429148366687E-010   7.8160120979229014E-008   1.2103526418670285E-007  -3.1873754777633471E-007  0.11605756723212186       -1.5619353155885659E-010  -7.1288986854114999E-010   3.4844316558276071E-010   5.3980038284623724E-011   1.9988223575258158E-010   1.5558729059437771E-010   3.7979968679678520E-010  -5.9086797970076570E-010   2.0333101457876112E-010   1.8069375903303982E-010  -1.2206062102169154E-009   2.6509840176835411E-010   1.2321197576591072E-009   6.5617855245875297E-010  -1.2475915381734136E-009   5.6334135342987066E-010   6.1003661514293216E-008   9.9526606837038662E-008  -2.5898311069092246E-007  0.14676138208105141       -3.4992803247233140E-011  -6.8325464146446620E-012  -3.2423309669173826E-011   4.1645094032118077E-011   1.5068174826263730E-011   1.9177149817363391E-011   3.5095902311320119E-011  -4.4350374819815774E-011  -3.7919350168731606E-011   6.5480238118780743E-011  -1.4742543039917074E-011   9.4818618791062946E-012  -1.6408612806864693E-011  -2.0713105976630983E-011  -1.9421442192589567E-012  -1.1689377208314657E-010   1.2883612083201913E-010  -2.2796245596257130E-010  -2.5809679280711516E-011   5.3786869745822738E-011   1.8265429697479666E-010  -1.5860196812332767E-011   2.1875870108328265E-011  -1.0755854120889145E-010   1.5360870958370886E-010   1.4385754479687798E-009  -1.1404894643590612E-009  -4.3296341936492098E-010  -5.4195381914403240E-010   4.6366708650307439E-010  -8.9879944857782389E-010   7.4094597639149358E-003  -3.0042567129176713E-009  -8.6606241303777198E-010   4.5014659361235412E-009   4.3883574314361628E-009  -3.2306085508971765E-009  -1.6169456623451015E-009  -1.6248406859431906E-009   1.9956451177902325E-009  -2.7635448536772133E-009  -4.9281487228928492E-011  -9.9670352739079608E-011  -1.2944609797576233E-010  -5.7781005501021751E-012   2.9228259002868755E-011   7.1898900325714467E-011   9.6910998100046564E-011  -5.6962961915442354E-011  -3.0349516056953488E-011   1.3894128104069351E-010 -0.13039655101479122       -4.7040849635918759E-008  -7.6760045979898070E-008   1.9979980784030286E-007  -1.0840022849526917E-008  -1.8335358212208127E-008   4.7359125724398707E-008  -4.2259736262357357E-002  -2.3675603617295114E-002  -2.2735876113471342E-011   3.3781562403779658E-012  -3.5616803922529817E-011   5.6680656678911274E-013   1.3708665925470357E-011   2.9934883481078494E-011   7.2662309700769199E-012  -8.3391601849361899E-012  -1.3126713726119246E-011   3.2762882973355797E-011
   1.7445570216517184E-009  -3.4957811293328738E-009   3.2578308281326634E-010   1.6737799031849896E-009   5.4846539139172667E-005   8.0119530293674512E-014  -1.9003765645418183E-012  -2.7423269381248429E-005  -3.1265118571655813E-012  -2.7423269757643521E-005   2.2587265468566780E-009  -4.5593331065196597E-009   4.1275250627797093E-010   7.2947897244493985E-009  -2.2958211263577584E-013  -6.5421200777241780E-012   1.1067973950068820E-011   1.2057062733411375E-013   1.7755658996348722E-013   1.8741902324567651E-013   3.6410951639359952E-012  -2.5513771141712545E-012   1.6570742396781168E-012  -6.3478954856535938E-012   6.3162023202411319E-004  -6.5877966307640622E-012   2.6798753476743198E-011  -3.1581011258572723E-004  -9.7821259877083337E-012  -3.1581011943543976E-004   1.9197160801117537E-009  -3.8938731210996164E-009   3.0593930638629855E-010   9.2460472454644908E-009   1.0642759276336797E-011  -4.5245256564564422E-012  -6.4062692874298624E-012  -9.9120983980990025E-012   9.1013293072615330E-013  -8.7813023214944125E-012   3.2630195313253687E-012   9.4086267179456246E-013   1.6924949240311385E-012   5.7049893749942218E-012   4.5345796181608061E-012  -7.2901002273762473E-013   1.9489845414417299E-012   5.0624901338269051E-014   3.8905699439762131E-012   3.5775050799296144E-011   3.0965168805968432E-011  -8.8801410217855947E-011  -2.3993719965892905E-011   1.4724928922819100E-013  -2.4003620054282539E-011  -1.6806198959787217E-011   2.2592437203911357E-011  -8.4172917072350489E-012   4.9349266271177695E-011   2.2011664062835741E-003  -4.4711526593460997E-011   8.1275183150431720E-011  -1.1005832017643266E-003  -6.9458781489225865E-011  -1.1005832045127165E-003   5.2541921667597623E-010   1.0446023636893064E-010  -2.9651135254898909E-011   1.5102356651577187E-010   8.5338435505900624E-003  -1.9908514054575143E-010   3.2040961785947034E-010  -4.2669217729731299E-003  -2.6006836359675671E-010  -4.2669217776181642E-003   1.9016081028701473E-011   3.6933551886307480E-011  -8.8458447553333810E-011  -1.2725464460947672E-011   9.4682436909912757E-014  -1.2787317471772658E-011  -2.0171568455449814E-011   2.2318974722852596E-011  -9.8705408265492577E-012   4.9297450244548473E-011  -8.1101049148499333E-009  -1.0203843222114332E-009   2.7988273592020695E-009   2.0280259805609068E-010  -3.5895192646649949E-010   7.1437255335823228E-010  -7.7515607090376834E-011  -2.5818148681517197E-009  -1.4955615878213858E-009   4.5077296563080434E-012   8.2482832337968581E-012  -2.0169128826800007E-011  -3.0216971185620907E-012   3.5970450296165153E-014  -3.0260459641641421E-012  -4.4557988069410395E-012   5.2504013466050006E-012  -2.2702104760804317E-012   1.1119752332789493E-011
  -2.7892902080038013E-009  -1.3320660893609760E-009  -1.3356989032541702E-009  -1.3201903370367558E-009   8.0119530293674512E-014   5.4846533174722183E-005   1.9442779363056339E-012  -2.5804905384588529E-012   2.1526890537151614E-013   2.5003093644271248E-012  -3.6421173837535510E-009  -1.7541833886031354E-009  -1.7396820094716624E-009  -5.7887915081404063E-009   2.6565098194868386E-012   3.0625483346872766E-013  -3.1183936418428243E-014  -6.3232976977450808E-012   8.7973990583069523E-012   2.7591923495354224E-012   7.2571935377041105E-014   1.1991039707575035E-013  -4.0358802041327494E-013  -6.6142714962034680E-014   2.2158466377575694E-011   6.3162019729832324E-004  -1.0071034214583538E-011  -2.6886801814637357E-011   3.1140481352811041E-011   4.7285423978956353E-012  -3.1314518470850099E-009  -1.5146164367125524E-009  -1.4912408602248540E-009  -7.2662264913812154E-009   3.1411860890326546E-012   1.2528092764431941E-011  -1.4514957465060816E-012  -5.5599829995893206E-012  -3.5074913159589389E-012   4.2477835263522296E-014  -7.5489301845726603E-012   2.1351347954451081E-012  -6.6800976580776259E-012  -1.3995526662883518E-013   2.7431790673542201E-012  -2.4852949780278438E-014   7.4162655804739892E-013   2.6391768464232244E-012  -4.4615014031341782E-013  -1.7545306467183559E-011   3.8141101190523799E-011   1.1739519414269723E-012   3.3767316195809017E-011  -7.4255670705756746E-011  -1.0227864062491474E-011  -2.1776365688660369E-011   9.6727484549817307E-013  -8.9249650776607792E-012  -1.5959845701113234E-012   5.5122271260176684E-011   2.2011662689143691E-003  -2.5995502743865086E-012  -1.0662144713539324E-010   6.6755349963832059E-011   5.1500080461623150E-011  -3.5442941085320681E-010   1.1742737194015290E-010   1.1427251618607309E-010   5.4605826799996122E-012   1.9775425757217666E-010   8.5338431021200860E-003  -2.2467553439776390E-012  -3.9358676372447912E-010   2.4315584598514147E-010   1.9583250539393446E-010  -2.2606717948034939E-011   1.9880317659725002E-011   4.5298075366966611E-013   4.1385254327453074E-011  -7.3845112689186237E-011  -1.1055174181523820E-011  -1.1234462166824826E-011   3.7268824729209976E-013  -4.8076726725844821E-012  -6.1542468990029779E-013   6.4346618502553713E-009   2.5757236147298254E-009   1.5204249753534480E-009   1.1087545550085839E-009   5.5155218839615620E-010   2.6462835417977759E-010   2.7062794319069469E-010   2.0773486271515746E-009   1.1733107164218783E-009  -5.0416916019111816E-012   4.7497150636281860E-012   2.3519824081306524E-013   9.2171792549079341E-012  -1.6942756637986425E-011  -2.4530230250378255E-012  -2.7289181188571982E-012   1.8434017408989122E-013  -1.0884923357591938E-012  -3.1270372989193191E-013
  -1.6041161581387438E-009  -1.4199524280084710E-009  -2.2725012358584447E-009  -6.9333810317474785E-010  -1.9003765645418183E-012   1.9442779363056339E-012   5.4846534324869069E-005   3.1976805558534237E-012  -3.4473464519416060E-012  -1.2973295880082924E-012  -2.0714384222347058E-009  -1.8524269018447303E-009  -2.9829319415621233E-009  -3.0218637835179355E-009  -7.6158224462322997E-012  -4.4265068779080218E-014  -2.6035883667936262E-013  -3.4449337124693875E-012  -5.6759766681694437E-012   1.3662630366330139E-011   3.2770382684464063E-013   3.6194878311935881E-013  -3.9539076203375936E-013  -7.5736614399779893E-014  -4.0847670508303493E-011   1.3183521984272809E-011   6.3162020590736868E-004   6.7201451303155202E-012  -1.9212285549461732E-011   3.4128082753446606E-011  -1.7723527649047142E-009  -1.5855154859348497E-009  -2.5587890844593787E-009  -3.8564326949338080E-009   3.2222121633058334E-012  -2.0458744607525832E-012   1.6074589620796748E-011   2.4354746482132141E-012  -1.1540862871827446E-012  -8.0951329039415283E-012  -4.4946185067525518E-013  -3.8435389850474162E-012   3.3478554604980945E-012  -1.3209817714258822E-011  -1.5477701385518890E-012   9.4887651390216615E-013   2.8389619700922218E-013  -8.8665481177211912E-014   4.4470543115900878E-012   5.8038745922552469E-011   1.1517059973683304E-012   3.9173817592738096E-011   2.5187028668905673E-011   2.6171270392155534E-011  -1.0305415928776218E-010  -1.5686093127063886E-012  -1.0239497737944087E-011   9.5283984971216086E-013  -2.1566375798444669E-011  -1.5931305250618079E-010   7.9904034789282330E-011   2.2011662821838653E-003   6.5063035855462764E-011  -9.3533710072036182E-011   9.4251555882521086E-011  -2.5932455886425247E-010  -2.9897541746643766E-010   7.5088071987783913E-012   1.2520274453428247E-010  -6.1837520436051011E-010   3.1520522290948155E-010   8.5338431985304327E-003   2.1790872248513075E-010  -3.6944617744418788E-010   4.0046647464328599E-010   5.8730430484578161E-011   4.3104506454268344E-013   1.9953971177030278E-011   2.4992843443989681E-011   3.1337849190258873E-011  -1.0378797117483642E-010  -7.7750040518058058E-013  -5.1330334717752081E-012   6.1208455662952420E-013  -1.1046877848771161E-011   3.3687578568511317E-009   5.2419334435010956E-010   1.1817285228985489E-009   2.3078148803940799E-009   3.6458666083623130E-010   2.8751879332626922E-010   4.5319869690396605E-010   1.0588561150173730E-009   6.2612533444277804E-010   1.3569557572321061E-011   1.9883959641292692E-013   4.8246458225136640E-012   5.5316196084985097E-012   7.0581804295249913E-012  -2.3737111026752785E-011  -3.4414156745000331E-013  -1.2844039773213989E-012   2.6287203287784336E-013  -2.6387440675498727E-012
  -5.8486892085305091E-010   3.8499643671335020E-009   9.7072540621839622E-010  -7.7129973497758431E-010  -2.7423269381248429E-005  -2.5804905384588529E-012   3.1976805558534237E-012   5.4846532491605066E-005  -1.1752080101854140E-013  -2.7423263110052457E-005  -7.5209118760357790E-010   5.0192248504941600E-009   1.2559144609459173E-009  -3.3839843880356066E-009  -3.5169878556525228E-013   3.1171084847748779E-012  -2.7852589099371897E-012  -1.2105925490588979E-012   1.4628091333359195E-013   1.6824782461839575E-012  -4.5289476271173072E-012   1.0966429709310827E-011   2.9590974990687133E-012  -6.0978790840844082E-012  -3.1581011076123414E-004   1.2125482466084802E-012   1.1366693641084030E-011   6.3162021977471975E-004  -2.2364545181637819E-011  -3.1581010901437698E-004  -6.4232322753074575E-010   4.2908093425667025E-009   1.0598515741573469E-009  -4.2699322831943265E-009  -6.0433657841706068E-012   4.0305421488465806E-012   1.7228512416885839E-012   1.1619065813229938E-011  -6.0540213530456738E-013  -1.0054745422261347E-012  -4.2850570794082259E-012  -3.9548242505729675E-012   3.4147153447336763E-013   1.2248976888956147E-012  -3.9497842073651537E-012   3.0987532320311945E-012  -4.6838373709461854E-012  -2.6475059239285103E-012   3.2373515895641063E-012  -1.7287199136044209E-011  -1.9931191449142172E-011   2.1743254315427085E-011   3.4712430390185130E-011   3.1290778152455407E-014  -1.1519153987877115E-011   2.9736276527133228E-011  -8.9570258032817849E-011  -1.9964210086990154E-011   5.0555266474746230E-011  -1.1005831974515337E-003  -5.5079545331590955E-012   7.8797921860785779E-011   2.2011662570695172E-003  -5.8368127194231003E-011  -1.1005830596250350E-003  -2.3381793573686777E-010  -5.7700165210953490E-011   9.0359710985295824E-011   1.6464449583621997E-010  -4.2669217514204171E-003  -2.3903360227262471E-012   2.7606291625488488E-010   8.5338430333798433E-003  -2.0256956330037060E-010  -4.2669212819594670E-003  -9.3492518000053668E-012  -2.5985851961144207E-011   2.0980401890350855E-011   1.8425549895179580E-011  -1.6895232747958820E-013  -5.8821823042696143E-012   3.8708264236753109E-011  -9.0051556725897731E-011  -2.5946730855206940E-011   5.1482601881777604E-011   3.7778769888544415E-009   2.6464193314339825E-010  -2.9554273503263831E-009  -3.4049138169090340E-010   1.2226358902248719E-010  -7.9611763765711966E-010  -2.1628096732321971E-010   1.2132076693668540E-009   6.9098449944634570E-010  -2.1672147850710790E-012  -5.7662531554351827E-012   4.7158445508693285E-012   4.5021654348754777E-012  -3.8701681386860167E-014  -1.5945497192520513E-012   8.5939290340887408E-012  -2.0758852011895530E-011  -5.7637144096171217E-012   1.1957753617460803E-011
  -1.1730423985493430E-009  -1.2081873753265169E-009   1.2267588956488171E-009   5.7010611627262303E-010  -3.1265118571655813E-012   2.1526890537151614E-013  -3.4473464519416060E-012  -1.1752080101854140E-013   5.4846530684577340E-005   3.2440811413894823E-012  -1.5291251450884962E-009  -1.5570453530329033E-009   1.5980499097514133E-009   2.4605901875485265E-009   7.7357971510684433E-014  -3.2864003727638174E-012  -4.6161361313604873E-013   1.0879696364697034E-013  -1.5840608510241402E-012  -2.1259496003092943E-013  -7.2676175540623025E-012  -4.4381056593624380E-012   1.3036906786839824E-011   3.6519906306731605E-012  -7.9011592093568314E-012  -1.8412508931733880E-012  -5.5681516617858414E-012   6.4795247383524271E-012   6.3162021913483631E-004   1.4231584595910928E-012  -1.3070040673691774E-009  -1.2928265578140176E-009   1.3463704730820365E-009   3.1595428432191196E-009  -1.0431186238826779E-013   9.0408539973147448E-013   2.5536846651166166E-012  -7.0586092804463738E-013   7.0582350044374863E-012   8.9020782881854698E-013   1.8018950275761082E-012  -2.1406172586615862E-012  -3.6304683550041295E-012  -9.5816140178681375E-013  -9.9801018763622672E-013   8.2906889527997171E-014   2.4600976897693489E-012  -5.3434839781647034E-012  -1.9066027757062426E-012  -1.5667435716884110E-012   2.6543610297555897E-011  -5.9969642448688928E-012   9.5848195928743315E-013   3.1073483007684349E-011   1.1435178440395325E-012   5.7453218528389400E-011   3.0711097969219211E-011  -1.0362526212433401E-010  -1.8420913962422164E-011  -6.1788326471082697E-011  -5.5420857114933707E-011  -4.2984073646322194E-011   4.4305748500960646E-011   2.2011662103474348E-003   1.7486241928403138E-011   2.1471639993874495E-010   6.2420529391061963E-012  -2.7901611783503525E-010   8.2435162531671696E-011  -2.3070542392583004E-010  -2.2629346373062521E-010  -1.7563868330886203E-010   1.9983475728886473E-010   8.5338428964591567E-003   3.0870907941193630E-011  -6.7264540992296620E-013   2.7282859158287402E-011  -9.2667542621862812E-012   2.6090318428126641E-013   1.6286695704723655E-011   6.4154647172646313E-013   5.7845060998827618E-011   4.0255474313500783E-011  -1.0489018034832574E-010  -2.3097652642668643E-011  -2.7602190794557539E-009   9.7304898321437017E-010   1.9325076191217688E-010  -7.9704689702658607E-010   2.3704334778232756E-010   2.7493866791924335E-010  -2.5888835294765146E-010  -8.6881002272731592E-010  -5.1329382448272299E-010  -3.1003332718298784E-013   6.4803793363518995E-012  -2.0826893668809742E-012   1.3286550918577847E-013   4.0925205048898829E-012   2.8308828226621342E-013   1.3200608012150143E-011   8.9998652753632617E-012  -2.4190822078152223E-011  -5.1557621103827826E-012
  -1.1597100122038647E-009  -3.5417853357941754E-010  -1.2965186637173528E-009  -9.0260429148366687E-010  -2.7423269757643521E-005   2.5003093644271248E-012  -1.2973295880082924E-012  -2.7423263110052457E-005   3.2440811413894823E-012   5.4846532867111082E-005  -1.5066639054782082E-009  -4.5988563848910505E-010  -1.6686802476003511E-009  -3.9113582580145888E-009   5.8128089926261982E-013   3.4250115966363160E-012  -8.2827150416931030E-012   1.0900219214475617E-012  -3.2383750446891009E-013  -1.8698972705767231E-012   8.8785246105980919E-013  -8.4150525917568112E-012  -4.6161717395875323E-012   1.2445774568380488E-011  -3.1581012125964607E-004   5.3745384059702473E-012  -3.8165741941091686E-011  -3.1581010718548968E-004   3.2147229544662480E-011   6.3162022844308091E-004  -1.2774174146862213E-009  -3.9693139919755144E-010  -1.3658027647226066E-009  -4.9768123923965991E-009  -4.5993934919308889E-012   4.9398350761655163E-013   4.6834180458374494E-012  -1.7069674153159305E-012  -3.0473079549154119E-013   9.7867768634955743E-012   1.0220375479177699E-012   3.0139615789673104E-012  -2.0339664582919937E-012  -6.9298870641268094E-012  -5.8479541071699429E-013  -2.3697432093104410E-012   2.7348528295547018E-012   2.5968810226592545E-012  -7.1279215334389478E-012  -1.8487851662525096E-011  -1.1033977357317002E-011   6.7058155902805238E-011  -1.0718710424087910E-011  -1.7854006754868071E-013   3.5522774040980146E-011  -1.2930077567070132E-011   6.6977820828139398E-011   2.8381501794345824E-011  -9.9904532745632693E-011  -1.1005832088207739E-003   5.0217006896934872E-011  -1.6007413243585093E-010  -1.1005830552929835E-003   1.2782885457309775E-010   2.2011662641142778E-003  -2.9166098963455137E-010  -4.6761193036095621E-011  -6.0715786274047530E-011  -3.1567648602587280E-010  -4.2669217991259650E-003   2.0146588406285725E-010  -5.9647651740334378E-010  -4.2669212603593850E-003   4.6264547104107482E-010   8.5338430594866250E-003  -9.6668292283231996E-012  -1.0947699924580801E-011   6.7478045662820793E-011  -5.7000854342013548E-012   7.4269890501291737E-014   1.8669499775511406E-011  -1.8536695781492820E-011   6.7732582002683838E-011   3.5817271681428003E-011  -1.0078005212593591E-010   4.3326733340352032E-009   7.5575374870770127E-010   1.5655582851300555E-010   1.3764980789166822E-010   2.3669277817301043E-010   8.1744135548553621E-011   2.9379864145971405E-010   1.3686955821550173E-009   8.0468980101632722E-010  -2.3405148711104280E-012  -2.4820300783507993E-012   1.5453284275918664E-011  -1.4804683163083851E-012   2.7312310488512337E-015   4.6205956832414297E-012  -4.1381302271209763E-012   1.5508450665170921E-011   8.0339248856508165E-012  -2.3077505950152191E-011
  0.14962366264674015       -4.1554329764594023E-009  -1.1062830150901664E-008   7.8160120979229014E-008   2.2587265468566780E-009  -3.6421173837535510E-009  -2.0714384222347058E-009  -7.5209118760357790E-010  -1.5291251450884962E-009  -1.5066639054782082E-009  0.19490464562489276        2.1636056931637140E-008   1.9903957498255663E-008  -8.4779134165885980E-008  -1.6094056042752586E-009  -1.7625077659432438E-009  -6.8969253264447194E-010  -5.8363957925610836E-011   1.2881640946847296E-009   2.2174814862149827E-009   1.6955419148463109E-009  -3.1534858748966768E-009  -5.1230016465940051E-010   2.8645357053357695E-009   4.0410316509969338E-010   2.3449485431490931E-009  -4.4515570082443546E-009  -2.0222242653903689E-010   4.8005518864826577E-010  -2.0216948473093466E-010  0.16722633390584765        1.1645831231948580E-008   1.0048968318899184E-008  -1.5165055995778883E-008  -1.8118260188009586E-010   5.0925098239131343E-011   5.8937334237121537E-011   1.3044931171124354E-010   6.8198105350382520E-011   1.8764426554549548E-010  -6.8839799072634187E-012  -1.2071806914908810E-010  -5.9087327506580957E-011   3.1040543920489475E-011  -6.7104776459871188E-011   2.8562216509680520E-011  -1.2751946379843203E-011  -7.9394094424892626E-011  -9.9657209030895047E-011   1.8004872457041812E-010  -2.3577378990076829E-010  -1.8710614559166993E-011  -1.6744677894137170E-010   9.6870524515581937E-011  -7.4356853550500176E-011   1.6134017480263399E-010  -2.3761750293181516E-010   1.9315516991202108E-011   1.9105494384034294E-010  -1.7011318798291878E-009  -6.2994180339173535E-010   2.2589825689987935E-009   1.0414442306137569E-009  -3.0338226212834593E-010   6.5910105251004561E-010  -1.7547971545131691E-008  -5.6958903300622819E-004   1.0081931635761260E-009   8.5058903913679673E-010  -9.3346060715982742E-011  -7.5391309497487157E-010   3.5925602265086148E-009   4.7925132405394638E-010  -2.0778392984043429E-011  -3.8590627092229474E-010  -3.5011674780560830E-010  -1.8454664999437824E-010  -4.1805387004598363E-011   4.8645574986361349E-011   2.3959688141419532E-010   4.2101953002895570E-010   2.0086178381490625E-010  -5.0578895228395728E-010  -8.4936603718374118E-011   4.0815219905412715E-010   3.5602719561317681E-008 -0.12365664192077440       -1.0122291242098186E-008  -8.2274429462534421E-009  -3.0318794288536101E-002  -2.5548189645202339E-009  -2.1247553143849870E-009   9.6613193559628850E-009   4.6023470059594626E-009   4.2306262000239534E-012  -2.5068464210641109E-011  -1.2188590599700101E-011  -1.5184832348745512E-011   3.3820586156193428E-011   9.5308995155756145E-012   2.3041606269641465E-011  -5.7543739525208458E-011  -5.8453263093794797E-012   5.1975151096243437E-011
  -8.0640524583909661E-009  0.14962364119115001        8.3053371761972746E-009   1.2103526418670285E-007  -4.5593331065196597E-009  -1.7541833886031354E-009  -1.8524269018447303E-009   5.0192248504941600E-009  -1.5570453530329033E-009  -4.5988563848910505E-010   2.1636056931637140E-008  0.19490471535075082       -1.8819525052621885E-008  -1.3671892498921914E-007   1.5832929476462505E-009   1.7464384529686368E-009   4.0438318965232407E-011   8.0010186687655361E-011  -3.7423656676702456E-010  -2.2042240527525607E-009  -8.3194114598779681E-010   1.6042027584591819E-009  -6.3036709899188177E-010  -1.2258436935073656E-009  -7.8694490643205086E-010   4.2926376622999714E-010   6.1294550467151859E-010   1.8243395066426063E-009  -4.4321311256576396E-009  -1.0373180465349645E-009   1.0277512119626224E-008  0.16722637127630641       -1.0020301442380964E-008   1.4988213153036368E-008  -6.6072241787631635E-012  -1.2520681817922587E-011   1.8202957801344153E-011   1.0300404519982194E-010   5.5286396410650711E-011  -9.1341155659793564E-011  -1.6557837059994467E-011   5.7928836595452369E-011   3.9014248963769599E-011  -6.1380753545026308E-011  -7.8894651791884585E-011  -4.4206170682954959E-011   3.5641136371093730E-011   2.9980330483415756E-012   3.1738017551091917E-011   3.1133347521854962E-010   1.9235993627278740E-010  -6.1187819358785169E-011  -2.2755341549899972E-010   7.9751212807033114E-011  -1.9015052292232015E-010  -7.4123125332061588E-011   1.0857112874079804E-010  -9.3007374809537852E-011  -3.5317632541156178E-011  -4.2321438099491444E-010  -1.9203717139360091E-009  -3.6208826751997313E-010   2.1937906230040864E-010   1.8532021689218585E-009   2.0401211374925301E-010  -3.0615516815262454E-008   1.0906205323061421E-009  -5.6958580882244723E-004  -6.4840180565222822E-010   5.0232530414826219E-010   1.4510854122607713E-010  -1.7147416837681577E-010  -1.5084849301909914E-009   1.5788374542776627E-009   1.0061595084759518E-009   2.4845731129109369E-010   8.5134244899236563E-011  -3.5497795433294563E-011   5.4736179885680901E-011   3.4936050390962702E-011  -3.8807913797870090E-010  -4.2376868274100734E-011   2.8824463862550109E-010  -2.8302082450019552E-011  -1.8838680383232728E-010   3.8424609741278554E-008  -9.2413889889795816E-009 -0.12365667338663877        8.0943103860052233E-009  -2.3552695798257400E-009  -3.0318802341525185E-002   2.0596855965566045E-009   9.6867484270615101E-009   4.4559381046356885E-009   4.4331696234433532E-011   2.5619006160441463E-011  -1.1931275588439354E-011  -9.3448435588533347E-012   8.1067654187354425E-012  -5.0132941132028906E-011  -4.3233244598424080E-012   3.8908900029896533E-011  -1.9820480033024932E-011  -2.0107957873368251E-011
  -2.3704906992165023E-009   4.1123976818382199E-009  0.14962363737413514       -3.1873754777633471E-007   4.1275250627797093E-010  -1.7396820094716624E-009  -2.9829319415621233E-009   1.2559144609459173E-009   1.5980499097514133E-009  -1.6686802476003511E-009   1.9903957498255663E-008  -1.8819525052621885E-008  0.19490472782518853        3.5647643346979592E-007  -6.0011488177593230E-010  -2.1087809387792044E-010   1.2669444099129597E-009   4.3664013509745391E-010   2.4007339901387061E-010   3.6850932390843188E-010   3.0233403943099914E-010   4.6122143780932251E-010  -1.9474380304578773E-010  -1.2880892129883350E-009   2.6290390335318853E-009   3.3401066305039427E-010   4.1233904140216545E-010   2.2256417611970649E-009   1.9986388582995540E-009  -4.8547463024296649E-009   1.2735755966815035E-008  -1.1319022142094952E-008  0.16722637788631570       -1.7460324762292393E-008  -8.0910116952955374E-011  -1.7490787678886446E-012  -2.7101495925019541E-011  -5.2550325138110687E-012   6.2637173041394528E-011   1.4736410720670788E-010   5.7147637983080973E-012   1.7859302747393593E-011  -5.3214960603685055E-012   1.3790131750424258E-011   6.1682965726281464E-012  -7.1063206208834167E-011  -5.5998031333343817E-012   2.4376357242065680E-011  -8.0713939987306550E-011  -8.7950912195248048E-011  -9.5646543457496499E-011  -2.2606352521088958E-011   1.5109210646991852E-010  -3.4800210187641602E-011  -3.3077075392075269E-011  -3.7957395623206713E-011  -2.9927588576750122E-011   1.4657397004986118E-010   3.9128216714771216E-011  -9.0170824266136521E-010  -1.6886893572835196E-010  -2.1339410198370435E-009  -9.8287605423428814E-010   1.9076526878031410E-011   1.8845004798193441E-009   7.8543127303411200E-008   6.7322168289273189E-010  -5.5995945598533967E-010  -5.6958509066460240E-004   2.3214208568451560E-011   2.8275059210502315E-010  -1.9506490620138118E-010  -1.1436726862521952E-009  -5.3298807059255675E-010   1.1204571925351142E-009  -1.3620019404903524E-010  -7.9904612643117122E-011  -9.3433153252359543E-011   1.1709675551119140E-010   1.2783167585242919E-010   6.5640533652045678E-011  -1.5692654988674412E-011   7.1973778259011725E-011   1.0095880626658495E-010   1.5979893672281455E-011  -1.1051005271986112E-007  -1.0047408939317440E-008   8.9702192987654799E-009 -0.12365667891527296       -2.5291734565864435E-009   2.2541979338673998E-009  -3.0318803804781361E-002  -2.8455457252667433E-008  -1.3221465754872163E-008  -1.3084340341741852E-011  -1.9166879368174796E-011  -8.4202607763131084E-012   2.9542797713515768E-011   1.7114321936473195E-011  -1.1985338404976757E-011  -1.2672621495625687E-011   9.2260473833375221E-012   3.6168737255810397E-011  -6.0251905684155400E-013
  -3.5358687752049434E-008  -8.0144737565744376E-008   1.9658325783380429E-007  0.11605756723212186        7.2947897244493985E-009  -5.7887915081404063E-009  -3.0218637835179355E-009  -3.3839843880356066E-009   2.4605901875485265E-009  -3.9113582580145888E-009  -8.4779134165885980E-008  -1.3671892498921914E-007   3.5647643346979592E-007  0.51626091475701952       -6.9472588675918756E-010  -3.1711720253247302E-009   1.5500984005545797E-009   2.4012656707684897E-010   8.8909381860993770E-010   6.9199814416315471E-010   1.6894467277748756E-009  -2.6283209520706673E-009   9.0452313837429420E-010   8.0366396577547839E-010  -7.1716091881127834E-009   2.1443661169240120E-009   6.2035037425243150E-009   3.4609505977351409E-009  -6.4220023171131239E-009   3.7058161322308576E-009  -9.9651220533453225E-008  -1.3644679755909970E-007   3.7012804267197192E-007  0.65280437454438778       -1.5554616550934365E-010  -3.0344662976048461E-011  -1.4421518824529848E-010   1.8516369371462407E-010   6.7002090895281817E-011   8.5189170254680488E-011   1.5604252000821100E-010  -1.9718583657940974E-010  -1.6864172261306101E-010   2.9118932445749080E-010  -6.5565081345428230E-011   4.2115808532349108E-011  -7.2934406296196909E-011  -9.2056615152948145E-011  -8.6078556778065466E-012  -5.2011141543657132E-010   5.7329314531388221E-010  -1.0144259800938410E-009  -1.1481136917606767E-010   2.3933142952337719E-010   8.1268153217743253E-010  -7.0583691781096010E-011   9.7393914753941715E-011  -4.7860011322847937E-010   6.8351907682971457E-010   3.3655204907815521E-010  -1.7096863949846298E-009   5.8646165702115905E-010  -5.2291068704861966E-010  -9.7331225882585906E-010   1.7665070455077645E-010   3.3467748924280623E-002  -1.1342943444813518E-008  -4.1958826575373992E-010   1.1151967074417025E-008  -3.9917984615214205E-009  -1.3335749847106183E-009   2.5550689845639562E-009   9.1409461155825579E-011  -2.8982622569513514E-009   3.9002626285312331E-009  -2.1914690381694466E-010  -4.4316441693629800E-010  -5.7521448787901737E-010  -2.5599528822939864E-011   1.2994332019886758E-010   3.1962818110227154E-010   4.3081409139675211E-010  -2.5334786665013129E-010  -1.3483387992668055E-010   6.1757467997578918E-010 -0.57638502412840598        6.9230678181805937E-008   9.4992599928803652E-008  -2.5734707032250422E-007   1.9047062987238640E-008   2.3455578341221779E-008  -6.5329083335691438E-008 -0.18563340666674741      -0.10531488193224244       -1.0097542252832573E-010   1.5009377728932711E-011  -1.5823246613139903E-010   2.4594114849202870E-012   6.0879863803977801E-011   1.3300585145032248E-010   3.2292176178940403E-011  -3.7022899234561310E-011  -5.8333366518161625E-011   1.4553494245241011E-010
