  0.13866829638842443       -3.7005852672818724E-008  -1.8673277670362634E-009   3.3203153047981805E-016  -9.4023809895430264E-018  -4.2704588093562035E-018   4.3197804863103199E-018  -1.7870093707311266E-017   5.8693837929597621E-018  -9.1831304078921568E-018   7.0099988528793705E-002   8.3189892410745465E-009   5.0255679578524841E-010   7.7515068408603893E-016  -2.7347091283896977E-009  -4.9163298507579626E-010  -1.5280885639101173E-009   3.0980790143339616E-009  -4.5425446873622071E-010   5.7093182493999836E-010  -5.4309932701235797E-010  -6.0459156211418648E-011   1.2202772954730678E-009   1.1840346935694960E-009  -2.0904071481023691E-016   5.4094649826722815E-017   9.6756665160627798E-017   5.2354139849530770E-017   4.5089049497734112E-017   4.3783267446346535E-017   5.1401080518192266E-016   4.0204545153192356E-002  -3.5050148138826371E-009   4.3204817620657016E-010   4.9925613970672461E-017   8.0055090615683347E-018  -1.3727753373273027E-018   1.2960333869649797E-017   3.5085183542474610E-019   1.5103562831070089E-017   7.2868052303313231E-018  -4.8924494469940095E-020   4.2134089790598796E-018  -1.2804197261273113E-018  -5.2912400088484430E-018  -6.4628566220356108E-019  -1.8787486365303991E-018  -6.6981523825545777E-019  -3.1043268706672496E-018  -2.3475780030524039E-010  -9.3588654002527885E-011   1.3305175670841423E-010   2.3461690589156750E-010  -2.0707150666407961E-011   8.0356491230220796E-011   2.2786716261880814E-011  -4.2145084219687426E-011   6.3016684334666527E-011  -6.7757753066282728E-011  -3.7534892579226604E-016   2.5206504907529318E-016   3.3112273334348340E-016   1.8071382193333492E-016   1.5460122005688744E-016   1.8608506614793218E-016  -2.7306238120839744E-002   9.1054390125592863E-010  -2.8909739420059667E-010   2.4320826342856455E-016  -1.1376123857884867E-002   6.4009439135200637E-010  -1.1125131707758284E-010  -1.5334011474528179E-015   9.7175272077384550E-016   1.2979780661124670E-015   7.3474182863067044E-016   6.0884543384882096E-016   7.4804021412659735E-016  -6.6676142900744685E-011  -7.1253827565731069E-011   2.6341788740320571E-011   3.5213599484327487E-011  -3.1897812580349541E-011   5.4240941631152073E-011   3.7873019781559500E-011  -9.9876797625217333E-012   2.0441913039651308E-011  -1.2189788101295944E-011   8.2834709282920622E-016   1.4604923096898375E-016  -1.3452766263398052E-012  -9.0767468246639735E-012   9.8179690709444347E-012  -4.5551417233037225E-012  -3.9831570866737040E-012   6.3597486111898092E-012   7.2032401345884074E-012  -1.7479760143605381E-012  -5.8739586559676634E-013  -6.0150545313966584E-012   1.0258716479846886E-002  -3.4962101890918501E-010   1.1913746846486211E-010  -4.3035590393934072E-016  -2.5869723404857581E-016  -9.1718280984566839E-004   4.0879099591479383E-011  -9.6723259154902485E-012  -7.3812679058598244E-018   5.7340076394155933E-017   1.2830216275018284E-016
  -3.7005852672818724E-008  0.13866827049847016       -1.0498843212010014E-008  -1.4992207225770780E-015   2.9339847391055540E-016   4.3792587694688204E-017  -3.3621459871398139E-017   3.4528032983823998E-016  -2.3614313623384204E-017   2.0669890622962916E-016   8.7742472676309775E-009   7.0099993924814377E-002   1.8948578544016786E-009  -5.8380777183476701E-015   1.9315709151256787E-009   2.1057815814649580E-010  -7.2465817564251078E-010  -4.1342799340648940E-009   1.0362011696371579E-009   1.5428037174764820E-009  -2.8194425401283474E-010  -3.7889605703458768E-010   1.6768152840963808E-010   8.2254107762043236E-010   2.0900885073027144E-015  -7.5637915353686155E-016   5.2983416016871370E-016   1.4384050870336964E-015   4.4072690964374842E-016   3.4424710984820489E-015   5.0201610898781807E-015  -3.4074295863338947E-009   4.0204543666052486E-002  -3.7708790630396277E-010  -1.6307827564813030E-015   2.8247157576752532E-016  -2.3119114624469945E-016  -8.0180881699960751E-016  -8.2232983980767354E-017  -1.1685632019004746E-015   2.8201073506178451E-016  -1.0420535607718743E-016   1.2706644967115454E-016  -2.3057655898889027E-016  -1.1064593973135781E-015  -1.8362799288805281E-016  -1.0157552070470659E-015  -1.8337644976966076E-016  -2.3586689287120240E-015   1.5303820359902388E-010  -8.7979392117464779E-011  -4.1746505682816280E-011  -2.1383879537463221E-010   7.5302881557701923E-011   8.5159657373574758E-012   6.0310413528951353E-011  -1.1302206389219707E-012   7.0504558332487871E-012   3.1958524969023566E-011  -3.1380863042423882E-015   2.9288103031998032E-017  -3.3870919070526303E-016  -2.1759048803629186E-015  -1.8102693310144433E-016  -2.9727661564394857E-015   8.1601799893446153E-010  -2.7306237859490549E-002  -2.2552264950262972E-011   2.1956248106974375E-014   6.0618531019135184E-010  -1.1376123486964783E-002   4.9568871965447565E-011  -1.6458339131557897E-014  -5.6419734335046144E-016  -7.6525280969356358E-016  -1.3515575185875865E-014  -2.7421783054054849E-016  -1.4652819609462566E-014   3.7688263153625593E-011  -5.1610488677455054E-011  -2.1726835166274354E-011  -7.5335317293308900E-011   8.1834903250880597E-012   2.4768052902186325E-011   2.4604505729068271E-011  -4.4827257315872612E-011   1.8602239527005805E-011   4.9606483355780918E-011   1.0119393933221887E-014   4.4024989353347549E-015   2.0758877754198780E-013  -7.0106097885333736E-012  -2.0469393622331613E-012   6.3773335184725462E-013  -1.5824326906022788E-012  -9.1695846087445084E-013   3.5809095989895340E-012  -6.2491256752689375E-012   2.2070732767394486E-012   6.1835399378894107E-012  -3.1274917851873045E-010   1.0258716380282773E-002   1.7492864176095076E-011  -4.4600951560311888E-015  -4.6585878148451074E-015   3.7919072917742004E-011  -9.1718279132763092E-004   1.2328928776582455E-012  -6.2949832832310277E-016   7.2520434435730668E-016   7.8104358455375029E-015
  -1.8673277670362634E-009  -1.0498843212010014E-008  0.13866825194098947        5.1827000540891299E-017  -3.9033597283567532E-017   1.7543626329130913E-017  -1.4749321462063337E-017  -5.0567866859009768E-017   1.6898127835457568E-017  -9.2788044984163846E-017  -2.8733534270723955E-010   2.1648916748926887E-009   7.0099998761196658E-002   6.8365886085353563E-016  -6.1658181668631932E-010  -7.8706152689975618E-010   1.3922126812992344E-009   2.0692682639146324E-010   6.2883384331152900E-010   6.2030496344206716E-010   7.2577048136765291E-010  -7.1314477608393867E-010  -1.8666133390721907E-010  -5.0613756340823348E-010  -2.3713077710512796E-016  -5.3796934849580324E-016   2.9213643400188077E-016  -3.7593839363289872E-016   6.2383988402490315E-017  -2.0138305576666300E-016   1.8579881186354363E-015   2.5783817854494057E-010  -3.1612172103216962E-010   4.0204541048426003E-002   5.8144282119639707E-017   1.1661516942543552E-016  -1.7305853403648047E-016  -3.5366919694183401E-020   1.5298133628533263E-017  -6.9999704668045243E-017   1.1655999416250692E-016  -7.7628874768207604E-017   5.1471500896032469E-017  -1.7332605917852726E-016  -5.7839240544769254E-017   3.5090909546456406E-017  -1.0528080695227502E-016   3.4497486861788480E-017  -3.0382636623726099E-016   4.3374013790787707E-011  -3.9818368588537920E-011   1.4619422885452545E-010  -2.3800353593151657E-011  -4.2064728685292749E-011  -3.4393491876512555E-011  -1.9408120067068587E-011   3.5949742930287814E-013   6.5857149926621249E-011  -1.0923505286411047E-010   5.3521215042250373E-016  -7.6891392588477139E-016  -5.7740224942123264E-016  -6.7683737534877094E-016   5.6093043773297818E-016  -1.6037265393231824E-015  -1.2507089661405248E-010  -7.8084728371748040E-011  -2.7306237042405746E-002   5.0120619320724718E-015  -5.1943211564874728E-011   2.9572365933969522E-011  -1.1376122988792613E-002   1.1867588269860317E-015  -3.2926792298893708E-015  -1.8546795510734402E-015  -3.3657922043356235E-015   2.1101672978570387E-015  -6.6016955551495570E-015   3.5819145243775138E-011  -2.2763272650400589E-011   5.4095610228739962E-011  -4.9220896870317341E-012  -2.6431351900818765E-011  -4.3135407859160427E-011   6.3064602634285776E-012   1.9132318134870161E-012   1.4302985235364685E-011  -4.1744968924202418E-011   4.2925314054109201E-015   1.1243803728305127E-015   8.5630145156460559E-012  -2.0394912188127796E-012   8.9071704269841564E-012  -1.5372101014727235E-012  -5.2078900945996334E-012  -9.9512335531919799E-012  -1.6316709251953237E-012   1.6304406026978029E-012   4.2285385077168520E-012  -7.8536560793985560E-012   5.5226738535626553E-011   3.9023153331929242E-011   1.0258716056211967E-002  -3.3136944682520219E-015  -2.8451535974101210E-015  -4.5297621081614416E-012  -5.0048605320839546E-013  -9.1718275724751990E-004  -5.3066627032503789E-016   7.2253568800874438E-016  -1.3265982767467757E-015
   3.3203153047981805E-016  -1.4992207225770780E-015   5.1827000540891299E-017  0.10676546334144912       -1.0132877832270752E-008   2.3968333903327402E-008   8.6975014422217381E-009   3.1011197999981377E-009   1.4890695638303174E-008   7.0316510125230464E-009   2.8336309137634016E-017   1.4770263959829305E-016   2.6778806013318912E-016  0.27320445576435165       -4.0597146991975643E-016   1.8657486127648690E-016   9.1433689866807495E-017   2.4226210566846035E-016   1.2003020790206925E-018  -1.0720682933840277E-016   5.6760164226867107E-016   8.2373558160430882E-017   4.0845841898204957E-016  -3.7035237960071111E-016  -5.1803238985893160E-010   2.8426644210098221E-009   1.0575084180613236E-009   2.9420298415889095E-010   1.9651533470810126E-009   2.2339237762531526E-010  0.16651277273760406        1.5624499097695635E-017  -1.2537646031617215E-016  -2.4828742109334850E-016   1.1948367716391305E-011  -3.5722211173064593E-011   2.3282868651198891E-010  -9.9721471103031738E-011  -1.7598937478381916E-011   7.8863980306549526E-011   1.5054364242403039E-010  -6.9330512680791583E-011  -1.5404882539853310E-010  -1.8115301669409687E-010   4.1107633745849718E-011  -7.6558208185664377E-011   2.7673372559081454E-011   8.9675394176390861E-011  -6.0562182625298332E-011   1.7211782042630988E-017  -5.0789023451477258E-017  -1.4614918698077584E-016  -2.6925060704654468E-016   5.1906601418156639E-017   4.8229340129176064E-017   6.0268954647900102E-017  -2.9670705546207752E-017   3.5696384486297147E-017   1.6183816198277696E-016  -1.1143489017846947E-009   3.1193022200765106E-009   6.7339776673405144E-010   1.6270604825374824E-010   1.5099566060836630E-009   9.5168212797156531E-010  -3.5001012953306088E-015   2.5659617483568874E-014   1.3344594421660331E-015 -0.12911474176586249       -2.6779286644592102E-015   9.1034451411904575E-015   1.6516648095209489E-016  -2.0726567012534197E-009   3.7623018372341103E-009   6.3936123466256281E-011   3.5124210593632491E-011   9.3028988039199508E-010   2.0378083220681513E-009   7.3838185023210412E-016  -5.0666925321408264E-018   5.3569165522472793E-017   3.6086776670922521E-016   1.5309107663360924E-018   3.2175173457775316E-016  -3.8367465654245388E-019  -8.2360627038485994E-017   6.1337934975412208E-017  -4.4974607559759403E-017 -0.11495374479269602       -1.9412271757382422E-002   1.4363388369199717E-016   1.0859498944529577E-017  -3.0067349594427131E-017   6.6753148512623545E-017  -2.2096819313963842E-018   7.0726384119602291E-017   1.6579439904226852E-017   2.6311366119734450E-017  -6.3140377349190743E-018  -2.4639546961503550E-017  -8.5906755040587803E-015  -3.3190753302597714E-014   1.8305697134208718E-014   5.5617535095202245E-002   3.6489420419036973E-002  -1.2221733934124738E-016   8.3555234129490690E-016  -4.1483049803236653E-017   1.0796408143819445E-003  -8.7424742348751281E-003  -1.1752300766316620E-002
  -9.4023809895430264E-018   2.9339847391055540E-016  -3.9033597283567532E-017  -1.0132877832270752E-008   2.7431296563684382E-006  -2.6993414893932332E-012   6.9550072824148764E-012  -1.3715691242667321E-006  -2.5201877371571032E-012  -1.3715605320191462E-006  -1.5056208157007960E-018   1.4696773974519141E-016  -4.1372422667677072E-017  -2.5957084057021645E-008  -5.0736202045219297E-019  -6.3153705678540790E-019   4.7714880884339276E-018  -7.6583261729316913E-019   4.2229945030704158E-020   1.4617788584643013E-018   5.1039901980639584E-018   4.4457194355347235E-018   4.9526043018307642E-019   4.0741221639308703E-018   1.4756592958248133E-004  -8.0134071539261650E-011   1.9879488431799934E-010  -7.3783089007868657E-005  -6.9389927560195257E-011  -7.3782840574498942E-005  -1.5741286654906655E-008   8.1627333462527093E-018   1.2524231344362353E-016  -3.0944968574071738E-017   9.8819513651453041E-013  -2.1595175147020411E-012  -9.4197417634020956E-013  -1.1981575245556863E-012  -1.4252288248403347E-012  -5.3762924356577558E-013   1.5308607143969396E-012   2.9501230440700417E-013   8.4342782757548846E-013   7.2207981599140717E-013   6.3984709899607091E-013   8.2593091262559627E-013   7.4215039135961302E-014   2.3637642712776108E-013   2.6384555140688118E-013   3.3845707817278550E-019   1.1059526266125584E-018  -1.2554786873631884E-018  -4.0722856951317828E-019   2.4887078662644148E-019  -7.7710727741145710E-019  -8.0365520484611254E-019  -8.4703327847243518E-019   6.5988282810928824E-019  -2.1834946666054348E-019   5.1427098247666680E-004  -2.5949326473145035E-010   6.6280468140711310E-010  -2.5713590329832771E-004  -2.3841501461815669E-010  -2.5713507917817652E-004   8.4253279536365689E-016   3.0132988552282657E-015  -1.9111648729086343E-015   1.2492558441020606E-008   2.7844392213345093E-016   1.0227483106099871E-015  -6.4291588894088043E-016   2.0121255992088544E-003  -9.7624975340697407E-010   2.5319418076429404E-009  -1.0060643736869756E-003  -9.3205916962644132E-010  -1.0060612255228250E-003   2.8770686916744143E-018  -3.0183664710493661E-019  -1.3479917969100049E-018   1.4400524555480033E-018   1.1461748465975196E-019   1.5396253498884339E-018  -9.8385790121557214E-019  -1.8352262548233074E-018  -2.9022914473724346E-019  -3.6159415926284349E-018   1.1310261613607810E-008   1.9168354044922371E-009   6.3266451311033756E-019  -3.8584514045968611E-019   6.1314560565569737E-021   3.9889050267269567E-019   8.5250024794453266E-021   3.4775667994140270E-019  -9.9188094498887676E-019   2.8438300334743941E-019  -4.9233341464004127E-019   3.9866605921806467E-019  -1.0721429757683373E-016  -7.3027548158163597E-016   5.3847695383079847E-016  -5.5662820847806011E-009  -3.6647825063254834E-009   2.9660143210908693E-017   1.0726189792024506E-016  -6.8598724488539644E-017  -1.0958478737968004E-010   8.8259454496250207E-010   1.1917053862069862E-009
  -4.2704588093562035E-018   4.3792587694688204E-017   1.7543626329130913E-017   2.3968333903327402E-008  -2.6993414893932332E-012   2.7431247021060994E-006  -9.0161328203577779E-014   4.8997466785496635E-012  -3.9034988680027561E-013  -2.2004337837569196E-012  -9.0816955512191222E-018   1.9672917723368445E-017   1.5936882862716938E-017   6.1400460250638301E-008   7.6889935283725728E-019   4.4237322825778562E-019   1.4184134094148311E-018  -1.1782296497359033E-018  -2.3872305651944551E-019   2.4047625472735173E-018   1.1395875724651932E-018   4.6346672545122182E-019   1.0600093462991077E-018  -1.3153296523623225E-018  -8.0814187408336388E-011   1.4756578708879288E-004  -6.2837530692456719E-012   1.3805602645024649E-010  -1.3410106176591298E-011  -5.7241982284852686E-011   3.7234109438953490E-008   3.1655204449962765E-017   1.1359366687247559E-017   2.3065995323335545E-017   1.1768921482040613E-012   1.1221816550923786E-012   5.0583771712172464E-013  -2.3187636507121062E-012  -7.2192995332586656E-013   2.5148595593317656E-013  -1.3335277314618095E-012  -1.7660770660289175E-012   2.8414384218084008E-013   8.1051560258167648E-013   1.3011106426322519E-012   3.2567561633942154E-013   3.3239102075886384E-014   2.1241969504160241E-013  -1.6206868829955926E-013  -1.0239339467159009E-019   4.8137858374379218E-020  -1.1475373374916048E-018  -1.4233227933526057E-018   2.3409846038890857E-019  -1.1832048602305368E-018   1.0866439570521699E-018   1.5516036127485304E-019  -3.7961406468710950E-019   7.2722329340159982E-019  -2.6180906542066531E-010   5.1427050717430954E-004  -1.3497641655521357E-011   4.6674182535796866E-010  -4.1713132966186494E-011  -2.0493275595467864E-010   1.8214689117556914E-015  -2.5202403424850070E-016   1.3650188571296007E-015  -2.9426510251873392E-008   6.4240754094371979E-016  -7.6272262967282304E-017   4.7109183211619501E-016  -9.8532087559662111E-010   2.0121237913524404E-003  -2.8394129977507222E-011   1.7919159838619262E-009  -1.4595834405945131E-010  -8.0659509952527854E-010   8.3009643643822152E-018  -6.3025349970819157E-019   8.4834557462110419E-019   4.0488660987798912E-018   1.1057566603242515E-019   4.5943945720623578E-018  -6.4803622740394504E-019   3.0694795488365652E-019  -5.2902477419603422E-019   1.0610388497820818E-018  -2.6536648857129393E-008  -4.4916016553353706E-009   1.4158450461053080E-018   2.5083388052500856E-019  -3.0215801972875682E-019   4.6553884389407131E-019   9.2861005106784718E-020   5.9548054346038174E-019   4.2836000136088323E-019   3.2071367740223469E-020   2.4558814073606959E-019  -2.8369543315203134E-019  -2.4378339155885988E-015  -2.9996305474624784E-016  -7.3031514097744086E-016   1.3037145925515885E-008   8.5839703338728986E-009   6.9979549474147712E-017  -8.0005331742190457E-018   4.9810439024635210E-017   2.5664850902879522E-010  -2.0674352608936152E-009  -2.7919191247467977E-009
   4.3197804863103199E-018  -3.3621459871398139E-017  -1.4749321462063337E-017   8.6975014422217381E-009   6.9550072824148764E-012  -9.0161328203577779E-014   2.7431325335429793E-006  -1.9827419357948548E-012  -1.3348359872164829E-012  -4.9722552873671771E-012   2.2277900810564341E-018  -1.9290125280651405E-017  -5.2003780441713223E-018   2.2287957928312118E-008  -9.4461510817723834E-019  -3.3022165464539163E-019  -2.0427423460276946E-019   7.6788034697576769E-019   1.6043652022074966E-018   1.9870182694022156E-019   2.2921823797255788E-018  -2.1794788204809215E-018   1.3044725568345430E-018   3.5554901045042255E-018   1.9966593063170259E-010  -6.3652936614786451E-012   1.4756601360076850E-004  -5.4370496080111567E-011  -4.2382572538049728E-011  -1.4529538829912485E-010   1.3512861082913706E-008  -1.6424173069751400E-017  -5.6943143626204978E-019   2.1625967255078780E-018   8.8644881438378727E-013   5.0231577452518450E-013   1.3097808956580329E-012  -5.5062471340035493E-014  -1.7821423499832345E-012  -1.5020954781394508E-012   5.6927029370635231E-013  -9.0994401840424654E-013  -1.4376828175690638E-012  -6.3143520345815683E-013  -1.1413460651406597E-013   8.6713669833712654E-013   2.5554342576778345E-013   4.6119671083393144E-013   7.0962666309115340E-013   2.5852129389512506E-019   7.1023993168565076E-019   7.4351867807990538E-019  -1.3772733048154234E-018  -1.2092772534407753E-018   6.0494198986167555E-019  -2.2424514813783138E-020   1.6116133154260102E-018  -8.6782107258876209E-019  -1.3515433520551406E-018   6.6584687953229656E-010  -1.3806784603836479E-011   5.1427126044113205E-004  -1.8464656484778833E-010  -1.2969516489157120E-010  -4.8120029566531835E-010  -8.4953436550716619E-016   5.3859498015419325E-016   4.3554090933710382E-016  -1.0691958747093363E-008  -3.7150564421491965E-016   1.9713027419520239E-016   1.4926961330172200E-016   2.5437784366430518E-009  -2.9557477612007920E-011   2.0121266463300797E-003  -7.1914175674007660E-010  -4.7398722322923728E-010  -1.8246366342623909E-009   9.6718012453088220E-019  -3.1178177118564941E-020  -5.0601834408296738E-019   7.0991847006127302E-019   2.9940102132571887E-019   8.1638307553234888E-019  -1.5744649264228851E-019  -3.8091344027108984E-019  -4.0690769954013144E-019  -2.2259028532802756E-020  -9.6539583836457740E-009  -1.6341905216100280E-009   3.6208904582964660E-019   9.1037584857596637E-020   2.9645916353367415E-019  -1.3756493725224849E-019  -4.6672841334443933E-020   1.3053577899980034E-020  -7.8992484093717615E-020   3.9663782216802455E-019   2.4513309620287186E-019   4.2821932379208507E-019   3.8210616231234083E-015  -6.9957957381517608E-016   2.6086742151264654E-017   4.7441366984898088E-009   3.1236330998271226E-009  -4.0117065038221843E-017   2.0633948268574928E-017   1.5715297340964328E-017   9.3369336278048712E-011  -7.5223513476959775E-010  -1.0157234403659889E-009
  -1.7870093707311266E-017   3.4528032983823998E-016  -5.0567866859009768E-017   3.1011197999981377E-009  -1.3715691242667321E-006   4.8997466785496635E-012  -1.9827419357948548E-012   2.7431324645287684E-006  -1.8095954741477450E-012  -1.3715633402742552E-006  -1.0641948655582544E-017   1.7548700761828088E-016  -2.3226719577393808E-017   7.9531987431616662E-009   1.5229425659586533E-018   1.8181016761906310E-018   4.8983827972491995E-019   1.2610422102253045E-018  -3.8353731000348866E-019  -2.3946162003195402E-018  -2.6296655499475431E-018  -4.4337008611772192E-019   3.5730750640500755E-019   1.6314951830706701E-018  -7.3783087968226502E-005   1.3771315916639563E-010  -5.5432978930270539E-011   1.4756601026812003E-004  -5.3654177066347476E-011  -7.3782922299616487E-005   4.8109829800874081E-009   5.6042334067211712E-018   1.0042464490827755E-016  -2.9082454928942970E-017  -1.8006362026107870E-013   1.2534499393616667E-012  -2.4301597531405142E-013   8.9053777589238024E-013   8.0307898641701607E-013  -5.7488489120765935E-013  -1.6701841862280954E-012  -9.3737719882269095E-013   5.5910560017616979E-013   9.4170444527426633E-013  -6.4417566669660088E-013  -2.1436058266805879E-012   2.4045772856558068E-013   1.5450189590380733E-012   1.9002243653256050E-013  -7.5577863576334520E-019  -1.0912118409100678E-018   2.1533362568686898E-019  -1.5054382606078756E-019  -1.5599172819675795E-019   1.6161597417054018E-018   6.9767778350680863E-019   4.2827749510997337E-019  -1.1477017127327756E-018  -2.7545231731729706E-019  -2.5713589984785045E-004   4.6548834951573399E-010  -1.8821515336527948E-010   5.1427125011612449E-004  -1.7442770149000724E-010  -2.5713535027016419E-004   1.1800728871471856E-015   4.4059954282125501E-016  -5.2900586334731476E-016  -3.8381943683522866E-009   3.6390965244777898E-016   7.3724941025876793E-017  -2.4950745414303136E-016  -1.0060643600611477E-003   1.7871344885145271E-009  -7.3324999228756724E-010   2.0121266244426711E-003  -6.5132057472356447E-010  -1.0060622643939985E-003  -1.1694236654061242E-018  -4.5329655115896986E-019  -6.7042321128473413E-019  -9.4796298932130070E-019  -1.2863463546905223E-019  -1.0450044873818805E-018  -1.2145493712100911E-018  -5.5001023046198437E-019  -4.1044662213562618E-019  -6.7072706789800348E-019  -3.4837014840402010E-009  -5.9128184457370172E-010  -4.7151687164858386E-019  -1.1425625784796900E-020  -5.5306120084565234E-019  -2.4938319525364905E-019  -2.6836868515008687E-020   2.0229796461989761E-020   3.2278507162179269E-019  -6.5038923685874161E-019   1.1473648064679149E-019  -1.2605779962856741E-018   1.6816828739670827E-015   3.3508249429726221E-015   3.3210958362183395E-015   1.7186937711854663E-009   1.1317260908736023E-009   3.7217864862192637E-017   7.2003746497947496E-018  -2.7653329293403730E-017   3.3892378198466183E-011  -2.7266649755773856E-010  -3.6818238822506284E-010
   5.8693837929597621E-018  -2.3614313623384204E-017   1.6898127835457568E-017   1.4890695638303174E-008  -2.5201877371571032E-012  -3.9034988680027561E-013  -1.3348359872164829E-012  -1.8095954741477450E-012   2.7431305986989371E-006   4.3297843986994971E-012   6.0750845314486402E-019  -9.0173038927002276E-018   3.3452112275570629E-018   3.8156499952099422E-008  -6.7476504136872089E-019   5.4856277061511868E-019   3.8216109690805581E-019   4.6081046612924666E-019   3.7375404490012015E-019   1.3125258192735339E-018  -9.0777700171308383E-019   1.8423289323149662E-018  -1.3776737837788629E-018   1.3390015371299129E-018  -6.8069833342603454E-011  -1.2694356710891188E-011  -4.3688903508950847E-011  -5.4567855172043048E-011   1.4756595662450986E-004   1.2263766940425849E-010   2.3130156148648207E-008   6.2785224636319509E-019  -2.2458219290772014E-017   9.6371624434835061E-018  -2.1253456546370921E-013   7.3158410922081609E-013   6.0366105540938323E-013   2.7316751910898883E-013   7.0219196294193273E-013   1.0016704777560227E-013   3.4156053995452666E-013  -1.3899870039388482E-012  -1.4397754748452396E-012   4.3236724046902105E-013   1.1427983153583088E-012  -4.7663505187488952E-013  -2.2806355723766009E-012  -4.6632970241912938E-014   1.2412819369820846E-012   8.0962874379243980E-019   4.7075662170145309E-020   2.2485948070494262E-019  -5.4376998661564600E-019  -1.1307456719708421E-019  -5.2799119703886251E-019   8.5754283605628658E-019  -1.3542569461750118E-018   1.1557506546387629E-018  -4.9543087308049441E-019  -2.3392290362647540E-010  -3.9187668044021480E-011  -1.3416190917286145E-010  -1.7754609366404990E-010   5.1427107244057986E-004   4.1146893972132441E-010  -2.4871275352139294E-016  -9.4390399795442538E-016   3.1221218227486649E-016  -1.8295268652119137E-008  -7.5860202194859175E-017  -3.2273425657198550E-016   1.0589493089096901E-016  -9.1434437348126281E-010  -1.3616405360975115E-010  -4.9160063653004433E-010  -6.6359399201476296E-010   2.0121259425383928E-003   1.5779379665190746E-009  -3.7893547319796658E-019  -1.0525452585693007E-018  -2.4569007953122061E-019  -9.3239565649497222E-020   6.5288331262887246E-020  -3.8748618966519608E-019  -2.3189977093894680E-018  -6.7618401895937591E-020  -1.0759475860942388E-018  -7.5826489864513578E-019  -1.6507918361264275E-008  -2.7945877888995278E-009  -8.3236128095697101E-020   2.2274311402525210E-020   3.1668501740610477E-019  -4.2836766708197389E-020  -4.8647403171545499E-020  -4.1097444088551358E-020  -2.3465346577350525E-019   2.1686796001434521E-019  -1.1138514789431138E-019   5.4424042586742720E-019  -3.3332766816380773E-016   5.7052143287535924E-016   7.8913872746242379E-017   8.1125697307757739E-009   5.3415615886426712E-009  -7.9168920461331935E-018  -3.4629585225198590E-017   1.1084516465690624E-017   1.5972089071997643E-010  -1.2865158433177239E-009  -1.7372892463464614E-009
  -9.1831304078921568E-018   2.0669890622962916E-016  -9.2788044984163846E-017   7.0316510125230464E-009  -1.3715605320191462E-006  -2.2004337837569196E-012  -4.9722552873671771E-012  -1.3715633402742552E-006   4.3297843986994971E-012   2.7431238722230604E-006  -3.3813511512181070E-018   1.0780284333331787E-016  -2.2243580954511882E-017   1.8003612830869867E-008  -1.0155675281224295E-018  -1.1865622346105903E-018  -5.2613306955486394E-018  -4.9523443515572775E-019   3.4131280984673165E-019   9.3284471963232786E-019  -2.4743266408719225E-018  -4.0023498747693699E-018  -8.5256764888912940E-019  -5.7056137294818000E-018  -7.3782841609814086E-005  -5.7580624580539046E-011  -1.4336136379233191E-010  -7.3782921260908522E-005   1.2304416930397506E-010   1.4756576287033182E-004   1.0930135020035248E-008  -8.7550582210157139E-018   5.8729651834754075E-017  -6.4713762911654290E-017  -8.0813151624049829E-013   9.0606757530911332E-013   1.1849901513721332E-012   3.0761974876343795E-013   6.2214983840316777E-013   1.1125141346503689E-012   1.3932347172334866E-013   6.4236489449912857E-013  -1.4025334275650861E-012  -1.6637842610457390E-012   4.3285676573258401E-015   1.3176749141352652E-012  -3.1467276772599073E-013  -1.7813953862310878E-012  -4.5386798785557787E-013   4.1731994354952808E-019  -1.4744006334919258E-020   1.0401429635604954E-018   5.5777021716913255E-019  -9.2877725129659250E-020  -8.3904812020121046E-019   1.0597903706590201E-019   4.1875313287190089E-019   4.8781993702209234E-019   4.9380532322554838E-019  -2.5713508261334029E-004  -2.0600044109819379E-010  -4.7458764056624033E-010  -2.5713534682008689E-004   4.1284294151653650E-010   5.1427042943515469E-004  -1.7731115166340261E-016   8.6709617947219129E-017  -2.0609005207180795E-015  -8.6542807931273081E-009  -9.8609388667879876E-017  -1.1889269245187739E-018  -7.4168833601076682E-016  -1.0060612390871552E-003  -8.1090569209805292E-010  -1.7986844304592634E-009  -1.0060622507646561E-003   1.5833806262828285E-009   2.0121234898652324E-003  -1.7076423524389995E-018   7.5513449013026765E-019   2.0184122374937780E-018  -4.9209316837201895E-019   1.4017692002097238E-020  -4.9462074917233424E-019   2.1984045474355061E-018   2.3852362334719029E-018   7.0067813223200421E-019   4.2866709137154480E-018  -7.8265270032521823E-009  -1.3255469903224301E-009  -1.6114524658079562E-019   3.9727153431792203E-019   5.4692974800605543E-019  -1.4950943430401711E-019   1.8312175117734771E-020  -3.6798756289718154E-019   6.6909435686556442E-019   3.6600669327359157E-019   3.7759820053184800E-019   8.6191159205438382E-019   1.9253258943900177E-015   1.0971268798241965E-015   1.9502224689493792E-015   3.8475960592162348E-009   2.5330666953278891E-009  -1.1383666136832343E-017   5.2668772941264520E-019  -7.7747097693300700E-017   7.5693081776473214E-011  -6.0993211947164388E-010  -8.2353022853097256E-010
   7.0099988528793705E-002   8.7742472676309775E-009  -2.8733534270723955E-010   2.8336309137634016E-017  -1.5056208157007960E-018  -9.0816955512191222E-018   2.2277900810564341E-018  -1.0641948655582544E-017   6.0750845314486402E-019  -3.3813511512181070E-018   3.5438893616506886E-002   1.8096114883439537E-008   5.8514784731927320E-010   1.5712413337343569E-016  -1.3822454979163964E-009  -2.4873300921554497E-010  -7.7255084771076312E-010   1.5659741214101631E-009  -2.2976546769675638E-010   2.8850964000729746E-010  -2.7441762865732752E-010  -3.0543449608313934E-011   6.1690294168399453E-010   5.9859171976699502E-010   7.8580364471016521E-017  -2.2477753707036552E-016  -1.3196597323178008E-016  -1.3304390856618782E-016  -8.9547564919997243E-017  -7.9143458986832739E-019  -9.2480865305856687E-017   2.0312354575091892E-002   6.2281875446602859E-009   4.2235302965104465E-010   2.6683548864290271E-017   3.7997607077497423E-018  -7.3997825080924739E-019   5.4360507522060307E-018   2.1414341710028231E-019   7.3315084739553716E-018   3.8514563974429859E-018  -4.6415523001159595E-019   1.9434660676578497E-018  -2.8254626976699782E-019  -1.5448716109477029E-018   1.2822237216598718E-019  -1.8923631789339253E-018  -7.7965811147581872E-019  -9.0414912702260350E-019  -1.1885000505541444E-010  -4.6788928945293263E-011   6.6973441208611970E-011   1.1903107919916918E-010  -1.0211116552960892E-011   4.0429375702569483E-011   1.1131960519953347E-011  -2.1288883019970343E-011   3.1853643488805291E-011  -3.4051218547677537E-011   4.4721943812567162E-016  -7.4850300802959268E-016  -4.5559157756236013E-016  -4.6743056769093745E-016  -3.1296499937337016E-016   1.6902882678902590E-017  -1.4378702928985078E-002  -2.7295411225307058E-009   6.5032224826071419E-010  -2.1165016010222656E-015  -5.9866921933563085E-003  -1.1643836927311446E-009   2.1038553010976015E-010   1.7179751525072331E-015  -2.9461971736671084E-015  -1.7789125215505427E-015  -1.8161375485379481E-015  -1.2245277732621657E-015   7.0944932781191589E-017  -3.4144319150120560E-011  -3.5738500354695154E-011   1.3689825953504076E-011   1.7975121535577326E-011  -1.5950828889973644E-011   2.7833790997042041E-011   1.9032114815939580E-011  -5.1304158520172604E-012   1.0204276106333894E-011  -6.3798858263517733E-012  -4.0147463595393185E-015  -7.2752753697558919E-016  -6.8254541166502017E-013  -4.5811691648130533E-012   5.0869785825228314E-012  -2.3796583445255206E-012  -2.0173446036927788E-012   3.2952594762166013E-012   3.6654361242696875E-012  -9.0433761018123644E-013  -3.3652028531867169E-013  -3.1175750104350988E-012   7.1612429770845851E-003   9.5034315145282200E-010  -3.0733635766721710E-010   1.8326745356173912E-015   1.0545721821960035E-015  -4.8917379976250695E-004  -8.0478047707245091E-011   2.4474700872237838E-011  -5.0637162398989986E-018  -2.1116091893104666E-016  -6.8126980743737170E-016
   8.3189892410745465E-009   7.0099993924814377E-002   2.1648916748926887E-009   1.4770263959829305E-016   1.4696773974519141E-016   1.9672917723368445E-017  -1.9290125280651405E-017   1.7548700761828088E-016  -9.0173038927002276E-018   1.0780284333331787E-016   1.8096114883439537E-008   3.5438905687155846E-002   4.7338912396199773E-009  -5.8876029623756585E-016   9.7653885601294593E-010   1.0660790878050169E-010  -3.6629893577726965E-010  -2.0901177114394872E-009   5.2372410313868471E-010   7.7995239578263166E-010  -1.4260876818166827E-010  -1.9172014445668227E-010   8.4717680868051113E-011   4.1592302074485449E-010   1.0433821789399035E-015  -4.9764987904837868E-016   1.7824025126954691E-016   6.3403828699775618E-016   3.4651465140171105E-016   1.8780692555584050E-015   4.0764797868127120E-015   6.1453577887757973E-009   2.0312359202954041E-002   1.9990720074243187E-009  -8.3217682222240648E-016   1.4014269067095988E-016  -1.1595131799546680E-016  -4.1096083850075602E-016  -4.1576688938721346E-017  -5.9555870361400323E-016   1.4083757051545945E-016  -5.2822070924079446E-017   6.3280209940046893E-017  -1.1620270859267251E-016  -5.6730387627776136E-016  -9.2531884162726235E-017  -5.1799228720419584E-016  -9.1306576762532321E-017  -1.1983318175920228E-015   7.7369894737650722E-011  -4.4280482401366814E-011  -2.1094741519662350E-011  -1.0811280674311589E-010   3.8239932731453664E-011   4.3099306752806771E-012   3.0430664742429465E-011  -1.6195759904624336E-013   3.4464153630773138E-012   1.5843856987917302E-011  -1.6884367648331536E-015  -4.0080779179758977E-016  -4.8084260770454016E-016  -1.4669166270075331E-015   3.5223485153865759E-016  -1.0664417157674983E-015  -2.7000173790182068E-009  -1.4378705006721905E-002   1.0753763401267777E-010   1.3457990798001067E-014  -1.1484097754774312E-009  -5.9866930281831281E-003  -3.8035621083772798E-011  -8.7341741670175778E-015  -1.9147452516786769E-015  -1.6003117139065471E-015  -8.2821910487896495E-015   1.5902814976221884E-015  -5.7133340772791282E-015   1.8805273478019672E-011  -2.6582785788774977E-011  -1.1089043502019672E-011  -3.7623457754763742E-011   4.2601691244737184E-012   1.2391942212867672E-011   1.2688350823689507E-011  -2.2431910982615089E-011   9.5605043079678568E-012   2.4985039226444830E-011   9.7125257310932713E-015   4.7842985918927821E-015   3.4562106514586457E-014  -3.6234850263152187E-012  -1.0623634123989994E-012   4.5619826543874070E-013  -8.0931348540162959E-013  -5.0292978781476306E-013   1.8423623366409216E-012  -3.1740087209587285E-012   1.1520507205820592E-012   3.1576140113110585E-012   9.3960926760834672E-010   7.1612436945324934E-003  -1.2989214707820753E-010   1.7258872845601008E-015   2.9562342411749878E-015  -7.9408777561612660E-011  -4.8917386071330009E-004   9.0362332715665345E-012  -1.1214069000100690E-015  -1.6631939513272194E-015  -1.2535024345501378E-014
   5.0255679578524841E-010   1.8948578544016786E-009   7.0099998761196658E-002   2.6778806013318912E-016  -4.1372422667677072E-017   1.5936882862716938E-017  -5.2003780441713223E-018  -2.3226719577393808E-017   3.3452112275570629E-018  -2.2243580954511882E-017   5.8514784731927320E-010   4.7338912396199773E-009   3.5438915319536399E-002   9.6085769227673956E-016  -3.1159547050384561E-010  -3.9784916079468700E-010   7.0400964219191135E-010   1.0463227734473990E-010   3.1774298944678513E-010   3.1341715560736097E-010   3.6696138915776515E-010  -3.6053273904299277E-010  -9.4480991276349879E-011  -2.5600763854354082E-010  -1.3040329470681463E-015   1.4581326058466756E-016   2.6819487955195988E-016  -2.1428750818534666E-016  -2.5032375354038768E-016   1.1336659719214014E-015   1.2361899730803049E-015   5.6345472578702597E-010   1.9515669301053422E-009   2.0312362000519120E-002   2.7504314222946592E-017   5.9025910556485462E-017  -8.6350035786893431E-017  -7.2032985824645230E-018   8.5389379885310964E-018  -4.1686002513541338E-017   5.9153479075795363E-017  -3.9540202845069335E-017   2.6426589131581224E-017  -8.6755230042542196E-017  -3.1242365965350447E-017   1.8023496772334040E-017  -5.8627622876539888E-017   1.8702436056896363E-017  -1.5452130653647645E-016   2.1528465494240925E-011  -2.0132839452343789E-011   7.3587272292630874E-011  -1.1986866006746363E-011  -2.0926333265732581E-011  -1.6897359403870706E-011  -9.8500836613256197E-012   1.6245745626027619E-013   3.3348140161676812E-011  -5.4970018890158657E-011  -3.9072211320352156E-015   1.0742673099265070E-015   1.3355758632108247E-016  -4.5590649885504766E-016  -6.9863285100658479E-016   3.4603939583824193E-015   5.8930985369993696E-010   1.3001736873677692E-010  -1.4378707467672988E-002  -6.0641887997001412E-016   1.7952248382354516E-010  -2.6878227412970082E-011  -5.9866939698278773E-003  -1.5753942247250527E-014   4.0556416557091712E-015   7.2246019760842269E-016  -2.1627114375962057E-015  -2.7778766521820156E-015   1.3369267127612816E-014   1.8110295222007749E-011  -1.1615538934240105E-011   2.7052762059044838E-011  -2.5638976379305878E-012  -1.3148127812358408E-011  -2.1734154739432359E-011   2.9731545166394439E-012   1.0734997104078696E-012   7.6269960035979544E-012  -2.0963195151993469E-011  -3.1228102900418663E-015   1.8599817914071432E-016   4.4025653209129160E-012  -1.0587163310700703E-012   4.5583733645958390E-012  -7.9760692892949617E-013  -2.6193250714494208E-012  -5.1090312101550892E-012  -8.7209609475210655E-013   8.3816999572226722E-013   2.2287236077185030E-012  -4.0220430475341773E-012  -2.8402884735070774E-010  -1.3863525777287496E-010   7.1612446638694488E-003   5.3128728184610004E-015   4.3632497647762326E-015   2.2265824274836058E-011   9.8529058693554438E-012  -4.8917394036476053E-004   4.2143281595002116E-016  -1.4520996830738759E-015   1.3151681769340159E-015
