  0.17660456344898601        2.3365360887868990E-010  -1.8810779212148493E-009  -2.5282203466194112E-016  -5.6038932789822013E-017   4.0994117889995529E-018   2.3073829903793216E-017  -7.4386347984098463E-017   8.8898858472002541E-017  -1.0010373958910615E-016  0.14531810823109470        1.1531876329430112E-010   1.3755932884537460E-011  -2.5074438560497700E-015   1.1343853282807370E-011  -6.1634869305370649E-012  -1.6658145702434851E-011  -5.5552204869417156E-011  -5.0688342145886550E-011   4.0149008871812158E-011   3.0926180156990888E-011   6.9260953586957891E-011  -3.5325837465498717E-011  -3.9209209601889774E-011   3.4589680542173685E-017  -7.3307181344439732E-017  -3.4815592438902911E-018  -6.1353665689722346E-017   1.3450684790389078E-016   2.1162360799377895E-016  -1.1135661052700503E-015  -3.7423164999472415E-017  -1.7633504241827437E-018  -8.3983431248918130E-018  -2.2405130337632328E-017  -6.0740728424755767E-018  -2.0996152135304955E-017  -5.1575327065961360E-018  -2.8464613416758333E-018  -1.6690795697743877E-018  -1.8246240524825699E-018  -3.4810006122650268E-017  -9.3995922451863569E-018  -2.2124042479949136E-017  -1.9193688455626885E-017  -4.3081744889719928E-017   7.8553876223996191E-002   2.8866304388507529E-011  -2.6035792433160578E-010  -2.5871706838727166E-012   6.3452283211030312E-012   7.1772231581399429E-012   3.0015963775833848E-012  -1.3219425128823822E-011   4.0325895933699543E-013  -3.1834403719823605E-012  -3.6103651164964622E-012  -2.0747278609019844E-012  -2.6575773945705349E-012   1.8001635846417637E-017  -2.3583011681028398E-016  -4.9115878580887869E-017  -4.4089474280735844E-016   4.8983174321805077E-016   5.1911057968347169E-016  -5.4915361870521338E-002  -4.1579137763357508E-011   1.6607731094782255E-010   2.6634240892554686E-015  -2.9032691438014450E-002  -2.5071903063925985E-011   1.0430700360545126E-010   6.1108077144258094E-017  -9.2638028821345963E-016  -1.8577407783556374E-016  -1.7119071775128264E-015   1.9428409234275222E-015   2.1124416883770668E-015   6.9637494219692601E-013  -2.9761374211249624E-013   1.8252672438571164E-012  -2.0675298093324525E-012   2.5744234652243335E-013   1.1391055415496251E-012   5.2440594769580658E-013   7.8173037872621254E-013  -4.0530502980429087E-013  -1.9441379624098751E-012   3.9229113598073486E-015  -2.7515227644472452E-017   2.7608168908092015E-013   9.3112821858283666E-014   4.8448494347562393E-013  -3.4600711113981009E-013  -6.5228274643583156E-014  -2.3438225279813368E-014  -1.0138313184243337E-013  -1.7517914371353557E-013   4.2981562767946158E-014  -2.3081670184159135E-013   2.2556489559984728E-002   1.8529898795260031E-011  -7.2738349399942908E-011  -4.1757593461455530E-015  -3.1575611830235987E-015  -2.0030197604646760E-003  -1.5412273281535182E-012   6.7779028434081776E-012   1.4004965072773414E-016   9.9174280759490697E-016   3.1838243150524255E-015
   2.3365360887868990E-010  0.17660456700599020       -3.7690509111312991E-010   7.3422201983032623E-016  -2.3033063087663511E-016  -5.2709351723192646E-017   7.9635653256400374E-018  -2.5145118766282011E-016   5.7619755438539728E-017  -1.6819482957177203E-016  -7.2742507415506708E-011  0.14531810826656077        8.3248531846689378E-011   3.6853868569784768E-015  -7.2796607558439528E-012   2.8996457106018334E-011  -9.1992966632168815E-012  -3.2246700016877108E-011   7.3431282203454651E-011   4.2006618715089288E-011   5.1313819702064533E-011   1.9846291810946050E-010  -9.8022167390082988E-011  -1.4107297593900496E-010  -3.0811775710233582E-015   1.4523611619089618E-016  -2.9957635550344392E-016  -2.7368129048085382E-015   1.5751581139905610E-015  -3.5454135941859641E-015   4.4928631237787798E-015   1.0564949162378518E-015  -5.3250544268913705E-017   1.3173209259188007E-016   5.4946569461199178E-016  -3.3251695808059204E-016   6.3257115059604105E-016  -4.2749984903655963E-017   6.1233951804357520E-017  -2.9956823432465936E-017   1.3644952928799216E-016   8.3363790512019879E-016  -7.1748950477217514E-016   5.6782901205204689E-016  -7.1049931118018594E-016   1.0940333890339191E-015  -3.3796494857557613E-011   7.8553876614087276E-002   5.1324620719386146E-011   1.6159829317881852E-012  -7.5179319551319141E-013   3.3235471161184065E-012  -1.3302348482461106E-012  -3.4228530902343128E-012  -8.4014524498888017E-013  -5.9641921574640120E-012  -2.1186002193554779E-011   8.7238078401846936E-012   1.3311690325856771E-011   4.8260736535209756E-016  -8.4027415153025547E-018   2.0897234036344858E-016   3.7350127445207785E-016  -1.0791978604856232E-015  -9.3666701023151908E-016   6.8707897374235750E-012  -5.4915362185020758E-002  -6.3651615390222858E-012  -4.4938568558926953E-015  -1.0154853694741479E-012  -2.9032691633736788E-002   6.5386844337234571E-012   5.3844737932339422E-015   9.5431628599975895E-017   4.5474492775132839E-016   5.3221801127134693E-015  -2.3031617960276907E-015  -3.4971116512534024E-016   1.1229531353575945E-012   2.8609098679075233E-012  -6.2498578299323723E-013  -3.0268849230963991E-012   1.2100106206731179E-012   1.5224904203565907E-012  -3.1095837147374782E-012   5.3828229767184738E-012   1.3028930479300119E-012  -3.5412262464297476E-012   2.9903698607617578E-015  -1.3670303359070656E-015   1.5558250528907718E-013   5.8558024093256129E-013   3.6680455591464084E-014  -2.6937142251721573E-013  -1.6170191261393879E-014   6.1031463869291435E-014  -9.5017730615803751E-013  -3.1438539091815303E-013   6.8755544468176812E-013   2.0775161978368960E-013  -1.7671132173804569E-012   2.2556489699993139E-002   6.3321832880323615E-013  -7.5916888699628710E-015  -5.8868253913216105E-015   1.5597660390965519E-013  -2.0030197728948453E-003  -8.3942139681456792E-014  -2.4714392240833465E-018   2.1276144652112785E-015   1.9109184460956459E-015
  -1.8810779212148493E-009  -3.7690509111312991E-010  0.17660456700620111        5.1770320303206541E-016   1.4740482797813684E-017  -5.3167189687969085E-018   3.6195715105079381E-017   1.2181496294642764E-017  -1.7676538316522898E-017  -4.7900674934033314E-017   1.8624055068171083E-011  -1.6384115716836580E-010  0.14531810819090657       -2.6456110638249540E-016   2.3495058311582354E-011   5.2263662838716069E-011   1.5841459443968733E-011   9.9935620036332071E-012  -1.4685854457930438E-011  -4.1518144119982216E-011  -2.5021289855335574E-011  -1.7789600950095954E-010  -1.8698437324137993E-011   1.2074887154452806E-010   6.9067484805296473E-016  -3.1102621590901894E-017  -1.5982018912756867E-017   3.9786350538026377E-016   8.7336404528792389E-017   1.8697300693704441E-016   5.6897470314931348E-016  -2.4791064243354113E-016  -3.8101280605318707E-018  -1.2526518056971226E-017  -1.3196631745449693E-016  -2.5304666920908842E-017  -6.5528547645272056E-017  -4.8698057814279141E-018   3.0768315346307296E-019   6.1211131177510698E-018  -6.5442269686847213E-018  -2.0975922170740014E-016  -6.3582672673334436E-017  -5.0653493685786988E-017  -4.8167583299620129E-017   3.8720559133554817E-017  -2.5657684576024905E-010  -2.6020806511974914E-011   7.8553876726838737E-002   4.0651711265418440E-012   9.4669626375844570E-012  -1.4526443433341629E-013  -4.4392990252504618E-012   5.0221285622022963E-012  -1.0150252077709541E-012   2.5577471709959543E-014   1.2662257947621144E-011  -9.5048950432134205E-012  -9.3548406085387428E-012   7.1328969333876982E-017  -1.2547840433873494E-016  -1.1198729535518262E-016  -7.1054910672110304E-016  -2.4953069900952573E-016  -5.5788308031768942E-017   1.6413558799806166E-010   5.5609013294089399E-011  -5.4915362184741461E-002   5.9339769252163159E-015   1.0326723990921666E-010   3.7251797282652511E-011  -2.9032691634870027E-002  -1.1275529556752196E-015  -5.0174754165535368E-016  -4.2843185856646717E-016  -4.3125359300388897E-015  -8.2246415844100791E-016  -2.0803813862572083E-015   1.5306351301968355E-012   1.2454259873496892E-012   1.1149984748502021E-012  -7.0108725842021338E-013  -5.7240384539570608E-013  -1.3523457704023522E-012  -2.9580399914756572E-012  -2.8931806396682778E-012   2.7240695346152806E-012   1.3272758075804976E-012   5.5894965078629226E-015   1.0903194706011369E-015   1.0977006272216950E-013   1.1821089293811031E-013   2.7640659092879660E-013  -1.8840263322553883E-013   5.2782654422653307E-014   4.2441901004369253E-014  -1.7501730638483027E-013   6.6869154464559225E-014   1.1673956707420392E-013  -2.5454322266712039E-013  -7.1931829262596221E-011  -2.5356665628012001E-011   2.2556489697343283E-002  -2.5182728511665770E-015  -1.7918617751593207E-015   6.7077512561608690E-012   2.0853523768233387E-012  -2.0030197732769143E-003  -2.2045626132412938E-016   3.1131119419819473E-016  -1.7539355900763391E-016
  -2.5282203466194112E-016   7.3422201983032623E-016   5.1770320303206541E-016  0.11610436808325332       -7.4597044287226945E-010   4.4585169743228444E-010  -4.9932781099351809E-010   8.5778956346335301E-010  -6.2070141469047649E-010  -1.1197780637148695E-010  -1.9553497751093055E-015  -1.9402843646057345E-015   3.5036831474400115E-016  0.29418241446892146        1.2650269728636656E-015   1.4541479621198080E-017  -4.5842219660236125E-016   9.0235370275439372E-016   3.0339520614924407E-017   2.8642466734610712E-016   1.4064710068933170E-015   3.3090615600892025E-016  -1.4132023475002278E-016  -6.3924839042836072E-016   3.4362436296071731E-011   1.0415478156380531E-010   1.0381375995762237E-010   1.3191078624160130E-010  -2.8128040238530207E-010  -1.6829739246973294E-010  0.17203417087673331       -1.9276629926264599E-012  -4.1139468436050138E-012  -5.5761022950443470E-012   4.5702173639059073E-012  -2.2261050157780825E-012  -4.9595599894527429E-013   3.6215400514588319E-012   1.1929615350961533E-011   6.6086331752507988E-013  -3.3157399734139904E-012   1.1778169631007597E-011   1.7049567585249587E-011  -2.4703370354848970E-011  -1.5390355050673103E-011   1.4666848405217254E-011   1.2661348714053662E-015   8.0384763428289336E-016   1.4652041250811567E-015   2.4821524796548467E-016   4.6280757889169407E-016   2.6652958467594219E-016  -2.9217429402476897E-016  -1.6708347445993526E-016   3.5544042595140583E-016  -2.3101072641719364E-016  -3.7227414730438678E-016   3.3978167961018627E-016   6.4920328489339014E-017  -2.0222589477344438E-010   8.5129856955179072E-011  -1.2088112459632309E-010   2.1661535433665999E-010  -1.2566581950621581E-010  -1.4615089241982588E-011   1.2995237029160246E-014   3.7993065981774036E-015   3.2315170266278307E-014 -0.15855658428586256        3.9258280264329048E-015   2.2906373232274834E-015   1.4392135498880363E-014  -4.0770722509612912E-010   8.9560377015358938E-011  -2.9233293004142188E-010   3.1232930875029752E-010  -9.7570201208369186E-011   9.5749280123802781E-011   1.0172935181824370E-015  -9.3398352535515183E-017  -3.6254566035954822E-017   4.9111581536674276E-016   1.5830680141653140E-018   4.0258648850992575E-016   5.8627871203438968E-018   8.8934401909642660E-017  -8.9338493655196361E-017  -7.5253303066268997E-017 -0.13289747701149313       -1.4125632406719987E-002   1.6417982185071181E-016   4.8353073248291914E-018   1.7591713575322058E-017   5.6878468879612772E-017  -2.5471984584437491E-018   7.8911678749394232E-017  -5.8954762663871451E-017  -7.9449732871526632E-018   1.9129855326140831E-019   2.3852544143789537E-017  -7.8545825019894783E-015  -1.1491486389275954E-014  -2.0298671990834530E-014   6.6224872794491435E-002   4.0336041721151246E-002   5.2529037844457833E-016   2.6327376402142988E-016   1.2030853621502134E-015   1.4300956693965729E-004  -1.0084267027677341E-002  -1.3579214771209854E-002
  -5.6038932789822013E-017  -2.3033063087663511E-016   1.4740482797813684E-017  -7.4597044287226945E-010   1.9563962790319414E-006  -1.2962906576920740E-014   1.6058139990229712E-014  -9.7819814972906155E-007  -1.3171789173733574E-013  -9.7819812934821133E-007  -4.9726720370108615E-017  -1.9047057270567281E-016  -6.7075671225342624E-018  -1.8900624559879008E-009   1.7428012527328563E-018  -9.1098737177572018E-019   5.1908896575574371E-018   6.5862828762283489E-019   2.1857681051719955E-019  -5.8255995152720144E-019   2.7841093100010287E-018   3.8631486880054071E-018   1.5562762427054042E-018   9.1109728919019568E-018   1.1180869608190969E-004  -1.8609073377679104E-013   4.6055310208590531E-013  -5.5904348260046681E-005  -4.3624579097492569E-012  -5.5904347823834824E-005  -1.1019410235410093E-009  -2.6013779281356767E-014   4.0834477009593820E-015  -2.7081768950744339E-014   1.0331615110572266E-014  -1.4030884009332982E-014   3.6481451158729325E-014  -2.7406316232080068E-015   9.9046966458889405E-015  -1.8006840084188853E-015   1.9700692336535811E-014   2.7096432463462513E-015   6.3029155515830737E-015  -1.4349811650706987E-014   4.1604270614568283E-015  -1.2137366644091525E-014  -3.3672670259138749E-017  -1.3207182629242406E-016  -5.1174534936648841E-017  -8.6043377503442268E-019   1.3918734012110437E-018   1.2334188783247428E-018  -4.6113435152575566E-019  -1.6857051916685001E-019  -3.3633773544740559E-019   1.4564270938322861E-018   2.5429573177491402E-018   3.2966063436817678E-019   3.3222636701391952E-018   4.3023037519253425E-004  -5.5133491867048802E-013   1.3033156660873285E-012  -2.1511518871952765E-004  -1.5600381556131672E-011  -2.1511518647215246E-004  -7.6935289150888792E-016  -4.5386872692588020E-016  -2.9325183481372289E-015   1.0312559148295267E-009  -3.6320970312401342E-016  -3.5520250089053312E-016  -1.4318071821288451E-015   1.6984877746114382E-003  -2.2858948416210001E-012   4.6712815533784713E-012  -8.4924389188107557E-004  -6.0586408741247289E-011  -8.4924388272447084E-004   5.5486008582867923E-018  -1.4226124502766314E-018  -1.2937321381970939E-018   2.1553479654551670E-018  -8.9032552094944459E-020   2.6836080337309740E-018  -3.2865914465016384E-018  -1.3544945125960535E-018  -1.1852059431717964E-018  -2.0364472774575320E-018   8.7163903391313383E-010   9.3155007515823844E-011   7.2450735288469324E-019   3.1558612158280764E-019  -3.2405090719893550E-019   2.8115432607053948E-019  -3.9827627166390379E-020   3.0684779091633132E-019   6.0068495023699040E-019  -3.2263272258876706E-019   2.0100469556862977E-019  -6.6075075881093021E-019   2.6257959733487883E-016   5.9355993049607303E-015   4.7373880623410574E-015  -4.4017350264568044E-010  -2.6865389886376176E-010  -3.1231959132748559E-017  -3.5219566248556169E-017  -1.2791779048775279E-016  -1.0146846582955029E-012   6.7465132372161865E-011   9.1151395672462192E-011
   4.0994117889995529E-018  -5.2709351723192646E-017  -5.3167189687969085E-018   4.4585169743228444E-010  -1.2962906576920740E-014   1.9563963830420812E-006   1.2319602354762397E-013  -3.7310835463429322E-014  -8.1134922056138533E-015   5.0268356117602351E-014   7.4523267533437260E-018  -5.2952611413105338E-017   3.7138261886414683E-018   1.1308461112942400E-009   2.6808118981562428E-018   9.2532106531837528E-019  -1.4197310096195923E-018   1.4958670562285654E-020   2.7870098592874411E-019   3.1355380436180495E-019  -3.4931637950921063E-019  -2.7257533520873524E-018   3.3278602992147809E-020  -4.0927110092428519E-018  -6.3964611411330025E-013   1.1180869907714471E-004   3.6680594672967769E-012  -8.6678351151376390E-013  -1.9332805927111455E-013   1.5064048700217988E-012   6.5780094728536387E-010   3.7612567267009795E-015  -1.0518888347289253E-014   1.1506073239512208E-014  -9.1456088293886984E-015  -1.9792172497948025E-014   2.5490575400891643E-015  -9.2270033518318065E-015  -1.9277317215525573E-014   2.6472221775370185E-014   2.8620023514275546E-015   4.5014973509349989E-015   6.9056102256031115E-015   1.2524938565586819E-015   7.8501584074402229E-015  -2.1579553203546030E-015  -3.4216991487863710E-017   5.7101311321470605E-017  -1.0796002896640640E-017   7.2714838351941336E-019  -4.2085815904111880E-019   3.2477901046833823E-019   8.8617885695303134E-019  -3.3834985583275397E-019   7.9628162699655559E-019  -7.8205016110508756E-019   2.4836493990648706E-019   1.6775520715485854E-022  -7.7934366333705048E-019  -2.2489415939553434E-012   4.3023038681975752E-004   1.2966779092420735E-011  -2.8814236534520284E-012  -9.9404412185496746E-013   5.1303916016359961E-012  -1.3975876610723954E-015   3.3638016145412451E-015  -5.9363159894844551E-016  -6.1680416868130448E-010  -7.3393401746765132E-016   1.7324013605915270E-015  -2.3633807106552489E-016  -8.9666716106768518E-012   1.6984878196138710E-003   5.0153988821978530E-011  -1.0656730979954692E-011  -3.4678722054796954E-012   1.9623571154568671E-011  -3.4065349051595426E-018   3.6510824868876195E-019   3.9400132708472361E-019  -1.6383508241652913E-018   3.1313887857586352E-020  -1.4055596760024490E-018   3.5237500183323558E-019   2.7145030970423877E-019   1.8723345722696712E-019   7.3143246200264292E-019  -5.2217558212713983E-010  -5.5472921981987570E-011  -3.2961747301069330E-021   2.1700229988478057E-020   1.1628565362852726E-020   4.2631740049083789E-020  -1.7530821841055881E-022   1.8115537920239589E-019   5.7008509295351400E-023   5.5490527761626877E-020  -5.6892144437867387E-020  -4.7160774135889559E-020   4.3076508627123984E-015  -8.3304265632416454E-015  -1.0235170370572507E-015   2.6397409090625245E-010   1.6138034003940712E-010  -6.6968102679321288E-017   1.5580265131658810E-016  -1.9857717727515203E-017   5.9952599452927854E-013  -4.0552231062765489E-011  -5.4835340425742106E-011
   2.3073829903793216E-017   7.9635653256400374E-018   3.6195715105079381E-017  -4.9932781099351809E-010   1.6058139990229712E-014   1.2319602354762397E-013   1.9563963024233843E-006   1.1340390741640112E-014  -2.0511069802166473E-014  -2.7385049330526250E-014   1.7131846004156741E-017   4.1790879739500480E-018   3.9691857876496737E-017  -1.2642799947284260E-009  -2.1862246066376159E-019   7.2172460085667087E-019  -1.3824985348749090E-018   4.7694059203271222E-019   7.0592331919263084E-019  -3.8637515938283062E-019   8.9454417807661298E-019  -1.9881633945663207E-018  -5.9454680695342765E-019  -3.0140770042139506E-018   7.4436697952852836E-013   4.0436959970303585E-012   1.1180869680991688E-004   1.7573622315258844E-013  -6.1510126601266589E-013  -9.2001507784869425E-013  -7.3877695014454368E-010   2.0625254802372779E-014   1.0209004382838595E-014  -3.1498949367556150E-014   3.9839764195060291E-016  -8.6410123366499299E-016  -3.6651872757330038E-014   4.5766198770655264E-015   2.8117282945034885E-015  -1.9836464118609408E-014   2.9465285375651224E-014  -3.6133880796567482E-015  -3.1088397599923152E-015   5.9234784657657757E-015   3.7451899159920159E-015   1.7482994340436687E-014   1.9537421742731249E-017   7.6759412128869598E-018  -1.3187579220243397E-017  -2.7864275254095355E-019  -3.1932185668186050E-019  -7.9488343071789182E-019   1.5967876388643523E-019  -9.3841566825700442E-020  -1.1534408569772681E-019  -2.7976876599027173E-019  -5.6970656110328394E-019   8.1935706037702288E-019  -1.7722834322000119E-018   2.4058316482432204E-012   1.4503582527584187E-011   4.3023037789473762E-004   1.1787525495845189E-012  -1.9616907268553878E-012  -3.5845626702939394E-012   1.8596607252154328E-016   2.5661408665354411E-016  -1.4492605714989467E-015   6.8899810771446125E-010   1.3608600169397145E-016   1.0702996152493985E-016  -7.1839154593425511E-016   9.0369971652362391E-012   5.6280180775638231E-011   1.6984877846519463E-003   4.6909512963746042E-012  -7.4696041851903978E-012  -1.3727848232367518E-011   4.5280293399230150E-019  -1.6929408278573967E-019   9.2841946448410859E-019   2.7258024807084529E-019  -2.8095058546522814E-020   1.8883630651241192E-019  -3.0320889983022409E-019   6.4758047188453426E-019   2.3674651312786754E-020   1.9581288415575608E-018   5.8174905888589115E-010   6.2240155121350190E-011  -5.2081514916732274E-020  -2.2611476805690090E-019   4.9887314242751831E-020   2.7566076027414211E-020   1.2201557317529566E-020   1.0511440058359680E-020  -4.9190119272081470E-019   1.3578049783228394E-019  -2.6860438245960459E-019   6.0682454106415310E-020  -1.9439156215862666E-015   2.3651001935057767E-016   2.3607157553367925E-015  -2.9319175218570202E-010  -1.7881566568172812E-010   1.3154801887460989E-017   9.2608725518179973E-018  -6.3814854445681971E-017  -6.7372593065356155E-013   4.4875838332666186E-011   6.0605981261205838E-011
  -7.4386347984098463E-017  -2.5145118766282011E-016   1.2181496294642764E-017   8.5778956346335301E-010  -9.7819814972906155E-007  -3.7310835463429322E-014   1.1340390741640112E-014   1.9563963338519620E-006   7.1935245114232573E-014  -9.7819818381699894E-007  -5.8116969384868168E-017  -2.0140671021897221E-016   2.4447602868370659E-017   2.1750541121510718E-009  -1.2677802673722297E-018  -5.9483657629509585E-019   3.6230362869637547E-019  -9.0004952083131735E-019  -3.7797247584690652E-019   1.5746453624472692E-018  -1.9442923303080790E-018  -7.0102471017345184E-019   2.4940468605650662E-019   1.1743093588548760E-018  -5.5904348245053493E-005  -1.5756254442562178E-012   2.1301734828525216E-013   1.1180869732259748E-004   2.3617822133213267E-012  -5.5904349072398196E-005   1.2655790342829006E-009   6.6244122341921491E-015  -8.9006966197085710E-016   2.1628463300878498E-015  -9.0305872654761197E-015   8.6345292971800783E-015  -4.8082224280085611E-015  -1.4825509607559360E-015  -2.1169109083884839E-014   3.1830938399569928E-015   1.3615944532980668E-014  -1.6406737547367084E-014  -1.8819462995645056E-014   3.5889683136518917E-014   1.2378695628775348E-014  -1.8856591546284624E-014  -3.1016055073033659E-017  -1.3223050854927423E-016  -9.9771529715224480E-017   9.3789105811338955E-019   9.0550491266811872E-020  -1.8655015558892994E-019  -6.3940011835674374E-020  -2.5791960369692083E-019   4.4552044453652441E-020  -6.1788720622633733E-019   6.5531495624515089E-019  -9.0052222663574233E-019  -1.0977254765043288E-018  -2.1511518867000412E-004  -5.6056651662764110E-012   1.3189205210770367E-012   4.3023038119128782E-004   8.6263010728809910E-012  -2.1511519252332499E-004  -4.8978984317880888E-018  -2.5831302789360313E-016  -4.8894925751950845E-015  -1.1881160025580227E-009   1.9786440930449432E-017  -2.2011688116654050E-016  -2.4371451465529905E-015  -8.4924389168742676E-004  -2.1426303377953242E-011   5.2493952192932619E-012   1.6984877985346853E-003   3.3906249110332777E-011  -8.4924390686683050E-004  -2.9468116560363147E-018  -1.7133171499044172E-019   7.0389278000414247E-019  -9.5375426318842128E-019  -9.3759251095945890E-020  -1.5395077317959157E-018   1.1809901989229200E-019   7.4541998060051227E-019  -2.2334263750246273E-019   8.0369058423060450E-019  -1.0059648839230514E-009  -1.0722049958837300E-010  -2.3497231607817194E-019  -3.3796502265157009E-019   1.0781473599573389E-019  -1.3401323974117083E-019  -1.2983312183773347E-020  -2.7003331485897478E-019  -7.1202318241558500E-019   1.3069903815106259E-019  -3.6179842548536753E-019   1.6505994125721257E-019  -4.5281227177326154E-016   3.8685642257487039E-015   9.1924059172557333E-015   5.0876390426984150E-010   3.1080670531044273E-010   1.4549482667309802E-018  -2.1921385024332523E-017  -2.1737796647906708E-016   1.1654644964461812E-012  -7.8085847883538145E-011  -1.0555889946183160E-010
   8.8898858472002541E-017   5.7619755438539728E-017  -1.7676538316522898E-017  -6.2070141469047649E-010  -1.3171789173733574E-013  -8.1134922056138533E-015  -2.0511069802166473E-014   7.1935245114232573E-014   1.9563964028537934E-006   5.9806998696384594E-014   6.6631981788866914E-017   4.9814188920726978E-017  -1.8606436188137167E-017  -1.5753986425369318E-009   6.8248570712108604E-019  -9.2783744966885075E-019  -8.1682384253162691E-020  -1.3835708711461906E-018   2.4674614824382731E-020   7.9760116000022487E-019   1.4382003669821129E-018  -1.1088654353601577E-018   7.3340182188209662E-019   2.4518405071627289E-018  -3.8940966656776327E-012  -1.9129777910760492E-013  -8.0087163882466668E-013   1.9939596508664009E-012   1.1180869963959438E-004   1.9004052760875564E-012  -9.1424128257955587E-010  -3.5876785963029129E-015   1.3990185777290836E-014  -1.4713817450847705E-015   3.2369466929569194E-015  -1.2669078821425476E-014   3.0057015457026589E-015   5.0877668312589029E-015  -6.6490758122120389E-015  -2.5594534814437655E-014   6.4280340726599850E-015   1.4009808167844761E-014  -1.9769989043843677E-014  -2.7907223099867575E-014   2.9282706336980964E-014   1.4138851643628514E-014   7.8193740633723260E-017  -3.2417140586574562E-018   2.3409171809892076E-017  -5.8545254611960744E-019   1.8254608512842181E-018   1.8217950821686193E-018   1.0871567126235885E-018   6.6359703731246268E-020  -2.0095542214281241E-019   6.2412574661849242E-019   1.0069764687756711E-018   5.5989870166849004E-019   1.1272520370790615E-018  -1.3750760313647300E-011  -9.8951182701043677E-013  -2.6527734525537362E-012   7.2423365633914067E-012   4.3023038925902023E-004   6.5085264619218984E-012   1.9867273063509984E-015  -1.7760461718648824E-015   1.6429071502021638E-015   8.5941696277664247E-010   9.5355228006459121E-016  -8.2076535415993657E-016   7.9087833377515041E-016  -5.3221147188928240E-011  -3.4647595604483393E-012  -1.0176669044758112E-011   2.8417112989589090E-011   1.6984878280339951E-003   2.4804413823389717E-011   4.3560425987017571E-019   3.9986162135020453E-019   2.8548839046948616E-020   3.3624110847459388E-019   5.0832640374841601E-020  -1.1226404846576046E-020   1.1309191399657693E-018  -5.1495524226840387E-019   6.0705088938195662E-019   2.1231966042535822E-019   7.2839760559172445E-010   7.7095978866122300E-011   1.0155709702712841E-020  -1.6520392918935713E-019  -3.1443340408088808E-019   4.4739367565539894E-020   5.8101163654937823E-020   5.7429000095429722E-020  -3.8526679300093302E-019  -3.4961673642811696E-019  -2.4655393573855618E-019  -7.3828045861498174E-019  -2.5985291100851439E-015   9.4543160070982372E-016  -2.1205071977312249E-015  -3.6883083387682315E-010  -2.2576536237102694E-010   8.4992961321835484E-017  -7.2028829429041863E-017   7.0126261842178555E-017  -8.3366004383984798E-013   5.6775585982767445E-011   7.6832616362542347E-011
  -1.0010373958910615E-016  -1.6819482957177203E-016  -4.7900674934033314E-017  -1.1197780637148695E-010  -9.7819812934821133E-007   5.0268356117602351E-014  -2.7385049330526250E-014  -9.7819818381699894E-007   5.9806998696384594E-014   1.9563963129046403E-006  -8.2628759446251569E-017  -1.1791086371615900E-016  -1.9018552736014626E-017  -2.8538506168072642E-010  -4.7502092941117788E-019   1.5058238694122245E-018  -5.5531932537907768E-018   2.4142136865458838E-019   1.5939540419072218E-019  -9.9208562479183643E-019  -8.3981732529622211E-019  -3.1621247460509232E-018  -1.8056803868875569E-018  -1.0285281701389056E-017  -5.5904347839446955E-005   1.7614084052389841E-012  -6.7280002276560759E-013  -5.5904349045068360E-005   2.0020673777679574E-012   1.1180869688134134E-004  -1.6388679069049133E-010   1.9389367049005412E-014  -3.1933780334649546E-015   2.4918922625492227E-014  -1.3010278530104046E-015   5.3963547156204393E-015  -3.1673228728914455E-014   4.2231825793362687E-015   1.1264412418831373E-014  -1.3824098327396074E-015  -3.3316636860067034E-014   1.3697094282705992E-014   1.2516547417947802E-014  -2.1539871448392928E-014  -1.6539122666702511E-014   3.0993958166529152E-014  -8.0195617677082031E-018  -2.0746479438445543E-016   1.8402348245740037E-017  -7.7457433249042769E-020  -1.4824239030756417E-018  -1.0468686977717709E-018   5.2507447772801286E-019   4.2649028695519603E-019   2.9178577686134623E-019  -8.3853965697068881E-019  -3.1982722074912450E-018   5.7086129330897881E-019  -2.2245382615312180E-018  -2.1511518653249913E-004   6.1558158019010706E-012  -2.6192716463185747E-012  -2.1511519240448922E-004   6.9794355536000817E-012   4.3023037893817552E-004   2.5744573524915033E-015  -6.5608702979537410E-015   2.6466703884635234E-015   1.5677589676088639E-010   1.1755271219477389E-015  -3.2038267001819196E-015   1.2072531983998742E-015  -8.4924388296336764E-004   2.3707522840445729E-011  -9.9089731911655606E-012  -8.4924390638803360E-004   2.6701300679739843E-011   1.6984877893650816E-003  -2.6017892957242213E-018   1.5939441742639892E-018   5.8983945283119203E-019  -1.2015935971670308E-018   1.8279195845595257E-019  -1.1441002790778658E-018   3.1684926398837388E-018   6.0907433224602674E-019   1.4085482839069544E-018   1.2327567719055384E-018   1.3401953235278122E-010   1.4019127362282474E-011  -4.8953502819961669E-019   2.2378905341272490E-020   2.1623618697458121E-019  -1.4714108873748567E-019   5.2810972425748037E-020  -3.6814484938704691E-020   1.1133824906465156E-019   1.9193363556199804E-019   1.6079370251163444E-019   4.9569084239126594E-019  -7.6762364280397520E-016   9.9110780424062266E-015  -1.2105400772212922E-015  -6.8410423961899879E-011  -4.2051830620570957E-011   1.0218754422941277E-016  -2.8511192259499474E-016   1.0620498996275686E-016  -1.5249659995944002E-013   1.0598410168911123E-011   1.4362841033940120E-011
  0.14531810823109470       -7.2742507415506708E-011   1.8624055068171083E-011  -1.9553497751093055E-015  -4.9726720370108615E-017   7.4523267533437260E-018   1.7131846004156741E-017  -5.8116969384868168E-017   6.6631981788866914E-017  -8.2628759446251569E-017  0.11957812149746649       -1.2319499134626262E-010   1.3002893877537816E-009  -6.3796673768086863E-015   9.3345605522787882E-012  -5.0741594769577794E-012  -1.3707650622203548E-011  -4.5713926658594781E-011  -4.1705925890085337E-011   3.3039046924116146E-011   2.5448806674312936E-011   5.6991274881760316E-011  -2.9066931214318928E-011  -3.2262848108794371E-011  -1.9829947675873022E-016  -1.4499658947933424E-016   4.4313114517514754E-017   1.5463016145321001E-016  -8.6893344672903714E-017   1.6731689285053536E-016  -3.5938144141420916E-015  -2.7545067170318665E-017  -1.5039346250795032E-018  -7.1484556147765957E-018  -1.5775080244769385E-017  -4.6291887918421304E-018  -1.4044799758730726E-017  -3.7788232188797802E-018  -1.1628947895719093E-018  -1.8590561517977957E-018  -2.1445755951789584E-018  -2.7237703397961956E-017  -7.5430930421606972E-018  -1.5237349229308671E-017  -1.6179632424921482E-017  -3.4161203197437753E-017   6.4621959892359512E-002  -9.3438014808259405E-011   4.8245077740465029E-010  -2.1235521797120132E-012   5.2216934728024139E-012   5.9065817381549496E-012   2.4680435199189830E-012  -1.0880063276422449E-011   3.2653752026789109E-013  -2.6182537664212899E-012  -2.9700100945340009E-012  -1.7093734283932659E-012  -2.1879651647647911E-012  -8.1321624271368557E-016  -5.1140198218404052E-016   1.2560985250496944E-016   4.5048002268862874E-016  -3.7045304566238489E-016   4.3944955947489962E-016  -4.5558733362811923E-002   8.7505809177421085E-011  -3.5463648540407864E-010   1.6706361217302041E-015  -2.4138130690395904E-002   4.0932256429430057E-011  -1.7373748242192660E-010  -3.2130270064910992E-015  -2.0062634548137990E-015   5.0916488812887388E-016   1.8139411691916623E-015  -1.4479103599657173E-015   1.7847728231154842E-015   5.7261988451719173E-013  -2.3440732841512601E-013   1.5070098133655384E-012  -1.6937528495501339E-012   1.9758873623571012E-013   9.3036144128801778E-013   4.2534265953223233E-013   6.4187973655571177E-013  -3.3571915018239426E-013  -1.6025075077860350E-012   6.4095719486993437E-016  -7.5864750908430534E-017   2.2930420124095989E-013   7.5216740438363240E-014   3.9876999272593992E-013  -2.8780376847374086E-013  -5.2254111850880679E-014  -1.9051952179776652E-014  -8.2517627013557467E-014  -1.4411721232276863E-013   3.5553575273937292E-014  -1.9003187331297503E-013   2.1482381641812917E-002  -3.7354954030568210E-011   1.4776411770189127E-010   2.8292050182939351E-016   1.6340352309594397E-016  -1.6714334949457480E-003   3.3181559926872029E-012  -1.2373702566989818E-011  -1.3649504972714606E-016  -7.2046143169136483E-017  -1.7301478612499632E-015
   1.1531876329430112E-010  0.14531810826656077       -1.6384115716836580E-010  -1.9402843646057345E-015  -1.9047057270567281E-016  -5.2952611413105338E-017   4.1790879739500480E-018  -2.0140671021897221E-016   4.9814188920726978E-017  -1.1791086371615900E-016  -1.2319499134626262E-010  0.11957811914736177        1.8892353542811618E-010  -3.1620441076321374E-015  -5.9880822743247255E-012   2.3861461698641888E-011  -7.5705532645873274E-012  -2.6537737022721309E-011   6.0421678688515450E-011   3.4566018860953588E-011   4.2218726475372632E-011   1.6330854807011712E-010  -8.0652720972510450E-011  -1.1608371682442092E-010  -2.9511358367068189E-015   1.7406101395254238E-016  -4.0217375600674019E-016  -2.1382945943562968E-015   1.3831495846666929E-015  -2.3246659275002267E-015  -5.9628895298251847E-016   8.4007562633823738E-016  -4.5731509791329076E-017   1.0864871346878521E-016   4.3444263774309635E-016  -2.7056070740182337E-016   5.0222773380993597E-016  -3.2160936509683956E-017   5.0092390082605741E-017  -2.2336470553933204E-017   1.1298215705182519E-016   6.5939908653155530E-016  -5.8727105714773651E-016   4.4856352943200693E-016  -5.8698769106400328E-016   8.6765013001028693E-016  -6.1359672598277170E-011   6.4621958929473797E-002   1.0613522791061652E-010   1.3266293906494143E-012  -6.1932520792303267E-013   2.7347181187033021E-012  -1.0889990056321930E-012  -2.8104467996446005E-012  -6.9276374925374790E-013  -4.8979420940415725E-012  -1.7430460846068534E-011   7.1661131252409396E-012   1.0951751744882230E-011  -1.5743919986158070E-015   1.9350550427200201E-016  -4.4222337164261208E-016   3.5943530543857771E-016  -5.3010399834213559E-016   1.1598155984534234E-015   6.8456461621517632E-011  -4.5558732594045477E-002  -1.1824646388529872E-010  -8.6673742741029290E-015   2.9590768386075347E-011  -2.4138130317095340E-002  -4.9523011638777898E-011  -3.4487039599834654E-015   8.4849636412440122E-016  -2.0287715561494131E-015   4.5056309676825322E-015  -4.9387355547407664E-016   7.2136027171614085E-015   9.1886098463218900E-013   2.3526447740758449E-012  -5.0914157830407955E-013  -2.4816635516234201E-012   9.9791239276141991E-013   1.2506965835670546E-012  -2.5518576110698251E-012   4.4088589851243891E-012   1.0643203045356329E-012  -2.9025200689488831E-012  -8.6176612286250709E-015  -2.0397491394728035E-016   1.2847649213483483E-013   4.8394786290348920E-013   2.9662821651854087E-014  -2.2249415882197387E-013  -1.2727093039706930E-014   5.0450220190853272E-014  -7.8427230817861226E-013  -2.5634867348210950E-013   5.6688836266643777E-013   1.6959121071207569E-013  -2.9148002661706977E-011   2.1482381317886566E-002   4.9582806112240153E-011   1.2690559052194833E-014   1.0304914877301220E-014   2.5620643779427913E-012  -1.6714334671898748E-003  -4.4378747218189508E-012   1.6899469712422590E-015  -3.2542907275203914E-015   8.2211525059164247E-015
   1.3755932884537460E-011   8.3248531846689378E-011  0.14531810819090657        3.5036831474400115E-016  -6.7075671225342624E-018   3.7138261886414683E-018   3.9691857876496737E-017   2.4447602868370659E-017  -1.8606436188137167E-017  -1.9018552736014626E-017   1.3002893877537816E-009   1.8892353542811618E-010  0.11957811902280484       -1.2544195536366425E-016   1.9334063347814299E-011   4.3003862572768775E-011   1.3034552498361229E-011   8.2231705175971430E-012  -1.2086559354121640E-011  -3.4164722582043939E-011  -2.0591101544461316E-011  -1.4638449737884174E-010  -1.5381580386796599E-011   9.9360679337945303E-011  -7.8489951899329800E-016   5.2661312052211077E-016   3.9123867662835807E-016   5.5154802094447390E-016  -1.8251264336410152E-017   1.4321864296894544E-015  -1.1525814202507895E-016  -2.1841982363815716E-016  -3.8858495118861673E-018  -1.1239350435063539E-017  -1.1829774480588444E-016  -2.2058207924482122E-017  -6.4407292594733766E-017  -3.7215294068529522E-018  -6.2737505296827868E-019   4.4604825366099433E-018  -7.1490303525263696E-018  -1.8819810881111483E-016  -5.2418252503143824E-017  -4.8784629054288500E-017  -3.8332443216521790E-017   1.5542981719156567E-017   4.8339794970459165E-010   1.5238864918216419E-010   6.4621958986315647E-002   3.3391845494524397E-012   7.7912058469746543E-012  -1.1552972674323410E-013  -3.6526198038690445E-012   4.1337272118177105E-012  -8.2763347574949265E-013   2.3080685204590591E-014   1.0415477133983547E-011  -7.8251475318998090E-012  -7.6979198520227453E-012  -5.3256903797942090E-015   2.0224792203838895E-015   1.4671376373880133E-015   1.2726790671491984E-016  -5.6302037301634374E-016   4.6337763647703145E-015  -3.5465358174562539E-010  -1.4445133363215346E-010  -4.5558732698205241E-002  -2.9440173863665167E-015  -1.7376159620221182E-010  -6.5065387920507660E-011  -2.4138130364108289E-002  -2.2238048547832407E-014   7.9744065087428413E-015   5.7961096553337563E-015  -8.0842250711760872E-016  -2.0812019223708726E-015   1.6746279562907216E-014   1.2583302951010336E-012   1.0302006931592612E-012   9.2047163535025367E-013  -5.7830286808715228E-013  -4.6321708657849652E-013  -1.1098187421178043E-012  -2.4238088184963874E-012  -2.3693597488637056E-012   2.2223928554697910E-012   1.0815987000883502E-012  -8.7513855998150488E-015  -8.4131984644833941E-016   8.9717308600680648E-014   9.6811471635982539E-014   2.2850185206048534E-013  -1.5502229738510487E-013   4.2536897816395879E-014   3.5732724384536886E-014  -1.4504724976664220E-013   5.1825276397617744E-014   9.7905405550686011E-014  -2.0786424789590066E-013   1.4775570666298994E-010   6.0855146690650097E-011   2.1482381365001694E-002   3.8980129796573250E-015   1.7678553748526309E-015  -1.2373475502284278E-011  -5.4728974975085728E-012  -1.6714334717845176E-003   2.9767996904710986E-016  -3.2715388875685741E-016   4.4923875278634729E-015
