  0.22450630264185242       0.15690403953767029       -2.2919020617437963E-017   1.4544491842911582E-016  -1.3178595260838676E-017  -1.0906805017223217E-015   5.4339752561444105E-018   3.2236080491486431E-018  -1.1086927290968197E-015   2.0429370873373887E-018  -1.1561666674139905E-015  0.11119093421216630        6.5062264356594386E-017  -1.1246100959054354E-016  -6.1458521015638441E-018  -2.9483115212538498E-017   4.7451998037713883E-018   3.7556541268659844E-018  -1.2167690485069353E-017   3.5832772406917882E-023  -1.2166724235232238E-017   1.2366313640208089E-017   3.7556052440476982E-018   4.7452252947471068E-018   9.4425445950099740E-018  -3.6682013423915306E-016  -1.9104471270591975E-018  -1.6973534968903761E-018  -2.6507513009111965E-016  -6.7624556977397992E-019  -1.8510212484263544E-016   5.0794617278072954E-002  -1.6562564001471990E-017   3.4847360277176666E-017   5.8528748685536174E-019
  0.15690403953767029       0.10965784627664771       -1.6017754846107314E-017   1.0164924085966820E-016  -9.2103197439238022E-018  -7.6226001030450720E-016   3.7977226403169171E-018   2.2529306253127892E-018  -7.7484848199938999E-016   1.4277776514627017E-018  -8.0802729527577791E-016   7.7709652390862999E-002   4.5471026776930984E-017  -7.8597288751355860E-017  -4.2952425379111877E-018  -2.0605300700094676E-017   3.3163479548849600E-018   2.6247695350969721E-018  -8.5038137748723991E-018   2.5042979516920139E-023  -8.5031384775606462E-018   8.6426284763763535E-018   2.6247353716389178E-018   3.3163657701400997E-018   6.5992507695214491E-018  -2.5636501144330945E-016  -1.3351824337729943E-018  -1.1862545374075519E-018  -1.8525697587483533E-016  -4.7261774109859985E-019  -1.2936505912329524E-016   3.5499585285201009E-002  -1.1575324016973500E-017   2.4354289970362208E-017   4.0904852067764483E-019
  -2.2919020617437963E-017  -1.6017754846107314E-017   2.3397183058175024E-033  -1.4847935425208263E-032   1.3453541969103076E-033   1.1134355076832252E-031  -5.5473449727110021E-034  -3.2908625936813081E-034   1.1318235264472534E-031  -2.0855591435002190E-034   1.1802879195746906E-031  -1.1351072480785481E-017  -6.6419666648948829E-033   1.1480729793031030E-032   6.2740737952542296E-034   3.0098225193277953E-033  -4.8441995105140927E-034  -3.8340088163547715E-034   1.2421546558484949E-033  -3.6580356092907988E-039   1.2420560149654648E-033  -1.2624313613759442E-033  -3.8339589136880325E-034  -4.8442255333112777E-034  -9.6395456032853104E-034   3.7447314933203348E-032   1.9503050283378713E-034   1.7327655986731709E-034   2.7060542622805957E-032   6.9035416706433386E-035   1.8896393400445575E-032  -5.1854351835644259E-018   1.6908110879761455E-033  -3.5574385184632819E-033  -5.9749841409867888E-035
   1.4544491842911582E-016   1.0164924085966820E-016  -1.4847935425208263E-032   9.4225525287808067E-032  -8.5376654916488373E-033  -7.0659012570481702E-031   3.5203648119249804E-033   2.0883930840187524E-033  -7.1825922768717791E-031   1.3235032358873748E-033  -7.4901490360717581E-031   7.2034308909111676E-017   4.2150156235276908E-032  -7.2857118815262036E-032  -3.9815495024892269E-033  -1.9100440551839037E-032   3.0741462055538995E-033   2.4330756050149537E-033  -7.8827575406416603E-033   2.3214023831336662E-038  -7.8821315620963479E-033   8.0114342337114858E-033   2.4330439366054940E-033   3.0741627197133705E-033   6.1172898587858660E-033  -2.3764198988961943E-031  -1.2376704942735274E-033  -1.0996191999759632E-033  -1.7172716409300023E-031  -4.3810120507276964E-034  -1.1991718331284968E-031   3.2906955750070964E-017  -1.0729947185554110E-032   2.2575631121899412E-032   3.7917461461676981E-034
  -1.3178595260838676E-017  -9.2103197439238022E-018   1.3453541969103076E-033  -8.5376654916488373E-033   7.7358796169770899E-034   6.4023311247598836E-032  -3.1897617000258518E-034  -1.8922687363072769E-034   6.5080635035489929E-032  -1.1992109219457203E-034   6.7867371136694521E-032  -6.5269451298847916E-018  -3.8191767385572099E-033   6.6014989805581577E-033   3.6076357958062004E-034   1.7306687511332604E-033  -2.7854481994420614E-034  -2.2045815683233550E-034   7.1424751231903207E-034  -2.1033957580150654E-039   7.1419079312952896E-034  -7.2590675814065114E-034  -2.2045528739450756E-034  -2.7854631627303009E-034  -5.5428053460294402E-034   2.1532464905344371E-032   1.1214388709126471E-034   9.9635219532217655E-035   1.5559999038235469E-032   3.9695841747496469E-035   1.0865556808504379E-032  -2.9816610699112584E-018   9.7222806170095425E-034  -2.0455517355080574E-033  -3.4356571774312149E-035
  -1.0906805017223217E-015  -7.6226001030450720E-016   1.1134355076832252E-031  -7.0659012570481702E-031   6.4023311247598836E-032   5.2986661970686853E-030  -2.6398950893476643E-032  -1.5660702630742619E-032   5.3861719149874111E-030  -9.9248512009876317E-033   5.6168064150134860E-030  -5.4017986348901450E-016  -3.1608085072268235E-031   5.4635005307662483E-031   2.9857340193866065E-032   1.4323276680408824E-031  -2.3052791132578321E-032  -1.8245450925804361E-032   5.9112205790624306E-032  -1.7408021835906037E-037   5.9107511624604331E-032  -6.0077142631822824E-032  -1.8245213446784187E-032  -2.3052914971017864E-032  -4.5873096457564555E-032   1.7820594047733668E-030   9.2811979286787871E-033   8.2459616581090105E-033   1.2877690847864679E-030   3.2852879792207873E-033   8.9924993649420007E-031  -2.4676678563461464E-016   8.0463066748514341E-032  -1.6929295945620475E-031  -2.8434019103399526E-033
   5.4339752561444105E-018   3.7977226403169171E-018  -5.5473449727110021E-034   3.5203648119249804E-033  -3.1897617000258518E-034  -2.6398950893476643E-032   1.3152453511069089E-034   7.8024563980842844E-035  -2.6834920827101228E-032   4.9447474087890510E-035  -2.7983985254654366E-032   2.6912776082743978E-018   1.5747742066130855E-033  -2.7220186525049021E-033  -1.4875488061953101E-034  -7.1361256523193328E-034   1.1485333826146290E-034   9.0902265797779540E-035  -2.9450811955942289E-034   8.6730036674679688E-040  -2.9448473234202920E-034   2.9931561626495194E-034   9.0901082632666150E-035   1.1485395524784449E-034   2.2854838853312014E-034  -8.8785548978148810E-033  -4.6240672508748412E-035  -4.1082930833110037E-035  -6.4159076203408272E-033  -1.6367922191882593E-035  -4.4802322002479318E-033   1.2294385065647541E-018  -4.0088212180787601E-034   8.4344934311357388E-034   1.4166362742949944E-035
   3.2236080491486431E-018   2.2529306253127892E-018  -3.2908625936813081E-034   2.0883930840187524E-033  -1.8922687363072769E-034  -1.5660702630742619E-032   7.8024563980842844E-035   4.6286668713766037E-035  -1.5919333949615460E-032   2.9333824312054744E-035  -1.6600995746559097E-032   1.5965520179203956E-018   9.3420646372827368E-034  -1.6147885892976090E-033  -8.8246156434563263E-035  -4.2333781455005884E-034   6.8134676408876939E-035   5.3926133612814526E-035  -1.7471164295013791E-034   5.1451033754950976E-040  -1.7469776890421689E-034   1.7756360387113686E-034   5.3925431721399270E-035   6.8135042424946607E-035   1.3558221930846017E-034  -5.2670429444891721E-033  -2.7431446974054157E-035  -2.4371709526369424E-035  -3.8061217566529090E-033  -9.7099753382073919E-036  -2.6578171415932468E-033   7.2934227317543447E-019  -2.3781610583493471E-034   5.0036114692197538E-034   8.4039398069940834E-036
  -1.1086927290968197E-015  -7.7484848199938999E-016   1.1318235264472534E-031  -7.1825922768717791E-031   6.5080635035489929E-032   5.3861719149874111E-030  -2.6834920827101228E-032  -1.5919333949615460E-032   5.4751227608654539E-030  -1.0088756832570804E-032   5.7095661132990975E-030  -5.4910075508735594E-016  -3.2130082132172692E-031   5.5537284331312869E-031   3.0350424281754684E-032   1.4559820852517856E-031  -2.3433500345625689E-032  -1.8546768506990483E-032   6.0088424297902542E-032  -1.7695509552935377E-037   6.0083652609284931E-032  -6.1069296751554251E-032  -1.8546527106082914E-032  -2.3433626229216057E-032  -4.6630675457520214E-032   1.8114895258243550E-030   9.4344738395757836E-033   8.3821409847520623E-033   1.3090361648565658E-030   3.3395434224775284E-033   9.1410075146435728E-031  -2.5084205739779900E-016   8.1791887655493976E-032  -1.7208877663072244E-031  -2.8903597514723913E-033
   2.0429370873373887E-018   1.4277776514627017E-018  -2.0855591435002190E-034   1.3235032358873748E-033  -1.1992109219457203E-034  -9.9248512009876317E-033   4.9447474087890510E-035   2.9333824312054744E-035  -1.0088756832570804E-032   1.8590088089760973E-035  -1.0520754812711408E-032   1.0118027004351006E-018   5.9204624224860211E-034  -1.0233599888660634E-033  -5.5925330575706514E-035  -2.6828712071403376E-034   4.3179833046448679E-035   3.4175277097792799E-035  -1.1072217513129385E-034   3.2606701384678929E-040  -1.1071338256019607E-034   1.1252958367734348E-034   3.4174832279445892E-035   4.3180065006349472E-035   8.5924200456664345E-035  -3.3379484130328553E-033  -1.7384470918362611E-035  -1.5445385578554929E-035  -2.4121007197638427E-033  -6.1536230314334321E-036  -1.6843714022106046E-033   4.6221511936805166E-019  -1.5071414860893316E-034   3.1710007188359668E-034   5.3259329452268549E-036
  -1.1561666674139905E-015  -8.0802729527577791E-016   1.1802879195746906E-031  -7.4901490360717581E-031   6.7867371136694521E-032   5.6168064150134860E-030  -2.7983985254654366E-032  -1.6600995746559097E-032   5.7095661132990975E-030  -1.0520754812711408E-032   5.9540482699570390E-030  -5.7261310859414306E-016  -3.3505884008776494E-031   5.7915376602916162E-031   3.1650021665626549E-032   1.5183268647313599E-031  -2.4436916820513099E-032  -1.9340936377831473E-032   6.2661395215659414E-032  -1.8453226733683297E-037   6.2656419204558961E-032  -6.3684268376215372E-032  -1.9340684640198954E-032  -2.4437048094406521E-032  -4.8627389021396217E-032   1.8890570427334301E-030   9.8384555897581361E-033   8.7410621119791870E-033   1.3650887577115508E-030   3.4825418153463668E-033   9.5324231120566645E-031  -2.6158304996294040E-016   8.5294195308007482E-032  -1.7945757391101094E-031  -3.0141242147494389E-033
  0.11119093421216630        7.7709652390862999E-002  -1.1351072480785481E-017   7.2034308909111676E-017  -6.5269451298847916E-018  -5.4017986348901450E-016   2.6912776082743978E-018   1.5965520179203956E-018  -5.4910075508735594E-016   1.0118027004351006E-018  -5.7261310859414306E-016   5.5069384268900741E-002   3.2223300061688498E-017  -5.5698412791395814E-017  -3.0438478949646068E-018  -1.4602062772361368E-017   2.3501487174123078E-018   1.8600577624325400E-018  -6.0262756827706721E-018   1.7746848941221598E-023  -6.0257971295148982E-018   6.1246475053705732E-018   1.8600335523049473E-018   2.3501613422935285E-018   4.6765963472041689E-018  -1.8167451396208671E-016  -9.4618457620557340E-019  -8.4064598092198570E-019  -1.3128340275712412E-016  -3.3492323277872276E-019  -9.1675280131190568E-017   2.5156981704465942E-002  -8.2029187715514667E-018   1.7258805202580027E-017   2.8987454552648593E-019
   6.5062264356594386E-017   4.5471026776930984E-017  -6.6419666648948829E-033   4.2150156235276908E-032  -3.8191767385572099E-033  -3.1608085072268235E-031   1.5747742066130855E-033   9.3420646372827368E-034  -3.2130082132172692E-031   5.9204624224860211E-034  -3.3505884008776494E-031   3.2223300061688498E-017   1.8855142120265089E-032  -3.2591369817630296E-032  -1.7810771876919932E-033  -8.5442511566110126E-033   1.3751660440034340E-033   1.0883942177066412E-033  -3.5262150132671594E-033   1.0384391366899471E-038  -3.5259349926102907E-033   3.5837763025267874E-033   1.0883800513923397E-033   1.3751734313265577E-033   2.7364636333596759E-033  -1.0630502691615791E-031  -5.5365045238088635E-034  -4.9189559768147257E-034  -7.6819171601875585E-032  -1.9597698377670566E-034  -5.3642874332534666E-032   1.4720356526070803E-017  -4.7998559719984396E-033   1.0098817448791279E-032   1.6961719446753482E-034
  -1.1246100959054354E-016  -7.8597288751355860E-017   1.1480729793031030E-032  -7.2857118815262036E-032   6.6014989805581577E-033   5.4635005307662483E-031  -2.7220186525049021E-033  -1.6147885892976090E-033   5.5537284331312869E-031  -1.0233599888660634E-033   5.7915376602916162E-031  -5.5698412791395814E-017  -3.2591369817630296E-032   5.6334626374834734E-032   3.0786161635677223E-033   1.4768854431520445E-032  -2.3769932262983897E-033  -1.8813042209065486E-033   6.0951106504974124E-033  -1.7949561833632564E-038   6.0946266309802767E-033  -6.1946061225269669E-033  -1.8812797342394417E-033  -2.3770059953869677E-033  -4.7300146399568797E-033   1.8374968608557671E-031   9.5699234342287154E-034   8.5024823644637517E-034   1.3278298380312240E-031   3.3874888416489685E-034   9.2722438489247805E-032  -2.5444336633925946E-017   8.2966163849081145E-033  -1.7455943428851063E-032  -2.9318562952537546E-034
  -6.1458521015638441E-018  -4.2952425379111877E-018   6.2740737952542296E-034  -3.9815495024892269E-033   3.6076357958062004E-034   2.9857340193866065E-032  -1.4875488061953101E-034  -8.8246156434563263E-035   3.0350424281754684E-032  -5.5925330575706514E-035   3.1650021665626549E-032  -3.0438478949646068E-018  -1.7810771876919932E-033   3.0786161635677223E-033   1.6824248410768386E-034   8.0709923711446671E-034  -1.2989967694970231E-034  -1.0281089901145321E-034   3.3309009706572596E-034  -9.8092087843622650E-040   3.3306364601057881E-034  -3.3852739891901066E-034  -1.0280956084602994E-034  -1.2990037476426185E-034  -2.5848932462234564E-034   1.0041688212673639E-032   5.2298422594816549E-035   4.6464991998918540E-035   7.2564223194289879E-033   1.8512198576441540E-035   5.0671641267142355E-033  -1.3905008530855382E-018   4.5339960427799781E-034  -9.5394525620553221E-034  -1.6022224270680573E-035
  -2.9483115212538498E-017  -2.0605300700094676E-017   3.0098225193277953E-033  -1.9100440551839037E-032   1.7306687511332604E-033   1.4323276680408824E-031  -7.1361256523193328E-034  -4.2333781455005884E-034   1.4559820852517856E-031  -2.6828712071403376E-034   1.5183268647313599E-031  -1.4602062772361368E-017  -8.5442511566110126E-033   1.4768854431520445E-032   8.0709923711446671E-034   3.8718471259246195E-033  -6.2315966578582005E-034  -4.9320835102556956E-034   1.5979124693621483E-033  -4.7057109080058624E-039   1.5977855773553917E-033  -1.6239965004023600E-033  -4.9320193152755774E-034  -6.2316301336833846E-034  -1.2400348093493269E-033   4.8172368226582062E-032   2.5088797994417295E-034   2.2290362504903239E-034   3.4810784857663927E-032   8.8807422379678824E-035   2.4308392274969212E-032  -6.6705635243357494E-018   2.1750658085062130E-033  -4.5763024281052319E-033  -7.6862423033806017E-035
   4.7451998037713883E-018   3.3163479548849600E-018  -4.8441995105140927E-034   3.0741462055538995E-033  -2.7854481994420614E-034  -2.3052791132578321E-032   1.1485333826146290E-034   6.8134676408876939E-035  -2.3433500345625689E-032   4.3179833046448679E-035  -2.4436916820513099E-032   2.3501487174123078E-018   1.3751660440034340E-033  -2.3769932262983897E-033  -1.2989967694970231E-034  -6.2315966578582005E-034   1.0029527417603296E-034   7.9380084283279393E-035  -2.5717818084693073E-034   7.5736699857883590E-040  -2.5715775804149715E-034   2.6137631045709287E-034   7.9379051088500384E-035   1.0029581295722330E-034   1.9957907743384237E-034  -7.7531668756213103E-033  -4.0379504832426634E-035  -3.5875525032469244E-035  -5.6026687914398488E-033  -1.4293230556256792E-035  -3.9123470305514690E-033   1.0736028570434515E-018  -3.5006890463610848E-034   7.3653917597582695E-034   1.2370726501190735E-035
   3.7556541268659844E-018   2.6247695350969721E-018  -3.8340088163547715E-034   2.4330756050149537E-033  -2.2045815683233550E-034  -1.8245450925804361E-032   9.0902265797779540E-035   5.3926133612814526E-035  -1.8546768506990483E-032   3.4175277097792799E-035  -1.9340936377831473E-032   1.8600577624325400E-018   1.0883942177066412E-033  -1.8813042209065486E-033  -1.0281089901145321E-034  -4.9320835102556956E-034   7.9380084283279393E-035   6.2826467474040809E-035  -2.0354723429559410E-034   5.9942860393445000E-040  -2.0353107038328678E-034   2.0686990213836707E-034   6.2825649737718612E-035   7.9380510709117008E-035   1.5795962589494944E-034  -6.1363513396349014E-033  -3.1958918535775580E-035  -2.8394181322900581E-035  -4.4343098369242161E-033  -1.1312575348711072E-035  -3.0964812607773592E-033   8.4971785539267166E-019  -2.7706688458916498E-034   5.8294413517710626E-034   9.7909828790774608E-036
  -1.2167690485069353E-017  -8.5038137748723991E-018   1.2421546558484949E-033  -7.8827575406416603E-033   7.1424751231903207E-034   5.9112205790624306E-032  -2.9450811955942289E-034  -1.7471164295013791E-034   6.0088424297902542E-032  -1.1072217513129385E-034   6.2661395215659414E-032  -6.0262756827706721E-018  -3.5262150132671594E-033   6.0951106504974124E-033   3.3309009706572596E-034   1.5979124693621483E-033  -2.5717818084693073E-034  -2.0354723429559410E-034   6.5945895504159140E-034  -1.9420483021576914E-039   6.5940658667237012E-034  -6.7022384246994781E-034  -2.0354458496684051E-034  -2.5717956239523941E-034  -5.1176273748907839E-034   1.9880750805619244E-032   1.0354154452059830E-034   9.1992392867736430E-035   1.4366421344453463E-032   3.6650849833982490E-035   1.0032080777735759E-032  -2.7529435658343531E-018   8.9765031109417987E-034  -1.8886413837156216E-033  -3.1721145023714500E-035
   3.5832772406917882E-023   2.5042979516920139E-023  -3.6580356092907988E-039   2.3214023831336662E-038  -2.1033957580150654E-039  -1.7408021835906037E-037   8.6730036674679688E-040   5.1451033754950976E-040  -1.7695509552935377E-037   3.2606701384678929E-040  -1.8453226733683297E-037   1.7746848941221598E-023   1.0384391366899471E-038  -1.7949561833632564E-038  -9.8092087843622650E-040  -4.7057109080058624E-039   7.5736699857883590E-040   5.9942860393445000E-040  -1.9420483021576914E-039   5.7191605013168778E-045  -1.9418940819416258E-039   1.9737499436220032E-039   5.9942080189556886E-040   7.5737106711642540E-040   1.5070960032464113E-039  -5.8547052932563423E-038  -3.0492069173028499E-040  -2.7090946148262307E-040  -4.2307840339082551E-038  -1.0793351147719738E-040  -2.9543590685309274E-038   8.1071753398622937E-024  -2.6435007808512187E-039   5.5618818496419536E-039   9.3415966778277132E-041
  -1.2166724235232238E-017  -8.5031384775606462E-018   1.2420560149654648E-033  -7.8821315620963479E-033   7.1419079312952896E-034   5.9107511624604331E-032  -2.9448473234202920E-034  -1.7469776890421689E-034   6.0083652609284931E-032  -1.1071338256019607E-034   6.2656419204558961E-032  -6.0257971295148982E-018  -3.5259349926102907E-033   6.0946266309802767E-033   3.3306364601057881E-034   1.5977855773553917E-033  -2.5715775804149715E-034  -2.0353107038328678E-034   6.5940658667237012E-034  -1.9418940819416258E-039   6.5935422246177931E-034  -6.7017061924904063E-034  -2.0352842126491934E-034  -2.5715913948009555E-034  -5.1172209784079456E-034   1.9879172053081843E-032   1.0353332217136527E-034   9.1985087649483777E-035   1.4365280490952872E-032   3.6647939349225694E-035   1.0031284119041219E-032  -2.7527249515233350E-018   8.9757902768440346E-034  -1.8884914046023608E-033  -3.1718626012300640E-035
   1.2366313640208089E-017   8.6426284763763535E-018  -1.2624313613759442E-033   8.0114342337114858E-033  -7.2590675814065114E-034  -6.0077142631822824E-032   2.9931561626495194E-034   1.7756360387113686E-034  -6.1069296751554251E-032   1.1252958367734348E-034  -6.3684268376215372E-032   6.1246475053705732E-018   3.5837763025267874E-033  -6.1946061225269669E-033  -3.3852739891901066E-034  -1.6239965004023600E-033   2.6137631045709287E-034   2.0686990213836707E-034  -6.7022384246994781E-034   1.9737499436220032E-039  -6.7017061924904063E-034   6.8116445395278734E-034   2.0686720956245521E-034   2.6137771455754357E-034   5.2011665886201656E-034  -2.0205280547428876E-032  -1.0523173776522879E-034  -9.3494059872051906E-035  -1.4600936180197294E-032  -3.7249131606638879E-035  -1.0195842630416480E-032   2.7978821133455558E-018  -9.1230339067568088E-034   1.9194712204064458E-033   3.2238955196232844E-035
   3.7556052440476982E-018   2.6247353716389178E-018  -3.8339589136880325E-034   2.4330439366054940E-033  -2.2045528739450756E-034  -1.8245213446784187E-032   9.0901082632666150E-035   5.3925431721399270E-035  -1.8546527106082914E-032   3.4174832279445892E-035  -1.9340684640198954E-032   1.8600335523049473E-018   1.0883800513923397E-033  -1.8812797342394417E-033  -1.0280956084602994E-034  -4.9320193152755774E-034   7.9379051088500384E-035   6.2825649737718612E-035  -2.0354458496684051E-034   5.9942080189556886E-040  -2.0352842126491934E-034   2.0686720956245521E-034   6.2824832012039898E-035   7.9379477508787736E-035   1.5795756992508949E-034  -6.1362714701534883E-033  -3.1958502565093867E-035  -2.8393811750102041E-035  -4.4342521208634007E-033  -1.1312428106567241E-035  -3.0964409576169278E-033   8.4970679564059728E-019  -2.7706327834383056E-034   5.8293654769666508E-034   9.7908554416668896E-036
   4.7452252947471068E-018   3.3163657701400997E-018  -4.8442255333112777E-034   3.0741627197133705E-033  -2.7854631627303009E-034  -2.3052914971017864E-032   1.1485395524784449E-034   6.8135042424946607E-035  -2.3433626229216057E-032   4.3180065006349472E-035  -2.4437048094406521E-032   2.3501613422935285E-018   1.3751734313265577E-033  -2.3770059953869677E-033  -1.2990037476426185E-034  -6.2316301336833846E-034   1.0029581295722330E-034   7.9380510709117008E-035  -2.5717956239523941E-034   7.5737106711642540E-040  -2.5715913948009555E-034   2.6137771455754357E-034   7.9379477508787736E-035   1.0029635174130797E-034   1.9958014956265195E-034  -7.7532085252455086E-033  -4.0379721749104496E-035  -3.5875717753993164E-035  -5.6026988886960293E-033  -1.4293307338775574E-035  -3.9123680474837970E-033   1.0736086243842363E-018  -3.5007078518873363E-034   7.3654313262739633E-034   1.2370792956114008E-035
   9.4425445950099740E-018   6.5992507695214491E-018  -9.6395456032853104E-034   6.1172898587858660E-033  -5.5428053460294402E-034  -4.5873096457564555E-032   2.2854838853312014E-034   1.3558221930846017E-034  -4.6630675457520214E-032   8.5924200456664345E-035  -4.8627389021396217E-032   4.6765963472041689E-018   2.7364636333596759E-033  -4.7300146399568797E-033  -2.5848932462234564E-034  -1.2400348093493269E-033   1.9957907743384237E-034   1.5795962589494944E-034  -5.1176273748907839E-034   1.5070960032464113E-039  -5.1172209784079456E-034   5.2011665886201656E-034   1.5795756992508949E-034   1.9958014956265195E-034   3.9714541364564157E-034  -1.5428143598383961E-032  -8.0351785145395034E-035  -7.1389247870922295E-035  -1.1148835054784168E-032  -2.8442314868795828E-035  -7.7852383113090279E-033   2.1363785033679289E-018  -6.9660738852883942E-034   1.4656504051939201E-033   2.4616695079378136E-035
  -3.6682013423915306E-016  -2.5636501144330945E-016   3.7447314933203348E-032  -2.3764198988961943E-031   2.1532464905344371E-032   1.7820594047733668E-030  -8.8785548978148810E-033  -5.2670429444891721E-033   1.8114895258243550E-030  -3.3379484130328553E-033   1.8890570427334301E-030  -1.8167451396208671E-016  -1.0630502691615791E-031   1.8374968608557671E-031   1.0041688212673639E-032   4.8172368226582062E-032  -7.7531668756213103E-033  -6.1363513396349014E-033   1.9880750805619244E-032  -5.8547052932563423E-038   1.9879172053081843E-032  -2.0205280547428876E-032  -6.1362714701534883E-033  -7.7532085252455086E-033  -1.5428143598383961E-032   5.9934625130718347E-031   3.1214734880855760E-033   2.7733004831221795E-033   4.3310541245071914E-031   1.1049154868442453E-033   3.0243777338868457E-031  -8.2993163707715247E-017   2.7061520673905254E-032  -5.6936991186149110E-032  -9.5629936429569476E-034
  -1.9104471270591975E-018  -1.3351824337729943E-018   1.9503050283378713E-034  -1.2376704942735274E-033   1.1214388709126471E-034   9.2811979286787871E-033  -4.6240672508748412E-035  -2.7431446974054157E-035   9.4344738395757836E-033  -1.7384470918362611E-035   9.8384555897581361E-033  -9.4618457620557340E-019  -5.5365045238088635E-034   9.5699234342287154E-034   5.2298422594816549E-035   2.5088797994417295E-034  -4.0379504832426634E-035  -3.1958918535775580E-035   1.0354154452059830E-034  -3.0492069173028499E-040   1.0353332217136527E-034  -1.0523173776522879E-034  -3.1958502565093867E-035  -4.0379721749104496E-035  -8.0351785145395034E-035   3.1214734880855760E-033   1.6257041260490408E-035   1.4443710816043688E-035   2.2556695058369256E-033   5.7545440406730410E-036   1.5751353902179605E-033  -4.3223922672572528E-019   1.4093993104426801E-034  -2.9653528005105656E-034  -4.9805318808812644E-036
  -1.6973534968903761E-018  -1.1862545374075519E-018   1.7327655986731709E-034  -1.0996191999759632E-033   9.9635219532217655E-035   8.2459616581090105E-033  -4.1082930833110037E-035  -2.4371709526369424E-035   8.3821409847520623E-033  -1.5445385578554929E-035   8.7410621119791870E-033  -8.4064598092198570E-019  -4.9189559768147257E-034   8.5024823644637517E-034   4.6464991998918540E-035   2.2290362504903239E-034  -3.5875525032469244E-035  -2.8394181322900581E-035   9.1992392867736430E-035  -2.7090946148262307E-040   9.1985087649483777E-035  -9.3494059872051906E-035  -2.8393811750102041E-035  -3.5875717753993164E-035  -7.1389247870922295E-035   2.7733004831221795E-033   1.4443710816043688E-035   1.2832641487138858E-035   2.0040693455122542E-033   5.1126750968928554E-036   1.3994428449730129E-033  -3.8402672996527708E-019   1.2521931720650236E-034  -2.6345936897024193E-034  -4.4249972085858552E-036
  -2.6507513009111965E-016  -1.8525697587483533E-016   2.7060542622805957E-032  -1.7172716409300023E-031   1.5559999038235469E-032   1.2877690847864679E-030  -6.4159076203408272E-033  -3.8061217566529090E-033   1.3090361648565658E-030  -2.4121007197638427E-033   1.3650887577115508E-030  -1.3128340275712412E-016  -7.6819171601875585E-032   1.3278298380312240E-031   7.2564223194289879E-033   3.4810784857663927E-032  -5.6026687914398488E-033  -4.4343098369242161E-033   1.4366421344453463E-032  -4.2307840339082551E-038   1.4365280490952872E-032  -1.4600936180197294E-032  -4.4342521208634007E-033  -5.6026988886960293E-033  -1.1148835054784168E-032   4.3310541245071914E-031   2.2556695058369256E-033   2.0040693455122542E-033   3.1297484197989393E-031   7.9844476645870431E-034   2.1855052283800512E-031  -5.9973326470006154E-017   1.9555459048009103E-032  -4.1144361873619530E-032  -6.9105033975989300E-034
  -6.7624556977397992E-019  -4.7261774109859985E-019   6.9035416706433386E-035  -4.3810120507276964E-034   3.9695841747496469E-035   3.2852879792207873E-033  -1.6367922191882593E-035  -9.7099753382073919E-036   3.3395434224775284E-033  -6.1536230314334321E-036   3.4825418153463668E-033  -3.3492323277872276E-019  -1.9597698377670566E-034   3.3874888416489685E-034   1.8512198576441540E-035   8.8807422379678824E-035  -1.4293230556256792E-035  -1.1312575348711072E-035   3.6650849833982490E-035  -1.0793351147719738E-040   3.6647939349225694E-035  -3.7249131606638879E-035  -1.1312428106567241E-035  -1.4293307338775574E-035  -2.8442314868795828E-035   1.1049154868442453E-033   5.7545440406730410E-036   5.1126750968928554E-036   7.9844476645870431E-034   2.0369498105737520E-036   5.5755446687957420E-034  -1.5300075988271270E-019   4.9888846764186408E-035  -1.0496530711367851E-034  -1.7629708626108758E-036
  -1.8510212484263544E-016  -1.2936505912329524E-016   1.8896393400445575E-032  -1.1991718331284968E-031   1.0865556808504379E-032   8.9924993649420007E-031  -4.4802322002479318E-033  -2.6578171415932468E-033   9.1410075146435728E-031  -1.6843714022106046E-033   9.5324231120566645E-031  -9.1675280131190568E-017  -5.3642874332534666E-032   9.2722438489247805E-032   5.0671641267142355E-033   2.4308392274969212E-032  -3.9123470305514690E-033  -3.0964812607773592E-033   1.0032080777735759E-032  -2.9543590685309274E-038   1.0031284119041219E-032  -1.0195842630416480E-032  -3.0964409576169278E-033  -3.9123680474837970E-033  -7.7852383113090279E-033   3.0243777338868457E-031   1.5751353902179605E-033   1.3994428449730129E-033   2.1855052283800512E-031   5.5755446687957420E-034   1.5261396325214493E-031  -4.1879410413429487E-017   1.3655588967608289E-032  -2.8731132964014097E-032  -4.8256087328453097E-034
   5.0794617278072954E-002   3.5499585285201009E-002  -5.1854351835644259E-018   3.2906955750070964E-017  -2.9816610699112584E-018  -2.4676678563461464E-016   1.2294385065647541E-018   7.2934227317543447E-019  -2.5084205739779900E-016   4.6221511936805166E-019  -2.6158304996294040E-016   2.5156981704465942E-002   1.4720356526070803E-017  -2.5444336633925946E-017  -1.3905008530855382E-018  -6.6705635243357494E-018   1.0736028570434515E-018   8.4971785539267166E-019  -2.7529435658343531E-018   8.1071753398622937E-024  -2.7527249515233350E-018   2.7978821133455558E-018   8.4970679564059728E-019   1.0736086243842363E-018   2.1363785033679289E-018  -8.2993163707715247E-017  -4.3223922672572528E-019  -3.8402672996527708E-019  -5.9973326470006154E-017  -1.5300075988271270E-019  -4.1879410413429487E-017   1.1492297160769894E-002  -3.7472849968957850E-018   7.8842255544782063E-018   1.3242146675895189E-019
  -1.6562564001471990E-017  -1.1575324016973500E-017   1.6908110879761455E-033  -1.0729947185554110E-032   9.7222806170095425E-034   8.0463066748514341E-032  -4.0088212180787601E-034  -2.3781610583493471E-034   8.1791887655493976E-032  -1.5071414860893316E-034   8.5294195308007482E-032  -8.2029187715514667E-018  -4.7998559719984396E-033   8.2966163849081145E-033   4.5339960427799781E-034   2.1750658085062130E-033  -3.5006890463610848E-034  -2.7706688458916498E-034   8.9765031109417987E-034  -2.6435007808512187E-039   8.9757902768440346E-034  -9.1230339067568088E-034  -2.7706327834383056E-034  -3.5007078518873363E-034  -6.9660738852883942E-034   2.7061520673905254E-032   1.4093993104426801E-034   1.2521931720650236E-034   1.9555459048009103E-032   4.9888846764186408E-035   1.3655588967608289E-032  -3.7472849968957850E-018   1.2218745000690123E-033  -2.5708037060938034E-033  -4.3178571586771552E-035
   3.4847360277176666E-017   2.4354289970362208E-017  -3.5574385184632819E-033   2.2575631121899412E-032  -2.0455517355080574E-033  -1.6929295945620475E-031   8.4344934311357388E-034   5.0036114692197538E-034  -1.7208877663072244E-031   3.1710007188359668E-034  -1.7945757391101094E-031   1.7258805202580027E-017   1.0098817448791279E-032  -1.7455943428851063E-032  -9.5394525620553221E-034  -4.5763024281052319E-033   7.3653917597582695E-034   5.8294413517710626E-034  -1.8886413837156216E-033   5.5618818496419536E-039  -1.8884914046023608E-033   1.9194712204064458E-033   5.8293654769666508E-034   7.3654313262739633E-034   1.4656504051939201E-033  -5.6936991186149110E-032  -2.9653528005105656E-034  -2.6345936897024193E-034  -4.1144361873619530E-032  -1.0496530711367851E-034  -2.8731132964014097E-032   7.8842255544782063E-018  -2.5708037060938034E-033   5.4089284086805575E-033   9.0846999305443673E-035
   5.8528748685536174E-019   4.0904852067764483E-019  -5.9749841409867888E-035   3.7917461461676981E-034  -3.4356571774312149E-035  -2.8434019103399526E-033   1.4166362742949944E-035   8.4039398069940834E-036  -2.8903597514723913E-033   5.3259329452268549E-036  -3.0141242147494389E-033   2.8987454552648593E-019   1.6961719446753482E-034  -2.9318562952537546E-034  -1.6022224270680573E-035  -7.6862423033806017E-035   1.2370726501190735E-035   9.7909828790774608E-036  -3.1721145023714500E-035   9.3415966778277132E-041  -3.1718626012300640E-035   3.2238955196232844E-035   9.7908554416668896E-036   1.2370792956114008E-035   2.4616695079378136E-035  -9.5629936429569476E-034  -4.9805318808812644E-036  -4.4249972085858552E-036  -6.9105033975989300E-034  -1.7629708626108758E-036  -4.8256087328453097E-034   1.3242146675895189E-019  -4.3178571586771552E-035   9.0846999305443673E-035   1.5258433203808192E-036
