   6.4322179573514202E-002  -4.4989748988951749E-008   3.5355628769610771E-008  -9.6852151200611129E-010   2.5760529566269375E-008  -1.8189468949990753E-009   4.9040427800506250E-008  -2.8454166568518116E-008   9.6982692363065254E-009   2.6936378546582825E-009  0.16187190092402387       -8.2911349457634301E-008   6.7232735524026722E-008  -2.1007761526602784E-008  -1.3225426440839189E-009  -5.2956365600918225E-009   3.5025016494649105E-009  -2.4950774277175059E-009  -3.5939243505872876E-009   4.2696383188605352E-009   2.6853504784217362E-009  -4.1620955826463341E-009   1.6928623991870180E-009   4.9163412970072324E-010   1.5381999197205620E-008   6.0374549359749922E-009   1.2916816968037194E-008  -1.0765668611848979E-008   2.2220551851019021E-009  -4.6163263426708758E-009  -1.4800323086289993E-008  0.14557614009720829       -7.1295389699497661E-008   5.7931138199511228E-008  -3.5481915970587267E-010   5.0585048008149118E-010  -2.0560879986934611E-009   9.2306868387314905E-010  -4.0864278895289100E-010  -2.9978935531421880E-010   3.0730948753169083E-010   2.2294872726752084E-009  -1.0909685622371096E-009   3.9432626050765673E-010  -4.9087722189449071E-010   1.3767757586683701E-010  -6.0786977111316342E-011   1.6690678482777406E-010   2.0526553989661469E-010  -9.7010653091075204E-010  -3.5908966498365630E-009   2.4562604967498553E-009  -1.7325621479981223E-009  -2.5444858555290689E-009   3.0343403146934290E-009   1.7901457293444696E-009  -2.8137301485072628E-009   1.1891673999800463E-009   2.6644457289308860E-010   9.1086595568679439E-009   3.9750717915119893E-009   7.5862161992756813E-009  -6.7233179241385618E-009   1.3274757423785759E-009  -2.3853463948502522E-009  -3.0663127852014282E-009   1.1386472857129647E-002  -5.3440110908494757E-009   4.1175761539432425E-009  -1.9115757337167668E-008  -7.3146932934959801E-009  -1.7760743056994409E-008   1.4390077136562395E-008  -3.3810222707093768E-009   4.7256801456133845E-009   1.8497699306897895E-008 -0.10401049694008810        5.2912983212467849E-008  -4.2767292980730959E-008  -2.8394024679629596E-002   1.4208166790365244E-008  -1.1460545280361581E-008  -5.0203018236584052E-010  -2.6337613989909193E-009   1.6949021466069519E-009  -1.1764048679116919E-009  -1.6257263328100497E-009   1.8499934779068568E-009   1.3324581476269017E-009  -1.8697445818964728E-009   8.4608409569665739E-010   1.3032083307061344E-010   5.8748416314308744E-009   2.2487750965715492E-009  -2.0672056820850995E-010  -1.0316102130098398E-009   6.7072932126563337E-010  -4.6599176649800368E-010  -6.5133062430105085E-010   7.4335318495502562E-010   5.2014883359758805E-010  -7.4860476117668623E-010   3.3375894104073582E-010   5.8045211272010710E-011
  -4.4989748988951749E-008   6.4322190519280717E-002  -6.6100998001450197E-008  -1.3529084936964755E-009  -1.4715383158940443E-008  -1.0411641156579929E-008   1.6331258239327351E-008  -1.0185209768682398E-008  -6.7036366002214313E-008   2.4900581981472780E-008  -1.0250231487443888E-008  0.16187190862138026       -2.6025303438997503E-008  -1.2580221411076796E-008  -8.7192744342547370E-010  -9.8625187568978877E-010   8.1816140252078972E-010  -7.4184209811659447E-010  -2.3768147908597821E-009   1.9116515482345705E-009   3.5632447143562622E-009   1.2514689551974391E-009  -3.7941191133103823E-009  -1.5426168374529061E-009  -6.6613186145015125E-009   6.1296361171501506E-009   2.6997982007902416E-009   4.8672806422223143E-009  -1.2261941999589487E-008   1.7939819952275226E-009  -1.3000635890622343E-008  -1.3054329734287634E-008  0.14557615479397598       -3.5048613698960567E-008  -3.0117721569427046E-010  -8.2607464720835710E-010   2.0380064254692785E-010   3.8287304869005702E-010  -1.8358132383739913E-009   1.4614373117326039E-010   1.0844795452223022E-009  -6.4847387602197361E-010  -3.4668651099203195E-010   2.7954324921780467E-010   8.8863910001186949E-010   2.9877244225671182E-009  -1.9439177693457099E-009  -1.6193900522095278E-009   1.0234025502509726E-009  -2.2613846634076230E-009  -2.1025986982583755E-009  -2.6658297108082471E-009   1.7577914125899805E-009  -3.6908556148957585E-009   1.2761668542148088E-009   3.5584959308412484E-009   4.4399182919275742E-009  -2.6714827202285149E-009  -1.3223389391853657E-009  -4.5199445607147573E-009   3.2312552101446555E-009   2.2846788801093566E-009   3.4061011176406655E-009  -8.6368504640551065E-009   1.1136863804702337E-009  -6.3105430522761700E-010   1.4442166423576781E-010   1.1386473270412640E-002  -2.5628601734969295E-010   8.6094068858193932E-009  -5.6367736845660755E-009  -4.9804428221282232E-009  -5.1987976082978465E-009   1.9159985150236817E-008  -3.4106245352220082E-009   1.2719403881176239E-008   1.1368930792221190E-008 -0.10401050552743295        2.5568231160213862E-008   2.6515866442199457E-009  -2.8394027025661503E-002   6.3739851370133561E-009  -1.1536129227336999E-009  -1.1388021406322754E-009  -1.4133859503901467E-009   6.3450437963764454E-010  -2.1508997931767530E-009   9.1322746923527510E-010   2.1996447414985238E-009   2.5804916109754899E-009  -1.8123205642320163E-009  -8.6991194938780409E-010   4.2252717204353427E-009   1.6393598126655134E-009  -5.1069246611092687E-010  -4.9106712205972050E-010  -6.3068794525861726E-010   3.2478105979928913E-010  -9.1450373031415882E-010   3.6038411044426217E-010   9.1568029289504936E-010   1.1131450333291013E-009  -7.3744450409506482E-010  -3.5960343665343450E-010
   3.5355628769610771E-008  -6.6100998001450197E-008   6.4322284379877553E-002  -1.0401557734736242E-009   4.2867585815896367E-008   8.3035120827078168E-009   1.8511666727361982E-008  -6.4325113745270371E-008   4.6644443284183150E-008   2.1457535564310601E-008   5.8760024726096411E-009  -1.0411023811759239E-007  0.16187200603297069       -6.9805533520861947E-009   6.8713776785039027E-011  -3.1336093751292363E-009   6.3513705183151243E-010  -2.0885106461505968E-009  -6.5434781056812727E-010   1.9963166872990679E-009   5.4137161061747868E-009  -2.9562426675190507E-009  -4.1296503820600720E-009   1.7300686951581934E-009   7.2548420766071805E-009   2.2547803314356782E-009   1.2864474094371750E-008  -1.4490906549062922E-008   1.6069899991404947E-008   7.2361091572433587E-009  -2.9986350884665880E-009   8.7242630276417510E-009  -9.7501456149658990E-008  0.14557624304025546        1.1188172087107404E-009   3.2937529608690895E-010  -1.1665068868062278E-010  -2.1152329237516720E-010   6.1995592003224683E-010  -1.7537808659262071E-009   2.6688295750315370E-011   8.2743460936557332E-010  -4.7770941132954214E-010  -5.0008261244165027E-010  -1.6594546802168337E-009   1.1095284960118113E-009   3.1265929442016853E-009  -1.5716162852253888E-009  -7.8148504003625066E-010   1.5722564392241362E-009  -1.1309889173736126E-009   3.0357167093124325E-009  -3.2884484745854312E-009   1.3282878519529864E-009   1.1790384352493290E-009   2.8045362313847714E-009  -4.8058702970973630E-009  -2.6316886149922772E-009   1.3193938654213665E-009   5.5063456928002530E-009   1.2359416178953770E-009   7.3536383245171062E-009  -9.3085055279218608E-009   1.0819697420745802E-008   3.8022963860176285E-009  -2.0382168407570121E-009  -5.2186306416929612E-010  -6.1844371889411260E-009   1.1386477625006237E-002  -1.2105831184309163E-008  -3.1622451434998047E-009  -1.5257527239264475E-008   2.1157680897386539E-008  -2.1861302825165697E-008  -9.0518371352028150E-009   5.9695381117731350E-009  -7.6726299269052734E-009   7.0175828034689921E-008 -0.10401057233665485       -1.6973961428899942E-009   1.8785421733035446E-008  -2.8394044374886566E-002   8.3357549828147204E-010  -8.6019238393358550E-010   1.8442539312297482E-009  -1.9766340533552618E-009   4.9359272521807489E-010   8.5827246859584294E-010   1.9099570052654229E-009  -2.8128523060155115E-009  -1.7022835597472963E-009   7.2195864384792644E-010   1.7574294814181730E-009   6.4409805377646535E-010   3.7067756146769633E-010  -3.2904271030569303E-010   7.9054417815915085E-010  -8.2557298441513702E-010   2.5222225204550234E-010   3.2825553149636622E-010   7.4815187443833446E-010  -1.1748163732927931E-009  -6.7470842615220599E-010   2.8642717370885517E-010
  -9.6852151200611129E-010  -1.3529084936964755E-009  -1.0401557734736242E-009   2.0794188417131584E-002  -1.5169108029814798E-009  -2.9190667560063103E-009   1.9020265086158161E-009  -8.2852559118365558E-010  -3.4057095975708597E-009   2.3453479511620123E-009   4.2435173651421671E-009   1.2681910677781701E-009  -3.4920910012279413E-010  0.10538737590962799        1.7280683024075304E-009  -8.3967218026555801E-010   5.9944452636386129E-009  -2.8660184137651894E-009   2.1744813303033214E-009   5.4757038279855668E-010  -1.9894265634034522E-009  -8.5560339523003222E-009   3.5087872501268095E-009   1.9092970978137367E-009   1.2606100199548611E-009   2.5645741808534336E-009  -1.7116397706503645E-009   1.6462410792786747E-009   2.8087553965637274E-009  -2.9072747254902492E-009  0.13186876834325412        1.4558808748594128E-008   8.0254941671651808E-009   3.3929478558889900E-009  -2.1692568581160188E-010  -9.4222996215850195E-010   6.6732130960157850E-010  -6.1802817268425020E-010  -7.9317647274120866E-010   9.9991999882126721E-010   5.8370363683279517E-010  -1.2204958949037092E-009   4.8101339250654532E-010   2.4238256730324993E-010   1.0675283715074388E-009   1.2868297798786431E-009  -1.2563262073671660E-009  -6.9563096808167457E-010   1.4647777553942760E-010   2.1161790122814103E-010   5.3279581762798489E-010  -1.5010257637040235E-010  -9.9906423960248735E-011   2.0581597842855228E-010  -1.8401145080834123E-010   1.2155564276816365E-010   6.0037073754311006E-010  -6.9585115453921564E-010  -3.3560564926206820E-010  -4.1848896404086160E-010  -1.4742548241845577E-010   1.0950696652556096E-010   8.3376683182878730E-011  -6.8642172958983282E-010   3.3716951298730697E-010   5.8857368378857538E-003   4.6454862593864253E-009   3.8884679248526498E-009   6.6960415168084706E-010  -1.8111536114692176E-009  -2.7591093998680302E-009   1.9734622934542434E-009  -1.1813013882920900E-009  -3.8357273845905388E-009   2.9925560526270907E-009 -0.11966936847314971       -9.8073039090627966E-009  -5.8250217671917748E-009  -1.8542021189920618E-009  -3.0613128987824548E-009  -1.9661322820943427E-009  -5.3291015877823114E-010   2.7458473759717931E-010   3.6170402451952831E-010   2.9670377321677886E-010  -2.7199690173042347E-010   3.1733895161799763E-010  -9.6398367425718938E-011  -7.6500866909945826E-011  -1.3477073309812840E-010  -2.5906188143385305E-010  -1.2069788755412453E-010  -3.6837525802836828E-002  -1.2701975289592752E-002   8.7214438030551701E-011   1.6965232048042712E-010   2.1297759847773325E-011  -6.3898527333686743E-011   9.7703474264674129E-011  -5.3112522655984185E-011   4.5287156912717732E-012   9.2819452921069802E-011  -1.7572656710853327E-010  -8.5058119918985106E-011
   2.5760529566269375E-008  -1.4715383158940443E-008   4.2867585815896367E-008  -1.5169108029814798E-009   7.6072450291555046E-006  -9.4941845717896285E-012   6.8604734814439088E-012  -3.8036237657236228E-006   5.7010085025876400E-013  -3.8036212633397848E-006   6.4836793566173488E-008  -3.7036338948335563E-008   1.0788693410530289E-007  -7.6713684951111538E-009  -9.4470373316828683E-012  -8.9737725828602627E-012   2.7934173528170299E-012   6.0636505706966303E-012  -1.8623685235367710E-013   6.6109044349496505E-012   9.5969692049188097E-012   1.0637825825205730E-011  -3.9019221186652065E-012  -1.0011073694697408E-011   1.0558722570201272E-004  -9.4910283343315782E-011   6.9472148770900167E-011  -5.2793625749327924E-005  -9.7804068556541007E-012  -5.2793599951994159E-005  -9.5853923038601976E-009   5.8305850123693781E-008  -3.3299379911926541E-008   9.7004533886464661E-008  -1.4891907795890739E-012  -1.3725495597727031E-012   1.7931789133646453E-012  -6.4671522565908661E-013  -1.7045017122300007E-012   3.2651601495828609E-012   1.1783185815588487E-012  -7.8108600181161750E-014   2.6058762937879926E-013  -1.7349581031218067E-012  -8.0285663501584732E-013  -1.1497680472328508E-012   2.0595600417753842E-012   2.4202332338354836E-012  -3.0297701021558613E-012   4.7563952919552345E-011   3.5795091760185483E-011   3.5906572266671486E-012  -3.2051499079288733E-011  -1.8822754965407069E-014  -3.1762204830628981E-011  -2.6733539305110524E-011  -1.7573544693811996E-011   7.1715298745875253E-014   1.0422214686019354E-011   4.9892370089642116E-004  -4.3485659948390830E-010   3.2190424627162096E-010  -2.4946186807697302E-004  -1.0115432595379092E-013  -2.4946183281142071E-004  -4.5871460267627130E-010   4.4362053893667737E-009  -2.5241806209402530E-009   7.4583275418459189E-009   3.5420271749363776E-003  -2.9419644693937100E-009   2.1693599307779563E-009  -1.7710136149828358E-003   8.5683361133019460E-011  -1.7710135599534997E-003   8.5922526086939060E-009  -4.2662858932776938E-008   2.4353244922414143E-008  -6.9894433551526696E-008  -1.1381762948825583E-008   6.4972733552305381E-009  -1.8909881524926680E-008   8.6889514961489283E-011   6.6295258042734240E-011   1.0902661852747796E-011  -5.8374791931072695E-011  -3.3197650167376847E-015  -5.8199717061771607E-011  -4.2295544188493018E-011  -1.5738544979144989E-011  -9.5498277719621714E-012   3.6044505776166635E-012   2.6024999665698567E-009   9.2526791830215367E-010   3.7259553390102244E-011   2.8412163142370114E-011   5.4456679626630517E-012  -2.5050946794151931E-011  -4.1511121443945336E-015  -2.4937986506844400E-011  -1.7290790914575999E-011  -4.8038885725901842E-012  -5.2141314998419949E-012  -4.7835380748902099E-013
  -1.8189468949990753E-009  -1.0411641156579929E-008   8.3035120827078168E-009  -2.9190667560063103E-009  -9.4941845717896285E-012   7.6072404522775443E-006  -9.7605558413586168E-012   2.7350730603593169E-012  -5.8386834418716147E-012   6.7591133918629054E-012  -4.5742796013076145E-009  -2.6201454364356122E-008   2.0899446957644701E-008  -1.4776085691404709E-008   4.6552370534730731E-012  -1.3028712227841213E-011   2.2932502609312030E-012  -1.3070716417795933E-011  -4.9832738331929055E-012   6.8250647558524974E-012   5.1264119339211826E-012   1.2993535025455463E-012   6.1509111410829085E-012  -2.6777528369898957E-012  -5.0292998233057905E-011   1.0558719479366060E-004  -6.1850498975798203E-011   5.6121660517781803E-012  -4.0297426663524783E-011   4.4680798917497210E-011  -1.8462021355217143E-008  -4.1080333634723065E-009  -2.3554517404932054E-008   1.8792251716702116E-008  -7.6807779826688962E-014  -1.2617732935366872E-012  -1.4576457527584382E-013  -8.1571990993046938E-013   1.2907646264138656E-013   9.5059492900190193E-013  -2.2514676371421501E-013  -7.0865744028399133E-013   1.9946338654296134E-012   6.7395624890373077E-013   2.7767957047677309E-013  -1.3869488166010906E-012   3.2791969091693907E-013   1.2907391059014053E-012  -7.2784948913648433E-013  -2.1555585925835367E-011   5.4137539577875305E-011  -2.2222598591875389E-012   4.5455875309131219E-011   1.4101791685634080E-011  -1.6536008688425693E-011  -2.7382468480831317E-011  -2.8039448169568635E-012  -1.7400090506223687E-011   3.7463232194134843E-012  -2.2533946707582548E-010   4.9892354407204303E-004  -3.1095755696305298E-010   2.9682179328383975E-012  -1.4612876123124699E-010   2.2237111883020969E-010  -8.6817084293698679E-010  -3.7451885080990154E-010  -1.8514121956706614E-009   1.4385950933582749E-009  -1.4494462451459725E-009   3.5420261242034802E-003  -2.1125719138669427E-009  -7.4345618302457787E-011  -8.6993112841149050E-010   1.5237918546339408E-009   1.6642115813443907E-008   2.3608248649764346E-009   1.6443487366090085E-008  -1.3585907159800771E-008   7.9085954311192824E-010   4.5794634500040438E-009  -3.6634849098917891E-009  -4.1749631262812495E-011   9.4019200247869755E-011  -1.9078040713781884E-012   7.9825706801061364E-011   1.7657791763967610E-011  -2.3812693255968902E-011  -5.0159429489317248E-011  -2.1498002706619104E-012  -2.6723262975541558E-011   3.0243619533792349E-012   5.0741798771222166E-009   1.7824009133777644E-009  -1.8089984320091125E-011   3.9682226041515049E-011  -4.3680351596689547E-013   3.3694137652310921E-011   6.7723769659944339E-012  -9.4238739827288051E-012  -2.1525060540962414E-011  -5.9069367490974914E-013  -1.0803328868734516E-011   7.6585074544410067E-013
   4.9040427800506250E-008   1.6331258239327351E-008   1.8511666727361982E-008   1.9020265086158161E-009   6.8604734814439088E-012  -9.7605558413586168E-012   7.6072594904954289E-006  -1.0168926826497435E-011  -5.6493147516351464E-014   3.3085061095655770E-012   1.2342391006539870E-007   4.1100865264897979E-008   4.6592223839161562E-008   9.6232872117931472E-009   4.4519998421737509E-012   1.4752932453481787E-012  -9.1263610100866627E-012  -1.1747830154658115E-011  -3.2821691123682915E-012   5.7748376905789435E-012  -2.3068206670795320E-012  -4.9718630679060112E-013   1.6196407047929249E-012   7.1729805515397809E-012   3.3624357808259590E-011  -7.4039735575645864E-011   1.0558733031891825E-004  -7.3219625557683428E-011  -5.4263068716815856E-012   3.9595523003956280E-011   1.2026675709066690E-008   1.1097950539705687E-007   3.6958657272166827E-008   4.1898319319371868E-008  -5.0335529842532711E-013  -2.4552046947123906E-013  -1.3984850847804527E-012  -1.6007311334584487E-012  -8.7005231220067496E-013   2.4847701060450660E-012   2.4526283338676872E-012  -3.2612126171280261E-012  -2.9611431907396580E-012   3.8292357479236663E-012   1.7770499113306640E-012   2.5166279358488736E-013  -1.5210428602564059E-012   3.9683222544796718E-013  -5.4871143214422274E-013  -1.1208604687209595E-011  -2.5515596827448120E-012   4.7858015865088259E-011   1.4554293288847212E-011   2.4089243082063448E-011   4.8361968802868517E-013   3.8610903039357829E-012  -8.1098575255129450E-012  -2.6286225148256704E-012  -2.9626516788847910E-011   1.5525821889754311E-010  -3.5801082788698048E-010   4.9892420306147463E-004  -3.4309746327052381E-010  -5.2392777051305774E-011   1.8783900236188671E-010   5.8116766862703976E-010   8.5412415996294209E-009   2.8553641287261348E-009   3.1780585114378796E-009   9.8724430868416881E-010  -2.4094008167982563E-009   3.5420305181635657E-003  -2.2805388603764383E-009  -4.4401646464262101E-010   1.2932945559785935E-009  -1.0797669579901547E-008  -8.0023204006432342E-008  -2.6571376388017661E-008  -3.0763547197975384E-008  -2.1639060404383997E-008  -7.2058768930015191E-009  -8.1809258508433678E-009  -1.3915149033983564E-011  -2.0932310613686824E-012   8.8968620615198180E-011   9.0529059831920835E-012   5.0825805018799136E-011   9.6162234799708999E-012   3.1636851029188682E-012  -1.9196253337273738E-011  -2.1512967037044763E-012  -5.2005253665019967E-011  -3.2746164610870786E-009  -1.1619255746014486E-009  -5.2316343040989958E-012  -5.4815010856913393E-013   3.8316320491502020E-011   1.5991815309134259E-012   2.2556936102092304E-011   5.4197915979904075E-012   8.4257314081000018E-013  -8.7838871139109815E-012  -5.8228216700736214E-013  -2.2012175978999851E-011
  -2.8454166568518116E-008  -1.0185209768682398E-008  -6.4325113745270371E-008  -8.2852559118365558E-010  -3.8036237657236228E-006   2.7350730603593169E-012  -1.0168926826497435E-011   7.6072584022883746E-006   7.3818149795489179E-012  -3.8036346365858145E-006  -7.1613411445569389E-008  -2.5630294062509900E-008  -1.6189026279841199E-007  -4.1872142249233821E-009   7.3003352067284499E-012   7.8878469195490009E-012  -3.4141071948721336E-012  -1.2688851388225323E-011   5.5148332350477238E-013   2.8944135659095577E-012  -1.1493566198650638E-011  -1.0716467987041984E-011   7.5323929033880401E-012   1.0532335594091525E-011  -5.2793637818994642E-005   4.7977136979459245E-011  -7.6304599704357251E-011   1.0558733309346393E-004   9.3589908249178565E-011  -5.2793695274739279E-005  -5.2377317486329773E-009  -6.4396161699924425E-008  -2.3043787484729546E-008  -1.4556481171734360E-007   1.4205868099667292E-012  -2.5932673453679313E-014  -3.2125289832611867E-013  -1.1954545135612967E-012   4.5184874377165091E-013  -1.2997237497923476E-012   2.4354493095463261E-013  -1.9644322066564885E-013  -2.9195991282830619E-013   4.6767239745610583E-013   1.0782166078015778E-013  -3.6853775186702134E-013   1.0064271140357538E-012   3.1745420377872775E-014   1.6703363686100113E-013  -2.7933533744896070E-011  -2.8598596510140848E-011   2.9799197473331664E-012   4.9291522354318891E-011   1.9646885061780094E-013  -1.1814770074087163E-011   4.2802237693318965E-011   2.4184716594544346E-011  -2.8826633681008228E-011  -2.0247291247716329E-011  -2.4946193265419441E-004   2.0059193279098265E-010  -3.5910180692908301E-010   4.9892416991751580E-004   3.9672664716893708E-010  -2.4946223726274964E-004  -2.8678810004437619E-010  -4.9342085544398977E-009  -1.8418796748372584E-009  -1.1205868828704761E-008  -1.7710141056701176E-003   1.3271747911347135E-009  -2.4025796467562816E-009   3.5420302507447941E-003   2.6300072845881785E-009  -1.7710161450736526E-003   4.6335443434113872E-009   4.6705409772025733E-008   1.5918714755652081E-008   1.0489515786813939E-007   1.2562030371652921E-008   4.4813901835751660E-009   2.8380587119908246E-008  -4.6776002935907395E-011  -5.1288960558248155E-011   3.4681296727171299E-013   8.3271875384289841E-011   1.6090369921931191E-013  -2.0515285245633657E-011   7.6466507506131604E-011   2.6977938315155518E-011  -5.1301626771814333E-011  -2.0366661084494779E-011   1.3746736947429768E-009   5.0816023898987988E-010  -1.9556396209932137E-011  -2.1753425930386111E-011  -5.9216999291942179E-013   3.4838935167158266E-011   9.2368991708514072E-014  -8.6012774360470225E-012   3.2443933825157195E-011   9.6516817982901791E-012  -2.1774677368488375E-011  -6.7525601366823563E-012
   9.6982692363065254E-009  -6.7036366002214313E-008   4.6644443284183150E-008  -3.4057095975708597E-009   5.7010085025876400E-013  -5.8386834418716147E-012  -5.6493147516351464E-014   7.3818149795489179E-012   7.6072424150756519E-006  -7.9519178157405130E-012   2.4409145204660915E-008  -1.6871488651997814E-007   1.1739439170085481E-007  -1.7229004536512918E-008  -2.6086702858857625E-012   1.2735025507813577E-011  -1.8440662398119445E-012   1.2000463191804726E-012  -1.0474391460963095E-011   2.2998527504916431E-012  -2.1212975847305800E-012  -7.1668273248235958E-012  -9.8889885209264677E-012   6.7163393650978254E-012  -7.4208117170842543E-012  -6.7390710781885581E-011   1.9919300976521297E-011   3.9570371419807486E-011   1.0558719063880654E-004  -3.2149566613119584E-011  -2.1526348313018841E-008   2.1948505801967781E-008  -1.5169369811741507E-007   1.0555466559819101E-007   7.1470731166136140E-013   1.5678109770159711E-012  -1.3358770980540506E-012  -1.1430050717385904E-012   2.6287380477833017E-013  -1.1230799433874638E-013  -1.2628602712051475E-012   1.2133505529678463E-012  -4.0913353495141909E-013   4.3149840561038993E-013   1.3341545583672986E-012  -2.3567515196938780E-012  -1.2004259205143587E-012   2.1608087750266924E-012   7.4738769288247605E-013   3.8174432502801406E-012  -2.1007371596490135E-011  -4.0508624600381019E-012  -2.7660070569492208E-012   4.0613929593423096E-011  -2.3556314765228655E-012  -2.6435279057357723E-012   3.7158532792291844E-011   2.4554075888509973E-011  -2.4677007792428651E-011   1.2356067782339406E-011  -2.7729765035972052E-010   6.6048166898964337E-011   1.3900287002101202E-010   4.9892359686517303E-004  -1.5135851898518976E-010  -1.0182811754625061E-009   1.6854392893096721E-009  -1.1650433714232757E-008   8.0614293691512898E-009   1.8129827496159127E-010  -1.8174994569072280E-009   3.9759504165195918E-010   7.7827690251402198E-010   3.5420265698550136E-003  -9.5957517182620707E-010   1.9345458274986251E-008  -1.5838122438957277E-008   1.0935969364120319E-007  -7.6659903127644588E-008  -4.2789725058501349E-009   2.9570022102302439E-008  -2.0588311571576568E-008   3.1063008393883498E-012  -1.8758610273519429E-011  -1.4387257480090419E-011  -2.1313898449167806E-012   6.8939831842203604E-011  -2.0361494174236141E-012  -7.2351331441385278E-012   7.3668741098111705E-011   2.8465571616021528E-011  -4.4185812838367084E-011   5.8783002880353581E-009   2.0777387029247174E-009   8.1149779812786184E-013  -5.6609618921920944E-012  -6.9332834031981994E-012  -5.8645493247805797E-013   2.8829199495594619E-011  -5.0228316355795993E-013  -3.5580055940849223E-012   3.2094951854407506E-011   1.0434532675842575E-011  -1.8754401046160605E-011
   2.6936378546582825E-009   2.4900581981472780E-008   2.1457535564310601E-008   2.3453479511620123E-009  -3.8036212633397848E-006   6.7591133918629054E-012   3.3085061095655770E-012  -3.8036346365858145E-006  -7.9519178157405130E-012   7.6072558998545650E-006   6.7766200251068305E-009   6.2666605457074752E-008   5.4003347930575468E-008   1.1858133313573558E-008   2.1467021175920634E-012   1.0859256665879144E-012   6.2068981616146585E-013   6.6252008296722644E-012  -3.6524648024091031E-013  -9.5053180031251382E-012   1.8965970024660440E-012   7.8642198208678929E-014  -3.6304707997177913E-012  -5.2126190720455212E-013  -5.2793587881739973E-005   4.6933172241696613E-011   6.8331834162977503E-012  -5.2793707344428318E-005  -8.3809529406172072E-011   1.0558729522574766E-004   1.4822563555862949E-008   6.0903135078466503E-009   5.6343142594513807E-008   4.8560295207558791E-008   6.8603970723892313E-014   1.3984822374717204E-012  -1.4719260179916621E-012   1.8421697417899912E-012   1.2526529722463786E-012  -1.9654364043012920E-012  -1.4218635151837994E-012   2.7455182634625777E-013   3.1372281336396110E-014   1.2672857045197905E-012   6.9503496925738429E-013   1.5183057931415130E-012  -3.0659871496421457E-012  -2.4519786510784261E-012   2.8627364643472130E-012  -1.9630419174374068E-011  -7.1964952518844164E-012  -6.5705769714961501E-012  -1.7240023275745811E-011  -1.7764609543376680E-013   4.3576974905053196E-011  -1.6068698389365996E-011  -6.6111719057664658E-012   2.8754918385655011E-011   9.8250765635826671E-012  -2.4946176823618742E-004   2.3426478902774826E-010   3.7201021764066537E-011  -2.4946230184192406E-004  -3.9662562516417825E-010   4.9892407006951235E-004   7.4541150352056307E-010   4.9800337347729964E-010   4.3660577066104339E-009   3.7475448651123437E-009  -1.7710130692233847E-003   1.6147905467673053E-009   2.3324428752778927E-010  -1.7710166357717641E-003  -2.7156915851438964E-009   3.5420297049940830E-003  -1.3225740010880977E-008  -4.0425518317233207E-009  -4.0271946346940693E-008  -3.5000721728327471E-008  -1.1802677990665381E-009  -1.0978658707061587E-008  -9.4707089643619713E-009  -4.0113512025311464E-011  -1.5006297485256808E-011  -1.1249474819282193E-011  -2.4897083453194472E-011  -1.5758393454194364E-013   7.8715002307019779E-011  -3.4170963317989421E-011  -1.1239393337514911E-011   6.0851454545017894E-011   1.6762210507449852E-011  -3.9773119132381001E-009  -1.4333739190123375E-009  -1.7703157180023916E-011  -6.6587372122600275E-012  -4.8534979694352954E-012  -9.7879883730219499E-012  -8.8217879669137100E-014   3.3539263942710902E-011  -1.5153142910723103E-011  -4.8477932262815780E-012   2.6988808868796779E-011   7.2309139443750432E-012
  0.16187190092402387       -1.0250231487443888E-008   5.8760024726096411E-009   4.2435173651421671E-009   6.4836793566173488E-008  -4.5742796013076145E-009   1.2342391006539870E-007  -7.1613411445569389E-008   2.4409145204660915E-008   6.7766200251068305E-009  0.40736751799471266        5.0475569845022666E-008  -3.9926034422527034E-008  -1.9008173519813743E-008  -3.3282371973882566E-009  -1.3327338745686493E-008   8.8144936952091574E-009  -6.2790750442710905E-009  -9.0445482577853545E-009   1.0744836782362364E-008   6.7581237160761177E-009  -1.0474511579692724E-008   4.2603682730580877E-009   1.2373089022522966E-009   3.8851676746995688E-008   1.5251718218572196E-008   3.2663520293092908E-008  -2.7198257039151367E-008   5.6364462981014476E-009  -1.1653409032897858E-008   5.1208206111841857E-009  0.36637025405200724        5.3619955161804716E-008  -4.2280806867150295E-008  -8.9308518483043151E-010   1.2732338118412879E-009  -5.1751378660914159E-009   2.3233633744091912E-009  -1.0285494085354808E-009  -7.5455989010097813E-010   7.7348846702611405E-010   5.6115951381231621E-009  -2.7459660473950297E-009   9.9250170338114476E-010  -1.2355305177291926E-009   3.4653452918963236E-010  -1.5301340573822852E-010   4.2010095901575031E-010   5.1665488195461765E-010  -2.4420090063303744E-009  -9.0376717336325094E-009   6.1825047866331335E-009  -4.3612666372923294E-009  -6.4044729895591419E-009   7.6381794273049917E-009   4.5053827403207461E-009  -7.0824636322223566E-009   2.9930747313902711E-009   6.7079581999723131E-010   2.3557320118765140E-008   1.0263939695856885E-008   1.9794609667316561E-008  -1.7390469691685992E-008   3.5413932129587476E-009  -6.1668624190495467E-009  -5.9071359216803797E-009   2.9028182055224883E-002   4.6185626454863172E-009  -4.2206713991666227E-009  -4.3432672285110480E-008  -1.6463805644161742E-008  -3.9603414811069596E-008   3.2764569417774259E-008  -7.0657628685035959E-009   1.0668102728116229E-008   7.4829322790891171E-009 -0.25924764064824707       -3.4391153124687789E-008   2.7567815467348079E-008  -7.1455674125874363E-002  -9.6969705820560252E-009   7.8399046081421327E-009  -1.2641177928541446E-009  -6.6264487504283191E-009   4.2646809210635807E-009  -2.9598144030323102E-009  -4.0909789478991572E-009   4.6559177436470311E-009   3.3525875412709060E-009  -4.7030238624546047E-009   2.1284878471726422E-009   3.2672399332622681E-010   2.5403539930123540E-009   1.5681475918022516E-009  -5.1992557561314506E-010  -2.5943146304149742E-009   1.6867547812312370E-009  -1.1718952705556382E-009  -1.6378622488214656E-009   1.8694902645343839E-009   1.3081858053409755E-009  -1.8819559151170846E-009   8.3920326999804997E-010   1.4549505223226190E-010
  -8.2911349457634301E-008  0.16187190862138026       -1.0411023811759239E-007   1.2681910677781701E-009  -3.7036338948335563E-008  -2.6201454364356122E-008   4.1100865264897979E-008  -2.5630294062509900E-008  -1.6871488651997814E-007   6.2666605457074752E-008   5.0475569845022666E-008  0.40736748741501683        9.1127653408491002E-008  -7.9782754619802583E-009  -2.1944360670264795E-009  -2.4821402664522720E-009   2.0587085485229468E-009  -1.8668351708763391E-009  -5.9818336242672153E-009   4.8109701130390991E-009   8.9677869277092845E-009   3.1499466198602930E-009  -9.5488458230935977E-009  -3.8823160415586941E-009  -1.6832877580241636E-008   1.5435333114892355E-008   6.8261489914573110E-009   1.2282805035775643E-008  -3.1064127951358048E-008   4.5499316387508399E-009  -3.0829588697444434E-009   3.5737916446584832E-008  0.36637024611560220        5.2649368850128921E-008  -7.5805433038288830E-010  -2.0791277220522825E-009   5.1295339319390335E-010   9.6366306914304439E-010  -4.6207146986456362E-009   3.6785689099342506E-010   2.7295581231246071E-009  -1.6321074225169817E-009  -8.7264385677125902E-010   7.0354766024503709E-010   2.2366529554351824E-009   7.5200639861423915E-009  -4.8927218404045885E-009  -4.0759866654386514E-009   2.5758289266166288E-009  -5.6922284807010829E-009  -5.2920188102943741E-009  -6.7092378158321918E-009   4.4248924559556478E-009  -9.2896562655123625E-009   3.2120142384477573E-009   8.9564974817855762E-009   1.1174845940979960E-008  -6.7240261266710711E-009  -3.3284963970912660E-009  -1.1680898207548674E-008   8.1752847967257431E-009   5.8899575370417225E-009   8.7230758555990631E-009  -2.2650160168903603E-008   2.9574271446849982E-009  -3.8574052057051287E-010   5.5330937802785947E-009   2.9028179575696082E-002   1.0121628004499682E-008   1.9405485936560045E-008  -1.3786727632030492E-008  -1.1517192688607711E-008  -1.1908184916407229E-008   4.1613891755844735E-008  -7.4973394129949047E-009   4.2851841400331816E-009  -2.1677721384921518E-008 -0.25924763018815550       -3.7933630071141141E-008  -6.7048880243942521E-009  -7.1455671267355997E-002  -1.1431389145665902E-008  -2.8999915396364205E-009  -2.8645723291958671E-009  -3.5537696483718886E-009   1.5932892158039636E-009  -5.4082351853697277E-009   2.2974519288690802E-009   5.5301495214936300E-009   6.4868586459114638E-009  -4.5548752939957673E-009  -2.1862023796883862E-009   1.8069091790416538E-009   1.2635193536814753E-009  -1.2831347602228960E-009  -1.2344077980711827E-009  -1.5852443163381796E-009   8.1530305739187425E-010  -2.2983771897379163E-009   9.0620118388922304E-010   2.3009176151652961E-009   2.7973941960384861E-009  -1.8525909003570213E-009  -9.0348608074051614E-010
   6.7232735524026722E-008  -2.6025303438997503E-008  0.16187200603297069       -3.4920910012279413E-010   1.0788693410530289E-007   2.0899446957644701E-008   4.6592223839161562E-008  -1.6189026279841199E-007   1.1739439170085481E-007   5.4003347930575468E-008  -3.9926034422527034E-008   9.1127653408491002E-008  0.40736738327667693       -6.0689838833570991E-009   1.7310323534117192E-010  -7.8861153474248294E-009   1.5988513497843047E-009  -5.2562132351281398E-009  -1.6466689406807102E-009   5.0239589219388070E-009   1.3624258489599315E-008  -7.4397800047880532E-009  -1.0392739039886218E-008   4.3536181815947817E-009   1.8378549098493339E-008   5.7216044453725171E-009   3.2479633537133651E-008  -3.6649187402933556E-008   4.0615578909860593E-008   1.8270750878780680E-008   6.8383243015295965E-009  -2.7248175751082348E-008   7.2207559584039179E-008  0.36637015407831358        2.8160376307550634E-009   8.2895791643036528E-010  -2.9358195592956723E-010  -5.3237932552593164E-010   1.5604340150738486E-009  -4.4142469168574123E-009   6.7233447405007690E-011   2.0825620080100731E-009  -1.2023668223567591E-009  -1.2586680072009722E-009  -4.1767859977209482E-009   2.7926953079312205E-009   7.8695016438153785E-009  -3.9557739730101859E-009  -1.9669334069596981E-009   3.9573648203758639E-009  -2.8474106888459939E-009   7.6402045131085726E-009  -8.2768472194289170E-009   3.3435850557144210E-009   2.9674683906924912E-009   7.0595124009479143E-009  -1.2096055244381035E-008  -6.6239123799076039E-009   3.3211929214440513E-009   1.4394663419724093E-008   3.3240638405021660E-009   1.8976332328055418E-008  -2.4233656063408658E-008   2.8001730201827230E-008   9.8393362008215600E-009  -4.4727056257378788E-009  -5.0052309691004275E-009   9.0629659584783446E-009   2.9028166379000606E-002  -2.6584166644451050E-008  -6.4231010706228731E-009  -3.4916207059865585E-008   4.7390809053064913E-008  -4.9343712959642539E-008  -2.0806610754867207E-008   2.0170169061311963E-009   1.6867055654233911E-008  -5.1692475702877230E-008 -0.25924757121440134        5.3246558236096819E-009  -1.4666420449115146E-008  -7.1455653663668545E-002   2.0951755328549853E-009  -2.1626737402564442E-009   4.6360432375383949E-009  -4.9716109510373497E-009   1.2395889778647615E-009   2.1606312246309722E-009   4.8053757722068982E-009  -7.0770365422062037E-009  -4.2844136993030052E-009   1.8194288985102802E-009   4.3676659719152090E-010   2.3267891860669389E-010   9.3123325581262949E-010  -8.2675332802228799E-010   1.9866555484395867E-009  -2.0754141920860451E-009   6.3323302339157276E-010   8.2603036593243341E-010   1.8810241204219026E-009  -2.9544029503235159E-009  -1.6969055223000708E-009   7.2133519436286642E-010
  -2.1007761526602784E-008  -1.2580221411076796E-008  -6.9805533520861947E-009  0.10538737590962799       -7.6713684951111538E-009  -1.4776085691404709E-008   9.6232872117931472E-009  -4.1872142249233821E-009  -1.7229004536512918E-008   1.1858133313573558E-008  -1.9008173519813743E-008  -7.9782754619802583E-009  -6.0689838833570991E-009  0.53412043625137284        8.7583990263402559E-009  -4.2558505362037363E-009   3.0382003428659424E-008  -1.4526005716495939E-008   1.1020946366801304E-008   2.7753747015444483E-009  -1.0083185161802748E-008  -4.3365073516266183E-008   1.7783960579191156E-008   9.6770173030410486E-009   6.6234751276172752E-009   1.3254413313538258E-008  -8.9083439642190502E-009   8.5141190379053291E-009   1.4682144398543254E-008  -1.5139745583565017E-008  0.66832474587420432        3.7355971843080964E-008   2.7721838854743769E-008   1.3333076597354510E-008  -1.0994696398594965E-009  -4.7756373471220950E-009   3.3822878769990822E-009  -3.1324285896390170E-009  -4.0201605569623946E-009   5.0680262023250785E-009   2.9584685450490692E-009  -6.1860087075706566E-009   2.4379870299598044E-009   1.2284905193835970E-009   5.4106937838297783E-009   6.5222022228494205E-009  -6.3675961440099077E-009  -3.5257515894743958E-009   7.4241459497831372E-010   1.0718992213123399E-009   2.7008240482591614E-009  -7.6333443327867085E-010  -5.0512206341813837E-010   1.0423677868574832E-009  -9.3299516286382225E-010   6.1700485968331584E-010   3.0464994662208311E-009  -3.5284776172191941E-009  -1.7017483188870959E-009  -1.0176497856625717E-009   4.6198419974955854E-010  -5.4265769334754277E-010   1.2220141598259783E-009  -1.3748348069512908E-009  -1.9391064394418269E-010   3.0107682743315368E-002   2.0839364232596606E-008   1.8705308138193187E-008   3.2187565665031841E-009  -1.3421690599539689E-009  -5.3970171156600824E-009   2.2026358178989018E-009  -3.0071920897785645E-010  -4.4968979917113287E-009   1.6434013797129202E-009 -0.60459849165327229       -2.2600456284792425E-008  -2.0092321556288033E-008  -5.7737982323571924E-009  -8.4096133123046438E-009  -7.4383830028341473E-009  -1.9472641053268833E-009   1.3906143936551132E-009   1.8333104993752748E-009   1.5004680081568062E-009  -1.3767811749919580E-009   1.6070868237265711E-009  -4.8892981330752052E-010  -3.8649567533449217E-010  -6.7865021971572219E-010  -1.3147444666401508E-009  -6.1254744957158417E-010 -0.18545734678272091       -6.4375991932252644E-002   4.4202954739409309E-010   8.5943676078106759E-010   1.0850077649700926E-010  -3.2401831198251246E-010   4.9518620928443014E-010  -2.6902960706512490E-010   2.2759943647590800E-011   4.6946085851403119E-010  -8.8996400144102166E-010  -4.3078803702497076E-010
