   2.1941446798936022E-006  -6.6171397428425520E-013   5.8348141512160745E-013  -6.4879541053467597E-017  -9.8871622744327171E-006   3.1808108740335660E-012  -1.9319550720921873E-012  -1.3561136569156931E-016  -6.6205128489178973E-019  -2.5177580553480631E-020  -3.1313693877953067E-019   2.6374429058268287E-018  -6.0384933746160680E-019   1.6781913876698482E-018   1.1355168236546734E-005  -3.4349585557704645E-013   3.8123190447769784E-012  -6.2084131825472607E-013  -2.4895768442536159E-013   3.7472421344874148E-013  -3.4355664374647664E-013  -6.8429522297570200E-014   1.1766182018730209E-012  -5.6772288101010975E-014   2.0977130314271975E-013   3.2512973886031805E-013  -4.3565822390695152E-013   4.1407112189932747E-016  -2.3148061266581744E-004   4.3122333729900435E-011  -3.3076247469972244E-011   2.6967160097770319E-018   6.8619904688914799E-019   2.3972815378087787E-019  -1.2340366068507572E-018  -8.7289528414896756E-019  -7.8113820935738738E-019   9.0443535647791912E-015  -2.0510774159470464E-003   3.0225248753458482E-010  -2.7199921811891201E-010   4.3735834464620555E-019  -2.7289413453272334E-019  -1.4085477670648711E-019   6.9431467117038907E-019   7.3294910509053652E-019  -4.3622946900232922E-019   1.5999630638224632E-014   5.3062446095329137E-014  -7.8089498687497091E-013   8.9562120104078429E-014  -1.9274892302596850E-013   2.0125615372364807E-014   1.2162432351768658E-013   3.4235318695803814E-013   1.1987289733374438E-013   3.2158015778792664E-013  -1.5610367677848680E-013   2.1149388774596153E-015   3.3714188196022762E-021  -1.4185413680747676E-019  -4.8370452857377318E-021   3.5888318823232971E-019  -9.3003003898174915E-020   1.5172720052016144E-019   6.7398783107157974E-004  -1.2625025170802460E-010   8.7574996374781580E-011  -3.3302477038030054E-013   3.0010756626916981E-013   8.5026526678909976E-014  -6.4199710253207862E-014  -4.9417750107059028E-014   5.1108086780936970E-013  -1.7796037192859995E-013  -5.2144663631133480E-015  -6.1348173793683792E-014  -5.9488364319252209E-014  -2.1330634777658107E-014  -2.1026453245605202E-014  -3.3538962607201904E-015   1.6011026678993481E-014   6.0346738692965049E-015
  -6.6171397428425520E-013   2.1941444179384828E-006  -7.4022438999584277E-013  -3.8460819182349797E-016   3.1807966603300734E-012  -9.8871609715235646E-006   2.5003810054798293E-012  -4.0492895872798789E-017  -1.5630078091369870E-017   8.6770855033750027E-019  -1.9629097342053012E-019  -1.3730355617115598E-017  -1.6018362531467625E-018  -9.8377762210742161E-018  -3.4351679481760083E-013   1.1355168275751625E-005  -4.6376516856602113E-012  -4.8828817298052195E-014  -2.9458015097733275E-013  -2.6342683651991645E-013  -2.5958172757380951E-013   4.3309496952908572E-014   3.2513293256233030E-013  -7.2261567911733495E-013  -4.8589622664493117E-013   1.2643084879049070E-012   5.5853133930705411E-013  -4.5801019294963751E-017   4.3121564166982647E-011  -2.3148059534699086E-004   4.2242367581321788E-011  -1.5676082709009475E-019  -1.3643179907121222E-018   8.7196259677826635E-019  -2.6918754894710214E-018   1.5673205834137393E-018  -3.9136278661597009E-018   2.8969972399302093E-016   3.0224546497479004E-010  -2.0510772965685650E-003   3.4476349179433052E-010  -6.7279708081584628E-018   4.1357071462923441E-019  -2.9762369218832141E-019  -5.4951762124995936E-018  -1.2163265640351652E-018  -2.4553189689208301E-018   5.1950054575739607E-016   3.4626558832624930E-013   8.9044517230882907E-014  -1.4139727339829283E-013  -7.8613147035405340E-013  -4.2638343342834680E-014   3.2156891646579864E-013  -2.4387754119845791E-013  -1.5695680552484123E-013   2.3812898325508776E-013   2.2237995064617808E-013  -1.0336254646176859E-015  -3.6461535194187559E-018   8.3917277026267926E-020   3.7842446818558569E-020  -4.0933095959770320E-018   3.0224356969527238E-019  -4.7119320053892498E-018  -1.2623487610003510E-010   6.7398777993753602E-004  -1.1242394705574218E-010  -1.7756399545460458E-013  -1.8504251469306749E-013   1.9363254942060467E-015   2.9957643812187067E-013   4.9398627493515381E-014  -6.1348520649367237E-014  -2.2010814594797724E-013  -8.9065579977440326E-014   4.8033444853177307E-013   6.4942842972199505E-014  -8.9625956797603489E-015  -1.0278418123646862E-014  -2.8440171947393076E-015  -1.3259311469029249E-014   3.2329439597799320E-015
   5.8348141512160745E-013  -7.4022438999584277E-013   2.1941572221790608E-006   1.0717317954101257E-016  -1.9319426118907118E-012   2.5003416611897721E-012  -9.8872050024969238E-006   2.7821618176721992E-016  -2.1491165093643085E-017  -1.7617227656786514E-018   2.9350473113838878E-019  -2.1060174794483504E-017  -1.4144248245944332E-018  -2.2306937596902708E-017   3.8122909066420909E-012  -4.6375587786732134E-012   1.1355245358778004E-005   5.3603830237566669E-013  -2.6338291270023138E-013   4.5306278972052128E-012   2.0970912625050879E-013   2.7016417890367667E-013  -9.2887394331070703E-013  -6.6651719343558995E-013   4.5695857084204030E-012   1.1575882850709253E-012  -6.7825885794336320E-012  -5.3840225065349466E-016  -3.3075835561911451E-011   4.2240465847133926E-011  -2.3148133045340584E-004   1.5231151276510051E-018   8.1755863259601895E-019   2.6317560444009246E-019  -6.8023802316780227E-019   1.4757915305285526E-019   2.2120071808809498E-018  -1.0479300175458294E-014  -2.7199567824259325E-010   3.4474658167977856E-010  -2.0510832551639329E-003   1.3258558956359243E-020  -4.8004016191872841E-019  -6.2926946547539815E-019   2.7559138436933771E-018  -2.9366818724816497E-019   1.2074487836715011E-018  -1.8168589741545093E-014   3.0021939487229099E-013  -1.4117287623503300E-013   2.5179797535017480E-012   1.1960008089645222E-013  -3.4512894052269073E-013  -5.2238675154253897E-013  -3.5367550007417245E-013   2.3536966914033091E-012   6.1567760546512464E-013  -3.6310280487359996E-012  -4.2623798626354617E-015   1.3906827457394739E-018   3.5042650466903446E-019   1.2272256504551058E-019   1.3102218750150795E-018  -1.0955711358493451E-019   1.0753364626576563E-018   8.7562905936476060E-011  -1.1242315089125857E-010   6.7398974591821625E-004  -8.1832534523378263E-015   1.9454906118364578E-015  -1.2850873702603432E-013  -5.2259574884232791E-015   2.4007867426523336E-013   1.6204976512643730E-014   3.0088191633297340E-016  -3.8368328059636638E-014  -2.3503942612583629E-015   1.2448801177687372E-013   1.1233950868524581E-014   8.5248885167067059E-015   1.3537315383823302E-015  -4.5431339824519221E-017  -2.0408537465312352E-015
  -6.4879541053467597E-017  -3.8460819182349797E-016   1.0717317954101257E-016  0.68500531118701480        3.5061094726169939E-016   1.4910141420678137E-015  -1.1209801306559304E-015  0.19671841006904198        1.8679383682393730E-009  -2.2471204075513426E-008  -1.1808071349261865E-009  -6.7456887415264111E-009   3.0914303330419233E-010   4.8780957204889319E-009   7.7565948695118268E-015   3.0541890001488920E-016   5.3848152897945489E-015  -3.4924769158738994E-015  -3.7419575534310960E-016  -9.1276535213762263E-016  -1.7022686694263192E-015  -2.7259924298058041E-018  -1.4135987684706817E-015  -9.9634204949138268E-016  -6.5208909768614393E-016  -6.1175661106808939E-016  -1.8586239201812987E-015   2.9237643273688177E-002  -2.3702301042414963E-015   7.4314362183689725E-016  -2.5366609617781480E-015   1.3901277323676161E-008  -6.2891063043223149E-009  -2.6281710904777619E-009   1.1391206211953970E-008   2.8711882831642815E-009  -2.5292395323649134E-008 -0.18846437624000992        1.2157110813704536E-014   7.3259237438961200E-015  -1.6524896513459040E-015   5.0072595192853601E-009  -5.0782554731842327E-009  -1.0543217984813019E-009   3.0266086835732222E-009   1.0242318035642981E-009  -8.0337747475926872E-009  -9.7974358634906972E-002   4.3658782220054013E-016  -6.2700241370655358E-017   3.7511291340855631E-017   1.8391390437445026E-016   3.0469471721131667E-018   1.8721205133861165E-016  -1.2143562062913815E-016   2.9128541091597663E-017  -5.3110560014649701E-017   8.0309421973975479E-017  -4.0332112885201214E-002   3.5159077234243986E-009  -2.6542205751498352E-009  -7.0541450027866829E-010   2.4739914278441461E-009   7.2240217853568125E-010  -5.9898339977181497E-009  -1.3548733042492929E-014  -1.3022047699624070E-014   6.6776503699453799E-015  -5.0268443739597342E-018  -5.7360903341308551E-017  -1.0658265327764422E-019   2.3107192939433409E-018  -3.1605363406564105E-018  -2.5574632396521201E-018  -1.2722033885008386E-016   4.9840126473198749E-018  -5.2920944698177456E-017   2.1336185675687198E-019   6.0502965652220221E-002   3.8139316764354989E-002   5.5422116207373565E-003  -1.2294646165814117E-002  -8.7710108794388213E-003
  -9.8871622744327171E-006   3.1807966603300734E-012  -1.9319426118907118E-012   3.5061094726169939E-016   4.4553117244409275E-005  -1.5229901003835979E-011   5.5634931015827406E-012   2.4184848705945649E-016   2.9823111098025454E-018   1.1372869897461653E-019   1.4102595811485849E-018  -1.1883401856397523E-017   2.7198012362238687E-018  -7.5600453502825972E-018  -5.1168424836269139E-005   2.5741263403766865E-012  -1.3570625222921120E-011   2.7976040215891717E-012   1.1218396945595223E-012  -1.6885607445639526E-012   1.5481174646360669E-012   3.0835388499352795E-013  -5.3020177462829674E-012   2.5582368645653046E-013  -9.4525840106377026E-013  -1.4650813768474892E-012   1.9631373428736570E-012  -7.6257697124920484E-016   1.0430859546937381E-003  -2.1534162973144757E-010   7.5476307318558526E-011  -1.2151174307536403E-017  -3.0921737481586285E-018  -1.0797560433667532E-018   5.5606787413555089E-018   3.9318346537243973E-018   3.5189281220936733E-018  -1.9014492777389342E-014   9.2424435591147297E-003  -1.5485297212151182E-009   5.7375559100011336E-010  -1.9679246538856048E-018   1.2310082610693824E-018   6.3441571351569002E-019  -3.1317974386771975E-018  -3.3008561497511476E-018   1.9655156440202175E-018  -3.3428251827675161E-014  -2.3906422168435043E-013   3.5187701760164709E-012  -4.0358939950589530E-013   8.6855800739615754E-013  -9.0682625867734095E-014  -5.4811772227356231E-013  -1.5426616519458258E-012  -5.4016199155374130E-013  -1.4490731502539624E-012   7.0343089634851244E-013  -4.6545719827058196E-015  -1.6926212594890521E-020   6.3610684676679690E-019   2.1978518992255353E-020  -1.6149191037783637E-018   4.1918978249866357E-019  -6.8466393586779795E-019  -3.0396698415729399E-003   5.9100488208814844E-010  -1.8565614221812754E-010   1.5005592399706619E-012  -1.3521936121343450E-012  -3.8312177200440838E-013   2.8928684160190123E-013   2.2266840414492194E-013  -2.3028657360053854E-012   8.0184177079284062E-013   2.3489293171955431E-014   2.7640773837806963E-013   2.6805407413111526E-013   4.3143578389772058E-014   4.2211853160812172E-014   6.8546987843504040E-015  -2.8904796272668689E-014  -1.2073157182024708E-014
   3.1808108740335660E-012  -9.8871609715235646E-006   2.5003416611897721E-012   1.4910141420678137E-015  -1.5229901003835979E-011   4.4553110821344626E-005  -7.5034667843084269E-012   1.0170551940553153E-016   7.0459737201533244E-017  -3.9109421836421611E-018   8.8379285839060382E-019   6.1899815314845753E-017   7.2183030040902265E-018   4.4358857159882581E-017   2.5742964050040218E-012  -5.1168424380593806E-005   1.6575918224116795E-011   2.2002927234070438E-013   1.3274222033723163E-012   1.1870376793707410E-012   1.1697131612819112E-012  -1.9515933584816779E-013  -1.4650957676215088E-012   3.2562142588557661E-012   2.1895177473319447E-012  -5.6971629854224636E-012  -2.5168210451916669E-012   1.5179333043427302E-016  -2.1533963976278350E-010   1.0430858637154635E-003  -1.0223153440235285E-010   7.0437108498340156E-019   6.1485477479757054E-018  -3.9285008724994624E-018   1.2126474442288215E-017  -7.0655308884323745E-018   1.7635775625572119E-017  -3.6510543331394661E-015  -1.5485110330233188E-009   9.2424429064438211E-003  -7.7273558574674375E-010   3.0319300285646363E-017  -1.8640446357714321E-018   1.3404320531251208E-018   2.4766863000380692E-017   5.4843785871764612E-018   1.1061012169622810E-017  -5.8438974191707950E-015  -1.5602914686044361E-012  -4.0122209022126319E-013   6.3715403694803574E-013   3.5423664770382635E-012   1.9212773440050153E-013  -1.4490224837521735E-012   1.0989694222968246E-012   7.0727894378019784E-013  -1.0730985300762355E-012  -1.0020809567371923E-012   7.3990920997465308E-016   1.6434600852548226E-017  -3.7778336510170347E-019  -1.7020062830011936E-019   1.8447533110022012E-017  -1.3630593216370319E-018   2.1238276749551678E-017   5.9096306749553112E-010  -3.0396695908738816E-003   2.5448404141662589E-010   8.0005555139100536E-013   8.3376960228913214E-013  -8.7173868438382264E-015  -1.3498001441883296E-012  -2.2258085302161044E-013   2.7640929437946907E-013   9.9179125916514692E-013   4.0132493365001847E-013  -2.1643335539811181E-012  -2.9263478327371925E-013   2.0608129027222958E-014   2.2284672590292034E-014   6.5156993231847221E-015   3.8513999509450283E-014  -6.8589574382394275E-015
  -1.9319550720921873E-012   2.5003810054798293E-012  -9.8872050024969238E-006  -1.1209801306559304E-015   5.5634931015827406E-012  -7.5034667843084269E-012   4.4553247646594636E-005  -1.0901348774084552E-015   9.6852922945385520E-017   7.9372292805800539E-018  -1.3235625291897872E-018   9.4911365764214880E-017   6.3739594219307540E-018   1.0053517625020764E-016  -1.3570566021469953E-011   1.6575702820364405E-011  -5.1168701003111931E-005  -2.4154629029151492E-012   1.1868398451614176E-012  -2.0415634137291718E-011  -9.4497832107575412E-013  -1.2173970669417813E-012   4.1856346870965577E-012   3.0034189001483407E-012  -2.0591183323100691E-011  -5.2162532672373562E-012   3.0563279511966239E-011   1.2976224819585021E-015   7.5475735181692245E-011  -1.0222711919666446E-010   1.0430877343346029E-003  -6.8582846141821724E-018  -3.6815078576880698E-018  -1.1838706517367756E-018   3.0692752012689924E-018  -6.6566894819164283E-019  -9.9696704209654726E-018   2.3377207954215291E-014   5.7375081685949832E-010  -7.7269621658779637E-010   9.2424569804699843E-003  -5.3526747474660269E-020   2.1619109136725888E-018   2.8344073876033346E-018  -1.2412267985819068E-017   1.3246347311347491E-018  -5.4368032496345631E-018   4.0342613920183134E-014  -1.3528261601573641E-012   6.3614265949619546E-013  -1.1346326170837619E-011  -5.3893238549108815E-013   1.5551577373240865E-012   2.3539395249661511E-012   1.5937075880693851E-012  -1.0606059739716815E-011  -2.7743223962234124E-012   1.6361868436597464E-011   9.2218028007989895E-015  -6.2656682151788224E-018  -1.5797690566051607E-018  -5.5262951001629662E-019  -5.9063116358103440E-018   4.9356955066137291E-019  -4.8446672263429885E-018  -1.8563908993686303E-010   2.5448917334281154E-010  -3.0396742930450331E-003   3.6856712753105859E-014  -8.7585655068425525E-015   5.7891127031079584E-013   2.3540928046775343E-014  -1.0817348474518199E-012  -7.2989543157290585E-014  -1.3373628900367307E-015   1.7276285441497392E-013   1.0558360769655391E-014  -5.6073879968208618E-013  -2.6644755285576410E-014  -2.0914520721975250E-014  -3.3994407696088367E-015   9.5991020931006227E-016   5.1592441984895071E-015
  -1.3561136569156931E-016  -4.0492895872798789E-017   2.7821618176721992E-016  0.19671841006904198        2.4184848705945649E-016   1.0170551940553153E-016  -1.0901348774084552E-015   5.6558453855347322E-002   5.3036679926149068E-010  -6.4525100794085862E-009  -3.3803238934974202E-010  -1.9429547559377027E-009   8.7519201950353592E-011   1.4126907030633017E-009   2.1809979348593691E-015   5.2044714809013691E-016   2.4178470961737901E-015  -1.0206215772723633E-015  -1.1686745438220728E-016  -2.6564884145598159E-016  -4.9885958469398533E-016   1.0342990593521963E-018  -4.1088343674539879E-016  -3.2011877890862714E-016  -1.9814937552933012E-016  -1.8349039446181567E-016  -5.5396903232030260E-016   8.1927274041265017E-003  -4.9047180855258122E-015  -9.0920602988056303E-015  -1.0872447232987034E-014   4.0064350593200956E-009  -1.8026601247342092E-009  -7.5707654296346815E-010   3.2868054438785917E-009   8.2752958617413723E-010  -7.2932164690375079E-009  -5.8500714322749586E-002  -3.4788181516427352E-014  -7.9808544255046354E-014  -8.8565112681315666E-014   1.4646061073016758E-009  -1.4717846840453210E-009  -3.0786557594457143E-010   8.9047273748286647E-010   2.9963257128569841E-010  -2.3550527172513613E-009  -3.5749521865692968E-002   1.1308441715138878E-016  -1.5442972426317919E-017   1.0564201121262174E-017   4.6967655974693157E-017  -4.3012851794239138E-020   4.5158029706709466E-017  -3.5092647195549332E-017   8.9055557714426841E-018  -1.4031652213670545E-017   2.1646406114578545E-017  -1.3292284389469642E-002   1.0168839570794151E-009  -7.6825687143635571E-010  -2.0404511107290399E-010   7.1530923778413183E-010   2.0893349612283469E-010  -1.7321723129631018E-009   3.7007131676755356E-014   1.6756698479674444E-013   6.7236897042019840E-014  -1.1027012004566995E-017  -1.8173285758709657E-017  -4.2509415450416166E-019  -2.1752694592194339E-018  -1.1590632980700332E-019  -4.4035072567445277E-018  -3.9114524813295983E-017   4.2539200580821849E-019  -1.7137139360092125E-017  -1.8923444588972844E-018   2.2619359723688798E-002   1.5166745437675735E-002   2.2136401253322257E-003  -5.2956811684876127E-003  -3.5735661595679286E-003
  -6.6205128489178973E-019  -1.5630078091369870E-017  -2.1491165093643085E-017   1.8679383682393730E-009   2.9823111098025454E-018   7.0459737201533244E-017   9.6852922945385520E-017   5.3036679926149068E-010   5.6735134783019943E-018  -6.1345806348916259E-017  -3.3221910324794766E-018  -1.7845731297419829E-017   9.6347057818887795E-019   1.2172818254757361E-017  -3.3517837904943103E-018  -8.2945785251591610E-017  -1.1198939581469704E-016  -1.3457423507158443E-023   4.4079714410129309E-024  -4.4635487235094424E-023  -4.3079544296937887E-024  -3.0929226188368220E-024   2.6627011810230516E-024   1.1913206002452694E-023  -4.2167051408002783E-023  -2.1359399173105575E-023   5.9045139916425665E-023   9.8971826236316611E-011   7.0525850996783357E-017   1.6302300322547290E-015   2.2603005590186487E-015   3.6542404026274801E-017  -1.7483605558479058E-017  -6.9450987236508998E-018   2.9580068795069378E-017   7.5441367242778512E-018  -6.6122100753487156E-017  -9.4399717857680019E-011   6.2958146467827126E-016   1.4315976758592749E-014   1.9979653145098556E-014   1.1100848336070999E-017  -1.2554910613465283E-017  -2.3869936052048813E-018   6.2135831995909060E-018   2.2660600426333683E-018  -1.7314096747941598E-017   4.5979767275385442E-010  -2.4111221431789247E-024   8.3784334150775636E-025  -2.3368942310073003E-023   4.9955581729130737E-024   3.5622154012875760E-024   4.1230642784277154E-024   4.9315595892803848E-024  -2.1688743614673920E-023  -8.4256140539327446E-024   3.4027788744248812E-023   6.5244345211465499E-011   8.9183121392185008E-018  -6.6753531128799895E-018  -1.7871548838417883E-018   6.2974162454162146E-018   1.8326427829220449E-018  -1.5215709580394006E-017   5.8176475298094083E-016  -2.6470548265094712E-014  -1.4692372757361396E-014   1.5137642674216242E-024   6.4093117314015597E-025   7.5005505352882899E-025  -4.7600812225114970E-025  -2.2978298844089112E-024   3.7874672957730765E-025   1.1309996533301116E-024   5.3878659261814574E-025  -2.3320390765091909E-024  -7.4054995868431255E-025  -2.5255095352313347E-010  -2.0023000762423485E-010  -2.6294528715299472E-011   6.7176818208303678E-011   4.5976578084301215E-011
  -2.5177580553480631E-020   8.6770855033750027E-019  -1.7617227656786514E-018  -2.2471204075513426E-008   1.1372869897461653E-019  -3.9109421836421611E-018   7.9372292805800539E-018  -6.4525100794085862E-009  -6.1345806348916259E-017   7.3716313828964923E-016   3.8747894056027678E-017   2.2122293380997992E-016  -1.0155629000066304E-017  -1.5988841570532254E-016  -1.5107336963933092E-019   4.5577216927032820E-018  -9.0162106314642277E-018   1.1402458900067595E-022   1.2286218692896167E-023   2.6135423164130690E-023   5.5517531361003450E-023  -9.1682438910385098E-026   4.7222006918874273E-023   3.2570244085916346E-023   1.7404872218087956E-023   1.9549324777050430E-023   6.6468549755607541E-023  -9.6142023088588145E-010   2.4694965720796677E-018  -9.0929094464660003E-017   1.8678197883506710E-016  -4.5586056122672877E-016   2.0635030772852372E-016   8.6189195052541475E-017  -3.7350510303128788E-016  -9.4153642715965054E-017   8.2936275486244152E-016   6.1324258546107461E-009   2.0593830453147024E-017  -8.0147900036102470E-016   1.6613654745012185E-015  -1.6395570299128385E-016   1.6643504825172166E-016   3.4528209841705487E-017  -9.9042864409552224E-017  -3.3536486410838424E-017   2.6299549218222904E-016   3.1272738585692599E-009  -1.4615137817705815E-023   2.2277965603494546E-024  -3.3398106569372071E-024  -6.4865301213854163E-024   1.7107656894438287E-025  -5.6836291627895083E-024   4.1625652254992067E-024  -2.9294115006252683E-024   1.3558069529166953E-024   3.9784031266998840E-025   1.3022137865069229E-009  -1.1525742900044632E-016   8.7003032890848191E-017   2.3124426861062968E-017  -8.1104265175862855E-017  -2.3681597809186867E-017   1.9635957606695195E-016  -2.2386105980397365E-016   9.7471717284297178E-016   5.2561930646065562E-016   3.6212314882966421E-026   1.8141202868806041E-024   1.7583752554858709E-025  -4.0461273070579204E-026  -1.0869259254589053E-025  -1.1412760337737675E-026   4.0638050379364490E-024  -1.1862499517305461E-025   1.8790282996370283E-024  -1.9420033785451101E-025  -1.9346344910018823E-009  -1.2144729221320206E-009  -1.7673647964253376E-010   3.9240481871499950E-010   2.7927154516173885E-010
  -3.1313693877953067E-019  -1.9629097342053012E-019   2.9350473113838878E-019  -1.1808071349261865E-009   1.4102595811485849E-018   8.8379285839060382E-019  -1.3235625291897872E-018  -3.3803238934974202E-010  -3.3221910324794766E-018   3.8747894056027678E-017   2.0534985509123462E-018   1.1531343832928321E-017  -5.5414287055816312E-019  -8.2096879232959974E-018  -1.5635733702531493E-018  -9.6277516712637412E-019   1.5915032254393162E-018   6.0491794034097811E-024   5.4919722100237152E-025   2.0774509287124991E-024   2.9556595808784392E-024   7.4761923912553337E-026   2.0985261404228410E-024   1.1728358440969783E-024   1.5857078808374697E-024   9.3390843378374326E-025   2.0258369290807527E-024  -5.3793237289355123E-011   3.3554469402112287E-017   2.1192004261102486E-017  -3.0303304849862893E-017  -2.3722218250595045E-017   1.0899990524245496E-017   4.4913346506447136E-018  -1.9374632419209262E-017  -4.8990224292507352E-018   4.3096675418391555E-017   2.5089227592675537E-010   3.0088912118655030E-016   1.9110426577764206E-016  -2.6395730768952945E-016  -8.1811905054681820E-018   8.5258513452193613E-018   1.7313696760674554E-018  -4.8575589816523112E-018  -1.6726441723582659E-018   1.3038574294007003E-017   4.0690004416102654E-011  -1.0369141513474761E-024   2.4000320257724105E-025   2.5157887696391240E-025  -2.8737620737702135E-025  -5.1747939182002187E-026  -5.4830192991573570E-025   1.1707911360092745E-025   2.4834248704543212E-025   1.2059583289300306E-025  -6.1260413548330204E-025   3.8625397530142664E-011  -5.9426818207013559E-018   4.4761413955138672E-018   1.1919276179041501E-018  -4.1854843080294781E-018  -1.2210634612572012E-018   1.0128081842237578E-017   5.0416851381367068E-016   4.9890282446745683E-016   8.5469116410548585E-016  -1.4661698940913248E-026   3.0129125891014364E-026   1.3979425005915400E-026  -1.2554843332177585E-025   2.0913196920005981E-026  -1.8710083280912920E-025   2.5141795100557888E-025   2.5836489788340160E-026   1.2359124765434311E-026  -7.3443383495857535E-026  -3.0651496416860516E-011  -1.2080121171014258E-011  -2.2466261979433022E-012   3.4749537077256783E-012   2.7893844913469841E-012
   2.6374429058268287E-018  -1.3730355617115598E-017  -2.1060174794483504E-017  -6.7456887415264111E-009  -1.1883401856397523E-017   6.1899815314845753E-017   9.4911365764214880E-017  -1.9429547559377027E-009  -1.7845731297419829E-017   2.2122293380997992E-016   1.1531343832928321E-017   6.6949061752803836E-017  -2.9302555792744280E-018  -4.9107054501420992E-017   1.3553318275205248E-017  -7.3152644614731102E-017  -1.0979848799733477E-016   2.9542408941612635E-023   8.3899887193757821E-024  -3.1936504257975563E-023   1.6369921700568555E-023  -3.0619545696866412E-024   2.2305151998359414E-023   2.3432908525110388E-023  -3.3207856658715890E-023  -1.1882764017669667E-023   8.0801611171702692E-023  -2.6969984459491021E-010  -2.7912006526287579E-016   1.4294623168306345E-015   2.2144717760201280E-015  -1.3818731893321418E-016   6.1616730520853425E-017   2.6091179413444729E-017  -1.1358042226344082E-016  -2.8544592962637323E-017   2.5176699707192936E-016   2.2531861690804116E-009  -2.4792075669545863E-015   1.2534634335785996E-014   1.9571101435526899E-014  -5.1727614079215608E-017   5.1233202723435594E-017   1.0844716206298861E-017  -3.1736369925898572E-017  -1.0585217865574238E-017   8.3463139416589468E-017   1.6531917928407145E-009  -7.5048488450171072E-024   4.7008368273930631E-025  -2.3329439579585719E-023   1.6976947856319814E-024   3.4409246144283522E-024   2.0496476042570431E-024   6.7168757475642413E-024  -2.1534305400168450E-023  -6.9372205935387223E-024   3.2243955708650024E-023   5.6311781760129867E-010  -3.5257064276641972E-017   2.6670377376430668E-017   7.0758609528591437E-018  -2.4788042882839386E-017  -7.2439408110170415E-018   6.0044315221414506E-017  -1.9985577449473911E-016  -2.6290580042282652E-014  -1.4976128781116133E-014   7.9477408378439830E-025   1.7354615403686496E-024   8.4443779322613137E-025  -3.5122461795716211E-025  -2.2325385066541544E-024   1.2031055263118883E-024   2.2039896173343565E-024   3.4989500681243995E-025  -1.3649441072381131E-024  -7.2969052901780258E-025  -9.9106137800230922E-010  -6.6352283320385579E-010  -9.3736509133271526E-011   2.1685145530824839E-010   1.5251265263565594E-010
  -6.0384933746160680E-019  -1.6018362531467625E-018  -1.4144248245944332E-018   3.0914303330419233E-010   2.7198012362238687E-018   7.2183030040902265E-018   6.3739594219307540E-018   8.7519201950353592E-011   9.6347057818887795E-019  -1.0155629000066304E-017  -5.5414287055816312E-019  -2.9302555792744280E-018   1.6454553217628430E-019   1.9668699481089707E-018  -3.0340423260953202E-018  -8.3027382733538711E-018  -7.3457944167205230E-018  -1.5537796662144904E-024   4.3177600425850710E-025  -3.1755320489686998E-024  -5.2452955823646432E-025  -2.2187172429422205E-025  -5.8476926124761431E-025   1.1491076432192825E-024  -2.7666731705566092E-024  -1.9069517841040233E-024   3.6035580738694883E-024   1.7193121003167319E-011   6.4534824559216036E-017   1.6887512615631962E-016   1.4898468269033498E-016   5.9900649921452799E-018  -2.9076400848662301E-018  -1.1400430949289324E-018   4.8328297585313473E-018   1.2364937506139700E-018  -1.0822827614857575E-017   2.1076720092863884E-012   5.7753063414678799E-016   1.4955413065931713E-015   1.3184855604332906E-015   1.7292673451693206E-018  -2.0231864917089950E-018  -3.7442018183432618E-019   9.4214077320371540E-019   3.5276244264808331E-019  -2.6713493322853037E-018   1.0682083391410917E-010   3.5641052558555158E-026   1.9492297784593307E-025  -1.5145549489124940E-024   7.4397889612994145E-025   2.5924937168669707E-025   3.2033898686816307E-025   2.5296521014653175E-025  -1.4239832133111332E-024  -7.0392853276726157E-025   2.2676174938713720E-024   1.8203665915816258E-011   1.4476936648279811E-018  -1.0809975256058073E-018  -2.9000699095824020E-019   1.0232473384777285E-018   2.9749989741835199E-019  -2.4709446051031026E-018   7.7340298052168896E-016  -6.2787740960227470E-016  -7.0677934727383371E-016   4.1167910949015441E-025  -3.4319236976699059E-027   3.2782113925093739E-026  -9.6584426573161637E-026  -1.7263477827497181E-025  -5.3215215225606411E-026   2.2223270267666585E-025   9.7892704426243113E-026  -2.9840096136744757E-025  -5.1974479797789805E-026  -5.9443970584461104E-011  -4.5996211607623290E-011  -6.1014953558953953E-012   1.5380589099713095E-011   1.0563155502832056E-011
   1.6781913876698482E-018  -9.8377762210742161E-018  -2.2306937596902708E-017   4.8780957204889319E-009  -7.5600453502825972E-018   4.4358857159882581E-017   1.0053517625020764E-016   1.4126907030633017E-009   1.2172818254757361E-017  -1.5988841570532254E-016  -8.2096879232959974E-018  -4.9107054501420992E-017   1.9668699481089707E-018   3.6937360238899589E-017   8.5230781266636458E-018  -5.2979441005076231E-017  -1.1666199616874882E-016  -3.2037020025481203E-023  -2.7118245713220310E-025  -5.1403481378429997E-023  -1.4242061499086479E-023  -2.6714276329762179E-024  -1.3907090918966486E-024  -3.0924989052208977E-024  -5.0099960815336764E-023  -2.2563413584189904E-023   4.9050795418670481E-023   1.7073143011396889E-010  -1.7852645891575852E-016   1.0190545139433997E-015   2.3422634818104161E-015   1.0165272665955435E-016  -4.4136099000761805E-017  -1.9147536145948104E-017   8.4006969045379745E-017   2.1002071677798914E-017  -1.8565932368151427E-016  -2.1591284066184483E-009  -1.5920286534319763E-015   8.8999095323423718E-015   2.0677637492944664E-014   4.0630793282430308E-017  -3.8681613600630223E-017  -8.4585414341053306E-018   2.5525513222354507E-017   8.3199843679188873E-018  -6.6155796704477711E-017  -2.1134667617347253E-009  -4.0153109669896652E-024   5.6168194915600628E-025  -2.4326047967982719E-023   1.8572608175816851E-024   3.2865736124496345E-024   3.9661825809124059E-024   4.1408847322501931E-024  -2.2529318883784371E-023  -7.6914443457730383E-024   3.5672706932409234E-023  -6.2848584304241108E-010   2.6340918216054136E-017  -1.9996693105560698E-017  -5.2891419364982981E-018   1.8492137892983121E-017   5.4117429525725315E-018  -4.4832282852714719E-017  -1.1916703695815643E-015  -2.4797402043925369E-014  -1.9691334255770884E-014  -1.6644046113140264E-024   8.7695336639238559E-027   6.0133192154164557E-025  -1.0465126538544206E-024  -2.0051253269392142E-024  -5.7331885773162534E-025  -8.4620289690031063E-025  -1.4667308052804576E-025  -2.0281383754600940E-024  -7.2255977974935785E-025   1.2438866193701644E-009   8.6394909532172373E-010   1.2005519104688718E-010  -2.8414777874122687E-010  -1.9853409287112799E-010
   1.1355168236546734E-005  -3.4351679481760083E-013   3.8122909066420909E-012   7.7565948695118268E-015  -5.1168424836269139E-005   2.5742964050040218E-012  -1.3570566021469953E-011   2.1809979348593691E-015  -3.3517837904943103E-018  -1.5107336963933092E-019  -1.5635733702531493E-018   1.3553318275205248E-017  -3.0340423260953202E-018   8.5230781266636458E-018   5.8783288442101275E-005   1.4157040296741776E-011   2.3829490849426097E-011  -3.2126119166541272E-012  -1.2882037073347858E-012   1.9389652237258222E-012  -1.7777567752537038E-012  -3.5410554090676894E-013   6.0885297744038891E-012  -2.9374216861520062E-013   1.0854080057496181E-012   1.6823209470747412E-012  -2.2542403508887891E-012   9.3323764900459616E-016  -1.1977990210196503E-003  -1.0217418372334553E-010  -2.5482781059406871E-010   1.3903368460247201E-017   3.5538512388411892E-018   1.2051399426337940E-018  -6.3856194551345720E-018  -4.4037193686501700E-018  -3.9587952758274174E-018   1.4554474332132495E-014  -1.0612202844324301E-002  -1.3189270159046661E-009  -2.1489461544499109E-009   2.0433752637830875E-018  -1.5030999240787453E-018  -7.0539220667793466E-019   3.8127507384150669E-018   3.6502570454583985E-018  -2.2257811851611206E-018   2.7939157456972960E-014   2.7143665372520949E-013  -4.0364835974556222E-012   4.6417177265788156E-013  -9.9758882497583215E-013   1.0366527807918353E-013   6.3375897118984498E-013   1.7691199332492955E-012   6.2011471456964009E-013   1.6629610583219166E-012  -8.0817956828740868E-013   5.1998800546285621E-015   1.4127199901038453E-019  -5.0430329815591423E-019  -3.7736027875619644E-020   1.6896964197262875E-018  -4.8948953832211879E-019   8.6014874519907538E-019   3.6762268704452999E-003   2.4059278719708507E-010   6.8507794420849830E-010  -1.7159503747422191E-012   1.5429975815580101E-012   4.3847914813519248E-013  -3.3171940481611556E-013  -2.5458783676784837E-013   2.6343283125141537E-012  -9.1544658806225558E-013  -2.6408980720235303E-014  -3.1479447088176543E-013  -3.0713880490692330E-013  -2.5521875409282272E-014  -2.2986644975958066E-014  -2.9778086533344843E-015   2.6028513925533853E-014   6.2173181294522435E-015
  -3.4349585557704645E-013   1.1355168275751625E-005  -4.6375587786732134E-012   3.0541890001488920E-016   2.5741263403766865E-012  -5.1168424380593806E-005   1.6575702820364405E-011   5.2044714809013691E-016  -8.2945785251591610E-017   4.5577216927032820E-018  -9.6277516712637412E-019  -7.3152644614731102E-017  -8.3027382733538711E-018  -5.2979441005076231E-017   1.4157040296741776E-011   5.8783295859228551E-005  -2.8173729050975069E-011  -2.5264052133691691E-013  -1.5243316964081750E-012  -1.3630340303251204E-012  -1.3431758506920060E-012   2.2412108957456494E-013   1.6823371422170252E-012  -3.7392330786964607E-012  -2.5142091593950390E-012   6.5422655941090071E-012   2.8900272016264971E-012  -2.0271642497737751E-016  -1.0218053282301653E-010  -1.1977990786822955E-003   3.0374168539408822E-010  -6.6360042278148422E-019  -7.1125978743336901E-018   4.4613865838635306E-018  -1.3671827280595913E-017   8.3259566852897917E-018  -2.0280067604749450E-017   2.0381721719320621E-015  -1.3189845438189850E-009  -1.0612203531797185E-002   2.5386038345159344E-009  -3.4964074541960505E-017   2.1711915084176643E-018  -1.4887351301583582E-018  -2.8783954826823059E-017  -6.5444913174844375E-018  -1.2486162433612566E-017   3.3401754353671617E-015   1.7893654362235994E-012   4.5888079144511738E-013  -7.3151069432531611E-013  -4.0635808146056177E-012  -2.2011397155341342E-013   1.6629028371007843E-012  -1.2634757816950886E-012  -8.1284849111297108E-013   1.2361374881564736E-012   1.1510973451967087E-012  -2.6723884749807862E-016  -1.9195723491652536E-017   4.0797529129441395E-019   1.7222941011947777E-019  -2.1361867835805093E-017   1.6447127891699079E-018  -2.4792014563001971E-017   2.4064568456151404E-010   3.6762270105893616E-003  -8.1824793391487867E-010  -9.1339070048642846E-013  -9.5316052742372729E-013   9.4403084061839328E-015   1.5402426734747602E-012   2.5438700989945294E-013  -3.1479619854025973E-013  -1.1353962456443713E-012  -4.5957094210766184E-013   2.4763833968782029E-012   3.3551050753140474E-013  -1.1531731463442243E-014  -1.2275342610356840E-014  -4.1013889438566672E-015  -3.1751652675060907E-014   3.7928564330041990E-015
   3.8123190447769784E-012  -4.6376516856602113E-012   1.1355245358778004E-005   5.3848152897945489E-015  -1.3570625222921120E-011   1.6575918224116795E-011  -5.1168701003111931E-005   2.4178470961737901E-015  -1.1198939581469704E-016  -9.0162106314642277E-018   1.5915032254393162E-018  -1.0979848799733477E-016  -7.3457944167205230E-018  -1.1666199616874882E-016   2.3829490849426097E-011  -2.8173729050975069E-011   5.8783750740116560E-005   2.7735958216497435E-012  -1.3628076147132348E-012   2.3442488408410346E-011   1.0850862743807980E-012   1.3978877495122762E-012  -4.8062243839706144E-012  -3.4487254657334444E-012   2.3644060968343675E-011   5.9896492676552570E-012  -3.5094638985947728E-011  -1.2592153877528514E-015  -2.5482848417435527E-010   3.0374165865144345E-010  -1.1978040243938051E-003   7.5142422757278813E-018   4.0475195446496497E-018   1.2121968930595358E-018  -3.8087743713006708E-018   8.1256612492659442E-019   1.1585997220235934E-017  -2.6424650998631700E-014  -2.1489523341729599E-009   2.5386031092172637E-009  -1.0612244483246222E-002  -3.7556633638472631E-019  -2.3999487960454034E-018  -3.1725615903459868E-018   1.3810466202761849E-017  -1.6142374612699171E-018   5.9275151301032298E-018  -4.4358599623251479E-014   1.5531126074671392E-012  -7.3034979030753934E-013   1.3025823231836868E-011   6.1870335500718445E-013  -1.7827843853508811E-012  -2.7024230382201890E-012  -1.8297617025156508E-012   1.2176935428814523E-011   3.1852288746049501E-012  -1.8784484239948302E-011  -9.7010713714074322E-015   7.1296245419331746E-018   1.8621152521238676E-018   6.0703801075037326E-019   6.9472323524407310E-018  -5.5832685522767906E-019   5.4906822737442581E-018   6.8508536793923048E-010  -8.1830793316429808E-010   3.6762403627374433E-003  -4.1017551009420366E-014   9.4877884440485160E-015  -6.5273533606664033E-013  -2.6468542258133906E-014   1.2354358786158254E-012   8.1499524561655008E-014   2.0987428758473073E-016  -1.8901127247007519E-013  -9.7757358030890228E-015   6.2794369147006835E-013   3.3007128781577614E-014   2.7330932334302725E-014   4.5075810781864959E-015  -4.6510706671986279E-015  -7.0353006855656807E-015
  -6.2084131825472607E-013  -4.8828817298052195E-014   5.3603830237566669E-013  -3.4924769158738994E-015   2.7976040215891717E-012   2.2002927234070438E-013  -2.4154629029151492E-012  -1.0206215772723633E-015  -1.3457423507158443E-023   1.1402458900067595E-022   6.0491794034097811E-024   2.9542408941612635E-023  -1.5537796662144904E-024  -3.2037020025481203E-023  -3.2126119166541272E-012  -2.5264052133691691E-013   2.7735958216497435E-012   3.0773480032484242E-019   1.2651465611589685E-020   1.0068025944198303E-018   1.5423125894523320E-019   8.4408909706661442E-020  -5.6713285183999387E-019  -1.3070266158086976E-019   1.0679490589990014E-018   1.6269288101901792E-019  -1.5463528759181590E-018  -1.1103790750463037E-016   6.5501711339619931E-011   5.1519503656730324E-012  -5.6556231562443821E-011  -7.3162113322359196E-023   3.1990826200588072E-023   1.3703688252734585E-023  -5.9764997890641135E-023  -1.4786678871749521E-023   1.3364736738268147E-022   1.4630846003009797E-015   5.8041370797916359E-010   4.5653611826816992E-011  -5.0115958489718555E-010  -2.8460542712337957E-023   2.6988716628480674E-023   5.8201527533509420E-024  -1.7320903378958071E-023  -6.0888349595881540E-024   4.6916863866013931E-023   1.5143521703312729E-015   5.0566037908371933E-020   1.8457377966682497E-019   5.9312226916115816E-019   1.0127445978429047E-019  -8.9167084557665901E-020  -1.6913472223250353E-019  -1.7792350875498955E-019   5.4469690747306653E-019   5.4135942953153742E-020  -8.4805459341765605E-019  -2.3426846767360969E-016  -1.9451373279766170E-023   1.5184840362931303E-023   4.0205111917735038E-024  -1.3664294344550484E-023  -4.0906161572415554E-024   3.4163044866260851E-023  -1.8676041861506780E-010  -1.4365233292746860E-011   1.5918030076594234E-010   9.6320636914263994E-020  -8.0503648176525551E-020  -5.5889901249194651E-020   1.0182167103876163E-020   7.1759963100566929E-020  -1.3943298919956085E-019   5.5494208879545522E-020  -6.1772932928790621E-021   6.0502358500890104E-021   4.6287879067207745E-020  -5.7100008080479463E-015  -6.2710758122305343E-015  -1.4075187117715730E-015  -1.8909953759047420E-015   1.9232142695848911E-015
