   7.0514370891405539E-002  -1.7498643205973947E-008   1.8854538356250183E-008  -4.6360091814121889E-016  0.18558360957250605       -3.2182209653870823E-008   1.7499001822638736E-008   2.6903270504751069E-017   4.7523496725690545E-017   7.1591167296300928E-019   1.5054024163231218E-016  -3.9489897474362503E-017   7.4648625669317827E-017   4.1111160825204827E-015   3.5252921762124952E-009   3.3254309013863721E-009   1.4261467117811981E-009  -7.4849964424738199E-010   2.9208981369570826E-009  -3.9811199940766899E-009  -1.9149380192187704E-009  -1.2951637698690018E-009  -7.5628225196115982E-010  -9.7631081567400483E-011  0.16253365263766267       -2.0631936092800693E-008   1.4726960383671631E-008   3.5924724231694899E-017  -1.5327060232550251E-017   1.1896260564429147E-017   1.3196137638811792E-017   9.7225604565718030E-018   2.6285105970921582E-017   1.7434903748974350E-017   1.9691441052569974E-017   2.0508288124869797E-018  -2.0125453686429935E-017   1.6471752224151745E-017   5.8330471566956777E-018   2.8099899363139171E-017  -4.9242182326835628E-018   1.1952937426270531E-017  -1.8263757591574306E-016  -3.5629916728761554E-018   3.1530191437758344E-017  -1.3237153353710741E-016   1.0854206414670247E-016   4.4571617160537204E-017  -1.1649215880679466E-016   1.4655009569818453E-011  -1.6520790458507224E-010   2.2895446854661042E-010  -4.8519697781680032E-010  -7.4711751533715705E-010   4.6562243058490775E-010  -2.0448276639352307E-010   5.9580854936314898E-011   4.3953305242842389E-010  -2.1506679643978577E-010   2.1634145172882060E-002  -2.6666555206658315E-009   1.3824254572421345E-009  -4.2699758184963958E-016   5.0126727438164261E-017  -1.2950990901035287E-016  -5.6812547180663697E-017   3.1215303698299644E-016   3.2128041580067231E-016   3.2558602117314676E-016  -6.7819282340243134E-002   9.9295242049928828E-009  -6.5031624854562814E-009  -1.5294796425574082E-015   1.1464013549720998E-016  -4.6001363915363487E-016  -1.1844115866253830E-016   1.3659747806840727E-015   1.5838507783825978E-015   1.8052194775699499E-010   1.6478605580222112E-010  -2.8723330477676876E-011  -1.5565690404666126E-010  -4.7096438316528568E-011  -8.6556353128314135E-011  -1.3382797628784749E-010  -3.6355894035211079E-012   1.4764174313396654E-011   2.4120597150344721E-011  -4.8583773653196288E-016  -8.1493431207311687E-002   1.1776600879295180E-008  -7.8475825854744383E-009  -1.1823297951275046E-015   4.1710293239589108E-002  -6.0754677476336108E-009   4.0490387283874451E-009   3.2076841348890899E-012   3.8680558760268292E-012   2.4437344230243727E-012  -3.9321484462324983E-012  -5.5188306172493752E-012  -3.7061615465573927E-013  -5.9667243254826840E-012   9.3503382214088948E-013   4.1368893277500675E-012  -2.5181499676940683E-012  -5.4158168047983035E-015  -3.6136716092295021E-015   1.6078105584798542E-016   1.4359194048564500E-015   3.7386795528206744E-016
  -1.7498643205973947E-008   7.0514373613750236E-002   9.3236300490635555E-009  -9.3870453673120419E-016  -1.3760632552961639E-008  0.18558360719137384        2.6374722476632924E-009  -1.9496738365522997E-016   1.1459598305755324E-016   1.4542796287320410E-016  -2.6870653329714815E-016   2.9537133381595739E-017  -2.8241683876887635E-016   2.4639906240105356E-015   1.6240970998564088E-009  -4.2395882539692350E-009   8.2320212329980342E-010  -3.6628899430211197E-009   1.9528338699107992E-009   1.4839313832329864E-009  -1.0634618185461244E-010  -2.6248594350735922E-009   4.3823285830304390E-009   1.3428729364577820E-009  -5.5231790041515236E-009  0.16253366122178137        2.1105956697836249E-009  -2.6706431319505570E-015  -3.2591996107303124E-017  -1.6301486525891195E-017  -1.5978097570352156E-015  -2.0988678894755394E-017  -1.5643881880912559E-015  -9.4616681828855671E-017   1.2114923056255260E-018  -2.9636155689771916E-017   3.3106323088929663E-018  -2.6900631151628434E-015  -3.6460943930243631E-017  -1.5531228634744015E-015  -2.3887328694497896E-017  -2.5836306735215402E-015   8.6082620514024649E-015  -1.1089171019631578E-017  -2.4584214470826521E-016   9.0742844852674716E-015   5.9725765540584127E-017   8.8865621436277041E-015  -3.8067448343340514E-014   1.7006208632757501E-010   8.3561938637434012E-010  -3.0650466308201691E-010  -4.2910536505784785E-010  -3.0902144029195204E-010   2.0093805595965126E-010  -1.1618313679870212E-009  -7.9189934732687184E-011   7.2324074433009650E-010   2.8747234516845502E-010  -3.6548995820100953E-010   2.1634146009166216E-002  -8.9960739651519929E-011   5.2133032793977409E-015  -1.4436113301758107E-016  -6.5534988444566400E-016   6.5429160163518648E-015   2.3251469193773446E-016   6.6930881492576184E-015  -4.4442489294439743E-015   3.5924226472738773E-009  -6.7819284443745007E-002  -1.0918170696393882E-009   8.9398427729656145E-015  -5.3128384607486975E-016  -2.8802823025469620E-015   1.4726150574871949E-014   9.5267000187243291E-016   1.4977529482161466E-014   3.9399680601382514E-011   8.1872973903113742E-012   1.1099510372395771E-011  -1.1356461757653551E-010  -4.8048784289063901E-011   6.0706480292099252E-011  -2.1368393690522746E-010  -1.8541111685644138E-010   2.7847334692332984E-010   1.2992721427298353E-010  -1.0822029704280357E-014   4.2949984191475496E-009  -8.1493433736116755E-002  -1.3354616908524429E-009  -1.7973440910508027E-015  -2.2731434918311623E-009   4.1710294489335588E-002   7.1540144966047863E-010   2.0056295971597061E-012   3.7988857655900093E-012  -2.8311747914712552E-012  -5.1798119121475365E-012  -3.4340195348216450E-012   2.4894608784031170E-012  -8.7550138987056074E-012  -2.4443355163728397E-012   7.9449522834521902E-012   3.9326878456205070E-012   4.9840188874583394E-015   4.4450991305831541E-015   6.8616579317174724E-016  -7.1779609734322401E-016   1.9231219300275460E-016
   1.8854538356250183E-008   9.3236300490635555E-009   7.0514389253776205E-002  -1.2429957056101128E-015   2.5230551506380604E-008   1.8656820820589414E-008  0.18558363265787636        3.6085057930592525E-016  -3.9110682914374005E-017  -1.5503454919485725E-016   1.1474626768840057E-016  -7.4709265732779397E-017   2.5099393788943597E-016  -8.3711443066042384E-015   2.4823587206642891E-009  -1.2509190384955236E-009  -2.2110291727027727E-009   1.5977156994528064E-009  -6.8813185338924626E-010  -4.9281491860148441E-009  -2.2198063043895371E-010   3.1539526439963097E-009   1.5487432868010057E-009  -7.0282258184573543E-010   2.1006784224966374E-008   1.5374793922638506E-008  0.16253366751352616        3.0845146167843253E-015   8.3406915127085415E-017   4.8370264598987390E-017   1.8428445091530700E-015   2.3122851015105472E-017   1.8301036997746118E-015   1.3880759453779444E-016   7.8078240244014264E-017   1.7985653880139959E-017   5.2146937817223807E-017   3.2707543160513115E-015   3.4488611193670424E-017   1.9181920994470291E-015   2.9837965345628458E-017   3.2846050643745505E-015  -1.0322197392254030E-014  -2.4822082297887931E-016   6.3273042772472825E-017  -1.0490236723997024E-014  -1.3567854469615953E-016  -1.0298866696915058E-014   4.1561319232727861E-014  -1.8085114985441394E-010  -3.3658829778896438E-011   5.3025281678806231E-012  -1.2056785931736833E-010   1.7407322814514107E-010   3.6320283592516213E-010   1.0997282475532698E-010  -2.5571163665494427E-010  -1.1387631285934472E-010   1.8663912218744361E-010   2.3343164201164116E-009   1.9379463990206413E-009   2.1634146785266189E-002  -7.3987136093567297E-015   3.8481367375840407E-019   6.1276469044412146E-016  -7.1584316973684179E-015  -6.1115817967937950E-016  -5.6863808637862284E-015   7.9442909979989827E-015  -9.1437635710205707E-009  -6.6442342594277869E-009  -6.7819289553387910E-002  -1.4793141281526561E-014  -3.4674014094613942E-016   2.3039475336799741E-015  -1.4197042575835491E-014  -2.5392632049023063E-015  -8.2268597328041771E-015   1.2833949082622320E-010  -2.5150600554235631E-011  -5.6101407283333784E-011   7.6300264177049113E-011   4.9990136403349288E-011  -2.4848512141911076E-010   4.2361088655770370E-011   3.3565502187446179E-011  -3.1682832227718946E-011   1.6801491068805210E-011   1.6273219369518450E-014  -1.0967947108394239E-008  -7.8889925835767389E-009  -8.1493439894009104E-002   1.9623941920182742E-015   5.6354662667011416E-009   4.0455950084557134E-009   4.1710297727814073E-002   9.7370459733512720E-013  -7.4176981780640884E-013  -2.5933817409642746E-012   6.7770433626654396E-013   3.8087973621829339E-012  -1.9840934685827577E-012  -5.1889040298621435E-013   4.5446863951935148E-012   1.4386193892758960E-012  -1.4496521058725308E-012  -6.0929280293439878E-015  -4.2558775011442764E-015  -4.1181031101078279E-016   5.0270360983038229E-016   9.3553589248125761E-016
  -4.6360091814121889E-016  -9.3870453673120419E-016  -1.2429957056101128E-015  0.15149024769177921       -4.4058662939107959E-015   1.5250123477506819E-015   4.9644181020127509E-015   6.1736124782014873E-010  -2.0653526448095414E-010  -1.1168266630428446E-010  -9.8976237751093574E-010  -3.3177102384289106E-010   3.7221366809806234E-010  0.38749804775963137       -8.0854753401097130E-016  -2.4162168909228488E-016  -3.7270457750095697E-016  -3.1789423865996040E-016   6.9683682968355885E-017  -1.6623052043972531E-016  -2.4719759966729465E-016   7.9091292692832554E-018   3.0984744097904444E-016  -1.1789781920500432E-016   9.4819749032977459E-016  -3.0291483518492200E-015  -4.1121450970098185E-015   1.0871582337949853E-009   9.7354651232683195E-010   6.8693319618635111E-010  -9.2028340276788447E-010   4.9224978063429965E-010  -9.9082483499074925E-010  -9.8675513823789527E-010   3.9608163438439310E-010   1.7721556494743589E-011  -9.8215516262609806E-010  -2.5014542870811477E-010  -8.2011391041384396E-010   1.3582869114873766E-009   4.5321262012622375E-010  -2.0999119182806692E-010   1.2968819922901477E-009   2.3568262281630299E-009  -1.9489470634857359E-009  -6.0312452913674604E-010  -1.8527132291834743E-009  -6.8938422343899692E-010  0.16229783512940751       -5.9590596803092369E-016  -8.5684857808925579E-017  -6.8671036112251673E-017  -2.3311722795118094E-016  -3.5252339040540581E-017  -1.9494282308738411E-016  -1.0759422912511601E-016  -2.6607300703851736E-016  -2.1529933724698898E-016  -5.5821614925258469E-016  -2.0672835981484015E-015   1.6795740845079956E-015   5.4106495444069357E-015  -4.1082101802414818E-011   2.1667506385654022E-010   2.1695321552239445E-010   3.0402155440243723E-010  -3.4756663350155109E-011  -2.6032171458107854E-010 -0.26178539491334685        4.7833402447145555E-015  -4.5044806116503058E-015   1.5511280966140516E-015  -1.0924252340997372E-009  -1.7482326595391518E-009   2.2405681056035097E-009   8.2048242534980185E-010   1.4945940078508150E-009   2.7561118830785220E-010  -2.5105215927962471E-016   3.0029160002017945E-017   1.0468679691963303E-016  -1.1429593066462512E-016  -1.0888212312269253E-017  -1.4995484976617146E-016   1.2670614150456438E-016   1.4859327219479422E-016   5.1047795276471553E-017   3.1163910278498363E-016 -0.18380807832408880        5.7041125492979073E-015  -3.5440350162394673E-015   7.0893612256967396E-015   1.9018142772704902E-002   2.2996250575269869E-015   1.1376264554823239E-014  -8.3817842406891161E-015  -2.0428881546781146E-016   2.1535568047556626E-017   3.6568194307079421E-017  -1.0086747407615567E-016   1.4017872417585444E-018  -7.7588648594291840E-017   5.3774216851435013E-017   2.2271269526125278E-017   2.2300489315992112E-017   6.1050544665060644E-017   9.9314985903163622E-002   4.6582294056337188E-002  -5.5334256876977102E-003  -1.3511732127112489E-002  -1.8680068425251325E-002
  0.18558360957250605       -1.3760632552961639E-008   2.5230551506380604E-008  -4.4058662939107959E-015  0.48843136568277473        2.9231546268538615E-010  -1.8140856812405245E-008   7.9542820608710458E-017   1.2372113930459094E-016   5.8245408853163454E-018   3.9485868720703694E-016  -1.0604715601493301E-016   1.8957725531150738E-016   2.7173133914750296E-015   9.2782693400679343E-009   8.7523409233058062E-009   3.7531511943146900E-009  -1.9701328422372269E-009   7.6872513958335958E-009  -1.0477823869896993E-008  -5.0400083572457375E-009  -3.4085796008339396E-009  -1.9904872522959487E-009  -2.5683418705029966E-010  0.42777339014661730        2.0134767555968964E-008  -1.7462607932243435E-008   9.4874890134658023E-017  -4.0154126776931363E-017   3.1125509874741443E-017   3.5317272447478187E-017   2.5257565678812545E-017   6.9258831944531128E-017   4.5560358578885319E-017   5.1878689441517744E-017   5.5252626626752096E-018  -5.3030805497927351E-017   4.4089483552348404E-017   1.5612206164829017E-017   7.3884607814544975E-017  -1.2994684564422854E-017   3.2523332521738209E-017  -9.9002780147641049E-017   1.9481933136743019E-017   2.2563018050006336E-016  -3.5434387295871379E-016  -4.1780762708509320E-017  -2.6187152795073794E-016  -3.8472012992936378E-015   3.8358165428224596E-011  -4.3524642508003693E-010   6.0315249872015845E-010  -1.2768051940959123E-009  -1.9660456177275994E-009   1.2255724933528259E-009  -5.3792362579662193E-010   1.5669816209026301E-010   1.1569012463634694E-009  -5.6637309706263174E-010   5.7129229625113499E-002   2.8811293524001193E-009  -3.8204203029466593E-009   7.0380881609035468E-016   2.6024455516201052E-016   3.4227910258688822E-016  -1.8389624462848256E-016  -7.1221536007124648E-016  -9.4920803384969077E-016   4.9546346637871537E-015 -0.17783386486576125       -4.9540238097276409E-009   6.4297068359686101E-009   3.5433663513742321E-015   8.3405078415072672E-016   1.6174350841657465E-015  -4.4646501762902820E-016  -2.7709930970058464E-015  -3.2669892671461387E-015   4.7465250512793165E-010   4.3266793745753852E-010  -7.4720070891631608E-011  -4.0943110051644390E-010  -1.2351178549287429E-010  -2.2742963984120734E-010  -3.5161187295103683E-010  -9.8080869895000685E-012   3.9071941580873849E-011   6.3008000738583345E-011   1.0696214292317293E-015 -0.21347612730377616       -6.3662339416695731E-009   7.6635728497599078E-009   4.7010219781318768E-015  0.10777421333231624        2.9780506881808231E-009  -3.7433704302411224E-009   8.4390584739961862E-012   1.0154640913901425E-011   6.4025124939948479E-012  -1.0385081342084925E-011  -1.4548878624739080E-011  -9.3519174417823598E-013  -1.5683839293583357E-011   2.4599861018290325E-012   1.0886764959952195E-011  -6.6050973660846408E-012   9.7799710904864598E-015   8.0206360839584259E-015  -1.9578740787251780E-015  -3.2372057711675504E-015  -8.7160348188667450E-015
  -3.2182209653870823E-008  0.18558360719137384        1.8656820820589414E-008   1.5250123477506819E-015   2.9231546268538615E-010  0.48843133429336905       -8.5378452867104489E-009  -4.9834207303325839E-016   3.0525569766684644E-016   3.9332726955649512E-016  -7.0766198685757316E-016   6.7434303713279296E-017  -7.4447472568309150E-016   1.6610690571598272E-014   4.2743035112339224E-009  -1.1157879125852770E-008   2.1666338357659943E-009  -9.6400084690584853E-009   5.1393823320494338E-009   3.9054189391110130E-009  -2.8003087118153281E-010  -6.9085205832945162E-009   1.1533743045157300E-008   3.5343854489957188E-009   1.7437484788683449E-008  0.42777339073834469       -8.0012423978477996E-009  -7.0081146812968465E-015  -8.6566080052782521E-017  -4.3885794463025589E-017  -4.1949537739675138E-015  -5.5550959006216424E-017  -4.1062396958035222E-015  -2.4858243536765715E-016   3.7430620682414378E-018  -7.7632491036230058E-017   8.8408904412117339E-018  -7.0610775470944332E-015  -9.4630265852283594E-017  -4.0761695411152089E-015  -6.1943664238036547E-017  -6.7813802135517324E-015   2.3369666063440395E-014   1.1757223607939426E-016   8.9985852802804327E-018   2.3541766495488808E-014  -4.0473636695964750E-016   2.2847504653296547E-014  -9.5400557491638901E-014   4.4782632432940650E-010   2.1990173629037542E-009  -8.0675981511558258E-010  -1.1297527754897404E-009  -8.1288673847818953E-010   5.2891734589312907E-010  -3.0575749348097989E-009  -2.0801653965488419E-010   1.9034127046416485E-009   7.5635008092286796E-010   3.2812034570033222E-009   5.7129228962370514E-002  -2.0136062395029673E-009   1.7332523299946901E-014   3.1495137495333880E-016   1.3988069025634768E-015   1.5826434102549278E-014  -2.0384642211061546E-015   1.5285925555652940E-014  -1.5609510164470477E-014  -3.9298022097076553E-009 -0.17783386099075041        2.8798695587479683E-009   3.8576845195822298E-014   1.4796596279572229E-015   5.3596254080138541E-015   3.3061459257410775E-014  -8.4878885323213213E-015   2.9851661400441186E-014   1.0414744790509254E-010   2.1297956190486495E-011   2.9051341361468797E-011  -2.9970069566490220E-010  -1.2579378483153331E-010   1.5997770920185646E-010  -5.6221468111939046E-010  -4.8728064098397958E-010   7.3292235229184090E-010   3.4155188505534226E-010  -2.9613157479655450E-014  -4.7898048427319346E-009 -0.21347612257588738        3.4282285401725536E-009  -9.0478165670680077E-015   2.1610317215396116E-009  0.10777421069252789       -1.6709641533430768E-009   5.2711755602729362E-012   1.0046311831212286E-011  -7.4476005009730134E-012  -1.3624116311327452E-011  -9.0520318857103891E-012   6.5533640382115197E-012  -2.3102378083006927E-011  -6.4495378364933805E-012   2.0942853958493861E-011   1.0359774664873576E-011  -3.0368690613903604E-016   1.8828097207476954E-015   2.5034088459083698E-015   1.9495988593745688E-015   2.5952748817004871E-015
   1.7499001822638736E-008   2.6374722476632924E-009  0.18558363265787636        4.9644181020127509E-015  -1.8140856812405245E-008  -8.5378452867104489E-009  0.48843136000734960        9.5909228842972992E-016  -1.0066669078041207E-016  -4.1861901047924012E-016   3.1290054427695318E-016  -1.8939749026899892E-016   6.4278801676325016E-016  -6.0608798151946988E-016   6.5333988236200839E-009  -3.2921406128148929E-009  -5.8190624616680301E-009   4.2050537651709598E-009  -1.8109064296587255E-009  -1.2970527519533383E-008  -5.8414179776838361E-010   8.3007276257070184E-009   4.0758648145410836E-009  -1.8497474789780542E-009  -1.8756036020221970E-008  -1.0016016740059866E-008  0.42777337111594121        8.1122841727297966E-015   2.2096598699209206E-016   1.2556520368906946E-016   4.8440194850298760E-015   6.0405119614029941E-017   4.8125643706016384E-015   3.6518839613287291E-016   2.0564368878424591E-016   4.7642894069331232E-017   1.3628184189081534E-016   8.6005068872278209E-015   8.9527580409243450E-017   5.0446324679653720E-015   7.7345107488287543E-017   8.6353362070833370E-015  -2.6548875765675098E-014  -6.2578162278079227E-016  -4.5805876135040367E-016  -2.7067324365639927E-014   1.8356689610783300E-016  -2.8155620845318576E-014   1.1674751806507367E-013  -4.7629770218044064E-010  -8.8645189897996030E-011   1.3762468044963500E-011  -3.1748780310431462E-010   4.5785089499576440E-010   9.5650217251530208E-010   2.8918576974764926E-010  -6.7289880241285157E-010  -2.9931484493581440E-010   4.9127859387257984E-010  -3.6880385509187838E-009  -1.5942834040595198E-009   5.7129226124880958E-002  -1.6675497906116513E-014   1.4696015231901566E-016  -1.3737828108534352E-015  -1.6400228237175466E-014   9.2713437894547948E-016  -2.0102082739712294E-014  -1.1118622210846209E-014   6.9135946333653538E-009   3.6637337978763528E-009 -0.17783385957287079       -2.7385189824865519E-014  -3.1681664545209821E-016  -6.3043283983077260E-015  -2.7302232788782035E-014   3.8357984697461288E-015  -4.2968637434082184E-014   3.3719561335137413E-010  -6.6351233223077315E-011  -1.4791272420668840E-010   2.0054971319730292E-010   1.3088372904243381E-010  -6.5294341814072262E-010   1.1117096794684653E-010   8.8215233508084112E-011  -8.2800454532553010E-011   4.4506854924084178E-011   1.0841963741796912E-014   8.3827315132849526E-009   4.6783988139181132E-009 -0.21347612099742261        9.6854521509173198E-015  -4.1149525850606042E-009  -2.3220708479237894E-009  0.10777421036534647        2.5640135147497533E-012  -1.9511462843889823E-012  -6.8034009120570084E-012   1.7840818589856128E-012   1.0014231322366081E-011  -5.2241377101549917E-012  -1.3388408117112397E-012   1.1882031555278569E-011   3.7491878812750637E-012  -3.7729026826124807E-012   7.5653167455482972E-015   6.7709441406244130E-016  -2.7035192836040628E-015  -2.4152846108449202E-015  -3.6365216593614982E-015
   2.6903270504751069E-017  -1.9496738365522997E-016   3.6085057930592525E-016   6.1736124782014873E-010   7.9542820608710458E-017  -4.9834207303325839E-016   9.5909228842972992E-016   1.2288123113366372E-006   6.5843195655658661E-013   5.6004889582747591E-013  -6.1440607605464063E-007   5.1145516186014516E-013  -6.1440623528625368E-007   1.5827677138130313E-009   1.9694400362333056E-019  -4.7600135270712700E-019   7.9069040371677049E-019  -2.0194848263547311E-018  -6.8503517861177945E-019  -6.7178770014004540E-019  -2.2504769475496234E-019  -8.1446376167935972E-019   1.5261108371384662E-018   4.1140007947355778E-019   6.7547664540161389E-017  -4.3478505043722237E-016   8.1698101424990612E-016  -1.9894195691895266E-013  -4.4332702210507969E-013   5.6419749650473331E-013   3.2932542039185931E-013   4.4060461830230097E-013   2.0444334625072866E-014   3.9731061287955827E-013  -2.8234937387814866E-013   6.1738162807783659E-014  -3.5374759898305829E-013  -7.0675595876659647E-014  -1.2992824636455172E-013  -2.0485034480960231E-013  -1.9847847971802087E-013   1.0516378458788972E-013   6.8529287464338528E-005   1.3407279647730530E-011   1.2987553216151273E-011  -3.4264643487677066E-005   1.3720417086898309E-011  -3.4264643977940346E-005   6.5600584796406937E-010  -2.5470017776865498E-018   1.3796177721263524E-018  -5.9250616899221420E-019   2.1224787162216416E-019   3.6430237341158413E-019  -5.9877167648777919E-019   2.3783176249574539E-018   4.0620090137773061E-019   2.3376290432520719E-019  -1.0397716180210234E-019   4.1469478693792853E-017   2.2079150205969582E-016  -1.5429261029497416E-016   3.2580562212807565E-004   5.8153343395889350E-011   6.2554945590673841E-011  -1.6290281097768912E-004   6.0198895061697772E-011  -1.6290281115148439E-004  -1.1374984994953199E-009   5.9797939418079959E-017   1.1777531560487719E-015  -1.3129736131071037E-015   1.3497470572408792E-003   2.4183535003145357E-010   2.5687129558774423E-010  -6.7487353159860714E-004   2.4939585502302584E-010  -6.7487352564556775E-004   2.2906845262988132E-019  -9.7890087902115799E-019  -8.3670635278043945E-019  -3.5573071557146914E-019   3.7089273311246871E-020   5.6172846131145341E-019  -2.8332384305950320E-018  -5.2388569819416823E-019  -1.2066456779126627E-018  -9.2966661997138851E-019  -8.3703288206424779E-010   1.0997253108004993E-016   1.7162644317945647E-015  -1.8783191257352900E-015   8.9093095725325801E-011  -2.5321793571406093E-015   2.1512566468840576E-016  -4.0385286674112250E-017   1.9945406068654380E-019  -2.1550570306574416E-019   5.1673788233364489E-020   2.0656375266929314E-019  -2.4382521402065980E-020  -2.0352304593369008E-020  -2.4469250444977585E-019  -1.5664738620125871E-019  -3.6361584148302064E-020  -1.2372050851816688E-019   4.6721985015098726E-010   2.2036910900743745E-010  -2.6236024591954509E-011  -6.4254839666857506E-011  -8.8869795948827800E-011
   4.7523496725690545E-017   1.1459598305755324E-016  -3.9110682914374005E-017  -2.0653526448095414E-010   1.2372113930459094E-016   3.0525569766684644E-016  -1.0066669078041207E-016   6.5843195655658661E-013   1.2288101038549344E-006   5.3668760701607157E-013  -5.4239440779431469E-013   5.3542449587917150E-013  -1.1603970982643133E-013  -5.1902711813847192E-010  -8.7774333326310551E-019   4.6146161888274784E-019  -5.5570626495848245E-019   2.0042524781314355E-018   3.3280788941499257E-019  -1.0264006670472784E-018  -1.1346374654381245E-018   9.1138127744550177E-019  -4.0568732098180941E-019   5.6922312068813540E-019   1.0258801448610660E-016   2.6328749089232479E-016  -7.8856244161936742E-017   2.1648222748365846E-013  -2.2805089982370909E-013  -9.1181502431739399E-014  -4.4013650527048218E-013   6.1027663484744521E-013   5.9851314939384510E-014   2.0671070588275315E-013   3.0218571051391955E-013   2.8583633540653337E-014  -1.3405348778863897E-013   2.1910017472737542E-013  -3.2821229904766181E-013   5.5252770904099370E-014  -1.2666132304958629E-013  -6.5531889105458189E-014   2.5654227202535474E-011   6.8529223857893059E-005   1.1030966899156346E-011  -1.9255345657884860E-011   1.4543319533063812E-011  -6.3988484440102837E-012  -2.3639536039017855E-010   7.3761914165163155E-019  -6.5089884555465883E-019   9.9790472019755173E-019  -1.3698696742118202E-018   5.5130934664651596E-020   2.0607905785237604E-019   1.5193464356700915E-019  -1.7634077434631164E-019   8.0153819246731669E-019   1.2997858272840643E-018  -1.1173355488248176E-016   5.2551147114746910E-017   2.3505900394056705E-016   1.1592162139852976E-010   3.2580532811066611E-004   5.6268147089231740E-011  -9.0869891911296377E-011   7.3105056238076276E-011  -2.5051708250669253E-011   2.0356093874392931E-010  -4.7480884852619822E-016  -7.1356524300089595E-017   9.1167377686069469E-016   4.8078006680538667E-010   1.3497458467621915E-003   2.3323156255624726E-010  -3.7378410253478077E-010   3.0035226888195304E-010  -1.0699593414838906E-010  -9.8066820245003332E-020  -2.7601300387022664E-019  -4.4302973260519544E-019   1.6072685804054943E-019  -2.3322785728433057E-019  -1.3506584013997251E-019  -7.8013645744936710E-019  -4.7454112031753555E-019  -3.9533472961056521E-019  -9.6349595633812791E-019   6.4955500305326776E-011  -7.1226422036608174E-016  -6.9889082627667467E-017   1.3668708648827714E-015   1.9728478626936762E-012   1.9359234188356727E-015  -1.3786322531673872E-015  -9.4516939404629028E-016   2.4696765711775847E-020   2.4661170687843360E-019  -5.0137738823389188E-020  -1.7421829130729104E-019   1.5293290529401391E-019   1.2191714925871829E-020   3.1196657985306787E-019  -1.3356578142702780E-020   1.6266816275447243E-019  -6.0857871201411146E-020   9.6885869818787212E-012   9.7908162432423451E-012  -1.6352113335437432E-012  -4.4655302291605513E-012  -7.3788342018835456E-012
   7.1591167296300928E-019   1.4542796287320410E-016  -1.5503454919485725E-016  -1.1168266630428446E-010   5.8245408853163454E-018   3.9332726955649512E-016  -4.1861901047924012E-016   5.6004889582747591E-013   5.3668760701607157E-013   1.2288102644973489E-006   1.9149827172781133E-013  -2.3277915763683031E-013  -7.5156239902909974E-013  -2.9608252290615901E-010  -5.5488603477608697E-019  -6.1423570744415617E-019   3.3254211510758834E-018  -2.3546579406325464E-019  -8.1721669934018012E-019   8.3092079087922954E-019  -1.0871777381309918E-018   2.6688644982467359E-018  -2.9830495198893162E-019   8.0380437754288771E-018   8.2420663300477993E-018   3.4811534484672238E-016  -3.9140209377837018E-016  -2.9900064542517837E-013  -1.6910037251003643E-013  -1.5765627178687641E-013  -3.9884331540801048E-015  -3.1849641122425112E-013   5.2911885947190182E-013  -1.5018475883081067E-013   1.6302859450461711E-013   4.2836877077212391E-013   3.6175494484751221E-014   5.6101530268597007E-014   1.0722631719099211E-013  -9.4659722368968380E-014   1.3016833115074283E-013  -2.4738372631406580E-013   1.8109638843538394E-011   1.7400150206267246E-011   6.8529228867673315E-005   6.0337843148584291E-012  -6.1200611580935216E-012  -2.4143113356510302E-011  -1.0722027153620241E-010   1.1349950974228072E-019  -1.0326591807754087E-018   3.8644534633855697E-018  -1.5640700781187220E-019   7.0126492318910544E-020  -4.2176187755802855E-019  -3.3472273228633424E-018   3.9521044833711535E-018  -1.2994433072483952E-018   7.0604762678618893E-018   1.3289198948014585E-016   7.9658045938795103E-017   7.5468766089622640E-017   8.6842586264676510E-011   8.6175746598444914E-011   3.2580535094180532E-004   2.2341088554360990E-011  -3.4403551207791777E-011  -1.0918348500785279E-010   3.2915972393999254E-010   4.5674368691027394E-016  -1.2628799754893615E-018   4.5796130888184026E-016   3.5763319014779952E-010   3.5665834867031702E-010   1.3497459337025160E-003   9.4550257424908966E-011  -1.4040806210982621E-010  -4.5218316208047153E-010   1.3224934038694854E-019   3.0491546594680937E-019   1.7884867352896905E-018   1.7570412397660174E-019   2.0632832401162059E-019  -2.2095046811896104E-019   3.8791080336801124E-019   1.7901933356140642E-018   5.0281080400776505E-020   3.8776688858497149E-018   3.0449794269616399E-010   6.9628842383892130E-016   4.1827030884874280E-017   6.8543496252220798E-016  -3.8195237733407597E-011  -1.1592285869498927E-015   2.1108598370913533E-015  -4.6684947890107069E-016  -3.4221749952166023E-020  -4.9765598743907206E-019   1.6115447798474478E-019  -6.7316345369142277E-020  -4.7079239870599263E-020   1.0560841643652420E-019  -9.9742981058883921E-019   6.6890682057948749E-020  -3.8927575243171311E-019   2.9279532284897731E-019  -1.9719104042437785E-010  -9.6158167406906146E-011   1.1698487428182189E-011   2.8836719914062507E-011   4.0469829838116291E-011
   1.5054024163231218E-016  -2.6870653329714815E-016   1.1474626768840057E-016  -9.8976237751093574E-010   3.9485868720703694E-016  -7.0766198685757316E-016   3.1290054427695318E-016  -6.1440607605464063E-007  -5.4239440779431469E-013   1.9149827172781133E-013   1.2288109966869235E-006  -6.9721894171402046E-013  -6.1440492057946059E-007  -2.5309393032494013E-009   4.0019094086951735E-020   5.5854404883201782E-019  -2.5037020300723944E-018   1.2178704304941933E-018   7.2089544049797281E-019   1.8489388379136546E-019  -8.0832332712773649E-019  -1.1407416363414709E-018  -6.8638356680079512E-019  -3.5183909736902010E-018   3.2759231901349008E-016  -5.8904288608042920E-016   2.8341926126716720E-016   1.4843395076013792E-013   4.6477319688157814E-013  -2.4222728440708154E-013  -3.7676434511033465E-013  -1.8176649478869011E-013   1.1396405344392997E-013  -6.5330178832772070E-013   3.8277832567971623E-013   2.5293702295273261E-013  -4.3079955213941936E-014   1.3981531694884643E-013   3.6868607176909803E-013   1.2908756010599336E-013  -2.3320572009952485E-013  -1.3952768551344128E-013  -3.4264638699201000E-005  -1.1435185653790294E-011   6.9654247329977104E-012   6.8529248313332631E-005  -2.2936447414297392E-011  -3.4264609605572343E-005  -1.0631152290979771E-009   1.7379956488525768E-018  -2.8589584928200983E-018  -1.4850328558395762E-018  -4.8663965322185642E-019  -5.5474392568462938E-019   9.5675916542613842E-019  -4.9044737261705317E-018  -2.6700073034966608E-018  -1.7720775514059308E-018  -5.7515062068451040E-018  -2.5042942603763067E-016   4.7645205254090067E-016   1.2590933961785766E-016  -1.6290278857390025E-004  -5.3984721828518185E-011   2.7241141633566341E-011   3.2580544683662253E-004  -1.0484408552767199E-010  -1.6290265825524996E-004   1.7314028392934458E-009  -1.2082960331100635E-015   2.1674782645453576E-015   1.8247257252244082E-016  -6.7487343953626165E-004  -2.2101870010296892E-010   1.1573370358552208E-010   1.3497463369670463E-003  -4.3389507438027825E-010  -6.7487289740796356E-004  -2.6644762447545771E-019   3.1521561649440614E-018   1.3637309355663376E-018   4.6163847192809454E-019   1.6355190442742044E-019  -5.9500633779288033E-019   7.1195847654093805E-018   1.5405930820063249E-018   2.8956626366377979E-018   3.0503126228911172E-018   1.2317460388945033E-009  -1.7856638317999132E-015   3.2531317727572757E-015   3.3360104469929909E-016  -1.2478930618962691E-010  -8.5207757032432397E-017  -3.4307510325345772E-015  -2.0631840440688272E-015  -1.3477934142812673E-019   4.9475077113040387E-019   1.8400339736018795E-019  -1.3460046422913515E-019  -6.9754479374317814E-020   5.2580071473044408E-020   8.2372255688860200E-019   4.6942936325415905E-019   3.3522556431481726E-019   7.0230615472501751E-019  -6.5719873042649794E-010  -3.0598424146086226E-010   3.6044449492207434E-011   8.7914257765876776E-011   1.2055999147336431E-010
  -3.9489897474362503E-017   2.9537133381595739E-017  -7.4709265732779397E-017  -3.3177102384289106E-010  -1.0604715601493301E-016   6.7434303713279296E-017  -1.8939749026899892E-016   5.1145516186014516E-013   5.3542449587917150E-013  -2.3277915763683031E-013  -6.9721894171402046E-013   1.2288118195730146E-006   1.8574968998972543E-013  -8.5377326292588898E-010   1.4753992920446982E-019   1.9802385383334251E-018   1.4031772335787150E-018   2.7974718184574858E-019  -2.2348698206522998E-019  -5.6766095483413388E-019   5.8971199590005409E-018   1.9801800591642985E-018   1.3053374104793556E-018   3.3413068588497813E-018  -6.7842405007607646E-017   5.5052438247412108E-017  -2.1001278432913923E-016   1.2007147907694176E-013  -1.1237396427559136E-013   1.3990624523344736E-013  -1.5757026532955468E-013  -3.7307666811725187E-013  -5.3369874768801341E-014  -2.1196967429948613E-013  -4.7495420519206388E-013   4.3515377756231991E-013   2.1410505362615491E-013  -1.6770586048620324E-013   2.0124756387718860E-013   4.5214564278324307E-013   7.6874912283714106E-014  -2.2702548830585503E-013   1.7028571291157666E-011   1.3786375756035417E-011  -4.8842024203975844E-012  -1.7775750451402562E-011   6.8529272500546129E-005   7.4718573436656949E-013  -3.4748573486274202E-010  -3.3824827744931961E-019   4.8976591758500532E-018   1.7755422519875182E-018  -2.6479829992477200E-019  -4.0951219774273323E-020   3.1240095174310199E-019   8.5222886044769308E-018   2.1540818881612680E-018   4.5895923993084987E-018   4.8071966574973904E-018   4.5329488052417798E-016   1.0603642402454027E-016  -3.9834993356518657E-016   7.5411097947308274E-011   6.9845147860889599E-011  -2.8447711123039484E-011  -8.0181920189285379E-011   3.2580555667527329E-004   4.7707739598712763E-012   6.7706469935392519E-010   1.6764626513939101E-015   3.4744739719032307E-016  -1.3294330936286026E-015   3.1148876421669941E-010   2.8757153877208952E-010  -1.1519507626857537E-010  -3.3104530016208166E-010   1.3497467878483584E-003   1.9556247471081805E-011  -4.3688731978261789E-020  -2.1541138417644607E-018  -8.1415512084789901E-019   7.1997312726087391E-020  -2.5384706586103009E-020   1.0425560676295480E-019  -4.8432948317932495E-018  -2.6768364419082742E-019  -2.1232547701739793E-018  -7.6116936532238487E-019   5.3111183517605986E-010   2.5364072606322939E-015   5.0492064394523697E-016  -2.0282223868699195E-015  -5.8962886301132021E-011  -2.4048054189254134E-015   1.1116286387532447E-015   8.3674701132998052E-016   5.2884682013785547E-020  -1.6437871613735969E-019  -1.2190856437482933E-019  -1.7289246763430621E-020   7.7463660373746401E-020  -5.7816167714759589E-020  -5.7101520959351267E-019  -7.1764452635091073E-020  -2.6818442558301196E-019  -1.7526956558923735E-019  -3.0965166011323804E-010  -1.4731882182880380E-010   1.7634401985414178E-011   4.3267293656141922E-011   6.0048914167165649E-011
   7.4648625669317827E-017  -2.8241683876887635E-016   2.5099393788943597E-016   3.7221366809806234E-010   1.8957725531150738E-016  -7.4447472568309150E-016   6.4278801676325016E-016  -6.1440623528625368E-007  -1.1603970982643133E-013  -7.5156239902909974E-013  -6.1440492057946059E-007   1.8574968998972543E-013   1.2288111558171493E-006   9.4769783677651483E-010  -2.3694308544568650E-019  -8.2498328598461281E-020   1.7129864390508004E-018   8.0166899202987236E-019  -3.5878962946837671E-020   4.8681237452012201E-019   1.0333621036288373E-018   1.9552585171388919E-018  -8.3975967303116615E-019   3.1069700745903848E-018   1.6751311791322518E-016  -6.1712393407831714E-016   5.7738148969536090E-016   5.0508004814525489E-014  -2.1446175967222937E-014  -3.2197021295047235E-013   4.7438925850503779E-014  -2.5883812411477580E-013  -1.3440838683685463E-013   2.5599117665245339E-013  -1.0042895227583765E-013  -3.1467518577871770E-013   3.9682755540332025E-013  -6.9139720753633832E-014  -2.3875782437370421E-013   7.5762783014796968E-014   4.3168419923478486E-013   3.4363901187115727E-014  -3.4264648765374907E-005  -1.9722145335345308E-012  -1.9953827392592600E-011  -3.4264604822709808E-005   9.2152445357380019E-012   6.8529253580804311E-005   4.0689075799102304E-010   8.0900488240247556E-019   1.4793298266380912E-018   2.0775413238507750E-018   2.7438939442997087E-019   1.9044696465598167E-019  -3.5798342502229089E-019   2.5261699362466433E-018   2.2638085457916237E-018   1.5383069805410105E-018   5.8554800570335471E-018  -2.9561799083622820E-017   7.2778266782364752E-016   3.5402588213297971E-016  -1.6290283355530394E-004  -4.1691946284884692E-012  -8.9800125707239544E-011  -1.6290263584492853E-004   4.4641454601458507E-011   3.2580546939385801E-004  -5.9381580125025633E-010  -2.4648694851479214E-016   3.1458546659011698E-015   7.6238292006520048E-016  -6.7487361770929299E-004  -2.0819024003235272E-011  -3.7262172979497026E-010  -6.7487280531041956E-004   1.8448374242200355E-010   1.3497464230001872E-003   3.7385180903908135E-020  -2.1732556087679814E-018  -5.2702845226963160E-019  -1.0591402245599023E-019  -2.0063564143018812E-019   3.3276080059497005E-020  -4.2863436964192869E-018  -1.0166986390811526E-018  -1.6890201771384928E-018  -2.1206496369703082E-018  -3.9477872629630272E-010  -3.5355677817131857E-016   4.6784143173383883E-015   1.2171047507126760E-015   3.5701767097848851E-011  -1.1051419333117271E-016  -5.8342486742067135E-015  -5.2617849446052670E-016  -6.4674656341155893E-020  -2.7924428875117307E-019  -2.3567711491439496E-019  -7.1963129664730678E-020   9.4137075632131298E-020  -3.2228010042383005E-020  -5.7903094941590457E-019  -3.1278199994903326E-019  -2.9886355591108616E-019  -5.7858568173298623E-019   1.9004088151060661E-010   8.5641312033104061E-011  -9.8119346823015855E-012  -2.3666326596949102E-011  -3.1702562644955377E-011
