   6.5433356547345639E-002  -5.8085604345350777E-016  -9.3752994736577808E-017   2.5137164262710574E-016   8.4445704861413701E-002  -2.3863763997598490E-018  -1.7821594386398974E-016  -2.1258435115965430E-016   3.6476826301027290E-017  -3.3119830443894597E-017  -2.1794216322384392E-017   2.6243140162966261E-017  -8.8548296346883872E-018   2.3380107517756669E-015   3.1465637020614017E-015  -2.0145205400754494E-017   2.7700274175047314E-017   1.1736036615895491E-015  -1.2631037585906407E-018   1.2400988578489181E-015  -4.1469673270489767E-017   2.4381498617405695E-017  -1.7309650754591493E-017   3.0234405082134018E-017   8.6158813139705345E-002  -3.8011027022284875E-016  -3.7899303379119966E-016  -3.1509408891028836E-016  -3.1492021712625192E-017   3.4718371370068190E-017  -4.8615905501484051E-016  -1.1522558571290599E-017  -5.1403994261689674E-016   4.6776357342446795E-016   1.1299751813645474E-016  -1.3102321826468158E-018  -4.5123205910461998E-018   7.9885601253704040E-017   8.0945248472110819E-020   7.7283142779385058E-017   6.5138961949681361E-019  -3.0181650560057211E-018  -6.2952826736674093E-019   2.8398546195144231E-019   1.5448737563213276E-016   4.7185758182097782E-019   8.4415027538398181E-017   3.5986835966483226E-018   1.5823659436754672E-016  -8.1309082019407508E-002   2.8250454586398987E-016   1.5552181362456483E-016   2.6690458605617070E-015  -3.4762989711878125E-018   1.3046049515642524E-017   1.2276528749563377E-015  -1.6794189084478670E-018   1.2253907509258131E-015  -1.3858577530461354E-017   1.3942031767800430E-017  -2.3813193305953518E-018   3.8347381796578906E-017  -4.6977160800952232E-018   5.4508708534510682E-018  -7.1918058121818288E-018   5.2981570569703236E-017   4.3940446252969361E-019   5.7986779783128129E-017  -4.7540147910445702E-016  -7.9168826258556584E-016  -9.3515460184845964E-016  -1.7122857623182250E-017
  -5.8085604345350777E-016   6.5433356547339963E-002  -3.6512994523969764E-016  -1.1233853671331991E-015   2.2467334051235504E-017   8.4445704861412119E-002  -6.5889966708120605E-016  -1.3743530136580621E-016  -2.7001749219821576E-017   1.5566009136504089E-017  -1.4330568047705650E-016   1.9779255749999959E-017  -1.3937437406542143E-016  -2.1647494635800484E-015  -1.5233786524423291E-016   2.8743342968321377E-016   6.1353970214151923E-017  -7.5984371781614639E-017  -2.1804101907475547E-019  -7.0707436217635946E-017   9.2077013931329850E-016   7.8249756861624552E-017   2.8225367622511088E-016   1.7335518756440381E-016  -4.9400653676878949E-016   8.6158813139706567E-002  -5.9910697957057680E-016  -5.5045690929286907E-016   4.6338438146841206E-017  -2.2831315752102924E-016  -3.1596531715202866E-016  -1.0884879518394421E-016  -2.8346074261942027E-016  -1.5513417814726494E-015   1.7425745277182654E-016  -2.3669589368562311E-017   9.7169764951818708E-017   5.5052737866521628E-017   1.7490784204434010E-017   4.7744099494395967E-017  -1.7372249753160576E-017   4.1521533511859295E-017  -6.5341698566997067E-018   9.8157211693721895E-017   7.5889863576642906E-018   4.2131804336066271E-017  -7.0223394680940646E-018   4.3212298323376592E-017  -2.2954224652511192E-017   4.5716750974792349E-016  -8.1309082019403747E-002   3.7363150925948862E-016   3.5939000818618914E-017   5.2701169977002372E-016   3.0907435960081358E-017   1.6874980257839576E-017   1.2255890120463351E-018   1.7536447939674149E-017   1.0474860154459008E-015   2.5510992464306035E-017   5.2426648379257017E-016   6.6768038075728309E-017  -2.4801448681246121E-017  -5.1998283667748744E-018   4.4556603897225787E-017  -6.2799653782569533E-017   1.9700481225032304E-017  -7.1693609909513972E-017  -6.7992166077995596E-016  -7.3342101869261511E-016  -1.7831837654395671E-015   6.4891979974939288E-017
  -9.3752994736577808E-017  -3.6512994523969764E-016   6.5433356547345431E-002   2.1265305599284521E-017   1.6527476273128776E-016   2.9969417492280625E-016   8.4445704861412507E-002  -6.5527542969571101E-016   6.3329635731343111E-017  -1.3539977995172890E-017  -6.6732929212624536E-016   5.6243861757652952E-019  -7.0123309469760762E-016   3.3537629545232075E-015  -4.9532741375738759E-017  -8.2960004105212512E-017   9.4058951735113648E-016  -4.3244192569172813E-017   9.4015651359053491E-018  -4.0637982981939032E-017  -1.8696244282611731E-016   8.5399370918787709E-016  -7.5637094523232413E-017   2.4249589212234117E-015  -5.3803321054676857E-017   3.3434319985894481E-016   8.6158813139708051E-002  -3.4457466599221673E-015  -1.9608922815148064E-016   2.6909677268740901E-016  -3.1096314104063317E-015  -5.7295415754022245E-017  -3.1039020565223645E-015  -1.2541744673748038E-015   1.3889888500765620E-015   9.0973651162100568E-017  -1.0990576212485645E-016   7.4754542220384862E-016   1.1129053755642993E-017   7.4911306833441308E-016   9.0081564305657441E-017  -4.9053660260238462E-017   4.0103127729213685E-017  -1.0928844680704994E-016   1.1701463930090689E-015   2.3070387579315745E-017   6.8143607070149101E-016   2.3440860364255245E-017   1.1754064564654909E-015  -2.0169548536891495E-017   7.2534208773158712E-017  -8.1309082019407189E-002  -2.5968009923540446E-017  -3.8667365417279644E-017   9.1253243231341370E-016  -7.0499238650850394E-018  -2.3412958924242467E-018  -4.5990050087527783E-018  -9.0570874882468292E-017   8.8629314799483043E-016  -4.4400188784756713E-017   1.9179584257439471E-015   2.7427043515623379E-016   4.2578780111126538E-017  -5.0642090828655328E-017   2.1672602871924108E-016   1.1133672499670769E-017   2.1550622180848849E-016  -7.0952516413394609E-016   7.6176512576972111E-016   7.1351010192227023E-016   4.8599755744557840E-017
   2.5137164262710574E-016  -1.1233853671331991E-015   2.1265305599284521E-017  0.10404960042969028       -1.0808525249000057E-015   1.9327398229330089E-015   9.7355244637745011E-016  -3.1757650286238176E-015   4.4576462960327767E-017   6.9857531050625961E-017  -3.0251709021201955E-015   5.6778283551588314E-017  -2.3617903957748866E-015  0.26423437916125342        5.9604889650220297E-016  -1.5977362782497216E-016   6.6515849840203764E-017   3.1461552228514162E-017  -1.6521651304630923E-017   9.1407327555960193E-017  -1.0710975461385116E-016   3.7212300704491015E-019  -9.9637184617909826E-017   4.3415666488009623E-017  -6.2296758704250168E-016  -8.0793589323903963E-016   1.6334311071395357E-016   3.2594129245526259E-014   6.3580777869957458E-017  -4.5940333287385362E-017   3.2704605509017939E-014   3.0251706578571937E-017   3.7553925526388816E-014  0.15620589591258704       -2.4878839925326365E-014   2.4996313454486801E-018  -4.0899694497554493E-017  -1.4371911323870274E-014  -3.1054572584721500E-019  -1.3697539321535648E-014  -1.8800546631574170E-017   1.9341483773661675E-018  -4.5572588990006018E-018  -1.9983647802579223E-017  -2.4363423634949112E-014   1.2016807101322495E-017  -1.5150235965715445E-014  -9.0107282400139760E-018  -2.2789100856873575E-014   2.0011584779806438E-016  -2.4643891466293568E-016  -5.9205578905475972E-016   1.0154740845091037E-016   1.6043253096774915E-017   3.6370497136200403E-017   1.2622594607480195E-016   7.8510640360603076E-019   1.1609299509488314E-016  -1.1984998636623466E-017   5.2181338914664506E-017   9.2754368365515545E-018   8.8873082351292609E-017  -2.5355599517764462E-014  -3.6256617761174160E-017   4.2796784537670933E-017  -2.5632378466973323E-014  -7.1562146779695366E-018  -2.5623589410210712E-014  -3.8901067926626655E-002  -7.2380903430890806E-002  -5.7099595030801815E-002  -8.4733528206468352E-003
   8.4445704861413701E-002   2.2467334051235504E-017   1.6527476273128776E-016  -1.0808525249000057E-015  0.10898229046802992        9.9335837408711491E-016   1.3944851641043811E-016  -2.7435296496201168E-016   4.7075550921321534E-017  -4.2743144694121285E-017  -2.8126754553875720E-017   3.3868359897371595E-017  -1.1427693295637952E-017  -5.5242623084709153E-016   4.0608308014835082E-015  -2.5998606206505493E-017   3.5748879485862536E-017   1.5146065196755632E-015  -1.6301118089531032E-018   1.6004225929188394E-015  -5.3519121965941256E-017   3.1465798867202268E-017  -2.2339151405421300E-017   3.9019328717757555E-017  0.11119316033162290        5.2609708760168431E-016  -1.1217130265923287E-016  -4.0664798261527470E-016  -4.0642359055956688E-017   4.4806158459321781E-017  -6.2741766954613122E-016  -1.4870558866342734E-017  -6.6339964158539295E-016  -1.5020194724145415E-015   1.4583013267462617E-016  -1.6909338911209841E-018  -5.8234226849691784E-018   1.0309720090972938E-016   1.0446473974603453E-019   9.9738570819004531E-017   8.4065770824465369E-019  -3.8951245815741631E-018  -8.1244431086909098E-019   3.6650041768214188E-019   1.9937530360417078E-016   6.0896075325538628E-019   1.0894269952713045E-016   4.6443188753787363E-018   2.0421389718237372E-016 -0.10493428894779659       -5.9483756847707756E-016  -1.5501422912401989E-016   3.4445651407090301E-015  -4.4863741128455616E-018   1.6836716090033534E-017   1.5843602991054916E-015  -2.1673916938503852E-018   1.5814408912022250E-015  -1.7885332645112762E-017   1.7993035386782557E-017  -3.0732366484420137E-018   4.9489615943196277E-017  -6.0626867783166468E-018   7.0346785739959145E-018  -9.2814604520048438E-018   6.8375921816087408E-017   5.6707803963486798E-019   7.4835447084376373E-017  -1.7990263579163024E-017   1.1031787112260204E-016  -2.0394805754233915E-016   9.2212671083570858E-017
  -2.3863763997598490E-018   8.4445704861412119E-002   2.9969417492280625E-016   1.9327398229330089E-015   9.9335837408711491E-016  0.10898229046803526        1.4456444349507688E-016  -1.7736857023810174E-016  -3.4847390775517283E-017   2.0088876419798263E-017  -1.8494464959592642E-016   2.5526326044959709E-017  -1.7987106085658332E-016   5.7513008010810266E-015  -1.9660123041863845E-016   3.7095022861576620E-016   7.9181010025554942E-017  -9.8062428280084819E-017  -2.8139512499307924E-019  -9.1252223718957162E-017   1.1883095646086260E-015   1.0098604476501118E-016   3.6426544344108008E-016   2.2372535626641012E-016   3.4638115486287957E-016  0.11119316033163203        2.4191385888119291E-016  -7.1039794003778283E-016   5.9802557563371219E-017  -2.9465194104858785E-016  -4.0777235536247285E-016  -1.4047595473684639E-016  -3.6582323564009644E-016   3.2382728321287273E-015   2.2488978409599871E-016  -3.0547036916287786E-017   1.2540345972680208E-016   7.1048888502125266E-017   2.2572915079692480E-017   6.1616648564013349E-017  -2.2419939199858887E-017   5.3586050744607542E-017  -8.4327414693150337E-018   1.2667781948049954E-016   9.7940459714800539E-018   5.4373642160143154E-017  -9.0627538840946025E-018   5.5768085012712793E-017  -2.9623815476835114E-017  -3.3854062201410035E-016 -0.10493428894779887       -4.7576549502601610E-016   4.6381454601824188E-017   6.8014047888696840E-016   3.9887915779174709E-017   2.1778182835015680E-017   1.5816967591709957E-018   2.2631846892352972E-017   1.3518440681368018E-015   3.2923479002707890E-017   6.7659761160267725E-016   8.6168192112238511E-017  -3.2007769829610620E-017  -6.7106930587181215E-018   5.7502992676372475E-017  -8.1046752124968042E-017   2.5424662755201511E-017  -9.2524940525725709E-017   7.2339662405657274E-016   3.0101735595869977E-015   5.3081958415082458E-015  -1.9693281504851575E-016
  -1.7821594386398974E-016  -6.5889966708120605E-016   8.4445704861412507E-002   9.7355244637745011E-016   1.3944851641043811E-016   1.4456444349507688E-016  0.10898229046802717       -8.4567258136883630E-016   8.1730725888717203E-017  -1.7474160671904477E-017  -8.6122882000550685E-016   7.2586105938498152E-019  -9.0498372815466983E-016   6.7295186459743915E-015  -6.3924999112120311E-017  -1.0706490376817868E-016   1.2138876708930632E-015  -5.5809246466275426E-017   1.2133288533464540E-017  -5.2445775337428273E-017  -2.4128634232051777E-016   1.1021305420485583E-015  -9.7614245970434558E-017   3.1295561800274033E-015  -1.4478334167845323E-016   1.8436753153613213E-016  0.11119316033162517       -4.4469445069721093E-015  -2.5306501088631471E-016   3.4728566352968871E-016  -4.0131674449701481E-015  -7.3943199982033424E-017  -4.0057733671990498E-015  -1.9331275465128944E-016   1.7925741346383888E-015   1.1740700006182879E-016  -1.4184003451280700E-016   9.6475258835668606E-016   1.4362717097598559E-017   9.6677573051925219E-016   1.1625570800889170E-016  -6.3306715951684606E-017   5.1755512278975272E-017  -1.4104335175213867E-016   1.5101447054328764E-015   2.9773730759962454E-017   8.7943447111309768E-016   3.0251848299806867E-017   1.5169331355185755E-015   4.5075705325108469E-017   3.2682227247399519E-016 -0.10493428894779504       -3.3513287680037060E-017  -4.9902574162360842E-017   1.1776783054044882E-015  -9.0983532164613330E-018  -3.0215839803638711E-018  -5.9352941697908785E-018  -1.1688719290796181E-016   1.1438149217075431E-015  -5.7301129511761175E-017   2.4752413708081956E-015   3.5396258791401419E-016   5.4950491436603767E-017  -6.5356681688598858E-017   2.7969805039349836E-016   1.4368677866166421E-017   2.7812381578582199E-016  -1.1825879117196240E-015   5.1612658350596410E-016   6.8842261828179988E-016  -1.4484245781527836E-017
  -2.1258435115965430E-016  -1.3743530136580621E-016  -6.5527542969571101E-016  -3.1757650286238176E-015  -2.7435296496201168E-016  -1.7736857023810174E-016  -8.4567258136883630E-016   1.1024504389692592E-028  -2.5481507279695239E-030   2.9339039878517594E-031   1.0912738257445851E-028  -4.2531200861618711E-031   8.2772963443154847E-029  -8.0738141626582027E-015  -2.7686955802843432E-029   8.2119671790315206E-030  -1.2862587637206300E-029  -3.0063666678738681E-030   8.4597671594756615E-031  -5.1667792160594716E-030  -2.3340246031295227E-031  -9.0228226080288587E-030   6.5773321303486721E-030  -2.5142739812118915E-029  -2.7991862796668929E-016  -1.8096675876028453E-016  -8.6282832306400327E-016  -9.0884670460452857E-028  -3.9633019054252342E-032  -1.6809287239761560E-030  -9.2046317197698754E-028  -1.3688803663997807E-030  -1.0545352550134499E-027  -4.7353423936535206E-015   7.0949164189275597E-028  -5.0371986081164704E-031   1.9650412703964766E-030   4.0866326232195220E-028   2.4299447615242362E-032   3.8609630154391163E-028  -1.1942767487493236E-031   6.3289812309973511E-031  -4.0475340360651540E-031   1.5969400753808333E-030   6.9211298288526909E-028  -1.0998800642248958E-030   4.3159910538391245E-028   8.3145290109094908E-032   6.4559206078753359E-028   2.6416249076225591E-016   1.7078045175676703E-016   8.1426120360921241E-016  -1.1305092038676209E-029  -4.2556988697600510E-030  -9.7782169514921136E-030  -8.1628877217592731E-030  -1.3518511300301347E-031  -8.3085168418130358E-030   1.8102118713205122E-030  -1.1341970325591597E-029  -4.0840508972940633E-030  -2.3359615986502850E-029   7.0911166328032546E-028   2.0959672901848822E-031  -4.4713098560182955E-031   7.1661486095695812E-028   4.0860133682258363E-031   7.2232457627422877E-028   1.7579520792065151E-015   3.4656808392052528E-015   3.6277506623617412E-015   2.5758106297467801E-016
   3.6476826301027290E-017  -2.7001749219821576E-017   6.3329635731343111E-017   4.4576462960327767E-017   4.7075550921321534E-017  -3.4847390775517283E-017   8.1730725888717203E-017  -2.5481507279695239E-030   1.5372344132418707E-031  -1.9665563955207733E-031  -2.7241486360432148E-030  -9.1274517781975315E-032  -1.9225902597749949E-030   1.1396378756135498E-016   2.0318557006139579E-030  -5.3766022212776047E-031   1.0306376898156866E-030   5.5725833467124393E-031  -3.5314217114234339E-032   6.2695646207265203E-031  -3.2548790266953654E-031   8.2636024326878072E-031  -5.2429174999994942E-031   2.2317985673204187E-030   4.8030549356361073E-017  -3.5554322569293262E-017   8.3388756730437751E-017   6.4835158520709228E-030  -1.9345590248417701E-031   4.1861631464368120E-031   7.0847773874065872E-030   1.0544048637183849E-031   7.9492800620314748E-030   6.4169385401867244E-017  -6.3253737619211648E-030   6.1576119728360002E-032  -1.4994872858466833E-031  -3.5276711848531668E-030  -1.0435608702166909E-032  -3.0660654885159003E-030   7.1806722552159256E-032  -8.9142035889922453E-032   5.2659950311324251E-032  -1.6316674620346996E-031  -5.8792859801496859E-030   4.5435791378474043E-032  -3.7609375242158745E-030  -9.3719603161765046E-033  -5.3153626627422945E-030  -4.5326992500710690E-017   3.3553031020095260E-017  -7.8694947311974497E-017   1.4675070253825185E-030   1.0364361423628590E-032   8.4411380671444187E-031   7.5505430535519283E-031   8.3396167417301747E-033   7.8870000678426316E-031  -7.6201752610355435E-031   9.4336088637376077E-031   1.1708595404827392E-032   1.9882392570584100E-030  -5.3020852781469199E-030   7.0352134065059849E-032  -8.9018938348371126E-032  -5.3081963423075287E-030  -2.9504630957112672E-032  -5.8068766368030477E-030  -6.5249713726833561E-017  -1.3798869381460747E-016  -1.8495151201981107E-016  -3.5416022813714642E-018
  -3.3119830443894597E-017   1.5566009136504089E-017  -1.3539977995172890E-017   6.9857531050625961E-017  -4.2743144694121285E-017   2.0088876419798263E-017  -1.7474160671904477E-017   2.9339039878517594E-031  -1.9665563955207733E-031   9.1992879160800400E-031   1.8203149633005304E-030   5.8188625282748751E-031  -1.8665826420786170E-031   1.7397150592985576E-016  -1.2521622168847502E-030   1.1558114575425472E-030  -6.0749955366296973E-031  -1.3161352632754617E-031   1.5300789103195805E-031  -1.5405895139753127E-031  -1.1649092583947733E-030  -2.5292769656661998E-031   1.2965405786427962E-030  -9.0233804886205715E-032  -4.3610253745266180E-017   2.0496409527036231E-017  -1.7828650333073191E-017   4.1534966138134070E-029   8.4239098131611962E-032  -4.4805846602556720E-031   3.9786139269147229E-029  -4.8100657086474555E-031   4.8422708068299006E-029   1.1727292136418872E-016  -3.0513470772866473E-029   1.4271052660625112E-031  -5.3929219807228299E-032  -1.8320738986033077E-029   6.4244409094894233E-032  -1.8632956278985574E-029   3.1213692713804878E-032   1.2953939481460281E-031  -7.3210858196877951E-032   7.0629531142652596E-032  -3.1738081249417753E-029  -1.4499441805937810E-031  -1.9459567389961948E-029   5.3308196976395900E-032  -3.0104131797374587E-029   4.1155507712382749E-017  -1.9342701954768152E-017   1.6825106328665204E-017  -1.1610243278894869E-030  -1.0270903909385980E-030   5.7935921860572648E-032  -6.6810248559635012E-031  -5.0615311734892688E-032  -8.4149487891828528E-031   1.2998164771667282E-030  -4.4656617177677713E-031  -1.0679220392633440E-030  -7.9151880847520577E-031  -4.0908434307642617E-029  -2.1508616042592521E-031   2.1540811788820531E-031  -4.1662747124798896E-029   1.2951003270416428E-031  -3.9373536429575347E-029   1.9279136807860620E-016   4.3343246281204766E-016   6.8479524366279692E-016  -6.0877211646817853E-018
  -2.1794216322384392E-017  -1.4330568047705650E-016  -6.6732929212624536E-016  -3.0251709021201955E-015  -2.8126754553875720E-017  -1.8494464959592642E-016  -8.6122882000550685E-016   1.0912738257445851E-028  -2.7241486360432148E-030   1.8203149633005304E-030   1.1151024086620754E-028   7.2055520633302305E-031   8.1766701374329751E-029  -7.6975239071618005E-015  -1.7687056566369751E-029   1.0001322618549655E-029  -1.3684440461767183E-029   1.2823141330793164E-030   1.1128828102181824E-030  -6.5166641191823375E-031  -3.0132433609372220E-030  -9.2636519764111648E-030   8.6482572211688785E-030  -2.4815834848054744E-029  -2.8697348122221798E-017  -1.8869653029568937E-016  -8.7870014342542509E-016  -8.2805274267592213E-028  -5.3994793991933001E-032  -2.1938159882450424E-030  -8.4348506971628399E-028  -2.2211718225449313E-030  -9.6102779729375268E-028  -4.4870646092831557E-015   6.4936067587505836E-028  -2.2347799379916172E-031   1.7706425880637013E-030   3.7275403326156832E-028   1.3260130849641303E-031   3.4978770749877502E-028  -3.9936650345258416E-032   8.2320255059878599E-031  -5.2850646649347648E-031   1.6486034976502944E-030   6.3011986202169726E-028  -1.3721327146268791E-030   3.9349710136680314E-028   1.7220917968969807E-031   5.8694148914558408E-028   2.7082023848521014E-017   1.7807512777258969E-016   8.2923962655326447E-016  -3.1811076806348296E-030  -6.3827394305246016E-030  -9.4616975680011855E-030  -4.6459742924646660E-030  -2.3309375738727721E-031  -5.1130378924717213E-030   3.5243618170886501E-030  -1.1923442268351592E-029  -6.2813187091462145E-030  -2.4285500152958803E-029   6.2969921146486107E-028  -1.5291634036850693E-031  -1.1088469072186621E-031   6.3601340039443791E-028   6.3229757562282760E-031   6.4584704737979584E-028   2.0935539036499095E-015   4.2238782515322635E-015   4.8397029029017984E-015   2.4460332484090171E-016
   2.6243140162966261E-017   1.9779255749999959E-017   5.6243861757652952E-019   5.6778283551588314E-017   3.3868359897371595E-017   2.5526326044959709E-017   7.2586105938498152E-019  -4.2531200861618711E-031  -9.1274517781975315E-032   5.8188625282748751E-031   7.2055520633302305E-031   4.0666755601490063E-031  -5.0664417668741580E-031   1.4195742180452439E-016   1.5188636438045504E-030   7.4983916580283836E-031  -2.2378959994290699E-031   7.5735881565520150E-031   9.8063432912829261E-032   7.9901459932983658E-031  -6.9016229049418301E-031  -1.2814469366405921E-032   8.5025269556011075E-031   3.4081965107888549E-031   3.4555430575597454E-017   2.6044166005357034E-017   7.4058624394749610E-019   2.9757935488851859E-029   1.7490567525634362E-032  -2.6615506788896603E-031   2.8590840562651791E-029  -3.4209924840322581E-031   3.4720564423066173E-029   9.3299813466548981E-017  -2.2247475592768748E-029   1.0162455317605631E-031  -4.4208345297839445E-032  -1.3306839435894751E-029   4.5967769522630266E-032  -1.3438943348936914E-029   2.9044622794876808E-032   8.1334445175624256E-032  -4.3779138703936307E-032   4.2791978871735469E-032  -2.3012995104159622E-029  -8.3088293582029356E-032  -1.4147539285098486E-029   4.6035325923916403E-032  -2.1779819478987364E-029  -3.2610364935406482E-017  -2.4578184780973667E-017  -6.9889992047529123E-019   1.2066313496748823E-030  -5.9627443666895498E-031   1.8633386966818459E-031   4.7726605646168304E-031  -3.4201610892466225E-032   3.6222740568591290E-031   9.7529838489831253E-031  -1.4383372838845671E-031  -6.2398590660534992E-031  -1.9252512434839577E-031  -2.9332560323539966E-029  -1.3448808844314549E-031   1.3879612670190992E-031  -2.9824920861227018E-029   8.8240532809308533E-032  -2.8333491158500634E-029   1.2109337423093107E-016   2.7388762507686442E-016   4.3897671316675464E-016  -4.8830701594815862E-018
  -8.8548296346883872E-018  -1.3937437406542143E-016  -7.0123309469760762E-016  -2.3617903957748866E-015  -1.1427693295637952E-017  -1.7987106085658332E-016  -9.0498372815466983E-016   8.2772963443154847E-029  -1.9225902597749949E-030  -1.8665826420786170E-031   8.1766701374329751E-029  -5.0664417668741580E-031   6.3358451334818979E-029  -6.0029562817828674E-015  -1.3150871601972522E-029   5.6681309934842893E-030  -1.2415754011652982E-029   4.3217916128020806E-031   5.2463612043218560E-031  -1.0215851976066123E-030   4.0882743394375987E-031  -9.4553376192185224E-030   4.3930669187357964E-030  -2.6808462264901830E-029  -1.1659521261538728E-017  -1.8352001616912629E-016  -9.2334268577089779E-016  -6.7315985752081735E-028   5.2457364146645529E-031  -1.7966202249370158E-030  -6.8260736978639841E-028  -5.8352334156548241E-031  -7.8471713414597747E-028  -3.5269568868002017E-015   5.2905853265533200E-028  -7.3230748186095642E-031   1.7872237876222537E-030   3.0527052483030282E-028  -5.4945320027419837E-032   2.8880877623678835E-028  -4.0068433796937990E-031   5.5478537979828112E-031  -4.0382074991845906E-031   1.4733990199687935E-030   5.1770644604002085E-028  -8.4839805207548849E-031   3.2285249605677460E-028  -5.5061504442624481E-032   4.8286587471415430E-028   1.1003226901755544E-017   1.7318999070591269E-016   8.7136931711941358E-016  -2.3016704069880819E-030  -2.8423099037430976E-030  -1.0338078960988098E-029  -3.1983680989991346E-030  -7.4759403581300938E-032  -3.2483743254002810E-030   5.7241869498930594E-031  -1.1187458397415382E-029  -2.6762922849340166E-030  -2.3399384816062720E-029   5.3669329885621547E-028   1.0843970994210595E-031  -2.7819713414808607E-031   5.4284732977833195E-028   2.0056564279174603E-031   5.4613212692329626E-028   1.2134146735522011E-015   2.3705029225815777E-015   2.3875469407677361E-015   1.9173210579088005E-016
   2.3380107517756669E-015  -2.1647494635800484E-015   3.3537629545232075E-015  0.26423437916125342       -5.5242623084709153E-016   5.7513008010810266E-015   6.7295186459743915E-015  -8.0738141626582027E-015   1.1396378756135498E-016   1.7397150592985576E-016  -7.6975239071618005E-015   1.4195742180452439E-016  -6.0029562817828674E-015  0.67103813054507688        1.5138046091711516E-015  -4.1046038357357121E-016   1.7076741907411024E-016   7.8077582188814583E-017  -4.2625047189465311E-017   2.3043027715810761E-016  -2.6646560524078655E-016   1.2791610695159906E-018  -2.5816584469666910E-016   1.0881455048635691E-016   6.5225178711983637E-016  -1.1352664230920295E-015   4.7646641651828505E-015   8.2696548829409057E-014   1.6156860096582990E-016  -1.1549585563542281E-016   8.2984760507112409E-014   7.8815891410477116E-017   9.5277979865948080E-014  0.39663542751761532       -6.3125362605860139E-014   5.6821348894662627E-018  -1.0356359833238264E-016  -3.6463239159548734E-014  -1.0416037595635227E-018  -3.4747582175092351E-014  -4.8014414434928989E-017   4.4809019630466864E-018  -1.1328359704441833E-017  -5.0902933810725619E-017  -6.1810179413328243E-014   3.1155147253082262E-017  -3.8437322395405220E-014  -2.3107942373294121E-017  -5.7814552032469120E-014  -1.5950814556452926E-015  -1.4547852836698570E-015  -5.6097467794155841E-015   2.5744450146503444E-016   4.5479352793334496E-017   9.1468048279113510E-017   3.2110433369000386E-016   2.2069005133759497E-018   2.9604769040910684E-016  -3.4607670461447191E-017   1.3371509497221299E-016   2.8438929275926128E-017   2.2751415202171187E-016  -6.4294424507732129E-014  -9.1355180182577037E-017   1.0802850502221452E-016  -6.4995116105875202E-014  -1.8706976289351626E-017  -6.4982035770953054E-014  -9.9673540790971391E-002 -0.18575839376158740      -0.14792520842484835       -2.1516502843709661E-002
   3.1465637020614017E-015  -1.5233786524423291E-016  -4.9532741375738759E-017   5.9604889650220297E-016   4.0608308014835082E-015  -1.9660123041863845E-016  -6.3924999112120311E-017  -2.7686955802843432E-029   2.0318557006139579E-030  -1.2521622168847502E-030  -1.7687056566369751E-029   1.5188636438045504E-030  -1.3150871601972522E-029   1.5138046091711516E-015   1.5512013457616409E-028  -2.5366638299595668E-030   8.7638503456295540E-031   5.6808344249385380E-029  -1.6855238376773906E-031   6.0336290535095303E-029  -4.5555531749208463E-030   3.4922498277267808E-031  -2.0534433112671924E-030  -5.5078599142147601E-031   4.1432108689384515E-015  -2.0058958241248606E-016  -6.5221813974995132E-017   1.7470383301747920E-028  -1.1085810628620822E-030   1.7456903138558890E-030   1.6638529361136527E-028  -6.4467116491065494E-032   1.9253144273566027E-028   8.9433516962222253E-016  -1.3800654606036751E-028  -6.8981283615588109E-032  -5.9135195131666457E-031  -7.8845601839859948E-029  -4.9514826149657705E-032  -7.5061482413330457E-029  -1.0677466058564574E-031  -1.9782119379300071E-031  -6.9121778832884513E-032  -2.4812797628007610E-031  -1.3244347441565838E-028  -1.7758040335974606E-032  -8.2867571221390427E-029   8.7708716214839334E-034  -1.2320081159914932E-028  -3.9099966688256250E-015   1.8929874048018382E-016   6.1550590458427830E-017   1.2886268606892091E-028  -1.2264541548338024E-030   6.4184814206672756E-032   5.9730018440276512E-029  -7.5251869111153463E-032   5.9566430063193663E-029  -3.1461613077278823E-030   2.5083470163656154E-031  -1.2003996757080184E-030   7.6369909813482436E-031  -1.4468115381428322E-028   4.1352623671267527E-032  -1.7249606361847265E-031  -1.4333948248687529E-028  -7.9396234404051724E-032  -1.4311749408545978E-028  -2.3152219129867293E-016  -4.3374121300936492E-016  -3.5575899678362123E-016  -4.8523854944006154E-017
  -2.0145205400754494E-017   2.8743342968321377E-016  -8.2960004105212512E-017  -1.5977362782497216E-016  -2.5998606206505493E-017   3.7095022861576620E-016  -1.0706490376817868E-016   8.2119671790315206E-030  -5.3766022212776047E-031   1.1558114575425472E-030   1.0001322618549655E-029   7.4983916580283836E-031   5.6681309934842893E-030  -4.1046038357357121E-016  -2.5366638299595668E-030   3.2229638215613340E-030  -1.6629879388132212E-030  -6.9825238805337867E-032   2.4017637242780351E-031  -2.0334104581728297E-031   2.5746367418334748E-030  -8.6074279277142956E-031   3.2413162072961144E-030  -1.8992650763732554E-030  -2.6526027081133256E-017   3.7847551256618800E-016  -1.0923687655544161E-016  -2.2024860629379888E-029   3.2852996053295652E-031  -1.6821406490332255E-030  -2.4142259129232844E-029  -1.1258131113011711E-030  -2.4081147114037512E-029  -2.2283036930797906E-016   1.8617443541913276E-029   3.6738225069541249E-033   5.2788456668543358E-031   9.6758534311859722E-030   1.4921972256721356E-031   7.5571733301294509E-030  -6.9897806084966888E-032   3.8910306193629781E-031  -1.5562770803696809E-031   6.5285227020325144E-031   1.5221996244673193E-029  -7.9921457463392088E-032   9.8388045905041524E-030   2.4941613754782802E-031   1.3469233766246671E-029   2.5032922727145251E-017  -3.5717177816367743E-016   1.0308812101424895E-016  -6.3871811914686872E-031   7.2912013345165209E-031  -7.7664108863124425E-031  -6.7682995625597285E-031  -6.4826141344235323E-032  -8.9071685799349598E-031   6.1578156572712287E-030  -1.5043381447244548E-030   6.8456379861118593E-031  -2.9059251699824451E-030   5.7508215986789907E-030  -2.6726751222953785E-031   4.1891484379323202E-031   5.3193305598973286E-030   2.6482174313614837E-031   8.4094655730116638E-030   3.6045685482765087E-016   7.7332176568963817E-016   1.0810674394016659E-015   1.2463401752300230E-017
   2.7700274175047314E-017   6.1353970214151923E-017   9.4058951735113648E-016   6.6515849840203764E-017   3.5748879485862536E-017   7.9181010025554942E-017   1.2138876708930632E-015  -1.2862587637206300E-029   1.0306376898156866E-030  -6.0749955366296973E-031  -1.3684440461767183E-029  -2.2378959994290699E-031  -1.2415754011652982E-029   1.7076741907411024E-016   8.7638503456295540E-031  -1.6629879388132212E-030   1.3879493021021253E-029  -4.1875175051803294E-031   3.4647127662787731E-032  -2.9383026082808074E-031  -1.1707221237407882E-030   1.2404497384582634E-029  -1.5792908754282578E-030   3.4869158821859602E-029   3.6474099335552615E-017   8.0787316041729657E-017   1.2385132101237517E-015  -3.9539184915812229E-029  -2.7339646725695936E-030   3.7955995264839700E-030  -3.3467506292253577E-029  -6.4537769726050693E-031  -3.3156054162731616E-029   9.3173989036923813E-017   1.1554823108952398E-029   1.1977189687014813E-030  -1.4765918083007677E-030   6.2203691337506692E-030   1.4244717205256859E-031   7.0780487174049994E-030   1.2307835491422292E-030  -7.2375650679014170E-031   5.9984476584373926E-031  -1.5122199724264715E-030   9.4382339227544826E-030   4.6423398171330923E-031   5.0466196962870331E-030   3.4318396465935528E-031   1.0176645838047441E-029  -3.4421035137168285E-017  -7.6239937236744808E-017  -1.1687994357673054E-015   7.9709571406533349E-031   5.7945710292752677E-031   1.3055737920557568E-029   5.8870253396805038E-031  -4.2683878132183372E-033   7.0735445419978809E-031  -8.9012120170938041E-031   1.2963667068994272E-029   5.1016323725221058E-031   2.7948879248455067E-029   5.5197070214659337E-031   6.8223885281566591E-031  -7.4918462354216761E-031  -1.7109091839709325E-031   1.0288417529492355E-031  -1.4225118259694798E-030  -1.4288042675370673E-016  -3.0612846895836379E-016  -4.2633634729098485E-016  -5.2017626027569893E-018
   1.1736036615895491E-015  -7.5984371781614639E-017  -4.3244192569172813E-017   3.1461552228514162E-017   1.5146065196755632E-015  -9.8062428280084819E-017  -5.5809246466275426E-017  -3.0063666678738681E-030   5.5725833467124393E-031  -1.3161352632754617E-031   1.2823141330793164E-030   7.5735881565520150E-031   4.3217916128020806E-031   7.8077582188814583E-017   5.6808344249385380E-029  -6.9825238805337867E-032  -4.1875175051803294E-031   2.1414674998208663E-029   5.4092278254774752E-032   2.2601829437854931E-029  -2.4489568204538258E-030  -2.6170219661530222E-031   5.5802758521708992E-032  -1.0595773465281537E-030   1.5453325935649223E-015  -1.0005177229649439E-016  -5.6941421066323054E-017   1.7144025894047720E-029  -4.8360403928025791E-031   5.4256884488614401E-031   1.2609896226641812E-029  -2.9463247539618844E-031   1.6375789725008150E-029   5.3803965616196283E-017  -1.3775774295626551E-029   3.1985686227315553E-032  -1.7305086077784854E-031  -7.9708088508915541E-030   6.8925508063444330E-033  -8.2112164380827856E-030   2.1197811824093675E-033  -1.2796787850190431E-032  -6.3715720680841716E-032  -2.2444978184585902E-032  -1.3361995279000060E-029  -1.3586375664385276E-031  -8.3340066950433826E-030   2.5699873223910028E-032  -1.2475465284871016E-029  -1.4583484848345692E-015   9.4420030445993935E-017   5.3736286597583216E-017   4.7934934580252765E-029  -1.2656943232311984E-030  -2.7652484887183613E-031   2.1969660691030387E-029  -5.7730841073646595E-032   2.1834911750253682E-029  -8.6121326232956644E-031  -5.0706679580655966E-031  -1.2603482916096376E-030  -8.6936795408659354E-031  -2.0532077133854866E-029  -2.9616004364144685E-032  -4.8476741823705133E-032  -1.9786461390985687E-029   4.5531852571140017E-032  -1.8470272740356331E-029   1.0427259942847028E-016   2.3361840888480083E-016   3.6603838825682302E-016  -2.7734946584694924E-018
  -1.2631037585906407E-018  -2.1804101907475547E-019   9.4015651359053491E-018  -1.6521651304630923E-017  -1.6301118089531032E-018  -2.8139512499307924E-019   1.2133288533464540E-017   8.4597671594756615E-031  -3.5314217114234339E-032   1.5300789103195805E-031   1.1128828102181824E-030   9.8063432912829261E-032   5.2463612043218560E-031  -4.2625047189465311E-017  -1.6855238376773906E-031   2.4017637242780351E-031   3.4647127662787731E-032   5.4092278254774752E-032   3.6216086178007657E-032   3.7854113890946871E-032  -2.7921337272802304E-031   1.0580284443090268E-031   2.5199685624700441E-031   4.0977625198884813E-031  -1.6631810815589733E-018  -2.8710364882006835E-019   1.2379430561217455E-017  -1.9806419405038146E-030  -4.2876845325523006E-032  -1.0347731688328646E-032  -2.3165083467363502E-030  -1.0846545422435089E-031  -2.0415766468536873E-030  -2.2389249475634808E-017   1.5172556099742168E-030   4.4871892413979997E-032  -2.4061675308886955E-032   7.3471748010867317E-031   1.3784469444894986E-032   4.7913027083787465E-031   2.9007459998436265E-032   1.3337539691854165E-032  -5.2832188853517120E-033  -5.4193970621859411E-033   1.1008917548700934E-030  -2.9521426536224757E-032   7.2958806908965015E-031   1.5440564619295586E-032   9.6603527795353800E-031   1.5695634845191251E-018   2.7094307917169080E-019  -1.1682613747515525E-017  -5.0499324941412878E-032  -2.3818839431131765E-031   1.6813158926310910E-031  -7.1472614985188765E-032  -1.0707399247813530E-032  -1.0206180806193282E-031   1.8678860017513208E-031   6.0833106728991124E-032  -2.4501103479950520E-031   1.7272798335557265E-031  -5.7326318399525099E-031  -2.2859584705000900E-032   1.7453240889505341E-032  -6.4413450018411705E-031   2.8393931658843807E-032  -2.0032812345796822E-031   4.8801197615422904E-017   1.0534979703138676E-016   1.4986903155273206E-016   1.2677965551979928E-018
   1.2400988578489181E-015  -7.0707436217635946E-017  -4.0637982981939032E-017   9.1407327555960193E-017   1.6004225929188394E-015  -9.1252223718957162E-017  -5.2445775337428273E-017  -5.1667792160594716E-030   6.2695646207265203E-031  -1.5405895139753127E-031  -6.5166641191823375E-031   7.9901459932983658E-031  -1.0215851976066123E-030   2.3043027715810761E-016   6.0336290535095303E-029  -2.0334104581728297E-031  -2.9383026082808074E-031   2.2601829437854931E-029   3.7854113890946871E-032   2.3892665502310216E-029  -2.4379732405260675E-030  -1.9348887275048153E-031  -4.3971267632339022E-032  -9.0575339440074459E-031   1.6328895750725658E-015  -9.3103412481294692E-017  -5.3509716861038926E-017   3.4758472975446300E-029  -4.8213986348135165E-031   5.5382951035536266E-031   3.0212823585073993E-029  -2.8270912342930111E-031   3.6559392745720243E-029   1.4336430713963139E-016  -2.7452041555210928E-029   2.8038220513730410E-032  -1.9512876876884729E-031  -1.5838227132703093E-029   6.4567762047088736E-033  -1.5666525786273987E-029  -8.2064184604962000E-033  -1.7090036842452528E-032  -6.3788406300054353E-032  -3.1444757989165122E-032  -2.6666859449615115E-029  -1.1861009645293477E-031  -1.6631417056715293E-029   2.6632305403783972E-032  -2.4892322630385840E-029  -1.5409770347338474E-015   8.7862781831179101E-017   5.0497747108403123E-017   5.0703885731423904E-029  -1.1779550472839801E-030  -2.1123268563124217E-031   2.3295832074755106E-029  -5.7132124056563282E-032   2.3158957712066167E-029  -8.3749716873107902E-031  -4.1507127897092955E-031  -1.1745753763500119E-030  -6.8163691626817012E-031  -3.4301840142863391E-029  -3.7458748625904188E-032  -3.5222889702102438E-032  -3.3643443683100527E-029   3.9260850634148005E-032  -3.2397965940137566E-029   7.4196403102711915E-017   1.7504149442096947E-016   3.0782416387882215E-016  -7.6412580278048371E-018
  -4.1469673270489767E-017   9.2077013931329850E-016  -1.8696244282611731E-016  -1.0710975461385116E-016  -5.3519121965941256E-017   1.1883095646086260E-015  -2.4128634232051777E-016  -2.3340246031295227E-031  -3.2548790266953654E-031  -1.1649092583947733E-030  -3.0132433609372220E-030  -6.9016229049418301E-031   4.0882743394375987E-031  -2.6646560524078655E-016  -4.5555531749208463E-030   2.5746367418334748E-030  -1.1707221237407882E-030  -2.4489568204538258E-030  -2.7921337272802304E-031  -2.4379732405260675E-030   1.5842001885267120E-029  -1.2212699472854887E-030   2.2483735712116555E-030  -5.1286798780180951E-030  -5.4604837942116830E-017   1.2124162134387892E-015  -2.4618119909442847E-016  -6.1779074422939328E-029   1.2088127144453003E-030  -3.4888387696920394E-030  -5.6384714684690924E-029  -5.9583342651468840E-031  -6.9570532941911907E-029  -1.8081394903165049E-016   4.5825879843035575E-029  -8.6082459130891162E-031   1.8467986481273019E-030   2.7086997106807529E-029   1.1348790269140818E-031   2.7520779158097658E-029  -5.9096495890189567E-031   5.5215283562584419E-031  -1.0359367953339944E-031   1.6522133092242112E-030   4.6059586646536223E-029   7.6945286312688737E-031   2.8190080198484257E-029   4.5810131199017599E-031   4.3043836250319776E-029   5.1531225710979396E-017  -1.1441713940546040E-015   2.3232408362389028E-016  -1.3902510620047093E-030   9.4057150245069533E-030  -2.5758683534146390E-030  -4.2933958950462519E-031   1.0937357008167535E-031  -1.4497040750250751E-031   1.3352618404862499E-029  -1.7561910715958471E-030   9.4482814491603006E-030  -3.9287408861736842E-030   6.3430585866311821E-029   1.2627100917514112E-031   4.7076062195183682E-031   6.4183844082524146E-029   3.9169342270849958E-032   6.0357036927613084E-029  -3.1332755719644228E-016  -7.0360151435652316E-016  -1.1085316529696367E-015   9.3663576549403888E-018
