   1.7599102890763756E-002   2.2484076590530780E-016   3.2478377219634716E-016   3.9116107929201985E-016   5.2632473108145512E-002   6.3651193937617413E-016   3.2743752642009488E-017   1.1996000641537409E-016   2.0268725180836421E-017   5.9117289007503292E-018   9.5581388579229093E-017  -5.5999707809939339E-018   6.6310661373730186E-017  -4.2064177001810513E-015   6.6343167080891677E-002   5.6956145454832158E-016  -1.4030761958088583E-016  -2.7980264437009099E-015   3.8372400693826124E-017   9.6912865322127710E-017  -8.7229155957454309E-016  -5.2974876962124405E-018  -1.1225297358509308E-015   8.8005694861667075E-017   7.1120377979255289E-017   2.8736374104323765E-017   2.2415693323156400E-016   2.4366059391512233E-017  -4.3345974214014251E-018  -1.0110634427801438E-017   7.8328146719199228E-017   2.6569017043550557E-019   7.6017115858809056E-017  -1.7533687434652229E-016   9.1140857503212810E-002   1.1011141589213616E-015   5.2653092660632367E-016   2.7822915806904503E-017  -3.1493304273083654E-018  -2.7476893325374082E-018   1.8798824328747067E-017   9.3525509110651041E-019   2.4268126429683375E-017  -3.6953128491321792E-019  -3.7040900276972627E-018  -4.1836891560031556E-020   5.0597634925844355E-018   3.1550894911882691E-017   1.1535369100903923E-018   2.3736928646456481E-017  -9.2800964941005349E-020   1.9105119153356794E-017  -1.8157321159498601E-016   1.2432103346606918E-017   2.5173145892892047E-017  -2.0609269861433099E-017  -4.0270222735050566E-019  -1.1979452535528170E-016   2.2479210027825060E-017   1.1463274367274061E-017   1.6430814911424008E-017   3.8077686382766817E-017   4.4721538186630679E-017  -8.1864787509199248E-019   2.4817914608103875E-018   3.4926036164578197E-017   5.0247046672841898E-019   4.4215254928051403E-017   4.2425555318621913E-016   2.0974703805635481E-015   3.0271557153348064E-015   1.0166990504844523E-016
   2.2484076590530780E-016   1.7599102890775008E-002   2.1986967118052243E-016   5.0334744917105564E-016  -5.0160800436293978E-017   5.2632473108164990E-002   8.6034637279443753E-016  -9.2195621856477212E-017  -1.8009405407534527E-017  -1.8188438045557267E-017  -6.0065803242116434E-017   1.1509430974666381E-017  -8.1275587168783614E-017   1.2645120115168562E-015   2.9883406860812807E-016   6.6343167080884960E-002   1.9292266938051532E-015  -1.0337688720795644E-016   3.9701313584717566E-015  -1.8547139905701217E-016  -2.8265736081207499E-017   9.5818936416618717E-018  -4.4413207326221411E-017   9.5764072913226170E-015  -1.8732393750631073E-016   3.9408747627178684E-015  -4.1894201629719118E-016  -9.7255483684185050E-016   3.5215515220437506E-017  -6.7352503145587093E-017  -7.5302163361953459E-016   1.0233347357958622E-016  -4.6090755237545373E-016   9.6012874670196219E-016   2.3781193025290655E-017   9.1140857503243980E-002   1.2820852281910591E-015   5.2755429432330671E-016  -1.6541719764859920E-017   2.9589269300474886E-017   2.3491736351176806E-016  -2.0150015906401530E-017   2.0143509813546668E-016  -1.6279204664155662E-017   1.4105659154536249E-017  -8.4101480870792023E-018   2.9079228870095555E-017   3.5927648303358486E-016  -4.4062651864276365E-017   1.5438049687792994E-016  -4.6719162495909695E-017   1.5885939466009154E-016  -1.0764087182848736E-017   1.4647577252780805E-015  -5.2956356384304985E-017  -1.5992664476544367E-017  -3.1594431406717732E-019  -3.8806447395603660E-019   3.4433810545720668E-015  -5.3591588559608312E-017   1.4803000931103774E-015  -1.1031163323869283E-016   2.2114279135826169E-016  -7.5443168815328692E-018   1.4738371069952437E-017   1.6905178592462629E-016  -2.2396764940818242E-017   1.0374598862094618E-016  -2.5833557285880572E-016   1.1769495454048756E-015   1.9206999361630419E-015  -6.3326992425548340E-017
   3.2478377219634716E-016   2.1986967118052243E-016   1.7599102890765141E-002   8.1947681900961791E-016   7.1016682253810873E-016  -4.4572038754210309E-016   5.2632473108148649E-002  -2.4270498454298729E-017   1.7883583603939417E-017  -1.6926177954332808E-017  -4.7309288832382609E-017  -1.6299164370565437E-017   1.9086584999541386E-017   2.3525955993975607E-015   8.0958223252439870E-016  -4.4898172401747536E-016   6.6343167080892329E-002   5.2163264540125595E-017   6.8293125218720315E-017  -1.0073740893276273E-015   5.6079613622571622E-018   8.1916806463407025E-018   8.0057706344703061E-018   1.6417048267119056E-016  -7.2986506356976675E-016   7.1721199882328445E-017  -2.3325228942210580E-015  -2.5063107641767813E-017  -1.0243144826831239E-016   1.2653628799663841E-017  -5.8175205142772623E-017  -1.0270264886006936E-016   1.1550144748881096E-016   1.0912285714672677E-015   1.2250552812844220E-015  -2.4334913379101811E-016   9.1140857503216446E-002   4.4209508771606448E-017   4.1882772906164329E-017  -7.1241375063490698E-018   2.0933953929734718E-017   1.8862749241504395E-017  -1.0585649496105383E-018   4.1630791994540669E-017   1.1252794395126439E-019   1.6056370699385401E-017  -1.9211705580418963E-018   6.8876316357631585E-017   4.4646746527112614E-017   8.3446168526998478E-018   4.8545500947179407E-017  -5.6337827535151498E-017   1.4555646320471028E-017   6.0948161404805018E-018  -4.0146896012602955E-017   1.7167894050689588E-017   1.7712091681881588E-018   2.1362985405436103E-017   2.7453923984374184E-017   7.2586468413678885E-017   2.9653222840966305E-018  -8.5639868582042971E-018   4.8651024678202349E-017   2.1951385565867860E-017  -4.1929650086390470E-018   5.5656900717153170E-017   2.3129607495218507E-017   1.3296364568926240E-017  -4.8940253333924670E-016  -1.7545659992015124E-015  -2.4871069399856621E-015  -1.0570566593822454E-016
   3.9116107929201985E-016   5.0334744917105564E-016   8.1947681900961791E-016  0.10183415818229094        4.1872097023295770E-015  -9.8071731650124357E-017  -7.4100022092703115E-016   2.1052382631698538E-014  -2.4610212758504732E-017  -2.4608306289072827E-016   2.0486451036496080E-014  -2.8438398265920015E-017   2.1095792502424280E-014  0.25210101147607494        5.9028267840392971E-015  -1.4263686360461920E-017  -7.8601967389239103E-016  -7.7400999908552308E-016   1.3969158274376790E-016   1.5781511878292438E-016  -3.9957603374331840E-016  -1.8494642845293190E-017  -3.4517517212446587E-016   2.8909473702733566E-016   1.3675257197729786E-016   6.3834620015221848E-017   3.9188547809433818E-016   1.4842416695921185E-013  -7.3242094257866987E-017   6.2000781878212282E-017   1.4750043706702972E-013  -1.9845722762886477E-017   1.5017715618150660E-013  0.16300913858876404        6.2609192793202576E-015   7.1172901810381160E-016  -2.3022378672558632E-016  -4.4418824043093072E-014   3.4529687363321452E-017  -3.6609557516114886E-017  -2.5259123005042283E-014   5.4070569369727066E-018  -2.6280566013921011E-014   5.0567855293311654E-017  -3.1691084445650119E-019   1.9761093160816038E-017  -5.6603316614408826E-018  -4.3151840509821960E-014   7.1709750080743947E-018  -2.5599102960066996E-014   2.4993760592772075E-017  -4.3923413376586168E-014  -2.9039998488471419E-016   6.4488543451484684E-017   7.9730357440945183E-017  -1.0630230848646967E-016   7.7393418607918157E-018  -1.0274267786062040E-016   1.0426527854980591E-016   8.2502339290928722E-017   6.4726108068257116E-017   2.4320713726254432E-016   1.4870047680529236E-014   2.0800094650527548E-018  -3.6063352064477587E-017   1.5373968640695561E-014  -3.1419482353352308E-018   1.4635577763416029E-014  -1.9432177637023120E-002  -7.6528800528554791E-002  -6.5381599216214059E-002  -1.2323535010745571E-002
   5.2632473108145512E-002  -5.0160800436293978E-017   7.1016682253810873E-016   4.1872097023295770E-015  0.15740445650405771       -2.5738971089616308E-016  -6.8305753306123485E-016   3.5875645769604986E-016   6.0616335937021586E-017   1.7679816654438728E-017   2.8584893760034029E-016  -1.6747462263649072E-017   1.9831090955076348E-016  -5.1051161682294880E-015  0.19840812221893317       -1.0205425070408032E-015  -1.4040350371051502E-015  -8.3678726391932189E-015   1.1475780101667974E-016   2.8983089703836698E-016  -2.6087046786835820E-015  -1.5842846106547587E-017  -3.3570754431053637E-015   2.6319281141286169E-016   2.1269501091440338E-016   8.5939973568916032E-017   6.7037131571675324E-016   7.2869962390023196E-017  -1.2963193841905288E-017  -3.0237205721820329E-017   2.3425080820701024E-016   7.9458202143946564E-019   2.2733936105171634E-016   4.1887547803224572E-015  0.27256893498296908       -4.4899704030224223E-016   2.2227160975489546E-016   8.3208154248695554E-017  -9.4184942296661962E-018  -8.2173327698542770E-018   5.6220400669011567E-017   2.7970055483790781E-018   7.2577080752896511E-017  -1.1051327750356163E-018  -1.1077577077826403E-017  -1.2511882472344660E-019   1.5131900052518598E-017   9.4357174810086209E-017   3.4498065484594175E-018   7.0988462673090234E-017  -2.7753370850473806E-019   5.7136416343795852E-017  -5.4301899566983804E-016   3.7179869288139314E-017   7.5283662609329817E-017  -6.1634780391553408E-017  -1.2043349188406304E-018  -3.5826156443314629E-016   6.7227086779553825E-017   3.4282456532690248E-017   4.9138551512382549E-017   1.1387641841752293E-016   1.3374574661972782E-016  -2.4482760591994785E-018   7.4221295898889793E-018   1.0445098654265900E-016   1.5027051942291291E-018   1.3223163876105634E-016  -1.4752112453907770E-015  -2.0389168021859192E-015  -3.4841207188341699E-015  -7.0659959170979215E-017
   6.3651193937617413E-016   5.2632473108164990E-002  -4.4572038754210309E-016  -9.8071731650124357E-017  -2.5738971089616308E-016  0.15740445650407361       -7.2649584211915988E-016  -2.7572334897836859E-016  -5.3859537709901273E-017  -5.4394958780200192E-017  -1.7963482533678665E-016   3.4420494045859340E-017  -2.4306552342854948E-016  -1.8379452375593810E-016   7.5835455614639668E-016  0.19840812221885967        1.6106242189307627E-015  -3.0916241979755644E-016   1.1873209291263232E-014  -5.5467704710777344E-016  -8.4532467558669954E-017   2.8655935620695782E-017  -1.3282364190674832E-016   2.8639527955573955E-014  -5.6021731133146039E-016   1.1785713525211422E-014  -1.2529021816332388E-015  -2.9085554311504812E-015   1.0531671241046688E-016  -2.0142667683566580E-016  -2.2520119989847728E-015   3.0604195166482145E-016  -1.3784057350169791E-015   2.1141389332308281E-016  -1.1481841704818859E-016  0.27256893498298895       -1.8792812534905961E-015   1.5777217385117378E-015  -4.9470227322962857E-017   8.8490670826401834E-017   7.0255182292058387E-016  -6.0261319960728521E-017   6.0241862619145684E-016  -4.8685140772583570E-017   4.2184861963228171E-017  -2.5151673683371240E-017   8.6965326642516382E-017   1.0744644172507680E-015  -1.3177525887053438E-016   4.6169554214145789E-016  -1.3971990952964600E-016   4.7509028552935993E-016  -3.2191443660573074E-017   4.3805540580188427E-015  -1.5837307279817735E-016  -4.7828203983678062E-017  -9.4487376527254606E-019  -1.1605587578208355E-018   1.0297891993740615E-014  -1.6027281965412063E-016   4.4270355896086905E-015  -3.2990170612597562E-016   6.6135712095409866E-016  -2.2562289558232917E-017   4.4077071644600985E-017   5.0557199601453812E-016  -6.6980523710412122E-017   3.1026626698249368E-016  -2.1982500323999130E-015  -1.0227136610770061E-016  -1.6919820831289728E-015  -2.9908537739433450E-018
   3.2743752642009488E-017   8.6034637279443753E-016   5.2632473108148649E-002  -7.4100022092703115E-016  -6.8305753306123485E-016  -7.2649584211915988E-016  0.15740445650406409       -7.2584174611355288E-017   5.3483250763059474E-017  -5.0620001004285880E-017  -1.4148476133699293E-016  -4.8744832946521807E-017   5.7080987476503793E-017  -8.7065867908425947E-016  -1.1169349136991996E-015  -5.7825924495438993E-016  0.19840812221893137        1.5600122547069747E-016   2.0423973306231279E-016  -3.0126870668052015E-015   1.6771359166607402E-017   2.4498317556592026E-017   2.3942328779200352E-017   4.9097380519766140E-016  -2.1827591763822584E-015   2.1449184924488792E-016  -6.9757219595921133E-015  -7.4954578493373309E-017  -3.0633495808695781E-016   3.7842370810177376E-017  -1.7398073863863841E-016  -3.0714601976102026E-016   3.4542254037394979E-016  -1.7284695763128820E-015  -1.1968778832610605E-015   3.2245946583785303E-016  0.27256893498297480        1.3221445411242015E-016   1.2525603903566587E-016  -2.1305686889212902E-017   6.2605791562613733E-017   5.6411576678726502E-017  -3.1657801863461092E-018   1.2450245638789604E-016   3.3652988000548644E-019   4.8018725971153407E-017  -5.7455177323491265E-018   2.0598384423377530E-016   1.3352207214992017E-016   2.4955693755412413E-017   1.4518181915197122E-016  -1.6848581493589055E-016   4.3530608820751773E-017   1.8227363553932267E-017  -1.2006466681138667E-016   5.1342885347912907E-017   5.2970381213287266E-018   6.3888867622423800E-017   8.2104634809500442E-017   2.1707955061749332E-016   8.8681932450513270E-018  -2.5611749122153176E-017   1.4549740199556104E-016   6.5648557068691390E-017  -1.2539623151832510E-017   1.6644941213539160E-016   6.9172187471721603E-017   3.9764558168313200E-017   1.3192237687520207E-015   3.2109829924920485E-015   5.2383917609213935E-015   7.9715986310696868E-017
   1.1996000641537409E-016  -9.2195621856477212E-017  -2.4270498454298729E-017   2.1052382631698538E-014   3.5875645769604986E-016  -2.7572334897836859E-016  -7.2584174611355288E-017   4.4851135283852065E-027  -4.0043394079172881E-030  -5.2220843597129451E-029   4.3597584587842727E-027  -2.7309257436357690E-030   4.4907451320664196E-027   5.2112790030564297E-014   4.5221207001590603E-016  -3.4754893944985569E-016  -9.1492262082756585E-017  -1.8816475855051801E-028  -1.1256784828870748E-029   4.1853670811007246E-029  -1.1330652422390845E-028  -3.1097116619450836E-030  -9.6034839015324536E-029  -3.2290820849901711E-029   3.0189178197415552E-029  -2.1961169771803987E-029   8.5892623654901547E-029   3.0968442184949926E-026  -1.4043060384535835E-029   1.4942501136812282E-029   3.0862761168380775E-026  -3.2370755885056940E-030   3.1395871876413845E-026   3.3808632623166141E-014   6.2123949832341538E-016  -4.7745547521392172E-016  -1.2569015903249205E-016  -9.1744046417076144E-027   7.5283515388895496E-030  -9.9592150205142793E-030  -5.2077800539544345E-027  -3.0964654617115285E-031  -5.4317981241605755E-027   1.1593644947733507E-029   4.9652585942151565E-030   3.7351612595230031E-031  -2.6178796665334432E-030  -8.9055334255301388E-027   3.8870257408309200E-030  -5.2784975094390208E-027   5.1749135302454184E-030  -9.0818882210772492E-027  -7.0978106837011173E-029  -2.9465191420192244E-030   1.7762427605557964E-029  -1.4758277468479469E-029   1.8031014787869975E-030  -2.4559365726321237E-029  -9.9388710767000475E-030   1.5008222220722056E-029  -2.1820492186066031E-031   4.7456738476200510E-029   3.4834682879905914E-027   1.8315968889406991E-030  -4.2573314555982591E-030   3.6095909507958983E-027  -2.5418633003425652E-031   3.4445571200293863E-027  -1.9878749868804306E-015  -1.0163886828751603E-014  -3.5952878965207555E-015  -2.5387162482444455E-015
   2.0268725180836421E-017  -1.8009405407534527E-017   1.7883583603939417E-017  -2.4610212758504732E-017   6.0616335937021586E-017  -5.3859537709901273E-017   5.3483250763059474E-017  -4.0043394079172881E-030   7.1718788332143518E-032   5.7667348720262138E-032  -4.0055448946997863E-030  -6.4627892590059591E-033  -4.0627648354300145E-030  -6.0955506982179663E-017   7.6406816275538459E-017  -6.7889880489633541E-017   6.7415571259817426E-017  -2.9401583822936353E-030  -4.1126474253093596E-030  -7.1908673127128395E-031  -1.0390835992770697E-030   2.2860437285880481E-033  -1.2705647196207757E-030  -9.8825745200518740E-030  -5.0480243543219755E-031  -4.0394196175792911E-030  -1.7917859444730733E-030  -3.3014481487652763E-029  -1.1962212277510326E-031   6.7519583336139497E-032  -3.2415001607269344E-029  -1.9560688759868195E-031  -3.3309869943248175E-029  -3.8666228151423478E-017   1.0496608860942892E-016  -9.3265700084443907E-017   9.2614103969401006E-017   1.0345147036853736E-029   5.0060746403785290E-032  -4.6653907547875589E-032   6.0081735193469765E-030   2.9487548507615503E-032   6.1860951783198259E-030   5.3730922512923270E-032   1.5626888852142937E-032  -4.7441923048975934E-033  -3.3380953480300219E-032   1.0280921218352192E-029   1.0487563057641558E-031   6.1596188828116656E-030   8.9865168008267777E-032   1.0411237570263147E-029  -1.7795307777733565E-031  -1.5517477175112227E-030   2.8276968910345170E-032   8.4328922416250782E-032   1.1641787072785532E-033  -1.0750139089674767E-031  -3.5853711368397307E-030   1.0651720392616273E-031  -1.5481250466536444E-030   6.4830067652943202E-032  -9.8895596297739661E-031   3.7882953220790354E-032   1.3874535641022081E-032  -9.1686930352410779E-031   4.9799906951333601E-032  -7.8943852422950534E-031   1.8200021157265710E-017   5.6137841056433261E-017   8.1818104488137001E-017   3.0377991496607444E-018
   5.9117289007503292E-018  -1.8188438045557267E-017  -1.6926177954332808E-017  -2.4608306289072827E-016   1.7679816654438728E-017  -5.4394958780200192E-017  -5.0620001004285880E-017  -5.2220843597129451E-029   5.7667348720262138E-032   6.4897300861572778E-031  -5.0780262219063742E-029   3.3705882877664407E-032  -5.2364005265373854E-029  -6.0915185815909379E-016   2.2285386967371405E-017  -6.8564778084747351E-017  -6.3806448489731720E-017   1.0965238312236809E-030  -4.2701139068654818E-030   7.4066530328935943E-031   9.8143430338679995E-031   1.5842377694378158E-032   6.9271251412864354E-031  -1.0240136867116725E-029   5.9533085671289716E-031  -4.1191463613990156E-030   1.8282180946057181E-030  -3.6082656325660558E-028   2.2424442973672211E-031  -1.1706248424427144E-031  -3.5975617250725865E-028   2.6654764151968367E-032  -3.6648275008032670E-028  -3.9516573447647931E-016   3.0615199234022723E-017  -9.4192860306846134E-017  -8.7655966476522262E-017   1.0663382964565896E-028  -1.1206465527451839E-031   8.9313491249722062E-032   6.0607994320800914E-029   7.2588499852886442E-033   6.3283857138292338E-029  -1.5829470459317413E-031  -7.3902046266212841E-032  -1.1771940802572771E-032   2.4293166363416010E-033   1.0365407095555555E-028  -3.9845976595610955E-032   6.1536928289782439E-029  -5.6896473373868473E-032   1.0604786402943258E-028   7.4942679575198439E-031  -1.5719322635368412E-030  -9.9747767216484915E-032   1.6641275594306745E-031  -2.2580639230805386E-032   2.1623307347761339E-031  -3.6741220898807740E-030  -1.8353394272619688E-031  -1.6154627278461825E-030  -4.1064520179554683E-031  -4.0891386557751105E-029  -3.4622135776071965E-032   3.9540402139377790E-032  -4.2314333371093260E-029   5.1535766278382612E-033  -4.0271540036737240E-029   2.3722396519965199E-017   1.2016117764291115E-016   4.4401369140817831E-017   2.9677410697927436E-017
   9.5581388579229093E-017  -6.0065803242116434E-017  -4.7309288832382609E-017   2.0486451036496080E-014   2.8584893760034029E-016  -1.7963482533678665E-016  -1.4148476133699293E-016   4.3597584587842727E-027  -4.0055448946997863E-030  -5.0780262219063742E-029   4.2381643350703013E-027  -2.7201852576153038E-030   4.3653614169331537E-027   5.0712047211229974E-014   3.6031223135118835E-016  -2.2642947456345853E-016  -1.7834136620365674E-016  -1.7965972205381441E-028  -3.7333600879223258E-030   4.1442496332297509E-029  -1.0841223983415323E-028  -3.0424975322988932E-030  -9.1597236328117753E-029  -1.4163482169000671E-029   2.9978101050665282E-029  -1.4360428529942746E-029   8.5819147130322731E-029   3.0124725873925905E-026  -1.3503347681818182E-029   1.4358627154537110E-029   3.0019280970293356E-026  -2.8829247085116452E-030   3.0538955970390914E-026   3.2896028497152991E-014   4.9498941909376989E-016  -3.1106408366907921E-016  -2.4500164461945960E-016  -8.9273604160093330E-027   7.2323703255881409E-030  -9.5522600039564889E-030  -5.0679619135836552E-027  -3.0981064466712520E-031  -5.2855415038867765E-027   1.1160687488865690E-029   4.6836539154179716E-030   4.5596549613067970E-031  -2.4562421412794729E-030  -8.6662467715558491E-027   3.5703060911777955E-030  -5.1368719119567538E-027   4.8976623990366255E-030  -8.8373972758797199E-027  -6.8554963981023079E-029  -1.2443333936204884E-031   1.7192875248078411E-029  -1.4637487550808198E-029   1.7450998109895077E-030  -2.3699568573632056E-029  -3.4680904051403205E-030   1.4482201517743457E-029   2.4624002682183428E-030   4.6086996429668841E-029   3.3759877575877071E-027   1.6930705327641778E-030  -4.2271056530160092E-030   3.4978875613781862E-027  -3.2735488202360531E-031   3.3376673031751496E-027  -2.0041367035840417E-015  -1.0084955025813839E-014  -3.8393865531631225E-015  -2.4707778056753851E-015
  -5.5999707809939339E-018   1.1509430974666381E-017  -1.6299164370565437E-017  -2.8438398265920015E-017  -1.6747462263649072E-017   3.4420494045859340E-017  -4.8744832946521807E-017  -2.7309257436357690E-030  -6.4627892590059591E-033   3.3705882877664407E-032  -2.7201852576153038E-030   1.1135167740650923E-031  -2.8290703193748383E-030  -7.0514058157242380E-017  -2.1110155414036237E-017   4.3386990058366562E-017  -6.1442801478403650E-017   7.5655125900607476E-031   2.0039643378278240E-030   8.8885378069368470E-031  -2.4458511813884643E-031   2.5411037717311320E-032  -5.4843747564856914E-033   4.9663909659873699E-030   4.7903862301359476E-031   2.1258496573623683E-030   1.6549628912475177E-030  -3.5230276871265929E-029   1.6842767090603610E-031  -2.4322862374235913E-032  -3.2707402757387744E-029   1.9833199161207341E-031  -3.3876510263750939E-029  -4.2840953274349967E-017  -2.9000690668198222E-017   5.9604140899437884E-017  -8.4408837571977937E-017   1.2969833910909410E-029  -4.8874266229763925E-032  -1.7522415443561060E-032   7.5551534260561262E-030  -6.9538724855542495E-032   7.5162266283750610E-030  -3.5901215916604852E-032   1.3609552465749108E-031  -1.1735839789071798E-031  -1.1884793029842851E-032   1.2630726216304886E-029  -1.7953316091306757E-032   7.5853239139415975E-030  -8.6610959302730780E-032   1.2394379050279713E-029  -1.2036032437720871E-031   7.1758155393649024E-031  -8.7299988864685889E-033   1.8872088894567711E-031   1.1839504440080144E-033  -1.3880696472213468E-032   1.8576667165323125E-030  -1.8547716868410121E-031   7.9617849263503848E-031  -2.3420436433369399E-031   5.9860899814171594E-030   8.6706826100060399E-033   1.0250600908464391E-031   6.3408806590198253E-030  -2.7840146118775572E-032   6.2258080901689938E-030   5.5154769760996239E-017   1.5999294924731066E-016   2.6136828363488208E-016   3.6608838699092104E-018
   6.6310661373730186E-017  -8.1275587168783614E-017   1.9086584999541386E-017   2.1095792502424280E-014   1.9831090955076348E-016  -2.4306552342854948E-016   5.7080987476503793E-017   4.4907451320664196E-027  -4.0627648354300145E-030  -5.2364005265373854E-029   4.3653614169331537E-027  -2.8290703193748383E-030   4.4967345381800019E-027   5.2220354882753569E-014   2.4997065555459789E-016  -3.0638379084478569E-016   7.1950513925315360E-017  -1.7969322890611326E-028  -8.2585981359186385E-030   3.8893759628950957E-029  -1.1028034397372642E-028  -3.0929548566790563E-030  -9.2393022172101918E-029  -2.5170776393395078E-029   2.8128398215487143E-029  -1.9082044846595052E-029   7.9414829030248822E-029   3.1024906186431658E-026  -1.4317023935352928E-029   1.4948738911232816E-029   3.0916851844820131E-026  -3.4632167798401876E-030   3.1452121151303721E-026   3.3875741814502425E-014   3.4340446650783101E-016  -4.2090365370469920E-016   9.8844113501082935E-017  -9.1932276783899600E-027   7.6372751118933350E-030  -9.9172322305509294E-030  -5.2187383270711670E-027  -2.4333106646662449E-031  -5.4429987949841257E-027   1.1684567914606061E-029   4.8739393620228908E-030   4.9755247512857612E-031  -2.5934435342550709E-030  -8.9240033650540885E-027   3.9208026258132388E-030  -5.2896770653066694E-027   5.2801376214435922E-030  -9.1006910726568054E-027  -7.0307464024792528E-029  -1.8443527332559554E-030   1.7571062121752147E-029  -1.4867025684282877E-029   1.8073037402867897E-030  -2.4131790939802115E-029  -7.4637744094324734E-030   1.5204149175604923E-029   8.1448942766399873E-031   4.7434587088278334E-029   3.4810102751007200E-027   1.8539925860410651E-030  -4.3521528020373213E-030   3.6068898065873153E-027  -2.2063427206118403E-031   3.4416472895662649E-027  -2.0402683619522507E-015  -1.0319469468718282E-014  -3.8388019453709599E-015  -2.5441641290791942E-015
  -4.2064177001810513E-015   1.2645120115168562E-015   2.3525955993975607E-015  0.25210101147607494       -5.1051161682294880E-015  -1.8379452375593810E-016  -8.7065867908425947E-016   5.2112790030564297E-014  -6.0955506982179663E-017  -6.0915185815909379E-016   5.0712047211229974E-014  -7.0514058157242380E-017   5.2220354882753569E-014  0.62410233706184848       -4.8923174993586508E-015   3.4984859351486642E-017  -7.2717432192075674E-016  -1.9158106577447916E-015   3.4649766351269401E-016   3.9047234987325134E-016  -9.8832816858136122E-016  -4.5813552110630848E-017  -8.5391858745629704E-016   7.1715016593387198E-016   3.3856440395253641E-016   1.5853607611003096E-016   9.7022464762099427E-016   3.6742972289590473E-013  -1.8135902630065730E-016   1.5342488451662370E-016   3.6513994954244605E-013  -4.9173797778734947E-017   3.7176708577781751E-013  0.40354221877471685       -1.1292506773597860E-014   1.8626116465235971E-015   1.1029986065382429E-015  -1.0996378442394761E-013   8.5468548312654653E-017  -9.0553494766304122E-017  -6.2532104624160935E-014   1.3438233169369700E-017  -6.5060338302603728E-014   1.2514730785436762E-016  -9.6252232750227500E-019   4.9050154889523099E-017  -1.3966509068164769E-017  -1.0682744605349381E-013   1.7675215739216496E-017  -6.3373728815358702E-014   6.1880516601380205E-017  -1.0873693073553902E-013  -7.1857728588663719E-016   1.5994925243171751E-016   1.9735386702406391E-016  -2.6341557536443664E-016   1.9152373032077117E-017  -2.5426427494764304E-016   2.5859030165388941E-016   2.0432310728011586E-016   1.6044268977004198E-016   6.0221183606367553E-016   3.6798110431923829E-014   5.1007810821977038E-018  -8.9391408103075659E-017   3.8044864434162394E-014  -7.7888517539499686E-018   3.6217347054690263E-014  -4.8176774339193623E-002 -0.18965123591267150      -0.16220311810375343       -3.0508498597572833E-002
   6.6343167080891677E-002   2.9883406860812807E-016   8.0958223252439870E-016   5.9028267840392971E-015  0.19840812221893317        7.5835455614639668E-016  -1.1169349136991996E-015   4.5221207001590603E-016   7.6406816275538459E-017   2.2285386967371405E-017   3.6031223135118835E-016  -2.1110155414036237E-017   2.4997065555459789E-016  -4.8923174993586508E-015  0.25009319200202135        7.8467888745622469E-017  -2.0923983845479860E-015  -1.0547693084323302E-014   1.4465206586521617E-016   3.6533148628438082E-016  -3.2882690123072606E-015  -1.9969887869867813E-017  -4.2315894327722583E-015   3.3175421238868512E-016   2.6810179748484059E-016   1.0832723010561308E-016   8.4500221210298664E-016   9.1852497224415483E-017  -1.6340089761472991E-017  -3.8113960313818661E-017   2.9527285324107309E-016   1.0015696526307574E-018   2.8656098267302992E-016   6.3812070876023195E-015  0.34357280452088890        1.3090565760581325E-015  -1.6302334916035166E-016   1.0488377524000929E-016  -1.1872000296190793E-017  -1.0357937765714534E-017   7.0865745321674867E-017   3.5256220250360570E-018   9.1483320282729354E-017  -1.3930184924061324E-018  -1.3963272168787568E-017  -1.5771212340193251E-019   1.9073741250440972E-017   1.1893710183124412E-016   4.3484768760719371E-018   8.9480869163265572E-017  -3.4983089538923720E-019   7.2020381943617121E-017  -6.8447477061926714E-016   4.6865179129273757E-017   9.4894963356363628E-017  -7.7690564247450604E-017  -1.5180626716478371E-018  -4.5158825767150982E-016   8.4739659514315914E-017   4.3212993944218098E-017   6.1939083242429027E-017   1.4354108419195337E-016   1.6858634775045292E-016  -3.0860489364013139E-018   9.3555851435374057E-018   1.3166033900309522E-016   1.8941580337523930E-018   1.6667781667231612E-016  -1.0438212279496932E-016   2.1852951451067198E-015   4.3703987538725580E-015  -1.5641469372656741E-016
   5.6956145454832158E-016   6.6343167080884960E-002  -4.4898172401747536E-016  -1.4263686360461920E-017  -1.0205425070408032E-015  0.19840812221885967       -5.7825924495438993E-016  -3.4754893944985569E-016  -6.7889880489633541E-017  -6.8564778084747351E-017  -2.2642947456345853E-016   4.3386990058366562E-017  -3.0638379084478569E-016   3.4984859351486642E-017   7.8467888745622469E-017  0.25009319200181079        2.4555928634257452E-015  -3.8969884674821823E-016   1.4966165587122919E-014  -6.9916972999876566E-016  -1.0655307052510332E-016   3.6120771312340644E-017  -1.6742403590273367E-016   3.6100089470801619E-014  -7.0615322618198989E-016   1.4855877282522152E-014  -1.5792816461669446E-015  -3.6662305139310575E-015   1.3275158538528218E-016  -2.5389807635284419E-016  -2.8386583318958940E-015   3.8576550053677067E-016  -1.7374787195639161E-015   5.3894169384467142E-016  -1.3501332215379324E-015  0.34357280452075195       -1.7844218864963425E-015   1.9887162947885237E-015  -6.2357160190283799E-017   1.1154238083531589E-016   8.8556570152446896E-016  -7.5959319077657733E-017   7.5934793122718622E-016  -6.1367559567152115E-017   5.3173966189261073E-017  -3.1703653486142258E-017   1.0961968638317870E-016   1.3543610654516899E-015  -1.6610255038573105E-016   5.8196665829936003E-016  -1.7611677268901566E-016   5.9885071572833804E-016  -4.0577274812065077E-017   5.5216829576056499E-015  -1.9962906185635152E-016  -6.0287391807458102E-017  -1.1910122093443069E-018  -1.4628828749713216E-018   1.2980480087219291E-014  -2.0202369041230617E-016   5.5802728705307635E-015  -4.1584069144547682E-016   8.3363983078355838E-016  -2.8439738007615467E-017   5.5559094146013203E-017   6.3727287399357981E-016  -8.4428867071337846E-017   3.9109024475631620E-016  -9.8523517422540297E-016   4.8247463325896876E-015   6.6287427074924297E-015  -9.0336991019965677E-018
  -1.4030761958088583E-016   1.9292266938051532E-015   6.6343167080892329E-002  -7.8601967389239103E-016  -1.4040350371051502E-015   1.6106242189307627E-015  0.19840812221893137       -9.1492262082756585E-017   6.7415571259817426E-017  -6.3806448489731720E-017  -1.7834136620365674E-016  -6.1442801478403650E-017   7.1950513925315360E-017  -7.2717432192075674E-016  -2.0923983845479860E-015   2.4555928634257452E-015  0.25009319200200664        1.9663935124161438E-016   2.5744393023824943E-016  -3.7974883115374130E-015   2.1140277430609840E-017   3.0880098898603747E-017   3.0179275734232355E-017   6.1887187257315146E-016  -2.7513652348906947E-015   2.7036670997226320E-016  -8.7928888791551033E-015  -9.4480153236375789E-017  -3.8613483476866456E-016   4.7700261476174963E-017  -2.1930250529269175E-016  -3.8715717700298255E-016   4.3540468376702715E-016  -2.0347035550134791E-015  -2.4490161960009915E-015   4.7812427664685993E-015  0.34357280452087902        1.6665615544348545E-016   1.5788508186873229E-016  -2.6855791901696095E-017   7.8914522624340190E-017   7.1106722444967433E-017  -3.9904619988915392E-018   1.5693519187576997E-016   4.2419549639723113E-019   6.0527544536430763E-017  -7.2422179763451710E-018   2.5964238020665891E-016   1.6830440635816238E-016   3.1456621029961772E-017   1.8300150299446594E-016  -2.1237616077980655E-016   5.4870278434274567E-017   2.2975569155224867E-017  -1.5134136361809007E-016   6.4717643308384843E-017   6.6769099828362572E-018   8.0531838406571403E-017   1.0349279035585184E-016   2.7362850434310388E-016   1.1178346587612550E-017  -3.2283578006178757E-017   1.8339929477712777E-016   8.2749924771315907E-017  -1.5806179431928750E-017   2.0980927757482125E-016   8.7191456524520996E-017   5.0123176256987554E-017  -8.8216771785675809E-017  -8.6639173164587895E-016  -1.9146899064336805E-015   7.4969461515614372E-017
  -2.7980264437009099E-015  -1.0337688720795644E-016   5.2163264540125595E-017  -7.7400999908552308E-016  -8.3678726391932189E-015  -3.0916241979755644E-016   1.5600122547069747E-016  -1.8816475855051801E-028  -2.9401583822936353E-030   1.0965238312236809E-030  -1.7965972205381441E-028   7.5655125900607476E-031  -1.7969322890611326E-028  -1.9158106577447916E-015  -1.0547693084323302E-014  -3.8969884674821823E-016   1.9663935124161438E-016   4.5218744347003246E-028  -2.8864921433632415E-029  -1.8954227617345374E-029   1.4370952135570265E-028   8.9191462342331839E-031   1.8262738098878622E-028  -6.8886865807682427E-029  -1.3369331363077789E-029  -2.6929597787364208E-029  -4.2919631665977349E-029  -1.1466194385121276E-027   6.5037214378761786E-031   1.4344568315811099E-030  -1.1558085733252368E-027  -8.8823945584706283E-031  -1.1756468426680694E-027  -1.2469237736011978E-015  -1.4490200493651363E-014  -5.3536013765152910E-016   2.7013903435114984E-016   3.2942236486341302E-028   4.3179473567205740E-031   6.8180850725401089E-031   1.8657545007371806E-028   9.4317148148288431E-032   1.9455155457408347E-028  -1.8745739958091180E-031   1.3645655415154230E-031   2.2440586912998781E-031  -8.4120780154937924E-031   3.1982057950054651E-028  -8.4094812034085242E-033   1.8887592614736825E-028   2.5538429690947549E-031   3.2977512286109833E-028   3.1888410578373619E-029  -1.0422525101758492E-029  -4.4724003393547248E-030   3.6997115730802317E-030  -2.6935956406769846E-033   2.0071916125910017E-029  -2.3526464651947281E-029  -1.7522476361922833E-030  -1.1358714209583234E-029  -7.0133598003313046E-030  -1.5106447252334864E-028   1.2226466688532832E-031  -4.5553638684639967E-031  -1.5458906195988530E-028   1.2186349231117001E-031  -1.4926306522662004E-028   4.0950066236117840E-019   1.7109245168339428E-016  -2.2311545406808143E-016   9.3017578206059610E-017
   3.8372400693826124E-017   3.9701313584717566E-015   6.8293125218720315E-017   1.3969158274376790E-016   1.1475780101667974E-016   1.1873209291263232E-014   2.0423973306231279E-016  -1.1256784828870748E-029  -4.1126474253093596E-030  -4.2701139068654818E-030  -3.7333600879223258E-030   2.0039643378278240E-030  -8.2585981359186385E-030   3.4649766351269401E-016   1.4465206586521617E-016   1.4966165587122919E-014   2.5744393023824943E-016  -2.8864921433632415E-029   8.9904222941685751E-028  -4.6241356918308911E-029  -5.1141423479681099E-030   2.0361501971211547E-030  -1.0352455982211468E-029   2.1678046931270922E-027  -4.4665233819366429E-029   8.9160495599278663E-028  -1.0222728401388111E-028  -5.7213909032506301E-029   7.2631472017537342E-030  -1.5357248687674177E-029  -2.1719423628076337E-029   2.2473405748299990E-029   5.1256026326273950E-029   2.0738827086283576E-016   1.9871998734229009E-016   2.0560205747834042E-014   3.5367109520536380E-016   5.6675712723643221E-029  -3.5852792273248852E-030   6.9212187564019625E-030   1.6210860077385410E-029  -4.2385917782103642E-030   9.1244378400808477E-030  -3.6074514636740649E-030   2.4135114046900559E-030  -1.2544734908772860E-030   6.7532407079071143E-030   1.9656114258210040E-029  -1.0084554266946435E-029  -2.3274280228548015E-030  -1.0291688093916813E-029  -2.4460977001357810E-029  -1.7219094222940751E-030   3.3185663324726689E-028  -1.2052724849799701E-029  -4.8137422157902919E-030  -8.5296750014397550E-032  -3.9861270723647545E-032   7.7909273376051078E-028  -1.1327834662843418E-029   3.3495514415470728E-028  -2.3957263487172897E-029   9.7533271054224471E-030  -1.8228752364092166E-030   2.7822954251916580E-030  -4.5247581038584516E-030  -5.0113170925814615E-030  -1.8509273241259738E-029  -3.2748644166064063E-016  -9.4356903468888868E-016  -1.5603800766875235E-015  -1.8232081095624950E-017
   9.6912865322127710E-017  -1.8547139905701217E-016  -1.0073740893276273E-015   1.5781511878292438E-016   2.8983089703836698E-016  -5.5467704710777344E-016  -3.0126870668052015E-015   4.1853670811007246E-029  -7.1908673127128395E-031   7.4066530328935943E-031   4.1442496332297509E-029   8.8885378069368470E-031   3.8893759628950957E-029   3.9047234987325134E-016   3.6533148628438082E-016  -6.9916972999876566E-016  -3.7974883115374130E-015  -1.8954227617345374E-029  -4.6241356918308911E-029   6.0687826277029435E-029  -6.6201847223559267E-030  -5.8943441530964441E-031  -7.5200894141146109E-030  -1.1138081442236717E-028   4.4329089581686025E-029  -4.6068975509842186E-029   1.3967330990599416E-028   2.5500165093421724E-028   5.4099323355907531E-030   1.1358865832050153E-031   2.5750676795218249E-028   4.8303127212892168E-030   2.4775131925499997E-028   2.5778127638855428E-016   5.0188476670525361E-016  -9.6050477443608146E-016  -5.2169101401196597E-015  -7.6254078315305501E-029  -2.1688315230800222E-030  -8.0960332700671911E-032  -4.1997185276363739E-029  -9.2521021729479171E-031  -4.2556081906219245E-029  -2.0824932969117688E-030   6.6011401506085146E-032  -9.7615262334466025E-031  -2.4025549105005070E-031  -7.3622136781381880E-029  -1.9686831235069611E-030  -4.0970221941968135E-029  -2.2561519022147662E-030  -6.6455327993176207E-029  -2.6291760933959875E-030  -1.6026605137903920E-029   3.1548525175644528E-030  -7.4810794071200979E-031  -7.8529446911642213E-032  -2.1543836789973997E-030  -3.8214953206237013E-029  -3.5078890406845199E-030  -1.5860145997130621E-029   2.0661511029020380E-030   3.7528893849328400E-029  -1.1123336313260294E-030   1.9589391287158408E-031   3.9429819877090818E-029  -1.0755522199982803E-030   4.0843530044870772E-029   6.5615385084064087E-017   1.4825675615829606E-016   3.6667893588978981E-016  -1.8675770646700746E-017
  -8.7229155957454309E-016  -2.8265736081207499E-017   5.6079613622571622E-018  -3.9957603374331840E-016  -2.6087046786835820E-015  -8.4532467558669954E-017   1.6771359166607402E-017  -1.1330652422390845E-028  -1.0390835992770697E-030   9.8143430338679995E-031  -1.0841223983415323E-028  -2.4458511813884643E-031  -1.1028034397372642E-028  -9.8832816858136122E-016  -3.2882690123072606E-015  -1.0655307052510332E-016   2.1140277430609840E-017   1.4370952135570265E-028  -5.1141423479681099E-030  -6.6201847223559267E-030   4.9560362139509108E-029   1.6884573269329992E-031   6.0329138320241222E-029  -1.2828134495793415E-029  -3.8884144497359975E-030  -5.2169642462927861E-030  -1.2328163638136932E-029  -6.3485120185467998E-028   1.9142708256155405E-031   1.8411198327940090E-032  -6.5054039201610747E-028  -3.7046854059214447E-031  -6.5784833002731385E-028  -6.6031775939727473E-016  -4.5173553007728429E-015  -1.4638038315869561E-016   2.9042071665488764E-017   1.6999207559627523E-028  -1.1857450029811302E-032   6.5140400133476659E-031   9.4929135638070827E-029   2.5714992363602761E-031   1.0119067604372424E-028  -3.5152837854245213E-031  -8.0845095817013926E-031   6.4955327977600292E-031  -2.3765216700020676E-032   1.6396512348644134E-028  -4.2177222406644903E-031   9.6315085139864380E-029   2.9059884253883804E-032   1.7129419463315996E-028   1.2004245369908807E-029  -1.5772143727802432E-030  -1.6349644318465055E-030   8.8854675940003667E-032  -4.8439121520644970E-032   6.8164653565608911E-030  -4.4772229647865910E-030  -3.4628789654323217E-031  -2.3186674197194283E-030  -1.9725221079660702E-030  -1.3853163555141714E-028  -2.1297657451169640E-031  -6.2194471882500256E-031  -1.4405277892825538E-028  -2.7227859595272211E-032  -1.3909340915159094E-028  -3.0773326485581967E-016  -7.7009727648604959E-016  -1.6206547856349257E-015   4.6660938577865836E-017
