 4.0814264624295584E-006  8.6907071319336462E-017 -2.9620450428434271E-016 -2.0146760594438505E-017  8.2454952203939550E-017  2.5718190318654858E-016 -6.4736685600184468E-017 -2.3821020245484931E-017  2.7429494094008684E-017 -6.3381649909830319E-017 -1.4121007588884369E-005 -1.2512545290848441E-016  5.3050789082456406E-016  1.1215052954926059E-017  2.5486414741121687E-016  7.2165481930079336E-016 -1.5900146766466187E-016 -9.3370554583687927E-017  6.5371059396760873E-017 -1.7072541206905177E-016  1.2133649060582213E-016  7.7034014530443582E-006 -2.0853235104877091E-016  5.7234887177428566E-016  7.1112062768786412E-015 -2.7786518765500367E-017  8.9514016403734991E-017 -9.8775500968499129E-016 -6.1291793127630473E-017 -8.5539060917971996E-015  1.6265241180449207E-017 -2.3565980051270800E-017  4.8371949995431541E-018 -4.8200352461714162E-017  3.7953333811234634E-016  1.1174493382436580E-015 -2.6210783072452001E-016 -1.2038076647780349E-016  1.0719658355551466E-016 -2.6402826887512023E-016 -3.2499808705789297E-004 -2.5736692746346462E-015  1.2034714503046649E-014 -1.3329878861003735E-014  4.9343776260383211E-017 -1.6753656834140359E-016  1.9255216050361857E-015  9.9152102276668754E-017  1.5348702416406201E-014 -2.8987482042247831E-017  4.6254395945444899E-017 -1.1181524548822687E-017  9.8656265116240754E-017  2.8530424479224156E-015  4.6206017214436250E-016  1.3262413978438191E-015 -3.0365274689754349E-016 -1.4964881196968571E-016  1.2200720237576057E-016 -3.0858186382699044E-016 -2.8455653084835685E-003 -2.4587949836912375E-014  1.1166666682499655E-013 -1.4811460483308528E-018 -5.7504183589327699E-019 -1.9677736128593585E-019  3.6119685302306818E-019  4.7919194262236690E-019 -1.3262889329470503E-018 -5.4399685786447564E-019 -9.9993294609558440E-019  7.2863029189657012E-019  1.0023730113142141E-018 -1.5166915661244222E-018 -5.4136834879395849E-019 -7.9902722524250898E-019  3.7219633238355868E-020 -7.3485325292751081E-019  4.8541467958786625E-015 -8.0878647490224384E-015  3.0429395431330679E-017 -1.0330094823446442E-016  1.4943202375931587E-015  6.3972168302363528E-017  9.1205951875393867E-015 -1.7314519786229832E-017  2.6396114195235796E-017 -7.7648027711771315E-018  5.9730671492936287E-017  8.5763262231257653E-016  2.4773939532321681E-015 -5.7216845324856142E-016 -2.7526810898910234E-016  2.3361393247015132E-016 -5.7989751897259196E-016  1.2860690796757423E-015  1.1950028589857399E-019  4.5238725678373969E-019  8.2025589623249207E-020 -4.8700960542412679E-019 -2.0463142852395750E-019  7.3165721976513193E-019  3.4398239959365782E-019  4.4979600378202474E-019 -3.0667443777059694E-019 -3.3198606562198792E-019  2.7190627271586804E-019  2.4565774725090414E-019 -2.5292639074253831E-019  1.5722211805766551E-020 -1.6179424568927300E-019  1.0933639798637728E-003 -4.5762976343146064E-015 -3.3271267871118302E-014  1.1439778048345817E-015 -6.3292446120403975E-018  1.7665852075040215E-017 -2.3981492731043450E-016 -1.1495484424656423E-017 -1.2562733811096389E-015  3.1519765745209624E-018 -4.2356580522047326E-018  1.2377475066501044E-018 -1.0141689320736170E-017 -2.9000811597010258E-015 -1.9925695236273880E-015  8.2792309635983102E-016  4.5413479946997103E-016  1.3807746653022926E-014
 8.6907071319336462E-017  4.0814264794766843E-006  2.7325082822389644E-016 -3.3209886767840860E-017  1.3871747677129280E-016  4.0170869991576018E-017  2.0583601004524759E-016  7.6696436219906621E-018  6.1751673255375004E-017 -1.5271478641121602E-016 -1.5105936230316010E-016 -1.4121007613587313E-005 -4.7031656407413096E-016  1.3200201447279689E-016  3.5395478315707675E-016  1.1873888751085765E-016  5.9620057246869110E-016  4.4164130060080930E-017  1.3512226333232137E-016 -4.2948406901431064E-016 -1.2943363290624453E-016 -2.0410372972444327E-016  7.7034014019306716E-006 -5.1843519326755799E-016  1.6894447896780376E-017  5.2994582473580668E-015  2.3663531532901807E-017 -3.1598456301378842E-017  7.6234060613499645E-017  6.2167184720890947E-018  1.2520863906925639E-015 -8.0934548471982340E-017 -7.0044859569182189E-015  4.0641375864064481E-017  5.6990906112090133E-016  1.7792471226306038E-016  9.0427277122478829E-016  5.4505017846788857E-017  2.4120255958807280E-016 -6.5912022606956583E-016 -3.9087461640921380E-015 -3.2499808768493137E-004 -9.9356569432610792E-015 -2.6315355257125847E-017 -9.1433579098302079E-015 -3.6323707317994328E-017  4.8518547372294297E-017 -1.2446196308221788E-016 -1.3773076594486730E-017 -2.7094432493128244E-015  1.3516490418744814E-016  1.2203852676253859E-014 -7.9074542601230050E-017 -1.3379463106448802E-015  6.6569732937021638E-016  2.1051295808450839E-016  1.0809009615798467E-015  7.2995173209932041E-017  2.6888720817857078E-016 -7.8755690433194603E-016 -3.6277856444025625E-014 -2.8455653144466861E-003 -9.2802240289383406E-014 -7.7100417550605156E-018  1.5134831166178339E-018 -2.6632511973457519E-020 -4.6278486109630673E-018  1.3634846756227340E-019 -5.2323961815160496E-018  4.4653667701247675E-019  1.9908565667257660E-019  2.0100651541075007E-019  3.4144595387962538E-019 -9.3981431617753172E-018 -3.8853889843380300E-019 -4.9421964800671566E-018 -6.3295422608454990E-019 -5.8773368024759593E-018 -2.6366886806396436E-015 -2.4455219257052095E-017 -6.2714830062202260E-015 -2.7202217336771273E-017  3.8903622793266217E-017 -9.0569462042603024E-017 -6.5898830096659078E-018 -9.2662813347428954E-016  8.5842664333354338E-017  7.2298203029271981E-015 -4.3638598465660996E-017  1.2187607644338020E-015  3.9786132039802197E-016  2.0185008524350332E-015  9.7830040178238459E-017  5.1232135211064968E-016 -1.4995679754861610E-015 -6.6637818196646046E-016 -5.6518957631215950E-019  1.4194158173466268E-019  2.1553003235106511E-019 -6.9412174548127194E-019 -5.0346144550654403E-020  1.8252225862094017E-019  4.9599256493617145E-019 -5.2115187465733749E-020  2.0521131156398000E-019 -1.6437578891118063E-019 -1.3043723561965986E-018 -1.0373352362184900E-020  4.1987118961883450E-020  1.6610857659105234E-019 -5.6272093091315481E-019  1.8179357273938992E-014  1.0933639817179027E-003  2.4477991551289495E-014 -4.6428540927036068E-019  4.7190264305456602E-016  1.7906583782018737E-018 -1.3109132120922387E-018  4.2614982996573146E-018  1.0319342077270109E-018  2.7865239002014639E-016 -1.8000839386161688E-017 -8.9140629470149730E-016  1.3489336136103667E-017  1.0119447602994161E-015  5.3931484855695982E-016  3.0079049665257024E-017 -6.5283027509894295E-017  3.9914247095148262E-016
-2.9620450428434271E-016  2.7325082822389644E-016  4.0814265150781389E-006  1.9052682286200428E-017  7.4592221913414040E-017 -1.0183143225115750E-016 -1.5407701973716218E-017 -3.3273289460095401E-017 -2.9199509711274873E-016 -2.3540949705774707E-017  4.8716264231097426E-016 -4.8630861789402750E-016 -1.4121007675331639E-005 -1.3642756890203800E-016  1.9218395642085408E-016 -2.8664041013193737E-016 -2.8152683146794103E-017 -1.1310095969465532E-016 -8.7203524495021808E-016 -4.8423096698730124E-017  1.9497775489144924E-016  5.9000679718248278E-016 -5.0687249383384343E-016  7.7034013307159649E-006 -6.4166455793993161E-017  2.1435201039747952E-017  8.8100342446038216E-015 -2.3617985767308758E-017 -2.4366900897183691E-017  1.1133122189356705E-016  5.8484860998767070E-017  4.0763556901978170E-015 -1.0094468125973238E-016 -9.6064180541851634E-015  2.9372135946972008E-016 -4.4068021420921275E-016 -5.7781818865203673E-017 -1.6651861922216103E-016 -1.2972132107495798E-015 -1.0661559756815488E-016  1.0205838685898186E-014 -1.0574642914862575E-014 -3.2499808902346580E-004  9.6258334361373983E-017 -3.6744016833700899E-017 -1.4501621591117587E-014  4.4225699109903654E-017  3.7843614296530112E-017 -1.7243016130195864E-016 -8.3381086349218253E-017 -6.5704396902480506E-015  1.3726554723816506E-016  1.5406481831191115E-014  2.7460658371451365E-015  3.3317227609686418E-016 -5.2837183437369178E-016 -5.2604853300142530E-017 -2.3785830393994710E-016 -1.5685478078883738E-015 -1.3127532702816268E-016  9.5482199073064678E-014 -9.8414422933430034E-014 -2.8455653268916292E-003  7.1079683293972739E-018  9.7962543133773636E-019 -3.7550092000112412E-018  6.6032896071498257E-018 -2.4938577214526206E-019  5.6971784099770498E-018  1.3067085512359810E-018 -5.2986337441881273E-019 -3.6485789999889075E-019 -3.5611589807195153E-018  1.4838324216510832E-017  3.3626058454791955E-020  7.9713040357242283E-018 -7.4106965248056518E-019  1.2350069699701131E-017  4.4441364020334195E-015  8.0713299472968211E-017 -2.6104462452587450E-017 -9.9678401347391228E-015  2.6753936271871431E-017  2.7263196704918044E-017 -1.2922974248580191E-016 -5.8613409077498028E-017 -4.1003320949049018E-015  1.0816740863769166E-016  1.0380447165231187E-014  8.3523984142650109E-016 -9.8076519621215049E-016 -1.1754250600934191E-016 -2.0173602738791085E-016 -2.9169937459627588E-015 -3.3417611477115379E-017  1.0518655383017094E-015 -3.4645009113689218E-019  3.6152277182117813E-019 -1.0717345029451763E-018  5.1230849283069877E-019  5.0725803412517817E-020  7.8453952838844284E-019  4.0660844584030057E-019 -7.8526561765124153E-019  7.2925651412367272E-019 -6.5074347287079284E-019  2.0450087768796799E-018 -2.9534952114512622E-019  1.1736559974603130E-018  4.0654587661203570E-020  2.3144108008753049E-018 -2.8335139280834605E-014  2.7190446981691842E-014  1.0933639855883505E-003  3.8002578017008528E-018  2.4103541237741238E-018  5.2761055174625761E-016 -2.8437753219219398E-018 -1.6519896901029972E-018  4.1535299122643487E-018  6.1631134825893579E-018  1.8118299551400022E-016 -5.2460329755429774E-018 -5.2241370453476836E-016 -3.7225294721528869E-015 -2.8444858466963024E-015  7.1667102390798899E-018  7.6279823887900766E-016  3.6486216561871877E-015
-2.0146760594438505E-017 -3.3209886767840860E-017  1.9052682286200428E-017  2.8375533369515145E-005 -7.9860777228449176E-011  3.2736366508477833E-013 -1.0410052672750965E-012 -1.2653561555144862E-011  9.2541650324020107E-013  9.2513398653133833E-011  1.1781261733945163E-016  1.1331128707959813E-016 -3.4156919196822844E-017 -1.0110877938109484E-004 -2.2504464952050735E-010  9.2252433992889679E-013 -2.9335205634804790E-012 -3.5649220896426057E-011  2.6078690375972831E-012  2.6068864723868892E-010  2.0410265648516834E-004 -5.2795289260652634E-017 -1.0610387651123419E-016  5.3771884237805061E-017  1.0294372537613069E-018  4.3458419101554766E-018  5.2788477468345471E-018 -2.2623731738066653E-018  6.0039460941872734E-018 -5.7806041909526794E-018 -8.8101916329074423E-018 -6.4117596577129408E-018  1.9714957205467526E-018 -3.0369230521581060E-018 -3.4601932134391846E-010  1.4183537091701199E-012 -4.5104303619839274E-012 -5.4824147142156760E-011  4.0095378009663802E-012  4.0083406854395697E-010  3.7024665232698602E-015  1.5827891715743575E-015  5.8739921109357873E-016  7.2439703368235570E-018 -6.6121671198345906E-018 -1.0954813733020717E-017  3.2764883793724479E-018  1.5684788711696867E-018  7.9472896223477556E-018 -4.7214378743301600E-018  2.5076589994402586E-018 -3.8335151839981716E-018 -3.5467838770504885E-018  2.9735126459542213E-003 -4.1157559315929500E-010  1.6870204418304897E-012 -5.3646424917671338E-012 -6.5225057031520687E-011  4.7691148465991766E-012  4.7670299829892731E-010  3.2639421388937119E-014  1.3185798917719044E-014  5.3915815584250531E-015  3.4788283979180391E-015  3.7974257707239935E-018 -5.6497212440590378E-018  2.4891593848251692E-015  1.8986854371612708E-018  2.6652965053229273E-015 -5.5896033491619617E-019  9.9291689198128233E-019 -3.6519978906115802E-019  5.3356292945407710E-018  4.2971190136394533E-015  5.1552095190434313E-018  2.6376919145223571E-015 -2.2887745990717979E-018  3.6413125619664049E-015  5.2250244115385246E-003  3.6092855960552459E-018  1.4631230475440529E-018  4.8099169128688003E-018 -1.1483160307559212E-018  1.0412038645784664E-018  1.0226097363629071E-018 -1.3574924750284421E-018 -3.7199463920075677E-018 -1.1335299593716592E-018 -2.1945889014632339E-018 -7.6930960575857694E-010  3.1537256292833553E-012 -1.0028751249096827E-011 -1.2184588382791968E-010  8.9153192015412887E-012  8.9127002293268020E-010  1.2722460431545876E-003  7.4833963650252514E-016  1.5176687072472419E-018 -3.5702536039017255E-018  6.1816434567258308E-016  2.4884708764371702E-018  8.1226813950611689E-016 -8.4138166356445472E-019  2.6184424128590640E-018  4.3188726516581477E-020  5.1012337577824490E-018  1.0118694368958612E-015  4.4435491247108705E-018  6.9899773133090462E-016 -2.3552797886925377E-018  7.6419235282679191E-016 -1.7245702641258176E-014 -1.3171019101760058E-014  8.8525258401143527E-015 -1.4490983601410130E-018  8.8810711930096347E-019 -1.5468518839459847E-018 -7.4225736569723740E-019  9.5891947414791771E-019 -6.3028925259058568E-019  1.4556872252112763E-019  2.9732908581254363E-019  1.9556629417227823E-018  1.0054546572536886E-018 -3.5140673494957692E-003 -2.5560106235774436E-003 -1.5372300272781256E-004  6.3431729709324792E-004  9.1687064861906739E-004
 8.2454952203939550E-017  1.3871747677129280E-016  7.4592221913414040E-017 -7.9860777228449176E-011  6.9333592015581530E-003 -3.1392454524089688E-014  1.0132248355958002E-013 -3.4666795970567216E-003 -5.7620172372030254E-014 -3.4666796044986350E-003 -1.4235884647804662E-016 -3.2450848823267655E-016 -1.1329751082089094E-016  5.2782745652580278E-011  1.9531550414537108E-002 -5.2486323171104983E-014  1.6871737068849439E-013 -9.7657752005745301E-003 -1.0287012703116068E-013 -9.7657752139643835E-003 -9.5414088350654584E-011  6.7720647701023613E-017  4.0397808713077563E-016  1.0625016237696650E-017  5.7863249607328090E-017 -1.4582729482818621E-017 -3.3819483427744158E-017 -1.1692352575438449E-018  1.4931196600956438E-018  2.1618381707744987E-018 -3.1508351190771547E-017 -8.2977892412936073E-018 -4.3916219960101982E-017  2.9077943807942373E-017  3.0045133600473901E-002 -7.1084783835112100E-014  2.2676328929695301E-013 -1.5022566792787890E-002 -1.1504394340522387E-013 -1.5022566807689878E-002  4.1256299613119567E-016 -1.0225637786640435E-015 -3.8674460030563214E-016  4.1401352492132273E-017  8.4864778168252260E-017 -4.0611211514126753E-017  3.1666022448493835E-017 -8.1682093329753050E-018  2.0368485763701506E-017  1.6406981724295589E-016 -5.2857717602750059E-017  8.2056831518000257E-017 -1.4656568118944745E-016  9.2774048431502376E-011  3.5728288807560814E-002 -8.2899987726300513E-014  2.6629199026094497E-013 -1.7864144393872749E-002 -1.5071148973912824E-013 -1.7864144413470145E-002  4.6526632933714578E-015 -4.0849844709246163E-015 -6.1990566950097590E-015  4.0804454826090633E-013 -1.9345552675510212E-015  6.3535460801557614E-015 -1.8499099234261936E-013 -3.4867438249337771E-015 -6.2832381453088539E-013  1.4162827190127216E-015 -2.1490050146119375E-015  6.3522636636970613E-016 -4.7954344300888998E-015  2.0214608776003293E-014  1.3263376388552666E-015  8.6756618937758721E-014  1.3439378306060766E-015  2.8060898364107059E-013 -9.9686086791917124E-011 -7.9832022068424767E-019  2.5313371181074177E-017 -2.0863079606912206E-017 -5.4215479062045332E-019  1.0914153163300962E-019 -2.5733390812488771E-018  5.9258419846891714E-017 -1.6094481098961909E-017  2.6557795475122973E-017 -2.0594117834558711E-017  6.6788201266293395E-002 -1.3789483179024375E-013  4.3875185479729937E-013 -3.3394100616715890E-002 -2.5769521260132752E-013 -3.3394100650026154E-002  1.0950964676849482E-010 -7.0576536688160280E-014  2.4166862188862968E-016 -7.6738013896743219E-016  1.6834289695773665E-014  5.4570313139809542E-016  8.6888384726285565E-014 -1.9375440010619233E-016  2.6643252867537688E-016 -8.6599986332338966E-017  5.9573278133195023E-016 -4.0810712080318935E-015 -2.2973846860638919E-016 -1.5145998451051182E-014 -1.5989338058226038E-016 -4.1616674337716222E-014 -9.7165583062827965E-016  1.5219842451345187E-015  6.3179335419659974E-015  2.7994845643717119E-018 -1.4430785838421907E-017  2.6477982493103929E-017  2.8192135799910281E-018  6.3577542343800949E-019  2.0237884240623713E-018 -2.9473965763090251E-017  2.4348076287642207E-017 -1.5030377052969200E-017  5.0385050380061211E-017 -6.9819880220432627E-011  2.1318983708077084E-011 -8.8346506516268475E-012  3.1114847492979376E-012  1.9973482044168225E-012
 2.5718190318654858E-016  4.0170869991576018E-017 -1.0183143225115750E-016  3.2736366508477833E-013 -3.1392454524089688E-014  6.9333591945176373E-003  9.3159439831948754E-015  2.0136217614401242E-014 -1.8836807051244665E-014  1.0691530924596466E-014 -4.1911301472874374E-016 -1.1399184473335722E-016  1.1332159275191281E-016 -2.2155766875161805E-013 -5.0165443207250309E-014  1.9531550402394265E-002  2.1082730728990361E-014  3.7524382590204822E-014 -3.8548098710899845E-014  1.7746431490788401E-014  3.7234867125495171E-013  1.8646104548425485E-016 -1.7838265653510739E-016 -3.4176926212526494E-017  1.9304576152715432E-017  3.1108904619656146E-017  2.1868191832876717E-017  1.1432169188683258E-017 -1.7930342277451617E-017  9.4425797773160818E-018  1.0325458937205211E-016 -2.7786582864555492E-017  6.5370016076423447E-017 -2.4797797642723254E-017 -6.8085699205580902E-014  3.0045133585324832E-002  1.0885501706851791E-014  4.4943411115843883E-014 -3.0973802405649743E-014  2.9771652234503566E-014  5.7202831536708859E-016  2.0058144052837724E-016  2.8494688954491989E-016 -3.2216398603523239E-016  3.5657270913349320E-018 -8.3849688619259842E-017 -1.3846242189840508E-016  2.0304075036187290E-018 -1.3552593484687270E-016 -8.5886856729430865E-019 -4.8954881482757615E-017 -1.8232695167413064E-017 -1.5511945510385627E-016 -3.7467330265975361E-013 -7.9460563616425052E-014  3.5728288788919045E-002  2.5348489377919314E-014  5.5635307799895254E-014 -4.8783936160600764E-014  3.1181735049120093E-014  1.2788569577997633E-017  8.2332544501575695E-016 -1.3487624055758932E-016  1.7767954722005267E-015  3.8211789205906662E-013  1.2895477701929187E-015 -1.9255018327253569E-015  5.0248598992891032E-015  6.1836741634235254E-016 -8.0583714421198191E-014 -4.1290524692852280E-015 -3.8215770266479192E-013  1.3210844805185941E-015  1.8511715587543632E-015 -1.6720153446213532E-015  6.4336940006175987E-016 -1.6570718769315750E-015  3.2288372641317376E-016  3.8397280434456925E-013 -8.3187352604448202E-017 -1.2823687983878512E-017 -1.8178590316525753E-017 -3.7506531347922143E-017 -1.7449749212967548E-018 -4.0563568599652391E-017 -1.8480865571577186E-017 -2.6550042376982793E-017 -5.3231628978061842E-018 -5.4651513116314558E-017 -1.3118954095588351E-013  6.6788201235391711E-002  4.6434806667278769E-014  9.5650941780961128E-014 -8.9604887835556007E-014  5.0224715970512893E-014 -4.2484902216281523E-013 -2.6375017371683749E-016 -4.8535752028276254E-014 -3.0054166865780316E-016  2.2977906166487667E-016 -5.9810260372523097E-016 -1.0359364983263449E-016  8.4251709072592750E-015  6.1713516551070992E-016  5.8873624952705924E-014 -3.2764912058778511E-016 -2.3524017155122848E-016  2.1345858545032347E-016 -8.7831825639944606E-017  2.1267629484963418E-016 -5.9785461633888951E-017 -2.0691707482931108E-015 -6.3945934031290075E-016 -2.8746738608746080E-015  1.0052953925767660E-017 -8.8002094570396146E-018 -7.9411247230975597E-018  2.5617911978233397E-018 -8.6625663080860167E-021  5.3695594644365642E-018 -2.2745591091010886E-017 -5.4038353344967518E-018 -1.1243472757596771E-017 -1.4907804947804250E-017  2.7123387473678866E-013 -8.0034381050565657E-014  3.4476456813987604E-014 -1.2248093577586735E-014 -8.1519743447045580E-015
-6.4736685600184468E-017  2.0583601004524759E-016 -1.5407701973716218E-017 -1.0410052672750965E-012  1.0132248355958002E-013  9.3159439831948754E-015  6.9333591959804238E-003 -3.4306033960925393E-014  6.1910387356922356E-015 -6.8392236501543767E-014  1.2140839952257729E-016 -2.7626691267808896E-016 -1.6715234175623931E-017  7.1784262543937851E-013  1.6828974345245670E-013  2.0913398209796564E-014  1.9531550405575110E-002 -5.2025912065451617E-014  1.2430726675835124E-014 -1.2032575435735247E-013 -1.2521074827239672E-012 -2.1649059254999752E-016  3.3163127150620226E-017 -5.0392983425757925E-017  8.1727123189908682E-017  1.5678325293541422E-017  1.8921141418119289E-017  2.5979393103675864E-017  1.7228681930479995E-018  1.6897222717728225E-017  7.3997287178382656E-017  1.2382415197146096E-017  1.9172611942294695E-017 -1.1463020036312068E-017  2.2718525951241006E-013  1.0704760861721791E-014  3.0045133587191991E-002 -8.7538470217258664E-014  1.0135320261575876E-014 -1.4397767019856998E-013  2.7485193317254082E-016  4.7821137312708958E-016  5.9662481954986191E-016  1.1990201768545237E-016 -4.6562205024575965E-017 -7.3128811246842433E-017  4.9569841325265769E-017 -9.7716567783996024E-019  6.1463097760687284E-017 -9.4115148271106346E-017 -7.7317124227687601E-017 -4.9747489398465472E-017 -1.5922283050794032E-016  1.2248880478898614E-012  2.6294801855338893E-013  2.4776560435389247E-014  3.5728288792778604E-002 -9.7041842514843600E-014  1.5671550194736628E-014 -1.8386669828754281E-013  3.7778371121410210E-015  2.5498824835514402E-015  2.2101010161502586E-015 -3.8829629633829879E-015  1.5161316955984975E-015  6.0041071163961834E-013 -6.8477002657048064E-016 -1.4807882608313780E-015  7.8610509619758844E-015  1.5056482493242502E-015  6.1672967507035405E-014 -4.0454812531858015E-015 -6.3714009812289778E-013  1.5538893197509842E-015  5.8095688888118012E-016 -5.3287769179257756E-016  5.5240727916372366E-016 -3.3797486160143446E-015 -1.3106107400021143E-012  3.7292896920720049E-017 -1.4629571810083370E-017 -2.8826428217199302E-017  1.8147735209670728E-017  1.7185630097793871E-019  1.5218204186336331E-017 -3.0704157837964179E-017 -2.6290602135818697E-017 -7.3915571674610579E-018 -6.7025774148481153E-017  4.4704220945075301E-013  4.5865047131280805E-014  6.6788201242595505E-002 -1.3639243237207048E-013  2.8985343981213559E-014 -2.9744043651079280E-013  1.4083333390636535E-012  6.3346822090430689E-016 -2.5242110220778232E-016 -8.1843950475693807E-014  2.5962380485631236E-016  1.8812922083380870E-016 -7.9571004510493976E-016 -2.4017754637700669E-016 -1.1192381921092525E-014  5.9522097478973510E-016  9.3777838304666213E-014  1.4002287220629043E-016 -7.1436997329525242E-017  2.3648644494105589E-016 -7.8190457551993710E-017  6.7138780213632719E-016 -2.1726493297026709E-015 -3.0371127839015649E-015 -1.5677465842663510E-015  3.4230400255118194E-018 -9.2510044423454533E-018 -4.3949264261283968E-018  1.6640344715174217E-018  1.4572798111589148E-019  3.4719790803902096E-019 -1.9828318363414995E-017 -4.9591764379824801E-018 -1.0413199538628140E-017 -1.0288444740414589E-017 -8.9881446649579070E-013  2.7238309372080615E-013 -1.1323054673925468E-013  4.0673399825131668E-014  2.2797867347264740E-014
-2.3821020245484931E-017  7.6696436219906621E-018 -3.3273289460095401E-017 -1.2653561555144862E-011 -3.4666795970567216E-003  2.0136217614401242E-014 -3.4306033960925393E-014  6.9333591992843122E-003 -4.1743793179220538E-014 -3.4666796022283300E-003  1.1020529721129375E-016  6.7700393440860583E-017  2.8702353881548206E-017  5.5771553000768060E-012 -9.7657752005574881E-003  3.5202477474377271E-014 -5.1791211988060485E-014  1.9531550411053287E-002 -6.6798792847654790E-014 -9.7657752104983453E-003 -1.5315168667995572E-011  4.7007381978489493E-017 -1.1780732719698642E-016 -3.6211476422721841E-017 -4.8517780121275460E-017  2.3469129400782485E-017 -1.1792795301170169E-017 -2.1865876523805585E-017  8.9264518605894130E-018 -9.2749081172201659E-018 -2.5238234215932175E-017  3.4797739542705918E-017  1.0246176165251044E-017  2.3177867446730910E-017 -1.5022566792743631E-002  4.1804587524835998E-014 -8.7901440232213188E-014  3.0045133594784338E-002 -9.6795941859496805E-014 -1.5022566802049407E-002 -4.5520018803916942E-016  1.0173653975518097E-015 -7.3435105018493286E-016  2.4047647786562724E-017 -7.3723270217216359E-017  2.2409240200467606E-017 -1.8891569259553285E-018 -6.6892637045854374E-019 -1.0145244910534598E-018 -1.1394685284857878E-016  2.6861875520156904E-018 -5.1276830650284985E-017  5.0255763920924798E-017  1.7010679264869383E-011 -1.7864144393999946E-002  5.2039179437914688E-014 -9.2715799227111755E-014  3.5728288801297553E-002 -1.0817832371617012E-013 -1.7864144407585599E-002 -3.4408974501769605E-015  6.3076415660727788E-015 -6.0018571294260554E-015 -1.5549570184086010E-013  1.4504813533284765E-015 -1.5666796080017713E-015  2.9324668330796012E-013  1.7210041688807002E-015  2.3792211119447086E-014 -1.8995075919497557E-015  4.2856497072132043E-015  6.4881897602157048E-016 -1.6056809481618193E-015  9.5652762155921358E-014 -5.2714410793122317E-015 -4.2013110940055453E-013  3.8602387975860422E-015  2.4063636942956214E-013 -1.9204890326967588E-011  9.2225985781368488E-018 -3.8160899246905979E-017  8.5651703446314144E-018  1.3355059041497901E-017 -9.0474464894798250E-019  7.4112669410446720E-018 -9.7474861402501983E-017  1.8812764108804230E-017 -4.3820773684068853E-017  2.3171616330689921E-017 -3.3394100616554734E-002  8.8550933190566203E-014 -1.4466747069104992E-013  6.6788201256858332E-002 -1.7905022852998820E-013 -3.3394100640607445E-002  2.0872479148337030E-011  2.6913530631347661E-014 -1.5992178568858731E-016  2.1785919453676604E-016 -3.4582269491056559E-014 -2.8744581183557543E-016 -4.5476750695682839E-015  2.4875424929462249E-016 -5.0250333353423310E-016 -6.7147320318199698E-017  1.2718608229797570E-016 -1.7866857947414597E-014  8.0606355422709694E-016  6.6429339560798478E-014 -6.2539593206926154E-016 -3.2075071950576651E-014  4.1591947283168512E-015 -7.2770739667343681E-015  3.8780259954652114E-015  2.7775826146993424E-018 -1.2547383510585388E-017  5.8121409965473685E-018 -5.0332030398863202E-019  2.2038967858928633E-019 -1.0878872781484469E-018 -2.5163445962406570E-017  4.3627791201515546E-018 -1.0277837282278877E-017  1.6318663413245035E-017 -1.3126166918322025E-011  4.3037875503054199E-012 -1.6968328050639159E-012  5.4538467323049529E-013  3.1285595674856189E-013
 2.7429494094008684E-017  6.1751673255375004E-017 -2.9199509711274873E-016  9.2541650324020107E-013 -5.7620172372030254E-014 -1.8836807051244665E-014  6.1910387356922356E-015 -4.1743793179220538E-014  6.9333591975555969E-003  1.0034831871889722E-013 -8.4836680331872287E-017 -1.1095637993737245E-016  4.5030936416262536E-016 -6.9436654837427498E-013 -1.0230401923236364E-013 -3.8296736236949960E-014  1.2739974656061655E-014 -6.6208691160433146E-014  1.9531550408691520E-002  1.7319272303168915E-013  1.0879750706443569E-012  1.2024850191715996E-016 -2.3602647109819590E-016 -4.2213976905313685E-016 -2.5793281635655793E-017  4.2909395251748307E-017  3.8318329801679276E-017 -2.1636145242054634E-017 -1.1228732917777247E-017 -1.7065946053003272E-017  1.2095911759433081E-016  4.7444115460632071E-019  7.0108748255348058E-017  6.6737994624319802E-017 -1.1402410546948204E-013 -3.0797453152981312E-014  1.0346109799700162E-014 -9.5859823300474905E-014  3.0045133589897376E-002  2.1712397417817994E-013 -3.1074905938718868E-016 -1.2516181686528288E-016 -8.6827132807812753E-016 -1.9660486534474356E-018 -9.0936710752987596E-017  5.1478396843091235E-017  8.0201269516792806E-018  5.8616452632883862E-018  2.9472128015883297E-019 -2.1567365575904972E-016  5.2293246718649053E-017 -1.1599244588020414E-016  1.1279530605329520E-016 -1.0829125207875942E-012 -1.3123397061904994E-013 -4.8809737084304466E-014  1.5700876492063588E-014 -8.9408216379297816E-014  3.5728288796789284E-002  2.8314516826012263E-013 -2.3590310893727919E-015 -6.0748829228406188E-015 -7.7546562221040699E-015 -2.4602585597986331E-015 -1.5782432545736455E-015  6.6501458253302605E-016 -1.9230004418942381E-016  3.2869494968638921E-013 -1.9236592744331497E-016 -1.6031201204874546E-015 -1.4364619799188320E-015  5.0485184426608362E-015  6.7007194748076097E-016  1.7942991774721182E-015  2.7172546238675295E-013 -7.1196183079837281E-015 -5.0342174992008033E-013  1.7840852910656559E-015  1.0965264205889379E-012  8.7361839982397122E-018 -4.4045062771452310E-017 -1.5988019173437945E-017 -3.1728049349692764E-018 -9.8633092493166607E-020  6.9529837705457618E-018 -9.6203020735357488E-017 -1.8556766351713213E-017 -4.0314983120392231E-017 -3.4303960107591857E-017 -2.5452128448629446E-013 -8.9137742994484545E-014  2.9578102094982563E-014 -1.7594407582296472E-013  6.6788201250058910E-002  4.4966987447355080E-013 -1.1693042496914417E-012 -4.1850737802006582E-016  2.1477665105063340E-016 -1.7898621485592410E-017 -4.0404821189567768E-016 -4.2698728427450642E-014 -3.9366039275683709E-016  2.4539058379732680E-016  1.9460585220768663E-016 -5.4275822629752186E-016 -2.9498916601027187E-017 -9.6258642680016361E-016 -4.1921863718057268E-014  6.7413804247519289E-016  7.6977835852512649E-014 -1.0018343194542386E-015  1.8067734342992156E-015  4.9848572853307639E-016  2.3981391069031799E-015  4.2302371897204490E-019 -6.1458888743008339E-018  3.1630935196107919E-018  3.0863991783521218E-019  1.0473875736275476E-019 -1.8012584641955757E-018 -1.7438315199130865E-017  3.5021998359679424E-018 -8.7046438955437852E-018  4.3153964136029140E-018  7.4511906645503144E-013 -2.2255924334557700E-013  9.3985936238868785E-014 -3.3413635708328262E-014 -2.4156455323220599E-014
-6.3381649909830319E-017 -1.5271478641121602E-016 -2.3540949705774707E-017  9.2513398653133833E-011 -3.4666796044986350E-003  1.0691530924596466E-014 -6.8392236501543767E-014 -3.4666796022283300E-003  1.0034831871889722E-013  6.9333592067249081E-003  4.8588648872120106E-017  2.7868636054890225E-016  2.3105574129627669E-017 -5.8356548995508704E-011 -9.7657752139717439E-003  1.5693043240066367E-014 -1.2080180416523198E-013 -9.7657752104808402E-003  1.7244188378864241E-013  1.9531550424456937E-002  1.1072247721298662E-010 -1.2288759690177882E-016 -2.9941256038299059E-016  6.0869173500866699E-017 -9.3454694947021877E-018 -8.8863999261519873E-018  4.5612278766754160E-017  2.3035111782491578E-017 -1.0419571521052008E-017  7.1130699570753929E-018  5.6746585405230571E-017 -2.6499950283391121E-017  3.3670043805036679E-017 -5.2255811296233535E-017 -1.5022566807718156E-002  2.6833088686494853E-014 -1.4482371085740917E-013 -1.5022566801999654E-002  2.1610549339167120E-013  3.0045133609730372E-002  4.2526323680947237E-016  5.0165160076565891E-016 -2.8468077085199150E-016 -6.5449000262985583E-017 -1.1141507936939795E-017  1.8201971251016254E-017 -2.9776865524759843E-017  8.8371357036393283E-018 -1.9353961291361904E-017 -5.0122964390388129E-017  5.0171530021698124E-017 -3.0780000885962914E-017  9.6309917335841715E-017 -1.0988393905814947E-010 -1.7864144413546459E-002  2.7950822625212774E-014 -1.8066575572541810E-013 -1.7864144407428621E-002  2.6396227704880568E-013  3.5728288821045145E-002  2.1749078837569052E-015  2.0648915023021979E-015 -2.8767526612776767E-017 -2.5254884642000922E-013  4.8407391419006061E-016 -4.7868664722702402E-015 -1.0825569096548315E-013  1.7657396560981715E-015  6.0453160341104724E-013  4.8322487294353281E-016 -2.1366446926138830E-015 -1.2840453423582435E-015  6.4011153783744837E-015 -1.1586737093206422E-013  3.9451034404953442E-015  3.3337449046268377E-013 -5.2041766282623768E-015 -5.2124535307060961E-013  1.1871701455037090E-010 -8.4242783474574579E-018  1.2847528074949678E-017  1.2297909220068199E-017 -1.2812904252560658E-017  7.9560311743183684E-019 -4.8379278714287315E-018  3.8216441556678343E-017 -2.7182830271073136E-018  1.7262978198871424E-017 -2.5774984522586079E-018 -3.3394100649711732E-002  4.3904137783814481E-014 -3.0733716866219154E-013 -3.3394100640149561E-002  4.4622760230636396E-013  6.6788201290613788E-002 -1.3042828675405300E-010  4.3663006056754537E-014 -8.1746836195980370E-017  5.4952094444671616E-016  1.7747979795263649E-014 -2.5825731956844232E-016 -8.2340709656706759E-014 -5.4999849189073240E-017  2.3607080486102032E-016  1.5374730664551839E-016 -7.2291886364839011E-016  2.1947929155404829E-014 -5.7632508562681550E-016 -5.1283341109771252E-014  7.8528931266239472E-016  7.3691746288240410E-014 -8.1364908168078901E-017 -3.0351248207269407E-015  4.0066414981078158E-015 -5.5770671802451728E-018  2.6978169347841793E-017 -3.2290123486406923E-017 -2.3158932758158032E-018 -8.5616510205798142E-019 -9.3590114452977396E-019  5.4637411725288563E-017 -2.8710855406720889E-017  2.5308214336686458E-017 -6.6703713796476222E-017  8.3041160372553904E-011 -2.5560864682299884E-011  1.0535110627677777E-011 -3.6701310528551512E-012 -2.3189131563115925E-012
-1.4121007588884369E-005 -1.5105936230316010E-016  4.8716264231097426E-016  1.1781261733945163E-016 -1.4235884647804662E-016 -4.1911301472874374E-016  1.2140839952257729E-016  1.1020529721129375E-016 -8.4836680331872287E-017  4.8588648872120106E-017  4.8856175660504684E-005 -8.4796106602023808E-017  2.4773373380521328E-017 -2.0999638832591880E-016 -4.7917010705023040E-016 -1.1708312987756487E-015  2.6118378601142977E-016  4.0131017793498434E-016 -1.9782675665107537E-016  1.0981305693251430E-016 -7.5876569476773757E-017 -2.6651665141634363E-005  9.9933158330531785E-016 -2.9921150401672629E-015 -2.4603560498071071E-014  9.6136695472236468E-017 -3.0970355887745594E-016  3.4174676692672617E-015  2.1205553992195836E-016  2.9595050132281608E-014 -5.6271900411610170E-017  8.1532598024160629E-017 -1.6731859559631478E-017  1.6676426916156349E-016 -6.9378816545053307E-016 -1.8264604977998200E-015  4.6237537136966189E-016  5.3689799993812468E-016 -3.2727370275641555E-016  1.7376462885685884E-016  1.1244395780367934E-003 -3.0351247015971261E-015  1.1921464586200376E-015  4.6119029927567140E-014 -1.7071515843404082E-016  5.7964738533004179E-016 -6.6619700093057902E-015 -3.4304596507344025E-016 -5.3103739628474027E-014  1.0028805215402491E-016 -1.6003188884971154E-016  3.8684913107699816E-017 -3.4133577833081560E-016 -4.9137413491155534E-015 -8.6216846421204170E-016 -2.1630189296645258E-015  5.2204520269553382E-016  6.6092753759921279E-016 -3.7027128347714328E-016  1.8799674610862108E-016  9.8452181643289820E-003 -1.9675946870479883E-014 -1.1209887776831171E-014  5.1231583570488414E-018  1.9879836534629849E-018  6.8122907100561427E-019 -1.2486576926934318E-018 -1.6575676375717101E-018  4.5879754003440371E-018  1.8822646864731625E-018  3.4587286670446912E-018 -2.5205899325892123E-018 -3.4680872221963391E-018  5.2473604529472846E-018  1.8728862251743070E-018  2.7628434228162717E-018 -1.2847031385935121E-019  2.5430644363362228E-018 -8.0400551738490930E-015  2.7982853591381747E-014 -1.0528271439738668E-016  3.5740592855839118E-016 -5.1700806351867980E-015 -2.2133577938327393E-016 -3.1556045443031213E-014  5.9906534913318045E-017 -9.1326255269636965E-017  2.6867185467808378E-017 -2.0665946373449944E-016 -1.5905344421449351E-015 -4.0372013260765726E-015  9.9157871911799855E-016  1.2200111651680716E-015 -7.1133013549107325E-016  3.6199043936677249E-016 -2.6744936079952614E-015 -4.1451065425110763E-019 -1.5645479612175182E-018 -2.8391108778895332E-019  1.6846119278177916E-018  7.0795368434287840E-019 -2.5304184774927625E-018 -1.1901762493523713E-018 -1.5557241890791090E-018  1.0612484395839128E-018  1.1482740974352089E-018 -9.4010814491450465E-019 -8.4935712048326607E-019  8.7299139971328987E-019 -5.4774615917221159E-020  5.6042397875072117E-019 -3.7788570306068327E-003  3.1075259989360463E-014 -1.3195927393192043E-014 -3.9578684623388275E-015  2.1898813478725951E-017 -6.1120458539979304E-017  8.2964009820072797E-016  3.9772122447589385E-017  4.3463775572981276E-015 -1.0904389820080064E-017  1.4654264334604853E-017 -4.2830186660704597E-018  3.5088771151490150E-017  2.2139967232438508E-015  5.1677713229888199E-016 -2.1158455302691494E-015  1.9251700740699943E-016 -2.8259033930254635E-014
-1.2512545290848441E-016 -1.4121007613587313E-005 -4.8630861789402750E-016  1.1331128707959813E-016 -3.2450848823267655E-016 -1.1399184473335722E-016 -2.7626691267808896E-016  6.7700393440860583E-017 -1.1095637993737245E-016  2.7868636054890225E-016 -8.4796106602023808E-017  4.8856175627377449E-005  3.8780176886128310E-017 -4.5096305549813783E-016 -7.8679737567986642E-016 -3.4040580145728248E-016 -8.3481645916178684E-016  1.1267949439748708E-016 -1.7819304646009053E-016  7.8257659958363843E-016  4.3593203331059855E-016  1.0387516088993825E-015 -2.6651664900206026E-005  2.6575833110435481E-015 -5.8462020566220197E-017 -1.8335235703547290E-014 -8.1874063088980311E-017  1.0932517237689975E-016 -2.6375660046077005E-016 -2.1507415989708371E-017 -4.3319955942969382E-015  2.8001781160000596E-016  2.4234322152679903E-014 -1.4061303446455329E-016 -1.2982584719562433E-015 -5.0728329374760170E-016 -1.2397173150068890E-015  2.1979244970519092E-016 -3.8949195343780883E-016  1.1984632598640516E-015 -4.5115469674996790E-016  1.1244395774761013E-003 -2.1975750359077223E-015  9.1056035287224594E-017  3.1634406528426949E-014  1.2567026096401019E-016 -1.6787697528437117E-016  4.3061709394909810E-016  4.7642490811651107E-017  9.3741762309607106E-015 -4.6764989253036487E-016 -4.2223116911701583E-014  2.7357769513215523E-016  4.4401207855264857E-015 -1.5024269890543901E-015 -5.9955206875988144E-016 -1.4935188416534622E-015  2.3293454897627375E-016 -4.0109255994387788E-016  1.4380346619384890E-015  3.2120468900193874E-015  9.8452181610511440E-003  7.3837557352151451E-016  2.6681635139157518E-017 -5.2357946413384118E-018  9.0359151095867327E-020  1.6017697124027405E-017 -4.7274677330529933E-019  1.8108675916732729E-017 -1.5444960458129183E-018 -6.9038761621853982E-019 -6.9423409742442839E-019 -1.1821266763020836E-018  3.2527839347799148E-017  1.3453942305207957E-018  1.7105499431708026E-017  2.1889258024815772E-018  2.0345227784314416E-017  8.8020501726252686E-015  8.4603755120970438E-017  2.1698460253478769E-014  9.4116543979065234E-017 -1.3459590851210031E-016  3.1335875404054206E-016  2.2806722119680534E-017  3.2060717221550455E-015 -2.9700275374245153E-016 -2.5014259834460529E-014  1.5098533474129759E-016 -2.7195681531882067E-015 -1.1357737105916366E-015 -2.7847495439840440E-015  5.6927909730263846E-016 -7.8327077493172031E-016  2.7830359962865417E-015  2.1145617038658183E-015  1.9583741908035150E-018 -4.8999848432198901E-019 -7.4538158508482468E-019  2.4044866559263038E-018  1.7481346275965216E-019 -6.2979683187084760E-019 -1.7160641280009623E-018  1.8093500073682018E-019 -7.0974095098491688E-019  5.6803041191608986E-019  4.5178448003079696E-018  3.5078208889669728E-020 -1.4354612090523996E-019 -5.7493808771093876E-019  1.9518745619343430E-018 -9.2720308345662203E-015 -3.7788570284463677E-003  2.4084106952924642E-014  1.6094688531409732E-018 -1.6324652735384888E-015 -6.1934178459896865E-018  4.5336710806725110E-018 -1.4740640153966512E-017 -3.5712761489236282E-018 -9.6420423672785229E-016  6.2283283826344071E-017  3.0840266770048765E-015 -4.6671143574696574E-017 -3.9114541574294937E-015 -2.3821803138242398E-015  9.7536707790123201E-017  4.1314745828961652E-016  2.4990843969695695E-015
