 6.0996845581128375E-008 -5.6624011825093910E-018 -7.0169700839517790E-018 -6.7607277466764879E-018 -1.0290114345668920E-006  5.0867992457707853E-017  5.7733104530589883E-017  2.9898843036367565E-017 -1.2966875832208579E-017  6.3150835170537120E-017  1.4842289181144638E-016 -7.0444364774573599E-017 -2.0328017858138302E-016  8.3460512149061074E-017  1.5212474171019995E-017  3.9971000232850550E-019  4.9779690200317134E-019  1.6119262804156521E-017 -6.4040057305782652E-019 -2.9507967817292060E-018 -1.1073406884180513E-018 -4.0502237145700127E-019 -3.2512181250459406E-019 -3.9199961905529199E-019 -1.4984888378895968E-016 -2.3943297792995104E-017  1.2961368059667484E-016  3.0258720489774273E-016 -1.4511080980922627E-016 -4.1773217119130391E-016  1.6994689309560605E-016 -2.6743314169281544E-005  1.0573810931148538E-015  1.2104793530105137E-015  1.3511023646778467E-016 -2.2068567421958993E-018 -1.1067554101793547E-018  9.1535301255504807E-017  1.6335601840780680E-018 -1.0593710535947296E-016 -4.1169987873349507E-020  6.6300692505526445E-019 -2.3760167243067082E-019  8.0066770030751645E-019 -8.3368240317923946E-005  3.3665489673492361E-015  3.8645217294731928E-015 -3.3692817397522146E-017  1.7798385958205565E-016  4.1638212293133542E-016 -1.9629386502686434E-016 -5.7240951629744797E-016  2.3677277751546591E-016 -9.7924684642157448E-019 -7.8175860916455078E-020 -1.7910658832637396E-019 -5.9635514648155558E-019 -1.1693275825662605E-019 -4.0107672929919218E-019  9.8425093186328088E-020  6.6335186947724948E-020 -5.4300185676993884E-020  1.5063720597736966E-019 -6.7928338205656345E-019 -1.3006670653217108E-019 -5.7899821293821838E-019  2.2064041994826890E-019 -7.6189153848155976E-019 -1.8609129808484368E-015 -2.5798498613599941E-004  1.0364147970734914E-014  1.1896070344877544E-014 -1.8489686749314749E-016  1.1778707953585327E-018  1.1889666037103160E-018 -2.1172086628390971E-016 -1.1825192338013517E-018  4.7052699962256982E-016 -1.0659667701958722E-018 -2.5249402123616392E-019 -4.3343326642113938E-019 -5.8896087989934251E-019 -4.6725579176009631E-017  2.3349872893523295E-016  5.4647294702954322E-016 -2.6211716404648674E-016 -7.5241813701493322E-016  3.0621208323505307E-016 -2.8303661465109295E-015  8.2823017314519816E-020  2.2648605237814687E-020  1.2909152969205740E-020  8.9276002382688963E-020  8.7345440659230745E-020  1.0797920561489699E-020 -1.6672998160059335E-020 -2.1705406950443476E-020 -2.4817581209003519E-022 -1.1445377875244756E-020  1.0211378030019953E-020 -1.7557942788605321E-020  7.0590085876661989E-020 -9.1256453465497251E-020  8.1214165063184003E-020 -2.7765429292166107E-017 -5.4492962107698409E-019 -4.5631057895619573E-019 -3.8638857633737740E-017  4.9287951602998089E-019  8.5646870099617052E-017  1.8456608224425009E-019  1.3799092085987898E-019  8.5300626557559574E-020  3.5797225277923223E-019  9.3039175949614113E-016  1.4095872567963503E-015
-5.6624011825093910E-018  6.0996843586322228E-008  1.1221352448361711E-017  5.5861689923532177E-018  6.0415524060224329E-017 -1.0290114157849245E-006 -1.0480808416564172E-016 -2.3788675449772591E-017  1.5729757930784309E-017  2.5449494564754868E-017 -4.9358197503254797E-016  2.0298808239241788E-016  2.1401327751582828E-017 -2.1920259888417296E-016  1.9296062094204822E-019  6.1114253351246384E-018  1.4585957266680767E-019  9.3543719824179982E-019  3.5247119135645478E-019  1.6184406788242397E-019  2.4477697508739378E-017 -1.0915932784094967E-018 -7.9091730871759774E-018 -1.4512403775383337E-020  1.6765142432030562E-016  2.1865767270633832E-017  5.0023510235624537E-017 -1.0100917801761147E-015  4.0349475283321525E-016  4.3832218825038467E-017 -4.5887538009772204E-016  1.3818231251267781E-015 -2.6743313733972945E-005 -2.3912757764774860E-015  3.5983956772474927E-018  4.6956526111061201E-017 -9.7646097378684308E-019 -7.1118388766432462E-019 -1.0790071989911655E-018  1.6123628835531491E-018  1.7866088918187863E-016  2.0499464691128764E-018 -1.1331129684296288E-016 -1.3767020680010844E-018  4.4078467694595062E-015 -8.3368238953155879E-005 -7.5702145309351650E-015  8.2671519258737211E-018  7.0399644569632259E-017 -1.3875939575918662E-015  5.3433177111150188E-016  5.9927775058083114E-017 -6.5283138989811797E-016  1.0641369096394902E-017 -1.1560082222491084E-019  6.5976656511916106E-020  6.1387980583827584E-018  1.6047738283476161E-020  5.8714480035461038E-018 -2.2362816032428350E-019 -1.7841514783111546E-020 -1.7282918105753476E-020 -3.6038438423759084E-021  1.0397076590982434E-017 -4.4973325811528472E-020  6.1420987676769293E-018 -5.9565865999273672E-020  1.0431122080299356E-017  1.4965538634796090E-015  1.3576398834065801E-014 -2.5798498191798486E-004 -2.3346563460615816E-014 -3.0956398010808161E-020 -3.5445218077455550E-017  4.6117757479577682E-019  1.7425905448739765E-018  8.9498293113098300E-019 -3.8769867582203527E-020 -3.6043026021979284E-016 -1.5696564836404636E-018  5.1945945390825789E-016  7.9151038548348334E-019  5.8114375155465821E-017  9.1416528195402013E-017 -1.8217474305522679E-015  7.4748591329254340E-016  7.8744889673764914E-017 -8.0962805762366544E-016  2.1490354120201808E-015 -7.9412937179663509E-019 -8.9896506858220834E-020 -6.8504067262829677E-020 -4.3678348973175035E-019 -4.5797167048496279E-021 -3.3885965421904398E-019  3.4264742982343228E-021  3.9127550267341040E-020 -4.0606835731796535E-020 -4.6054813568630471E-021 -5.9424298729750063E-019 -2.2601900560075602E-020 -4.8022521827472750E-019 -4.7501651145824824E-020 -9.1081412469030106E-019  6.2791042028372257E-019  1.6930737356176707E-018 -5.8694951057945018E-020 -2.8745659062962474E-019 -2.8478676519712823E-019  3.1453088210121488E-019 -7.1671727040057902E-017  7.0457476761927408E-019  9.3652149114676294E-017 -1.5362147880154077E-019 -7.2062400362084970E-016 -1.0917101841747232E-015
-7.0169700839517790E-018  1.1221352448361711E-017  6.0996852673777883E-008  6.8091650150635302E-018  7.7408517239324407E-017 -1.1007801521458962E-016 -1.0290115012209514E-006 -2.3208634707703980E-017  1.6813632993084404E-016  1.8584588742571319E-017 -7.2723205008233024E-017  1.3093211931577176E-016 -1.1580667294952678E-016 -2.9723847425102390E-016  2.1007337806796739E-019  3.8581251908687259E-019  2.1727489613987032E-018  1.2974980854707363E-019  4.0369299719908264E-019  1.2611947740243340E-018  1.6176314904427905E-018  7.1117524667530876E-018 -7.1875640961700214E-019  1.9161398657174146E-017  5.8127154637032810E-017  3.3994967936300916E-016  3.8612996857916061E-017 -1.4965959065010316E-016  2.6831172481293421E-016 -2.3797781019382216E-016 -6.1316414197291088E-016  1.8240600608221188E-015 -2.4770277450738760E-015 -2.6743315717858732E-005  5.1150547617607734E-019  9.6315282138316624E-019  1.4089240637929481E-016  2.1748178333519273E-019 -1.2958656356523867E-018 -1.9616415519234216E-018  1.0011277051237709E-018  1.7996865862638556E-016  3.6004138380231039E-018 -1.0326109785512336E-016  5.7629065617658330E-015 -7.8130068350304541E-015 -8.3368245169748942E-005  4.5850435678688676E-016  5.2047684330680063E-017 -2.0506514581919119E-016  3.5736758653127168E-016 -3.2550528716924891E-016 -8.5144354294589785E-016  3.8967550535203863E-018 -8.9691047613382077E-021  4.4707645255055480E-020  2.4493293510659099E-018 -1.8368849728900233E-020  2.0843907561791534E-018  6.7713226976803947E-020 -3.6499673440960457E-020  4.6569281485318804E-020 -1.1043151483463685E-019  3.4335598902693185E-018  1.1514236184257087E-023  2.3509028874328965E-018 -1.3437915607514619E-019  3.9853127070420049E-018  4.6125244543818384E-016  1.7774754480351389E-014 -2.4104540299460207E-014 -2.5798500113344850E-004 -1.7361784637559630E-018  5.5639096864580990E-019 -3.0542105346459244E-016 -6.7684287400306056E-019  1.0582206162354611E-018  9.3542305269198900E-019  1.5251608959217932E-018 -4.3251222093809021E-016 -1.5888432337300913E-018  5.5726687077507413E-016  6.1734357030509929E-016  6.9064953993579185E-017 -2.6935573088083877E-016  4.8523027961607219E-016 -4.2848238951197887E-016 -1.1018797009048721E-015  6.6673852806051460E-016 -2.0860319280910720E-019  4.9051360551720285E-020 -3.8684504571952330E-021 -1.7445832388752191E-019 -4.8977621198136790E-020 -7.9007047181456550E-020 -1.3880943541216144E-020  2.0981366250502391E-020 -1.3584481458402922E-021 -2.0005464759770559E-020 -3.6696785061275384E-020 -3.2526801763975172E-020 -2.2785864834818558E-019 -4.9489899468343670E-021 -1.9574949096892098E-019 -3.6159702330657582E-019  6.5184329712672482E-020 -6.2859490550355016E-017 -1.7201844621448680E-019 -2.7354600814081503E-019 -6.6707401346339815E-019 -2.6572543481388501E-019 -9.5235017221989066E-017  8.1709868635829547E-019  1.2399265812113220E-016 -2.2310947843951676E-016 -3.3799192670792320E-016
-6.7607277466764879E-018  5.5861689923532177E-018  6.8091650150635302E-018  6.2880044322786456E-006  2.0249367825932744E-017 -2.1872562027682878E-017 -9.6534220827049186E-017 -2.8937682857508773E-005 -1.0121013885823677E-011  4.2309849939316143E-014  3.0114552063462552E-014 -2.1029319652729677E-011 -3.8219263317911576E-014  3.1150604003042180E-011  4.8840086613520465E-019  1.1652364841235676E-019  3.2794062402498091E-018  2.3608519683232178E-018  2.2236711757424235E-018 -1.6275613329151066E-018  4.1072421627402971E-018 -1.0911056898906055E-018 -2.0690086668871996E-018  5.7090303000263520E-018  1.4678618430806438E-004 -2.0756879438041506E-011  8.6440625798007934E-014  6.1473558406441768E-014 -4.3130962540103080E-011 -7.8000456501280225E-014  6.3892135038207676E-011  2.2138073022997650E-016 -3.0169070775089361E-016 -2.2983718724296580E-015 -3.5438440996277699E-017  5.3453232394373506E-018 -3.1188174630822220E-018 -1.8132341393505523E-017 -7.6434017696901514E-019 -1.2416215027408241E-017 -7.4265796895597316E-019  6.8846756039861300E-019  9.6821650605869520E-019 -5.4384207707518672E-018  6.4561056346774463E-016 -9.4188529290388876E-016 -7.2487657441342737E-015 -2.8447102217715721E-011  1.1882777146866680E-013  8.4554064306882181E-014 -5.9114775059757285E-011 -1.0730040401229234E-013  8.7576430044497926E-011 -1.0595845561740446E-015  1.2319434077562205E-019 -4.9051956538428905E-019 -9.6240436807545216E-016  4.5909516650634505E-019 -1.0023850161750359E-015 -1.5752822794617378E-019 -1.0043803140201643E-018 -3.7452129075776895E-019  1.8483058252432906E-019 -1.1405109991901064E-015  3.0120870651167650E-019 -7.0767982319462400E-016  2.9837460647614358E-019 -1.3339121801394326E-015  1.8469785202099374E-003  1.8504114435967286E-015 -2.9168765829562046E-015 -2.2374894110538670E-014 -2.8230414118656165E-017 -1.3501589547032659E-018 -1.6016503863257450E-018 -1.0297563587916297E-017  1.1735610561366461E-018 -1.4527657551864938E-017  1.1352739731596591E-018 -1.6165536611662943E-018 -2.8824713339947978E-019 -1.8673482023959291E-018 -3.7404929671601313E-011  1.5600453605707103E-013  1.1097609750946764E-013 -7.7721181892271230E-011 -1.4081909749300003E-013  1.1512555389625052E-010  2.8176137733506921E-003  1.4955794053172953E-016  8.3694874633560107E-020 -1.2642936011097292E-019  4.1983821159156155E-017 -1.0765846217892226E-019  1.3610053574331896E-016  3.1584304867163065E-019  1.9443835322617830E-019  2.7045765251044510E-020 -6.1125700748761943E-019  1.3806262988564900E-016  3.5789312001098428E-019  1.5237604002291623E-016  4.4163613676693884E-019  3.2048507437883831E-017 -1.5047586988082544E-017  1.1560746912926028E-018 -1.8396236710789468E-019 -8.1618295202445784E-018 -5.2528182669100990E-019 -6.6073283536801135E-018  1.6868610243026513E-018 -8.7996029972616657E-019 -5.7517540190537634E-019 -1.9592332583405977E-018 -9.2530544898558316E-004 -1.4018915777593516E-003
-1.0290114345668920E-006  6.0415524060224329E-017  7.7408517239324407E-017  2.0249367825932744E-017  1.7359332640588415E-005 -2.6585808874059529E-016 -2.8284017173489618E-016 -7.2702799926040843E-017  7.5476755112161435E-016  1.7060816153218100E-016  3.5297025991897094E-017 -1.7486571681146029E-016  1.3549667464088142E-016 -5.8073304091442381E-016 -2.5663310489113673E-016 -6.7430726821795146E-018 -8.3977900737420429E-018 -2.7193054959285766E-016  1.0803501493723717E-017  4.9779682875369558E-017  1.8680740267090940E-017  6.8326918754855529E-018  5.4847764636931516E-018  6.6129991759402300E-018  3.3820300692881600E-016  1.5015945705413662E-015  3.4446006277479582E-016  9.5188195223257538E-017 -3.4371119713094908E-016  3.0191408674602949E-016 -1.1729445863926924E-015  4.5115736422474215E-004 -2.4449554190870633E-015 -2.4591391702950258E-015 -2.2792978379117670E-015  3.7229479636870850E-017  1.8670866595753517E-017 -1.5441925030882166E-015 -2.7558017014863751E-017  1.7871496750575521E-015  6.9453398060006559E-019 -1.1184868791596225E-017  4.0083194352443113E-018 -1.3507193802814713E-017  1.4064149014519803E-003 -8.8081253633826473E-015 -9.2017511251440419E-015  2.0757696899381630E-015  4.7315546078031292E-016  1.1628269498233696E-016 -5.2225362289455262E-016  3.9369524366228496E-016 -1.6679968960006441E-015  1.6519808399294264E-017  1.3188199179512605E-018  3.0215124661236724E-018  1.0060459015375869E-017  1.9726453599240440E-018  6.7661292447847609E-018 -1.6604226773017884E-018 -1.1190687619978902E-018  9.1603935232280509E-019 -2.5412365010017338E-018  1.1459451051473440E-017  2.1942138711575974E-018  9.7676490929081620E-018 -3.7221844587427395E-018  1.2853043407781204E-017  3.8404872151199967E-015  4.3521840867564027E-003 -2.6350746939606261E-014 -2.7415891134837561E-014  3.1191939362354743E-015 -1.9870576979806520E-017 -2.0057762108556275E-017  3.5717124429452739E-015  1.9948995747371664E-017 -7.9377492109837492E-015  1.7982766117445785E-017  4.2595522819571842E-018  7.3119808876334240E-018  9.9357180080249979E-018  2.7677207942173488E-015  6.2517569372311692E-016  1.5800590095392719E-016 -6.1248806831602432E-016  5.2943931390080418E-016 -2.1108537226502536E-015  5.7152843838121585E-015 -1.3972170379989627E-018 -3.8207998381213277E-019 -2.1777628048498667E-019 -1.5060783293682130E-018 -1.4735099211072408E-018 -1.8215997394570320E-019  2.8127201557846319E-019  3.6616830957115214E-019  4.1867055777252038E-021  1.9308252473609474E-019 -1.7226505129726038E-019  2.9620095959135799E-019 -1.1908485604926615E-018  1.5394883599699675E-018 -1.3700758389700332E-018  4.6840035669228050E-016  9.1929149075847202E-018  7.6979194835986529E-018  6.5183413904348311E-016 -8.3148342017526774E-018 -1.4448551859969524E-015 -3.1136135767264529E-018 -2.3278946673542589E-018 -1.4390141422722367E-018 -6.0389605877259749E-018 -1.8920579662508642E-015 -2.8664028116679806E-015
 5.0867992457707853E-017 -1.0290114157849245E-006 -1.1007801521458962E-016 -2.1872562027682878E-017 -2.6585808874059529E-016  1.7359332574597874E-005  4.3158078516427098E-016  6.8282973196885521E-017  9.3417246129478768E-016 -3.0307661075141294E-016  2.3647234663743598E-015 -1.5414351100111301E-016  7.9723461064225209E-016 -7.7185111575574867E-016 -3.2552288074926119E-018 -1.0309921082469457E-016 -2.4606382297702391E-018 -1.5780743721373655E-017 -5.9461581658028395E-018 -2.7302952645903438E-018 -4.1293661585602460E-016  1.8415083132438770E-017  1.3342705814872708E-016  2.4482300750574764E-019 -1.1389731358500993E-015  2.0875654327143924E-015 -5.8534510827659937E-016  4.8310708878369912E-015 -1.1000662419333723E-016  1.6325019335416144E-015 -1.4121660520854877E-015 -3.7322666220194831E-015  4.5115736340079642E-004  5.6052956588042073E-015 -6.0704620415013201E-017 -7.9215248810900112E-016  1.6472811398428828E-017  1.1997609909235639E-017  1.8202757061173382E-017 -2.7200420734074693E-017 -3.0139935726702481E-015 -3.4582417387850149E-017  1.9115516661791689E-015  2.3224843329230192E-017 -1.3325513626947981E-014  1.4064148987525552E-003  1.9426753955307066E-014  3.2338276570639709E-015 -8.3258716178309396E-016  6.6425122189767452E-015  1.8237744875303308E-016  2.2462900522078320E-015 -1.5565930325023474E-015 -1.7951896577152011E-016  1.9501757593738374E-018 -1.1130204983950243E-018 -1.0356098623757682E-016 -2.7072393567155812E-019 -9.9050814260504510E-017  3.7725875046588340E-018  3.0098473951260700E-019  2.9156131499701383E-019  6.0796646324099452E-020 -1.7539777254725914E-016  7.5869609347695916E-019 -1.0361666902239183E-016  1.0048709232845780E-018 -1.7597211693746106E-016 -3.9907435831547265E-015 -4.0160035711784780E-014  4.3521840784922512E-003  5.8772961563842095E-014  5.2223185929824498E-019  5.9795772850220841E-016 -7.7800257442917728E-018 -2.9397349910175426E-017 -1.5098283759974134E-017  6.5404393135552531E-019  6.0804269623525535E-015  2.6479967016380080E-017 -8.7632355492729921E-015 -1.3352710243959154E-017  3.4493796874765074E-015 -1.0759436688994377E-015  8.7157332694362780E-015 -5.3329154324817615E-016  2.9489790738846921E-015 -2.8481400305623980E-015 -3.8274750360120057E-015  1.3396893034381415E-017  1.5165462073123353E-018  1.1556576278205379E-018  7.3684992630275784E-018  7.7259419673553354E-020  5.7165327293173568E-018 -5.7804321789835459E-020 -6.6007834631016948E-019  6.8503376696589793E-019  7.7694058439592702E-020  1.0024827210649578E-017  3.8129208369516335E-019  8.1013574327965364E-018  8.0134870170698656E-019  1.5365354604179638E-017 -1.0592793845984792E-017 -2.8562005822780592E-017  9.9017860885850840E-019  4.8493675674583489E-018  4.8043278172853592E-018 -5.3061085320735432E-018  1.2090957658955796E-015 -1.1886114822988917E-017 -1.5799035636221176E-015  2.5915810705335086E-018  1.5079676671173511E-015  2.2833580923294187E-015
 5.7733104530589883E-017 -1.0480808416564172E-016 -1.0290115012209514E-006 -9.6534220827049186E-017 -2.8284017173489618E-016  4.3158078516427098E-016  1.7359332870959662E-005  3.0714545156150175E-016  3.4636207596581206E-016 -3.0922621402202153E-017  4.4846618555776160E-016 -4.2674607399097161E-016  2.2866983707261139E-016  4.9512481968697582E-017 -3.5439192936272385E-018 -6.5086230118984026E-018 -3.6654082506860021E-017 -2.1888677910958756E-018 -6.8102651006186631E-018 -2.1276244112157933E-017 -2.7289299911430329E-017 -1.1997463412303887E-016  1.2125356948766783E-017 -3.2325109794011544E-016 -5.5257206557154663E-016  7.8292998281007104E-016 -7.2685416656827553E-017  9.3077824776135892E-016 -8.7702262626314264E-016  4.8220018793095056E-016  1.7680139565235844E-016 -4.1837500840752461E-015  4.7413877190511517E-015  4.5115736711264740E-004 -8.6290522012668191E-018 -1.6248302708937101E-017 -2.3768424147126098E-015 -3.6688985114837515E-018  2.1861138476518309E-017  3.3092719317000736E-017 -1.6888935453447145E-017 -3.0360553285619270E-015 -6.0738662662757507E-017  1.7420055734633864E-015 -1.4335708741904987E-014  1.6319891565618710E-014  1.4064149108657025E-003  1.2156815212488692E-015 -8.3325606313673529E-017  1.2705245210713671E-015 -1.0172753500751975E-015  6.4030458614740907E-016  4.0168356283188670E-016 -6.5737912466510047E-017  1.5130800301382940E-019 -7.5421402457691326E-019 -4.1319969119828727E-017  3.0988086007957067E-019 -3.5163487455318310E-017 -1.1423161385984878E-018  6.1574625049317132E-019 -7.8561965712988013E-019  1.8629698877929522E-018 -5.7923851092835374E-017 -1.9427500356830477E-022 -3.9659523501853960E-017  2.2669644963475782E-018 -6.7231872173677696E-017 -2.3955063731534285E-015 -4.3371997379896621E-014  4.9270893100124105E-014  4.3521841156067094E-003  2.9289177068321142E-017 -9.3862664036381468E-018  5.1524261163257990E-015  1.1418279539343591E-017 -1.7852088051357067E-017 -1.5780504502735599E-017 -2.5729329706567062E-017  7.2964428532739978E-015  2.6803645325877943E-017 -9.4010427446755136E-015  1.3392887610310112E-015 -1.2151161427431875E-016  1.6695649220052473E-015 -1.6047780922238742E-015  8.5826965512133214E-016  2.5377909877054141E-016 -3.0316701068362672E-015  3.5191173769243351E-018 -8.2749210749231768E-019  6.5260417090691045E-020  2.9430964654143904E-018  8.2624813149280152E-019  1.3328418913894168E-018  2.3417028770917392E-019 -3.5395378940923325E-019  2.2916900146426168E-020  3.3749041712164641E-019  6.1907150690442755E-019  5.4872426690719839E-019  3.8439552165959111E-018  8.3489019192828432E-020  3.3022765615648695E-018  6.1001097795754028E-018 -1.0996538650334522E-018  1.0604340371980237E-015  2.9019359873951253E-018  4.6146969244693722E-018  1.1253479429831052E-017  4.4827644466427789E-018  1.6066063041738104E-015 -1.3784382326811362E-017 -2.0917451586561666E-015  1.0656503774704745E-015  1.6139839754937852E-015
 2.9898843036367565E-017 -2.3788675449772591E-017 -2.3208634707703980E-017 -2.8937682857508773E-005 -7.2702799926040843E-017  6.8282973196885521E-017  3.0714545156150175E-016  1.3317253481297370E-004  1.5878859435220040E-013 -2.4724554914838576E-014 -1.0205373429016189E-014  1.6817440858389127E-012  1.2662481355787728E-014 -1.8417773704522365E-012 -2.2476422875246673E-018 -5.3624554038445033E-019 -1.5091976602143364E-017 -1.0864747691965546E-017 -1.0233436028756689E-017  7.4901121217105636E-018 -1.8901713677724243E-017  5.0213179791816003E-018  9.5216733384818473E-018 -2.6273217026186218E-017 -6.7551670726659330E-004  4.6670132318669830E-013 -4.9698432227326291E-014 -1.9997087647556266E-014  3.7498255483009995E-012  2.4705854120243961E-014 -4.2362837266781264E-012 -4.8639428004399893E-016  5.4697561400010970E-016  7.0138303100082442E-015  1.6308932850375877E-016 -2.4599421168707170E-017  1.4352940261981538E-017  8.3445865042713167E-017  3.5175282923367824E-018  5.7139990718976893E-017  3.4177462541528709E-018 -3.1683588784679168E-018 -4.4557763815052039E-018  2.5027860723455104E-017 -1.3114216857926786E-015  1.7116031815548589E-015  2.2250846093068165E-014  3.7771019648978897E-013 -6.8816833275983366E-014 -2.8085765809273781E-014  4.6219237199207426E-012  3.4786079085563244E-014 -5.0666063982766483E-012  4.8762542167083788E-015 -5.6694532702677821E-019  2.2573967237619124E-018  4.4290274063303356E-015 -2.1127781782440483E-018  4.6130222730353109E-015  7.2495538454462426E-019  4.6222062262851336E-018  1.7235596852137499E-018 -8.5060337084963331E-019  5.2486806263109281E-015 -1.3861815965688907E-018  3.2567768666038081E-015 -1.3731273751377775E-018  6.1387203798937629E-015 -8.4998792920853682E-003 -3.3796736443319102E-015  5.3066764007813584E-015  6.8595372989725067E-014  1.2991765686152567E-016  6.2134932725520449E-018  7.3708680310547576E-018  4.7389858914265991E-017 -5.4007814386497862E-018  6.6856944052361977E-017 -5.2245823718593466E-018  7.4394534885142406E-018  1.3265265206422704E-018  8.5936215264529033E-018  7.1955729407540567E-013 -9.0192171357502068E-014 -3.6609572495629514E-014  6.4949207025996376E-012  4.5283213785755753E-014 -7.2119115846611224E-012 -1.2966786945890334E-002 -6.8827229555878915E-016 -3.8516732477459894E-019  5.8183370837034233E-019 -1.9321137359964273E-016  4.9544905430432039E-019 -6.2634093804192532E-016 -1.4535237414390449E-018 -8.9481412937619440E-019 -1.2446578668780072E-019  2.8130325139110327E-018 -6.3537030394068420E-016 -1.6470406914752298E-018 -7.0124164068844614E-016 -2.0324297512699734E-018 -1.4748842081872488E-016  6.9249683531095461E-017 -5.3203082977836473E-018  8.4660313862503136E-019  3.7561112486751676E-017  2.4173708793942331E-018  3.0407227242855754E-017 -7.7630110469744716E-018  4.0496173527174283E-018  2.6469835173329040E-018  9.0164806546260967E-018  4.2582978300106794E-003  6.4515689062757320E-003
-1.2966875832208579E-017  1.5729757930784309E-017  1.6813632993084404E-016 -1.0121013885823677E-011  7.5476755112161435E-016  9.3417246129478768E-016  3.4636207596581206E-016  1.5878859435220040E-013  3.3805395366874540E-002 -4.7845018883005142E-016  9.8973660738078951E-016 -1.6902697674754212E-002 -4.8844915651694973E-015 -1.6902697692099733E-002 -4.4801475556280018E-016 -2.8479922892610452E-016 -1.1741712538249693E-016 -1.9649419035925300E-016 -6.1134096743461286E-017 -2.4931574598408944E-016 -4.8601861407461341E-016 -8.9376601738327684E-017 -4.8034128217959990E-016 -2.6326734220532616E-016 -1.3468349629869167E-011  6.9227736397887166E-002  9.5309119057848734E-016  1.4277918689694727E-015 -3.4613868193333994E-002 -5.8785802605777729E-016 -3.4613868204810619E-002  2.4147121088893223E-015  5.6563905546464036E-015  1.6966655821308833E-015 -1.0736891716115190E-015 -1.1583559762252289E-015 -4.3697980578165455E-016 -4.8602011596027558E-016  2.8424823035865215E-017 -4.6272664317457088E-016 -2.6195363526765863E-015 -4.9793126631875017E-016 -1.0588759727248408E-015 -1.0331633602861954E-015  9.6256566591411136E-018 -1.1464297095257033E-015 -1.9702592326703485E-015  9.5066676457585417E-002 -7.0628052220203157E-016  7.3721818597655202E-016 -4.7533338215814264E-002 -8.5111117954984142E-015 -4.7533338243140801E-002  3.4691518597802008E-013 -8.6846426167924213E-016 -5.7263458446599605E-016  2.7846719271856663E-013  3.8259794972385793E-016 -4.9712134519659245E-013  4.7525275386350937E-016  2.0555971728790267E-016  2.1761426766953296E-016  4.4609569483447132E-016 -6.5425767972144940E-015 -1.9070993331032276E-016  1.4001038091085708E-013 -2.0764244468476557E-016  4.4558472885006865E-013  7.3560097772605042E-012  2.2735251429397444E-015  1.9560349048062264E-015 -3.9939645561432739E-015 -3.0919090603790211E-016 -2.8645034692176248E-016 -1.1068248193389361E-016 -1.2725886872934555E-016 -6.5986988759749748E-018 -1.3052986330773879E-016 -6.1873484179412304E-016 -1.0074140900627441E-016 -3.2336176764522211E-016 -2.5961533241842283E-016  1.2484028323382627E-001  1.7824911711493231E-016  2.0124237045394052E-015 -6.2420141602027163E-002 -7.7446673855628477E-015 -6.2420141631762016E-002  1.3576126287826056E-011 -2.5645381163137942E-014 -1.3266484789932465E-016 -1.7140209158350490E-016 -2.3092504488418644E-014  4.1279996648574015E-017  4.1193836090174623E-014  3.6413218110656669E-017 -2.2629447996383069E-017  1.7939231166323122E-017 -5.3706620412992165E-017  1.1402519625861560E-015 -3.5129364681045313E-017 -1.1001694967145726E-014 -3.7501436198238219E-017 -3.1446032161088977E-014 -1.5548541727884164E-016 -1.2748723096771197E-016 -3.8372556719581081E-017 -8.0032410021406715E-017  5.3347317185521256E-018 -6.9299897100085848E-017 -2.7016281896862705E-016 -5.2300685871959723E-017 -1.1097796268546845E-016 -8.4766573366699446E-017 -3.4770198659331392E-012 -4.9730213697105218E-012
 6.3150835170537120E-017  2.5449494564754868E-017  1.8584588742571319E-017  4.2309849939316143E-014  1.7060816153218100E-016 -3.0307661075141294E-016 -3.0922621402202153E-017 -2.4724554914838576E-014 -4.7845018883005142E-016  3.3805395363048336E-002  3.1563636657821225E-015 -1.5705428415277074E-015 -1.8313157383431636E-015  9.2987117147043815E-016 -3.4650064825526506E-017  1.5136724351382598E-016 -1.0271917726877280E-016 -9.0267531439257221E-017  3.9537334591994004E-018  5.2761915018429840E-018  1.3492263302500661E-016  4.8183315961061237E-017  1.2096805065466867E-016 -9.8729071517607662E-017  3.7505793506413571E-014  5.1344067352759115E-015  6.9227736395296294E-002 -1.9199393951168006E-016  5.9995706682183092E-015 -3.3262765270587600E-016  4.7937865495913945E-015  3.5772812085219583E-016 -9.2991517779121255E-016  1.7209643512037588E-015 -1.9483566427336984E-016  1.2539005778263904E-016 -3.3746115551519086E-016 -4.1889906305867123E-017  3.5827263391395213E-018 -9.9643306608027911E-017  3.1515674146521035E-016 -3.6072011847549534E-016  9.4474137671884143E-017 -7.1906003818350921E-016 -9.3856124217089712E-017 -8.3366234676698137E-016 -3.8229988668261235E-016  1.6823773185874382E-014  9.5066676452281132E-002  6.1934556688279904E-015  1.7544929299788585E-014 -4.9606714294604806E-015  2.2886247375685124E-014 -4.7995398588495007E-015  4.2068203102180073E-014 -1.4565544503647362E-016 -4.1205403587088387E-015 -3.3189469063157580E-016 -2.9917917529178881E-015  3.0761232514358270E-013  4.5305019398724578E-016 -4.6821594261067269E-013 -1.9079703016708748E-016 -5.2721453598095196E-015  4.9198646662855648E-016 -3.1140220823663619E-015  4.5077118505200103E-016 -5.3935698394713707E-015 -5.2848723678933453E-014  3.6210929842971617E-016 -3.1487746167380969E-015  5.6522238447901566E-016  1.3993543225140663E-016  9.9205150727955900E-017 -9.9821012082135920E-017  6.1500241987469237E-017  4.9337711882923332E-019  7.2264241374036399E-017  2.3825585017047960E-016 -7.9157507385361383E-017  1.0295035442440860E-016 -2.0781688873546517E-016 -7.7897808707386783E-016  1.2484028322706590E-001  5.0540578976971702E-015 -6.0463497498242420E-016 -3.3505452183286101E-015  3.3230509594256699E-015  4.2758109470104496E-014  4.4022195062666571E-016 -2.8628887621767024E-015 -4.8666082208665108E-017  5.3381921744472120E-017 -3.9460893496987450E-017  2.6683591160361534E-016 -2.4692391768281511E-014  4.8807693476206108E-017  3.7251311384758017E-014 -3.0871083183013015E-017  3.0965761903734142E-016  2.7810801833409342E-017  2.1165230904602274E-016  1.5771591028507550E-017  4.3139950635635557E-016  6.4921998207839578E-017  5.4574051245918171E-017 -4.5366542163187589E-017  2.7463483057139108E-017  1.9013698188934191E-018  2.5361641454229701E-017  1.2268238653983779E-016 -6.1822311029249912E-017  5.2854772323733008E-017 -1.0009665466415772E-016 -5.4525157738657952E-015 -7.8439947837772094E-015
 1.4842289181144638E-016 -4.9358197503254797E-016 -7.2723205008233024E-017  3.0114552063462552E-014  3.5297025991897094E-017  2.3647234663743598E-015  4.4846618555776160E-016 -1.0205373429016189E-014  9.8973660738078951E-016  3.1563636657821225E-015  3.3805395371149391E-002  1.3465029626284732E-015 -1.5101403908012958E-015 -2.3926013666423007E-015 -1.4113606917938718E-016 -3.5536161126235285E-016 -1.6606061260466977E-017 -1.1441273182018205E-016  2.3335672876484289E-017 -7.5605043281030881E-018 -1.1199701450602460E-015  5.0169787148213715E-018 -4.1705567999148203E-016 -9.1561582569274919E-017  3.0448302900104204E-014  5.2500619737411937E-015  4.9176318224093615E-016  6.9227736401103315E-002  3.2171021050426468E-015  1.6960604630301952E-016  2.5367902287687233E-015  2.1973967450874164E-015  1.3019234658670122E-015 -4.5985103536062112E-015 -1.1066675171406539E-015 -5.0697347029578261E-016  8.1372552106993267E-016 -4.7277007467960372E-016 -3.6572790706256998E-017 -5.5172305543002786E-016 -1.0065246656025227E-015  8.0314730790912490E-016 -4.6374720456407576E-016  1.8425645910452885E-015 -1.1652847702862437E-015  6.5387034916931808E-016  1.1525391352171183E-015  1.7716685213504371E-014  7.1761733857515014E-015  9.5066676464150499E-002  2.0207132758287501E-014 -4.2455541164009355E-015  1.2705497713726124E-014 -4.8320017011906863E-015 -4.2300678563990393E-016  4.2126993794194512E-013 -2.8917116256626450E-015 -5.7095108981820320E-016 -3.8260878503891153E-015 -5.0153841306594967E-016  3.0666697319097162E-013  3.8286735940030067E-016 -6.5839205411020579E-013 -5.0048124089347527E-015  2.5883701716423854E-016 -2.9681721382194647E-015  3.4534087401155526E-016 -5.0480474072744644E-015 -4.8310914065533456E-014 -1.7129414976185572E-015  1.8018476490067688E-015 -1.4274577980965127E-015 -2.7513314084676509E-016 -3.3221127928101442E-016  2.0284376618620829E-016 -1.1873151478927162E-016  8.8645673629258538E-018 -1.0573324145639408E-016 -7.7340773121732321E-016  2.1637535006321401E-016 -3.3281203023365938E-016  4.2770126986587574E-016  6.4166724424055486E-016  5.6348697400061768E-015  1.2484028324154411E-001  1.5148591288435560E-015 -2.9140406607151744E-015 -5.8741798488009547E-015  4.7356181290413733E-014  7.0532594451942328E-016 -8.5295183786497098E-017 -3.0050811099305169E-014  4.1357876781068979E-016 -4.9518120127185456E-017  2.7423927813642446E-016 -7.1057911091425926E-017 -2.3216289373949642E-014  3.9868751428097359E-017  5.2104696860787249E-014  7.0927007559828441E-016  7.9064903460043970E-017  3.7404236852610764E-016  9.0409620550637416E-017  5.6346118007366124E-016 -9.4890509906705988E-017 -2.1350660204210538E-016  8.4871077917253779E-017 -4.7880289796375567E-017 -8.0494172953819485E-018 -4.5076725844257672E-017 -4.6458523672208453E-016  9.6918948847662185E-017 -2.0267114266348564E-016  2.1677338863569827E-016 -7.1470894209807798E-015 -1.0132031530077055E-014
-7.0444364774573599E-017  2.0298808239241788E-016  1.3093211931577176E-016 -2.1029319652729677E-011 -1.7486571681146029E-016 -1.5414351100111301E-016 -4.2674607399097161E-016  1.6817440858389127E-012 -1.6902697674754212E-002 -1.5705428415277074E-015  1.3465029626284732E-015  3.3805395366996546E-002  1.1246643552853884E-015 -1.6902697692181088E-002  1.9522854793185545E-016 -1.1618127011713422E-016  2.5863980468182249E-017  2.3226529329757292E-017  4.3145415304224648E-017  4.3429439902006213E-017 -1.4064165961237212E-017  9.5391488682995423E-017  1.2506459458937060E-016  1.0256395696509818E-016 -2.8356574870804944E-011 -3.4613868193332321E-002 -1.3823414329695429E-015 -1.0638506966301769E-015  6.9227736397728154E-002  4.3966456541192137E-016 -3.4613868204790767E-002  1.8734647941157490E-015 -4.4242433932842958E-015 -1.0309026251061377E-015 -9.8826539798225988E-016  9.4325950508066079E-016  3.0485159312154042E-016 -4.5099222970128268E-016 -1.7722702803747661E-017 -3.8736260742785573E-016  1.9860481292911256E-015  3.5762353170733510E-016  8.2156824966276263E-016  6.9244479172574534E-016 -2.4089972539976816E-016  1.0113793217048081E-015  7.2350193326543279E-016 -4.7533338216045787E-002 -4.3376267041304434E-015  3.3549882092938303E-015  9.5066676457914404E-002  3.4731779835597326E-015 -4.7533338243986110E-002  1.9203899731553475E-013  5.9721456185903204E-016  8.1846813844850104E-017  6.5864775142203930E-014 -1.8347318391311962E-016  2.3124881370976807E-013 -7.5436243290401092E-016 -3.9807241866906685E-016  2.5717029906591423E-016  9.7197379737425377E-017  6.3734739741702173E-013  6.8267627980418634E-016 -5.5714634324394400E-013 -3.8961774284813918E-016  5.5509155734800997E-013  1.4652500272867857E-011 -1.6084554381854398E-016 -7.5121383117383926E-016  1.5924376721348686E-015 -8.2652974770613911E-016  1.7260773037582874E-016  8.1843538571117204E-017 -3.6108150574515369E-016  4.1776640834520062E-018 -3.6294640141470934E-016  4.5199153763022121E-016  9.0138156792565140E-017  2.4275975655853624E-016  2.1583895678243658E-016 -6.2420141602038015E-002 -4.4248544791543451E-015  1.6376329682582360E-015  1.2484028323378203E-001  3.2934243541891206E-015 -6.2420141631818887E-002  2.8523102555690797E-011 -1.3944823059952247E-014  3.7720286268513195E-017  1.0432766718949714E-016  3.3697438798794590E-016 -7.4619336183815192E-020 -1.7229686677648395E-014 -1.3212233589375141E-016 -7.2675862575457588E-018  1.3778682283151550E-017  1.0233115897456628E-016 -4.5579116206712974E-014  1.3256073750343955E-016  4.3621623353440267E-014  5.6099206399392476E-019 -3.2978223218201343E-014 -4.5400622344703821E-016  8.0103236228381113E-017  4.0542585279042848E-017 -1.9548995547555521E-016 -5.8897141455166185E-019 -1.9219678924446101E-016  1.6361637873371633E-016  4.6210187325173990E-017  6.4125103101333532E-017  8.2878858079083672E-017 -7.2571623951614889E-012 -1.0349900154673109E-011
-2.0328017858138302E-016  2.1401327751582828E-017 -1.1580667294952678E-016 -3.8219263317911576E-014  1.3549667464088142E-016  7.9723461064225209E-016  2.2866983707261139E-016  1.2662481355787728E-014 -4.8844915651694973E-015 -1.8313157383431636E-015 -1.5101403908012958E-015  1.1246643552853884E-015  3.3805395369361044E-002  5.0269048553126575E-015  3.3977428305186407E-017 -1.5523905742607339E-016  1.5100399410286904E-017  6.8053812376020104E-018  1.0527349054603874E-016  2.7301675994137426E-017 -6.0136230958936827E-016  1.8546080766709991E-017 -2.2742930422011397E-016  5.2980949924784875E-017 -3.6532166320865473E-014 -5.6924839341140791E-015  5.8232300171516733E-016  1.0208183316830407E-015 -5.0396933899111631E-015  6.9227736399807435E-002 -2.0685382040895076E-015 -5.4983199276342965E-017  1.5704425002423356E-015 -3.9151053306990158E-015 -1.4407060146158148E-016 -4.0059937176529780E-016  6.3718228820181574E-016  8.9003892736677765E-018 -3.9218625523273564E-017 -9.2730416642012598E-017 -6.6678808848146414E-016  6.7012323416359833E-016 -3.2510425735184711E-016  1.4844400106070223E-015 -5.9541637656192042E-016 -8.9231830173097538E-016  1.3512437339068421E-015 -3.1691936380357578E-014 -3.2522213550711375E-015 -3.6898655952129192E-015 -1.9875601129960792E-014  9.5066676461537755E-002 -1.2892539793332418E-014  6.7847998977038706E-015  8.0215572783195835E-017  4.2754736230185436E-016  3.7872362491787424E-015  1.5356380454640202E-013  3.8134314715390501E-015  8.2182597644736488E-017 -5.1350429920427855E-016 -5.4992851143473428E-016  3.3348285708734797E-016  6.1555494961398493E-015  6.0723789762404309E-013  4.5285263483123348E-015 -7.3848760688119177E-013  6.0103294195683299E-015  6.3813380799996370E-014 -1.8734084669779292E-015 -2.7401568414106710E-016 -9.0467643216428958E-016  4.2933552429271043E-017  1.1312870934776208E-017  9.4730672811495980E-017 -1.1220696869493165E-017  7.7502201915369547E-018  3.8345595042871263E-017 -1.2859831241773003E-016  8.1922047975639587E-017 -1.9620467286470204E-017  1.9498367132911912E-016 -1.0482181884364475E-014 -2.5937760654291857E-015 -2.0473628380964117E-015 -6.1591010355127565E-016  1.2484028323836704E-001  7.5208711815051167E-015 -6.3299690626720276E-014 -2.6072911882983125E-016 -3.9029171748731063E-017  1.2865825338893772E-016 -1.9462462150107877E-016 -1.2393503757800612E-014 -2.3205623885695490E-016 -3.6044174662548979E-017 -5.4132662644228307E-017 -8.8097172381823541E-017  1.2838684855997265E-016 -3.6926858600111492E-016 -4.9525757513570763E-014 -1.0495922499654626E-016  5.5342953925688443E-014 -4.1043919301135923E-016  6.3621192163860409E-017 -2.7720013262477244E-017  5.6206080239178814E-017  3.8326138449382782E-017 -5.4297547224782447E-019  1.7483483706860045E-017 -3.3392532341185985E-017  4.7638079118937466E-017 -1.7718448181854768E-017  1.1332333954474808E-016  9.7794141267420503E-015  1.3480721473668643E-014
