   2.4533238983222079E-002  -6.6469609854010272E-009  -1.3432322394501348E-008   1.4023330900171690E-008   9.1992267988811785E-002  -1.4001327423456800E-008  -2.3704853349504438E-008  -2.0589356494403352E-008   1.5190895219925937E-008   1.8831230366656888E-008   7.0506673103905709E-009  -8.3991188175935934E-009   1.3538688452001364E-008   4.0520170317328164E-009  -2.2382920370269041E-009   1.0214316731145886E-009  -2.5103435293541429E-010   2.2732684670496982E-009  -1.8978632878287029E-009   7.2971043602285291E-010   6.0362186222430794E-010  -2.7191413290171106E-010  -1.8312750894211061E-009   3.8978229153075913E-010  0.11231490685230754       -1.5849227224026531E-008  -2.0572149534758943E-008  -3.4175395951270559E-009  -8.1942026330738859E-010  -1.7568638764913397E-010   1.5533491156603045E-009  -4.5225041939274001E-010   1.8641939882674091E-009   2.0876950703831558E-008   5.1356440304505583E-010  -6.5767734067904837E-010  -7.1277284524723133E-010  -3.2885823598907814E-010   4.0825749611009846E-010  -5.7326912648062637E-010   1.9098754002397695E-010   4.1805940695792269E-010   6.2613012270193977E-010   4.0116979772445370E-010   1.2976120441669179E-010  -1.7361747722802208E-010   1.0092784805241327E-010  -1.3067969034537442E-010   2.6889685927872461E-010  -1.4302635959126643E-009   2.0940760801755514E-010  -5.7810935533331295E-010   1.9889803639702918E-009  -1.3559052370587126E-009  -7.0074295056754078E-011   4.5032559681332725E-010   1.5732736224309471E-010  -8.1358256235363679E-010   3.1363196789098285E-010  -4.5109915716399146E-009   1.2272015227485220E-009   2.1895747197346105E-009   1.7810533421090551E-009  -1.3180451560743902E-009   2.7299807061224839E-009  0.10606537650474884       -1.4387504934566824E-008  -2.1560208713741304E-008  -7.3844410573100941E-002   1.0330687860195592E-008   1.5202890229734160E-008   2.3332117720390286E-009   1.2238267884355283E-008  -1.9892684579007553E-009  -5.2096242797187318E-009  -4.6412276379386270E-009   2.8622797983721707E-009  -7.5970399164001357E-009 -0.10307118541430510        1.5061868152174793E-008   2.2166977683241695E-008  -1.2862759999072282E-009   5.0830339418070089E-010  -6.3976711711367748E-010   1.5774369202333098E-009  -1.4199917188611950E-009   1.4828743457068973E-010   2.5256223501548098E-010   9.1186281123919025E-011  -8.4715107764364302E-010   4.0888795329774906E-010  -1.8305418251731692E-008  -6.1462379503503671E-009  -3.2012866013080702E-010   8.9789835870249073E-011  -1.6214593807988142E-010   4.1857704177197045E-010  -3.4170033623121420E-010   1.0910984383846528E-011   8.1544576377949978E-011   3.4452665818343424E-011  -1.9919338600383943E-010   9.5177090830357311E-011  -3.2784071635906018E-009
  -6.6469609854010272E-009   2.4533296869514120E-002  -1.5839448310495674E-008  -2.9712639635574253E-009  -1.0567607894474703E-008   9.1992375456891248E-002  -3.5201484616199509E-008   1.6501444571752754E-008   2.8580020073479542E-009  -7.7056212366026773E-009   2.6570704098087858E-009  -1.5982835796636722E-008  -1.9158521545090989E-008   7.4126662814649399E-009   6.4541678026415709E-010   2.3384732371767494E-010  -1.2418750942837263E-010   5.4036342524245991E-010  -1.6894548014743426E-009  -1.4062790179026091E-009   1.9243201940314483E-010   1.6932087753850830E-010  -4.9201593920717306E-010  -3.3642160223777655E-011  -1.0770319839960621E-008  0.11231502053684589       -3.9869546074657160E-008   1.8814151273868230E-009  -1.8157294670274353E-009  -4.4626726545045161E-010  -1.7664467775126459E-009  -2.0856543626932729E-009  -1.1497674417519570E-010   6.6935435651948607E-009   3.0329093817911775E-010   4.3364332603563792E-010  -7.4710921068145092E-012  -4.0841052554924271E-010  -5.5579273660035645E-010  -1.2434036217960303E-010  -2.4889757082163418E-010   2.7852844207288742E-010  -2.4786218186023930E-010  -2.0013173944470195E-010  -2.2719256604517674E-010   4.0869464347244259E-010   8.0752059505378492E-010   5.5683195914162474E-012  -3.8890485402824997E-010   9.4229498894335944E-011   1.1515983878949121E-009  -5.5752809040054702E-010   5.6376134905762853E-010  -2.6011595790935779E-010  -6.9018098717253646E-010  -4.3923062263972189E-010   9.5936250958793574E-010  -5.6226403310915669E-010  -2.9951106608469824E-010   3.2187545636437793E-009  -7.1322789189983983E-010  -1.1975606764398886E-009  -9.1299407779600677E-010  -3.1104105380199138E-009  -2.3056775113278670E-009  -9.9075154606334038E-009  0.10606548700027824       -3.9092892555727540E-008   7.2119755541438175E-009  -7.3844488620582197E-002   2.7216636483527197E-008   3.8271804294353178E-009  -8.4160246285112931E-009   2.7731919868411077E-009   2.8989238452376248E-009   3.1772558007127399E-009   8.4786406631619703E-009   5.2387691977332313E-009   1.0759298654241809E-008 -0.10307129765355692        3.8270669189283411E-008   1.0308004729451319E-011   5.5739337380012087E-010  -2.3450480254773112E-010   6.9599763989354631E-010  -6.2392890581052090E-010  -7.0982637193229647E-010  -1.5203599594708636E-010   1.1609666914456395E-010  -3.5339660241109546E-010   8.8255983389671049E-011  -8.9092477773884292E-009  -2.7268995717178574E-009   3.5042855365797245E-012   2.0694941651830027E-010  -9.2998644720743194E-011   1.6301721850240637E-010  -1.1315273984281986E-010  -1.6771812421186729E-010  -8.1375296098284495E-011   1.1690521050369085E-010  -9.7776553061433700E-011  -1.7818841059477620E-011  -1.5532200230446345E-009
  -1.3432322394501348E-008  -1.5839448310495674E-008   2.4533242040734822E-002   1.0744808267086826E-008  -2.9709026935007304E-008  -2.2021512303408962E-008   9.1992274403713700E-002   1.8958968824621059E-008  -7.7603604953657757E-009   1.0321503316710721E-008  -1.0857030021010502E-008  -2.6782409815566238E-008  -8.1019376423664939E-009   2.0697180199789669E-009  -5.1568172063192900E-010   5.9499357013375088E-010   4.7481979663474106E-010   1.2760742408806322E-009  -3.3519287697587438E-010  -5.8421409320437042E-010   1.3436666781976109E-009   2.4568086203998371E-010  -2.3977118567457974E-009  -5.3709561721553476E-010  -2.8516879932976458E-008  -2.3298911500736468E-008  0.11231491197169578        1.7414270904691890E-009  -4.1523653718200348E-010  -1.3939276634250285E-009   8.4185466685082980E-011  -3.1371485556938543E-009  -1.8256078699964587E-009   1.4719328443544422E-008   3.9581543053594619E-010  -6.7034193861504935E-011   5.1240447156523579E-010  -3.6752334429168714E-011  -6.0470953688442504E-010  -6.5854540600613945E-010  -1.4954453440604939E-010  -5.6054654870809758E-011   2.9057089390459766E-010  -4.7062386334187451E-010  -3.1929279822015388E-010  -4.4161664831530346E-010   5.9762481316807463E-010   8.9234096278003035E-010   3.4677920285897574E-011  -3.6970086234378828E-010  -5.9171436186629658E-010  -1.6729476425904294E-010   4.1879369231829253E-010  -6.4290729596446628E-010   7.7211601222041964E-011   1.4452115725194259E-009  -1.2712382016414180E-010  -1.3472406610056263E-009   2.1933978064400322E-010   3.2863243172539458E-009  -1.1834129994502548E-009   4.0254209835926201E-010  -1.2502949655550017E-009  -5.2857926876707773E-009  -2.0360320313951900E-009  -2.8792365052941450E-008  -2.3748164198254938E-008  0.10606538248000887        2.0224356384960676E-008   1.6582304938708329E-008  -7.3844414654699986E-002   1.2079465482544722E-009  -8.7825084186619015E-009   3.1166373624971804E-009  -2.7846081767945255E-010   3.0894833205447698E-009   1.3710863926094945E-008   5.6930253263078440E-009   2.9095905529811205E-008   2.3593890654933224E-008 -0.10307119119974623       -1.8447912918945789E-010  -1.3753288022546924E-010  -1.2221943208801352E-010   4.9886419638526773E-010  -2.6885613800669517E-010  -2.5135952470620876E-010   1.2837837103234384E-009   5.3336184551063841E-011  -1.5848438551605814E-009   5.1315023381453551E-011  -1.2453833809843135E-008  -4.2100920743013849E-009  -6.3302393246418535E-011  -8.9021889113733759E-011  -4.1478707883760366E-011   1.1320426377516141E-010  -1.0261450509294016E-010  -2.8274261041181798E-011   3.3283799724221871E-010  -1.5933555401953989E-011  -3.5752718171521122E-010   4.2793247698620856E-011  -2.2285589355436528E-009
   1.4023330900171690E-008  -2.9712639635574253E-009   1.0744808267086826E-008   8.2478954045511910E-003   4.7007946059044505E-008  -1.2334773914074448E-008   3.6244998179580869E-008  -8.8564788572922239E-010   9.0032529189702917E-011  -8.7003341073563078E-010   1.6073561311741738E-009  -1.0388053726997239E-009  -7.2181180072407417E-010   5.8239662556831405E-002  -1.2243367689609737E-009   1.6200312605324597E-009   1.9075594909124273E-009   4.1021396646514149E-010  -7.2508147427906577E-010   1.2324069342039567E-009   3.7294111495289807E-010  -1.1855761260633396E-009  -2.1203817832664330E-009  -5.3813540566602057E-010   5.3693451948034927E-008  -1.7213364141669020E-008   4.1866191598900406E-008   1.0853053722927893E-009   4.3761319465485017E-010   1.2714717006898331E-009  -1.8179292780703178E-009   8.3375979320392106E-010   7.3239377433200053E-010   9.3643050885580323E-002  -2.9887744100395705E-010   1.7566761877441968E-010   5.5685326172430710E-011   4.3079943926154463E-010  -1.3810254673800132E-010   9.4694598137077039E-011  -7.9634094323919959E-011   5.4366085696257849E-011  -1.2884240095386077E-010  -9.6207396599591101E-011  -9.6826027169758985E-011   3.7750278995671210E-010  -2.6023408485681740E-010  -2.7456724882681498E-010   9.4510607076605403E-011   8.0648713654762166E-010  -8.3003514703628917E-010  -1.0608818481949047E-009  -3.7235580501599185E-010   5.3712593151018452E-010  -7.0965965309696504E-010  -3.1313875480213189E-010   7.8252626557298118E-010   1.2501577087814129E-009   2.0747376177719386E-010  -4.7102827274697182E-010  -8.3423821314296279E-011  -4.3666318120761723E-011   8.1384735552791736E-010  -5.5693433645923308E-010  -3.4142757511651478E-010   4.7529752010461178E-008  -1.9030760227045418E-008   3.7636114628473668E-008  -3.4129256282449968E-008   1.2437048057260919E-008  -2.6839613491390832E-008   2.0138559727454611E-002  -3.2250188003173761E-009  -3.8128883391844968E-010  -1.3551358738487377E-009   5.0966062798255094E-009  -3.8957351261026807E-009  -1.8715899709485899E-009  -4.7927803781672660E-008   1.7217671696022921E-008  -3.7653024336180952E-008   2.7763954203031523E-010  -2.3649532997234538E-010  -3.0407638629634786E-010  -1.6231213771917468E-010   1.9929555067484168E-010  -2.1018000131344674E-010  -1.1702805952107339E-010   2.5919522464394897E-010   3.9350581675210268E-010   3.3452151582399225E-011  -9.1064961713594711E-002  -2.7789972306217849E-002   1.8500313167974235E-010  -1.9282254539845060E-010  -2.4131940475138263E-010  -8.7464550906175861E-011   1.2300186156537559E-010  -1.6074306382432128E-010  -7.0115064757696892E-011   1.7652049431485654E-010   2.8689167229207190E-010   4.8298597886993275E-011  -1.4246920578068164E-002
   9.1992267988811785E-002  -1.0567607894474703E-008  -2.9709026935007304E-008   4.7007946059044505E-008  0.34494617313320852        1.3271561143690679E-009  -1.1429763119385989E-008  -7.7246202375918086E-008   5.6940627775705418E-008   7.0627994565510477E-008   2.6449568842683602E-008  -3.1494436632437465E-008   5.0796630790655813E-008  -2.4184154983642874E-008  -8.3932378805929474E-009   3.8303356025160639E-009  -9.4140524093804954E-010   8.5244207935204255E-009  -7.1167596682545398E-009   2.7362708869302010E-009   2.2633521765355706E-009  -1.0195912379911360E-009  -6.8669401001021629E-009   1.4616386135689385E-009  0.42115642927569630        6.2888333027879021E-009   1.7427152140610285E-008  -1.3227029076388011E-008  -3.2627962268247778E-009  -5.0532029992703332E-010   5.9423478515554705E-009  -1.7022479038035739E-009   7.2846943939348973E-009   1.4977775278234462E-008   1.9260822713841772E-009  -2.4665825842374849E-009  -2.6731673362758231E-009  -1.2333441585625610E-009   1.5311977269634806E-009  -2.1500124669856105E-009   7.1629266881452530E-010   1.5678824709813675E-009   2.3482605314668199E-009   1.5045368783422631E-009   4.8664848552951227E-010  -6.5117497794359962E-010   3.7852795892752125E-010  -4.9011240984529278E-010   1.0084797577692717E-009  -5.3632541945753303E-009   7.8457591403968983E-010  -2.1677418371018662E-009   7.4585661018439326E-009  -5.0839499830216100E-009  -2.6298239724129356E-010   1.6891629268189754E-009   5.8989804137245978E-010  -3.0508249207044982E-009   1.1760537805560060E-009  -1.7977917801801160E-008   4.0920133492959416E-009   8.6088248867391615E-009   6.9777565108850961E-009  -4.9517212281718930E-009   1.1000320560712047E-008  0.39795812463631247        7.9110297709859552E-009   8.2182991364195007E-009 -0.27689528304924199       -4.4707927192203878E-009  -5.1688583187163421E-009  -4.5022542211065601E-009   3.9012519753306960E-008  -1.0718146139727221E-008  -1.6984119582959213E-008  -1.5449754771230225E-008   1.0651913109077525E-008  -2.3562763745777647E-008 -0.38430574737161405       -5.6102218940696559E-009  -5.8104417679176169E-009  -4.8232328906860540E-009   1.9039504779357161E-009  -2.3994419788964189E-009   5.9156516940409938E-009  -5.3229801891209291E-009   5.5540947088760364E-010   9.4772010377535793E-010   3.4205309660833168E-010  -3.1754500043490359E-009   1.5334869056861887E-009  -4.4767965720680751E-009  -2.6203484124104933E-009  -1.2000703470502982E-009   3.3638457462214947E-010  -6.0799940503711146E-010   1.5690971573569626E-009  -1.2806351052901413E-009   4.0930239672869304E-011   3.0556338586933018E-010   1.2922206172057651E-010  -7.4634095300017480E-010   3.5686010443574029E-010  -2.6562692948780734E-009
  -1.4001327423456800E-008   9.1992375456891248E-002  -2.2021512303408962E-008  -1.2334773914074448E-008   1.3271561143690679E-009  0.34494616520344934        8.1363754024807260E-009   6.1911177529122078E-008   1.0700710731522473E-008  -2.8901347582476219E-008   9.9296605576956835E-009  -5.9959242528800808E-008  -7.1840862696859091E-008   1.9360085066487983E-008   2.4200493645346068E-009   8.7707292693777807E-010  -4.6569887729685268E-010   2.0264723879158420E-009  -6.3349995463614542E-009  -5.2733022534236632E-009   7.2151136487054717E-010   6.3491015094942010E-010  -1.8450593304105859E-009  -1.2612915154601809E-010   9.6134974635303343E-009  0.42115635388372830        2.1589895274394007E-008   7.3960636978571102E-009  -6.9649771622909162E-009  -1.7474869901802283E-009  -6.9395260313597693E-009  -8.0968573699570918E-009  -4.5656905995576833E-010   1.1549329095839576E-008   1.1374564450789657E-009   1.6263531166442582E-009  -2.8000203895424620E-011  -1.5317261791260268E-009  -2.0844816856898407E-009  -4.6629241161763103E-010  -9.3347369011293764E-010   1.0445575285049773E-009  -9.2959433308962903E-010  -7.5056696529503397E-010  -8.5207298485940431E-010   1.5327391682554362E-009   3.0285661211026558E-009   2.0939937222569342E-011  -1.4585912204691451E-009   3.5363137329997486E-010   4.3192417692804872E-009  -2.0912990607779464E-009   2.1136586262273589E-009  -9.7500870363064866E-010  -2.5880955189815778E-009  -1.6477148121681206E-009   3.5991998965656260E-009  -2.1084325275187458E-009  -1.1239280943207029E-009   1.2955700647944924E-008  -3.0808409495393938E-009  -4.6802222370872657E-009  -4.2540990215665388E-009  -1.2375650720598753E-008  -8.7012903878794147E-009   9.8666626645524933E-009  0.39795806603526179        1.4946067673773190E-008  -5.8295845165712680E-009 -0.27689524586539871       -1.0432946004190074E-008   1.1643471635279642E-008  -2.5845391734415357E-008   7.7662493183479313E-009   9.6426084949543157E-009   6.5731104292775060E-009   2.7187779983219709E-008   1.9272282699701895E-008  -7.2976488512806691E-009 -0.38430570045779944       -1.3836879578577109E-008   3.9617601515941848E-011   2.0870524181111179E-009  -8.7884737599182968E-010   2.6073815829381056E-009  -2.3402399599669583E-009  -2.6605307715001322E-009  -5.6678144522221732E-010   4.3483386734836792E-010  -1.3265635667902325E-009   3.3094726789203176E-010  -1.8661579438624147E-008  -5.2173442204993953E-009   1.3325983122358721E-011   7.7435972235618654E-010  -3.4805993777548797E-010   6.1044722263295148E-010  -4.2465841978782942E-010  -6.2832371093577903E-010  -3.0369716940713340E-010   4.3709826977327793E-010  -3.6692065518371607E-010  -6.6365027322470757E-011  -3.7553535401190353E-009
  -2.3704853349504438E-008  -3.5201484616199509E-008   9.1992274403713700E-002   3.6244998179580869E-008  -1.1429763119385989E-008   8.1363754024807260E-009  0.34494617825227170        7.1120110496600759E-008  -2.9112247412970575E-008   3.8698783223382919E-008  -4.0723501624708753E-008  -1.0048149607857314E-007  -3.0396604513231302E-008  -2.0806128774467710E-008  -1.9336407978060943E-009   2.2309812035338674E-009   1.7804550297431049E-009   4.7848922745970922E-009  -1.2569325797803228E-009  -2.1906389750755839E-009   5.0387269625529384E-009   9.2120554896483960E-010  -8.9911438067403180E-009  -2.0139471626427567E-009   1.5124389488161530E-008   2.3385703043308771E-008  0.42115642535409503        6.8158434365977684E-009  -1.6823456014913644E-009  -5.2679874235345314E-009   1.9617766312300547E-010  -1.2294242089192611E-008  -7.0120035431888042E-009   9.2665183562730142E-009   1.4844948281585174E-009  -2.5137462953105340E-010   1.9217390775267462E-009  -1.3783780691672105E-010  -2.2679146100638785E-009  -2.4698572049813461E-009  -5.6089112164611303E-010  -2.1021939537265388E-010   1.0897690048157834E-009  -1.7650510333019541E-009  -1.1975179820946841E-009  -1.6562643951188353E-009   2.2414081552791534E-009   3.3466697763267314E-009   1.3004036745055751E-010  -1.3866497235532291E-009  -2.2194607639680973E-009  -6.2724946680445602E-010   1.5702812653511212E-009  -2.4115128304188591E-009   2.9010282431351064E-010   5.4190649362665681E-009  -4.7702734313118539E-010  -5.0509786474702168E-009   8.2267817295413216E-010   1.3061596897366444E-008  -4.7635714003386192E-009   1.4028384368684019E-009  -5.0004566975829386E-009  -2.1196872652843868E-008  -8.0611504448938018E-009   7.0618323641512563E-009   1.5490079790021923E-008  0.39795812523186336       -4.4122875682563078E-009  -1.0637126594909089E-008 -0.27689528315442341       -5.1118330143337060E-009  -2.8166258800866877E-008   9.5913223441349014E-009  -1.7501149589163736E-009   9.5888070971856309E-009   4.2531410002007869E-008   1.8577452556662767E-008  -5.0197908528223716E-009  -1.3610875211277041E-008 -0.38430574765424413       -6.9087844708574573E-010  -5.1518267568175378E-010  -4.5866582457378091E-010   1.8706790916671671E-009  -1.0088125045522246E-009  -9.4376858749067406E-010   4.8121586575622709E-009   2.0265590195743099E-010  -5.9410062075520543E-009   1.9071520550446670E-010  -3.6163244273117981E-010  -1.1014809298339634E-009  -2.3677136177357404E-010  -3.3312724809431568E-010  -1.5559063807230923E-010   4.2449601493993553E-010  -3.8444706198081641E-010  -1.0683041838138856E-010   1.2472743935193343E-009  -5.8870298912830037E-011  -1.3402670957754979E-009   1.5985221864672408E-010  -1.3661555430639975E-009
  -2.0589356494403352E-008   1.6501444571752754E-008   1.8958968824621059E-008  -8.8564788572922239E-010  -7.7246202375918086E-008   6.1911177529122078E-008   7.1120110496600759E-008   6.3355624538073295E-005   1.1376350682701050E-012  -1.1359191497180030E-011  -3.1677817406637984E-005  -6.3709993718296589E-012  -3.1677807131580256E-005  -6.1116442867786713E-009  -1.0080754781792227E-011   1.3687306954075472E-011   1.3922747907152477E-011   6.7509932424281865E-012   1.0683381985172909E-012   6.7738108581125487E-012  -2.3930876529969633E-011   6.4293682391513109E-012   1.8419308643295655E-011  -1.5169612893113867E-011  -9.4298476910173173E-008   7.5556945051946987E-008   8.6821148296172112E-008   5.7910303746869566E-004   6.5228709579142317E-012  -3.4409185171540834E-011  -2.8955150075125468E-004  -5.1952980323092851E-011  -2.8955153671477433E-004  -9.8048916832482833E-009  -6.2303969878205851E-012  -1.0913534065251416E-011  -6.4489208118486732E-012   1.1230522200828936E-011   7.7158923557167606E-012  -2.7959868964918774E-013   7.5023409539088378E-012   1.8382406130689399E-012   4.5765961484220551E-012   5.0787443291485982E-012  -4.8594206920412728E-012  -5.2360795413791444E-012  -2.6886971917565632E-012  -5.1501782609695339E-013   1.6928741922861436E-012  -2.8306109348263514E-011  -6.8050138359053502E-011  -5.0028513266167963E-011   1.9108387886684937E-011   3.3063410207654714E-012   1.8868342561594988E-011   6.5877166702371274E-011  -3.9427905120537452E-012  -2.0333369002479902E-011   4.0227796364606635E-011   1.5423676999560621E-003  -6.7453332344336000E-012  -1.0929302627878095E-010  -7.7118388115418992E-004  -1.2044128678375361E-010  -7.7118381878064522E-004  -8.8866916206180919E-008   7.1216914141593390E-008   8.1785977850959988E-008   6.2000661882547227E-008  -4.9661775326309473E-008  -5.7033738314084537E-008  -2.2249633345188044E-009   9.8116296591537443E-003   1.8674920269542882E-011  -5.9661290708343055E-010  -4.9058151399361087E-003  -4.9161630967217799E-010  -4.9058145192166476E-003   8.8078879703424985E-008  -7.0144585631791367E-008  -8.0436493151097424E-008  -6.7339402544173679E-011  -1.0235564972316930E-010  -6.4389023697431719E-011   4.5264503436031738E-011   2.1815936453851706E-012   4.5080807632769583E-011   8.0282916032547085E-011   2.3728732391550345E-012  -5.3552067582310581E-012   4.6224104015976891E-011   9.5340300025519490E-009   2.8736814817673106E-009  -3.0538451052033696E-011  -3.6682900578334663E-011  -2.1973315114489293E-011   2.0544668468873101E-011   7.5191203454382970E-013   2.0426894441094347E-011   2.5215759351802127E-011   2.5961738006960773E-012   2.8524030051167381E-012   1.4442871051335647E-011   1.5061428259774169E-009
   1.5190895219925937E-008   2.8580020073479542E-009  -7.7603604953657757E-009   9.0032529189702917E-011   5.6940627775705418E-008   1.0700710731522473E-008  -2.9112247412970575E-008   1.1376350682701050E-012   6.3355690659266343E-005  -1.9116215785009666E-011   8.1057863986801339E-012  -1.0080342974516657E-011  -9.2434197759590958E-012   6.7353080800660798E-010   7.2624593713137031E-013  -4.0065748250545466E-012  -2.7129176148279023E-012   2.3312392062580649E-011   4.5165928069379146E-012  -2.4286807647164058E-011   7.9742564899808029E-013  -8.2272115449076351E-012   2.9367066652120219E-012   8.1542802813383640E-012   6.9535592553580590E-008   1.3056235672971485E-008  -3.5534913897690536E-008   1.5715369496358542E-011   5.7910334443607664E-004  -1.0900217410786298E-010   4.8114903887985233E-011  -3.5270133088408505E-011  -6.3829203391095452E-011   1.0400671688468053E-009   5.4367358613657497E-012  -5.8178069286185740E-012   4.1720331537655877E-013  -1.0060307429283504E-011  -3.6707215758062790E-012   5.1111696807088231E-013   1.1641311556795769E-011   3.8633033256430067E-012  -7.8126913323676431E-012  -3.2967643585797216E-012   6.1792003237202914E-012   8.2460271688992116E-014  -7.9310217232866309E-013   2.6534988990331657E-012   1.6105674789337585E-013   2.0126326147260613E-011  -3.6346374223923385E-011   1.4030343322413817E-011  -8.1972956074056126E-011  -3.2624904142848773E-011   5.4970530133570231E-011   2.6017761958854232E-011   7.4073767032239910E-012   1.4398562259237418E-012  -1.5978742935921572E-011   1.6864835348003149E-011   1.5423685664375877E-003  -2.8156111487120365E-010   9.9859811426424704E-011  -1.2238665369729741E-010  -1.1672022457034029E-010   6.5397159847039519E-008   1.2249771738093926E-008  -3.3465045012777029E-008  -4.5575518357414786E-008  -8.5022391982401227E-009   2.3332371651140401E-008   1.1304606580767619E-010   1.6772114585306661E-010   9.8116347218846732E-003  -1.7441619454072644E-009   5.6999670263679162E-010  -8.1767811627399462E-010  -7.3771775667261952E-010  -6.3401758700567170E-008  -1.1107547393505991E-008   3.2789084668354891E-008   4.6443155302025719E-011  -7.5246884999992869E-011   1.1510717335519523E-011  -1.2290843115271357E-010  -4.5630201828996844E-011   6.0598357308934192E-011   4.7298463411821916E-011   6.4941477694029390E-012   1.1789345558423111E-011  -1.3420042502018766E-011  -1.1004618986812482E-009  -3.9098574906403521E-010   1.9554664930889384E-011  -3.2551113705658801E-011   2.8029259212029725E-012  -4.3281762596619236E-011  -1.6801499739561657E-011   1.7046467557328533E-011   1.9378754437763299E-011   1.1098542435862732E-012   6.5517861179241190E-012  -2.9164158567426568E-012  -1.4921572817417750E-010
   1.8831230366656888E-008  -7.7056212366026773E-009   1.0321503316710721E-008  -8.7003341073563078E-010   7.0627994565510477E-008  -2.8901347582476219E-008   3.8698783223382919E-008  -1.1359191497180030E-011  -1.9116215785009666E-011   6.3355644714030608E-005   8.2132476168734802E-012  -2.2743207380289850E-011   3.1458437929592196E-012  -6.1041218279365143E-009   6.2665461695120537E-012  -5.9553682062448821E-012  -1.3643365542721274E-012  -2.0312869974759305E-011  -2.3764736132796883E-012   1.1905419828399954E-011   8.4676959325852862E-012  -2.8920641869513835E-012  -5.4052465557673430E-012   3.1725497836156767E-012   8.6208034321555178E-008  -3.5278142580172410E-008   4.7233984028440831E-008  -6.8196365023271779E-011  -7.3994634607388029E-011   5.7910315981420807E-004   2.9724361079554275E-011  -1.2009526379123728E-010   3.8472083546535535E-011  -9.7724980356285828E-009  -1.2616811516293606E-012   4.4476822244354295E-013  -1.4952892591641601E-012   2.0761800693211076E-012  -8.1261097287936581E-012   1.4129404991709273E-013   1.9573876153588379E-013   7.0867172083601585E-012  -8.5931861549961461E-013  -3.7861720563136775E-012  -1.5001684432926911E-012   6.1030165509822019E-012   5.6017775547976092E-013  -4.6194927393026172E-014  -3.9861295222253383E-013   7.3034583347716965E-012   1.1913505053470068E-011  -4.9407286149471405E-011   3.9597132057676748E-011  -3.1588064832671300E-011  -4.9395741898455285E-011  -1.6298330601961407E-011   1.9446177054962337E-011   9.9529654962590914E-012   2.2331699789842175E-011  -1.9237472415514056E-010  -1.9513681773312914E-010   1.5423679595154333E-003   1.1194521682815459E-010  -3.4351505100466239E-010   8.0433507032640110E-011   8.1180407042492993E-008  -3.3222133050356583E-008   4.4439757852353709E-008  -5.6570607770816699E-008   2.3163485227681959E-008  -3.0945316627836456E-008  -2.2228638369788486E-009  -1.1380282778890448E-009  -1.1992861097860743E-009   9.8116311930971124E-003   7.2639929175477882E-010  -1.9813938901327005E-009   4.1162909783077031E-010  -7.8962282188781985E-008   3.2556205714619926E-008  -4.2656542006807752E-008   2.0004790567143037E-011   9.2946318944446044E-012  -8.6621738795031594E-011   4.0293352064651668E-011  -6.3579949073352300E-011  -6.7132593659739930E-011  -1.3567949062830562E-011   2.7550085140222599E-011   8.9086646174978212E-012   4.4029420460323106E-011   9.5089403883399431E-009   2.8661063205728766E-009   9.7844516210297052E-012   2.1115905563536294E-012  -3.5148663541569293E-011   1.0694393171361646E-011  -2.5983490200406267E-011  -2.3821613713825625E-011  -2.9828507941283057E-012   9.9853579010722246E-012   1.8903065469633249E-012   1.8755660235447827E-011   1.5023147495131120E-009
   7.0506673103905709E-009   2.6570704098087858E-009  -1.0857030021010502E-008   1.6073561311741738E-009   2.6449568842683602E-008   9.9296605576956835E-009  -4.0723501624708753E-008  -3.1677817406637984E-005   8.1057863986801339E-012   8.2132476168734802E-012   6.3355660640347677E-005   2.1754096414811650E-011  -3.1677843233524464E-005   1.1110901639048418E-008   7.5372366128443910E-012  -2.5408855952626344E-012  -1.4980745620951041E-011   6.4154829221547626E-012  -1.2478217378209794E-012  -1.6527749730812067E-011   7.8208918827697274E-012  -1.1298146161131184E-011  -7.9519694704217954E-012   1.9587154170888615E-011   3.2289250982510764E-008   1.2154033286858333E-008  -4.9704865865494507E-008  -2.8955151503250696E-004   5.2067244393726856E-011   1.8821346723013817E-011   5.7910315301202436E-004   1.0833292935498758E-010  -2.8955163797845303E-004   1.7848618687828840E-008   2.3241179332928286E-012   6.3852872359512923E-012   3.3622311249149674E-012  -4.2586464120523937E-012  -4.0348902390092594E-012   1.7459788124002935E-013  -9.0862963748830360E-012  -4.1263030004560467E-012   3.6237500091683465E-012  -2.8666480394239168E-013   7.4581772722796837E-012   8.8290268662224341E-012  -8.8433659557681515E-012  -5.8216056506596670E-012   4.9342287258799911E-012   6.5415073494636705E-012   4.2454446224396478E-011   3.6775401821376741E-011  -5.0595257108575185E-011  -2.3002064757206217E-012   4.1818880418120242E-011  -6.0369516519908915E-011  -1.3754727164697374E-011   3.8539754220300399E-011  -1.7158569929422359E-011  -7.7118391691756742E-004   1.1377908429052377E-010   8.8091844159093425E-011   1.5423681406445842E-003   2.6459808073855589E-010  -7.7118422372903731E-004   3.0437340123403481E-008   1.1335331720526821E-008  -4.6801239428386910E-008  -2.1242363047116882E-008  -7.8829399770217027E-009   3.2615175496755823E-008   4.0640221136663766E-009  -4.9058153745768409E-003   6.5442492112098627E-010   5.5812254525202156E-010   9.8116324797040983E-003   1.3716972332914499E-009  -4.9058171051256346E-003  -3.0324971836088166E-008  -1.0352098914116106E-008   4.5534764723085889E-008   2.6944451712126756E-011   6.9118924177299872E-011   3.7372497326393414E-011  -8.1586980204782223E-011  -1.7885769829002073E-012   4.5437198681971536E-011  -1.0093197834465449E-010  -3.2183151224791620E-011   6.6295544180002508E-011  -3.8679032261322228E-012  -1.7334100132672984E-008  -5.2160184590023028E-009   1.3828742977496314E-011   2.6107019615439406E-011   9.9660777406138392E-012  -3.1767134580634278E-011  -6.1477623194699173E-013   1.3213957121087949E-011  -3.8290826345511367E-011  -1.5512710284642100E-011   2.5265500917572400E-011   4.1342227824701228E-012  -2.7418943812223455E-009
  -8.3991188175935934E-009  -1.5982835796636722E-008  -2.6782409815566238E-008  -1.0388053726997239E-009  -3.1494436632437465E-008  -5.9959242528800808E-008  -1.0048149607857314E-007  -6.3709993718296589E-012  -1.0080342974516657E-011  -2.2743207380289850E-011   2.1754096414811650E-011   6.3355664517213207E-005  -1.5383135835587023E-011  -7.1862087672863453E-009   1.1641535354211130E-011   1.7482705385377885E-011   1.8852368961457625E-011  -7.3751781367682717E-012   1.7145391819760717E-011  -8.2435773680333637E-012  -6.4033007328276433E-012  -8.8162319972348542E-012  -8.8917420472057162E-012  -7.4805003784961807E-012  -3.8445511422774564E-008  -7.3199728105050217E-008  -1.2262821772221330E-007  -4.5810764223441920E-011  -3.0450268655620525E-011  -8.9494721441871880E-011   1.3914185363062487E-010   5.7910319567815844E-004  -9.3331649841665390E-011  -1.1488265315094830E-008   5.9183995952931017E-012  -3.3377494018103022E-013   5.1513475339340608E-012  -5.3599415751716141E-012  -2.4532570829317286E-012  -5.0372151916578499E-012   9.1902996507402183E-013  -7.0376064046613206E-012  -7.8520132911809806E-013   9.4137711782647918E-014  -4.6240362885252952E-012   7.8205801464768236E-012   1.3481875519306562E-011  -5.9922863336736826E-012  -4.8077809199343298E-012  -1.1455995828271520E-011  -3.0039704431536640E-011  -2.8884885938422783E-011   7.7593670815911349E-012  -6.0683452344155647E-011   7.6104619213526143E-012   2.0416128325518574E-011  -2.8165180782678852E-011   2.6486316044099130E-012   4.2522621151771486E-011  -1.0787027961568153E-010  -1.1471927302764582E-010  -2.6690989665780954E-010   3.4666119070172957E-010   1.5423682017284143E-003  -2.3879394069973398E-010  -3.6210881206351028E-008  -6.8961286879519450E-008  -1.1559324804411000E-007   2.5244933353109670E-008   4.8104397140576601E-008   8.0606808225895740E-008  -2.4723270213155822E-009  -4.0887330525298181E-010  -7.6238084929637346E-010  -1.4866489834849171E-009   1.8985297280982198E-009   9.8116327513939356E-003  -1.4896565853054143E-009   3.5464826593791170E-008   6.8113942692802447E-008   1.1388546174404860E-007  -9.8045090488937070E-012  -1.9750772684763902E-011  -1.1608422784343435E-011   6.6379638743791702E-012  -8.3702301514823160E-011   6.5161636482714826E-012   3.2156318742612642E-011  -7.5241565449295527E-011  -2.3391445494125923E-011   6.4734152324848895E-011   1.1275621627137963E-008   3.4655797839307844E-009  -1.7024416904849492E-012  -1.9031901806617227E-012   1.9356532369176955E-012   1.1495943650177145E-012  -2.9662802548490371E-011   1.1344739662480710E-012   1.2015662530284749E-011  -3.3285361589901391E-011  -1.4217493223639214E-011   2.3366674455992349E-011   1.7533943189258291E-009
   1.3538688452001364E-008  -1.9158521545090989E-008  -8.1019376423664939E-009  -7.2181180072407417E-010   5.0796630790655813E-008  -7.1840862696859091E-008  -3.0396604513231302E-008  -3.1677807131580256E-005  -9.2434197759590958E-012   3.1458437929592196E-012  -3.1677843233524464E-005  -1.5383135835587023E-011   6.3355650365064435E-005  -4.9999878082328008E-009   2.5435181842938546E-012  -1.1146421379348782E-011   1.0579976897182466E-012  -1.3166476169879423E-011   1.7948354894704577E-013   9.7539388574071351E-012   1.6109984642515701E-011   4.8687779369045610E-012  -1.0467339146053425E-011  -4.4175412709505390E-012   6.2009222583744383E-008  -8.7711008383160515E-008  -3.7116277100210111E-008  -2.8955152243751359E-004  -5.8590099876849694E-011   1.5586923463729894E-011  -2.8955165225907637E-004  -5.6380303774967761E-011   5.7910317469285900E-004  -8.0449036371100910E-009   3.9062790582117185E-012   4.5282468270373883E-012   3.0866896863187028E-012  -6.9718757941038469E-012  -3.6810021148499444E-012   1.0500080725685226E-013   1.5839554219717296E-012   2.2880623865986757E-012  -8.2003461558929519E-012  -4.7920795240035427E-012  -2.5987565789397948E-012  -3.5929473297055409E-012   1.1532063150562573E-011   6.3366234802343312E-012  -6.6271029192442442E-012   2.1764601988543715E-011   2.5595692145121984E-011   1.3253111458747620E-011   3.1486869226233828E-011  -1.0061345517435316E-012  -6.0687222970298780E-011  -5.5076501785044302E-012   1.7697517666453819E-011  -1.8206385233595622E-011  -2.3069226437911604E-011  -7.7118378304202352E-004  -1.0703370982490406E-010   2.1198745217778132E-011  -7.7118425948588445E-004  -1.4415773873458027E-010   1.5423680425087013E-003   5.8429573106415847E-008  -8.2552274136775464E-008  -3.4984733030309945E-008  -4.0758296632923137E-008   5.7544735058920328E-008   2.4418559320508393E-008  -1.8393870773510964E-009  -4.9058142845993516E-003  -6.7309957910872196E-010   3.8474859714062847E-011  -4.9058173397392990E-003  -8.8008693374936041E-010   9.8116316243360407E-003  -5.7753903116266946E-008   8.0496713025358076E-008   3.4901726858929117E-008   4.0394950828242166E-011   3.3236725549534218E-011   2.7016526375959959E-011   3.6322476770427923E-011  -3.9301666492021886E-013  -9.0518006311313948E-011   2.0649062313492831E-011   2.9810277981828274E-011  -6.0940337427294989E-011  -4.2356200790674495E-011   7.8006775315638618E-009   2.3423484087856968E-009   1.6709708072438131E-011   1.0575880965172771E-011   1.2007237376828180E-011   1.1222466112617937E-011  -1.3713580393611656E-013  -3.3640851560222616E-011   1.3075066994443853E-011   1.2916536481816462E-011  -2.8117903925952233E-011  -1.8577093834419323E-011   1.2359304786210034E-009
   4.0520170317328164E-009   7.4126662814649399E-009   2.0697180199789669E-009   5.8239662556831405E-002  -2.4184154983642874E-008   1.9360085066487983E-008  -2.0806128774467710E-008  -6.1116442867786713E-009   6.7353080800660798E-010  -6.1041218279365143E-009   1.1110901639048418E-008  -7.1862087672863453E-009  -4.9999878082328008E-009  0.41124090576292510       -8.6450187952236193E-009   1.1439049313729805E-008   1.3469282658497280E-008   2.8964862651077109E-009  -5.1197795918577847E-009   8.7020288814000879E-009   2.6333192689193704E-009  -8.3713420303439569E-009  -1.4972000277000725E-008  -3.7997860888731740E-009  -5.5655508868023397E-008   8.4210900864420965E-009  -4.2253847319789219E-008   8.9598561763059550E-009   3.4330324011744100E-009   9.3368006553551190E-009  -1.5016739527892361E-008   7.2493793720105633E-009   6.0552584212247530E-009  0.66122605928875056       -2.1104281085951609E-009   1.2404544672944215E-009   3.9325192846931828E-010   3.0419146356635973E-009  -9.7512006931769401E-010   6.6868968882238934E-010  -5.6236464129866622E-010   3.8389088865632920E-010  -9.0975231449140269E-010  -6.7938718112539589E-010  -6.8367486350909446E-010   2.6655878102384994E-009  -1.8375815595143282E-009  -1.9387763613112547E-009   6.6734666858646593E-010   5.6943623447404640E-009  -5.8605422552596569E-009  -7.4905276867445356E-009  -2.6291193633945922E-009   3.7924953433823484E-009  -5.0106653327126533E-009  -2.2110064667417827E-009   5.5251841894758529E-009   8.8269387441187588E-009   1.4648788629467450E-009   1.2864511137469797E-010   3.2779769974963366E-010   6.4919746784689714E-010  -6.3881432862368711E-011  -3.0667460305274268E-010  -5.4954025889371507E-011  -7.5498583766288687E-008  -1.2127130145467117E-008  -5.3625641892342382E-008   4.4869529011346102E-008   2.3625884418466839E-009   3.2625339361836409E-008  0.14203762207650172       -7.9952140322173963E-010   3.1333199500538305E-009  -3.4818021898537538E-009  -9.6804905588183886E-010  -4.4382873539386316E-009   1.7675524847390712E-009   5.5955527843520414E-008  -2.0928955387456783E-009   4.1470320943854169E-008   1.9594596031866985E-009  -1.6686366569544696E-009  -2.1455541123800156E-009  -1.1457614405879517E-009   1.4066683992220308E-009  -1.4831266978986473E-009  -8.2603689571320070E-010   1.8292388490850845E-009   2.7768875842379638E-009   2.3576542131317907E-010 -0.64418766962987262      -0.19696218763766821        1.3066935064826832E-009  -1.3619419764562010E-009  -1.7044432550140564E-009  -6.1776135152059832E-010   8.6878003660739590E-010  -1.1353510154016614E-009  -4.9522329379490338E-010   1.2467728807615381E-009   2.0263530144861401E-009   3.4112976884431422E-010 -0.10059960064185880     
