 3.4073679395606343E-007  2.2259363510265792E-012 -2.1522433550893629E-012 -2.5342677025367704E-008 -2.5123348079591117E-006 -1.1464529566233525E-011  1.0359862469924766E-011 -1.1522570220683814E-008  1.9158412541528930E-008  7.0930441926305721E-009  6.0226148700181208E-009 -5.2353435158522767E-009  1.0913976349040073E-008 -1.3923069045787458E-008 -3.3463422824145219E-008 -7.5671519435802865E-008  5.8477007492430108E-008  6.2077428331729652E-008 -1.8732301846305595E-007 -1.7181535417053502E-008  3.4314827716823947E-008 -3.6010249786566269E-008  2.9633346990685109E-008 -1.6745732485083256E-008 -7.3904124335807687E-009  3.4750545306973834E-008  5.1567239660567436E-009  1.4868526137888322E-008 -9.9962063214368838E-009  1.6538229581747915E-008 -2.4754338954443468E-008 -6.7305819201850513E-005 -2.7155576121383789E-010  2.3506070006014226E-010  4.4947892289385659E-007  1.0163861022645770E-006 -7.8543303543221032E-007 -8.3381615138923864E-007  2.5160428895484053E-006  2.3077689571116300E-007 -4.6090220041930031E-007  4.8367395011463032E-007 -3.9802091159382355E-007  2.2491794253352255E-007  2.1958988305619175E-011 -4.5510159865933560E-011 -3.0579375855321123E-012 -6.1229664530640374E-012 -5.5892611940259952E-011 -3.2450624241865595E-011  5.6938335560689348E-011  2.7147203015505102E-011 -1.5332506945349938E-011 -1.7176393014371343E-011  2.9804643916461714E-011  5.3238541241099968E-011 -4.6232461116326975E-011 -1.1578647729308413E-011  4.4792322343290892E-011  4.8261504415025272E-008  4.7026218243454882E-009  2.1865000426408877E-008 -1.4036652989428909E-008  2.1954879555311493E-008 -3.4224851434774732E-008  9.6611232244014319E-009 -2.6730425847562849E-004 -8.5769351618533793E-010  8.3622516798683213E-010  9.1624795875183832E-007  2.0718491921638309E-006 -1.6010395519805933E-006 -1.6997109448695368E-006  5.1287609419844238E-006  4.7043531286169399E-007 -9.3952717840335929E-007  9.8593046726776134E-007 -8.1134120959211007E-007  4.5847524232834238E-007 -5.3738151267694416E-004 -1.7456079622443575E-009  1.6980515592121488E-009  6.3163439448288401E-008  4.8116471959641068E-009  2.9267817134063451E-008 -1.8453861546931685E-008  2.8191984147337186E-008 -4.4709577903733778E-008  1.0730809812304117E-008  1.7638496987123830E-011 -1.5033203246401265E-011 -1.2020049331345719E-011 -1.4385017875751832E-011 -2.2895341305075408E-012 -1.6599122004521040E-011  2.5225182278919674E-011  2.0183945877099723E-011 -1.3673975014969675E-011 -3.0241756918447872E-012  3.3877634997028187E-011  2.8431210656497205E-011 -4.5125119103281574E-011 -2.6724692759004600E-011  3.5138069372182819E-011  4.4006074814969052E-007  9.9506181724728035E-007 -7.6893941158870652E-007 -8.1634270281741509E-007  2.4632334015144233E-006  2.2593925457576971E-007 -4.5123308348422265E-007  4.7351997783267965E-007 -3.8966910822616856E-007  2.2019264524933434E-007 -5.8780004313475999E-009 -7.3866914958931323E-010
 2.2259363510265792E-012  3.4074125413094813E-007  4.8952335664809424E-013  8.0784821674871136E-008 -1.1397320249803278E-011 -2.5123535330752290E-006 -2.1843264659978784E-012  3.6732561666542089E-008  4.3870528407587656E-009  1.0865921759699346E-008  8.7947283247455214E-009 -3.9721569446425322E-008 -4.5522300903322362E-009  3.5334516509178024E-008 -5.6402906825866668E-008  6.2078889930158435E-008 -1.6222702448737931E-007  4.6038921890243881E-008 -4.1580997240350247E-008  2.9633518383497556E-008 -1.3412532168809766E-007  1.7424610108386945E-008  1.1786911221192467E-007  1.0792934728599709E-007  2.3541922548571318E-008  3.5636835954123336E-009  1.9691608869287933E-008  1.2860329157318909E-008 -6.4060124411782082E-008 -2.7408624135119725E-009  6.0496440971410123E-008 -2.7081680807693040E-010 -6.7306221335216115E-005 -5.5738764576434016E-011  7.5758309373494035E-007 -8.3381596546451865E-007  2.1789655481541301E-006 -6.1838097706413364E-007  5.5850467510316983E-007 -3.9802340065737233E-007  1.8015162102400646E-006 -2.3404310773786098E-007 -1.5831716595903681E-006 -1.4496595959074481E-006  4.5375085881334882E-011  4.7976982159093930E-011 -2.4487506241710048E-011 -1.3320145321448684E-010  2.7306840776953565E-011  5.3494710669125209E-011 -5.9381017364803625E-011  1.4321146142774189E-011  1.5300118789828818E-011  1.3813154491698553E-011  1.0635790125830448E-010 -7.8400728339872218E-011 -5.3628929729542962E-011  5.8047410168357027E-011  7.6433409555547474E-014  3.5986540596437276E-009  2.7335042741184064E-008  1.6897726912462095E-008 -8.6534859799364519E-008 -2.1141765589828249E-009  8.2936205705503282E-008 -3.1694399997750447E-008 -8.5482772636171624E-010 -2.6730598111486694E-004 -1.6661498460709976E-010  1.5442590672563715E-006 -1.6996366414044881E-006  4.4416491804868221E-006 -1.2604947352869285E-006  1.1384708393711103E-006 -8.1134621426663835E-007  3.6721980400403059E-006 -4.7707213396284901E-007 -3.2271340249467937E-006 -2.9550212593536276E-006 -1.7398395317800119E-009 -5.3738499786241489E-004 -3.4034263980182708E-010  4.0038211645679268E-009  3.5768118979868218E-008  2.1600540686428957E-008 -1.1198073826421236E-007 -1.8626265744000752E-009  1.0797691710194791E-007 -3.5468014661521636E-008  1.1966823510373848E-011 -7.1300294189208224E-012  1.3029591634647797E-011 -4.5734719887310805E-011 -8.2765375774636227E-011  2.4713549751688195E-011 -1.3277759144496351E-011 -1.3279204281309125E-011  2.7379921629984160E-011 -3.1318569915324839E-012  1.0615687567953915E-011 -3.7427429477806169E-011  2.7086982412515679E-011  9.9117097916152082E-011 -2.9488754205752354E-011  7.4167611953409822E-007 -8.1629158563907703E-007  2.1332292698573044E-006 -6.0539138164552638E-007  5.4678723039691535E-007 -3.8967155069452697E-007  1.7636697016746512E-006 -2.2912831752339235E-007 -1.5499196199339547E-006 -1.4192330551469732E-006  1.9671933463163695E-008  2.4860905330072095E-009
-2.1522433550893629E-012  4.8952335664809424E-013  3.4073989034026906E-007  2.6274926547599503E-008  1.0402787746261755E-011 -2.3089630829828778E-012 -2.5123494906401784E-006  1.1941676449885732E-008  1.1455289606662705E-008  5.1486209744822650E-009  3.7897055407824642E-009 -3.0670804257757077E-008 -4.8381948255356554E-009  1.9215514665336901E-008  4.3586094165442112E-008 -1.6222665455108461E-007 -1.7181564433044424E-008 -3.6010270697599351E-008  3.4218192075753383E-008 -2.2466610959067977E-008  1.2987445963839574E-008  1.1786759960711562E-007  1.4480216733758644E-007 -7.5046939684855096E-008  7.6751325391724532E-009  2.3389873135806078E-008  6.3223589227364717E-009  7.7899558560161712E-009 -5.1072809362944743E-008 -1.4319126342878877E-008  2.7682936171022530E-008  2.3404524375656452E-010 -5.4920696593762500E-011 -6.7306164978242963E-005 -5.8543492625107835E-007  2.1789602858569340E-006  2.3078404667364016E-007  4.8367412573296363E-007 -4.5960608400321815E-007  3.0176924916669398E-007 -1.7444307500523964E-007 -1.5831651039525134E-006 -1.9449203415050580E-006  1.0080053250890323E-006 -2.0271164068039972E-011 -9.2283475711160188E-012  2.6101516986229940E-011 -3.3439892661083042E-011 -1.9154440623150011E-011  6.9048617220392135E-011 -8.2867055782570950E-012  5.4319646679345488E-012  2.3498909834786396E-011 -3.0150264905552484E-011  8.1538302348164429E-011 -9.9439823250939762E-012 -1.0979194006739004E-010  2.4220859503758437E-011  2.3194152096290246E-011  3.3341896975442628E-008  7.8381395029945578E-009  1.1094122505430882E-008 -6.9505564739053327E-008 -2.1686810036633943E-008  3.6163667759558275E-008 -1.0376418923817282E-008  8.3190517118844726E-010 -1.6280545046797071E-010 -2.6730544842559035E-004 -1.1933652404543514E-006  4.4416386110421699E-006  4.7044182467553797E-007  9.8593084226584852E-007 -9.3685248510867802E-007  6.1513663752397296E-007 -3.5559147980017634E-007 -3.2272025520850113E-006 -3.9645625784119931E-006  2.0547681281802687E-006  1.6894199018941445E-009 -3.3277112718242720E-010 -5.3738392872327700E-004  4.4099928839783306E-008  9.7543058470991222E-009  1.4668039186204163E-008 -9.0204631487318163E-008 -2.9382343524606453E-008  4.6104702642474404E-008 -1.1576632868952615E-008 -1.3319196774794423E-011 -1.4528736773904284E-011  2.2474775292412480E-011 -1.2348285453833984E-011 -4.3334412764993479E-011  3.5745055963332979E-011  1.7851990801921380E-013 -3.8908533389327536E-012  1.9252836556159031E-011 -1.9574704567715763E-011  3.0477671213977944E-011 -4.9836650612371253E-012 -4.1189403804182807E-011  3.7283229406810710E-011  3.0993324160262383E-012 -5.7315080022215791E-007  2.1332241003543193E-006  2.2594748964058527E-007  4.7352015541084735E-007 -4.4995231897148471E-007  2.9544233498521737E-007 -1.7078242857889457E-007 -1.5499628426382718E-006 -1.9040954285564674E-006  9.8686277760949780E-007  6.4390319674197959E-009  8.1460918906293791E-010
-2.5342677025367704E-008  8.0784821674871136E-008  2.6274926547599503E-008  4.3666052705426167E-001  1.7033372134081719E-007  3.1556470905304166E-007  4.2308850499860635E-007  1.9844870494442993E-001  1.2785483269472700E-007 -2.3827330325466818E-007  1.7985846710237983E-007 -3.9501309090869278E-008 -6.9345261452984826E-008 -8.8354146251680129E-008  3.2988921399823157E-009  1.0606782160423140E-008 -2.3529975644313936E-010 -4.0637004045424627E-010  8.7071746028757571E-009 -4.0195592243960327E-009 -1.4950634200556039E-008 -1.3120364241806538E-008  9.4516164366365384E-009  9.9547210402725860E-009  1.2752061308074461E-001  1.6355058291035266E-007 -1.9276468426689101E-007  1.7181481989009484E-007 -1.0690354512025894E-007 -4.2448839865514548E-008 -5.6645758723761985E-008  6.8388396169311732E-008  2.0562738826004631E-007  1.5830504495147827E-007  9.1622091236976811E-010  1.9944330279529067E-008 -7.3208655712539327E-009  6.3037733587038040E-010  1.1057755005106457E-008 -1.8596172935098611E-009 -2.1227641589129359E-008 -1.6578782546641566E-008  8.5355480860799972E-009  1.7813745166869267E-008  3.9070814265066889E-005  9.9559948055146121E-005 -7.6936781805738729E-005 -9.4898160019839364E-005  2.8635690554274054E-004  2.6265581468037497E-005 -6.0571804825167794E-005  6.3564195447340675E-005 -5.2308083146479401E-005  2.9558827820412375E-005  1.5659712525827019E-004 -2.2925120288592687E-005 -1.8018350238920692E-004 -1.9051271525111514E-004  8.7621631203292860E-005  2.5464072257869443E-007 -2.3597797754194951E-007  2.5019150763275665E-007 -2.2134180602786530E-007 -5.9997779806486987E-008 -3.3299054387529885E-008 -1.6683142811331905E-001 -5.2051842451067045E-008 -1.3753724527973026E-007 -1.2623788660860549E-007  4.5461510409499093E-010  1.2901314245624531E-008 -5.6909073104721749E-009  4.3763495330129322E-010  7.2168461946662856E-009 -1.0475758201516363E-009 -1.4191181905728412E-008 -1.0535451387286027E-008  6.1381549695523782E-009  1.2094413265231059E-008 -3.7654765609957958E-008 -1.0571299611412647E-007 -9.4391311235229723E-008  3.6563511183044840E-007 -2.9773914034581816E-007  3.4268083414253098E-007 -3.4535362017564219E-007 -7.4297062755490795E-008 -2.0281256016316512E-008 -1.8461741630874104E-001 -4.9113187433577796E-005 -1.2514986334507934E-004  9.6711880465501779E-005  1.1928962059826515E-004 -3.5995729266162312E-004 -3.3016406908884643E-005  7.6141211240374112E-005 -7.9900460890859878E-005  6.5752006555333238E-005 -3.7157593136990339E-005 -1.9684602556480204E-004  2.8817940189128261E-005  2.2649407060933581E-004  2.3947838494020837E-004 -1.1014200527776996E-004  8.0683881203974129E-011  3.5700627589178326E-009 -1.6466791797621056E-009  1.4484322381290249E-010  1.9391607453592520E-009 -2.5310054646316958E-010 -3.9162349381099451E-009 -2.8571462516321839E-009  1.6841174462313815E-009  3.3569528915535857E-009  1.0124178164087819E-001  1.2727685859406954E-002
-2.5123348079591117E-006 -1.1397320249803278E-011  1.0402787746261755E-011  1.7033372134081719E-007  1.8524055509983750E-005  4.7579637798079897E-011 -3.5515591901259830E-011  7.7460554299475531E-008  4.8821395051910964E-008  1.0430383896490756E-007  4.3474965945733067E-009 -1.3306414636692362E-008  5.4766088375990068E-008 -3.5514980268432567E-008  2.4673237977159877E-007  5.5794811648181451E-007 -4.3116720358709154E-007 -4.5771062934637294E-007  1.3811769669975576E-006  1.2668440531001275E-007 -2.5301380363646891E-007  2.6551074309127441E-007 -2.1849447798663304E-007  1.2347303550457348E-007  4.9638988575258927E-008  3.1197247145215627E-008  2.6095509819855890E-007 -6.3863279562806873E-008 -1.3782063170528896E-009  1.0705426565260913E-007 -2.9819041054367538E-008  4.9626213602752683E-004  1.0134030418219533E-009 -6.4653724951619475E-010 -3.3140966247108252E-006 -7.4941085760468169E-006  5.7912167351920655E-006  6.1479120316266258E-006 -1.8551378915458298E-005 -1.7015848291322170E-006  3.3983728991010498E-006 -3.5662231272080668E-006  2.9347128868720136E-006 -1.6584123189905636E-006  2.1138749163846231E-010  3.0515297590972274E-010 -4.9583561923428319E-010 -2.6077574344681886E-010  1.2751457947371501E-010 -1.1055185446584661E-010 -4.1536523930343216E-010 -6.1359628318703095E-010  1.4786527048180649E-010  9.5318328699803995E-010  4.8764063160553528E-011 -8.9473305278583642E-011  1.7511573594127383E-010 -5.5704526760284669E-012 -3.6754647032224685E-011  2.5286470223355908E-008  3.8544445243794615E-007 -1.1116813039105256E-007  5.2304011867635849E-009  1.5110123613640717E-007 -3.0516871342968315E-008 -6.5439679117396724E-008  1.9708991529244812E-003  2.3966064555789823E-009 -1.8508339277158779E-009 -6.7556766014357016E-006 -1.5276343314835501E-005  1.1804910808265130E-005  1.2532346876238277E-005 -3.7815566847331866E-005 -3.4686556073557533E-006  6.9274214359405300E-006 -7.2694593512684434E-006  5.9822321710995120E-006 -3.3805259221391094E-006  3.9622442767107326E-003  4.9752845970816469E-009 -3.8455486538663673E-009  2.3356317012546331E-008  5.1701760379079556E-007 -1.5759574480483692E-007  1.0702193006943537E-008  1.9903333331396160E-007 -3.4058510001131567E-008 -7.3026629919797525E-008  9.4001767597226694E-011  8.6104537988164972E-011 -2.1710771730699954E-010 -8.0516800936367611E-011 -1.3906150062827927E-010 -8.4608589509384218E-011 -1.6876386037015298E-010 -3.7035477625396842E-010  1.1089912033599439E-010  4.9315386922742393E-010 -7.1942490749198977E-011 -2.1703213572053865E-011  2.0689243810813300E-010  1.2535353704591944E-010 -6.9613138745588378E-011 -3.2446545372675211E-006 -7.3368785859806724E-006  5.6696045658996738E-006  6.0190763222101107E-006 -1.8162002184046584E-005 -1.6659154570106104E-006  3.3270796408379368E-006 -3.4913559895201715E-006  2.8731328398949029E-006 -1.6235706295466917E-006  4.0133153627615381E-008  5.0512424169336060E-009
-1.1464529566233525E-011 -2.5123535330752290E-006 -2.3089630829828778E-012  3.1556470905304166E-007  4.7579637798079897E-011  1.8524095831152086E-005  1.3751476205955565E-011  1.4341693312377705E-007  3.8131199966365423E-008  2.3221255672346592E-008  4.9507426163139133E-008 -1.0396233173747720E-007 -5.4408775063520005E-008  6.5831132484696596E-008  4.1586966333810191E-007 -4.5772161012683409E-007  1.1961336198922524E-006 -3.3945350642881768E-007  3.0658254023167996E-007 -2.1849419576622636E-007  9.8893358537313023E-007 -1.2847567547564686E-007 -8.6907202361316251E-007 -7.9578524681224691E-007  9.2195943019241100E-008  1.1672914237055117E-007  1.1669143641174546E-008  1.0105856420111128E-007 -1.8155257489195185E-007 -1.6207358069983044E-007  6.4823431373550410E-008  1.0081631854991902E-009  4.9626244331156348E-004  2.7346010920156012E-010 -5.5858087229822372E-006  6.1479141757850635E-006 -1.6065966687531790E-005  4.5594372767799835E-006 -4.1179322647960502E-006  2.9347115315889052E-006 -1.3282952510649948E-005  1.7256508038226884E-006  1.1673036676583061E-005  1.0688640378232021E-005 -3.8638927112208922E-010 -2.5058164401709691E-010  1.7508885640714316E-010  8.2215878364986634E-011  3.9144385924336437E-011  5.9652294744823718E-010  1.9755263460176584E-010  1.0234176305790708E-010  7.1145881909358966E-011 -2.5136990537457465E-010  4.3922359883268403E-010  8.0592891179689037E-011 -8.5376524596593939E-010 -1.0976938814675570E-010  1.4644142900742279E-010  1.7696277984792142E-007  6.6829649503404830E-009  1.4389496853907418E-007 -2.4951317676622309E-007 -2.4487197185481533E-007  7.2550397172396743E-008 -1.2075532791361497E-007  2.3751338973953533E-009  1.9709012982996972E-003  6.7704810781051259E-010 -1.1386124858502807E-005  1.2531806019112947E-005 -3.2749204228810669E-005  9.2938607818998895E-006 -8.3941032367312174E-006  5.9822287284487878E-006 -2.7075876979276637E-005  3.5175572784320057E-006  2.3794294864534356E-005  2.1787983225101959E-005  4.9322687752658856E-009  3.9622487526626135E-003  1.4018352458222531E-009  2.3945645204616800E-007  3.6094928330414725E-009  1.9020767381487977E-007 -3.2486209640030787E-007 -3.3110257601000253E-007  8.5405644337300374E-008 -1.3457986620149889E-007 -2.5295982078450471E-010 -2.5906108129312461E-010  1.8898845923583610E-010  1.4867365416813073E-010 -3.5103329121786365E-010  2.9568071164661190E-010  1.7800405897983404E-010 -2.3984948579110075E-011  1.0874940630688715E-010 -1.7111113521351101E-010  4.5579255657478179E-011  5.6820346197189593E-011 -2.2873904028396487E-010  2.0482442366721985E-010 -3.8108192827866101E-011 -5.4685234304729848E-006  6.0187027719333529E-006 -1.5728743578773013E-005  4.4636626147617107E-006 -4.0315380209699049E-006  2.8731314614921483E-006 -1.3003902084219103E-005  1.6894132841858981E-006  1.1427862647111283E-005  1.0464298965756819E-005  7.3810694943384030E-008  9.2803804468783485E-009
 1.0359862469924766E-011 -2.1843264659978784E-012 -2.5123494906401784E-006  4.2308850499860635E-007 -3.5515591901259830E-011  1.3751476205955565E-011  1.8524106158859475E-005  1.9236056492653654E-007  1.4942637041107386E-008  4.1039958739128621E-008  5.5722532077187034E-009 -1.1101554591972850E-007  2.5929778371102158E-008  9.6072908775376752E-008 -3.2136941086322975E-007  1.1961341519074418E-006  1.2668215692571006E-007  2.6551070144286832E-007 -2.5229525518239589E-007  1.6565160770530944E-007 -9.5760284518724700E-008 -8.6906317881812532E-007 -1.0676582485001364E-006  5.5333814343588309E-007  1.2334253292805262E-007 -2.4361303591241864E-008  9.3887534656616159E-008 -1.1625183793342816E-008 -1.7029466734933684E-007  1.0553949402781288E-007  1.9465597135044399E-007 -6.3819029544108591E-010  2.6633673605000861E-010  4.9626311821568381E-004  4.3165343980977151E-006 -1.6065970042130622E-005 -1.7016042240385563E-006 -3.5662232427854254E-006  3.3887370601168656E-006 -2.2250153620296842E-006  1.2862178593530458E-006  1.1673015006395674E-005  1.4340327701680402E-005 -7.4322507795918603E-006  4.8101419610415796E-010  4.1878110790314291E-010 -2.8166747142362707E-010 -6.9627477675248779E-010  2.3859262789885788E-010 -1.4868436865062769E-010 -4.1226867653852839E-010 -2.5941984455281836E-012 -8.7373444685386917E-012  2.8360107648023264E-010  3.1211268920701442E-010 -3.4104115787143835E-010  1.4801141153378017E-010  1.6320471232543989E-010  3.8313201667371361E-013 -5.0297388560607983E-008  1.3652975491524480E-007 -2.2903072338600825E-008 -2.2678271875492900E-007  1.6544297158354999E-007  2.7708010734687927E-007 -1.6299032262898291E-007 -1.8165345103374270E-009  6.4737911128375263E-010  1.9709017009406104E-003  8.7989320359190765E-006 -3.2749212509849183E-005 -3.4686357324617436E-006 -7.2694595058172983E-006  6.9075384326061800E-006 -4.5355465912492489E-006  2.6218764480030048E-006  2.3794855172559400E-005  2.9231596130056619E-005 -1.5150269465409139E-005 -3.7768405438760520E-009  1.3424619999996846E-009  3.9622495749599565E-003 -7.4713637982836982E-008  1.8196988277323052E-007 -3.3621129427801513E-008 -2.9151914009720059E-007  2.2691747798475114E-007  3.6623277811741892E-007 -1.8202115419855346E-007  1.8757721758956874E-010  4.9840954569350730E-011 -1.2230170348507116E-011 -2.1898617336367352E-010 -3.7478631255720333E-010 -1.1051575278657357E-010 -1.1958103875496946E-010 -1.1169828466377940E-010  9.3566139180570575E-011  9.5485157118383389E-011 -8.5102452633571354E-011 -1.4685809896787775E-010  3.6847884380498817E-010  4.2620732212895597E-010 -1.4685195740135116E-010  4.2259609787732322E-006 -1.5728746887476036E-005 -1.6659435753618840E-006 -3.4913560307825209E-006  3.3175585036390272E-006 -2.1783655805185369E-006  1.2592271301913235E-006  1.1428207821143103E-005  1.4039316410152239E-005 -7.2763621566300501E-006  1.0014975928130624E-007  1.2611741060952373E-008
-1.1522570220683814E-008  3.6732561666542089E-008  1.1941676449885732E-008  1.9844870494442993E-001  7.7460554299475531E-008  1.4341693312377705E-007  1.9236056492653654E-007  9.0415390904419454E-002 -3.7368028910796942E-008 -4.0341473987460871E-008 -6.1178109594250091E-010  7.4622582638246325E-008 -1.7446872811345242E-008 -3.7254679008675112E-008  1.4971340200983928E-009  4.8131706057077675E-009 -1.0572167317427045E-010 -1.8514084835302067E-010  3.9521036416702825E-009 -1.8234756502872673E-009 -6.7814233085261217E-009 -5.9528455950690035E-009  4.2850716658205502E-009  4.5157879955659802E-009  5.7418887973608432E-002 -1.9284366097536152E-007  2.1585608442478089E-007 -2.0707113714499924E-007  1.4699291618648416E-007  5.4834323603555080E-008  4.5851011582533984E-008  3.2253048789744509E-008  9.3688434297716925E-008  7.3480317170281500E-008  4.2315040422473058E-010  8.9353246701988261E-009 -3.2761113678076826E-009  2.8578754098405041E-010  4.9599712876356783E-009 -8.5350378255784810E-010 -9.5578192055612897E-009 -7.4610579409338565E-009  3.8878393284546705E-009  8.0030131279262277E-009  2.1499573426119351E-005  5.4785431879621351E-005 -4.2336459630547939E-005 -5.2219501983953668E-005  1.5757322112655412E-004  1.4452918540839942E-005 -3.3331820052901076E-005  3.4975984065218652E-005 -2.8783040644125566E-005  1.6266900313850547E-005  8.6169731207087617E-005 -1.2615448890525520E-005 -9.9147982516003782E-005 -1.0483269573352903E-004  4.8214786192662434E-005 -2.8559383363607488E-007  3.7200273656482663E-007 -3.2593151222575089E-007  1.8006507447149030E-007  9.1262346665008185E-008  1.0552879640889700E-007 -8.6082617427314934E-002 -1.9754477731676727E-008 -6.3115401020756614E-008 -5.2873364596079879E-008  2.2540145579941491E-010  5.8844803528648036E-009 -2.6017191628079688E-009  2.0548677563597149E-010  3.2997798225235601E-009 -5.0789945647754137E-010 -6.5523104067625227E-009 -4.8601540085337342E-009  2.9063669075763797E-009  5.5617516829710121E-009 -9.2427922339280738E-009 -4.9907533513817901E-008 -3.3823108043889415E-008 -3.7432251024308245E-007  5.2405225771577473E-007 -4.4285552984730396E-007  2.1292956879703570E-007  1.2998997887165878E-007  1.6139308860417491E-007 -1.0154272149708662E-001 -1.9898586396052943E-005 -5.0705212316430397E-005  3.9183390975611079E-005  4.8331253398261313E-005 -1.4583981735995059E-004 -1.3376995969854973E-005  3.0848771238966767E-005 -3.2373044858312292E-005  2.6640211224387382E-005 -1.5053947994999043E-005 -7.9754285095946954E-005  1.1675616661877558E-005  9.1766729339165818E-005  9.7026965152430567E-005 -4.4625318812646076E-005  4.2915813200644967E-011  1.6212668725217147E-009 -7.5731507238085326E-010  6.9569530044571372E-011  8.8255594855607854E-010 -1.2715107268726510E-010 -1.8177461277393975E-009 -1.3204577596662619E-009  8.1749534735352692E-010  1.5486802502874800E-009  5.8359204143619933E-002  7.4948342564508845E-003
 1.9158412541528930E-008  4.3870528407587656E-009  1.1455289606662705E-008  1.2785483269472700E-007  4.8821395051910964E-008  3.8131199966365423E-008  1.4942637041107386E-008 -3.7368028910796942E-008  2.1062600171991516E-002  3.2387719794762680E-003 -2.5028286254139137E-003 -1.2000248561466134E-002  6.9433243932573736E-003 -9.0623516106834549E-003  3.0621127469426304E-009  1.0504325532669841E-008  4.1594918383382802E-009 -3.8603607408111590E-010  9.6097671377587037E-010 -3.7222195340159546E-009 -7.4463365469138800E-009  3.9128634931789243E-009 -5.1401641200507855E-010 -6.0167780777969063E-009 -6.5137711415311763E-008  3.9923094568979120E-002  2.0235881572623453E-003 -1.5637672749317481E-003 -2.0879333605027847E-002  4.3381906831597219E-003 -1.9043760963632639E-002  1.4091970587314807E-008  1.9386421591800871E-008 -8.9132679327414212E-009  6.9683591995401143E-009  2.0636593494011036E-008  1.1814250108155476E-008 -2.7670259087100477E-009  1.1220317647077248E-009 -6.5820085388092084E-009 -1.4465088776799373E-008  1.4531471129446532E-009 -1.2296402962445334E-009 -9.8889338363691153E-009 -1.0309184702293166E-005 -2.7567120640029561E-005  2.1226229947978874E-005  1.7595994794941098E-005 -4.0434399137838977E-005  5.1332666861448131E-007  2.1902076052613332E-005 -3.9615366950308565E-006  7.6004548785368541E-006 -1.8273474832507528E-005  4.3022229529612292E-005  5.5427089337993481E-005 -9.3169709195441429E-005 -2.5289067638749420E-005  5.2746966151617497E-005  5.6012395746874874E-002  1.5896000147094871E-003 -1.2283918254523242E-003 -2.8727135321375694E-002  3.4078037475571941E-003 -2.7285260425534554E-002  6.3299718405754114E-009 -1.3487652909791441E-008 -5.9065856785560960E-009  3.8286971039744094E-009  5.3171022950737359E-009  1.6784987584024390E-008  9.4255197844886797E-009 -2.5394403699217039E-009  4.9589074379711534E-010 -4.5941994959540400E-009 -1.1116262031772486E-008 -1.6409073622964210E-010 -1.8709570390278940E-009 -6.9030615274323858E-009 -1.5467082825291410E-008  7.9726483483841879E-009  5.7154226610799835E-009  7.3615186987506354E-002  1.4209864074105020E-003 -1.0980886975064698E-003 -3.7452037657058908E-002  3.0463211254173894E-003 -3.6163149330332905E-002  3.6406883471150922E-008 -3.0160059268641762E-006 -1.4062376797685991E-005  1.0761672702112565E-005  7.6044401910442060E-006 -2.3537389966687890E-005 -2.3064635119208427E-006  1.0819348503241415E-005 -3.0612028420349811E-006  4.3509790328838836E-006 -8.4799868195411819E-006  2.5013292566501261E-005  3.1362747018069712E-005 -5.1543293492367810E-005 -1.3819012358773057E-005  3.0655322693483443E-005  1.7675067982342935E-009  6.3710256858887061E-009  3.0825676626007811E-009 -8.0238290255619527E-010  2.2492478980069463E-010 -1.5689752167356123E-009 -4.2129387635009679E-009  6.2883986792835770E-011 -7.1877496560073752E-010 -2.3444811330491085E-009 -1.5535177113073307E-008 -1.9158751579986425E-009
 7.0930441926305721E-009  1.0865921759699346E-008  5.1486209744822650E-009 -2.3827330325466818E-007  1.0430383896490756E-007  2.3221255672346592E-008  4.1039958739128621E-008 -4.0341473987460871E-008  3.2387719794762680E-003  1.6330531835642106E-002  8.0174585688582364E-003 -1.9704671289017643E-003  1.7796525515663324E-003 -1.2683048505532355E-003 -5.1402198011520076E-009  4.4048711211071295E-009  3.3296039430627313E-009  5.6577801863706389E-009  6.0860588736423477E-009  1.2385484827342768E-009 -3.0700478639035457E-009  9.2141133129020867E-010 -2.8596922900641673E-010 -3.1685199938505525E-009  4.1883577759998916E-008  2.0235880009210599E-003  3.6966497739878541E-002  5.0093150767897866E-003 -1.2311444050863299E-003  1.1119272948934495E-003 -7.9244359587820213E-004  6.7337984943286448E-008  7.4506271389217862E-009  2.0867325220536494E-008 -1.2230219255746032E-008  8.5325850293972126E-009  3.1243216075601193E-009  1.7812184898831487E-008  1.4107034938632688E-008 -1.4036240719190039E-009 -5.5370716996520183E-009  5.9313492227557179E-010 -1.1038237740793513E-009 -2.7708285386100505E-009 -6.8793242333144979E-006  7.1962121888407441E-006 -5.7752502167713254E-005 -1.5001391982276435E-005  1.3857327886598802E-006  2.7085751410269122E-005 -2.4049592386416636E-005 -7.5756806499878949E-005  2.2611182313133263E-005  1.1421829186367952E-004  6.3964224777759868E-006 -1.2006324523144012E-005  3.7653074791340886E-006  1.0973460284955995E-005 -1.7562737868182813E-005  1.5895998271736600E-003  5.3689900906756141E-002  3.9350014222517340E-003 -9.6710109881535146E-004  8.7345929310221788E-004 -6.2249872835542456E-004  3.9000307418000933E-008 -4.5700420383355022E-008 -7.9755783582002519E-009 -1.2061511603579848E-008 -1.0364105527483987E-008  6.3766853677305093E-009  1.4369852722437727E-009  1.6275983525612807E-008  1.0897557826159009E-008 -2.3710774420657775E-009 -3.9361915036040238E-009  3.2226134986108453E-010 -1.0957304445166948E-009 -1.3112649434220995E-009 -4.0877303128778141E-008 -1.0773412922807933E-008 -6.1922232074328764E-009  1.4209863116701263E-003  7.1539056856423769E-002  3.5176046414140717E-003 -8.6450827411352002E-004  7.8080718377115856E-004 -5.5647803755457838E-004  3.6205751285045192E-008 -3.0048861409814790E-006  1.9370014391823629E-006 -3.2788033853500256E-005 -9.7100620783580183E-006 -2.8319590027761002E-007  1.4988505566532690E-005 -1.0460453396852077E-005 -3.9643296320956264E-005  1.1435410813718833E-005  6.2336402328837164E-005  5.0009152386762621E-006 -6.1079171147972126E-006  9.2535369592002762E-007  6.3189988762208695E-006 -9.0593629083321485E-006 -3.9199485520342587E-009  2.1756139724290814E-009  5.3980171576426487E-010  6.1380207994421727E-009  3.7967532566843960E-009 -8.7885838386849627E-010 -1.3375325111109958E-009  1.1418557657552360E-010 -3.8112578603833500E-010 -4.8745330475724952E-010 -2.3469143477245308E-008 -3.0418658933466392E-009
 6.0226148700181208E-009  8.7947283247455214E-009  3.7897055407824642E-009  1.7985846710237983E-007  4.3474965945733067E-009  4.9507426163139133E-008  5.5722532077187034E-009 -6.1178109594250091E-010 -2.5028286254139137E-003  8.0174585688582364E-003  2.0247592300607450E-002  1.5412391281031733E-003 -1.4645358105437923E-003  9.6158949729913752E-004 -7.0601905735133033E-009  1.2104323642599348E-009  2.7427441978110056E-009  2.4119229911999441E-009  1.1448462052396068E-008  7.0603169842021673E-009 -7.9397423177806994E-010 -1.0980260103876075E-009 -1.4520496161545716E-010 -1.2259016841613837E-009 -5.6784358209631538E-008 -1.5637668944060833E-003  5.0093136252873510E-003  3.9413883635684599E-002  9.6296502409870446E-004 -9.1503859087324483E-004  6.0080187033542329E-004  3.5047550160467433E-009  2.2385566218481432E-008  3.6855410070559945E-009 -1.2903756230207474E-008  1.0106103525171162E-009  6.6763786370396544E-009  1.5077311539047728E-009  2.0004846494981381E-008  1.5804474543324631E-008 -1.3764373247936090E-010 -2.4331095286042054E-009 -8.2594262096321112E-010 -3.1627461601706766E-009  5.2657390694362088E-006 -5.7752964187715229E-005 -2.0976071188387471E-005 -2.7641982224587843E-005 -1.1826544893897882E-005  1.8392078977100714E-005  8.1259694475540459E-005  6.7762611393884704E-005 -3.1537588106310619E-005 -2.9531197287146064E-005  2.2390236846678636E-005 -2.3731285803368694E-006 -1.1689158557305133E-005  1.1188114687497204E-005 -3.8158053027889679E-006 -1.2283913578541262E-003  3.9349996445651979E-003  5.5612399459406103E-002  7.5644165390692606E-004 -7.1879484617262766E-004  4.7194970394084067E-004 -1.4455806397511310E-008 -5.4494482058368431E-009 -1.3905382233718020E-008 -4.6193707667796720E-009 -9.0378332205947717E-009  5.2175323287967772E-010  5.2377329859114147E-009  3.2334338264712313E-011  1.5512283464468618E-008  1.2093191157066642E-008  4.8639139590666721E-011 -1.7768923698412126E-009 -5.8700970764607370E-010 -2.5795581474762827E-009 -1.3827180364047686E-008 -7.9485053445354803E-009 -8.5038147540953920E-009 -1.0980880474947587E-003  3.5176013692857361E-003  7.3257630815212665E-002  6.7620136144164525E-004 -6.4254335793774344E-004  4.2188668605302147E-004  5.4793959716925819E-009  2.2461564491316565E-006 -3.2788096990800603E-005 -1.4024110483111056E-005 -1.5988613034249252E-005 -6.2206258708901463E-006  1.2042969396831022E-005  4.5635912186224104E-005  3.6083699597393763E-005 -1.7237152881619376E-005 -1.2871091238243746E-005  1.2517392006267491E-005 -2.2684514758667381E-006 -5.9996897567160453E-006  6.9050322457963574E-006 -3.4402882750476192E-006 -3.1513489227462124E-009  2.0839220574965351E-010  1.7180739859692970E-009  1.6794336070924556E-010  5.9482411515026014E-009  4.0600349258682828E-009  3.7829387934795830E-011 -6.1502834960815760E-010 -2.5914569967933201E-010 -8.2216156533952820E-010  1.2575185062941934E-009  2.1892549469720772E-010
-5.2353435158522767E-009 -3.9721569446425322E-008 -3.0670804257757077E-008 -3.9501309090869278E-008 -1.3306414636692362E-008 -1.0396233173747720E-007 -1.1101554591972850E-007  7.4622582638246325E-008 -1.2000248561466134E-002 -1.9704671289017643E-003  1.5412391281031733E-003  2.6068402619510173E-002 -7.4577663105695254E-004 -1.4068154058173526E-002 -2.0224674784688778E-009 -7.2461888325331126E-009  2.1999945359380171E-010  2.6138040241874669E-009 -4.6324334916836686E-011  9.9620929976767309E-011  1.1130715930221293E-008  6.8826331178422817E-009 -7.6872339213306981E-009 -5.2939898644834604E-009  6.9240303131391741E-008 -2.0879333819182930E-002 -1.2311441331529422E-003  9.6296501751898722E-004  4.3050695735176753E-002 -4.6595847448958894E-004 -2.2171361915707965E-002 -4.6297938148743117E-009 -2.0331096235422451E-008 -4.4270720301379527E-008 -3.6041237439422624E-009 -1.6615466375363011E-008 -1.5313405059320674E-009  6.1046065757597809E-009  3.8201989425609576E-011 -1.2691673326246378E-009  2.5500135697596582E-008  1.5921911687884536E-008 -1.7596555148466227E-008 -1.0726098537814950E-008 -1.5681297647163614E-005 -7.9260538780477854E-006 -2.2789378430056644E-005  4.3801959065572500E-005  3.2480143373430303E-005 -1.6255875843053271E-005  1.9642670205358102E-005 -8.0297753548518923E-006 -1.5719490346223359E-005  2.8774419609080134E-005 -5.6089385623937524E-005  7.5380334149542283E-006  5.4725784950738017E-005 -3.1747302914972104E-005 -2.1899959089771653E-005 -2.8727135875541366E-002 -9.6710074226301866E-004  7.5644162787328641E-004  5.8469204537879571E-002 -3.6602155011951614E-004 -2.9742068662439176E-002 -3.1892097504219748E-008  4.4665324957795585E-009  1.0731499460399705E-008  3.2631756193055384E-008 -2.6029952573762987E-009 -1.3680946556430395E-008 -1.4191038877440977E-009  4.6121151696800542E-009  1.4067052248082858E-010 -1.1198309992586197E-009  2.0949626626098408E-008  1.1778555864695683E-008 -1.4425926667823802E-008 -7.7214797388678315E-009  6.0090458302072769E-009 -9.6407262194052358E-009  2.7172653363451739E-008 -3.7452038398129966E-002 -8.6450762868582262E-004  6.7620134676757079E-004  7.5811352452337444E-002 -3.2719080875884656E-004 -3.8359314054220002E-002 -7.5527381776645003E-008 -9.6997557591883158E-006 -5.4639833876705990E-006 -1.3110826381665354E-005  2.6594213833789891E-005  1.9213790151149863E-005 -9.5554276043019823E-006  1.2702923269961153E-005 -3.8665298050561445E-006 -9.7120569979703655E-006  1.5992767542091861E-005 -3.3356151270770850E-005  4.9556362844699690E-006  3.1999872968337601E-005 -1.9276749912059682E-005 -1.2777062594654335E-005 -8.4735287175996773E-010 -5.2421897752160724E-009 -4.0346464640699305E-010  1.5210022653150874E-009  4.7155117073415136E-011 -3.8415948562841488E-010  7.9746330878952250E-009  4.0593097454068154E-009 -5.4569033295179346E-009 -2.7249061696453256E-009  3.7086315537207615E-008  4.6662704983245411E-009
 1.0913976349040073E-008 -4.5522300903322362E-009 -4.8381948255356554E-009 -6.9345261452984826E-008  5.4766088375990068E-008 -5.4408775063520005E-008  2.5929778371102158E-008 -1.7446872811345242E-008  6.9433243932573736E-003  1.7796525515663324E-003 -1.4645358105437923E-003 -7.4577663105695254E-004  1.3573319733725877E-002 -6.1975477622466775E-003  1.6449649143490574E-010  3.2079162111320323E-009  1.7436844189469695E-009  1.3518104219245121E-009  1.1620491609770630E-009 -1.5725057437563641E-009 -3.3982257721303323E-009  5.7687412585488261E-009  1.3512826323919268E-009 -5.5994310420878498E-009  9.4162780297135045E-009  4.3381918500886192E-003  1.1119275224508026E-003 -9.1503940030820225E-004 -4.6595884620747002E-004  3.5243791210936938E-002 -3.8722330037895634E-003  2.3520850541449792E-008 -2.2420512760322495E-008  2.6251853690488982E-008  9.2648689005227675E-010  7.5083391730813019E-010 -6.5176652129733055E-010  1.0449625599948883E-009  4.3597145043032721E-009 -2.2879751817536140E-009 -7.9714854943428257E-009  1.7652150953921626E-008  9.9440365414218827E-009 -1.2671338415726411E-008  9.8442570347267940E-005  3.1602944310611484E-005 -3.3965533533482196E-005 -7.4199660622902667E-005 -9.1584156101669510E-006 -9.8726540202686528E-005 -1.2006322264675494E-005  3.0559482647238795E-005 -2.6291627413850399E-005  1.1187840014726641E-005  2.4986814626165563E-006 -5.2960925207964998E-006  6.9810426487840226E-005  1.2122372469347168E-005  1.6461221879010523E-005  3.4078060867215910E-003  8.7345980541734484E-004 -7.1879602646873330E-004 -3.6602258331848610E-004  5.2336650269387927E-002 -3.0417835034182439E-003  1.3799119927159364E-008 -1.5141991021857862E-008  9.2111060005010494E-009 -2.0410222766752088E-008  6.5011792411584441E-010 -4.9294466328242827E-010 -2.0684634934451975E-009  4.5584005226509800E-010  3.5214736487409403E-009 -1.3280646224350592E-009 -6.0988841935433508E-009  1.6371651016535738E-008  8.6754568073714977E-009 -1.0660966487398002E-008 -9.0849571950928515E-009 -6.9208774022572818E-009 -2.5264884055547151E-008  3.0463251235729842E-003  7.8080787007406369E-004 -6.4254533269607773E-004 -3.2719225201085968E-004  7.0329352106491050E-002 -2.7191328715605277E-003  1.3143713939000813E-008  5.2906608274817368E-005  1.6478777433314171E-005 -1.8368219279504403E-005 -3.9023120117778810E-005 -5.9091040487888013E-006 -5.3913693061202148E-005 -6.1079191897420318E-006  1.5379462885847145E-005 -1.3913966410315697E-005  6.9050444562896551E-006  2.0051876401735079E-006 -7.7917619034018062E-007  3.5500767138257319E-005  5.1835623062553619E-006  1.0482019186650081E-005  2.4642753364803049E-010 -4.9043410764625244E-011 -7.8901781849194473E-010  1.7214967770189114E-010  1.1672945339106878E-009 -5.0276687578461384E-010 -2.0094581306229703E-009  6.1841341810440717E-009  2.7450145823153322E-009 -4.0212823005985652E-009 -8.2052018471196631E-009 -1.0566184527767485E-009
