   8.4263309481904969E-002  -9.1982608667335978E-009   2.1048065588392382E-008   6.5673225891048324E-009  -1.8627071159912212E-008  -1.6392538271496388E-008   3.5798721509000571E-009   1.5784685188297725E-008  -6.2201655239968870E-009   2.8423852099772742E-009  0.14996248007697163       -8.3138535569663411E-009   1.4282541836921596E-008  -4.1470831626637529E-009  -7.2984756409940548E-010  -4.9207758728318069E-011   1.3962660965746255E-010   5.5760438020927420E-010   6.0153509931951476E-010   4.2163825808032815E-010   1.2423488377144955E-010  -2.9340709693660911E-010  -1.1747124632223254E-010   1.1462074965353415E-010  -2.8468144244250236E-009  -6.9986621604535274E-009  -9.5938563047338381E-011   2.5239711685279514E-009  -2.4326779025856157E-009   3.2284219525971010E-010  0.12649845729416168       -6.2904055871930503E-009   1.1699107487887934E-008   8.4796109126818982E-010   2.9355782582532142E-010  -3.7894480828741416E-010  -1.1395629471849338E-009  -4.4109388223587255E-010  -3.4998362546125766E-010  -8.4763507503107662E-010  -2.2560758193998061E-011   7.4337253243350476E-010   3.9576021764561044E-010   2.6996273076360597E-010   4.5778558742813968E-010   6.6534054451691995E-010  -1.2901216845211261E-010  -1.7952523105166851E-010  -5.5084667102564054E-009  -4.3611939241904065E-011  -3.4233396470389164E-011   9.3218314009607598E-011   1.3300279005059598E-010   1.5350604756428149E-010  -7.4473497600192079E-011   5.5997391458097457E-011   2.2006129221309074E-012  -4.0894927490050133E-011  -7.1121287401386880E-011  -5.3096913092729578E-009  -6.2159716461034972E-009   7.5040312034200626E-010   4.6066698031376360E-009  -2.3765735560505587E-009   7.0301562129086678E-010   3.2924489267625347E-002  -1.2920294068504457E-009   2.6381552626663422E-009   2.4519182411168654E-009  -8.3806809862188789E-002   4.5133644770119204E-009  -8.5867702299943968E-009  -1.1391613726406109E-009  -1.0646819464035358E-009   2.2180817831312772E-010   9.9391773181739256E-010  -5.8896754076604988E-010   1.4524405279976037E-010   1.1221378178086346E-009  -2.9319346972203042E-003   1.5512220164397825E-010  -2.9781538986346298E-010   4.3291538641009382E-010  -2.2437728515259875E-010  -1.3038173306260644E-010  -2.8348415895979134E-010
  -9.1982608667335978E-009   8.4263317108796726E-002  -1.1180813397205506E-009   2.0880756852353521E-009   7.2710203600232491E-010   1.8404389089050253E-008  -5.3519858246708681E-010   1.1837891615634442E-008  -4.3626327695483420E-009  -1.2564990716369434E-008  -4.7881620993991095E-009  0.14996248530406356       -2.9469388667087214E-009   3.4084943752209166E-010   4.3880588800408018E-010  -2.7687480943305239E-010   9.6122747421743285E-011  -6.1983765305907311E-010   1.3362764462460022E-010   3.1121673401257710E-011   6.3525317007999841E-010   2.9382209961377600E-010  -5.7541789043114812E-010  -2.9064733274243059E-010   3.4263275113743850E-009   1.8929216203982414E-009   1.8691256739749683E-010  -3.7645761005583906E-009  -1.5980368025858961E-009   3.3826762286065547E-010  -4.0858734876084526E-009  0.12649846190225517       -2.1076796331934310E-009  -7.6990998410825822E-011   7.7793769715693918E-010  -5.3248254397771101E-011   3.2651415600342121E-010  -3.4109698158084429E-010  -1.9127505898348736E-010  -8.9993271971333780E-010  -1.0381406466802736E-010   1.6367369008917000E-010   1.3062777703283152E-010  -8.7391188365771433E-010   9.4279263488132027E-011   1.2086126273437185E-009   1.5995957188563302E-010  -5.7914796747273882E-010  -1.5424480876205258E-009   1.0236793410590652E-011  -1.9836450285388777E-010  -1.0305557076226522E-010  -1.9473566808631952E-011   1.1951587362183600E-010   5.7413318336990174E-012   9.8080810951325522E-011   2.0249818040084101E-010   6.6763193240267920E-011  -7.4119773923758760E-011   1.4558869290615909E-009   4.9981428873599610E-009   2.5413739873515571E-010   1.6648586532785855E-009  -1.7657689566196126E-009  -3.1207499249815377E-009  -6.6890843798846301E-010   3.2924489949094547E-002  -8.9940230180140842E-010   1.3545982952751350E-009   3.0073456065330839E-009  -8.3806813132542568E-002   1.4548312472493736E-009   1.9978876955781041E-010   1.0119777637310712E-009   6.5476478897782403E-011   6.3307640956113838E-010  -3.4772984997368278E-010  -8.3286452355840075E-010  -6.7111587266715503E-010   9.8991079295177212E-011  -2.9319347982920681E-003   6.3419811848844098E-011   1.8708906883615700E-010  -6.6103264242189624E-011   4.8603052281068783E-012  -4.9699129037598100E-011
   2.1048065588392382E-008  -1.1180813397205506E-009   8.4263298991872806E-002  -1.5900854493944825E-009  -1.1786310936970779E-009   8.7373124865837522E-010   1.6924676394020234E-009   7.6692969595424236E-009  -2.5646345638714155E-008  -6.4906627683455095E-009   1.4957197335456066E-008   1.7539886888436249E-009  0.14996247299277046       -3.3342789206502272E-009  -5.3984335596254874E-010  -4.1991141375225067E-010  -6.5747344045912952E-010   4.6540922026770944E-010  -9.9115026586708210E-011   2.5886683142951787E-010  -5.8291043682085322E-010  -5.1724615985524784E-011   1.2019679818412873E-009   5.2857446815692871E-010  -1.6496069600792430E-009  -1.9138123138078578E-010  -1.1831255462906817E-009   2.0340647069441012E-009  -6.9267251857816337E-009  -3.8444017681332339E-010   1.2306896742251913E-008   8.3306544962272271E-010  0.12649845133261511       -2.2192590390596771E-011  -7.4132978420975243E-012   7.3430127205581525E-010   3.3290817805079862E-010   4.2019310410965340E-010  -2.9392849566377796E-010   2.6912736014595975E-010  -5.0143948538372449E-010  -3.5112341988796320E-010  -3.6055020269717611E-010   6.8722839385355828E-011  -1.2994823105863731E-009  -4.5363190478264689E-010   9.8628760262874046E-010   4.2556500197841080E-010   1.2725089536094529E-009   5.0930500049478018E-012  -3.0421348672620280E-011  -1.9338173065153469E-010  -1.8246480366877782E-010  -1.5274037592866980E-010   1.7563166762067637E-010  -1.5793688922439785E-010   1.5938281350817669E-010   2.4231602586556264E-010   2.5295224905584874E-011  -9.9132049868645187E-010   2.5442443888906709E-010  -1.5932799531834562E-010   2.6482401850958560E-009  -8.1361806908947818E-009  -1.6569230045182566E-009   2.7450316831180180E-009  -4.4400497843105196E-011   3.2924487527249024E-002   4.2920166817220084E-010  -8.9437601518535821E-009  -5.7430969810541091E-010  -8.3806805494903741E-002  -3.5352164292640386E-010   4.2377994030457907E-011  -1.1423093314310241E-010   5.7476046652680242E-010  -1.3976345824860105E-009  -2.2123812558051184E-010   8.0949324419879683E-010  -3.0893153745126708E-010  -1.1828061480456843E-011  -2.9319345343250197E-003   1.4492244044991774E-010  -1.1768570638088095E-010  -9.2949253603953906E-011  -2.0364947029517835E-010
   6.5673225891048324E-009   2.0880756852353521E-009  -1.5900854493944825E-009  0.12836998497912858        5.3391743299348996E-009   1.8908639500827241E-010   1.0028988563636551E-009  -2.8422611077078075E-009  -8.0414089467748587E-009  -2.4970158863398989E-009   1.8720408491623004E-008   6.8995424142103701E-009  -1.7945696518973487E-009  0.33267618919794750       -1.7254903736273301E-009  -1.0408335153054402E-009  -5.5161781273543621E-010   2.5341297866862540E-009  -2.0809634378315471E-009  -2.1913423363867629E-010   2.2423093495132601E-009   1.4501376778474651E-010  -1.9675391935114614E-009   3.0306624431032595E-010   5.1425481051451707E-010   4.0929467141776158E-010  -1.9815670361312153E-009  -1.1169531952779195E-009  -7.2068805547292381E-010   6.0255417056265241E-010   5.8672474053261341E-009  -8.8586618171304256E-009   4.8621815710997205E-011   1.7588309399691835E-010   2.1224065949107258E-010  -1.1752381625764877E-010  -8.3435662297605097E-011  -1.5779221321457689E-010  -2.2561779892717088E-010  -1.7611209199008217E-010   2.3129283256615219E-011  -4.8471608372921163E-011   1.0028437636178258E-010   1.6655045800300554E-011  -1.1414030223071426E-010   5.4044711689804402E-011   2.3175193472938338E-010   9.7579673205882229E-011  0.16341639228267504        5.2706513112733462E-010   1.5470810870547827E-010  -4.1825630826336973E-010  -3.6930982537697163E-010  -1.2334790891665609E-010  -3.3781920309039312E-010  -5.2976304839467702E-010  -9.9029106152457342E-011   5.5604380377335626E-010   3.8556205017762969E-010   2.0528655139303133E-009   6.8690180347010780E-010  -1.3199328284752431E-009  -1.5986862349029112E-009  -3.1761216193868803E-009  -4.5504253877030472E-010   3.5143540218610514E-010  -1.6460498448127670E-009   1.0783785221795241E-010 -0.15413801679459019       -4.6829252045010874E-009   2.3692470287995956E-009   6.0724350124823534E-011   5.4812011672955014E-010   1.4837956572768602E-010  -4.3970157502299291E-010  -4.5958814288598813E-010  -8.3839710948183780E-010  -8.8427045266222864E-011 -0.13501389180800175       -2.4166787997164954E-010   4.4195061636326593E-010   1.0791831230824434E-010  -3.4378425498255046E-002   2.1788995682325545E-002   1.5365004736276076E-002   3.2942897242131175E-002
  -1.8627071159912212E-008   7.2710203600232491E-010  -1.1786310936970779E-009   5.3391743299348996E-009   4.3627252952053159E-015   3.7783588143755365E-015  -7.7796406732409386E-016  -3.6128248991660235E-015   1.3613479758906663E-015  -7.4990450183400950E-016  -3.3151633115347852E-008   1.2943568940399427E-009  -2.0967791498488249E-009   1.3838336603701555E-008   1.0089627474464379E-016  -2.8922298454271204E-017  -4.3724029495410040E-017  -2.9691064981715142E-017  -2.1693563145950484E-016  -1.0568606942718665E-016   7.9427263267074468E-017   7.4107167386502590E-017  -7.7640522421306152E-017  -2.2645668809180338E-017   7.0324506161778248E-016   1.5828040557392020E-015  -4.3034930732880876E-017  -6.6524219746809328E-016   5.9115418243178521E-016  -3.8008822014221923E-017  -2.7963557278425751E-008   1.0915639522333760E-009  -1.7693422537271519E-009  -1.8049184087031243E-016  -4.9251774078765955E-017   6.8150932610677888E-017   2.4660561418138561E-016   8.2122111635489546E-017   7.0446489957696268E-017   1.6852366740444898E-016   1.2068089931860428E-017  -1.6002005296792002E-016  -7.7145858038511743E-017  -6.7492374972243428E-017  -8.6954170546314996E-017  -1.2805247361999644E-016   2.5743670925201916E-017   3.2789980729896094E-017   6.7913440946306109E-009   3.1585408686710873E-017   1.2685432098622632E-017  -3.6327447850993978E-017  -4.2457360509844955E-017  -3.5941114592830640E-017   7.7316066271758076E-020  -3.1374760250476253E-017  -4.9766330759454677E-018   2.9408114583745600E-017   3.0786939780409177E-017   1.2859125130888554E-015   1.4431964319363383E-015  -2.1631478487705158E-016  -1.1078255881994854E-015   4.9101456065609999E-016  -1.7812076197190957E-016  -7.3192360126769275E-009   2.9544381347473520E-010  -4.3367787532836422E-010  -6.4840549258939582E-009   1.8010527444944134E-008  -5.8058799251337578E-010   1.5097946609058654E-009   2.8108422691154117E-016   2.5095747992791167E-016  -6.4608639763184143E-017  -2.4140178908621894E-016   1.1096037957915004E-016  -3.9678258783369855E-017  -5.7270354145342395E-009   6.4948304372157224E-010  -2.5674247048462327E-011   4.0122789462668050E-011  -1.4685338415093426E-009   9.3469233633677719E-010   6.5746191586311941E-010   1.4206337620154662E-009
  -1.6392538271496388E-008   1.8404389089050253E-008   8.7373124865837522E-010   1.8908639500827241E-010   3.7783588143755365E-015   7.2183644766219958E-015  -7.9430120228815869E-016  -4.0997826985037811E-016  -2.0712304378784332E-017  -3.3683798674935887E-015  -2.9175160624009913E-008   3.2754315363576063E-008   1.5551239036160750E-009   4.9065754341668910E-010   2.2963811545824226E-016  -5.6799108876423619E-017  -1.3736333615284903E-017  -2.3524836199185301E-016  -9.1865237342011655E-017  -7.2852236398459500E-017   1.1183531785993503E-016   1.2090853692762355E-016  -9.3246062842240493E-017  -7.9881583812292304E-017   1.2858095504899508E-015   1.7731510244160243E-015   4.4228606934822913E-017  -1.2937894352305558E-015   5.1423745429691348E-017   7.9841741762607386E-018  -2.4609029476772931E-008   2.7629198686029324E-008   1.3116826536250454E-009  -1.8175594979842704E-016   1.1303696676971050E-016   6.9529135440998724E-017   2.9634221293744787E-016   1.5432519837202930E-017   2.2932970983270377E-017  -2.9126028272823559E-017  -2.3449031896709982E-017  -1.1257824577387180E-016  -5.2050944467417538E-017  -2.4266259345236590E-016  -8.2105719153739996E-017   1.2992272550780825E-016   7.0602736472434485E-017  -8.7017654704701208E-017   2.3859793140316541E-010   1.1585514204993834E-017  -3.6747277544087466E-017  -4.3392521290567637E-017  -3.2634986392460935E-017  -5.5681578068119416E-018   1.7088354856315757E-017   8.1090378895813970E-018   4.5373064190012174E-017   2.5865209472359951E-017  -1.4765648737226691E-018   1.3438618256616018E-015   2.3057330234555199E-015  -9.3919005515540224E-017  -5.0763652863959441E-016  -1.2644285860730053E-017  -8.3622610898394626E-016  -6.4561274763352396E-009   7.1988408625805157E-009   3.4634184825665444E-010  -2.5524693317801188E-010   1.5662405147209811E-008  -1.8208734285800192E-008  -8.0683794868499318E-010   2.6181622010081502E-016   4.3033745282505198E-016  -3.0221368225358066E-017  -4.9615563259524330E-017   2.2638700669476036E-017  -2.1220046724354030E-016  -2.4185912495928990E-010   5.7206310003613243E-010  -6.4063134884898666E-010  -3.0564922498812903E-011  -6.5674128341223773E-011   4.2115732423648154E-011   2.9718480011368282E-011   6.4398096152174755E-011
   3.5798721509000571E-009  -5.3519858246708681E-010   1.6924676394020234E-009   1.0028988563636551E-009  -7.7796406732409386E-016  -7.9430120228815869E-016   1.9733322079504482E-016   7.2726680500084927E-016  -8.1443363326298088E-016   5.0696454794221109E-017   6.3710400851180521E-009  -9.5249769707344953E-010   3.0119120594419470E-009   2.5976635074936754E-009  -5.8139004214644300E-017  -1.6906543284061269E-017  -1.2191420944792468E-017   5.6793465176266556E-017   6.4587271494182566E-018   2.1210329077748601E-017   7.0715090970307772E-018  -1.4232854714499630E-017   7.4191821447885884E-018   1.9694869268871918E-017  -1.7179654744875430E-016  -3.0999116630689183E-016  -4.4556488031296606E-017   1.6324305165009968E-016  -2.3802290796348190E-016   8.5526117945386278E-018   5.3742035078216298E-009  -8.0345554651429167E-010   2.5407705609364410E-009   3.7443388232009843E-017   9.0402894544556373E-018  -1.9310203152612548E-018  -4.4453352329361085E-017  -9.3682131378391549E-018  -2.1321405324132349E-017  -2.6266023593360806E-017  -1.0190840367787169E-017   2.3110798365565144E-017   9.5268045904054004E-018   1.8529774495331517E-017  -8.1418769131453699E-018   1.1902341559561611E-017   1.5124568115492759E-017   5.3612003055167340E-018   1.2813685511175477E-009   2.3063762700219626E-018   4.1098416158502437E-019  -2.5249462684308650E-018  -7.7361472449856438E-019   1.7419270475232503E-018  -2.3199493056491708E-018  -5.5492302321761539E-018   1.2246255788604547E-018   7.0341725865344092E-018   9.6826883364822071E-019  -2.3877098533118447E-016  -2.8537008689922239E-016   1.6827056559142966E-017   2.2589087177151994E-016  -2.7779946594365799E-016   1.2872446571445455E-017   1.3981699512951059E-009  -2.0948974402546804E-010   6.5624282233364737E-010  -1.1419047991679579E-009  -3.5680897320563310E-009   5.2764906062331397E-010  -1.7469158245604465E-009  -5.2570871750694886E-017  -4.9667434520942547E-017   3.2991999472860569E-018   4.6203649747892972E-017  -5.7234501959791884E-017   6.3681448777778653E-018  -9.5984126271431201E-010  -1.2454132419118355E-010   1.8634409368019951E-011  -5.8721990248970188E-011  -2.3536373919518337E-010   1.4811871523131123E-010   1.0438574404081990E-010   2.2241012450020344E-010
   1.5784685188297725E-008   1.1837891615634442E-008   7.6692969595424236E-009  -2.8422611077078075E-009  -3.6128248991660235E-015  -4.0997826985037811E-016   7.2726680500084927E-016   5.3810460636010491E-015  -3.9341506497799040E-015  -1.7682183526862649E-015   2.8092663747231403E-008   2.1066988012057920E-008   1.3648769218955412E-008  -7.3673449298497527E-009  -8.5991756078076909E-017  -6.3311053763305897E-017  -8.0051079851553817E-018   3.6105856274021224E-018   1.6849419441288340E-016   1.1176911132128110E-016   9.8554039883025690E-018  -2.1550566652282648E-017   5.0086989597147777E-017   2.2026656564980489E-017  -2.1327017475237921E-016  -1.0714604290498758E-015  -5.5514464216758766E-017   1.5341644720949749E-016  -1.2948352344511195E-015   5.9861099885434260E-017   2.3696463322758117E-008   1.7771332214956439E-008   1.1513350841275452E-008   1.4211926575053106E-016   1.5890628843522298E-016  -9.0317398781686407E-018  -1.3545755478914291E-016  -8.8809492143379971E-017  -1.1419133838468050E-016  -2.5681764282925085E-016  -6.4962687067411651E-017   1.3136213323648484E-016   5.7452158855847478E-017  -6.6310061121176476E-017  -1.6745434994206251E-017   2.5194092636533303E-016   8.2940296046912659E-017  -7.8416166314174131E-017  -3.6131991736352670E-009  -1.7961838498385876E-017  -4.0433332273445874E-017  -5.2498427290234366E-018   1.3803418619765434E-017   3.4379667400813365E-017   1.0298421844474540E-017   2.1599543485813815E-017   4.5460378033750194E-017   1.1452821620686065E-017  -2.9975349223567187E-017  -9.2624730339048878E-016  -4.5486274192448767E-016   1.9095030278025084E-016   1.3740428726480887E-015  -1.3630962971021458E-015  -4.4777917378666359E-016   6.1951842978450938E-009   4.5997709723726883E-009   2.9903602730565814E-009   3.4799190442332002E-009  -1.5352452227443572E-008  -1.2096696509845764E-008  -7.7068094501561953E-009  -2.2978162793366116E-016  -5.7675627550651396E-017   4.9857863249007450E-017   3.3839144245368341E-016  -2.6735451472048013E-016  -1.0861182156179403E-016   3.0917072098855633E-009  -5.5013836315504021E-010  -4.1104939465400016E-010  -2.6664459906362797E-010   7.9675536053018850E-010  -5.0784561065612219E-010  -3.5707918063362783E-010  -7.7309139788677687E-010
  -6.2201655239968870E-009  -4.3626327695483420E-009  -2.5646345638714155E-008  -8.0414089467748587E-009   1.3613479758906663E-015  -2.0712304378784332E-017  -8.1443363326298088E-016  -3.9341506497799040E-015   8.9951334668145008E-015   2.5728080506814970E-015  -1.1069290076746877E-008  -7.7640342284470724E-009  -4.5644985598757983E-008  -2.0842172366032676E-008   3.0350304917309465E-016   2.1095838767700311E-016   2.1932360603341023E-016  -3.0947182976316152E-016   1.0915319996088704E-016  -9.7724601630468648E-017  -5.1459907251222526E-018   1.3157123210452394E-017  -2.0405381572945086E-016  -1.7327165623980336E-016   5.0268944007553490E-016   4.5153262641799245E-016   4.8145204750397289E-016  -5.4038227629868899E-016   2.4150459243289362E-015   3.7695808012553669E-017  -9.3378434200332758E-009  -6.5493019372440212E-009  -3.8501163767646509E-008  -6.2873899135230867E-017  -7.2982778166599357E-017  -1.8540456998136780E-016  -2.8879858802101990E-017  -6.7781392016558720E-017   1.3933267857280419E-016   3.8282736545840407E-017   1.5821154724286113E-016   4.6554124843741091E-017   6.7480566085832657E-017   3.3605043375629964E-018   3.6398763334601236E-016   2.2986326524689740E-017  -3.1346611418957568E-016  -9.2397546471381752E-017  -1.0228341749057187E-008  -3.1801683307820067E-017   1.2439365532414325E-017   8.3658693075623398E-017   6.9954032175649506E-017   3.6768712251210220E-017  -2.7289166777189670E-017   7.2132931979943882E-017  -5.3117293362862512E-017  -1.0921527136828118E-016  -2.2750176207663175E-017   4.8931762404758759E-016   7.8935308902311255E-017   6.2778327029071055E-017  -1.1322643489180143E-015   2.9441537253250813E-015   6.4300130617992929E-016  -2.4084858984309878E-009  -1.7014352031355971E-009  -1.0102373759468952E-008   9.7683488224623531E-009   6.4622593450694206E-009   4.3791145120574098E-009   2.4482993512209240E-008   1.4686095690103696E-016   3.3058667258037955E-018   4.1647836308419277E-017  -2.5289508530975844E-016   5.4165457384798698E-016   1.0602741731457370E-016   8.6295679436464875E-009   2.1570489528173713E-010   1.5169195007889341E-010   8.9505582385531471E-010   2.2131665224062038E-009  -1.4087684379420540E-009  -9.9087238550624476E-010  -2.1414282738959972E-009
   2.8423852099772742E-009  -1.2564990716369434E-008  -6.4906627683455095E-009  -2.4970158863398989E-009  -7.4990450183400950E-016  -3.3683798674935887E-015   5.0696454794221109E-017  -1.7682183526862649E-015   2.5728080506814970E-015   2.5181241486731040E-015   5.0589680015557288E-009  -2.2361339762814420E-008  -1.1551984635290327E-008  -6.4712559279619483E-009  -1.4903115041889894E-017   9.2234166235546477E-017   5.1729549606341028E-017   2.6078414285022524E-017   4.8443099576889179E-017  -6.0828599924644159E-018  -8.9284488379070156E-017  -5.2556700376080889E-017   2.7555162098089867E-017   6.1877933209708167E-019  -4.8997521443444412E-016  -5.1134386960202079E-016   9.8550988147474870E-017   5.1182655334659241E-016   7.0368135482113445E-016  -2.1852753319678204E-017   4.2670928116299791E-009  -1.8862891765397993E-008  -9.7440039421132132E-009   3.8372421063115083E-017  -1.0965466121167537E-016  -5.9119070049071013E-017  -1.1114795722331662E-016   6.6875179839423924E-018   4.3745017092312721E-017   8.8294103677334856E-017   5.2894558596036705E-017   2.8657944689598093E-017   1.9693605224879731E-017   1.3380239373221692E-016   1.0369964796069509E-016  -1.2388848025050634E-016  -1.0868411186116025E-016   4.5626105379641813E-017  -3.1782816371789565E-009  -1.3623985612971608E-017   2.7747775086938093E-017   4.1577609638994399E-017   2.8654234372304601E-017   1.5615269842749456E-018  -1.0375473045706543E-017   9.7756344722521211E-018  -4.0483664650114175E-017  -4.0861371530786232E-017  -8.1188822740337004E-019  -3.5966677617213625E-016  -9.8833394859193033E-016   2.5365453306691302E-017  -2.6621587889166657E-016   8.7208391641655679E-016   6.2590009815638617E-016   1.1240510511922508E-009  -4.8952163015759061E-009  -2.5566837903593922E-009   3.0041789735366761E-009  -2.6580790615582734E-009   1.2677248110751443E-008   6.1969789869147777E-009  -5.1303047214720258E-017  -1.9328188974631844E-016   1.4751013227242896E-017  -9.6989213710731853E-017   1.5639475626029138E-016   1.4829008874718687E-016   2.6353138305193639E-009  -9.9344641967210994E-011   4.3672362757483265E-010   2.2652178785522564E-010   6.7176398116391624E-010  -4.2682996132611387E-010  -3.0037482032515352E-010  -6.4750199086590824E-010
  0.14996248007697163       -4.7881620993991095E-009   1.4957197335456066E-008   1.8720408491623004E-008  -3.3151633115347852E-008  -2.9175160624009913E-008   6.3710400851180521E-009   2.8092663747231403E-008  -1.1069290076746877E-008   5.0589680015557288E-009  0.26689724687554767        5.8135519005794882E-009  -1.4622943892611828E-008   1.0831589659151324E-008  -1.2984951201638109E-009  -8.7415922138671316E-011   2.4808252663046725E-010   9.9196128247431959E-010   1.0700632322127169E-009   7.5024057035159606E-010   2.2103011584316909E-010  -5.2212809309739125E-010  -2.0912783890769009E-010   2.0426068469940794E-010  -5.0667535453880983E-009  -1.2452256669420318E-008  -1.7006866057157091E-010   4.4926664013332518E-009  -4.3296129840555829E-009   5.7408526858750716E-010  0.22512853162806595        6.1933787127401005E-009  -1.2962019628339880E-008   1.5091541096018534E-009   5.2247282980902586E-010  -6.7439136119258862E-010  -2.0281152881943778E-009  -7.8499853474994223E-010  -6.2289707733831561E-010  -1.5085559010188185E-009  -4.0165562534915606E-011   1.3229690824218937E-009   7.0432831493162518E-010   4.8048172495710966E-010   8.1469486762535677E-010   1.1840906314743127E-009  -2.2958891943065647E-010  -3.1947421606295577E-010  -8.2016468400966036E-010  -7.7882754545302178E-011  -6.1107593090714774E-011   1.6665647772358743E-010   2.3713763651720070E-010   2.7352283248676967E-010  -1.3261543808659112E-010   9.9703952289214585E-011   3.6666841479279787E-012  -7.2659186316046603E-011  -1.2695178167550130E-010  -9.4498443353723658E-009  -1.1070597064329212E-008   1.3342320753912340E-009   8.1981129454245353E-009  -4.2288974454853084E-009   1.2517208988153218E-009   5.8948247829404547E-002   2.1835652533751445E-009  -4.0104791796708972E-009  -3.6462141913109479E-009 -0.14471373809037666       -3.9664628580408176E-009   8.0868381754204584E-009  -2.0220819571979879E-009  -1.9049444392090294E-009   3.9170533959072340E-010   1.7654993728452532E-009  -1.0479123098831520E-009   2.5658331835032569E-010  -4.7512794898941430E-009  -5.2295956897266491E-003  -1.2662229507011435E-010   2.5192235632713167E-010  -8.9036037270883267E-010   6.3448623680093311E-010   5.0248179174542225E-010   1.0254809222113392E-009
  -8.3138535569663411E-009  0.14996248530406356        1.7539886888436249E-009   6.8995424142103701E-009   1.2943568940399427E-009   3.2754315363576063E-008  -9.5249769707344953E-010   2.1066988012057920E-008  -7.7640342284470724E-009  -2.2361339762814420E-008   5.8135519005794882E-009  0.26689724132874693        1.4207837419169142E-009   8.8746653319802013E-009   7.8091316230105729E-010  -4.9239394541197543E-010   1.7116784616888360E-010  -1.1030428460006570E-009   2.3749533813255599E-010   5.5344849227637921E-011   1.1301837680698939E-009   5.2230574792335306E-010  -1.0239264869888271E-009  -5.1688399610952971E-010   6.0952937192694092E-009   3.3708846714584027E-009   3.3253924702421205E-010  -6.6940085062514618E-009  -2.8432878003194031E-009   5.9874803855486096E-010   4.8240097167171660E-009  0.22512852729624111        1.8675454592787881E-009  -1.3701975678461211E-010   1.3845393090035467E-009  -9.4759776402563592E-011   5.8111969408495610E-010  -6.0707090179044115E-010  -3.4043645663548444E-010  -1.6016492087837020E-009  -1.8477126667436498E-010   2.9128384147765926E-010   2.3248208213105871E-010  -1.5553471767233418E-009   1.6776267413456781E-010   2.1510267858767472E-009   2.8472153469557379E-010  -1.0307292580825246E-009   1.2557536608149281E-009   1.8332042481842784E-011  -3.5367756703429456E-010  -1.8384841556979144E-010  -3.4888641574092748E-011   2.1317744417813705E-010   1.0296948007174928E-011   1.7503921903200514E-010   3.6131142695978992E-010   1.1881628813673323E-010  -1.3227245827894056E-010   2.5960371136802620E-009   8.8937785021395943E-009   4.5264286253121969E-010   2.9525165757309880E-009  -3.1437918915018150E-009  -5.5485610809953125E-009   1.9086538144164131E-009   5.8948245864118926E-002  -8.7916940928413842E-011  -2.0044435316462590E-009  -3.2210362724507534E-009 -0.14471373465700269       -5.5226430576337413E-010   3.6206846890527736E-010   1.8030099539204394E-009   1.1653668223799584E-010   1.1126911358156944E-009  -6.2177328513065097E-010  -1.4747584713358392E-009  -5.4466949984829362E-009  -1.0362390597952031E-010  -5.2295955801395875E-003  -1.8122425146730840E-011  -8.3305450771027521E-010   6.5146753662597332E-010   5.3882602842447114E-010   1.1305909079191590E-009
   1.4282541836921596E-008  -2.9469388667087214E-009  0.14996247299277046       -1.7945696518973487E-009  -2.0967791498488249E-009   1.5551239036160750E-009   3.0119120594419470E-009   1.3648769218955412E-008  -4.5644985598757983E-008  -1.1551984635290327E-008  -1.4622943892611828E-008   1.4207837419169142E-009  0.26689725488582033       -3.2419968293331769E-009  -9.6057082641848569E-010  -7.4725540818878815E-010  -1.1699302499868486E-009   8.2837566272147115E-010  -1.7633261710627126E-010   4.6036567351791935E-010  -1.0371038368247281E-009  -9.2284128465916429E-011   2.1386764879059739E-009   9.4074454325166473E-010  -2.9361651993829645E-009  -3.4082760976617957E-010  -2.1049456536506240E-009   3.6196270699134101E-009  -1.2324959027900711E-008  -6.8343110164175192E-010  -1.2893217853544068E-008   4.4122018379460208E-011  0.22512853840883329       -3.9463377472770591E-011  -1.3190379619914161E-011   1.3068502050864158E-009   5.9244473485752121E-010   7.4778078438064692E-010  -5.2313004112187219E-010   4.7895609342786161E-010  -8.9242979725236711E-010  -6.2488521224575934E-010  -6.4167204922489646E-010   1.2229498851806641E-010  -2.3126856983990607E-009  -8.0727721284525109E-010   1.7553205667447820E-009   7.5736330699366027E-010   3.5598692284422929E-009   8.6524163467874804E-012  -5.4528005263899557E-011  -3.4454898680070374E-010  -3.2504493846172161E-010  -2.7196058134425815E-010   3.1343633860183180E-010  -2.8142264130719768E-010   2.8433334061895178E-010   4.3209628476053435E-010   4.4799937323504339E-011  -1.7628429314903112E-009   4.5327747619280068E-010  -2.8403364846687313E-010   4.7135346668670694E-009  -1.4487921709979956E-008  -2.9506974842985769E-009  -4.0833457889892213E-009  -4.1084029652358265E-010   5.8948249269536457E-002  -7.8142711754538512E-010   8.1299120976947642E-009   4.1244005802541719E-010 -0.14471374171186729       -6.2717806775880623E-010   7.5553410306790928E-011  -1.9968513028465793E-010   1.0244252278408886E-009  -2.4967365001425318E-009  -3.9724593531816715E-010  -1.0065110739991014E-010   2.5559582868875470E-010   1.1794106429250308E-011  -5.2295958029304106E-003  -1.7669442255059478E-010   7.9339522182804411E-011   3.3398846312664483E-011   9.8414237236821767E-011
  -4.1470831626637529E-009   3.4084943752209166E-010  -3.3342789206502272E-009  0.33267618919794750        1.3838336603701555E-008   4.9065754341668910E-010   2.5976635074936754E-009  -7.3673449298497527E-009  -2.0842172366032676E-008  -6.4712559279619483E-009   1.0831589659151324E-008   8.8746653319802013E-009  -3.2419968293331769E-009  0.86228389115149817       -4.4698799469801963E-009  -2.6966247456269008E-009  -1.4299580789469648E-009   6.5651272500193019E-009  -5.3928846442322469E-009  -5.6813521167322831E-010   5.8088587600555489E-009   3.7574106979539025E-010  -5.0967746148848481E-009   7.8577088333543166E-010   1.3309490065250223E-009   1.0591147616777919E-009  -5.1314924340925785E-009  -2.8922624560536051E-009  -1.8647376864573564E-009   1.5609353232118464E-009  -1.6559695167827789E-008  -3.0586710290815311E-008   1.3003902638384049E-009   4.5565766813209457E-010   5.4996526076514640E-010  -3.0454068515085755E-010  -2.1611289266760574E-010  -4.0866738838386972E-010  -5.8453611660924792E-010  -4.5634344763970589E-010   6.0057350759699043E-011  -1.2560696921706111E-010   2.5977686770385056E-010   4.3228251370997730E-011  -2.9584100766388968E-010   1.3984053313339417E-010   6.0044436764454114E-010   2.5292051368842988E-010  0.42303350012120144        1.3661195720631673E-009   4.0080804273641168E-010  -1.0846517706641605E-009  -9.5691725567136203E-010  -3.2067339552377962E-010  -8.7591665021715433E-010  -1.3730487141812811E-009  -2.5663936416478722E-010   1.4413306213391567E-009   9.9974011354661978E-010   5.3248125423197574E-009   1.7829308460138775E-009  -3.4270844026612976E-009  -4.1478721480051306E-009  -8.2379782428476716E-009  -1.1791155437264707E-009  -7.5013743021603863E-009  -6.0599299555432642E-009   6.7615485744543603E-010 -0.40567525149585143        7.4173745924772736E-009   1.3154408605754311E-008   3.2077614726205473E-010   1.4247438782773502E-009   3.8766750839149528E-010  -1.1462871435618458E-009  -1.1956824310213117E-009  -2.1791156354665182E-009  -2.2879691468152467E-010 -0.35938248588934596        9.8230818335435245E-011   1.3293716412860187E-009   2.5723659074008629E-010  -9.2367637994407101E-002   5.8992061241621520E-002   4.1385044564423955E-002   9.0066347868618973E-002
  -7.2984756409940548E-010   4.3880588800408018E-010  -5.3984335596254874E-010  -1.7254903736273301E-009   1.0089627474464379E-016   2.2963811545824226E-016  -5.8139004214644300E-017  -8.5991756078076909E-017   3.0350304917309465E-016  -1.4903115041889894E-017  -1.2984951201638109E-009   7.8091316230105729E-010  -9.6057082641848569E-010  -4.4698799469801963E-009   3.5300493545833700E-017   1.5680751632739929E-017   1.0899619156586586E-017  -4.5143934015514470E-017   2.4075737280873729E-017  -2.2171574499359626E-018  -2.4198578249475623E-017   2.4519130446773340E-018   1.6784979089072233E-017  -9.9514641402501016E-018   4.6121143681494976E-017   6.6292817376266525E-017   3.6105991627860796E-017  -3.9442691864160714E-017   6.6883684216137223E-017  -6.6765855526457893E-018  -1.0956437004182400E-009   6.5874637745561408E-010  -8.1041731307991415E-010  -9.9671165543439409E-018  -1.2965783758242603E-018  -1.1854833828871790E-019   1.0558475488081819E-017   1.4764928362847514E-018   6.9513818502301451E-018   3.2980140097104107E-018   2.5570279472438821E-018  -2.6852231232360799E-018  -1.7873410774201317E-018  -7.5513428602050683E-018   6.3838796734203052E-018   2.7083292358375821E-018  -7.4843995047023393E-018  -5.4976990887810603E-018  -2.2026105438704910E-009  -6.7009397620201808E-018  -2.6348009024037215E-018   5.5306542045740994E-018   4.8935359769990920E-018   1.9254227134232383E-018   4.0965310944106775E-018   8.1513308511079809E-018   1.3454333955759966E-018  -8.3014239277477446E-018  -5.1248400971166441E-018   3.2393039118327085E-017   6.8744070915921600E-017   1.3446499334185063E-017  -2.6750636932940548E-017   1.0600775007703014E-016  -5.6299329107274868E-018  -2.7174606098310487E-010   1.7064175161105305E-010  -2.0491020134122048E-010   1.9912174015812704E-009   8.9471905064890923E-010  -4.4666605386979156E-010   6.1265451214241875E-010   6.0792155856336432E-018   1.1877997781510907E-017   4.9198402852723228E-018  -2.9464955523196091E-018   2.3288123600208827E-017  -3.1342326653675081E-018   1.6918844235670212E-009   2.4951104930124376E-011  -1.5241301597273146E-011   1.8584676671402680E-011   4.1918464228165001E-010  -2.6368297987963933E-010  -1.8626461658740976E-010  -3.9535684203249072E-010
  -4.9207758728318069E-011  -2.7687480943305239E-010  -4.1991141375225067E-010  -1.0408335153054402E-009  -2.8922298454271204E-017  -5.6799108876423619E-017  -1.6906543284061269E-017  -6.3311053763305897E-017   2.1095838767700311E-016   9.2234166235546477E-017  -8.7415922138671316E-011  -4.9239394541197543E-010  -7.4725540818878815E-010  -2.6966247456269008E-009   1.5680751632739929E-017   1.1488740386566779E-017   7.3474907636828385E-018  -2.1169692351502143E-017   1.6558741970380081E-017   1.3165410294096127E-019  -1.7459295311541702E-017  -1.7333058660291825E-018   1.1935391289792946E-017  -4.1844275622268476E-018  -5.6446386999993680E-018  -4.3907224558918654E-018   2.1434653265645987E-017   1.0030814897912049E-017   4.7082780676853415E-017  -4.3852049615385576E-018  -7.3862683685430570E-011  -4.1563123771227861E-010  -6.3037961306219199E-010  -1.5576120618841171E-018  -4.4096433004501471E-018  -2.3094751168786900E-018  -1.3892566572030530E-018   5.6436340076899959E-019   4.1262544011374469E-018   3.5370099645096627E-018   2.6653892256154103E-018   1.1707463072224357E-018   3.2280634117424373E-019   2.2352683740862277E-018   6.8226443099477016E-018  -2.5360684184356080E-018  -7.2432932167806710E-018  -9.0444093224341450E-019  -1.3274728485308131E-009  -4.3082771512503283E-018  -4.5818287295038893E-019   4.6296934792723548E-018   3.8879266289215772E-018   1.2936638748117920E-018   1.8921920270691213E-018   4.7417954492158115E-018  -6.2707815710775213E-019  -5.9035657989160715E-018  -2.9831476717094927E-018  -1.3191337049141850E-017  -1.9778741835946846E-017   1.0179440653163888E-017  -8.7714731308321243E-018   7.3375331339609273E-017   2.1970190546267194E-017  -1.3987342061100095E-011  -9.6383511037859280E-011  -1.6221166248432194E-010   1.2166578593625837E-009   1.1481029149025886E-010   4.2372236407485975E-010   4.4104094903038096E-010  -2.3447368107048023E-018  -4.1838918005041065E-018   3.7278088181346269E-018  -2.3327567131471787E-018   1.5072016925702480E-017   4.6765956430121198E-018   1.0442449136861605E-009   1.5389955804476205E-012   9.2437966974604468E-012   1.4549247647054151E-011   2.6110886171136966E-010  -1.6479849807595934E-010  -1.1626211090043991E-010  -2.4806961248130513E-010
   1.3962660965746255E-010   9.6122747421743285E-011  -6.5747344045912952E-010  -5.5161781273543621E-010  -4.3724029495410040E-017  -1.3736333615284903E-017  -1.2191420944792468E-017  -8.0051079851553817E-018   2.1932360603341023E-016   5.1729549606341028E-017   2.4808252663046725E-010   1.7116784616888360E-010  -1.1699302499868486E-009  -1.4299580789469648E-009   1.0899619156586586E-017   7.3474907636828385E-018   7.8619040309834158E-018  -1.4279851732650056E-017   1.0881062972190760E-017  -3.4346633399523239E-019  -4.1462404216367338E-018  -3.8135221254103270E-019  -1.7847438676186564E-018  -5.5754445395278958E-018   9.8407039893568180E-018  -9.8048617417902836E-018   1.7772691427472539E-017  -1.1172943818496219E-017   5.1333786182612780E-017   1.3327420224220798E-018   2.0958757490972856E-010   1.4430803737445168E-010  -9.8700794264055016E-010   7.3380535948339457E-019   5.1922308878981783E-019  -5.9132889042540614E-018  -3.7535630187536968E-018  -3.7225160167430372E-018   2.4649444699296605E-018  -3.7739062556466903E-018   3.6570419907260720E-018   4.3665939691093280E-018   3.1874897767848905E-018  -1.1594716335184943E-018   1.1496474146345983E-017   5.7908850380327832E-018  -8.7218634512211448E-018  -4.6994416954909994E-018  -7.0081682818784870E-010  -2.3609732379763735E-018  -7.1519898655033618E-019   3.3059774668097022E-018   3.1845879744832029E-018   2.1052819587261852E-018  -1.6988834313267591E-020   3.7112036368977757E-018  -5.5448741513401444E-019  -4.2639186335594563E-018  -2.0504837270890875E-018  -8.1601208984312811E-018  -9.2380907413325384E-018   8.5114643764746691E-018  -4.3230856396096724E-018   7.1035994026738505E-017   1.2486746049387385E-017   4.1022860562383963E-011   4.0839539105629539E-011  -2.5134217779626457E-010   6.8099750543614202E-010  -3.0900700673020991E-010  -5.4354242366029125E-011   7.2374004078725539E-010  -1.3799123054816976E-018  -1.1777655256982313E-018   3.4169562439479367E-018  -1.0361792059876756E-019   1.2969310119404599E-017   1.4830970902041469E-018   6.0860705965086874E-010  -4.4109770397225711E-012  -3.4530330794212945E-012   2.2693142119046569E-011   1.5760945882290540E-010  -1.0072143756397700E-010  -7.0715839479194955E-011  -1.5381725523202638E-010
