   9.1700980985528147E-002  -1.5659179843725284E-009  -4.8158251520327482E-010   8.4499787555812555E-008   1.4534499768606324E-008   8.6246630028738947E-009  -7.9631870580614830E-009  -6.6815011660655363E-009   1.9478429959422170E-009  -7.8529981821533371E-009  0.12702947653022506       -1.0126472907665308E-009   7.0995840357229756E-010  -5.1849438940001554E-008  -5.2424762731227907E-010   1.2479312682274576E-010  -9.5251819836773921E-011   1.0757210685843740E-010  -5.9611181402883613E-010   5.9577332366368385E-010   6.0561586334009231E-011  -4.6416778306907654E-011  -2.0604779266763494E-010   1.0559343597413680E-010   5.9488823688529547E-009   2.9885771739039780E-010   3.9707615272079535E-010  -2.9482949936614298E-009  -7.6067127752020608E-011  -3.0005853592862183E-009  0.12054700985073324       -1.1053371732177351E-009  -5.3796340122548495E-010   3.2571603307995650E-008  -4.5721684494326748E-011  -1.2128276774644403E-010   1.3765511356867838E-010   2.3537432899135679E-011  -6.1929534255744020E-011   5.6777168626914218E-011  -1.7008234464018687E-011  -8.9644783133986950E-011   1.8553660709221531E-010  -7.0837884622217785E-011  -6.3271659103157610E-012   2.5946871903782017E-011  -1.2423960820449153E-011   2.0212674363152454E-011  -2.5249953142025724E-011  -7.3605336909019731E-011   3.0036462762315051E-013   1.8434072922727944E-011  -1.8328060772076338E-013  -7.2434576753538630E-011   9.8918403586065304E-011   2.2328961079312649E-011  -4.2411956491858049E-011  -3.0260553425788710E-011   1.7872037149728388E-011   3.0925990013395974E-009   1.2820068003961825E-009  -2.2967180831202680E-009  -1.4792121405537721E-009   2.3276282699446558E-010  -1.6133884455298482E-009   1.9832173379548592E-002  -1.6046907677548986E-010   4.7339035981141310E-011  -1.7608118769754961E-008  -8.1947505855393955E-009  -2.4556928952816893E-009   2.1406614074231465E-009   3.9599103940070053E-009  -3.6885990734777634E-010   4.2348402699363100E-009  -7.7767036965673664E-002   7.5864689736495247E-010   2.9582717652148168E-011  -2.6135196607822490E-002   2.3863435419215245E-010   2.1512317245466159E-011  -4.4583719386524464E-009  -1.1001233780117828E-011   3.0377029628124392E-012   1.8837394453134416E-011  -7.4300849065290200E-012  -6.4719787700043612E-012   2.2175131798067385E-011   1.4831975720010732E-011  -2.7058489461972073E-011  -2.2937001363653000E-011   6.1276907748501306E-012  -3.0988544234872571E-009  -1.1443082781805144E-009  -5.0013927333123266E-012   1.2462856832926566E-012   6.1611147751937567E-012  -2.2476660846068231E-012  -3.9127804770574026E-012   8.9498393043761358E-012   4.6866487175169071E-012  -1.0093743194639378E-011  -7.5339887715046805E-012   2.9312228286362142E-012
  -1.5659179843725284E-009   9.1701001726642681E-002  -3.6626286998270804E-008   1.3423877090677796E-008   1.2742558403603579E-009   1.0351990562398913E-008   1.8497768602848517E-009   9.3068731958861458E-009   2.0361544939363972E-009  -1.0581121088870951E-008  -3.1589796853955676E-010  0.12702948280494034       -1.2119469121665476E-008  -7.7724965776725403E-009   1.6744693968302883E-010   9.0907681991276610E-011  -3.5856556622807331E-010   1.0472427521794845E-011   2.3150013219208757E-010  -2.3512482568436105E-010   4.1194368068433653E-010  -5.1195296284323993E-010  -6.4343605277179454E-010   6.4884552748452342E-010   1.2144729936595590E-010   5.2843394315712285E-009  -7.7162540035468691E-012   4.1977417715353404E-010   9.6733581160589365E-010  -5.4120146059311905E-010  -4.4005324054259347E-010  0.12054702317230342       -2.1901802947035533E-008   1.9499368314622109E-008   6.3552320434048394E-011  -3.6339623441306075E-011   1.6545421806741196E-011  -8.7688849603134437E-011   1.0056861330155121E-010  -2.3961126480509532E-011   1.7028039848712725E-011  -5.3796121710591703E-011   2.5909124297872064E-011   2.3551804899089581E-011  -1.0327753542026478E-010  -9.6054653681149926E-011   2.6909738361218808E-010   2.1095239239820612E-011  -1.3955810848833980E-010   4.0779743227445349E-011  -2.2455816781914612E-011   3.9716489905557774E-011  -4.1855943845447089E-011   3.3863856032490462E-011  -1.2854249447459475E-011   2.6802562422023425E-011  -1.8741237070641701E-010  -1.3387513103546093E-011   1.1008838169321069E-010  -2.3792827086450507E-012   2.4089558842464725E-009   2.2858977406715248E-010   1.3968226210970878E-009  -1.1123256051633427E-009  -1.3944649694274905E-009  -3.0021341407022468E-011   1.9832174515406746E-002  -1.9645100313679985E-009  -5.9795064080008807E-009   7.1890490101116453E-011  -6.7044966874690677E-009  -3.7059277279222921E-010  -2.6950410939546586E-009   8.2520071185215341E-011   2.6231565933615638E-009   3.4706510519322958E-010  -7.7767044517102729E-002   1.3022212269531592E-008   9.5741679905367149E-011  -2.6135199009085577E-002   4.0941575138214658E-009  -6.8561045756026360E-009   2.5741718861634342E-011   3.5624845520481125E-011  -3.0260111306779505E-011  -1.5834280364253982E-011   4.4010636351845601E-011  -1.8703268268337814E-011   3.5000858253655199E-011  -1.6130722280263545E-011  -8.2568471622196282E-011   3.4579042057176386E-011  -2.3281501075392605E-009  -6.7022149591587002E-010   8.1597459259559077E-012   8.5054477023634268E-012  -5.0051523919108664E-012  -5.6339389568065824E-012   1.3450188319496792E-011  -5.3146833168325443E-012   9.9284466139405652E-012  -1.2914362597391775E-011  -2.1825509965284341E-011   1.3356859954988677E-011
  -4.8158251520327482E-010  -3.6626286998270804E-008   9.1701032998153700E-002   1.1972355389404901E-007  -3.1047534205231537E-009   1.8839547067144890E-009   9.1046099878232323E-009   5.4005856329008178E-009  -4.9992157980850454E-009  -2.2958375065279860E-009   7.6520831787161336E-011  -1.2264688210316935E-008  0.12702949390726970       -6.2063367111199649E-008  -2.0897343196664016E-010  -4.2198005827027107E-010   3.5211718100625490E-010   6.0610501809477419E-011  -3.0467922208660370E-010   2.1975664795683459E-010  -4.8860663544892428E-012  -9.4068655622872659E-010   4.2853516420334372E-010   4.3860524461034495E-010  -7.5636266419881782E-010  -1.0262152172372737E-010   5.1133457821520664E-009  -2.2215293252868891E-010  -3.8303441188310626E-010   9.7852741402091810E-010  -1.3707104691421193E-009  -2.2491147137264624E-008  0.12054704129472288        3.4339580554587146E-008  -7.6286383571732817E-011   2.2059558348665416E-011  -4.0889209129457711E-011  -8.4534123162629857E-012  -1.1816943740208254E-010   1.4248835126788392E-010   2.0493934926430736E-011  -6.1543235713171084E-012  -5.7091080791066931E-011   4.5476586886030863E-011   6.1922465728642165E-011  -1.6800473006476115E-010  -1.0029426472953568E-010   2.5608309115445919E-010  -2.4003407044025370E-011  -1.3237169384468822E-011  -6.8187581062470465E-012  -5.3533011189936419E-011   1.3516332786208326E-011  -5.3363679036837430E-011   4.2422810803438119E-012   1.0226860561183219E-011  -5.9020650816024215E-011  -6.9037755913568514E-012   8.3852496286450623E-011   4.1303025429635495E-010   2.2433127571422841E-010   2.2568478570608268E-009   1.4279061357034012E-009  -3.1510468085703045E-010  -1.8408191523619404E-009  -9.7618563427356387E-011  -2.0412295713622547E-009   1.9832176225554238E-002  -1.9745598526164129E-008   4.3057666889352550E-010  -3.8947163023224246E-010  -6.3849633755514020E-009  -1.3468635835373083E-009   5.2113841019105574E-010   9.1627922785185325E-010   4.9782898675053788E-010   1.3292628324356223E-008  -7.7767055653830075E-002   1.8478468016262533E-010   4.1891325721268717E-009  -2.6135202484768267E-002  -7.8865331544365954E-009  -3.0659155981083857E-011  -5.4981652529125606E-011   5.5855762918855357E-011   5.1356273230428992E-012  -4.0445081622850856E-011   3.5997670437808511E-011  -3.7665300254545180E-011  -6.4396279680888741E-011   1.0551343034270863E-010   6.3578777016458687E-012  -4.7186349057161325E-009  -1.9306790011071253E-009  -8.5072697072362816E-012  -1.4749082994371464E-011   1.1816072617556793E-011   2.2010196634732431E-012  -1.2349647723567841E-011   9.2125756919819835E-012  -9.1613705993151996E-012  -1.6985520842060053E-011   2.7039551726703494E-011   3.8501957378480494E-012
   8.4499787555812555E-008   1.3423877090677796E-008   1.1972355389404901E-007   4.4123135061378889E-002  -3.7171186721451942E-009   4.1962371736224626E-010  -6.3102356902302715E-010  -1.2947968434381599E-010  -6.3004620330729608E-009   3.8466534507332658E-009   1.0480626237280132E-007   1.2014126860037277E-008   1.4880559057304493E-007  0.16962206615244879        6.5107729779403975E-011   4.0294404618394757E-010  -7.9244801172092136E-010   6.1077921715041203E-011  -3.9106955213367673E-011  -1.4842653991483079E-010   4.4509764165449298E-010   8.4726316651679123E-010  -1.0000896014984845E-009  -4.0858955663982388E-011   2.0893942344990064E-009   1.8524845757787863E-010  -1.3008097506457308E-010   4.8936670530668398E-010   3.6866106972117319E-009  -2.5781056632880450E-009   9.6429254091541039E-008   1.2354850470823362E-008   1.2388340253201189E-007  0.16991306489806765       -1.8817121248703498E-011   3.6526759679444396E-011  -5.8123048339046808E-013   2.2163496413984714E-013  -7.6720410002968075E-012   3.3211868482361256E-011  -6.5828561487093493E-012   5.3297436384475123E-012  -4.0173858737551612E-011  -3.3913284712412592E-012   3.4222524225132935E-011  -7.4006869543332662E-011  -5.9958995314336879E-011   7.9725239166283586E-011   1.5433693761109902E-011  -1.3183443224441041E-010  -3.0736039213505324E-010   3.2259316540804443E-010   4.9849996641322304E-011  -1.7142209597342425E-010   1.2703100912383608E-010  -2.7783051964487694E-010  -2.4000797333925729E-010   6.8012478326952527E-010  -6.1563885023076974E-011  -1.1132022625666151E-009   1.5995960708771226E-010  -3.6073148715970851E-010   3.0655364496108558E-011  -1.7966587354055385E-009   1.0846257963940706E-009   1.6754953049658781E-008   2.7820008928760008E-009   1.6318650817775532E-008  -2.6418474077337092E-002  -2.8103189475289641E-009   6.8778366432439565E-010  -9.6018563338538466E-010   9.9575292801505666E-011  -4.7984201184049507E-009   2.7106921471371082E-009  -6.5850982974008201E-008  -8.5192286405183870E-009  -8.4302249311605699E-008  -2.1473722650991868E-008  -2.8749927020394943E-009  -2.6966579141684919E-008 -0.15133563373401271       -4.0194278035125843E-011  -8.6144788358610465E-011   5.6986666577298031E-011   1.9394699003594877E-011  -6.1483960593547535E-011   3.4534408336680320E-011  -7.6305279369543457E-011  -1.9797529922079814E-011   1.8852219734068649E-010  -2.7721090225388995E-011  -4.4158597547627347E-002  -1.3518737547738569E-002  -1.9511822531192824E-011  -4.4265597430614463E-011   3.7288726040802586E-011   8.2635141354593799E-012  -2.8099675458606275E-011   1.7915423310118706E-011  -3.9348726170293437E-011  -2.1417718690063903E-011   9.7057783736391290E-011  -1.1829757391347129E-011
   1.4534499768606324E-008   1.2742558403603579E-009  -3.1047534205231537E-009  -3.7171186721451942E-009   7.6919709800621718E-006   9.1674317883220863E-014  -3.2246049982388389E-013  -3.8459844362396434E-006   3.0165905166104685E-012  -3.8459865440288775E-006   2.0140600180873781E-008   1.7637977027994682E-009  -4.3013660194605455E-009  -1.4272592912720421E-008  -7.6457532771926854E-012  -1.9116651071849236E-013  -4.4167696279939388E-012   5.1167678522055246E-012   2.9626092099830430E-015   5.1410842364992720E-012  -1.2689656957896448E-012   3.0738479810089585E-013   1.8936759390272231E-012   3.0629533430459523E-012   1.0608838439145724E-004   4.6267840069939251E-013  -1.6470505676240277E-012  -5.3044186451589617E-005   1.6184769559948044E-011  -5.3044197941178580E-005   1.9099024616093152E-008   1.6739837368938944E-009  -4.0740326259576756E-009  -1.4276047291249827E-008  -7.6503685876618350E-013  -1.9799846099659713E-013   1.8615220346638586E-013   1.7088496044229905E-013  -1.0766461132734594E-012   1.1727328280820798E-012   1.8985423594731862E-013  -1.2263056838515676E-013   1.0928743107249578E-014  -9.4750374686096786E-014  -4.1278772050362908E-014   4.3468014283230643E-013  -9.8812205998938702E-014   3.6780090491059388E-013  -6.1158755221441079E-013   3.8069160584131559E-011  -4.3066816487783711E-012   2.7103372087920359E-011  -2.5551424921682708E-011   9.3350349826156676E-015  -2.5523719474944238E-011   4.9342696425048659E-012  -5.3440391418759375E-012  -2.3133282672872743E-012  -1.6218453202417463E-011   4.8426961732835977E-004   3.2044614827132849E-013  -6.6550918555993713E-012  -2.4213477389248839E-004   9.2804750024511475E-011  -2.4213484343865217E-004   3.1944742794533549E-009   2.4367507020104893E-010  -7.0152515795278289E-010   2.2236936483029328E-009   3.5868778612017978E-003   6.1167419112229066E-012  -5.1518045999131483E-011  -1.7934386738911708E-003   6.9882708816448283E-010  -1.7934391873099527E-003  -1.2323916973513607E-008  -1.3445282191999425E-009   2.4902937562345319E-009  -4.1570480275644539E-009  -3.6110969654207559E-010   8.8826052203950358E-010   1.2682305507083148E-008   5.0072223120393545E-011  -2.7774769619890236E-012   2.1006167345704347E-011  -3.3583321403714713E-011   1.2068841866815520E-014  -3.3595616888098207E-011   3.0982298653247508E-012  -4.4184968136926987E-012  -1.3792325290750891E-012  -1.2363718905450869E-011   3.6920131079629142E-009   1.1358617911902926E-009   1.8609153829012824E-011  -3.4120446418973268E-012   1.0460820469126827E-011  -1.2480954185875324E-011   4.9594084667951596E-015  -1.2485845916770636E-011   2.5006661471432577E-012  -2.3271591180098802E-012   5.7043927132670686E-014  -6.0624753422993011E-012
   8.6246630028738947E-009   1.0351990562398913E-008   1.8839547067144890E-009   4.1962371736224626E-010   9.1674317883220863E-014   7.6919711199900309E-006  -3.2185677922917050E-012   2.0615876759958177E-013  -9.0703720619864161E-014  -2.9783093300985860E-013   1.1954008562959213E-008   1.4345176666961884E-008   2.6104489411871949E-009   1.6086369157737093E-009   7.3660869824209921E-013  -7.9549789739014281E-012   2.1760798091683467E-013   4.4002541412629729E-013  -3.1534617181424368E-012  -1.4282880597704054E-012   4.5428767981841959E-012   2.4306881653980907E-013   1.8600528418717133E-012  -3.4337397038669705E-013   1.2898455185688459E-012   1.0608838638190701E-004  -1.8737570627192103E-011   1.0382094676306081E-012   2.9431058229336043E-013  -2.3280069817233630E-012   1.1333004149506855E-008   1.3603090995403629E-008   2.4758921457797180E-009   1.6067399120073576E-009   1.5586928638590728E-013  -5.9841302239449840E-013   4.4529197364683343E-013  -2.6019174556520966E-013   2.1620447928370711E-013  -1.3582603699711531E-014  -1.1208398414979328E-014  -1.2058001269332348E-012   8.1790229871957560E-013   4.5345906456794985E-013   1.2374291835078332E-013  -1.7507671063143991E-013   4.2845593631034021E-014   1.3928234542386343E-014  -1.6641795664650184E-014   1.6595461319619680E-012   3.9452294110506072E-011  -4.4573599330077806E-013  -6.1727374273878006E-012   2.1620353710462380E-011   3.9462230445633819E-012  -2.2239446880707317E-011  -4.4070839319572389E-013  -9.6149517454034253E-012   6.6071538858505770E-013   4.4104248715348100E-012   4.8426962050239871E-004  -1.0014052834670365E-010   3.5807367003698403E-012   2.2532204190934932E-012  -7.9910200877242185E-012   1.8836774931537018E-009   2.2879004745147598E-009   4.0346857809907085E-010  -2.5949581265615965E-010   3.6394410778303495E-011   3.5868778944172187E-003  -7.5540249090257929E-010   2.9078932361207403E-011   1.1755733640231134E-011  -6.5473366442862288E-011  -7.0976222084298651E-009  -8.7453494158208951E-009  -1.6258974166583566E-009  -2.4570796193739491E-009  -2.9636745074216834E-009  -5.3651895126002055E-010  -1.4409759276498366E-009   1.1040631776395576E-012   5.1786617244926934E-011  -2.8289277649441442E-013  -3.9418065277478727E-012   1.6949095110737433E-011   2.4605518740580371E-012  -2.9065453998509568E-011  -2.8160267280961242E-013  -1.2791221173858410E-011   4.2074921123191677E-013  -4.2494107239876256E-010  -1.2771329494037924E-010   1.9353886914036959E-012   1.9259094185975806E-011  -1.2487087682024694E-013  -4.2202168052034711E-012   8.5249449347055741E-012   1.6236216532711938E-012  -1.0807974142291242E-011  -1.2652286289987805E-013  -4.7586742597630500E-012   1.8737718939838821E-013
  -7.9631870580614830E-009   1.8497768602848517E-009   9.1046099878232323E-009  -6.3102356902302715E-010  -3.2246049982388389E-013  -3.2185677922917050E-012   7.6919733442602069E-006   3.0739126166849490E-013   1.7069304719351638E-013   1.5077041508870141E-014  -1.1036056972831991E-008   2.5630380416260409E-009   1.2616687148362078E-008  -2.4181595186494930E-009   1.9972517569619822E-012   2.1581572614692150E-013  -8.1528930220976180E-012   2.2822854213185767E-012  -1.4073798407771100E-012  -4.9618830697830353E-012  -3.1986369291525963E-013   2.1554520034081744E-012   2.1334920508901020E-013   4.4702335593626991E-012  -2.8869314515454954E-012  -1.8471165128814894E-011   1.0608839835270574E-004   2.5954771307444411E-012   1.0715588210819672E-012   2.9157246617135405E-013  -1.0472055624858351E-008   2.4305718686679700E-009   1.1964134442860681E-008  -2.4182349086034126E-009  -1.3223383441322754E-013   3.8518819657022486E-013  -1.1868224564030854E-012   2.1028364563338548E-014  -2.2282996534922402E-013   2.1130788991085533E-013   4.7413682765750283E-013  -1.7931309543521686E-013  -1.1528993528926495E-012   1.3205857619774839E-012   3.9525532407552245E-014   1.3785213121429462E-013  -9.0413761428087791E-014   2.8237714755916732E-014  -6.8791634336918718E-014  -1.5980735291799490E-011  -4.8318480787524351E-013   3.9839704731220629E-011  -9.6844150476114191E-012  -1.3281869859097127E-012   3.1124817781722489E-011   6.8288360114256692E-013  -1.0217739670590797E-011  -4.3297943448959048E-013  -2.2078905695432116E-011  -1.2981468079030972E-011  -9.9234045605894669E-011   4.8426969014945002E-004   1.1366315247635554E-011   4.7895304386208042E-012   1.6154507348978045E-012  -1.6181549503065432E-009   3.9557301559275918E-010   2.0234300716098085E-009   3.8896468584543732E-010  -9.8443592644424947E-011  -7.4980503722921373E-010   3.5868784145299650E-003   8.7151540207328479E-011   3.6614518794446155E-011   1.1292014476799303E-011   7.3309040688208169E-009  -1.5983887098107743E-009  -7.6528979417389444E-009   2.2570496047129046E-009  -5.2662681681537891E-010  -2.6088067108216574E-009   2.1646094674836404E-009  -1.2621955381044572E-011  -2.8935201987964607E-013   5.2025920390359724E-011  -7.1669583304427909E-012  -9.3498842529163442E-013   2.4101084976963022E-011   4.1355416336023317E-013  -1.3164475311972866E-011  -2.6548097600887338E-013  -2.8965613420128014E-011   6.3723488210030753E-010   1.9214042165477508E-010  -6.4091955295971149E-012  -1.2894652551054006E-013   1.9341481413434693E-011  -3.4119638490500095E-012  -2.3131335150662453E-012   1.2010799914145432E-011   1.8373656521089757E-013  -4.8927276662965928E-012  -1.1755631346696457E-013  -1.0769470162764980E-011
  -6.6815011660655363E-009   9.3068731958861458E-009   5.4005856329008178E-009  -1.2947968434381599E-010  -3.8459844362396434E-006   2.0615876759958177E-013   3.0739126166849490E-013   7.6919729676806478E-006  -1.4701678920829160E-012  -3.8459885312132949E-006  -9.2586219448144873E-009   1.2899927768189403E-008   7.4846343865281145E-009  -4.9847781763093966E-010   3.6806961027722635E-012   1.1473825557239307E-013   1.7571378685212475E-012  -7.0899601600882902E-012   1.2355781722991316E-014   2.1517906363871477E-012  -1.8005981730929261E-013  -2.9126381934536326E-012   1.2683153063213864E-013   8.6125741972516106E-013  -5.3044187098969986E-005   2.0919162991397190E-012   1.6791690257733479E-012   1.0608839700384201E-004  -7.3361079358544808E-012  -5.3044209903324921E-005  -8.7797338829020107E-009   1.2229120794837533E-008   7.1007739738003703E-009  -5.0055345362479866E-010   2.5417972174411778E-013   1.6859064002856182E-013  -5.0858420097527250E-014  -4.3322181526950831E-013   5.8581057621461177E-013  -1.2811388405183048E-014  -2.6539253178916908E-013   1.3880385042222060E-013   1.2988126650002930E-013  -5.2599615714113000E-014  -2.3055283782838680E-013  -1.5859254784628239E-012   8.3882058774612399E-013   1.1492922457547008E-012  -4.6991378938094917E-013  -1.8784588212478311E-011   3.2837659575761237E-012  -7.9640068487558981E-012   3.4586630715806940E-011   2.3728604836086681E-014  -9.3844566685204268E-012  -4.8886382958296812E-012   2.4487556105649584E-011   3.2750192464735973E-012  -1.2315920698634027E-011  -2.4213477681128015E-004   8.7706266228501590E-012   6.9923905458658411E-012   4.8426967720433987E-004  -3.9623014048519238E-011  -2.4213490038917118E-004  -1.4727331464149708E-009   2.0348403453943792E-009   1.1039737600410322E-009   6.7500622606009845E-011  -1.7934386949369002E-003   6.7056903758855263E-011   5.6121271253399549E-011   3.5868783269645760E-003  -3.0376766090778052E-010  -1.7934396320276361E-003   5.6507521715835294E-009  -7.6365346366405770E-009  -4.9359486087449250E-009   1.9118260551265581E-009  -2.6514086463470182E-009  -1.5313785166478683E-009   4.2616744490652516E-010  -2.4871470923094378E-011   2.1039429901964954E-012  -5.9954634384294933E-012   4.5094361741693383E-011  -7.3255831323101228E-015  -1.1725780847707133E-011  -3.1397418379005549E-012   1.9394515164685924E-011   2.1084574364936530E-012  -9.9870595522252336E-012   1.1716063718728422E-010   4.0048833177007027E-011  -9.2457341263679620E-012   2.5630526285989639E-012  -2.8923163814776840E-012   1.6782109252023404E-011  -3.0140043139104786E-015  -4.3776548879792123E-012  -3.8222338119800654E-012   9.8767208053715602E-012   2.5650167029670803E-012  -5.2058674539583650E-012
   1.9478429959422170E-009   2.0361544939363972E-009  -4.9992157980850454E-009  -6.3004620330729608E-009   3.0165905166104685E-012  -9.0703720619864161E-014   1.7069304719351638E-013  -1.4701678920829160E-012   7.6919745476942573E-006  -1.5464083155877238E-012   2.6988425190830416E-009   2.8199559647026591E-009  -6.9243237871541063E-009  -2.4192781659676902E-008  -3.3359099843861674E-013  -2.0485903928051083E-013   1.7213611969973709E-012   2.2378319091615531E-013  -6.1710531881462040E-012   2.2377616925994487E-013   2.6669866561605114E-012  -1.6461699418496911E-012  -3.3732661204463598E-012  -5.6033752457681334E-014   1.6564230075878930E-011  -1.6098770698108332E-012   1.2267437869367581E-012  -9.5315339698127820E-012   1.0608840371392352E-004  -7.0326097548183607E-012   2.5595737289053765E-009   2.6656127472456068E-009  -6.5680795913711978E-009  -2.4196744780202037E-008  -2.7456401987992426E-013  -5.1267775273795339E-014   2.6693100548493600E-014   2.1842444002908254E-013  -5.0876001645254276E-013   2.6391028161852582E-013  -8.1631608968497385E-014  -1.0666865491573073E-013   1.7830529527640883E-013   5.2813501124182735E-014   1.0247689633473772E-012  -7.9779741635977894E-013  -2.0185134579476127E-012   1.1770938020524901E-012   9.9887278444273759E-013   6.7104299800250670E-013  -5.1100958277596985E-012  -1.8198945206355398E-012  -4.6723275540662342E-013   2.9299933516547866E-011  -4.3306583723562503E-013  -1.7091087996359976E-011  -2.3062991616141335E-012   2.8040196519593170E-011   3.0754982916637992E-012   9.4644915393784122E-011  -6.9704389819445352E-012   5.6381336163961911E-012  -5.0599866410336668E-011   4.8426972876738542E-004  -4.4044798347654765E-011   4.1687498687725239E-010   5.0518564501532717E-010  -1.0149284792452208E-009   3.7655969233434142E-009   7.1201267073044226E-010  -5.4805090715150778E-011   4.3465999168140651E-011  -3.8436862450340544E-010   3.5868786957981439E-003  -3.2764403826699972E-010  -1.6811190814047832E-009  -1.3943236208151582E-009   4.7681942921043245E-009  -5.5459931038010009E-010  -5.8764492823806868E-010   1.4198942337025346E-009   2.1491923702661485E-008   4.2391178200992511E-013  -4.4198547479735290E-012  -1.0818806899713822E-012  -2.9708484623775690E-013   3.7885564862562755E-011  -2.7165269432719844E-013  -1.3330025692866216E-011  -1.5668859142868366E-012   2.2303961850030933E-011   1.9742746831136007E-012   6.2547003961682199E-009   1.9253585533564045E-009   1.8838147421656441E-013  -2.4267059246060269E-012   2.5844891495674682E-013  -1.3375653169086081E-013   1.4108598965439569E-011  -1.1898385342608230E-013  -6.6684683587842195E-012  -3.3031337966280827E-012   1.1373394412190295E-011   2.2693766565569152E-012
  -7.8529981821533371E-009  -1.0581121088870951E-008  -2.2958375065279860E-009   3.8466534507332658E-009  -3.8459865440288775E-006  -2.9783093300985860E-013   1.5077041508870141E-014  -3.8459885312132949E-006  -1.5464083155877238E-012   7.6919750752208136E-006  -1.0881977653843192E-008  -1.4663714461343413E-008  -3.1832757012481271E-009   1.4771284399742648E-008   3.9650571747407565E-012   7.6428255722181687E-014   2.6596317584787825E-012   1.9731923077240935E-012  -1.5318390948819213E-014  -7.2928748731575176E-012   1.4490255137478657E-012   2.6052533964033274E-012  -2.0205074711060420E-012  -3.9242107628133624E-012  -5.3044197295333197E-005  -2.5545650304425823E-012  -3.2010817980676504E-014  -5.3044210549111826E-005  -8.8484641656846959E-012   1.0608840784420888E-004  -1.0319290187354610E-008  -1.3903094055257525E-008  -3.0267483312919477E-009   1.4776812167362267E-008   5.1085713702963793E-013   2.9407821013989381E-014  -1.3529378337014371E-013   2.6233685480776514E-013   4.9083553709566863E-013  -1.1599214396679370E-012   7.5538295825695607E-014  -1.6173282030750131E-014  -1.4081000964725810E-013   1.4734999039678915E-013   2.7183160990503217E-013   1.1512453354992101E-012  -7.4000838177109912E-013  -1.5170931505614322E-012   1.0815013416054625E-012  -1.9284572372868954E-011   1.0229156908771989E-012  -1.9139365239205663E-011  -9.0352057929205265E-012  -3.3063639993603544E-014   3.4908176143892002E-011  -4.5631347317365817E-014  -1.9143516963595376E-011  -9.6169097799966757E-013   2.8534373900949311E-011  -2.4213484053007073E-004  -9.0909373401357994E-012  -3.3680733520052750E-013  -2.4213490329751550E-004  -5.3180834647088427E-011   4.8426974382647845E-004  -1.7217411647314682E-009  -2.2785131692642051E-009  -4.0245017982294351E-010  -2.2911034559523023E-009  -1.7934391663611195E-003  -7.3172642564640043E-011  -4.5995858935533952E-012  -1.7934396529672211E-003  -3.9505275130370436E-010   3.5868788193276270E-003   6.6731631828160907E-009   8.9810615487010172E-009   2.4456548857089809E-009   2.2452218527697419E-009   3.0125160772408143E-009   6.4311950397306046E-010  -1.3107939080890089E-008  -2.5200752198685283E-011   6.7353397179931997E-013  -1.5010703907620393E-011  -1.1511040336462495E-011  -4.7432587122836308E-015   4.5321397736148840E-011   4.1511972347500287E-014  -1.4976018350551196E-011  -7.2922490711904805E-013   2.2350778457604185E-011  -3.8088218919355398E-009  -1.1759276371040280E-009  -9.3634197031545215E-012   8.4899201340238968E-013  -7.5685040878723709E-012  -4.3011550655855119E-012  -1.9454041383642922E-015   1.6863500804871058E-011   1.3215676646947152E-012  -7.5495616870988305E-012  -2.6220606300131400E-012   1.1268342796228136E-011
  0.12702947653022506       -3.1589796853955676E-010   7.6520831787161336E-011   1.0480626237280132E-007   2.0140600180873781E-008   1.1954008562959213E-008  -1.1036056972831991E-008  -9.2586219448144873E-009   2.6988425190830416E-009  -1.0881977653843192E-008  0.17596855614257356        1.1645214873209066E-009   2.0136131288687616E-009  -1.1890330116437686E-007  -7.2622203733922228E-010   1.7287465163681011E-010  -1.3195170960285261E-010   1.4901864101228289E-010  -8.2577225666538894E-010   8.2530137739252258E-010   8.3891508222085560E-011  -6.4298944825291718E-011  -2.8543075981347329E-010   1.4627645925490231E-010   8.3312276700004224E-009   5.0511628614164780E-010   4.8016662575786109E-010  -4.1257227876692171E-009  -9.7374588885765183E-011  -4.2055020897441655E-009  0.16698949919899495        9.0499958446325335E-010   2.3251700258632015E-010  -2.0467181165397637E-009  -6.3338028878041347E-011  -1.6801270521425526E-010   1.9069370735758952E-010   3.2606184702361629E-011  -8.5790556406377595E-011   7.8653244994276389E-011  -2.3561423803246030E-011  -1.2418525314218687E-010   2.5702333004496011E-010  -9.8131550352390280E-011  -8.7649854890526406E-012   3.5943919246121402E-011  -1.7210757809626837E-011   2.8000581638331407E-011  -3.4978753604350204E-011  -1.0195901067867498E-010   4.0961832450393732E-013   2.5540818948060655E-011  -2.5850442273763350E-013  -1.0033825575003450E-010   1.3702761824473317E-010   3.0934081087564532E-011  -5.8751303520322170E-011  -4.1915844081757899E-011   2.4753603039972202E-011   4.6973352361772246E-009   2.1919824120793773E-009  -3.4989149072764818E-009  -2.2390059828386841E-009   3.5888569858810212E-010  -2.4583314493159946E-009   2.7487939117735356E-002   1.7627319063761645E-010   2.2967235321435073E-010  -1.6752885734715185E-008  -8.2871572856679863E-009  -3.1969175651855163E-010   6.1191452168522342E-010   4.0771407149358685E-009  -2.4082273604669169E-010   4.2100166793178639E-009 -0.10757011608125054       -5.4352435002598468E-010  -5.5657057272101479E-010  -3.6203996209810838E-002  -1.9761505346058563E-010  -1.8216157166468119E-010   3.7601403432963538E-008  -1.5270763854677657E-011   4.2010417954427618E-012   2.6102288225348351E-011  -1.0292888598686004E-011  -9.0092382443254177E-012   3.0760489317941360E-011   2.0549695522532514E-011  -3.7483239531037531E-011  -3.1771510571024907E-011   8.4829273029784005E-012   8.9617207372729434E-009   2.1665892562331180E-009  -6.9260045596915481E-012   1.7227932959943828E-012   8.5407238673667036E-012  -3.1170731796249150E-012  -5.4176973224990819E-012   1.2398356808278429E-011   6.4944921592612516E-012  -1.3983195956656059E-011  -1.0435935961741896E-011   4.0565996460617286E-012
  -1.0126472907665308E-009  0.12702948280494034       -1.2264688210316935E-008   1.2014126860037277E-008   1.7637977027994682E-009   1.4345176666961884E-008   2.5630380416260409E-009   1.2899927768189403E-008   2.8199559647026591E-009  -1.4663714461343413E-008   1.1645214873209066E-009  0.17596853372594634        3.6505050572547888E-008  -3.6065192327698182E-008   2.3195535594251620E-010   1.2592767785122372E-010  -4.9670454779697293E-010   1.4510682976972281E-011   3.2068468264501629E-010  -3.2570972171923938E-010   5.7065259516683723E-010  -7.0919299950616494E-010  -8.9132780457042702E-010   8.9882202847223003E-010   1.4969142263908091E-010   7.3890040075760683E-009  -2.1249656417116166E-012   6.8473248994041167E-010   1.3305540928576436E-009  -8.3439618619952583E-010   9.1072395000075206E-010  0.16698948813393447        2.0229533979321090E-008   1.6660836402063875E-009   8.8038860089871430E-011  -5.0341043386400826E-011   2.2920491447394256E-011  -1.2147528993319921E-010   1.3931799743284688E-010  -3.3193124635375398E-011   2.3588707555709031E-011  -7.4523671902687053E-011   3.5891908591393349E-011   3.2626125587535061E-011  -1.4306988225152058E-010  -1.3306505589974855E-010   3.7277967524572349E-010   2.9223557416905984E-011  -1.9332944571549528E-010   5.6492355338412493E-011  -3.1106291808895708E-011   5.5019196111831894E-011  -5.7986412935189063E-011   4.6913001086039776E-011  -1.7803852591263451E-011   3.7119181349764497E-011  -2.5961196936173088E-010  -1.8533497224788350E-011   1.5249773519356676E-010  -8.8350020761793325E-011   3.6514887118435916E-009   3.5567461198680282E-010   2.4063694131274780E-009  -1.5830123809694201E-009  -2.3180493613303963E-009   2.0736552803520037E-010   2.7487935878643819E-002   5.5073163950427116E-009  -4.1707153689540372E-009  -5.2974569867278936E-010  -6.9554188058347695E-009  -2.2419549721200540E-010  -2.4136438206632917E-010  -1.9914605170404393E-010   7.7111837775631306E-010  -5.1170763658773865E-010 -0.10757010704108953       -1.5531269962578847E-008  -1.9698195398196323E-010  -3.6203993135851105E-002  -5.2931561955100694E-009   1.4079355938299692E-008   3.5662875076338116E-011   4.9331211799189105E-011  -4.1904780417577593E-011  -2.1941326893162759E-011   6.0970901439534924E-011  -2.5907391014662355E-011   4.8473069494652768E-011  -2.2403286637969738E-011  -1.1434392876634773E-010   4.7934281934395000E-011   3.9265973687007099E-009   1.0878122997227178E-009   1.1306219582096997E-011   1.1787135267750911E-011  -6.9363408353960116E-012  -7.8085198035768972E-012   1.8635885735317668E-011  -7.3619917243529230E-012   1.3751951464856183E-011  -1.7885033574243487E-011  -3.0236823373924371E-011   1.8501372545149529E-011
   7.0995840357229756E-010  -1.2119469121665476E-008  0.12702949390726970        1.4880559057304493E-007  -4.3013660194605455E-009   2.6104489411871949E-009   1.2616687148362078E-008   7.4846343865281145E-009  -6.9243237871541063E-009  -3.1832757012481271E-009   2.0136131288687616E-009   3.6505050572547888E-008  0.17596850447720669       -1.5148382260411520E-007  -2.8948005350877699E-010  -5.8455050934058259E-010   4.8777170653563466E-010   8.3962075569402883E-011  -4.2205692564327405E-010   3.0441599102601802E-010  -6.7668739087726814E-012  -1.3030932130907832E-009   5.9362889152863666E-010   6.0758222851526673E-010  -1.0541980873405408E-009  -1.3268630557910389E-010   7.1445810161505278E-009  -2.5977223584316262E-010  -5.1940667492295675E-010   1.3139866890190602E-009  -8.8444900892401702E-011   1.9603963158673229E-008  0.16698947089181787       -1.8061309072495328E-008  -1.0567939503448349E-010   3.0558911466131191E-011  -5.6643989412482550E-011  -1.1710347468880500E-011  -1.6369994449490501E-010   1.9738871237313875E-010   2.8390271411176121E-011  -8.5253861486798336E-012  -7.9088044165892704E-011   6.2998735952687204E-011   8.5781107770931296E-011  -2.3273641691517398E-010  -1.3893766572252141E-010   3.5475123846008617E-010  -3.3251682189911948E-011  -1.8338876970874534E-011  -9.4428243807826464E-012  -7.4161275346082518E-011   1.8722049634641880E-011  -7.3924499683917281E-011   5.8808714591286794E-012   1.4168147786578492E-011  -8.1758041648110741E-011  -9.5681782955155962E-012   1.1615993019375734E-010   5.4228962199985157E-010   3.5391673501370239E-010   3.4063933979007894E-009   2.1959543925306350E-009  -3.8451345183438908E-010  -2.7380816243865048E-009   1.6426695005836848E-010   5.4310388585423777E-009   2.7487931366819242E-002  -1.6808816044567058E-008   3.7568982413809297E-010  -2.1967612481547396E-010  -6.7676663096978913E-009  -2.4977682514558995E-010   1.1054138495217041E-009  -1.2592364650489457E-010  -4.6155358106090251E-010  -1.5294338171912473E-008 -0.10757009425528846       -1.3651846603959925E-010  -5.2029783366976487E-009  -3.6203988768783786E-002   4.9492147420545070E-008  -4.2475226868478718E-011  -7.6148775920162370E-011   7.7340214970195276E-011   7.1113785964538666E-012  -5.6032227036272082E-011   4.9874735228912487E-011  -5.2143169228211519E-011  -8.9230798978062176E-011   1.4610406584713930E-010   8.8518578576778276E-012   1.1626457962481635E-008   2.5464434954669535E-009  -1.1788312346384273E-011  -2.0433292509427246E-011   1.6373304452914846E-011   3.0468839197142588E-012  -1.7111507787714924E-011   1.2768651684415900E-011  -1.2695047693365215E-011  -2.3536832471318760E-011   3.7464378473343067E-011   5.3353901348958501E-012
  -5.1849438940001554E-008  -7.7724965776725403E-009  -6.2063367111199649E-008  0.16962206615244879       -1.4272592912720421E-008   1.6086369157737093E-009  -2.4181595186494930E-009  -4.9847781763093966E-010  -2.4192781659676902E-008   1.4771284399742648E-008  -1.1890330116437686E-007  -3.6065192327698182E-008  -1.5148382260411520E-007  0.65208173233473410        2.5032963529146581E-010   1.5491451911234695E-009  -3.0465676689889776E-009   2.3479836482749020E-010  -1.5029953370090523E-010  -5.7064094612809732E-010   1.7111854034970505E-009   3.2572835892666591E-009  -3.8448813761146909E-009  -1.5706665640466972E-010   8.2697910823893316E-009   6.5122094756186358E-010  -3.9473840816479623E-010   1.8725683536739034E-009   1.4561050511642402E-008  -1.0139823820819033E-008  -1.2444979492841288E-007  -3.0554412353702651E-008  -2.1036209000423852E-007  0.65319266907543638       -7.2325931909279278E-011   1.4041508874113909E-010  -2.2344931458384409E-012   8.4950785517588392E-013  -2.9486648177213181E-011   1.2766346894376284E-010  -2.5305563770451767E-011   2.0490025778306743E-011  -1.5443523451642645E-010  -1.3037880113827339E-011   1.3155699037229212E-010  -2.8449638632960756E-010  -2.3048277735543634E-010   3.0647431280753464E-010   5.9333010000802814E-011  -5.0688277089278890E-010  -1.1818214826106152E-009   1.2404940629388369E-009   1.9164396532477965E-010  -6.5907331840448087E-010   4.8843582610510258E-010  -1.0682827481537323E-009  -9.2298154481043968E-010   2.6151332943396623E-009  -2.3669260944872665E-010  -3.1951041714920924E-009   3.3575179784213379E-010  -9.0449997293453541E-010   7.6730064376591048E-011  -5.1331481801116023E-009   3.1264098249754217E-009  -1.6338557819742852E-008  -2.0055326489616541E-009  -4.9854526662231124E-008 -0.10119283259482438       -2.7747081421301284E-009   5.7848956769002905E-010  -1.2205393820157853E-010   8.0333732709992466E-011  -5.3132922340286833E-009   2.6941748628259779E-009   7.3607642007376987E-008   1.9047302429125882E-008   1.2248244057360227E-007   2.4801852256640288E-008   5.8700172753304214E-009   4.5188432617304363E-008 -0.57963270292315860       -1.5448543995938146E-010  -3.3112611774132829E-010   2.1908245190771805E-010   7.4531662981386676E-011  -2.3630758580572683E-010   1.3274315977156222E-010  -2.9330069137210992E-010  -7.6128674447825396E-011   7.2464233770838511E-010  -1.0655893028643663E-010 -0.16855056938598223       -5.1970322465882374E-002  -7.4958825385783757E-011  -1.7003116254822103E-010   1.4317547586904567E-010   3.1753785354114490E-011  -1.0795974027381185E-010   6.8818184556734699E-011  -1.5113896072917918E-010  -8.2187302798083768E-011   3.7280662852666018E-010  -4.5458695646355913E-011
