  0.13181070596562613       -3.0936395012212096E-017  -8.3430304692054884E-016   2.0013945739319754E-015  -2.4108928575018993E-016  -1.4815299503491487E-017  -5.9342445384729211E-017  -1.3595650274640633E-016  -1.4812786866448061E-018  -1.0514375581974324E-016  0.11826367698191985       -7.1950069689768619E-016   6.6012483599976946E-016   6.1256997452156093E-015   9.6989302861140514E-015   9.2733141870219768E-017  -4.2601611885321620E-017   5.1409999425034301E-015  -3.3861037673166495E-017   5.2591224473655616E-015   2.5673105578719349E-016  -4.9115694581476209E-017   1.0010696631779789E-016  -8.0512046968859202E-017  -1.9693612369048696E-016   2.7062462000057241E-018   5.2986131121749650E-017  -3.3149471548738517E-016   1.4491306370205131E-017  -3.0478884156227131E-016   8.9329211642817971E-002  -2.1971495339039124E-016  -7.7916282515236405E-016   2.3837176582246011E-015  -3.3924806204690050E-017   2.9238310152227784E-018  -5.6659980430902049E-018  -2.5044146007573999E-018  -2.3623575000945123E-019  -1.7190281606830010E-018   2.8978987116568018E-018  -4.2791496683388029E-018  -4.2095702390889519E-018  -5.6184515318374920E-018   3.3547830097417911E-018  -7.0887510066392086E-019   6.5354568952586611E-018  -2.7753421214754040E-018   1.3315125149815162E-017   1.0646499299838394E-014   3.5552454499341373E-017   8.2610428835955871E-017   5.0086227132058377E-015  -8.0451563295456949E-018   4.6917316238787612E-015   9.2235907421873822E-017   8.6115809003176499E-017   4.4482452237652313E-017   1.8250650204558436E-016  -1.5703560110299359E-016  -5.4377485853044826E-018  -1.9732392337614557E-017  -1.3736950016288606E-016  -7.4595236892289568E-018  -1.5506073969809124E-016   4.4313365404741820E-003  -1.6312581803155702E-016   1.1702121698015038E-015  -1.2742818339382433E-015   3.9186308505799105E-003  -1.0604100467049021E-017   1.2970495252695186E-017  -5.3508804297791326E-002  -1.5467465666007616E-015   6.7132148388743988E-015   1.7276994202518958E-017  -1.4514134671426714E-018   2.5136226700274827E-018   2.0848183428496733E-017  -7.7310484304569690E-019   2.4920834368705202E-017   1.9938553097077441E-017   3.4744945487504582E-016   7.8199270709007999E-016  -8.1488935978203448E-017   3.5610509925674160E-015
  -3.0936395012212096E-017  0.13181070596562186       -6.8181672752193162E-017   2.8488275824691530E-016  -1.5810360656629133E-016   7.8995301212019143E-017  -5.7899770551823789E-017  -2.3187337258266522E-016  -6.1498292512906862E-017  -1.9089757477193622E-016   6.8388410174306038E-016  0.11826367698193735        6.6051846727163651E-016   2.0060558847890145E-015  -4.5707838185866802E-017   1.0671729917691998E-015   2.6520180529689313E-017  -3.0198299140653991E-017  -1.5720637419875206E-017  -2.9504077408599492E-017   5.5913906519538805E-016  -2.5058081934032016E-017   1.4452322941176749E-015  -2.9282760135116910E-017  -1.1341115292171442E-015  -2.6196852267524921E-016  -1.0561019729964160E-017  -9.5978441982673773E-016   1.1128026652231713E-016  -1.1317483238887910E-015   6.4017029561421435E-016   8.9329211642817694E-002  -7.7629936543262032E-016   1.1587688145156496E-015   1.6662724174999977E-016   8.8148215146664244E-017   2.3932980930565818E-017   5.2017240934621067E-017  -9.5020442603974374E-018   1.0218067509276295E-016   9.2067785841281355E-017   1.3616161924369804E-017   3.3719599546344164E-017   2.2751792518696827E-017   3.5568645749707583E-017  -2.7026418997329781E-017   5.8023366122655739E-017  -2.5489274029831295E-017   1.9404158098925589E-016  -3.0697029767848652E-016   3.0396450216651671E-015   8.5051139825859917E-017  -1.3323315152917003E-016   3.6900090358295298E-018  -1.2978716050657655E-016   6.8119495903542260E-015   7.9709048914325844E-017   3.1261319542937709E-015   2.7198436105602062E-016  -8.0555082850742398E-016   3.4165638206721600E-017  -1.6753769909304603E-017  -7.9717760648122943E-016  -3.6470760251024368E-017  -8.0197139678063916E-016   4.8769596016528377E-016   4.4313365404710378E-003  -9.4665531174073138E-016  -1.5279687273950869E-015   1.7650168443322331E-017   3.9186308505785314E-003  -3.1791233681640982E-017   4.0253771965690606E-015  -5.3508804297782299E-002  -7.5279824905829138E-015  -1.3102438972892037E-017   1.8168806769142883E-018   4.6904602939544017E-018  -1.3603748398210416E-017  -1.9794194959464715E-018  -4.4086951869717161E-018   6.8507446762650764E-016  -4.1770845017406800E-016  -3.0694092230299079E-015  -6.8250534410294551E-017  -1.2867602166371297E-014
  -8.3430304692054884E-016  -6.8181672752193162E-017  0.13181070596559813       -2.7471439458799795E-016  -3.0943040767604094E-018   7.4492301601046254E-017   8.2565788802443298E-017  -5.9867842737947079E-017  -4.0421373305034229E-017  -1.6210810225861197E-016   2.1125116714749614E-016   1.4459110299396163E-015  0.11826367698193413        2.1187991513761420E-015  -1.3246972635938820E-016  -1.2422189506177513E-016   2.0649509583496572E-015  -4.5011691751331238E-017   2.4839951827377925E-019  -7.0356784246590095E-017  -2.2883599357799383E-016   2.0235698655557733E-015  -1.6882324300296125E-016   6.6613242310274584E-016  -9.6536745183150686E-016  -2.9524605272717447E-016  -1.4258717301541939E-016  -8.3550844496583988E-016   1.1354868011859297E-016  -6.0925244672958251E-016  -7.9509829608675051E-016   2.6469215724190475E-016   8.9329211642811740E-002   3.1033926052051729E-015   7.1941443507129994E-017   1.1819256597540660E-016   2.8300292512036281E-017   2.6441478396521751E-017  -1.3783726454191421E-017   1.7368244259050008E-017   1.0425144466797650E-016   1.2230674539730343E-017   5.4347988979401309E-017   3.1347927030566105E-017   1.4333476240552916E-017  -3.3880710371976960E-017  -1.8361380685875050E-018  -3.4290652229870685E-017  -1.5999709831399684E-017   1.9184959319387643E-016  -1.0785658912756706E-016   3.2116756546990939E-015   8.2491676004781729E-017   3.4136718133306441E-018   8.1285234910867191E-017  -2.7555469329834070E-016   2.1489085411973744E-015  -1.1299430252661962E-016   6.8626968453124132E-015  -1.2134714305924721E-015   4.0556209597497964E-017   3.1162864070188990E-017  -1.2383134690054008E-015  -2.5281146962964328E-017  -1.2769197633407621E-015   9.2423692569748218E-016   1.0695875141816834E-015   4.4313365404697238E-003  -2.2830224832238833E-015  -1.7041634689470590E-017   4.3402537369567617E-017   3.9186308505800892E-003   5.6801451728919553E-015   7.2912529692159351E-015  -5.3508804297799542E-002   1.1579321859511245E-016   4.1173652051428511E-018   1.7998467721663560E-018   1.1667955949720218E-016  -1.6575713474074993E-019   1.2455287711433438E-016   1.3351548528304183E-015   3.4072218040406900E-016  -4.6385528017108112E-016  -1.4629279134034646E-016  -1.5631049382323432E-015
   2.0013945739319754E-015   2.8488275824691530E-016  -2.7471439458799795E-016  0.11881540724948408        2.8531265425602303E-014   5.2140293202228340E-016   2.2911070280877802E-016  -1.3404348435389313E-014  -2.6522786115482099E-016   1.4663340537834932E-014  -9.6863732544595860E-015   1.8391315700040099E-015  -1.5131622536360981E-017  0.30701664323489275        4.1350214029635276E-015  -5.0657269636420090E-017  -1.2300210807185924E-017   1.8977745828222548E-015  -9.7096242551035850E-017   1.5330915863419482E-015  -1.4609684885721657E-016   6.6869364737024652E-018  -1.0941670955637656E-016   1.9064404653507812E-016  -3.2272740171042901E-014  -2.4117470071168933E-016  -1.6000739096396023E-016   1.4811838185590130E-013   3.0206022444152778E-016   3.0544224620216957E-014  -1.3405691919230541E-015   1.8635087862309314E-016  -4.9721100293105240E-016  0.16066813733122315       -3.2304423471738099E-014   1.5077900883982624E-017  -1.0529031911651218E-016   7.2807192018297268E-017   9.6271522713570559E-018   1.1027143281464377E-015  -2.9054011711097085E-017  -5.1531670759079961E-018  -8.7349615500905474E-017  -1.0457634263454579E-017  -3.0534391363078579E-014   5.4811919006906226E-017  -8.9613652810730109E-015   4.8410929345397637E-017  -2.9628120207985986E-014   2.4887844163673391E-015  -1.0135788399331476E-016  -9.2691021285926399E-017   1.2232265983154999E-015   3.6329968983996374E-017   1.2031133967587594E-015  -3.9676879563178189E-016  -5.6712521844714548E-017  -1.1239743136633798E-016  -2.9885949466347828E-016  -3.5412638251769916E-015   1.1054899346241150E-016   8.2480007080842441E-017  -1.7732420275955113E-013  -1.4360319628064254E-016  -3.8993682797965338E-016  -1.1791938598495688E-015   7.9445316208213539E-016   2.8335603526736789E-016 -0.13175617151566785       -2.1584042619817874E-016   3.3476960614467966E-016   5.7227018668901618E-016  -1.5145488335553859E-014   1.4425316172572788E-015  -4.9097144738622297E-015   1.1004842909933153E-014   1.0150907603238212E-017  -1.4438443825968778E-017   1.8431177421369109E-014   3.9155600773807006E-017   1.4786194140079123E-014 -0.11074408982088017       -3.4108162292775066E-002   1.5795184689689545E-002   1.3470613293736423E-002   2.7696439472807081E-002
  -2.4108928575018993E-016  -1.5810360656629133E-016  -3.0943040767604094E-018   2.8531265425602303E-014   7.0816441620264867E-027   1.1678157727174248E-028   4.5888185641540536E-029  -2.5509784405375751E-027  -5.8716485356204493E-029   3.5955654532968561E-027  -2.2148783206453815E-016  -1.4067208330378785E-016  -3.4122250015861419E-018   7.3870676760770360E-014   9.2727203119866470E-028   1.7065620655223120E-030  -1.4549972804355374E-029   4.4726066212211404E-028  -1.2861615826161288E-029   3.6718968914129744E-028  -3.4017578710168316E-029  -3.2736023852470248E-030  -2.0874387051632224E-029   7.1701093959685669E-029  -4.4504176049091352E-027  -4.9060716435167301E-029  -2.4822750409057302E-029   3.7288756588572817E-026   7.2079015068914008E-029   1.1099781271655587E-026  -8.7299373557394061E-017  -1.2452411553088751E-016   7.2500129397573664E-018   3.8265263358178443E-014  -6.7252479283293591E-027   2.2280834429507047E-030  -2.7949130132492251E-029   3.7083984451061032E-028   3.6689209080364770E-030   6.7618528720109663E-028  -7.3399540223050961E-030  -8.3772971245136768E-031  -2.1723704806105159E-029  -5.6692743531283074E-030  -6.2754848162467186E-027   1.2356570110219338E-029  -1.6821651130238894E-027   1.0913277073572851E-029  -6.1075127305424652E-027   6.7530020020031019E-028  -3.4785872288529054E-029  -1.0722021500052086E-029   3.1391003057517599E-028   4.0710848015435449E-030   3.0520418735415927E-028  -9.9801342078985035E-029  -7.7104451247561906E-030  -3.4066446854661148E-029  -9.0571510632662544E-029   9.3200659884127926E-027   1.9723608200643519E-029   1.2452624370793610E-029  -3.0467506697716779E-026  -3.6910020038102487E-029   8.7656607119892698E-027   1.0138694739110157E-015  -2.3869795669126166E-016   1.2543930509986166E-016  -3.7158365603250164E-014  -2.4128163118495432E-018  -5.7860762138295897E-018   4.9208010806111684E-019   7.1271199459269216E-015  -1.5410482194437903E-015   8.6475641075710603E-016  -1.1649787507327858E-027  -9.3608849484977855E-031   5.8166292440241002E-031   4.9386596278854436E-028   8.7346209702008725E-030   2.3016908169406878E-028  -3.5489822980330336E-014  -1.2108825688005441E-014   3.2418077057976312E-015   4.7413143208583774E-015   1.0857427106792723E-016
  -1.4815299503491487E-017   7.8995301212019143E-017   7.4492301601046254E-017   5.2140293202228340E-016   1.1678157727174248E-028   4.9787556609845800E-030   5.2013981861010272E-030  -8.7334484420537168E-029  -1.2861771252672075E-030   5.4361866721415786E-029  -1.3318520161459325E-017   7.1157425091299275E-017   6.8249124654102732E-017   1.3419787762183223E-015   1.7259627650967170E-029   3.9319106376640908E-030   1.2360053883919818E-029   8.9737086199866601E-030   3.2116798941212312E-031   5.7590916447749907E-030   5.3586054875262412E-030   1.1902241815416830E-029   4.9672028318940404E-030   2.0983340867498270E-029  -2.8372846863279233E-028  -4.1709938632032867E-030  -5.8856958800732731E-030   5.6725988082718826E-028   2.1227449788380426E-030  -1.9302712897221954E-029  -9.6600142233045516E-018   4.9406000857843263E-017   2.9717713642610631E-017   7.1661656305294399E-016  -1.7801629540901997E-028  -1.8209815949759389E-030   2.4497817794019888E-031  -1.2361859023704049E-029   2.9990153332255554E-031  -9.4101656487288645E-030   1.5902576290293857E-030   4.2794219302169257E-031  -3.6208067890346053E-032  -5.8899774179035218E-031  -1.7246956414398808E-028   2.3733986604784462E-031  -5.6350856807881184E-029  -5.9774595984238546E-031  -1.6521357743774356E-028   8.7897971024454975E-030   2.4558318567627456E-030   1.3109648940732797E-030   4.0723256083688195E-030   1.8858540458892648E-030   5.0051852905402057E-030   5.4616118975302313E-030   2.3584840108226074E-030   9.1342693737075402E-032   4.7913097847324068E-030  -4.0986221371663186E-028   2.2339586140942993E-030   2.8063866350117910E-030  -1.2405948320940973E-027  -1.1480201464542224E-030  -3.4932730539970810E-028   4.6117079778619413E-018  -5.2812605732467422E-017  -2.7641528132955536E-016  -3.7574569531070596E-016  -4.1667496086632379E-019   2.0904114210624485E-018   9.1696734215176407E-019   4.1159922578975930E-017  -4.1358540925317327E-016  -1.9486789293886720E-015   1.9282445696637197E-028  -3.6789417590079179E-031  -6.6436740522651079E-031   2.2904762122383185E-028   1.6252908223507285E-031   1.9097229311521681E-028  -1.6015318190915306E-016  -3.7153927232750137E-018   1.0948110959108855E-016   4.1496295200421916E-018   4.4493853284214708E-016
  -5.9342445384729211E-017  -5.7899770551823789E-017   8.2565788802443298E-017   2.2911070280877802E-016   4.5888185641540536E-029   5.2013981861010272E-030   1.2442472064657548E-029  -6.8935511295348204E-029  -6.0779299022411383E-031   2.7080144544837231E-029  -5.3183906447362122E-017  -5.3282749724948057E-017   7.6933622478879729E-017   5.7998024388765185E-016   9.2439849516274106E-030   1.8118988816348351E-030   2.1494549753130936E-029   5.5036503080444734E-030   5.8382670792106710E-032   3.6127948939995678E-030  -4.2527715752446564E-031   2.2034733406638123E-029   6.1237243555691287E-031   4.3613533073305381E-029  -2.7635483756646636E-028  -7.5701015388974040E-030  -1.5081021855972425E-029   1.7865845903740403E-028  -8.0739253584319617E-031  -2.0388953626953720E-028  -4.1091932062002137E-017  -1.9636371444326640E-017   1.4012751516609092E-017   3.3459096721573940E-016  -1.2932338632219569E-028  -1.7442492753412184E-030   6.7194515133711865E-031  -1.8231429993173845E-029   6.1765385412830968E-031  -2.1347839295005160E-029   3.0990918854468727E-030   2.4043162763270462E-032   8.5296591956211587E-031  -4.3288027965463301E-031  -1.2577488171294947E-028   6.0455061770026356E-031  -4.7632586231378199E-029  -4.3295149101554844E-031  -1.2146069413848619E-028   1.3242790238196974E-030   7.7050173449326460E-031   2.8377062000425020E-030  -1.9727610131978338E-031   2.3625548815549267E-030   2.4534160138468356E-030   1.0361320841509571E-029   4.1617405625214976E-030   2.7981261742596983E-030   2.5792045087941712E-030  -6.8351270854648928E-028   3.2051190626710886E-030   7.3300709235060189E-030  -1.1498791100165321E-027   3.0829519185607135E-031  -5.6417563302900840E-028  -1.3748297847409606E-017   2.6134502094214502E-016  -5.6057158739266302E-016   1.6549840765427311E-016  -1.8188855348141849E-018  -4.9639146175032721E-019  -1.6627113097708051E-019  -5.6750035843171542E-017   1.8344515530218601E-015  -3.9082802700726663E-015   2.6578969905454654E-028  -3.8831071185091376E-031  -1.1505662121057069E-030   2.8137957464427277E-028   7.4840810820407112E-031   2.2911091365366742E-028   4.7052044554830065E-016   1.9554805502805569E-016  -2.5217807998767073E-016  -9.3332634749560968E-017  -8.0649414888570869E-016
  -1.3595650274640633E-016  -2.3187337258266522E-016  -5.9867842737947079E-017  -1.3404348435389313E-014  -2.5509784405375751E-027  -8.7334484420537168E-029  -6.8935511295348204E-029   4.3905324273307123E-027   5.3671617008479478E-029  -1.6577697096092470E-027  -1.2148802290607879E-016  -2.0955341864255549E-016  -5.5389246153688723E-017  -3.3922401741886086E-014  -6.5352560384591988E-028   3.3325472909253720E-029  -6.8619191254617467E-030  -2.2517643028128150E-028   4.0086866290208615E-029  -1.6857450111708579E-028   1.2006509591449317E-029   1.5229787605832992E-030   1.6714609583413391E-029   6.9248235110900666E-029   1.7786843683962218E-026   8.3178157526052058E-029   7.6665722904354732E-029  -1.0038304868040223E-026  -1.5028111913907470E-029   1.2938341236070747E-026  -9.9419640956187510E-017  -1.3493163207564547E-016  -1.5962623454177968E-017  -1.9635317234793328E-014   8.2088539849815794E-027  -1.8955246742541880E-029   5.4517692486517327E-030   1.4936265557306148E-027   2.0640590154767850E-030   1.6403785429377202E-027   9.6799154594588015E-030   9.1736702381865830E-030  -2.0049040267471364E-030  -1.1130458465397019E-029   8.1311973462835142E-027  -1.2162678863342081E-029   3.0699213478218157E-027  -1.8892423446767533E-029   7.8253084823349042E-027  -2.5180545629022267E-028   1.2287019705198793E-030   1.3159490224744482E-029  -1.6903219007611156E-028  -1.9222615668546713E-029  -1.8116743995347533E-028   7.3074811437046303E-029   1.3466592908854447E-031   2.5605217571938805E-029  -3.3014338722434167E-029   4.4902041140215792E-026  -2.5264269423561129E-029  -4.6881133244685341E-029   7.3630549639274035E-026   2.3437686151308966E-030   3.8259775090328282E-026  -1.0236141512254685E-016   2.9052642565825183E-016   3.2853662319584955E-016  -1.1138693665753810E-014  -4.4968386619289691E-018  -5.5055199898660909E-018  -2.4199413451043131E-019  -6.1742295234815260E-016   2.1460179632190555E-015   2.2978565044534405E-015  -1.7777934214157290E-026  -1.4683165087467836E-029   2.1912383128673386E-029  -1.9121023118096782E-026  -1.8335152074542620E-029  -1.5848961182510010E-026  -2.9627563574120041E-014  -1.3633954715765499E-014   4.3072223929619504E-015   5.7060114447935176E-015   2.3781277958232397E-015
  -1.4812786866448061E-018  -6.1498292512906862E-017  -4.0421373305034229E-017  -2.6522786115482099E-016  -5.8716485356204493E-029  -1.2861771252672075E-030  -6.0779299022411383E-031   5.3671617008479478E-029   1.0165403351941571E-030  -3.4609972046032176E-029  -1.5891021325179752E-018  -5.5337174578608235E-017  -3.6203273629823436E-017  -6.7856365655102987E-016  -1.3332492773403311E-029  -6.2602349988851525E-031  -4.5346688325793406E-031  -4.9718826393993239E-030   6.7212027544411273E-031  -4.2864839724188990E-030  -1.5657333307048098E-030  -2.1752727335377579E-031  -6.4277991005262573E-031   1.2243044232946582E-030   1.9056891092143921E-028   1.2176151524368565E-030   1.8331979902061155E-031  -2.7859859970274376E-028  -6.7365303753319170E-031   7.1523645583201820E-029   2.8185316534346360E-018  -3.9334245992907139E-017  -2.8330699768390407E-017  -3.7268758530543135E-016   1.1087397715771136E-028  -3.5337243361770076E-031   1.8190450459067564E-031   1.1889953536873207E-029   7.6158354420134005E-032   1.2032742464024105E-029   5.5717293605462941E-032   2.3502503169719008E-031   7.4686902470416475E-032  -9.8149912121226130E-032   1.0829691629205346E-028  -2.5743576148073475E-031   3.7120892888850625E-029  -2.3985670788860897E-031   1.0452210018514760E-028  -2.6169562903488548E-030  -9.2014946384540056E-031  -9.1413388203163313E-031  -1.9966176019456790E-030  -2.8444646319194772E-031  -2.2336803636134328E-030  -1.0828235019049528E-030  -7.4456802503544824E-031  -7.0871640198321076E-031  -2.5643732735954583E-030   3.8476152925232824E-028  -4.8675420956850157E-031   6.1341492767802332E-032   8.5542885380995499E-028   2.0714732661477290E-031   3.1957931252453561E-028   5.1290220446781131E-017   2.9410950152645104E-017  -1.3941383058343255E-017   5.5588083578304677E-017   1.9481440882759837E-019  -1.6818481402658475E-018  -1.2602343118737784E-018   3.5372339308646137E-016   2.4147749765326215E-016  -7.0134348213102931E-017  -1.6243114652902241E-028  -1.4952069408577143E-031   1.2103887058763289E-031  -1.8341461924998373E-028  -3.0646417082969210E-031  -1.4934967782772622E-028  -1.4114356745172342E-016  -7.4988032495022197E-017   1.0264972252965231E-016   3.7422228526088586E-017   3.3179936993086364E-016
  -1.0514375581974324E-016  -1.9089757477193622E-016  -1.6210810225861197E-016   1.4663340537834932E-014   3.5955654532968561E-027   5.4361866721415786E-029   2.7080144544837231E-029  -1.6577697096092470E-027  -3.4609972046032176E-029   1.9433841402150836E-027  -9.6837749342055527E-017  -1.7428485582468932E-016  -1.4930957512345955E-016   3.7854513722744263E-014   5.2738847865425190E-028  -1.8964159582975340E-029  -4.4745394942389816E-029   2.3606520658607331E-028  -1.5913177031550235E-029   2.0339898219837025E-028  -4.7736147364055788E-029  -3.5611043752856661E-029  -3.8635788826476941E-029  -2.2677014686210932E-029  -3.9868004834492537E-027  -3.0964486511712493E-029  -1.6020041359513540E-029   1.8519212141559113E-026   2.5107298067444867E-029   3.5981532051688477E-027  -3.4507667627956024E-017  -8.5175473017301886E-017  -5.3093250899352964E-017   1.9892758458734399E-014  -4.0767769300485037E-027   1.4611102136996330E-029  -1.6564054267982521E-029   7.0651982310659049E-030   7.5918290312867928E-031   1.2051813017979985E-028  -9.5674033229317179E-030  -5.9609817365982260E-030  -8.7397428564548978E-030   1.8864296365213683E-030  -3.8518004781208184E-027   8.9585901565446685E-030  -1.1370898625724307E-027   1.2813368679215823E-029  -3.7507700115046967E-027   3.6062726999694433E-028  -2.4892699875440359E-029  -3.2797853210261489E-030   1.7442894156646146E-028  -2.2681508745225380E-030   1.7166377896717267E-028  -5.8569513114598349E-029  -5.8913081715413843E-030  -7.7040040124756189E-030  -6.0453465300166345E-029  -9.9854400839597797E-028   6.4648629583831635E-030   9.0602363014579789E-030  -2.2768640867215733E-026  -1.1768178237018953E-029  -3.0652014844933485E-028   4.9005502448941040E-016   5.8721228692650790E-016   7.5703025735581905E-016  -1.5266400252851411E-014  -8.2949075524165406E-019  -2.9134638121485748E-018  -1.2720253744786612E-018   3.4376462939610541E-015   4.1605453623652426E-015   5.3102269984009640E-015   1.5318044700161664E-027   3.5756459268790217E-030  -9.9105892620715684E-031   2.4396767028362100E-027   9.4129161608657026E-030   1.8861249031905738E-027  -1.1988412929649567E-014  -3.8627643251256857E-015  -1.1408871079952437E-015   1.3440876851589653E-015  -8.7422879088795705E-015
  0.11826367698191985        6.8388410174306038E-016   2.1125116714749614E-016  -9.6863732544595860E-015  -2.2148783206453815E-016  -1.3318520161459325E-017  -5.3183906447362122E-017  -1.2148802290607879E-016  -1.5891021325179752E-018  -9.6837749342055527E-017  0.10610987188327985       -5.4328937358257744E-018   1.4796383631046337E-015  -2.4058014825336295E-014   8.7074015595225253E-015   8.3308919213481126E-017  -3.7053383753859835E-017   4.6137600126767394E-015  -3.1065979627244877E-017   4.7198709930712056E-015   2.3254593943215548E-016  -4.3449627563571294E-017   8.9670190346540828E-017  -7.2677714380290295E-017  -1.7854608741716507E-016   2.4893380515936354E-018   4.8038398521806926E-017  -3.0473673705067601E-016   1.3395463221431968E-017  -2.7712996560685904E-016   8.0134915478559596E-002   3.4399151114075255E-016  -2.5963386363595653E-016  -1.3699095034876930E-014  -3.0231081048812985E-017   2.5630711570374016E-018  -5.0025753631159832E-018  -1.8545230674079806E-018  -3.4535783934431404E-019  -1.5203386919732959E-018   2.8555322001879004E-018  -4.0012427260194538E-018  -3.9195280081971870E-018  -5.0130219081091487E-018   3.2524245617504818E-018  -4.6913630524734299E-019   6.2864292212105689E-018  -2.6135415184375985E-018   1.2269519916984496E-017   9.5404255470768904E-015   3.2000167798423815E-017   7.3501397759082549E-017   4.4891890799776414E-015  -6.9495286365894144E-018   4.2053426077672500E-015   8.2726085325739088E-017   7.6977329717594448E-017   4.0447031552149573E-017   1.6460748443678229E-016  -1.4242275708252448E-016  -4.2741995415416427E-018  -1.8428279118992332E-017  -1.2277210336256358E-016  -6.6494470421159414E-018  -1.4080088445946571E-016   3.7964308364144411E-003   6.8466188420430038E-016  -1.6789770875390883E-015   6.4015027645665279E-015   3.5150531522852285E-003   1.4282998787045180E-017   2.8273377267523884E-017  -4.9243768492452850E-002   3.8684078996163514E-015  -1.3391281430180195E-014   1.4886892385866549E-017  -1.2681346102003141E-018   2.4098544752311377E-018   1.8699618718559439E-017  -6.9290441735537082E-019   2.2558439371069849E-017   2.3415496392392999E-015   5.9437781445493984E-017  -1.1119423272399034E-016   5.8142301204647017E-017  -4.8686809117410242E-016
  -7.1950069689768619E-016  0.11826367698193735        1.4459110299396163E-015   1.8391315700040099E-015  -1.4067208330378785E-016   7.1157425091299275E-017  -5.3282749724948057E-017  -2.0955341864255549E-016  -5.5337174578608235E-017  -1.7428485582468932E-016  -5.4328937358257744E-018  0.10610987188331475        1.9370072282564541E-015   6.0210827487079199E-015  -4.1160689906498960E-017   9.6030162053000009E-016   2.4782183696781854E-017  -2.6969159761751195E-017  -1.3577336376947460E-017  -2.6804792088608957E-017   5.0784634846185685E-016  -2.2044135569889007E-017   1.3004028431627838E-015  -2.6828929891644067E-017  -1.0263664325956837E-015  -2.3474470984757411E-016  -7.3950208777579802E-018  -8.6577044775374695E-016   1.0083531440662550E-016  -1.0156290287264577E-015   2.7397016863920880E-017   8.0134915478573349E-002   6.7854559380840909E-016   2.9980746931888126E-015   1.5130046120268886E-016   7.8292137763419301E-017   2.1627482308324663E-017   4.6402344128817117E-017  -8.5586634899453629E-018   9.2127181062317253E-017   8.2675052330981458E-017   1.2371910785626364E-017   3.0164140030043497E-017   2.0072560597214267E-017   3.1787947190683159E-017  -2.4306806205299991E-017   5.2882863521927140E-017  -2.3205822221117603E-017   1.7513219835561567E-016  -2.7561125617112000E-016   2.7268183562887198E-015   7.6313430944814207E-017  -1.1958154234495985E-016   3.8506722040016392E-018  -1.1656286178704378E-016   6.1083257803315988E-015   7.1873024514574967E-017   2.8016608823033453E-015   2.4625790391413742E-016  -7.2142620604227543E-016   3.0857111290743840E-017  -1.6235998054406174E-017  -7.1641434709935958E-016  -3.3308491601672355E-017  -7.2314240397246707E-016  -7.1863382268328720E-016   3.7964308364063326E-003   4.1373206888861337E-015  -5.5652101852515065E-015  -1.4492588985318263E-017   3.5150531522845992E-003   4.2932478020695763E-017  -3.8540040253427080E-015  -4.9243768492494844E-002   2.6514894179922393E-014  -1.3773264043482789E-017   1.4242430015694556E-018   4.2171946246630076E-018  -1.2725573732698947E-017  -1.8723977719384364E-018  -4.2399673723590517E-018  -5.0982406435716794E-015  -1.1374179571606003E-015   9.8832409973284293E-015   9.7091226910189292E-016   3.8917246595235006E-014
   6.6012483599976946E-016   6.6051846727163651E-016  0.11826367698193413       -1.5131622536360981E-017  -3.4122250015861419E-018   6.8249124654102732E-017   7.6933622478879729E-017  -5.5389246153688723E-017  -3.6203273629823436E-017  -1.4930957512345955E-016   1.4796383631046337E-015   1.9370072282564541E-015  0.10610987188332795        2.5197956458502174E-015  -1.1880337949086773E-016  -1.0933391633865271E-016   1.8597211596131154E-015  -3.9325303538326461E-017   7.3125727891984810E-019  -6.2751275698818856E-017  -2.0250901089704895E-016   1.8224908640721363E-015  -1.4912080009530238E-016   6.1135320523545356E-016  -8.7533853689952599E-016  -2.6660916357441870E-016  -1.3134564064336451E-016  -7.6002823483419590E-016   1.0211209572026159E-016  -5.5467367892247036E-016   5.6598689483505759E-017   4.8234345724880029E-016   8.0134915478581079E-002   3.1047682420794358E-015   6.5552788487351427E-017   1.0489923486618003E-016   2.5740211660187480E-017   2.4266550868559738E-017  -1.2170245538137125E-017   1.6245573207272986E-017   9.4604134484564405E-017   1.1188628979797773E-017   4.8945698460143066E-017   2.7758941653156031E-017   1.3548261464241709E-017  -3.0347490389793095E-017  -1.4202727449460360E-018  -3.1219759644965771E-017  -1.3070118977458934E-017   1.7223410345647323E-016  -9.6100076334639546E-017   2.8817403100168802E-015   7.3594769912888021E-017   3.9893220686940324E-018   7.3152731091333280E-017  -2.4416357137156012E-016   1.9289967211759891E-015  -1.0142364849359521E-016   6.1578952001251372E-015  -1.0974914889176185E-015   3.7382651614797639E-017   2.9535608059724777E-017  -1.1166471080992703E-015  -2.2903091164784186E-017  -1.1539567616974067E-015  -1.5217854770889227E-015  -2.4097939790693462E-015   3.7964308364168333E-003  -2.4493031420817247E-015   1.7387740604692490E-017   3.9312255711374056E-017   3.5150531522865820E-003  -1.2016610059637932E-014  -1.7017051040944377E-014  -4.9243768492441380E-002   1.0531951254150142E-016   3.3940228880163247E-018   1.3425855496050274E-018   1.0513480744073536E-016  -1.3015230360198763E-019   1.1243652217199920E-016   7.8309943241655947E-016   3.0925549588341707E-016   1.0603532534675049E-015  -5.3922214502761026E-017   4.5906080774100657E-015
   6.1256997452156093E-015   2.0060558847890145E-015   2.1187991513761420E-015  0.30701664323489275        7.3870676760770360E-014   1.3419787762183223E-015   5.7998024388765185E-016  -3.3922401741886086E-014  -6.7856365655102987E-016   3.7854513722744263E-014  -2.4058014825336295E-014   6.0210827487079199E-015   2.5197956458502174E-015  0.79351247588506280        1.0628001580954403E-014  -1.2382320647386334E-016  -2.8743805698290446E-017   4.8983533397330359E-015  -2.4255305588402091E-016   3.9567144788560873E-015  -3.7780076151411971E-016   2.1777798818728479E-017  -2.7798508704204613E-016   5.1810607802272297E-016  -7.9880181863142871E-014  -6.0762980533250626E-016  -3.9890319207425685E-016   3.8432725826303396E-013   7.8780620224168096E-016   8.3038774462731619E-014  -2.4576900896358929E-015   7.0585804344389234E-016   4.2787364906925509E-016  0.41477006629595320       -8.2320151488615321E-014   3.2215710577644068E-017  -2.7302428101457592E-016   5.5905639895197661E-016   2.5774493109923638E-017   3.2894056021945944E-015  -7.2881787323799559E-017  -9.6392817255743196E-018  -2.2926344149993783E-016  -3.0562851495776760E-017  -7.7716853396157188E-014   1.3929558592524741E-016  -2.2638627473508302E-014   1.2036227227317679E-016  -7.5423300246086252E-014   6.4331397319445708E-015  -2.6098249998782427E-016  -2.4182943438255737E-016   3.1507816488906785E-015   9.0837450766020255E-017   3.0943392203197394E-015  -1.0157581080640646E-015  -1.4981593149182211E-016  -2.8771324612585602E-016  -7.8592421458466127E-016   2.0302653471209498E-015   2.8313405078943933E-016   2.0428128467580918E-016  -4.4466856937734384E-013  -3.7584217700840369E-016   8.5270916934229881E-015   2.1140497186117264E-015  -3.4368041434895390E-015  -1.8717143720277005E-015 -0.34719381313286690       -4.9836327314474675E-016   1.0442666224431302E-015   1.5854386141683365E-015  -4.4142822779281846E-015  -3.6614692080419802E-014  -3.2594744975835961E-014   2.4296623572538269E-014   2.2512636726250413E-017  -3.2467210592741571E-017   4.3363333480129932E-014   9.6334022930777226E-017   3.4683783587816079E-014 -0.29709770225263749       -9.2563383092968021E-002   4.3296318880561770E-002   3.6693624299275689E-002   7.6773243367821500E-002
   9.6989302861140514E-015  -4.5707838185866802E-017  -1.3246972635938820E-016   4.1350214029635276E-015   9.2727203119866470E-028   1.7259627650967170E-029   9.2439849516274106E-030  -6.5352560384591988E-028  -1.3332492773403311E-029   5.2738847865425190E-028   8.7074015595225253E-015  -4.1160689906498960E-017  -1.1880337949086773E-016   1.0628001580954403E-014   9.1427640215717332E-028   5.5690869337403623E-030  -7.0039064601686201E-031   4.5656534710673142E-028  -1.2556301583562353E-029   4.5572050177500782E-028   2.8710136950302899E-029  -3.0714010551182125E-030   3.1606184910582221E-031  -5.0189799023021798E-030  -2.0345536517766195E-027  -1.3852276717460826E-029  -3.5494175431172571E-030   4.7448663840080722E-027   9.8087093248548821E-030  -5.8442812013384961E-029   6.4952590365085757E-015  -2.8763974994513001E-017  -9.0534045818366165E-017   5.7077432095550463E-015  -1.4336843290478380E-027   3.5839923314666507E-030  -3.8061921874167858E-030  -8.6406081839168119E-029  -6.7641011452006037E-031  -7.3325073331608260E-029  -1.3708527224539275E-032  -3.6739699090411573E-030  -2.6692827211961405E-030   4.4434288735556964E-031  -1.3764036774897217E-027   4.2420996620141620E-030  -4.4429985429870334E-028   3.0198537283168922E-030  -1.3331905167648238E-027   8.0909074544193201E-028  -3.3027828102439530E-030  -3.2899156477032870E-032   3.9017833088504491E-028   2.8564700013690404E-030   3.7106141311855785E-028  -1.0458315244188989E-029   3.8174106953239496E-030   1.7822549885065370E-030   3.2609210669529677E-030  -3.0758171640291959E-027   7.4002719078440009E-030  -4.7672145786410985E-031  -9.7834287287657006E-027  -3.0574081974164874E-030  -2.4738346662949202E-027  -7.1871111207972212E-016   2.8181615785008301E-017  -1.4637271681356083E-017  -2.6270340817627259E-015   2.8348105743583226E-016  -1.2205991159482365E-018  -3.9856015156249701E-018  -1.1123398349380108E-014   2.2296054177144961E-016  -1.6268774413295625E-017   1.4514663720899703E-027   1.5130057966639967E-030  -5.9942819989951628E-031   1.7417739710302263E-027   3.8300123578116796E-030   1.4039201400873716E-027  -6.5576824539900222E-016   7.4130331212955361E-018  -9.9414405072191075E-016  -9.1389948085681744E-017  -3.9891469305369890E-015
   9.2733141870219768E-017   1.0671729917691998E-015  -1.2422189506177513E-016  -5.0657269636420090E-017   1.7065620655223120E-030   3.9319106376640908E-030   1.8118988816348351E-030   3.3325472909253720E-029  -6.2602349988851525E-031  -1.8964159582975340E-029   8.3308919213481126E-017   9.6030162053000009E-016  -1.0933391633865271E-016  -1.2382320647386334E-016   5.5690869337403623E-030   2.3556677900030999E-029   1.7511949935822684E-029   6.5906152350171284E-030   2.9041292182859980E-030   4.6702077337946984E-030   3.1729827815552149E-029   1.5470665021081282E-029   2.9035430645470885E-029   3.1450302940976204E-029   1.4284111709600679E-028  -4.6768598834355183E-030  -7.6665655568573051E-031  -7.2551770691655419E-030   4.1288960502782737E-030   1.6504128491205887E-028   6.1279878156783789E-017   6.8194811504521505E-016  -1.1535909827704893E-016  -8.4227559379851493E-017   7.9303338436872257E-029  -4.4176428064880594E-030   1.3343199378401557E-030   2.1381219405703587E-029   3.1302292843154090E-031   2.6531330826701007E-029   3.4944220827232623E-030   8.6174638259173684E-031   4.0190397401095538E-031  -1.8878273160441903E-030   7.2398631979256847E-029  -1.3893079512406252E-031   3.3536943104985822E-029  -2.2544886167830482E-030   7.5276944844106160E-029   4.8335538469621199E-030   2.4511429561255235E-029  -1.0366524874649017E-030   8.1492523153050594E-031   3.6721968537584998E-030   2.0093851585459682E-030   5.2588328625572233E-029   2.5716895104840200E-030   1.5916616115364071E-029   3.1876350120167716E-030   5.4078229586641163E-028   3.0178053226338670E-030  -8.6900412801311291E-031   7.1559629168637291E-028  -2.5092809641930683E-030   4.6131835612828124E-028  -1.7917803935197804E-017  -5.1862058372423534E-016  -4.2286966901998500E-016  -2.2330739952632640E-016   2.6590209499562130E-018   2.9146514485377611E-017  -5.6409294110614373E-018  -1.8232885131958631E-016  -4.2471152753462180E-015  -2.8293896383701468E-015  -2.2040617715536917E-028  -1.4887363266711796E-030  -2.6924512462093168E-031  -2.2851367031689007E-028  -1.5138407178633516E-031  -1.9421875695179938E-028  -4.0031887251992270E-016  -1.9765283423031914E-016  -1.5714355898087674E-016   6.8735584667155970E-017  -8.5538921177759059E-016
  -4.2601611885321620E-017   2.6520180529689313E-017   2.0649509583496572E-015  -1.2300210807185924E-017  -1.4549972804355374E-029   1.2360053883919818E-029   2.1494549753130936E-029  -6.8619191254617467E-030  -4.5346688325793406E-031  -4.4745394942389816E-029  -3.7053383753859835E-017   2.4782183696781854E-017   1.8597211596131154E-015  -2.8743805698290446E-017  -7.0039064601686201E-031   1.7511949935822684E-029   8.9034816371596562E-029   6.5619903884821613E-030   3.7785151791756969E-030   2.1126353253099212E-031   2.7219258290979194E-029   8.6174629328093036E-029   1.9657265741934352E-029   1.1441559622695535E-028  -6.1936887140150854E-029  -1.6928308549455690E-029  -2.5376514684078468E-029  -1.1618859472390536E-028   5.4795343119169217E-030  -3.6133478485524822E-029  -4.6064953480308596E-017   3.4564921581506164E-018   1.2965721073961744E-015  -2.2600968663814365E-017   2.7411133868019976E-029  -8.1774946586168008E-030   3.4616770545817270E-030   7.8798883498557130E-030   1.1004921841982067E-030   9.9318892701330952E-030   1.0303050862717669E-029   2.0221760372304017E-030   1.8760158743921952E-030  -2.7182287111637877E-030   2.2101966303993492E-029  -1.2467244095598151E-031   9.5127285355265464E-030  -4.7413284239738917E-030   2.7286514121069463E-029  -1.6632204106647103E-029   4.0336705025694002E-030   5.0181234953598351E-029  -1.0362205736425313E-029   8.1043584921833470E-030  -4.9865266299216956E-030   1.6867935021947534E-029   4.0576931094443435E-029  -4.2686164320661764E-030   1.1507336428777589E-028   3.2012257371844471E-029   9.2888559500620320E-030   1.0314632456781526E-029   1.0630014703517055E-028  -2.8321522043313437E-030   2.9126199427549112E-030  -2.3236368762470281E-016  -1.9408377388281159E-016  -1.3121568626011469E-015  -8.4163817784425351E-017  -2.3408868954897550E-018  -1.1866882146200290E-019   5.4961818409679116E-017  -1.5710767623833147E-015  -1.3518269547872023E-015  -1.0340912104297187E-014  -3.3085453264095991E-029  -2.4768592089168323E-030  -1.8214463770982822E-030  -3.9744393036462454E-029  -1.8921367316102990E-031  -2.6488967742512441E-029  -1.5001245913932174E-016  -4.7947926334290008E-017   1.4808280324941251E-016   2.7653681913434822E-017   5.4817866148201071E-016
