   9.4494028668240040E-002  -4.1038035382917140E-008   1.7122652759320202E-009   1.5198204691933091E-007  -9.4664311946418651E-010   1.1026701487532447E-008  -9.7269214627366382E-009   5.6229201163676522E-010  -2.4610957107790928E-010   3.8433481838989911E-010   9.1353678329930146E-002  -5.6276159725213554E-009   2.1615185014750791E-010  -6.2135178689983606E-008   8.3235007095321982E-012   2.6980243209639735E-010   1.9839035897714981E-010  -3.4186234834396980E-010  -2.9670171903361717E-010   3.3069056497093702E-010  -5.6259829687075797E-011  -5.1610617442002160E-010  -1.9432663871351025E-010   2.3681038192085382E-010   8.9630931850786952E-002  -1.8224599980128916E-008  -1.9032593462904973E-010  -8.8579338476541477E-010   1.8219190620210926E-009  -6.0188136838839882E-009   3.0692126079024223E-010   1.0140128308983854E-010   5.7881830179489709E-010   7.9916054548311409E-008   2.0733579276254458E-012  -4.8513626215327245E-011   2.8001058981056691E-012   2.6737843183026252E-011   1.7355525509834649E-012  -3.0372749769092498E-011   2.9167005447964583E-011   4.8627795901289825E-012   2.5956388398769080E-011  -6.4246412392220049E-012  -1.8103083286748809E-011  -2.5416806632661228E-012   5.0669111273650504E-012   1.2480931262640305E-012   1.4410270693398073E-011  -5.5776147867809995E-009   2.7216163739243165E-010  -9.4821333527867025E-009   2.8796497753965094E-009  -3.4851559379294160E-011   2.6979416100050514E-009   3.8335692189467569E-011  -7.0202715493746949E-011   1.0152369996698619E-012  -2.3257461868991144E-012  -1.0649448563774233E-011  -4.9121346218385184E-011   3.9313555587895332E-011   2.1149690188840466E-011   1.7452355771021696E-011  -1.6521487403775427E-011   2.0988719373473762E-002  -1.7987550226709392E-009  -2.3441285723541039E-010  -3.5165904839203002E-008   2.4003460920641255E-009  -8.0628657070136125E-009   7.2558340715700396E-009  -5.4027235000913514E-010  -8.7914332257288678E-011  -1.8600730868052536E-009  -5.9882639493407261E-002   1.0573921503360923E-008  -5.3037706019171403E-011  -2.8180875915041043E-008  -1.2113896387079590E-002   1.9698715479624031E-009   2.6633899256884152E-011  -9.4388385618808850E-013   2.7995078870484864E-011   2.7706590661077013E-011  -2.3878331233449254E-011  -2.4275082511544411E-011   2.5141000423560061E-011  -9.1125316757728742E-012  -3.3794472827895604E-011  -1.5770205573113855E-011   4.5374562045131497E-012  -1.2402849174463788E-008  -5.0004476543467395E-009   3.2295356658429328E-012   8.0697827704918414E-013   6.1684471475520422E-012  -6.2122464899470348E-012  -5.8108817389174194E-012   1.8795653245997685E-012   1.0638323166845179E-012  -7.2459215964257594E-012  -2.2342179945106051E-012   8.0315661025766244E-013
  -4.1038035382917140E-008   9.4494002756282003E-002  -1.6427383093774624E-009   1.1629614613125556E-007  -6.7148007568715079E-009  -9.0571647193878526E-010  -2.1382571300460603E-010   1.3172523258947131E-008  -9.7615548628932720E-009  -6.4577106058133379E-009  -4.1129813580909522E-009   9.1353675111009655E-002   3.7743882365015894E-010  -5.5255687185685853E-008   2.8640140331441893E-010  -2.4651618868506363E-010   6.3075925555322106E-012  -8.5875122888850423E-011   2.0864618652612518E-010  -2.9837887910605018E-010   2.0783065781414097E-010   1.7167848411304491E-010  -3.2317525315937012E-011  -1.3266107798840954E-010  -1.7373300422821270E-008   8.9630920746235312E-002  -2.0807187222397387E-010  -6.3648208580047027E-010  -8.5443988900539309E-010   5.0787767380193306E-011   1.6551889102425995E-009  -5.9947919657348438E-009  -1.0186653995561152E-009   3.2163826994310967E-008   2.2466359673904093E-011  -4.1367166074101128E-012  -2.7012424466138898E-012  -4.6982666434092485E-011   5.1869207695132095E-013   7.5127608306962291E-012   2.2188065260249562E-011  -3.0730093919867239E-014  -2.4218536186509925E-011   2.7241004635016692E-012   2.0169845941635226E-011   2.3657302970378695E-012   1.1548790880297121E-011  -2.7524139103077329E-012  -1.0854050128333122E-011  -4.4971488894381791E-010  -4.7733642517799151E-009  -2.7556558334763034E-011   6.5407450323590055E-010  -9.4809111098693934E-009  -2.0433648344085757E-010   4.0557686463900506E-011   2.4513970554765682E-011  -6.2115374405329697E-012  -8.1873747853986947E-011  -6.4072136386793962E-012   2.7453243681916505E-011   1.5932573957098045E-011  -1.1818583455269922E-011  -4.5902398981805594E-011   1.3440477087148602E-011  -1.4614750548895230E-009   2.0988718404429750E-002   2.1620502013688921E-010  -1.7963151999986870E-008   2.6979805272957095E-009   2.6253190738800151E-009  -8.9419580758447593E-011  -7.0986349788330129E-009   7.2444454441311436E-009   4.4006540607963330E-009   9.8947712751395699E-009  -5.9882633051129563E-002   6.9755076875496918E-011  -8.6018421877700081E-009   1.8264040211930547E-009  -1.2113895202118764E-002  -1.2746624239210557E-011   1.8240380848978120E-011  -2.1317889765220251E-011   1.3531949363938152E-012  -4.2724308536755878E-012   2.2864582522207154E-011  -2.0201034772964786E-011   1.5988935577664803E-011   3.0197819677989216E-012  -1.3823195859066943E-013  -3.2586892585177030E-012  -4.9597905248888477E-009  -2.2815560252940719E-009   8.0779159967478345E-012  -2.8827616452714211E-012   2.6800662829097059E-014  -8.0382830893781913E-012   4.8614409764855167E-012  -2.7995584715559840E-012   4.7736962670344240E-012   8.1950521631882417E-013  -3.5192324815836540E-012  -6.3043169298910252E-013
   1.7122652759320202E-009  -1.6427383093774624E-009   9.4493971904833246E-002   2.5848706618371925E-007   5.8467201784217467E-009  -3.1247688980749893E-010  -1.0727603759280897E-009   5.7814733515636908E-009   1.1383777289434054E-008  -1.1628196109410646E-008   1.3845418352266678E-009  -1.2170708948085120E-009   9.1353671413017437E-002  -8.6031873687634848E-008  -1.2985010549636611E-010   2.5079530837245109E-011   2.6427171106955485E-010  -5.4726886765980737E-011  -2.5275910099851426E-010   2.2893963353132830E-010   1.0268624347336488E-010  -8.2495061954980830E-011  -1.6285099808780350E-010  -1.3548420761948297E-010   3.9281005717057104E-010  -7.8358360465775643E-010   8.9630907411734198E-002   3.3966612858012423E-009   7.7486029265750911E-011  -5.2068598011182558E-010   3.4322806584746059E-009   1.3923708930312642E-009  -6.8289528523095472E-009   1.2142520770983545E-007   7.4557438597323687E-013  -1.1830748574887376E-012   1.1707520732152248E-011   1.5242240094824821E-013  -2.9201217360727453E-011  -1.4611509579633980E-012  -1.2964654377004819E-012   2.0501714530142379E-011   3.3266797652236380E-012  -2.6988581808464126E-011  -1.3261795346863561E-012   3.1265737772650282E-013   2.1775724894001985E-012   2.1452633320162646E-011  -4.0719258951794611E-013   5.5260224024787136E-009  -7.1891377954604771E-011  -4.9969034348050940E-009   5.5127923294604266E-009   5.8010060433005670E-010  -1.1038825572648516E-008   5.2273387222180707E-012  -1.6703476561139554E-011   4.7736073278162541E-011   4.3858989371654130E-012  -6.0147248210145100E-011  -1.1398798489318313E-011   5.5057850786706266E-012   4.3632928109894063E-012   9.3134556647828477E-012  -3.8817383134769063E-011   1.4707283936222692E-010  -1.8063849278135485E-010   2.0988717175017595E-002  -5.3122031605500745E-008  -4.0308575864929255E-009  -1.4988232167890579E-010   1.0741842386191768E-009  -4.0346244427076217E-009  -6.0377826868687223E-009   8.0654815592363751E-009  -6.2202856668277104E-010   7.1496094901826438E-010  -5.9882625344855417E-002  -5.2075380578306044E-008  -9.7383244029099053E-011   1.2339899021775057E-010  -1.2113893776609820E-002  -1.4931024690099046E-011   9.7370528261958511E-013   1.8170526050843623E-011  -5.0037006100594801E-012  -1.5605705803640319E-011   2.5036283650724378E-011   9.5102700050997499E-012  -8.7053459170898745E-012  -1.3732546661641337E-011  -7.0470320599324779E-012  -2.1881912591933128E-008  -8.8503312434307189E-009  -2.9686308957859576E-012  -5.4877760947112485E-013   8.5571200770997138E-012  -6.7009130253003194E-013  -8.7023969051559480E-012   4.6533180583743271E-012   2.0126136929249654E-012  -1.2030714428935478E-012  -2.1507343767948908E-012  -5.4801286530208265E-012
   1.5198204691933091E-007   1.1629614613125556E-007   2.5848706618371925E-007   5.3684692741461301E-002   2.6590214576521054E-009  -5.3273253587573924E-009  -6.6432449952380125E-010   5.6928339144321596E-010   4.6661925776776306E-010  -3.2282433902507478E-009   1.0030484767598524E-007   8.8433568256037854E-008   1.6614472819121105E-007  0.19405872443143177       -4.8267190927635418E-012  -2.6246622742978836E-010   1.5087886788350864E-010   1.4515973446054287E-010  -1.3315070412141894E-010  -1.3870427938357988E-010   1.0700712659457231E-010  -2.1114118760030883E-011   1.1891629952321563E-010  -9.6721065029466375E-011   9.0648537153378458E-008   6.5848274187585858E-008   1.2368986357261243E-007  -2.8529203339259697E-009   4.8094255390472951E-009  -8.5701400567399759E-010  -1.8691992227221496E-010   5.9716822675827007E-010   3.0401533954257681E-009  0.17051312969289065       -6.3843542405104390E-012   3.7052012128810654E-011  -1.1868275565805051E-011  -2.4963717878096504E-011  -9.9964385804588922E-012   3.6128768967401441E-011  -1.1024373547347392E-011  -2.3707726773170941E-011  -3.4919650109322328E-011   2.9539009194563703E-011   3.3733494295526310E-011   2.2865598191657024E-011  -3.4319448175816240E-011  -1.5414740663075127E-011  -1.0515345786373208E-012   1.2185237997124356E-009  -2.2778047619086236E-009  -5.3519744780263459E-011   1.6990774297441213E-010   6.9332423374965178E-012  -1.3882790457625371E-009   2.3627489428107331E-011   1.2076898286795627E-011  -2.7599070891260563E-011   9.9967481189692123E-012   6.0469096292326411E-011  -4.1720254033607731E-011  -1.6624135268528924E-011   8.1535741166942264E-011   1.0249247440387092E-011  -4.0201903273729769E-011   1.9937883646373372E-009   1.2443457935236650E-008  -3.7309112154367456E-009  -4.0832177551561606E-002   2.2629801515202637E-009  -4.1537360162889719E-009  -3.1506582554000769E-010   3.7448739965342292E-010   2.7764607559075632E-010  -2.6374712483677319E-009  -5.7493221307123723E-008  -4.9524656370423163E-008  -8.2393036625693206E-008 -0.14485402984346563       -9.8813810942031282E-009  -9.5248154174110650E-009  -1.4029881759119423E-008  -1.9138149760266821E-011   2.3323877927627932E-010  -1.4006387975150054E-011  -9.7867975577483977E-011   3.5083753749235498E-011   1.2353863496292456E-010  -9.7095033655881500E-011   3.2458722724708233E-011  -1.0296428851553734E-010  -1.3753574175824751E-011  -4.4321275723726232E-002  -1.5512070419666428E-002  -4.6403604702489582E-012   7.1545106764712327E-011  -5.5153107992641622E-012  -2.8516691848562089E-011   1.3731603693439045E-011   3.4740855768572685E-011  -3.0471441117344518E-011   1.5293539316549594E-011  -3.0660993264941425E-011  -7.2882973584910470E-012
  -9.4664311946418651E-010  -6.7148007568715079E-009   5.8467201784217467E-009   2.6590214576521054E-009   8.3218224863482383E-006  -1.2645220965473503E-012   4.6666071754807341E-013  -4.1609123776846802E-006   5.0135914876024580E-013  -4.1609101085082249E-006  -8.9819849292939878E-010  -6.4994063889742438E-009   5.6425912495289835E-009   9.5837105489976270E-009  -1.0325288354746169E-012  -5.5150967090124089E-012   1.5567428757846924E-012   7.3216381787527434E-013  -2.0421055201528963E-014   6.5311886921851260E-013   2.8965740446381595E-012  -3.8285233663445941E-013   1.6289432566963477E-012  -8.7496691022713001E-013  -9.2027492228593664E-010  -6.3449665282894115E-009   5.5664644593171383E-009   1.1490411924500285E-004  -5.7872410495226123E-012   3.7082925511196657E-012  -5.7452065366401262E-005   3.3350278098472897E-012  -5.7452053877544148E-005   8.4339000286280535E-009   1.1787199056579513E-012  -1.7399650023989410E-012   5.5764730842079871E-013  -5.8315120051112419E-013  -4.1607232414704021E-013  -1.4875528995422708E-012   1.2800178403937524E-012  -3.3272392677721543E-013   6.1708662445205718E-013  -3.0964897852603842E-013   1.6002682865822063E-013   1.2714049430163067E-013   3.0193546836062950E-013   1.8298079269063525E-013   6.7488661337613273E-013   4.9277913737063824E-004  -3.9648928638934418E-011   1.7464954028672804E-011  -2.4638960233216306E-004   1.8030953867938514E-011  -2.4638953503664012E-004  -3.7976555797657184E-012   5.3334653221869450E-011   2.7707758166015097E-012   2.5810917370759230E-012   3.7282259549550312E-015   2.5139939173810140E-012  -2.9665182904010024E-011  -6.9056915121292241E-013  -1.3534629334793003E-011  -1.5504973866367106E-012   2.9917320343858970E-011  -1.5334802931701304E-009   1.1075173612866223E-009  -1.9829174662686814E-009   3.7450260809194034E-003  -2.9778713692652833E-010   1.2390767403284691E-010  -1.8725132992328643E-003   1.2718417426150988E-010  -1.8725127816851899E-003   4.9790363945458625E-009   4.3364161603365765E-009  -6.8121768016177388E-009  -7.0578487185184125E-009   1.1678445623170986E-010   8.6662822596869083E-010  -7.4433079502878369E-010  -4.7158014988517163E-011   4.9317731443244375E-011  -6.4482698618192074E-011   3.1662917719645893E-011   1.0650090541163542E-014   3.1606194411017440E-011  -2.7407615973426544E-011   1.6075076182994267E-011  -1.2546556735455246E-011   3.6080911438233234E-011  -2.1299394071525964E-009  -7.6767290329342953E-010  -2.8897332418230207E-011   2.3695949069270418E-011  -3.0344844301752877E-011   1.9397886208234751E-011   5.2753197551254769E-015   1.9371951706979352E-011  -1.3178278113042282E-011   7.5463129472155227E-012  -6.0154337212355888E-012   1.6993019285986018E-011
   1.1026701487532447E-008  -9.0571647193878526E-010  -3.1247688980749893E-010  -5.3273253587573924E-009  -1.2645220965473503E-012   8.3218219394669267E-006  -4.1094153897543898E-013  -1.5777156373746147E-012   8.0162144765169442E-013   2.8422437539135312E-012   1.0679089805301344E-008  -8.6168944485826783E-010  -3.0167024654059459E-010  -1.9210219393267969E-008   4.1318309369250839E-012  -1.2916561492208625E-012  -2.8988356446525177E-014  -6.6523722487413093E-012   1.2952099336109250E-012   1.1089492763787500E-012   3.7397497183453496E-013  -1.2599635452247582E-014   7.8992748064368530E-013   3.0988862657949317E-014   1.0437684448545370E-008  -8.8176048004023399E-010  -2.9546603433109335E-010  -5.0492015979583753E-012   1.1490411492325513E-004  -2.7254338917251298E-012  -8.1225983715418438E-012   5.7831309552096541E-012   1.3171860318103110E-011  -1.6891263774048926E-008   1.0696217640335248E-012   1.0755064461257125E-012   1.7925652598008076E-013  -2.1004713698679908E-012   4.7452460093934912E-013   2.2155630908327124E-013  -3.9987831168513288E-013  -4.2168523393601935E-013  -9.0651027509062818E-013   1.3504661695085537E-013   1.0556773412819070E-012  -3.0841427768852717E-013   2.4605072475013270E-013  -4.5275086931257511E-014  -2.6619696795481976E-013  -3.6480760110743792E-011   4.9277912201800089E-004  -1.3056566344364221E-011  -4.8373533778678019E-011   2.8248892648545779E-011   8.4854437664275733E-011  -3.4945546250371293E-011  -3.4739148850077719E-012   4.9759314485590415E-014   6.1778157949540317E-011   2.3042906624561009E-012  -1.4893774355134603E-011   2.2730760896389816E-012   5.4953521612668594E-014   4.2427027996116363E-013  -7.8053245225941371E-014   2.5607487011092834E-009   1.3019013107477325E-012  -6.7440113936737488E-011   3.9933090789919913E-009  -2.7268409985942810E-010   3.7450259573626591E-003  -9.1041343724909588E-011  -3.6862371827747019E-010   2.0154913784068853E-010   6.4130780937383875E-010  -6.9614007966146473E-009   4.3464767135988992E-009   2.0778338435382673E-010   1.4190336965162423E-008  -1.4304351035309230E-009   1.1317036345699758E-010   3.9729799517621873E-011  -3.2432300346433652E-011  -4.8291748809520749E-011  -1.0822973345688825E-015   5.7203528428115276E-011  -5.3704458113771178E-011  -1.3691019208014014E-011   2.7359503285289324E-011  -7.3763530099950391E-015   1.1585125206669057E-011   6.3031339362519140E-015   4.2978608434530542E-009   1.5373579985447767E-009  -1.5548279080960524E-011  -2.9666549078142089E-011   2.9641016290372559E-015   2.7469679635463998E-011  -2.5260378646346055E-011  -6.6094665514088640E-012   1.6740887686831431E-011   2.0300326255549158E-015   7.2062899380522363E-012  -3.7248857086850395E-015
  -9.7269214627366382E-009  -2.1382571300460603E-010  -1.0727603759280897E-009  -6.6432449952380125E-010   4.6666071754807341E-013  -4.1094153897543898E-013   8.3218204786574209E-006  -6.0549387631138752E-013  -2.6786917278388943E-012   1.3883707535713073E-013  -9.3872914568004414E-009  -2.0655422449582194E-010  -1.0207132747440417E-009  -2.4044716012302556E-009  -1.0071678594889564E-012   2.0576554029072946E-014  -6.5858082501862073E-013  -4.0148120482920250E-013  -4.6784411621819982E-012   1.7527378231586485E-012  -1.4063299813143112E-014  -3.0219390687071547E-013  -1.7049458596310302E-015   7.1612890114359999E-013  -9.2640821405915385E-009  -2.0196991494569059E-010  -1.0308863953398316E-009   2.2173015201039579E-012  -2.5839466680379659E-012   1.1490410990941566E-004  -3.5261380280187664E-012  -1.3559708525370784E-011   1.3088296200787887E-012  -2.0957071758637039E-009  -3.2657438344403402E-013   1.7163539167100914E-013   1.5379720092411684E-012  -3.2153891951406087E-014  -1.3490865980634871E-012   6.0581342084880629E-013   1.6790276669178276E-013  -1.2490393632479641E-014  -4.5553552763916926E-013  -1.5286608518391345E-012   1.6103491367757895E-013   4.8301020673368649E-013  -2.5073395919161970E-013   5.2254184816526652E-013  -2.0214597109387584E-013   1.1928397262336331E-011  -1.2998931008429263E-011   4.9277907696613187E-004  -1.6679006412080264E-011  -8.0065641027670392E-011   4.7505438425432974E-012  -1.7963016319834780E-012   5.9587710985195394E-014  -4.2789828355539373E-012  -7.9284772724875067E-013   4.4643214959359965E-011   3.2028390841452034E-012  -8.5550292735765881E-014   1.4819612646188845E-012   5.5196009726707173E-014   2.0847909963765897E-012  -1.8342252857696688E-009  -4.5465046106347040E-011  -1.8680971933124334E-011   5.2219890784789093E-010   8.5074427320365526E-011  -9.2323586460848026E-011   3.7450256281714809E-003  -1.1979706607013108E-010  -6.1447624272497906E-010   3.4722611410294695E-011   1.1517557077801768E-008   1.4765220132466007E-010   4.5232526588853860E-009   1.8177968327894145E-009   1.2387004232605895E-009   2.7100346888496602E-011   1.3154969422209755E-010   4.1648490674063691E-011  -1.1170460124014209E-014  -4.9112092247887229E-011   1.8610752934337087E-011   4.1278283520678817E-011  -7.4488068431514123E-011   1.2388301330829242E-014   1.2740143798777789E-011  -5.4459441419175942E-015   2.7110054568836358E-011   5.6717571821619262E-010   1.9040608266013148E-010   1.9596382154541357E-011   1.7995575189896480E-016  -3.0023827554655719E-011   8.7706871381249305E-012   1.9824378945943301E-011  -3.5061993679179874E-011  -1.7955704826700634E-015   7.7038666846312646E-012   2.2308806850703060E-015   1.6636317285796628E-011
   5.6229201163676522E-010   1.3172523258947131E-008   5.7814733515636908E-009   5.6928339144321596E-010  -4.1609123776846802E-006  -1.5777156373746147E-012  -6.0549387631138752E-013   8.3218205569728268E-006  -3.5550989870888295E-013  -4.1609081794330036E-006   5.3393070560139450E-010   1.2753004462421287E-008   5.5794202501091579E-009   2.0547718404712653E-009   1.0168418880008235E-012   4.7029900352809983E-012  -3.5601449578226951E-013  -1.1981653517110565E-012  -2.8958954024905282E-014  -1.6607392257682022E-013  -7.0251170490708986E-012   1.5301260600682233E-012   4.7221898331914678E-012  -8.7514003138521562E-013   5.4055756836853811E-010   1.2456449016726775E-008   5.5048233869492814E-009  -5.7452065212067915E-005  -7.3740065160009079E-012  -4.4193496060257413E-012   1.1490410971937082E-004  -3.1992061045404984E-012  -5.7452044508234736E-005   1.8029867810143461E-009  -4.8637611790842589E-013   1.2954773414021360E-012  -1.6111507858927772E-013   8.6868284920781525E-013   2.0697762518541575E-013  -1.4170153328691196E-014  -1.7110208942867031E-012   4.6548788701642323E-013   5.5750908444588054E-013  -1.8584126347216304E-013   1.1348899497861970E-014  -4.6654014053757970E-013  -8.8847867362229657E-013   3.1226684208848873E-013   5.1391921721636993E-013  -2.4638960163326693E-004  -4.5202782872008399E-011  -2.1111708934735378E-011   4.9277907855671934E-004  -1.6072555040982318E-011  -2.4638947692461126E-004   1.4695574916998892E-012  -4.0521804817961136E-011  -6.8650984853133939E-013  -3.1230977044695264E-012  -1.0259619036634130E-014   1.1514803889672741E-012   6.0390327269750537E-011   2.7747436085845139E-012  -4.0500325407731143E-011  -1.5564837327018241E-012  -2.2312369903582648E-012   3.0291480997213148E-009   1.0936394269821392E-009  -4.3189418300500738E-010  -1.8725132941067473E-003  -3.4342583665559691E-010  -1.5141191815767190E-010   3.7450256462577334E-003  -1.1509454546816837E-010  -1.8725123521517882E-003  -2.5760888381069675E-009  -8.4268874906113632E-009  -6.7664175169832041E-009  -1.5280239904574783E-009  -6.8543857408736113E-011  -1.7036868515126339E-009  -7.3605210187225477E-010   2.3104976558975774E-011  -3.7595083812551138E-011   1.6060733575652111E-011  -4.1927075562834041E-011   4.0131667684538960E-015   1.0928497964788537E-011   5.6032765657759366E-011  -6.4481847400976984E-011  -3.7580753910882834E-011   3.6090969979979876E-011  -4.6657677304630596E-010  -1.6405285869358259E-010   1.4245018973081741E-011  -1.8028524122025185E-011   7.5533096293354822E-012  -2.5744446640135218E-011   6.3129553189619427E-016   6.6327487192439975E-012   2.6870824033508044E-011  -3.0331862738834074E-011  -1.8022473380544353E-011   1.6978130714246218E-011
  -2.4610957107790928E-010  -9.7615548628932720E-009   1.1383777289434054E-008   4.6661925776776306E-010   5.0135914876024580E-013   8.0162144765169442E-013  -2.6786917278388943E-012  -3.5550989870888295E-013   8.3218188929489310E-006  -1.4586623037770905E-013  -2.3779338556862411E-010  -9.4208409769099789E-009   1.1021040886357078E-008   1.6891435381299286E-009  -1.7961900367408075E-014  -4.6637676022618412E-013   2.5223219651674713E-012   2.8072806382189143E-014  -6.9181269545442837E-013  -3.9731873171477218E-015  -9.9075224122655395E-013  -7.5889350021946189E-012   1.7956159135355417E-012   3.7764302905294562E-012  -2.3266932826059021E-010  -9.2965181364151449E-009   1.0764159662221964E-008   2.4858385359993399E-012   4.3155935607973641E-012  -1.3003807048225873E-011  -8.4105508541150804E-013   1.1490410180751280E-004  -1.6448450307802985E-012   1.4711145075201695E-009  -8.6593615002535562E-014  -1.8680629605051113E-013   5.2310965311902302E-013   6.5566861636387353E-014   9.1292076693300544E-013   8.6539565841115139E-014  -1.3135852091701594E-013  -1.3550773074942307E-012   4.2686563103560223E-013   4.8690235691251959E-013   2.6506774982014776E-013   4.2584729331635642E-013  -5.3120218000091249E-013  -1.1063141833850601E-012   2.5312818920215127E-013   1.3838676314078384E-011   2.1927709798310695E-011  -7.7532067354247245E-011  -6.3177623520744653E-012   4.9277902982781474E-004  -7.5210578806002545E-012  -8.1665904880345546E-014  -8.0664147678151846E-013  -1.6147825870622030E-011   6.1867969130890867E-014  -2.8739725652118518E-012   4.7698985203474700E-014  -1.7875878796674894E-012   6.2636599285147340E-011   3.2049527312459256E-012  -3.4650692321140481E-011  -5.2609718487684207E-011  -1.8413149420163034E-009   2.6173438055968984E-009  -3.6795678413113836E-010   9.6666056686679318E-011   1.5769375876171331E-010  -5.9526927931508716E-010  -4.3977868012061285E-011   3.7450252701700187E-003  -5.2688185935386287E-011   1.6807833283763144E-010   1.1544111377809500E-008  -7.2842710601015036E-009  -1.2808980269672326E-009   3.1240344697007696E-011   1.2430469876412802E-009  -1.4722125989639131E-009   1.6492285938765148E-014   1.8633378508514629E-011  -1.5117841701973795E-011  -1.6107315607788390E-014  -3.5251675880993906E-011  -6.0192683878749736E-015   4.1648676626344311E-011   5.8171992476134102E-011  -7.4510930494762164E-011  -3.2090672243017595E-011  -4.0083092769520531E-010  -1.3367756338981759E-010   6.5967419270552969E-016   8.7569969960904397E-012  -7.2116545391797204E-012  -1.3691830325051550E-015  -2.1592491254337449E-011   4.8412032052695850E-016   1.9604174462966957E-011   2.7880571723377331E-011  -3.5058751509194952E-011  -1.5405703158006570E-011
   3.8433481838989911E-010  -6.4577106058133379E-009  -1.1628196109410646E-008  -3.2282433902507478E-009  -4.1609101085082249E-006   2.8422437539135312E-012   1.3883707535713073E-013  -4.1609081794330036E-006  -1.4586623037770905E-013   8.3218182879307508E-006   3.6425204248361284E-010  -6.2535865579319357E-009  -1.1222014006872727E-008  -1.1638259965210883E-008   1.5686947485159855E-014   8.1210667322717025E-013  -1.2007283798505753E-012   4.6600153406997534E-013   4.9380009157734409E-014  -4.8704494689115834E-013   4.1285430047057734E-012  -1.1472737233467624E-012  -6.3511330897498719E-012   1.7501069414343183E-012   3.7970190238954310E-010  -6.1114712060482170E-009  -1.1071290291637110E-008  -5.7452054030790189E-005   1.3161330804848830E-011   7.1111112074416184E-013  -5.7452044354969707E-005  -1.3605614955544583E-013   1.1490409838563428E-004  -1.0236690464311473E-008  -6.9234378773317943E-013   4.4448766100970783E-013  -3.9653222983654897E-013  -2.8553164875233793E-013   2.0909469894038003E-013   1.5017230528978640E-012   4.3100305391379459E-013  -1.3276396027395387E-013  -1.1745957089432139E-012   4.9549024202912776E-013  -1.7137572811090310E-013   3.3939964626863349E-013   5.8654320523794460E-013  -4.9524763479597362E-013  -1.1888058305943245E-012  -2.4638953572817332E-004   8.4852068466395592E-011   3.6469867749774760E-012  -2.4638947623313416E-004  -1.9594042674598432E-012   4.9277901196063121E-004   2.3280980879970982E-012  -1.2812848402710741E-011  -2.0842659680329853E-012   5.4200596749558578E-013   6.5313931886694165E-015  -3.6654743063580820E-012  -3.0725144366813567E-011  -2.0841744574532028E-012   5.4034954742766259E-011   3.1069811193716486E-012  -2.7689588361511213E-011  -1.4956646601015011E-009  -2.2011578242751338E-009   2.4148432768823691E-009  -1.8725127867427532E-003   6.4121568639694913E-010   2.7506006268848225E-011  -1.8725123470900594E-003  -1.2097269937597519E-011   3.7450251338322655E-003  -2.4029345674884882E-009   4.0904756660722996E-009   1.3578585046465298E-008   8.5860788568622799E-009  -4.8238510677151193E-011   8.3705709990623061E-010   1.4803832281234975E-009   2.4053038428652948E-011  -1.1722647629518258E-011   4.8421965041503144E-011   1.0264157844031544E-011  -1.4663257217292167E-014  -4.2534692375457411E-011  -2.8625149685443677E-011   4.8406771218817475E-011   5.0127310646653469E-011  -7.2171881418062498E-011   2.5966722637713381E-009   9.3170798694816699E-010   1.4652313444609191E-011  -5.6674249467337446E-012   2.2791534671930754E-011   6.3465604324445207E-012  -5.9066152399324283E-015  -2.6004700426043888E-011  -1.3692545920976381E-011   2.2785549792011445E-011   2.4037907101953522E-011  -3.3971150000162365E-011
   9.1353678329930146E-002  -4.1129813580909522E-009   1.3845418352266678E-009   1.0030484767598524E-007  -8.9819849292939878E-010   1.0679089805301344E-008  -9.3872914568004414E-009   5.3393070560139450E-010  -2.3779338556862411E-010   3.6425204248361284E-010   8.8320570034380805E-002   2.8935744266230571E-008  -5.1921256722657820E-011  -2.2860384359608725E-007   7.9416032768749643E-012   2.6096704094349511E-010   1.9171294770450746E-010  -3.3047689852417426E-010  -2.8679911944538842E-010   3.1981756903360765E-010  -5.4457718359651073E-011  -4.9895266615882348E-010  -1.8790887570663241E-010   2.2900199327113142E-010   8.6651887147926487E-002   1.6115026344703698E-008  -4.4168970005639801E-010  -7.1270138963923491E-010   2.0170966348148108E-009  -5.7055247367967100E-009   2.0927232534366305E-010   9.9716098636614383E-011   5.0337703099371004E-010  -7.0814072936948563E-008   2.0031502713473838E-012  -4.6907188046883804E-011   2.7080537536480415E-012   2.5858274404468301E-011   1.6792024924789604E-012  -2.9370091994069250E-011   2.8198992507798426E-011   4.7038838635590220E-012   2.5099844991408890E-011  -6.2141539118256729E-012  -1.7505912282773109E-011  -2.4578794686728879E-012   4.8973262350564288E-012   1.2062922209000803E-012   1.3935880006704902E-011  -4.6757440812259146E-009   1.3717487410080599E-009  -8.5470977413785621E-009   2.3575022020413433E-009  -2.6129353739270312E-011   2.3182192458387323E-009   3.7365055311404903E-011  -6.8314110509583184E-011   1.1195791354303843E-012  -2.2898537268986434E-012  -1.0379725861329100E-011  -4.7854723184587959E-011   3.8237470074763520E-011   2.0455154227467832E-011   1.7007661776524419E-011  -1.6081558965835379E-011   2.0390321750217641E-002   6.1031260518136644E-009  -2.7066618029374466E-010   3.3242301974180792E-009   7.5086034004059974E-009   6.4253976666581584E-010   1.1367409393827365E-008  -3.6298844091124496E-009  -2.8782865328801614E-011  -3.8787183591433723E-009  -5.5557499581122695E-002  -1.3568329348933415E-008   4.6310081926102695E-010   1.0714185928083165E-007  -1.1711424003532483E-002  -2.6538221588562987E-009   6.0178078958098121E-011  -3.3053928158341661E-013   2.6199873753630651E-011   2.6998093697423050E-011  -2.3274460351529869E-011  -2.3577501279460733E-011   2.3714063458816065E-011  -8.3143885621885532E-012  -3.2680668276531418E-011  -1.5045792680761097E-011   4.2353637048605758E-012   3.1287889209799026E-008   8.6397769337738489E-009   3.2242027654097681E-012   7.2352237823107611E-013   6.0871537267901223E-012  -6.0834596552031238E-012  -5.6754652406388183E-012   1.7577233560887248E-012   1.0758141392220158E-012  -7.0226110747563302E-012  -2.1668390230442461E-012   6.9730151722988562E-013
  -5.6276159725213554E-009   9.1353675111009655E-002  -1.2170708948085120E-009   8.8433568256037854E-008  -6.4994063889742438E-009  -8.6168944485826783E-010  -2.0655422449582194E-010   1.2753004462421287E-008  -9.4208409769099789E-009  -6.2535865579319357E-009   2.8935744266230571E-008   8.8320588026547159E-002   7.2306170643591568E-010  -1.4017250387324591E-007   2.7682963132691151E-010  -2.3841795959551339E-010   6.0731969275783521E-012  -8.2905652120539239E-011   2.0165038335431265E-010  -2.8850626860835144E-010   2.0095146320364498E-010   1.6606397847994066E-010  -3.1186348501399260E-011  -1.2830161956207558E-010   1.5501342645102117E-008   8.6651897122913324E-002   1.5152761614864543E-010  -7.2223352742173253E-010  -7.1209906038504999E-010   5.1157120079815639E-011   1.8496873405355060E-009  -5.6832706144496448E-009  -1.1274137001905883E-009  -4.5121394661285210E-008   2.1721802448170337E-011  -3.9942685777734535E-012  -2.6121586924620987E-012  -4.5428445433875579E-011   5.0140595834628223E-013   7.2666071395049374E-012   2.1450174765184955E-011  -2.8502422982750759E-014  -2.3419663840811891E-011   2.6333580273947114E-012   1.9502692879290316E-011   2.2906071063087785E-012   1.1166604294055429E-011  -2.6644023742120939E-012  -1.0496264432203580E-011  -8.9637767883595087E-010  -4.0398532167472431E-009  -1.7456673758260350E-011   1.7118480912635732E-009  -8.5500144447438852E-009  -8.1544797845700025E-010   3.9403959318327371E-011   2.3981203291006056E-011  -5.9735288807431995E-012  -7.9555928111742210E-011  -6.0976689225945963E-012   2.6683526698616203E-011   1.5360265073660815E-011  -1.1575469467758644E-011  -4.4601530881186961E-011   1.3081818579649746E-011   6.0926017939786876E-009   2.0390325621646735E-002   2.8007207741563590E-010   1.5540136183889012E-009  -9.2130850078911369E-010   6.6876546933215398E-009  -1.7954451849100754E-011   1.3717351242512859E-009   1.1324789175901877E-008  -4.5042699450991784E-010  -1.3268247060497106E-008  -5.5557508085400935E-002  -4.1003357388750089E-010   5.9319073242754518E-008  -2.5983428941003494E-009  -1.1711425656222973E-002  -5.9707143528924737E-011   1.8135253607289114E-011  -2.0225384922193148E-011   1.3573235104519298E-012  -5.0169853962637574E-012   2.2249873401988166E-011  -1.9315387627493135E-011   1.5485109463308343E-011   2.7057635430006049E-012  -5.5484406866399867E-013  -3.0277339196291307E-012   1.6634210703960803E-008   4.7226665779173638E-009   7.8725732462898511E-012  -2.7534209696382185E-012   4.7108727604326785E-014  -7.8563182563740308E-012   4.7812973602583663E-012  -2.7060168503733654E-012   4.6266672834051589E-012   6.9142767055309519E-013  -3.4516226364438581E-012  -5.5011697047769813E-013
   2.1615185014750791E-010   3.7743882365015894E-010   9.1353671413017437E-002   1.6614472819121105E-007   5.6425912495289835E-009  -3.0167024654059459E-010  -1.0207132747440417E-009   5.5794202501091579E-009   1.1021040886357078E-008  -1.1222014006872727E-008  -5.1921256722657820E-011   7.2306170643591568E-010   8.8320609708892078E-002  -3.8591510317007074E-007  -1.2549234194482433E-010   2.4222912012320340E-011   2.5539719906161669E-010  -5.2892197804141351E-011  -2.4428918901050944E-010   2.2125836244422336E-010   9.9236511741175756E-011  -7.9787918932871835E-011  -1.5736596391856329E-010  -1.3088754530609914E-010  -9.8621933481222066E-010   1.1076304787715426E-009   8.6651909017518861E-002   3.2136436051825578E-009   8.0382089446211487E-011  -3.5697037717895925E-010   3.2466713567137187E-009   1.5591535022611483E-009  -6.4603255542567343E-009  -1.4858889607978061E-007   7.2083468145397701E-013  -1.1445203614504838E-012   1.1319881236997487E-011   1.4679605202409405E-013  -2.8230533018158165E-011  -1.4120934312153423E-012  -1.2541270209438459E-012   1.9821241579812152E-011   3.2181508320664364E-012  -2.6093748829772634E-011  -1.2844901371230274E-012   3.0199923134191654E-013   2.1099559997972561E-012   2.0739786551139269E-011  -3.9664794668715190E-013   4.9636516120868016E-009  -4.5596773321364122E-011  -4.1140493416737824E-009   4.9448834304317363E-009   1.4827294387010707E-009  -9.9085455620328933E-009   4.9937187163482077E-012  -1.6115369654015625E-011   4.6446239336117926E-011   4.2177199567949469E-012  -5.8399444428721161E-011  -1.0917207006190396E-011   5.3936185303869872E-012   4.3270487536615993E-012   8.8759479639596062E-012  -3.7829456017949331E-011  -1.6118658449742861E-010   2.5017680124488037E-010   2.0390330190488203E-002   1.5308983347890685E-008  -6.5663631830706104E-009   3.5311238163534553E-011   6.2558602382477794E-009  -6.6159076831500015E-009   1.1958296003694758E-009   1.3182270413007341E-008   6.6135256495945072E-010  -8.0888337047636434E-010  -5.5557518215523655E-002   1.8921283540512344E-007   9.0092532254054512E-011  -1.3251858539291733E-010  -1.1711427627165837E-002  -1.4565071916047656E-011   9.8910899280304909E-013   1.8162967879362234E-011  -4.9001539806647919E-012  -1.5742891885558474E-011   2.4441739319171501E-011   9.2950455446137269E-012  -8.2307158185889907E-012  -1.3459210521731551E-011  -7.3952402558337289E-012   5.5570020575177002E-008   1.5648630577439067E-008  -2.9550762845900629E-012  -5.0994014059424319E-013   8.3763431557212448E-012  -6.9366460249317661E-013  -8.5026591083487565E-012   4.6586918031316307E-012   2.0010946949843114E-012  -1.1646935930496242E-012  -2.1741388561602733E-012  -5.3738720543540630E-012
  -6.2135178689983606E-008  -5.5255687185685853E-008  -8.6031873687634848E-008  0.19405872443143177        9.5837105489976270E-009  -1.9210219393267969E-008  -2.4044716012302556E-009   2.0547718404712653E-009   1.6891435381299286E-009  -1.1638259965210883E-008  -2.2860384359608725E-007  -1.4017250387324591E-007  -3.8591510317007074E-007  0.70148133382466094       -1.7445480775035489E-011  -9.4876244497258162E-010   5.4539153629737926E-010   5.2472515301379856E-010  -4.8130808431524047E-010  -5.0139284885233688E-010   3.8680744914707416E-010  -7.6313739199102373E-011   4.2986072909671892E-010  -3.4963042312743803E-010  -2.5237997216074112E-007  -2.1313785336426073E-007  -5.2079330173920841E-007  -1.0701501917667581E-008   1.8035788501750775E-008  -3.1419220799170193E-009  -7.1627848179096450E-010   2.1933750552872059E-009   1.1418913668200028E-008  0.61637034808069202       -2.3078959766172707E-011   1.3393308206863726E-010  -4.2900239224272249E-011  -9.0235073433073482E-011  -3.6135375750272942E-011   1.3059594601853173E-010  -3.9850777164699621E-011  -8.5697476145528059E-011  -1.2622432702348226E-010   1.0677550183860396E-010   1.2193722616047563E-010   8.2654137585968824E-011  -1.2405708954408211E-010  -5.5720591615205106E-011  -3.8002235343366571E-012   2.7385220985535329E-009  -5.4445039381239280E-009  -3.8170379754204569E-010   4.4019174358033941E-010   1.7356827535210056E-010  -3.1781603372138332E-009   8.5402380723896710E-011   4.3691202495030408E-011  -9.9769875495552448E-011   3.6122360326719177E-011   2.1859092349766250E-010  -1.5078807662622489E-010  -6.0108027764911598E-011   2.9473070028240824E-010   3.7033611359251271E-011  -1.4531479550370806E-010  -1.2844630171436407E-007  -6.0951751399558490E-008  -2.4032034035416701E-007 -0.14748140919178215       -4.4844627568312555E-009   6.1857749687824520E-009  -2.5715565751039620E-009   3.2082256052562673E-011   2.1329155990375096E-009   4.4523666702982067E-009   1.8351392949936782E-007   1.1557325634192139E-007   3.4390877409263376E-007 -0.52305538599950419        4.2674445018729839E-008   2.6544902124587451E-008   8.0096895269682422E-008  -6.9171489884559332E-011   8.4299932453288829E-010  -5.0617724731304286E-011  -3.5372010841699625E-010   1.2680275392246579E-010   4.4650221017051463E-010  -3.5093381744911525E-010   1.1732891263526547E-010  -3.7214388586993004E-010  -4.9723641176593482E-011 -0.15990001070665705       -5.6072854154435518E-002  -1.6768063193341517E-011   2.5856064332141801E-010  -1.9929150764111797E-011  -1.0305426655610736E-010   4.9627121246124987E-011   1.2554544437967365E-010  -1.1012321752380842E-010   5.5284508220661453E-011  -1.1080622082150103E-010  -2.6352458398287729E-011
