   8.1736811071890264E-002  -9.8451485701675522E-010   1.2833106435894393E-008   2.8164139583798723E-008  -1.5823075876737598E-008  -3.0849212975989624E-009  -7.1468969078048019E-009   1.6430946978440407E-008   1.8105919313207519E-008  -6.0786456707347759E-010  0.15995197170991027        9.5557449248193899E-009   1.0172749707588830E-008  -1.1986365087350810E-008  -1.5566699265863074E-009   1.4438800618238357E-009   1.1822670035002757E-009   6.6084691676022086E-010   2.7231991319233743E-009   1.4276759653007106E-009  -1.1298112508901570E-009  -2.0944905544063489E-010   7.1932673602346772E-011  -7.2509785942416844E-010   1.7757239106381103E-009   2.0733658950567759E-009  -9.5232221099572011E-010  -5.2438695206292077E-010   1.7849742653431605E-010  -1.2513718849581424E-009   7.3034330456401949E-009  0.13644824272875791        6.7427990656161451E-009   9.5521639610745408E-009   5.7043534267508873E-010  -5.3753625396135626E-011   1.5429355624128567E-010  -8.3356872954634445E-010  -6.3710506931686994E-010  -1.6847520061806813E-010   1.9994901300926658E-010   1.9376907657729693E-010  -1.9614170654760853E-010  -2.9872041780776162E-010   4.0371348787151522E-010   2.4414003439719564E-010   1.2439007819052420E-010   2.3073006170885999E-010   2.5093201462964498E-011  -1.5468073829366927E-009  -5.8268157726389530E-010  -2.7102958341988965E-009   2.6917107456253348E-009   3.9285106080144176E-009  -1.1450457971799589E-009  -2.4959710268767551E-010   2.4185874026375000E-010   2.0690093898487488E-010   4.3122053940722892E-011   3.7255404108187601E-010   2.9183948125423133E-010  -2.8167639433283347E-010   1.8674227145608970E-010   1.3606084555900872E-010  -2.9340594682898076E-010  -5.2696778448962113E-009   5.9484987554532910E-003   4.0551209261823481E-010  -1.4512194251981199E-010   8.8126088687804289E-010   1.2356613285958528E-009   3.2168155744885277E-009  -2.6407959783887391E-009  -4.0190383635208123E-009   1.7595370642230699E-009  -1.8682473781690377E-009  -2.8974583984763196E-002  -1.4696912407172893E-009  -1.9231241004881171E-009  -9.1369083232166012E-002  -4.5733142162796174E-009  -6.5890914531363625E-009  -1.9571830883120630E-010   1.4619319538030906E-010   4.9790927009583846E-011   3.9795988566269641E-011   3.3547261700682500E-010   2.2281084656117620E-010  -1.8625756023210303E-010   1.4526343564576238E-010   1.0369890497967787E-010  -1.4538484033992170E-010  -1.2300913120198622E-009  -3.3471844044075609E-010  -6.5024623653734149E-011   4.7362185111593023E-011   1.9712962227828882E-011   1.1396388767027458E-011   1.1054829701908778E-010   7.5849918519165494E-011  -6.8267285448847604E-011   6.4048798898894876E-011   4.4228541393741283E-011  -6.2432389670123688E-011
  -9.8451485701675522E-010   8.1736828150487301E-002   3.1868278093566584E-009   2.4130544942875552E-007   5.4962405557806175E-009   2.5967060382761288E-008   1.7900062952770775E-008  -1.6164222921650187E-008  -1.5832556018081382E-008   1.0667970516410552E-008  -1.0332454821093320E-008  0.15995198502564870        5.6310317457470106E-009  -1.6332378360641719E-007   3.4819426577121937E-009   3.1917288130945540E-010   2.4655643772898002E-009  -1.2250593015713221E-009  -4.4742622057795317E-009  -3.4464612382752034E-009   8.2335259870443832E-011  -1.1710830326338367E-009  -4.2947710364994537E-010  -9.6484803273204185E-010  -6.8631805966875791E-010   2.2683664327094943E-009   2.5852480762062977E-011   1.5506652429635386E-009  -1.4287694061670542E-009  -8.6427810750990056E-010   9.4797482564759297E-008  -8.7794892761936419E-009  0.13644825285566417        4.7599387942571014E-009   1.0422221306375308E-010   6.2508719291988423E-010   2.2280940414647127E-010  -1.8476175784663101E-010  -8.5370102565884434E-011   1.6956986990905078E-012  -7.3311723819775176E-010  -5.9278076821049485E-010   1.4493780898026529E-010   2.1902319059054345E-010   2.7795859755968294E-010   4.6284670454892886E-010  -3.0349074990856649E-010  -3.9921571383774391E-010   1.7181180034144354E-010   1.1892967366302852E-009   7.3486778211760561E-009   3.8173281315123205E-009  -3.5192737589006623E-009  -4.7082672084479367E-009   2.3302597253870904E-009   6.1017216915183415E-010   3.2655607737437511E-011   4.3917401053494227E-010  -6.7260904136074804E-011  -8.1032990661535772E-010  -7.5136934723604077E-010  -4.6449297089390927E-011  -3.0814056711580519E-010   2.9872264864801398E-011  -9.7665963836126816E-011  -4.4888562338670194E-008  -5.4275093394706106E-010   5.9484987470550506E-003   2.0057839580709096E-010  -1.7848922864988151E-009  -8.5879295754282240E-009  -3.8778457632172176E-009   4.7624491672081220E-009   5.8278416672344902E-009  -2.9775614015747784E-009  -1.1325270245153196E-008   1.8386539855776656E-009  -2.8974586246273391E-002  -1.0135481530525478E-009   5.5813914643050245E-009  -9.1369090978564965E-002  -3.2049464146745156E-009   5.1235123571701764E-010   3.7936376542283656E-011   3.3849976593325857E-010  -1.2414987500907920E-010  -7.2362117709903811E-010  -5.6323943334164512E-010  -3.8297180407139959E-011  -1.9082139017496334E-010   1.3473553468063451E-011  -1.1007258140785878E-010  -8.6174463928102573E-009  -3.2388309427072771E-009   1.7778499287901453E-010   1.1418762296660198E-011   1.1665936330444958E-010  -3.5137650578692088E-011  -2.4941372763285470E-010  -2.0338528886285133E-010  -1.4294390043598020E-011  -6.9922423115337773E-011   7.7689792515468438E-012  -3.4835488995311223E-011
   1.2833106435894393E-008   3.1868278093566584E-009   8.1736821182826824E-002   1.9061810659956084E-008  -1.4014782058426075E-009   1.8255196533237978E-008   5.9589898871666542E-009  -8.7009436642255948E-009   2.2764947273998074E-009   1.0102418252396973E-008   8.1508550569413727E-009  -1.0925284306741330E-009  0.15995197901007366       -1.3836819527009648E-008  -4.9135288665457941E-011  -5.2130301546781007E-011   1.0948785366420656E-009  -1.3503890333500159E-009  -9.3619961868277040E-010   1.4163121920838571E-009   6.1028404862337039E-010  -6.7630199636404247E-010  -7.6665861591903814E-010  -3.1209201726245497E-010   7.7511485214836591E-010   1.1240689068747135E-010   1.7807160238107612E-009   2.0310269173007259E-010   2.1057849614635699E-009  -9.7819561517324326E-010   1.0453552014008562E-008   7.8721175152093885E-009  -4.9119452703043251E-010  0.13644824939415703       -5.0485992939498917E-011   2.2961525678717281E-010   4.1273237768520644E-010  -1.0626278141881875E-010  -4.5231808802096863E-011   1.9495036188947282E-010   2.6769792726034498E-010  -4.3377475688715599E-010  -6.6721592481695790E-010  -8.9415962696680006E-011  -2.2430096154784991E-010   3.0871808164215930E-010   5.0027834601720284E-010  -2.7500419914287532E-010  -3.9577450549737246E-010   4.3004061546594722E-010   3.9521925061761231E-009   2.9015910449290851E-009  -1.2579600497387580E-009   6.0131679112556908E-010   8.2800230761158721E-010  -1.3864964688331743E-010  -1.9443059828791243E-010   9.4272631019616124E-011  -1.0949666657499671E-010   3.4077379511943612E-011   2.9551962324189318E-010   2.8439620230005433E-010  -2.2951640151530233E-010  -1.8713384921334751E-010   1.0067416668928847E-010  -3.3697480543289501E-009  -2.4178532851780875E-010  -1.1893360184594228E-010   5.9484988263141742E-003  -8.8372301278584493E-010  -4.0332678192793845E-009  -3.4903349694803663E-009   1.2933255701251682E-009  -5.4370279457951125E-012  -4.0960417649962644E-010  -2.3271751826904420E-009  -1.5734273831795962E-009   1.0502657365858689E-010  -2.8974585413052440E-002  -5.5181238377551246E-009   2.2927855894121019E-010  -9.1369088036836715E-002  -2.6913767363771047E-011  -1.3754323954799073E-010   9.0691106273081560E-011  -7.5562872908793043E-011  -3.4062692803172380E-011   1.1167165922441704E-010   1.8434155484955713E-010  -1.6898682614677479E-010  -1.0977770786096071E-010   5.8331581137964881E-011  -1.0851530397814858E-009  -4.2972460519888382E-010  -1.9030203526581917E-011  -6.0041186642396212E-011   2.6763619127329836E-011  -1.8202231662450328E-011  -4.4322976594511010E-013   4.3733847202037661E-011   7.3945158947822808E-011  -6.0980219274780297E-011  -3.9166869652234195E-011   2.5487050724579372E-011
   2.8164139583798723E-008   2.4130544942875552E-007   1.9061810659956084E-008   2.4351950435887244E-002  -7.7730900444627929E-010  -1.6885397210379262E-009  -3.0407430642080545E-010   1.6317515850887927E-009   1.2396005651833908E-009  -8.5450500377239889E-010   5.1308301182118395E-008   4.4279672525275495E-007   3.4366478514522268E-008  0.11670857972108754       -1.7776875069539394E-009   3.2590737241094588E-010  -4.1413515680137284E-010   2.1752393753506202E-009   2.0932561842887125E-009   2.0978199056682360E-010  -8.6811509422321450E-010  -1.1951288786585971E-009   8.3883496924831244E-010   1.1994711229853583E-009   4.9417893909621903E-010  -4.7692316294273994E-012  -2.3371221983699189E-010  -2.1951965749630597E-010  -8.6269803212022016E-011  -2.7513934159152807E-010  0.13991688058705157        4.3353419987061770E-008   3.7037678270097856E-007   2.7719482008407801E-008  -1.0873580398549428E-010   2.3165666763680114E-010   1.0707453705036142E-010   5.8628397521618098E-011   2.0835558186703443E-010   1.3240709506106810E-010  -1.3056836832803322E-010  -2.9195685632266314E-010  -1.3562407371500950E-010   1.1053726880695901E-010   1.1266590908113682E-011  -5.6905197806860533E-011  -7.8390709466398734E-011  -9.8393903899020001E-011  -3.0726206336887077E-011  -4.7857204733185325E-011  -5.2322087627358502E-010  -9.6673935261197159E-011   3.8589212197823602E-010   2.9384786277976129E-010  -3.3875154234961674E-010   7.0619111380635782E-010  -6.4766019229367447E-011   2.3852646141899619E-010  -7.0857086219841463E-010  -9.0496772459641582E-010  -2.3889123780072836E-010   2.3027865037172133E-010   2.7166726428154170E-010  -2.4414780307385527E-010  -3.8027766288929915E-010  -4.2985258224393173E-003   2.2202351003795914E-009   1.3184052917030962E-008   4.4761221751335160E-010  -4.6804399782074698E-010  -5.8188772318098200E-010   2.1556285451042592E-010   6.1305538041218239E-010   4.2781708768263308E-010  -1.4502706944419051E-010 -0.12354684990640158       -9.3962079160114889E-009  -7.8558841888972435E-008  -5.7815830471773292E-009  -3.0257631766329822E-008  -2.5174046653229504E-007  -1.8561303253913343E-008   3.6259540870218696E-010  -3.9052523208868481E-011   1.3143467870716067E-010  -3.3758227845573384E-010  -4.7213990497985358E-010  -1.4889283238256009E-010   1.1413103229239561E-010   1.0342967092270357E-010  -1.1406660821884780E-010  -1.7505797952243602E-010  -3.7254974603748658E-002  -1.0798324764929678E-002   1.7617852321794062E-010  -2.0206937348902155E-011   5.9400136061431005E-011  -1.7370456660834279E-010  -2.2565985071772141E-010  -6.2664718944677990E-011   6.0009591607050931E-011   6.3347271042851459E-011  -6.0302869339853381E-011  -9.1490808603554996E-011
  -1.5823075876737598E-008   5.4962405557806175E-009  -1.4014782058426075E-009  -7.7730900444627929E-010   5.5704564485518579E-006  -1.1338376379430473E-013   4.8035053387205407E-013  -2.7852281756660066E-006  -2.6135800197781431E-013  -2.7852282725250949E-006  -3.0967955804095648E-008   1.0757243177479017E-008  -2.7428628171086877E-009  -3.7247060321649632E-009  -5.0420999557720607E-012  -5.3029408394682065E-012   7.7438106372196608E-013   3.3623715321159759E-012   1.9228530372549180E-014   3.4023152094519445E-012   3.9064852136452953E-012   1.6366007354976063E-012   6.1820556647500637E-014  -1.7969943173137488E-012   5.5255273366002224E-005   4.5069395699012166E-012   3.1896126307990326E-012  -2.7627636811213128E-005   4.1492452883954309E-013  -2.7627636552894402E-005  -4.4568431712357226E-009  -2.6399104100710259E-008   9.1750926841991257E-009  -2.3365803310440507E-009  -1.7645853029065661E-013   8.4153735204771141E-013   1.7102402773300678E-012  -1.6698811212991709E-014  -1.1699178815281455E-013   3.2654576954054534E-013  -7.8807239692029567E-013  -1.9884890256216794E-013  -7.1731561961805107E-014  -1.5620264575917101E-012   1.8329498342940073E-014   2.0344548799223606E-014  -1.5662889154863140E-014   6.6853302083828701E-014  -1.7709316494124769E-013   2.5901291532656441E-004   1.3962728969399178E-011   1.6373409595400101E-011  -1.2950645437064459E-004  -4.4040014941805674E-012  -1.2950646095314457E-004   1.7567724835131439E-011   1.3110950928293456E-011  -6.0316726408899362E-012  -1.1799918022611063E-011   3.3892799127597376E-014  -1.1769662099263844E-011  -8.7232866736649755E-012  -1.3851120691725509E-012  -1.4074579894658078E-012   5.5281808719936000E-012   1.3207315859066751E-010  -1.0711739416624445E-009   2.1952634296429026E-010  -1.2446486884257459E-010   3.1726735570724381E-003   1.9253148919261594E-010   2.0519199126288636E-010  -1.5863367619048110E-003  -3.6139319129970403E-011  -1.5863367951670145E-003   3.9195161943081240E-009   5.5966807986003025E-009  -1.9430574472056868E-009   4.9448126262137916E-010   1.7946185424518504E-008  -7.0397449992634373E-009   1.4100709873915764E-009   2.4741404994315392E-011   1.1957194361594680E-011  -1.1357485710887885E-011  -1.6611984305661576E-011   1.6805873793579450E-014  -1.6582095820416353E-011  -7.6486927574428376E-012   7.9872489872621653E-013  -1.6953846790258623E-012   7.8700271476148705E-012   1.1758200330126099E-009   3.4431066896953356E-010   1.0091660196983925E-011   2.7856673666253326E-012  -5.1075749718904874E-012  -6.7765065202856337E-012   8.8000625931257643E-015  -6.7628776427952631E-012  -1.8280863930771264E-012   6.7041478475255222E-013  -3.3302288034523498E-013   3.3072576646916094E-012
  -3.0849212975989624E-009   2.5967060382761288E-008   1.8255196533237978E-008  -1.6885397210379262E-009  -1.1338376379430473E-013   5.5704562609976469E-006  -5.7621946492625820E-013   2.8090657108376327E-013   1.6763077990391365E-012  -1.6755442474874799E-013  -6.0380382833917955E-009   5.0820057184696000E-008   3.5727311139025274E-008  -8.0947778598002508E-009   3.7441306184321598E-012  -3.0591259029524441E-012   1.5739343305637656E-012  -7.0997644694729518E-012  -6.5965729566918170E-013   2.0764866580665836E-012   2.6038146315378767E-012   1.6395412350142213E-012  -4.3426223746842046E-013  -2.3951862528843298E-012  -2.9136661412848257E-012   5.5255274174558659E-005   1.2616244973420007E-012   4.1666375915413435E-012   4.3570746727435858E-012  -1.2530922734677537E-012  -9.6843609504564310E-009  -5.1554111773259438E-009   4.3327967928890008E-008   3.0457672749599702E-008  -3.0805418513373947E-013  -3.4152872634828943E-015   3.1917323809743377E-013   1.0900784952013143E-012   9.6373280661789845E-013  -5.4893511518016029E-013  -1.0236983649127120E-013  -4.2686784133848290E-013   1.4190255515495503E-013  -1.0015416428586708E-015  -6.8994502212746019E-013  -7.7938050383013645E-014   1.2190740624235305E-013  -6.4038631671298035E-013   2.4310479200969215E-013  -2.3544946306332212E-011   2.5901290535430800E-004  -1.0742121458027384E-011   3.1382865798325967E-011   4.9930196174656904E-011  -7.8380196583595595E-012  -8.7651637677729601E-012   1.4865053997495692E-011  -2.2578600187043848E-012   1.6400160629100571E-011  -3.2193993404467011E-012  -4.6404601896876349E-012  -9.7180207974078271E-012  -2.1531433847987199E-012  -1.8269733161369986E-012   3.2877656208511914E-012   3.3427822707003904E-010   4.2231102401391637E-011   1.7249662226734639E-009   1.2196983098992690E-009  -2.5674444866001989E-010   3.1726735036812287E-003  -5.8986420695751174E-011   3.4442041882297223E-010   5.1911685106065285E-010  -8.7675968863465162E-011   8.6493153169673932E-009   1.0867609311859089E-009  -9.2030245345954371E-009  -6.4650397893731699E-009   4.7773708801003476E-009  -2.9939270590067551E-008  -2.0931280867545657E-008  -7.9790488622645195E-012   2.3393466933854358E-011  -1.3139373898318378E-012   1.4729026782850472E-011  -8.1482262313287719E-012  -4.0240183222192537E-012  -1.4079902028866453E-011  -1.2658285528946009E-012  -4.5032991749653613E-012   1.9228438948144691E-012   2.6415528338062569E-009   7.4637762992766300E-010  -1.8604632597905604E-012   9.8153511390258348E-012  -3.2429556086011792E-013   3.4681845558980818E-012  -3.8765944118866119E-012  -9.7211694026904117E-013  -5.7835661501052155E-012  -2.9625701469327922E-013  -2.0558845883199744E-012   4.6253190588781953E-013
  -7.1468969078048019E-009   1.7900062952770775E-008   5.9589898871666542E-009  -3.0407430642080545E-010   4.8035053387205407E-013  -5.7621946492625820E-013   5.5704559903149947E-006  -1.0989679806857800E-012   7.7001361633269566E-013   6.1875535036394374E-013  -1.3987183284742758E-008   3.5032348957162726E-008   1.1661931287845684E-008  -1.4687623443876090E-009  -7.6011206306806049E-013   1.6167924296427992E-012  -4.9793043439007968E-012  -1.1210823742309224E-012  -3.6458295018701832E-012   2.1408779404761862E-012  -2.3924614048509867E-012   2.4764278422536545E-012   1.5930367689836353E-012   1.8655442001035839E-012   6.3670207365870239E-013  -2.6193540338324698E-012   5.5255273231777771E-005  -2.5377045538348337E-012   5.5783324622154021E-012   1.9014301469906329E-012  -1.7434798014421234E-009  -1.1925105278551226E-008   2.9864922839335772E-008   9.9414980230128407E-009  -1.2260772562835416E-012  -9.3833341586805646E-014  -1.7682944021114718E-013  -1.5184911661374059E-013   8.4630000057055130E-013   2.3055673741232014E-012   3.2141529493769496E-013  -2.2875701445845352E-013  -3.0533762629670015E-013   3.4736612003390810E-013   6.6321699840315821E-014  -4.7632953985838168E-013   3.5315992254426540E-014  -1.5446135071617314E-013  -1.3326324706665681E-012   5.7751105599457595E-012  -2.6944099066897082E-011   2.5901290035443660E-004  -1.8791353248298362E-011   4.1667905173722988E-011   1.3016552836523455E-011   4.3129929229145434E-012  -2.2173860204771216E-012   1.7993360628008570E-011   3.1019936688429630E-012   9.5652917832952266E-012  -8.8884813468679195E-012   3.3282594857658735E-012  -6.3703703929602037E-012  -2.2479091348280384E-012  -8.6632246133444405E-012   9.9578620083735931E-011  -4.2045871575558537E-010   1.1948222709265283E-009   3.8064989010045400E-010   6.7271333873870891E-011  -2.6855200584810017E-010   3.1726734279757507E-003  -2.1520540787198704E-010   4.4996178935542786E-010   1.4793407409150059E-010   1.6913237028448082E-009   2.5337218080843893E-009  -6.3392062161407671E-009  -2.1160044716870311E-009   8.5503138610178460E-009  -2.0529672074424918E-008  -7.0272994874726286E-009   7.4952853628447326E-012  -1.3034490155807162E-012   2.5610666791282104E-011   4.3436272870167522E-012   9.0625268800202766E-012  -1.4399607218573969E-011   1.9574809111588930E-012  -7.7735555280282348E-012  -1.3227692673435581E-012  -1.3294990833155421E-011   5.5982356374829757E-010   1.3321942041473208E-010   3.3273862866960345E-012  -3.1732657072756373E-013   1.0489865650266018E-011   1.8025517816165968E-012   2.0591162949254789E-012  -6.2667084490481304E-012   4.8031531098702480E-013  -3.0348330155433748E-012  -3.2707286882380712E-013  -5.5566548616522139E-012
   1.6430946978440407E-008  -1.6164222921650187E-008  -8.7009436642255948E-009   1.6317515850887927E-009  -2.7852281756660066E-006   2.8090657108376327E-013  -1.0989679806857800E-012   5.5704569861339353E-006   1.9572700887399424E-013  -2.7852288104680672E-006   3.2157390282280413E-008  -3.1636116780793750E-008  -1.7028754488016389E-008   7.8201484855828218E-009   1.2580050184306164E-012   4.7918686306212996E-012   8.5912113995241778E-013  -1.0621288599877313E-012  -2.7087464491205539E-014  -6.2566085591179134E-013  -7.1951124953478856E-012  -2.5622873423354655E-014   4.8613795307420129E-012  -6.2127186797163103E-013  -2.7627636928916921E-005  -4.8018494882179830E-012  -6.3638193695626186E-012   5.5255276804176692E-005   1.3518421426987648E-012  -2.7627639875073519E-005   9.3583204945913652E-009   2.7415172540530998E-008  -2.6980028348163079E-008  -1.4518260630291988E-008   5.6539374726440964E-014  -4.8588440393775732E-013  -2.1854075061046863E-013  -1.1297359954975800E-014   2.8658666971563278E-013  -8.8010362761505474E-014   1.0436587712846820E-012   6.4563493648070908E-013  -7.4832766467985968E-013  -2.6268352930887031E-013  -1.8280199212695772E-013  -6.5742003253890598E-013   3.3246864251526665E-013   4.4381064555627985E-013  -1.3918316237133111E-013  -1.2950645481182166E-004  -1.1783142521166995E-011  -3.2820488123914797E-011   2.5901292285311584E-004   9.5748218040807764E-012  -1.2950646804080933E-004  -6.8137298351657821E-012  -1.1015930390153416E-011  -5.5829164232643234E-014   1.0712992558669536E-011  -3.6671144787886995E-014  -1.5714118312370023E-012   1.6390711847483423E-011  -4.7032292901265803E-012  -1.0974526605896333E-011   3.5471734879056914E-012  -2.9887235870815651E-010   1.1069613579721063E-009  -7.8847901995534851E-010  -6.1813793181782336E-010  -1.5863367680446130E-003  -1.8245808523717249E-010  -4.0757782211070018E-010   3.1726737116034541E-003   1.0570615673438079E-010  -1.5863369435592115E-003  -8.2817287678693740E-009  -5.8158853438606163E-009   5.7180373018345218E-009   3.0803968601343241E-009  -1.8733607183025325E-008   1.9992005374211781E-008   9.7549930222507380E-009  -1.0954454701153640E-011  -9.7975309764816226E-012   1.8869307595934779E-012   1.8928374001977645E-011  -1.6312088496714888E-014  -4.2314303969940811E-012   1.4598622692471496E-011  -1.0277605387941774E-011  -9.7885801701682502E-012   6.2540377199335630E-012  -2.5037717920283526E-009  -7.2212255590059857E-010  -4.6201541878878765E-012  -2.3128307430445771E-012   1.0269022543091545E-012   8.1700392847172075E-012  -7.5393512090533956E-015  -1.9714518519617011E-012   3.4445633710804624E-012  -4.7543475598386458E-012  -2.3085385608737760E-012   2.7782746334188741E-012
   1.8105919313207519E-008  -1.5832556018081382E-008   2.2764947273998074E-009   1.2396005651833908E-009  -2.6135800197781431E-013   1.6763077990391365E-012   7.7001361633269566E-013   1.9572700887399424E-013   5.5704569991826752E-006   6.5607813166057171E-014   3.5435141400404460E-008  -3.0986114073863563E-008   4.4547689546111878E-009   5.9414012202491826E-009  -2.4203699149010126E-012   2.1851735170744270E-013   1.2695769008331960E-012   1.6684922721045449E-012  -2.2785146622496678E-013   1.5787754745666005E-012  -1.0859829612641232E-012  -6.5684689416719759E-012   1.2384869764140822E-012   3.9495708818613503E-012  -1.0389688128475177E-012   2.7617816708207089E-012  -2.7700746705505422E-012  -2.1226995011027360E-013   5.5255275787724782E-005   1.2510916880904691E-012   7.1102556099650085E-009   3.0208505957210335E-008  -2.6420858159519869E-008   3.7902399843818076E-009   3.3463600663943940E-014  -4.9320057007547997E-013   5.1936193031407230E-014  -2.7706678520890192E-013  -1.2255459351917551E-013   2.1828349401694301E-013  -2.6363529628070091E-013   9.1841751236657595E-013   1.0154006837078580E-012  -7.3648150826674123E-013   5.8380981202387133E-013  -2.8659567671812369E-013  -7.4846509852812554E-013   3.7789553614994762E-013   3.0182032735138560E-013  -9.7420385073120156E-012   4.3318785936216164E-011   5.1453589389737818E-012   3.7801138754395671E-013   2.5901292444452557E-004   9.3637892003564328E-012   3.2761274773593241E-012   8.3298358592463755E-013  -3.4696536131503691E-012  -2.1318578460926073E-012   8.2406789494708724E-012  -2.2635273683963432E-012   4.8357281435821962E-012   1.5662659799750671E-011  -7.3208009624486843E-012  -9.0881343036890236E-012  -2.3540574238329932E-010   1.2089194891491382E-009  -1.0094839792154809E-009   4.0168770099222271E-010  -1.0940035549874227E-010   4.3281793899639441E-010  -1.3423663606193197E-011   1.5450220457075372E-012   3.1726737150369051E-003   1.0785531994444202E-010  -6.3220674924919524E-009  -6.4121515809431377E-009   5.6109655735573308E-009  -8.1213135551220699E-010  -2.0764402172228429E-008   1.8474023723920491E-008  -1.3649776904135996E-009   1.9193545510024033E-012   2.4875251535746404E-012  -3.2341466186282798E-012  -1.2568861529944993E-012   1.5416470810990599E-011  -1.3181969630222404E-012   7.9397658433394765E-012   1.4198585401739316E-011  -1.3139843533364383E-011  -8.1724138803329797E-012  -1.9211427240393446E-009  -5.4834633146370981E-010   4.6221243964119104E-013   1.1987576761971118E-012  -7.3608319781835179E-013  -2.9241623092450137E-013   6.7476846897057798E-012  -3.2770614277014895E-013   3.4685753452930102E-012   3.3104371101867298E-012  -5.8523416891002805E-012  -1.9188107438529491E-012
  -6.0786456707347759E-010   1.0667970516410552E-008   1.0102418252396973E-008  -8.5450500377239889E-010  -2.7852282725250949E-006  -1.6755442474874799E-013   6.1875535036394374E-013  -2.7852288104680672E-006   6.5607813166057171E-014   5.5704570826325441E-006  -1.1894216944927962E-009   2.0878850410954727E-008   1.9771610230572233E-008  -4.0957414101659424E-009   3.7840949408475841E-012   5.1107220789153056E-013  -1.6335022029592939E-012  -2.3002426771471341E-012   7.8589295897989424E-015  -2.7766543532252499E-012   3.2886272837481534E-012  -1.6109778586173584E-012  -4.9232000891786850E-012   2.4182661821757815E-012  -2.7627636433506839E-005   2.9459629882207887E-013   3.1755746782689284E-012  -2.7627639992964933E-005  -1.7669966053515289E-012   5.5255276424390829E-005  -4.9018360569071853E-009  -1.0160576199099131E-009   1.7804915793687145E-008   1.6854835030324863E-008   1.1991915583377036E-013  -3.5565294875937518E-013  -1.4916995269010995E-012   2.7996170972878106E-014  -1.6959488211579734E-013  -2.3853540705753516E-013  -2.5558637393064353E-013  -4.4678603304418624E-013   8.2005922693102719E-013   1.8247099864303757E-012   1.6447249375238532E-013   6.3707548378766205E-013  -3.1680575310983202E-013  -5.1066394727592180E-013   3.1627632732840386E-013  -1.2950646049796847E-004  -2.1810565609986523E-012   1.6453490836710771E-011  -1.2950646848247768E-004  -5.1718981421301757E-012   2.5901292897718606E-004  -1.0753995000487747E-011  -2.0950205374430304E-012   6.0875018044123291E-012   1.0869254651785252E-012   2.7783483186448385E-015   1.3341073929964326E-011  -7.6674251743508395E-012   6.0883413581570549E-012   1.2381984595379281E-011  -9.0753543585186381E-012   1.6682040648103185E-010  -3.5788628979464120E-011   5.6895011532597252E-010   7.4260459502897034E-010  -1.5863367888223556E-003  -1.0091411501367331E-011   2.0246437582345304E-010  -1.5863369496987218E-003  -6.9580040077804341E-011   3.1726737385208348E-003   4.3625936832341966E-009   2.1920222808935355E-010  -3.7749756549123920E-009  -3.5748768394520135E-009   7.8740496075971220E-010  -1.2952256684486218E-008  -1.1165048395412474E-008  -1.3786950292285725E-011  -2.1596633845698000E-012   9.4705549506569925E-012  -2.3163896960331821E-012  -4.9378375298349849E-016   2.0813526215952240E-011  -6.9499299352664092E-012   9.4788804883935113E-012   1.1483964848969822E-011  -1.4124064866460609E-011   1.3280858616513245E-009   3.7783953826917811E-010  -5.4715060088299181E-012  -4.7283662345058176E-013   4.0806727172735306E-012  -1.3935327641710418E-012  -1.2607106964421103E-015   8.7343294941393851E-012  -1.6164769781483947E-012   4.0839327747013126E-012   2.6415614412834493E-012  -6.0855322975942602E-012
  0.15995197170991027       -1.0332454821093320E-008   8.1508550569413727E-009   5.1308301182118395E-008  -3.0967955804095648E-008  -6.0380382833917955E-009  -1.3987183284742758E-008   3.2157390282280413E-008   3.5435141400404460E-008  -1.1894216944927962E-009  0.31301264658098293        2.2501713611017142E-009  -1.3286767825853228E-008  -4.1695481144092879E-008  -3.0462888199680977E-009   2.8255085647249511E-009   2.3135390672439955E-009   1.2932523803213290E-009   5.3291206125070896E-009   2.7938336343786155E-009  -2.2109161991593426E-009  -4.0988320023950314E-010   1.4077003147081799E-010  -1.4189055600407509E-009   3.4379565097684407E-009   4.0389833931279848E-009  -1.8796901311431625E-009  -9.8991859726156337E-010   3.8610532558634835E-010  -2.4481062682348237E-009  -7.5798586598511631E-009  0.26702358585855301       -8.3835419999954898E-010  -9.6229980694497787E-009   1.1163611429074509E-009  -1.0520162045646316E-010   3.0195496989382148E-010  -1.6313203359982850E-009  -1.2468378808364664E-009  -3.2971332164916477E-010   3.9130849873151662E-010   3.7921635598915618E-010  -3.8385268003137441E-010  -5.8460599511401388E-010   7.9007947686663548E-010   4.7779127514486027E-010   2.4343631898810880E-010   4.5154684005108465E-010   4.9108772397585009E-011  -3.1972519521026825E-009  -1.2164646918983687E-009  -5.3744561312653953E-009   5.4335979596550607E-009   7.8550789154634238E-009  -2.2366247452078519E-009  -4.8837640730265962E-010   4.7338491514390259E-010   4.0506968110771721E-010   8.4330359221380650E-011   7.2890702053503022E-010   5.7107516750505168E-010  -5.5127369037930294E-010   3.6542629027517943E-010   2.6624796901453418E-010  -5.7429696228661329E-010  -9.5413180835299420E-009   1.1754949497004617E-002   1.6321028226177130E-010  -1.5017023258952183E-009  -3.6155767450858546E-010   1.4654344185494166E-009   5.4112414881027850E-009  -3.1252943083788356E-009  -5.7985395698370360E-009   3.4868558418731953E-009   1.6250689209121759E-008  -5.6700741456561281E-002   1.0346092874267994E-010   2.2492041324654991E-009 -0.17815910480779054        3.3834062163520984E-010   6.1549987176850429E-009  -3.8310817399076300E-010   2.8629653065821102E-010   9.7723048875458506E-011   7.7920128100008382E-011   6.5646727284332256E-010   4.3611872784209782E-010  -3.6457553817266542E-010   2.8412670510813214E-010   2.0283554386489905E-010  -2.8461381068753937E-010   3.7735861082750445E-009   1.0315537794195094E-009  -1.2730592839708474E-010   9.2839558464856495E-011   3.8705498997335452E-011   2.2306418263763436E-011   2.1636743693093687E-010   1.4850534125866760E-010  -1.3365065623252333E-010   1.2522433628620357E-010   8.6472693208591050E-011  -1.2218620053190249E-010
   9.5557449248193899E-009  0.15995198502564870       -1.0925284306741330E-009   4.4279672525275495E-007   1.0757243177479017E-008   5.0820057184696000E-008   3.5032348957162726E-008  -3.1636116780793750E-008  -3.0986114073863563E-008   2.0878850410954727E-008   2.2501713611017142E-009  0.31301263329426288       -3.3224252927084743E-009  -4.6058127631843868E-007   6.8139241962371484E-009   6.2458776803904646E-010   4.8249071814360409E-009  -2.3974231110080459E-009  -8.7558283374277628E-009  -6.7444238303174964E-009   1.6115731246023511E-010  -2.2916736859500905E-009  -8.4048956892805365E-010  -1.8881580398179038E-009  -1.3224168554105142E-009   4.4910882307553894E-009   8.7936764731628148E-011   2.9828070359722032E-009  -2.8315866896904666E-009  -1.6602550264298970E-009   1.6483000391008702E-008   1.9863390324676493E-009  0.26702357211742134       -2.9184827691703153E-009   2.0396117979401470E-010   1.2233212375763639E-009   4.3604744439722527E-010  -3.6158153644935864E-010  -1.6706300586374948E-010   3.3242317490376687E-012  -1.4347351024542610E-009  -1.1600981761718690E-009   2.8364204002220701E-010   4.2863848161389486E-010   5.4397306525903217E-010   9.0580141344068556E-010  -5.9394283202956726E-010  -7.8128024898756308E-010   3.3623892997643317E-010   2.4170519646766357E-009   1.4616446565882186E-008   7.6400925750124708E-009  -7.1138588982882421E-009  -9.3738733728900813E-009   4.6973601369115473E-009   1.1938773390888818E-009   6.3908255329920531E-011   8.5936725864248122E-010  -1.3143384774093427E-010  -1.5854581924547228E-009  -1.4703175164866712E-009  -9.0935389920583836E-011  -6.0304765698687842E-010   5.8504728135958605E-011  -1.9104818303326669E-010  -8.2173765933178434E-008  -2.4697064301257776E-010   1.1754948114209587E-002  -1.1686336554006704E-010  -2.3791516082179961E-009  -1.3883177964354815E-008  -5.4906503811309750E-009   6.5058271426981243E-009   9.4178164597860121E-009  -4.1266843832529880E-009   1.2999176147810954E-007  -4.7249814897311555E-010  -5.6700738755002165E-002   6.1466557092133850E-010  -2.0325588223494940E-009 -0.17815909694814480        2.0573206186641351E-009   1.0025234700929773E-009   7.4182947494246101E-011   6.6244916274018002E-010  -2.4279353519522489E-010  -1.4158647890560609E-009  -1.1022289156356972E-009  -7.4937497492712521E-011  -3.7349963081193579E-010   2.6412821284419461E-011  -2.1536952140667244E-010   2.9887835166613875E-008   6.7032534006683994E-009   3.4789756330272099E-010   2.2358365629218059E-011   2.2835235956846051E-010  -6.8708706478912931E-011  -4.8806825071330836E-010  -3.9804356625548709E-010  -2.8000217743819008E-011  -1.3689581137563182E-010   1.5227075605468882E-011  -6.8167355633421917E-011
   1.0172749707588830E-008   5.6310317457470106E-009  0.15995197901007366        3.4366478514522268E-008  -2.7428628171086877E-009   3.5727311139025274E-008   1.1661931287845684E-008  -1.7028754488016389E-008   4.4547689546111878E-009   1.9771610230572233E-008  -1.3286767825853228E-008  -3.3224252927084743E-009  0.31301263643278476       -4.1147649253599933E-008  -9.6104194087447364E-011  -1.0200502210252269E-010   2.1426031273923616E-009  -2.6426055187019197E-009  -1.8321290787696253E-009   2.7715452777208677E-009   1.1942448080664965E-009  -1.3234403029520943E-009  -1.5002561152042300E-009  -6.1077051138608592E-010   1.5147073573728629E-009   2.5726881617259224E-010   3.4934977008748478E-009   3.7982382572696532E-010   4.1129250713490720E-009  -1.8944882423742869E-009   3.5881802741242337E-009  -9.5354397128756240E-009  -1.9704962510711970E-009  0.26702357806040466       -9.8803209947497505E-011   4.4936542238929283E-010   8.0772971381724208E-010  -2.0795906400595694E-010  -8.8517836047126444E-011   3.8152438360862284E-010   5.2389203745710703E-010  -8.4891206656517845E-010  -1.3057624394548675E-009  -1.7498840810485323E-010  -4.3896324804441827E-010   6.0417010873087019E-010   9.7905853028489816E-010  -5.3819264716602907E-010  -7.7454228290077602E-010   8.3057207739879999E-010   7.9037533775061186E-009   5.7161757332917014E-009  -2.5436630456249628E-009   1.1482816635680190E-009   1.7132531842702167E-009  -2.7146990713025864E-010  -3.8050029930267301E-010   1.8443534128924490E-010  -2.1426818590937267E-010   6.6846169026821990E-011   5.7849294546008067E-010   5.5659113292499658E-010  -4.4916984593939913E-010  -3.6625857351472710E-010   1.9706583324239423E-010  -6.0587886876993912E-009  -1.5438383128835182E-009  -2.5362484363863703E-010   1.1754948768055834E-002  -1.8588826825372868E-009  -5.7978261974711741E-009  -6.3458349090296737E-009   1.5270804043265998E-009  -3.7358333990110586E-010   3.3179910849025703E-010   1.0451225671379145E-008   2.2167951254587826E-009   4.2020613799783508E-010  -5.6700739825613966E-002   5.9899281905316809E-009   1.2572395717279810E-009 -0.17815910002450916       -5.2782152079774848E-011  -2.6907162304624927E-010   1.7741694864952438E-010  -1.4798584448112581E-010  -6.6584683825769313E-011   2.1880088041416235E-010   3.6073519058272032E-010  -3.3069624981002494E-010  -2.1490698599487338E-010   1.1419577034591461E-010   2.4343283782677800E-009   4.6122947686271200E-010  -3.7251999866941108E-011  -1.1740500913216875E-010   5.2394352862313737E-011  -3.5719545136235680E-011  -8.6937967704417129E-013   8.5698187266798853E-011   1.4468645760377803E-010  -1.1936675385382353E-010  -7.6712665454109600E-011   4.9886144697298876E-011
  -1.1986365087350810E-008  -1.6332378360641719E-007  -1.3836819527009648E-008  0.11670857972108754       -3.7247060321649632E-009  -8.0947778598002508E-009  -1.4687623443876090E-009   7.8201484855828218E-009   5.9414012202491826E-009  -4.0957414101659424E-009  -4.1695481144092879E-008  -4.6058127631843868E-007  -4.1147649253599933E-008  0.55934319718705161       -8.5202739727152316E-009   1.5620196114879179E-009  -1.9849236091088655E-009   1.0425667990908212E-008   1.0032759191284285E-008   1.0054949143871670E-009  -4.1607629738193545E-009  -5.7280948814503322E-009   4.0204392498980566E-009   5.7489279082100588E-009   2.3757533184688937E-009  -4.6425697831499683E-011  -1.2380688344853075E-009  -1.0549190428895557E-009  -4.0827146288371025E-010  -1.3231355944032648E-009  0.67055933746055996       -3.7527665719629543E-008  -4.2806099630958011E-007  -4.2761533111350934E-008  -5.2109339488027298E-010   1.1101644315701452E-009   5.1312571492893868E-010   2.8096918559429034E-010   9.9849554587499488E-010   6.3452834328170666E-010  -6.2572625846037654E-010  -1.3991400092467578E-009  -6.4994147887080541E-010   5.2973174039645359E-010   5.3996225183409762E-011  -2.7270423552883372E-010  -3.7568175658621033E-010  -4.7153049893676259E-010  -1.4723988099243567E-010  -1.9525901156572207E-010  -2.6095443083104456E-009  -1.0054590532982326E-009   1.8334590018906585E-009   1.4284033640197223E-009  -1.6416359615274487E-009   3.3854946183904575E-009  -3.1057673928462705E-010   1.1433725430867135E-009  -3.3971411667884867E-009  -4.3383190259089185E-009  -1.1450114684074512E-009   1.1041282835535828E-009   1.3026850673697660E-009  -1.1705875158235617E-009  -1.8231919126544110E-009  -2.0193475749422419E-002   6.7425375549972142E-010  -3.0718129710428843E-008  -5.6129655974995928E-009  -1.8267915313910879E-009  -4.0610238319536058E-009  -5.6359723757563755E-009   2.7524886813061693E-009   2.3088289828847289E-009  -9.2577235875037180E-010 -0.58953097364921947        7.0627468367336513E-009   9.1341756153076787E-008   9.5802222259090356E-009   2.3355014026535694E-008   2.8072146723184845E-007   2.8030348505711405E-008   1.7380357046005182E-009  -1.8727030640902210E-010   6.2984732281551198E-010  -1.6184285228912702E-009  -2.2629765892161904E-009  -7.1340219362324069E-010   5.4723990553701667E-010   4.9617435441556238E-010  -5.4691125681389690E-010  -8.3928906176859720E-010 -0.17700301591424455       -5.1752946310067237E-002   8.4371021439575687E-010  -9.6751938520582625E-011   2.8449645677103461E-010  -8.3179175667954757E-010  -1.0807059168468042E-009  -3.0016903951608018E-010   2.8733809371838544E-010   3.0328113296756378E-010  -2.8874533449934755E-010  -4.3810495389151477E-010
