  0.10637490036453678        4.6625657952601193E-009   1.9773699902898409E-008   6.4021272713625887E-015   4.4100252254261930E-002  -5.5056332650037683E-010  -2.9925336227986670E-009  -8.0175155234291936E-017  -4.8151811415512088E-017   1.3635662562795220E-017  -9.1911479462322937E-017   6.0505440533750125E-018  -9.9574319133132197E-017   2.6471985804076049E-014  -1.5290275030901237E-016  -5.0082089173407814E-016   9.6371836818648649E-017  -4.8284247947233145E-016   5.7031138189222156E-017  -1.0430960587597199E-017   6.0158330652181520E-002   7.0767455263540984E-010   3.4493954352437459E-009   4.1546748701886589E-010  -8.5283597374250052E-011  -5.2701149717470808E-011  -3.5966902011009059E-010  -2.5714238263462821E-010  -1.9770384168985838E-010   1.0929981406734428E-011  -1.5645649192785601E-010   7.0620754127079816E-011   1.5589481165387594E-010   2.5348284014552657E-014   1.5198265037179248E-016  -1.7720063095026542E-015   3.5402355389043049E-016  -8.5142041083295484E-016   2.3882022993145934E-016   5.9093550268386012E-016   1.3194334384500387E-002  -6.0053297451131290E-011  -2.2671777890172819E-010   1.8146251341791349E-017   3.4555763957860670E-018  -1.0104548875670190E-018   8.1003527699217562E-018  -1.0689690841436210E-018   9.0091993750844619E-018   3.7790475409511073E-018   1.6548890155348574E-019   9.2577249044721439E-019   1.7362165632625964E-018   8.9347215683511908E-018  -4.8736885969268825E-018   5.2726134808797260E-018  -4.6449229182343609E-018   9.7527190316071702E-018  -4.3952127369422216E-011  -8.6434504487853530E-011  -2.2818634743203515E-010   1.1721058771531504E-010   2.4829429195151549E-011  -5.8250803855201043E-011   5.5987131456525921E-011   4.2002183568270726E-011   1.1320395706813912E-011   1.3877046656843288E-010   1.4000155582452237E-015  -1.2387423314916497E-014   2.4710410015954095E-015  -5.8766536992991175E-015   1.5701301119161383E-015   4.4521070210222930E-015  -1.5937487346319630E-015  -3.8594746245683535E-002  -6.1747227161070379E-010  -2.5459705886052089E-009   7.9192771410826337E-011  -7.3487663025301349E-012   6.2241725936150327E-011  -9.2268776926034111E-011  -3.3346234260597711E-011  -1.3986697146869441E-011   1.8461468845700693E-012  -4.0706241285003822E-011   4.8718479426412192E-012  -1.6052559604350973E-011  -2.3315639512693947E-014  -6.0991597499985874E-003  -5.1150101936817592E-011  -2.3161087390505522E-010  -8.8362142089521278E-015   1.1037560557430412E-011  -3.3610590582084885E-012   9.7222616884910112E-012  -1.2875435680254777E-011  -2.1075034516467131E-012  -1.9279448268960275E-012   2.6087737240306297E-012  -6.2704530024853113E-012  -1.3880688315663264E-013  -2.5726457250910431E-012  -3.8004673363799754E-015
   4.6625657952601193E-009  0.10637487897739800       -4.1836305499916282E-009  -2.1639040499127296E-016  -6.1573456443030124E-010   4.4100255155208122E-002   6.2899609198468025E-010  -2.0798483005361246E-017  -1.6312167049758875E-017  -1.2661294564176594E-017  -1.0676752120067213E-016  -3.8026006663557587E-018  -8.1037771885284269E-017  -9.3645419608820196E-016  -7.1741446443543689E-017  -1.5496790474631660E-016  -1.3949168486087673E-016  -4.9368449982807883E-017   3.0780642472680988E-017  -2.8421962540604641E-016   6.7791721275886774E-010   6.0158327223680239E-002  -7.9156036360269092E-010  -1.7031515926153188E-010   6.1107635208131885E-011   7.8448043031753217E-012   2.8944840995357740E-010   4.8281583289100082E-010  -6.0948177069063385E-011  -2.0374921124623603E-011  -3.2105592901369283E-010  -3.3790736656969595E-011   2.3345330261006867E-010  -1.8347901884707895E-015   3.8325911309526936E-016  -5.3681119721837303E-016  -4.8082711089569308E-016   2.6135725927455259E-017   3.7263291189224787E-017  -5.7893873762123365E-016  -7.2412840752195911E-011   1.3194334626478028E-002   4.4574526204207819E-011   2.4078983657767422E-018  -1.5290170984724235E-017  -4.7821613780106638E-018   1.0445839805718920E-017   2.8601649461292340E-018   3.4226547980271522E-019  -1.6427685014258156E-017  -2.0558760043178711E-018  -8.1387692033735135E-018  -2.6607302160013132E-018   2.2536326670411541E-017   6.7126158349647056E-018   2.6438992966033060E-018   6.5741294401005009E-018  -8.4908687833444166E-018   2.6571157487980366E-012  -1.0324931830757391E-010  -1.9194607954782956E-012  -1.3436925312396161E-011  -1.6617367980320707E-010   9.8679374924786525E-012   1.3669974675877820E-010   2.2462267248323697E-011  -8.0175034491893644E-011  -1.5311567245870267E-011   2.8739941258493725E-015  -3.9946002351446974E-015  -3.4480532462508288E-015   9.4571245621119503E-016   4.2935880838841097E-016  -3.8302788497764279E-015   4.1631525460425836E-016  -5.9230872792699370E-010  -3.8594743479688456E-002   5.3688025502410705E-010  -3.6048350148714962E-011   3.7399930560432449E-011   3.7922352718248851E-012   6.0061871107739821E-011   1.0746196037266062E-010  -1.1699198904016095E-011  -5.7999040483313420E-011  -4.4993382275096437E-011   4.0409410002407937E-011   3.0709656454453150E-011   3.5668057424698762E-015  -4.7001384731110851E-011  -6.0991595074857304E-003   5.1732696924530618E-011   2.0060590129471574E-015  -6.4747376048694283E-012   5.0783562728037204E-012   9.7810301346831988E-013   1.0293760766416081E-011   1.1384554360685178E-011  -1.6069818026127817E-012  -1.0714089232797817E-011  -4.1091940334549758E-012   9.2925343068727338E-012   2.3332986544625188E-012   2.2708345854569652E-016
   1.9773699902898409E-008  -4.1836305499916282E-009  0.10637490061860355       -2.1184860411986084E-015  -2.8754142620335951E-009   7.0005454323257038E-010   4.4100252193862099E-002   2.2308386473297878E-016   3.0268203275337438E-017  -3.9077719958604594E-017   1.8028964372510232E-016  -1.2560961284288570E-017   1.7684316476248015E-016  -1.0056013099994478E-014   8.3206767190273581E-016   1.1089463979978626E-016  -2.6285865672750997E-016   7.9206955826536710E-016  -3.4679924726457987E-017   7.8269786815924817E-016   3.5202086924876017E-009  -7.9965987955191656E-010   6.0158330707552284E-002  -2.9876315364646731E-010   8.8937837364526751E-011  -3.8192953138859127E-010  -1.1164126496668864E-010   1.2432639794606648E-010   5.1247327057463180E-010  -1.3658361555294750E-010  -2.8879477309478872E-010   9.4304705845124469E-011   4.9989458527274996E-010  -2.2821014338606232E-015  -8.9797274490877058E-016   4.3761608802090711E-016  -9.4800916528944938E-016  -1.2074163981133678E-015  -1.0075459816032097E-016  -1.1586787567520728E-015  -2.0361618666146374E-010   5.4294414816111323E-011   1.3194334413296366E-002   3.2322879409526119E-016   4.2221213124333735E-017  -4.6401623185329435E-017   1.7897753250537483E-016  -1.4423604315423933E-017   1.6173495368432123E-016   4.2188481850065528E-017  -1.9653524328538382E-017   1.7744989189291288E-017  -4.5468057504828477E-017   2.8692090350346299E-016  -3.2572438169107879E-017   1.4951511822625794E-016  -3.2899702029928344E-017   2.2591422832546073E-016   1.0579966502683479E-010  -7.6701979599297610E-012  -5.8108969067711143E-011   3.6966502758483488E-011  -3.9844925263023997E-011  -1.7891143051433159E-010  -1.2853975987656456E-011   1.3426267835877138E-010   2.4915383947723656E-011  -5.6792794699573051E-011   1.6929669574534189E-015   3.5699091318587541E-015  -7.2517698425608925E-015  -6.2591381658836024E-016  -1.1880269732325882E-015  -8.7353974818561128E-016  -1.5038703060855228E-015  -2.5970118405643740E-009   5.2457007651240587E-010  -3.8594746258003035E-002  -8.0281949417027113E-011   1.1881415599093851E-011  -4.7127996226669036E-011  -3.6718077822831095E-011   2.4123196683127567E-011   1.4442774691125436E-010  -1.2677845050439509E-011  -8.1405169637144103E-011   5.1278353637515257E-012   9.5794474514532873E-011   3.4245309431674571E-015  -2.4004990632882280E-010   4.9711342265598009E-011  -6.0991597572465075E-003   5.1578480499569508E-016  -1.1238560729132425E-011   9.6245293388747071E-013  -6.2307626597888004E-012  -6.5153418365467675E-012   2.3869407235960188E-012   2.1593370190979958E-011  -4.6397710096039047E-013  -1.0429485604082653E-011  -3.3996401602010213E-013   1.2415493791248772E-011   1.0740485556289190E-015
   6.4021272713625887E-015  -2.1639040499127296E-016  -2.1184860411986084E-015   3.5067295243909356E-002  -9.5216937113235442E-015   7.0017477891252085E-016   3.1414553142872157E-015  -3.0812088718540923E-009  -2.1172453264213333E-009  -9.6500616343343831E-009   6.2661582917046818E-009   1.3086966350506094E-009  -3.1847997536114287E-009  0.14779483334549284       -1.7997468994525028E-009  -1.4317043959667299E-009  -5.2503381638693441E-009   3.5350539954118944E-009   9.4271038210144902E-010  -1.7347296952251588E-009   6.0814668429743018E-015  -4.2467577928507646E-016  -3.9013554522090093E-015  -1.7957964168983802E-016  -1.8969528392645171E-016  -7.6637843952495681E-017  -5.2855131981391663E-016   6.0843684609443109E-017  -1.4362969660599445E-016   2.5697453862600426E-016  -8.5849170520654884E-017  -7.1777890410227851E-017   3.3066283267524897E-016  0.14805115127722288       -1.5785337421589629E-009  -9.4806655673906129E-010  -4.9609917181370280E-009   3.3887899041551452E-009   4.0703948131730460E-010  -1.8109248054341114E-009   1.2791157876918732E-015   4.3637088388390704E-016   1.7154809464914591E-015   5.3165465196012584E-011  -6.5055179150037711E-011  -4.9732369228516027E-011  -1.8359607440137406E-011  -2.0014348052317738E-012  -7.4840451827185956E-011   6.3603659501262938E-011  -1.2523825577173653E-011   1.9473402820219736E-012   5.9067197295291485E-011   5.5801519780439226E-012  -1.5493467908268302E-011   8.7467481880776688E-012   1.6985293751059534E-011   3.7733233080499751E-011  -1.6019525452436820E-015   5.6759054946755384E-017  -8.1905698063414400E-017  -1.8720845585158010E-016   1.1725994684841952E-016  -6.4312252106072685E-016  -2.4091787203525046E-017   1.3776964201086567E-016  -4.7038511565330864E-017   5.4997750951121941E-018  -5.6986945573619981E-009  -3.2399579366509893E-009  -1.8016916386041759E-008   1.1877283211145189E-008   1.3179450856078577E-009  -6.1785890388279497E-009  -7.4583799702560476E-003  -1.5671857644488522E-014   2.9068984445921883E-015   1.8215795585378057E-015  -2.9165532364744196E-016  -1.7445793482919809E-016   9.7192111087740194E-019  -5.5059613124215805E-016  -1.3640148159364119E-017  -1.9212468668495848E-016   5.7800290377532369E-017  -1.1741302698916732E-016  -5.6770539643902305E-017   1.0565883820678608E-016 -0.12455095793475524       -4.4056383143086126E-016  -9.7143531947090610E-018  -1.9258092132186388E-017  -4.4397095838898518E-002  -4.1562070763704669E-016   4.3828924770297686E-017  -3.2375345416918592E-017   2.9676979279739728E-018   2.8513821292817166E-017  -1.5881265839086713E-016  -3.9624882934921123E-017   5.1439933120234630E-017  -1.4746113097187014E-017  -2.1188167569757964E-017  -2.1776157928592593E-002
   4.4100252254261930E-002  -6.1573456443030124E-010  -2.8754142620335951E-009  -9.5216937113235442E-015   1.8283651531710254E-002  -1.2838956852979407E-009  -5.8277353227230403E-009  -4.0341303636262964E-017   6.3467122098394536E-017  -1.2647363657171147E-017  -1.2501596372653522E-017   7.5363334266249876E-018  -5.7988188660173456E-017  -4.0271225440516617E-014  -2.4324745584500761E-016   6.8700925927248992E-016  -1.7725698373444206E-016   1.7289019273720256E-016   6.3548386268085338E-017  -1.9537256994581604E-016   2.4941378329257101E-002  -1.1484583759717816E-009  -4.8341263314148872E-009   1.7207795895885516E-010  -3.5564325922174842E-011  -2.2509331130398972E-011  -1.4875937213086104E-010  -1.0652552894988845E-010  -8.2092713654618077E-011   4.6592503359137428E-012  -6.4723065635036265E-011   2.9313807620210977E-011   6.5018323705538695E-011  -4.0869251208601717E-014  -5.0212171590601212E-016   2.4072067523867852E-015  -6.0084958593359634E-016   8.9199510312853912E-016   2.4377627445394833E-016  -4.3498433838433361E-016   5.5105641121548322E-003  -3.1535033765774769E-010  -1.3754946287591120E-009   7.8675938627107798E-018   1.3196376962407020E-018  -2.4011395934191787E-019   3.4751430648001385E-018  -4.2142813175224815E-019   3.1494595540959473E-018   1.7696702098195102E-018   1.1982740355061311E-019   3.8468290605621551E-019   4.8033843420705776E-019   3.7086714757599994E-018  -2.0250575445536060E-018   2.2884766884819218E-018  -1.8576985081174886E-018   4.6012118842898749E-018  -1.7840201872413549E-011  -3.5661960752173687E-011  -9.3721727744324447E-011   4.8039785723670011E-011   1.0176787261070450E-011  -2.4108274135897109E-011   2.3137894006072681E-011   1.7139067530013806E-011   4.6194278860820370E-012   5.7080095936276211E-011  -3.4730103069253440E-015   1.6923666467307128E-014  -4.2484906793129349E-015   6.3811359336860056E-015   1.6715837602013009E-015  -2.9181058379517806E-015   2.6118660087220654E-015  -1.4730422688462965E-002   1.4118947021028220E-009   5.6029826252973123E-009   3.2792443614406881E-011  -2.7642122097324270E-012   2.6162446097002213E-011  -3.8318184119977658E-011  -1.3930065650023327E-011  -5.6805718359571928E-012   5.6876082691195888E-013  -1.6870343106494376E-011   2.0011173017816763E-012  -6.9263209866121736E-012   3.7702915953910813E-014  -2.5286239450528804E-003   1.2465400284196112E-010   5.3781576095046862E-010   1.4559593076676571E-014   4.5278532726194681E-012  -1.2445483747091239E-012   4.2499011299813464E-012  -5.3758631947804846E-012  -9.1747696942104776E-013  -6.9672161158223837E-013   9.7223143578195234E-013  -2.5882350839860631E-012  -5.9766303069837348E-014  -1.2384577581714150E-012   5.9817216735052129E-015
  -5.5056332650037683E-010   4.4100255155208122E-002   7.0005454323257038E-010   7.0017477891252085E-016  -1.2838956852979407E-009   1.8283657608818872E-002   1.2693661770437840E-009  -3.6183883318565876E-017   3.4997766849803965E-017   3.4865826223173946E-017  -5.9113651349168736E-017  -1.8569690382381366E-017   1.1338146974774709E-017   2.8938581846070475E-015  -2.9770266062206297E-016   4.2037843578917361E-016   3.9663560943600392E-016  -2.3512818310240857E-016  -1.8753248577377644E-016   3.7444226147723421E-016  -1.1239394831399533E-009   2.4941383565064573E-002   1.0488909663082450E-009  -7.0556484300779569E-011   2.5048410356260114E-011   3.2308802829299877E-012   1.1989112100471212E-010   1.9968137799647635E-010  -2.5230297780950015E-011  -8.0463292046107351E-012  -1.3300225049239218E-010  -1.4261059213543516E-011   9.6725662741429643E-011   2.6001246626301854E-015  -8.2752922998864661E-016   1.4610625306976677E-015   1.3917929945175616E-015  -7.3416269034780926E-016  -6.8025754371671548E-016   1.4631960826615521E-015  -3.1241538813358470E-010   5.5105655658015153E-003   3.0303868187794115E-010   4.1632754034914067E-018  -6.5448750103290963E-018  -1.7169274109292179E-018   5.8305453214227173E-018   9.5336657740824132E-019   1.9048231886046824E-018  -6.6868979715956776E-018  -7.2186549343711434E-019  -3.2978510275954904E-018  -1.1122877431130119E-018   1.1614840631656041E-017   2.8526681452530367E-018   2.4988534599159142E-018   2.7827020242387667E-018  -1.2276700059773728E-018   9.0542172620048775E-013  -4.2437468758328609E-011  -7.4096767430528137E-013  -5.2370701205684466E-012  -6.8275852736565076E-011   4.0206242292133595E-012   5.6103278556283903E-011   9.1296861082938280E-012  -3.2842518823926425E-011  -6.2525276306894691E-012  -5.6326671524041583E-015   1.0184138919997968E-014   9.7443467674905258E-015  -4.8094067283723677E-015  -4.7136721072627942E-015   1.0435121871546616E-014  -1.0771782205002705E-015   1.3978982890806534E-009  -1.4730428864704177E-002  -1.1659168874360828E-009  -1.4892996934929005E-011   1.5659444881381270E-011   1.5861250882737917E-012   2.4848154201542425E-011   4.4826472258976169E-011  -4.8676260347094723E-012  -2.4153357166105019E-011  -1.8762042006005953E-011   1.6743710008835205E-011   1.2802227806758451E-011  -7.9906230311346241E-015   1.2263724618756845E-010  -2.5286245180107803E-003  -1.1795487859522353E-010  -4.6753619023177364E-015  -2.6254386415296324E-012   2.1899227884777990E-012   4.0453923237807717E-013   4.1894332525984406E-012   4.8923378365600196E-012  -6.6703462619399804E-013  -4.5115028060644964E-012  -1.7414231067944725E-012   3.8614800513607136E-012   9.9625540670910726E-013  -3.9064686400016280E-016
  -2.9925336227986670E-009   6.2899609198468025E-010   4.4100252193862099E-002   3.1414553142872157E-015  -5.8277353227230403E-009   1.2693661770437840E-009   1.8283651437837379E-002   6.9382429172037145E-017  -4.5276262629233847E-018   5.6562411999266779E-017   7.7907812975209198E-017   2.3730767979846088E-018   9.1594364569316979E-017   1.2774635252146644E-014   1.2409115246639287E-016  -1.8257043480398739E-016   7.5256768779647941E-016   3.7060069764726408E-016   2.9123406567835882E-017   5.0637994104859066E-016  -4.8710012814864636E-009   1.0053448483247819E-009   2.4941378258478548E-002  -1.2352665876681104E-010   3.6848001092973650E-011  -1.5847390566375678E-010  -4.6144947704732111E-011   5.1424732458833014E-011   2.1187300816304843E-010  -5.6681558828922053E-011  -1.1935309466322617E-010   3.9196803964997957E-011   2.0706598074746183E-010   1.6050786805456660E-014  -1.1739405259506277E-015  -5.9099514157025241E-016   2.5827720757446468E-015  -3.5700030631101580E-016   1.3381097639725903E-016   1.5946560648452130E-016  -1.3804349542519653E-009   2.9816861290339436E-010   5.5105641004085200E-003   1.3650498589393288E-016   1.7372943532113939E-017  -1.8915352197294253E-017   7.4775514673595326E-017  -5.8208534958076588E-018   6.8152477974366449E-017   1.7678809591250526E-017  -7.8497929604207961E-018   7.2225438831766749E-018  -1.9172769408395255E-017   1.2074298198509877E-016  -1.3667449689281329E-017   6.3799678561162481E-017  -1.3700681370507395E-017   9.5557612760077535E-017   4.3306689833111108E-011  -3.1228963766311665E-012  -2.4018269813073248E-011   1.5052410793942215E-011  -1.6349333705863641E-011  -7.3154347091918710E-011  -5.2335496218586643E-012   5.5166086186639680E-011   1.0144345604932723E-011  -2.3229324965641132E-011  -4.8640755024556987E-015  -3.9764911921827212E-015   1.7943282056178480E-014   7.8235166091026668E-016   7.1283187980702337E-016   4.1600375176713498E-015  -4.8724187882231987E-016   5.6245603694102302E-009  -1.1479447599287179E-009  -1.4730422728406746E-002  -3.3363343505603221E-011   4.9419901868141236E-012  -1.9320483931337475E-011  -1.5215097215569685E-011   1.0103800108980722E-011   5.9976772129439026E-011  -5.1828901953540582E-012  -3.3876653035476636E-011   2.0116425670585717E-012   3.9647243883460312E-011  -6.5106025804267020E-015   5.4103209751430943E-010  -1.1471863690848384E-010  -2.5286239385340545E-003  -5.9473053206773154E-016  -4.7040790295855029E-012   3.9947164229752472E-013  -2.4627037585007592E-012  -2.6889290415754084E-012   1.0287834082789150E-012   9.0000793292909503E-012  -1.6646405887205743E-013  -4.4201334607766355E-012  -1.7613544152431283E-013   5.1292848157614234E-012  -2.0601610758787087E-015
  -8.0175155234291936E-017  -2.0798483005361246E-017   2.2308386473297878E-016  -3.0812088718540923E-009  -4.0341303636262964E-017  -3.6183883318565876E-017   6.9382429172037145E-017   2.1546912960638424E-005  -3.6208558396181216E-012  -2.7598601837905045E-012  -1.0773457540122589E-005   8.7213652558180067E-013  -1.0773455420315105E-005  -1.2955826344478242E-008   2.4201154770558372E-004  -2.5832205676846652E-011  -2.7092828938849360E-011  -1.2100578679702854E-004   2.7434453195741844E-012  -1.2100576090709685E-004  -1.7127873380276383E-017  -7.5229660964033035E-018   7.5328312150423061E-017  -2.8977258809679949E-018   6.5634827516903480E-019   1.4563240002277089E-017   1.5788166154100108E-018  -8.3628387911252190E-019  -1.5571865258577518E-018   2.8990668996154254E-018   1.3275415390838917E-017   3.2245099192225690E-018   2.4793943069401728E-017  -1.2780547206431897E-008   8.4454437715335089E-004  -7.5583443559406547E-011  -5.0931846580158811E-011  -4.2227219644478320E-004   2.7634440400380830E-011  -4.2227218071095907E-004   3.3925719395311396E-016  -1.6296934161353100E-016  -1.2091227186571682E-016   2.6873696134749094E-012   2.3076091684769834E-012   9.0741444893845672E-012  -5.3113096992838504E-012  -1.5395925430751985E-012   5.9154374074311301E-013  -1.7518705728597835E-012  -3.0105627586574613E-012  -7.4560731150009298E-013  -6.8302065776441154E-012   2.2883735401461878E-012   8.2007295457318428E-013   1.2920986084375152E-012   3.2747785828602754E-013  -1.0719957161070790E-012   2.1655978339010659E-018   4.6931967530220971E-018   5.5906690658851108E-018   1.0102438260385157E-018   1.5221887143464919E-018   1.1585457633135187E-018   5.0916034746010984E-018   6.4263869841738418E-018   3.7594882041266851E-018   1.5958489475930053E-017   5.9350181740021246E-003  -4.9287025579432766E-010  -4.0340153473675570E-010  -2.9675092263389694E-003   1.5572718058329009E-010  -2.9675089476628447E-003   7.1277484088998860E-010   1.1528238307708054E-014  -4.1979084800738696E-015  -4.4584569013260192E-015   7.8659955756580315E-019  -2.4520067993338853E-019   1.8079844437750131E-018   1.6659354489594252E-018  -1.4533422834269306E-018  -1.0869982804886753E-018   2.9738873946871916E-018   6.2616449561464681E-019   2.3724945634616876E-018   2.1432032056788645E-018   1.0957860647686489E-008   5.6679616387421178E-018   3.7836464142698633E-018  -9.4371997827597008E-018   3.9636681927944074E-009  -9.6012064500211747E-019   8.0101739905741831E-019   1.2067270393900050E-018  -2.3293269328991578E-019   7.8733246642447699E-019  -5.3052072264232660E-019   2.4901936197000152E-018   2.2223613638364226E-018   5.0992345147924047E-020   3.3800461449639685E-018   1.8871200077813033E-009
  -4.8151811415512088E-017  -1.6312167049758875E-017   3.0268203275337438E-017  -2.1172453264213333E-009   6.3467122098394536E-017   3.4997766849803965E-017  -4.5276262629233847E-018  -3.6208558396181216E-012   2.1546912345118799E-005  -3.5322299479630870E-013   3.6546168520911209E-012  -3.1823916263226576E-012  -3.3780886111640801E-014  -8.9202087569218765E-009  -2.5819527431581768E-011   2.4201155081060173E-004   3.4915124539029202E-012   2.0430757823192069E-011  -3.3087509113360291E-011   5.3886805534073091E-012  -2.0290397151053632E-017   3.7294468771026934E-017  -1.2941482869018514E-017  -5.5586047763253487E-018  -1.2175631040492400E-017   5.1489255233111805E-018   3.4140478378052295E-018  -1.7917437820447199E-018  -3.7569917327904222E-019  -3.6860255166193715E-017   7.9219575186380498E-018  -1.2676947933668677E-017   1.0970715997470502E-017  -8.7840464373612793E-009  -7.5578950219905643E-011   8.4454434234400397E-004  -3.6849759669318269E-012   8.0984304079582676E-011  -4.5414729928068702E-011  -5.4052048024672729E-012   1.6666512695802208E-016  -2.3504128911042964E-017   1.5986910168060287E-016  -2.6173715868488371E-012   5.5006463034192240E-012   1.1994695134155577E-012   4.8203703622402170E-012   7.3543042629766971E-012  -2.2268289846094833E-013  -6.9437355384926998E-012  -2.1180074178702770E-012   1.9361107737231518E-012   3.7919992998644713E-013  -2.2254431071820300E-012  -3.0463192047741725E-012  -9.1114706371156810E-013  -2.4352571492758913E-012   6.4543786280571988E-013   2.3229994741045458E-018  -1.2712244034496576E-017   1.1880601238391416E-018  -5.1758058226069678E-018  -1.5844591215148405E-018   3.5933312257072094E-019  -3.0572537260745035E-017  -1.8716255602639261E-018  -1.4524129916548336E-017  -4.7425812615166274E-018  -4.9267313288007001E-010   5.9350181021788594E-003  -5.4958936023889695E-012   4.8538201233944771E-010  -4.2224228669040663E-010   7.2911398840712046E-012   4.9217044734711225E-010   5.0490388849982826E-015  -1.8539258529552513E-015   4.1206291927266601E-015  -3.0490443342878942E-018  -2.6299396252700688E-018  -2.6642291887335134E-018   3.9332815172896550E-018  -7.0175549074135772E-019  -2.1138549524527182E-019  -8.3509806664752928E-018   1.4623481167127159E-019  -3.8402444526532815E-018  -5.4862918308477168E-018   7.5440792743690792E-009   5.2386172165630245E-019  -3.7599311313750584E-018  -2.4893646311387042E-018   2.7315451848831071E-009   1.0141354373042749E-018   2.6909179551136958E-019   1.6684505103106315E-018  -1.4377321560842173E-018  -3.7033728358804021E-019   7.8856546227106742E-019  -2.3604688602140252E-018   2.3786403169113872E-019   2.7722630002145969E-020   2.2792144561571435E-018   1.2976085973371356E-009
   1.3635662562795220E-017  -1.2661294564176594E-017  -3.9077719958604594E-017  -9.6500616343343831E-009  -1.2647363657171147E-017   3.4865826223173946E-017   5.6562411999266779E-017  -2.7598601837905045E-012  -3.5322299479630870E-013   2.1546905740045431E-005   1.1316999251390922E-012  -8.9303314655891980E-014   1.6281713568761554E-012  -4.0564967982577130E-008  -2.4963475056123429E-011  -1.6738456387010556E-013   2.4201149486994416E-004   2.1462204784930226E-011  -4.6141765962322106E-012   3.5015512906957684E-012   1.4590293779590862E-017  -4.8167814665656701E-017  -6.7584149033933570E-017  -4.2915279276615814E-018   2.6405664584548074E-018  -3.6997045653582729E-018  -1.3292112974906679E-018  -5.3151840367238182E-019   1.3043810229204031E-018  -9.1747103559553858E-019  -5.1409081321618080E-018   4.5935433034845474E-019  -7.4352003871572833E-018  -4.0039329169665412E-008  -4.4260848999698198E-011  -1.5881615462061028E-011   8.4454422670226788E-004  -4.0816191348410635E-012   4.9006277577192699E-012   4.8341596893485034E-011   4.3127365851803973E-017  -4.6263493516871120E-018  -1.8327589035271237E-016  -6.2991911208714602E-012   1.2265924743059033E-012   3.1648912284075509E-012  -1.3185561223150585E-012   2.4924437064713356E-012   1.2384045414076544E-011   7.8230670071703547E-013  -3.2427704006899512E-012  -2.6952330721973814E-012  -7.4793070238514604E-013   1.8087124757203670E-012  -1.0077882047836645E-012  -1.8584455849042930E-012  -8.4997426600669963E-013  -5.9918398046336016E-012   8.7928394481836686E-019   1.7390759507145660E-018   1.0119565720228043E-017   9.0477665183615344E-019  -7.8984226080090701E-019  -2.1929499713230003E-020   6.6042884939798687E-018   1.4784136551865053E-017   1.9921081585086346E-018   2.6599867372703660E-017  -3.5632893831157034E-010  -9.1120908466671842E-011   5.9350171914217421E-003   1.5516754315486044E-010   5.4446446817765007E-012   2.0116136150755237E-010   2.2228709576660011E-009   1.2552831613025146E-015  -6.8854282926281552E-016  -4.9904744783239049E-015   2.6243288875366343E-019   2.8501820599900235E-019   5.6948152823860949E-018  -1.9213944464650677E-019   8.7877644062789025E-019   7.8686624268651488E-019  -1.5165174873524105E-018   3.5846491635077723E-018   3.5474120024182676E-021   1.2974946600264678E-017   3.4294886206356589E-008  -1.1047429930147613E-018   1.2732256160104629E-018   6.0019522991570630E-018   1.2394919591137983E-008   5.7818185572020762E-019  -3.5754170477577841E-019   3.0633506448296480E-018   4.1944766699132239E-019  -4.7205239402000584E-019  -4.0234806964748560E-019  -4.5955227001892912E-019   4.4701937208325736E-018  -1.5890215522855969E-019   6.5343196180150502E-018   5.9111240689423945E-009
  -9.1911479462322937E-017  -1.0676752120067213E-016   1.8028964372510232E-016   6.2661582917046818E-009  -1.2501596372653522E-017  -5.9113651349168736E-017   7.7907812975209198E-017  -1.0773457540122589E-005   3.6546168520911209E-012   1.1316999251390922E-012   2.1546912758269967E-005  -3.2488131668417602E-013  -1.0773455218151124E-005   2.6336662746045829E-008  -1.2100578771364619E-004   2.1289463831403798E-011   2.2512046148736115E-011   2.4201156107584332E-004  -1.6762882572156190E-012  -1.2100577336279917E-004  -5.2050929485727347E-017   9.5694638311696689E-018   9.9107728806346645E-017   1.9535469988747313E-018  -4.5212515471051925E-018  -7.1785231492469924E-018   4.2148229500188235E-018   1.3786191475459613E-018   1.4429121106345435E-018  -1.6132836533255821E-017   1.6490499821244511E-018  -5.7682228228403390E-018   3.3025020447299218E-018   2.5992366871676947E-008  -4.2227219962928149E-004   8.3808602215254846E-011  -1.0493328155641455E-012   8.4454434592189944E-004  -1.3173626398989928E-011  -4.2227214629059873E-004  -3.3547205224318336E-016   1.3422396595299305E-016  -4.1551109278030520E-017  -2.2194703601545280E-012  -2.0357161568676278E-012  -1.8844258512010621E-012   4.0319394702312735E-012   1.0367943845536800E-012  -1.3380881923007206E-013   3.1928908942598099E-012   6.5308958836645352E-012  -1.5525028952566682E-012  -2.9834104028018630E-012  -4.4377649829529404E-012  -2.5649931079684874E-012   3.7630866471141340E-012   1.7921991744545407E-012  -2.0663910597903844E-012   3.8587470561814853E-018  -1.7838797865246351E-018   1.2800251280249886E-017  -2.7166787845041227E-018  -2.2768034137628960E-018  -8.0062998033980215E-019   8.4461784779920668E-018   6.7490657904230624E-018   8.0245853338653601E-019   1.8119442828575045E-017  -2.9675092484036411E-003   5.0548925131370338E-010   1.7746520207113202E-010   5.9350181585590620E-003  -7.4380420019736002E-011  -2.9675089101556711E-003  -1.4477904236196386E-009  -9.6381682731450422E-015   6.1404090738437793E-015  -1.0028755401467702E-015  -2.4511380747646196E-018   4.9610145536649492E-018   7.9791217293872319E-019   2.6413159443615273E-018   1.6451163809888765E-018   9.9980121436160838E-019  -7.6743733719480852E-019   5.3613398802620602E-018   6.1924921514947873E-019   5.2395844607142771E-018  -2.2282132692624058E-008   6.2534611919460118E-018   7.3337457211655409E-018  -7.1130137906520575E-018  -8.0594645761438502E-009   2.8220814790796133E-018  -3.4712347412084264E-018   3.3841393275773359E-019  -4.2793541867525630E-019  -1.1538113780480765E-018   4.4535936403252919E-019  -4.9356198107718036E-018  -1.4912443314078396E-018  -2.1274694832105958E-018  -2.0274218209020419E-018  -3.8374556290419055E-009
   6.0505440533750125E-018  -3.8026006663557587E-018  -1.2560961284288570E-017   1.3086966350506094E-009   7.5363334266249876E-018  -1.8569690382381366E-017   2.3730767979846088E-018   8.7213652558180067E-013  -3.1823916263226576E-012  -8.9303314655891980E-014  -3.2488131668417602E-013   2.1546913664903202E-005  -5.4719295733773857E-013   5.5284073808097497E-009  -4.5015281715931933E-013  -3.4656886195331230E-011  -6.2177319059513382E-012   9.2222410951138093E-013   2.4201156079647456E-004  -4.7191771514370575E-013  -1.8281421500687455E-017   4.4424875021115316E-017   8.7103313384880619E-018  -2.9765361617279757E-018  -4.3281131977339870E-018  -3.4755012053301113E-018  -7.7392436050406459E-019   4.5448543587039590E-019   2.1146688588627189E-018  -2.0587763845106700E-018  -5.8252706361209366E-018  -5.4772755946479834E-018   2.3000022172164170E-019   5.4375184559102675E-009   1.6887050059891081E-011  -5.0703702167225406E-011  -2.7417056810586779E-013  -4.4488776327133669E-012   8.4454437235070249E-004  -1.2438131136557504E-011   6.4439424760561879E-017  -2.2741216025759614E-018   1.8581306731458241E-016  -3.0012702302364020E-013  -2.6060114504678346E-012  -8.5631658596264957E-013   5.6115851617566364E-013   2.5270337915311809E-012  -3.3971478170154765E-014  -3.0329355423221880E-012   2.3566117185320415E-012   7.5654419581839328E-012  -9.0020566501400381E-013   1.9141802989742823E-012  -5.7902821440519436E-012  -3.9236471770115358E-012   3.9069787539891997E-012   2.2529610291450335E-012   7.4274325456938803E-018  -5.3574258353921336E-019  -4.2580757637897381E-018   3.5586622775101849E-018   1.5690394090132576E-018  -2.9762763278447831E-018   4.0421096403610597E-018  -7.5318685721023628E-018   2.5195038396251746E-018  -2.1197097440179140E-017   8.0481957011553259E-011  -4.5955860742118190E-010  -3.1260085831852123E-011  -1.2994615188951829E-011   5.9350182798463807E-003  -6.7487303167447236E-011  -3.0251744363101552E-010   2.0035409712222102E-015   1.1760998834618849E-015   4.8422404513564797E-015   8.9461661889267143E-019   1.1459938119354425E-018  -4.1414986096114137E-018   9.6261519879770770E-020  -7.0579740151420866E-020   2.7897972683007300E-018   3.3396824321693807E-018  -3.9321454295877980E-018   1.1738879931260177E-018  -6.7074619216855571E-018  -4.6690768063723306E-009   1.6574239647243921E-018   3.1934377770975564E-019  -4.2819401272006671E-018  -1.6890984208446334E-009   5.5795630524954118E-019  -2.6500050389871888E-018   2.1204348840162630E-018   2.2759179955585368E-019   6.3866053658801584E-019  -1.1917339963347224E-018  -4.8933175347703016E-018   3.8945995011836076E-019  -2.2202785493008616E-018   1.5188426736331351E-018  -8.0352957017615831E-010
  -9.9574319133132197E-017  -8.1037771885284269E-017   1.7684316476248015E-016  -3.1847997536114287E-009  -5.7988188660173456E-017   1.1338146974774709E-017   9.1594364569316979E-017  -1.0773455420315105E-005  -3.3780886111640801E-014   1.6281713568761554E-012  -1.0773455218151124E-005  -5.4719295733773857E-013   2.1546910638269246E-005  -1.3380204907499079E-008  -1.2100575998968285E-004   4.5425187226504609E-012   4.5809078813473616E-012  -1.2100577427885715E-004  -1.0664579209844793E-012   2.4201153426768368E-004  -8.1664223698953744E-017  -1.1609285818866621E-016   1.5111406380056957E-016   9.4417567277195340E-019   3.8649026000360758E-018  -7.3847200234760352E-018  -5.7936396727742644E-018  -5.4233592484187010E-019   1.1427882352696140E-019   1.3233770491189599E-017  -1.4924466061299943E-017   2.5437124250213335E-018  -2.8096442237471426E-017  -1.3211187709341857E-008  -4.2227217751620129E-004  -8.2259372658705223E-012   5.1981615985193829E-011  -4.2227214947726402E-004  -1.4458374230110174E-011   8.4454432699383752E-004   4.9018281687478920E-017   1.2458732470391354E-016   1.5441844933476810E-016  -4.6789925307286544E-013  -2.7189301188569469E-013  -7.1897186382988765E-012   1.2793702289281432E-012   5.0279815850274580E-013  -4.5773492182245436E-013  -1.4410203211296250E-012  -3.5203331250541634E-012   2.2981102067647270E-012   9.8136169805964482E-012   2.1493914428408710E-012   1.7449201533096814E-012  -5.0551852554862181E-012  -2.1196770326409537E-012   3.1383867760368855E-012  -6.0243428912309125E-018  -2.9093152293995048E-018  -1.8390918180481185E-017   1.7064352477609564E-018   7.5461600924718411E-019  -3.5791876394089276E-019  -1.3537784485400230E-017  -1.3175452347060125E-017  -4.5619450768069613E-018  -3.4077934236820332E-017  -2.9675089255431900E-003  -1.2624467172737671E-011   2.2593940085488960E-010  -2.9675089322211317E-003  -8.1329615127186783E-011   5.9350178577642614E-003   7.3502690970146347E-010   9.1828400144726164E-016   1.9462347757898004E-015   2.7442313282212257E-015   1.6645381783301801E-018  -4.7158128301347436E-018  -2.6058966622590126E-018  -4.3072517887939709E-018  -1.9177369278894180E-019   8.7197912283210062E-020  -2.2064509064259660E-018  -5.9875046908875296E-018  -2.9917436838022374E-018  -7.3827873974642567E-018   1.1324008386887533E-008   3.5014741074507537E-018   6.2765944133214704E-019  -1.6575659595846764E-017   4.0957882004254928E-009  -1.8619607506526781E-018   2.6702179168800517E-018  -1.5451408056204605E-018   6.6086774916740723E-019   3.6647925524553363E-019   8.5161605040645597E-020   2.4454257089398791E-018  -7.3111696435036851E-019   2.0764772101535456E-018  -1.3526244991841572E-018   1.9502426318086718E-009
   2.6471985804076049E-014  -9.3645419608820196E-016  -1.0056013099994478E-014  0.14779483334549284       -4.0271225440516617E-014   2.8938581846070475E-015   1.2774635252146644E-014  -1.2955826344478242E-008  -8.9202087569218765E-009  -4.0564967982577130E-008   2.6336662746045829E-008   5.5284073808097497E-009  -1.3380204907499079E-008  0.62290218201328340       -7.2517811008507907E-009  -6.0034399387486741E-009  -2.0953671243547021E-008   1.4094959233820815E-008   4.1193182384839105E-009  -6.8407419034848584E-009   2.5435841926716208E-014  -1.8359220354701395E-015  -1.7105526444280820E-014  -7.6037714238921658E-016  -7.9946063822470330E-016  -3.2470832662555864E-016  -2.2289519033043696E-015   2.5645689887616666E-016  -6.0681654725749232E-016   1.0832575223894627E-015  -3.6443105940259440E-016  -3.0282983485968256E-016   1.3911510093206769E-015  0.62397784028740844       -5.4815904771326094E-009  -3.8831999030889289E-009  -1.6787295997224688E-008   1.1461373522371468E-008   2.2222378484320582E-009  -5.9826039384999396E-009   8.1807109331482518E-015   4.1050040774371590E-016   6.3854641669841314E-015   2.2408985660954670E-010  -2.7420347990951589E-010  -2.0961377899498008E-010  -7.7388140754208642E-011  -8.4300708994132712E-012  -3.1544477903374349E-010   2.6808899063292417E-010  -5.2802879643515189E-011   8.2031225473622593E-012   2.4897122474996889E-010   2.3519292896743376E-011  -6.5297509024823923E-011   3.6872566357749094E-011   7.1581099646360825E-011   1.5903877070726372E-010  -6.7412447050821210E-015   2.3854574407739436E-016  -3.4502137512001171E-016  -7.8493321255314164E-016   4.9360547541601011E-016  -2.7054959183234976E-015  -1.0023240565785992E-016   5.8163395419283212E-016  -1.9803376621318056E-016   1.9981092433343365E-017  -1.5802765850074769E-008  -1.2876166199670741E-008  -4.7020627358868595E-008   3.0267040020469453E-008   9.1224833694746324E-009  -1.4464276054945740E-008  -3.1118639679962597E-002   2.4153072361444583E-014  -3.2044895313087266E-014  -1.4152827624304081E-014  -1.2261834644352226E-015  -7.3529419730786612E-016   4.6514700855514285E-018  -2.3186471849820767E-015  -5.7438095771580316E-017  -8.0840474313369454E-016   2.4503089380197913E-016  -4.9563620729582514E-016  -2.3948228316743764E-016   4.4535404449388813E-016 -0.52297470559614168       -1.8313095144637011E-015  -3.3650987767207911E-017  -1.6679952228746594E-017 -0.18579094409815514       -1.7566897446036573E-015   1.8508698027388261E-016  -1.3676501474404953E-016   1.0228955124675935E-017   1.1999943087292015E-016  -6.7149480370462661E-016  -1.6784027328492011E-016   2.1672876153355973E-016  -6.1926146995228780E-017  -8.9874642430038696E-017  -9.1778287350528745E-002
