 6.1303546202399728E-007 -8.9709205594089797E-018  8.3605592965527222E-018  4.6239747140828123E-016 -3.1522364069283550E-018  2.6918361457993093E-018  1.3093247264500356E-019 -5.0869978939078581E-018 -3.2605708836651863E-018  5.0984627404000762E-018 -2.6484591039284355E-006  2.7699405704585830E-017 -3.3955433273088412E-017  9.8270808527355458E-016 -1.3686943311711055E-016  9.9297085766049058E-017  1.2339574600660924E-017 -5.0718436523166026E-017 -1.3794999625730042E-016  1.9205340579169325E-016  5.5195501721594007E-016  7.0595930131310765E-016  1.6876378518215666E-019 -8.8090575991219869E-020 -5.2781675672485399E-016 -3.5386036747912165E-019 -3.8148087433631981E-016  7.9749986598995435E-019 -1.0292945442806793E-018 -3.7142617704494839E-019  8.6023991748622516E-020  2.0632965799470635E-006 -2.7792968640906718E-017  3.3781791518904214E-017 -4.0866785703941211E-016  2.9888423108739532E-016  3.7526598568674650E-017 -1.6921462813036573E-016 -4.1925049292846592E-016  5.8215367622572954E-016 -1.0133066378864874E-004  6.8558052450009894E-016 -1.1941809303570213E-015 -1.3604040397971616E-015 -8.7147735458464648E-019 -2.6802801839912188E-019  9.9911605133449063E-016  6.2321706315667483E-019  7.2368467275456167E-016  3.2110453942804871E-019 -5.8464736998133205E-019  5.4396432280550538E-019 -2.1561515871023834E-018  1.0223282097494141E-016 -6.0979563736013039E-016  4.4224791867970398E-016  5.3471092607283213E-017 -2.4668116313315907E-016 -6.1920112271788080E-016  8.5458857266374377E-016 -1.1203306994652343E-003  7.5027720827021080E-015 -1.3178640036887151E-014  9.1636771561828394E-019  2.5267708785197780E-019  1.0669774940698588E-019  4.3131613762890196E-019 -4.7540546725522957E-022  3.3120998298483048E-019 -3.0587256255789428E-019 -6.8307345425087013E-020 -4.3564496459780253E-020 -1.7136352938070277E-019  9.7453930549044244E-019 -3.1006092066087990E-020  1.5117731066188455E-019  2.8273351268492992E-020  8.6611489577874533E-019  6.0878378700202082E-016  1.3565772069461827E-015 -8.0929892498891147E-020  5.8489906630852891E-019 -1.0521807018058883E-015 -3.3223502032159373E-019 -7.7410347258495417E-016  1.2912102728978548E-019 -4.7703256558256050E-019 -1.8869247589516993E-019  5.3413227918412765E-019 -1.2020958892185077E-015  8.7428389239430957E-016  1.0740570957962733E-016 -4.8878752566717522E-016 -1.2235760507199860E-015  1.6927386503296427E-015 -1.7174041895992876E-016  2.0444378086068617E-019  1.0997247657996049E-019  7.2300908566375168E-021  2.3264060648585992E-019  1.9446798667598894E-021  1.1436970956246747E-019 -1.4823466584353711E-019  1.5967691184618387E-020  5.7806367857991160E-021 -5.9245774315266259E-020  8.4837142426601279E-020 -3.7348231491818588E-021  2.2744779070923238E-019 -4.7048969064316214E-021  2.3545349220095453E-019  4.8112037374200146E-004 -1.0068494636798039E-015  7.5504245867705069E-015 -3.7748902576762568E-016 -1.1547458052804066E-019  2.0420999007712638E-019  3.1757532690706461E-016  1.4836059975368338E-019  2.2392533931816363E-016  1.1609161651767800E-019  4.1807049499869791E-019  2.2128929967499942E-020  5.9160143257260614E-019 -2.3829650446297480E-015 -2.4245783349233874E-015  3.0648664564900812E-017  7.8935729614537660E-016  4.7444980720471162E-015
-8.9709205594089797E-018  6.1303550200949834E-007  1.1017591759407514E-017  1.0236617812875325E-015  6.2150990068825809E-018 -1.0839415376854358E-018  2.7920926078783687E-018  6.2643794688927705E-018  2.2795429570479723E-018  2.1005677836897530E-018  3.0624182172182501E-017 -2.6484592385772304E-006 -3.5498141762943861E-017  2.3778833842448078E-015  5.3538369423761133E-017 -1.4181619332330928E-017  8.4308629501122153E-017  2.4327448968631058E-017  3.0229838907871360E-017 -5.1776864061222777E-017  1.0042224063493647E-015  9.6106310128642416E-019  6.5264601114363679E-016 -1.9043552501905739E-019 -9.9772664406868052E-019  2.4105103914790396E-019 -5.9292327541358331E-019 -4.5706591917509534E-016 -1.3242240479536067E-018 -5.7433440319637232E-017  2.4269861301142970E-020 -2.9768007726127030E-017  2.0632967204180385E-006  4.3388163018030411E-017  1.4081712937361172E-016 -4.5785823766117914E-017  2.5890362563030367E-016  5.7906229718052954E-017  1.0137200309095272E-016 -1.8445357858679672E-016  8.1857547202012034E-016 -1.0133066715660086E-004 -7.2990405555193821E-016  1.4212515333888351E-018 -1.3248169017451276E-015 -9.0187849567905993E-019  4.8339312077638262E-019  8.8263578091711633E-020  6.8054511076293226E-019  7.8595248328764993E-016  9.8080496080742508E-019  6.7160793674612183E-017 -2.2916742744823997E-018 -7.0181207340077562E-015  2.2230134576565685E-016 -7.1139215095371473E-017  3.7861574951197160E-016  9.6162310806534283E-017  1.4666235472312276E-016 -2.5749332982685855E-016  8.9933944122233090E-015 -1.1203307360468067E-003 -7.8322026914860428E-015 -1.6566865539416634E-018  1.3377669914105199E-018  6.6751304635867501E-019 -5.5537907222908574E-019 -1.0515677881403311E-019 -2.0642712579647487E-019  1.4966048237347371E-018  2.8617288053698211E-019  5.8165285995616085E-019  6.1724215298307224E-019 -1.2263114882448568E-018 -8.3629032089603552E-020 -3.4977251990252114E-019 -1.8230222881795419E-019  4.2221359522339786E-019 -1.3110245280700372E-014  4.9911042864263944E-019  1.1797246967212625E-015  8.4207955618257094E-020 -1.8476084311834026E-019  3.7652590235578299E-019  5.7132011463597710E-019 -8.7854174006984610E-016 -8.3694953249729742E-019 -1.1216405323957304E-016 -3.7600267801604572E-019  4.5228024820070598E-016 -1.3368424828053816E-016  7.5313671153994420E-016  2.0555637792148650E-016  2.9047847502949962E-016 -4.9263259683393477E-016 -2.0228019617122085E-015  3.2247202904532454E-020  1.4832034458132785E-019  1.7147206645770370E-019 -1.4936881725762208E-019  6.2362019464588003E-020 -1.9587443151288673E-020  2.6641611677662702E-019  5.8626686945429679E-020  1.5384013401104631E-019  1.8934202302571835E-019  6.3543892040372513E-020  5.7405872339295920E-020  1.4895750726283383E-019  3.9307385519996089E-020  2.9506154437802262E-019 -4.3932318644961808E-015  4.8112038844985629E-004  4.3181195452949174E-015  2.8193966417140630E-019 -3.1164988569173351E-016 -2.9066116518382299E-019 -1.0903293092033608E-019 -1.6774017634178235E-019  2.5920754166315611E-020  1.9935978786116410E-016  2.1116013157936139E-019  1.0268929014982306E-018 -2.0442503622106211E-019  1.5904564361107948E-014  1.4329574652124999E-014  2.9731329541003240E-015 -4.2772136954403399E-015  1.9254302518691673E-014
 8.3605592965527222E-018  1.1017591759407514E-017  6.1303549481074775E-007  9.8369153238079339E-016  4.7038209825861599E-018  1.1592584486883715E-018 -2.6562176409608157E-018  6.6755673026101810E-018  2.1547545115318473E-018 -3.4203325732029495E-018 -1.8572891434517748E-017 -4.3036188518509964E-017 -2.6484592143893910E-006  1.9681148715551417E-015  3.8340224288479955E-017  1.8981515551591560E-017 -1.0323030365936907E-016  1.8603652157677500E-016  9.9915160778742384E-017 -2.0579052311854119E-016  1.3648959630852580E-015 -1.5358332175497604E-019 -4.8054031357639938E-019  5.9126781801492456E-016 -1.0235764088665000E-018 -1.6316733342188997E-020  4.1695278503270125E-019 -9.0879396600806484E-019 -2.6395088069186313E-016 -4.4299474811749365E-019 -2.5633251506796742E-016  2.3426072584927333E-017  4.9459136649779905E-017  2.0632966953730509E-006  1.0458106326182128E-016  6.2945268276851404E-017 -3.1762471499570614E-016  5.4631619446950107E-016  3.0640947501913705E-016 -6.3904512628744022E-016 -2.0451779918051447E-016 -1.1385202527546717E-015 -1.0133066655073406E-004 -4.2583744009310564E-019 -3.1734074119713513E-019 -1.1561825965865418E-015  2.6364004157093429E-019  1.5402320516553946E-019 -2.3243143774917125E-019 -1.1653321056394247E-018  5.1467657630196625E-016  1.7143535243398582E-018  4.9996768730802541E-016  5.6837582816516146E-015  1.6075587260576512E-016  8.5574774181784009E-017 -4.6580947767903303E-016  8.0598647818525926E-016  4.4538949244199360E-016 -9.4732548902685761E-016 -2.1855347392961950E-015 -1.2360529949350138E-014 -1.1203307294604054E-003 -8.7276026855606269E-018  1.5851733169728847E-018  1.2491246703141048E-019 -4.2499032007717557E-018  5.2087364027363502E-019 -2.7951031359569229E-018  1.7345656202215645E-018  7.2758730289589501E-020  5.0696645342657618E-019  1.5390997660403555E-019 -5.9566018772127179E-018  1.3720769665268105E-018 -2.3583017435924965E-018  1.3737646715173498E-018 -1.6945757447286707E-018  1.2348648636083065E-014 -2.1544550089281556E-019  4.4547301838876134E-019  1.0873762459301327E-015  6.2754129486031554E-020 -5.3428236139574553E-019  9.6005077530371845E-019  3.2011265545292647E-019 -4.8182701115240719E-016 -4.7380570466911045E-019 -4.8717270416355490E-016  1.7965059273068555E-016  1.7947956965078726E-016 -9.2358734000798147E-016  1.4677753156848591E-015  8.8966914910606408E-016 -1.9909697960899613E-015  2.2775994452093541E-015 -2.3491338992116283E-018  2.5006023612904508E-019  9.5854077786670803E-020 -1.3675577297798924E-018  1.3896264843051149E-019 -1.1248990537863846E-018  2.3405331498271161E-019  2.0221201635349921E-019  1.3440013143179279E-019  1.3472211298557631E-019 -1.8413456690798374E-018  1.7567421318757560E-019 -8.0616868733344430E-019  1.8630431915111811E-019 -1.3665652465073412E-018 -2.3004466170526026E-015  3.1848289685534479E-015  4.8112038580649756E-004  6.4712802837623263E-019 -3.0808211474888945E-019 -2.9233838423125236E-016  3.8783654891306367E-019  8.1030285626399274E-020 -2.8977544233921003E-020 -1.7761282785167616E-019  1.1297876984452011E-016  2.8031567392827435E-019  6.9582297312477872E-017 -1.3227322616664690E-014 -1.1553300910450646E-014 -2.8633307942001769E-015  3.3634145478015408E-015 -2.2584110639466940E-014
 4.6239747140828123E-016  1.0236617812875325E-015  9.8369153238079339E-016  1.4040821754412111E-001  1.8072352440442188E-011  1.5579318384095003E-015  2.5625616291606371E-015 -1.1845045018816133E-011 -9.2176774764682468E-015 -6.5727004894527803E-012 -1.2397950722799798E-015 -1.3022511071816193E-015 -2.5599135783315548E-016  3.0306245220684513E-001 -5.2070285802007371E-011 -8.6178124851875507E-015  2.2348533840822181E-015  3.3565183618743569E-011  3.2028926110488535E-014  1.7919932207010389E-011  1.6573592130471826E-001  4.3605710892255939E-016 -1.4818143484431816E-016 -1.5206951531466630E-017  2.8333583851028592E-016  3.8263524448605417E-017  1.1713965168473316E-016 -5.2215252327104937E-016  5.2164361836197384E-017 -2.6151705965186705E-016  1.3803341723368662E-016  7.9981904277909684E-017  1.3494322073528194E-015 -5.2617938197696620E-017 -4.0704492521399102E-011 -1.9862780119874957E-014  1.0883407687923594E-014  2.6945208563406924E-011  3.0614579389723159E-014  1.3505568363470070E-011 -1.1383324453713674E-015  9.5143080192682117E-016  1.8001572423664716E-015  5.4950104488750169E-016 -1.4744176669179087E-017 -1.9843106204587525E-017  2.4302024172226318E-016 -1.9042032645479067E-017  2.6555037864796703E-016 -1.2209073903107922E-016  8.4948271263894203E-018 -1.0629100467584541E-016 -4.7943673138370971E-017 -1.1431372813971635E-001 -1.1219513985873626E-010 -3.4542789716449627E-014  1.1267685554147434E-014  7.3401253444821343E-011  7.8279677998876653E-014  3.8221435605718868E-011  4.9710133945848198E-016  1.3818826431604996E-014  1.9640942476089414E-014  3.1489668067498091E-014  9.6120266651705080E-017 -4.0344492402189332E-017  6.1326698150216569E-015 -3.1910478794608110E-018  8.1815219470511323E-015  9.7293863985529886E-017 -2.2674618057253597E-017  5.0131264463685254E-017 -3.8483266452609478E-017 -2.1163759839660685E-014 -1.0580982307478853E-017 -1.0027831203353198E-014 -1.8678750252517555E-017 -9.0584592298951630E-015 -1.1141195398374767E-001 -1.8194764284987550E-016  7.8355541230562314E-017  3.1236176869127659E-017 -7.5781715090905109E-017 -1.6359123214271561E-019 -7.9687202409611632E-017  1.5742647871895026E-016  4.6416546422046931E-017  5.4547240317379269E-017  7.6892020977200420E-017 -1.9650982933982989E-010 -6.5612539082571448E-014  2.5478778631846720E-014  1.2828533367902609E-010  1.3840465967854980E-013  6.6172437071894410E-011 -2.6077622972805900E-002  3.3121480698203578E-015 -4.6446498571401321E-018  3.5316946701146601E-017 -2.1209621074028136E-015  3.0150913034033543E-017 -1.0142094087670148E-015 -2.6576746507581771E-018  1.7214072459790121E-017 -5.0373906536613813E-018  3.9787088027805843E-017 -6.5924018893489429E-015  6.6439749958472251E-017 -5.6273920786782759E-015  6.5974097521911565E-017 -6.4321945530763699E-015  2.8717810062084243E-014  2.9666426155088484E-015 -2.7362376943445371E-015 -2.9421610448004392E-016  9.4888487382844715E-017 -1.2302266571408529E-017 -1.3024828440075947E-016 -7.4731847772254655E-019 -1.3771942179644999E-016  1.9822913603992745E-016 -9.2065196952950218E-018  8.6444360892019552E-017 -1.7766379482906298E-017  5.1912382100694779E-002  3.6980074748525327E-002  1.9939443074561700E-003 -8.4221052278965584E-003 -1.1419171105140517E-002
-3.1522364069283550E-018  6.2150990068825809E-018  4.7038209825861599E-018  1.8072352440442188E-011  9.3376297182947706E-006 -6.5372049481961631E-018  2.4982713161528191E-017 -4.6688148610503117E-006 -1.7542119865596011E-018 -4.6688148574339274E-006  4.9623577117157707E-018 -2.5339331706454983E-017 -2.0014814941515199E-017  4.1826742729958494E-011  3.1038803032452326E-004  3.8347604186519066E-016  3.9381583343892174E-016 -1.5519401519313648E-004 -4.4342052693056270E-016 -1.5519401513228848E-004  2.0995190309037104E-011  1.6070417285457249E-020 -1.5813945079406747E-018 -1.1579251899125546E-018 -5.2679274822388664E-019  2.0623583639693974E-019  8.0500116864375075E-019  1.7190339483161011E-018 -1.8484954339676489E-019 -6.7910938612264300E-019 -2.5486243137895944E-018 -5.4429729204386911E-018  1.3489366024024135E-017  2.3573892410461531E-017  9.4888363038963175E-004  1.0879288139206550E-015  1.2698688173493440E-015 -4.7444181529885022E-004 -1.3006497618758343E-015 -4.7444181509177948E-004 -1.6347580827069032E-016 -7.9850319501518190E-016 -6.4328811825246897E-016 -1.5257517974851703E-019 -1.1690979070614547E-018  2.3764732002250696E-019  3.0795392839761257E-019  4.3640769243767536E-019 -8.0800267065502938E-019 -3.0448965758077026E-018  4.4352508240147746E-019 -1.1233782941167479E-019  2.6888412268398976E-018 -1.6838957637239293E-011  1.3965218061735556E-003  1.6338683095341827E-015  1.8463923819674834E-015 -6.9826090324049219E-004 -1.9307590468168796E-015 -6.9826090294175839E-004 -1.9270931843529109E-015 -8.9196079731707863E-015 -7.0002151554031569E-015 -1.0320031138794565E-015  3.4444492282775747E-019 -2.4967735383999661E-018  1.4042989564421002E-015  3.9672292413494944E-019  1.0403095652434437E-015 -1.8178884271215591E-018 -1.1072825194095537E-018 -1.2264422761809380E-018 -2.4095824299190612E-018 -7.8934577010264359E-016 -6.1217188115131842E-019 -4.2891661948601959E-016 -5.4393594875783083E-019 -6.0955319495860574E-016 -2.1809892995023714E-011  2.6156749098434596E-018 -2.0417333142910597E-019  1.4598413813733183E-019  1.3211549173957711E-018 -1.9452090798667365E-019  1.1682274942015366E-018 -6.4969095859475333E-019  2.7745641093763772E-019 -3.4652661076014517E-019 -3.1936951546220431E-019  2.7650173507579863E-003  3.2018223944826335E-015  3.6384507041479889E-015 -1.3825086756890075E-003 -3.7948297399306507E-015 -1.3825086751051651E-003 -3.4891499979555952E-012  9.3957758618507314E-017  8.0666149458790334E-020  6.7117716692396017E-019 -2.1311069458174908E-016 -8.5417996954929998E-020 -1.4640918713097848E-016 -1.9418560390816183E-019 -9.2281110756922524E-020 -1.0956914888937703E-019 -2.2256430590650408E-019  5.7435250893353835E-017 -8.8080809636195607E-020  1.6776189146744155E-017 -1.6129093929857396E-019 -2.4550687626693125E-017 -3.2957893555648220E-015  3.6316837572633476E-015 -7.2143712869770460E-016  3.1675767772277273E-018 -6.0598870876821870E-019 -1.2209779605438581E-018  1.3994195998455972E-018  3.3256936540260832E-020  1.4654323503148000E-018 -1.0734983325530051E-018 -1.0467623362974594E-018 -4.6233841593452757E-019 -2.2032940802248937E-018  9.4739136285597528E-012  7.8423462386782782E-012  2.6710901822605267E-013 -1.6905420211747814E-012 -2.2801045359919933E-012
 2.6918361457993093E-018 -1.0839415376854358E-018  1.1592584486883715E-018  1.5579318384095003E-015 -6.5372049481961631E-018  9.3376296742041612E-006 -8.3864732107377198E-018  1.9153596750490592E-017 -1.7083290496832463E-017  3.8745093958597645E-018  7.3776947394000773E-019  2.9230557405533224E-018  1.4603222399078599E-018  4.2616385294823706E-015 -5.5110859374085646E-016  3.1038802963004319E-004 -8.4803232555549467E-017  5.8960699708367548E-016 -2.2726812039862649E-016  4.5846684125130294E-017  1.6411323780156429E-015 -1.9649247274104558E-018 -4.0000210114273547E-019 -2.2683214455202559E-018 -1.2045184053567365E-018 -8.0283706968807773E-019 -1.9100875841315401E-018  2.9280456617623072E-018 -2.0657052344705345E-018  1.3344577054536197E-018 -5.5477861841547440E-018 -1.3035753473217524E-018 -5.8632533858422180E-018  6.7389630835269189E-018 -1.7392027584569185E-015  9.4888362811650225E-004 -2.8732318048858664E-016  1.7376095157622642E-015 -7.3577047059660025E-016  7.6568966209703610E-017  4.9847983218256491E-017  1.0528137595715661E-016 -1.0813064153130492E-016 -7.3440990585428482E-018  2.4367310223640339E-018  3.3971346547072900E-018 -2.9164970361706043E-018 -3.8055235583299494E-019 -2.8385779942619999E-018  2.2047634003177107E-018  3.5209609239188267E-018  1.1313059646980152E-018  8.5256682927998685E-018 -9.8886129231758402E-016 -2.6461805719170273E-015  1.3965218028727021E-003 -4.0644401311227836E-016  2.4705518170078513E-015 -1.0884269159933265E-015  3.5680872871965763E-017  3.7953290301221936E-016  1.2002784995229219E-015 -9.8753774060281583E-016  2.0007139558061091E-017 -1.5338962026689583E-015 -1.0398268443531363E-018  1.3409614248476928E-017  3.3446689867983458E-018  1.0162472083255614E-017  1.2469308206607355E-015  8.5209077283604425E-019  2.6894943081454091E-016 -1.7804461491425120E-018  1.7680565661361710E-017  6.8163331122186236E-018  9.2061585282243344E-018  6.3237479524845104E-018  1.4435457338517780E-017 -1.9095646416282189E-015 -1.4686463108168031E-018 -6.9692550541452921E-019  1.5257679190351822E-018 -3.2899429521318223E-019  2.4395926403126306E-019 -8.1639918068043273E-019 -2.5471584881665450E-019  1.2630262835002258E-018 -6.2426285337582353E-020  2.6595559466805243E-018 -5.0440865488557850E-015  2.7650173442622891E-003 -8.2486425112034093E-016  5.1055969028680661E-015 -2.1161167764474011E-015  2.6574846171320262E-016 -2.5900848036381656E-016  6.1402211467453204E-018  2.4121080438187954E-016  9.7425884869593592E-019  3.6994850807728924E-018  8.2559743994404060E-019  3.2897468897540304E-018 -1.8170781796890885E-016  6.0571813519958034E-019 -1.7893272852089846E-017  4.1457967234224324E-019  5.6115709144395297E-018  7.4740867598210150E-019  3.2342382027960532E-018  2.6139818857343673E-019  5.4202206736379671E-018 -1.7001749982668754E-015  2.1413052293059864E-016  8.4264211368058126E-016  4.8054403103053411E-019 -3.4535228332572622E-019  9.3832346133660176E-020  1.5390953383660822E-019 -8.7780523286600657E-020  2.6030981039328494E-019 -1.0041490046288712E-018  2.7557311903130716E-020 -4.3139146462739172E-019  1.1569521248795895E-019 -9.3356168802304340E-016 -9.5964183303779844E-016  2.4597724384739546E-017  4.1130391242084706E-016  2.9177669207735494E-015
 1.3093247264500356E-019  2.7920926078783687E-018 -2.6562176409608157E-018  2.5625616291606371E-015  2.4982713161528191E-017 -8.3864732107377198E-018  9.3376296761594741E-006 -1.0081865791067818E-017  4.0020606319645354E-018  1.5231814738424906E-017  2.9654065583314256E-018 -7.8609173272933641E-018  8.8956664546927967E-018  5.0468447358169054E-015  4.4077939743801747E-016 -1.8289240686252472E-016  3.1038802966222719E-004 -5.2880971087950897E-016  2.7946255675565071E-017  1.4839676857201330E-016  3.0561324764476341E-015 -3.1907733178076928E-019  4.9160855611342655E-018 -4.9474106855019298E-018 -2.4029093654770533E-019  8.8692702427889725E-019  4.0554910826295920E-019  5.0822662163024747E-018 -5.8633402351980068E-018  4.5878154843823441E-018 -1.4006784108768351E-017 -3.7464808943060540E-018 -1.8186803308807927E-017  3.0262568577304472E-017  1.3131189042465463E-015 -5.7102869689933357E-016  9.4888362821513744E-004 -1.6647792166589007E-015  1.0410168896553720E-016  4.0984419670174529E-016  4.7253909893543728E-017 -6.9543261553087099E-018 -1.1841520115176067E-016  4.7245283700492961E-019 -5.8305285560610588E-018  5.6306298497823723E-018  2.0260395022648991E-019 -7.8315374893051391E-019 -1.1270937904759881E-018 -1.1215143704130556E-017  5.0879479716592076E-018 -5.0486310811287024E-018  1.2630376928181716E-017 -1.0218734163802178E-015  1.8818423510787245E-015 -8.3790517362780665E-016  1.3965218030182825E-003 -2.4588633589251534E-015  9.4241067604052747E-017  6.2369076383414616E-016  5.0731829902334744E-016 -4.8785180938623456E-016 -8.0145417723108636E-016  2.0346335273408720E-017 -1.9404440442081151E-018 -1.3632293267904208E-015  5.7622236265388691E-018  8.5180938088392172E-018  2.5397448531999875E-018  1.2413793391728301E-018  6.3259537149747928E-016  4.2052112460897472E-019  8.0460550812177700E-016 -8.2402903966817280E-019  1.5970047987358937E-017 -4.0429281472380997E-018  1.6176736138321708E-017 -1.2710363024834968E-017  1.0291401868795628E-016 -5.0794135018141945E-019 -1.3556761057720132E-018  1.0347799025613584E-018 -2.1835444124324614E-020  3.7476978205807850E-019  2.2954663253957376E-019 -3.0452603783905656E-018  1.5104014057087935E-018 -1.7958551001208847E-018  2.6169401658177939E-018  3.5706177431960077E-015 -1.6607907713977639E-015  2.7650173445528743E-003 -5.0860205940603212E-015  2.9218652671922014E-016  9.8325401136286669E-016  9.5126124266302991E-017  3.1999997433551693E-018 -3.8813051303168278E-020  2.1509671688226456E-016  1.4961454890837131E-018  6.8939632820798529E-019  1.5499171186780435E-018 -1.7040687280094992E-020 -9.0404028976438543E-017  7.5694209169552402E-021 -8.0978578220867427E-017  2.0181637229126279E-018  1.5002524727004254E-018  2.2564792113326160E-019  1.0876285083992891E-018 -9.9014777712166195E-019  1.1768305594575535E-015 -2.4018860722050014E-016  8.3371298870451738E-016 -4.0401241716175192E-019  9.3064082164541806E-020 -6.7902050719566255E-019 -2.2743669302017690E-019 -4.8677278518427671E-020 -2.8483320913083237E-019  1.7296798785026347E-019 -8.1197188213308161E-019  2.5952712972535617E-019 -1.7974677479329974E-018 -2.2809479072008830E-015 -2.0753821627611731E-015 -6.4987411798038315E-016  7.1558052351139195E-016 -4.5641868644736423E-015
-5.0869978939078581E-018  6.2643794688927705E-018  6.6755673026101810E-018 -1.1845045018816133E-011 -4.6688148610503117E-006  1.9153596750490592E-017 -1.0081865791067818E-017  9.3376296763640309E-006 -1.3879832653934335E-017 -4.6688148153020936E-006  2.0201220097320447E-017 -2.8563570197120249E-017 -1.1317183129298642E-017 -2.7425060448771546E-011 -1.5519401518976288E-004  5.3923147971175960E-017  2.3322360226568303E-016  3.1038802965940502E-004 -7.7370732631433426E-017 -1.5519401446943535E-004 -1.3757265525121738E-011  5.5335739453827164E-019  7.6293488287304919E-019 -5.7844578555177463E-020 -3.3315338514726065E-019  1.0596121287827675E-019 -2.4927557900527225E-020  2.9890833507289308E-018  1.2477332486305793E-018  3.9015890367588036E-018  1.3469698920825471E-018 -2.5211143612030411E-017  2.1892992814418177E-017 -1.7487397445592116E-019 -4.7444181529006298E-004  2.4897563309229772E-016  6.4595785486146048E-016  9.4888362823628133E-004 -3.0489677398534563E-016 -4.7444181294584739E-004  5.6481192511513893E-016 -9.9505021944538387E-016 -2.5558887488121849E-016 -2.7763429039384976E-018  8.7796769076755823E-018  1.3300455082863113E-018 -1.3274375301067179E-018 -6.3439092624722591E-020 -1.5448365200344558E-018  1.7583320572274430E-017  1.0501814070954126E-018  7.3973599660309221E-018  4.1424491760729640E-018  1.1037163193612630E-011 -6.9826090322384611E-004  3.3235479022081606E-016  9.8089411136498328E-016  1.3965218030392069E-003 -4.1111298213892534E-016 -6.9826089981091114E-004  6.0576624503864679E-015 -1.0624030893745884E-014 -2.8961964360201082E-015  5.5862172499208672E-016 -6.6689667737426093E-019 -2.6272876699304818E-018 -1.4710998831320312E-015 -2.5538059184726591E-018  1.3890475465775122E-016  2.6100289902570425E-018 -9.8687286508544715E-019  6.0265353463821730E-020 -2.5208648742750702E-018  8.2684190210770410E-016 -4.1803200675914376E-018 -1.2070346258102621E-016 -5.5146129718581612E-018  2.2282779467545870E-016  1.4276041777144467E-011 -2.0057868696778261E-018  1.3572598060477716E-018  1.8785003675576147E-018 -8.9181132498444904E-019 -3.0364076881018578E-020 -7.3685550336212148E-019  4.3519724908532094E-018  1.8328383092450288E-018  1.9238556466774926E-018  2.5958388085786700E-018 -1.3825086756458025E-003  6.8434324828361439E-016  1.9226535534297711E-015  2.7650173445814530E-003 -8.3763176073397349E-016 -1.3825086689140493E-003  2.2896308857854496E-012 -8.5962539330539769E-017  1.1282022773303684E-019 -1.0408515053077036E-018  1.7751193756598052E-016 -3.1013477586904919E-019 -2.7520984085119510E-018  5.3496658989264036E-019 -1.0262668383565259E-019  9.9629131447339288E-020 -1.0898960997880419E-018 -2.8287488219475280E-016 -7.3336698128208429E-019  5.0612908419046107E-017 -6.9607555289681986E-019  5.3052851835365513E-017 -6.1479386339366902E-015  2.7850681581492365E-015 -6.1599312899704387E-015 -1.1483221787367188E-018  3.8125676838617527E-019  7.2696828881197104E-019 -5.2246527669574900E-019 -5.5799745977333453E-020 -5.6897039754302245E-019  4.1147477105019405E-019  6.8979642285739883E-019  3.9298689640459007E-019  1.9946119699904220E-018 -6.1943399665567304E-012 -5.1188534216649731E-012 -1.7414763529065089E-013  1.1027596697100991E-012  1.4953352904027117E-012
-3.2605708836651863E-018  2.2795429570479723E-018  2.1547545115318473E-018 -9.2176774764682468E-015 -1.7542119865596011E-018 -1.7083290496832463E-017  4.0020606319645354E-018 -1.3879832653934335E-017  9.3376296659810417E-006  2.3433060595074838E-018  6.3650912254454118E-018 -8.1135721558669521E-018  1.6904033830910081E-018 -2.1912512816101730E-014  3.6925557999433910E-016 -3.2404092430168550E-016  1.0166947575169291E-016 -3.8054159571649216E-016  3.1038802949513565E-004 -3.3972079711420594E-017 -1.0528431459529140E-014 -2.1619003694097264E-018  4.2080464053878033E-019 -2.0998470326326569E-018 -2.0707829193873904E-020  9.0775769439837392E-019 -1.8982917298030903E-020  1.1151746473574400E-018 -1.6818631101903308E-018 -1.4280397760956282E-018 -2.5014469112991515E-018 -8.8757360143978816E-018  6.2655516157833682E-018  6.6564686834301263E-019  1.0995909743546994E-015 -1.0138391494465159E-015  3.0960485947622259E-016 -1.1390536683118954E-015  9.4888362770229116E-004  3.3580676038541995E-018 -1.3321118920837264E-016 -2.3302294130981114E-016  1.3695999851033443E-016 -2.5529952567859593E-018  1.0029946567153973E-018 -2.2897580378756033E-018 -2.2591805927245914E-018 -7.7872542512504350E-019 -8.8846150120875489E-019  4.0755086920970237E-018 -2.3719599162372885E-018  2.0782377436559601E-018 -3.9570660863132999E-018  9.0263654830022942E-015  1.6464459535295050E-015 -1.4825117495653506E-015  4.6296728447993004E-016 -1.6695959729604872E-015  1.3965218022593494E-003 -1.9455898303948861E-017 -1.6252825977154201E-015 -2.4945825548607802E-015  1.3985279051741679E-015 -6.2905772958111659E-018 -1.7697554376966094E-018 -9.9389736362553545E-019 -3.7282595725822454E-018 -8.4526625547216482E-016 -2.8357861663494625E-018 -1.5766139643669810E-019 -5.2047791624422956E-020 -4.0948796877842169E-019 -4.5733274677529260E-018 -5.1809592121458807E-018  7.6014922032598689E-016 -1.6498226044388335E-018  1.4994535356221972E-016 -4.3244776461495488E-018  1.2721151072644733E-014 -5.0855167772080377E-019  4.8287567700584556E-019 -4.7416397745598324E-020  1.3378526806967386E-019  5.2876938763001635E-020 -5.1394528297998998E-019  9.3973266040155788E-019  2.4819108579270874E-019  4.2105894670267186E-019  2.5150247416186047E-019  3.1499878710667819E-015 -2.9370331966092673E-015  8.9953533715238831E-016 -3.4109041371081853E-015  2.7650173430402861E-003 -1.7671191471083312E-016  1.9545164378166471E-015 -2.0271953213069456E-018 -8.4124727553776052E-019 -1.6954911432567155E-020 -9.3425847245933213E-019  1.3852795765830360E-016 -8.8346411556923388E-019 -8.4899754444479658E-019 -2.2853738362017795E-019  2.6536453879090915E-019 -8.0777905997522281E-019 -1.5191810457584155E-018 -7.0633827446014935E-017 -7.9589389202991780E-019  5.3090978333950235E-017 -1.2126157870582743E-018  2.8991308640071828E-016 -9.6935675815764911E-016 -2.9777616339845208E-015  3.8711977566965199E-020 -1.4556955208378164E-020  1.0426210595113316E-019 -1.0332600877531230E-019 -7.1769749395983060E-020  8.2471922803128550E-020 -1.6496618165952599E-020  7.9484509265023323E-020 -1.3008393852307821E-019  5.1800439282823390E-020 -5.0361546031036781E-015 -4.1517288217496899E-015 -3.4149438831460607E-016  8.4071251574435391E-016 -1.8516666612574453E-015
 5.0984627404000762E-018  2.1005677836897530E-018 -3.4203325732029495E-018 -6.5727004894527803E-012 -4.6688148574339274E-006  3.8745093958597645E-018  1.5231814738424906E-017 -4.6688148153020936E-006  2.3433060595074838E-018  9.3376296729138641E-006 -1.1804696282725225E-017 -9.1007190249371917E-018 -3.4762772060047871E-018 -1.5148532280358309E-011 -1.5519401514105854E-004  1.1076758453791091E-016  3.7458710154018625E-016 -1.5519401446588210E-004  7.8999688564259873E-017  3.1038802960763539E-004 -7.6440067137024472E-012 -5.6942781602471982E-019  8.1845964098432990E-019  1.2157697768193401E-018  8.5994613492681538E-019 -3.1219704932343126E-019 -7.8007360934329096E-019 -4.7081173087156190E-018 -1.0628837091770694E-018 -3.2224796513419262E-018  1.2016544176562416E-018  1.8135195426739169E-017  1.3556646042556249E-017 -5.3746741243977649E-019 -4.7444181511882262E-004  3.3888980860637314E-016  1.1462341266285035E-015 -4.7444181293624938E-004  2.5495068177039316E-016  9.4888362805569933E-004  8.3142873622254349E-017 -6.1880008266129800E-016 -4.8657938194206947E-016  2.9289180884358226E-018 -7.6105790322402456E-018 -1.5676928445213083E-018  1.0194835967278044E-018 -3.7296859978877301E-019  2.3528391868400870E-018 -1.4538423977642351E-017 -1.4937064821052794E-018 -7.2850221348892916E-018 -6.8312903957377479E-018  6.1341592920348107E-012 -6.9826090297804653E-004  5.0013121876444304E-016  1.6793090037068979E-015 -6.9826089979697610E-004  3.5412926903148256E-016  1.3965218027792679E-003  1.1270915239485769E-015 -7.1345450720837769E-015 -5.6206459725148360E-015  4.7338138886134245E-016  3.2245175161132156E-019  5.1240612041370125E-018  6.6800926670747828E-017  2.1570829955869053E-018 -1.1792143199332633E-015 -7.9214056114565789E-019  2.0941553866450195E-018  1.1661769231064840E-018  4.9304473069953090E-018 -3.7496131929832895E-017  4.7924919477784186E-018  5.4962008211200165E-016  6.0585489205458284E-018  3.8672540033366584E-016  7.9086358486383324E-012 -6.0988804577621427E-019 -1.1530864466782231E-018 -2.0244844903203171E-018 -4.2934358759046490E-019  2.2488498487859509E-019 -4.3137198716222897E-019 -3.7022815536803889E-018 -2.1102947272452630E-018 -1.5773290387755231E-018 -2.2764693002719024E-018 -1.3825086751682891E-003  9.9704663723469120E-016  3.3616456207347807E-015 -1.3825086688890032E-003  6.9686725143249915E-016  2.7650173440718771E-003  1.2924311635812158E-012 -7.9952192916643180E-018 -1.9348637673717109E-019  3.6967433900164890E-019  3.5598757026086219E-017  3.9555277256161265E-019  1.4916128554707034E-016 -3.4078098628030590E-019  1.9490779426336896E-019  9.9400174307406733E-021  1.3124604053661887E-018  2.2543963132048984E-016  8.2144779086458321E-019 -6.7389097551181097E-017  8.5736649195568976E-019 -2.8502164189563865E-017 -6.4535120728043881E-016  4.5048581197596672E-015 -2.2389759631598327E-015 -2.0192545960265565E-018  2.2473193272626130E-019  4.9400966805360765E-019 -8.7695432433629503E-019  2.2542809435093172E-020 -8.9646195354172918E-019  6.6202356574264046E-019  3.5696591488788222E-019  6.9351519338511238E-020  2.0868211088922750E-019 -3.4538767384782889E-012 -2.8437054844678398E-012 -9.8096334708664444E-014  6.1377511368949202E-013  8.3109448733677785E-013
-2.6484591039284355E-006  3.0624182172182501E-017 -1.8572891434517748E-017 -1.2397950722799798E-015  4.9623577117157707E-018  7.3776947394000773E-019  2.9654065583314256E-018  2.0201220097320447E-017  6.3650912254454118E-018 -1.1804696282725225E-017  1.1443417386173428E-005 -8.4440090843173590E-017  7.0564620769989393E-017 -2.5922270679369395E-015  3.0721780655499097E-016 -1.6564473188171938E-017  6.2807474773635947E-017  1.6316695653316697E-016  3.3968244014579129E-016 -4.8990560853996461E-016 -1.5175190495801069E-015 -3.0522427927671446E-015 -7.3120717525416575E-019  4.0756417995518385E-019  2.2821691335270242E-015  1.5061687330618789E-018  1.6494196399531793E-015 -3.4836281492151717E-018  4.4064371429261758E-018  1.6394357770685945E-018 -3.5724273436555989E-019 -8.9005401475660194E-006  9.3931135780952166E-017 -8.4978580433427704E-017  8.9711214464137703E-016 -3.0295190893732780E-017  1.9288131555374745E-016  5.6020214495042228E-016  1.0277865166843315E-015 -1.4758971598730418E-015  4.3801093106795219E-004 -1.5984869164659292E-015  2.2687337035074612E-015  5.8826518577314229E-015  3.7676244884784333E-018  1.2022974717675563E-018 -4.3201974822712133E-015 -2.6853808430422100E-018 -3.1291099054668350E-015 -1.3937546926275656E-018  2.5530020702889353E-018 -2.3338359033740659E-018  9.2872778744129077E-018 -2.0512005450016501E-015  1.3564219571330171E-015 -5.4828225613014738E-017  2.9155766943984084E-016  8.1447958056741981E-016  1.5218904010684970E-015 -2.1625352995322740E-015  4.8434098970375370E-003 -1.7279509000596429E-014  2.5050274354842966E-014 -4.0073582228304232E-018 -1.0759867814897352E-018 -4.5984075584520373E-019 -1.8486961640963788E-018 -7.8865439815902972E-022 -1.4241408203254212E-018  1.3152552512177487E-018  2.7637950389015553E-019  1.9924652462464526E-019  7.3351741653934497E-019 -4.2497891140909654E-018  1.2601951265739724E-019 -6.6057987298599629E-019 -1.1435916698340595E-019 -3.7739746820755066E-018 -5.1181558011105934E-015 -5.8669902903012370E-015  3.5931310022457082E-019 -2.5299759443513642E-018  4.5503008810799731E-015  1.4400331566372118E-018  3.3475744756538439E-015 -5.1596582144347798E-019  2.0294684663271073E-018  7.8863121285712479E-019 -2.2943572310593811E-018  2.6629052912769565E-015 -1.0281930622023102E-016  5.7045718733254240E-016  1.6140388481400684E-015  3.0029838767600526E-015 -4.2848637095731979E-015 -5.6394286899940284E-016 -8.8387277079245099E-019 -4.7667035107788025E-019 -2.7638121598757396E-020 -1.0017879650307833E-018 -1.5763482446139221E-020 -5.1645794236609257E-019  6.4241935383121249E-019 -7.2698948396895563E-020 -3.3389781661959985E-020  2.5979995459654568E-019 -3.5722851769373253E-019  1.9767228489396915E-020 -1.0123683548974309E-018  1.9124061889142899E-020 -9.8958660989520136E-019 -2.0261400988578894E-003  2.6971419803920729E-015 -1.3384096348573126E-014  1.6314790907067707E-015  4.9105837080773713E-019 -9.0436225629527827E-019 -1.3730259205418840E-015 -6.4397378175132548E-019 -9.6799952751281705E-016 -4.9499778025205315E-019 -1.7888840289069184E-018 -7.2105369198166771E-020 -2.5581762699076696E-018  7.8444633427132294E-015  7.3411718849211358E-015 -4.7183176493840288E-017 -2.2411574295167481E-015 -1.2650943093886452E-014
 2.7699405704585830E-017 -2.6484592385772304E-006 -4.3036188518509964E-017 -1.3022511071816193E-015 -2.5339331706454983E-017  2.9230557405533224E-018 -7.8609173272933641E-018 -2.8563570197120249E-017 -8.1135721558669521E-018 -9.1007190249371917E-018 -8.4440090843173590E-017  1.1443417803153669E-005  1.3363558075977353E-016 -3.1238748171258625E-015 -1.8081346670979472E-016  2.0899145114065190E-018 -2.2419529609684969E-016 -1.5318592807566590E-016 -7.1035291745953438E-017  2.2152310271189793E-016 -1.1392159076284020E-015 -4.1178244248335274E-018 -2.8218067877981281E-015  8.3251973089347330E-019  4.3506704774325808E-018 -1.0522821946236725E-018  2.5168172625843610E-018  1.9763216230417520E-015  5.6854898747557825E-018  2.4834269425684236E-016 -1.5016948850674164E-019  9.0940673834907904E-017 -8.9005406267977961E-006 -1.7151500022072578E-016 -4.5402963003145787E-016  1.7044246578009953E-017 -6.9030677673310331E-016 -3.9771768077327494E-016 -2.5619460747036800E-016  7.9063970519557155E-016 -1.7047012333697732E-015  4.3801093930477894E-004  2.3996141654722934E-015 -6.2157812012135290E-018  5.7285010537565269E-015  3.8519850238235966E-018 -2.1240079214219019E-018 -3.7844814955325537E-019 -2.9970741179554199E-018 -3.3984193645342796E-015 -4.2316998956570449E-018 -2.9030296919798623E-016  9.9558137065938050E-018  1.3014141308026606E-014 -7.3133192495205219E-016  4.0942832716774922E-017 -1.0056301511005123E-015 -6.3009645509429271E-016 -3.6590712861354579E-016  1.1050548203404891E-015 -1.8619791299632691E-014  4.8434099852418212E-003  2.5530353887434843E-014  6.9115348315338445E-018 -5.6936549113583721E-018 -2.8473848040078517E-018  2.2525259813906844E-018  4.1489125861382061E-019  7.2847685203599408E-019 -6.3672704188156732E-018 -1.2258738370989238E-018 -2.4579001164841005E-018 -2.6182013114857613E-018  4.9639830993699746E-018  3.2553636479929691E-019  1.2912321735464543E-018  7.6559937262497122E-019 -2.0842349070266382E-018  2.4766547689456620E-014 -2.2041469924647932E-018 -5.1019540034101558E-015 -3.2645918471713499E-019  7.8204818790550188E-019 -1.6289926388243497E-018 -2.4704937030331719E-018  3.7995157959264633E-015  3.6493323900103996E-018  4.8503309301628644E-016  1.5667030978762707E-018 -1.5059736945115066E-015  5.0675914483276127E-017 -2.0060029177159587E-015 -1.3193507809273869E-015 -7.2509881528385740E-016  2.1080524712202009E-015  3.7215599441633748E-015 -2.4379603941032976E-019 -6.4162885544578828E-019 -7.3571207512403143E-019  5.6651459703433473E-019 -2.5965881912980153E-019  7.1238809841084567E-021 -1.1230958935798536E-018 -2.5840549827917925E-019 -6.4645908327152331E-019 -8.0733985917087810E-019 -4.0603766845763643E-019 -2.5648279836715138E-019 -7.1484262924869287E-019 -1.8561278578915365E-019 -1.3796244513750991E-018  8.9618035399480022E-015 -2.0261401350523153E-003 -1.2888123187869335E-014 -1.2560795710099245E-018  1.3459309630713157E-015  1.2311707080692061E-018  4.7442268649325205E-019  7.2080658635653064E-019 -1.2879173542690541E-019 -8.6087575261112819E-016 -9.2009075885224801E-019 -4.0318422048126886E-018  8.8905059480700481E-019 -3.0387979847815953E-014 -2.7494021642313830E-014 -6.0732927874204611E-015  8.2171112291752851E-015 -4.1919242675856054E-014
