  0.28374789812331225       0.18793997353652980       -4.2234782885651120E-002  -5.8941669784676218E-009   8.5901210202356162E-011   6.9802500882124330E-011  -1.5686461269589873E-011  -7.0770689721869259E-011   1.5206152699973402E-011  -1.5129940443496182E-011  -6.8762447818771967E-009   2.7927983607333610E-010  0.22924243836283797       0.22242862770033545       -4.9985240615414213E-002   3.2170202361838014E-011   4.6865188380146618E-003  -5.3776563282688979E-003   1.2084930267063569E-003  -1.0497519061556933E-002   4.0194106315291547E-003   4.2098942417940375E-003  -4.9823251809663453E-005   2.9007702224407867E-003   5.4445012350166329E-003  -3.0628639875079546E-003  -4.0114727438223885E-003   3.8597179581085690E-003  -8.6737454993056655E-004  -1.1853686401490540E-009   1.2133535411148629E-011   8.8868619938414469E-011  -1.9970935494357876E-011   3.4317953741155837E-011  -2.2073490714521873E-011  -4.6450966623875813E-011   1.1503699282608252E-002   1.2038678220562465E-002  -2.7053901908555581E-003
  0.18793997353652980       0.46831078255578906       -6.7789381655675870E-002  -9.4604953825778863E-009  -5.6043923502307848E-011   2.0889885208231898E-012   1.5205983187301346E-011   8.0329345201844709E-011  -7.5339201868306061E-013  -2.4284435742120131E-011  -1.1036787095640634E-008   4.4825454622624145E-010  0.22242862770032279       0.44767425111795228       -8.0229335199928697E-002   5.1624126814212090E-011   8.7647383128988624E-003  -2.0830909608825264E-003   3.9031806905714023E-004  -1.7203631638585258E-002   5.5729325480759744E-003   5.4445012350205014E-003  -5.5703974360542044E-003   6.2052980484515402E-003   9.5565633581169030E-003  -4.9160819974082698E-003   3.8597179581034754E-003  -2.2110996978876789E-004  -1.3921886271578536E-003  -1.9025893695701205E-009  -2.8453948913880282E-011   1.1546487166499706E-010  -2.2073416068727974E-011   1.0301153898242224E-010  -4.1647836872162595E-011  -7.4556547316321300E-011   1.2038678220565650E-002   2.3326054768410414E-002  -4.3423149272961365E-003
  -4.2234782885651120E-002  -6.7789381655675870E-002  0.18188971383099686        2.1260083268096227E-009   1.2594480844474536E-011   1.5206102854187326E-011   6.6337296518322284E-011   2.5526790430590247E-011   1.0647528279237936E-010  -3.8121380411824833E-011   2.4802408521247147E-009  -1.0073812170209715E-010  -4.9985240615405803E-002  -8.0229335199919830E-002  0.10869237269104340       -1.1605046184664403E-011  -1.9696545270764501E-003   3.9031806905557372E-004  -4.3393417923287211E-004   2.9007702224389336E-003  -3.6071599253925195E-003  -2.5820137360345503E-004   1.7971096668284578E-005  -3.5016931635839781E-003  -4.1442882532515663E-004   2.9334434242068714E-003  -8.6737454992781462E-004  -1.3921886271583300E-003  -6.1033314138702237E-003   4.2755869225722868E-010   6.3944182120688134E-012  -2.2073481660073495E-011   2.2200835666988207E-011  -1.2378281064679916E-011   3.5633707400547495E-011   5.9839669856325956E-012  -2.7053901908571333E-003  -4.3423149272981210E-003   4.9790739900101577E-003
  -5.8941669784676218E-009  -9.4604953825778863E-009   2.1260083268096227E-009   7.6782861777191444E-002  -2.1923949500736946E-004   1.7258314784448527E-003  -3.8783722492745631E-004   1.2485177247944074E-003  -6.2250220942456377E-004  -1.0292782297776607E-003   8.4903271631228919E-002   2.8606184633080886E-003  -5.9240422617270570E-009  -9.5084469783905997E-009   2.1367839900076327E-009  -8.6257318349078284E-004  -1.9134143168233660E-010   8.7113517817820991E-011  -1.9576536730714676E-011   3.8491327340517218E-010  -1.4022996454739064E-010  -1.2820169043328500E-010   8.8442428343803016E-011  -1.3883703994303575E-010  -2.0577149246709288E-010   1.1807452809008523E-010  -1.9895472919873077E-011  -3.1931064230321391E-011   7.1718672554999843E-012   1.4096995520011877E-002   1.9519632883071790E-006  -1.5365660692781951E-005   3.4530458370965465E-006  -1.1115975094635125E-005   5.5423474713567908E-006   9.1640118010338023E-006  -3.1334467420992430E-010  -5.0293662745859304E-010   1.1302167857719735E-010
   8.5901210202356162E-011  -5.6043923502307848E-011   1.2594480844474536E-011  -2.1923949500736946E-004   6.3080647093717517E-007  -4.9656457397085900E-006   1.1159040078448603E-006  -3.5922955390011642E-006   1.7910934426655039E-006   2.9614890680211433E-006  -2.4174590618562125E-004  -1.0370698200784486E-004   4.5682151062041020E-011  -3.2268927728811567E-011   7.2516495384812053E-012   1.2187764744874402E-006  -4.8270639277426020E-013  -2.1265344725571923E-012   4.7788507504174837E-013   1.9723842243445750E-013   6.9181824845319492E-014   4.5037980268790192E-013   1.7538553446202874E-012  -7.1171455081502837E-013  -2.2650929697255459E-013   1.7428616004070534E-013  -1.6613714387561100E-011   1.2701394353408230E-011  -2.8572877910643069E-012  -4.4077724397968495E-005  -1.4056490184447950E-008   1.1065129134192593E-007  -2.4866095157308199E-008   8.0048428968005049E-008  -3.9911587079234073E-008  -6.5991938784775641E-008  -8.3875485090323459E-013   8.3040812858392643E-013  -1.8724900663802194E-013
   6.9802500882124330E-011   2.0889885208231898E-012   1.5206102854187326E-011   1.7258314784448527E-003  -4.9656457397085900E-006   3.9089068911508876E-005  -8.7842852566918089E-006   2.8278192854482461E-005  -1.4099309269575674E-005  -2.3312547114436597E-005   1.9029997066221903E-003   8.1637103871751637E-004   4.6604118882101798E-011   1.4934585981717565E-011   5.1793053315685530E-012  -9.5940869889107967E-006   3.4247188715412671E-013  -1.5337350264761444E-012   3.1217956620523266E-013  -1.2272702286366868E-012   2.8774922581537523E-013   7.6779880522606575E-013   6.2584210849648733E-013  -1.5093269277836422E-013   6.9407898442900618E-013  -1.2018600103192223E-013  -2.0678496496920427E-011  -1.0869430801149624E-011  -7.3952432306337484E-013   3.4697545836347100E-004   1.1065129142122124E-007  -8.7103595020759631E-007   1.9574342568103322E-007  -6.3013326408755999E-007   3.1418004032537184E-007   5.1948197267593091E-007  -1.7739197558938614E-012  -1.6130412916672100E-012   1.8656444088221177E-013
  -1.5686461269589873E-011   1.5205983187301346E-011   6.6337296518322284E-011  -3.8783722492745631E-004   1.1159040078448603E-006  -8.7842852566918089E-006   1.9740472111428372E-006  -6.3548127262857537E-006   3.1684651999937533E-006   5.2389087183650987E-006  -4.2765132892301516E-004  -1.8345886149485023E-004  -1.0473203159775586E-011   5.1791831625108397E-012   3.6818063246150289E-011   2.1560297857867180E-006  -7.6964764697613511E-014   3.1218003827106775E-013  -2.1473058037228081E-013  -1.2729506451550781E-013  -1.0479851542732325E-012   2.3055349629475982E-013  -6.5587043677776264E-013  -8.4601912666343695E-013   5.6776265742552595E-013   7.9063607823857185E-013   4.6477571267995079E-012  -7.4056049302108849E-013  -1.3995592491517827E-011  -7.7974008801187124E-005  -2.4866095175252877E-008   1.9574342568201760E-007  -4.3988412520057963E-008   1.4160660500786023E-007  -7.0604063310516315E-008  -1.1674050983476298E-007   3.9880761900128361E-013   1.8633536396466579E-013  -8.2511307158525632E-013
  -7.0770689721869259E-011   8.0329345201844709E-011   2.5526790430590247E-011   1.2485177247944074E-003  -3.5922955390011642E-006   2.8278192854482461E-005  -6.3548127262857537E-006   2.0457284181559707E-005  -1.0199858879797083E-005  -1.6864988642314553E-005   1.3766864804992678E-003   5.9058704442327208E-004  -3.2316644683432183E-011   5.3721377512165087E-011   1.1656513715213396E-011  -6.9406473216944833E-006   8.0978192781529226E-013   1.8455096114853273E-012  -5.0505437992955535E-013  -1.1321266684163256E-012  -3.9393581963460196E-013   4.5692252194806541E-014  -2.1378638493162009E-012   4.0835429595361504E-013   1.0227351869596360E-012   7.2076220262703347E-014   9.6597803782011975E-012  -2.3860732908521600E-011  -3.4814012623188664E-012   2.5101234694883712E-004   8.0048429033885061E-008  -6.3013326415459259E-007   1.4160660502221199E-007  -4.5585710952254167E-007   2.2728716799261842E-007   3.7580868049559596E-007   7.8043530681999103E-014  -2.0509358165824107E-012  -2.7537193591852697E-014
   1.5206152699973402E-011  -7.5339201868306061E-013   1.0647528279237936E-010  -6.2250220942456377E-004   1.7910934426655039E-006  -1.4099309269575674E-005   3.1684651999937533E-006  -1.0199858879797083E-005   5.0855783321207867E-006   8.4087654370099244E-006  -6.8640625501516510E-004  -2.9446257161162609E-004   5.1793615686101242E-012  -5.3867577383292573E-012   5.9095134925562880E-011   3.4605582394588299E-006  -3.1068765184395923E-013  -4.8525807125943272E-013  -1.1128462780346478E-013  -1.5093640425779366E-013  -1.5497595816415236E-012   5.6776660955861216E-013  -2.2574002764025368E-013  -1.5912775739830429E-012   7.8812036762188033E-013   1.2690148234299525E-012  -7.3952076296746226E-013   3.9181529625469044E-012  -2.2463153465304407E-011  -1.2515300140541991E-004  -3.9911587107792041E-008   3.1418004032502858E-007  -7.0604063310084103E-008   2.2728716796819165E-007  -1.1332379302507658E-007  -1.8737558086385948E-007   1.8657343899857144E-013   5.8131768851169447E-013  -1.3242303057217126E-012
  -1.5129940443496182E-011  -2.4284435742120131E-011  -3.8121380411824833E-011  -1.0292782297776607E-003   2.9614890680211433E-006  -2.3312547114436597E-005   5.2389087183650987E-006  -1.6864988642314553E-005   8.4087654370099244E-006   1.3903499574092259E-005  -1.1349405743055394E-003  -4.8688006209607402E-004  -1.3364905264854680E-011  -2.1451451627905732E-011  -1.8908311443144171E-011   5.7218708758361517E-006  -3.2705726714554089E-013   2.8101688694749098E-013   2.7171008391689487E-014   9.3485138173247065E-013   3.2476674485502947E-013  -4.9605969958698549E-013   3.8399952467342926E-013   3.0337305311644071E-013  -7.9620586789827936E-013  -2.4637318927631419E-013   6.9505483747832698E-012   1.1152765653722948E-011   6.3352069896058470E-012  -2.0693462253639958E-004  -6.5991938820849398E-008   5.1948197258762699E-007  -1.1674050981433180E-007   3.7580868039173628E-007  -1.8737558083221324E-007  -3.0981674157660766E-007   7.6004297584512611E-013   1.2192127529781079E-012   2.1402283757972453E-013
  -6.8762447818771967E-009  -1.1036787095640634E-008   2.4802408521247147E-009   8.4903271631228919E-002  -2.4174590618562125E-004   1.9029997066221903E-003  -4.2765132892301516E-004   1.3766864804992678E-003  -6.8640625501516510E-004  -1.1349405743055394E-003   9.3978985952451938E-002  -1.0358573372931085E-002  -6.9112299440300856E-009  -1.1092941658331788E-008   2.4928595002525993E-009  -2.9530646940319834E-004  -2.2323128556955717E-010   1.0163227923974347E-010  -2.2839265245524238E-011   4.4906469676013589E-010  -1.6360135422376660E-010  -1.4956837774277479E-010   1.0318264122399332E-010  -1.6197627147721711E-010  -2.4006631422041934E-010   1.3775339155211459E-010  -1.0426363068822673E-010  -1.6734045116745573E-010   3.7625559307860609E-011   1.5045351388261748E-002   9.5862612954095912E-007  -7.5462094777261904E-006   1.6958208139124907E-006  -5.4591519573039818E-006   2.7218950003908428E-006   4.5005258196048087E-006  -3.8238235133245066E-010  -6.1374474406039648E-010   1.3792818606037031E-010
   2.7927983607333610E-010   4.4825454622624145E-010  -1.0073812170209715E-010   2.8606184633080886E-003  -1.0370698200784486E-004   8.1637103871751637E-004  -1.8345886149485023E-004   5.9058704442327208E-004  -2.9446257161162609E-004  -4.8688006209607402E-004  -1.0358573372931085E-002   1.8988822984729328        2.8663398071751758E-010   4.6007271275353725E-010  -1.0338532329464719E-010  -7.8397515918476738E-004   9.5892800593475858E-012  -4.3647752337557161E-012   9.8129209859290999E-013  -1.9288717494202467E-011   7.0273094820749832E-012   6.4240176178941209E-012  -4.4339041235940954E-012   6.9579943408284282E-012   1.0311920768467473E-011  -5.9178890306092694E-012  -8.9830923651008433E-011  -1.4417595032071009E-010   3.2418792444022278E-011   7.6600494212365894E-002   1.6864160174649354E-004  -1.3275298990610223E-003   2.9832896113655294E-004  -9.6037453811834270E-004   4.7883603095848220E-004   7.9173293669606345E-004   2.7646736592209800E-011   4.4371570468428322E-011  -9.9717427502765159E-012
  0.22924243836283797       0.22242862770032279       -4.9985240615405803E-002  -5.9240422617270570E-009   4.5682151062041020E-011   4.6604118882101798E-011  -1.0473203159775586E-011  -3.2316644683432183E-011   5.1793615686101242E-012  -1.3364905264854680E-011  -6.9112299440300856E-009   2.8663398071751758E-010  0.20006019597272698       0.24192164050848486       -5.4365805049086779E-002   3.2942358263413251E-011   4.9759710848226689E-003  -4.0289334480015752E-003   9.0540147598893101E-004  -1.0591532963602981E-002   3.9646667597312175E-003   3.9155672037766952E-003  -1.1495026009756958E-003   3.3388783619659034E-003   5.5711530216628370E-003  -3.1634994110622968E-003  -6.6706676411154619E-003   2.4159930066062294E-003  -5.4293367274796487E-004  -1.1915418014808493E-009   2.0555045952185844E-012   8.3404429953148544E-011  -1.8742997869449903E-011   4.4149385305008050E-011  -2.4692929905433441E-011  -4.6204329856105061E-011   9.2052630328896268E-003   1.2890698997227668E-002  -2.8968604344639624E-003
  0.22242862770033545       0.44767425111795228       -8.0229335199919830E-002  -9.5084469783905997E-009  -3.2268927728811567E-011   1.4934585981717565E-011   5.1791831625108397E-012   5.3721377512165087E-011  -5.3867577383292573E-012  -2.1451451627905732E-011  -1.1092941658331788E-008   4.6007271275353725E-010  0.24192164050848486       0.43763475203282348       -8.7260406131812185E-002   5.2889508397328199E-011   8.6622280563930457E-003  -2.9068790341263799E-003   6.1095230126250561E-004  -1.7192751484067730E-002   5.8859821888440121E-003   5.5711530216670828E-003  -4.8297080222535673E-003   6.2013736095302245E-003   9.3866123036765534E-003  -5.0776079404654412E-003   2.4159930066125984E-003  -4.2980875578786685E-003  -8.7144139121634072E-004  -1.9124968384972682E-009  -2.2587126722652395E-011   1.1919218643687987E-010  -2.4692848901600834E-011   9.6748864793267221E-011  -4.2992271154294172E-011  -7.4160699496362175E-011   1.2890698997234286E-002   2.1864329353413349E-002  -4.6496362518729847E-003
  -4.9985240615414213E-002  -8.0229335199928697E-002  0.10869237269104340        2.1367839900076327E-009   7.2516495384812053E-012   5.1793053315685530E-012   3.6818063246150289E-011   1.1656513715213396E-011   5.9095134925562880E-011  -1.8908311443144171E-011   2.4928595002525993E-009  -1.0338532329464719E-010  -5.4365805049086779E-002  -8.7260406131812185E-002   6.8945465138636891E-002  -1.1880475651400821E-011  -1.9466179247742555E-003   6.1095230126079810E-004  -3.2550704351479084E-004   3.3388783619644887E-003  -2.6028254179279306E-003  -7.2721635836019410E-004   4.1462212144351780E-004  -2.5391158730919600E-003  -1.1672262503761260E-003   2.1351638571400966E-003  -5.4293367274524005E-004  -8.7144139120821440E-004  -7.9800679581710447E-003   4.2978558107439081E-010   5.0759533885240075E-012  -2.4692926224188897E-011   1.4860595129120440E-011  -1.5924484165987511E-011   2.3852173970385404E-011   1.0848508911470650E-011  -2.8968604344662414E-003  -4.6496362518739206E-003   2.2188664222375252E-003
   3.2170202361838014E-011   5.1624126814212090E-011  -1.1605046184664403E-011  -8.6257318349078284E-004   1.2187764744874402E-006  -9.5940869889107967E-006   2.1560297857867180E-006  -6.9406473216944833E-006   3.4605582394588299E-006   5.7218708758361517E-006  -2.9530646940319834E-004  -7.8397515918476738E-004   3.2942358263413251E-011   5.2889508397328199E-011  -1.1880475651400821E-011   2.0004855501096763        1.0447176281260305E-012  -4.7677049827782893E-013   1.0447671641233541E-013  -2.1017945942423854E-012   7.6537746851109815E-013   7.0036098764598993E-013  -4.8313063581193303E-013   7.6018198971164128E-013   1.1247732134009771E-012  -6.4395597823181133E-013  -9.7913323310176002E-012  -1.5703736571659574E-011   3.5340801133663347E-012  -2.5214111260683991E-003   1.9148935370102523E-006  -1.5073851240688153E-005   3.3874689988015860E-006  -1.0904871470103784E-005   5.4370926827216182E-006   8.9899779515770002E-006  -1.5002205746336508E-012  -2.4233838404994848E-012   5.3822388358201129E-013
   4.6865188380146618E-003   8.7647383128988624E-003  -1.9696545270764501E-003  -1.9134143168233660E-010  -4.8270639277426020E-013   3.4247188715412671E-013  -7.6964764697613511E-014   8.0978192781529226E-013  -3.1068765184395923E-013  -3.2705726714554089E-013  -2.2323128556955717E-010   9.5892800593475858E-012   4.9759710848226689E-003   8.6622280563930457E-003  -1.9466179247742555E-003   1.0447176281260305E-012   1.7286647061769806E-004  -6.3604892248258577E-005   1.4293600047016776E-005  -3.4276883894604037E-004   1.2396855638658290E-004   1.1084413134745918E-004  -8.9752451197798948E-005   1.2775745424721050E-004   1.8402044146375297E-004  -1.0587860455899276E-004   9.8802688091359004E-005   2.7388060185112959E-004  -6.1547777932159864E-005  -3.8426467848547178E-011  -4.1724829245199735E-013   2.4123992543619597E-012  -5.4212491483565344E-013   1.8869829904914230E-012  -9.1735867070013916E-013  -1.4697173700544285E-012   2.7531747872551091E-004   5.0670107200258578E-004  -1.1386832381241292E-004
  -5.3776563282688979E-003  -2.0830909608825264E-003   3.9031806905557372E-004   8.7113517817820991E-011  -2.1265344725571923E-012  -1.5337350264761444E-012   3.1218003827106775E-013   1.8455096114853273E-012  -4.8525807125943272E-013   2.8101688694749098E-013   1.0163227923974347E-010  -4.3647752337557161E-012  -4.0289334480015752E-003  -2.9068790341263799E-003   6.1095230126079810E-004  -4.7677049827782893E-013  -6.3604892248258577E-005   1.0875645368392258E-004  -2.4278344034837243E-005   1.5468679202886251E-004  -5.9944508229406253E-005  -6.9351874367952886E-005  -2.2089369128843578E-005  -3.2925196035245925E-005  -7.9120455112651966E-005   4.2637001383402221E-005  -3.4598255120189082E-004   5.2280524681476821E-005  -1.8967950342180747E-005   1.7494753750560184E-011  -4.0191791823797276E-013  -1.4458826293340373E-012   3.1672901586421185E-013  -3.0054754894458788E-013   2.5955914184895292E-013   7.0245779026975971E-013  -2.9451648717293577E-004  -1.3122605874852161E-004   2.5432347811598400E-005
   1.2084930267063569E-003   3.9031806905714023E-004  -4.3393417923287211E-004  -1.9576536730714676E-011   4.7788507504174837E-013   3.1217956620523266E-013  -2.1473058037228081E-013  -5.0505437992955535E-013  -1.1128462780346478E-013   2.7171008391689487E-014  -2.2839265245524238E-011   9.8129209859290999E-013   9.0540147598893101E-004   6.1095230126250561E-004  -3.2550704351479084E-004   1.0447671641233541E-013   1.4293600047016776E-005  -2.4278344034837243E-005   6.1765351851447089E-006  -3.2752859324794496E-005   1.8372032948285593E-005   1.3575982515864579E-005   7.5320130424133628E-006   1.1784843996177066E-005   1.4173088132692562E-005  -1.3387621606338972E-005   7.7750877884832367E-005  -1.8967950344541990E-005  -2.7862124141407053E-005  -3.9314787354536333E-012   9.0320801278138839E-014   3.1672956458154110E-013  -1.0764774705368006E-013   4.4755163666651101E-014  -1.1391115808587166E-013  -1.3507467710562336E-013   6.6185174223003663E-005   2.5432347811221206E-005  -2.3770288204715187E-005
  -1.0497519061556933E-002  -1.7203631638585258E-002   2.9007702224389336E-003   3.8491327340517218E-010   1.9723842243445750E-013  -1.2272702286366868E-012  -1.2729506451550781E-013  -1.1321266684163256E-012  -1.5093640425779366E-013   9.3485138173247065E-013   4.4906469676013589E-010  -1.9288717494202467E-011  -1.0591532963602981E-002  -1.7192751484067730E-002   3.3388783619644887E-003  -2.1017945942423854E-012  -3.4276883894604037E-004   1.5468679202886251E-004  -3.2752859324794496E-005   6.9427244637795815E-004  -2.3787575907097708E-004  -2.3439979170758918E-004   1.6642439967259187E-004  -2.3734920935621876E-004  -3.7796855449873584E-004   2.0132219547777417E-004  -2.9802562285812385E-004  -5.1124012550694657E-004   2.5319891907882439E-005   7.7300924020956515E-011   6.4415941962486519E-013  -4.9887208265794612E-012   1.0194007172584272E-012  -3.6706194970575845E-012   1.6496724777707996E-012   3.0264241595149062E-012  -6.0963588208055430E-004  -9.9698814990142773E-004   1.7370794330651794E-004
   4.0194106315291547E-003   5.5729325480759744E-003  -3.6071599253925195E-003  -1.4022996454739064E-010   6.9181824845319492E-014   2.8774922581537523E-013  -1.0479851542732325E-012  -3.9393581963460196E-013  -1.5497595816415236E-012   3.2476674485502947E-013  -1.6360135422376660E-010   7.0273094820749832E-012   3.9646667597312175E-003   5.8859821888440121E-003  -2.6028254179279306E-003   7.6537746851109815E-013   1.2396855638658290E-004  -5.9944508229406253E-005   1.8372032948285593E-005  -2.3787575907097708E-004   1.2340582523007304E-004   7.1554487579545938E-005  -3.7704587957140999E-005   1.1764514156911964E-004   1.1053052127099286E-004  -1.0138121610927286E-004   1.2666882895515520E-004   1.2180108688027978E-004  -2.4586487679201203E-004  -2.8161931068090173E-011  -1.9910009790105831E-013   1.7772678071941028E-012  -6.4744899606743621E-013   1.1338432520461132E-012  -1.0058186834242086E-012  -9.3473334157366792E-013   2.3226894780086713E-004   3.2699470816815329E-004  -1.9628330772095761E-004
   4.2098942417940375E-003   5.4445012350205014E-003  -2.5820137360345503E-004  -1.2820169043328500E-010   4.5037980268790192E-013   7.6779880522606575E-013   2.3055349629475982E-013   4.5692252194806541E-014   5.6776660955861216E-013  -4.9605969958698549E-013  -1.4956837774277479E-010   6.4240176178941209E-012   3.9155672037766952E-003   5.5711530216670828E-003  -7.2721635836019410E-004   7.0036098764598993E-013   1.1084413134745918E-004  -6.9351874367952886E-005   1.3575982515864579E-005  -2.3439979170758918E-004   7.1554487579545938E-005   8.5686784147991229E-005  -4.6008850457405465E-005   6.5944597959050917E-005   1.3107922468169719E-004  -5.9271141183995615E-005   1.6546790663636105E-004   1.4379073943661361E-004   5.7255117283426128E-005  -2.5746360119193282E-011  -8.4362030223474380E-014   1.7521471043607574E-012  -2.9206371019170160E-013   1.1389657996490952E-012  -4.1890649284127755E-013  -1.0545910994392276E-012   2.4025872337363565E-004   3.1717732514166541E-004  -2.0937555789883876E-005
  -4.9823251809663453E-005  -5.5703974360542044E-003   1.7971096668284578E-005   8.8442428343803016E-011   1.7538553446202874E-012   6.2584210849648733E-013  -6.5587043677776264E-013  -2.1378638493162009E-012  -2.2574002764025368E-013   3.8399952467342926E-013   1.0318264122399332E-010  -4.4339041235940954E-012  -1.1495026009756958E-003  -4.8297080222535673E-003   4.1462212144351780E-004  -4.8313063581193303E-013  -8.9752451197798948E-005  -2.2089369128843578E-005   7.5320130424133628E-006   1.6642439967259187E-004  -3.7704587957140999E-005  -4.6008850457405465E-005   9.1625662602700129E-005  -6.0028779050736792E-005  -1.0083935690914147E-004   3.9128779131136285E-005   1.5070487853243998E-004  -2.6754955709565759E-004  -5.4358795181252757E-005   1.7761547947288688E-011   5.7900753010092533E-013  -9.1725667545836223E-013   7.6157389013389441E-014  -1.3170862100340573E-012   3.3085144946781447E-013   7.3806898741995435E-013  -1.6890391375124972E-005  -3.1343012366710776E-004   6.0923132304986729E-006
   2.9007702224407867E-003   6.2052980484515402E-003  -3.5016931635839781E-003  -1.3883703994303575E-010  -7.1171455081502837E-013  -1.5093269277836422E-013  -8.4601912666343695E-013   4.0835429595361504E-013  -1.5912775739830429E-012   3.0337305311644071E-013  -1.6197627147721711E-010   6.9579943408284282E-012   3.3388783619659034E-003   6.2013736095302245E-003  -2.5391158730919600E-003   7.6018198971164128E-013   1.2775745424721050E-004  -3.2925196035245925E-005   1.1784843996177066E-005  -2.3734920935621876E-004   1.1764514156911964E-004   6.5944597959050917E-005  -6.0028779050736792E-005   1.2185422006251053E-004   1.1346225437363436E-004  -9.9608677228044652E-005   2.5319891908259904E-005   1.8440277144755949E-004  -2.3696130474691861E-004  -2.7882181090743229E-011  -3.9393921932863065E-013   1.6496719650837500E-012  -5.9269551623369621E-013   1.3239804753431471E-012  -1.0101842491194885E-012  -9.3003116967941688E-013   1.7370794330686220E-004   3.5961061890222413E-004  -1.9070213852267866E-004
   5.4445012350166329E-003   9.5565633581169030E-003  -4.1442882532515663E-004  -2.0577149246709288E-010  -2.2650929697255459E-013   6.9407898442900618E-013   5.6776265742552595E-013   1.0227351869596360E-012   7.8812036762188033E-013  -7.9620586789827936E-013  -2.4006631422041934E-010   1.0311920768467473E-011   5.5711530216628370E-003   9.3866123036765534E-003  -1.1672262503761260E-003   1.1247732134009771E-012   1.8402044146375297E-004  -7.9120455112651966E-005   1.4173088132692562E-005  -3.7796855449873584E-004   1.1053052127099286E-004   1.3107922468169719E-004  -1.0083935690914147E-004   1.1346225437363436E-004   2.1441064922658070E-004  -9.5133767391781778E-005   1.4379073943423230E-004   3.0667487357030935E-004   9.1897927065502806E-005  -4.1324434243149256E-011  -3.7490233873454494E-013   2.6765126902072105E-012  -4.1890512086930811E-013   2.0676049186540685E-012  -7.0344333510961705E-013  -1.6926818991357204E-012   3.1717732514098535E-004   5.5173669638734475E-004  -3.3606043725123514E-005
  -3.0628639875079546E-003  -4.9160819974082698E-003   2.9334434242068714E-003   1.1807452809008523E-010   1.7428616004070534E-013  -1.2018600103192223E-013   7.9063607823857185E-013   7.2076220262703347E-014   1.2690148234299525E-012  -2.4637318927631419E-013   1.3775339155211459E-010  -5.9178890306092694E-012  -3.1634994110622968E-003  -5.0776079404654412E-003   2.1351638571400966E-003  -6.4395597823181133E-013  -1.0587860455899276E-004   4.2637001383402221E-005  -1.3387621606338972E-005   2.0132219547777417E-004  -1.0138121610927286E-004  -5.9271141183995615E-005   3.9128779131136285E-005  -9.9608677228044652E-005  -9.5133767391781778E-005   8.4222468466369478E-005  -7.6824415916996598E-005  -1.2330783527752390E-004   1.9738772973023003E-004   2.3712493130718179E-011   2.2630378215218684E-013  -1.4656689656212228E-012   5.2200500356322554E-013  -1.0201951673178647E-012   8.3785117642082627E-013   7.9388290735672859E-013  -1.7880577271016011E-004  -2.8699408260947075E-004   1.5985830849850894E-004
  -4.0114727438223885E-003   3.8597179581034754E-003  -8.6737454992781462E-004  -1.9895472919873077E-011  -1.6613714387561100E-011  -2.0678496496920427E-011   4.6477571267995079E-012   9.6597803782011975E-012  -7.3952076296746226E-013   6.9505483747832698E-012  -1.0426363068822673E-010  -8.9830923651008433E-011  -6.6706676411154619E-003   2.4159930066125984E-003  -5.4293367274524005E-004  -9.7913323310176002E-012   9.8802688091359004E-005  -3.4598255120189082E-004   7.7750877884832367E-005  -2.9802562285812385E-004   1.2666882895515520E-004   1.6546790663636105E-004   1.5070487853243998E-004   2.5319891908259904E-005   1.4379073943423230E-004  -7.6824415916996598E-005   1.5563258352195470        6.1894974623500042E-003  -1.3909339060515613E-003   7.7700071478327939E-011   2.4961439828296919E-011   3.5550237409290108E-011  -7.9895286757882480E-012  -1.2003438027499485E-011  -2.6199537576961830E-013  -1.2959787060574457E-011  0.33004550033174196       -3.7893149535915293E-003   8.5155324510595020E-004
   3.8597179581085690E-003  -2.2110996978876789E-004  -1.3921886271583300E-003  -3.1931064230321391E-011   1.2701394353408230E-011  -1.0869430801149624E-011  -7.4056049302108849E-013  -2.3860732908521600E-011   3.9181529625469044E-012   1.1152765653722948E-011  -1.6734045116745573E-010  -1.4417595032071009E-010   2.4159930066062294E-003  -4.2980875578786685E-003  -8.7144139120821440E-004  -1.5703736571659574E-011   2.7388060185112959E-004   5.2280524681476821E-005  -1.8967950344541990E-005  -5.1124012550694657E-004   1.2180108688027978E-004   1.4379073943661361E-004  -2.6754955709565759E-004   1.8440277144755949E-004   3.0667487357030935E-004  -1.2330783527752390E-004   6.1894974623500042E-003   1.5624041137428846       -2.2325330680680352E-003   1.2471237778450812E-010  -2.0256928677709580E-011   2.2861487050855705E-011  -2.6315789027633697E-013   4.1047595261569061E-011  -8.2452819681106228E-012  -2.0803033610625395E-011  -3.7893149535803646E-003  0.32632427549228338        1.3667944757457539E-003
  -8.6737454993056655E-004  -1.3921886271578536E-003  -6.1033314138702237E-003   7.1718672554999843E-012  -2.8572877910643069E-012  -7.3952432306337484E-013  -1.3995592491517827E-011  -3.4814012623188664E-012  -2.2463153465304407E-011   6.3352069896058470E-012   3.7625559307860609E-011   3.2418792444022278E-011  -5.4293367274796487E-004  -8.7144139121634072E-004  -7.9800679581710447E-003   3.5340801133663347E-012  -6.1547777932159864E-005  -1.8967950342180747E-005  -2.7862124141407053E-005   2.5319891907882439E-005  -2.4586487679201203E-004   5.7255117283426128E-005  -5.4358795181252757E-005  -2.3696130474691861E-004   9.1897927065502806E-005   1.9738772973023003E-004  -1.3909339060515613E-003  -2.2325330680680352E-003   1.5529713015279287       -2.8037394867830525E-011   4.5506053965941310E-012  -2.6185353403752602E-013   2.1755407474340615E-011   4.3253104630433823E-012   3.4920546916386095E-011  -8.8822263485249109E-012   8.5155324510554720E-004   1.3667944757509863E-003  0.33209920255181302     
  -1.1853686401490540E-009  -1.9025893695701205E-009   4.2755869225722868E-010   1.4096995520011877E-002  -4.4077724397968495E-005   3.4697545836347100E-004  -7.7974008801187124E-005   2.5101234694883712E-004  -1.2515300140541991E-004  -2.0693462253639958E-004   1.5045351388261748E-002   7.6600494212365894E-002  -1.1915418014808493E-009  -1.9124968384972682E-009   4.2978558107439081E-010  -2.5214111260683991E-003  -3.8426467848547178E-011   1.7494753750560184E-011  -3.9314787354536333E-012   7.7300924020956515E-011  -2.8161931068090173E-011  -2.5746360119193282E-011   1.7761547947288688E-011  -2.7882181090743229E-011  -4.1324434243149256E-011   2.3712493130718179E-011   7.7700071478327939E-011   1.2471237778450812E-010  -2.8037394867830525E-011   5.6388577152953262E-003   7.1098227703329046E-006  -5.5967817001468121E-005   1.2577359436444543E-005  -4.0488780283697968E-005   2.0187422801816105E-005   3.3378957525369139E-005  -4.4834160308691577E-011  -7.1961929137188846E-011   1.6169036957089638E-011
   1.2133535411148629E-011  -2.8453948913880282E-011   6.3944182120688134E-012   1.9519632883071790E-006  -1.4056490184447950E-008   1.1065129142122124E-007  -2.4866095175252877E-008   8.0048429033885061E-008  -3.9911587107792041E-008  -6.5991938820849398E-008   9.5862612954095912E-007   1.6864160174649354E-004   2.0555045952185844E-012  -2.2587126722652395E-011   5.0759533885240075E-012   1.9148935370102523E-006  -4.1724829245199735E-013  -4.0191791823797276E-013   9.0320801278138839E-014   6.4415941962486519E-013  -1.9910009790105831E-013  -8.4362030223474380E-014   5.7900753010092533E-013  -3.9393921932863065E-013  -3.7490233873454494E-013   2.2630378215218684E-013   2.4961439828296919E-011  -2.0256928677709580E-011   4.5506053965941310E-012   7.1098227703329046E-006   1.5016781112146554E-008  -1.1821060585082000E-007   2.6564860997659468E-008  -8.5517061480181555E-008   4.2638209024779629E-008   7.0500280396719500E-008   5.5698000175928900E-012  -5.5305485346163705E-012   1.2425056252810201E-012
   8.8868619938414469E-011   1.1546487166499706E-010  -2.2073481660073495E-011  -1.5365660692781951E-005   1.1065129134192593E-007  -8.7103595020759631E-007   1.9574342568201760E-007  -6.3013326415459259E-007   3.1418004032502858E-007   5.1948197258762699E-007  -7.5462094777261904E-006  -1.3275298990610223E-003   8.3404429953148544E-011   1.1919218643687987E-010  -2.4692926224188897E-011  -1.5073851240688153E-005   2.4123992543619597E-012  -1.4458826293340373E-012   3.1672956458154110E-013  -4.9887208265794612E-012   1.7772678071941028E-012   1.7521471043607574E-012  -9.1725667545836223E-013   1.6496719650837500E-012   2.6765126902072105E-012  -1.4656689656212228E-012   3.5550237409290108E-011   2.2861487050855705E-011  -2.6185353403752602E-013  -5.5967817001468121E-005  -1.1821060585082000E-007   9.3054212026304304E-007  -2.0911594098799326E-007   6.7318179393185842E-007  -3.3564373640218369E-007  -5.5497118830683988E-007   1.1820110905680198E-011   1.0768062422712518E-011  -1.2502182667501478E-012
  -1.9970935494357876E-011  -2.2073416068727974E-011   2.2200835666988207E-011   3.4530458370965465E-006  -2.4866095157308199E-008   1.9574342568103322E-007  -4.3988412520057963E-008   1.4160660502221199E-007  -7.0604063310084103E-008  -1.1674050981433180E-007   1.6958208139124907E-006   2.9832896113655294E-004  -1.8742997869449903E-011  -2.4692848901600834E-011   1.4860595129120440E-011   3.3874689988015860E-006  -5.4212491483565344E-013   3.1672901586421185E-013  -1.0764774705368006E-013   1.0194007172584272E-012  -6.4744899606743621E-013  -2.9206371019170160E-013   7.6157389013389441E-014  -5.9269551623369621E-013  -4.1890512086930811E-013   5.2200500356322554E-013  -7.9895286757882480E-012  -2.6315789027633697E-013   2.1755407474340615E-011   1.2577359436444543E-005   2.6564860997659468E-008  -2.0911594098799326E-007   4.6993549053894108E-008  -1.5128067954006394E-007   7.5427489251782692E-008   1.2471581859314765E-007  -2.6563730508782413E-012  -1.2504881232955382E-012   5.4857353220562885E-012
   3.4317953741155837E-011   1.0301153898242224E-010  -1.2378281064679916E-011  -1.1115975094635125E-005   8.0048428968005049E-008  -6.3013326408755999E-007   1.4160660500786023E-007  -4.5585710952254167E-007   2.2728716796819165E-007   3.7580868039173628E-007  -5.4591519573039818E-006  -9.6037453811834270E-004   4.4149385305008050E-011   9.6748864793267221E-011  -1.5924484165987511E-011  -1.0904871470103784E-005   1.8869829904914230E-012  -3.0054754894458788E-013   4.4755163666651101E-014  -3.6706194970575845E-012   1.1338432520461132E-012   1.1389657996490952E-012  -1.3170862100340573E-012   1.3239804753431471E-012   2.0676049186540685E-012  -1.0201951673178647E-012  -1.2003438027499485E-011   4.1047595261569061E-011   4.3253104630433823E-012  -4.0488780283697968E-005  -8.5517061480181555E-008   6.7318179393185842E-007  -1.5128067954006394E-007   4.8699969384859414E-007  -2.4281464285501061E-007  -4.0148263253176404E-007  -4.9790431058649657E-013   1.3669602604475132E-011   1.7867762146041080E-013
  -2.2073490714521873E-011  -4.1647836872162595E-011   3.5633707400547495E-011   5.5423474713567908E-006  -3.9911587079234073E-008   3.1418004032537184E-007  -7.0604063310516315E-008   2.2728716799261842E-007  -1.1332379302507658E-007  -1.8737558083221324E-007   2.7218950003908428E-006   4.7883603095848220E-004  -2.4692929905433441E-011  -4.2992271154294172E-011   2.3852173970385404E-011   5.4370926827216182E-006  -9.1735867070013916E-013   2.5955914184895292E-013  -1.1391115808587166E-013   1.6496724777707996E-012  -1.0058186834242086E-012  -4.1890649284127755E-013   3.3085144946781447E-013  -1.0101842491194885E-012  -7.0344333510961705E-013   8.3785117642082627E-013  -2.6199537576961830E-013  -8.2452819681106228E-012   3.4920546916386095E-011   2.0187422801816105E-005   4.2638209024779629E-008  -3.3564373640218369E-007   7.5427489251782692E-008  -2.4281464285501061E-007   1.2106568346866317E-007   2.0017643391167693E-007  -1.2502522565921690E-012  -3.8838408191932836E-012   8.8053280012498514E-012
  -4.6450966623875813E-011  -7.4556547316321300E-011   5.9839669856325956E-012   9.1640118010338023E-006  -6.5991938784775641E-008   5.1948197267593091E-007  -1.1674050983476298E-007   3.7580868049559596E-007  -1.8737558086385948E-007  -3.0981674157660766E-007   4.5005258196048087E-006   7.9173293669606345E-004  -4.6204329856105061E-011  -7.4160699496362175E-011   1.0848508911470650E-011   8.9899779515770002E-006  -1.4697173700544285E-012   7.0245779026975971E-013  -1.3507467710562336E-013   3.0264241595149062E-012  -9.3473334157366792E-013  -1.0545910994392276E-012   7.3806898741995435E-013  -9.3003116967941688E-013  -1.6926818991357204E-012   7.9388290735672859E-013  -1.2959787060574457E-011  -2.0803033610625395E-011  -8.8822263485249109E-012   3.3378957525369139E-005   7.0500280396719500E-008  -5.5497118830683988E-007   1.2471581859314765E-007  -4.0148263253176404E-007   2.0017643391167693E-007   3.3098235226971151E-007  -5.0722092869929506E-012  -8.1415864929054482E-012  -1.4225506686301406E-012
   1.1503699282608252E-002   1.2038678220565650E-002  -2.7053901908571333E-003  -3.1334467420992430E-010  -8.3875485090323459E-013  -1.7739197558938614E-012   3.9880761900128361E-013   7.8043530681999103E-014   1.8657343899857144E-013   7.6004297584512611E-013  -3.8238235133245066E-010   2.7646736592209800E-011   9.2052630328896268E-003   1.2890698997234286E-002  -2.8968604344662414E-003  -1.5002205746336508E-012   2.7531747872551091E-004  -2.9451648717293577E-004   6.6185174223003663E-005  -6.0963588208055430E-004   2.3226894780086713E-004   2.4025872337363565E-004  -1.6890391375124972E-005   1.7370794330686220E-004   3.1717732514098535E-004  -1.7880577271016011E-004  0.33004550033174196       -3.7893149535803646E-003   8.5155324510554720E-004  -4.4834160308691577E-011   5.5698000175928900E-012   1.1820110905680198E-011  -2.6563730508782413E-012  -4.9790431058649657E-013  -1.2502522565921690E-012  -5.0722092869929506E-012   7.0575694330934260E-002  -1.2372822370716598E-003   2.7804806858142605E-004
   1.2038678220562465E-002   2.3326054768410414E-002  -4.3423149272981210E-003  -5.0293662745859304E-010   8.3040812858392643E-013  -1.6130412916672100E-012   1.8633536396466579E-013  -2.0509358165824107E-012   5.8131768851169447E-013   1.2192127529781079E-012  -6.1374474406039648E-010   4.4371570468428322E-011   1.2890698997227668E-002   2.1864329353413349E-002  -4.6496362518739206E-003  -2.4233838404994848E-012   5.0670107200258578E-004  -1.3122605874852161E-004   2.5432347811221206E-005  -9.9698814990142773E-004   3.2699470816815329E-004   3.1717732514166541E-004  -3.1343012366710776E-004   3.5961061890222413E-004   5.5173669638734475E-004  -2.8699408260947075E-004  -3.7893149535915293E-003  0.32632427549228338        1.3667944757509863E-003  -7.1961929137188846E-011  -5.5305485346163705E-012   1.0768062422712518E-011  -1.2504881232955382E-012   1.3669602604475132E-011  -3.8838408191932836E-012  -8.1415864929054482E-012  -1.2372822370716598E-003   6.9360644790216502E-002   4.4628397145282807E-004
  -2.7053901908555581E-003  -4.3423149272961365E-003   4.9790739900101577E-003   1.1302167857719735E-010  -1.8724900663802194E-013   1.8656444088221177E-013  -8.2511307158525632E-013  -2.7537193591852697E-014  -1.3242303057217126E-012   2.1402283757972453E-013   1.3792818606037031E-010  -9.9717427502765159E-012  -2.8968604344639624E-003  -4.6496362518729847E-003   2.2188664222375252E-003   5.3822388358201129E-013  -1.1386832381241292E-004   2.5432347811598400E-005  -2.3770288204715187E-005   1.7370794330651794E-004  -1.9628330772095761E-004  -2.0937555789883876E-005   6.0923132304986729E-006  -1.9070213852267866E-004  -3.3606043725123514E-005   1.5985830849850894E-004   8.5155324510595020E-004   1.3667944757457539E-003  0.33209920255181302        1.6169036957089638E-011   1.2425056252810201E-012  -1.2502182667501478E-012   5.4857353220562885E-012   1.7867762146041080E-013   8.8053280012498514E-012  -1.4225506686301406E-012   2.7804806858142605E-004   4.4628397145282807E-004   7.1246266534168337E-002
