  0.21133276664073380       -1.3182416109766039E-016  -2.3333792580418344E-015  -2.0668922230630790E-015   3.1257138513031713E-016   2.6802680008451070E-017  -3.8409685655147852E-016  -8.6266190962375610E-017  -7.3837577702577317E-018  -4.3189511793285012E-017  0.37996549594245366        5.5091192296009145E-016  -2.5182425047141910E-015   3.1983908744316601E-003  -8.7193338656297182E-016   2.5906672098362227E-015  -6.1200460491170304E-016   4.0153116199335510E-015   1.8241223848178591E-014  -7.8792495832641639E-017  -1.6848504701287671E-017   8.4155614244541086E-015  -7.1964410018945786E-017   8.8262374825445459E-015   7.7075071447485066E-017  -1.1820444076978811E-017   4.3218974153425263E-017  -3.3372937759595187E-017  -3.4706016946673856E-015  -3.5858958241008068E-017   4.0596911720074212E-017   2.0053212215539258E-017   1.2055438139934760E-016   2.3840705793399495E-017   1.0589343977679960E-018  0.18408677919628494        2.0465586555084778E-016  -1.0753625366479586E-015  -5.5726089701947075E-016
  -1.3182416109766039E-016  0.21133276664068296       -1.3041664644920792E-015   8.4368328900319372E-016  -3.9236143055696717E-016   1.2358108473364753E-018   3.0828971275268491E-017  -3.6632777946071766E-016   5.0851726179716039E-018  -3.8250061095627488E-016  -2.3364387410473170E-016  0.37996549594245776       -1.9419009586116309E-015  -1.4874495712013328E-015   3.1983908744501891E-003  -9.8046858853411203E-016   1.5529716210477913E-015  -2.9689258256899719E-015  -2.8472871888254296E-016   3.5316396610388138E-015   6.4245036174239872E-017  -1.3714302803949437E-016   1.4781468092541955E-017  -1.0235062384624726E-016   5.9099793594048178E-015   2.9017631851831342E-017   3.1138118561443327E-015   1.1263666214509831E-016  -3.2655014579849637E-015  -3.7526832799734060E-016  -3.0486329923450224E-017  -2.9878633536557761E-017  -3.2070811501493618E-016  -1.1521840302064793E-017  -3.0660562353097816E-016  -2.4569461184531863E-016  0.18408677919625369       -7.0323555193072679E-016  -6.8177208723397367E-016
  -2.3333792580418344E-015  -1.3041664644920792E-015  0.21133276664071785        3.5057175332334732E-015   1.4576945799072771E-016   1.7516629678180237E-016   3.7233591504817502E-017   2.1790202059575040E-016  -1.2113187646220567E-016  -3.4757197645082450E-016   4.1444305669616210E-016   1.7138153147067819E-015  0.37996549594245049        3.8513165096301649E-015   2.0616477004308659E-015   3.1983908744253240E-003  -9.6638712510921369E-016  -3.3955973300172191E-015  -7.8145285363880997E-017  -2.9445615324964738E-016   8.2804054867476196E-015  -4.2450029132684874E-017  -3.1255070492913927E-017  -4.1614253267456771E-017  -6.7988048318144766E-016   7.3839168914651522E-015  -3.7870499827046428E-016   1.6580500996694687E-014  -1.3282845407380488E-014   3.3539561270721896E-016  -1.3208528922090229E-016  -1.4721158606060975E-016   1.1907918434088224E-016  -1.3543629845120723E-017   3.3238824369455440E-016  -9.7768608530238166E-016  -9.8640883059320644E-016  0.18408677919627486        1.5512756453514571E-015
  -2.0668922230630790E-015   8.4368328900319372E-016   3.5057175332334732E-015  0.31365037769824650        1.7841324136638621E-014  -4.3414476102720125E-016  -4.8020018522674481E-017   1.9655905389265203E-014   2.4493807171831235E-016   1.8116629912697253E-014  -8.5382925705591317E-016   8.0463875727459603E-016   4.4281768513223461E-015   9.3192738444926857E-015   7.7897439656053548E-015  -9.4143051690462362E-015  0.51386100903077470        4.3441847883424114E-003  -5.9479765511130122E-016   1.3527031133787724E-017   3.9701399195038489E-018  -2.8017552373068250E-017  -1.9854425537834324E-017  -1.2743778782828080E-016  -2.1317277031371362E-017  -3.6065607695978399E-017  -5.9947967323186123E-017  -1.0038732758979025E-016  -4.6027800767312944E-005  -1.0130193920586660E-014   2.3784371074187927E-016   2.3625267762072585E-016  -9.7419128043350092E-015  -1.2692873613306205E-016  -8.3571889228085150E-015  -8.8713159227157496E-016   1.0063963315366762E-015   1.4878494680730110E-015   5.6234311361670654E-002
   3.1257138513031713E-016  -3.9236143055696717E-016   1.4576945799072771E-016   1.7841324136638621E-014   1.2645169308735782E-027  -1.0862863028174359E-029  -2.2263581050440791E-030   1.3665780218758709E-027   5.7723567533792605E-030   1.2740349898585375E-027   5.7502964435896331E-016  -7.0306787540373220E-016   2.6377484977593142E-016  -4.2874630179679068E-015  -7.8849742803181202E-016  -5.5358334294815543E-016   2.9148144277098627E-014   2.0263334951255075E-014  -4.6995750740395033E-029  -1.8478980784095077E-029   4.9720537675317702E-030  -2.5947720528588042E-029  -1.6317972279516456E-030  -2.7567000627434617E-030  -5.7532787987005871E-029   3.7787440669128490E-030  -2.0015002854939679E-029   3.8497481691034728E-030   3.9554962713442304E-015  -6.3333461444480426E-028   4.5385022411301300E-030   1.0480721349352955E-029  -5.7590859046793050E-028   4.7320862165039052E-030  -4.5712046237496719E-028   2.8520170885716599E-017  -3.8621783261821568E-016   9.5412984973034071E-017   5.0759463577272758E-015
   2.6802680008451070E-017   1.2358108473364753E-018   1.7516629678180237E-016  -4.3414476102720125E-016  -1.0862863028174359E-029   2.1363693169945851E-030   2.3694772343545206E-030  -1.3918856869959503E-029  -3.2416150420714990E-030  -1.4105964344656784E-029   5.0948482748150462E-017   1.6038763318922528E-018   3.1555389180942560E-016  -9.0745609011020631E-016   2.0341718488747949E-016  -1.9936817930978377E-016  -7.1586507325753153E-016   1.1116382689688109E-015  -8.5122522226932068E-030   1.4549331354220399E-030   6.7429020143082310E-030  -5.9231902958007189E-030  -8.2222405515424718E-032  -1.1479080907587008E-030   2.8097265220439567E-030   5.9700269711391311E-030   2.0532203953434424E-030   1.0531978356905580E-029  -6.1617656536522536E-016   7.8507503490348508E-030  -7.3325430500331771E-031  -3.3475088328868575E-030   1.2039945030297658E-029   3.0752683003311299E-030   1.3767963601106425E-029  -2.8210186425679943E-017   1.2627456112576568E-017   1.4111041296876752E-016   2.7099150673570759E-017
  -3.8409685655147852E-016   3.0828971275268491E-017   3.7233591504817502E-017  -4.8020018522674481E-017  -2.2263581050440791E-030   2.3694772343545206E-030   2.0702240921207345E-029   2.9235170555667189E-030  -1.6244783257616206E-029  -6.9081014408814819E-030  -6.9337283302228720E-016   5.3106003854579765E-017   6.5736564404880805E-017   9.1116840953241834E-016   7.6493113014169251E-016   3.9795828938264305E-016  -8.4419497114586009E-017   1.3486500965473271E-015  -2.6704296366119390E-029   4.3320416972404341E-030   9.4095232171968691E-030  -5.4915857411163078E-030   4.8681754360465693E-031  -8.3547977600706437E-030   2.4009502760145539E-029   4.5371578300332663E-030   6.9550958392521355E-030  -2.2926118069682095E-030  -6.0172184444974308E-015  -1.4361152071415917E-029   2.6894613042815236E-030  -2.0926104862172819E-029  -1.9776765083696901E-029   1.5442376962886900E-029  -7.9849200868606644E-030  -2.8250208059402698E-016   7.0268195477892033E-017   5.5001261220400590E-017   1.1883625912485877E-016
  -8.6266190962375610E-017  -3.6632777946071766E-016   2.1790202059575040E-016   1.9655905389265203E-014   1.3665780218758709E-027  -1.3918856869959503E-029   2.9235170555667189E-030   1.4850652678729669E-027   5.0639359927636270E-030   1.3830475287531822E-027  -1.5002819186572618E-016  -6.5976402144926100E-016   3.9127971406298059E-016  -1.6711501076254294E-015   3.6483163608807851E-016   1.6684775223334305E-016   3.2118295986093112E-014   2.0946540029028806E-014  -5.2329677645069996E-029  -8.0616128222417366E-030   1.3164865542475973E-029  -2.0901049103390633E-029  -1.6777283444063948E-030  -1.0192487632045791E-029  -3.2615649067074468E-029   8.0290087530658203E-030  -1.1480423419428799E-029   1.5444579380909087E-029   3.1945332337133305E-015  -6.8944481001976949E-028   6.5813106429445862E-030   8.4303577239603815E-030  -6.4208029604855249E-028   5.6977043052554793E-030  -5.1359937976367449E-028  -1.6997459839662543E-016  -2.9806553623805280E-016   1.9909707333685563E-016   5.4631261970338207E-015
  -7.3837577702577317E-018   5.0851726179716039E-018  -1.2113187646220567E-016   2.4493807171831235E-016   5.7723567533792605E-030  -3.2416150420714990E-030  -1.6244783257616206E-029   5.0639359927636270E-030   1.5843906053252902E-029   1.3292743925417016E-029  -1.6156545074811362E-017   1.0981966442432169E-017  -2.1291307515682804E-016   9.4799552127873449E-016  -6.0516275096584959E-016  -1.6064618709775597E-015   4.0733281095680638E-016  -1.4283343762074189E-015   1.4413666351021139E-029  -2.9405105642924333E-030  -1.7982817890092196E-029   4.1876079244138366E-030   3.2279028531429222E-031  -4.7266337296138043E-032  -1.6913541461951249E-029  -1.1829237168348470E-029  -5.4060794642460678E-030  -1.7962738693228776E-029   4.9751133459852714E-015   8.5516927119432610E-030  -1.0744519381881893E-030   1.7796042296026593E-029   7.2751551831073455E-030  -1.3817690358705060E-029  -1.4945918326910778E-030   4.7411070864552406E-017  -2.9941910679752728E-017  -1.9664163780041904E-016  -9.1112245973855400E-017
  -4.3189511793285012E-017  -3.8250061095627488E-016  -3.4757197645082450E-016   1.8116629912697253E-014   1.2740349898585375E-027  -1.4105964344656784E-029  -6.9081014408814819E-030   1.3830475287531822E-027   1.3292743925417016E-029   1.2961069123895236E-027  -7.5004382715137171E-017  -6.8969968840006318E-016  -6.2512146550839307E-016  -8.7215412006741786E-016   6.4686867823847936E-016   6.2153680712649053E-017   2.9599857443652390E-014   2.0125539132885317E-014  -3.2804645016003423E-029  -3.1075529456489468E-030  -1.2252660159661782E-029  -1.4057197809213047E-029  -1.7425733903611442E-030  -7.2424653841196935E-030  -2.9211701008893427E-029  -1.3398890114844978E-029  -8.3477390037452666E-030  -2.4275275682475382E-029   6.4347467632690077E-015  -6.2881803899751828E-028   4.6086364896221864E-030   1.8777626586708565E-029  -5.8579303264568346E-028  -2.3866894311055502E-030  -4.7179807794265149E-028  -8.7113713688536392E-017  -2.9612254743010017E-016  -2.9893297666002649E-016   5.1116650487475356E-015
  0.37996549594245366       -2.3364387410473170E-016   4.1444305669616210E-016  -8.5382925705591317E-016   5.7502964435896331E-016   5.0948482748150462E-017  -6.9337283302228720E-016  -1.5002819186572618E-016  -1.6156545074811362E-017  -7.5004382715137171E-017  0.68317598477822261        9.7172297335371138E-016   3.8259461787940041E-015  -1.6286166089182236E-007   2.0445067181937542E-015  -6.9574269847931525E-015   3.6822643190436458E-015  -5.5061083808939058E-015   3.2724523895511446E-014  -1.3923707840423840E-016  -3.0403487814845973E-017   1.5086003075239984E-014  -1.3028541240409160E-016   1.5847746901474253E-014   1.3535820363523962E-016  -1.9960964779144033E-017   8.1164899404066358E-017  -6.1193354037992571E-017   1.7241333004273393E-014  -7.5311046768585542E-017   7.0966162605264377E-017   3.6182979754638907E-017   2.3075279513342290E-016   4.4806227217375028E-017   1.5981215432029184E-017  0.33065202349058892        5.7331340331612593E-016   1.4133998333699938E-015  -1.6843603550204230E-015
   5.5091192296009145E-016  0.37996549594245776        1.7138153147067819E-015   8.0463875727459603E-016  -7.0306787540373220E-016   1.6038763318922528E-018   5.3106003854579765E-017  -6.5976402144926100E-016   1.0981966442432169E-017  -6.8969968840006318E-016   9.7172297335371138E-016  0.68317598477840169        3.7960493038877163E-015   1.8964546763761223E-015  -1.6286164442700916E-007   1.6316107671757521E-015   1.6424982624314613E-015   8.2469839497687247E-015  -5.1078724094650940E-016   6.2912085995728872E-015   1.1212471033703313E-016  -2.4686146408849367E-016   2.8280779830989030E-017  -1.8257550804086603E-016   1.0512069974323630E-014   5.4079249857088542E-017   5.5451612402872528E-015   2.0396288694525357E-016   8.8171806495433617E-015  -6.7858727719158925E-016  -5.4036368980377773E-017  -5.2671877714474747E-017  -5.8083591546622383E-016  -2.1427647592362885E-017  -5.5118694873112122E-016   5.0363562604203993E-016  0.33065202349061484        2.4621519829470112E-015  -8.7207754309378286E-017
  -2.5182425047141910E-015  -1.9419009586116309E-015  0.37996549594245049        4.4281768513223461E-015   2.6377484977593142E-016   3.1555389180942560E-016   6.5736564404880805E-017   3.9127971406298059E-016  -2.1291307515682804E-016  -6.2512146550839307E-016   3.8259461787940041E-015   3.7960493038877163E-015  0.68317598477826258       -2.9044116016310045E-015   3.5722394823006071E-015  -1.6286162315849847E-007  -4.8984006927423266E-015  -9.2208762440916550E-015  -1.4277241723666138E-016  -5.2855788220467606E-016   1.4857747682765744E-014  -7.9458092861813728E-017  -5.4579805887273635E-017  -7.2519804934216634E-017  -1.2219136248475456E-015   1.3255705906622928E-014  -6.7852791232119934E-016   2.9751677878455556E-014   2.3988804303610977E-014   5.9982295720039518E-016  -2.3605614871228686E-016  -2.6422552466514558E-016   2.1873136405687955E-016  -2.4555733146683037E-017   6.0557600669942530E-016  -8.6221855393267544E-016  -1.4298085556242041E-015  0.33065202349059580        2.2088935402284593E-015
   3.1983908744316601E-003  -1.4874495712013328E-015   3.8513165096301649E-015   9.3192738444926857E-015  -4.2874630179679068E-015  -9.0745609011020631E-016   9.1116840953241834E-016  -1.6711501076254294E-015   9.4799552127873449E-016  -8.7215412006741786E-016  -1.6286166089182236E-007   1.8964546763761223E-015  -2.9044116016310045E-015   1.8925944045178296        1.9240145873809355E-015  -9.0321130633811038E-015   2.1486378172180096E-015  -6.3575650539885176E-015   2.4057609872643233E-014  -8.0017522302698866E-016   3.6188950818166219E-017   1.4853039797329021E-014   2.9414048431850005E-016   7.1684654920889016E-015   1.0604768454165448E-015  -4.2523814863890420E-016  -1.1378264290800819E-015   3.9129282909811848E-016   1.8721390652876182E-014   3.5663782583971677E-015   6.6704004351884441E-016  -4.1929903719678717E-017  -4.6062682404643899E-015  -6.3870104361768329E-016  -4.6327975330342883E-015  0.11026346533518011       -2.8571585981190025E-016   4.4950344444891210E-015  -6.8045454276329891E-016
  -8.7193338656297182E-016   3.1983908744501891E-003   2.0616477004308659E-015   7.7897439656053548E-015  -7.8849742803181202E-016   2.0341718488747949E-016   7.6493113014169251E-016   3.6483163608807851E-016  -6.0516275096584959E-016   6.4686867823847936E-016   2.0445067181937542E-015  -1.6286164442700916E-007   3.5722394823006071E-015   1.9240145873809355E-015   1.8925944045178338        3.5620683106699774E-015  -1.1006755665746551E-014  -5.6968555700012267E-015  -3.7961912597334427E-016   1.9305262925043657E-014   1.1148295729265729E-015   9.1822759031337790E-017  -5.6070969840732045E-016  -4.7731752550794949E-016   3.7531049407292835E-014  -6.2716172408372159E-016   1.7592353925875025E-014  -4.7480769648375974E-016   4.6020430032281304E-015   1.2692575304245274E-015  -2.5600324083385963E-016  -3.4547062217193790E-016   1.3836576910273942E-015   2.3413307283346596E-016  -2.9081319152944603E-017  -6.9610480506426646E-016  0.11026346533519754        1.3880506783575143E-015   3.1311048134614545E-015
   2.5906672098362227E-015  -9.8046858853411203E-016   3.1983908744253240E-003  -9.4143051690462362E-015  -5.5358334294815543E-016  -1.9936817930978377E-016   3.9795828938264305E-016   1.6684775223334305E-016  -1.6064618709775597E-015   6.2153680712649053E-017  -6.9574269847931525E-015   1.6316107671757521E-015  -1.6286162315849847E-007  -9.0321130633811038E-015   3.5620683106699774E-015   1.8925944045178809        1.8476849680477769E-014   2.2874518178504864E-014   7.4626297168790890E-016  -2.8721995345860678E-016   9.9974352471698900E-015   1.0311172491162742E-015  -5.3203574053749791E-016  -7.5771723990394851E-016  -1.6716392020858130E-016   6.7590932877444772E-015  -7.8381400182720201E-016   1.9738189272825901E-014   2.3274969013347817E-014   1.0585796824945770E-015  -4.7143750687345855E-016  -1.5143148128232748E-016  -1.5229374484635194E-015   6.7253542027016515E-017  -2.6142475931308799E-015   3.6008929128403255E-015  -8.8501051647739415E-016  0.11026346533517226       -1.6848409687236907E-014
  -6.1200460491170304E-016   1.5529716210477913E-015  -9.6638712510921369E-016  0.51386100903077470        2.9148144277098627E-014  -7.1586507325753153E-016  -8.4419497114586009E-017   3.2118295986093112E-014   4.0733281095680638E-016   2.9599857443652390E-014   3.6822643190436458E-015   1.6424982624314613E-015  -4.8984006927423266E-015   2.1486378172180096E-015  -1.1006755665746551E-014   1.8476849680477769E-014  0.84190004712010380        9.8277163132246231E-007  -9.7780961776152443E-016   2.5153493680252437E-017   4.3468049299658931E-018  -4.5360504819599998E-017  -3.2635887975161343E-017  -2.1219102165273108E-016  -2.7543076726703885E-017  -6.0144510269562120E-017  -9.6177126010184440E-017  -1.6387882022273375E-016   2.4926094932263612E-007  -1.6575531417280339E-014   3.9165796768194003E-016   3.9302191412839846E-016  -1.5944733455984457E-014  -2.1523883050359072E-016  -1.3692354554406800E-014   2.0159234714240300E-016   4.4053096214560094E-016  -1.4921592347885970E-015   9.1462443260496032E-002
   4.0153116199335510E-015  -2.9689258256899719E-015  -3.3955973300172191E-015   4.3441847883424114E-003   2.0263334951255075E-014   1.1116382689688109E-015   1.3486500965473271E-015   2.0946540029028806E-014  -1.4283343762074189E-015   2.0125539132885317E-014  -5.5061083808939058E-015   8.2469839497687247E-015  -9.2208762440916550E-015  -6.3575650539885176E-015  -5.6968555700012267E-015   2.2874518178504864E-014   9.8277163132246231E-007   1.7396979345513714        8.2553545183381114E-016  -7.2184965777595681E-016   5.1221207964109108E-016  -1.4054791092426961E-016   2.4466828124589658E-017   8.1873845004108412E-016  -1.8331391598239107E-015   2.5161061889740650E-016  -5.0082420280419981E-016  -1.1657209775160406E-016  -1.7943619751162825E-006  -5.2320337676937368E-015  -4.9338467705799067E-016  -1.3944763303987351E-015  -3.9181721805375006E-015   1.7359544556219351E-015   4.3758430185952037E-017   6.4721153077322647E-015  -1.2170779454534024E-015   2.1405809236843599E-015  0.16397652732386400     
   1.8241223848178591E-014  -2.8472871888254296E-016  -7.8145285363880997E-017  -5.9479765511130122E-016  -4.6995750740395033E-029  -8.5122522226932068E-030  -2.6704296366119390E-029  -5.2329677645069996E-029   1.4413666351021139E-029  -3.2804645016003423E-029   3.2724523895511446E-014  -5.1078724094650940E-016  -1.4277241723666138E-016   2.4057609872643233E-014  -3.7961912597334427E-016   7.4626297168790890E-016  -9.7780961776152443E-016   8.2553545183381114E-016   1.8774741181358871E-027  -2.4823156773308463E-029  -1.8116852746459518E-030   9.1119692187288054E-028  -2.7287511410389015E-030   8.4954968345251210E-028   9.9300755186276683E-031  -6.8518031971460619E-030  -1.8751130543181094E-029   6.6477468019109913E-030   1.9151519361250017E-015   6.3655260788520525E-029   1.0160551874048867E-029   6.4078344860988207E-030  -2.6204508879550572E-029  -9.4569132471213614E-030  -4.0839610645337853E-029   1.7240032169734933E-014  -2.6933398857225998E-016  -2.5623102273025051E-017  -2.8698992135901526E-017
  -7.8792495832641639E-017   3.5316396610388138E-015  -2.9445615324964738E-016   1.3527031133787724E-017  -1.8478980784095077E-029   1.4549331354220399E-030   4.3320416972404341E-030  -8.0616128222417366E-030  -2.9405105642924333E-030  -3.1075529456489468E-030  -1.3923707840423840E-016   6.2912085995728872E-015  -5.2855788220467606E-016  -8.0017522302698866E-016   1.9305262925043657E-014  -2.8721995345860678E-016   2.5153493680252437E-017  -7.2184965777595681E-016  -2.4823156773308463E-029   2.5648691971201854E-028  -1.6654044861936205E-030  -1.1157014473905441E-029  -5.5344666849741324E-030  -1.3657305837906749E-029   4.7934067900840740E-028  -1.7451458469009590E-029   2.3171726280004280E-028  -2.7524139179844025E-029   1.0112582256288710E-015   8.6935704715295753E-030  -3.4544145203833883E-030   1.0433100121952947E-031   1.4582823103658534E-029  -6.7327372341962334E-031  -2.8069122234159553E-030  -1.1400832644104205E-016   4.1696323542651716E-015  -2.7255162081888674E-016  -6.5455296121169466E-017
  -1.6848504701287671E-017   6.4245036174239872E-017   8.2804054867476196E-015   3.9701399195038489E-018   4.9720537675317702E-030   6.7429020143082310E-030   9.4095232171968691E-030   1.3164865542475973E-029  -1.7982817890092196E-029  -1.2252660159661782E-029  -3.0403487814845973E-017   1.1212471033703313E-016   1.4857747682765744E-014   3.6188950818166219E-017   1.1148295729265729E-015   9.9974352471698900E-015   4.3468049299658931E-018   5.1221207964109108E-016  -1.8116852746459518E-030  -1.6654044861936205E-030   3.7813192612671111E-028   4.0028117380783563E-030  -4.1583761516363071E-030  -5.1213125638173670E-030  -1.6165625312497060E-030   3.2426557308608662E-028  -7.6182683681074008E-030   7.4847813755213572E-028  -1.6531651168632170E-015   1.3734572899898840E-029  -7.0680089351890893E-030  -1.2539944760501724E-029  -8.3259793147740236E-030   4.3865742331630007E-030  -2.7071426406142602E-030  -1.2606671909368939E-017   1.1921807213469192E-016   7.7734938430091448E-015   4.8995505556822397E-017
   8.4155614244541086E-015  -1.3714302803949437E-016  -4.2450029132684874E-017  -2.8017552373068250E-017  -2.5947720528588042E-029  -5.9231902958007189E-030  -5.4915857411163078E-030  -2.0901049103390633E-029   4.1876079244138366E-030  -1.4057197809213047E-029   1.5086003075239984E-014  -2.4686146408849367E-016  -7.9458092861813728E-017   1.4853039797329021E-014   9.1822759031337790E-017   1.0311172491162742E-015  -4.5360504819599998E-017  -1.4054791092426961E-016   9.1119692187288054E-028  -1.1157014473905441E-029   4.0028117380783563E-030   4.5073452476646982E-028  -8.1486622646601529E-031   4.0635623469902183E-028   1.0831587344186273E-029  -1.4127862802880112E-030  -8.4982141638441071E-030   7.6255660773280874E-030  -8.4630243409302623E-016   2.6415790094545910E-029   7.0333005015244348E-030  -2.2374157633067090E-030  -3.2721491413866573E-029  -2.0786211187649459E-030  -3.7496126268637194E-029   8.1668578060944167E-015  -1.1412944781671941E-016   2.1616313861554579E-017  -1.8050211315244763E-017
  -7.1964410018945786E-017   1.4781468092541955E-017  -3.1255070492913927E-017  -1.9854425537834324E-017  -1.6317972279516456E-030  -8.2222405515424718E-032   4.8681754360465693E-031  -1.6777283444063948E-030   3.2279028531429222E-031  -1.7425733903611442E-030  -1.3028541240409160E-016   2.8280779830989030E-017  -5.4579805887273635E-017   2.9414048431850005E-016  -5.6070969840732045E-016  -5.3203574053749791E-016  -3.2635887975161343E-017   2.4466828124589658E-017  -2.7287511410389015E-030  -5.5344666849741324E-030  -4.1583761516363071E-030  -8.1486622646601529E-031   4.0903370110136364E-031  -1.4182699545530262E-030  -1.0153941133423718E-029  -2.7665064275844984E-030  -4.8843449522336389E-030  -7.9729238944905294E-030  -1.7692911088467414E-016  -3.8424527179099147E-032   3.8391404444888561E-031  -4.5919331016546799E-031  -6.9367550446746093E-031   2.5891048131647799E-031   2.8661376813762974E-031  -4.5920379556543169E-017  -1.8979557050398161E-017  -5.7412896830540244E-017  -1.2132061639456152E-018
   8.8262374825445459E-015  -1.0235062384624726E-016  -4.1614253267456771E-017  -1.2743778782828080E-016  -2.7567000627434617E-030  -1.1479080907587008E-030  -8.3547977600706437E-030  -1.0192487632045791E-029  -4.7266337296138043E-032  -7.2424653841196935E-030   1.5847746901474253E-014  -1.8257550804086603E-016  -7.2519804934216634E-017   7.1684654920889016E-015  -4.7731752550794949E-016  -7.5771723990394851E-016  -2.1219102165273108E-016   8.1873845004108412E-016   8.4954968345251210E-028  -1.3657305837906749E-029  -5.1213125638173670E-030   4.0635623469902183E-028  -1.4182699545530262E-030   3.9657540935889670E-028  -3.7418494778840072E-030  -5.4519808231687589E-030  -8.0272165361300967E-030  -1.3000437831087682E-029  -1.3281675131827146E-015   9.6494611441418212E-030   4.8170251508736765E-030  -4.1996544080119644E-030  -1.3080583668111500E-029   2.5753344361570001E-030  -1.4024686062760133E-029   8.0878287471820987E-015  -1.1617394103888692E-016  -7.9244043998627984E-017   5.4315076356201397E-017
   7.7075071447485066E-017   5.9099793594048178E-015  -6.7988048318144766E-016  -2.1317277031371362E-017  -5.7532787987005871E-029   2.8097265220439567E-030   2.4009502760145539E-029  -3.2615649067074468E-029  -1.6913541461951249E-029  -2.9211701008893427E-029   1.3535820363523962E-016   1.0512069974323630E-014  -1.2219136248475456E-015   1.0604768454165448E-015   3.7531049407292835E-014  -1.6716392020858130E-016  -2.7543076726703885E-017  -1.8331391598239107E-015   9.9300755186276683E-031   4.7934067900840740E-028  -1.6165625312497060E-030   1.0831587344186273E-029  -1.0153941133423718E-029  -3.7418494778840072E-030   9.1545957672704996E-028  -3.5360039438083412E-029   4.3571320446216115E-028  -6.5639053986302900E-029  -3.0651102820830627E-015   1.4214130688489391E-029  -2.9745486422176022E-030  -1.5692602041844328E-029   1.2157655644647436E-029   9.4762200293012930E-030  -1.5462514158578480E-029   1.2729628950997760E-016   7.2743413748363937E-015  -6.0113605239977183E-016  -1.7532291634416771E-016
  -1.1820444076978811E-017   2.9017631851831342E-017   7.3839168914651522E-015  -3.6065607695978399E-017   3.7787440669128490E-030   5.9700269711391311E-030   4.5371578300332663E-030   8.0290087530658203E-030  -1.1829237168348470E-029  -1.3398890114844978E-029  -1.9960964779144033E-017   5.4079249857088542E-017   1.3255705906622928E-014  -4.2523814863890420E-016  -6.2716172408372159E-016   6.7590932877444772E-015  -6.0144510269562120E-017   2.5161061889740650E-016  -6.8518031971460619E-030  -1.7451458469009590E-029   3.2426557308608662E-028  -1.4127862802880112E-030  -2.7665064275844984E-030  -5.4519808231687589E-030  -3.5360039438083412E-029   2.8192663643238292E-028  -2.1093080123104717E-029   6.4678190373555644E-028  -6.8908338303344227E-016   1.2912296743570722E-029  -6.0805569840248084E-030  -8.0172636656309839E-030  -1.9426299035209228E-030   1.7333705603813405E-030   3.6488974401946105E-030  -3.4435554577379878E-017  -1.0364821717511873E-017   6.8094501815702917E-015   1.7283613776819998E-017
   4.3218974153425263E-017   3.1138118561443327E-015  -3.7870499827046428E-016  -5.9947967323186123E-017  -2.0015002854939679E-029   2.0532203953434424E-030   6.9550958392521355E-030  -1.1480423419428799E-029  -5.4060794642460678E-030  -8.3477390037452666E-030   8.1164899404066358E-017   5.5451612402872528E-015  -6.7852791232119934E-016  -1.1378264290800819E-015   1.7592353925875025E-014  -7.8381400182720201E-016  -9.6177126010184440E-017  -5.0082420280419981E-016  -1.8751130543181094E-029   2.3171726280004280E-028  -7.6182683681074008E-030  -8.4982141638441071E-030  -4.8843449522336389E-030  -8.0272165361300967E-030   4.3571320446216115E-028  -2.1093080123104717E-029   2.1040690665232506E-028  -4.1007522891078708E-029  -2.1692499524754645E-016   5.9800613219906301E-030  -2.5723919484598207E-030  -3.6323185220179062E-030   1.3726279286702668E-029   2.4294826676106699E-030  -1.6211798254344262E-031  -2.7007165223116580E-017   3.7087560713279557E-015  -3.7406781637758714E-016  -5.7621953728155289E-017
  -3.3372937759595187E-017   1.1263666214509831E-016   1.6580500996694687E-014  -1.0038732758979025E-016   3.8497481691034728E-030   1.0531978356905580E-029  -2.2926118069682095E-030   1.5444579380909087E-029  -1.7962738693228776E-029  -2.4275275682475382E-029  -6.1193354037992571E-017   2.0396288694525357E-016   2.9751677878455556E-014   3.9129282909811848E-016  -4.7480769648375974E-016   1.9738189272825901E-014  -1.6387882022273375E-016  -1.1657209775160406E-016   6.6477468019109913E-030  -2.7524139179844025E-029   7.4847813755213572E-028   7.6255660773280874E-030  -7.9729238944905294E-030  -1.3000437831087682E-029  -6.5639053986302900E-029   6.4678190373555644E-028  -4.1007522891078708E-029   1.5066012550205892E-027   3.0933584909769988E-015   4.8416846187654857E-029  -1.6649612976443683E-029  -2.9609033034528229E-030   3.7926490440561581E-030  -8.0069787454220064E-030   4.0461684418870957E-030  -6.8201968641750426E-018   7.1053955831659438E-017   1.5549545367057911E-014  -2.9248324371203392E-017
  -3.4706016946673856E-015  -3.2655014579849637E-015  -1.3282845407380488E-014  -4.6027800767312944E-005   3.9554962713442304E-015  -6.1617656536522536E-016  -6.0172184444974308E-015   3.1945332337133305E-015   4.9751133459852714E-015   6.4347467632690077E-015   1.7241333004273393E-014   8.8171806495433617E-015   2.3988804303610977E-014   1.8721390652876182E-014   4.6020430032281304E-015   2.3274969013347817E-014   2.4926094932263612E-007  -1.7943619751162825E-006   1.9151519361250017E-015   1.0112582256288710E-015  -1.6531651168632170E-015  -8.4630243409302623E-016  -1.7692911088467414E-016  -1.3281675131827146E-015  -3.0651102820830627E-015  -6.8908338303344227E-016  -2.1692499524754645E-016   3.0933584909769988E-015   2.0000955871720634        4.8201456636289298E-015  -1.0276384295307946E-015   6.4975910323440794E-015   5.3519707409804925E-015  -4.7609929198568166E-015   2.1935278597843076E-015  -1.5145900857144406E-014  -5.3006714383541419E-015  -1.8305010100829552E-014  -2.9580351091165871E-004
  -3.5858958241008068E-017  -3.7526832799734060E-016   3.3539561270721896E-016  -1.0130193920586660E-014  -6.3333461444480426E-028   7.8507503490348508E-030  -1.4361152071415917E-029  -6.8944481001976949E-028   8.5516927119432610E-030  -6.2881803899751828E-028  -7.5311046768585542E-017  -6.7858727719158925E-016   5.9982295720039518E-016   3.5663782583971677E-015   1.2692575304245274E-015   1.0585796824945770E-015  -1.6575531417280339E-014  -5.2320337676937368E-015   6.3655260788520525E-029   8.6935704715295753E-030   1.3734572899898840E-029   2.6415790094545910E-029  -3.8424527179099147E-032   9.6494611441418212E-030   1.4214130688489391E-029   1.2912296743570722E-029   5.9800613219906301E-030   4.8416846187654857E-029   4.8201456636289298E-015   3.6306702730591596E-028  -8.0436223966893977E-030   1.1535732363857573E-029   3.3074502204232211E-028  -1.3471006365085122E-029   2.6559876496757627E-028   1.7132909108306972E-016  -2.5448352261084206E-016   3.5198320355716154E-016  -2.2945943025299559E-015
   4.0596911720074212E-017  -3.0486329923450224E-017  -1.3208528922090229E-016   2.3784371074187927E-016   4.5385022411301300E-030  -7.3325430500331771E-031   2.6894613042815236E-030   6.5813106429445862E-030  -1.0744519381881893E-030   4.6086364896221864E-030   7.0966162605264377E-017  -5.4036368980377773E-017  -2.3605614871228686E-016   6.6704004351884441E-016  -2.5600324083385963E-016  -4.7143750687345855E-016   3.9165796768194003E-016  -4.9338467705799067E-016   1.0160551874048867E-029  -3.4544145203833883E-030  -7.0680089351890893E-030   7.0333005015244348E-030   3.8391404444888561E-031   4.8170251508736765E-030  -2.9745486422176022E-030  -6.0805569840248084E-030  -2.5723919484598207E-030  -1.6649612976443683E-029  -1.0276384295307946E-015  -8.0436223966893977E-030   1.3304917640993111E-030  -2.5912179456907068E-030  -1.0493154825972092E-029   1.5950216017842292E-030  -8.6508943480781664E-030   7.3209191716122522E-017  -4.1068079030643580E-017  -1.4171559549206712E-016  -3.8034568601361872E-018
   2.0053212215539258E-017  -2.9878633536557761E-017  -1.4721158606060975E-016   2.3625267762072585E-016   1.0480721349352955E-029  -3.3475088328868575E-030  -2.0926104862172819E-029   8.4303577239603815E-030   1.7796042296026593E-029   1.8777626586708565E-029   3.6182979754638907E-017  -5.2671877714474747E-017  -2.6422552466514558E-016  -4.1929903719678717E-017  -3.4547062217193790E-016  -1.5143148128232748E-016   3.9302191412839846E-016  -1.3944763303987351E-015   6.4078344860988207E-030   1.0433100121952947E-031  -1.2539944760501724E-029  -2.2374157633067090E-030  -4.5919331016546799E-031  -4.1996544080119644E-030  -1.5692602041844328E-029  -8.0172636656309839E-030  -3.6323185220179062E-030  -2.9609033034528229E-030   6.4975910323440794E-015   1.1535732363857573E-029  -2.5912179456907068E-030   2.2593835695935460E-029   1.3027575208453569E-029  -1.6979146039885923E-029   8.2519080534931329E-031   1.5069431562489678E-017  -4.5620092163925062E-017  -1.3670564221989105E-016  -8.9700698346685032E-017
   1.2055438139934760E-016  -3.2070811501493618E-016   1.1907918434088224E-016  -9.7419128043350092E-015  -5.7590859046793050E-028   1.2039945030297658E-029  -1.9776765083696901E-029  -6.4208029604855249E-028   7.2751551831073455E-030  -5.8579303264568346E-028   2.3075279513342290E-016  -5.8083591546622383E-016   2.1873136405687955E-016  -4.6062682404643899E-015   1.3836576910273942E-015  -1.5229374484635194E-015  -1.5944733455984457E-014  -3.9181721805375006E-015  -2.6204508879550572E-029   1.4582823103658534E-029  -8.3259793147740236E-030  -3.2721491413866573E-029  -6.9367550446746093E-031  -1.3080583668111500E-029   1.2157655644647436E-029  -1.9426299035209228E-030   1.3726279286702668E-029   3.7926490440561581E-030   5.3519707409804925E-015   3.3074502204232211E-028  -1.0493154825972092E-029   1.3027575208453569E-029   3.3921244939301172E-028  -1.0876013662198689E-029   2.7911606555171128E-028  -1.5668099179449098E-016  -2.0050758605944142E-016   1.7137197644106665E-017  -2.1023053562181832E-015
   2.3840705793399495E-017  -1.1521840302064793E-017  -1.3543629845120723E-017  -1.2692873613306205E-016   4.7320862165039052E-030   3.0752683003311299E-030   1.5442376962886900E-029   5.6977043052554793E-030  -1.3817690358705060E-029  -2.3866894311055502E-030   4.4806227217375028E-017  -2.1427647592362885E-017  -2.4555733146683037E-017  -6.3870104361768329E-016   2.3413307283346596E-016   6.7253542027016515E-017  -2.1523883050359072E-016   1.7359544556219351E-015  -9.4569132471213614E-030  -6.7327372341962334E-031   4.3865742331630007E-030  -2.0786211187649459E-030   2.5891048131647799E-031   2.5753344361570001E-030   9.4762200293012930E-030   1.7333705603813405E-030   2.4294826676106699E-030  -8.0069787454220064E-030  -4.7609929198568166E-015  -1.3471006365085122E-029   1.5950216017842292E-030  -1.6979146039885923E-029  -1.0876013662198689E-029   1.3371616144718566E-029  -2.1367556626790739E-031  -1.5525181675585970E-017   3.2698957046675992E-018  -7.9665632762408589E-018   1.4094424406702232E-016
   1.0589343977679960E-018  -3.0660562353097816E-016   3.3238824369455440E-016  -8.3571889228085150E-015  -4.5712046237496719E-028   1.3767963601106425E-029  -7.9849200868606644E-030  -5.1359937976367449E-028  -1.4945918326910778E-030  -4.7179807794265149E-028   1.5981215432029184E-017  -5.5118694873112122E-016   6.0557600669942530E-016  -4.6327975330342883E-015  -2.9081319152944603E-017  -2.6142475931308799E-015  -1.3692354554406800E-014   4.3758430185952037E-017  -4.0839610645337853E-029  -2.8069122234159553E-030  -2.7071426406142602E-030  -3.7496126268637194E-029   2.8661376813762974E-031  -1.4024686062760133E-029  -1.5462514158578480E-029   3.6488974401946105E-030  -1.6211798254344262E-031   4.0461684418870957E-030   2.1935278597843076E-015   2.6559876496757627E-028  -8.6508943480781664E-030   8.2519080534931329E-031   2.7911606555171128E-028  -2.1367556626790739E-031   2.4102802328807313E-028  -2.6217442986844277E-016  -2.6846462621163753E-016   1.4078678984021618E-016  -1.4837100056669186E-015
  0.18408677919628494       -2.4569461184531863E-016  -9.7768608530238166E-016  -8.8713159227157496E-016   2.8520170885716599E-017  -2.8210186425679943E-017  -2.8250208059402698E-016  -1.6997459839662543E-016   4.7411070864552406E-017  -8.7113713688536392E-017  0.33065202349058892        5.0363562604203993E-016  -8.6221855393267544E-016  0.11026346533518011       -6.9610480506426646E-016   3.6008929128403255E-015   2.0159234714240300E-016   6.4721153077322647E-015   1.7240032169734933E-014  -1.1400832644104205E-016  -1.2606671909368939E-017   8.1668578060944167E-015  -4.5920379556543169E-017   8.0878287471820987E-015   1.2729628950997760E-016  -3.4435554577379878E-017  -2.7007165223116580E-017  -6.8201968641750426E-018  -1.5145900857144406E-014   1.7132909108306972E-016   7.3209191716122522E-017   1.5069431562489678E-017  -1.5668099179449098E-016  -1.5525181675585970E-017  -2.6217442986844277E-016  0.16645709729006100        1.1875190162268477E-016   1.5095482372787239E-016  -1.4041096925121315E-016
   2.0465586555084778E-016  0.18408677919625369       -9.8640883059320644E-016   1.0063963315366762E-015  -3.8621783261821568E-016   1.2627456112576568E-017   7.0268195477892033E-017  -2.9806553623805280E-016  -2.9941910679752728E-017  -2.9612254743010017E-016   5.7331340331612593E-016  0.33065202349061484       -1.4298085556242041E-015  -2.8571585981190025E-016  0.11026346533519754       -8.8501051647739415E-016   4.4053096214560094E-016  -1.2170779454534024E-015  -2.6933398857225998E-016   4.1696323542651716E-015   1.1921807213469192E-016  -1.1412944781671941E-016  -1.8979557050398161E-017  -1.1617394103888692E-016   7.2743413748363937E-015  -1.0364821717511873E-017   3.7087560713279557E-015   7.1053955831659438E-017  -5.3006714383541419E-015  -2.5448352261084206E-016  -4.1068079030643580E-017  -4.5620092163925062E-017  -2.0050758605944142E-016   3.2698957046675992E-018  -2.6846462621163753E-016   1.1875190162268477E-016  0.16645709729004524       -5.1909397732943091E-016  -2.8682542006808412E-016
  -1.0753625366479586E-015  -7.0323555193072679E-016  0.18408677919627486        1.4878494680730110E-015   9.5412984973034071E-017   1.4111041296876752E-016   5.5001261220400590E-017   1.9909707333685563E-016  -1.9664163780041904E-016  -2.9893297666002649E-016   1.4133998333699938E-015   2.4621519829470112E-015  0.33065202349059580        4.4950344444891210E-015   1.3880506783575143E-015  0.11026346533517226       -1.4921592347885970E-015   2.1405809236843599E-015  -2.5623102273025051E-017  -2.7255162081888674E-016   7.7734938430091448E-015   2.1616313861554579E-017  -5.7412896830540244E-017  -7.9244043998627984E-017  -6.0113605239977183E-016   6.8094501815702917E-015  -3.7406781637758714E-016   1.5549545367057911E-014  -1.8305010100829552E-014   3.5198320355716154E-016  -1.4171559549206712E-016  -1.3670564221989105E-016   1.7137197644106665E-017  -7.9665632762408589E-018   1.4078678984021618E-016   1.5095482372787239E-016  -5.1909397732943091E-016  0.16645709729005509        5.6741688836536368E-016
  -5.5726089701947075E-016  -6.8177208723397367E-016   1.5512756453514571E-015   5.6234311361670654E-002   5.0759463577272758E-015   2.7099150673570759E-017   1.1883625912485877E-016   5.4631261970338207E-015  -9.1112245973855400E-017   5.1116650487475356E-015  -1.6843603550204230E-015  -8.7207754309378286E-017   2.2088935402284593E-015  -6.8045454276329891E-016   3.1311048134614545E-015  -1.6848409687236907E-014   9.1462443260496032E-002  0.16397652732386400       -2.8698992135901526E-017  -6.5455296121169466E-017   4.8995505556822397E-017  -1.8050211315244763E-017  -1.2132061639456152E-018   5.4315076356201397E-017  -1.7532291634416771E-016   1.7283613776819998E-017  -5.7621953728155289E-017  -2.9248324371203392E-017  -2.9580351091165871E-004  -2.2945943025299559E-015  -3.8034568601361872E-018  -8.9700698346685032E-017  -2.1023053562181832E-015   1.4094424406702232E-016  -1.4837100056669186E-015  -1.4041096925121315E-016  -2.8682542006808412E-016   5.6741688836536368E-016   2.5392061973541411E-002
