  0.23287262446433368       -3.4658982947426162E-017  -3.0205328742082346E-016  -2.2960171423350215E-015   1.1005049562192245E-017  -1.4874159434461243E-017  -5.3353039629822751E-017   1.0094824944378602E-016   2.2681535875278957E-017   8.7537052293512751E-017  0.23424203925795509       -5.7551243812252321E-017  -3.2864527771456773E-017  -1.6714422096527669E-015  -5.6888942923651021E-015  -1.1948380916725595E-002  -5.1203294290298181E-018   3.9550191735700502E-015  -1.4622959876699135E-003  -5.3812806274695683E-016   3.1906819363236817E-016   1.4560211280612345E-014  -2.1418467778799641E-014  -1.5555442438366114E-017   6.5042089452009919E-017  -7.0958512320889330E-015   7.6413316041283888E-018  -7.3335486308116153E-015   6.1791084609049327E-017   7.2436406857527710E-017   3.4798921191744338E-017   1.8814558607204350E-016   6.7670600674040390E-016  -1.7162177934588256E-015  -1.7585280725859749E-016   2.3413981903292879E-016  -3.9510950723180718E-017   8.1973245679174417E-018  -3.5356134318011612E-017  -8.5186058200676873E-017   9.7263653139719325E-002  -6.6957761819275572E-017   7.8902396617185315E-017  -1.2291146341770734E-015   2.7006868416022939E-015  -7.8993723032099616E-016   1.4263033457184859E-015  -1.4236856427169375E-016  -4.7556947394055650E-016
  -3.4658982947426162E-017  0.23287262446435883        1.0810076524488781E-015  -9.1237476185778952E-016   8.1213906176663614E-016   4.4237466000265446E-018   3.9058983037044091E-017   9.4685454780203134E-016  -9.6352926187189776E-018   9.1226069582269281E-016  -2.7410456822318707E-016  0.23424203925794171        1.2128320070122158E-015   4.4704874361761343E-016  -7.8552958996843346E-015  -7.0842076391449933E-016  -1.1948380916764544E-002   3.2395880080058790E-015   2.0033737860543182E-016  -1.4622959876704027E-003  -1.3396986969947532E-015   3.0105298009102509E-015   1.9629971837767633E-017  -2.9983070857765603E-015  -1.0175232050743681E-016  -4.1665002548246359E-018  -7.3270183804986893E-019   2.1181651790657819E-017  -1.1982463092216835E-014  -4.8768165877992264E-017  -3.0179959137382877E-015  -2.5678046925222659E-016   3.9097749989314845E-016   1.5429504159117302E-015   2.3453046451185248E-016  -5.6192087828366163E-017  -1.0226371271799252E-016   4.6963299301343865E-016  -6.0808283701083219E-018   5.5643752273958187E-016  -8.8109499755790833E-017   9.7263653139724696E-002   3.4900925967756579E-016  -2.0501216216325879E-015  -6.7353452179987066E-016  -7.8900704911508287E-016   5.1627417068329795E-016   1.2395707714599641E-016   2.2854505013310588E-015
  -3.0205328742082346E-016   1.0810076524488781E-015  0.23287262446434936        3.2719042291361675E-015  -7.6440442154676429E-016  -6.5982952576678390E-017  -7.3786095771585862E-018  -7.5957621155765408E-016  -5.5350476359022669E-017  -7.8548892477931485E-016   3.5147342398439226E-016  -2.2920855747557384E-015  0.23424203925793613        3.9416760192332056E-015  -6.6698926364307471E-015  -1.6955516531638282E-015   1.5921868967053275E-015  -1.1948380916750814E-002  -4.7629949303552302E-016  -3.0032159920561307E-015  -1.4622959876754204E-003   1.0869048538409285E-015  -2.9565788436803159E-016   3.6213926772865970E-016  -2.7504530297712858E-015  -1.1964329181317215E-016   4.2533855169636446E-017  -1.5335710541632982E-016   7.7088498947775910E-016  -2.8249477904690660E-015   3.2682879334262409E-016  -8.3578542331951043E-015   7.2831328357232732E-016  -1.2400548827836239E-016  -1.9373099173946769E-016   8.9004528639390474E-017  -1.6235242499252255E-017  -5.6318832262168780E-016  -1.2399422933750857E-016  -6.9007891018738026E-019  -3.7114978745597566E-016   5.1413730235975779E-016   9.7263653139724016E-002   1.4205203158035012E-015   7.2354030443582656E-016  -2.7630086285987698E-016  -4.2599664706230103E-015  -1.6716655045224134E-015   3.1543137100351366E-015
  -2.2960171423350215E-015  -9.1237476185778952E-016   3.2719042291361675E-015  0.15787166384588044        1.1561545940866110E-014  -3.8197886585481752E-016   1.1024778366909444E-015   7.6702649266115774E-015   6.2916308276432741E-017   8.4832671921676864E-015  -1.6077411836073096E-015  -3.8774637029094869E-015   5.0776156425164326E-016  0.35061112889166679        1.8016530162318029E-003   9.0615180078008555E-015   1.0232188599607363E-015  -2.1554323348922482E-014  -6.5632961537596428E-017   1.0887494149636521E-015  -3.8756121354065729E-015  -1.2171294035461298E-003   7.8810341178144830E-016   3.1092816650811651E-016   9.2566001139626266E-017   1.1194318995519449E-016  -7.1234856412370487E-018   1.3447568856991529E-016   8.0908475040386598E-016   1.1321165142766816E-016   3.1143434770936987E-016   1.8106719372431589E-016  -1.6422924181474914E-004  0.16103603752551238        1.3735285566747970E-014   6.8693301954325102E-017  -7.5495096864310076E-016   1.0523263446504111E-014  -3.9412163098418125E-017   2.2779005673373380E-014  -3.8107913849806887E-016   1.1459851190604483E-016   2.8243369735952168E-016   5.5226990803191259E-014  -2.1323765446080178E-015   7.2088625415089344E-016  -9.9256714356664421E-014   1.4253236501066960E-015   2.2305991939874490E-014
   1.1005049562192245E-017   8.1213906176663614E-016  -7.6440442154676429E-016   1.1561545940866110E-014   5.2369919674385346E-006   2.4154228017149148E-020   3.4680065268563083E-018  -2.6184959837406163E-006  -2.2221589485050560E-018  -2.6184959837423489E-006   1.3891656660173331E-017   8.3292744052569353E-016  -7.7470915030791615E-016   2.5480749523243742E-014  -2.8585899111951405E-014  -1.7377904186512000E-015  -4.5745972894160610E-015   2.6411649800724545E-015   5.0332442373345439E-016  -9.5380274518834284E-016   4.3939615791470787E-015   1.8791994794833026E-014   2.3571574095664680E-018  -4.1227058283430971E-020  -5.3094868226203023E-020   2.0372988660085961E-018   1.1798815025846651E-019  -3.8225076819394399E-019   1.8507107645389771E-018  -1.3500786809986155E-018  -1.1598813110851738E-019  -1.4493484424911468E-018  -1.8256788294334594E-015   1.0918710130013096E-014   2.6106630527848496E-004  -2.6731868159850822E-017   1.3043668494082750E-016  -1.3053315263901130E-004  -8.1554865660765524E-017  -1.3053315263954787E-004  -7.7979428225464633E-017   1.2238618804072850E-016  -1.9567173185011039E-016   3.1362830425841152E-003  -3.1142175259347348E-016   1.5705770835510291E-015  -1.5681415212891140E-003  -9.8437992281394539E-016  -1.5681415212950632E-003
  -1.4874159434461243E-017   4.4237466000265446E-018  -6.5982952576678390E-017  -3.8197886585481752E-016   2.4154228017149148E-020   5.2369919674987137E-006  -8.0758166599284833E-018   9.6032853794589007E-019   5.2337898064008328E-018   1.6666466504953647E-018  -2.8494126062675331E-017   9.4756021060598431E-018  -7.5041658469506113E-017  -8.4249267244860337E-016   7.3948451726967965E-016   2.6620722211779429E-018  -6.6607140996994394E-016   1.1192373680041718E-015   5.6115262891451278E-016  -4.5096157531079290E-016  -1.0158836221372883E-015  -4.9638592998037206E-016  -6.6221430808462377E-019  -8.3398504991706664E-019   3.9903579406485268E-019   7.0170362635348991E-022  -1.3698219397209492E-020  -2.2072868550223940E-018  -9.3459681931632862E-019   1.2800701492477686E-018  -2.3534708961750254E-018   1.5728072363118379E-018   1.3346107590436863E-015  -3.6901329871936173E-016   2.8344348506772386E-017   2.6106630527992982E-004  -1.7439470718519012E-016  -7.2542467930999958E-018   7.4278109939864829E-017  -1.5944263235422974E-017   8.4564304637368458E-019  -2.6781463917619824E-017   2.7408473272546056E-017   3.2611983349455741E-016   3.1362830426022001E-003  -2.1427918254742588E-015  -1.1498484170375054E-016   8.9490332263226318E-016  -2.1067222973296824E-016
  -5.3353039629822751E-017   3.9058983037044091E-017  -7.3786095771585862E-018   1.1024778366909444E-015   3.4680065268563083E-018  -8.0758166599284833E-018   5.2369919674981445E-006   1.0434646453384910E-018   7.0189179076791007E-018   2.2704307792470376E-018  -4.9684227835646582E-017   4.9278195616930583E-017  -1.1995419765931349E-017   2.4033868347972592E-015   4.4821305275860817E-015  -2.8310152479527366E-017  -1.5350813194705886E-015  -1.5767165271860520E-015  -8.1790291071908567E-016   1.9942692352548302E-015  -2.0963699250618343E-015  -1.0817617900306269E-014   3.2849466778476232E-019   1.8634268050230875E-018   1.7554613230601440E-018   3.7826237084249461E-019   1.1907574072781505E-018   8.4805909143332355E-019  -3.4304516493906731E-018   4.1608864041943880E-018  -2.9945016737430281E-018   5.5994047588760703E-018   6.0201569335139327E-016   1.2839992925994964E-015   4.3279371985550376E-017  -2.2095652622230071E-016   2.6106630527992131E-004   3.0383936223198341E-018   1.9745823679885760E-016  -4.0345697154002054E-017  -2.5114424552910119E-017  -5.8652343548894776E-017  -7.8428043498483725E-017   5.0984735870436526E-016  -2.6922839474551124E-015   3.1362830426020318E-003  -1.4557750123811042E-017   2.3546818721225757E-015  -4.9291054118614275E-016
   1.0094824944378602E-016   9.4685454780203134E-016  -7.5957621155765408E-016   7.6702649266115774E-015  -2.6184959837406163E-006   9.6032853794589007E-019   1.0434646453384910E-018   5.2369919675132767E-006   2.2592454345445692E-018  -2.6184959837404905E-006   9.8683061338863972E-017   9.5272803062621570E-016  -7.4895104889471701E-016   1.7802140001240055E-014  -4.4110378828327915E-014  -9.2178601231430381E-017  -2.9662264030217383E-015   2.6539343949683948E-015   5.2083754537635632E-016  -1.2885179969949429E-015   5.3728916187232579E-015   1.8063762046916069E-014  -1.2258200479972710E-018   1.1506093867533150E-018  -1.0991886451117858E-018  -1.2552894999851358E-018  -4.5115023385318524E-020   6.2552082960989471E-019  -8.3664368758316136E-020  -2.2602564730713458E-018   1.5547080194496961E-018  -2.1856652067742123E-020  -9.6515307940221122E-016   6.3779922575232187E-015  -1.3053315264054618E-004   5.7125266500655973E-017   5.3221440435831122E-017   2.6106630528035960E-004  -2.9922336197627204E-017  -1.3053315263975728E-004   3.8810840150197205E-017   2.5884186936734809E-016  -1.9907385362723344E-016  -1.5681415213078056E-003   6.9325562611212077E-016   6.3894272044431820E-016   3.1362830426065651E-003  -3.6728527738910899E-016  -1.5681415212986571E-003
   2.2681535875278957E-017  -9.6352926187189776E-018  -5.5350476359022669E-017   6.2916308276432741E-017  -2.2221589485050560E-018   5.2337898064008328E-018   7.0189179076791007E-018   2.2592454345445692E-018   5.2369919674771847E-006  -3.3787816027184223E-018   2.1906899945949200E-017  -1.2980262440898463E-017  -4.2048058718661532E-017   1.5232872789211757E-016  -2.5162514055291178E-015   2.5275906775562003E-016  -1.8205428267867775E-015   7.4414766639890726E-016   2.4702634710342149E-016   2.7272970833929190E-016  -1.2964068928488860E-015   3.0398388418453964E-015   7.0230751336479169E-020   2.2311181892073977E-018  -3.8033623808571798E-019   4.3907961817157385E-019  -4.7263251233127349E-019  -5.0959426310507397E-019   3.9092003110304614E-018  -4.5523426918499107E-018   1.2957571701226575E-018  -5.8785306418624024E-018   2.2514102843904582E-015  -2.1124308206867772E-017  -2.8615929376073612E-017   1.8676605632972844E-016   1.5741549546817635E-016   1.4157462334375434E-016   2.6106630527939682E-004  -1.1606769526168974E-016   2.2016615045167394E-017  -9.0813495965772099E-017   1.0720546635915872E-017  -3.4736889367940628E-016   2.2335795036697884E-015   1.8437700993705615E-015   1.7222984175023600E-015   3.1362830425957500E-003  -1.3752134382653443E-015
   8.7537052293512751E-017   9.1226069582269281E-016  -7.8548892477931485E-016   8.4832671921676864E-015  -2.6184959837423489E-006   1.6666466504953647E-018   2.2704307792470376E-018  -2.6184959837404905E-006  -3.3787816027184223E-018   5.2369919674951003E-006   9.1761935047451421E-017   9.1614242223232322E-016  -8.1553732062760731E-016   1.8909539386071041E-014  -3.7574089417344420E-014  -1.6834774388817155E-016  -1.0496212393048166E-015   4.3547832261662397E-015   5.0036569190104126E-016  -2.0748494898546992E-015   3.0836507142759142E-015   2.8131324575282404E-014  -1.1313373612794817E-018  -1.1093823284357660E-018   1.1522835133670425E-018  -7.8200936602434361E-019  -7.2873126908364224E-020  -2.4327006153102007E-019  -1.7670463957641951E-018   3.6103351543731595E-018  -1.4387198884329047E-018   1.4712050948595832E-018  -1.8849699108249718E-015   7.3092409879363433E-015  -1.3053315264015370E-004   1.0176654493923401E-016   1.5442260639238903E-016  -1.3053315263974460E-004  -5.5107739072227028E-017   2.6106630527991637E-004   2.7174618758786659E-017   3.3372408154391117E-016  -1.2135289225799972E-016  -1.5681415213029176E-003   1.2058508672308467E-015   1.8519651244719271E-015  -1.5681415212981853E-003  -6.4957936811238622E-016   3.1362830426010630E-003
  0.23424203925795509       -2.7410456822318707E-016   3.5147342398439226E-016  -1.6077411836073096E-015   1.3891656660173331E-017  -2.8494126062675331E-017  -4.9684227835646582E-017   9.8683061338863972E-017   2.1906899945949200E-017   9.1761935047451421E-017  0.23562562703116499       -3.0505379785237456E-016   6.3433998352334889E-016  -2.2869996366812625E-016   2.1274124580186489E-014  -1.5428218037271898E-002   8.1865993302092665E-016  -4.8037218831184835E-015  -1.3256668987372767E-003   8.1012045571742467E-016  -1.7287759116115077E-015  -3.2741860419354154E-014  -2.1625955710846302E-014  -1.5088645653666598E-017   6.2318613490504487E-017  -7.1785839752688904E-015   7.2942393520262765E-018  -7.4166686890571520E-015   6.4222510437300497E-017   7.1363509591770767E-017   3.5996676596405402E-017   1.9310343171067526E-016  -2.9160939420830611E-015  -9.8950389571164613E-017  -1.9621751760986425E-016  -4.4004512465152002E-016   1.5977604252671073E-016  -1.4335544960619857E-016  -5.8487754410418893E-017   8.1978273483523396E-017   9.7673188151390061E-002  -1.2825520401076048E-016  -6.3754341663875586E-017  -1.4341844758353991E-015  -5.4014762192954370E-015   1.5903072106219962E-015  -3.9484766984522551E-016  -4.2522700542041332E-016   1.5415124174043735E-015
  -5.7551243812252321E-017  0.23424203925794171       -2.2920855747557384E-015  -3.8774637029094869E-015   8.3292744052569353E-016   9.4756021060598431E-018   4.9278195616930583E-017   9.5272803062621570E-016  -1.2980262440898463E-017   9.1614242223232322E-016  -3.0505379785237456E-016  0.23562562703111220       -2.1477431556867242E-015  -6.2653670422479207E-015   1.2877297960126249E-014   2.1600887985955505E-015  -1.5428218037190758E-002  -7.4470477124614170E-015   7.5418982078314624E-017  -1.3256668987351862E-003   5.0421377370844166E-015  -6.7049368382170160E-015   1.9836264159307886E-017  -3.0396739155442648E-015  -1.0339484875983240E-016  -5.6142128618083646E-018  -6.2703901682321949E-019   2.2482422766243476E-017  -1.2092997545737100E-014  -4.8160359804760981E-017  -3.0592395940513925E-015  -2.5924732928341079E-016   4.0821360432328102E-016  -7.6170139008123835E-016   6.3445160525371225E-016   1.3602721686741887E-016   2.4844358120089464E-016   2.3856966616603612E-016  -3.3845169659830146E-016   4.0837873127719891E-016   4.0688552114699297E-017   9.7673188151384996E-002  -1.5855099065179950E-015   2.7043066342637425E-015   1.6384130835804960E-015   3.4531021560791278E-015  -2.3718817205032356E-015  -3.8059723811356751E-015   4.2780966300317646E-016
  -3.2864527771456773E-017   1.2128320070122158E-015  0.23424203925793613        5.0776156425164326E-016  -7.7470915030791615E-016  -7.5041658469506113E-017  -1.1995419765931349E-017  -7.4895104889471701E-016  -4.2048058718661532E-017  -8.1553732062760731E-016   6.3433998352334889E-016  -2.1477431556867242E-015  0.23562562703111076       -2.4464009607826174E-015   1.3716239878313793E-014   2.3691714725416538E-015  -4.4050382432051417E-015  -1.5428218037227534E-002  -2.6573419593886018E-017   8.9886155158614966E-015  -1.3256668987265295E-003  -3.8018246777996656E-015  -2.9713540368574360E-016   3.6145365895763945E-016  -2.7879783359491743E-015  -1.1810732311417631E-016   4.2083530679201742E-017  -1.5601208828063820E-016   7.7226120734061867E-016  -2.8654447837767140E-015   3.2771388410336491E-016  -8.4578598286510003E-015  -1.6338411727355181E-015  -2.3031705626351218E-015  -2.7181750804061442E-016  -2.3965678918453463E-016  -3.7996803508336524E-016   3.9991913345525786E-016   6.2421067421305762E-016  -8.9672489209446555E-016  -6.9792159641163446E-017   2.7236211929747111E-016   9.7673188151383497E-002   5.5332669936571014E-016  -3.2215499596937643E-015  -4.6166303775934206E-015   7.3157867643267651E-015   7.3263755854736374E-015  -7.5503468890090588E-015
  -1.6714422096527669E-015   4.4704874361761343E-016   3.9416760192332056E-015  0.35061112889166679        2.5480749523243742E-014  -8.4249267244860337E-016   2.4033868347972592E-015   1.7802140001240055E-014   1.5232872789211757E-016   1.8909539386071041E-014  -2.2869996366812625E-016  -6.2653670422479207E-015  -2.4464009607826174E-015  0.77872147408375170       -6.9354378505544394E-003  -1.0458279082145545E-014   1.4214933292992560E-014   1.4048240421799769E-014  -3.5208416078404356E-015   6.6558794343645983E-015  -2.3659169152429423E-014  -2.4626084437887673E-003   1.7657060969243189E-015   6.9674310537049463E-016   2.0428779064965939E-016   2.5659349619780537E-016  -1.7221446448131313E-017   2.9334846988397903E-016   1.8105423350806910E-015   2.5969034594893348E-016   6.9299784796872627E-016   4.0667454972042526E-016  -3.7126537468991897E-004  0.35727809491415286        1.2854551288118492E-014   6.5978650304700291E-016  -2.5453922618446831E-015   4.8955373282773111E-014  -2.0661898273089614E-016   4.3357609039890688E-014  -7.9586892588969365E-016   1.8944626778846481E-015   2.2123355953533781E-015  -9.3947213146943503E-014   1.3294225183221307E-015  -9.2422213793914028E-015   8.6069863864350677E-014   1.8680252521030284E-015  -4.0088727782131592E-014
  -5.6888942923651021E-015  -7.8552958996843346E-015  -6.6698926364307471E-015   1.8016530162318029E-003  -2.8585899111951405E-014   7.3948451726967965E-016   4.4821305275860817E-015  -4.4110378828327915E-014  -2.5162514055291178E-015  -3.7574089417344420E-014   2.1274124580186489E-014   1.2877297960126249E-014   1.3716239878313793E-014  -6.9354378505544394E-003   1.9100064780418244       -2.8006048461134717E-017   2.4287861863879965E-014   2.7710576860151631E-014  -1.5186359048643916E-015   4.1276974650242370E-015  -1.3362037087790295E-014  -3.0324853142504687E-005  -2.6348219597963107E-015  -1.0825368367859389E-015   1.8997572144240681E-016  -1.4231543820141020E-015   2.3420850997349066E-016   8.7992352829338193E-016  -2.3746216499919639E-015  -1.3784095557772153E-015  -2.7341113109361388E-016  -8.0503362000475784E-016   5.3721352424583934E-006   6.4813637157285983E-002  -7.2650050176477464E-014  -1.6201373895715945E-016  -6.2296816784587484E-015  -6.7583524961230147E-015   1.8349091210711909E-015  -3.9145063100278056E-014  -1.3341647924284867E-014  -7.9417636727611725E-015  -6.1305834025594723E-015  -8.7989237924828975E-014   2.6710119139021896E-015  -6.8483247988092065E-015   5.3047627856610965E-014  -3.3511786540144062E-016  -2.2207726775582056E-015
  -1.1948380916725595E-002  -7.0842076391449933E-016  -1.6955516531638282E-015   9.0615180078008555E-015  -1.7377904186512000E-015   2.6620722211779429E-018  -2.8310152479527366E-017  -9.2178601231430381E-017   2.5275906775562003E-016  -1.6834774388817155E-016  -1.5428218037271898E-002   2.1600887985955505E-015   2.3691714725416538E-015  -1.0458279082145545E-014  -2.8006048461134717E-017   1.9034049105450606        1.7039150174143528E-015  -3.1362004735826566E-015   7.6730565210028905E-005   5.9074389576560519E-016  -1.5358841294266297E-015  -3.0180862705686428E-014   4.6627986504246122E-014  -2.8589679557278732E-016   1.7108038628448354E-015   2.3297241259089958E-014   2.1551402131706498E-016   2.2761866438243021E-014  -1.1323523538406268E-015   8.3227361762490395E-016  -5.7486481120834662E-016  -2.1403960475349968E-015  -3.4335605076973083E-015   4.6290444881265839E-015   1.6921404904676508E-015  -5.0905355480606723E-016  -4.2457920961661689E-016  -2.9334715064682285E-016  -3.1617684134831694E-016   4.8764010590496777E-016   8.5621591954203241E-002  -7.3897124630952806E-016  -2.5242958256724075E-016   9.9616040679977583E-016  -4.9353962392237447E-015   1.3925309563022823E-015   7.2177834391701316E-016   7.4502446316097059E-018   2.4985311466699596E-015
  -5.1203294290298181E-018  -1.1948380916764544E-002   1.5921868967053275E-015   1.0232188599607363E-015  -4.5745972894160610E-015  -6.6607140996994394E-016  -1.5350813194705886E-015  -2.9662264030217383E-015  -1.8205428267867775E-015  -1.0496212393048166E-015   8.1865993302092665E-016  -1.5428218037190758E-002  -4.4050382432051417E-015   1.4214933292992560E-014   2.4287861863879965E-014   1.7039150174143528E-015   1.9034049105451734       -1.1334956353709874E-014   1.0807198496399130E-016   7.6730565217417634E-005   1.9558680317773039E-015  -1.9130145218910355E-015  -5.2472654585139734E-017   1.3406358119392983E-014   5.4869194867463301E-016   7.9266890696524403E-016  -1.2148387163858711E-016  -6.5560723216734379E-016   2.3000020318027737E-014  -5.0680155257564130E-016   1.3291000270571553E-014   5.0245025345431202E-016   1.8547765998576817E-016  -7.4416054566949338E-015  -1.1197682144388278E-015   1.2632892996512246E-016   1.3311557988670781E-015  -3.9985129017100957E-015   2.6527071964235604E-015  -2.7019889832724547E-015  -1.0407065042868821E-015   8.5621591954162982E-002   2.3881601784540083E-015   9.9911549502174963E-017  -5.3593704160686739E-016   2.1582510726904607E-015  -6.0541023009207976E-016  -2.6017816457415249E-015  -1.8536578424954950E-015
   3.9550191735700502E-015   3.2395880080058790E-015  -1.1948380916750814E-002  -2.1554323348922482E-014   2.6411649800724545E-015   1.1192373680041718E-015  -1.5767165271860520E-015   2.6539343949683948E-015   7.4414766639890726E-016   4.3547832261662397E-015  -4.8037218831184835E-015  -7.4470477124614170E-015  -1.5428218037227534E-002   1.4048240421799769E-014   2.7710576860151631E-014  -3.1362004735826566E-015  -1.1334956353709874E-014   1.9034049105451043       -3.6562948431449110E-016   5.7909217373113075E-015   7.6730565219428924E-005   2.9437135402912459E-015  -1.3009989255322068E-016   1.5709874842348613E-015   1.2033735883121480E-014  -1.2507936136628097E-015   3.2975736022458341E-016   9.9218801759941996E-016   1.6138410138616944E-015   1.3455855873887713E-014   5.4712163035396682E-016   2.8778611548354181E-014  -6.0673491412359743E-016  -1.1877280726221373E-014   2.3693147858202522E-015   1.6662096156570012E-016   1.3567722699416935E-015   2.6707992973599030E-016   7.9545019508393234E-016   1.6993166687199556E-015   3.9219954798475434E-015   4.3598343054567502E-015   8.5621591954192180E-002  -1.5038960708369634E-015  -9.2853141852337314E-016  -8.0087293127517443E-016   5.7148854608796463E-015   3.0645840727840442E-015  -5.6774883634781755E-015
  -1.4622959876699135E-003   2.0033737860543182E-016  -4.7629949303552302E-016  -6.5632961537596428E-017   5.0332442373345439E-016   5.6115262891451278E-016  -8.1790291071908567E-016   5.2083754537635632E-016   2.4702634710342149E-016   5.0036569190104126E-016  -1.3256668987372767E-003   7.5418982078314624E-017  -2.6573419593886018E-017  -3.5208416078404356E-015  -1.5186359048643916E-015   7.6730565210028905E-005   1.0807198496399130E-016  -3.6562948431449110E-016   2.0001111004376719        4.4828995112956606E-017  -2.7382311770422831E-016  -3.5126574815983578E-015   7.7626795133898347E-016   6.1360849041073542E-016  -4.7447828603514376E-016   1.2579353561990439E-015  -7.0967086273521224E-017   1.6628184611376782E-015   6.1525528932545394E-016  -1.2405645849687128E-017  -4.6529444875123634E-016   4.5900376094203184E-016  -4.5319413743562295E-016   2.0310770656639357E-015   1.9918658669140674E-016   1.3219096702318220E-016   4.7308071888918234E-016   6.3731899043321702E-016  -2.1695934702998218E-016   4.1427012155138012E-016  -1.4513333991803198E-003   1.1052661911983726E-016   1.3486723283969562E-017  -3.8859750944608185E-017  -8.1194608152785370E-016   1.5408421317121718E-016  -2.2148645488218976E-016   3.5219508181657438E-016   6.4597686612935888E-016
  -5.3812806274695683E-016  -1.4622959876704027E-003  -3.0032159920561307E-015   1.0887494149636521E-015  -9.5380274518834284E-016  -4.5096157531079290E-016   1.9942692352548302E-015  -1.2885179969949429E-015   2.7272970833929190E-016  -2.0748494898546992E-015   8.1012045571742467E-016  -1.3256668987351862E-003   8.9886155158614966E-015   6.6558794343645983E-015   4.1276974650242370E-015   5.9074389576560519E-016   7.6730565217417634E-005   5.7909217373113075E-015   4.4828995112956606E-017   2.0001111004377301       -2.6180300116718129E-015  -5.6471742321464162E-016  -1.8884370658960764E-017   1.8039010365379313E-016  -9.6801039287951393E-016  -4.4415310498098870E-017  -1.4843300345510695E-015   4.6548390206453946E-017   6.3184455438085689E-016  -2.4789527148861564E-016   5.9935206386653180E-016  -1.1019536298746471E-015  -1.1229967034286849E-016   6.5724014226323472E-016  -2.7872535650233635E-015   1.0405006185135848E-015  -1.8495931100616104E-015  -2.7001888939488054E-015  -7.9544896638015522E-017  -1.5588160957269058E-015  -3.8450284313830726E-016  -1.4513333991832075E-003  -5.2529283063594971E-015   8.7562663715811321E-016  -4.4999718044280560E-016  -1.2096027157996814E-016  -4.5749920261442488E-017  -2.0113313883386154E-016  -9.8112149205586858E-017
   3.1906819363236817E-016  -1.3396986969947532E-015  -1.4622959876754204E-003  -3.8756121354065729E-015   4.3939615791470787E-015  -1.0158836221372883E-015  -2.0963699250618343E-015   5.3728916187232579E-015  -1.2964068928488860E-015   3.0836507142759142E-015  -1.7287759116115077E-015   5.0421377370844166E-015  -1.3256668987265295E-003  -2.3659169152429423E-014  -1.3362037087790295E-014  -1.5358841294266297E-015   1.9558680317773039E-015   7.6730565219428924E-005  -2.7382311770422831E-016  -2.6180300116718129E-015   2.0001111004377110       -2.2060290470352949E-015   1.2878432611696682E-017   4.5406185355846407E-016  -5.4799871958923802E-016  -1.7465975676566196E-016  -1.4552635803849498E-015   1.4722907520863583E-016  -2.6808755239489137E-015  -4.4009866219023960E-016  -3.6579030351472191E-016  -7.4034123117862662E-016  -3.4365112792536807E-016   9.8819899457254715E-015   4.9464589545906882E-015   8.7933763267158091E-017   9.1481411036709999E-016   4.9176364233496728E-015   1.0885210602095644E-015   5.8501043742595217E-015   2.2226071214662926E-015  -1.5787115402773884E-015  -1.4513333991868784E-003  -2.6437496413678967E-015   8.7165622451902671E-016  -6.9374883828493642E-016  -1.7506076046526065E-015  -5.6091521097149288E-016  -3.2015601311973527E-015
   1.4560211280612345E-014   3.0105298009102509E-015   1.0869048538409285E-015  -1.2171294035461298E-003   1.8791994794833026E-014  -4.9638592998037206E-016  -1.0817617900306269E-014   1.8063762046916069E-014   3.0398388418453964E-015   2.8131324575282404E-014  -3.2741860419354154E-014  -6.7049368382170160E-015  -3.8018246777996656E-015  -2.4626084437887673E-003  -3.0324853142504687E-005  -3.0180862705686428E-014  -1.9130145218910355E-015   2.9437135402912459E-015  -3.5126574815983578E-015  -5.6471742321464162E-016  -2.2060290470352949E-015   2.0002798863980775        2.4813487246660474E-015  -3.0843949111949096E-017  -1.7187371536695166E-015  -1.4509091327369970E-015  -4.8755368839286367E-016  -2.2748543378531433E-015   1.6197188268020039E-016   3.0373002788802721E-015  -2.0176965375742924E-015  -5.9674598803492403E-016   2.1076047121364157E-007  -1.8050900079293877E-003   5.9909478428186328E-014   1.2849832815490799E-015   1.1835899948122399E-014   6.4492712156928683E-014  -3.4138870368254534E-015   5.5758001492233883E-014   2.7024334026219427E-014   7.4252214724356997E-015   3.4983975193610071E-015   1.6652767152450677E-013   1.1009067797566374E-015  -7.0410089285689801E-015   2.0350334424219827E-013   1.0152773537299989E-015   1.9562892683554438E-013
  -2.1418467778799641E-014   1.9629971837767633E-017  -2.9565788436803159E-016   7.8810341178144830E-016   2.3571574095664680E-018  -6.6221430808462377E-019   3.2849466778476232E-019  -1.2258200479972710E-018   7.0230751336479169E-020  -1.1313373612794817E-018  -2.1625955710846302E-014   1.9836264159307886E-017  -2.9713540368574360E-016   1.7657060969243189E-015  -2.6348219597963107E-015   4.6627986504246122E-014  -5.2472654585139734E-017  -1.3009989255322068E-016   7.7626795133898347E-016  -1.8884370658960764E-017   1.2878432611696682E-017   2.4813487246660474E-015   3.0718096394486246E-027  -3.1797576348038892E-030   3.5556994775763329E-029   1.2036614557914897E-027   3.5312538969521384E-030   1.2075706656638864E-027  -2.6945815950918781E-029   2.1645252413147918E-029  -1.8654525727212530E-029  -5.9009144318497658E-029   2.5497758688706326E-017   7.1602863006776115E-016   1.1750531214908239E-016  -3.3011668489803094E-017   1.6375600680198561E-017  -6.1107657388442026E-017   3.5010332036601615E-018  -5.6397654759980681E-017  -6.7779784550538974E-015   5.7558985954740299E-018  -1.3040956424531729E-016   1.4116334067425991E-015  -3.9658099876795536E-016   1.9672595691983635E-016  -7.3410817775005238E-016   4.2059165990394635E-017  -6.7752522899180348E-016
  -1.5555442438366114E-017  -2.9983070857765603E-015   3.6213926772865970E-016   3.1092816650811651E-016  -4.1227058283430971E-020  -8.3398504991706664E-019   1.8634268050230875E-018   1.1506093867533150E-018   2.2311181892073977E-018  -1.1093823284357660E-018  -1.5088645653666598E-017  -3.0396739155442648E-015   3.6145365895763945E-016   6.9674310537049463E-016  -1.0825368367859389E-015  -2.8589679557278732E-016   1.3406358119392983E-014   1.5709874842348613E-015   6.1360849041073542E-016   1.8039010365379313E-016   4.5406185355846407E-016  -3.0843949111949096E-017  -3.1797576348038892E-030   1.3648581609510978E-028   1.0324481239229699E-029   2.9278572346719235E-030  -8.6951232392481839E-031  -6.2144417796133430E-030   3.1603637597898561E-028   3.1180590587407665E-030   1.3226105378329957E-028   1.7462279652654392E-029   2.7549901917552061E-016   2.8136108602196068E-016  -2.0551866129099654E-018  -4.1574513955778833E-017   9.2892628854311718E-017   5.7358373524666572E-017   1.1122220272969486E-016  -5.5303186911658390E-017  -2.0407467861615914E-017  -6.2127483345254753E-016   2.2675868243136822E-016  -2.4689692975444872E-017  -4.9944952867103093E-016   1.1159524257490225E-015   6.8906668765120894E-016   1.3361521626006425E-015  -6.6437699467580086E-016
   6.5042089452009919E-017  -1.0175232050743681E-016  -2.7504530297712858E-015   9.2566001139626266E-017  -5.3094868226203023E-020   3.9903579406485268E-019   1.7554613230601440E-018  -1.0991886451117858E-018  -3.8033623808571798E-019   1.1522835133670425E-018   6.2318613490504487E-017  -1.0339484875983240E-016  -2.7879783359491743E-015   2.0428779064965939E-016   1.8997572144240681E-016   1.7108038628448354E-015   5.4869194867463301E-016   1.2033735883121480E-014  -4.7447828603514376E-016  -9.6801039287951393E-016  -5.4799871958923802E-016  -1.7187371536695166E-015   3.5556994775763329E-029   1.0324481239229699E-029   1.1184058876187514E-028   1.3544824798117748E-029   3.7599713246872780E-030   2.7595670379539881E-029   1.0439025166582547E-029   1.1749139361114332E-028   4.3214971662116994E-030   2.7813528133287723E-028   8.5726521034222593E-017   1.0113492353492392E-016  -2.6468020507975546E-018   1.9892106208231757E-017   8.7510503074583048E-017  -5.4795027406606178E-017  -1.8959925288844347E-017   5.7441829457295455E-017   1.0899371329285275E-016  -1.6211233973305200E-017  -5.8220788782310651E-016  -3.1796981154145950E-017   2.3897099748518370E-016   1.0512950208113435E-015  -6.5827229251150596E-016  -2.2777237418159790E-016   6.9006927366512273E-016
  -7.0958512320889330E-015  -4.1665002548246359E-018  -1.1964329181317215E-016   1.1194318995519449E-016   2.0372988660085961E-018   7.0170362635348991E-022   3.7826237084249461E-019  -1.2552894999851358E-018   4.3907961817157385E-019  -7.8200936602434361E-019  -7.1785839752688904E-015  -5.6142128618083646E-018  -1.1810732311417631E-016   2.5659349619780537E-016  -1.4231543820141020E-015   2.3297241259089958E-014   7.9266890696524403E-016  -1.2507936136628097E-015   1.2579353561990439E-015  -4.4415310498098870E-017  -1.7465975676566196E-016  -1.4509091327369970E-015   1.2036614557914897E-027   2.9278572346719235E-030   1.3544824798117748E-029   4.9770712289672514E-028   2.4093769514109087E-030   4.9428949819069963E-028  -3.5318702341392648E-030  -1.2881067272369442E-030  -1.5259541357376845E-030  -4.4739417837556682E-029  -3.2419449219396805E-016   6.7625402331513612E-017   1.0156022598589673E-016   3.4980228034163803E-020   1.8856542112961658E-017  -6.2576722258814354E-017   2.1888308088163770E-017  -3.8983503727095730E-017  -1.8721357733832087E-015   3.6015637758919489E-017  -1.0975340836739167E-016   1.2200793749337945E-015   4.2023000975846639E-019   2.2653039505661929E-016  -7.5175658027335503E-016   2.6295208573375511E-016  -4.6832279466080596E-016
   7.6413316041283888E-018  -7.3270183804986893E-019   4.2533855169636446E-017  -7.1234856412370487E-018   1.1798815025846651E-019  -1.3698219397209492E-020   1.1907574072781505E-018  -4.5115023385318524E-020  -4.7263251233127349E-019  -7.2873126908364224E-020   7.2942393520262765E-018  -6.2703901682321949E-019   4.2083530679201742E-017  -1.7221446448131313E-017   2.3420850997349066E-016   2.1551402131706498E-016  -1.2148387163858711E-016   3.2975736022458341E-016  -7.0967086273521224E-017  -1.4843300345510695E-015  -1.4552635803849498E-015  -4.8755368839286367E-016   3.5312538969521384E-030  -8.6951232392481839E-031   3.7599713246872780E-030   2.4093769514109087E-030   2.7742335806144400E-030   3.2040417851154921E-030  -1.3594280087040600E-030   2.9677132258391640E-030  -1.3034265923906939E-030   6.3631007146605778E-030   3.1445702402073068E-016   5.9935081406155719E-019   5.8817601112792431E-018  -6.8286213714756233E-019   5.9359769640923960E-017  -2.2490033472809210E-018  -2.3560934314157515E-017  -3.6327567640650236E-018   1.3502928478040083E-017  -5.4690721912969355E-018   3.4183778414009761E-017   7.0659691138389425E-017  -8.2034674634580192E-018   7.1311017612168776E-016  -2.7018082832329787E-017  -2.8304594374261836E-016  -4.3641608306196080E-017
  -7.3335486308116153E-015   2.1181651790657819E-017  -1.5335710541632982E-016   1.3447568856991529E-016  -3.8225076819394399E-019  -2.2072868550223940E-018   8.4805909143332355E-019   6.2552082960989471E-019  -5.0959426310507397E-019  -2.4327006153102007E-019  -7.4166686890571520E-015   2.2482422766243476E-017  -1.5601208828063820E-016   2.9334846988397903E-016   8.7992352829338193E-016   2.2761866438243021E-014  -6.5560723216734379E-016   9.9218801759941996E-016   1.6628184611376782E-015   4.6548390206453946E-017   1.4722907520863583E-016  -2.2748543378531433E-015   1.2075706656638864E-027  -6.2144417796133430E-030   2.7595670379539881E-029   4.9428949819069963E-028   3.2040417851154921E-030   5.0076743244217104E-028  -2.4699191956520095E-029   1.2837940140725702E-029  -9.9952489332586899E-030  -9.4135686478047331E-030   1.5305233109825976E-016   1.6677493589160197E-016  -1.9055365437364736E-017  -1.1003420045522466E-016   4.2276110986806836E-017   3.1182482784768469E-017  -2.5403493510426746E-017  -1.2127117347580031E-017  -1.9976597721855177E-015  -2.2341348608269478E-017  -1.7240102228897397E-017  -2.2891893087290701E-016  -1.3218802657201273E-015   5.0787806512601849E-016   3.7460633565617816E-016  -3.0518126739557388E-016  -1.4568740478387886E-016
   6.1791084609049327E-017  -1.1982463092216835E-014   7.7088498947775910E-016   8.0908475040386598E-016   1.8507107645389771E-018  -9.3459681931632862E-019  -3.4304516493906731E-018  -8.3664368758316136E-020   3.9092003110304614E-018  -1.7670463957641951E-018   6.4222510437300497E-017  -1.2092997545737100E-014   7.7226120734061867E-016   1.8105423350806910E-015  -2.3746216499919639E-015  -1.1323523538406268E-015   2.3000020318027737E-014   1.6138410138616944E-015   6.1525528932545394E-016   6.3184455438085689E-016  -2.6808755239489137E-015   1.6197188268020039E-016  -2.6945815950918781E-029   3.1603637597898561E-028   1.0439025166582547E-029  -3.5318702341392648E-030  -1.3594280087040600E-030  -2.4699191956520095E-029   9.0396961980449855E-028  -6.8733413963709172E-030   3.1813836834338922E-028   1.0833700489293365E-029  -2.0797724853429350E-015   7.4663202102972646E-016   9.2258728759379471E-017  -4.6590053996223708E-017  -1.7100949230048999E-016  -4.1707048189744485E-018   1.9487531929416264E-016  -8.8088023940201209E-017  -2.8222848926556868E-017  -3.9389390592163561E-015   4.0183503758723657E-016   1.1083371568362983E-015  -5.5970300780719176E-016  -2.0543982887834033E-015  -5.0104170990283901E-017   2.3411070175008540E-015  -1.0582329858461000E-015
   7.2436406857527710E-017  -4.8768165877992264E-017  -2.8249477904690660E-015   1.1321165142766816E-016  -1.3500786809986155E-018   1.2800701492477686E-018   4.1608864041943880E-018  -2.2602564730713458E-018  -4.5523426918499107E-018   3.6103351543731595E-018   7.1363509591770767E-017  -4.8160359804760981E-017  -2.8654447837767140E-015   2.5969034594893348E-016  -1.3784095557772153E-015   8.3227361762490395E-016  -5.0680155257564130E-016   1.3455855873887713E-014  -1.2405645849687128E-017  -2.4789527148861564E-016  -4.4009866219023960E-016   3.0373002788802721E-015   2.1645252413147918E-029   3.1180590587407665E-030   1.1749139361114332E-028  -1.2881067272369442E-030   2.9677132258391640E-030   1.2837940140725702E-029  -6.8733413963709172E-030   1.4414024014380519E-028  -1.1109087866038714E-029   3.0981901372027460E-028   7.3887431592796156E-016   6.9142281480187525E-017  -6.7302003763985099E-017   6.3812048297245815E-017   2.0742197944604739E-016  -1.1267475873480690E-016  -2.2693624399495155E-016   1.7997676249923619E-016   7.0069800718551369E-017  -4.4517968783922322E-017  -5.4582701914209057E-016  -8.0852307965286739E-016   7.6659699448288691E-016   2.4918345402788600E-015  -1.3536022382153011E-015  -2.7262663905631697E-015   2.1621253178689940E-015
   3.4798921191744338E-017  -3.0179959137382877E-015   3.2682879334262409E-016   3.1143434770936987E-016  -1.1598813110851738E-019  -2.3534708961750254E-018  -2.9945016737430281E-018   1.5547080194496961E-018   1.2957571701226575E-018  -1.4387198884329047E-018   3.5996676596405402E-017  -3.0592395940513925E-015   3.2771388410336491E-016   6.9299784796872627E-016  -2.7341113109361388E-016  -5.7486481120834662E-016   1.3291000270571553E-014   5.4712163035396682E-016  -4.6529444875123634E-016   5.9935206386653180E-016  -3.6579030351472191E-016  -2.0176965375742924E-015  -1.8654525727212530E-029   1.3226105378329957E-028   4.3214971662116994E-030  -1.5259541357376845E-030  -1.3034265923906939E-030  -9.9952489332586899E-030   3.1813836834338922E-028  -1.1109087866038714E-029   1.3740165343478257E-028  -8.1931803064450311E-031  -4.6334747989132463E-016   3.0910691436192209E-016  -5.7820582930379416E-018  -1.1732153787148278E-016  -1.4927719824123056E-016   7.7502864421697944E-017   6.4594053045854057E-017  -7.1720806128803343E-017  -1.2560469960313615E-017  -6.3521580051722865E-016   1.6351191313314348E-016  -6.9461937480766802E-017  -1.4094256605186955E-015  -1.7933204554647748E-015   9.3106967281099877E-016   7.7599149765175794E-016  -8.6160773533083803E-016
