  0.17996609758789270       -6.4011122541828939E-016   1.2111530580467443E-015   3.9009917165668345E-016   1.9300555210239918E-016   7.0874963223937751E-017  -5.9695193296607141E-017  -1.2264503781246796E-016   2.8975654143215204E-017   9.3178414357524334E-017  0.31813543687057733       -3.4258714127717654E-016   1.4357423158156440E-015   6.1664889767199344E-016   1.4597008040133602E-003  -7.5330068552672638E-016  -1.5657228647009429E-016   4.9725203762195649E-016  -3.2159927014368135E-004  -8.5447100357456300E-017  -1.0272927463922853E-016   1.3501835592932098E-014  -2.6725873865774902E-017  -1.2117134072473138E-016   6.2171182455084515E-015   2.5433520999812741E-017   6.9098134915044385E-015   2.6625177372381593E-017  -1.2651247628319071E-016   6.6080665867762724E-018  -1.9024836219288455E-016   8.3309548196729130E-016   9.8755016435103984E-016   4.2611507131480395E-016   3.4215896625810181E-016   4.8420995352000514E-017   3.8181739792649661E-017  -2.1178479126283244E-016   2.5098650472277247E-017  -1.7749216044395465E-016  0.15778966147443049       -6.0498426703148737E-016   5.6695728311998249E-016   4.9938883160818911E-015  -5.7464009558863498E-016   1.1953660392921134E-016  -3.9968221504462205E-015   3.3398745045272387E-016  -1.9147737835035915E-015
  -6.4011122541828939E-016  0.17996609758789697       -1.0544082037760384E-015   6.0280349711886700E-017   4.0094587510781987E-016  -6.0933848544867604E-018  -1.3680379563241273E-016   3.0941401868986873E-016   3.2744001844683740E-017   3.8847621329792915E-016   8.5951886683049012E-016  0.31813543687060364       -2.6894143372107421E-015   1.1176300676400354E-016   1.1399033480587072E-015   1.4597008040534336E-003   5.0779741676983476E-015  -3.0405062139296677E-015   1.3017399443650440E-016  -3.2159927014300659E-004   9.6731381696585147E-016  -5.4320208578723215E-016   2.6402010025954740E-016   4.8079815829223934E-017  -2.1965768719103378E-016   7.2676161353226877E-018  -1.9278728819591026E-016  -5.7511941084605312E-015   6.7567146344680161E-017  -9.9306168241767517E-016   1.3075750937934158E-016  -8.1497428483074114E-015   2.1550981929675664E-016   8.8376654006591918E-016   4.1833072236741374E-016  -3.7519239262105012E-017  -4.1137356764644260E-017   3.2984601493677463E-016  -9.0998242283188491E-017   4.0713212867742586E-016  -5.0278403310656109E-016  0.15778966147444115       -4.1593818013881501E-016   5.0454074598899460E-016  -4.9752187391669953E-016  -9.5792481479578808E-016  -8.2727082054546061E-016  -6.3423566863143659E-016   4.4730803294451180E-016
   1.2111530580467443E-015  -1.0544082037760384E-015  0.17996609758786838       -5.0452020015028049E-016  -9.0000107570236885E-017  -7.7265720340451699E-017  -8.6293392840816567E-017  -2.8406975071684160E-016  -1.0586139124169802E-016   4.3054467028521122E-017  -7.0310071654839097E-016   1.4583097914969622E-015  0.31813543687059803       -2.3774157680660955E-015  -2.9578488781662336E-015   4.3863603754367644E-015   1.4597008040763133E-003   9.5746932532275897E-016  -6.9086162175703586E-016  -1.0663852870456688E-015  -3.2159927014160380E-004   8.4210014393306813E-017  -9.6088505116601885E-017   3.0406858797660426E-016   1.0689088350849435E-016  -4.7185057227560759E-017   9.6805055081363587E-017  -2.4952840344175825E-016  -1.1616759408315982E-015  -7.4409164783873239E-017  -3.1847454953324709E-015   4.4950068983072057E-015  -8.9511702493577014E-016  -4.5404454359954938E-016  -1.7395048903412069E-016   5.7563420526418979E-017   2.5136462471880168E-017   7.1862422122999879E-017  -9.4137755466307413E-017  -4.1711991031540980E-017   8.5200387123180614E-016  -3.4520630344909839E-016  0.15778966147441756       -1.7379005360967533E-015  -2.0039574397504632E-015   2.9073293199917860E-016   3.3296272020734114E-017   5.2056418553604492E-018  -1.2508477219176994E-016
   3.9009917165668345E-016   6.0280349711886700E-017  -5.0452020015028049E-016  0.17170175977665419       -3.3660079290355879E-014   2.7778340478103329E-016  -3.0409119208965675E-016  -3.3954060842201140E-014  -2.6776317575315524E-016  -3.6789015411859508E-014  -3.4574134424026722E-016  -3.1839021979629244E-015   1.6792260015167975E-015  0.38200346215540304        3.9412309497327641E-015   1.1296492822771578E-014   2.8767639653248612E-014   3.8861498162123002E-003  -3.5369267217151220E-016  -5.7579561910522772E-016   1.2048527141268984E-015   1.3871120961542054E-016   3.0527048001696612E-016   1.0899785725719796E-016   1.6757662679547385E-017   1.6374448407329123E-017   9.4230836205164131E-017   8.0576204784762648E-016   1.0735705078832278E-016   2.7885272732191045E-016   2.6457486657521416E-016  -6.9252300287485585E-005  -3.8716525482041496E-004  0.15267249623334145       -3.1327327488966438E-014  -9.5296522427870627E-016   7.8042898158798921E-017  -3.4191376162408609E-014   4.3948916905282538E-016  -3.6316017341548923E-014   1.8973491025244518E-016   4.9078234731418473E-016   1.1487786922575291E-015  -1.0379912408707799E-014  -6.1058943582997439E-015  -1.3407714620359295E-015   1.5723890324161921E-014   3.5594216837577905E-015   1.2983858981243406E-016
   1.9300555210239918E-016   4.0094587510781987E-016  -9.0000107570236885E-017  -3.3660079290355879E-014   4.5093570241022906E-006  -1.3363556453016291E-018   8.2036479843490348E-018  -2.2546785120423146E-006  -6.1106694663124267E-019  -2.2546785120456277E-006   3.3011405648895131E-016   7.2428500320940614E-016  -1.4455961123383510E-016  -7.5196532716614162E-014  -3.0122825462033513E-015  -4.3634485580207225E-015  -3.6649329527300705E-015   5.8375589463980815E-014  -4.3272743331247521E-017  -1.0644100886362810E-015   4.5402790958617466E-017   2.9076338684477738E-018  -1.9019025597897642E-019   1.1372625829874074E-018  -1.7858144405476574E-018  -6.8347423386090969E-019  -2.8386404874119566E-018  -2.4612820759197621E-018   6.4340649037411218E-019  -6.7868153102624480E-019   7.0064434928977525E-019   1.5145539117113304E-015  -1.7167212306703893E-014  -2.7179346543040477E-014   2.1965976800851866E-004  -7.0960142142764472E-017   3.0968305430793127E-016  -1.0982988400432086E-004   4.5381669917070349E-017  -1.0982988400418087E-004   3.0124946297629283E-017   1.5721051033682677E-016  -2.3785548463021840E-016   2.9164397449844928E-003  -9.3215942758093639E-016   4.1243712418926069E-015  -1.4582198724931638E-003   5.7154878884171505E-016  -1.4582198724914499E-003
   7.0874963223937751E-017  -6.0933848544867604E-018  -7.7265720340451699E-017   2.7778340478103329E-016  -1.3363556453016291E-018   4.5093570240800179E-006   1.3698899091903699E-018   2.0739820075934682E-018  -9.4363316714486898E-020   2.3999883691201629E-018   1.2677101932523136E-016  -6.8646512575451769E-018  -1.2540379732176305E-016   6.5088204058680865E-016   4.6062593948753702E-016   4.3049520947155807E-016  -3.2175047171750231E-016  -6.2553156057032025E-016   9.4304368376328790E-018  -2.7745428729643984E-016  -2.7585420438787255E-016  -2.4036766232728810E-019  -1.4582097637459376E-018  -3.2447338175953020E-019  -7.0052683806662772E-019  -9.2579454539828915E-020  -6.1444516961830387E-019  -3.4784732904084346E-018  -6.0196651360986248E-019  -1.4143390614403479E-018  -1.9441343309456952E-018  -2.9143153511679145E-016  -3.4915384733303465E-015   2.2123335047867371E-016   7.1367149745572948E-018   2.1965976800794376E-004  -1.7283111718681265E-018  -5.5112238004213446E-017   4.0003112858832226E-017   4.9501983520406715E-017   8.3203513386326307E-017   1.7158896301229659E-017  -8.1376126174496358E-017   6.7304324781437041E-017   2.9164397449773331E-003  -1.4826200010943441E-017  -7.3169587550207692E-016   5.0979022037634730E-016   6.6013704650166867E-016
  -5.9695193296607141E-017  -1.3680379563241273E-016  -8.6293392840816567E-017  -3.0409119208965675E-016   8.2036479843490348E-018   1.3698899091903699E-018   4.5093570240887533E-006  -1.1757587631726870E-018   8.7360441772635678E-018  -7.6587703080052081E-018  -1.0627491694047647E-016  -2.3296312319873746E-016  -1.5609379508595078E-016  -6.7763084844075526E-016   1.4230746349570628E-017  -8.4787921511987267E-016   9.6604875265061920E-016   1.5544680586537678E-015   6.5155720055543410E-016   9.6655753541675654E-018  -8.0727938047177993E-016  -2.0121560484328275E-019  -9.3930634215015177E-019  -7.3918439937038616E-019   4.0132430988720116E-019   2.2795685149510632E-019   5.8476297254344254E-020  -3.2945804943031504E-019  -1.2596478135387770E-018   1.0987585128825734E-019   1.9463670512592797E-018  -1.0478089662552340E-016   7.4553971013053245E-016  -1.9706342802747063E-016   8.5157423085590822E-017   6.7894911886458878E-017   2.1965976800815393E-004   2.6722773231507411E-017   2.2864026850556578E-016  -1.1227009386997631E-016  -5.2063185897536450E-017  -1.5802162545496690E-016  -3.4047984098751782E-017   1.1781424210577428E-015   9.0017255181703492E-016   2.9164397449801607E-003   3.5473974812342215E-016   2.9790135420782280E-015  -1.5332921854468228E-015
  -1.2264503781246796E-016   3.0941401868986873E-016  -2.8406975071684160E-016  -3.3954060842201140E-014  -2.2546785120423146E-006   2.0739820075934682E-018  -1.1757587631726870E-018   4.5093570240671591E-006  -9.1950316096838777E-020  -2.2546785120342927E-006  -1.9932841443086419E-016   5.6370347551189523E-016  -4.8635724351441584E-016  -7.6047552829106090E-014  -5.8034124606972857E-016  -3.6092926381617256E-015  -5.8630291916684845E-015   7.1169827770864023E-014   8.9332742781740759E-016  -1.5942571849435202E-015  -2.0327733297556439E-015  -1.2269260701336405E-018  -4.4601297627265227E-019   4.7933387400964912E-019   7.3014642534144106E-019   1.2314263575852110E-019   1.4850781030480298E-018   1.3819733912844631E-019  -1.2301860482645429E-019  -3.8847628591140429E-019   9.0876937038992023E-019   1.1748951448684686E-015  -1.6521478112277867E-014  -2.6883119913374595E-014  -1.0982988400376244E-004   1.5711475771990051E-016  -8.3541905861388123E-017   2.1965976800763747E-004   2.4688514601739600E-017  -1.0982988400386715E-004  -1.3210486211044294E-016   1.1032296154756094E-016  -5.1316573263955225E-016  -1.4582198724856345E-003   2.0711401041946171E-015  -1.1129879903871094E-015   2.9164397449732492E-003   3.1863626928160485E-016  -1.4582198724874232E-003
   2.8975654143215204E-017   3.2744001844683740E-017  -1.0586139124169802E-016  -2.6776317575315524E-016  -6.1106694663124267E-019  -9.4363316714486898E-020   8.7360441772635678E-018  -9.1950316096838777E-020   4.5093570240866484E-006   2.7477886974639998E-018   5.0941552895487624E-017   6.1252716252463416E-017  -1.8818027014334666E-016  -6.1096902832564926E-016  -2.7946113877617367E-016  -7.5116527060414666E-017   9.0322169142579943E-016  -1.8009471258612660E-015  -7.3959275549308690E-017  -4.0544850449836743E-016   1.9253010696011659E-015  -1.0143621436221671E-018   2.4556325795245888E-019  -1.0463957479682944E-018   7.2620715349908747E-020   5.9587374225184493E-019   9.6922548021634117E-019   4.0899940724939076E-019  -8.3126328030729468E-019   4.6701513912700509E-019   8.4541128129130087E-020  -3.8086243700034250E-016  -5.6119253956587978E-016  -3.1497417542204094E-016  -7.2704828595660137E-017  -4.2502644220451849E-017   2.0389711717678066E-016  -3.0083389503600025E-017   2.1965976800810167E-004   1.0227648524331515E-016   1.2493297847318946E-017   2.5057508527393642E-017  -5.3347619948320863E-017  -9.7322094781221960E-016  -5.7117813913521348E-016   2.6685209957947384E-015  -3.8140488317719651E-016   2.9164397449794829E-003   1.3459628321270171E-015
   9.3178414357524334E-017   3.8847621329792915E-016   4.3054467028521122E-017  -3.6789015411859508E-014  -2.2546785120456277E-006   2.3999883691201629E-018  -7.6587703080052081E-018  -2.2546785120342927E-006   2.7477886974639998E-018   4.5093570240750212E-006   1.8214315898479566E-016   6.9495019585682743E-016   9.8329764881457741E-017  -8.2208181678730915E-014  -3.3222782485402259E-015  -4.0682902204051531E-015  -5.9780215179050242E-015   7.2261183131319966E-014   1.4147481144648235E-015  -1.4573138250947078E-015   5.1390459198227699E-016  -1.6807077981653887E-018   6.3620323195006543E-019  -1.6165964572166917E-018   1.0556680153286946E-018   5.6033159807020797E-019   1.3535623843340649E-018   2.3230847355223764E-018  -5.2038788588236516E-019   1.0671578165740824E-018  -1.6094137200774798E-018   7.4290845261536051E-017  -1.6007357609229015E-014  -2.9376763672658519E-014  -1.0982988400405727E-004   6.6684851702308877E-017  -2.5687262440884518E-016  -1.0982988400377687E-004   2.9534714761369673E-017   2.1965976800780935E-004  -6.4776696618596200E-017   1.5871403581420455E-016  -2.3184010055344013E-016  -1.4582198724895786E-003   8.9028080841495716E-016  -3.4194074565449456E-015  -1.4582198724861961E-003   4.3227675306564314E-016   2.9164397449757047E-003
  0.31813543687057733        8.5951886683049012E-016  -7.0310071654839097E-016  -3.4574134424026722E-016   3.3011405648895131E-016   1.2677101932523136E-016  -1.0627491694047647E-016  -1.9932841443086419E-016   5.0941552895487624E-017   1.8214315898479566E-016  0.56240665334593443        2.9019278433611488E-015  -2.5104339613465257E-015  -1.1766591852530802E-015  -3.8991631969392112E-003   3.8410050134260669E-015   1.7752446572230353E-015  -2.4728477648133906E-015  -3.0704271405670503E-004   3.2532237148239674E-016   5.0871169640239790E-016   2.3969331541649544E-014  -4.8318777705756969E-017  -2.1319559126978409E-016   1.1041330031697771E-014   4.4831205060560499E-017   1.2264657726817071E-014   4.4518410313302231E-017  -2.2409029063126898E-016   1.3700691381497272E-017  -3.3787284431724580E-016  -1.3601002285157974E-015   2.9392494801717755E-016  -3.0067065446603577E-016  -4.3027144535254393E-016   2.3630017999518058E-016   2.9083270633617047E-017   3.7916210744476381E-016  -1.6135968535625949E-017  -2.7307178230206974E-017  0.27864316677804435        9.0776366162454535E-016  -1.4068090721270680E-015  -4.9539194278890650E-015   9.5115448583002669E-016  -2.9497527579826948E-016   2.8777842495717708E-015  -1.9965046828845138E-016   4.5461334416468120E-016
  -3.4258714127717654E-016  0.31813543687060364        1.4583097914969622E-015  -3.1839021979629244E-015   7.2428500320940614E-016  -6.8646512575451769E-018  -2.3296312319873746E-016   5.6370347551189523E-016   6.1252716252463416E-017   6.9495019585682743E-016   2.9019278433611488E-015  0.56240665334601569        1.2371198048170917E-015  -7.1195006895673860E-015   5.1365604262738720E-016  -3.8991631970812556E-003  -1.3679262589167578E-014   6.2002670541080411E-015   1.5439444574192293E-015  -3.0704271406475681E-004  -6.3800339785325520E-015  -9.5922501239088330E-016   4.3139888723031786E-016   8.4255013543413289E-017  -3.8782999961265838E-016   1.2739276459822790E-017  -3.3886894425113835E-016  -1.0248576888633839E-014   1.1739090426649411E-016  -1.7867934630948506E-015   2.2474279943009973E-016   1.3503302856594847E-014  -3.0282499061109941E-015  -8.0522726656379129E-016   7.9469636003018501E-016   1.9557560388337835E-016   2.1590595098912721E-016   8.2938840351492748E-016  -6.0781827821411308E-018   4.7351295481987903E-016  -2.6410237164588552E-016  0.27864316677807011        1.1689843055193988E-015   1.4168985496904132E-015   2.6160661382209745E-015   2.1755457182496096E-015   1.5567617256908605E-015   9.2308845586055481E-016  -2.7133673194351526E-015
   1.4357423158156440E-015  -2.6894143372107421E-015  0.31813543687059803        1.6792260015167975E-015  -1.4455961123383510E-016  -1.2540379732176305E-016  -1.5609379508595078E-016  -4.8635724351441584E-016  -1.8818027014334666E-016   9.8329764881457741E-017  -2.5104339613465257E-015   1.2371198048170917E-015  0.56240665334608508        1.7602290045491526E-015  -1.0989179753864650E-015  -4.4081976800132921E-015  -3.8991631970595637E-003   3.6925908920623350E-015   1.1419304527436787E-015   4.5613379675833251E-015  -3.0704271406023086E-004   1.4792705473527653E-016  -1.7121168816185247E-016   5.1138951477195215E-016   1.9037354244366123E-016  -8.3341011472475654E-017   1.7241859817860510E-016  -4.5548734593380169E-016  -2.0808794708686657E-015  -1.3468176314011823E-016  -5.6968085707039549E-015  -8.7951939500242166E-015   4.5078572693095412E-015   1.5960083936781574E-015  -1.7889674666193459E-016   5.9134800431104182E-016   3.7116891544925891E-017  -4.6711688632418929E-017  -7.9120807039208911E-017   3.2524111276387504E-017   1.0769627708917855E-015  -1.8776731710940959E-015  0.27864316677806689       -1.7510969994876772E-015   2.9971583291253571E-015   4.1243609575121944E-016  -2.4655018213338920E-015   1.1583834880987899E-015   9.2452526016551241E-016
   6.1664889767199344E-016   1.1176300676400354E-016  -2.3774157680660955E-015  0.38200346215540304       -7.5196532716614162E-014   6.5088204058680865E-016  -6.7763084844075526E-016  -7.6047552829106090E-014  -6.1096902832564926E-016  -8.2208181678730915E-014  -1.1766591852530802E-015  -7.1195006895673860E-015   1.7602290045491526E-015  0.84994630797114523        3.4466454960656554E-015   4.9307969802369519E-015  -1.0379570755750495E-014  -2.1180560028026037E-003  -4.4399705031528287E-015   1.2206578576676688E-014   5.1731575246701050E-015   3.0423633469341730E-016   6.8236033455178575E-016   2.4667500304348331E-016   3.3794455959365383E-017   3.6937040651746624E-017   2.0956024087028718E-016   1.8179072891914610E-015   2.4738281420886163E-016   6.2754428071493335E-016   5.9545790853951238E-016  -1.2655270324120186E-004  -8.2692254738637712E-004  0.33917184855287441       -6.8952887232757111E-014  -7.0334036136700488E-016   5.5977382040956034E-016  -8.1062373089929732E-014  -2.6852528223475154E-016  -7.8358726301566942E-014  -4.6283624143614645E-017   1.5737792836792862E-016  -1.8712329763553866E-015  -3.3134874488532595E-015   5.3141645855208276E-015   2.1070274094052240E-015  -2.4286105179539265E-014  -8.5781803927012467E-015   3.9196910038303135E-014
   1.4597008040133602E-003   1.1399033480587072E-015  -2.9578488781662336E-015   3.9412309497327641E-015  -3.0122825462033513E-015   4.6062593948753702E-016   1.4230746349570628E-017  -5.8034124606972857E-016  -2.7946113877617367E-016  -3.3222782485402259E-015  -3.8991631969392112E-003   5.1365604262738720E-016  -1.0989179753864650E-015   3.4466454960656554E-015   1.9040453694800414        1.6344846407779321E-015   1.7054823923892491E-015   8.7880306228788718E-016   5.9939088591079954E-006   1.7318009655978365E-016   5.8405930190097590E-016  -2.9638551708789765E-014   3.3046484918767848E-016  -2.8699473355018478E-016  -1.5002814783886078E-014   2.5765985891526723E-017  -1.4624649660787568E-014   7.3211012816119605E-016   1.2726465512158304E-016  -5.8694160310070874E-016   4.4163429233616932E-016  -1.2930586738080566E-015   2.4863225001253820E-016  -2.1831821016483301E-015  -9.9528804967406200E-016  -6.9609270424600975E-016   7.8594615895882638E-017  -1.1060932915233482E-015   2.6035906531088942E-016   7.8534844674202765E-016   8.6416867138946613E-002   7.3122352007927237E-016  -2.1302263993787117E-016  -2.5104793910796656E-015   8.8662664089939657E-016  -1.7197577766474666E-016   2.8798736228464039E-015  -1.4222309351310572E-016  -6.1244426248929000E-016
  -7.5330068552672638E-016   1.4597008040534336E-003   4.3863603754367644E-015   1.1296492822771578E-014  -4.3634485580207225E-015   4.3049520947155807E-016  -8.4787921511987267E-016  -3.6092926381617256E-015  -7.5116527060414666E-017  -4.0682902204051531E-015   3.8410050134260669E-015  -3.8991631970812556E-003  -4.4081976800132921E-015   4.9307969802369519E-015   1.6344846407779321E-015   1.9040453694798589       -8.1303990883753566E-015   1.3475875260519590E-014   9.8370512946566295E-016   5.9939088479534498E-006  -3.6316801501085605E-015  -3.0481244461726680E-016   1.0473219744883173E-014   1.9637817917619907E-016  -1.3092089796219937E-016   1.9348033365068544E-017  -5.8123568698364995E-016   2.4163582556209949E-014   5.7419010369186524E-016   9.2709123241603713E-015   1.8426554812689481E-015   1.3346658365960266E-014   1.2377815883234494E-015   3.6295586748748725E-015  -4.9758940584452330E-015   4.6443071315231007E-016   8.9051117940776182E-016  -5.8163150887007657E-015  -1.5223777138175216E-016  -5.6730232799866472E-015  -8.4700835793195739E-016   8.6416867138984152E-002   2.7216735336021015E-015  -4.0825227220656735E-015   7.0745442383921157E-016   1.3944787525928171E-015  -2.9654623424731506E-015   9.6656345086968606E-016  -5.1492406870682638E-015
  -1.5657228647009429E-016   5.0779741676983476E-015   1.4597008040763133E-003   2.8767639653248612E-014  -3.6649329527300705E-015  -3.2175047171750231E-016   9.6604875265061920E-016  -5.8630291916684845E-015   9.0322169142579943E-016  -5.9780215179050242E-015   1.7752446572230353E-015  -1.3679262589167578E-014  -3.8991631970595637E-003  -1.0379570755750495E-014   1.7054823923892491E-015  -8.1303990883753566E-015   1.9040453694798525       -2.9500055260005566E-014   1.2085150192299160E-015   2.7784158026373484E-015   5.9939088481627932E-006   2.7790935327293877E-016   4.1194032713804250E-016   7.7390672685346809E-015  -4.1491423317893161E-016  -4.1800408257875611E-018  -3.8420711220754867E-016   4.3049821371547716E-015   8.0495322042834264E-015   9.6617950828870742E-016   1.9793192128239747E-014  -8.7665145000758250E-015  -1.0655212344618507E-014   1.7587228273216551E-014  -8.3942189955496589E-015   1.0833009668641360E-015  -3.8627774862390404E-018  -4.3934051103531342E-015  -2.0464108343463997E-016  -5.4776367284117084E-015  -1.6146658286049516E-015   3.4628074500064261E-015   8.6416867139010006E-002   3.5158490457218033E-015   2.7987818803691945E-015   7.3584388562157480E-016   5.8256090914212147E-015   8.9324293206194077E-016   6.7400526232728899E-015
   4.9725203762195649E-016  -3.0405062139296677E-015   9.5746932532275897E-016   3.8861498162123002E-003   5.8375589463980815E-014  -6.2553156057032025E-016   1.5544680586537678E-015   7.1169827770864023E-014  -1.8009471258612660E-015   7.2261183131319966E-014  -2.4728477648133906E-015   6.2002670541080411E-015   3.6925908920623350E-015  -2.1180560028026037E-003   8.7880306228788718E-016   1.3475875260519590E-014  -2.9500055260005566E-014   1.8713124346646204       -2.3074362263076050E-015   1.8372173535793732E-014   1.5124707869455471E-014   7.5865175443751544E-016  -5.5051185135668615E-016  -7.2032975399643508E-016   6.0536056656839041E-016  -8.6722414360294268E-017   2.2138679288697179E-017  -4.3665429831292546E-015  -1.4743221009350513E-015  -1.2406001880122431E-015  -1.1835827178271780E-015   3.6968659838888405E-006  -8.3718284621266477E-006   8.9533323146667662E-002   1.3349986093726557E-013   1.7790245980735510E-015  -3.6360885351563274E-016   8.6386491635524021E-014   2.4877272906060313E-016   9.2395693831664689E-014   2.4994165865135718E-015  -9.7123308925332268E-016  -4.2925685858181118E-016   6.2119882943411114E-014   8.4340016491407118E-015   1.5148197713868761E-015  -6.2843631569654998E-014  -5.4940392387047312E-015   1.0061724923219442E-013
  -3.2159927014368135E-004   1.3017399443650440E-016  -6.9086162175703586E-016  -3.5369267217151220E-016  -4.3272743331247521E-017   9.4304368376328790E-018   6.5155720055543410E-016   8.9332742781740759E-016  -7.3959275549308690E-017   1.4147481144648235E-015  -3.0704271405670503E-004   1.5439444574192293E-015   1.1419304527436787E-015  -4.4399705031528287E-015   5.9939088591079954E-006   9.8370512946566295E-016   1.2085150192299160E-015  -2.3074362263076050E-015   2.0001160707871546        1.0438094317684848E-016   1.0722090607300917E-016   1.5011978813493673E-015   3.9221748220665241E-016   2.4479661531983687E-016  -1.6987604820242095E-015  -3.2108297895432694E-016  -1.0723431610541298E-015  -4.4074499444892423E-016  -8.4063079149623960E-017   1.6584650127009994E-016  -4.0314047307947828E-016  -3.1771683848444757E-016  -1.6545099816125420E-016   7.9982223251819975E-016   1.1239217064215562E-015  -3.2687279123278663E-016   2.2922829126572312E-016   1.1035048318812025E-015  -5.6770818325986340E-016   8.2568475594068090E-016  -1.0681725603976045E-003  -1.4639273239810666E-016  -1.0099822022455128E-015  -7.1764962093521048E-016   3.0090378034133946E-017  -5.5544832445306897E-017   1.7856316306750514E-016   2.1207217714806355E-016   2.0340257311881158E-016
  -8.5447100357456300E-017  -3.2159927014300659E-004  -1.0663852870456688E-015  -5.7579561910522772E-016  -1.0644100886362810E-015  -2.7745428729643984E-016   9.6655753541675654E-018  -1.5942571849435202E-015  -4.0544850449836743E-016  -1.4573138250947078E-015   3.2532237148239674E-016  -3.0704271406475681E-004   4.5613379675833251E-015   1.2206578576676688E-014   1.7318009655978365E-016   5.9939088479534498E-006   2.7784158026373484E-015   1.8372173535793732E-014   1.0438094317684848E-016   2.0001160707871497       -1.5496685019486812E-015  -4.5246991774734252E-018   2.3752029581250231E-015  -5.4481906675122360E-016   2.3640650348015797E-016  -3.2451119062378471E-016  -3.1695814491980777E-016   3.8139055002366185E-015  -7.5669697404032892E-016   2.0692506596442286E-015  -1.0479990751533388E-015   1.9785259012775431E-015   6.3549985478335383E-015  -5.1818376839673064E-015  -2.1801856996096598E-015   2.1712073341231762E-016  -6.7825077797325529E-016  -1.3373266400058928E-015   3.8861206030744034E-016  -2.3440373639546995E-015  -8.3177132295335340E-017  -1.0681725603976914E-003  -1.8185026095045786E-015  -3.7994319379211298E-015   6.9445226749813785E-016   1.1124906378634623E-015  -3.6402771376769748E-015   3.9498351207353812E-017  -3.5854656246008217E-015
  -1.0272927463922853E-016   9.6731381696585147E-016  -3.2159927014160380E-004   1.2048527141268984E-015   4.5402790958617466E-017  -2.7585420438787255E-016  -8.0727938047177993E-016  -2.0327733297556439E-015   1.9253010696011659E-015   5.1390459198227699E-016   5.0871169640239790E-016  -6.3800339785325520E-015  -3.0704271406023086E-004   5.1731575246701050E-015   5.8405930190097590E-016  -3.6316801501085605E-015   5.9939088481627932E-006   1.5124707869455471E-014   1.0722090607300917E-016  -1.5496685019486812E-015   2.0001160707871533        6.1417623453372502E-017   4.0919767097398245E-016   1.5278167875848243E-015   1.5361521170006486E-017   4.4025192633060009E-016  -1.4466124002611718E-016   2.0964354651323656E-015   7.7237903171694956E-016   1.1108699379590903E-015   3.6560809889197495E-015  -4.1617133329959373E-017   8.8071255773674631E-015   4.1794014014680115E-015  -3.3711960274772323E-015   9.0560193813790831E-017   9.2494946200860934E-016  -1.0480223617447659E-015  -1.3527553496553472E-015  -3.5001767018082157E-015  -6.6429229371726866E-016   2.6266763538992351E-015  -1.0681725603949759E-003  -7.9681228299813230E-015   1.1015025283885139E-015  -4.4891694838259105E-016  -7.4671433236421553E-015   8.3685275450945659E-016  -6.4375200023452659E-015
   1.3501835592932098E-014  -5.4320208578723215E-016   8.4210014393306813E-017   1.3871120961542054E-016   2.9076338684477738E-018  -2.4036766232728810E-019  -2.0121560484328275E-019  -1.2269260701336405E-018  -1.0143621436221671E-018  -1.6807077981653887E-018   2.3969331541649544E-014  -9.5922501239088330E-016   1.4792705473527653E-016   3.0423633469341730E-016  -2.9638551708789765E-014  -3.0481244461726680E-016   2.7790935327293877E-016   7.5865175443751544E-016   1.5011978813493673E-015  -4.5246991774734252E-018   6.1417623453372502E-017   1.4838280172937323E-027  -8.9700291225180803E-030  -2.8290157950166756E-030   7.0034048770574932E-028   4.2608481963412151E-031   7.4493486595645279E-028   9.1570665841084845E-031  -1.2024967808717480E-029   1.1205944393676730E-029  -1.9715042639952182E-029  -4.7310336604029072E-016  -9.8587641427937932E-016   1.5813361337976261E-016   1.4163664078256240E-016  -1.1708787896218620E-017  -9.8016131441005499E-018  -5.9766014199284905E-017  -4.9411601688475786E-017  -8.1870626583156875E-017   1.0507307174524087E-014  -4.8969589627417444E-016   8.6204879896331262E-017   1.8805206445824854E-015  -1.5545848334345049E-016  -1.3013677651390483E-016  -7.9351799735802110E-016  -6.5604166085635437E-016  -1.0870026472243501E-015
  -2.6725873865774902E-017   2.6402010025954740E-016  -9.6088505116601885E-017   3.0527048001696612E-016  -1.9019025597897642E-019  -1.4582097637459376E-018  -9.3930634215015177E-019  -4.4601297627265227E-019   2.4556325795245888E-019   6.3620323195006543E-019  -4.8318777705756969E-017   4.3139888723031786E-016  -1.7121168816185247E-016   6.8236033455178575E-016   3.3046484918767848E-016   1.0473219744883173E-014   4.1194032713804250E-016  -5.5051185135668615E-016   3.9221748220665241E-016   2.3752029581250231E-015   4.0919767097398245E-016  -8.9700291225180803E-030   6.2955605751262373E-029   2.4974269631912267E-030  -4.4751551718640201E-030  -2.4968660295170692E-031  -7.7957673839180109E-030   1.3416870396054392E-028   5.1716844432465064E-030   5.4247899482246914E-029   1.7554216394779977E-029  -5.4706805511088511E-017  -7.9268258573373779E-016   2.4581889814069564E-016  -9.2645464224016863E-018  -7.1032303874331107E-017  -4.5755484008399213E-017  -2.1726180994835472E-017   1.1961875714227218E-017   3.0990727416897507E-017  -8.8006769416791282E-018   6.9875604574020708E-016  -6.5954428879693881E-017  -1.2300610007093946E-016  -9.4310139756185776E-016  -6.0749910337681966E-016  -2.8846018701653350E-016   1.5881874989597280E-016   4.1146628708751842E-016
  -1.2117134072473138E-016   4.8079815829223934E-017   3.0406858797660426E-016   1.0899785725719796E-016   1.1372625829874074E-018  -3.2447338175953020E-019  -7.3918439937038616E-019   4.7933387400964912E-019  -1.0463957479682944E-018  -1.6165964572166917E-018  -2.1319559126978409E-016   8.4255013543413289E-017   5.1138951477195215E-016   2.4667500304348331E-016  -2.8699473355018478E-016   1.9637817917619907E-016   7.7390672685346809E-015  -7.2032975399643508E-016   2.4479661531983687E-016  -5.4481906675122360E-016   1.5278167875848243E-015  -2.8290157950166756E-030   2.4974269631912267E-030   3.5134188858081859E-029  -4.6528220992818374E-030   2.7549969509109400E-033  -4.4133051041436133E-030   2.0096174686109723E-029   3.3705740778405286E-029   4.7135158635898533E-030   7.9360555845345184E-029   5.8218367318287631E-016   5.7269848677967404E-016   6.3634751247092770E-017   5.5398327039157693E-017  -1.5805745116391401E-017  -3.6007145323397233E-017   2.3349308342209397E-017  -5.0972022400645156E-017  -7.8747635381650652E-017  -1.1912486177894271E-016   5.1132803381606973E-017   6.1193321407003533E-016   7.3552787680587284E-016  -2.0985410152472887E-016  -4.7806965598058473E-016   3.1001057446597260E-016  -6.7675948745305594E-016  -1.0455384512719358E-015
   6.2171182455084515E-015  -2.1965768719103378E-016   1.0689088350849435E-016   1.6757662679547385E-017  -1.7858144405476574E-018  -7.0052683806662772E-019   4.0132430988720116E-019   7.3014642534144106E-019   7.2620715349908747E-020   1.0556680153286946E-018   1.1041330031697771E-014  -3.8782999961265838E-016   1.9037354244366123E-016   3.3794455959365383E-017  -1.5002814783886078E-014  -1.3092089796219937E-016  -4.1491423317893161E-016   6.0536056656839041E-016  -1.6987604820242095E-015   2.3640650348015797E-016   1.5361521170006486E-017   7.0034048770574932E-028  -4.4751551718640201E-030  -4.6528220992818374E-030   3.3684663341893255E-028   1.0690322293934003E-030   3.5700128664149346E-028  -7.5632880153682687E-032  -9.1526966934668375E-030   5.6672293269556098E-030  -1.5953101827907022E-029   2.3156684633821537E-017  -4.8566784460273187E-016   4.2742107393388618E-017  -8.6990580615236112E-017  -3.4124058465806767E-017   1.9549306993367614E-017   3.5566887594219775E-017   3.5374997810846406E-018   5.1423693021134025E-017   4.7785822876902413E-015  -1.9845738604685671E-016   7.5121809883340324E-017  -1.1549806732740313E-015  -4.5306776599179734E-016   2.5955766237610717E-016   4.7222432002672456E-016   4.6967658451854678E-017   6.8275635324744506E-016
   2.5433520999812741E-017   7.2676161353226877E-018  -4.7185057227560759E-017   1.6374448407329123E-017  -6.8347423386090969E-019  -9.2579454539828915E-020   2.2795685149510632E-019   1.2314263575852110E-019   5.9587374225184493E-019   5.6033159807020797E-019   4.4831205060560499E-017   1.2739276459822790E-017  -8.3341011472475654E-017   3.6937040651746624E-017   2.5765985891526723E-017   1.9348033365068544E-017  -4.1800408257875611E-018  -8.6722414360294268E-017  -3.2108297895432694E-016  -3.2451119062378471E-016   4.4025192633060009E-016   4.2608481963412151E-031  -2.4968660295170692E-031   2.7549969509109400E-033   1.0690322293934003E-030   5.2961160690064586E-031   1.7461972721407244E-030   1.3603343387101930E-030   7.4131015123961803E-031   1.2969695636502683E-031   1.2717634485115780E-030  -9.6483528167289598E-017   4.2800226592794284E-016   1.0545231041581829E-017  -3.3293392127822432E-017  -4.5097297459069325E-018   1.1104232565264409E-017   5.9985232175040574E-018   2.9026197589986511E-017   2.7294868910266982E-017   2.3568591396367891E-017   7.3621683113298259E-018  -4.1713547554299527E-017  -4.4203894471530012E-016  -5.9876030960737043E-017   1.4743175541201502E-016   7.9642857139401205E-017   3.8538307248846577E-016   3.6239608757581416E-016
   6.9098134915044385E-015  -1.9278728819591026E-016   9.6805055081363587E-017   9.4230836205164131E-017  -2.8386404874119566E-018  -6.1444516961830387E-019   5.8476297254344254E-020   1.4850781030480298E-018   9.6922548021634117E-019   1.3535623843340649E-018   1.2264657726817071E-014  -3.3886894425113835E-016   1.7241859817860510E-016   2.0956024087028718E-016  -1.4624649660787568E-014  -5.8123568698364995E-016  -3.8420711220754867E-016   2.2138679288697179E-017  -1.0723431610541298E-015  -3.1695814491980777E-016  -1.4466124002611718E-016   7.4493486595645279E-028  -7.7957673839180109E-030  -4.4133051041436133E-030   3.5700128664149346E-028   1.7461972721407244E-030   3.8272337074076407E-028  -3.9410964507680787E-030  -7.4182454311987049E-030   2.4444691920649880E-030  -1.7876792896515051E-029   6.0494266101196747E-016   1.2459293659156693E-015   8.4655420827796124E-017  -1.3827583568850866E-016  -2.9930848830674002E-017   2.8484969854507824E-018   7.2341114232831751E-017   4.7212904854040094E-017   6.5934721455568296E-017   5.4023309553482192E-015  -1.9482564689014911E-016   6.7718450904993065E-017  -1.8358989751696799E-015  -3.9739419704551704E-016   3.7819714994473949E-017   9.6047857401441340E-016   6.2684939277176320E-016   8.7542040115506568E-016
   2.6625177372381593E-017  -5.7511941084605312E-015  -2.4952840344175825E-016   8.0576204784762648E-016  -2.4612820759197621E-018  -3.4784732904084346E-018  -3.2945804943031504E-019   1.3819733912844631E-019   4.0899940724939076E-019   2.3230847355223764E-018   4.4518410313302231E-017  -1.0248576888633839E-014  -4.5548734593380169E-016   1.8179072891914610E-015   7.3211012816119605E-016   2.4163582556209949E-014   4.3049821371547716E-015  -4.3665429831292546E-015  -4.4074499444892423E-016   3.8139055002366185E-015   2.0964354651323656E-015   9.1570665841084845E-031   1.3416870396054392E-028   2.0096174686109723E-029  -7.5632880153682687E-032   1.3603343387101930E-030  -3.9410964507680787E-030   5.3329541493648427E-028   2.9898572234825936E-029   1.6231311665422968E-028   7.1201788433316839E-029  -1.3642183572246073E-015   2.1606359450257799E-015   5.1474534216022753E-016  -1.1989395535247418E-016  -1.6944336674022433E-016  -1.6048558212873593E-017   6.7318678430531237E-018   1.9923176282280835E-017   1.1316208750776847E-016   5.6243535984655092E-017  -3.9614580893154082E-015  -2.7020734282907376E-017  -1.5918413268929877E-015  -2.2497126978032128E-015  -2.1307794980437293E-016   8.9379530511743753E-017   2.6452155386849418E-016   1.5024617963804601E-015
  -1.2651247628319071E-016   6.7567146344680161E-017  -1.1616759408315982E-015   1.0735705078832278E-016   6.4340649037411218E-019  -6.0196651360986248E-019  -1.2596478135387770E-018  -1.2301860482645429E-019  -8.3126328030729468E-019  -5.2038788588236516E-019  -2.2409029063126898E-016   1.1739090426649411E-016  -2.0808794708686657E-015   2.4738281420886163E-016   1.2726465512158304E-016   5.7419010369186524E-016   8.0495322042834264E-015  -1.4743221009350513E-015  -8.4063079149623960E-017  -7.5669697404032892E-016   7.7237903171694956E-016  -1.2024967808717480E-029   5.1716844432465064E-030   3.3705740778405286E-029  -9.1526966934668375E-030   7.4131015123961803E-031  -7.4182454311987049E-030   2.9898572234825936E-029   4.6171539678092821E-029   6.7682974363692883E-030   1.0654455764511437E-028   6.3433887465976939E-016   1.7649852982999745E-015   2.7460200041227801E-017   3.1341612490768165E-017  -2.9322988625920277E-017  -6.1359955536095643E-017  -5.9924814175736104E-018  -4.0492491131586112E-017  -2.5349131073672267E-017  -1.0515334750122844E-016   8.5188539097343347E-017  -6.5848216545378376E-016   4.1612501537811526E-016  -3.8932359004891621E-016  -8.1468087988257706E-016  -7.9562639692011136E-017  -5.3762193951249825E-016  -3.3656237568647106E-016
   6.6080665867762724E-018  -9.9306168241767517E-016  -7.4409164783873239E-017   2.7885272732191045E-016  -6.7868153102624480E-019  -1.4143390614403479E-018   1.0987585128825734E-019  -3.8847628591140429E-019   4.6701513912700509E-019   1.0671578165740824E-018   1.3700691381497272E-017  -1.7867934630948506E-015  -1.3468176314011823E-016   6.2754428071493335E-016  -5.8694160310070874E-016   9.2709123241603713E-015   9.6617950828870742E-016  -1.2406001880122431E-015   1.6584650127009994E-016   2.0692506596442286E-015   1.1108699379590903E-015   1.1205944393676730E-029   5.4247899482246914E-029   4.7135158635898533E-030   5.6672293269556098E-030   1.2969695636502683E-031   2.4444691920649880E-030   1.6231311665422968E-028   6.7682974363692883E-030   5.6716365414283834E-029   2.2304267049677871E-029  -5.8405876566583548E-016  -8.2413555621712553E-016   1.9062979647394626E-016  -3.3059930015794525E-017  -6.8895274528600865E-017   5.3522717043694718E-018  -1.8923454132814348E-017   2.2749238210316923E-017   5.1983384148161349E-017  -2.0518374083506243E-017  -4.5660395156653768E-016  -2.2448087947048959E-017  -4.3893925017831769E-016  -9.1472789349876985E-016   7.1062525769229982E-017  -2.5124816549378425E-016   3.0204339686881775E-016   6.9018741567212650E-016
  -1.9024836219288455E-016   1.3075750937934158E-016  -3.1847454953324709E-015   2.6457486657521416E-016   7.0064434928977525E-019  -1.9441343309456952E-018   1.9463670512592797E-018   9.0876937038992023E-019   8.4541128129130087E-020  -1.6094137200774798E-018  -3.3787284431724580E-016   2.2474279943009973E-016  -5.6968085707039549E-015   5.9545790853951238E-016   4.4163429233616932E-016   1.8426554812689481E-015   1.9793192128239747E-014  -1.1835827178271780E-015  -4.0314047307947828E-016  -1.0479990751533388E-015   3.6560809889197495E-015  -1.9715042639952182E-029   1.7554216394779977E-029   7.9360555845345184E-029  -1.5953101827907022E-029   1.2717634485115780E-030  -1.7876792896515051E-029   7.1201788433316839E-029   1.0654455764511437E-028   2.2304267049677871E-029   2.8042184171809180E-028   2.0171208033320390E-015  -2.3835265371036409E-015   1.8052881293902845E-016   3.4129782676581166E-017  -9.4702658013522829E-017   9.4811418269373277E-017   4.4267967259486213E-017   4.1181668448491099E-018  -7.8397749936504401E-017  -1.4682995623342763E-016   1.9740204726571989E-016  -1.9075500873750148E-015   4.5314376678388195E-016  -1.2573745219272236E-015   1.2588185402638660E-015   5.8774922834605902E-016   5.4677220010250505E-017  -1.0408929951293267E-015
