  0.16944403238208328        2.5441199259415407E-017   5.2398675727013498E-017  -1.1786458491444103E-016  -1.3663781761299032E-017  -1.9980751796604695E-017  -9.0316575168306766E-018   2.5640299869825095E-017  -2.3299610356107236E-017  -1.0868533305914466E-017  0.13456971250893662        1.2967933250305103E-016   1.1972470131608447E-016   2.8293966327264043E-016  -2.0740932799493156E-015   8.7681496910538296E-016  -1.9014685053458020E-017  -3.1234154655001724E-017   3.0967278308483032E-016   1.0624495914739002E-018   4.9777213447931622E-016  -4.7069677559784806E-017  -4.4503453969723156E-017  -3.1804362206321861E-017  -4.8724354186320327E-017  -6.9374217566415258E-017  -2.3810795890708161E-017   3.8903134987959775E-018   1.3545772555098691E-018  -3.7277392992104683E-017   3.0768614520980332E-018  -3.6090538033757174E-017  0.10316695926458164        3.7656261391767949E-018   2.6160391994452301E-017
   2.5441199259415407E-017  0.16944403238207417       -9.8436522243577250E-018  -1.7414737281475245E-016   2.2886394440289176E-017   1.9668964667467373E-017   2.1142749857486695E-017   2.2517789447090240E-017   3.7230678515403444E-018   5.5080659094812400E-017  -1.2858694234541385E-016  0.13456971250894748       -2.8697419784112622E-016  -2.8359105298415154E-016  -9.2610254884487703E-016   1.8908423654960056E-017  -2.2933320209861260E-015   5.7520888203239209E-017   4.8805311346037452E-018  -1.5980218305844082E-018   3.1185860350779877E-017  -5.3784655363552220E-015   5.7054100944816413E-017  -2.1931624163487083E-015   1.1485175443028067E-016  -6.6240826738193022E-017   3.9028247878860253E-018  -3.8252992503272332E-018  -7.0849385029920666E-018   1.0084670507832242E-017   2.3449974699558545E-018   4.3406388957449771E-018  -1.7678706986459606E-017  0.10316695926457717        2.1119919506838638E-017
   5.2398675727013498E-017  -9.8436522243577250E-018  0.16944403238208522        2.6610795096166431E-016  -3.6751428206245575E-017   2.2375763560568971E-017   3.0824167171090437E-018  -4.4591901357987703E-017  -7.4857502965497228E-018  -4.2054778995618915E-017   3.1740615051880021E-016   2.5134178050466182E-016  0.13456971250893734        1.9452537539883370E-016  -7.0346138022118501E-016  -1.0458276967004327E-016  -3.0774448416507634E-017   5.0879870981872493E-016  -1.1528607495009434E-017  -2.5863492063435852E-018  -4.1086175369524096E-017  -5.5135655655404302E-017   3.4386973310696398E-016  -2.8637278288038745E-017   1.0795603328814979E-015  -5.6675313380556886E-019   1.0979656050036574E-017  -6.5367264757229507E-018   2.0223590871991826E-019   3.2792002789088468E-018   4.3958778188921214E-018   9.8078100239905767E-018   1.0799996538107903E-017   1.8684982127798285E-017  0.10316695926458241     
  -1.1786458491444103E-016  -1.7414737281475245E-016   2.6610795096166431E-016  0.25777608220557674       -7.0155803179569112E-015  -7.8597082159318554E-017   6.9969044140540067E-017  -8.1977364553646608E-015  -1.3458579310721178E-016  -7.5538559576674187E-015  -3.3308714220565665E-016  -1.4865162399998224E-016  -1.4348762444789723E-017  0.42896463417107589        6.3867620217683890E-003  -8.2080663408275857E-017   5.5782608282659623E-017  -4.0548331546522115E-017  -3.9546417223926165E-017   3.5337808594685956E-018  -9.3316245268799205E-017  -2.3014211732952522E-017  -6.0921039434728265E-018  -1.9812725435866430E-017  -4.1477642001251250E-017  0.11349660772752364       -1.2964718875623931E-014  -2.5232939582601917E-017  -3.5958242811989519E-017  -1.2854025609391703E-014   1.1397351550513579E-017  -1.2421972590309609E-014  -1.0665000871316762E-016  -1.2679057366563752E-016   1.6668071151986626E-016
  -1.3663781761299032E-017   2.2886394440289176E-017  -3.6751428206245575E-017  -7.0155803179569112E-015   2.2698984748813773E-028  -2.7128726148177129E-030  -1.1209878411940518E-029   2.4277107313475436E-028   6.5629880986343341E-030   2.2244859923648169E-028  -1.0851554684745089E-017   1.8176004648274522E-017  -2.9187390423124677E-017  -1.1705562807569813E-014   8.1439755166431265E-015   9.1993385759778591E-031  -3.1660497616626378E-030  -2.3885071324629750E-030   9.4458662849546255E-032  -1.2355712363144075E-031   2.0884461799562483E-031  -1.0732934485439739E-029  -2.9377819791459325E-030  -1.9241584911273364E-030  -3.0493096914265483E-030  -2.7745701535765857E-015   3.6307673520499268E-028   3.2308385520315815E-030   9.6368945372651947E-030   3.6826190697313794E-028  -6.5979615399014776E-030   3.6090422362748485E-028  -8.3192709507130418E-018   1.3934510939936061E-017  -2.2376315314067547E-017
  -1.9980751796604695E-017   1.9668964667467373E-017   2.2375763560568971E-017  -7.8597082159318554E-017  -2.7128726148177129E-030   6.8454854990942118E-031   1.2355121658993667E-030  -1.5198482584289960E-031  -3.4658867483521686E-031   3.7737331771209416E-032  -1.5868390212285391E-017   1.5620773912421174E-017   1.7770469854752119E-017  -1.2662734131248346E-016  -1.1215151327477769E-015   8.0754874974141019E-032  -1.0382321235627965E-031   5.4647174359255506E-031   1.0380289132165512E-031   1.9907936525556567E-033   2.7804130423422266E-031   8.1424699957189809E-031   4.6835843618466024E-031   4.4306620359372679E-032   7.0776094511804274E-031  -7.6914148235276980E-017   2.5805511845525425E-030  -3.3642737200837659E-031  -1.1555352365051495E-030   1.4451590984504354E-030   8.4322425546918751E-031   7.2080356617149191E-031  -1.2165393951601870E-017   1.1975560591295445E-017   1.3623610435342547E-017
  -9.0316575168306766E-018   2.1142749857486695E-017   3.0824167171090437E-018   6.9969044140540067E-017  -1.1209878411940518E-029   1.2355121658993667E-030   2.4261986070319794E-030  -7.2999922839997995E-030  -7.8291679188427225E-031  -6.3946025723675419E-030  -7.1727964593022055E-018   1.6791230295761300E-017   2.4480055486302523E-018   1.2442862487888062E-016  -2.1464293172926256E-015   2.5904280516905426E-031   7.7145389715104510E-032   8.8311179472860447E-031   2.2109380977808372E-031   7.7949431367514552E-033   5.4626823869835555E-031   2.0742634717713099E-030   7.9928281141851771E-031   2.8409735591157697E-031   1.0489125119623524E-030  -5.0372414018066050E-017  -6.1595190399722361E-030  -6.6454397074609562E-031  -2.2470915607867594E-030  -8.2443631974367392E-030   1.6269607513737727E-030  -9.2649438283618015E-030  -5.4989758566973267E-018   1.2872883055391202E-017   1.8767468846190107E-018
   2.5640299869825095E-017   2.2517789447090240E-017  -4.4591901357987703E-017  -8.1977364553646608E-015   2.4277107313475436E-028  -1.5198482584289960E-031  -7.2999922839997995E-030   2.7143672287993035E-028   5.8581198796817969E-030   2.4942858916525043E-028   2.0363111840659415E-017   1.7883264518875495E-017  -3.5414167507757862E-017  -1.3658711666767813E-014   4.3321752348250253E-015   2.0813814652675169E-030  -2.8076207229410891E-030  -6.9095986827808954E-031   7.8473865986037385E-031  -1.2682323627404919E-031   1.8017449172112435E-030  -5.7816248602246819E-030  -1.5536307542872611E-030  -8.4507744015885522E-031  -1.1182244992083216E-030  -3.4380046808009910E-015   4.1787384702571204E-028   2.1911074685702203E-030   5.8642764063493831E-030   4.1882230191159270E-028  -3.7907671168278957E-030   4.0748083447292106E-028   1.5611241865616593E-017   1.3710083701138355E-017  -2.7150031820276736E-017
  -2.3299610356107236E-017   3.7230678515403444E-018  -7.4857502965497228E-018  -1.3458579310721178E-016   6.5629880986343341E-030  -3.4658867483521686E-031  -7.8291679188427225E-031   5.8581198796817969E-030   3.0659244607822028E-031   5.3021407485743794E-030  -1.8504174051530642E-017   2.9568003274591334E-018  -5.9450619249234337E-018  -2.2645085144421046E-016   6.6501426863605708E-016  -1.7460232659055170E-031  -1.8372005660323671E-031  -2.6830110632045354E-031  -9.8456987040113461E-032  -4.1330193018246341E-033  -2.0234104731073702E-031  -9.5288443091765642E-031  -2.4893053736599336E-031  -2.0704546354064521E-031  -3.3528373638847918E-031  -3.4000039075920327E-017   7.5939238171844039E-030   2.1721980898341026E-031   7.1421809251448412E-031   8.1968747346524735E-030  -5.1167837024261403E-031   8.3245305630438066E-030  -1.4186099791752282E-017   2.2668109580458215E-018  -4.5577414857993079E-018
  -1.0868533305914466E-017   5.5080659094812400E-017  -4.2054778995618915E-017  -7.5538559576674187E-015   2.2244859923648169E-028   3.7737331771209416E-032  -6.3946025723675419E-030   2.4942858916525043E-028   5.3021407485743794E-030   2.2926130083160890E-028  -8.6316135292964189E-018   4.3744169416837852E-017  -3.3399225924369202E-017  -1.2584822350626237E-014   3.7006819627206792E-015   1.7882425347014417E-030  -3.0005727809346214E-030  -5.0281206311271573E-031   6.9472732388639572E-031  -1.1641958938010101E-031   1.6461095418015720E-030  -6.0345280250087112E-030  -1.3064932123732889E-030  -1.1402414903943805E-030  -8.6458459616677521E-031  -3.1789766254716580E-015   3.8469983265075057E-028   1.9284246980333926E-030   5.0987743448057640E-030   3.8529092997785404E-028  -3.2730818219364096E-030   3.7468465045139420E-028  -6.6173680894732550E-018   3.3536171402528811E-017  -2.5605290493432523E-017
  0.13456971250893662       -1.2858694234541385E-016   3.1740615051880021E-016  -3.3308714220565665E-016  -1.0851554684745089E-017  -1.5868390212285391E-017  -7.1727964593022055E-018   2.0363111840659415E-017  -1.8504174051530642E-017  -8.6316135292964189E-018  0.10687309119216093       -1.5179112759106868E-017   3.1411074236773278E-016  -1.9346365803733098E-016   3.6276989318936744E-015   6.9635228020293333E-016  -1.5101155615334636E-017  -2.4805660921156822E-017   2.4593712039146555E-016   8.4378029765888474E-019   3.9532258581284776E-016  -3.7381977329398745E-017  -3.5343924021214602E-017  -2.5258510544554803E-017  -3.8696094768635693E-017   3.9026039568310637E-017  -1.8910149342959277E-017   3.0896241180237780E-018   1.0757833680150324E-018  -2.9605103157097662E-017   2.4435936469236530E-018  -2.8662522127304325E-017   8.1933531995688660E-002  -8.7602264987407692E-017   1.8869232969649860E-016
   1.2967933250305103E-016  0.13456971250894748        2.5134178050466182E-016  -1.4865162399998224E-016   1.8176004648274522E-017   1.5620773912421174E-017   1.6791230295761300E-017   1.7883264518875495E-017   2.9568003274591334E-018   4.3744169416837852E-017  -1.5179112759106868E-017  0.10687309119218392       -2.2091183953020520E-017  -2.5680210622312994E-016   3.1236885639571215E-015   1.5016764529705055E-017  -1.8213272336188537E-015   4.5682159943615473E-017   3.8760389636715828E-018  -1.2691231157664462E-018   2.4767306365122069E-017  -4.2714904195302604E-015   4.5311445045688755E-017  -1.7417741522344532E-015   9.1213407504259489E-017   8.8685547603841538E-017   3.0995603816559757E-018  -3.0379908524384702E-018  -5.6267436751074270E-018   8.0090823613540768E-018   1.8623590983370625E-018   3.4472652715813779E-018   5.2614157379488003E-017   8.1933531995696141E-002   1.7456360837806008E-016
   1.1972470131608447E-016  -2.8697419784112622E-016  0.13456971250893734       -1.4348762444789723E-017  -2.9187390423124677E-017   1.7770469854752119E-017   2.4480055486302523E-018  -3.5414167507757862E-017  -5.9450619249234337E-018  -3.3399225924369202E-017   3.1411074236773278E-016  -2.2091183953020520E-017  0.10687309119216087       -2.3011927973992071E-016   1.8658032021030561E-015  -8.3057945741936254E-017  -2.4440569654832165E-017   4.0407971377139435E-016  -9.1558337842994105E-018  -2.0540367474291383E-018  -3.2629976575989871E-017  -4.3787846796562659E-017   2.7309578551803540E-016  -2.2743263672865373E-017   8.5736937199610246E-016  -7.9857716878085380E-018   8.7198654171020418E-018  -5.1913625414905312E-018   1.6061249082228832E-019   2.6042878736487113E-018   3.4911351317377941E-018   7.7892042388221414E-018   5.6133155758856900E-017  -1.5512674333741545E-016   8.1933531995688785E-002
   2.8293966327264043E-016  -2.8359105298415154E-016   1.9452537539883370E-016  0.42896463417107589       -1.1705562807569813E-014  -1.2662734131248346E-016   1.2442862487888062E-016  -1.3658711666767813E-014  -2.2645085144421046E-016  -1.2584822350626237E-014  -1.9346365803733098E-016  -2.5680210622312994E-016  -2.3011927973992071E-016  0.71386571936435661        3.4856601361031741E-003  -1.3550100082811615E-016   9.3983826061066348E-017  -6.4563668732702857E-017  -6.4984738065295588E-017   5.9042935403092549E-018  -1.5330906850297860E-016  -2.9153905319251555E-017  -7.5271394674208648E-018  -3.1101833056690635E-017  -6.5619422040047845E-017  0.18859954845705260       -2.1583347216856353E-014  -4.4174213164638385E-017  -6.7273886357118803E-017  -2.1406179178118580E-014   2.4364894329684779E-017  -2.0690981772727022E-014   1.1439362264307095E-016  -2.0943969776181134E-016   1.2430352084934889E-016
  -2.0740932799493156E-015  -9.2610254884487703E-016  -7.0346138022118501E-016   6.3867620217683890E-003   8.1439755166431265E-015  -1.1215151327477769E-015  -2.1464293172926256E-015   4.3321752348250253E-015   6.6501426863605708E-016   3.7006819627206792E-015   3.6276989318936744E-015   3.1236885639571215E-015   1.8658032021030561E-015   3.4856601361031741E-003   1.9196857841807669       -2.9476724509033992E-016  -3.0931648997513171E-016  -7.8378732147102162E-016  -2.2252623586786131E-016  -6.2914716022860808E-018  -5.3397157797494356E-016  -2.4579815906459519E-015  -7.0177065406576706E-016  -5.0263763149409738E-016  -9.1568671595667814E-016   7.5351081592765642E-002   2.0399576318646003E-015   5.8635125001448164E-016   1.9974633875013301E-015   3.9337016784415663E-015  -1.4505653756821307E-015   4.9605646026000337E-015  -1.3121698712022966E-015   3.4139962610661875E-017   7.9205768010386061E-017
   8.7681496910538296E-016   1.8908423654960056E-017  -1.0458276967004327E-016  -8.2080663408275857E-017   9.1993385759778591E-031   8.0754874974141019E-032   2.5904280516905426E-031   2.0813814652675169E-030  -1.7460232659055170E-031   1.7882425347014417E-030   6.9635228020293333E-016   1.5016764529705055E-017  -8.3057945741936254E-017  -1.3550100082811615E-016  -2.9476724509033992E-016   4.6746562643878321E-030  -3.0569506885810661E-031  -3.3695558105360296E-031   1.6564898362768977E-030   6.7634118350727193E-033   2.7154328750425258E-030  -4.2763673066535435E-031  -3.2722482329308333E-031  -3.0875098409640619E-031  -7.5293685471255454E-031  -4.7201832335010479E-017   3.6385654896065901E-030  -5.7742278567892176E-032  -2.8721108896351599E-031   3.2506930462359256E-030   2.3109961491465636E-031   2.9596233358853721E-030   5.3385376238151516E-016   1.1512500886251191E-017  -6.3675811928253629E-017
  -1.9014685053458020E-017  -2.2933320209861260E-015  -3.0774448416507634E-017   5.5782608282659623E-017  -3.1660497616626378E-030  -1.0382321235627965E-031   7.7145389715104510E-032  -2.8076207229410891E-030  -1.8372005660323671E-031  -3.0005727809346214E-030  -1.5101155615334636E-017  -1.8213272336188537E-015  -2.4440569654832165E-017   9.3983826061066348E-017  -3.0931648997513171E-016  -3.0569506885810661E-031   3.1109075452298533E-029  -7.4948858163292296E-031  -7.1410247063287495E-032   2.3776086099592845E-032  -4.0461857686930833E-031   7.3202657489614912E-029  -7.1740828459477028E-031   2.9769011280172502E-029  -1.6059848201503230E-030   1.2819290646310538E-017  -3.2398878357404765E-030  -4.7945614029917543E-032  -2.3553696666110862E-031  -3.6027733020021731E-030   2.0442159854376966E-031  -3.5973312610042717E-030  -1.1577198740852802E-017  -1.3963081960640128E-015  -1.8737197300738835E-017
  -3.1234154655001724E-017   5.7520888203239209E-017   5.0879870981872493E-016  -4.0548331546522115E-017  -2.3885071324629750E-030   5.4647174359255506E-031   8.8311179472860447E-031  -6.9095986827808954E-031  -2.6830110632045354E-031  -5.0281206311271573E-031  -2.4805660921156822E-017   4.5682159943615473E-017   4.0407971377139435E-016  -6.4563668732702857E-017  -7.8378732147102162E-016  -3.3695558105360296E-031  -7.4948858163292296E-031   1.8786780524187081E-030   6.5234812185201056E-033  -6.4589936429773826E-033   2.6948311616341940E-032  -9.7694950870192410E-031   1.3472062402883414E-030  -6.1674552623230203E-031   3.6691460360812243E-030  -4.7434481949985939E-017   1.1151541975106036E-030  -2.5704349485370379E-031  -8.1131949418653692E-031   3.0805063386919528E-031   6.0329103741991555E-031  -1.5686542190205902E-031  -1.9017092048955147E-017   3.5021918722666370E-017   3.0978497756342453E-016
   3.0967278308483032E-016   4.8805311346037452E-018  -1.1528607495009434E-017  -3.9546417223926165E-017   9.4458662849546255E-032   1.0380289132165512E-031   2.2109380977808372E-031   7.8473865986037385E-031  -9.8456987040113461E-032   6.9472732388639572E-031   2.4593712039146555E-016   3.8760389636715828E-018  -9.1558337842994105E-018  -6.4984738065295588E-017  -2.2252623586786131E-016   1.6564898362768977E-030  -7.1410247063287495E-032   6.5234812185201056E-033   5.9851443970151377E-031   2.2657729206371174E-033   9.8909146142444164E-031   4.9968736874264079E-032  -2.1172938302170606E-032  -5.8350854387809349E-032  -4.7259999620588692E-032  -2.5784200364264078E-017   1.6722961461193808E-030  -5.6431641853480317E-032  -2.2287011534992073E-031   1.4131509235954260E-030   1.7109588975149365E-031   1.2311453535222564E-030   1.8854602873131603E-016   2.9715390366643410E-018  -7.0192579997922551E-018
   1.0624495914739002E-018  -1.5980218305844082E-018  -2.5863492063435852E-018   3.5337808594685956E-018  -1.2355712363144075E-031   1.9907936525556567E-033   7.7949431367514552E-033  -1.2682323627404919E-031  -4.1330193018246341E-033  -1.1641958938010101E-031   8.4378029765888474E-019  -1.2691231157664462E-018  -2.0540367474291383E-018   5.9042935403092549E-018  -6.2914716022860808E-018   6.7634118350727193E-033   2.3776086099592845E-032  -6.4589936429773826E-033   2.2657729206371174E-033   1.3085260903897318E-034   3.9417300708044900E-033   5.9121634956460146E-032  -3.8177321863290204E-033   2.2318484502523004E-032  -1.5395786661426888E-032   1.3148298162608868E-018  -1.8593016030172948E-031  -2.1363231136391351E-033  -7.0617023007429516E-033  -1.9072212578051671E-031   4.9078191691376062E-033  -1.8821419255257026E-031   6.4687845410275587E-019  -9.7296464668677436E-019  -1.5747133697406310E-018
   4.9777213447931622E-016   3.1185860350779877E-017  -4.1086175369524096E-017  -9.3316245268799205E-017   2.0884461799562483E-031   2.7804130423422266E-031   5.4626823869835555E-031   1.8017449172112435E-030  -2.0234104731073702E-031   1.6461095418015720E-030   3.9532258581284776E-016   2.4767306365122069E-017  -3.2629976575989871E-017  -1.5330906850297860E-016  -5.3397157797494356E-016   2.7154328750425258E-030  -4.0461857686930833E-031   2.6948311616341940E-032   9.8909146142444164E-031   3.9417300708044900E-033   1.6590336613309807E-030  -4.2583239322346294E-031  -7.0805308358307967E-033  -3.4388063507919055E-031  -1.1541408536306345E-031  -6.1177787264283807E-017   3.9674163996131291E-030  -1.4113340115829886E-031  -5.3784914248089450E-031   3.3670307255880351E-030   4.0612597417736636E-031   2.9300221636659997E-030   3.0307138468631908E-016   1.8987687788171618E-017  -2.5015550687126797E-017
  -4.7069677559784806E-017  -5.3784655363552220E-015  -5.5135655655404302E-017  -2.3014211732952522E-017  -1.0732934485439739E-029   8.1424699957189809E-031   2.0742634717713099E-030  -5.7816248602246819E-030  -9.5288443091765642E-031  -6.0345280250087112E-030  -3.7381977329398745E-017  -4.2714904195302604E-015  -4.3787846796562659E-017  -2.9153905319251555E-017  -2.4579815906459519E-015  -4.2763673066535435E-031   7.3202657489614912E-029  -9.7694950870192410E-031   4.9968736874264079E-032   5.9121634956460146E-032  -4.2583239322346294E-031   1.7390148806243644E-028  -1.0117627014078646E-030   7.0277791529413087E-029  -2.8086858619670856E-030  -1.0299866368578491E-016  -1.9861708615320266E-030  -6.2673593679399646E-031  -2.3306694767255997E-030  -4.6069219887747059E-030   1.7796624667325191E-030  -5.7665263265776160E-030  -2.8658639900974110E-017  -3.2747092186988900E-015  -3.3569656370080508E-017
  -4.4503453969723156E-017   5.7054100944816413E-017   3.4386973310696398E-016  -6.0921039434728265E-018  -2.9377819791459325E-030   4.6835843618466024E-031   7.9928281141851771E-031  -1.5536307542872611E-030  -2.4893053736599336E-031  -1.3064932123732889E-030  -3.5343924021214602E-017   4.5311445045688755E-017   2.7309578551803540E-016  -7.5271394674208648E-018  -7.0177065406576706E-016  -3.2722482329308333E-031  -7.1740828459477028E-031   1.3472062402883414E-030  -2.1172938302170606E-032  -3.8177321863290204E-033  -7.0805308358307967E-033  -1.0117627014078646E-030   9.8534654046922090E-031  -6.0421941423469146E-031   2.5776327008159315E-030  -2.9196546493185570E-017  -5.2680058194112527E-031  -2.2952888491815429E-031  -7.3191336100698869E-031  -1.2306184560234384E-030   5.3894245404588102E-031  -1.6012489296237194E-030  -2.7096180126748996E-017   3.4737712655341784E-017   2.0936703552812591E-016
  -3.1804362206321861E-017  -2.1931624163487083E-015  -2.8637278288038745E-017  -1.9812725435866430E-017  -1.9241584911273364E-030   4.4306620359372679E-032   2.8409735591157697E-031  -8.4507744015885522E-031  -2.0704546354064521E-031  -1.1402414903943805E-030  -2.5258510544554803E-017  -1.7417741522344532E-015  -2.2743263672865373E-017  -3.1101833056690635E-017  -5.0263763149409738E-016  -3.0875098409640619E-031   2.9769011280172502E-029  -6.1674552623230203E-031  -5.8350854387809349E-032   2.2318484502523004E-032  -3.4388063507919055E-031   7.0277791529413087E-029  -6.0421941423469146E-031   2.8530419881699931E-029  -1.4174050997877903E-030  -2.7699525146057259E-017   3.3088756627683350E-031  -1.0172662923809988E-031  -4.2859004982123059E-031  -2.4848898914510519E-031   3.4699208740219065E-031  -4.7450229988101658E-031  -1.9364266147637287E-017  -1.3353193646729194E-015  -1.7435969157819966E-017
  -4.8724354186320327E-017   1.1485175443028067E-016   1.0795603328814979E-015  -4.1477642001251250E-017  -3.0493096914265483E-030   7.0776094511804274E-031   1.0489125119623524E-030  -1.1182244992083216E-030  -3.3528373638847918E-031  -8.6458459616677521E-031  -3.8696094768635693E-017   9.1213407504259489E-017   8.5736937199610246E-016  -6.5619422040047845E-017  -9.1568671595667814E-016  -7.5293685471255454E-031  -1.6059848201503230E-030   3.6691460360812243E-030  -4.7259999620588692E-032  -1.5395786661426888E-032  -1.1541408536306345E-031  -2.8086858619670856E-030   2.5776327008159315E-030  -1.4174050997877903E-030   7.4124555096112440E-030  -5.2827264210116102E-017   1.0404371987078677E-030  -3.2099367924469126E-031  -9.5033759608262641E-031   8.0561159527676646E-032   7.1820990364960676E-031  -4.3579988848571931E-031  -2.9666099141209401E-017   6.9928141488371984E-017   6.5729642596619290E-016
  -6.9374217566415258E-017  -6.6240826738193022E-017  -5.6675313380556886E-019  0.11349660772752364       -2.7745701535765857E-015  -7.6914148235276980E-017  -5.0372414018066050E-017  -3.4380046808009910E-015  -3.4000039075920327E-017  -3.1789766254716580E-015   3.9026039568310637E-017   8.8685547603841538E-017  -7.9857716878085380E-018  0.18859954845705260        7.5351081592765642E-002  -4.7201832335010479E-017   1.2819290646310538E-017  -4.7434481949985939E-017  -2.5784200364264078E-017   1.3148298162608868E-018  -6.1177787264283807E-017  -1.0299866368578491E-016  -2.9196546493185570E-017  -2.7699525146057259E-017  -5.2827264210116102E-017   5.2712841426140473E-002  -5.6190260228236693E-015   1.1072021775504017E-017   5.9685804887471906E-017  -5.4988276800587527E-015  -4.9809455120063011E-017  -5.2701977541928856E-015  -5.9431687398932574E-017  -2.6853543127635169E-017   2.0880963554966663E-017
  -2.3810795890708161E-017   3.9028247878860253E-018   1.0979656050036574E-017  -1.2964718875623931E-014   3.6307673520499268E-028   2.5805511845525425E-030  -6.1595190399722361E-030   4.1787384702571204E-028   7.5939238171844039E-030   3.8469983265075057E-028  -1.8910149342959277E-017   3.0995603816559757E-018   8.7198654171020418E-018  -2.1583347216856353E-014   2.0399576318646003E-015   3.6385654896065901E-030  -3.2398878357404765E-030   1.1151541975106036E-030   1.6722961461193808E-030  -1.8593016030172948E-031   3.9674163996131291E-030  -1.9861708615320266E-030  -5.2680058194112527E-031   3.3088756627683350E-031   1.0404371987078677E-030  -5.6190260228236693E-015   6.5496262747835991E-028   1.9900489452324196E-030   4.2663013893375638E-030   6.5172298811286928E-028  -2.3579795757773869E-030   6.3124318009515414E-028  -1.4497338001107521E-017   2.3762569873279187E-018   6.6850258019064717E-018
   3.8903134987959775E-018  -3.8252992503272332E-018  -6.5367264757229507E-018  -2.5232939582601917E-017   3.2308385520315815E-030  -3.3642737200837659E-031  -6.6454397074609562E-031   2.1911074685702203E-030   2.1721980898341026E-031   1.9284246980333926E-030   3.0896241180237780E-018  -3.0379908524384702E-018  -5.1913625414905312E-018  -4.4174213164638385E-017   5.8635125001448164E-016  -5.7742278567892176E-032  -4.7945614029917543E-032  -2.5704349485370379E-031  -5.6431641853480317E-032  -2.1363231136391351E-033  -1.4113340115829886E-031  -6.2673593679399646E-031  -2.2952888491815429E-031  -1.0172662923809988E-031  -3.2099367924469126E-031   1.1072021775504017E-017   1.9900489452324196E-030   1.8239060354212528E-031   6.1478412598778865E-031   2.5573152115906396E-030  -4.4492537087999004E-031   2.8256610749465652E-030   2.3686394180688373E-018  -2.3290551244875023E-018  -3.9799229548782881E-018
   1.3545772555098691E-018  -7.0849385029920666E-018   2.0223590871991826E-019  -3.5958242811989519E-017   9.6368945372651947E-030  -1.1555352365051495E-030  -2.2470915607867594E-030   5.8642764063493831E-030   7.1421809251448412E-031   5.0987743448057640E-030   1.0757833680150324E-018  -5.6267436751074270E-018   1.6061249082228832E-019  -6.7273886357118803E-017   1.9974633875013301E-015  -2.8721108896351599E-031  -2.3553696666110862E-031  -8.1131949418653692E-031  -2.2287011534992073E-031  -7.0617023007429516E-033  -5.3784914248089450E-031  -2.3306694767255997E-030  -7.3191336100698869E-031  -4.2859004982123059E-031  -9.5033759608262641E-031   5.9685804887471906E-017   4.2663013893375638E-030   6.1478412598778865E-031   2.0857414142528119E-030   6.2191417879050712E-030  -1.5120859237647968E-030   7.2170178602931291E-030   8.2474203768231748E-019  -4.3137049541051737E-018   1.2313247898743172E-019
  -3.7277392992104683E-017   1.0084670507832242E-017   3.2792002789088468E-018  -1.2854025609391703E-014   3.6826190697313794E-028   1.4451590984504354E-030  -8.2443631974367392E-030   4.1882230191159270E-028   8.1968747346524735E-030   3.8529092997785404E-028  -2.9605103157097662E-017   8.0090823613540768E-018   2.6042878736487113E-018  -2.1406179178118580E-014   3.9337016784415663E-015   3.2506930462359256E-030  -3.6027733020021731E-030   3.0805063386919528E-031   1.4131509235954260E-030  -1.9072212578051671E-031   3.3670307255880351E-030  -4.6069219887747059E-030  -1.2306184560234384E-030  -2.4848898914510519E-031   8.0561159527676646E-032  -5.4988276800587527E-015   6.5172298811286928E-028   2.5573152115906396E-030   6.2191417879050712E-030   6.5039542730583505E-028  -3.7827308495414276E-030   6.3110160643311794E-028  -2.2696551954299669E-017   6.1401087831328006E-018   1.9965596712895260E-018
   3.0768614520980332E-018   2.3449974699558545E-018   4.3958778188921214E-018   1.1397351550513579E-017  -6.5979615399014776E-030   8.4322425546918751E-031   1.6269607513737727E-030  -3.7907671168278957E-030  -5.1167837024261403E-031  -3.2730818219364096E-030   2.4435936469236530E-018   1.8623590983370625E-018   3.4911351317377941E-018   2.4364894329684779E-017  -1.4505653756821307E-015   2.3109961491465636E-031   2.0442159854376966E-031   6.0329103741991555E-031   1.7109588975149365E-031   4.9078191691376062E-033   4.0612597417736636E-031   1.7796624667325191E-030   5.3894245404588102E-031   3.4699208740219065E-031   7.1820990364960676E-031  -4.9809455120063011E-017  -2.3579795757773869E-030  -4.4492537087999004E-031  -1.5120859237647968E-030  -3.7827308495414276E-030   1.0973090633112254E-030  -4.5315653793426731E-030   1.8733645300389439E-018   1.4277649974292592E-018   2.6764551191217287E-018
  -3.6090538033757174E-017   4.3406388957449771E-018   9.8078100239905767E-018  -1.2421972590309609E-014   3.6090422362748485E-028   7.2080356617149191E-031  -9.2649438283618015E-030   4.0748083447292106E-028   8.3245305630438066E-030   3.7468465045139420E-028  -2.8662522127304325E-017   3.4472652715813779E-018   7.7892042388221414E-018  -2.0690981772727022E-014   4.9605646026000337E-015   2.9596233358853721E-030  -3.5973312610042717E-030  -1.5686542190205902E-031   1.2311453535222564E-030  -1.8821419255257026E-031   2.9300221636659997E-030  -5.7665263265776160E-030  -1.6012489296237194E-030  -4.7450229988101658E-031  -4.3579988848571931E-031  -5.2701977541928856E-015   6.3124318009515414E-028   2.8256610749465652E-030   7.2170178602931291E-030   6.3110160643311794E-028  -4.5315653793426731E-030   6.1307032818309190E-028  -2.1973928587637287E-017   2.6428225877572109E-018   5.9715407087241611E-018
  0.10316695926458164       -1.7678706986459606E-017   1.0799996538107903E-017  -1.0665000871316762E-016  -8.3192709507130418E-018  -1.2165393951601870E-017  -5.4989758566973267E-018   1.5611241865616593E-017  -1.4186099791752282E-017  -6.6173680894732550E-018   8.1933531995688660E-002   5.2614157379488003E-017   5.6133155758856900E-017   1.1439362264307095E-016  -1.3121698712022966E-015   5.3385376238151516E-016  -1.1577198740852802E-017  -1.9017092048955147E-017   1.8854602873131603E-016   6.4687845410275587E-019   3.0307138468631908E-016  -2.8658639900974110E-017  -2.7096180126748996E-017  -1.9364266147637287E-017  -2.9666099141209401E-017  -5.9431687398932574E-017  -1.4497338001107521E-017   2.3686394180688373E-018   8.2474203768231748E-019  -2.2696551954299669E-017   1.8733645300389439E-018  -2.1973928587637287E-017   6.2813787740247748E-002  -1.7902182512377542E-017   3.0776589208089656E-018
   3.7656261391767949E-018  0.10316695926457717        1.8684982127798285E-017  -1.2679057366563752E-016   1.3934510939936061E-017   1.1975560591295445E-017   1.2872883055391202E-017   1.3710083701138355E-017   2.2668109580458215E-018   3.3536171402528811E-017  -8.7602264987407692E-017   8.1933531995696141E-002  -1.5512674333741545E-016  -2.0943969776181134E-016   3.4139962610661875E-017   1.1512500886251191E-017  -1.3963081960640128E-015   3.5021918722666370E-017   2.9715390366643410E-018  -9.7296464668677436E-019   1.8987687788171618E-017  -3.2747092186988900E-015   3.4737712655341784E-017  -1.3353193646729194E-015   6.9928141488371984E-017  -2.6853543127635169E-017   2.3762569873279187E-018  -2.3290551244875023E-018  -4.3137049541051737E-018   6.1401087831328006E-018   1.4277649974292592E-018   2.6428225877572109E-018  -1.7902182512377542E-017   6.2813787740245694E-002   2.7884606967927278E-017
   2.6160391994452301E-017   2.1119919506838638E-017  0.10316695926458241        1.6668071151986626E-016  -2.2376315314067547E-017   1.3623610435342547E-017   1.8767468846190107E-018  -2.7150031820276736E-017  -4.5577414857993079E-018  -2.5605290493432523E-017   1.8869232969649860E-016   1.7456360837806008E-016   8.1933531995688785E-002   1.2430352084934889E-016   7.9205768010386061E-017  -6.3675811928253629E-017  -1.8737197300738835E-017   3.0978497756342453E-016  -7.0192579997922551E-018  -1.5747133697406310E-018  -2.5015550687126797E-017  -3.3569656370080508E-017   2.0936703552812591E-016  -1.7435969157819966E-017   6.5729642596619290E-016   2.0880963554966663E-017   6.6850258019064717E-018  -3.9799229548782881E-018   1.2313247898743172E-019   1.9965596712895260E-018   2.6764551191217287E-018   5.9715407087241611E-018   3.0776589208089656E-018   2.7884606967927278E-017   6.2813787740247984E-002
