  0.20930810093338234       -1.7489005554978730E-016   8.4991285927496336E-017   2.2039002035974319E-017  -3.2088387523428955E-017   6.9199851917457194E-017  -2.9501401349952163E-018   8.5721316663459467E-017  -4.8102664786394157E-017   9.7830410451224227E-017  0.28196207934875173        2.1809107835765798E-017   4.2988616139050192E-016   1.5659882590571846E-017  -1.7128682616223278E-015   3.2538178367668190E-015  -2.7059296768113821E-017  -4.5748297696551057E-017   1.0308727874843344E-015  -1.2173238850256507E-017   9.9124216842407119E-016  -6.2156226906224603E-017  -1.7634527089242762E-017  -1.6319355780249242E-017  -1.5393616500470685E-016  -2.1355285972315919E-017   9.6536880487082021E-018  -1.1412567116586451E-017  -1.7946600493409174E-018   5.2316067067073506E-018   1.2359192381870304E-017   8.5973140007526463E-018  0.23084625217943133       -1.5177381320907280E-016   4.9105323395489584E-017
  -1.7489005554978730E-016  0.20930810093337143       -4.1842141074561698E-016   2.0412334507231637E-016   1.0357272428114149E-016  -4.6804030939225207E-017  -1.8794565018139838E-017   1.0476194936355982E-016   9.7941495715885839E-018   1.0104928627197058E-016  -2.1318557628177697E-016  0.28196207934875644        4.6493811486264981E-016  -2.7822777185016498E-016   1.3883538912894861E-015   5.9955830779012547E-017  -1.0842847968962065E-015  -9.3817587801372554E-017   6.0054216543234047E-017  -6.2547124323248212E-019   8.8684471041498999E-017  -1.6677979530808440E-015  -1.1997776881597371E-016  -1.1386639552365525E-015  -2.3987122225308305E-016   1.3446950397582626E-016   1.8385446889427253E-016   4.1869676710218493E-018  -5.2339561330074914E-018   1.9358325950327461E-016   2.5472201757930521E-018   2.0091684790178100E-016   3.5115398089017140E-017  0.23084625217942423       -1.3464763371194474E-016
   8.4991285927496336E-017  -4.1842141074561698E-016  0.20930810093337018       -3.7430820185614385E-016  -8.4791560534477788E-017  -6.3157185317835807E-017  -2.6712667907523440E-017  -9.2655926137831651E-017  -1.8410421080927680E-017  -5.1015721893565041E-017   2.6669114688617361E-016  -5.4993081835087978E-017  0.28196207934875883       -2.6882270011383530E-016   1.7288344230374983E-016   1.6300193359836277E-017  -8.9172299155099323E-017  -1.5691569760881204E-015  -2.0999599564618428E-017  -2.6730793147507195E-017  -1.6859247788373485E-017  -1.5718872896609874E-016  -1.5512000366732549E-015  -1.0330281757145129E-016  -3.1618156963186656E-015  -1.9840473076470321E-016  -6.9901420361269060E-017   1.0649585925432086E-017   8.5257699179011630E-018  -1.0866513326042138E-016   1.4234718334599603E-017  -9.1708508454224689E-017   1.2760833694701767E-016  -3.9305196569550552E-016  0.23084625217942342     
   2.2039002035974319E-017   2.0412334507231637E-016  -3.7430820185614385E-016  0.26194083386088962        1.5374752260999968E-014  -1.6764047784938108E-016   5.6697545162542817E-017   1.6459823559994046E-014  -9.1899352186069652E-018   1.5749978747036611E-014   2.0703547388538474E-016   5.5120602978440743E-016   2.3645265500766264E-016  0.42749836386374879        4.9534551301924261E-003  -4.4307615363709296E-018  -8.9551060199240912E-017  -6.7218895203625270E-018  -1.2522501695758198E-016   2.0088068269837997E-018  -9.5378275736955126E-017  -3.0963158471099817E-016   4.2976704927496060E-018  -9.0876564269181606E-017  -3.3899837388952351E-017  0.12722378987510030        7.7079374236377012E-015  -3.1861754462531322E-017   3.8131943718572645E-018   7.1277996494502827E-015   1.0412876230575039E-018   7.0654580501136060E-015   4.9579690842801183E-017  -1.5872296724094991E-016   4.0234262722489365E-016
  -3.2088387523428955E-017   1.0357272428114149E-016  -8.4791560534477788E-017   1.5374752260999968E-014   9.2711316876206750E-028  -1.9911686577799904E-029   3.0575060728324656E-030   9.9436296983578082E-028  -1.8624931207446136E-030   9.5619417702221258E-028  -4.3226747692555328E-017   1.3952436896569124E-016  -1.1422398183780564E-016   2.5118830237339040E-014  -6.5569487491905999E-015  -1.4653479125644774E-031  -8.5982098291708450E-030  -9.7648209034583278E-031  -6.3677374609522107E-030  -2.3789253297480926E-031  -4.2455369077799092E-030  -3.0702251831499208E-029   1.8214426804534374E-030  -8.2891486889718926E-030  -3.5837088323496531E-030   7.1748253249018948E-015   5.0046000507690050E-028  -5.6426057764388388E-030   2.2848599926581318E-030   4.6934539386246336E-028   3.7281852863449287E-032   4.6646032403247009E-028  -3.5390335898287957E-017   1.1423052964357281E-016  -9.3516752951906705E-017
   6.9199851917457194E-017  -4.6804030939225207E-017  -6.3157185317835807E-017  -1.6764047784938108E-016  -1.9911686577799904E-029   4.2777971912440036E-030   8.6451424196168908E-032  -2.2028074788055972E-029   5.4280463670185748E-031  -2.3020457685468939E-029   9.3220157510688817E-017  -6.3050411458900521E-017  -8.5079990782108572E-017  -2.8447832082108922E-016   2.7989177933614244E-015   8.1912063033909723E-031   1.4821968344748159E-030   9.6575830294657529E-031  -3.7162431314688852E-032   1.5355775379338581E-031  -2.2096081752454659E-031   5.4168214019940096E-030   7.8150163725323698E-032   1.3353724736515555E-030   2.1159566361791535E-030   3.8326601074515211E-017  -2.4559143414400764E-029   1.5559653126323535E-030  -8.5017856692074076E-031  -2.5372900466693843E-029   5.6898010405453348E-033  -2.5656947018230964E-029   7.6320631620470329E-017  -5.1620243464199207E-017  -6.9656164590901635E-017
  -2.9501401349952163E-018  -1.8794565018139838E-017  -2.6712667907523440E-017   5.6697545162542817E-017   3.0575060728324656E-030   8.6451424196168908E-032   2.0426871582792049E-032   3.2520141784289300E-030   1.5029236093693003E-032   3.0542727064025632E-030  -3.9741779851042361E-018  -2.5318440181429535E-017  -3.5985035240254868E-017   9.2238252679309590E-017   7.6906084589965759E-017  -6.0810780450418076E-032   1.2125472439668436E-031   2.2092345919712071E-031  -5.6553941827276242E-032   8.1514612057144851E-033  -5.6529782975542885E-032   2.3408855358044283E-031   1.9887568398063448E-031   1.2296564583801754E-031   4.5067698763691397E-031   3.0778618960426311E-017   1.1299793664205937E-030   3.3301424391058297E-032  -2.2656077633309608E-032   9.7625414660313442E-031  -1.8011272840060741E-033   9.5127588830546687E-031  -3.2537144550583763E-018  -2.0728556976211949E-017  -2.9461445804853625E-017
   8.5721316663459467E-017   1.0476194936355982E-016  -9.2655926137831651E-017   1.6459823559994046E-014   9.9436296983578082E-028  -2.2028074788055972E-029   3.2520141784289300E-030   1.0666939635353609E-027  -2.1220917330742948E-030   1.0261011222245130E-027   1.1547647025202185E-016   1.4112639189532601E-016  -1.2481818659333872E-016   2.6893577828522505E-014  -7.5319041203666137E-015   1.7519291934782483E-030  -9.4008985892987135E-030  -1.1429305712015419E-030  -6.1448784570995070E-030  -2.8894669146052478E-031  -3.8702016149608788E-030  -3.3735381780082162E-029   2.0319256253124661E-030  -9.0315026791268025E-030  -4.0974398615088598E-030   7.6592985894037828E-015   5.3936512168810559E-028  -6.3297361778546230E-030   2.5997556778267239E-030   5.0627021679157501E-028   4.5496583518629701E-032   5.0324128047627373E-028   9.4542182530926471E-017   1.1554212796226890E-016  -1.0219037483852546E-016
  -4.8102664786394157E-017   9.7941495715885839E-018  -1.8410421080927680E-017  -9.1899352186069652E-018  -1.8624931207446136E-030   5.4280463670185748E-031   1.5029236093693003E-032  -2.1220917330742948E-030   8.6767181835552710E-032  -2.2957994296613136E-030  -6.4799820575049483E-017   1.3193845657873328E-017  -2.4800954127031403E-017  -1.6450305562213080E-017   3.7369681708393974E-016  -7.7843163020691839E-031   1.2183643449628021E-031   2.0870755756122679E-031  -2.8804134451600605E-031   2.5151306444762398E-032  -2.9821084271316410E-031   6.0388931587266257E-031   8.0269838370328988E-032   9.5744612551073047E-032   4.5521732664856751E-031   1.1514078575324832E-017  -2.8742752312670487E-030   2.0894201940222848E-031  -1.1355997926236776E-031  -3.0082308888364317E-030  -3.0577801579108762E-033  -3.0504350658515528E-030  -5.3052508891267398E-017   1.0801983830552601E-017  -2.0304883989798955E-017
   9.7830410451224227E-017   1.0104928627197058E-016  -5.1015721893565041E-017   1.5749978747036611E-014   9.5619417702221258E-028  -2.3020457685468939E-029   3.0542727064025632E-030   1.0261011222245130E-027  -2.2957994296613136E-030   9.8794376747514669E-028   1.3178881195404419E-016   1.3612500780862819E-016  -6.8724043457629595E-017   2.5738883903956401E-014  -8.5244327388869739E-015   2.0386184651330101E-030  -9.5651796762603606E-030  -1.6063312248170233E-030  -5.5935299475454491E-030  -3.5304588653560603E-031  -3.3514164896643682E-030  -3.4585379079485921E-029   1.8554075757336455E-030  -9.1348377587218204E-030  -5.0366939610776166E-030   7.2726866497286027E-015   5.2531231127681938E-028  -6.7813368562231553E-030   2.8866265006175028E-030   4.9419829976334816E-028   4.3683386553189099E-032   4.9145296437994465E-028   1.0789732218261300E-016   1.1144742567183587E-016  -5.6265324413295170E-017
  0.28196207934875173       -2.1318557628177697E-016   2.6669114688617361E-016   2.0703547388538474E-016  -4.3226747692555328E-017   9.3220157510688817E-017  -3.9741779851042361E-018   1.1547647025202185E-016  -6.4799820575049483E-017   1.3178881195404419E-016  0.37983534242650024        5.9574886561473490E-017   7.8413792747751208E-016   2.9595549837848793E-016   1.4494121481009730E-015   4.3832667679156494E-015  -3.6451984172750208E-017  -6.1628217387013033E-017   1.3887041801389179E-015  -1.6398752476951381E-017   1.3353171793191711E-015  -8.3731584705976927E-017  -2.3755735703692059E-017  -2.1984048724876863E-017  -2.0736971468445148E-016   2.1777628234343030E-016   1.3004627835498273E-017  -1.5374040185495049E-017  -2.4176134463022510E-018   7.0475757926958501E-018   1.6649253265990606E-017   1.1581570525227588E-017  0.31097644565173949       -1.7973272304311638E-016   2.3399567512215846E-016
   2.1809107835765798E-017  0.28196207934875644       -5.4993081835087978E-017   5.5120602978440743E-016   1.3952436896569124E-016  -6.3050411458900521E-017  -2.5318440181429535E-017   1.4112639189532601E-016   1.3193845657873328E-017   1.3612500780862819E-016   5.9574886561473490E-017  0.37983534242653277        1.3115560966243183E-015   1.0920514153572122E-016  -6.6717322497509634E-015   8.0767398109043887E-017  -1.4606562984221076E-015  -1.2638307842839480E-016   8.0899935046381821E-017  -8.4258168474298538E-019   1.1946817991897137E-016  -2.2467156153405323E-015  -1.6162385029591203E-016  -1.5339112775199308E-015  -3.2313411808145615E-016  -4.9962163591349405E-017   2.4767311019417557E-016   5.6403268933301219E-018  -7.0507407400930197E-018   2.6077890981411826E-016   3.4313984701163058E-018   2.7065809664305615E-016   3.3119612807432249E-016  0.31097644565175131        3.7962084866435405E-016
   4.2988616139050192E-016   4.6493811486264981E-016  0.28196207934875883        2.3645265500766264E-016  -1.1422398183780564E-016  -8.5079990782108572E-017  -3.5985035240254868E-017  -1.2481818659333872E-016  -2.4800954127031403E-017  -6.8724043457629595E-017   7.8413792747751208E-016   1.3115560966243183E-015  0.37983534242654143        8.4385114513296496E-016   9.8046668080296272E-016   2.1958234741188604E-017  -1.2012534048114278E-016  -2.1138348770517087E-015  -2.8288875262480628E-017  -3.6009452022652389E-017  -2.2711345339560889E-017  -2.1175129233808436E-016  -2.0896448148726677E-015  -1.3916077359234818E-016  -4.2593293058224883E-015   1.2382552599934539E-016  -9.4165250874669339E-017   1.4346216789258719E-017   1.1485192419120534E-017  -1.4638442941378877E-016   1.9175802382561835E-017  -1.2354190603427606E-016   5.1976200398049867E-016   6.0496467048464825E-016  0.31097644565175470     
   1.5659882590571846E-017  -2.7822777185016498E-016  -2.6882270011383530E-016  0.42749836386374879        2.5118830237339040E-014  -2.8447832082108922E-016   9.2238252679309590E-017   2.6893577828522505E-014  -1.6450305562213080E-017   2.5738883903956401E-014   2.9595549837848793E-016   1.0920514153572122E-016   8.4385114513296496E-016  0.69772391242135845        6.7974617630017569E-004  -6.5939710230897253E-018  -1.4922815173865370E-016  -1.2244405153222105E-017  -2.0318059906513462E-016   2.8803323224111341E-018  -1.5408910469253273E-016  -5.1806540262759549E-016   8.0925402385337094E-018  -1.5094842327655507E-016  -5.8331681778633142E-017  0.20731809433321219        1.2631492702692818E-014  -5.6078392192692230E-017   8.4581615253240972E-018   1.1687836424245077E-014   1.6805708167105395E-018   1.1586933443047964E-014   5.4946385302910454E-017  -9.3446643098340370E-016   1.0345446065282230E-015
  -1.7128682616223278E-015   1.3883538912894861E-015   1.7288344230374983E-016   4.9534551301924261E-003  -6.5569487491905999E-015   2.7989177933614244E-015   7.6906084589965759E-017  -7.5319041203666137E-015   3.7369681708393974E-016  -8.5244327388869739E-015   1.4494121481009730E-015  -6.6717322497509634E-015   9.8046668080296272E-016   6.7974617630017569E-004   1.9067214952633476       -1.6416441175058710E-016   7.9064372605309202E-016   3.2792289765902714E-016  -3.0926464597730624E-016   1.0255331464461559E-016  -4.0664343046297947E-016   3.2730311210883248E-015  -2.7764417110778677E-016   6.7654635500475356E-016   7.7332285116343789E-016   8.3886836535902440E-002  -1.3197005057490392E-014   1.0496407276279413E-015  -5.7539746564095057E-016  -1.4019798666189088E-014   4.8745197321983111E-018  -1.4237559553747885E-014  -9.6906470441136279E-016   1.8195159709362895E-015   4.0821675902724334E-017
   3.2538178367668190E-015   5.9955830779012547E-017   1.6300193359836277E-017  -4.4307615363709296E-018  -1.4653479125644774E-031   8.1912063033909723E-031  -6.0810780450418076E-032   1.7519291934782483E-030  -7.7843163020691839E-031   2.0386184651330101E-030   4.3832667679156494E-015   8.0767398109043887E-017   2.1958234741188604E-017  -6.5939710230897253E-018  -1.6416441175058710E-016   5.0615155734652849E-029  -8.0486028027039432E-031  -8.8837626641007505E-031   1.6069621409123052E-029  -2.0035728780192926E-031   1.5469987514770938E-029  -1.7331704838163649E-030  -4.0548078485038441E-031  -6.4473952973418375E-031  -2.7740027055385863E-030  -9.1640965338315092E-018   1.2151647128952414E-030  -2.6522929801175303E-031   2.0724928149940997E-032   1.2258658305151730E-030   1.9353371832684258E-031   1.3013020804569579E-030   3.5886410967498659E-015   6.6125385352594589E-017   1.7977510331125893E-017
  -2.7059296768113821E-017  -1.0842847968962065E-015  -8.9172299155099323E-017  -8.9551060199240912E-017  -8.5982098291708450E-030   1.4821968344748159E-030   1.2125472439668436E-031  -9.4008985892987135E-030   1.2183643449628021E-031  -9.5651796762603606E-030  -3.6451984172750208E-017  -1.4606562984221076E-015  -1.2012534048114278E-016  -1.4922815173865370E-016   7.9064372605309202E-016  -8.0486028027039432E-031   6.0183272432391878E-030   1.2990597645351408E-030  -5.2015068439883190E-031   5.8117643917639144E-032  -7.1601142060563053E-031   1.0183207056175117E-029   1.1677839268795760E-030   6.2577089239148712E-030   2.9427782421158251E-030  -9.6336147030432559E-018  -9.1038990999683372E-030   4.2259071783561336E-031  -2.1673812494333084E-031  -9.2762455868303263E-030  -1.9196170391302955E-032  -9.3905871086567995E-030  -2.9843743350948319E-017  -1.1958595034900048E-015  -9.8348276853032085E-017
  -4.5748297696551057E-017  -9.3817587801372554E-017  -1.5691569760881204E-015  -6.7218895203625270E-018  -9.7648209034583278E-031   9.6575830294657529E-031   2.2092345919712071E-031  -1.1429305712015419E-030   2.0870755756122679E-031  -1.6063312248170233E-030  -6.1628217387013033E-017  -1.2638307842839480E-016  -2.1138348770517087E-015  -1.2244405153222105E-017   3.2792289765902714E-016  -8.8837626641007505E-031   1.2990597645351408E-030   1.1872442799089082E-029  -1.4439395196051347E-031   2.2092550443749300E-031  -1.9722229170339471E-031   2.5116657615985532E-030   1.1638891625658095E-029   1.4074283099901894E-030   2.3978940585084676E-029   1.0754627844467939E-017  -2.0540021384746425E-030   1.0229917075318225E-031  -1.6029021455004929E-031  -1.8915825148683240E-030  -1.0975040744748411E-031  -2.0583917860836267E-030  -5.0455873517284549E-017  -1.0347157341681285E-016  -1.7306258352917315E-015
   1.0308727874843344E-015   6.0054216543234047E-017  -2.0999599564618428E-017  -1.2522501695758198E-016  -6.3677374609522107E-030  -3.7162431314688852E-032  -5.6553941827276242E-032  -6.1448784570995070E-030  -2.8804134451600605E-031  -5.5935299475454491E-030   1.3887041801389179E-015   8.0899935046381821E-017  -2.8288875262480628E-017  -2.0318059906513462E-016  -3.0926464597730624E-016   1.6069621409123052E-029  -5.2015068439883190E-031  -1.4439395196051347E-031   5.2058004650488653E-030  -7.4914081883380689E-032   5.0199095655716515E-030  -1.1486339113327694E-030   7.7002401245128503E-032  -4.6244446652271842E-031  -6.1813378349085139E-031  -7.3936794483679207E-017  -1.4299010818287911E-030  -2.0989399327261222E-031   7.9610305110378315E-032  -1.0369823749906798E-030   5.8894257564955569E-032  -9.5533778717915460E-031   1.1369513095924701E-015   6.6233895175372587E-017  -2.3160493240078167E-017
  -1.2173238850256507E-017  -6.2547124323248212E-019  -2.6730793147507195E-017   2.0088068269837997E-018  -2.3789253297480926E-031   1.5355775379338581E-031   8.1514612057144851E-033  -2.8894669146052478E-031   2.5151306444762398E-032  -3.5304588653560603E-031  -1.6398752476951381E-017  -8.4258168474298538E-019  -3.6009452022652389E-017   2.8803323224111341E-018   1.0255331464461559E-016  -2.0035728780192926E-031   5.8117643917639144E-032   2.2092550443749300E-031  -7.4914081883380689E-032   9.6510910651740404E-033  -7.8260813799964227E-032   2.0259764514070620E-031   1.8458856131264857E-031   5.3316536873412048E-032   4.5482038317105389E-031   5.3567288672816121E-018  -6.5048428810459687E-031   5.5516177562842986E-032  -3.1881344626853036E-032  -6.9340467906957368E-031  -2.2753156194302251E-033  -7.0791112253674030E-031  -1.3425885347653868E-017  -6.8983327306660614E-019  -2.9481436162137813E-017
   9.9124216842407119E-016   8.8684471041498999E-017  -1.6859247788373485E-017  -9.5378275736955126E-017  -4.2455369077799092E-030  -2.2096081752454659E-031  -5.6529782975542885E-032  -3.8702016149608788E-030  -2.9821084271316410E-031  -3.3514164896643682E-030   1.3353171793191711E-015   1.1946817991897137E-016  -2.2711345339560889E-017  -1.5408910469253273E-016  -4.0664343046297947E-016   1.5469987514770938E-029  -7.1601142060563053E-031  -1.9722229170339471E-031   5.0199095655716515E-030  -7.8260813799964227E-032   4.8539526696495826E-030  -1.5718214461510097E-030   4.8002072185481644E-032  -6.6234765310965459E-031  -7.2796360735117685E-031  -6.3625997246138500E-017   1.5573075512372603E-031  -2.6453107264431211E-031   1.0939911379716794E-031   5.2565037320302262E-031   5.7053413091773545E-032   6.1201853963409875E-031   1.0932426340045900E-015   9.7810250416259513E-017  -1.8594092388947927E-017
  -6.2156226906224603E-017  -1.6677979530808440E-015  -1.5718872896609874E-016  -3.0963158471099817E-016  -3.0702251831499208E-029   5.4168214019940096E-030   2.3408855358044283E-031  -3.3735381780082162E-029   6.0388931587266257E-031  -3.4585379079485921E-029  -8.3731584705976927E-017  -2.2467156153405323E-015  -2.1175129233808436E-016  -5.1806540262759549E-016   3.2730311210883248E-015  -1.7331704838163649E-030   1.0183207056175117E-029   2.5116657615985532E-030  -1.1486339113327694E-030   2.0259764514070620E-031  -1.5718214461510097E-030   1.9430573545880592E-029   1.6434832456388118E-030   1.0429324002348779E-029   5.7026223718330156E-030  -1.0261718845792838E-017  -3.3472614293858205E-029   1.8058272555748312E-030  -9.5832506248581813E-031  -3.4230065378591625E-029  -2.7538854011095834E-032  -3.4601004999653068E-029  -6.8552205896145073E-017  -1.8394171326593116E-015  -1.7336371026663259E-016
  -1.7634527089242762E-017  -1.1997776881597371E-016  -1.5512000366732549E-015   4.2976704927496060E-018   1.8214426804534374E-030   7.8150163725323698E-032   1.9887568398063448E-031   2.0319256253124661E-030   8.0269838370328988E-032   1.8554075757336455E-030  -2.3755735703692059E-017  -1.6162385029591203E-016  -2.0896448148726677E-015   8.0925402385337094E-018  -2.7764417110778677E-016  -4.0548078485038441E-031   1.1677839268795760E-030   1.1638891625658095E-029   7.7002401245128503E-032   1.8458856131264857E-031   4.8002072185481644E-032   1.6434832456388118E-030   1.1606857880504233E-029   1.3193666708806284E-030   2.3469655535347571E-029  -9.7814102497609099E-018   2.4818585040478664E-030  -2.3386798540536843E-031   2.3853446528699113E-032   2.8726699237336376E-030  -1.0868616282132348E-031   2.7730408566085328E-030  -1.9449149217612524E-017  -1.3232368050978391E-016  -1.7108210969846641E-015
  -1.6319355780249242E-017  -1.1386639552365525E-015  -1.0330281757145129E-016  -9.0876564269181606E-017  -8.2891486889718926E-030   1.3353724736515555E-030   1.2296564583801754E-031  -9.0315026791268025E-030   9.5744612551073047E-032  -9.1348377587218204E-030  -2.1984048724876863E-017  -1.5339112775199308E-015  -1.3916077359234818E-016  -1.5094842327655507E-016   6.7654635500475356E-016  -6.4473952973418375E-031   6.2577089239148712E-030   1.4074283099901894E-030  -4.6244446652271842E-031   5.3316536873412048E-032  -6.6234765310965459E-031   1.0429324002348779E-029   1.3193666708806284E-030   6.5195551706611620E-030   3.1645210207435369E-030  -1.5152360550672968E-017  -8.3871664085947452E-030   3.5752422637652603E-031  -1.8163531202895784E-031  -8.5081439030468747E-030  -2.0480503990318132E-032  -8.6120893482531989E-030  -1.7998644596429174E-017  -1.2558343675471608E-015  -1.1393284908516749E-016
  -1.5393616500470685E-016  -2.3987122225308305E-016  -3.1618156963186656E-015  -3.3899837388952351E-017  -3.5837088323496531E-030   2.1159566361791535E-030   4.5067698763691397E-031  -4.0974398615088598E-030   4.5521732664856751E-031  -5.0366939610776166E-030  -2.0736971468445148E-016  -3.2313411808145615E-016  -4.2593293058224883E-015  -5.8331681778633142E-017   7.7332285116343789E-016  -2.7740027055385863E-030   2.9427782421158251E-030   2.3978940585084676E-029  -6.1813378349085139E-031   4.5482038317105389E-031  -7.2796360735117685E-031   5.7026223718330156E-030   2.3469655535347571E-029   3.1645210207435369E-030   4.8469176512537571E-029   1.6610805168876693E-017  -5.5756871944987980E-030   2.7317432289247578E-031  -3.5556830017285109E-031  -5.2524841025540239E-030  -2.2520295467226564E-031  -5.5993609777822796E-030  -1.6977645207110887E-016  -2.6455436944817053E-016  -3.4871717832344570E-015
  -2.1355285972315919E-017   1.3446950397582626E-016  -1.9840473076470321E-016  0.12722378987510030        7.1748253249018948E-015   3.8326601074515211E-017   3.0778618960426311E-017   7.6592985894037828E-015   1.1514078575324832E-017   7.2726866497286027E-015   2.1777628234343030E-016  -4.9962163591349405E-017   1.2382552599934539E-016  0.20731809433321219        8.3886836535902440E-002  -9.1640965338315092E-018  -9.6336147030432559E-018   1.0754627844467939E-017  -7.3936794483679207E-017   5.3567288672816121E-018  -6.3625997246138500E-017  -1.0261718845792838E-017  -9.7814102497609099E-018  -1.5152360550672968E-017   1.6610805168876693E-017   6.5274311619389735E-002   3.1735078424657731E-015   2.9407669407532606E-017  -2.2741004704336090E-017   2.8570430898807323E-015   7.1322412423162864E-019   2.8175082137716085E-015   2.8021104960826131E-017  -2.5497666789929732E-017   1.7004056542447049E-016
   9.6536880487082021E-018   1.8385446889427253E-016  -6.9901420361269060E-017   7.7079374236377012E-015   5.0046000507690050E-028  -2.4559143414400764E-029   1.1299793664205937E-030   5.3936512168810559E-028  -2.8742752312670487E-030   5.2531231127681938E-028   1.3004627835498273E-017   2.4767311019417557E-016  -9.4165250874669339E-017   1.2631492702692818E-014  -1.3197005057490392E-014   1.2151647128952414E-030  -9.1038990999683372E-030  -2.0540021384746425E-030  -1.4299010818287911E-030  -6.5048428810459687E-031   1.5573075512372603E-031  -3.3472614293858205E-029   2.4818585040478664E-030  -8.3871664085947452E-030  -5.5756871944987980E-030   3.1735078424657731E-015   3.2037498511860705E-028  -8.2876815064102057E-030   4.1318724681070199E-030   3.0900620647856900E-028  -5.2797674100060919E-033   3.0868832252166526E-028   1.0647068583655955E-017   2.0277339912509662E-016  -7.7094392622428251E-017
  -1.1412567116586451E-017   4.1869676710218493E-018   1.0649585925432086E-017  -3.1861754462531322E-017  -5.6426057764388388E-030   1.5559653126323535E-030   3.3301424391058297E-032  -6.3297361778546230E-030   2.0894201940222848E-031  -6.7813368562231553E-030  -1.5374040185495049E-017   5.6403268933301219E-018   1.4346216789258719E-017  -5.6078392192692230E-017   1.0496407276279413E-015  -2.6522929801175303E-031   4.2259071783561336E-031   1.0229917075318225E-031  -2.0989399327261222E-031   5.5516177562842986E-032  -2.6453107264431211E-031   1.8058272555748312E-030  -2.3386798540536843E-031   3.5752422637652603E-031   2.7317432289247578E-031   2.9407669407532606E-017  -8.2876815064102057E-030   5.8363745391413435E-031  -3.1702744967779599E-031  -8.6658346940064923E-030   2.6488935995678946E-033  -8.7767273010209223E-030  -1.2586939229115683E-017   4.6178135989085711E-018   1.1745446006083123E-017
  -1.7946600493409174E-018  -5.2339561330074914E-018   8.5257699179011630E-018   3.8131943718572645E-018   2.2848599926581318E-030  -8.5017856692074076E-031  -2.2656077633309608E-032   2.5997556778267239E-030  -1.1355997926236776E-031   2.8866265006175028E-030  -2.4176134463022510E-018  -7.0507407400930197E-018   1.1485192419120534E-017   8.4581615253240972E-018  -5.7539746564095057E-016   2.0724928149940997E-032  -2.1673812494333084E-031  -1.6029021455004929E-031   7.9610305110378315E-032  -3.1881344626853036E-032   1.0939911379716794E-031  -9.5832506248581813E-031   2.3853446528699113E-032  -1.8163531202895784E-031  -3.5556830017285109E-031  -2.2741004704336090E-017   4.1318724681070199E-030  -3.1702744967779599E-031   1.7424065711158636E-031   4.3666719352055570E-030  -1.0399964439014266E-033   4.4316128925683273E-030  -1.9793335493422768E-018  -5.7725389126765176E-018   9.4030858037266855E-018
   5.2316067067073506E-018   1.9358325950327461E-016  -1.0866513326042138E-016   7.1277996494502827E-015   4.6934539386246336E-028  -2.5372900466693843E-029   9.7625414660313442E-031   5.0627021679157501E-028  -3.0082308888364317E-030   4.9419829976334816E-028   7.0475757926958501E-018   2.6077890981411826E-016  -1.4638442941378877E-016   1.1687836424245077E-014  -1.4019798666189088E-014   1.2258658305151730E-030  -9.2762455868303263E-030  -1.8915825148683240E-030  -1.0369823749906798E-030  -6.9340467906957368E-031   5.2565037320302262E-031  -3.4230065378591625E-029   2.8726699237336376E-030  -8.5081439030468747E-030  -5.2524841025540239E-030   2.8570430898807323E-015   3.0900620647856900E-028  -8.6658346940064923E-030   4.3666719352055570E-030   2.9927568813649119E-028  -1.2432090750509815E-032   2.9918522408581027E-028   5.7699477265015437E-018   2.1350329844725228E-016  -1.1984695596529398E-016
   1.2359192381870304E-017   2.5472201757930521E-018   1.4234718334599603E-017   1.0412876230575039E-018   3.7281852863449287E-032   5.6898010405453348E-033  -1.8011272840060741E-033   4.5496583518629701E-032  -3.0577801579108762E-033   4.3683386553189099E-032   1.6649253265990606E-017   3.4313984701163058E-018   1.9175802382561835E-017   1.6805708167105395E-018   4.8745197321983111E-018   1.9353371832684258E-031  -1.9196170391302955E-032  -1.0975040744748411E-031   5.8894257564955569E-032  -2.2753156194302251E-033   5.7053413091773545E-032  -2.7538854011095834E-032  -1.0868616282132348E-031  -2.0480503990318132E-032  -2.2520295467226564E-031   7.1322412423162864E-019  -5.2797674100060919E-033   2.6488935995678946E-033  -1.0399964439014266E-033  -1.2432090750509815E-032   1.7453648883240920E-033  -1.1790217431317725E-032   1.3630973806538930E-017   2.8093333628057872E-018   1.5699494495046313E-017
   8.5973140007526463E-018   2.0091684790178100E-016  -9.1708508454224689E-017   7.0654580501136060E-015   4.6646032403247009E-028  -2.5656947018230964E-029   9.5127588830546687E-031   5.0324128047627373E-028  -3.0504350658515528E-030   4.9145296437994465E-028   1.1581570525227588E-017   2.7065809664305615E-016  -1.2354190603427606E-016   1.1586933443047964E-014  -1.4237559553747885E-014   1.3013020804569579E-030  -9.3905871086567995E-030  -2.0583917860836267E-030  -9.5533778717915460E-031  -7.0791112253674030E-031   6.1201853963409875E-031  -3.4601004999653068E-029   2.7730408566085328E-030  -8.6120893482531989E-030  -5.5993609777822796E-030   2.8175082137716085E-015   3.0868832252166526E-028  -8.7767273010209223E-030   4.4316128925683273E-030   2.9918522408581027E-028  -1.1790217431317725E-032   2.9913588450093450E-028   9.4819918915317304E-018   2.2159152527302914E-016  -1.0114546630164647E-016
  0.23084625217943133        3.5115398089017140E-017   1.2760833694701767E-016   4.9579690842801183E-017  -3.5390335898287957E-017   7.6320631620470329E-017  -3.2537144550583763E-018   9.4542182530926471E-017  -5.3052508891267398E-017   1.0789732218261300E-016  0.31097644565173949        3.3119612807432249E-016   5.1976200398049867E-016   5.4946385302910454E-017  -9.6906470441136279E-016   3.5886410967498659E-015  -2.9843743350948319E-017  -5.0455873517284549E-017   1.1369513095924701E-015  -1.3425885347653868E-017   1.0932426340045900E-015  -6.8552205896145073E-017  -1.9449149217612524E-017  -1.7998644596429174E-017  -1.6977645207110887E-016   2.8021104960826131E-017   1.0647068583655955E-017  -1.2586939229115683E-017  -1.9793335493422768E-018   5.7699477265015437E-018   1.3630973806538930E-017   9.4819918915317304E-018  0.25460071496349068        8.4069848088150772E-017   9.1513439621354904E-017
  -1.5177381320907280E-016  0.23084625217942423       -3.9305196569550552E-016  -1.5872296724094991E-016   1.1423052964357281E-016  -5.1620243464199207E-017  -2.0728556976211949E-017   1.1554212796226890E-016   1.0801983830552601E-017   1.1144742567183587E-016  -1.7973272304311638E-016  0.31097644565175131        6.0496467048464825E-016  -9.3446643098340370E-016   1.8195159709362895E-015   6.6125385352594589E-017  -1.1958595034900048E-015  -1.0347157341681285E-016   6.6233895175372587E-017  -6.8983327306660614E-019   9.7810250416259513E-017  -1.8394171326593116E-015  -1.3232368050978391E-016  -1.2558343675471608E-015  -2.6455436944817053E-016  -2.5497666789929732E-017   2.0277339912509662E-016   4.6178135989085711E-018  -5.7725389126765176E-018   2.1350329844725228E-016   2.8093333628057872E-018   2.2159152527302914E-016   8.4069848088150772E-017  0.25460071496348818       -7.3034696411741278E-017
   4.9105323395489584E-017  -1.3464763371194474E-016  0.23084625217942342        4.0234262722489365E-016  -9.3516752951906705E-017  -6.9656164590901635E-017  -2.9461445804853625E-017  -1.0219037483852546E-016  -2.0304883989798955E-017  -5.6265324413295170E-017   2.3399567512215846E-016   3.7962084866435405E-016  0.31097644565175470        1.0345446065282230E-015   4.0821675902724334E-017   1.7977510331125893E-017  -9.8348276853032085E-017  -1.7306258352917315E-015  -2.3160493240078167E-017  -2.9481436162137813E-017  -1.8594092388947927E-017  -1.7336371026663259E-016  -1.7108210969846641E-015  -1.1393284908516749E-016  -3.4871717832344570E-015   1.7004056542447049E-016  -7.7094392622428251E-017   1.1745446006083123E-017   9.4030858037266855E-018  -1.1984695596529398E-016   1.5699494495046313E-017  -1.0114546630164647E-016   9.1513439621354904E-017  -7.3034696411741278E-017  0.25460071496348802     
