 3.2847618022931263E-001 -7.5603383440783553E-009  5.6755768822938289E-008 -2.1318699092378224E-008 -7.2516955846452817E-003  5.4533415624205168E-003  3.2365837574340778E-001 -3.3444388197258007E-002 -1.0101297046443995E-003  5.0251703462436345E-004  1.3120656701242953E-003 -9.1126654077649529E-004  1.4696516147649980E-003  1.9213962448735272E-003 -8.6802770347226537E-003 -3.3946756538957055E-011 -5.7220802937938794E-010 -1.3302872984196046E-009 -8.8404157866020136E-009  8.9916980830757584E-008 -1.4098047615737313E-007 -9.1565898539416906E-009 -1.4894139867786722E-008  8.2538612080622360E-008 -2.8497773147943689E-003  8.9543720297203812E-010 -2.3006531022308909E-009 -2.5181065804309303E-009  1.7420760481774422E-011 -7.1496432946604704E-011 -1.6270835359235973E-010 -1.2239032434913258E-003  6.0891125943415359E-004  1.5896860064690424E-003 -1.1040906451114201E-003  1.7806241356326067E-003  2.3279938879889792E-003  1.1043735337341930E-003 -5.4975443480105351E-004 -1.4342049919463778E-003  9.9613497902610246E-004 -1.6064245107384660E-003 -2.1005085123426697E-003 -3.1896613992852657E-004  1.5869431644828562E-004  4.1429119508721928E-004 -2.8773976948208717E-004  4.6405189588365610E-004  6.0670590878523264E-004  4.0539566090935565E-010 -1.4871054858244719E-009 -1.1380177228398143E-010  8.8776109181032524E-010 -4.0222704440552477E-010 -1.4316561014205075E-009  5.4347055819043002E-010 -2.2570450272890882E-010  7.5796361501870908E-010  2.5305217709053417E-010 -1.2429106202984426E-005 -9.6655714925345445E-006  1.4735846360268711E-005  2.2969574428922794E-005 -4.2653939986334293E-006 -1.1363562367066539E-006  7.8702152792548507E-006 -1.2103738167578218E-005  2.4087231221694385E-006 -5.7142525853231955E-006 -1.3971206273922543E-005  1.0316807451573034E-005  1.5725277868811965E-006 -7.1375704744484424E-006 -2.4830155263658468E-007  5.1783318857773019E-011 -2.4097038789143672E-010 -1.6555566414246963E-011  1.1339775398396311E-010 -6.7706311814716087E-011 -1.8287227678793180E-010  1.0577053350441625E-010 -1.1827098016358995E-010  9.9064352634645779E-011  1.0049370476975881E-010
-7.5603383440783553E-009  5.1600502385418767E-006 -1.0195116729620024E-007 -2.6615428340181603E-007  1.8520123229104810E-010 -1.3498903134238829E-010 -7.6390203683152467E-009  1.0749490519086552E-009 -8.7523860118697938E-009 -3.7054676294207002E-009  4.3601589721583894E-009  1.3813381392890252E-008 -8.2435556040313870E-009 -5.0609953066939342E-009  1.7923264896207316E-010 -2.7796602808980940E-005 -1.1547864540111242E-007 -3.0151392011625277E-007 -1.6791726910818746E-004  2.3821041008639661E-006  6.2188284044783176E-006  1.6011677272186736E-004 -2.7752083106452849E-006 -7.2451149916406586E-006  6.3064848216384432E-011  3.2063519824767151E-003 -3.2960750320157700E-005 -8.6045039541984006E-005 -7.0488424481935679E-005  4.1994920586508957E-006  1.0963162198482823E-005 -3.6725849447966767E-009 -1.5053507391464968E-009  1.8144325514026445E-009  5.7271657818402378E-009 -3.4014432361562680E-009 -2.0545808126881532E-009 -4.8749923998996701E-008 -2.4809541790546108E-008  2.4142821272337103E-008  8.7113143418924413E-008 -5.5886841792846623E-008 -3.8363219514867003E-008 -7.9752820956677896E-010 -3.2039963795004135E-010  3.9447208952868328E-010  1.2190674693368796E-009 -7.1084641809077332E-010 -4.2153923821424460E-010 -6.8646642409578795E-006 -4.3550004133841001E-006  5.3285075022404390E-006  8.0325246865657949E-006 -5.9389369453656291E-007  1.1773888446350608E-006  1.3728202780497902E-006 -4.4233094234441015E-006  2.5131687358269482E-006 -6.7469481244073094E-007 -7.0109673566123458E-012 -2.1160565199192463E-011 -4.4810033303207284E-011 -8.5224511540322807E-012 -3.1070292910298509E-011  2.0838051429431224E-011  6.9195251587205819E-011  3.6976735632198264E-012 -6.4445293624882502E-011  4.2053955061910386E-011 -1.7994796479963188E-011  2.0189571203749406E-010  4.0132472683376239E-011 -1.7873728138509357E-010 -3.4708998727554920E-011 -7.2223603938410473E-006 -3.3026584377127931E-006  6.2907684287740799E-006  6.7606217036078154E-006  6.5816005321580361E-007  2.9291915752839800E-006  9.3685729183875326E-007 -4.3067850634764117E-006  2.0457324838571795E-006 -1.4787738903587086E-006
 5.6755768822938289E-008 -1.0195116729620024E-007  5.1368857232298236E-006 -2.9812139251000081E-007 -1.2683181766241934E-009  9.4412089386168222E-010  5.6004283880770948E-008 -6.6945585799978204E-009 -1.4760765439575050E-008 -2.2238565914590458E-009  7.2486665532338242E-010  1.3492418000684418E-008  3.7549128722484725E-009  1.2683474467532676E-009 -1.4341423591613790E-009 -1.1547868468598063E-007 -2.7822839010886160E-005 -3.3772954869006561E-007  2.3821038320753977E-006 -1.6737603643711117E-004  6.9657593221693514E-006 -2.7752080640097427E-006  1.5948622526597492E-004 -8.1153123330821518E-006 -4.8678388287673003E-010 -3.2960747632586790E-005  3.1988627449181638E-003 -9.6379632477635159E-005  4.1994920238971135E-006 -6.9534249482563855E-005  1.2279927574991870E-005 -6.2435660879758886E-009 -7.8919883553103962E-010  5.0115727573400711E-010  5.4592079324399461E-009  1.6514083652404832E-009  7.8435818529487743E-010 -9.4202830368538164E-008 -1.5322439859836910E-008 -1.7521269194958741E-009  8.6968786042826337E-008  3.1156565051237370E-008  7.2340441556512488E-009 -1.3297051848557231E-009 -1.7908064607422745E-010  1.3604611730619854E-010  1.1540339574925997E-009  3.4533224623862843E-010  1.7567126059263185E-010 -4.1395970102693871E-006  7.8963175515059869E-006 -2.2669633925411315E-006  3.0406834080448931E-006 -3.3008308757654138E-006  2.5131687805760317E-006 -7.7877902455298601E-006  3.5887479253945091E-006  2.5520994792594144E-006 -9.8520002237398684E-007  8.5718390377981128E-011 -4.0503594194232408E-011 -1.0199509496188022E-010 -1.6452790386424063E-011 -1.1042493682731383E-010 -1.3412186690626707E-010  3.6052517326855255E-011  6.4181220960926746E-011  5.9717520135504655E-012  5.4157238253358305E-011 -8.0698343305188516E-011  5.9175048477293004E-011  1.5820913047619634E-010  2.3130825736161529E-011 -1.3712278466190313E-011 -3.9846734363498042E-006  6.5284767968264114E-006 -2.4173862499812685E-006  3.3002678134752448E-006 -1.8934149707428246E-006  2.0457325895920914E-006 -7.9307768966535177E-006  4.9146171393988178E-006  4.1117769567385357E-006 -1.8613260081016297E-006
-2.1318699092378224E-008 -2.6615428340181603E-007 -2.9812139251000081E-007  4.4733707196983393E-006  4.6999057243657992E-010 -3.5013487709344442E-010 -2.0891322590808705E-008  2.2981282628271941E-009  2.6234557631549956E-009 -8.9701019802335830E-010 -1.7657432826902209E-008 -1.1863860937763109E-008  1.0467938946343477E-008  9.2404051062971825E-009  5.8181090103358684E-010 -3.0151391259763294E-007 -3.3772954030580274E-007 -2.8574491864042315E-005  6.2188279240213932E-006  6.9657589085499665E-006 -1.5187270092345003E-004 -7.2451144078180980E-006 -8.1153118493422455E-006  1.4142439948009906E-004  1.9064495084663988E-010 -8.6045041642752784E-005 -9.6379628539506392E-005  2.9843542077486627E-003  1.0963162242382289E-005  1.2279927537261567E-005 -4.2203369568097630E-005  1.2624147809335459E-009 -3.9977914403690276E-010 -7.2899911669244924E-009 -4.8833274732733419E-009  4.2118059520198635E-009  3.6209126734627176E-009  2.9242640752494616E-009 -8.8755174738055653E-009 -1.2091279953749294E-007 -7.2536591680884452E-008  7.2467714839926730E-008  6.9612327636324287E-008  3.0555555197881533E-010 -6.9732996704200245E-011 -1.5336931473129109E-009 -1.0405814727637633E-009  8.7572851260101372E-010  7.3502591602714821E-010  1.6391089343596302E-006 -2.2669633269354630E-006 -2.8596330342029447E-006 -4.4233095107275459E-006  3.5941145862546086E-006  2.2242141109103558E-006  6.2218547805945517E-008 -1.3487154089866222E-006  2.1834883854761401E-006  3.1367177311500129E-006  1.3980261847320529E-010  6.1583784496656813E-011  1.3644693910631789E-010  1.4228595062093489E-011 -7.6524444275063937E-011 -2.5980868073073665E-010 -2.9109828253904434E-011  1.5576522179954094E-011 -4.3568389351338314E-011 -1.4805699181605568E-010 -1.3908979091292458E-011 -1.9181296418967116E-010  1.0204196559368115E-011  2.4885092199270952E-010  1.4209360004649942E-010  7.1307422120911473E-007 -2.4173858469049967E-006 -3.9518497152363011E-006 -4.3067848256415253E-006  3.5419328758558597E-006  3.3500953666919559E-006 -7.9016805657241812E-007 -2.5371192475846372E-006  3.4775075397608868E-006  4.8365919020278344E-006
-7.2516955846452817E-003  1.8520123229104810E-010 -1.2683181766241934E-009  4.6999057243657992E-010  2.8035805339176061E-004 -1.4615964601541790E-004 -6.9119869676814317E-003 -1.4705246436128029E-002  3.7526772640331773E-005 -1.8672229194855870E-005 -4.8741023123291489E-005  3.3852710382215150E-005 -5.4595212328671391E-005 -7.1379483014579622E-005  7.9826423069043250E-004 -6.6219809926561056E-011  1.5996227385900222E-010 -4.6289965913849904E-011 -1.7782975046289815E-010 -1.0259882557358895E-009  2.6029440439348675E-009  5.8520415536177096E-010 -5.8967232462939352E-010 -1.3400168417691986E-009  1.8388128691723617E-004  4.3647511619207610E-009 -1.0045581035979895E-008  5.1625645165195692E-009 -1.2473002032112449E-010  4.1621226038469698E-010 -2.4729241178538008E-010  1.4794491328335846E-005 -7.3621362479637796E-006 -1.9214819803769479E-005  1.3345654816134728E-005 -2.1522730009887672E-005 -2.8140146117931094E-005  1.0325870904902165E-004 -5.1367543632738812E-005 -1.3412294248728068E-004  9.3153774372932253E-005 -1.5023520097591969E-004 -1.9641248345997315E-004  2.4434932480221021E-006 -1.2158905336229020E-006 -3.1735984988606776E-006  2.2042231678553973E-006 -3.5548022544786627E-006 -4.6477163899973301E-006 -3.1725433223679897E-012 -1.4183462945026532E-012  1.2044025110425852E-011 -2.5161350935595554E-011  2.4381509825450108E-011  2.9417743971016467E-011  1.4090603019660383E-011 -1.4103742044107883E-011 -1.7486173519436460E-011  1.5352583518486848E-012  5.0656672026204151E-006  5.4785482858561350E-006 -3.1362091675638136E-006 -1.0420178351885403E-005  2.6008089349732071E-006  1.5217253630820724E-006 -2.2601351254740805E-006  5.6310221716119779E-006 -4.3179543637763029E-006 -1.0609069519404387E-006  6.1045395585328526E-006 -1.0717035351984002E-006 -3.0317873160810898E-007 -8.6682498983069391E-007 -6.9368818725653393E-007  2.6466691691341666E-012 -2.6979994296961504E-011  1.0432528791790769E-011 -8.3054389625116855E-012  1.3381032851829381E-011  4.7545536042359239E-012  2.3521050478539748E-011 -2.3775228710522070E-011 -4.5768068208736543E-012  9.9450713894271100E-012
 5.4533415624205168E-003 -1.3498903134238829E-010  9.4412089386168222E-010 -3.5013487709344442E-010 -1.4615964601541790E-004  9.6099699198240514E-005  5.3242786494955875E-003  2.7414426848341280E-003 -2.9352775996457500E-005  1.4610887324134500E-005  3.8120049954173401E-005 -2.6477122200726627E-005  4.2698511582760844E-005  5.5829898188946752E-005 -3.9222201320651662E-004 -4.5507231108680668E-013 -1.3015966177751784E-011  1.9554801162508102E-012 -1.8610401574489928E-010  1.4576551272504499E-009 -2.1930416082016796E-009 -1.3793276379927475E-010 -2.1094198555420946E-010  1.2319299380933955E-009 -9.9919689990818838E-005  7.6939657989780040E-010 -1.0196579754905042E-009 -1.8718933839411194E-009  2.3748004788480182E-011 -1.5239791471026156E-010  1.3538894576758133E-010 -2.1407050397701407E-005  1.0651482152280283E-005  2.7804050431511282E-005 -1.9311230248592916E-005  3.1143786451081263E-005  4.0718280633230818E-005 -8.1313292314341283E-005  4.0557829119828293E-005  1.0553770304366635E-004 -7.3316324630736166E-005  1.1820964240106234E-004  1.5462961695828840E-004 -5.0415734308151359E-006  2.5088802540890634E-006  6.5478649610599173E-006 -4.5478431751028632E-006  7.3343421117582675E-006  9.5894165929249186E-006  5.7048658024573077E-012 -2.6627629962146498E-011  1.9550185463608672E-012  1.8163013951120528E-011 -8.0463044751293931E-012 -2.5816887775571435E-011  1.1885937030969740E-011 -5.0610207436448515E-012  1.0680975298139724E-011  2.3150591480412064E-012 -1.1532022604304503E-006 -1.3515114751915727E-006  5.1954478472846495E-007  2.4439658261569511E-006 -6.5042223502356915E-007 -4.1822751927710281E-007  4.5033298611382446E-007 -1.3290892277311805E-006  1.2090578168629409E-006  4.7109983572341523E-007 -1.4175169517973529E-006  3.1748868639532983E-008  4.6072988597158732E-008  4.5304724189028197E-007  2.1185828697088705E-007  1.2721993049206910E-013 -4.6342406571656651E-012  4.2059584259560397E-012  4.4696148330061777E-012 -2.3828916578692853E-012 -4.6402966226512106E-012  4.7614934855545517E-012 -2.6777955298815317E-012 -1.7539725878171124E-012 -1.1390285643630551E-012
 3.2365837574340778E-001 -7.6390203683152467E-009  5.6004283880770948E-008 -2.0891322590808705E-008 -6.9119869676814317E-003  5.3242786494955875E-003  3.1938729253035064E-001 -6.3116050109145255E-002 -1.2046356240291236E-003  5.9935140547731278E-004  1.5646535793405151E-003 -1.0867028315407320E-003  1.7525683887658033E-003  2.2913384550224082E-003 -7.5281250604743591E-003 -1.1259204967047500E-010 -3.5624926079119598E-010 -1.4331688362864238E-009 -9.8431676518968547E-009  9.0038348473232365E-008 -1.3972463233457018E-007 -8.3617202765702854E-009 -1.6010740383756310E-008  8.2091432535674670E-008 -2.6336364464902657E-003  2.7811309870561096E-009 -1.0750057612370043E-008  4.8885008293004046E-009 -1.4378394332281546E-010  5.4680064203692499E-010 -6.2518984825060207E-010 -1.3248102708295674E-003  6.5914444039437740E-004  1.7207277523831508E-003 -1.1951062396193940E-003  1.9274009833961207E-003  2.5199165098693877E-003 -5.1771792101126693E-004  2.5766817470967415E-004  6.7236878520105024E-004 -4.6698610107820046E-004  7.5310723486773760E-004  9.8470402244475166E-004 -3.4248575730703101E-004  1.7040116085633548E-004  4.4483588194389084E-004 -3.0895452591444639E-004  4.9826446839786281E-004  6.5144028262878223E-004  4.1101324390706119E-010 -1.4903906638040757E-009 -1.0557216842839732E-010  8.6034439754159937E-010 -3.8056468617489602E-010 -1.4117762571602517E-009  5.5886935172828900E-010 -2.3614648507479477E-010  7.4058917473125829E-010  2.5470122349826827E-010 -1.0803228595611226E-006 -1.1023650621563846E-006  7.9196865182565309E-007  2.1769036918737579E-006 -5.1756681485458597E-007 -2.7918679001264446E-007  5.2267820621785181E-007 -1.1708295778848842E-006  7.7773152942470201E-007  8.0716190242882033E-008 -1.2842780671268600E-006  3.6308850791717055E-007  7.9085026817902013E-008  2.2683018958409870E-008  1.1391296213303107E-007  5.9329567375466023E-011 -2.6932271549066591E-010 -1.5126383817633794E-011  1.0183514194128494E-010 -5.4514569023928107E-011 -1.8143404839962416E-010  1.2591431848018528E-010 -1.3920978900225131E-010  1.0039096008367661E-010  1.1503533241007385E-010
-3.3444388197258007E-002  1.0749490519086552E-009 -6.6945585799978204E-009  2.2981282628271941E-009 -1.4705246436128029E-002  2.7414426848341280E-003 -6.3116050109145255E-002  1.9912472650380313E+000  1.0423799234408519E-004 -5.1880479595782763E-005 -1.3537765712102296E-004  9.4027012773213042E-005 -1.5163553633727565E-004 -1.9826500451340103E-004  2.1292273355674653E-004  3.7019713367800092E-009 -8.0069954802450133E-009  3.8222308193129668E-009  2.5583750962815488E-008 -6.5078099543654621E-008  4.5326261170320398E-008 -2.2342565611461290E-008  5.4631687148503866E-008 -3.7807422803276778E-008  4.0332542510071988E-005  1.2816148200996879E-009 -3.3710874692191476E-009  2.8087148435629555E-009  9.5926729850708095E-012  4.4221750741265194E-011 -2.5139909883725690E-011  2.4710924859420833E-003 -1.2295032531720123E-003 -3.2095488827905820E-003  2.2291505744959895E-003 -3.5950375517965079E-003 -4.7002430619824745E-003 -1.3493406341259016E-003  6.7194331374943251E-004  1.7521479155029772E-003 -1.2170013758764982E-003  1.9625384930096077E-003  2.5663420135794740E-003  7.6684274168065667E-004 -3.8153613546896789E-004 -9.9601192357104385E-004  6.9176600483480033E-004 -1.1156406783847481E-003 -1.4586087479847075E-003 -2.0575490027059433E-011  1.2056427974097804E-010 -8.7547024150367275E-012 -9.2669510122195543E-011  3.4705101633077588E-011  1.2027640821081201E-010 -6.6618964399948232E-011 -3.6113511768292787E-011 -3.1187809712914729E-011  3.3440728936564931E-011 -6.3386766026803034E-004 -6.6522697684588585E-004  4.3029046505244572E-004  1.2899155241234699E-003 -3.1406009725232686E-004 -1.7645083130216258E-004  2.9531068138237469E-004 -6.9539952050219557E-004  4.9629478958472301E-004  8.8029734735213541E-005 -7.5844825281495940E-004  1.7543620799817837E-004  4.2389945611460320E-005  5.8650367493956384E-005  7.6317516556569567E-005 -4.3761291339436028E-011  4.8556484109980071E-010 -5.0400136426114993E-011 -2.9729226439855183E-010  1.0166856852859602E-010  3.5600483000330383E-010 -1.8254261705902342E-010  1.3581637459267345E-010 -2.4065831852345126E-010 -6.3666569290302669E-011
-1.0101297046443995E-003 -8.7523860118697938E-009 -1.4760765439575050E-008  2.6234557631549956E-009  3.7526772640331773E-005 -2.9352775996457500E-005 -1.2046356240291236E-003  1.0423799234408519E-004  2.4509363785937759E-002  4.8534371368816115E-003 -2.9394432055559775E-003 -1.5381071073079329E-002  8.4545228071226009E-004 -9.1282927128678599E-003  8.7031815836512388E-005  2.2982525256531014E-010  3.0865801148916672E-010 -2.2315892309308159E-010 -3.1855064546230258E-009 -2.3352824973205414E-008  1.0148406289569689E-010  3.5459245373934582E-010  5.1935444489362859E-009  4.0576204268857410E-009  1.9923626039172111E-005  5.1507758602805640E-010 -6.3433681705197855E-010 -2.5778549962752890E-010  6.3946871167426506E-011  4.6179413137208687E-011 -3.4176379343497466E-011  9.9202670674019312E-003  2.5805370542612027E-003 -1.4039265872526157E-003 -6.3731238470354197E-003  2.1529090829186794E-004 -3.5471432203734296E-003  1.6456146775017597E-001  1.6703160251906244E-002 -9.4737919409985695E-003 -9.2473850737304852E-002  2.4207489385841977E-003 -7.2087617012795938E-002  2.1227907431972909E-003  4.5160583637005936E-004 -2.8559798330770442E-004 -1.3792389428782311E-003  1.0476305211002692E-004 -7.4355180032555242E-004  1.1587360402032483E-010 -1.1549016443630512E-010 -2.0542942301336227E-010 -7.9658845110907561E-011 -7.8138665659314194E-011 -7.5801881425698453E-011  8.3995097876213114E-011  4.4645703138297584E-011  2.7991023178664257E-012  1.1984115983731769E-010 -1.5371317835396049E-004  5.3981785875485805E-005  2.1098244122070211E-004  1.9541815128787142E-005  1.5263154287761927E-004  2.5047384840447186E-004 -4.7712860209093524E-005 -4.9679748084991594E-005 -8.4106463624044623E-006 -1.7395334327928547E-004  2.1940814985685485E-005 -8.1206503191333159E-005 -5.8083492425032410E-005 -3.2558331936708326E-005 -1.0952302808404509E-004 -6.0662083105514791E-011  2.3394250060168162E-011 -1.0361419809481833E-011  5.4719125074751011E-011 -9.3355891159093199E-012  2.6667646129146793E-011 -2.3942303438322469E-011  1.4382759677015226E-011  8.7276560690211678E-012 -2.9973428212070758E-012
 5.0251703462436345E-004 -3.7054676294207002E-009 -2.2238565914590458E-009 -8.9701019802335830E-010 -1.8672229194855870E-005  1.4610887324134500E-005  5.9935140547731278E-004 -5.1880479595782763E-005  4.8534371368816115E-003  8.7913128196970853E-003  2.6076088429860126E-003 -2.0606243708310521E-003  4.9173022854713862E-003 -2.7928127660519090E-003 -4.3300126380963727E-005 -3.9786118525789932E-010  2.3257751283019101E-010 -1.0726796608565893E-010 -7.7162141524840241E-009 -6.0359665790660311E-009 -2.5652244528684594E-009  1.7656640341153772E-010  4.2401842550105227E-009  2.5021151994016946E-009 -9.9121604483035616E-006 -1.3717954501687638E-009  5.4771298484874653E-010 -7.6155662226005585E-011 -2.1315540090246744E-011  8.9176310222722282E-012 -4.7844041071985841E-014  2.5805369087118354E-003  1.5811061678183895E-003  1.5641954152040777E-003 -1.0259082450126810E-003  2.7446771174820094E-003 -1.5546286637011693E-003  1.6703158696151868E-002  1.1080859175207558E-001  9.3603966508700315E-003 -6.8150123059342845E-003  1.7137207294570404E-002 -9.8881463902097504E-003  4.5160579270854621E-004  6.6373485335334971E-004  2.2310787069757562E-004 -1.9712948049929263E-004  4.4200351658490328E-004 -2.5447631221128678E-004  1.3940605031662279E-010  2.3983205192694337E-010 -8.8383817966985803E-011 -2.2933309500319781E-010 -9.1299097016248644E-011  4.2299828512446664E-011 -8.2743154117921719E-011  4.4031107220499010E-011 -1.2882058079764393E-010  3.3057743768965873E-011 -5.3448059885873747E-005 -4.9538820303254853E-005 -4.4891695949881140E-005  4.7113927937652147E-005  1.0701003115061569E-004  4.6774010035998064E-005 -5.1808065940576068E-005  1.1293362832935289E-004  1.3597111616530375E-004 -3.9284060680557935E-005 -3.9774431264523898E-005 -7.6657509704095142E-005  2.2754638733314605E-005 -3.1030582713667703E-006 -3.9580924486426835E-005  6.0200278351078059E-012  1.2778519035060205E-011 -2.4620929933076967E-011 -1.5589312650297297E-011  6.4572385922598820E-012  7.5124059553737170E-012  1.4922232512133473E-012  2.6227021908287011E-011 -1.4780638710758385E-011 -1.1977446901677831E-012
 1.3120656701242953E-003  4.3601589721583894E-009  7.2486665532338242E-010 -1.7657432826902209E-008 -4.8741023123291489E-005  3.8120049954173401E-005  1.5646535793405151E-003 -1.3537765712102296E-004 -2.9394432055559775E-003  2.6076088429860126E-003  2.0759145285704547E-002  2.9972005015910432E-003 -2.6670301005492572E-003 -5.7757296038499239E-005 -1.1304277538031211E-004  2.1778350946133502E-010 -6.6215008951037072E-011  1.1220552769831420E-010 -5.9837443879716032E-009 -7.8275091302348776E-010 -3.3467494347197313E-008  1.8399599193729880E-009  1.0530663973428337E-009  1.2556198656908551E-008 -2.5878373244263552E-005  2.5230932553004371E-010 -2.9773642189884642E-010 -6.2452386163657008E-010 -8.5857250786691999E-012 -3.2166186689338461E-012  3.2913056602854729E-011 -1.4039264074791628E-003  1.5641951814573552E-003  8.2771420466930725E-003  1.3597888352737211E-003 -1.3452283063382848E-003  4.4137572202015927E-005 -9.4737890577131900E-003  9.3603923190037595E-003  1.5260193428488092E-001  9.7653239918201861E-003 -9.1727565799686640E-003 -2.9153493410427394E-004 -2.8559793199918541E-004  2.2310780484254803E-004  1.7386385458414292E-003  3.0381724538059302E-004 -2.5891777551089015E-004 -1.8219313385128198E-005  1.3083945187052644E-010 -3.2786597815704810E-011  1.6563283624736946E-010  6.7137366142788543E-011 -1.2641727689452034E-010 -2.4267724362993544E-010  3.7731127244298035E-011 -1.1426197327874311E-011 -1.7834246980831266E-011 -1.1493932207742884E-010 -1.0649864729308551E-004 -7.1641754765112308E-005 -2.3921559252851405E-004 -4.1229922758423255E-005  5.3762345022672316E-005  2.2830759055059380E-004 -4.1418892811749236E-005 -3.9789741290472739E-005  1.5168677613643488E-004  2.6887311463246946E-004  4.9209935258567595E-005 -6.8502463582865901E-006 -4.5213240177205004E-005 -3.3221839675306898E-005 -1.0423104409973086E-004 -8.8573423611179355E-014 -2.2614744444096887E-011 -4.1720492794715711E-011  1.2485299297894653E-011  2.4291976418532463E-011 -1.2366596532902540E-011  6.5077192449112354E-012 -9.3111080475314051E-012  1.3884085284505831E-011  3.8036343998419705E-011
-9.1126654077649529E-004  1.3813381392890252E-008  1.3492418000684418E-008 -1.1863860937763109E-008  3.3852710382215150E-005 -2.6477122200726627E-005 -1.0867028315407320E-003  9.4027012773213042E-005 -1.5381071073079329E-002 -2.0606243708310521E-003  2.9972005015910432E-003  2.5709573749280991E-002 -1.0685601996464923E-003 -1.0328502676187633E-002  7.8512038207117886E-005 -7.9079665688785858E-011 -6.4582616267630005E-010 -1.8334463096924222E-010  1.6702230163311632E-008  1.8298897584705647E-008 -1.0980173985195099E-008 -4.4681525827926660E-009 -3.9015570994684258E-009  3.3289793610673677E-009  1.7973377243327097E-005  1.3960867231985860E-010  1.7534904135837624E-010 -3.8250482675588693E-011 -4.7104881539212841E-011 -6.3528022351799186E-011  1.9016124162982554E-011 -6.3731239649935378E-003 -1.0259079572157888E-003  1.3597887892074414E-003  1.0565502874581552E-002 -4.1482203967396064E-004 -4.1923789095757828E-003 -9.2473851890768538E-002 -6.8150107986254095E-003  9.7653237471434975E-003  1.6871968438956805E-001 -3.0728219887154297E-003 -7.6245832498871874E-002 -1.3792389723891803E-003 -1.9712941236515137E-004  3.0381723606919556E-004  2.2339117353968301E-003 -1.1135813345796395E-004 -8.5467276299702960E-004 -9.1742652771472522E-011  5.6680832559835406E-011  1.0068905684361637E-010  1.3264344924992778E-010  6.6389307048040411E-011 -9.5569969440400349E-012 -9.9208717704172085E-011 -1.9128474192618387E-010  7.6420775638120620E-011  6.7525840956785030E-011  2.6141754774654749E-005 -6.1151950261423312E-005 -7.7900158521708804E-005 -1.0718309599448408E-005 -8.2050321343153925E-005 -3.5202823101880700E-005  8.6438890609869207E-005  1.1321214308009015E-004 -3.3925990536853750E-005 -6.4831907471160668E-006 -1.4421833132996969E-004  2.3203061656441263E-004  2.6405513371082867E-004 -1.7087391786470112E-004 -1.3027990886171832E-004  3.5831324176704050E-011 -2.8627475136355863E-011 -3.7515670225033663E-013 -5.2401001586599510E-011  3.3616166359137625E-012  4.3287001739884385E-012  4.2751663170648651E-011 -2.9760617673163819E-011 -2.8729988104570183E-011  2.2461780559255726E-011
 1.4696516147649980E-003 -8.2435556040313870E-009  3.7549128722484725E-009  1.0467938946343477E-008 -5.4595212328671391E-005  4.2698511582760844E-005  1.7525683887658033E-003 -1.5163553633727565E-004  8.4545228071226009E-004  4.9173022854713862E-003 -2.6670301005492572E-003 -1.0685601996464923E-003  1.9285611164138145E-002  2.2310791893263659E-004 -1.2662010021491203E-004 -1.4671342410521729E-010  3.9751565258855760E-010 -4.8433791998451543E-010 -1.5646274918213878E-008  5.1821217922246524E-009  1.7035706843609660E-008  6.1598536205064202E-009 -6.4602989413020178E-009 -3.6985451303986678E-009 -2.8986577383922212E-005  9.6828618710444730E-011 -6.8492575475876626E-011  2.3872704755677881E-010  6.8189349692400227E-012  2.8107133337384799E-011 -4.9394431234109868E-011  2.1529094889128885E-004  2.7446771076103573E-003 -1.3452283934598530E-003 -4.1482184450254846E-004  7.5190523685764836E-003  1.9953089560894970E-004  2.4207509832678371E-003  1.7137202024756590E-002 -9.1727555659219615E-003 -3.0728213716313714E-003  1.4756778518954466E-001  6.5207038836449533E-004  1.0476307349903646E-004  4.4200348234702197E-004 -2.5891779358076566E-004 -1.1135808540631477E-004  1.5984128559219095E-003  6.5950119048685674E-006 -2.2705068538229417E-011  3.7837468174453691E-011 -2.4217311108289801E-011  3.5053885477458671E-011  4.5772628112818058E-011 -4.5926018120763101E-012  1.1039396725313819E-010 -1.4716901690792786E-010 -1.8594777019490679E-010  1.2774384435022867E-010  3.9779643478377299E-005 -2.7180156976561209E-005 -3.5731698871708484E-005 -2.5132893057242468E-005 -5.2802637893281098E-005 -4.4744829492885760E-005 -6.8163087408319872E-005  9.0783483410034578E-005  1.2791638538324273E-004 -3.1934314507562025E-005 -1.2432789154673174E-004 -2.1833653757777599E-004  2.4352977023123679E-004  2.5769330015381400E-004 -1.1316330559772421E-004 -1.3347245377226775E-011 -6.1530222603652598E-012  1.0603258488717856E-011  2.2786164051820457E-011 -4.3096951114318186E-011 -4.8791769309557417E-012  1.6637779209348547E-011  2.5431856963465147E-011 -1.6169207123186249E-011 -2.6858966254308979E-011
 1.9213962448735272E-003 -5.0609953066939342E-009  1.2683474467532676E-009  9.2404051062971825E-009 -7.1379483014579622E-005  5.5829898188946752E-005  2.2913384550224082E-003 -1.9826500451340103E-004 -9.1282927128678599E-003 -2.7928127660519090E-003 -5.7757296038499239E-005 -1.0328502676187633E-002  2.2310791893263659E-004  1.9456795389050891E-002 -1.6554385356784004E-004 -1.5074596035114982E-010  3.3716812459095842E-010  4.0650396252071774E-010 -1.3516726071862103E-008  5.0539271336015357E-009  1.0878692211937676E-008  4.1135624002878108E-009 -1.2919870914604910E-009 -7.3866019418737478E-009 -3.7897003257978888E-005 -6.5464099250165359E-010  4.5899163003435876E-010  2.9599184031671469E-010 -1.6833142722119407E-011  1.7339578723630292E-011  1.5168309430869855E-011 -3.5471431024100930E-003 -1.5546290970478145E-003  4.4137798041505533E-005 -4.1923790275386567E-003  1.9953113137887981E-004  7.7395221299434349E-003 -7.2087615859486670E-002 -9.8881494532606258E-003 -2.9153180616171793E-004 -7.6245833652182349E-002  6.5207305013677795E-004  1.4833344951166619E-001 -7.4355177080843147E-004 -2.5447642400531399E-004 -1.8219252762400538E-005 -8.5467279251692958E-004  6.5950813470675576E-006  1.5982245633212335E-003 -2.4131072638326719E-011  5.8809311371467902E-011  1.0474047833198917E-010 -5.2984427128511236E-011  1.1749295789696046E-011  8.5358864217817057E-011  1.5213630879101803E-011  1.4663900111192496E-010 -7.9219872281266872E-011 -1.8736705631285170E-010  1.2757142357919276E-004  7.1701643857109938E-006 -1.3308228269894325E-004 -8.8235055289671151E-006 -7.0581221534612873E-005 -2.1527102530276426E-004 -3.8726030400657491E-005 -6.3532394995204175E-005  4.2336636899403574E-005  1.8043653402643019E-004  1.2227751634399884E-004 -1.5082411337295290E-004 -2.0597164128566660E-004  2.0343224980139287E-004  2.3980293694578816E-004  2.4830645261162792E-011  5.2332154485620289E-012  1.0736719266045743E-011 -2.3179647285095289E-012  5.9739306934291961E-012 -3.0996352557324082E-011 -1.8809339724711592E-011  1.5377837058523770E-011  2.0002314827890744E-011 -1.9464528531675683E-011
-8.6802770347226537E-003  1.7923264896207316E-010 -1.4341423591613790E-009  5.8181090103358684E-010  7.9826423069043250E-004 -3.9222201320651662E-004 -7.5281250604743591E-003  2.1292273355674653E-004  8.7031815836512388E-005 -4.3300126380963727E-005 -1.1304277538031211E-004  7.8512038207117886E-005 -1.2662010021491203E-004 -1.6554385356784004E-004  2.0003210729845993E+000  5.1853523312354319E-011  1.2595602118535031E-010 -1.6692707316826027E-010  9.8660514924160553E-010 -1.8400860562486108E-009  1.5698469593964427E-009 -5.1658192761170262E-010 -3.7192845414059690E-011 -1.2396905312121016E-010  9.6446042912881491E-005  1.6744549429055114E-010 -4.1920696861725505E-010  3.8154108682529663E-010 -6.5692640142948843E-012  3.2455157668597073E-011 -2.1197028692577989E-011 -1.0667597472378197E-004  5.3074676131365950E-005  1.3855665813626583E-004 -9.6232362822169020E-005  1.5519835810693042E-004  2.0290833922024333E-004 -2.4395188873142147E-004  1.2140555298789727E-004  3.1683449097101953E-004 -2.2005600069141342E-004  3.5488517965960364E-004  4.6400788711580985E-004 -3.7145757420138864E-004  1.8481320695495275E-004  4.8246860202131702E-004 -3.3509136803725365E-004  5.4041690475289082E-004  7.0654894277700510E-004 -9.8268250343814948E-012  4.0077184155004718E-011  2.2020148204309101E-012 -2.5203242888378017E-011  1.2037689147782133E-011  3.8387389115529429E-011 -1.5022772520156916E-011  6.7575683368039583E-012 -1.9922737344871160E-011 -6.6788209691434249E-012 -9.0613975198064304E-005 -9.4660726840278589E-005  6.2324974200573424E-005  1.8409869418803014E-004 -4.4651813190281378E-005 -2.4924361297876623E-005  4.2484369748950047E-005 -9.9212443022704227E-005  7.0001928765558733E-005  1.1623614736872062E-005 -1.0830698575868143E-004  2.5967163238324652E-005  6.1555372864196020E-006  7.3143332990160396E-006  1.0684622985288953E-005 -7.6823234245739881E-012  5.1888655584903269E-011 -2.8771450398105195E-012 -2.8456768787730133E-011  9.1894680672518801E-012  3.8762447734104377E-011 -2.1174610153281736E-011  1.3950147861233903E-011 -2.3481441236489959E-011 -8.2539742007662332E-012
-3.3946756538957055E-011 -2.7796602808980940E-005 -1.1547868468598063E-007 -3.0151391259763294E-007 -6.6219809926561056E-011 -4.5507231108680668E-013 -1.1259204967047500E-010  3.7019713367800092E-009  2.2982525256531014E-010 -3.9786118525789932E-010  2.1778350946133502E-010 -7.9079665688785858E-011 -1.4671342410521729E-010 -1.5074596035114982E-010  5.1853523312354319E-011  1.5066611312095969E-004  5.0104568908544231E-006  1.3079342252096706E-005  9.0680991310441419E-004  9.8679125520761870E-006  2.5760089313599757E-005 -8.6411917785534818E-004 -6.0740990833826244E-006 -1.5856824793687113E-005 -6.5847563561546471E-013 -1.7297214161098081E-002 -2.7355708590213719E-004 -7.1412423391764676E-004  8.9180227367571579E-004 -3.3647910492966264E-005 -8.7841098050802803E-005  2.8096302738361477E-011  8.2422875503796404E-011  2.5472726830001163E-011 -2.5787699534755191E-011 -1.3636679456983186E-010 -2.3087313187047613E-012  3.0848265576126388E-009 -7.7603715509516165E-009  2.9079938093622527E-009 -9.2513100587062354E-010  6.6766358274654111E-010 -2.1596950253410982E-009  2.5245015133982355E-011 -4.1913817443118451E-011  2.6156500786401144E-011 -1.1348756600388051E-011 -1.8681649010330923E-011 -1.3896378263355371E-011  3.7100068496775574E-005  2.3232035913334766E-005 -2.7332058069524384E-005 -4.2114138672056623E-005  2.2651141787330618E-006 -7.6608264046517868E-006 -6.2498548532606512E-006  2.3904991240730566E-005 -1.4846975732622234E-005  2.5543847974028199E-006 -2.7706219796926825E-012  3.7966092708101532E-013  3.3703325486909852E-012 -2.9398466587944824E-012 -3.9129007444518897E-012  7.8068083560207175E-012  2.7736745313533380E-012 -1.0581783560527047E-011 -4.2306458398080435E-012  4.5168359937349398E-012  8.7921553719175669E-013  1.8636627230400134E-012  1.3953992633386774E-012  1.0528325524250770E-012 -5.2385803051602062E-012  3.9254339270886898E-005  1.7733909053901041E-005 -3.1970502875924598E-005 -3.5175641625675924E-005 -4.7101362444987421E-006 -1.7489580985703989E-005 -3.5020686032763331E-006  2.3466542656527914E-005 -1.3035390978698799E-005  6.3384777094105915E-006
-5.7220802937938794E-010 -1.1547864540111242E-007 -2.7822839010886160E-005 -3.3772954030580274E-007  1.5996227385900222E-010 -1.3015966177751784E-011 -3.5624926079119598E-010 -8.0069954802450133E-009  3.0865801148916672E-010  2.3257751283019101E-010 -6.6215008951037072E-011 -6.4582616267630005E-010  3.9751565258855760E-010  3.3716812459095842E-010  1.2595602118535031E-010  5.0104568908544231E-006  1.5180462411458796E-004  1.4650249840918291E-005  9.8679129696269280E-006  9.0905214690746854E-004  2.8854050897207701E-005 -6.0740994325571982E-006 -8.6549935289047188E-004 -1.7761348079235297E-005  4.9327453625367079E-011 -2.7355708952490063E-004 -1.7359371879871969E-002 -7.9989555028436518E-004 -3.3647910728770377E-005  8.8415708705738886E-004 -9.8391538917585580E-005  1.5930237304943976E-010  4.6457755472263717E-011 -1.0307045477851685E-011 -2.8406953932404615E-010  1.9522787386408330E-010  1.2476700656862367E-010  1.3488206843308741E-009  2.2438698131441274E-009 -2.6241081207222637E-010 -4.1327488431547412E-009  2.6306385108688264E-009  2.7839290877148571E-009  4.1725111388004876E-011  2.5881786866144706E-011 -2.0512575465643935E-012 -8.4677196707569568E-011  4.9426897286472411E-011  4.2951901370817420E-011  2.2842341096299069E-005 -4.1271895153364673E-005  1.2802585402574701E-005 -1.5799240562617304E-005  1.6427388523204318E-005 -1.4846975911160704E-005  4.2143088815601195E-005 -1.8263393690139707E-005 -1.5268991674298919E-005  4.0702461809109651E-006  3.4341164359928001E-012  2.1491081011978925E-012 -2.4134105901999832E-012 -4.9876679408239505E-012  2.8456440262795421E-012 -1.0447342350091535E-012 -4.1818237696621056E-012  2.7887353005902081E-012  2.7271452502396108E-012  3.3480385946359926E-013  4.2348817921280824E-012 -1.1172481185263048E-011 -2.4514410658687065E-012  9.0515380591531571E-012  1.9902897989818492E-012  2.2395167249642675E-005 -3.3776912209341663E-005  1.3922958697998937E-005 -1.7010879094922713E-005  8.5388260247703263E-006 -1.3035390707531562E-005  4.3227283185385167E-005 -2.4891301129610738E-005 -2.4218574003833899E-005  8.1753197590987824E-006
-1.3302872984196046E-009 -3.0151392011625277E-007 -3.3772954869006561E-007 -2.8574491864042315E-005 -4.6289965913849904E-011  1.9554801162508102E-012 -1.4331688362864238E-009  3.8222308193129668E-009 -2.2315892309308159E-010 -1.0726796608565893E-010  1.1220552769831420E-010 -1.8334463096924222E-010 -4.8433791998451543E-010  4.0650396252071774E-010 -1.6692707316826027E-010  1.3079342252096706E-005  1.4650249840918291E-005  1.8441133407970630E-004  2.5760092441628480E-005  2.8854052883886183E-005  9.7327163847032603E-004 -1.5856828363442969E-005 -1.7761350449519405E-005 -9.0503003193376490E-004 -4.1311370977237696E-011 -7.1412424942064756E-004 -7.9989555943685774E-004 -1.9139670556845446E-002 -8.7841099231428157E-005 -9.8391539311912796E-005  6.6517152257252897E-004 -7.6708797832406633E-011 -9.9742459022572092E-011  6.6791790018361389E-011 -5.8845589256298038E-011 -1.9882101789267300E-010  1.3555448527622656E-010 -1.8858648020975859E-009  5.7999058047958803E-010  3.7801918240411357E-010 -1.5513218390502851E-009 -3.8957329818717263E-009  3.4371865566326951E-009 -2.1341706332659886E-011 -1.1519549795242970E-011  2.0062017932560057E-011 -2.1701989007869413E-011 -6.8137301465323083E-011  4.3043702260961342E-011 -5.9443211574705280E-006  1.2802588247717352E-005  1.7309347963264610E-005  2.3904994020992674E-005 -2.1424385762078467E-005 -1.5929850308257385E-005  2.5479904330654963E-006  8.8589402062095411E-006 -1.6221076136329852E-005 -1.9504690403740523E-005  6.1507232335436623E-013 -5.4086754137937356E-013 -1.3155219896679151E-012  3.4029014628805742E-012 -7.8058358911235509E-013 -4.4833980207461556E-012  7.5430262729585284E-013 -2.9656850084707148E-012 -2.8632325096012667E-013  3.5260015182766956E-012  4.3314213158010610E-012  2.2351471937269488E-012 -1.1011558898992676E-011 -1.6533590789791424E-012  8.8209141708570920E-012  1.2887781157355944E-007  1.3922965847906622E-005  2.3975372572166345E-005  2.3466550839343267E-005 -2.2160508290917671E-005 -2.3639458567870022E-005  8.2830085074364106E-006  1.5847653500579581E-005 -2.5035787896382503E-005 -2.9682331125655952E-005
-8.8404157866020136E-009 -1.6791726910818746E-004  2.3821038320753977E-006  6.2188279240213932E-006 -1.7782975046289815E-010 -1.8610401574489928E-010 -9.8431676518968547E-009  2.5583750962815488E-008 -3.1855064546230258E-009 -7.7162141524840241E-009 -5.9837443879716032E-009  1.6702230163311632E-008 -1.5646274918213878E-008 -1.3516726071862103E-008  9.8660514924160553E-010  9.0680991310441419E-004  9.8679129696269280E-006  2.5760092441628480E-005  5.4756185961514978E-003 -4.6209459866831881E-005 -1.2064403062089749E-004 -5.2207220480366559E-003  6.1358819111199283E-005  1.6019271619343301E-004  1.2500241548592093E-010 -1.0429447025836774E-001  4.3097267745342285E-004  1.1251683400348182E-003  6.6556579594658234E-003 -3.4155854175504984E-004 -8.9167089512032021E-004 -1.5537401380300287E-009 -2.5976623420335590E-009 -2.4611112842141327E-009  6.8032741203132938E-009 -6.4379376470934026E-009 -5.2495347653775081E-009 -6.0627892118698218E-009 -6.1980639906404416E-008 -5.1778071645828921E-008  1.1230570298112277E-007 -1.1238355987658432E-007 -1.0624291066454481E-007 -2.8911191147284743E-010 -7.3857573692930373E-010 -3.9987408794362187E-010  1.4105412902132436E-009 -1.3246355648647186E-009 -1.1214300844446460E-009  2.2341204430141405E-004  1.4119714957906089E-004 -1.7140929395871468E-004 -2.5944878729130237E-004  1.7888876931176535E-005 -4.0289923535710736E-005 -4.2987499761800723E-005  1.4392714605138823E-004 -8.3523366589349080E-005  2.0483983629570878E-005 -2.1620058045346406E-011  2.3558738643930654E-011  1.7742933724120791E-010  2.5017977006176357E-011 -2.8581542598878228E-011  1.2960452432035686E-011  1.5469859128391583E-010 -2.7132959465626587E-011 -2.3915732207327132E-010 -1.5720578406316050E-010 -4.4779082317978444E-011  3.7129454917780819E-010  5.3641863316366416E-011 -3.4999117944383165E-010 -3.7915001658089353E-011  2.3447557405481255E-004  1.0666747982909859E-004 -2.0116117210318039E-004 -2.1690416323579556E-004 -2.3242685586303788E-005 -9.7677830344769349E-005 -2.8028275715231692E-005  1.3983954578756713E-004 -6.9063601954510474E-005  4.5706441644408055E-005
