  0.18820074203437046       -5.1691207892213573E-012   4.9169386454258296E-011   3.3968106532370984E-010  -1.1428549637787960E-011   3.2188066333155486E-011  -3.0618470128353592E-010   1.4849451036526887E-013  -1.3663969819578416E-012   1.1280141911492401E-011  -2.2667865628262046E-010   8.3948653149576419E-002   1.8643172238159922E-012  -1.7734486310869310E-011   6.0580553853850788E-012   2.5843736283125347E-013  -2.4582559911025276E-012   2.5673934488929702E-012   1.6264586271346924E-012  -1.0683083001182119E-011   4.3227056139365386E-013  -1.7662525698807189E-012  -8.3839598175889899E-013   3.1491020344034057E-012  -9.1098215328545681E-011   8.0915388839543334E-011   6.9372903576456009E-012  -2.6378963856580973E-011   2.5092978568801632E-010  -2.4691510988963521E-012   2.4531631269313299E-013  -4.4681619681855259E-012   1.9687521740598916E-011   2.9418613194644230E-012   9.6616715180910459E-003   1.1978527744717662E-013  -1.1672585898887720E-012   2.2070122619743358E-011  -4.6450762443630604E-011   4.4191070470860191E-010   5.1707796888217519E-012   3.9778686347805806E-012  -2.7240761209765437E-011   4.7928030407756048E-002   7.3678343450718459E-013  -7.0083554402714763E-012   8.1953219261049395E-004   3.4775728271231202E-014  -3.2690136104494324E-013
  -5.1691207892213573E-012  0.18820074205852338       -2.3942307115078511E-010  -1.6540519324034835E-009  -1.4596152192511853E-013  -6.4716164377440241E-012  -1.3664242986483376E-012   5.5076414912832486E-011  -2.9981195027760861E-010  -5.4929941393645711E-011   1.1036657633786537E-009   1.8637801009050039E-012   8.3948653140911711E-002   8.6356560951869641E-011   4.4058089427852367E-013   1.7844647758475548E-012   9.1066778118079480E-012   2.4778162093574097E-013  -2.1462196166702064E-013  -8.3827508273248106E-013   3.6977278455940057E-012   1.1460768752897812E-011  -6.7817565081636159E-012  -1.5331187325006440E-011   4.4365858114886079E-010  -3.9400630677262344E-010   1.1918939109820331E-011   5.3928491544544099E-012   2.4557894079834861E-013  -3.3676271097224734E-011   2.4978542547767345E-010   2.1757315375520145E-011  -9.5858238777889834E-011  -1.4324986192168078E-011   1.2319151815482787E-013   9.6616715174448805E-003   5.6769708554969394E-012  -2.6865399020659976E-011   9.1399497756669947E-012   3.9804190127565863E-012  -1.0578473927717767E-010   4.2335578346532407E-010   1.3265055730509901E-010   7.3736265812950937E-013   4.7928030404341002E-002   3.4136280824626049E-011   3.3718829384326889E-014   8.1953219245917077E-004   1.5924322442466509E-012
   4.9169386454258296E-011  -2.3942307115078511E-010  0.18820074431079234        1.5733735977882569E-008   1.3901673669539476E-012  -1.3664021300332512E-012   6.3820953990928973E-012   6.9090847961493121E-012  -3.1071011858907911E-011  -8.3003801524047266E-012  -1.0498243712731799E-008  -1.7734339939103588E-011   8.6356349731963909E-011   8.3948652328541942E-002  -4.1883193567880781E-012   9.1067555438973936E-012  -8.3883102933077844E-011  -1.7663171903255782E-012  -1.1599506319428188E-012   7.3856585210327499E-012   2.0018218259147296E-011  -7.9198464399048782E-011  -3.5965137922537267E-011   1.2154582359801657E-010  -4.2200230680059028E-009   3.7477933897346772E-009  -1.1337965069705784E-010   2.4539079241086485E-013   3.0844801678502679E-012  -1.1436965114990468E-010  -1.5018869970984043E-011   2.2774752551724224E-010   9.1169203176804823E-010   1.3625355298304484E-010  -1.1626937984566756E-012   5.6772323882253088E-012   9.6616714641658569E-003   2.5552383920446753E-010   3.9785078817692642E-012  -2.8286908352813542E-011   2.3946565269729981E-010   1.3773961901191417E-010  -4.9499120167271464E-010  -7.0086321951406344E-012   3.4136913124032889E-011   4.7928030083287373E-002  -3.2676477763543206E-013   1.5942058097007262E-012   8.1953217747997970E-004
   3.3968106532370984E-010  -1.6540519324034835E-009   1.5733735977882569E-008  0.13619046650587971       -2.7221878640258116E-009  -2.1188067592131644E-011   2.0154581067798201E-010  -2.6366074256912910E-009  -9.8140780458029214E-010   5.3587969940729118E-009  0.30969147493355398        5.9758059614339137E-011  -2.9099439675597652E-010   2.7679686391679618E-009  -1.2290180131909301E-012   2.6739251553293180E-012  -2.5436612283427457E-011  -5.1982051224248560E-013  -3.3024662442782487E-013   2.1706034693361861E-012   5.8838535402364704E-012  -2.4101578327952975E-011  -1.0567006792601930E-011   3.6923242942107094E-011 -0.20144495870065329        1.0487551153146110E-002   1.0560500765104427E-009   8.2185867864904800E-012  -7.8186303393728235E-011   1.0227963625680516E-009   3.8071229029267536E-010  -2.0788249473533996E-009   1.2607884408994338E-003   2.3479343533142115E-004   4.1813042459399259E-011  -2.0361278349283125E-010   1.9369061614005317E-009  -1.7118884413230670E-009  -1.3337946740190866E-011   1.2676816545477900E-010  -1.6584570189029410E-009  -6.1727528080508117E-010   3.3703656911263895E-009   9.0806087336628702E-011  -4.4220335660248996E-010   4.2063039820072044E-009   2.9537644761252923E-012  -1.4389849962159785E-011   1.3684217520516047E-010
  -1.1428549637787960E-011  -1.4596152192511853E-013   1.3901673669539476E-012  -2.7221878640258116E-009   1.2235077508907452E-005   7.4641593146381804E-016  -7.0519011425142636E-015  -6.1175378661368951E-006   2.1804058857696147E-013  -6.1175396427529334E-006  -6.1838728696374821E-009  -5.2828176469544653E-012  -2.5843678820267193E-013   2.4592421483800584E-012   1.6630692041078274E-014  -7.7255324604898365E-014   7.3487614909696565E-013  -1.1117746342312553E-014   1.2502495553507829E-017  -1.1211397270877420E-014   2.9488263670804538E-014  -1.2714664008608542E-013   3.7698632082405489E-014  -4.5299043124757351E-013   4.0110684937360596E-009  -1.2710717989658189E-010   4.6256049910796480E-004   2.4199063286338073E-014  -2.2766746507423431E-013  -2.3128023357928238E-004   3.9203914638550693E-012  -2.3128026552867600E-004  -2.7291913051548373E-011  -3.9525784758100720E-012   1.1312131765333741E-013  -4.4350474545662150E-012   4.2200985670493864E-011   4.7773515174530231E-003   1.4331553316913875E-013  -1.3371354326691393E-012  -2.3886755850187663E-003   4.2630766524033867E-011  -2.3886759324342312E-003  -3.1900247245685115E-012   7.3261837112371102E-013  -6.9682551832430928E-012  -4.7071537742267873E-014   3.6764178006645337E-014  -3.4846675555939948E-013
   3.2188066333155486E-011  -6.4716164377440241E-012  -1.3664021300332512E-012  -2.1188067592131644E-011   7.4641593146381804E-016   1.2235076914765741E-005  -1.0631684167184095E-013   6.6821511521107081E-016   2.2551810347360307E-014  -1.3951921011697313E-015  -4.8131856266887244E-011   1.4989302960233492E-011  -3.0151436793872582E-012  -6.2220246067628053E-013   5.2962801150938181E-014   1.6600342454834777E-014  -3.5242905353879961E-016  -8.0790808626683380E-014   5.7465150479351451E-013   9.7532989872543305E-015  -1.0862076069654510E-014  -3.5172957185585531E-016  -2.0249337852906271E-015   5.3330150397425761E-016   3.1220040336455197E-011  -9.8916644565227275E-013   2.3859600921004303E-014   4.6256048839670658E-004  -1.6281007667029240E-012   2.2345712135979226E-014   3.4971996644015729E-013  -4.6206590058867705E-014  -2.1242160000571411E-013  -3.0262536956933621E-014   2.2512193726232761E-012  -4.8524884399726048E-013   2.3248636910382148E-013   1.3980857817385508E-013   4.7773514013005110E-003  -2.0903486226368185E-011   1.2528581580868188E-013   4.4324815109529794E-012  -2.6506566822722683E-013   8.5371071236279999E-012  -1.7106871598898296E-012  -4.1953528327283485E-013   1.0778912701640008E-013  -2.1066631869487967E-014  -7.8045091439162949E-015
  -3.0618470128353592E-010  -1.3664242986483376E-012   6.3820953990928973E-012   2.0154581067798201E-010  -7.0519011425142636E-015  -1.0631684167184095E-013   1.2235077914936688E-005  -4.4089742178165744E-014  -9.3458819401104949E-015   5.1141891619588177E-014   4.5784240459896315E-010  -1.4258413904017511E-010  -6.2223669608133130E-013   2.8377952723869982E-012  -5.0370157822632545E-013  -3.4818287960953751E-016   1.9927566047161938E-014  -2.2385930558262960E-013  -7.6321379889517330E-014   8.9965233739316511E-013   5.6882017729418620E-016  -7.1841146464670232E-015  -3.8341326630017077E-016  -9.4981293576871794E-015  -2.9697221757888290E-010   9.4091322095328959E-012  -2.2766406090315457E-013  -1.6281406854161167E-012   4.6256050371325778E-004  -7.9100732860210232E-013  -1.8625265472898924E-013   1.0186670334863525E-012   2.0253503519184740E-012   2.9052046769506166E-013  -2.1417040445962116E-011   2.3260382293820454E-013  -2.6710610135977627E-012  -1.3370923219521850E-012  -2.0903885707359844E-011   4.7773515979510298E-003  -8.6222283635943664E-012  -1.8199083347231736E-012   9.9593167469931146E-012  -8.1207758717723597E-011  -4.1947145894659366E-013   2.2361327053638244E-012  -1.0370985544045100E-012  -7.3265341410168918E-015   4.9900800265045401E-014
   1.4849451036526887E-013   5.5076414912832486E-011   6.9090847961493121E-012  -2.6366074256912910E-009  -6.1175378661368951E-006   6.6821511521107081E-016  -4.4089742178165744E-014   1.2235077503448287E-005   3.1160896662665368E-014  -6.1175396369724240E-006  -5.9894595161829524E-009   1.0703842029873012E-013   2.5462988184566911E-011   4.9722340586030189E-012  -6.0588839801005368E-015   5.4216946898624894E-014  -1.2566208912699758E-013   1.5898044741055334E-014   1.1708550629216445E-017  -7.7613074224804133E-015  -8.1172081695412197E-014   7.3626749466976650E-013   5.4668422631533448E-014  -4.5511247554807540E-013   3.8849691880364428E-009  -1.2309989825139743E-010  -2.3128023358447180E-004   2.2552124933087362E-014  -7.9077141757175572E-013   4.6256049892517569E-004   1.0418044185432523E-012  -2.3128026534023977E-004  -2.6443636248935798E-011  -3.8303028716681165E-012   8.9078361707593127E-013  -4.4688321485762716E-013   4.1265592872744776E-011  -2.3886755850735875E-003   1.2739998093733967E-013  -8.6198045705801828E-012   4.7773515164209815E-003   5.8937012134448791E-012  -2.3886759313465787E-003  -1.1401275427652509E-013   1.5356716827622401E-011  -5.2733411256366428E-012  -6.3992579793329086E-015   2.2177140286284451E-013  -3.1882275295639543E-013
  -1.3663969819578416E-012  -2.9981195027760861E-010  -3.1071011858907911E-011  -9.8140780458029214E-010   2.1804058857696147E-013   2.2551810347360307E-014  -9.3458819401104949E-015   3.1160896662665368E-014   1.2235077958567213E-005  -2.4920186764653900E-013  -2.2294191826580754E-009  -6.2218559384190043E-013  -1.3968229044368724E-010  -1.3815663594056310E-011   5.4982321618587728E-016  -2.2642028139364541E-013   3.5147835515675306E-014  -3.5465076096619789E-016   1.5714237386280801E-014  -3.8898543035475767E-016  -5.0315096375489830E-013  -9.7203509425824792E-014   9.0146455783967340E-013   4.6251878222998054E-014   1.4460776040404027E-009  -4.5816755628246464E-011   3.9203287515948731E-012   3.4967668171320093E-013  -1.8622226830562333E-013   1.0417927991519667E-012   4.6256050458264925E-004  -4.9621237259765348E-012  -9.8504298803693057E-012  -1.4258957635318646E-012   2.3165272384651969E-013  -2.2500264644255718E-011   1.3013877994807487E-011   4.2630128207174799E-011   4.4320617577481230E-012  -1.8196024484134105E-012   5.8936056527355742E-012   4.7773516064463801E-003  -4.8523738444228349E-011  -4.1956114316789399E-013  -7.9251012302386187E-011  -1.0887081508495073E-011  -7.4310683724389479E-015  -1.0002365759561190E-012  -2.3494645168733843E-013
   1.1280141911492401E-011  -5.4929941393645711E-011  -8.3003801524047266E-012   5.3587969940729118E-009  -6.1175396427529334E-006  -1.3951921011697313E-015   5.1141891619588177E-014  -6.1175396369724240E-006  -2.4920186764653900E-013   1.2235079279368766E-005   1.2173336765713814E-008   5.1758162016979323E-012  -2.5204282883401133E-011  -7.4320033296685906E-012  -1.0571808060777429E-014   2.3038377706776594E-014  -6.0921405995945370E-013  -4.7802983984924847E-015  -2.4211045269205911E-017   1.8972704692838641E-014   5.1683818022107739E-014  -6.0912085455806650E-013  -9.2367054711089887E-014   9.0810290676872050E-013  -7.8960403212872032E-009   2.5017347240635192E-010  -2.3128026552282668E-004  -4.6016277576659698E-014   1.0184482698055032E-012  -2.3128026533307826E-004  -4.9622103392871123E-012   4.6256053085543447E-004   5.3829709755097952E-011   7.7839102664177013E-012  -1.0041716520712418E-012   4.8882129068606613E-012  -8.3470373210061986E-011  -2.3886759323725540E-003  -2.6312531462136676E-013   9.9570369544301459E-012  -2.3886759312698610E-003  -4.8524617049290575E-011   4.7773518636415740E-003   3.3040593401810999E-012  -1.6089199357150334E-011   1.2241305793201802E-011   5.3729405561731924E-014  -2.5873148776970208E-013   6.6729966116038060E-013
  -2.2667865628262046E-010   1.1036657633786537E-009  -1.0498243712731799E-008  0.30969147493355398       -6.1838728696374821E-009  -4.8131856266887244E-011   4.5784240459896315E-010  -5.9894595161829524E-009  -2.2294191826580754E-009   1.2173336765713814E-008  0.70457838926842742       -3.0968067251558766E-010   1.5078930852445386E-009  -1.4343491707190852E-008  -2.7923376338726616E-012   6.0753785983290729E-012  -5.7793961032074795E-011  -1.1810727347345489E-012  -7.5035739150999748E-013   4.9317625259728846E-012   1.3368641626681249E-011  -5.4760685675811945E-011  -2.4009035498347705E-011   8.3892521052795522E-011 -0.45815915074633640       -2.7573022633771800E-003   2.6752213935593850E-009   2.0825037876835746E-011  -1.9807436686408814E-010   2.5911582518619739E-009   9.6448722726932533E-010  -5.2663288405639318E-009   4.0978994721086555E-003   4.0834522799565546E-004   5.9982031130906979E-011  -2.9216915310508751E-010   2.7787198729030236E-009  -1.0650656175658964E-009  -8.2675491230911682E-012   7.8806905081609162E-011  -1.0307918446227219E-009  -3.8369727239863008E-010   2.0959067513434231E-009  -4.8260830990945802E-011   2.3490047444059640E-010  -2.2345036038707495E-009   5.2387938931907796E-012  -2.5508522759635697E-011   2.4270516768712078E-010
   8.3948653149576419E-002   1.8637801009050039E-012  -1.7734339939103588E-011   5.9758059614339137E-011  -5.2828176469544653E-012   1.4989302960233492E-011  -1.4258413904017511E-010   1.0703842029873012E-013  -6.2218559384190043E-013   5.1758162016979323E-012  -3.0968067251558766E-010   3.7528240555011062E-002   2.6981998105523405E-012  -2.5668356003413233E-011   2.7808355111945926E-012   1.1627904661680347E-013  -1.1060521915430451E-012   1.1785577205332508E-012   7.4597892966105027E-013  -4.8987792693030620E-012   1.9333445299552391E-013  -7.8990438940162210E-013  -3.7566645637110070E-013   1.4133075482244885E-012   9.5070346857441303E-011   3.0329148990641220E-011  -4.1747814053281806E-012   1.2152412999025337E-011  -1.1561060417513416E-010   1.9115262444682635E-013  -4.6527106154757352E-013   3.9836290389352249E-012   9.2987506860765443E-012   1.1815957332795447E-012   1.7119272495392763E-002   8.2239863749064578E-013  -7.7923570240620281E-012  -6.4692312177718050E-011   2.2472328788400316E-010  -2.1377700420527408E-009   1.5623509887243466E-011  -4.1028470872335517E-012   4.9068876648341394E-011   2.1389896278450948E-002   1.4186754551480050E-012  -1.3496130684597305E-011   3.9642165055725991E-004   3.4056469645084550E-014  -3.2635615100188469E-013
   1.8643172238159922E-012   8.3948653140911711E-002   8.6356349731963909E-011  -2.9099439675597652E-010  -2.5843678820267193E-013  -3.0151436793872582E-012  -6.2223669608133130E-013   2.5462988184566911E-011  -1.3968229044368724E-010  -2.5204282883401133E-011   1.5078930852445386E-009   2.6981998105523405E-012   3.7528240542457555E-002   1.2498951315591514E-010   1.9705124704949198E-013   8.2847442544294414E-013   4.0729984212125250E-012   1.1151399459374219E-013  -9.9724834856199401E-014  -3.7560697720377997E-013   1.7180951209749358E-012   5.1576765577954368E-012  -3.1522286764424699E-012  -6.8806092715420588E-012  -4.6289989296748563E-010  -1.4765949671066664E-010  -7.3509722769637936E-013  -2.4490183219207065E-012  -4.6683855907564446E-013   2.0135763853534640E-011  -1.1343884478549922E-010  -1.9400635608440174E-011  -4.5259341763312286E-011  -5.7575644345913249E-012   8.1979562970897747E-013   1.7119272492576856E-002   3.7967385795558178E-011  -7.4352633517904795E-011  -4.5739651574509035E-011  -4.1190254047590074E-012   3.1331598626267390E-010  -2.1186165949957277E-009  -2.3896312610153629E-010   1.4190435014119230E-012   2.1389896271835369E-002   6.5723014427878974E-011   3.4799114559083277E-014   3.9642165040374881E-004   1.5845301112432729E-012
  -1.7734486310869310E-011   8.6356560951869641E-011   8.3948652328541942E-002   2.7679686391679618E-009   2.4592421483800584E-012  -6.2220246067628053E-013   2.8377952723869982E-012   4.9722340586030189E-012  -1.3815663594056310E-011  -7.4320033296685906E-012  -1.4343491707190852E-008  -2.5668356003413233E-011   1.2498951315591514E-010   3.7528239366661706E-002  -1.8732376648650593E-012   4.0730217986822655E-012  -3.7486414177656426E-011  -7.8993100810682895E-013  -5.1918595318550083E-013   3.3032080292705615E-012   8.9529687708127205E-012  -3.5389596448030888E-011  -1.6085211506997099E-011   5.4313952657468378E-011   4.4033440172426364E-009   1.4044582482221146E-009   6.9932649051502988E-012  -4.6598648540862044E-013   1.9303576518386805E-012   8.8715947299855658E-012  -9.3997302502469010E-012  -1.5865640067518084E-011   4.3072551290950066E-010   5.4768665679793940E-011  -7.7974424418036161E-012   3.7955168453279304E-011   1.7119272135280986E-002   7.0727330129056750E-010  -4.1102547767320808E-012  -7.1181209832495746E-012   7.2383549274922961E-010   3.4657221836266886E-011  -1.4311095364388907E-009  -1.3496487535540618E-011   6.5723131515164038E-011   2.1389895653609211E-002  -3.2595206961010357E-013   1.5893499616214298E-012   3.9642163540497461E-004
   6.0580553853850788E-012   4.4058089427852367E-013  -4.1883193567880781E-012  -1.2290180131909301E-012   1.6630692041078274E-014   5.2962801150938181E-014  -5.0370157822632545E-013  -6.0588839801005368E-015   5.4982321618587728E-016  -1.0571808060777429E-014  -2.7923376338726616E-012   2.7808355111945926E-012   1.9705124704949198E-013  -1.8732376648650593E-012   2.1364968006343406E-020  -2.3898898256299303E-022   2.2720371343619113E-021   9.0129240911336575E-021   5.7306276573935402E-021  -3.7671814175320901E-020  -5.4590226987647388E-022   2.2348883802891239E-021   9.7002758251832445E-022  -3.3590130775662762E-021   1.8173361585197244E-012  -2.7571600835874498E-013   6.2874059261399066E-013   2.0023165810629349E-012  -1.9042988664806505E-011  -2.2906370866670959E-013   2.0786317558344262E-014  -3.9967688394711699E-013  -9.0164006767448477E-015  -3.4300087524552965E-016   1.2559981411627118E-011   1.0462583659410548E-013  -9.9433382193210005E-013   6.4936691500307818E-012   2.0680041302997759E-011  -1.9667708685324231E-010  -2.3657830852143176E-012   2.1468231912951028E-013  -4.1278860648160478E-012   1.5534440987818059E-012   1.1227172131798493E-013  -1.0672949264582956E-012   1.2821679760903187E-013   3.3109049599601784E-015  -2.4834499363985758E-014
   2.5843736283125347E-013   1.7844647758475548E-012   9.1067555438973936E-012   2.6739251553293180E-012  -7.7255324604898365E-014   1.6600342454834777E-014  -3.4818287960953751E-016   5.4216946898624894E-014  -2.2642028139364541E-013   2.3038377706776594E-014   6.0753785983290729E-012   1.1627904661680347E-013   8.2847442544294414E-013   4.0730217986822655E-012  -2.3898898256299303E-022   5.2517296160236424E-021  -9.3620441881429385E-021  -9.8205167367314038E-023   4.2700934199833657E-022   4.1921687359627939E-022   1.0147706656794181E-020  -4.4597115126327682E-022  -1.8867678848480464E-020   7.3100691425409429E-021  -3.9539520794054728E-012   5.8480490968829536E-013  -2.9207200364860237E-012   6.2759416334337034E-013  -1.3163579005109050E-014   2.0497330655677283E-012  -8.5600654658404066E-012   8.7098697091941472E-013   2.3908693040473753E-014   4.0643439747889452E-015   1.6924988531552041E-013   5.1570068954742589E-012   2.1619423009357970E-012  -3.0165365222999470E-011   6.4818286975569193E-012  -1.3595420534500470E-013   2.1169761213047272E-011  -8.8408850624987068E-011   8.9956040099538666E-012   6.5950720097088200E-014   4.5885335639149628E-013   2.3206429157448948E-012   1.7627316279506583E-015   4.8873656176513341E-014   5.6458430207000142E-014
  -2.4582559911025276E-012   9.1066778118079480E-012  -8.3883102933077844E-011  -2.5436612283427457E-011   7.3487614909696565E-013  -3.5242905353879961E-016   1.9927566047161938E-014  -1.2566208912699758E-013   3.5147835515675306E-014  -6.0921405995945370E-013  -5.7793961032074795E-011  -1.1060521915430451E-012   4.0729984212125250E-012  -3.7486414177656426E-011   2.2720371343619113E-021  -9.3620441881429385E-021   9.3321720467216994E-020   1.0229396805938320E-022   4.5124719482496570E-022  -3.1527173828034216E-021  -1.1283713880012589E-020   5.0240215914442663E-020   2.4499001254513161E-020  -1.0700127393907832E-019   3.7613271319931781E-011  -5.5733777774545694E-012   2.7782777483370901E-011  -1.3324110256917859E-014   7.5338484903925016E-013  -4.7508128595046102E-012   1.3287950930387632E-012  -2.3031964623856597E-011  -2.5114852066392579E-013  -4.3978563176050100E-014  -1.6108220953842930E-012   2.1637008058631218E-012  -1.5154032596552501E-011   2.8694213044250898E-010  -1.3761218138756313E-013   7.7810021749736826E-012  -4.9066666954032979E-011   1.3723873109789722E-011  -2.3787546348845530E-010  -6.2732391076035439E-013   2.3206246653832117E-012  -2.1371492859042189E-011  -2.3807351347804159E-014   5.5693877447536395E-014  -4.6396985320450103E-013
   2.5673934488929702E-012   2.4778162093574097E-013  -1.7663171903255782E-012  -5.1982051224248560E-013  -1.1117746342312553E-014  -8.0790808626683380E-014  -2.2385930558262960E-013   1.5898044741055334E-014  -3.5465076096619789E-016  -4.7802983984924847E-015  -1.1810727347345489E-012   1.1785577205332508E-012   1.1151399459374219E-013  -7.8993100810682895E-013   9.0129240911336575E-021  -9.8205167367314038E-023   1.0229396805938320E-022   4.7185966451803256E-021  -2.3562151250409771E-021  -1.6808632563330592E-020  -2.2489302616832611E-022   1.8377425115161182E-021   3.9924508313295734E-022  -1.4459631321191205E-021   7.6866181737501501E-013  -1.1407599537161291E-013  -4.2031898057141139E-013  -3.0543851043027378E-012  -8.4632457343771887E-012   6.0104259188447256E-013  -1.3408096207680530E-014  -1.8072361131250913E-013  -9.2742235933795144E-015  -2.0057690739912871E-015   5.3298258033831353E-012   1.6683749483691304E-013  -4.1008269720515235E-013  -4.3410786512555894E-012  -3.1545865434617620E-011  -8.7408890747098198E-011   6.2076026010653313E-012  -1.3847959358275467E-013  -1.8665239498089951E-012   6.5835299403648533E-013   6.3235451838938296E-014  -4.5009642331427808E-013   5.2607301619905431E-014   2.0821187554922021E-015  -1.1327331524741807E-014
   1.6264586271346924E-012  -2.1462196166702064E-013  -1.1599506319428188E-012  -3.3024662442782487E-013   1.2502495553507829E-017   5.7465150479351451E-013  -7.6321379889517330E-014   1.1708550629216445E-017   1.5714237386280801E-014  -2.4211045269205911E-017  -7.5035739150999748E-013   7.4597892966105027E-013  -9.9724834856199401E-014  -5.1918595318550083E-013   5.7306276573935402E-021   4.2700934199833657E-022   4.5124719482496570E-022  -2.3562151250409771E-021   2.7513827672356858E-020  -5.3299429558634831E-021  -1.3019063540392405E-021   4.2158328541145510E-022   1.3197615161782864E-021  -6.5010224732862725E-022   4.8834031223787502E-013  -7.1528384705420903E-014   4.7241737036541415E-016   2.1725329739552430E-011  -2.8854130149211492E-012   4.4240941827931666E-016   5.9409379676626929E-013  -9.1482678871729452E-016  -3.8768181074795177E-015  -5.6649794467732316E-016   3.2760614805710414E-012  -6.3305598854268170E-013  -3.3690673853075631E-013   4.8791669893451292E-015   2.2438045853816993E-010  -2.9800712476325817E-011   4.5692426500502406E-015   6.1358350936582751E-012  -9.4484096380580588E-015   4.1698294262408469E-013  -5.5198585134943667E-014  -2.9563979890984050E-013   3.2532246418179149E-014  -5.7323405363468264E-015  -8.7815111701811926E-015
  -1.0683083001182119E-011  -8.3827508273248106E-013   7.3856585210327499E-012   2.1706034693361861E-012  -1.1211397270877420E-014   9.7532989872543305E-015   8.9965233739316511E-013  -7.7613074224804133E-015  -3.8898543035475767E-016   1.8972704692838641E-014   4.9317625259728846E-012  -4.8987792693030620E-012  -3.7560697720377997E-013   3.3032080292705615E-012  -3.7671814175320901E-020   4.1921687359627939E-022  -3.1527173828034216E-021  -1.6808632563330592E-020  -5.3299429558634831E-021   6.7341938928449802E-020   9.5766307606843892E-022  -4.8365610754340285E-021  -1.7015383221601055E-021   5.9544648156040244E-021  -3.2096802966738529E-012   4.7673215134585220E-013  -4.2385749413389323E-013   3.6873441480153444E-013   3.4012339882856498E-011  -2.9342303131522414E-013  -1.4705412552308140E-014   7.1728052544834628E-013   1.7482959144716851E-014   2.1598283654829798E-015  -2.1355922020816164E-011  -3.0594884020929298E-013   1.7458238213330976E-012  -4.3776247304515039E-012   3.8083099901437718E-012   3.5128141082924042E-010  -3.0304901841563098E-012  -1.5187839007237404E-013   7.4081149146065080E-012  -2.7387314020218289E-012  -2.1370790853052608E-013   1.8820551857675855E-012  -2.1811727728775885E-013  -6.5038860035882285E-015   4.4597054402404215E-014
   4.3227056139365386E-013   3.6977278455940057E-012   2.0018218259147296E-011   5.8838535402364704E-012   2.9488263670804538E-014  -1.0862076069654510E-014   5.6882017729418620E-016  -8.1172081695412197E-014  -5.0315096375489830E-013   5.1683818022107739E-014   1.3368641626681249E-011   1.9333445299552391E-013   1.7180951209749358E-012   8.9529687708127205E-012  -5.4590226987647388E-022   1.0147706656794181E-020  -1.1283713880012589E-020  -2.2489302616832611E-022  -1.3019063540392405E-021   9.5766307606843892E-022   2.3774695665642369E-020  -1.0404314517609815E-020  -4.2047434736986036E-020   1.6164173992950324E-020  -8.7005054807121877E-012   1.2839659429423863E-012   1.1148408665146208E-012  -4.1065262376615477E-013   2.1504524153465363E-014  -3.0687951160384408E-012  -1.9022170540587706E-011   1.9539542495212626E-012   5.7300338233528837E-014   9.1889785134996401E-015   1.0265623522245439E-013   1.0896503088750735E-011   4.7156683629752905E-012   1.1514140230881455E-011  -4.2412440189788963E-012   2.2209999802024931E-013  -3.1694693172229528E-011  -1.9646207612904849E-010   2.0180552941342944E-011   1.1015402719481965E-013   9.5100883424935845E-013   5.1011411473397727E-012   3.5594487260000841E-015   1.0342505928709156E-013   1.2485960538336567E-013
  -1.7662525698807189E-012   1.1460768752897812E-011  -7.9198464399048782E-011  -2.4101578327952975E-011  -1.2714664008608542E-013  -3.5172957185585531E-016  -7.1841146464670232E-015   7.3626749466976650E-013  -9.7203509425824792E-014  -6.0912085455806650E-013  -5.4760685675811945E-011  -7.8990438940162210E-013   5.1576765577954368E-012  -3.5389596448030888E-011   2.2348883802891239E-021  -4.4597115126327682E-022   5.0240215914442663E-020   1.8377425115161182E-021   4.2158328541145510E-022  -4.8365610754340285E-021  -1.0404314517609815E-020   8.9797781936793451E-020   1.4400382252396136E-020  -1.0437395252972000E-019   3.5639154571512781E-011  -5.2790522534254412E-012  -4.8069374926171799E-012  -1.3297657607563327E-014  -2.7160189497877075E-013   2.7835380398803990E-011  -3.6748915271572127E-012  -2.3028442906155416E-011  -2.4090118452536289E-013  -4.3727396884204561E-014  -4.1042713400693528E-013   7.6798928357325682E-012  -1.3792493221174386E-011  -4.9646325463809820E-011  -1.3733897734626013E-013  -2.8051201851461434E-012   2.8748541634439339E-010  -3.7954491678013410E-011  -2.3783909088052550E-010  -4.5008029009567605E-013   2.9248290181970615E-012  -2.0177505346888632E-011  -9.6701084599912081E-015   1.1023088174486512E-013  -4.3383354444419664E-013
  -8.3839598175889899E-013  -6.7817565081636159E-012  -3.5965137922537267E-011  -1.0567006792601930E-011   3.7698632082405489E-014  -2.0249337852906271E-015  -3.8341326630017077E-016   5.4668422631533448E-014   9.0146455783967340E-013  -9.2367054711089887E-014  -2.4009035498347705E-011  -3.7566645637110070E-013  -3.1522286764424699E-012  -1.6085211506997099E-011   9.7002758251832445E-022  -1.8867678848480464E-020   2.4499001254513161E-020   3.9924508313295734E-022   1.3197615161782864E-021  -1.7015383221601055E-021  -4.2047434736986036E-020   1.4400382252396136E-020   7.5285212261953747E-020  -2.8991981661108254E-020   1.5625490438406723E-011  -2.3171883080152957E-012   1.4252295638097455E-012  -7.6554953712897965E-014  -1.4494750940294901E-014   2.0667917697230709E-012   3.4080850027546135E-011  -3.4920213335305063E-012  -1.0267743120949280E-013  -1.6436773396836391E-014  -3.0681871128512776E-013  -2.0169221023162604E-011  -8.4918910064810706E-012   1.4719854089070380E-011  -7.9066391057486862E-013  -1.4970266474552794E-013   2.1345945002873400E-011   3.5198898774632961E-010  -3.6065799091938562E-011  -2.1373944159437683E-013  -1.7443428944571767E-012  -9.1648310971182813E-012  -7.1787220760083280E-015  -1.9219949679639845E-013  -2.1645764333715864E-013
   3.1491020344034057E-012  -1.5331187325006440E-011   1.2154582359801657E-010   3.6923242942107094E-011  -4.5299043124757351E-013   5.3330150397425761E-016  -9.4981293576871794E-015  -4.5511247554807540E-013   4.6251878222998054E-014   9.0810290676872050E-013   8.3892521052795522E-011   1.4133075482244885E-012  -6.8806092715420588E-012   5.4313952657468378E-011  -3.3590130775662762E-021   7.3100691425409429E-021  -1.0700127393907832E-019  -1.4459631321191205E-021  -6.5010224732862725E-022   5.9544648156040244E-021   1.6164173992950324E-020  -1.0437395252972000E-019  -2.8991981661108254E-020   1.5754407880290000E-019  -5.4598630900089477E-011   8.0873530354437797E-012  -1.7125769790738680E-011   2.0162256005044788E-014  -3.5908928251732827E-013  -1.7205996842155264E-011   1.7486131363485833E-012   3.4331766632863322E-011   3.7184099530326109E-013   6.5784055121651421E-014   1.5055726211569454E-012  -7.3326353680918907E-012   2.1411285943578682E-011  -1.7687594142397033E-010   2.0823694646969340E-013  -3.7086947110933744E-012  -1.7770453105257351E-010   1.8059776790937455E-011   3.5458047247648508E-010   8.0313520761327555E-013  -3.9100111436185028E-012   3.0966614387754096E-011   2.5035141138422146E-014  -1.2479340933870696E-013   7.0260386063590372E-013
  -9.1098215328545681E-011   4.4365858114886079E-010  -4.2200230680059028E-009 -0.20144495870065329        4.0110684937360596E-009   3.1220040336455197E-011  -2.9697221757888290E-010   3.8849691880364428E-009   1.4460776040404027E-009  -7.8960403212872032E-009 -0.45815915074633640        9.5070346857441303E-011  -4.6289989296748563E-010   4.4033440172426364E-009   1.8173361585197244E-012  -3.9539520794054728E-012   3.7613271319931781E-011   7.6866181737501501E-013   4.8834031223787502E-013  -3.2096802966738529E-012  -8.7005054807121877E-012   3.5639154571512781E-011   1.5625490438406723E-011  -5.4598630900089477E-011  0.29798448424512147       -9.3560243453750472E-003  -2.1539971806841785E-009  -1.6763562833857211E-011   1.5947410330784042E-010  -2.0861606356645174E-009  -7.7652552222712042E-010   4.2401255748726598E-009  -2.1889463750371079E-003  -3.1459508439141495E-004  -4.4394229260152723E-011   2.1618109726690068E-010  -2.0566073538676016E-009  -3.5815197960953462E-009  -2.7853431281756143E-011   2.6512090083524261E-010  -3.4679381351545074E-009  -1.2909348953264654E-009   7.0494272389828630E-009  -2.9488739033943533E-011   1.4365355370562678E-010  -1.3663653177532750E-009  -1.6478160712368366E-012   8.0405813820743823E-012  -7.6371532326141259E-011
   8.0915388839543334E-011  -3.9400630677262344E-010   3.7477933897346772E-009   1.0487551153146110E-002  -1.2710717989658189E-010  -9.8916644565227275E-013   9.4091322095328959E-012  -1.2309989825139743E-010  -4.5816755628246464E-011   2.5017347240635192E-010  -2.7573022633771800E-003   3.0329148990641220E-011  -1.4765949671066664E-010   1.4044582482221146E-009  -2.7571600835874498E-013   5.8480490968829536E-013  -5.5733777774545694E-012  -1.1407599537161291E-013  -7.1528384705420903E-014   4.7673215134585220E-013   1.2839659429423863E-012  -5.2790522534254412E-012  -2.3171883080152957E-012   8.0873530354437797E-012  -9.3560243453750472E-003   2.0114803451458467        4.2881050793220764E-010   3.3346221374848088E-012  -3.1745847732508267E-011   4.1516553737514846E-010   1.5457230504659867E-010  -8.4410927092722309E-010   4.0115541490668410E-005   5.0105486945256580E-006   2.6531674648606915E-011  -1.2907672531362897E-010   1.2285147502970838E-009   3.4713711960534892E-009   2.6989320898387848E-011  -2.5697020298152150E-010   3.3610777926457769E-009   1.2512434939644310E-009  -6.8326772762910469E-009   4.5435170703524702E-011  -2.2114555165394377E-010   2.1039521764279547E-009   3.0229282761703096E-013  -1.4817933654062930E-012   1.4006658746264049E-011
   6.9372903576456009E-012   1.1918939109820331E-011  -1.1337965069705784E-010   1.0560500765104427E-009   4.6256049910796480E-004   2.3859600921004303E-014  -2.2766406090315457E-013  -2.3128023358447180E-004   3.9203287515948731E-012  -2.3128026552282668E-004   2.6752213935593850E-009  -4.1747814053281806E-012  -7.3509722769637936E-013   6.9932649051502988E-012   6.2874059261399066E-013  -2.9207200364860237E-012   2.7782777483370901E-011  -4.2031898057141139E-013   4.7241737036541415E-016  -4.2385749413389323E-013   1.1148408665146208E-012  -4.8069374926171799E-012   1.4252295638097455E-012  -1.7125769790738680E-011  -2.1539971806841785E-009   4.2881050793220764E-010   1.7487606039292447E-002   7.5067264295266684E-013  -7.1408700309820446E-012  -8.7438030815157192E-003  -1.5189949176219347E-011  -8.7438029577764868E-003   9.1666817754763299E-011   1.3312724104821462E-011  -1.5999663026135850E-011   2.9160166028658989E-011  -2.7735000522915173E-010  0.18061300394119928        3.7222649210906256E-012  -3.5406636765544801E-011  -9.0306502279931769E-002  -7.5953230362261730E-011  -9.0306501661266567E-002  -8.8404395509694851E-012   3.2308786936005431E-011  -3.0732497506447580E-010  -6.1274863575635851E-013   2.0476266414813490E-012  -1.9472093506306058E-011
  -2.6378963856580973E-011   5.3928491544544099E-012   2.4539079241086485E-013   8.2185867864904800E-012   2.4199063286338073E-014   4.6256048839670658E-004  -1.6281406854161167E-012   2.2552124933087362E-014   3.4967668171320093E-013  -4.6016277576659698E-014   2.0825037876835746E-011   1.2152412999025337E-011  -2.4490183219207065E-012  -4.6598648540862044E-013   2.0023165810629349E-012   6.2759416334337034E-013  -1.3324110256917859E-014  -3.0543851043027378E-012   2.1725329739552430E-011   3.6873441480153444E-013  -4.1065262376615477E-013  -1.3297657607563327E-014  -7.6554953712897965E-014   2.0162256005044788E-014  -1.6763562833857211E-011   3.3346221374848088E-012   7.5067264295266684E-013   1.7487606078518594E-002   2.8852850151408276E-011   7.4292723291061603E-013  -5.7916264472490150E-012  -1.4936481547056529E-012   7.1168505120256808E-013   1.0303430690236129E-013   2.8069795312182491E-011  -5.4262104518365542E-012  -3.3602829284292266E-012   3.7222283246121095E-012  0.18061300413742165        1.4342871060394657E-010   3.6843050550349806E-012  -2.8794358141346895E-011  -7.4054473708609593E-012   6.1403760517633421E-012  -9.9309770080827841E-013  -2.6558677268367719E-012   5.4035602816446431E-013  -9.4123844957308125E-014  -1.7449172003149452E-013
   2.5092978568801632E-010   2.4557894079834861E-013   3.0844801678502679E-012  -7.8186303393728235E-011  -2.2766746507423431E-013  -1.6281007667029240E-012   4.6256050371325778E-004  -7.9077141757175572E-013  -1.8622226830562333E-013   1.0184482698055032E-012  -1.9807436686408814E-010  -1.1561060417513416E-010  -4.6683855907564446E-013   1.9303576518386805E-012  -1.9042988664806505E-011  -1.3163579005109050E-014   7.5338484903925016E-013  -8.4632457343771887E-012  -2.8854130149211492E-012   3.4012339882856498E-011   2.1504524153465363E-014  -2.7160189497877075E-013  -1.4494750940294901E-014  -3.5908928251732827E-013   1.5947410330784042E-010  -3.1745847732508267E-011  -7.1408700309820446E-012   2.8852850151408276E-011   1.7487605807092597E-002   3.2109318788131158E-012  -7.2586019986640136E-013   3.9297734668332294E-012  -6.7814998350156204E-012  -9.8327287597968109E-013  -2.6699367333132530E-010  -3.3581689126028400E-012   2.6196913211520725E-011  -3.5406336124503977E-011   1.4342919459742606E-010  0.18061300278815162        1.6050110796224500E-011  -3.5752279933536906E-012   1.9356076428533506E-011  -5.8395782845074101E-011  -2.6531952787031185E-012   2.4000450871917602E-011  -5.1335323702293857E-012  -1.7452500659948132E-013   1.5504938392203610E-012
  -2.4691510988963521E-012  -3.3676271097224734E-011  -1.1436965114990468E-010   1.0227963625680516E-009  -2.3128023357928238E-004   2.2345712135979226E-014  -7.9100732860210232E-013   4.6256049892517569E-004   1.0417927991519667E-012  -2.3128026533307826E-004   2.5911582518619739E-009   1.9115262444682635E-013   2.0135763853534640E-011   8.8715947299855658E-012  -2.2906370866670959E-013   2.0497330655677283E-012  -4.7508128595046102E-012   6.0104259188447256E-013   4.4240941827931666E-016  -2.9342303131522414E-013  -3.0687951160384408E-012   2.7835380398803990E-011   2.0667917697230709E-012  -1.7205996842155264E-011  -2.0861606356645174E-009   4.1516553737514846E-010  -8.7438030815157192E-003   7.4292723291061603E-013   3.2109318788131158E-012   1.7487606033269262E-002   3.4261973796004138E-011  -8.7438029517359957E-003   8.8766164107608459E-011   1.2891736617127150E-011  -5.6937430499306615E-012   7.6472316667984548E-011  -2.6376606482589312E-010  -9.0306502279978051E-002   3.6836367147617808E-012   1.6049630303096986E-011  0.18061300391134710        1.6988750038024818E-010  -9.0306501631338201E-002  -6.4028093052919912E-012   4.1908919402154615E-011  -2.9658239168292338E-010  -4.0540504732693617E-013   2.9154134347133198E-012  -1.8764893480880811E-011
   2.4531631269313299E-013   2.4978542547767345E-010  -1.5018869970984043E-011   3.8071229029267536E-010   3.9203914638550693E-012   3.4971996644015729E-013  -1.8625265472898924E-013   1.0418044185432523E-012   4.6256050458264925E-004  -4.9622103392871123E-012   9.6448722726932533E-010  -4.6527106154757352E-013  -1.1343884478549922E-010  -9.3997302502469010E-012   2.0786317558344262E-014  -8.5600654658404066E-012   1.3287950930387632E-012  -1.3408096207680530E-014   5.9409379676626929E-013  -1.4705412552308140E-014  -1.9022170540587706E-011  -3.6748915271572127E-012   3.4080850027546135E-011   1.7486131363485833E-012  -7.7652552222712042E-010   1.5457230504659867E-010  -1.5189949176219347E-011  -5.7916264472490150E-012  -7.2586019986640136E-013   3.4261973796004138E-011   1.7487605810477903E-002  -1.9072106851130076E-011   3.3012331214766485E-011   4.7964358417147535E-012  -3.3609481774582098E-012  -2.5131867172956646E-010  -1.2756551555696804E-010  -7.5952875831000176E-011  -2.8793326259564635E-011  -3.5755284132561470E-012   1.6988842454275946E-010  0.18061300280482440       -9.3935722019085512E-011  -2.6568868448330254E-012  -4.6006103311165582E-011  -1.1686692768940768E-010  -1.7509415596359405E-013  -4.3197819905109147E-012  -7.5510260559307607E-012
