  0.23124189361445538        3.3704859965113259E-017  -4.5312363689912267E-016  -1.6754684581544392E-016  -4.4941026401474541E-017  -1.2156918535487125E-017   4.4948537313231671E-017  -1.4017638987599881E-016  -2.5168467358864972E-017  -1.7167245818683830E-016   1.7191713355069021E-016  0.17158556590802629       -1.2366791354478531E-016  -5.9199917324729120E-016   6.0498001358716240E-015  -1.0539154007249509E-002  -1.6133558307339166E-015  -9.8212662023555551E-016  -5.2479789498519110E-015  -1.1998824582195161E-003   4.2165960755901326E-016  -8.6240852974671305E-016  -1.3411532697301094E-016   1.4986304286036563E-014   1.4840349569944268E-017   7.8800613879447767E-017   5.8389589576383918E-015   1.5825007430665340E-019   6.7548967966487129E-015   1.0167033493797550E-017   7.4202244758488526E-017   7.4309388189123220E-018   2.1029283012711983E-016  -3.2408609471302140E-016  -7.2596031319913489E-016  -2.2241703466207951E-016   1.7060091573051656E-016   4.2769883480257621E-016  -8.2740156459967999E-017   9.0028420566738253E-017   5.0425608146018437E-002  -7.9456277996144125E-017  -2.3494533361113037E-017  -6.7807723688809814E-015  -2.4635157170030044E-015   2.0129876296268148E-015   5.6014775833012647E-015  -1.0500557793637773E-015   1.5304579115565701E-015
   3.3704859965113259E-017  0.23124189361445882        1.2025049694916985E-016   3.5070657669169038E-016  -1.3386240509538202E-016   1.7420182332798980E-017  -2.8267451029342087E-017  -1.5306611687261877E-016  -6.7285688724644178E-018  -1.6540149121704195E-016  -1.8183703834762064E-016   4.6979516199272550E-016  0.17158556590802748       -2.2378182650886089E-015   2.3248654531611714E-015   1.8904355720203580E-015  -1.0539154007222849E-002   3.5769050809466229E-016  -1.0115228130069744E-016   2.3359901179877356E-015  -1.1998824582179813E-003   4.3272542685877635E-016   1.7685097485861807E-015  -9.6868199382577897E-017   5.5181558798929189E-015   3.8483978132612133E-016  -5.5796192882256231E-017   1.1330510357049765E-017  -4.2123091180277865E-017   1.5038657285323641E-014   3.1322689606978101E-016   6.9108223274755395E-015   7.7879369405741377E-016  -1.7319597987577486E-017   2.4239773210632751E-016  -9.7765062621055400E-017  -9.2762862180523097E-017  -2.4595488708806052E-016  -3.7298751533292333E-017   1.5987250819363311E-016   5.7958298347585284E-017   5.0425608146020436E-002   3.1030720819545161E-016   2.0387660301281928E-015  -1.1929337108084422E-015  -1.1077312329956462E-015  -3.3860000989640404E-015  -4.1641296705126348E-016   9.5146958586545194E-016
  -4.5312363689912267E-016   1.2025049694916985E-016  0.23124189361446135       -1.1599125767387465E-015   1.2861481410837554E-016  -3.3285307595944741E-017  -4.1160343003000701E-017   2.6108637045068302E-016  -1.3739219255413866E-016   1.3877546985962995E-016  -2.0747643846071968E-015   2.1693412178760178E-016   1.3056084672918940E-015  0.17158556590803201       -3.2936274109045070E-015   2.2844163067676847E-015  -7.4918892455730353E-016  -1.0539154007246327E-002   8.8250777492037268E-015   1.6241867241222180E-015   6.5449978415733279E-016  -1.1998824582171498E-003   2.9887983493506991E-016  -1.3717594931685953E-016  -2.3487243156698069E-016   4.2937332023682297E-015  -1.4807942863166885E-016   1.2644952319063355E-017  -3.1168301187392277E-017  -5.6772715834369066E-016   4.5440684273884436E-015  -2.6045872263403277E-016   1.2474532905207713E-014  -7.2676825440967260E-016   6.8574988664398403E-016  -1.2946609870850700E-016  -1.6418361298884024E-016  -1.7166011076525335E-016   1.4080128581301260E-016  -4.7862207454555577E-016  -3.2204974616048630E-017  -3.4039469749916670E-016   5.0425608146018090E-002   7.0329315858059636E-015  -1.5458498917025497E-015  -2.0204898278999807E-015  -2.2035134410593743E-015   1.0520481301975086E-015  -5.5334367869979662E-015
  -1.6754684581544392E-016   3.5070657669169038E-016  -1.1599125767387465E-015  0.14292444226308237        1.3305738177071074E-014  -1.3220976779550431E-016   7.4715535818451684E-016   6.3016381492192422E-015   5.7829796429139620E-017   7.5515628809612691E-015  0.32477452778365412        1.4814090383064172E-017   5.3256074365060351E-016  -5.3995924732786635E-016   2.1736777016651099E-003  -3.4357240345249139E-015  -5.3174333766043525E-015  -2.1738978941138154E-015  -1.0332867084057150E-003  -5.1511468610932554E-016  -1.2381706884372993E-015  -2.4789501826030132E-015  -1.1694742659788071E-004   2.5837685975056587E-016  -1.6715373791133710E-016  -6.6755138544824575E-017   2.2826616564882975E-017   3.7324329928380735E-017  -4.5507374620967151E-018  -2.5460063588677187E-016  -2.7623304916544540E-017  -1.1080915805681500E-016  -7.6038305183892422E-017  0.16603115994751938       -2.8956625702872516E-015  -4.7445965634457188E-016   1.4860346000884688E-016   2.1563859065107601E-014   1.0994553611544797E-016   3.1619756662724579E-014   8.6131565873321024E-018  -2.5419773894461078E-016   3.5835564138767439E-016  -3.2346696695933378E-014  -2.8677813118730421E-015   3.7462978018518239E-015  -5.3724947257679215E-014   1.7785034137631649E-015   1.5648449753698486E-013
  -4.4941026401474541E-017  -1.3386240509538202E-016   1.2861481410837554E-016   1.3305738177071074E-014   6.8895601570153248E-006   6.9919995196116080E-018   1.3071357228215494E-018  -3.4447800785169383E-006   5.5380067454248389E-018  -3.4447800785022795E-006   3.1364304971894261E-014   8.3665908038485430E-018  -1.1018133467524037E-016   7.6563505817841883E-017  -2.5954839522768708E-014  -5.6578691100686028E-016  -8.1200911329804849E-016   1.4786888803487891E-015  -1.1295336465664673E-014  -9.0404764494961230E-016  -2.1344910190359851E-015   1.1446493692414559E-015  -3.1645608313681133E-015  -5.6320844787876136E-018   1.9682555326348824E-018  -2.8860695750595449E-018  -2.0084987757442179E-018   5.1180171339770156E-019  -5.1886042132088109E-018  -1.5945026254641277E-018  -2.5873682929550659E-018   1.4013455115695759E-018  -7.1824692023000494E-018   1.4206088786660063E-014   3.2025690344277561E-004   1.3540950763394563E-016  -7.1781757484240146E-017  -1.6012845172164885E-004   1.4067982934983936E-016  -1.6012845172115801E-004  -5.6259144084960356E-017  -7.1908597723506284E-017   1.2260143326297318E-016   3.5915650979915386E-003   1.5230074849314412E-015  -7.8628136199708784E-016  -1.7957825489978902E-003   1.5824591790171014E-015  -1.7957825489936993E-003
  -1.2156918535487125E-017   1.7420182332798980E-017  -3.3285307595944741E-017  -1.3220976779550431E-016   6.9919995196116080E-018   6.8895601570227431E-006  -1.9620937645757538E-018  -3.9832339560222911E-018   9.8089243215773058E-019  -3.9079080977103684E-018  -2.7949330630088846E-016   3.1521991471530807E-018   1.4892111243408468E-017  -7.1619956363168045E-018   3.9112240062114883E-016   5.9451703654348149E-016  -1.0340510015529870E-015   3.5359891573596755E-016  -6.4414682304215147E-016  -7.2927092703758275E-017  -1.3134815791688196E-015   1.7240640843435110E-015   1.2994851551270165E-015  -1.3934261835236964E-018   2.0560065236082657E-019  -4.2940629920437612E-018   8.4620525129680847E-019  -2.7344750676530314E-019  -1.4172720307186898E-018   2.2345106498613697E-018  -2.2729046448264183E-018   3.0537038821137396E-019  -1.0293827502823971E-017  -1.4335771429068136E-016   1.8824826826227269E-016   3.2025690344309143E-004  -4.6877260027472171E-017  -1.5046505339591886E-016  -1.6653278202311621E-017  -3.9193676924788493E-017   2.7774592963508936E-017  -5.4872302683484680E-017   1.1084437572827983E-017   2.1213103454250596E-015   3.5915650979934481E-003  -5.4669613410248809E-016  -1.6473363044184469E-015  -1.6242448363175267E-016  -4.7071648464040962E-016
   4.4948537313231671E-017  -2.8267451029342087E-017  -4.1160343003000701E-017   7.4715535818451684E-016   1.3071357228215494E-018  -1.9620937645757538E-018   6.8895601570197082E-006  -9.7273313293461486E-018   1.2872246789269722E-017   3.6733215371623465E-018   1.6900810289608020E-015   2.5218299182450998E-017  -1.6276712543695600E-017  -1.7203519124802369E-017  -7.9579676084544356E-016   7.9987124532909896E-016   3.0589868621131726E-016   4.8470957850745576E-016   1.1917842538706999E-015  -2.8920572989256173E-016   5.1698274260121161E-016  -5.2614822738143894E-016   1.4850112242559951E-015  -1.4668398714122719E-018  -1.2758734377124619E-020  -5.1239862902615006E-019  -2.5702244235580451E-018   5.6210633858751706E-019   5.1476509172869367E-019  -5.6201368520524767E-019   2.1257866517453061E-019  -2.0612329261842339E-018  -2.8029956890238772E-018   8.4013976937999193E-016   1.2880276645064826E-016  -4.0943721440062909E-017   3.2025690344302481E-004  -2.3336345325951319E-016   4.9852833500745172E-016   9.7366291703157962E-017   6.1746404318764989E-017   1.0544108926197634E-017   1.0137401754716545E-017   1.4672790962191299E-015  -4.7910658421096193E-016   3.5915650979926566E-003  -2.6003052801056430E-015   5.5729931635901905E-015   1.1367735899943394E-015
  -1.4017638987599881E-016  -1.5306611687261877E-016   2.6108637045068302E-016   6.3016381492192422E-015  -3.4447800785169383E-006  -3.9832339560222911E-018  -9.7273313293461486E-018   6.8895601570004695E-006  -4.3148166974907398E-018  -3.4447800784795002E-006   1.5049967876457200E-014  -1.3288016657255529E-016  -9.7254142167114179E-017   1.8722180972193665E-016  -6.5364262252252892E-014   2.1698963266950005E-015  -6.7204755995394067E-016  -2.0218503026194407E-016  -1.6166603779074882E-014   6.1173759629955308E-016  -6.8050272580697652E-016  -2.5961665648018982E-017  -3.9755903371559193E-015   3.6412824807394565E-018  -3.1783858590991285E-018   5.5833172575695501E-018   2.5722802972219531E-019  -7.8391274805319727E-020   2.5374045082265321E-018  -6.1093222201408829E-019   3.7818493164775384E-018  -5.0063313663069831E-019   7.4029931828556037E-018   5.8750420394006855E-015  -1.6012845172166286E-004  -3.6646380845869208E-017  -2.1755826845012064E-016   3.2025690344253529E-004  -3.3205345893593562E-017  -1.6012845172083537E-004   1.0292573559805179E-016  -7.4982591672700777E-017   4.2336356779549005E-017  -1.7957825489984399E-003  -4.2625617522526884E-016  -2.4663096971081717E-015   3.5915650979876927E-003  -3.9171213346321062E-016  -1.7957825489891409E-003
  -2.5168467358864972E-017  -6.7285688724644178E-018  -1.3739219255413866E-016   5.7829796429139620E-017   5.5380067454248389E-018   9.8089243215773058E-019   1.2872246789269722E-017  -4.3148166974907398E-018   6.8895601570042346E-006  -8.4210295080534802E-019   1.2632619027556264E-016  -1.6318266207416697E-017  -1.5598882667264447E-018  -1.1571925281906386E-016  -1.5250852297438541E-015  -4.6023179206023831E-016   1.6277465784534276E-015   1.1976581233430276E-015   7.3963535598371337E-017  -7.4493297768305272E-016   6.2448103437838515E-016  -2.8442357884813784E-016  -2.7998712803448715E-015  -7.2267040290802726E-020  -1.0313226307499694E-018   7.3852357965239546E-019  -2.5762010123457740E-019   5.6648647976381850E-019   5.2986433400588378E-019  -1.9170047823258165E-018   2.7948416625390939E-018  -1.5579222972580914E-018   4.8034270767074663E-018   2.7740181663390500E-017   1.1611745462161615E-016   5.8919969153033841E-017   9.4089773048489868E-017  -1.6415399917860485E-016   3.2025690344267364E-004   5.0623913400659593E-017  -3.1704348412391539E-017   9.2003989538283878E-017   4.1276050006188464E-017   1.3064731602005694E-015   6.7429393166559504E-016   1.1396753925225932E-015  -1.8538465103792904E-015   3.5915650979886156E-003   5.5450286620040305E-016
  -1.7167245818683830E-016  -1.6540149121704195E-016   1.3877546985962995E-016   7.5515628809612691E-015  -3.4447800785022795E-006  -3.9079080977103684E-018   3.6733215371623465E-018  -3.4447800784795002E-006  -8.4210295080534802E-019   6.8895601569816417E-006   1.6039592965217338E-014  -1.4367876876698168E-016  -1.2730999196532866E-016   1.2556641891135022E-016  -4.1182371684633892E-014   1.1311885449415470E-015   6.9535373212297386E-016   9.1210304517638202E-016  -1.7366586847526921E-014   8.1055267402656846E-016  -1.9386801347034242E-016  -3.0707149180322604E-016  -8.0788915487260791E-015   1.9908019979482136E-018   1.2101303263523512E-018  -2.6972476826421956E-018   1.7512707460108422E-018  -4.3341043859541979E-019   2.6511997049733822E-018   2.2054348472463064E-018  -1.1944810235268901E-018  -9.0071237502996177E-019  -2.2052398077635263E-019   8.0920134846602610E-015  -1.6012845172129372E-004  -1.4055921152728331E-016   6.8684558351532287E-017  -1.6012845172069901E-004  -8.9759892823358311E-017   3.2025690344198696E-004   3.5356972277017679E-017   1.8416648502877265E-018   8.0207645273961833E-017  -1.7957825489951283E-003  -1.5654793050935961E-015   7.7801987908556101E-016  -1.7957825489877009E-003  -9.9208426897718303E-016   3.5915650979827683E-003
   1.7191713355069021E-016  -1.8183703834762064E-016  -2.0747643846071968E-015  0.32477452778365412        3.1364304971894261E-014  -2.7949330630088846E-016   1.6900810289608020E-015   1.5049967876457200E-014   1.2632619027556264E-016   1.6039592965217338E-014  0.73806295010791867        5.2053776857023446E-016   5.0150306887687586E-016  -8.6869130041629115E-016  -5.9225567384593655E-003   1.3329372973549760E-015   1.4227861760611244E-014  -2.3528401798474155E-015  -1.9653691057006629E-003  -1.0675243035758983E-015   4.0783607930032591E-015  -3.4089129974322059E-017  -2.9446747607801444E-004   5.8685511759489901E-016  -3.8466709815582718E-016  -1.5920350424333642E-016   5.3213965518832123E-017   8.3949264891695694E-017  -7.2300725835914903E-018  -5.9412427772912534E-016  -6.2310369998918808E-017  -2.5447451098485995E-016  -1.8726844760033003E-016  0.37700375920775803        3.9373312686378588E-014  -1.5141395095633161E-018  -2.4597403211135633E-016   6.6007184811328550E-014  -3.9301415666553913E-016   9.7544389331580123E-015   6.2754688919411822E-016   7.3997661678972233E-016   1.1479071532867165E-015   4.3730353510572757E-013   5.5981599912922309E-015   2.0222106456795055E-015   6.8779202574761900E-014  -3.0762440251063488E-015  -3.4554999232750135E-013
  0.17158556590802629        4.6979516199272550E-016   2.1693412178760178E-016   1.4814090383064172E-017   8.3665908038485430E-018   3.1521991471530807E-018   2.5218299182450998E-017  -1.3288016657255529E-016  -1.6318266207416697E-017  -1.4367876876698168E-016   5.2053776857023446E-016  0.12732258016021397        2.3554187150906072E-016  -2.1810085015856209E-017  -1.0873607878409712E-014  -1.0214619116599700E-002   2.8868528093636743E-015  -3.3313033736151252E-015   6.9255208931075807E-015  -7.9589308270631921E-004  -1.9409151346836710E-016  -2.5151468772191945E-017   1.0772471646447117E-015   1.1187299093922390E-014   1.0347210492842104E-017   5.7436777710802003E-017   4.3597411546652712E-015   7.1258919966391377E-019   5.0347737841436052E-015   8.9343148959866011E-018   5.5130981410567402E-017   4.9300034804168414E-018   1.5872630857664409E-016  -4.7772869289697819E-016   1.3674343121772329E-015   4.3713243973581938E-016  -2.0312481761375390E-016  -8.9564724490894728E-016   2.2268053109429274E-017  -6.2412183488623801E-016   3.7275725013132865E-002   2.8012496452538642E-016  -4.9443603318535992E-017   1.6346586833382789E-014   4.9104514219513978E-015  -2.2031295077636082E-015  -9.4580524555042173E-015   1.6069839510130120E-016  -6.6246175641494711E-015
  -1.2366791354478531E-016  0.17158556590802748        1.3056084672918940E-015   5.3256074365060351E-016  -1.1018133467524037E-016   1.4892111243408468E-017  -1.6276712543695600E-017  -9.7254142167114179E-017  -1.5598882667264447E-018  -1.2730999196532866E-016   5.0150306887687586E-016   2.3554187150906072E-016  0.12732258016021425       -7.6044238625599559E-016  -7.3442834751207096E-015  -6.3334093863379978E-016  -1.0214619116708847E-002  -9.0519862650920755E-015  -7.4072511389821385E-016   1.2946776699933041E-016  -7.9589308270686544E-004  -4.0395545092723207E-015  -1.3352537947588924E-015  -7.2149101192460055E-017   4.0978709950551432E-015   2.8908154477287573E-016  -4.1472855970503816E-017   8.6283061274868055E-018  -3.1009952935610477E-017   1.1163741409577922E-014   2.3559417599366659E-016   5.1303488457008757E-015   5.8714499323013662E-016   7.3973976396250740E-017  -3.6835163637755453E-016  -4.0911407963961128E-017   1.6795506567239410E-016   5.3872449429718043E-016   2.2883402744043265E-016  -4.9870337457118703E-017  -1.0640717879142814E-016   3.7275725013126433E-002  -4.9164344386578211E-017  -4.6273404542462283E-015  -5.1420032727066689E-016   1.8163597569572000E-015   5.5641254868242676E-015   2.5464921960895787E-015  -1.2140158822827192E-015
  -5.9199917324729120E-016  -2.2378182650886089E-015  0.17158556590803201       -5.3995924732786635E-016   7.6563505817841883E-017  -7.1619956363168045E-018  -1.7203519124802369E-017   1.8722180972193665E-016  -1.1571925281906386E-016   1.2556641891135022E-016  -8.6869130041629115E-016  -2.1810085015856209E-017  -7.6044238625599559E-016  0.12732258016021919        6.6067123978587940E-015  -1.2636088152654109E-015   1.0615306293502930E-014  -1.0214619116620570E-002  -1.4238578310818853E-014  -9.9947243224443727E-016   2.2910399919185853E-016  -7.9589308270549826E-004  -1.2692262663144903E-016  -1.0458033792609114E-016  -1.7363949118722730E-016   3.2087436169442407E-015  -1.1298531047304899E-016   9.9279213355679105E-018  -2.3982290460421774E-017  -4.2641359165536417E-016   3.3927699207778497E-015  -1.9421241280731281E-016   9.2993277427789345E-015   7.2564715304247976E-017  -2.8342180657460739E-016   7.3329538919528698E-016   5.2730819126018776E-016  -4.4370026965679087E-016  -4.6307453640258574E-016   7.4857673055374202E-016  -2.5331393294058818E-016  -1.1472244016114168E-016   3.7275725013131540E-002  -3.6536892852516835E-015   8.1818128438501206E-015   5.7814138578158874E-015  -5.1557077553707488E-015  -5.5963177418418038E-015   8.2858743250811950E-015
   6.0498001358716240E-015   2.3248654531611714E-015  -3.2936274109045070E-015   2.1736777016651099E-003  -2.5954839522768708E-014   3.9112240062114883E-016  -7.9579676084544356E-016  -6.5364262252252892E-014  -1.5250852297438541E-015  -4.1182371684633892E-014  -5.9225567384593655E-003  -1.0873607878409712E-014  -7.3442834751207096E-015   6.6067123978587940E-015   1.9313357631448476       -5.6557285930926570E-015   1.7721498633019292E-014   6.3648969197356364E-015  -7.5772328648240640E-005  -2.7480846853281593E-015   1.0359381888136345E-014   4.6867079267640369E-015  -4.7020217064196834E-006   1.2277071462628387E-016   8.7195199748576790E-016   1.3588983796294517E-015  -2.3910015237423994E-016   1.5301569591193534E-016  -5.3755759821373269E-016   2.7351337573068029E-015  -1.1322523901096802E-016   5.1582802922992611E-016   2.6040453250427340E-015   5.1814179559524443E-002  -3.9083145708407762E-014   1.0967467272211573E-015   7.0959357042732665E-016  -5.5926264513133463E-015   8.7988282460689266E-016  -1.1204179978987759E-013   1.0028240565841503E-014   3.7465336034913295E-015  -1.0674564871921699E-014   3.8185083338479828E-013   4.3597474742655622E-015  -1.3011497877731534E-015  -8.0894078627735113E-014  -6.1998146174213368E-015  -4.0409877938067569E-013
  -1.0539154007249509E-002   1.8904355720203580E-015   2.2844163067676847E-015  -3.4357240345249139E-015  -5.6578691100686028E-016   5.9451703654348149E-016   7.9987124532909896E-016   2.1698963266950005E-015  -4.6023179206023831E-016   1.1311885449415470E-015   1.3329372973549760E-015  -1.0214619116599700E-002  -6.3334093863379978E-016  -1.2636088152654109E-015  -5.6557285930926570E-015   1.8754145427856399        1.9134617656446901E-015  -2.0554891003366112E-015   8.1825300567913541E-015   3.9792794003393580E-005  -4.6104218937466285E-016  -2.7722998596129212E-016   1.1754761583051257E-015  -5.3410375303745873E-014   6.0258949139819846E-016   7.5973852588914925E-016  -2.1594362444344661E-014  -4.6668002703448008E-016  -1.7921563199958888E-014  -1.2046160004967293E-015  -4.4175290263900136E-017   4.7672498307906441E-016  -2.1000951537660875E-015  -1.7565424276551761E-015   9.8913006585098602E-016  -7.0533928166390691E-016  -1.3156289515152929E-016  -1.4120999218615126E-015   1.5920652591282834E-016  -1.2868285253916155E-015  0.10805613711424698        2.3265425727804468E-016   8.6989006075003555E-016   9.5532914476364560E-015   3.7078307736973784E-015  -2.2168525129712387E-015  -7.1012835044443629E-015   1.4082897255307641E-016  -5.1017741232840478E-015
  -1.6133558307339166E-015  -1.0539154007222849E-002  -7.4918892455730353E-016  -5.3174333766043525E-015  -8.1200911329804849E-016  -1.0340510015529870E-015   3.0589868621131726E-016  -6.7204755995394067E-016   1.6277465784534276E-015   6.9535373212297386E-016   1.4227861760611244E-014   2.8868528093636743E-015  -1.0214619116708847E-002   1.0615306293502930E-014   1.7721498633019292E-014   1.9134617656446901E-015   1.8754145427855196       -2.7923128967573203E-015   6.5862155065948724E-015   9.9719379229647393E-016   3.9792793997486860E-005  -2.9389648659053968E-015  -1.0302110988743133E-015   2.1853360990737088E-016  -2.8841995592621909E-015  -2.7958651597053966E-015   5.3618290162185232E-017  -1.6573524143092047E-016  -1.8712754387576478E-016  -4.5768296370342553E-015  -2.4545683427324235E-015  -2.2455206743779293E-015  -7.3877125246083967E-015  -6.8983767290838269E-015  -1.4008060802056893E-016   1.0435341189681420E-015  -1.1598154550641028E-015  -1.0543070307796240E-015  -1.3627999150193326E-015  -2.5287682352783150E-015  -2.2643347790680257E-015  0.10805613711427563        7.1337326575997686E-016  -7.9439849960258774E-015  -1.2483664471993721E-015   7.9702744936207730E-016  -1.8450924916130440E-015   1.7233057458684652E-015  -3.7263813931672223E-015
  -9.8212662023555551E-016   3.5769050809466229E-016  -1.0539154007246327E-002  -2.1738978941138154E-015   1.4786888803487891E-015   3.5359891573596755E-016   4.8470957850745576E-016  -2.0218503026194407E-016   1.1976581233430276E-015   9.1210304517638202E-016  -2.3528401798474155E-015  -3.3313033736151252E-015  -9.0519862650920755E-015  -1.0214619116620570E-002   6.3648969197356364E-015  -2.0554891003366112E-015  -2.7923128967573203E-015   1.8754145427856455       -1.0106928900916363E-014   4.0254785096874416E-016  -1.1650043709455303E-015   3.9792794001939854E-005   1.5524592042953093E-015   2.2021503497433607E-015  -4.8154324628898880E-016  -1.8054548568649716E-014   2.4517551657941892E-015  -4.2419274166592400E-016   6.6922437762245493E-016   4.1293881257009133E-015  -1.6757493457557882E-014   7.7879053519603310E-016  -3.4443420364750015E-014  -3.1083626784954397E-015   4.8273524424264137E-016   2.2700054699508212E-015   5.5267331224889449E-016   2.0158454971546468E-015  -9.8661058367953753E-016   1.4418761914261777E-015  -5.5829473271474035E-016   4.7572440106375661E-015  0.10805613711423846       -4.4460021944288044E-015   3.8989916999507928E-015   5.5929528151794096E-015   1.2012389763244692E-015  -1.7483778606820799E-015   3.9801076422218965E-015
  -5.2479789498519110E-015  -1.0115228130069744E-016   8.8250777492037268E-015  -1.0332867084057150E-003  -1.1295336465664673E-014  -6.4414682304215147E-016   1.1917842538706999E-015  -1.6166603779074882E-014   7.3963535598371337E-017  -1.7366586847526921E-014  -1.9653691057006629E-003   6.9255208931075807E-015  -7.4072511389821385E-016  -1.4238578310818853E-014  -7.5772328648240640E-005   8.1825300567913541E-015   6.5862155065948724E-015  -1.0106928900916363E-014   2.0003378899939976        1.3180985155780597E-015   5.7580254045160514E-015   3.2223937182252919E-017   3.0550383052006584E-007   2.1008234733852308E-015   4.4317239192051745E-016   7.4548725511367132E-016  -3.7311953180428112E-017  -5.0191749947882722E-017   4.7961973639259168E-016  -9.6222165228691721E-016  -7.6723032892302943E-016   1.2110593600317218E-015   9.2728119641584118E-016  -1.9172849895319284E-003  -3.1301522974302951E-014   1.8749674528500513E-015  -1.2267565797929111E-015  -4.0069731916037922E-014  -5.7611882545171161E-016  -4.8608816026381786E-014  -7.0859910413907590E-015   1.5149212676435245E-015   9.8729646569526171E-015   2.1127856793191169E-014   2.9940463061167707E-016  -3.7408218287054434E-016  -1.1633302703205101E-013  -1.6535536164607189E-015  -1.9915053855418911E-013
  -1.1998824582195161E-003   2.3359901179877356E-015   1.6241867241222180E-015  -5.1511468610932554E-016  -9.0404764494961230E-016  -7.2927092703758275E-017  -2.8920572989256173E-016   6.1173759629955308E-016  -7.4493297768305272E-016   8.1055267402656846E-016  -1.0675243035758983E-015  -7.9589308270631921E-004   1.2946776699933041E-016  -9.9947243224443727E-016  -2.7480846853281593E-015   3.9792794003393580E-005   9.9719379229647393E-016   4.0254785096874416E-016   1.3180985155780597E-015   2.0001083314508379        6.9142156320759203E-017  -1.4135011709912534E-016   1.5274381025976156E-016  -3.0114916246375800E-015   2.2412221027393520E-015  -1.2683951386333838E-015  -2.2887292935081904E-015  -1.6915700345291096E-017   5.5004407759577374E-016  -3.1258349973675613E-015   4.1291263490900899E-016   5.3691365675659160E-016   3.3011573598883395E-016   1.5411744066134804E-015   4.8249812875446652E-016  -2.2237606692251792E-016   1.7200868104791578E-016  -4.4666466715143993E-016   9.0799302956756069E-016  -4.1132851757964590E-016  -1.0743052155093584E-003  -7.2386605844762664E-016  -8.5906574730759303E-016   1.6690493764519483E-015   5.9706999384675819E-016  -6.8008752641878352E-016  -9.5455690039468194E-016  -3.2332665445633218E-016  -1.0523035747301915E-015
   4.2165960755901326E-016  -1.1998824582179813E-003   6.5449978415733279E-016  -1.2381706884372993E-015  -2.1344910190359851E-015  -1.3134815791688196E-015   5.1698274260121161E-016  -6.8050272580697652E-016   6.2448103437838515E-016  -1.9386801347034242E-016   4.0783607930032591E-015  -1.9409151346836710E-016  -7.9589308270686544E-004   2.2910399919185853E-016   1.0359381888136345E-014  -4.6104218937466285E-016   3.9792793997486860E-005  -1.1650043709455303E-015   5.7580254045160514E-015   6.9142156320759203E-017   2.0001083314508215        1.1220131676613366E-016  -3.0249061415854993E-016   4.8206184420676268E-017  -1.3024641157766759E-015  -5.1924115691294117E-016  -1.2406502407567109E-016   2.0912322157661824E-016   9.9811185870551603E-017  -3.8320892074456633E-015   1.2253081138506146E-015  -1.4907959354973327E-015  -2.6053417250966322E-015   6.1535125038334810E-015  -4.4431927253653826E-017   5.1193780484645216E-016  -9.0291642924590394E-016  -2.3900989507370068E-015  -9.3326831501850982E-016  -2.4759720264792983E-015   2.7253978586132150E-016  -1.0743052155072802E-003   1.1570318917052239E-015  -6.5565601590500886E-015  -7.9852367946877144E-016  -3.2432744395099895E-016  -5.6087213949727968E-015   6.6771539003503950E-016  -5.8280945263127438E-015
  -8.6240852974671305E-016   4.3272542685877635E-016  -1.1998824582171498E-003  -2.4789501826030132E-015   1.1446493692414559E-015   1.7240640843435110E-015  -5.2614822738143894E-016  -2.5961665648018982E-017  -2.8442357884813784E-016  -3.0707149180322604E-016  -3.4089129974322059E-017  -2.5151468772191945E-017  -4.0395545092723207E-015  -7.9589308270549826E-004   4.6867079267640369E-015  -2.7722998596129212E-016  -2.9389648659053968E-015   3.9792794001939854E-005   3.2223937182252919E-017  -1.4135011709912534E-016   1.1220131676613366E-016   2.0001083314508143        6.4019151688737977E-016   2.3168577433391775E-016   2.4215014247789969E-016  -1.9033262597931898E-015   3.1062913620785475E-016   8.8164940532380011E-017  -4.3128585757134768E-017   1.9170143925201459E-015  -3.0883008542118411E-015   6.7811234467299414E-016  -5.4799912719068723E-015  -1.1885178103821258E-015  -2.7891015454372167E-016  -5.9562440833470408E-016  -6.0702863409575626E-017   8.9535889372743485E-016   4.4193920389928580E-016   3.0100273316148833E-015  -1.1437169131748438E-016   1.8120076179405079E-015  -1.0743052155065440E-003  -2.4005502535491190E-015   4.2675584661590171E-016   4.2958493459816063E-016  -1.3771000663958042E-015   6.2974004154039897E-016  -1.0984323724051722E-015
  -1.3411532697301094E-016   1.7685097485861807E-015   2.9887983493506991E-016  -1.1694742659788071E-004  -3.1645608313681133E-015   1.2994851551270165E-015   1.4850112242559951E-015  -3.9755903371559193E-015  -2.7998712803448715E-015  -8.0788915487260791E-015  -2.9446747607801444E-004   1.0772471646447117E-015  -1.3352537947588924E-015  -1.2692262663144903E-016  -4.7020217064196834E-006   1.1754761583051257E-015  -1.0302110988743133E-015   1.5524592042953093E-015   3.0550383052006584E-007   1.5274381025976156E-016  -3.0249061415854993E-016   6.4019151688737977E-016   1.9999962182401301        9.1411667885811764E-017   9.0128137654207627E-017   4.4734030722263693E-016  -2.9867774625058358E-016  -1.5367780086952607E-016   2.6162433986805370E-016  -4.5629803097834717E-016   1.9686466074719453E-015  -1.4490267351573006E-016   5.4419012599533839E-016  -7.8611364529188190E-005  -5.9897022580988175E-015  -5.5030746709484619E-016  -2.7417540489269686E-016  -6.5884096431645709E-015   2.0849419038597280E-015  -1.6423173765480984E-015  -1.0896076257206010E-015   1.7478799251804785E-015  -2.5376975120497275E-015   1.7199436821753116E-014   6.3216875776332897E-016   1.1754838037030226E-016  -2.3309597127815267E-015  -1.6166071582772483E-015  -1.9299634955175125E-014
   1.4986304286036563E-014  -9.6868199382577897E-017  -1.3717594931685953E-016   2.5837685975056587E-016  -5.6320844787876136E-018  -1.3934261835236964E-018  -1.4668398714122719E-018   3.6412824807394565E-018  -7.2267040290802726E-020   1.9908019979482136E-018   5.8685511759489901E-016   1.1187299093922390E-014  -7.2149101192460055E-017  -1.0458033792609114E-016   1.2277071462628387E-016  -5.3410375303745873E-014   2.1853360990737088E-016   2.2021503497433607E-015   2.1008234733852308E-015  -3.0114916246375800E-015   4.8206184420676268E-017   2.3168577433391775E-016   9.1411667885811764E-017   2.4691126769200474E-027  -2.4110522651524118E-029  -3.3913734599909628E-029   9.8641076727486816E-028   1.2203883195853190E-029   9.3792220160698420E-028   3.7078501379854592E-029  -1.5339779107872611E-029  -1.5364603205025906E-029   3.3136059372060305E-029   3.0243243563491788E-016  -2.6180393145664701E-016  -6.4772546364972102E-017  -6.8185135821840979E-017   1.6926274323626749E-016  -3.3592882594318812E-018   9.2541188220404916E-017   1.6575742287703945E-016  -8.5403217313554101E-018   9.9238636263849129E-017  -2.9360362028994454E-015  -7.2640063127961425E-016  -7.6467158517683281E-016   1.8982203176954220E-015  -3.7673200286837751E-017   1.0378158852039852E-015
   1.4840349569944268E-017   5.5181558798929189E-015  -2.3487243156698069E-016  -1.6715373791133710E-016   1.9682555326348824E-018   2.0560065236082657E-019  -1.2758734377124619E-020  -3.1783858590991285E-018  -1.0313226307499694E-018   1.2101303263523512E-018  -3.8466709815582718E-016   1.0347210492842104E-017   4.0978709950551432E-015  -1.7363949118722730E-016   8.7195199748576790E-016   6.0258949139819846E-016  -2.8841995592621909E-015  -4.8154324628898880E-016   4.4317239192051745E-016   2.2412221027393520E-015  -1.3024641157766759E-015   2.4215014247789969E-016   9.0128137654207627E-017  -2.4110522651524118E-029   1.4163980348467078E-028   1.0402987091538874E-029  -1.1141618194915850E-029   2.9331542890552911E-031  -7.2313401986641853E-030   3.6436651632486356E-028   7.5529184078382231E-030   1.7063807871918962E-028   2.2653923496999325E-029  -1.7201502077533741E-016   9.1493129852970070E-017   9.5572179890528963E-018  -5.9308180344630643E-019  -1.4774528271344751E-016  -4.7940388739841364E-017   5.6252152860312264E-017   3.7833330201672384E-017   1.0488751154170075E-015  -8.0287670299717884E-017   1.0260622904721845E-015   1.0718073582293897E-016  -6.6511974687289430E-018  -1.6569097967345663E-015  -5.3763408417160146E-016   6.3084750626215432E-016
   7.8800613879447767E-017   3.8483978132612133E-016   4.2937332023682297E-015  -6.6755138544824575E-017  -2.8860695750595449E-018  -4.2940629920437612E-018  -5.1239862902615006E-019   5.5833172575695501E-018   7.3852357965239546E-019  -2.6972476826421956E-018  -1.5920350424333642E-016   5.7436777710802003E-017   2.8908154477287573E-016   3.2087436169442407E-015   1.3588983796294517E-015   7.5973852588914925E-016  -2.7958651597053966E-015  -1.8054548568649716E-014   7.4548725511367132E-016  -1.2683951386333838E-015  -5.1924115691294117E-016  -1.9033262597931898E-015   4.4734030722263693E-016  -3.3913734599909628E-029   1.0402987091538874E-029   2.6632172555660781E-028  -3.2108815463351958E-029   4.3712969704952003E-030  -9.0639460312489626E-030  -1.8598569531257634E-029   2.5333358798401327E-028   2.0205862886956108E-030   5.8679588399353813E-028  -4.3094574080424636E-017  -1.3415714271306001E-016  -1.9960683783537229E-016  -2.3818530431267829E-017   2.5953701761995652E-016   3.4329807615573786E-017  -1.2537987490708049E-016   6.2626095981643024E-017  -7.9396136108644617E-017  -1.1405796943148638E-016  -1.5045237315242528E-015  -2.2385183406910960E-015  -2.6711618598299286E-016   2.9106135858428000E-015   3.8499634989063529E-016  -1.4060898543186665E-015
   5.8389589576383918E-015  -5.5796192882256231E-017  -1.4807942863166885E-016   2.2826616564882975E-017  -2.0084987757442179E-018   8.4620525129680847E-019  -2.5702244235580451E-018   2.5722802972219531E-019  -2.5762010123457740E-019   1.7512707460108422E-018   5.3213965518832123E-017   4.3597411546652712E-015  -4.1472855970503816E-017  -1.1298531047304899E-016  -2.3910015237423994E-016  -2.1594362444344661E-014   5.3618290162185232E-017   2.4517551657941892E-015  -3.7311953180428112E-017  -2.2887292935081904E-015  -1.2406502407567109E-016   3.1062913620785475E-016  -2.9867774625058358E-016   9.8641076727486816E-028  -1.1141618194915850E-029  -3.2108815463351958E-029   3.9780382364095442E-028   4.3362313048736411E-030   3.7230331166524228E-028   2.0924365254393266E-029  -2.3653152182549197E-029  -5.8588460670593740E-030  -2.3800799780455278E-029   2.0410771569126991E-017  -9.3363811888442554E-017   3.9335322906448736E-017  -1.1947527799739998E-016   1.1957084400897335E-017  -1.1975309600028511E-017   8.1406727487606106E-017   1.8853551933079048E-017  -9.1105120097913859E-018   1.1149087930143443E-016  -1.0470413114886704E-015   4.4113138967559671E-016  -1.3398719400431894E-015   1.3409436782235613E-016  -1.3429875682524199E-016   9.1294694366638620E-016
   1.5825007430665340E-019   1.1330510357049765E-017   1.2644952319063355E-017   3.7324329928380735E-017   5.1180171339770156E-019  -2.7344750676530314E-019   5.6210633858751706E-019  -7.8391274805319727E-020   5.6648647976381850E-019  -4.3341043859541979E-019   8.3949264891695694E-017   7.1258919966391377E-019   8.6283061274868055E-018   9.9279213355679105E-018   1.5301569591193534E-016  -4.6668002703448008E-016  -1.6573524143092047E-016  -4.2419274166592400E-016  -5.0191749947882722E-017  -1.6915700345291096E-017   2.0912322157661824E-016   8.8164940532380011E-017  -1.5367780086952607E-016   1.2203883195853190E-029   2.9331542890552911E-031   4.3712969704952003E-030   4.3362313048736411E-030   4.3582488233066696E-031   3.9329944033365056E-030  -1.1057042333489527E-031   4.3004636861940998E-030  -1.2893763627500979E-031   9.3215479211526678E-030   4.7262686578061810E-017   2.3790783181135359E-017  -1.2711036666336925E-017   2.6129162283036616E-017  -3.6439694773641173E-018   2.6332770411596308E-017  -2.0146813703768846E-017  -2.7425921968471402E-017  -7.3385235512059089E-018  -2.2211492412230973E-017   2.6680501062965926E-016  -1.4254966921655231E-016   2.9302908473365163E-016  -4.0865796966040315E-017   2.9531247609956512E-016  -2.2593921366360161E-016
   6.7548967966487129E-015  -4.2123091180277865E-017  -3.1168301187392277E-017  -4.5507374620967151E-018  -5.1886042132088109E-018  -1.4172720307186898E-018   5.1476509172869367E-019   2.5374045082265321E-018   5.2986433400588378E-019   2.6511997049733822E-018  -7.2300725835914903E-018   5.0347737841436052E-015  -3.1009952935610477E-017  -2.3982290460421774E-017  -5.3755759821373269E-016  -1.7921563199958888E-014  -1.8712754387576478E-016   6.6922437762245493E-016   4.7961973639259168E-016   5.5004407759577374E-016   9.9811185870551603E-017  -4.3128585757134768E-017   2.6162433986805370E-016   9.3792220160698420E-028  -7.2313401986641853E-030  -9.0639460312489626E-030   3.7230331166524228E-028   3.9329944033365056E-030   3.6781202276653573E-028   9.1799081885367723E-030  -7.9386922730995047E-031  -6.2141465418674216E-030   1.9934602262294707E-029  -1.9167804539852953E-017  -2.4118902813018953E-016  -6.5881005687843398E-017   2.3928533973500617E-017   1.1794966472011973E-016   2.4630412825457397E-017   1.2323936341011607E-016   4.3606241927181846E-016  -2.0352860744753341E-017   3.2526284155008275E-017  -2.7048475337728289E-015  -7.3883160083464168E-016   2.6834983583936752E-016   1.3227627400828149E-015   2.7622115277461897E-016   1.3820847936900433E-015
   1.0167033493797550E-017   1.5038657285323641E-014  -5.6772715834369066E-016  -2.5460063588677187E-016  -1.5945026254641277E-018   2.2345106498613697E-018  -5.6201368520524767E-019  -6.1093222201408829E-019  -1.9170047823258165E-018   2.2054348472463064E-018  -5.9412427772912534E-016   8.9343148959866011E-018   1.1163741409577922E-014  -4.2641359165536417E-016   2.7351337573068029E-015  -1.2046160004967293E-015  -4.5768296370342553E-015   4.1293881257009133E-015  -9.6222165228691721E-016  -3.1258349973675613E-015  -3.8320892074456633E-015   1.9170143925201459E-015  -4.5629803097834717E-016   3.7078501379854592E-029   3.6436651632486356E-028  -1.8598569531257634E-029   2.0924365254393266E-029  -1.1057042333489527E-031   9.1799081885367723E-030   1.0179806323807750E-027  -2.9597500273439904E-029   4.5870171313008588E-028  -3.8887281738196862E-029  -2.2552785710672595E-016  -7.4119459255527985E-017   1.0386983277924926E-016  -2.6124855347998036E-017  -2.8398802992384109E-017  -8.9110770714093881E-017   1.0251826224770165E-016  -6.7387951178932293E-017   3.0518780762387650E-015   1.1694551413913170E-016  -8.3122287164518214E-016   1.1648625279693605E-015  -2.9298078401829503E-016  -3.1848228267887286E-016  -9.9934499619273212E-016   1.1497051543239482E-015
   7.4202244758488526E-017   3.1322689606978101E-016   4.5440684273884436E-015  -2.7623304916544540E-017  -2.5873682929550659E-018  -2.2729046448264183E-018   2.1257866517453061E-019   3.7818493164775384E-018   2.7948416625390939E-018  -1.1944810235268901E-018  -6.2310369998918808E-017   5.5130981410567402E-017   2.3559417599366659E-016   3.3927699207778497E-015  -1.1322523901096802E-016  -4.4175290263900136E-017  -2.4545683427324235E-015  -1.6757493457557882E-014  -7.6723032892302943E-016   4.1291263490900899E-016   1.2253081138506146E-015  -3.0883008542118411E-015   1.9686466074719453E-015  -1.5339779107872611E-029   7.5529184078382231E-030   2.5333358798401327E-028  -2.3653152182549197E-029   4.3004636861940998E-030  -7.9386922730995047E-031  -2.9597500273439904E-029   2.5085120061342869E-028  -3.6829885749034645E-030   5.7149500945598453E-028  -3.4637216840350464E-017  -1.2027220006481627E-016  -1.0565455366981619E-016   9.8815865593332758E-018   1.7579690484978689E-016   1.2991647014705683E-016  -5.5524704784953612E-017   1.3612110602447080E-017  -7.5824409195908175E-017   1.8024858814534302E-017  -1.3488091321927770E-015  -1.1848775259014902E-015   1.1081841177425983E-016   1.9714985719460024E-015   1.4569661256889179E-015  -6.2268943975306817E-016
