  0.18940407183151736       0.29423694317084698        7.9238618948676464E-017   1.0722069162596160E-017   1.0715440749628113E-017   2.5440325248142791E-016   4.4449850639638812E-019   2.1916200898627835E-019   2.3775416341593733E-016   1.9357369531307974E-018   2.4607870794868262E-016  0.21836901365669276       -2.1014528240326346E-017  -1.3229646081602071E-017   4.3627618575586709E-018
  0.29423694317084698       0.45709354550485359        1.2309623966942851E-016   1.6656605237478980E-017   1.6646308077809009E-017   3.9521238703591844E-016   6.9052307324428362E-019   3.4046553994185917E-019   3.6934822780302302E-016   3.0071440300328206E-018   3.8228030741947073E-016  0.33923363125336187       -3.2645816385147810E-017  -2.0552095763524229E-017   6.7774979721255427E-018
   7.9238618948676464E-017   1.2309623966942851E-016   3.3150072604979472E-032   4.4856583308941067E-033   4.4828852844419860E-033   1.0643151537212809E-031   1.8595929554740585E-034   9.1688075922348510E-035   9.9466243656763331E-032   8.0983012313719194E-034   1.0294887951444571E-031   9.1356320357953861E-017  -8.7915860494416898E-033  -5.5347220075523065E-033   1.8251942582439567E-033
   1.0722069162596160E-017   1.6656605237478980E-017   4.4856583308941067E-033   6.0697093793083598E-034   6.0659570680938012E-034   1.4401640059363187E-032   2.5162836691770102E-035   1.2406651005130991E-035   1.3459143508321729E-032   1.0958109448947900E-034   1.3930391783842459E-032   1.2361759938707692E-017  -1.1896218652180820E-033  -7.4892360503098003E-034   2.4697375259329882E-034
   1.0715440749628113E-017   1.6646308077809009E-017   4.4828852844419860E-033   6.0659570680938012E-034   6.0622070765684681E-034   1.4392736925436050E-032   2.5147280956164290E-035   1.2398981178984063E-035   1.3450823028382972E-032   1.0951335115218543E-034   1.3921779976909510E-032   1.2354117864342843E-017  -1.1888864376733697E-033  -7.4846061837603646E-034   2.4682107273275778E-034
   2.5440325248142791E-016   3.9521238703591844E-016   1.0643151537212809E-031   1.4401640059363187E-032   1.4392736925436050E-032   3.4170867736518952E-031   5.9704030994100718E-034   2.9437343858198543E-034   3.1934599863206543E-031   2.6000379615018278E-033   3.3052733799862747E-031   2.9330830524510232E-016  -2.8226237598827710E-032  -1.7769760490321669E-032   5.8599627538743935E-033
   4.4449850639638812E-019   6.9052307324428362E-019   1.8595929554740585E-034   2.5162836691770102E-035   2.5147280956164290E-035   5.9704030994100718E-034   1.0431609008087979E-036   5.1433522368985327E-037   5.5796778551791007E-034   4.5428388952921987E-036   5.7750404772945867E-034   5.1247420118821635E-019  -4.9317453025819395E-035  -3.1047684807198575E-035   1.0238645403426146E-035
   2.1916200898627835E-019   3.4046553994185917E-019   9.1688075922348510E-035   1.2406651005130991E-035   1.2398981178984063E-035   2.9437343858198543E-034   5.1433522368985327E-037   2.5359531988112671E-037   2.7510855281632886E-034   2.2398673661804990E-036   2.8474099569915714E-034   2.5267773427766983E-019  -2.4316194380159147E-035  -1.5308202117220169E-035   5.0482106545301812E-036
   2.3775416341593733E-016   3.6934822780302302E-016   9.9466243656763331E-032   1.3459143508321729E-032   1.3450823028382972E-032   3.1934599863206543E-031   5.5796778551791007E-034   2.7510855281632886E-034   2.9844681624318684E-031   2.4298818680852918E-033   3.0889640743762613E-031   2.7411312574152936E-016  -2.6379008291879723E-032  -1.6606841690384553E-032   5.4764651340205175E-033
   1.9357369531307974E-018   3.0071440300328206E-018   8.0983012313719194E-034   1.0958109448947900E-034   1.0951335115218543E-034   2.6000379615018278E-033   4.5428388952921987E-036   2.2398673661804990E-036   2.4298818680852918E-033   1.9783511069652615E-035   2.5149599147935600E-033   2.2317628394493930E-018  -2.1477151190073512E-034  -1.3520889255105104E-034   4.4588055915176906E-035
   2.4607870794868262E-016   3.8228030741947073E-016   1.0294887951444571E-031   1.3930391783842459E-032   1.3921779976909510E-032   3.3052733799862747E-031   5.7750404772945867E-034   2.8474099569915714E-034   3.0889640743762613E-031   2.5149599147935600E-033   3.1971187271812680E-031   2.8371071549331584E-016  -2.7302622945353717E-032  -1.7188301090353111E-032   5.6682139439474555E-033
  0.21836901365669276       0.33923363125336187        9.1356320357953861E-017   1.2361759938707692E-017   1.2354117864342843E-017   2.9330830524510232E-016   5.1247420118821635E-019   2.5267773427766983E-019   2.7411312574152936E-016   2.2317628394493930E-018   2.8371071549331584E-016  0.25176346878019945       -2.4228210935099709E-017  -1.5252812349443092E-017   5.0299446809231535E-018
  -2.1014528240326346E-017  -3.2645816385147810E-017  -8.7915860494416898E-033  -1.1896218652180820E-033  -1.1888864376733697E-033  -2.8226237598827710E-032  -4.9317453025819395E-035  -2.4316194380159147E-035  -2.6379008291879723E-032  -2.1477151190073512E-034  -2.7302622945353717E-032  -2.4228210935099709E-017   2.3315781592927100E-033   1.4678394635499439E-033  -4.8405180192239812E-034
  -1.3229646081602071E-017  -2.0552095763524229E-017  -5.5347220075523065E-033  -7.4892360503098003E-034  -7.4846061837603646E-034  -1.7769760490321669E-032  -3.1047684807198575E-035  -1.5308202117220169E-035  -1.6606841690384553E-032  -1.3520889255105104E-034  -1.7188301090353111E-032  -1.5252812349443092E-017   1.4678394635499439E-033   9.2407482981748976E-034  -3.0473365622866002E-034
   4.3627618575586709E-018   6.7774979721255427E-018   1.8251942582439567E-033   2.4697375259329882E-034   2.4682107273275778E-034   5.8599627538743935E-033   1.0238645403426146E-035   5.0482106545301812E-036   5.4764651340205175E-033   4.4588055915176906E-035   5.6682139439474555E-033   5.0299446809231535E-018  -4.8405180192239812E-034  -3.0473365622866002E-034   1.0049251233996716E-034
