  0.17275735620140695       -3.2925759180966915E-015  -7.1734203863429991E-016  -9.4233261259309485E-016  -8.3854313208201253E-016  -8.4997911692340956E-018  -6.7716209704422901E-018  -5.1280534449257961E-016  -2.6231199523745892E-016  -6.8436371922722462E-016  0.35266367640594104       -7.7284543377737639E-016   1.0531804378252629E-015  -2.3184805319453267E-015   2.7394641923737702E-003   2.0529063987882023E-015  -1.9583198452612083E-015   1.9012439359926953E-015  -1.3225091874980420E-004   9.7460733637026550E-018   7.9638037700849318E-017  -1.4272223044463612E-015  -2.3478240126666587E-015  -1.8656424603435189E-014  -2.4719382414938414E-016  -5.0011949668270220E-017  -7.3272454993629452E-015  -6.6971350313048194E-017  -6.5482333789916524E-015  -3.6437912758535285E-016  -1.4675864167639583E-016  -1.0058792744769729E-016  -1.2884124585611540E-016  -2.5041066582092354E-015  -2.5711620573233746E-019   1.2069664676360121E-016   6.6922578839768146E-017  -1.0592078761243195E-016   1.2433253368527983E-016  -2.3765211676290961E-016  0.18304844473949974       -2.2232218024291945E-015   2.4533462284273555E-016   3.8717507942304696E-016   1.8863547411335153E-015   8.6081098637473143E-016  -1.5875021854608268E-015   2.4202381480508661E-016   6.5053261380773364E-016
  -3.2925759180966915E-015  0.17275735620139848        4.4610581641307868E-016   2.1377295821131286E-015  -7.6949043345165461E-016  -2.7955975876437748E-016   1.0395317913150262E-016  -7.6578187388911192E-016   5.9115386019505079E-017  -9.9317140967116734E-016  -7.2855103829923629E-016  0.35266367640593616        1.6510721238823119E-015   2.3673415901486214E-015  -1.7249094621357227E-015   2.7394641924193548E-003   1.3599876978352405E-015   2.2877249748538772E-015  -8.2532078310558811E-017  -1.3225091875107995E-004  -3.8291646865369208E-016   3.7789881375259640E-015  -6.8225854663847526E-015  -7.5440151181719327E-016  -8.7133710487610123E-015  -1.3273724709925269E-016  -4.7822447149402968E-016  -3.1425033402371346E-017  -1.9719080276108977E-016  -1.5898252113843107E-014  -2.2745474466248928E-016  -7.1133437675358082E-015  -1.5873234036777195E-016  -7.8538810867526388E-016  -5.3829554594775475E-016   5.4425927173496618E-018   1.2481624170515816E-016  -9.0429213284539521E-016   7.0212904953780694E-017  -4.1641168051138647E-016  -2.2765249722438613E-015  0.18304844473949586        3.6666660448461323E-016  -4.8040609155908937E-016   4.1636595730097092E-016   1.0157046063171306E-015  -4.5943916651005251E-015   9.3868019645364530E-016   4.1643068624944995E-015
  -7.1734203863429991E-016   4.4610581641307868E-016  0.17275735620142521       -4.9090617777433035E-016   1.5299221510170729E-016   2.6372906275760945E-016   8.5185639003510553E-017   6.2764459739959017E-016  -3.2229523936998487E-016   9.6397405172513726E-016  -2.1706134068974481E-015  -8.7288783764243028E-016  0.35266367640593660       -2.2785343845006104E-015  -1.6005534571317259E-017  -1.3549063363228344E-015   2.7394641923661933E-003  -4.0391519588938780E-015  -6.0795154514466966E-017  -3.7541615365555548E-015  -1.3225091875112110E-004   1.6440329753238598E-015   2.1685603320882294E-015   1.9008465011173283E-016   1.0144184284735702E-016  -4.4065347282494168E-015   1.2979191486049827E-016  -4.8100846851863089E-017   1.8861710892606162E-016   1.6728389536285671E-016  -3.0851334664250960E-015   5.7788316810212758E-017  -8.0529077513098307E-015   5.0626472596684854E-016   1.0461111788405614E-015   2.4333919463858133E-016  -2.6052092765549358E-016   1.0522270722782079E-015   2.8721733719277999E-016   9.0166374857420398E-016  -6.9641016044175164E-016   6.4994321557139969E-017  0.18304844473950976       -6.2231234115380228E-016   1.1346461866878209E-015  -2.5300637760113162E-015  -4.3229925641227804E-016  -1.4120061605161067E-016   1.8459573792430464E-015
  -9.4233261259309485E-016   2.1377295821131286E-015  -4.9090617777433035E-016  0.17847575435188198        7.0593471211172049E-015  -3.1329774109287897E-016   1.2665957575232472E-017   4.6689273345760524E-015   2.8565267126374524E-017   3.7369243730396657E-015   3.6268129712762765E-015   4.2230782251848123E-015  -2.3591487715868895E-015  0.39568709847399564        9.5648433359987279E-016   8.3652218277570031E-016   2.1750064355032874E-014   4.7490663117807043E-003   8.2543869472226059E-017  -4.9892281012081022E-016   6.2652137770889976E-015   3.4408364638805444E-005  -1.4276307435083261E-005  -1.8336508317244881E-016   2.3812231168126929E-017  -2.3803563082539478E-017   2.4833359104225396E-017   8.2064180498400960E-017  -1.9288929441278897E-016  -1.9563719376859729E-016   1.6104025481065458E-016  -2.4333311846498558E-017  -9.1216014172704580E-017  0.14897602347719222       -4.4354053755053475E-015   2.2641769708336875E-017   1.5366292979006351E-016  -3.4870882301331538E-015  -1.6936891885668138E-017  -2.6091103681397451E-015  -4.8453731047605954E-017   2.1966294504813113E-015   5.5328085840681566E-016  -6.5355785391874219E-015  -8.1512386118935545E-016  -7.3953314025011903E-016  -1.6043079815770896E-014   2.3535881209506851E-015  -2.5474675257432442E-014
  -8.3854313208201253E-016  -7.6949043345165461E-016   1.5299221510170729E-016   7.0593471211172049E-015   4.0679084309821465E-006   3.2192570507844916E-019  -1.6303857553246428E-018  -2.0339542154883424E-006   1.1572304376903398E-018  -2.0339542154743901E-006  -1.7168354157240512E-015  -1.5668673920185456E-015   3.1009721908623629E-016   1.5598582513028711E-014   1.9498788416397912E-016  -4.9797342409050299E-016   1.9715537586431245E-015  -9.3439070353686494E-015   9.5411967114372315E-016  -9.1608999098366849E-017  -2.7694650169741971E-015   7.5831598491228608E-015  -9.3970839028345943E-015  -4.3822923817752335E-021  -5.8040676216881501E-019   8.5888728731304221E-019   1.0565554959558811E-018  -1.5180052448632659E-019  -1.9376858088804227E-019   8.4395561294020474E-019  -5.7159355192473097E-019  -1.3949988937263304E-018   9.5619761047274391E-019   5.4388223629052105E-015   2.0084731961626947E-004   1.0421475036422166E-016  -9.4641006932439935E-018  -1.0042365980831744E-004   6.2341202706831427E-017  -1.0042365980792701E-004  -8.7892944265653383E-016  -8.3759852389918465E-016   2.5185611642021008E-016   2.7723271386837292E-003   1.4208525338201117E-015  -1.3901932217277725E-016  -1.3861635693446265E-003   9.0646292102462777E-016  -1.3861635693390962E-003
  -8.4997911692340956E-018  -2.7955975876437748E-016   2.6372906275760945E-016  -3.1329774109287897E-016   3.2192570507844916E-019   4.0679084309699390E-006  -1.2015523206268026E-018   1.1933890465749217E-017  -4.1923406496299369E-018   1.5304057546213587E-018  -3.3916248255607215E-017  -5.6979359227689030E-016   5.3385437143254842E-016  -7.2900882939749516E-016   6.4310975865904567E-016  -1.6696240672317464E-016  -2.0505654142419918E-016   4.7425029626517631E-016   6.8134116923756794E-016   8.7402968773152543E-016   5.0815213225563534E-016   2.6630010031955058E-016  -8.1404409327922059E-016   2.4027340026390613E-018  -9.0820005135140687E-019  -7.1228767927608556E-020   1.1045976102076122E-018   2.3415379578227051E-019   1.0505952027577731E-019  -2.0985482944253470E-019  -6.2552843981892428E-019  -4.5213961556830776E-019  -1.9708740554382159E-018  -2.1934980081477367E-016  -7.8615184412457803E-017   2.0084731961599658E-004  -8.0777493780494957E-017   1.4697564409423875E-016  -5.4839840778708887E-017  -4.8907737795554833E-017   2.1458264136410464E-017  -3.0661878688772853E-016   2.7087003831414039E-016  -1.2021894448935578E-015   2.7723271386795273E-003  -1.1100927052147815E-015   1.9655399673385419E-015  -7.8826313764542566E-016  -7.6455372282031588E-016
  -6.7716209704422901E-018   1.0395317913150262E-016   8.5185639003510553E-017   1.2665957575232472E-017  -1.6303857553246428E-018  -1.2015523206268026E-018   4.0679084309692013E-006   1.4950507627879364E-019   5.3680741789675281E-019   5.6768221537401500E-019  -1.7096563924952147E-017   2.0220398264387485E-016   1.8927261185831319E-016   3.4287349649847467E-017  -1.5229717239101906E-016   4.0774069042586040E-017   2.7911347226601412E-016   7.1112592326814919E-016   5.3778440634362135E-016  -8.2747682957694175E-016  -4.5521364918069559E-017  -3.3309760082546160E-016   1.0937035117671012E-015  -4.5776888650050140E-019   1.6041895906116062E-018  -2.1936430451111952E-018   1.0330131540239814E-019  -8.1487501942097285E-019   8.6271266938883802E-019   9.4259259470422818E-019  -9.3445914979732375E-019   3.8671600086042742E-019  -3.6868444231375389E-018   4.9634058455139954E-017  -7.3468884212280113E-017   2.0938940298726767E-017   2.0084731961597554E-004   2.7985662106862069E-017  -3.1779771859314197E-017   3.6786958536607167E-017  -1.4770558477329444E-017   1.1517098608619826E-016   1.0598295966304454E-016  -9.7324004906691186E-016   2.9355237951086790E-016   2.7723271386792801E-003   4.4455520370249100E-016  -4.4745783118846508E-016   5.3027634748039461E-016
  -5.1280534449257961E-016  -7.6578187388911192E-016   6.2764459739959017E-016   4.6689273345760524E-015  -2.0339542154883424E-006   1.1933890465749217E-017   1.4950507627879364E-019   4.0679084309736635E-006  -5.3528744767487319E-019  -2.0339542154977195E-006  -1.0469860376074255E-015  -1.5515954662593841E-015   1.2827072827884760E-015   1.0458331663380933E-014   3.1672996729204006E-015   1.9499190216699465E-015   1.6854897731864695E-015  -1.3807112087557146E-014   1.0247352571411736E-015   3.3332200122466709E-015  -2.5901040515121892E-015   7.0093075357788108E-015  -1.0341822891824949E-014  -2.0767393402166204E-019   1.9933688511028229E-018  -1.4989681360648333E-018  -1.1124453621200521E-019  -4.7165923369534568E-019   4.4253575953506024E-021  -4.7483410699829728E-018   6.3570855745651456E-019   1.6049366850537627E-018  -2.2160376220785445E-018   3.1499656672474069E-015  -1.0042365980779394E-004   4.4597137496150514E-016  -2.6324974604432592E-017   2.0084731961604840E-004  -1.2389569117463697E-017  -1.0042365980826934E-004  -3.9845925126226472E-016  -7.1334615492526553E-016   7.4299752833053307E-016  -1.3861635693372333E-003   6.1654137243722453E-015  -3.3933951723420845E-016   2.7723271386808461E-003  -1.9984571929899228E-016  -1.3861635693435774E-003
  -2.6231199523745892E-016   5.9115386019505079E-017  -3.2229523936998487E-016   2.8565267126374524E-017   1.1572304376903398E-018  -4.1923406496299369E-018   5.3680741789675281E-019  -5.3528744767487319E-019   4.0679084309844936E-006  -1.3337706574122868E-019  -5.3621574814629189E-016   1.1391931389675309E-016  -6.5741155809878643E-016   5.4309217838636978E-017  -4.0406526291988985E-016   1.0023643488270770E-016  -1.9486725074854045E-016  -1.2123201312158582E-015  -6.4710815967727406E-016   8.4706886286037243E-017  -4.6166924917881473E-016   1.2451465031343964E-015  -1.8806982708306251E-015   6.0448545884303631E-020  -4.8068434477551259E-019  -2.6223319582857057E-019  -2.9737135064756233E-020   4.1826186970089745E-019   1.7602506256627063E-019   9.5738446938620999E-019  -2.4885533010439887E-019   1.5691460851679573E-018   3.0809320993541318E-019  -3.9967548776103004E-017  -9.9797651905098655E-018  -1.4973894662863204E-016   6.0080237613878852E-017  -8.6140983226886706E-018   2.0084731961636014E-004   2.2380987576745970E-017  -2.9600197591173755E-016   6.7113509002199686E-017  -3.5096253428416950E-016  -1.1052452254067613E-016  -2.0697568724048134E-015   8.1285604361006326E-016  -1.6212233771503067E-016   2.7723271386844864E-003   2.8653180069430406E-016
  -6.8436371922722462E-016  -9.9317140967116734E-016   9.6397405172513726E-016   3.7369243730396657E-015  -2.0339542154743901E-006   1.5304057546213587E-018   5.6768221537401500E-019  -2.0339542154977195E-006  -1.3337706574122868E-019   4.0679084309650940E-006  -1.4104409712481147E-015  -2.0548012065616475E-015   1.9553330336222280E-015   8.4204192798449736E-015   2.9396708288135163E-015   2.7843687332619857E-015   3.9959463427393026E-016  -1.0115334955224116E-014  -1.4532631181845288E-015   2.9217923248242675E-015  -4.7087082776145709E-015   7.7650334157223174E-015  -6.2699724904094456E-015   2.1205622664716093E-019  -1.4129620887762440E-018   6.4008084867472953E-019  -9.4531095966367849E-019   6.2345975818410371E-019   1.8934322339330666E-019   3.9043854574056618E-018  -6.4115005557821952E-020  -2.0993779120245316E-019   1.2598400114927991E-018   2.5671320046803634E-015  -1.0042365980751698E-004   1.3048940095454946E-016  -9.2988281974009603E-018  -1.0042365980834310E-004  -2.5829370581194632E-017   2.0084731961584996E-004  -5.8856561528243569E-016  -9.3389650582848824E-016   1.0428349617547999E-015  -1.3861635693332651E-003   1.8092051079670161E-015  -1.4399658041507524E-016  -1.3861635693446690E-003  -3.7365381123549780E-016   2.7723271386778923E-003
  0.35266367640594104       -7.2855103829923629E-016  -2.1706134068974481E-015   3.6268129712762765E-015  -1.7168354157240512E-015  -3.3916248255607215E-017  -1.7096563924952147E-017  -1.0469860376074255E-015  -5.3621574814629189E-016  -1.4104409712481147E-015  0.71993765805644749        1.0624668861095789E-014   6.9741304745130073E-016   7.5877128314290427E-015  -6.7782371390848125E-006   2.6303690546537709E-015   1.0777105119777475E-015   5.8934136102068446E-015   8.8631578134794336E-006   6.6499938786701514E-016  -1.4187039536857002E-016   5.5930368074837645E-015   2.3728851216983046E-015  -3.8091730382085703E-014  -5.0267026043233452E-016  -1.0194070186326295E-016  -1.4960069060726409E-014  -1.3771243120698019E-016  -1.3370602944268638E-014  -7.4347101789136054E-016  -2.9936178179395546E-016  -2.0258621216904105E-016  -2.6135765122424004E-016  -4.1419454537074205E-016  -2.3031326403324395E-016  -4.8267273880102610E-016  -5.0158813554301706E-017   2.3487247152190163E-016   1.6423106985504704E-016  -7.0593265570436565E-016  0.37341417872352384        1.7344116697478757E-015  -2.2104171791548222E-017  -2.3185829225706462E-015  -6.1982658264559016E-015  -8.2798518895462534E-016   2.9226859474684630E-015  -7.4846238311488789E-016  -1.7337256367119870E-015
  -7.7284543377737639E-016  0.35266367640593616       -8.7288783764243028E-016   4.2230782251848123E-015  -1.5668673920185456E-015  -5.6979359227689030E-016   2.0220398264387485E-016  -1.5515954662593841E-015   1.1391931389675309E-016  -2.0548012065616475E-015   1.0624668861095789E-014  0.71993765805646415       -2.5274353729333653E-016   4.5650276841191520E-015   8.9333462656237513E-015  -6.7782372540291485E-006  -4.5799924799547210E-015   4.7510248698065740E-015   9.7527431857201028E-016   8.8631578161907759E-006   9.8340245414966466E-016  -4.6353590818182406E-015   1.1417848927505694E-014  -1.5417722191993083E-015  -1.7839822818679952E-014  -2.7501503957957164E-016  -9.7607749149590622E-016  -6.4973085185153578E-017  -4.0273178864840878E-016  -3.2589689380810487E-014  -4.6555488270681384E-016  -1.4578349549234406E-014  -3.2919539491280538E-016  -1.7295161897909669E-015  -9.8123763613066071E-016   2.6825409823328687E-017  -2.2703251538434699E-016  -1.0172899377976810E-015  -1.7533467302217159E-016  -1.8214155887306233E-015   2.2263710565011042E-015  0.37341417872351951       -1.4731873975098074E-015   7.4115617132386647E-016   1.0461956730418298E-015  -4.5766044499683961E-015   2.1873833679312050E-015  -2.4937697420791505E-015  -4.8018700037652079E-015
   1.0531804378252629E-015   1.6510721238823119E-015  0.35266367640593660       -2.3591487715868895E-015   3.1009721908623629E-016   5.3385437143254842E-016   1.8927261185831319E-016   1.2827072827884760E-015  -6.5741155809878643E-016   1.9553330336222280E-015   6.9741304745130073E-016  -2.5274353729333653E-016  0.71993765805635335       -7.4165561840436851E-015  -1.4200202428857334E-015  -6.8979057658922203E-016  -6.7782371572144346E-006  -3.9656604385885588E-015  -1.0005491986146697E-016   6.2945199397215348E-015   8.8631578054251769E-006  -5.3866368930690114E-015  -3.5380244233937098E-015   3.8251225333638116E-016   2.0736493138865688E-016  -8.9876100302252822E-015   2.6409954491554211E-016  -9.7438311064577487E-017   3.8610274818161887E-016   3.3248029871229455E-016  -6.3067103237666320E-015   1.1878709158742843E-016  -1.6445921733021557E-014   8.3753664694488443E-017   2.3256697435029375E-015   2.4334079661503797E-016   2.6751724426205865E-016   2.4807463962793180E-015   5.8698686943038757E-016   1.3093336214086485E-015   1.1821327337152576E-015   1.0039541542443303E-015  0.37341417872350002        1.4270771846150529E-015  -1.2266857965716450E-015   5.8694327253671318E-015   3.7001349112417494E-015  -2.7537504915015483E-016  -3.5294924838283964E-015
  -2.3184805319453267E-015   2.3673415901486214E-015  -2.2785343845006104E-015  0.39568709847399564        1.5598582513028711E-014  -7.2900882939749516E-016   3.4287349649847467E-017   1.0458331663380933E-014   5.4309217838636978E-017   8.4204192798449736E-015   7.5877128314290427E-015   4.5650276841191520E-015  -7.4165561840436851E-015  0.87731211944809817       -6.6183465922947993E-015  -1.4267453798827080E-014  -4.2392045216465036E-014   8.1825847661182562E-006  -2.4507035957141379E-015  -2.3864962851606840E-014   1.4040853203562253E-014   4.9286491235348394E-005   6.4211419421905334E-006  -3.9858204697985134E-016   5.4992319904369143E-017  -5.3213872923090230E-017   5.8456925599664072E-017   1.8371212737206302E-016  -4.3362525372014203E-016  -4.3744003872984170E-016   3.6129014904214504E-016  -5.2846237275999246E-017  -2.0605772071422954E-016  0.32973638199482980       -1.4851804444046447E-014  -1.5000883190977918E-015   8.4874551302957096E-016  -6.1340980213787446E-015  -8.1863165545068013E-016  -1.7580951686168399E-015  -7.3635449780326979E-016   1.6311399712994516E-015  -4.2074728583259685E-015  -8.6350657758995762E-014  -2.3270717628857351E-014   5.3097072881940905E-015  -1.6188778929139131E-014  -5.5284801907060323E-015  -3.6524839728111277E-015
   2.7394641923737702E-003  -1.7249094621357227E-015  -1.6005534571317259E-017   9.5648433359987279E-016   1.9498788416397912E-016   6.4310975865904567E-016  -1.5229717239101906E-016   3.1672996729204006E-015  -4.0406526291988985E-016   2.9396708288135163E-015  -6.7782371390848125E-006   8.9333462656237513E-015  -1.4200202428857334E-015  -6.6183465922947993E-015   1.8996400103615279        4.6381177941646879E-015  -1.1370909097120629E-015  -1.2385951612404885E-014  -1.3963961199955778E-006   9.0209321866280449E-016  -3.6524230092194881E-016  -2.1727881415521835E-015   1.7586216426376737E-015   1.8621268147767992E-015  -6.8466145216355576E-016  -6.8993982130762497E-017   6.3980372521417513E-016   3.3945658932583214E-016   9.7919867527077084E-016  -1.3532440619077434E-016  -8.2346401210634292E-017  -9.2258586095618917E-016  -5.4958910002601406E-016   1.1518752096135167E-014   1.4649708328051386E-015  -6.6400465904956881E-017  -2.1377403337918803E-016  -1.2917248222587759E-015  -1.1368378454986134E-016  -3.6522891329993377E-016   9.0240050685075304E-002  -1.3876452115076481E-015   2.8950230884436379E-015  -1.3827449493390712E-015  -4.3220197232162680E-015  -7.4426482800171939E-016   4.2748883981928299E-015  -5.2665808403252029E-016  -3.8594124618698746E-016
   2.0529063987882023E-015   2.7394641924193548E-003  -1.3549063363228344E-015   8.3652218277570031E-016  -4.9797342409050299E-016  -1.6696240672317464E-016   4.0774069042586040E-017   1.9499190216699465E-015   1.0023643488270770E-016   2.7843687332619857E-015   2.6303690546537709E-015  -6.7782372540291485E-006  -6.8979057658922203E-016  -1.4267453798827080E-014   4.6381177941646879E-015   1.8996400103613180       -4.1306335597983741E-016  -1.5266388882647816E-014   4.5911677731673217E-016  -1.3963961242816366E-006   8.3727876457360598E-016  -1.0296050013418020E-014   1.0135655617784678E-014   5.8679801600483776E-016   1.7630913620102154E-014   1.3301986591723942E-015  -1.0064105722655601E-016   2.8933216715115699E-016   1.0055123689449846E-016   4.5550801469880536E-014   4.0435102015495838E-016   1.9325491885046759E-014   1.5949778512859440E-015   4.1772296368207875E-015   2.8844710139001192E-015  -4.1936084692331627E-016  -2.3024229833776999E-016   3.3074505474057521E-015  -3.7868700353134644E-016   2.8532631298100829E-015   1.4142762912373712E-015   9.0240050685112011E-002  -3.2573111092285203E-015   2.7174025996453915E-015   1.3267680560060274E-015  -3.6206327044921323E-015   1.3231820750178955E-015  -1.3819808913422804E-015   1.7848539855239656E-015
  -1.9583198452612083E-015   1.3599876978352405E-015   2.7394641923661933E-003   2.1750064355032874E-014   1.9715537586431245E-015  -2.0505654142419918E-016   2.7911347226601412E-016   1.6854897731864695E-015  -1.9486725074854045E-016   3.9959463427393026E-016   1.0777105119777475E-015  -4.5799924799547210E-015  -6.7782371572144346E-006  -4.2392045216465036E-014  -1.1370909097120629E-015  -4.1306335597983741E-016   1.8996400103615143       -4.9289088267314919E-014  -1.2927056851992549E-016   3.0293689837611219E-015  -1.3963961215929655E-006  -1.8078555567659431E-014  -3.8363704015098762E-015   1.8896644525825575E-015  -1.1188074059702627E-016  -2.6116241522393723E-015   2.9568951286805081E-016  -2.6608308055560530E-016  -3.6642338308083279E-016   3.0594151841089205E-015   2.9818741639915744E-015  -2.7135944385594455E-016   2.3047428401424651E-015   2.9870662560469881E-014   1.6565084181529245E-015  -1.2481592577933114E-015   1.9188461505411027E-016  -1.9999511502917377E-016   1.6350097992052031E-016   4.5999529609748581E-016  -2.7812428467048622E-015   2.3187513476193028E-015   9.0240050685062148E-002   2.4772134322544734E-015  -1.4227855367051696E-015   2.3637654302783876E-015   4.0048882181818947E-015   5.0634334053348844E-016  -2.7567195935598106E-015
   1.9012439359926953E-015   2.2877249748538772E-015  -4.0391519588938780E-015   4.7490663117807043E-003  -9.3439070353686494E-015   4.7425029626517631E-016   7.1112592326814919E-016  -1.3807112087557146E-014  -1.2123201312158582E-015  -1.0115334955224116E-014   5.8934136102068446E-015   4.7510248698065740E-015  -3.9656604385885588E-015   8.1825847661182562E-006  -1.2385951612404885E-014  -1.5266388882647816E-014  -4.9289088267314919E-014   1.8528806297019091       -2.6292301172440118E-015  -3.4667214215337124E-014   3.4127395424378488E-014  -3.8733023321526049E-005  -7.5781750685438878E-006  -1.3997935404660389E-015  -3.8374611376107830E-016   8.2028841944686134E-017  -5.9000826632406113E-016  -3.0662677348885283E-016   1.0368667706560282E-015   6.3663730241077650E-016  -7.3996227305564895E-016  -1.9120240532481330E-016   6.7283345568413222E-016  0.10060390267508958       -3.8817658270793133E-014  -2.2372143850181232E-015  -6.3541350853866334E-016  -3.4970334479226245E-014  -3.1469870587172872E-016  -3.3212453368771993E-014  -1.1038251076280321E-015   8.0948157100653396E-016  -5.1947739204288412E-015  -7.7168133964595022E-014  -1.9588556293409565E-014   2.4313823405523672E-015  -1.2263199202173092E-014  -1.0499013601764154E-014   2.7226811467352749E-014
  -1.3225091874980420E-004  -8.2532078310558811E-017  -6.0795154514466966E-017   8.2543869472226059E-017   9.5411967114372315E-016   6.8134116923756794E-016   5.3778440634362135E-016   1.0247352571411736E-015  -6.4710815967727406E-016  -1.4532631181845288E-015   8.8631578134794336E-006   9.7527431857201028E-016  -1.0005491986146697E-016  -2.4507035957141379E-015  -1.3963961199955778E-006   4.5911677731673217E-016  -1.2927056851992549E-016  -2.6292301172440118E-015   2.0001249097172349        1.0072613608949113E-016  -2.9182151152372566E-017  -5.7575717663682162E-016  -8.2515203199480740E-016  -3.4942692745231320E-015  -4.2906081717536270E-016  -3.4608891044390812E-016  -9.7798834933606729E-016   3.8259034902443926E-017   2.3450744619767905E-016  -1.1473887353633525E-016  -5.1949880168211814E-017   2.6906852393414550E-016   3.0562686076984682E-016   3.2012022408973490E-015   4.7454358778053576E-016  -2.2414215438629124E-015   3.4409187155557720E-016  -9.6530656514056883E-016   1.4704637753949934E-015   2.4001143093028105E-016  -9.1746049190028151E-004  -1.3632894726198226E-016   5.2961878521553922E-016   4.8345505646801184E-016  -4.1625059513687565E-016   1.1066332556650332E-017   8.6133451419039443E-016  -5.7230888286985628E-016  -4.0864147137920536E-016
   9.7460733637026550E-018  -1.3225091875107995E-004  -3.7541615365555548E-015  -4.9892281012081022E-016  -9.1608999098366849E-017   8.7402968773152543E-016  -8.2747682957694175E-016   3.3332200122466709E-015   8.4706886286037243E-017   2.9217923248242675E-015   6.6499938786701514E-016   8.8631578161907759E-006   6.2945199397215348E-015  -2.3864962851606840E-014   9.0209321866280449E-016  -1.3963961242816366E-006   3.0293689837611219E-015  -3.4667214215337124E-014   1.0072613608949113E-016   2.0001249097172575       -9.4724133315934133E-016  -1.4076543512770919E-014  -7.1754126820106708E-016   1.0060343198313930E-016  -9.5179810412011712E-016  -8.6570997346577285E-016  -8.1144421849548690E-016   2.2722505385001464E-016   8.2839256110007508E-016  -2.0454123941840190E-015  -2.1867484645823354E-016  -4.1184224392385165E-017  -3.2528661848915043E-015   1.3393771139431297E-014   6.3485924894831750E-015  -1.4634547379504394E-016   2.5622837489484555E-016   2.4072468639949652E-015   8.5505610117486321E-018   3.6650330509692329E-015  -2.5967986962946507E-016  -9.1746049190473530E-004  -9.2232914863030209E-016   5.3348886133263232E-015  -5.7697868676813881E-017  -3.3630709452402171E-016   7.1832829473414517E-015  -1.8593373961215524E-016   5.7156055259863607E-015
   7.9638037700849318E-017  -3.8291646865369208E-016  -1.3225091875112110E-004   6.2652137770889976E-015  -2.7694650169741971E-015   5.0815213225563534E-016  -4.5521364918069559E-017  -2.5901040515121892E-015  -4.6166924917881473E-016  -4.7087082776145709E-015  -1.4187039536857002E-016   9.8340245414966466E-016   8.8631578054251769E-006   1.4040853203562253E-014  -3.6524230092194881E-016   8.3727876457360598E-016  -1.3963961215929655E-006   3.4127395424378488E-014  -2.9182151152372566E-017  -9.4724133315934133E-016   2.0001249097172145        1.7528745592367670E-014   2.1060693128383456E-015   2.7149461561739761E-016  -3.6650077861846104E-016   2.2755505568912388E-015   7.3114326225172530E-017  -2.0198127157253179E-016  -1.8366666426796846E-016  -1.0874062532896529E-018   1.1317043874070789E-015   1.1870272982799624E-016   2.1943357355619230E-015   1.0481338306572220E-014  -7.9780241756799187E-015  -8.2167945483702496E-016   1.9330663585568331E-017  -6.5118562725222644E-015   6.7717184133358078E-016  -6.2440075251302069E-015  -1.8669304959666264E-016  -7.2231539270676124E-016  -9.1746049190427246E-004  -1.4793958161523413E-014   2.6810171385968256E-018  -5.6357526473603678E-017  -1.6209857803689182E-014   1.8316310644069726E-017  -1.7597313828416669E-014
  -1.4272223044463612E-015   3.7789881375259640E-015   1.6440329753238598E-015   3.4408364638805444E-005   7.5831598491228608E-015   2.6630010031955058E-016  -3.3309760082546160E-016   7.0093075357788108E-015   1.2451465031343964E-015   7.7650334157223174E-015   5.5930368074837645E-015  -4.6353590818182406E-015  -5.3866368930690114E-015   4.9286491235348394E-005  -2.1727881415521835E-015  -1.0296050013418020E-014  -1.8078555567659431E-014  -3.8733023321526049E-005  -5.7575717663682162E-016  -1.4076543512770919E-014   1.7528745592367670E-014   1.9998983122943055        7.0108617086819741E-007  -5.9896420292609504E-016   2.3455571478963391E-016  -1.2842286996583589E-016  -2.0267793813920278E-015  -8.2715812776052019E-016   1.7580018388761631E-015   7.7292741517131248E-016  -6.6427251468359300E-016   2.9582290343020103E-016   1.2757706796767912E-015   2.2471004658126387E-004   6.5704402884689065E-015  -8.0015135458641546E-016   5.7167344503852811E-016   6.3824352819432670E-015  -1.5778828247283721E-015   8.6934609657101780E-015  -1.4314647090168907E-015   4.0624783604410474E-015   4.2712351776101710E-016   2.0364934101553333E-014  -5.0771336122345951E-015   3.7895162222733898E-016   3.2154165262095895E-014  -4.3583626814494652E-015   5.4596743248846395E-014
  -2.3478240126666587E-015  -6.8225854663847526E-015   2.1685603320882294E-015  -1.4276307435083261E-005  -9.3970839028345943E-015  -8.1404409327922059E-016   1.0937035117671012E-015  -1.0341822891824949E-014  -1.8806982708306251E-015  -6.2699724904094456E-015   2.3728851216983046E-015   1.1417848927505694E-014  -3.5380244233937098E-015   6.4211419421905334E-006   1.7586216426376737E-015   1.0135655617784678E-014  -3.8363704015098762E-015  -7.5781750685438878E-006  -8.2515203199480740E-016  -7.1754126820106708E-016   2.1060693128383456E-015   7.0108617086819741E-007   2.0000091822340926        8.3315511733068245E-016   1.0669980436680556E-015   1.4258870903368924E-015   9.9100139032038804E-016   4.2660460242918556E-016  -2.2092844186865323E-015  -2.6430595258658613E-015   1.2096038638431273E-015   1.2390991153492105E-015   1.2195467883137718E-015  -1.1568716788818551E-004  -1.2924321052726243E-014   1.2864872386156572E-015  -9.5292975354087902E-016  -1.1054182962110509E-014   5.8889501662582307E-016  -1.6065015687621377E-014  -1.6525007068025172E-015  -8.9539014523579214E-015  -6.4492133235966795E-016  -1.1509235108251529E-014  -4.4557532620632756E-016   3.9309726085488730E-016  -7.9985989227044665E-015  -1.1772835547098130E-015  -5.3557710907752425E-015
  -1.8656424603435189E-014  -7.5440151181719327E-016   1.9008465011173283E-016  -1.8336508317244881E-016  -4.3822923817752335E-021   2.4027340026390613E-018  -4.5776888650050140E-019  -2.0767393402166204E-019   6.0448545884303631E-020   2.1205622664716093E-019  -3.8091730382085703E-014  -1.5417722191993083E-015   3.8251225333638116E-016  -3.9858204697985134E-016   1.8621268147767992E-015   5.8679801600483776E-016   1.8896644525825575E-015  -1.3997935404660389E-015  -3.4942692745231320E-015   1.0060343198313930E-016   2.7149461561739761E-016  -5.9896420292609504E-016   8.3315511733068245E-016   2.0322109789962820E-027   7.0025025592904308E-029   6.9071503154443533E-031   7.9838097427275778E-028   8.2959397914186442E-030   7.0667694047111631E-028   1.2484993507889775E-028   1.7535302016857696E-029   4.6589173199892774E-029   6.7274348798827014E-030  -2.2591843149105520E-016  -2.1636959419903935E-019   1.1863164876228386E-016  -2.2601701935384259E-017  -1.0253611585312335E-017   2.9845628573679243E-018   1.0469981179643339E-017  -1.9667200480619229E-014  -7.7185067931997477E-016   2.8804451004830961E-016  -2.9865835363462612E-018   1.6374913043338729E-015  -3.1197484624443472E-016  -1.4153221323477140E-016   4.1196390484218896E-017   1.4451879677123237E-016
  -2.4719382414938414E-016  -8.7133710487610123E-015   1.0144184284735702E-016   2.3812231168126929E-017  -5.8040676216881501E-019  -9.0820005135140687E-019   1.6041895906116062E-018   1.9933688511028229E-018  -4.8068434477551259E-019  -1.4129620887762440E-018  -5.0267026043233452E-016  -1.7839822818679952E-014   2.0736493138865688E-016   5.4992319904369143E-017  -6.8466145216355576E-016   1.7630913620102154E-014  -1.1188074059702627E-016  -3.8374611376107830E-016  -4.2906081717536270E-016  -9.5179810412011712E-016  -3.6650077861846104E-016   2.3455571478963391E-016   1.0669980436680556E-015   7.0025025592904308E-029   6.0957914083716384E-028   1.6078255564134406E-029   3.4405120133156899E-029   3.6759782041400000E-030   1.8675012899854399E-029   1.2280929511877601E-027   1.4264172176199854E-029   5.4257717873525914E-028   1.8039284476437989E-029  -2.0483020263219109E-019  -2.8656776437500455E-017  -4.4841114072965203E-017   7.9204629331878979E-017   9.8419813900288814E-017  -2.3733120808263039E-017  -6.9763037462620806E-017  -2.9305056394602320E-016  -8.4150847853437897E-015   1.0240922913052249E-016  -3.9555399184215381E-016  -6.1894894943471492E-016   1.0932739546918289E-015   1.3585041691426150E-015  -3.2759199887802986E-016  -9.6295017730033513E-016
  -5.0011949668270220E-017  -1.3273724709925269E-016  -4.4065347282494168E-015  -2.3803563082539478E-017   8.5888728731304221E-019  -7.1228767927608556E-020  -2.1936430451111952E-018  -1.4989681360648333E-018  -2.6223319582857057E-019   6.4008084867472953E-019  -1.0194070186326295E-016  -2.7501503957957164E-016  -8.9876100302252822E-015  -5.3213872923090230E-017  -6.8993982130762497E-017   1.3301986591723942E-015  -2.6116241522393723E-015   8.2028841944686134E-017  -3.4608891044390812E-016  -8.6570997346577285E-016   2.2755505568912388E-015  -1.2842286996583589E-016   1.4258870903368924E-015   6.9071503154443533E-031   1.6078255564134406E-029   1.2265709036339243E-028   1.0826868842953141E-031   2.3828496291344090E-030  -4.9451743026420016E-030   3.6251583908175902E-029   7.7668242198786575E-029   1.8104525334681747E-029   2.1093558434289769E-028  -1.5643906456153590E-017   4.2406364951231087E-017  -3.5168213245698293E-018  -1.0830807361596759E-016  -7.4009466393185616E-017  -1.2947399232662152E-017   3.1603101441831442E-017  -5.5992278478938945E-017  -7.9052778425423319E-017  -4.7867748823224722E-015   5.8534172441022180E-016  -4.8543237811821159E-017  -1.4949933730643683E-015  -1.0215643036374293E-015  -1.7871498776598909E-016   4.3622257922708917E-016
  -7.3272454993629452E-015  -4.7822447149402968E-016   1.2979191486049827E-016   2.4833359104225396E-017   1.0565554959558811E-018   1.1045976102076122E-018   1.0330131540239814E-019  -1.1124453621200521E-019  -2.9737135064756233E-020  -9.4531095966367849E-019  -1.4960069060726409E-014  -9.7607749149590622E-016   2.6409954491554211E-016   5.8456925599664072E-017   6.3980372521417513E-016  -1.0064105722655601E-016   2.9568951286805081E-016  -5.9000826632406113E-016  -9.7798834933606729E-016  -8.1144421849548690E-016   7.3114326225172530E-017  -2.0267793813920278E-015   9.9100139032038804E-016   7.9838097427275778E-028   3.4405120133156899E-029   1.0826868842953141E-031   3.1673327235330318E-028   3.9383679512412757E-030   2.7508495358260981E-028   5.5921326484666856E-029   6.3486598269736735E-030   2.2539713449087103E-029  -3.5301406200878734E-031  -1.0332567113521393E-017   5.2165957760128405E-017   5.4537970317972121E-017   5.1003587379943921E-018  -5.4925442161126627E-018  -1.4682296747337425E-018  -4.6673413543997687E-017  -7.7285861861985072E-015  -5.1067509815981316E-016   1.5099534829757187E-016   7.2005491878174755E-016   7.5279618114933752E-016   7.0401053762540118E-017  -7.5814451593685045E-017  -2.0266205099728110E-017  -6.4424046718814594E-016
  -6.6971350313048194E-017  -3.1425033402371346E-017  -4.8100846851863089E-017   8.2064180498400960E-017  -1.5180052448632659E-019   2.3415379578227051E-019  -8.1487501942097285E-019  -4.7165923369534568E-019   4.1826186970089745E-019   6.2345975818410371E-019  -1.3771243120698019E-016  -6.4973085185153578E-017  -9.7438311064577487E-017   1.8371212737206302E-016   3.3945658932583214E-016   2.8933216715115699E-016  -2.6608308055560530E-016  -3.0662677348885283E-016   3.8259034902443926E-017   2.2722505385001464E-016  -2.0198127157253179E-016  -8.2715812776052019E-016   4.2660460242918556E-016   8.2959397914186442E-030   3.6759782041400000E-030   2.3828496291344090E-030   3.9383679512412757E-030   1.0803220246265996E-030   1.3147911258027743E-030   8.8510706137654551E-030   1.2569304205927064E-030   4.2529786891765586E-030   2.0531008229466355E-030   5.2288487188941751E-017  -7.4949397158094976E-018   1.1561017918404373E-017  -4.0233320452039882E-017  -2.3287518504284251E-017   2.0651097941994657E-017   3.0782458220096171E-017  -5.5319698261401912E-017  -2.0059831630301716E-017  -6.3086263225256863E-017  -1.0345383158031332E-016   1.5957854845775005E-016  -5.5534684944582523E-016  -3.2144128019921629E-016   2.8505035256422102E-016   4.2489511177946989E-016
  -6.5482333789916524E-015  -1.9719080276108977E-016   1.8861710892606162E-016  -1.9288929441278897E-016  -1.9376858088804227E-019   1.0505952027577731E-019   8.6271266938883802E-019   4.4253575953506024E-021   1.7602506256627063E-019   1.8934322339330666E-019  -1.3370602944268638E-014  -4.0273178864840878E-016   3.8610274818161887E-016  -4.3362525372014203E-016   9.7919867527077084E-016   1.0055123689449846E-016  -3.6642338308083279E-016   1.0368667706560282E-015   2.3450744619767905E-016   8.2839256110007508E-016  -1.8366666426796846E-016   1.7580018388761631E-015  -2.2092844186865323E-015   7.0667694047111631E-028   1.8675012899854399E-029  -4.9451743026420016E-030   2.7508495358260981E-028   1.3147911258027743E-030   2.5470360441650096E-028   3.7605738162762527E-029  -1.0802113359886114E-030   1.1572241388293021E-029  -6.4977985387226991E-030  -1.0636810830957765E-016  -9.5670541175960281E-018   5.1871676575197618E-018   4.2595237868825543E-017   2.1849587341705398E-019   8.6909925823347046E-018   9.3485582442167749E-018  -6.8886037484063945E-015  -2.0449249360330894E-016   1.8293978973046830E-016  -1.3205555253696041E-016   7.1599290930650961E-017   5.8794876699389992E-016   3.0159329022869366E-018   1.1996313739286074E-016   1.2903961963484811E-016
  -3.6437912758535285E-016  -1.5898252113843107E-014   1.6728389536285671E-016  -1.9563719376859729E-016   8.4395561294020474E-019  -2.0985482944253470E-019   9.4259259470422818E-019  -4.7483410699829728E-018   9.5738446938620999E-019   3.9043854574056618E-018  -7.4347101789136054E-016  -3.2589689380810487E-014   3.3248029871229455E-016  -4.3744003872984170E-016  -1.3532440619077434E-016   4.5550801469880536E-014   3.0594151841089205E-015   6.3663730241077650E-016  -1.1473887353633525E-016  -2.0454123941840190E-015  -1.0874062532896529E-018   7.7292741517131248E-016  -2.6430595258658613E-015   1.2484993507889775E-028   1.2280929511877601E-027   3.6251583908175902E-029   5.5921326484666856E-029   8.8510706137654551E-030   3.7605738162762527E-029   2.5864304819158438E-027   3.0053490243460010E-029   1.1205791194716948E-027   5.4077709446758074E-029  -1.2960913055557667E-016   4.1669134297290646E-017  -1.0361290260348830E-017   4.6539198054871409E-017  -2.3444273457365561E-016   4.7269526288695650E-017   1.9277360027679104E-016  -3.9199647592182770E-016  -1.4738633489515015E-014   3.1778950602738481E-016   5.7516561375197150E-016  -1.4301851891966034E-016   6.4238786968422072E-016  -3.2360499346864031E-015   6.5246870515000552E-016   2.6608843209347011E-015
  -1.4675864167639583E-016  -2.2745474466248928E-016  -3.0851334664250960E-015   1.6104025481065458E-016  -5.7159355192473097E-019  -6.2552843981892428E-019  -9.3445914979732375E-019   6.3570855745651456E-019  -2.4885533010439887E-019  -6.4115005557821952E-020  -2.9936178179395546E-016  -4.6555488270681384E-016  -6.3067103237666320E-015   3.6129014904214504E-016  -8.2346401210634292E-017   4.0435102015495838E-016   2.9818741639915744E-015  -7.3996227305564895E-016  -5.1949880168211814E-017  -2.1867484645823354E-016   1.1317043874070789E-015  -6.6427251468359300E-016   1.2096038638431273E-015   1.7535302016857696E-029   1.4264172176199854E-029   7.7668242198786575E-029   6.3486598269736735E-030   1.2569304205927064E-030  -1.0802113359886114E-030   3.0053490243460010E-029   6.2951649143961945E-029   1.3153609479463159E-029   1.5071706945312257E-028   9.5474064688990451E-017  -2.8221636440992193E-017  -3.0884596497746045E-017  -4.6137620527162832E-017   3.1387225644434516E-017  -1.2286885723369328E-017  -3.1655892035043354E-018  -1.5915979067386377E-016  -2.2216247651368375E-016  -3.1300062499290333E-015  -3.8954768603760848E-016  -4.2630494248845161E-016  -6.3684483191563603E-016   4.3324281164598905E-016  -1.6959781592238302E-016  -4.3695125608482432E-017
