   9.4878080838505802E-031   6.5589467316513704E-031   4.5793160707267422E-031  -6.9879193506181160E-016  -1.1735148792566804E-030  -1.1154482622753348E-030  -1.5222622584035639E-031  -2.3664455489006553E-030  -2.2316761111385939E-031   2.6180474942440854E-032  -1.0714826328371638E-030  -7.9010639996050953E-032   3.7544461570296997E-031  -2.6742868784648356E-016   3.9134504276125949E-031   2.1851740610986230E-031   3.9733002626257126E-032   3.0229085185833395E-032   1.8082445657189437E-035   1.3543141186022186E-031  -8.1116457199022640E-032  -3.3422969184949954E-032   1.1708754355054990E-031  -6.9547625801941880E-032   6.4504819634451184E-033   8.0376103121132913E-031  -1.8149401979984600E-032   3.5842794130328343E-030   4.1809135352486929E-032   4.2931006051096049E-032   2.9964605289721604E-030   3.0344364587260756E-031   2.3123135411439463E-030  -1.9116288594725992E-016  -5.1509823345831705E-016
   6.5589467316513704E-031   1.5414500378440779E-030   1.9984397376879315E-030  -1.7185351705572550E-016  -6.6374984407891785E-031  -3.0095137193999152E-030   5.3338657274231940E-032   2.3624412805122818E-031  -4.5056271294671188E-031   5.3734440312246186E-031   1.4562219021092481E-030  -4.1695390257572809E-031   1.4101790308250291E-030  -7.4388947576773007E-017   2.5971366713634783E-031   3.1927720624521155E-031  -5.5795680116613140E-032  -1.5834878763387833E-031  -1.1304976012071557E-033   1.3813830321410098E-031  -8.0557499439016320E-031   3.1132515445252401E-032   4.5518139411350924E-031  -4.6943900871247443E-031   1.7742533547868916E-033   2.6728151687664027E-030  -5.9884696025328303E-031   3.1346386918409866E-030  -7.5179290853156852E-032   6.4459072681053015E-032   1.9352127335957752E-030   1.0670581965978047E-030   2.2179807564630650E-030  -4.8560246086290019E-017  -1.7231405981933400E-015
   4.5793160707267422E-031   1.9984397376879315E-030   2.8208513761140352E-030   1.4381392226507670E-016  -3.3838880746128346E-031  -3.9984872259901979E-030   1.7164927184220348E-031   1.7518290462442110E-030  -5.6571086892362361E-031   8.1528439198403127E-031   2.8788693049136283E-030  -5.9822878167892886E-031   1.9598541344703009E-030   4.1712478569691858E-017   1.7215173778424294E-031   3.6549502403070276E-031  -1.0953074038337804E-031  -2.6248805822717847E-031  -1.7581148753879303E-033   1.3417624853279885E-031  -1.1977239934612705E-030   6.7709075318536373E-032   6.3500914303639606E-031  -6.8490502976373680E-031  -1.0370931494739550E-033   3.6606561882952462E-030  -9.1506072353409424E-031   2.7452673618349410E-030  -1.4071039055101294E-031   7.4484736144421290E-032   1.2356375360635854E-030   1.4716488640324793E-030   2.0736224988762919E-030   3.6949646052216317E-017  -2.3617975331376334E-015
  -6.9879193506181160E-016  -1.7185351705572550E-016   1.4381392226507670E-016  0.60369451357095083        9.0650465243741669E-016   1.8126545110047084E-016   1.5747575585204356E-016   2.2784470744276028E-015   7.9615722475747044E-017   1.2924443324346225E-016   1.4175838655328029E-015  -4.5450527650170682E-017   5.2610044129750840E-017  0.22856897137843685       -2.9132794475963302E-016  -1.1282456744056167E-016  -5.3080860651816220E-017  -7.3536375552286001E-017  -3.4026491327714682E-019  -8.7014366397118046E-017  -1.5464560229950532E-016   4.0130928011054556E-017   2.0811587399501974E-017  -6.9304437615391235E-017  -5.5189020670535234E-018   1.3620525714235913E-017  -1.5433992170315350E-016  -2.4519999054603505E-015  -6.0565056142430403E-017  -2.1670557553403983E-017  -2.2459130595267853E-015   2.1730128026073209E-017  -1.5258592710568313E-015  0.16470515122668250       -1.1658067267979567E-002
  -1.1735148792566804E-030  -6.6374984407891785E-031  -3.3838880746128346E-031   9.0650465243741669E-016   1.4714779877434390E-030   1.0761999616540231E-030   2.0978122861067819E-031   3.1807872278546966E-030   2.3586090284776927E-031   3.8012446195370967E-032   1.6231200323410587E-030   4.8603987518107599E-032  -3.0838331189928822E-031   3.4575198378940901E-016  -4.8550887855628406E-031  -2.4747179102253461E-031  -6.0432406372980978E-032  -6.1689758565654248E-032  -1.7732189919238295E-034  -1.6147573581747281E-031  -1.2794331023953823E-033   4.8692776321107129E-032  -9.4086082737492833E-032   2.8897222274392546E-032  -8.3423860798935774E-033  -7.0711950808349354E-031  -5.7036386851722488E-032  -4.3442292127116689E-030  -6.5822717375372441E-032  -4.8384679106388286E-032  -3.7246918373181444E-030  -2.5909673934559135E-031  -2.7760404706903970E-030   2.4777536569103136E-016   4.5177625269321127E-016
  -1.1154482622753348E-030  -3.0095137193999152E-030  -3.9984872259901979E-030   1.8126545110047084E-016   1.0761999616540231E-030   5.9164580256659914E-030  -1.4726541328492114E-031  -1.0694782903540698E-030   8.7192043709332858E-031  -1.0990241391386046E-030  -3.2600630272181581E-030   8.3831927188256874E-031  -2.8085954539117621E-030   8.7105217797109432E-017  -4.3782199943827058E-031  -6.0297319581886438E-031   1.2458476160785550E-031   3.3322412379216161E-031   2.3302317454886809E-033  -2.5080106946739186E-031   1.6373105101909234E-030  -7.2289461812585127E-032  -9.0757675975816307E-031   9.4863004582882292E-031  -2.0597901049765741E-033  -5.3006151404501661E-030   1.2275334723593541E-030  -5.5651812010972692E-030   1.6497455270846555E-031  -1.2202694620512922E-031  -3.2425295934389265E-030  -2.1204447512936031E-030  -3.9929465928359861E-030   5.2771337700518327E-017   3.4180195465142780E-015
  -1.5222622584035639E-031   5.3338657274231940E-032   1.7164927184220348E-031   1.5747575585204356E-016   2.0978122861067819E-031  -1.4726541328492114E-031   4.7534780648046058E-032   6.5253928779999566E-031  -7.3758953220538355E-033   7.1476191465763160E-032   4.9210280991660559E-031  -4.0130983981926811E-032   1.0745944799308171E-031   5.9009839376514084E-017  -6.4366535228738773E-032  -1.0543493900857261E-032  -1.8509994473812737E-032  -3.0974048824680407E-032  -1.6948574826118345E-034  -1.5241506190627697E-032  -9.6219946521572009E-032   1.3267337521410562E-032   3.5756822935265906E-032  -5.0252056673101226E-032  -1.4262600158021098E-033   1.7960552912526245E-031  -8.2537480353053220E-032  -4.7934948135440758E-031  -2.1877309047881866E-032  -1.8189553060526708E-033  -5.0062153963125608E-031   7.6258249185681849E-032  -2.8071286727991244E-031   4.2853813463251138E-017  -1.1659446792503206E-016
  -2.3664455489006553E-030   2.3624412805122818E-031   1.7518290462442110E-030   2.2784470744276028E-015   3.1807872278546966E-030  -1.0694782903540698E-030   6.5253928779999566E-031   9.1238363542727800E-030   4.6802845259426425E-032   8.2816878881578816E-031   6.4527715435264184E-030  -4.2640072776105876E-031   1.0434660119378048E-030   8.5713192358493661E-016  -9.9471656989189075E-031  -2.5557621204643434E-031  -2.4237320520345111E-031  -3.8382689847376894E-031  -2.0118619348981331E-033  -2.6119676123804751E-031  -1.0873451640762183E-030   1.7669079447272708E-031   3.5191413626198203E-031  -5.5157115952581648E-031  -2.0708825723754788E-032   1.6382893746234591E-030  -9.6358070525998103E-031  -7.8097091893436620E-030  -2.8337455077506153E-031  -4.7230987005313117E-032  -7.7082036370507632E-030   7.1828842113927934E-031  -4.7014356059353719E-030   6.2063336143252326E-016  -1.0675348205791609E-015
  -2.2316761111385939E-031  -4.5056271294671188E-031  -5.6571086892362361E-031   7.9615722475747044E-017   2.3586090284776927E-031   8.7192043709332858E-031  -7.3758953220538355E-033   4.6802845259426425E-032   1.3317559881211181E-031  -1.4755641960468467E-031  -3.4623080468250129E-031   1.1725335796653281E-031  -4.0164485041962313E-031   3.2816504500700200E-017  -8.9102690061334507E-032  -9.7206207267700837E-032   1.3328011205769225E-032   4.1701086947113891E-032   3.0700216614995478E-034  -4.3977402854113383E-032   2.2317957874584089E-031  -6.9082020774114944E-033  -1.2945148451319389E-031   1.3110142332200413E-031  -7.8609038573766811E-034  -7.6559459270553321E-031   1.6392731990489557E-031  -1.0219378298435412E-030   1.8508956133935637E-032  -1.9569341465874595E-032  -6.6771043080363042E-031  -3.0482653515049861E-031  -7.1258271302458056E-031   2.2201284061964254E-017   4.9342752598014840E-016
   2.6180474942440854E-032   5.3734440312246186E-031   8.1528439198403127E-031   1.2924443324346225E-016   3.8012446195370967E-032  -1.0990241391386046E-030   7.1476191465763160E-032   8.2816878881578816E-031  -1.4755641960468467E-031   2.4852494960901825E-031   1.0188918574690491E-030  -1.7509869026213595E-031   5.5948298018271018E-031   4.5348091493856114E-017   5.6330106480953797E-033   8.6308163058544286E-032  -3.8639777033481791E-032  -8.4708535706676501E-032  -5.4498031251568557E-034   2.4980831479175838E-032  -3.5992585118407239E-031   2.4961986939054360E-032   1.8183078378479553E-031  -2.0300730962401434E-031  -1.1033753647801343E-033   1.0325690276624083E-030  -2.8030411196188611E-031   4.1236027100172056E-031  -4.8517981975666263E-032   1.7783241958129702E-032   1.7661212613056387E-032   4.1750088726867188E-031   3.5943973110200480E-031   3.4617759955343039E-017  -6.6661922577019578E-016
  -1.0714826328371638E-030   1.4562219021092481E-030   2.8788693049136283E-030   1.4175838655328029E-015   1.6231200323410587E-030  -3.2600630272181581E-030   4.9210280991660559E-031   6.4527715435264184E-030  -3.4623080468250129E-031   1.0188918574690491E-030   5.6461032154441204E-030  -6.4239329331127786E-031   1.8993527586867691E-030   5.2510522626981129E-016  -4.6381219639711577E-031   9.2882546229545084E-032  -2.1299610900119429E-031  -3.9607147304793027E-031  -2.3283561951120960E-033  -6.3063340586677337E-032  -1.4217772068748669E-030   1.4726228797869853E-031   6.2343022553936894E-031  -7.7226692967783840E-031  -1.2706195823633245E-032   3.3672758591923204E-030  -1.1633575419242906E-030  -2.7215782007571314E-030  -2.5737803755098168E-031   2.1746012880802282E-032  -3.6590919993615613E-030   1.3883419614825242E-030  -1.3605202999590941E-030   3.8467197833422951E-016  -2.1786296550350421E-015
  -7.9010639996050953E-032  -4.1695390257572809E-031  -5.9822878167892886E-031  -4.5450527650170682E-017   4.8603987518107599E-032   8.3831927188256874E-031  -4.0130983981926811E-032  -4.2640072776105876E-031   1.1725335796653281E-031  -1.7509869026213595E-031  -6.4239329331127786E-031   1.2724351883373837E-031  -4.1444773269263747E-031  -1.4523243866631271E-017  -2.8984980106674495E-032  -7.4216150033503950E-032   2.4419390965737848E-032   5.7174968671601303E-032   3.7913374405130091E-034  -2.6102241000942926E-032   2.5635213005591915E-031  -1.5278898654586457E-032  -1.3437893857851277E-031   1.4611253542408709E-031   3.5697868770014297E-034  -7.7199192517435031E-031   1.9676027513884838E-031  -5.1721655942188431E-031   3.1179561640335192E-032  -1.5157758487853537E-032  -2.0415992705902588E-031  -3.1076199142301464E-031  -3.9885593305902493E-031  -1.1918134727638122E-017   4.9814895394484175E-016
   3.7544461570296997E-031   1.4101790308250291E-030   1.9598541344703009E-030   5.2610044129750840E-017  -3.0838331189928822E-031  -2.8085954539117621E-030   1.0745944799308171E-031   1.0434660119378048E-030  -4.0164485041962313E-031   5.5948298018271018E-031   1.8993527586867691E-030  -4.1444773269263747E-031   1.3654085046645978E-030   1.1017570068037137E-017   1.4341319028332510E-031   2.6436473770853664E-031  -7.2331298444899635E-032  -1.7759798100934850E-031  -1.2016103899128071E-033   1.0066747672392471E-031  -8.2472375529158457E-031   4.4132843022666738E-032   4.4210507536974742E-031  -4.7312640325349489E-031  -2.8693732092329593E-034   2.5570530652212322E-030  -6.2721773717239444E-031   2.1129548401265344E-030  -9.3526503957935006E-032   5.3770374678176530E-032   1.0416494686189440E-030   1.0266913610247282E-030   1.5701284172607361E-030   1.2755391830935842E-017  -1.6495425393039073E-015
  -2.6742868784648356E-016  -7.4388947576773007E-017   4.1712478569691858E-017  0.22856897137843685        3.4575198378940901E-016   8.7105217797109432E-017   5.9009839376514084E-017   8.5713192358493661E-016   3.2816504500700200E-017   4.5348091493856114E-017   5.2510522626981129E-016  -1.4523243866631271E-017   1.1017570068037137E-017   8.6598312068456820E-002  -1.1140586815537585E-016  -4.4510883401601414E-017  -1.9654434991555976E-017  -2.6722324782261932E-017  -1.2116399855715853E-019  -3.3653206684949064E-017  -5.3244878950914731E-017   1.4928442049744527E-017   4.9995647171374974E-018  -2.3184504554202944E-017  -2.0908189459157515E-018  -1.1561589569998537E-017  -5.4420904497675201E-017  -9.4358782802771483E-016  -2.2353701492080151E-017  -8.5689188362658569E-018  -8.5843470376286895E-016   1.5239400749399769E-018  -5.8885658500096388E-016   6.2370614687643051E-002   6.3694777611825407E-003
   3.9134504276125949E-031   2.5971366713634783E-031   1.7215173778424294E-031  -2.9132794475963302E-016  -4.8550887855628406E-031  -4.3782199943827058E-031  -6.4366535228738773E-032  -9.9471656989189075E-031  -8.9102690061334507E-032   5.6330106480953797E-033  -4.6381219639711577E-031  -2.8984980106674495E-032   1.4341319028332510E-031  -1.1140586815537585E-016   1.6152636052618775E-031   8.8458718690180105E-032   1.7217070812390249E-032   1.4251857777688102E-032   1.8829549084859961E-035   5.5418750255940032E-032  -2.6001875820765745E-032  -1.4325605120388024E-032   4.4572183063652365E-032  -2.4494530330649339E-032   2.6873513679076567E-033   3.1046593365176038E-031  -1.6533341996837701E-033   1.4718787961476442E-030   1.8280531587583219E-032   1.7361801939310108E-032   1.2373100269468985E-030   1.1663318318349324E-031   9.4760064615803524E-031  -7.9680844464865398E-017  -1.9886329788205657E-016
   2.1851740610986230E-031   3.1927720624521155E-031   3.6549502403070276E-031  -1.1282456744056167E-016  -2.4747179102253461E-031  -6.0297319581886438E-031  -1.0543493900857261E-032  -2.5557621204643434E-031  -9.7206207267700837E-032   8.6308163058544286E-032   9.2882546229545084E-032  -7.4216150033503950E-032   2.6436473770853664E-031  -4.4510883401601414E-017   8.8458718690180105E-032   7.6334703865128745E-032  -3.7219168877798656E-033  -2.0750338577069910E-032  -1.7254954975795186E-034   3.8073893984729623E-032  -1.3455917611605527E-031   6.8772285243963945E-034   8.4826346166147071E-032  -8.1162592592470122E-032   1.0705217362002862E-033   5.1244468275806239E-031  -9.4825507224584088E-032   9.2705709800070683E-031  -6.4624702438963014E-033   1.5264915667471890E-032   6.6906171508495617E-031   2.0242884711573016E-031   6.2833199014159017E-031  -3.1103786603528932E-017  -3.2998849741450822E-016
   3.9733002626257126E-032  -5.5795680116613140E-032  -1.0953074038337804E-031  -5.3080860651816220E-017  -6.0432406372980978E-032   1.2458476160785550E-031  -1.8509994473812737E-032  -2.4237320520345111E-031   1.3328011205769225E-032  -3.8639777033481791E-032  -2.1299610900119429E-031   2.4419390965737848E-032  -7.2331298444899635E-032  -1.9654434991555976E-017   1.7217070812390249E-032  -3.7219168877798656E-033   8.0357950947740498E-033   1.4983053894959779E-032   8.8227116465652552E-035   2.2650655574217788E-033   5.3959686425934012E-032  -5.5503329858875256E-033  -2.3735845108368045E-032   2.9332817118055728E-032   4.7560579158483969E-034  -1.2836038183889764E-031   4.4107557979911704E-032   9.9838277443095915E-032   9.7159367916353337E-033  -8.6379331233520662E-034   1.3591228138107028E-031  -5.2897724060759114E-032   4.9428801293917057E-032  -1.4402466374504185E-017   8.3044694021539317E-017
   3.0229085185833395E-032  -1.5834878763387833E-031  -2.6248805822717847E-031  -7.3536375552286001E-017  -6.1689758565654248E-032   3.3322412379216161E-031  -3.0974048824680407E-032  -3.8382689847376894E-031   4.1701086947113891E-032  -8.4708535706676501E-032  -3.9607147304793027E-031   5.7174968671601303E-032  -1.7759798100934850E-031  -2.6722324782261932E-017   1.4251857777688102E-032  -2.0750338577069910E-032   1.4983053894959779E-032   3.0492885618223996E-032   1.8887829499349467E-034  -3.0184758172737206E-033   1.2089107537068279E-031  -1.0000262246164250E-032  -5.7923051252469984E-032   6.7200804496293037E-032   6.4785355170968737E-034  -3.2318313064027540E-031   9.6011239269700152E-032   5.9919508935852324E-033   1.8478983444177073E-032  -4.3620999098866356E-033   1.1791627163133317E-031  -1.3156492144198297E-031  -2.8381828591965945E-032  -1.9861786213019645E-017   2.0880217379608391E-016
   1.8082445657189437E-035  -1.1304976012071557E-033  -1.7581148753879303E-033  -3.4026491327714682E-019  -1.7732189919238295E-034   2.3302317454886809E-033  -1.6948574826118345E-034  -2.0118619348981331E-033   3.0700216614995478E-034  -5.4498031251568557E-034  -2.3283561951120960E-033   3.7913374405130091E-034  -1.2016103899128071E-033  -1.2116399855715853E-019   1.8829549084859961E-035  -1.7254954975795186E-034   8.8227116465652552E-035   1.8887829499349467E-034   1.2010895898173684E-036  -4.4182038011050461E-035   7.8581943825290618E-034  -5.7615122517828914E-035  -3.9091433846343516E-034   4.4132318569765370E-034   2.9435705884383062E-036  -2.2088189871441303E-033   6.1557557990591528E-034  -6.2168941299092719E-034   1.1013734800223834E-034  -3.5719754309485745E-035   2.0024028879705056E-034  -8.9481571326269125E-034  -6.0670000652355355E-034  -9.1457679972730920E-020   1.4263014129215434E-018
   1.3543141186022186E-031   1.3813830321410098E-031   1.3417624853279885E-031  -8.7014366397118046E-017  -1.6147573581747281E-031  -2.5080106946739186E-031  -1.5241506190627697E-032  -2.6119676123804751E-031  -4.3977402854113383E-032   2.4980831479175838E-032  -6.3063340586677337E-032  -2.6102241000942926E-032   1.0066747672392471E-031  -3.3653206684949064E-017   5.5418750255940032E-032   3.8073893984729623E-032   2.2650655574217788E-033  -3.0184758172737206E-033  -4.4182038011050461E-035   2.1153025919844847E-032  -4.2242822400782627E-032  -2.5518597889218376E-033   3.2024495137846479E-032  -2.7166418297881157E-032   8.1090843711916693E-034   2.0135024990745903E-031  -2.6577836598329615E-032   5.3850143183386435E-031   1.7096621793670655E-033   7.5510578928528870E-033   4.2214818837221305E-031   7.8388271553574546E-032   3.5540988447558311E-031  -2.3867139042203565E-017  -1.2945627156151688E-016
  -8.1116457199022640E-032  -8.0557499439016320E-031  -1.1977239934612705E-030  -1.5464560229950532E-016  -1.2794331023953823E-033   1.6373105101909234E-030  -9.6219946521572009E-032  -1.0873451640762183E-030   2.2317957874584089E-031  -3.5992585118407239E-031  -1.4217772068748669E-030   2.5635213005591915E-031  -8.2472375529158457E-031  -5.3244878950914731E-017  -2.6001875820765745E-032  -1.3455917611605527E-031   5.3959686425934012E-032   1.2089107537068279E-031   7.8581943825290618E-034  -4.2242822400782627E-032   5.2323480357173742E-031  -3.4504798168472230E-032  -2.6780828995501195E-031   2.9620435267362517E-031   1.2980890869241572E-033  -1.5271533305326055E-030   4.0543035219855075E-031  -7.5889438917347756E-031   6.8123453138489663E-032  -2.7629470388656277E-032  -1.6232779354902494E-031  -6.1649347384897985E-031  -6.2442189712263794E-031  -4.1239030407629558E-017   9.8574561700553320E-016
  -3.3422969184949954E-032   3.1132515445252401E-032   6.7709075318536373E-032   4.0130928011054556E-017   4.8692776321107129E-032  -7.2289461812585127E-032   1.3267337521410562E-032   1.7669079447272708E-031  -6.9082020774114944E-033   2.4961986939054360E-032   1.4726228797869853E-031  -1.5278898654586457E-032   4.4132843022666738E-032   1.4928442049744527E-017  -1.4325605120388024E-032   6.8772285243963945E-034  -5.5503329858875256E-033  -1.0000262246164250E-032  -5.7615122517828914E-035  -2.5518597889218376E-033  -3.4504798168472230E-032   3.8811443453853962E-033   1.4531005107008632E-032  -1.8554729724864883E-032  -3.6107852747989853E-034   7.7226157267794644E-032  -2.8587545506904610E-032  -9.3522287102992848E-032  -6.6612830838488209E-033   2.2146807823614950E-034  -1.1234910064603371E-031   3.2046008256549128E-032  -5.0576003005619184E-032   1.0901144477532886E-017  -5.0001633899411224E-017
   1.1708754355054990E-031   4.5518139411350924E-031   6.3500914303639606E-031   2.0811587399501974E-017  -9.4086082737492833E-032  -9.0757675975816307E-031   3.5756822935265906E-032   3.5191413626198203E-031  -1.2945148451319389E-031   1.8183078378479553E-031   6.2343022553936894E-031  -1.3437893857851277E-031   4.4210507536974742E-031   4.9995647171374974E-018   4.4572183063652365E-032   8.4826346166147071E-032  -2.3735845108368045E-032  -5.7923051252469984E-032  -3.9091433846343516E-034   3.2024495137846479E-032  -2.6780828995501195E-031   1.4531005107008632E-032   1.4317273644811393E-031  -1.5351403313862841E-031  -1.2748314546856159E-034   8.2741420069005953E-031  -2.0390374857016629E-031   6.6824915551887798E-031  -3.0640488064684045E-032   1.7261244111246107E-032   3.2292446400192311E-031   3.3232006430796767E-031   4.9843280405480623E-031   5.1609241473412465E-018  -5.3377891691106462E-016
  -6.9547625801941880E-032  -4.6943900871247443E-031  -6.8490502976373680E-031  -6.9304437615391235E-017   2.8897222274392546E-032   9.4863004582882292E-031  -5.0252056673101226E-032  -5.5157115952581648E-031   1.3110142332200413E-031  -2.0300730962401434E-031  -7.7226692967783840E-031   1.4611253542408709E-031  -4.7312640325349489E-031  -2.3184504554202944E-017  -2.4494530330649339E-032  -8.1162592592470122E-032   2.9332817118055728E-032   6.7200804496293037E-032   4.4132318569765370E-034  -2.7166418297881157E-032   2.9620435267362517E-031  -1.8554729724864883E-032  -1.5351403313862841E-031   1.6827821955171039E-031   5.6697860143505291E-034  -8.7883463516214045E-031   2.2838678458425279E-031  -5.1710057802998018E-031   3.7243143637792296E-032  -1.6616470275112696E-032  -1.6688198230717196E-031  -3.5424437825866278E-031  -4.0940038041055184E-031  -1.8359694259158843E-017   5.6717572351836042E-016
   6.4504819634451184E-033   1.7742533547868916E-033  -1.0370931494739550E-033  -5.5189020670535234E-018  -8.3423860798935774E-033  -2.0597901049765741E-033  -1.4262600158021098E-033  -2.0708825723754788E-032  -7.8609038573766811E-034  -1.1033753647801343E-033  -1.2706195823633245E-032   3.5697868770014297E-034  -2.8693732092329593E-034  -2.0908189459157515E-018   2.6873513679076567E-033   1.0705217362002862E-033   4.7560579158483969E-034   6.4785355170968737E-034   2.9435705884383062E-036   8.1090843711916693E-034   1.2980890869241572E-033  -3.6107852747989853E-034  -1.2748314546856159E-034   5.6697860143505291E-034   5.0480795449450648E-035   2.3988143953711979E-034   1.3234499075540519E-033   2.2747602828667794E-032   5.4109651586119859E-034   2.0604509076156094E-034   2.0708281573276720E-032  -5.2545263989607573E-035   1.4192037646030992E-032  -1.5059423795876330E-018  -1.2845947697757759E-019
   8.0376103121132913E-031   2.6728151687664027E-030   3.6606561882952462E-030   1.3620525714235913E-017  -7.0711950808349354E-031  -5.3006151404501661E-030   1.7960552912526245E-031   1.6382893746234591E-030  -7.6559459270553321E-031   1.0325690276624083E-030   3.3672758591923204E-030  -7.7199192517435031E-031   2.5570530652212322E-030  -1.1561589569998537E-017   3.1046593365176038E-031   5.1244468275806239E-031  -1.2836038183889764E-031  -3.2318313064027540E-031  -2.2088189871441303E-033   2.0135024990745903E-031  -1.5271533305326055E-030   7.7226157267794644E-032   8.2741420069005953E-031  -8.7883463516214045E-031   2.3988143953711979E-034   4.8006729824963483E-030  -1.1562454541034659E-030   4.3145146250623839E-030  -1.6711257008580891E-031   1.0404825534668500E-031   2.2733329055629747E-030   1.9252403628832304E-030   3.1642988199405454E-030   7.1449145635010305E-019  -3.0964856575502453E-015
  -1.8149401979984600E-032  -5.9884696025328303E-031  -9.1506072353409424E-031  -1.5433992170315350E-016  -5.7036386851722488E-032   1.2275334723593541E-030  -8.2537480353053220E-032  -9.6358070525998103E-031   1.6392731990489557E-031  -2.8030411196188611E-031  -1.1633575419242906E-030   1.9676027513884838E-031  -6.2721773717239444E-031  -5.4420904497675201E-017  -1.6533341996837701E-033  -9.4825507224584088E-032   4.4107557979911704E-032   9.6011239269700152E-032   6.1557557990591528E-034  -2.6577836598329615E-032   4.0543035219855075E-031  -2.8587545506904610E-032  -2.0390374857016629E-031   2.2838678458425279E-031   1.3234499075540519E-033  -1.1562454541034659E-030   3.1628377586941307E-031  -4.2249987912076882E-031   5.5286388231240587E-032  -1.9563361839226154E-032   1.6099593008967068E-032  -4.6776636423294140E-031  -3.7804453099069321E-031  -4.1387549365718136E-017   7.4650960448450913E-016
   3.5842794130328343E-030   3.1346386918409866E-030   2.7452673618349410E-030  -2.4519999054603505E-015  -4.3442292127116689E-030  -5.5651812010972692E-030  -4.7934948135440758E-031  -7.8097091893436620E-030  -1.0219378298435412E-030   4.1236027100172056E-031  -2.7215782007571314E-030  -5.1721655942188431E-031   2.1129548401265344E-030  -9.4358782802771483E-016   1.4718787961476442E-030   9.2705709800070683E-031   9.9838277443095915E-032   5.9919508935852324E-033  -6.2168941299092719E-034   5.3850143183386435E-031  -7.5889438917347756E-031  -9.3522287102992848E-032   6.6824915551887798E-031  -5.1710057802998018E-031   2.2747602828667794E-032   4.3145146250623839E-030  -4.2249987912076882E-031   1.3937102135932510E-029   9.5113593622585553E-032   1.8317995266363938E-031   1.1237700616909622E-029   1.6638652053027488E-030   9.1093585773552025E-030  -6.7170816808473058E-016  -2.7711814451786107E-015
   4.1809135352486929E-032  -7.5179290853156852E-032  -1.4071039055101294E-031  -6.0565056142430403E-017  -6.5822717375372441E-032   1.6497455270846555E-031  -2.1877309047881866E-032  -2.8337455077506153E-031   1.8508956133935637E-032  -4.8517981975666263E-032  -2.5737803755098168E-031   3.1179561640335192E-032  -9.3526503957935006E-032  -2.2353701492080151E-017   1.8280531587583219E-032  -6.4624702438963014E-033   9.7159367916353337E-033   1.8478983444177073E-032   1.1013734800223834E-034   1.7096621793670655E-033   6.8123453138489663E-032  -6.6612830838488209E-033  -3.0640488064684045E-032   3.7243143637792296E-032   5.4109651586119859E-034  -1.6711257008580891E-031   5.5286388231240587E-032   9.5113593622585553E-032   1.1798979132325386E-032  -1.4353625685835440E-033   1.4507620937007050E-031  -6.8637455105101681E-032   4.2635356315896235E-032  -1.6420243800550009E-017   1.0807536445840950E-016
   4.2931006051096049E-032   6.4459072681053015E-032   7.4484736144421290E-032  -2.1670557553403983E-017  -4.8384679106388286E-032  -1.2202694620512922E-031  -1.8189553060526708E-033  -4.7230987005313117E-032  -1.9569341465874595E-032   1.7783241958129702E-032   2.1746012880802282E-032  -1.5157758487853537E-032   5.3770374678176530E-032  -8.5689188362658569E-018   1.7361801939310108E-032   1.5264915667471890E-032  -8.6379331233520662E-034  -4.3620999098866356E-033  -3.5719754309485745E-035   7.5510578928528870E-033  -2.7629470388656277E-032   2.2146807823614950E-034   1.7261244111246107E-032  -1.6616470275112696E-032   2.0604509076156094E-034   1.0404825534668500E-031  -1.9563361839226154E-032   1.8317995266363938E-031  -1.4353625685835440E-033   3.0543965690967309E-033   1.3123023320737270E-031   4.1135094252025866E-032   1.2443148839529630E-031  -5.9777138055729551E-018  -6.7007711874638907E-017
   2.9964605289721604E-030   1.9352127335957752E-030   1.2356375360635854E-030  -2.2459130595267853E-015  -3.7246918373181444E-030  -3.2425295934389265E-030  -5.0062153963125608E-031  -7.7082036370507632E-030  -6.6771043080363042E-031   1.7661212613056387E-032  -3.6590919993615613E-030  -2.0415992705902588E-031   1.0416494686189440E-030  -8.5843470376286895E-016   1.2373100269468985E-030   6.6906171508495617E-031   1.3591228138107028E-031   1.1791627163133317E-031   2.0024028879705056E-034   4.2214818837221305E-031  -1.6232779354902494E-031  -1.1234910064603371E-031   3.2292446400192311E-031  -1.6688198230717196E-031   2.0708281573276720E-032   2.2733329055629747E-030   1.6099593008967068E-032   1.1237700616909622E-029   1.4507620937007050E-031   1.3123023320737270E-031   9.4805495960934273E-030   8.5098870789591378E-031   7.2252263478058328E-030  -6.1420255506427987E-016  -1.4556055903993518E-015
   3.0344364587260756E-031   1.0670581965978047E-030   1.4716488640324793E-030   2.1730128026073209E-017  -2.5909673934559135E-031  -2.1204447512936031E-030   7.6258249185681849E-032   7.1828842113927934E-031  -3.0482653515049861E-031   4.1750088726867188E-031   1.3883419614825242E-030  -3.1076199142301464E-031   1.0266913610247282E-030   1.5239400749399769E-018   1.1663318318349324E-031   2.0242884711573016E-031  -5.2897724060759114E-032  -1.3156492144198297E-031  -8.9481571326269125E-034   7.8388271553574546E-032  -6.1649347384897985E-031   3.2046008256549128E-032   3.3232006430796767E-031  -3.5424437825866278E-031  -5.2545263989607573E-035   1.9252403628832304E-030  -4.6776636423294140E-031   1.6638652053027488E-030  -6.8637455105101681E-032   4.1135094252025866E-032   8.5098870789591378E-031   7.7252815920955899E-031   1.2276341596599384E-030   4.7250913248674948E-018  -1.2418781363976291E-015
   2.3123135411439463E-030   2.2179807564630650E-030   2.0736224988762919E-030  -1.5258592710568313E-015  -2.7760404706903970E-030  -3.9929465928359861E-030  -2.8071286727991244E-031  -4.7014356059353719E-030  -7.1258271302458056E-031   3.5943973110200480E-031  -1.3605202999590941E-030  -3.9885593305902493E-031   1.5701284172607361E-030  -5.8885658500096388E-016   9.4760064615803524E-031   6.2833199014159017E-031   4.9428801293917057E-032  -2.8381828591965945E-032  -6.0670000652355355E-034   3.5540988447558311E-031  -6.2442189712263794E-031  -5.0576003005619184E-032   4.9843280405480623E-031  -4.0940038041055184E-031   1.4192037646030992E-032   3.1642988199405454E-030  -3.7804453099069321E-031   9.1093585773552025E-030   4.2635356315896235E-032   1.2443148839529630E-031   7.2252263478058328E-030   1.2276341596599384E-030   5.9881348988835864E-030  -4.1829820743723299E-016  -2.0337027461923315E-015
  -1.9116288594725992E-016  -4.8560246086290019E-017   3.6949646052216317E-017  0.16470515122668250        2.4777536569103136E-016   5.2771337700518327E-017   4.2853813463251138E-017   6.2063336143252326E-016   2.2201284061964254E-017   3.4617759955343039E-017   3.8467197833422951E-016  -1.1918134727638122E-017   1.2755391830935842E-017   6.2370614687643051E-002  -7.9680844464865398E-017  -3.1103786603528932E-017  -1.4402466374504185E-017  -1.9861786213019645E-017  -9.1457679972730920E-020  -2.3867139042203565E-017  -4.1239030407629558E-017   1.0901144477532886E-017   5.1609241473412465E-018  -1.8359694259158843E-017  -1.5059423795876330E-018   7.1449145635010305E-019  -4.1387549365718136E-017  -6.7170816808473058E-016  -1.6420243800550009E-017  -5.9777138055729551E-018  -6.1420255506427987E-016   4.7250913248674948E-018  -4.1829820743723299E-016   4.4938158725568687E-002  -1.2446450604984246E-003
  -5.1509823345831705E-016  -1.7231405981933400E-015  -2.3617975331376334E-015  -1.1658067267979567E-002   4.5177625269321127E-016   3.4180195465142780E-015  -1.1659446792503206E-016  -1.0675348205791609E-015   4.9342752598014840E-016  -6.6661922577019578E-016  -2.1786296550350421E-015   4.9814895394484175E-016  -1.6495425393039073E-015   6.3694777611825407E-003  -1.9886329788205657E-016  -3.2998849741450822E-016   8.3044694021539317E-017   2.0880217379608391E-016   1.4263014129215434E-018  -1.2945627156151688E-016   9.8574561700553320E-016  -5.0001633899411224E-017  -5.3377891691106462E-016   5.6717572351836042E-016  -1.2845947697757759E-019  -3.0964856575502453E-015   7.4650960448450913E-016  -2.7711814451786107E-015   1.0807536445840950E-016  -6.7007711874638907E-017  -1.4556055903993518E-015  -1.2418781363976291E-015  -2.0337027461923315E-015  -1.2446450604984246E-003   1.9972801917896865     
