  0.20046220377019081        1.3748175370879365E-016  -5.6251458027157124E-017   9.9157816868540527E-016  -2.9434308782612501E-017   2.5794718208323196E-017   2.2198233324900653E-017  -4.6433535576603403E-017  -9.0679005200645984E-018  -3.7241346626564189E-017   9.9548171780615518E-016  0.19293898531119649        2.2779261645690128E-016  -2.3847704410176473E-016  -8.0543536708063925E-016   3.3915504443286958E-016  -7.3349807729648515E-018   2.5476165095406437E-017   1.2259614381567651E-016  -2.9626003534983356E-018  -2.0307106422358103E-017  -3.3182421092336077E-017   3.7612216989605340E-017  -5.4052023059698095E-018   6.6528877285161829E-017   2.8484920545025082E-016  -2.7243206814856193E-018  -5.4436611938892011E-018  -1.0619336263738876E-018  -4.7658308776977616E-018  -3.7136234404037920E-018   2.2034300196433766E-018  0.15094569823433732        1.2082664010306847E-016  -5.1534331543898733E-017
   1.3748175370879365E-016  0.20046220377017968        6.0575082923987839E-017  -1.8658828028110822E-016  -7.6746211557358248E-017  -2.0297148077925505E-017  -1.4036729269198761E-017  -1.3523958483172858E-016  -3.4570924489669419E-017  -1.0951676840206924E-016  -4.4582552108359207E-016  -1.9337210867643408E-016  0.19293898531120976        1.1467393280851285E-017   1.7955133930536254E-015   5.4805431131035166E-017  -3.3890520591464960E-015   1.6229075243714026E-017   4.3552451351612362E-017  -3.6744707838555076E-019   4.8871297585845619E-017  -8.2226694157909972E-015   2.0710927296605726E-017  -3.4217831158663452E-015   3.9388167589025167E-017  -1.8559508155056808E-016  -4.9003022428891289E-017  -6.1797560416403472E-018  -5.8007707896776850E-019  -4.9470935598426577E-017  -8.6301780962751220E-019  -6.2232134232088985E-017   9.5287118601368053E-018  0.15094569823433110        9.3124348574478970E-017
  -5.6251458027157124E-017   6.0575082923987839E-017  0.20046220377018167       -1.6359641866721362E-016   2.5491216055454046E-016   5.7327561602884393E-018  -1.7425419319763466E-017   2.0598295587439513E-016   4.8113473100878499E-017   1.4467854816975068E-016   4.9860473260108216E-016   2.6042705589691174E-016  -3.8360097196861946E-017  0.19293898531120632       -1.0488845522806601E-016   1.2845978606913984E-017  -2.9300471052897030E-017  -2.4522550986887880E-015  -2.5471277847674937E-018  -6.7009507029879035E-018   2.0516013869388180E-017  -2.1808310324578452E-017  -2.6119609470782964E-015  -1.3410370398317358E-017  -6.1692724654049891E-015   3.3940543249259438E-016  -2.4716701638205095E-017   4.3167754739946697E-019   1.7112183302782104E-017  -2.2729710716324043E-017  -1.8820651707788375E-018  -4.5862939844105987E-017   1.5032378418216845E-016  -1.0229805980283242E-016  0.15094569823433221     
   9.9157816868540527E-016  -1.8658828028110822E-016  -1.6359641866721362E-016  0.25403374086157932       -1.1924590902435023E-015  -1.6348268985518670E-017  -1.0105136529874588E-016   4.6947138920703254E-016   2.3278019467332966E-017  -1.1880084663010938E-015  0.42556465770415358       -5.1226576103844172E-016   5.3569240607125831E-016  -2.7257891639445471E-016   5.9941463271752614E-003   2.1159221227353016E-016  -5.0710007135157151E-017  -7.3604645266193376E-018   1.0902662038070188E-016   1.4433395229263064E-017   6.0138791179664519E-017  -4.7048679625592217E-017  -1.5207291402619134E-016  -5.4804786671195615E-017  -9.1145606383907020E-017  0.11931727538512647       -1.2902149633003126E-015   5.8336178818044714E-017   7.8574086743257509E-017  -6.7811672030903671E-016  -1.6991085962663860E-017  -5.0534901907671552E-016   6.1877638196399872E-016   1.6298542047368861E-016  -4.1678304050875024E-016
  -2.9434308782612501E-017  -7.6746211557358248E-017   2.5491216055454046E-016  -1.1924590902435023E-015   1.7912359255124141E-028  -2.0773819940936893E-030   4.9584462300135153E-031   1.7870988792947474E-028  -8.0389993495629173E-030   2.0731533166633962E-028  -1.9287908900540762E-015  -2.8329657975635908E-017  -7.3865975260481528E-017   2.4534546999823631E-016  -1.8234809924617881E-014  -8.0441832138114436E-030   6.0935111123603252E-031   4.4208414197550647E-030  -1.8685907403737265E-030   3.1669566549060432E-031  -2.0145724346864109E-030  -8.1967778684178791E-030  -6.0617354908363446E-030  -1.5149270341207403E-030   3.9726879010801341E-030  -1.2842222497011528E-015   1.0819715512234281E-028  -1.1816102127753608E-030  -8.4668450669224954E-031   8.7334358674214566E-029   5.8798435458171162E-030   8.9087483423646515E-029  -2.2163690749061992E-017  -5.7789000981167093E-017   1.9194587977014141E-016
   2.5794718208323196E-017  -2.0297148077925505E-017   5.7327561602884393E-018  -1.6348268985518670E-017  -2.0773819940936893E-030   3.3667676103864559E-032   9.7629461968830313E-033  -2.2748442503523108E-030   1.0231656250540217E-031  -2.4328759974231685E-030  -2.8248045047827999E-017   2.4826658910761744E-017  -1.9535409075698124E-017   5.5176094834849857E-018   2.2728100507138366E-016   1.1233076863237536E-031   3.5575805731790081E-031  -1.6198692791784480E-031   2.0768455433412144E-032  -6.3712068792068832E-033   1.0946068155243814E-032   9.7503166887222194E-031  -1.9142141987186754E-032   3.8724776581288246E-031  -3.0872439755002624E-031   1.3763776035736070E-018  -1.1904448517465371E-030   7.5811588707532213E-033   1.6069872397852485E-033  -1.0050054699861224E-030  -7.1897439339144239E-032  -1.0469792713323648E-030   1.9423121553512183E-017  -1.5283515451623932E-017   4.3166984356509938E-018
   2.2198233324900653E-017  -1.4036729269198761E-017  -1.7425419319763466E-017  -1.0105136529874588E-016   4.9584462300135153E-031   9.7629461968830313E-033   4.5162634166185299E-032  -1.5700212590108410E-031  -1.3945982558644804E-032   5.1188521684254286E-031  -1.6926764729393493E-016   2.1365147807701163E-017  -1.3509939785917339E-017  -1.6771454463465028E-017  -6.7522471621580677E-018  -5.3244966067398022E-032   2.5900062518218996E-031   2.1958063548801206E-031  -3.2938294646146719E-032  -5.3671297487271402E-033  -3.1794654538499274E-032   5.8993376661716380E-031   2.8942986107773191E-031   2.6123177284091982E-031   5.7987550411747375E-031  -4.7636605378625936E-017   5.4301601793225547E-031  -2.3631665272150792E-032  -3.2940186177512117E-032   2.9484867511598053E-031   7.9634655094319816E-033   2.3042135918323192E-031   1.6715010439759182E-017  -1.0569493204287945E-017  -1.3121137235741325E-017
  -4.6433535576603403E-017  -1.3523958483172858E-016   2.0598295587439513E-016   4.6947138920703254E-016   1.7870988792947474E-028  -2.2748442503523108E-030  -1.5700212590108410E-031   1.8951761279841713E-028  -8.2308466742470784E-030   2.0818296277093566E-028   8.5827514260633056E-016  -4.4690914646591073E-017  -1.3016412959946132E-016   1.9825254711540374E-016  -1.8976237959682304E-014  -7.0077871011104059E-030   1.2361118149563292E-030   5.2865442836144701E-030  -1.2343533418847435E-030   4.2993986129760988E-031  -1.7133989159830942E-030  -6.5920447518983445E-030  -6.5758478498333051E-030  -1.0027442811284008E-030   5.3544954805893727E-030  -5.3467758728119403E-016   1.0415690807359582E-028  -8.3688753813226273E-031  -3.5799524790888708E-031   8.6526921604465864E-029   6.0184650064891576E-030   8.9530136575980531E-029  -3.4963909990414148E-017  -1.0183382791075141E-016   1.5510276009176732E-016
  -9.0679005200645984E-018  -3.4570924489669419E-017   4.8113473100878499E-017   2.3278019467332966E-017  -8.0389993495629173E-030   1.0231656250540217E-031  -1.3945982558644804E-032  -8.2308466742470784E-030   3.9014228624644774E-031  -9.3691472410430326E-030   3.5813063052059055E-017  -8.7275880058159843E-018  -3.3273499776319527E-017   4.6307805188673066E-017   8.4223453080190793E-016   3.2112374747003406E-031   6.1425899361964123E-031  -9.4059354951745208E-031   5.7294498009115480E-032  -1.8228469534718789E-032   8.3486420781004897E-032   1.9436220085640046E-030  -4.8704998183940679E-031   7.2384819327638521E-031  -2.0265523877185659E-030   4.4409879025547229E-017  -4.8380680909095042E-030   4.8898799533353393E-032   3.4569447511766522E-032  -3.9495427650716798E-030  -2.6989703949226277E-031  -4.0570972419439793E-030  -6.8280231873022782E-018  -2.6031502385767571E-017   3.6228883326139923E-017
  -3.7241346626564189E-017  -1.0951676840206924E-016   1.4467854816975068E-016  -1.1880084663010938E-015   2.0731533166633962E-028  -2.4328759974231685E-030   5.1188521684254286E-031   2.0818296277093566E-028  -9.3691472410430326E-030   2.4021114520748646E-028  -1.9100675549794915E-015  -3.5843702676176552E-017  -1.0540667403953602E-016   1.3924885467271791E-016  -2.1214241111297607E-014  -9.2146910830685497E-030   1.0332382056833333E-030   6.9953234638025761E-030  -2.0930124559216269E-030   3.8502420897532640E-031  -2.3171825030869534E-030  -8.7291029419249112E-030  -5.1960136989240076E-030  -1.4506704945703579E-030   9.2225470732857319E-030  -1.4006371482995986E-015   1.2491368236008511E-028  -1.3287691398977552E-030  -9.3640514148205383E-031   1.0111617773196318E-028   6.8303034255334804E-030   1.0331066607846458E-028  -2.8042299066909388E-017  -8.2464847556829505E-017   1.0894125706634935E-016
   9.9548171780615518E-016  -4.4582552108359207E-016   4.9860473260108216E-016  0.42556465770415358       -1.9287908900540762E-015  -2.8248045047827999E-017  -1.6926764729393493E-016   8.5827514260633056E-016   3.5813063052059055E-017  -1.9100675549794915E-015  0.71294557730448882       -1.4978800362956810E-015   7.8332586720102715E-016   2.8105660826855606E-016   2.8026647743221536E-003   3.5168360116620924E-016  -8.5304724919068295E-017  -9.3426924350843420E-018   1.8212015490305194E-016   2.4335254298865231E-017   1.0005337444807733E-016  -8.3406674078077023E-017  -2.5612494611380425E-016  -9.3029568372351943E-017  -1.4815132213601515E-016  0.19959583151522009       -2.1207897132909229E-015   9.7364046827211994E-017   1.3143078545763308E-016  -1.1025388319682841E-015  -2.6157262912038151E-017  -8.1208374858346396E-016   5.3219399352826130E-016   1.7989513377159868E-016  -1.1381315057445957E-016
  0.19293898531119649       -1.9337210867643408E-016   2.6042705589691174E-016  -5.1226576103844172E-016  -2.8329657975635908E-017   2.4826658910761744E-017   2.1365147807701163E-017  -4.4690914646591073E-017  -8.7275880058159843E-018  -3.5843702676176552E-017  -1.4978800362956810E-015  0.18569810843538981       -9.4227430004008337E-017   7.3234468619605439E-017  -1.0583907079359120E-015   3.2642677225611680E-016  -7.0597036298882962E-018   2.4520060892687915E-017   1.1799518884855912E-016  -2.8514158546409085E-018  -1.9544993689822735E-017  -3.1937106024539737E-017   3.6200654511398969E-017  -5.2023485160820480E-018   6.4032091017045685E-017  -4.2459036124942738E-016  -2.6220786665048318E-018  -5.2393640665102179E-018  -1.0220799357039259E-018  -4.5869722891048308E-018  -3.5742535248227809E-018   2.1207366984871410E-018  0.14528080259862838       -1.2895189057918114E-016   1.8726543211077025E-016
   2.2779261645690128E-016  0.19293898531120976       -3.8360097196861946E-017   5.3569240607125831E-016  -7.3865975260481528E-017  -1.9535409075698124E-017  -1.3509939785917339E-017  -1.3016412959946132E-016  -3.3273499776319527E-017  -1.0540667403953602E-016   7.8332586720102715E-016  -9.4227430004008337E-017  0.18569810843542564       -8.1996698010442289E-017  -2.0007891368065196E-015   5.2748618308555955E-017  -3.2618631001793905E-015   1.5620008416408506E-017   4.1917955672230024E-017  -3.5365702424647389E-019   4.7037189004792585E-017  -7.9140778849814979E-015   1.9933659424609205E-017  -3.2933657812480443E-015   3.7909954819253081E-017   8.3478385988924706E-018  -4.7163970298602969E-017  -5.9478337448182748E-018  -5.5830715672775954E-019  -4.7614322985774805E-017  -8.3062930249784632E-019  -5.9896601986140042E-017   8.1059258818479230E-017  0.14528080259864043        1.6844421990365532E-017
  -2.3847704410176473E-016   1.1467393280851285E-017  0.19293898531120632       -2.7257891639445471E-016   2.4534546999823631E-016   5.5176094834849857E-018  -1.6771454463465028E-017   1.9825254711540374E-016   4.6307805188673066E-017   1.3924885467271791E-016   2.8105660826855606E-016   7.3234468619605439E-017  -8.1996698010442289E-017  0.18569810843541715        1.4776125756623121E-015   1.2363877235376154E-017  -2.8200843090437215E-017  -2.3602235312531514E-015  -2.4515357060248640E-018  -6.4494683034469394E-018   1.9746060973810421E-017  -2.0989858368509847E-017  -2.5139357211673299E-015  -1.2907087763361389E-017  -5.9377436105022830E-015   3.3548836542618610E-016  -2.3789099613929972E-017   4.1547696478673556E-019   1.6469973994116367E-017  -2.1876679192122796E-017  -1.8114324671199880E-018  -4.4141733007468806E-017   5.8792556868926502E-018  -1.3372403681703955E-016  0.14528080259863746     
  -8.0543536708063925E-016   1.7955133930536254E-015  -1.0488845522806601E-016   5.9941463271752614E-003  -1.8234809924617881E-014   2.2728100507138366E-016  -6.7522471621580677E-018  -1.8976237959682304E-014   8.4223453080190793E-016  -2.1214241111297607E-014   2.8026647743221536E-003  -1.0583907079359120E-015  -2.0007891368065196E-015   1.4776125756623121E-015   1.9143664572767138        7.4059559706580598E-016   9.2375853823361319E-017  -7.9024714613649573E-016   1.4123944376742335E-016  -4.0915083565840544E-017   1.8463734710462487E-016   1.2124829810267533E-015   3.5816243205398568E-016   3.2105602354527153E-016  -1.2022739512320715E-015   7.8950008700446508E-002  -1.0770675540324145E-014   9.7209179504565245E-017   5.4422122936964426E-017  -8.8645197630937278E-015  -6.1037366725688207E-016  -9.1327173179130222E-015   2.3138679934005719E-016  -5.4240224931191478E-016  -7.6953379235286000E-016
   3.3915504443286958E-016   5.4805431131035166E-017   1.2845978606913984E-017   2.1159221227353016E-016  -8.0441832138114436E-030   1.1233076863237536E-031  -5.3244966067398022E-032  -7.0077871011104059E-030   3.2112374747003406E-031  -9.2146910830685497E-030   3.5168360116620924E-016   3.2642677225611680E-016   5.2748618308555955E-017   1.2363877235376154E-017   7.4059559706580598E-016   1.0485320102134227E-030  -9.4711808728420394E-031  -4.1934776555098603E-031   3.6325869750682946E-031  -9.3740054929260365E-033   1.0081794348794077E-031  -1.8784029626963505E-030  -8.5733686499600756E-032  -8.6727919387578203E-031  -8.0911570995374345E-031   1.2864007450614915E-016  -5.2215300054532380E-030   7.4544943002280505E-032   8.4789012945347019E-032  -3.9881979980940311E-030  -2.5519364249336716E-031  -3.9421050473818100E-030   2.5537978745512477E-016   4.1267849567251833E-017   9.6728718624026810E-018
  -7.3349807729648515E-018  -3.3890520591464960E-015  -2.9300471052897030E-017  -5.0710007135157151E-017   6.0935111123603252E-031   3.5575805731790081E-031   2.5900062518218996E-031   1.2361118149563292E-030   6.1425899361964123E-031   1.0332382056833333E-030  -8.5304724919068295E-017  -7.0597036298882962E-018  -3.2618631001793905E-015  -2.8200843090437215E-017   9.2375853823361319E-017  -9.4711808728420394E-031   5.7315205098203137E-029   4.5977196594719246E-032  -7.5540494280059715E-031   2.4021058414543228E-033  -8.3153176004267270E-031   1.3908712681091401E-028   7.8297033738468695E-032   5.7878169986948008E-029   1.9292008212592091E-031  -2.0096354672059970E-017   5.6470739897669842E-031   9.7651753778240651E-032  -5.7706717112688488E-033   5.4268769290170519E-031  -1.1424023606273337E-032   7.1375995893418555E-031  -5.5231548565612109E-018  -2.5519166196878076E-015  -2.2062912501675372E-017
   2.5476165095406437E-017   1.6229075243714026E-017  -2.4522550986887880E-015  -7.3604645266193376E-018   4.4208414197550647E-030  -1.6198692791784480E-031   2.1958063548801206E-031   5.2865442836144701E-030  -9.4059354951745208E-031   6.9953234638025761E-030  -9.3426924350843420E-018   2.4520060892687915E-017   1.5620008416408506E-017  -2.3602235312531514E-015  -7.9024714613649573E-016  -4.1934776555098603E-031   4.5977196594719246E-032   3.0329306570661899E-029  -1.0126716533208049E-032   9.8176084108875873E-032  -3.2696038342849455E-031  -9.0266190595766587E-031   3.1813685455916841E-029  -2.4511731939851466E-031   7.5978360786774284E-029  -3.4880792332482187E-017   4.7683314003683912E-030  -4.7716883145271715E-032  -2.3348882801729883E-031   3.9452102308362674E-030   2.7473274803553572E-031   4.3354237795821636E-030   1.9183254779875224E-017   1.2220304118620303E-017  -1.8465194493453949E-015
   1.2259614381567651E-016   4.3552451351612362E-017  -2.5471277847674937E-018   1.0902662038070188E-016  -1.8685907403737265E-030   2.0768455433412144E-032  -3.2938294646146719E-032  -1.2343533418847435E-030   5.7294498009115480E-032  -2.0930124559216269E-030   1.8212015490305194E-016   1.1799518884855912E-016   4.1917955672230024E-017  -2.4515357060248640E-018   1.4123944376742335E-016   3.6325869750682946E-031  -7.5540494280059715E-031  -1.0126716533208049E-032   1.4130766128615208E-031   1.3994630047507347E-033   3.7020779918408532E-032  -1.7387541791484034E-030   2.1628751809077189E-032  -7.4672257711319420E-031   1.5776324999742089E-033   5.6723992859416697E-017  -1.3437597093822073E-030   2.7301692279587137E-032   3.6537696845395296E-032  -9.4539772657415471E-031  -5.3913533752692207E-032  -8.8918898737783893E-031   9.2313464488842029E-017   3.2794487217264688E-017  -1.9179574739416371E-018
  -2.9626003534983356E-018  -3.6744707838555076E-019  -6.7009507029879035E-018   1.4433395229263064E-017   3.1669566549060432E-031  -6.3712068792068832E-033  -5.3671297487271402E-033   4.2993986129760988E-031  -1.8228469534718789E-032   3.8502420897532640E-031   2.4335254298865231E-017  -2.8514158546409085E-018  -3.5365702424647389E-019  -6.4494683034469394E-018  -4.0915083565840544E-017  -9.3740054929260365E-033   2.4021058414543228E-033   9.8176084108875873E-032   1.3994630047507347E-033   1.9776610725041748E-033  -1.0071157474361382E-033  -1.2537148147124582E-032   7.0280694874998937E-032  -3.2608670379731224E-033   2.2585457220000867E-031   5.1383668118616972E-018   1.5912537647050710E-031   1.3264263485235745E-033   2.7761162534579624E-033   1.5309700989744239E-031   1.2300217956398059E-032   1.6947489667236073E-031  -2.2308034658781181E-018  -2.7668335859784721E-019  -5.0457376187281248E-018
  -2.0307106422358103E-017   4.8871297585845619E-017   2.0516013869388180E-017   6.0138791179664519E-017  -2.0145724346864109E-030   1.0946068155243814E-032  -3.1794654538499274E-032  -1.7133989159830942E-030   8.3486420781004897E-032  -2.3171825030869534E-030   1.0005337444807733E-016  -1.9544993689822735E-017   4.7037189004792585E-017   1.9746060973810421E-017   1.8463734710462487E-016   1.0081794348794077E-031  -8.3153176004267270E-031  -3.2696038342849455E-031   3.7020779918408532E-032  -1.0071157474361382E-033   4.7844864301174501E-032  -1.8984805143934690E-030  -2.6745475518867562E-031  -8.1715282058267879E-031  -7.6496827501172303E-031   3.5533784396958218E-017  -1.3476314246116602E-030   2.2071828784121486E-032   2.5350257942224669E-032  -1.0213664016217166E-030  -6.2432203045621824E-032  -1.0127112627610059E-030  -1.5291013968677337E-017   3.6799516312663593E-017   1.5448318836454198E-017
  -3.3182421092336077E-017  -8.2226694157909972E-015  -2.1808310324578452E-017  -4.7048679625592217E-017  -8.1967778684178791E-030   9.7503166887222194E-031   5.8993376661716380E-031  -6.5920447518983445E-030   1.9436220085640046E-030  -8.7291029419249112E-030  -8.3406674078077023E-017  -3.1937106024539737E-017  -7.9140778849814979E-015  -2.0989858368509847E-017   1.2124829810267533E-015  -1.8784029626963505E-030   1.3908712681091401E-028  -9.0266190595766587E-031  -1.7387541791484034E-030  -1.2537148147124582E-032  -1.8984805143934690E-030   3.3806797733685591E-028  -3.1409259057770339E-031   1.4057345906868654E-028  -1.6994835366286711E-030   2.6170004690743387E-017  -4.5570347056260269E-030   3.0429118242964831E-031   4.0883115353969034E-032  -3.4517636627730622E-030  -3.4734852370526386E-031  -3.1315705920382552E-030  -2.4985975543946416E-017  -6.1915740372664035E-015  -1.6421402974442482E-017
   3.7612216989605340E-017   2.0710927296605726E-017  -2.6119609470782964E-015  -1.5207291402619134E-016  -6.0617354908363446E-030  -1.9142141987186754E-032   2.8942986107773191E-031  -6.5758478498333051E-030  -4.8704998183940679E-031  -5.1960136989240076E-030  -2.5612494611380425E-016   3.6200654511398969E-017   1.9933659424609205E-017  -2.5139357211673299E-015   3.5816243205398568E-016  -8.5733686499600756E-032   7.8297033738468695E-032   3.1813685455916841E-029   2.1628751809077189E-032   7.0280694874998937E-032  -2.6745475518867562E-031  -3.1409259057770339E-031   3.4201645348059741E-029  -8.6080091500233862E-032   8.0228040664270144E-029  -5.7039288870536224E-017  -9.4084969775029481E-031  -2.4095934457858111E-032  -2.6032836002091040E-031  -9.7609665592895012E-031  -8.1364592597041731E-032  -8.2956743574969128E-031   2.8321560118861506E-017   1.5595086370750292E-017  -1.9667760879728838E-015
  -5.4052023059698095E-018  -3.4217831158663452E-015  -1.3410370398317358E-017  -5.4804786671195615E-017  -1.5149270341207403E-030   3.8724776581288246E-031   2.6123177284091982E-031  -1.0027442811284008E-030   7.2384819327638521E-031  -1.4506704945703579E-030  -9.3029568372351943E-017  -5.2023485160820480E-018  -3.2933657812480443E-015  -1.2907087763361389E-017   3.2105602354527153E-016  -8.6727919387578203E-031   5.7878169986948008E-029  -2.4511731939851466E-031  -7.4672257711319420E-031  -3.2608670379731224E-033  -8.1715282058267879E-031   1.4057345906868654E-028  -8.6080091500233862E-032   5.8475165323437972E-029  -4.4385476958759401E-031  -1.2920478099828116E-017  -6.9208854414139193E-031   1.0915561504928739E-031   6.8634392858852665E-034  -4.9767417308262111E-031  -8.4094482879124341E-032  -3.6161034034755570E-031  -4.0700542088594717E-018  -2.5765627231307757E-015  -1.0097852289780659E-017
   6.6528877285161829E-017   3.9388167589025167E-017  -6.1692724654049891E-015  -9.1145606383907020E-017   3.9726879010801341E-030  -3.0872439755002624E-031   5.7987550411747375E-031   5.3544954805893727E-030  -2.0265523877185659E-030   9.2225470732857319E-030  -1.4815132213601515E-016   6.4032091017045685E-017   3.7909954819253081E-017  -5.9377436105022830E-015  -1.2022739512320715E-015  -8.0911570995374345E-031   1.9292008212592091E-031   7.5978360786774284E-029   1.5776324999742089E-033   2.2585457220000867E-031  -7.6496827501172303E-031  -1.6994835366286711E-030   8.0228040664270144E-029  -4.4385476958759401E-031   1.9067578014059923E-028  -9.0542832984171191E-017   7.9466381905369767E-030  -9.7318777935840325E-032  -5.8824738421676728E-031   6.4790925950211693E-030   4.4503764354185397E-031   7.2995431875049880E-030   5.0095467602792624E-017   2.9658830178848004E-017  -4.6453901153156622E-015
   2.8484920545025082E-016  -1.8559508155056808E-016   3.3940543249259438E-016  0.11931727538512647       -1.2842222497011528E-015   1.3763776035736070E-018  -4.7636605378625936E-017  -5.3467758728119403E-016   4.4409879025547229E-017  -1.4006371482995986E-015  0.19959583151522009       -4.2459036124942738E-016   8.3478385988924706E-018   3.3548836542618610E-016   7.8950008700446508E-002   1.2864007450614915E-016  -2.0096354672059970E-017  -3.4880792332482187E-017   5.6723992859416697E-017   5.1383668118616972E-018   3.5533784396958218E-017   2.6170004690743387E-017  -5.7039288870536224E-017  -1.2920478099828116E-017  -9.0542832984171191E-017   5.9070317488159114E-002  -1.0331739560431321E-015   3.1211518908158209E-017   3.8996309577111869E-017  -6.7043789486832126E-016  -3.2241045863925499E-017  -6.0011969962948883E-016   1.8787327173727577E-016  -7.2838266982401694E-017   9.0478708277937823E-017
  -2.7243206814856193E-018  -4.9003022428891289E-017  -2.4716701638205095E-017  -1.2902149633003126E-015   1.0819715512234281E-028  -1.1904448517465371E-030   5.4301601793225547E-031   1.0415690807359582E-028  -4.8380680909095042E-030   1.2491368236008511E-028  -2.1207897132909229E-015  -2.6220786665048318E-018  -4.7163970298602969E-017  -2.3789099613929972E-017  -1.0770675540324145E-014  -5.2215300054532380E-030   5.6470739897669842E-031   4.7683314003683912E-030  -1.3437597093822073E-030   1.5912537647050710E-031  -1.3476314246116602E-030  -4.5570347056260269E-030  -9.4084969775029481E-031  -6.9208854414139193E-031   7.9466381905369767E-030  -1.0331739560431321E-015   6.6828671956778153E-029  -8.3244584452611914E-031  -6.9597082357862215E-031   5.3105854732784715E-029   3.5091923257079164E-030   5.3761921222799565E-029  -2.0513816557326419E-018  -3.6898703581049227E-017  -1.8611387666398713E-017
  -5.4436611938892011E-018  -6.1797560416403472E-018   4.3167754739946697E-019   5.8336178818044714E-017  -1.1816102127753608E-030   7.5811588707532213E-033  -2.3631665272150792E-032  -8.3688753813226273E-031   4.8898799533353393E-032  -1.3287691398977552E-030   9.7364046827211994E-017  -5.2393640665102179E-018  -5.9478337448182748E-018   4.1547696478673556E-019   9.7209179504565245E-017   7.4544943002280505E-032   9.7651753778240651E-032  -4.7716883145271715E-032   2.7301692279587137E-032   1.3264263485235745E-033   2.2071828784121486E-032   3.0429118242964831E-031  -2.4095934457858111E-032   1.0915561504928739E-031  -9.7318777935840325E-032   3.1211518908158209E-017  -8.3244584452611914E-031   1.8533266060227470E-032   2.0759022359958735E-032  -5.9710412705764788E-031  -3.4315760206294829E-032  -5.7090649392863630E-031  -4.0990133023019113E-018  -4.6532841257828967E-018   3.2504815161554333E-019
  -1.0619336263738876E-018  -5.8007707896776850E-019   1.7112183302782104E-017   7.8574086743257509E-017  -8.4668450669224954E-031   1.6069872397852485E-033  -3.2940186177512117E-032  -3.5799524790888708E-031   3.4569447511766522E-032  -9.3640514148205383E-031   1.3143078545763308E-016  -1.0220799357039259E-018  -5.5830715672775954E-019   1.6469973994116367E-017   5.4422122936964426E-017   8.4789012945347019E-032  -5.7706717112688488E-033  -2.3348882801729883E-031   3.6537696845395296E-032   2.7761162534579624E-033   2.5350257942224669E-032   4.0883115353969034E-032  -2.6032836002091040E-031   6.8634392858852665E-034  -5.8824738421676728E-031   3.8996309577111869E-017  -6.9597082357862215E-031   2.0759022359958735E-032   2.7215091645074217E-032  -4.5451368358642909E-031  -2.2144890522474172E-032  -4.1052751910605352E-031  -7.9962361830207738E-019  -4.3679126572358124E-019   1.2885274173248020E-017
  -4.7658308776977616E-018  -4.9470935598426577E-017  -2.2729710716324043E-017  -6.7811672030903671E-016   8.7334358674214566E-029  -1.0050054699861224E-030   2.9484867511598053E-031   8.6526921604465864E-029  -3.9495427650716798E-030   1.0111617773196318E-028  -1.1025388319682841E-015  -4.5869722891048308E-018  -4.7614322985774805E-017  -2.1876679192122796E-017  -8.8645197630937278E-015  -3.9881979980940311E-030   5.4268769290170519E-031   3.9452102308362674E-030  -9.4539772657415471E-031   1.5309700989744239E-031  -1.0213664016217166E-030  -3.4517636627730622E-030  -9.7609665592895012E-031  -4.9767417308262111E-031   6.4790925950211693E-030  -6.7043789486832126E-016   5.3105854732784715E-029  -5.9710412705764788E-031  -4.5451368358642909E-031   4.2727404619377906E-029   2.8654740520775004E-030   4.3530415002250237E-029  -3.5886149906156898E-018  -3.7251036732937287E-017  -1.7115206708355434E-017
  -3.7136234404037920E-018  -8.6301780962751220E-019  -1.8820651707788375E-018  -1.6991085962663860E-017   5.8798435458171162E-030  -7.1897439339144239E-032   7.9634655094319816E-033   6.0184650064891576E-030  -2.6989703949226277E-031   6.8303034255334804E-030  -2.6157262912038151E-017  -3.5742535248227809E-018  -8.3062930249784632E-019  -1.8114324671199880E-018  -6.1037366725688207E-016  -2.5519364249336716E-031  -1.1424023606273337E-032   2.7473274803553572E-031  -5.3913533752692207E-032   1.2300217956398059E-032  -6.2432203045621824E-032  -3.4734852370526386E-031  -8.1364592597041731E-032  -8.4094482879124341E-032   4.4503764354185397E-031  -3.2241045863925499E-017   3.5091923257079164E-030  -3.4315760206294829E-032  -2.2144890522474172E-032   2.8654740520775004E-030   1.9559602473104439E-031   2.9408223420657967E-030  -2.7963150790950272E-018  -6.4984233143579141E-019  -1.4171730928957265E-018
   2.2034300196433766E-018  -6.2232134232088985E-017  -4.5862939844105987E-017  -5.0534901907671552E-016   8.9087483423646515E-029  -1.0469792713323648E-030   2.3042135918323192E-031   8.9530136575980531E-029  -4.0570972419439793E-030   1.0331066607846458E-028  -8.1208374858346396E-016   2.1207366984871410E-018  -5.9896601986140042E-017  -4.4141733007468806E-017  -9.1327173179130222E-015  -3.9421050473818100E-030   7.1375995893418555E-031   4.3354237795821636E-030  -8.8918898737783893E-031   1.6947489667236073E-031  -1.0127112627610059E-030  -3.1315705920382552E-030  -8.2956743574969128E-031  -3.6161034034755570E-031   7.2995431875049880E-030  -6.0011969962948883E-016   5.3761921222799565E-029  -5.7090649392863630E-031  -4.1052751910605352E-031   4.3530415002250237E-029   2.9408223420657967E-030   4.4493376013565795E-029   1.6591570708566261E-018  -4.6860070265629649E-017  -3.4534258067838024E-017
  0.15094569823433732        9.5287118601368053E-018   1.5032378418216845E-016   6.1877638196399872E-016  -2.2163690749061992E-017   1.9423121553512183E-017   1.6715010439759182E-017  -3.4963909990414148E-017  -6.8280231873022782E-018  -2.8042299066909388E-017   5.3219399352826130E-016  0.14528080259862838        8.1059258818479230E-017   5.8792556868926502E-018   2.3138679934005719E-016   2.5537978745512477E-016  -5.5231548565612109E-018   1.9183254779875224E-017   9.2313464488842029E-017  -2.2308034658781181E-018  -1.5291013968677337E-017  -2.4985975543946416E-017   2.8321560118861506E-017  -4.0700542088594717E-018   5.0095467602792624E-017   1.8787327173727577E-016  -2.0513816557326419E-018  -4.0990133023019113E-018  -7.9962361830207738E-019  -3.5886149906156898E-018  -2.7963150790950272E-018   1.6591570708566261E-018  0.11366034787072288        2.0205065791016598E-017   1.0628230608968040E-016
   1.2082664010306847E-016  0.15094569823433110       -1.0229805980283242E-016   1.6298542047368861E-016  -5.7789000981167093E-017  -1.5283515451623932E-017  -1.0569493204287945E-017  -1.0183382791075141E-016  -2.6031502385767571E-017  -8.2464847556829505E-017   1.7989513377159868E-016  -1.2895189057918114E-016  0.14528080259864043       -1.3372403681703955E-016  -5.4240224931191478E-016   4.1267849567251833E-017  -2.5519166196878076E-015   1.2220304118620303E-017   3.2794487217264688E-017  -2.7668335859784721E-019   3.6799516312663593E-017  -6.1915740372664035E-015   1.5595086370750292E-017  -2.5765627231307757E-015   2.9658830178848004E-017  -7.2838266982401694E-017  -3.6898703581049227E-017  -4.6532841257828967E-018  -4.3679126572358124E-019  -3.7251036732937287E-017  -6.4984233143579141E-019  -4.6860070265629649E-017   2.0205065791016598E-017  0.11366034787071984       -4.1253125280116332E-017
  -5.1534331543898733E-017   9.3124348574478970E-017  0.15094569823433221       -4.1678304050875024E-016   1.9194587977014141E-016   4.3166984356509938E-018  -1.3121137235741325E-017   1.5510276009176732E-016   3.6228883326139923E-017   1.0894125706634935E-016  -1.1381315057445957E-016   1.8726543211077025E-016   1.6844421990365532E-017  0.14528080259863746       -7.6953379235286000E-016   9.6728718624026810E-018  -2.2062912501675372E-017  -1.8465194493453949E-015  -1.9179574739416371E-018  -5.0457376187281248E-018   1.5448318836454198E-017  -1.6421402974442482E-017  -1.9667760879728838E-015  -1.0097852289780659E-017  -4.6453901153156622E-015   9.0478708277937823E-017  -1.8611387666398713E-017   3.2504815161554333E-019   1.2885274173248020E-017  -1.7115206708355434E-017  -1.4171730928957265E-018  -3.4534258067838024E-017   1.0628230608968040E-016  -4.1253125280116332E-017  0.11366034787072037     
