   2.0173410307697904E-006   2.4540504900067158E-019  -4.0348414927158672E-018  -1.5934934678845420E-015  -5.3467583541059847E-006  -2.1000027638665995E-018   1.4127011836613316E-017   9.4259746468506652E-019   3.4248581865456355E-019   5.0327644114570160E-019   1.8218214453279970E-018   3.3403801706553509E-019   2.0814283098284232E-019  -6.7586458685691799E-016   7.2246348704467113E-016   2.8067432028054059E-006   1.2544784906522038E-018  -9.4742376591778705E-018  -8.7957031470938498E-016  -2.0072730730368790E-003  -1.0579450907977968E-015   2.6918583350609247E-015  -1.1014378154054842E-017   9.6050069814840076E-020   2.7400318871440994E-020  -4.1105331760633863E-018   9.1273077155690096E-020  -4.1391413351483412E-018  -1.8916909017777998E-019   4.5465748031382533E-019   1.0798207491046426E-019  -7.6898002200157404E-019  -2.0198015352904136E-019  -2.8374071225746226E-019  -1.3523546779992053E-018  -2.2038864749277949E-020  -8.4929702378376321E-020  -2.9006013691662520E-019   4.6473617656168775E-016
   2.4540504900067158E-019   2.0173410307820000E-006  -3.3910811790397498E-018  -1.9760421997695789E-016   3.9896398494795065E-018  -5.3467583541205393E-006   9.9150014980416405E-018  -1.0680617662213284E-018   1.0892519726187953E-018  -2.2315389182257631E-019   2.0827692716786897E-019  -3.4883899354890381E-019  -1.2717571425081925E-018  -8.1264493001380978E-017  -4.0566081250827119E-015  -2.8147312740696880E-018   2.8067432027714327E-006  -4.2971090353221109E-018  -1.5301476335821605E-016   8.1325400123673809E-016  -2.0072730730429597E-003   3.9646670012622172E-015  -1.2360415641474499E-018   2.1519838579476974E-018  -3.7959075981301629E-019   7.3086189602811706E-019  -1.7542725419684395E-019   8.6449831532412258E-019   2.0317877423100330E-018  -1.4114733390165940E-019   2.1523522221156167E-018  -4.6321454110971077E-019  -1.1590696884505165E-018  -8.8561947798501436E-019   9.1647050151626751E-020  -1.5492289044209079E-018   3.3094093780940917E-019  -7.1826358316300851E-019  -1.2180695208014552E-015
  -4.0348414927158672E-018  -3.3910811790397498E-018   2.0173410307766815E-006   8.4300285445799701E-016   9.2397691366427486E-018   3.8238228619964536E-018  -5.3467583541125399E-006   1.7642734176914620E-018   6.3728401095241361E-020   6.1538147752423605E-019  -1.1831593734084978E-018  -3.9400238989879763E-019   1.0843998914199181E-018   3.5820478879403309E-016  -2.9937441602989902E-015  -5.5869786892054425E-018  -4.1076208787428284E-018   2.8067432027838294E-006  -1.4432451287271570E-015   1.3187600679322168E-015  -5.9187664651590625E-016  -2.0072730730403112E-003  -1.1849908531242083E-018   6.2646969310664675E-019   3.0487777899965537E-019   1.8435933216821762E-019  -3.9406062028774015E-019   8.8229702375888319E-021   4.5016776271622045E-020  -1.0258078221688319E-018   1.4802642380823271E-018  -1.6776112960713943E-018   4.1011887299983303E-019   3.3380669644675995E-019  -1.6639785463195695E-019   1.5244710940411261E-018   9.5628546811166264E-019   5.5482396442466725E-020  -1.0498561869574832E-015
  -1.5934934678845420E-015  -1.9760421997695789E-016   8.4300285445799701E-016  0.55837099845354854        1.8187758622823449E-015   1.0839675732728352E-016  -6.0244618980494098E-016  -9.9134821639804351E-016   4.5410328239745215E-016  -1.6902627007490433E-016  -5.8802889663630480E-016  -5.4315114382640819E-018  -1.4242649618008861E-015  0.23733060938919390       -3.9369136937202037E-002  -8.5011894506312789E-016  -1.7978077025839678E-016   4.7730833084680823E-016  -3.3102308293833679E-003   1.9336986277869869E-015  -4.2197587511286051E-016   2.5993459174808238E-015   1.1277542535368657E-016   3.4648456621974591E-017  -3.9030176050110007E-017   1.0139061055726627E-016  -4.0798889746316994E-018   1.0325682368606433E-016   1.0162229259072347E-017  -3.0181808421367017E-017   3.1695958586029020E-017  -4.9924044516949472E-017  -6.2206513602470762E-018  -3.2087551419526851E-016   8.6034490156009664E-017   8.0450233891907402E-016   1.4590416549728159E-017   4.0876027404592318E-016  -9.6941266646992319E-002
  -5.3467583541059847E-006   3.9896398494795065E-018   9.2397691366427486E-018   1.8187758622823449E-015   1.4171042209107005E-005  -6.7321677169521525E-018  -3.3588085452026513E-017  -2.4982592392693854E-018  -9.0772402093409161E-019  -1.3338833023655387E-018  -4.8285534691103118E-018  -8.8533397729638977E-019  -5.5166152050789132E-019   7.6886555224193729E-016  -3.0407597474376214E-015  -7.4389889654420639E-006   3.1308868386199465E-018   2.3087310044919913E-017   8.9028815597116952E-017   5.3200742504784038E-003  -1.8129274868979553E-015  -5.6875857529387772E-015   2.9192495226254152E-017  -2.5457099486549564E-019  -7.2621773709777890E-020   1.0894552415146784E-017  -2.4191005900526707E-019   1.0970375447173290E-017   5.0137353963942379E-019  -1.2050236643403785E-018  -2.8619556748596373E-019   2.0381037683100333E-018   5.3532796721996867E-019   7.5202605831804266E-019   3.5842792874475954E-018   5.8411781823307182E-020   2.2509758577119679E-019   7.6877505416694626E-019  -1.2134012929294733E-015
  -2.1000027638665995E-018  -5.3467583541205393E-006   3.8238228619964536E-018   1.0839675732728352E-016  -6.7321677169521525E-018   1.4171042209098391E-005  -1.2592327629211255E-017   2.8307896801075705E-018  -2.8869521788600852E-018   5.9144681892768108E-019  -5.5201692889912181E-019   9.2456246839121779E-019   3.3706636717812616E-018   3.7627384223026517E-017   6.6663233250983725E-015   5.4433458246408261E-018  -7.4389889653272486E-006   4.2044833665810943E-018  -1.1327946489773899E-015  -7.1310036233224649E-016   5.3200742504768044E-003  -5.3698255084578921E-015   3.2760031439062564E-018  -5.7036155488073885E-018   1.0060669144224817E-018  -1.9370755309423621E-018   4.6495219331143965E-019  -2.2912653433637781E-018  -5.3850479017831518E-018   3.7409673188218498E-019  -5.7045918607781517E-018   1.2277032884612980E-018   3.0719969727518521E-018   2.3472448486467679E-018  -2.4290123660166561E-019   4.1060745112490488E-018  -8.7712548198849517E-019   1.9036849769037236E-018   2.0339152336408276E-015
   1.4127011836613316E-017   9.9150014980416405E-018  -5.3467583541125399E-006  -6.0244618980494098E-016  -3.3588085452026513E-017  -1.2592327629211255E-017   1.4171042209093344E-005  -4.6760282426800141E-018  -1.6890568115579000E-019  -1.6310063621992488E-018   3.1358442461972897E-018   1.0442634822755275E-018  -2.8740922284594784E-018  -2.5675038106495839E-016   4.5642187880538715E-015   1.9584183897950636E-017   1.2176971292327011E-017  -7.4389889653685863E-006   2.7605152254729807E-015  -6.9111793332889242E-015   6.4605315175497712E-016   5.3200742504758503E-003   3.1406983979378514E-018  -1.6603945560568539E-018  -8.0804771577058899E-019  -4.8862576252854974E-019   1.0444178160294163E-018  -2.3384390204199219E-020  -1.1931241219529788E-019   2.7187998752925106E-018  -3.9232906387719991E-018   4.4463390549128251E-018  -1.0869785906620998E-018  -8.8472088540139105E-019   4.4102068305958345E-019  -4.0404564391630284E-018  -2.5345379078397634E-018  -1.4705047995065387E-019   1.4971924162147061E-015
   9.4259746468506652E-019  -1.0680617662213284E-018   1.7642734176914620E-018  -9.9134821639804351E-016  -2.4982592392693854E-018   2.8307896801075705E-018  -4.6760282426800141E-018   6.9266183860291724E-029  -2.6418538095280143E-029   9.0168542004832758E-030   6.4052498878157321E-029  -6.1404867291037369E-030   7.6782665264612084E-029  -4.1869039352917543E-016   9.0617236986302047E-015   1.3114436214114917E-018  -1.4860031381420566E-018   2.4546481469601718E-018  -1.5652528522151842E-015  -9.3789323704147771E-016   1.0627313829962524E-015  -1.7554684462516513E-015  -9.0294491459113974E-030  -4.1978311109552620E-030   1.7482309450645930E-031  -1.0007707658593816E-030   7.4392018368490766E-033  -3.6187610901849963E-030  -3.1462721180134619E-030  -2.1607364111266496E-030  -2.6141292032567397E-030  -2.3317395983816002E-030   1.7564106755817702E-028   2.1847185684514121E-029  -3.8965668887962224E-030   1.7880762735586913E-028   3.8724619797333063E-030   1.6296032829137031E-028   2.9389884328955419E-015
   3.4248581865456355E-019   1.0892519726187953E-018   6.3728401095241361E-020   4.5410328239745215E-016  -9.0772402093409161E-019  -2.8869521788600852E-018  -1.6890568115579000E-019  -2.6418538095280143E-029   1.1044242132645727E-029  -2.9252314198963781E-030  -2.4488529630684996E-029   2.1249597903567881E-030  -3.0082941494549577E-029   1.9195245249924843E-016  -3.5987102539723284E-015   4.7650334221612986E-019   1.5154852469608862E-018   8.8665849678828818E-020  -3.4512440687144444E-017  -3.4077657233046725E-016  -1.0838158353062229E-015  -6.3410351317230414E-017  -8.3453754928996548E-031   2.5314474251315561E-030   2.9313024636424118E-032  -8.5193246260256703E-031  -1.5889749052538013E-031   1.2994916612817875E-031   1.9169179183745938E-030   6.7831585680787694E-031   2.2159286095273050E-030  -1.5860157347194930E-031  -6.9560154678405975E-029  -9.1894660251936548E-030   9.1324123266108727E-031  -6.9802637524500465E-029  -9.5314173174272012E-031  -6.4180327778923732E-029  -1.1764801594344081E-015
   5.0327644114570160E-019  -2.2315389182257631E-019   6.1538147752423605E-019  -1.6902627007490433E-016  -1.3338833023655387E-018   5.9144681892768108E-019  -1.6310063621992488E-018   9.0168542004832758E-030  -2.9252314198963781E-030   1.6777443275127576E-030   8.1479446876716462E-030  -8.8557235438910904E-031   9.5511560697968696E-030  -7.1547818822807569E-017   1.0038322810702588E-015   7.0021266051390304E-019  -3.1047584889421714E-019   8.5618532157477396E-019  -1.0120741078937269E-015  -5.0076473595501928E-016   2.2204019615741459E-016  -6.1231028896043607E-016  -2.9359893640580333E-030  -5.8161598567151778E-031   2.4437691655022410E-031  -1.0770834403652182E-030  -2.9202431492320031E-032  -1.4464428824469123E-030  -4.2129296618455116E-031  -2.2620779782373765E-031  -2.4479113549257282E-031  -7.5186068914633504E-031   2.0006737987380229E-029   2.2194385271663490E-030  -9.1129109529618969E-031   2.1286316993100966E-029   7.7090853003438191E-031   1.8865421854131321E-029   3.3439605381259103E-016
   1.8218214453279970E-018   2.0827692716786897E-019  -1.1831593734084978E-018  -5.8802889663630480E-016  -4.8285534691103118E-018  -5.5201692889912181E-019   3.1358442461972897E-018   6.4052498878157321E-029  -2.4488529630684996E-029   8.1479446876716462E-030   6.4885596746731972E-029  -5.6046961044169840E-030   7.1495656653795657E-029  -2.4735238587812878E-016   8.7319949968688580E-015   2.5347151921418331E-018   2.8977740537513226E-019  -1.6461393876599688E-018  -2.1789431047432645E-015  -1.8127292685240526E-015  -2.0723747810262303E-016   1.1772545717778313E-015  -1.2344713777642796E-029  -3.6847328815223149E-030  -4.1003382033603234E-031  -2.6831065543154652E-030   5.2138533164544627E-031  -4.9161488989826849E-030  -1.8863038152064114E-030  -4.2193301952485402E-031  -3.3875714309960604E-030  -5.3426305409248139E-031   1.6877524493079572E-028   1.9526824791997750E-029  -4.1554809102913954E-030   1.7119488729794762E-028   2.6906379381575171E-030   1.5786265243998305E-028   2.7761202019683194E-015
   3.3403801706553509E-019  -3.4883899354890381E-019  -3.9400238989879763E-019  -5.4315114382640819E-018  -8.8533397729638977E-019   9.2456246839121779E-019   1.0442634822755275E-018  -6.1404867291037369E-030   2.1249597903567881E-030  -8.8557235438910904E-031  -5.6046961044169840E-030   8.3796950632657786E-031  -6.7461316894194786E-030  -2.5500783869923235E-018  -8.1122948074539207E-016   4.6474984624620974E-019  -4.8534256680846971E-019  -5.4817877238489902E-019   5.0237667306628577E-016  -3.3237093124058233E-016   3.4709804039088809E-016   3.9203603946690040E-016  -1.2684689716576829E-030  -8.9573287142825364E-032  -1.1861974690827347E-032  -9.0246395561858852E-031   9.3038842809165461E-032  -6.6813317353661258E-031  -2.3690559397009277E-031   3.9125648324596095E-031  -3.2098512785057792E-031   3.6611643431201603E-031  -1.5911564246975367E-029  -1.6975620683772952E-030   1.2613694970524664E-031  -1.6654130744772587E-029  -6.3122677150892231E-031  -1.5090571754708904E-029  -2.4872472496344933E-016
   2.0814283098284232E-019  -1.2717571425081925E-018   1.0843998914199181E-018  -1.4242649618008861E-015  -5.5166152050789132E-019   3.3706636717812616E-018  -2.8740922284594784E-018   7.6782665264612084E-029  -3.0082941494549577E-029   9.5511560697968696E-030   7.1495656653795657E-029  -6.7461316894194786E-030   8.6093806298064851E-029  -6.0237497895012066E-016   1.0178577785339122E-014   2.8959083625140257E-019  -1.7694061939972760E-018   1.5087345064322759E-018  -1.4088981654325358E-015  -2.0710405111980242E-016   1.2654101753678436E-015  -1.0789879694595376E-015  -5.1594170861782907E-030  -5.0595153741735679E-030   3.1351775668297988E-032   4.9968513092877494E-031   1.4314928685228363E-031  -2.3381205651414479E-030  -3.5726170519786762E-030  -2.1880846013993726E-030  -3.6581923497968347E-030  -1.4932752837221530E-030   1.9659596834382402E-028   2.4787335031319256E-029  -3.7090635428216814E-030   1.9883781946670312E-028   3.8586516050962434E-030   1.8215787727187523E-028   3.3484940745531215E-015
  -6.7586458685691799E-016  -8.1264493001380978E-017   3.5820478879403309E-016  0.23733060938919390        7.6886555224193729E-016   3.7627384223026517E-017  -2.5675038106495839E-016  -4.1869039352917543E-016   1.9195245249924843E-016  -7.1547818822807569E-017  -2.4735238587812878E-016  -2.5500783869923235E-018  -6.0237497895012066E-016  0.10087536941789210       -1.6356377396013259E-002  -3.5865029315234055E-016  -7.1854117419460775E-017   2.0328186281117499E-016  -1.4079141757428883E-003  -4.2507676565518940E-016  -4.0952854715317884E-015   3.4300808900839496E-016   4.7762108826306523E-017   1.4588232138237369E-017  -1.6615369023123951E-017   4.3161797004581224E-017  -1.7272380479574876E-018   4.3857726290872697E-017   4.2306171888527952E-018  -1.2905506397867005E-017   1.3369398437643501E-017  -2.1253258165158526E-017   4.6446033630640619E-018  -1.3549721542342414E-016   3.6458585540949583E-017   3.4931893096423905E-016   6.3250444934270774E-018   1.8051992164225797E-016  -4.1087962378917452E-002
   7.2246348704467113E-016  -4.0566081250827119E-015  -2.9937441602989902E-015  -3.9369136937202037E-002  -3.0407597474376214E-015   6.6663233250983725E-015   4.5642187880538715E-015   9.0617236986302047E-015  -3.5987102539723284E-015   1.0038322810702588E-015   8.7319949968688580E-015  -8.1122948074539207E-016   1.0178577785339122E-014  -1.6356377396013259E-002   1.2715895273301301        3.2262412449773261E-015  -3.0645726468274368E-015  -2.2530164744225218E-015   2.0619058826626215E-004   1.8970650310427226E-015  -1.1687495965751513E-015  -8.7774604651206554E-016  -5.8851080832985852E-016  -4.6881744228186237E-016  -8.5013547979401387E-017   2.1752767501942129E-016   2.3352500333870084E-017  -1.0981009984049907E-016  -2.9952955444287240E-016  -2.5739243595250500E-016  -3.4708617971526330E-016  -1.0906954959911257E-016   2.4520802194661258E-014   3.0115083394684878E-015  -3.7422300347432284E-016   2.4742744002577283E-014   4.1387816950933627E-016   2.2778774067857851E-014  0.39730716193912480     
   2.8067432028054059E-006  -2.8147312740696880E-018  -5.5869786892054425E-018  -8.5011894506312789E-016  -7.4389889654420639E-006   5.4433458246408261E-018   1.9584183897950636E-017   1.3114436214114917E-018   4.7650334221612986E-019   7.0021266051390304E-019   2.5347151921418331E-018   4.6474984624620974E-019   2.8959083625140257E-019  -3.5865029315234055E-016   3.2262412449773261E-015   3.9050449509215012E-006  -2.6458325735149644E-018  -1.3144395999497789E-017   8.8080615767910467E-016  -2.7927355702326430E-003   1.6684861083064516E-015   3.7186085920747753E-015  -1.5324395104988832E-017   1.3363525376339842E-019   3.8122289476158228E-020  -5.7190186864041668E-018   1.2698898450927517E-019  -5.7588214539249857E-018  -2.6319251427832983E-019   6.3256869959522522E-019   1.5023635079544193E-019  -1.0698882424562654E-018  -2.8101665225714504E-019  -3.9477079151571579E-019  -1.8815422094539744E-018  -3.0662854120931209E-020  -1.1816339490014938E-019  -4.0356305909335261E-019   1.1228909344964821E-015
   1.2544784906522038E-018   2.8067432027714327E-006  -4.1076208787428284E-018  -1.7978077025839678E-016   3.1308868386199465E-018  -7.4389889653272486E-006   1.2176971292327011E-017  -1.4860031381420566E-018   1.5154852469608862E-018  -3.1047584889421714E-019   2.8977740537513226E-019  -4.8534256680846971E-019  -1.7694061939972760E-018  -7.1854117419460775E-017  -3.0645726468274368E-015  -2.6458325735149644E-018   3.9050449508033325E-006  -5.1293231453000841E-018   7.8905452869563353E-016   2.2299929046592586E-016  -2.7927355701903973E-003   4.9087019631127330E-015  -1.7197148154881791E-018   2.9940728779140083E-018  -5.2812775266238065E-019   1.0168541796049428E-018  -2.4407338461118069E-019   1.2027836311835769E-018   2.8268430315874213E-018  -1.9637944897487879E-019   2.9945853860173738E-018  -6.4447420879688518E-019  -1.6126232103831220E-018  -1.2321696788668684E-018   1.2750929621700888E-019  -2.1554549432005117E-018   4.6044085434433543E-019  -9.9932604303801380E-019  -9.1515420992050483E-016
  -9.4742376591778705E-018  -4.2971090353221109E-018   2.8067432027838294E-006   4.7730833084680823E-016   2.3087310044919913E-017   4.2044833665810943E-018  -7.4389889653685863E-006   2.4546481469601718E-018   8.8665849678828818E-020   8.5618532157477396E-019  -1.6461393876599688E-018  -5.4817877238489902E-019   1.5087345064322759E-018   2.0328186281117499E-016  -2.2530164744225218E-015  -1.3144395999497789E-017  -5.1293231453000841E-018   3.9050449508481228E-006  -1.9779136002104306E-015   5.6760644339512822E-015  -1.2423123070353075E-015  -2.7927355702064096E-003  -1.6486875404734648E-018   8.7161244730112031E-019   4.2417896668528349E-019   2.5650065831967328E-019  -5.4825978880324470E-019   1.2275471217166068E-020   6.2632211849496395E-020  -1.4272148775603281E-018   2.0595038345903150E-018  -2.3340744228784938E-018   5.7060176818759395E-019   4.6442800796321314E-019  -2.3151070657710456E-019   2.1210091976683818E-018   1.3304878533658952E-018   7.7193115482507973E-020  -7.6652724388626641E-016
  -8.7957031470938498E-016  -1.5301476335821605E-016  -1.4432451287271570E-015  -3.3102308293833679E-003   8.9028815597116952E-017  -1.1327946489773899E-015   2.7605152254729807E-015  -1.5652528522151842E-015  -3.4512440687144444E-017  -1.0120741078937269E-015  -2.1789431047432645E-015   5.0237667306628577E-016  -1.4088981654325358E-015  -1.4079141757428883E-003   2.0619058826626215E-004   8.8080615767910467E-016   7.8905452869563353E-016  -1.9779136002104306E-015   1.9998880282035596        7.3674478680734398E-016   3.2190615217331672E-016  -1.1361216676926798E-015  -1.0362126531997820E-015   3.6214664834987613E-016  -3.1433326001956989E-016   3.3884256288848479E-016  -5.8334639921627489E-017   4.1292594838761675E-016  -1.4534291823985667E-016  -2.9873157574942628E-016   4.0648776338119617E-016   5.2818806237991830E-017  -1.2496028726442757E-015   6.7955865081505167E-016   3.9265755338659555E-016  -2.9892989294223492E-015  -4.2857366629687866E-016  -2.2434233618182903E-015   9.7487252047787217E-004
  -2.0072730730368790E-003   8.1325400123673809E-016   1.3187600679322168E-015   1.9336986277869869E-015   5.3200742504784038E-003  -7.1310036233224649E-016  -6.9111793332889242E-015  -9.3789323704147771E-016  -3.4077657233046725E-016  -5.0076473595501928E-016  -1.8127292685240526E-015  -3.3237093124058233E-016  -2.0710405111980242E-016  -4.2507676565518940E-016   1.8970650310427226E-015  -2.7927355702326430E-003   2.2299929046592586E-016   5.6760644339512822E-015   7.3674478680734398E-016   1.9972553615297495        5.0823332087973627E-016   4.0659461881349321E-015   1.0959408621379739E-014  -9.5570712072146596E-017  -2.7263571912323163E-017   4.0900187099193386E-015  -9.0817559982383920E-017   4.1184840940684396E-015   1.8822500270153043E-016  -4.5238841810384840E-016  -1.0744316802911105E-016   7.6514226812817549E-016   2.0097212980125493E-016   2.8232464553782862E-016   1.3456054722224014E-015   2.1928875243752235E-017   8.4505843128849358E-017   2.8861253181015125E-016  -2.1253054176106790E-016
  -1.0579450907977968E-015  -2.0072730730429597E-003  -5.9187664651590625E-016  -4.2197587511286051E-016  -1.8129274868979553E-015   5.3200742504768044E-003   6.4605315175497712E-016   1.0627313829962524E-015  -1.0838158353062229E-015   2.2204019615741459E-016  -2.0723747810262303E-016   3.4709804039088809E-016   1.2654101753678436E-015  -4.0952854715317884E-015  -1.1687495965751513E-015   1.6684861083064516E-015  -2.7927355701903973E-003  -1.2423123070353075E-015   3.2190615217331672E-016   5.0823332087973627E-016   1.9972553615297628        1.3601180728559092E-015   1.2298728430318002E-015  -2.1412439373261076E-015   3.7769633360039127E-016  -7.2721437854294722E-016   1.7455174819501883E-016  -8.6018385764185494E-016  -2.0216476852675884E-015   1.4044290893553882E-016  -2.1416104630985175E-015   4.6090277312164699E-016   1.1532851113160237E-015   8.8119961076306542E-016  -9.1189666586941851E-017   1.5414971570040376E-015  -3.2928930860105882E-016   7.1467894009211529E-016  -6.4066439538792032E-016
   2.6918583350609247E-015   3.9646670012622172E-015  -2.0072730730403112E-003   2.5993459174808238E-015  -5.6875857529387772E-015  -5.3698255084578921E-015   5.3200742504758503E-003  -1.7554684462516513E-015  -6.3410351317230414E-017  -6.1231028896043607E-016   1.1772545717778313E-015   3.9203603946690040E-016  -1.0789879694595376E-015   3.4300808900839496E-016  -8.7774604651206554E-016   3.7186085920747753E-015   4.9087019631127330E-015  -2.7927355702064096E-003  -1.1361216676926798E-015   4.0659461881349321E-015   1.3601180728559092E-015   1.9972553615297570        1.1790769111447147E-015  -6.2334316650555071E-016  -3.0335622337401667E-016  -1.8343924878077755E-016   3.9209397924373335E-016  -8.7789373763697572E-018  -4.4792110735604997E-017   1.0206883160264334E-015  -1.4728766731825175E-015   1.6692388298556236E-015  -4.0807208997962349E-016  -3.3214076508230972E-016   1.6556741171771836E-016  -1.5168629057369712E-015  -9.5151292765914837E-016  -5.5205500115810843E-017  -4.8178239162523813E-016
  -1.1014378154054842E-017  -1.2360415641474499E-018  -1.1849908531242083E-018   1.1277542535368657E-016   2.9192495226254152E-017   3.2760031439062564E-018   3.1406983979378514E-018  -9.0294491459113974E-030  -8.3453754928996548E-031  -2.9359893640580333E-030  -1.2344713777642796E-029  -1.2684689716576829E-030  -5.1594170861782907E-030   4.7762108826306523E-017  -5.8851080832985852E-016  -1.5324395104988832E-017  -1.7197148154881791E-018  -1.6486875404734648E-018  -1.0362126531997820E-015   1.0959408621379739E-014   1.2298728430318002E-015   1.1790769111447147E-015   6.2414887528900917E-029  -2.1781795331115989E-030   9.9052309504212869E-032   2.1628698095507940E-029  -1.4053831244788231E-031   2.1917854906193237E-029  -2.4491325209396426E-032  -1.5258843786141963E-030  -2.8242262804647867E-030   5.4820008497352163E-030  -9.0019572623766438E-030   1.1239304760392447E-031   7.4074902182958605E-030  -9.4655479996529158E-030  -2.6581811043903584E-031  -7.2019569945970256E-030  -1.9845569483760515E-016
   9.6050069814840076E-020   2.1519838579476974E-018   6.2646969310664675E-019   3.4648456621974591E-017  -2.5457099486549564E-019  -5.7036155488073885E-018  -1.6603945560568539E-018  -4.1978311109552620E-030   2.5314474251315561E-030  -5.8161598567151778E-031  -3.6847328815223149E-030  -8.9573287142825364E-032  -5.0595153741735679E-030   1.4588232138237369E-017  -4.6881744228186237E-016   1.3363525376339842E-019   2.9940728779140083E-018   8.7161244730112031E-019   3.6214664834987613E-016  -9.5570712072146596E-017  -2.1412439373261076E-015  -6.2334316650555071E-016  -2.1781795331115989E-030   2.7339558595614064E-030  -3.3609995498736037E-031   6.2639151718069478E-031  -3.2446710317480863E-031   8.4688312603064590E-031   2.2565082407728849E-030  -4.0811745970036858E-031   2.9632362529884078E-030  -1.0039107024808969E-030  -1.0358275501768205E-029  -1.8503126224378666E-030   1.9359663951380630E-031  -1.0786467243526646E-029   4.1671841422641377E-031  -9.5266876954292939E-030  -1.4946624520682577E-016
   2.7400318871440994E-020  -3.7959075981301629E-019   3.0487777899965537E-019  -3.9030176050110007E-017  -7.2621773709777890E-020   1.0060669144224817E-018  -8.0804771577058899E-019   1.7482309450645930E-031   2.9313024636424118E-032   2.4437691655022410E-031  -4.1003382033603234E-031  -1.1861974690827347E-032   3.1351775668297988E-032  -1.6615369023123951E-017  -8.5013547979401387E-017   3.8122289476158228E-020  -5.2812775266238065E-019   4.2417896668528349E-019  -3.1433326001956989E-016  -2.7263571912323163E-017   3.7769633360039127E-016  -3.0335622337401667E-016   9.9052309504212869E-032  -3.3609995498736037E-031   1.7615153582069962E-031  -2.4151218958030619E-031  -1.7435864363584292E-032  -2.8272552014173510E-031  -3.3526317846774627E-031  -5.5215996605440858E-032  -2.2214624768763015E-031  -1.7380272869785088E-031  -1.2218597915340765E-030  -7.7681342403002329E-032  -1.0314978654908300E-031  -7.8068087233115061E-031   1.1877471607770962E-031  -1.1141879842602686E-030  -2.0297509748117283E-017
  -4.1105331760633863E-018   7.3086189602811706E-019   1.8435933216821762E-019   1.0139061055726627E-016   1.0894552415146784E-017  -1.9370755309423621E-018  -4.8862576252854974E-019  -1.0007707658593816E-030  -8.5193246260256703E-031  -1.0770834403652182E-030  -2.6831065543154652E-030  -9.0246395561858852E-031   4.9968513092877494E-031   4.3161797004581224E-017   2.1752767501942129E-016  -5.7190186864041668E-018   1.0168541796049428E-018   2.5650065831967328E-019   3.3884256288848479E-016   4.0900187099193386E-015  -7.2721437854294722E-016  -1.8343924878077755E-016   2.1628698095507940E-029   6.2639151718069478E-031  -2.4151218958030619E-031   8.7730644119392070E-030  -2.9210768631039049E-031   8.8187034652792720E-030   1.0499325786989128E-030  -1.1734638815381014E-030   7.0874471984111530E-031   1.2256554514696887E-030   4.1579343380582886E-030   8.7383209727720835E-031   2.7907171712702595E-030   3.6539377634379517E-030   3.8373304366034306E-031   4.0684843214124751E-030   5.1609702641740672E-017
   9.1273077155690096E-020  -1.7542725419684395E-019  -3.9406062028774015E-019  -4.0798889746316994E-018  -2.4191005900526707E-019   4.6495219331143965E-019   1.0444178160294163E-018   7.4392018368490766E-033  -1.5889749052538013E-031  -2.9202431492320031E-032   5.2138533164544627E-031   9.3038842809165461E-032   1.4314928685228363E-031  -1.7272380479574876E-018   2.3352500333870084E-017   1.2698898450927517E-019  -2.4407338461118069E-019  -5.4825978880324470E-019  -5.8334639921627489E-017  -9.0817559982383920E-017   1.7455174819501883E-016   3.9209397924373335E-016  -1.4053831244788231E-031  -3.2446710317480863E-031  -1.7435864363584292E-032  -2.9210768631039049E-031   9.8511200030734507E-032  -2.7885796335466278E-031  -1.9530223834948303E-031   2.3744820525101209E-031  -4.8979947407097986E-031   3.2997350056489315E-031   4.9377636143365056E-031   3.5871531407494243E-032  -5.5446185022320141E-032   3.6794760286328510E-031  -1.9947953454154501E-031   5.1549509963521044E-031   7.7945136337913857E-018
  -4.1391413351483412E-018   8.6449831532412258E-019   8.8229702375888319E-021   1.0325682368606433E-016   1.0970375447173290E-017  -2.2912653433637781E-018  -2.3384390204199219E-020  -3.6187610901849963E-030   1.2994916612817875E-031  -1.4464428824469123E-030  -4.9161488989826849E-030  -6.6813317353661258E-031  -2.3381205651414479E-030   4.3857726290872697E-017  -1.0981009984049907E-016  -5.7588214539249857E-018   1.2027836311835769E-018   1.2275471217166068E-020   4.1292594838761675E-016   4.1184840940684396E-015  -8.6018385764185494E-016  -8.7789373763697572E-018   2.1917854906193237E-029   8.4688312603064590E-031  -2.8272552014173510E-031   8.8187034652792720E-030  -2.7885796335466278E-031   8.9760068655563195E-030   1.2550020894179750E-030  -1.0442507191641948E-030   8.2509311711261090E-031   1.3826643667303381E-030  -2.3213627551801625E-030   4.3393633750170378E-032   2.9402392567780099E-030  -3.0842580403921358E-030   2.0082790500486762E-031  -1.9431502854135362E-030  -4.9395500298456731E-017
  -1.8916909017777998E-019   2.0317877423100330E-018   4.5016776271622045E-020   1.0162229259072347E-017   5.0137353963942379E-019  -5.3850479017831518E-018  -1.1931241219529788E-019  -3.1462721180134619E-030   1.9169179183745938E-030  -4.2129296618455116E-031  -1.8863038152064114E-030  -2.3690559397009277E-031  -3.5726170519786762E-030   4.2306171888527952E-018  -2.9952955444287240E-016  -2.6319251427832983E-019   2.8268430315874213E-018   6.2632211849496395E-020  -1.4534291823985667E-016   1.8822500270153043E-016  -2.0216476852675884E-015  -4.4792110735604997E-017  -2.4491325209396426E-032   2.2565082407728849E-030  -3.3526317846774627E-031   1.0499325786989128E-030  -1.9530223834948303E-031   1.2550020894179750E-030   2.1461934457012354E-030  -1.2539751217284468E-031   2.2429193041150610E-030  -4.1006775592488582E-031  -6.8233331664491425E-030  -1.6168814927090445E-030   2.7510866846041036E-031  -7.1332305245582569E-030   2.9629549824999849E-031  -5.8960806275692514E-030  -9.3752453521686875E-017
   4.5465748031382533E-019  -1.4114733390165940E-019  -1.0258078221688319E-018  -3.0181808421367017E-017  -1.2050236643403785E-018   3.7409673188218498E-019   2.7187998752925106E-018  -2.1607364111266496E-030   6.7831585680787694E-031  -2.2620779782373765E-031  -4.2193301952485402E-031   3.9125648324596095E-031  -2.1880846013993726E-030  -1.2905506397867005E-017  -2.5739243595250500E-016   6.3256869959522522E-019  -1.9637944897487879E-019  -1.4272148775603281E-018  -2.9873157574942628E-016  -4.5238841810384840E-016   1.4044290893553882E-016   1.0206883160264334E-015  -1.5258843786141963E-030  -4.0811745970036858E-031  -5.5215996605440858E-032  -1.1734638815381014E-030   2.3744820525101209E-031  -1.0442507191641948E-030  -1.2539751217284468E-031   7.3335360474017395E-031  -8.7092614491468404E-031   7.3003537904169742E-031  -5.0012724727674552E-030  -8.6701594839094844E-031  -2.1469937353048465E-031  -5.3416626623163224E-030  -5.5017142993528732E-031  -4.3955574312049305E-030  -7.4687403807231721E-017
   1.0798207491046426E-019   2.1523522221156167E-018   1.4802642380823271E-018   3.1695958586029020E-017  -2.8619556748596373E-019  -5.7045918607781517E-018  -3.9232906387719991E-018  -2.6141292032567397E-030   2.2159286095273050E-030  -2.4479113549257282E-031  -3.3875714309960604E-030  -3.2098512785057792E-031  -3.6581923497968347E-030   1.3369398437643501E-017  -3.4708617971526330E-016   1.5023635079544193E-019   2.9945853860173738E-018   2.0595038345903150E-018   4.0648776338119617E-016  -1.0744316802911105E-016  -2.1416104630985175E-015  -1.4728766731825175E-015  -2.8242262804647867E-030   2.9632362529884078E-030  -2.2214624768763015E-031   7.0874471984111530E-031  -4.8979947407097986E-031   8.2509311711261090E-031   2.2429193041150610E-030  -8.7092614491468404E-031   3.5665739570059553E-030  -1.7279105127321789E-030  -7.8652760363378291E-030  -1.4078920953885854E-030   8.8188744705584977E-032  -7.8368581480349415E-030   8.5116730552904918E-031  -7.3724326258938328E-030  -1.1154637146197106E-016
  -7.6898002200157404E-019  -4.6321454110971077E-019  -1.6776112960713943E-018  -4.9924044516949472E-017   2.0381037683100333E-018   1.2277032884612980E-018   4.4463390549128251E-018  -2.3317395983816002E-030  -1.5860157347194930E-031  -7.5186068914633504E-031  -5.3426305409248139E-031   3.6611643431201603E-031  -1.4932752837221530E-030  -2.1253258165158526E-017  -1.0906954959911257E-016  -1.0698882424562654E-018  -6.4447420879688518E-019  -2.3340744228784938E-018   5.2818806237991830E-017   7.6514226812817549E-016   4.6090277312164699E-016   1.6692388298556236E-015   5.4820008497352163E-030  -1.0039107024808969E-030  -1.7380272869785088E-031   1.2256554514696887E-030   3.2997350056489315E-031   1.3826643667303381E-030  -4.1006775592488582E-031   7.3003537904169742E-031  -1.7279105127321789E-030   1.8104126593839293E-030  -2.2060085574700533E-030  -1.8481573105537218E-031   6.6813082861602252E-031  -3.2545174248239382E-030  -8.8823243772610969E-031  -1.8898911954875837E-030  -2.5970698935377987E-017
  -2.0198015352904136E-019  -1.1590696884505165E-018   4.1011887299983303E-019  -6.2206513602470762E-018   5.3532796721996867E-019   3.0719969727518521E-018  -1.0869785906620998E-018   1.7564106755817702E-028  -6.9560154678405975E-029   2.0006737987380229E-029   1.6877524493079572E-028  -1.5911564246975367E-029   1.9659596834382402E-028   4.6446033630640619E-018   2.4520802194661258E-014  -2.8101665225714504E-019  -1.6126232103831220E-018   5.7060176818759395E-019  -1.2496028726442757E-015   2.0097212980125493E-016   1.1532851113160237E-015  -4.0807208997962349E-016  -9.0019572623766438E-030  -1.0358275501768205E-029  -1.2218597915340765E-030   4.1579343380582886E-030   4.9377636143365056E-031  -2.3213627551801625E-030  -6.8233331664491425E-030  -5.0012724727674552E-030  -7.8652760363378291E-030  -2.2060085574700533E-030   4.7541624062694845E-028   5.7946835772720456E-029  -7.3123985724321535E-030   4.8231730378197550E-028   8.2984859237656654E-030   4.4261430995381640E-028   7.5468640665334641E-015
  -2.8374071225746226E-019  -8.8561947798501436E-019   3.3380669644675995E-019  -3.2087551419526851E-016   7.5202605831804266E-019   2.3472448486467679E-018  -8.8472088540139105E-019   2.1847185684514121E-029  -9.1894660251936548E-030   2.2194385271663490E-030   1.9526824791997750E-029  -1.6975620683772952E-030   2.4787335031319256E-029  -1.3549721542342414E-016   3.0115083394684878E-015  -3.9477079151571579E-019  -1.2321696788668684E-018   4.6442800796321314E-019   6.7955865081505167E-016   2.8232464553782862E-016   8.8119961076306542E-016  -3.3214076508230972E-016   1.1239304760392447E-031  -1.8503126224378666E-030  -7.7681342403002329E-032   8.7383209727720835E-031   3.5871531407494243E-032   4.3393633750170378E-032  -1.6168814927090445E-030  -8.6701594839094844E-031  -1.4078920953885854E-030  -1.8481573105537218E-031   5.7946835772720456E-029   7.9387690520707428E-030  -6.6101299801256026E-031   5.7880854618949933E-029   8.4868464167747657E-031   5.3097897370488636E-029   9.7566370843042425E-016
  -1.3523546779992053E-018   9.1647050151626751E-020  -1.6639785463195695E-019   8.6034490156009664E-017   3.5842792874475954E-018  -2.4290123660166561E-019   4.4102068305958345E-019  -3.8965668887962224E-030   9.1324123266108727E-031  -9.1129109529618969E-031  -4.1554809102913954E-030   1.2613694970524664E-031  -3.7090635428216814E-030   3.6458585540949583E-017  -3.7422300347432284E-016  -1.8815422094539744E-018   1.2750929621700888E-019  -2.3151070657710456E-019   3.9265755338659555E-016   1.3456054722224014E-015  -9.1189666586941851E-017   1.6556741171771836E-016   7.4074902182958605E-030   1.9359663951380630E-031  -1.0314978654908300E-031   2.7907171712702595E-030  -5.5446185022320141E-032   2.9402392567780099E-030   2.7510866846041036E-031  -2.1469937353048465E-031   8.8188744705584977E-032   6.6813082861602252E-031  -7.3123985724321535E-030  -6.6101299801256026E-031   1.1218322548670231E-030  -7.8397983302925649E-030  -2.0928594494531373E-031  -6.8380618608844012E-030  -1.2815527616589343E-016
  -2.2038864749277949E-020  -1.5492289044209079E-018   1.5244710940411261E-018   8.0450233891907402E-016   5.8411781823307182E-020   4.1060745112490488E-018  -4.0404564391630284E-018   1.7880762735586913E-028  -6.9802637524500465E-029   2.1286316993100966E-029   1.7119488729794762E-028  -1.6654130744772587E-029   1.9883781946670312E-028   3.4931893096423905E-016   2.4742744002577283E-014  -3.0662854120931209E-020  -2.1554549432005117E-018   2.1210091976683818E-018  -2.9892989294223492E-015   2.1928875243752235E-017   1.5414971570040376E-015  -1.5168629057369712E-015  -9.4655479996529158E-030  -1.0786467243526646E-029  -7.8068087233115061E-031   3.6539377634379517E-030   3.6794760286328510E-031  -3.0842580403921358E-030  -7.1332305245582569E-030  -5.3416626623163224E-030  -7.8368581480349415E-030  -3.2545174248239382E-030   4.8231730378197550E-028   5.7880854618949933E-029  -7.8397983302925649E-030   4.9266895700254027E-028   9.2393017092496456E-030   4.5031217043381413E-028   7.4916493943138443E-015
  -8.4929702378376321E-020   3.3094093780940917E-019   9.5628546811166264E-019   1.4590416549728159E-017   2.2509758577119679E-019  -8.7712548198849517E-019  -2.5345379078397634E-018   3.8724619797333063E-030  -9.5314173174272012E-031   7.7090853003438191E-031   2.6906379381575171E-030  -6.3122677150892231E-031   3.8586516050962434E-030   6.3250444934270774E-018   4.1387816950933627E-016  -1.1816339490014938E-019   4.6044085434433543E-019   1.3304878533658952E-018  -4.2857366629687866E-016   8.4505843128849358E-017  -3.2928930860105882E-016  -9.5151292765914837E-016  -2.6581811043903584E-031   4.1671841422641377E-031   1.1877471607770962E-031   3.8373304366034306E-031  -1.9947953454154501E-031   2.0082790500486762E-031   2.9629549824999849E-031  -5.5017142993528732E-031   8.5116730552904918E-031  -8.8823243772610969E-031   8.2984859237656654E-030   8.4868464167747657E-031  -2.0928594494531373E-031   9.2393017092496456E-030   7.3903650267290229E-031   7.8695698639610394E-030   1.2506522277199909E-016
  -2.9006013691662520E-019  -7.1826358316300851E-019   5.5482396442466725E-020   4.0876027404592318E-016   7.6877505416694626E-019   1.9036849769037236E-018  -1.4705047995065387E-019   1.6296032829137031E-028  -6.4180327778923732E-029   1.8865421854131321E-029   1.5786265243998305E-028  -1.5090571754708904E-029   1.8215787727187523E-028   1.8051992164225797E-016   2.2778774067857851E-014  -4.0356305909335261E-019  -9.9932604303801380E-019   7.7193115482507973E-020  -2.2434233618182903E-015   2.8861253181015125E-016   7.1467894009211529E-016  -5.5205500115810843E-017  -7.2019569945970256E-030  -9.5266876954292939E-030  -1.1141879842602686E-030   4.0684843214124751E-030   5.1549509963521044E-031  -1.9431502854135362E-030  -5.8960806275692514E-030  -4.3955574312049305E-030  -7.3724326258938328E-030  -1.8898911954875837E-030   4.4261430995381640E-028   5.3097897370488636E-029  -6.8380618608844012E-030   4.5031217043381413E-028   7.8695698639610394E-030   4.1308683107394448E-028   6.9475173670463709E-015
   4.6473617656168775E-016  -1.2180695208014552E-015  -1.0498561869574832E-015  -9.6941266646992319E-002  -1.2134012929294733E-015   2.0339152336408276E-015   1.4971924162147061E-015   2.9389884328955419E-015  -1.1764801594344081E-015   3.3439605381259103E-016   2.7761202019683194E-015  -2.4872472496344933E-016   3.3484940745531215E-015  -4.1087962378917452E-002  0.39730716193912480        1.1228909344964821E-015  -9.1515420992050483E-016  -7.6652724388626641E-016   9.7487252047787217E-004  -2.1253054176106790E-016  -6.4066439538792032E-016  -4.8178239162523813E-016  -1.9845569483760515E-016  -1.4946624520682577E-016  -2.0297509748117283E-017   5.1609702641740672E-017   7.7945136337913857E-018  -4.9395500298456731E-017  -9.3752453521686875E-017  -7.4687403807231721E-017  -1.1154637146197106E-016  -2.5970698935377987E-017   7.5468640665334641E-015   9.7566370843042425E-016  -1.2815527616589343E-016   7.4916493943138443E-015   1.2506522277199909E-016   6.9475173670463709E-015  0.13699664453561414     
