 4.1380058262094510E-005 -7.0681904808689692E-017  2.5888716513653194E-017 -3.6504251961174414E-017  3.3040486592766956E-005 -1.3534219627738091E-006  4.4559991769115832E-005  9.0823014261262793E-003 -3.1723036696382293E-004 -2.0123727097925322E-014 -6.5888008299102037E-018 -5.3643270272993957E-016  1.9014622187217519E-014 -8.2642454499168481E-016  1.1002920450856081E-016  8.7937595382626290E-017  4.9517994213606003E-017 -6.4823466792596517E-017  9.6307319994268167E-016  4.8387650183962684E-017  1.7688471849125768E-016 -1.1376224602893558E-015  1.1702634380125221E-017 -3.8271863956834106E-016 -7.1621946972781668E-006 -2.5887273424710894E-014  9.2434633343004294E-015 -2.6668961575811328E-014 -5.1733013208016985E-015  4.0353528186313278E-015 -2.6267657202128886E-015 -2.3811597688390159E-015 -9.8802487282513896E-018 -1.4256086298637523E-016  7.1654564800988901E-015 -2.0909649480167583E-016  3.0376535927193760E-015  8.0745818226236615E-016 -5.8789342347927148E-018 -5.0857795771321746E-017  3.8395011086184426E-015 -7.0424347550448308E-017  2.7010691237974913E-015 -1.2111079276568817E-013 -7.4637951877348639E-017 -3.2508063359814999E-015  1.1347161297332547E-013 -4.9705515594885120E-015  6.3623798307488675E-016 -2.8247260240993830E-018  2.4063484358642963E-018 -1.1522800262348819E-019 -2.2129618818779142E-018  2.1260461743386169E-020 -8.9569277155051557E-019 -2.7665538754492551E-018 -9.0680642114719163E-019 -3.2890875986435072E-019  2.8525042032741253E-018 -1.4200383635567235E-016 -5.6619528520606711E-019 -3.4359026127241629E-019 -5.2541676193256766E-017  1.4559348815189432E-019 -2.9430192518053323E-017 -6.3624894420750259E-019  2.3748976594161788E-019 -6.2172065823558766E-019 -3.5725917343433047E-019 -1.0942371460848962E-016 -1.2825109830035719E-019 -4.4128216712252469E-017 -2.2924350358985132E-019 -1.9201454620656031E-017 -8.8340329091797866E-019 -3.5972088893356959E-019  2.1049594384439372E-019  3.3101287628235887E-019 -6.7186980804067173E-020  4.3004549583135830E-019  1.3161883735297554E-018  4.7090427391103124E-019 -9.6936898423645882E-019  2.5386170448106359E-019
-7.0681904808689692E-017  5.5970257518297694E-006 -1.3710011756787061E-016 -3.8134005620539839E-016  3.3941369180865291E-017  1.3000777763274443E-016 -1.0794182666018589E-016 -5.6974948714666961E-015  8.7306590234785129E-015 -2.4580841784966815E-015 -1.7454551698178284E-016 -6.0285843299652866E-016  7.5639842883348881E-016  4.1830285566913513E-017  1.7152840178628606E-015  1.8637255742232348E-006  7.8345703651355671E-017  8.1814838259909985E-016 -5.5664946897126126E-005  1.7524569577605231E-015  6.2788095984414247E-015  8.0152391237312730E-005 -2.2145134304877440E-015 -6.7616692003532111E-015  1.0307049298057813E-015  3.3437862911862791E-003 -6.5333480812890254E-014 -8.9556563120235522E-014 -5.2825493500804508E-005 -4.4828371700486591E-015  2.4611213132567922E-014 -6.1177068214159205E-016 -7.9030476859648840E-017 -1.7249843003815760E-016  2.3786156958207638E-016 -1.8858638541835882E-017  3.9774284610043992E-016 -1.9333900533335712E-016 -3.9356870031185844E-017 -6.4097300980981411E-017  9.7018365603240907E-017 -1.7961542645693025E-017  1.2108472394582723E-016 -1.4788912843049597E-014 -1.1230757888211932E-015 -3.6626802142037630E-015  4.6419281198675302E-015  1.8632992922973011E-016  1.0170393854704682E-014  1.6119726323075584E-016 -1.2342028815883782E-018  8.4073046386300783E-019  8.1978035287782830E-017  1.4306996426715077E-019  9.2454804684554407E-017  3.2808861013214178E-018  2.9935206385301521E-019  1.2804716571358148E-018 -4.0637231743130001E-018 -1.7088840164234730E-019 -4.4722158794832577E-019  6.6794372846101594E-019 -4.9432503184139608E-019  5.6773478531299248E-020  1.6752082171113385E-019 -6.6759741391680864E-019  2.9228293884393113E-019 -5.8680556111791936E-019  8.6636563812120596E-019  9.6573620200753333E-019  2.6386044688301870E-020 -3.1180160813938619E-019  4.2046826829620716E-019  1.1614259540307615E-018  1.4635542963347295E-017 -2.8117033002555100E-018 -2.1002095936609697E-019  1.0310845714842849E-017  4.6701291667301365E-019  6.8998629343649131E-018 -5.4033732235547274E-018 -1.2032869336785364E-018 -1.6874436331341817E-018 -2.5504309195296443E-018
 2.5888716513653194E-017 -1.3710011756787061E-016  5.5970257527655748E-006 -2.8920208198667644E-016 -2.2531854575139816E-017 -5.2124617367168209E-017  3.9847045380395297E-017  1.7549515366754094E-015 -1.4952883044978688E-014 -1.1940514317323325E-015 -9.2085427137941212E-018 -6.8017439800620806E-016  1.7030675509880636E-015 -1.6216190928732969E-015 -5.2166191574102845E-016  3.7085439712332099E-016  1.8637255726549501E-006  6.3160494019674600E-016  2.3649718929085253E-015 -5.5664946911496222E-005  4.7773911833904475E-015 -2.3994783211137710E-015  8.0152391253437771E-005 -5.1117964028346563E-015  6.8979569120002944E-015 -1.6551647205598208E-014  3.3437862914651199E-003 -6.3609707778855551E-014  3.4948985979527114E-015 -5.2825493549626159E-005 -9.3493192788313140E-015 -3.0340435781352021E-016 -7.1582214150075842E-018 -2.0812521444692214E-016  4.6242298304765641E-016 -4.7702354521842135E-016 -1.8411844284626234E-016 -1.0098797151028359E-016 -6.5406878874008708E-018 -8.0441702407566994E-017  1.6423392910471904E-016 -1.7949580266947740E-016 -7.8729089245704098E-017 -7.1335033719714571E-015 -1.0322716562743464E-016 -4.2066053151883019E-015  1.0382525748346791E-014 -9.9416625429970232E-015 -3.2249333742116159E-015 -1.7644761019403281E-018  5.9799959427817812E-017 -1.5329034436432773E-018 -6.4311764168245923E-020  1.3653066025408034E-020 -2.0480178448611544E-019  7.6068033043068924E-017 -9.6772874070567710E-019  6.8165726791870737E-017  5.3489817983246167E-018  4.4194564408010476E-019 -1.2449797462615167E-018  1.9886115147442588E-020  3.8860328430219879E-019 -7.5163680006920193E-021  6.9937075966938285E-020 -9.7424280231187160E-019  9.4895727942465952E-020 -4.1772991328550109E-019  1.7372827394258523E-019 -2.0331239726806389E-019  4.1865719459592425E-019 -6.7652683882743646E-019 -9.3686722971116692E-020 -2.6654253267161669E-019 -1.2928953441051775E-018 -1.5807749835638125E-017  8.8991263944325468E-019 -1.3607616787916218E-018  3.5884339332484255E-020 -1.6662916394086417E-018 -3.6691509062288497E-017  1.8535906630498353E-018 -1.1266770489402546E-017  2.9286034156247539E-018
-3.6504251961174414E-017 -3.8134005620539839E-016 -2.8920208198667644E-016  5.5970257522993950E-006  6.7412157939208639E-017  1.6280892469245131E-016 -7.5649754049935222E-017  1.9756024184859471E-015  4.1994757399623849E-015 -1.7045353848552885E-015 -3.3053340673255948E-015 -2.4111204890692726E-015  3.5464669254740588E-015 -2.7785306814275796E-015 -1.8478339614489209E-015  4.8672847783792967E-016  3.7539748480569903E-016  1.8637255735693939E-006  5.3847324412966205E-015  4.2560322399600586E-015 -5.5664946903909586E-005 -6.2875204852709879E-015 -4.9736554935328470E-015  8.0152391245025148E-005 -2.7448362917381983E-015 -1.3768776700381902E-013 -1.0892502178005969E-013  3.3437862913263125E-003  7.3637791827771415E-015  2.1693557323773649E-014 -5.2825493524501942E-005 -4.5016251798719965E-016 -8.5867930457518658E-016 -6.8960349739232016E-016  1.0034572181836324E-015 -8.1704780650242192E-016 -5.3781204280388784E-016 -1.5182696460512544E-016 -2.9311925447926922E-016 -2.5540181223471464E-016  3.7380239859411556E-016 -3.0561435207833043E-016 -2.0200284298573879E-016 -1.0310861438987186E-014 -1.9978748092365343E-014 -1.4712997037047948E-014  2.1581721661767298E-014 -1.7005887582739336E-014 -1.1281733885875730E-014 -1.3911218991719070E-018 -1.1428550540501815E-018  4.9976249401409496E-017 -5.5675386882791220E-019 -2.1813332817234913E-019 -2.0742592061816025E-019 -1.3437773674664914E-018  5.2358670489380988E-017 -6.3183738741208234E-019  6.5349337079067310E-017  3.7494355607829392E-019  2.5353983913441696E-019 -1.0701902126531204E-018  4.6712026351682648E-019  2.2370654296663358E-019 -5.9995142721169726E-019  1.6182022940782941E-019 -2.6300104107741730E-019  5.7303888612032667E-019 -7.1618919320220245E-019  2.1458915112336048E-018  5.6327726977453564E-019  2.2864072674279102E-019  3.1246444260153810E-019 -1.5071544092570483E-018 -9.1619721713911478E-019 -3.6273822374951228E-019 -1.1233595184732671E-017  1.1643701687103466E-020  4.5521156223411510E-019 -1.0324040087107011E-018 -1.7323567451091033E-018 -1.1521108522684086E-017  1.1053521484529788E-018 -1.2833592261665984E-017
 3.3040486592766956E-005  3.3941369180865291E-017 -2.2531854575139816E-017  6.7412157939208639E-017  2.6496083607624156E-005 -9.9467168816373039E-007  3.5612932105498882E-005  7.2685596810983053E-003  2.2450074943448426E-004  2.2593594678214780E-015  1.5624486133909518E-015  1.0866521553428437E-015 -1.7707303195734254E-014  2.4250215006549765E-015  1.4811737959625775E-014  9.2677572507890658E-017  3.9959609971942648E-017 -2.2575808789733813E-017 -1.5021677704137648E-016  5.0961328885844511E-016 -8.3021982057399013E-016  3.9737780412744466E-016 -6.3388991145770781E-016  1.0857164329431979E-015  1.2386392328884047E-005  3.2246207766818374E-014 -1.6490786960708749E-014  3.6057572906359915E-014  4.2323069565496392E-015 -5.7818205994091878E-015  1.3345435044962372E-014  2.6068590957879506E-015  3.8476692901221160E-016  2.6543297718685556E-016 -2.5786274097413640E-015  6.0513938550096426E-016  6.0429562766897075E-015  2.0712455819424728E-015  1.2299508647630366E-016  8.2702094730852576E-017  3.3281341549929108E-016  1.9477871113568998E-016  3.2986998911529945E-015  1.3196699791889523E-014  9.3614002827608721E-015  6.5076799092639219E-015 -1.0722158191324251E-013  1.4565949598445318E-014  8.8769386626149300E-014 -2.2770866575566684E-018  1.8523375010401955E-018 -4.9340327127131192E-021 -1.8731248578391504E-018  1.3412663455223866E-020 -7.8736153442299009E-019 -2.2391439461900554E-018 -6.6889452011650183E-019 -3.7244281388813797E-019  2.1333184992713489E-018 -1.0878182695447077E-016 -4.8012642857848616E-019 -2.8311720279259842E-019 -3.9327616076632686E-017  1.2360078409594157E-019 -2.0206604864872885E-017 -5.3563520557734952E-019  1.9332138956931926E-019 -3.7165719482601060E-019 -2.9528659366452961E-019 -8.3087103390975105E-017 -1.0148905365654467E-019 -3.1988769124870625E-017 -1.7858300011218576E-019 -8.3448091717834253E-018 -8.5259052685060106E-019 -2.9233775942432300E-019  9.4986746857327598E-020  2.9073749100667668E-019 -4.9744370262097128E-020  3.3197861727020687E-019  9.3471827972606855E-019  3.6386003542474817E-019 -7.5572301250601463E-019  1.6274220235085740E-019
-1.3534219627738091E-006  1.3000777763274443E-016 -5.2124617367168209E-017  1.6280892469245131E-016 -9.9467168816373039E-007  1.0888294113185388E-007 -1.4323630798265892E-006 -2.8453422396844489E-004  3.6918851578818208E-004  9.4119092249954699E-014  1.9006391007108018E-015  2.1665976532162520E-015 -8.3923093175980759E-014  4.1225680910636998E-015 -1.0041560189711364E-014  3.6886264460306261E-017 -1.2839520550147530E-017  5.4404795937780705E-017 -1.3076623451440342E-015  5.2333896560019942E-016 -1.6192881730510725E-015  1.8668922978996387E-015 -7.3979552100504629E-016  2.3314949489093397E-015  1.8491673681032339E-005  7.6509719939875225E-014 -2.9812783776506301E-014  9.7215883548981435E-014  1.7643068097485138E-014 -2.7168074756548530E-014  1.3315820715823144E-014  2.3395447694969708E-014  4.7603875596158335E-016  5.4240196088247024E-016 -2.1123482000518620E-014  1.0315279407709407E-015 -2.6585119702426449E-015  7.5162236696405340E-015  1.5479309405049490E-016  1.7637787838494821E-016 -6.9364198767648499E-015  3.3523168006794298E-016 -9.4373242487463700E-016  5.6532854668185923E-013  1.1421963338037915E-014  1.3019020363767659E-014 -5.0436344850919330E-013  2.4769384967888645E-014 -6.0483603110541702E-014  7.9615075572967745E-020 -1.3089352305395306E-019  6.7757278393126648E-020 -7.3639086798426429E-021 -3.3420023515460249E-021 -2.5165818248118605E-020  6.8144059468712762E-020  7.0484135126386395E-020 -7.2410797313334695E-020 -2.0196936246888685E-019  8.0999813703870185E-018 -1.6751842442802014E-021  4.6107348256703840E-021  3.6905410445830994E-018  7.6212661638920810E-022  3.4350279562433270E-018  9.3764486661720825E-022 -5.0065879373561393E-021  1.1326258149370827E-019  4.1187130973636586E-021  6.7956632268160788E-018  4.9077364974264522E-021  3.8825204993161061E-018  1.0887984870330166E-020  5.8787897740177738E-018 -8.2089482922525433E-020  9.8768820476306358E-021 -6.2520116589805667E-020  1.1117841558282087E-020  4.9743852495758194E-021 -1.9412284006909248E-020 -1.3119509854776961E-019 -2.5958893287028741E-020  4.5698119416571190E-020 -3.7547967745979497E-020
 4.4559991769115832E-005 -1.0794182666018589E-016  3.9847045380395297E-017 -7.5649754049935222E-017  3.5612932105498882E-005 -1.4323630798265892E-006  4.7994057361798893E-005  9.7851152982974914E-003 -2.0196384585755182E-004 -4.7512232354944405E-014 -9.6786216038544406E-016 -1.6530478035190321E-015  3.9458242270317733E-014 -2.3920277952457632E-015  7.0246259241217642E-015  8.0029145937244258E-017  6.3344158525391604E-017 -8.5538735557273159E-017  1.3420201130312768E-015 -4.9625771836850023E-017  5.4012445326852770E-016 -1.6727484179206411E-015  1.7252447685781765E-016 -9.2294131350818763E-016 -9.6364299345844351E-006 -4.7318752052475013E-014  1.7783073464509716E-014 -5.0698101709924172E-014 -9.8357180647301725E-015  7.6453131339845591E-015 -8.1946479932325298E-015 -9.0492680422115486E-015 -2.5074402761994065E-016 -4.2234143834910534E-016  1.2441723585649964E-014 -6.0063105744104425E-016  4.9792810070308496E-015 -1.2467891837187913E-015 -8.4219192353489376E-017 -1.4198701689216373E-016  5.6578234638124475E-015 -1.9762831786407708E-016  3.4538631004886255E-015 -2.8574298095713379E-013 -5.8522704673585236E-015 -9.9614197220625361E-015  2.3617924745197951E-013 -1.4377259242125386E-014  4.2120796393403643E-014 -3.0535125008185368E-018  2.5716125527517523E-018 -9.6468033390987139E-020 -2.4140090447136652E-018  2.1807826646686179E-020 -9.8522790186541794E-019 -2.9884317930953215E-018 -9.5944705789572947E-019 -3.8520418616810457E-019  3.0300065998165132E-018 -1.5156894080872411E-016 -6.1923738671954111E-019 -3.7249773239201136E-019 -5.5813280294935336E-017  1.5892268622724994E-019 -3.0729558360636409E-017 -6.9455173095552871E-019  2.5684054866365329E-019 -6.3184663102291328E-019 -3.8758945755204415E-019 -1.1658015427556584E-016 -1.3787968813221954E-019 -4.6573017155309351E-017 -2.4562022241477950E-019 -1.8640922437526330E-017 -9.9366698401188206E-019 -3.9188008105238461E-019  2.0647107971048859E-019  3.6093814376156207E-019 -7.0972179661110368E-020  4.5478943273436593E-019  1.3847239768802973E-018  5.0577308581960764E-019 -1.0389251338233239E-018  2.6051259317743036E-019
 9.0823014261262793E-003 -5.6974948714666961E-015  1.7549515366754094E-015  1.9756024184859471E-015  7.2685596810983053E-003 -2.8453422396844489E-004  9.7851152982974914E-003  1.9958572380868438E+000  5.7510501006408869E-006 -6.2977359250621895E-014  3.3076272718745546E-015  2.2309545415900518E-015 -8.4788803196927846E-014  2.9999471538956778E-015 -4.8085149773642273E-014  2.1427975373878826E-014  1.1853315236951650E-014 -1.1780279308097641E-014  1.1069141261109285E-013  5.6111899636120192E-014 -6.3502863451262646E-014 -1.0736177176585990E-013 -5.7585487981172820E-014  6.1415028064208914E-014 -2.3847058017827105E-005  2.3965813146494071E-014 -2.5582277756488007E-014  3.7020796076310666E-014  7.0411204308817385E-016 -6.0917525033333499E-015  1.8171327704986577E-014  5.5524917389986131E-013 -8.9383227440910547E-016 -1.2289536372278912E-015  4.9689788542304634E-013  3.1015498188773558E-016  6.3919050937403713E-013  5.2178598885387449E-013 -8.4558451307980498E-016 -1.3758684662366439E-015  4.8788967840546186E-013 -4.0543168765386516E-016  5.7918613906728701E-013 -4.5426238094376585E-013  1.2459400017766686E-014  7.4611720295762785E-015 -7.1018168443448811E-013  1.6908903149545841E-014 -3.2362476397263853E-013 -6.2395377148219946E-016  5.1817394226663116E-016 -1.2273790450422603E-017 -5.0117687485667360E-016  4.1402700936045073E-018 -2.0705151359859884E-016 -6.1168127424648241E-016 -1.9085221079253474E-016 -8.8032758045093302E-017  6.0512263118463082E-016 -3.0496541375264579E-014 -1.2855981559006721E-016 -7.6682293501758429E-017 -1.1149717569763756E-014  3.3025600091597494E-017 -5.9796656112153179E-015 -1.4387367065513965E-016  5.2666967543756597E-017 -1.1809613692782527E-016 -7.9866187792879711E-017 -2.3392487726291215E-014 -2.8021948430499936E-017 -9.2127742481299500E-015 -4.9675154626043345E-017 -3.1970788106751364E-015 -2.1525136358371623E-016 -8.0155161958118540E-017  3.5724538923143001E-017  7.6015610169964263E-017 -1.4141972357902743E-017  9.1976002953189186E-017  2.7215211285035882E-016  1.0192407602650541E-016 -2.1015883987479632E-016  4.9717320472379086E-017
-3.1723036696382293E-004  8.7306590234785129E-015 -1.4952883044978688E-014  4.1994757399623849E-015  2.2450074943448426E-004  3.6918851578818208E-004 -2.0196384585755182E-004  5.7510501006408869E-006  2.0000648684087037E+000  2.2619108445480941E-013 -4.6637200833255705E-016 -1.3952910832992808E-016  2.2007854096253030E-013  6.7443475876750041E-016  2.2913840518413483E-013 -3.9615568402688093E-014  6.8108867266617033E-014 -2.9089576927707808E-014 -2.0425384331465181E-013  3.5435138341390129E-013 -1.4412602069249085E-013  1.9952917612907752E-013 -3.4285285398671119E-013  1.4254200161030261E-013  7.3154320462845250E-006  9.7862403482508703E-016 -3.1630581418610350E-015  5.4323200369742205E-015  4.0853249127029914E-017  7.9707455733498718E-016  6.1813246223612106E-015 -2.7998953785637690E-013  2.4760467964825164E-015  1.7705555062897341E-015 -2.7509522860422286E-013  2.9504299291387829E-015 -2.3750991744205738E-013 -2.5719255572507181E-013  1.7567922455977825E-015  1.4283852949274563E-015 -2.5898113199422175E-013  2.5210087080337904E-015 -2.2491677325813221E-013  4.7581787676059059E-013  5.5186348727279980E-015  4.2519823904679709E-015  4.3603168243241573E-013  5.5514235375155377E-015  5.4629629957309008E-013 -1.2540758675541538E-016 -3.0162844972308381E-016  3.8766729725535800E-016 -4.2646086751636948E-016 -1.5532974886029873E-017 -2.9080000321332463E-016 -1.0972381456556307E-016  2.4726053984866359E-016 -4.4532174204591666E-016 -6.2024240302036722E-016  2.0356190995530165E-014 -1.2692224583313616E-016 -3.3410036043767036E-017  1.1365806714479023E-014  2.9535581198647499E-017  1.3990756697826890E-014 -1.2462217402957886E-016  1.3842084467260519E-017  5.3885460349411268E-016 -3.8611394995553039E-017  1.8753587382318106E-014  4.3854871611532625E-018  1.3884604870918194E-014  1.9736807819264322E-017  2.9296487925272702E-014 -6.0191563818552755E-016 -5.0336726490387112E-017 -2.9500585163442513E-016  7.3992839749219086E-017  1.9322104967187699E-017 -1.0314909717678283E-016 -4.8173269706838121E-016 -3.0963769170749738E-017  7.9603381886675619E-017 -1.8138509150624674E-016
-2.0123727097925322E-014 -2.4580841784966815E-015 -1.1940514317323325E-015 -1.7045353848552885E-015  2.2593594678214780E-015  9.4119092249954699E-014 -4.7512232354944405E-014 -6.2977359250621895E-014  2.2619108445480941E-013  5.1446726351775773E-002  3.0826578269461726E-016  4.3211555211018322E-016 -2.5723363175918848E-002  7.3292066860391841E-016 -2.5723363175884795E-002  5.6715218969838747E-015  3.2455726973380093E-015  4.0085894128629490E-015  3.3374295730313830E-014  1.9679183733520937E-014  2.3474942191868273E-014 -3.1192245371808109E-014 -1.8631706938506135E-014 -2.1864762415243319E-014  6.7315266280769042E-014  4.0161944982515027E-015 -3.5957410447856990E-015  4.2122956407244569E-015 -1.4652566245422136E-015  4.6662304490136596E-015  1.4540330001581003E-015  1.2866633959385162E-002  1.6691292445407372E-016 -3.0956513123392840E-016 -6.4333169797103655E-003  4.6534296056085007E-016 -6.4333169797141133E-003  4.1774602576333340E-003  2.4763177619523034E-016 -1.1514269423541887E-016 -2.0887301288295464E-003  1.5701449743096342E-016 -2.0887301288341335E-003  3.0910116599149762E-001  2.3900152690458639E-015  8.7343327017441131E-016 -1.5455058299585478E-001  3.1819165358319927E-015 -1.5455058299564048E-001 -4.0136661920171509E-016  1.9920171359387452E-017 -9.9538239711038890E-017 -1.8383918271418648E-016  2.5422338145135663E-018 -1.7669466414096670E-016  4.2717702813126462E-017 -7.3476495888661143E-017  2.1772636560068506E-017 -1.9577457652576732E-016 -4.3521059189684322E-015  6.3820051960767100E-017  7.4704326015218819E-017 -6.7987136632444627E-016  2.2997540551231127E-017 -1.0660874860295903E-015  5.5730661206398425E-017  1.5901776118877159E-017  2.1903493252777405E-017  2.6939627591767606E-017  1.9270272947718470E-015 -3.9773943247396628E-017  9.1187010402582694E-016 -3.6200070014667606E-017 -6.4804472303073715E-016 -2.1870418412815058E-016  1.6349965101364878E-016  8.5196667457468421E-017 -9.7237811477407500E-017 -3.8960404522217131E-019 -9.6567232704795960E-017  3.5689403640183983E-016  9.1431496845904988E-017  1.5447242108008644E-016  1.9534545732010396E-016
-6.5888008299102037E-018 -1.7454551698178284E-016 -9.2085427137941212E-018 -3.3053340673255948E-015  1.5624486133909518E-015  1.9006391007108018E-015 -9.6786216038544406E-016  3.3076272718745546E-015 -4.6637200833255705E-016  3.0826578269461726E-016  5.1446726351776856E-002  2.8449465006651455E-016  6.9193782646467198E-016  5.8980598191572196E-017  4.6143644462252188E-016 -2.6143967780864402E-016  1.1205777064869766E-015  7.5026335809363072E-015  1.3618995910487913E-015  3.8098041865578060E-015  4.4542326059363017E-014 -1.3931099712043493E-015 -3.5240472666819980E-015 -4.1550955570955323E-014 -1.1524898924603681E-016  5.1524922769737763E-015  4.2328681763743030E-015  8.6127574361682277E-015 -4.6491123426468231E-016  1.9917187969202178E-015 -1.7217553934869457E-015  9.2151763650423297E-016  1.2866633959407601E-002 -2.2594773274771176E-016  5.6064094339291137E-016 -5.3776427755550367E-016  1.0960199761655031E-015  6.8311174316978645E-016  4.1774602576499942E-003 -4.5536491246212678E-017  2.9974124311289053E-016 -2.2616457318298347E-016  7.1321529411412305E-016 -5.0979186148293564E-016  3.0910116599150728E-001  9.0205620754130042E-016  3.8684333505671070E-016 -8.0491169281255339E-016 -7.6848249979139200E-016  3.8348044377971643E-016 -2.0871779602276200E-016 -1.4084452533301875E-016  1.5233379230927982E-016  1.8811918840485670E-018  1.4851617529044283E-016 -4.6570187963659950E-016 -1.5463288042466984E-016 -1.9523394489537922E-016 -3.4525541591918802E-016  4.5619645974965985E-017 -1.1126934598249702E-015  3.8283286737430716E-017 -2.5706069271431328E-017  2.9534545537712705E-017  3.4218716143636610E-017 -1.1744282312241900E-015  6.3965869783124695E-017 -3.1262279076525250E-016  2.5263014248926511E-017 -1.6285226584992452E-016  1.0852476974629605E-017 -1.6991841617180120E-017  1.0576581940426658E-017  8.6542011020005907E-017 -2.7774234628974136E-016  1.2429854109887671E-017  5.9693148910783993E-017 -1.2654115658796272E-016 -8.3298385325714051E-019 -1.2609959334227637E-016  3.5086694493069173E-017  6.3618460462301856E-017  2.1327306667698350E-017  1.4145783306408685E-016
-5.3643270272993957E-016 -6.0285843299652866E-016 -6.8017439800620806E-016 -2.4111204890692726E-015  1.0866521553428437E-015  2.1665976532162520E-015 -1.6530478035190321E-015  2.2309545415900518E-015 -1.3952910832992808E-016  4.3211555211018322E-016  2.8449465006651455E-016  5.1446726351769924E-002 -3.5865407867224980E-016 -4.6317116807828511E-016  5.1261078716246300E-016  1.2405989533216480E-015  1.6017964141195703E-015  5.1154208931780063E-015  7.9555586942849138E-015  9.3653692743771820E-015  2.9965043692034218E-014 -7.5298549342481577E-015 -8.7306591321181411E-015 -2.7798689237613899E-014  9.1109288287125417E-016  2.2901984680594427E-015  9.0706197551744257E-015  1.7206715305268396E-014  7.7978839534894936E-016 -1.7085318555057891E-015  9.3163044855705077E-016 -6.6136332521204466E-017 -2.6237692574114414E-016  1.2866633959406583E-002  3.4897757426952954E-016 -1.1310397063395221E-015 -1.3946905696360658E-016 -1.1769522802094216E-016 -1.2576745200882748E-016  4.1774602576510594E-003  2.6905154538659952E-017 -7.4896686075543528E-016 -1.4479181200492877E-016  8.1830158970667126E-016  2.6367796838596865E-016  3.0910116599148613E-001 -2.4054109399560486E-015 -1.6965595594671735E-015  7.2121128519408118E-016  2.1962441055079134E-017 -1.6919743794110941E-017 -1.4828552875363594E-016 -1.6018982324332788E-017 -6.5643619890007887E-018 -5.1480999959116694E-018 -6.2002921606262676E-017 -1.5681587885772756E-016 -2.1277172351440304E-017 -3.3591875047328402E-016 -1.6828976954051160E-017 -4.0331060011809147E-018 -4.3138430264573346E-016 -2.2037539527651548E-017 -7.1750858132444518E-017  3.9269879878148019E-017 -8.0085499824084223E-018 -3.7244745861755448E-016  3.8134591896716443E-017 -1.5710477625338622E-016 -5.2573248900169914E-017 -1.6574294870237010E-016 -1.8259839337677506E-017 -1.7102574528312175E-016 -1.6422089379819006E-018 -3.2443033650407173E-017 -7.8284790177537528E-018 -3.6738084008353623E-017 -1.4176433988230436E-017  5.4661346466737592E-019 -1.2340854558830335E-017 -8.3414694622452759E-018 -3.5760067776889119E-017 -9.1272017504771951E-018 -6.9366841935101249E-017
 1.9014622187217519E-014  7.5639842883348881E-016  1.7030675509880636E-015  3.5464669254740588E-015 -1.7707303195734254E-014 -8.3923093175980759E-014  3.9458242270317733E-014 -8.4788803196927846E-014  2.2007854096253030E-013 -2.5723363175918848E-002  6.9193782646467198E-016 -3.5865407867224980E-016  5.1446726351825699E-002 -3.4152368452855723E-017 -2.5723363175910289E-002 -1.0608000269926323E-015 -3.1562160440284513E-015 -7.8509593934970427E-015 -7.1307148430750344E-015 -2.1588303371549367E-014 -4.8721165219152695E-014  6.6577715877117360E-015  2.0441255883744133E-014  4.5661703408356303E-014  6.2410955146850605E-014 -5.7029257085576993E-015 -9.7968146039957563E-015 -1.8967637570433509E-014 -2.5336271838353232E-015  4.2232750900248574E-015  3.1977983626036831E-015 -6.4333169796952621E-003 -5.9197438619198824E-017  5.1766587978434371E-016  1.2866633959392226E-002 -4.0801238255442998E-016 -6.4333169797047484E-003 -2.0887301288166856E-003 -1.3583697968458019E-016  2.0148203310154347E-016  4.1774602576390273E-003 -2.3168722799085029E-016 -2.0887301288262982E-003 -1.5455058299581284E-001  3.1866870252826759E-015  8.7863744051248140E-016  3.0910116599163828E-001  7.9450335190499681E-016 -1.5455058299581564E-001 -5.2536641751345474E-017 -1.3022829861109312E-016 -2.6536737781229536E-017 -3.6196316775000558E-017  2.5335084712219757E-018 -2.9314825486498707E-017 -2.8965322347984832E-016 -2.4051732324009609E-017 -1.2309783507545473E-016 -6.2002243447726349E-017  2.4551690872026935E-015 -4.5989500668506246E-017 -2.9865793754925701E-017  9.6122039371583024E-017 -2.5545811148904350E-017  7.1820941933574056E-016 -3.6808781056971608E-017  3.1176462226736899E-018 -2.0987006310794835E-017 -3.4856656040946614E-017 -2.2419100871253066E-015  3.1075213425096792E-017 -6.1784395979143787E-016 -6.0546172378145363E-017 -7.8512207768982226E-016  5.8528829606023820E-017  9.2003613681597187E-018 -1.2499197212692591E-016  2.7866212763193914E-017 -1.5638758606983287E-018  2.5019765259441527E-017  2.2566261691028381E-017 -1.2875034771381353E-016  1.1476454946891876E-017 -2.6604381407333208E-016
-8.2642454499168481E-016  4.1830285566913513E-017 -1.6216190928732969E-015 -2.7785306814275796E-015  2.4250215006549765E-015  4.1225680910636998E-015 -2.3920277952457632E-015  2.9999471538956778E-015  6.7443475876750041E-016  7.3292066860391841E-016  5.8980598191572196E-017 -4.6317116807828511E-016 -3.4152368452855723E-017  5.1446726351775024E-002  6.7545795361307639E-017 -2.1310849709771935E-016  3.2226829402262567E-015  6.0474982193849860E-015 -1.6389262014368619E-015  2.0416315227975195E-014  3.7664486466424872E-014  1.5791713451822840E-015 -1.9124211225819532E-014 -3.5199600873398282E-014  2.3642319449386083E-015  4.1083258633641378E-015  1.4773618897685708E-014  2.2443539616573182E-014  1.2402556679919705E-016 -2.0464816899211224E-015 -3.7257349820992439E-015  5.9423427008066962E-016 -4.5883435939514446E-016 -1.1972844590778967E-015  5.1361367416116979E-016  1.2866633959409315E-002  7.0137038538059356E-016  3.7615547341427688E-016 -2.9251774613703682E-016 -8.8161899655880295E-016  5.8418845932831296E-016  4.1774602576528271E-003  7.8843181982991729E-016  5.7137454492678456E-016  2.2204460497236301E-016 -1.5092094240608710E-015 -9.1506663368569966E-016  3.0910116599149984E-001 -6.5746019731403009E-016 -1.1021642420020612E-016  2.2676306426019171E-017 -1.7100354273968686E-017 -6.5838932523916927E-017  6.0694909028080907E-018 -3.9161264633978966E-017  4.3080958571746810E-017 -1.0836844393012271E-017  2.4970414354064494E-018 -3.5527166515556736E-017 -1.0138510166253778E-016 -2.9323010032086759E-017 -1.9660900887400091E-016 -3.3964823798395854E-017  3.2220694725378747E-017  5.6065408585615199E-019 -4.4656623178997127E-017 -6.7106651781563771E-017  4.8314209003131910E-019 -1.9863304835640846E-016 -1.8782462668224934E-017 -1.3295556331932936E-016  1.0040395656121734E-016  7.0062989567912150E-016  9.5119520985293550E-017 -1.2951995056949137E-016 -1.7173541730239951E-017 -3.5286709159851004E-017 -5.6800923460306228E-017  1.4475086023313258E-018 -5.5840974928621371E-017 -4.4766120865231504E-017 -3.5091514739543754E-017 -1.8912162822962013E-017 -8.4842412278621162E-017
 1.1002920450856081E-016  1.7152840178628606E-015 -5.2166191574102845E-016 -1.8478339614489209E-015  1.4811737959625775E-014 -1.0041560189711364E-014  7.0246259241217642E-015 -4.8085149773642273E-014  2.2913840518413483E-013 -2.5723363175884795E-002  4.6143644462252188E-016  5.1261078716246300E-016 -2.5723363175910289E-002  6.7545795361307639E-017  5.1446726351826413E-002 -4.6072179685859656E-015 -9.0594099922525944E-017  3.8418081897272075E-015 -2.6381946425364999E-014  2.0439597950458887E-015  2.5309207786965152E-014  2.4731807788564100E-014 -1.9981910205432124E-015 -2.3885029684317945E-014  6.9886457720311082E-014  9.7467217833557792E-015  6.0232458109549415E-015  1.1316704526557923E-014 -1.8244317016698537E-016  2.9972440689134236E-015  9.5878169714891929E-016 -6.4333169796968737E-003  2.5782327661854035E-016 -6.1433605601481429E-017 -6.4333169796827244E-003  1.3452238454675371E-016  1.2866633959426693E-002 -2.0887301288189121E-003  6.8846837950096814E-018 -3.8743287010436924E-017 -2.0887301288097606E-003  1.3685341921789369E-016  4.1774602576629769E-003 -1.5455058299585228E-001  3.2075037071482851E-015  1.7694179455458346E-015 -1.5455058299580418E-001  6.3057198358710983E-016  3.0910116599164428E-001  4.5390326095397368E-016  1.1030812725141881E-016  1.2607497749236781E-016  2.2003549948945932E-016 -5.0757422857387406E-018  2.0600948962776029E-016  2.4693552066664105E-016  9.7528228212749241E-017  1.0132519851508692E-016  2.5777681997327152E-016  1.8969368317777874E-015 -1.7830551292311008E-017 -4.4838532260348671E-017  5.8374932695829769E-016  2.5482705976739696E-018  3.4787806669964864E-016 -1.8921880149478487E-017 -1.9019422341572724E-017 -9.1648694183141935E-019  7.9170284491651942E-018  3.1488279236160337E-016  8.6987298223168686E-018 -2.9402614422914309E-016  9.6746242392893772E-017  1.4331668007317832E-015  1.6017535452212541E-016 -1.7270001238187942E-016  3.9795304669310743E-017  6.9371598714409704E-017  1.9534799059234731E-018  7.1547467445531458E-017 -3.7946029809337048E-016  3.7318850867805463E-017 -1.6594887602704749E-016  7.0698356753150987E-017
 8.7937595382626290E-017  1.8637255742232348E-006  3.7085439712332099E-016  4.8672847783792967E-016  9.2677572507890658E-017  3.6886264460306261E-017  8.0029145937244258E-017  2.1427975373878826E-014 -3.9615568402688093E-014  5.6715218969838747E-015 -2.6143967780864402E-016  1.2405989533216480E-015 -1.0608000269926323E-015 -2.1310849709771935E-016 -4.6072179685859656E-015  7.4825807403789144E-007  1.7391579581534794E-016  4.3746136232625493E-016 -1.8146079568507950E-005 -3.5239281111210108E-015 -4.1314895975934698E-015  2.6365485252829874E-005  5.1935892923533206E-015  6.6319685508543173E-015  1.1849447232775709E-015  1.1213980943591611E-003  2.2722763341059826E-013  3.3404572510886688E-013  4.8765063573601798E-004  3.5088038296280169E-014 -1.2400383115631318E-013  1.4208490088042413E-015 -7.6030308120554615E-017  3.0177945918034462E-016 -2.4947977186938652E-016 -6.3525902703024353E-017 -1.1637478286409507E-015  4.6371180406166264E-016 -2.8837978380834708E-017  9.4708530364130917E-017 -7.4893817056348902E-017 -2.4789898313824595E-017 -3.8076472981415727E-016  3.4072838751288628E-014 -1.5941409602385239E-015  7.4386716408591598E-015 -6.3372418090080840E-015 -1.3026983281343268E-015 -2.7726475300868305E-014  5.2065683262494643E-017  1.8394600497882561E-019  4.8047634632352370E-019  2.6376833674523394E-017  1.3408037912314542E-019  2.9989266455208240E-017  8.7631962780120998E-019 -2.5586994184255358E-020  4.8154091294827477E-020 -7.4652734797352886E-019 -2.1679473516042051E-019  1.1921241298340432E-019  2.9341223064050426E-020  4.0685342730179965E-020  1.5997458353413488E-019  1.3545352505084450E-019 -2.2888697397229106E-019 -7.5425435023291987E-020 -4.2466056604650628E-019  3.6649020616859435E-019  2.3124366269361818E-019 -3.3301042758232451E-019  3.9915348726719251E-019  2.7017400080723249E-019  1.0685588916800612E-019  1.3340731262735176E-018 -7.3123782848788801E-019 -4.7855777833605986E-020  2.5295490472382681E-018  2.3567046015369441E-019  9.5495783842551904E-019 -1.7885680642769459E-018 -6.5867265534235440E-020 -6.2958813605120743E-019 -6.6642910286349797E-019
 4.9517994213606003E-017  7.8345703651355671E-017  1.8637255726549501E-006  3.7539748480569903E-016  3.9959609971942648E-017 -1.2839520550147530E-017  6.3344158525391604E-017  1.1853315236951650E-014  6.8108867266617033E-014  3.2455726973380093E-015  1.1205777064869766E-015  1.6017964141195703E-015 -3.1562160440284513E-015  3.2226829402262567E-015 -9.0594099922525944E-017  1.7391579581534794E-016  7.4825807300661845E-007  3.5214840488369065E-016 -4.1429736702923436E-016 -1.8146079554247320E-005 -3.1441219257039715E-015  9.5147634481549184E-016  2.6365485231016286E-005  5.0763870375076375E-015 -3.9359329774672235E-014  6.9333888673764332E-014  1.1213980933392769E-003  2.5842533408343416E-013 -4.3638832510680542E-015  4.8765063596875190E-004  4.4504778009581136E-014  8.0941653597399737E-016  2.7720135960840659E-016  3.8897917776212828E-016 -7.7403274471544671E-016  7.8545887746298068E-016 -4.0977696086934449E-017  2.6152609584186777E-016  8.8294287041624611E-017  1.2253639912362215E-016 -2.4521817420012714E-016  2.4844344085419532E-016 -2.0789164658607264E-017  1.9506203511281780E-014  6.7126553823954571E-015  9.5876783038909932E-015 -1.8917432866230504E-014  1.9301544009973742E-014 -5.7873218171577290E-016 -8.6723854431228456E-019  1.9204279509168313E-017 -3.3329582097765955E-019  3.0438861487299125E-020  1.2655694540713601E-019  9.3723010769266449E-020  2.3867158678131360E-017 -2.3372435313250222E-019  2.2121884606705558E-017  2.3176120083591625E-018  4.5804475785399759E-019 -3.4141031665901677E-019 -1.5325248990893588E-019  9.0128094593232184E-020  3.8432618634641486E-020 -4.1525918914239873E-019 -4.8809641277968819E-019 -2.2255118616770201E-019 -1.8722268948404539E-019 -1.2500051133497302E-020  6.5234035462519348E-020 -8.5963871663313688E-020  1.4614368898240584E-019  4.4277295698315436E-020 -4.1540302827712080E-019 -2.9863289322288473E-019 -7.0691979936189430E-018  5.6685228260450931E-019 -5.7759555843093803E-019  9.7494381351103705E-020 -8.1927252742442753E-019 -1.4870274923783802E-017  6.6778481600041564E-019 -4.8866285820948244E-018  1.2617890662942243E-018
-6.4823466792596517E-017  8.1814838259909985E-016  6.3160494019674600E-016  1.8637255735693939E-006 -2.2575808789733813E-017  5.4404795937780705E-017 -8.5538735557273159E-017 -1.1780279308097641E-014 -2.9089576927707808E-014  4.0085894128629490E-015  7.5026335809363072E-015  5.1154208931780063E-015 -7.8509593934970427E-015  6.0474982193849860E-015  3.8418081897272075E-015  4.3746136232625493E-016  3.5214840488369065E-016  7.4825807360238342E-007 -7.7247939422593441E-015 -5.8731850017591271E-015 -1.8146079562557235E-005  1.1525529455927745E-014  8.8176129809172665E-015  2.6365485243685185E-005  3.0912238178932724E-014  5.1483193793180893E-013  3.9839008827979860E-013  1.1213980939266152E-003 -3.5626856282819364E-014 -1.1198506043915563E-013  4.8765063583862227E-004  9.9738729113832443E-016  1.8679363431104446E-015  1.2499874578812617E-015 -1.9262452299343563E-015  1.4748257602446148E-015  9.3910246831524058E-016  3.2311753194487287E-016  6.0293504353511143E-016  3.9545876052633120E-016 -6.1084308320062456E-016  4.6677266844240440E-016  2.9725259288304514E-016  2.4058931827352225E-014  4.5040939196615608E-014  3.0657152722129874E-014 -4.7085663478898993E-014  3.6237542218213971E-014  2.3021500064404867E-014 -3.9180769990858686E-019 -2.9636887752477841E-019  1.5687364889480031E-017 -2.5777936886306250E-019  6.6831765335055880E-020 -4.4823344595089874E-019 -1.0141481965884050E-018  1.6543350724000282E-017 -2.2282557581113763E-019  1.9858723259776004E-017  1.6605415790114256E-020  3.0441339404779412E-019 -3.6052497651818462E-019 -1.2761026131560971E-020  4.7402212773354274E-020 -3.9222989897635291E-020  3.1702968188625282E-019 -8.8655016407882735E-020  7.8794690930669593E-019 -8.5079125175091736E-020  2.6269342006847344E-019  4.3482811861148982E-019  1.9723543070400924E-019  2.9297245379926758E-019 -6.5502964879999270E-019 -6.0186588931838737E-019 -2.4407069523287496E-019 -5.4420533484306439E-018 -7.3589464296933178E-020  3.3214159050904960E-020 -4.4848497397518134E-019 -7.1098318023005967E-019 -5.0408250126123832E-018  4.8141302275882182E-019 -6.2287876739492541E-018
 9.6307319994268167E-016 -5.5664946897126126E-005  2.3649718929085253E-015  5.3847324412966205E-015 -1.5021677704137648E-016 -1.3076623451440342E-015  1.3420201130312768E-015  1.1069141261109285E-013 -2.0425384331465181E-013  3.3374295730313830E-014  1.3618995910487913E-015  7.9555586942849138E-015 -7.1307148430750344E-015 -1.6389262014368619E-015 -2.6381946425364999E-014 -1.8146079568507950E-005 -4.1429736702923436E-016 -7.7247939422593441E-015  5.5480143469623317E-004 -2.7271641975940009E-014 -7.8636234893472712E-014 -7.9814041574863227E-004  3.6254094344656540E-014  9.0332675692882114E-014  8.2314723093634650E-015 -3.3231154643268063E-002  1.2487441636288565E-012  1.8335038348693544E-012  2.0668830107661148E-003  1.7273823430669077E-013 -6.3799475685105689E-013  8.3214364873964068E-015  6.9591174972259300E-016  2.2018981793859346E-015 -2.2687918415674477E-015 -1.1970526546410072E-016 -6.2906425540805112E-015  2.6511207527013992E-015  3.6342004950729753E-016  7.9361261853531043E-016 -9.3492484459948105E-016  7.8196205243060370E-017 -1.9630741756727151E-015  2.0073311108184433E-013  8.9265055070015026E-015  4.8197463724729286E-014 -4.3799158738535108E-014 -9.2025892441749884E-015 -1.5716271874709337E-013 -1.6080934895726192E-015  1.4089820256348813E-017 -7.7496318917041000E-018 -8.1811740919558734E-016 -1.1591627721184729E-018 -9.2193581126116052E-016 -3.3289424577050795E-017 -3.3593851869754732E-018 -1.3888844243634889E-017  4.2266417676983698E-017  1.2117270406733023E-018  5.2658973377744522E-018 -7.2320783277848519E-018  5.5426278860023888E-018 -1.3422806912332392E-019 -1.4229889209070192E-018  6.6194601847879072E-018 -3.4339567371122329E-018  5.1365551830529472E-018 -8.3784055968512849E-018 -9.8802888744160915E-018 -1.3052561426471450E-018  4.6356159213067083E-018 -3.7846099626981748E-018 -1.2404834930433850E-017 -1.5635575625675863E-016  2.8589173746066087E-017  2.1561142290035872E-018 -1.0530356741433434E-016 -4.4000762336682202E-018 -7.2718555333910070E-017  5.3771552294236234E-017  1.2988747874574688E-017  1.6575849104164328E-017  2.5922996216586305E-017
