  0.20130647673102881       -1.0647542960165463E-016  -2.4395593554892143E-016  -7.6771482166417498E-016   1.0037921733277652E-017  -4.4763058608193103E-017  -5.5145999132387071E-018  -2.2345888485892493E-017   1.5946525012814937E-017   1.1607810097796968E-016  0.23960454091049568       -2.0873602325777056E-016  -1.2797764331202057E-016  -5.8170903429131923E-016   4.9494235157176747E-016  -5.5680304955346905E-015  -5.1461223632950371E-018   3.2665981708446754E-017  -2.3842538895196458E-015  -1.4899239268118467E-018  -2.3860152582204909E-015   5.2642574965475115E-018   6.7390037834938448E-017  -5.0317417168361296E-018   8.2752225172170256E-017  -7.7305151301904857E-017  -1.1983541583415405E-016   1.2427255831794286E-017  -5.7775886298668338E-018  -1.2085836959156157E-016  -6.1720081464646318E-018  -1.2744945697246106E-016  0.19181578599727173       -1.3932223791891369E-016  -2.8586232592569666E-017
  -1.0647542960165463E-016  0.20130647673102900       -8.2313532436910620E-017  -1.9848753552500677E-016   1.5334521037078979E-016   2.8565063473171720E-017   7.6934409593990574E-018   1.1919925827752138E-016   8.6061332137680534E-018   1.3517519715245063E-016   4.3909284483852627E-016  0.23960454091049679       -5.4497196324531154E-016   2.2995297265948458E-016   1.3184023795796746E-015  -1.4420379986073145E-016  -2.9398442944418735E-015   7.4549108692655592E-017  -5.4983955748354412E-017  -1.7076345325330420E-018  -6.3924594019030273E-017  -6.9243518102641693E-015   4.9898049807568575E-017  -2.8535546773945734E-015   1.4023327933354296E-016   2.7258665197580387E-016  -3.6527362285461367E-018  -1.6671109054024650E-017   6.8525581829727180E-019   1.4248905256953595E-017  -1.5339472882129513E-018   3.4275536218551859E-018   1.7338199741663349E-017  0.19181578599727125       -1.1871110286905838E-016
  -2.4395593554892143E-016  -8.2313532436910620E-017  0.20130647673102925        1.4353203702426274E-017  -4.1604996724324321E-016  -7.9747549991388103E-017   2.7053264617489588E-017  -4.2757038504006570E-016  -4.1887006372455018E-017  -3.8459337591003792E-016   5.2703632293151821E-016   5.5408829651229577E-016  0.23960454091049535        1.8404970417615532E-015  -1.6482542532153289E-016  -2.3553884647511456E-016  -6.2599074042880096E-017  -2.3890768228134866E-015  -4.1253419119631611E-017  -2.0988829034542860E-017  -9.9703470135071909E-017  -2.3514098276061492E-016  -2.4637879239266113E-015  -7.9700020159626536E-017  -5.5651861100274704E-015  -1.4030711654056992E-016  -5.6012354784569085E-016   3.0894923182323810E-018   1.6888399904579681E-018  -5.6788190062008552E-016   4.1250449867972206E-018  -5.3433182952226398E-016  -6.3225080281902296E-017  -2.3197408982138110E-018  0.19181578599727162     
  -7.6771482166417498E-016  -1.9848753552500677E-016   1.4353203702426274E-017  0.26080159927764984        4.7420332645879327E-015   8.3035199055599319E-017   9.1681949838797124E-017   3.1512756484558681E-015   1.1359346451955186E-016   4.9614099831406117E-015   4.7950014905012013E-016  -1.1245266554667135E-015   1.5929311993671943E-016  0.42865586754214385        5.4092552678143809E-003  -2.5393090342896418E-016   1.1425491873536430E-016   6.6099077385261843E-017  -1.8569808156031324E-016  -7.5853667736254521E-018  -7.5178931380720603E-017   4.5037091937287352E-016   2.2125535982509853E-017   1.2031312349193594E-016   1.2172777838158299E-016  0.12276765057053535        5.9350315297185615E-015  -1.1321637792669997E-016  -3.6096344501124039E-017   6.4202472148323874E-015  -1.7682013502794294E-017   6.2782211571488968E-015  -3.4282784187410083E-016  -1.7755620196376624E-016   1.1176257833124613E-016
   1.0037921733277652E-017   1.5334521037078979E-016  -4.1604996724324321E-016   4.7420332645879327E-015   8.8734976155821090E-029   1.5660168077251317E-030   1.9354917823248909E-030   5.6860286894630283E-029   1.8512653698042743E-030   9.1500939945876567E-029   1.1947611759237790E-017   1.8251876108688194E-016  -4.9520245456552272E-016   7.7875374246352291E-015   1.8105362098341577E-015  -4.7294244161477496E-030   2.0991601866327643E-031   5.7565627007258854E-030  -3.2150207821963311E-030  -1.1142777484172111E-031  -1.7825335853438026E-030   3.1290307461813137E-030   4.8919308389791532E-030   5.7306921854103627E-031   1.3109528847569501E-029   2.3038158077215366E-015   1.0518750836593909E-028  -2.7050689599530341E-030  -9.1670800974615916E-031   1.1473729024874847E-028  -2.9979453563666808E-031   1.1164093205800803E-028   9.5646790819429041E-018   1.4611567662321471E-016  -3.9643509129381189E-016
  -4.4763058608193103E-017   2.8565063473171720E-017  -7.9747549991388103E-017   8.3035199055599319E-017   1.5660168077251317E-030   8.2725176450952750E-032  -5.8076500203009377E-033   1.3123244455225252E-030   7.6138010982201161E-032   1.6931305742724300E-030  -5.3279120879435158E-017   3.3999496840398850E-017  -9.4919326067953085E-017   1.3702065232703190E-016  -1.4112696035866574E-016   1.2477774606720814E-030  -3.7509451914052123E-031   1.0076124706608589E-030   4.5981705263554858E-031   7.2826823350062817E-033   5.7492798027271624E-031  -7.2453384900283914E-031   1.0288796258512541E-030  -3.6684702504601985E-031   2.3046875179789172E-030   3.3114564192107112E-017   2.4609613742015706E-030   9.9991569537867591E-033   1.0672915811504346E-032   2.5630768221337548E-030  -8.7547309048750563E-033   2.5408775509925406E-030  -4.2652682665768425E-017   2.7218349807439814E-017  -7.5987813364759964E-017
  -5.5145999132387071E-018   7.6934409593990574E-018   2.7053264617489588E-017   9.1681949838797124E-017   1.9354917823248909E-030  -5.8076500203009377E-033   1.0249786716235085E-031   7.6251674683408317E-031  -2.9762881827570200E-032   1.7746363543072091E-030  -6.5637390409546655E-018   9.1570992599590943E-018   3.2200081954962271E-017   1.4933747319829599E-016   3.5736491062647103E-016  -1.7835994168851407E-032  -3.0057295652615243E-032  -3.8749638198069107E-031   4.1582149763344278E-032  -8.7316950063854363E-033  -7.1158163492565796E-032  -1.9441216946606781E-031  -4.5691755048987306E-031   4.6086366433741358E-033  -8.5078068487810206E-031   5.8020130273829304E-017   1.2097269464968941E-030  -1.7074950415985459E-031  -6.5659897430875899E-032   1.5248196701800230E-030   1.0323418932480375E-033   1.3886393365862028E-030  -5.2546114461668371E-018   7.3307299825352341E-018   2.5777825436433811E-017
  -2.2345888485892493E-017   1.1919925827752138E-016  -4.2757038504006570E-016   3.1512756484558681E-015   5.6860286894630283E-029   1.3123244455225252E-030   7.6251674683408317E-031   4.0355139554331722E-029   1.7479669859070467E-030   6.0477888475224835E-029  -2.6597139043122785E-017   1.4187662523454695E-016  -5.0891460363360276E-016   5.1854491167156289E-015  -1.5081444456439457E-015  -1.8408033051894360E-030  -4.4980320519101090E-031   6.3191189340674860E-030  -2.1418310099899802E-030  -3.3666306244498774E-032  -5.2403811455501472E-032   2.0900742338877493E-030   6.1140658327995880E-030  -4.2881269164628657E-031   1.4023563597278263E-029   1.4176153823827398E-015   7.6475430742970922E-029  -8.0863504742326646E-031  -2.0239091556576673E-031   8.1724301145803955E-029  -2.5177961185208244E-031   8.0331994851649777E-029  -2.1292380818202873E-017   1.1357955187574180E-016  -4.0741237344885956E-016
   1.5946525012814937E-017   8.6061332137680534E-018  -4.1887006372455018E-017   1.1359346451955186E-016   1.8512653698042743E-030   7.6138010982201161E-032  -2.9762881827570200E-032   1.7479669859070467E-030   1.2162745312027158E-031   2.1784614788407793E-030   1.8980312341954606E-017   1.0243428980452765E-017  -4.9855906749572424E-017   1.8800952983421413E-016  -3.4113641196367128E-016  -4.6637246323125461E-031  -1.1200593665903831E-031   6.2021071227364866E-031  -3.1105416942527835E-031   3.9839925899102494E-033  -1.1266377823082489E-031   3.9407105863068748E-033   6.5891388531337128E-031  -1.3258849928144574E-031   1.3673085417529171E-030   3.9110093079232722E-017   3.4693756052754920E-030   7.6313014460188930E-032   3.5082570882724020E-032   3.5430396005606196E-030  -1.5476047234580913E-032   3.5606933723931398E-030   1.5194718416065991E-017   8.2003929212960842E-018  -3.9912223296920751E-017
   1.1607810097796968E-016   1.3517519715245063E-016  -3.8459337591003792E-016   4.9614099831406117E-015   9.1500939945876567E-029   1.6931305742724300E-030   1.7746363543072091E-030   6.0477888475224835E-029   2.1784614788407793E-030   9.5374004101209625E-029   1.3816167540279990E-016   1.6089194735383655E-016  -4.5776132377134581E-016   8.1529802066214130E-015   5.3365346342048252E-016  -7.7414410768224743E-030   3.7718136900305254E-031   5.7796153203131566E-030  -4.8059758913756168E-030  -1.1011063823206177E-031  -2.7726690764268830E-030   4.3020625804920148E-030   5.0383497124157180E-030   6.2133026117108569E-031   1.2909531802775789E-029   2.3535046352461755E-015   1.1292984715915404E-028  -2.3217276324218340E-030  -7.5747189827554323E-031   1.2236222522678167E-028  -3.4086922101961236E-031   1.1947549890335959E-028   1.1060554303928838E-016   1.2880229742323419E-016  -3.6646153609898526E-016
  0.23960454091049568        4.3909284483852627E-016   5.2703632293151821E-016   4.7950014905012013E-016   1.1947611759237790E-017  -5.3279120879435158E-017  -6.5637390409546655E-018  -2.6597139043122785E-017   1.8980312341954606E-017   1.3816167540279990E-016  0.28518871800452278        4.2502983915957545E-016   8.2059027270691648E-016   1.5967025146754033E-015   8.5788889791287976E-016  -6.6273346606765763E-015  -6.1251595395791416E-018   3.8880604726389128E-017  -2.8378523527373597E-015  -1.7733783049232433E-018  -2.8399488175197824E-015   6.2657695925828548E-018   8.0210827488445813E-017  -5.9890182552602256E-018   9.8495633343123610E-017   5.7387493966552050E-016  -1.4263381020829945E-016   1.4791510818266886E-017  -6.8767607168379244E-018  -1.4385137841274050E-016  -7.3462175804975902E-018  -1.5169640402566008E-016  0.22830826950824104        3.7332243055012381E-016   7.4484124561122675E-016
  -2.0873602325777056E-016  0.23960454091049679        5.5408829651229577E-016  -1.1245266554667135E-015   1.8251876108688194E-016   3.3999496840398850E-017   9.1570992599590943E-018   1.4187662523454695E-016   1.0243428980452765E-017   1.6089194735383655E-016   4.2502983915957545E-016  0.28518871800452511        1.2746151790282601E-016  -1.1761292113722488E-015  -1.1183160761890156E-015  -1.7163821961548150E-016  -3.4991424715025760E-015   8.8731894043604494E-017  -6.5444518668567168E-017  -2.0325078201889128E-018  -7.6086091473769439E-017  -8.2416927837741168E-015   5.9391031578405742E-017  -3.3964364661434644E-015   1.6691231728216127E-016  -2.0529513789965019E-016  -4.3476603501463073E-018  -1.9842746722427861E-017   8.1562405947251682E-019   1.6959724585153013E-017  -1.8257770030133774E-018   4.0796373039925479E-018  -5.7498855214147109E-017  0.22830826950824129        4.8002373560437866E-016
  -1.2797764331202057E-016  -5.4497196324531154E-016  0.23960454091049535        1.5929311993671943E-016  -4.9520245456552272E-016  -9.4919326067953085E-017   3.2200081954962271E-017  -5.0891460363360276E-016  -4.9855906749572424E-017  -4.5776132377134581E-016   8.2059027270691648E-016   1.2746151790282601E-016  0.28518871800452134        2.4140018788984751E-015   2.5366572776512765E-015  -2.8034953516008443E-016  -7.4508394568474640E-017  -2.8435928372785230E-015  -4.9101781073615588E-017  -2.4981902354736072E-017  -1.1867181114503805E-016  -2.7987597884828729E-016  -2.9325175424038629E-015  -9.4862753802096645E-017  -6.6239491377927507E-015   1.4083451340046876E-017  -6.6668568102776051E-016   3.6772606653160129E-018   2.0101376625132000E-018  -6.7592004141654228E-016   4.9098246929098833E-018  -6.3598715145966003E-016   7.9483313015816813E-017  -4.2868450398266434E-016  0.22830826950824007     
  -5.8170903429131923E-016   2.2995297265948458E-016   1.8404970417615532E-015  0.42865586754214385        7.7875374246352291E-015   1.3702065232703190E-016   1.4933747319829599E-016   5.1854491167156289E-015   1.8800952983421413E-016   8.1529802066214130E-015   1.5967025146754033E-015  -1.1761292113722488E-015   2.4140018788984751E-015  0.70457027042943221        1.6307253278118241E-003  -4.1646579286514183E-016   1.8676098991635086E-016   1.1051234144086521E-016  -3.0621976818851811E-016  -1.2401611421491327E-017  -1.2163980310545642E-016   7.4138478999883224E-016   3.9095432592675730E-017   1.9607414265480376E-016   2.0311132203202954E-016  0.20147846943633282        9.7713033616775390E-015  -1.8342043842775993E-016  -5.8238004639662131E-017   1.0565849818752437E-014  -2.9196777553348616E-017   1.0334263454925451E-014   8.9252463070354270E-017   2.4302176923552242E-016   1.9099556521944213E-015
   4.9494235157176747E-016   1.3184023795796746E-015  -1.6482542532153289E-016   5.4092552678143809E-003   1.8105362098341577E-015  -1.4112696035866574E-016   3.5736491062647103E-016  -1.5081444456439457E-015  -3.4113641196367128E-016   5.3365346342048252E-016   8.5788889791287976E-016  -1.1183160761890156E-015   2.5366572776512765E-015   1.6307253278118241E-003   1.9091507737652069       -2.4122493335040463E-016   2.7306180161698728E-016  -4.9069459570429813E-016   2.6034390069611161E-016  -1.7450755306584864E-017  -5.0773717359980143E-016  -2.9333806945703685E-016  -7.1732664369320879E-016   4.4257375612706227E-016  -7.9644594794361080E-016   8.2366343098269568E-002  -4.1977223058378920E-015  -7.0260074271549943E-016  -2.8744033941017307E-016  -3.4097274521337366E-015   3.4990094352123648E-017  -3.8988615276900568E-015  -7.5035349606903355E-016  -2.8743320198447408E-017   1.1559129494594930E-015
  -5.5680304955346905E-015  -1.4420379986073145E-016  -2.3553884647511456E-016  -2.5393090342896418E-016  -4.7294244161477496E-030   1.2477774606720814E-030  -1.7835994168851407E-032  -1.8408033051894360E-030  -4.6637246323125461E-031  -7.7414410768224743E-030  -6.6273346606765763E-015  -1.7163821961548150E-016  -2.8034953516008443E-016  -4.1646579286514183E-016  -2.4122493335040463E-016   1.5466407072684756E-028   2.1768073889739279E-030   1.8348773590251220E-030   6.6183006467026852E-029   7.6514764048370615E-032   6.6294130045365639E-029   4.6886129334345957E-030   1.0502168826817001E-030   2.1050051498389526E-030   4.1024465577007767E-030  -1.2939919293297833E-016  -1.2720464119228537E-030  -1.3861866980623825E-031   2.2791878156940552E-031  -1.8160836356106392E-030   1.7983285514271327E-031  -1.4669035989799330E-030  -5.3055230179444152E-015  -1.3740524231138969E-016  -2.2443425419382912E-016
  -5.1461223632950371E-018  -2.9398442944418735E-015  -6.2599074042880096E-017   1.1425491873536430E-016   2.0991601866327643E-031  -3.7509451914052123E-031  -3.0057295652615243E-032  -4.4980320519101090E-031  -1.1200593665903831E-031   3.7718136900305254E-031  -6.1251595395791416E-018  -3.4991424715025760E-015  -7.4508394568474640E-017   1.8676098991635086E-016   2.7306180161698728E-016   2.1768073889739279E-030   4.3041002233604741E-029  -3.8743511806136764E-031   8.3286335065547098E-031   2.5727648052775373E-032   9.2083416881144974E-031   1.0134938405423366E-028  -5.6360993202450446E-032   4.1812830906194530E-029  -3.7944694678500901E-031   6.5101521640362738E-017   2.2180009370252156E-030   9.3292135607961734E-032  -6.6849757510694502E-032   2.2818827277517919E-030   1.8543618311703503E-032   2.2984920257303438E-030  -4.9035059476642546E-018  -2.8012439202411491E-015  -5.9647810568359410E-017
   3.2665981708446754E-017   7.4549108692655592E-017  -2.3890768228134866E-015   6.6099077385261843E-017   5.7565627007258854E-030   1.0076124706608589E-030  -3.8749638198069107E-031   6.3191189340674860E-030   6.2021071227364866E-031   5.7796153203131566E-030   3.8880604726389128E-017   8.8731894043604494E-017  -2.8435928372785230E-015   1.1051234144086521E-016  -4.9069459570429813E-016   1.8348773590251220E-030  -3.8743511806136764E-031   2.8529719614558997E-029  -3.2827182913181986E-032   2.5075330527796348E-031   8.8383171820747093E-031   4.1936561545445834E-031   2.9459921839218745E-029  -1.9463447522011593E-031   6.6348993357095032E-029   1.0540881364938127E-017   9.2445936695196322E-030   1.1097701276771617E-031   4.4021265178413582E-032   9.2655918997197915E-030  -6.4119901224007112E-032   8.9516693232830119E-030   3.1125928278750223E-017   7.1034455083051465E-017  -2.2764426461456074E-015
  -2.3842538895196458E-015  -5.4983955748354412E-017  -4.1253419119631611E-017  -1.8569808156031324E-016  -3.2150207821963311E-030   4.5981705263554858E-031   4.1582149763344278E-032  -2.1418310099899802E-030  -3.1105416942527835E-031  -4.8059758913756168E-030  -2.8378523527373597E-015  -6.5444518668567168E-017  -4.9101781073615588E-017  -3.0621976818851811E-016   2.6034390069611161E-016   6.6183006467026852E-029   8.3286335065547098E-031  -3.2827182913181986E-032   2.8431122780485668E-029   2.5421858817628357E-032   2.8281098176138049E-029   1.5145592730017842E-030  -4.2197935721920973E-031   8.3057242219608153E-031  -7.5191660581003184E-032  -7.6367579016117519E-017  -3.2887743013178705E-030  -1.5956285211241696E-031   5.3921739871996765E-032  -3.5177860928581443E-030   9.0157477610834153E-032  -3.4097995431192376E-030  -2.2718470923631762E-015  -5.2391710690965910E-017  -3.9308506820077681E-017
  -1.4899239268118467E-018  -1.7076345325330420E-018  -2.0988829034542860E-017  -7.5853667736254521E-018  -1.1142777484172111E-031   7.2826823350062817E-033  -8.7316950063854363E-033  -3.3666306244498774E-032   3.9839925899102494E-033  -1.1011063823206177E-031  -1.7733783049232433E-018  -2.0325078201889128E-018  -2.4981902354736072E-017  -1.2401611421491327E-017  -1.7450755306584864E-017   7.6514764048370615E-032   2.5727648052775373E-032   2.5075330527796348E-031   2.5421858817628357E-032   2.5911474682514887E-033   3.5369077496112925E-032   7.2858097805178258E-032   2.6181871460413272E-031   2.5067201056014674E-032   5.8213850419679112E-031  -4.2937412321621517E-018  -7.4160132417304964E-032   9.3635823194421036E-033   3.5077774672570019E-033  -9.4654968676124201E-032  -1.7740620313787460E-034  -8.9477383071118561E-032  -1.4196807461858910E-018  -1.6271272806167962E-018  -1.9999300587841611E-017
  -2.3860152582204909E-015  -6.3924594019030273E-017  -9.9703470135071909E-017  -7.5178931380720603E-017  -1.7825335853438026E-030   5.7492798027271624E-031  -7.1158163492565796E-032  -5.2403811455501472E-032  -1.1266377823082489E-031  -2.7726690764268830E-030  -2.8399488175197824E-015  -7.6086091473769439E-017  -1.1867181114503805E-016  -1.2163980310545642E-016  -5.0773717359980143E-016   6.6294130045365639E-029   9.2083416881144974E-031   8.8383171820747093E-031   2.8281098176138049E-029   3.5369077496112925E-032   2.8506168050520440E-029   2.2033144756747481E-030   5.8961567723753358E-031   8.5388830123670967E-031   1.9077284882879693E-030  -5.6553254384816297E-017   1.1337652416521821E-030   7.4774276636293217E-032   1.5384659470270226E-031   7.9791220648100424E-031   6.7320934639387450E-032   1.0327060913523523E-030  -2.2735254204888777E-015  -6.0910838267264763E-017  -9.5002902048541016E-017
   5.2642574965475115E-018  -6.9243518102641693E-015  -2.3514098276061492E-016   4.5037091937287352E-016   3.1290307461813137E-030  -7.2453384900283914E-031  -1.9441216946606781E-031   2.0900742338877493E-030   3.9407105863068748E-033   4.3020625804920148E-030   6.2657695925828548E-018  -8.2416927837741168E-015  -2.7987597884828729E-016   7.4138478999883224E-016  -2.9333806945703685E-016   4.6886129334345957E-030   1.0134938405423366E-028   4.1936561545445834E-031   1.5145592730017842E-030   7.2858097805178258E-032   2.2033144756747481E-030   2.3927789663017595E-028   1.3153172287370331E-030   9.8384858173758200E-029   2.0159889691628285E-030   1.9934847801352249E-016   1.1710882643768077E-029   4.8566870320913900E-031  -4.2573196163076301E-032   1.1818718171271169E-029   1.1643105881300296E-032   1.1983404200932775E-029   5.0160715431962057E-018  -6.5978999114971012E-015  -2.2405514795563311E-016
   6.7390037834938448E-017   4.9898049807568575E-017  -2.4637879239266113E-015   2.2125535982509853E-017   4.8919308389791532E-030   1.0288796258512541E-030  -4.5691755048987306E-031   6.1140658327995880E-030   6.5891388531337128E-031   5.0383497124157180E-030   8.0210827488445813E-017   5.9391031578405742E-017  -2.9325175424038629E-015   3.9095432592675730E-017  -7.1732664369320879E-016   1.0502168826817001E-030  -5.6360993202450446E-032   2.9459921839218745E-029  -4.2197935721920973E-031   2.6181871460413272E-031   5.8961567723753358E-031   1.3153172287370331E-030   3.0460962924008819E-029   1.1119016011044964E-031   6.8485452991833898E-029  -1.9596593674117640E-017   8.9424317571328130E-030   2.1590094008130465E-031   8.2297862703655734E-032   8.7901482916419345E-030  -6.7726780011192898E-032   8.5453950530888453E-030   6.4212902066562453E-017   4.7545582233591248E-017  -2.3476314564384993E-015
  -5.0317417168361296E-018  -2.8535546773945734E-015  -7.9700020159626536E-017   1.2031312349193594E-016   5.7306921854103627E-031  -3.6684702504601985E-031   4.6086366433741358E-033  -4.2881269164628657E-031  -1.3258849928144574E-031   6.2133026117108569E-031  -5.9890182552602256E-018  -3.3964364661434644E-015  -9.4862753802096645E-017   1.9607414265480376E-016   4.4257375612706227E-016   2.1050051498389526E-030   4.1812830906194530E-029  -1.9463447522011593E-031   8.3057242219608153E-031   2.5067201056014674E-032   8.5388830123670967E-031   9.8384858173758200E-029   1.1119016011044964E-031   4.0638270371764547E-029   8.5408357944889876E-032   7.5035631362830596E-017   2.0184350783325056E-030   2.1128364703347579E-032  -9.2979009175108255E-032   2.1709447444032109E-030   2.0258589847277034E-032   2.1336237221352173E-030  -4.7945178318338168E-018  -2.7190224687205079E-015  -7.5942524349791737E-017
   8.2752225172170256E-017   1.4023327933354296E-016  -5.5651861100274704E-015   1.2172777838158299E-016   1.3109528847569501E-029   2.3046875179789172E-030  -8.5078068487810206E-031   1.4023563597278263E-029   1.3673085417529171E-030   1.2909531802775789E-029   9.8495633343123610E-017   1.6691231728216127E-016  -6.6239491377927507E-015   2.0311132203202954E-016  -7.9644594794361080E-016   4.1024465577007767E-030  -3.7944694678500901E-031   6.6348993357095032E-029  -7.5191660581003184E-032   5.8213850419679112E-031   1.9077284882879693E-030   2.0159889691628285E-030   6.8485452991833898E-029   8.5408357944889876E-032   1.5437437251759910E-028   2.3894882143576623E-017   2.0011494399492289E-029   1.4831160857206295E-031   5.4552173722340028E-032   2.0138918987397682E-029  -1.4069453590033859E-031   1.9338357671265895E-029   7.8850831687998143E-017   1.3362191388545606E-016  -5.3028127323609126E-015
  -7.7305151301904857E-017   2.7258665197580387E-016  -1.4030711654056992E-016  0.12276765057053535        2.3038158077215366E-015   3.3114564192107112E-017   5.8020130273829304E-017   1.4176153823827398E-015   3.9110093079232722E-017   2.3535046352461755E-015   5.7387493966552050E-016  -2.0529513789965019E-016   1.4083451340046876E-017  0.20147846943633282        8.2366343098269568E-002  -1.2939919293297833E-016   6.5101521640362738E-017   1.0540881364938127E-017  -7.6367579016117519E-017  -4.2937412321621517E-018  -5.6553254384816297E-017   1.9934847801352249E-016  -1.9596593674117640E-017   7.5035631362830596E-017   2.3894882143576623E-017   6.1128064494639867E-002   2.6131485092220827E-015  -8.2573275442372913E-017  -2.8978752194874298E-017   2.8740816175104256E-015  -6.8451617977959661E-018   2.7868970802346338E-015   5.7880220554511482E-017   2.1144592642905615E-016  -3.2707756913936297E-017
  -1.1983541583415405E-016  -3.6527362285461367E-018  -5.6012354784569085E-016   5.9350315297185615E-015   1.0518750836593909E-028   2.4609613742015706E-030   1.2097269464968941E-030   7.6475430742970922E-029   3.4693756052754920E-030   1.1292984715915404E-028  -1.4263381020829945E-016  -4.3476603501463073E-018  -6.6668568102776051E-016   9.7713033616775390E-015  -4.1977223058378920E-015  -1.2720464119228537E-030   2.2180009370252156E-030   9.2445936695196322E-030  -3.2887743013178705E-030  -7.4160132417304964E-032   1.1337652416521821E-030   1.1710882643768077E-029   8.9424317571328130E-030   2.0184350783325056E-030   2.0011494399492289E-029   2.6131485092220827E-015   1.4647225608558533E-028  -1.0072278177871899E-030  -1.7382926360421532E-031   1.5577539476261270E-028  -4.9018810279950035E-031   1.5355450694365079E-028  -1.1418571747817426E-016  -3.4805262209960859E-018  -5.3371625359652889E-016
   1.2427255831794286E-017  -1.6671109054024650E-017   3.0894923182323810E-018  -1.1321637792669997E-016  -2.7050689599530341E-030   9.9991569537867591E-033  -1.7074950415985459E-031  -8.0863504742326646E-031   7.6313014460188930E-032  -2.3217276324218340E-030   1.4791510818266886E-017  -1.9842746722427861E-017   3.6772606653160129E-018  -1.8342043842775993E-016  -7.0260074271549943E-016  -1.3861866980623825E-031   9.3292135607961734E-032   1.1097701276771617E-031  -1.5956285211241696E-031   9.3635823194421036E-033   7.4774276636293217E-032   4.8566870320913900E-031   2.1590094008130465E-031   2.1128364703347579E-032   1.4831160857206295E-031  -8.2573275442372913E-017  -1.0072278177871899E-030   3.0820240388152807E-031   1.2044334257032408E-031  -1.5048812667723632E-030  -5.4839558401949111E-033  -1.2638840127161059E-030   1.1841366874399385E-017  -1.5885141593911616E-017   2.9438367159243499E-018
  -5.7775886298668338E-018   6.8525581829727180E-019   1.6888399904579681E-018  -3.6096344501124039E-017  -9.1670800974615916E-031   1.0672915811504346E-032  -6.5659897430875899E-032  -2.0239091556576673E-031   3.5082570882724020E-032  -7.5747189827554323E-031  -6.8767607168379244E-018   8.1562405947251682E-019   2.0101376625132000E-018  -5.8238004639662131E-017  -2.8744033941017307E-016   2.2791878156940552E-031  -6.6849757510694502E-032   4.4021265178413582E-032   5.3921739871996765E-032   3.5077774672570019E-033   1.5384659470270226E-031  -4.2573196163076301E-032   8.2297862703655734E-032  -9.2979009175108255E-032   5.4552173722340028E-032  -2.8978752194874298E-017  -1.7382926360421532E-031   1.2044334257032408E-031   4.8232440565330482E-032  -3.5778704515269432E-031  -2.6559357313998671E-033  -2.6468228789924428E-031  -5.5052014331735619E-018   6.5294910293203199E-019   1.6092188162734031E-018
  -1.2085836959156157E-016   1.4248905256953595E-017  -5.6788190062008552E-016   6.4202472148323874E-015   1.1473729024874847E-028   2.5630768221337548E-030   1.5248196701800230E-030   8.1724301145803955E-029   3.5430396005606196E-030   1.2236222522678167E-028  -1.4385137841274050E-016   1.6959724585153013E-017  -6.7592004141654228E-016   1.0565849818752437E-014  -3.4097274521337366E-015  -1.8160836356106392E-030   2.2818827277517919E-030   9.2655918997197915E-030  -3.5177860928581443E-030  -9.4654968676124201E-032   7.9791220648100424E-031   1.1818718171271169E-029   8.7901482916419345E-030   2.1709447444032109E-030   2.0138918987397682E-029   2.8740816175104256E-015   1.5577539476261270E-028  -1.5048812667723632E-030  -3.5778704515269432E-031   1.6630016880461410E-028  -5.0894125860939036E-031   1.6361470157184573E-028  -1.1516044358834364E-016   1.3577133760656683E-017  -5.4110883509529937E-016
  -6.1720081464646318E-018  -1.5339472882129513E-018   4.1250449867972206E-018  -1.7682013502794294E-017  -2.9979453563666808E-031  -8.7547309048750563E-033   1.0323418932480375E-033  -2.5177961185208244E-031  -1.5476047234580913E-032  -3.4086922101961236E-031  -7.3462175804975902E-018  -1.8257770030133774E-018   4.9098246929098833E-018  -2.9196777553348616E-017   3.4990094352123648E-017   1.7983285514271327E-031   1.8543618311703503E-032  -6.4119901224007112E-032   9.0157477610834153E-032  -1.7740620313787460E-034   6.7320934639387450E-032   1.1643105881300296E-032  -6.7726780011192898E-032   2.0258589847277034E-032  -1.4069453590033859E-031  -6.8451617977959661E-018  -4.9018810279950035E-031  -5.4839558401949111E-033  -2.6559357313998671E-033  -5.0894125860939036E-031   2.1391017819225758E-033  -5.0734462274036133E-031  -5.8810258518284697E-018  -1.4616286050254118E-018   3.9305677555214675E-018
  -1.2744945697246106E-016   3.4275536218551859E-018  -5.3433182952226398E-016   6.2782211571488968E-015   1.1164093205800803E-028   2.5408775509925406E-030   1.3886393365862028E-030   8.0331994851649777E-029   3.5606933723931398E-030   1.1947549890335959E-028  -1.5169640402566008E-016   4.0796373039925479E-018  -6.3598715145966003E-016   1.0334263454925451E-014  -3.8988615276900568E-015  -1.4669035989799330E-030   2.2984920257303438E-030   8.9516693232830119E-030  -3.4097995431192376E-030  -8.9477383071118561E-032   1.0327060913523523E-030   1.1983404200932775E-029   8.5453950530888453E-030   2.1336237221352173E-030   1.9338357671265895E-029   2.7868970802346338E-015   1.5355450694365079E-028  -1.2638840127161059E-030  -2.6468228789924428E-031   1.6361470157184573E-028  -5.0734462274036133E-031   1.6113678822881664E-028  -1.2144079098239764E-016   3.2659599566831678E-018  -5.0914049824694521E-016
  0.19181578599727173        1.7338199741663349E-017  -6.3225080281902296E-017  -3.4282784187410083E-016   9.5646790819429041E-018  -4.2652682665768425E-017  -5.2546114461668371E-018  -2.1292380818202873E-017   1.5194718416065991E-017   1.1060554303928838E-016  0.22830826950824104       -5.7498855214147109E-017   7.9483313015816813E-017   8.9252463070354270E-017  -7.5035349606903355E-016  -5.3055230179444152E-015  -4.9035059476642546E-018   3.1125928278750223E-017  -2.2718470923631762E-015  -1.4196807461858910E-018  -2.2735254204888777E-015   5.0160715431962057E-018   6.4212902066562453E-017  -4.7945178318338168E-018   7.8850831687998143E-017   5.7880220554511482E-017  -1.1418571747817426E-016   1.1841366874399385E-017  -5.5052014331735619E-018  -1.1516044358834364E-016  -5.8810258518284697E-018  -1.2144079098239764E-016  0.18277253844600186       -1.9563072949785413E-017   1.3401670588162795E-016
  -1.3932223791891369E-016  0.19181578599727125       -2.3197408982138110E-018  -1.7755620196376624E-016   1.4611567662321471E-016   2.7218349807439814E-017   7.3307299825352341E-018   1.1357955187574180E-016   8.2003929212960842E-018   1.2880229742323419E-016   3.7332243055012381E-016  0.22830826950824129       -4.2868450398266434E-016   2.4302176923552242E-016  -2.8743320198447408E-017  -1.3740524231138969E-016  -2.8012439202411491E-015   7.1034455083051465E-017  -5.2391710690965910E-017  -1.6271272806167962E-018  -6.0910838267264763E-017  -6.5978999114971012E-015   4.7545582233591248E-017  -2.7190224687205079E-015   1.3362191388545606E-016   2.1144592642905615E-016  -3.4805262209960859E-018  -1.5885141593911616E-017   6.5294910293203199E-019   1.3577133760656683E-017  -1.4616286050254118E-018   3.2659599566831678E-018  -1.9563072949785413E-017  0.18277253844600078       -4.0589818832426029E-017
  -2.8586232592569666E-017  -1.1871110286905838E-016  0.19181578599727162        1.1176257833124613E-016  -3.9643509129381189E-016  -7.5987813364759964E-017   2.5777825436433811E-017  -4.0741237344885956E-016  -3.9912223296920751E-017  -3.6646153609898526E-016   7.4484124561122675E-016   4.8002373560437866E-016  0.22830826950824007        1.9099556521944213E-015   1.1559129494594930E-015  -2.2443425419382912E-016  -5.9647810568359410E-017  -2.2764426461456074E-015  -3.9308506820077681E-017  -1.9999300587841611E-017  -9.5002902048541016E-017  -2.2405514795563311E-016  -2.3476314564384993E-015  -7.5942524349791737E-017  -5.3028127323609126E-015  -3.2707756913936297E-017  -5.3371625359652889E-016   2.9438367159243499E-018   1.6092188162734031E-018  -5.4110883509529937E-016   3.9305677555214675E-018  -5.0914049824694521E-016   1.3401670588162795E-016  -4.0589818832426029E-017  0.18277253844600128     
