  0.27796710262728519        1.0912246221693919E-018  -5.6273631880437660E-016  -4.4679345936671566E-016   2.7355391298096831E-016  -1.4425794806301269E-016   1.1705875290123778E-016  -4.2492766866019764E-017   3.7107998171632265E-017  -8.4365091700891507E-017  0.25525873957734674       -2.9275969440937343E-016  -1.0950715159976039E-015  -7.3121291527884692E-016  -1.0347788644591682E-002  -3.9933024288889223E-016   1.9619807812162455E-015   4.2925470114045294E-015   5.1646879458643788E-015  -2.6881958616390746E-014   2.1382417981614123E-016   8.0902247673002332E-017  -1.0509172793840968E-014   3.0372210438821706E-017  -1.1546363119755103E-014  -2.0385566882473348E-017   6.6238887442087325E-017   1.5071396192407895E-016   1.9343966522951191E-016  -1.8565458338722183E-016   6.2618293399443347E-017   1.4792024825135965E-017   2.9430696431715992E-017   9.3220816132563877E-019   4.5394757519327218E-017   3.2884298878686311E-016   7.9089770693482817E-002  -1.2434992466291939E-016   4.4123028484910478E-017
   1.0912246221693919E-018  0.27796710262729701        3.9652018611607735E-016  -2.2371701476583207E-016  -2.5172646007161298E-017  -1.2276520784333286E-017   2.8607511062687723E-017   7.6775308922138019E-018   2.0353452222346483E-017  -1.1252317657847372E-016   1.2362105366029483E-015  0.25525873957730583       -8.2761631591335795E-016   6.8584652195092710E-016   8.3976081448547860E-016  -1.0347788644627742E-002  -2.3458887575899427E-016  -1.7663336830163163E-015  -1.0329305287820894E-015  -4.3453848685964209E-016  -2.3574736863875994E-015   1.4456343950161272E-016  -3.0518527991943763E-016   5.0019698254798999E-018  -1.7630849634733580E-016  -3.9892218170108059E-015   1.2448601154084486E-016  -1.8804156074453851E-015   3.4519594306245147E-016  -7.4125833829776043E-017   3.0509642203278890E-018  -2.0232033441893137E-017  -1.2238330751914519E-016  -3.0720496737344906E-019  -9.3296289389474806E-017  -2.3517533816910167E-016  -7.9264571724139358E-017   7.9089770693492892E-002   1.5172272868456907E-016
  -5.6273631880437660E-016   3.9652018611607735E-016  0.27796710262724722        3.0254165075955115E-016   2.5176639991812926E-016   4.8683939804871911E-017  -9.4787167353780465E-018   1.4251334307258371E-016   4.3600594570534179E-018   1.7672197426302882E-016   8.6654640690936782E-016  -8.9950601009747917E-016  0.25525873957739326        2.4409879253421702E-015   1.0694607336719358E-015  -4.2698540410012576E-015  -1.0347788644558660E-002   3.3844794792689695E-015   8.0097218930780905E-016  -3.2000564670048734E-016   2.2775693607695526E-016  -2.1773917619509644E-014  -9.6010146179292442E-017  -3.3691535019700118E-017  -1.1392151296239290E-016   3.4370556385681766E-016  -2.0914563569776623E-014   2.2224694123346140E-016  -5.0300909142230894E-014  -1.9074680674287869E-016  -4.8106482449528734E-017   2.2939275622642507E-018  -1.6284297069576968E-016   3.7151538669656089E-018  -1.8824955707962062E-016   7.8004290237002158E-016  -5.9526112764668546E-016  -1.4854719639365870E-016   7.9089770693464331E-002
  -4.4679345936671566E-016  -2.2371701476583207E-016   3.0254165075955115E-016  0.29553886524997219        1.6514242785421110E-015   4.2140224180593655E-016   3.2120252332891511E-017   1.9523629952044750E-015   2.7862926812840589E-016   3.9289418215530620E-015  -4.8621247458376446E-016  -3.0458836278780859E-016  -1.4015083307775972E-015  0.49167833162089813        3.5238600908436252E-015  -2.6631206972816086E-015   5.1651490379971051E-015   4.3701297539666993E-003  -4.6816618474955686E-004   2.9097268324703450E-016  -1.8022092488337653E-016   7.4981923151222857E-017   4.9575557343909943E-018  -1.6366008310606693E-017   1.5655010135991190E-016  -1.6626342887882953E-016  -2.9716768584777670E-017  -1.4878304647831591E-016   1.2511461625343601E-016  -2.8433425739664548E-014  -4.0886285039462016E-017  -2.7668493734442296E-016  -2.7128818161432415E-014  -1.0337806432950537E-016  -3.0565963997431289E-014   6.6340045164054132E-002  -1.2057302094697242E-016  -4.4320946231067600E-016  -1.9661959846464337E-016
   2.7355391298096831E-016  -2.5172646007161298E-017   2.5176639991812926E-016   1.6514242785421110E-015   3.5701105740918813E-027   1.3099220117642282E-029   1.3820947518756895E-029   3.6807703629774204E-027   5.7270025444027546E-030   3.7644532939031333E-027   2.4822047349464694E-016  -2.3551504905579139E-017   2.3054302814248421E-016   2.4793716245838270E-015   1.9355949375360031E-015   2.8464587824181344E-016   4.1780339234830874E-016   8.0746313158531631E-014   3.0030247080630218E-015   2.5812348794782229E-028  -6.2068190341389559E-029  -2.4160889466959108E-029   1.4476549687603236E-028  -2.3127632433120568E-030   1.4181901855810456E-028  -1.9287709951751539E-028  -5.5555639938109374E-030  -5.4155803591851262E-029  -6.2060637843721786E-029   3.4548762009726916E-027  -4.3639951441226336E-029   2.7366981079321843E-029   3.4575351396770554E-027   2.3279984202955284E-029   3.3519144886160239E-027   5.3484326103875645E-015   2.3227719166560773E-016   1.5356584416731617E-017   1.0554131285036619E-016
  -1.4425794806301269E-016  -1.2276520784333286E-017   4.8683939804871911E-017   4.2140224180593655E-016   1.3099220117642282E-029   1.9334462592459589E-030  -5.0689904208929125E-032   1.5251393716936838E-029  -4.4039623023044845E-031   1.8464432129502530E-029  -1.3072609504387146E-016  -1.1202884547221987E-017   4.4009933309368336E-017   6.9993384125252782E-016  -1.1330412421800537E-015  -4.5627935103522245E-017   4.5230543655984403E-016   3.0734537558957728E-016  -8.7747410931081521E-016  -2.6971356865883279E-029  -6.3713195450915671E-031   8.0999750599988909E-030  -1.4186280088708151E-029  -3.0516694234788446E-032  -1.3217623931563767E-029   5.4618941382604676E-032   9.5843447147499350E-030  -1.3712841647583061E-030   1.7958646097010556E-029  -2.5953374682080704E-029  -9.1319499698378508E-031  -2.7882980648147087E-032  -2.4783624885166241E-029   1.9627579944772966E-031  -3.1556861530500505E-029   1.1384941923974876E-016  -1.3140522619534924E-016  -7.1509495597264132E-018   4.9896888967184304E-017
   1.1705875290123778E-016   2.8607511062687723E-017  -9.4787167353780465E-018   3.2120252332891511E-017   1.3820947518756895E-029  -5.0689904208929125E-032   4.2101619474884266E-031   1.4365340307510961E-029   1.2079019307909501E-031   1.4340779406880300E-029   1.0666549080563446E-016   2.6640144654698016E-017  -8.9543891291034796E-018   5.2332093664627633E-017   5.3670880636372467E-016  -2.4201056765300150E-016   1.6330263673120915E-016   3.1082092220492833E-016  -4.6488255273853715E-016   8.7443343705961843E-030  -2.2198086783177381E-030   5.7295234647856024E-030   5.3269607167766928E-030   1.2993719821706291E-031   5.2154637471768704E-030  -5.1805133122747789E-030   6.1688199654780444E-030  -2.2641417869635092E-030   1.2323633112099809E-029   1.1143854047760360E-029   5.8353430656765891E-032  -1.3432184532763067E-031   1.0640073747266375E-029  -4.0819712945567065E-032   9.8364422336897977E-030   2.6716918334293805E-017   7.6252942273439438E-017  -1.0985004772112764E-017   1.0236909956943911E-017
  -4.2492766866019764E-017   7.6775308922138019E-018   1.4251334307258371E-016   1.9523629952044750E-015   3.6807703629774204E-027   1.5251393716936838E-029   1.4365340307510961E-029   3.7982466788905547E-027   6.2025477523336497E-030   3.8866580177802247E-027  -4.1155039741571231E-017   5.6073510784795459E-018   1.3059806647454777E-016   2.9711763006099778E-015   1.3921515299231806E-015   9.4012408986060772E-016   1.7243852498369071E-016   8.3317225248997223E-014   9.6432083114741525E-016   2.7408649716116318E-028  -6.0127874887988732E-029  -2.4281143866875033E-029   1.5113954767961413E-028  -2.4406254085802241E-030   1.4931203464924666E-028  -1.8804230309181818E-028  -3.9618665823571730E-030  -5.1293266747155287E-029  -5.8974064348258646E-029   3.5460625388589252E-027  -4.5049687778884480E-029   2.8328501585597731E-029   3.5479226081031762E-027   2.3795637012031094E-029   3.4335126811635165E-027   5.5759003132469417E-015   9.8283844650047462E-017   7.6828038398937253E-017   5.4657350570559679E-017
   3.7107998171632265E-017   2.0353452222346483E-017   4.3600594570534179E-018   2.7862926812840589E-016   5.7270025444027546E-030  -4.4039623023044845E-031   1.2079019307909501E-031   6.2025477523336497E-030   1.6140538556215789E-030   8.6422870748014074E-030   3.2700143212079341E-017   1.7418414681384082E-017   5.5263133770698191E-018   4.6330564463020461E-016   8.9560445218890815E-016   8.2840742307884440E-016  -9.9236962843762534E-016   7.7839793451732048E-017   2.8127343150452269E-017   2.9618064697432229E-029   5.4593621923351748E-030  -2.8286364072198463E-029   1.4974889316162975E-029  -1.3822474030922354E-031   1.4303864460314182E-029   1.1626271715194316E-029  -2.9525631211265696E-029   7.3396266370721853E-030  -6.0912265883735068E-029  -2.1333828930817450E-029   8.1741495700711025E-031  -1.5745425178006656E-031  -2.0056468511303566E-029  -4.6654753564772004E-031  -2.2948230066695248E-029   6.7070248555439848E-017   8.1755152302704661E-017   7.1604828999660130E-017  -7.7514330533777947E-017
  -8.4365091700891507E-017  -1.1252317657847372E-016   1.7672197426302882E-016   3.9289418215530620E-015   3.7644532939031333E-027   1.8464432129502530E-029   1.4340779406880300E-029   3.8866580177802247E-027   8.6422870748014074E-030   3.9912085762759245E-027  -7.8354894172945667E-017  -1.0580740359788899E-016   1.6376258838980012E-016   6.2540523922284077E-015   5.7793090192472816E-016   1.6183296341261150E-015  -9.6969856279552231E-016   8.5010481106812515E-014   1.2288052679032272E-015   2.5537910334335115E-028  -5.6929750815219955E-029  -5.8546288672999414E-029   1.4192305294273262E-028  -3.0573136857481159E-030   1.4000402742916666E-028  -1.8169778828024962E-028  -3.9812151670536331E-029  -4.7137077918250704E-029  -1.3292867783976007E-028   3.4311586027444773E-027  -4.5996333061460579E-029   2.7305681875069564E-029   3.4425405517632509E-027   2.3446482353482633E-029   3.3029771856113934E-027   6.1220391604361641E-015   2.1618737409593779E-017   9.6103749620993937E-017  -2.6163547969778297E-017
  0.25525873957734674        1.2362105366029483E-015   8.6654640690936782E-016  -4.8621247458376446E-016   2.4822047349464694E-016  -1.3072609504387146E-016   1.0666549080563446E-016  -4.1155039741571231E-017   3.2700143212079341E-017  -7.8354894172945667E-017  0.23440986978281000        8.6594427898503356E-016   2.7114994593844342E-016  -6.9817165354441334E-016  -1.2335166523364464E-002   1.7500303851162729E-016  -1.6590496536436305E-015  -1.8457952433275561E-014  -9.6054407815175301E-015  -2.4788688839304967E-014   1.9649189129812216E-016   7.3977900408551277E-017  -9.6999595943696173E-015   2.7488527394419874E-017  -1.0652965413334692E-014  -1.7711011966602696E-017   6.0843854161545483E-017   1.3709846477679534E-016   1.7833513821504763E-016  -1.7162832415227325E-016   5.6309888889387055E-017   1.4061997592009382E-017   2.6949197528864798E-017   1.3429909335838791E-018   3.9975845360312805E-017  -1.1020015830645795E-015   7.2403733382758337E-002   2.8358716448643465E-016   1.6219808156452521E-016
  -2.9275969440937343E-016  0.25525873957730583       -8.9950601009747917E-016  -3.0458836278780859E-016  -2.3551504905579139E-017  -1.1202884547221987E-017   2.6640144654698016E-017   5.6073510784795459E-018   1.7418414681384082E-017  -1.0580740359788899E-016   8.6594427898503356E-016  0.23440986978272449       -1.9560085036513159E-015   4.3761556911313566E-016  -1.2583519302885035E-016  -1.2335166523281337E-002  -5.1850636904385806E-015   9.6290655147434823E-015   1.0829564191566091E-015  -3.9901242736113214E-016  -2.1860785932507085E-015   1.4031337135420901E-016  -2.8041498440617647E-016   4.3040758742445063E-018  -1.6178711272265482E-016  -3.7132947790087229E-015   1.2071349254222623E-016  -1.7515373830862883E-015   3.3085036364449535E-016  -7.5605074048054191E-017   3.0552623955437852E-018  -2.0433112269691246E-017  -1.1995594237463346E-016  -6.8992898992668514E-019  -9.2617060649720473E-017   4.5048536270179594E-016  -2.3023919727750624E-016   7.2403733382761973E-002  -6.0594878147410398E-016
  -1.0950715159976039E-015  -8.2761631591335795E-016  0.25525873957739326       -1.4015083307775972E-015   2.3054302814248421E-016   4.4009933309368336E-017  -8.9543891291034796E-018   1.3059806647454777E-016   5.5263133770698191E-018   1.6376258838980012E-016   2.7114994593844342E-016  -1.9560085036513159E-015  0.23440986978292777       -5.1804231815102946E-016   2.0159961201356897E-016   2.4335039472519321E-014  -1.2335166523428557E-002  -2.8370495174995956E-015   8.8474502497823556E-016  -2.9329178046343429E-016   2.0819518857871829E-016  -2.0069076536533400E-014  -8.6398000433614442E-017  -3.1896276276489022E-017  -1.0504548287295706E-016   3.0978351068541076E-016  -1.9283875861085454E-014   2.0406117501884561E-016  -4.6351364723796024E-014  -1.7606804417308339E-016  -4.2499048262681995E-017   1.2046268306438384E-018  -1.4951001985932449E-016   2.3860467587373303E-018  -1.7265111330201588E-016  -2.0726926222550505E-017  -7.7681462701144123E-016   1.7614474074307072E-015   7.2403733382757240E-002
  -7.3121291527884692E-016   6.8584652195092710E-016   2.4409879253421702E-015  0.49167833162089813        2.4793716245838270E-015   6.9993384125252782E-016   5.2332093664627633E-017   2.9711763006099778E-015   4.6330564463020461E-016   6.2540523922284077E-015  -6.9817165354441334E-016   4.3761556911313566E-016  -5.1804231815102946E-016  0.81800947719147443       -1.1893687465948146E-014  -1.0893480141175802E-014  -9.2670576916064785E-016   1.1710676023114893E-003  -4.6564982830408114E-004   4.6842415789038445E-016  -2.9497893362792699E-016   1.2588319276663859E-016  -9.4104906977563068E-019  -2.7048762485962520E-017   2.5145707292374441E-016  -2.6181576524335620E-016  -5.0058003100571008E-017  -2.4316041050760395E-016   2.1069212225203678E-016  -4.7577618638955104E-014  -6.4756166480016535E-017  -4.6247024174338670E-016  -4.5406367142795010E-014  -1.7373904412321829E-016  -5.1117506945883033E-014  0.10999122237419026       -1.6282503186338230E-015  -9.3636772062873662E-016  -5.3137515823315278E-016
  -1.0347788644591682E-002   8.3976081448547860E-016   1.0694607336719358E-015   3.5238600908436252E-015   1.9355949375360031E-015  -1.1330412421800537E-015   5.3670880636372467E-016   1.3921515299231806E-015   8.9560445218890815E-016   5.7793090192472816E-016  -1.2335166523364464E-002  -1.2583519302885035E-016   2.0159961201356897E-016  -1.1893687465948146E-014   1.8465321758298152       -8.4625276088876924E-016  -3.0731948542420282E-015  -2.1735902075700115E-014  -8.0117768216891744E-015   6.8021173891400549E-014  -9.6564573485204835E-017   2.0233486085611858E-016   3.2538985978485465E-014   2.6114892295073127E-016   3.2934844685190758E-014  -6.5693490505107678E-016  -1.3098417200930346E-017   8.4358350412336407E-016  -4.6237178170755326E-016   7.5031772553326400E-016   7.7506474771833348E-016  -3.1233222141813109E-016   4.9200830264497236E-017  -3.1738209750875937E-016   1.1130190884816801E-015   9.9999352357213263E-015  0.14359076233374524        3.8844217360407376E-016   9.1371492781262470E-016
  -3.9933024288889223E-016  -1.0347788644627742E-002  -4.2698540410012576E-015  -2.6631206972816086E-015   2.8464587824181344E-016  -4.5627935103522245E-017  -2.4201056765300150E-016   9.4012408986060772E-016   8.2840742307884440E-016   1.6183296341261150E-015   1.7500303851162729E-016  -1.2335166523281337E-002   2.4335039472519321E-014  -1.0893480141175802E-014  -8.4625276088876924E-016   1.8465321758298920        7.1010018984708196E-015  -7.9241645845447793E-016   2.1920333846829756E-016  -1.2160052546860230E-018   1.3902488536867474E-014  -4.9323507392923890E-015   1.1670549338765858E-016   1.8833061863188690E-016  -7.0314778358027643E-017   3.2715002833401345E-014  -4.1738725557913234E-015   1.6194344921908083E-014  -9.0424208318801850E-015   4.9134020841714035E-015  -1.6535364069102980E-016   1.2089901710577447E-015   4.9385048533998595E-015   2.6579610797797271E-016   4.5280702488632611E-015   1.9251002454780769E-015   9.9656404811390894E-016  0.14359076233371570       -8.7823693087759948E-015
   1.9619807812162455E-015  -2.3458887575899427E-016  -1.0347788644558660E-002   5.1651490379971051E-015   4.1780339234830874E-016   4.5230543655984403E-016   1.6330263673120915E-016   1.7243852498369071E-016  -9.9236962843762534E-016  -9.6969856279552231E-016  -1.6590496536436305E-015  -5.1850636904385806E-015  -1.2335166523428557E-002  -9.2670576916064785E-016  -3.0731948542420282E-015   7.1010018984708196E-015   1.8465321758297406       -4.9722520619746994E-015  -1.2219200112643152E-015  -3.6034162119063463E-016   6.1409238845821253E-016   4.9016030096779321E-014  -1.1490899425674797E-015   6.2504831014942512E-016   2.8495101630655609E-016   3.7953453249615624E-015   5.1557637183246367E-014   1.0906445886845450E-017   1.0599084500092656E-013   5.9637765650764362E-016  -1.0914043841322346E-015   5.8769974611441533E-016  -1.3220783466254990E-017   6.6826455150776257E-016  -1.3604713337868370E-016  -2.6064931175727398E-015   1.6280357587427457E-015   2.0020635118178304E-015  0.14359076233377413     
   4.2925470114045294E-015  -1.7663336830163163E-015   3.3844794792689695E-015   4.3701297539666993E-003   8.0746313158531631E-014   3.0734537558957728E-016   3.1082092220492833E-016   8.3317225248997223E-014   7.7839793451732048E-017   8.5010481106812515E-014  -1.8457952433275561E-014   9.6290655147434823E-015  -2.8370495174995956E-015   1.1710676023114893E-003  -2.1735902075700115E-014  -7.9241645845447793E-016  -4.9722520619746994E-015   1.8336515349392020        2.1643126394464137E-004   4.7830019470462084E-015  -1.4562536574065341E-015  -3.4732560218211165E-016   2.7610568707817463E-015  -5.8004268568276783E-017   2.6930832722169695E-015  -4.4759014966013211E-015   1.0924526804822830E-016  -1.3071949933476148E-015  -8.4087475539815065E-016   8.1749155930703359E-014  -9.9215406657233470E-016   6.4922438230846401E-016   8.1612497961014983E-014   5.3583102157661591E-016   7.9510043910388669E-014  0.11410229678920764        6.3848182789318687E-015  -3.5230172695314130E-015   2.3539639347812976E-015
   5.1646879458643788E-015  -1.0329305287820894E-015   8.0097218930780905E-016  -4.6816618474955686E-004   3.0030247080630218E-015  -8.7747410931081521E-016  -4.6488255273853715E-016   9.6432083114741525E-016   2.8127343150452269E-017   1.2288052679032272E-015  -9.6054407815175301E-015   1.0829564191566091E-015   8.8474502497823556E-016  -4.6564982830408114E-004  -8.0117768216891744E-015   2.1920333846829756E-016  -1.2219200112643152E-015   2.1643126394464137E-004   2.0004187942463334        1.5206020137944446E-015   8.5460252449072992E-017  -1.3290465812476102E-016  -2.7959148410406074E-017  -8.4816562483441359E-017  -2.5121205574088423E-016  -5.7067233072437107E-016  -1.6203612627174911E-015   1.5326757308962508E-016  -1.6585813826213747E-015  -3.2872690148041555E-015  -2.1256854951299067E-016   9.3945120512602414E-017  -1.3789907720121668E-015   2.2429724945867568E-016   5.5342426083356018E-016  -1.6419683460335965E-003   7.9982348950860842E-015  -3.4905948766925769E-016   1.7133229564799836E-015
  -2.6881958616390746E-014  -4.3453848685964209E-016  -3.2000564670048734E-016   2.9097268324703450E-016   2.5812348794782229E-028  -2.6971356865883279E-029   8.7443343705961843E-030   2.7408649716116318E-028   2.9618064697432229E-029   2.5537910334335115E-028  -2.4788688839304967E-014  -3.9901242736113214E-016  -2.9329178046343429E-016   4.6842415789038445E-016   6.8021173891400549E-014  -1.2160052546860230E-018  -3.6034162119063463E-016   4.7830019470462084E-015   1.5206020137944446E-015   5.0477855370030406E-027  -2.4628772140381387E-029   1.3862779587021391E-029   2.1913875192924888E-027   6.2565086746546554E-030   2.3039910133728693E-027  -2.9394762286991221E-029   5.9163015693893646E-030   1.5349614598661550E-029  -2.1055774462352053E-030   2.2872876505240295E-028   1.9652583469023809E-029  -1.1348732056275321E-029   1.8526201914607332E-028  -1.0282855899466600E-029   2.1510582178297865E-028   3.5895356028340227E-016  -2.3290608300387708E-015  -1.2501940525822873E-016  -1.2059807061392881E-016
   2.1382417981614123E-016  -2.3574736863875994E-015   2.2775693607695526E-016  -1.8022092488337653E-016  -6.2068190341389559E-029  -6.3713195450915671E-031  -2.2198086783177381E-030  -6.0127874887988732E-029   5.4593621923351748E-030  -5.6929750815219955E-029   1.9649189129812216E-016  -2.1860785932507085E-015   2.0819518857871829E-016  -2.9497893362792699E-016  -9.6564573485204835E-017   1.3902488536867474E-014   6.1409238845821253E-016  -1.4562536574065341E-015   8.5460252449072992E-017  -2.4628772140381387E-029   1.2520089316595047E-028  -3.9402008865739816E-029  -8.9108044197764921E-030   1.6139322151938107E-030  -1.1759990672995189E-029   2.8273348113787965E-028  -3.2353333030020954E-029   1.3800214458521243E-028  -7.5907650713252306E-029  -1.0705325111922979E-029  -8.5765877028445849E-031   9.0940629118542337E-030  -1.0695703786910812E-029   1.8824743733008801E-030  -1.0302279515034044E-029  -1.3019833500864836E-016   5.3806381405823507E-017   4.2575205930066513E-016   1.1421910507357163E-016
   8.0902247673002332E-017   1.4456343950161272E-016  -2.1773917619509644E-014   7.4981923151222857E-017  -2.4160889466959108E-029   8.0999750599988909E-030   5.7295234647856024E-030  -2.4281143866875033E-029  -2.8286364072198463E-029  -5.8546288672999414E-029   7.3977900408551277E-017   1.4031337135420901E-016  -2.0069076536533400E-014   1.2588319276663859E-016   2.0233486085611858E-016  -4.9323507392923890E-015   4.9016030096779321E-014  -3.4732560218211165E-016  -1.3290465812476102E-016   1.3862779587021391E-029  -3.9402008865739816E-029   2.9776861685767824E-027  -2.3021217878035628E-029   1.8477236245363211E-029   1.6167020465471649E-029  -1.5708564640554483E-029   2.9754949953963865E-027  -6.0580355709070997E-029   6.6834654385265189E-027  -5.3935160171404853E-030  -2.4037110442939882E-029   1.1702228456874252E-029  -2.3337565422702996E-029   1.6274188346577645E-029  -2.3958685850546752E-029  -4.5621111761844332E-018   3.9318117589939015E-017  -3.4993789664804985E-016  -2.3690838760590887E-015
  -1.0509172793840968E-014  -3.0518527991943763E-016  -9.6010146179292442E-017   4.9575557343909943E-018   1.4476549687603236E-028  -1.4186280088708151E-029   5.3269607167766928E-030   1.5113954767961413E-028   1.4974889316162975E-029   1.4192305294273262E-028  -9.6999595943696173E-015  -2.8041498440617647E-016  -8.6398000433614442E-017  -9.4104906977563068E-019   3.2538985978485465E-014   1.1670549338765858E-016  -1.1490899425674797E-015   2.7610568707817463E-015  -2.7959148410406074E-017   2.1913875192924888E-027  -8.9108044197764921E-030  -2.3021217878035628E-029   9.6237789295028221E-028   2.9602759452958302E-030   1.0066714345353602E-027  -1.3670974296166937E-029  -2.7357065164745468E-029   1.0015493934659128E-029  -6.5010691505115004E-029   1.4332377855543862E-028   1.0365355850546720E-029  -5.2872712034739970E-030   1.2330724820348781E-028  -5.1602140726112457E-030   1.3809531569296895E-028   1.7147090191142229E-016  -4.3848879816105161E-016  -7.8472587204932789E-017  -1.1880859275591654E-016
   3.0372210438821706E-017   5.0019698254798999E-018  -3.3691535019700118E-017  -1.6366008310606693E-017  -2.3127632433120568E-030  -3.0516694234788446E-032   1.2993719821706291E-031  -2.4406254085802241E-030  -1.3822474030922354E-031  -3.0573136857481159E-030   2.7488527394419874E-017   4.3040758742445063E-018  -3.1896276276489022E-017  -2.7048762485962520E-017   2.6114892295073127E-016   1.8833061863188690E-016   6.2504831014942512E-016  -5.8004268568276783E-017  -8.4816562483441359E-017   6.2565086746546554E-030   1.6139322151938107E-030   1.8477236245363211E-029   2.9602759452958302E-030   2.8110146626093976E-031   3.3711801794554340E-030   4.5774264763833975E-030   1.9341853017075713E-029   1.7721853696465800E-030   4.0407910141344949E-029  -6.4567522192680077E-032  -2.2056869085109066E-031   2.6944265273821974E-031  -4.9538064441307178E-031   1.8684181537507613E-031  -2.4919740417699078E-031  -7.1715260571450258E-018   2.9459811184014804E-017   1.6386433155847852E-017   3.9926447178462922E-017
  -1.1546363119755103E-014  -1.7630849634733580E-016  -1.1392151296239290E-016   1.5655010135991190E-016   1.4181901855810456E-028  -1.3217623931563767E-029   5.2154637471768704E-030   1.4931203464924666E-028   1.4303864460314182E-029   1.4000402742916666E-028  -1.0652965413334692E-014  -1.6178711272265482E-016  -1.0504548287295706E-016   2.5145707292374441E-016   3.2934844685190758E-014  -7.0314778358027643E-017   2.8495101630655609E-016   2.6930832722169695E-015  -2.5121205574088423E-016   2.3039910133728693E-027  -1.1759990672995189E-029   1.6167020465471649E-029   1.0066714345353602E-027   3.3711801794554340E-030   1.0562013096483921E-027  -1.5702041019210166E-029   1.3797393881658504E-029   7.1112277945786879E-030   1.9592196858749627E-029   1.2675259386953945E-028   9.4948805093927812E-030  -5.2525747664077974E-030   1.0576260351476495E-028  -4.8313437108328553E-030   1.1875719189397268E-028   2.0134011290336348E-016  -7.0524381795072919E-016  -5.6267006579504904E-017  -1.0133079979928055E-017
  -2.0385566882473348E-017  -3.9892218170108059E-015   3.4370556385681766E-016  -1.6626342887882953E-016  -1.9287709951751539E-028   5.4618941382604676E-032  -5.1805133122747789E-030  -1.8804230309181818E-028   1.1626271715194316E-029  -1.8169778828024962E-028  -1.7711011966602696E-017  -3.7132947790087229E-015   3.0978351068541076E-016  -2.6181576524335620E-016  -6.5693490505107678E-016   3.2715002833401345E-014   3.7953453249615624E-015  -4.4759014966013211E-015  -5.7067233072437107E-016  -2.9394762286991221E-029   2.8273348113787965E-028  -1.5708564640554483E-029  -1.3670974296166937E-029   4.5774264763833975E-030  -1.5702041019210166E-029   6.5141837009669350E-028   3.7608421759140293E-030   3.1464874398236758E-028  -9.0583681688424097E-030  -9.5104766406337399E-029  -3.0519735735608575E-030   2.1464350063160590E-029  -9.5888912797251511E-029   4.8725066438273251E-030  -9.7804972079433039E-029  -3.1286387880032574E-016  -5.8003700085861795E-017   1.4498642154907317E-015   4.0005943414096202E-016
   6.6238887442087325E-017   1.2448601154084486E-016  -2.0914563569776623E-014  -2.9716768584777670E-017  -5.5555639938109374E-030   9.5843447147499350E-030   6.1688199654780444E-030  -3.9618665823571730E-030  -2.9525631211265696E-029  -3.9812151670536331E-029   6.0843854161545483E-017   1.2071349254222623E-016  -1.9283875861085454E-014  -5.0058003100571008E-017  -1.3098417200930346E-017  -4.1738725557913234E-015   5.1557637183246367E-014   1.0924526804822830E-016  -1.6203612627174911E-015   5.9163015693893646E-030  -3.2353333030020954E-029   2.9754949953963865E-027  -2.7357065164745468E-029   1.9341853017075713E-029   1.3797393881658504E-029   3.7608421759140293E-030   2.9811446717437174E-027  -5.3607210570979830E-029   6.6703919892682104E-027   2.9870463730091443E-029  -2.5947291983793953E-029   1.3253547603145895E-029   9.3252722619186172E-030   1.7367886105306269E-029   7.4293981684736015E-030   1.3524187093647191E-018   1.8002957776980290E-017  -2.9550682445933690E-016  -1.9202972240155211E-015
   1.5071396192407895E-016  -1.8804156074453851E-015   2.2224694123346140E-016  -1.4878304647831591E-016  -5.4155803591851262E-029  -1.3712841647583061E-030  -2.2641417869635092E-030  -5.1293266747155287E-029   7.3396266370721853E-030  -4.7137077918250704E-029   1.3709846477679534E-016  -1.7515373830862883E-015   2.0406117501884561E-016  -2.4316041050760395E-016   8.4358350412336407E-016   1.6194344921908083E-014   1.0906445886845450E-017  -1.3071949933476148E-015   1.5326757308962508E-016   1.5349614598661550E-029   1.3800214458521243E-028  -6.0580355709070997E-029   1.0015493934659128E-029   1.7721853696465800E-030   7.1112277945786879E-030   3.1464874398236758E-028  -5.3607210570979830E-029   1.5521729368141818E-028  -1.2003071689982740E-028  -9.3705832387254032E-031  -4.1212383326795019E-031   1.0243689234185873E-029  -9.9274626118579911E-031   1.8746558938291901E-030  -9.5002384427959809E-031  -1.1402666787156794E-016   1.1028597464869798E-016   7.4481114598233837E-016   6.4758134116625541E-017
   1.9343966522951191E-016   3.4519594306245147E-016  -5.0300909142230894E-014   1.2511461625343601E-016  -6.2060637843721786E-029   1.7958646097010556E-029   1.2323633112099809E-029  -5.8974064348258646E-029  -6.0912265883735068E-029  -1.3292867783976007E-028   1.7833513821504763E-016   3.3085036364449535E-016  -4.6351364723796024E-014   2.1069212225203678E-016  -4.6237178170755326E-016  -9.0424208318801850E-015   1.0599084500092656E-013  -8.4087475539815065E-016  -1.6585813826213747E-015  -2.1055774462352053E-030  -7.5907650713252306E-029   6.6834654385265189E-027  -6.5010691505115004E-029   4.0407910141344949E-029   1.9592196858749627E-029  -9.0583681688424097E-030   6.6703919892682104E-027  -1.2003071689982740E-028   1.5021129444500617E-026  -3.7032925105722098E-030  -5.1669802187372158E-029   2.6392239736750082E-029  -4.3887100691364585E-029   3.5326106683439473E-029  -4.6592788466368839E-029  -2.2620965912865267E-017   1.8910786786787092E-017  -6.1848959857419080E-016  -6.0478528055419121E-015
  -1.8565458338722183E-016  -7.4125833829776043E-017  -1.9074680674287869E-016  -2.8433425739664548E-014   3.4548762009726916E-027  -2.5953374682080704E-029   1.1143854047760360E-029   3.5460625388589252E-027  -2.1333828930817450E-029   3.4311586027444773E-027  -1.7162832415227325E-016  -7.5605074048054191E-017  -1.7606804417308339E-016  -4.7577618638955104E-014   7.5031772553326400E-016   4.9134020841714035E-015   5.9637765650764362E-016   8.1749155930703359E-014  -3.2872690148041555E-015   2.2872876505240295E-028  -1.0705325111922979E-029  -5.3935160171404853E-030   1.4332377855543862E-028  -6.4567522192680077E-032   1.2675259386953945E-028  -9.5104766406337399E-029   2.9870463730091443E-029  -9.3705832387254032E-031  -3.7032925105722098E-030   6.4372672311254031E-027  -4.0631250906337173E-029   5.9010681959290779E-029   6.3010107731326079E-027   3.4441953478626718E-029   6.5358326938300111E-027  -1.3105301028568040E-015   6.1825564283093842E-018   3.6868356554058287E-016  -7.5001274051420526E-018
   6.2618293399443347E-017   3.0509642203278890E-018  -4.8106482449528734E-017  -4.0886285039462016E-017  -4.3639951441226336E-029  -9.1319499698378508E-031   5.8353430656765891E-032  -4.5049687778884480E-029   8.1741495700711025E-031  -4.5996333061460579E-029   5.6309888889387055E-017   3.0552623955437852E-018  -4.2499048262681995E-017  -6.4756166480016535E-017   7.7506474771833348E-016  -1.6535364069102980E-016  -1.0914043841322346E-015  -9.9215406657233470E-016  -2.1256854951299067E-016   1.9652583469023809E-029  -8.5765877028445849E-031  -2.4037110442939882E-029   1.0365355850546720E-029  -2.2056869085109066E-031   9.4948805093927812E-030  -3.0519735735608575E-030  -2.5947291983793953E-029  -4.1212383326795019E-031  -5.1669802187372158E-029  -4.0631250906337173E-029   1.5763776595228697E-030  -9.0971668166855373E-031  -4.0820845803658540E-029  -8.5374213510704423E-031  -3.8874152703845488E-029  -7.0185734535351045E-017   7.9521306032896944E-017  -1.2247581534643341E-017  -1.0045835274983746E-016
   1.4792024825135965E-017  -2.0232033441893137E-017   2.2939275622642507E-018  -2.7668493734442296E-016   2.7366981079321843E-029  -2.7882980648147087E-032  -1.3432184532763067E-031   2.8328501585597731E-029  -1.5745425178006656E-031   2.7305681875069564E-029   1.4061997592009382E-017  -2.0433112269691246E-017   1.2046268306438384E-018  -4.6247024174338670E-016  -3.1233222141813109E-016   1.2089901710577447E-015   5.8769974611441533E-016   6.4922438230846401E-016   9.3945120512602414E-017  -1.1348732056275321E-029   9.0940629118542337E-030   1.1702228456874252E-029  -5.2872712034739970E-030   2.6944265273821974E-031  -5.2525747664077974E-030   2.1464350063160590E-029   1.3253547603145895E-029   1.0243689234185873E-029   2.6392239736750082E-029   5.9010681959290779E-029  -9.0971668166855373E-031   1.5289994408089309E-030   5.7776697365969635E-029   7.3916453399623872E-031   5.9865022686944954E-029  -2.1874632084413111E-017  -2.0538407434454389E-017   9.0145305867519819E-017   4.7307210408415781E-017
   2.9430696431715992E-017  -1.2238330751914519E-016  -1.6284297069576968E-016  -2.7128818161432415E-014   3.4575351396770554E-027  -2.4783624885166241E-029   1.0640073747266375E-029   3.5479226081031762E-027  -2.0056468511303566E-029   3.4425405517632509E-027   2.6949197528864798E-017  -1.1995594237463346E-016  -1.4951001985932449E-016  -4.5406367142795010E-014   4.9200830264497236E-017   4.9385048533998595E-015  -1.3220783466254990E-017   8.1612497961014983E-014  -1.3789907720121668E-015   1.8526201914607332E-028  -1.0695703786910812E-029  -2.3337565422702996E-029   1.2330724820348781E-028  -4.9538064441307178E-031   1.0576260351476495E-028  -9.5888912797251511E-029   9.3252722619186172E-030  -9.9274626118579911E-031  -4.3887100691364585E-029   6.3010107731326079E-027  -4.0820845803658540E-029   5.7776697365969635E-029   6.1729896421233952E-027   3.4057201651928412E-029   6.3942945704565595E-027  -1.0287848962689938E-015   1.2366094487717483E-017   3.5680280408208745E-016  -4.7864136619773931E-017
   9.3220816132563877E-019  -3.0720496737344906E-019   3.7151538669656089E-018  -1.0337806432950537E-016   2.3279984202955284E-029   1.9627579944772966E-031  -4.0819712945567065E-032   2.3795637012031094E-029  -4.6654753564772004E-031   2.3446482353482633E-029   1.3429909335838791E-018  -6.8992898992668514E-019   2.3860467587373303E-018  -1.7373904412321829E-016  -3.1738209750875937E-016   2.6579610797797271E-016   6.6826455150776257E-016   5.3583102157661591E-016   2.2429724945867568E-016  -1.0282855899466600E-029   1.8824743733008801E-030   1.6274188346577645E-029  -5.1602140726112457E-030   1.8684181537507613E-031  -4.8313437108328553E-030   4.8725066438273251E-030   1.7367886105306269E-029   1.8746558938291901E-030   3.5326106683439473E-029   3.4441953478626718E-029  -8.5374213510704423E-031   7.3916453399623872E-031   3.4057201651928412E-029   5.5360601930722608E-031   3.4587074622138258E-029   9.7727555777432131E-018  -2.4923709716895358E-017   2.1008831403661019E-017   5.4110494998816545E-017
   4.5394757519327218E-017  -9.3296289389474806E-017  -1.8824955707962062E-016  -3.0565963997431289E-014   3.3519144886160239E-027  -3.1556861530500505E-029   9.8364422336897977E-030   3.4335126811635165E-027  -2.2948230066695248E-029   3.3029771856113934E-027   3.9975845360312805E-017  -9.2617060649720473E-017  -1.7265111330201588E-016  -5.1117506945883033E-014   1.1130190884816801E-015   4.5280702488632611E-015  -1.3604713337868370E-016   7.9510043910388669E-014   5.5342426083356018E-016   2.1510582178297865E-028  -1.0302279515034044E-029  -2.3958685850546752E-029   1.3809531569296895E-028  -2.4919740417699078E-031   1.1875719189397268E-028  -9.7804972079433039E-029   7.4293981684736015E-030  -9.5002384427959809E-031  -4.6592788466368839E-029   6.5358326938300111E-027  -3.8874152703845488E-029   5.9865022686944954E-029   6.3942945704565595E-027   3.4587074622138258E-029   6.6604451848329510E-027  -1.9283932297978682E-015   1.0139440822264742E-016   3.3258725697509294E-016  -6.4917273426321558E-017
   3.2884298878686311E-016  -2.3517533816910167E-016   7.8004290237002158E-016   6.6340045164054132E-002   5.3484326103875645E-015   1.1384941923974876E-016   2.6716918334293805E-017   5.5759003132469417E-015   6.7070248555439848E-017   6.1220391604361641E-015  -1.1020015830645795E-015   4.5048536270179594E-016  -2.0726926222550505E-017  0.10999122237419026        9.9999352357213263E-015   1.9251002454780769E-015  -2.6064931175727398E-015  0.11410229678920764       -1.6419683460335965E-003   3.5895356028340227E-016  -1.3019833500864836E-016  -4.5621111761844332E-018   1.7147090191142229E-016  -7.1715260571450258E-018   2.0134011290336348E-016  -3.1286387880032574E-016   1.3524187093647191E-018  -1.1402666787156794E-016  -2.2620965912865267E-017  -1.3105301028568040E-015  -7.0185734535351045E-017  -2.1874632084413111E-017  -1.0287848962689938E-015   9.7727555777432131E-018  -1.9283932297978682E-015   2.1871558014583601E-002   1.2461656400498869E-015  -1.3434363671114355E-016  -2.9367729575620183E-017
   7.9089770693482817E-002  -7.9264571724139358E-017  -5.9526112764668546E-016  -1.2057302094697242E-016   2.3227719166560773E-016  -1.3140522619534924E-016   7.6252942273439438E-017   9.8283844650047462E-017   8.1755152302704661E-017   2.1618737409593779E-017   7.2403733382758337E-002  -2.3023919727750624E-016  -7.7681462701144123E-016  -1.6282503186338230E-015  0.14359076233374524        9.9656404811390894E-016   1.6280357587427457E-015   6.3848182789318687E-015   7.9982348950860842E-015  -2.3290608300387708E-015   5.3806381405823507E-017   3.9318117589939015E-017  -4.3848879816105161E-016   2.9459811184014804E-017  -7.0524381795072919E-016  -5.8003700085861795E-017   1.8002957776980290E-017   1.1028597464869798E-016   1.8910786786787092E-017   6.1825564283093842E-018   7.9521306032896944E-017  -2.0538407434454389E-017   1.2366094487717483E-017  -2.4923709716895358E-017   1.0139440822264742E-016   1.2461656400498869E-015   3.4134338949157919E-002   4.6588405659139891E-017   3.9999913324222384E-017
  -1.2434992466291939E-016   7.9089770693492892E-002  -1.4854719639365870E-016  -4.4320946231067600E-016   1.5356584416731617E-017  -7.1509495597264132E-018  -1.0985004772112764E-017   7.6828038398937253E-017   7.1604828999660130E-017   9.6103749620993937E-017   2.8358716448643465E-016   7.2403733382761973E-002   1.7614474074307072E-015  -9.3636772062873662E-016   3.8844217360407376E-016  0.14359076233371570        2.0020635118178304E-015  -3.5230172695314130E-015  -3.4905948766925769E-016  -1.2501940525822873E-016   4.2575205930066513E-016  -3.4993789664804985E-016  -7.8472587204932789E-017   1.6386433155847852E-017  -5.6267006579504904E-017   1.4498642154907317E-015  -2.9550682445933690E-016   7.4481114598233837E-016  -6.1848959857419080E-016   3.6868356554058287E-016  -1.2247581534643341E-017   9.0145305867519819E-017   3.5680280408208745E-016   2.1008831403661019E-017   3.3258725697509294E-016  -1.3434363671114355E-016   4.6588405659139891E-017   3.4134338949159210E-002  -5.1198679574062881E-016
   4.4123028484910478E-017   1.5172272868456907E-016   7.9089770693464331E-002  -1.9661959846464337E-016   1.0554131285036619E-016   4.9896888967184304E-017   1.0236909956943911E-017   5.4657350570559679E-017  -7.7514330533777947E-017  -2.6163547969778297E-017   1.6219808156452521E-016  -6.0594878147410398E-016   7.2403733382757240E-002  -5.3137515823315278E-016   9.1371492781262470E-016  -8.7823693087759948E-015  0.14359076233377413        2.3539639347812976E-015   1.7133229564799836E-015  -1.2059807061392881E-016   1.1421910507357163E-016  -2.3690838760590887E-015  -1.1880859275591654E-016   3.9926447178462922E-017  -1.0133079979928055E-017   4.0005943414096202E-016  -1.9202972240155211E-015   6.4758134116625541E-017  -6.0478528055419121E-015  -7.5001274051420526E-018  -1.0045835274983746E-016   4.7307210408415781E-017  -4.7864136619773931E-017   5.4110494998816545E-017  -6.4917273426321558E-017  -2.9367729575620183E-017   3.9999913324222384E-017  -5.1198679574062881E-016   3.4134338949153992E-002
