  0.23410412396032751        6.2178050056235303E-016   1.8686659567362335E-015  -3.6606747688976003E-015  -1.3727481460024173E-017   6.8152353490833792E-017   1.8093836420023614E-017   2.4146506570014478E-017   8.9513263067916891E-018  -7.9712731505311239E-017  0.30187696572307893        1.0530533170005201E-016   1.3697548230140958E-016  -5.3563681629285541E-015  -1.8574843119106167E-003  -1.5252686874317597E-015  -5.2909858346028957E-015   2.1059623632024155E-015  -1.4519140620707735E-014   2.8277114275676572E-017   4.7518429372402015E-017  -6.1879457134097691E-015  -9.1769682896716850E-019  -5.6687172697248966E-015   1.1661960868756928E-016  -1.1696676246710666E-017   1.1068327673856507E-016   1.7556601422807285E-017   4.7144814222956221E-015  -2.3111807654190856E-017   6.1749906924770957E-017  -6.6423849375833998E-018   1.5025710550504361E-017   2.6314430260955662E-017   7.8738640798793980E-017  -7.3465500742374604E-016  0.12368695407799066        1.6955602374718447E-016   4.8957021602475708E-016
   6.2178050056235303E-016  0.23410412396033686       -1.0634628496859860E-015  -4.3448781617956531E-016   2.1788990003664108E-016   1.0235525743004583E-016   1.0489695579240758E-016   7.5249416224803607E-017   2.6330527260390823E-017   1.9361261188837921E-016  -1.0238783996713235E-015  0.30187696572306871        1.2081969234371328E-016  -1.0181205378736062E-016  -1.4910055221155602E-015  -1.8574843119066914E-003   3.2354398366587163E-016   1.1506878769263082E-015   4.4460479071250912E-016  -4.6905839778346414E-015  -1.4754954476888612E-016   2.7128631097814955E-016   8.3489793263283421E-018   1.4165879103264763E-016  -9.1554116923226131E-015  -1.0396472565891967E-016  -4.1201514682571825E-015  -3.8583747702473190E-016  -5.8092477489950199E-016  -9.1855095126367106E-018  -1.1781914029485736E-018   3.7050578777452859E-017   4.2479320683869313E-017  -3.5919840601679938E-017   4.1412709299698928E-017   2.4806067618736953E-016   5.0001014217727295E-016  0.12368695407799853       -4.7956838539412686E-016
   1.8686659567362335E-015  -1.0634628496859860E-015  0.23410412396036187        2.1614378906877446E-015   8.6130036631492702E-017  -4.7026827985571856E-017  -1.4046455713449555E-017   3.3100543828494937E-017   6.7421275823446168E-017   1.8852443407345604E-016   1.2219488148338320E-016   1.0438951399169424E-015  0.30187696572306760        1.9314101324917658E-015  -2.1103286956128557E-015   2.6584225882701786E-015  -1.8574843119226435E-003  -2.0467645690628531E-015   7.0424465585880317E-017  -2.5416499603052870E-016  -2.5980184272342235E-015   1.1454590044499008E-016   4.4680334135768006E-018  -5.4243933156327751E-018  -7.0441051472891539E-016  -1.9509679687491638E-015  -2.2431047706714384E-016  -4.5853236128070261E-015   2.4567051110853966E-015   1.3847122379198531E-016   7.8584651571629068E-017  -3.2012941912074523E-017   1.2337250381859201E-016   1.2033697168967785E-018   1.2058985675648652E-016   8.5071636069971431E-016   5.9178611545802172E-016  -4.8514546683248940E-016  0.12368695407800732     
  -3.6606747688976003E-015  -4.3448781617956531E-016   2.1614378906877446E-015  0.29177953194345974       -3.0668875016039326E-014  -5.7458555011595875E-016   3.8409050909237456E-016  -2.8913673241894517E-014   1.1205044556586315E-016  -3.0039117194768399E-014   1.8894765086853076E-015  -6.0444339452358096E-016  -2.8636356518362703E-016  0.49241576429912753        2.3230509722794633E-015   7.2262992202154206E-015  -2.8706769439935643E-015   4.3923749295876995E-003  -9.4340225510407410E-018   1.2470297790154175E-016   1.0572112035969734E-016  -1.8400649398681934E-016   1.5368579917691985E-017   6.5511218780563288E-017   1.0217788659495196E-016   9.6898852446052900E-017   2.7941539323016967E-017  -3.4303934681989133E-017  -3.5486856672372263E-004  -1.6064522872149638E-014  -1.6202861298020233E-016   1.4562547981064805E-016  -1.8875755365248299E-014  -2.7218376084511362E-016  -1.7645179443269784E-014   6.8996761384198121E-002  -2.4501115053358710E-015   2.0189249628628731E-016   1.4851650673481627E-015
  -1.3727481460024173E-017   2.1788990003664108E-016   8.6130036631492702E-017  -3.0668875016039326E-014   3.2687775203623367E-027   6.0676361526190689E-029  -4.1725012044821316E-029   3.0843419281323767E-027  -8.2020658058177856E-030   3.2166852023356634E-027  -2.3976925768459445E-017   2.8873454474092460E-016   1.1652875120247729E-016  -5.1729702727258341E-014   2.2569916987999995E-015  -2.7946380381335519E-015  -1.9658330580190370E-015  -7.8742470864196043E-015   3.9480511896655577E-029  -6.0140039322097256E-029  -3.5302427422161578E-029   4.3888764225670097E-029  -9.7212976714270359E-031   1.3063828305726242E-029  -1.0063088420393229E-028  -3.6226420237795776E-029  -4.1667145654390363E-029  -6.7177614178696413E-029  -3.3163750863950853E-015   1.6051233449242815E-027   9.5836605657392789E-030  -1.3845891984080585E-029   1.9106593420763621E-027   2.4743631534580954E-029   1.7564245764770186E-027  -7.7774091260448822E-015   1.3299689260815950E-016  -5.8439731748619250E-017  -7.6614408574672061E-017
   6.8152353490833792E-017   1.0235525743004583E-016  -4.7026827985571856E-017  -5.7458555011595875E-016   6.0676361526190689E-029   2.9593568436592790E-030   8.0253629144744157E-031   5.3315850984453227E-029  -6.5113563479416087E-031   6.6316339211465675E-029   8.7732094654507621E-017   1.3157219364139139E-016  -6.3425610348286937E-017  -9.7093691425008232E-016   5.3505276043988290E-017   1.4835979276162002E-016   1.0018242479522139E-015   2.7137189469427510E-016  -2.3645691353963714E-030  -4.6353744535055336E-031   1.6267110662081668E-029   2.1585620782124980E-030  -2.5998966134127236E-031  -4.7618825333960659E-030   2.1682564559756282E-030   1.7338166316745283E-029   1.1219710716781169E-030   2.9874912719141668E-029  -1.5256104762096830E-015   3.2922573020797144E-029  -6.0152707623658598E-031  -1.4816900786464243E-031   4.2412401646507330E-029  -5.8732533826366953E-031   2.9797404643978948E-029  -1.1508170564506251E-016   3.9366313066056779E-017   6.3348549203350473E-017   3.7387046134882284E-017
   1.8093836420023614E-017   1.0489695579240758E-016  -1.4046455713449555E-017   3.8409050909237456E-016  -4.1725012044821316E-029   8.0253629144744157E-031   4.4354753826205153E-030  -4.0244033132874940E-029  -1.5857067689050617E-030  -3.6927082425979455E-029   2.3730597587504701E-017   1.3344759130604173E-016  -2.5239726163151944E-017   6.5003832342935330E-016  -1.4350372657934764E-016   6.5260079678446761E-016   2.5632236166139960E-015  -4.8036371515358264E-016  -4.7074057898137308E-030   9.6374480982838880E-030   3.5805178482708581E-029  -1.3161748550160898E-030  -5.9372288953496681E-031  -3.2685836429811491E-030   1.8263057593091270E-029   3.8353222623011706E-029   6.6455107767243879E-030   8.2352207869444030E-029  -2.2351511553073312E-016  -2.8051683929131699E-029  -2.0183409447576054E-030  -8.6611767940063564E-031  -3.2080003029844525E-029  -1.4743429059128531E-030  -3.4470493799291672E-029   5.6384037873499487E-017   6.5088208560126249E-019   9.6027786694639264E-017   1.5185840868681853E-016
   2.4146506570014478E-017   7.5249416224803607E-017   3.3100543828494937E-017  -2.8913673241894517E-014   3.0843419281323767E-027   5.3315850984453227E-029  -4.0244033132874940E-029   2.9223002308546992E-027  -8.4854537992204426E-030   3.0195260584693364E-027   2.8063067984406549E-017   1.0590986891966119E-016   4.9664209625742868E-017  -4.8760075768088107E-014   1.1052841311692736E-015  -3.1927249020135196E-015  -2.5109610620373259E-015  -9.6774155179784424E-015   8.6596792536644241E-030  -5.8839606643917590E-029  -4.7888038422733748E-029   2.1408507472613756E-029  -8.6709056108030659E-031   9.0354946690561061E-030  -1.0866845108684339E-028  -4.9664911024612968E-029  -4.7549994838482090E-029  -7.4328229635630794E-029   9.0784094633770280E-016   1.4914964331547465E-027   9.5752767345512966E-030  -1.4087020964425334E-029   1.7684150943596958E-027   2.5667543555697880E-029   1.6478387877477680E-027  -7.4948903257743685E-015   8.1455292968382187E-017  -1.5861132090258633E-016  -1.3853418857312959E-016
   8.9513263067916891E-018   2.6330527260390823E-017   6.7421275823446168E-017   1.1205044556586315E-016  -8.2020658058177856E-030  -6.5113563479416087E-031  -1.5857067689050617E-030  -8.4854537992204426E-030   2.5059492774532652E-030  -7.7817193095671892E-030   6.8188612000495070E-018   3.6468874544134795E-017   8.9485680642156728E-017   1.8825062654242316E-016   1.6988292032371353E-015  -9.0495846305424943E-016  -9.1619562729571182E-016   2.2162597537777945E-016   3.6299162460030815E-029  -1.4520420215062240E-029  -1.3043801068535414E-029   1.7442596945840536E-029   4.7555833288314307E-031   1.8612213261435471E-029  -2.9963190937786973E-029  -1.4730456483419653E-029  -1.1775660587347325E-029  -3.1825402646050125E-029  -5.8442377859377847E-017  -2.1755739479413883E-030   3.6011745926964145E-031   4.6066097927942136E-031  -1.4515876719943912E-030  -7.3037870528215036E-031  -1.7330285741951740E-030   4.2169758527382722E-017   1.1030428523439886E-016  -4.2312427927564137E-017  -2.1280526505276179E-017
  -7.9712731505311239E-017   1.9361261188837921E-016   1.8852443407345604E-016  -3.0039117194768399E-014   3.2166852023356634E-027   6.6316339211465675E-029  -3.6927082425979455E-029   3.0195260584693364E-027  -7.7817193095671892E-030   3.1982284027999414E-027  -1.1161764532085116E-016   2.5954834081808268E-016   2.4168515753211593E-016  -5.0666030140961702E-014   3.1756187289215028E-015  -3.5566450918401553E-015   5.0806567457976145E-016  -8.3201762075860881E-015   6.2703663011651784E-029  -7.3895751644885827E-029   8.5103071404769766E-030   6.7445314562359729E-029  -1.4311819767474731E-030   8.1320553209820971E-030  -1.1596992986629310E-028   1.1033711144717264E-029  -4.6656249519805284E-029  -5.0621037311743096E-030  -1.0812976364534359E-014   1.5581865356060553E-027   4.3417753897022948E-030  -1.1950269639488472E-029   1.8780609336270120E-027   1.8805887994627451E-029   1.6770365150198596E-027  -7.6565649124023093E-015   1.5518793428270479E-016  -1.1863188475612049E-016   1.3127103842162249E-016
  0.30187696572307893       -1.0238783996713235E-015   1.2219488148338320E-016   1.8894765086853076E-015  -2.3976925768459445E-017   8.7732094654507621E-017   2.3730597587504701E-017   2.8063067984406549E-017   6.8188612000495070E-018  -1.1161764532085116E-016  0.38928452243985789       -2.2361040812330581E-015  -2.8270452125130921E-015   4.3060686580586973E-015  -7.6333142435756575E-003   2.1798785947072767E-015   6.2316492744510794E-015  -4.6329800310757694E-015  -1.8835974485432176E-014   3.6981440782257053E-017   6.0556844723413206E-017  -8.0340065379070822E-015  -1.8381243761029317E-018  -7.3675139005524793E-015   1.5170947728169376E-016  -1.2987331222933242E-017   1.4074338781585320E-016   2.4303627641091241E-017  -1.2222084830997121E-014  -3.2881642954105812E-017   8.1244544161875900E-017  -7.8176150780452922E-018   1.4210140025679512E-017   3.6808180051874237E-017   1.0050495202807396E-016   6.4136937610912773E-017  0.15916865646908060       -4.8663529729473624E-016   2.3857738166153044E-016
   1.0530533170005201E-016  0.30187696572306871        1.0438951399169424E-015  -6.0444339452358096E-016   2.8873454474092460E-016   1.3157219364139139E-016   1.3344759130604173E-016   1.0590986891966119E-016   3.6468874544134795E-017   2.5954834081808268E-016  -2.2361040812330581E-015  0.38928452243981632        3.2891580128795355E-015  -1.6891155744286040E-016   3.0611222818747803E-016  -7.6333142436269706E-003  -1.6563110121374384E-015  -9.0690603514202622E-016   5.7051519356466120E-016  -6.1230922176298353E-015  -1.9057951781175139E-016   3.4971458857553087E-016   1.1093886895133005E-017   1.8162494283015718E-016  -1.1965918210480236E-014  -1.3506113183281126E-016  -5.3829047897695129E-015  -4.9937203081441684E-016   1.4959621245523015E-015  -1.0791781495793506E-017   6.8486376980510692E-019   4.9421900544097187E-017   6.0841612797638353E-017  -4.6735593611144014E-017   5.8919783325609861E-017   1.4533343280191892E-016   4.2408938450171026E-016  0.15916865646907546        5.3001581091222420E-016
   1.3697548230140958E-016   1.2081969234371328E-016  0.30187696572306760       -2.8636356518362703E-016   1.1652875120247729E-016  -6.3425610348286937E-017  -2.5239726163151944E-017   4.9664209625742868E-017   8.9485680642156728E-017   2.4168515753211593E-016  -2.8270452125130921E-015   3.2891580128795355E-015  0.38928452243977174       -2.7330868912084716E-015   3.6735906449156981E-015  -1.3281623825106445E-015  -7.6333142436242956E-003  -1.9348011172352417E-015   9.1470301654650311E-017  -3.3243479687849030E-016  -3.4222771599746557E-015   1.4626529298693205E-016   6.8707899694125408E-018  -4.6430122615683698E-018  -9.1196317315099854E-016  -2.5926873661410439E-015  -2.8856283121107413E-016  -6.0809295265940687E-015   6.0491303510030695E-015   1.8064967659319544E-016   1.0338002321110968E-016  -3.9432256076248327E-017   1.6137960499968139E-016   3.6448450556840578E-018   1.6300898078000702E-016   4.3298364688732351E-016  -4.0486135602814124E-017  -1.3163434389805518E-016  0.15916865646907061     
  -5.3563681629285541E-015  -1.0181205378736062E-016   1.9314101324917658E-015  0.49241576429912753       -5.1729702727258341E-014  -9.7093691425008232E-016   6.5003832342935330E-016  -4.8760075768088107E-014   1.8825062654242316E-016  -5.0666030140961702E-014   4.3060686580586973E-015  -1.6891155744286040E-016  -2.7330868912084716E-015  0.83104190878121975       -7.3963903404033685E-015   2.3026513373413981E-015   7.4041198227190222E-015   4.9787237662709388E-004  -2.5989143979222729E-017   2.1227609317569832E-016   1.7723005223485541E-016  -3.1513628811872945E-016   2.5767284539269837E-017   1.1222348109448923E-016   1.7575572412779742E-016   1.6283685595745078E-016   4.6275876133189323E-017  -5.4903387751705340E-017  -3.6755365419560270E-004  -2.7188202342672595E-014  -2.7998804933339843E-016   2.4485495679395028E-016  -3.1935361060737673E-014  -4.6062932023372043E-016  -2.9861136685429706E-014  0.11594913032813718       -4.4133707779177220E-015   5.5390238566888090E-017   2.3507673482553393E-015
  -1.8574843119106167E-003  -1.4910055221155602E-015  -2.1103286956128557E-015   2.3230509722794633E-015   2.2569916987999995E-015   5.3505276043988290E-017  -1.4350372657934764E-016   1.1052841311692736E-015   1.6988292032371353E-015   3.1756187289215028E-015  -7.6333142435756575E-003   3.0611222818747803E-016   3.6735906449156981E-015  -7.3963903404033685E-015   1.8838530813355996        3.4533295150273077E-015   5.6958070767829372E-015  -1.5890945075638681E-014   4.0956668342971753E-014  -1.8656879405118508E-016   2.5788512214534152E-016   1.9706609569965365E-014   2.3548497828728552E-016   2.0800035254743164E-014  -4.7876115721492845E-016  -7.5354375333401513E-016   7.1213208848864073E-016  -5.9873234075416743E-016  -1.0747514738500764E-014   1.1075205122313467E-015  -5.8243375418730740E-016  -2.6886316655141593E-016   1.8576104369172043E-015  -1.0344520230720895E-015   3.6923978473056776E-016   1.1093597780064978E-014  0.11608616850839251       -1.4755855950637754E-015  -2.8169852018593050E-015
  -1.5252686874317597E-015  -1.8574843119066914E-003   2.6584225882701786E-015   7.2262992202154206E-015  -2.7946380381335519E-015   1.4835979276162002E-016   6.5260079678446761E-016  -3.1927249020135196E-015  -9.0495846305424943E-016  -3.5566450918401553E-015   2.1798785947072767E-015  -7.6333142436269706E-003  -1.3281623825106445E-015   2.3026513373413981E-015   3.4533295150273077E-015   1.8838530813355490       -2.8637651944625105E-015  -1.2979316061526138E-015   1.0042293659201322E-015   2.6863010852523242E-014   1.1430345475619354E-016   3.6961935729222131E-017  -1.1798889841308197E-016   3.7430123670835305E-016   5.7624976266035299E-014   3.6001834686298139E-016   2.5198576821863974E-014   6.6304153989382045E-016  -5.6745025769183128E-016  -3.7860198450038270E-016  -7.9269239478146761E-016  -5.9198701401491451E-016  -2.1814171308459630E-015   1.5025777607608021E-016  -1.9848874233040913E-015  -9.6497850039643399E-016  -3.8825193919497367E-015  0.11608616850839951        1.2224747067046632E-015
  -5.2909858346028957E-015   3.2354398366587163E-016  -1.8574843119226435E-003  -2.8706769439935643E-015  -1.9658330580190370E-015   1.0018242479522139E-015   2.5632236166139960E-015  -2.5109610620373259E-015  -9.1619562729571182E-016   5.0806567457976145E-016   6.2316492744510794E-015  -1.6563110121374384E-015  -7.6333142436242956E-003   7.4041198227190222E-015   5.6958070767829372E-015  -2.8637651944625105E-015   1.8838530813355592        8.4290850070025975E-015  -2.3721921921537481E-016   1.6885092241170969E-015   2.5963672720052001E-014   5.1751456116708773E-016  -3.9897452995925211E-016  -8.4574039897739521E-016   1.3099118509575684E-015   2.7677965475259819E-014  -2.4466124582221359E-016   6.0514043521826614E-014   7.3145456858872781E-015  -7.5318681731750482E-016  -7.3616962460608236E-016  -6.6450544252824423E-016  -8.2489055588122239E-016  -7.5277708904808323E-016  -2.7013359377364833E-015  -4.0581088894000533E-015  -2.7549216507993487E-015  -1.5911110722273525E-016  0.11608616850838901     
   2.1059623632024155E-015   1.1506878769263082E-015  -2.0467645690628531E-015   4.3923749295876995E-003  -7.8742470864196043E-015   2.7137189469427510E-016  -4.8036371515358264E-016  -9.6774155179784424E-015   2.2162597537777945E-016  -8.3201762075860881E-015  -4.6329800310757694E-015  -9.0690603514202622E-016  -1.9348011172352417E-015   4.9787237662709388E-004  -1.5890945075638681E-014  -1.2979316061526138E-015   8.4290850070025975E-015   1.8057477687044527        2.6237432447475725E-015  -4.2769538892152816E-016   2.2603558687109758E-016   1.1000641903086446E-015   4.5385558753936109E-017  -3.0780387626227535E-016  -9.0841688518581820E-016   8.4628816274674618E-017   1.9071063647509572E-016  -6.6065316799467349E-016   1.6509371385230290E-004   1.9983679286585749E-014   1.7349724518056506E-015   2.1948116442754968E-016   2.0524681711936882E-014   3.6109869830186964E-016   2.1575297496609822E-014  0.12943992371332166        2.8657159774425748E-015   1.7362686071096041E-015   1.5264179479769921E-015
  -1.4519140620707735E-014   4.4460479071250912E-016   7.0424465585880317E-017  -9.4340225510407410E-018   3.9480511896655577E-029  -2.3645691353963714E-030  -4.7074057898137308E-030   8.6596792536644241E-030   3.6299162460030815E-029   6.2703663011651784E-029  -1.8835974485432176E-014   5.7051519356466120E-016   9.1470301654650311E-017  -2.5989143979222729E-017   4.0956668342971753E-014   1.0042293659201322E-015  -2.3721921921537481E-016   2.6237432447475725E-015   1.7911793074717911E-027  -1.4000726354916137E-030  -1.0428826583482425E-030   8.1234323914381867E-028   5.2286486727214493E-030   8.0130917380341735E-028  -5.7700496956671739E-030  -1.9286590939403469E-029   1.4581217838371795E-029  -2.4721811086672438E-029  -1.7117086178527321E-016   5.5107519668806212E-029  -1.4307559329171316E-029  -5.2240753145920599E-030   6.9535312132686617E-029  -2.3492568801646018E-029   3.4075345587320291E-029   1.8445109997473850E-016  -5.1330510169334301E-015   2.9752836667760903E-016   2.2501363362345101E-017
   2.8277114275676572E-017  -4.6905839778346414E-015  -2.5416499603052870E-016   1.2470297790154175E-016  -6.0140039322097256E-029  -4.6353744535055336E-031   9.6374480982838880E-030  -5.8839606643917590E-029  -1.4520420215062240E-029  -7.3895751644885827E-029   3.6981440782257053E-017  -6.1230922176298353E-015  -3.3243479687849030E-016   2.1227609317569832E-016  -1.8656879405118508E-016   2.6863010852523242E-014   1.6885092241170969E-015  -4.2769538892152816E-016  -1.4000726354916137E-030   4.7912937883687150E-028   2.8404175890918420E-029  -1.0082666602061598E-029  -2.2112959028337023E-030   2.3221979289942852E-030   1.0041268390675358E-027   3.1692417810820055E-029   4.3984804716610459E-028   7.9513382450709568E-029   1.5399799952533074E-015  -1.6396512695793674E-029  -1.1698041339897008E-029  -1.0188694243130563E-029  -4.8577807498163715E-029   2.8429009991711410E-030  -3.7569134186812778E-029  -1.9439652425058559E-018   3.3599559643740852E-018  -8.1119279247454914E-016  -2.9482071366827622E-017
   4.7518429372402015E-017  -1.4754954476888612E-016  -2.5980184272342235E-015   1.0572112035969734E-016  -3.5302427422161578E-029   1.6267110662081668E-029   3.5805178482708581E-029  -4.7888038422733748E-029  -1.3043801068535414E-029   8.5103071404769766E-030   6.0556844723413206E-017  -1.9057951781175139E-016  -3.4222771599746557E-015   1.7723005223485541E-016   2.5788512214534152E-016   1.1430345475619354E-016   2.5963672720052001E-014   2.2603558687109758E-016  -1.0428826583482425E-030   2.8404175890918420E-029   3.9032661662444822E-028   1.1827159107277465E-029  -5.5581664779183896E-030  -1.5863530495235766E-029   3.6932039867640212E-029   4.0719592433315091E-028   5.1939316577312690E-030   8.7822854527776734E-028  -2.8329155387602289E-015  -1.7691804719636440E-029  -1.2297020991174261E-029  -7.9032772523165400E-030  -1.2091781481620482E-029  -1.1936868005582676E-029  -5.4852096074588469E-029   4.2588742352442635E-017   4.1155175258247077E-017  -7.0926148050110369E-017   2.3954082083969036E-016
  -6.1879457134097691E-015   2.7128631097814955E-016   1.1454590044499008E-016  -1.8400649398681934E-016   4.3888764225670097E-029   2.1585620782124980E-030  -1.3161748550160898E-030   2.1408507472613756E-029   1.7442596945840536E-029   6.7445314562359729E-029  -8.0340065379070822E-015   3.4971458857553087E-016   1.4626529298693205E-016  -3.1513628811872945E-016   1.9706609569965365E-014   3.6961935729222131E-017   5.1751456116708773E-016   1.1000641903086446E-015   8.1234323914381867E-028  -1.0082666602061598E-029   1.1827159107277465E-029   3.7530518844812683E-028   2.3464744994327643E-030   3.5934004180201781E-028  -1.5736572389166510E-029   4.2374172723354065E-030   2.2974441434717224E-030   3.9441705507458083E-031  -3.2607833634024564E-015   3.1474185841292517E-029  -8.2641011990474616E-030  -1.7060496987333372E-030   4.8937118255208499E-029  -1.2948410919516866E-029   1.1099095379528999E-029   3.6785420989906089E-017  -2.0477705965672769E-015   1.4576254386155219E-016   9.2735805968657511E-017
  -9.1769682896716850E-019   8.3489793263283421E-018   4.4680334135768006E-018   1.5368579917691985E-017  -9.7212976714270359E-031  -2.5998966134127236E-031  -5.9372288953496681E-031  -8.6709056108030659E-031   4.7555833288314307E-031  -1.4311819767474731E-030  -1.8381243761029317E-018   1.1093886895133005E-017   6.8707899694125408E-018   2.5767284539269837E-017   2.3548497828728552E-016  -1.1798889841308197E-016  -3.9897452995925211E-016   4.5385558753936109E-017   5.2286486727214493E-030  -2.2112959028337023E-030  -5.5581664779183896E-030   2.3464744994327643E-030   1.2414206231899246E-031   2.8397714109496029E-030  -4.3195522119638638E-030  -6.0603478132229830E-030  -1.6002789053458972E-030  -1.2979161937499059E-029   3.2165527657637069E-017   1.3197023434252267E-032   1.8397864916362945E-031   1.4766372104620593E-031   1.8911685128572963E-032   3.0071046299760669E-032   5.0532915465946503E-031   6.8265829192101217E-018   1.4148456658766114E-017  -2.9169659600457733E-018  -2.2430663059861973E-017
  -5.6687172697248966E-015   1.4165879103264763E-016  -5.4243933156327751E-018   6.5511218780563288E-017   1.3063828305726242E-029  -4.7618825333960659E-030  -3.2685836429811491E-030   9.0354946690561061E-030   1.8612213261435471E-029   8.1320553209820971E-030  -7.3675139005524793E-015   1.8162494283015718E-016  -4.6430122615683698E-018   1.1222348109448923E-016   2.0800035254743164E-014   3.7430123670835305E-016  -8.4574039897739521E-016  -3.0780387626227535E-016   8.0130917380341735E-028   2.3221979289942852E-030  -1.5863530495235766E-029   3.5934004180201781E-028   2.8397714109496029E-030   3.7518667560422903E-028  -5.5498711268702025E-030  -2.7082914029371175E-029   5.0912645549165677E-030  -2.5799573580605831E-029   4.1586380774082476E-015   9.7956637555498576E-030  -6.1054345652012917E-030  -3.9436659592386961E-030   5.2527678927446257E-030  -9.7557835609700521E-030   1.3762332783799459E-029  -8.8578571562124542E-018  -1.7052357170632675E-015   9.8174323337642522E-017  -5.5425537704317665E-017
   1.1661960868756928E-016  -9.1554116923226131E-015  -7.0441051472891539E-016   1.0217788659495196E-016  -1.0063088420393229E-028   2.1682564559756282E-030   1.8263057593091270E-029  -1.0866845108684339E-028  -2.9963190937786973E-029  -1.1596992986629310E-028   1.5170947728169376E-016  -1.1965918210480236E-014  -9.1196317315099854E-016   1.7575572412779742E-016  -4.7876115721492845E-016   5.7624976266035299E-014   1.3099118509575684E-015  -9.0841688518581820E-016  -5.7700496956671739E-030   1.0041268390675358E-027   3.6932039867640212E-029  -1.5736572389166510E-029  -4.3195522119638638E-030  -5.5498711268702025E-030   2.1210463124478273E-027   4.2566541175065129E-029   9.3119211295387816E-028   8.8536337564987391E-029  -1.4432679073340058E-015  -2.9592632251759999E-029  -2.6352942099208809E-029  -1.9417770737353755E-029  -8.4363183796446960E-029   4.7452116248956582E-030  -8.8124342635142429E-029  -3.9714876734799793E-017   3.1920793117316694E-017  -1.2607047157026511E-015  -2.9111473915937182E-016
  -1.1696676246710666E-017  -1.0396472565891967E-016  -1.9509679687491638E-015   9.6898852446052900E-017  -3.6226420237795776E-029   1.7338166316745283E-029   3.8353222623011706E-029  -4.9664911024612968E-029  -1.4730456483419653E-029   1.1033711144717264E-029  -1.2987331222933242E-017  -1.3506113183281126E-016  -2.5926873661410439E-015   1.6283685595745078E-016  -7.5354375333401513E-016   3.6001834686298139E-016   2.7677965475259819E-014   8.4628816274674618E-017  -1.9286590939403469E-029   3.1692417810820055E-029   4.0719592433315091E-028   4.2374172723354065E-030  -6.0603478132229830E-030  -2.7082914029371175E-029   4.2566541175065129E-029   4.2810998731277406E-028   6.6965242974704691E-030   9.2035933080320575E-028  -3.2250982635576584E-015  -2.0095238897204923E-029  -1.2874305476430280E-029  -8.4177067195524425E-030  -1.4177488607461975E-029  -1.2272825859944380E-029  -6.0368905753929892E-029   3.0682123069587556E-017  -5.3013153177771981E-017  -3.2607498214572958E-017   6.8825502158215735E-016
   1.1068327673856507E-016  -4.1201514682571825E-015  -2.2431047706714384E-016   2.7941539323016967E-017  -4.1667145654390363E-029   1.1219710716781169E-030   6.6455107767243879E-030  -4.7549994838482090E-029  -1.1775660587347325E-029  -4.6656249519805284E-029   1.4074338781585320E-016  -5.3829047897695129E-015  -2.8856283121107413E-016   4.6275876133189323E-017   7.1213208848864073E-016   2.5198576821863974E-014  -2.4466124582221359E-016   1.9071063647509572E-016   1.4581217838371795E-029   4.3984804716610459E-028   5.1939316577312690E-030   2.2974441434717224E-030  -1.6002789053458972E-030   5.0912645549165677E-030   9.3119211295387816E-028   6.6965242974704691E-030   4.1013277939762325E-028   9.2214376095015153E-030  -1.2966827170367293E-015  -5.1298733036608759E-030  -1.1184098790585227E-029  -8.0887391602445994E-030  -2.6612784957834647E-029   1.7260832950339341E-030  -3.1966451484524585E-029   2.0884330977082156E-017   1.0278725301131648E-016  -6.1296137864377194E-016  -1.3382717190270811E-016
   1.7556601422807285E-017  -3.8583747702473190E-016  -4.5853236128070261E-015  -3.4303934681989133E-017  -6.7177614178696413E-029   2.9874912719141668E-029   8.2352207869444030E-029  -7.4328229635630794E-029  -3.1825402646050125E-029  -5.0621037311743096E-030   2.4303627641091241E-017  -4.9937203081441684E-016  -6.0809295265940687E-015  -5.4903387751705340E-017  -5.9873234075416743E-016   6.6304153989382045E-016   6.0514043521826614E-014  -6.6065316799467349E-016  -2.4721811086672438E-029   7.9513382450709568E-029   8.7822854527776734E-028   3.9441705507458083E-031  -1.2979161937499059E-029  -2.5799573580605831E-029   8.8536337564987391E-029   9.2035933080320575E-028   9.2214376095015153E-030   2.0405532496158604E-027   3.9747053588677049E-015  -2.9155530804955285E-029  -2.3976969705720785E-029  -2.2275640194814171E-029  -4.2380468588690934E-029  -2.1886437214399456E-029  -7.8203653939911844E-029  -5.7339332653879629E-017  -2.7922543775483668E-017  -1.6284078919168944E-016   1.3356520336484868E-015
   4.7144814222956221E-015  -5.8092477489950199E-016   2.4567051110853966E-015  -3.5486856672372263E-004  -3.3163750863950853E-015  -1.5256104762096830E-015  -2.2351511553073312E-016   9.0784094633770280E-016  -5.8442377859377847E-017  -1.0812976364534359E-014  -1.2222084830997121E-014   1.4959621245523015E-015   6.0491303510030695E-015  -3.6755365419560270E-004  -1.0747514738500764E-014  -5.6745025769183128E-016   7.3145456858872781E-015   1.6509371385230290E-004  -1.7117086178527321E-016   1.5399799952533074E-015  -2.8329155387602289E-015  -3.2607833634024564E-015   3.2165527657637069E-017   4.1586380774082476E-015  -1.4432679073340058E-015  -3.2250982635576584E-015  -1.2966827170367293E-015   3.9747053588677049E-015   2.0003326731173789        1.8724110117977061E-015   9.4556295657091491E-016  -6.4516194840034910E-016  -3.3479662296359830E-015   9.8812551563626519E-016   8.8986366448077692E-015  -1.2219897877060449E-003   9.3049022411605578E-015   7.8938304923109615E-016  -8.8131067943324335E-015
  -2.3111807654190856E-017  -9.1855095126367106E-018   1.3847122379198531E-016  -1.6064522872149638E-014   1.6051233449242815E-027   3.2922573020797144E-029  -2.8051683929131699E-029   1.4914964331547465E-027  -2.1755739479413883E-030   1.5581865356060553E-027  -3.2881642954105812E-017  -1.0791781495793506E-017   1.8064967659319544E-016  -2.7188202342672595E-014   1.1075205122313467E-015  -3.7860198450038270E-016  -7.5318681731750482E-016   1.9983679286585749E-014   5.5107519668806212E-029  -1.6396512695793674E-029  -1.7691804719636440E-029   3.1474185841292517E-029   1.3197023434252267E-032   9.7956637555498576E-030  -2.9592632251759999E-029  -2.0095238897204923E-029  -5.1298733036608759E-030  -2.9155530804955285E-029   1.8724110117977061E-015   1.1138366886387873E-027   2.9407612683934217E-029  -5.9741641151385872E-030   1.2711322612153207E-027   1.9652183311520834E-029   1.2261014519105543E-027  -2.3615954971480067E-015   5.6602432246223598E-017  -2.8385117190115279E-017   2.6423024137948362E-017
   6.1749906924770957E-017  -1.1781914029485736E-018   7.8584651571629068E-017  -1.6202861298020233E-016   9.5836605657392789E-030  -6.0152707623658598E-031  -2.0183409447576054E-030   9.5752767345512966E-030   3.6011745926964145E-031   4.3417753897022948E-030   8.1244544161875900E-017   6.8486376980510692E-019   1.0338002321110968E-016  -2.7998804933339843E-016  -5.8243375418730740E-016  -7.9269239478146761E-016  -7.3616962460608236E-016   1.7349724518056506E-015  -1.4307559329171316E-029  -1.1698041339897008E-029  -1.2297020991174261E-029  -8.2641011990474616E-030   1.8397864916362945E-031  -6.1054345652012917E-030  -2.6352942099208809E-029  -1.2874305476430280E-029  -1.1184098790585227E-029  -2.3976969705720785E-029   9.4556295657091491E-016   2.9407612683934217E-029   3.0515281079308483E-030   4.0234844188104949E-031   2.9621007124328767E-029   1.5271035144840006E-030   3.6843652020427835E-029   8.4688401546427889E-017  -3.5387456688518369E-018  -4.9883431357719371E-017  -4.1895721412069088E-018
  -6.6423849375833998E-018   3.7050578777452859E-017  -3.2012941912074523E-017   1.4562547981064805E-016  -1.3845891984080585E-029  -1.4816900786464243E-031  -8.6611767940063564E-031  -1.4087020964425334E-029   4.6066097927942136E-031  -1.1950269639488472E-029  -7.8176150780452922E-018   4.9421900544097187E-017  -3.9432256076248327E-017   2.4485495679395028E-016  -2.6886316655141593E-016  -5.9198701401491451E-016  -6.6450544252824423E-016   2.1948116442754968E-016  -5.2240753145920599E-030  -1.0188694243130563E-029  -7.9032772523165400E-030  -1.7060496987333372E-030   1.4766372104620593E-031  -3.9436659592386961E-030  -1.9417770737353755E-029  -8.4177067195524425E-030  -8.0887391602445994E-030  -2.2275640194814171E-029  -6.4516194840034910E-016  -5.9741641151385872E-030   4.0234844188104949E-031   7.7604867893691041E-031  -5.1291108615168162E-030  -5.0832284725917302E-032  -7.5288686003184798E-030   5.0258090722638381E-017  -2.0220714319110378E-017  -1.7194276615332843E-017  -5.8223982750285731E-017
   1.5025710550504361E-017   4.2479320683869313E-017   1.2337250381859201E-016  -1.8875755365248299E-014   1.9106593420763621E-027   4.2412401646507330E-029  -3.2080003029844525E-029   1.7684150943596958E-027  -1.4515876719943912E-030   1.8780609336270120E-027   1.4210140025679512E-017   6.0841612797638353E-017   1.6137960499968139E-016  -3.1935361060737673E-014   1.8576104369172043E-015  -2.1814171308459630E-015  -8.2489055588122239E-016   2.0524681711936882E-014   6.9535312132686617E-029  -4.8577807498163715E-029  -1.2091781481620482E-029   4.8937118255208499E-029   1.8911685128572963E-032   5.2527678927446257E-030  -8.4363183796446960E-029  -1.4177488607461975E-029  -2.6612784957834647E-029  -4.2380468588690934E-029  -3.3479662296359830E-015   1.2711322612153207E-027   2.9621007124328767E-029  -5.1291108615168162E-030   1.4713886600022224E-027   1.9282583879824765E-029   1.3821505514506484E-027  -2.9818808199009929E-015   1.2338378850061884E-016  -1.1309548442492043E-016   1.3982404501372657E-017
   2.6314430260955662E-017  -3.5919840601679938E-017   1.2033697168967785E-018  -2.7218376084511362E-016   2.4743631534580954E-029  -5.8732533826366953E-031  -1.4743429059128531E-030   2.5667543555697880E-029  -7.3037870528215036E-031   1.8805887994627451E-029   3.6808180051874237E-017  -4.6735593611144014E-017   3.6448450556840578E-018  -4.6062932023372043E-016  -1.0344520230720895E-015   1.5025777607608021E-016  -7.5277708904808323E-016   3.6109869830186964E-016  -2.3492568801646018E-029   2.8429009991711410E-030  -1.1936868005582676E-029  -1.2948410919516866E-029   3.0071046299760669E-032  -9.7557835609700521E-030   4.7452116248956582E-030  -1.2272825859944380E-029   1.7260832950339341E-030  -2.1886437214399456E-029   9.8812551563626519E-016   1.9652183311520834E-029   1.5271035144840006E-030  -5.0832284725917302E-032   1.9282583879824765E-029   1.7045415344249228E-030   2.5981059055085067E-029  -3.8961995823243507E-017  -5.0368071845893308E-017  -9.6581740658750536E-018  -4.6143518358997238E-017
   7.8738640798793980E-017   4.1412709299698928E-017   1.2058985675648652E-016  -1.7645179443269784E-014   1.7564245764770186E-027   2.9797404643978948E-029  -3.4470493799291672E-029   1.6478387877477680E-027  -1.7330285741951740E-030   1.6770365150198596E-027   1.0050495202807396E-016   5.8919783325609861E-017   1.6300898078000702E-016  -2.9861136685429706E-014   3.6923978473056776E-016  -1.9848874233040913E-015  -2.7013359377364833E-015   2.1575297496609822E-014   3.4075345587320291E-029  -3.7569134186812778E-029  -5.4852096074588469E-029   1.1099095379528999E-029   5.0532915465946503E-031   1.3762332783799459E-029  -8.8124342635142429E-029  -6.0368905753929892E-029  -3.1966451484524585E-029  -7.8203653939911844E-029   8.8986366448077692E-015   1.2261014519105543E-027   3.6843652020427835E-029  -7.5288686003184798E-030   1.3821505514506484E-027   2.5981059055085067E-029   1.3767687492366709E-027  -2.6245390461150214E-015   6.4585430315479259E-017  -1.0144658024066831E-016  -1.0409728907468765E-016
  -7.3465500742374604E-016   2.4806067618736953E-016   8.5071636069971431E-016   6.8996761384198121E-002  -7.7774091260448822E-015  -1.1508170564506251E-016   5.6384037873499487E-017  -7.4948903257743685E-015   4.2169758527382722E-017  -7.6565649124023093E-015   6.4136937610912773E-017   1.4533343280191892E-016   4.3298364688732351E-016  0.11594913032813718        1.1093597780064978E-014  -9.6497850039643399E-016  -4.0581088894000533E-015  0.12943992371332166        1.8445109997473850E-016  -1.9439652425058559E-018   4.2588742352442635E-017   3.6785420989906089E-017   6.8265829192101217E-018  -8.8578571562124542E-018  -3.9714876734799793E-017   3.0682123069587556E-017   2.0884330977082156E-017  -5.7339332653879629E-017  -1.2219897877060449E-003  -2.3615954971480067E-015   8.4688401546427889E-017   5.0258090722638381E-017  -2.9818808199009929E-015  -3.8961995823243507E-017  -2.6245390461150214E-015   2.5446804043975018E-002   3.3635668242358537E-016   1.5239867422129609E-016   4.7457290173020449E-016
  0.12368695407799066        5.0001014217727295E-016   5.9178611545802172E-016  -2.4501115053358710E-015   1.3299689260815950E-016   3.9366313066056779E-017   6.5088208560126249E-019   8.1455292968382187E-017   1.1030428523439886E-016   1.5518793428270479E-016  0.15916865646908060        4.2408938450171026E-016  -4.0486135602814124E-017  -4.4133707779177220E-015  0.11608616850839251       -3.8825193919497367E-015  -2.7549216507993487E-015   2.8657159774425748E-015  -5.1330510169334301E-015   3.3599559643740852E-018   4.1155175258247077E-017  -2.0477705965672769E-015   1.4148456658766114E-017  -1.7052357170632675E-015   3.1920793117316694E-017  -5.3013153177771981E-017   1.0278725301131648E-016  -2.7922543775483668E-017   9.3049022411605578E-015   5.6602432246223598E-017  -3.5387456688518369E-018  -2.0220714319110378E-017   1.2338378850061884E-016  -5.0368071845893308E-017   6.4585430315479259E-017   3.3635668242358537E-016   7.2623907514163547E-002  -6.6980896779556303E-017  -7.5760179696177558E-017
   1.6955602374718447E-016  0.12368695407799853       -4.8514546683248940E-016   2.0189249628628731E-016  -5.8439731748619250E-017   6.3348549203350473E-017   9.6027786694639264E-017  -1.5861132090258633E-016  -4.2312427927564137E-017  -1.1863188475612049E-016  -4.8663529729473624E-016  0.15916865646907546       -1.3163434389805518E-016   5.5390238566888090E-017  -1.4755855950637754E-015  0.11608616850839951       -1.5911110722273525E-016   1.7362686071096041E-015   2.9752836667760903E-016  -8.1119279247454914E-016  -7.0926148050110369E-017   1.4576254386155219E-016  -2.9169659600457733E-018   9.8174323337642522E-017  -1.2607047157026511E-015  -3.2607498214572958E-017  -6.1296137864377194E-016  -1.6284078919168944E-016   7.8938304923109615E-016  -2.8385117190115279E-017  -4.9883431357719371E-017  -1.7194276615332843E-017  -1.1309548442492043E-016  -9.6581740658750536E-018  -1.0144658024066831E-016   1.5239867422129609E-016  -6.6980896779556303E-017   7.2623907514170083E-002  -2.3361695074830576E-016
   4.8957021602475708E-016  -4.7956838539412686E-016  0.12368695407800732        1.4851650673481627E-015  -7.6614408574672061E-017   3.7387046134882284E-017   1.5185840868681853E-016  -1.3853418857312959E-016  -2.1280526505276179E-017   1.3127103842162249E-016   2.3857738166153044E-016   5.3001581091222420E-016  0.15916865646907061        2.3507673482553393E-015  -2.8169852018593050E-015   1.2224747067046632E-015  0.11608616850838901        1.5264179479769921E-015   2.2501363362345101E-017  -2.9482071366827622E-017   2.3954082083969036E-016   9.2735805968657511E-017  -2.2430663059861973E-017  -5.5425537704317665E-017  -2.9111473915937182E-016   6.8825502158215735E-016  -1.3382717190270811E-016   1.3356520336484868E-015  -8.8131067943324335E-015   2.6423024137948362E-017  -4.1895721412069088E-018  -5.8223982750285731E-017   1.3982404501372657E-017  -4.6143518358997238E-017  -1.0409728907468765E-016   4.7457290173020449E-016  -7.5760179696177558E-017  -2.3361695074830576E-016   7.2623907514172095E-002
