  0.19616167699607959       -8.6281634595317546E-016  -2.1241922119313405E-015   4.5006848580742173E-016   3.3609784180423360E-017   5.8802771682521990E-017   2.5849528281978293E-016  -1.6318617609996283E-017  -1.0697305911470841E-016   1.2572118308746048E-016  0.28003471788527606        5.6517224936899964E-017  -2.0049104405967666E-015   2.2429854020148504E-015  -3.0659665775617886E-003   7.0314862032171531E-015   4.0605611254390023E-015   2.5296059399193976E-017  -7.0382806089558836E-004   3.5905096432773255E-016   7.1706990420881018E-017  -1.8137323203364416E-015   4.5553828069226376E-015  -1.1529105033726585E-016   4.4880429026330479E-017   2.2077419122199634E-015  -2.9230796643007817E-017   2.8209373534133709E-015  -1.2027952644235941E-016   4.7466571975264460E-017  -6.0841826774691391E-017   5.5020191370388286E-017   2.9360959012725626E-016   1.0822033473478184E-015   3.7570077570140348E-016  -1.7137070416404655E-016   9.7218063617207083E-018  -7.1913912927077096E-017  -1.9510283983371809E-017  -1.8334233290649841E-017  0.13091143113234899       -1.3847617167008626E-016  -1.0742221821467573E-015   3.2534715773734029E-015  -1.5412053200081646E-015   2.0811024376464865E-015  -8.8928736771962990E-016  -6.5276574562660428E-016  -1.8446684213041223E-015
  -8.6281634595317546E-016  0.19616167699606066        1.1229924082999364E-015   5.2271876968806050E-016   2.3760286687176210E-016   1.2523994876681980E-016   2.1189327485071180E-017   2.1521934505347061E-017  -7.6776546880391376E-017   1.4127757056846066E-016   2.3967987788125128E-017  0.28003471788527323        2.0285868039696470E-015  -1.6020688994816105E-015   2.2080415781984006E-015  -3.0659665775091020E-003   3.2552341636543527E-015  -2.1167203933020733E-015   1.0486329043228538E-016  -7.0382806089631380E-004  -7.4791133527797261E-016   2.0786954563706660E-015  -4.5241858336422711E-017   2.3211804074162280E-015  -9.5271841364820329E-018  -8.7022659742623279E-017   2.3265719617662816E-017  -2.0170341590262619E-017   4.1188431044231099E-015  -7.9963074595131264E-017   3.6192607361151995E-015  -1.9440426688399312E-017   8.1836936015111502E-016   2.1337879380680570E-016  -2.5609335011141213E-017   4.2413822380618977E-016  -1.8765649549018388E-017   2.0855823175312553E-016   3.9853107669294072E-017   1.3217816377073713E-016  -4.1205430467090185E-016  0.13091143113233941        6.6840645738786874E-016  -9.7109232802639302E-016   5.6463761811325139E-015  -1.5190784666821634E-016   7.0896075596497474E-016   2.5129907595363807E-017   1.2242272020031878E-016
  -2.1241922119313405E-015   1.1229924082999364E-015  0.19616167699608453        8.5467283550896213E-016   7.1626836024886013E-017   3.3103819164075986E-017   5.9708777853912102E-017   4.1606803441254365E-016  -2.7228304333069005E-017   1.6996485449123029E-016   5.2534892557751969E-016  -2.4263044907241491E-015  0.28003471788527379        6.1349936227223764E-016   4.9015644245420078E-015  -1.1699367915870809E-015  -3.0659665775572909E-003  -1.1668838847225906E-015   1.2061871053964562E-015   1.4558400243512877E-015  -7.0382806090048581E-004  -2.3317343615113515E-015   1.0345472956893293E-016   1.2534035875959032E-016   3.6010279507137444E-015   9.0190822245119132E-017  -2.7819580597303744E-017   5.0351687233815557E-017   2.2869074354596038E-016   3.8251405886952457E-015   1.2417751723980947E-016   5.9785090681493540E-015  -7.3390781439886613E-016   1.7155062353160248E-015   9.3407714402857647E-016   1.9969746089033986E-016   1.1755726291115379E-016   1.2772027096523259E-016   7.1134323461011027E-018   1.3259082604157950E-016  -8.3916443269174941E-016   5.4954095684584200E-016  0.13091143113235029        4.7117780851983407E-015   3.1474401990241322E-015   1.7407844746619272E-015  -2.1198234845957616E-015   1.6268037231900848E-016  -2.6846869924913663E-015
   4.5006848580742173E-016   5.2271876968806050E-016   8.5467283550896213E-016  0.16433330046135980        2.4713269815405763E-016   3.9835463770400338E-016   5.9661568254657830E-016  -6.4328550362461930E-015  -4.3130541809022094E-016  -4.3464580228576514E-015  -2.6755954303190583E-015   1.5633489478988966E-015  -7.3328483105545001E-016  0.36653396931972204       -6.0153272510111978E-015  -3.3348746680834424E-015  -8.7106029901870534E-015   2.8787267708872692E-003  -8.6000417776282973E-016  -7.2594025783267889E-015   5.4002042609997989E-015  -8.1779930609212031E-004   3.5398205253372874E-016  -1.2859919928965073E-016  -1.9103044856052691E-017   1.9017974548395540E-016   1.9353382110389486E-018   2.2364876986227112E-016   2.5839156596985796E-017  -2.7049506313283326E-018  -1.3766146393133754E-016   8.4309477997345583E-017  -1.2094982569663292E-004  0.15676412996925743       -4.5467253000646745E-015  -2.5861729271596526E-016  -2.4457942542021361E-016   3.8927655746779873E-015  -3.4540102242277576E-016  -3.9248649466666583E-015  -1.5478922889620537E-016  -5.9818519745074396E-017   8.4626313980343805E-016   1.3655074754660695E-015   9.1065335678656120E-016   1.7101169917000266E-015   9.7668026714667926E-015  -1.9963378261079114E-015  -2.0856526346464931E-015
   3.3609784180423360E-017   2.3760286687176210E-016   7.1626836024886013E-017   2.4713269815405763E-016   5.0294477283183971E-006  -6.5905059759265566E-018  -1.9503435670374200E-018  -2.5147238641610324E-006   2.9499390586250562E-018  -2.5147238641640682E-006   2.7924111053289107E-017   3.3726154631546594E-016   7.1501143016216150E-017   5.5166566865549214E-016   5.9079449055840699E-016   2.6559931284415428E-015  -1.9846784626642614E-015   5.6677017934534791E-016  -8.5032573276684624E-016   2.4028193264435082E-015   1.1402314262094355E-015  -1.0331221894676421E-015   2.7010417016917233E-018   1.7762041123923012E-019   3.2987764806551639E-018   6.5686166511666131E-019  -1.9016709229237956E-019  -3.2405480464892263E-019   4.0733279508451987E-018   2.3851734038671996E-018   4.6536104320005523E-019   8.6868031818817771E-018   1.8428116010497042E-015   2.9274384364533147E-016   2.4270837931075295E-004  -3.5463767211005763E-016  -3.3766277332891949E-017  -1.2135418965516495E-004   6.1741779141517947E-017  -1.2135418965559204E-004   5.0272168114176513E-017   2.7016019437107665E-016  -3.8606853301780524E-017   3.0769705871451004E-003  -4.5118917520627937E-015  -4.3671261497938590E-016  -1.5384852935695875E-003   8.1214854248706550E-016  -1.5384852935755335E-003
   5.8802771682521990E-017   1.2523994876681980E-016   3.3103819164075986E-017   3.9835463770400338E-016  -6.5905059759265566E-018   5.0294477283630078E-006  -1.1396051566337357E-018  -1.3883341108863446E-018  -1.5686619558227517E-018  -6.2908584635557390E-018   9.7083632149294361E-017   1.4271850765174233E-016   3.0716193544643930E-017   9.0742280726222189E-016  -1.0105423857042284E-015   1.0183944755929697E-015  -8.9615269533468022E-017  -3.9217311019816329E-016  -6.6606690180543475E-016  -1.7844647983681798E-015  -2.8253660765305087E-016   6.3144757038401993E-016  -1.0977412610113055E-018   4.2668601015365102E-019   1.3098820978108411E-018  -6.4033038744177300E-019   7.7627792533671199E-020   1.3787698925224134E-018  -3.6079113366127215E-019   2.1257451822829158E-018   1.3991217147280668E-019   1.1255910312971404E-018   1.2487352018985617E-015   3.4665061933873879E-016   3.8205498104155644E-017   2.4270837931175213E-004   2.0437126092636300E-017   5.8534253670190138E-017  -3.3912447151772122E-017  -1.0192812981220807E-016  -5.3079311572107073E-018   1.3728978628708282E-016   1.8689332529183904E-017   4.8145431883119861E-016   3.0769705871587557E-003   2.2339994817813915E-016   7.6701415552574696E-016  -4.2482730493117212E-016  -1.2386982602268617E-015
   2.5849528281978293E-016   2.1189327485071180E-017   5.9708777853912102E-017   5.9661568254657830E-016  -1.9503435670374200E-018  -1.1396051566337357E-018   5.0294477283698603E-006  -3.7180506825707745E-018  -2.1965297183038045E-018   6.7182723104854669E-018   3.6495528212705864E-016   2.9863101614310408E-017   8.4397729883077998E-017   1.3070105887233793E-015  -1.7600574170387034E-015  -2.2595769051685836E-016  -2.0567549864518796E-015   1.8554647956622183E-015   7.8119818057880518E-016   1.3759946054333728E-015   4.9781202942041317E-016  -9.0983318400455225E-016   7.0814861435157240E-019   7.7337882956869588E-019  -3.2854306640281277E-019  -6.6149883508577634E-019   3.4946698380095334E-019  -7.9461814960553689E-020   1.2246135462812115E-018  -6.5091233609163369E-019   8.9825048069060229E-020  -3.4268600482644959E-019  -6.2721228458885780E-016   6.4779216980694269E-016  -5.8231208117046128E-017  -7.3257467023485729E-017   2.4270837931192254E-004  -5.9319868379374887E-017  -5.3947465583674006E-017   1.1810742039200871E-016   9.5758116869627446E-017   3.7230257689358313E-018  -5.1287216958445792E-017  -7.5849901219934418E-016  -9.2202336842331330E-016   3.0769705871608547E-003  -7.7754839937133059E-016  -6.8184254461892406E-016   1.5313580518862576E-015
  -1.6318617609996283E-017   2.1521934505347061E-017   4.1606803441254365E-016  -6.4328550362461930E-015  -2.5147238641610324E-006  -1.3883341108863446E-018  -3.7180506825707745E-018   5.0294477283337454E-006  -1.2503489787252948E-018  -2.5147238641702638E-006  -1.9510487406498770E-017   2.7679242203055309E-017   6.1428314632705763E-016  -1.4225931315257693E-014   1.0766397660343283E-015  -2.5592717458363351E-016  -1.2693714071459832E-015  -2.7390837728994656E-014   5.2756556936716772E-016   1.7069483769671149E-015   2.1117308804941807E-015  -4.8409750778794726E-015  -1.1977162038266317E-018  -8.9812670131161134E-019  -3.5899876169765861E-018  -2.9649055216902834E-019  -4.3329236596580862E-020   2.6531928357644544E-019  -1.8043048809562648E-018   1.2906853028809092E-019   2.1997972269418826E-019  -5.5087493376814567E-018  -5.3549164922165121E-016  -7.2487538466275938E-015  -1.2135418965572760E-004  -1.2672860736821159E-016  -1.1746797627767838E-016   2.4270837931106087E-004   2.9631671748154477E-017  -1.2135418965533499E-004   3.5804363976550832E-017   5.4217265350878409E-018   2.2236191164465856E-016  -1.5384852935766214E-003  -1.6155034571290931E-015  -1.4992653433257899E-015   3.0769705871498405E-003   3.7081725113029616E-016  -1.5384852935732046E-003
  -1.0697305911470841E-016  -7.6776546880391376E-017  -2.7228304333069005E-017  -4.3130541809022094E-016   2.9499390586250562E-018  -1.5686619558227517E-018  -2.1965297183038045E-018  -1.2503489787252948E-018   5.0294477283667941E-006   1.3865776059796164E-018  -1.5298405826173502E-016  -1.0956949038119425E-016  -3.6020839051716365E-017  -9.5077971200370502E-016   1.5019553975154685E-015  -1.0525082608174956E-016  -1.2700853056020085E-015  -1.0051884940810772E-015  -6.2006492113157340E-016   9.3078828223829559E-016  -1.6760026437314404E-016  -6.9274186283015007E-016  -1.8168468286847940E-018   2.6912711999506667E-019  -1.5146880480431269E-018   1.2479832749725395E-018   1.9004584383373939E-019  -3.0716546666167352E-019   4.6710251600218525E-019  -1.3187200094148250E-018  -9.6408396417046563E-019   1.0782420125477220E-018   8.5552154781713901E-016  -4.5417696038126098E-016   7.9438357347907336E-017  -4.2254001185894183E-017  -5.0909191401449851E-017  -8.6178815404991100E-017   2.4270837931185345E-004   1.2864564426890946E-017  -5.2653795863147749E-018  -5.6632181380945928E-017  -7.3740453068775895E-017   9.9875908774525020E-016  -5.3489895978181031E-016  -6.6239719635642334E-016  -1.1283436817362470E-015   3.0769705871599106E-003   1.4682453866900167E-016
   1.2572118308746048E-016   1.4127757056846066E-016   1.6996485449123029E-016  -4.3464580228576514E-015  -2.5147238641640682E-006  -6.2908584635557390E-018   6.7182723104854669E-018  -2.5147238641702638E-006   1.3865776059796164E-018   5.0294477283385853E-006   1.9082677046441524E-016   2.0140346783204028E-016   2.6959742660839647E-016  -9.5975065216578376E-015   1.7487435607211366E-016  -1.9565103048382634E-016  -2.9067805748981507E-015  -1.1465872685451673E-014   6.9213955788372179E-017   1.7592994063703412E-015  -1.2431102358294272E-015  -5.9522095872283212E-015  -1.5033254978979499E-018   7.2050629011292132E-019   2.9121113633152786E-019  -3.6037111296187263E-019   2.3349632889544005E-019   5.8735521048937093E-020  -2.2690230698540730E-018  -2.5142419341440030E-018  -6.8534076585870426E-019  -3.1780538441566411E-018   1.0870050219880370E-015  -4.5978145115824239E-015  -1.2135418965534880E-004  -2.0725313685798424E-016   2.0189870465156184E-016  -1.2135418965577770E-004   5.7557175303201816E-017   2.4270837931113229E-004   9.1007037803686244E-017   8.7002279148195802E-017  -1.7556730985601982E-017  -1.5384852935725795E-003  -2.6026770064792141E-015   2.5782838594626361E-015  -1.5384852935787542E-003   7.0512382266903397E-016   3.0769705871513402E-003
  0.28003471788527606        2.3967987788125128E-017   5.2534892557751969E-016  -2.6755954303190583E-015   2.7924111053289107E-017   9.7083632149294361E-017   3.6495528212705864E-016  -1.9510487406498770E-017  -1.5298405826173502E-016   1.9082677046441524E-016  0.39978289102641024        1.9473391760262918E-015   2.2817119359990306E-015  -4.2327144495264997E-015  -9.4398235167567589E-003  -1.1446173396377209E-014  -6.6961264702856332E-015  -2.0154612491488258E-015  -7.9813083043962611E-004  -1.0131421819223672E-015  -9.1134218290394901E-017   3.7293786090317593E-015   6.5506165569220381E-015  -1.6571073101406637E-016   6.3500624624659619E-017   3.1665092496370435E-015  -4.0482508270248415E-017   4.0402148067958459E-015  -1.7171119968183405E-016   6.6588441510355540E-017  -8.8100616520859821E-017   7.7301531484939321E-017  -2.6268517748186790E-016  -1.6958918477881672E-015  -3.5331451381426662E-016   2.6092085752023877E-016  -4.1576803192917888E-016   2.1308792136478045E-016   1.5651010169743420E-016   5.4533640979117073E-016  0.18666146326075164       -3.0727096248554465E-016   2.8790261100559943E-016  -6.6010707534999262E-015   4.2373304744658178E-015  -2.4081014547339558E-015   2.7566869385555673E-015   1.3719774224660568E-015   4.5862206571752781E-015
   5.6517224936899964E-017  0.28003471788527323       -2.4263044907241491E-015   1.5633489478988966E-015   3.3726154631546594E-016   1.4271850765174233E-016   2.9863101614310408E-017   2.7679242203055309E-017  -1.0956949038119425E-016   2.0140346783204028E-016   1.9473391760262918E-015  0.39978289102644171       -2.8356543273929917E-015  -5.0768907036476508E-016  -3.3674702775651649E-015  -9.4398235168653352E-003  -4.2536647122864783E-015  -8.5260084547655436E-018  -3.9362108599161391E-016  -7.9813083042718392E-004   1.5246752917017024E-015  -3.3428996801079501E-015  -6.6535410995884834E-017   3.2793542796504131E-015  -1.1802783578736653E-017  -1.2550787356200715E-016   3.2753481346549078E-017  -3.1040373670260629E-017   5.8163139943621934E-015  -1.1296345530627065E-016   5.1279989105101507E-015  -2.5672394740656979E-017  -2.4997684342901375E-015   1.2064591982798675E-015   2.0181871288721800E-016  -9.9483225629621721E-016  -8.1365142953317283E-017   1.0201589250299535E-016   3.9736576099838706E-017   1.3479747745072711E-016  -2.4146468454085680E-017  0.18666146326074595       -2.1307875274799642E-015   1.5848897697303049E-015  -1.2213747632575886E-014  -9.0567748824820855E-016  -1.3697052128126384E-015  -1.7458765030755791E-016  -4.2089559144678382E-016
  -2.0049104405967666E-015   2.0285868039696470E-015  0.28003471788527379       -7.3328483105545001E-016   7.1501143016216150E-017   3.0716193544643930E-017   8.4397729883077998E-017   6.1428314632705763E-016  -3.6020839051716365E-017   2.6959742660839647E-016   2.2817119359990306E-015  -2.8356543273929917E-015  0.39978289102639364       -3.5866408150895855E-015  -5.1189786356282879E-015  -4.8891354711478526E-016  -9.4398235167598710E-003  -3.4388516821006596E-015  -9.7002868777383230E-016   2.6164179544188489E-016  -7.9813083042032298E-004   2.6500885466115670E-015   1.4716839972628669E-016   1.7890235122611078E-016   5.1497343624433809E-015   1.2842956739913987E-016  -3.8976208302269167E-017   7.1227408111058288E-017   3.2696919593847830E-016   5.4760949182965283E-015   1.7459701673185176E-016   8.5774657393895385E-015   1.8845187288485924E-015   5.4884264220401868E-016  -4.0777752032168697E-016  -5.2354838090920952E-016  -1.4250136828150246E-016   9.9751687142251960E-016  -1.5746711481592365E-017   1.1262713091965831E-015  -1.0555560762288761E-015   1.1201172819671789E-015  0.18666146326074687       -1.5365715279572788E-014  -5.7432648111705719E-015  -1.3934232420557300E-015   7.2080262710307150E-015  -7.5453836059477295E-017   8.0105113641035422E-015
   2.2429854020148504E-015  -1.6020688994816105E-015   6.1349936227223764E-016  0.36653396931972204        5.5166566865549214E-016   9.0742280726222189E-016   1.3070105887233793E-015  -1.4225931315257693E-014  -9.5077971200370502E-016  -9.5975065216578376E-015  -4.2327144495264997E-015  -5.0768907036476508E-016  -3.5866408150895855E-015  0.81759162980988009        3.9022028994266863E-015   2.9268874731802282E-015   2.3090396724059359E-014  -4.5059000051280466E-003   4.1938350872971477E-016   3.2818629937581987E-015  -1.5672519644213134E-014  -1.6980575228550366E-003   7.8881130453905965E-016  -2.8441178872589507E-016  -4.1710416736839052E-017   4.2577592412518026E-016   5.6120976570717296E-018   4.9560975121265131E-016   5.5229416659813000E-017  -6.9495394474981019E-018  -3.0349287760045409E-016   1.8854545949970462E-016  -2.5736464196924740E-004  0.34921884748140269       -9.6134069026798377E-015   2.1731408145860912E-016  -1.1613465263861383E-015   6.7646495004902716E-015  -5.0794108674844041E-016  -7.1512143114041240E-015   1.2402114609833041E-015  -1.5304433927756139E-015   2.9258826271736850E-015   5.2602127134868976E-015   1.2109545352934879E-014  -4.1055535891856833E-015   3.4660873155973554E-016  -1.0645118246075516E-015   1.4586306034076829E-014
  -3.0659665775617886E-003   2.2080415781984006E-015   4.9015644245420078E-015  -6.0153272510111978E-015   5.9079449055840699E-016  -1.0105423857042284E-015  -1.7600574170387034E-015   1.0766397660343283E-015   1.5019553975154685E-015   1.7487435607211366E-016  -9.4398235167567589E-003  -3.3674702775651649E-015  -5.1189786356282879E-015   3.9022028994266863E-015   1.9083655927177658       -1.1324206186086759E-014  -9.4814097656164621E-015   6.5585532695952136E-015   2.0633403619997963E-005  -1.0962632487946738E-015  -1.8810186391145356E-018   4.0479341086217925E-015  -1.7789790821469543E-014   4.2454580991250338E-016   2.0779162741384455E-016  -5.5775648236814085E-015  -4.3883879773018209E-016  -4.9346120356678019E-015   8.0385682764295969E-018   4.1751469367079432E-016   4.6839775303692426E-016   4.9427684074583810E-016  -1.4968494906628645E-016  -7.0882346722534588E-015   6.8291461856259036E-016   9.8885439423548027E-016   1.7647618711953700E-015   7.7661838241794701E-016  -8.5176916853633001E-016  -5.5566177316546750E-016   8.2313668046565022E-002   7.3334245130328179E-016   4.0484279938919823E-015  -4.2362579687569851E-015   1.4779746762295432E-015  -2.9248007741282625E-015   1.3683430738080348E-015   1.4569896994306366E-015   2.8113090873712485E-015
   7.0314862032171531E-015  -3.0659665775091020E-003  -1.1699367915870809E-015  -3.3348746680834424E-015   2.6559931284415428E-015   1.0183944755929697E-015  -2.2595769051685836E-016  -2.5592717458363351E-016  -1.0525082608174956E-016  -1.9565103048382634E-016  -1.1446173396377209E-014  -9.4398235168653352E-003  -4.8891354711478526E-016   2.9268874731802282E-015  -1.1324206186086759E-014   1.9083655927175551       -3.0289747955751856E-015   3.2729544988373374E-015  -1.1539225630200606E-015   2.0633403620231456E-005   6.2144548888825645E-016  -1.1449228316574983E-015   7.3802589813197070E-016   1.2931289488939068E-014  -7.3671376835558878E-016   4.7335460361642598E-016   1.7827052607294425E-016   8.6171890640409838E-016   2.3953494185248140E-014  -4.8448898179721062E-016   1.4543381947553634E-014  -8.7629430157320617E-016  -9.5178621850347576E-016  -4.0682491941160892E-015  -1.1142399624984189E-015  -2.6801282661323842E-016   3.3764079962048042E-017   2.9329830920395683E-015   1.7732952412947676E-016   2.7051295094137871E-015   7.4427011379419982E-015   8.2313668046610777E-002  -1.3781249874629333E-015   4.2483506314039992E-015  -9.2713081900857025E-015  -2.5964151206184909E-016  -1.4326362763836869E-015  -1.1385664600626665E-017  -4.1723751826641777E-016
   4.0605611254390023E-015   3.2552341636543527E-015  -3.0659665775572909E-003  -8.7106029901870534E-015  -1.9846784626642614E-015  -8.9615269533468022E-017  -2.0567549864518796E-015  -1.2693714071459832E-015  -1.2700853056020085E-015  -2.9067805748981507E-015  -6.6961264702856332E-015  -4.2536647122864783E-015  -9.4398235167598710E-003   2.3090396724059359E-014  -9.4814097656164621E-015  -3.0289747955751856E-015   1.9083655927177410        2.3915282060899180E-014  -1.2344327565737013E-015  -1.2096401769984275E-015   2.0633403629532148E-005   8.0874331470395154E-015   1.9707135350756479E-016   6.7029513927184658E-017  -3.5111702223210408E-015   1.0522581613568278E-016  -2.8285634677181679E-016   2.6090328592787319E-016  -1.8429046771718945E-016  -5.9070989956192419E-015   9.1635416663416602E-016  -1.6269662384033768E-014   2.6011334564906267E-015  -1.9434840217422490E-014  -9.6531895216428374E-016   1.6027379807654281E-016   1.5576734540528990E-015  -2.7069321485041698E-015   6.1366249585013976E-016  -5.7553870588622588E-016   5.8630424527834849E-015   2.6215795007811738E-015   8.2313668046564648E-002  -4.9121412776128406E-015  -4.0085903006914507E-015  -1.6888834105673388E-015   4.5746994580397935E-015  -2.5681474406602242E-016   6.1100817670971865E-015
   2.5296059399193976E-017  -2.1167203933020733E-015  -1.1668838847225906E-015   2.8787267708872692E-003   5.6677017934534791E-016  -3.9217311019816329E-016   1.8554647956622183E-015  -2.7390837728994656E-014  -1.0051884940810772E-015  -1.1465872685451673E-014  -2.0154612491488258E-015  -8.5260084547655436E-018  -3.4388516821006596E-015  -4.5059000051280466E-003   6.5585532695952136E-015   3.2729544988373374E-015   2.3915282060899180E-014   1.8904307659523933        1.4426425929012350E-016   6.2179383650136139E-015  -2.1861271951242990E-014  -3.5572967159816907E-006   1.1742353207613576E-016  -4.1395075184607081E-016  -1.5403433913945234E-016  -2.6236970671797469E-016  -2.2522824013815783E-016   5.4773074587400699E-016   3.9927256863212131E-016   1.6335692310911093E-016  -6.0898282250459252E-016  -8.0231131929712957E-017   8.3169838154616410E-006   7.7587428281969753E-002  -6.0195049365493697E-014   8.9805058073714689E-016  -1.7741193037108120E-015   3.7410009858142356E-014   4.1336874888325012E-016  -1.4515299254479834E-014   1.5153747202066300E-015  -1.5732753835613061E-015  -1.6805329054334248E-015   1.4231188248632076E-014   9.7810679194092936E-015  -2.9616806686861600E-015  -2.3322483352746105E-014  -5.2754531916564166E-015   5.3471284952027034E-015
  -7.0382806089558836E-004   1.0486329043228538E-016   1.2061871053964562E-015  -8.6000417776282973E-016  -8.5032573276684624E-016  -6.6606690180543475E-016   7.8119818057880518E-016   5.2756556936716772E-016  -6.2006492113157340E-016   6.9213955788372179E-017  -7.9813083043962611E-004  -3.9362108599161391E-016  -9.7002868777383230E-016   4.1938350872971477E-016   2.0633403619997963E-005  -1.1539225630200606E-015  -1.2344327565737013E-015   1.4426425929012350E-016   2.0001078391857279       -1.1531685867737292E-016  -1.2197118947738695E-017   2.0180211738113391E-016   4.5829900175035139E-015  -2.8576436114680441E-017  -1.5716635377763662E-016   9.0884533948053886E-016   7.8440929726798121E-016   1.4561626544133690E-015   1.2335921663317567E-016  -6.1751528449301003E-016  -4.2476510184045066E-017   6.7675552916453279E-016   3.1139951379042935E-016   3.2887300492468928E-016   8.6876485844051602E-016   9.0859915486551200E-016  -6.6188169597250635E-016  -5.0040223755995412E-016   6.8887770682729323E-016  -2.1631641532502389E-016  -1.2720320409618188E-003   2.5865377477532042E-016   7.1760080278805938E-016  -4.6067499013827079E-016   1.7514938937153331E-016  -1.9297967980433458E-016   9.0989524782777281E-016  -3.2825014506082436E-016   1.5420082956627914E-016
   3.5905096432773255E-016  -7.0382806089631380E-004   1.4558400243512877E-015  -7.2594025783267889E-015   2.4028193264435082E-015  -1.7844647983681798E-015   1.3759946054333728E-015   1.7069483769671149E-015   9.3078828223829559E-016   1.7592994063703412E-015  -1.0131421819223672E-015  -7.9813083042718392E-004   2.6164179544188489E-016   3.2818629937581987E-015  -1.0962632487946738E-015   2.0633403620231456E-005  -1.2096401769984275E-015   6.2179383650136139E-015  -1.1531685867737292E-016   2.0001078391857421        4.6433461274098256E-015   2.8063552660552653E-015   6.5264486030954237E-017   1.0429332090783521E-015  -1.5196040162505285E-015  -2.3782842283030489E-016   1.3490677080213563E-016   3.8335697181134557E-016   9.0160806660585498E-016  -9.5979197790180019E-016  -1.8432053189693613E-016  -2.3759471302275548E-015   8.6797027458229032E-017  -7.9527106591314907E-015   1.7540632803733043E-015   1.1668578135932204E-015  -9.9672178828862703E-016   2.3808237054572329E-015  -7.7074308486058492E-016   3.4241371472355641E-015   8.9892672351593451E-016  -1.2720320409677337E-003   2.6965847822153254E-015   1.3838789739233304E-015  -1.0617951229227475E-015  -4.9992021858024345E-016   5.5162509812366966E-017   1.7843059757554528E-016  -5.5925682420773409E-016
   7.1706990420881018E-017  -7.4791133527797261E-016  -7.0382806090048581E-004   5.4002042609997989E-015   1.1402314262094355E-015  -2.8253660765305087E-016   4.9781202942041317E-016   2.1117308804941807E-015  -1.6760026437314404E-016  -1.2431102358294272E-015  -9.1134218290394901E-017   1.5246752917017024E-015  -7.9813083042032298E-004  -1.5672519644213134E-014  -1.8810186391145356E-018   6.2144548888825645E-016   2.0633403629532148E-005  -2.1861271951242990E-014  -1.2197118947738695E-017   4.6433461274098256E-015   2.0001078391857692       -4.2992492685613109E-015   6.3195342465182524E-017   1.4815369948817688E-015  -1.5108624814656553E-015  -4.0022716108356249E-016  -1.2938982001770118E-016   3.9748525689867105E-016   1.6826330223060730E-016  -7.7094474341406644E-016  -2.3124273637323882E-015  -1.9309548146637952E-015  -1.0039382976624896E-015   1.4671760494470190E-014  -1.3537716928093599E-015   6.7717110448142396E-016   7.9471179215906745E-016  -1.8203302875805400E-015   4.4853819066114069E-016   4.2527973917181248E-016  -4.8237780780676672E-017  -6.5495658417298201E-016  -1.2720320409705188E-003   6.3312839115923070E-016  -3.8994589851412542E-016  -1.7167085340361237E-015   2.1158041133954607E-015  -4.9498650968883946E-016   2.2446021231443832E-015
  -1.8137323203364416E-015   2.0786954563706660E-015  -2.3317343615113515E-015  -8.1779930609212031E-004  -1.0331221894676421E-015   6.3144757038401993E-016  -9.0983318400455225E-016  -4.8409750778794726E-015  -6.9274186283015007E-016  -5.9522095872283212E-015   3.7293786090317593E-015  -3.3428996801079501E-015   2.6500885466115670E-015  -1.6980575228550366E-003   4.0479341086217925E-015  -1.1449228316574983E-015   8.0874331470395154E-015  -3.5572967159816907E-006   2.0180211738113391E-016   2.8063552660552653E-015  -4.2992492685613109E-015   2.0001666470030179       -1.2334787416092042E-015   4.2324190592333167E-016   2.1955601706081250E-016   8.5068620074061370E-016  -1.2630237614913195E-016  -1.2127147650052399E-015  -1.4915787496576960E-015   4.6635387894416802E-016   6.5806007894328046E-016   3.5786626010539864E-016  -3.6429627732304497E-007  -1.0976976348833324E-003  -1.7314574590250339E-014  -9.1088643699180550E-016   1.4976847876356419E-016  -9.4679008832776276E-015  -2.5248678999059967E-017  -1.1293542805043820E-014  -1.3217726028330603E-015   1.6736429174773171E-015  -3.5526111169342642E-015  -3.8801123687317943E-014   1.4200020120205708E-015  -5.1552913050552443E-016  -4.3219075333573008E-014  -3.0197772277371297E-015  -3.6741463777418994E-014
   4.5553828069226376E-015  -4.5241858336422711E-017   1.0345472956893293E-016   3.5398205253372874E-016   2.7010417016917233E-018  -1.0977412610113055E-018   7.0814861435157240E-019  -1.1977162038266317E-018  -1.8168468286847940E-018  -1.5033254978979499E-018   6.5506165569220381E-015  -6.6535410995884834E-017   1.4716839972628669E-016   7.8881130453905965E-016  -1.7789790821469543E-014   7.3802589813197070E-016   1.9707135350756479E-016   1.1742353207613576E-016   4.5829900175035139E-015   6.5264486030954237E-017   6.3195342465182524E-017  -1.2334787416092042E-015   2.8523800044703314E-028  -2.7025729721715853E-030   1.6564264877192202E-030   1.0488139262963808E-028   5.1395148449895687E-030   1.1561662376950804E-028   9.1994032451213607E-030  -2.0374632347061404E-030  -1.1254355663134133E-030   3.0987388660316101E-030  -7.6850191076609146E-017   3.4227771634463588E-016   1.3034541549721385E-016  -5.2974206464824089E-017   3.4173454378576532E-017  -5.7798743401233071E-017  -8.7676415594605528E-017  -7.2546672095972375E-017   2.2549824071655981E-015   2.3752239296948828E-018   7.7799838738714082E-017   1.6524728597880734E-015  -6.7158816532226306E-016   4.3323891116879660E-016  -7.3275193021584090E-016  -1.1115304413351351E-015  -9.1972092957214523E-016
  -1.1529105033726585E-016   2.3211804074162280E-015   1.2534035875959032E-016  -1.2859919928965073E-016   1.7762041123923012E-019   4.2668601015365102E-019   7.7337882956869588E-019  -8.9812670131161134E-019   2.6912711999506667E-019   7.2050629011292132E-019  -1.6571073101406637E-016   3.2793542796504131E-015   1.7890235122611078E-016  -2.8441178872589507E-016   4.2454580991250338E-016   1.2931289488939068E-014   6.7029513927184658E-017  -4.1395075184607081E-016  -2.8576436114680441E-017   1.0429332090783521E-015   1.4815369948817688E-015   4.2324190592333167E-016  -2.7025729721715853E-030   1.2043611076073445E-028  -5.0272598588795351E-030  -4.8082352636924627E-032   1.6958231202017042E-030   2.2796013230190376E-030   2.1196234302367880E-028  -3.3420508248144984E-030   1.4143630207022585E-028  -4.1388649301885740E-030   2.1575084852398107E-015  -1.3906611508587936E-016   8.5715101274797812E-018   2.0590783638818773E-017   3.7321298968979642E-017  -4.3341314567354718E-017   1.2987391588614226E-017   3.4769804439923247E-017  -5.8241603844894241E-017   2.1219016714452012E-015   8.6102698515354326E-017   1.0866655953340980E-016   2.6104263809451626E-016   4.7314616630765331E-016  -5.4946578486808155E-016   1.6464953552652317E-016   4.4079922533467791E-016
   4.4880429026330479E-017  -9.5271841364820329E-018   3.6010279507137444E-015  -1.9103044856052691E-017   3.2987764806551639E-018   1.3098820978108411E-018  -3.2854306640281277E-019  -3.5899876169765861E-018  -1.5146880480431269E-018   2.9121113633152786E-019   6.3500624624659619E-017  -1.1802783578736653E-017   5.1497343624433809E-015  -4.1710416736839052E-017   2.0779162741384455E-016  -7.3671376835558878E-016  -3.5111702223210408E-015  -1.5403433913945234E-016  -1.5716635377763662E-016  -1.5196040162505285E-015  -1.5108624814656553E-015   2.1955601706081250E-016   1.6564264877192202E-030  -5.0272598588795351E-030   7.9264722749874879E-029   1.3734818751008566E-030  -3.8072113009259251E-031  -2.7346685240953371E-031  -3.5431545467734714E-030   8.4387988279553838E-029  -2.9972821114411251E-030   1.4869840812537574E-028  -7.4540473602778161E-016  -2.4334954559512450E-017   1.5919057848468170E-016   6.3211584694670099E-017  -1.5854654325524667E-017  -1.7324368863733879E-016  -7.3094999920321260E-017   1.4053110152674386E-017   3.9231362933948649E-017  -3.8322219623156025E-017   2.2510731065102978E-015   2.0181615860931464E-015   8.0137400869614832E-016  -2.0099967363111328E-016  -2.1963219228751391E-015  -9.2667243488240538E-016   1.7816033678193720E-016
   2.2077419122199634E-015  -8.7022659742623279E-017   9.0190822245119132E-017   1.9017974548395540E-016   6.5686166511666131E-019  -6.4033038744177300E-019  -6.6149883508577634E-019  -2.9649055216902834E-019   1.2479832749725395E-018  -3.6037111296187263E-019   3.1665092496370435E-015  -1.2550787356200715E-016   1.2842956739913987E-016   4.2577592412518026E-016  -5.5775648236814085E-015   4.7335460361642598E-016   1.0522581613568278E-016  -2.6236970671797469E-016   9.0884533948053886E-016  -2.3782842283030489E-016  -4.0022716108356249E-016   8.5068620074061370E-016   1.0488139262963808E-028  -4.8082352636924627E-032   1.3734818751008566E-030   4.3049435827014150E-029   1.3338890020825372E-030   4.5970936681213522E-029   2.4386123762317224E-030   5.7259904882159763E-031   7.2726771482105621E-031   3.5526100081001384E-030   6.0895644081138307E-016   1.7075875657030259E-016   3.1698476410080085E-017  -3.0900718916874546E-017  -3.1922254460786932E-017  -1.4307881358514579E-017   6.0224504644905182E-017  -1.7390595051576701E-017   1.2279631959628497E-015  -3.7115136052953831E-017   6.5064664627415141E-017   4.0186201996042927E-016  -3.9174833394253670E-016  -4.0469899856834893E-016  -1.8139023559676409E-016   7.6350486927580773E-016  -2.2047178436369218E-016
  -2.9230796643007817E-017   2.3265719617662816E-017  -2.7819580597303744E-017   1.9353382110389486E-018  -1.9016709229237956E-019   7.7627792533671199E-020   3.4946698380095334E-019  -4.3329236596580862E-020   1.9004584383373939E-019   2.3349632889544005E-019  -4.0482508270248415E-017   3.2753481346549078E-017  -3.8976208302269167E-017   5.6120976570717296E-018  -4.3883879773018209E-016   1.7827052607294425E-016  -2.8285634677181679E-016  -2.2522824013815783E-016   7.8440929726798121E-016   1.3490677080213563E-016  -1.2938982001770118E-016  -1.2630237614913195E-016   5.1395148449895687E-030   1.6958231202017042E-030  -3.8072113009259251E-031   1.3338890020825372E-030   5.9988179136701751E-031   1.2771063319227649E-030   2.7616569636473467E-030  -3.6199506988971111E-031   1.7006757451705416E-030   1.3860538958749877E-030   2.1955167795163143E-016  -7.0543924853561437E-018  -9.1769811044294172E-018   3.7461201970815790E-018   1.6864389460239906E-017  -2.0909589601121646E-018   9.1711299615922974E-018   1.1267940064550972E-017  -3.9242057730798018E-017   2.3369314868851910E-017  -3.1037115395968198E-017  -1.1634250542702500E-016   4.7491980685081905E-017   2.1380073686247539E-016  -2.6508434679779492E-017   1.1626832671722902E-016   1.4285094010681492E-016
   2.8209373534133709E-015  -2.0170341590262619E-017   5.0351687233815557E-017   2.2364876986227112E-016  -3.2405480464892263E-019   1.3787698925224134E-018  -7.9461814960553689E-020   2.6531928357644544E-019  -3.0716546666167352E-019   5.8735521048937093E-020   4.0402148067958459E-015  -3.1040373670260629E-017   7.1227408111058288E-017   4.9560975121265131E-016  -4.9346120356678019E-015   8.6171890640409838E-016   2.6090328592787319E-016   5.4773074587400699E-016   1.4561626544133690E-015   3.8335697181134557E-016   3.9748525689867105E-016  -1.2127147650052399E-015   1.1561662376950804E-028   2.2796013230190376E-030  -2.7346685240953371E-031   4.5970936681213522E-029   1.2771063319227649E-030   5.6546605963001755E-029   9.8296327559714629E-030  -8.3459852353499579E-031   2.9182880342560622E-030  -2.5544679147911112E-030  -5.7084364827737998E-016   2.3507629147315947E-016  -1.5638062207321240E-017   6.6535934784672105E-017  -3.8346254639559933E-018   1.2803635070715832E-017  -1.4823025631987216E-017   2.8344271366125951E-018   1.6658140868349504E-015   2.4464713788658375E-017   4.5011723923076268E-017  -1.9825379572170116E-016   8.4351893783850193E-016  -4.8614019008309440E-017   1.6231993568974184E-016  -1.8792105164094676E-016   3.5933860032051505E-017
  -1.2027952644235941E-016   4.1188431044231099E-015   2.2869074354596038E-016   2.5839156596985796E-017   4.0733279508451987E-018  -3.6079113366127215E-019   1.2246135462812115E-018  -1.8043048809562648E-018   4.6710251600218525E-019  -2.2690230698540730E-018  -1.7171119968183405E-016   5.8163139943621934E-015   3.2696919593847830E-016   5.5229416659813000E-017   8.0385682764295969E-018   2.3953494185248140E-014  -1.8429046771718945E-016   3.9927256863212131E-016   1.2335921663317567E-016   9.0160806660585498E-016   1.6826330223060730E-016  -1.4915787496576960E-015   9.1994032451213607E-030   2.1196234302367880E-028  -3.5431545467734714E-030   2.4386123762317224E-030   2.7616569636473467E-030   9.8296327559714629E-030   3.9463509825442800E-028  -2.0232488213276806E-030   2.5906414902942485E-028   2.2449581452329941E-030  -6.0767157172087924E-016   4.0682298042462132E-017   1.9656846611095983E-016  -1.7410864185072589E-017   5.9096740865820027E-017  -8.7071173037776464E-017   2.2541181607734232E-017  -1.0949729307309946E-016  -8.0047429170673472E-017   3.8101466028048877E-015   1.4456352708781888E-016   2.4920251632899401E-015  -2.2072874923570560E-016   7.4920748083238045E-016  -1.1038573912709327E-015   2.8576909047588840E-016  -1.3881677720189136E-015
   4.7466571975264460E-017  -7.9963074595131264E-017   3.8251405886952457E-015  -2.7049506313283326E-018   2.3851734038671996E-018   2.1257451822829158E-018  -6.5091233609163369E-019   1.2906853028809092E-019  -1.3187200094148250E-018  -2.5142419341440030E-018   6.6588441510355540E-017  -1.1296345530627065E-016   5.4760949182965283E-015  -6.9495394474981019E-018   4.1751469367079432E-016  -4.8448898179721062E-016  -5.9070989956192419E-015   1.6335692310911093E-016  -6.1751528449301003E-016  -9.5979197790180019E-016  -7.7094474341406644E-016   4.6635387894416802E-016  -2.0374632347061404E-030  -3.3420508248144984E-030   8.4387988279553838E-029   5.7259904882159763E-031  -3.6199506988971111E-031  -8.3459852353499579E-031  -2.0232488213276806E-030   9.6769105568286101E-029  -3.8042673032935161E-030   1.7211180000665691E-028  -1.9592013248977213E-016   3.8169187186293035E-018   1.1510241332609339E-016   1.0258306595204572E-016  -3.1411376894703009E-017   6.2285196103377592E-018  -6.3638079872430860E-017  -1.2133093293641831E-016   5.0414904312754888E-017  -7.4451971334384781E-017   2.2945802809797489E-015   1.4592274948215491E-015   1.3005116575294746E-015  -3.9822227432453063E-016   7.8962958332805797E-017  -8.0678096300578950E-016  -1.5381904531544155E-015
  -6.0841826774691391E-017   3.6192607361151995E-015   1.2417751723980947E-016  -1.3766146393133754E-016   4.6536104320005523E-019   1.3991217147280668E-019   8.9825048069060229E-020   2.1997972269418826E-019  -9.6408396417046563E-019  -6.8534076585870426E-019  -8.8100616520859821E-017   5.1279989105101507E-015   1.7459701673185176E-016  -3.0349287760045409E-016   4.6839775303692426E-016   1.4543381947553634E-014   9.1635416663416602E-016  -6.0898282250459252E-016  -4.2476510184045066E-017  -1.8432053189693613E-016  -2.3124273637323882E-015   6.5806007894328046E-016  -1.1254355663134133E-030   1.4143630207022585E-028  -2.9972821114411251E-030   7.2726771482105621E-031   1.7006757451705416E-030   2.9182880342560622E-030   2.5906414902942485E-028  -3.8042673032935161E-030   1.8282928224467816E-028  -7.7977654887023467E-030   6.2796747864897668E-016  -1.5544670464535912E-016   2.2457142550282794E-017   6.7518062052771451E-018   4.3347287847859664E-018   1.0615662963114903E-017  -4.6524244629129928E-017  -3.3072805513352708E-017  -1.9922443102056886E-017   3.0608473408738557E-015   1.2439413185887064E-016   2.8470367316840643E-016   8.5596999834688279E-017   5.4954151199531954E-017   1.3458160279967962E-016  -5.8981784114561485E-016  -4.1928527596811788E-016
