  0.27606246014599428        2.1112762986528982E-016   2.0368387812537760E-016  -8.3078951943650682E-016   1.1499437713073699E-016   3.0387518331095350E-017   3.6406468373084932E-017   8.8506327936464770E-018  -4.2996755899351082E-017   1.6597572907300398E-017  -2.1627517013303958E-015  0.18444460127393603        6.4250625448370229E-017   2.6173666795395020E-016  -1.6951464178860437E-016   4.0897024690188406E-015   1.3834338791460143E-014   1.3713290839167800E-017  -1.9172215432413197E-017   6.0653950236545287E-015   5.4952085143999836E-018   6.0169347132629366E-015   1.7115227075589953E-017  -7.2540035174469862E-017   2.3830529974790653E-017  -1.2955736933923160E-016  -1.0648851052389689E-002   1.2721752322434604E-015  -2.5101631862744521E-015   1.0859381153387775E-017  -2.2033718120446052E-018   1.7650583839718630E-021   4.2104083341783427E-017   1.3087633066696410E-017   4.5744161951266020E-017  -1.2735074454476496E-016   2.5433149963642404E-002   2.1929460327393237E-016  -4.1357468131726176E-016
   2.1112762986528982E-016  0.27606246014599362        1.1426320513416951E-016  -1.7862019073408307E-016   1.1009038124592169E-016  -2.9559054046593147E-017   1.7966775008198603E-018   1.3162467041099513E-016   1.5093808232865380E-017   1.2422381295705349E-016   1.0242856752386659E-016   2.8834181948699081E-017  0.18444460127397311       -1.2651753945994492E-016   1.1089847029086065E-016  -3.1657802531463219E-015  -2.8514829257418759E-017  -2.0711223628404940E-015   4.0954087712946012E-018   3.4928761738552291E-017  -6.1246241636252913E-018   7.3020406115946477E-017  -5.0865110626090191E-015   3.0168194023899536E-017  -2.5834189280456443E-015   7.6971889933999485E-017  -9.3379154591955766E-016  -1.0648851052376392E-002   1.2617547880808550E-015   2.0854258387117155E-017   9.6435512846472759E-018  -9.0099108777060024E-018   1.0531525104511716E-017  -8.0278658204375763E-018   1.7769773642700792E-017   1.9741300781852960E-016  -4.7350792045770736E-017   2.5433149963634129E-002   2.1071341009260794E-016
   2.0368387812537760E-016   1.1426320513416951E-016  0.27606246014598962        9.7339124848247577E-016   1.5604450526817038E-016   1.5510009355442976E-017  -5.2882351856694265E-017   1.7343920553917147E-016  -1.4033484963486092E-017   8.3812304679718742E-017   2.3124499681909009E-015  -1.0245281421293450E-016   8.0721429840564984E-017  0.18444460127397364       -2.8991408388927815E-015   4.1106450407037270E-015  -4.7365773833792759E-017  -9.4781241300256899E-018  -2.1322455471677057E-015   1.1755761154350376E-017   2.8583608401387288E-018   7.9385459140525281E-017  -3.2947863673381152E-017  -2.8814393161481700E-015   9.3059892209136883E-018  -6.2361428900533111E-015  -1.7192264344192646E-015   9.3539202294516844E-016  -1.0648851052375789E-002   7.6009230277145853E-018  -5.2050576540400255E-018   2.7981440883244027E-017  -5.3699151916159091E-018   1.7436080119469086E-017   2.6113494757862914E-017   4.5170185419173221E-016  -7.6548258378265026E-017   1.5075738895054241E-016   2.5433149963633571E-002
  -8.3078951943650682E-016  -1.7862019073408307E-016   9.7339124848247577E-016  0.28006858256343525        1.5912232305668785E-015  -7.3253282088743602E-018   2.5223352860617830E-016   4.0189042200310944E-015   8.6766239856314562E-016   3.9294917811766203E-015  0.47082093341460751        2.2060866932478817E-015  -5.3305049859367653E-016  -1.8539282254394768E-015   4.3549073035909994E-003  -5.1224026048579251E-004  -3.1340346797950372E-016  -4.4526186629729902E-017   9.0109322379167498E-017  -2.0896506539905451E-016  -2.3639537872629213E-017  -3.1026445149997008E-016  -4.2679292330543238E-017   4.9142269828089010E-017  -1.5341082684168270E-017   3.2367482791876352E-016   3.0808505801374309E-015   2.0248441579000499E-015   3.9654753836237934E-015  -3.7616441184088346E-015  -1.5482719478258146E-016  -1.9097321425578755E-016  -6.4779743263796829E-015  -4.1267920547868309E-016  -4.8661570742206456E-015   8.0738611842186864E-002   4.0663829339371275E-016   3.2042156019885182E-016   6.3668155087271499E-016
   1.1499437713073699E-016   1.1009038124592169E-016   1.5604450526817038E-016   1.5912232305668785E-015   1.0000598373997181E-027  -2.2128170336722366E-029  -3.4491864296266017E-030   9.8192550322557753E-028   7.0196646451478826E-030   9.8765663100202624E-028   2.5326648193873504E-015   7.7144232538294485E-017   7.5021230587316062E-017   1.0390439648378816E-016   4.2895515475633691E-014   3.5810181495861757E-015   5.8328379835599109E-029  -3.2725212600727757E-029  -6.9408999872445652E-030   1.6327962332964006E-030  -5.9906867832316946E-030   8.4589966966874448E-030  -1.3519154480599679E-028  -1.9280999434085794E-029  -3.3859460418606182E-029  -3.5581663055764331E-029  -6.0834739627835481E-016  -2.8304633096697462E-015   6.7416176907527099E-016   1.2932594211704133E-027  -2.4056287366927905E-029   8.1829413395644865E-030   1.2666026840010864E-027   2.1635147099186093E-029   1.3015285799535759E-027   2.4888785807592291E-015  -7.6007514589376235E-017  -3.9514088413744315E-016   1.1191499322669602E-016
   3.0387518331095350E-017  -2.9559054046593147E-017   1.5510009355442976E-017  -7.3253282088743602E-018  -2.2128170336722366E-029   1.6893949947779684E-030   5.9418600579724288E-032  -2.0877691952565578E-029  -1.4176485056774322E-030  -2.0629802790120594E-029  -8.9672716109738006E-018   2.0920342682237463E-017  -1.9742095412086016E-017   1.0738360053135773E-017  -9.8928727523883360E-016   1.9124469947216143E-016   1.6525409720644094E-029   1.3519664629039436E-030  -8.4508941534658322E-031   7.1049604837971242E-030   8.7525705580581533E-031   8.0284904060412745E-030   3.2094863809191498E-030  -1.0611791868428207E-030   9.0464604709829910E-031  -1.1570056538617033E-030  -1.1911183594057397E-015  -1.2513969171308345E-017  -7.2444848780691575E-016  -2.9517964289520424E-029   1.2400227235816625E-031  -2.4114630118263493E-031  -2.8845033847383522E-029  -2.6976650123478036E-031  -3.0567249196888460E-029  -4.9219773858390387E-017  -1.6784035428965035E-016  -4.6812520575336490E-018  -1.0237219440462952E-016
   3.6406468373084932E-017   1.7966775008198603E-018  -5.2882351856694265E-017   2.5223352860617830E-016  -3.4491864296266017E-030   5.9418600579724288E-032   1.1638642174501718E-030  -2.7093367396041156E-030  -1.9805021869942873E-030  -3.1890124520891999E-030   4.2527070659609382E-016   2.4148553117278115E-017   1.0748813622019141E-018  -3.5290278550666819E-017  -2.8229580060826189E-016   1.2426330631662118E-015  -3.1764072904245228E-031   1.1380934380046944E-030  -1.3570707429337346E-030  -3.1968460640980773E-030   6.4252121168513183E-032  -3.1296173903691940E-030   9.1885741074264934E-031  -7.4822064918696851E-031   1.0698174950038898E-030   4.5021949453782637E-030   3.3684333587500896E-016   2.4176917784870860E-016  -7.8518245059879448E-017  -1.3032241410567948E-029  -6.5168959687053398E-031  -4.4570506737837589E-031  -1.2957036604573048E-029  -7.3302807624405995E-031  -1.0682983524759721E-029   5.7932677004532647E-017   5.1859241882511966E-017   3.4845492341021379E-017  -1.6424104075711588E-017
   8.8506327936464770E-018   1.3162467041099513E-016   1.7343920553917147E-016   4.0189042200310944E-015   9.8192550322557753E-028  -2.0877691952565578E-029  -2.7093367396041156E-030   9.9257138518065492E-028   1.8872513529504054E-029   9.9654323194125628E-028   6.6167177431234438E-015   6.3783613980818414E-018   8.8864068131902999E-017   1.1655244930600442E-016   4.1867212265458238E-014   7.1689719834889587E-016   4.7221117150297246E-029  -3.0903668229146985E-029  -4.2168867069894790E-030   3.1053235138904100E-030  -6.0444313736382157E-030   8.8964252315391635E-030  -1.2582968059688484E-028  -1.6586494123447223E-029  -3.4252991948179300E-029  -4.4476796923512165E-029  -8.9624879514706984E-016  -1.7817061781280108E-015  -1.3035748137511093E-015   1.2299305863821559E-027  -2.3831005219951629E-029   6.6266779071505363E-030   1.1725979365743064E-027   1.8339108323822442E-029   1.2195085046922883E-027   3.1409355615026630E-015  -1.2765894579631932E-016  -2.4264464938615759E-016  -1.6999636111184550E-016
  -4.2996755899351082E-017   1.5093808232865380E-017  -1.4033484963486092E-017   8.6766239856314562E-016   7.0196646451478826E-030  -1.4176485056774322E-030  -1.9805021869942873E-030   1.8872513529504054E-029   1.3003252734100201E-029   1.9068010273070840E-029   1.4564061629662985E-015  -2.9032456695103945E-017   1.0486719598724380E-017  -9.8374150261396288E-018   3.7931022836202199E-016  -4.2947797260900314E-015  -2.0264731879891766E-029  -4.2486773719495720E-030   7.0601714153818286E-030   1.3920563950020851E-030  -1.2296247177065954E-030  -9.6339093982836715E-031  -1.9489003477249869E-030   6.2107124473111919E-030  -3.4790983193590760E-030  -6.7134339514203979E-030   5.8963981681498453E-016  -7.7536103709056073E-016   8.8923086318836052E-016   1.2130035014772509E-030   1.8875161892485802E-030   1.6653267650533810E-031  -1.5569303599292309E-029  -7.2018778194721733E-031  -1.1916610803631991E-029   2.7164400811947638E-016   8.0356096841451842E-017  -1.0971376938808009E-016   1.2614640840110358E-016
   1.6597572907300398E-017   1.2422381295705349E-016   8.3812304679718742E-017   3.9294917811766203E-015   9.8765663100202624E-028  -2.0629802790120594E-029  -3.1890124520891999E-030   9.9654323194125628E-028   1.9068010273070840E-029   1.0022967646702314E-027   6.4655241876712008E-015   1.2204857771547482E-017   8.3868433011017371E-017   5.6085189389730899E-017   4.2120316590629810E-014   5.7323044936350932E-016   6.4638745240907866E-029  -3.1370300272211550E-029  -1.9443521157434188E-030   1.1280644981531179E-029  -5.6340975643441812E-030   1.7553218113996258E-029  -1.2608184289207195E-028  -1.5196574183836391E-029  -3.3371876458227346E-029  -3.9253601735498488E-029  -2.1499181121103512E-015  -1.6833042565047977E-015  -1.7273690361353198E-016   1.2401216160658259E-027  -2.3645947128901378E-029   6.8390960003304574E-030   1.1843543375093216E-027   1.8418198991330137E-029   1.2291210908059183E-027   3.1273712498663168E-015  -3.0668026728426453E-016  -2.2925644629809079E-016  -1.6585612620686884E-017
  -2.1627517013303958E-015   1.0242856752386659E-016   2.3124499681909009E-015  0.47082093341460751        2.5326648193873504E-015  -8.9672716109738006E-018   4.2527070659609382E-016   6.6167177431234438E-015   1.4564061629662985E-015   6.4655241876712008E-015  0.79151413695685080        3.2063393008114654E-015  -6.4609157538614606E-016  -2.6864879780814993E-015   1.0537792060283735E-003  -3.9942718690071067E-004  -5.3181420465104885E-016  -7.0599173933056089E-017   1.5113501126621626E-016  -3.5235750252203533E-016  -3.8705849277813871E-017  -5.2341664661813382E-016  -5.4906680187046940E-017   8.4013068620460077E-017  -2.1092889715857699E-017   5.5145954085040761E-016   3.5004121935158667E-015   2.3443747640187586E-015  -6.8424136327086502E-015  -6.5164613802896775E-015  -2.5740576617961714E-016  -3.2253155794135432E-016  -1.1078974141020504E-014  -6.9738081023146348E-016  -8.3727363567446893E-015  0.13543125878598908        3.6813407604842379E-016   4.3066570204764254E-016  -7.9389858153395196E-016
  0.18444460127393603        2.8834181948699081E-017  -1.0245281421293450E-016   2.2060866932478817E-015   7.7144232538294485E-017   2.0920342682237463E-017   2.4148553117278115E-017   6.3783613980818414E-018  -2.9032456695103945E-017   1.2204857771547482E-017   3.2063393008114654E-015  0.12323275411454837       -3.0772849210038576E-017   1.2575200613360803E-017  -3.0304883333176472E-015  -2.4522898457727692E-015   9.2547473200382902E-015   9.2126963116443238E-018  -1.2628636470129479E-017   4.0576298373178055E-015   4.1087509740909568E-018   4.0258336250390623E-015   1.1429063614594071E-017  -4.8787430817222489E-017   1.6110524795738932E-017  -8.6444743244600695E-017  -7.9964318514516436E-003  -4.0325814279937227E-015   4.9583699038791292E-016   7.9461875786118698E-018  -1.5389505153881170E-018   2.6282664786359456E-020   2.9026767901729853E-017   8.8205486932833760E-018   3.0446221865974485E-017   5.7764263453982516E-016   1.6866127036440227E-002  -5.6359223420661601E-016   1.2905178917401796E-017
   6.4250625448370229E-017  0.18444460127397311        8.0721429840564984E-017  -5.3305049859367653E-016   7.5021230587316062E-017  -1.9742095412086016E-017   1.0748813622019141E-018   8.8864068131902999E-017   1.0486719598724380E-017   8.3868433011017371E-017  -6.4609157538614606E-016  -3.0772849210038576E-017  0.12323275411459829       -8.0298031340341438E-017   6.3429385942110672E-015   3.8402277970138957E-015  -1.9780147294020701E-017  -1.3853846663270607E-015   2.6954140350157179E-018   2.3096138483543325E-017  -4.1047672481777453E-018   4.8478507836215259E-017  -3.4023765586208886E-015   2.0043111599899839E-017  -1.7274643854998752E-015   5.0878816695813195E-017   1.8000833428806601E-015  -7.9964318515132575E-003   8.1971271128051656E-016   1.3602276291756260E-017   6.4304365427857609E-018  -6.0060670980707632E-018   6.9281083119058799E-018  -5.2978123646726579E-018   1.1833690904009012E-017   3.0587869620636538E-016   3.0807227922833629E-016   1.6866127036428244E-002   1.3799434282343162E-016
   2.6173666795395020E-016  -1.2651753945994492E-016  0.18444460127397364       -1.8539282254394768E-015   1.0390439648378816E-016   1.0738360053135773E-017  -3.5290278550666819E-017   1.1655244930600442E-016  -9.8374150261396288E-018   5.6085189389730899E-017  -2.6864879780814993E-015   1.2575200613360803E-017  -8.0298031340341438E-017  0.12323275411460077        5.9136911645607921E-015  -6.9255347450513464E-015  -3.1900488386214048E-017  -5.8914101406674069E-018  -1.4255175922304221E-015   7.6010220099591269E-018   2.0333594593020458E-018   5.3061136285010570E-017  -2.1817160816949144E-017  -1.9258078181952515E-015   5.7191933192218405E-018  -4.1694027145409356E-015   2.3068591869618863E-015  -1.8538192112132385E-015  -7.9964318515138837E-003   5.0176492678806999E-018  -3.6947392457584480E-018   1.8658453169814222E-017  -4.3081651644209111E-018   1.1894656051182588E-017   1.6920544938322386E-017  -3.8306617053757797E-017   4.5655801211687169E-016  -2.7385002009927302E-016   1.6866127036428036E-002
  -1.6951464178860437E-016   1.1089847029086065E-016  -2.8991408388927815E-015   4.3549073035909994E-003   4.2895515475633691E-014  -9.8928727523883360E-016  -2.8229580060826189E-016   4.1867212265458238E-014   3.7931022836202199E-016   4.2120316590629810E-014   1.0537792060283735E-003  -3.0304883333176472E-015   6.3429385942110672E-015   5.9136911645607921E-015   1.8769255779035721        1.8519772361600794E-004   1.7795848639838548E-015  -1.2143850260125810E-015  -8.5841571806894513E-017   1.1114644425103319E-016  -2.8847952756367374E-016   3.8325046761812096E-016  -5.1448977400054834E-015  -5.8797627815726502E-016  -1.3371830078430307E-015  -1.8674482372042019E-015   2.9418457811939037E-015   3.9267734581832303E-015  -2.9768158325591883E-015   5.7602907986946519E-014  -9.3681270885379441E-016   4.2187223695653916E-016   5.6684124165608940E-014   1.0613017351197800E-015   5.7787197402519273E-014   9.0286445490295131E-002   1.9067267629083969E-016  -8.8883328965375799E-016  -2.5609857701608884E-015
   4.0897024690188406E-015  -3.1657802531463219E-015   4.1106450407037270E-015  -5.1224026048579251E-004   3.5810181495861757E-015   1.9124469947216143E-016   1.2426330631662118E-015   7.1689719834889587E-016  -4.2947797260900314E-015   5.7323044936350932E-016  -3.9942718690071067E-004  -2.4522898457727692E-015   3.8402277970138957E-015  -6.9255347450513464E-015   1.8519772361600794E-004   2.0004646638694195        4.3466147625119175E-015   8.6813622872772536E-016  -2.7621229667598271E-015  -2.9682416798008840E-015   3.1289821257995593E-016  -2.3264836230164617E-015  -1.4566384377088928E-015  -2.4470251497112402E-015   1.0060463625008552E-015   4.6717970822755936E-015   1.4637803846385745E-015   2.1341795384339194E-015  -3.8322415400263652E-015  -1.0678299321322897E-015  -1.0696079675819317E-015  -3.0015725006466188E-016   3.0911601171990810E-015  -2.7579962885737850E-016   4.0622413453208921E-015  -2.0768359408055905E-003  -2.0861827992513219E-015  -1.1416196498675353E-015   3.0839873034522284E-015
   1.3834338791460143E-014  -2.8514829257418759E-017  -4.7365773833792759E-017  -3.1340346797950372E-016   5.8328379835599109E-029   1.6525409720644094E-029  -3.1764072904245228E-031   4.7221117150297246E-029  -2.0264731879891766E-029   6.4638745240907866E-029  -5.3181420465104885E-016   9.2547473200382902E-015  -1.9780147294020701E-017  -3.1900488386214048E-017   1.7795848639838548E-015   4.3466147625119175E-015   1.0032328958468686E-027   5.2948325470137875E-030  -1.6020241334972656E-030   4.3035577727560839E-028   1.1801634170852990E-029   4.4444926846659723E-028  -6.0097988085884119E-031  -1.6730645993953758E-029   9.7287444777374779E-030   7.9999760563065026E-030  -2.3000026692847191E-014   1.4048936614245646E-015   4.9150510295715620E-016   7.5387640132161429E-029  -4.7116645276262327E-030   5.9918623323182553E-031   9.3427402577490754E-029   3.2343822916461258E-030   6.8919766682017429E-029  -9.9114080870080331E-018  -1.9471761172991597E-015   1.9867891001443397E-016   6.5856767818790823E-017
   1.3713290839167800E-017  -2.0711223628404940E-015  -9.4781241300256899E-018  -4.4526186629729902E-017  -3.2725212600727757E-029   1.3519664629039436E-030   1.1380934380046944E-030  -3.0903668229146985E-029  -4.2486773719495720E-030  -3.1370300272211550E-029  -7.0599173933056089E-017   9.2126963116443238E-018  -1.3853846663270607E-015  -5.8914101406674069E-018  -1.2143850260125810E-015   8.6813622872772536E-016   5.2948325470137875E-030   2.2826174015735873E-029  -1.8266616242723079E-030  -1.1454834541465164E-031   5.8431946964064483E-031   2.8021409901638312E-031   5.4958432155649395E-029  -1.0761691893635945E-030   2.5211948874020401E-029   1.9943942431626687E-030  -9.7794194658554577E-017   3.1879966441600891E-015  -8.4959965618970460E-016  -3.6130015679221668E-029  -7.9691906916202508E-032  -3.8903203719513651E-031  -3.4647529345057784E-029  -6.7189262058465673E-031  -3.5403356996609047E-029  -7.1250262140979900E-017  -1.2684583116807033E-017   2.5489762389085180E-016  -1.2275937885284839E-016
  -1.9172215432413197E-017   4.0954087712946012E-018  -2.1322455471677057E-015   9.0109322379167498E-017  -6.9408999872445652E-030  -8.4508941534658322E-031  -1.3570707429337346E-030  -4.2168867069894790E-030   7.0601714153818286E-030  -1.9443521157434188E-030   1.5113501126621626E-016  -1.2628636470129479E-017   2.6954140350157179E-018  -1.4255175922304221E-015  -8.5841571806894513E-017  -2.7621229667598271E-015  -1.6020241334972656E-030  -1.8266616242723079E-030   2.2194157269930957E-029   6.0854826651613849E-030  -5.2015048110613147E-031   4.3261460860670990E-030   2.3739920055299251E-030   2.6840300053417655E-029  -2.5396694076955882E-031   4.7709847566615240E-029  -3.4763875349181740E-016   7.8517413232068469E-017   1.8319420826671549E-015  -2.0347271923265981E-030   1.9167174860800622E-030   1.9900810777984333E-031  -7.1351460088402407E-030  -3.9834840589812161E-031  -9.0455818867833111E-030   2.4514557305207007E-017  -5.1724225450220584E-017   1.1659460793351409E-017   5.4468275155479200E-017
   6.0653950236545287E-015   3.4928761738552291E-017   1.1755761154350376E-017  -2.0896506539905451E-016   1.6327962332964006E-030   7.1049604837971242E-030  -3.1968460640980773E-030   3.1053235138904100E-030   1.3920563950020851E-030   1.1280644981531179E-029  -3.5235750252203533E-016   4.0576298373178055E-015   2.3096138483543325E-017   7.6010220099591269E-018   1.1114644425103319E-016  -2.9682416798008840E-015   4.3035577727560839E-028  -1.1454834541465164E-031   6.0854826651613849E-030   1.9672996687111861E-028   4.5432793848958321E-030   2.0127719119458569E-028   3.5076468771851726E-030  -1.3783105895630212E-030   1.7896633494471950E-030  -7.2018710072968077E-030  -1.0213079695495605E-014   4.6236019666838771E-016   4.8757619837370844E-016   1.6192382200219004E-029   9.6923576721229684E-031   9.1172355911199049E-031   1.5255962793591773E-029   1.7647572330070527E-030   1.1511761923155102E-030  -5.1937849093903990E-017  -8.7222415204498527E-016   6.9714217982851056E-017   7.1067155918951140E-017
   5.4952085143999836E-018  -6.1246241636252913E-018   2.8583608401387288E-018  -2.3639537872629213E-017  -5.9906867832316946E-030   8.7525705580581533E-031   6.4252121168513183E-032  -6.0444313736382157E-030  -1.2296247177065954E-030  -5.6340975643441812E-030  -3.8705849277813871E-017   4.1087509740909568E-018  -4.1047672481777453E-018   2.0333594593020458E-018  -2.8847952756367374E-016   3.1289821257995593E-016   1.1801634170852990E-029   5.8431946964064483E-031  -5.2015048110613147E-031   4.5432793848958321E-030   5.4697889578579984E-031   5.2407234697126254E-030   8.3541572352661949E-031  -8.0599335676460812E-031   5.0686174940777567E-031   2.7251616778424848E-031  -8.4263108018270240E-016   2.4789810228837842E-017  -2.3826333259042929E-016  -8.0503197713754041E-030  -1.3326471893457055E-031  -8.1919654011884536E-032  -7.0243911288524807E-030  -3.4377087074771101E-032  -8.0904567292934674E-030  -2.0784945704100176E-017  -1.2029778262405314E-016   2.9567628418915600E-018  -3.3888139161096005E-017
   6.0169347132629366E-015   7.3020406115946477E-017   7.9385459140525281E-017  -3.1026445149997008E-016   8.4589966966874448E-030   8.0284904060412745E-030  -3.1296173903691940E-030   8.8964252315391635E-030  -9.6339093982836715E-031   1.7553218113996258E-029  -5.2341664661813382E-016   4.0258336250390623E-015   4.8478507836215259E-017   5.3061136285010570E-017   3.8325046761812096E-016  -2.3264836230164617E-015   4.4444926846659723E-028   2.8021409901638312E-031   4.3261460860670990E-030   2.0127719119458569E-028   5.2407234697126254E-030   2.0705086426178569E-028   2.2864085245795972E-030  -3.7333003755529911E-030   1.7139981300876019E-030  -9.0845883312480796E-030  -1.1331329561781749E-014   5.9124754977606511E-016  -4.4715208065138168E-017   2.6507313086832323E-029   3.3289358293267780E-031   9.5980197922001811E-031   2.7579114277983269E-029   2.2164146698953759E-030   1.2188647262103711E-029  -6.8779913794291430E-017  -1.0373153298762564E-015   9.1916862898228949E-017   1.3405478229680800E-018
   1.7115227075589953E-017  -5.0865110626090191E-015  -3.2947863673381152E-017  -4.2679292330543238E-017  -1.3519154480599679E-028   3.2094863809191498E-030   9.1885741074264934E-031  -1.2582968059688484E-028  -1.9489003477249869E-030  -1.2608184289207195E-028  -5.4906680187046940E-017   1.1429063614594071E-017  -3.4023765586208886E-015  -2.1817160816949144E-017  -5.1448977400054834E-015  -1.4566384377088928E-015  -6.0097988085884119E-031   5.4958432155649395E-029   2.3739920055299251E-030   3.5076468771851726E-030   8.3541572352661949E-031   2.2864085245795972E-030   1.4297590370962819E-028   3.8742574725882728E-030   6.2508064639769186E-029   4.4918807200582794E-030   1.1035052786337379E-017   7.7957410209692282E-015  -3.7667891397521918E-016  -1.5424941760247292E-028   3.2032768368855068E-030  -8.8796453599349535E-031  -1.5646845888634265E-028  -2.9787925908596901E-030  -1.6101731491524403E-028  -2.5491561619154892E-016   3.2539115542417067E-018   6.2117212597869634E-016  -5.7233951290345797E-017
  -7.2540035174469862E-017   3.0168194023899536E-017  -2.8814393161481700E-015   4.9142269828089010E-017  -1.9280999434085794E-029  -1.0611791868428207E-030  -7.4822064918696851E-031  -1.6586494123447223E-029   6.2107124473111919E-030  -1.5196574183836391E-029   8.4013068620460077E-017  -4.8787430817222489E-017   2.0043111599899839E-017  -1.9258078181952515E-015  -5.8797627815726502E-016  -2.4470251497112402E-015  -1.6730645993953758E-029  -1.0761691893635945E-030   2.6840300053417655E-029  -1.3783105895630212E-030  -8.0599335676460812E-031  -3.7333003755529911E-030   3.8742574725882728E-030   3.4439345812879518E-029  -2.8341855103337794E-031   6.4146102401909715E-029   6.2224278487928922E-016   2.1664484892817227E-016   1.3486260670904391E-015  -1.7823922595040767E-029   1.9852274679722460E-030  -6.1731254489495103E-032  -2.2253947499659232E-029  -6.6924041154217461E-031  -2.3407092378512054E-029  -1.1389922497642152E-017   8.2146215547358638E-017   3.4013386529033701E-017  -8.8006026604082460E-017
   2.3830529974790653E-017  -2.5834189280456443E-015   9.3059892209136883E-018  -1.5341082684168270E-017  -3.3859460418606182E-029   9.0464604709829910E-031   1.0698174950038898E-030  -3.4252991948179300E-029  -3.4790983193590760E-030  -3.3371876458227346E-029  -2.1092889715857699E-017   1.6110524795738932E-017  -1.7274643854998752E-015   5.7191933192218405E-018  -1.3371830078430307E-015   1.0060463625008552E-015   9.7287444777374779E-030   2.5211948874020401E-029  -2.5396694076955882E-031   1.7896633494471950E-030   5.0686174940777567E-031   1.7139981300876019E-030   6.2508064639769186E-029  -2.8341855103337794E-031   3.0628128368309538E-029   7.5933126286388950E-030  -3.6450676339118452E-016   2.8241526897523788E-015   9.5982493247270895E-016  -4.0231584951645186E-029   2.9346083652835331E-031  -3.5007915634430391E-031  -3.7155420039709668E-029  -1.2391578711683583E-030  -3.8431610637501063E-029  -6.8817021901728218E-017  -4.9943480723692446E-017   1.5269111617657230E-016   1.3854902282056611E-016
  -1.2955736933923160E-016   7.6971889933999485E-017  -6.2361428900533111E-015   3.2367482791876352E-016  -3.5581663055764331E-029  -1.1570056538617033E-030   4.5021949453782637E-030  -4.4476796923512165E-029  -6.7134339514203979E-030  -3.9253601735498488E-029   5.5145954085040761E-016  -8.6444743244600695E-017   5.0878816695813195E-017  -4.1694027145409356E-015  -1.8674482372042019E-015   4.6717970822755936E-015   7.9999760563065026E-030   1.9943942431626687E-030   4.7709847566615240E-029  -7.2018710072968077E-030   2.7251616778424848E-031  -9.0845883312480796E-030   4.4918807200582794E-030   6.4146102401909715E-029   7.5933126286388950E-030   1.7281310290918021E-028  -2.1838725975005700E-016   1.0530577180988510E-015   5.7725587699060122E-015  -6.3616838481503753E-029  -2.6369628292545043E-031  -1.7610306215623112E-030  -5.1978892105053986E-029  -4.1883443818400821E-030  -5.1183602259190177E-029  -4.1356386928275283E-020  -4.3969579414522447E-017   1.5852697073458093E-016   2.1877220231735208E-016
  -1.0648851052389689E-002  -9.3379154591955766E-016  -1.7192264344192646E-015   3.0808505801374309E-015  -6.0834739627835481E-016  -1.1911183594057397E-015   3.3684333587500896E-016  -8.9624879514706984E-016   5.8963981681498453E-016  -2.1499181121103512E-015   3.5004121935158667E-015  -7.9964318514516436E-003   1.8000833428806601E-015   2.3068591869618863E-015   2.9418457811939037E-015   1.4637803846385745E-015  -2.3000026692847191E-014  -9.7794194658554577E-017  -3.4763875349181740E-016  -1.0213079695495605E-014  -8.4263108018270240E-016  -1.1331329561781749E-014   1.1035052786337379E-017   6.2224278487928922E-016  -3.6450676339118452E-016  -2.1838725975005700E-016   1.6990032141196996        6.5533350060009951E-016   2.7332765708656438E-015  -1.3312142550343709E-015   1.2881980302972478E-016  -4.8364185951849561E-017  -1.7277029692819479E-015  -1.4761272034927650E-016   2.2298783749006691E-016  -3.1003052636885796E-015  0.24259940832874977       -1.9555859934843129E-015  -1.5416926082313606E-015
   1.2721752322434604E-015  -1.0648851052376392E-002   9.3539202294516844E-016   2.0248441579000499E-015  -2.8304633096697462E-015  -1.2513969171308345E-017   2.4176917784870860E-016  -1.7817061781280108E-015  -7.7536103709056073E-016  -1.6833042565047977E-015   2.3443747640187586E-015  -4.0325814279937227E-015  -7.9964318515132575E-003  -1.8538192112132385E-015   3.9267734581832303E-015   2.1341795384339194E-015   1.4048936614245646E-015   3.1879966441600891E-015   7.8517413232068469E-017   4.6236019666838771E-016   2.4789810228837842E-017   5.9124754977606511E-016   7.7957410209692282E-015   2.1664484892817227E-016   2.8241526897523788E-015   1.0530577180988510E-015   6.5533350060009951E-016   1.6990032141196398       -3.9857308004245658E-015   6.3690526015673433E-016   2.4045875808326218E-017  -2.6030820514937607E-017   2.0820770790714714E-016  -1.2649176164475824E-016   7.3995123284160722E-017  -1.8253596902345565E-015   9.6964770733996725E-016  0.24259940832876864       -7.2040348922671604E-016
  -2.5101631862744521E-015   1.2617547880808550E-015  -1.0648851052375789E-002   3.9654753836237934E-015   6.7416176907527099E-016  -7.2444848780691575E-016  -7.8518245059879448E-017  -1.3035748137511093E-015   8.8923086318836052E-016  -1.7273690361353198E-016  -6.8424136327086502E-015   4.9583699038791292E-016   8.1971271128051656E-016  -7.9964318515138837E-003  -2.9768158325591883E-015  -3.8322415400263652E-015   4.9150510295715620E-016  -8.4959965618970460E-016   1.8319420826671549E-015   4.8757619837370844E-016  -2.3826333259042929E-016  -4.4715208065138168E-017  -3.7667891397521918E-016   1.3486260670904391E-015   9.5982493247270895E-016   5.7725587699060122E-015   2.7332765708656438E-015  -3.9857308004245658E-015   1.6990032141196447        1.1670449060413237E-016   4.1847114266901435E-016   6.9596974984923773E-017   1.3880960511602621E-015  -4.7298116248953037E-016   1.0134788129226500E-015   4.4475197184837827E-015   3.2410794578362250E-016  -1.7906309768645448E-015  0.24259940832876911     
   1.0859381153387775E-017   2.0854258387117155E-017   7.6009230277145853E-018  -3.7616441184088346E-015   1.2932594211704133E-027  -2.9517964289520424E-029  -1.3032241410567948E-029   1.2299305863821559E-027   1.2130035014772509E-030   1.2401216160658259E-027  -6.5164613802896775E-015   7.9461875786118698E-018   1.3602276291756260E-017   5.0176492678806999E-018   5.7602907986946519E-014  -1.0678299321322897E-015   7.5387640132161429E-029  -3.6130015679221668E-029  -2.0347271923265981E-030   1.6192382200219004E-029  -8.0503197713754041E-030   2.6507313086832323E-029  -1.5424941760247292E-028  -1.7823922595040767E-029  -4.0231584951645186E-029  -6.3616838481503753E-029  -1.3312142550343709E-015   6.3690526015673433E-016   1.1670449060413237E-016   1.8238903982550215E-027  -2.6112058569783862E-029   1.5812411469467717E-029   1.8314365064203601E-027   3.8530494364126476E-029   1.8407779350898109E-027   1.6518720994971856E-015  -1.8983741071683474E-016   9.3369704196679884E-017   1.7477887545029913E-017
  -2.2033718120446052E-018   9.6435512846472759E-018  -5.2050576540400255E-018  -1.5482719478258146E-016  -2.4056287366927905E-029   1.2400227235816625E-031  -6.5168959687053398E-031  -2.3831005219951629E-029   1.8875161892485802E-030  -2.3645947128901378E-029  -2.5740576617961714E-016  -1.5389505153881170E-018   6.4304365427857609E-018  -3.6947392457584480E-018  -9.3681270885379441E-016  -1.0696079675819317E-015  -4.7116645276262327E-030  -7.9691906916202508E-032   1.9167174860800622E-030   9.6923576721229684E-031  -1.3326471893457055E-031   3.3289358293267780E-031   3.2032768368855068E-030   1.9852274679722460E-030   2.9346083652835331E-031  -2.6369628292545043E-031   1.2881980302972478E-016   2.4045875808326218E-017   4.1847114266901435E-016  -2.6112058569783862E-029   1.2364462021634659E-030   6.7306532571858050E-032  -2.6119076095958108E-029  -2.8547011080525301E-031  -2.8014030921476272E-029  -8.7921894311004668E-017   1.8257754182816782E-017   4.3899987827191454E-018   5.9501006398329500E-017
   1.7650583839718630E-021  -9.0099108777060024E-018   2.7981440883244027E-017  -1.9097321425578755E-016   8.1829413395644865E-030  -2.4114630118263493E-031  -4.4570506737837589E-031   6.6266779071505363E-030   1.6653267650533810E-031   6.8390960003304574E-030  -3.2253155794135432E-016   2.6282664786359456E-020  -6.0060670980707632E-018   1.8658453169814222E-017   4.2187223695653916E-016  -3.0015725006466188E-016   5.9918623323182553E-031  -3.8903203719513651E-031   1.9900810777984333E-031   9.1172355911199049E-031  -8.1919654011884536E-032   9.5980197922001811E-031  -8.8796453599349535E-031  -6.1731254489495103E-032  -3.5007915634430391E-031  -1.7610306215623112E-030  -4.8364185951849561E-017  -2.6030820514937607E-017   6.9596974984923773E-017   1.5812411469467717E-029   6.7306532571858050E-032   2.7939963905228437E-031   1.6911916062401876E-029   5.5318553845705480E-031   1.5844496208094353E-029  -3.4609964605658488E-017  -6.9353177121483813E-018  -4.6127613480763676E-018   1.2712963364266521E-017
   4.2104083341783427E-017   1.0531525104511716E-017  -5.3699151916159091E-018  -6.4779743263796829E-015   1.2666026840010864E-027  -2.8845033847383522E-029  -1.2957036604573048E-029   1.1725979365743064E-027  -1.5569303599292309E-029   1.1843543375093216E-027  -1.1078974141020504E-014   2.9026767901729853E-017   6.9281083119058799E-018  -4.3081651644209111E-018   5.6684124165608940E-014   3.0911601171990810E-015   9.3427402577490754E-029  -3.4647529345057784E-029  -7.1351460088402407E-030   1.5255962793591773E-029  -7.0243911288524807E-030   2.7579114277983269E-029  -1.5646845888634265E-028  -2.2253947499659232E-029  -3.7155420039709668E-029  -5.1978892105053986E-029  -1.7277029692819479E-015   2.0820770790714714E-016   1.3880960511602621E-015   1.8314365064203601E-027  -2.6119076095958108E-029   1.6911916062401876E-029   1.8755192648295540E-027   4.1173665599015112E-029   1.8700460791527721E-027   8.2319903338948083E-016  -2.4364308000841112E-016   3.0885775505243159E-017   1.9853043794374278E-016
   1.3087633066696410E-017  -8.0278658204375763E-018   1.7436080119469086E-017  -4.1267920547868309E-016   2.1635147099186093E-029  -2.6976650123478036E-031  -7.3302807624405995E-031   1.8339108323822442E-029  -7.2018778194721733E-031   1.8418198991330137E-029  -6.9738081023146348E-016   8.8205486932833760E-018  -5.2978123646726579E-018   1.1894656051182588E-017   1.0613017351197800E-015  -2.7579962885737850E-016   3.2343822916461258E-030  -6.7189262058465673E-031  -3.9834840589812161E-031   1.7647572330070527E-030  -3.4377087074771101E-032   2.2164146698953759E-030  -2.9787925908596901E-030  -6.6924041154217461E-031  -1.2391578711683583E-030  -4.1883443818400821E-030  -1.4761272034927650E-016  -1.2649176164475824E-016  -4.7298116248953037E-016   3.8530494364126476E-029  -2.8547011080525301E-031   5.5318553845705480E-031   4.1173665599015112E-029   1.4092442201400860E-030   3.9224059405876140E-029  -6.8051223226921882E-017  -1.9889729126472799E-017  -1.8923090688002018E-017  -6.6123337995195606E-017
   4.5744161951266020E-017   1.7769773642700792E-017   2.6113494757862914E-017  -4.8661570742206456E-015   1.3015285799535759E-027  -3.0567249196888460E-029  -1.0682983524759721E-029   1.2195085046922883E-027  -1.1916610803631991E-029   1.2291210908059183E-027  -8.3727363567446893E-015   3.0446221865974485E-017   1.1833690904009012E-017   1.6920544938322386E-017   5.7787197402519273E-014   4.0622413453208921E-015   6.8919766682017429E-029  -3.5403356996609047E-029  -9.0455818867833111E-030   1.1511761923155102E-030  -8.0904567292934674E-030   1.2188647262103711E-029  -1.6101731491524403E-028  -2.3407092378512054E-029  -3.8431610637501063E-029  -5.1183602259190177E-029   2.2298783749006691E-016   7.3995123284160722E-017   1.0134788129226500E-015   1.8407779350898109E-027  -2.8014030921476272E-029   1.5844496208094353E-029   1.8700460791527721E-027   3.9224059405876140E-029   1.8772793580403065E-027   1.3380492969024860E-015   3.6444125919006490E-017   1.2346394248802505E-017   1.4788448023486702E-016
  -1.2735074454476496E-016   1.9741300781852960E-016   4.5170185419173221E-016   8.0738611842186864E-002   2.4888785807592291E-015  -4.9219773858390387E-017   5.7932677004532647E-017   3.1409355615026630E-015   2.7164400811947638E-016   3.1273712498663168E-015  0.13543125878598908        5.7764263453982516E-016   3.0587869620636538E-016  -3.8306617053757797E-017   9.0286445490295131E-002  -2.0768359408055905E-003  -9.9114080870080331E-018  -7.1250262140979900E-017   2.4514557305207007E-017  -5.1937849093903990E-017  -2.0784945704100176E-017  -6.8779913794291430E-017  -2.5491561619154892E-016  -1.1389922497642152E-017  -6.8817021901728218E-017  -4.1356386928275283E-020  -3.1003052636885796E-015  -1.8253596902345565E-015   4.4475197184837827E-015   1.6518720994971856E-015  -8.7921894311004668E-017  -3.4609964605658488E-017   8.2319903338948083E-016  -6.8051223226921882E-017   1.3380492969024860E-015   2.7500624894245592E-002  -4.5137515469000314E-016  -2.9710662513909627E-016   5.8318482817148359E-016
   2.5433149963642404E-002  -4.7350792045770736E-017  -7.6548258378265026E-017   4.0663829339371275E-016  -7.6007514589376235E-017  -1.6784035428965035E-016   5.1859241882511966E-017  -1.2765894579631932E-016   8.0356096841451842E-017  -3.0668026728426453E-016   3.6813407604842379E-016   1.6866127036440227E-002   3.0807227922833629E-016   4.5655801211687169E-016   1.9067267629083969E-016  -2.0861827992513219E-015  -1.9471761172991597E-015  -1.2684583116807033E-017  -5.1724225450220584E-017  -8.7222415204498527E-016  -1.2029778262405314E-016  -1.0373153298762564E-015   3.2539115542417067E-018   8.2146215547358638E-017  -4.9943480723692446E-017  -4.3969579414522447E-017  0.24259940832874977        9.6964770733996725E-016   3.2410794578362250E-016  -1.8983741071683474E-016   1.8257754182816782E-017  -6.9353177121483813E-018  -2.4364308000841112E-016  -1.9889729126472799E-017   3.6444125919006490E-017  -4.5137515469000314E-016   3.7272882127738764E-002  -1.4482170520806963E-016  -2.2138737794403042E-016
   2.1929460327393237E-016   2.5433149963634129E-002   1.5075738895054241E-016   3.2042156019885182E-016  -3.9514088413744315E-016  -4.6812520575336490E-018   3.4845492341021379E-017  -2.4264464938615759E-016  -1.0971376938808009E-016  -2.2925644629809079E-016   4.3066570204764254E-016  -5.6359223420661601E-016   1.6866127036428244E-002  -2.7385002009927302E-016  -8.8883328965375799E-016  -1.1416196498675353E-015   1.9867891001443397E-016   2.5489762389085180E-016   1.1659460793351409E-017   6.9714217982851056E-017   2.9567628418915600E-018   9.1916862898228949E-017   6.2117212597869634E-016   3.4013386529033701E-017   1.5269111617657230E-016   1.5852697073458093E-016  -1.9555859934843129E-015  0.24259940832876864       -1.7906309768645448E-015   9.3369704196679884E-017   4.3899987827191454E-018  -4.6127613480763676E-018   3.0885775505243159E-017  -1.8923090688002018E-017   1.2346394248802505E-017  -2.9710662513909627E-016  -1.4482170520806963E-016   3.7272882127743427E-002  -2.7468212629664739E-016
  -4.1357468131726176E-016   2.1071341009260794E-016   2.5433149963633571E-002   6.3668155087271499E-016   1.1191499322669602E-016  -1.0237219440462952E-016  -1.6424104075711588E-017  -1.6999636111184550E-016   1.2614640840110358E-016  -1.6585612620686884E-017  -7.9389858153395196E-016   1.2905178917401796E-017   1.3799434282343162E-016   1.6866127036428036E-002  -2.5609857701608884E-015   3.0839873034522284E-015   6.5856767818790823E-017  -1.2275937885284839E-016   5.4468275155479200E-017   7.1067155918951140E-017  -3.3888139161096005E-017   1.3405478229680800E-018  -5.7233951290345797E-017  -8.8006026604082460E-017   1.3854902282056611E-016   2.1877220231735208E-016  -1.5416926082313606E-015  -7.2040348922671604E-016  0.24259940832876911        1.7477887545029913E-017   5.9501006398329500E-017   1.2712963364266521E-017   1.9853043794374278E-016  -6.6123337995195606E-017   1.4788448023486702E-016   5.8318482817148359E-016  -2.2138737794403042E-016  -2.7468212629664739E-016   3.7272882127743365E-002
