 6.0379030652521675E-006 -1.7557950693575850E-015 -1.5362771028200536E-015  2.4157881752763633E-015 -7.8763506841786180E-006 -2.3204815897638425E-007 -6.9514632207688461E-006  3.2789933292346660E-003 -1.6295093406776061E-004  2.2980976235189256E-017 -4.7140612571592333E-017 -8.4665818988974236E-018 -1.4224014415517489E-015 -1.9249327789255815E-015  2.2812086102460360E-015  1.6682673904856703E-016  7.9063961383582889E-016 -5.1393418715123383E-016  2.2828981579265926E-005 -5.4646682142390230E-015 -4.4397231649742734E-015  2.6901666659260619E-015 -1.0471535908204473E-005  4.4417937196183891E-005 -6.9357929360009136E-005 -1.9401436005569637E-005 -6.1773069062889352E-005  2.9872971914058130E-005  3.2963151971028168E-014  3.4888639420524137E-014  7.5212731815214952E-015 -2.8270713917385268E-007  1.1991558337327384E-006 -1.8724499066797641E-006 -5.2377087413203082E-007 -1.6676964079803258E-006  8.0647801285618556E-007 -1.0747365910916966E-004  4.5587959046407636E-004 -7.1184907121548573E-004 -1.9912498762880693E-004 -6.3400244890837959E-004  3.0659864673733057E-004  4.7018964923924726E-009 -1.9944639178419230E-008  3.1143006510594794E-008  8.7117494743854160E-009  2.7737194519790498E-008 -1.3413645798371142E-008 -8.5930918501920340E-018  2.2627297713567269E-018 -3.4113565853743419E-018 -2.2999478990553104E-019 -9.9251028410619254E-018  3.9876199773107577E-018 -6.6069514547609997E-018 -1.2572211939607961E-018  4.2282212186611073E-018  5.4306097633234328E-018  1.7769273917526873E-007  1.4237441035061675E-007 -2.2231478172403298E-007 -7.3159905489563088E-008  2.0788061905616001E-007 -2.3897873736481398E-007  1.9164477131987636E-007  1.3018578148598584E-007 -4.4813375764531607E-007  1.2528002928944650E-007  1.2640595734212355E-007 -2.6652511316601570E-007 -1.4888734389655415E-007  1.1158004801379490E-007  2.2080247988656158E-007 -9.7660005324896859E-019 -2.6198057184250627E-019  1.5566152965445924E-019 -4.3809180882708727E-019 -1.6669580979859831E-019  3.6084956815505428E-020 -1.1403138436541002E-018  2.6881676645017272E-019  1.2337107343240071E-019  3.3770033715182701E-019
-1.7557950693575850E-015  2.1374383492325763E-001  1.9036865407803832E-001 -2.9725617481898164E-001  2.1611924296259946E-015 -6.5743240272357777E-015 -1.5299353324087239E-015  1.0695525429486979E-014  9.3165904250762774E-015 -1.7165241260839808E-003 -1.5347893251014915E-003  2.3965393265908751E-003  1.8273852390860199E-001  1.6272259242600018E-001 -2.5408740850962980E-001 -2.6261872108505450E-002 -2.3353921984949198E-002  3.6466550679874067E-002  1.5627145779920304E-014 -5.9900903864007959E-003 -7.1293583363797120E-003  1.1132328453748758E-002 -1.0837285807819089E-015  6.0108349865692413E-016  1.2266056152553413E-015 -6.7187515194414767E-016  6.4020103546087013E-016 -1.8398043434664963E-015 -3.7931194637033454E-004 -3.4061586884427512E-004  5.3186386221048263E-004 -4.8150278761786275E-016 -3.1558860011509961E-016  2.0386385471059787E-016  1.4110263473854296E-015  6.2077196244496267E-017 -5.6503860277622533E-016 -1.0103691918108515E-015  7.2074679389816278E-015  1.2175933335602481E-014 -4.8511253428847535E-015  8.7470353767860350E-015 -8.1229256733106816E-015  1.3320003305929334E-015  3.0609405833623631E-016 -1.9968008302059885E-016 -5.0335942548271825E-016 -1.5250203788502227E-016  1.4044007182163340E-015  1.9374136104692612E-004 -4.8660967523956221E-005  7.5983263839815373E-005 -9.7696535355851129E-006  3.0137200844779493E-004 -2.5016165839740403E-004  2.0175107080187561E-004  1.3535178730442081E-005 -2.2201649788445991E-004 -6.6723107770238932E-005  3.2352340921133005E-016  1.1211241796453785E-016 -7.1821477906512258E-017 -1.1671939386078986E-016 -4.0209248515725257E-017  2.0964594511580506E-016  1.1519308871456443E-016 -3.3463000739953521E-017  5.6837137175233041E-017 -7.5571301288900322E-017 -6.8821157992125384E-016 -1.0062264738276450E-016 -9.2957175769680913E-017 -1.0571997553606422E-016  3.5246533908043025E-016 -1.7318569118477154E-005  4.0990606569860724E-006 -6.4005846795799857E-006  9.4204117778184880E-007 -2.6767315953421391E-005  2.2293257526496020E-005 -1.7949079833598429E-005 -1.3181559584585312E-006  1.9982156912784679E-005  5.7532095737244285E-006
-1.5362771028200536E-015  1.9036865407803832E-001  1.6955343620324206E-001 -2.6475053552860028E-001  1.8855944523367941E-015 -5.8691760069683906E-015 -1.4088120180395997E-015  2.3686688279760598E-014  8.2198934310011155E-015 -1.5347910701089254E-003 -1.3602505296098732E-003  2.1344722971680715E-003  1.6272250874861327E-001  1.4496571730473756E-001 -2.2630237207269915E-001 -2.3353877223455399E-002 -2.0840761366001263E-002  3.2478850366814756E-002  4.1064841148838091E-015 -7.1293611919806404E-003 -4.3351446694519739E-003  9.9149830314380332E-003 -9.8036345939153224E-016 -2.0084144067843878E-016  3.7018278252055330E-016 -1.1548229295556912E-015 -1.6345520402038008E-017 -1.0753304631538406E-015 -3.4061604940787110E-004 -3.0024436633896000E-004  4.7370334125864137E-004 -4.3851617553678171E-016 -2.4409543374290740E-016  1.7946440074285464E-016  1.2498749729101420E-015  6.0790602282075030E-017 -4.8261135948829662E-016 -1.0268088869233462E-015 -1.4188710743881208E-015  3.3733530510586518E-015 -1.0039311638800542E-014  1.7344105769851665E-015 -1.4557514874639973E-015  1.1961244697421028E-015  2.6367793328190114E-016 -1.8003438394432636E-016 -4.3865273399388990E-016 -1.3883791636813067E-016  1.2493687279981202E-015  1.7293344212326446E-004 -4.2346142993208932E-005  6.5826299483343862E-005 -9.9983931128376295E-006  2.6866396633808283E-004 -2.2201616611835376E-004  1.7960943267765839E-004  1.3903097770586300E-005 -1.9862519761673042E-004 -5.9426784165228530E-005  2.8870854636824352E-016  1.0086541009389387E-016 -6.5225666789646427E-017 -1.0058496764083024E-016 -3.6837661267948077E-017  1.8485702580460980E-016  1.0441419595059626E-016 -3.2697252161175473E-017  4.6847710886957212E-017 -6.3991506716357834E-017 -6.1213818214041024E-016 -9.2340563434035653E-017 -8.3211491903600290E-017 -9.0895593354734439E-017  3.1647180402497400E-016 -1.5364057077793491E-005  3.8102864343011311E-006 -5.9972524139133254E-006  6.3086147238250332E-007 -2.3800500407694705E-005  1.9982184159598215E-005 -1.5999097993186781E-005 -8.7742627862817275E-007  1.7654755967139210E-005  5.1240829462918176E-006
 2.4157881752763633E-015 -2.9725617481898164E-001 -2.6475053552860028E-001  4.1340376057050532E-001 -2.8989290953466745E-015  9.1098996353844514E-015  2.1711411558420126E-015 -2.2702705854313846E-014  1.0259249416164776E-015  2.3965401486016149E-003  2.1344706024636084E-003 -3.3262221870044230E-003 -2.5408736927554820E-001 -2.2630245350122810E-001  3.5340304082937224E-001  3.6466529869035709E-002  3.2478894082639681E-002 -5.0755604662502597E-002  1.2017387480938193E-014  1.1132329757611381E-002  9.9149802213314795E-003 -1.3467410577767545E-002  1.8837522787289020E-015 -2.3513274631570387E-016 -3.2128230795509301E-016  4.3168181083452926E-016  2.6543945469630386E-016  2.6917312876415526E-015  5.3186394630487792E-004  4.7370316500463432E-004 -7.3655223475601272E-004  6.5763740685359125E-016  3.7855973232642997E-016 -3.0188325311414487E-016 -1.9263827372519725E-015 -8.9649287063890764E-017  7.5666023675088261E-016  5.4036499503988877E-015 -3.5552747311604079E-015 -2.4902742512089397E-015  1.3653877450162725E-015 -1.4060770337420515E-016  1.2708582947299962E-014 -1.8460861155924123E-015 -4.0396344353780749E-016  2.8488251974932165E-016  6.8257344299470408E-016  2.1246771286725685E-016 -1.9491008889228095E-015 -2.7003150145204108E-004  6.5826025083750225E-005 -1.0297609027493512E-004  1.3537336891734025E-005 -4.1840907855158501E-004  3.4874793898493576E-004 -2.8058035229159845E-004 -1.8859360321665500E-005  3.1061201958106516E-004  9.0810783425285331E-005 -4.5106358456131408E-016 -1.5935013287449221E-016  1.0225393748541177E-016  1.5953250842913718E-016  5.6536738074821333E-017 -2.8606330366898996E-016 -1.6018099123965218E-016  4.5649691185177081E-017 -7.2873920497682174E-017  1.0313345387515438E-016  9.5369201352399821E-016  1.4078467179119459E-016  1.3343960556239457E-016  1.4660764497679643E-016 -4.9759261769191545E-016  2.3990613740000705E-005 -5.9972543572546669E-006  9.3340962335064413E-006 -1.3180760193778657E-006  3.7341001985660084E-005 -3.0868709883463647E-005  2.4962242418406837E-005  1.8274727803498962E-006 -2.7493108172736918E-005 -8.3193423288185577E-006
-7.8763506841786180E-006  2.1611924296259946E-015  1.8855944523367941E-015 -2.8989290953466745E-015  1.8067619352464279E-004 -8.0316842353760754E-005  3.8213536917113046E-005  1.7624425045102163E-003 -2.6516302085488082E-005 -2.9229744651989170E-016 -1.1643746003171387E-016  1.2719160732278472E-016 -7.6132140026673720E-016  6.3101851241012253E-016 -1.7626313695680661E-015  2.2250112753148762E-015  6.8224284836593409E-016 -3.3532046998007703E-016  1.1829866723262460E-007 -1.1042483439182644E-014  5.3076375764701047E-015  2.6211776784033989E-015  1.7167685556236163E-004 -7.2819936075729623E-004  1.1370643339046796E-003  3.1806486655617107E-004  1.0127258747696208E-003 -4.8974172211781121E-004  2.6136054994776213E-014  1.3499191448938471E-014 -1.1057265661881430E-015  1.1746905549284550E-006 -4.9827249804470802E-006  7.7804213785698629E-006  2.1763946695018709E-006  6.9295981967724910E-006 -3.3510852254173315E-006  1.7875646265026034E-003 -7.5822882412651038E-003  1.1839545612174195E-002  3.3118121287644014E-003  1.0544886384944831E-002 -5.0993767552693983E-003 -8.7464078415873809E-007  3.7099712935273136E-006 -5.7930325823442699E-006 -1.6204604277322510E-006 -5.1595513923696795E-006  2.4951012128594697E-006  4.2905033593703233E-017  1.4255814383798700E-017 -2.6539122091181917E-017  1.0578206102416116E-017 -6.1015328543466017E-019  1.9586014230665073E-017  2.7260178814546464E-017 -1.1967288696039914E-017  9.0390301160662191E-018 -4.0334449087301239E-017 -2.9533193125264758E-006 -2.3663389975469842E-006  3.6949793765087766E-006  1.2159567271600006E-006 -3.4550523281897939E-006  3.9719034314749859E-006 -3.1852053425870918E-006 -2.1637781027826160E-006  7.4481783154945727E-006 -2.0821944000683612E-006 -2.1009433244207599E-006  4.4297481654594318E-006  2.4746026114606909E-006 -1.8545042080070270E-006 -3.6698350019090889E-006  7.8814346340843887E-018  7.4679689989146633E-018 -3.2828172127673584E-018  2.5947722419906998E-018 -7.5039957846839544E-019  4.8715812570958561E-018  1.3892629782842509E-017 -6.0231095570730482E-019  7.0564077543833142E-018 -4.9628387388401160E-018
-2.3204815897638425E-007 -6.5743240272357777E-015 -5.8691760069683906E-015  9.1098996353844514E-015 -8.0316842353760754E-005  3.8151402406533105E-005 -1.3522138580791792E-005 -2.9830397923480364E-003  1.3190667741330649E-004  1.8578052117008680E-016  9.4513407105703934E-017 -1.4464586256241497E-016 -4.4550426090546112E-015 -4.4173908782377167E-015  7.3086409755340338E-015 -3.0416153430140620E-016  2.0885395274190125E-016 -6.7344311416949758E-016 -1.1221100615899167E-006  6.7515468436592201E-015 -1.5614376508439080E-014 -4.0433821328591077E-016 -7.4359428811425073E-005  3.1540367243453190E-004 -4.9249140015374636E-004 -1.3776005439412230E-004 -4.3864063547983375E-004  2.1211948320502063E-004  2.9841787155247784E-014  5.0266687111446571E-014  1.6502154571761950E-014 -3.7049191766332007E-007  1.5715556445334782E-006 -2.4539832337424729E-006 -6.8645216806709267E-007 -2.1856090056893648E-006  1.0569440864924879E-006 -7.7528092394363248E-004  3.2884390127600944E-003 -5.1347782646511764E-003 -1.4363039141102672E-003 -4.5733233407825825E-003  2.2115848380554592E-003  4.1082517970736623E-007 -1.7425960286915897E-006  2.7210262269296969E-006  7.6113857440834978E-007  2.4234769656326937E-006 -1.1719637546829620E-006 -2.7200903138215495E-017 -6.3526073379234370E-018  1.4007400215988536E-017  3.2177415381870624E-018 -1.4779886081131620E-017 -3.1592681823257803E-018 -2.0438592688801621E-017 -4.7355633616864781E-018  6.9900470495070176E-018  2.4491773444127149E-017  1.2807651498585577E-006  1.0262181403861796E-006 -1.6024098286861452E-006 -5.2732847620396392E-007  1.4983514572779749E-006 -1.7224893695276745E-006  1.3813262358731698E-006  9.3838097331616023E-007 -3.2300597308048800E-006  9.0298194650382295E-007  9.1112659270854608E-007 -1.9210483136032066E-006 -1.0731748388131747E-006  8.0424307594799170E-007  1.5915018611855532E-006 -3.1427965473371830E-018 -4.1626775027743834E-018  2.7671194284998006E-018 -4.9606830533438155E-019  8.4549918858103850E-019 -2.6860411288931244E-018 -5.5914362916014833E-018 -5.3994586852491294E-019 -2.9401300580343007E-018  1.6333489387127408E-018
-6.9514632207688461E-006 -1.5299353324087239E-015 -1.4088120180395997E-015  2.1711411558420126E-015  3.8213536917113046E-005 -1.3522138580791792E-005  1.2989529373137379E-005 -2.7444172296343604E-003  1.0119022438658746E-004 -3.2620001580340829E-017  1.2849276775695280E-017 -2.1995038651010088E-017 -1.8143523249043849E-015 -1.0327330274382637E-015  1.7698670486271914E-015  6.5459551186501928E-016  3.9857987536157921E-017 -1.8847432433814187E-016 -8.1174205350288110E-007  3.1511028864516916E-015 -8.7415292289781112E-015 -1.1374936928002844E-015  3.9084903117889752E-005 -1.6578597261201675E-004  2.5887053337644709E-004  7.2412477838909022E-005  2.3056288576395547E-004 -1.1149738095694227E-004  8.2151748257208978E-015  1.7002407263032538E-014  6.5804227862602116E-015  4.6364381485277107E-007 -1.9666460688048712E-006  3.0708723112954524E-006  8.5900371994123624E-007  2.7350634322776233E-006 -1.3226475345454942E-006  4.0551715518089828E-004 -1.7200772812547764E-003  2.6858564383111048E-003  7.5130031956148913E-004  2.3921564544868113E-003 -1.1568174747422085E-003 -1.5432540966726069E-007  6.5460359298461636E-007 -1.0221478076804199E-006 -2.8592118209569033E-007 -9.1037363757740645E-007  4.4024659176798123E-007  7.5395614213798410E-018  7.3410201645273206E-019 -5.4128885617468846E-020  9.3440626353409752E-018 -4.6911033304406750E-018  2.8571522910000236E-018  3.8472125423771786E-018 -1.1078224511793295E-017  6.5321010564075418E-018 -5.3839930756943288E-018 -6.7009171570422654E-007 -5.3690905558270649E-007  8.3837011976649654E-007  2.7589373643610515E-007 -7.8393212223610628E-007  9.0120286123430027E-007 -7.2270534503671506E-007 -4.9094900706750941E-007  1.6899500552945437E-006 -4.7243833508917876E-007 -4.7669221010273836E-007  1.0050851743913840E-006  5.6147339630143965E-007 -4.2077666931616497E-007 -8.3266508872466916E-007  2.0391889454979632E-018  9.8519747336864809E-019  2.6294046831660052E-019  1.5177796648664574E-018 -1.1674304529960089E-019  4.5246437361067878E-019  3.4532319750159096E-018 -1.2999576419226489E-018  1.5951228927067427E-018 -1.1938433518529407E-018
 3.2789933292346660E-003  1.0695525429486979E-014  2.3686688279760598E-014 -2.2702705854313846E-014  1.7624425045102163E-003 -2.9830397923480364E-003 -2.7444172296343604E-003  1.9996076495690465E+000  7.0251468181653509E-005  6.2711073518659057E-016 -3.7047352371592987E-014  1.2859732314852562E-014  1.2497351571684894E-014 -3.4680446404459712E-013  1.1102383770373472E-013 -4.9602952933739918E-015  3.4562401709299107E-013 -1.1725351652064005E-013  1.3673253765197728E-005 -1.8192279462358763E-014  2.1123069780151854E-014  1.3653823673016304E-014 -8.9236772287440742E-005  3.7851677851393525E-004 -5.9104529912862725E-004 -1.6533073183791426E-004 -5.2641287812967518E-004  2.5456750432493948E-004  1.4180447870735156E-014 -2.9319277918989550E-014 -1.8141149925886439E-014 -1.2563384230212518E-004  5.3290049601460612E-004 -8.3211071558329222E-004 -2.3276225847338104E-004 -7.4111843313684933E-004  3.5839610047607953E-004 -6.1715042810363816E-006  2.6178665684975803E-005 -4.0878136668156227E-005 -1.1434975944233928E-005 -3.6407370138520872E-005  1.7606479783893964E-005 -2.7454659856725370E-005  1.1645464179378171E-004 -1.8184118328836809E-004 -5.0865653727858279E-005 -1.6195643548581846E-004  7.8320313727608679E-005 -8.1693274729726723E-016  4.7930656485938777E-017 -3.3214570675795653E-016 -3.4144855614193840E-016 -4.3934782022642347E-016 -2.3959288952277311E-016  3.2502154244602320E-016 -4.2030645047126266E-016  2.4140034798838238E-016 -5.9812992528229164E-016  8.6268382303762252E-008  6.9129940421948171E-008 -1.0792716630072658E-007 -3.5522105444419998E-008  1.0091469622364396E-007 -1.1601868801996878E-007  9.3025103239579250E-008  6.3210423585308363E-008 -2.1755382050697976E-007  6.0812898227010088E-008  6.1375004449124695E-008 -1.2939215731583364E-007 -7.2290449020688272E-008  5.4174783775276922E-008  1.0719967821070403E-007 -1.9907701629128722E-016  1.0811347644389492E-016  4.0160919168343597E-017 -6.3425085067026750E-017 -3.0371022946793895E-017 -7.0904380426919594E-017 -7.3180205470168533E-017 -7.0502622201451092E-019  1.8246713859683056E-016  1.1044044302498565E-016
-1.6295093406776061E-004  9.3165904250762774E-015  8.2198934310011155E-015  1.0259249416164776E-015 -2.6516302085488082E-005  1.3190667741330649E-004  1.0119022438658746E-004  7.0251468181653509E-005  2.0000050937779794E+000 -1.6782510446002744E-014 -1.6243619787526027E-014 -2.7431082168897771E-014 -1.5879415998171439E-013 -1.3933998522957419E-013 -2.2864695881601852E-013  1.5933186654059216E-013  1.3937980225161670E-013  2.2215804057877610E-013 -6.6268455446748861E-007 -5.1591110435393729E-015  4.3951636953463663E-015 -5.1382230609999304E-015 -3.0928205775993290E-006  1.3118811106242425E-005 -2.0484708025697102E-005 -5.7300885272741456E-006 -1.8244673248887165E-005  8.8229092297585046E-006  3.5529271894597348E-015 -7.2502467546436333E-015 -4.7690829204631994E-015 -7.1487682805910284E-006  3.0322876201868749E-005 -4.7348406861610586E-005 -1.3244528760007732E-005 -4.2170813099262986E-005  2.0393297070416856E-005 -1.6529705583905349E-006  7.0117761700953972E-006 -1.0948953411869375E-005 -3.0628253291877732E-006 -9.7514363975320385E-006  4.7157964092677825E-006  1.7069212235265192E-005 -7.2402318761280313E-005  1.1305438845240187E-004  3.1624116668561402E-005  1.0069179702786203E-004 -4.8693328713078922E-005 -2.2655951844570630E-015 -1.9223804408287887E-016  8.6704900253326167E-016 -5.7165404699561091E-016 -4.1061366315838633E-016 -5.1258793613060037E-016 -6.2121518530147976E-017  6.8554968362333342E-016  2.4603008434782759E-017  1.7647922381377848E-015  4.4081453898173030E-008  3.5321033540045320E-008 -5.5152561590107267E-008 -1.8149458755739683E-008  5.1570503150808217E-008 -5.9284912594751062E-008  4.7542800677723641E-008  3.2298099891723574E-008 -1.1117350002070555E-007  3.1078979348450554E-008  3.1359842316459497E-008 -6.6118667547510193E-008 -3.6937712911773221E-008  2.7680284052767643E-008  5.4777200296408412E-008 -5.6017641865990779E-017  7.8495633308411322E-017  3.0862351751271953E-016 -1.2708247147667184E-016 -6.1160040440041155E-017 -1.0727545717223934E-016 -2.6162580006825179E-016  3.6980970346648319E-016  1.2980474459656334E-016  1.6216674109345253E-016
 2.2980976235189256E-017 -1.7165241260839808E-003 -1.5347910701089254E-003  2.3965401486016149E-003 -2.9229744651989170E-016  1.8578052117008680E-016 -3.2620001580340829E-017  6.2711073518659057E-016 -1.6782510446002744E-014  3.0402010829599219E-005  7.3241352049301736E-006 -1.1436482890662288E-005 -1.3753212451321937E-003 -1.3345352383553801E-003  2.0838446315493797E-003  1.0496342096266290E-004  2.1320631906697680E-004 -3.3291624526633144E-004 -5.0640118400026515E-014  5.3400965796579587E-003 -1.1779602544716907E-003  1.8393566099311283E-003 -1.4873385462648378E-015 -1.2820658357188636E-015 -3.1001790164691659E-015  1.2209622556438271E-015 -1.6326001580727603E-015  3.1192775347945353E-016  3.8680852523414035E-005  5.0475656951421513E-005 -7.8816563298481494E-005  2.0674364966872515E-017  8.5183502223095249E-017  7.2445167089566697E-017 -8.6085158664212615E-017 -6.7881411510862896E-019  5.1516424415891375E-017 -1.5578453359731834E-014 -1.3424791001717505E-014 -3.2534818517469648E-014  1.2761085400679351E-014 -1.7107747345710199E-014  3.0207215784482684E-015 -1.6828794397131011E-017 -2.7104877469531002E-017 -1.9309607515870812E-017  1.6948025901161826E-017  2.4033392170525913E-018 -3.9632198132254804E-017 -2.1783602483464237E-006 -2.7825152849166972E-006  4.3448290149618583E-006  1.0235284170177677E-006 -1.0976129693800927E-006  1.8990485382104530E-006 -1.1334960061182629E-006 -1.5873661917869911E-006  4.3032597588108433E-006 -2.0552914380959994E-006  1.1726647232833309E-018  8.1170555482561846E-018 -7.9397287987103063E-018  5.9177967824537321E-018 -1.4682515689614439E-018 -1.4579287514505383E-017  7.2461436146596864E-019  8.0925661309394412E-019 -1.1920562703509951E-017  7.8645448863390022E-018  2.2242894247280706E-018  1.5003735837259208E-018 -7.0085540610327237E-018  2.9429331498323962E-018  6.2849022018623768E-018  4.2591739626013869E-008 -5.4274628690557731E-007  8.4748529372348763E-007  1.4385136614081813E-007  4.3232208768305377E-007 -2.0099418248535899E-007  2.2570342543649384E-007 -2.2635308330739249E-007  2.3993336578685256E-007 -4.6296461509019289E-007
-4.7140612571592333E-017 -1.5347893251014915E-003 -1.3602505296098732E-003  2.1344706024636084E-003 -1.1643746003171387E-016  9.4513407105703934E-017  1.2849276775695280E-017 -3.7047352371592987E-014 -1.6243619787526027E-014  7.3241352049301736E-006  2.8701823004971016E-005 -1.0185855481331751E-005 -1.3345330657973794E-003 -1.0655341507915764E-003  1.8559694026821574E-003  2.1320573574960829E-004  5.5471917464734581E-005 -2.9651079471407346E-004 -1.0382323165892571E-014 -1.1779602943045521E-003  5.6135363556367437E-003  1.6382194539502017E-003 -3.9713989066817199E-016  1.5494142275699673E-016 -1.5578430351614005E-015  9.1761350197342085E-016 -4.8517624712164445E-017 -5.0738196673105854E-016  5.0475655223880009E-005  2.6963909217177102E-005 -7.0197790826302859E-005  3.0173171896588480E-017  1.1810273680323375E-017  5.3044737745338896E-017 -5.9210857068293945E-017 -1.2464765115216334E-017  3.0292719972640589E-017 -4.2298773864511756E-015  1.5608048158822598E-015 -1.6407274229053020E-014  9.7238868383346209E-015 -4.8114360620308438E-016 -5.5341738981276298E-015  2.0676010440060517E-018 -5.8888876928859494E-018 -9.8708373828542211E-018  3.4262611393472271E-017  1.4627375940554852E-017 -1.1786520004597990E-017 -6.8955316081408141E-007  8.0794917044537732E-007 -2.2421277574414146E-006 -3.3781226723725416E-006 -1.5847204597069337E-007  4.3032553170127194E-006 -1.2731287291726703E-006  4.6980567520984216E-006  9.0013226009761906E-007 -1.8305413922027590E-006  3.0349159009731410E-018  3.3929888547581283E-018 -2.6566562945964841E-018  2.9581597918288251E-018  3.0291441763140635E-018 -5.8286818066119678E-018 -3.6116543146633196E-019  1.3872864060137199E-018 -4.0403593749514728E-018  1.7692485470698642E-018  7.4589729419261227E-018  2.9653947365000133E-018  1.0110466797395262E-018 -2.9865679652101923E-018  1.5337371972747458E-018  2.3853145322658601E-007  4.3713880893881987E-008 -2.2553666093937134E-007 -5.5995679642149526E-007  5.1643298658883121E-007  2.3993327009257510E-007  1.5874253399028134E-007  7.7874685537998902E-007 -2.5668933880726426E-007 -4.1233853346285281E-007
-8.4665818988974236E-018  2.3965393265908751E-003  2.1344722971680715E-003 -3.3262221870044230E-003  1.2719160732278472E-016 -1.4464586256241497E-016 -2.1995038651010088E-017  1.2859732314852562E-014 -2.7431082168897771E-014 -1.1436482890662288E-005 -1.0185855481331751E-005  3.8083609201614733E-005  2.0838436104370080E-003  1.8559715146614759E-003 -2.7749895382279989E-003 -3.3291597373051737E-004 -2.9651136410480372E-004  3.2857535514759688E-004 -5.1412369825773475E-014  1.8393566292559099E-003  1.6382194158362797E-003  4.1046438301481610E-003 -1.3374906144819534E-016  7.8158874017828215E-016  6.2386247616977471E-016  2.0397321610519453E-015  4.2341277689603833E-016 -1.9463609286625733E-015 -7.8816562573669533E-005 -7.0197792448497195E-005  9.1620064189553785E-005  2.5658332205896617E-020 -1.6178896449474977E-017  1.9947066894635134E-017 -1.0975146705356649E-017 -1.7691940479380680E-017  1.3110773687245383E-017 -1.1959578743006024E-015  8.1684763754151637E-015  6.4986927788366252E-015  2.1345338926131215E-014  4.5433300284743403E-015 -2.0335467310197340E-014  2.4350572831056399E-017  1.2864495575038484E-017 -1.3451625395430881E-017 -4.3780043211342957E-018  2.9836575099586145E-019  1.1486146890195905E-017  1.0767226593326027E-006 -2.2421259560077781E-006  2.8730781550462092E-006 -1.5873835352654293E-006  3.8966033084952092E-006  1.4280850027015952E-007  1.5763813662353259E-006  2.0897121810531205E-006  1.2718841895051406E-007 -3.6990455184612728E-006  5.4388014168217912E-018  2.3337376315098856E-018  1.2394118080704120E-018 -2.9010604790637548E-018  7.6517163144691458E-019  4.8762149736065714E-018 -2.5878969331103813E-018  6.4397335318941790E-018  5.6182656094906999E-018 -7.5899970890083334E-018 -7.0908834506050994E-018  7.6260715539125761E-018 -3.9766868190888307E-018 -9.9148472397533835E-018  1.5129369407772905E-018 -3.7246126207780010E-007 -2.2553658420034022E-007  2.5144571155424558E-007 -2.2635370465629386E-007 -2.2106962067720356E-007  7.2606292494008481E-007 -3.1389151276201063E-007  2.9588694991402582E-007  6.4666624012742766E-007 -4.0795767936757181E-007
-1.4224014415517489E-015  1.8273852390860199E-001  1.6272250874861327E-001 -2.5408736927554820E-001 -7.6132140026673720E-016 -4.4550426090546112E-015 -1.8143523249043849E-015  1.2497351571684894E-014 -1.5879415998171439E-013 -1.3753212451321937E-003 -1.3345330657973794E-003  2.0838436104370080E-003  1.5680778768861897E-001  1.3905237486767114E-001 -2.1712693385103796E-001 -2.3128482521624718E-002 -1.9935059121768715E-002  3.1128083780477420E-002 -4.6058849021692258E-013  2.8785919195969779E-002 -7.2890850316631737E-003  1.1381739593640224E-002 -1.2652993020412782E-014 -1.4386089628851199E-014 -2.8490597734526009E-014  6.3227010008497481E-015 -1.6860247276466465E-014  3.3665669582680617E-015 -1.4158186670082233E-004  6.3379754261115768E-006 -9.8963890035597395E-006 -2.8494763014110272E-016  6.0058068944053162E-016  8.2298060220963145E-016  5.5350498748587102E-016  1.4602734930663977E-016 -3.4565192580935073E-017 -1.2326085993839627E-013 -1.5014574423616709E-013 -2.9947673458579755E-013  6.8481466268723779E-014 -1.7481554187452403E-013  4.3343141211317450E-014  1.0893780030605706E-015  1.4380608864673887E-018 -3.6495870189215216E-016 -2.5843401509180158E-016 -1.4446532685945521E-016  9.8206907969088975E-016  1.6843822309388123E-004 -5.9846393882455903E-005  9.3448994505379202E-005 -3.6803871827870891E-006  2.7408065316614992E-004 -2.2230320286395223E-004  1.8138065517619962E-004  4.2069076074625677E-006 -1.8350129106996617E-004 -7.2788411980474619E-005  3.0300841402025256E-016  1.7831982471495062E-016 -1.3846427773785123E-016 -3.9658711489861716E-017 -5.4307685911987646E-017  6.0531826144122773E-017  1.2511987472406220E-016 -4.0244106079888532E-017 -6.6607458718457718E-017  6.2159237569005729E-018 -6.0499415214849525E-016 -9.7117660610668077E-017 -1.4655677926292175E-016 -5.4460256225797105E-017  4.0430567043612190E-016 -1.4320680875296321E-005  5.6968496967065721E-007 -8.8954926895894645E-007  1.5527520583154458E-006 -2.0193691761131919E-005  1.7660457496197200E-005 -1.3880902754215492E-005 -2.3054073472284173E-006  1.8053500305948008E-005  2.3813800464111007E-006
-1.9249327789255815E-015  1.6272259242600018E-001  1.4496571730473756E-001 -2.2630245350122810E-001  6.3101851241012253E-016 -4.4173908782377167E-015 -1.0327330274382637E-015 -3.4680446404459712E-013 -1.3933998522957419E-013 -1.3345352383553801E-003 -1.0655341507915764E-003  1.8559715146614759E-003  1.3905237486767114E-001  1.2452961421325649E-001 -1.9338370902402488E-001 -1.9935031133058535E-002 -1.8500996683705282E-002  2.7724171397090477E-002 -1.0008431450038613E-013 -7.2890904011771885E-003  3.0477944086726348E-002  1.0137121427090154E-002 -5.9102792250766012E-015  1.8985540323237280E-015 -1.1827049035962935E-014  1.0353435513279659E-014 -1.5515756921683951E-015 -7.2354597440343209E-015  6.3376730480548335E-006 -1.4305284177453859E-004 -8.8141261988933229E-006 -6.6683376592273597E-017 -1.6331870247310285E-016  6.8641072810951408E-016  6.1288489592893185E-016 -1.7842859316972391E-017 -2.6215742610493629E-016 -5.4376509664750108E-014  2.0612643219621385E-014 -1.2570688918425256E-013  1.1079228808986414E-013 -1.4848975248929977E-014 -6.7830606299315592E-014  1.0246913233063863E-015  1.8966958360952888E-016 -2.6865308645390297E-016 -1.3447443548995982E-016 -7.8068660579600166E-018  1.0564323241001579E-015  1.5695854652926581E-004 -3.5067571235977928E-005  4.9316618649535402E-005 -2.7080880198797740E-005  2.4865454599452006E-004 -1.8350110755368043E-004  1.6008376537359059E-004  3.7660426690114789E-005 -1.7970733772032114E-004 -6.4828862076454964E-005  2.8093011681314575E-016  1.2992837609164699E-016 -8.7463417162897076E-017 -7.5160983370751366E-017 -1.2431681624296508E-017  1.2075372711090023E-016  8.7186008549981800E-017 -4.0174851379244915E-018  1.2418204712003064E-017 -5.5835298683231794E-017 -4.9880925584742983E-016 -5.0756826176749023E-017 -8.0088611361963400E-017 -1.1519329613700066E-016  3.1630544663166248E-016 -1.1641795796338248E-005  3.4317359868573960E-006 -6.2311369158356265E-006 -2.4344237899321112E-006 -1.7256556969964523E-005  1.8053531867385076E-005 -1.2597563021676830E-005  3.3855548399095139E-006  1.3469668362901280E-005  2.1209716406811607E-006
 2.2812086102460360E-015 -2.5408740850962980E-001 -2.2630237207269915E-001  3.5340304082937224E-001 -1.7626313695680661E-015  7.3086409755340338E-015  1.7698670486271914E-015  1.1102383770373472E-013 -2.2864695881601852E-013  2.0838446315493797E-003  1.8559694026821574E-003 -2.7749895382279989E-003 -2.1712693385103796E-001 -1.9338370902402488E-001  3.0264687258130035E-001  3.1128070807484944E-002  2.7724198767334871E-002 -4.4036498001604731E-002 -4.3917515580255581E-013  1.1381742096357495E-002  1.0137116189308574E-002  2.1141074655581758E-002  2.8748117343856564E-015  9.0511281667449047E-015  4.3415147213645863E-015  1.7536451848837377E-014  1.5167317991044170E-015 -1.6162033966562657E-014 -9.8962483850005166E-006 -8.8144202890171313E-006 -1.3493469033619827E-004  5.6054602759297981E-016  2.8733106876510420E-016 -2.2651815982049915E-016 -1.8226504727426556E-015 -2.3096866995680072E-016  8.4144168072940290E-016  1.8488559575718299E-014  9.2919153418111241E-014  4.6532376773765768E-014  1.8072417388689651E-013  1.4447513352501572E-014 -1.8277069228736308E-013 -1.5091449365066326E-015 -3.2134459934508075E-016  2.0273039299662807E-016  5.6958656658948578E-016  1.9974835169172914E-016 -1.7124195683617205E-015 -2.4508698999135928E-004  4.9316363573582333E-005 -8.0491104385807397E-005  4.2087545873897766E-006 -3.6801958223015377E-004  3.2460994733003864E-004 -2.5225073339600520E-004 -6.5047428479564118E-006  2.8911350889459516E-004  6.4842876248737781E-005 -3.6235430647218092E-016 -1.3666815772100446E-016  1.1655932187928161E-016  1.1293103501057173E-016  7.0051358926266521E-017 -2.3269532851813028E-016 -1.7292534663363431E-016  1.0919258015222058E-016 -2.9474024277502700E-017  2.3221708381283096E-017  8.3181512806419230E-016  1.8733632396470790E-016  7.7181636605265646E-017  4.3871256426188725E-017 -4.4074624538062371E-016  1.8178384564657575E-005 -6.2311367782746840E-006  9.1709632384369417E-006 -2.3053389755577748E-006  3.0193036073662588E-005 -2.2083523203233503E-005  1.9304527517648494E-005  3.1012891326050138E-006 -1.9668604685561513E-005 -9.1471968286044599E-006
 1.6682673904856703E-016 -2.6261872108505450E-002 -2.3353877223455399E-002  3.6466529869035709E-002  2.2250112753148762E-015 -3.0416153430140620E-016  6.5459551186501928E-016 -4.9602952933739918E-015  1.5933186654059216E-013  1.0496342096266290E-004  2.1320573574960829E-004 -3.3291597373051737E-004 -2.3128482521624718E-002 -1.9935031133058535E-002  3.1128070807484944E-002  4.0213099941688642E-003  2.8559758588868555E-003 -4.4595329523960591E-003  4.5306155779653111E-013 -3.9139072645955515E-002  1.1060330557506411E-003 -1.7270483859025750E-003  1.1227846749681610E-014  1.3873741985680969E-014  2.7614102269442376E-014 -6.7211601897142569E-015  1.6244921468933430E-014 -4.1950891682726173E-015 -1.2158182603897117E-004 -2.4883326477350039E-004  3.8854720523274030E-004 -6.5373732133732038E-017 -7.4933029854001650E-016 -6.6339172988657354E-016  4.4663860463796269E-016 -1.0343089736966336E-016 -3.3340857255104693E-016  1.1593493856995794E-013  1.4510657485337269E-013  2.8997140661201580E-013 -7.0851279464276928E-014  1.7005738655894979E-013 -4.3966400382896680E-014 -1.0750722676107113E-016  1.8830465902581907E-016  2.2247756626563519E-016 -9.2532416409856862E-017  3.7603800181576068E-017  3.1669557020105008E-017 -2.8283936771058819E-005  2.7069272697809315E-005 -4.2268064601420305E-005 -4.0524253102521872E-006 -5.7733635990936887E-005  4.1999308482895806E-005 -3.6258529523204003E-005  6.6296589066692298E-006  2.1576649381271959E-005  2.6563299267263419E-005 -6.2505937131911606E-017 -9.4451038565608395E-017  8.3603253043459132E-017 -4.2146661249234233E-017  2.3171772065833820E-017  8.5924907096732644E-017 -4.2281863654255838E-017  1.4811349789895669E-017  9.9828502508790312E-017 -5.4187426071855012E-017  1.0291308889047705E-016  2.0870375767708039E-017  7.4868326935413522E-017 -2.0938467171522565E-017 -1.4222013572106242E-016  1.3651404153923029E-006  2.8896651964495729E-006 -4.5121428841119995E-006 -9.5586717103263370E-007 -1.0056135688934515E-007 -8.7566088182723081E-007  3.1975390652689110E-007  1.4887080817397683E-006 -3.3186600773332859E-006  2.2535352498317491E-006
 7.9063961383582889E-016 -2.3353921984949198E-002 -2.0840761366001263E-002  3.2478894082639681E-002  6.8224284836593409E-016  2.0885395274190125E-016  3.9857987536157921E-017  3.4562401709299107E-013  1.3937980225161670E-013  2.1320631906697680E-004  5.5471917464734581E-005 -2.9651136410480372E-004 -1.9935059121768715E-002 -1.8500996683705282E-002  2.7724198767334871E-002  2.8559758588868555E-003  3.3583618112674684E-003 -3.9718806999824996E-003  9.6582311581211483E-014  1.1060348166215365E-003 -3.9395822784691704E-002 -1.5381891089508923E-003  4.8179621560066468E-015 -1.8627774287418173E-015  1.1494582036896292E-014 -1.0418608187580128E-014  1.3806421347357193E-015  6.0449045952194667E-015 -2.4883316378698816E-004 -6.3820201738394269E-005  3.4605872837145462E-004 -2.4482673742926853E-016  5.7629618407276791E-018 -5.4366129550237730E-016  2.8877871810519773E-016  5.6919085666537459E-017 -8.3946165667285497E-017  4.9685504735209398E-014 -1.9801356238982073E-014  1.2185490049677283E-013 -1.1001010406975201E-013  1.4449694934728288E-014  6.2662118018293929E-014 -1.6181811810137480E-016 -1.5293020922296305E-017  1.4430822844342661E-016 -1.9391823927240654E-016 -8.8388915276604946E-017 -1.5669568187397993E-016 -3.2770658403326074E-005  4.1923324188168533E-006 -6.0347597661674705E-007  2.2389787671553895E-005 -5.6384858575582748E-005  2.1576664234209676E-005 -3.0696097282463042E-005 -3.1137812005941792E-005  3.6990803690476864E-005  2.3658559224848022E-005 -6.7421486376258566E-017 -5.6467285692145305E-017  4.0128438163484643E-017 -5.6640164190344156E-019 -1.4225690594717141E-017  9.5055690385409068E-018 -1.4168264409641756E-017 -1.6741100892397630E-017  1.9810472709170694E-017  1.0337405998765750E-017  4.9276951347475170E-017 -1.5483046670740770E-017  1.5788117843514658E-017  4.5951541275740056E-017 -8.4637888063842564E-017  2.7375729912249709E-010 -6.2052713395367195E-007  1.9220207442361281E-006  3.3183002560787280E-006 -8.8574209618746752E-007 -3.3186675412456654E-006  5.4099822051063137E-007 -4.6148365091996360E-006 -1.0529814346316588E-007  2.0071063688155509E-006
-5.1393418715123383E-016  3.6466550679874067E-002  3.2478850366814756E-002 -5.0755604662502597E-002 -3.3532046998007703E-016 -6.7344311416949758E-016 -1.8847432433814187E-016 -1.1725351652064005E-013  2.2215804057877610E-013 -3.3291624526633144E-004 -2.9651079471407346E-004  3.2857535514759688E-004  3.1128083780477420E-002  2.7724171397090477E-002 -4.4036498001604731E-002 -4.4595329523960591E-003 -3.9718806999824996E-003  7.0166780333585548E-003  4.3205761918479521E-013 -1.7270492216939883E-003 -1.5381874051397179E-003 -3.7979056510636718E-002 -1.5396426761569125E-015 -8.6645534525888775E-015 -4.1936645332648582E-015 -1.6124070215596507E-014 -1.3885679843448447E-015  1.7091104798627195E-014  3.8854715889206015E-004  3.4605882637076050E-004 -3.8255979150219645E-004 -4.0573217875707233E-017 -3.3453738348085302E-017  2.3703676800921209E-017  3.8779877383686565E-016  1.6191861928525433E-016 -3.0975064306772873E-016 -1.5197485840727708E-014 -8.9518579538350290E-014 -4.4485533552300640E-014 -1.6828757214028248E-013 -1.5354290073171528E-014  1.8134438971136303E-013  1.2870314396949744E-016  3.7745509779425115E-017 -1.2014139792664579E-017 -5.7348804614370206E-017 -4.5957642765428021E-017  3.0540325977028089E-016  5.1170561126839370E-005 -6.0343107450505682E-007  4.7481716566481524E-006  6.6293927589160685E-006  6.5926866551821692E-005 -7.5281904620983482E-005  5.0425680315037892E-005 -8.5055997460831872E-006 -6.7049718340220926E-005  2.8006215168061234E-006  2.8546259582817318E-017  2.3411457732172886E-017 -4.2874556733798606E-017  2.3219023656317746E-018 -2.7684732416508797E-017  2.5159913211179075E-017  5.5600943456137415E-017 -7.1884386217657401E-017 -2.1081418151885975E-017  4.5078777843272794E-017 -1.2847280328512479E-016 -8.0869011584822891E-017  1.9992553585305113E-017  5.9751651347114665E-017  8.3127013032145872E-017 -4.2553626532790015E-010  1.9220200765885786E-006 -2.3908151748823994E-006  1.4886981289367342E-006 -2.1639282361381927E-006 -1.4881272100860082E-006 -4.4469075219045204E-007 -1.9558045692488603E-006 -1.3254048285601727E-006  3.2397790715588265E-006
 2.2828981579265926E-005  1.5627145779920304E-014  4.1064841148838091E-015  1.2017387480938193E-014  1.1829866723262460E-007 -1.1221100615899167E-006 -8.1174205350288110E-007  1.3673253765197728E-005 -6.6268455446748861E-007 -5.0640118400026515E-014 -1.0382323165892571E-014 -5.1412369825773475E-014 -4.6058849021692258E-013 -1.0008431450038613E-013 -4.3917515580255581E-013  4.5306155779653111E-013  9.6582311581211483E-014  4.3205761918479521E-013  1.9999997576309170E+000 -8.8508057207051627E-015 -2.2953691277428550E-016 -9.6693249838028900E-015 -1.6882849351774333E-007  7.1612392687867131E-007 -1.1182129201163705E-006 -3.1279383432968849E-007 -9.9593188989857662E-007  4.8162231130532087E-007 -2.6079031734603512E-015 -1.2670310059713475E-015 -2.0732097230856058E-015  5.1236999090961009E-008 -2.1733187055411477E-007  3.3935834556214704E-007  9.4927143844897712E-008  3.0224897803524234E-007 -1.4616411740334178E-007 -1.4488694246262854E-006  6.1457094435150841E-006 -9.5964034594886534E-006 -2.6843704040785147E-006 -8.5469953888774536E-006  4.1332398416856991E-006  5.1797053844937617E-008 -2.1970823323886683E-007  3.4306957954851871E-007  9.5965420476973955E-008  3.0555396372190708E-007 -1.4776245496541306E-007  2.9735781179688857E-017 -5.7329520174802302E-016 -4.0567721168777750E-016 -1.2359226718091283E-016 -6.7911640800808079E-016  2.8226687971628585E-016 -9.9856352118362047E-016 -5.7701232988098195E-016 -6.8647585382820399E-017  9.9757948787571948E-016  3.0554534055951689E-009  2.4481520839954352E-009 -3.8227289676454104E-009 -1.2580069865553630E-009  3.5745293664084897E-009 -4.1092633783336981E-009  3.2953454668163275E-009  2.2385675922273929E-009 -7.7057100826503216E-009  2.1541993340301426E-009  2.1735818346714751E-009 -4.5829432143383997E-009 -2.5601312994488329E-009  1.9186462631231818E-009  3.7967271269444364E-009  6.3657420762276287E-016 -1.2668650752880861E-016 -1.2445938519235475E-016  8.1308852711791180E-016 -1.8913675759915001E-017  6.4383630421136717E-016 -5.8898362502665659E-016 -2.2475997936652061E-016 -1.5360730737321231E-016  2.5012815344675558E-016
