  0.27816541985417764       -5.3022847445877616E-016   7.9082852652162455E-017  -5.5362097224916076E-018  0.57704061491649750        5.8523809049295742E-017  -5.1508369452386936E-017  -6.4572701282386131E-017 -0.17069444393316474       -2.3368288679117374E-018   1.4882998542425796E-018   3.2280906779820431E-018   2.6251000458290642E-018   9.1594378015612719E-019   2.2283147576779759E-019  -1.6886158746172639E-003
  -5.3022847445877616E-016  0.19346834075410013        1.2101503248559020E-016  -1.8998610193735052E-016  -1.1514516027821295E-015   8.2958684721068876E-002   5.8639526249783804E-017  -4.5713803474682953E-017   3.3811460520576233E-016  -2.5973211241124877E-003  -1.1294478490846742E-018  -2.1160294743991244E-018  -1.9271542519556499E-003  -8.4717411941217776E-019   2.6989646073074209E-018   3.2986996771120701E-018
   7.9082852652162455E-017   1.2101503248559020E-016  0.19346834075410016        8.2453575217522612E-017   1.8111200669605295E-016   7.0086894187609840E-017   8.2958684721068848E-002   3.1046580960027599E-017  -5.2655805635078825E-017  -5.2539336135816122E-018  -2.5973211241124825E-003  -1.8463200667775600E-018   4.0283475249835852E-019  -1.9271542519556538E-003  -6.1166366703601154E-019  -5.2087267199343649E-019
  -5.5362097224916076E-018  -1.8998610193735052E-016   8.2453575217522612E-017  0.19346834075410049       -1.3492572340816805E-017  -8.5767168107181435E-017   5.0266323221859199E-017   8.2958684721069001E-002   3.9275840249900826E-018   8.1717503586358625E-019  -2.8354427909337709E-019  -2.5973211241124778E-003   2.5379930542896350E-018  -1.5628816668025909E-018  -1.9271542519556616E-003   3.2875863665383921E-020
  0.57704061491649750       -1.1514516027821295E-015   1.8111200669605295E-016  -1.3492572340816805E-017   1.1970426497936555        9.9313820184862991E-017  -9.9536974666522476E-017  -1.3481393771976767E-016 -0.35409730994477417       -4.1560000609631500E-018   2.8583946904859178E-018   6.7234740343470640E-018   5.9588218375332302E-018   1.7301598120059317E-018   4.8225464846156055E-019  -3.5029513846750386E-003
   5.8523809049295742E-017   8.2958684721068876E-002   7.0086894187609840E-017  -8.5767168107181435E-017   9.9313820184862991E-017   3.5572452546109176E-002   3.2947322893666261E-017  -2.1447438913110398E-017  -3.0448486089120664E-017  -1.1137240512569687E-003  -7.2858950679657369E-019  -8.4957404609606266E-019  -8.2635836630271984E-004  -5.4457159900557703E-019   1.2001574536606712E-018  -3.2100046793584208E-019
  -5.1508369452386936E-017   5.8639526249783804E-017   8.2958684721068848E-002   5.0266323221859199E-017  -9.9536974666522476E-017   3.2947322893666261E-017   3.5572452546109141E-002   1.9704809796292552E-017   2.9838088438543694E-017  -2.3434225276974283E-018  -1.1137240512569656E-003  -9.9187558123478627E-019   1.0552618801209775E-019  -8.2635836630272103E-004  -4.1077568637886677E-019   2.9519043629815464E-019
  -6.4572701282386131E-017  -4.5713803474682953E-017   3.1046580960027599E-017   8.2958684721069001E-002  -1.3481393771976767E-016  -2.1447438913110398E-017   1.9704809796292552E-017   3.5572452546109218E-002   3.9852029679947422E-017  -1.2954310137070408E-019  -6.3686289721683032E-020  -1.1137240512569637E-003   7.3218939682240408E-019  -6.2721025092207510E-019  -8.2635836630272439E-004   3.9167767159581045E-019
 -0.17069444393316474        3.3811460520576233E-016  -5.2655805635078825E-017   3.9275840249900826E-018 -0.35409730994477417       -3.0448486089120664E-017   2.9838088438543694E-017   3.9852029679947422E-017  0.10474556184922830        1.2629012557631905E-018  -8.5787905126458307E-019  -1.9880169751236707E-018  -1.7378127316839152E-018  -5.2095254786662646E-019  -1.4202172271703898E-019   1.0362084111159857E-003
  -2.3368288679117374E-018  -2.5973211241124877E-003  -5.2539336135816122E-018   8.1717503586358625E-019  -4.1560000609631500E-018  -1.1137240512569687E-003  -2.3434225276974283E-018  -1.2954310137070408E-019   1.2629012557631905E-018   3.4869152210982555E-005   6.3884813068695421E-020   5.1678935949862933E-020   2.5872131990781700E-005   4.7525386367363346E-020  -1.8967527172711778E-020   1.3112849351668815E-020
   1.4882998542425796E-018  -1.1294478490846742E-018  -2.5973211241124825E-003  -2.8354427909337709E-019   2.8583946904859178E-018  -7.2858950679657369E-019  -1.1137240512569656E-003  -6.3686289721683032E-020  -8.5787905126458307E-019   6.3884813068695421E-020   3.4869152210982406E-005   1.3732301075863677E-020  -1.0340860564396235E-020   2.5872131990781696E-005   8.8232598672334687E-024  -8.4870959176835872E-021
   3.2280906779820431E-018  -2.1160294743991244E-018  -1.8463200667775600E-018  -2.5973211241124778E-003   6.7234740343470640E-018  -8.4957404609606266E-019  -9.9187558123478627E-019  -1.1137240512569637E-003  -1.9880169751236707E-018   5.1678935949862933E-020   1.3732301075863677E-020   3.4869152210982216E-005   1.2411017910745660E-020   2.8346376684708864E-020   2.5872131990781700E-005  -1.9586445304009960E-020
   2.6251000458290642E-018  -1.9271542519556499E-003   4.0283475249835852E-019   2.5379930542896350E-018   5.9588218375332302E-018  -8.2635836630271984E-004   1.0552618801209775E-019   7.3218939682240408E-019  -1.7378127316839152E-018   2.5872131990781700E-005  -1.0340860564396235E-020   1.2411017910745660E-020   1.9196543973833775E-005  -7.5808345871776381E-021  -3.3314974897444037E-020  -1.6731914528091556E-020
   9.1594378015612719E-019  -8.4717411941217776E-019  -1.9271542519556538E-003  -1.5628816668025909E-018   1.7301598120059317E-018  -5.4457159900557703E-019  -8.2635836630272103E-004  -6.2721025092207510E-019  -5.2095254786662646E-019   4.7525386367363346E-020   2.5872131990781696E-005   2.8346376684708864E-020  -7.5808345871776381E-021   1.9196543973833850E-005   1.3479183808422436E-020  -5.1539001226895910E-021
   2.2283147576779759E-019   2.6989646073074209E-018  -6.1166366703601154E-019  -1.9271542519556616E-003   4.8225464846156055E-019   1.2001574536606712E-018  -4.1077568637886677E-019  -8.2635836630272439E-004  -1.4202172271703898E-019  -1.8967527172711778E-020   8.8232598672334687E-024   2.5872131990781700E-005  -3.3314974897444037E-020   1.3479183808422436E-020   1.9196543973833968E-005  -1.3454176262556219E-021
  -1.6886158746172639E-003   3.2986996771120701E-018  -5.2087267199343649E-019   3.2875863665383921E-020  -3.5029513846750386E-003  -3.2100046793584208E-019   2.9519043629815464E-019   3.9167767159581045E-019   1.0362084111159857E-003   1.3112849351668815E-020  -8.4870959176835872E-021  -1.9586445304009960E-020  -1.6731914528091556E-020  -5.1539001226895910E-021  -1.3454176262556219E-021   1.0250819722682372E-005
