  0.61979956594613417       -2.4200747742592066E-016  -7.9609000352626256E-016   3.7398873650347030E-016  -5.6547946890395130E-016  0.61941237744827615        1.3413613752719100E-017  -7.2792762113437371E-016   1.3630433521082258E-016  -2.7889364788853743E-002  -3.4202661014536614E-018   3.4954104970204286E-018  -8.9755410607001689E-003   1.2125806035537343E-018   1.4998483948154882E-017   2.1749957258188850E-018
  -2.4200747742592066E-016  0.61979956594613639       -2.5436399406046639E-018  -1.7804940829419847E-016  -1.4874160991570867E-015   8.9297601431337359E-017  0.61941237744827715       -2.0162094650083562E-016   5.9060964085145575E-016   5.4055525111401312E-018  -2.7889364788853805E-002  -1.0895225981854455E-017  -1.7782662634215985E-018  -8.9755410607001689E-003   6.3962501871826414E-018   6.5280693877187151E-019
  -7.9609000352626256E-016  -2.5436399406046639E-018  0.61979956594613572        2.6783892458226721E-016   1.7781523118738545E-017  -5.9623655008855065E-016   5.2135216716681088E-016  0.61941237744827971       -3.3156240597866856E-017   2.2431953689800935E-017   1.7443320059722231E-017  -2.7889364788853909E-002   8.0965042198537513E-018  -1.7254272893806911E-017  -8.9755410607002123E-003  -4.1854335733181854E-018
   3.7398873650347030E-016  -1.7804940829419847E-016   2.6783892458226721E-016  0.56728724755310733       0.75327399148895324       -2.3056974571464991E-016   1.2501105234464286E-015   3.3051876122113476E-016 -0.36114634271345714        2.6810916321982547E-017  -9.2747321024846160E-017  -5.5627644053447990E-017   2.8828523778647598E-018  -1.0275644660190282E-019  -3.1076626365894949E-018  -3.6302410068771887E-003
  -5.6547946890395130E-016  -1.4874160991570867E-015   1.7781523118738545E-017  0.75327399148895324        1.0002370204886013       -1.3675806939644356E-015   4.0975163869868514E-016   1.0122218987912343E-016 -0.47954920238522686        8.3391849809961556E-017  -6.6863385332470739E-017  -5.8662094648931203E-017   1.9208388747785716E-017   1.7979630817137156E-017   7.6628642764144136E-019  -4.8204258867307909E-003
  0.61941237744827615        8.9297601431337359E-017  -5.9623655008855065E-016  -2.3056974571464991E-016  -1.3675806939644356E-015  0.61902543082689088        3.4435108031086875E-016  -5.2823208640176552E-016   5.2094440394522497E-016  -2.7871942315763870E-002  -1.8319099187623974E-017  -5.4765444600318822E-018  -8.9699340444134596E-003  -3.5836905207145379E-018   1.2102077532485647E-017   6.0408927356114283E-018
   1.3413613752719100E-017  0.61941237744827715        5.2135216716681088E-016   1.2501105234464286E-015   4.0975163869868514E-016   3.4435108031086875E-016  0.61902543082689065        3.2207241973218614E-016  -3.1888351569999259E-016  -6.0841847205684359E-018  -2.7871942315763877E-002  -3.4462276612870057E-017  -5.4737916029533058E-018  -8.9699340444134423E-003  -1.1944620394163728E-018  -8.4861122474568223E-018
  -7.2792762113437371E-016  -2.0162094650083562E-016  0.61941237744827971        3.3051876122113476E-016   1.0122218987912343E-016  -5.2823208640176552E-016   3.2207241973218614E-016  0.61902543082689643       -7.3145276856001989E-017   1.9373213492508474E-017   2.6390370262891795E-017  -2.7871942315764127E-002   7.1116997920853751E-018  -1.4360596587749408E-017  -8.9699340444135307E-003  -4.5849967064327563E-018
   1.3630433521082258E-016   5.9060964085145575E-016  -3.3156240597866856E-017 -0.36114634271345714      -0.47954920238522686        5.2094440394522497E-016  -3.1888351569999259E-016  -7.3145276856001989E-017  0.22991294343011967       -3.3915071612338640E-017   3.7569339912203308E-017   2.9233031932011747E-017  -7.2570012462151799E-018  -6.8459551812191255E-018  -1.0692458471857218E-020   2.3110836149712313E-003
  -2.7889364788853743E-002   5.4055525111401312E-018   2.2431953689800935E-017   2.6810916321982547E-017   8.3391849809961556E-017  -2.7871942315763870E-002  -6.0841847205684359E-018   1.9373213492508474E-017  -3.3915071612338640E-017   1.2549487141676279E-003   4.0066974510843555E-019   4.4518183313477422E-019   4.0387595050519511E-004   2.4851814323543163E-020  -4.8098047813666172E-019  -3.7713095025123522E-019
  -3.4202661014536614E-018  -2.7889364788853805E-002   1.7443320059722231E-017  -9.2747321024846160E-017  -6.6863385332470739E-017  -1.8319099187623974E-017  -2.7871942315763877E-002   2.6390370262891795E-017   3.7569339912203308E-017   4.0066974510843555E-019   1.2549487141676290E-003  -2.8949501642008352E-019   2.8724425797332673E-019   4.0387595050519451E-004  -5.3875844938742543E-019   6.1541292271362235E-019
   3.4954104970204286E-018  -1.0895225981854455E-017  -2.7889364788853909E-002  -5.5627644053447990E-017  -5.8662094648931203E-017  -5.4765444600318822E-018  -3.4462276612870057E-017  -2.7871942315764127E-002   2.9233031932011747E-017   4.4518183313477422E-019  -2.8949501642008352E-019   1.2549487141676398E-003   1.0379961219622337E-019   9.3583368114401180E-019   4.0387595050519836E-004   4.6718685628444360E-019
  -8.9755410607001689E-003  -1.7782662634215985E-018   8.0965042198537513E-018   2.8828523778647598E-018   1.9208388747785716E-017  -8.9699340444134596E-003  -5.4737916029533058E-018   7.1116997920853751E-018  -7.2570012462151799E-018   4.0387595050519511E-004   2.8724425797332673E-019   1.0379961219622337E-019   1.2997804735364417E-004   5.8942408908691093E-020  -1.6750020309521530E-019  -8.4602880647583893E-020
   1.2125806035537343E-018  -8.9755410607001689E-003  -1.7254272893806911E-017  -1.0275644660190282E-019   1.7979630817137156E-017  -3.5836905207145379E-018  -8.9699340444134423E-003  -1.4360596587749408E-017  -6.8459551812191255E-018   2.4851814323543163E-020   4.0387595050519451E-004   9.3583368114401180E-019   5.8942408908691093E-020   1.2997804735364368E-004   1.5777291452076115E-019   7.7039756892435652E-021
   1.4998483948154882E-017   6.3962501871826414E-018  -8.9755410607002123E-003  -3.1076626365894949E-018   7.6628642764144136E-019   1.2102077532485647E-017  -1.1944620394163728E-018  -8.9699340444135307E-003  -1.0692458471857218E-020  -4.8098047813666172E-019  -5.3875844938742543E-019   4.0387595050519836E-004  -1.6750020309521530E-019   1.5777291452076115E-019   1.2997804735364503E-004   5.5676852867047226E-020
   2.1749957258188850E-018   6.5280693877187151E-019  -4.1854335733181854E-018  -3.6302410068771887E-003  -4.8204258867307909E-003   6.0408927356114283E-018  -8.4861122474568223E-018  -4.5849967064327563E-018   2.3110836149712313E-003  -3.7713095025123522E-019   6.1541292271362235E-019   4.6718685628444360E-019  -8.4602880647583893E-020   7.7039756892435652E-021   5.5676852867047226E-020   2.3230999506610574E-005
