   6.1246265304490774E-002  -5.9290631755803954E-018   7.1940427562498098E-017   5.3402954373204072E-017  0.12815047635237767        7.8345987347547652E-017  -2.6505578400388941E-017  -8.4251015486362333E-017  0.19391617636351696        1.6217730765165666E-017  -1.8376940339207803E-017   7.8024339779163425E-018  -4.7425198960284666E-002   7.9458444160260497E-018   1.1327488628629747E-018  -7.1705125791803678E-018
  -5.9290631755803954E-018  0.13587971060220533       -1.8914810400820034E-017  -4.7447397573396894E-017  -1.3257607301072474E-018   7.4247191117602918E-002  -3.4606378093021695E-017  -2.3238066563605973E-017  -1.4217883706941012E-017   4.0052822459782748E-002  -1.4143756153252307E-017  -2.4898251140224405E-017   2.8555626736577669E-018   7.5496218052241403E-003  -3.3999902502787616E-018  -8.9305507072178354E-019
   7.1940427562498098E-017  -1.8914810400820034E-017  0.13587971060220547        1.3000600487637916E-016   2.7073158636670825E-016  -8.5363980424286986E-018   7.4247191117602987E-002   7.6760384434710564E-017   3.2103995945887898E-016  -8.9274449197445444E-018   4.0052822459782797E-002   5.0757602331266718E-017  -8.2153222206822446E-017  -1.8915657433767140E-018   7.5496218052241403E-003   7.4519135256275717E-018
   5.3402954373204072E-017  -4.7447397573396894E-017   1.3000600487637916E-016  0.13587971060220527        1.7085651521072636E-016  -8.3282538128568726E-017   6.1182883846072610E-017   7.4247191117602918E-002   2.1387446885155970E-016  -1.1535459364340544E-017   4.8728393733961131E-017   4.0052822459782783E-002  -5.4183369707662444E-017  -3.3553798483900256E-018   7.2045799050293298E-018   7.5496218052241298E-003
  0.12815047635237767       -1.3257607301072474E-018   2.7073158636670825E-016   1.7085651521072636E-016  0.26813952667473351        1.6998396578702338E-016   1.0222411247125976E-017  -1.4398241300595138E-016  0.40574637898115667        3.7199703113635661E-017  -3.0191508356497522E-018   3.3751452694143492E-017  -9.9231549999851815E-002   1.7241349836566837E-017   9.0488515060312263E-018  -1.1718822656409225E-017
   7.8345987347547652E-017   7.4247191117602918E-002  -8.5363980424286986E-018  -8.3282538128568726E-017   1.6998396578702338E-016   4.0570040695717999E-002  -1.7926605295690022E-017  -4.4036678239119666E-017   2.5054551678338112E-016   2.1885604192055465E-002  -7.1978036414513031E-018  -3.0511256137362881E-017  -6.1614455615819955E-017   4.1252532151698704E-003  -1.7578757098684205E-018  -3.6748524416627905E-018
  -2.6505578400388941E-017  -3.4606378093021695E-017   7.4247191117602987E-002   6.1182883846072610E-017   1.0222411247125976E-017  -1.7926605295690022E-017   4.0570040695718027E-002   3.6558506692127110E-017  -3.2959901393281955E-017  -1.2032385360063088E-017   2.1885604192055489E-002   2.4829923815812560E-017   6.0730174528001208E-018  -2.3821036989553761E-018   4.1252532151698704E-003   3.5242923352883309E-018
  -8.4251015486362333E-017  -2.3238066563605973E-017   7.6760384434710564E-017   7.4247191117602918E-002  -1.4398241300595138E-016  -4.4036678239119666E-017   3.6558506692127110E-017   4.0570040695718013E-002  -2.4227822155276535E-016  -5.5102316662049957E-018   2.8312923294922255E-017   2.1885604192055493E-002   5.8227223493422368E-017  -1.6839014991415589E-018   4.2546817870978152E-018   4.1252532151698669E-003
  0.19391617636351696       -1.4217883706941012E-017   3.2103995945887898E-016   2.1387446885155970E-016  0.40574637898115667        2.5054551678338112E-016  -3.2959901393281955E-017  -2.4227822155276535E-016  0.61397186046361929        5.2690645086056350E-017  -3.0693348009683081E-017   3.7906906703200786E-017 -0.15015631075521474        2.5410961186439957E-017   8.7683374120626773E-018  -2.0214405302290878E-017
   1.6217730765165666E-017   4.0052822459782748E-002  -8.9274449197445444E-018  -1.1535459364340544E-017   3.7199703113635661E-017   2.1885604192055465E-002  -1.2032385360063088E-017  -5.5102316662049957E-018   5.2690645086056350E-017   1.1806240827899149E-002  -5.1571600993578099E-018  -6.6170213839505904E-018  -1.3069550864621429E-017   2.2253775818553982E-003  -1.1884578110767204E-018  -1.2705494208814678E-019
  -1.8376940339207803E-017  -1.4143756153252307E-017   4.0052822459782797E-002   4.8728393733961131E-017  -3.0191508356497522E-018  -7.1978036414513031E-018   2.1885604192055489E-002   2.8312923294922255E-017  -3.0693348009683081E-017  -5.1571600993578099E-018   1.1806240827899163E-002   1.8029237454465653E-017   6.4341899632909066E-018  -1.0336272469265299E-018   2.2253775818553982E-003   2.7748093491261507E-018
   7.8024339779163425E-018  -2.4898251140224405E-017   5.0757602331266718E-017   4.0052822459782783E-002   3.3751452694143492E-017  -3.0511256137362881E-017   2.4829923815812560E-017   2.1885604192055493E-002   3.7906906703200786E-017  -6.6170213839505904E-018   1.8029237454465653E-017   1.1806240827899175E-002  -9.8240155096351228E-018  -1.5953159700745350E-018   2.8146198976471028E-018   2.2253775818553982E-003
  -4.7425198960284666E-002   2.8555626736577669E-018  -8.2153222206822446E-017  -5.4183369707662444E-017  -9.9231549999851815E-002  -6.1614455615819955E-017   6.0730174528001208E-018   5.8227223493422368E-017 -0.15015631075521474       -1.3069550864621429E-017   6.4341899632909066E-018  -9.8240155096351228E-018   3.6723047278732122E-002  -6.2491824385196392E-018  -2.3465601239588418E-018   4.8394537850591089E-018
   7.9458444160260497E-018   7.5496218052241403E-003  -1.8915657433767140E-018  -3.3553798483900256E-018   1.7241349836566837E-017   4.1252532151698704E-003  -2.3821036989553761E-018  -1.6839014991415589E-018   2.5410961186439957E-017   2.2253775818553982E-003  -1.0336272469265299E-018  -1.5953159700745350E-018  -6.2491824385196392E-018   4.1946504852940678E-004  -2.3561633149457079E-019  -8.9573734172143079E-020
   1.1327488628629747E-018  -3.3999902502787616E-018   7.5496218052241403E-003   7.2045799050293298E-018   9.0488515060312263E-018  -1.7578757098684205E-018   4.1252532151698704E-003   4.2546817870978152E-018   8.7683374120626773E-018  -1.1884578110767204E-018   2.2253775818553982E-003   2.8146198976471028E-018  -2.3465601239588418E-018  -2.3561633149457079E-019   4.1946504852940624E-004   4.1299473623547532E-019
  -7.1705125791803678E-018  -8.9305507072178354E-019   7.4519135256275717E-018   7.5496218052241298E-003  -1.1718822656409225E-017  -3.6748524416627905E-018   3.5242923352883309E-018   4.1252532151698669E-003  -2.0214405302290878E-017  -1.2705494208814678E-019   2.7748093491261507E-018   2.2253775818553982E-003   4.8394537850591089E-018  -8.9573734172143079E-020   4.1299473623547532E-019   4.1946504852940580E-004
