   4.6602063132515117E-005  -3.8356755500839462E-012  -7.7245029157014763E-013   1.0923411192703004E-015  -2.7328666610910318E-004   1.0301967241749160E-011  -1.5361938773586656E-011   1.9761023409108867E-018  -5.4469716449923729E-018   5.9402063250589124E-018  -1.5289803104524680E-018  -1.4626246435293099E-018  -1.9313210874984209E-018   5.7252593881185295E-017  -3.1328621898786456E-018   7.1528612952374365E-019  -7.0683790620943356E-019   2.3422111772336128E-018  -4.7506381756170012E-018   1.1349069590110576E-018  -4.5512784530052286E-003   2.0642748809814845E-010   7.0337004132652100E-011   5.9034511326721298E-015   3.6950313680195477E-018  -1.4817163823959913E-018  -4.2290346883709543E-018  -2.5006674234529088E-018   1.7811930117020144E-018  -1.7413699051070661E-018  -6.6348447798423539E-003   2.5248908005944669E-010   2.7922593702611590E-011   3.9686882231466177E-014  -3.6573621178796908E-014   1.8639695362163496E-003  -7.3472982481130012E-011  -1.1902734573152691E-011   2.2231904892594556E-019   2.9077455203219960E-019  -6.5510767172734017E-019  -1.5592277329462507E-019   1.7538318792092518E-019   1.7835867137997368E-019
  -3.8356755500839462E-012   4.6602119861944228E-005  -8.9007040985776845E-012   1.1089960545842900E-015   1.0301967073253507E-011  -2.7328686630216588E-004   6.0480471691496420E-011  -7.1842276080311948E-018  -3.3541600640638776E-018   1.1857734624015481E-018   7.1135649803537048E-018  -4.8187401019114529E-018   3.6269342568482920E-018   8.1717961834849688E-016  -7.3032797729888510E-018   2.7281357438113685E-018  -3.8275894906070025E-019  -1.7526039770714234E-017   4.1563192257139466E-018  -1.0189716360034951E-017   2.0642710794201328E-010  -4.5512814271516915E-003   4.1867687457145704E-010  -4.1579343405299963E-015  -2.1571415329114661E-017  -1.2186646843730822E-018  -3.6102032107987512E-018  -1.9879188139491119E-017  -2.5914564388668926E-018  -2.1698915039124436E-017   2.5248853826318421E-010  -6.6348485770202584E-003   6.3398756890149704E-010  -2.4495458626190949E-014   2.2476962636101421E-014  -7.3472830095704588E-011   1.8639706308138165E-003  -1.7656362073446093E-010  -1.8932615918488753E-018   3.5159925723008329E-019   1.7953372741537670E-019  -2.0112736226282718E-018   6.7357909368269806E-019  -1.7480561683056723E-018
  -7.7245029157014763E-013  -8.9007040985776845E-012   4.6602077165042855E-005  -5.1835161422748715E-015  -1.5361943778485966E-011   6.0480553073720776E-011  -2.7328656866125082E-004   6.3317964774062940E-018  -5.7105222976195825E-018   2.3816175102106200E-018   1.2153165546621932E-017   1.6543340713054017E-020   2.6668117542875122E-018  -2.9076202420415433E-015   1.1198206423239013E-017   2.4319585964948646E-018   2.8738404882672782E-018   7.3186024245036387E-018  -4.7044440150409985E-018   7.4473704257263968E-018   7.0336876271758163E-011   4.1867866398691721E-010  -4.5512794311401861E-003   8.2415769712929460E-015   9.0807504824952556E-018  -2.2883549123186971E-018  -6.7246977094228332E-018   4.6704904654981891E-018   1.3420801487882208E-018  -4.8542204578552736E-019   2.7922381707629068E-011   6.3399013832306636E-010  -6.6348455258804021E-003   4.3233517964243542E-014  -3.9500208917908505E-014  -1.1902675875198814E-011  -1.7656434246141525E-010   1.8639697825849626E-003   1.8138657806396982E-019   4.1524310462851362E-019  -1.0154555541919692E-021  -1.1425655475025040E-021   5.4483904519201968E-020   1.0403061990393540E-018
   1.0923411192703004E-015   1.1089960545842900E-015  -5.1835161422748715E-015   1.4694711237713065       -1.5872939435346482E-015  -1.4417312388865223E-015   6.3166347056825944E-015   8.8677535777865139E-008   1.4817017631576520E-008   9.7419775846754021E-009  -8.5052301955758791E-008   2.0207483943148246E-008  -3.6253418332230690E-009  0.70716919029270553        2.6872916610261019E-009  -5.6467848785449236E-009   2.1526439511418920E-008   1.2885010940179123E-007  -6.0642293774403974E-008  -1.3153751537324653E-007  -1.2710247755645746E-015   1.5942705414114998E-015  -1.0395751398292042E-015 -0.77054426765727757        3.4420709408245592E-009  -1.1427945751343506E-009   6.3615401576584418E-009   3.3737677050369695E-008  -1.6478483988927300E-008  -3.7179773865597153E-008  -3.1838497155221619E-015   1.8875485397743625E-015   2.1143103320721197E-015  -2.4867044167622727        2.1988671469590617        8.6726747240073167E-016  -5.4777338421728403E-016  -5.2945397673393543E-016  -4.9545833605066981E-010   1.0105994759624801E-010  -6.9474853393841966E-010  -3.4885595233690848E-009   1.7344953263835122E-009   3.9840189474618969E-009
  -2.7328666610910318E-004   1.0301967073253507E-011  -1.5361943778485966E-011  -1.5872939435346482E-015   1.6026243658066605E-003   1.1080299101686749E-011   2.0673701478659660E-010  -1.1588036919054000E-017   3.1942518168707865E-017  -3.4834861556091008E-017   8.9661443556044172E-018   8.5772264611404879E-018   1.1325613401155178E-017   5.2339540551956460E-017   1.8371510512435745E-017  -4.1946968991796971E-018   4.1450439295681071E-018  -1.3734895782415303E-017   2.7858867723959600E-017  -6.6554234143876309E-018   2.6689885197124952E-002  -1.9897896247472016E-011   1.5302096270056621E-009  -8.5458607749232898E-015  -2.1668692356209054E-017   8.6891672355584029E-018   2.4800142415020914E-017   1.4664522207312134E-017  -1.0445344226694517E-017   1.0211966775475768E-017   3.8908462161397220E-002   2.5506051129177590E-010   2.6682955076809156E-009  -5.6613032834490029E-014   5.2195092715264595E-014  -1.0930804046872388E-002  -5.6762891593958378E-011  -7.2582269956082408E-010  -1.3037202472265432E-018  -1.7051763580096902E-018   3.8417273666631258E-018   9.1437648878626388E-019  -1.0284984900109243E-018  -1.0459621998081654E-018
   1.0301967241749160E-011  -2.7328686630216588E-004   6.0480553073720776E-011  -1.4417312388865223E-015   1.1080299101686749E-011   1.6026247628758027E-003  -4.0325568942031415E-010   4.2130441718512979E-017   1.9669710977012694E-017  -6.9536658170435007E-018  -4.1716124373468406E-017   2.8258437234516578E-017  -2.1269208470025671E-017  -1.2520797876649225E-015   4.2828569447811624E-017  -1.5998482032955974E-017   2.2447336907666261E-018   1.0277765762177005E-016  -2.4373985288451501E-017   5.9754447991595705E-017  -1.9895683367948079E-011   2.6689889699658010E-002  -3.2643175184045662E-009   5.3730208349344588E-015   1.2650040686933730E-016   7.1465616622603170E-018   2.1171212059879076E-017   1.1657690147746494E-016   1.5196861026030920E-017   1.2724777964020547E-016   2.5506366453774866E-010   3.8908465567119847E-002  -4.8973538820653548E-009   2.9698001273596667E-014  -2.7306582749695601E-014  -5.6763778482646171E-011  -1.0930805166877375E-002   1.3667755459779841E-009   1.1102562951804491E-017  -2.0618693457479459E-018  -1.0528385143370348E-018   1.1794607086172028E-017  -3.9500294364237113E-018   1.0251085818416049E-017
  -1.5361938773586656E-011   6.0480471691496420E-011  -2.7328656866125082E-004   6.3166347056825944E-015   2.0673701478659660E-010  -4.0325568942031415E-010   1.6026227403156213E-003  -3.7132692690604314E-017   3.3487732684248373E-017  -1.3966554890966776E-017  -7.1267815158694307E-017  -9.7392334408586484E-020  -1.5638933514721182E-017   3.7936504226447007E-015  -6.5669567818904275E-017  -1.4261583050353862E-017  -1.6853385403316163E-017  -4.2920267243121311E-017   2.7589138162561430E-017  -4.3670797737289953E-017   1.5302098880281821E-009  -3.2643200640027415E-009   2.6689873379460199E-002  -1.0985164400616997E-014  -5.3251984907078320E-017   1.3419519238576955E-017   3.9435214524180054E-017  -2.7389649729996290E-017  -7.8699561178203209E-018   2.8474490255728425E-018   2.6682960383224931E-009  -4.8973573632464345E-009   3.8908440946607240E-002  -5.3517863947790801E-014   4.9118110023771758E-014  -7.2582284359877676E-010   1.3667765232814308E-009  -1.0930798302548851E-002  -1.0636743873041491E-018  -2.4350928279582410E-018   5.9728589317987959E-021   6.7706125706284321E-021  -3.1954566575947446E-019  -6.1007177565952466E-018
   1.9761023409108867E-018  -7.1842276080311948E-018   6.3317964774062940E-018   8.8677535777865139E-008  -1.1588036919054000E-017   4.2130441718512979E-017  -3.7132692690604314E-017   5.3535995756204921E-015   8.9425291410956236E-016   5.8909005920203264E-016  -5.1288463995498274E-015   1.2172107610883669E-015  -2.2475974330976910E-016   4.2594876240227020E-008   1.4480100512476607E-016  -3.4292845234353365E-016   1.2945698131318351E-015   7.7764169593595704E-015  -3.6561002827983755E-015  -7.9212251585176306E-015  -1.9298371743070067E-016   7.0163583289672481E-016  -6.1840918147630652E-016  -4.5309399780862691E-008   2.0452553785749202E-016  -6.9049398901546989E-017   3.8198753684256383E-016   2.0293635414509657E-015  -9.9064943182040475E-016  -2.2338909868650355E-015  -2.8133138390483518E-016   1.0228432358643126E-015  -9.0151538200995581E-016  -1.4239478574742670E-007   1.2564003801668394E-007   7.9036229723408541E-017  -2.8735392158699306E-016   2.5326851395837938E-016  -2.9153801258217949E-017   6.1600007129496080E-018  -4.1623775259801402E-017  -2.0987554405956843E-016   1.0420590823167974E-016   2.3902938175432615E-016
  -5.4469716449923729E-018  -3.3541600640638776E-018  -5.7105222976195825E-018   1.4817017631576520E-008   3.1942518168707865E-017   1.9669710977012694E-017   3.3487732684248373E-017   8.9425291410956236E-016   1.4940764941587323E-016   9.8282843371009402E-017  -8.5743740245250560E-016   2.0365878942680096E-016  -3.6816602905482679E-017   7.1270392573343607E-009   2.6337631693898790E-017  -5.7032420227308145E-017   2.1686044018014665E-016   1.2992584997404168E-015  -6.1131936070797491E-016  -1.3255972969785714E-015   5.3196651702671795E-016   3.2757694827145548E-016   5.5769934385294516E-016  -7.7175616088790171E-009   3.4567728384165616E-017  -1.1526806057620255E-017   6.4061436936544154E-017   3.3989686151263658E-016  -1.6599160442570275E-016  -3.7446486591964555E-016   7.7549974100468578E-016   4.7754099097727016E-016   8.1301296729688925E-016  -2.4738878063118031E-008   2.1863433583841061E-008  -2.1786612014197935E-016  -1.3415865822854111E-016  -2.2840495542622615E-016  -4.9632477271211919E-018   1.0216930829107911E-018  -6.9921171315469541E-018  -3.5147678562073365E-017   1.7469001252643339E-017   4.0110935983163285E-017
   5.9402063250589124E-018   1.1857734624015481E-018   2.3816175102106200E-018   9.7419775846754021E-009  -3.4834861556091008E-017  -6.9536658170435007E-018  -1.3966554890966776E-017   5.8909005920203264E-016   9.8282843371009402E-017   6.5230164736741693E-017  -5.6182785816925953E-016   1.3275759105206501E-016  -2.7262943617675881E-017   4.6448736998811547E-009   8.4435930924470862E-018  -3.8603758396520472E-017   1.4029545383138435E-016   8.5462982276296459E-016  -4.0016920194677988E-016  -8.6307433330067503E-016  -5.8013463782019832E-016  -1.1580531672078707E-016  -2.3259777005304940E-016  -4.4660753710585379E-009   2.1097223760522336E-017  -7.6224787676005315E-018   4.1143905187255791E-017   2.2011088139967754E-016  -1.0721081154596163E-016  -2.4120846347279182E-016  -8.4571915742155253E-016  -1.6882075368197072E-016  -3.3908052075972564E-016  -1.2347306865227474E-008   1.0771063928736177E-008   2.3759331143047868E-016   4.7427898432813122E-017   9.5260070299804559E-017  -2.8824440310381428E-018   7.0310694299977378E-019  -4.4429733227784264E-018  -2.2778530125514512E-017   1.1248092439350829E-017   2.5660965600460065E-017
  -1.5289803104524680E-018   7.1135649803537048E-018   1.2153165546621932E-017  -8.5052301955758791E-008   8.9661443556044172E-018  -4.1716124373468406E-017  -7.1267815158694307E-017  -5.1288463995498274E-015  -8.5743740245250560E-016  -5.6182785816925953E-016   4.9291975971037865E-015  -1.1734130216174525E-015   1.9965497048219129E-016  -4.1067325662009645E-008  -1.8508577425335110E-016   3.2315117415460017E-016  -1.2535564525323199E-015  -7.4564990794976137E-015   3.5158234658417972E-015   7.6415909667769528E-015   1.4932006586311771E-016  -6.9473641159460756E-016  -1.1868786184558155E-015   4.6623712715401448E-008  -2.0465512970256635E-016   6.5998670315137352E-017  -3.7145157295695987E-016  -1.9639310506296784E-015   9.6018140210578619E-016   2.1685870890932290E-015   2.1767851950741890E-016  -1.0127852485690244E-015  -1.7302293393081706E-015   1.5697648048701815E-007  -1.3926992624278458E-007  -6.1153824003883463E-017   2.8452826721758984E-016   4.8608444500460004E-016   2.9945004314213606E-017  -5.7448813695454557E-018   4.0725342518849183E-017   2.0301696084017261E-016  -1.0118272672786149E-016  -2.3296207784480978E-016
  -1.4626246435293099E-018  -4.8187401019114529E-018   1.6543340713054017E-020   2.0207483943148246E-008   8.5772264611404879E-018   2.8258437234516578E-017  -9.7392334408586484E-020   1.2172107610883669E-015   2.0365878942680096E-016   1.3275759105206501E-016  -1.1734130216174525E-015   2.8015241005205228E-016  -4.3799175058856751E-017   9.8059852348166231E-009   5.4531294293054525E-017  -7.5461526953051420E-017   3.0055237264256323E-016   1.7711223650138739E-015  -8.3742010634985696E-016  -1.8256549318983246E-015   1.4284399172312104E-016   4.7061257756438722E-016  -1.6235944680142833E-018  -1.1800797162190553E-008   5.0563806137587735E-017  -1.5628477540273051E-017   8.9413497347925336E-017   4.7061358917532177E-016  -2.3042033158336527E-016  -5.2117740083344259E-016   2.0823769425196590E-016   6.8605802352748897E-016  -2.3668249761176711E-018  -4.1957619503621788E-008   3.7376765260976243E-008  -5.8501552177916147E-017  -1.9273868774380458E-016   6.6492622449941518E-019  -7.5676944976124622E-018   1.3276105384301433E-018  -9.8594064836681148E-018  -4.8627881511437206E-017   2.4322498869478632E-017   5.6195620546183507E-017
  -1.9313210874984209E-018   3.6269342568482920E-018   2.6668117542875122E-018  -3.6253418332230690E-009   1.1325613401155178E-017  -2.1269208470025671E-017  -1.5638933514721182E-017  -2.2475974330976910E-016  -3.6816602905482679E-017  -2.7262943617675881E-017   1.9965497048219129E-016  -4.3799175058856751E-017   2.5105172039571681E-017  -1.5276007747486792E-009   4.0284956932746436E-017   1.9777741266521950E-017  -4.1014843539998266E-017  -3.1992736754120860E-016   1.4028119774180711E-016   2.7964349163074210E-016   1.8861436890990516E-016  -3.5421414313270183E-016  -2.6044918819764208E-016  -1.3142827053933050E-009   1.2940965176403597E-019   3.0508144864189454E-018  -1.0536389114060101E-017  -6.5434824459978122E-017   3.0469157285667826E-017   6.5306413613390110E-017   2.7496169756759811E-016  -5.1637265250384418E-016  -3.7968228545650816E-016  -1.4581682112157610E-008   1.3629883105660985E-008  -7.7246754749399663E-017   1.4506788644713712E-016   1.0666657876900816E-016  -7.9118317603550709E-019  -4.1512813345266685E-019   8.9847710897207423E-019   6.8588252848247350E-018  -3.0232986800383219E-018  -6.0675658543369698E-018
   5.7252593881185295E-017   8.1717961834849688E-016  -2.9076202420415433E-015  0.70716919029270553        5.2339540551956460E-017  -1.2520797876649225E-015   3.7936504226447007E-015   4.2594876240227020E-008   7.1270392573343607E-009   4.6448736998811547E-009  -4.1067325662009645E-008   9.8059852348166231E-009  -1.5276007747486792E-009  0.34323390572135043        1.9233513103562574E-009  -2.6389370076287545E-009   1.0521821733160127E-008   6.1980501075924242E-008  -2.9308844412616074E-008  -6.3903896665566218E-008   2.3137908030906473E-015  -3.2631305774045803E-015   3.9969146229314265E-015 -0.41400219176028513        1.7722587925422879E-009  -5.4685096061232444E-010   3.1307119386218114E-009   1.6475009048663098E-008  -8.0669118373712231E-009  -1.8247267735336734E-008   3.3529125123577221E-015  -5.2016961730421498E-015   7.4943406791229232E-015  -1.4749505912585117        1.3141101301172238       -9.4939187242955481E-016   1.4520588928624366E-015  -2.1452802690041506E-015  -2.6547862729731711E-010   4.6407241374770263E-011  -3.4529483590948517E-010  -1.7023117255418565E-009   8.5157753697208425E-010   1.9677919366839974E-009
  -3.1328621898786456E-018  -7.3032797729888510E-018   1.1198206423239013E-017   2.6872916610261019E-009   1.8371510512435745E-017   4.2828569447811624E-017  -6.5669567818904275E-017   1.4480100512476607E-016   2.6337631693898790E-017   8.4435930924470862E-018  -1.8508577425335110E-016   5.4531294293054525E-017   4.0284956932746436E-017   1.9233513103562574E-009   1.4110573374228158E-016   6.6456228439599432E-018   7.4472324718822147E-017   2.2971108059635527E-016  -1.3798340579679014E-016  -3.7081470390724024E-016   3.0595441604566478E-016   7.1326207482885732E-016  -1.0936544174564140E-015  -1.0742983011143523E-008   3.1322082598118566E-017  -1.4180860834205773E-018   2.6607678139908946E-017   1.1336912164463138E-016  -5.9701599234849046E-017  -1.4468853738732234E-016   4.4601986744353188E-016   1.0397919232685463E-015  -1.5943271051574946E-015  -6.4686971457235985E-008   5.9336104691954704E-008  -1.2530322397988299E-016  -2.9211542396050086E-016   4.4790454205539988E-016  -6.7512526118457982E-018  -2.9650338227758766E-019  -3.6379970526891409E-018  -1.1453538907307994E-017   6.8177301959475603E-018   1.8205022664310033E-017
   7.1528612952374365E-019   2.7281357438113685E-018   2.4319585964948646E-018  -5.6467848785449236E-009  -4.1946968991796971E-018  -1.5998482032955974E-017  -1.4261583050353862E-017  -3.4292845234353365E-016  -5.7032420227308145E-017  -3.8603758396520472E-017   3.2315117415460017E-016  -7.5461526953051420E-017   1.9777741266521950E-017  -2.6389370076287545E-009   6.6456228439599432E-018   2.3814156830328698E-017  -7.8345457589459019E-017  -4.9587469473918203E-016   2.2965692773278416E-016   4.8922980021279069E-016  -6.9858268704014321E-017  -2.6643647933855925E-016  -2.3751041150611800E-016   1.7978110869896645E-009  -1.0108043831288332E-017   4.4751734899545071E-018  -2.2579635708125783E-017  -1.2320558462932848E-016   5.9637819593774959E-017   1.3331406612928771E-016  -1.0183923166306466E-016  -3.8841054832471792E-016  -3.4624219125064211E-016   2.0611665276131198E-009  -1.5563121370161347E-009   2.8610349001628987E-017   1.0911867044722293E-016   9.7272041270724230E-017   1.1754871201554060E-018  -4.4832803792894516E-019   2.3746979441173365E-018   1.2773299607973533E-017  -6.2108654485812393E-018  -1.3948762351838590E-017
  -7.0683790620943356E-019  -3.8275894906070025E-019   2.8738404882672782E-018   2.1526439511418920E-008   4.1450439295681071E-018   2.2447336907666261E-018  -1.6853385403316163E-017   1.2945698131318351E-015   2.1686044018014665E-016   1.4029545383138435E-016  -1.2535564525323199E-015   3.0055237264256323E-016  -4.1014843539998266E-017   1.0521821733160127E-008   7.4472324718822147E-017  -7.8345457589459019E-017   3.2439232390458485E-016   1.8860121944329160E-015  -8.9533684567533815E-016  -1.9604855958084712E-015   6.9030784155635646E-017   3.7384114089644367E-017  -2.8067612219798097E-016  -1.3693762516026891E-008   5.6874552505402717E-017  -1.6567751529734821E-017   9.7050720765987711E-017   5.0754612575768290E-016  -2.4901642728259955E-016  -5.6442035767042545E-016   1.0063295227297231E-016   5.4498466316089851E-017  -4.0916900743206693E-016  -5.1930072740936015E-008   4.6469911393843043E-008  -2.8271461605705434E-017  -1.5310604393058057E-017   1.1495047521994151E-016  -8.7647291227802778E-018   1.3563695223084649E-018  -1.0787707660922610E-017  -5.2412160730256863E-017   2.6348575253047375E-017   6.1176964861028612E-017
   2.3422111772336128E-018  -1.7526039770714234E-017   7.3186024245036387E-018   1.2885010940179123E-007  -1.3734895782415303E-017   1.0277765762177005E-016  -4.2920267243121311E-017   7.7764169593595704E-015   1.2992584997404168E-015   8.5462982276296459E-016  -7.4564990794976137E-015   1.7711223650138739E-015  -3.1992736754120860E-016   6.1980501075924242E-008   2.2971108059635527E-016  -4.9587469473918203E-016   1.8860121944329160E-015   1.1298438587762447E-014  -5.3162223590657195E-015  -1.1528159792511207E-014  -2.2873671555926989E-016   1.7116469073069587E-015  -7.1479762254445008E-016  -6.7158981682964581E-008   3.0072840649097585E-016  -1.0023479763902959E-016   5.5715838036534935E-016   2.9560302167650337E-015  -1.4436247304023253E-015  -3.2567610100896520E-015  -3.3345205022573072E-016   2.4952352586208530E-015  -1.0420301555149704E-015  -2.1543030369135478E-007   1.9040121055690898E-007   9.3678822937079604E-017  -7.0100247118025267E-016   2.9274423219036926E-016  -4.3189888205347062E-017   8.8823428752022663E-018  -6.0815838478291460E-017  -3.0567256359741106E-016   1.5193011039894288E-016   3.4886253724096071E-016
  -4.7506381756170012E-018   4.1563192257139466E-018  -4.7044440150409985E-018  -6.0642293774403974E-008   2.7858867723959600E-017  -2.4373985288451501E-017   2.7589138162561430E-017  -3.6561002827983755E-015  -6.1131936070797491E-016  -4.0016920194677988E-016   3.5158234658417972E-015  -8.3742010634985696E-016   1.4028119774180711E-016  -2.9308844412616074E-008  -1.3798340579679014E-016   2.2965692773278416E-016  -8.9533684567533815E-016  -5.3162223590657195E-015   2.5079788645997363E-015   5.4542100209704811E-015   4.6395713177314097E-016  -4.0592218506652069E-016   4.5947060990968700E-016   3.3655099306214283E-008  -1.4702488098213555E-016   4.7027372357494843E-017  -2.6550656888231419E-016  -1.4025658574160928E-015   6.8591568778365555E-016   1.5495912664265005E-015   6.7635582591616567E-016  -5.9175248456303658E-016   6.6981514637751522E-016   1.1458133116712497E-007  -1.0174340076886240E-007  -1.9001298296090289E-016   1.6624482757239866E-016  -1.8817547170988795E-016   2.1609042469536279E-017  -4.0748349276296047E-018   2.9141770930914231E-017   1.4497527296389523E-016  -7.2304365777732212E-017  -1.6658440590631301E-016
   1.1349069590110576E-018  -1.0189716360034951E-017   7.4473704257263968E-018  -1.3153751537324653E-007  -6.6554234143876309E-018   5.9754447991595705E-017  -4.3670797737289953E-017  -7.9212251585176306E-015  -1.3255972969785714E-015  -8.6307433330067503E-016   7.6415909667769528E-015  -1.8256549318983246E-015   2.7964349163074210E-016  -6.3903896665566218E-008  -3.7081470390724024E-016   4.8922980021279069E-016  -1.9604855958084712E-015  -1.1528159792511207E-014   5.4542100209704811E-015   1.1898982510187893E-014  -1.1083850644636017E-016   9.9513878445165830E-016  -7.2727654742167389E-016   7.7901865669963150E-008  -3.3205033060644681E-016   1.0165298406202543E-016  -5.8376629834783358E-016  -3.0694010828531536E-015   1.5033271079522138E-015   3.4014511334861080E-015  -1.6158016720772141E-016   1.4507113357132322E-015  -1.0602225277186490E-015   2.8011644435479353E-007  -2.4973654423000414E-007   4.5393754806346399E-017  -4.0755765250069665E-016   2.9785513510478662E-016   4.9941079809597278E-017  -8.5858555517027704E-018   6.4453849255066311E-017   3.1712628746771569E-016  -1.5874791343035218E-016  -3.6706768385684873E-016
  -4.5512784530052286E-003   2.0642710794201328E-010   7.0336876271758163E-011  -1.2710247755645746E-015   2.6689885197124952E-002  -1.9895683367948079E-011   1.5302098880281821E-009  -1.9298371743070067E-016   5.3196651702671795E-016  -5.8013463782019832E-016   1.4932006586311771E-016   1.4284399172312104E-016   1.8861436890990516E-016   2.3137908030906473E-015   3.0595441604566478E-016  -6.9858268704014321E-017   6.9030784155635646E-017  -2.2873671555926989E-016   4.6395713177314097E-016  -1.1083850644636017E-016  0.44448966771896115       -3.7358540376680259E-009  -6.3709572843668018E-009   2.5010964996900713E-015  -3.6086773187268666E-016   1.4470814509311603E-016   4.1301795767465245E-016   2.4422065148148609E-016  -1.7395509658755564E-016   1.7006932864173566E-016  0.64797616362314558       -7.1529704116119630E-010  -2.0005182719531802E-009   3.2723054245215088E-014  -2.9551583779936960E-014 -0.18204010331294923        4.4897724423906980E-010   9.5835874173023743E-010  -2.1711886898002760E-017  -2.8397758885685394E-017   6.3979626126682637E-017   1.5227924604241843E-017  -1.7128503163798964E-017  -1.7419420905359885E-017
   2.0642748809814845E-010  -4.5512814271516915E-003   4.1867866398691721E-010   1.5942705414114998E-015  -1.9897896247472016E-011   2.6689889699658010E-002  -3.2643200640027415E-009   7.0163583289672481E-016   3.2757694827145548E-016  -1.1580531672078707E-016  -6.9473641159460756E-016   4.7061257756438722E-016  -3.5421414313270183E-016  -3.2631305774045803E-015   7.1326207482885732E-016  -2.6643647933855925E-016   3.7384114089644367E-017   1.7116469073069587E-015  -4.0592218506652069E-016   9.9513878445165830E-016  -3.7358540376680259E-009  0.44448970756052586        3.1164168519630383E-009  -1.9616157044234828E-015   2.1067203231362132E-015   1.1901785654585910E-016   3.5258273617364093E-016   1.9414564474398731E-015   2.5308585809735633E-016   2.1191655239051850E-015  -7.1529825164611099E-010  0.64797616911018874        2.2342360641056388E-009  -5.1417482641225583E-014   4.5903046803840988E-014   4.4897756720656078E-010 -0.18204010757259384       -7.7872124697721978E-010   1.8490047819798161E-016  -3.4338092340336203E-017  -1.7533858423477421E-017   1.9642564118897470E-016  -6.5783180212180448E-017   1.7072030384936505E-016
   7.0337004132652100E-011   4.1867687457145704E-010  -4.5512794311401861E-003  -1.0395751398292042E-015   1.5302096270056621E-009  -3.2643175184045662E-009   2.6689873379460199E-002  -6.1840918147630652E-016   5.5769934385294516E-016  -2.3259777005304940E-016  -1.1868786184558155E-015  -1.6235944680142833E-018  -2.6044918819764208E-016   3.9969146229314265E-015  -1.0936544174564140E-015  -2.3751041150611800E-016  -2.8067612219798097E-016  -7.1479762254445008E-016   4.5947060990968700E-016  -7.2727654742167389E-016  -6.3709572843668018E-009   3.1164168519630383E-009  0.44448972493136057       -7.8917409758525880E-015  -8.8685199094523566E-016   2.2348702970880280E-016   6.5674836478441326E-016  -4.5614657665205800E-016  -1.3106362430939576E-016   4.7424980982969800E-017  -2.0005157718371806E-009   2.2342398909619209E-009  0.64797618062792373        5.7468188559331517E-014  -4.8243707214998082E-014   9.5835812326066066E-010  -7.7872233352113821E-010 -0.18204011168217771       -1.7714160670911263E-017  -4.0553726907327638E-017   9.9544872071072107E-020   1.1309830570686631E-019  -5.3218517876259321E-018  -1.0160097465421179E-016
   5.9034511326721298E-015  -4.1579343405299963E-015   8.2415769712929460E-015 -0.77054426765727757       -8.5458607749232898E-015   5.3730208349344588E-015  -1.0985164400616997E-014  -4.5309399780862691E-008  -7.7175616088790171E-009  -4.4660753710585379E-009   4.6623712715401448E-008  -1.1800797162190553E-008  -1.3142827053933050E-009 -0.41400219176028513       -1.0742983011143523E-008   1.7978110869896645E-009  -1.3693762516026891E-008  -6.7158981682964581E-008   3.3655099306214283E-008   7.7901865669963150E-008   2.5010964996900713E-015  -1.9616157044234828E-015  -7.8917409758525880E-015   1.0437431022561989       -3.5201623377739487E-009   5.5320392567176798E-010  -4.3620333292322712E-009  -2.1232265622172199E-008   1.0667139714718008E-008   2.4752255512256202E-008  -4.8456265471861951E-015   8.4458469794903970E-016  -1.2235319417857258E-014   5.4255943109627367       -4.9440162448429446        1.2918907221728713E-015  -2.1522913250914512E-016   4.4537824810635169E-015   6.6040145962207876E-010  -2.0005698568138136E-011   5.2655887170905050E-010   2.1770255699542753E-009  -1.1593772621978213E-009  -2.8374433052388834E-009
   3.6950313680195477E-018  -2.1571415329114661E-017   9.0807504824952556E-018   3.4420709408245592E-009  -2.1668692356209054E-017   1.2650040686933730E-016  -5.3251984907078320E-017   2.0452553785749202E-016   3.4567728384165616E-017   2.1097223760522336E-017  -2.0465512970256635E-016   5.0563806137587735E-017   1.2940965176403597E-019   1.7722587925422879E-009   3.1322082598118566E-017  -1.0108043831288332E-017   5.6874552505402717E-017   3.0072840649097585E-016  -1.4702488098213555E-016  -3.3205033060644681E-016  -3.6086773187268666E-016   2.1067203231362132E-015  -8.8685199094523566E-016  -3.5201623377739487E-009   1.2661861826606164E-017  -2.5534141481268126E-018   1.7652916864063965E-017   8.8522192178188120E-017  -4.4032348452536539E-017  -1.0118361583863701E-016  -5.2607224056178846E-016   3.0711724858789541E-015  -1.2928509676479535E-015  -1.6876433613217626E-008   1.5315628596839697E-008   1.4779285219367240E-016  -8.6280421462913841E-016   3.6320892522891381E-016  -2.2347043362851567E-018   1.4827173497257301E-019  -2.0624333031506982E-018  -9.1039610126314481E-018   4.7328317461689027E-018   1.1338710008613676E-017
  -1.4817163823959913E-018  -1.2186646843730822E-018  -2.2883549123186971E-018  -1.1427945751343506E-009   8.6891672355584029E-018   7.1465616622603170E-018   1.3419519238576955E-017  -6.9049398901546989E-017  -1.1526806057620255E-017  -7.6224787676005315E-018   6.5998670315137352E-017  -1.5628477540273051E-017   3.0508144864189454E-018  -5.4685096061232444E-010  -1.4180860834205773E-018   4.4751734899545071E-018  -1.6567751529734821E-017  -1.0023479763902959E-016   4.7027372357494843E-017   1.0165298406202543E-016   1.4470814509311603E-016   1.1901785654585910E-016   2.2348702970880280E-016   5.5320392567176798E-010  -2.5534141481268126E-018   8.9205493819843888E-019  -4.8734499964188620E-018  -2.5982608506665609E-017   1.2669325461022261E-017   2.8536056165398198E-017   2.1095525601155244E-016   1.7350398363973372E-016   3.2579891793989954E-016   1.6372356730103236E-009  -1.4371851319598999E-009  -5.9265014000300706E-017  -4.8743588638601438E-017  -9.1528783317833267E-017   3.5648074562695891E-019  -8.0967628661579496E-020   5.2862158061916538E-019   2.6879936404081611E-018  -1.3309178628707614E-018  -3.0444741018315150E-018
  -4.2290346883709543E-018  -3.6102032107987512E-018  -6.7246977094228332E-018   6.3615401576584418E-009   2.4800142415020914E-017   2.1171212059879076E-017   3.9435214524180054E-017   3.8198753684256383E-016   6.4061436936544154E-017   4.1143905187255791E-017  -3.7145157295695987E-016   8.9413497347925336E-017  -1.0536389114060101E-017   3.1307119386218114E-009   2.6607678139908946E-017  -2.2579635708125783E-017   9.7050720765987711E-017   5.5715838036534935E-016  -2.6550656888231419E-016  -5.8376629834783358E-016   4.1301795767465245E-016   3.5258273617364093E-016   6.5674836478441326E-016  -4.3620333292322712E-009   1.7652916864063965E-017  -4.8734499964188620E-018   2.9186342696322056E-017   1.5173618111133605E-016  -7.4588399185069645E-017  -1.6938891157009160E-016   6.0209679010206179E-016   5.1399437132836228E-016   9.5740639551674547E-016  -1.7377516503835539E-008   1.5600985235115925E-008  -1.6915091558933822E-016  -1.4439974055610258E-016  -2.6897033120256362E-016  -2.7875753769603856E-018   3.8458224410134897E-019  -3.2679612536336500E-018  -1.5660309464159446E-017   7.9097133525351779E-018   1.8447914746681663E-017
  -2.5006674234529088E-018  -1.9879188139491119E-017   4.6704904654981891E-018   3.3737677050369695E-008   1.4664522207312134E-017   1.1657690147746494E-016  -2.7389649729996290E-017   2.0293635414509657E-015   3.3989686151263658E-016   2.2011088139967754E-016  -1.9639310506296784E-015   4.7061358917532177E-016  -6.5434824459978122E-017   1.6475009048663098E-008   1.1336912164463138E-016  -1.2320558462932848E-016   5.0754612575768290E-016   2.9560302167650337E-015  -1.4025658574160928E-015  -3.0694010828531536E-015   2.4422065148148609E-016   1.9414564474398731E-015  -4.5614657665205800E-016  -2.1232265622172199E-008   8.8522192178188120E-017  -2.5982608506665609E-017   1.5173618111133605E-016   7.9418968523049919E-016  -3.8954818358484381E-016  -8.8271144169481720E-016   3.5602441903188234E-016   2.8302511376752312E-015  -6.6496944364027491E-016  -7.9909482109803997E-008   7.1470583888056806E-008  -1.0002022501267418E-016  -7.9512063288535626E-016   1.8681413346766709E-016  -1.3592939468802739E-017   2.1376284958617617E-018  -1.6849002285424278E-017  -8.2019083125384808E-017   4.1205602812823185E-017   9.5612134516895579E-017
   1.7811930117020144E-018  -2.5914564388668926E-018   1.3420801487882208E-018  -1.6478483988927300E-008  -1.0445344226694517E-017   1.5196861026030920E-017  -7.8699561178203209E-018  -9.9064943182040475E-016  -1.6599160442570275E-016  -1.0721081154596163E-016   9.6018140210578619E-016  -2.3042033158336527E-016   3.0469157285667826E-017  -8.0669118373712231E-009  -5.9701599234849046E-017   5.9637819593774959E-017  -2.4901642728259955E-016  -1.4436247304023253E-015   6.8591568778365555E-016   1.5033271079522138E-015  -1.7395509658755564E-016   2.5308585809735633E-016  -1.3106362430939576E-016   1.0667139714718008E-008  -4.4032348452536539E-017   1.2669325461022261E-017  -7.4588399185069645E-017  -3.8954818358484381E-016   1.9120666338768631E-016   4.3358023295361198E-016  -2.5359141140586436E-016   3.6894805109188054E-016  -1.9106431539200493E-016   4.0941656853934479E-008  -3.6666505158125220E-008   7.1243063193993877E-017  -1.0365094580901789E-016   5.3676928076820113E-017   6.8249808415982035E-018  -1.0287829527665798E-018   8.3048020764044370E-018   4.0221826161940333E-017  -2.0241919406805149E-017  -4.7046868953464987E-017
  -1.7413699051070661E-018  -2.1698915039124436E-017  -4.8542204578552736E-019  -3.7179773865597153E-008   1.0211966775475768E-017   1.2724777964020547E-016   2.8474490255728425E-018  -2.2338909868650355E-015  -3.7446486591964555E-016  -2.4120846347279182E-016   2.1685870890932290E-015  -5.2117740083344259E-016   6.5306413613390110E-017  -1.8247267735336734E-008  -1.4468853738732234E-016   1.3331406612928771E-016  -5.6442035767042545E-016  -3.2567610100896520E-015   1.5495912664265005E-015   3.4014511334861080E-015   1.7006932864173566E-016   2.1191655239051850E-015   4.7424980982969800E-017   2.4752255512256202E-008  -1.0118361583863701E-016   2.8536056165398198E-017  -1.6938891157009160E-016  -8.8271144169481720E-016   4.3358023295361198E-016   9.8389418370806271E-016   2.4792671439154184E-016   3.0893151243585216E-015   6.9135946519355511E-017   9.6784760983493256E-008  -8.6785148824855123E-008  -6.9651642208008086E-017  -8.6790114199687719E-016  -1.9422799226513178E-017   1.5827536039754659E-017  -2.2859116025071645E-018   1.8911400639956928E-017   9.1123004447242357E-017  -4.5938392442841888E-017  -1.0695069706484641E-016
  -6.6348447798423539E-003   2.5248853826318421E-010   2.7922381707629068E-011  -3.1838497155221619E-015   3.8908462161397220E-002   2.5506366453774866E-010   2.6682960383224931E-009  -2.8133138390483518E-016   7.7549974100468578E-016  -8.4571915742155253E-016   2.1767851950741890E-016   2.0823769425196590E-016   2.7496169756759811E-016   3.3529125123577221E-015   4.4601986744353188E-016  -1.0183923166306466E-016   1.0063295227297231E-016  -3.3345205022573072E-016   6.7635582591616567E-016  -1.6158016720772141E-016  0.64797616362314558       -7.1529825164611099E-010  -2.0005157718371806E-009  -4.8456265471861951E-015  -5.2607224056178846E-016   2.1095525601155244E-016   6.0209679010206179E-016   3.5602441903188234E-016  -2.5359141140586436E-016   2.4792671439154184E-016  0.94461837724705899        5.8538244024466134E-009   7.7066991546281913E-009  -9.2542666233932775E-015   9.3883954332027154E-015 -0.26537770467336796       -1.2829832285287292E-009  -1.5873084150108121E-009  -3.1651549657500438E-017  -4.1398198662203296E-017   9.3269371280951315E-017   2.2199238802897343E-017  -2.4969897002222928E-017  -2.5393990251481810E-017
   2.5248908005944669E-010  -6.6348485770202584E-003   6.3399013832306636E-010   1.8875485397743625E-015   2.5506051129177590E-010   3.8908465567119847E-002  -4.8973573632464345E-009   1.0228432358643126E-015   4.7754099097727016E-016  -1.6882075368197072E-016  -1.0127852485690244E-015   6.8605802352748897E-016  -5.1637265250384418E-016  -5.2016961730421498E-015   1.0397919232685463E-015  -3.8841054832471792E-016   5.4498466316089851E-017   2.4952352586208530E-015  -5.9175248456303658E-016   1.4507113357132322E-015  -7.1529704116119630E-010  0.64797616911018874        2.2342398909619209E-009   8.4458469794903970E-016   3.0711724858789541E-015   1.7350398363973372E-016   5.1399437132836228E-016   2.8302511376752312E-015   3.6894805109188054E-016   3.0893151243585216E-015   5.8538244024466134E-009  0.94461830857476525       -1.0879536064822692E-010  -5.1825640832146524E-014   4.5668536444738398E-014  -1.2829832534641018E-009 -0.26537768934331019       -1.8962552028440622E-010   2.6954753386282847E-016  -5.0057999375865297E-017  -2.5560820490793454E-017   2.8634889334865169E-016  -9.5898585010844852E-017   2.4887569816567421E-016
   2.7922593702611590E-011   6.3398756890149704E-010  -6.6348455258804021E-003   2.1143103320721197E-015   2.6682955076809156E-009  -4.8973538820653548E-009   3.8908440946607240E-002  -9.0151538200995581E-016   8.1301296729688925E-016  -3.3908052075972564E-016  -1.7302293393081706E-015  -2.3668249761176711E-018  -3.7968228545650816E-016   7.4943406791229232E-015  -1.5943271051574946E-015  -3.4624219125064211E-016  -4.0916900743206693E-016  -1.0420301555149704E-015   6.6981514637751522E-016  -1.0602225277186490E-015  -2.0005182719531802E-009   2.2342360641056388E-009  0.64797618062792373       -1.2235319417857258E-014  -1.2928509676479535E-015   3.2579891793989954E-016   9.5740639551674547E-016  -6.6496944364027491E-016  -1.9106431539200493E-016   6.9135946519355511E-017   7.7066991546281913E-009  -1.0879536064822692E-010  0.94461830523976620        8.5189712012843440E-014  -7.1847188895410586E-014  -1.5873082927060308E-009  -1.8962553696182719E-010 -0.26537768968025882       -2.5823667755328140E-017  -5.9119137265802242E-017   1.4511602517313503E-019   1.6486572030083343E-019  -7.7581803895842703E-018  -1.4811367860361390E-016
   3.9686882231466177E-014  -2.4495458626190949E-014   4.3233517964243542E-014  -2.4867044167622727       -5.6613032834490029E-014   2.9698001273596667E-014  -5.3517863947790801E-014  -1.4239478574742670E-007  -2.4738878063118031E-008  -1.2347306865227474E-008   1.5697648048701815E-007  -4.1957619503621788E-008  -1.4581682112157610E-008  -1.4749505912585117       -6.4686971457235985E-008   2.0611665276131198E-009  -5.1930072740936015E-008  -2.1543030369135478E-007   1.1458133116712497E-007   2.8011644435479353E-007   3.2723054245215088E-014  -5.1417482641225583E-014   5.7468188559331517E-014   5.4255943109627367       -1.6876433613217626E-008   1.6372356730103236E-009  -1.7377516503835539E-008  -7.9909482109803997E-008   4.0941656853934479E-008   9.6784760983493256E-008  -9.2542666233932775E-015  -5.1825640832146524E-014   8.5189712012843440E-014   30.764492389287497       -28.147003887668728        2.1067078327372620E-015   1.4672254579806710E-014  -1.7275021039752456E-014   3.4195548065509778E-009   4.1521739156929537E-011   2.2211157122411168E-009   8.1440052515947687E-009  -4.5450930299036646E-009  -1.1563663089884936E-008
