   1.1488678568762644E-031   1.7665310096914523E-031   1.7172480938138129E-031  -2.5958391367690701E-016   1.8838013637830901E-031  -1.3773222056607724E-031  -3.2976671153391450E-031  -2.6864598112916344E-016  -4.1111551899903813E-032   3.5977577884323365E-032  -8.8301817878165094E-033   6.4439431032288278E-017   1.6282953835919848E-032  -5.1397781368537314E-033  -1.8189430279890734E-032   4.6596234709204442E-018
   1.7665310096914523E-031   2.7162669662343949E-031   2.6404881909602932E-031  -3.9914340921169454E-016   2.8965851079427382E-031  -2.1178087384669778E-031  -5.0705842138586094E-031  -4.1307749490354505E-016  -6.3214259893373857E-032   5.5320119373042637E-032  -1.3577531877167483E-032   9.9083852406596745E-017   2.5037120421086663E-032  -7.9030650978201776E-033  -2.7968571359820334E-032   7.1647659960196947E-018
   1.7172480938138129E-031   2.6404881909602932E-031   2.5668235019867744E-031  -3.8800805356190610E-016   2.8157757932893269E-031  -2.0587258300265382E-031  -4.9291243844578632E-031  -4.0155340428719457E-016  -6.1450700105574535E-032   5.3776791362129984E-032  -1.3198744096111045E-032   9.6319597980154689E-017   2.4338631522357251E-032  -7.6825843418897111E-033  -2.7188300454876220E-032   6.9648824061321427E-018
  -2.5958391367690701E-016  -3.9914340921169454E-016  -3.8800805356190610E-016  0.58652357480898076       -4.2564036209551313E-016   3.1120262125850380E-016   7.4509990916698343E-016  0.60699909704751609        9.2890557217997796E-017  -8.1290467097072308E-017   1.9951582187983776E-017 -0.14559933592324451       -3.6790940382308168E-017   1.1613204392567399E-017   4.1098577798541459E-017  -1.0528306537629723E-002
   1.8838013637830901E-031   2.8965851079427382E-031   2.8157757932893269E-031  -4.2564036209551313E-016   3.0888735871154533E-031  -2.2583985041126804E-031  -5.4071926305512368E-031  -4.4049945570064787E-016  -6.7410709658856090E-032   5.8992520226284092E-032  -1.4478870128344878E-032   1.0566148868512135E-016   2.6699198222782683E-032  -8.4277064640606224E-033  -2.9825252192938708E-032   7.6403957136569254E-018
  -1.3773222056607724E-031  -2.1178087384669778E-031  -2.0587258300265382E-031   3.1120262125850380E-016  -2.2583985041126804E-031   1.6512050945216475E-031   3.9534138914664450E-031   3.2206669640560121E-016   4.9286654685310209E-032  -4.3131781109013493E-032   1.0586078619563024E-032  -7.7253322694774889E-017  -1.9520847204255172E-032   6.1618318570652055E-033   2.1806429767240128E-032  -5.5861976101991870E-018
  -3.2976671153391450E-031  -5.0705842138586094E-031  -4.9291243844578632E-031   7.4509990916698343E-016  -5.4071926305512368E-031   3.9534138914664450E-031   9.4654997426396062E-031   7.7111132697750851E-016   1.1800505336574384E-031  -1.0326868731558920E-031   2.5345821914909136E-032  -1.8496452083194501E-016  -4.6737978683897859E-032   1.4753025981705328E-032   5.2210257012360676E-032  -1.3374808075574643E-017
  -2.6864598112916344E-016  -4.1307749490354505E-016  -4.0155340428719457E-016  0.60699909704751609       -4.4049945570064787E-016   3.2206669640560121E-016   7.7111132697750851E-016  0.62818941921728566        9.6133364074800579E-017  -8.4128315119411570E-017   2.0648091386129941E-017 -0.15068220482852812       -3.8075311122597535E-017   1.2018621045901601E-017   4.2533328045298846E-017  -1.0895849435995848E-002
  -4.1111551899903813E-032  -6.3214259893373857E-032  -6.1450700105574535E-032   9.2890557217997796E-017  -6.7410709658856090E-032   4.9286654685310209E-032   1.1800505336574384E-031   9.6133364074800579E-017   1.4711523953798966E-032  -1.2874361934416042E-032   3.1598279530811362E-033  -2.3059266541648198E-017  -5.8267580357699427E-033   1.8392389896065391E-033   6.5089792747326302E-033  -1.6674185025910049E-018
   3.5977577884323365E-032   5.5320119373042637E-032   5.3776791362129984E-032  -8.1290467097072308E-017   5.8992520226284092E-032  -4.3131781109013493E-032  -1.0326868731558920E-031  -8.4128315119411570E-017  -1.2874361934416042E-032   1.1266623073100406E-032  -2.7652314502704196E-033   2.0179645856654244E-017   5.0991176775671802E-033  -1.6095564613460454E-033  -5.6961437353253422E-033   1.4591927638438304E-018
  -8.8301817878165094E-033  -1.3577531877167483E-032  -1.3198744096111045E-032   1.9951582187983776E-017  -1.4478870128344878E-032   1.0586078619563024E-032   2.5345821914909136E-032   2.0648091386129941E-017   3.1598279530811362E-033  -2.7652314502704196E-033   6.7868649940202926E-034  -4.9528053806439961E-018  -1.2515054847537784E-033   3.9504260673515705E-034   1.3980369894320055E-033  -3.5813798832249417E-019
   6.4439431032288278E-017   9.9083852406596745E-017   9.6319597980154689E-017 -0.14559933592324451        1.0566148868512135E-016  -7.7253322694774889E-017  -1.8496452083194501E-016 -0.15068220482852812       -2.3059266541648198E-017   2.0179645856654244E-017  -4.9528053806439961E-018   3.6143758804910699E-002   9.1330284369223043E-018  -2.8828761879680698E-018  -1.0202361664330857E-017   2.6135598058006134E-003
   1.6282953835919848E-032   2.5037120421086663E-032   2.4338631522357251E-032  -3.6790940382308168E-017   2.6699198222782683E-032  -1.9520847204255172E-032  -4.6737978683897859E-032  -3.8075311122597535E-017  -5.8267580357699427E-033   5.0991176775671802E-033  -1.2515054847537784E-033   9.1330284369223043E-018   2.3077900912258913E-033  -7.2846297882170708E-034  -2.5779958223780509E-033   6.6041045030244778E-019
  -5.1397781368537314E-033  -7.9030650978201776E-033  -7.6825843418897111E-033   1.1613204392567399E-017  -8.4277064640606224E-033   6.1618318570652055E-033   1.4753025981705328E-032   1.2018621045901601E-017   1.8392389896065391E-033  -1.6095564613460454E-033   3.9504260673515705E-034  -2.8828761879680698E-018  -7.2846297882170708E-034   2.2994219167996805E-034   8.1375447589423399E-034  -2.0846114458215538E-019
  -1.8189430279890734E-032  -2.7968571359820334E-032  -2.7188300454876220E-032   4.1098577798541459E-017  -2.9825252192938708E-032   2.1806429767240128E-032   5.2210257012360676E-032   4.2533328045298846E-017   6.5089792747326302E-033  -5.6961437353253422E-033   1.3980369894320055E-033  -1.0202361664330857E-017  -2.5779958223780509E-033   8.1375447589423399E-034   2.8798383724181409E-033  -7.3773407226570431E-019
   4.6596234709204442E-018   7.1647659960196947E-018   6.9648824061321427E-018  -1.0528306537629723E-002   7.6403957136569254E-018  -5.5861976101991870E-018  -1.3374808075574643E-017  -1.0895849435995848E-002  -1.6674185025910049E-018   1.4591927638438304E-018  -3.5813798832249417E-019   2.6135598058006134E-003   6.6041045030244778E-019  -2.0846114458215538E-019  -7.3773407226570431E-019   1.8898684266254240E-004
