  0.48642755371657431       -2.4485714887880026E-008   1.2748260747779125E-008  -5.0158050728033428E-009  0.51793047685550087       -7.2208103056441386E-010   1.1066483960429245E-009  -1.4538642025946259E-008   8.2197796448798895E-009   3.1002405251368047E-011  -2.3861742755869634E-010   6.8788871386993222E-011  -7.7621164573184736E-012  -5.5648768523087922E-011  -2.3229828760641284E-011  -5.8131796037195739E-002   6.3939725707062721E-010  -4.1835943979304968E-010   1.0148549214369447E-009  -1.9293996307862237E-010   3.3436894680439784E-010  -5.1423023617626097E-010   1.9907380838083304E-011  -5.0062020810040338E-010   4.5084534536709954E-010  -1.0752994232368595E-010   1.5813221300643653E-010  -2.2799765663771239E-010   4.6226150328582343E-012  -2.2284576215409897E-010   1.0228886265627682E-010  -2.1870081249943129E-011   3.4770809549423969E-011  -5.1770427065709186E-011   1.4587863038402260E-012  -5.0517292248091910E-011
  -2.4485714887880026E-008  0.48642752913414083        6.8457952462432146E-008   5.9884493415391464E-009  -1.7712667086185040E-010  0.51793047639575340        1.3365388611943722E-009   3.9793121897128550E-009  -3.2393902764033566E-009  -9.0757883987620646E-011   1.0013471211633075E-010  -1.0329615195423035E-010  -1.5387236468190875E-010  -1.8034921203463585E-011   2.4463278444216559E-010   5.9239385251639462E-010  -5.8131795389154306E-002  -1.6332342482719581E-009   2.2595531692144823E-010   7.9611825285080312E-010   5.0520964036887542E-011  -2.2689884953953581E-010   3.5181176029792133E-010   9.4512809942475662E-013   1.0051412813949838E-010   3.5515741823545855E-010   1.6794466828559940E-011  -1.1386708180205371E-010   1.5934402369875451E-010   1.3353556380646949E-011   2.2604412189210333E-011   8.0445311578828389E-011   4.3705887280770351E-012  -2.4147711398917510E-011   3.5726288694157186E-011   1.5437143092219997E-012
   1.2748260747779125E-008   6.8457952462432146E-008  0.48642760465227169       -2.4466678813992102E-009  -6.2836522552356800E-010   1.1222114445713363E-009  0.51793047775662071       -6.8332526505872339E-009   3.8818888195837034E-009  -2.7963664319725545E-011   1.3947182238537679E-010   6.0533143693246043E-011  -1.6489994679671248E-010  -1.4149993425029524E-010   1.9287381702478339E-010  -2.5890608248266779E-010  -1.6143611038161257E-009  -5.8131797197068021E-002  -1.3467404021696905E-010  -1.4610318920889996E-010   8.3151812661395744E-010  -7.5914334723092321E-011  -2.1211280848574584E-010   2.1058919716034644E-010  -6.0163362246336459E-011  -6.3765630027648409E-011   3.7065235311118663E-010  -4.1252348065615014E-011  -1.0721798860902087E-010   1.0141805178027894E-010  -1.3550813881933097E-011  -1.4557539347662105E-011   8.3997945260615185E-011  -8.5193744832882157E-012  -2.2697376047676507E-011   2.2070160177889006E-011
  -5.0158050728033428E-009   5.9884493415391464E-009  -2.4466678813992102E-009  0.72739773860557244        9.7581580664689678E-009  -3.2043115665790091E-009   4.7993398186647379E-009  0.93337253854879132      -0.61544093514466713       -4.0136335511979369E-011   9.3179449911055371E-010  -5.4154365014134345E-010   8.3959266294407730E-010  -1.5741767163981557E-009  -7.9950527427812383E-010  -8.9826898041709439E-010   1.8507914751229084E-010  -4.2849705803096976E-010  -2.5173283546460898E-010   1.6985745508589462E-010  -2.0555216231549876E-010   4.1070795164667155E-011   2.7598260065362655E-010   2.1064197612724360E-010  -1.1340036688556688E-010   1.5513217014298126E-010  -1.3895296111151966E-010   9.1970044320818478E-011  -1.9641112058432092E-011   2.1420438044342793E-011  -2.5469941193435264E-011   2.6136585762161130E-011  -2.6070196493531161E-011   1.2525377124217179E-011   1.1517513621180566E-011   1.2941479892395435E-011
  0.51793047685550087       -1.7712667086185040E-010  -6.2836522552356800E-010   9.7581580664689678E-009  0.55147365071360521        2.6802554655119288E-008  -1.3943727966953102E-008   3.8940641097257652E-009  -4.0227618387948096E-009  -1.0029365848419513E-009   7.2220449033537706E-011  -2.8986874502497532E-010   5.1250553912162818E-010  -6.0292549769141120E-011   4.9044218318449378E-010  -6.1896635196686846E-002  -2.4137684610258365E-009   1.2518234783626732E-009  -2.7808340035467973E-010   2.2250233403370797E-010  -1.2020528029907884E-010   1.3546658233616377E-010   1.9833073084116754E-011   1.4262158513648878E-010  -2.3017268875344738E-010   1.0920256212832349E-010  -8.0566536384837821E-011   1.1426209598715574E-010   4.2091987114612049E-012   1.1591264411375147E-010  -3.9430044279375741E-011   2.3437218605233490E-011  -1.4973608690927674E-011   1.9448994530862896E-011   1.4043813845225191E-012   1.9982267138197235E-011
  -7.2208103056441386E-010  0.51793047639575340        1.1222114445713363E-009  -3.2043115665790091E-009   2.6802554655119288E-008  0.55147367760421862       -7.4994299446472273E-008  -8.0564737725754141E-009   4.6568210587488693E-009  -2.8593784562025266E-010  -7.6048313656333853E-010  -1.0990603201038918E-010   1.7269507976913323E-010  -3.6360190521736443E-010   1.1324546584991465E-010  -2.3986897873958719E-009  -6.1896637579783878E-002   6.8379736550564720E-009  -7.6842592574501454E-012  -2.8954422241011841E-010   5.3897691876402429E-011   1.9977555023640203E-010  -7.7089456710701574E-011  -1.9208959216767683E-010  -2.2756463526383350E-011  -2.1630300470675177E-010   1.7936929790604492E-011   1.0947602984805921E-010  -6.6446666073080633E-011  -8.6718924569337854E-011  -3.0389545090479898E-012  -3.8510478391650946E-011   4.6650877433390350E-012   2.2478567369215830E-011  -1.1276524065612857E-011  -1.9439170877090602E-011
   1.1066483960429245E-009   1.3365388611943722E-009  0.51793047775662071        4.7993398186647379E-009  -1.3943727966953102E-008  -7.4994299446472273E-008  0.55147359488565562        2.2253613431179039E-009  -2.1315173402200812E-009   1.3721217461306417E-010   2.0348227964121954E-010  -8.1354512991916167E-010  -5.0672169147522954E-013   1.5010386279453342E-010  -1.3669458604156610E-010   1.2142563121347038E-009   6.8324553373090170E-009  -6.1896630057934568E-002   7.5610390254851856E-011  -8.3461124067436847E-011  -2.6614181839082550E-010   1.4878048198734707E-010   1.6861279469145811E-010  -2.2438999677241036E-010   5.0421782544848980E-011  -3.0204159932334578E-011  -2.0727442865119496E-010   7.6101047028567824E-011   9.2036295015916493E-011  -1.2652033646308055E-010   9.4834428251847410E-012  -7.6277541585034406E-012  -3.6288002179652574E-011   1.5998613671016875E-011   1.8901433858837678E-011  -2.5482086509176184E-011
  -1.4538642025946259E-008   3.9793121897128550E-009  -6.8332526505872339E-009  0.93337253854879132        3.8940641097257652E-009  -8.0564737725754141E-009   2.2253613431179039E-009   1.1976725379805038      -0.78971329916974731        3.4199021973706826E-010   2.0439783945255939E-010   3.3744226248804220E-011   3.4733246507298447E-010  -1.1581502756495321E-009  -6.8938549177195881E-010  -1.8431501884621321E-010   6.8024714787101404E-010  -1.0839962006170157E-010   1.9305692260872474E-010  -1.0820878356652518E-009   6.9186115765595380E-010  -9.0471478137579271E-010   1.4843738625606821E-009   7.1163211308938397E-010   1.2425554687350357E-010  -4.8051305685640235E-010   3.2123220674550953E-010  -3.8245826673275248E-010   5.6561030712091682E-010   2.5819003637202790E-010   2.3664307653263708E-011  -1.0840549673675000E-010   7.0885269688788103E-011  -8.8461690943288896E-011   1.3818253024063465E-010   6.4793425777104038E-011
   8.2197796448798895E-009  -3.2393902764033566E-009   3.8818888195837034E-009 -0.61544093514466713       -4.0227618387948096E-009   4.6568210587488693E-009  -2.1315173402200812E-009 -0.78971329916974731       0.52071586774223821       -1.7448586139104575E-010  -3.9912715075955686E-010   1.5200863662066666E-010  -4.5309545620997890E-010   1.1283059098636585E-009   6.2762273083505580E-010   2.8485303738747401E-010  -3.7497532577668593E-010   1.4602172649883479E-010  -6.0391578008661606E-011   3.6679620028685181E-010  -2.2765115976754987E-010   3.0266779309180419E-010  -5.0050766158684321E-010  -2.4225923907055368E-010  -4.6957441535205949E-011   1.3560459298945956E-010  -9.2345006606447591E-011   9.8564032610725187E-011  -1.2295263310358955E-010  -5.1598227922630113E-011  -8.2986996071346335E-012   3.3625422863037423E-011  -2.1786694167839225E-011   2.6242800880210178E-011  -3.8897056179311259E-011  -1.7941491794700412E-011
   3.1002405251368047E-011  -9.0757883987620646E-011  -2.7963664319725545E-011  -4.0136335511979369E-011  -1.0029365848419513E-009  -2.8593784562025266E-010   1.3721217461306417E-010   3.4199021973706826E-010  -1.7448586139104575E-010  0.32761706056578388       -2.8677693035713005E-010  -1.3312522328950124E-010 -0.16380853026261755       -1.6240418115496482E-010 -0.16380853030312345       -4.2090060446116371E-010  -4.4194923739143208E-011   7.0611370164160770E-011  0.42967609790687333       -1.1998346842833795E-010  -4.5246866743938725E-011 -0.21483804892218888       -1.1172190279118580E-010 -0.21483804898465050       0.22460520600184125       -3.8021986594955314E-011  -2.9535251526428670E-011 -0.11230260302765607        3.6418903745742732E-011 -0.11230260297417650        4.6913480465083673E-002  -9.1887570336852284E-012  -5.5010491858788510E-012  -2.3456740234663449E-002   3.4250202740748702E-013  -2.3456740230415319E-002
  -2.3861742755869634E-010   1.0013471211633075E-010   1.3947182238537679E-010   9.3179449911055371E-010   7.2220449033537706E-011  -7.6048313656333853E-010   2.0348227964121954E-010   2.0439783945255939E-010  -3.9912715075955686E-010  -2.8677693035713005E-010  0.32761706049583711       -2.1608095100473158E-010   1.2277010636699184E-010  -4.6752590461942815E-011   1.6400664019529725E-010   1.1592662470682539E-010  -3.6920617135440300E-010  -1.3656853372476794E-011  -1.2024585501555326E-010  0.42967609785742966       -4.1008223308724908E-011   3.9074903757838870E-011  -7.6672954541979615E-012   8.1171201294152448E-011  -3.8233933875681697E-011  0.22460520601906522       -9.3983303528942409E-011   3.2939881431506024E-011  -2.0880025031207568E-011   5.2939336718497533E-012  -9.2218827113278421E-012   4.6913480465583558E-002  -1.3302403194660982E-011   5.5852031775923359E-012  -3.0175043300774011E-012   3.6367012994434690E-012
   6.8788871386993222E-011  -1.0329615195423035E-010   6.0533143693246043E-011  -5.4154365014134345E-010  -2.8986874502497532E-010  -1.0990603201038918E-010  -8.1354512991916167E-010   3.3744226248804220E-011   1.5200863662066666E-010  -1.3312522328950124E-010  -2.1608095100473158E-010  0.32761706053764611       -7.2135108683907259E-011  -6.3572365569330872E-011   2.0526049283744085E-010  -1.3351073406952661E-010   1.3755673603305449E-011  -3.6429906518714418E-010  -4.7572773044119483E-011  -4.1177380135592409E-011  0.42967609792263101       -3.8717324522156504E-011  -4.1713898289817351E-011   8.6290252043136561E-011  -3.0459799092458137E-011  -9.4035198266066766E-011  0.22460520596166025        2.0836101166924546E-012   1.1417436192273040E-011   2.8376289759256693E-011  -5.7224534403100348E-012  -1.3316641283991051E-011   4.6913480460654751E-002  -1.0732810391443295E-012   1.0045503907322921E-013   6.7957513499867594E-012
  -7.7621164573184736E-012  -1.5387236468190875E-010  -1.6489994679671248E-010   8.3959266294407730E-010   5.1250553912162818E-010   1.7269507976913323E-010  -5.0672169147522954E-013   3.4733246507298447E-010  -4.5309545620997890E-010 -0.16380853026261755        1.2277010636699184E-010  -7.2135108683907259E-011  0.32761706058750706        8.8562285904012221E-011 -0.16380853032495454        2.0996380817260573E-010   1.2160993083139823E-010   8.4640417710781081E-011 -0.21483804892294803        3.8788138450203544E-011  -3.9273350805594758E-011  0.42967609789713551        5.8411678825492293E-011 -0.21483804897422765      -0.11230260302795556        3.2696933395121645E-011   1.8717990800455421E-012  0.22460520602945680       -1.6752146152297136E-011 -0.11230260300151819       -2.3456740234732851E-002   5.5462857899969947E-012  -1.1215698466741789E-012   4.6913480468369149E-002   2.5376368561555360E-013  -2.3456740233644253E-002
  -5.5648768523087922E-011  -1.8034921203463585E-011  -1.4149993425029524E-010  -1.5741767163981557E-009  -6.0292549769141120E-011  -3.6360190521736443E-010   1.5010386279453342E-010  -1.1581502756495321E-009   1.1283059098636585E-009  -1.6240418115496482E-010  -4.6752590461942815E-011  -6.3572365569330872E-011   8.8562285904012221E-011  0.32761706042688044        7.3842790011793885E-011   9.2000997176567297E-012  -1.2498324979425582E-010   1.1096330736659356E-010  -1.1197095630979188E-010  -8.8398239900637535E-012  -4.1690333380062122E-011   5.8714011964711440E-011  0.42967609786123023        5.3257188369841019E-011   3.6286860767570050E-011  -2.1391809727937790E-011   1.1355390292318920E-011  -1.6584618445232649E-011  0.22460520596673586       -1.9702190358992500E-011   3.1505683052956826E-013  -3.1376675511860777E-012   9.5571040776094642E-014   2.8584353331246302E-013   4.6913480459114747E-002  -6.0088095143187004E-013
  -2.3229828760641284E-011   2.4463278444216559E-010   1.9287381702478339E-010  -7.9950527427812383E-010   4.9044218318449378E-010   1.1324546584991465E-010  -1.3669458604156610E-010  -6.8938549177195881E-010   6.2762273083505580E-010 -0.16380853030312345        1.6400664019529725E-010   2.0526049283744085E-010 -0.16380853032495454        7.3842790011793885E-011  0.32761706062810009        2.1093554623498960E-010  -7.7415310136395643E-011  -1.5525300755848959E-010 -0.21483804898386902        8.1195088920523909E-011   8.4520428519382827E-011 -0.21483804897503195        5.3311397441843726E-011  0.42967609795890715      -0.11230260297385627        5.3249271943338459E-012   2.7663562733192906E-011 -0.11230260300184532       -1.9666144178448732E-011  0.22460520597570985       -2.3456740230344678E-002   3.6424449236492496E-012   6.6226420661759568E-012  -2.3456740233715013E-002  -5.9613758771290434E-013   4.6913480464062740E-002
  -5.8131796037195739E-002   5.9239385251639462E-010  -2.5890608248266779E-010  -8.9826898041709439E-010  -6.1896635196686846E-002  -2.3986897873958719E-009   1.2142563121347038E-009  -1.8431501884621321E-010   2.8485303738747401E-010  -4.2090060446116371E-010   1.1592662470682539E-010  -1.3351073406952661E-010   2.0996380817260573E-010   9.2000997176567297E-012   2.1093554623498960E-010   6.9471922071239148E-003   2.0249829618544464E-010  -1.0113317891796283E-010  -6.6844294740107516E-010   1.3769772757868208E-010  -2.0427980960704232E-010   3.3560941028157942E-010   9.6482243373428259E-013   3.3283300206474828E-010  -3.3989721685085523E-010   7.2776544426102578E-011  -1.0479332524303582E-010   1.7055688460512872E-010   1.1955274434185936E-012   1.6934010200532420E-010  -7.1965071899867160E-011   1.5130414418356117E-011  -2.2096405414193504E-011   3.6120122511735215E-011   1.9076286077167873E-013   3.5844812749999389E-011
   6.3939725707062721E-010  -5.8131795389154306E-002  -1.6143611038161257E-009   1.8507914751229084E-010  -2.4137684610258365E-009  -6.1896637579783878E-002   6.8324553373090170E-009   6.8024714787101404E-010  -3.7497532577668593E-010  -4.4194923739143208E-011  -3.6920617135440300E-010   1.3755673603305449E-011   1.2160993083139823E-010  -1.2498324979425582E-010  -7.7415310136395643E-011   2.0249829618544464E-010   6.9471924033202657E-003  -5.8960884649898519E-010  -9.9190961038194264E-011  -5.6366845284273615E-010  -4.1870815379038463E-012   1.6249249228326903E-010  -2.0878885907783961E-010  -6.3301721917297102E-011  -4.9746920969236936E-011  -2.8735742237373881E-010  -1.0397223475579933E-012   8.4373458825745333E-011  -1.0620550842179669E-010  -3.4626609885906825E-011  -1.0583081936466832E-011  -6.0769098922709281E-011  -3.2026852705743483E-013   1.7666680472753622E-011  -2.2475307551217297E-011  -7.0836481438532109E-012
  -4.1835943979304968E-010  -1.6332342482719581E-009  -5.8131797197068021E-002  -4.2849705803096976E-010   1.2518234783626732E-009   6.8379736550564720E-009  -6.1896630057934568E-002  -1.0839962006170157E-010   1.4602172649883479E-010   7.0611370164160770E-011  -1.3656853372476794E-011  -3.6429906518714418E-010   8.4640417710781081E-011   1.1096330736659356E-010  -1.5525300755848959E-010  -1.0113317891796283E-010  -5.8960884649898519E-010   6.9471917568839974E-003   1.0431982582016899E-010   2.1409554488598577E-011  -5.6767023594324892E-010   9.4234035894104646E-011   1.4870140708338764E-010  -1.9855395997580015E-010   5.3308093026754025E-011   9.6848020810473620E-012  -2.8908960034447824E-010   4.9446665236670237E-011   7.7293497397007747E-011  -1.0275503808667330E-010   1.1252154995212934E-011   2.1709139286148846E-012  -6.1168687805656435E-011   1.0316370186213301E-011   1.6180529175668777E-011  -2.1568521812815680E-011
   1.0148549214369447E-009   2.2595531692144823E-010  -1.3467404021696905E-010  -2.5173283546460898E-010  -2.7808340035467973E-010  -7.6842592574501454E-012   7.5610390254851856E-011   1.9305692260872474E-010  -6.0391578008661606E-011  0.42967609790687333       -1.2024585501555326E-010  -4.7572773044119483E-011 -0.21483804892294803       -1.1197095630979188E-010 -0.21483804898386902       -6.6844294740107516E-010  -9.9190961038194264E-011   1.0431982582016899E-010  0.56352849510840997        1.7821469368539003E-010   1.0725166824881821E-010 -0.28176424750811013       -1.4028851350195806E-011 -0.28176424760025531       0.29457406252829244        1.2554920569828180E-010   4.8347768506814586E-011 -0.14728703129653767        1.1702422359829163E-010 -0.14728703123174339        6.1527935055201238E-002   2.4588009965561157E-011   1.0974539593047040E-011  -3.0763967529824923E-002   1.4915619971447509E-011  -3.0763967525369879E-002
  -1.9293996307862237E-010   7.9611825285080312E-010  -1.4610318920889996E-010   1.6985745508589462E-010   2.2250233403370797E-010  -2.8954422241011841E-010  -8.3461124067436847E-011  -1.0820878356652518E-009   3.6679620028685181E-010  -1.1998346842833795E-010  0.42967609785742966       -4.1177380135592409E-011   3.8788138450203544E-011  -8.8398239900637535E-012   8.1195088920523909E-011   1.3769772757868208E-010  -5.6366845284273615E-010   2.1409554488598577E-011   1.7821469368539003E-010  0.56352849509903158        2.6388913740483508E-010  -1.0905587348660689E-010   5.8768921738701974E-011  -6.9158492289270494E-011   1.2545111775805815E-010  0.29457406257987684        4.2796337754324052E-011  -4.0594318354624262E-011   8.5922936069174905E-012  -8.4856955161721408E-011   2.4582137733823551E-011   6.1527935061913029E-002   1.7238161434832713E-011  -1.0177358286106168E-011   3.5569999522595746E-012  -1.4404750901644531E-011
   3.3436894680439784E-010   5.0520964036887542E-011   8.3151812661395744E-010  -2.0555216231549876E-010  -1.2020528029907884E-010   5.3897691876402429E-011  -2.6614181839082550E-010   6.9186115765595380E-010  -2.2765115976754987E-010  -4.5246866743938725E-011  -4.1008223308724908E-011  0.42967609792263101       -3.9273350805594758E-011  -4.1690333380062122E-011   8.4520428519382827E-011  -2.0427980960704232E-010  -4.1870815379038463E-012  -5.6767023594324892E-010   1.0725166824881821E-010   2.6388913740483508E-010  0.56352849519814219        2.1792088276308701E-011  -3.6520353219911561E-014  -1.2904355390796757E-010   4.8729783704974390E-011   4.2844246110174718E-011  0.29457406251169710        4.0667632753562711E-011   4.3552993776792101E-011  -8.9397284277912955E-011   1.1017224326128970E-011   1.7243710508887354E-011   6.1527935056933457E-002   6.5158739427286293E-012   6.1010282265892120E-012  -1.7533076142365385E-011
  -5.1423023617626097E-010  -2.2689884953953581E-010  -7.5914334723092321E-011   4.1070795164667155E-011   1.3546658233616377E-010   1.9977555023640203E-010   1.4878048198734707E-010  -9.0471478137579271E-010   3.0266779309180419E-010 -0.21483804892218888        3.9074903757838870E-011  -3.8717324522156504E-011  0.42967609789713551        5.8714011964711440E-011 -0.21483804897503195        3.3560941028157942E-010   1.6249249228326903E-010   9.4234035894104646E-011 -0.28176424750811013       -1.0905587348660689E-010   2.1792088276308701E-011  0.56352849504550173        1.2781291540259721E-012 -0.28176424753744422      -0.14728703129640999       -4.0716351015983142E-011   4.0771034742683842E-011  0.29457406253830259       -6.1348077760185725E-011 -0.14728703124191483       -3.0763967529807239E-002  -1.0187335520015952E-011   6.5321630299986787E-012   6.1527935054036087E-002  -7.8919572901339861E-012  -3.0763967524239277E-002
   1.9907380838083304E-011   3.5181176029792133E-010  -2.1211280848574584E-010   2.7598260065362655E-010   1.9833073084116754E-011  -7.7089456710701574E-011   1.6861279469145811E-010   1.4843738625606821E-009  -5.0050766158684321E-010  -1.1172190279118580E-010  -7.6672954541979615E-012  -4.1713898289817351E-011   5.8411678825492293E-011  0.42967609786123023        5.3311397441843726E-011   9.6482243373428259E-013  -2.0878885907783961E-010   1.4870140708338764E-010  -1.4028851350195806E-011   5.8768921738701974E-011  -3.6520353219911561E-014   1.2781291540259721E-012  0.56352849522761184        1.2751042231295566E-011   1.1702179095351628E-010   8.7249311319867591E-012   4.3455463883621546E-011  -6.1335633239285319E-011  0.29457406257585328       -5.5686089560015293E-011   1.4915288565310365E-011   3.5673050489590260E-012   6.0912483584434132E-012  -7.8931768793710735E-012   6.1527935066923653E-002  -7.0220862249223228E-012
  -5.0062020810040338E-010   9.4512809942475662E-013   2.1058919716034644E-010   2.1064197612724360E-010   1.4262158513648878E-010  -1.9208959216767683E-010  -2.2438999677241036E-010   7.1163211308938397E-010  -2.4225923907055368E-010 -0.21483804898465050        8.1171201294152448E-011   8.6290252043136561E-011 -0.21483804897422765        5.3257188369841019E-011  0.42967609795890715        3.3283300206474828E-010  -6.3301721917297102E-011  -1.9855395997580015E-010 -0.28176424760025531       -6.9158492289270494E-011  -1.2904355390796757E-010 -0.28176424753744422        1.2751042231295566E-011  0.56352849513770764      -0.14728703123185918       -8.4832683263319762E-011  -8.9118697325214939E-011 -0.14728703124179246       -5.5675978542061944E-011  0.29457406247366247       -3.0763967525389138E-002  -1.4400638642011271E-011  -1.7506680498287807E-011  -3.0763967524216906E-002  -7.0236277393801455E-012   6.1527935049610044E-002
   4.5084534536709954E-010   1.0051412813949838E-010  -6.0163362246336459E-011  -1.1340036688556688E-010  -2.3017268875344738E-010  -2.2756463526383350E-011   5.0421782544848980E-011   1.2425554687350357E-010  -4.6957441535205949E-011  0.22460520600184125       -3.8233933875681697E-011  -3.0459799092458137E-011 -0.11230260302795556        3.6286860767570050E-011 -0.11230260297385627       -3.3989721685085523E-010  -4.9746920969236936E-011   5.3308093026754025E-011  0.29457406252829244        1.2545111775805815E-010   4.8729783704974390E-011 -0.14728703129640999        1.1702179095351628E-010 -0.14728703123185918       0.15398312430985239        8.2508923768466635E-011   2.1439167809492221E-011  -7.6991562201318850E-002   1.2617656834962821E-010  -7.6991562108527603E-002   3.2162586178895572E-002   1.6378750758826990E-011   4.9359822627278913E-012  -1.6081293096763965E-002   2.1374372669261406E-011  -1.6081293082128242E-002
  -1.0752994232368595E-010   3.5515741823545855E-010  -6.3765630027648409E-011   1.5513217014298126E-010   1.0920256212832349E-010  -2.1630300470675177E-010  -3.0204159932334578E-011  -4.8051305685640235E-010   1.3560459298945956E-010  -3.8021986594955314E-011  0.22460520601906522       -9.4035198266066766E-011   3.2696933395121645E-011  -2.1391809727937790E-011   5.3249271943338459E-012   7.2776544426102578E-011  -2.8735742237373881E-010   9.6848020810473620E-012   1.2554920569828180E-010  0.29457406257987684        4.2844246110174718E-011  -4.0716351015983142E-011   8.7249311319867591E-012  -8.4832683263319762E-011   8.2508923768466635E-011  0.15398312436634459       -2.7340195350569647E-011  -1.2704326650365448E-011  -7.0062418874953278E-012  -6.9804678536219851E-011   1.6386390729643121E-011   3.2162586188571450E-002  -1.3722888791877737E-012  -3.5413645714799511E-012  -5.4217948358258654E-013  -1.2845011236031046E-011
   1.5813221300643653E-010   1.6794466828559940E-011   3.7065235311118663E-010  -1.3895296111151966E-010  -8.0566536384837821E-011   1.7936929790604492E-011  -2.0727442865119496E-010   3.2123220674550953E-010  -9.2345006606447591E-011  -2.9535251526428670E-011  -9.3983303528942409E-011  0.22460520596166025        1.8717990800455421E-012   1.1355390292318920E-011   2.7663562733192906E-011  -1.0479332524303582E-010  -1.0397223475579933E-012  -2.8908960034447824E-010   4.8347768506814586E-011   4.2796337754324052E-011  0.29457406251169710        4.0771034742683842E-011   4.3455463883621546E-011  -8.9118697325214939E-011   2.1439167809492221E-011  -2.7340195350569647E-011  0.15398312426798344        3.6615904005532700E-011   4.5492035614181477E-011  -5.8055002718713293E-011   4.9165852114636899E-012  -1.3746189990177411E-012   3.2162586172867783E-002   6.6138183765273204E-012   7.9358972234601546E-012  -1.1530392023923029E-011
  -2.2799765663771239E-010  -1.1386708180205371E-010  -4.1252348065615014E-011   9.1970044320818478E-011   1.1426209598715574E-010   1.0947602984805921E-010   7.6101047028567824E-011  -3.8245826673275248E-010   9.8564032610725187E-011 -0.11230260302765607        3.2939881431506024E-011   2.0836101166924546E-012  0.22460520602945680       -1.6584618445232649E-011 -0.11230260300184532        1.7055688460512872E-010   8.4373458825745333E-011   4.9446665236670237E-011 -0.14728703129653767       -4.0594318354624262E-011   4.0667632753562711E-011  0.29457406253830259       -6.1335633239285319E-011 -0.14728703124179246       -7.6991562201318850E-002  -1.2704326650365448E-011   3.6615904005532700E-011  0.15398312433750724       -6.4479879554428360E-011  -7.6991562136199995E-002  -1.6081293096768659E-002  -3.5332560486961755E-012   6.6110434183885175E-012   3.2162586182969848E-002  -1.0895152194164715E-011  -1.6081293086206646E-002
   4.6226150328582343E-012   1.5934402369875451E-010  -1.0721798860902087E-010  -1.9641112058432092E-011   4.2091987114612049E-012  -6.6446666073080633E-011   9.2036295015916493E-011   5.6561030712091682E-010  -1.2295263310358955E-010   3.6418903745742732E-011  -2.0880025031207568E-011   1.1417436192273040E-011  -1.6752146152297136E-011  0.22460520596673586       -1.9666144178448732E-011   1.1955274434185936E-012  -1.0620550842179669E-010   7.7293497397007747E-011   1.1702422359829163E-010   8.5922936069174905E-012   4.3552993776792101E-011  -6.1348077760185725E-011  0.29457406257585328       -5.5675978542061944E-011   1.2617656834962821E-010  -7.0062418874953278E-012   4.5492035614181477E-011  -6.4479879554428360E-011  0.15398312432700378       -6.1696653172111048E-011   2.1374465037209390E-011  -5.5127449729176797E-013   7.9414336188550821E-012  -1.0897148446061214E-011   3.2162586183412813E-002  -1.0477303281815890E-011
  -2.2284576215409897E-010   1.3353556380646949E-011   1.0141805178027894E-010   2.1420438044342793E-011   1.1591264411375147E-010  -8.6718924569337854E-011  -1.2652033646308055E-010   2.5819003637202790E-010  -5.1598227922630113E-011 -0.11230260297417650        5.2939336718497533E-012   2.8376289759256693E-011 -0.11230260300151819       -1.9702190358992500E-011  0.22460520597570985        1.6934010200532420E-010  -3.4626609885906825E-011  -1.0275503808667330E-010 -0.14728703123174339       -8.4856955161721408E-011  -8.9397284277912955E-011 -0.14728703124191483       -5.5686089560015293E-011  0.29457406247366247       -7.6991562108527603E-002  -6.9804678536219851E-011  -5.8055002718713293E-011  -7.6991562136199995E-002  -6.1696653172111048E-011  0.15398312424473326       -1.6081293082125667E-002  -1.2845511716550705E-011  -1.1547011249892725E-011  -1.6081293086208311E-002  -1.0479213034724711E-011   3.2162586168336067E-002
   1.0228886265627682E-010   2.2604412189210333E-011  -1.3550813881933097E-011  -2.5469941193435264E-011  -3.9430044279375741E-011  -3.0389545090479898E-012   9.4834428251847410E-012   2.3664307653263708E-011  -8.2986996071346335E-012   4.6913480465083673E-002  -9.2218827113278421E-012  -5.7224534403100348E-012  -2.3456740234732851E-002   3.1505683052956826E-013  -2.3456740230344678E-002  -7.1965071899867160E-011  -1.0583081936466832E-011   1.1252154995212934E-011   6.1527935055201238E-002   2.4582137733823551E-011   1.1017224326128970E-011  -3.0763967529807239E-002   1.4915288565310365E-011  -3.0763967525389138E-002   3.2162586178895572E-002   1.6386390729643121E-011   4.9165852114636899E-012  -1.6081293096768659E-002   2.1374465037209390E-011  -1.6081293082125667E-002   6.7178267381648241E-003   3.2440634959787493E-012   1.1225868841733334E-012  -3.3589133701156923E-003   3.4242768778842074E-012  -3.3589133680484288E-003
  -2.1870081249943129E-011   8.0445311578828389E-011  -1.4557539347662105E-011   2.6136585762161130E-011   2.3437218605233490E-011  -3.8510478391650946E-011  -7.6277541585034406E-012  -1.0840549673675000E-010   3.3625422863037423E-011  -9.1887570336852284E-012   4.6913480465583558E-002  -1.3316641283991051E-011   5.5462857899969947E-012  -3.1376675511860777E-012   3.6424449236492496E-012   1.5130414418356117E-011  -6.0769098922709281E-011   2.1709139286148846E-012   2.4588009965561157E-011   6.1527935061913029E-002   1.7243710508887354E-011  -1.0187335520015952E-011   3.5673050489590260E-012  -1.4400638642011271E-011   1.6378750758826990E-011   3.2162586188571450E-002  -1.3746189990177411E-012  -3.5332560486961755E-012  -5.5127449729176797E-013  -1.2845511716550705E-011   3.2440634959787493E-012   6.7178267397422550E-003   6.1902260004769578E-013  -9.2342995885951372E-013   7.7270877837757970E-014  -2.3206304204137054E-012
   3.4770809549423969E-011   4.3705887280770351E-012   8.3997945260615185E-011  -2.6070196493531161E-011  -1.4973608690927674E-011   4.6650877433390350E-012  -3.6288002179652574E-011   7.0885269688788103E-011  -2.1786694167839225E-011  -5.5010491858788510E-012  -1.3302403194660982E-011   4.6913480460654751E-002  -1.1215698466741789E-012   9.5571040776094642E-014   6.6226420661759568E-012  -2.2096405414193504E-011  -3.2026852705743483E-013  -6.1168687805656435E-011   1.0974539593047040E-011   1.7238161434832713E-011   6.1527935056933457E-002   6.5321630299986787E-012   6.0912483584434132E-012  -1.7506680498287807E-011   4.9359822627278913E-012  -1.3722888791877737E-012   3.2162586172867783E-002   6.6110434183885175E-012   7.9414336188550821E-012  -1.1547011249892725E-011   1.1225868841733334E-012   6.1902260004769578E-013   6.7178267374733832E-003   1.1648449076715847E-012   1.3316290937837994E-012  -2.2874293762254436E-012
  -5.1770427065709186E-011  -2.4147711398917510E-011  -8.5193744832882157E-012   1.2525377124217179E-011   1.9448994530862896E-011   2.2478567369215830E-011   1.5998613671016875E-011  -8.8461690943288896E-011   2.6242800880210178E-011  -2.3456740234663449E-002   5.5852031775923359E-012  -1.0732810391443295E-012   4.6913480468369149E-002   2.8584353331246302E-013  -2.3456740233715013E-002   3.6120122511735215E-011   1.7666680472753622E-011   1.0316370186213301E-011  -3.0763967529824923E-002  -1.0177358286106168E-011   6.5158739427286293E-012   6.1527935054036087E-002  -7.8931768793710735E-012  -3.0763967524216906E-002  -1.6081293096763965E-002  -3.5413645714799511E-012   6.6138183765273204E-012   3.2162586182969848E-002  -1.0897148446061214E-011  -1.6081293086208311E-002  -3.3589133701156923E-003  -9.2342995885951372E-013   1.1648449076715847E-012   6.7178267386603227E-003  -1.7387105868852320E-012  -3.3589133685457693E-003
   1.4587863038402260E-012   3.5726288694157186E-011  -2.2697376047676507E-011   1.1517513621180566E-011   1.4043813845225191E-012  -1.1276524065612857E-011   1.8901433858837678E-011   1.3818253024063465E-010  -3.8897056179311259E-011   3.4250202740748702E-013  -3.0175043300774011E-012   1.0045503907322921E-013   2.5376368561555360E-013   4.6913480459114747E-002  -5.9613758771290434E-013   1.9076286077167873E-013  -2.2475307551217297E-011   1.6180529175668777E-011   1.4915619971447509E-011   3.5569999522595746E-012   6.1010282265892120E-012  -7.8919572901339861E-012   6.1527935066923653E-002  -7.0236277393801455E-012   2.1374372669261406E-011  -5.4217948358258654E-013   7.9358972234601546E-012  -1.0895152194164715E-011   3.2162586183412813E-002  -1.0479213034724711E-011   3.4242768778842074E-012   7.7270877837757970E-014   1.3316290937837994E-012  -1.7387105868852320E-012   6.7178267393036024E-003  -1.6855635108923029E-012
  -5.0517292248091910E-011   1.5437143092219997E-012   2.2070160177889006E-011   1.2941479892395435E-011   1.9982267138197235E-011  -1.9439170877090602E-011  -2.5482086509176184E-011   6.4793425777104038E-011  -1.7941491794700412E-011  -2.3456740230415319E-002   3.6367012994434690E-012   6.7957513499867594E-012  -2.3456740233644253E-002  -6.0088095143187004E-013   4.6913480464062740E-002   3.5844812749999389E-011  -7.0836481438532109E-012  -2.1568521812815680E-011  -3.0763967525369879E-002  -1.4404750901644531E-011  -1.7533076142365385E-011  -3.0763967524239277E-002  -7.0220862249223228E-012   6.1527935049610044E-002  -1.6081293082128242E-002  -1.2845011236031046E-011  -1.1530392023923029E-011  -1.6081293086206646E-002  -1.0477303281815890E-011   3.2162586168336067E-002  -3.3589133680484288E-003  -2.3206304204137054E-012  -2.2874293762254436E-012  -3.3589133685457693E-003  -1.6855635108923029E-012   6.7178267365946348E-003
