  0.47789769083418393       0.65076956390000629       -1.2019926849179677E-015   7.8376498922460838E-017  -3.9175435585184544E-016 -0.34350744666191518       -1.5840977700505796E-015   1.7074814133901043E-016  -6.3386337252681579E-017 -0.22105795970497505       -1.2989927928774367E-015   2.5501606832720740E-016  -2.8855553035749398E-016  0.11094848839630710        1.4049255831705383E-016  -2.2545140786752950E-017   2.3991276042637003E-017
  0.65076956390000629       0.88693149319690467        1.1288106008253256E-015  -2.3704100368884501E-016   5.0043306278753658E-017 -0.44504654466172544        1.4612069992367121E-015  -3.1335845417188203E-016   6.7059773029477672E-016 -0.27538161036106801        7.5643237363858120E-016   6.1895825533845338E-018   1.2191145164462703E-016  0.13623182741555220       -1.0031822809270747E-016   1.0110206747413732E-017  -2.7530507994922591E-017
  -1.2019926849179677E-015   1.1288106008253256E-015  0.23091152531145787        2.9355790259581698E-016  -6.9943237399755587E-016  -6.4840458173120999E-016  0.30510898719810681       -3.5097996015608106E-015   8.8857144298764852E-017   1.5447295811929839E-015  0.21075577344181276        6.8553425739900612E-016  -7.6851638117561660E-016  -5.4504976195665558E-016  -2.4445956236076923E-002   5.4636589713217836E-017   4.8252925906235801E-017
   7.8376498922460838E-017  -2.3704100368884501E-016   2.9355790259581698E-016  0.23091152531145723       -2.4798617478082041E-015   1.4757590475267350E-015   3.5217326017217272E-015  0.30510898719810881        4.0381787540580421E-016   1.0011776234471116E-015  -1.1256729055830779E-016  0.21075577344181148       -2.1867273616860139E-015  -6.8164029260828567E-016  -9.1234342265234280E-017  -2.4445956236076850E-002   1.6076642987239258E-016
  -3.9175435585184544E-016   5.0043306278753658E-017  -6.9943237399755587E-016  -2.4798617478082041E-015  0.23091152531144693        2.9212119147259306E-016  -8.6608780043573407E-016  -3.8573202791602980E-016  0.30510898719810342        4.6254918371887317E-016   1.7297090409290555E-016  -3.1445318896504426E-015  0.21075577344180771       -2.3727933848134371E-016   1.4705338997281982E-017   2.2641571844933712E-016  -2.4445956236076406E-002
 -0.34350744666191518      -0.44504654466172544       -6.4840458173120999E-016   1.4757590475267350E-015   2.9212119147259306E-016  0.92929478738775528       -1.9390126125142632E-015  -8.5085048536281589E-016  -3.6375028553873628E-016  0.92902230625725224       -4.1322144829600244E-016   3.9471712135641379E-016  -3.1544843650302434E-016 -0.52579201349943727        9.3822036830112451E-017  -1.3331209686236738E-017   2.8921389189923642E-017
  -1.5840977700505796E-015   1.4612069992367121E-015  0.30510898719810681        3.5217326017217272E-015  -8.6608780043573407E-016  -1.9390126125142632E-015  0.40314788940695323       -4.9676110664212590E-016   1.9416705656499745E-016   8.2110688820187707E-016  0.27847670441850569        3.7661049951363823E-015  -9.6243949225180524E-016  -1.3744992831233850E-017  -3.2301033645757884E-002  -2.5957832888376377E-016   5.7608404808659561E-017
   1.7074814133901043E-016  -3.1335845417188203E-016  -3.5097996015608106E-015  0.30510898719810881       -3.8573202791602980E-016  -8.5085048536281589E-016  -4.9676110664212590E-016  0.40314788940695967        4.3534782983439824E-015  -1.8146362614159735E-015  -3.7061994369747707E-015  0.27847670441850658       -2.5075563370516253E-016   9.1411942944449702E-016   2.9208660636643681E-016  -3.2301033645758086E-002  -9.3633563088332172E-017
  -6.3386337252681579E-017   6.7059773029477672E-016   8.8857144298764852E-017   4.0381787540580421E-016  0.30510898719810342       -3.6375028553873628E-016   1.9416705656499745E-016   4.3534782983439824E-015  0.40314788940696344       -7.6589560699232214E-017   1.1531574306555823E-015  -7.9570275065068974E-016  0.27847670441850914        6.8579861810013722E-017  -8.7816140806589563E-017  -9.0476671293915357E-017  -3.2301033645758370E-002
 -0.22105795970497505      -0.27538161036106801        1.5447295811929839E-015   1.0011776234471116E-015   4.6254918371887317E-016  0.92902230625725224        8.2110688820187707E-016  -1.8146362614159735E-015  -7.6589560699232214E-017  0.97140667340111875        1.5410428981692851E-015  -9.6908341372270626E-017  -2.1068287445403324E-016 -0.55471758084295997       -1.3050513099257222E-016   5.0318827515478818E-017   1.2478676552474018E-017
  -1.2989927928774367E-015   7.5643237363858120E-016  0.21075577344181276       -1.1256729055830779E-016   1.7297090409290555E-016  -4.1322144829600244E-016  0.27847670441850569       -3.7061994369747707E-015   1.1531574306555823E-015   1.5410428981692851E-015  0.19235937218441077        2.7840278910354319E-016   3.9099040845257863E-017  -5.6621446980572719E-016  -2.2312123256341632E-002   9.0150140092748862E-017  -4.1854439022676687E-017
   2.5501606832720740E-016   6.1895825533845338E-018   6.8553425739900612E-016  0.21075577344181148       -3.1445318896504426E-015   3.9471712135641379E-016   3.7661049951363823E-015  0.27847670441850658       -7.9570275065068974E-016  -9.6908341372270626E-017   2.7840278910354319E-016  0.19235937218440896       -2.8000808594517979E-015  -4.3325259932650128E-017  -1.2748057614414031E-016  -2.2312123256341489E-002   2.4001737351634668E-016
  -2.8855553035749398E-016   1.2191145164462703E-016  -7.6851638117561660E-016  -2.1867273616860139E-015  0.21075577344180771       -3.1544843650302434E-016  -9.6243949225180524E-016  -2.5075563370516253E-016  0.27847670441850914       -2.1068287445403324E-016   3.9099040845257863E-017  -2.8000808594517979E-015  0.19235937218441063        1.4750416715656499E-016   2.7198227936335661E-017   1.9853520547398818E-016  -2.2312123256341677E-002
  0.11094848839630710       0.13623182741555220       -5.4504976195665558E-016  -6.8164029260828567E-016  -2.3727933848134371E-016 -0.52579201349943727       -1.3744992831233850E-017   9.1411942944449702E-016   6.8579861810013722E-017 -0.55471758084295997       -5.6621446980572719E-016  -4.3325259932650128E-017   1.4750416715656499E-016  0.31731551379244272        3.8098595215804992E-017  -1.7859466696112714E-017  -9.8441122716816483E-018
   1.4049255831705383E-016  -1.0031822809270747E-016  -2.4445956236076923E-002  -9.1234342265234280E-017   1.4705338997281982E-017   9.3822036830112451E-017  -3.2301033645757884E-002   2.9208660636643681E-016  -8.7816140806589563E-017  -1.3050513099257222E-016  -2.2312123256341632E-002  -1.2748057614414031E-016   2.7198227936335661E-017   3.8098595215804992E-017   2.5880248960727602E-003   5.8429391492785079E-019   1.1739876648944539E-018
  -2.2545140786752950E-017   1.0110206747413732E-017   5.4636589713217836E-017  -2.4445956236076850E-002   2.2641571844933712E-016  -1.3331209686236738E-017  -2.5957832888376377E-016  -3.2301033645758086E-002  -9.0476671293915357E-017   5.0318827515478818E-017   9.0150140092748862E-017  -2.2312123256341489E-002   1.9853520547398818E-016  -1.7859466696112714E-017   5.8429391492785079E-019   2.5880248960727520E-003  -1.3195926285274743E-017
   2.3991276042637003E-017  -2.7530507994922591E-017   4.8252925906235801E-017   1.6076642987239258E-016  -2.4445956236076406E-002   2.8921389189923642E-017   5.7608404808659561E-017  -9.3633563088332172E-017  -3.2301033645758370E-002   1.2478676552474018E-017  -4.1854439022676687E-017   2.4001737351634668E-016  -2.2312123256341677E-002  -9.8441122716816483E-018   1.1739876648944539E-018  -1.3195926285274743E-017   2.5880248960727728E-003
