 2.7159736463672505E-004 -4.9049136876654098E-017  2.3215902534817365E-017 -3.6708962966925856E-017 -8.7807460834138980E-004  1.1892681392629572E-016 -2.1786534436319967E-017 -1.2886851390915514E-016  3.3071886734059728E-016  2.5308333388609527E-016  1.3120132424076923E-016 -1.2404419065201560E-016 -4.1333420731211531E-016 -1.6436906739164092E-016  7.2968511063167388E-016  6.4908416535295474E-016  3.2954024478743964E-016 -3.1410391655745440E-016 -9.2180569296856787E-016 -3.9637281380402490E-016  6.8956466632622877E-016 -1.0450224489936226E-002  1.4494156742872413E-015 -2.2678798942965633E-016  6.5657684163737911E-016  5.4313341067103910E-016  2.7424557907901562E-016 -3.0372040803395190E-016 -8.7567895431955161E-016 -3.4497311483798246E-016 -1.5594590443335466E-002  2.2152960889310038E-015 -2.6840780032593949E-016  2.1786847461090075E-015  3.3333094465177152E-016  2.9552734905627088E-016  1.6624022985966860E-016 -1.3875140600102670E-016 -4.1630441389559116E-016 -1.9534427641721463E-016 -1.6186806116193831E-015  3.3376974496048322E-003 -4.7719803369233821E-016  5.7384788110583711E-017
-4.9049136876654098E-017  2.7159736463674083E-004  3.3935527998800757E-017 -3.7363786134861199E-016  7.8353935752811996E-017 -8.7807460834146082E-004 -1.4555414165617675E-016 -3.3412097124343862E-016  3.7061873968993869E-016  3.0611702103316155E-017 -1.0050519753914531E-016  2.0158434622904379E-017  1.4655082705429148E-016 -3.7722328239011621E-016  8.8979581589304492E-016  1.5226428051422049E-016 -2.5771175310690691E-016  1.4441389659362212E-016  4.1179720174067298E-016 -8.0105892564699802E-016 -1.5513613136033206E-015  4.0408214968534499E-016 -1.0450224489936594E-002 -1.5525775109992321E-015  8.5560404565144222E-016  9.7894685494300742E-017 -2.3339139297922460E-016  1.5545559440535736E-016  3.0085431595374226E-016 -7.1126302686686841E-016  6.2905410047608632E-016 -1.5594590443335743E-002 -2.4494295480792402E-015 -3.6976522620302401E-015  4.0267601925148257E-016  6.9884904581436030E-017 -1.2152096978435942E-016  6.7996847823138426E-017  1.9499963907192038E-016 -3.7954061965465207E-016  2.9223961990382616E-015 -1.3288252876525395E-016  3.3376974496048912E-003  5.2854855908668075E-016
 2.3215902534817365E-017  3.3935527998800757E-017  2.7159736463668168E-004 -1.2667857073709157E-015 -8.8844438804553683E-017 -4.0711791576830679E-017 -8.7807460834132974E-004 -1.2979117151307867E-015  1.1697796048639625E-016 -7.5953837931624153E-017  2.2454888271035984E-016  1.6373432496797502E-016  5.4349104382479663E-016 -6.6047950635475139E-016  6.6545019461091690E-016 -1.7727489307005180E-016  4.3380175836755910E-016  6.5817504383215561E-016  1.3082236446572781E-015 -1.1796132177503701E-015  1.8863259228539966E-015 -6.7858858723152017E-016  3.5388358909927308E-016 -1.0450224489935343E-002  6.7624396709554983E-016 -1.6576134253710184E-016  4.4261514208872951E-016  7.2180274641128430E-016  1.1837854931419007E-015 -1.0323229530055761E-015 -1.0480304775059556E-015  4.2153780466236777E-016 -1.5594590443334198E-002  6.6476493753122043E-015  3.2400257244063528E-016 -7.2785644738195163E-017  2.0328197128273066E-016  3.2433758802192453E-016  5.9000168071442253E-016 -5.2731671591680681E-016 -4.7435370318915049E-015  2.2396228751761475E-016 -8.5868812060852654E-017  3.3376974496045608E-003
-3.6708962966925856E-017 -3.7363786134861199E-016 -1.2667857073709157E-015  6.5424364958909209E-001 -3.8089751230547631E-016 -6.6143639331428699E-016  1.8072383272541137E-015  7.0472897596774686E-001 -1.1073479501272335E-013 -2.5902015504639550E-015  1.3218267559471295E-015 -1.2929806976282744E-013  1.2344879769339854E-015 -1.0261927323445587E-013 -4.9050469683572651E-015 -1.7495655770914424E-015 -7.0423269495729118E-016 -1.9646667874231493E-014  4.8441856730697969E-016 -1.6037656174140148E-014 -3.0220863977778445E-001 -3.9345003840226223E-016  1.1747335849494800E-015 -4.3178229301819964E-015  2.0781916423632755E-014 -1.8303501660273117E-015  6.3153111440650407E-017  2.5019371300281264E-014  1.8666551685739650E-015  2.3084400371463207E-014 -6.0074040161439931E-016  2.0460415051570939E-015 -3.9656044179741093E-015 -6.6318056709978013E-001  1.9779279957514406E-014 -3.4716134742762286E-016 -4.3435710916007302E-016 -6.4733070424119651E-015  9.5096140025229046E-016  2.7597686393033007E-015  4.2878870448678041E-001  1.1880714205996454E-016 -4.2615102660120240E-016  8.9688743490450674E-016
-8.7807460834138980E-004  7.8353935752811996E-017 -8.8844438804553683E-017 -3.8089751230547631E-016  2.8388162707143933E-003 -1.2513048323198491E-016  1.1504062676428298E-016 -2.0223749735565580E-016 -2.4677185410866436E-016 -2.0654592713294181E-016 -1.5665491529225311E-016  1.4258088317732155E-016  2.9998152366820914E-016 -3.2583115090739746E-017 -5.3475039200433551E-016 -7.4169203285468553E-016 -4.7199953447485674E-016  4.4220160774642134E-016  6.8144008553022809E-016  3.0448067613223866E-017  2.3717550732417591E-017  3.3785588414503971E-002 -1.5991982044161117E-015  1.2641797331181015E-015 -3.7483682706539875E-016 -4.5600773943614668E-016 -3.1809755771749080E-016  4.3265487107909250E-016  6.2863840166327968E-016 -8.3304823117471086E-017  5.0417329763458946E-002 -2.5558982014173222E-015  1.6593172148804401E-015 -1.9727109471101382E-017 -2.4125545820155267E-016 -3.3338412468888717E-016 -2.6539451094846436E-016  1.8574198089615499E-016  2.9199217514918798E-016  5.7985875428805434E-017  4.0084968556823971E-017 -1.0790779891196067E-002  5.5695465600580244E-016 -3.5496779127175425E-016
 1.1892681392629572E-016 -8.7807460834146082E-004 -4.0711791576830679E-017 -6.6143639331428699E-016 -1.2513048323198491E-016  2.8388162707146882E-003  2.4741493576119502E-016 -8.0251953497184620E-016  2.1048354706090811E-016  1.1664556043986482E-016 -2.8749770545535154E-017  4.8282287207897700E-017 -2.6780847883623885E-016 -3.0258558324462519E-016  2.4802097881382891E-016 -1.4002531439880453E-017  4.8650867949407362E-017 -2.1522819638797496E-016 -8.7441763884187010E-016 -7.8656955825081953E-016  2.5997052584741776E-015  2.1911725905931670E-016  3.3785588414505949E-002  2.3644280977563924E-015  2.2762570416274021E-016  1.4173331282561364E-016  2.8977580212745311E-018 -2.6147155026942204E-016 -5.3488585208297485E-016 -9.3539696691043073E-016  2.4264444620225175E-016  5.0417329763460986E-002  3.9569042487031064E-015  3.2806492098304070E-015  1.3075539210765534E-016 -6.6646423815423200E-018  3.3190353394138234E-017 -1.0445343108456920E-016 -4.2094678715508536E-016 -3.2093262714732143E-016 -2.7831611317495107E-015 -5.7625345467603599E-017 -1.0790779891196504E-002 -8.6085652495349239E-016
-2.1786534436319967E-017 -1.4555414165617675E-016 -8.7807460834132974E-004  1.8072383272541137E-015  1.1504062676428298E-016  2.4741493576119502E-016  2.8388162707144583E-003  1.6551767514322507E-015  1.2527960623423447E-015  3.5664823885846794E-016 -3.2892810291883574E-016 -3.2515681465471807E-016 -4.4268918819828306E-016  3.0014863677600610E-016  1.4664124459880925E-015  8.1954574919950759E-016 -5.2177991886438689E-016 -1.6749370548862949E-015 -1.3138782627981625E-015 -2.5706642817003188E-016 -3.1350637100974762E-015  1.4441572937505741E-016  2.3245294578087534E-016  3.3785588414504221E-002  1.2799169874497764E-015  7.7199673342660412E-016 -5.8717811193997093E-016 -1.8996254340421415E-015 -1.0337439451229913E-015 -5.6267691341666817E-016  3.2986851097870087E-016  6.9388939039070371E-016  5.0417329763459438E-002 -1.3028250054320973E-014  6.1117178553228913E-016  3.4829124678336287E-016 -2.5343228479300023E-016 -8.4092105370272591E-016 -5.7074543842698432E-016 -1.6151967441249381E-016  9.2492710496327603E-015 -6.9565121892098035E-017 -1.6176296413483319E-016 -1.0790779891196176E-002
-1.2886851390915514E-016 -3.3412097124343862E-016 -1.2979117151307867E-015  7.0472897596774686E-001 -2.0223749735565580E-016 -8.0251953497184620E-016  1.6551767514322507E-015  7.5979640000634407E-001 -1.3106366262985993E-013  5.2337430204592811E-015  4.2293551716105402E-016 -1.2736944410385160E-013 -9.2406287236769693E-016 -1.0343620829191181E-013 -3.5891995409216533E-014  1.6170060288890397E-014 -2.9637451045326384E-015  1.3217716029491887E-015 -4.7462647347224605E-015 -5.2487899615292919E-015 -3.4271971036872317E-001  2.0241949803181418E-015  5.7119237982789627E-016 -1.0083763785569297E-014 -6.1647072117678677E-015  1.4980037853536695E-014 -1.8199915553620666E-015  4.9273789058218825E-014 -2.9679484452703130E-015  3.6705580882135348E-014  2.9295709618901019E-015  1.1156534717551430E-015 -1.1881629014192800E-014 -7.6975857211244270E-001  8.3339799588034469E-015  7.9618271755277384E-015 -1.5489771050355886E-015  2.8726937128121825E-015 -1.3637037605631084E-015  7.7097373705340646E-015  5.0323777696646088E-001 -6.3869084513481414E-016 -2.2649878343300646E-016  2.6015729346839682E-015
 3.3071886734059728E-016  3.7061873968993869E-016  1.1697796048639625E-016 -1.1073479501272335E-013 -2.4677185410866436E-016  2.1048354706090811E-016  1.2527960623423447E-015 -1.3106366262985993E-013  7.1645386121339083E-002 -2.3848110985991692E-015  4.7952906836301067E-016 -3.5822693060664823E-002  1.3617579286407407E-016 -3.5822693060664455E-002  1.5892206894084002E-001 -5.2067725131447580E-015  1.1467064277293882E-015 -7.9461034470419134E-002  9.1940344226749319E-016 -7.9461034470421618E-002  2.8791354470987294E-015 -5.5631298195362845E-016 -4.2193513488951613E-016  5.7560504687634124E-015  1.5226267269181576E-001 -5.1313120419400754E-015  1.1135298412514572E-015 -7.6131336345913708E-002  7.9623807547303931E-016 -7.6131336345916595E-002 -5.7931506188431725E-016 -3.2448546613651511E-016  8.4547428141091442E-015 -4.8250387454444109E-014  7.2861591040953938E-002 -2.2577426039839844E-015  4.9010003954490408E-016 -3.6430795520483714E-002  3.4022264172578760E-016 -3.6430795520485136E-002  4.8427043472536761E-014  1.3031097608923492E-016  8.0600807220534274E-017 -1.8325151068641021E-015
 2.5308333388609527E-016  3.0611702103316155E-017 -7.5953837931624153E-017 -2.5902015504639550E-015 -2.0654592713294181E-016  1.1664556043986482E-016  3.5664823885846794E-016  5.2337430204592811E-015 -2.3848110985991692E-015  7.1645386121323942E-002  4.2846314603912354E-017 -2.7434651772574332E-015 -6.0438850105204395E-016 -1.9489618252600193E-015  2.3843774177301699E-015  1.5892206894082467E-001  2.4530074152480000E-018  2.4901955497646380E-015  2.6362375823985144E-016  2.1857515797307537E-015 -1.6424367048209117E-014  9.6055427694196652E-016  8.5229587902766229E-016 -3.0180080113887454E-016  3.9577716104411438E-015  1.5226267269180893E-001 -2.4866176825955148E-016  2.7608124120170459E-015 -3.2938062000109472E-016  4.4443615454525790E-015  1.2991218341923922E-015  1.1963858118622808E-015 -3.1698804927915898E-016  4.2949585981525881E-015  7.8496237287953588E-016  7.2861591040950607E-002  3.8590821076905979E-017  9.8445557261681042E-016  8.5435131191858538E-017  8.5435131191857661E-016  1.3564342437132800E-015 -2.7948055495140124E-016 -2.7619078940265836E-016  7.2803061832374380E-017
 1.3120132424076923E-016 -1.0050519753914531E-016  2.2454888271035984E-016  1.3218267559471295E-015 -1.5665491529225311E-016 -2.8749770545535154E-017 -3.2892810291883574E-016  4.2293551716105402E-016  4.7952906836301067E-016  4.2846314603912354E-017  7.1645386121321361E-002  9.2674891198593654E-016  9.8383723856534396E-016 -3.0585343285840599E-016 -6.4119716480777152E-016  2.0425013676911866E-016  1.5892206894082253E-001 -7.0906822080573920E-016  1.1306839524990348E-015 -1.2359904766342252E-016  6.1997433070845683E-015  4.6376423646610262E-016 -5.6575055070396298E-016 -8.8016307847614262E-016 -2.1530357791758399E-015 -1.6937270813295944E-016  1.5226267269180555E-001 -1.7314708694594873E-015  1.0720252268357815E-015 -2.1810895103890912E-015  6.9970621521091308E-016 -4.0015233954256172E-016 -9.3719647004543145E-016  8.5634062872746015E-015 -1.2390669002978045E-015  8.0474906252739180E-017  7.2861591040950469E-002 -1.2566174229651003E-015  5.6116440975366006E-016 -1.1771182986675149E-015 -7.4267720313975083E-015 -1.4891187397803528E-016  9.8058068569696879E-017  2.1300433458693667E-016
-1.2404419065201560E-016  2.0158434622904379E-017  1.6373432496797502E-016 -1.2929806976282744E-013  1.4258088317732155E-016  4.8282287207897700E-017 -3.2515681465471807E-016 -1.2736944410385160E-013 -3.5822693060664823E-002 -2.7434651772574332E-015  9.2674891198593654E-016  7.1645386121332130E-002  9.7187882741578529E-016 -3.5822693060668070E-002 -7.9461034470405700E-002 -5.4539706084718601E-015  1.8828254927385250E-015  1.5892206894083918E-001  7.1687447644696568E-016 -7.9461034470419439E-002 -3.4390032253913537E-014 -6.5353422080682240E-016  3.8734729610261294E-016  4.8316116511330150E-015 -7.6131336345892336E-002 -5.6812193838254687E-015  1.6621903506379881E-015  1.5226267269182092E-001  1.4480604215709789E-015 -7.6131336345900108E-002 -9.9567971026176583E-016  3.6827634046075641E-016  6.7269119931292400E-015 -9.4329444808804343E-014 -3.6430795520469100E-002 -2.5964473626686426E-015  7.9932805166491280E-016  7.2861591040961557E-002  3.9421590991538611E-016 -3.6430795520474249E-002  8.9305188259758285E-014  2.0847323781021449E-016 -8.0070953897002456E-017 -1.4505563346681364E-015
-4.1333420731211531E-016  1.4655082705429148E-016  5.4349104382479663E-016  1.2344879769339854E-015  2.9998152366820914E-016 -2.6780847883623885E-016 -4.4268918819828306E-016 -9.2406287236769693E-016  1.3617579286407407E-016 -6.0438850105204395E-016  9.8383723856534396E-016  9.7187882741578529E-016  7.1645386121322416E-002 -6.0108168442611384E-016 -6.0281640790098619E-017 -1.3641973835298824E-015  1.1820785236066324E-015  1.9550333574257271E-015  1.5892206894082445E-001  1.2533377113931972E-015 -1.0032745228640350E-014  4.6351902677293604E-017  1.0610092471295330E-015  1.3798919454668292E-015  2.7937721580607626E-015 -1.1399843742598773E-015  8.9083132689092353E-016  3.7170787281492198E-015  1.5226267269180679E-001  2.1458529397833092E-015 -1.6934494747166718E-016  1.0297326752426400E-015  1.3278526784979207E-015 -2.1366096505303462E-014  1.9014737701051376E-015 -5.2556700311234670E-016  5.7656855093242431E-016  2.5875569048538505E-015  7.2861591040950205E-002  2.3466471821276242E-015  1.6818506129046520E-014  2.3446121372357179E-017 -2.2627925145274858E-016 -3.0420991518560145E-016
-1.6436906739164092E-016 -3.7722328239011621E-016 -6.6047950635475139E-016 -1.0261927323445587E-013 -3.2583115090739746E-017 -3.0258558324462519E-016  3.0014863677600610E-016 -1.0343620829191181E-013 -3.5822693060664455E-002 -1.9489618252600193E-015 -3.0585343285840599E-016 -3.5822693060668070E-002 -6.0108168442611384E-016  7.1645386121323498E-002 -7.9461034470412584E-002 -5.0376369742371771E-015 -5.8590285401103180E-016 -7.9461034470421771E-002 -5.1000870193748736E-016  1.5892206894082106E-001  8.8536223002923101E-015 -4.1794147232629172E-016 -4.8692389784903005E-016  4.0246030529891630E-015 -7.6131336345902578E-002 -4.2257863874804724E-015 -4.3834293833557553E-016 -7.6131336345908837E-002 -1.1666015375948524E-015  1.5226267269179752E-001 -8.5411072130342329E-016 -8.2202888749487563E-016  6.6238376049152349E-015 -9.3209714791504891E-014 -3.6430795520474873E-002 -2.3444787777828974E-015 -1.7087026238373276E-016 -3.6430795520478620E-002 -2.1857515797331127E-016  7.2861591040950219E-002  7.3025271205238881E-014  1.8111524994137917E-016  1.6603579270502714E-016 -1.3839402812748522E-015
 7.2968511063167388E-016  8.8979581589304492E-016  6.6545019461091690E-016 -4.9050469683572651E-015 -5.3475039200433551E-016  2.4802097881382891E-016  1.4664124459880925E-015 -3.5891995409216533E-014  1.5892206894084002E-001  2.3843774177301699E-015 -6.4119716480777152E-016 -7.9461034470405700E-002 -6.0281640790098619E-017 -7.9461034470412584E-002  3.5251710352517335E-001  5.4695831197552088E-015 -1.2397851842372599E-015 -1.7625855176257615E-001  1.2351231148956811E-015 -1.7625855176259883E-001  7.1413889407478441E-015 -1.0836511407566377E-015 -3.5407454490135514E-015 -2.8526306888684156E-015  3.3774539124771524E-001  4.9214105013468178E-015 -1.1557595158697471E-015 -1.6887269562386237E-001  9.9920072216292645E-016 -1.6887269562388521E-001 -1.0606610541326419E-015 -4.6068677017639232E-015 -4.5560417108251519E-015  9.7558866289924083E-015  1.6161982538469363E-001  2.7955068815367789E-015 -6.4802763849457505E-016 -8.0809912692357849E-002  3.8727701601197059E-016 -8.0809912692368854E-002 -4.1632768926205926E-015  2.4103272506670149E-016  1.0107400030857686E-015  9.2421118112824156E-016
 6.4908416535295474E-016  1.5226428051422049E-016 -1.7727489307005180E-016 -1.7495655770914424E-015 -7.4169203285468553E-016 -1.4002531439880453E-017  8.1954574919950759E-016  1.6170060288890397E-014 -5.2067725131447580E-015  1.5892206894082467E-001  2.0425013676911866E-016 -5.4539706084718601E-015 -1.3641973835298824E-015 -5.0376369742371771E-015  5.4695831197552088E-015  3.5251710352517979E-001  2.4818742980908488E-016  6.9250161160989406E-015  5.2974118147642457E-016  3.2647495817881888E-015 -4.4699663470743720E-014 -1.2437770174710492E-015 -1.3554514218073209E-015 -3.3100752888210445E-016  8.9511731360407285E-015  3.3774539124773895E-001 -3.4927572986621255E-016  7.4679845640798595E-015 -8.0014120329429182E-016  8.3440199194484374E-015 -2.1539287249700096E-015 -2.1901152385287628E-015 -1.9809068895700529E-016 -1.5219599840293841E-014  1.8240617349898245E-015  1.6161982538470479E-001  1.9805663185878992E-016  2.8258645423660275E-015  1.5569143196892386E-016  1.1692036228083619E-015  2.1078381735003874E-014  4.5783034827652610E-016  4.2409822073111841E-016  5.3395722181573198E-017
 3.2954024478743964E-016 -2.5771175310690691E-016  4.3380175836755910E-016 -7.0423269495729118E-016 -4.7199953447485674E-016  4.8650867949407362E-017 -5.2177991886438689E-016 -2.9637451045326384E-015  1.1467064277293882E-015  2.4530074152480000E-018  1.5892206894082253E-001  1.8828254927385250E-015  1.1820785236066324E-015 -5.8590285401103180E-016 -1.2397851842372599E-015  2.4818742980908488E-016  3.5251710352518306E-001 -1.9575270224224576E-015  2.9418470697678374E-016 -6.7437375128557133E-017  1.5056511528874203E-014 -4.5313590511783901E-016  8.3043993641704051E-017  5.2121413616048222E-016 -4.6089434352359819E-015 -5.5574848108891922E-016  3.3774539124773911E-001 -4.2131012220613467E-015  2.3553614570889514E-016 -4.6403852982379582E-015 -6.5924851226770313E-016  1.1090208448683074E-015  1.6123767077174505E-015  2.1471626160494398E-014 -2.6691973284421174E-015  8.4859148787723383E-017  1.6161982538470809E-001 -2.9637208485977021E-015  2.2161431218782474E-016 -2.5169753434250970E-015 -1.7954162448295983E-014  1.4297427740665683E-016 -2.0982685467132051E-016 -3.1755271230266808E-016
-3.1410391655745440E-016  1.4441389659362212E-016  6.5817504383215561E-016 -1.9646667874231493E-014  4.4220160774642134E-016 -2.1522819638797496E-016 -1.6749370548862949E-015  1.3217716029491887E-015 -7.9461034470419134E-002  2.4901955497646380E-015 -7.0906822080573920E-016  1.5892206894083918E-001  1.9550333574257271E-015 -7.9461034470421771E-002 -1.7625855176257615E-001  6.9250161160989406E-015 -1.9575270224224576E-015  3.5251710352520393E-001  1.1509890263103378E-015 -1.7625855176259655E-001 -1.0137631766147309E-013  4.9101488701861842E-017 -2.9769017559598595E-015 -6.3268632245074175E-016 -1.6887269562384355E-001  5.6257082325919177E-015 -2.1847757977752592E-015  3.3774539124775782E-001  2.7877006258943267E-015 -1.6887269562385113E-001  2.7959772557623910E-017 -4.9076169463178186E-015 -2.0159031772905757E-015 -1.6320213707391807E-013 -8.0809912692339128E-002  2.9629076969681696E-015 -1.0340036118994410E-015  1.6161982538472536E-001  6.7263902780979800E-016 -8.0809912692345887E-002  1.3664828880971670E-013 -1.6257194232566142E-017  1.0476025885367561E-015  4.0750390768061498E-016
-9.2180569296856787E-016  4.1179720174067298E-016  1.3082236446572781E-015  4.8441856730697969E-016  6.8144008553022809E-016 -8.7441763884187010E-016 -1.3138782627981625E-015 -4.7462647347224605E-015  9.1940344226749319E-016  2.6362375823985144E-016  1.1306839524990348E-015  7.1687447644696568E-016  1.5892206894082445E-001 -5.1000870193748736E-016  1.2351231148956811E-015  5.2974118147642457E-016  2.9418470697678374E-016  1.1509890263103378E-015  3.5251710352518634E-001  4.6004866582903985E-015 -1.4482852189861976E-014  2.9357417831010379E-016 -9.8327655840670085E-016 -8.8938430595043548E-016  7.5044137570759010E-015  8.9273206882457737E-016 -2.2430110069652100E-016  5.1894252783844480E-015  3.3774539124774106E-001  6.5086824818649779E-015 -9.0974560200631617E-017 -2.6952618629845436E-015 -2.9494078101607939E-015 -2.3418134987827823E-014  4.8433479449273677E-015  4.6745376666712849E-016  2.2452471739459215E-016  4.2778280917586959E-015  1.6161982538470712E-001  6.0394397816132500E-015  1.9635822333593904E-014 -8.9184226101106281E-018  5.6380760484964925E-016  5.8687210998176028E-016
-3.9637281380402490E-016 -8.0105892564699802E-016 -1.1796132177503701E-015 -1.6037656174140148E-014  3.0448067613223866E-017 -7.8656955825081953E-016 -2.5706642817003188E-016 -5.2487899615292919E-015 -7.9461034470421618E-002  2.1857515797307537E-015 -1.2359904766342252E-016 -7.9461034470419439E-002  1.2533377113931972E-015  1.5892206894082106E-001 -1.7625855176259883E-001  3.2647495817881888E-015 -6.7437375128557133E-017 -1.7625855176259655E-001  4.6004866582903985E-015  3.5251710352516580E-001  1.5239584425981329E-014  2.9547073580012146E-016 -2.4532721768642670E-015 -2.0558190284340229E-015 -1.6887269562387330E-001  4.4582393332600976E-015  2.0816681711731287E-016 -1.6887269562386553E-001  2.9039270987850374E-015  3.3774539124770803E-001 -7.0206413412728156E-017 -3.8725783566092232E-015 -1.6969441882814430E-015 -1.2042266859778489E-013 -8.0809912692355268E-002  1.4190038033489541E-015  1.8713329497099279E-016 -8.0809912692353200E-002  2.1432508545692738E-015  1.6161982538470118E-001  7.6085859754539651E-014  1.1278901892775257E-017  8.0687956415082958E-016  4.3806848336256853E-016
 6.8956466632622877E-016 -1.5513613136033206E-015  1.8863259228539966E-015 -3.0220863977778445E-001  2.3717550732417591E-017  2.5997052584741776E-015 -3.1350637100974762E-015 -3.4271971036872317E-001  2.8791354470987294E-015 -1.6424367048209117E-014  6.1997433070845683E-015 -3.4390032253913537E-014 -1.0032745228640350E-014  8.8536223002923101E-015  7.1413889407478441E-015 -4.4699663470743720E-014  1.5056511528874203E-014 -1.0137631766147309E-013 -1.4482852189861976E-014  1.5239584425981329E-014  5.7017200718769556E-001 -9.2648820808565499E-016  1.7307476605579314E-014  2.3792742694569075E-014 -2.4353638964075814E-014 -3.4077923934228583E-014  8.4555543578001130E-015 -1.3695325726365509E-013 -1.6243732019105346E-014 -1.1109058351321367E-014  5.3792986636345976E-016  2.7003348430371424E-014  2.1909099420002729E-014  1.6940048481348211E+000 -3.3490289643773200E-014 -2.2161578840906868E-014  8.7100435335554892E-015 -3.6051567331297577E-014 -7.6585055453462396E-015  2.1771864299933023E-014 -1.2340309354149459E+000 -8.1703518805358594E-017 -5.7752809837356209E-015 -4.8795100426787076E-015
-1.0450224489936226E-002  4.0408214968534499E-016 -6.7858858723152017E-016 -3.9345003840226223E-016  3.3785588414503971E-002  2.1911725905931670E-016  1.4441572937505741E-016  2.0241949803181418E-015 -5.5631298195362845E-016  9.6055427694196652E-016  4.6376423646610262E-016 -6.5353422080682240E-016  4.6351902677293604E-017 -4.1794147232629172E-016 -1.0836511407566377E-015 -1.2437770174710492E-015 -4.5313590511783901E-016  4.9101488701861842E-017  2.9357417831010379E-016  2.9547073580012146E-016 -9.2648820808565499E-016  4.0209223692627821E-001  1.2993078835066362E-015  4.6880901938272837E-016  5.9825271349388202E-016  1.8384680550162166E-015  1.1620956990712587E-015  1.5395416282247382E-016 -7.2975471767742657E-018 -1.0555325397970219E-015  6.0003148844778398E-001 -7.4593109466996480E-017 -1.9966667208493148E-015 -2.1639052537336725E-015 -4.5024937493433836E-016 -4.9095055387561281E-016 -7.9085639258524742E-016 -1.7976066147670518E-016 -1.0854967721120348E-016  6.5943477455033210E-016  1.4976829665436603E-015 -1.2842424916203218E-001  1.3444106938820122E-016  4.3042826247674748E-016
 1.4494156742872413E-015 -1.0450224489936594E-002  3.5388358909927308E-016  1.1747335849494800E-015 -1.5991982044161117E-015  3.3785588414505949E-002  2.3245294578087534E-016  5.7119237982789627E-016 -4.2193513488951613E-016  8.5229587902766229E-016 -5.6575055070396298E-016  3.8734729610261294E-016  1.0610092471295330E-015 -4.8692389784903005E-016 -3.5407454490135514E-015 -1.3554514218073209E-015  8.3043993641704051E-017 -2.9769017559598595E-015 -9.8327655840670085E-016 -2.4532721768642670E-015  1.7307476605579314E-014  1.2993078835066362E-015  4.0209223692628338E-001 -4.1355807667286892E-015 -3.5114162500599724E-015  5.4782177560170875E-016 -4.4069458380728479E-016 -3.5098504815447872E-015  2.6627164047421646E-015 -4.5139774094520427E-015  9.3675067702748333E-016  6.0003148844778120E-001 -1.0547118733938762E-015 -5.9332761314811891E-016 -1.4204895626578452E-015 -6.2435287585089313E-016  1.6762156971509476E-016 -1.4335845123542543E-015 -6.8941890529792680E-016 -6.5241224558833905E-016 -4.4488693678213288E-015 -2.6758109616942427E-016 -1.2842424916203155E-001  6.9388939039067316E-017
-2.2678798942965633E-016 -1.5525775109992321E-015 -1.0450224489935343E-002 -4.3178229301819964E-015  1.2641797331181015E-015  2.3644280977563924E-015  3.3785588414504221E-002 -1.0083763785569297E-014  5.7560504687634124E-015 -3.0180080113887454E-016 -8.8016307847614262E-016  4.8316116511330150E-015  1.3798919454668292E-015  4.0246030529891630E-015 -2.8526306888684156E-015 -3.3100752888210445E-016  5.2121413616048222E-016 -6.3268632245074175E-016 -8.8938430595043548E-016 -2.0558190284340229E-015  2.3792742694569075E-014  4.6880901938272837E-016 -4.1355807667286892E-015  4.0209223692627477E-001 -4.2213236400053263E-015 -4.7431936052010724E-016 -5.3916466110894833E-016 -4.1155587457279313E-015  1.8266056905266292E-015 -5.7350339734716590E-015  2.0634535746744038E-015 -2.0539125955565215E-015  6.0003148844778054E-001  2.9606196897548201E-014 -2.0354986331456818E-015 -4.7843612025597230E-016  6.9846681032905599E-017 -1.1589412238886522E-015 -3.1283209907868098E-017 -1.4621670498171259E-015 -2.5161627861258978E-014 -4.2869353900076678E-016  2.7755575615628504E-016 -1.2842424916203146E-001
 6.5657684163737911E-016  8.5560404565144222E-016  6.7624396709554983E-016  2.0781916423632755E-014 -3.7483682706539875E-016  2.2762570416274021E-016  1.2799169874497764E-015 -6.1647072117678677E-015  1.5226267269181576E-001  3.9577716104411438E-015 -2.1530357791758399E-015 -7.6131336345892336E-002  2.7937721580607626E-015 -7.6131336345902578E-002  3.3774539124771524E-001  8.9511731360407285E-015 -4.6089434352359819E-015 -1.6887269562384355E-001  7.5044137570759010E-015 -1.6887269562387330E-001 -2.4353638964075814E-014  5.9825271349388202E-016 -3.5114162500599724E-015 -4.2213236400053263E-015  3.2359266591138991E-001  8.2711615334581562E-015 -4.3742136648930075E-015 -1.6179633295569562E-001  7.0108849281606090E-015 -1.6179633295572526E-001  1.4258821642850926E-015 -4.5914646898434417E-015 -6.5859706790479315E-015 -7.9086948485265515E-014  1.5484738360799211E-001  4.3801767768416233E-015 -2.1862123656540703E-015 -7.7423691804004768E-002  3.2682190287404828E-015 -7.7423691804019007E-002  5.9449061013298996E-014 -2.9174758849243055E-016  1.0064067885323242E-015  1.3608087254371656E-015
 5.4313341067103910E-016  9.7894685494300742E-017 -1.6576134253710184E-016 -1.8303501660273117E-015 -4.5600773943614668E-016  1.4173331282561364E-016  7.7199673342660412E-016  1.4980037853536695E-014 -5.1313120419400754E-015  1.5226267269180893E-001 -1.6937270813295944E-016 -5.6812193838254687E-015 -1.1399843742598773E-015 -4.2257863874804724E-015  4.9214105013468178E-015  3.3774539124773895E-001 -5.5574848108891922E-016  5.6257082325919177E-015  8.9273206882457737E-016  4.4582393332600976E-015 -3.4077923934228583E-014  1.8384680550162166E-015  5.4782177560170875E-016 -4.7431936052010724E-016  8.2711615334581562E-015  3.2359266591142943E-001 -1.1025116366733668E-015  6.1825544683808001E-015 -3.9074646296375662E-016  9.2668928086680956E-015  2.4581050954127089E-015  6.5710356467025379E-016 -4.2434880623749379E-016  1.3540337499777133E-014  1.6011497683269811E-015  1.5484738360801081E-001 -1.7869007055276646E-016  2.2438648161756497E-015  3.2444750011629716E-016  1.7312540290248422E-015 -7.8389414464233702E-016 -5.2914651095001579E-016 -1.8341868552478952E-016  1.0136068470424145E-016
 2.7424557907901562E-016 -2.3339139297922460E-016  4.4261514208872951E-016  6.3153111440650407E-017 -3.1809755771749080E-016  2.8977580212745311E-018 -5.8717811193997093E-016 -1.8199915553620666E-015  1.1135298412514572E-015 -2.4866176825955148E-016  1.5226267269180555E-001  1.6621903506379881E-015  8.9083132689092353E-016 -4.3834293833557553E-016 -1.1557595158697471E-015 -3.4927572986621255E-016  3.3774539124773911E-001 -2.1847757977752592E-015 -2.2430110069652100E-016  2.0816681711731287E-016  8.4555543578001130E-015  1.1620956990712587E-015 -4.4069458380728479E-016 -5.3916466110894833E-016 -4.3742136648930075E-015 -1.1025116366733668E-015  3.2359266591142666E-001 -4.3334476632071375E-015 -2.7586846652536478E-016 -4.1848035453595476E-015  1.7504079644832700E-015  2.8618075186144630E-016 -4.9701725269391665E-018  1.6820431437369002E-015 -2.5383612312775005E-015 -1.8905775382716319E-016  1.5484738360801262E-001 -2.9787370486865617E-015 -1.9380113833181612E-017 -2.2871244828581681E-015 -3.1743770873635573E-015 -3.7284113432058596E-016 -3.4868916406729422E-017  2.7452571656078890E-017
-3.0372040803395190E-016  1.5545559440535736E-016  7.2180274641128430E-016  2.5019371300281264E-014  4.3265487107909250E-016 -2.6147155026942204E-016 -1.8996254340421415E-015  4.9273789058218825E-014 -7.6131336345913708E-002  2.7608124120170459E-015 -1.7314708694594873E-015  1.5226267269182092E-001  3.7170787281492198E-015 -7.6131336345908837E-002 -1.6887269562386237E-001  7.4679845640798595E-015 -4.2131012220613467E-015  3.3774539124775782E-001  5.1894252783844480E-015 -1.6887269562386553E-001 -1.3695325726365509E-013  1.5395416282247382E-016 -3.5098504815447872E-015 -4.1155587457279313E-015 -1.6179633295569562E-001  6.1825544683808001E-015 -4.3334476632071375E-015  3.2359266591144331E-001  6.5910818469736277E-015 -1.6179633295568718E-001  1.8632739070288571E-016 -5.6834257787702677E-015 -7.1683898935476611E-015 -2.6388559737314224E-013 -7.7423691803995456E-002  3.2213814948887955E-015 -2.0653509284762711E-015  1.5484738360802855E-001  2.5201195297251763E-015 -7.7423691803994429E-002  2.0674944864038368E-013 -4.9722011681708154E-017  1.2137644192890898E-015  1.5112903625767286E-015
-8.7567895431955161E-016  3.0085431595374226E-016  1.1837854931419007E-015  1.8666551685739650E-015  6.2863840166327968E-016 -5.3488585208297485E-016 -1.0337439451229913E-015 -2.9679484452703130E-015  7.9623807547303931E-016 -3.2938062000109472E-016  1.0720252268357815E-015  1.4480604215709789E-015  1.5226267269180679E-001 -1.1666015375948524E-015  9.9920072216292645E-016 -8.0014120329429182E-016  2.3553614570889514E-016  2.7877006258943267E-015  3.3774539124774106E-001  2.9039270987850374E-015 -1.6243732019105346E-014 -7.2975471767742657E-018  2.6627164047421646E-015  1.8266056905266292E-015  7.0108849281606090E-015 -3.9074646296375662E-016 -2.7586846652536478E-016  6.5910818469736277E-015  3.2359266591142727E-001  4.7930409641239148E-015 -5.1778759150035577E-016  2.7970111148610641E-015  1.1715674585232594E-015 -2.9401463980712163E-014  4.5571185713912521E-015 -1.4484941024405861E-016  1.9575947850583621E-016  4.8728382440186886E-015  1.5484738360801106E-001  5.0992196576338189E-015  2.3870312244708794E-014  8.3621647667957783E-017 -6.1115195445752010E-016 -2.9327687742565092E-016
-3.4497311483798246E-016 -7.1126302686686841E-016 -1.0323229530055761E-015  2.3084400371463207E-014 -8.3304823117471086E-017 -9.3539696691043073E-016 -5.6267691341666817E-016  3.6705580882135348E-014 -7.6131336345916595E-002  4.4443615454525790E-015 -2.1810895103890912E-015 -7.6131336345900108E-002  2.1458529397833092E-015  1.5226267269179752E-001 -1.6887269562388521E-001  8.3440199194484374E-015 -4.6403852982379582E-015 -1.6887269562385113E-001  6.5086824818649779E-015  3.3774539124770803E-001 -1.1109058351321367E-014 -1.0555325397970219E-015 -4.5139774094520427E-015 -5.7350339734716590E-015 -1.6179633295572526E-001  9.2668928086680956E-015 -4.1848035453595476E-015 -1.6179633295568718E-001  4.7930409641239148E-015  3.2359266591138292E-001 -2.0648543280736360E-015 -6.9388457737900368E-015 -7.2447837602331978E-015 -1.7997060158905365E-013 -7.7423691804011457E-002  3.7504721550618554E-015 -1.9182789037786030E-015 -7.7423691803994832E-002  3.0158167629856776E-015  1.5484738360799929E-001  1.1722333589185359E-013  4.3834879108295888E-016  1.4640706940872682E-015  1.6223306142756334E-015
-1.5594590443335466E-002  6.2905410047608632E-016 -1.0480304775059556E-015 -6.0074040161439931E-016  5.0417329763458946E-002  2.4264444620225175E-016  3.2986851097870087E-016  2.9295709618901019E-015 -5.7931506188431725E-016  1.2991218341923922E-015  6.9970621521091308E-016 -9.9567971026176583E-016 -1.6934494747166718E-016 -8.5411072130342329E-016 -1.0606610541326419E-015 -2.1539287249700096E-015 -6.5924851226770313E-016  2.7959772557623910E-017 -9.0974560200631617E-017 -7.0206413412728156E-017  5.3792986636345976E-016  6.0003148844778398E-001  9.3675067702748333E-016  2.0634535746744038E-015  1.4258821642850926E-015  2.4581050954127089E-015  1.7504079644832700E-015  1.8632739070288571E-016 -5.1778759150035577E-016 -2.0648543280736360E-015  8.9541093824916218E-001 -1.6098233857064703E-015 -9.4368957093140337E-016  2.9538377916253488E-015 -4.1678081356025666E-016 -8.6919957257108927E-016 -1.1724008392704101E-015 -2.8902687556933211E-016 -4.0454929897840636E-016  7.4971743868797606E-016 -2.3795737810811384E-015 -1.9164407143630485E-001  5.2128440453102925E-016  2.0556473190325595E-016
 2.2152960889310038E-015 -1.5594590443335743E-002  4.2153780466236777E-016  2.0460415051570939E-015 -2.5558982014173222E-015  5.0417329763460986E-002  6.9388939039070371E-016  1.1156534717551430E-015 -3.2448546613651511E-016  1.1963858118622808E-015 -4.0015233954256172E-016  3.6827634046075641E-016  1.0297326752426400E-015 -8.2202888749487563E-016 -4.6068677017639232E-015 -2.1901152385287628E-015  1.1090208448683074E-015 -4.9076169463178186E-015 -2.6952618629845436E-015 -3.8725783566092232E-015  2.7003348430371424E-014 -7.4593109466996480E-017  6.0003148844778120E-001 -2.0539125955565215E-015 -4.5914646898434417E-015  6.5710356467025379E-016  2.8618075186144630E-016 -5.6834257787702677E-015  2.7970111148610641E-015 -6.9388457737900368E-015 -1.6098233857064703E-015  8.9541093824914209E-001  4.5519144009631671E-015  3.0433841354251197E-015 -1.8094213802997272E-015 -1.0084587938942287E-015  7.0177804117097092E-016 -2.3526120902271160E-015 -1.5917816907443408E-015 -1.0706022606562101E-015 -9.6016686284613701E-015  2.4546337185071668E-016 -1.9164407143630052E-001 -1.2212453270876777E-015
-2.6840780032593949E-016 -2.4494295480792402E-015 -1.5594590443334198E-002 -3.9656044179741093E-015  1.6593172148804401E-015  3.9569042487031064E-015  5.0417329763459438E-002 -1.1881629014192800E-014  8.4547428141091442E-015 -3.1698804927915898E-016 -9.3719647004543145E-016  6.7269119931292400E-015  1.3278526784979207E-015  6.6238376049152349E-015 -4.5560417108251519E-015 -1.9809068895700529E-016  1.6123767077174505E-015 -2.0159031772905757E-015 -2.9494078101607939E-015 -1.6969441882814430E-015  2.1909099420002729E-014 -1.9966667208493148E-015 -1.0547118733938762E-015  6.0003148844778054E-001 -6.5859706790479315E-015 -4.2434880623749379E-016 -4.9701725269391665E-018 -7.1683898935476611E-015  1.1715674585232594E-015 -7.2447837602331978E-015 -9.4368957093140337E-016  4.5519144009631671E-015  8.9541093824915963E-001  1.5395091365946320E-015 -3.1746667212247564E-015 -5.7831201899751917E-016  4.8686460684553234E-016 -2.2208318275713772E-015 -7.9042071487599669E-016 -1.5534313653772647E-015 -5.9654631366702772E-015  2.2030988144905884E-016 -1.2073675392798635E-015 -1.9164407143630424E-001
 2.1786847461090075E-015 -3.6976522620302401E-015  6.6476493753122043E-015 -6.6318056709978013E-001 -1.9727109471101382E-017  3.2806492098304070E-015 -1.3028250054320973E-014 -7.6975857211244270E-001 -4.8250387454444109E-014  4.2949585981525881E-015  8.5634062872746015E-015 -9.4329444808804343E-014 -2.1366096505303462E-014 -9.3209714791504891E-014  9.7558866289924083E-015 -1.5219599840293841E-014  2.1471626160494398E-014 -1.6320213707391807E-013 -2.3418134987827823E-014 -1.2042266859778489E-013  1.6940048481348211E+000 -2.1639052537336725E-015 -5.9332761314811891E-016  2.9606196897548201E-014 -7.9086948485265515E-014  1.3540337499777133E-014  1.6820431437369002E-015 -2.6388559737314224E-013 -2.9401463980712163E-014 -1.7997060158905365E-013  2.9538377916253488E-015  3.0433841354251197E-015  1.5395091365946320E-015  5.1444452403075216E+000 -1.0354839129727229E-013 -1.2137194343327746E-014  1.5614947958328736E-014 -4.0016347656121500E-014 -1.3672805179224916E-014 -2.7577234444835449E-015 -3.7733742797721757E+000 -5.2911172292370687E-016 -6.3217399649930662E-016 -9.2001391102954199E-016
 3.3333094465177152E-016  4.0267601925148257E-016  3.2400257244063528E-016  1.9779279957514406E-014 -2.4125545820155267E-016  1.3075539210765534E-016  6.1117178553228913E-016  8.3339799588034469E-015  7.2861591040953938E-002  7.8496237287953588E-016 -1.2390669002978045E-015 -3.6430795520469100E-002  1.9014737701051376E-015 -3.6430795520474873E-002  1.6161982538469363E-001  1.8240617349898245E-015 -2.6691973284421174E-015 -8.0809912692339128E-002  4.8433479449273677E-015 -8.0809912692355268E-002 -3.3490289643773200E-014 -4.5024937493433836E-016 -1.4204895626578452E-015 -2.0354986331456818E-015  1.5484738360799211E-001  1.6011497683269811E-015 -2.5383612312775005E-015 -7.7423691803995456E-002  4.5571185713912521E-015 -7.7423691804011457E-002 -4.1678081356025666E-016 -1.8094213802997272E-015 -3.1746667212247564E-015 -1.0354839129727229E-013  7.4098441454808872E-002  9.6884306133314379E-016 -1.2589620101630048E-015 -3.7049220727408176E-002  2.1382635245760053E-015 -3.7049220727415864E-002  7.6501953574575093E-014  9.5631198873450329E-017  3.9860972716914511E-016  6.5612827111469447E-016
 2.9552734905627088E-016  6.9884904581436030E-017 -7.2785644738195163E-017 -3.4716134742762286E-016 -3.3338412468888717E-016 -6.6646423815423200E-018  3.4829124678336287E-016  7.9618271755277384E-015 -2.2577426039839844E-015  7.2861591040950607E-002  8.0474906252739180E-017 -2.5964473626686426E-015 -5.2556700311234670E-016 -2.3444787777828974E-015  2.7955068815367789E-015  1.6161982538470479E-001  8.4859148787723383E-017  2.9629076969681696E-015  4.6745376666712849E-016  1.4190038033489541E-015 -2.2161578840906868E-014 -4.9095055387561281E-016 -6.2435287585089313E-016 -4.7843612025597230E-016  4.3801767768416233E-015  1.5484738360801081E-001 -1.8905775382716319E-016  3.2213814948887955E-015 -1.4484941024405861E-016  3.7504721550618554E-015 -8.6919957257108927E-016 -1.0084587938942287E-015 -5.7831201899751917E-016 -1.2137194343327746E-014  9.6884306133314379E-016  7.4098441454817754E-002  7.7235852262436307E-017  1.1991276027688803E-015  1.7515286096503573E-016  5.0133508455729439E-016  1.3469531412477794E-014  1.8457921949282841E-016  1.9536859795113369E-016  1.2881818753567204E-016
