  0.55097578712253725        2.3642948312393496E-016   4.2265814690726568E-016   1.6070291451632024E-016   4.0351655004451929E-016  0.51328092225375588        1.2743328347125209E-016   2.6355147809501736E-016  -1.9549993806322692E-016  -1.8862606756640615E-002  -2.5372166074212609E-018  -2.9896733734129880E-017  -7.9190100327491009E-003  -5.0553749735294364E-018  -4.6939742493674979E-019   5.8676639923481800E-018
   2.3642948312393496E-016  0.55097578712253947       -6.4142981652410637E-016  -6.2266805540706285E-016  -3.3438348898579874E-016   1.0125996540109336E-016  0.51328092225375588       -3.1187753117903260E-016   2.0126022421130276E-016   7.6372372758790107E-018  -1.8862606756640733E-002  -3.1010582059769347E-017  -6.6710903204169958E-018  -7.9190100327490888E-003   1.8969655784154737E-017   2.1182864349340185E-018
   4.2265814690726568E-016  -6.4142981652410637E-016  0.55097578712254114        5.5229164533586813E-016  -6.5092278767095151E-016   1.2778903730909855E-016  -6.5111987344069577E-016  0.51328092225375699        1.8102978139649317E-016  -3.9972190641719789E-017   1.3492881919366294E-017  -1.8862606756640692E-002   1.0160866063104712E-017   1.2220391381314082E-017  -7.9190100327491287E-003  -9.1578901454888632E-018
   1.6070291451632024E-016  -6.2266805540706285E-016   5.5229164533586813E-016  0.48435777501251420       0.70640128552179904        5.3268487668671549E-016  -3.0458865844270336E-017  -1.4886063248703290E-016 -0.30884614904211122       -7.5585578078221430E-017   7.2865976102848843E-017   9.6767154466079507E-018   5.6488051356518143E-018  -2.1048672457386372E-017  -5.1852897707181987E-019  -1.1109543679848981E-003
   4.0351655004451929E-016  -3.3438348898579874E-016  -6.5092278767095151E-016  0.70640128552179904        1.0302359163615320        9.3445386272787916E-016   4.9005956951882394E-016  -1.5738641207257689E-015 -0.45043009107506893       -1.1602676602320158E-016   8.6628117257984952E-017   6.3972549987912202E-017   5.8073406882983827E-018  -3.8944087788681382E-017   2.0176174836106074E-017  -1.6202477469889147E-003
  0.51328092225375588        1.0125996540109336E-016   1.2778903730909855E-016   5.3268487668671549E-016   9.3445386272787916E-016  0.47816494174012275        7.8661126368351279E-018  -2.2248732081225912E-018  -4.2632614245400041E-016  -1.7572126431764926E-002   1.7097712970723819E-018  -1.8746250844316369E-017  -7.3772330253819652E-003  -2.9992907266683115E-018   3.3851318806623579E-018   4.5878097872361928E-018
   1.2743328347125209E-016  0.51328092225375588       -6.5111987344069577E-016  -3.0458865844270336E-017   4.9005956951882394E-016   7.8661126368351279E-018  0.47816494174012053       -3.4045077593307868E-016  -1.6296224594986118E-016   1.0292509100323797E-017  -1.7572126431764964E-002  -2.7054938196091724E-017  -4.8804979629608710E-018  -7.3772330253819218E-003   1.8442024844094257E-017   7.1274443074056256E-019
   2.6355147809501736E-016  -3.1187753117903260E-016  0.51328092225375699       -1.4886063248703290E-016  -1.5738641207257689E-015  -2.2248732081225912E-018  -3.4045077593307868E-016  0.47816494174012125        5.9163461042433091E-016  -3.2781586780320043E-017   2.7902677004134284E-018  -1.7572126431764912E-002   1.1336477207814739E-017   7.2786599948746481E-018  -7.3772330253819548E-003  -7.0098130641170775E-018
  -1.9549993806322692E-016   2.0126022421130276E-016   1.8102978139649317E-016 -0.30884614904211122      -0.45043009107506893       -4.2632614245400041E-016  -1.6296224594986118E-016   5.9163461042433091E-016  0.19693282259312866        5.1381276090145911E-017  -3.9759851749259621E-017  -2.4424091552506175E-017  -2.2648256038389715E-018   1.6235347650146308E-017  -7.3327928585824974E-018   7.0838953355251372E-004
  -1.8862606756640615E-002   7.6372372758790107E-018  -3.9972190641719789E-017  -7.5585578078221430E-017  -1.1602676602320158E-016  -1.7572126431764926E-002   1.0292509100323797E-017  -3.2781586780320043E-017   5.1381276090145911E-017   6.4575965400188182E-004  -4.5169575982813512E-019   1.8966038247609124E-018   2.7110659967425639E-004  -5.3036063608187554E-020   3.8261514960510981E-019  -4.0129914083857316E-020
  -2.5372166074212609E-018  -1.8862606756640733E-002   1.3492881919366294E-017   7.2865976102848843E-017   8.6628117257984952E-017   1.7097712970723819E-018  -1.7572126431764964E-002   2.7902677004134284E-018  -3.9759851749259621E-017  -4.5169575982813512E-019   6.4575965400188746E-004   1.3514807720136436E-018   1.4851752171518789E-019   2.7110659967425656E-004  -5.2774674534624739E-019  -1.9075545134931653E-019
  -2.9896733734129880E-017  -3.1010582059769347E-017  -1.8862606756640692E-002   9.6767154466079507E-018   6.3972549987912202E-017  -1.8746250844316369E-017  -2.7054938196091724E-017  -1.7572126431764912E-002  -2.4424091552506175E-017   1.8966038247609124E-018   1.3514807720136436E-018   6.4575965400188258E-004  -1.2612298526466850E-019   3.4295459650190067E-019   2.7110659967425656E-004   2.4795658567977388E-019
  -7.9190100327491009E-003  -6.6710903204169958E-018   1.0160866063104712E-017   5.6488051356518143E-018   5.8073406882983827E-018  -7.3772330253819652E-003  -4.8804979629608710E-018   1.1336477207814739E-017  -2.2648256038389715E-018   2.7110659967425639E-004   1.4851752171518789E-019  -1.2612298526466850E-019   1.1381756034377976E-004   1.1969992780819429E-019  -2.2660061427148490E-019  -1.0258840075835243E-019
  -5.0553749735294364E-018  -7.9190100327490888E-003   1.2220391381314082E-017  -2.1048672457386372E-017  -3.8944087788681382E-017  -2.9992907266683115E-018  -7.3772330253819218E-003   7.2786599948746481E-018   1.6235347650146308E-017  -5.3036063608187554E-020   2.7110659967425656E-004   3.4295459650190067E-019   1.1969992780819429E-019   1.1381756034377892E-004  -3.1578447064824433E-019   3.8360074839850282E-020
  -4.6939742493674979E-019   1.8969655784154737E-017  -7.9190100327491287E-003  -5.1852897707181987E-019   2.0176174836106074E-017   3.3851318806623579E-018   1.8442024844094257E-017  -7.3772330253819548E-003  -7.3327928585824974E-018   3.8261514960510981E-019  -5.2774674534624739E-019   2.7110659967425656E-004  -2.2660061427148490E-019  -3.1578447064824433E-019   1.1381756034377976E-004   1.1460601177981151E-019
   5.8676639923481800E-018   2.1182864349340185E-018  -9.1578901454888632E-018  -1.1109543679848981E-003  -1.6202477469889147E-003   4.5878097872361928E-018   7.1274443074056256E-019  -7.0098130641170775E-018   7.0838953355251372E-004  -4.0129914083857316E-020  -1.9075545134931653E-019   2.4795658567977388E-019  -1.0258840075835243E-019   3.8360074839850282E-020   1.1460601177981151E-019   2.5481569026384186E-006
