   5.0824674824857384E-005   1.7784257168187155E-011  -1.3812856073601416E-011  -2.2629524826048165E-016  -1.9049031790425387E-004  -6.4936147543192102E-011   4.9703874323957630E-011  -4.2020343313121139E-018  -1.4529537716627581E-018  -3.0597172249589328E-019  -1.7995370682158362E-018  -2.3905880309478175E-018  -3.4461572232299820E-018  -1.2374988957933109E-017  -4.6907159783675526E-003  -8.2951234425109545E-010   6.4493797671161352E-010  -4.4663476920708469E-018   3.0776415372178145E-018  -2.3042487790493366E-019  -2.5534076458665193E-018   2.1761470451562091E-018   2.4461369619270560E-018   4.0107990010801018E-015  -6.8096816502246880E-003  -1.1713891750008840E-009   9.0937168002120537E-010  -1.8969463189181721E-018   1.9321503518650727E-019  -1.3283609260684253E-018  -1.1425864776155686E-018  -2.0227313168226106E-018   8.1837179596171419E-019   1.2043363398676842E-014  -1.0266681783713520E-014   1.5843649351431827E-003   2.7402710559271375E-010  -2.1278653469557108E-010   1.6400667311264538E-019  -1.4476322145912820E-019   3.3457682336676354E-019   3.5929815142272623E-020   7.2532114367442145E-020  -3.5438508928057706E-020
   1.7784257168187155E-011   5.0824784224676612E-005   1.2654384889419130E-012  -6.0016864723346993E-016  -6.4936154212799011E-011  -1.9049071702843107E-004  -4.1281479225506721E-012   1.1202785175307795E-017   3.9458061962344923E-018   2.3204188964751383E-018  -1.1911086254947528E-019   2.7130125493883878E-018  -4.0441791324468909E-018  -7.6310835350962170E-017  -8.2951262463604753E-010  -4.6907210814115599E-003  -5.9471278120887926E-011   9.6943233127266192E-018  -1.6457415426256780E-018  -4.1653667980304150E-019   3.2405304932566116E-018   3.7388610587921712E-019   1.9090520553938043E-018  -9.7090767979431108E-016  -1.1713895756702321E-009  -6.8096888558270025E-003  -8.3057961651920144E-011   2.6859270303696172E-018   4.0183104868001023E-019  -7.9122728882618363E-019   1.1626113303131062E-018   1.3232361603844328E-019   1.8643532213426084E-018  -3.2319091956972858E-015   2.7658154976094261E-015   2.7402719856199125E-010   1.5843666207989951E-003   1.9466449940240173E-011  -1.3057429578882030E-019   4.5238297826408861E-019   5.6155517158045854E-019  -1.3391240538829013E-020  -9.7715918990728768E-020   2.5172834150971088E-020
  -1.3812856073601416E-011   1.2654384889419130E-012   5.0824771782381595E-005  -1.7974840839965706E-016   4.9703849201956340E-011  -4.1280904228804093E-012  -1.9049066616054822E-004  -3.6318623677826005E-019  -1.2521002521788935E-018  -4.7354127413740562E-018   2.5598076731864883E-018   2.9559192141572682E-018   1.2125541758604012E-018  -5.6386181192136251E-017   6.4493689621863802E-010  -5.9469796444587414E-011  -4.6907205059966723E-003  -2.9980906873584327E-018   1.9386279154449289E-018  -6.8819804414890629E-020   9.0320133179022407E-019  -4.5415017144952661E-018   1.5174459271178495E-019   5.1529051743885248E-016   9.0937011382867206E-010  -8.3055836118347854E-011  -6.8096880330552230E-003  -3.7772931169495709E-018   7.4493922838406246E-019  -7.5473246435727832E-019   4.7033458159168319E-018   1.5236618907177275E-021   2.6836098676978594E-018   1.4159838749219523E-015  -1.2051054259751735E-015  -2.1278617070243200E-010   1.9465954060259554E-011   1.5843664287273197E-003  -3.4570003246601827E-018   2.1002315439315191E-019   1.7517210566353309E-019  -3.4665791758485492E-018   1.9042506493111972E-019  -3.7663301676969015E-018
  -2.2629524826048165E-016  -6.0016864723346993E-016  -1.7974840839965706E-016   1.1082448894563663        2.3494688571036281E-016   3.4414449759461508E-018  -4.1898244668200470E-016  -1.9870937065081131E-009   3.8090464738282357E-009   1.5168064682769423E-009   1.6554227050965079E-008  -2.7418884091293395E-009  -1.4567188962234802E-008   3.4084291418394412E-002  -3.5041987596457593E-016  -3.5875167180922939E-015  -3.3432353021983502E-015  -3.0930308308873693E-008   1.0509508069999863E-008  -6.3875810915144772E-009   2.4363130938269999E-008  -4.4722824266049221E-010   6.5671749076127720E-009 -0.28440286322056046       -2.7379458872014538E-016  -5.3645912382111463E-015  -5.2290262952609248E-015  -5.4820622599519612E-009   1.9797130575862613E-009  -1.0601705964449920E-009   4.8777754003820833E-009  -1.8057351175741974E-010   6.0427114568962095E-010 -0.49630894796730091       0.39694290833716883        7.1860583971436613E-017   1.2501059604720868E-015   1.2084673823481898E-015   5.1366103408067335E-010  -1.8674546568676299E-010   9.8568752119783280E-011  -4.6301583225624648E-010   1.8000641780042379E-011  -5.0648435737033761E-011
  -1.9049031790425387E-004  -6.4936154212799011E-011   4.9703849201956340E-011   2.3494688571036281E-016   7.1395560011564777E-004   2.3693700172811315E-010  -1.7854404323788342E-010   1.5749167952522600E-017   5.4456561188855463E-018   1.1467753178890046E-018   6.7446422822191710E-018   8.9598992344488741E-018   1.2916172024581895E-017  -6.8328040665740879E-018   1.7580751495153483E-002   2.9503490083204100E-009  -2.2264913491196282E-009   1.6739860727017969E-017  -1.1534980573072548E-017   8.6363727517867824E-019   9.5701086872651289E-018  -8.1561734324466849E-018  -9.1680978530444447E-018  -5.7580959551397895E-015   2.5522611346716254E-002   4.1600298217622005E-009  -3.1314267563409048E-009   7.1097663846451848E-018  -7.2417886424141894E-019   4.9786886891338207E-018   4.2823756140018432E-018   7.5811750636688612E-018  -3.0672551393991871E-018  -1.7399140089433325E-014   1.4828994417513359E-014  -5.9381822158588744E-003  -9.7346258824394708E-010   7.3309976747045345E-010  -6.1469822833997859E-019   5.4257205462631158E-019  -1.2539908559032739E-018  -1.3466181088245928E-019  -2.7184963556647627E-019   1.3282386698862868E-019
  -6.4936147543192102E-011  -1.9049071702843107E-004  -4.1280904228804093E-012   3.4414449759461508E-018   2.3693700172811315E-010   7.1395705515632589E-004   1.3168142956081969E-011  -4.1987905433523472E-017  -1.4788845689177927E-017  -8.6969062546902179E-018   4.4639092555722067E-019  -1.0168334947129904E-017   1.5157565829924699E-017   2.2563769252473017E-016   2.9503494436483345E-009   1.7580769614849310E-002   1.6616033579739851E-010  -3.6334157197986254E-017   6.1682016267949692E-018   1.5611867275801645E-018  -1.2145515690281398E-017  -1.4013202610522667E-018  -7.1551187441473742E-018   1.9062270995118682E-015   4.1600304298480004E-009   2.5522636892124612E-002   2.2893265551873147E-010  -1.0066820590986856E-017  -1.5060597088962849E-018   2.9655114956227332E-018  -4.3574581748313835E-018  -4.9594722256251517E-019  -6.9875743682231483E-018   6.1628857688065428E-015  -5.2362694427549479E-015  -9.7346272877915382E-010  -5.9381881937312598E-003  -5.3796082615473827E-011   4.8939063933677429E-019  -1.6955261671869848E-018  -2.1047024758090041E-018   5.0190522876513396E-020   3.6623814224636595E-019  -9.4347580457659234E-020
   4.9703874323957630E-011  -4.1281479225506721E-012  -1.9049066616054822E-004  -4.1898244668200470E-016  -1.7854404323788342E-010   1.3168142956081969E-011   7.1395684863396114E-004   1.3612189171658217E-018   4.6928542056391584E-018   1.7748271312521204E-017  -9.5941455799751891E-018  -1.1078748705430567E-017  -4.5446242599034004E-018   1.7409847666850497E-016  -2.2264896179988481E-009   1.6616008925067152E-010   1.7580767067408583E-002   1.1236842841220977E-017  -7.2659667412215067E-018   2.5794255417836116E-019  -3.3852144573272817E-018   1.7021497211410114E-017  -5.6874356371008848E-019  -6.8737312252052241E-016  -3.1314242521978987E-009   2.2893239305752595E-010   2.5522633241058107E-002   1.4157260224076398E-017  -2.7920267547985322E-018   2.8287304175146900E-018  -1.7628093763592887E-017  -5.7103628675298466E-021  -1.0058140516086992E-017  -1.9151689977452431E-015   1.6490851531579727E-015   7.3309918635746488E-010  -5.3796016506458118E-011  -5.9381873418524181E-003   1.2956797049939302E-017  -7.8716409157187636E-019  -6.5654322435152610E-019   1.2992699997335182E-017  -7.1371100354300007E-019   1.4116162710149805E-017
  -4.2020343313121139E-018   1.1202785175307795E-017  -3.6318623677826005E-019  -1.9870937065081131E-009   1.5749167952522600E-017  -4.1987905433523472E-017   1.3612189171658217E-018   4.6515124011983944E-018  -7.1486397393129401E-018  -2.4635199148993806E-018  -3.0295862849062408E-017   4.8878940861029081E-018   2.5644442090818083E-017  -5.7900180162023313E-011   3.8781432568260878E-016  -1.0339272940282073E-015   3.3519237981386666E-017   5.3445707357730428E-017  -1.8071584170712693E-017   1.1091607064598089E-017  -4.1676129382885423E-017   6.9641035159849820E-019  -1.1769642509050443E-017  -3.4279158456282930E-010   5.6300406278852197E-016  -1.5009895242478723E-015   4.8661088868203565E-017   7.0861601393861779E-018  -2.6197627755094184E-018   1.3330431545134867E-018  -6.5957043129131719E-018   2.8600280205492736E-019  -4.9060802841991893E-019  -1.6789363055264620E-009   1.4798058017750626E-009  -1.3099054229317478E-016   3.4922560341117952E-016  -1.1321663069176136E-017  -6.5094483519315080E-019   2.4176649921698263E-019  -1.2176627389215713E-019   6.1120231741032999E-019  -2.7238305292825312E-020   3.9715893783147470E-020
  -1.4529537716627581E-018   3.9458061962344923E-018  -1.2521002521788935E-018   3.8090464738282357E-009   5.4456561188855463E-018  -1.4788845689177927E-017   4.6928542056391584E-018  -7.1486397393129401E-018   1.3185188754209565E-017   5.1382271052825051E-018   5.7076911723436126E-017  -9.4155888017183787E-018  -4.9928460775253842E-017   1.1620645006744046E-010   1.3409629800489881E-016  -3.6416662073649901E-016   1.1555882195928963E-016  -1.0571798969561336E-016   3.5895038426143492E-017  -2.1848276132443577E-017   8.3148141214235408E-017  -1.5062218197383298E-018   2.2569860219346408E-017  -7.2763518254193493E-010   1.9467243725864122E-016  -5.2867380878512450E-016   1.6776090703591998E-016  -1.8038092183394199E-017   6.5318229925292967E-018  -3.4774270459648846E-018   1.6134920200111108E-017  -6.0956633941045048E-019   1.9031708272007863E-018  -9.5312185851258256E-010   7.2215188085933585E-010  -4.5293186729501667E-017   1.2300314351177964E-016  -3.9031854038911236E-017   1.6863278945861543E-018  -6.1457504724370736E-019   3.2267516998923059E-019  -1.5272225369845586E-018   6.0392441925968210E-020  -1.5910697242224333E-019
  -3.0597172249589328E-019   2.3204188964751383E-018  -4.7354127413740562E-018   1.5168064682769423E-009   1.1467753178890046E-018  -8.6969062546902179E-018   1.7748271312521204E-017  -2.4635199148993806E-018   5.1382271052825051E-018   2.1362475916805579E-018   2.2512595820606596E-017  -3.7593703901862063E-018  -2.0049153928418833E-017   4.7405689008146935E-011   2.8238729165651290E-017  -2.1415616358541289E-016   4.3704074205876595E-016  -4.2806486903463627E-017   1.4565553151168160E-017  -8.8274291782331185E-018   3.3816999039891984E-017  -6.3691725236542688E-019   8.9894682702737379E-018  -5.8987566731719031E-010   4.0995187607114311E-017  -3.1089822301497546E-016   6.3446779777535144E-016  -8.1484735123853635E-018   2.9283250256321552E-018  -1.5846109562035092E-018   7.1818857204534743E-018  -2.5602878592274466E-019   9.6652384678145907E-019  -1.2836566600943711E-009   1.0588906078472336E-009  -9.5380870271936073E-018   7.2334695072505107E-017  -1.4761755219220828E-016   7.6656253831248590E-019  -2.7748741590405154E-019   1.4783946326363980E-019  -6.8523237607951696E-019   2.5821778884094451E-020  -8.1342216540944992E-020
  -1.7995370682158362E-018  -1.1911086254947528E-019   2.5598076731864883E-018   1.6554227050965079E-008   6.7446422822191710E-018   4.4639092555722067E-019  -9.5941455799751891E-018  -3.0295862849062408E-017   5.7076911723436126E-017   2.2512595820606596E-017   2.4762233683680024E-016  -4.0940528028918698E-017  -2.1732730021205483E-016   5.0731628961358090E-010   1.6608296904801458E-016   1.0991995139949760E-017  -2.3625005002755036E-016  -4.6088133193600830E-016   1.5654862651977145E-016  -9.5209631984443532E-017   3.6278825712719646E-016  -6.6209128249291375E-018   9.8093076905370820E-017  -3.7672938473288883E-009   2.4110863857698307E-016   1.5957474700569542E-017  -3.4297271739336966E-016  -8.0340264935007677E-017   2.9047199728515791E-017  -1.5515863767110402E-017   7.1648293147516718E-017  -2.6759871306774695E-018   8.6918387942196992E-018  -5.9647522620284423E-009   4.6932774411633811E-009  -5.6097199888382321E-017  -3.7127233014890030E-018   7.9797261728127039E-017   7.5204208096269382E-018  -2.7369897200622646E-018   1.4413531756692954E-018  -6.7927162460986940E-018   2.6604083664046275E-019  -7.2773458375274861E-019
  -2.3905880309478175E-018   2.7130125493883878E-018   2.9559192141572682E-018  -2.7418884091293395E-009   8.9598992344488741E-018  -1.0168334947129904E-017  -1.1078748705430567E-017   4.8878940861029081E-018  -9.4155888017183787E-018  -3.7593703901862063E-018  -4.0940528028918698E-017   6.7843936244604162E-018   3.6052771756079769E-017  -8.4410966450661993E-011   2.2063246139133451E-016  -2.5038925185265591E-016  -2.7280765166173980E-016   7.6576500583059809E-017  -2.6021479192729849E-017   1.5812804758913416E-017  -6.0328625725153497E-017   1.1092247996318873E-018  -1.6247866969425961E-017   7.2583319512316826E-010   3.2030010520069674E-016  -3.6349910223983092E-016  -3.9604469873423310E-016   1.3634478640465637E-017  -4.9221774984296608E-018   2.6377303881053445E-018  -1.2123986320331951E-017   4.4773673661492430E-019  -1.5104487473358148E-018   1.2947776025773521E-009  -1.0391165883178880E-009  -7.4522170282093041E-017   8.4573004143632089E-017   9.2145179404965654E-017  -1.2778691191119588E-018   4.6444623201400387E-019  -2.4529802333504120E-019   1.1512394898274288E-018  -4.4666176550605804E-020   1.2663847423232826E-019
  -3.4461572232299820E-018  -4.0441791324468909E-018   1.2125541758604012E-018  -1.4567188962234802E-008   1.2916172024581895E-017   1.5157565829924699E-017  -4.5446242599034004E-018   2.5644442090818083E-017  -4.9928460775253842E-017  -2.0049153928418833E-017  -2.1732730021205483E-016   3.6052771756079769E-017   1.9168359270545383E-016  -4.4941784383753749E-010   3.1805349158568450E-016   3.7324604938177436E-016  -1.1190874338534134E-016   4.0743719176849849E-016  -1.3847757550409533E-016   8.4118348165882446E-017  -3.2111336531738856E-016   5.9245257005536689E-018  -8.6323764012825210E-017   4.1101060340550928E-009   4.6172972220738572E-016   5.4185474419577933E-016  -1.6246194965240927E-016   7.3254400276722992E-017  -2.6427543207748262E-017   1.4182878032563809E-017  -6.5052849587550531E-017   2.3899936711101423E-018  -8.2012654918254261E-018   7.6437325418252937E-009  -6.1731194300537845E-009  -1.0742769209114288E-016  -1.2606986737978238E-016   3.7798979698430683E-017  -6.8695037571941053E-018   2.4952332835523531E-018  -1.3195922564917500E-018   6.1815387907730761E-018  -2.3880347210476824E-019   6.8802161104739026E-019
  -1.2374988957933109E-017  -7.6310835350962170E-017  -5.6386181192136251E-017   3.4084291418394412E-002  -6.8328040665740879E-018   2.2563769252473017E-016   1.7409847666850497E-016  -5.7900180162023313E-011   1.1620645006744046E-010   4.7405689008146935E-011   5.0731628961358090E-010  -8.4410966450661993E-011  -4.4941784383753749E-010   1.0577536641997512E-003  -8.9568723110563655E-016   5.6370786233687626E-015   4.4392145104310310E-015  -9.5720837721330014E-010   3.2550087917198885E-010  -1.9751801608633113E-010   7.5521749517065978E-010  -1.4065917461125211E-011   2.0199060277464132E-010  -1.1263833473032430E-002  -1.2785854933772153E-015   8.1655508979979382E-015   6.4309137000844424E-015  -1.7669900095375513E-010   6.3631164590480674E-011  -3.4281866955211552E-011   1.5636359581037161E-010  -5.6650502982531599E-012   2.0334389447632197E-011  -2.2846378191707508E-002   1.8676709194227342E-002   2.9817615391129854E-016  -1.8996795208110995E-015  -1.4960221001952230E-015   1.6594856159339035E-011  -6.0181047882045284E-012   3.1937498065573359E-012  -1.4886526842723515E-011   5.6848088465765810E-013  -1.7085244763215871E-012
  -4.6907159783675526E-003  -8.2951262463604753E-010   6.4493689621863802E-010  -3.5041987596457593E-016   1.7580751495153483E-002   2.9503494436483345E-009  -2.2264896179988481E-009   3.8781432568260878E-016   1.3409629800489881E-016   2.8238729165651290E-017   1.6608296904801458E-016   2.2063246139133451E-016   3.1805349158568450E-016  -8.9568723110563655E-016  0.43291602878986968        1.6316672967113077E-009  -1.3897308185407850E-009   4.1221026042038974E-016  -2.8404258533492347E-016   2.1266668232843708E-017   2.3565806291808274E-016  -2.0084106472729922E-016  -2.2575921697513829E-016   2.7492285088588892E-015  0.62847982076384057       -6.6247238107681539E-010   4.6587607307408741E-010   1.7507453651526390E-016  -1.7832662835543375E-017   1.2259748134019845E-016   1.0545064584398061E-016   1.8668214307228530E-016  -7.5529522278054111E-017   4.9806384403830889E-015  -4.4634111893414789E-015 -0.14622436724783547        1.6848615113761872E-011   3.1758112083004936E-012  -1.5136605757035103E-017   1.3360550038977036E-017  -3.0878816462984506E-017  -3.3158921081487979E-018  -6.6941475986704528E-018   3.2707644833352690E-018
  -8.2951234425109545E-010  -4.6907210814115599E-003  -5.9469796444587414E-011  -3.5875167180922939E-015   2.9503490083204100E-009   1.7580769614849310E-002   1.6616008925067152E-010  -1.0339272940282073E-015  -3.6416662073649901E-016  -2.1415616358541289E-016   1.0991995139949760E-017  -2.5038925185265591E-016   3.7324604938177436E-016   5.6370786233687626E-015   1.6316672967113077E-009  0.43291603888239616        1.9852998466105692E-010  -8.9470718972832973E-016   1.5188837165882814E-016   3.8443294315148655E-017  -2.9907612779160404E-016  -3.4506657144843027E-017  -1.7619054545786989E-016  -3.5544783088982662E-015  -6.6247296950721572E-010  0.62847981671062991       -1.4379212582996473E-011  -2.4788967375541803E-016  -3.7085775235913961E-017   7.3023912663933677E-017  -1.0729972654259191E-016  -1.2212438915201937E-017  -1.7206483178281815E-016  -1.5494069182230549E-015   1.9376260526214375E-015   1.6848775267363407E-011 -0.14622436715153919       -9.7495207809501338E-012   1.2050968834944204E-017  -4.1751334639393340E-017  -5.1827043676182764E-017   1.2358978902457471E-018   9.0183988346587296E-018  -2.3232598645965412E-018
   6.4493797671161352E-010  -5.9471278120887926E-011  -4.6907205059966723E-003  -3.3432353021983502E-015  -2.2264913491196282E-009   1.6616033579739851E-010   1.7580767067408583E-002   3.3519237981386666E-017   1.1555882195928963E-016   4.3704074205876595E-016  -2.3625005002755036E-016  -2.7280765166173980E-016  -1.1190874338534134E-016   4.4392145104310310E-015  -1.3897308185407850E-009   1.9852998466105692E-010  0.43291603865116357        2.7670054279775677E-016  -1.7892013855710623E-016   6.3516526323645536E-018  -8.3358766876468724E-017   4.1914432245990920E-016  -1.4004960478039977E-017  -2.1713952949854871E-015   4.6587585179858840E-010  -1.4376861951371361E-011  0.62847981753585935        3.4861424073199053E-016  -6.8752022528738870E-017   6.9655839985236386E-017  -4.3408142772359423E-016  -1.4059157467289014E-019  -2.4767580412139318E-016  -4.4334465460907541E-016   5.8608586134075616E-016   3.1758998693566650E-012  -9.7499434808839998E-012 -0.14622436728422916        3.1905349527240914E-016  -1.9383449670047274E-017  -1.6166994162393519E-017   3.1993758911338697E-016  -1.7574714168614108E-017   3.4760219717904318E-016
  -4.4663476920708469E-018   9.6943233127266192E-018  -2.9980906873584327E-018  -3.0930308308873693E-008   1.6739860727017969E-017  -3.6334157197986254E-017   1.1236842841220977E-017   5.3445707357730428E-017  -1.0571798969561336E-016  -4.2806486903463627E-017  -4.6088133193600830E-016   7.6576500583059809E-017   4.0743719176849849E-016  -9.5720837721330014E-010   4.1221026042038974E-016  -8.9470718972832973E-016   2.7670054279775677E-016   8.6696328289004477E-016  -2.9474008943866178E-016   1.7894086015337231E-016  -6.8366809575489134E-016   1.2676811996400327E-017  -1.8329499092165041E-016   9.5139739593880458E-009   5.9842050187350637E-016  -1.2988786646222429E-015   4.0169616629078963E-016   1.5807196255171828E-016  -5.6971485754296628E-017   3.0638417752504840E-017  -1.4011036982541883E-016   5.1094981333349618E-018  -1.7960820688036313E-017   1.8600778099649566E-008  -1.5130013938883140E-008  -1.3923065854900840E-016   3.0220176612705163E-016  -9.3460069957755321E-017  -1.4835173290510757E-017   5.3839946662990598E-018  -2.8526060085220920E-018   1.3327295595213995E-017  -5.1169708677955875E-019   1.5080278929915993E-018
   3.0776415372178145E-018  -1.6457415426256780E-018   1.9386279154449289E-018   1.0509508069999863E-008  -1.1534980573072548E-017   6.1682016267949692E-018  -7.2659667412215067E-018  -1.8071584170712693E-017   3.5895038426143492E-017   1.4565553151168160E-017   1.5654862651977145E-016  -2.6021479192729849E-017  -1.3847757550409533E-016   3.2550087917198885E-010  -2.8404258533492347E-016   1.5188837165882814E-016  -1.7892013855710623E-016  -2.9474008943866178E-016   1.0020942331308784E-016  -6.0829854401992832E-017   2.3245956354703897E-016  -4.3158769864636776E-018   6.2280453635105826E-017  -3.3017570351907099E-009  -4.1235486718423539E-016   2.2050182092614659E-016  -2.5974482002596913E-016  -5.3932015570061326E-017   1.9433134239957458E-017  -1.0456342492888860E-017   4.7780967317328714E-017  -1.7391668587159543E-018   6.1507713134343147E-018  -6.5283286505190719E-009   5.3184593533978496E-009   9.5939961157164168E-017  -5.1302743984172875E-017   6.0433160902111466E-017   5.0625814545147687E-018  -1.8369165319839385E-018   9.7371328761787357E-019  -4.5460966078914053E-018   1.7427271618396734E-019  -5.1653850802195889E-019
  -2.3042487790493366E-019  -4.1653667980304150E-019  -6.8819804414890629E-020  -6.3875810915144772E-009   8.6363727517867824E-019   1.5611867275801645E-018   2.5794255417836116E-019   1.1091607064598089E-017  -2.1848276132443577E-017  -8.8274291782331185E-018  -9.5209631984443532E-017   1.5812804758913416E-017   8.4118348165882446E-017  -1.9751801608633113E-010   2.1266668232843708E-017   3.8443294315148655E-017   6.3516526323645536E-018   1.7894086015337231E-016  -6.0829854401992832E-017   3.6936010992807493E-017  -1.4108787518458567E-016   2.6126989882097986E-018  -3.7852947883849086E-017   1.9222851436484181E-009   3.0873586464577190E-017   5.5809518153683206E-017   9.2209255645621120E-018   3.2507565570055861E-017  -1.1719141260943208E-017   6.2990022433768550E-018  -2.8827776336401868E-017   1.0533072734729281E-018  -3.6796387850661661E-018   3.7133273014974943E-009  -3.0153640024432436E-009  -7.1831593695471608E-018  -1.2984842589447233E-017  -2.1453735978379360E-018  -3.0502316982923009E-018   1.1072389872898111E-018  -5.8636735473265395E-019   2.7413767418296610E-018  -1.0542224386305464E-019   3.0888435880615079E-019
  -2.5534076458665193E-018   3.2405304932566116E-018   9.0320133179022407E-019   2.4363130938269999E-008   9.5701086872651289E-018  -1.2145515690281398E-017  -3.3852144573272817E-018  -4.1676129382885423E-017   8.3148141214235408E-017   3.3816999039891984E-017   3.6278825712719646E-016  -6.0328625725153497E-017  -3.2111336531738856E-016   7.5521749517065978E-010   2.3565806291808274E-016  -2.9907612779160404E-016  -8.3358766876468724E-017  -6.8366809575489134E-016   2.3245956354703897E-016  -1.4108787518458567E-016   5.3928835870423091E-016  -1.0026124687309148E-017   1.4437955577638953E-016  -7.8244184764976983E-009   3.4211332948866874E-016  -4.3417960722027304E-016  -1.2101493450571274E-016  -1.2557296278593087E-016   4.5235568090046830E-017  -2.4353281946197385E-017   1.1119518048418144E-016  -4.0392769080731907E-018   1.4377104280308542E-017  -1.5646955066837385E-008   1.2766892074874486E-008  -7.9597312666657028E-017   1.0101778390250893E-016   2.8155768652080559E-017   1.1790000643191936E-017  -4.2769239652225606E-018   2.2682382729461331E-018  -1.0582488426956738E-017   4.0500471887875065E-019  -1.2076430887475383E-018
   2.1761470451562091E-018   3.7388610587921712E-019  -4.5415017144952661E-018  -4.4722824266049221E-010  -8.1561734324466849E-018  -1.4013202610522667E-018   1.7021497211410114E-017   6.9641035159849820E-019  -1.5062218197383298E-018  -6.3691725236542688E-019  -6.6209128249291375E-018   1.1092247996318873E-018   5.9245257005536689E-018  -1.4065917461125211E-011  -2.0084106472729922E-016  -3.4506657144843027E-017   4.1914432245990920E-016   1.2676811996400327E-017  -4.3158769864636776E-018   2.6126989882097986E-018  -1.0026124687309148E-017   1.9069639321423763E-019  -2.6506796347866332E-018   1.9738780513207895E-010  -2.9156821893642578E-016  -5.0094556249244336E-017   6.0848691983953378E-016   2.4780489890971513E-018  -8.8899924656317438E-019   4.8284541809736612E-019  -2.1767338767746859E-018   7.6528933974926215E-020  -3.0129129490495675E-019   4.4916843837967280E-010  -3.7251479102422457E-010   6.7837306749573915E-017   1.1655179084984446E-017  -1.4157274809965498E-016  -2.3345073246072877E-019   8.4377696705932082E-020  -4.5102775964063775E-020   2.0806554266002529E-019  -7.7521142737068839E-021   2.5389636137827795E-020
   2.4461369619270560E-018   1.9090520553938043E-018   1.5174459271178495E-019   6.5671749076127720E-009  -9.1680978530444447E-018  -7.1551187441473742E-018  -5.6874356371008848E-019  -1.1769642509050443E-017   2.2569860219346408E-017   8.9894682702737379E-018   9.8093076905370820E-017  -1.6247866969425961E-017  -8.6323764012825210E-017   2.0199060277464132E-010  -2.2575921697513829E-016  -1.7619054545786989E-016  -1.4004960478039977E-017  -1.8329499092165041E-016   6.2280453635105826E-017  -3.7852947883849086E-017   1.4437955577638953E-016  -2.6506796347866332E-018   3.8915420210406193E-017  -1.6895008419110420E-009  -3.2774279923177177E-016  -2.5578216442089656E-016  -2.0331509327963846E-017  -3.2498813835509276E-017   1.1735854368960014E-017  -6.2850974842989141E-018   2.8915042314833572E-017  -1.0702184319030348E-018   3.5836775153145950E-018  -2.9536592293409790E-009   2.3629821779307893E-009   7.6253814232495332E-017   5.9511195394475614E-017   4.7304017431192241E-018   3.0451544014289680E-018  -1.1070643913188598E-018   5.8436403500128718E-019  -2.7447922691930172E-018   1.0669200886820890E-019  -3.0038145535737596E-019
   4.0107990010801018E-015  -9.7090767979431108E-016   5.1529051743885248E-016 -0.28440286322056046       -5.7580959551397895E-015   1.9062270995118682E-015  -6.8737312252052241E-016  -3.4279158456282930E-010  -7.2763518254193493E-010  -5.8987566731719031E-010  -3.7672938473288883E-009   7.2583319512316826E-010   4.1101060340550928E-009  -1.1263833473032430E-002   2.7492285088588892E-015  -3.5544783088982662E-015  -2.1713952949854871E-015   9.5139739593880458E-009  -3.3017570351907099E-009   1.9222851436484181E-009  -7.8244184764976983E-009   1.9738780513207895E-010  -1.6895008419110420E-009  0.74092817442919723        8.5324656703712251E-017  -1.6204322872767149E-015  -2.4974454963518382E-015   3.5556073551381584E-009  -1.2364205077243750E-009   7.1686569300875621E-010  -2.9360064241529490E-009   7.5922721308589507E-011  -6.1945560882025158E-010   2.1395273414197984       -1.8184921132985690       -1.4002585942682664E-016   3.5355352348707311E-016   4.5906850581028563E-016  -3.4335192717987145E-010   1.2082525110527214E-010  -6.8352013496199070E-011   2.9035599127407041E-010  -8.5649093047196705E-012   5.3022162341897854E-011
  -6.8096816502246880E-003  -1.1713895756702321E-009   9.0937011382867206E-010  -2.7379458872014538E-016   2.5522611346716254E-002   4.1600304298480004E-009  -3.1314242521978987E-009   5.6300406278852197E-016   1.9467243725864122E-016   4.0995187607114311E-017   2.4110863857698307E-016   3.2030010520069674E-016   4.6172972220738572E-016  -1.2785854933772153E-015  0.62847982076384057       -6.6247296950721572E-010   4.6587585179858840E-010   5.9842050187350637E-016  -4.1235486718423539E-016   3.0873586464577190E-017   3.4211332948866874E-016  -2.9156821893642578E-016  -3.2774279923177177E-016   8.5324656703712251E-017  0.91238683448948765       -5.3622711239988694E-009   4.2815678310645258E-009   2.5416201242401668E-016  -2.5888315651367012E-017   1.7797918469287550E-016   1.5308651674886979E-016   2.7101320339698603E-016  -1.0964893038724908E-016  -4.4592315574311780E-015   3.4875628883336904E-015 -0.21227919043818058        1.0483042380954175E-009  -8.3419732569551646E-010  -2.1974353709122061E-017   1.9395992328710372E-017  -4.4827891582097397E-017  -4.8137994863992414E-018  -9.7181357646547675E-018   4.7482885950524002E-018
  -1.1713891750008840E-009  -6.8096888558270025E-003  -8.3055836118347854E-011  -5.3645912382111463E-015   4.1600298217622005E-009   2.5522636892124612E-002   2.2893239305752595E-010  -1.5009895242478723E-015  -5.2867380878512450E-016  -3.1089822301497546E-016   1.5957474700569542E-017  -3.6349910223983092E-016   5.4185474419577933E-016   8.1655508979979382E-015  -6.6247238107681539E-010  0.62847981671062991       -1.4376861951371361E-011  -1.2988786646222429E-015   2.2050182092614659E-016   5.5809518153683206E-017  -4.3417960722027304E-016  -5.0094556249244336E-017  -2.5578216442089656E-016  -1.6204322872767149E-015  -5.3622711239988694E-009  0.91238680145072470       -4.6015564251242029E-010  -3.5987036321346237E-016  -5.3838760470161277E-017   1.0601144749913299E-016  -1.5577089024307139E-016  -1.7729238857783867E-017  -2.4979271963851506E-016   8.3631327141439204E-015  -6.2371029593327244E-015   1.0483042718429042E-009 -0.21227918398050399        8.8050919122084972E-011   1.7494824498230984E-017  -6.0611916960144691E-017  -7.5239187255667272E-017   1.7941982749228983E-018   1.3092334663372027E-017  -3.3727601288661425E-018
   9.0937168002120537E-010  -8.3057961651920144E-011  -6.8096880330552230E-003  -5.2290262952609248E-015  -3.1314267563409048E-009   2.2893265551873147E-010   2.5522633241058107E-002   4.8661088868203565E-017   1.6776090703591998E-016   6.3446779777535144E-016  -3.4297271739336966E-016  -3.9604469873423310E-016  -1.6246194965240927E-016   6.4309137000844424E-015   4.6587607307408741E-010  -1.4379212582996473E-011  0.62847981753585935        4.0169616629078963E-016  -2.5974482002596913E-016   9.2209255645621120E-018  -1.2101493450571274E-016   6.0848691983953378E-016  -2.0331509327963846E-017  -2.4974454963518382E-015   4.2815678310645258E-009  -4.6015564251242029E-010  0.91238680433408659        5.0609586371539379E-016  -9.9809790590886057E-017   1.0112189499726397E-016  -6.3017165723928831E-016  -2.0410069115018143E-019  -3.5955989309032664E-016   1.2069528582966577E-015  -7.1895859238736329E-016  -8.3419727172003597E-010   8.8051099424906257E-011 -0.21227918456525360        4.6318145875255985E-016  -2.8139652321976398E-017  -2.3470208366473212E-017   4.6446493037480089E-016  -2.5513846083807273E-017   5.0462663885022763E-016
  -1.8969463189181721E-018   2.6859270303696172E-018  -3.7772931169495709E-018  -5.4820622599519612E-009   7.1097663846451848E-018  -1.0066820590986856E-017   1.4157260224076398E-017   7.0861601393861779E-018  -1.8038092183394199E-017  -8.1484735123853635E-018  -8.0340264935007677E-017   1.3634478640465637E-017   7.3254400276722992E-017  -1.7669900095375513E-010   1.7507453651526390E-016  -2.4788967375541803E-016   3.4861424073199053E-016   1.5807196255171828E-016  -5.3932015570061326E-017   3.2507565570055861E-017  -1.2557296278593087E-016   2.4780489890971513E-018  -3.2498813835509276E-017   3.5556073551381584E-009   2.5416201242401668E-016  -3.5987036321346237E-016   5.0609586371539379E-016   3.4030274456852098E-017  -1.2136073046799026E-017   6.6751794049072103E-018  -2.9546717742512926E-017   9.8839685384319008E-019  -4.4830244548403605E-018   8.9281806436158013E-009  -7.4859167052987915E-009  -5.9134244848468065E-017   8.3728728631037250E-017  -1.1775007818009691E-016  -3.2213890623479083E-018   1.1582833548675491E-018  -6.2609578548707118E-019   2.8421893767104605E-018  -1.0173495891830813E-019   3.7929738327408793E-019
   1.9321503518650727E-019   4.0183104868001023E-019   7.4493922838406246E-019   1.9797130575862613E-009  -7.2417886424141894E-019  -1.5060597088962849E-018  -2.7920267547985322E-018  -2.6197627755094184E-018   6.5318229925292967E-018   2.9283250256321552E-018   2.9047199728515791E-017  -4.9221774984296608E-018  -2.6427543207748262E-017   6.3631164590480674E-011  -1.7832662835543375E-017  -3.7085775235913961E-017  -6.8752022528738870E-017  -5.6971485754296628E-017   1.9433134239957458E-017  -1.1719141260943208E-017   4.5235568090046830E-017  -8.8899924656317438E-019   1.1735854368960014E-017  -1.2364205077243750E-009  -2.5888315651367012E-017  -5.3838760470161277E-017  -9.9809790590886057E-017  -1.2136073046799026E-017   4.3307396050164420E-018  -2.3788799685095215E-018   1.0550049920499290E-017  -3.5482719996915460E-019   1.5858409826348705E-018  -3.0807998110503533E-009   2.5810224263866105E-009   6.0232684272554236E-018   1.2526319050265763E-017   2.3222103788262224E-017   1.1482513163718099E-018  -4.1309050278135201E-019   2.2303081452782803E-019  -1.0141631002769194E-018   3.6457926233555316E-020  -1.3412168735306036E-019
  -1.3283609260684253E-018  -7.9122728882618363E-019  -7.5473246435727832E-019  -1.0601705964449920E-009   4.9786886891338207E-018   2.9655114956227332E-018   2.8287304175146900E-018   1.3330431545134867E-018  -3.4774270459648846E-018  -1.5846109562035092E-018  -1.5515863767110402E-017   2.6377303881053445E-018   1.4182878032563809E-017  -3.4281866955211552E-011   1.2259748134019845E-016   7.3023912663933677E-017   6.9655839985236386E-017   3.0638417752504840E-017  -1.0456342492888860E-017   6.2990022433768550E-018  -2.4353281946197385E-017   4.8284541809736612E-019  -6.2850974842989141E-018   7.1686569300875621E-010   1.7797918469287550E-016   1.0601144749913299E-016   1.0112189499726397E-016   6.6751794049072103E-018  -2.3788799685095215E-018   1.3103848346593372E-018  -5.7877664721179751E-018   1.9244058161856126E-019  -8.8730381235527836E-019   1.8147278076991202E-009  -1.5228678437012385E-009  -4.1409274988283695E-017  -2.4665003466710082E-017  -2.3527382631161031E-017  -6.3224464890993759E-019   2.2719175676424452E-019  -1.2296557245493418E-019   5.5715997122873198E-019  -1.9847202875050220E-020   7.5104683485149045E-020
  -1.1425864776155686E-018   1.1626113303131062E-018   4.7033458159168319E-018   4.8777754003820833E-009   4.2823756140018432E-018  -4.3574581748313835E-018  -1.7628093763592887E-017  -6.5957043129131719E-018   1.6134920200111108E-017   7.1818857204534743E-018   7.1648293147516718E-017  -1.2123986320331951E-017  -6.5052849587550531E-017   1.5636359581037161E-010   1.0545064584398061E-016  -1.0729972654259191E-016  -4.3408142772359423E-016  -1.4011036982541883E-016   4.7780967317328714E-017  -2.8827776336401868E-017   1.1119518048418144E-016  -2.1767338767746859E-018   2.8915042314833572E-017  -2.9360064241529490E-009   1.5308651674886979E-016  -1.5577089024307139E-016  -6.3017165723928831E-016  -2.9546717742512926E-017   1.0550049920499290E-017  -5.7877664721179751E-018   2.5715715365670014E-017  -8.6936268882046205E-019   3.8305769464419551E-018  -7.2581880673300070E-009   6.0756372009347747E-009  -3.5617657314438964E-017   3.6242213782906680E-017   1.4661799708192672E-016   2.7941950408865054E-018  -1.0057575691796457E-018   5.4240552266696199E-019  -2.4704280843344178E-018   8.9175915486006062E-020  -3.2384522864668510E-019
  -2.0227313168226106E-018   1.3232361603844328E-019   1.5236618907177275E-021  -1.8057351175741974E-010   7.5811750636688612E-018  -4.9594722256251517E-019  -5.7103628675298466E-021   2.8600280205492736E-019  -6.0956633941045048E-019  -2.5602878592274466E-019  -2.6759871306774695E-018   4.4773673661492430E-019   2.3899936711101423E-018  -5.6650502982531599E-012   1.8668214307228530E-016  -1.2212438915201937E-017  -1.4059157467289014E-019   5.1094981333349618E-018  -1.7391668587159543E-018   1.0533072734729281E-018  -4.0392769080731907E-018   7.6528933974926215E-020  -1.0702184319030348E-018   7.5922721308589507E-011   2.7101320339698603E-016  -1.7729238857783867E-017  -2.0410069115018143E-019   9.8839685384319008E-019  -3.5482719996915460E-019   1.9244058161856126E-019  -8.6936268882046205E-019   3.0732243274374346E-020  -1.1902534696150643E-019   1.6998522028460445E-010  -1.4070564329018054E-010  -6.3054903077206826E-017   4.1249482084934297E-018   4.7486842760736654E-020  -9.3062923312028855E-020   3.3656456959050051E-020  -1.7967426667443135E-020   8.3039416709010908E-020  -3.1077068172942487E-021   1.0025158334363334E-020
   8.1837179596171419E-019   1.8643532213426084E-018   2.6836098676978594E-018   6.0427114568962095E-010  -3.0672551393991871E-018  -6.9875743682231483E-018  -1.0058140516086992E-017  -4.9060802841991893E-019   1.9031708272007863E-018   9.6652384678145907E-019   8.6918387942196992E-018  -1.5104487473358148E-018  -8.2012654918254261E-018   2.0334389447632197E-011  -7.5529522278054111E-017  -1.7206483178281815E-016  -2.4767580412139318E-016  -1.7960820688036313E-017   6.1507713134343147E-018  -3.6796387850661661E-018   1.4377104280308542E-017  -3.0129129490495675E-019   3.5836775153145950E-018  -6.1945560882025158E-010  -1.0964893038724908E-016  -2.4979271963851506E-016  -3.5955989309032664E-016  -4.4830244548403605E-018   1.5858409826348705E-018  -8.8730381235527836E-019   3.8305769464419551E-018  -1.1902534696150643E-019   6.5234070941124321E-019  -1.6695599078262363E-009   1.4099107592292375E-009   2.5511313146631775E-017   5.8117669664937736E-017   8.3656493722467081E-017   4.2714199261267607E-019  -1.5250771694977697E-019   8.3679757422016751E-020  -3.7171844261790168E-019   1.2557953610632446E-020  -5.5442970119631990E-020
   1.2043363398676842E-014  -3.2319091956972858E-015   1.4159838749219523E-015 -0.49630894796730091       -1.7399140089433325E-014   6.1628857688065428E-015  -1.9151689977452431E-015  -1.6789363055264620E-009  -9.5312185851258256E-010  -1.2836566600943711E-009  -5.9647522620284423E-009   1.2947776025773521E-009   7.6437325418252937E-009  -2.2846378191707508E-002   4.9806384403830889E-015  -1.5494069182230549E-015  -4.4334465460907541E-016   1.8600778099649566E-008  -6.5283286505190719E-009   3.7133273014974943E-009  -1.5646955066837385E-008   4.4916843837967280E-010  -2.9536592293409790E-009   2.1395273414197984       -4.4592315574311780E-015   8.3631327141439204E-015   1.2069528582966577E-015   8.9281806436158013E-009  -3.0807998110503533E-009   1.8147278076991202E-009  -7.2581880673300070E-009   1.6998522028460445E-010  -1.6695599078262363E-009   6.2838505217266194       -5.3490581608881440        6.7813346741614823E-016  -2.0158375142205515E-015  -6.5097049440705262E-016  -8.6727487782837582E-010   3.0324555495331745E-010  -1.7385001694442624E-010   7.2409791619255521E-010  -1.9947010636610092E-011   1.4325491629401997E-010
