  0.13448958237498171        2.9381608897036891E-016   1.6066151723090555E-016   4.3528327646878776E-016  0.14789158730035742        1.7090518465816905E-016   1.8782367477350324E-017   3.8722088221860099E-016  0.28880893883071118        1.2568929140557800E-016   7.0810928954735626E-017   1.9975053149121315E-016  -6.9004181432755773E-002   2.3481595431265488E-017   1.6992465224615672E-017   5.3409665890623475E-017
   2.9381608897036891E-016  0.27292161801539633        1.2003303895540700E-016   6.4574968455510582E-017   2.1841768868660786E-016  0.33854202083268359       -4.2358705970609039E-017   1.7120794618535420E-016   4.1815241481266739E-016  0.19121334002625262        2.3999266838870710E-019   9.6347174307019104E-017  -1.0550624642576986E-016   4.3259770555302682E-002  -2.4170438080296160E-018   1.7208886045049876E-017
   1.6066151723090555E-016   1.2003303895540700E-016  0.27292161801539699       -1.2521405714944567E-016  -8.1941770324402551E-017   2.0363519084940639E-016  0.33854202083268387        2.8217490916198262E-016   1.9634967332524444E-016   1.8237889903805973E-016  0.19121334002625345        1.0969076666943188E-016  -3.4072300611270144E-017   3.5298509890046871E-017   4.3259770555302786E-002   2.8069260150428758E-017
   4.3528327646878776E-016   6.4574968455510582E-017  -1.2521405714944567E-016  0.27292161801539666       -4.3435259100960023E-016   2.9188755362383313E-017   2.6219622537941107E-016  0.33854202083268359        5.1295035269901769E-016  -3.2444185322997121E-017   1.9974166273519409E-016  0.19121334002625331       -6.6687859760320559E-017   1.2278448431240639E-018   4.7735953464094857E-017   4.3259770555302751E-002
  0.14789158730035742        2.1841768868660786E-016  -8.1941770324402551E-017  -4.3435259100960023E-016  0.16262911377950670        5.8090297340785726E-017  -3.0013947010028116E-016  -7.0672619129643811E-016  0.31758900307323168        6.4875622674990284E-017  -1.0332143288011562E-016  -4.2001542125705814E-016  -7.5880508677603750E-002   9.2295343820462120E-018  -2.2306041764417919E-017  -8.5986119487025202E-017
   1.7090518465816905E-016  0.33854202083268359        2.0363519084940639E-016   2.9188755362383313E-017   5.8090297340785726E-017  0.41993998387849091        1.5356707333720339E-017   1.4921332398831755E-016   1.0304276108237454E-016  0.23718806525250336        3.8650113383213718E-017   8.3842144562388145E-017  -3.1564193722854376E-017   5.3661011725806972E-002   5.6782971201560159E-018   1.3277241448211161E-017
   1.8782367477350324E-017  -4.2358705970609039E-017  0.33854202083268387        2.6219622537941107E-016  -3.0013947010028116E-016   1.5356707333720339E-017  0.41993998387849046        8.6791513284727639E-016  -1.4407178104422092E-016   9.2229182461784394E-017  0.23718806525250399        4.2858737753804593E-016   5.0350913821350099E-017   1.3469941443711494E-017   5.3661011725807006E-002   1.0099879690902402E-016
   3.8722088221860099E-016   1.7120794618535420E-016   2.8217490916198262E-016  0.33854202083268359       -7.0672619129643811E-016   1.4921332398831755E-016   8.6791513284727639E-016  0.41993998387849035        3.0832363798029923E-016   2.3587044137874745E-017   5.5427012625163906E-016  0.23718806525250394       -4.3639309171542050E-018   1.5963747612586048E-017   1.2855701384794269E-016   5.3661011725806992E-002
  0.28880893883071118        4.1815241481266739E-016   1.9634967332524444E-016   5.1295035269901769E-016  0.31758900307323168        1.0304276108237454E-016  -1.4407178104422092E-016   3.0832363798029923E-016  0.62020122061170035        1.2081867810465397E-016   4.7907495885558039E-017   1.3343577099941659E-016 -0.14818266264602020        1.6695087057531695E-017   1.2926521749137385E-017   4.7836954617949873E-017
   1.2568929140557800E-016  0.19121334002625262        1.8237889903805973E-016  -3.2444185322997121E-017   6.4875622674990284E-017  0.23718806525250336        9.2229182461784394E-017   2.3587044137874745E-017   1.2081867810465397E-016  0.13396718687902801        6.9025420732542321E-017   1.3076776984027621E-017  -3.2789178624331264E-017   3.0308501308174574E-002   1.3884281727076741E-017  -2.5658039693911280E-019
   7.0810928954735626E-017   2.3999266838870710E-019  0.19121334002625345        1.9974166273519409E-016  -1.0332143288011562E-016   3.8650113383213718E-017  0.23718806525250399        5.5427012625163906E-016   4.7907495885558039E-017   6.9025420732542321E-017  0.13396718687902887        2.7825597005935271E-016  -2.4498459937061655E-018   1.1438474091879947E-017   3.0308501308174710E-002   6.5230713128843056E-017
   1.9975053149121315E-016   9.6347174307019104E-017   1.0969076666943188E-016  0.19121334002625331       -4.2001542125705814E-016   8.3842144562388145E-017   4.2858737753804593E-016  0.23718806525250394        1.3343577099941659E-016   1.3076776984027621E-017   2.7825597005935271E-016  0.13396718687902887        7.2618494750749219E-018   8.9609027211611169E-018   6.4736610576278039E-017   3.0308501308174703E-002
  -6.9004181432755773E-002  -1.0550624642576986E-016  -3.4072300611270144E-017  -6.6687859760320559E-017  -7.5880508677603750E-002  -3.1564193722854376E-017   5.0350913821350099E-017  -4.3639309171542050E-018 -0.14818266264602020       -3.2789178624331264E-017  -2.4498459937061655E-018   7.2618494750749219E-018   3.5404802149868561E-002  -4.8762917486002108E-018  -1.0531312451087498E-018  -2.5738336664811249E-018
   2.3481595431265488E-017   4.3259770555302682E-002   3.5298509890046871E-017   1.2278448431240639E-018   9.2295343820462120E-018   5.3661011725806972E-002   1.3469941443711494E-017   1.5963747612586048E-017   1.6695087057531695E-017   3.0308501308174574E-002   1.1438474091879947E-017   8.9609027211611169E-018  -4.8762917486002108E-018   6.8569421583594041E-003   2.1961534972534547E-018   1.2999308762393344E-018
   1.6992465224615672E-017  -2.4170438080296160E-018   4.3259770555302786E-002   4.7735953464094857E-017  -2.2306041764417919E-017   5.6782971201560159E-018   5.3661011725807006E-002   1.2855701384794269E-016   1.2926521749137385E-017   1.3884281727076741E-017   3.0308501308174710E-002   6.4736610576278039E-017  -1.0531312451087498E-018   2.1961534972534547E-018   6.8569421583594206E-003   1.5161360360259942E-017
   5.3409665890623475E-017   1.7208886045049876E-017   2.8069260150428758E-017   4.3259770555302751E-002  -8.5986119487025202E-017   1.3277241448211161E-017   1.0099879690902402E-016   5.3661011725806992E-002   4.7836954617949873E-017  -2.5658039693911280E-019   6.5230713128843056E-017   3.0308501308174703E-002  -2.5738336664811249E-018   1.2999308762393344E-018   1.5161360360259942E-017   6.8569421583594189E-003
