 6.9992469821603620E-001 -3.1111852169995805E-013 -2.0634072831284431E-015  5.2607077083942877E-015 -3.1672484108169508E-013 -5.3034360882874429E-015 -2.6936696135675158E-013  7.5531252165957609E-010  5.9386414041501907E-012 -1.7147279977110375E-011  7.7003882841773363E-001 -4.3591965277909651E-013 -1.8040835549807751E-015 -7.3176501363763241E-015 -4.0838857595672669E-013  8.0330224537966093E-015 -2.9820848319764702E-013 -8.8950579646767188E-010 -8.0873511611699761E-012  2.0468962630314425E-011 -3.6178969093384986E-013 -5.8566464994372235E-015 -1.8523292280783238E-015 -3.2324377493826791E-013  5.8226222841652703E-015 -1.7829826319128004E-013 -3.0612537017989738E-001  9.6798852763526594E-010  1.2140329156664196E-011 -2.3097091236337690E-011 -1.4333116435774100E-013 -5.0387684610305307E-015 -3.8115848689952013E-015 -2.8689310826199111E-013  8.4031637790295882E-015 -5.3663434614417098E-014 -2.4322377318365542E+000 -7.8940719098380215E-010 -1.3262134769056121E-011  1.9658935666496474E-011  2.0728049512835014E+000  3.8146650772194438E-010  6.8893871556468809E-012 -9.6179592646974739E-012
-3.1111852169995805E-013  1.0683769853035534E-003  1.9264917352701747E-017 -3.2058502989221891E-017 -5.3418849265056553E-004 -1.1413091337695379E-016 -5.3418849265253021E-004  2.9277517193437634E-013  2.0587457374052347E-015  2.7763312077640642E-015 -3.3911235146568564E-013  8.8157975131016742E-003  5.8969756161516277E-016  3.2146594414403022E-016 -4.4078987565422389E-003 -5.5226548161161465E-016 -4.4078987565542363E-003 -2.4663535678735162E-012  3.2833149518495862E-014 -3.2724164791908287E-014  2.1268374497014277E-002  1.3342191934600200E-015  5.4394422993673557E-016 -1.0634187248486743E-002 -1.5776496862381572E-015 -1.0634187248518605E-002  5.0323382301960837E-014  2.2814387654263749E-012  8.4899790363233929E-014  7.7220111693679079E-015  2.3298803181331693E-002  1.4929463915118641E-015  6.3057198351842184E-016 -1.1649401590645012E-002 -1.6366573894759941E-015 -1.1649401590679355E-002  2.5137260562203194E-013 -9.6105724715027560E-012  1.5156312756778324E-013 -1.3157859155479430E-013 -1.6857247247678699E-013  5.7930012620301779E-012 -1.0864421483066903E-013  8.2673281732554108E-014
-2.0634072831284431E-015  1.9264917352701747E-017  1.0683769853014309E-003 -7.4105218489387877E-017  1.5753457566249831E-016 -4.0657581467736181E-019  1.3322134194738130E-017 -3.7712966094904126E-015  2.5356235988223673E-013 -7.9929393110580606E-017 -2.3196275129136682E-015 -2.9923979960555894E-016  8.8157975130931914E-003 -4.1980308118638239E-016  1.5829351718703490E-017  1.1123914289700847E-016  4.8951728087763410E-016 -5.6811172409489400E-014 -2.1352888049973584E-012 -1.2759081971101470E-016 -9.1246454836351063E-016  2.1268374496989029E-002 -9.8532293435482465E-016  3.3480163086378794E-016  2.6974950051439306E-016  8.2464417239290007E-016  3.9077812528516994E-015 -1.4857967457132879E-013  1.9782058403716006E-012 -3.9351769902015217E-016 -9.5474843309068649E-016  2.3298803181306164E-002 -1.1067535776732010E-015  2.4893281880286164E-016  2.9403562917806762E-016  1.0033206904183864E-015  4.2373494107880757E-014 -2.6379939225057232E-013 -8.3202903252525878E-012 -5.4078344411268901E-016 -3.7855549979998143E-014  1.8921245316177527E-013  5.0148079328166933E-012  4.0282251948667696E-016
 5.2607077083942877E-015 -3.2058502989221891E-017 -7.4105218489387877E-017  1.0683769853013995E-003 -2.6305455211490830E-017 -3.8353651851695427E-017  1.0032258227137907E-016 -4.4029130445898742E-015 -2.2681417686024917E-017  2.5364494034603535E-013  6.1576565940139797E-015 -3.5941302018088374E-016 -1.6870185803874760E-016  8.8157975130924368E-003  3.4846257823501294E-016  1.9027748127122491E-016  4.2338094835370085E-016  5.8423133563158564E-014 -2.4604087734711687E-016 -2.1349374986268951E-012 -1.0664212568580189E-015 -4.6490589156177760E-016  2.1268374496988946E-002  4.8680677544482812E-016  3.4043948216045036E-016  1.0330278299423151E-015 -9.2117523522221165E-015 -4.5397054860013356E-015 -7.8942042577131717E-016  1.9798687740424389E-012 -1.2588671424731340E-015 -5.0306980803326706E-016  2.3298803181306095E-002  5.0306980803243806E-016  4.1589995336544473E-016  1.0169816377900793E-015 -9.1278403360931349E-014  2.3786924102268484E-013 -1.2491919625045166E-015 -8.3180709607468853E-012  8.1579578087569018E-014 -1.5080651747816089E-013  9.0908956457888754E-016  5.0131623922826939E-012
-3.1672484108169508E-013 -5.3418849265056553E-004  1.5753457566249831E-016 -2.6305455211490830E-017  1.0683769853034621E-003 -8.5811213818427556E-017 -5.3418849265091486E-004 -1.4643973334048882E-013 -4.3617872158801139E-015  2.4899708254003165E-015 -3.3883322168837300E-013 -4.4078987565463780E-003  1.2591924031249656E-015 -3.9627589404134655E-016  8.8157975131009508E-003 -4.9927510043140929E-016 -4.4078987565519655E-003  1.2324548895506523E-012 -6.3491170701691100E-014 -3.3849941979496540E-014 -1.0634187248496147E-002  2.9663771439196901E-015 -8.8405845144391246E-016  2.1268374497010661E-002 -1.2416283279305896E-015 -1.0634187248512410E-002  6.5026328830807233E-014 -1.1430782196615617E-012 -1.6471088653149330E-013  1.9346381855901332E-015 -1.1649401590654855E-002  3.2478360278968927E-015 -9.7144514654614837E-016  2.3298803181328820E-002 -1.3388812628028569E-015 -1.1649401590672452E-002  3.1611363392440026E-013  4.8023439589597835E-012 -2.9649760468768895E-013 -1.3807280891109520E-013 -2.2966680319720174E-013 -2.8942874128256485E-012  2.1231833930721091E-013  8.7633882311597164E-014
-5.3034360882874429E-015 -1.1413091337695379E-016 -4.0657581467736181E-019 -3.8353651851695427E-017 -8.5811213818427556E-017  1.0683769853011657E-003 -8.4467819564263884E-017  1.5322937409932863E-017 -4.6088365546261186E-015 -3.5852905385043192E-015 -6.5798950122543377E-015 -4.2474975359585480E-016 -1.1991276027689280E-016 -5.3581271364230839E-016 -3.1531309681074188E-016  8.8157975130914376E-003  4.8706427346438955E-016 -4.2443479781620725E-016  5.9371152951808264E-014 -5.8231935845166938E-014 -8.8535949405001834E-016 -2.3678975447084280E-016 -1.1160777163565680E-015 -5.2551279300222536E-016  2.1268374496986528E-002  1.1706130856350125E-015  6.8168169464540079E-015 -1.1943995366196834E-015 -2.8009332518479013E-015 -1.5214627821340938E-013 -9.1625925596722330E-016 -2.6237692574150114E-016 -1.2767564783189186E-015 -5.4340212884865793E-016  2.3298803181303621E-002  1.3092283333865762E-015  6.5665422552781206E-014 -1.5362686314694270E-015  2.4010652104878448E-013 -2.6813145550782943E-013 -5.8356300349526383E-014  1.1509983535917386E-015 -1.5249404109398528E-013  1.9249909410776467E-013
-2.6936696135675158E-013 -5.3418849265253021E-004  1.3322134194738130E-017  1.0032258227137907E-016 -5.3418849265091486E-004 -8.4467819564263884E-017  1.0683769853010053E-003 -1.4641618854026186E-013  2.4153288449989342E-015 -5.2176876288089409E-015 -2.9034976911656752E-013 -4.4078987565515180E-003 -2.8037468180447781E-016  4.2110412379528513E-016 -4.4078987565423569E-003 -1.2957842264477195E-015  8.8157975130860686E-003  1.2322980621801247E-012  3.2883792064153356E-014  6.7537745689629692E-014 -1.0634187248509019E-002 -5.1629707453818856E-016  1.1752751549749853E-015 -1.0634187248484464E-002 -2.8429407265830382E-015  2.1268374496982441E-002  5.1273943561837865E-014 -1.1440677022412116E-012  8.7747299126506359E-014 -6.2207007953955989E-015 -1.1649401590666851E-002 -5.9457647139167304E-016  1.2559397966079938E-015 -1.1649401590640582E-002 -3.2276698674898082E-015  2.3298803181298604E-002  1.0264375206569264E-013  4.8013725923866099E-012  1.5446811886379837E-013  2.7377895396236787E-013 -4.8370615989474667E-014 -2.8935224077145608E-012 -1.1089319070945857E-013 -1.7343263098753586E-013
 7.5531252165957609E-010  2.9277517193437634E-013 -3.7712966094904126E-015 -4.4029130445898742E-015 -1.4643973334048882E-013  1.5322937409932863E-017 -1.4641618854026186E-013  1.4994546078648366E-004  1.8100170326889847E-017  2.0207323812898694E-017  8.4716903360567243E-010  2.7393712798787276E-012 -6.0890759990413248E-015 -4.8303428435466834E-014 -1.3699064624914492E-012  2.8678330399617425E-016 -1.3695785102881956E-012  2.9722330451335834E-003  4.6338158982132730E-016 -5.9596920082261946E-016  6.2632177248719873E-012 -2.8381524963016489E-014 -1.0697851257093843E-013 -3.1319873575427074E-012  6.4807198494686118E-016 -3.1313373561659311E-012 -5.6019111534794692E-010  1.0597786582974103E-002  1.6761304990050793E-015 -1.6475690108463926E-015  7.2791332999593391E-012 -2.6025777735401317E-014 -1.2592963628607854E-013 -3.6399916487950328E-012  7.2812295535697262E-016 -3.6391945395745493E-012 -5.1149984860238722E-009  1.2730962261763821E-002  1.9294356697204191E-015 -2.2107807248427176E-015  4.4861543020051453E-009 -9.6401419598371729E-003 -1.4693594026675087E-015  1.6496054637415902E-015
 5.9386414041501907E-012  2.0587457374052347E-015  2.5356235988223673E-013 -2.2681417686024917E-017 -4.3617872158801139E-015 -4.6088365546261186E-015  2.4153288449989342E-015  1.8100170326889847E-017  1.4994546078624373E-004 -1.0949463318578925E-016  6.7032795945627785E-012  2.7496393665840784E-015  2.3721833170635219E-012 -9.2136208231972247E-017 -7.9114587647781104E-015 -5.0271155290583021E-014  5.3468867752312327E-015 -1.3202078181377829E-016  2.9722330451314445E-003 -1.0647499320070442E-015  1.4212785683487453E-014  5.4237405967079989E-012 -1.8020120541131154E-016 -3.4771474596757850E-014 -1.1160232525996006E-013  2.0688848384158187E-014 -4.8382356820761074E-012 -3.6900324549655258E-016  1.0597786582965401E-002 -4.5481740221466191E-015  1.2678656695307194E-014  6.3034426458506847E-012 -2.4951127613648104E-016 -3.2330460262620377E-014 -1.3103876429605307E-013  1.9689889724345677E-014 -4.4229385096911194E-011 -4.2251854081768009E-016  1.2730962261753945E-002 -4.9521780031842247E-015  3.8914380330461116E-011  3.2163108824533162E-016 -9.6401419598296234E-003  3.8065575317684547E-015
-1.7147279977110375E-011  2.7763312077640642E-015 -7.9929393110580606E-017  2.5364494034603535E-013  2.4899708254003165E-015 -3.5852905385043192E-015 -5.2176876288089409E-015  2.0207323812898694E-017 -1.0949463318578925E-016  1.4994546078615919E-004 -1.9243109304843771E-011  2.9224851150577604E-014 -6.1264074063661952E-016  2.3726923782301074E-012  2.7604518042728845E-014 -4.0795617911449622E-015 -5.6759132578569181E-014  8.9293833323726425E-016 -7.9968281286514931E-016  2.9722330451302658E-003  6.5120470302232917E-014 -1.4538124135751334E-015  5.4248880215086556E-012  6.0873870364370745E-014 -2.3621123812779762E-014 -1.2599369491557479E-013  1.2821461662508718E-011  3.2146448453615788E-015 -3.5906761863842609E-015  1.0597786582962797E-002  7.6285615069798624E-014 -1.6150439069980322E-015  6.3047511117975460E-012  7.1765530923387378E-014 -2.0797416207213059E-014 -1.4811083646495458E-013  1.1707186861405079E-010  3.8046968160653206E-015 -3.7755102101767873E-015  1.2730962261750188E-002 -1.0270824910441789E-010 -2.8914661562921395E-015  2.9212504896340062E-015 -9.6401419598268426E-003
 7.7003882841773363E-001 -3.3911235146568564E-013 -2.3196275129136682E-015  6.1576565940139797E-015 -3.3883322168837300E-013 -6.5798950122543377E-015 -2.9034976911656752E-013  8.4716903360567243E-010  6.7032795945627785E-012 -1.9243109304843771E-011  8.4948875086266540E-001 -5.0016680025412009E-013  3.5307451559191982E-016 -1.0186318931292533E-014 -4.1237028523702893E-013  6.0016909032987084E-015 -3.2687388771135759E-013 -1.0795909927712935E-009 -9.6150175601990394E-012  2.4786160876240006E-011 -4.5742015207738976E-013 -2.1128573688957618E-015 -5.3468338846196628E-015 -2.7485889302207386E-013 -1.6766564820265061E-015 -2.0181135638707704E-013 -3.6457245616384659E-001  9.1051810228934910E-010  1.3155432739201024E-011 -2.2176211367278220E-011 -2.2241115415399268E-013 -3.8269520540125051E-016 -8.3207604249278925E-015 -2.3470865915415646E-013  7.8761994027697752E-016 -6.9085489950438889E-014 -2.9770499282176379E+000 -1.1862356830367957E-009 -1.6670444966312159E-011  2.8710661888538619E-011  2.5524228829785214E+000  6.4674322409851559E-010  8.9684743914171358E-012 -1.5617541611766605E-011
-4.3591965277909651E-013  8.8157975131016742E-003 -2.9923979960555894E-016 -3.5941302018088374E-016 -4.4078987565463780E-003 -4.2474975359585480E-016 -4.4078987565515180E-003  2.7393712798787276E-012  2.7496393665840784E-015  2.9224851150577604E-014 -5.0016680025412009E-013  7.2744253068993139E-002  1.0842021724858780E-015  1.8691645453676243E-015 -3.6372126534471305E-002 -2.9186722483537617E-016 -3.6372126534478938E-002 -1.3938593179273212E-011 -1.1306880845572668E-014 -1.4483497316651065E-013  1.7549768066673641E-001  1.8873791418619587E-015  2.6003504904901876E-015 -8.7748840333310082E-002 -2.7313221129257186E-015 -8.7748840333352604E-002  4.4842393783899254E-014  4.1690647978933706E-011 -3.0576912763575288E-013  5.1009975080234881E-013  1.9225192415191394E-001  2.3279989047600255E-015  3.1346453210911629E-015 -9.6125962075905805E-002 -2.2338901561897636E-015 -9.6125962075947757E-002  7.5775091563450369E-013 -5.1834809685854802E-011  4.1750244944883272E-014 -5.4950043087523253E-013 -5.7879322990104669E-013  2.7002393910044631E-011  1.8905744269616982E-014  2.7614037461903020E-013
-1.8040835549807751E-015  5.8969756161516277E-016  8.8157975130931914E-003 -1.6870185803874760E-016  1.2591924031249656E-015 -1.1991276027689280E-016 -2.8037468180447781E-016 -6.0890759990413248E-015  2.3721833170635219E-012 -6.1264074063661952E-016  3.5307451559191982E-016  1.0842021724858780E-015  7.2744253068997677E-002  1.9428902930940656E-016 -2.0469737016491101E-016 -3.9898639947470205E-017  8.1878948066141681E-016  2.7366650815210868E-014 -1.2071432275372726E-011 -1.2311023062782314E-016  1.0408340855863302E-015  1.7549768066670784E-001  6.6613381477509540E-016  1.9637069748059697E-015 -9.3675067702747965E-017 -9.5930208221481342E-016 -7.4120715674558742E-015  5.4304902802170838E-013  3.6105516874260872E-011  6.7848851158194086E-017  1.5144135945277940E-015  1.9225192415190032E-001  5.2735593669695103E-016  1.1761425167124363E-015 -1.1102230246251666E-016 -2.2551405187672982E-016 -6.0984679127734370E-014 -5.1609133962347813E-014 -4.4891482466708125E-011 -4.8006802900562218E-016  5.5776571257298952E-014 -4.7906846236640066E-014  2.3385463970285894E-011  3.0848218911805862E-016
-7.3176501363763241E-015  3.2146594414403022E-016 -4.1980308118638239E-016  8.8157975130924368E-003 -3.9627589404134655E-016 -5.3581271364230839E-016  4.2110412379528513E-016 -4.8303428435466834E-014 -9.2136208231972247E-017  2.3726923782301074E-012 -1.0186318931292533E-014  1.8691645453676243E-015  1.9428902930940656E-016  7.2744253068987352E-002  1.3964523981637951E-015 -2.4286128663677848E-016  1.3791051634270295E-016  2.4476425607383587E-013 -1.4670444782328906E-016 -1.2071949941226358E-011  2.8640284588394302E-015 -1.3877787807823482E-017  1.7549768066669730E-001  4.4755865680358508E-016 -1.5595164049031521E-015  4.2847669856879778E-016  8.5144419890822045E-015 -8.8364329557727281E-013  2.0191373385625829E-016  3.6107056845977283E-011  2.3913163116343181E-015  5.5511151231248324E-017  1.9225192415188894E-001  2.3939183968592676E-016 -1.3496148643099630E-015 -4.7184478546390624E-016  9.8881831660467819E-014  9.4628929849242012E-013 -2.2401217524375604E-015 -4.4887803087208719E-011 -8.7365467553372520E-014 -4.7467182832493697E-013  1.3924106345106713E-015  2.3382966733872433E-011
-4.0838857595672669E-013 -4.4078987565422389E-003  1.5829351718703490E-017  3.4846257823501294E-016  8.8157975131009508E-003 -3.1531309681074188E-016 -4.4078987565423569E-003 -1.3699064624914492E-012 -7.9114587647781104E-015  2.7604518042728845E-014 -4.1237028523702893E-013 -3.6372126534471305E-002 -2.0469737016491101E-016  1.3964523981637951E-015  7.2744253068987422E-002 -8.7018066363901403E-016 -3.6372126534494585E-002  6.9674920045397903E-012  3.2705432081275691E-014 -1.3940467801941196E-013 -8.7748840333305309E-002 -1.0859368959622425E-015  3.9621084191319267E-015  1.7549768066670715E-001 -2.4060614611800539E-015 -8.7748840333384426E-002  8.2115534679013139E-014 -2.0849983090555043E-011  6.2551464025160124E-013  5.1482943276437213E-013 -9.6125962075896770E-002 -1.2038980923287054E-015  4.3125225612793538E-015  1.9225192415189093E-001 -2.4685115063155909E-015 -9.6125962075981716E-002  4.7426827228231806E-013  2.5910911466914181E-011 -6.2455707327697215E-014 -5.4003895764859944E-013 -3.5751158049700433E-013 -1.3496401612825798E-011 -5.3340569043459636E-014  2.6933116923184366E-013
 8.0330224537966093E-015 -5.5226548161161465E-016  1.1123914289700847E-016  1.9027748127122491E-016 -4.9927510043140929E-016  8.8157975130914376E-003 -1.2957842264477195E-015  2.8678330399617425E-016 -5.0271155290583021E-014 -4.0795617911449622E-015  6.0016909032987084E-015 -2.9186722483537617E-016 -3.9898639947470205E-017 -2.4286128663677848E-016 -8.7018066363901403E-016  7.2744253068986769E-002 -9.2330657009087484E-016 -3.2388810810169041E-016  2.4726403146480408E-013  2.5052069721347085E-014  4.4625761419353351E-016  3.3653635433950846E-016  8.6909646146437109E-016 -1.5959455979123327E-016  1.7549768066669583E-001 -2.2603446891999810E-015 -6.2100249402347285E-015  1.4771035723271111E-015 -8.8827493169222460E-013  5.4716748264738365E-013  9.2634233617136275E-016  3.2959746043560163E-016  5.0653925498521722E-016  8.9338259011823212E-017  1.9225192415188880E-001 -2.2573089231163759E-015 -6.9664377763545795E-014  9.3726334222372943E-016  9.4195089920303769E-013 -4.7054105804806730E-014  6.1555629020025130E-014 -8.1117048798005897E-016 -4.7133232647370415E-013 -5.1303896206620498E-014
-2.9820848319764702E-013 -4.4078987565542363E-003  4.8951728087763410E-016  4.2338094835370085E-016 -4.4078987565519655E-003  4.8706427346438955E-016  8.8157975130860686E-003 -1.3695785102881956E-012  5.3468867752312327E-015 -5.6759132578569181E-014 -3.2687388771135759E-013 -3.6372126534478938E-002  8.1878948066141681E-016  1.3791051634270295E-016 -3.6372126534494585E-002 -9.2330657009087484E-016  7.2744253068909109E-002  6.9688475659912195E-012 -1.7730128085936784E-014  2.8563188745978879E-013 -8.7748840333327610E-002  3.2959746043551470E-015  1.6445178552269420E-015 -8.7748840333345096E-002  1.0755285551033227E-016  1.7549768066658161E-001  1.6180544929045346E-013 -2.0848700355117878E-011 -3.0666539241418163E-013 -1.0199650293256014E-012 -9.6125962075903820E-002  3.3705677138221087E-015  1.5491080640483334E-015 -9.6125962075928245E-002 -8.1011586328178284E-016  1.9225192415175923E-001  4.5153619615332095E-013  2.5914245335245011E-011  3.6418414863204759E-014  1.0955027525888008E-012 -3.8215562132368438E-013 -1.3498682938324513E-011  2.2536659547940314E-014 -5.4998712366721384E-013
-8.8950579646767188E-010 -2.4663535678735162E-012 -5.6811172409489400E-014  5.8423133563158564E-014  1.2324548895506523E-012 -4.2443479781620725E-016  1.2322980621801247E-012  2.9722330451335834E-003 -1.3202078181377829E-016  8.9293833323726425E-016 -1.0795909927712935E-009 -1.3938593179273212E-011  2.7366650815210868E-014  2.4476425607383587E-013  6.9674920045397903E-012 -3.2388810810169041E-016  6.9688475659912195E-012  5.8915883336832869E-002 -5.3992547918495957E-016 -2.0630386681156743E-015 -4.0477732323625097E-011 -2.0537029925982954E-013  7.7990017860056154E-013  2.0237570002538739E-011 -1.6496225106609190E-015  2.0238041594915983E-011  9.0325077517337788E-010  2.1007032371618514E-001 -1.4528400560494585E-015  2.1077063108049540E-015 -3.6056688598281478E-011 -1.2457258407222806E-013  6.8114547156742966E-013  1.8026718843168185E-011 -1.4467126179898701E-015  1.8028921405850263E-011  8.6914800743488288E-009  2.5235433291738690E-001 -3.4087198333719898E-015 -2.0573999467753522E-015 -7.6842371828991119E-009 -1.9108780180820173E-001  2.4155961679844485E-015  1.0720682631874597E-015
-8.0873511611699761E-012  3.2833149518495862E-014 -2.1352888049973584E-012 -2.4604087734711687E-016 -6.3491170701691100E-014  5.9371152951808264E-014  3.2883792064153356E-014  4.6338158982132730E-016  2.9722330451314445E-003 -7.9968281286514931E-016 -9.6150175601990394E-012 -1.1306880845572668E-014 -1.2071432275372726E-011 -1.4670444782328906E-016  3.2705432081275691E-014  2.4726403146480408E-013 -1.7730128085936784E-014 -5.3992547918495957E-016  5.8915883336841918E-002  6.0663684877237327E-015  1.2295740262740472E-013 -3.5053905546909290E-011  4.8018774307888963E-016 -2.3200363056755984E-013  7.8837675174950543E-013  1.1162626135593835E-013  8.1664729174634198E-012  9.0199240229916745E-017  2.1007032371619619E-001  6.7183131246197528E-015  7.7390473516668889E-014 -3.1226512412255723E-011 -5.0683596252394667E-016 -1.3996628457760791E-013  6.8956121430770845E-013  6.3330758526636897E-014  9.2155032253625696E-011  5.2129078550711134E-016  2.5235433291741155E-001  1.8219258408642174E-014 -8.1373353589045424E-011 -3.5995836015709547E-016 -1.9108780180821899E-001 -1.2686845850403995E-014
 2.0468962630314425E-011 -3.2724164791908287E-014 -1.2759081971101470E-016 -2.1349374986268951E-012 -3.3849941979496540E-014 -5.8231935845166938E-014  6.7537745689629692E-014 -5.9596920082261946E-016 -1.0647499320070442E-015  2.9722330451302658E-003  2.4786160876240006E-011 -1.4483497316651065E-013 -1.2311023062782314E-016 -1.2071949941226358E-011 -1.3940467801941196E-013  2.5052069721347085E-014  2.8563188745978879E-013 -2.0630386681156743E-015  6.0663684877237327E-015  5.8915883336828394E-002 -4.5616770615895929E-013  1.8272026893923870E-016 -3.5056754083149003E-011 -4.4975687380705360E-013 -2.1269094533092985E-013  9.0593737972080172E-013 -2.0754401125975930E-011 -6.7445882719238950E-015  6.9852437562207260E-015  2.1007032371617967E-001 -4.0163128500313968E-013 -2.4465031147203529E-016 -3.1228612053924058E-011 -3.9199337797816576E-013 -1.3232453221416786E-013  7.9244147260211190E-013 -2.0315220674052635E-010 -9.2322149116879707E-015  1.9041625644217349E-014  2.5235433291737924E-001  1.7957972763085123E-010  6.7845119237969949E-015 -1.3198155531997081E-014 -1.9108780180819579E-001
-3.6178969093384986E-013  2.1268374497014277E-002 -9.1246454836351063E-016 -1.0664212568580189E-015 -1.0634187248496147E-002 -8.8535949405001834E-016 -1.0634187248509019E-002  6.2632177248719873E-012  1.4212785683487453E-014  6.5120470302232917E-014 -4.5742015207738976E-013  1.7549768066673641E-001  1.0408340855863302E-015  2.8640284588394302E-015 -8.7748840333305309E-002  4.4625761419353351E-016 -8.7748840333327610E-002 -4.0477732323625097E-011  1.2295740262740472E-013 -4.5616770615895929E-013  4.2339339013066152E-001  7.5633943552535630E-016  2.3071822230497814E-015 -2.1169669506518585E-001 -3.8120548384591890E-015 -2.1169669506529781E-001 -7.6518668021968399E-014  7.6153947612673784E-011 -2.0199750486888916E-013  8.5000685848545746E-013  4.6381350235843755E-001  1.4502288259160512E-015  3.2161773244617064E-015 -2.3190675117909015E-001 -2.3505503099489886E-015 -2.3190675117920170E-001  6.9943434557507351E-013 -1.5439559383627941E-010  7.4422763505771935E-013 -1.7829241010558280E-012 -4.9901047343235449E-013  8.7362867296811678E-011 -4.4166350627172385E-013  1.0124266860064314E-012
-5.8566464994372235E-015  1.3342191934600200E-015  2.1268374496989029E-002 -4.6490589156177760E-016  2.9663771439196901E-015 -2.3678975447084280E-016 -5.1629707453818856E-016 -2.8381524963016489E-014  5.4237405967079989E-012 -1.4538124135751334E-015 -2.1128573688957618E-015  1.8873791418619587E-015  1.7549768066670784E-001 -1.3877787807823482E-017 -1.0859368959622425E-015  3.3653635433950846E-016  3.2959746043551470E-015 -2.0537029925982954E-013 -3.5053905546909290E-011  1.8272026893923870E-016  7.5633943552535630E-016  4.2339339013049726E-001  4.7184478546568828E-016  3.3029134982593563E-015  7.9797279894933205E-016  8.6389229103566985E-016 -1.4872849081709350E-015  3.4244321697443858E-013  6.5957311239612939E-011  1.8742020819198291E-015  1.7173762412169497E-015  4.6381350235830021E-001 -3.7026779016862169E-030  1.2698175844146747E-015  8.6736173798840572E-016  2.9420910152561134E-015  2.8694199585600647E-014 -1.2869665776099751E-012 -1.3370720708465849E-010  8.9663724612829100E-016 -2.3952703108976017E-014  7.6466000078160096E-013  7.5655435003684581E-011 -8.1172548961654822E-016
-1.8523292280783238E-015  5.4394422993673557E-016 -9.8532293435482465E-016  2.1268374496988946E-002 -8.8405845144391246E-016 -1.1160777163565680E-015  1.1752751549749853E-015 -1.0697851257093843E-013 -1.8020120541131154E-016  5.4248880215086556E-012 -5.3468338846196628E-015  2.6003504904901876E-015  6.6613381477509540E-016  1.7549768066669730E-001  3.9621084191319267E-015  8.6909646146437109E-016  1.6445178552269420E-015  7.7990017860056154E-013  4.8018774307888963E-016 -3.5056754083149003E-011  2.3071822230497814E-015  4.7184478546568828E-016  4.2339339013050664E-001  2.5188184871188962E-015 -2.3592239273284675E-016  4.2015002588167482E-015 -8.5176798574134931E-015 -1.4564948307412613E-012  3.4612469375760511E-015  6.5955322752495650E-011  7.1817551905450375E-016  6.6613381477509047E-016  4.6381350235831065E-001  2.1510571102116518E-015  5.8286708792820462E-016  2.3314683517134799E-015 -5.6450918939031913E-014  3.0942041404676714E-012 -1.8315899148241537E-015 -1.3370518225903871E-010  5.2850155281279590E-014 -1.7594570993422078E-012  6.5385804723329589E-016  7.5654598658092562E-011
-3.2324377493826791E-013 -1.0634187248486743E-002  3.3480163086378794E-016  4.8680677544482812E-016  2.1268374497010661E-002 -5.2551279300222536E-016 -1.0634187248484464E-002 -3.1319873575427074E-012 -3.4771474596757850E-014  6.0873870364370745E-014 -2.7485889302207386E-013 -8.7748840333310082E-002  1.9637069748059697E-015  4.4755865680358508E-016  1.7549768066670715E-001 -1.5959455979123327E-016 -8.7748840333345096E-002  2.0237570002538739E-011 -2.3200363056755984E-013 -4.4975687380705360E-013 -2.1169669506518585E-001  3.3029134982593563E-015  2.5188184871188962E-015  4.2339339013055355E-001 -1.1535911115247183E-015 -2.1169669506532574E-001  8.5887896950188843E-015 -3.8077312364208811E-011  4.0050544349039930E-013  8.3756380739209358E-013 -2.3190675117908102E-001  3.5735303605117130E-015  2.6714741530049262E-015  4.6381350235834101E-001 -8.4307560932510641E-016 -2.3190675117922996E-001 -7.1971768005020417E-014  7.7195227456587846E-011 -1.4823815317990719E-012 -1.7887529268223392E-012  1.1878029172355658E-013 -4.3679781299805197E-011  8.7970843808537508E-013  1.0176973535923623E-012
 5.8226222841652703E-015 -1.5776496862381572E-015  2.6974950051439306E-016  3.4043948216045036E-016 -1.2416283279305896E-015  2.1268374496986528E-002 -2.8429407265830382E-015  6.4807198494686118E-016 -1.1160232525996006E-013 -2.3621123812779762E-014 -1.6766564820265061E-015 -2.7313221129257186E-015 -9.3675067702747965E-017 -1.5595164049031521E-015 -2.4060614611800539E-015  1.7549768066669583E-001  1.0755285551033227E-016 -1.6496225106609190E-015  7.8837675174950543E-013 -2.1269094533092985E-013 -3.8120548384591890E-015  7.9797279894933205E-016 -2.3592239273284675E-016 -1.1535911115247183E-015  4.2339339013050281E-001  1.7260498585946437E-016  5.8530125122722085E-015  4.6778762289911687E-016 -1.4589480871151183E-012  3.4618691645831934E-013 -3.1138286393783948E-015  8.0491169285323938E-016 -1.3253287356462816E-015 -6.0021432268807692E-016  4.6381350235831015E-001  7.2424705122015594E-016  4.0626677862947728E-014 -1.4577248108083328E-015  3.0942136738913802E-012 -1.2834160276621672E-012 -3.7566867168458457E-014  8.5905370453023703E-016 -1.7593331291600245E-012  7.6209716812236039E-013
-1.7829826319128004E-013 -1.0634187248518605E-002  8.2464417239290007E-016  1.0330278299423151E-015 -1.0634187248512410E-002  1.1706130856350125E-015  2.1268374496982441E-002 -3.1313373561659311E-012  2.0688848384158187E-014 -1.2599369491557479E-013 -2.0181135638707704E-013 -8.7748840333352604E-002 -9.5930208221481342E-016  4.2847669856879778E-016 -8.7748840333384426E-002 -2.2603446891999810E-015  1.7549768066658161E-001  2.0238041594915983E-011  1.1162626135593835E-013  9.0593737972080172E-013 -2.1169669506529781E-001  8.6389229103566985E-016  4.2015002588167482E-015 -2.1169669506532574E-001  1.7260498585946437E-016  4.2339339013040389E-001  2.5659139302335255E-013 -3.8084196907917128E-011 -1.8930857807114752E-013 -1.6875250270122896E-012 -2.3190675117916179E-001  3.7470027081016928E-016  3.9829251008437857E-015 -2.3190675117920495E-001 -2.0634535746750210E-015  4.6381350235819097E-001  3.2447201010417372E-013  7.7191282672874849E-011  7.4920495077841301E-013  3.5717318531191644E-012 -3.2685991155708063E-013 -4.3676207630430585E-011 -4.4641301330689423E-013 -2.0301655543846412E-012
-3.0612537017989738E-001  5.0323382301960837E-014  3.9077812528516994E-015 -9.2117523522221165E-015  6.5026328830807233E-014  6.8168169464540079E-015  5.1273943561837865E-014 -5.6019111534794692E-010 -4.8382356820761074E-012  1.2821461662508718E-011 -3.6457245616384659E-001  4.4842393783899254E-014 -7.4120715674558742E-015  8.5144419890822045E-015  8.2115534679013139E-014 -6.2100249402347285E-015  1.6180544929045346E-013  9.0325077517337788E-010  8.1664729174634198E-012 -2.0754401125975930E-011 -7.6518668021968399E-014 -1.4872849081709350E-015 -8.5176798574134931E-015  8.5887896950188843E-015  5.8530125122722085E-015  2.5659139302335255E-013  4.6768675016046979E-001 -1.0604212283543792E-009 -1.7127656717267913E-011  2.6266857370395744E-011 -1.9851775215126442E-013 -7.2410876672318026E-015 -2.5135348689748456E-015  7.0754803734355465E-014  7.5804463366261141E-016  2.6544376603977678E-013  4.6823364653747426E+000  1.1687082093099809E-009  1.3691118783632212E-011 -2.7588801692583261E-011 -4.1744273230621189E+000 -6.2764571482119244E-010 -6.7544540659220733E-012  1.4659702683275808E-011
 9.6798852763526594E-010  2.2814387654263749E-012 -1.4857967457132879E-013 -4.5397054860013356E-015 -1.1430782196615617E-012 -1.1943995366196834E-015 -1.1440677022412116E-012  1.0597786582974103E-002 -3.6900324549655258E-016  3.2146448453615788E-015  9.1051810228934910E-010  4.1690647978933706E-011  5.4304902802170838E-013 -8.8364329557727281E-013 -2.0849983090555043E-011  1.4771035723271111E-015 -2.0848700355117878E-011  2.1007032371618514E-001  9.0199240229916745E-017 -6.7445882719238950E-015  7.6153947612673784E-011  3.4244321697443858E-013 -1.4564948307412613E-012 -3.8077312364208811E-011  4.6778762289911687E-016 -3.8084196907917128E-011 -1.0604212283543792E-009  7.4902621172504824E-001  2.0053484488183290E-015  9.7005583438907341E-015  1.1296630112529889E-010  7.3313482215969420E-013 -2.2131373066565401E-012 -5.6484254371878536E-011  1.7974675569302255E-015 -5.6485784747123791E-011 -1.0176600767427440E-008  8.9979396734251171E-001 -3.5284380126111341E-015 -4.7184319404469403E-015  9.0465585401417861E-009 -6.8134217991037693E-001  2.0799390106073703E-015  1.8457376377524630E-015
 1.2140329156664196E-011  8.4899790363233929E-014  1.9782058403716006E-012 -7.8942042577131717E-016 -1.6471088653149330E-013 -2.8009332518479013E-015  8.7747299126506359E-014  1.6761304990050793E-015  1.0597786582965401E-002 -3.5906761863842609E-015  1.3155432739201024E-011 -3.0576912763575288E-013  3.6105516874260872E-011  2.0191373385625829E-016  6.2551464025160124E-013 -8.8827493169222460E-013 -3.0666539241418163E-013 -1.4528400560494585E-015  2.1007032371619619E-001  6.9852437562207260E-015 -2.0199750486888916E-013  6.5957311239612939E-011  3.4612469375760511E-015  4.0050544349039930E-013 -1.4589480871151183E-012 -1.8930857807114752E-013 -1.7127656717267913E-011  2.0053484488183290E-015  7.4902621172501205E-001 -2.8335623970788381E-014 -4.2560926825490547E-013  9.7833248573424956E-011  1.0889823149273090E-016  8.4588198298690638E-013 -2.2189270651014265E-012 -4.1758087598852160E-013 -1.2085562560444381E-010  3.8823030159934467E-015  8.9979396734250894E-001  2.2065684611314302E-015  1.0849723221187374E-010 -2.8206562476997304E-015 -6.8134217991036983E-001  2.3685479639332610E-015
-2.3097091236337690E-011  7.7220111693679079E-015 -3.9351769902015217E-016  1.9798687740424389E-012  1.9346381855901332E-015 -1.5214627821340938E-013 -6.2207007953955989E-015 -1.6475690108463926E-015 -4.5481740221466191E-015  1.0597786582962797E-002 -2.2176211367278220E-011  5.1009975080234881E-013  6.7848851158194086E-017  3.6107056845977283E-011  5.1482943276437213E-013  5.4716748264738365E-013 -1.0199650293256014E-012  2.1077063108049540E-015  6.7183131246197528E-015  2.1007032371617967E-001  8.5000685848545746E-013  1.8742020819198291E-015  6.5955322752495650E-011  8.3756380739209358E-013  3.4618691645831934E-013 -1.6875250270122896E-012  2.6266857370395744E-011  9.7005583438907341E-015 -2.8335623970788381E-014  7.4902621172506612E-001  1.2808875476376342E-012  4.6709770810894969E-016  9.7834710141172658E-011  1.2765808163714051E-012  7.3818999805084452E-013 -2.5616871445566016E-012  2.4094057923581188E-010  7.6189208499651957E-015  3.9837927127347633E-015  8.9979396734252926E-001 -2.1445390740312312E-010 -6.5086902711524591E-015  1.3622998965698702E-015 -6.8134217991038970E-001
-1.4333116435774100E-013  2.3298803181331693E-002 -9.5474843309068649E-016 -1.2588671424731340E-015 -1.1649401590654855E-002 -9.1625925596722330E-016 -1.1649401590666851E-002  7.2791332999593391E-012  1.2678656695307194E-014  7.6285615069798624E-014 -2.2241115415399268E-013  1.9225192415191394E-001  1.5144135945277940E-015  2.3913163116343181E-015 -9.6125962075896770E-002  9.2634233617136275E-016 -9.6125962075903820E-002 -3.6056688598281478E-011  7.7390473516668889E-014 -4.0163128500313968E-013  4.6381350235843755E-001  1.7173762412169497E-015  7.1817551905450375E-016 -2.3190675117908102E-001 -3.1138286393783948E-015 -2.3190675117916179E-001 -1.9851775215126442E-013  1.1296630112529889E-010 -4.2560926825490547E-013  1.2808875476376342E-012  5.0809240291543567E-001  2.5708601913975338E-015  1.5404344466675234E-015 -2.5404620145759987E-001 -1.4085954624932372E-015 -2.5404620145767620E-001 -1.5676348505145022E-013 -1.3364672719532198E-010  5.6982108456079990E-013 -1.5330055034312084E-012  2.4215377982494915E-013  6.8830489064478096E-011 -2.9796375144197293E-013  7.9094983143254386E-013
-5.0387684610305307E-015  1.4929463915118641E-015  2.3298803181306164E-002 -5.0306980803326706E-016  3.2478360278968927E-015 -2.6237692574150114E-016 -5.9457647139167304E-016 -2.6025777735401317E-014  6.3034426458506847E-012 -1.6150439069980322E-015 -3.8269520540125051E-016  2.3279989047600255E-015  1.9225192415190032E-001  5.5511151231248324E-017 -1.2038980923287054E-015  3.2959746043560163E-016  3.3705677138221087E-015 -1.2457258407222806E-013 -3.1226512412255723E-011 -2.4465031147203529E-016  1.4502288259160512E-015  4.6381350235830021E-001  6.6613381477509047E-016  3.5735303605117130E-015  8.0491169285323938E-016  3.7470027081016928E-016 -7.2410876672318026E-015  7.3313482215969420E-013  9.7833248573424956E-011  4.6709770810894969E-016  2.5708601913975338E-015  5.0809240291533175E-001  1.6653345369376959E-016  1.3461454173576359E-015  8.7430063189231304E-016  2.5812685322529087E-015 -2.7658023145076536E-014 -9.7976994714498061E-013 -1.1574394219456639E-010 -9.2303620021587317E-016  2.6881743467216944E-014  5.1201006675528424E-013  5.9610251434422085E-011  5.5349251961959903E-016
-3.8115848689952013E-015  6.3057198351842184E-016 -1.1067535776732010E-015  2.3298803181306095E-002 -9.7144514654614837E-016 -1.2767564783189186E-015  1.2559397966079938E-015 -1.2592963628607854E-013 -2.4951127613648104E-016  6.3047511117975460E-012 -8.3207604249278925E-015  3.1346453210911629E-015  5.2735593669695103E-016  1.9225192415188894E-001  4.3125225612793538E-015  5.0653925498521722E-016  1.5491080640483334E-015  6.8114547156742966E-013 -5.0683596252394667E-016 -3.1228612053924058E-011  3.2161773244617064E-015 -3.7026779016862169E-030  4.6381350235831065E-001  2.6714741530049262E-015 -1.3253287356462816E-015  3.9829251008437857E-015 -2.5135348689748456E-015 -2.2131373066565401E-012  1.0889823149273090E-016  9.7834710141172658E-011  1.5404344466675234E-015  1.6653345369376959E-016  5.0809240291534363E-001  2.2759572004820332E-015 -5.8980598183211727E-016  1.8769708010076377E-015  9.8062174159247642E-015  2.6476907413005714E-012 -6.4305192554168621E-015 -1.1573735151971337E-010 -6.4918596837632994E-015 -1.3656395970708874E-012  4.0662773470407965E-015  5.9606024265837102E-011
-2.8689310826199111E-013 -1.1649401590645012E-002  2.4893281880286164E-016  5.0306980803243806E-016  2.3298803181328820E-002 -5.4340212884865793E-016 -1.1649401590640582E-002 -3.6399916487950328E-012 -3.2330460262620377E-014  7.1765530923387378E-014 -2.3470865915415646E-013 -9.6125962075905805E-002  1.1761425167124363E-015  2.3939183968592676E-016  1.9225192415189093E-001  8.9338259011823212E-017 -9.6125962075928245E-002  1.8026718843168185E-011 -1.3996628457760791E-013 -3.9199337797816576E-013 -2.3190675117909015E-001  1.2698175844146747E-015  2.1510571102116518E-015  4.6381350235834101E-001 -6.0021432268807692E-016 -2.3190675117920495E-001  7.0754803734355465E-014 -5.6484254371878536E-011  8.4588198298690638E-013  1.2765808163714051E-012 -2.5404620145759987E-001  1.3461454173576359E-015  2.2759572004820332E-015  5.0809240291535385E-001 -2.0990154059346540E-016 -2.5404620145772100E-001  6.7129378435069564E-013  6.6819668379010716E-011 -1.1348071528227301E-012 -1.5281897428895191E-012 -5.5919311734013663E-013 -3.4412767738068544E-011  5.9334052712397966E-013  7.8824201480881480E-013
 8.4031637790295882E-015 -1.6366573894759941E-015  2.9403562917806762E-016  4.1589995336544473E-016 -1.3388812628028569E-015  2.3298803181303621E-002 -3.2276698674898082E-015  7.2812295535697262E-016 -1.3103876429605307E-013 -2.0797416207213059E-014  7.8761994027697752E-016 -2.2338901561897636E-015 -1.1102230246251666E-016 -1.3496148643099630E-015 -2.4685115063155909E-015  1.9225192415188880E-001 -8.1011586328178284E-016 -1.4467126179898701E-015  6.8956121430770845E-013 -1.3232453221416786E-013 -2.3505503099489886E-015  8.6736173798840572E-016  5.8286708792820462E-016 -8.4307560932510641E-016  4.6381350235831015E-001 -2.0634535746750210E-015  7.5804463366261141E-016  1.7974675569302255E-015 -2.2189270651014265E-012  7.3818999805084452E-013 -1.4085954624932372E-015  8.7430063189231304E-016 -5.8980598183211727E-016 -2.0990154059346540E-016  5.0809240291534719E-001 -1.6644671752001767E-015 -1.4220666430199339E-014 -5.3212266935307089E-017  2.6439744419601318E-012 -9.7473431886623897E-013  1.1523130304968261E-014 -2.2783857466497938E-016 -1.3626818267786330E-012  5.0833470445745156E-013
-5.3663434614417098E-014 -1.1649401590679355E-002  1.0033206904183864E-015  1.0169816377900793E-015 -1.1649401590672452E-002  1.3092283333865762E-015  2.3298803181298604E-002 -3.6391945395745493E-012  1.9689889724345677E-014 -1.4811083646495458E-013 -6.9085489950438889E-014 -9.6125962075947757E-002 -2.2551405187672982E-016 -4.7184478546390624E-016 -9.6125962075981716E-002 -2.2573089231163759E-015  1.9225192415175923E-001  1.8028921405850263E-011  6.3330758526636897E-014  7.9244147260211190E-013 -2.3190675117920170E-001  2.9420910152561134E-015  2.3314683517134799E-015 -2.3190675117922996E-001  7.2424705122015594E-016  4.6381350235819097E-001  2.6544376603977678E-013 -5.6485784747123791E-011 -4.1758087598852160E-013 -2.5616871445566016E-012 -2.5404620145767620E-001  2.5812685322529087E-015  1.8769708010076377E-015 -2.5404620145772100E-001 -1.6644671752001767E-015  5.0809240291520463E-001  3.6524634214975710E-013  6.6822568421385518E-011  5.6821973383052474E-013  3.0561272884192819E-012 -3.9194883710950077E-013 -3.4414321108502593E-011 -2.9782537261241365E-013 -1.5753542860814060E-012
