  0.52199884966991594        6.8162544221097741E-008   1.1856541059471508E-008  -5.4425401864931585E-008  0.62035661718029156        5.6345116237848086E-008   4.7342570600014851E-010  -1.2892364140967621E-008   1.5564991275755031E-008   1.6620231339789163E-009  -3.1200305218578926E-009  -4.9696745195215762E-010  -7.5516550468673980E-010  -2.3463579380283051E-010  -9.0686000913796794E-010  -7.1141642598150492E-002  -7.1159543311250455E-009  -3.4731387419032595E-010  -1.8966026422289494E-009   1.6670778221685324E-009   3.2411362333698186E-010   9.2558118147914484E-010   7.3775978158367988E-011   9.7102199660148176E-010  -5.3748777634081478E-010   2.8255731871897429E-010   6.0496290584037245E-011   2.6083317381574785E-010   1.7551483480298096E-011   2.7665413418869193E-010  -1.5817220641770308E-010   1.2080602903511410E-010   2.4220342630946383E-011   7.7038923165261334E-011   5.4813584934370544E-012   8.1133423626871047E-011
   6.8162544221097741E-008  0.52199872508851508       -3.5126939975240156E-008   1.4114391008091330E-007  -4.4297524765880055E-008  0.62035660616907962       -3.7721346159020068E-009   2.4617185676184414E-008  -3.6768596022177248E-008   1.1785540538219660E-009   1.1983326533677264E-009  -1.1159142287486595E-010  -2.5195971651115163E-009  -7.0596400980428223E-010   1.3410562055208482E-009   2.5703652047098140E-009  -7.1141638439482832E-002   1.2368255541248780E-009  -8.1930702669583567E-010  -1.5858014506102695E-009   2.1024497823317421E-012   1.5866640014044055E-009   3.5290424476570696E-010  -7.6735062186829176E-010  -1.4210173239862960E-010  -4.6208810204539041E-010  -1.0187076727422202E-011   2.4912477450269812E-010   5.9974042040865871E-011  -1.0702166024371870E-010  -6.0625281725175838E-011  -1.3407591127303820E-010  -1.1422382922983524E-012   1.1483386582704770E-010   2.5542000489382501E-011  -5.4206788354436598E-011
   1.1856541059471508E-008  -3.5126939975240156E-008  0.52199889566697188        2.7586417615941736E-008   1.6267547890209044E-009  -2.4375629225652684E-009  0.62035662124213142        5.1085195381677284E-009  -7.3086224218961606E-009   4.6079167661712087E-010  -2.9458755869930667E-010   9.4846070035764236E-010  -5.0094473523420112E-011  -2.2404857505990515E-009  -4.1070069201012852E-010  -4.5780288235958090E-010   1.1091515954130541E-009  -7.1141644122052400E-002  -2.5538251473933526E-010   9.7497514412353851E-011  -1.5183377587643112E-009  -5.4809599509675474E-011   1.3717712511866515E-009   3.1018731387528239E-010  -5.4867027068926488E-011   2.4021841826021482E-011  -4.4411064050191209E-010   5.9718837168399545E-012   2.0328085498791192E-010   4.8894947861752747E-011  -1.9486527666173545E-011   7.3182894007411102E-012  -1.2874363705642588E-010  -3.0061517087876270E-012   9.7744721634460553E-011   2.2491282033548993E-011
  -5.4425401864931585E-008   1.4114391008091330E-007   2.7586417615941736E-008  0.38928017889007632       -9.9385555067636072E-009   3.1763337527974849E-008   6.0050792784569217E-009  0.76610150206222138      -0.38763490222866676       -3.8781373563877071E-010  -7.6227297349623467E-010  -1.0156789778851221E-010   1.1017999560424258E-009   3.1438567800011672E-010  -7.1398833768850290E-010   2.8013958905495593E-009  -7.5611604579797780E-009  -1.4626655061035561E-009   4.5560405148873114E-011   6.1204031800845356E-010   1.5384901289713286E-010  -5.4825268722276491E-010  -3.4775693951437267E-010   5.0268617759955577E-010  -1.5068564928861380E-011   2.0957689305947061E-010   6.1647252499787830E-011  -1.4777352760981448E-010  -1.2848249155247706E-010   1.6284190838841917E-010   6.1327248643621271E-013   5.3604447404445039E-011   1.4439070626633152E-011  -4.3635494204228218E-011  -3.1496368952260265E-011   4.3020734918649464E-011
  0.62035661718029156       -4.4297524765880055E-008   1.6267547890209044E-009  -9.9385555067636072E-009  0.73724747233207188       -8.1952073293048325E-008  -1.4249744337423869E-008   9.2410375465243224E-008  -3.6012798663913955E-008   2.1462000536242090E-009  -2.4169659985982632E-009  -4.0219823434580913E-010  -1.0059381002639411E-009  -2.0228418633945499E-010  -1.1402647816507127E-009  -8.4546524902779516E-002   8.6204750770224625E-009   1.2859059577006624E-009  -2.0252730042824175E-009   3.7076361853052115E-009   6.3715213334048556E-010   9.5490837897268654E-010   1.9006672729020724E-010   1.0703652621522994E-009  -5.2016002854808618E-010   1.2311412644558373E-009   2.0256730654303300E-010   2.3474363817997646E-010   7.3958574201078340E-011   2.8541583379461854E-010  -1.6348670570159797E-010   3.2843765822713117E-010   5.5764969604810155E-011   7.6020174046265268E-011   1.7478155336610787E-011   8.7466698480589251E-011
   5.6345116237848086E-008  0.62035660616907962       -2.4375629225652684E-009   3.1763337527974849E-008  -8.1952073293048325E-008  0.73724762211323014        4.2231949738710090E-008  -2.3834380864553101E-007   9.1704257024950194E-008   9.1220417558069268E-010   1.6783425629125998E-009  -5.9466238147055667E-011  -1.8597711463306670E-009  -5.4519052507832823E-010   9.4758253227156871E-010   6.4156610615289072E-009  -8.4546538637894172E-002  -3.8873195030371239E-009  -1.6268643745949756E-009  -1.5446400123557186E-009   1.0032654130479480E-010   3.4029456395791530E-009   8.1230251781835025E-010  -1.7760737151021152E-009  -5.0762047606019542E-010  -3.7284804170176526E-010   3.8627700212108952E-011   1.0829555673477298E-009   2.7503637963115967E-010  -5.7533344903993921E-010  -1.4199166918035008E-010  -1.2293524411794899E-010   9.1180484204678744E-012   2.9894690243399501E-010   7.2427096443213770E-011  -1.5695309914142883E-010
   4.7342570600014851E-010  -3.7721346159020068E-009  0.62035662124213142        6.0050792784569217E-009  -1.4249744337423869E-008   4.2231949738710090E-008  0.73724741702227670       -4.6630486670165219E-008   1.7980389614873486E-008   3.9624514178639457E-010  -2.5777373145429426E-010   1.4717191510813638E-009  -8.7833268476856900E-011  -1.6346853677101810E-009  -3.0841601961967074E-010   1.3117817614383142E-009  -3.8571657242627435E-009  -8.4546519817396651E-002  -5.0593672392578500E-010   2.3933251625511296E-010  -1.3436604258194233E-009  -1.0298278969498274E-010   3.0049768039978089E-009   6.0891380874544777E-010  -1.7018887150105689E-010   9.2577504032752538E-011  -2.8883355335927892E-010  -1.2529941390750240E-011   9.5452822056386498E-010   1.8271858056718684E-010  -4.4835076558128381E-011   2.1917890274179532E-011  -1.0366244152921515E-010  -7.6251429844806422E-012   2.6336962903781720E-010   5.2458558907199118E-011
  -1.2892364140967621E-008   2.4617185676184414E-008   5.1085195381677284E-009  0.76610150206222138        9.2410375465243224E-008  -2.3834380864553101E-007  -4.6630486670165219E-008   1.5076840365606650      -0.76286360558060606       -4.9045711872039251E-010  -1.8700377472579500E-009  -3.5088376986300480E-010   2.1314595419759687E-009   9.3567650695905761E-010  -1.6410065900719534E-009  -7.3273623561856787E-009   1.9621182596186005E-008   3.8242692043459753E-009   4.5443164953939415E-010   7.0983166711174753E-010   1.0083921306307155E-010  -1.1282780256686564E-009  -2.6049489928542608E-010   6.7383436255000998E-010   1.5951679848558543E-010   1.5591156342965342E-010   1.6596611659070901E-011  -3.1639473107221856E-010  -3.3021010008787250E-011   1.5687757017829269E-010   4.0266727294124318E-011   5.2524518893390346E-011   6.7926328078009638E-012  -9.1155587106703291E-011  -1.6594240461909347E-011   5.0885933798169646E-011
   1.5564991275755031E-008  -3.6768596022177248E-008  -7.3086224218961606E-009 -0.38763490222866676       -3.6012798663913955E-008   9.1704257024950194E-008   1.7980389614873486E-008 -0.76286360558060606       0.38599657926140557        3.6505258570887717E-010   1.1838142744429426E-009   1.7318071514751070E-010  -1.4365582673777549E-009  -5.7386193816817449E-010   1.0715077900085283E-009   2.4752645364963011E-009  -6.6144943394703979E-009  -1.2912262218189044E-009  -7.3615266311722233E-011  -4.1405557417301662E-011  -5.6854758234868509E-011   9.2025893078065033E-011  -2.4952338317545326E-012  -1.8404548089453972E-011   3.5559687427722957E-013   8.5902612832685103E-011  -1.1422009164189833E-011  -8.8251802545140172E-011  -5.2941540511289704E-011   8.7896389044708057E-011  -3.6354391567556992E-012   7.4492485956158361E-012  -4.0614322448445658E-012  -5.1540195007715269E-012  -5.9847085267566972E-012   8.7909391731543723E-012
   1.6620231339789163E-009   1.1785540538219660E-009   4.6079167661712087E-010  -3.8781373563877071E-010   2.1462000536242090E-009   9.1220417558069268E-010   3.9624514178639457E-010  -4.9045711872039251E-010   3.6505258570887717E-010  0.31797008561236156       -1.3642934165403787E-010  -2.5055800875454025E-010 -0.15898504324570661        5.3391990377213149E-010 -0.15898504236668662        1.7559902231312914E-009   1.3763411391997978E-009   2.4495983515002465E-010  0.42523147339671197        1.4597212082555520E-011  -9.6562958683142814E-011 -0.21261573682433976        2.4524503033301934E-010 -0.21261573657239943       0.22052798579527941       -3.1124134145278106E-011  -4.6719261038044700E-011 -0.11026399304628540        5.9194343431946695E-011 -0.11026399274899856        4.5534196511309612E-002  -2.4810030585831198E-012  -8.9876547667280197E-012  -2.2767098278628328E-002   1.6498883433934919E-011  -2.2767098232687428E-002
  -3.1200305218578926E-009   1.1983326533677264E-009  -2.9458755869930667E-010  -7.6227297349623467E-010  -2.4169659985982632E-009   1.6783425629125998E-009  -2.5777373145429426E-010  -1.8700377472579500E-009   1.1838142744429426E-009  -1.3642934165403787E-010  0.31797008608838834        8.0331033509173654E-010   6.4634357763212466E-010   2.2663819992929239E-010  -5.0991307060792334E-010  -2.1731218061144444E-009   1.5525794365507710E-009   4.7055044011105364E-011  -8.4338946808291157E-011  0.42523147351728158        3.0080952128746759E-010   3.3855413264589955E-010   9.8523419729438860E-011  -2.5421424607572924E-010  -7.0230413146792375E-011  0.22052798597277828        1.6449146857657008E-010   8.6264015750521099E-011   3.8115152545006002E-011  -1.6033587738829895E-011  -1.1800257570995940E-011   4.5534196538351557E-002   3.1144431914489307E-011   2.3170240722191817E-011   9.0939066145717082E-012  -1.1369737085371843E-011
  -4.9696745195215762E-010  -1.1159142287486595E-010   9.4846070035764236E-010  -1.0156789778851221E-010  -4.0219823434580913E-010  -5.9466238147055667E-011   1.4717191510813638E-009  -3.5088376986300480E-010   1.7318071514751070E-010  -2.5055800875454025E-010   8.0331033509173654E-010  0.31797008697543866        6.1391691013321700E-010  -8.4433578644897036E-010  -3.6335794817798461E-010  -4.7111526004734523E-010   2.2863571661085834E-011   1.5977953710964199E-009  -1.0002527774590737E-010   3.0857562706452580E-010  0.42523147400127154        2.4458433062275373E-010  -2.7654134150774856E-010  -1.4455844541848615E-010  -4.8679483504064503E-011   1.6831368030737832E-010  0.22052798596206508        1.1563783356224408E-010  -1.9082563248128047E-010  -6.6958195021715836E-011  -9.3776947773734289E-012   3.1953830185433606E-011   4.5534196553892278E-002   2.2675465461107004E-011  -3.3191298951453414E-011  -1.3297707823777433E-011
  -7.5516550468673980E-010  -2.5195971651115163E-009  -5.0094473523420112E-011   1.1017999560424258E-009  -1.0059381002639411E-009  -1.8597711463306670E-009  -8.7833268476856900E-011   2.1314595419759687E-009  -1.4365582673777549E-009 -0.15898504324570661        6.4634357763212466E-010   6.1391691013321700E-010  0.31797008634093549       -8.6937694174917077E-010 -0.15898504309525588       -8.9532184725585803E-010  -2.7024632289923186E-009   3.2659081018036538E-010 -0.21261573682012783        2.4972511040934238E-010   2.4045510222874087E-010  0.42523147361408881       -3.6725880989568974E-010 -0.21261573679396775      -0.11026399304416216        5.2314752093504446E-011   1.1353929614716868E-010  0.22052798602394499       -1.3335601119426791E-010 -0.11026399297979644       -2.2767098278181727E-002   1.4926713537841652E-011   2.2237433932210711E-011   4.5534196547625402E-002  -3.0058819449140223E-011  -2.2767098269443738E-002
  -2.3463579380283051E-010  -7.0596400980428223E-010  -2.2404857505990515E-009   3.1438567800011672E-010  -2.0228418633945499E-010  -5.4519052507832823E-010  -1.6346853677101810E-009   9.3567650695905761E-010  -5.7386193816817449E-010   5.3391990377213149E-010   2.2663819992929239E-010  -8.4433578644897036E-010  -8.6937694174917077E-010  0.31797008605098709        3.3545665014256971E-010   4.0824605953675977E-011  -4.2731230416497986E-010  -2.3283191305109277E-009   2.3964983564009416E-010   8.9753206362425337E-011  -3.2582547983463504E-010  -3.6398513438319421E-010  0.42523147354203983        1.2433516122518348E-010   5.6359177851709034E-011   3.3589964386162744E-011  -2.0940482271487800E-010  -1.3189420677945995E-010  0.22052798591384587        7.5534848293739749E-011   1.5906211449580744E-011   8.1576346690251966E-012  -3.7737376250012498E-011  -2.9734952470571754E-011   4.5534196531477659E-002   1.3828709332231138E-011
  -9.0686000913796794E-010   1.3410562055208482E-009  -4.1070069201012852E-010  -7.1398833768850290E-010  -1.1402647816507127E-009   9.4758253227156871E-010  -3.0841601961967074E-010  -1.6410065900719534E-009   1.0715077900085283E-009 -0.15898504236668662       -5.0991307060792334E-010  -3.6335794817798461E-010 -0.15898504309525588        3.3545665014256971E-010  0.31797008546200123       -8.6066805153084774E-010   1.3261203052188794E-009  -5.7155016983558078E-010 -0.21261573657662652       -2.6432076399743825E-010  -1.4389086880251705E-010 -0.21261573678978524        1.2201326089877405E-010  0.42523147336644573      -0.11026399275113924       -2.1189809699647191E-011  -6.6819374012296501E-011 -0.11026399297767836        7.4161398776103268E-011  0.22052798572883572       -2.2767098233132423E-002  -1.2445543595715533E-011  -1.3249642665911483E-011  -2.2767098269000949E-002   1.3559880475347596E-011   4.5534196502139579E-002
  -7.1141642598150492E-002   2.5703652047098140E-009  -4.5780288235958090E-010   2.8013958905495593E-009  -8.4546524902779516E-002   6.4156610615289072E-009   1.3117817614383142E-009  -7.3273623561856787E-009   2.4752645364963011E-009   1.7559902231312914E-009  -2.1731218061144444E-009  -4.7111526004734523E-010  -8.9532184725585803E-010   4.0824605953675977E-011  -8.6066805153084774E-010   9.6956790513303952E-003  -6.4655641701819222E-010  -1.1049821220353684E-010   2.9097453584375483E-009  -3.7020452706687100E-009  -7.6478755829330108E-010  -1.4611239297241269E-009   1.7764523914929643E-012  -1.4486215017448138E-009   1.4482160001258276E-009  -1.8405871727617734E-009  -3.8196083158796010E-010  -7.2787767034913591E-010   3.7436766405425138E-012  -7.2033826594836510E-010   3.0545662585407769E-010  -3.8855396598391236E-010  -8.0465076678799774E-011  -1.5345027173323112E-010   5.1985346508054262E-013  -1.5200637325230329E-010
  -7.1159543311250455E-009  -7.1141638439482832E-002   1.1091515954130541E-009  -7.5611604579797780E-009   8.6204750770224625E-009  -8.4546538637894172E-002  -3.8571657242627435E-009   1.9621182596186005E-008  -6.6144943394703979E-009   1.3763411391997978E-009   1.5525794365507710E-009   2.2863571661085834E-011  -2.7024632289923186E-009  -4.2731230416497986E-010   1.3261203052188794E-009  -6.4655641701819222E-010   9.6956802317785529E-003   3.3272666357920881E-010   2.1670898707464824E-009   2.5108470906698371E-009   9.9509195396974763E-012  -4.2895555476258796E-009  -7.4822425751778203E-010   2.1224648110682589E-009   1.0853263154512996E-009   1.2530358150782977E-009   6.6975785019506419E-012  -2.1464012400795480E-009  -3.7126490410917906E-010   1.0610747362990752E-009   2.2835975594411507E-010   2.6399395327365212E-010   1.2519085939635643E-012  -4.5182474309351427E-010  -7.8451423757074599E-011   2.2346474241244413E-010
  -3.4731387419032595E-010   1.2368255541248780E-009  -7.1141644122052400E-002  -1.4626655061035561E-009   1.2859059577006624E-009  -3.8873195030371239E-009  -8.4546519817396651E-002   3.8242692043459753E-009  -1.2912262218189044E-009   2.4495983515002465E-010   4.7055044011105364E-011   1.5977953710964199E-009   3.2659081018036538E-010  -2.3283191305109277E-009  -5.7155016983558078E-010  -1.1049821220353684E-010   3.3272666357920881E-010   9.6956786123504075E-003   4.4638216866505065E-010  -4.0511823365251703E-012   2.5165792991801666E-009   4.3509976157280746E-010  -3.7090424026265671E-009  -8.8148127601173839E-010   2.2092426929477755E-010   1.5162225098313376E-012   1.2583267906323205E-009   2.2095795462467561E-010  -1.8542836785608523E-009  -4.4188219727685236E-010   4.6727807119281755E-011  -8.3391014108819732E-015   2.6486559323688485E-010   4.6200724922331803E-011  -3.9046989852918826E-010  -9.2928341602249732E-011
  -1.8966026422289494E-009  -8.1930702669583567E-010  -2.5538251473933526E-010   4.5560405148873114E-011  -2.0252730042824175E-009  -1.6268643745949756E-009  -5.0593672392578500E-010   4.5443164953939415E-010  -7.3615266311722233E-011  0.42523147339671197       -8.4338946808291157E-011  -1.0002527774590737E-010 -0.21261573682012783        2.3964983564009416E-010 -0.21261573657662652        2.9097453584375483E-009   2.1670898707464824E-009   4.4638216866505065E-010  0.56867552687827072        1.5073001937440872E-010   1.8520830343254467E-010 -0.28433776298439417       -3.0642703038300897E-010 -0.28433776389391296       0.29491906493134012        2.6422454361309318E-011   1.0054234923535183E-010 -0.14745953234125073       -2.4984226793571331E-010 -0.14745953259009548        6.0894324178798975E-002   1.0732030984934883E-011   2.1640891288634871E-011  -3.0447162053387353E-002  -4.5867789471943041E-011  -3.0447162125419841E-002
   1.6670778221685324E-009  -1.5858014506102695E-009   9.7497514412353851E-011   6.1204031800845356E-010   3.7076361853052115E-009  -1.5446400123557186E-009   2.3933251625511296E-010   7.0983166711174753E-010  -4.1405557417301662E-011   1.4597212082555520E-011  0.42523147351728158        3.0857562706452580E-010   2.4972511040934238E-010   8.9753206362425337E-011  -2.6432076399743825E-010  -3.7020452706687100E-009   2.5108470906698371E-009  -4.0511823365251703E-012   1.5073001937440872E-010  0.56867552634940088       -6.2173515118628419E-010  -3.6923262598213965E-010  -1.5354416857612938E-010   2.1850386338185499E-010   4.2741509748169107E-011  0.29491906481081848       -3.1108278493525618E-010  -3.1092703273206143E-010  -9.6987332905531035E-011   2.6818554286629670E-010   1.2437028490413802E-011   6.0894324141065236E-002  -6.8002320260806499E-011  -5.7033377479914359E-011  -1.8388914628716054E-011   4.4596678059285936E-011
   3.2411362333698186E-010   2.1024497823317421E-012  -1.5183377587643112E-009   1.5384901289713286E-010   6.3715213334048556E-010   1.0032654130479480E-010  -1.3436604258194233E-009   1.0083921306307155E-010  -5.6854758234868509E-011  -9.6562958683142814E-011   3.0080952128746759E-010  0.42523147400127154        2.4045510222874087E-010  -3.2582547983463504E-010  -1.4389086880251705E-010  -7.6478755829330108E-010   9.9509195396974763E-012   2.5165792991801666E-009   1.8520830343254467E-010  -6.2173515118628419E-010  0.56867552605746063       -4.4930480192605776E-010   7.0449318489537358E-010   2.6409731088683622E-010   1.0032217146954909E-010  -3.1135739925007149E-010  0.29491906430941811       -2.4799777516215437E-010   3.0195298115014192E-010   1.4767581104595313E-010   2.1615092126934493E-011  -6.8032014228123239E-011   6.0894324061278385E-002  -5.2812526368547912E-011   7.0651519929845683E-011   3.1197518306536470E-011
   9.2558118147914484E-010   1.5866640014044055E-009  -5.4809599509675474E-011  -5.4825268722276491E-010   9.5490837897268654E-010   3.4029456395791530E-009  -1.0298278969498274E-010  -1.1282780256686564E-009   9.2025893078065033E-011 -0.21261573682433976        3.3855413264589955E-010   2.4458433062275373E-010  0.42523147361408881       -3.6398513438319421E-010 -0.21261573678978524       -1.4611239297241269E-009  -4.2895555476258796E-009   4.3509976157280746E-010 -0.28433776298439417       -3.6923262598213965E-010  -4.4930480192605776E-010  0.56867552615665828        5.7692677139797605E-010 -0.28433776317227316      -0.14745953234133247       -2.9472113716897611E-010  -2.4794039133627322E-010  0.29491906471214702        3.7556915019823912E-010 -0.14745953237083276       -3.0447162053393265E-002  -5.5337145732959299E-011  -5.2807002858228537E-011   6.0894324118965310E-002   7.4171741572808516E-011  -3.0447162065572127E-002
   7.3775978158367988E-011   3.5290424476570696E-010   1.3717712511866515E-009  -3.4775693951437267E-010   1.9006672729020724E-010   8.1230251781835025E-010   3.0049768039978089E-009  -2.6049489928542608E-010  -2.4952338317545326E-012   2.4524503033301934E-010   9.8523419729438860E-011  -2.7654134150774856E-010  -3.6725880989568974E-010  0.42523147354203983        1.2201326089877405E-010   1.7764523914929643E-012  -7.4822425751778203E-010  -3.7090424026265671E-009  -3.0642703038300897E-010  -1.5354416857612938E-010   7.0449318489537358E-010   5.7692677139797605E-010  0.56867552648251141       -2.7049992492106652E-010  -2.4975328029661872E-010  -9.6956433615412549E-011   3.1128742895547478E-010   3.7525361177838008E-010  0.29491906478386720       -1.2550057304846402E-010  -4.5859141125142629E-011  -1.8385101955120027E-011   7.1629531656964636E-011   7.4136059772357145E-011   6.0894324142580704E-002  -2.8276961024709618E-011
   9.7102199660148176E-010  -7.6735062186829176E-010   3.1018731387528239E-010   5.0268617759955577E-010   1.0703652621522994E-009  -1.7760737151021152E-009   6.0891380874544777E-010   6.7383436255000998E-010  -1.8404548089453972E-011 -0.21261573657239943       -2.5421424607572924E-010  -1.4455844541848615E-010 -0.21261573679396775        1.2433516122518348E-010  0.42523147336644573       -1.4486215017448138E-009   2.1224648110682589E-009  -8.8148127601173839E-010 -0.28433776389391296        2.1850386338185499E-010   2.6409731088683622E-010 -0.28433776317227316       -2.7049992492106652E-010  0.56867552706623159      -0.14745953259002656        2.6829933458406136E-010   1.4739846342019154E-010 -0.14745953237090098       -1.2572697763732394E-010  0.29491906496095183       -3.0447162125409610E-002   4.4605249327239583E-011   3.1166198559003847E-011  -3.0447162065578924E-002  -2.8303971794407969E-011   6.0894324190996836E-002
  -5.3748777634081478E-010  -1.4210173239862960E-010  -5.4867027068926488E-011  -1.5068564928861380E-011  -5.2016002854808618E-010  -5.0762047606019542E-010  -1.7018887150105689E-010   1.5951679848558543E-010   3.5559687427722957E-013  0.22052798579527941       -7.0230413146792375E-011  -4.8679483504064503E-011 -0.11026399304416216        5.6359177851709034E-011 -0.11026399275113924        1.4482160001258276E-009   1.0853263154512996E-009   2.2092426929477755E-010  0.29491906493134012        4.2741509748169107E-011   1.0032217146954909E-010 -0.14745953234133247       -2.4975328029661872E-010 -0.14745953259002656       0.15294706866925564       -4.6704017167040378E-012   5.4357376109236998E-011  -7.6473534327924822E-002  -1.7667919793261013E-010  -7.6473534341333971E-002   3.1580218063932138E-002   1.7720280716337814E-012   1.1680551263869394E-011  -1.5790109025228847E-002  -3.3514384682345081E-011  -1.5790109038707551E-002
   2.8255731871897429E-010  -4.6208810204539041E-010   2.4021841826021482E-011   2.0957689305947061E-010   1.2311412644558373E-009  -3.7284804170176526E-010   9.2577504032752538E-011   1.5591156342965342E-010   8.5902612832685103E-011  -3.1124134145278106E-011  0.22052798597277828        1.6831368030737832E-010   5.2314752093504446E-011   3.3589964386162744E-011  -2.1189809699647191E-011  -1.8405871727617734E-009   1.2530358150782977E-009   1.5162225098313376E-012   2.6422454361309318E-011  0.29491906481081848       -3.1135739925007149E-010  -2.9472113716897611E-010  -9.6956433615412549E-011   2.6829933458406136E-010  -4.6704017167040378E-012  0.15294706868649011       -1.5558416705294093E-010  -2.1478705959975333E-010  -5.9284393681126337E-011   2.1945747161838971E-010   9.0879138265590331E-013   3.1580218060827267E-002  -3.4080150342377083E-011  -4.0632358704803348E-011  -1.1392049381681800E-011   3.9723737981207457E-011
   6.0496290584037245E-011  -1.0187076727422202E-011  -4.4411064050191209E-010   6.1647252499787830E-011   2.0256730654303300E-010   3.8627700212108952E-011  -2.8883355335927892E-010   1.6596611659070901E-011  -1.1422009164189833E-011  -4.6719261038044700E-011   1.6449146857657008E-010  0.22052798596206508        1.1353929614716868E-010  -2.0940482271487800E-010  -6.6819374012296501E-011  -3.8196083158796010E-010   6.6975785019506419E-012   1.2583267906323205E-009   1.0054234923535183E-010  -3.1108278493525618E-010  0.29491906430941811       -2.4794039133627322E-010   3.1128742895547478E-010   1.4739846342019154E-010   5.4357376109236998E-011  -1.5558416705294093E-010  0.15294706824494897       -1.3635502889193586E-010   1.2855506727785612E-010   8.1997760315013823E-011   1.1690748485786558E-011  -3.4066143870253427E-011   3.1580217981971123E-002  -2.8987426142870295E-011   3.0850755050721789E-011   1.7296721254226874E-011
   2.6083317381574785E-010   2.4912477450269812E-010   5.9718837168399545E-012  -1.4777352760981448E-010   2.3474363817997646E-010   1.0829555673477298E-009  -1.2529941390750240E-011  -3.1639473107221856E-010  -8.8251802545140172E-011 -0.11026399304628540        8.6264015750521099E-011   1.1563783356224408E-010  0.22052798602394499       -1.3189420677945995E-010 -0.11026399297767836       -7.2787767034913591E-010  -2.1464012400795480E-009   2.2095795462467561E-010 -0.14745953234125073       -3.1092703273206143E-010  -2.4799777516215437E-010  0.29491906471214702        3.7525361177838008E-010 -0.14745953237090098       -7.6473534327924822E-002  -2.1478705959975333E-010  -1.3635502889193586E-010  0.15294706863598548        2.3421561535264080E-010  -7.6473534308070079E-002  -1.5790109025223160E-002  -4.1488024115388878E-011  -2.8990706327033508E-011   3.1580218049503825E-002   4.6610063672355148E-011  -1.5790109024280709E-002
   1.7551483480298096E-011   5.9974042040865871E-011   2.0328085498791192E-010  -1.2848249155247706E-010   7.3958574201078340E-011   2.7503637963115967E-010   9.5452822056386498E-010  -3.3021010008787250E-011  -5.2941540511289704E-011   5.9194343431946695E-011   3.8115152545006002E-011  -1.9082563248128047E-010  -1.3335601119426791E-010  0.22052798591384587        7.4161398776103268E-011   3.7436766405425138E-012  -3.7126490410917906E-010  -1.8542836785608523E-009  -2.4984226793571331E-010  -9.6987332905531035E-011   3.0195298115014192E-010   3.7556915019823912E-010  0.29491906478386720       -1.2572697763732394E-010  -1.7667919793261013E-010  -5.9284393681126337E-011   1.2855506727785612E-010   2.3421561535264080E-010  0.15294706862273541       -5.7536542697209416E-011  -3.3519428472040915E-011  -1.1393380829277578E-011   3.0358417026145780E-011   4.6625347001859923E-011   3.1580218051335221E-002  -1.3105940507557897E-011
   2.7665413418869193E-010  -1.0702166024371870E-010   4.8894947861752747E-011   1.6284190838841917E-010   2.8541583379461854E-010  -5.7533344903993921E-010   1.8271858056718684E-010   1.5687757017829269E-010   8.7896389044708057E-011 -0.11026399274899856       -1.6033587738829895E-011  -6.6958195021715836E-011 -0.11026399297979644        7.5534848293739749E-011  0.22052798572883572       -7.2033826594836510E-010   1.0610747362990752E-009  -4.4188219727685236E-010 -0.14745953259009548        2.6818554286629670E-010   1.4767581104595313E-010 -0.14745953237083276       -1.2550057304846402E-010  0.29491906496095183       -7.6473534341333971E-002   2.1945747161838971E-010   8.1997760315013823E-011  -7.6473534308070079E-002  -5.7536542697209416E-011  0.15294706864941662       -1.5790109038709626E-002   3.9715998172759175E-011   1.7310177266796103E-011  -1.5790109024276931E-002  -1.3095704857344103E-011   3.1580218062990863E-002
  -1.5817220641770308E-010  -6.0625281725175838E-011  -1.9486527666173545E-011   6.1327248643621271E-013  -1.6348670570159797E-010  -1.4199166918035008E-010  -4.4835076558128381E-011   4.0266727294124318E-011  -3.6354391567556992E-012   4.5534196511309612E-002  -1.1800257570995940E-011  -9.3776947773734289E-012  -2.2767098278181727E-002   1.5906211449580744E-011  -2.2767098233132423E-002   3.0545662585407769E-010   2.2835975594411507E-010   4.6727807119281755E-011   6.0894324178798975E-002   1.2437028490413802E-011   2.1615092126934493E-011  -3.0447162053393265E-002  -4.5859141125142629E-011  -3.0447162125409610E-002   3.1580218063932138E-002   9.0879138265590331E-013   1.1690748485786558E-011  -1.5790109025223160E-002  -3.3519428472040915E-011  -1.5790109038709626E-002   6.5206229948882822E-003   7.5264463885968395E-013   2.5082323522303458E-012  -3.2603114949465600E-003  -6.3086138556385170E-012  -3.2603114999426022E-003
   1.2080602903511410E-010  -1.3407591127303820E-010   7.3182894007411102E-012   5.3604447404445039E-011   3.2843765822713117E-010  -1.2293524411794899E-010   2.1917890274179532E-011   5.2524518893390346E-011   7.4492485956158361E-012  -2.4810030585831198E-012   4.5534196538351557E-002   3.1953830185433606E-011   1.4926713537841652E-011   8.1576346690251966E-012  -1.2445543595715533E-011  -3.8855396598391236E-010   2.6399395327365212E-010  -8.3391014108819732E-015   1.0732030984934883E-011   6.0894324141065236E-002  -6.8032014228123239E-011  -5.5337145732959299E-011  -1.8385101955120027E-011   4.4605249327239583E-011   1.7720280716337814E-012   3.1580218060827267E-002  -3.4066143870253427E-011  -4.1488024115388878E-011  -1.1393380829277578E-011   3.9715998172759175E-011   7.5264463885968395E-013   6.5206229928713487E-003  -7.4376654870571457E-012  -7.7989997971567081E-012  -2.1772086062642228E-012   7.0463903957676024E-012
   2.4220342630946383E-011  -1.1422382922983524E-012  -1.2874363705642588E-010   1.4439070626633152E-011   5.5764969604810155E-011   9.1180484204678744E-012  -1.0366244152921515E-010   6.7926328078009638E-012  -4.0614322448445658E-012  -8.9876547667280197E-012   3.1144431914489307E-011   4.5534196553892278E-002   2.2237433932210711E-011  -3.7737376250012498E-011  -1.3249642665911483E-011  -8.0465076678799774E-011   1.2519085939635643E-012   2.6486559323688485E-010   2.1640891288634871E-011  -6.8002320260806499E-011   6.0894324061278385E-002  -5.2807002858228537E-011   7.1629531656964636E-011   3.1166198559003847E-011   1.1680551263869394E-011  -3.4080150342377083E-011   3.1580217981971123E-002  -2.8990706327033508E-011   3.0358417026145780E-011   1.7310177266796103E-011   2.5082323522303458E-012  -7.4376654870571457E-012   6.5206229791315269E-003  -6.1579626048164801E-012   7.1576388019889799E-012   3.6497392541210701E-012
   7.7038923165261334E-011   1.1483386582704770E-010  -3.0061517087876270E-012  -4.3635494204228218E-011   7.6020174046265268E-011   2.9894690243399501E-010  -7.6251429844806422E-012  -9.1155587106703291E-011  -5.1540195007715269E-012  -2.2767098278628328E-002   2.3170240722191817E-011   2.2675465461107004E-011   4.5534196547625402E-002  -2.9734952470571754E-011  -2.2767098269000949E-002  -1.5345027173323112E-010  -4.5182474309351427E-010   4.6200724922331803E-011  -3.0447162053387353E-002  -5.7033377479914359E-011  -5.2812526368547912E-011   6.0894324118965310E-002   7.4136059772357145E-011  -3.0447162065578924E-002  -1.5790109025228847E-002  -4.0632358704803348E-011  -2.8987426142870295E-011   3.1580218049503825E-002   4.6625347001859923E-011  -1.5790109024276931E-002  -3.2603114949465600E-003  -7.7989997971567081E-012  -6.1579626048164801E-012   6.5206229903484372E-003   9.2657079714243621E-012  -3.2603114954018863E-003
   5.4813584934370544E-012   2.5542000489382501E-011   9.7744721634460553E-011  -3.1496368952260265E-011   1.7478155336610787E-011   7.2427096443213770E-011   2.6336962903781720E-010  -1.6594240461909347E-011  -5.9847085267566972E-012   1.6498883433934919E-011   9.0939066145717082E-012  -3.3191298951453414E-011  -3.0058819449140223E-011   4.5534196531477659E-002   1.3559880475347596E-011   5.1985346508054262E-013  -7.8451423757074599E-011  -3.9046989852918826E-010  -4.5867789471943041E-011  -1.8388914628716054E-011   7.0651519929845683E-011   7.4171741572808516E-011   6.0894324142580704E-002  -2.8303971794407969E-011  -3.3514384682345081E-011  -1.1392049381681800E-011   3.0850755050721789E-011   4.6610063672355148E-011   3.1580218051335221E-002  -1.3095704857344103E-011  -6.3086138556385170E-012  -2.1772086062642228E-012   7.1576388019889799E-012   9.2657079714243621E-012   6.5206229916696156E-003  -2.9570986538277258E-012
   8.1133423626871047E-011  -5.4206788354436598E-011   2.2491282033548993E-011   4.3020734918649464E-011   8.7466698480589251E-011  -1.5695309914142883E-010   5.2458558907199118E-011   5.0885933798169646E-011   8.7909391731543723E-012  -2.2767098232687428E-002  -1.1369737085371843E-011  -1.3297707823777433E-011  -2.2767098269443738E-002   1.3828709332231138E-011   4.5534196502139579E-002  -1.5200637325230329E-010   2.2346474241244413E-010  -9.2928341602249732E-011  -3.0447162125419841E-002   4.4596678059285936E-011   3.1197518306536470E-011  -3.0447162065572127E-002  -2.8276961024709618E-011   6.0894324190996836E-002  -1.5790109038707551E-002   3.9723737981207457E-011   1.7296721254226874E-011  -1.5790109024280709E-002  -1.3105940507557897E-011   3.1580218062990863E-002  -3.2603114999426022E-003   7.0463903957676024E-012   3.6497392541210701E-012  -3.2603114954018863E-003  -2.9570986538277258E-012   6.5206229953453775E-003
