   8.0011044987908605E-033   2.1214130372614890E-032  -2.6229597991782430E-032   6.9396551053211790E-017  -1.5642713657969559E-032  -7.2766144453304797E-033   1.8502935974248481E-032   2.6083508681733456E-017  -4.5983172562623496E-033   1.7031564225630101E-033  -1.6619033747286712E-032  -9.9709058046891178E-018  -3.3949903352501088E-035   5.0728010813908340E-034   4.1179135337432042E-035  -7.2117227910756564E-019
   2.1214130372614890E-032   5.6247150319598027E-032  -6.9545162358901825E-032   1.8399803198110203E-016  -4.1475094716210611E-032  -1.9293217272418047E-032   4.9058688846417663E-032   6.9157821127464001E-017  -1.2191979467801736E-032   4.5157493441896982E-033  -4.4063710033421767E-032  -2.6436862023949742E-017  -9.0014781829992820E-035   1.3450025994689845E-033   1.0918236923562901E-034  -1.9121163524880505E-018
  -2.6229597991782430E-032  -6.9545162358901825E-032   8.5987104769658655E-032  -2.2749904546516408E-016   5.1280681412311440E-032   2.3854540541378861E-032  -6.0657197058927285E-032  -8.5508187905860593E-017   1.5074420423913284E-032  -5.5833676822620113E-033   5.4481299959158318E-032   3.2687093501959477E-017   1.1129617378832417E-034  -1.6629895669687679E-033  -1.3499538291410549E-034   2.3641809660988164E-018
   6.9396551053211790E-017   1.8399803198110203E-016  -2.2749904546516408E-016  0.60190206224763265       -1.3567506550378237E-016  -6.3112779732626563E-017   1.6048283598411818E-016  0.22623195861925746       -3.9882913450424111E-017   1.4772108231789876E-017  -1.4414305225896262E-016  -8.6481369394243279E-002  -2.9446012130068933E-019   4.3998287896468168E-018   3.5716193535568482E-019  -6.2549950313500399E-003
  -1.5642713657969559E-032  -4.1475094716210611E-032   5.1280681412311440E-032  -1.3567506550378237E-016   3.0582589019079299E-032   1.4226285406589957E-032  -3.6174521820162834E-032  -5.0995066689252664E-017   8.9900288340293958E-033  -3.3297888106462238E-033   3.2491362438801473E-032   1.9493811690237160E-017   6.6374413299960167E-035  -9.9176775871414994E-034  -8.0508062713537932E-035   1.4099417726452350E-018
  -7.2766144453304797E-033  -1.9293217272418047E-032   2.3854540541378861E-032  -6.3112779732626563E-017   1.4226285406589957E-032   6.6177260644444719E-033  -1.6827518152223646E-032  -2.3721679436518726E-017   4.1819453521932607E-033  -1.5489377284039050E-033   1.5114200927036561E-032   9.0680526947741898E-018   3.0875781861081330E-035  -4.6134652575422481E-034  -3.7450415887938915E-035   6.5587102687123461E-019
   1.8502935974248481E-032   4.9058688846417663E-032  -6.0657197058927285E-032   1.6048283598411818E-016  -3.6174521820162834E-032  -1.6827518152223646E-032   4.2788922419258037E-032   6.0319358557909477E-017  -1.0633828091454371E-032   3.9386305035230848E-033  -3.8432308617690328E-032  -2.3058195495047696E-017  -7.8510771626365077E-035   1.1731094579911758E-033   9.5228715577775914E-035  -1.6677453105064030E-018
   2.6083508681733456E-017   6.9157821127464001E-017  -8.5508187905860593E-017  0.22623195861925746       -5.0995066689252664E-017  -2.3721679436518726E-017   6.0319358557909477E-017   8.5031938434609863E-002  -1.4990461391075359E-017   5.5522703572970250E-018  -5.4177858956208207E-017  -3.2505038293232917E-002  -1.1067629462567284E-019   1.6537273206113047E-018   1.3424350778601936E-019  -2.3510133389671880E-003
  -4.5983172562623496E-033  -1.2191979467801736E-032   1.5074420423913284E-032  -3.9882913450424111E-017   8.9900288340293958E-033   4.1819453521932607E-033  -1.0633828091454371E-032  -1.4990461391075359E-017   2.6427003412385745E-033  -9.7882155759483839E-034   9.5511300563695265E-033   5.7303823777326279E-018   1.9511359520155834E-035  -2.9153910880267709E-034  -2.3666073683788538E-035   4.1446514493836604E-019
   1.7031564225630101E-033   4.5157493441896982E-033  -5.5833676822620113E-033   1.4772108231789876E-017  -3.3297888106462238E-033  -1.5489377284039050E-033   3.9386305035230848E-033   5.5522703572970250E-018  -9.7882155759483839E-034   3.6254267147191930E-034  -3.5376133467273471E-033  -2.1224585008973970E-018  -7.2267517502044670E-036   1.0798226349200959E-034   8.7656034033973209E-036  -1.5351245557686092E-019
  -1.6619033747286712E-032  -4.4063710033421767E-032   5.4481299959158318E-032  -1.4414305225896262E-016   3.2491362438801473E-032   1.5114200927036561E-032  -3.8432308617690328E-032  -5.4177858956208207E-017   9.5511300563695265E-033  -3.5376133467273471E-033   3.4519269525250324E-032   2.0710493168060397E-017   7.0517087936747083E-035  -1.0536676827261424E-033  -8.5532871113018339E-035   1.4979414961906228E-018
  -9.9709058046891178E-018  -2.6436862023949742E-017   3.2687093501959477E-017  -8.6481369394243279E-002   1.9493811690237160E-017   9.0680526947741898E-018  -2.3058195495047696E-017  -3.2505038293232917E-002   5.7303823777326279E-018  -2.1224585008973970E-018   2.0710493168060397E-017   1.2425654805659330E-002   4.2308069899255034E-020  -6.3216799325789196E-019  -5.1317074990100356E-020   8.9871852880076528E-004
  -3.3949903352501088E-035  -9.0014781829992820E-035   1.1129617378832417E-034  -2.9446012130068933E-019   6.6374413299960167E-035   3.0875781861081330E-035  -7.8510771626365077E-035  -1.1067629462567284E-019   1.9511359520155834E-035  -7.2267517502044670E-036   7.0517087936747083E-035   4.2308069899255034E-020   1.4405460368857157E-037  -2.1524666558936721E-036  -1.7472933456332836E-037   3.0600436702088833E-021
   5.0728010813908340E-034   1.3450025994689845E-033  -1.6629895669687679E-033   4.3998287896468168E-018  -9.9176775871414994E-034  -4.6134652575422481E-034   1.1731094579911758E-033   1.6537273206113047E-018  -2.9153910880267709E-034   1.0798226349200959E-034  -1.0536676827261424E-033  -6.3216799325789196E-019  -2.1524666558936721E-036   3.2162198125582370E-035   2.6108090739476415E-036  -4.5723231309862388E-020
   4.1179135337432042E-035   1.0918236923562901E-034  -1.3499538291410549E-034   3.5716193535568482E-019  -8.0508062713537932E-035  -3.7450415887938915E-035   9.5228715577775914E-035   1.3424350778601936E-019  -2.3666073683788538E-035   8.7656034033973209E-036  -8.5532871113018339E-035  -5.1317074990100356E-020  -1.7472933456332836E-037   2.6108090739476415E-036   2.1193588802580995E-037  -3.7116439220938375E-021
  -7.2117227910756564E-019  -1.9121163524880505E-018   2.3641809660988164E-018  -6.2549950313500399E-003   1.4099417726452350E-018   6.5587102687123461E-019  -1.6677453105064030E-018  -2.3510133389671880E-003   4.1446514493836604E-019  -1.5351245557686092E-019   1.4979414961906228E-018   8.9871852880076528E-004   3.0600436702088833E-021  -4.5723231309862388E-020  -3.7116439220938375E-021   6.5002207661679368E-005
