   4.7861947936369505E-002  -3.4040195577043451E-016   2.5259645304947973E-016   9.7157224189554807E-016  0.12967983400162220       -2.3135811472927297E-016   4.2777911549822284E-016   1.3335311114277623E-015  0.16351013352639013       -1.7077589471110914E-016   2.0208706661909922E-016   7.0450797389817387E-016  -4.1909721753618893E-002  -3.3294060640488159E-017   5.3843840529282424E-017   1.6357813558734661E-016
  -3.4040195577043451E-016  0.32164266782989592       -1.3412936126361297E-016   2.6203811256259035E-016   4.7609521782959172E-017  0.40890703877727236        1.6845791254993525E-017  -2.6209909893479266E-016  -4.4496480845155080E-016  0.22474063922078646       -6.6505638886618645E-017  -5.1228552649940085E-018   9.2738011230362927E-017   5.1282394520130850E-002  -2.9392043269724222E-019  -1.4000607585166330E-017
   2.5259645304947973E-016  -1.3412936126361297E-016  0.32164266782989342       -4.8255467005077490E-016  -5.4592957421397520E-016   2.1146685747971961E-016  0.40890703877727119       -1.7665210928167335E-016   3.2279617034535401E-017   1.3111392397138766E-016  0.22474063922078505       -1.6298438564477796E-016   2.5942320312464591E-017   2.1872931796947798E-017   5.1282394520130697E-002  -2.9183673164699664E-017
   9.7157224189554807E-016   2.6203811256259035E-016  -4.8255467005077490E-016  0.32164266782989520       -1.3774121933009356E-015   2.8004942115300580E-016  -1.3513563640495108E-017  0.40890703877727225        2.0330617926340874E-016   3.0134044131518989E-017   1.8349274736369908E-017  0.22474063922078566        2.7890173943503452E-017   3.8562868989646532E-017  -7.2872362034655594E-018   5.1282394520130788E-002
  0.12967983400162220        4.7609521782959172E-017  -5.4592957421397520E-016  -1.3774121933009356E-015  0.35136178262208667        6.0620473646305753E-016  -4.0507839755747927E-016  -1.4846052230996013E-015  0.44302348499219379        2.1499573843424387E-016  -3.1211861797473815E-016  -8.9295599717032985E-016 -0.11355254005308932        6.4433293245789672E-017  -5.0274874296418883E-017  -1.9611794189766219E-016
  -2.3135811472927297E-016  0.40890703877727236        2.1146685747971961E-016   2.8004942115300580E-016   6.0620473646305753E-016  0.51984697020989079        5.0702036969926811E-016  -4.0070757042348637E-016   1.2234497823168291E-016  0.28571467180244986        1.8234247662132774E-016  -4.3612032388229416E-017  -5.8452841439119196E-017   6.5195741056732509E-002   6.0528974410792302E-017  -2.6263950595514091E-017
   4.2777911549822284E-016   1.6845791254993525E-017  0.40890703877727119       -1.3513563640495108E-017  -4.0507839755747927E-016   5.0702036969926811E-016  0.51984697020989190        5.3815052457675816E-016   4.0538812066403585E-016   2.9759994382011490E-016  0.28571467180244947        2.1200726450006785E-016  -6.0407034501617508E-017   5.7677861510334327E-017   6.5195741056732648E-002   5.8553481819558460E-017
   1.3335311114277623E-015  -2.6209909893479266E-016  -1.7665210928167335E-016  0.40890703877727225       -1.4846052230996013E-015  -4.0070757042348637E-016   5.3815052457675816E-016  0.51984697020989168        5.9450147074652188E-016  -3.7760051162238906E-016   3.2854713958099802E-016  0.28571467180244942       -5.0673432727983616E-017  -4.5878692555081924E-017   6.0381802436206868E-017   6.5195741056732565E-002
  0.16351013352639013       -4.4496480845155080E-016   3.2279617034535401E-017   2.0330617926340874E-016  0.44302348499219379        1.2234497823168291E-016   4.0538812066403585E-016   5.9450147074652188E-016  0.55859748544630417       -8.1770763142828090E-017   1.0998061387934744E-016   2.2966135059146643E-016 -0.14317562271177134        7.2653371160159256E-019   5.1506007542100319E-017   6.2039614792683473E-017
  -1.7077589471110914E-016  0.22474063922078646        1.3111392397138766E-016   3.0134044131518989E-017   2.1499573843424387E-016  0.28571467180244986        2.9759994382011490E-016  -3.7760051162238906E-016  -8.1770763142828090E-017  0.15703250833648591        1.1062589104320064E-016  -1.1045987258553880E-016   6.0675193544278317E-018   3.5832429207812710E-002   3.5642299387513704E-017  -3.4170156125185730E-017
   2.0208706661909922E-016  -6.6505638886618645E-017  0.22474063922078505        1.8349274736369908E-017  -3.1211861797473815E-016   1.8234247662132774E-016  0.28571467180244947        3.2854713958099802E-016   1.0998061387934744E-016   1.1062589104320064E-016  0.15703250833648516        1.3453170191355876E-016  -4.2817629752842176E-018   1.9621518223145867E-017   3.5832429207812655E-002   3.6291973658057752E-017
   7.0450797389817387E-016  -5.1228552649940085E-018  -1.6298438564477796E-016  0.22474063922078566       -8.9295599717032985E-016  -4.3612032388229416E-017   2.1200726450006785E-016  0.28571467180244942        2.2966135059146643E-016  -1.1045987258553880E-016   1.3453170191355876E-016  0.15703250833648516       -2.9668137200150096E-018  -3.0649887196396858E-018   2.2680365953917959E-017   3.5832429207812620E-002
  -4.1909721753618893E-002   9.2738011230362927E-017   2.5942320312464591E-017   2.7890173943503452E-017 -0.11355254005308932       -5.8452841439119196E-017  -6.0407034501617508E-017  -5.0673432727983616E-017 -0.14317562271177134        6.0675193544278317E-018  -4.2817629752842176E-018  -2.9668137200150096E-018   3.6697728638225333E-002  -3.5842026666358061E-018  -7.7462780958833638E-018  -3.1463978385829032E-018
  -3.3294060640488159E-017   5.1282394520130850E-002   2.1872931796947798E-017   3.8562868989646532E-017   6.4433293245789672E-017   6.5195741056732509E-002   5.7677861510334327E-017  -4.5878692555081924E-017   7.2653371160159256E-019   3.5832429207812710E-002   1.9621518223145867E-017  -3.0649887196396858E-018  -3.5842026666358061E-018   8.1764151673719733E-003   6.8502730818007472E-018  -2.7452337820511874E-018
   5.3843840529282424E-017  -2.9392043269724222E-019   5.1282394520130697E-002  -7.2872362034655594E-018  -5.0274874296418883E-017   6.0528974410792302E-017   6.5195741056732648E-002   6.0381802436206868E-017   5.1506007542100319E-017   3.5642299387513704E-017   3.5832429207812655E-002   2.2680365953917959E-017  -7.7462780958833638E-018   6.8502730818007472E-018   8.1764151673719872E-003   6.4519558383544125E-018
   1.6357813558734661E-016  -1.4000607585166330E-017  -2.9183673164699664E-017   5.1282394520130788E-002  -1.9611794189766219E-016  -2.6263950595514091E-017   5.8553481819558460E-017   6.5195741056732565E-002   6.2039614792683473E-017  -3.4170156125185730E-017   3.6291973658057752E-017   3.5832429207812620E-002  -3.1463978385829032E-018  -2.7452337820511874E-018   6.4519558383544125E-018   8.1764151673719716E-003
