  0.44227920328362391       -4.8305731199909127E-017  -1.1480243625683722E-016  -8.6328176989507571E-017  0.67576765013107676       -1.9370776010929663E-016   1.0348361879105647E-016  -2.0492659720033083E-017 -0.27002518344171578       -1.5624298672402358E-018  -2.7228438580297658E-017   1.1518768793672311E-017   3.4739435280390787E-018   4.2520198617803709E-018  -2.8161178225745494E-018  -1.1400126630784465E-003
  -4.8305731199909127E-017  0.43200513201424229        1.5809022927554244E-016   4.1589995336543940E-016   7.7975154929980875E-016  0.29054065051835920        1.1998052291267713E-016   2.4581573755677594E-016  -2.4368817088513586E-016  -1.1529286584647453E-002  -5.3899882807343496E-018  -1.0055551633329417E-017  -5.6460320547081074E-003  -2.7081760906088079E-018  -7.1773336785593155E-018   1.5196264019769266E-018
  -1.1480243625683722E-016   1.5809022927554244E-016  0.43200513201424001        8.1759008200774172E-017  -4.6868483528367820E-016   2.7921932886469658E-016  0.29054065051835998       -1.2262326570811050E-016   1.6649735672773789E-016  -1.1384228690216197E-017  -1.1529286584647516E-002   7.8072085539612853E-018  -3.0500597639443283E-018  -5.6460320547080927E-003  -2.3123470064450358E-018  -7.5310978660619082E-019
  -8.6328176989507571E-017   4.1589995336543940E-016   8.1759008200774172E-017  0.43200513201424218       -3.0337900978682276E-016   1.8179359927150693E-016   1.3150694725891365E-016  0.29054065051835942        1.0861721480463490E-016  -3.0491068518786670E-017  -1.8572679676208221E-017  -1.1529286584647433E-002   1.0253333826513309E-018   2.6595775752600940E-018  -5.6460320547081161E-003  -3.1762684241907435E-019
  0.67576765013107676        7.7975154929980875E-016  -4.6868483528367820E-016  -3.0337900978682276E-016   1.0325195342066087        2.7808219347640221E-016  -3.9124858453468100E-017  -1.4663585717443282E-016 -0.41257712851039136       -2.5166917712417175E-017  -3.3776001873366234E-017   2.2176103213890976E-017  -5.8475602489799229E-018   1.0329678005596752E-017  -2.0617182098984318E-018  -1.7418492045943262E-003
  -1.9370776010929663E-016  0.29054065051835920        2.7921932886469658E-016   1.8179359927150693E-016   2.7808219347640221E-016  0.19540015464642302        1.9697242968630402E-016   9.9468773061966985E-017  -6.5460039891305913E-017  -7.7539042388173043E-003  -8.2391953570609877E-018  -4.1496144085988158E-018  -3.7971813398927890E-003  -4.0810047398712183E-018  -3.5473739831010098E-018   1.4375682632347085E-018
   1.0348361879105647E-016   1.1998052291267713E-016  0.29054065051835998        1.3150694725891365E-016  -3.9124858453468100E-017   1.9697242968630402E-016  0.19540015464642513       -3.1006488067190924E-017   1.6575204299613072E-018  -8.0209784940245971E-018  -7.7539042388174093E-003   3.2084549250808833E-018  -2.2298142336469456E-018  -3.7971813398928094E-003  -2.5552337040702072E-018  -9.7224760993319310E-019
  -2.0492659720033083E-017   2.4581573755677594E-016  -1.2262326570811050E-016  0.29054065051835942       -1.4663585717443282E-016   9.9468773061966985E-017  -3.1006488067190924E-017  0.19540015464642338        5.0113901345253589E-017  -1.9601612948885388E-017  -7.7507749838504706E-018  -7.7539042388173000E-003   1.1328006878342201E-018   4.1099626787554747E-018  -3.7971813398927990E-003  -3.1044751868197924E-019
 -0.27002518344171578       -2.4368817088513586E-016   1.6649735672773789E-016   1.0861721480463490E-016 -0.41257712851039136       -6.5460039891305913E-017   1.6575204299613072E-018   5.0113901345253589E-017  0.16485875698291508        8.2445063252321915E-018   1.4050914333898363E-017  -8.5247149865638924E-018   1.4493424966476201E-018  -3.8559670039997090E-018   9.8860378668484701E-019   6.9601312064458622E-004
  -1.5624298672402358E-018  -1.1529286584647453E-002  -1.1384228690216197E-017  -3.0491068518786670E-017  -2.5166917712417175E-017  -7.7539042388173043E-003  -8.0209784940245971E-018  -1.9601612948885388E-017   8.2445063252321915E-018   3.0769182887056416E-004   3.3506770508808060E-019   7.8587452148457940E-019   1.5068043595067672E-004   1.6591754162711125E-019   4.4497684743922592E-019  -3.3205296861456653E-020
  -2.7228438580297658E-017  -5.3899882807343496E-018  -1.1529286584647516E-002  -1.8572679676208221E-017  -3.3776001873366234E-017  -8.2391953570609877E-018  -7.7539042388174093E-003  -7.7507749838504706E-018   1.4050914333898363E-017   3.3506770508808060E-019   3.0769182887056915E-004   2.2907443575675944E-019   9.6700722329899207E-020   1.5068043595067794E-004   2.7592760001298886E-019   9.8179803771072066E-020
   1.1518768793672311E-017  -1.0055551633329417E-017   7.8072085539612853E-018  -1.1529286584647433E-002   2.2176103213890976E-017  -4.1496144085988158E-018   3.2084549250808833E-018  -7.7539042388173000E-003  -8.5247149865638924E-018   7.8587452148457940E-019   2.2907443575675944E-019   3.0769182887056324E-004  -4.1014923492829354E-020  -2.0153180290058181E-019   1.5068043595067675E-004  -1.5275306198261569E-020
   3.4739435280390787E-018  -5.6460320547081074E-003  -3.0500597639443283E-018   1.0253333826513309E-018  -5.8475602489799229E-018  -3.7971813398927890E-003  -2.2298142336469456E-018   1.1328006878342201E-018   1.4493424966476201E-018   1.5068043595067672E-004   9.6700722329899207E-020  -4.1014923492829354E-020   7.3790044609332365E-005   4.8253581033280857E-020   9.3603758116500657E-021  -2.7187642855593257E-020
   4.2520198617803709E-018  -2.7081760906088079E-018  -5.6460320547080927E-003   2.6595775752600940E-018   1.0329678005596752E-017  -4.0810047398712183E-018  -3.7971813398928094E-003   4.1099626787554747E-018  -3.8559670039997090E-018   1.6591754162711125E-019   1.5068043595067794E-004  -2.0153180290058181E-019   4.8253581033280857E-020   7.3790044609332365E-005  -1.8503616712504977E-020   2.7501152436609935E-021
  -2.8161178225745494E-018  -7.1773336785593155E-018  -2.3123470064450358E-018  -5.6460320547081161E-003  -2.0617182098984318E-018  -3.5473739831010098E-018  -2.5552337040702072E-018  -3.7971813398927990E-003   9.8860378668484701E-019   4.4497684743922592E-019   2.7592760001298886E-019   1.5068043595067675E-004   9.3603758116500657E-021  -1.8503616712504977E-020   7.3790044609332609E-005   1.4318138853444823E-020
  -1.1400126630784465E-003   1.5196264019769266E-018  -7.5310978660619082E-019  -3.1762684241907435E-019  -1.7418492045943262E-003   1.4375682632347085E-018  -9.7224760993319310E-019  -3.1044751868197924E-019   6.9601312064458622E-004  -3.3205296861456653E-020   9.8179803771072066E-020  -1.5275306198261569E-020  -2.7187642855593257E-020   2.7501152436609935E-021   1.4318138853444823E-020   2.9384806301773769E-006
