  0.29822601278104971       -6.4238978719752294E-018  -3.1404408043361976E-016   5.7732957152091227E-017  -7.1802684837039543E-018  -7.2060513578870259E-017  -4.8469556089255584E-017   3.1145911436922694E-017  -8.1210312223859928E-017  -1.4049136075916780E-015  0.19840073523717150        3.7935782264363052E-017   7.0609416460209352E-017  -7.3904698469351031E-017   2.2512384585069509E-017   1.5249994118519712E-016   1.7233318571147296E-016   5.4854896935257239E-017  -8.6342283866243877E-017  -2.2957970219958947E-015  -3.0244562028951374E-016   3.3259887681684471E-017   3.8208129426095596E-016   6.0671044244516507E-016   2.1506304599726290E-016  -3.0525767860107956E-016   1.7659726302945385E-015  -3.4768522057020794E-002   2.0391965274752313E-017   1.1102000731204057E-017  -3.8604961910490645E-016   3.5357665716750931E-017   5.0350554623301275E-016   7.6737627077264463E-016   2.7419439181266660E-016  -4.0405969711554544E-016
  -6.4238978719752294E-018  0.29822601278104810        1.0065221926141398E-017  -1.7263720767020969E-017  -2.5871918036239465E-017  -1.0371572018960307E-016  -8.6531854929265317E-017   4.3769011270766054E-017  -1.0726080143108260E-016  -6.7022405169558111E-016   1.9522245961727515E-016  0.19840073523716989        1.5101326900128048E-017  -6.9001327484711927E-018  -8.0710639453873017E-017  -6.4707567464019871E-017   3.7189537747632094E-017   2.6517078919990163E-017   1.2514574164602049E-017  -1.6618666228243628E-015  -3.9764705218598258E-017  -4.4098304791127358E-016  -4.3435484082272568E-016   9.5748751952508646E-017   1.2803979238223139E-016  -3.8915521831121546E-017   1.2234965286077839E-015  -1.7790232991181765E-017  -3.4768522057020551E-002   2.0651722045161372E-019  -9.2583296935848678E-017  -5.4986888297362746E-016  -5.2705396453573350E-016   7.4297667764485015E-017   1.5684818350894041E-016  -8.9947014947006230E-017
  -3.1404408043361976E-016   1.0065221926141398E-017  0.29822601278104921        5.2517520094219809E-019  -1.7546619445999068E-018   2.5838803228479872E-019   6.1916278305897437E-017  -5.0941990304376911E-018   5.7763751130296746E-017   1.0128023843459240E-015  -2.3871371812153084E-016   4.5693615856109250E-017  0.19840073523717150        2.3045455883473440E-016  -2.3446899902929878E-017   1.8204779898761106E-016   3.6936460301509029E-016  -6.5526236959235949E-017   5.8258547241201784E-016   4.9283708758090564E-016  -3.9356774831093177E-016  -2.1283074263352855E-016   7.7839529941624889E-016   3.6579556362307825E-016  -2.5959226967206010E-016   1.2032786562154131E-015  -4.8482272170580754E-016   6.2367472933423221E-017  -3.7585851778029685E-018  -3.4768522057020718E-002  -1.1242102654070843E-015  -2.6698491263801743E-016   9.7295317082567289E-016  -1.6228470484921985E-016  -3.2457418496479802E-016   8.9245738242881870E-016
   5.7732957152091227E-017  -1.7263720767020969E-017   5.2517520094219809E-019   2.5710511548476531E-005  -9.4567281616945070E-018  -8.9145635376401118E-018  -1.2855255774238936E-005  -3.5287460825013679E-018  -1.2855255774232624E-005  -2.7969980176706155E-015   3.8406615121166154E-017  -1.4112006028372695E-017   1.0915622842868713E-017   8.2401627473558997E-004  -5.8477581380913570E-017  -5.8475175112509706E-017  -4.1200813736789121E-004   8.1290200279887663E-017  -4.1200813736773123E-004  -4.8877260503754467E-015   3.2402274980856825E-003  -2.3752177622572082E-016  -2.5792039092967887E-016  -1.6201137490431370E-003   3.1332577223038300E-016  -1.6201137490424492E-003   3.6935860100570189E-015  -5.3664506841393093E-018   2.6288225445580467E-018  -7.7960132275054143E-019   4.0982480678731564E-003  -3.0148811621559140E-016  -3.1919837076769314E-016  -2.0491240339370145E-003   3.9779536527170940E-016  -2.0491240339361554E-003
  -7.1802684837039543E-018  -2.5871918036239465E-017  -1.7546619445999068E-018  -9.4567281616945070E-018   2.5710511548462813E-005  -6.0948574184218112E-018   6.4357861117408661E-018   7.4055443309614171E-018   1.0114939478998703E-017  -1.7906917432248927E-016  -8.8379946214626167E-018  -1.1628762030127301E-017  -7.1170485496967396E-018  -2.2467803697548302E-016   8.2401627473542994E-004   1.0073787987986017E-016   1.2300846717576969E-016   1.1710743347770488E-016   1.2997334116835273E-016  -2.9739338444316529E-016  -9.5482271721845900E-016   3.2402274980847510E-003   3.9112180443852845E-016   4.5048134398652449E-016   4.6016015124677577E-016   5.0798212267132376E-016   2.2773501275589034E-016   1.5522857338711618E-018   2.3470064626500383E-018   4.5080644627657752E-019  -1.2058532958330741E-015   4.0982480678720462E-003   5.0152058477274653E-016   5.6677960291924307E-016   5.8364437300621111E-016   6.3709667831026896E-016
  -7.2060513578870259E-017  -1.0371572018960307E-016   2.5838803228479872E-019  -8.9145635376401118E-018  -6.0948574184218112E-018   2.5710511548478168E-005   5.6206384955737670E-019  -2.3585634484247609E-018   1.1346106417327267E-017  -3.7803083951732175E-016  -5.4654294339747693E-017  -6.1096018289531781E-017  -1.5756478944976459E-017  -2.1538970363209292E-016  -3.0666186624931117E-016   8.2401627473567475E-004  -1.2320227890199468E-016  -2.2712559161614028E-016   3.4536186854963427E-016  -5.9265233565228645E-016  -8.6449844568059214E-016  -1.1618819229518612E-015   3.2402274980857155E-003  -4.6174804685528421E-016  -8.7333993771144649E-016   1.3296055638156635E-015   4.5466981975634836E-016   8.7278594248041424E-018   1.0992425477265697E-017   3.4125230769463660E-018  -1.1010148235764388E-015  -1.4708565398717563E-015   4.0982480678732778E-003  -5.7474367138712392E-016  -1.1043965496787900E-015   1.6802393521940943E-015
  -4.8469556089255584E-017  -8.6531854929265317E-017   6.1916278305897437E-017  -1.2855255774238936E-005   6.4357861117408661E-018   5.6206384955737670E-019   2.5710511548486014E-005  -3.9931618811307585E-018  -1.2855255774262929E-005  -2.9512923909155534E-015  -3.9504141230389055E-017  -5.7630215699760271E-017   4.1489916550168921E-017  -4.1200813736774750E-004   9.3237985467072702E-017   1.2859123486133791E-016   8.2401627473577255E-004  -1.6787030991255671E-016  -4.1200813736806810E-004  -4.9771038146560445E-015  -1.6201137490426006E-003   3.6223819269539121E-016   5.3582848963098975E-016   3.2402274980861939E-003  -6.6607293428200795E-016  -1.6201137490436427E-003   3.7918802686641480E-015   5.3446802468005448E-018   9.9957853556832274E-018  -6.5339173868130574E-018  -2.0491240339362486E-003   4.5596598819910335E-016   6.7740967618763153E-016   4.0982480678739327E-003  -8.4225176390440316E-016  -2.0491240339376503E-003
   3.1145911436922694E-017   4.3769011270766054E-017  -5.0941990304376911E-018  -3.5287460825013679E-018   7.4055443309614171E-018  -2.3585634484247609E-018  -3.9931618811307585E-018   2.5710511548458913E-005   8.8467074046026882E-018  -2.2985081697405698E-017   1.8226681769835352E-017   2.7362262507976664E-017  -1.8984485311855136E-019  -1.9127615462271367E-016   1.2217629700975627E-016   1.4804825002170396E-016   4.4403227335414830E-017   8.2401627473537421E-004   1.5290951107233967E-016  -4.8557263182401945E-017  -7.5943706810122039E-016   4.7390408137914434E-016   5.7597001627607074E-016   1.5805295982586463E-016   3.2402274980845038E-003   6.0321271344213835E-016   3.5636303676070161E-017  -4.3448165985281129E-018  -4.7998963574017183E-018   6.6880010943124185E-019  -9.6046998844820549E-016   5.9223744284676708E-016   7.3456640067715700E-016   1.9920944370000263E-016   4.0982480678717409E-003   7.5858693157230867E-016
  -8.1210312223859928E-017  -1.0726080143108260E-016   5.7763751130296746E-017  -1.2855255774232624E-005   1.0114939478998703E-017   1.1346106417327267E-017  -1.2855255774262929E-005   8.8467074046026882E-018   2.5710511548506431E-005  -3.4997132278081429E-015  -4.6766575145018797E-017  -6.8667194633906961E-017   2.7563343123126927E-017  -4.1200813736768320E-004   1.9260064118261626E-016   2.5828390372168359E-017  -4.1200813736838929E-004   1.2903961969290122E-016   8.2401627473614801E-004  -5.6598001001728333E-015  -1.6201137490424555E-003   7.6932122129418284E-016   9.9368187899492888E-017  -1.6201137490450541E-003   5.1970807621619265E-016   3.2402274980874628E-003   4.3434467594269247E-015   8.4096630437265727E-018   1.1981288262194496E-017  -6.7005415322752722E-018  -2.0491240339361150E-003   9.7630314519730706E-016   1.1896884793631246E-016  -2.0491240339394444E-003   6.5562912392148498E-016   4.0982480678755399E-003
  -1.4049136075916780E-015  -6.7022405169558111E-016   1.0128023843459240E-015  -2.7969980176706155E-015  -1.7906917432248927E-016  -3.7803083951732175E-016  -2.9512923909155534E-015  -2.2985081697405698E-017  -3.4997132278081429E-015  0.74918434676555590        2.0849778496115698E-015   2.7978818731228965E-016  -2.3025281548068946E-015  -3.1113302596296372E-014  -2.2250359078384509E-016   9.4790352058605336E-017  -2.4128837674146556E-014  -2.5705852071966314E-017  -1.3411463063791338E-014   1.2576562701042937       -2.2784056657299300E-014  -2.2410569647753970E-015  -2.1483029203500465E-015  -2.7843925926141315E-014  -1.4875802398218095E-016  -4.7919496588840750E-014 -0.95826481431691735       -3.8709683703172260E-016   6.7701387912967715E-017   4.5241369414640558E-016   1.0492907913452022E-014  -2.4423105606965172E-015  -1.9673129569653281E-015   8.4212050089018010E-015   1.0236954925496794E-017  -1.3365514789645029E-014
  0.19840073523717150        1.9522245961727515E-016  -2.3871371812153084E-016   3.8406615121166154E-017  -8.8379946214626167E-018  -5.4654294339747693E-017  -3.9504141230389055E-017   1.8226681769835352E-017  -4.6766575145018797E-017   2.0849778496115698E-015  0.13199000105852426        1.5795639806987582E-016   2.7156615236983325E-017  -4.9210561146413208E-017  -1.1518310542760914E-016  -1.1374840902291638E-016  -1.1799533130119451E-016  -4.3430838310264323E-017   1.7524647755137179E-016   3.5417211681440439E-015  -2.0138094367998392E-016  -4.8969286415661121E-016  -5.9203821516540222E-016  -5.1118288662002273E-016  -1.7120574978415425E-016   7.1190331297276275E-016  -2.6874853153385648E-015  -2.3130444842473070E-002  -9.6920333267991205E-018   1.0858652880387910E-017  -2.5704597148904225E-016  -6.2382843750645131E-016  -7.3534097974454530E-016  -6.4654054330470345E-016  -2.1508978834613504E-016   8.8846290807358738E-016
   3.7935782264363052E-017  0.19840073523716989        4.5693615856109250E-017  -1.4112006028372695E-017  -1.1628762030127301E-017  -6.1096018289531781E-017  -5.7630215699760271E-017   2.7362262507976664E-017  -6.8667194633906961E-017   2.7978818731228965E-016   1.5795639806987582E-016  0.13199000105852282        3.5990324049711915E-017  -8.8784436439023411E-017   1.2524091754507571E-016   2.1023853895257978E-016   2.2715750568677473E-017  -3.8636331310479056E-017   9.4544876991161335E-017   1.1258974508768533E-016  -3.5752498722064846E-016   4.1024323603841961E-016   7.0701958512961495E-016   5.5734695774539802E-017  -1.3611486030704877E-016   3.1314546418411745E-016  -1.1423033491575951E-016  -1.6756323399939928E-017  -2.3130444842472848E-002  -4.4091197161832331E-018  -4.8033197785255742E-016   5.2412408710777587E-016   9.0908844615084889E-016   3.9355038314774216E-017  -1.7554922175674100E-016   3.6897303897424930E-016
   7.0609416460209352E-017   1.5101326900128048E-017  0.19840073523717150        1.0915622842868713E-017  -7.1170485496967396E-018  -1.5756478944976459E-017   4.1489916550168921E-017  -1.8984485311855136E-019   2.7563343123126927E-017  -2.3025281548068946E-015   2.7156615236983325E-017   3.5990324049711915E-017  0.13199000105852451        4.9196011132884181E-016  -2.0628590109815711E-016  -3.8939010276460528E-016   2.5530649487614178E-016   5.8940125960046610E-017   3.9351390655298086E-017  -4.6684722657207920E-015   1.0698064249868589E-015  -8.9141790250567840E-016  -1.4895681952712863E-015   2.8102122344628885E-016   2.3048421261499194E-016  -5.6879879034532397E-016   3.4843994530737512E-015   8.9018669787077948E-018  -3.4803966174484694E-018  -2.3130444842473067E-002   9.3635248914876787E-016  -1.1260014279808432E-015  -1.8917023318241950E-015  -6.0319868658800714E-017   2.9401763032025719E-016  -1.1381738951797019E-015
  -7.3904698469351031E-017  -6.9001327484711927E-018   2.3045455883473440E-016   8.2401627473558997E-004  -2.2467803697548302E-016  -2.1538970363209292E-016  -4.1200813736774750E-004  -1.9127615462271367E-016  -4.1200813736768320E-004  -3.1113302596296372E-014  -4.9210561146413208E-017  -8.8784436439023411E-017   4.9196011132884181E-016   2.6409541472905990E-002   6.3876665670532029E-016   3.7962740852561151E-016  -1.3204770736453866E-002   9.9661896573946142E-017  -1.3204770736453162E-002  -5.8396414957452558E-014  0.10384858299043044        2.2690349295992338E-015   5.9596571130378334E-016  -5.1924291495216005E-002   1.8912488118825210E-016  -5.1924291495211349E-002   4.3514383388228670E-014   5.2342157186387340E-017   2.0551625784761561E-017  -4.9891154172457353E-017  0.13134795468631086        2.8355897511500772E-015   9.7876245242022102E-016  -6.5673977343158413E-002   2.8728583537965577E-016  -6.5673977343152876E-002
   2.2512384585069509E-017  -8.0710639453873017E-017  -2.3446899902929878E-017  -5.8477581380913570E-017   8.2401627473542994E-004  -3.0666186624931117E-016   9.3237985467072702E-017   1.2217629700975627E-016   1.9260064118261626E-016  -2.2250359078384509E-016  -1.1518310542760914E-016   1.2524091754507571E-016  -2.0628590109815711E-016   6.3876665670532029E-016   2.6409541472909821E-002  -3.3925194196839791E-016   3.1988665121178050E-016   6.2100855802659396E-017  -5.1523320115590960E-017  -2.7063201121662276E-016   2.2549912292127246E-016  0.10384858299043581       -1.4943778771934010E-015   1.9326920164088687E-016   2.3348802004243661E-016  -3.0208244217700689E-016   2.4266755435122073E-016   2.0296701802333434E-017  -1.2039946953278855E-017   1.0625486159313708E-017   3.4318725704134391E-016  0.13134795468631988       -1.6712332743824153E-015   1.4860515433218881E-016   3.4764180331095141E-016  -5.5515386395994000E-016
   1.5249994118519712E-016  -6.4707567464019871E-017   1.8204779898761106E-016  -5.8475175112509706E-017   1.0073787987986017E-016   8.2401627473567475E-004   1.2859123486133791E-016   1.4804825002170396E-016   2.5828390372168359E-017   9.4790352058605336E-017  -1.1374840902291638E-016   2.1023853895257978E-016  -3.8939010276460528E-016   3.7962740852561151E-016  -3.3925194196839791E-016   2.6409541472909741E-002  -4.0463018000221936E-016  -1.1172258695165815E-016   2.4197656072334657E-016   1.5035581708503026E-015   9.3079370606767493E-016   7.5701028562011305E-017  0.10384858299043558       -8.6317231303128151E-016   1.9436187414286629E-016   4.0039247416713100E-017  -1.0462299877794164E-015  -7.3077390278108855E-018  -2.7685764978927400E-017   8.9112140860093299E-017   9.3385043621607691E-016   5.3910258960947138E-017  0.13134795468631991       -7.9443220122980829E-016   2.5243275894072664E-016   4.1928130889086804E-018
   1.7233318571147296E-016   3.7189537747632094E-017   3.6936460301509029E-016  -4.1200813736789121E-004   1.2300846717576969E-016  -1.2320227890199468E-016   8.2401627473577255E-004   4.4403227335414830E-017  -4.1200813736838929E-004  -2.4128837674146556E-014  -1.1799533130119451E-016   2.2715750568677473E-017   2.5530649487614178E-016  -1.3204770736453866E-002   3.1988665121178050E-016  -4.0463018000221936E-016   2.6409541472907947E-002   1.4463680497430668E-016  -1.3204770736455462E-002  -4.1234782486686810E-014  -5.1924291495216920E-002   1.1169874297419138E-015  -6.2392955114510758E-016  0.10384858299043151        3.7750225580052541E-016  -5.1924291495216185E-002   3.1405854048364113E-014  -2.9902366828114658E-017  -7.2998533716904483E-018  -2.1122204590603348E-017  -6.5673977343156789E-002   1.3424574359056238E-015  -7.9900617914488902E-016  0.13134795468631638        4.8384216013061712E-016  -6.5673977343158538E-002
   5.4854896935257239E-017   2.6517078919990163E-017  -6.5526236959235949E-017   8.1290200279887663E-017   1.1710743347770488E-016  -2.2712559161614028E-016  -1.6787030991255671E-016   8.2401627473537421E-004   1.2903961969290122E-016  -2.5705852071966314E-017  -4.3430838310264323E-017  -3.8636331310479056E-017   5.8940125960046610E-017   9.9661896573946142E-017   6.2100855802659396E-017  -1.1172258695165815E-016   1.4463680497430668E-016   2.6409541472910254E-002  -5.0827906065887143E-017  -3.6275897211947198E-016   1.5812813399993668E-016   3.5163725772314950E-017  -6.3773364708660409E-016   3.8287583281794406E-017  0.10384858299043663       -1.3780887238647990E-016   2.3276156033400743E-016  -2.9268740776464915E-017   6.6161006185378006E-018   1.0039729571332050E-017   2.0217490604833927E-016  -1.8492677414340076E-016  -6.1180681560409721E-016   2.6108943566166584E-017  0.13134795468632110       -3.1397478475643528E-016
  -8.6342283866243877E-017   1.2514574164602049E-017   5.8258547241201784E-016  -4.1200813736773123E-004   1.2997334116835273E-016   3.4536186854963427E-016  -4.1200813736806810E-004   1.5290951107233967E-016   8.2401627473614801E-004  -1.3411463063791338E-014   1.7524647755137179E-016   9.4544876991161335E-017   3.9351390655298086E-017  -1.3204770736453162E-002  -5.1523320115590960E-017   2.4197656072334657E-016  -1.3204770736455462E-002  -5.0827906065887143E-017   2.6409541472911042E-002  -1.5617652950717739E-014  -5.1924291495217607E-002   1.8102618742128827E-016   8.8115482250153024E-016  -5.1924291495220938E-002   1.9414672777427085E-016  0.10384858299043705        1.2893039409478739E-014  -2.3848853990001993E-017  -1.8242051697583440E-017  -6.6836660500195280E-017  -6.5673977343159259E-002   3.3356665682641359E-016   8.9935925460391927E-016  -6.5673977343164838E-002   1.9109740916415450E-016  0.13134795468632346     
  -2.2957970219958947E-015  -1.6618666228243628E-015   4.9283708758090564E-016  -4.8877260503754467E-015  -2.9739338444316529E-016  -5.9265233565228645E-016  -4.9771038146560445E-015  -4.8557263182401945E-017  -5.6598001001728333E-015   1.2576562701042937        3.5417211681440439E-015   1.1258974508768533E-016  -4.6684722657207920E-015  -5.8396414957452558E-014  -2.7063201121662276E-016   1.5035581708503026E-015  -4.1234782486686810E-014  -3.6275897211947198E-016  -1.5617652950717739E-014   2.1112284320425201       -6.2495724185865700E-014  -3.3574959388123062E-015   1.6802741028925321E-015  -4.9610917148321131E-014  -1.5064889439043218E-015  -5.3325078667802173E-014  -1.6086397925277713       -6.5712168788544100E-016   1.7622836941259344E-016   9.0022601452168125E-016  -1.3054623840162113E-014  -3.5882098654010971E-015   3.3840157312081611E-015   1.0507584729247862E-014  -1.5723795599827598E-015   1.1861474552627860E-014
  -3.0244562028951374E-016  -3.9764705218598258E-017  -3.9356774831093177E-016   3.2402274980856825E-003  -9.5482271721845900E-016  -8.6449844568059214E-016  -1.6201137490426006E-003  -7.5943706810122039E-016  -1.6201137490424555E-003  -2.2784056657299300E-014  -2.0138094367998392E-016  -3.5752498722064846E-016   1.0698064249868589E-015  0.10384858299043044        2.2549912292127246E-016   9.3079370606767493E-016  -5.1924291495216920E-002   1.5812813399993668E-016  -5.1924291495217607E-002  -6.2495724185865700E-014  0.40835726739838912       -6.7823198636089510E-017   1.3361732984709847E-016 -0.20417863369919084       -1.7553656689012024E-016 -0.20417863369918612        4.3762864356707682E-014   2.0720153595944972E-016   8.2286534102742257E-017  -4.4650885980232160E-017  0.51649132139830867       -2.2062582473841615E-016   1.0536742580336118E-015 -0.25824566069915750       -3.2978380768382012E-017 -0.25824566069915289     
   3.3259887681684471E-017  -4.4098304791127358E-016  -2.1283074263352855E-016  -2.3752177622572082E-016   3.2402274980847510E-003  -1.1618819229518612E-015   3.6223819269539121E-016   4.7390408137914434E-016   7.6932122129418284E-016  -2.2410569647753970E-015  -4.8969286415661121E-016   4.1024323603841961E-016  -8.9141790250567840E-016   2.2690349295992338E-015  0.10384858299043581        7.5701028562011305E-017   1.1169874297419138E-015   3.5163725772314950E-017   1.8102618742128827E-016  -3.3574959388123062E-015  -6.7823198636089510E-017  0.40835726739837214       -3.3289241860041420E-016   2.0599163650864688E-016   9.6172120831252952E-017   3.2065956877614418E-016   2.7015997739760065E-015   8.6254388765655075E-017  -3.2932960653780539E-017   5.5845746941866512E-017   1.4219057382263463E-016  0.51649132139829590        4.3956266577993401E-016  -1.1632134058053868E-016   3.2740195103630991E-016  -2.7502143357810328E-016
   3.8208129426095596E-016  -4.3435484082272568E-016   7.7839529941624889E-016  -2.5792039092967887E-016   3.9112180443852845E-016   3.2402274980857155E-003   5.3582848963098975E-016   5.7597001627607074E-016   9.9368187899492888E-017  -2.1483029203500465E-015  -5.9203821516540222E-016   7.0701958512961495E-016  -1.4895681952712863E-015   5.9596571130378334E-016  -1.4943778771934010E-015  0.10384858299043558       -6.2392955114510758E-016  -6.3773364708660409E-016   8.8115482250153024E-016   1.6802741028925321E-015   1.3361732984709847E-016  -3.3289241860041420E-016  0.40835726739837147        4.0895428319807967E-016  -1.5934383803746028E-017  -1.1921480512822864E-016  -8.8941771586385632E-016  -3.3687715193556701E-018  -8.7892362118388861E-017   3.4311886894426296E-016  -7.8819295654034800E-016  -5.8554710017332324E-016  0.51649132139829645        1.6863477302932201E-015   5.8140341499551669E-018  -3.3342604935718865E-016
   6.0671044244516507E-016   9.5748751952508646E-017   3.6579556362307825E-016  -1.6201137490431370E-003   4.5048134398652449E-016  -4.6174804685528421E-016   3.2402274980861939E-003   1.5805295982586463E-016  -1.6201137490450541E-003  -2.7843925926141315E-014  -5.1118288662002273E-016   5.5734695774539802E-017   2.8102122344628885E-016  -5.1924291495216005E-002   1.9326920164088687E-016  -8.6317231303128151E-016  0.10384858299043151        3.8287583281794406E-017  -5.1924291495220938E-002  -4.9610917148321131E-014 -0.20417863369919084        2.0599163650864688E-016   4.0895428319807967E-016  0.40835726739836731       -6.0146115518630972E-016 -0.20417863369918271        3.7750535524555515E-014  -1.0931217029187354E-016  -2.2818483097010598E-017   4.3627094541755759E-017 -0.25824566069914651       -1.5937771935581520E-017   4.7848552377228919E-016  0.51649132139829745       -7.3564472655854973E-016 -0.25824566069914678     
   2.1506304599726290E-016   1.2803979238223139E-016  -2.5959226967206010E-016   3.1332577223038300E-016   4.6016015124677577E-016  -8.7333993771144649E-016  -6.6607293428200795E-016   3.2402274980845038E-003   5.1970807621619265E-016  -1.4875802398218095E-016  -1.7120574978415425E-016  -1.3611486030704877E-016   2.3048421261499194E-016   1.8912488118825210E-016   2.3348802004243661E-016   1.9436187414286629E-016   3.7750225580052541E-016  0.10384858299043663        1.9414672777427085E-016  -1.5064889439043218E-015  -1.7553656689012024E-016   9.6172120831252952E-017  -1.5934383803746028E-017  -6.0146115518630972E-016  0.40835726739837186        1.0074677637278677E-015   9.7625563564295596E-016  -1.1501708616150494E-016   2.3245057237405555E-017   3.9703322169558773E-017  -2.1345060864219201E-016  -7.8041211188685580E-016   7.4584300324351448E-016  -8.4848306765999960E-016  0.51649132139829634        7.2497888768674359E-016
  -3.0525767860107956E-016  -3.8915521831121546E-017   1.2032786562154131E-015  -1.6201137490424492E-003   5.0798212267132376E-016   1.3296055638156635E-015  -1.6201137490436427E-003   6.0321271344213835E-016   3.2402274980874628E-003  -4.7919496588840750E-014   7.1190331297276275E-016   3.1314546418411745E-016  -5.6879879034532397E-016  -5.1924291495211349E-002  -3.0208244217700689E-016   4.0039247416713100E-017  -5.1924291495216185E-002  -1.3780887238647990E-016  0.10384858299043705       -5.3325078667802173E-014 -0.20417863369918612        3.2065956877614418E-016  -1.1921480512822864E-016 -0.20417863369918271        1.0074677637278677E-015  0.40835726739836292        4.4536459860371846E-014  -9.7773614023634733E-017  -6.1457975959052529E-017  -1.3602200916881633E-016 -0.25824566069914684        8.1689212685915687E-016  -9.9670705716579525E-016 -0.25824566069914789        1.0601193317291921E-015  0.51649132139829224     
   1.7659726302945385E-015   1.2234965286077839E-015  -4.8482272170580754E-016   3.6935860100570189E-015   2.2773501275589034E-016   4.5466981975634836E-016   3.7918802686641480E-015   3.5636303676070161E-017   4.3434467594269247E-015 -0.95826481431691735       -2.6874853153385648E-015  -1.1423033491575951E-016   3.4843994530737512E-015   4.3514383388228670E-014   2.4266755435122073E-016  -1.0462299877794164E-015   3.1405854048364113E-014   2.3276156033400743E-016   1.2893039409478739E-014  -1.6086397925277713        4.3762864356707682E-014   2.7015997739760065E-015  -8.8941771586385632E-016   3.7750535524555515E-014   9.7625563564295596E-016   4.4536459860371846E-014   1.2256949285209677        4.9874337300701459E-016  -1.2929182297765300E-016  -6.7317902871462028E-016   5.0705395258324721E-015   2.9153565598284807E-015  -2.0840746405913095E-015  -8.0697585908679946E-015   9.8101895380057122E-016  -4.0978677632124105E-015
  -3.4768522057020794E-002  -1.7790232991181765E-017   6.2367472933423221E-017  -5.3664506841393093E-018   1.5522857338711618E-018   8.7278594248041424E-018   5.3446802468005448E-018  -4.3448165985281129E-018   8.4096630437265727E-018  -3.8709683703172260E-016  -2.3130444842473070E-002  -1.6756323399939928E-017   8.9018669787077948E-018   5.2342157186387340E-017   2.0296701802333434E-017  -7.3077390278108855E-018  -2.9902366828114658E-017  -2.9268740776464915E-017  -2.3848853990001993E-017  -6.5712168788544100E-016   2.0720153595944972E-016   8.6254388765655075E-017  -3.3687715193556701E-018  -1.0931217029187354E-016  -1.1501708616150494E-016  -9.7773614023634733E-017   4.9874337300701459E-016   4.0534697652851960E-003  -2.1600222480973201E-019  -4.2968647240816357E-018   2.6247890208597343E-016   1.0987699911705932E-016  -6.6214499476008761E-018  -1.3825917011558743E-016  -1.4572830499911326E-016  -1.2156941188360547E-016
   2.0391965274752313E-017  -3.4768522057020551E-002  -3.7585851778029685E-018   2.6288225445580467E-018   2.3470064626500383E-018   1.0992425477265697E-017   9.9957853556832274E-018  -4.7998963574017183E-018   1.1981288262194496E-017   6.7701387912967715E-017  -9.6920333267991205E-018  -2.3130444842472848E-002  -3.4803966174484694E-018   2.0551625784761561E-017  -1.2039946953278855E-017  -2.7685764978927400E-017  -7.2998533716904483E-018   6.6161006185378006E-018  -1.8242051697583440E-017   1.7622836941259344E-016   8.2286534102742257E-017  -3.2932960653780539E-017  -8.7892362118388861E-017  -2.2818483097010598E-017   2.3245057237405555E-017  -6.1457975959052529E-017  -1.2929182297765300E-016  -2.1600222480973201E-019   4.0534697652851621E-003   2.7731064599715133E-019   1.0900643671007578E-016  -4.2573266063066107E-017  -1.1376855235072238E-016  -2.3404069959163521E-017   2.9994624617185969E-017  -7.2984121148433889E-017
   1.1102000731204057E-017   2.0651722045161372E-019  -3.4768522057020718E-002  -7.7960132275054143E-019   4.5080644627657752E-019   3.4125230769463660E-018  -6.5339173868130574E-018   6.6880010943124185E-019  -6.7005415322752722E-018   4.5241369414640558E-016   1.0858652880387910E-017  -4.4091197161832331E-018  -2.3130444842473067E-002  -4.9891154172457353E-017   1.0625486159313708E-017   8.9112140860093299E-017  -2.1122204590603348E-017   1.0039729571332050E-017  -6.6836660500195280E-017   9.0022601452168125E-016  -4.4650885980232160E-017   5.5845746941866512E-017   3.4311886894426296E-016   4.3627094541755759E-017   3.9703322169558773E-017  -1.3602200916881633E-016  -6.7317902871462028E-016  -4.2968647240816357E-018   2.7731064599715133E-019   4.0534697652851864E-003   1.6556844833706857E-017   7.0376897030260215E-017   4.3532571744504736E-016   1.2803841250396198E-016   4.9778647973249257E-017  -9.8656593450105277E-017
  -3.8604961910490645E-016  -9.2583296935848678E-017  -1.1242102654070843E-015   4.0982480678731564E-003  -1.2058532958330741E-015  -1.1010148235764388E-015  -2.0491240339362486E-003  -9.6046998844820549E-016  -2.0491240339361150E-003   1.0492907913452022E-014  -2.5704597148904225E-016  -4.8033197785255742E-016   9.3635248914876787E-016  0.13134795468631086        3.4318725704134391E-016   9.3385043621607691E-016  -6.5673977343156789E-002   2.0217490604833927E-016  -6.5673977343159259E-002  -1.3054623840162113E-014  0.51649132139830867        1.4219057382263463E-016  -7.8819295654034800E-016 -0.25824566069914651       -2.1345060864219201E-016 -0.25824566069914684        5.0705395258324721E-015   2.6247890208597343E-016   1.0900643671007578E-016   1.6556844833706857E-017  0.65325955083228515        9.2944925302267409E-018   1.2203203671091231E-016 -0.32662977541614258       -3.0857410268476670E-017 -0.32662977541614474     
   3.5357665716750931E-017  -5.4986888297362746E-016  -2.6698491263801743E-016  -3.0148811621559140E-016   4.0982480678720462E-003  -1.4708565398717563E-015   4.5596598819910335E-016   5.9223744284676708E-016   9.7630314519730706E-016  -2.4423105606965172E-015  -6.2382843750645131E-016   5.2412408710777587E-016  -1.1260014279808432E-015   2.8355897511500772E-015  0.13134795468631988        5.3910258960947138E-017   1.3424574359056238E-015  -1.8492677414340076E-016   3.3356665682641359E-016  -3.5882098654010971E-015  -2.2062582473841615E-016  0.51649132139829590       -5.8554710017332324E-016  -1.5937771935581520E-017  -7.8041211188685580E-016   8.1689212685915687E-016   2.9153565598284807E-015   1.0987699911705932E-016  -4.2573266063066107E-017   7.0376897030260215E-017   9.2944925302267409E-018  0.65325955083227993        3.4788998396449377E-016  -4.9683564554148260E-016  -7.2684236017070473E-016   1.7241525047950941E-016
   5.0350554623301275E-016  -5.2705396453573350E-016   9.7295317082567289E-016  -3.1919837076769314E-016   5.0152058477274653E-016   4.0982480678732778E-003   6.7740967618763153E-016   7.3456640067715700E-016   1.1896884793631246E-016  -1.9673129569653281E-015  -7.3534097974454530E-016   9.0908844615084889E-016  -1.8917023318241950E-015   9.7876245242022102E-016  -1.6712332743824153E-015  0.13134795468631991       -7.9900617914488902E-016  -6.1180681560409721E-016   8.9935925460391927E-016   3.3840157312081611E-015   1.0536742580336118E-015   4.3956266577993401E-016  0.51649132139829645        4.7848552377228919E-016   7.4584300324351448E-016  -9.9670705716579525E-016  -2.0840746405913095E-015  -6.6214499476008761E-018  -1.1376855235072238E-016   4.3532571744504736E-016   1.2203203671091231E-016   3.4788998396449377E-016  0.65325955083228227        2.0838704568350305E-015   9.7618853105163763E-016  -1.4916453489055627E-015
   7.6737627077264463E-016   7.4297667764485015E-017  -1.6228470484921985E-016  -2.0491240339370145E-003   5.6677960291924307E-016  -5.7474367138712392E-016   4.0982480678739327E-003   1.9920944370000263E-016  -2.0491240339394444E-003   8.4212050089018010E-015  -6.4654054330470345E-016   3.9355038314774216E-017  -6.0319868658800714E-017  -6.5673977343158413E-002   1.4860515433218881E-016  -7.9443220122980829E-016  0.13134795468631638        2.6108943566166584E-017  -6.5673977343164838E-002   1.0507584729247862E-014 -0.25824566069915750       -1.1632134058053868E-016   1.6863477302932201E-015  0.51649132139829745       -8.4848306765999960E-016 -0.25824566069914789       -8.0697585908679946E-015  -1.3825917011558743E-016  -2.3404069959163521E-017   1.2803841250396198E-016 -0.32662977541614258       -4.9683564554148260E-016   2.0838704568350305E-015  0.65325955083229159       -1.0414439493081072E-015 -0.32662977541614374     
   2.7419439181266660E-016   1.5684818350894041E-016  -3.2457418496479802E-016   3.9779536527170940E-016   5.8364437300621111E-016  -1.1043965496787900E-015  -8.4225176390440316E-016   4.0982480678717409E-003   6.5562912392148498E-016   1.0236954925496794E-017  -2.1508978834613504E-016  -1.7554922175674100E-016   2.9401763032025719E-016   2.8728583537965577E-016   3.4764180331095141E-016   2.5243275894072664E-016   4.8384216013061712E-016  0.13134795468632110        1.9109740916415450E-016  -1.5723795599827598E-015  -3.2978380768382012E-017   3.2740195103630991E-016   5.8140341499551669E-018  -7.3564472655854973E-016  0.51649132139829634        1.0601193317291921E-015   9.8101895380057122E-016  -1.4572830499911326E-016   2.9994624617185969E-017   4.9778647973249257E-017  -3.0857410268476670E-017  -7.2684236017070473E-016   9.7618853105163763E-016  -1.0414439493081072E-015  0.65325955083228149        6.4614383721989145E-016
  -4.0405969711554544E-016  -8.9947014947006230E-017   8.9245738242881870E-016  -2.0491240339361554E-003   6.3709667831026896E-016   1.6802393521940943E-015  -2.0491240339376503E-003   7.5858693157230867E-016   4.0982480678755399E-003  -1.3365514789645029E-014   8.8846290807358738E-016   3.6897303897424930E-016  -1.1381738951797019E-015  -6.5673977343152876E-002  -5.5515386395994000E-016   4.1928130889086804E-018  -6.5673977343158538E-002  -3.1397478475643528E-016  0.13134795468632346        1.1861474552627860E-014 -0.25824566069915289       -2.7502143357810328E-016  -3.3342604935718865E-016 -0.25824566069914678        7.2497888768674359E-016  0.51649132139829224       -4.0978677632124105E-015  -1.2156941188360547E-016  -7.2984121148433889E-017  -9.8656593450105277E-017 -0.32662977541614474        1.7241525047950941E-016  -1.4916453489055627E-015 -0.32662977541614374        6.4614383721989145E-016  0.65325955083228526     
