  0.51771949492558955       -1.0971956578963854E-016   1.3772213621268681E-015  -1.2834363685097755E-016   2.2721990477210296E-016  -2.6961226275660166E-016   1.8416578793099346E-017  -1.3068081638866842E-016   5.4470914326920360E-017  -9.1274716997651996E-016  0.67514366093590827       -3.8614537999429044E-016  -3.1129180789600704E-016   1.9261353237285158E-017   5.4692078736939135E-017   1.1596508428345887E-016   1.2847100672127670E-017  -2.8250688060128102E-016   8.2701316554076040E-018   5.7593447489675069E-016  -1.5037596210222579E-016  -1.2773921410328815E-016   7.7905245662318839E-017  -6.4701461412041831E-016  -1.1279408831335850E-016  -5.8842782796975651E-017   2.4203308746744085E-016 -0.17434548539058084        1.1302722944866658E-016  -1.0892526064335082E-017  -1.4267965978810848E-016   1.0785852925648931E-017  -4.6474268535696424E-016  -1.5680774948615416E-016  -3.7325188699751469E-016   2.9444467985933402E-016
  -1.0971956578963854E-016  0.51771949492561342       -4.3468375600375087E-016   1.0450242162499237E-015   1.3416414123586271E-016  -9.1397237266951884E-017   2.4700878273262864E-016  -1.0480758710689356E-016  -6.2501063828448074E-017  -1.8807955017761078E-015   4.8945629450500294E-016  0.67514366093590672        1.2917862309350103E-015   3.6359652780447779E-016   1.4101130306048332E-016   5.5770199275949718E-017   7.0635595178400050E-016   2.5303436155299255E-017   8.3494997765790500E-016  -7.0531169350572735E-016   9.6733175682170620E-016  -1.8102825596335365E-015   3.0493985361484905E-016  -1.0181141429385861E-017   8.3543903413726059E-016  -1.2749521138372765E-017   8.2440667510403974E-016  -6.7140913597059371E-017 -0.17434548539058062       -2.4512794680360550E-016  -2.1453840837263117E-015   4.6847825352333294E-016   1.6033822705661691E-016   1.0973480644851984E-015  -3.1045858181477998E-017   1.2200681671131263E-015
   1.3772213621268681E-015  -4.3468375600375087E-016  0.51771949492560276        6.6977237969666691E-017   8.2348384996974208E-016  -7.0640887445755368E-016  -2.3405939381476653E-016   3.5165426512913310E-016  -2.6075879117325295E-016   1.0833391557401002E-015   1.1481582422008876E-015  -9.3486687575278227E-016  0.67514366093590628        2.9351489311387215E-016   2.6876761363363391E-017   3.0700997496912077E-016   5.9028967965666242E-016  -3.2433956493164110E-016   3.9828127033483591E-016   2.3579946933944131E-015  -1.8948724833228449E-015   2.9434419402084766E-017   9.7186012369672404E-016  -4.8115339087082969E-016   3.3189708108251030E-016   5.8796737714568771E-016  -1.5989587285839316E-016  -3.4951374612438371E-016   2.3568183537582554E-016 -0.17434548539057979       -5.0522540720406915E-016   7.4225700260393410E-016   1.4380533493898991E-018   6.7378974029717761E-016   1.4463071315827703E-016  -1.3480281560126187E-016
  -1.2834363685097755E-016   1.0450242162499237E-015   6.6977237969666691E-017   1.3718088390684936E-004  -1.5422831324709557E-017   5.0275872194839071E-018  -6.8590441953466302E-005  -2.7545676880750120E-018  -6.8590441953402578E-005  -2.5547154924624201E-015  -1.6304559335791770E-016   1.4328223072912586E-015   9.1228153969802673E-017   1.9667119492714886E-003  -7.8117467976733889E-017  -7.4294311977411249E-017  -9.8335597463625754E-004  -1.0409780811872105E-016  -9.8335597463511284E-004  -1.0827493165757340E-014   8.0681317427954052E-015   7.4665378037176528E-003  -3.4111774379298022E-016  -2.7501677489689176E-016  -3.7332689018610369E-003  -2.7730228154681604E-016  -3.7332689018565782E-003   4.1037181145864844E-017  -3.7428939735601757E-016  -2.5246887354264881E-017   8.9018611954712022E-003  -3.9796376600953821E-016  -3.2645870044019678E-016  -4.4509305977382457E-003  -3.5904286678099513E-016  -4.4509305977330216E-003
   2.2721990477210296E-016   1.3416414123586271E-016   8.2348384996974208E-016  -1.5422831324709557E-017   1.3718088390686479E-004   3.1511733759348675E-017   3.6683706543831547E-018   6.0346883006642133E-018   2.1185231413252180E-017   3.3363064898270449E-016   2.8917048239818112E-016   1.6227031455948929E-016   1.0388350208186951E-015  -1.0527182225338384E-016   1.9667119492715488E-003   1.6171340691715882E-016  -3.5317965178593526E-019   1.1754263635902686E-016   1.3111619706370812E-016   1.1147594618000464E-015  -8.4764784952135645E-016  -5.0032229785017476E-016   7.4665378037179616E-003   7.2883980282667111E-016  -1.7693724174746549E-017   3.3239303973844751E-016   5.2174413166315418E-016  -7.2177549755838472E-017  -4.1816905135367684E-017  -2.6630683290956387E-016  -5.9937480715812438E-016   8.9018611954720071E-003   8.2377504379669667E-016  -1.2348734519350816E-017   4.2677678285047157E-016   6.2277354969553964E-016
  -2.6961226275660166E-016  -9.1397237266951884E-017  -7.0640887445755368E-016   5.0275872194839071E-018   3.1511733759348675E-017   1.3718088390691954E-004   2.5545585592542947E-017   2.6849324601526025E-017  -6.3235929996409129E-017   1.8319329643833275E-016  -3.2606289475539202E-016  -1.2039723079280792E-016  -9.0459622162473717E-016   1.1277926055335668E-016   2.5892075338400807E-016   1.9667119492719283E-003   1.6838525300492623E-016   1.8481852597972034E-016  -3.7066091296060141E-016   6.0145823741158668E-016  -4.7076608783778942E-016   5.4588909699220900E-016   1.0162642637508035E-015   7.4665378037194570E-003   8.9888185889388013E-016   5.1893891736052259E-016  -1.4498727147367373E-015   7.8320449205766362E-017   3.0977554675784562E-017   2.3407462423857980E-016   6.6600734216815445E-016   1.1975186504507662E-015   8.9018611954737488E-003   1.0295471598056831E-015   6.5344195250277370E-016  -1.6747655672085871E-015
   1.8416578793099346E-017   2.4700878273262864E-016  -2.3405939381476653E-016  -6.8590441953466302E-005   3.6683706543831547E-018   2.5545585592542947E-017   1.3718088390691661E-004   1.6279629139090378E-017  -6.8590441953475734E-005   6.3939537049782501E-016   3.0704117543335238E-017   2.8681318302374580E-016  -3.2319095974761150E-016  -9.8335597463581649E-004   6.6049465322406213E-017   1.1524370953083834E-016   1.9667119492717154E-003   2.8947962424324780E-016  -9.8335597463623282E-004   3.3667651715986473E-015  -2.4662998009169205E-015  -3.7332689018588941E-003   1.9901253500954960E-016   5.4575579518213742E-016   7.4665378037195593E-003   8.9880688324315162E-016  -3.7332689018606396E-003  -9.2972718767649571E-018  -7.1463984305776991E-017   8.5821363347372416E-017  -4.4509305977356740E-003   2.5535756370759623E-016   6.0638501064828016E-016   8.9018611954734331E-003   1.1194431900142564E-015  -4.4509305977377565E-003
  -1.3068081638866842E-016  -1.0480758710689356E-016   3.5165426512913310E-016  -2.7545676880750120E-018   6.0346883006642133E-018   2.6849324601526025E-017   1.6279629139090378E-017   1.3718088390688671E-004  -1.8483862812275524E-017  -1.0959766854958436E-015  -1.6127671138364633E-016  -1.3574771370984814E-016   4.4528535727518296E-016   4.2321471813968312E-017  -6.9651254554665995E-019   2.5577901222969269E-016  -4.4826492346115975E-017   1.9667119492717171E-003  -1.6387797893424420E-017  -4.2382813358496210E-015   3.1795034884864109E-015   1.3518179970058142E-016  -2.3641377772143628E-017   9.1642355388948852E-016  -1.1357017756817084E-017   7.4665378037185254E-003  -1.3533680672993332E-016   4.1915366522911577E-017   3.4809481973812643E-017  -1.1364467169330466E-016   1.7722703289462280E-016  -2.7160058514151015E-017   1.0786842425250683E-015  -7.8091990813853944E-017   8.9018611954726958E-003  -9.5514664445491091E-017
   5.4470914326920360E-017  -6.2501063828448074E-017  -2.6075879117325295E-016  -6.8590441953402578E-005   2.1185231413252180E-017  -6.3235929996409129E-017  -6.8590441953475734E-005  -1.8483862812275524E-017   1.3718088390692325E-004  -6.8640348514771171E-015   6.0022654006830236E-017  -1.1623693168661888E-016  -3.2597272900385263E-016  -9.8335597463595202E-004   1.4727350273383478E-016  -5.0922337666361683E-016  -9.8335597463582235E-004  -2.5647428400434574E-016   1.9667119492719899E-003  -2.6496189068431849E-014   1.9854369301390583E-014  -3.7332689018598213E-003   6.5540713511480644E-016  -2.0485209793843511E-015  -3.7332689018599059E-003  -8.9140418586104827E-016   7.4665378037196643E-003  -1.3064683801572117E-017   3.1700319842167225E-017   8.3503810239066361E-017  -4.4509305977367946E-003   7.5458234508613464E-016  -2.3994589783223085E-015  -4.4509305977368371E-003  -1.0821836400326406E-015   8.9018611954736950E-003
  -9.1274716997651996E-016  -1.8807955017761078E-015   1.0833391557401002E-015  -2.5547154924624201E-015   3.3363064898270449E-016   1.8319329643833275E-016   6.3939537049782501E-016  -1.0959766854958436E-015  -6.8640348514771171E-015  0.35530666764976210       -2.5267839238193566E-016  -2.2814085242036895E-015  -2.1875293660805706E-015   2.1186311274319399E-015  -9.5950930492040671E-016   6.3286334962625800E-016  -7.1279083190751629E-015   1.4028528904915723E-015  -4.1016679993795710E-015   1.3742603051894360       -1.0302303599898652        5.4836621225142165E-015   1.8061530787310954E-015   3.2966164900943665E-015   5.7676172486466556E-015  -3.4429428997947664E-016   2.9519990230620657E-016   4.9739191916019149E-018   6.8704716182693797E-016   5.7378244091542129E-016   8.1340962303611469E-015  -6.5408087225146573E-017   3.4746929183851709E-015  -1.1346316229224461E-014   8.0107856742736292E-016  -8.1195425201775360E-015
  0.67514366093590827        4.8945629450500294E-016   1.1481582422008876E-015  -1.6304559335791770E-016   2.8917048239818112E-016  -3.2606289475539202E-016   3.0704117543335238E-017  -1.6127671138364633E-016   6.0022654006830236E-017  -2.5267839238193566E-016  0.88043615774494699        3.2131686634323531E-016  -1.2507652723324318E-015   8.7106792919544897E-017  -3.1051240964705069E-017   5.1725532918770657E-016   1.1263073991600981E-016  -2.3736507327420628E-016  -1.4708093722960298E-016   4.3775615267729473E-015  -2.9147503897822225E-015   6.8755878467965731E-017  -2.8706317343128338E-016   5.4585759749551611E-016   2.1690200939743904E-016   4.2076894607021419E-016  -2.8370205970024595E-016 -0.22735912096793370       -6.5616254292001630E-017   2.0395949858908633E-016   9.4512269945439340E-017  -4.4930490287735884E-016   1.0506841194957741E-015   2.2947701603673686E-016   1.0639402198358766E-016  -3.3056536981075484E-016
  -3.8614537999429044E-016  0.67514366093590672       -9.3486687575278227E-016   1.4328223072912586E-015   1.6227031455948929E-016  -1.2039723079280792E-016   2.8681318302374580E-016  -1.3574771370984814E-016  -1.1623693168661888E-016  -2.2814085242036895E-015   3.2131686634323531E-016  0.88043615774490225        1.2046705863758000E-015   1.4782244902523739E-015   1.9652698325958145E-018   5.5400776171780916E-017   4.1499686206196222E-016   4.6315657080763076E-017   5.9090920741268672E-016  -2.5727952305075350E-016   7.6482121878252064E-016   1.4511630798866866E-015  -2.9300179921759237E-016  -7.9060424792761033E-017  -8.3207498317484715E-016   3.3935475976574990E-017  -8.1526862865812510E-016  -5.7039198668104585E-018 -0.22735912096792241       -1.9573576158331274E-016   1.7469442067979721E-015  -2.1250536481528363E-016   1.3066333303654340E-016  -8.5991375421750098E-016   1.9795427848902667E-017  -6.6268809102878671E-016
  -3.1129180789600704E-016   1.2917862309350103E-015  0.67514366093590628        9.1228153969802673E-017   1.0388350208186951E-015  -9.0459622162473717E-016  -3.2319095974761150E-016   4.4528535727518296E-016  -3.2597272900385263E-016  -2.1875293660805706E-015  -1.2507652723324318E-015   1.2046705863758000E-015  0.88043615774491935        4.3846235157205720E-016  -4.6741347685590069E-016   6.3852386146236319E-016   5.1228613486662462E-016  -6.1359981905524202E-016   7.2118416866195726E-016  -1.0850227443483297E-014   7.9681560718182885E-015   2.4983856662503379E-016  -6.4020233445541067E-016   2.7670791388223680E-016  -5.4474828310681650E-016   4.3004592910200548E-017   5.5759634198340694E-016   2.5385069209443029E-016  -3.1856231519876432E-016 -0.22735912096792585       -4.0674784498332678E-016  -1.3063230455697350E-015   1.0798537603850155E-015  -2.8681709475777619E-016  -6.7426742589297623E-016   7.3759240005826446E-016
   1.9261353237285158E-017   3.6359652780447779E-016   2.9351489311387215E-016   1.9667119492714886E-003  -1.0527182225338384E-016   1.1277926055335668E-016  -9.8335597463581649E-004   4.2321471813968312E-017  -9.8335597463595202E-004   2.1186311274319399E-015   8.7106792919544897E-017   1.4782244902523739E-015   4.3846235157205720E-016   2.8196026889823343E-002   5.4080914923995220E-016  -4.8162081622642704E-016  -1.4098013444911510E-002  -3.1949405144074307E-016  -1.4098013444910136E-002  -5.3726755627364823E-015   3.3276955427237419E-015  0.10704501020878475        1.4144874236742732E-015  -1.7275452952653025E-015  -5.3522505104395518E-002   4.7735388775463399E-016  -5.3522505104388690E-002  -3.7788888167308635E-017  -4.4316173469766676E-016  -1.3743525487821138E-016  0.12762271451594911        1.8115358117656192E-015  -2.0391996332627340E-015  -6.3811357257978443E-002   1.6147497293277174E-016  -6.3811357257971615E-002
   5.4692078736939135E-017   1.4101130306048332E-016   2.6876761363363391E-017  -7.8117467976733889E-017   1.9667119492715488E-003   2.5892075338400807E-016   6.6049465322406213E-017  -6.9651254554665995E-019   1.4727350273383478E-016  -9.5950930492040671E-016  -3.1051240964705069E-017   1.9652698325958145E-018  -4.6741347685590069E-016   5.4080914923995220E-016   2.8196026889821903E-002  -4.4641386530402146E-016   1.8786989599776797E-016   4.3481584020396033E-016  -3.6322122737023296E-016  -6.2296059692879637E-015   4.4986978630115166E-015   6.0999924729466028E-016  0.10704501020878042       -4.7485646404920693E-017   4.7879511431436411E-016   1.8498140776852415E-017  -1.0353467943955410E-015   4.3806868708253413E-017   7.3852993518482602E-019   1.4875000730648746E-016   6.8606534705693506E-016  0.12762271451595023       -7.0423859775895132E-016   6.9622720132515910E-016   4.5912616224619458E-016  -1.2238762114218330E-015
   1.1596508428345887E-016   5.5770199275949718E-017   3.0700997496912077E-016  -7.4294311977411249E-017   1.6171340691715882E-016   1.9667119492719283E-003   1.1524370953083834E-016   2.5577901222969269E-016  -5.0922337666361683E-016   6.3286334962625800E-016   5.1725532918770657E-016   5.5400776171780916E-017   6.3852386146236319E-016  -4.8162081622642704E-016  -4.4641386530402146E-016   2.8196026889821518E-002  -1.1843304665760212E-015   7.9810101856172040E-016   3.8287472108714902E-016   9.1235241313366444E-016  -9.6890865382884117E-016  -1.4063711539736581E-016  -1.2176295816638612E-015  0.10704501020877975       -7.7426095862390444E-016   4.1041276805400922E-016   8.4175402616877157E-016  -2.1787677031618972E-016  -1.5929045743523673E-017  -1.5805703857064531E-016   4.9952921031375570E-017  -1.6539351675335858E-015  0.12762271451594884       -1.5271123124729830E-015   9.8743924617354150E-016   1.7752015923393185E-015
   1.2847100672127670E-017   7.0635595178400050E-016   5.9028967965666242E-016  -9.8335597463625754E-004  -3.5317965178593526E-019   1.6838525300492623E-016   1.9667119492717154E-003  -4.4826492346115975E-017  -9.8335597463582235E-004  -7.1279083190751629E-015   1.1263073991600981E-016   4.1499686206196222E-016   5.1228613486662462E-016  -1.4098013444911510E-002   1.8786989599776797E-016  -1.1843304665760212E-015   2.8196026889816022E-002   1.6140255161575913E-016  -1.4098013444909298E-002  -1.4756743945731120E-014   1.1888861018115511E-014  -5.3522505104388801E-002  -2.8558986366139658E-017  -2.9444910831127028E-015  0.10704501020877194       -2.2572953705876480E-015  -5.3522505104382778E-002  -4.8703477929658451E-017  -6.9875310037338852E-017  -9.8423179306413511E-017  -6.3811357257970186E-002   2.2527391803642827E-016  -4.1453991491367898E-015  0.12762271451593324       -2.0051489087831111E-015  -6.3811357257963011E-002
  -2.8250688060128102E-016   2.5303436155299255E-017  -3.2433956493164110E-016  -1.0409780811872105E-016   1.1754263635902686E-016   1.8481852597972034E-016   2.8947962424324780E-016   1.9667119492717171E-003  -2.5647428400434574E-016   1.4028528904915723E-015  -2.3736507327420628E-016   4.6315657080763076E-017  -6.1359981905524202E-016  -3.1949405144074307E-016   4.3481584020396033E-016   7.9810101856172040E-016   1.6140255161575913E-016   2.8196026889822211E-002  -1.1276761385034527E-016   5.4367739771185580E-015  -4.0438257059160892E-015  -1.5783781345726133E-015   1.3497326018896316E-015   2.2467387989660326E-015   2.8897697901048018E-015  0.10704501020878054       -1.4764292490410703E-015   6.5139992992112570E-017  -1.5476811635274568E-017   1.7771307647651043E-016  -1.6515753337425360E-015   1.6239065790040018E-015   2.4792556957344401E-015   2.5198230681937450E-015  0.12762271451595059       -8.1634833170708351E-016
   8.2701316554076040E-018   8.3494997765790500E-016   3.9828127033483591E-016  -9.8335597463511284E-004   1.3111619706370812E-016  -3.7066091296060141E-016  -9.8335597463623282E-004  -1.6387797893424420E-017   1.9667119492719899E-003  -4.1016679993795710E-015  -1.4708093722960298E-016   5.9090920741268672E-016   7.2118416866195726E-016  -1.4098013444910136E-002  -3.6322122737023296E-016   3.8287472108714902E-016  -1.4098013444909298E-002  -1.1276761385034527E-016   2.8196026889822524E-002  -1.5110027028240993E-014   1.1201107948761992E-014  -5.3522505104389509E-002   1.5144949096683099E-018  -1.9910875265839410E-016  -5.3522505104394595E-002   7.5163755563568864E-016  0.10704501020878320        7.2894608684563725E-017  -1.2845153505675903E-016  -1.9589250588908783E-016  -6.3811357257971241E-002  -3.8265221611981913E-016   3.7705544592084008E-016  -6.3811357257976473E-002   6.1769200052161970E-016  0.12762271451594862     
   5.7593447489675069E-016  -7.0531169350572735E-016   2.3579946933944131E-015  -1.0827493165757340E-014   1.1147594618000464E-015   6.0145823741158668E-016   3.3667651715986473E-015  -4.2382813358496210E-015  -2.6496189068431849E-014   1.3742603051894360        4.3775615267729473E-015  -2.5727952305075350E-016  -1.0850227443483297E-014  -5.3726755627364823E-015  -6.2296059692879637E-015   9.1235241313366444E-016  -1.4756743945731120E-014   5.4367739771185580E-015  -1.5110027028240993E-014   5.3153840284275526       -3.9847399946085496       -3.0297308529390682E-014  -2.5751399240537115E-015   6.9214474662474267E-015   7.0950879673018236E-014  -1.2906680324595615E-015   4.0060695976484712E-015  -1.3635759826225346E-015   4.4513015992250878E-016   2.8362762495951403E-015  -2.9947342764054429E-014  -1.1651942957287847E-014   6.4896325388931114E-015   1.4108165834368069E-014   3.1473030900490335E-015  -2.7989979220858539E-014
  -1.5037596210222579E-016   9.6733175682170620E-016  -1.8948724833228449E-015   8.0681317427954052E-015  -8.4764784952135645E-016  -4.7076608783778942E-016  -2.4662998009169205E-015   3.1795034884864109E-015   1.9854369301390583E-014  -1.0302303599898652       -2.9147503897822225E-015   7.6482121878252064E-016   7.9681560718182885E-015   3.3276955427237419E-015   4.4986978630115166E-015  -9.6890865382884117E-016   1.1888861018115511E-014  -4.0438257059160892E-015   1.1201107948761992E-014  -3.9847399946085496        2.9872070841380336        2.0055236542351185E-014   1.2797736102181193E-015  -6.2705560334911739E-015  -5.0052166442346546E-014   1.0887309759237183E-015  -3.4826937085469805E-015   9.2746411983400151E-016  -4.8139399320390294E-016  -2.0834210404068799E-015   1.9282019127269312E-014   7.9592167719907005E-015  -6.1548020451942745E-015  -6.8363220681115595E-015  -2.2149537953204301E-015   2.0411344033070838E-014
  -1.2773921410328815E-016  -1.8102825596335365E-015   2.9434419402084766E-017   7.4665378037176528E-003  -5.0032229785017476E-016   5.4588909699220900E-016  -3.7332689018588941E-003   1.3518179970058142E-016  -3.7332689018598213E-003   5.4836621225142165E-015   6.8755878467965731E-017   1.4511630798866866E-015   2.4983856662503379E-016  0.10704501020878475        6.0999924729466028E-016  -1.4063711539736581E-016  -5.3522505104388801E-002  -1.5783781345726133E-015  -5.3522505104389509E-002  -3.0297308529390682E-014   2.0055236542351185E-014  0.40639180319176610       -1.0885050998575742E-016  -1.5083623911525839E-016 -0.20319590159588374        4.2487172634276307E-016 -0.20319590159588027       -7.5821569309237935E-017  -6.0796817033644319E-016  -1.5642572631707336E-016  0.48451417753340731        3.4530145127769182E-016  -1.0223518266769753E-016 -0.24225708876670501       -1.0410238209662680E-015 -0.24225708876670590     
   7.7905245662318839E-017   3.0493985361484905E-016   9.7186012369672404E-016  -3.4111774379298022E-016   7.4665378037179616E-003   1.0162642637508035E-015   1.9901253500954960E-016  -2.3641377772143628E-017   6.5540713511480644E-016   1.8061530787310954E-015  -2.8706317343128338E-016  -2.9300179921759237E-016  -6.4020233445541067E-016   1.4144874236742732E-015  0.10704501020878042       -1.2176295816638612E-015  -2.8558986366139658E-017   1.3497326018896316E-015   1.5144949096683099E-018  -2.5751399240537115E-015   1.2797736102181193E-015  -1.0885050998575742E-016  0.40639180319175394        1.6312453783381251E-015  -9.9847905009151692E-016  -1.0726105266023327E-015   1.3102473140204350E-015   2.0999864485657430E-016   8.0393718634750756E-017   2.7180413860667748E-016  -2.8617177529575298E-016  0.48451417753341669       -5.1384427888059247E-016  -7.1437234112127297E-016   3.8052277529041851E-016   1.6019781665489710E-015
  -6.4701461412041831E-016  -1.0181141429385861E-017  -4.8115339087082969E-016  -2.7501677489689176E-016   7.2883980282667111E-016   7.4665378037194570E-003   5.4575579518213742E-016   9.1642355388948852E-016  -2.0485209793843511E-015   3.2966164900943665E-015   5.4585759749551611E-016  -7.9060424792761033E-017   2.7670791388223680E-016  -1.7275452952653025E-015  -4.7485646404920693E-017  0.10704501020877975       -2.9444910831127028E-015   2.2467387989660326E-015  -1.9910875265839410E-016   6.9214474662474267E-015  -6.2705560334911739E-015  -1.5083623911525839E-016   1.6312453783381251E-015  0.40639180319175450        2.9517776840414548E-015  -1.4153403858521534E-015  -3.0786276441563769E-015  -4.6101406259640741E-016   1.4255835443531966E-017  -4.5518380575103488E-017   6.4637931237922588E-016   1.1770439715263878E-015  0.48451417753341508        1.2260988258754486E-015   2.0372074117707836E-016  -7.4097637544505553E-016
  -1.1279408831335850E-016   8.3543903413726059E-016   3.3189708108251030E-016  -3.7332689018610369E-003  -1.7693724174746549E-017   8.9888185889388013E-016   7.4665378037195593E-003  -1.1357017756817084E-017  -3.7332689018599059E-003   5.7676172486466556E-015   2.1690200939743904E-016  -8.3207498317484715E-016  -5.4474828310681650E-016  -5.3522505104395518E-002   4.7879511431436411E-016  -7.7426095862390444E-016  0.10704501020877194        2.8897697901048018E-015  -5.3522505104394595E-002   7.0950879673018236E-014  -5.0052166442346546E-014 -0.20319590159588374       -9.9847905009151692E-016   2.9517776840414548E-015  0.40639180319177431        7.4857383746518991E-017 -0.20319590159588921       -1.3049172110115110E-016   3.5644525778807984E-016   2.6924692940995788E-016 -0.24225708876670410       -2.0591540354340020E-016   1.1089312993805675E-015  0.48451417753341491        2.6939103617111572E-015 -0.24225708876671068     
  -5.8842782796975651E-017  -1.2749521138372765E-017   5.8796737714568771E-016  -2.7730228154681604E-016   3.3239303973844751E-016   5.1893891736052259E-016   8.9880688324315162E-016   7.4665378037185254E-003  -8.9140418586104827E-016  -3.4429428997947664E-016   4.2076894607021419E-016   3.3935475976574990E-017   4.3004592910200548E-017   4.7735388775463399E-016   1.8498140776852415E-017   4.1041276805400922E-016  -2.2572953705876480E-015  0.10704501020878054        7.5163755563568864E-016  -1.2906680324595615E-015   1.0887309759237183E-015   4.2487172634276307E-016  -1.0726105266023327E-015  -1.4153403858521534E-015   7.4857383746518991E-017  0.40639180319175044       -1.1263098743594189E-015  -9.4063132962990782E-017  -2.2113573668706042E-017   6.2015794133534521E-017   1.3805959413887314E-015  -1.2229614158388082E-015  -2.4443549736922487E-015  -3.4242018400430631E-015  0.48451417753341336        2.2406460909764455E-015
   2.4203308746744085E-016   8.2440667510403974E-016  -1.5989587285839316E-016  -3.7332689018565782E-003   5.2174413166315418E-016  -1.4498727147367373E-015  -3.7332689018606396E-003  -1.3533680672993332E-016   7.4665378037196643E-003   2.9519990230620657E-016  -2.8370205970024595E-016  -8.1526862865812510E-016   5.5759634198340694E-016  -5.3522505104388690E-002  -1.0353467943955410E-015   8.4175402616877157E-016  -5.3522505104382778E-002  -1.4764292490410703E-015  0.10704501020878320        4.0060695976484712E-015  -3.4826937085469805E-015 -0.20319590159588027        1.3102473140204350E-015  -3.0786276441563769E-015 -0.20319590159588921       -1.1263098743594189E-015  0.40639180319176610        2.0580822781330504E-016   3.0218352309004475E-016  -1.8065599126997691E-016 -0.24225708876670080        1.0253757342987222E-016  -1.3377483562354041E-015 -0.24225708876670829       -2.3998984494556088E-015  0.48451417753341253     
 -0.17434548539058084       -6.7140913597059371E-017  -3.4951374612438371E-016   4.1037181145864844E-017  -7.2177549755838472E-017   7.8320449205766362E-017  -9.2972718767649571E-018   4.1915366522911577E-017  -1.3064683801572117E-017   4.9739191916019149E-018 -0.22735912096793370       -5.7039198668104585E-018   2.5385069209443029E-016  -3.7788888167308635E-017   4.3806868708253413E-017  -2.1787677031618972E-016  -4.8703477929658451E-017   6.5139992992112570E-017   7.2894608684563725E-017  -1.3635759826225346E-015   9.2746411983400151E-016  -7.5821569309237935E-017   2.0999864485657430E-016  -4.6101406259640741E-016  -1.3049172110115110E-016  -9.4063132962990782E-017   2.0580822781330504E-016   5.8712002491708416E-002  -3.0097198198313427E-018  -3.4814536439809439E-017  -9.3635109520710754E-017   2.7801373715430288E-016  -6.5290320163777842E-016  -1.4805664203604955E-016  -1.0075172724543860E-017   2.4338992424711027E-016
   1.1302722944866658E-016 -0.17434548539058062        2.3568183537582554E-016  -3.7428939735601757E-016  -4.1816905135367684E-017   3.0977554675784562E-017  -7.1463984305776991E-017   3.4809481973812643E-017   3.1700319842167225E-017   6.8704716182693797E-016  -6.5616254292001630E-017 -0.22735912096792241       -3.1856231519876432E-016  -4.4316173469766676E-016   7.3852993518482602E-019  -1.5929045743523673E-017  -6.9875310037338852E-017  -1.5476811635274568E-017  -1.2845153505675903E-016   4.4513015992250878E-016  -4.8139399320390294E-016  -6.0796817033644319E-016   8.0393718634750756E-017   1.4255835443531966E-017   3.5644525778807984E-016  -2.2113573668706042E-017   3.0218352309004475E-016  -3.0097198198313427E-018   5.8712002491705564E-002   5.2475385148298415E-017  -7.2918340685364527E-016   6.0516114241261161E-017  -4.1086326223623217E-017   3.9084967595967586E-016  -2.1028498539636091E-017   2.8040076020714032E-016
  -1.0892526064335082E-017  -2.4512794680360550E-016 -0.17434548539057979       -2.5246887354264881E-017  -2.6630683290956387E-016   2.3407462423857980E-016   8.5821363347372416E-017  -1.1364467169330466E-016   8.3503810239066361E-017   5.7378244091542129E-016   2.0395949858908633E-016  -1.9573576158331274E-016 -0.22735912096792585       -1.3743525487821138E-016   1.4875000730648746E-016  -1.5805703857064531E-016  -9.8423179306413511E-017   1.7771307647651043E-016  -1.9589250588908783E-016   2.8362762495951403E-015  -2.0834210404068799E-015  -1.5642572631707336E-016   2.7180413860667748E-016  -4.5518380575103488E-017   2.6924692940995788E-016   6.2015794133534521E-017  -1.8065599126997691E-016  -3.4814536439809439E-017   5.2475385148298415E-017   5.8712002491706210E-002  -4.5403645796975932E-018   4.6428900534734549E-016  -2.4793245211059284E-016   2.2735648009655692E-016   2.6129664638670603E-016  -2.3418553121850279E-016
  -1.4267965978810848E-016  -2.1453840837263117E-015  -5.0522540720406915E-016   8.9018611954712022E-003  -5.9937480715812438E-016   6.6600734216815445E-016  -4.4509305977356740E-003   1.7722703289462280E-016  -4.4509305977367946E-003   8.1340962303611469E-015   9.4512269945439340E-017   1.7469442067979721E-015  -4.0674784498332678E-016  0.12762271451594911        6.8606534705693506E-016   4.9952921031375570E-017  -6.3811357257970186E-002  -1.6515753337425360E-015  -6.3811357257971241E-002  -2.9947342764054429E-014   1.9282019127269312E-014  0.48451417753340731       -2.8617177529575298E-016   6.4637931237922588E-016 -0.24225708876670410        1.3805959413887314E-015 -0.24225708876670080       -9.3635109520710754E-017  -7.2918340685364527E-016  -4.5403645796975932E-018  0.57765433846631908        2.2521589627955713E-016   8.6314520797696987E-016 -0.28882716923316065       -1.9910017644980524E-016 -0.28882716923316271     
   1.0785852925648931E-017   4.6847825352333294E-016   7.4225700260393410E-016  -3.9796376600953821E-016   8.9018611954720071E-003   1.1975186504507662E-015   2.5535756370759623E-016  -2.7160058514151015E-017   7.5458234508613464E-016  -6.5408087225146573E-017  -4.4930490287735884E-016  -2.1250536481528363E-016  -1.3063230455697350E-015   1.8115358117656192E-015  0.12762271451595023       -1.6539351675335858E-015   2.2527391803642827E-016   1.6239065790040018E-015  -3.8265221611981913E-016  -1.1651942957287847E-014   7.9592167719907005E-015   3.4530145127769182E-016  0.48451417753341669        1.1770439715263878E-015  -2.0591540354340020E-016  -1.2229614158388082E-015   1.0253757342987222E-016   2.7801373715430288E-016   6.0516114241261161E-017   4.6428900534734549E-016   2.2521589627955713E-016  0.57765433846635861       -1.5280057204741075E-015   3.2205886720501568E-016   5.2025102433538176E-016   1.6976827251932607E-016
  -4.6474268535696424E-016   1.6033822705661691E-016   1.4380533493898991E-018  -3.2645870044019678E-016   8.2377504379669667E-016   8.9018611954737488E-003   6.0638501064828016E-016   1.0786842425250683E-015  -2.3994589783223085E-015   3.4746929183851709E-015   1.0506841194957741E-015   1.3066333303654340E-016   1.0798537603850155E-015  -2.0391996332627340E-015  -7.0423859775895132E-016  0.12762271451594884       -4.1453991491367898E-015   2.4792556957344401E-015   3.7705544592084008E-016   6.4896325388931114E-015  -6.1548020451942745E-015  -1.0223518266769753E-016  -5.1384427888059247E-016  0.48451417753341508        1.1089312993805675E-015  -2.4443549736922487E-015  -1.3377483562354041E-015  -6.5290320163777842E-016  -4.1086326223623217E-017  -2.4793245211059284E-016   8.6314520797696987E-016  -1.5280057204741075E-015  0.57765433846635406       -1.4118175758245044E-015  -6.5957777976334603E-016   1.8976816036002344E-015
  -1.5680774948615416E-016   1.0973480644851984E-015   6.7378974029717761E-016  -4.4509305977382457E-003  -1.2348734519350816E-017   1.0295471598056831E-015   8.9018611954734331E-003  -7.8091990813853944E-017  -4.4509305977368371E-003  -1.1346316229224461E-014   2.2947701603673686E-016  -8.5991375421750098E-016  -2.8681709475777619E-016  -6.3811357257978443E-002   6.9622720132515910E-016  -1.5271123124729830E-015  0.12762271451593324        2.5198230681937450E-015  -6.3811357257976473E-002   1.4108165834368069E-014  -6.8363220681115595E-015 -0.24225708876670501       -7.1437234112127297E-016   1.2260988258754486E-015  0.48451417753341491       -3.4242018400430631E-015 -0.24225708876670829       -1.4805664203604955E-016   3.9084967595967586E-016   2.2735648009655692E-016 -0.28882716923316065        3.2205886720501568E-016  -1.4118175758245044E-015  0.57765433846632541       -9.7709655037109543E-016 -0.28882716923316459     
  -3.7325188699751469E-016  -3.1045858181477998E-017   1.4463071315827703E-016  -3.5904286678099513E-016   4.2677678285047157E-016   6.5344195250277370E-016   1.1194431900142564E-015   8.9018611954726958E-003  -1.0821836400326406E-015   8.0107856742736292E-016   1.0639402198358766E-016   1.9795427848902667E-017  -6.7426742589297623E-016   1.6147497293277174E-016   4.5912616224619458E-016   9.8743924617354150E-016  -2.0051489087831111E-015  0.12762271451595059        6.1769200052161970E-016   3.1473030900490335E-015  -2.2149537953204301E-015  -1.0410238209662680E-015   3.8052277529041851E-016   2.0372074117707836E-016   2.6939103617111572E-015  0.48451417753341336       -2.3998984494556088E-015  -1.0075172724543860E-017  -2.1028498539636091E-017   2.6129664638670603E-016  -1.9910017644980524E-016   5.2025102433538176E-016  -6.5957777976334603E-016  -9.7709655037109543E-016  0.57765433846635561        1.4111128444124048E-015
   2.9444467985933402E-016   1.2200681671131263E-015  -1.3480281560126187E-016  -4.4509305977330216E-003   6.2277354969553964E-016  -1.6747655672085871E-015  -4.4509305977377565E-003  -9.5514664445491091E-017   8.9018611954736950E-003  -8.1195425201775360E-015  -3.3056536981075484E-016  -6.6268809102878671E-016   7.3759240005826446E-016  -6.3811357257971615E-002  -1.2238762114218330E-015   1.7752015923393185E-015  -6.3811357257963011E-002  -8.1634833170708351E-016  0.12762271451594862       -2.7989979220858539E-014   2.0411344033070838E-014 -0.24225708876670590        1.6019781665489710E-015  -7.4097637544505553E-016 -0.24225708876671068        2.2406460909764455E-015  0.48451417753341253        2.4338992424711027E-016   2.8040076020714032E-016  -2.3418553121850279E-016 -0.28882716923316271        1.6976827251932607E-016   1.8976816036002344E-015 -0.28882716923316459        1.4111128444124048E-015  0.57765433846633141     
