 3.5974604442683891E-005  1.7572618889496441E-011  3.4352389927479925E-011  3.0174623803579853E-016 -1.4843121049126480E-004 -6.5123779073746765E-011 -1.1712835214260694E-010  1.1471926341753033E-016  2.4411545363139544E-016 -1.1598192054542549E-016 -5.2540399032353781E-017 -5.6818947837336764E-017  1.5717175444487718E-016 -2.0716522062216271E-016 -2.9666632182180663E-016  3.8541267155629763E-016 -2.2875035670565637E-016 -5.7851220066046771E-017 -3.9681480906577050E-017  2.4849379286701426E-016 -3.7596052411439147E-016 -3.4297007750841288E-003 -9.7107686410254079E-010 -1.5627750606656411E-009  2.8361181117597927E-016 -1.7948075881873648E-016 -2.0869157109979414E-017 -3.3745558664166552E-017  1.8226038114418595E-016 -2.8257219127265300E-016 -1.0708542854590307E-015 -6.0568050944762490E-003 -1.6396349306491836E-009 -2.6300282485972482E-009  9.2034530772999081E-017 -6.4016134239515811E-017 -1.6000312843865714E-017 -1.5959515167502074E-017  6.3340661512011215E-017 -1.0547012703553584E-016  6.1331630408723809E-016  1.0470455306686719E-003  2.8423653768107002E-010  4.5721003321537413E-010
 1.7572618889496441E-011  3.5974603094505385E-005  3.7247783547098207E-011  8.7685164423540260E-017 -6.4640067104746530E-011 -1.4843121382955216E-004 -1.2715221284742253E-010  1.8664037594036844E-016 -1.5270919003796104E-016 -3.5447801676556372E-017 -1.5436130127858790E-020 -2.4016111452723121E-016  6.7119472974865363E-017  2.9777997688716757E-016 -5.3075790856559918E-016 -2.5965203721094250E-016 -1.8841297431435306E-017 -5.1418686010298680E-017 -3.5593249942318164E-016  4.4828692340505656E-017  4.6679592656918176E-016 -7.5687216661169537E-010 -3.4297006799855517E-003 -1.8730972344460813E-009 -2.1955124776415731E-016 -4.5474394257644565E-018 -3.1768947407999295E-017 -2.8430753901751085E-016  1.5628628977759250E-017  3.1737130551292291E-016 -1.8865803566114294E-015 -1.2475834791246185E-009 -6.0568050106377990E-003 -3.1477175414795777E-009 -1.0242015376742965E-016 -4.3613551574902351E-018 -1.4741461330944952E-017 -1.2680700881618645E-016  1.1857771054097991E-017  8.4867976906473892E-017  1.1041464042910204E-015  2.1678061459091090E-010  1.0470455151696178E-003  5.4773675848304552E-010
 3.4352389927479925E-011  3.7247783547098207E-011  3.5974596174015928E-005  2.2455480698491534E-016 -1.1767867272814963E-010 -1.2695331183332283E-010 -1.4843117479158323E-004  9.2128150660457417E-017  1.0426950200515429E-016 -6.7202694642379296E-017 -5.3160605251465659E-018 -1.6889510310467859E-016 -3.8289104349448077E-017  9.3430685519263028E-017 -1.8182876509855648E-015  1.2317444492117537E-016 -1.1710210427716925E-016 -8.6136346742596400E-018 -1.8350200023361510E-016 -1.5078048547887490E-016  1.7445917346425634E-016 -1.7902685458360624E-009 -1.7847373975834330E-009 -3.4297003693961191E-003  1.7061600991224053E-016 -9.8840219044115823E-017 -3.7185887203962246E-017 -7.4372649768180951E-017 -3.5189417427237558E-017  2.0147678160782897E-016 -5.7425209142562390E-015 -3.0468614701552321E-009 -2.9856382472662896E-009 -6.0568044162230272E-003  1.1790729912717826E-016 -2.6428000812086112E-017  2.3565083006099037E-018  1.4311020115493538E-017 -5.8062115163527306E-017  1.1942765880129275E-016  3.4359511581466249E-015  5.2892103449840350E-010  5.1985841679872986E-010  1.0470454134185686E-003
 3.0174623803579853E-016  8.7685164423540260E-017  2.2455480698491534E-016  7.2123268617760772E-001  1.1039170102137990E-015  2.0398945554557091E-016  1.5326365612217220E-016  2.3789552840048597E-001 -9.9136365393712000E-009 -4.2250690297754593E-008 -1.1246944633105611E-007  1.0388630800003014E-008 -1.2230139449340998E-007 -4.7540752014199861E-010 -1.4971977691794264E-001 -8.8602526857988780E-009 -2.9379666911758780E-008 -9.5299763480360590E-008  7.5755332177923022E-009 -1.0746606025089110E-007  1.2841067840748817E-009 -5.3300430821952949E-016  2.1264883989357358E-015  1.4832406009685894E-015 -4.8361249101184566E-009 -2.3008878718935571E-008 -7.6256667115343920E-008  2.2936193812603308E-009 -8.6016064085625966E-008  2.5419360812826613E-009 -3.5894271470384820E-001 -6.7828124874065626E-016  3.7182199525859009E-015  2.5044104475658722E-015 -1.9773906451609055E-009 -7.9329432789706459E-009 -2.5865958952092860E-008  6.4292747572095490E-010 -2.9328958384704779E-008  1.3340644029305533E-009  1.7371455562847660E-001  1.1820659196109152E-016 -6.4105459554618046E-016 -4.2831701061062781E-016
-1.4843121049126480E-004 -6.4640067104746530E-011 -1.1767867272814963E-010  1.1039170102137990E-015  6.1242714379263678E-004  2.3625156342420121E-010  3.8400297508846618E-010  3.2287158039626048E-016 -1.7401381632054442E-016  2.5722577585220349E-016  1.1226210466952279E-018  1.6387981873327851E-016  6.6908640703230236E-017  9.2112309337483979E-017 -6.5253124137006310E-016 -2.6199617786853995E-016  4.3900985790755871E-016  1.4285257251351605E-016  2.2607931809101621E-016  1.2219968742443906E-016  1.6064312720702890E-016  1.4150944688764719E-002  3.2568832591776953E-009  4.1542767608088518E-009 -2.0116372788212725E-016  3.7234489982006833E-016  1.6018326301666992E-017  1.8460851418302851E-016  8.5152451658355946E-017  1.5150006860805736E-016 -1.3143953277045643E-015  2.4990376567314301E-002  5.4410327202970843E-009  6.8007949451521880E-009 -3.0304594188895059E-017  1.2666275047691816E-016  4.8404263454098463E-017  8.7612727306829606E-017  4.0755654391122605E-017  6.3976227303436306E-017  7.6974317703354022E-016 -4.3201096430190147E-003 -9.4386137989600771E-010 -1.1862000409701423E-009
-6.5123779073746765E-011 -1.4843121382955216E-004 -1.2695331183332283E-010  2.0398945554557091E-016  2.3625156342420121E-010  6.1242719429141002E-004  4.1433775713125036E-010 -5.5082117831485065E-016  3.1515321376925651E-016 -1.6022306677030037E-016 -5.5495598163437740E-017  1.9760392243377572E-016  8.6716944967751011E-017 -1.2041442300965129E-016 -4.3866214957557560E-017  5.4240895184650197E-016 -2.9574864051520375E-016 -6.9746924361890523E-018  3.3503258591298794E-016  8.6113475738037726E-017 -2.6353964797906468E-016  2.4191899356158786E-009  1.4150945144968181E-002  5.1799492304001327E-009  5.2000902388780160E-016 -2.5379713047462322E-016 -2.8702252633268354E-017  3.4597233601211392E-016  1.3348978054168842E-016 -9.6533790095572454E-017  5.4884610107845021E-016  3.9048673257553734E-009  2.4990377719978019E-002  8.4869544733981450E-009  2.8261306858306102E-016 -7.6735132564523243E-017 -8.2803371085130678E-019  2.2900836977229544E-016  1.2928748526262098E-017  8.4004748568519090E-017 -2.5292048983370333E-016 -6.7961665949859557E-010 -4.3201098381310359E-003 -1.4819513856627504E-009
-1.1712835214260694E-010 -1.2715221284742253E-010 -1.4843117479158323E-004  1.5326365612217220E-016  3.8400297508846618E-010  4.1433775713125036E-010  6.1242698996366173E-004  3.4639855995063669E-017  3.7914476179260572E-017 -3.6350167591466926E-016 -2.6753913853696846E-017 -6.2181703018613154E-017 -1.1310475229330004E-016 -9.4582627969348248E-017  3.4781655937050153E-015  1.7272444937675380E-016 -7.2344951589663147E-016 -1.9265332149341440E-016 -3.3045616539947709E-016  5.1038889970820986E-017 -3.1317544225373358E-016  5.0404497066512503E-009  4.8343400148916776E-009  1.4150942863964061E-002 -2.0712736274458404E-016 -4.7236270248202507E-016 -1.2952061464370142E-017 -4.8668294982416538E-016 -2.7135605107757123E-016 -5.3458307753917901E-016  1.0670791867754687E-014  8.4279960906258680E-009  7.8517045783935840E-009  2.4990373502297863E-002 -3.0934397382596014E-016 -2.1407213776075963E-016 -7.4372813483335234E-017 -3.4141879283143158E-016  8.5063452030278163E-017 -3.8752860221512001E-016 -6.4355256074924603E-015 -1.4660626689356224E-009 -1.3727146692022081E-009 -4.3201091131674372E-003
 1.1471926341753033E-016  1.8664037594036844E-016  9.2128150660457417E-017  2.3789552840048597E-001  3.2287158039626048E-016 -5.5082117831485065E-016  3.4639855995063669E-017  7.8530936934147796E-002  1.9837941177052908E-008  8.2267158465473531E-008  1.5387928363080687E-007  3.1033166665767821E-008  1.8304077004441403E-007 -5.0871238388723718E-008 -5.3411890334065411E-002  4.4470038619858293E-008  1.9182271523739108E-007  2.9052296767427465E-007  9.6614228614670423E-008  3.5356615440781770E-007 -1.4108446134740641E-007 -1.1942861403330435E-015 -1.3402312195848249E-014  1.0964032931519194E-015  3.3006362016379011E-008  1.3945070739725011E-007  2.0977314878403391E-007  6.9352690733443751E-008  2.5547549238879507E-007 -1.0235923672235860E-007 -1.3162875466084140E-001 -2.0416002770837818E-015 -2.3684515901258297E-014  1.8576497042717778E-015  1.2147748157802234E-008  5.1881241453699342E-008  7.6703908569580457E-008  2.6492370532781066E-008  9.3681034719601573E-008 -3.8640250058733146E-008  6.5228072485560520E-002  3.5329577688768554E-016  4.0929711248961430E-015 -3.2038682454344985E-016
 2.4411545363139544E-016 -1.5270919003796104E-016  1.0426950200515429E-016 -9.9136365393712000E-009 -1.7401381632054442E-016  3.1515321376925651E-016  3.7914476179260572E-017  1.9837941177052908E-008  1.2598749054949923E-001 -3.2356192723050348E-003  9.3986537487046606E-004 -6.0858052562773893E-002  1.1786833408070057E-003 -6.5129437986520627E-002  9.0017483590998587E-010  1.8097963839550393E-001 -2.9716473293315886E-002  8.6318755620315088E-003 -7.0875152329879176E-002  1.0825287130554997E-002 -1.1010448606525350E-001  6.3363773914661835E-016  2.7371426042583008E-015 -2.1823644056189129E-015  1.3204941224231681E-001 -2.1663689346714324E-002  6.2927485281287759E-003 -5.1725364731184435E-002  7.8917722236668229E-003 -8.0324047510607843E-002 -1.1629239379619730E-008  1.0518632303436392E-015  4.7605826222288690E-015 -3.9990586646766240E-015  4.7003713387428911E-002 -8.5707640781917654E-003  2.4895880648468506E-003 -1.7844634564280523E-002  3.1222070711159925E-003 -2.9159078822731169E-002  4.5295633216492254E-009 -1.8193331878454782E-016 -8.2396950850146656E-016  6.8415486502480228E-016
-1.1598192054542549E-016 -3.5447801676556372E-017 -6.7202694642379296E-017 -4.2250690297754593E-008  2.5722577585220349E-016 -1.6022306677030037E-016 -3.6350167591466926E-016  8.2267158465473531E-008 -3.2356192723050348E-003  1.3132518876795196E-001  1.3610252058320546E-003  7.6893386418072987E-004  1.9197862702751180E-003  2.4666854081079985E-003 -9.6453531252748640E-009 -2.9716471709972096E-002  2.3000221232201701E-001  1.2499948866456289E-002  7.0621730232371949E-003  1.7631632950669569E-002  2.2654298686694392E-002  2.1803732761468850E-016 -9.2763554303692672E-017  4.3270172659437229E-016 -2.1663687679511920E-002  1.6778749660258216E-001  9.1126235203481225E-003  5.1484149341700230E-003  1.2853686750284834E-002  1.6515272745270815E-002 -3.3700715346509681E-008  7.8695074850463523E-016 -8.1836758427336322E-017  4.9941797091525162E-016 -8.5707635465975696E-003  6.1142704745115080E-002  3.6052103012328349E-003  2.0368583436859138E-003  5.0852798698829676E-003  6.5339052028522693E-003  1.4446523232834654E-008 -1.3229309835277699E-016  1.5920369845839788E-017 -8.0961803718278260E-017
-5.2540399032353781E-017 -1.5436130127858790E-020 -5.3160605251465659E-018 -1.1246944633105611E-007  1.1226210466952279E-018 -5.5495598163437740E-017 -2.6753913853696846E-017  1.5387928363080687E-007  9.3986537487046606E-004  1.3610252058320546E-003  1.2562997551923122E-001  1.6625602335022978E-003  2.8482652868340660E-003 -2.6024256083725592E-003 -1.6508711021408456E-008  8.6318781053085231E-003  1.2499951477200212E-002  1.7769643087072556E-001  1.5269433730249336E-002  2.6158934746278575E-002 -2.3901311835555349E-002 -1.0682703433907932E-015 -2.0748549186227752E-016  9.2434439658982860E-016  6.2927499628453749E-003  9.1126255241801152E-003  1.2965591101680060E-001  1.1131611008797605E-002  1.9070199049092788E-002 -1.7424360971648522E-002 -5.2814618370269472E-008 -1.6649298311614725E-015 -5.6718633968315404E-016  1.5314646547237665E-015  2.4895886845528294E-003  3.6052110391681927E-003  4.6056778524849289E-002  4.4039791692591966E-003  7.5447066841262227E-003 -6.8935678538201636E-003  2.2646302846412959E-008  2.8972826004833557E-016  9.6103187400935234E-017 -2.6333153995088049E-016
-5.6818947837336764E-017 -2.4016111452723121E-016 -1.6889510310467859E-016  1.0388630800003014E-008  1.6387981873327851E-016  1.9760392243377572E-016 -6.2181703018613154E-017  3.1033166665767821E-008 -6.0858052562773893E-002  7.6893386418072987E-004  1.6625602335022978E-003  1.2477335754035182E-001  2.1953320638771270E-003 -6.3915304977757076E-002 -1.3343271034726967E-009 -7.0875143183490086E-002  7.0621526234429990E-003  1.5269431796544528E-002  1.6982866748565922E-001  2.0162447887384340E-002 -9.8953524302400758E-002  5.7166474300637557E-016  3.0173816774042574E-015  9.3583137168036545E-017 -5.1725357930021185E-002  5.1484001875581626E-003  1.1131609785801688E-002  1.2392021409888362E-001  1.4698682660674988E-002 -7.2194856169154276E-002 -3.1963105903161761E-008  1.1550241595061644E-015  5.2233980403382643E-015  1.7816701504259648E-016 -1.7844631899954371E-002  2.0368526261907672E-003  4.4039787256349499E-003  4.3787572784051904E-002  5.8152125797779688E-003 -2.5942940884338420E-002  1.3906877224779089E-008 -1.9800753362424491E-016 -9.0496407223170434E-016 -2.6531198764289633E-017
 1.5717175444487718E-016  6.7119472974865363E-017 -3.8289104349448077E-017 -1.2230139449340998E-007  6.6908640703230236E-017  8.6716944967751011E-017 -1.1310475229330004E-016  1.8304077004441403E-007  1.1786833408070057E-003  1.9197862702751180E-003  2.8482652868340660E-003  2.1953320638771270E-003  1.2724883528862041E-001 -3.3740154046836904E-003 -1.9046972898147021E-008  1.0825279124425373E-002  1.7631651090403926E-002  2.6158932744441116E-002  2.0162446869524037E-002  1.9256434469907416E-001 -3.0987725993946010E-002 -6.4991109296628266E-017  4.6790838461579648E-016 -1.8097277253213748E-015  7.8917662207319515E-003  1.2853700297237900E-002  1.9070197815686300E-002  1.4698682103304592E-002  1.4049481086305787E-001 -2.2590448324036477E-002 -6.9228662522295877E-008  1.2455758213912023E-016  6.6149935738027253E-016 -3.3879140031824829E-015  3.1222048248028943E-003  5.0852850708802836E-003  7.5447062597557516E-003  5.8152123317853997E-003  5.0344951678319622E-002 -8.9374171565902317E-003  2.9682551430979497E-008 -2.0416173221148249E-017 -1.1625631253178344E-016  5.8651269795230587E-016
-2.0716522062216271E-016  2.9777997688716757E-016  9.3430685519263028E-017 -4.7540752014199861E-010  9.2112309337483979E-017 -1.2041442300965129E-016 -9.4582627969348248E-017 -5.0871238388723718E-008 -6.5129437986520627E-002  2.4666854081079985E-003 -2.6024256083725592E-003 -6.3915304977757076E-002 -3.3740154046836904E-003  1.2904474296425217E-001  4.3386418316669140E-010 -1.1010449521173141E-001  2.2654320669810421E-002 -2.3901307358578532E-002 -9.8953515156009697E-002 -3.0987735017943101E-002  2.0905801036760144E-001  6.8891437270265648E-016  3.3110767350107431E-015 -6.5740667399337786E-016 -8.0324054312089554E-002  1.6515289159110626E-002 -1.7424358313932287E-002 -7.2194849367866770E-002 -2.2590454884344552E-002  1.5251890367972359E-001  4.3591322519947323E-008  1.1382737646495712E-015  6.0257482028242791E-015 -1.0288395699577918E-015 -2.9159081487401577E-002  6.5339114519834523E-003 -6.8935667904825460E-003 -2.5942938219830073E-002 -8.9374196508950829E-003  5.5102019707055333E-002 -1.8435804021300732E-008 -1.9834026917470182E-016 -1.0386831351285658E-015  1.8075386995281657E-016
-2.9666632182180663E-016 -5.3075790856559918E-016 -1.8182876509855648E-015 -1.4971977691794264E-001 -6.5253124137006310E-016 -4.3866214957557560E-017  3.4781655937050153E-015 -5.3411890334065411E-002  9.0017483590998587E-010 -9.6453531252748640E-009 -1.6508711021408456E-008 -1.3343271034726967E-009 -1.9046972898147021E-008  4.3386418316669140E-010  2.9223436560057359E-001 -2.2555463875762946E-009 -3.5559095578274139E-008 -4.7915640508680536E-008 -1.1550833777418563E-008 -5.6175895120599601E-008  1.3805989999921757E-008 -5.4364118580916484E-015 -1.2047363382024157E-014  1.7582207156210198E-014 -4.1015547876085197E-009 -2.9191429157704625E-008 -3.6766575202632087E-008 -5.5645712429975690E-009 -4.3252096570601151E-008  9.6659941476405758E-009  9.3258721621048446E-001 -8.4065354564188266E-015 -2.1010594760580709E-014  3.3710373901872120E-014 -1.2695729389093868E-009 -1.0144648234086326E-008 -1.2401142636746210E-008 -2.0707827634575257E-009 -1.5014797492348975E-008  3.3404278893115803E-009 -5.5020888600679430E-001  1.4498977414276195E-015  3.7588371524761144E-015 -5.7780545295731380E-015
 3.8541267155629763E-016 -2.5965203721094250E-016  1.2317444492117537E-016 -8.8602526857988780E-009 -2.6199617786853995E-016  5.4240895184650197E-016  1.7272444937675380E-016  4.4470038619858293E-008  1.8097963839550393E-001 -2.9716471709972096E-002  8.6318781053085231E-003 -7.0875143183490086E-002  1.0825279124425373E-002 -1.1010449521173141E-001 -2.2555463875762946E-009  2.6861186637914813E-001 -8.5884390531064475E-002  2.4947228545780083E-002 -7.7617012605119162E-002  3.1286470672017452E-002 -1.9099485377349854E-001  1.3651488883584920E-015  4.6612604526267004E-015 -1.9254740529293787E-015  1.9598272518139231E-001 -6.2632460600323389E-002  1.8193135797892408E-002 -5.6650132347223492E-002  2.2816119918263159E-002 -1.3933259283341165E-001 -3.2073482018703573E-008  2.2858961187305215E-015  8.0649477407345335E-015 -3.5857596264121945E-015  7.0057226709810017E-002 -2.3775343028980905E-002  6.9061321452352463E-003 -1.9335441377909306E-002  8.6610218005025389E-003 -5.0721785331299729E-002  1.3787955071566885E-008 -3.9556478722523175E-016 -1.3966283229384793E-015  6.0886642259290575E-016
-2.2875035670565637E-016 -1.8841297431435306E-017 -1.1710210427716925E-016 -2.9379666911758780E-008  4.3900985790755871E-016 -2.9574864051520375E-016 -7.2344951589663147E-016  1.9182271523739108E-007 -2.9716473293315886E-002  2.3000221232201701E-001  1.2499951477200212E-002  7.0621526234429990E-003  1.7631651090403926E-002  2.2654320669810421E-002 -3.5559095578274139E-008 -8.5884390531064475E-002  4.1029341685136889E-001  3.6126469714177441E-002  2.0410597304185794E-002  5.0957694035517212E-002  6.5473793226740601E-002 -9.4361340073610873E-016  4.9920190153774496E-016 -5.1405196315422284E-016 -6.2632459760621068E-002  2.9930609073305003E-001  2.6345763198398188E-002  1.4884730524379377E-002  3.7161652585812360E-002  4.7747729236018756E-002 -1.0372768236954332E-007 -9.1516316983869617E-016  1.0131479496597561E-015 -1.3675970278592633E-015 -2.3775342920332260E-002  1.0927887779280768E-001  1.0000877913263482E-002  5.6502593657276733E-003  1.4106599754371649E-002  1.8125083554422376E-002  4.7196420271576004E-008  1.6493154319852977E-016 -1.7206581135302722E-016  2.4732373673698845E-016
-5.7851220066046771E-017 -5.1418686010298680E-017 -8.6136346742596400E-018 -9.5299763480360590E-008  1.4285257251351605E-016 -6.9746924361890523E-018 -1.9265332149341440E-016  2.9052296767427465E-007  8.6318755620315088E-003  1.2499948866456289E-002  1.7769643087072556E-001  1.5269431796544528E-002  2.6158932744441116E-002 -2.3901307358578532E-002 -4.7915640508680536E-008  2.4947228545780083E-002  3.6126469714177441E-002  2.5912304217971460E-001  4.4130655195624605E-002  7.5602663417881244E-002 -6.9077883741390927E-002  1.1381818566547749E-015  4.8604949558321855E-016 -1.6046006203441670E-015  1.8193135123737381E-002  2.6345763401103083E-002  1.8906285919556406E-001  3.2182930308964859E-002  5.5134360362662144E-002 -5.0376065432691533E-002 -1.4743404754094828E-007  2.4095867561154477E-015  5.2682962153550848E-016 -3.0474639030564748E-015  6.9061320988892134E-003  1.0000877990993163E-002  6.7430439923000726E-002  1.2216672617547379E-002  2.0929057585166992E-002 -1.9122804716435370E-002  6.7041891122269180E-008 -4.1310395864718818E-016 -9.4465100284789219E-017  5.2909841358732628E-016
-3.9681480906577050E-017 -3.5593249942318164E-016 -1.8350200023361510E-016  7.5755332177923022E-009  2.2607931809101621E-016  3.3503258591298794E-016 -3.3045616539947709E-016  9.6614228614670423E-008 -7.0875152329879176E-002  7.0621730232371949E-003  1.5269433730249336E-002  1.6982866748565922E-001  2.0162446869524037E-002 -9.8953515156009697E-002 -1.1550833777418563E-008 -7.7617012605119162E-002  2.0410597304185794E-002  4.4130655195624605E-002  2.3638410971038781E-001  5.8272084092409200E-002 -1.5876709710555298E-001  6.5503463351865280E-016  5.0704799450874597E-015 -5.1790912658809076E-015 -5.6650132287585003E-002  1.4884730675103399E-002  3.2182930507025559E-002  1.7248016090821477E-001  4.2495778403981575E-002 -1.1583002862098349E-001 -7.5348860662188908E-008  1.4259181320992865E-015  8.7590510156771661E-015 -9.1923900262347624E-015 -1.9335440957880652E-002  5.6502588237002209E-003  1.2216672768404619E-002  6.1135629134841094E-002  1.6131439659711123E-002 -4.1800188177254977E-002  3.3428097063147293E-008 -2.4365325525934180E-016 -1.5174832043664214E-015  1.5947701453198045E-015
 2.4849379286701426E-016  4.4828692340505656E-017 -1.5078048547887490E-016 -1.0746606025089110E-007  1.2219968742443906E-016  8.6113475738037726E-017  5.1038889970820986E-017  3.5356615440781770E-007  1.0825287130554997E-002  1.7631632950669569E-002  2.6158934746278575E-002  2.0162447887384340E-002  1.9256434469907416E-001 -3.0987735017943101E-002 -5.6175895120599601E-008  3.1286470672017452E-002  5.0957694035517212E-002  7.5602663417881244E-002  5.8272084092409200E-002  3.0209322184124809E-001 -8.9558554764409895E-002 -3.0250602037607927E-016 -8.8328626879609036E-016  3.4378224852369705E-015  2.2816119535274067E-002  3.7161653095417330E-002  5.5134360657548585E-002  4.2495778701105297E-002  2.2039949808482978E-001 -6.5311898236358190E-002 -1.8487979161301276E-007 -7.1671048549322350E-017 -1.8683292547602410E-015  5.7124089698059271E-015  8.6610216482012510E-003  1.4106600408520711E-002  2.0929057807168226E-002  1.6131439650338371E-002  7.9325858397200938E-002 -2.4792461298528624E-002  8.3581129415590764E-008  1.5163253441175814E-017  3.1937714842273799E-016 -9.8574625712925271E-016
-3.7596052411439147E-016  4.6679592656918176E-016  1.7445917346425634E-016  1.2841067840748817E-009  1.6064312720702890E-016 -2.6353964797906468E-016 -3.1317544225373358E-016 -1.4108446134740641E-007 -1.1010448606525350E-001  2.2654298686694392E-002 -2.3901311835555349E-002 -9.8953524302400758E-002 -3.0987725993946010E-002  2.0905801036760144E-001  1.3805989999921757E-008 -1.9099485377349854E-001  6.5473793226740601E-002 -6.9077883741390927E-002 -1.5876709710555298E-001 -8.9558554764409895E-002  3.4976195087880541E-001  8.6178287719630329E-016  4.4532827444156268E-015 -3.7763783464465764E-015 -1.3933259289342032E-001  4.7747729925119269E-002 -5.0376066304907929E-002 -1.1583002856119876E-001 -6.5311898322232526E-002  2.5516262145421559E-001  1.0742094773853045E-007  1.3776993534186662E-015  8.2265607095901670E-015 -6.4374503100470047E-015 -5.0721785751791704E-002  1.8125084205242097E-002 -1.9122804913635952E-002 -4.1800187757003990E-002 -2.4792461460208911E-002  9.2521973508489230E-002 -4.7215181168112387E-008 -2.4061090608939429E-016 -1.4164019740685576E-015  1.1181820548338673E-015
-3.4297007750841288E-003 -7.5687216661169537E-010 -1.7902685458360624E-009 -5.3300430821952949E-016  1.4150944688764719E-002  2.4191899356158786E-009  5.0404497066512503E-009 -1.1942861403330435E-015  6.3363773914661835E-016  2.1803732761468850E-016 -1.0682703433907932E-015  5.7166474300637557E-016 -6.4991109296628266E-017  6.8891437270265648E-016 -5.4364118580916484E-015  1.3651488883584920E-015 -9.4361340073610873E-016  1.1381818566547749E-015  6.5503463351865280E-016 -3.0250602037607927E-016  8.6178287719630329E-016  3.2697642097376606E-001  5.0179478905398867E-009  7.4362379309800275E-009  7.6442043062638783E-016  5.1577868831301347E-016 -1.2073637798517926E-015  9.3200402589236618E-016 -3.1274915219752180E-016  1.4216599819064332E-015 -3.4945142687892244E-015  5.7743592873024374E-001  1.6852895696990816E-009  7.5651132580567548E-010  1.2515341477813901E-015 -5.0317905000273986E-017  5.3667468785559231E-016  8.3948466749599814E-016  1.0218850542117816E-016  7.1142138028974977E-016  3.1752775114221228E-015 -9.9821886125394069E-002 -3.6677949619098558E-010 -3.7432624361288802E-010
-9.7107686410254079E-010 -3.4297006799855517E-003 -1.7847373975834330E-009  2.1264883989357358E-015  3.2568832591776953E-009  1.4150945144968181E-002  4.8343400148916776E-009 -1.3402312195848249E-014  2.7371426042583008E-015 -9.2763554303692672E-017 -2.0748549186227752E-016  3.0173816774042574E-015  4.6790838461579648E-016  3.3110767350107431E-015 -1.2047363382024157E-014  4.6612604526267004E-015  4.9920190153774496E-016  4.8604949558321855E-016  5.0704799450874597E-015 -8.8328626879609036E-016  4.4532827444156268E-015  5.0179478905398867E-009  3.2697641509472497E-001  1.0177507125258556E-008  6.2729267966654547E-015 -5.1557934466288020E-016 -1.9031329000804424E-016  6.0457006914270142E-015  9.8866987247432334E-016  5.4604913664010330E-015 -2.4048888525803243E-014  3.7261260300883807E-010  5.7743592636617225E-001  2.7054702923022103E-009  4.4400037992172106E-015  2.0448913331258556E-016  1.1845109004242766E-016  4.5826759907894238E-015 -4.7013691077123938E-016  4.7400633254570772E-015  1.6312868904132350E-014 -1.7020875446534965E-010 -9.9821885620822892E-002 -8.0975565063447830E-010
-1.5627750606656411E-009 -1.8730972344460813E-009 -3.4297003693961191E-003  1.4832406009685894E-015  4.1542767608088518E-009  5.1799492304001327E-009  1.4150942863964061E-002  1.0964032931519194E-015 -2.1823644056189129E-015  4.3270172659437229E-016  9.2434439658982860E-016  9.3583137168036545E-017 -1.8097277253213748E-015 -6.5740667399337786E-016  1.7582207156210198E-014 -1.9254740529293787E-015 -5.1405196315422284E-016 -1.6046006203441670E-015 -5.1790912658809076E-015  3.4378224852369705E-015 -3.7763783464465764E-015  7.4362379309800275E-009  1.0177507125258556E-008  3.2697641877458516E-001 -9.1017262196167702E-015  9.0456243925418231E-016  1.7774716610269377E-015 -9.4532696772328573E-015 -4.6229743876551901E-015 -9.8286791866225586E-015  3.9889141434562840E-014  2.1944573935783751E-009  2.1299180149476436E-009  5.7743592848708447E-001 -8.7362475429498234E-015 -6.1881819309993404E-016 -9.5761823953164154E-016 -7.2421469006806175E-015  2.5896370023996732E-015 -8.0127184028943528E-015 -2.4747052140995378E-014 -5.8979059136543555E-010 -7.2365016632647457E-010 -9.9821886083374153E-002
 2.8361181117597927E-016 -2.1955124776415731E-016  1.7061600991224053E-016 -4.8361249101184566E-009 -2.0116372788212725E-016  5.2000902388780160E-016 -2.0712736274458404E-016  3.3006362016379011E-008  1.3204941224231681E-001 -2.1663687679511920E-002  6.2927499628453749E-003 -5.1725357930021185E-002  7.8917662207319515E-003 -8.0324054312089554E-002 -4.1015547876085197E-009  1.9598272518139231E-001 -6.2632459760621068E-002  1.8193135123737381E-002 -5.6650132287585003E-002  2.2816119535274067E-002 -1.3933259289342032E-001  7.6442043062638783E-016  6.2729267966654547E-015 -9.1017262196167702E-015  1.4299155996394824E-001 -4.5675638618537795E-002  1.3267610855029345E-002 -4.1347084168778803E-002  1.6638988594719156E-002 -1.0164447579461700E-001 -3.1167310079527940E-008  1.2588177784589673E-015  1.0956264558968331E-014 -1.6208815977566550E-014  5.1114457016359902E-002 -1.7338885859491959E-002  5.0365052159794012E-003 -1.4112510123505572E-002  6.3163110303504260E-003 -3.7001946892415830E-002  1.4620882769063542E-008 -2.1790451129729293E-016 -1.8957943324277388E-015  2.7940023759517319E-015
-1.7948075881873648E-016 -4.5474394257644565E-018 -9.8840219044115823E-017 -2.3008878718935571E-008  3.7234489982006833E-016 -2.5379713047462322E-016 -4.7236270248202507E-016  1.3945070739725011E-007 -2.1663689346714324E-002  1.6778749660258216E-001  9.1126255241801152E-003  5.1484001875581626E-003  1.2853700297237900E-002  1.6515289159110626E-002 -2.9191429157704625E-008 -6.2632460600323389E-002  2.9930609073305003E-001  2.6345763401103083E-002  1.4884730675103399E-002  3.7161653095417330E-002  4.7747729925119269E-002  5.1577868831301347E-016 -5.1557934466288020E-016  9.0456243925418231E-016 -4.5675638618537795E-002  2.1834163888100491E-001  1.9213034886879553E-002  1.0854908513249590E-002  2.7100680818497341E-002  3.4820730105125625E-002 -8.6647093331879144E-008  1.4588657416061675E-015 -8.1452240370469634E-016  1.2620253675451628E-015 -1.7338886001805113E-002  7.9718029665582113E-002  7.2934423321547211E-003  4.1206223647067605E-003  1.0287663902720245E-002  1.3218263636965478E-002  4.1099270448247734E-008 -2.4728861689713181E-016  1.4305268387188523E-016 -2.1021246299590808E-016
-2.0869157109979414E-017 -3.1768947407999295E-017 -3.7185887203962246E-017 -7.6256667115343920E-008  1.6018326301666992E-017 -2.8702252633268354E-017 -1.2952061464370142E-017  2.0977314878403391E-007  6.2927485281287759E-003  9.1126235203481225E-003  1.2965591101680060E-001  1.1131609785801688E-002  1.9070197815686300E-002 -1.7424358313932287E-002 -3.6766575202632087E-008  1.8193135797892408E-002  2.6345763198398188E-002  1.8906285919556406E-001  3.2182930507025559E-002  5.5134360657548585E-002 -5.0376066304907929E-002 -1.2073637798517926E-015 -1.9031329000804424E-016  1.7774716610269377E-015  1.3267610855029345E-002  1.9213034886879553E-002  1.3794514579009753E-001  2.3469872009493443E-002  4.0207540871858474E-002 -3.6737482864514989E-002 -1.1474226796091488E-007 -1.8407050581082110E-015 -5.7795336427336843E-016  2.9830739962211124E-015  5.0365053596080570E-003  7.2934423341680481E-003  4.9198793338095861E-002  8.9093765722960683E-003  1.5263146938329555E-002 -1.3945881931903241E-002  5.3600665891992590E-008  3.2071641400495528E-016  9.7437154338942937E-017 -5.1402302697969512E-016
-3.3745558664166552E-017 -2.8430753901751085E-016 -7.4372649768180951E-017  2.2936193812603308E-009  1.8460851418302851E-016  3.4597233601211392E-016 -4.8668294982416538E-016  6.9352690733443751E-008 -5.1725364731184435E-002  5.1484149341700230E-003  1.1131611008797605E-002  1.2392021409888362E-001  1.4698682103304592E-002 -7.2194849367866770E-002 -5.5645712429975690E-009 -5.6650132347223492E-002  1.4884730524379377E-002  3.2182930308964859E-002  1.7248016090821477E-001  4.2495778701105297E-002 -1.1583002856119876E-001  9.3200402589236618E-016  6.0457006914270142E-015 -9.4532696772328573E-015 -4.1347084168778803E-002  1.0854908513249590E-002  2.3469872009493443E-002  1.2585197321620284E-001  3.0990669174319821E-002 -8.4504889047682163E-002 -4.6168152975585618E-008  1.8422335409985399E-015  1.0534125486842288E-014 -1.6727996745074893E-014 -1.4112509828322220E-002  4.1206219316412569E-003  8.9093766333226757E-003  4.4608113748221004E-002  1.1764339104733625E-002 -3.0495603920113731E-002  1.9300887296931114E-008 -3.1639202254131987E-016 -1.8234500142627058E-015  2.8959240199385533E-015
 1.8226038114418595E-016  1.5628628977759250E-017 -3.5189417427237558E-017 -8.6016064085625966E-008  8.5152451658355946E-017  1.3348978054168842E-016 -2.7135605107757123E-016  2.5547549238879507E-007  7.8917722236668229E-003  1.2853686750284834E-002  1.9070199049092788E-002  1.4698682660674988E-002  1.4049481086305787E-001 -2.2590454884344552E-002 -4.3252096570601151E-008  2.2816119918263159E-002  3.7161652585812360E-002  5.5134360362662144E-002  4.2495778403981575E-002  2.2039949808482978E-001 -6.5311898322232526E-002 -3.1274915219752180E-016  9.8866987247432334E-016 -4.6229743876551901E-015  1.6638988594719156E-002  2.7100680818497341E-002  4.0207540871858474E-002  3.0990669174319821E-002  1.6079784907325928E-001 -4.7629657769023531E-002 -1.4373407578114738E-007 -2.1490456002325408E-016  1.5209689351482744E-015 -8.4257980808920701E-015  6.3163110237737762E-003  1.0287664245582032E-002  1.5263147024731239E-002  1.1764339019697992E-002  5.7873886226804033E-002 -1.8080650043463754E-002  6.6720863116265130E-008  3.9173473840941845E-017 -2.6555930376787825E-016  1.4578616308031565E-015
-2.8257219127265300E-016  3.1737130551292291E-016  2.0147678160782897E-016  2.5419360812826613E-009  1.5150006860805736E-016 -9.6533790095572454E-017 -5.3458307753917901E-016 -1.0235923672235860E-007 -8.0324047510607843E-002  1.6515272745270815E-002 -1.7424360971648522E-002 -7.2194856169154276E-002 -2.2590448324036477E-002  1.5251890367972359E-001  9.6659941476405758E-009 -1.3933259283341165E-001  4.7747729236018756E-002 -5.0376065432691533E-002 -1.1583002862098349E-001 -6.5311898236358190E-002  2.5516262145421559E-001  1.4216599819064332E-015  5.4604913664010330E-015 -9.8286791866225586E-015 -1.0164447579461700E-001  3.4820730105125625E-002 -3.6737482864514989E-002 -8.4504889047682163E-002 -4.7629657769023531E-002  1.8614936484200484E-001  7.7334924723337483E-008  2.4054440349400024E-015  9.9072946772986753E-015 -1.7188374124665784E-014 -3.7001947187840889E-002  1.3218263927788691E-002 -1.3945881849298659E-002 -3.0495603624805079E-002 -1.8080650135077828E-002  6.7497550812422424E-002 -3.3921414849033397E-008 -4.1761642765499004E-016 -1.7085025818924444E-015  2.9752612594890011E-015
-1.0708542854590307E-015 -1.8865803566114294E-015 -5.7425209142562390E-015 -3.5894271470384820E-001 -1.3143953277045643E-015  5.4884610107845021E-016  1.0670791867754687E-014 -1.3162875466084140E-001 -1.1629239379619730E-008 -3.3700715346509681E-008 -5.2814618370269472E-008 -3.1963105903161761E-008 -6.9228662522295877E-008  4.3591322519947323E-008  9.3258721621048446E-001 -3.2073482018703573E-008 -1.0372768236954332E-007 -1.4743404754094828E-007 -7.5348860662188908E-008 -1.8487979161301276E-007  1.0742094773853045E-007 -3.4945142687892244E-015 -2.4048888525803243E-014  3.9889141434562840E-014 -3.1167310079527940E-008 -8.6647093331879144E-008 -1.1474226796091488E-007 -4.6168152975585618E-008 -1.4373407578114738E-007  7.7334924723337483E-008  2.9980156629524561E+000 -2.1993324254102374E-015 -4.1606521525811646E-014  7.9163873620786268E-014 -1.0676935562581958E-008 -2.9635728436008205E-008 -3.8499387973358733E-008 -1.6639075230921035E-008 -4.9787662858235236E-008  2.7316174447563051E-008 -1.7757898851928942E+000  3.6937602132666907E-016  7.6092260212860586E-015 -1.3521673478672286E-014
-6.0568050944762490E-003 -1.2475834791246185E-009 -3.0468614701552321E-009 -6.7828124874065626E-016  2.4990376567314301E-002  3.9048673257553734E-009  8.4279960906258680E-009 -2.0416002770837818E-015  1.0518632303436392E-015  7.8695074850463523E-016 -1.6649298311614725E-015  1.1550241595061644E-015  1.2455758213912023E-016  1.1382737646495712E-015 -8.4065354564188266E-015  2.2858961187305215E-015 -9.1516316983869617E-016  2.4095867561154477E-015  1.4259181320992865E-015 -7.1671048549322350E-017  1.3776993534186662E-015  5.7743592873024374E-001  3.7261260300883807E-010  2.1944573935783751E-009  1.2588177784589673E-015  1.4588657416061675E-015 -1.8407050581082110E-015  1.8422335409985399E-015 -2.1490456002325408E-016  2.4054440349400024E-015 -2.1993324254102374E-015  1.0197440255648016E+000 -1.2015287253973433E-008 -1.7980084698887566E-008  2.1767740681875228E-015  1.1216832126482648E-016  1.0542997102440129E-015  1.5544650806831235E-015  3.0463638957476218E-016  1.2178327071292370E-015  3.2124828192735088E-015 -1.7628409825626606E-001  1.9438644837453771E-009  2.6781325351832308E-009
-1.6396349306491836E-009 -6.0568050106377990E-003 -2.9856382472662896E-009  3.7182199525859009E-015  5.4410327202970843E-009  2.4990377719978019E-002  7.8517045783935840E-009 -2.3684515901258297E-014  4.7605826222288690E-015 -8.1836758427336322E-017 -5.6718633968315404E-016  5.2233980403382643E-015  6.6149935738027253E-016  6.0257482028242791E-015 -2.1010594760580709E-014  8.0649477407345335E-015  1.0131479496597561E-015  5.2682962153550848E-016  8.7590510156771661E-015 -1.8683292547602410E-015  8.2265607095901670E-015  1.6852895696990816E-009  5.7743592636617225E-001  2.1299180149476436E-009  1.0956264558968331E-014 -8.1452240370469634E-016 -5.7795336427336843E-016  1.0534125486842288E-014  1.5209689351482744E-015  9.9072946772986753E-015 -4.1606521525811646E-014 -1.2015287253973433E-008  1.0197440355499789E+000 -2.3201444349085776E-008  7.7955747114677251E-015  3.9576406212575798E-016  1.2161227158884714E-016  8.0407067168728673E-015 -9.1280670030134027E-016  8.4685378593293757E-015  2.8293042484383501E-014  1.8902615908023237E-009 -1.7628409981306906E-001  3.4067846154386904E-009
-2.6300282485972482E-009 -3.1477175414795777E-009 -6.0568044162230272E-003  2.5044104475658722E-015  6.8007949451521880E-009  8.4869544733981450E-009  2.4990373502297863E-002  1.8576497042717778E-015 -3.9990586646766240E-015  4.9941797091525162E-016  1.5314646547237665E-015  1.7816701504259648E-016 -3.3879140031824829E-015 -1.0288395699577918E-015  3.3710373901872120E-014 -3.5857596264121945E-015 -1.3675970278592633E-015 -3.0474639030564748E-015 -9.1923900262347624E-015  5.7124089698059271E-015 -6.4374503100470047E-015  7.5651132580567548E-010  2.7054702923022103E-009  5.7743592848708447E-001 -1.6208815977566550E-014  1.2620253675451628E-015  2.9830739962211124E-015 -1.6727996745074893E-014 -8.4257980808920701E-015 -1.7188374124665784E-014  7.9163873620786268E-014 -1.7980084698887566E-008 -2.3201444349085776E-008  1.0197440315645729E+000 -1.5475466026998745E-014 -1.2149449632992402E-015 -1.7489990178061790E-015 -1.2803730325129398E-014  4.4772693785320683E-015 -1.4088784857954584E-014 -4.8921395104118983E-014  2.7366126587047290E-009  3.3831366884981728E-009 -1.7628409929347910E-001
 9.2034530772999081E-017 -1.0242015376742965E-016  1.1790729912717826E-016 -1.9773906451609055E-009 -3.0304594188895059E-017  2.8261306858306102E-016 -3.0934397382596014E-016  1.2147748157802234E-008  4.7003713387428911E-002 -8.5707635465975696E-003  2.4895886845528294E-003 -1.7844631899954371E-002  3.1222048248028943E-003 -2.9159081487401577E-002 -1.2695729389093868E-009  7.0057226709810017E-002 -2.3775342920332260E-002  6.9061320988892134E-003 -1.9335440957880652E-002  8.6610216482012510E-003 -5.0721785751791704E-002  1.2515341477813901E-015  4.4400037992172106E-015 -8.7362475429498234E-015  5.1114457016359902E-002 -1.7338886001805113E-002  5.0365053596080570E-003 -1.4112509828322220E-002  6.3163110237737762E-003 -3.7001947187840889E-002 -1.0676935562581958E-008  2.1767740681875228E-015  7.7955747114677251E-015 -1.5475466026998745E-014  1.8281447660627267E-002 -6.5648898126325107E-003  1.9069335298342817E-003 -4.8074973379595024E-003  2.3914966691772331E-003 -1.3473950322511618E-002  4.9135636300577450E-009 -3.7641366232943961E-016 -1.3482939739886339E-015  2.6723751769133391E-015
-6.4016134239515811E-017 -4.3613551574902351E-018 -2.6428000812086112E-017 -7.9329432789706459E-009  1.2666275047691816E-016 -7.6735132564523243E-017 -2.1407213776075963E-016  5.1881241453699342E-008 -8.5707640781917654E-003  6.1142704745115080E-002  3.6052110391681927E-003  2.0368526261907672E-003  5.0852850708802836E-003  6.5339114519834523E-003 -1.0144648234086326E-008 -2.3775343028980905E-002  1.0927887779280768E-001  1.0000877990993163E-002  5.6502588237002209E-003  1.4106600408520711E-002  1.8125084205242097E-002 -5.0317905000273986E-017  2.0448913331258556E-016 -6.1881819309993404E-016 -1.7338885859491959E-002  7.9718029665582113E-002  7.2934423341680481E-003  4.1206219316412569E-003  1.0287664245582032E-002  1.3218263927788691E-002 -2.9635728436008205E-008  1.1216832126482648E-016  3.9576406212575798E-016 -1.2149449632992402E-015 -6.5648898126325107E-003  2.9111399856684504E-002  2.7614604341433930E-003  1.5601598717100709E-003  3.8951396967573763E-003  5.0047299408718209E-003  1.3723495466920737E-008 -1.7597982476741371E-017 -6.7598623383629951E-017  2.1296959056157641E-016
