  0.33039090486075506       -2.8174592226723880E-017  -9.6977366819776168E-017   6.3950623919130121E-017   5.1354838870980184E-016  0.18376498394559959        8.6049424190333954E-017  -5.5584560753353376E-017  -1.6801775333164978E-016  -7.1948275697682586E-003  -6.5373115028562616E-018   3.2907230000833974E-019  -3.2506193954458238E-003   2.4886142318964119E-019   1.6103508048882948E-018   1.0490986296717084E-018
  -2.8174592226723880E-017  0.33039090486075723        2.8077448135585406E-017  -1.2487146513560349E-016  -3.2563269076649427E-016  -5.6454110659788788E-017  0.18376498394560048       -1.7819879144335816E-017   1.1412282184769536E-016   8.0087020308269978E-019  -7.1948275697682725E-003   2.3207026335392687E-018   1.3521240428033323E-018  -3.2506193954458503E-003  -7.3262614818582794E-019   9.3753355166501126E-020
  -9.6977366819776168E-017   2.8077448135585406E-017  0.33039090486075429        2.8071733113387350E-016   5.1330224478681563E-016   2.8119799782948441E-017   1.3804039472540149E-016  0.18376498394559984       -1.9092353649922740E-016   6.1589883177225550E-019  -1.0761818292661720E-018  -7.1948275697682829E-003  -1.0332566700121023E-018  -2.7820400105873469E-018  -3.2506193954458186E-003  -2.9053208938294354E-019
   6.3950623919130121E-017  -1.2487146513560349E-016   2.8071733113387350E-016  0.44210962616761834       0.66485338227551338        1.5743271298220506E-016  -3.9768959278827850E-016  -3.6759132016179792E-016 -0.25738259353671028       -3.4927788832481064E-017   2.4128118420284796E-017   8.2951155052835905E-017   5.5196996367107761E-018  -6.2564007604184096E-019  -1.0431462843531470E-017  -5.7013323466746668E-004
   5.1354838870980184E-016  -3.2563269076649427E-016   5.1330224478681563E-016  0.66485338227551338       0.99981994003360997        4.6889819314626465E-016  -6.7472560480290145E-016  -5.0209104419419924E-016 -0.38705714086136556       -6.1614237793564496E-017   3.9286237854444584E-017   1.2275859056832050E-016   4.1941743308032053E-018   4.1540046893662399E-019  -1.6583880530502048E-017  -8.5737786960700998E-004
  0.18376498394559959       -5.6454110659788788E-017   2.8119799782948441E-017   1.5743271298220506E-016   4.6889819314626465E-016  0.10221095323056434        2.5177260263745777E-017   1.4725385443700058E-017  -1.6439719327002550E-016  -4.0017971239464083E-003  -2.7479585149889224E-018  -1.6039627647443773E-018  -1.8080098823214054E-003   5.3967303541803820E-019   8.8320831270989084E-020   4.2636212575980975E-019
   8.6049424190333954E-017  0.18376498394560048        1.3804039472540149E-016  -3.9768959278827850E-016  -6.7472560480290145E-016   2.5177260263745777E-017  0.10221095323056467        5.8181281425319474E-017   2.5456423753519184E-016  -1.7696848160200642E-018  -4.0017971239464101E-003  -1.3752021061667740E-018  -2.4873762182463278E-019  -1.8080098823214171E-003  -1.6119831079637280E-018   4.7543013310237872E-019
  -5.5584560753353376E-017  -1.7819879144335816E-017  0.18376498394559984       -3.6759132016179792E-016  -5.0209104419419924E-016   1.4725385443700058E-017   5.8181281425319474E-017  0.10221095323056489        1.9870550347901893E-016   3.7841196918588911E-019   1.2956074789041881E-019  -4.0017971239464378E-003  -5.5852117285567447E-019  -1.2184127783259747E-018  -1.8080098823214097E-003   5.1379039353540602E-019
  -1.6801775333164978E-016   1.1412282184769536E-016  -1.9092353649922740E-016 -0.25738259353671028      -0.38705714086136556       -1.6439719327002550E-016   2.5456423753519184E-016   1.9870550347901893E-016  0.14984021051504418        2.3182007245012349E-017  -1.4948779705349502E-017  -4.7692776732641111E-017  -1.9266173327405919E-018  -4.3354890671421444E-020   6.3434263456304209E-018   3.3191399127001044E-004
  -7.1948275697682586E-003   8.0087020308269978E-019   6.1589883177225550E-019  -3.4927788832481064E-017  -6.1614237793564496E-017  -4.0017971239464083E-003  -1.7696848160200642E-018   3.7841196918588911E-019   2.3182007245012349E-017   1.5667968759767851E-004   1.3828192850020121E-019   2.5410988417621818E-020   7.0787802270264922E-005  -7.2624002089712373E-021  -2.0350021703157789E-020   2.0400156475638623E-020
  -6.5373115028562616E-018  -7.1948275697682725E-003  -1.0761818292661720E-018   2.4128118420284796E-017   3.9286237854444584E-017  -2.7479585149889224E-018  -4.0017971239464101E-003   1.2956074789041881E-019  -1.4948779705349502E-017   1.3828192850020121E-019   1.5667968759767808E-004  -4.0416596183077860E-020   4.0910418700544653E-020   7.0787802270265166E-005   2.0526762627373606E-020  -2.9649915939801902E-020
   3.2907230000833974E-019   2.3207026335392687E-018  -7.1948275697682829E-003   8.2951155052835905E-017   1.2275859056832050E-016  -1.6039627647443773E-018  -1.3752021061667740E-018  -4.0017971239464378E-003  -4.7692776732641111E-017   2.5410988417621818E-020  -4.0416596183077860E-020   1.5667968759767992E-004   4.0041331911855121E-020   3.1735266722620904E-020   7.0787802270265221E-005  -1.0852814596459498E-019
  -3.2506193954458238E-003   1.3521240428033323E-018  -1.0332566700121023E-018   5.5196996367107761E-018   4.1941743308032053E-018  -1.8080098823214054E-003  -2.4873762182463278E-019  -5.5852117285567447E-019  -1.9266173327405919E-018   7.0787802270264922E-005   4.0910418700544653E-020   4.0041331911855121E-020   3.1981892656826879E-005  -1.3024333560862484E-020   3.7096293204293843E-021  -1.8251226569675956E-020
   2.4886142318964119E-019  -3.2506193954458503E-003  -2.7820400105873469E-018  -6.2564007604184096E-019   4.1540046893662399E-019   5.3967303541803820E-019  -1.8080098823214171E-003  -1.2184127783259747E-018  -4.3354890671421444E-020  -7.2624002089712373E-021   7.0787802270265166E-005   3.1735266722620904E-020  -1.3024333560862484E-020   3.1981892656827190E-005   3.1861894288059220E-020   1.4687348296041337E-021
   1.6103508048882948E-018  -7.3262614818582794E-019  -3.2506193954458186E-003  -1.0431462843531470E-017  -1.6583880530502048E-017   8.8320831270989084E-020  -1.6119831079637280E-018  -1.8080098823214097E-003   6.3434263456304209E-018  -2.0350021703157789E-020   2.0526762627373606E-020   7.0787802270265221E-005   3.7096293204293843E-021   3.1861894288059220E-020   3.1981892656826865E-005   1.2748937328310760E-020
   1.0490986296717084E-018   9.3753355166501126E-020  -2.9053208938294354E-019  -5.7013323466746668E-004  -8.5737786960700998E-004   4.2636212575980975E-019   4.7543013310237872E-019   5.1379039353540602E-019   3.3191399127001044E-004   2.0400156475638623E-020  -2.9649915939801902E-020  -1.0852814596459498E-019  -1.8251226569675956E-020   1.4687348296041337E-021   1.2748937328310760E-020   7.3522919663629030E-007
