  0.29304019874350862        2.9494816600656723E-017  -7.5216525716181513E-017   1.3882276316409560E-015  0.19589584971405760        1.9999464324210766E-016  -2.7105054312135802E-017   4.8812439890217756E-018   1.5012458728482738E-017  -4.9227377980111483E-018   7.6154386081871568E-017   3.9176413265902601E-017   9.5247647033071676E-017   2.5200433365062881E-015  -2.3443551519637030E-016   5.1179784644272107E-017  -2.0315053188285417E-017   1.1935547784989731E-016   1.1083221637838202E-016   8.1860050922338417E-017  -2.2227096551339133E-015  -2.9815366944589319E-002  -2.5666792367699892E-017   1.3653041732476332E-017  -3.4457660755726680E-016   7.4313383643662660E-017  -4.3411276881344011E-017   1.8916411658439649E-016   1.9307558666622698E-016   1.8530836403525590E-016  -2.6037901803468936E-016   5.2212570548073558E-017  -2.6024252599019424E-017   1.2711229478191222E-016   1.2996625209890390E-016   1.2533142230113650E-016
   2.9494816600656723E-017  0.29304019874350445        1.5284540126614172E-016  -8.6644118714264119E-016  -6.3990515721903639E-018  0.19589584971405952       -9.1072982488780585E-017  -1.2437249874703756E-016  -8.5300890639697354E-017   1.0307794335836588E-017  -6.7375890947319184E-017  -6.6798900200377700E-018   1.0055581327434480E-018   1.4750218959071227E-016  -3.6284712638409294E-016  -4.5849788479874259E-016   1.0134067415650154E-017  -1.7309262101469343E-016   4.6929899551323549E-018   1.4145469833862006E-016   6.7373202069232803E-017  -1.9329291856340618E-018  -2.9815366944589396E-002   2.3039296165316569E-017  -3.7970859185713750E-016  -7.2581942402812517E-016   2.3667127730848928E-017  -8.4262794683214910E-017   1.2332438396408109E-018   4.3027186068500071E-016  -2.1799589305620935E-016  -5.1332815600192498E-016   1.5385934921293271E-017  -8.1420729234201768E-018   2.4722591959527845E-018   3.5165972217256103E-016
  -7.5216525716181513E-017   1.5284540126614172E-016  0.29304019874350573       -8.8495406118142124E-016   7.9408774116459433E-017   1.3821544820117018E-016  0.19589584971405885        1.9113620491515986E-016   2.0579827261190266E-016  -4.6383614598925882E-017   2.1402446622830651E-016   3.3520591175331929E-017   8.0668164997682472E-017   3.3208382924520203E-015  -3.4858457787412986E-016   6.7629033969050958E-016  -5.2919350575892095E-017  -4.4115189156072258E-016   1.1697113171501028E-016  -6.6841730908089807E-016  -1.5315878558542651E-015  -1.1972528365124173E-017  -1.5100338695018693E-017  -2.9815366944589437E-002   2.1636973018965641E-016   1.1302899646282636E-015  -9.3578823966549405E-017   1.5098496152916980E-016   1.7065418298661157E-016  -3.2001041697964789E-016  -1.1421663182765314E-016   7.8645922868474080E-016  -6.4475878509063136E-017  -1.9209753711904793E-016   1.2571241560504713E-016  -4.8824555581829410E-016
   1.3882276316409560E-015  -8.6644118714264119E-016  -8.8495406118142124E-016   1.1145539013320542       -9.1614414545091504E-016   3.6765673418710880E-016   6.4185488843215559E-016  -4.9548243758289284E-014  -1.4071341741100981E-015   2.2345775689777826E-016  -2.7391030668985203E-014   1.2023675224810370E-016  -4.5369766880992208E-014   1.7463161760127426       -5.8689072294802764E-014   1.0548619769062053E-015  -1.2388705086065378E-015  -6.8464302493269651E-014  -5.9833689109694624E-016  -4.1086043374098810E-014  -1.5771763927691238        1.1763495550503607E-016  -8.9903962375731030E-017   1.3083749446798366E-016   1.2584064374565686E-014  -1.4875043173890560E-015   5.8835229686262481E-016   7.9140930336044769E-015   2.5528412793813815E-016  -5.5908304367593705E-015  -9.7446229055678533E-015   4.2647854443569850E-018  -4.4610135977832303E-016  -1.5606800103806258E-014  -3.2019027612584624E-016  -3.9514551553871112E-015
  0.19589584971405760       -6.3990515721903639E-018   7.9408774116459433E-017  -9.1614414545091504E-016  0.13095535731867813        1.1623550790855043E-016   6.8580304918758634E-017   8.0612176455007639E-017   2.2739399246036167E-017  -8.4684082780096941E-018   8.3404307133845149E-018  -2.4217382547546716E-017   2.8891847301630331E-017  -1.2048599495596918E-015   1.8077110218288043E-016   8.9642057691878779E-017  -3.6171372236145962E-017  -1.0594610293262695E-016  -1.4584367497802435E-016  -9.7032387505756069E-017   1.1237633062521809E-015  -1.9931417830012413E-002  -1.4500639368362189E-017  -4.0680169013465486E-018   3.1035235698970277E-016   1.3848152319299836E-016  -6.5213523253107484E-017  -1.7111419965804168E-016  -2.2329166305112783E-016  -1.1925292158037025E-016   2.0626141334148366E-016   9.7367336719835230E-017  -4.2855119627792578E-017  -1.2433369440952841E-016  -1.6096621177199954E-016  -8.7232426372464464E-017
   1.9999464324210766E-016  0.19589584971405952        1.3821544820117018E-016   3.6765673418710880E-016   1.1623550790855043E-016  0.13095535731868263       -3.6789464342414443E-017   1.8396358323540503E-017   1.3060597594235699E-016  -2.1814109153581960E-018  -3.8190952838032647E-017  -1.7357179418002231E-017  -1.0771599695342173E-016   1.5821856267801894E-015   2.0047298055983295E-016   5.1216132895108033E-016  -3.2808948941960434E-017  -8.5825823996552948E-017  -5.3111938655979099E-017  -3.7835836143048999E-016  -1.2948500087952376E-015  -1.9634506061670771E-017  -1.9931417830012947E-002   1.1734794451261528E-017   4.5596171795935864E-016   8.2639394104650513E-016  -4.7596257353240799E-017  -8.4487280425114050E-018  -8.9293600768416710E-017  -4.7004094778984383E-016   3.5353411857709870E-016   5.7941050787747072E-016  -3.4321946323349554E-017   2.8235779094902874E-017  -6.1735493620658283E-017  -2.9785925608616075E-016
  -2.7105054312135802E-017  -9.1072982488780585E-017  0.19589584971405885        6.4185488843215559E-016   6.8580304918758634E-017  -3.6789464342414443E-017  0.13095535731868116        5.9860001835259801E-017  -1.7457813703020156E-016   2.6201058433066497E-017   1.1805800671512876E-016  -2.3955990751815516E-017   1.4685604319916437E-016   4.1525568430086393E-015  -5.2934783045779887E-016  -9.0989223762813100E-016   2.1423513678537139E-016  -4.0405874334151997E-016  -1.2410254338943371E-016  -4.1361648038348604E-017  -2.7692704976468398E-015  -1.0362036388076986E-017   9.5676606557115180E-018  -1.9931417830012822E-002  -3.3009996976944868E-016  -1.4264786047616564E-015   3.3735091098202551E-016  -7.3940497450071313E-017  -2.1002315947822039E-016   4.3568986879956562E-016  -4.1028239393047707E-016  -1.0091051945210076E-015   2.3818973187531799E-016  -2.5142037926091763E-016  -1.4393409799705192E-016   1.3054372709868626E-016
   4.8812439890217756E-018  -1.2437249874703756E-016   1.9113620491515986E-016  -4.9548243758289284E-014   8.0612176455007639E-017   1.8396358323540503E-017   5.9860001835259801E-017   9.2287113292851691E-003  -1.3038367569167106E-016  -3.8245401041015955E-016  -4.6143556646435395E-003   2.3427734887015083E-016  -4.6143556646428864E-003  -7.4630318210842754E-014   4.0266769958579640E-002  -9.8843662746932261E-017  -1.0183707718248156E-015  -2.0133384979290490E-002   1.1597937220390958E-015  -2.0133384979290059E-002   6.7524472229182548E-014  -9.0054561644094505E-018  -5.5428927931033291E-018  -1.5124190904487820E-018   6.4512258141775650E-002  -4.1781255376025974E-016  -1.7308211951887862E-015  -3.2256129070887943E-002   1.6854627926215412E-015  -3.2256129070887020E-002   4.5377329839459551E-002  -2.1338115194050513E-016  -1.2320276329896930E-015  -2.2688664919729651E-002   1.2082314070069369E-015  -2.2688664919729346E-002
   1.5012458728482738E-017  -8.5300890639697354E-017   2.0579827261190266E-016  -1.4071341741100981E-015   2.2739399246036167E-017   1.3060597594235699E-016  -1.7457813703020156E-016  -1.3038367569167106E-016   9.2287113292860417E-003  -6.5567894004669428E-017   2.9943673476968400E-018  -3.4147836145281114E-016   4.1663538972249012E-017  -1.4035064417011914E-015  -3.5922074369983960E-016   4.0266769958584921E-002   7.4202711981613445E-016   5.8672892289306017E-016  -4.7045109863010259E-016  -2.9883661192304987E-016   1.3868220212550897E-015  -2.2068286901727779E-017  -2.8533428040125652E-017   2.1790045964723204E-017  -6.0673817044774079E-016   6.4512258141777010E-002   7.5943894083812878E-016   8.8770323421669703E-016  -9.7927300152906358E-016  -2.4174320314636534E-016  -4.1214166817845708E-016   4.5377329839461696E-002   5.3467186614150473E-016   6.9463350883490024E-016  -6.9014063432441222E-016  -2.8492494279739312E-016
  -4.9227377980111483E-018   1.0307794335836588E-017  -4.6383614598925882E-017   2.2345775689777826E-016  -8.4684082780096941E-018  -2.1814109153581960E-018   2.6201058433066497E-017  -3.8245401041015955E-016  -6.5567894004669428E-017   9.2287113292863730E-003  -3.0610076647877699E-017  -2.9467343175246137E-017   3.9520683258489548E-016   9.2348912183214750E-016  -2.3947315484773979E-016  -8.9031474267221898E-016   4.0266769958585337E-002  -3.5855529344073557E-016  -3.8527775355850602E-016   5.5301679983401553E-016  -7.6085370722969716E-016  -4.0191756002368780E-018   2.8106426856768517E-018  -1.6473889686790803E-017  -1.2671189374450700E-015  -1.2576196746998506E-015   6.4512258141778314E-002  -3.7001617861267311E-016  -7.0809535052603903E-016   1.6529390567876148E-015  -5.5140277855302611E-016  -9.2756365180243728E-016   4.5377329839462459E-002  -3.2747945455098466E-016  -4.6734227595544289E-016   8.7883649332485716E-016
   7.6154386081871568E-017  -6.7375890947319184E-017   2.1402446622830651E-016  -2.7391030668985203E-014   8.3404307133845149E-018  -3.8190952838032647E-017   1.1805800671512876E-016  -4.6143556646435395E-003   2.9943673476968400E-018  -3.0610076647877699E-017   9.2287113292895597E-003   3.6624645848087294E-017  -4.6143556646438804E-003  -4.7048847485674666E-014  -2.0133384979292891E-002  -7.7148586693047309E-016   1.7171422483658089E-016   4.0266769958589764E-002  -3.9186814634411081E-017  -2.0133384979295239E-002   4.1712942748225948E-014  -1.5279712144187640E-017   8.1659450500227102E-018  -2.8824274159213731E-017  -3.2256129070894403E-002  -6.9231581493291876E-016   2.4692005676176954E-016   6.4512258141790693E-002   1.5651178337831603E-016  -3.2256129070896387E-002  -2.2688664919734036E-002  -6.5734457739790485E-016   1.0520106853253848E-016   4.5377329839469668E-002   4.1340395902810865E-017  -2.2688664919735917E-002
   3.9176413265902601E-017  -6.6798900200377700E-018   3.3520591175331929E-017   1.2023675224810370E-016  -2.4217382547546716E-017  -1.7357179418002231E-017  -2.3955990751815516E-017   2.3427734887015083E-016  -3.4147836145281114E-016  -2.9467343175246137E-017   3.6624645848087294E-017   9.2287113292870947E-003  -1.7385017723172329E-016  -4.1907129940133379E-016  -1.8272438260143150E-016  -6.9121411623615874E-016   3.7509533227154531E-016   4.1513349442718078E-017   4.0266769958586725E-002   3.8287731512553904E-016   2.6441060119020048E-016   1.0880634058086418E-017   5.9421445273097960E-018   6.7808004747265667E-018   5.4659883119268975E-017  -1.5610581636858304E-015   3.6264307444418049E-016   2.2877555224039007E-016   6.4512258141780923E-002  -3.1822286674515374E-016  -1.3606186693277567E-016  -9.3110493773622990E-016   3.0335124459241220E-016   9.9031439363385814E-017   4.5377329839464069E-002   5.7711319311749726E-017
   9.5247647033071676E-017   1.0055581327434480E-018   8.0668164997682472E-017  -4.5369766880992208E-014   2.8891847301630331E-017  -1.0771599695342173E-016   1.4685604319916437E-016  -4.6143556646428864E-003   4.1663538972249012E-017   3.9520683258489548E-016  -4.6143556646438804E-003  -1.7385017723172329E-016   9.2287113292858838E-003  -6.9958275125291635E-014  -2.0133384979292235E-002   4.9629100335636210E-016   7.6874253897261041E-016  -2.0133384979289938E-002  -6.9714962020469310E-016   4.0266769958581444E-002   6.3838945298281640E-014   6.3492311382210373E-018   1.6784071883217495E-017  -1.9093948293451602E-017  -3.2256129070890038E-002   5.1087352257640139E-016   1.3590736812319634E-015  -3.2256129070887797E-002  -1.1635448074460304E-015   6.4512258141777232E-002  -2.2688664919731694E-002   4.4921545324685412E-016   1.0390231291449031E-015  -2.2688664919729498E-002  -7.7237059284386117E-016   4.5377329839460918E-002
   2.5200433365062881E-015   1.4750218959071227E-016   3.3208382924520203E-015   1.7463161760127426       -1.2048599495596918E-015   1.5821856267801894E-015   4.1525568430086393E-015  -7.4630318210842754E-014  -1.4035064417011914E-015   9.2348912183214750E-016  -4.7048847485674666E-014  -4.1907129940133379E-016  -6.9958275125291635E-014   2.7361800833131777       -7.8851579627068802E-014   5.1487347184651365E-015   5.6062743320781705E-016  -1.2529965324390639E-013  -3.5879731503904089E-015  -5.9451287409506181E-014  -2.4711668442651531        1.4921935346743267E-016  -2.9399730140314949E-016  -2.7395528863656183E-016   4.0711611535642952E-014   3.2702636970336820E-015   4.9299177952366684E-015  -1.6482608874053589E-014  -3.8464060580289443E-015  -8.7175973222296146E-016  -5.0080837267123512E-016   3.9463246776173266E-015   2.1202747078368988E-015  -4.4768985456797065E-014  -3.4885573448489932E-015  -6.4282653074470724E-016
  -2.3443551519637030E-016  -3.6284712638409294E-016  -3.4858457787412986E-016  -5.8689072294802764E-014   1.8077110218288043E-016   2.0047298055983295E-016  -5.2934783045779887E-016   4.0266769958579640E-002  -3.5922074369983960E-016  -2.3947315484773979E-016  -2.0133384979292891E-002  -1.8272438260143150E-016  -2.0133384979292235E-002  -7.8851579627068802E-014  0.17569221801878185        4.8355755706027696E-016   1.7927587853909849E-015  -8.7846109009389051E-002  -1.9691652551177010E-016  -8.7846109009396753E-002   7.1748833595547624E-014  -1.3273075041265139E-017  -4.2480129774018878E-017   1.1371964717780874E-016  0.28148028098573080       -3.5733270726039147E-016   2.4390957461227736E-015 -0.14074014049285824       -1.0688683350414013E-015 -0.14074014049286956       0.19799064428225424        9.9910924260444873E-017   1.6520039324139105E-015  -9.8995322141121181E-002  -6.5281972739367928E-016  -9.8995322141130632E-002
   5.1179784644272107E-017  -4.5849788479874259E-016   6.7629033969050958E-016   1.0548619769062053E-015   8.9642057691878779E-017   5.1216132895108033E-016  -9.0989223762813100E-016  -9.8843662746932261E-017   4.0266769958584921E-002  -8.9031474267221898E-016  -7.7148586693047309E-016  -6.9121411623615874E-016   4.9629100335636210E-016   5.1487347184651365E-015   4.8355755706027696E-016  0.17569221801881127        6.0124262068594050E-016  -8.6313758468049664E-016   1.4323291139169958E-015   6.8362335106966311E-017  -4.1297299731144301E-015  -9.4831225553062523E-017  -1.1571536404904658E-016   1.1762623019329448E-016   6.3849004750851027E-016  0.28148028098574701       -9.1020381742757920E-016  -1.6110795355672441E-015   1.3106301729125773E-015   1.1437316480185296E-015   5.1295129439593365E-016  0.19799064428227081       -6.3809405960566208E-016  -8.2678716574903673E-016   9.1608752003744399E-016   3.0321746632630034E-016
  -2.0315053188285417E-017   1.0134067415650154E-017  -5.2919350575892095E-017  -1.2388705086065378E-015  -3.6171372236145962E-017  -3.2808948941960434E-017   2.1423513678537139E-016  -1.0183707718248156E-015   7.4202711981613445E-016   4.0266769958585337E-002   1.7171422483658089E-016   3.7509533227154531E-016   7.6874253897261041E-016   5.6062743320781705E-016   1.7927587853909849E-015   6.0124262068594050E-016  0.17569221801880863       -2.3248428599983120E-016   5.1655838420182566E-016  -1.7566717937059870E-015  -1.8698164022653362E-016  -1.7654909242540515E-017   1.5808306366995481E-017  -8.7085975759716943E-017  -9.8247012738849071E-016   1.6996520767957457E-015  0.28148028098574557        5.1951410567124498E-016   4.3126449575392079E-016   5.3190958582140415E-016   7.9189110238806511E-016   1.0080530634943960E-015  0.19799064428226912        7.2157042710718245E-017   4.3740664929181817E-016  -8.6424635080839119E-016
   1.1935547784989731E-016  -1.7309262101469343E-016  -4.4115189156072258E-016  -6.8464302493269651E-014  -1.0594610293262695E-016  -8.5825823996552948E-017  -4.0405874334151997E-016  -2.0133384979290490E-002   5.8672892289306017E-016  -3.5855529344073557E-016   4.0266769958589764E-002   4.1513349442718078E-017  -2.0133384979289938E-002  -1.2529965324390639E-013  -8.7846109009389051E-002  -8.6313758468049664E-016  -2.3248428599983120E-016  0.17569221801878659       -6.8709470384606948E-016  -8.7846109009390411E-002   1.0976488253778459E-013  -4.5004810469159376E-017   2.3330537331842863E-017   1.4131536166348082E-017 -0.14074014049286965        9.8941664458900980E-016  -4.9545244073858990E-016  0.28148028098573330       -1.4398162498964566E-016 -0.14074014049286407       -9.8995322141128508E-002  -4.7439774276859711E-017  -6.4729071983040652E-016  0.19799064428225396       -4.0124014238907478E-016  -9.8995322141126704E-002
   1.1083221637838202E-016   4.6929899551323549E-018   1.1697113171501028E-016  -5.9833689109694624E-016  -1.4584367497802435E-016  -5.3111938655979099E-017  -1.2410254338943371E-016   1.1597937220390958E-015  -4.7045109863010259E-016  -3.8527775355850602E-016  -3.9186814634411081E-017   4.0266769958586725E-002  -6.9714962020469310E-016  -3.5879731503904089E-015  -1.9691652551177010E-016   1.4323291139169958E-015   5.1655838420182566E-016  -6.8709470384606948E-016  0.17569221801880699        1.9384492993515807E-015   2.7427420016451995E-015   5.3589581712165915E-017   2.2483881142400431E-017   3.2565745509800387E-017   1.2003227662575412E-015   3.1540478812963755E-016  -2.1217815339717628E-016  -3.9280856467386994E-016  0.28148028098574457       -9.5929954111633019E-016   8.2877091691152684E-017   9.5019690154866422E-016   6.1369125215350457E-017  -5.4632312196833852E-016  0.19799064428226745        5.5368087366466743E-016
   8.1860050922338417E-017   1.4145469833862006E-016  -6.6841730908089807E-016  -4.1086043374098810E-014  -9.7032387505756069E-017  -3.7835836143048999E-016  -4.1361648038348604E-017  -2.0133384979290059E-002  -2.9883661192304987E-016   5.5301679983401553E-016  -2.0133384979295239E-002   3.8287731512553904E-016   4.0266769958581444E-002  -5.9451287409506181E-014  -8.7846109009396753E-002   6.8362335106966311E-017  -1.7566717937059870E-015  -8.7846109009390411E-002   1.9384492993515807E-015  0.17569221801878399        5.6557532230220444E-014   6.1657852113522478E-017   5.9286462886310073E-017   2.0508632662308248E-017 -0.14074014049286751       -1.1306975050261181E-015  -2.2582948694654065E-015 -0.14074014049286362        2.9021881401444320E-015  0.28148028098572853       -9.8995322141130188E-002  -4.0318768289303897E-016  -1.2260378395031913E-015  -9.8995322141124734E-002   2.2423274513767318E-015  0.19799064428225374     
  -2.2227096551339133E-015   6.7373202069232803E-017  -1.5315878558542651E-015  -1.5771763927691238        1.1237633062521809E-015  -1.2948500087952376E-015  -2.7692704976468398E-015   6.7524472229182548E-014   1.3868220212550897E-015  -7.6085370722969716E-016   4.1712942748225948E-014   2.6441060119020048E-016   6.3838945298281640E-014  -2.4711668442651531        7.1748833595547624E-014  -4.1297299731144301E-015  -1.8698164022653362E-016   1.0976488253778459E-013   2.7427420016451995E-015   5.6557532230220444E-014   2.2318215125668828       -1.4018505304008775E-016   2.4511321095045696E-016   9.8099356733412520E-017  -3.5912245108636403E-014  -2.1199009060393197E-015  -3.9407983935309027E-015   9.4408134171129874E-015   2.6764580319699636E-015   5.3764589400934098E-015   1.0545707383818226E-015  -2.9777414534178806E-015  -1.5550383558370657E-015   3.6602654187889728E-014   2.5897860673378170E-015   3.8085199124629742E-015
  -2.9815366944589319E-002  -1.9329291856340618E-018  -1.1972528365124173E-017   1.1763495550503607E-016  -1.9931417830012413E-002  -1.9634506061670771E-017  -1.0362036388076986E-017  -9.0054561644094505E-018  -2.2068286901727779E-017  -4.0191756002368780E-018  -1.5279712144187640E-017   1.0880634058086418E-017   6.3492311382210373E-018   1.4921935346743267E-016  -1.3273075041265139E-017  -9.4831225553062523E-017  -1.7654909242540515E-017  -4.5004810469159376E-017   5.3589581712165915E-017   6.1657852113522478E-017  -1.4018505304008775E-016   3.0335636880269531E-003   2.5028058939391840E-018   6.0753438141810243E-019  -2.4420961108317414E-017  -1.5114945456775059E-016  -2.7179942920176721E-017  -7.1893797692375320E-017   8.4279067837046633E-017   9.3273004019931696E-017  -1.5345358308750015E-017  -1.0631115738722770E-016  -1.9577077581603940E-017  -4.9964664094395490E-017   5.9875449422990789E-017   6.6117399379755749E-017
  -2.5666792367699892E-017  -2.9815366944589396E-002  -1.5100338695018693E-017  -8.9903962375731030E-017  -1.4500639368362189E-017  -1.9931417830012947E-002   9.5676606557115180E-018  -5.5428927931033291E-018  -2.8533428040125652E-017   2.8106426856768517E-018   8.1659450500227102E-018   5.9421445273097960E-018   1.6784071883217495E-017  -2.9399730140314949E-016  -4.2480129774018878E-017  -1.1571536404904658E-016   1.5808306366995481E-017   2.3330537331842863E-017   2.2483881142400431E-017   5.9286462886310073E-017   2.4511321095045696E-016   2.5028058939391840E-018   3.0335636880270121E-003  -2.3900093397965165E-018  -8.8571804184989488E-017  -1.8628033147054964E-016   2.4570748471493849E-017   1.7736222516319827E-017   3.6661427171847147E-017   7.4264338998015507E-017  -6.7295014413826096E-017  -1.3074365574765188E-016   1.7411170272974138E-017   7.2735194636407071E-018   2.5624030117521456E-017   4.7250287325881815E-017
   1.3653041732476332E-017   2.3039296165316569E-017  -2.9815366944589437E-002   1.3083749446798366E-016  -4.0680169013465486E-018   1.1734794451261528E-017  -1.9931417830012822E-002  -1.5124190904487820E-018   2.1790045964723204E-017  -1.6473889686790803E-017  -2.8824274159213731E-017   6.7808004747265667E-018  -1.9093948293451602E-017  -2.7395528863656183E-016   1.1371964717780874E-016   1.1762623019329448E-016  -8.7085975759716943E-017   1.4131536166348082E-017   3.2565745509800387E-017   2.0508632662308248E-017   9.8099356733412520E-017   6.0753438141810243E-019  -2.3900093397965165E-018   3.0335636880270073E-003   1.0335615208456173E-016   1.8369079799157824E-016  -1.3862740716551442E-016  -6.4632725801527600E-017   5.3878283946368933E-017  -4.3540468211500056E-017   9.9805555892607947E-017   1.3007902071038814E-016  -9.7646255391413260E-017  -1.5111644971762995E-017   3.7320002820939050E-017  -3.8514536237286624E-018
  -3.4457660755726680E-016  -3.7970859185713750E-016   2.1636973018965641E-016   1.2584064374565686E-014   3.1035235698970277E-016   4.5596171795935864E-016  -3.3009996976944868E-016   6.4512258141775650E-002  -6.0673817044774079E-016  -1.2671189374450700E-015  -3.2256129070894403E-002   5.4659883119268975E-017  -3.2256129070890038E-002   4.0711611535642952E-014  0.28148028098573080        6.3849004750851027E-016  -9.8247012738849071E-016 -0.14074014049286965        1.2003227662575412E-015 -0.14074014049286751       -3.5912245108636403E-014  -2.4420961108317414E-017  -8.8571804184989488E-017   1.0335615208456173E-016  0.45096561177989120       -7.9073913757979541E-016  -2.2679544331959162E-015 -0.22548280588994571        7.1604777229090214E-016 -0.22548280588994063       0.31720506926013708        6.5560350117464604E-018  -1.6972066926770301E-015 -0.15860253463006718        6.6229082629340156E-016 -0.15860253463006602     
   7.4313383643662660E-017  -7.2581942402812517E-016   1.1302899646282636E-015  -1.4875043173890560E-015   1.3848152319299836E-016   8.2639394104650513E-016  -1.4264786047616564E-015  -4.1781255376025974E-016   6.4512258141777010E-002  -1.2576196746998506E-015  -6.9231581493291876E-016  -1.5610581636858304E-015   5.1087352257640139E-016   3.2702636970336820E-015  -3.5733270726039147E-016  0.28148028098574701        1.6996520767957457E-015   9.8941664458900980E-016   3.1540478812963755E-016  -1.1306975050261181E-015  -2.1199009060393197E-015  -1.5114945456775059E-016  -1.8628033147054964E-016   1.8369079799157824E-016  -7.9073913757979541E-016  0.45096561177986744       -2.7847055173932304E-016   1.2195139917434615E-015  -1.0713916461912316E-015  -1.5458690100568404E-016  -4.5391479203819386E-016  0.31720506926012870       -1.9245350891270043E-016   1.3487356441107239E-015  -7.6289483526292584E-016  -9.1182757958745485E-016
  -4.3411276881344011E-017   2.3667127730848928E-017  -9.3578823966549405E-017   5.8835229686262481E-016  -6.5213523253107484E-017  -4.7596257353240799E-017   3.3735091098202551E-016  -1.7308211951887862E-015   7.5943894083812878E-016   6.4512258141778314E-002   2.4692005676176954E-016   3.6264307444418049E-016   1.3590736812319634E-015   4.9299177952366684E-015   2.4390957461227736E-015  -9.1020381742757920E-016  0.28148028098574557       -4.9545244073858990E-016  -2.1217815339717628E-016  -2.2582948694654065E-015  -3.9407983935309027E-015  -2.7179942920176721E-017   2.4570748471493849E-017  -1.3862740716551442E-016  -2.2679544331959162E-015  -2.7847055173932304E-016  0.45096561177986960        6.3528995703377001E-016  -9.7490739371891432E-016   1.7431395953407296E-015   7.8061201166241186E-016  -4.9621900555588118E-016  0.31720506926012915       -2.2989321221424430E-017  -4.7096281240936299E-016  -7.5794202186209037E-016
   1.8916411658439649E-016  -8.4262794683214910E-017   1.5098496152916980E-016   7.9140930336044769E-015  -1.7111419965804168E-016  -8.4487280425114050E-018  -7.3940497450071313E-017  -3.2256129070887943E-002   8.8770323421669703E-016  -3.7001617861267311E-016   6.4512258141790693E-002   2.2877555224039007E-016  -3.2256129070887797E-002  -1.6482608874053589E-014 -0.14074014049285824       -1.6110795355672441E-015   5.1951410567124498E-016  0.28148028098573330       -3.9280856467386994E-016 -0.14074014049286362        9.4408134171129874E-015  -7.1893797692375320E-017   1.7736222516319827E-017  -6.4632725801527600E-017 -0.22548280588994571        1.2195139917434615E-015   6.3528995703377001E-016  0.45096561177988698        9.0362957120747441E-016 -0.22548280588994188      -0.15860253463006607       -3.3320073859321575E-016  -3.1846744750882228E-017  0.31720506926013087        1.5502312297353529E-016 -0.15860253463006679     
   1.9307558666622698E-016   1.2332438396408109E-018   1.7065418298661157E-016   2.5528412793813815E-016  -2.2329166305112783E-016  -8.9293600768416710E-017  -2.1002315947822039E-016   1.6854627926215412E-015  -9.7927300152906358E-016  -7.0809535052603903E-016   1.5651178337831603E-016   6.4512258141780923E-002  -1.1635448074460304E-015  -3.8464060580289443E-015  -1.0688683350414013E-015   1.3106301729125773E-015   4.3126449575392079E-016  -1.4398162498964566E-016  0.28148028098574457        2.9021881401444320E-015   2.6764580319699636E-015   8.4279067837046633E-017   3.6661427171847147E-017   5.3878283946368933E-017   7.1604777229090214E-016  -1.0713916461912316E-015  -9.7490739371891432E-016   9.0362957120747441E-016  0.45096561177987077       -1.8628541499079714E-015  -7.1622395514393222E-016   4.1328833903081753E-016  -3.4830333604275811E-016   2.0298848119417002E-016  0.31720506926012837        6.5780578683768521E-016
   1.8530836403525590E-016   4.3027186068500071E-016  -3.2001041697964789E-016  -5.5908304367593705E-015  -1.1925292158037025E-016  -4.7004094778984383E-016   4.3568986879956562E-016  -3.2256129070887020E-002  -2.4174320314636534E-016   1.6529390567876148E-015  -3.2256129070896387E-002  -3.1822286674515374E-016   6.4512258141777232E-002  -8.7175973222296146E-016 -0.14074014049286956        1.1437316480185296E-015   5.3190958582140415E-016 -0.14074014049286407       -9.5929954111633019E-016  0.28148028098572853        5.3764589400934098E-015   9.3273004019931696E-017   7.4264338998015507E-017  -4.3540468211500056E-017 -0.22548280588994063       -1.5458690100568404E-016   1.7431395953407296E-015 -0.22548280588994188       -1.8628541499079714E-015  0.45096561177987832      -0.15860253463006760        5.1950902347358719E-016   1.8067585459431117E-015 -0.15860253463006413       -9.8836039450368075E-016  0.31720506926012987     
  -2.6037901803468936E-016  -2.1799589305620935E-016  -1.1421663182765314E-016  -9.7446229055678533E-015   2.0626141334148366E-016   3.5353411857709870E-016  -4.1028239393047707E-016   4.5377329839459551E-002  -4.1214166817845708E-016  -5.5140277855302611E-016  -2.2688664919734036E-002  -1.3606186693277567E-016  -2.2688664919731694E-002  -5.0080837267123512E-016  0.19799064428225424        5.1295129439593365E-016   7.9189110238806511E-016  -9.8995322141128508E-002   8.2877091691152684E-017  -9.8995322141130188E-002   1.0545707383818226E-015  -1.5345358308750015E-017  -6.7295014413826096E-017   9.9805555892607947E-017  0.31720506926013708       -4.5391479203819386E-016   7.8061201166241186E-016 -0.15860253463006607       -7.1622395514393222E-016 -0.15860253463006760       0.22311913222651408        7.6556531838740318E-017   4.7736744028180189E-016 -0.11155956611325429       -3.9220759479778986E-016 -0.11155956611325706     
   5.2212570548073558E-017  -5.1332815600192498E-016   7.8645922868474080E-016   4.2647854443569850E-018   9.7367336719835230E-017   5.7941050787747072E-016  -1.0091051945210076E-015  -2.1338115194050513E-016   4.5377329839461696E-002  -9.2756365180243728E-016  -6.5734457739790485E-016  -9.3110493773622990E-016   4.4921545324685412E-016   3.9463246776173266E-015   9.9910924260444873E-017  0.19799064428227081        1.0080530634943960E-015  -4.7439774276859711E-017   9.5019690154866422E-016  -4.0318768289303897E-016  -2.9777414534178806E-015  -1.0631115738722770E-016  -1.3074365574765188E-016   1.3007902071038814E-016   6.5560350117464604E-018  0.31720506926012870       -4.9621900555588118E-016  -3.3320073859321575E-016   4.1328833903081753E-016   5.1950902347358719E-016   7.6556531838740318E-017  0.22311913222651408       -3.4662959893898262E-016   1.1095199872789561E-016   2.8417108347434522E-016  -1.9947287094659750E-016
  -2.6024252599019424E-017   1.5385934921293271E-017  -6.4475878509063136E-017  -4.4610135977832303E-016  -4.2855119627792578E-017  -3.4321946323349554E-017   2.3818973187531799E-016  -1.2320276329896930E-015   5.3467186614150473E-016   4.5377329839462459E-002   1.0520106853253848E-016   3.0335124459241220E-016   1.0390231291449031E-015   2.1202747078368988E-015   1.6520039324139105E-015  -6.3809405960566208E-016  0.19799064428226912       -6.4729071983040652E-016   6.1369125215350457E-017  -1.2260378395031913E-015  -1.5550383558370657E-015  -1.9577077581603940E-017   1.7411170272974138E-017  -9.7646255391413260E-017  -1.6972066926770301E-015  -1.9245350891270043E-016  0.31720506926012915       -3.1846744750882228E-017  -3.4830333604275811E-016   1.8067585459431117E-015   4.7736744028180189E-016  -3.4662959893898262E-016  0.22311913222651361       -3.5288663132033855E-016  -9.3915730938886248E-017  -1.2470357862656024E-016
   1.2711229478191222E-016  -8.1420729234201768E-018  -1.9209753711904793E-016  -1.5606800103806258E-014  -1.2433369440952841E-016   2.8235779094902874E-017  -2.5142037926091763E-016  -2.2688664919729651E-002   6.9463350883490024E-016  -3.2747945455098466E-016   4.5377329839469668E-002   9.9031439363385814E-017  -2.2688664919729498E-002  -4.4768985456797065E-014  -9.8995322141121181E-002  -8.2678716574903673E-016   7.2157042710718245E-017  0.19799064428225396       -5.4632312196833852E-016  -9.8995322141124734E-002   3.6602654187889728E-014  -4.9964664094395490E-017   7.2735194636407071E-018  -1.5111644971762995E-017 -0.15860253463006718        1.3487356441107239E-015  -2.2989321221424430E-017  0.31720506926013087        2.0298848119417002E-016 -0.15860253463006413      -0.11155956611325429        1.1095199872789561E-016  -3.5288663132033855E-016  0.22311913222650745       -1.9525676445164083E-016 -0.11155956611325456     
   1.2996625209890390E-016   2.4722591959527845E-018   1.2571241560504713E-016  -3.2019027612584624E-016  -1.6096621177199954E-016  -6.1735493620658283E-017  -1.4393409799705192E-016   1.2082314070069369E-015  -6.9014063432441222E-016  -4.6734227595544289E-016   4.1340395902810865E-017   4.5377329839464069E-002  -7.7237059284386117E-016  -3.4885573448489932E-015  -6.5281972739367928E-016   9.1608752003744399E-016   4.3740664929181817E-016  -4.0124014238907478E-016  0.19799064428226745        2.2423274513767318E-015   2.5897860673378170E-015   5.9875449422990789E-017   2.5624030117521456E-017   3.7320002820939050E-017   6.6229082629340156E-016  -7.6289483526292584E-016  -4.7096281240936299E-016   1.5502312297353529E-016  0.31720506926012837       -9.8836039450368075E-016  -3.9220759479778986E-016   2.8417108347434522E-016  -9.3915730938886248E-017  -1.9525676445164083E-016  0.22311913222651195        6.8915278214967659E-016
   1.2533142230113650E-016   3.5165972217256103E-016  -4.8824555581829410E-016  -3.9514551553871112E-015  -8.7232426372464464E-017  -2.9785925608616075E-016   1.3054372709868626E-016  -2.2688664919729346E-002  -2.8492494279739312E-016   8.7883649332485716E-016  -2.2688664919735917E-002   5.7711319311749726E-017   4.5377329839460918E-002  -6.4282653074470724E-016  -9.8995322141130632E-002   3.0321746632630034E-016  -8.6424635080839119E-016  -9.8995322141126704E-002   5.5368087366466743E-016  0.19799064428225374        3.8085199124629742E-015   6.6117399379755749E-017   4.7250287325881815E-017  -3.8514536237286624E-018 -0.15860253463006602       -9.1182757958745485E-016  -7.5794202186209037E-016 -0.15860253463006679        6.5780578683768521E-016  0.31720506926012987      -0.11155956611325706       -1.9947287094659750E-016  -1.2470357862656024E-016 -0.11155956611325456        6.8915278214967659E-016  0.22311913222651028     
