  0.53097807973789468       -4.5628172418979161E-016  -5.5863516937313989E-016  -5.8067856837575865E-015  0.42451621873424111       -1.3537047963687881E-017  -6.6830221912002756E-016  -5.6830033425269818E-017   2.4980708546062840E-016   1.0786285499226640E-016  -1.7383857611039377E-017  -6.7685074883934657E-017  -8.9572755817820806E-017  -1.3546197036477983E-014   1.2513917025999546E-014 -0.10139603946632754       -6.3687042712061640E-018   1.5610252529264316E-016   6.9704133374154616E-017   4.6968132586467752E-017   2.2067594880368670E-016  -1.6942446355343424E-016   2.7366516960714850E-016   3.1083769819976159E-016   2.4263284361054645E-017   2.8652263038372018E-016   2.2155161725549111E-016   1.5562024325462191E-017  -3.6794873337585441E-017  -2.7993689574769310E-016   5.4443928659751796E-017  -2.2346867415048338E-017   1.4592279831990456E-016  -6.8230863664255805E-017   1.7142030672232443E-016   2.1012282068964965E-016
  -4.5628172418979161E-016  0.53097807973788802        1.2982330274158450E-015  -3.8625493624618084E-016   3.1936897530823536E-016  0.42451621873424067       -3.7410250913018190E-016   1.5977403300296106E-015   7.1399870947125996E-016   2.6832390886528968E-016  -1.4493192453657761E-015   2.0971412266482199E-017  -1.2953960869835101E-016  -4.6331184888574944E-015   3.4041914227358808E-015  -6.7348211041035148E-017 -0.10139603946632748       -2.4974575353345958E-017   5.1449343289084253E-015   1.9304019430465560E-015   8.4105288323958550E-016  -3.7893678307611939E-015   6.1989307110082410E-017  -2.7828584162790617E-016   2.7075776581331178E-015   1.1738787451373773E-015   5.2250044749277603E-016  -2.7677241536189984E-015   3.2336032042245709E-017  -6.0247197507547796E-016   2.8398357277791944E-015   1.0379503678593358E-015   4.5412621675991598E-016  -1.9878375493559231E-015   3.6917951344916973E-017  -9.4803328553033486E-017
  -5.5863516937313989E-016   1.2982330274158450E-015  0.53097807973789735       -2.5861611954331312E-015   1.4894227344517731E-016   6.1076450268375871E-016  0.42451621873424172        1.7670809591741843E-015  -7.2311978829536303E-016  -2.1308800216932294E-016   2.0931824242830254E-015  -2.0498045727216577E-016   2.0789055558880922E-015  -1.8437837837710542E-014   1.6109169383185327E-014   3.5098786579694458E-017  -2.0591871019886541E-016 -0.10139603946632809       -2.5879088941921087E-015  -7.4236459330297142E-016   2.9913471736537315E-017   1.0958986127293335E-015  -5.0567895509743789E-016  -8.3923784560183658E-016   2.4941874098745452E-016  -1.3326304403252010E-015   2.3560540442850152E-019   2.6083837642985547E-016   1.0497692107586856E-016   1.6479514651060030E-015  -1.5217367760030928E-015  -3.2749438628977961E-016  -1.1193254443780404E-016   6.0811116397612444E-016  -4.4793661501984898E-016  -7.6797665397179871E-016
  -5.8067856837575865E-015  -3.8625493624618084E-016  -2.5861611954331312E-015   1.0160098762470540        7.4427838239327461E-015   1.9304904327625553E-015  -5.7772012624706152E-015   3.9046496809182897E-014   1.0268214074027188E-015  -1.4358872610574679E-015   1.3212764403275289E-014  -1.9939718927888739E-016   4.7213870511150078E-014   2.4838958394647914       -2.2939704445447382       -1.0460321030618985E-015  -4.3776458243646914E-016   1.4761970923447703E-015  -3.2462634433691675E-014   3.7373146987217636E-015   6.9429851282443338E-016   5.4680911648266196E-014   1.2600885385948431E-015   2.1672581521889068E-015   3.4174387686414815E-014  -2.3848101773807737E-015   2.6131588040126063E-016  -3.7252883716944985E-014   5.0573611379086084E-016  -6.7510988539426864E-015  -2.7785909667401123E-014   2.2770928344117464E-015   5.5193071437421503E-016   4.0152405741029536E-014   7.5127149869516609E-016  -1.0305252635603678E-015
  0.42451621873424111        3.1936897530823536E-016   1.4894227344517731E-016   7.4427838239327461E-015  0.33940011244414570        5.3616654382662968E-016  -5.8158411535795020E-017  -1.9659551314023113E-016  -2.0957647082337179E-017  -1.2137237590667169E-016   2.7009366604303800E-016  -1.7207081802324986E-016  -2.0444534385911605E-016   1.8715441403566227E-014  -1.7281610795930264E-014  -8.1065989183811638E-002  -1.3574062574042677E-016   1.1074673441047030E-017  -3.8725050618875653E-016  -6.0915270687192468E-016  -4.3197304813106934E-016   6.9679255954532124E-016  -1.2688072474848587E-016  -1.4075401821660577E-016  -2.5165968200538746E-016  -1.6664262755239126E-016  -1.9515083359283554E-016   5.2169269509538099E-016  -2.4093588641348065E-016  -4.6200188507030473E-016  -1.9585516684500053E-016  -3.6734090881200989E-016  -2.1211219585311546E-016   3.9519069848434862E-016  -4.9750664905957634E-017  -4.2365270580518056E-017
  -1.3537047963687881E-017  0.42451621873424067        6.1076450268375871E-016   1.9304904327625553E-015   5.3616654382662968E-016  0.33940011244414930       -6.4061699313489399E-016  -2.1586568912598085E-015  -7.8005992753099830E-016  -3.7237732981478215E-016   1.8428882234227718E-015  -1.0530326254851795E-017   3.3086438098730578E-016   1.7703713125808403E-015  -2.3342983895441579E-015  -1.2092162860981858E-016  -8.1065989183812526E-002   6.1605802376000824E-017  -5.9560740719203823E-015  -2.4155019354833074E-015  -1.0475130745584731E-015   5.7667341496453942E-015  -3.0434140015580079E-017   1.0506242733107880E-015  -3.9967727787205536E-015  -1.4839037602585196E-015  -6.3468662564970503E-016   3.1696694350706510E-015  -2.3095912339925474E-017   2.9734081988410338E-016  -3.1710188106724379E-015  -1.3095009688187558E-015  -5.6636814326297474E-016   3.1642076067252363E-015  -1.3712680187001961E-017   6.1218740831085895E-016
  -6.6830221912002756E-016  -3.7410250913018190E-016  0.42451621873424172       -5.7772012624706152E-015  -5.8158411535795020E-017  -6.4061699313489399E-016  0.33940011244414492        2.1426736468333052E-015   2.5528842802559045E-016  -1.0645037700510832E-018   7.8422413730724006E-016   9.9274906255455800E-017   1.8214593265694470E-015  -2.3810014871736122E-014   2.1254808267960484E-014   7.0394084803155452E-017   1.0501229193126537E-016  -8.1065989183811790E-002   6.9949523524147318E-017   1.8488477608203771E-015   5.2005172309173100E-016  -1.7298695608771742E-015   3.6689838147834284E-016  -2.0390952096199426E-016   1.5082481743722410E-015   4.2904491781424587E-016   3.0377325420672415E-016  -1.3860916579112432E-015   5.5581774460860453E-016   1.6033281723699988E-015  -6.0735492707379206E-017   1.0580086841192905E-015   1.7861885630412376E-016  -9.2210315885541801E-016   5.8620485504654033E-017  -3.6159996580753157E-016
  -5.6830033425269818E-017   1.5977403300296106E-015   1.7670809591741843E-015   3.9046496809182897E-014  -1.9659551314023113E-016  -2.1586568912598085E-015   2.1426736468333052E-015   4.9667207524467051E-002   1.0063195443940667E-016  -1.6510535614481746E-016  -2.4833603762230205E-002  -2.7329772153048471E-016  -2.4833603762227582E-002   9.8336858791327779E-014  -9.0441460906322452E-014   7.4251062586275860E-017   6.7292071562565689E-016  -4.3830633478098947E-016  0.14555124118998386        7.4141217389880451E-017   1.5933452067495367E-016  -7.2775620594995233E-002  -1.5674662326296445E-015  -7.2775620594990126E-002   8.9062600081089294E-002   9.7183795800091602E-019  -4.4619069859227281E-016  -4.4531300040544584E-002  -4.5333902139235130E-016  -4.4531300040543370E-002   7.8654981737970184E-002   1.1359655470337054E-016   1.6046192152780530E-016  -3.9327490868987673E-002  -9.5262576852493486E-016  -3.9327490868983184E-002
   2.4980708546062840E-016   7.1399870947125996E-016  -7.2311978829536303E-016   1.0268214074027188E-015  -2.0957647082337179E-017  -7.8005992753099830E-016   2.5528842802559045E-016   1.0063195443940667E-016   4.9667207524448871E-002  -1.8149214156907161E-016  -4.6191873061160726E-016  -1.6425168135072127E-016  -5.1337340797118817E-016   1.6063003758963058E-015  -1.4839033645846425E-015  -3.0575752859313215E-017   2.5900633501929900E-016  -8.0863232030158839E-017  -2.8939840172454896E-016  0.14555124118996554       -7.9155936325774567E-016  -2.5818575377885943E-016   2.9998914252290988E-016   2.2992397009817642E-016   6.6955161918711523E-016   8.9062600081065035E-002  -1.5853181468247264E-016  -7.3054445001564382E-016   2.9590458173358505E-016   1.5321875750740632E-016  -1.0350780996630088E-016   7.8654981737960913E-002  -4.7488852887847998E-016  -3.2556664239737258E-017   1.5662479362080144E-016   6.4256938465217236E-017
   1.0786285499226640E-016   2.6832390886528968E-016  -2.1308800216932294E-016  -1.4358872610574679E-015  -1.2137237590667169E-016  -3.7237732981478215E-016  -1.0645037700510832E-018  -1.6510535614481746E-016  -1.8149214156907161E-016   4.9667207524448455E-002   7.8419157289748299E-016  -5.3102364229811751E-016   1.7529346843417101E-016  -6.3757436935570005E-015   5.5482935603190755E-015   3.4808391368353127E-017   1.2161439323674909E-016  -1.1496154245186921E-017   1.7549421524279753E-016   4.3711887646542105E-016  0.14555124118996407       -3.1423736497018173E-016  -3.4310117731807455E-016   3.0731710579103526E-016  -7.5645632607272722E-016  -1.6118192269407399E-016   8.9062600081065632E-002   5.3351217215770445E-016  -6.8296319476673262E-016   1.2634343441275506E-017   1.5879496068769418E-016   2.1875100995385422E-016   7.8654981737960095E-002  -2.4263004664223101E-016  -2.1348999567423549E-016   1.5745156643332858E-016
  -1.7383857611039377E-017  -1.4493192453657761E-015   2.0931824242830254E-015   1.3212764403275289E-014   2.7009366604303800E-016   1.8428882234227718E-015   7.8422413730724006E-016  -2.4833603762230205E-002  -4.6191873061160726E-016   7.8419157289748299E-016   4.9667207524452334E-002  -3.5770233126285404E-016  -2.4833603762224883E-002   7.9033786442835909E-015  -1.1384275358934531E-014  -1.0144553664251359E-016  -5.7345415433323398E-016  -2.4968286275941802E-016  -7.2775620594977122E-002  -2.7087500877790397E-016   2.1899613334786123E-015  0.14555124118996679       -8.0813910014052149E-016  -7.2775620594985116E-002  -4.4531300040540872E-002  -1.3440667588007858E-015   1.5359976880896741E-015   8.9062600081073862E-002  -2.5782391189176872E-016  -4.4531300040535078E-002  -3.9327490868976564E-002  -2.3879941954750797E-016   1.1342609726352775E-015   7.8654981737960872E-002  -4.3456178325935019E-016  -3.9327490868982247E-002
  -6.7685074883934657E-017   2.0971412266482199E-017  -2.0498045727216577E-016  -1.9939718927888739E-016  -1.7207081802324986E-016  -1.0530326254851795E-017   9.9274906255455800E-017  -2.7329772153048471E-016  -1.6425168135072127E-016  -5.3102364229811751E-016  -3.5770233126285404E-016   4.9667207524448996E-002   1.8651030223825271E-016  -1.2177801236820144E-015   1.0785011244608042E-015   4.5769573177864742E-017  -3.3521579024189975E-018  -3.6943090407938661E-017   1.1297905444979228E-015  -1.1459568879434007E-015  -8.1144559912923769E-016  -1.0219388981155750E-016  0.14555124118996529       -1.1045343513513898E-015  -6.6027615842840099E-016  -8.9939943572930283E-017  -4.9702326333929785E-016  -5.1525776511127477E-016   8.9062600081066798E-002   1.1634247405257370E-015   8.8720994340407186E-016  -6.4831968205447602E-016  -5.4892383075376621E-016   3.5085481103783048E-017   7.8654981737960622E-002  -9.2799510920993922E-016
  -8.9572755817820806E-017  -1.2953960869835101E-016   2.0789055558880922E-015   4.7213870511150078E-014  -2.0444534385911605E-016   3.3086438098730578E-016   1.8214593265694470E-015  -2.4833603762227582E-002  -5.1337340797118817E-016   1.7529346843417101E-016  -2.4833603762224883E-002   1.8651030223825271E-016   4.9667207524445957E-002   1.3694725887049982E-013  -1.2276698624168039E-013   5.8471315685121297E-017  -1.0307218449077623E-016  -4.4615970832076105E-016  -7.2775620594979579E-002  -2.3664842172960678E-015  -2.1341842139117312E-017  -7.2775620594979634E-002   1.0730145613181328E-015  0.14555124118995616       -4.4531300040531810E-002  -2.2533400443620399E-016   3.3466610559189598E-016  -4.4531300040534225E-002  -8.5890834917512980E-017   8.9062600081066770E-002  -3.9327490868978937E-002  -1.2599438669325367E-015  -3.6708713868152653E-017  -3.9327490868977570E-002   6.8327543228689846E-016   7.8654981737955112E-002
  -1.3546197036477983E-014  -4.6331184888574944E-015  -1.8437837837710542E-014   2.4838958394647914        1.8715441403566227E-014   1.7703713125808403E-015  -2.3810014871736122E-014   9.8336858791327779E-014   1.6063003758963058E-015  -6.3757436935570005E-015   7.9033786442835909E-015  -1.2177801236820144E-015   1.3694725887049982E-013   6.0725182752163134       -5.6081971014958372       -2.6814126060364207E-015  -3.6580719871175645E-016   5.9224905213477953E-015  -7.0929971885823415E-014   6.4875427770510454E-015  -6.6996047017989809E-015   6.2180632729261662E-014   9.4043447189599500E-016   6.8366013419966494E-014   8.8708310851738253E-014  -7.4513677062080977E-015  -4.4992559131063658E-015  -1.3482545525488528E-013  -7.3168294094466764E-017   2.2086187216635725E-014  -6.3372490546926623E-014   4.1352820326577142E-015  -3.1883478858706695E-015   5.9524215638414150E-014   6.8013851891861913E-016   3.1561953082025096E-014
   1.2513917025999546E-014   3.4041914227358808E-015   1.6109169383185327E-014  -2.2939704445447382       -1.7281610795930264E-014  -2.3342983895441579E-015   2.1254808267960484E-014  -9.0441460906322452E-014  -1.4839033645846425E-015   5.5482935603190755E-015  -1.1384275358934531E-014   1.0785011244608042E-015  -1.2276698624168039E-013  -5.6081971014958372        5.1793791807248111        2.4757163998791163E-015   5.0486363279493953E-016  -5.2941742784787415E-015   6.6609220074629493E-014  -5.9927333599061745E-015   5.1911201120855193E-015  -6.9397965016561895E-014  -1.0038119887541061E-015  -5.2269477141876925E-014  -8.1250664894787773E-014   6.8808537620498384E-015   3.5456482646070718E-015   1.1719078925358726E-013  -1.5207469500794639E-017  -1.3746639163439835E-014   5.9122775388106745E-014  -3.8197603252514584E-015   2.4062099842037791E-015  -6.1442336161277245E-014  -7.0124082480806016E-016  -2.3275054600621288E-014
 -0.10139603946632754       -6.7348211041035148E-017   3.5098786579694458E-017  -1.0460321030618985E-015  -8.1065989183811638E-002  -1.2092162860981858E-016   7.0394084803155452E-017   7.4251062586275860E-017  -3.0575752859313215E-017   3.4808391368353127E-017  -1.0144553664251359E-016   4.5769573177864742E-017   5.8471315685121297E-017  -2.6814126060364207E-015   2.4757163998791163E-015   1.9362676561962996E-002   3.0715841808404689E-017  -1.6140495154248335E-017   1.7248117464745984E-016   4.1223949165565742E-017   1.2022840375165542E-016  -2.7466403833885563E-016   4.3992076403723115E-017   6.1867706066751114E-017   1.0905248731775915E-016  -2.4001571146568116E-017   5.7045596408410162E-017  -1.9083530411969091E-016   6.5922488176006701E-017   1.2763473590565235E-016   9.0004142133911620E-017   3.1391374590911207E-017   5.9877581286221722E-017  -1.5288090456214861E-016   1.9279092646896401E-017   2.5384289625161238E-017
  -6.3687042712061640E-018 -0.10139603946632748       -2.0591871019886541E-016  -4.3776458243646914E-016  -1.3574062574042677E-016  -8.1065989183812526E-002   1.0501229193126537E-016   6.7292071562565689E-016   2.5900633501929900E-016   1.2161439323674909E-016  -5.7345415433323398E-016  -3.3521579024189975E-018  -1.0307218449077623E-016  -3.6580719871175645E-016   5.0486363279493953E-016   3.0715841808404689E-017   1.9362676561963214E-002  -3.2498545295954991E-018   1.8836551415099311E-015   7.8996009818452597E-016   3.4594493790767509E-016  -1.7679666680239573E-015  -9.9251817673557898E-018  -3.2140693180483486E-016   1.2367433805438611E-015   4.8477550301371468E-016   2.1018200769927098E-016  -9.9607196621834999E-016  -5.0047523433836071E-018  -1.1413721045527367E-016   1.0065446428197823E-015   4.2788761527942545E-016   1.8701780950203632E-016  -9.6683921575680977E-016  -6.0164619978597383E-018  -1.8430001921461423E-016
   1.5610252529264316E-016  -2.4974575353345958E-017 -0.10139603946632809        1.4761970923447703E-015   1.1074673441047030E-017   6.1605802376000824E-017  -8.1065989183811790E-002  -4.3830633478098947E-016  -8.0863232030158839E-017  -1.1496154245186921E-017  -2.4968286275941802E-016  -3.6943090407938661E-017  -4.4615970832076105E-016   5.9224905213477953E-015  -5.2941742784787415E-015  -1.6140495154248335E-017  -3.2498545295954991E-018   1.9362676561963110E-002   1.9860728619323032E-016  -4.9987935271258921E-016  -1.5864970558966589E-016   2.3040270288167360E-016  -1.2640839943681362E-016   1.6167196420869083E-017  -2.2849547144443236E-016  -1.3813952889204032E-016  -9.3627173418285119E-017   2.1922748494314125E-016  -1.5648353147727629E-016  -4.0286541591361059E-016   1.3086148683663994E-016  -2.8420068542718469E-016  -6.1271680563484295E-017   1.2147297358573292E-016  -3.4955007994194035E-017   6.8785782081900663E-017
   6.9704133374154616E-017   5.1449343289084253E-015  -2.5879088941921087E-015  -3.2462634433691675E-014  -3.8725050618875653E-016  -5.9560740719203823E-015   6.9949523524147318E-017  0.14555124118998386       -2.8939840172454896E-016   1.7549421524279753E-016  -7.2775620594977122E-002   1.1297905444979228E-015  -7.2775620594979579E-002  -7.0929971885823415E-014   6.6609220074629493E-014   1.7248117464745984E-016   1.8836551415099311E-015   1.9860728619323032E-016  0.42654227744752149       -1.4950446509416093E-015   2.3991496723302549E-015 -0.21327113872375555        1.0644637637156448E-015 -0.21327113872377032       0.26100062056083562       -1.0449167049824970E-015  -1.2525245597637503E-016 -0.13050031028040851        2.1335798558940751E-015 -0.13050031028042317       0.23050078287766426       -5.9242617237535292E-016   1.5143949598029221E-015 -0.11525039143883167        2.6583239664981969E-016 -0.11525039143883459     
   4.6968132586467752E-017   1.9304019430465560E-015  -7.4236459330297142E-016   3.7373146987217636E-015  -6.0915270687192468E-016  -2.4155019354833074E-015   1.8488477608203771E-015   7.4141217389880451E-017  0.14555124118996554        4.3711887646542105E-016  -2.7087500877790397E-016  -1.1459568879434007E-015  -2.3664842172960678E-015   6.4875427770510454E-015  -5.9927333599061745E-015   4.1223949165565742E-017   7.8996009818452597E-016  -4.9987935271258921E-016  -1.4950446509416093E-015  0.42654227744757034        5.1996472719919709E-016   2.4165304178311825E-015  -1.0685483451844817E-015  -1.8524017633388869E-015   1.5662708044434779E-015  0.26100062056082723        1.2729981269575060E-015  -1.9923718402925469E-016  -3.2461828313428090E-016  -1.0967655239779203E-015  -6.5294140897058085E-016  0.23050078287769249        1.4285607702137266E-016   1.6193449360062841E-015  -5.9351454353810212E-016  -1.1768356014213988E-015
   2.2067594880368670E-016   8.4105288323958550E-016   2.9913471736537315E-017   6.9429851282443338E-016  -4.3197304813106934E-016  -1.0475130745584731E-015   5.2005172309173100E-016   1.5933452067495367E-016  -7.9155936325774567E-016  0.14555124118996407        2.1899613334786123E-015  -8.1144559912923769E-016  -2.1341842139117312E-017  -6.6996047017989809E-015   5.1911201120855193E-015   1.2022840375165542E-016   3.4594493790767509E-016  -1.5864970558966589E-016   2.3991496723302549E-015   5.1996472719919709E-016  0.42654227744756523       -1.2377827983499561E-015   1.1769997140548985E-015  -6.6735354221912316E-016  -1.0634752762663012E-015  -9.3801782508167511E-016  0.26100062056082851        1.3695607961520031E-015  -6.6599511312997916E-016  -9.2240871516453683E-016   1.4839204084266309E-015   2.2980001212030547E-016  0.23050078287768969       -8.8228476445320278E-016   5.5375350673989360E-016  -3.8589804637367808E-016
  -1.6942446355343424E-016  -3.7893678307611939E-015   1.0958986127293335E-015   5.4680911648266196E-014   6.9679255954532124E-016   5.7667341496453942E-015  -1.7298695608771742E-015  -7.2775620594995233E-002  -2.5818575377885943E-016  -3.1423736497018173E-016  0.14555124118996679       -1.0219388981155750E-016  -7.2775620594979634E-002   6.2180632729261662E-014  -6.9397965016561895E-014  -2.7466403833885563E-016  -1.7679666680239573E-015   2.3040270288167360E-016 -0.21327113872375555        2.4165304178311825E-015  -1.2377827983499561E-015  0.42654227744754780        4.0419395803435135E-016 -0.21327113872377898      -0.13050031028043010       -1.9744276590609692E-015  -1.8311835880107488E-016  0.26100062056083712        9.4090791473256878E-016 -0.13050031028041309      -0.11525039143882779        1.0350367273973995E-015  -8.1301271596082073E-016  0.23050078287767828        2.2473012288428564E-016 -0.11525039143884443     
   2.7366516960714850E-016   6.1989307110082410E-017  -5.0567895509743789E-016   1.2600885385948431E-015  -1.2688072474848587E-016  -3.0434140015580079E-017   3.6689838147834284E-016  -1.5674662326296445E-015   2.9998914252290988E-016  -3.4310117731807455E-016  -8.0813910014052149E-016  0.14555124118996529        1.0730145613181328E-015   9.4043447189599500E-016  -1.0038119887541061E-015   4.3992076403723115E-017  -9.9251817673557898E-018  -1.2640839943681362E-016   1.0644637637156448E-015  -1.0685483451844817E-015   1.1769997140548985E-015   4.0419395803435135E-016  0.42654227744756767       -1.6941217986831128E-015  -3.3095428016215675E-015   1.1375000961087598E-015   7.1873625486548177E-016  -1.0794020367733763E-015  0.26100062056083123        4.3534554284544168E-015   1.3860406691736923E-015  -6.6256987732740972E-016   3.1244313742956333E-016   4.8307813641215104E-016  0.23050078287769063       -1.8858265304704435E-015
   3.1083769819976159E-016  -2.7828584162790617E-016  -8.3923784560183658E-016   2.1672581521889068E-015  -1.4075401821660577E-016   1.0506242733107880E-015  -2.0390952096199426E-016  -7.2775620594990126E-002   2.2992397009817642E-016   3.0731710579103526E-016  -7.2775620594985116E-002  -1.1045343513513898E-015  0.14555124118995616        6.8366013419966494E-014  -5.2269477141876925E-014   6.1867706066751114E-017  -3.2140693180483486E-016   1.6167196420869083E-017 -0.21327113872377032       -1.8524017633388869E-015  -6.6735354221912316E-016 -0.21327113872377898       -1.6941217986831128E-015  0.42654227744754042      -0.13050031028040818        2.4497183333747195E-015   6.1065654486173800E-016 -0.13050031028042045       -3.2124503794930763E-015  0.26100062056083079      -0.11525039143883883       -9.4567014572032390E-016  -4.3441948172419939E-016 -0.11525039143883943       -6.1240143273306658E-016  0.23050078287767420     
   2.4263284361054645E-017   2.7075776581331178E-015   2.4941874098745452E-016   3.4174387686414815E-014  -2.5165968200538746E-016  -3.9967727787205536E-015   1.5082481743722410E-015   8.9062600081089294E-002   6.6955161918711523E-016  -7.5645632607272722E-016  -4.4531300040540872E-002  -6.6027615842840099E-016  -4.4531300040531810E-002   8.8708310851738253E-014  -8.1250664894787773E-014   1.0905248731775915E-016   1.2367433805438611E-015  -2.2849547144443236E-016  0.26100062056083562        1.5662708044434779E-015  -1.0634752762663012E-015 -0.13050031028043010       -3.3095428016215675E-015 -0.13050031028040818       0.15970591318822414        8.7878969475444514E-016  -1.6256713721496799E-015  -7.9852956594115856E-002  -1.1181249949901288E-015  -7.9852956594105864E-002  0.14104310534195647        9.7825789871637227E-016  -4.4135837562816563E-016  -7.0521552670986323E-002  -1.9777755567849481E-015  -7.0521552670971363E-002
   2.8652263038372018E-016   1.1738787451373773E-015  -1.3326304403252010E-015  -2.3848101773807737E-015  -1.6664262755239126E-016  -1.4839037602585196E-015   4.2904491781424587E-016   9.7183795800091602E-019   8.9062600081065035E-002  -1.6118192269407399E-016  -1.3440667588007858E-015  -8.9939943572930283E-017  -2.2533400443620399E-016  -7.4513677062080977E-015   6.8808537620498384E-015  -2.4001571146568116E-017   4.8477550301371468E-016  -1.3813952889204032E-016  -1.0449167049824970E-015  0.26100062056082723       -9.3801782508167511E-016  -1.9744276590609692E-015   1.1375000961087598E-015   2.4497183333747195E-015   8.7878969475444514E-016  0.15970591318819560        1.0286884272160828E-017  -2.2348586986595778E-015   8.9748540762068068E-016   1.5214458738141128E-015  -4.6984024229132116E-016  0.14104310534195308       -5.9142092955539177E-016  -8.7515974829400354E-016   6.0485889385098586E-016   1.2162352595535721E-015
   2.2155161725549111E-016   5.2250044749277603E-016   2.3560540442850152E-019   2.6131588040126063E-016  -1.9515083359283554E-016  -6.3468662564970503E-016   3.0377325420672415E-016  -4.4619069859227281E-016  -1.5853181468247264E-016   8.9062600081065632E-002   1.5359976880896741E-015  -4.9702326333929785E-016   3.3466610559189598E-016  -4.4992559131063658E-015   3.5456482646070718E-015   5.7045596408410162E-017   2.1018200769927098E-016  -9.3627173418285119E-017  -1.2525245597637503E-016   1.2729981269575060E-015  0.26100062056082851       -1.8311835880107488E-016   7.1873625486548177E-016   6.1065654486173800E-016  -1.6256713721496799E-015   1.0286884272160828E-017  0.15970591318819907        1.1894324636547656E-015  -4.0841938189176196E-016   5.9116123454791838E-017   4.7003552309058302E-017   6.5660016116872162E-016  0.14104310534195372       -2.2953237617880922E-016   3.3804767287563965E-016   3.1453721463342160E-016
   1.5562024325462191E-017  -2.7677241536189984E-015   2.6083837642985547E-016  -3.7252883716944985E-014   5.2169269509538099E-016   3.1696694350706510E-015  -1.3860916579112432E-015  -4.4531300040544584E-002  -7.3054445001564382E-016   5.3351217215770445E-016   8.9062600081073862E-002  -5.1525776511127477E-016  -4.4531300040534225E-002  -1.3482545525488528E-013   1.1719078925358726E-013  -1.9083530411969091E-016  -9.9607196621834999E-016   2.1922748494314125E-016 -0.13050031028040851       -1.9923718402925469E-016   1.3695607961520031E-015  0.26100062056083712       -1.0794020367733763E-015 -0.13050031028042045       -7.9852956594115856E-002  -2.2348586986595778E-015   1.1894324636547656E-015  0.15970591318821611       -2.3608121141042089E-016  -7.9852956594103991E-002  -7.0521552670972279E-002  -2.7339395241431942E-016   6.5191213159074195E-016  0.14104310534195716       -5.7944359251362446E-016  -7.0521552670981175E-002
  -3.6794873337585441E-017   3.2336032042245709E-017   1.0497692107586856E-016   5.0573611379086084E-016  -2.4093588641348065E-016  -2.3095912339925474E-017   5.5581774460860453E-016  -4.5333902139235130E-016   2.9590458173358505E-016  -6.8296319476673262E-016  -2.5782391189176872E-016   8.9062600081066798E-002  -8.5890834917512980E-017  -7.3168294094466764E-017  -1.5207469500794639E-017   6.5922488176006701E-017  -5.0047523433836071E-018  -1.5648353147727629E-016   2.1335798558940751E-015  -3.2461828313428090E-016  -6.6599511312997916E-016   9.4090791473256878E-016  0.26100062056083123       -3.2124503794930763E-015  -1.1181249949901288E-015   8.9748540762068068E-016  -4.0841938189176196E-016  -2.3608121141042089E-016  0.15970591318820151        1.3324929403141683E-015   1.6491083502836687E-015  -2.2751644934482473E-016  -5.5791032092854250E-016   6.7040391962041462E-016  0.14104310534195499       -2.3297336282368480E-015
  -2.7993689574769310E-016  -6.0247197507547796E-016   1.6479514651060030E-015  -6.7510988539426864E-015  -4.6200188507030473E-016   2.9734081988410338E-016   1.6033281723699988E-015  -4.4531300040543370E-002   1.5321875750740632E-016   1.2634343441275506E-017  -4.4531300040535078E-002   1.1634247405257370E-015   8.9062600081066770E-002   2.2086187216635725E-014  -1.3746639163439835E-014   1.2763473590565235E-016  -1.1413721045527367E-016  -4.0286541591361059E-016 -0.13050031028042317       -1.0967655239779203E-015  -9.2240871516453683E-016 -0.13050031028041309        4.3534554284544168E-015  0.26100062056083079       -7.9852956594105864E-002   1.5214458738141128E-015   5.9116123454791838E-017  -7.9852956594103991E-002   1.3324929403141683E-015  0.15970591318821117       -7.0521552670982063E-002  -5.5881304629211634E-016  -5.4361219302064077E-016  -7.0521552670974139E-002   2.5380410528233169E-015  0.14104310534195372     
   5.4443928659751796E-017   2.8398357277791944E-015  -1.5217367760030928E-015  -2.7785909667401123E-014  -1.9585516684500053E-016  -3.1710188106724379E-015  -6.0735492707379206E-017   7.8654981737970184E-002  -1.0350780996630088E-016   1.5879496068769418E-016  -3.9327490868976564E-002   8.8720994340407186E-016  -3.9327490868978937E-002  -6.3372490546926623E-014   5.9122775388106745E-014   9.0004142133911620E-017   1.0065446428197823E-015   1.3086148683663994E-016  0.23050078287766426       -6.5294140897058085E-016   1.4839204084266309E-015 -0.11525039143882779        1.3860406691736923E-015 -0.11525039143883883       0.14104310534195647       -4.6984024229132116E-016   4.7003552309058302E-017  -7.0521552670972279E-002   1.6491083502836687E-015  -7.0521552670982063E-002  0.12456118353649694       -2.3639764439074866E-016   9.1965501105305787E-016  -6.2280591768247386E-002   5.8181168487593424E-016  -6.2280591768250619E-002
  -2.2346867415048338E-017   1.0379503678593358E-015  -3.2749438628977961E-016   2.2770928344117464E-015  -3.6734090881200989E-016  -1.3095009688187558E-015   1.0580086841192905E-015   1.1359655470337054E-016   7.8654981737960913E-002   2.1875100995385422E-016  -2.3879941954750797E-016  -6.4831968205447602E-016  -1.2599438669325367E-015   4.1352820326577142E-015  -3.8197603252514584E-015   3.1391374590911207E-017   4.2788761527942545E-016  -2.8420068542718469E-016  -5.9242617237535292E-016  0.23050078287769249        2.2980001212030547E-016   1.0350367273973995E-015  -6.6256987732740972E-016  -9.4567014572032390E-016   9.7825789871637227E-016  0.14104310534195308        6.5660016116872162E-016  -2.7339395241431942E-016  -2.2751644934482473E-016  -5.5881304629211634E-016  -2.3639764439074866E-016  0.12456118353651317        4.9538080028009259E-017   7.2872232332745140E-016  -3.6673902302899947E-016  -6.0604095645303870E-016
   1.4592279831990456E-016   4.5412621675991598E-016  -1.1193254443780404E-016   5.5193071437421503E-016  -2.1211219585311546E-016  -5.6636814326297474E-016   1.7861885630412376E-016   1.6046192152780530E-016  -4.7488852887847998E-016   7.8654981737960095E-002   1.1342609726352775E-015  -5.4892383075376621E-016  -3.6708713868152653E-017  -3.1883478858706695E-015   2.4062099842037791E-015   5.9877581286221722E-017   1.8701780950203632E-016  -6.1271680563484295E-017   1.5143949598029221E-015   1.4285607702137266E-016  0.23050078287768969       -8.1301271596082073E-016   3.1244313742956333E-016  -4.3441948172419939E-016  -4.4135837562816563E-016  -5.9142092955539177E-016  0.14104310534195372        6.5191213159074195E-016  -5.5791032092854250E-016  -5.4361219302064077E-016   9.1965501105305787E-016   4.9538080028009259E-017  0.12456118353651162       -5.5466343188351447E-016   1.2437376517273039E-016  -2.4841104650715641E-016
  -6.8230863664255805E-017  -1.9878375493559231E-015   6.0811116397612444E-016   4.0152405741029536E-014   3.9519069848434862E-016   3.1642076067252363E-015  -9.2210315885541801E-016  -3.9327490868987673E-002  -3.2556664239737258E-017  -2.4263004664223101E-016   7.8654981737960872E-002   3.5085481103783048E-017  -3.9327490868977570E-002   5.9524215638414150E-014  -6.1442336161277245E-014  -1.5288090456214861E-016  -9.6683921575680977E-016   1.2147297358573292E-016 -0.11525039143883167        1.6193449360062841E-015  -8.8228476445320278E-016  0.23050078287767828        4.8307813641215104E-016 -0.11525039143883943       -7.0521552670986323E-002  -8.7515974829400354E-016  -2.2953237617880922E-016  0.14104310534195716        6.7040391962041462E-016  -7.0521552670974139E-002  -6.2280591768247386E-002   7.2872232332745140E-016  -5.5466343188351447E-016  0.12456118353650439        2.6446062679172533E-016  -6.2280591768253728E-002
   1.7142030672232443E-016   3.6917951344916973E-017  -4.4793661501984898E-016   7.5127149869516609E-016  -4.9750664905957634E-017  -1.3712680187001961E-017   5.8620485504654033E-017  -9.5262576852493486E-016   1.5662479362080144E-016  -2.1348999567423549E-016  -4.3456178325935019E-016   7.8654981737960622E-002   6.8327543228689846E-016   6.8013851891861913E-016  -7.0124082480806016E-016   1.9279092646896401E-017  -6.0164619978597383E-018  -3.4955007994194035E-017   2.6583239664981969E-016  -5.9351454353810212E-016   5.5375350673989360E-016   2.2473012288428564E-016  0.23050078287769063       -6.1240143273306658E-016  -1.9777755567849481E-015   6.0485889385098586E-016   3.3804767287563965E-016  -5.7944359251362446E-016  0.14104310534195499        2.5380410528233169E-015   5.8181168487593424E-016  -3.6673902302899947E-016   1.2437376517273039E-016   2.6446062679172533E-016  0.12456118353651194       -8.5529956530302572E-016
   2.1012282068964965E-016  -9.4803328553033486E-017  -7.6797665397179871E-016  -1.0305252635603678E-015  -4.2365270580518056E-017   6.1218740831085895E-016  -3.6159996580753157E-016  -3.9327490868983184E-002   6.4256938465217236E-017   1.5745156643332858E-016  -3.9327490868982247E-002  -9.2799510920993922E-016   7.8654981737955112E-002   3.1561953082025096E-014  -2.3275054600621288E-014   2.5384289625161238E-017  -1.8430001921461423E-016   6.8785782081900663E-017 -0.11525039143883459       -1.1768356014213988E-015  -3.8589804637367808E-016 -0.11525039143884443       -1.8858265304704435E-015  0.23050078287767420       -7.0521552670971363E-002   1.2162352595535721E-015   3.1453721463342160E-016  -7.0521552670981175E-002  -2.3297336282368480E-015  0.14104310534195372       -6.2280591768250619E-002  -6.0604095645303870E-016  -2.4841104650715641E-016  -6.2280591768253728E-002  -8.5529956530302572E-016  0.12456118353650214     
