  0.18505633782557979        2.2203839335010549E-017  -1.0168799938377346E-016   7.5449350312697226E-018  -9.4357951224898313E-020  -9.3125732548438837E-018   1.3788254337103243E-018  -8.8987527298643796E-018   7.6222896405274671E-018  -2.5203710278399996E-016   8.7504437717463107E-002   4.0957854648007727E-017   2.9212189940591241E-017   2.5730026837830309E-017   1.8081733925115912E-017   3.2733952283268830E-017  -1.3190291598995744E-017  -2.2392815197863809E-016  -9.1907483811209929E-018  -3.1460970400525991E-016   7.6125889718632560E-017   5.3415957340715346E-017   9.1236205809321489E-017  -5.0324885577043561E-017  -6.6718312676964157E-016  -2.4459842622982862E-017   2.3162261640336504E-016  -1.2615594322601746E-002   3.3307541301001108E-018   9.3398793789782885E-018   8.6719952967219366E-017   6.1399082024389118E-017   1.0650127151849181E-016  -5.8971661513797635E-017  -7.7433232456278605E-016  -3.0412106884887244E-017
   2.2203839335010549E-017  0.18505633782557868       -6.1833405149565613E-017   4.0208698832985127E-017  -1.5169387785234013E-017   1.0805767911498229E-018   3.6687283605263604E-017  -3.4003623722676920E-017   6.4756328249991571E-017   5.3931119872618208E-016   5.7254486208863800E-017   8.7504437717463412E-002  -1.2016574078377613E-017   5.2872225081690309E-017  -1.8125663491801470E-016   3.4109973663195847E-017   2.4628910656255598E-017  -4.9845100506205768E-016   3.5114442157079661E-016   1.7319882458103647E-015  -2.6253612200410017E-016  -5.4495951754615563E-016   1.0825027492746443E-016  -3.9478495541911117E-016  -1.5840000214260058E-015   5.9067013253406269E-016  -1.0309876362315585E-015   1.5159242777901438E-019  -1.2615594322601714E-002   1.0141807821785033E-018  -3.2925668857087760E-016  -6.3251850971160186E-016   1.2564915380497861E-016  -4.6926835331833978E-016  -1.8189359331411249E-015   6.7140732459681268E-016
  -1.0168799938377346E-016  -6.1833405149565613E-017  0.18505633782557857        7.0423650365299177E-017  -1.4584681384435422E-017   6.3136462166053479E-018   5.6755896381114398E-017   5.3266823234286962E-018   7.3697236142432072E-017  -1.5009612685146980E-015   7.6173672946579769E-018  -1.1323136438893969E-017   8.7504437717462941E-002   4.1523292279685207E-016  -8.2715668690453162E-017   2.0938543409609975E-017   1.9839233842374722E-016   9.5136371422798235E-017   2.8057308466707109E-016  -1.0898740674495454E-015   3.5298218062748178E-016  -2.5047856458428671E-016   7.1432467388283203E-017  -2.8539414455317788E-016   2.9056896386227679E-016  -1.7825034552607258E-017   9.6774418973724272E-016   1.4086369671075720E-017  -2.0047858139931319E-018  -1.2615594322601589E-002   3.6711387163133246E-016  -2.9124151669141441E-016   8.1672325448687989E-017  -3.7447677406016104E-016   3.3630247857954186E-016  -6.7417273209576223E-017
   7.5449350312697226E-018   4.0208698832985127E-017   7.0423650365299177E-017   1.7473197204100204E-004   1.4670749612786411E-017   2.2221379975739008E-019  -8.7365986020521906E-005  -6.8530782580537880E-018  -8.7365986020568039E-005   1.3811290714358582E-015   5.9295732477250407E-018   4.1340499616577472E-017   2.8119151477932176E-017   2.8470664402687721E-003   7.9770968934010568E-017   1.0725459403400862E-016  -1.4235332201344767E-003   5.0096209558420818E-016  -1.4235332201346697E-003   1.6403417512653868E-015   8.6214214596498865E-003   2.5612222270072921E-016   3.0569419066407862E-016  -4.3107107298246631E-003   1.4354958524694247E-015  -4.3107107298254099E-003  -1.2148585595546863E-015  -2.3798335579898720E-018  -7.2521718133320601E-018  -3.9500970356276796E-018   9.9795276080218587E-003   2.8839153101316035E-016   3.5354572883243338E-016  -4.9897638040104809E-003   1.6837037566530350E-015  -4.9897638040113093E-003
  -9.4357951224898313E-020  -1.5169387785234013E-017  -1.4584681384435422E-017   1.4670749612786411E-017   1.7473197204088929E-004   7.6639110933642078E-018   5.5232371512435001E-018   1.9632794762847030E-017  -5.0048844204019187E-018  -8.3120173012347356E-016   1.3355440203199062E-018   3.2132178156437454E-018  -9.2418302084628332E-019   1.9650756741691119E-016   2.8470664402679359E-003   8.3359159317267083E-018  -2.0676211885333370E-016   3.2222243059063322E-016   7.3398078327307171E-017  -1.1205609591071223E-015   4.5610251932229580E-016   8.6214214596472272E-003   4.7474502627707824E-017  -5.8521993369745100E-016   9.2107781464619270E-016   1.6546142761989822E-016   8.0146612182689240E-016   5.8075997058652545E-019  -8.5952259554217722E-019  -1.1034056138614404E-018   5.4539932666024511E-016   9.9795276080188924E-003   5.0263146848306416E-017  -7.0153682735500809E-016   1.0718155994162206E-015   1.7243272053404651E-016
  -9.3125732548438837E-018   1.0805767911498229E-018   6.3136462166053479E-018   2.2221379975739008E-019   7.6639110933642078E-018   1.7473197204096727E-004   2.1718308579411243E-017  -7.6782837700990974E-018   7.4801611921978447E-019   7.9701658838513488E-016  -6.3769357112944089E-018   3.1478886201335594E-018   7.1086342033748075E-018  -7.2357842458725232E-017   1.1527027857211571E-016   2.8470664402685357E-003  -7.0040413254606186E-017   8.1501073433446103E-017   2.5007022523217749E-016   1.0821995763183165E-015  -2.7082660878594935E-016   3.2472109175825009E-016   8.6214214596491701E-003  -2.5589691193675035E-016   2.2104770008567213E-016   5.7607155435063044E-016  -7.7732931548661948E-016  -6.6970749183764734E-020  -1.3026468280888435E-018  -1.6267416113295146E-018  -3.3911260504857813E-016   3.7856972907228666E-016   9.9795276080211024E-003  -3.2195214105367623E-016   2.5397425302561145E-016   6.5239769322770538E-016
   1.3788254337103243E-018   3.6687283605263604E-017   5.6755896381114398E-017  -8.7365986020521906E-005   5.5232371512435001E-018   2.1718308579411243E-017   1.7473197204103142E-004  -1.1252927002867462E-017  -8.7365986020502133E-005   5.7017127036274881E-015   2.0173239602798395E-018   1.4275577913785351E-017   2.9409251288149115E-017  -1.4235332201348923E-003   2.8823123002789933E-016   4.4840050167245972E-016   2.8470664402692821E-003  -3.2671490143696348E-016  -1.4235332201342735E-003   8.4784569601905626E-015  -4.3107107298263770E-003   8.7985632099335006E-016   1.3372331484452390E-015   8.6214214596505110E-003  -9.2892951889966484E-016  -4.3107107298243708E-003  -5.8968591366059625E-015   5.6288642624458603E-019   8.2846784150993250E-019  -3.8123732168830532E-018  -4.9897638040125132E-003   1.0251046837555845E-015   1.5580368501025377E-015   9.9795276080226081E-003  -1.0864179047964003E-015  -4.9897638040102329E-003
  -8.8987527298643796E-018  -3.4003623722676920E-017   5.3266823234286962E-018  -6.8530782580537880E-018   1.9632794762847030E-017  -7.6782837700990974E-018  -1.1252927002867462E-017   1.7473197204098540E-004   8.2321469509951901E-019  -5.1300913079249517E-016   8.1555932045297375E-018   8.9965863413700853E-018  -1.1902809744862015E-017  -6.7272765855830129E-016  -4.4010309927014691E-018  -1.9641430114851160E-016   1.5973909802136682E-016   2.8470664402687027E-003   4.8573402145317070E-016  -7.5120936468132164E-016  -1.7346452577780819E-015   5.1265491227374407E-017  -5.9929523900064602E-016   3.5037491393393930E-016   8.6214214596496263E-003   1.3708940392457635E-015   5.2977671777314201E-016  -6.0973502755663356E-019   5.2057368655224227E-018   2.7307833793871544E-018  -2.0744860596983887E-015   3.6704240475353010E-017  -6.9591202565942770E-016   4.5195766947402233E-016   9.9795276080216454E-003   1.6261983192870273E-015
   7.6222896405274671E-018   6.4756328249991571E-017   7.3697236142432072E-017  -8.7365986020568039E-005  -5.0048844204019187E-018   7.4801611921978447E-019  -8.7365986020502133E-005   8.2321469509951901E-019   1.7473197204115069E-004   9.2019365252692039E-015  -1.2304838477483260E-019   1.1364637336206494E-017   3.7456779280234334E-017  -1.4235332201353119E-003  -1.2051238019419998E-016  -1.8597010697619500E-016  -1.4235332201346848E-003  -4.5585134758364436E-016   2.8470664402702548E-003   1.2179522231602264E-014  -4.3107107298278472E-003  -3.8653554454562206E-016  -5.2345587937042045E-016  -4.3107107298254827E-003  -1.3593136562538145E-015   8.6214214596537532E-003  -8.8992140926909952E-015   6.8897573543948491E-019  -3.2329665723959168E-018  -5.9316297795803594E-018  -4.9897638040143659E-003  -4.4599545749783870E-016  -6.1576415353366250E-016  -4.9897638040117057E-003  -1.5843638120083845E-015   9.9795276080261400E-003
  -2.5203710278399996E-016   5.3931119872618208E-016  -1.5009612685146980E-015   1.3811290714358582E-015  -8.3120173012347356E-016   7.9701658838513488E-016   5.7017127036274881E-015  -5.1300913079249517E-016   9.2019365252692039E-015  0.77645222477419995        1.6512014869854039E-016  -9.2146721592866705E-016   5.2679580205245531E-016   3.4810501037036215E-014  -1.4221862657286316E-016  -2.4939580853431655E-015   1.5974584073260731E-014   1.3061687327992679E-015   1.6675740827984394E-014   1.0631757206429480        1.5115594443862444E-014  -4.1967560386072076E-015  -2.7924759505189039E-015  -4.8652498952200156E-015   1.9000667789727729E-015   1.7497339852374420E-015 -0.76339532408052135        7.6788811197545135E-018   1.1741799812215434E-016  -7.7682177199855684E-017   1.8003334303909467E-014  -2.9591433434144724E-015  -4.0772406561892258E-015  -1.5555967167815131E-014   2.6425178031965009E-015  -7.9200687305162664E-015
   8.7504437717463107E-002   5.7254486208863800E-017   7.6173672946579769E-018   5.9295732477250407E-018   1.3355440203199062E-018  -6.3769357112944089E-018   2.0173239602798395E-018   8.1555932045297375E-018  -1.2304838477483260E-019   1.6512014869854039E-016   4.1376732676220579E-002   4.1475427071820551E-017   4.0151761626537479E-017   5.0651559640208803E-017   3.1038223405606354E-017  -1.6676991667388598E-017   1.6009690984794609E-017   9.5562910493987176E-017  -6.5077672265279419E-017   2.4051582105561035E-016   1.5253587082836192E-016   9.3356212904978429E-017  -5.4230748624533186E-017   4.3570856748165789E-017   2.9454070853563215E-016  -1.9547255537820248E-016  -1.6999243746425413E-016  -5.9653211591777985E-003  -1.6124330942168223E-018   6.1918108444296394E-019   1.7590341883411073E-016   1.0785837696733804E-016  -6.2351339632660459E-017   5.0094340714913983E-017   3.3996951307830867E-016  -2.2725735256946842E-016
   4.0957854648007727E-017   8.7504437717463412E-002  -1.1323136438893969E-017   4.1340499616577472E-017   3.2132178156437454E-018   3.1478886201335594E-018   1.4275577913785351E-017   8.9965863413700853E-018   1.1364637336206494E-017  -9.2146721592866705E-016   4.1475427071820551E-017   4.1376732676221092E-002   2.7889971509911707E-018   3.8880620244925805E-016   8.3522533651151537E-017   5.9094969667142515E-017  -3.8410866661880792E-017   1.7288057195872647E-016  -1.4770901381058133E-016  -7.9195040992419787E-016   9.7752624875991521E-016   2.5477351102463191E-016   1.8129502322024361E-016  -3.3825585049467629E-016   4.8823717288856294E-016  -6.7078649506258846E-016   6.6919271089588551E-016  -2.0047416976939736E-018  -5.9653211591778376E-003  -7.4178910355770421E-019   1.1195195000481114E-015   2.9409711752579295E-016   2.1001773808258223E-016  -3.9735357639665712E-016   5.7204507666296562E-016  -7.8227391296053283E-016
   2.9212189940591241E-017  -1.2016574078377613E-017   8.7504437717462941E-002   2.8119151477932176E-017  -9.2418302084628332E-019   7.1086342033748075E-018   2.9409251288149115E-017  -1.1902809744862015E-017   3.7456779280234334E-017   5.2679580205245531E-016   4.0151761626537479E-017   2.7889971509911707E-018   4.1376732676220690E-002   1.1192733832779756E-016   5.8198556733920340E-017   7.7084016582081910E-017   1.3571926990564940E-016  -1.8999782967940631E-016   1.7517772939371877E-016   1.1777977074650826E-015  -8.8720290835733652E-017   1.7623512712819969E-016   2.3721957495747740E-016  -8.0420013967184562E-018  -5.7417479327683200E-016   1.2029287496449976E-016  -7.5813546542309633E-016   1.3913927880231028E-018  -2.1219587050301741E-018  -5.9653211591777508E-003  -1.2230652707871391E-016   2.0337944195416679E-016   2.7410920017049550E-016  -3.0173641915397625E-017  -6.6464119790677560E-016   1.1712014134771306E-016
   2.5730026837830309E-017   5.2872225081690309E-017   4.1523292279685207E-016   2.8470664402687721E-003   1.9650756741691119E-016  -7.2357842458725232E-017  -1.4235332201348923E-003  -6.7272765855830129E-016  -1.4235332201353119E-003   3.4810501037036215E-014   5.0651559640208803E-017   3.8880620244925805E-016   1.1192733832779756E-016   4.6389834788807968E-002   6.0669920693219757E-016   5.0960805535308701E-016  -2.3194917394408168E-002  -9.7929920661084381E-016  -2.3194917394405896E-002   4.3578561532360052E-014  0.14047663640757385        2.0744573796921848E-015   1.2321042894715185E-015  -7.0238318203790562E-002  -4.2935428822709809E-015  -7.0238318203786329E-002  -3.1894357248778995E-014  -3.2150063229136453E-017  -7.7107483381687173E-017  -1.4444273553122367E-017  0.16260549120264933        2.2696400287610095E-015   1.4212484406592742E-015  -8.1302745601326845E-002  -4.6101462220209663E-015  -8.1302745601321363E-002
   1.8081733925115912E-017  -1.8125663491801470E-016  -8.2715668690453162E-017   7.9770968934010568E-017   2.8470664402679359E-003   1.1527027857211571E-016   2.8823123002789933E-016  -4.4010309927014691E-018  -1.2051238019419998E-016  -1.4221862657286316E-016   3.1038223405606354E-017   8.3522533651151537E-017   5.8198556733920340E-017   6.0669920693219757E-016   4.6389834788810660E-002  -2.0676074242479222E-017  -1.3892102664619980E-016  -3.3784967892420838E-017   5.6107928294248615E-016   9.1740403466795091E-017  -4.2696389772247995E-016  0.14047663640757990        2.9963621102531611E-016   2.4561583778123670E-016  -9.9307879153636043E-016   7.7353251028926584E-016  -1.1693287588671765E-016   8.1253761125446399E-018  -1.8498306997118107E-017  -2.8540331996837187E-017  -2.0992186938393254E-016  0.16260549120265819        2.7041357434504176E-016  -1.0884373372217786E-016  -1.0575697625579341E-015   5.8428671514780224E-016
   3.2733952283268830E-017   3.4109973663195847E-017   2.0938543409609975E-017   1.0725459403400862E-016   8.3359159317267083E-018   2.8470664402685357E-003   4.4840050167245972E-016  -1.9641430114851160E-016  -1.8597010697619500E-016  -2.4939580853431655E-015  -1.6676991667388598E-017   5.9094969667142515E-017   7.7084016582081910E-017   5.0960805535308701E-016  -2.0676074242479222E-017   4.6389834788809488E-002   3.9893896562958897E-016   1.6613280710972121E-016   8.4585048925990592E-016  -3.5637464578785813E-015   7.0055553968561891E-016  -4.5916978444297788E-016  0.14047663640757846        4.9435553307190919E-016   8.3478908600174029E-017  -3.9083455439030035E-016   2.5544194587514765E-015  -1.3666984518254898E-017  -2.2350253063386857E-017  -2.0920303963524168E-017   3.9340445235226453E-016  -4.8756232883494479E-016  0.16260549120265588        1.5274375731247374E-016   6.5759402860087052E-017  -6.8736723669686157E-016
  -1.3190291598995744E-017   2.4628910656255598E-017   1.9839233842374722E-016  -1.4235332201344767E-003  -2.0676211885333370E-016  -7.0040413254606186E-017   2.8470664402692821E-003   1.5973909802136682E-016  -1.4235332201346848E-003   1.5974584073260731E-014   1.6009690984794609E-017  -3.8410866661880792E-017   1.3571926990564940E-016  -2.3194917394408168E-002  -1.3892102664619980E-016   3.9893896562958897E-016   4.6389834788816781E-002   2.6686598860372036E-016  -2.3194917394406721E-002   3.2810879646479811E-014  -7.0238318203797959E-002  -3.0595338274594248E-016   8.7235923237723656E-016  0.14047663640758556        1.7926135192404270E-015  -7.0238318203791450E-002  -2.0447920945261544E-014   1.1602397684123443E-017   5.2571571962847412E-017  -1.2599735986697802E-017  -8.1302745601336213E-002  -2.4584284261104489E-016   1.1752141686021001E-015  0.16260549120266332        1.8932109637046218E-015  -8.1302745601329357E-002
  -2.2392815197863809E-016  -4.9845100506205768E-016   9.5136371422798235E-017   5.0096209558420818E-016   3.2222243059063322E-016   8.1501073433446103E-017  -3.2671490143696348E-016   2.8470664402687027E-003  -4.5585134758364436E-016   1.3061687327992679E-015   9.5562910493987176E-017   1.7288057195872647E-016  -1.8999782967940631E-016  -9.7929920661084381E-016  -3.3784967892420838E-017   1.6613280710972121E-016   2.6686598860372036E-016   4.6389834788810119E-002   2.6835004326686737E-016   9.9402187029050157E-016   1.9633075987711125E-015   9.5015963209898484E-016   4.2946603304866541E-016  -1.3645641487960400E-015  0.14047663640757954       -8.1669180356717195E-016  -8.7043005839600204E-016  -4.5539934970349992E-018   8.1031388235567919E-017   4.3926311619109199E-017   1.1876109193016220E-015   7.3098879820575213E-016   4.6108238483787888E-016  -8.2365695549244998E-016  0.16260549120265738       -3.0415682586481226E-016
  -9.1907483811209929E-018   3.5114442157079661E-016   2.8057308466707109E-016  -1.4235332201346697E-003   7.3398078327307171E-017   2.5007022523217749E-016  -1.4235332201342735E-003   4.8573402145317070E-016   2.8470664402702548E-003   1.6675740827984394E-014  -6.5077672265279419E-017  -1.4770901381058133E-016   1.7517772939371877E-016  -2.3194917394405896E-002   5.6107928294248615E-016   8.4585048925990592E-016  -2.3194917394406721E-002   2.6835004326686737E-016   4.6389834788816822E-002   1.5982903111832522E-014  -7.0238318203794350E-002   1.3470500485456648E-015   3.2081626987141097E-015  -7.0238318203789271E-002   1.1561658799259916E-015  0.14047663640759050       -1.3984119537475497E-014   2.0319359613508814E-017  -4.6855598516317406E-018  -3.3914959540700726E-017  -8.1302745601334492E-002   1.5825472307390329E-015   3.5530423275840498E-015  -8.1302745601329857E-002   1.1603362466418084E-015  0.16260549120266546     
  -3.1460970400525991E-016   1.7319882458103647E-015  -1.0898740674495454E-015   1.6403417512653868E-015  -1.1205609591071223E-015   1.0821995763183165E-015   8.4784569601905626E-015  -7.5120936468132164E-016   1.2179522231602264E-014   1.0631757206429480        2.4051582105561035E-016  -7.9195040992419787E-016   1.1777977074650826E-015   4.3578561532360052E-014   9.1740403466795091E-017  -3.5637464578785813E-015   3.2810879646479811E-014   9.9402187029050157E-016   1.5982903111832522E-014   1.4557787033109046        8.3226000868306093E-015  -4.8790062298942203E-015  -4.2743626798737190E-015   2.6458220843888349E-014   1.9588313020266664E-016  -1.8349427297016570E-014  -1.0452972480705987        8.4353849678797196E-018   9.3047263511963222E-017  -1.7217786740692569E-016   1.0327344243460288E-014  -3.0477205988164298E-015  -6.1045545253543525E-015   1.7037006258487396E-014   8.3351907557542557E-016  -3.4857977638125724E-014
   7.6125889718632560E-017  -2.6253612200410017E-016   3.5298218062748178E-016   8.6214214596498865E-003   4.5610251932229580E-016  -2.7082660878594935E-016  -4.3107107298263770E-003  -1.7346452577780819E-015  -4.3107107298278472E-003   1.5115594443862444E-014   1.5253587082836192E-016   9.7752624875991521E-016  -8.8720290835733652E-017  0.14047663640757385       -4.2696389772247995E-016   7.0055553968561891E-016  -7.0238318203797959E-002   1.9633075987711125E-015  -7.0238318203794350E-002   8.3226000868306093E-015  0.42538813656535507       -5.7443741603713150E-016   1.1794086757568827E-015 -0.21269406828268358        1.9236634922242990E-015 -0.21269406828268064       -7.8034343099512633E-015  -9.7234114001440998E-017  -2.0468287836976929E-016   1.7915749372162102E-017  0.49239822839508057       -1.0634397008824137E-015   1.3502315042955547E-015 -0.24619911419754115        3.3160632612494885E-015 -0.24619911419753598     
   5.3415957340715346E-017  -5.4495951754615563E-016  -2.5047856458428671E-016   2.5612222270072921E-016   8.6214214596472272E-003   3.2472109175825009E-016   8.7985632099335006E-016   5.1265491227374407E-017  -3.8653554454562206E-016  -4.1967560386072076E-015   9.3356212904978429E-017   2.5477351102463191E-016   1.7623512712819969E-016   2.0744573796921848E-015  0.14047663640757990       -4.5916978444297788E-016  -3.0595338274594248E-016   9.5015963209898484E-016   1.3470500485456648E-015  -4.8790062298942203E-015  -5.7443741603713150E-016  0.42538813656536706       -2.9347997556467033E-016   1.0911817239708775E-015   1.7983441206450778E-016   1.2764854277758067E-015   3.3486683819417093E-015   2.4696341860335324E-017  -5.6283224556585252E-017  -8.6425121169217694E-017   1.9598309520391188E-016  0.49239822839510000       -5.7113059941105180E-016   7.2539901602858330E-017   4.8661026380222839E-016   5.3550439364953632E-016
   9.1236205809321489E-017   1.0825027492746443E-016   7.1432467388283203E-017   3.0569419066407862E-016   4.7474502627707824E-017   8.6214214596491701E-003   1.3372331484452390E-015  -5.9929523900064602E-016  -5.2345587937042045E-016  -2.7924759505189039E-015  -5.4230748624533186E-017   1.8129502322024361E-016   2.3721957495747740E-016   1.2321042894715185E-015   2.9963621102531611E-016  0.14047663640757846        8.7235923237723656E-016   4.2946603304866541E-016   3.2081626987141097E-015  -4.2743626798737190E-015   1.1794086757568827E-015  -2.9347997556467033E-016  0.42538813656536900        4.8042353515549659E-016   2.9873157983764572E-017   7.7504192300127369E-016   3.0556028144525744E-015  -4.0848311965044611E-017  -6.8018604057952265E-017  -6.3897589341223296E-017   1.0091211720408323E-016  -2.0667603913004664E-016  0.49239822839510033       -7.1415041848904600E-016  -5.8899283020274424E-017   1.8562218819309299E-016
  -5.0324885577043561E-017  -3.9478495541911117E-016  -2.8539414455317788E-016  -4.3107107298246631E-003  -5.8521993369745100E-016  -2.5589691193675035E-016   8.6214214596505110E-003   3.5037491393393930E-016  -4.3107107298254827E-003  -4.8652498952200156E-015   4.3570856748165789E-017  -3.3825585049467629E-016  -8.0420013967184562E-018  -7.0238318203790562E-002   2.4561583778123670E-016   4.9435553307190919E-016  0.14047663640758556       -1.3645641487960400E-015  -7.0238318203789271E-002   2.6458220843888349E-014 -0.21269406828268358        1.0911817239708775E-015   4.8042353515549659E-016  0.42538813656534513       -1.1509153344442010E-015 -0.21269406828267320       -9.5760810118098226E-015   3.5841896820693057E-017   1.9119345895302257E-016   2.2256837185265446E-017 -0.24619911419754359        1.5910463593317616E-015   1.0570835656462173E-015  0.49239822839507041       -1.8826984377962349E-015 -0.24619911419753363     
  -6.6718312676964157E-016  -1.5840000214260058E-015   2.9056896386227679E-016   1.4354958524694247E-015   9.2107781464619270E-016   2.2104770008567213E-016  -9.2892951889966484E-016   8.6214214596496263E-003  -1.3593136562538145E-015   1.9000667789727729E-015   2.9454070853563215E-016   4.8823717288856294E-016  -5.7417479327683200E-016  -4.2935428822709809E-015  -9.9307879153636043E-016   8.3478908600174029E-017   1.7926135192404270E-015  0.14047663640757954        1.1561658799259916E-015   1.9588313020266664E-016   1.9236634922242990E-015   1.7983441206450778E-016   2.9873157983764572E-017  -1.1509153344442010E-015  0.42538813656536983       -1.4327418307205463E-015  -6.1513408050285894E-016  -1.4534118343115954E-017   2.5046314306102669E-016   1.3284764210529082E-016  -1.0587899135184543E-015  -9.0875962625251042E-016  -7.4549063753745531E-017   9.5667289194689697E-016  0.49239822839510206        2.8319699558500292E-016
  -2.4459842622982862E-017   5.9067013253406269E-016  -1.7825034552607258E-017  -4.3107107298254099E-003   1.6546142761989822E-016   5.7607155435063044E-016  -4.3107107298243708E-003   1.3708940392457635E-015   8.6214214596537532E-003   1.7497339852374420E-015  -1.9547255537820248E-016  -6.7078649506258846E-016   1.2029287496449976E-016  -7.0238318203786329E-002   7.7353251028926584E-016  -3.9083455439030035E-016  -7.0238318203791450E-002  -8.1669180356717195E-016  0.14047663640759050       -1.8349427297016570E-014 -0.21269406828268064        1.2764854277758067E-015   7.7504192300127369E-016 -0.21269406828267320       -1.4327418307205463E-015  0.42538813656537472        5.5812313461736964E-015   6.1300787998488342E-017   1.8033123738469296E-017  -4.3565012057955588E-017 -0.24619911419754761        1.5481187295649101E-015   4.1112946380650851E-016 -0.24619911419754276       -2.1973207792408466E-015  0.49239822839509373     
   2.3162261640336504E-016  -1.0309876362315585E-015   9.6774418973724272E-016  -1.2148585595546863E-015   8.0146612182689240E-016  -7.7732931548661948E-016  -5.8968591366059625E-015   5.2977671777314201E-016  -8.8992140926909952E-015 -0.76339532408052135       -1.6999243746425413E-016   6.6919271089588551E-016  -7.5813546542309633E-016  -3.1894357248778995E-014  -1.1693287588671765E-016   2.5544194587514765E-015  -2.0447920945261544E-014  -8.7043005839600204E-016  -1.3984119537475497E-014  -1.0452972480705987       -7.8034343099512633E-015   3.3486683819417093E-015   3.0556028144525744E-015  -9.5760810118098226E-015  -6.1513408050285894E-016   5.5812313461736964E-015  0.75055798957557263       -6.4469938509357998E-018  -8.1306838813054403E-017   1.1100547522839237E-016  -9.5307924694391932E-015   2.0093880171197549E-015   4.3676095931267260E-015  -1.3271506283318779E-015  -1.1477217110691932E-015   1.6238615177736902E-014
  -1.2615594322601746E-002   1.5159242777901438E-019   1.4086369671075720E-017  -2.3798335579898720E-018   5.8075997058652545E-019  -6.6970749183764734E-020   5.6288642624458603E-019  -6.0973502755663356E-019   6.8897573543948491E-019   7.6788811197545135E-018  -5.9653211591777985E-003  -2.0047416976939736E-018   1.3913927880231028E-018  -3.2150063229136453E-017   8.1253761125446399E-018  -1.3666984518254898E-017   1.1602397684123443E-017  -4.5539934970349992E-018   2.0319359613508814E-017   8.4353849678797196E-018  -9.7234114001440998E-017   2.4696341860335324E-017  -4.0848311965044611E-017   3.5841896820693057E-017  -1.4534118343115954E-017   6.1300787998488342E-017  -6.4469938509357998E-018   8.6002577367799899E-004  -3.4058555122751134E-019  -1.1244274142202266E-018  -1.1245581516487582E-016   2.8616085359172832E-017  -4.7343892408929100E-017   4.1536993679692980E-017  -1.6683889801829777E-017   7.1100418155842425E-017
   3.3307541301001108E-018  -1.2615594322601714E-002  -2.0047858139931319E-018  -7.2521718133320601E-018  -8.5952259554217722E-019  -1.3026468280888435E-018   8.2846784150993250E-019   5.2057368655224227E-018  -3.2329665723959168E-018   1.1741799812215434E-016  -1.6124330942168223E-018  -5.9653211591778376E-003  -2.1219587050301741E-018  -7.7107483381687173E-017  -1.8498306997118107E-017  -2.2350253063386857E-017   5.2571571962847412E-017   8.1031388235567919E-017  -4.6855598516317406E-018   9.3047263511963222E-017  -2.0468287836976929E-016  -5.6283224556585252E-017  -6.8018604057952265E-017   1.9119345895302257E-016   2.5046314306102669E-016   1.8033123738469296E-017  -8.1306838813054403E-017  -3.4058555122751134E-019   8.6002577367799964E-004   3.5488915837990310E-019  -2.3519683682085405E-016  -6.5032558008234117E-017  -7.8756991164947898E-017   2.2214969078418585E-016   2.8892343200366227E-016   2.1712969490318051E-017
   9.3398793789782885E-018   1.0141807821785033E-018  -1.2615594322601589E-002  -3.9500970356276796E-018  -1.1034056138614404E-018  -1.6267416113295146E-018  -3.8123732168830532E-018   2.7307833793871544E-018  -5.9316297795803594E-018  -7.7682177199855684E-017   6.1918108444296394E-019  -7.4178910355770421E-019  -5.9653211591777508E-003  -1.4444273553122367E-017  -2.8540331996837187E-017  -2.0920303963524168E-017  -1.2599735986697802E-017   4.3926311619109199E-017  -3.3914959540700726E-017  -1.7217786740692569E-016   1.7915749372162102E-017  -8.6425121169217694E-017  -6.3897589341223296E-017   2.2256837185265446E-017   1.3284764210529082E-016  -4.3565012057955588E-017   1.1100547522839237E-016  -1.1244274142202266E-018   3.5488915837990310E-019   8.6002577367798327E-004   2.3565211790704308E-017  -9.9950385540182619E-017  -7.3894145059963940E-017   2.8770987086870220E-017   1.5377737836551830E-016  -4.7238311551411161E-017
   8.6719952967219366E-017  -3.2925668857087760E-016   3.6711387163133246E-016   9.9795276080218587E-003   5.4539932666024511E-016  -3.3911260504857813E-016  -4.9897638040125132E-003  -2.0744860596983887E-015  -4.9897638040143659E-003   1.8003334303909467E-014   1.7590341883411073E-016   1.1195195000481114E-015  -1.2230652707871391E-016  0.16260549120264933       -2.0992186938393254E-016   3.9340445235226453E-016  -8.1302745601336213E-002   1.1876109193016220E-015  -8.1302745601334492E-002   1.0327344243460288E-014  0.49239822839508057        1.9598309520391188E-016   1.0091211720408323E-016 -0.24619911419754359       -1.0587899135184543E-015 -0.24619911419754761       -9.5307924694391932E-015  -1.1245581516487582E-016  -2.3519683682085405E-016   2.3565211790704308E-017  0.56996421499724614       -2.3444177914105200E-016   9.9482325589120626E-017 -0.28498210749861974        3.5402589063439202E-017 -0.28498210749862241     
   6.1399082024389118E-017  -6.3251850971160186E-016  -2.9124151669141441E-016   2.8839153101316035E-016   9.9795276080188924E-003   3.7856972907228666E-016   1.0251046837555845E-015   3.6704240475353010E-017  -4.4599545749783870E-016  -2.9591433434144724E-015   1.0785837696733804E-016   2.9409711752579295E-016   2.0337944195416679E-016   2.2696400287610095E-015  0.16260549120265819       -4.8756232883494479E-016  -2.4584284261104489E-016   7.3098879820575213E-016   1.5825472307390329E-015  -3.0477205988164298E-015  -1.0634397008824137E-015  0.49239822839510000       -2.0667603913004664E-016   1.5910463593317616E-015  -9.0875962625251042E-016   1.5481187295649101E-015   2.0093880171197549E-015   2.8616085359172832E-017  -6.5032558008234117E-017  -9.9950385540182619E-017  -2.3444177914105200E-016  0.56996421499727512       -5.0709490859862521E-016   4.6361162521837934E-016  -7.2961469900706667E-016   7.0153301570674111E-016
   1.0650127151849181E-016   1.2564915380497861E-016   8.1672325448687989E-017   3.5354572883243338E-016   5.0263146848306416E-017   9.9795276080211024E-003   1.5580368501025377E-015  -6.9591202565942770E-016  -6.1576415353366250E-016  -4.0772406561892258E-015  -6.2351339632660459E-017   2.1001773808258223E-016   2.7410920017049550E-016   1.4212484406592742E-015   2.7041357434504176E-016  0.16260549120265588        1.1752141686021001E-015   4.6108238483787888E-016   3.5530423275840498E-015  -6.1045545253543525E-015   1.3502315042955547E-015  -5.7113059941105180E-016  0.49239822839510033        1.0570835656462173E-015  -7.4549063753745531E-017   4.1112946380650851E-016   4.3676095931267260E-015  -4.7343892408929100E-017  -7.8756991164947898E-017  -7.3894145059963940E-017   9.9482325589120626E-017  -5.0709490859862521E-016  0.56996421499727323       -2.4675086193054489E-016  -1.9449062315084862E-016  -3.4771041297968093E-016
  -5.8971661513797635E-017  -4.6926835331833978E-016  -3.7447677406016104E-016  -4.9897638040104809E-003  -7.0153682735500809E-016  -3.2195214105367623E-016   9.9795276080226081E-003   4.5195766947402233E-016  -4.9897638040117057E-003  -1.5555967167815131E-014   5.0094340714913983E-017  -3.9735357639665712E-016  -3.0173641915397625E-017  -8.1302745601326845E-002  -1.0884373372217786E-016   1.5274375731247374E-016  0.16260549120266332       -8.2365695549244998E-016  -8.1302745601329857E-002   1.7037006258487396E-014 -0.24619911419754115        7.2539901602858330E-017  -7.1415041848904600E-016  0.49239822839507041        9.5667289194689697E-016 -0.24619911419754276       -1.3271506283318779E-015   4.1536993679692980E-017   2.2214969078418585E-016   2.8770987086870220E-017 -0.28498210749861974        4.6361162521837934E-016  -2.4675086193054489E-016  0.56996421499723593        4.7016427209833890E-016 -0.28498210749862402     
  -7.7433232456278605E-016  -1.8189359331411249E-015   3.3630247857954186E-016   1.6837037566530350E-015   1.0718155994162206E-015   2.5397425302561145E-016  -1.0864179047964003E-015   9.9795276080216454E-003  -1.5843638120083845E-015   2.6425178031965009E-015   3.3996951307830867E-016   5.7204507666296562E-016  -6.6464119790677560E-016  -4.6101462220209663E-015  -1.0575697625579341E-015   6.5759402860087052E-017   1.8932109637046218E-015  0.16260549120265738        1.1603362466418084E-015   8.3351907557542557E-016   3.3160632612494885E-015   4.8661026380222839E-016  -5.8899283020274424E-017  -1.8826984377962349E-015  0.49239822839510206       -2.1973207792408466E-015  -1.1477217110691932E-015  -1.6683889801829777E-017   2.8892343200366227E-016   1.5377737836551830E-016   3.5402589063439202E-017  -7.2961469900706667E-016  -1.9449062315084862E-016   4.7016427209833890E-016  0.56996421499727612       -2.9596262913307337E-016
  -3.0412106884887244E-017   6.7140732459681268E-016  -6.7417273209576223E-017  -4.9897638040113093E-003   1.7243272053404651E-016   6.5239769322770538E-016  -4.9897638040102329E-003   1.6261983192870273E-015   9.9795276080261400E-003  -7.9200687305162664E-015  -2.2725735256946842E-016  -7.8227391296053283E-016   1.1712014134771306E-016  -8.1302745601321363E-002   5.8428671514780224E-016  -6.8736723669686157E-016  -8.1302745601329357E-002  -3.0415682586481226E-016  0.16260549120266546       -3.4857977638125724E-014 -0.24619911419753598        5.3550439364953632E-016   1.8562218819309299E-016 -0.24619911419753363        2.8319699558500292E-016  0.49239822839509373        1.6238615177736902E-014   7.1100418155842425E-017   2.1712969490318051E-017  -4.7238311551411161E-017 -0.28498210749862241        7.0153301570674111E-016  -3.4771041297968093E-016 -0.28498210749862402       -2.9596262913307337E-016  0.56996421499725025     
