  0.52425218657695238        5.0069472764917300E-016  -7.4334256198321791E-016   4.9255778110942679E-015  0.66004970151676268        1.0008371898167362E-015   3.6591823321385775E-017   6.4950513773361599E-016   5.5260219374001957E-016  -9.3892561903805678E-017   2.7810251585946994E-016   6.7861446592021066E-017   6.4625282122195460E-016   1.8523169877443150E-014  -1.7495117951777337E-014   1.8538483175176703E-015   3.3106673271830391E-016  -1.1326289623391265E-016  -1.6477036478534715E-015  -2.2523485081052596E-016   1.3179255553841732E-016 -0.14469778997146412       -1.8538332490197068E-016  -3.8336711192729633E-017   9.1738988591931436E-016   1.0649894500640593E-015  -2.8296812851571668E-016  -1.1592490752239073E-015   1.7437278135481783E-016   3.0715042672260237E-016   1.1198532039166444E-015   3.0050865779539456E-016  -1.0231118001557595E-016  -1.0447400761401047E-015  -1.4144711118411373E-016   3.2379886859720107E-017
   5.0069472764917300E-016  0.52425218657694461        6.7404849063423811E-016   4.1449247906077442E-016  -1.5093856069528511E-015  0.66004970151676245       -3.2255014631443757E-017  -3.9868642441455568E-017   1.9998866157538527E-016   1.1530964431184610E-016   3.0962389959616768E-016   1.0434949917816600E-017   6.4320392541494213E-017  -2.9090189954363788E-015   2.4110049279875790E-015   8.9620418725075435E-017  -2.1567954522515603E-016  -1.0073896736035763E-016  -2.5005607907749100E-016  -1.2646960485966326E-016   2.0490581028327754E-016   3.5732931912869914E-016 -0.14469778997146426       -1.3428860345769678E-017  -8.9165082109156027E-018   5.3896246254201631E-018   9.0732158922724016E-018  -5.9442834774900370E-017  -1.9629344945901457E-016   1.5038744510459783E-016  -2.4583742036617260E-017  -1.1159598316693411E-016  -3.7868238914113392E-017  -1.9990867690833149E-016  -9.2430424756789871E-017   1.0001960389663580E-016
  -7.4334256198321791E-016   6.7404849063423811E-016  0.52425218657695061        2.5523934534066945E-015  -9.2210039517176545E-016  -5.3244491064405319E-016  0.66004970151676168       -1.8603898808181287E-015  -3.8867899517576131E-017  -2.3548417610390959E-016  -2.2450715582524208E-015  -2.1107047013157464E-016  -1.6517810058379020E-015   4.6719461903168092E-014  -4.0369267444099617E-014  -1.2963710319468169E-016   1.8221277715642279E-017   1.2209981562305981E-016  -6.8577742290526826E-016   1.2206761022456034E-016  -7.2529675519641884E-016   2.7812157416505501E-016   1.4598951659106768E-016 -0.14469778997146429       -5.2742890708867518E-016   4.5908140147425136E-016   1.1194716845240172E-016  -9.6687930776319927E-016   2.1108010105761781E-016   5.1981877886251281E-017   5.9060629774083620E-016   4.0966573497132437E-018   9.2441849830426057E-017   8.6916591423784159E-017   1.1579317598868314E-017   1.6698279115099319E-016
   4.9255778110942679E-015   4.1449247906077442E-016   2.5523934534066945E-015  0.81647903226813623       -7.1179755881819601E-015  -2.9731244225392371E-016  -5.0488646948127936E-015  -2.1271936504032293E-014   1.0307032350767557E-015   3.5327917994936744E-015  -5.4743690102390422E-014   1.7864419367290363E-015  -7.0571618068750132E-014   3.5048680965512973       -3.2414135748379569       -7.3061449103873624E-014   8.1636914032451977E-016  -1.8614244508552591E-015  -2.1131003739164195E-014   1.0307545656186914E-017   2.4937178647125858E-014   1.8236067610037287E-015  -9.0233261878530935E-017  -6.8052659265826380E-016   3.3359063798349962E-014  -1.9533297741817976E-016   2.5846485356791136E-015   2.2350097826977521E-014  -1.0330472493672273E-015  -3.3659511470645282E-014  -2.9221345350145712E-014  -2.1533939308702828E-016  -1.3148030528827077E-016  -1.8371174779957018E-014  -7.8189397663315067E-017   1.6552013213338448E-014
  0.66004970151676268       -1.5093856069528511E-015  -9.2210039517176545E-016  -7.1179755881819601E-015  0.83102296876813952       -1.4339556289339611E-015   6.3452932144714147E-017  -2.8688354984893081E-016   1.2644182196218925E-016   7.5717461495817466E-017   1.6212427189318115E-015   8.5648506077651106E-017   6.4717979867007777E-016  -3.3854562025623693E-014   3.0851110504044327E-014  -9.0384395953700253E-016  -1.2519146558776900E-015   4.2584989217138094E-016   1.6513510432418698E-015  -2.8296546075064722E-016  -3.2203367541353657E-016 -0.18217898852155004        3.5719125275829669E-016  -5.2072197465405368E-017  -2.2547398148304545E-015  -4.1645896837531040E-016   2.4235884784511320E-016   2.4640970889127726E-015   2.2018538938706060E-016  -1.2715358877092929E-016  -9.4425336445958561E-016  -8.3494262528035972E-016   2.8449204370963935E-016   1.3936084070199011E-015  -1.7764118767993456E-016  -3.1401801575767046E-016
   1.0008371898167362E-015  0.66004970151676245       -5.3244491064405319E-016  -2.9731244225392371E-016  -1.4339556289339611E-015  0.83102296876815118       -1.7794603681189902E-015   1.9603854332364734E-018   2.6969134365625069E-016   1.6022420479017301E-016   3.8587257019286897E-016   1.0670854606411519E-016   3.2778609784548692E-017  -7.1789698068928647E-015   6.2876314745327661E-015   2.6571538774871749E-016  -2.1908032474355186E-016  -8.2731182331104300E-017  -3.2641680009903594E-016   1.1504532830596441E-016   1.1669070517513531E-016   3.4764180331095171E-016 -0.18217898852155284        3.6428854182334047E-016   1.4976916562132124E-016   6.2037504330017757E-017   5.7866674748091912E-017  -8.7043945483579350E-017   4.1693288562713813E-017   4.0550694976701664E-017   8.0203421537472095E-017  -1.0235559579872615E-016  -1.5611750225980375E-017  -2.6011685126380388E-016   8.3044477498004388E-017   2.3198309554833030E-017
   3.6591823321385775E-017  -3.2255014631443757E-017  0.66004970151676168       -5.0488646948127936E-015   6.3452932144714147E-017  -1.7794603681189902E-015  0.83102296876813986       -2.5830160772694671E-015  -8.3757396774826009E-017  -2.4767363651137563E-016  -2.4069536892843958E-015  -2.3017185483083841E-016  -2.2585763618520288E-015   2.3353530134313434E-014  -1.8024482409969352E-014  -8.6883892715871987E-016  -7.9127756991066424E-017   2.9679422395920548E-016   3.6669586591342981E-016   2.5795677881442784E-016  -1.4376600476035713E-015   8.1755620068985069E-017   4.2694526299763558E-016 -0.18217898852155059       -1.4071251172627684E-015   4.7051099916802809E-016   2.9160563370816337E-016   7.8073514129379135E-017   3.7556084336510153E-016  -4.8688182085493964E-016   2.3055384197838147E-016  -6.9053609438265904E-017   2.2040697245872950E-016   1.0038096001879255E-015   9.0390414762261679E-017  -1.7110469667343130E-016
   6.4950513773361599E-016  -3.9868642441455568E-017  -1.8603898808181287E-015  -2.1271936504032293E-014  -2.8688354984893081E-016   1.9603854332364734E-018  -2.5830160772694671E-015   3.1180868022668961E-002  -2.0225876231048752E-017  -4.8809892420711125E-016  -1.5590434011334347E-002  -1.9987153229723484E-016  -1.5590434011332874E-002  -6.6527620979782758E-014   6.4115189082533869E-014   9.1397447735557621E-002  -3.0050187869746710E-016  -1.3095993338157359E-015  -4.5698723867781663E-002   1.4118567510978890E-016  -4.5698723867780039E-002   1.5180911200013484E-016  -2.1433116176721913E-017   5.2573668345162721E-016   9.6248774033157292E-002  -2.1006035927084294E-016  -1.5903246872607528E-015  -4.8124387016578812E-002  -6.9513696404293299E-016  -4.8124387016575385E-002   6.6452509069488089E-002  -1.2563171497854534E-016  -9.6298752256868212E-016  -3.3226254534745522E-002   3.6855091749274170E-017  -3.3226254534744828E-002
   5.5260219374001957E-016   1.9998866157538527E-016  -3.8867899517576131E-017   1.0307032350767557E-015   1.2644182196218925E-016   2.6969134365625069E-016  -8.3757396774826009E-017  -2.0225876231048752E-017   3.1180868022668552E-002   4.7940370748707007E-017  -1.9699233496161106E-017   4.4127827807504544E-016   4.9972582783648398E-016  -7.3931386917202813E-016   3.7485098728435983E-016   6.0881043655305615E-016   9.1397447735560480E-002  -7.3439789406021338E-016  -7.2804239409875990E-016   9.9818184740621710E-016   3.0925479953700380E-016   8.2603186824898761E-019  -6.9586423717384081E-017  -3.5813700863034768E-017  -2.6501416282268600E-016   9.6248774033152892E-002  -2.4343218684319436E-016  -5.9047937302512666E-016   1.5775252782738450E-015   8.0228324373869691E-016   2.4590340546677002E-016   6.6452509069488325E-002  -3.9934384737840517E-016  -5.3349734908104664E-016   6.7078476680935223E-016   2.8967616235680257E-016
  -9.3892561903805678E-017   1.1530964431184610E-016  -2.3548417610390959E-016   3.5327917994936744E-015   7.5717461495817466E-017   1.6022420479017301E-016  -2.4767363651137563E-016  -4.8809892420711125E-016   4.7940370748707007E-017   3.1180868022668826E-002  -1.4643166778977382E-016  -1.8887754756761955E-016   3.1747408961943946E-016   1.1837195024458117E-014  -1.1085661787311835E-014   7.2892097902296751E-016   5.0972409886691646E-016   9.1397447735560050E-002   8.0330063618682803E-017   2.4045317196771912E-016  -8.3545570093117107E-016  -4.6095864021085165E-017  -3.6303753593145580E-017   3.7192665209246145E-017  -3.7485951300488481E-016   4.7950704550656231E-016   9.6248774033153794E-002   6.6915602845795443E-019   6.7828704350235643E-017   3.9486897231784845E-016   3.4725555628689483E-016   3.2829472376272181E-016   6.6452509069488158E-002  -9.9908383161659624E-017   6.3721865105474425E-017  -2.8004264488939399E-016
   2.7810251585946994E-016   3.0962389959616768E-016  -2.2450715582524208E-015  -5.4743690102390422E-014   1.6212427189318115E-015   3.8587257019286897E-016  -2.4069536892843958E-015  -1.5590434011334347E-002  -1.9699233496161106E-017  -1.4643166778977382E-016   3.1180868022667906E-002  -2.1190037953019427E-016  -1.5590434011333648E-002  -2.4877906960549529E-013   2.2810443766377908E-013  -4.5698723867776070E-002   9.2825726590695390E-016  -5.1661979409041245E-016   9.1397447735558315E-002  -2.0833887068590328E-017  -4.5698723867778804E-002  -4.6314539573329944E-016  -5.2094129116137366E-017   5.2033476610663878E-016  -4.8124387016578368E-002   4.6815214533202912E-016  -5.7569780106284893E-016   9.6248774033154780E-002  -2.5781618271618606E-016  -4.8124387016577487E-002  -3.3226254534742247E-002   5.4466145508399702E-016  -3.9398975211882750E-016   6.6452509069488269E-002  -4.3961327599940201E-017  -3.3226254534744752E-002
   6.7861446592021066E-017   1.0434949917816600E-017  -2.1107047013157464E-016   1.7864419367290363E-015   8.5648506077651106E-017   1.0670854606411519E-016  -2.3017185483083841E-016  -1.9987153229723484E-016   4.4127827807504544E-016  -1.8887754756761955E-016  -2.1190037953019427E-016   3.1180868022668829E-002   3.3884698081004707E-016   7.5223135627859529E-015  -7.0055197791202737E-015  -3.5681093496517668E-016  -4.8394687457869737E-016  -9.0110964818938557E-016  -4.9908848848343134E-016   9.1397447735560508E-002   9.1946546096135260E-016  -7.4276831721525514E-018  -2.6317739794734089E-017   4.5094229426127529E-017  -3.0429023355387796E-016   8.6998563430076618E-016  -4.4834258579468914E-016  -4.7844910135534939E-016   9.6248774033153572E-002   8.5769640384582103E-016  -1.7600783484623991E-016  -1.5609705487153114E-016  -5.3283369876684114E-016  -3.2636798850555344E-016   6.6452509069488491E-002   4.9391452007400023E-016
   6.4625282122195460E-016   6.4320392541494213E-017  -1.6517810058379020E-015  -7.0571618068750132E-014   6.4717979867007777E-016   3.2778609784548692E-017  -2.2585763618520288E-015  -1.5590434011332874E-002   4.9972582783648398E-016   3.1747408961943946E-016  -1.5590434011333648E-002   3.3884698081004707E-016   3.1180868022664867E-002  -3.1394272907972938E-013   2.8973026542453191E-013  -4.5698723867776452E-002   7.2001442758265204E-016   8.9686177795902418E-016  -4.5698723867776916E-002  -3.3410984317381501E-016   9.1397447735553999E-002  -1.2306177556046134E-016  -1.8680301822887901E-017   5.4297344035919509E-016  -4.8124387016573546E-002   1.1612166315112005E-015   1.1873352100770046E-015  -4.8124387016576238E-002   7.2785189109483800E-016   9.6248774033147771E-002  -3.3226254534742129E-002   5.6089558267192593E-016   6.8126754068542593E-016  -3.3226254534742934E-002  -1.4831184270454643E-016   6.6452509069486049E-002
   1.8523169877443150E-014  -2.9090189954363788E-015   4.6719461903168092E-014   3.5048680965512973       -3.3854562025623693E-014  -7.1789698068928647E-015   2.3353530134313434E-014  -6.6527620979782758E-014  -7.3931386917202813E-016   1.1837195024458117E-014  -2.4877906960549529E-013   7.5223135627859529E-015  -3.1394272907972938E-013   15.045212294182891       -13.914291215315519       -2.4097644386119578E-013  -1.1631672308498413E-014  -1.7745168761092313E-014  -1.3110883670269906E-013  -3.8452056435132839E-016   7.4795832269216656E-014   8.5514518862226636E-015   9.0666598235909813E-016  -1.2792116511945824E-014   2.1970710159566114E-013  -1.6777981232569100E-014   8.2254320328305456E-016   5.3396372235591020E-014  -4.8860482462518884E-015  -1.7845178981607051E-013  -7.2614394334475443E-014  -1.1929388185701324E-014  -7.6567706658763936E-015  -1.0823536568554183E-013  -6.4738528895611448E-016   4.7603371449416177E-014
  -1.7495117951777337E-014   2.4110049279875790E-015  -4.0369267444099617E-014  -3.2414135748379569        3.0851110504044327E-014   6.2876314745327661E-015  -1.8024482409969352E-014   6.4115189082533869E-014   3.7485098728435983E-016  -1.1085661787311835E-014   2.2810443766377908E-013  -7.0055197791202737E-015   2.8973026542453191E-013  -13.914291215315519        12.868379404620525        2.3044959874462035E-013   9.8519215180792671E-015   1.6006066744262974E-014   1.1546636262601315E-013   2.1302919223486452E-016  -7.0973216932789714E-014  -7.8081049483632326E-015  -7.6141116134463123E-016   1.1047141527924518E-014  -1.9520249836026455E-013   1.4563332659818432E-014  -1.1874536801015551E-015  -5.5477112083367701E-014   4.3686168001581376E-015   1.6314272032500821E-013   7.2672334028637283E-014   1.0374373066054672E-014   6.7865938001293430E-015   9.5891755628196800E-014   4.9505104771334214E-016  -4.5333588304767719E-014
   1.8538483175176703E-015   8.9620418725075435E-017  -1.2963710319468169E-016  -7.3061449103873624E-014  -9.0384395953700253E-016   2.6571538774871749E-016  -8.6883892715871987E-016   9.1397447735557621E-002   6.0881043655305615E-016   7.2892097902296751E-016  -4.5698723867776070E-002  -3.5681093496517668E-016  -4.5698723867776452E-002  -2.4097644386119578E-013   2.3044959874462035E-013  0.26790445495298182        1.0774919774771512E-015   2.4916388939069313E-015 -0.13395222747649238        1.0852478346587301E-015 -0.13395222747650140        4.5877899135257126E-016  -1.1981590377455188E-016   7.1700479686619026E-017  0.28212467619283454        1.4465442325959248E-015   2.0047779083519569E-015 -0.14106233809641050       -1.3305521760738451E-015 -0.14106233809641497       0.19478578082430595        1.0555902465601174E-015   1.7798974371197510E-015  -9.7392890412152308E-002   5.9618583399072455E-016  -9.7392890412160274E-002
   3.3106673271830391E-016  -2.1567954522515603E-016   1.8221277715642279E-017   8.1636914032451977E-016  -1.2519146558776900E-015  -2.1908032474355186E-016  -7.9127756991066424E-017  -3.0050187869746710E-016   9.1397447735560480E-002   5.0972409886691646E-016   9.2825726590695390E-016  -4.8394687457869737E-016   7.2001442758265204E-016  -1.1631672308498413E-014   9.8519215180792671E-015   1.0774919774771512E-015  0.26790445495300202       -1.0704666862128307E-015   7.5612259509133873E-016  -2.2841069279835707E-015  -1.2766226471132248E-015   3.5811893126571646E-016   1.7355259601056107E-017  -1.4145194439276754E-016  -1.5213922989800508E-015  0.28212467619283410        4.2609145378681557E-016   1.3127562256102714E-015  -8.6248198117926659E-016   5.2662155913020896E-017   2.0671161451376003E-016  0.19478578082431525       -3.8371608950156259E-016   5.3756734239252654E-016  -1.8218355206459864E-015  -7.3817926089496904E-016
  -1.1326289623391265E-016  -1.0073896736035763E-016   1.2209981562305981E-016  -1.8614244508552591E-015   4.2584989217138094E-016  -8.2731182331104300E-017   2.9679422395920548E-016  -1.3095993338157359E-015  -7.3439789406021338E-016   9.1397447735560050E-002  -5.1661979409041245E-016  -9.0110964818938557E-016   8.9686177795902418E-016  -1.7745168761092313E-014   1.6006066744262974E-014   2.4916388939069313E-015  -1.0704666862128307E-015  0.26790445495299720       -2.0728590285180950E-017  -3.1369187575205343E-016  -2.5477251805092892E-015  -1.7981726656307400E-016   1.4680677192912085E-017  -1.1519630978447687E-016  -7.2491790131460774E-016  -1.2951675864604495E-015  0.28212467619283299       -2.6782504165827315E-016  -8.7375175454248969E-016   1.0533566206783664E-015   1.2760009249300153E-015  -9.0233403431463910E-016  0.19478578082431219       -4.7911571628489947E-016  -5.5375202443223581E-016  -8.9272698662689246E-016
  -1.6477036478534715E-015  -2.5005607907749100E-016  -6.8577742290526826E-016  -2.1131003739164195E-014   1.6513510432418698E-015  -3.2641680009903594E-016   3.6669586591342981E-016  -4.5698723867781663E-002  -7.2804239409875990E-016   8.0330063618682803E-017   9.1397447735558315E-002  -4.9908848848343134E-016  -4.5698723867776916E-002  -1.3110883670269906E-013   1.1546636262601315E-013 -0.13395222747649238        7.5612259509133873E-016  -2.0728590285180950E-017  0.26790445495299497        2.9663665560081070E-016 -0.13395222747649246       -6.7779894238099391E-016   1.6681570698163351E-016  -1.0185555366898705E-016 -0.14106233809642649       -6.9682690065183625E-016  -1.1461711029072527E-016  0.28212467619283887       -3.7902945620442821E-016 -0.14106233809641552       -9.7392890412154626E-002   1.6797256267113667E-016  -6.8914600588615016E-017  0.19478578082431458        1.3121683847445233E-016  -9.7392890412156208E-002
  -2.2523485081052596E-016  -1.2646960485966326E-016   1.2206761022456034E-016   1.0307545656186914E-017  -2.8296546075064722E-016   1.1504532830596441E-016   2.5795677881442784E-016   1.4118567510978890E-016   9.9818184740621710E-016   2.4045317196771912E-016  -2.0833887068590328E-017   9.1397447735560508E-002  -3.3410984317381501E-016  -3.8452056435132839E-016   2.1302919223486452E-016   1.0852478346587301E-015  -2.2841069279835707E-015  -3.1369187575205343E-016   2.9663665560081070E-016  0.26790445495299986       -1.1955648763136669E-015   9.5296883028598569E-017  -3.3793768083347727E-017  -7.2274781747518380E-017   1.3523200757853505E-015   1.6386009065729737E-015   1.1370062064173474E-015   4.5053004838105245E-016  0.28212467619283371       -1.5831309423188850E-015   1.0335712015797939E-015  -1.0868779495658772E-015   1.3051676574357545E-016   3.2268016587180482E-016  0.19478578082431411       -1.3810554567625965E-015
   1.3179255553841732E-016   2.0490581028327754E-016  -7.2529675519641884E-016   2.4937178647125858E-014  -3.2203367541353657E-016   1.1669070517513531E-016  -1.4376600476035713E-015  -4.5698723867780039E-002   3.0925479953700380E-016  -8.3545570093117107E-016  -4.5698723867778804E-002   9.1946546096135260E-016   9.1397447735553999E-002   7.4795832269216656E-014  -7.0973216932789714E-014 -0.13395222747650140       -1.2766226471132248E-015  -2.5477251805092892E-015 -0.13395222747649246       -1.1955648763136669E-015  0.26790445495299570        1.2574657823553543E-016  -5.9273919709502498E-017   4.5540369114757163E-016 -0.14106233809642063       -1.6315336871773054E-016  -1.9710609148537574E-015 -0.14106233809641772        1.9057843207736714E-015  0.28212467619283244       -9.7392890412160038E-002  -8.1858682802840619E-016  -1.7668344950072119E-015  -9.7392890412154903E-002  -5.9193536972193122E-016  0.19478578082431783     
 -0.14469778997146412        3.5732931912869914E-016   2.7812157416505501E-016   1.8236067610037287E-015 -0.18217898852155004        3.4764180331095171E-016   8.1755620068985069E-017   1.5180911200013484E-016   8.2603186824898761E-019  -4.6095864021085165E-017  -4.6314539573329944E-016  -7.4276831721525514E-018  -1.2306177556046134E-016   8.5514518862226636E-015  -7.8081049483632326E-015   4.5877899135257126E-016   3.5811893126571646E-016  -1.7981726656307400E-016  -6.7779894238099391E-016   9.5296883028598569E-017   1.2574657823553543E-016   3.9937745532993861E-002  -8.5601573165993219E-017  -9.5553786779757621E-018   7.6876026417211803E-016   1.7940940075234727E-016  -1.4418121026206604E-016  -8.7273293916096197E-016  -1.3239478272579210E-017   8.5951772070889839E-017   3.9650273732015922E-016   2.4387308258200184E-016  -1.2523069489759475E-016  -5.3510917210996201E-016   6.3128614856575121E-017   1.0893750435219804E-016
  -1.8538332490197068E-016 -0.14469778997146426        1.4598951659106768E-016  -9.0233261878530935E-017   3.5719125275829669E-016 -0.18217898852155284        4.2694526299763558E-016  -2.1433116176721913E-017  -6.9586423717384081E-017  -3.6303753593145580E-017  -5.2094129116137366E-017  -2.6317739794734089E-017  -1.8680301822887901E-017   9.0666598235909813E-016  -7.6141116134463123E-016  -1.1981590377455188E-016   1.7355259601056107E-017   1.4680677192912085E-017   1.6681570698163351E-016  -3.3793768083347727E-017  -5.9273919709502498E-017  -8.5601573165993219E-017   3.9937745532994527E-002  -8.7938113550994207E-017  -9.7665716690693644E-017  -4.5900170307721004E-017  -1.6324981376630602E-017   1.1939600581501784E-016  -1.8168408278829110E-017  -4.4370700353969916E-017  -6.2344645431927435E-017   1.3784287842034396E-019   9.0978590843023316E-019   1.2628273040409810E-016  -2.4438581792233739E-017  -2.9582594026830914E-017
  -3.8336711192729633E-017  -1.3428860345769678E-017 -0.14469778997146429       -6.8052659265826380E-016  -5.2072197465405368E-017   3.6428854182334047E-016 -0.18217898852155059        5.2573668345162721E-016  -3.5813700863034768E-017   3.7192665209246145E-017   5.2033476610663878E-016   4.5094229426127529E-017   5.4297344035919509E-016  -1.2792116511945824E-014   1.1047141527924518E-014   7.1700479686619026E-017  -1.4145194439276754E-016  -1.1519630978447687E-016  -1.0185555366898705E-016  -7.2274781747518380E-017   4.5540369114757163E-016  -9.5553786779757621E-018  -8.7938113550994207E-017   3.9937745532994097E-002   1.8340078701262237E-016  -2.7037410242578657E-016  -1.1671984960483113E-016  -3.9722506262200997E-017  -9.8890912251631901E-017   2.5441530611519995E-016  -1.3689592253925097E-016  -1.0031983059459761E-016  -8.4767978296433380E-017  -2.3566616423952886E-016  -3.1248702871143441E-017   1.3947177511427701E-016
   9.1738988591931436E-016  -8.9165082109156027E-018  -5.2742890708867518E-016   3.3359063798349962E-014  -2.2547398148304545E-015   1.4976916562132124E-016  -1.4071251172627684E-015   9.6248774033157292E-002  -2.6501416282268600E-016  -3.7485951300488481E-016  -4.8124387016578368E-002  -3.0429023355387796E-016  -4.8124387016573546E-002   2.1970710159566114E-013  -1.9520249836026455E-013  0.28212467619283454       -1.5213922989800508E-015  -7.2491790131460774E-016 -0.14106233809642649        1.3523200757853505E-015 -0.14106233809642063        7.6876026417211803E-016  -9.7665716690693644E-017   1.8340078701262237E-016  0.29709969896126148       -1.2737359588289384E-015  -1.4153683379392508E-015 -0.14854984948063168       -1.1805907102347277E-015 -0.14854984948062025       0.20512490302436501       -8.1953741075342515E-016  -5.6045120801205488E-016 -0.10256245151218737        7.8012920288254140E-016 -0.10256245151218461     
   1.0649894500640593E-015   5.3896246254201631E-018   4.5908140147425136E-016  -1.9533297741817976E-016  -4.1645896837531040E-016   6.2037504330017757E-017   4.7051099916802809E-016  -2.1006035927084294E-016   9.6248774033152892E-002   4.7950704550656231E-016   4.6815214533202912E-016   8.6998563430076618E-016   1.1612166315112005E-015  -1.6777981232569100E-014   1.4563332659818432E-014   1.4465442325959248E-015  0.28212467619283410       -1.2951675864604495E-015  -6.9682690065183625E-016   1.6386009065729737E-015  -1.6315336871773054E-016   1.7940940075234727E-016  -4.5900170307721004E-017  -2.7037410242578657E-016  -1.2737359588289384E-015  0.29709969896123822        2.7192468112295152E-016  -1.8990055160962351E-016   3.3503299791306675E-015   1.2993858105376820E-015   4.4442717599597093E-016  0.20512490302435901       -5.2614298551647873E-016  -5.1947725973809435E-016   1.0217125285600590E-015   8.1476310954643198E-017
  -2.8296812851571668E-016   9.0732158922724016E-018   1.1194716845240172E-016   2.5846485356791136E-015   2.4235884784511320E-016   5.7866674748091912E-017   2.9160563370816337E-016  -1.5903246872607528E-015  -2.4343218684319436E-016   9.6248774033153794E-002  -5.7569780106284893E-016  -4.4834258579468914E-016   1.1873352100770046E-015   8.2254320328305456E-016  -1.1874536801015551E-015   2.0047779083519569E-015   4.2609145378681557E-016  0.28212467619283299       -1.1461711029072527E-016   1.1370062064173474E-015  -1.9710609148537574E-015  -1.4418121026206604E-016  -1.6324981376630602E-017  -1.1671984960483113E-016  -1.4153683379392508E-015   2.7192468112295152E-016  0.29709969896124117       -3.7975536344009430E-016   6.2510692694189085E-016   1.8589527161527292E-015   8.9359943056245888E-016   1.7919490218933673E-016  0.20512490302435865       -5.7201151367625415E-016   4.8372865771567636E-016  -4.2250681035399410E-016
  -1.1592490752239073E-015  -5.9442834774900370E-017  -9.6687930776319927E-016   2.2350097826977521E-014   2.4640970889127726E-015  -8.7043945483579350E-017   7.8073514129379135E-017  -4.8124387016578812E-002  -5.9047937302512666E-016   6.6915602845795443E-019   9.6248774033154780E-002  -4.7844910135534939E-016  -4.8124387016576238E-002   5.3396372235591020E-014  -5.5477112083367701E-014 -0.14106233809641050        1.3127562256102714E-015  -2.6782504165827315E-016  0.28212467619283887        4.5053004838105245E-016 -0.14106233809641772       -8.7273293916096197E-016   1.1939600581501784E-016  -3.9722506262200997E-017 -0.14854984948063168       -1.8990055160962351E-016  -3.7975536344009430E-016  0.29709969896125604       -2.5366032143949859E-016 -0.14854984948062769      -0.10256245151217819        5.5241879457329235E-016  -2.5142987193116640E-016  0.20512490302436717        2.3863194525204065E-016 -0.10256245151218504     
   1.7437278135481783E-016  -1.9629344945901457E-016   2.1108010105761781E-016  -1.0330472493672273E-015   2.2018538938706060E-016   4.1693288562713813E-017   3.7556084336510153E-016  -6.9513696404293299E-016   1.5775252782738450E-015   6.7828704350235643E-017  -2.5781618271618606E-016   9.6248774033153572E-002   7.2785189109483800E-016  -4.8860482462518884E-015   4.3686168001581376E-015  -1.3305521760738451E-015  -8.6248198117926659E-016  -8.7375175454248969E-016  -3.7902945620442821E-016  0.28212467619283371        1.9057843207736714E-015  -1.3239478272579210E-017  -1.8168408278829110E-017  -9.8890912251631901E-017  -1.1805907102347277E-015   3.3503299791306675E-015   6.2510692694189085E-016  -2.5366032143949859E-016  0.29709969896123978        1.6656281397330167E-015  -7.0990932452217419E-016  -2.2796832984162751E-017  -2.5764963486286400E-016  -1.6289311784473081E-016  0.20512490302435918        8.4668126976252186E-016
   3.0715042672260237E-016   1.5038744510459783E-016   5.1981877886251281E-017  -3.3659511470645282E-014  -1.2715358877092929E-016   4.0550694976701664E-017  -4.8688182085493964E-016  -4.8124387016575385E-002   8.0228324373869691E-016   3.9486897231784845E-016  -4.8124387016577487E-002   8.5769640384582103E-016   9.6248774033147771E-002  -1.7845178981607051E-013   1.6314272032500821E-013 -0.14106233809641497        5.2662155913020896E-017   1.0533566206783664E-015 -0.14106233809641552       -1.5831309423188850E-015  0.28212467619283244        8.5951772070889839E-017  -4.4370700353969916E-017   2.5441530611519995E-016 -0.14854984948062025        1.2993858105376820E-015   1.8589527161527292E-015 -0.14854984948062769        1.6656281397330167E-015  0.29709969896124172      -0.10256245151218023        1.5371615113586099E-016   8.5595305122181940E-016 -0.10256245151218209       -8.5900649911764692E-016  0.20512490302436537     
   1.1198532039166444E-015  -2.4583742036617260E-017   5.9060629774083620E-016  -2.9221345350145712E-014  -9.4425336445958561E-016   8.0203421537472095E-017   2.3055384197838147E-016   6.6452509069488089E-002   2.4590340546677002E-016   3.4725555628689483E-016  -3.3226254534742247E-002  -1.7600783484623991E-016  -3.3226254534742129E-002  -7.2614394334475443E-014   7.2672334028637283E-014  0.19478578082430595        2.0671161451376003E-016   1.2760009249300153E-015  -9.7392890412154626E-002   1.0335712015797939E-015  -9.7392890412160038E-002   3.9650273732015922E-016  -6.2344645431927435E-017  -1.3689592253925097E-016  0.20512490302436501        4.4442717599597093E-016   8.9359943056245888E-016 -0.10256245151217819       -7.0990932452217419E-016 -0.10256245151218023       0.14162325302874648        3.4818602197953227E-016   9.0469725623746933E-016  -7.0811626514373172E-002   6.1125592655098706E-016  -7.0811626514378140E-002
   3.0050865779539456E-016  -1.1159598316693411E-016   4.0966573497132437E-018  -2.1533939308702828E-016  -8.3494262528035972E-016  -1.0235559579872615E-016  -6.9053609438265904E-017  -1.2563171497854534E-016   6.6452509069488325E-002   3.2829472376272181E-016   5.4466145508399702E-016  -1.5609705487153114E-016   5.6089558267192593E-016  -1.1929388185701324E-014   1.0374373066054672E-014   1.0555902465601174E-015  0.19478578082431525       -9.0233403431463910E-016   1.6797256267113667E-016  -1.0868779495658772E-015  -8.1858682802840619E-016   2.4387308258200184E-016   1.3784287842034396E-019  -1.0031983059459761E-016  -8.1953741075342515E-016  0.20512490302435901        1.7919490218933673E-016   5.5241879457329235E-016  -2.2796832984162751E-017   1.5371615113586099E-016   3.4818602197953227E-016  0.14162325302874934       -3.6916406346773460E-016   1.1326693977271995E-016  -9.0738150364732491E-016  -4.5701747372399524E-016
  -1.0231118001557595E-016  -3.7868238914113392E-017   9.2441849830426057E-017  -1.3148030528827077E-016   2.8449204370963935E-016  -1.5611750225980375E-017   2.2040697245872950E-016  -9.6298752256868212E-016  -3.9934384737840517E-016   6.6452509069488158E-002  -3.9398975211882750E-016  -5.3283369876684114E-016   6.8126754068542593E-016  -7.6567706658763936E-015   6.7865938001293430E-015   1.7798974371197510E-015  -3.8371608950156259E-016  0.19478578082431219       -6.8914600588615016E-017   1.3051676574357545E-016  -1.7668344950072119E-015  -1.2523069489759475E-016   9.0978590843023316E-019  -8.4767978296433380E-017  -5.6045120801205488E-016  -5.2614298551647873E-016  0.20512490302435865       -2.5142987193116640E-016  -2.5764963486286400E-016   8.5595305122181940E-016   9.0469725623746933E-016  -3.6916406346773460E-016  0.14162325302874743       -3.8749893864400823E-016  -1.4188987712635529E-016  -5.8687778893345363E-016
  -1.0447400761401047E-015  -1.9990867690833149E-016   8.6916591423784159E-017  -1.8371174779957018E-014   1.3936084070199011E-015  -2.6011685126380388E-016   1.0038096001879255E-015  -3.3226254534745522E-002  -5.3349734908104664E-016  -9.9908383161659624E-017   6.6452509069488269E-002  -3.2636798850555344E-016  -3.3226254534742934E-002  -1.0823536568554183E-013   9.5891755628196800E-014  -9.7392890412152308E-002   5.3756734239252654E-016  -4.7911571628489947E-016  0.19478578082431458        3.2268016587180482E-016  -9.7392890412154903E-002  -5.3510917210996201E-016   1.2628273040409810E-016  -2.3566616423952886E-016 -0.10256245151218737       -5.1947725973809435E-016  -5.7201151367625415E-016  0.20512490302436717       -1.6289311784473081E-016 -0.10256245151218209       -7.0811626514373172E-002   1.1326693977271995E-016  -3.8749893864400823E-016  0.14162325302875206        1.7320627337309963E-016  -7.0811626514376169E-002
  -1.4144711118411373E-016  -9.2430424756789871E-017   1.1579317598868314E-017  -7.8189397663315067E-017  -1.7764118767993456E-016   8.3044477498004388E-017   9.0390414762261679E-017   3.6855091749274170E-017   6.7078476680935223E-016   6.3721865105474425E-017  -4.3961327599940201E-017   6.6452509069488491E-002  -1.4831184270454643E-016  -6.4738528895611448E-016   4.9505104771334214E-016   5.9618583399072455E-016  -1.8218355206459864E-015  -5.5375202443223581E-016   1.3121683847445233E-016  0.19478578082431411       -5.9193536972193122E-016   6.3128614856575121E-017  -2.4438581792233739E-017  -3.1248702871143441E-017   7.8012920288254140E-016   1.0217125285600590E-015   4.8372865771567636E-016   2.3863194525204065E-016  0.20512490302435918       -8.5900649911764692E-016   6.1125592655098706E-016  -9.0738150364732491E-016  -1.4188987712635529E-016   1.7320627337309963E-016  0.14162325302874881       -8.0249336084925584E-016
   3.2379886859720107E-017   1.0001960389663580E-016   1.6698279115099319E-016   1.6552013213338448E-014  -3.1401801575767046E-016   2.3198309554833030E-017  -1.7110469667343130E-016  -3.3226254534744828E-002   2.8967616235680257E-016  -2.8004264488939399E-016  -3.3226254534744752E-002   4.9391452007400023E-016   6.6452509069486049E-002   4.7603371449416177E-014  -4.5333588304767719E-014  -9.7392890412160274E-002  -7.3817926089496904E-016  -8.9272698662689246E-016  -9.7392890412156208E-002  -1.3810554567625965E-015  0.19478578082431783        1.0893750435219804E-016  -2.9582594026830914E-017   1.3947177511427701E-016 -0.10256245151218461        8.1476310954643198E-017  -4.2250681035399410E-016 -0.10256245151218504        8.4668126976252186E-016  0.20512490302436537       -7.0811626514378140E-002  -4.5701747372399524E-016  -5.8687778893345363E-016  -7.0811626514376169E-002  -8.0249336084925584E-016  0.14162325302875642     
