 5.2618292612076023E-001  6.3531537236853164E-001  5.1376354409860930E-014 -2.6086107850126142E-016  2.7756988214110843E-017  6.3552950106574872E-014  7.5944216737183991E-017  4.8946876048460246E-014  6.3219041323418731E-014  1.9579258348853412E-016 -2.9645821469642317E-016  6.0558986093662947E-014  1.9553608788932897E-016  7.1522141999268606E-014  2.7530899445785338E-016 -2.0343463984571314E-016 -1.2427925958399011E-017 -2.6845878055811184E-001  6.3905693780689759E-014  3.5811303566130748E-016 -2.5191869650436050E-016  7.1242152271575336E-014  5.2437873099859751E-016  8.8141691687475980E-014  3.3794950750756802E-016 -1.7710040456308740E-016 -1.5508794969543628E-016 -2.1378471006395208E-001  2.6656613098253569E-016 -1.7157273253697514E-016 -7.6027791411443124E-017  5.8118682884631781E-015  3.2937568873561278E-016 -1.6450742393950855E-016  1.0897283037545894E-014  3.7597852456791699E-016  2.5821399316772320E-014  1.0375209402974381E-001 -5.5520681283287367E-017  4.2255357980777349E-017  7.7840646046419411E-018 -3.4878245169226876E-014  1.0781561641677540E-016 -7.9035465672056097E-017 -3.3846866461861057E-014  1.4676130389819255E-016 -2.8274400945117696E-014 -8.6462247160220759E-003 -2.1731771530871983E-018 -1.7638569570662611E-018  3.2708755637764064E-018 -4.8185501026456180E-015  2.2781361222682769E-017 -1.2487153318114855E-017 -4.7312475698697908E-015  2.9277973439950793E-017 -3.0312616929198503E-015 -8.4685582226198634E-018  5.1688300484341157E-018  3.0363871173329883E-018  1.9312171165673411E-003
 6.3531537236853164E-001  7.6719042724564401E-001  6.3126362675258753E-014 -5.2208367732870746E-016  2.8402959380394233E-016  8.4954238835083864E-014 -8.9055663700994879E-017  5.3079333750074810E-014  7.8148068886798221E-014 -9.0341420988706732E-016  1.0866895002986724E-015  1.1474677835139689E-013 -8.2465571035234202E-016  4.7811495768431247E-014  2.3055101015070338E-017  3.2254318100988201E-016  2.8724708199515073E-016 -3.1605484975605735E-001  8.2769461609009100E-014 -1.3377998620935775E-015  1.9335272167302822E-015  1.5327733760127394E-013 -1.0040335464183759E-015  5.0387654317273652E-014 -3.6818906251101747E-016  1.1880196421343166E-015  5.8473265415210376E-016 -2.4765253247556593E-001 -1.5601904328459227E-016  6.7064483517821345E-016  3.8334471918730378E-016  1.1058148043744910E-014 -9.8082310302243582E-016  1.5388114048506517E-015  6.5156993004697826E-014 -8.1994409921994586E-016 -1.3123639381590031E-014  1.1894021053564266E-001  2.5591576220065218E-017 -1.1963898134812842E-016 -8.3269826957156549E-017 -3.9907866066368669E-014 -4.3000534652360231E-016  6.1713315438595960E-016 -1.8989966597510301E-014 -3.4155887009182723E-016 -5.1568977459388474E-014 -9.7206516472823131E-003  1.6904569194743173E-018 -8.7909760126038185E-018  6.5251055356807824E-019 -5.5542543894679463E-015 -7.6799409381052751E-017  1.1608698987934176E-016 -1.8255350582854828E-015 -6.1196119248941750E-017 -7.0585618586955015E-015  6.0652309718505950E-018 -2.3711336990376097E-017 -1.2810243546237322E-017  2.1943896359680418E-003
 5.1376354409860930E-014  6.3126362675258753E-014  5.7526596871918748E-003  2.3642383623758279E-016  1.7916864416566528E-018 -2.8763298435963069E-003 -1.1099519740816003E-016 -2.8763298435940578E-003  3.2539943626110575E-002  6.5632178511431724E-016 -1.8076530127363241E-016 -1.6269971813060648E-002  1.2864058776544647E-016 -1.6269971813048727E-002  5.5847929939356454E-017 -2.6138103935260249E-017 -1.3421446037004024E-017  6.0182198326758832E-014  5.0203383535926738E-002  9.4791795940437156E-016 -2.4385062111921425E-016 -2.5101691767976241E-002  1.3931997916539031E-017 -2.5101691767957943E-002  5.0147430825127272E-016  3.0311919970387920E-016  4.0774114380337096E-016  8.7671806858543914E-014  1.3949993769257262E-016  8.6759570071906047E-017  2.0163067105629928E-016  3.9170852684754558E-002  7.3107752490722600E-016 -1.8170042564739287E-016 -1.9585426342388197E-002  4.6891743960085378E-017 -1.9585426342373313E-002 -5.0859474548566960E-014 -5.1326934550744698E-018  6.6093764015337682E-018 -3.9656106526116686E-017  1.6004262091201905E-002  2.9677323966370529E-016 -7.8013428508040468E-017 -8.0021310456059123E-003  2.3960868011971479E-017 -8.0021310456001964E-003  4.9003580783449952E-015 -1.3996411445599305E-017 -1.6715087136516842E-017  2.6158489422121827E-018  2.9606742584071056E-003  5.4643789493287493E-017 -1.4334973841101988E-017 -1.4803371292043486E-003  3.6761229910893034E-018 -1.4803371292033598E-003 -5.8035183929594578E-018 -1.6151223403875759E-018 -9.2133304394945056E-018 -1.6674512209614486E-015
-2.6086107850126142E-016 -5.2208367732870746E-016  2.3642383623758279E-016  5.7526596871904662E-003 -2.3948556255692363E-017  5.7123901962549091E-018  2.5602841380182020E-017 -1.5670109524206817E-016  7.3487223251058330E-016  3.2539943626105537E-002 -2.9267682951199510E-016 -2.3567844724404456E-016  1.8567046907108981E-016 -4.0305215762150032E-016 -1.6554310995702797E-016  1.6071596679868236E-017  3.5734247518212314E-016 -8.4213397645965577E-016  1.3256539962978726E-015  5.0203383535923171E-002 -4.1744279740908346E-016 -2.5012544119243689E-016  2.2154316142025657E-016 -3.9475801100201595E-016 -3.4579951598216304E-016  8.8590755340013558E-017  9.8849206547295449E-016 -7.6789246958056600E-016 -2.4191040647398571E-016  2.4152938272818944E-017  6.1347672451241135E-016  1.0779137998849875E-015  3.9170852684751914E-002 -3.2684489452459229E-016 -1.1796119636642670E-016  1.6756090465879277E-016 -2.6140114378626868E-016  3.0504062627533018E-016  5.1199489446997977E-017  7.8017221607865271E-018 -1.1678394218287612E-016  4.2470909601685154E-016  1.6004262091201274E-002 -1.3484409825241794E-016 -7.3319171914325483E-017  6.7312014252404653E-017 -1.2178300902443165E-016  4.7027010401241172E-019 -9.3511031189620499E-019 -5.5258470683100200E-018 -6.2785893660766815E-018  8.1010231075395910E-017  2.9606742584069863E-003 -2.4537538630332201E-017 -9.9543311961304360E-018  1.3219643207797853E-017 -2.0406717765249383E-017  8.4362661473239556E-018 -1.0047140942516689E-018 -2.0659145280621807E-017  4.1108079079672767E-017
 2.7756988214110843E-017  2.8402959380394233E-016  1.7916864416566528E-018 -2.3948556255692363E-017  5.7526596871925444E-003 -6.3317406873170691E-017 -2.8622937353617373E-017 -1.4094628242312943E-016  1.1275702593843630E-016  1.0729014294801493E-016  3.2539943626112143E-002  2.5745566431745236E-018 -3.1308720010683143E-017 -9.0282700749002738E-017  2.4606299035391121E-016 -1.6984842350119478E-016  4.3287255403274664E-016 -7.9989530265417527E-016  2.6882115240410852E-016  1.4243854271794047E-016  5.0203383535932018E-002  4.6332702214791222E-017 -1.0532679998561866E-016 -4.8761992707562420E-017  6.4224820968482972E-016 -4.0330529867037765E-016  1.0741600990759609E-015 -6.2615193543493942E-016  4.0588497677332450E-016 -2.5002893026515542E-016  6.7007621916451064E-016  1.4653500580903748E-016  9.9624574184702265E-017  3.9170852684758735E-002 -1.0939430513791626E-017 -8.6446567940218300E-017 -5.9485429819783312E-017  7.9513454866197647E-016 -8.1125459110752209E-017  4.9169769941681200E-017 -1.3320973771799500E-016 -4.4599672804747966E-017  4.0266080193007377E-017  1.6004262091204091E-002 -1.1175265662128153E-016 -1.8177168229399727E-017 -1.5597603503919428E-016 -2.0425077062416484E-016 -4.3753263437363387E-019  1.8621478866018376E-018 -4.1099497555314973E-018 -4.6025652771759859E-019  7.1334170054776255E-018  2.9606742584075102E-003 -1.2177104468404142E-017 -8.5066336024473509E-018 -1.5122079207330275E-017 -1.4486362643750204E-017  8.5271919756243903E-018 -2.2886881745497634E-017 -1.1551650462444627E-017
 6.3552950106574872E-014  8.4954238835083864E-014 -2.8763298435963069E-003  5.7123901962549091E-018 -6.3317406873170691E-017  5.7526596871884557E-003 -7.6219412725698397E-017 -2.8763298435966166E-003 -1.6269971813052900E-002  3.4976362084398629E-016 -3.2764801410755660E-016  3.2539943626098550E-002 -1.3472567245844903E-016 -1.6269971813050930E-002  2.8151007953664297E-016 -5.7198584371202573E-016 -2.1862480337733899E-016  6.2064141664603974E-014 -2.5101691767961353E-002  4.8637309457721827E-016 -5.0963516040749322E-016  5.0203383535911104E-002 -1.7854099275397533E-016 -2.5101691767959112E-002  5.1929236529062866E-016 -1.5547523620324645E-015 -7.1622165961482765E-016  8.9165256594583645E-014  3.7995093762753669E-016 -8.9865194570800164E-016 -3.9706264791572867E-016 -1.9585426342376040E-002  3.9646562942382434E-016 -4.1989879590948987E-016  3.9170852684742949E-002 -1.4258613820893453E-016 -1.9585426342374056E-002 -5.4832730678351292E-014 -7.8448284313379164E-017  1.5825681865756945E-016  6.8413702871726504E-017 -8.0021310456008556E-003  1.6065165690812243E-016 -1.6583761612762271E-016  1.6004262091197326E-002 -5.9434607842908426E-017 -8.0021310456001287E-003  5.9075178898016557E-015 -8.8414260374452190E-019  1.7994100894638523E-017  7.5255320205254970E-018 -1.4803371292034335E-003  3.0418647201809968E-017 -3.1365047701680761E-017  2.9606742584062651E-003 -1.1013122380196190E-017 -1.4803371292033494E-003 -1.2169652671042809E-017  2.9778128115489929E-017  1.3727678030216499E-017 -1.6440141509569044E-015
 7.5944216737183991E-017 -8.9055663700994879E-017 -1.1099519740816003E-016  2.5602841380182020E-017 -2.8622937353617373E-017 -7.6219412725698397E-017  5.7526596871921324E-003  2.3657291403636325E-016 -5.8736652694391593E-016  2.2688201008680579E-017 -1.1963114829171456E-016 -3.5096979576070454E-016  3.2539943626110915E-002  1.0406714552602278E-015  2.7090117313367861E-016  2.2230539695264645E-017 -2.8072845613345710E-016  8.7452762149661638E-018 -8.0144224590110669E-016 -1.5996217208896759E-017 -2.0056983155285241E-016 -3.7025504190376382E-016  5.0203383535930221E-002  1.6417260346319136E-015  4.6788995983604759E-016 -4.5546488339854852E-017 -5.3897512643773087E-016  4.9079689918296175E-016  3.9448497737245997E-016 -1.4108177269636600E-018 -3.9519699601156634E-016 -5.9484752193405486E-016 -5.2261932845530608E-019 -1.8059429326242367E-016 -3.0031044925132422E-016  3.9170852684757416E-002  1.2941579231873381E-015 -6.0629796514118104E-016 -9.6377784304624084E-017 -1.1595728615773537E-018  8.8718859323241861E-017 -1.9672848419745691E-016 -4.2476584722432392E-018 -5.8107373389041323E-017 -6.4198321138305771E-017  1.6004262091203522E-002  5.9158136288955637E-016  1.8196146707759726E-016  9.7895470500163810E-018 -5.8676476889590603E-019 -5.0494839888925774E-018 -4.2097537478532502E-017  2.8407367468545407E-019 -1.4275073557036953E-017 -1.9305574933822451E-017  2.9606742584074057E-003  9.9805892174972791E-017 -1.4086004719419937E-017  9.5143882900438109E-019  1.4202734840826114E-017  1.9421608238555424E-017
 4.8946876048460246E-014  5.3079333750074810E-014 -2.8763298435940578E-003 -1.5670109524206817E-016 -1.4094628242312943E-016 -2.8763298435966166E-003  2.3657291403636325E-016  5.7526596871936304E-003 -1.6269971813049136E-002 -5.2285649768100376E-016 -6.3858406816570332E-016 -1.6269971813063167E-002  2.8525359158096112E-016  3.2539943626116383E-002 -2.2537041944179386E-016  2.9760769759437186E-016  5.7509972492958777E-017  4.0541386223161196E-014 -2.5101691767952211E-002 -6.8884785028848745E-016 -1.0150842839895945E-015 -2.5101691767973847E-002  5.9435963095661398E-016  5.0203383535942864E-002 -7.4284073111656006E-016  5.0582497068279559E-016 -1.2467604408894026E-016  7.5788784659024967E-014 -3.4506602804825708E-016  3.4393444965366397E-016 -7.6352441262288853E-017 -1.9585426342368234E-002 -5.4627526460667064E-016 -7.7900434312856895E-016 -1.9585426342385165E-002  4.3259666682176888E-016  3.9170852684767506E-002 -5.4961110499386903E-014  4.9522705893694654E-017 -7.3471566922586397E-017  2.4323320652173855E-017 -8.0021310455968501E-003 -2.1995751574293010E-016 -3.2032541427848914E-016 -8.0021310456038410E-003  1.7288958892999495E-016  1.6004262091208553E-002  8.4108823102633623E-015  1.3625934835784920E-017  2.0877294782827963E-018 -8.1860163868408951E-018 -1.4803371292028949E-003 -4.1114979259712855E-017 -5.8553693577799502E-017 -1.4803371292042163E-003  3.2859796155786723E-017  2.9606742584082310E-003  1.2029661780197993E-017 -1.2213728524136171E-017  4.7488036381235452E-018 -2.7438060080234779E-016
 6.3219041323418731E-014  7.8148068886798221E-014  3.2539943626110575E-002  7.3487223251058330E-016  1.1275702593843630E-016 -1.6269971813052900E-002 -5.8736652694391593E-016 -1.6269971813049136E-002  1.8406232747401133E-001  3.0401028916546531E-016 -4.4235448637431078E-016 -9.2031163737010632E-002  9.5648315656681299E-016 -9.2031163736993882E-002 -8.8527140224455395E-016 -8.8977028964548059E-016 -1.1056972733765602E-015  1.2944212595890715E-013  2.8397564933942809E-001  1.0321604682134025E-016 -4.8440797813953386E-016 -1.4198782466974774E-001  4.3194614551846976E-016 -1.4198782466972243E-001 -1.4443359837910231E-016 -1.2666983301624004E-016 -2.4927087988166761E-016  1.6468318323424612E-013 -1.0813645349922769E-015 -6.6454718479901514E-016 -4.6302633664593769E-016  2.2157009234989042E-001  3.2526065175176254E-017 -3.2901470176808710E-016 -1.1078504617497645E-001  5.3993268189799430E-016 -1.1078504617495327E-001 -7.6438170818240700E-014  3.3627487628395509E-016  2.6302268897244693E-016  8.8866970635619898E-017  9.0528175581932102E-002  1.9515639107438090E-018 -1.5584389789948498E-016 -4.5264087790981636E-002  2.4784861663028842E-016 -4.5264087790974232E-002  2.3765497935766902E-015 -6.5713752831544632E-017 -8.6237083366460541E-017  2.6333377014407903E-017  1.6747066348865112E-002 -9.7578195519284422E-019 -2.8249395823895310E-017 -8.3735331744347538E-003  4.1579153314832863E-017 -8.3735331744337702E-003  3.0922271965681394E-017  3.0239920075437050E-017  2.5381341008234398E-018 -4.7095466271737330E-015
 1.9579258348853412E-016 -9.0341420988706732E-016  6.5632178511431724E-016  3.2539943626105537E-002  1.0729014294801493E-016  3.4976362084398629E-016  2.2688201008680579E-017 -5.2285649768100376E-016  3.0401028916546531E-016  1.8406232747399939E-001 -2.8102520310824383E-016  4.6056908287188873E-016  3.5906065447288742E-016 -2.2269512622844121E-016 -1.9565364512927509E-016 -3.7680424939229195E-017 -9.4235419082126756E-016 -3.2418248296572599E-015  1.5551795962140972E-015  2.8397564933943348E-001 -2.3863226288934987E-016  1.3543853538690714E-015  1.8502587699823055E-016  9.4325589006264228E-016 -1.1767592081819782E-016  1.8198618884586030E-016 -1.7636817364208734E-015 -1.9465683206748570E-015 -2.1489906712347282E-016 -6.3615781785974403E-017 -1.1448240217600652E-015  1.4589024432970795E-015  2.2157009234989544E-001 -1.9365206053306817E-016  1.4931632319470588E-015  1.2264359449884569E-016  9.9920072216271938E-016  1.9547946477037533E-016  6.4331767652063162E-017  8.3237802249146804E-017  2.4073649174630024E-016  5.0740661672340511E-016  9.0528175581936654E-002 -8.4478142780138296E-017  4.6853796883957159E-016  4.3900023590296377E-017  3.2244172609717378E-016  1.8634960758993042E-016 -1.3588131225367374E-017 -2.9816363625008618E-017 -2.3123573703218807E-018  1.0768838078215380E-016  1.6747066348865951E-002 -1.3643874365474345E-017  1.0717338475017995E-016  1.1635903354669205E-017  7.1774183818533343E-017  8.4064466803444881E-018  1.1414506494310190E-018  4.0431751844464812E-017  1.9831082174893715E-016
-2.9645821469642317E-016  1.0866895002986724E-015 -1.8076530127363241E-016 -2.9267682951199510E-016  3.2539943626112143E-002 -3.2764801410755660E-016 -1.1963114829171456E-016 -6.3858406816570332E-016 -4.4235448637431078E-016 -2.8102520310824383E-016  1.8406232747400761E-001  2.0122792321328990E-016  7.4044496814977726E-017  3.8645708811884546E-016 -1.6581714382161062E-016  1.1204856015246998E-016 -2.7619628745599730E-016 -2.2301126071174441E-015 -1.4484941024444111E-016 -5.6363245200372120E-016  2.8397564933943859E-001  5.4261608227460671E-016 -2.1631093302594906E-016  1.1122084698534129E-015 -2.3288677413710239E-016  3.8112264068850999E-016 -6.8615464609433937E-016 -6.8479451226495308E-016 -1.2968808187293315E-016  2.5624826618059522E-016 -4.5262463152223215E-016 -4.7085545098354680E-016 -5.1364734372035023E-016  2.2157009234989894E-001  1.5531534934032816E-016 -1.9047124005789089E-016  7.3546854370550860E-016  2.7925193663070810E-015  1.4841588257575358E-017 -4.8135782431339487E-017  7.5161751463769364E-017 -7.8339027972948150E-016 -2.0768422009551928E-016  9.0528175581938264E-002 -5.4394253587006650E-016  1.3579446921923520E-017 -4.4229011187008802E-016 -9.6442360988856999E-016  1.4976020192481183E-017 -1.4855091901458895E-018  7.2778744619483033E-018 -1.0088670621568388E-016 -4.0597084786926830E-017  1.6747066348866260E-002 -5.2396611084198600E-017 -2.5400029928873935E-017 -4.1593552874892458E-018  7.2812118227142574E-019 -8.7023742157660636E-018  1.5150277274897147E-017 -1.0206756395834782E-016
 6.0558986093662947E-014  1.1474677835139689E-013 -1.6269971813060648E-002 -2.3567844724404456E-016  2.5745566431745236E-018  3.2539943626098550E-002 -3.5096979576070454E-016 -1.6269971813063167E-002 -9.2031163737010632E-002  4.6056908287188873E-016  2.0122792321328990E-016  1.8406232747398457E-001 -3.0466081046841792E-016 -9.2031163737003790E-002  3.7729102272639965E-016  5.0223086990999079E-016  4.1949296916987910E-016  1.3944630649095984E-013 -1.4198782466973117E-001  4.0917789989609253E-016  2.7642412013874280E-016  2.8397564933940339E-001 -3.0129978373370024E-016 -1.4198782466972520E-001 -7.8133339990171917E-017  4.8152695589021199E-016  5.8838203622792088E-017  1.5408203121977110E-013  2.5710824736048149E-016  7.3699872428747547E-016  3.3292964744630735E-016 -1.1078504617496046E-001  4.1741783640697280E-016  8.6360091170241499E-017  2.2157009234987451E-001 -2.5934115965851397E-016 -1.1078504617495448E-001 -8.3932868274710148E-014 -7.4208801022033628E-017 -2.4154043042338036E-016 -1.1669340828279351E-016 -4.5264087790974586E-002  1.6360610782808628E-016  7.2522960943907870E-017  9.0528175581926509E-002 -1.1232334506948931E-016 -4.5264087790972615E-002  5.9463372913768644E-015  8.6115357285582951E-018  5.9909834393242324E-017  2.4014081079248111E-017 -8.3735331744335638E-003  3.4138815906141185E-017  8.4847290326448243E-018  1.6747066348864123E-002 -2.1067403464107750E-017 -8.3735331744334805E-003 -4.3502669144140104E-018 -2.9929046944660916E-017 -1.0245800302652658E-017 -4.2083831548066638E-015
 1.9553608788932897E-016 -8.2465571035234202E-016  1.2864058776544647E-016  1.8567046907108981E-016 -3.1308720010683143E-017 -1.3472567245844903E-016  3.2539943626110915E-002  2.8525359158096112E-016  9.5648315656681299E-016  3.5906065447288742E-016  7.4044496814977726E-017 -3.0466081046841792E-016  1.8406232747400691E-001 -6.9388939039056778E-017 -8.8076847230928636E-017 -3.3312706380803380E-017 -1.3640628559241096E-016 -2.6970970234074974E-015  2.0673567024955295E-015  2.7035258797283926E-016  9.7094327952574839E-018  4.9276988739469598E-016  2.8397564933943803E-001  1.0169816377918861E-016 -1.3748925161153068E-015 -6.5238173050245622E-016  5.5364252758489090E-016 -8.4158153009826621E-016 -2.9189616004914344E-016 -2.5566512622607751E-016  2.4868587933191626E-017  1.7867651802562225E-015  2.7644783706128110E-016 -1.2580630964477400E-016  3.2059858240396785E-016  2.2157009234989894E-001  1.4875253806502615E-016 -1.2311873599445544E-015 -5.2347258212549543E-017  4.1815012730083263E-017  6.0389798172350876E-017  9.9171972717252700E-016  9.0620666894948823E-017  3.1405837632041664E-017  4.6024382222008914E-016  9.0528175581938125E-002  4.1660468477755217E-016  7.7824703693815504E-016  7.3528618287356201E-017 -1.5370583127749443E-018 -4.4824266757407065E-017  1.5116488789879737E-016  2.3371756597114322E-017 -1.3028676982861439E-017  4.3679795024007443E-017  1.6747066348866236E-002  2.2727588040726043E-017  6.3234445741923963E-018  1.3823589520663097E-017  3.3005954612265504E-018  1.5770414902793808E-016
 7.1522141999268606E-014  4.7811495768431247E-014 -1.6269971813048727E-002 -4.0305215762150032E-016 -9.0282700749002738E-017 -1.6269971813050930E-002  1.0406714552602278E-015  3.2539943626116383E-002 -9.2031163736993882E-002 -2.2269512622844121E-016  3.8645708811884546E-016 -9.2031163737003790E-002 -6.9388939039056778E-017  1.8406232747402076E-001  5.6645567630660316E-016  2.5782199913465627E-017  4.9920081403106893E-016 -2.1223012445611515E-015 -1.4198782466968646E-001  3.2222488566280256E-016  4.2461422832676615E-016 -1.4198782466970172E-001  7.6241096769184429E-016  2.8397564933948322E-001  3.6768839301914755E-016 -1.2526504963863880E-015 -2.7366447261224566E-016  7.6567347145722236E-014  9.1531285645809653E-016 -6.3577268524114668E-016 -1.6110142537340165E-016 -1.1078504617492178E-001  2.0122792321340352E-016  4.1077032183683600E-016 -1.1078504617493400E-001  4.1243050641351862E-016  2.2157009234993555E-001 -8.8072733801208539E-014 -2.7984989894608851E-016  8.8537304704229789E-017  8.4698951003110700E-017 -4.5264087790954165E-002  1.0061396160669628E-016  1.5867298794324423E-016 -4.5264087790959584E-002  1.4793938643566276E-016  9.0528175581958192E-002  2.1051814987856784E-014  5.6447106739026167E-017  3.0380086957325644E-017 -4.8252420851494757E-017 -8.3735331744309305E-003  1.6181717424352930E-017  3.2788645388211335E-017 -8.3735331744320858E-003  3.2011069142636632E-017  1.6747066348869351E-002 -2.9675460257595053E-017  1.8888641689021202E-017  1.7632488939959035E-017  3.4079354991931388E-015
 2.7530899445785338E-016  2.3055101015070338E-017  5.5847929939356454E-017 -1.6554310995702797E-016  2.4606299035391121E-016  2.8151007953664297E-016  2.7090117313367861E-016 -2.2537041944179386E-016 -8.8527140224455395E-016 -1.9565364512927509E-016 -1.6581714382161062E-016  3.7729102272639965E-016 -8.8076847230928636E-017  5.6645567630660316E-016  1.0378838530849781E-001 -3.6082248300317617E-016 -3.8163916471336278E-016 -3.8446949964292256E-016 -5.7936210065483406E-016  2.3965427100236748E-017 -2.0659800962997046E-017  5.1953836458354835E-016  6.3322299118885373E-016  6.1311011914942275E-016  2.5757751185543953E-001 -1.7312540290240230E-015  1.7347234760146276E-016 -3.3551649536666493E-016  1.6161720879139968E-001  8.0664641632973121E-016 -1.3808398868751521E-015 -7.5871258872268015E-016  8.1921228515934834E-017 -1.7931993481628439E-016  3.9688964762370832E-016  4.2686410082839773E-016  4.6633752027831955E-016  1.6506173029547918E-015 -3.1564685365539046E-002 -5.8546917314227366E-016  5.4817261840820187E-016 -6.4030210503373543E-016  5.7168209657775070E-017 -5.5347464055733807E-017 -2.3871616843540332E-016  1.7629998126083484E-016 -1.5410381324068422E-016 -4.5310651654360754E-016 -1.1627618945565868E-003  2.8399320655541842E-016 -2.1006417091908130E-016 -1.4844525147133575E-016  1.0800258926697909E-017 -1.7764165689133815E-017 -6.4050768516279912E-017  4.1967680276286021E-017 -4.6153684136234623E-017 -5.5083534831253823E-003 -4.8030156241125590E-017  7.1340502949464557E-017 -1.2646721061786135E-016
-2.0343463984571314E-016  3.2254318100988201E-016 -2.6138103935260249E-017  1.6071596679868236E-017 -1.6984842350119478E-016 -5.7198584371202573E-016  2.2230539695264645E-017  2.9760769759437186E-016 -8.8977028964548059E-016 -3.7680424939229195E-017  1.1204856015246998E-016  5.0223086990999079E-016 -3.3312706380803380E-017  2.5782199913465627E-017 -3.6082248300317617E-016  1.0378838530849582E-001  1.4641066137259514E-015  1.8449237368591228E-015 -1.3453599029344859E-015 -1.9490289785569269E-016 -1.6373574086234510E-016 -4.7945768692908581E-016  2.2882096217606020E-016  6.5605683932457940E-017  2.8796409701296117E-016  2.5757751185543737E-001 -2.0122792320958627E-016  1.7052573962394802E-015  7.9450335199788084E-016  1.6161720879140024E-001  1.2490009027056501E-015 -1.3283809375464942E-015 -5.3602473648427795E-017  7.5482881738321658E-017 -3.6411758699701507E-016  2.0366999976772971E-016 -2.7598021732331824E-016  1.5792055067310193E-015 -2.2854981796004072E-016 -3.1564685365539219E-002 -3.7556763254943879E-016 -1.0337170613532078E-015  5.7347052055464971E-017  5.1611475177764691E-017 -5.9367145375701896E-016  2.2860416895014069E-017 -6.2728291737305480E-016 -8.6962182334889192E-016  8.2372260054581096E-017 -1.1627618945564487E-003  7.4701529684235096E-017 -1.2990924593751806E-016 -1.3676659717785301E-017  4.8937085186229784E-018 -6.2538081743323771E-017  1.9042024830271842E-017 -6.8758160347611502E-017 -3.6754453647275518E-017 -5.5083534831253771E-003 -3.4043948216124835E-017 -2.1623183743240419E-016
-1.2427925958399011E-017  2.8724708199515073E-016 -1.3421446037004024E-017  3.5734247518212314E-016  4.3287255403274664E-016 -2.1862480337733899E-016 -2.8072845613345710E-016  5.7509972492958777E-017 -1.1056972733765602E-015 -9.4235419082126756E-016 -2.7619628745599730E-016  4.1949296916987910E-016 -1.3640628559241096E-016  4.9920081403106893E-016 -3.8163916471336278E-016  1.4641066137259514E-015  1.0378838530850333E-001  1.7982772182082850E-016 -1.6664325783246703E-015  1.5916988613722395E-016  1.0689182334719741E-016 -1.9859458657863104E-017 -2.4038816775410810E-016  8.3837456343961382E-016 -4.0939474032656309E-016  2.1996293675424418E-015  2.5757751185544309E-001  6.3914974427071208E-016 -2.2204460492262809E-016  2.3245294578113161E-015  1.6161720879140679E-001 -1.5374032845192704E-015 -4.5054876650749862E-016  9.2088586599366506E-017 -1.1135150938569912E-016 -3.9604419632233293E-016  1.6285203252373301E-016  2.3830632629082863E-015 -1.0408340855906070E-016 -7.1383871036492520E-016 -3.1564685365540086E-002 -1.1935918201070283E-015 -2.0270675205622998E-017 -6.7791212635837637E-017 -5.7695004474239661E-016 -7.0383613421191102E-017 -4.3972303847744611E-016 -9.7432392320495658E-016  1.0045133128075293E-016  1.1563016169556344E-016 -1.1627618945565213E-003 -1.7595720306077266E-016 -2.5332738369788590E-017  8.6455291346367011E-019 -5.2496046785442371E-017 -3.6228404395391256E-017 -1.6411057683718807E-017 -8.4567769454679546E-018 -8.1965684239986596E-017 -5.5083534831256165E-003 -1.8911188394594064E-016
-2.6845878055811184E-001 -3.1605484975605735E-001  6.0182198326758832E-014 -8.4213397645965577E-016 -7.9989530265417527E-016  6.2064141664603974E-014  8.7452762149661638E-018  4.0541386223161196E-014  1.2944212595890715E-013 -3.2418248296572599E-015 -2.2301126071174441E-015  1.3944630649095984E-013 -2.6970970234074974E-015 -2.1223012445611515E-015 -3.8446949964292256E-016  1.8449237368591228E-015  1.7982772182082850E-016  7.4140194696566608E-001  4.2667876189435137E-013 -5.9015754120679184E-015 -2.8815442639544373E-015  4.5342128431691150E-013 -4.3215523956347961E-015  2.6472512019536699E-013 -1.4127618969861310E-015  3.7974639466692408E-015  2.1449398580639544E-015  8.9211702100979884E-001 -2.2823254270427449E-016  2.2796944822582991E-015  6.4387483938494129E-016  3.3027237563631906E-013 -4.4309635077323632E-015 -2.9008484615463268E-015  3.4075971594380986E-013 -3.0940342354674829E-015  1.8512478209965692E-013 -5.2629713864041128E-001 -6.2601200562931194E-018 -3.9128925768187043E-016 -1.1248846108206905E-016  1.9531803904075528E-013 -1.5690764150917352E-015 -9.7836481740479012E-016  2.0595780933209875E-013 -1.1315517462398932E-015  1.4552708463138234E-013  5.8162272840865392E-002  6.7296931230689513E-017 -4.0736449282229454E-017  3.0753509706499345E-018  2.4524491519508775E-014 -3.4226141179896589E-016 -2.3103077322396279E-016  2.5350498202892424E-014 -2.5376484601913204E-016  1.2780023451788539E-014  7.6902670376840077E-018 -7.9917488725647749E-017 -4.3280716701094650E-017 -1.1257142207885235E-002
 6.3905693780689759E-014  8.2769461609009100E-014  5.0203383535926738E-002  1.3256539962978726E-015  2.6882115240410852E-016 -2.5101691767961353E-002 -8.0144224590110669E-016 -2.5101691767952211E-002  2.8397564933942809E-001  1.5551795962140972E-015 -1.4484941024444111E-016 -1.4198782466973117E-001  2.0673567024955295E-015 -1.4198782466968646E-001 -5.7936210065483406E-016 -1.3453599029344859E-015 -1.6664325783246703E-015  4.2667876189435137E-013  4.3812425130360316E-001  1.8353374375846712E-015  8.2860151031925136E-017 -2.1906212565186811E-001  1.5785983631393055E-015 -2.1906212565179997E-001  1.7289550083360726E-015 -1.2743290992228907E-016 -2.8664348935588809E-016  5.3955505137075848E-013 -4.4370193508363270E-016 -9.8261458079311678E-016 -6.5291690633952953E-016  3.4184350329994201E-001  1.3582884816908659E-015  1.3823577699155809E-016 -1.7092175165003054E-001  1.5469396597026755E-015 -1.7092175164997209E-001 -2.8887788756250936E-013  2.7963169002520673E-016  3.9746497362727937E-016  1.2510434821267845E-016  1.3966897950925206E-001  5.3733059668426910E-016  2.3384885607694711E-017 -6.9834489754654713E-002  6.7350638954816673E-016 -6.9834489754634022E-002  2.2877520637370753E-014 -1.1019552408116373E-016 -1.3335553258487439E-016  4.0185636636494798E-017  2.5837764338935382E-002  9.7307144980648077E-017  5.1838416371675424E-018 -1.2918882169471938E-002  1.1804251152938239E-016 -1.2918882169468708E-002  5.9681190261417517E-018  4.5200738129059659E-017  1.8214782126619031E-018 -1.0955041529208427E-014
 3.5811303566130748E-016 -1.3377998620935775E-015  9.4791795940437156E-016  5.0203383535923171E-002  1.4243854271794047E-016  4.8637309457721827E-016 -1.5996217208896759E-017 -6.8884785028848745E-016  1.0321604682134025E-016  2.8397564933943348E-001 -5.6363245200372120E-016  4.0917789989609253E-016  2.7035258797283926E-016  3.2222488566280256E-016  2.3965427100236748E-017 -1.9490289785569269E-016  1.5916988613722395E-016 -5.9015754120679184E-015  1.8353374375846712E-015  4.3812425130364829E-001 -5.6660193775855757E-016  1.6276043013354830E-015 -1.7997078436901407E-016  2.4867261028130973E-015  6.2706378473510257E-016 -5.8653992297615686E-017  1.2821628518160529E-015 -4.1549047871540246E-015  1.7581603258177945E-016 -3.1112134733001509E-016  7.4555736696894674E-016  1.8119186706585698E-015  3.4184350329997831E-001 -4.6103833912462255E-016  1.9424566122250597E-015 -1.8510041589758634E-016  2.3440450969137671E-015  9.9509372784866615E-016  1.6106148283092337E-019  1.7001604653858467E-016 -1.1915741733297472E-016  6.0281640790219744E-016  1.3966897950927079E-001 -1.9703807473971662E-016  5.7538609293800405E-016 -7.8425086520380482E-017  8.2572837456493947E-016  2.0909017025703231E-016 -2.4614361415196787E-017 -4.4469134361822516E-017 -2.1638944456128043E-017  1.3292318634676507E-016  2.5837764338938838E-002 -3.3166580901367105E-017  1.3791051634013962E-016 -9.6282235114395411E-018  1.7146657357857294E-016 -4.3227946455113884E-018  9.0197698869416533E-018 -2.3230550053078093E-017  3.2097328230538069E-016
-2.5191869650436050E-016  1.9335272167302822E-015 -2.4385062111921425E-016 -4.1744279740908346E-016  5.0203383535932018E-002 -5.0963516040749322E-016 -2.0056983155285241E-016 -1.0150842839895945E-015 -4.8440797813953386E-016 -2.3863226288934987E-016  2.8397564933943859E-001  2.7642412013874280E-016  9.7094327952574839E-018  4.2461422832676615E-016 -2.0659800962997046E-017 -1.6373574086234510E-016  1.0689182334719741E-016 -2.8815442639544373E-015  8.2860151031925136E-017 -5.6660193775855757E-016  4.3812425130364419E-001  8.1878948066099655E-016 -4.9960036108132084E-016  1.4432899320126238E-015  2.2432350309550624E-016 -2.4737143569401567E-016  2.6419537477790566E-016 -2.7984469109081341E-016  1.6611119465880310E-016 -1.2881172519381430E-016  1.3167879917444131E-016 -4.8733532400526198E-016 -5.4711107436752558E-016  3.4184350329997454E-001  2.1318125216495538E-016 -4.1794479677923013E-016  9.4354049313264165E-016  3.8289019225385299E-015 -4.8622237372213500E-017  2.8105695989357979E-017 -4.6141767470084168E-017 -1.1105482852769616E-015 -2.2405884927360243E-016  1.3966897950926951E-001 -8.4878799952099892E-016 -1.9244482682499454E-017 -7.6720856230505024E-016 -1.4322675399701195E-015  2.0470733195759976E-017  1.4791954287934499E-018  5.2570138510588679E-018 -1.3748022360296074E-016 -4.5119009880513291E-017  2.5837764338938619E-002 -8.3009652347391239E-017 -4.7514591108915814E-017 -2.2021162562715082E-017 -1.1357625816810659E-017  4.4384863959742756E-018 -4.9144069839865152E-018 -1.6800142499516767E-016
 7.1242152271575336E-014  1.5327733760127394E-013 -2.5101691767976241E-002 -2.5012544119243689E-016  4.6332702214791222E-017  5.0203383535911104E-002 -3.7025504190376382E-016 -2.5101691767973847E-002 -1.4198782466974774E-001  1.3543853538690714E-015  5.4261608227460671E-016  2.8397564933940339E-001  4.9276988739469598E-016 -1.4198782466970172E-001  5.1953836458354835E-016 -4.7945768692908581E-016 -1.9859458657863104E-017  4.5342128431691150E-013 -2.1906212565186811E-001  1.6276043013354830E-015  8.1878948066099655E-016  4.3812425130359056E-001  1.0130785099705382E-015 -2.1906212565180413E-001 -2.7579227288652964E-016 -2.3699840571196215E-015 -1.5647110361382556E-015  5.4076219352261193E-013  2.9926316464347947E-016 -8.1612960446475332E-016 -5.2508559635678970E-016 -1.7092175165002585E-001  1.4166185585697670E-015  4.4102633871272174E-016  3.4184350329993729E-001  7.6457937203684991E-016 -1.7092175164997384E-001 -3.1161199410641217E-013 -9.5466496856567418E-017  8.8136970948610919E-018  2.2833495708269312E-017 -6.9834489754652007E-002  5.6985666185847254E-016  2.2707259249991228E-016  1.3966897950925156E-001  3.0243819601486602E-016 -6.9834489754631468E-002  2.9721727964269154E-014  1.3986894371000301E-017  1.0648258628219273E-016  4.4522723224737407E-017 -1.2918882169471613E-002  1.1118493278840342E-016  3.5951889929729351E-017  2.5837764338935362E-002  5.4643789493274083E-017 -1.2918882169468257E-002 -3.3917151402911642E-018  2.0394735461997343E-017  1.9595526384756830E-017 -1.0431206049348108E-014
 5.2437873099859751E-016 -1.0040335464183759E-015  1.3931997916539031E-017  2.2154316142025657E-016 -1.0532679998561866E-016 -1.7854099275397533E-016  5.0203383535930221E-002  5.9435963095661398E-016  4.3194614551846976E-016  1.8502587699823055E-016 -2.1631093302594906E-016 -3.0129978373370024E-016  2.8397564933943803E-001  7.6241096769184429E-016  6.3322299118885373E-016  2.2882096217606020E-016 -2.4038816775410810E-016 -4.3215523956347961E-015  1.5785983631393055E-015 -1.7997078436901407E-016 -4.9960036108132084E-016  1.0130785099705382E-015  4.3812425130364435E-001  1.5057399771479857E-015 -2.1247238180993004E-016 -3.1108038448908122E-016  7.7987532924528880E-016 -1.4495048807934792E-015  7.4729859764379227E-016  4.1901570578164127E-017 -8.2500409096686548E-018  1.4988010832442315E-015 -2.7152488157182474E-017 -5.8580258648603586E-016  6.9963566190490617E-016  3.4184350329997532E-001  1.2843458935263648E-015 -1.8189521390445838E-015 -3.1466846651205380E-016 -2.0707806920464669E-017  1.0227550348811696E-016  1.0171984782259876E-015 -4.7718448116517654E-017 -1.0987859622548567E-016  7.9423230145423823E-016  1.3966897950926960E-001  1.0716254272846655E-015  1.1928776744732626E-015  1.0482517411999334E-016 -5.5107314184990423E-018 -6.8820529301847405E-017  1.3818156688329189E-016  1.2269272240979534E-018 -5.2552160744033173E-017  8.2887256086511193E-017  2.5837764338938637E-002  1.1432911908859319E-016 -3.1062962056217364E-017  6.4554417029516373E-018  6.6810995292535663E-018  2.4492209153469686E-016
 8.8141691687475980E-014  5.0387654317273652E-014 -2.5101691767957943E-002 -3.9475801100201595E-016 -4.8761992707562420E-017 -2.5101691767959112E-002  1.6417260346319136E-015  5.0203383535942864E-002 -1.4198782466972243E-001  9.4325589006264228E-016  1.1122084698534129E-015 -1.4198782466972520E-001  1.0169816377918861E-016  2.8397564933948322E-001  6.1311011914942275E-016  6.5605683932457940E-017  8.3837456343961382E-016  2.6472512019536699E-013 -2.1906212565179997E-001  2.4867261028130973E-015  1.4432899320126238E-015 -2.1906212565180413E-001  1.5057399771479857E-015  4.3812425130375077E-001 -8.0040593959899044E-017 -1.8685188186388068E-015 -2.5297027389900029E-016  4.5966817436163745E-013  1.0060053188515369E-015 -9.4066559613750899E-016 -1.4235771826778346E-016 -1.7092175164996679E-001  1.8596235662474295E-015  1.2564141350575727E-015 -1.7092175164997048E-001  8.9078050491419240E-016  3.4184350330006030E-001 -3.4127069259815768E-013 -3.5243364196486440E-016  1.2874237365593185E-016  1.0993540643140584E-016 -6.9834489754620754E-002  7.8864866026608500E-016  4.9382359638101703E-016 -6.9834489754622864E-002  3.3295848717034727E-016  1.3966897950931223E-001  5.5669246396978594E-014  9.0010052469644260E-017  4.6581746690923212E-017 -7.5208971995888256E-017 -1.2918882169467598E-002  1.4192206437837363E-016  9.7496880360750789E-017 -1.2918882169468238E-002  6.8602892464026875E-017  2.5837764338945610E-002 -3.1940932164589488E-017  2.7771052931078904E-017  2.3584458282125439E-017  8.1444951188009993E-016
 3.3794950750756802E-016 -3.6818906251101747E-016  5.0147430825127272E-016 -3.4579951598216304E-016  6.4224820968482972E-016  5.1929236529062866E-016  4.6788995983604759E-016 -7.4284073111656006E-016 -1.4443359837910231E-016 -1.1767592081819782E-016 -2.3288677413710239E-016 -7.8133339990171917E-017 -1.3748925161153068E-015  3.6768839301914755E-016  2.5757751185543953E-001  2.8796409701296117E-016 -4.0939474032656309E-016 -1.4127618969861310E-015  1.7289550083360726E-015  6.2706378473510257E-016  2.2432350309550624E-016 -2.7579227288652964E-016 -2.1247238180993004E-016 -8.0040593959899044E-017  6.3924469406122386E-001 -1.3877787807814465E-015  1.7624790515924372E-015 -1.5147269646484004E-015  4.0109457710294849E-001  3.8025138593424675E-015 -2.5812685322473134E-015  5.8792720635087527E-016  6.4616482746802259E-016 -2.2999642861495632E-016 -2.3622210104056777E-016 -3.3256383048323985E-016 -9.2325357013152679E-017  4.5254684157124779E-015 -7.8335866723322753E-002 -1.8093165854440642E-015  1.1934897514708288E-015 -5.7953746920017532E-016  3.2281793572293212E-016 -4.9502063324344826E-017 -1.0913904773028789E-015 -1.3117796651090745E-016 -8.9302962684892539E-016 -1.1752752006265243E-015 -2.8856920241120713E-003  6.9153125066555720E-016 -5.2735593669698742E-016 -1.8164793488434531E-016  6.0276287944355197E-017 -2.7833441512606714E-017 -2.5126154096957837E-016 -1.0540208208769117E-018 -2.0899613846265256E-016 -1.3670392697471820E-002 -1.8160386389136683E-016  1.4831885719580559E-016 -3.0434072754414648E-016
-1.7710040456308740E-016  1.1880196421343166E-015  3.0311919970387920E-016  8.8590755340013558E-017 -4.0330529867037765E-016 -1.5547523620324645E-015 -4.5546488339854852E-017  5.0582497068279559E-016 -1.2666983301624004E-016  1.8198618884586030E-016  3.8112264068850999E-016  4.8152695589021199E-016 -6.5238173050245622E-016 -1.2526504963863880E-015 -1.7312540290240230E-015  2.5757751185543737E-001  2.1996293675424418E-015  3.7974639466692408E-015 -1.2743290992228907E-016 -5.8653992297615686E-017 -2.4737143569401567E-016 -2.3699840571196215E-015 -3.1108038448908122E-016 -1.8685188186388068E-015 -1.3877787807814465E-015  6.3924469406122530E-001 -4.0870085094013591E-015  3.3034804099532692E-015  6.6266436782443937E-016  4.0109457710295415E-001  8.7430063189825208E-016 -7.9102701671391155E-016  1.9861221218585447E-016  3.1137385958433244E-016 -1.8244060041477268E-015 -1.8034195499504431E-016 -2.2698521193150364E-015  4.4646544309803645E-015 -3.0964814046210723E-016 -7.8335866723324016E-002 -4.9960036108248441E-016 -1.5416694085156708E-015  2.7782170755148026E-016  1.7876838026210334E-016 -1.8495461671611749E-015 -2.2346782718273968E-016 -2.2043301677554837E-015 -2.2181734988513973E-015  2.1377756335981521E-016 -2.8856920241117595E-003  2.0144476364776632E-016 -1.3301395930868238E-016 -8.8755557295199587E-018  2.1520664915173241E-017 -2.2479826325002720E-016 -4.5776653364738119E-018 -2.9043622537102237E-016 -4.6403852982423335E-017 -1.3670392697471952E-002 -8.2399365110923506E-018 -5.2499811654553865E-016
