   3.4108372741809313E-007  -8.6564582220251296E-019  -2.3651745860901978E-019   5.4330603125860437E-016  -2.8671379356551831E-006   4.2370254664293807E-018   5.2459101684539176E-019   4.9005484192586453E-016   1.3664042683987087E-016   1.4431595554000303E-016   2.2360542686577314E-018  -6.2469587154854404E-017  -3.5217683682128824E-017  -7.8805616742005502E-017   1.2642904930354657E-016  -4.3937726237039325E-018   4.6212921148613958E-019  -6.4815820419784193E-019  -3.5335366911301640E-018   2.1325422007446870E-019  -2.0590421596944247E-018  -2.3064936519979981E-019  -1.4033495409646508E-019  -2.3259003032609262E-019   4.6185061238182311E-019   3.9448346308087311E-016   4.0618404045871028E-016   7.0751634500359562E-018  -1.7345090620334864E-016  -9.6527078078265756E-017  -2.2366213301191726E-016  -9.7731901695837561E-005   1.3315194706239272E-016   6.0749004453810093E-018  -1.8518928936221521E-018  -3.5460566241116541E-019   5.0165038151157911E-019  -5.7736282188148321E-019  -9.3227929072395029E-020  -1.7696354249077960E-018   2.5223989659929131E-019   3.6894404428521208E-019  -3.1580096715168080E-020  -4.3116321322989344E-019  -2.4291678782436012E-015   5.1448721275907288E-016   5.3339375357232130E-016   8.1173495918342536E-018  -2.2561393273207323E-016  -1.2866551128402012E-016  -2.8783765039294112E-016  -3.9949089261592222E-004   5.4438053780871252E-016   7.6106704404605418E-018  -3.7528212068621164E-019  -4.7537840297188663E-020   2.6096190330550324E-020  -1.2262204839895052E-019  -3.3600551313881975E-020  -1.1005821892245030E-019   2.6103539087813583E-020  -5.2095545683204189E-021   2.8444714098295058E-020   2.2332019157664479E-021  -2.6668379858168197E-019  -3.0884275811038200E-020  -2.7875573940119522E-019   7.2444833242152620E-020  -2.7193525699966677E-019  -4.4179464125518347E-015   7.8225742155464284E-018   3.2138847702904467E-019  -2.6895874104013424E-019   5.3825707370905742E-019   1.4440757005288010E-019   1.5467319339719873E-018  -3.1122667026472967E-019  -5.3607139113291271E-020   8.5182318657955444E-020   5.5513136865725714E-019   3.7732680734569907E-004  -5.1395140078579258E-016  -1.1488996077918633E-017   3.2766485606868382E-016   3.3824142573160335E-016   5.4405887345964592E-018  -1.4352170174279362E-016  -8.0931330692632383E-017  -1.8456776349092175E-016   4.0071444858022722E-015  -1.0730802376779532E-015
  -8.6564582220251296E-019   3.4108372742525633E-007  -6.2661975840550307E-020  -3.0272223284519519E-016   4.4339345395346549E-018  -2.8671379356895197E-006   5.5270362034763307E-018  -2.5848917783967827E-016   8.6791442713551217E-017  -1.1893543275628649E-016  -2.3372923596551222E-017   7.4899875497767895E-017   1.9426617566268987E-016  -1.5418834521092126E-016  -7.0147926636995063E-017  -1.0181268177923418E-018  -2.1569224943923555E-018  -5.2741846070566589E-020   1.1061190798008434E-019  -2.3969162507369024E-020  -7.8375617484710907E-020  -4.5409274608578065E-018  -2.6265820255752221E-019  -2.7152793062633045E-018   1.6592750837633476E-019   2.3831693926163418E-016  -3.3285592367155838E-016  -6.5636547099575053E-017   1.9754962048265626E-016   5.4364605469471338E-016  -4.3971548019976985E-016   1.1682491035855007E-016  -9.7731901696859028E-005   2.0244278641918711E-016   1.4160147933020919E-019  -2.4222055730875139E-018   6.9814339587409283E-020  -4.1582448793705611E-019  -5.5702222120097163E-020  -2.9631056693331351E-019  -8.7846563848655130E-020   7.4663390614181796E-020  -1.9058047860555254E-018   4.9417325801215432E-020   1.4044063946616058E-015   3.1332776065350969E-016  -4.3839205428066627E-016  -8.6632308559993390E-017   2.6417609066288465E-016   7.1567183578404759E-016  -5.7679290188371595E-016   4.6848548953752297E-016  -3.9949089262012285E-004   8.2923185731200106E-016  -7.8121337012885284E-020   3.2747896077965268E-020  -4.9149266228265932E-020  -1.8375450707813671E-019  -6.4461852203137799E-020  -1.1402587911343101E-019  -7.0285010678938464E-020   4.2537935587605167E-020  -2.2570247687722110E-020   6.0913772615630453E-020  -1.8761809345996761E-019  -7.1922858656013906E-020  -2.5372351993442160E-019   3.3338822377909569E-021  -8.4696924698220771E-020   2.5226954704120021E-015  -1.2747200188958463E-019   1.3641514699670560E-018  -3.2922024324139803E-020   1.0572821980625831E-019  -5.1071862695043004E-020   8.7564744451966811E-020   9.9578244103906034E-018   2.6527925613940024E-019   3.4780209768195612E-018   1.2907501560560797E-019  -4.4318017057821217E-016   3.7732680734966166E-004  -7.8316159697301606E-016   1.9914941895278389E-016  -2.7755426169131987E-016  -5.4588531600040494E-017   1.6638318073774999E-016   4.5315242768631971E-016  -3.6527176982592354E-016  -2.2981987080438612E-015   6.1559530623760240E-016
  -2.3651745860901978E-019  -6.2661975840550307E-020   3.4108372742426658E-007   2.1934195674896989E-017   2.3986716785714763E-018  -5.1400010346171778E-018  -2.8671379356844129E-006  -2.0710349626252007E-018  -1.7049494177300929E-016   2.3244806381265869E-017  -1.6827000176775436E-016  -2.9459300185360413E-018   1.0748317593894877E-016   1.8277635955173354E-016   3.0990345886445217E-017  -5.1546094497020331E-020  -4.5365612879105653E-019  -3.1002308184777884E-018  -4.8415609308149123E-019   1.8577627129005875E-020   3.5932527050794034E-019   4.6168574766153089E-019  -2.3655498431225610E-018  -6.8754342072908491E-020  -5.0766503817832942E-018  -4.8534729452408138E-016   6.2709819398944352E-017  -4.7160740792947368E-016  -1.5344059019526084E-017   2.9816475661803046E-016   5.0413692224295422E-016   6.5772541796929880E-017  -1.8389920905698740E-016  -9.7731901696717906E-005  -4.0983646878317524E-019   4.7298964565461197E-019  -2.8825989938910312E-018   1.3061981735692394E-019   1.6752440027443101E-019  -1.0346335970004567E-019   1.7444065836014991E-019  -2.9204606142971733E-018   1.1186742126238104E-019  -1.6763302341064782E-018   2.0110535790127313E-016  -6.4391934590090986E-016   8.4936574302814488E-017  -6.1990821490196941E-016  -2.2487293995673728E-017   3.9509594336029984E-016   6.6282071559137960E-016   2.6612209515262905E-016  -7.5671042153144057E-016  -3.9949089261953955E-004   2.5434209976178392E-018   1.2029287135073993E-019  -1.5359424513034019E-019   1.0249877458174365E-018  -3.7191490360618877E-020   1.0654191423859850E-018   1.0282341177421260E-020  -7.6194364070807120E-020  -2.7523340142937532E-020  -1.4821549686318535E-019   1.1112498878655027E-018  -2.3103788199007185E-020   5.4569178215489330E-019  -4.3686627801051921E-020   1.0700329381040251E-018   3.8967486649641006E-016   1.4873972827553257E-019  -1.6208891009972725E-019   8.8580848897991998E-019   9.3554880328505782E-020  -6.2894156392462001E-021  -2.5051367048463759E-019   9.5741882381861911E-020   1.9932002087384980E-018   2.0644021742346245E-019   9.0427287526063316E-018  -2.5085893202002305E-016   7.1383669209861336E-016   3.7732680734911468E-004  -4.0435876844755265E-016   5.2835973095706196E-017  -3.9310757891830139E-016  -1.3295328616867769E-017   2.4892382275255782E-016   4.1957755237850241E-016  -3.6295910544711684E-016   9.7694497655861283E-017
   5.4330603125860437E-016  -3.0272223284519519E-016   2.1934195674896989E-017  0.28404051717620010       -3.4089163319483234E-016   3.9380582845733220E-016  -1.6489470180222970E-016  0.21100668648490278        8.7207605591521352E-014   7.7034514035473236E-017  -9.0521582806022873E-017   8.5060854844729956E-014  -9.3740711830066612E-016   1.0719147903513265E-013  0.13839375175065124        2.2140443712319474E-016   1.3615340993934694E-017  -5.2528094455205982E-017   1.1702812076882181E-016   4.9927018375663467E-017   1.0407385326588192E-016  -7.5825550911342707E-017  -4.0303396377687209E-017   6.9505129399649052E-017  -2.0397153575343555E-017   1.1608983051594631E-013   1.0478751875860465E-016  -1.8306471539575618E-017   5.2529606930411707E-014  -1.6039277378310646E-015   5.0626697924495393E-015   2.8283954579700775E-015  -5.5923992172693160E-016   2.0140344107256620E-017   3.2941227165334941E-016  -3.8379099684115549E-017   6.6154332687026665E-017   1.1195754944871091E-016  -2.2683930648239510E-017   1.2121436220463488E-016   2.1100196420155801E-017   4.9853674154299266E-017  -5.1210064804084421E-017   1.3166577327297884E-016 -0.13826413825078632        6.5549303739557277E-014   3.4373325231873872E-016  -3.1925889425772876E-016  -3.3674401168384171E-014  -2.0435422579089925E-015  -1.0501036357973044E-013   1.6188408218551570E-014   9.9623548995891496E-016   7.9876817690931426E-016   2.5338466470129950E-014   6.4667925006097648E-018  -1.7178396286994913E-017   1.5613511923790506E-014  -7.6423287689392754E-018   8.0749414500118226E-015   9.3031534792218555E-018  -4.2765685464897148E-018   4.4957379726889510E-020  -2.2501432109525081E-017   1.8217229759573056E-014  -3.4479568879098547E-017   1.5019222095007485E-014  -3.4217900754582946E-017   2.0626503402340006E-014 -0.20132340254984921       -5.7100025748828538E-016  -1.8623096978816740E-017   4.1465418558621000E-018  -2.6082331611836821E-016   9.0426642389386029E-018  -2.5234044015425691E-016  -6.8933804669262520E-017   4.7419022066415032E-018  -8.7112337417608567E-018   6.4260793646512542E-018  -1.4846593326240346E-014  -4.8003655688731494E-016  -7.0838129639116404E-016   6.4341182657663349E-014   1.2401728686843415E-016  -2.2199391273510162E-016  -1.3786017269781473E-015  -1.2175915345500158E-015  -2.8183207311027199E-014  0.13764540570146083       -3.4443340477032382E-002
  -2.8671379356551831E-006   4.4339345395346549E-018   2.3986716785714763E-018  -3.4089163319483234E-016   2.4101061649289933E-005  -1.1721037162139997E-017  -7.8604607874388372E-018  -7.2141893469516037E-016  -3.0659995732705647E-017  -3.9561827179915445E-016  -1.2027842495528859E-016  -7.9203547670890876E-017  -4.6808300796002260E-017   1.4882331795196522E-016   2.4342707612327544E-016   3.6933899677438341E-017  -3.8846420597363091E-018   5.4483952946630124E-018   2.9702786382855274E-017  -1.7926075481170326E-018   1.7308236695597840E-017   1.9388305323885312E-018   1.1796507374589905E-018   1.9551436958149389E-018  -3.8823001653904555E-018  -1.8708048733796431E-016  -1.1263167861541721E-015  -3.4350732793568923E-016  -2.3338202041233280E-016  -1.4817456123261525E-016   4.4256663317032082E-016   8.2153096249116143E-004  -3.0475510654351876E-016  -1.6869142894559473E-016   1.5566947178215142E-017   2.9808028503846072E-018  -4.2168556387950338E-018   4.8532917761582293E-018   7.8367072544324867E-019   1.4875493760573191E-017  -2.1203197874573304E-018  -3.1013307890999280E-018   2.6546119334516265E-019   3.6243429566589895E-018   3.8587340601749515E-015  -2.0295093975060143E-016  -1.4695898567614991E-015  -4.4239782714781275E-016  -3.3161980767712672E-016  -1.8251435608046909E-016   5.2586528078601190E-016   3.3581065324874335E-003  -1.2466137604197989E-015  -5.4478565129004437E-016   3.1546084385858953E-018   3.9960143004570972E-019  -2.1936366719711897E-019   1.0307566689972386E-018   2.8244506434855426E-019   9.2514555484099742E-019  -2.1942544077857489E-019   4.3791334306688645E-020  -2.3910527630750516E-019  -1.8772217520788298E-020   2.2417347239981286E-018   2.5961214709307930E-019   2.3432110388541629E-018  -6.0896874554047304E-019   2.2858783012174431E-018   7.5737426836579758E-015  -6.5756286462714406E-017  -2.7015803467183972E-018   2.2608578116547917E-018  -4.5245702187569744E-018  -1.2138850053849005E-018  -1.3001774777596654E-017   2.6161605528110691E-018   4.5061974469880582E-019  -7.1603960448516997E-019  -4.6664149544523073E-018  -3.1717960034909625E-003   1.1755470301144581E-015   5.5071085851431782E-016  -1.4537300212784721E-016  -9.3542289964220168E-016  -2.8256631357201158E-016  -2.0388766395991224E-016  -1.1980886534851224E-016   3.5282991594254779E-016  -6.8679076105295328E-015   1.8439712783229504E-015
   4.2370254664293807E-018  -2.8671379356895197E-006  -5.1400010346171778E-018   3.9380582845733220E-016  -1.1721037162139997E-017   2.4101061649361040E-005   1.1743067626697765E-018   4.4175727783914146E-016  -1.7406783586823725E-016   2.9058226910529577E-017   2.9340262007448250E-017  -3.4713882176147316E-017  -9.3419649175189605E-017   1.4571198826838010E-016  -7.0126607573338537E-017   8.5583385777009108E-018   1.8131015380588385E-017   4.4334612158545967E-019  -9.2979984676722298E-019   2.0148394538395922E-019   6.5882271143924537E-019   3.8170878114053195E-017   2.2078957045905457E-018   2.2824543298355298E-017  -1.3947808575006787E-018  -4.4852714461273619E-016   8.1104756560708665E-017   8.3961570798414628E-017   4.4190862360474457E-018  -2.6082697920255352E-016   4.7646194970029123E-016  -1.1108956586774118E-016   8.2153096249233323E-004  -7.8017687293061058E-017  -1.1902971044412502E-018   2.0360975702530331E-017  -5.8685690750345253E-019   3.4954061659635502E-018   4.6823093951073688E-019   2.4907763076703759E-018   7.3843515675883828E-019  -6.2761786157463113E-019   1.6020128668599543E-017  -4.1540031986041079E-019  -3.2807307849181626E-015  -5.8570828424531227E-016   1.0611728518350839E-016   1.1201568398512160E-016  -2.7296429577505583E-017  -3.3951924201606113E-016   6.0702849764763956E-016  -3.7801485173591674E-016   3.3581065324924356E-003  -3.3338712649340742E-016   6.5668523870767360E-019  -2.7527767392173114E-019   4.1314702048154463E-019   1.5446339879034155E-018   5.4186408484844418E-019   9.5849756974532426E-019   5.9081335253779594E-019  -3.5757240530254239E-019   1.8972471623346696E-019  -5.1203905147749805E-019   1.5771111607710043E-018   6.0458104513014833E-019   2.1327910734562166E-018  -2.8024498272512858E-020   7.1195939995435782E-019  -5.9834530996950619E-015   1.0715252090531020E-018  -1.1467009754740587E-017   2.7674139006298594E-019  -8.8874773406393305E-019   4.2930829941384590E-019  -7.3606619271857837E-019  -8.3705125247364949E-017  -2.2299281897132860E-018  -2.9236123221250210E-017  -1.0850000867543489E-018   3.6281417747645231E-016  -3.1717960034956453E-003   3.1435430987272058E-016  -3.7765639813802593E-016   6.7731488340366136E-017   6.8827689385036108E-017  -1.0289616443863589E-017  -2.1621907078421968E-016   3.8575348782297146E-016   5.5065239058120466E-015  -1.4781560646345407E-015
   5.2459101684539176E-019   5.5270362034763307E-018  -2.8671379356844129E-006  -1.6489470180222970E-016  -7.8604607874388372E-018   1.1743067626697765E-018   2.4101061649345119E-005   6.1633904024933669E-018   2.4268808122869317E-016   3.3695385657204935E-017  -6.0106068315847230E-017  -1.2399688494597892E-016   6.7796967066990173E-017  -1.9716498131756174E-016  -1.7609514161596481E-016   4.3329467543286785E-019   3.8134176216019625E-018   2.6060432305460353E-017   4.0697992594211968E-018  -1.5616288674874281E-019  -3.0204757116367329E-018  -3.8809143183235922E-018   1.9884729609309042E-017   5.7794660529755119E-019   4.2674146332727249E-017   7.4781696861442720E-016   1.1405363219649579E-016  -1.6280978774452454E-016  -2.8737636271125785E-016   2.1215349227011313E-016  -4.8940393640967936E-016  -1.3352087397012028E-016   1.1309655061456212E-016   8.2153096249206750E-004   3.4450710854902212E-018  -3.9759344912064811E-018   2.4231026766245169E-017  -1.0979856363306135E-018  -1.4082042752574320E-018   8.6970939889025686E-019  -1.4663420999053540E-018   2.4549290228975729E-017  -9.4035364777703026E-019   1.4091173575561964E-017  -2.5685342834302981E-016   1.0234554412283583E-015   1.3067951867175971E-016  -2.2582253098690022E-016  -3.5944977763144232E-016   2.5999597620867707E-016  -6.3386250875413891E-016  -5.2282536922028801E-016   5.0432813416836853E-016   3.3581065324912954E-003  -2.1379908340354830E-017  -1.0111776878362593E-018   1.2911078764034161E-018  -8.6160112997799124E-018   3.1263037283626762E-019  -8.9558762112759998E-018  -8.6433001936157389E-020   6.4048717130638754E-019   2.3136023881675293E-019   1.2458943058219666E-018  -9.3411278619687955E-018   1.9420963891566407E-019  -4.5870661189926253E-018   3.6722827188075943E-019  -8.9946596177992933E-018  -6.4587708667743490E-016  -1.2503009765769326E-018   1.3625137341343666E-018  -7.4460753131880290E-018  -7.8641906631662167E-019   5.2868608856201707E-020   2.1058091908343167E-018  -8.0480292928820426E-019  -1.6754771548443702E-017  -1.7353292790580892E-018  -7.6012863013102993E-017   4.8962834807237976E-016  -4.6885948149183861E-016  -3.1717960034946015E-003   6.2074251101946038E-016   9.0499611673236867E-017  -1.3682938173523913E-016  -2.3540739088611142E-016   1.7430704009500346E-016  -4.0150361852590252E-016   5.9602977137620353E-016  -1.6052388742810998E-016
   4.9005484192586453E-016  -2.5848917783967827E-016  -2.0710349626252007E-018  0.21100668648490278       -7.2141893469516037E-016   4.4175727783914146E-016   6.1633904024933669E-018  0.15690202014019913        1.0887047206960725E-014  -5.8430103799122345E-016  -4.8556179278555238E-016   6.6991714599666963E-014   1.4711438482706133E-015   1.2596728841668673E-013  0.10237132168851973        1.6542649484375190E-016   8.1781738394191850E-018  -5.5386448482477703E-017   8.1037600340964475E-017   4.3119243888431893E-017   6.7701732226169547E-017  -4.6471346955755547E-017  -3.6007953643102695E-017   4.3428691068084077E-017  -1.2807765311076452E-017  -6.2286279499817940E-014  -1.7006246615453146E-015  -1.1487548754468480E-015   5.2688585465375184E-014   4.8720595409227170E-015   1.3707340991947598E-013  -1.1365099373872970E-014   2.6806407615609751E-015   4.1835817399175780E-015   2.2306211524935882E-016  -2.1710499106323438E-017   5.6206258422216030E-017   9.3117951426506589E-017  -2.2793330210664502E-017   1.0230116216688754E-016   1.5458332891574299E-017   3.9417894843166857E-017  -3.5907518458955128E-017   7.5852113937650711E-017 -0.11114989062698287       -1.4438081172671217E-013  -2.0734659126882097E-015  -1.7427309826655435E-015  -6.0708823784901850E-015   6.4607454718384340E-015   9.7061999916834445E-014  -4.3756137296400156E-014   1.3891414104980881E-014   1.7515112379372017E-014   1.8510105901341791E-014   2.2364551771803256E-018  -1.4825036603984829E-017   1.1454053855003595E-014  -6.1105693925468432E-018   5.3479465120386796E-015   9.6886104069918460E-018  -2.2410610069164510E-018   1.2606379732591071E-018  -1.6568968233573082E-017   1.2990867751920045E-014  -2.6117263549141863E-017   1.1091196978976750E-014  -2.4915390969324200E-017   1.5081388920194422E-014 -0.16501301418335584       -4.2162338713518439E-016  -1.7519354433707585E-017   1.8756306373231676E-018  -2.1211455958800137E-016   7.8946478214329348E-018  -2.0599324503460250E-016  -4.7076637950259933E-017  -1.7599446608016843E-018   1.2995459201199846E-018   1.0795428041542394E-017   4.1468453210983455E-014  -1.2660187354097204E-014  -1.6507156804942142E-014  -7.5641926966356906E-014  -1.3922230265440333E-015  -1.1250716663060877E-015   1.0194627637720481E-014   4.1478255385807053E-015   9.0371986117046202E-014  0.11666117612806778       -2.9463523270018083E-002
   1.3664042683987087E-016   8.6791442713551217E-017  -1.7049494177300929E-016   8.7207605591521352E-014  -3.0659995732705647E-017  -1.7406783586823725E-016   2.4268808122869317E-016   1.0887047206960725E-014   2.9853800375134059E-002   3.3471692756879366E-016   4.2530350138761594E-016  -1.4926900187580089E-002  -6.8609753430905172E-016  -1.4926900187575596E-002   9.8292598167112486E-014  -1.2564780045460903E-016   6.2995216070737830E-017  -3.0881371866782727E-017   3.8946746728909040E-017   4.9379147559975013E-018  -3.7124025127619343E-017   1.0062116418532280E-016  -3.0831985639564905E-017  -1.8038966876163996E-017  -1.0513694355788262E-016   8.3556370700632779E-002   4.9478751987498571E-016   4.8038372460700217E-016  -4.1778185350322891E-002  -1.2379615223018595E-015  -4.1778185350311040E-002   1.4637384232953894E-015  -6.2896519580833435E-016  -8.9490401406941400E-016   1.4330282050969620E-017   1.0235709719874506E-017  -2.5339104439084524E-017  -4.0429762886104856E-017   3.4195365801386819E-018   1.0765800546366595E-017   9.8849826855177294E-017   3.1282454472899594E-017   8.2583151165623674E-017  -9.8295667072687432E-020   1.4373572444683158E-014  0.11007057507579546        1.0365209938186622E-015   1.0898264712552629E-015  -5.5035287537906062E-002  -1.9902191060549539E-015  -5.5035287537900261E-002   3.8121595445212033E-015  -1.8384959364936333E-015  -3.8851022154793533E-015   2.9072711072259393E-015  -8.5738281355702101E-017  -2.7809268526394281E-017   1.1075786041754414E-015  -5.7174916843712559E-017  -1.1580807736727580E-015  -9.5003366174855059E-017  -3.2616745656294846E-017  -2.3928563296396380E-017  -6.8885943464637455E-017   2.1402700735665076E-015   9.9339040314392752E-018   8.3493442715183245E-017  -1.6537813713099595E-018   4.1888478363377060E-015   6.8742759010968519E-014  -5.5757020096368431E-017   1.9945966700654691E-017  -2.8364070814189905E-017  -1.2308138072633722E-017   2.8610046883025516E-019  -2.9590176843780629E-017  -4.6586444394211692E-017  -3.0976978205267018E-017  -1.9261673486508768E-017  -7.0730647564569928E-017  -3.8611884704008362E-015   1.7660884137945665E-015   3.6051596334425650E-015   6.9670941366414121E-002   3.8527124199270186E-016   4.5916131411349469E-016  -3.4835470683210717E-002  -1.1335045722134661E-015  -3.4835470683201600E-002  -7.8894855569188319E-014   2.2776228134584021E-014
   1.4431595554000303E-016  -1.1893543275628649E-016   2.3244806381265869E-017   7.7034514035473236E-017  -3.9561827179915445E-016   2.9058226910529577E-017   3.3695385657204935E-017  -5.8430103799122345E-016   3.3471692756879366E-016   2.9853800375136658E-002   2.5850175000780365E-016  -6.3661302249745533E-017   2.8490376697372062E-017   1.9327513087152882E-016   3.5037101649313376E-016  -1.1465541925272497E-016   7.3503354557104619E-017   2.0426739761414275E-017   1.6779511889174756E-016   3.3780109445689286E-017   1.4325859020722431E-016   3.4045047078463070E-017  -6.9067453301478738E-018   4.0284334438582233E-017   5.2778723304592955E-017   4.1098038600778337E-016   8.3556370700635055E-002   6.1079503474860235E-016  -2.0515476795678527E-016  -2.5582089072974374E-016  -5.3616762044729211E-017  -2.1985802899492029E-017  -3.2510641150318629E-017  -5.4157990219839534E-016   3.4010069995476698E-016  -5.3082399730603271E-017   5.9827863083034861E-017  -6.6358451842826089E-017  -6.8716954794487206E-018  -3.8410367356644640E-017  -3.3348455964018963E-018   7.3031205753259100E-017  -3.0185689952205293E-017   1.1617313957205726E-016   4.2201602059113103E-016   3.6253687768842119E-016  0.11007057507582159        7.0229026316159099E-016  -5.7974661855052057E-016  -2.2162024141845685E-016  -5.1899910963933715E-016   7.1830574354627441E-016   8.9755440609751329E-017  -3.7780461986150265E-016   9.8394956297521932E-017  -5.4216657934873059E-015   7.8405729080920093E-017   6.4794015808842967E-017   3.6885212417828599E-017   6.0954729677114075E-017  -6.2081795634626709E-015  -3.8221394978906605E-018  -3.0583321176988266E-015   7.1811496851140561E-017   1.0802277411241523E-016   1.9171799400187936E-017   6.3678582383338519E-017  -1.3956914199441873E-021   1.6813723343062425E-016   7.8365969388638069E-016  -1.7596389693790236E-016   1.8124898416533345E-018  -1.1976638581784042E-017  -9.4955904319677787E-018  -4.9765930983701819E-018  -3.2619279098168699E-018  -3.1425370056388291E-017  -1.3068688313433073E-017  -5.8305257077694062E-018  -6.3013443168583366E-017  -6.8988059499264039E-016  -4.6744706658244442E-017   5.0288124902757242E-016   4.0100233788913077E-016   6.9670941366413497E-002   5.3643782395740996E-016  -1.6479873021779709E-016  -1.4985706902823079E-016   1.0865738647375994E-017  -6.9008056117426567E-016   1.7133786330900176E-016
   2.2360542686577314E-018  -2.3372923596551222E-017  -1.6827000176775436E-016  -9.0521582806022873E-017  -1.2027842495528859E-016   2.9340262007448250E-017  -6.0106068315847230E-017  -4.8556179278555238E-016   4.2530350138761594E-016   2.5850175000780365E-016   2.9853800375136991E-002   1.1894862502467877E-016  -1.8846536015967349E-017  -2.1099802474350134E-017   2.0833186663001812E-016   2.7903374176866297E-017  -2.9658058551118061E-017   1.0523321919888325E-016  -5.2911798551140161E-017  -3.9762181811180918E-017   1.3852372062473009E-017  -5.6013145103298622E-017   6.3388912523224513E-017   5.4521144326062317E-017   1.5507949134458574E-016   7.2655182786979325E-016  -6.7466174248803895E-019   8.3556370700636137E-002  -2.6513147688596710E-016  -8.5027856574994200E-016  -3.3454137999048467E-016   1.5596212328844398E-016  -1.9950679713662719E-016  -6.5906238862303793E-016  -7.9547711290746698E-017   7.4100100039003865E-017   1.1072057641604682E-016   3.1195959518913627E-017   3.8633140602855571E-018  -2.8762721333348111E-017   1.6961801475368126E-016   1.4830617668605735E-016   3.0667796781729897E-017   3.2213484919859777E-016  -2.6386336220107940E-016  -3.2019539472104837E-017   2.1850781885377098E-016  0.11007057507581965       -3.1308709422771100E-016  -1.0491000683601022E-015  -7.5891399216906625E-016   1.4841234583759678E-016  -2.1970083891432389E-016   5.6292785767385217E-017   4.5380946065044399E-016   7.4056462424894314E-017  -4.5284533571459989E-015   1.6610769264640440E-016   6.5216373810804230E-017   2.2789267671436366E-016   3.0553649350161242E-017  -2.6332787473981323E-015  -2.5939802014129661E-017  -5.6059252666965685E-015   5.8631664993866187E-017   1.0787751698544273E-016   9.2947386091700849E-017   1.1681612037391526E-016   2.2001493353413028E-016   1.4114940747181878E-015  -6.6905550614061518E-017   3.8636767755350713E-017  -3.4121528786973340E-017  -3.8388542810073264E-017  -2.4443064342708426E-018  -4.6376145121382076E-017   1.0326944371736125E-016  -2.1818602465101892E-017   4.5389129701398613E-017  -4.1662424292119219E-017  -1.5902506096988668E-016   1.7871190790921472E-016   7.3917470534884179E-017   7.6555854212380360E-016   1.0434133009104737E-016   6.9670941366413844E-002  -7.4513911886434785E-017  -4.4859182523942966E-016  -5.0536526732035176E-017  -7.9147540964055901E-016   1.8083529370092627E-016
  -6.2469587154854404E-017   7.4899875497767895E-017  -2.9459300185360413E-018   8.5060854844729956E-014  -7.9203547670890876E-017  -3.4713882176147316E-017  -1.2399688494597892E-016   6.6991714599666963E-014  -1.4926900187580089E-002  -6.3661302249745533E-017   1.1894862502467877E-016   2.9853800375153384E-002  -7.1474545913626210E-017  -1.4926900187564793E-002   3.8433040231682770E-014   1.6315871449084061E-016  -4.7935937717059799E-017   6.2119026439461699E-017   7.9476544273460504E-017   2.2189944741414206E-017   6.8324324268643829E-017  -4.0686595753553252E-017   4.6226259719782256E-017  -2.4287904595879510E-017   3.8878771773826631E-017  -4.1778185350350570E-002   1.1710399902374924E-016   7.5770400560397305E-016   8.3556370700663518E-002  -1.5920661870020448E-016  -4.1778185350313517E-002  -2.2981082782445305E-016  -9.2625314370619775E-016  -1.0879906798142193E-015   9.1738368715922674E-017  -4.3657357902031779E-017  -2.2612770722235290E-017   3.9024659658122151E-017   6.0454699882094352E-018   2.6442068271796403E-017  -6.1678697128188407E-017   2.1231085917235433E-017   2.9135717593537317E-018   1.1611752573504090E-016   3.9289455879392046E-014  -5.5035287537937960E-002  -1.0505580238206089E-016   8.2868706064970466E-016  0.11007057507583677       -4.7573690185854217E-016  -5.5035287537895911E-002   1.4504159849636942E-015  -4.1168810182719297E-015  -3.3966691523257254E-015  -1.4679464840985546E-015   5.6474323901245547E-017   3.2088677431511286E-017  -3.4105895427627594E-016   3.2920458044881719E-017   6.8415457590650802E-016   5.1631045877204769E-017   4.3940247895130835E-017   2.0092468835075810E-017   3.9350185410799426E-017  -2.6496996848843393E-015  -1.1968382628192608E-017  -1.7486271039462609E-016   6.8961299391661867E-017   8.3286210342819919E-016   5.4454627732720468E-014   3.8843411685043005E-017   2.0098297483510127E-017  -8.5440533314071382E-018   1.1808860336249144E-017  -1.4407048899684931E-017   4.0005253764444462E-017   2.6297793019525581E-017  -3.4147127791057283E-018  -1.2728831450180046E-017  -3.6865326937267144E-017  -1.1709033354057736E-015   3.9006636711957884E-015   3.2873779720749240E-015  -3.4835470683235017E-002   8.4276390119981486E-017   6.0904040599834909E-016   6.9670941366432732E-002  -1.4340606610205596E-016  -3.4835470683198519E-002  -7.3738456021061801E-014   2.1174087244135732E-014
  -3.5217683682128824E-017   1.9426617566268987E-016   1.0748317593894877E-016  -9.3740711830066612E-016  -4.6808300796002260E-017  -9.3419649175189605E-017   6.7796967066990173E-017   1.4711438482706133E-015  -6.8609753430905172E-016   2.8490376697372062E-017  -1.8846536015967349E-017  -7.1474545913626210E-017   2.9853800375138573E-002   2.0590290980717865E-016  -2.3879012467284832E-015  -1.2719035799726327E-017   1.2045055386720180E-017  -1.1013995303833271E-016  -4.9254730561824134E-017  -5.8685214116883501E-017   5.3234318876935772E-017   5.1278343117465757E-017  -3.8504377996849796E-017  -2.0001464795377043E-017  -1.4066235508209372E-016   2.6183736575400934E-016   4.9170897862822605E-016   4.5345760600493160E-016   4.8645949193749495E-016   8.3556370700638316E-002   7.2900060012016225E-016   1.4847803588670114E-016  -1.5908660844367819E-016   2.5092291004495177E-016  -1.9576278710827288E-017  -5.8832817482864687E-018  -7.7567623772229329E-017   3.8709333498246044E-017   1.9786829963945454E-018  -2.0620019096635071E-017   1.5581559401220955E-017  -9.0552625994807227E-017  -3.6458678567838153E-017  -1.9251679042816065E-016   1.0639655152936454E-015  -2.7155368069197757E-016   2.2914019992418063E-016   1.3066211659732221E-015   5.3261601129944481E-016  0.11007057507582282        1.4918266139563027E-015   5.7550825497075020E-016   7.0201878604307689E-017  -8.2592791392821982E-016  -2.9247932296179207E-016   6.4095064415586608E-017  -1.8096043724852779E-016  -1.5141264827284123E-016  -2.1642859086015759E-015  -1.5782533101652875E-016   5.8669604892117808E-017  -7.2330716812981731E-017   3.4721236218070158E-017  -1.9222720278372280E-016  -2.1229263308013118E-016  -5.2451848921782387E-015  -2.1331997256649778E-016  -5.3186866110166282E-015  -2.4698868149542857E-016  -3.9625605766347059E-016   5.2535843462243703E-018  -6.0327034070464490E-017   1.2989696501039661E-017  -3.7277809937890912E-018   1.6987636370664195E-017  -1.2669555354076738E-017  -1.3518823919351185E-016   2.9453135931736748E-017  -3.5977476072861844E-017   5.9881376944411585E-017  -5.2784865862190549E-016   5.8492332963242125E-017   6.3387646812110421E-016  -5.6740450147608279E-016   3.7855765885278661E-016   3.7760517030359905E-016  -1.7240423905120371E-016   6.9670941366415717E-002   9.2863821897458460E-017   5.3362515653742871E-017   1.8020665900647036E-017
  -7.8805616742005502E-017  -1.5418834521092126E-016   1.8277635955173354E-016   1.0719147903513265E-013   1.4882331795196522E-016   1.4571198826838010E-016  -1.9716498131756174E-016   1.2596728841668673E-013  -1.4926900187575596E-002   1.9327513087152882E-016  -2.1099802474350134E-017  -1.4926900187564793E-002   2.0590290980717865E-016   2.9853800375153512E-002   1.0382178685161973E-014  -3.7510914035922019E-017  -1.5059278353725926E-017  -3.1237654572377116E-017  -1.1842329100210560E-016  -2.7127859497521401E-017  -3.1200299140622524E-017  -5.9934568432249907E-017  -1.5394274080153120E-017   4.2326871472276953E-017   6.6258171783919451E-017  -4.1778185350342729E-002   6.8769842657916306E-016   2.2613640933506724E-016  -4.1778185350316834E-002  -1.4687085437295555E-016   8.3556370700661284E-002   9.4091126180212408E-017  -5.9463449933844294E-016  -6.9203494563228249E-016  -1.0606865076602640E-016   3.3421648181911176E-017   4.7951875161150536E-017   1.4051032278726716E-018  -9.4650065682206610E-018  -3.7207868818347094E-017  -3.7171129727030999E-017  -5.2513540390249890E-017  -8.5496722925183216E-017  -1.1601923006732972E-016   2.1154959062665331E-014  -5.5035287537937225E-002   7.8051290880757167E-016   1.0340789978295241E-017  -5.5035287537899380E-002   4.3195990980329368E-016  0.11007057507584456        1.6586058318340600E-016  -2.8324048716863317E-015  -3.6523249797763982E-015  -1.4393246230966437E-015   2.9263957454508224E-017  -4.2794089051444989E-018  -7.6651964988097562E-016   2.4254458798914847E-017   4.7392619779132149E-016   4.3372320297559693E-017  -1.1323502238888756E-017   3.8360944612561408E-018   2.9535758053765300E-017   5.0942961134795655E-016   2.0344785968228330E-018   9.1369267695847578E-017  -6.7307518020305789E-017  -5.0217099397428693E-015   6.4969279221042382E-014   1.6913608410629901E-017  -4.0044264184085580E-017   3.6908124145680277E-017   4.9927773659184385E-019   1.4120948430831725E-017  -1.0415076920456611E-017   2.0288651374778155E-017   3.4391690984593807E-017   3.1990504936584666E-017   1.0759597450199155E-016  -9.5170179713436150E-017   2.6334763345158688E-015   3.4349260295791134E-015  -3.4835470683229564E-002   6.1407432280384905E-016   1.5269632346740344E-016  -3.4835470683202183E-002  -1.0541113270512984E-017   6.9670941366430747E-002  -7.2017409101594681E-014   1.9040264667453483E-014
   1.2642904930354657E-016  -7.0147926636995063E-017   3.0990345886445217E-017  0.13839375175065124        2.4342707612327544E-016  -7.0126607573338537E-017  -1.7609514161596481E-016  0.10237132168851973        9.8292598167112486E-014   3.5037101649313376E-016   2.0833186663001812E-016   3.8433040231682770E-014  -2.3879012467284832E-015   1.0382178685161973E-014   6.8705674558446561E-002   1.0510648807428481E-016   1.2273989100886905E-017   2.2073661445524470E-017   7.4204607613738125E-017   6.7627030211322420E-018   7.8706569382447071E-017  -6.5657939377249824E-017  -1.9634806313249581E-018   5.7764629041375247E-017  -1.6768044601445044E-017   2.0597522632403845E-013   8.7690946030958421E-016   5.9377857378077269E-016   8.3571105369657046E-015  -6.1778209524947494E-015  -1.2519848953894200E-013   8.0770994155182086E-015  -3.4068800686665670E-015  -2.6220663785820039E-015   2.2356306470542678E-016  -3.8507780311118176E-017   1.1662738390794724E-017   2.5574302869644515E-017   6.2555695116867612E-018   2.3365969614757037E-017   1.0911271113987458E-017   1.7349590221089141E-017  -3.1170562575000519E-017   1.2811464679908311E-016  -4.2791748162499907E-002   2.2124287840962581E-013   1.2146199715097214E-015   6.6809598793566656E-016  -4.1860627471433941E-014  -8.0786467226124575E-015  -2.1775669042968888E-013   3.7417902719771280E-014  -1.3770750531111648E-014  -1.0025203006055743E-014   1.3258059108204075E-014   1.0629662714951402E-017  -2.3589076802697622E-018   8.0292968398506263E-015  -2.4615509287573994E-018   5.8298211335905362E-015  -3.5576135010535705E-018  -4.8097712701881579E-018  -3.5528138431915059E-018  -1.1390999130809100E-017   1.0455532886029474E-014  -1.5333711923949877E-017   7.5107158487266726E-015  -1.8140834134731083E-017   1.0753435873740049E-014  -5.3074297514625848E-002  -2.8566257463023858E-016   1.6591020915294259E-018   5.5294886206962901E-018  -7.3615893615282502E-017   9.7728014666413042E-019  -6.8957277071905303E-017  -4.5624218380134997E-017   1.7697583734517120E-017  -2.6879574905120699E-017  -1.4408939233403051E-017  -3.4573348526290025E-014   1.2887289217460505E-014   9.4856820822118638E-015   1.5475264709025319E-013   7.5320433199811052E-016   4.3411827842151655E-016  -1.4531841476809088E-014  -5.0823751401598923E-015  -1.2061853469891508E-013   2.5098102528103156E-002  -5.4906460901572654E-003
  -4.3937726237039325E-018  -1.0181268177923418E-018  -5.1546094497020331E-020   2.2140443712319474E-016   3.6933899677438341E-017   8.5583385777009108E-018   4.3329467543286785E-019   1.6542649484375190E-016  -1.2564780045460903E-016  -1.1465541925272497E-016   2.7903374176866297E-017   1.6315871449084061E-016  -1.2719035799726327E-017  -3.7510914035922019E-017   1.0510648807428481E-016   6.1275448483237299E-029  -1.0170591707598921E-031   9.2369739810086720E-030   4.4921827316735629E-029  -2.6534997542882911E-030   2.6543485349833052E-029   1.5873865923879617E-029   3.2495210907277155E-030   1.0945350918035269E-029  -5.2952989885621110E-030  -3.5166960522906936E-016  -3.2090355644961617E-016   7.8097416316294538E-017   4.5665710427884105E-016  -3.5598699558613614E-017  -1.0498749904960268E-016   1.2589628868674348E-015   2.9172740318943902E-016   1.4769680976457538E-017   2.2625573130051448E-029   1.1799632195434441E-029  -6.2834096099638856E-030   9.3310856658199647E-030   1.3361684872007920E-030   2.4094882895238977E-029  -3.3046096093868493E-030  -4.5499690798142306E-030   6.0629101797670713E-030   6.0812618037131744E-030  -1.6111289729553752E-016  -4.6326181187217650E-016  -4.2273304484268991E-016   1.0287937896045978E-016   6.0156406577899631E-016  -4.6894920154023198E-017  -1.3830225390685038E-016   5.1461620895320631E-015   1.1924708173937551E-015   6.0372845862778356E-017   1.0324545537043995E-029   2.1771233512901001E-029  -4.4507756618117712E-030   9.4906184237052724E-030   1.7236068870486460E-030   9.1686991345342713E-030   2.4161617830290079E-029  -2.2004133849678164E-030   1.1556720435811821E-029  -5.3264660989491343E-030  -1.7565673679476330E-030   2.7746620552178429E-030   1.4539658099995566E-029   1.7274127473369436E-030   1.3298008944982345E-029  -2.5463442875161218E-016  -9.9944896711251939E-029  -8.1196779897328144E-030   3.4508019336193421E-030  -7.5034876437597972E-030  -1.7478732317184603E-030  -2.0250003421131108E-029  -2.5272438792244877E-029  -3.6930141765578426E-031  -1.1406956927447293E-029  -8.7083104885492827E-030  -4.8606487587527328E-015  -1.1263115497671378E-015  -5.7023310420383886E-017  -2.9322901701951701E-016  -2.6757568188040467E-016   6.5119158089521402E-017   3.8076965370779484E-016  -2.9682894181153560E-017  -8.7540636688259303E-017   1.9837921065670072E-016  -5.1354926227611215E-017
