  0.11486280328034147       -2.2402842350858776E-008  -2.2160658901953018E-008   6.6915802244124846E-008   1.7868891273141481E-009  -2.7937303957559470E-009  -1.6391735955960552E-009  -5.9949367239166492E-010  -1.1899373588227759E-009  -1.1874149735488043E-009  0.14962366273455552       -8.1657278810157081E-009  -2.3367208056716586E-009  -3.5337289178382403E-008  -1.2518161622201236E-009  -1.3689789919348476E-009  -5.2321690470246318E-010  -3.9743308159007139E-011   1.0024073956853218E-009   1.7191982333433224E-009   1.3126518807888901E-009  -2.4507742107008384E-009  -3.9213076665889946E-010   2.2166829941002285E-009   4.4946651218309824E-010   1.9162422158985614E-009  -3.6428073806037178E-009  -2.5232559410081659E-010   3.8475257032549098E-010  -1.9706464711287512E-010  0.12836904817443459       -1.2378444470806061E-008  -7.4374669102922591E-009   2.5907001718294870E-008  -1.4115110412946373E-010   3.9513393810671634E-011   4.5440488511068137E-011   1.0182369091770532E-010   5.2867926736665901E-011   1.4626062634169663E-010  -5.1154962415831824E-012  -9.3956410829904764E-011  -4.6149583199477489E-011   2.4590519528574339E-011  -5.2271391584775042E-011   2.2588728447638067E-011  -9.8672367226929941E-012  -6.1994158611832948E-011  -7.7568906181795582E-011   1.3836053186988971E-010  -1.8289066595512531E-010  -1.3489123710280790E-011  -1.2888960276740115E-010   7.5689529732762604E-011  -5.6813869434730987E-011   1.2483393117340107E-010  -1.8491525413954346E-010   1.5404127759696737E-011   1.4788546702031793E-010  -8.8202067009532461E-010  -2.1107485832261489E-010   1.1733700542627746E-009   5.0134728347466399E-010  -2.0301867391416356E-010   3.8101187064134008E-010  -1.1676532567727442E-008  -5.5188801214564793E-004   9.4067012663339660E-010   7.7254283505644269E-010   1.6095939978965654E-009   4.4279606532953615E-010   5.8236565367871226E-010  -8.1456139575151575E-010   1.1408256764801426E-010  -7.9504513285651540E-010  -2.7326074467617580E-010  -1.4270061964532835E-010  -2.9465955266722896E-011   3.9667537906052300E-011   1.8642580916465601E-010   3.2692960744620822E-010   1.5499111600110679E-010  -3.9340611402475452E-010  -6.5243382381794155E-011   3.1519159742419226E-010  -6.8499028188262533E-009  -9.5570338439421754E-002   8.4527341098395939E-009   5.2305417874581322E-009  -2.3275001596947446E-002   1.9003691349938380E-009   1.1143487025720060E-009  -3.9028741715101865E-009  -2.5361232213275244E-009   3.1405722499021264E-012  -1.9384964699152720E-011  -9.0636158250944001E-012  -1.1540573270350701E-011   2.6266130338948774E-011   7.3338609351283085E-012   1.7755408545960605E-011  -4.4759721300517459E-011  -4.4360520389141806E-012   4.0117134991828102E-011
  -2.2402842350858776E-008  0.11486272860384669        2.0768732892174439E-008   9.9636635792951661E-008  -3.5536785422050453E-009  -1.3239236437569096E-009  -1.4390834067109002E-009   3.9263747293839669E-009  -1.2499899519487156E-009  -3.7269131775731816E-010  -4.2007022364130589E-009  0.14962364109634588        4.1251460755731315E-009  -8.1134194386380252E-008   1.2277165072026432E-009   1.3526291943863066E-009   2.5000777821087927E-011   6.2777382786910116E-011  -2.8859654112672852E-010  -1.7099319492675110E-009  -6.4190013319684812E-010   1.2452220949773209E-009  -4.9133841140801115E-010  -9.4677046064572367E-010  -5.6762290132351053E-010   5.1497138903362270E-010   5.0292990998734874E-010   1.3968293144153187E-009  -3.6099908452888422E-009  -8.2927656419903797E-010  -1.0043702718532958E-008  0.12836901222607003        8.2726195360205477E-009   4.3391514760425568E-008  -5.1237633470784905E-012  -9.5320199592899212E-012   1.4338232247365641E-011   8.0116557831237339E-011   4.2808949883814547E-011  -7.1192575786108609E-011  -1.3100055189200118E-011   4.4935316965863426E-011   3.0365186007519538E-011  -4.7831148240181521E-011  -6.1338426107328275E-011  -3.4294296754927579E-011   2.7554664905054603E-011   2.3863474021033223E-012   2.4798064322720995E-011   2.4122835978914777E-010   1.4862574839992674E-010  -4.8388061013371044E-011  -1.7593434779262149E-010   6.1673177417425565E-011  -1.4770875892297515E-010  -5.7369168184679881E-011   8.4270604847883803E-011  -7.1597810832553234E-011  -2.6751013495206849E-011  -1.6151765952127118E-010  -8.9104025710602630E-010  -1.9683684884554589E-010   5.3429522773136236E-011   8.9512744818868477E-010   1.0787642585276853E-010  -2.2296920503967744E-008   9.8458495243537343E-010  -5.5188505831392271E-004  -6.1462085889864282E-010   1.0704041809074129E-009   2.4247158343387246E-009   1.9770545060562329E-010  -1.6835231440717034E-009  -8.2826146776529126E-010   6.1312520678472497E-010   1.9233047185415101E-010   6.4507127388512188E-011  -2.8718842591627694E-011   4.3331769922794944E-011   2.8252834593064615E-011  -3.0137092625040959E-010  -3.1373480490594110E-011   2.2363177721771215E-010  -2.2402201018436394E-011  -1.4528199340422982E-010   1.0850900780129471E-009   6.5756438429858296E-009  -9.5570313519732178E-002  -5.9218362729297782E-009   1.4391472514707942E-009  -2.3274996068117240E-002  -1.3128485666971641E-009  -1.9895482035722240E-009  -1.6507297496137167E-009   3.4353812308463741E-011   1.9659597637205773E-011  -9.4350267399951537E-012  -7.1607902492434092E-012   6.4554058595250085E-012  -3.8930374982604694E-011  -3.1366740519087428E-012   3.0083116376706778E-011  -1.5455443568327397E-011  -1.5390068927641680E-011
  -2.2160658901953018E-008   2.0768732892174439E-008  0.11486271525481301       -2.6436897669703953E-007   3.5529492868095237E-010  -1.3552100366482946E-009  -2.2808325917414903E-009   9.9601644800737541E-010   1.2726771731596449E-009  -1.3513214692419555E-009  -1.1170032645009081E-008   8.3839026513345355E-009  0.14962363723655003        1.9839900852434106E-007  -4.6860505490759596E-010  -1.6205637082140962E-010   9.8347996855308210E-010   3.3970181330312965E-010   1.8544861809976598E-010   2.8900037999584241E-010   2.3400747236684896E-010   3.6114257337698303E-010  -1.5190015795457131E-010  -1.0021377470216048E-009   2.1527057373685566E-009   2.5813702432869814E-010   5.3696462367196494E-010   1.8151330123756303E-009   1.5651906976573088E-009  -3.9678715158015253E-009  -1.2916924326863567E-008   1.0912362183641071E-008  0.12836900574840110       -1.1183813193626026E-007  -6.2872713427753713E-011  -1.2759032138082351E-012  -2.1038354064198452E-011  -4.0430974322373596E-012   4.8837002553650438E-011   1.1448812704755589E-010   4.5873401907616671E-012   1.3837534866357507E-011  -4.4435008671952863E-012   1.0724205261390618E-011   4.6523770899349087E-012  -5.5164267708377567E-011  -4.1281552783787413E-012   1.8763454266714396E-011  -6.2824413249153667E-011  -6.8803328692398982E-011  -7.3866844165012360E-011  -1.7921941852470025E-011   1.1735751672939234E-010  -2.7414358809099085E-011  -2.5041871926252951E-011  -2.9617256348632837E-011  -2.3365838367387678E-011   1.1359778087084856E-010   3.0864739709803134E-011  -3.2354945988675417E-010  -1.3967964369841050E-010  -9.4394329201438324E-010  -4.8538076509697496E-010   2.4619733117141553E-011   8.0891155222667770E-010   5.6173159076040812E-008   6.7983856508378184E-010  -5.6736949149541400E-010  -5.5188444219667564E-004   1.4385030344756423E-009   1.8991909395167607E-010   2.6035417157558861E-009   1.5770392562546041E-010  -4.3060297431518581E-010  -1.5962098861695925E-009  -1.0708586708933058E-010  -6.1672345395283270E-011  -7.3360797943691917E-011   9.0815363203551359E-011   9.9292234126310787E-011   5.2857516819080278E-011  -1.2342972712506555E-011   5.6865430766921634E-011   7.8230442757662526E-011   1.2317795877779943E-011   3.6338923615065216E-009   9.5242999503597891E-009  -7.9916904694813238E-009  -9.5570309107455023E-002   2.1726223253219997E-009  -1.8235098890953041E-009  -2.3274995098093745E-002   7.4880157409482054E-009   5.6052757878276582E-009  -1.0356653655482672E-011  -1.4810495096462294E-011  -6.6806482842458485E-012   2.2955346652238798E-011   1.3257127874713091E-011  -9.0594522407521153E-012  -9.8545083982731733E-012   7.2889897916033089E-012   2.8031641593440099E-011  -4.6544468621622827E-013
   6.6915802244124846E-008   9.9636635792951661E-008  -2.6436897669703953E-007   2.6091057537709534E-002   1.7090077554987768E-009  -1.3449614183336870E-009  -7.0097795936872554E-010  -7.9006535876620258E-010   5.7794127771166603E-010  -9.1905353954119186E-010   7.8381722191506861E-008   1.2247142255326565E-007  -3.2161889486436706E-007  0.11605756730116419       -1.5767112228343318E-010  -7.2035771259006712E-010   3.5258879751628092E-010   5.4810061179942368E-011   2.0069450463957201E-010   1.5672680632311093E-010   3.8390505530530370E-010  -5.9653784146976986E-010   2.0529746943111295E-010   1.8182905044626654E-010  -1.2414781916951186E-009   2.6869078336362278E-010   1.2359710974797974E-009   6.7822874961554254E-010  -1.2565985074530755E-009   5.6260503824580522E-010   6.1212243517485846E-008   1.0070942556252215E-007  -2.6135685158255995E-007  0.14676138234266659       -3.7240638014425874E-011  -7.1248100037155691E-012  -3.2967621575464344E-011   4.5249964135368499E-011   1.5411933551374672E-011   1.9950612166256444E-011   3.5883527619922164E-011  -4.5145092210061629E-011  -3.8583905940498285E-011   6.6616846233679635E-011  -1.3349515630365328E-011   9.4897072779380300E-012  -2.2032590913413958E-011  -2.0977166403718317E-011   1.0528911711143266E-012  -1.1800418517809112E-010   1.3023624754771596E-010  -2.3217377646290381E-010  -2.6543285380562803E-011   5.4289844259336730E-011   1.8486430268513174E-010  -1.5645346633067073E-011   2.2474064258330865E-011  -1.0924686639781507E-010   1.5630161427496278E-010   1.4980531083423489E-009  -1.1560837636239697E-009  -4.3560450443912867E-010  -5.8190257048982803E-010   4.6762004676654664E-010  -9.1709563282186187E-010   7.4094597672207507E-003  -3.0317157824656754E-009  -8.6697706662973305E-010   4.5369830437269293E-009   4.4933244308605305E-009  -3.2733723380221474E-009  -1.6233484684293372E-009  -1.6715763545239709E-009   2.0138501942194622E-009  -2.8217705125470618E-009  -4.9579002446090534E-011  -1.0088681615227769E-010  -1.3205587519701424E-010  -6.1197248013074858E-012   2.9194304099367987E-011   7.2637425320736646E-011   9.8363116211199786E-011  -5.7289069424822239E-011  -3.1081906571157220E-011   1.4112963179028529E-010 -0.13039655118584231       -4.7131264670596684E-008  -7.7716208359444777E-008   2.0164226932028833E-007  -1.0868033694127525E-008  -1.8557172242003107E-008   4.7793089801324411E-008  -4.2259736309934709E-002  -2.3675603643148621E-002  -2.2952171348693197E-011   3.3418560568127938E-012  -3.6242290129392263E-011   5.3354100738960209E-013   1.3892991842832480E-011   3.0261273649674735E-011   7.4187055740064029E-012  -8.4207273335491482E-012  -1.3295547877923500E-011   3.3289764749313819E-011
   1.7868891273141481E-009  -3.5536785422050453E-009   3.5529492868095237E-010   1.7090077554987768E-009   5.4846538878426267E-005   7.5307838791211024E-014  -1.9491352298459895E-012  -2.7423269191024867E-005  -3.1452305299180381E-012  -2.7423269686296855E-005   2.3136458716381396E-009  -4.6347076899150695E-009   4.5111329470298555E-010   7.4463045980791886E-009  -2.2376361272134928E-013  -6.6191885456171348E-012   1.1181935427154938E-011   1.1684872827279878E-013   1.7967210569608773E-013   1.8334031654215583E-013   3.6842455710552440E-012  -2.5811614496901658E-012   1.6762658346773018E-012  -6.4106397829101558E-012   6.3162023028755460E-004  -6.6307362999062087E-012   2.6896371408909331E-011  -3.1581011141766581E-004  -9.8734221767338620E-012  -3.1581011885800430E-004   1.9667724205451168E-009  -3.9585292356366519E-009   3.3822609014976341E-010   9.4406325879360905E-009   1.0719434104118666E-011  -4.5688637066957719E-012  -6.4639829938763510E-012  -9.9984932019166473E-012   8.9852223285280417E-013  -8.8237379574296597E-012   3.2921794205757137E-012   9.4855670889004736E-013   1.7128579861016234E-012   5.7569695823918790E-012   4.5803400370104818E-012  -7.3221804842046850E-013   1.9602628893554736E-012   6.2486873370080420E-014   3.9113623616542363E-012   3.6216584124013145E-011   3.1500218962284731E-011  -8.9838485232565701E-011  -2.4290881981563998E-011   1.4877490247862425E-013  -2.4298821558067615E-011  -1.7098472189010357E-011   2.2860385358446813E-011  -8.5602072950006989E-012   4.9922534964789826E-011   2.2011664007148117E-003  -4.5130240607914393E-011   8.1639519187056002E-011  -1.1005831975247858E-003  -7.0000225514113441E-011  -1.1005832031644206E-003   5.3905935915540366E-010   1.0425618827103357E-010  -2.9625823846148896E-011   1.5132881068701370E-010   8.5338435307461460E-003  -2.0100756335701837E-010   3.2202961740456732E-010  -4.2669217580001756E-003  -2.6220229849428907E-010  -4.2669217727452644E-003   1.9208661254437231E-011   3.7657941962229741E-011  -8.9560578886223856E-011  -1.2855193624533664E-011   9.4958206844008809E-014  -1.2915950571733123E-011  -2.0569480342998574E-011   2.2599532281433201E-011  -1.0061075334796523E-011   4.9909810786586516E-011  -8.2638083496832507E-009  -1.0571813586473150E-009   2.8481560682108574E-009   1.7643979307689315E-010  -3.6757295253006980E-010   7.2622660069651889E-010  -8.3635244849329035E-011  -2.6250841464084309E-009  -1.5265583183140836E-009   4.5590654909392228E-012   8.4492649274504663E-012  -2.0453055411917935E-011  -3.0565273973882316E-012   3.6092767457490991E-014  -3.0600785988424088E-012  -4.5663227672735647E-012   5.3239524406512083E-012  -2.3229086097865360E-012   1.1276556176152441E-011
  -2.7937303957559470E-009  -1.3239236437569096E-009  -1.3552100366482946E-009  -1.3449614183336870E-009   7.5307838791211024E-014   5.4846533023573612E-005   1.9577977107322325E-012  -2.6121170734858248E-012   2.3449399985936630E-013   2.5367537731631524E-012  -3.6476479636766837E-009  -1.7438518724151790E-009  -1.7650868401355670E-009  -5.8979022333595608E-009   2.6881417074891314E-012   3.2133065740546790E-013  -3.2974885479001385E-014  -6.3972689283210482E-012   8.8896371767267986E-012   2.7907259683843923E-012   6.8775593670900076E-014   1.2003767468256654E-013  -4.1358049818370239E-013  -6.4902488717431229E-014   2.2323530941304737E-011   6.3162019589152810E-004  -1.0158961744312914E-011  -2.7179747892736973E-011   3.1651379796473661E-011   4.8566023374450655E-012  -3.1365298294420559E-009  -1.5057356560479208E-009  -1.5129905369750465E-009  -7.4032925557784463E-009   3.1727447819924404E-012   1.2633883532095715E-011  -1.4641362809382974E-012  -5.6143310983020452E-012  -3.5352682161458562E-012   4.1532912398097198E-014  -7.6130504474443819E-012   2.1411331456208679E-012  -6.7357378344892949E-012  -1.3178556831018314E-013   2.7704382104818682E-012  -3.3363980596079707E-014   7.4823549617955131E-013   2.6683912717185305E-012  -4.4929304617270749E-013  -1.7865165205519404E-011   3.8608370104955848E-011   1.1950022186943898E-012   3.4363836673803636E-011  -7.5123089105301954E-011  -1.0395245839935239E-011  -2.2044742376895821E-011   9.8533031802885904E-013  -9.0321751010366290E-012  -1.6251321008992222E-012   5.5440121808428599E-011   2.2011662657902193E-003  -2.7470457818185266E-012  -1.0787179496248702E-010   6.8210534645216130E-011   5.2433007649155115E-011  -3.6119720044989158E-010   1.1867054097637441E-010   1.1478980007408681E-010   5.9127753495262766E-012   1.9875875478470335E-010   8.5338430907409297E-003  -2.6679626306454323E-012  -3.9834935983053904E-010   2.4858496202619447E-010   1.9959059713124271E-010  -2.3061880434444178E-011   2.0079339504199871E-011   4.6282046627118730E-013   4.2206982285094078E-011  -7.4764464049020249E-011  -1.1266234221166768E-011  -1.1347720917772319E-011   3.8037560011274483E-013  -4.8547410158797067E-012  -6.2848859250970313E-013   6.5560113428522649E-009   2.5805761508141734E-009   1.5153873381181774E-009   1.1269216558780124E-009   5.5217961592495831E-010   2.6294614897526081E-010   2.7457445723690778E-010   2.1165035616868959E-009   1.1954371917691766E-009  -5.1682813055652831E-012   4.8031563026661261E-012   2.3917337036187210E-013   9.4458238871706679E-012  -1.7180204425166082E-011  -2.5118310418699055E-012  -2.7599328178477937E-012   1.8710714146161396E-013  -1.1003227399804397E-012  -3.1772908612896291E-013
  -1.6391735955960552E-009  -1.4390834067109002E-009  -2.2808325917414903E-009  -7.0097795936872554E-010  -1.9491352298459895E-012   1.9577977107322325E-012   5.4846534180939489E-005   3.2176026170325558E-012  -3.5231611639713031E-012  -1.2684828085778045E-012  -2.1171566833117233E-009  -1.8773817854119855E-009  -2.9940004989836957E-009  -3.0557065859628423E-009  -7.6958189968563631E-012  -4.5771718981725371E-014  -2.5499745339735267E-013  -3.4796898744721982E-012  -5.7431534532422045E-012   1.3804712841956449E-011   3.3459647612776776E-013   3.6782955911168783E-013  -4.0313197616493066E-013  -8.4110955130179890E-014  -4.1538321839162911E-011   1.3322570936780059E-011   6.3162020456542336E-004   6.7916730255404822E-012  -1.9695107326618753E-011   3.4747355939563957E-011  -1.8116415839895471E-009  -1.6068191215537614E-009  -2.5681748164227749E-009  -3.8989890469125530E-009   3.2480742641718051E-012  -2.0637502025599678E-012   1.6224764351891325E-011   2.4658390595759454E-012  -1.1609943831866877E-012  -8.1708315033627003E-012  -4.4716033025307482E-013  -3.8860071494496279E-012   3.3687443000039353E-012  -1.3328056776100806E-011  -1.5637939592850454E-012   9.6016457006344491E-013   2.8177434512651220E-013  -9.4806404754745719E-014   4.4914099152718569E-012   5.8711398091178105E-011   1.1722585670194405E-012   3.9657993957237852E-011   2.5480852564622522E-011   2.6622789972098499E-011  -1.0425043947779161E-010  -1.5971954719778711E-012  -1.0367300150774956E-011   9.7063859281829654E-013  -2.1831975329324897E-011  -1.6171291760776922E-010   8.0552100906841317E-011   2.2011662791195947E-003   6.5627442738504531E-011  -9.5478301218998469E-011   9.6087337746218483E-011  -2.6170418264941147E-010  -3.0239760831961284E-010   7.9960973002348715E-012   1.2663428527717020E-010  -6.2748791104134312E-010   3.1781713372988687E-010   8.5338431877699066E-003   2.1979565709386360E-010  -3.7700656451279509E-010   4.0769224548869803E-010   5.9462259322916525E-011   4.4041822515882013E-013   2.0156536955954166E-011   2.5302438604898691E-011   3.1950138777937270E-011  -1.0507941873520572E-010  -7.9319095750338696E-013  -5.1863118073169697E-012   6.2376218682527569E-013  -1.1158137802985414E-011   3.4061174703083207E-009   5.4383602989220622E-010   1.1996179194968329E-009   2.3207062750925524E-009   3.7219850448410325E-010   2.9137988590108024E-010   4.5482229315237389E-010   1.0707469320138271E-009   6.3301513578298858E-010   1.3758572774639642E-011   2.0204166640439608E-013   4.8796461954577908E-012   5.6104237916050865E-012   7.2280798685186800E-012  -2.4069502952992348E-011  -3.4951477361581520E-013  -1.2994704508806315E-012   2.6687864975821370E-013  -2.6685095068705614E-012
  -5.9949367239166492E-010   3.9263747293839669E-009   9.9601644800737541E-010  -7.9006535876620258E-010  -2.7423269191024867E-005  -2.6121170734858248E-012   3.2176026170325558E-012   5.4846532301936033E-005  -1.2584179308938521E-013  -2.7423263109790128E-005  -7.7103706311870510E-010   5.1188212884611302E-009   1.2889851466138915E-009  -3.4647447208249205E-009  -3.6155132324408495E-013   3.1541778970035966E-012  -2.8156084213636658E-012  -1.2195188839369280E-012   1.4868964162566076E-013   1.7046046835236563E-012  -4.5829371464568739E-012   1.1082999853595265E-011   2.9944575558262684E-012  -6.1621445808134189E-012  -3.1581010966260736E-004   1.2598982340555265E-012   1.1377839040756554E-011   6.3162021843786334E-004  -2.2630647564246439E-011  -3.1581010876287455E-004  -6.5863265673871118E-010   4.3762542873917870E-009   1.0878789869623215E-009  -4.3736653443931374E-009  -6.0842140635219509E-012   4.0687137769652625E-012   1.7460713492794546E-012   1.1718720798539027E-011  -6.0445559169697853E-013  -1.0244302688929349E-012  -4.3247419953950532E-012  -3.9908349295129547E-012   3.4350150873037671E-013   1.2285180043235563E-012  -3.9836408815168385E-012   3.1065302409445200E-012  -4.7146804792619049E-012  -2.6559882542382881E-012   3.2709714198324587E-012  -1.7498490778019015E-011  -2.0296604694154714E-011   2.2003144166494094E-011   3.5134989628152404E-011   3.1733783852545004E-014  -1.1658273676321273E-011   3.0281263827626712E-011  -9.0612705211000438E-011  -2.0329982749699896E-011   5.1138551671993802E-011  -1.1005831934563855E-003  -5.5687739516942418E-012   7.9165603671034295E-011   2.2011662531866696E-003  -5.9168638587201225E-011  -1.1005830597072810E-003  -2.4355079000484496E-010  -5.8018428721664569E-011   9.1112409563588599E-011   1.6589413348285328E-010  -4.2669217373589308E-003  -2.5700909807618693E-012   2.7724018436273221E-010   8.5338430188500302E-003  -2.0534214245880846E-010  -4.2669212814934430E-003  -9.4429465457930853E-012  -2.6510723036210783E-011   2.1241791850107635E-011   1.8614380404228075E-011  -1.7123284988393882E-013  -5.9453265104668523E-012   3.9489915063149495E-011  -9.1174997072232503E-011  -2.6470556612448724E-011   5.2125136358205105E-011   3.8493060215110810E-009   2.7571892554442373E-010  -3.0186838998550103E-009  -3.5941203787077190E-010   1.2526955944023437E-010  -8.1189901959231249E-010  -2.2165053890345767E-010   1.2291029470736010E-009   7.0742323516147575E-010  -2.1917092037366112E-012  -5.9122743049053675E-012   4.7836825123542905E-012   4.5533886486226662E-012  -3.9062790242023935E-014  -1.6129147301496383E-012   8.8114285072645090E-012  -2.1048585032732220E-011  -5.9095018382733639E-012   1.2123144060057965E-011
  -1.1899373588227759E-009  -1.2499899519487156E-009   1.2726771731596449E-009   5.7794127771166603E-010  -3.1452305299180381E-012   2.3449399985936630E-013  -3.5231611639713031E-012  -1.2584179308938521E-013   5.4846530476597846E-005   3.2711296693436398E-012  -1.5511356366318600E-009  -1.6113826683908994E-009   1.6579508355095463E-009   2.4948747067629161E-009   8.0372467106966680E-014  -3.3229748695848721E-012  -4.6746056338566046E-013   1.0874506194811196E-013  -1.5999751948329449E-012  -2.1658823051466817E-013  -7.3427537163774706E-012  -4.4915646494466151E-012   1.3174286360575991E-011   3.6961952306424995E-012  -7.9017570508479243E-012  -1.9252345635410170E-012  -5.8110456161268052E-012   6.5372473787645563E-012   6.3162021773914361E-004   1.3661195852115396E-012  -1.3258096690788750E-009  -1.3390971877917038E-009   1.3974652051312419E-009   3.2030125659798300E-009  -1.1390872531748765E-013   9.0818945196663945E-013   2.5850492800025466E-012  -7.0769617562361433E-013   7.1108855613057504E-012   9.0893344425334810E-013   1.8163062636226739E-012  -2.1598385787984168E-012  -3.6553080121061277E-012  -9.7519768704843350E-013  -9.9192135728659529E-013   8.0940952401344357E-014   2.4512686409921299E-012  -5.3807118173453125E-012  -1.9122178891625633E-012  -1.5953779261423649E-012   2.6850971752952628E-011  -6.1213102741225456E-012   9.7631121976231458E-013   3.1449136579440437E-011   1.1641040980304438E-012   5.8119113987266434E-011   3.1276514782958624E-011  -1.0482601991348437E-010  -1.8749668455411933E-011  -6.1999871216065226E-011  -5.6046583062909310E-011  -4.4083523630877479E-011   4.4639575231764790E-011   2.2011662060431431E-003   1.7364096962694544E-011   2.1725641321771378E-010   6.6950526224322518E-012  -2.8127531527132062E-010   8.2755028002647036E-011  -2.3154488038133469E-010  -2.2889349116326188E-010  -1.7993468088797330E-010   2.0148514771351099E-010   8.5338428805174782E-003   3.0059973320985506E-011  -6.8727684521542121E-013   2.7625881266431385E-011  -9.4628051828636137E-012   2.6770145788509888E-013   1.6453866281591287E-011   6.5437775676640678E-013   5.8564365269638748E-011   4.1068630337755077E-011  -1.0619825269863069E-010  -2.3557615932621616E-011  -2.7985186144662436E-009   9.8903292022671224E-010   2.2313538344615418E-010  -8.3711194321415572E-010   2.4045440876540133E-010   2.8378323352814068E-010  -2.6841571451116436E-010  -8.8103631936874036E-010  -5.2033673162394062E-010  -3.1517608652284397E-013   6.5697436190916277E-012  -2.1373058795725502E-012   1.3506675632965937E-013   4.1386308411090970E-012   2.8778688359689178E-013   1.3385060219499297E-011   9.2262589104481107E-012  -2.4527657174425520E-011  -5.2837977297584809E-012
  -1.1874149735488043E-009  -3.7269131775731816E-010  -1.3513214692419555E-009  -9.1905353954119186E-010  -2.7423269686296855E-005   2.5367537731631524E-012  -1.2684828085778045E-012  -2.7423263109790128E-005   3.2711296693436398E-012   5.4846532793861408E-005  -1.5426342345249148E-009  -4.8410727677040749E-010  -1.7401116162525007E-009  -3.9820534090642197E-009   5.8531493692229066E-013   3.4650106518384166E-012  -8.3663270069430441E-012   1.1026701553750869E-012  -3.2836174837195601E-013  -1.8879450010605164E-012   8.9869157345096958E-013  -8.5018384005857678E-012  -4.6707233911113684E-012   1.2572784362107961E-011  -3.1581012061222699E-004   5.3701992908483091E-012  -3.8274388086834151E-011  -3.1581010700728755E-004   3.2504730181921348E-011   6.3162022759524869E-004  -1.3081615873243724E-009  -4.1772002354183784E-010  -1.4261168997054981E-009  -5.0675932266526449E-009  -4.6352200402207111E-012   5.0014992972634745E-013   4.7179116445426595E-012  -1.7202275967562101E-012  -2.9406664121166044E-013   9.8481682257980243E-012   1.0325625746298369E-012   3.0422782207087550E-012  -2.0563594945721713E-012  -6.9854875867251852E-012  -5.9669915540879154E-013  -2.3743121924709123E-012   2.7544175898933588E-012   2.5935013808566857E-012  -7.1823337811794054E-012  -1.8718093344756273E-011  -1.1203614268196886E-011   6.7835341064274118E-011  -1.0844107646067613E-011  -1.8050868645734876E-013   3.5957095232207351E-011  -1.3182791637947769E-011   6.7752319849774043E-011   2.8890190043870473E-011  -1.0106108663337208E-010  -1.1005832072140968E-003   5.0696788467638828E-011  -1.6080574189673583E-010  -1.1005830556168933E-003   1.2917116568699524E-010   2.2011662627823819E-003  -2.9551410390264341E-010  -4.6237828173028994E-011  -6.1493444831030941E-011  -3.1723186740361934E-010  -4.2669217932153527E-003   2.0356902385326481E-010  -5.9927220175840495E-010  -4.2669212606754273E-003   4.6755336411843474E-010   8.5338430538924176E-003  -9.7657147079859218E-012  -1.1147218925120913E-011   6.8318787033897429E-011  -5.7591867794777076E-012   7.6274642983050512E-014   1.8861277081100174E-011  -1.8920434719744013E-011   6.8575464788359517E-011   3.6531631945801285E-011  -1.0203494714131934E-010   4.4152439387642686E-009   7.8147776386795799E-010   1.7048550382848360E-010   1.8293040564623243E-010   2.4230734829850612E-010   8.5671436450556363E-011   3.0528783446540052E-010   1.3962811014623765E-009   8.1923585104016615E-010  -2.3673562869979268E-012  -2.5369906224560493E-012   1.5669372899083674E-011  -1.4968612511885465E-012   2.9700227398231405E-015   4.6729933286715399E-012  -4.2451057398340773E-012   1.5724632591493724E-011   8.2324104477603914E-012  -2.3399700235414926E-011
  0.14962366273455552       -4.2007022364130589E-009  -1.1170032645009081E-008   7.8381722191506861E-008   2.3136458716381396E-009  -3.6476479636766837E-009  -2.1171566833117233E-009  -7.7103706311870510E-010  -1.5511356366318600E-009  -1.5426342345249148E-009  0.19490464514542480        2.1904748481501870E-008   2.0008428600203265E-008  -8.5101913242421100E-008  -1.6306689919820107E-009  -1.7832920585042982E-009  -6.8154488214175830E-010  -5.1769263423476459E-011   1.3057450295292473E-009   2.2394986603889604E-009   1.7099127522970332E-009  -3.1924424064721214E-009  -5.1079983099776966E-010   2.8875008074256252E-009   4.2023504242428865E-010   2.3960861311657147E-009  -4.5285557041307077E-009  -2.1284217221282980E-010   4.8864734351074519E-010  -2.0729352235529917E-010  0.16722633371941317        1.1789962390512645E-008   1.0086282702900750E-008  -1.5673916990651686E-008  -1.8388079585612882E-010   5.1488357216406200E-011   5.9201240334991338E-011   1.3264825370059964E-010   6.8878693453429005E-011   1.9053688630189603E-010  -6.6790852583147372E-012  -1.2239181858744726E-010  -6.0117895927111334E-011   3.2024279546854103E-011  -6.8094174972315190E-011   2.9420002183128897E-011  -1.2856184531930476E-011  -8.0759154543900880E-011  -1.0104960976029333E-010   1.8057881161878872E-010  -2.3818821095421629E-010  -1.7654342126317263E-011  -1.6802842440396540E-010   9.8569299754643908E-011  -7.4339070352458290E-011   1.6256594592978380E-010  -2.4078472649325087E-010   2.0077579027709059E-011   1.9263376722454071E-010  -1.7194416951265543E-009  -6.2054124984364290E-010   2.2729705834424713E-009   1.0539009616467774E-009  -3.0809558817508520E-010   6.6598164120271159E-010  -1.7557548877116632E-008  -5.6958906432500725E-004   1.0204408369555941E-009   8.5738200208563314E-010  -1.2075303439804547E-010  -7.6199311647103276E-010   3.6483452138460574E-009   4.9615977244254087E-010  -2.0792380394230549E-011  -3.7542306089558340E-010  -3.5534095879897534E-010  -1.8623467547869020E-010  -3.8734027093557445E-011   5.1296660928122126E-011   2.4300141084596590E-010   4.2541638128064135E-010   2.0209272142871338E-010  -5.1237713864121431E-010  -8.4903245298248350E-011   4.1077579057075671E-010   3.5956649910930300E-008 -0.12365664171360881       -1.0249307096921125E-008  -8.2627929758802830E-009  -3.0318794237462785E-002  -2.5865717658703574E-009  -2.1340892319997365E-009   9.7755166322116926E-009   4.6661351480211593E-009   4.0059264774156405E-012  -2.5315018716721259E-011  -1.1841075089400579E-011  -1.5008265121447150E-011   3.4264917744393218E-011   9.6425263229930373E-012   2.3177641841030714E-011  -5.8344414841743881E-011  -5.7805773975501557E-012   5.2312639102786293E-011
  -8.1657278810157081E-009  0.14962364109634588        8.3839026513345355E-009   1.2247142255326565E-007  -4.6347076899150695E-009  -1.7438518724151790E-009  -1.8773817854119855E-009   5.1188212884611302E-009  -1.6113826683908994E-009  -4.8410727677040749E-010   2.1904748481501870E-008  0.19490471548522972       -1.8946275141240383E-008  -1.3823436954221131E-007   1.5992791184276495E-009   1.7619468788109645E-009   3.2574207422584586E-011   8.1742031936660057E-011  -3.7590349926079242E-010  -2.2274001624813357E-009  -8.3615275257395745E-010   1.6220369159570624E-009  -6.4001124436851224E-010  -1.2332772159033793E-009  -8.0251940193211198E-010   4.4515858446721260E-010   6.2299693863722070E-010   1.8653317628713985E-009  -4.4998221887205066E-009  -1.0629038528169809E-009   1.0400412221216833E-008  0.16722637141065100       -1.0086035461804065E-008   1.5351996488493406E-008  -6.6844898698286068E-012  -1.2429001850691909E-011   1.8673253750436856E-011   1.0438139165438428E-010   5.5768384702732248E-011  -9.2738994461113172E-011  -1.7058810700769910E-011   5.8542868077256640E-011   3.9563452502651841E-011  -6.2308672582221542E-011  -7.9913074476876204E-011  -4.4677118801519717E-011   3.5895072205163583E-011   3.1097643360973028E-012   3.2302610689685432E-011   3.1425161613044047E-010   1.9371828072594308E-010  -6.3045838940683163E-011  -2.2923290744452396E-010   8.0334948600588063E-011  -1.9238157519936627E-010  -7.4707624553669276E-011   1.0970879765767747E-010  -9.3410595045072042E-011  -3.4787993499689024E-011  -4.3131364143045213E-010  -1.9420343316261021E-009  -3.6833878356552908E-010   2.3188980966991166E-010   1.8627932744256353E-009   1.9914791036394409E-010  -3.1005548658572353E-008   1.1038926212323085E-009  -5.6958580978060374E-004  -6.5182621617553243E-010   5.3607649929827869E-010   1.2364562287746089E-010  -1.7664645876016819E-010  -1.5616350349135932E-009   1.6232491901672494E-009   1.0255666650522687E-009   2.5064531252959721E-010   8.4682063127346401E-011  -3.7443239444607593E-011   5.6180897344630166E-011   3.6473865962507774E-011  -3.9245785046545323E-010  -4.1193041476038326E-011   2.9155805529701734E-010  -2.9398948945425283E-011  -1.8940921684345088E-010   3.8755188075577652E-008  -9.3550382611452544E-009 -0.12365667345849873        8.1460210592853587E-009  -2.3839251671379682E-009  -3.0318802361305949E-002   2.0727387483988001E-009   9.7577523226200207E-009   4.4881868527378738E-009   4.4719278607677663E-011   2.5699126197254425E-011  -1.2282576037448298E-011  -9.2899308890505423E-012   8.3228445883666748E-012  -5.0708175240127919E-011  -4.1587136565257028E-012   3.9294544552698937E-011  -2.0124974902163433E-011  -2.0133391954991787E-011
  -2.3367208056716586E-009   4.1251460755731315E-009  0.14962363723655003       -3.2161889486436706E-007   4.5111329470298555E-010  -1.7650868401355670E-009  -2.9940004989836957E-009   1.2889851466138915E-009   1.6579508355095463E-009  -1.7401116162525007E-009   2.0008428600203265E-008  -1.8946275141240383E-008  0.19490472808063991        3.5964507594894879E-007  -6.1044358386164144E-010  -2.1109688801034396E-010   1.2810823596148854E-009   4.4250360293310582E-010   2.4154498007591427E-010   3.7649571154465336E-010   3.0483575681748395E-010   4.7042996538895909E-010  -1.9788653028751064E-010  -1.3053898110611941E-009   2.6648487543538018E-009   3.3915548585344814E-010   4.3162309788787595E-010   2.2623052344122631E-009   2.0379967342458981E-009  -4.9271967816157197E-009   1.2819614458344350E-008  -1.1406522062023019E-008  0.16722637809189159       -1.7662836898136991E-008  -8.1901147144924608E-011  -1.6644520893640271E-012  -2.7420885493844123E-011  -5.2667223410645944E-012   6.3623299658920321E-011   1.4913794370820952E-010   5.9714011782514427E-012   1.8028648033681359E-011  -5.7793484507685343E-012   1.3982786838290030E-011   6.0640797447350851E-012  -7.1864711314928620E-011  -5.3839987856718583E-012   2.4442884602202145E-011  -8.1834541659821070E-011  -8.9577003896747288E-011  -9.6229443798889777E-011  -2.3217378320247084E-011   1.5293580873861645E-010  -3.5710994899267823E-011  -3.2747452840269213E-011  -3.8622215159432915E-011  -3.0401060324645944E-011   1.4804035397639839E-010   4.0082941942804807E-011  -9.0218481946567560E-010  -1.7176922356496936E-010  -2.1575043262494693E-009  -9.8240273365715698E-010   3.1193654553068752E-011   1.8845631389534783E-009   7.9259528151192554E-008   6.7738155052245376E-010  -5.6213760020838990E-010  -5.6958508609000779E-004   1.1326056217260797E-011   2.8661135009294721E-010  -2.1256241899093309E-010  -1.1530178869258465E-009  -5.6158758372778734E-010   1.1416880140041791E-009  -1.3926142395929655E-010  -8.0357553253794661E-011  -9.4785442609463104E-011   1.1832555692774433E-010   1.2909780650323842E-010   6.8516001259576978E-011  -1.6157643056144524E-011   7.3995751245653577E-011   1.0203304201408745E-010   1.5525552278896033E-011  -1.1146253187752898E-007  -1.0113479670841754E-008   9.0362601501555563E-009 -0.12365667904145060       -2.5454755092425183E-009   2.2705029529774193E-009  -3.0318803838977681E-002  -2.8699471842412898E-008  -1.3341485467030084E-008  -1.3474159728469261E-011  -1.9281737309709241E-011  -8.5558061717942299E-012   2.9852849912970670E-011   1.7243658219327587E-011  -1.1774084900574189E-011  -1.2811260501936707E-011   9.4832198717075925E-012   3.6469763428717362E-011  -7.0676258737184556E-013
  -3.5337289178382403E-008  -8.1134194386380252E-008   1.9839900852434106E-007  0.11605756730116419        7.4463045980791886E-009  -5.8979022333595608E-009  -3.0557065859628423E-009  -3.4647447208249205E-009   2.4948747067629161E-009  -3.9820534090642197E-009  -8.5101913242421100E-008  -1.3823436954221131E-007   3.5964507594894879E-007  0.51626091401188090       -7.0129936473638117E-010  -3.2043903632671226E-009   1.5685381333900798E-009   2.4381873641764585E-010   8.9270739464963740E-010   6.9706803771489258E-010   1.7077084254467243E-009  -2.6535413405747839E-009   9.1326993301213683E-010   8.0871440162553941E-010  -7.3254854321537647E-009   2.1727689381475137E-009   6.2222984876266604E-009   3.5917562970669094E-009  -6.4686469187138652E-009   3.7308780936648558E-009  -9.9849646644002217E-008  -1.3796306654438130E-007   3.7328152572389436E-007  0.65280437437889360       -1.6554835073881154E-010  -3.1643936698142405E-011  -1.4663692970948967E-010   2.0122296888568396E-010   6.8531026032129950E-011   8.8628984498988992E-011   1.5954531723574168E-010  -2.0071965852075461E-010  -1.7159787445062495E-010   2.9624479387467052E-010  -5.9344526225288237E-011   4.2149866314430490E-011  -9.8000027801320110E-011  -9.3230240173629340E-011   4.7529095436507376E-012  -5.2505082646531046E-010   5.7952124111512882E-010  -1.0331625902367581E-009  -1.1807495638187530E-010   2.4156961206710625E-010   8.2251254852443508E-010  -6.9627427068655956E-011   1.0005496566353546E-010  -4.8611093553214061E-010   6.9550038039160205E-010   3.8977725254212044E-010  -1.7357571786745372E-009   5.8047243954261304E-010  -5.8810987744868251E-010  -9.7863964324884997E-010   1.9416389046080414E-010   3.3467748854433717E-002  -1.1519801806389727E-008  -3.3665548837360371E-010   1.1206943848016160E-008  -4.3458453720753470E-009  -1.3559968676175900E-009   2.5489325998293247E-009   3.2122943620508289E-010  -2.9061244372356110E-009   4.0245131854035866E-009  -2.2047125820898804E-010  -4.4857169433313121E-010  -5.8681323916228092E-010  -2.7117290051751174E-011   1.2979259510646399E-010   3.2291271193287563E-010   4.3726868184801811E-010  -2.5479866376165281E-010  -1.3808916077307555E-010   6.2730155790356338E-010 -0.57638502383774581        6.9329506288283436E-008   9.6111738776301021E-008  -2.5960689997734045E-007   1.9125976574341163E-008   2.3698366252222773E-008  -6.5885286928186449E-008 -0.18563340657884736      -0.10531488183254786       -1.0193593071723150E-010   1.4847198329829568E-011  -1.6101236945304732E-010   2.3110402490194202E-012   6.1697979282299741E-011   1.3445593090455236E-010   3.2970609954502016E-011  -3.7384913592074683E-011  -5.9083929603053690E-011   1.4787623499172816E-010
