   8.0476265197837682E-002  -2.2687598022151384E-014   6.0767819066144457E-014   1.6610243048579008E-015  0.18005762777395318       -1.4848043384910713E-014   3.2931374408616845E-014   2.4697299788325895E-016   2.9606303888717470E-017  -2.1196158045579040E-016   2.3546782790121269E-016   1.0560764450048671E-017   1.4705773183567066E-016   5.0698949162194763E-015  -6.9673455282227189E-013  -5.9898652912306921E-016   1.2072197920046115E-015   6.9467907398160324E-013   2.8252499987180023E-015   2.7518523733753902E-013   7.5364777858046224E-017  -3.7231848562506186E-016   3.7755474066391855E-017  -8.4542977995663292E-016  0.15063999578445095       -3.2974822328456993E-014   8.9255170771966851E-014  -2.8718755526737783E-016   7.6343179654066109E-017   2.4464679072027421E-016  -2.9483391987157619E-016  -3.5064134429897309E-017   9.4256519584551717E-017   1.2163170091851594E-016  -7.6050318168699180E-018   5.7695746877823348E-018   1.1306563566189589E-016  -1.2587309427099025E-018   1.3146678181511797E-016  -3.6204382389796318E-017   1.5675646128396448E-017  -1.6081869010521172E-017   1.7728187635468006E-020   1.6848990810326767E-016   2.7384365534200600E-017   1.2196246902461839E-016  -7.5577047991838256E-018   1.6373317731354308E-016   3.9588240615085750E-015  -3.0705198511534995E-013   1.2680402047638728E-015  -4.8060254646128142E-015   5.7309646342078612E-014  -4.3482606937341363E-015   3.9127258029455155E-013  -9.1682515526165100E-016   1.1249860691453310E-015  -3.9062977431221006E-016   2.4699368388411454E-015   1.7257212556871741E-002   7.3877930243404740E-015  -2.2982332066376666E-014  -1.9790186304523083E-017  -1.1351450701633490E-016   3.4522500989795897E-016  -6.7129991740576307E-016  -9.5200522714938839E-017   5.9586753154913360E-016  -8.4243068359267558E-015  -6.0073341389244868E-002   1.1920137881283986E-014  -2.7893860547828745E-014   8.7268105807424325E-017  -3.3188375274234216E-016   1.7123763443625457E-015  -2.6269983797707903E-015  -5.0195199021657263E-016   3.0549538789469174E-015  -6.7340674619742828E-015  -7.4510767677341813E-002   1.1694516868948342E-014  -2.0646510553164684E-014   5.7462011887077267E-016   3.7522849895657628E-002   1.9278501731513431E-015  -2.2471025836247016E-015   6.1188461632368978E-015   3.0914843638392928E-015  -1.0700799106584756E-015  -9.9733041117103019E-016  -5.5860216282032278E-015
  -2.2687598022151384E-014   8.0476265197253163E-002   9.7172234787885841E-014   7.1899549595523845E-016  -7.8148725279399894E-015  0.18005762777261289        6.8576136017644179E-014   4.6915758410817732E-016   2.7483305830908825E-016  -1.5500033564047434E-016  -2.3995339212043924E-016   2.4837549277767211E-016   2.2940263981729785E-016   7.3261750329380300E-015  -1.9600977198632522E-015  -6.6402143823255825E-013  -9.3669755375872684E-016  -1.2312683929357495E-015   1.0173459315797454E-015  -4.4270652830387306E-016   6.8689324066419573E-013   4.0708070570561945E-015  -1.1411910429502778E-013  -2.1775959457289604E-015  -2.2598264244735352E-014  0.15063999578635465        1.1646822058503053E-013   1.5403222423315580E-015  -2.3884017700976438E-016   4.7298435211815785E-016   1.6494544751361609E-015   4.0614735755170153E-016   1.9691902458359826E-015  -4.6586757018515281E-016  -7.7198183540023047E-017   1.9609983103120616E-017  -2.4903993539963907E-016  -3.4220101337477191E-017  -2.6539583607709583E-016  -6.4065927002100448E-017   9.5948223638410071E-019  -3.6988436735598450E-017   5.8526216290694834E-018  -3.6613117937814152E-016  -7.6484070180203941E-017  -2.2070168865203187E-016  -7.1182701334168056E-017  -4.0218779100624453E-016  -4.5446584936215526E-015  -3.3321352555813631E-015  -3.0566873364383002E-013   1.6085589174242939E-015  -2.7798690031166190E-018  -3.4471141684296554E-015  -1.7943815430736319E-015   7.0347786085892594E-014  -6.0108768340752753E-015   3.6599707328067817E-013   3.5544993861477735E-015   4.7439890860150038E-015   1.7257212553575294E-002  -3.0350802875838410E-014   1.1792484526466195E-015  -1.9397396235349132E-016   9.6577289121455962E-016   6.4414295483708436E-016   9.2553778397598878E-016   1.9595066253797979E-015  -7.0283506698092911E-015   9.6420881456461520E-015  -6.0073341389246623E-002  -4.3233117960414180E-014   3.4721771289192610E-015  -1.3951300026086422E-015   4.5659052915661494E-015   1.3574139615675236E-015   4.4588850914955985E-015   7.4510453126317381E-015  -7.3475510791718403E-015   8.3049111253035822E-015  -7.4510767677864187E-002  -4.4035724691300364E-014  -2.1902096466625411E-015   1.2341187182375840E-015   3.7522849894519053E-002   4.1278092468257788E-015  -5.8380433780609443E-015  -3.6779003428969891E-015   4.7149899221766721E-015   1.9792790386520247E-015   2.5367205576899967E-014
   6.0767819066144457E-014   9.7172234787885841E-014   8.0476265189613941E-002   1.5029898651144227E-015   2.8480041156521932E-014   6.4401178568061185E-014  0.18005762776750422       -3.8580081086779989E-017   1.3744267524333192E-016   9.9803896679057049E-017  -3.8746080626880486E-016  -5.0490150416545613E-017  -2.1444391486130852E-016   5.9930399665644020E-015  -3.0047397523830083E-016  -9.0943768133955629E-016  -5.3068629554910230E-013  -1.5016702735138741E-016  -4.6811670357218287E-016   1.4437937443129024E-015  -1.7507597804244854E-015   4.3635421056536814E-013   4.0880886489524037E-015   1.5968469594784321E-013   8.7893109834624538E-014   1.1466632993435667E-013  0.15063999577720669        4.7613267800020291E-015   8.3914640823471457E-017  -5.3290362545826651E-018   4.9224081671189457E-015  -6.5120066388246739E-017   4.6153031838825155E-015  -1.5814961289227985E-015   1.6557022634473835E-017   7.8223671097402863E-018  -9.2043305625213514E-016   1.4823174031698998E-017  -8.8560580649732493E-016   6.9810382181857771E-017   6.2020676682228763E-018   1.0377362298095888E-017  -1.6333789429747259E-017  -1.5413134387892434E-015   3.2166206740153016E-017  -8.2103126810881960E-016   3.1981469770677011E-017  -1.4580402627245547E-015  -1.7183073197255911E-014   2.7504247237382175E-015   1.6593675407346555E-015  -3.3664303498292913E-013   1.2658630129251636E-015   1.0105400293698548E-015  -4.6033038634456488E-015   3.7336414099375398E-015   4.7142776647934638E-015  -5.8422451532360162E-015   3.4532522229780983E-013  -2.3470713243633876E-014  -3.0142589946123734E-014   1.7257212555552438E-002   2.8595149718885919E-015   9.7135878679526371E-016  -2.7596079695417290E-016   2.0523765502357561E-015  -6.0885063958771425E-017   2.0460421682820369E-015  -1.0132525823362084E-015  -2.7257806724516562E-014  -4.0507603635918760E-014  -6.0073341385725842E-002   2.7266970490397579E-015   3.7203381952699564E-015  -1.0613658656807062E-015  -3.0343315417620509E-016  -3.9135840926425734E-016  -7.2761935271819172E-016  -7.9857682934778076E-015  -2.0199152055872916E-014  -4.0298204897864264E-014  -7.4510767674802081E-002   1.8167723828192541E-015  -7.2593167421396042E-015  -3.7303788512718330E-015   3.7522849894908970E-002   9.8790175826274651E-015   5.9790022879604008E-015  -9.0896758963077316E-016  -1.9936066459352450E-015  -4.1651330645840361E-015
   1.6610243048579008E-015   7.1899549595523845E-016   1.5029898651144227E-015  0.14569617009023789       -8.7618475006229231E-015  -6.0324221637741543E-015  -1.8969232125215480E-015  -8.2060287513790474E-012   1.7812557807135381E-014  -5.5408759986480600E-014   2.4460659801083811E-012  -4.0941055097286479E-014   5.6852835880395312E-012  0.36921415834384241        2.5520487749773604E-015   9.7290573604632417E-017  -1.0574795127209285E-016   1.1337115506948912E-015   2.6832587057023838E-016   1.6442434424550296E-015  -3.7929012751722554E-016   1.9052287545770561E-016  -1.9883686711980180E-016  -5.5471412666339343E-016  -2.5315023463334477E-015   5.4762951247101516E-015   3.5488263973610378E-015   3.0200014358057579E-011  -1.3550192414962673E-014   4.1660484901029287E-014  -2.0020379737172255E-011  -1.8535863402851728E-014  -8.7138138741259530E-012   2.2845713407989055E-012  -3.4639983363499002E-017   2.5455917509218102E-017  -5.9949450478989871E-012  -1.1418611603982183E-017   1.5219099544362049E-012   4.1378303245361159E-017   4.9328478120328423E-017   4.1324275052879238E-017   6.9843955031585949E-017   7.8880150430166542E-013  -2.6629151049698053E-017   4.1911102330002203E-012  -3.1784541399694576E-018  -3.5147738613449030E-012  0.16520198588726265        1.5581706680259769E-015   6.2244111638727211E-017  -1.1407801703051223E-016   6.2844690491780548E-016  -1.2778446250825066E-016   4.6408930269578664E-016  -1.6377977011077124E-016  -9.5611144071659531E-017  -3.0979501811192699E-017  -2.3390012211568224E-016   2.4786902271272940E-015  -5.2308725138919542E-015  -2.6911634423878006E-015  -1.5084345046982652E-011   4.2603666175288622E-014  -1.3547971161241183E-013   3.1116120984883185E-012  -1.6007013133119733E-013   1.2702578478665444E-011 -0.24206038347260950        2.1610173747581873E-016   9.2300010438641613E-015  -9.6201517525221784E-016  -3.9293762183422475E-011   1.5569722892382630E-013  -4.9814725159991198E-013  -1.0449411726950179E-012  -7.4279780781039764E-013   4.0894450084371470E-011 -0.17337653255037450        2.4922669995449116E-015   7.6483924982790131E-015  -3.1521987060588230E-015   1.3117308762435746E-002  -7.5497924252697434E-015  -4.9384922568928030E-015   1.0314685727434591E-014   9.3456882938401528E-002   4.4481302572964489E-002  -4.9884205446886747E-003  -1.2382254974234463E-002  -1.7777486795631736E-002
  0.18005762777395318       -7.8148725279399894E-015   2.8480041156521932E-014  -8.7618475006229231E-015  0.40286281799739881        6.2870158965519916E-014  -1.6683568377324868E-013   5.4873909397282588E-016   6.7964203832868723E-017  -4.8026912030200038E-016   5.3663378102817322E-016   2.1534492543337452E-017   3.2211522509380682E-016  -2.0890368789080379E-014  -1.5586164376723882E-012  -1.3354565468476247E-015   2.7009923059303468E-015   1.5540085786915133E-012   6.3210966338104860E-015   6.1562142725622920E-013   1.7453488430895319E-016  -8.3225208108693257E-016   8.7662061841481031E-017  -1.8910599853074656E-015  0.33704925234858746        6.4264405445528628E-015  -1.1253266756960046E-015  -6.8339483850768438E-016   2.4045021203816799E-016   1.6639625434247303E-016   2.7093692813700388E-017  -1.5229258760220700E-016  -4.3416515414621130E-016   2.7242195740572884E-016  -1.6949145123347881E-017   1.2119111588127602E-017   2.5269566882577801E-016  -2.4386164366557692E-018   2.9364344216785090E-016  -8.1405130968582613E-017   3.3787967844061325E-017  -3.5551093461087021E-017   1.8129201314065102E-018   3.7683455656576014E-016   6.0870318018967500E-017   2.7259448463279682E-016  -1.6776215565496138E-017   3.6633165337701737E-016  -3.7651116972058750E-015  -6.8729338479939922E-013   2.8378613035098008E-015  -1.0750407681457776E-014   1.2857240550436744E-013  -9.7272920206992384E-015   8.7553342464937696E-013  -2.0488183886235627E-015   2.5160451307215668E-015  -8.7271277676059784E-016   5.5250234652270217E-015   3.8785313217685101E-002   2.3048886064033268E-014  -6.8576596856671291E-014  -2.4687206370721138E-016   7.3866494362506990E-017  -9.5626245395430870E-016   1.6349309453104145E-015  -5.6781945371771569E-016  -1.6014196368458548E-015   2.3923858149296193E-014 -0.13380456707093144       -1.5548427507447733E-014   3.9720015711667354E-014  -6.3869639539490216E-016   5.9610832698733098E-016  -3.2570365516055792E-015   6.9716698156533922E-015  -2.5683204196364963E-015  -5.1860732382645215E-015   2.8139384061461703E-014 -0.16576198417399512       -2.9277898232110819E-014   8.7218091875103410E-014  -3.8286210149953324E-015   8.2171461003070184E-002  -1.4703758330748705E-014   4.3054697877650996E-015  -1.8756650094943554E-014  -9.6642348826943461E-015   2.7229397832768585E-015   2.8988903489774331E-015   1.3249331397475217E-014
  -1.4848043384910713E-014  0.18005762777261289        6.4401178568061185E-014  -6.0324221637741543E-015   6.2870158965519916E-014  0.40286281799432827       -1.8890411526476959E-013   1.0518187937437495E-015   6.2093532220601111E-016  -3.6187580356657312E-016  -5.2611288617374294E-016   5.3284029284659752E-016   4.9322351830554690E-016  -2.9236299115066235E-015  -4.3840019617075445E-015  -1.4853131017309407E-012  -2.0952828341145228E-015  -2.7586106242221133E-015   2.2742664659310594E-015  -9.9693135746332917E-016   1.5365770513377514E-012   9.1078107082009694E-015  -2.5526307691317008E-013  -4.8698321874409337E-015   1.6493457901212321E-014  0.33704925235283889       -2.5049435491146805E-014   3.7738766044946608E-015  -9.7678726400367611E-017   7.7099406240296980E-017   4.2613841368535658E-015  -3.6684883629213804E-016   3.3092094149842177E-015  -1.0222608110507618E-015  -1.7240313112028899E-016   4.3644697006940029E-017  -5.4476440195311399E-016  -7.7210498694808244E-017  -5.8099522771302513E-016  -1.4250384176368307E-016   1.7978560772348962E-018  -8.2639505341713492E-017   1.3243813995926077E-017  -8.0003161643573534E-016  -1.7096697262772518E-016  -4.8269236159284184E-016  -1.5885523820037887E-016  -8.8002106006404817E-016  -1.8824134916769664E-014  -7.4653942131981916E-015  -6.8452152113497149E-013   3.5971167684839184E-015  -6.6554068505787911E-018  -7.7103257563204364E-015  -4.0123678235795579E-015   1.5794381406206567E-013  -1.3447125926791905E-014   8.1888209892829345E-013   7.9516585165181224E-015   1.4978709527138022E-014   3.8785313211132946E-002  -8.6852179800772853E-014   4.3902024415501209E-015   1.5445147359080245E-015  -2.3075579074626927E-015   4.3166358216111165E-015  -3.7565955410905311E-015  -3.5516440246344974E-016  -5.5964495662125192E-015  -1.7280113715047003E-014 -0.13380456706784374        6.8037340698996691E-014   1.5013287305626811E-014   4.9975753069873697E-015  -8.0961075538549457E-015   1.4888879745777784E-014  -1.3898961225212348E-014  -2.6814205336738270E-015  -1.0329346307037579E-014  -3.3441302753189927E-014 -0.16576198417038041        1.2172483381119760E-013   6.9422342040954061E-015   7.6173962993858151E-015   8.2171461006285612E-002   5.0660982400693941E-015   2.5486356778839169E-014   1.8729421627426854E-014  -1.2011256848534265E-014  -6.6945756657103353E-015  -6.8968226772799381E-014
   3.2931374408616845E-014   6.8576136017644179E-014  0.18005762776750422       -1.8969232125215480E-015  -1.6683568377324868E-013  -1.8890411526476959E-013  0.40286281800971574       -1.0013343554914290E-016   2.9172304912220240E-016   2.2698882381274558E-016  -8.6967033361752218E-016  -1.0742512814976566E-016  -4.7087004913823335E-016  -4.6572338393838510E-016  -6.6813911030281699E-016  -2.0330389828688704E-015  -1.1871619649141814E-012  -3.3567740524373848E-016  -1.0468431039247350E-015   3.2272632710835550E-015  -3.9158935519797900E-015   9.7600228748923654E-013   9.1469562529002011E-015   3.5740631603915645E-013   4.1376397107457583E-015  -2.1352522003647859E-014  0.33704925235475713        1.0113660040880009E-014  -6.3245603536193269E-016   1.9446652463568393E-016   1.1139570056608650E-014   1.3251587590954187E-016   1.1059870143400351E-014  -3.5698042451623087E-015   3.6270909958902872E-017   1.7518800797272227E-017  -2.0778876162408663E-015   3.3682124539931025E-017  -1.9990398288967637E-015   1.5524551451971816E-016   1.4274688075405476E-017   2.2553021800259447E-017  -3.7156722901161317E-017  -3.4819214214500819E-015   7.2030984475238575E-017  -1.8558490253740689E-015   6.9928268749553456E-017  -3.2961309271813759E-015  -4.3240634923234096E-014   6.1508519654812917E-015   3.7120428863056056E-015  -7.5340543084252843E-013   2.8330036413640973E-015   2.2600262868082511E-015  -1.0294514122277250E-014   8.3545575026094307E-015   1.1217525947758208E-014  -1.3068346898817298E-014   7.7235284344552419E-013  -6.9100171805933576E-014  -8.7441648882207079E-014   3.8785313217527165E-002   3.5058294949843937E-015  -1.5905779338377699E-015   3.1915503503410778E-016   4.7540627902021331E-015   1.1390435949640818E-015   7.5032592543192814E-015   2.9384204015106210E-014   3.6648397326912231E-014   6.4356994657922441E-014 -0.13380456707120214       -5.8622067017722502E-015  -7.0876495147715072E-015   1.4666582590661449E-015  -1.4860056292617341E-016   4.3432745454800842E-015   1.0233840475615824E-014   1.7578988756465324E-014   8.2183409766479982E-014   1.1570741776681084E-013 -0.16576198417814947       -6.3132167051969118E-015   2.5295954406103786E-014   2.9241698902379549E-014   8.2171461002859589E-002  -2.5825667284479158E-014  -1.5709406032258400E-014   2.6586487043240580E-015   5.5706258372212954E-015   1.1776458564275418E-014
   2.4697299788325895E-016   4.6915758410817732E-016  -3.8580081086779989E-017  -8.2060287513790474E-012   5.4873909397282588E-016   1.0518187937437495E-015  -1.0013343554914290E-016   1.4047298364675299E-006   2.2986753882976143E-018  -2.5020498226421109E-019  -7.0236491746199871E-007   2.5146138056936315E-017  -7.0236491895706004E-007  -2.0596750223798791E-011  -1.4303633924237215E-018  -2.5382807702147983E-018   8.3533246445142373E-019   1.2493346022804011E-018  -3.0674395560903754E-019   5.9949445234172873E-019  -3.2122493352379604E-018   8.7866835142367642E-019  -1.4454878460822525E-018   2.7571014023500322E-018   4.4727867863524873E-016   8.6749249885929586E-016  -7.4312077271762808E-017   7.6927999040151730E-005   5.3000097403307217E-017  -9.5208092704383626E-017  -3.8463999495730532E-005   7.0856601039216743E-016  -3.8463999536597825E-005  -7.7599086351813369E-017   1.7878738125405701E-019  -8.5190743178553782E-019  -8.0294613085074731E-016   4.7750504626204908E-019  -9.0007606176234538E-016  -1.3221181202174342E-018  -2.1601844219440657E-019  -1.2677208221603304E-019   2.0145894998121330E-018  -5.2759858258170626E-016  -4.4169642022412002E-019  -7.8128365510222856E-017  -4.6077655836883325E-019  -4.4943289311060956E-016  -9.4444455679552534E-012   8.5913786357008458E-019  -2.0746395891083320E-018   6.0353140382099446E-019  -1.4887040643020263E-018   2.0136403286146432E-019  -3.3548758651951684E-019  -4.2665878195268771E-018   3.7454337726002173E-020  -2.0854506909560839E-018   1.5938324743741379E-019  -3.5152107372847164E-016  -3.5746599643726167E-016  -2.7121574938494571E-017   3.5208374703374259E-004   2.4069047945862205E-016  -3.9956952871923910E-016  -1.7604187341495396E-004   3.3372303165194344E-015  -1.7604187361217722E-004   1.3260088251339679E-011  -1.6063129497257980E-015  -1.9369848943231992E-015  -7.7620291764062517E-018   1.4418550160309768E-003   9.7713726664945731E-016  -1.6238485973260842E-015  -7.2092750761713616E-004   1.3633879476983134E-014  -7.2092750839246702E-004   9.0703145354434498E-012  -2.4533257434990130E-015  -2.9242086583341889E-015  -3.2009068985354275E-017  -7.6192374274692182E-013   2.2431059408553309E-015   5.3398694860027848E-015   3.2845045857192281E-015  -4.7578792125912878E-012  -2.3313694377776500E-012   2.6459370853312043E-013   6.3656307243642463E-013   9.0373037036551164E-013
   2.9606303888717470E-017   2.7483305830908825E-016   1.3744267524333192E-016   1.7812557807135381E-014   6.7964203832868723E-017   6.2093532220601111E-016   2.9172304912220240E-016   2.2986753882976143E-018   1.4047298442419117E-006  -1.4642054701455623E-017   7.7818420154660244E-019  -2.6733272203470984E-018  -1.1048914965890374E-018   4.4529178613012220E-014   5.6707354124134025E-019  -1.3789959079339597E-019   6.5457362559824511E-019   1.4660948567355268E-020  -8.8812410704929820E-020   4.3858279310425202E-019  -6.6072240941701063E-019   6.9260190620382733E-019   1.5218980915406731E-019  -5.3016496556008434E-019   6.1662875469911881E-017   4.9041889199861578E-016   2.4921301870017975E-016   8.2676716848166693E-017   7.6927999223591514E-005  -4.8057594274118579E-016   4.0085037690679626E-017  -1.3211209310829460E-016  -9.5637183299397179E-017  -2.4859313062648467E-018  -6.5057234468246893E-017  -7.7326909010433294E-019  -2.6325617926690981E-019  -1.9070586927047404E-019  -6.5084520393793632E-019   2.4083775664583547E-018   1.2978423928047833E-020   7.9027334737230899E-017  -2.2710980537013041E-019  -1.9946633925189103E-018   5.3199048316087830E-019  -1.2984099494187097E-018   1.5283953014139050E-019  -1.9786107362634527E-018   1.9975325351294853E-014  -6.6969698368980022E-020   6.8061040915280768E-019  -6.1815443761349949E-019   6.6554683976989209E-019   7.1562681565099258E-019  -8.8047444145193935E-021   5.3111490921882486E-019   3.2625704495604222E-020   3.9301939290672508E-019   9.0880001911008372E-019   1.3170378453821383E-016  -2.6483694640206422E-016  -1.1343775715800181E-016   3.4523023206148292E-016   3.5208374797374728E-004  -2.2545285489294107E-015   1.5333235567996875E-016  -6.0655581994361321E-016  -4.8126066068224402E-016  -3.3131490131024536E-014   4.2731916243661888E-016  -1.3905036764140357E-015  -5.8690640972518912E-016   1.3883929617734204E-015   1.4418550200457642E-003  -9.2139986198374857E-015   6.1109095959332530E-016  -2.4736736894929793E-015  -1.9742258935647170E-015  -2.6398935374755614E-014   6.7249639191553221E-016  -2.0990729951398531E-015  -8.8907252479443232E-016   2.8348281802388887E-015   2.4288806555527499E-016   8.4119542578702284E-016   3.4904157741471783E-016   1.4780461553068525E-014   7.6651935456314125E-015  -1.0879679380133372E-015  -2.1002680304621270E-015  -4.0739570969816164E-015
  -2.1196158045579040E-016  -1.5500033564047434E-016   9.9803896679057049E-017  -5.5408759986480600E-014  -4.8026912030200038E-016  -3.6187580356657312E-016   2.2698882381274558E-016  -2.5020498226421109E-019  -1.4642054701455623E-017   1.4047298459953266E-006  -6.3170966131894484E-018   3.9177635646556963E-018  -9.0378759725757017E-018  -1.3842715518489893E-013   6.3732618031278324E-019   1.4279511278802895E-019   1.1885031998115214E-018  -5.1412552736885647E-019  -4.4406394893292729E-019  -2.1264125235085099E-019  -2.0744790194195163E-018   7.7537293551713220E-019  -1.0452049509581968E-018   1.8474483596661760E-018  -3.8446823831195386E-016  -2.6170551817203163E-016   1.7176014025358427E-016   4.6817318207596040E-017  -2.9701146524145400E-016   7.6927999270542862E-005   5.0767751781427379E-018   1.1432821105506347E-016  -1.0596240163863501E-016  -4.5531052404568744E-019  -1.1490775973970898E-020  -4.3632703284743723E-017   3.7541998293313077E-019  -1.6012495509399385E-019  -1.2154850272879329E-018  -5.7321828976862594E-019   1.1304125549439778E-017   5.7186244691486853E-019   5.5258164137198713E-017  -6.5723598335026707E-019   4.1345736381053424E-019   6.2488190130028297E-019   2.3893331408574114E-019   5.8874164914873376E-019  -6.2170037347918420E-014  -3.2843760136324393E-019  -1.5474078387975525E-018   1.6104759802836699E-018   4.4858884444478498E-019  -1.8718163255242050E-018   2.2922174785569063E-020  -1.8013030048568312E-018   1.2797240530477698E-018  -1.0090580193619057E-018   3.3936382037303539E-018   1.7767352378708385E-016   2.5694464274184818E-016  -4.1139130845974537E-017   3.1577908595724656E-016  -1.4258522290963540E-015   3.5208374819461726E-004   7.3166120249786899E-017   5.3525033667116506E-016  -4.3882097289934784E-016   1.0312053848699939E-013   9.7362972941123253E-016   1.2187168100314730E-015  -3.3522859581444291E-016   1.3260592946013162E-015  -5.8132057119537423E-015   1.4418550209451114E-003   3.0247827254356613E-016   2.1826148246446025E-015  -1.7793208023316911E-015   8.2426284151358460E-014   1.4651908897749742E-015   1.8519616476516793E-015  -4.9286428260381617E-016  -8.5869158677112363E-015   1.1130584891792422E-016  -2.4436113357809771E-015  -3.9440312894666060E-016  -4.4439242274960310E-014  -2.2936770152782663E-014   2.6886633637398807E-015   6.1279232012865152E-015   8.7198547630764114E-015
   2.3546782790121269E-016  -2.3995339212043924E-016  -3.8746080626880486E-016   2.4460659801083811E-012   5.3663378102817322E-016  -5.2611288617374294E-016  -8.6967033361752218E-016  -7.0236491746199871E-007   7.7818420154660244E-019  -6.3170966131894484E-018   1.4047298416138861E-006   2.6571806391918870E-018  -7.0236492422418778E-007   6.1708243117028469E-012   1.4636453566199980E-018   5.6519690860047164E-019   1.5824389556095090E-018  -4.4858597288544414E-019   3.8459105658572759E-019  -5.2039014296748256E-019  -9.1837244157016437E-019   5.6445214782460651E-019  -5.9205772701779336E-019   1.8596959167744421E-018   4.2515369415842888E-016  -4.3247599654327813E-016  -7.1252171106194678E-016  -3.8463999502956740E-005   1.0060863590135768E-017  -3.6165754929634011E-016   7.6927999153026365E-005   3.1351457094459295E-016  -3.8463999665618040E-005   1.0162945365928551E-015  -7.4139673133436635E-019   1.2706685207387190E-018   8.8512142442472724E-016   6.6150302951873493E-020   1.0402438078776903E-015   1.1383794584758588E-018   8.0054445835834127E-019  -9.5939867914482849E-019  -1.2283531374190146E-018   1.2807342596511880E-015   8.4697257029316123E-019   5.6066731280118570E-016  -5.5087672497450894E-019   1.2015845319157683E-015   2.9275233013168060E-012  -9.1993503619040241E-020  -2.8555519780988747E-019  -6.6767118428775377E-020   1.3665157119814785E-018  -2.3870156808775716E-019   1.6018783388794683E-019  -2.2923390175131038E-018   9.5064439741875080E-019  -8.3356910734522755E-019   1.1038130830245612E-018  -1.5446944530676759E-016   2.8032623726538463E-016   1.0131996116283628E-016  -1.7604187341811340E-004   4.7455122002455950E-017  -1.6680999279834613E-015   3.5208374765095010E-004   1.4503109320311160E-015  -1.7604187424549161E-004  -2.9026235783147333E-012  -9.0758914318723351E-016   1.3648335658062309E-015   1.0080759169842253E-015  -7.2092750762523937E-004   1.9471844754590879E-016  -6.8442644988454055E-015   1.4418550186740713E-003   5.9363369502610935E-015  -7.2092751108815834E-004  -1.1663751401693380E-012  -1.3682019415161140E-015   2.0728514296472047E-015   1.4610100870354085E-015  -1.0785361809423310E-013   3.1662310753333316E-015   3.8217678103497006E-015   6.5854596578200487E-015   1.9452185881702020E-013  -5.1592405641324794E-014   2.1770218752905042E-014   3.1597249467950594E-014   9.9089554037710115E-014
   1.0560764450048671E-017   2.4837549277767211E-016  -5.0490150416545613E-017  -4.0941055097286479E-014   2.1534492543337452E-017   5.3284029284659752E-016  -1.0742512814976566E-016   2.5146138056936315E-017  -2.6733272203470984E-018   3.9177635646556963E-018   2.6571806391918870E-018   1.4047298445966601E-006  -1.6792943872238152E-017  -1.0069050283009260E-013   8.4146973465354383E-020   4.7065526021024953E-019  -3.0099082239721687E-018  -4.6171149535596813E-019   4.9205077957796845E-019   1.5463515984442715E-019   1.9128663123239685E-018  -1.9007541009534036E-018   7.4613688462038641E-019  -5.2320299987788783E-018   2.3294742250366281E-017   4.7906007020627187E-016  -7.2832070348546434E-017   3.8461366449226564E-016  -1.2367266393149047E-017   9.4286480717386192E-017  -4.2101182713932498E-016   7.6927999232754039E-005  -6.9953225163753555E-016   6.8891435924366399E-017   4.7406969957762668E-019  -4.0787798807071646E-019   4.0213634412693145E-017  -7.7137371488011784E-017   3.9578027732932387E-017   9.3276658040456335E-019   1.1991901764889957E-018  -1.3947110174074161E-018   1.9247787899365819E-019   6.8903284498292435E-017   1.3449760556644109E-017   3.9924435147018004E-017   4.2235929340741943E-017   6.8474548112450247E-017  -4.5216274367187524E-014  -1.4081187872288622E-019   2.6936967426461196E-019  -1.6357315138851523E-018   3.8246316336127875E-019  -6.1937660094521762E-019  -2.4404499255144812E-019   1.9718537697340756E-018  -3.2388509569423557E-018   1.0062201136137898E-018  -6.5330391329000716E-018  -5.3141778497640690E-017   1.1398127624930984E-016  -1.3120151509498303E-017   2.8285059108797635E-015  -6.9813564022080006E-017   4.5188627063871367E-016  -9.3697417161017965E-016   3.5208374802042674E-004  -2.3517107187853490E-015   8.2064411343259962E-014  -1.8353188025455625E-016   1.1218942642862260E-016   6.1469557207788156E-017   1.1926945514156152E-014  -2.6610153496940871E-016   1.8357323653044359E-015  -3.4509969208746085E-015   1.4418550202264389E-003  -9.2199227990445542E-015   6.6892010221334160E-014  -2.8798192903133373E-016   2.1358841554159159E-016   8.3507460816228464E-017  -6.9235869466191535E-015   7.9320499470141914E-016   5.8998738577390013E-017  -7.4221845607295944E-016  -4.0273627308959038E-014  -2.0743721496172993E-014   3.0075236444822388E-015   5.8198180486921155E-015   1.1704802830045071E-014
   1.4705773183567066E-016   2.2940263981729785E-016  -2.1444391486130852E-016   5.6852835880395312E-012   3.2211522509380682E-016   4.9322351830554690E-016  -4.7087004913823335E-016  -7.0236491895706004E-007  -1.1048914965890374E-018  -9.0378759725757017E-018  -7.0236492422418778E-007  -1.6792943872238152E-017   1.4047298432050771E-006   1.4241071583625511E-011  -3.3281970579426622E-020   1.9730838580451804E-018  -2.4177714155927510E-018  -8.0074862381698044E-019  -7.7847101008018344E-020  -7.9104307308829713E-020   4.1306217809096903E-018  -1.4431205032678211E-018   2.0375455725782307E-018  -4.6167973201173794E-018   2.9315544277783577E-016   4.3532472756549264E-016  -3.9024879425951288E-016  -3.8463999534540531E-005   4.4931021365682906E-017  -3.9772934931532284E-016  -3.8463999661255264E-005  -4.1911332186520783E-016   7.6927999203520845E-005  -9.3869545137735911E-016   5.6260935006874909E-019  -4.1876108848130371E-019  -8.2175290306019590E-017  -5.4365534978959751E-019  -1.4016774681603383E-016   1.8373866167843077E-019  -5.8452601643876519E-019   1.0861707614555847E-018  -7.8623636289142688E-019  -7.5313567744744435E-016  -4.0527614991646677E-019  -4.8253894934329641E-016   1.0116532836818666E-018  -7.5215163690959284E-016   6.4208586808406256E-012  -7.6714436114504694E-019   2.3601947849041467E-018  -5.3676428302370431E-019   1.2218835274866008E-019   3.7337535160920802E-020   1.7529975584727223E-019   6.5589268377336735E-018  -9.8809873461955062E-019   2.9190198008322901E-018  -1.2631963333293009E-018   3.8613589653286254E-016   2.3103525790498479E-016   1.4336165825507059E-017  -1.7604187360348026E-004   2.0611165581465001E-016  -1.8436373570802552E-015  -1.7604187425411763E-004  -2.0278831947126625E-015   3.5208374786364140E-004  -1.0398043449849787E-011   1.1304743778308343E-015   5.5752799667010736E-016   4.3582106832966701E-016  -7.2092750835598513E-004   8.5222892952001210E-016  -7.5494889567462790E-015  -7.2092751113114642E-004  -8.2688517907644480E-015   1.4418550195050843E-003  -8.0273978164400408E-012   1.8130779645660360E-015   8.9652690237939200E-016   6.1103992815354540E-016   8.7777309329584167E-013  -5.4138095906406690E-015   3.7274847479618440E-015   4.6433291607537091E-015   4.6474787537600125E-012   2.4206278259966483E-012  -2.9249621806174287E-013  -6.7811241285913624E-013  -1.0286680329255755E-012
   5.0698949162194763E-015   7.3261750329380300E-015   5.9930399665644020E-015  0.36921415834384241       -2.0890368789080379E-014  -2.9236299115066235E-015  -4.6572338393838510E-016  -2.0596750223798791E-011   4.4529178613012220E-014  -1.3842715518489893E-013   6.1708243117028469E-012  -1.0069050283009260E-013   1.4241071583625511E-011  0.93606746628676940        6.5438665825909492E-015   2.7053110986494186E-016  -2.6476560531631593E-016   2.8914474901834213E-015   6.8791623877951556E-016   4.2113801634653234E-015  -9.8008810293645905E-016   4.6385844150219202E-016  -4.8480797873541431E-016  -1.3873928471927625E-015  -4.7838147309951708E-015   2.3451803379113501E-014   1.3261771416064651E-014   8.6639830558527087E-011  -7.3511935678063832E-014   2.3221880882875011E-013  -5.0406157962075884E-011   1.4214833281556785E-013  -3.2700985410660207E-011   5.7969675041866029E-012  -8.6890746405371782E-017   7.3046156940477687E-017  -1.5168600704063736E-011  -2.7003442977035394E-017   3.8697181567834642E-012   1.0707396258333942E-016   1.1650795526454230E-016   1.0152953225619251E-016   1.8285789186417723E-016   2.0073489923088946E-012  -5.9705127528706183E-017   1.0632378366368005E-011  -9.6729583593846734E-018  -8.8923821269955851E-012  0.41753915217863091        4.0679092909852640E-015   1.4292134544803623E-016  -2.8986155040808786E-016   1.6687116317130708E-015  -3.3299418599617109E-016   1.2213898303409616E-015  -3.9574263591754617E-016  -2.3935789777570106E-016  -7.6472765086031256E-017  -5.8806166532422837E-016   6.1913890345858291E-015  -2.1376503472585450E-014  -4.1220847626384897E-015   8.5567606202319233E-012  -7.0907417026534405E-014   2.3565780683244655E-013   9.2906581872180607E-012   4.5923202246160708E-013  -1.6121845194800737E-011 -0.62936063665015385        1.2533566846163530E-015  -1.4822378768723395E-014   4.0716831138035545E-015   9.1530954274593410E-011  -3.3790764894938589E-013   1.1081146112930300E-012   3.4214516290700383E-012   1.6584001302152851E-012  -9.3849294768976576E-011 -0.45990749243678897        6.7160469921444628E-015  -3.8776551651764089E-014   2.8267953379740768E-015   3.5486524621678402E-002   1.7850067032607996E-014  -6.8641770870734223E-015  -1.0381193241776493E-013  0.25232629049076022       0.12058614659806224       -1.3529552512065734E-002  -3.3714674913484940E-002  -4.8338474425815417E-002
  -6.9673455282227189E-013  -1.9600977198632522E-015  -3.0047397523830083E-016   2.5520487749773604E-015  -1.5586164376723882E-012  -4.3840019617075445E-015  -6.6813911030281699E-016  -1.4303633924237215E-018   5.6707354124134025E-019   6.3732618031278324E-019   1.4636453566199980E-018   8.4146973465354383E-020  -3.3281970579426622E-020   6.5438665825909492E-015   6.0890088206506015E-024   2.2226134975822121E-026  -8.1594036568124394E-027  -6.0724001890848609E-024  -2.4388303200157513E-026  -2.4027777397110153E-024  -1.7064656842458841E-026   1.0205051100849108E-027   2.8004768007869418E-027   7.1127912517918382E-027  -1.3023833661405272E-012  -3.6637310853278008E-015  -5.4766533361437532E-016  -7.8331775287214416E-017   3.1054962702413531E-017   3.4902246851024095E-017   8.0154419987486680E-017   4.6081874111491739E-018  -1.8226447202864126E-018   4.1155806206080909E-026  -5.9307753068608687E-030  -1.7182568951737912E-028  -1.0051189273214629E-025   9.1558943490152191E-030   2.9151094618360819E-026   3.2242575107593597E-028  -2.3159094253100203E-028   2.1166248389359989E-028   1.8823509155911163E-028   1.5198844033133080E-026  -3.3375983537256517E-028   7.4772865402078404E-026   1.7365445918954925E-028  -5.9077401157163747E-026   2.6936240935594235E-015   2.5922278282262015E-024  -3.9794688017507416E-027   4.2858899912638939E-026  -4.2392976022849395E-025   3.7906966309131235E-026  -3.3625678549929999E-024   6.9381313405952433E-027  -8.4377230394225062E-027  -5.3657997950031681E-027  -2.3646268191201009E-026  -1.1055221419441070E-013  -2.8900844533950608E-016   2.9994521392116960E-016  -3.5850854692916176E-016   1.4213222457878508E-016   1.5974045872206693E-016   3.6685041876387597E-016   2.1090733037796664E-017  -8.3418718572673674E-018  -7.1467684370729043E-015   6.5740843969957880E-013   1.9158720442136861E-015   1.4819334666842298E-015  -1.4681658864740674E-015   5.8206055433628215E-016   6.5416987758230951E-016   1.5023275594301832E-015   8.6370869095724913E-017  -3.4161673048761478E-017  -6.7848433375954354E-015   8.6001283267269805E-013   2.5271156602656402E-015   2.2565429056516232E-015   3.2548994591718003E-016  -4.7212534163401562E-013  -2.5252625119830025E-015  -4.4737494001295924E-015   3.4504898815475674E-015   1.3967564721693567E-015  -8.5089188101820364E-016  -3.5795231370279275E-016  -4.5431254235815872E-015
  -5.9898652912306921E-016  -6.6402143823255825E-013  -9.0943768133955629E-016   9.7290573604632417E-017  -1.3354565468476247E-015  -1.4853131017309407E-012  -2.0330389828688704E-015  -2.5382807702147983E-018  -1.3789959079339597E-019   1.4279511278802895E-019   5.6519690860047164E-019   4.7065526021024953E-019   1.9730838580451804E-018   2.7053110986494186E-016   2.2226134975822121E-026   5.5963319827111938E-024   1.3937227907564594E-026   3.5190086581224171E-027  -8.8902082902069433E-027  -2.9491592853678839E-028  -5.7518449382164466E-024  -3.9142177304363096E-026   9.5841771941565144E-025   1.6445451948095681E-026  -1.1059176178433654E-015  -1.2403578033899375E-012  -1.6871521233015147E-015  -1.3900527691773016E-016  -7.5518715754475182E-018   7.8199678125368388E-018   3.0952191714545965E-017   2.5774755039582207E-017   1.0805308508054733E-016   1.1783256848359192E-026   7.8482020760440950E-028  -2.6487714131165053E-028   4.4010048131340306E-027   1.5932524166716910E-028   9.1533188160488819E-027   6.9301923577573446E-028  -8.3853607632173354E-029   4.6941607364270630E-028  -6.2864231756297229E-029   1.0638102228202909E-026   6.5353000083946226E-028   8.6417810080284284E-027   5.9719726898513140E-028   8.4324469878702383E-027   4.8811037758560387E-017   2.6388621836129763E-026   2.3259367319566925E-024  -1.0217999945946988E-026  -1.1016933095342663E-029   2.9125978870753267E-026   1.2719640519340415E-026  -4.0982642433803335E-025   5.0997701049218420E-026  -3.0111605276561534E-024  -3.4292599969811475E-026   2.5847893802540365E-016  -8.6536557582812694E-014   1.2230599789480777E-016  -6.3619877498637764E-016  -3.4563374536602295E-017   3.5790396285173441E-017   1.4166186285269222E-016   1.1796579203893951E-016   4.9453691205090978E-016  -1.0448263492519732E-015   1.7770240570132822E-015   6.9310173102875628E-013   1.8067387226868816E-015  -2.6053642141162851E-015  -1.4154409389429970E-016   1.4656899912909452E-016   5.8013432672935629E-016   4.8309406616911453E-016   2.0252298871644714E-015  -1.2538413515055716E-015   2.6484650912694495E-015   9.2380292730740157E-013   2.6052537981949655E-015   1.8512237895768004E-016  -5.4262500788583717E-015  -5.1828145289805365E-013  -9.9734462838815454E-016   1.0851792594896330E-015   6.0630386594782062E-016   1.2147970955342846E-016  -1.8429236699689471E-016   8.3922923179095108E-016
