   7.2573302484616395E-002   7.9502987490574024E-016  -6.5171110243798744E-016   1.3117162750653822E-016   6.7909285985701923E-002   4.2741915583484864E-016   3.7276536521503810E-016   1.1875644884072253E-016  -9.4643548846120634E-018   4.3052595487398491E-018   1.2664700038467749E-016   2.6310486821645070E-017   7.9790194325042918E-017  -4.3450029394026897E-016   1.8959366354899292E-015  -9.3700160369929035E-018  -2.0161878113697011E-017   6.1685113019782349E-016   1.3676002168599734E-018   5.6966615395450839E-016  -4.4091726566589741E-017  -4.3673585763874466E-018  -3.3374203893496648E-017  -1.5058527286572242E-017   7.0872585303466046E-002   7.4816573141910847E-016  -3.2890882264958126E-016   4.1810712016062917E-016   4.5611439433190448E-018  -1.0133192729684907E-017   3.7599933391979419E-016  -4.1781800025164072E-017   4.2434836980860236E-016   4.0292470420141987E-016  -1.1909964747388364E-016  -4.8072110713013215E-019   2.1889884915219862E-018  -7.0473675278390165E-017   1.0469584107509675E-017  -7.0653193470315791E-017   7.8080494589239326E-018   2.7085030867500773E-018  -3.7635566220054960E-020   3.1354873707816512E-018  -1.1578603367425831E-016   1.1982542689377406E-017  -6.5276411040144476E-017   1.0660638815339445E-017  -1.2435973991870580E-016   6.2351369729086406E-002   4.8388601780675121E-016  -1.0539588611047397E-016  -2.6123095511995558E-017  -1.8264156204502488E-017  -1.8758292544877862E-018   7.4213247049551138E-017   2.5770810092483759E-019   2.0506444076559873E-017  -4.0160494765256903E-017  -3.8719289665961733E-018  -1.5776847259955501E-017  -4.5009104697405351E-018  -3.5240163765875871E-017  -3.2309011239865294E-018   3.6733208162080672E-018  -2.3824296752226161E-017   7.3706743833820989E-018  -3.8398440918858437E-017   3.6452093180604235E-016   4.5964699908161418E-016   7.7927358243321709E-016   2.9721470042752039E-018
   7.9502987490574024E-016   7.2573302484612509E-002  -2.7168201460517565E-016  -2.9170606205637986E-016  -7.9132787301330742E-016   6.7909285985703394E-002   1.0205840152217126E-017   1.0432652473608705E-017  -6.3874998727545817E-017   1.9099630851504455E-017   6.2966969786638042E-017  -3.0506777607535537E-017  -2.1226530101840560E-017  -9.8070250004319751E-016   6.0079811830030842E-016   3.7229805335595562E-017   2.2003694028285402E-017   2.6643672572712775E-016  -2.4519223281848605E-018   2.5859169601408042E-016   3.5682066130538674E-016   2.2777356806122612E-017  -9.8932414742211901E-017   5.8817324132064726E-017  -5.6683758656324306E-016   7.0872585303465019E-002  -1.0613613862722785E-016  -6.3239223703526673E-017   2.7963381792486695E-016  -1.7353474181156098E-017  -2.1846813170786537E-016  -7.2984105396043672E-018  -7.4775753406369063E-017  -6.5310000915084813E-016   7.9776066240923975E-017  -1.0642364058489441E-016   5.5145406152639818E-018   6.7329206023340081E-017   2.4426982463983017E-018   4.9515619900579695E-017  -1.0536698825678454E-016   1.7205998258207868E-018  -4.6055695912831846E-017   4.1868379911115404E-018   1.5298477303772558E-016   6.9330666713642112E-018   7.2087750328648379E-017   6.9137022058554798E-018   8.7788709066818018E-017   2.9798885357217191E-016   6.2351369729084380E-002  -3.0901033727135303E-017   1.9115955459253911E-016   2.9601779222330131E-017  -6.1301061122330656E-018   9.1496361874868085E-017  -7.7187109199847189E-019   9.1279190927358798E-017  -1.0574975813657498E-016  -7.5670203113161779E-018   2.1832900494650923E-017  -1.6960607997136073E-017   5.0251027404853874E-017  -5.0877263369020008E-017   7.0102955794404476E-019   8.5434541407906569E-017   4.1435383194716155E-018   5.8444526368164737E-017   3.3980121818036891E-016   4.5234143366557602E-016   5.2397531949558059E-016   3.4516098855711063E-017
  -6.5171110243798744E-016  -2.7168201460517565E-016   7.2573302484608720E-002   1.0675374769580603E-015  -1.4491025544408932E-016   7.9512517998381390E-017   6.7909285985703616E-002  -3.1203594951949243E-016  -1.0547701979664816E-017  -2.7970580914084798E-017  -3.1692831229280387E-016  -6.3356710766683610E-019  -2.4260860467895103E-016   3.0866298999653440E-015  -2.3857980507515370E-016  -3.2733712612839059E-017  -1.2705273838929758E-015  -1.0579498660439244E-016   5.4109917400052130E-018  -1.2435872937850365E-016  -7.7126954425086309E-017  -1.2968332140642552E-015  -3.5757808928894913E-017  -2.6115798469152649E-015   5.1160507669858433E-017  -1.2439686760650136E-016   7.0872585303469821E-002  -1.4952604511330130E-015   1.2929301468300797E-017  -5.1616368345621910E-018  -1.4395929963825519E-015   5.5955124689645594E-017  -1.9595974892643858E-015  -8.0201314740350872E-016   7.1333666738081562E-016  -1.2904625613728766E-017   6.9124479026041296E-018   4.0599896242850024E-016  -1.0322765804488123E-017   5.0477413157204947E-016  -1.3542894892370855E-017  -6.7073458451501953E-020  -4.8646892364947647E-018   4.5517962489764559E-018   6.8163979190990799E-016  -1.8667153293270839E-017   4.8641347292823582E-016  -2.1181535134326949E-017   9.8459949867092060E-016  -4.1632488156071568E-016  -1.4336255973161572E-016   6.2351369729082347E-002  -1.2794424211405820E-016  -2.5586188328907865E-018  -8.1977796641553324E-016  -6.0936314124667917E-017   1.0901663132152909E-018  -6.0116003927722999E-017   4.5363919182368491E-018  -8.1270469037236465E-016   4.9354874401058946E-019  -2.0507538087826158E-015   3.8729536440901041E-016  -3.4831560403750952E-018   3.5021433280795816E-019   3.7494602101283379E-016  -1.0105376877235758E-017   4.6797021033830966E-016   7.7498284145494705E-016   2.0167334225488736E-015   2.9545602107392747E-015  -4.9919810055995476E-017
   1.3117162750653822E-016  -2.9170606205637986E-016   1.0675374769580603E-015  0.10253451485837382       -7.6174614121572415E-017   6.6569276873217171E-016   2.0787328618543278E-016   1.0023934397845975E-014   4.8534540667613464E-017  -1.3726548565141928E-016   1.1149076745584738E-014   2.8030408893576737E-017   1.0432658926137911E-014  0.26460943579628660        2.6935793087896502E-016   9.4123962452942650E-017  -7.7228216838947134E-018   1.9421709144242530E-016  -2.8866706956832476E-017   1.8688791180450285E-016  -8.5724479990534912E-017  -2.0309241411802444E-018   6.5088833020005832E-017  -2.9077220410920429E-017  -1.1533886520852562E-015  -2.3686332698831402E-017   3.6110032783435808E-016   6.8254642441198680E-014  -2.0312523094614375E-016   2.1628252037960566E-016   5.8858373464734592E-014  -1.8748463205535967E-017   6.3304714243087541E-014  0.15263706507793290       -2.8466959815833595E-014  -4.8113481248222072E-018  -3.7156221584774583E-017  -1.4697200936849557E-014  -4.8802307747523003E-017  -1.5397574687784729E-014   7.4013393416991643E-018  -9.9269387138784840E-017   2.9203373295343661E-017  -7.0236378401515414E-017  -2.8137789974899296E-014   5.2888803163340650E-017  -1.5211242500318983E-014  -2.0565600175297756E-017  -2.7556471415874137E-014  -1.5028122983191091E-017   2.8593708417873427E-016   3.8504802275706283E-016   7.3471360633784795E-017  -5.7030760127531307E-017   1.4243939880574561E-017   1.4465285318476471E-017   6.6377599326936947E-018   1.8166331848962674E-017   1.2496596014901860E-017   6.2246615652977850E-018  -4.7924775467230476E-017   4.3587015057640493E-017  -1.6406323751071296E-014   9.1531686704272785E-017  -7.8684262064403353E-018  -1.0269329432936419E-014   1.1564892441982164E-017  -1.2776999148483577E-014  -4.2451766653701026E-002  -6.9187635304209558E-002  -5.4154386565389415E-002  -7.5753015437658574E-003
   6.7909285985701923E-002  -7.9132787301330742E-016  -1.4491025544408932E-016  -7.6174614121572415E-017   6.3545008497655237E-002  -1.0366478956954095E-015   7.8384866572605432E-016   1.1112441312253221E-016  -8.8561159617286983E-018   4.0285765140706140E-018   1.1850786823670531E-016   2.4619609592285881E-017   7.4662375002409014E-017  -9.0779138713134030E-016   1.7740918324275807E-015  -8.7678399213216166E-018  -1.8866149120371081E-017   5.7720840001854154E-016   1.2797096323478337E-018   5.3305582687892191E-016  -4.1258115126414970E-017  -4.0866846679546688E-018  -3.1229367813718501E-017  -1.4090771689016767E-017   6.6317867578636641E-002  -7.9920212451214205E-016   1.4625181446042109E-016   3.9123692905729646E-016   4.2680161693649641E-018  -9.4819700836171437E-018   3.5183525378343634E-016  -3.9096638981086391E-017   3.9707707678026606E-016   4.6506462437562546E-017  -1.1144555565470569E-016  -4.4982694772938407E-019   2.0483103345291490E-018  -6.5944594018656347E-017   9.7967428374775422E-018  -6.6112575243398036E-017   7.3062551316182787E-018   2.5344376570199035E-018  -3.5216868216169565E-020   2.9339812476096107E-018  -1.0834489550199206E-016   1.1212469192803424E-017  -6.1081338642161215E-017   9.9755191691134114E-018  -1.1636760150238226E-016   5.8344278867980583E-002  -8.6623407502596588E-016   3.0081189275612544E-016  -2.4444261225843790E-017  -1.7090386747138967E-017  -1.7552766780966647E-018   6.9443837406787813E-017   2.4114615881295300E-019   1.9188571109050045E-017  -3.7579528986146292E-017  -3.6230944783717836E-018  -1.4762927906667591E-017  -4.2116536773471959E-018  -3.2975409378221199E-017  -3.0232631134126236E-018   3.4372501358607728E-018  -2.2293197721033222E-017   6.8969885270783892E-018  -3.5930715793424330E-017  -2.2160929277000253E-016  -8.1506834227651398E-016  -1.1898081849712269E-015   1.8071744969406483E-017
   4.2741915583484864E-016   6.7909285985703394E-002   7.9512517998381390E-017   6.6569276873217171E-016  -1.0366478956954095E-015   6.3545008497661384E-002   3.2183660890338448E-016   9.7621846625071178E-018  -5.9769989891878882E-017   1.7872168542848758E-017   5.8920316597186987E-017  -2.8546220361016418E-017  -1.9862379880988790E-017   1.5221403826830077E-015   5.6218705554950365E-016   3.4837184076930403E-017   2.0589598369525785E-017   2.4931382733112234E-016  -2.2943463904618044E-018   2.4197296852891283E-016   3.3388912319834188E-016   2.1313540715234858E-017  -9.2574396037845292E-017   5.5037353250448031E-017  -8.3950873214167703E-016   6.6317867578640666E-002   2.2659848219877785E-016  -5.9175073765933481E-017   2.6166279144814055E-016  -1.6238230873721000E-017  -2.0442799661802596E-016  -6.8293688120382844E-018  -6.9970193569678632E-017   7.3667021232949379E-016   7.4649154877589835E-017  -9.9584188629856699E-017   5.1601415796267244E-018   6.3002208119021541E-017   2.2857151061384477E-018   4.6333434988594184E-017  -9.8595443420800477E-017   1.6100232680380583E-018  -4.3095867460051398E-017   3.9177654699457438E-018   1.4315301010123777E-016   6.4875042367466124E-018   6.7454938462565158E-017   6.4693842534859309E-018   8.2146854920675698E-017   6.9024744018686194E-018   5.8344278867983081E-002   2.5781296777400576E-016   1.7887444028714359E-016   2.7699382859433294E-017  -5.7361469692912281E-018   8.5616230659052450E-017  -7.2226580486306669E-019   8.5413016481422999E-017  -9.8953614102628640E-017  -7.0807160317658612E-018   2.0429781101705584E-017  -1.5870612739633254E-017   4.7021580584969836E-017  -4.7607570690740603E-017   6.5597699298513700E-019   7.9943980870159452E-017   3.8772485073200251E-018   5.4688513813512643E-017  -9.9896742825468154E-016  -2.1952011836057681E-015  -2.9182809298724455E-015  -3.6194558275673044E-017
   3.7276536521503810E-016   1.0205840152217126E-017   6.7909285985703616E-002   2.0787328618543278E-016   7.8384866572605432E-016   3.2183660890338448E-016   6.3545008497665104E-002  -2.9198255843803593E-016  -9.8698403642518455E-018  -2.6173015605614099E-017  -2.9656050723390172E-016  -5.9285010372767161E-019  -2.2701705108768973E-016   8.8795969172116097E-016  -2.2324716746486507E-016  -3.0630038527877831E-017  -1.1888753096740274E-015  -9.8995935904861113E-017   5.0632474058380002E-018  -1.1636665590591595E-016  -7.2170291635413126E-017  -1.2134905618815696E-015  -3.3459787409965506E-017  -2.4437433136831730E-015   1.0074396704684145E-015   1.4182879012610230E-016   6.6317867578648826E-002  -1.3991656176967557E-015   1.2098383302773310E-017  -4.8299176136728118E-018  -1.3470757034261795E-015   5.2359096731483563E-017  -1.8336614396679152E-015  -2.0448896116683099E-015   6.6749317022668347E-016  -1.2075293273679977E-017   6.4682105596435747E-018   3.7990691763424466E-016  -9.6593600012756226E-018   4.7233417366380991E-016  -1.2672543357324069E-017  -6.2762896491331829E-020  -4.5520537343991921E-018   4.2592692166098407E-018   6.3783333517007540E-016  -1.7467484710381336E-017   4.5515348633056516E-016  -1.9820276572893012E-017   9.2132294724803311E-016   4.5462629971385523E-016   9.3034077775937811E-017   5.8344278867984406E-002  -1.1972174106021854E-016  -2.3941859072519977E-018  -7.6709388246314757E-016  -5.7020163629515482E-017   1.0201053748629935E-018  -5.6252571721005126E-017   4.2448548649672862E-018  -7.6047517958996210E-016   4.6183020004804615E-019  -1.9189594812283042E-015   3.6240533036467621E-016  -3.2593065436004339E-018   3.2770735888756253E-019   3.5084963338348220E-016  -9.4559418526529288E-018   4.3789550369973408E-016  -1.1372928792164129E-015  -2.2621681090417207E-015  -3.6892261798810438E-015   1.3750646200517548E-017
   1.1875644884072253E-016   1.0432652473608705E-017  -3.1203594951949243E-016   1.0023934397845975E-014   1.1112441312253221E-016   9.7621846625071178E-018  -2.9198255843803593E-016   1.1448895469453833E-027   1.5998069441279559E-029  -1.6162979167189520E-029   1.2983889649290248E-027   6.3465903273295073E-030   1.2115991829726051E-027   2.5809400529823985E-014   2.2418700644207397E-029   3.8605524083104195E-030   6.7925639195018522E-030   1.2976944543542183E-029  -2.4604712789659197E-030   8.2143322420410227E-030  -1.1105413430448940E-029   1.0594923661292157E-029  -2.2153213057762342E-030   1.1862018499205289E-029   1.1597345390996944E-016   1.0188168748959722E-017  -3.0472355112633600E-016   7.2596770226600177E-027  -2.9743106302712603E-029   2.2239576142461806E-029   6.2332070566042101E-027  -2.7140017191559033E-030   6.7073965406010521E-027   1.5090115195693712E-014  -2.8482416939143844E-027  -1.0381562360971969E-030  -1.8334116133184908E-030  -1.4631174494659279E-027  -6.3218808141715305E-030  -1.5337742858617336E-027   1.5150116272161107E-030  -1.1661391555612310E-029   3.2559711688925429E-030  -6.2813152491830874E-030  -2.8248605197137061E-027   6.6233702790419606E-030  -1.5088834746859899E-027  -2.8092312043107606E-030  -2.7666438624725482E-027   1.0202963067510514E-016   8.9632158020938549E-018  -2.6808575869051960E-016  -1.3778243688333558E-030  -1.2126024201514551E-030   2.9656905723466109E-030   2.9232991404879351E-030   7.7283228099579328E-031   7.2770265355716835E-030   4.5425155141024501E-030   6.5724641726404620E-031   1.2939131020523178E-030   1.1819613484121857E-029  -1.4521004253444405E-027   9.8945985123233511E-030  -1.2223846692781225E-030  -7.2034902926370560E-028  -1.1119946619051387E-031  -1.0453915818390976E-027  -9.9921661021250741E-016  -2.5919217444419890E-017   4.5927392152601733E-015  -7.4347761377422694E-016
  -9.4643548846120634E-018  -6.3874998727545817E-017  -1.0547701979664816E-017   4.8534540667613464E-017  -8.8561159617286983E-018  -5.9769989891878882E-017  -9.8698403642518455E-018   1.5998069441279559E-029   8.5413511050381305E-031  -2.7583440120879513E-031   1.9471877028149009E-029   2.8184588413528521E-031   1.8078663332412836E-029   1.2118061464684994E-016  -1.1726706578744778E-030  -3.5839736038464708E-031   3.0963278906349134E-031  -7.2408605892372607E-031   1.3855747878436308E-032  -9.9004671820677762E-031  -5.4635266422239750E-031   5.2698760405719561E-031  -4.6812618551712944E-031   5.5605740197642655E-031  -9.2425627047070871E-018  -6.2378121720949746E-017  -1.0300522130270273E-017   7.2390938483761860E-029  -1.0237512117556598E-030   1.9481443937969113E-031   6.0684123575450467E-029  -4.4395654394343472E-032   6.5287000583114929E-029   8.3804838309717554E-017  -1.7896439146824805E-029   5.1588118423910422E-032   1.0168440197139964E-031  -8.7464140237229521E-030  -1.3598329022682970E-031  -9.1975548943800578E-030   1.4775895905493009E-031  -1.8369754293641010E-031   8.1659171145779077E-032   3.1720020009939772E-033  -1.8416231172057067E-029   1.1302620532306585E-031  -8.6746629010726346E-030  -7.6566183648590156E-032  -1.7940158648138456E-029  -8.1313027029871046E-018  -5.4878220030712547E-017  -9.0620606119728926E-018  -7.3672084986382019E-031   2.5062854226270969E-031  -2.3574071467523584E-033   1.9770708688999638E-033   1.2448549003648733E-032   2.9151159790008339E-031   3.3875979000835437E-031  -1.0812525240766612E-031   3.7281905787970615E-031   2.4832959297980605E-031   2.6920004355415824E-030   1.5392390049255210E-031  -3.6339882294099081E-032   1.4620745499920921E-029  -8.6888855647129580E-032   7.9833835846240174E-030   1.9651412850244661E-016   4.3044693896320759E-016   6.5403745934802011E-016  -3.7854100028135314E-018
   4.3052595487398491E-018   1.9099630851504455E-017  -2.7970580914084798E-017  -1.3726548565141928E-016   4.0285765140706140E-018   1.7872168542848758E-017  -2.6173015605614099E-017  -1.6162979167189520E-029  -2.7583440120879513E-031   2.5036493183317412E-031  -1.8417449319005814E-029  -1.0644652231035445E-031  -1.7224505274756473E-029  -3.5319744792367206E-016   1.4490893198596042E-031  -7.9104596289157477E-033   4.6741815007462851E-031   1.9612829341144004E-032   2.9259583631948662E-032   1.0290239164802489E-031   2.8916741857691118E-031   4.1643559003267155E-031   5.0997007128811298E-032   9.9862778838682322E-031   4.2043680551307654E-018   1.8652041046014949E-017  -2.7315105058659795E-017  -1.0098860269802120E-028   5.1452748821979702E-031  -3.1193317052702178E-031  -8.6582931312102463E-029   9.1784639222156817E-033  -9.2948032863457975E-029  -2.0729506998872699E-016   3.8939145070145987E-029  -5.9431341678056975E-033   1.6572540143718061E-032   1.9962492397382327E-029   9.8939752441107099E-032   2.0888280182260364E-029  -4.4892899112726810E-032   1.6803394926596463E-031  -5.6145734550999598E-032   8.3026847085271192E-032   3.8687586846444991E-029  -8.4852117637698265E-032   2.0536377485052254E-029   5.4120523627373186E-032   3.7727232148859106E-029   3.6988647438236546E-018   1.6409452293612184E-017  -2.4030931105568111E-017   1.5967700871766005E-031   7.0531741450688612E-033   3.2941170089956300E-031   1.3035695714587285E-032  -1.1750469527267984E-032  -6.7294399558892213E-032  -1.0886263396796671E-031   3.6314027004666482E-031  -3.6816209025979551E-032   7.4927147987985643E-031   1.9125324109388766E-029  -1.5137629676528606E-031   1.8851973564887100E-032   8.6077779099083343E-030   1.2767245880032777E-032   1.3318562752494611E-029   1.4140536790646809E-018  -2.5881135061963517E-017  -1.0138939647890573E-016   1.0192322574438906E-017
   1.2664700038467749E-016   6.2966969786638042E-017  -3.1692831229280387E-016   1.1149076745584738E-014   1.1850786823670531E-016   5.8920316597186987E-017  -2.9656050723390172E-016   1.2983889649290248E-027   1.9471877028149009E-029  -1.8417449319005814E-029   1.4758347520946108E-027   7.5832331386465690E-030   1.3767652477560957E-027   2.8697285069551900E-014   2.3869383737312178E-029   3.4660537218432091E-030   7.3696807150199582E-030   1.3376922746051923E-029  -2.6773602231685613E-030   7.4477029383286055E-030  -1.2594843445982269E-029   1.2064948256981239E-029  -3.8783176999223645E-030   1.2688809844740996E-029   1.2367909452772195E-016   6.1491371960878210E-017  -3.0950126395071103E-016   8.1630033534769721E-027  -3.4397311827343845E-029   2.4890148955555146E-029   7.0046983087307973E-027  -3.0852454941027429E-030   7.5377108151251811E-027   1.6809755279471466E-014  -3.1771175488484444E-027  -1.3286808894319392E-030  -1.7521018681301121E-030  -1.6308827308931394E-027  -7.2827821918745944E-030  -1.7097126091733012E-027   1.7173779667106777E-030  -1.3270938451327142E-029   3.6462915352749391E-030  -6.8896617788872285E-030  -3.1524497571652915E-027   7.5709400650882734E-030  -1.6810077430462789E-027  -3.2688907767986562E-030  -3.0872012792152581E-027   1.0880879987147922E-016   5.4098086754735412E-017  -2.7228903330646691E-016  -2.8467306347323754E-030  -6.5443675813393155E-031   2.6545734322422058E-030   3.4563714885602992E-030   8.7919065343170856E-031   8.9307995135796904E-030   5.5084491088262891E-030  -1.4008606491281533E-031   2.3790710118431516E-030   1.2091127344302257E-029  -1.5912895952917030E-027   1.1113139450652990E-029  -1.4296049642699725E-030  -7.5713306377214685E-028  -3.2504575268923538E-031  -1.1308564873987396E-027  -6.2692828189470232E-016   1.0071128859775087E-015   6.6283415099119715E-015  -8.2737621735863261E-016
   2.6310486821645070E-017  -3.0506777607535537E-017  -6.3356710766683610E-019   2.8030408893576737E-017   2.4619609592285881E-017  -2.8546220361016418E-017  -5.9285010372767161E-019   6.3465903273295073E-030   2.8184588413528521E-031  -1.0644652231035445E-031   7.5832331386465690E-030   1.0780780105108911E-031   7.0485671550914852E-030   7.1045417325777089E-017   3.3316584997255448E-031  -1.1241325011236419E-031   3.8557605910146768E-032   1.7442804962982306E-033   1.9430878354552788E-033  -1.0221376250990064E-031  -2.5496839338455170E-031   1.1352777992486752E-031  -1.4142038722521120E-031   6.0855341319661242E-032   2.5693914398316010E-017  -2.9791867316252289E-017  -6.1871979565978912E-019   3.1502142251298188E-029  -3.8703365507500958E-031   8.6624542345648845E-032   2.6636563420305766E-029  -3.0153717350864131E-032   2.8624763149533594E-029   4.5394231461509009E-017  -9.2181537804399541E-030   3.0111749527699195E-032   2.8061036928729320E-032  -4.6085733649753445E-030  -4.5668737640288091E-032  -4.8318688480167831E-030   6.5312782568104239E-032  -6.9676349425836805E-032   3.5810534431764054E-032  -6.7964908371920991E-033  -9.3527556172827034E-030   4.5548702980411204E-032  -4.6446693334884831E-030  -2.4293566062010762E-032  -9.1130147335688662E-030   2.2604660879479064E-017  -2.6209905085326826E-017  -5.4432932808577682E-019  -2.6706123044169480E-031   6.0871546785621662E-032  -2.9543943196781664E-032   1.7203375367015199E-032   5.0219602488458463E-033   8.7916974170586123E-032   1.0791287382130016E-031  -6.4438341869420013E-032   1.0298717658922942E-031   8.0636168196679027E-033  -1.1728786511907055E-030   6.5862706035518945E-032  -1.1104249281804344E-032   3.3679135221334715E-030  -2.4136914486239296E-032   9.5398637856092143E-031   5.7140173171815612E-017   1.2809135823915395E-016   2.0090397592279087E-016  -2.1342651517803661E-018
   7.9790194325042918E-017  -2.1226530101840560E-017  -2.4260860467895103E-016   1.0432658926137911E-014   7.4662375002409014E-017  -1.9862379880988790E-017  -2.2701705108768973E-016   1.2115991829726051E-027   1.8078663332412836E-029  -1.7224505274756473E-029   1.3767652477560957E-027   7.0485671550914852E-030   1.2845401550073231E-027   2.6854359764132389E-014   2.0634990050585157E-029   3.2850530247607536E-030   5.8985192150004984E-030   1.1955631532219380E-029  -2.5064681188451066E-030   6.5030256607220051E-030  -1.2156718091584740E-029   1.0205228047909268E-029  -3.3668598342326085E-030   9.8097492331160936E-030   7.7920353078512306E-017  -2.0729097530765882E-017  -2.3692319960384937E-016   7.6263719588897942E-027  -3.2304214173774451E-029   2.3291093554531522E-029   6.5447407270012951E-027  -2.8043786217892526E-030   7.0422377150439470E-027   1.5726454965065365E-014  -2.9712984390735691E-027  -1.1237717991221071E-030  -1.6756995529884846E-030  -1.5253638798216308E-027  -6.8006487093969845E-030  -1.5990022450895345E-027   1.6954169511156968E-030  -1.2384940891899161E-029   3.4520318075573010E-030  -6.4610418102730158E-030  -2.9481547935423047E-027   7.0312735881262794E-030  -1.5723062768136782E-027  -3.0709499765249783E-030  -2.8868478858262908E-027   6.8551764034266967E-017  -1.8236778279764096E-017  -2.0843723920391756E-016  -2.7862671655630634E-030  -7.1897008024259234E-031   1.9186695197733522E-030   3.0275558809270900E-030   8.2182551620034790E-031   8.1034652875419431E-030   5.2321892562018123E-030  -6.6066761263239876E-031   2.0987622887677569E-030   9.8340014411862994E-030  -1.4916518335622020E-027   1.0436726530952053E-029  -1.3316674894185779E-030  -7.1361006599393074E-028  -2.9594518609201236E-031  -1.0617282917846209E-027  -6.4547828289182968E-016   8.1658436913189304E-016   6.0178050846448658E-015  -7.7415641338873414E-016
  -4.3450029394026897E-016  -9.8070250004319751E-016   3.0866298999653440E-015  0.26460943579628660       -9.0779138713134030E-016   1.5221403826830077E-015   8.8795969172116097E-016   2.5809400529823985E-014   1.2118061464684994E-016  -3.5319744792367206E-016   2.8697285069551900E-014   7.1045417325777089E-017   2.6854359764132389E-014  0.68289546375905741        6.9807505194466894E-016   2.4488801044367656E-016  -2.0696737530760082E-017   5.0393674243449699E-016  -7.4634744568604709E-017   4.8648967782779015E-016  -2.2012759384764523E-016  -7.1339701398128689E-018   1.7111436715457200E-016  -7.6305078063406443E-017  -3.7436319642554566E-015  -3.0109984667754174E-016   1.2631818587834643E-015   1.7593362116738658E-013  -5.2062199321611078E-016   5.5776140030752457E-016   1.5172378221758485E-013  -4.8176874422737729E-017   1.6318491860361802E-013  0.39384748142509629       -7.3441817084420015E-014  -1.2196473921452699E-017  -9.6549899524415215E-017  -3.7920006412514404E-014  -1.2535882949517437E-016  -3.9726813602716462E-014   1.8833885735435574E-017  -2.5547207269007659E-016   7.5224546131151338E-017  -1.8147518849266938E-016  -7.2589088105100364E-014   1.3599931336222047E-016  -3.9248335242859898E-014  -5.2744136945554594E-017  -7.1089870283204234E-014  -6.9208460279672279E-016   5.4492094856648444E-016   1.2987500719947277E-015   1.9290361551030776E-016  -1.4876533860069109E-016   3.7465143608160690E-017   3.6927063791795153E-017   1.7083471682121720E-017   4.4998086887694778E-017   3.1009589397243188E-017   1.7310237684579963E-017  -1.2585524387777287E-016   1.1293723195373120E-016  -4.2395230066940289E-014   2.3587240609245534E-016  -2.0140002377867592E-017  -2.6605317686434029E-014   3.0315853986228693E-017  -3.3048022274099527E-014 -0.11069691646615439      -0.18099411529860393      -0.14333952314391729       -1.9548425433766163E-002
   1.8959366354899292E-015   6.0079811830030842E-016  -2.3857980507515370E-016   2.6935793087896502E-016   1.7740918324275807E-015   5.6218705554950365E-016  -2.2324716746486507E-016   2.2418700644207397E-029  -1.1726706578744778E-030   1.4490893198596042E-031   2.3869383737312178E-029   3.3316584997255448E-031   2.0634990050585157E-029   6.9807505194466894E-016   5.6400296279992553E-029   6.9051421454052151E-031   3.7067244562042769E-030   1.9552327809592479E-029  -9.7243376204746704E-032   1.8497836629983837E-029   1.9814377767953437E-030   4.0726217957717303E-030  -9.7136139755455746E-031   8.4288021795421518E-030   1.8515063574130161E-015   5.8671873032686918E-016  -2.3298881280012586E-016   1.6577077400122108E-028   2.3493765311016964E-030   1.2241495688331739E-031   1.4386893141993514E-028  -1.3567343350209427E-030   1.5786229578146127E-028   3.9261559919008944E-016  -7.6493418705150598E-029  -8.3359613011019644E-031  -1.0825597261491836E-031  -4.0011808603178631E-029   2.7969823963845567E-031  -4.2241024543912931E-029  -6.4092954056497930E-031  -7.7969446666814107E-032  -3.0878705545311217E-031  -1.1269745323490077E-031  -7.4386553539826558E-029   5.0347753170777071E-031  -4.1691372240808733E-029   3.9652789777231872E-031  -7.4754020386159117E-029   1.6288944018692106E-015   5.1617584323964170E-016  -2.0497589508603478E-016   1.9661613698930924E-030  -5.9126278810012551E-031   2.7295197857656024E-030   2.8792080545375852E-030   7.8137700625861377E-033   1.2782350303445455E-030  -2.0769069747791787E-030   2.6953122079659900E-030  -6.5762499265602623E-031   6.6603674317919764E-030  -5.2514773890216357E-029  -3.0064861281048376E-031   1.0271825584657081E-031  -4.2315321427752985E-029   3.5502782104971866E-031  -4.5859867754639229E-029  -2.6827543414005659E-016  -5.1696079029924697E-016  -6.3412621892975892E-016  -1.9755814570963835E-017
  -9.3700160369929035E-018   3.7229805335595562E-017  -3.2733712612839059E-017   9.4123962452942650E-017  -8.7678399213216166E-018   3.4837184076930403E-017  -3.0630038527877831E-017   3.8605524083104195E-030  -3.5839736038464708E-031  -7.9104596289157477E-033   3.4660537218432091E-030  -1.1241325011236419E-031   3.2850530247607536E-030   2.4488801044367656E-016   6.9051421454052151E-031   3.0472257131268878E-031   5.0904867084629016E-031   5.3462869777495239E-031  -4.3198726608869367E-032   6.7388886200040121E-031   2.4649333234682144E-031   4.2045252210877696E-031   3.1956043099064040E-031   1.0664158426913651E-030  -9.1504346383800136E-018   3.6357344424800534E-017  -3.1966615270742318E-017   4.3824200793538993E-029   2.8134450661318892E-031   1.5669482947856377E-031   3.8700912589711110E-029  -2.1672412037471120E-032   4.1839692321509436E-029   1.3448811285666523E-016  -2.4320507124138686E-029  -3.2795036076726203E-032  -9.5775911892126593E-032  -1.2812502620153430E-029   1.3767061325794688E-032  -1.3450165819347698E-029  -6.6791979212585831E-032  -2.4871348060902923E-032  -7.5717730659798872E-033  -8.4842848299223808E-032  -2.3667150222179830E-029   1.3702839460902378E-032  -1.3480429638428804E-029   2.3260264336069291E-032  -2.3393324267275550E-029  -8.0502514600849317E-018   3.1985995923415434E-017  -2.8123176813696790E-017   5.3117973910387538E-031  -1.8024921370139642E-031   4.4515023994133303E-031   4.0861307037148534E-032   8.7605566814328250E-034  -8.6033919498127640E-032  -1.5421135840327501E-031   4.8403640285585953E-031  -2.3204147466581875E-031   9.9870282428964150E-031  -2.0346192515675254E-029   2.8300777416266356E-032   7.8341372304743543E-033  -1.9101306165156908E-029   5.9813234023363817E-032  -1.8796164305885307E-029  -1.4448980046088256E-016  -2.8915728676282333E-016  -3.8081207026318272E-016  -6.8566650123710246E-018
  -2.0161878113697011E-017   2.2003694028285402E-017  -1.2705273838929758E-015  -7.7228216838947134E-018  -1.8866149120371081E-017   2.0589598369525785E-017  -1.1888753096740274E-015   6.7925639195018522E-030   3.0963278906349134E-031   4.6741815007462851E-031   7.3696807150199582E-030   3.8557605910146768E-032   5.8985192150004984E-030  -2.0696737530760082E-017   3.7067244562042769E-030   5.0904867084629016E-031   2.2283109182895143E-029   1.6496909304314852E-030  -8.8722160999912258E-032   1.9335824628874386E-030   1.4378526948402197E-030   2.2779266375242334E-029   4.8825965172661453E-031   4.5789845631265314E-029  -1.9689395102211799E-017   2.1488049029345374E-017  -1.2407532427568126E-015   2.8405834056135919E-029  -2.5536557759430801E-031   8.5764066507362624E-032   2.6711805028587417E-029  -9.7618041174875275E-031   3.5991745215865749E-029  -9.3213002281308021E-018  -1.1089471290856931E-029   1.8628987422072282E-031  -9.3541862184440660E-032  -6.2771327154803324E-030   1.6135466018447075E-031  -7.9817437617775115E-030   2.1193955576673959E-031  -1.6966495701442377E-032   7.4017809871747089E-032  -6.6247642431370856E-032  -1.0653921074325842E-029   3.3908935588616148E-031  -7.5837871828980954E-030   3.5975083052672540E-031  -1.5983851551184133E-029  -1.7322082276283236E-017   1.8904478848183062E-017  -1.0915738977268598E-015   2.1818685895292930E-030   1.1978950397460266E-031   1.4324085851170956E-029   1.0872331974000664E-030  -1.8230605500182574E-032   1.1402936264753192E-030  -5.6987533091894473E-032   1.4181687516572823E-029   8.3672752052690964E-032   3.5878826856542849E-029  -3.5327183639117922E-030   5.1773081399728671E-032  -1.2270658601666277E-032  -2.0666739077350879E-030   1.5845337151907466E-031  -4.5388533360077205E-030   4.3975935298574929E-017   9.2412085860642392E-017   1.3203305858354247E-016   5.3297935841988455E-019
   6.1685113019782349E-016   2.6643672572712775E-016  -1.0579498660439244E-016   1.9421709144242530E-016   5.7720840001854154E-016   2.4931382733112234E-016  -9.8995935904861113E-017   1.2976944543542183E-029  -7.2408605892372607E-031   1.9612829341144004E-032   1.3376922746051923E-029   1.7442804962982306E-033   1.1955631532219380E-029   5.0393674243449699E-016   1.9552327809592479E-029   5.3462869777495239E-031   1.6496909304314852E-030   7.0887259654121324E-030  -7.7551446064430413E-032   6.8581437237667039E-030   1.0248486696838589E-030   1.6930633970586401E-030  -7.3139932738171502E-032   3.6793819689819207E-030   6.0239554833199138E-016   2.6019292116512592E-016  -1.0331573672548808E-016   1.0812468590498464E-028   1.1159182691646150E-030   2.1713699933424305E-031   9.4262366479056805E-029  -4.7275065555122080E-031   1.0267188063614314E-028   2.8139169621964075E-016  -5.2828989611766413E-029  -3.5718102600882575E-031  -1.2548646701056315E-031  -2.7658651285408894E-029   9.4715612118471221E-032  -2.9115284191935611E-029  -3.2052417884179742E-031  -6.8405269782068740E-032  -1.2477835979877428E-031  -1.2519078223080748E-031  -5.1450791563371932E-029   1.9253121694523184E-031  -2.8909708536553260E-029   1.4967514642046329E-031  -5.1228244757381285E-029   5.2996779214949038E-016   2.2890917495095519E-016  -9.0893787376595042E-017   1.2236234704348679E-030  -3.5212377981242296E-031   1.2731218659118389E-030   1.0317765580892510E-030   4.4419581920355208E-033   3.9255939967429796E-031  -8.6983234872061699E-031   1.2939127591531870E-030  -4.2148652276468249E-031   3.0289914609418679E-030  -3.8814515681709877E-029  -7.9192914843900487E-032   3.9427951247524001E-032  -3.3001673111618234E-029   1.7417239551000290E-031  -3.4456742410247862E-029  -2.2528314952891619E-016  -4.4084883111002577E-016  -5.5715633600249492E-016  -1.4215323643290299E-017
   1.3676002168599734E-018  -2.4519223281848605E-018   5.4109917400052130E-018  -2.8866706956832476E-017   1.2797096323478337E-018  -2.2943463904618044E-018   5.0632474058380002E-018  -2.4604712789659197E-030   1.3855747878436308E-032   2.9259583631948662E-032  -2.6773602231685613E-030   1.9430878354552788E-033  -2.5064681188451066E-030  -7.4634744568604709E-017  -9.7243376204746704E-032  -4.3198726608869367E-032  -8.8722160999912258E-032  -7.7551446064430413E-032   9.5365130612618958E-033  -8.6982827022438654E-032  -1.6173435275411055E-033  -8.4732729781818241E-032  -3.8582058969059667E-032  -1.8061687610777089E-031   1.3355512249291900E-018  -2.3944628177640573E-018   5.2841879939421380E-018  -1.7958178976246602E-029   2.5638434082617419E-032  -5.8319680809755398E-032  -1.5556291741374378E-029   7.5709031500769028E-033  -1.6763667909354760E-029  -4.2578225571190398E-017   7.9172425506509478E-030   2.5557930230135258E-033   1.5106898615798107E-032   4.1071018136563782E-030   9.3045817227736466E-033   4.3081179808780980E-030   2.3375935967915915E-033   2.3337786479110213E-032  -6.1225789409800509E-033   2.1434545478298815E-032   7.7988170858304138E-030  -1.3121311096571924E-032   4.2690599645541097E-030   2.0492597281206829E-033   7.6661434243993637E-030   1.1749740447747921E-018  -2.1065696392151715E-018   4.6488548134298981E-018  -5.8491906285430801E-032   2.4780595074382311E-032  -6.9524844554911508E-032  -7.7009612883075816E-033  -1.4558395138947454E-033  -1.1609658834726800E-034   7.6546479440409978E-033  -7.0222425709427654E-032   2.6565944817197144E-032  -1.6761270914442119E-031   5.0052348190966316E-030  -2.2158360011156866E-032   1.2139765190804844E-033   3.5842851648322809E-030  -7.0524106853174744E-033   4.1116084433850200E-030   1.9336555031566535E-017   3.5270710312827740E-017   3.8418846381607392E-017   2.1258798509218239E-018
   5.6966615395450839E-016   2.5859169601408042E-016  -1.2435872937850365E-016   1.8688791180450285E-016   5.3305582687892191E-016   2.4197296852891283E-016  -1.1636665590591595E-016   8.2143322420410227E-030  -9.9004671820677762E-031   1.0290239164802489E-031   7.4477029383286055E-030  -1.0221376250990064E-031   6.5030256607220051E-030   4.8648967782779015E-016   1.8497836629983837E-029   6.7388886200040121E-031   1.9335824628874386E-030   6.8581437237667039E-030  -8.6982827022438654E-032   6.7646246511427509E-030   1.1159969700848191E-030   1.8959628710853135E-030   1.7835316167814467E-031   4.2664123418242697E-030   5.5631632719477937E-016   2.5253173559810366E-016  -1.2144444794941048E-016   8.8998508948348813E-029   1.3386134515528063E-030   1.8440263663566412E-031   7.8501815132926107E-029  -4.4362176876575697E-031   8.5758727223198348E-029   2.6631765757314622E-016  -4.9371576041851948E-029  -3.2667844633477042E-031  -1.7181074430137326E-031  -2.6067868301391052E-029   1.3372385536078170E-031  -2.7454072768405420E-029  -3.2949721203893826E-031  -1.4646832588500809E-032  -1.3019933271305167E-031  -1.3866244617724096E-031  -4.7797132475628600E-029   1.5149414169416734E-031  -2.7426143485334857E-029   1.7138256185850363E-031  -4.7748193027470191E-029   4.8942880882254766E-016   2.2216911584619613E-016  -1.0684283130372769E-016   1.4727246015721585E-030  -4.4715364382624009E-031   1.5319239739488623E-030   9.6062820284437866E-031   4.2655714217860742E-034   2.5472803396828223E-031  -9.1909302481505410E-031   1.5898558563322981E-030  -5.5901546489990646E-031   3.5861469692030724E-030  -4.1526372457748739E-029  -1.0062713658215573E-031   4.8776162521929427E-032  -3.9422982209411733E-029   2.0284161775887462E-031  -3.8741833635322738E-029  -3.0030203345770835E-016  -6.0281290079007654E-016  -7.9820002383104957E-016  -1.3601896391483078E-017
  -4.4091726566589741E-017   3.5682066130538674E-016  -7.7126954425086309E-017  -8.5724479990534912E-017  -4.1258115126414970E-017   3.3388912319834188E-016  -7.2170291635413126E-017  -1.1105413430448940E-029  -5.4635266422239750E-031   2.8916741857691118E-031  -1.2594843445982269E-029  -2.5496839338455170E-031  -1.2156718091584740E-029  -2.2012759384764523E-016   1.9814377767953437E-030   2.4649333234682144E-031   1.4378526948402197E-030   1.0248486696838589E-030  -1.6173435275411055E-033   1.1159969700848191E-030   1.9911984226034070E-030   1.3975386583820127E-030  -3.2160968498780437E-031   3.0332136573039323E-030  -4.3058460140085627E-017   3.4845875674138769E-016  -7.5319524805253424E-017  -6.6813843915790759E-029   1.7116889090460532E-030  -2.7479760135421858E-031  -5.7756838248392370E-029  -4.3680582263374382E-032  -6.0935074722329574E-029  -1.3073553097461928E-016   2.4658596726391772E-029  -4.9394293938102588E-031   1.5608090484350598E-032   1.2684186897706423E-029   8.7383231638471889E-032   1.3109981262731192E-029  -5.2826204740945375E-031   1.2632356964181051E-031  -2.5285003899510993E-031   6.1437263835960875E-032   2.4941307319067756E-029  -2.2689654958141214E-032   1.2959110420898183E-029   8.4093281914404046E-032   2.3767598882506701E-029  -3.7881417146891884E-017   3.0656255424983275E-016  -6.6263640854105595E-017   1.1992649590990781E-030   1.2571422095989643E-031   8.6648905025185863E-031   4.3676821983219095E-031  -1.3043139241757767E-032   3.8850258685374704E-031  -5.7436925821485343E-031   8.8751668614377943E-031   4.4932220677146748E-032   2.0855393899426091E-030   1.0721288374426503E-029  -3.3854551156112901E-031   1.5925647171354965E-032   3.3226213518761799E-030   4.1077799264009367E-032   6.6727069513118306E-030  -2.3046653322255922E-017  -6.7334668879954344E-017  -1.3840572355317595E-016   6.3873242987709179E-018
