 5.0486512078678201E-008  1.5445943689559048E-015 -2.5208749263740528E-014 -3.9676226879593546E-008 -9.1097389018018846E-008 -6.6029697725919261E-007  3.2600288227309304E-013  2.2408795181418292E-013  6.7980611716236098E-010 -6.2662104166562973E-010  3.2728359001850346E-010 -6.4768076374708770E-010  1.0470225331172926E-010 -3.2125355278382424E-011 -5.8137303401839339E-008 -1.5733033202290560E-005  1.6943916532666943E-012  2.6260838676032381E-012  2.4069143013350749E-009 -2.2180933525267232E-009  1.1605458822549055E-009 -2.2930808378116818E-009  3.7022063612073815E-010 -1.1383346678106238E-010 -6.4975308231879267E-014  3.4449720729148951E-014 -7.0791912493590927E-015  4.4555861968098240E-014 -3.0804722494836392E-014  4.2711438594484337E-014 -4.5877945164576188E-014 -8.0308600803248794E-016  2.7101774723585570E-014  5.8723771403894108E-015 -6.8404781881902841E-005  1.2260872291065785E-011  1.3890728219631649E-011  4.3330796204919962E-008  3.8048544972743993E-009 -3.5106305360133086E-009  1.8348794967723752E-009 -3.6258298295027854E-009  5.8494475800380096E-010 -1.7902466660502349E-010 -2.4839118669236777E-004  4.3615534011705660E-011  5.0100423154391095E-011  9.5838871873381943E-014  1.8367995889671008E-013  9.3509030043901619E-014  1.7302144224314481E-014 -1.2607393657823998E-014 -1.4574577422396642E-013 -6.0390099279036722E-014  7.6766247264938289E-014 -1.0265862019989757E-013 -1.2691886206721145E-013 -3.3989600301135671E-014 -5.6873989926134690E-016  1.7065240748466918E-015  4.1670547543993258E-014 -2.0826446209778764E-014  1.8036021584684614E-014  1.0814071030592472E-014 -3.0302775609929386E-014 -1.3745567885458936E-014  2.0879816750801491E-014 -1.9834493061815460E-014  1.0510762846346535E-014 -6.8291141485934140E-015  5.0124072901557458E-015 -6.3799519149094596E-015  5.6046398014918512E-008  4.8632088681262510E-009 -4.4858196023854838E-009  2.3458635984058343E-009 -4.6340953674989663E-009  7.4719354565768567E-010 -2.2911349998736660E-010  6.0290337780239259E-014 -1.1663120559202447E-013 -4.8004089764783103E-014 -4.8917583502704737E-014 -4.5622319991190390E-014 -3.1906263037889075E-014  8.6778359371033579E-014  6.3049112037923815E-014  2.0568156594338538E-016 -1.1214762183687986E-014 -3.2634572407236299E-008  6.4240543467772829E-009
 1.5445943689559048E-015  5.0486530845587634E-008 -2.7797109161785604E-014 -6.0137057775244760E-008 -1.3807522778020377E-007  3.1953863209122843E-013 -6.6029689155011550E-007  1.5162878444519084E-013  1.0582848480673904E-010 -9.4623881705086449E-010 -2.5770411030555163E-010 -3.2237385816669446E-010  9.3041719418860468E-010  2.1654537567675618E-010 -8.8118636276257784E-008  1.8299071304867203E-012 -1.5733034028495743E-005  2.7833243554917720E-012  3.7432060441538298E-010 -3.3492048982802343E-009 -9.1239330062745166E-010 -1.1409795644461591E-009  3.2951496622894712E-009  7.6665896319774153E-010 -3.2293320098409999E-015 -1.8624819293254230E-014  9.7896576534754058E-015  3.8807629729524446E-014 -2.9648158401986619E-014 -3.4475578236497511E-014  5.9371087041746270E-014 -8.3403003995926353E-014 -6.0955062141939382E-014  5.4868243727726840E-014  1.2873901840184641E-011 -6.8404783069642662E-005  1.3948517151859327E-011  6.5718991454572118E-008  5.9319734444895455E-010 -5.2982573658578545E-009 -1.4443423885930705E-009 -1.8061262590535331E-009  5.2096305803575563E-009  1.2129289235834229E-009  4.5831397321370871E-011 -2.4839119139633253E-004  4.9889329778084227E-011 -5.8276006633010735E-014 -9.2373683014651357E-014  1.4397557490261205E-014  1.8131652047496487E-013  1.4323871397498891E-013 -1.0313215205480933E-013 -1.9891338105103065E-014  1.6223094667463251E-013  1.1908685067873746E-013 -1.3165123266089513E-013 -2.5759568874389011E-015 -3.6257583358523922E-014  8.0530995660174262E-015  1.8814414146543896E-015  1.4305656731344028E-014  2.6455498623342822E-015  3.5505179622622431E-014 -1.7434037463233017E-014  1.0095450186547274E-015  4.9415999776753291E-015  1.0740387129814152E-014 -5.2787093998477474E-014 -2.0746499607681709E-014  4.2124298648254979E-014  1.0305657690600678E-014  8.5030370000163775E-008  7.5755675157860246E-010 -6.7700829931452961E-009 -1.8463484190071756E-009 -2.3069041553228808E-009  6.6580148879121117E-009  1.5493474067687017E-009  8.3442743773199896E-014 -4.9561475553959336E-015  2.5034834925177164E-014 -1.1098973914088883E-013  6.0075025447011497E-015 -9.6134610575469657E-016 -8.9383242004335747E-014  2.0556923583991975E-014  1.2487998659630532E-013 -3.3982123961708521E-014 -4.9526155621220339E-008  9.7501928999211812E-009
-2.5208749263740528E-014 -2.7797109161785604E-014  5.0486505138753538E-008  1.9618772316427586E-008  4.5043190866999277E-008  2.5104850512543904E-013  1.8945175286597884E-013 -6.6029699325525195E-007 -2.8220562493914887E-010 -3.3773951329611881E-010 -3.6698450219252813E-012 -2.9758563911314670E-010  2.8228503199797345E-010  5.7979126476865399E-010  2.8747330501484313E-008  2.1996651952607237E-012  2.1703229400638270E-012 -1.5733033383280810E-005 -1.0002723524943125E-009 -1.1956419219065488E-009 -1.2490137111984224E-011 -1.0546850748792313E-009  9.9924594417523669E-010  2.0549574276516521E-009 -5.1915062056533880E-015  7.4942361379249526E-015  4.3744940245938777E-014 -4.8198261601360965E-014  8.2575458772563087E-014  5.5167810889686603E-014 -4.0394278305731461E-014 -2.9516549935051882E-014  4.6701371110831756E-014 -1.0554312529679140E-014  1.1962036147564926E-011  1.1173788920584104E-011 -6.8404784041831734E-005 -2.1623897578139221E-008 -1.5816247023186280E-009 -1.8924821781636684E-009 -2.0332967220146400E-011 -1.6698863570937078E-009  1.5785166415924730E-009  3.2515110728588173E-009  4.3132916541216456E-011  3.9865048982197127E-011 -2.4839119364249439E-004 -2.0643719071321973E-015  1.4626500995434419E-014 -1.7374388565851778E-013  7.6649059682274039E-014  3.2640747144001110E-014 -7.3878020026147205E-014  1.5839837007764963E-013  1.9964140598733938E-013 -2.2713825732925669E-013 -1.9221176132305279E-014 -2.0600814238680452E-015  8.0199920801371356E-015 -2.6693032895712725E-014  1.0480000184939822E-014  4.8286461058461259E-015 -6.8583647465257063E-015  1.0281042952961644E-014  2.1276616034444702E-014 -2.4553310509845609E-014  1.0834375730177125E-014  2.7951247787075252E-014  1.8826271215994483E-014 -5.9577113576678797E-014 -2.2425311720289219E-014  3.7821715997200128E-014 -2.8085787004247022E-008 -2.0218301781514186E-009 -2.4190971297217429E-009 -2.4864611823996857E-011 -2.1354733396995327E-009  2.0180935467453602E-009  4.1573035236869897E-009  4.9361402034785892E-014  2.5060246603217132E-014 -8.9694017547704016E-014  6.2529356310594117E-014 -1.3132958052108002E-013 -1.2875403067196409E-013  1.1092240316315604E-013  2.1885062625008144E-014 -1.7387732963305980E-013  5.0580599534973258E-014  1.6422695276637301E-008 -3.2376926273697953E-009
-3.9676226879593546E-008 -6.0137057775244760E-008  1.9618772316427586E-008  1.2234060408638529E-001  2.8084842334853383E-001  5.6625075081021269E-008  5.7749146326686708E-008  9.0693087361095494E-008 -2.1900964742057038E-009 -6.2111645254944638E-009 -3.9043444135432532E-009 -2.1673402628532342E-009 -8.3398233540713396E-009  4.3572841801825047E-009  1.7932442668245349E-001  1.0301702711121600E-008  8.2545146751135823E-009  3.0201915896679670E-008  2.4999174298886951E-009 -2.7763803221508496E-009 -6.3713775217116159E-010 -1.0168337371109851E-009  4.7589370779049615E-009 -1.4832075784037245E-009 -1.8560735869409075E-009 -3.5671161073630416E-010 -4.0745360713101147E-011  1.5506536821306990E-009 -2.2669589456128006E-009  9.3953518330827275E-010  1.1041524665091210E-009 -4.0212918391085183E-009 -1.1246690670027656E-009  3.0276642501032536E-009 -9.4000741135739051E-009 -8.1184384335573553E-009 -2.2257797227054690E-008 -1.3204419997624561E-001  1.7367036067375010E-009 -9.1165403000130485E-009 -3.5931334746745411E-009 -3.7505968659588482E-009 -1.9328285456518546E-010  2.0144669878605428E-009 -9.6263639787295269E-009 -7.9372467309650474E-009 -2.5424678351797930E-008 -1.1547621484227526E-009 -1.1342966650205273E-010  1.4424859863700010E-011  1.0180178743187211E-009 -1.1505592284428752E-009  5.3126012657644776E-010  5.9586907315280813E-010 -2.2104880126847999E-009 -6.8601430983108223E-010  1.6368492073040984E-009  2.2787871252484599E-011  2.8318953682077783E-012  6.7786512833740679E-012 -5.1311809347839223E-012  4.1608831085750536E-012 -3.4765902100185886E-011  1.2027947496089779E-011  2.3546972062197283E-011 -1.9936579838192503E-011 -2.4329405719100538E-011 -1.6032665290381637E-011  3.8030438923471374E-011  3.3394864576408406E-011 -4.1131736750888806E-011  8.4653038381711186E-013 -1.6988808959512697E-001  2.6973289991478219E-009 -1.0809308266610668E-008 -4.0786566311845629E-009 -4.4301615257117885E-009  1.3536299949858110E-009  1.7331283801765712E-009 -3.8982398303105674E-010 -5.1745480717519234E-011  9.2009971696352225E-014  3.3849022242486030E-010 -4.2069937297088166E-010  1.8451370773333182E-010  2.1273488161241148E-010 -7.8194234907042623E-010 -2.3366885227300301E-010  5.8275689184925083E-010  9.8374561606935265E-002 -1.9326196451789564E-002
-9.1097389018018846E-008 -1.3807522778020377E-007  4.5043190866999277E-008  2.8084842334853383E-001  6.4501976612426537E-001  1.3003626279619918E-007  1.3261026521282262E-007  2.0829793980630296E-007 -5.0635474016352529E-009 -2.0742797407881722E-008 -1.2436335989528735E-008 -7.2441338793468452E-009 -2.2767785661404350E-008  1.2307312663651293E-008  4.1128544767427849E-001  2.4399771524096815E-008  1.9508798294431539E-008  7.1317808936888607E-008  5.6165177235889974E-009 -2.9351621102591610E-008 -1.3769961594903811E-008 -1.0373597606567683E-008 -1.9003653813336879E-009  4.7567639583105323E-009 -4.2501926207483460E-009 -8.1891221875277281E-010 -9.4072416646649882E-011  3.5497119575524799E-009 -5.1960574258083634E-009  2.1525309874482809E-009  2.5301115793563456E-009 -9.2139110809499250E-009 -2.5755995191370868E-009  6.9377623441548400E-009 -1.8661057866499464E-008 -1.6571400452813217E-008 -4.2999083918254452E-008 -3.1441670553222151E-001  3.7908035026984477E-009 -5.7214989942870609E-008 -2.7688027755745290E-008 -2.1303388412921911E-008 -2.0706755131079738E-008  1.7514139031204676E-008 -1.1226934605937378E-008 -1.0385991006459094E-008 -2.8833567253857412E-008 -2.6708061727498407E-009 -2.6085666127107249E-010  3.3955858539975179E-011  2.3557444716852054E-009 -2.6575399898762969E-009  1.2275226943861915E-009  1.3770112480864334E-009 -5.1084135182758472E-009 -1.5866017412742355E-009  3.7822782682198753E-009  5.4511223073184626E-011  7.1033528194609725E-012  1.6227500404194911E-011 -1.2795048502402998E-011  9.5562364647496910E-012 -8.2609529812827781E-011  2.8065792100904338E-011  5.5724909420086827E-011 -4.7184390906907634E-011 -5.7762106160428937E-011 -3.7831886354962287E-011  9.0356238261004045E-011  7.9529116728196887E-011 -9.7478930092440741E-011  1.9317783882058366E-012 -4.1107486979340957E-001  5.9347975674080332E-009 -7.1216708485283275E-008 -3.4218693516739618E-008 -2.6405846557508300E-008 -2.2817109887694059E-008  2.0471843290448960E-008 -9.0204455188168537E-010 -1.1839253450933633E-010  7.3545686569864400E-013  7.8423644735647436E-010 -9.7028375609095131E-010  4.2598374620303235E-010  4.9120158286521439E-010 -1.8056909155109365E-009 -5.4062477971715297E-010  1.3453344899984646E-009  2.4205065262111827E-001 -4.7837125111166744E-002
-6.6029697725919261E-007  3.1953863209122843E-013  2.5104850512543904E-013  5.6625075081021269E-008  1.3003626279619918E-007  8.6358151800585325E-006 -5.9298373536753676E-012 -3.2010453348101433E-012 -8.6927097573574388E-009 -4.1958863144940681E-009 -5.3288237411783621E-009  4.1522214708614884E-009 -5.2033843493213533E-009  4.5404883114703330E-009  8.2947041049795742E-008  2.0576736658436005E-004 -5.6913156915618421E-011 -3.2869753418428141E-011 -3.0777590345671354E-008 -1.4847961965875816E-008 -1.8889111866403066E-008  1.4705240510461436E-008 -1.8412240085125415E-008  1.6072349878335178E-008  8.5716840393193161E-013 -4.4924036769612007E-013  9.3120932125653054E-014 -5.8967913054139053E-013  4.1394374307265463E-013 -5.6155945900183671E-013  5.9487886627193495E-013  2.6698204931692538E-014 -3.4887039546807870E-013 -8.9272267267814323E-014  8.9464451332627113E-004 -3.1132549356340471E-010 -1.7469495049096258E-010 -6.1762121837960493E-008 -4.8652431125541082E-008 -2.3467838705855769E-008 -2.9868073598172934E-008  2.3240053071779440E-008 -2.9118212807810879E-008  2.5412378036153253E-008  3.2486297918601038E-003 -1.1187021707563655E-009 -6.3011519905589246E-010 -1.2489487910501782E-012 -2.4017142634156363E-012 -1.2229055918547700E-012 -2.3040080383406167E-013  1.7020041271114637E-013  1.9042403756329941E-012  7.8714682895493430E-013 -9.9520826450430907E-013  1.3456522779070755E-012  1.6533258317139572E-012  4.4440124233491911E-013  7.3792259593877932E-015 -2.2344112070771382E-014 -5.4488361139310507E-013  2.7238791846382148E-013 -2.3575786115005005E-013 -1.4142022517227361E-013  3.9624098557850589E-013  1.7983504847165474E-013 -2.7299629026917302E-013  2.5943637856932749E-013 -1.3762113953658284E-013  8.9155132519591176E-014 -6.5405527243772661E-014  8.3458827006220321E-014 -7.9873208200851076E-008 -6.2185618700076889E-008 -3.0008196384668984E-008 -3.8183539419296081E-008  2.9702325178018173E-008 -3.7210238243653749E-008  3.2483293512481619E-008 -7.8711277644995386E-013  1.5257749060324875E-012  6.2792057315281445E-013  6.3859454575111338E-013  5.9899532781734809E-013  4.1658932632847151E-013 -1.1360373818719859E-012 -8.2128668219168700E-013 -1.6190164444120587E-015  1.4413789715084053E-013  4.6482130319730877E-008 -9.1480970804747257E-009
 3.2600288227309304E-013 -6.6029689155011550E-007  1.8945175286597884E-013  5.7749146326686708E-008  1.3261026521282262E-007 -5.9298373536753676E-012  8.6358123328920466E-006 -1.7583415240655448E-012  4.9025692422702326E-010 -1.6371150206550906E-009 -2.5045638324367647E-009 -3.2229210048141669E-009 -1.3499769856576085E-008  2.7326640512498517E-009  8.4598296886163079E-008 -5.7870622321864752E-011  2.0576733933282208E-004 -1.8495843964442548E-011  1.7384071129268762E-009 -5.7933650728061329E-009 -8.8611249215994585E-009 -1.1407638380300402E-008 -4.7807846116889128E-008  9.6692312267838498E-009  5.3037534649639132E-014  2.4610938576473512E-013 -1.2760925578878751E-013 -5.1826742271060691E-013  4.0388135895384866E-013  4.4711729343458758E-013 -7.8402673435705716E-013  1.1166818349266200E-012  8.0479472637111926E-013 -7.3721241696433075E-013 -3.1563864857899877E-010  8.9464436345563375E-004 -1.0367808345255833E-010 -6.3026684064134679E-008  2.7367139255494446E-009 -9.1668092564190951E-009 -1.4005753928663475E-008 -1.8032166820826058E-008 -7.5588790847736576E-008  1.5295452774112537E-008 -1.1342971670097186E-009  3.2486292527298248E-003 -3.6685464205347444E-010  7.6891959841526451E-013  1.2090778397628025E-012 -1.8827962971983779E-013 -2.3778360474694744E-012 -1.8655349039229303E-012  1.3462365130269766E-012  2.5624763782060730E-013 -2.1078352773474660E-012 -1.5532119513552976E-012  1.7114245552606534E-012  3.3493271502165687E-014  4.7411999637430693E-013 -1.0537050538175464E-013 -2.4481557948951420E-014 -1.8706628069458341E-013 -3.4380578024681121E-014 -4.6434109090867018E-013  2.2788328503223681E-013 -1.3120952579004529E-014 -6.4485432371033886E-014 -1.4040964574925051E-013  6.9012568092425012E-013  2.7110480365259782E-013 -5.5069485835366855E-013 -1.3477782023296196E-013 -8.1566610206236422E-008  3.5056526982104181E-009 -1.1736537109617441E-008 -1.7896068517500214E-008 -2.3066210032898174E-008 -9.6604557626281925E-008  1.9560557293214087E-008 -1.0892919029152470E-012  6.5398806325673580E-014 -3.2728208052160344E-013  1.4496576076489841E-012 -7.5267549094286091E-014  1.1792566360821407E-014  1.1675490731968176E-012 -2.6367838847912322E-013 -1.6318778131703791E-012  4.4047636565356649E-013  4.7480815930850607E-008 -9.3457704676848703E-009
 2.2408795181418292E-013  1.5162878444519084E-013 -6.6029699325525195E-007  9.0693087361095494E-008  2.0829793980630296E-007 -3.2010453348101433E-012 -1.7583415240655448E-012  8.6358160157852044E-006  2.0936135870960706E-009 -1.9662781145847007E-009 -2.9523019720291490E-009 -1.0282316302323065E-009 -7.4031341140160228E-009 -1.0653819666566892E-009  1.3283609939814233E-007 -3.0794091395813801E-011 -1.5342318451002214E-011  2.0576737284753836E-004  7.4289172242950655E-009 -6.9561545459789990E-009 -1.0455861070610594E-008 -3.6208533728476535E-009 -2.6204201714883117E-008 -3.8080638554252458E-009  6.2500675452582865E-014 -9.9167637775913866E-014 -5.7139520704540982E-013  6.3403304127566370E-013 -1.0852485639415755E-012 -7.1794419721148476E-013  5.3046059105852471E-013  3.7581679714393849E-013 -6.1253296508202400E-013  1.4510979204327478E-013 -1.6544323498555188E-010 -8.9596647011678462E-011  8.9464455788802494E-004 -9.8728826525908954E-008  1.1742075084268417E-008 -1.0991564934987237E-008 -1.6533531720573500E-008 -5.7099788679907583E-009 -4.1424931691727289E-008 -6.0320963904265821E-009 -5.9670595849293141E-010 -3.1599395561358004E-010  3.2486299422371380E-003  2.3670870600900607E-014 -1.9159331976355539E-013  2.2727500167279426E-012 -9.9974374660252556E-013 -4.2968670695694163E-013  9.6796771340283983E-013 -2.0703135678754129E-012 -2.6168224582922291E-012  2.9691848372655703E-012  2.5538798379377499E-013  2.6976161441176531E-014 -1.0490280683915138E-013  3.4912799857306291E-013 -1.3703601643570891E-013 -6.3124505436276081E-014  8.9612203499888632E-014 -1.3438531116575287E-013 -2.7817822400257403E-013  3.2103733019480651E-013 -1.4178613893206033E-013 -3.6561829878110669E-013 -2.4612665902510177E-013  7.7925464247514008E-013  2.9317663037654952E-013 -4.9464567388488253E-013 -1.2745831014125356E-007  1.5012284532093849E-008 -1.4043846272335608E-008 -2.1146031338440070E-008 -7.2820749216926273E-009 -5.2952736726740272E-008 -7.7302096858465123E-009 -6.4678944439392385E-013 -3.2782671371737782E-013  1.1733522952462204E-012 -8.1679947911393483E-013  1.7168325911180544E-012  1.6845507850072355E-012 -1.4503184948750952E-012 -2.8804447782167368E-013  2.2736209011231888E-012 -6.6037679075757682E-013  7.4107568415881940E-008 -1.4579619106365643E-008
 6.7980611716236098E-010  1.0582848480673904E-010 -2.8220562493914887E-010 -2.1900964742057038E-009 -5.0635474016352529E-009 -8.6927097573574388E-009  4.9025692422702326E-010  2.0936135870960706E-009  9.5274547975882206E-003  1.1988713613149317E-009  7.1389614637839048E-010 -4.7637280303354538E-003 -1.4650690003351859E-009 -4.7637267672143409E-003 -4.9990448328911811E-009 -1.0281219794028257E-008  1.7318686424732674E-010  3.5489318351350915E-009  3.3721466429322902E-002  1.3066574590141219E-009  1.0072391172293272E-009 -1.6860734013245390E-002 -3.1905120760587331E-009 -1.6860732416001945E-002 -1.8556375890541359E-010  6.5710285974591861E-010 -2.1181120133823567E-009  1.1841123861923065E-010 -2.1684880647966924E-011  1.3054864669952295E-010 -4.4011304014452742E-010  8.0685881610909900E-010 -6.6629787880019792E-011  9.7735042723119074E-010  4.6227492907193071E-009 -2.8549296508616274E-010 -2.0972201167990253E-009  2.7785957324121986E-009  5.3346895616200610E-002  1.7660406142573583E-009  1.3674649272899847E-009 -2.6673449008328163E-002 -4.6320504604790467E-009 -2.6673446607983764E-002  3.7015978243562569E-009  2.8503082115459041E-010 -2.8931384543892653E-009 -1.5511132569967209E-010  1.9727060987632118E-010 -8.2551110677642231E-010  9.5360134370187694E-011 -3.2845660595084910E-011  1.1274351686757636E-010 -1.1087722380930280E-010  1.9948485319120843E-010 -4.8513415844366133E-011  4.6661269366896467E-010  2.0483551799068742E-011 -6.8141776761510008E-011 -2.4831138369463856E-011 -2.8131718673298775E-011  1.5433791532197117E-011 -7.8619170402635729E-012  5.1203102489546808E-011  9.8844160086762560E-012  2.2725678856949148E-011  1.7463698091093539E-011  1.0788548772453296E-011 -2.2632416194046136E-013  9.1741416788016442E-012 -1.1277187351229947E-011 -7.5486948715653759E-013  4.0786806111802728E-009  6.8182156561240326E-002  2.2689300455462482E-009  1.7348794659416340E-009 -3.4091079870382915E-002 -5.9180419307737647E-009 -3.4091076690922255E-002 -2.0707737262741185E-010 -3.2882954439177484E-011 -5.8433875261376520E-010  1.3637784103600967E-010 -9.3838744850805034E-012  1.4144556439419350E-010  1.3085749941961251E-011  1.6503447529932472E-010  1.5326512660339937E-011  3.1253083863988773E-010 -2.2886430396432101E-009  4.4959682348315259E-010
-6.2662104166562973E-010 -9.4623881705086449E-010 -3.3773951329611881E-010 -6.2111645254944638E-009 -2.0742797407881722E-008 -4.1958863144940681E-009 -1.6371150206550906E-009 -1.9662781145847007E-009  1.1988713613149317E-009  9.5274541572981097E-003  1.3904367204825005E-009  1.1017372815054487E-009  1.6202724754403787E-009 -2.3006096154031054E-009  7.3657133042599049E-009 -2.4896422498911997E-009  6.0331880037054835E-010 -1.5543859924049989E-009  3.0652290172139444E-009  3.3721465079248045E-002  2.5831886568360245E-009  2.0346789369715951E-009  3.8160396261672220E-009 -5.0999096737611878E-009 -4.2314641857222113E-010 -8.6826123804595703E-011 -7.4505739986029817E-011  7.8677465606849465E-010 -1.9825878820108218E-009 -2.1906355572368277E-010  6.7750066693952833E-011 -1.1656958354676177E-010 -4.0700081941267270E-012  1.4241889243587604E-010  1.4072694090868475E-009  4.7407659637495317E-010  4.0122961896523824E-010  3.9052664703941552E-009  4.6283403373218543E-009  5.3346893899891341E-002  3.6680218789150559E-009  2.8915603353346155E-009  5.6542887968492012E-009 -7.5199014255354978E-009 -1.4812415536520076E-012  2.0875521296283354E-010 -2.7129091908036144E-010 -1.3424263172543868E-010 -1.5553897781009803E-010  1.8098933891289965E-011  2.0996858507264518E-010 -7.0733621096287518E-010 -2.9862696414095125E-011  8.2266316136423173E-011 -3.1943003721446028E-011  4.5167197023446249E-011  1.0318755353268404E-011  3.7999368549591060E-011  2.6568105328202691E-011 -6.7092963841569124E-012 -7.8930519845772998E-011 -1.9480678982482736E-011  1.2179939356984287E-011 -2.7262245780402326E-011  1.4807725519965517E-011  9.3403802454189804E-013 -4.3277713303412383E-012  3.9811124154098661E-011  4.4805127824726808E-012  8.9971596074013227E-012  1.0038856190727448E-011 -1.2055742366363380E-011  2.0210365887351339E-009  5.9703885623857894E-009  6.8182154530257930E-002  4.6488785422124561E-009  3.7108458014235247E-009  7.1787726751235684E-009 -9.6812341545843542E-009  1.9640766035502045E-011 -2.0625377278299355E-010 -1.7665859035867766E-012 -4.0826928291309734E-011 -5.0842774384495793E-010  1.4476220331666221E-011  1.1510955040241545E-010 -1.7224802567850837E-011  5.1818082838346180E-011  1.4155166501537617E-011 -1.7471694037829617E-009  3.5459897072419224E-010
 3.2728359001850346E-010 -2.5770411030555163E-010 -3.6698450219252813E-012 -3.9043444135432532E-009 -1.2436335989528735E-008 -5.3288237411783621E-009 -2.5045638324367647E-009 -2.9523019720291490E-009  7.1389614637839048E-010  1.3904367204825005E-009  9.5274512336049420E-003  3.7340605057238317E-011  1.0020286110285184E-009 -7.5123744996659017E-010  1.9322418606543962E-009 -7.3112955032253079E-009 -2.1914166977885178E-009 -2.7495843569091655E-009  1.6742866366297754E-009  2.6472819131239344E-009  3.3721459713133055E-002  2.9106938129984654E-010  2.9287116445608086E-009 -1.9653556367382729E-009  1.3692569176047426E-009 -6.9927892294650881E-011 -1.3819674467381381E-010  4.4748403005327498E-010  4.6331471643286654E-010 -2.2845350819422640E-009  1.2076394827402031E-010  5.5288878286837766E-011 -9.2094513292505543E-011  6.1795426919682132E-011  4.1701567195820176E-009  6.8264393617637107E-010  1.8028286631729758E-009  3.0402115979468987E-009  2.4319968434478806E-009  3.7539839909240584E-009  5.3346886050894451E-002  5.9433258371816927E-010  4.5097008703049151E-009 -3.0263428657880169E-009  5.4464781923139815E-009  2.4026511937305729E-011  1.6931969697660198E-009  5.2453913995780410E-010  2.5175598769497666E-011 -1.6639697816563438E-010  2.5572875255857047E-010  1.4296120250804831E-010 -9.5947180232578719E-010 -1.9161322448784344E-012  3.3113461840380881E-011 -2.2605454125156959E-011  9.9343276094637973E-011  1.3148834673929449E-011 -6.7232863666982005E-012  1.7080130987474316E-011  3.3181017557058704E-012 -4.9414946596226479E-011 -2.6417950920978513E-011 -9.6774751663833174E-012 -2.0771541651671282E-011  2.2004268943510189E-011 -1.6041311257984260E-012 -1.4016388900118166E-012  1.7222148413782369E-011 -8.5831983449962511E-013  1.9609751621258195E-011  1.5526414500150875E-011  2.4366791471651297E-009  3.1121902691960598E-009  4.7607072160463623E-009  6.8182144571841477E-002  6.3319905676770841E-010  5.9427789836970325E-009 -3.7453953332784423E-009  3.7532380381506754E-010  2.3540318675833252E-013 -2.1131796100313200E-010  1.6025071620892092E-010 -3.8646724263474260E-011 -6.6380046185290701E-010  8.9266696528854226E-012  5.1456073229262972E-011 -1.2212080223548327E-011  1.1915395172259614E-010 -1.6914118663882791E-009  3.3780333946945690E-010
-6.4768076374708770E-010 -3.2237385816669446E-010 -2.9758563911314670E-010 -2.1673402628532342E-009 -7.2441338793468452E-009  4.1522214708614884E-009 -3.2229210048141669E-009 -1.0282316302323065E-009 -4.7637280303354538E-003  1.1017372815054487E-009  3.7340605057238317E-011  9.5274533972112066E-003  2.2423195029692165E-009 -4.7637253669268447E-003  3.0160184852237679E-009  5.7044894256059944E-009 -1.8517302572802844E-009 -1.6645745117893490E-010 -1.6860734614518182E-002  2.0748556287689685E-009 -2.3386340958826749E-010  3.3721463646375988E-002  4.2977896472617408E-009 -1.6860729031947522E-002  6.0039224446448193E-011 -5.4661693253512514E-010  6.3777396346704102E-010  3.8599387639879162E-011 -3.9358792176109199E-012 -1.1915037980586253E-010  7.8359696005955790E-010 -2.3207385368421744E-009 -5.0468876497768248E-010  1.2544075357346835E-009 -2.4920745603928923E-009  1.4046106226720709E-009 -1.0314722698042361E-009  1.2163871313599110E-009 -2.6673449976301365E-002  2.9637592169872344E-009 -2.5370437176218659E-010  5.3346891835066058E-002  6.1359409418006513E-009 -2.6673441858603684E-002 -2.0746817498472502E-009  3.8777607826155420E-010 -2.8404097978214371E-009  7.3425497526855195E-011 -1.5858080237992245E-010  2.0965930191294759E-010 -1.3012949181251880E-010  6.7570563758235639E-012  3.1618902880269629E-011  1.9382118245632776E-010 -8.6085314916895423E-010 -1.0145735005787531E-010  4.8537100871376331E-010 -1.1603024677724576E-011  4.9948892092408346E-011  9.8976292322760891E-012  3.0506501476481756E-011 -6.2901393453398645E-012 -1.0101507167270455E-011 -6.5655997637335352E-011 -1.6937948233415405E-011  2.1073038501753301E-011  2.7271044489244852E-012 -2.4675122110233795E-011  1.8654531252724495E-011  1.2845688456982784E-011 -1.3966306283431149E-011 -1.5491319777700960E-012  5.4255872952474644E-010 -3.4091081122553803E-002  3.8038310411479023E-009 -4.6382885495419571E-010  6.8182152001233440E-002  7.6811823861141187E-009 -3.4091070878596599E-002  1.0089171748858853E-010  1.7725926608873351E-011  1.5495199354934122E-010 -1.6962170510178685E-010  8.6680173453960268E-013  3.4261270702023225E-011 -3.8860511432458916E-011 -6.0783899338576894E-010  3.4411110418760607E-011  3.3756207707689533E-010 -5.1879889251781053E-010  1.0629387241097271E-010
 1.0470225331172926E-010  9.3041719418860468E-010  2.8228503199797345E-010 -8.3398233540713396E-009 -2.2767785661404350E-008 -5.2033843493213533E-009 -1.3499769856576085E-008 -7.4031341140160228E-009 -1.4650690003351859E-009  1.6202724754403787E-009  1.0020286110285184E-009  2.2423195029692165E-009  9.5274543341398298E-003 -7.7725090791256805E-010 -8.1310885301580111E-009 -5.3388245167205141E-009 -1.6936151666706150E-008 -7.5155263437639280E-009 -2.2931268794285395E-009  2.2172823166528546E-009  6.1916709431082954E-010  4.1769166998185264E-009  3.3721465515230517E-002 -1.8837896994777906E-009  1.1459656674260095E-010  7.3133446069116452E-010 -1.5745027867232713E-010 -8.6331637818967041E-011  9.7182318721918546E-011 -6.7415631202105585E-011  1.3201802926222938E-009  7.0911215686376472E-010 -2.5025427238825083E-009 -4.1118598415805189E-010  2.0801281807443013E-009  7.7679599440222206E-009  3.4473924270960450E-009  8.6391015511309583E-009 -3.1757751426286545E-009  3.0365513593731452E-009  7.7095576813007754E-010  5.9033076052096451E-009  5.3346894383230432E-002 -2.7275444802988723E-009  1.5046035675311082E-009  8.0124042559605079E-009  2.0725062323165233E-009 -1.8635520147556024E-011  2.2324953340651671E-010 -6.6666960684274528E-011  1.1529882628600572E-011 -1.1551600048271582E-010  1.3472386863157832E-011  5.6874143961796927E-010  1.7243792975215416E-010 -9.8629641494860753E-010 -7.8838139400682218E-011  2.6681241835541010E-012  8.5327432340484686E-012  1.7127342292920714E-011 -9.3292095291428046E-013  2.2725040924605921E-011 -3.7563344530362890E-012  5.0577252223853356E-012 -5.0077682640301735E-011 -1.8234107542656435E-011  2.0198525733036625E-011 -1.5358765626734346E-011 -2.4660539248977293E-011  2.7910027540011272E-011  7.7186295511764761E-012 -1.3751655253122825E-011  1.0743916063863128E-008 -4.0345845002395492E-009  3.7937444358283475E-009  1.1069770637823028E-009  7.3814603224566611E-009  6.8182155025793056E-002 -3.3468810416928164E-009  4.7761599750443496E-012  1.7355818567043555E-010  8.9347448868631432E-012 -4.6141459073251082E-012 -1.3851802741922866E-010 -1.7937129475986890E-012  3.8205061976897131E-010 -5.4495406197047091E-011 -6.8613294073380718E-010  3.3958454439508865E-011 -6.3463455364650648E-009  1.2524665781732944E-009
-3.2125355278382424E-011  2.1654537567675618E-010  5.7979126476865399E-010  4.3572841801825047E-009  1.2307312663651293E-008  4.5404883114703330E-009  2.7326640512498517E-009 -1.0653819666566892E-009 -4.7637267672143409E-003 -2.3006096154031054E-009 -7.5123744996659017E-010 -4.7637253669268447E-003 -7.7725090791256805E-010  9.5274521341538517E-003  1.9828261095750435E-009  4.5767309659300375E-009  1.6785426953607570E-009 -3.3824746148206472E-009 -1.6860731814668718E-002 -3.3815165301603715E-009 -7.7337818004113882E-010 -1.6860729633311439E-002 -1.1072790056615327E-009  3.3721461447994296E-002  1.2552453445995597E-010 -1.1048592720674265E-010  1.4803380499087614E-009 -1.5701062626049098E-010  2.5620759868049797E-011 -1.1398266893608288E-011 -3.4348391992047855E-010  1.5138797207487868E-009  5.7131855286096069E-010 -2.2317579629727003E-009 -2.1306721321603098E-009 -1.1191206909270351E-009  3.1286913830314141E-009 -3.9941172322115713E-009 -2.6673445639684074E-002 -4.7298052770537277E-009 -1.1137644668338810E-009 -2.6673442827023972E-002 -1.5038927506048538E-009  5.3346888466658374E-002 -1.6269066401579564E-009 -6.7281791409468316E-010  5.7335446079725395E-009  8.1685828174854918E-011 -3.8689807495171688E-011  6.1585180486098865E-010  3.4769357440617725E-011  2.6088604221691573E-011 -1.4436241974886689E-010 -8.2943958649427316E-011  6.6136829598681098E-010  1.4997076590423747E-010 -9.5198370238763202E-010 -8.8805271214241910E-012  1.8192884668711023E-011  1.4933509137047649E-011 -2.3747828032938361E-012 -9.1436521868006872E-012  1.7963424207782268E-011  1.4452895148135186E-011  7.0535322247023509E-012 -4.3798717358643383E-011 -2.0190802539850471E-011  1.3886573337992095E-011 -1.8428207091107708E-011 -2.2019830136048386E-011  2.5243493634942612E-011  2.3040014649337769E-012 -4.6197192606447276E-009 -3.4091075438411528E-002 -6.0727680468986622E-009 -1.2710556100167434E-009 -3.4091072131216184E-002 -1.7631433556880372E-009  6.8182147569609483E-002  1.0618565513890252E-010  1.5157027830223961E-011  4.2938675906266369E-010  3.3243864065901849E-011  8.5170727513857038E-012 -1.7570683509644768E-010  2.5774761490218664E-011  4.4280451809108830E-010 -4.9737623078646044E-011 -6.5009291571893259E-010  2.8063124513680012E-009 -5.5565111158536735E-010
-5.8137303401839339E-008 -8.8118636276257784E-008  2.8747330501484313E-008  1.7932442668245349E-001  4.1128544767427849E-001  8.2947041049795742E-008  8.4598296886163079E-008  1.3283609939814233E-007 -4.9990448328911811E-009  7.3657133042599049E-009  1.9322418606543962E-009  3.0160184852237679E-009 -8.1310885301580111E-009  1.9828261095750435E-009  2.6332853838671910E-001  1.4284804852394192E-008  1.1418195134348368E-008  4.2403339855001990E-008 -2.6730931576342146E-009  5.4259143461229953E-008  2.6177913523841266E-008  2.0440486456381728E-008  2.1467130263837751E-008 -1.7767534838254544E-008 -2.7341368934260947E-009 -5.2281625466196543E-010 -5.9042409730302471E-011  2.2856343057245620E-009 -3.3330715903774675E-009  1.3826022730722778E-009  1.6243019489886791E-009 -5.9165291172822603E-009 -1.6564202780780365E-009  4.4539288016703525E-009 -1.6882395992138567E-008 -1.4394831445753431E-008 -4.0057405650524916E-008 -1.7920378097455661E-001 -7.4769808787258116E-009  7.8830811922874638E-008  3.7585042346206105E-008  2.9165537776651602E-008  2.2609009219269269E-008 -2.1688017050130147E-008 -2.5731467172707828E-008 -2.1119194504315431E-008 -6.4422996664094748E-008 -1.6673463074850681E-009 -1.6567321834482889E-010  2.0074508679889588E-011  1.4683675713911061E-009 -1.6657818875192493E-009  7.6861508603971475E-010  8.6183124137948203E-010 -3.1969565581832922E-009 -9.9059726628353180E-010  2.3679086519180936E-009  3.0609107878343310E-011  3.3858183079777471E-012  9.0897345042466964E-012 -6.2309802014009284E-012  6.0933135580607507E-012 -4.7402557954907363E-011  1.7053454282442900E-011  3.2393608590917705E-011 -2.7422159095322739E-011 -3.3234336536229603E-011 -2.2195986095836039E-011  5.1866871677821244E-011  4.5307852340975123E-011 -5.6408513351968320E-011  1.2554791871419178E-012 -2.2224833706494551E-001 -8.8475545868135709E-009  1.0201918402121327E-007  4.8802920659535287E-008  3.7824813496623033E-008  3.1276277162551810E-008 -2.8976971496548140E-008 -5.6230885629423094E-010 -7.6350435387490082E-011 -5.3103676876355930E-013  4.8702043511807643E-010 -6.1091837320556173E-010  2.6739627963897578E-010  3.0821315278884795E-010 -1.1326370267108872E-009 -3.3716169323316274E-010  8.4461369773569470E-010  1.2359322259942311E-001 -2.3918506105837928E-002
-1.5733033202290560E-005  1.8299071304867203E-012  2.1996651952607237E-012  1.0301702711121600E-008  2.4399771524096815E-008  2.0576736658436005E-004 -5.7870622321864752E-011 -3.0794091395813801E-011 -1.0281219794028257E-008 -2.4896422498911997E-009 -7.3112955032253079E-009  5.7044894256059944E-009 -5.3388245167205141E-009  4.5767309659300375E-009  1.4284804852394192E-008  4.9028619145177416E-003  6.5130857049770955E-010  3.2619557011227228E-010 -3.6642482264658627E-008 -8.7417662291750454E-009 -2.6551520449344723E-008  2.0401730116858438E-008 -1.8786632619272071E-008  1.6240753178259960E-008  2.0454668473807799E-011 -1.0679479854439849E-011  2.1707281966643996E-012 -1.4052254989297309E-011  9.8742066585387438E-012 -1.3419786578246756E-011  1.4172185519095952E-011  7.0375540711593430E-013 -8.3344310854374198E-012 -2.1416643049751368E-012  2.1316881217586479E-002  1.3113897418964774E-009  6.6297074922058128E-010 -1.3185393476505152E-008 -5.7079288230310102E-008 -1.3318634354586822E-008 -4.1664778940766022E-008  3.1716881591430946E-008 -2.9489039107864606E-008  2.5362406210209652E-008  7.7405778899617986E-002  5.0421311938337476E-009  2.5076044435231052E-009 -2.9744519441771687E-011 -5.7219356504347232E-011 -2.9158512573904313E-011 -5.4935858997568524E-012  4.0604251115788434E-012  4.5357131954782376E-011  1.8754680618938314E-011 -2.3683032267333363E-011  3.2057462284998229E-011  3.9386747971626260E-011  1.0589598871067830E-011  1.7469606622435976E-013 -5.3262763341299659E-013 -1.2984345806684086E-011  6.4899789178163297E-012 -5.6174943098775125E-012 -3.3690953191036138E-012  9.4405201049456902E-012  4.2857405665981777E-012 -6.5039161326367162E-012  6.1822253635900542E-012 -3.2795781275043727E-012  2.1245869459248404E-012 -1.5577832640819166E-012  1.9884610312186388E-012 -1.9013054189322316E-008 -7.3033800738023969E-008 -1.7360212289930821E-008 -5.3476297795896709E-008  4.0523591839136163E-008 -3.7559320499439102E-008  3.2510208665877354E-008 -1.8749745427012305E-011  3.6354896666473506E-011  1.4946862608928160E-011  1.5216503477296608E-011  1.4269395244098454E-011  9.9189350716990369E-012 -2.7064632962176886E-011 -1.9557583183887135E-011 -4.3838250950022505E-014  3.4368976588486474E-012  1.1780394298387966E-008 -2.3698485437359312E-009
 1.6943916532666943E-012 -1.5733034028495743E-005  2.1703229400638270E-012  8.2545146751135823E-009  1.9508798294431539E-008 -5.6913156915618421E-011  2.0576733933282208E-004 -1.5342318451002214E-011  1.7318686424732674E-010  6.0331880037054835E-010 -2.1914166977885178E-009 -1.8517302572802844E-009 -1.6936151666706150E-008  1.6785426953607570E-009  1.1418195134348368E-008  6.5130857049770955E-010  4.9028622358313467E-003  2.2189205090612981E-010  6.8901266984921654E-010  2.1597679909434374E-009 -7.6724977474105109E-009 -6.5645327962832884E-009 -6.0582073901501063E-008  5.8755191601270206E-009  1.2945566739194895E-012  5.8877869703845008E-012 -3.0478177107731370E-012 -1.2362181263345571E-011  9.6462455953054038E-012  1.0625522498057570E-011 -1.8644279668763804E-011  2.6655342190432316E-011  1.9102832929408495E-011 -1.7596039518916791E-011  1.3078208116930218E-009  2.1316881867520794E-002  4.1342544804080213E-010 -1.0760337778816702E-008  7.7023292278481181E-010  3.3742132223948458E-009 -1.1841736390632778E-008 -1.0038068493320494E-008 -9.4825751330697387E-008  9.2678326774939560E-009  5.0307481066847522E-009  7.7405781380524216E-002  1.7295022250638502E-009  1.8336293004812289E-011  2.8816026650088960E-011 -4.4903763218593095E-012 -5.6666746209001191E-011 -4.4443439802676671E-011  3.2066369772726728E-011  6.1189894153135272E-012 -5.0201129441607764E-011 -3.7033657248117327E-011  4.0764678440858486E-011  7.9808288607395357E-013  1.1297504311163275E-011 -2.5101326580815383E-012 -5.8341923361408190E-013 -4.4569693030654362E-012 -8.1915833261808743E-013 -1.1064550646399065E-011  5.4277676321033948E-012 -3.1256812217705555E-013 -1.5355285775779728E-012 -3.3459224715199160E-012  1.6442853926973791E-011  6.4603808277207817E-012 -1.3120828860739314E-011 -3.2118040752456529E-012 -1.6641499386930428E-008  1.1722958536973002E-009  3.8234615621697835E-009 -1.5026362655408771E-008 -1.3293488607426314E-008 -1.2108266824135263E-007  1.2121191762434537E-008 -2.5947709108241521E-011  1.5636104192206097E-012 -7.7998309856730049E-012  3.4537013424590586E-011 -1.7954983007171640E-012  2.7577088354008381E-013  2.7829465799877843E-011 -6.2807641874540991E-012 -3.8901889783120580E-011  1.0495066426556869E-011  1.0327118022700524E-008 -2.0832131242719471E-009
