   1.8812220675953341E-015  -1.9534693012519791E-016  -2.1060825158719864E-015   2.2131041138621214E-015  -8.1352474251253045E-016  -4.0943096244420183E-015  -3.3862978551913791E-019   2.4602746734299939E-020   1.1266479730844919E-020  -3.0903479648731006E-008   3.9578643420619087E-009  -8.0737601908697159E-018   5.8697299817812711E-019   2.6957276265344429E-019  -2.2379577600286883E-008  -8.2654631030613341E-016   9.0819570767280948E-016   1.6756119824205959E-015  -3.3445190456417710E-015   7.5167098318688058E-016   4.1710548739057771E-015  -3.5935156019470046E-016   2.6123829589081202E-017   1.1996866606400409E-017  -4.2233015783520285E-016  -7.4326310491828506E-016  -2.4530033833918634E-016   1.7736394355257934E-015  -1.9470293485482090E-016  -1.3513138293949981E-015   1.0842671439642620E-008  -1.3134471386306298E-015   9.5483876811296923E-017   4.3849240020017328E-017  -1.0495971253809425E-016  -2.2121979663787434E-016  -9.4263311852185684E-017   5.4608042073540632E-016  -6.5886385442720974E-017  -4.4112154482738163E-016   1.0365051623300839E-008  -1.0633777825617224E-015   7.7304543945932466E-017   3.5500701991710418E-017   2.0865440353405706E-025  -2.6125200128449382E-024  -4.1931928744201100E-024   2.7302338028237894E-024  -2.3153516810063281E-024  -7.1958741341028328E-024   7.5277477386460339E-024   5.6962887521146955E-024  -4.3169725217538703E-024  -2.8478249535707790E-024  -5.1050120186151221E-009
  -1.9534693012519791E-016   2.0316094175304401E-017   2.1872499357520232E-016  -2.2989965532034706E-016   8.4491719338182005E-017   4.2524488399020207E-016   5.6456870580091839E-020   1.0880167710083693E-021  -2.6197432135694516E-019   3.2088614949000387E-009  -4.0909492405431341E-010   1.3461558683961545E-018   2.5918700600021209E-020  -6.2472382598633910E-018   2.3219117420950134E-009   8.5724101098032249E-017  -9.4424533578993443E-017  -1.7399568676193531E-016   3.4754215973570702E-016  -7.8069865025635863E-017  -4.3326518854859870E-016   5.9915358164363524E-017   1.1537462216266327E-018  -2.7805393634286952E-016   4.4366008247344578E-017   7.7487113103524771E-017   2.5227850424199993E-017  -1.8461102669621739E-016   2.0169332079747800E-017   1.4024548417986057E-016  -1.2310653995418993E-009   2.1899359474822486E-016   4.2170272023133554E-018  -1.0163002171455535E-015   1.0754995611914495E-017   2.3444306352125033E-017   1.0367277724455108E-017  -5.8195213134487544E-017   7.1234289397753277E-018   4.7440294853327230E-017  -1.2917775828451554E-009   1.7729903798121375E-016   3.4141384560750333E-018  -8.2280516573240927E-016   3.3055351067624808E-024  -3.9242535461424958E-025   4.5987906838856521E-024   2.4275737238469947E-024  -5.2156944719117236E-024  -6.4081818111264488E-024   2.8879232175483755E-024   1.8197724480277625E-023  -3.8046405448337314E-024  -1.6813317977237536E-023   6.5586731684778124E-010
  -2.1060825158719864E-015   2.1872499357520232E-016   2.3578462577321883E-015  -2.4777161453113534E-015   9.1077812223987620E-016   4.5837801413983661E-015  -1.8035913408310430E-020  -2.8641479360661344E-019  -1.1326791642140180E-019   3.4597184645124679E-008  -4.4292175902997590E-009  -4.3163258388945858E-019  -6.8302565386622704E-018  -2.7020386937158355E-018   2.5052765303077300E-008   9.2524683762715982E-016  -1.0168582114458588E-015  -1.8758955298541747E-015   3.7445101297288580E-015  -8.4153202366464734E-016  -4.6697452471666600E-015  -1.9208888553670777E-017  -3.0400211226878095E-016  -1.2026164278797454E-016   4.7327718394863782E-016   8.3238409246958930E-016   2.7439794222406519E-016  -1.9860380778406181E-015   2.1793112064460260E-016   1.5127659833419817E-015  -1.2234643989965251E-008  -7.0209445458244012E-017  -1.1111422944659953E-015  -4.3956193150717170E-016   1.1737396793415623E-016   2.4809335578632264E-016   1.0605879977391129E-016  -6.1271248126526012E-016   7.4018827030422689E-017   4.9533944125228620E-016  -1.1800594793151763E-008  -5.6842151890868501E-017  -8.9959008798996355E-016  -3.5587302112033104E-016   1.6465383155872421E-024  -2.2266134847946378E-024   3.5700764338189590E-024   9.6829746032881594E-024  -3.0635844009671906E-024  -7.1883380708195028E-024  -3.6477139287235940E-024   8.7715977302149438E-024   3.5776627186126750E-024  -7.2660616087016845E-024   5.8299692217948526E-009
   2.2131041138621214E-015  -2.2989965532034706E-016  -2.4777161453113534E-015   2.6037956882815306E-015  -9.5708854102771675E-016  -4.8168803756052687E-015  -6.5432643398091175E-020  -2.5302652180109594E-020   7.0627102723668412E-020  -3.6354930909027323E-008   4.6506482040764041E-009  -1.5587291462082447E-018  -6.0301426768506902E-019   1.6852604530374302E-018  -2.6321994980611569E-008  -9.7206183439697888E-016   1.0687558220161741E-015   1.9712189072826384E-015  -3.9352625807615303E-015   8.8432572391693125E-016   4.9073121305483696E-015  -6.9378704994986214E-017  -2.6841050194428151E-017   7.5006515020842342E-017  -4.9831109209728040E-016  -8.7527199127990706E-016  -2.8787128466280269E-016   2.0877982113992164E-015  -2.2891160544721093E-016  -1.5894924540495361E-015   1.3058846116150439E-008  -2.5358246010955362E-016  -9.8105282719120949E-017   2.7415237955291179E-016  -1.2306096493722629E-016  -2.6161066283277600E-016  -1.1256303089274052E-016   6.4671688739376879E-016  -7.8322685290175082E-017  -5.2365687914997189E-016   1.2815151790556087E-008  -2.0530247974638674E-016  -7.9426858077705067E-017   2.2195605829720642E-016  -2.3784393894267340E-024   2.0531087612217861E-024  -4.5798236742489066E-024  -1.2639835784600197E-024   1.7713612111835350E-024  -5.2546536554478135E-025  -3.8809434068987194E-025  -8.2238707409488892E-025   2.1776392927792586E-024   1.9977746523557299E-024  -6.3683881146671952E-009
  -8.1352474251253045E-016   8.4491719338182005E-017   9.1077812223987620E-016  -9.5708854102771675E-016   3.5181173097529479E-016   1.7706061320946108E-015   7.5691577000914549E-020   3.5626629334859660E-019  -3.0391715725793847E-021   1.3363968504153771E-008  -1.7106510626194720E-009   1.8044112669400481E-018   8.4954690927173972E-018  -7.2863561782703580E-020   9.6769766620966525E-009   3.5738540903129396E-016  -3.9280067149803352E-016  -7.2460943747336022E-016   1.4464378075432504E-015  -3.2506390478238649E-016  -1.8038186914248532E-015   8.0311955842347102E-017   3.7812056795213900E-016  -3.2424800903313144E-018   1.8287952227840534E-016   3.2156716117880056E-016   1.0596175532936887E-016  -7.6721000720196440E-016   8.4174923125004803E-017   5.8433244996669067E-016  -4.7392760547242218E-009   2.9354404180986952E-016   1.3820487433831281E-015  -1.1851493054443252E-017   4.5320209638185816E-017   9.5892018224696818E-017   4.1041257087287874E-017  -2.3686403770944866E-016   2.8627317901070386E-017   1.9154418529101748E-016  -4.5856203883989783E-009   2.3765570994593747E-016   1.1189182145508496E-015  -9.5950623772160339E-018   2.0363539798051482E-024  -1.1080058282712766E-024   2.8165785071755541E-024  -8.0474356282223981E-024  -8.4185370803467618E-026   7.1348216623375829E-024   5.9234905536055157E-024  -6.0387854592303005E-024  -8.2068571588789487E-024   3.1481610279536647E-024   2.2679332760128589E-009
  -4.0943096244420183E-015   4.2524488399020207E-016   4.5837801413983661E-015  -4.8168803756052687E-015   1.7706061320946108E-015   8.9111540166493959E-015  -1.5777015860202928E-019   9.2309303523463827E-020   3.0926475562280272E-021   6.7258138473072590E-008  -8.6084766305072463E-009  -3.7652177228972838E-018   2.2005385498002655E-018   7.1795435731712394E-020   4.8701374473705248E-008   1.7986008101513772E-015  -1.9769436034355333E-015  -3.6468161419598108E-015   7.2797523311957068E-015  -1.6359901006559980E-015  -9.0783303747963280E-015  -1.6757938593804702E-016   9.7946086345479443E-017   3.1984575539608472E-018   9.2063782517832329E-016   1.6185287297784886E-015   5.3316932438774835E-016  -3.8614222858295235E-015   4.2361279882829857E-016   2.9407943470591879E-015  -2.3901482263739783E-008  -6.1251081505030262E-016   3.5799752967772951E-016   1.1690517504792585E-017   2.2801967131592315E-016   4.8282878281923921E-016   2.0682584418938126E-016  -1.1927933540406799E-015   1.4420865198223625E-016   9.6477547603543210E-016  -2.3180235407523683E-008  -4.9589386721466630E-016   2.8983779577287508E-016   9.4647430306605050E-018   4.1076495479970009E-024  -7.4426534362736613E-024   5.3133778320386392E-024   3.9944990234005755E-024  -3.0854009935865074E-024  -3.3960570267977458E-025   5.6636542617958116E-024  -5.4233007854250342E-024  -7.0360097053854329E-024   3.8381892090261582E-024   1.1473427121770264E-008
  -3.3862978551913791E-019   5.6456870580091839E-020  -1.8035913408310430E-020  -6.5432643398091175E-020   7.5691577000914549E-020  -1.5777015860202928E-019   3.4859087030987158E-008  -1.6372623604826935E-013   7.4560844322541987E-014   8.7540226443170034E-016  -5.3852559814392268E-017   8.3126540012029080E-007  -1.4741117035833071E-012   9.6987897820196094E-013   6.1621725005940456E-016   1.3150293085146519E-019   9.3695897471596258E-021   3.1546250441512141E-020   1.3363223690411872E-019  -2.2485023722555327E-019   9.9931545953302483E-020   3.6998236312304042E-005  -8.7202706797379381E-011   4.2324215389590875E-011   6.9303709740876532E-020  -5.2661773360860654E-020  -7.3847488872224577E-020  -1.4155717859915393E-019   8.1591527655482624E-020   1.7578443568968421E-019  -1.0661498576876160E-015   1.3523032905868768E-004  -3.1748354350058810E-010   1.4294507977546039E-010   2.4866761464089995E-020  -1.3680050514912238E-020   1.0412888874373713E-019   1.9455170306468280E-019  -8.6741280175001647E-020  -1.5316777991937680E-019  -1.8499512754287070E-015   1.0948360439458663E-004  -2.5708949650600609E-010   1.1651886837571223E-010  -1.6050675569118059E-013   4.9669316024194898E-013   1.5356350370092630E-013  -5.2445059535183878E-013   3.3249706886854958E-013   7.3980868554037803E-013  -7.5767841482464192E-013  -4.1848094396510855E-013   5.1983911767014755E-013   1.9745788604784237E-013   1.0510068394055206E-015
   2.4602746734299939E-020   1.0880167710083693E-021  -2.8641479360661344E-019  -2.5302652180109594E-020   3.5626629334859660E-019   9.2309303523463827E-020  -1.6372623604826935E-013   3.4859663433554731E-008   5.1293714314196914E-015   1.8426206342499501E-016  -1.7880972866563847E-017  -1.4741023536077310E-012   8.3127063117308977E-007   1.5766228127007232E-013   1.3988340406604149E-016   3.4210462598397056E-020   4.9252831617661016E-020   2.8932425519869065E-019   2.3054608971260317E-019  -2.7340197808079203E-019  -1.6065381297569329E-019  -8.7202310319494191E-011   3.6998543673363335E-005   3.7070139071759382E-012   1.3172593840392830E-021   1.5843953944208279E-019   8.6339925528626590E-020  -1.9184814417963286E-019  -1.8379497766575067E-019   2.8008526721480120E-019   2.6403281076552005E-016  -3.1748209350147479E-010   1.3523144653815775E-004   9.3339688818897418E-012   1.7245107701741122E-020  -3.2341737481838463E-020  -5.0585408041577919E-020   4.9879972619798621E-020   2.7832532778950062E-019  -3.4667726261440727E-020   6.1400506309787403E-016  -2.5708832255451318E-010   1.0948450940515807E-004   7.8443667681090558E-012   1.7209687190152290E-013  -1.1765851999342321E-013   1.2723439765617207E-013  -7.5060422975495775E-013  -4.2632271394164996E-014   5.1971219358887827E-013   7.2902991553487611E-013  -4.0697464755367230E-013  -8.6043725066121866E-013   2.0850629027508452E-013  -3.6424532229139141E-016
   1.1266479730844919E-020  -2.6197432135694516E-019  -1.1326791642140180E-019   7.0627102723668412E-020  -3.0391715725793847E-021   3.0926475562280272E-021   7.4560844322541987E-014   5.1293714314196914E-015   3.4859267589669329E-008   5.9906996168998155E-016  -7.6888985526800759E-017   9.6985720005642849E-013   1.5767218860246871E-013   8.3126799358646584E-007   4.3382596251184586E-016  -1.8557214339746725E-019   3.6312427267103097E-019   2.3105947927070284E-019  -3.1453288155276062E-019   3.8474471273438090E-020   1.0369505346537444E-019   4.2323297160254352E-011   3.7074246779944971E-012   3.6998340946213747E-005  -4.8750160903956051E-020  -3.5363298781277064E-019  -1.7413837194030052E-019   4.1213411806389006E-020   7.4208517023092567E-020  -2.9069720452798557E-019  -1.3577918042497464E-016   1.4294172046263316E-010   9.3354733300754707E-012   1.3523067387139401E-004  -6.7944195362994390E-020   1.1558131481473806E-019   6.2404671075564688E-020  -1.5241215724948654E-019  -4.6751601992552579E-020   4.5541395588196756E-020  -5.1457274713050194E-017   1.1651614885935096E-010   7.8455845168857915E-012   1.0948388609703965E-004  -4.5172584089854900E-013   1.2814876855147018E-013  -5.4099596824390422E-013  -4.1813943459588479E-013   7.5535720626788660E-013   1.0241933125817237E-012  -5.4313470076137787E-013  -2.5531820010949627E-012   6.0054262445840116E-013   2.3062621288998346E-012   1.1399545668288711E-017
  -3.0903479648731006E-008   3.2088614949000387E-009   3.4597184645124679E-008  -3.6354930909027323E-008   1.3363968504153771E-008   6.7258138473072590E-008   8.7540226443170034E-016   1.8426206342499501E-016   5.9906996168998155E-016  0.50766297272609873       -6.5027474008366268E-002  -1.3692350061047678E-015  -7.8638768706158874E-016  -5.0098508719282760E-016  0.36764782578526217        1.3578529280475162E-008  -1.4918605771146137E-008  -2.7525855579806008E-008   5.4940224566099488E-008  -1.2347869799702252E-008  -6.8518581566567072E-008  -2.8956023002102302E-014  -8.3095230094552289E-015   2.2712227312719818E-016   6.9349846642507410E-009   1.2208172791506236E-008   4.0309601913478475E-009  -2.9133815820434146E-008   3.1987165594762192E-009   2.2198905966201677E-008 -0.17754475211955634       -1.0684168396533113E-013  -3.1093515365146372E-014   5.3173350876511016E-016   1.7249921706238238E-009   3.6314840658107732E-009   1.5453492466921535E-009  -8.9625522356671149E-009   1.0808068927022788E-009   7.2375738605304243E-009 -0.16909920546738105       -8.6427855631378689E-014  -2.5151190153285389E-014   4.7233040405622688E-016   2.1621571861512868E-017  -3.7036102140690559E-017   4.2927807348575526E-017   2.7995050069424187E-017  -1.1468174164443452E-017   1.1647605212207092E-017   2.8317710482591869E-018  -4.5045821440466565E-017  -1.8874692441014175E-017   2.9963116779629111E-017   8.3178277799580660E-002
   3.9578643420619087E-009  -4.0909492405431341E-010  -4.4292175902997590E-009   4.6506482040764041E-009  -1.7106510626194720E-009  -8.6084766305072463E-009  -5.3852559814392268E-017  -1.7880972866563847E-017  -7.6888985526800759E-017  -6.5027474008366268E-002   8.4415997974598578E-003   1.2465629969991902E-015   3.9401152697525479E-016   9.7045933450585217E-017  -4.7204850993985241E-002  -1.7453126139781180E-009   1.9036318590695037E-009   3.5253219961301854E-009  -7.0215536126850859E-009   1.5804534694672891E-009   8.7668431925951930E-009   5.1278581849862352E-014   1.3372740565497177E-014   1.1694259194762245E-015  -8.5753233179510763E-010  -1.5451539385681844E-009  -5.3089755825734602E-010   3.7051057353331569E-009  -4.1258590354382838E-010  -2.8475833995239328E-009   1.6433101504135655E-002   1.8776653422359453E-013   4.8996547924724535E-014   4.3522426953409806E-015  -2.2956130153944938E-010  -4.3674435995305038E-010  -1.6320210661162218E-010   1.0585091851482656E-009  -1.2152636819496271E-010  -8.2895022276820155E-010   8.7372405599897996E-003   1.5196373457110019E-013   3.9670374785979959E-014   3.5086823499153797E-015  -1.1135411932756522E-018   4.9802437773688794E-018  -4.9741411285911503E-018  -4.6944999344086901E-018   1.2615076942103590E-018  -1.4298409415041238E-018  -8.0036893374478534E-019   4.8933004056195709E-018   3.1672889907116667E-018  -3.6467165677954285E-018  -3.1120364451057772E-003
  -8.0737601908697159E-018   1.3461558683961545E-018  -4.3163258388945858E-019  -1.5587291462082447E-018   1.8044112669400481E-018  -3.7652177228972838E-018   8.3126540012029080E-007  -1.4741023536077310E-012   9.6985720005642849E-013  -1.3692350061047678E-015   1.2465629969991902E-015   1.9822726993092388E-005   2.2798400345605697E-011   3.8566064129446326E-012  -1.0960281798985991E-015   3.1353065805209563E-018   2.2410094181313605E-019   7.5348840280537665E-019   3.1842251814147662E-018  -5.3613549192093691E-018   2.3860290220626557E-018   8.8227651185452392E-004   4.9982071748474056E-010   1.5153713447900880E-010   1.6522571756757628E-018  -1.2563648087059741E-018  -1.7611254737018897E-018  -3.3742977711352655E-018   1.9455215314494246E-018   4.1908995494426831E-018   2.8321169040141307E-016   3.2247629863149481E-003   1.8565938026514853E-009   2.7363361421510082E-010   5.9293557156397445E-019  -3.2646542313392827E-019   2.4829326957944728E-018   4.6400211452961198E-018  -2.0685463524359062E-018  -3.6531069063797272E-018   1.6872944730829101E-017   2.6107950599364958E-003   1.5018698773820323E-009   2.4035891333815280E-010  -3.8274935052699865E-012   1.1844356357758677E-011   3.6619654909680705E-012  -1.2506326392505632E-011   7.9288535211986997E-012   1.7641821707379806E-011  -1.8067875372860117E-011  -9.9792531765839298E-012   1.2396242490617068E-011   4.7086302462168540E-012  -1.4534807429281969E-017
   5.8697299817812711E-019   2.5918700600021209E-020  -6.8302565386622704E-018  -6.0301426768506902E-019   8.4954690927173972E-018   2.2005385498002655E-018  -1.4741117035833071E-012   8.3127063117308977E-007   1.5767218860246871E-013  -7.8638768706158874E-016   3.9401152697525479E-016   2.2798400345605697E-011   1.9822648706116603E-005   4.6027074453006961E-012  -5.7282205695719076E-016   8.1565166081499494E-019   1.1746360671530029E-018   6.8995676900893367E-018   5.4971195151152385E-018  -6.5194905529602153E-018  -3.8302910150090795E-018   4.9982024833006887E-010   8.8227480482349371E-004   1.2592135903744236E-010   3.1388713750233523E-020   3.7780789458520445E-018   2.0588126081287581E-018  -4.5745997863806803E-018  -4.3828433294247920E-018   6.6787500215285873E-018  -7.1816020078044226E-016   1.8565921082175749E-009   3.2247566053890844E-003   3.5972778116840667E-010   4.1120237461393966E-019  -7.7122579253708487E-019  -1.2062297790721478E-018   1.1894276113104156E-018   6.6370089714603980E-018  -8.2664087281313686E-019  -1.7117550471343927E-015   1.5018685060336194E-009   2.6107899007975521E-003   2.9809463909349622E-010   4.1038453963877312E-012  -2.8056742654095082E-012   3.0340675064538259E-012  -1.7899098260582272E-011  -1.0165938775738999E-012   1.2393215387620357E-011   1.7384542415349135E-011  -9.7048320628315168E-012  -2.0518125003810851E-011   4.9720995511187128E-012   1.0170433796765608E-015
   2.6957276265344429E-019  -6.2472382598633910E-018  -2.7020386937158355E-018   1.6852604530374302E-018  -7.2863561782703580E-020   7.1795435731712394E-020   9.6987897820196094E-013   1.5766228127007232E-013   8.3126799358646584E-007  -5.0098508719282760E-016   9.7045933450585217E-017   3.8566064129446326E-012   4.6027074453006961E-012   1.9822748007669135E-005  -3.9979612050235502E-016  -4.4256277934881481E-018   8.6596381666472095E-018   5.5107376036541132E-018  -7.5020744399747622E-018   9.1784177869131724E-019   2.4747436388493361E-018   1.5153835254387276E-010   1.2592063914672129E-010   8.8227718971156145E-004  -1.1627093451732445E-018  -8.4332213638197942E-018  -4.1526934020808132E-018   9.8363441598735438E-019   1.7695097074154044E-018  -6.9327331486785748E-018  -1.2183925634937999E-016   2.7363799140431304E-010   3.5972522293398251E-010   3.2247645665926510E-003  -1.6202779780744128E-018   2.7561018852610978E-018   1.4880905103820609E-018  -3.6342536425303980E-018  -1.1148810177647265E-018   1.0858229518484730E-018  -5.1178429090247021E-016   2.4036246218793199E-010   2.9809256160485031E-010   2.6107963998934212E-003  -1.0772030613004644E-011   3.0558749947461676E-012  -1.2900808988820243E-011  -9.9711082754106109E-012   1.8012541355698385E-011   2.4423305461304927E-011  -1.2951788321980586E-011  -6.0884186681519742E-011   1.4320765939957349E-011   5.4996041883100284E-011   3.0628210825646390E-016
  -2.2379577600286883E-008   2.3219117420950134E-009   2.5052765303077300E-008  -2.6321994980611569E-008   9.6769766620966525E-009   4.8701374473705248E-008   6.1621725005940456E-016   1.3988340406604149E-016   4.3382596251184586E-016  0.36764782578526217       -4.7204850993985241E-002  -1.0960281798985991E-015  -5.7282205695719076E-016  -3.9979612050235502E-016  0.26636155659965627        9.8395427475641166E-009  -1.0796680973220792E-008  -1.9933617276627741E-008   3.9771678598505729E-008  -8.9410776967911848E-009  -4.9611095614542547E-008  -2.5511265330036431E-014  -5.4201000109482967E-015  -1.2168524969892987E-015   4.9914938353041381E-009   8.8224948454602385E-009   2.9337801589606170E-009  -2.1071899959546252E-008   2.3193578247719069E-009   1.6080460715061396E-008 -0.12226503042878185       -9.4185567806440724E-014  -2.0359554023506158E-014  -4.7035084216190148E-015   1.2578420487614839E-009   2.6014744468123916E-009   1.0843737799394282E-009  -6.4010822730683694E-009   7.6579158255901351E-010   5.1432507873271363E-009 -0.10953122003880020       -7.6156820619580625E-014  -1.6472287323152427E-014  -3.7681261646268679E-015   1.4001259305357887E-017  -2.7057232639948360E-017   3.0563561308911156E-017   2.1382204090346515E-017  -8.0972630665336677E-018   8.3740388859847020E-018   2.4880095681986675E-018  -3.1745482371481029E-017  -1.4418681457948513E-017   2.1508064721623587E-017   5.2690997776548731E-002
  -8.2654631030613341E-016   8.5724101098032249E-017   9.2524683762715982E-016  -9.7206183439697888E-016   3.5738540903129396E-016   1.7986008101513772E-015   1.3150293085146519E-019   3.4210462598397056E-020  -1.8557214339746725E-019   1.3578529280475162E-008  -1.7453126139781180E-009   3.1353065805209563E-018   8.1565166081499494E-019  -4.4256277934881481E-018   9.8395427475641166E-009   3.6350935106301702E-016  -3.9863729630031419E-016  -7.3621010966514084E-016   1.4686438209851635E-015  -3.3020533925514870E-016  -1.8321485122103704E-015   1.3954811041169937E-016   3.6304058026811095E-017  -1.9697664289646306E-016   1.8383968298771661E-016   3.2553515481053567E-016   1.0859792154903583E-016  -7.7781390099268718E-016   8.5709729982383630E-017   5.9397624113655759E-016  -4.4103806280411200E-009   5.1005506519291845E-016   1.3269307472534023E-016  -7.1995893982662530E-016   4.6600139274162876E-017   9.5607294176282631E-017   3.9469849072965078E-017  -2.3492039772577200E-016   2.8001045790808888E-017   1.8832065812915752E-016  -3.8296858772080550E-009   4.1294484287072274E-016   1.0742942096013191E-016  -5.8288478230886585E-016   2.4579051567245211E-024   7.2460521905816502E-026   4.7043524230938091E-024   3.1971329774476281E-025  -3.1047885088508325E-024  -1.8441100557054332E-024   8.4835354480249140E-025   1.0457360858754988E-023  -2.6258649085890863E-024  -1.0537843309194107E-023   1.8201792303427567E-009
   9.0819570767280948E-016  -9.4424533578993443E-017  -1.0168582114458588E-015   1.0687558220161741E-015  -3.9280067149803352E-016  -1.9769436034355333E-015   9.3695897471596258E-021   4.9252831617661016E-020   3.6312427267103097E-019  -1.4918605771146137E-008   1.9036318590695037E-009   2.2410094181313605E-019   1.1746360671530029E-018   8.6596381666472095E-018  -1.0796680973220792E-008  -3.9863729630031419E-016   4.3888841034041898E-016   8.0893127322851579E-016  -1.6155532034957689E-015   3.6294360152561393E-016   2.0141855001268071E-015   9.9733867829652596E-018   5.2280421211156354E-017   3.8542528747184939E-016  -2.0580692187525490E-016  -3.5997470524914545E-016  -1.1750626626466270E-016   8.5789353182184880E-016  -9.3813650035880930E-017  -6.5208878138393550E-016   5.6293700454670386E-009   3.6453102318997753E-017   1.9108741570883374E-016   1.4087475251546677E-015  -5.0130326867424116E-017  -1.0857320757553991E-016  -4.7681288065588181E-017   2.6922554575089096E-016  -3.2865897859601126E-017  -2.1909558694022399E-016   5.8129955633104096E-009   2.9512745170109820E-017   1.5470597088170265E-016   1.1405337943680584E-015  -5.2493929959071155E-024   2.3755829337751080E-024  -6.7103213103969925E-024  -6.3082686059456981E-024   8.2487978558742412E-024   1.1256903450832661E-023  -4.8868019487821803E-024  -2.5904353425818212E-023   5.6861144348482093E-024   2.3480039981887836E-023  -2.9367697051217753E-009
   1.6756119824205959E-015  -1.7399568676193531E-016  -1.8758955298541747E-015   1.9712189072826384E-015  -7.2460943747336022E-016  -3.6468161419598108E-015   3.1546250441512141E-020   2.8932425519869065E-019   2.3105947927070284E-019  -2.7525855579806008E-008   3.5253219961301854E-009   7.5348840280537665E-019   6.8995676900893367E-018   5.5107376036541132E-018  -1.9933617276627741E-008  -7.3621010966514084E-016   8.0893127322851579E-016   1.4924742728728304E-015  -2.9789716837842585E-015   6.6951602729550073E-016   3.7151724567408444E-015   3.3534593261665454E-017   3.0708738193734679E-016   2.4527241826029408E-016  -3.7616129698887187E-016  -6.6202149794704046E-016  -2.1849469767448264E-016   1.5797793051231784E-015  -1.7342361821678592E-016  -1.2036220624889842E-015   9.6555827181083335E-009   1.2257053352103871E-016   1.1224190792778047E-015   8.9648217888882604E-016  -9.3490811900009399E-017  -1.9703223674003491E-016  -8.3949542714713206E-017   4.8636727086700631E-016  -5.8679832245444217E-017  -3.9287720434080317E-016   9.2280376327040930E-009   9.9234129237927574E-017   9.0871986857771961E-016   7.2579948077077664E-016  -2.8916373450065528E-024   2.3301928762886842E-024  -4.7211739116989642E-024  -1.0990121733402897E-023   5.5777550613559132E-024   1.1141968689899486E-023   1.6120798283490217E-024  -1.8236488802959463E-023  -1.6693261480454466E-024   1.5572922082873636E-023  -4.5446293240287709E-009
  -3.3445190456417710E-015   3.4754215973570702E-016   3.7445101297288580E-015  -3.9352625807615303E-015   1.4464378075432504E-015   7.2797523311957068E-015   1.3363223690411872E-019   2.3054608971260317E-019  -3.1453288155276062E-019   5.4940224566099488E-008  -7.0215536126850859E-009   3.1842251814147662E-018   5.4971195151152385E-018  -7.5020744399747622E-018   3.9771678598505729E-008   1.4686438209851635E-015  -1.6155532034957689E-015  -2.9789716837842585E-015   5.9479704857796843E-015  -1.3364798976308046E-015  -7.4165957988427212E-015   1.4172786253985377E-016   2.4467084315593507E-016  -3.3390234635318141E-016   7.5486593528855597E-016   1.3238207546185902E-015   4.3418021474806657E-016  -3.1566873363275023E-015   3.4576743803136454E-016   2.4018294387054208E-015  -2.0105574763459589E-008   5.1802217368520256E-016   8.9428360121840173E-016  -1.2204288579962150E-015   1.8546623904464610E-016   3.9702108274157311E-016   1.7214940717475744E-016  -9.8259180610302390E-016   1.1935690820866806E-016   7.9712697920681569E-016  -2.0126045525062908E-008   4.1939507448310182E-016   7.2401947848964718E-016  -9.8806941618950739E-016   7.1738665824018407E-024  -4.0067008370488785E-024   1.1031857758327547E-023  -3.2600382600117614E-025  -7.0956339313613001E-024  -1.7030906741727561E-024   7.0650074699060673E-024   1.3748814479671726E-023  -1.1055282134260818E-023  -1.5408639655221740E-023   1.0067333846490021E-008
   7.5167098318688058E-016  -7.8069865025635863E-017  -8.4153202366464734E-016   8.8432572391693125E-016  -3.2506390478238649E-016  -1.6359901006559980E-015  -2.2485023722555327E-019  -2.7340197808079203E-019   3.8474471273438090E-020  -1.2347869799702252E-008   1.5804534694672891E-009  -5.3613549192093691E-018  -6.5194905529602153E-018   9.1784177869131724E-019  -8.9410776967911848E-009  -3.3020533925514870E-016   3.6294360152561393E-016   6.6951602729550073E-016  -1.3364798976308046E-015   3.0034983969602041E-016   1.6666810569348765E-015  -2.3862557253137818E-016  -2.9017273939238224E-016   4.0851080956365341E-017  -1.6901098452142691E-016  -2.9713948114821168E-016  -9.7888027050950060E-017   7.0890842556055549E-016  -7.7771508527648317E-017  -5.3989925618734126E-016   4.3863732435564031E-009  -8.7218791846703210E-016  -1.0605952350688888E-015   1.4931273524801622E-016  -4.1864248823380941E-017  -8.8634589801995515E-017  -3.7961737177298562E-017   2.1896015338670222E-016  -2.6470646751391359E-017  -1.7709623394831556E-016   4.2521973045293861E-009  -7.0613062681322803E-016  -8.5866676689728690E-016   1.2088483266183190E-016  -1.3570190027014973E-024  -1.2409542639983945E-024  -3.6354304377380843E-024   8.1387309294298904E-024  -6.9494328957130321E-025  -8.0006582989834978E-024  -1.4947424655423543E-024   4.1769163992626025E-024   4.5095713043323485E-024  -1.0932316073322975E-024  -2.1043874281720073E-009
   4.1710548739057771E-015  -4.3326518854859870E-016  -4.6697452471666600E-015   4.9073121305483696E-015  -1.8038186914248532E-015  -9.0783303747963280E-015   9.9931545953302483E-020  -1.6065381297569329E-019   1.0369505346537444E-019  -6.8518581566567072E-008   8.7668431925951930E-009   2.3860290220626557E-018  -3.8302910150090795E-018   2.4747436388493361E-018  -4.9611095614542547E-008  -1.8321485122103704E-015   2.0141855001268071E-015   3.7151724567408444E-015  -7.4165957988427212E-015   1.6666810569348765E-015   9.2487211433599589E-015   1.0619396077916475E-016  -1.7048381616392676E-016   1.1014367490492529E-016  -9.3870353017165969E-016  -1.6493519269208102E-015  -5.4277664280812545E-016   3.9344915806317209E-015  -4.3147605787759151E-016  -2.9957981112291674E-015   2.4515949523064126E-008   3.8814409877075058E-016  -6.2312641510350445E-016   4.0258032741888342E-016  -2.3206571876139763E-016  -4.9262738951318028E-016  -2.1161903131707904E-016   1.2175099339722055E-015  -1.4735773303517895E-016  -9.8544602702717866E-016   2.3955785413074719E-008   3.1424470246301524E-016  -5.0448835663887257E-016   3.2593240074411530E-016  -5.6618543906708444E-024   7.3272845933695291E-024  -7.5959381432078158E-024  -2.9727138159782397E-024   4.9655081127213564E-024   1.2001791127734829E-024  -7.4947223836561336E-024  -7.7004501581216576E-025   9.7264237291211302E-024   2.4108563423160559E-024  -1.1887549865209876E-008
  -3.5935156019470046E-016   5.9915358164363524E-017  -1.9208888553670777E-017  -6.9378704994986214E-017   8.0311955842347102E-017  -1.6757938593804702E-016   3.6998236312304042E-005  -8.7202310319494191E-011   4.2323297160254352E-011  -2.8956023002102302E-014   5.1278581849862352E-014   8.8227651185452392E-004   4.9982024833006887E-010   1.5153835254387276E-010  -2.5511265330036431E-014   1.3954811041169937E-016   9.9733867829652596E-018   3.3534593261665454E-017   1.4172786253985377E-016  -2.3862557253137818E-016   1.0619396077916475E-016   3.9268655803094292E-002  -6.7113395667987921E-010   5.8494817380554215E-009   7.3539618763960905E-017  -5.5918039961096042E-017  -7.8384538502628208E-017  -1.5018605747957642E-016   8.6592234318535146E-017   1.8653118416409913E-016   7.4209121827210776E-015  0.14352882124220004       -1.1300085668993391E-009   8.9070411893851897E-009   2.6390681040063122E-017  -1.4530212393447982E-017   1.1051128660509788E-016   2.0651909433970165E-016  -9.2067666833844102E-017  -1.6259331156146259E-016   2.3912405482103224E-015  0.11620213300880608       -9.7023199474001399E-010   8.0489885133951439E-009  -1.7035544688543203E-010   5.2717261350143175E-010   1.6298790969865510E-010  -5.5663525067695405E-010   3.5290005211171663E-010   7.8520770889346907E-010  -8.0417143196145201E-010  -4.4415959847802549E-010   5.5173659332082225E-010   2.0957309276588561E-010  -2.5818257325662189E-015
   2.6123829589081202E-017   1.1537462216266327E-018  -3.0400211226878095E-016  -2.6841050194428151E-017   3.7812056795213900E-016   9.7946086345479443E-017  -8.7202706797379381E-011   3.6998543673363335E-005   3.7074246779944971E-012  -8.3095230094552289E-015   1.3372740565497177E-014   4.9982071748474056E-010   8.8227480482349371E-004   1.2592063914672129E-010  -5.4201000109482967E-015   3.6304058026811095E-017   5.2280421211156354E-017   3.0708738193734679E-016   2.4467084315593507E-016  -2.9017273939238224E-016  -1.7048381616392676E-016  -6.7113395667987921E-010   3.9268658934888685E-002   2.0911368882974070E-009   1.3971838495115441E-018   1.6815691474452850E-016   9.1634870468674980E-017  -2.0360948630362148E-016  -1.9507330890693377E-016   2.9726173442363580E-016   6.3136124497601482E-016  -1.1300076611953842E-009  0.14352882638463962        3.1691931177407350E-009   1.8302107559628134E-017  -3.4326043125035492E-017  -5.3687603580854309E-017   5.2939563219065687E-017   2.9540279569268980E-016  -3.6792661489959806E-017   8.1028531422410437E-016  -9.7023124013636074E-010  0.11620213747980832        2.8709551978323752E-009   1.8265582318984963E-010  -1.2487645276240571E-010   1.3504151183793572E-010  -7.9666024616207696E-010  -4.5247266530646209E-011   5.5160189930686858E-010   7.7375906314826407E-010  -4.3194625484448199E-010  -9.1322973608280467E-010   2.2129996148938652E-010  -4.8805069028576948E-016
   1.1996866606400409E-017  -2.7805393634286952E-016  -1.2026164278797454E-016   7.5006515020842342E-017  -3.2424800903313144E-018   3.1984575539608472E-018   4.2324215389590875E-011   3.7070139071759382E-012   3.6998340946213747E-005   2.2712227312719818E-016   1.1694259194762245E-015   1.5153713447900880E-010   1.2592135903744236E-010   8.8227718971156145E-004  -1.2168524969892987E-015  -1.9697664289646306E-016   3.8542528747184939E-016   2.4527241826029408E-016  -3.3390234635318141E-016   4.0851080956365341E-017   1.1014367490492529E-016   5.8494817380554215E-009   2.0911368882974070E-009   3.9268674513956416E-002  -5.1750005073863119E-017  -3.7534802180438126E-016  -1.8482919539296747E-016   4.3778706249579486E-017   7.8758066496051633E-017  -3.0856333403422394E-016   1.5915347349740449E-015   8.9070378559217542E-009   3.1691963668676411E-009  0.14352884969299318       -7.2115754339051980E-017   1.2266955906748914E-016   6.6232395819424550E-017  -1.6175471587313046E-016  -4.9621496174700966E-017   4.8328250717252748E-017   2.2281054156624676E-016   8.0489860389501718E-009   2.8709575470325146E-009  0.11620215873782432       -4.7944498613485554E-010   1.3601185792552025E-010  -5.7419333628301878E-010  -4.4379718289663705E-010   8.0170793078177801E-010   1.0870402007023881E-009  -5.7646237579763592E-010  -2.7098527477454272E-009   6.3739328641284564E-010   2.4477813455487927E-009  -4.8098792345746250E-016
  -4.2233015783520285E-016   4.4366008247344578E-017   4.7327718394863782E-016  -4.9831109209728040E-016   1.8287952227840534E-016   9.2063782517832329E-016   6.9303709740876532E-020   1.3172593840392830E-021  -4.8750160903956051E-020   6.9349846642507410E-009  -8.5753233179510763E-010   1.6522571756757628E-018   3.1388713750233523E-020  -1.1627093451732445E-018   4.9914938353041381E-009   1.8383968298771661E-016  -2.0580692187525490E-016  -3.7616129698887187E-016   7.5486593528855597E-016  -1.6901098452142691E-016  -9.3870353017165969E-016   7.3539618763960905E-017   1.3971838495115441E-018  -5.1750005073863119E-017   1.0318799187226969E-016   1.7188163125805668E-016   5.1066408505909238E-017  -4.0531597833302526E-016   4.2912113663240127E-017   3.0212889489510314E-016  -4.1576002718278578E-009   2.6879089628303504E-016   5.1067794632774722E-018  -1.8914871579037812E-016   2.1202079846963388E-017   5.7411243432582860E-017   3.0650140987266771E-017  -1.4701337305478776E-016   1.9409116228711654E-017   1.2581132459025443E-016  -5.8582381127303990E-009   2.1761534334594133E-016   4.1344925718189365E-018  -1.5313638486478556E-016   1.0693970405052295E-024   3.6232942117581805E-025   1.7971233987802032E-024  -4.0761480945162250E-025  -6.1099380982723391E-025   2.3342044011927871E-025  -8.0005730158852157E-025   1.8681396863604848E-024   1.0864372363928547E-025  -2.3637115536881905E-024   3.2071744414742511E-009
  -7.4326310491828506E-016   7.7487113103524771E-017   8.3238409246958930E-016  -8.7527199127990706E-016   3.2156716117880056E-016   1.6185287297784886E-015  -5.2661773360860654E-020   1.5843953944208279E-019  -3.5363298781277064E-019   1.2208172791506236E-008  -1.5451539385681844E-009  -1.2563648087059741E-018   3.7780789458520445E-018  -8.4332213638197942E-018   8.8224948454602385E-009   3.2553515481053567E-016  -3.5997470524914545E-016  -6.6202149794704046E-016   1.3238207546185902E-015  -2.9713948114821168E-016  -1.6493519269208102E-015  -5.5918039961096042E-017   1.6815691474452850E-016  -3.7534802180438126E-016   1.7188163125805668E-016   2.9666977352806457E-016   9.4517650787836591E-017  -7.0503631658254894E-016   7.6447826789408776E-017   5.3315641570084387E-016  -5.3169810799784890E-009  -2.0438298335823832E-016   6.1462159315167486E-016  -1.3719146507640905E-015   4.0053809543952137E-017   9.2047359064973418E-017   4.2930590701533030E-017  -2.3039195621519109E-016   2.8799474249804776E-017   1.9033838344586456E-016  -6.2119642120974741E-009  -1.6547018503874714E-016   4.9760277749741139E-016  -1.1107135912480829E-015   6.4024206780529212E-024  -3.4370077058798689E-024   6.9539625584536693E-024   2.1125000610229372E-024  -8.6696714840635117E-024  -8.8562369843966605E-024   9.9641784116385783E-024   2.3456117357540406E-023  -1.1118317484935187E-023  -2.1995545012454929E-023   3.2524628415336785E-009
  -2.4530033833918634E-016   2.5227850424199993E-017   2.7439794222406519E-016  -2.8787128466280269E-016   1.0596175532936887E-016   5.3316932438774835E-016  -7.3847488872224577E-020   8.6339925528626590E-020  -1.7413837194030052E-019   4.0309601913478475E-009  -5.3089755825734602E-010  -1.7611254737018897E-018   2.0588126081287581E-018  -4.1526934020808132E-018   2.9337801589606170E-009   1.0859792154903583E-016  -1.1750626626466270E-016  -2.1849469767448264E-016   4.3418021474806657E-016  -9.7888027050950060E-017  -5.4277664280812545E-016  -7.8384538502628208E-017   9.1634870468674980E-017  -1.8482919539296747E-016   5.1066408505909238E-017   9.4517650787836591E-017   3.3898827531541662E-017  -2.2786085573321383E-016   2.5769627220647458E-017   1.7679509494532654E-016  -5.9015183931856779E-010  -2.8649922319278200E-016   3.3492984319101083E-016  -6.7555938316695851E-016   1.4814568871055427E-017   2.5142891506313999E-017   7.7567634559620067E-018  -5.9535098887757384E-017   6.3842734359551648E-018   4.4720713873791600E-017   3.3614091669582043E-010  -2.3195216282649593E-016   2.7116199862204739E-016  -5.4693853367573746E-016   2.9794527387267351E-024  -2.3085577456200052E-024   2.9651281242495713E-024   1.7071002117463178E-024  -4.6475279720973059E-024  -5.3120702149227231E-024   6.2033318349168962E-024   1.2389437919574607E-023  -6.4796503371475398E-024  -1.1209984683124727E-023  -3.1938269270241134E-010
