   3.7297058731725417E-002   4.9820990490450493E-017  -3.7368693706176891E-016  -7.8226185953130320E-016   8.3320245957398634E-002   3.5177808591223049E-016  -5.2663991151218860E-016   6.6694740657181644E-017  -1.8811372447698045E-017   3.2296627662937432E-017   4.6763162765590144E-017  -3.9761479394389045E-017   1.9863605738845056E-016  -4.4055782220732299E-016   5.8186067077793754E-015  -1.0183357276468444E-017   3.6583865546939608E-017   2.5747044944354468E-015  -3.1768952348686048E-018   2.6628232471971815E-015  -1.2818593558846963E-017   1.2539369519867995E-017  -4.0355840552434806E-017   1.2024939184277389E-016   9.1169755376743877E-002   3.4027669013778292E-016  -7.8656326514982688E-016   2.7673278757088241E-016   2.3866175335118033E-017  -1.4974279017457028E-017   2.8200861469862883E-016   4.2871820678834401E-017   2.0724648000415800E-016  -1.1047631791123848E-015  -6.1996069431681827E-017  -1.2102047689363635E-017  -1.3571387080379694E-017  -3.5455824898215484E-017  -3.3892672202769802E-018  -3.0756372110649540E-017   9.2875051972779438E-018   5.6030728023310916E-018  -2.2614946536279827E-019   4.2192910019232230E-018  -4.9305597102243474E-017  -1.0399811841877461E-017  -5.9291550369576776E-017   1.2868583397462472E-017  -5.4415727708227580E-017   9.5576890087510746E-002   3.2780538331195470E-016  -5.2891560669715567E-016   3.5489339031221600E-015  -8.8363038210809919E-018   1.6237162613273033E-017   1.4455845607106995E-015   4.1737009657064876E-018   1.4937020615809830E-015  -7.2218583760506288E-018   3.2316203273754453E-017   1.2076789060333029E-017   2.8757485266482983E-017   3.6258952824297551E-017  -5.0636120030698323E-018   3.7982301191014171E-018   4.3217980709402973E-017  -8.5078568602618019E-018   6.3965947595836280E-017  -1.4922142507894439E-017  -1.0117913726944063E-015  -1.7985903589608965E-015   5.2135357988982377E-017
   4.9820990490450493E-017   3.7297058731720872E-002  -4.1084009211665799E-016  -1.8189578239212582E-015  -2.4172705069002257E-016   8.3320245957395400E-002  -6.8049945538126832E-016   2.9474647890610931E-016   1.5148976550539312E-017   3.7482911148857537E-017   3.3097392949528824E-016   9.6412045608351913E-018   2.5380062132098233E-016  -5.7021724855798613E-015  -3.4932842878864213E-017   7.4844619603432578E-016   5.7385061399591344E-017  -3.3974084138858505E-017  -1.6339683005609932E-018  -2.1611347012039797E-017   1.3405989921966401E-015   5.3808381875681762E-017   7.1634087753581001E-016   1.0211477510266996E-016  -7.4508466206551952E-017   9.1169755376747305E-002  -1.2326251619230017E-015   1.6114921709906410E-015   2.3815897538872228E-017  -3.0529969876996949E-017   1.8469535572619256E-015   8.6076449345690116E-017   1.5992797598981723E-015  -3.6091853345849572E-015  -5.4296878541080903E-016  -1.1299756212297577E-017   7.0515368984144387E-018  -3.7129040903768494E-016  -1.5892799453391098E-017  -3.0804978753899402E-016  -1.3339223192782001E-017   4.1028536296688244E-018  -5.0810103168110715E-018   9.6743622465430454E-018  -7.0923486593701579E-016  -3.7943924638356994E-017  -3.6139556399030885E-016  -3.6833219866273537E-017  -5.1349260373531616E-016  -2.0446612350554313E-016   9.5576890087504265E-002  -8.5535361926553246E-016   8.6176637433651054E-018   4.1500999873946285E-016   6.1360495783585864E-017   6.5584010742194929E-018  -1.7897854811547347E-018   4.0942835117217399E-018   9.6591551208924737E-016   6.7321151052848208E-017   4.0608914451476462E-016   1.4114901607137987E-016  -7.0599285045045507E-017  -3.9126565639754943E-018   7.5544675484858832E-018  -1.2073710336464891E-016  -1.7287265099343425E-017  -6.9168453204941111E-017   2.3615170516926923E-015   3.0120886027587099E-015   4.4080719054004064E-015   2.3635179035280592E-016
  -3.7368693706176891E-016  -4.1084009211665799E-016   3.7297058731725723E-002  -6.6224944186111020E-016  -1.5564795094426224E-016   4.3343481236699070E-016   8.3320245957400493E-002   8.9537355175598642E-017  -3.3233491449472607E-017  -7.6269726723239206E-018   1.3101495255512832E-016  -7.3906848392182221E-018   1.6948109086643332E-016  -1.7795621203854158E-015  -2.3083286467104897E-016  -3.0277338971568224E-018   1.6103700013951918E-015  -9.3399244304307659E-017  -3.4055597429112896E-018  -1.0342667050160991E-016  -2.5114102887063001E-017   1.4558873309399317E-015   5.7640572863083475E-018   3.5044932232130227E-015   5.6398277071310000E-017  -3.7318491667579727E-016   9.1169755376746209E-002   7.2267439572657764E-016   1.1781683076919109E-016  -1.2494626772280942E-017   9.7889870239437845E-016  -5.2429064371475657E-017   7.6013742285349521E-016  -1.5681876165636799E-015  -1.9841913856556226E-016  -3.8712615864531194E-017   2.2808557566478980E-018  -1.7913464660650761E-016   1.5978333644269612E-017  -1.3740208331577533E-016  -3.2098791773516911E-017  -2.7753608241741540E-018  -1.7312108293490558E-017   3.2601059474161370E-018  -4.0037208046805396E-016   3.4316976354782377E-017  -1.9905513901446716E-016   3.5926320855508345E-017  -2.6602771753706036E-016  -4.0059858551758998E-016  -6.4559827755719187E-017   9.5576890087509289E-002  -1.4282122403919914E-016   3.8250473728764505E-017   1.3729749676077604E-015  -6.7129038655254471E-017  -1.3976437231437467E-019  -6.3865502145081580E-017   1.0337115051613592E-016   1.3637118786728467E-015   3.8986509321825863E-017   3.2465842932162092E-015  -1.0210508370432112E-017  -2.9054290563414988E-017   3.2424111459620953E-018  -5.0305769582861991E-017   1.2905600998614438E-017  -2.2537788543974245E-018   1.8004651014060368E-015   2.7917106028182510E-015   4.6248619267641182E-015   1.2461108448958179E-016
  -7.8226185953130320E-016  -1.8189578239212582E-015  -6.6224944186111020E-016  0.10220522424270855       -8.4255752040028309E-016   1.4635137513216760E-015   1.0838258379557449E-016   9.2185234375202551E-015   1.7313496817637628E-017   4.4469033832522536E-017   9.3480554222057300E-015   9.6717404368010405E-017   1.0275753071800546E-014  0.25499046415958060       -2.8740943633795742E-016  -4.6387192000294686E-017  -5.3302497406903972E-017  -3.2200561270939295E-016  -3.6494300300174139E-017  -1.5559545882813560E-016  -2.1138002663522193E-017  -6.5052752340920752E-017   2.7496151213309718E-017  -7.9010248650473385E-018  -7.6107379121266220E-016  -1.3011473119408325E-015  -7.8801782327625957E-016   1.1968374072927884E-013   2.8857627336522220E-017  -8.0362434289291591E-018   1.1927224428906174E-013  -7.2439656280357734E-017   1.1813224178951168E-013  0.16149369662955171       -4.2207427507219311E-014  -1.2304901678657882E-017  -2.6959522565510299E-017  -2.0269908393760930E-014  -1.9077739557534380E-017  -2.1675774640603326E-014  -1.5918572152443533E-017   2.9653479120144649E-017   7.6083961239206565E-018  -1.0613028922638758E-017  -4.3440061430129877E-014   2.3415072289772372E-018  -2.1729188863015487E-014   1.5490336197805605E-017  -4.1783489405866717E-014  -1.4171850333363414E-015  -2.9783423575571142E-016  -6.2054469579402180E-016  -2.5771356137541064E-016  -9.3596988695814893E-018  -8.0166049462175004E-018  -5.1454154174221335E-017   2.1678813114898996E-017  -5.4024161359713928E-017   5.7306301980551020E-017  -2.1521110948809067E-017  -2.6717044795381719E-017  -7.7568536962493069E-017   1.2055288050926775E-014   2.1067105994712183E-017   1.1163909744490969E-017   1.0846616343568565E-014  -1.4698721286712948E-017   1.0860404602853209E-014  -2.4200433853027503E-002  -7.5655924374010267E-002  -6.3148442869187665E-002  -1.1764255929211646E-002
   8.3320245957398634E-002  -2.4172705069002257E-016  -1.5564795094426224E-016  -8.4255752040028309E-016  0.18613433934124712       -2.7862204480980279E-018   3.4071053270352678E-016   1.4899357709683891E-016  -4.2023908384105107E-017   7.2149468402497917E-017   1.0446717129654944E-016  -8.8825670318950808E-017   4.4374558532001165E-016   1.2604647551700160E-015   1.2998551588443677E-014  -2.2749242481836152E-017   8.1726998833066705E-017   5.7517943515879276E-015  -7.0970661320504485E-018   5.9486483771661210E-015  -2.8636262602747613E-017   2.8012486455351557E-017  -9.0153451102740342E-017   2.6863268164488222E-016  0.20366985226651810       -1.0277733598357050E-016  -9.7013506892160961E-017   6.1821078414868783E-016   5.3316150565336046E-017  -3.3451983968590621E-017   6.2999678628562394E-016   9.5774057394061722E-017   4.6298095010802613E-016  -9.1927114612074202E-016  -1.3849691984083222E-016  -2.7035525705092440E-017  -3.0317975410711777E-017  -7.9206997860205902E-017  -7.5714972711410550E-018  -6.8708594623065637E-017   2.0747942161710238E-017   1.2517056837253489E-017  -5.0520951833289594E-019   9.4257396159523509E-018  -1.1014687531293075E-016  -2.3232793953235640E-017  -1.3245512455921704E-016   2.8747938048205291E-017  -1.2156271756545290E-016  0.21351522776139961       -1.7235232325895406E-016   5.5882151662154067E-016   7.9281867190016355E-015  -1.9739975021158469E-017   3.6273219084652874E-017   3.2293822957191938E-015   9.3238931658607545E-018   3.3368750081125572E-015  -1.6133363772477573E-017   7.2193199591076532E-017   2.6979098864615556E-017   6.4243155546304502E-017   8.1001155861517939E-017  -1.1311921418888521E-017   8.4851052197599838E-018   9.6547366064875723E-017  -1.9006236691909204E-017   1.4289755460194913E-016   1.9062476952052306E-015   2.7101431132056465E-015   4.9720852232718590E-015   8.0180984001580215E-017
   3.5177808591223049E-016   8.3320245957395400E-002   4.3343481236699070E-016   1.4635137513216760E-015  -2.7862204480980279E-018  0.18613433934125539        1.4984013270243443E-015   6.5845270250912356E-016   3.3842251778434655E-017   8.3735433364496521E-017   7.3938348354501238E-016   2.1538093422141848E-017   5.6698117523754513E-016   1.0692254430628348E-015  -7.8038675424605047E-017   1.6720010440506674E-015   1.2819609890657847E-016  -7.5896843957302970E-017  -3.6502245838972805E-018  -4.8278947717186279E-017   2.9948484292961558E-015   1.2020592949975086E-016   1.6002789532263553E-015   2.2812062041253830E-016   4.2138509230358362E-016  0.20366985226654274        5.4935310487904926E-016   3.6000137440147120E-015   5.3203831833179945E-017  -6.8202820429370829E-017   4.1260257483046161E-015   1.9229159549040290E-016   3.5727316705600507E-015   5.0433375340441065E-016  -1.2129721293332852E-015  -2.5243236300203944E-017   1.5752871908202605E-017  -8.2944900361169639E-016  -3.5503924556974933E-017  -6.8817180061110349E-016  -2.9799329896165212E-017   9.1656228446934356E-018  -1.1350788606524271E-017   2.1612166462264920E-017  -1.5844043868597126E-015  -8.4765320402271779E-017  -8.0734428674957105E-016  -8.2284047134540811E-017  -1.1471234326638489E-015   1.5948034033735160E-016  0.21351522776140289        1.5518299644503884E-015   1.9251541196302776E-017   9.2711694556068419E-016   1.3707707188207341E-016   1.4651224766076302E-017  -3.9983143864935742E-018   9.1464775190457115E-018   2.1578194307555975E-015   1.5039295468865706E-016   9.0718808807359043E-016   3.1532166705986128E-016  -1.5771618445005430E-016  -8.7407296538249494E-018   1.6876400328098899E-017  -2.6972221109701085E-016  -3.8619109092995569E-017  -1.5451975918507845E-016   9.5551960203678193E-016  -5.2481613235444935E-015  -6.9182104784598690E-015  -2.0308334220551480E-016
  -5.2663991151218860E-016  -6.8049945538126832E-016   8.3320245957400493E-002   1.0838258379557449E-016   3.4071053270352678E-016   1.4984013270243443E-015  0.18613433934125392        2.0002313075843328E-016  -7.4242387355803907E-017  -1.7038374085735539E-017   2.9268254500989112E-016  -1.6510515829844243E-017   3.7861447138999257E-016   7.6925359063888244E-018  -5.1567205869456653E-016  -6.7638452356184063E-018   3.5975068587521926E-015  -2.0865044784485591E-016  -7.6078941624653881E-018  -2.3105134607888377E-016  -5.6103974434019320E-017   3.2523983023088618E-015   1.2876690203974817E-017   7.8289078882720105E-015   8.7927666811316686E-016  -2.5361482597332790E-016  0.20366985226652623        1.6144277979703000E-015   2.6319843042367698E-016  -2.7912532816610397E-017   2.1868233963841772E-015  -1.1712458535053365E-016   1.6981188111671677E-015  -1.1901060530622792E-015  -4.4326099671442879E-016  -8.6482548092820699E-017   5.0953471694434378E-018  -4.0018015688861958E-016   3.5695004767159703E-017  -3.0695115824756451E-016  -7.1707510362734714E-017  -6.2000531504086711E-018  -3.8674607867347383E-017   7.2829557778173218E-018  -8.9441637902408608E-016   7.6662852450685175E-017  -4.4468179812964011E-016   8.0258068378973657E-017  -5.9429605471336239E-016  -1.0522407959426660E-016   4.6388251650359590E-016  0.21351522776139939       -3.1905731764206778E-016   8.5450139701148724E-017   3.0671751576250790E-015  -1.4996378271728933E-016  -3.1222842426506768E-019  -1.4267316318951840E-016   2.3092731649045548E-016   3.0464817604879446E-015   8.7094415918425301E-017   7.2527489038192949E-015  -2.2809897019598824E-017  -6.4906207571852849E-017   7.2434262476281597E-018  -1.1238122354095545E-016   2.8830633996286739E-017  -5.0348583748330660E-018   9.6388977155909879E-017  -4.2347086272122137E-015  -6.3874615243549670E-015  -1.6262966706657021E-017
   6.6694740657181644E-017   2.9474647890610931E-016   8.9537355175598642E-017   9.2185234375202551E-015   1.4899357709683891E-016   6.5845270250912356E-016   2.0002313075843328E-016   1.0615419253335099E-027  -4.2008503602322681E-030   1.3776677898441750E-029   1.0863809150264261E-027  -1.2350335883467297E-030   1.1895710623380894E-027   2.2981616958386119E-014  -2.4286182326130633E-029   1.5684253721666985E-029   2.3740749184465554E-030  -7.3094703102575465E-030   1.2765358795391929E-030  -1.0039265255767956E-029   1.1509334581875555E-031  -7.1863019508359570E-030   9.0671665446590221E-030   1.5946748451001736E-029   1.6303009935369264E-016   7.2048481284612194E-016   2.1886709156223837E-016   1.2870636628598992E-026   1.5158746909855740E-029  -2.0240793287813848E-030   1.2873247652455837E-026  -3.0296120478910054E-030   1.2761220445262797E-026   1.4724262574155000E-014  -4.2764079719459172E-027   1.0821736961800435E-030  -2.9750944687404355E-030  -2.0920225015603411E-027  -2.8899738740641638E-030  -2.2097344585101616E-027  -3.2225354641357516E-030   7.3723453319521982E-031   3.5059351114407621E-030   8.7359797192237052E-031  -4.3789100767450543E-027  -1.6427582245104171E-030  -2.2244527147870090E-027   1.3674614133944880E-030  -4.2266695103772698E-027   1.7091095421396388E-016   7.5531295968219023E-016   2.2944709972693885E-016   3.2971687165875089E-030   8.3512264927066662E-031   1.1934946742537053E-030  -1.8088452392715662E-029   6.8533953696405332E-030  -4.4848113105128084E-030   9.5552686972357014E-030   7.2732876600719637E-030   6.2637347861198409E-030   6.6584718776069571E-030   1.8898881992492440E-027  -9.7100977577841538E-030  -1.5858797656394136E-030   1.7594342008375763E-027   3.2788073242072313E-030   1.7672865564731088E-027   6.8519989867921491E-016   6.8654125499511042E-016   7.0195354364304483E-015  -9.7070509288763545E-016
  -1.8811372447698045E-017   1.5148976550539312E-017  -3.3233491449472607E-017   1.7313496817637628E-017  -4.2023908384105107E-017   3.3842251778434655E-017  -7.4242387355803907E-017  -4.2008503602322681E-030   1.9452856464771317E-031  -2.2595854470473972E-031  -4.5159486756016106E-030   2.9924826501395332E-031  -5.0023228862140418E-030   4.3640561178302740E-017  -2.5905394486061023E-030  -5.0645699202556352E-032  -1.5100427513683460E-030  -1.7307737918778170E-030  -1.1877389788955529E-031  -1.2771938827517838E-030   7.8513511421944113E-031  -1.1592806562982064E-030   2.8585940946862443E-031  -3.3264522699113001E-030  -4.5982934919708004E-017   3.7030493376309993E-017  -8.1236681625680260E-017  -3.2129347179852795E-029  -4.0794241910260960E-031   3.0322604847618651E-032  -3.3279120632243494E-029  -2.5101590515396188E-032  -3.3173096340138334E-029   2.3345123664487539E-017   4.6231085995817605E-030  -2.6854784780783312E-032   1.7832927081799326E-032   3.1969464646479919E-030   5.0794112070998522E-033   2.7297147448416048E-030   5.6921108078563642E-032   5.6392360958856119E-032  -5.8848024441830720E-032  -4.7017120641984256E-032   4.2551491652756615E-030   6.9463166003649188E-034   3.0037395456321490E-030  -5.4697946536173336E-032   4.4736966712130887E-030  -4.8205744312477486E-017   3.8820542850951554E-017  -8.5163652778558898E-017  -2.2221541088719083E-030   1.7987964391355859E-031  -1.1599795824996405E-030  -2.7140173456162376E-031  -1.2346701701732638E-031  -6.4910542537354966E-031   4.0190218101880433E-031  -1.3434739424830414E-030  -1.6111303138171477E-032  -2.9822570407688767E-030  -1.8367883789068200E-029   3.2216860188219888E-031   6.7813788482878452E-032  -1.8029157638430052E-029  -1.3659473277375070E-031  -1.8212601630157831E-029  -7.6854761329814468E-017  -2.0334068744593746E-016  -3.3325921535493693E-016  -4.2857770280112717E-018
   3.2296627662937432E-017   3.7482911148857537E-017  -7.6269726723239206E-018   4.4469033832522536E-017   7.2149468402497917E-017   8.3735433364496521E-017  -1.7038374085735539E-017   1.3776677898441750E-029  -2.2595854470473972E-031   4.7759709410456695E-031   1.4374729198101944E-029  -3.9359290086339229E-031   1.5643927921211135E-029   1.1021720547850215E-016   4.5963890431033198E-030   1.3034825139262673E-030  -1.4716662306172971E-031   2.8051606667121400E-030   1.7097136381900873E-031   2.2231293995937345E-030   9.8007200447217362E-031  -4.7927608242537453E-031   7.3657313543192327E-031  -2.1374733523304115E-031   7.8946591062397676E-017   9.1624057136259078E-017  -1.8643540709272654E-017   1.3923773213322032E-028   5.3243700775422384E-031  -8.6108670220478373E-032   1.4079183881708187E-028   2.2197766707494393E-031   1.3975375641535414E-028   7.6823197016144189E-017  -3.8188558938305328E-029   8.0081984972608321E-032  -4.0929198515334699E-032  -1.9981930037000251E-029  -7.5092590119699739E-032  -2.0182726187162471E-029  -7.2941018134558942E-032  -5.9380211690890209E-032   1.2188239137963497E-031   8.0207005840137910E-032  -3.8406213496513614E-029  -1.2022865825196585E-031  -2.0656504458340225E-029  -2.0172382444985640E-032  -3.7480659096466985E-029   8.2762859520403560E-017   9.6053152737938644E-017  -1.9544767163727545E-017   3.8477476597884837E-030   3.2801478359247408E-031  -2.8704247770059875E-031   5.8939341826529086E-031   2.1468284254561657E-031   1.1974497726068377E-030   8.2387206333403822E-031   2.9298125569349041E-032   6.2079478102903742E-031  -3.3624176283053594E-031   3.8509749336071613E-029  -4.7012156717766322E-031  -9.5525577439398574E-032   3.7078666921605529E-029   1.6218194120990966E-031   3.7395464036755368E-029   1.0840209409138306E-016   2.7852946164953848E-016   4.9981027637653948E-016  -1.3703818938015493E-018
   4.6763162765590144E-017   3.3097392949528824E-016   1.3101495255512832E-016   9.3480554222057300E-015   1.0446717129654944E-016   7.3938348354501238E-016   2.9268254500989112E-016   1.0863809150264261E-027  -4.5159486756016106E-030   1.4374729198101944E-029   1.1121971368727618E-027  -1.6501363266163411E-030   1.2175624740501329E-027   2.3303796017384497E-014  -2.8497522661752144E-029   1.7141702440637508E-029   4.2910811163516381E-030  -8.2379885100794366E-030   1.4853578728853905E-030  -1.1815070168787940E-029   8.9132141067745012E-031  -5.9003959663667869E-030   9.8812238133240256E-030   2.0275777595217984E-029   1.1430890946792902E-016   8.0903999441944988E-016   3.2025584808340756E-016   1.3140580700430393E-026   1.6014839320110734E-029  -2.1261909816042452E-030   1.3145278157125024E-026  -2.9572367455765663E-030   1.3030991307979134E-026   1.4937840458463332E-014  -4.3567767703523415E-027   1.1539365291746288E-030  -3.0253061659335412E-030  -2.1329123661008173E-027  -2.9705969589676024E-030  -2.2518230308048591E-027  -3.3876013478573286E-030   6.6160762951066883E-031   3.6549168901073657E-030   9.6884294848822533E-031  -4.4606453283034499E-027  -1.7240312266394130E-030  -2.2672366810864039E-027   1.3929585974628580E-030  -4.3059087345864382E-027   1.1983458802869794E-016   8.4814888779164995E-016   3.3573697621161517E-016   2.0762701946532193E-030   1.1792285223885400E-030   2.6545044771458803E-030  -1.9891131707191440E-029   7.1529596580522307E-030  -5.5403156542746537E-030   1.0488845384964585E-029   9.1120141355471448E-030   6.9624399802008289E-030   1.0556714080071597E-029   1.9502895075108384E-027  -1.0364420826244544E-029  -1.7130064255541008E-030   1.8170265722536544E-027   3.5283834123192773E-030   1.8253294576134897E-027   8.1603075323901775E-016   1.0135829956136234E-015   7.6555247137820533E-015  -9.8052495946234248E-016
  -3.9761479394389045E-017   9.6412045608351913E-018  -7.3906848392182221E-018   9.6717404368010405E-017  -8.8825670318950808E-017   2.1538093422141848E-017  -1.6510515829844243E-017  -1.2350335883467297E-030   2.9924826501395332E-031  -3.9359290086339229E-031  -1.6501363266163411E-030   5.7287532138963235E-031  -1.8260310526067148E-030   2.4206679745713580E-016  -6.0911733012179389E-030  -4.5036721407502980E-031  -5.1604257133363455E-031  -3.8105902941951425E-030  -2.3186527433757661E-031  -2.9558941904180040E-030   7.1648426588298407E-031  -1.1938933810240424E-031   2.1001604498595949E-031  -1.1196860953711744E-030  -9.7193839757672586E-017   2.3567173692471496E-017  -1.8065953503319955E-017   2.3108865608299743E-029  -5.4201435585728301E-031   4.6732495568973829E-032   2.1095115322189384E-029  -2.0727748276407765E-031   2.0363455544899545E-029   1.4590568380199515E-016  -1.9656710632687910E-029  -9.8782104295746352E-032   1.5711170409209639E-032  -7.8183166319633832E-030   2.5343666056805575E-032  -9.5166709658415325E-030   4.8839758106161917E-032   1.0999948713382562E-031  -1.1735840323273040E-031  -8.8746472494252532E-032  -2.1296827281975666E-029   6.7455570688896439E-032  -9.1324941511324241E-030  -2.2353691516559966E-032  -1.9741931464496051E-029  -1.0189217796313733E-016   2.4706407957011264E-017  -1.8939259463592195E-017  -4.8920982240300529E-030   1.7358258023327086E-031  -1.9828685840914194E-031  -8.7836384890832030E-031  -1.9890283127426119E-031  -1.5352440447216919E-030   4.4342847089589096E-031  -5.4167268320639142E-031  -1.7486498629627405E-031  -9.1621307465611605E-031  -2.3770584164295234E-029   5.3308025446342015E-031   1.2447665873225623E-031  -2.4010221528548374E-029  -2.1854172766183701E-031  -2.4280037251333252E-029  -1.4833837813816836E-016  -4.0007736983705631E-016  -6.1588710487999903E-016  -1.5085810397271244E-017
   1.9863605738845056E-016   2.5380062132098233E-016   1.6948109086643332E-016   1.0275753071800546E-014   4.4374558532001165E-016   5.6698117523754513E-016   3.7861447138999257E-016   1.1895710623380894E-027  -5.0023228862140418E-030   1.5643927921211135E-029   1.2175624740501329E-027  -1.8260310526067148E-030   1.3338833841690177E-027   2.5616771065101917E-014  -8.2685944925607657E-030   1.6342187642709983E-029   5.7413926389293045E-030   8.2876787377819009E-031   1.5403398153989745E-030  -2.4765864500980124E-030  -2.8902793970347529E-030  -5.5068497968036532E-030   8.5757467195871275E-030   2.4724557583213240E-029   4.8555037252053060E-016   6.2039585284050445E-016   4.1428332744457857E-016   1.4404536073480631E-026   1.7492653510298346E-029  -2.2968288313051586E-030   1.4408533242240297E-026  -3.4226868333891216E-030   1.4283308806280706E-026   1.6417431158401831E-014  -4.7795912916163930E-027   1.1846269145379588E-030  -3.3879485958544056E-030  -2.3390817309807832E-027  -3.2016981411198376E-030  -2.4700846425578093E-027  -3.6406308206137129E-030   7.7076137927441444E-031   3.9678815571234217E-030   1.0241575078348835E-030  -4.8935524596488491E-027  -1.7718151247075256E-030  -2.4868589458845738E-027   1.7124468316765617E-030  -4.7239829924607958E-027   5.0902181753789205E-016   6.5038571171603850E-016   4.3430973230787317E-016   1.5801999736450490E-029   9.3343824916261630E-032   3.7723648316161283E-030  -1.5938305693853803E-029   7.7965388657829200E-030  -2.1058433927886002E-031   8.7849866390048910E-030   1.0780406811753245E-029   6.4338986490634197E-030   1.3433942191416611E-029   2.1297826224061559E-027  -1.1215084469973023E-029  -1.8402656205729323E-030   1.9838184200732880E-027   3.8200416118247343E-030   1.9927994327996636E-027   8.4559611755026768E-016   9.7952393050978743E-016   8.1872967728377489E-015  -1.0794523446032377E-015
  -4.4055782220732299E-016  -5.7021724855798613E-015  -1.7795621203854158E-015  0.25499046415958060        1.2604647551700160E-015   1.0692254430628348E-015   7.6925359063888244E-018   2.2981616958386119E-014   4.3640561178302740E-017   1.1021720547850215E-016   2.3303796017384497E-014   2.4206679745713580E-016   2.5616771065101917E-014  0.63617369669827217       -7.1644122767650510E-016  -1.1680996424882527E-016  -1.3319961682827165E-016  -8.0472802769794662E-016  -9.1403876942244619E-017  -3.8816621013752069E-016  -5.2081540996521907E-017  -1.6189306427765020E-016   6.8523786263262106E-017  -2.0269876835052732E-017   1.7966656043655378E-015  -6.0844277950111479E-015  -2.2687446640698669E-015   2.9843830229096033E-013   7.1066860734941547E-017  -1.9972225232940503E-017   2.9740879025187344E-013  -1.8095054712445659E-016   2.9456512159864078E-013  0.40289628224178564       -1.0526688800807040E-013  -3.0884299830305349E-017  -6.7216151546209259E-017  -5.0551029650684819E-014  -4.7513738473612221E-017  -5.4059161705722070E-014  -3.9589904319245078E-017   7.4134402164695269E-017   1.8758068442768742E-017  -2.6612558206685087E-017  -1.0834297706200435E-013   5.9666954439703652E-018  -5.4191707738980545E-014   3.8634892008620341E-017  -1.0421009180112518E-013   3.2618313711283933E-016  -3.7130359723148153E-015  -1.8570534469817088E-015  -6.4454647771046487E-016  -2.3221972888854793E-017  -1.9854349987963096E-017  -1.2714302620569117E-016   5.3707514847262408E-017  -1.3461725181347359E-016   1.4324155327818498E-016  -5.4105816107266917E-017  -6.7068953763156994E-017  -1.9388709808372294E-016   3.0014582579470266E-014   5.3447883587138868E-017   2.8058590265272723E-017   2.7000701325025030E-014  -3.7036447052168988E-017   2.7034634511544794E-014  -6.0598750649113117E-002 -0.18933276883766384      -0.15852983272913312       -2.9357464536515155E-002
   5.8186067077793754E-015  -3.4932842878864213E-017  -2.3083286467104897E-016  -2.8740943633795742E-016   1.2998551588443677E-014  -7.8038675424605047E-017  -5.1567205869456653E-016  -2.4286182326130633E-029  -2.5905394486061023E-030   4.5963890431033198E-030  -2.8497522661752144E-029  -6.0911733012179389E-030  -8.2685944925607657E-030  -7.1644122767650510E-016   9.1029070847137127E-028  -2.6284373095049715E-030  -4.2607790425022743E-030   4.0257247823873288E-028  -5.3077454902570493E-031   4.1652942310828414E-028  -2.7442104241134422E-030  -6.7381172711426066E-030  -7.1140889062631875E-030  -3.2552666973359130E-030   1.4223130944384406E-014  -8.5390613849419086E-017  -5.6425296043709097E-016  -3.7129810949559618E-028   2.4703271874678814E-030  -2.1726238465895622E-030  -3.7242411592693223E-028   7.0355926862071337E-030  -3.7906593781586351E-028  -4.5965354077944510E-016   1.2697184084529453E-028  -1.6868559741182730E-030  -2.0418830370314412E-030   6.2012492311812857E-029  -5.2155076482186848E-031   6.6085415222887401E-029   1.7614128493138556E-030   8.7293985183171099E-031  -4.6060879518074552E-032   5.9814459581744811E-031   1.3345867110581254E-028  -1.7494067015602510E-030   6.2539385060449445E-029   1.7708700107961645E-030   1.2695460041118378E-028   1.4910675336949142E-014  -8.9518385572773346E-017  -5.9152887883034063E-016   5.5454499098164305E-028  -1.9191278615790200E-030  -5.9331162868202340E-030   2.2663130289596958E-028   4.2149245828141405E-031   2.3364697754162863E-028  -2.7107222323362723E-030  -3.5878117386815931E-030   1.1508453057732245E-030  -1.5684777434800541E-029  -5.6145788826444646E-029  -2.6428782737052993E-031   6.2711031046485765E-031  -5.0634646035422165E-029  -1.5145769366451881E-030  -4.7993417582529856E-029  -3.2054705465615013E-017  -4.9403686736507038E-017  -2.6625381423079794E-016   2.9927081468797581E-017
  -1.0183357276468444E-017   7.4844619603432578E-016  -3.0277338971568224E-018  -4.6387192000294686E-017  -2.2749242481836152E-017   1.6720010440506674E-015  -6.7638452356184063E-018   1.5684253721666985E-029  -5.0645699202556352E-032   1.3034825139262673E-030   1.7141702440637508E-029  -4.5036721407502980E-031   1.6342187642709983E-029  -1.1680996424882527E-016  -2.6284373095049715E-030   1.5902590408751081E-029   1.2069626717914901E-030  -1.4770122369222080E-031   2.6738036201960237E-031  -1.1030802122207588E-030   2.6395286938064804E-029   6.6425769651052935E-031   1.4433516576452452E-029   2.1795112581535416E-030  -2.4892423783007586E-017   1.8295184372560815E-015  -7.4010597118561769E-018   1.0455680558737406E-028   1.1889994479387901E-030  -6.6544581353486545E-031   1.1173566730218503E-028   1.9293568466420238E-030   1.0691620534003066E-028  -6.3574584516170570E-017  -2.0265203777153511E-029  -6.7440732845147586E-032   1.2158323451374209E-031  -1.4229591613091990E-029  -3.7677670248589029E-031  -1.1805632465719881E-029  -3.6002445826318421E-031  -5.3726198489744140E-032   7.4433045257160771E-032   3.0443924203571022E-031  -2.2386754137829095E-029  -8.6189083066726893E-031  -1.3409547972693113E-029  -7.4324795550466505E-031  -1.9160883390510917E-029  -2.6095720473178506E-017   1.9179571324733896E-015  -7.7588260239143587E-018   5.9088215109224567E-031   8.2285782327337559E-030   1.0026866158190992E-030  -1.2131150777816055E-030   2.5464215356330761E-031  -4.2887664040731870E-031   1.9136703361549510E-029   1.5701102908712727E-030   8.4835444338710074E-030   2.8848142271663928E-030   4.2468955988205700E-029  -7.9130113217981045E-031  -1.8723023807270468E-032   4.0724523301932066E-029  -4.8477352467387365E-032   4.2115364699794610E-029   1.8728538952025237E-016   4.9601996860735041E-016   8.1029829410537541E-016   1.0895605812229242E-017
   3.6583865546939608E-017   5.7385061399591344E-017   1.6103700013951918E-015  -5.3302497406903972E-017   8.1726998833066705E-017   1.2819609890657847E-016   3.5975068587521926E-015   2.3740749184465554E-030  -1.5100427513683460E-030  -1.4716662306172971E-031   4.2910811163516381E-030  -5.1604257133363455E-031   5.7413926389293045E-030  -1.3319961682827165E-016  -4.2607790425022743E-030   1.2069626717914901E-030   6.9717100435695976E-029  -1.1748049115510650E-030  -7.7124020808676432E-032  -1.8101156153425064E-030   8.7232647326006151E-031   6.2924950268155589E-029   1.3092161319758355E-030   1.5168106232950631E-028   8.9426410180023123E-017   1.4027331344580516E-016   3.9364240528801850E-015  -3.1196202203457992E-030   5.2800748050538659E-030  -6.0926298485373345E-031   8.9834427214412352E-030  -2.0161170253551233E-030  -4.0286410158728504E-031  -8.2277805491621127E-017   6.8348327423721644E-030  -1.6648603639158804E-030   1.0293952221084218E-031  -9.7110540385265695E-031   6.5883348878231965E-031   1.7702215587455556E-030  -1.4089726563213406E-030  -1.4775658947587273E-031  -7.2379965842364319E-031   1.8670852692631613E-031  -1.3568183294705238E-030   1.3919981030727221E-030  -1.0881107048761173E-030   1.5009292706316618E-030   3.8878170652544542E-030   9.3749271799355366E-017   1.4705410808681750E-016   4.1267103052457991E-015  -2.2860646397533418E-030   2.2656632963395408E-030   5.9371980920416342E-029  -1.6393981482198184E-030   4.4328567736094251E-032  -1.2844907677485894E-030   5.8695967016640250E-030   5.9093114532232439E-029   2.3996920502243119E-030   1.4052089212924997E-028   3.0761209983728557E-030  -1.4178960012382706E-030   1.1672021671588942E-031   1.6472197424353414E-030   5.8806541737129503E-031   3.8888527729486466E-030   4.7895451704139037E-017   1.3182956078938436E-016   1.8932301504535710E-016   7.2470338638818879E-018
   2.5747044944354468E-015  -3.3974084138858505E-017  -9.3399244304307659E-017  -3.2200561270939295E-016   5.7517943515879276E-015  -7.5896843957302970E-017  -2.0865044784485591E-016  -7.3094703102575465E-030  -1.7307737918778170E-030   2.8051606667121400E-030  -8.2379885100794366E-030  -3.8105902941951425E-030   8.2876787377819009E-031  -8.0472802769794662E-016   4.0257247823873288E-028  -1.4770122369222080E-031  -1.1748049115510650E-030   1.8038300499860754E-028   2.6177722893950472E-031   1.8456296368881756E-028  -2.6344679136871754E-030  -3.0320171388690444E-030  -3.4631511576106372E-030   1.6885266533191514E-032   6.2936646187977615E-015  -8.3047002777582993E-017  -2.2830717877368591E-016  -2.0155455596468618E-028   2.1731117540424797E-030  -1.0268814022874399E-030  -1.9786397707666694E-028   3.4633126937619193E-030  -1.9917036756099986E-028  -4.9654307631778920E-016   9.3686403030970727E-029  -5.0375511569884288E-031  -9.0903924595737130E-031   4.2026879131426226E-029  -2.8278023961021765E-031   4.7275910443312198E-029   6.5821220798581827E-031   1.4366693011792021E-031   2.3327748226363769E-031   4.4249645609863176E-031   9.9913206839262793E-029  -9.0205354835747346E-031   4.4958174047958995E-029   7.9491854114757094E-031   9.3901244204434952E-029   6.5978995888798004E-015  -8.7061484631285804E-017  -2.3934351958792866E-016   2.4773946567390365E-028  -1.1842372095014373E-030  -2.4946818889444630E-030   9.8882390974043459E-029   6.0192359891248538E-031   1.0327265286346184E-028  -2.0876588219556827E-030  -7.6299379905795110E-031   8.6486199020086899E-031  -5.6653111170266805E-030   2.6846189258890530E-029  -1.2308529173913274E-030   5.3371775487847342E-033   2.9656642967898262E-029  -1.9137709871557885E-031   3.1346929869521415E-029   2.9850331624273347E-016   8.2038841153963462E-016   1.1843396994467327E-015   4.4068793630372869E-017
  -3.1768952348686048E-018  -1.6339683005609932E-018  -3.4055597429112896E-018  -3.6494300300174139E-017  -7.0970661320504485E-018  -3.6502245838972805E-018  -7.6078941624653881E-018   1.2765358795391929E-030  -1.1877389788955529E-031   1.7097136381900873E-031   1.4853578728853905E-030  -2.3186527433757661E-031   1.5403398153989745E-030  -9.1403876942244619E-017  -5.3077454902570493E-031   2.6738036201960237E-031  -7.7124020808676432E-032   2.6177722893950472E-031   1.0653085897587242E-031  -1.6789199882677307E-031  -2.1933810082714569E-031  -2.1944849803876008E-031  -1.8397708976814244E-032  -1.8591099626203635E-031  -7.7656729852045851E-018  -3.9941082573603731E-018  -8.3246255667368840E-018  -1.2574415703113260E-030   2.1918897609905822E-031  -1.3607139849433705E-032  -3.9216612886024224E-031   8.1285778380405382E-032  -8.1015096952231453E-032  -5.4468871993403049E-017   5.7307238786725527E-030   5.7866600864972697E-032  -1.4621164239897816E-033   2.0131834441467930E-030  -1.5402585029019853E-032   2.6796124540664099E-030  -2.4343567297840621E-032  -5.0862420511881565E-032   5.7740474922487283E-032   3.7847914658336497E-032   6.4067155386848535E-030  -3.4112687907894680E-032   2.5215704403994954E-030  -5.2203282779649368E-033   5.8142729320772533E-030  -8.1410646578466546E-018  -4.1871829570451588E-018  -8.7270369381163336E-018   2.1602504375981125E-031  -5.1452688160844396E-032  -1.6483280532552360E-031  -4.2066463847569057E-031   9.1107778446602119E-032  -1.4597660754108899E-031  -1.4196241924026311E-031  -1.4417033516444217E-032   9.5246603851944038E-032  -1.8252928169099537E-031   1.1923288439136806E-029  -2.3664962372374512E-031  -5.8828875985410850E-032   1.1936682850004010E-029   1.0103515880908658E-031   1.2045567333397964E-029   6.6592473644401291E-017   1.7877173242550461E-016   2.7947651572941219E-016   6.0270139831476004E-018
   2.6628232471971815E-015  -2.1611347012039797E-017  -1.0342667050160991E-016  -1.5559545882813560E-016   5.9486483771661210E-015  -4.8278947717186279E-017  -2.3105134607888377E-016  -1.0039265255767956E-029  -1.2771938827517838E-030   2.2231293995937345E-030  -1.1815070168787940E-029  -2.9558941904180040E-030  -2.4765864500980124E-030  -3.8816621013752069E-016   4.1652942310828414E-028  -1.1030802122207588E-030  -1.8101156153425064E-030   1.8456296368881756E-028  -1.6789199882677307E-031   1.9064898461904444E-028  -1.5771732833438644E-030  -3.0661002816700188E-030  -3.3556294068260404E-030  -1.1911242540356351E-030   6.5090640472400267E-015  -5.2827254680369666E-017  -2.5281844117756020E-016  -1.6853596998397941E-028   1.3010665668072215E-030  -1.0029848243221622E-030  -1.6843675382710478E-028   3.2622332115354405E-030  -1.7127865499453554E-028  -2.4609702825956516E-016   6.1404910031442927E-029  -7.3505698394290179E-031  -9.3740973880312628E-031   2.9437159883140375E-029  -2.4638764995317970E-031   3.1747600380261410E-029   7.8653498118404698E-031   3.6322358800654320E-031   1.8785327460975912E-032   3.0008793819009401E-031   6.4827869394191660E-029  -8.1676173473188404E-031   3.0007716612975175E-029   8.1665463171356951E-031   6.1453656933486872E-029   6.8237113990800639E-015  -5.5380917644739583E-017  -2.6503965338799615E-016   2.5412820423970985E-028  -9.6059859598851863E-031  -2.6685333205222353E-030   1.0349253378631668E-028   2.5890188114710114E-031   1.0690312987198152E-028  -1.4438639835054935E-030  -1.4888557455868058E-030   5.5130087965423984E-031  -6.9206816489932291E-030  -1.6922851521655958E-029  -2.9316628679795204E-031   2.4488858865944792E-031  -1.4413667158326176E-029  -6.1803826062803648E-031  -1.3125738225595530E-029   3.2456687573173030E-017   1.0369257791754357E-016   7.6692292245516086E-017   1.7771483398459623E-017
  -1.2818593558846963E-017   1.3405989921966401E-015  -2.5114102887063001E-017  -2.1138002663522193E-017  -2.8636262602747613E-017   2.9948484292961558E-015  -5.6103974434019320E-017   1.1509334581875555E-031   7.8513511421944113E-031   9.8007200447217362E-031   8.9132141067745012E-031   7.1648426588298407E-031  -2.8902793970347529E-030  -5.2081540996521907E-017  -2.7442104241134422E-030   2.6395286938064804E-029   8.7232647326006151E-031  -2.6344679136871754E-030  -2.1933810082714569E-031  -1.5771732833438644E-030   4.8528874743188827E-029   1.1593213169724517E-030   2.5715582586319369E-029   1.0012395744112952E-030  -3.1334053643220989E-017   3.2769898306466932E-015  -6.1389468622427998E-017  -4.4340149870564130E-029   3.1297021141599530E-031  -1.0447650689675248E-030  -3.7356297938380910E-029   3.0222069946768582E-030  -4.5603955489841418E-029  -3.9303858580127112E-017   6.7116472327990665E-030  -4.6282937121602018E-031   2.8383038614332925E-031   6.9796313253763526E-031  -5.3672950173427107E-031   2.9154099424075955E-030  -3.9723778029657592E-031   2.1494550336474758E-031  -2.8080043199183111E-031   2.8136146605953342E-031   7.3173581335508782E-031  -1.3234681629524797E-030   1.4067660077494241E-030  -1.3614232206775322E-030   7.3001653252692429E-030  -3.2848737924980157E-017   3.4353991141833285E-015  -6.4357027950863101E-017  -1.5247180040512882E-030   1.4958846874061839E-029   1.3477967312003230E-030   3.8919237888855909E-031  -2.5327261875168271E-031  -2.3131102170358910E-031   3.4769718447765316E-029   1.2951065374862533E-030   1.4371825866358148E-029   2.7182565914311171E-030  -3.5016639354305266E-029   3.0565206250307276E-031   3.6530755401532248E-031  -3.5761853856702517E-029  -8.0050698408592745E-031  -3.4176429846738364E-029  -1.0206320361431250E-016  -2.6473347075641829E-016  -4.6162946981879132E-016  -9.4124149387364363E-019
