  0.13866824489758603        1.1415504076509054E-017  -3.3746376566380887E-019  -1.7152008055908690E-015   6.4673615058369348E-017  -2.0191851446909409E-018   3.4172399586621628E-018   6.5147252244094555E-017  -3.6834844119708070E-018   2.8155827663563163E-017   7.0100002867115568E-002  -2.6330548558395483E-017  -2.6370433013178550E-015  -3.9144206075383265E-015   6.1973586677066691E-014  -1.2012636997692291E-016   9.3531857661756840E-016  -2.1494327034268366E-014  -8.8711331010172088E-016  -9.6932159347193291E-014   1.3455374011742752E-016  -2.4486137718458905E-016   5.3437604230227371E-017  -5.4854082765403149E-016   2.5876491989596008E-016   8.3837460833362323E-018   1.3063238437663500E-017   1.2195777951354899E-016   7.7672179640497815E-018   1.4665194767721454E-016  -2.5883066265716155E-015   4.0204536593411888E-002  -2.4978496481119165E-016   4.1488207992492893E-015  -8.0993320880068934E-017  -9.8265883027191688E-018   8.9899424927690393E-019  -4.0242793993384060E-017  -9.1792082520807723E-019  -4.5142232201959984E-017  -6.5422047488990299E-018   1.3956838998186274E-018  -5.3026534915137440E-018   4.7281112317814883E-018  -5.7985853010989139E-017   1.0038302096259603E-018  -3.5737925693582988E-017  -3.7906319887864241E-018  -6.8742159361465109E-017   1.6226305452282384E-014   2.3917533702833218E-018   1.2224618170291242E-016   1.1003232172472128E-015  -7.4572542522583135E-017  -2.8424036884087675E-014  -6.3388037733915060E-018  -9.5117110329280811E-018  -4.5256217401131961E-018  -3.7615205503620520E-017   2.2892250803375583E-016  -5.3530510039193295E-017   8.0000850180579260E-017  -5.7068454589565362E-017   1.0674396402686638E-017  -1.9968751224583168E-016  -2.7306232950288667E-002  -5.8386538127869388E-018   1.0239962923955695E-014   1.5162832743540032E-016  -1.1376123534269434E-002  -1.3370761631607789E-016   4.5980805856546187E-015   9.4162391971427437E-016  -1.9129435615233025E-016   3.0290029274344597E-016  -2.3103027752856789E-016   4.7513595123688818E-017  -7.0777911224787788E-016  -1.6400607660191940E-015  -3.7031658526564245E-016   1.0258714678237666E-002   1.5959223774573673E-015  -3.3918744859854786E-015   8.2272975847393833E-016   4.4971348518050353E-016  -9.1718265132667359E-004   1.3903821212087096E-017   1.9760999554917146E-016   3.0611014896932132E-017  -7.4508643584415174E-017   2.2215427792294979E-016
   1.1415504076509054E-017  0.13866824489769836        2.4248991303299351E-016   8.5478771745529353E-016   1.3669947859885132E-016  -5.0206936816599576E-017  -2.6784625945475285E-017   1.1624547260275556E-016  -3.9031658909449207E-017  -4.0497063073477328E-017   5.1025111660219127E-017   7.0100002867200875E-002   1.3306296861699385E-015   1.6825625150250193E-015   1.5402484201182724E-016   5.6357019646953815E-014   4.2590454699220456E-016  -1.2416788743895749E-016   7.3089129812801640E-016   7.3661701799272866E-017   1.4242207375509063E-014  -1.1304682126889254E-015  -6.9111056793909269E-014   9.5484949319166596E-016  -1.8302163258830575E-015   4.7848595306021524E-016   2.4784683194675597E-017  -1.3071548719949725E-015   2.1477916562391079E-016   6.1230177632901614E-016  -9.0644037441805467E-016  -6.2469123295827785E-017   4.0204536593187429E-002  -3.5585779930011975E-015   1.3073366925796746E-015  -1.7630037255619392E-016  -4.8898646951091889E-018   6.8076547519012154E-016  -2.6590388848645191E-017   3.4770843269370945E-016  -1.7690103101696461E-016  -2.4442020188465455E-018  -7.7795017149929821E-017  -5.0193137264501506E-018   1.0226342076328864E-015  -5.9909356338488649E-017   2.6013641244540173E-016  -5.9854490045301096E-017  -1.2773842927459604E-016  -1.3630423655711212E-016   7.6147729589992139E-015   5.6972528357331584E-017  -6.1823787312573349E-017  -1.9020385579646851E-018  -7.9091658084725080E-017   1.4164588523988803E-014  -9.0626254183266484E-017  -2.3644213315793291E-014   2.2583589072094391E-016   9.8960813798674400E-016  -4.9303626400972121E-017   3.4914652975167073E-017   1.1062455191704970E-015   7.6148045020892497E-017   6.1357766060221891E-016  -2.1198668055450323E-015  -2.7306232950288150E-002  -8.9101637581301966E-015  -5.2477094104258882E-015  -8.9038216022797320E-016  -1.1376123534197818E-002  -3.9774928769610784E-015   1.5266302308382646E-015   2.4875874567544859E-016   1.4768213135516482E-016   2.3967633358393288E-015   4.9362231598756875E-016   2.3099290862745991E-015  -4.6602498188425130E-015  -2.0906731519814623E-015   5.9055329497048704E-016   1.0258714678253638E-002   4.8705839378656710E-015  -1.0029153883603066E-015  -1.7293310726407305E-015  -5.7638502646621543E-017  -9.1718265130454697E-004  -1.4675061547548606E-016  -2.4474659117025366E-016   8.7050629344096936E-016  -1.4590252860065621E-015
  -3.3746376566380887E-019   2.4248991303299351E-016  0.13866824489775664       -7.1222611115618546E-016   5.9709285764443176E-017   3.7050450591536211E-017   6.4165884814674868E-018   9.6232950201718290E-017  -5.7311880709411650E-019   9.8386644563897262E-017  -2.5843191162332045E-015   2.9949248362203072E-015   7.0100002867228797E-002  -3.1942390850745700E-015  -5.3654056900838748E-016   1.6042481998094321E-016   7.8132986268834806E-014  -2.2288593055534102E-016  -1.1106036631926421E-016   1.0097923400397826E-015   3.2686296555129861E-016   2.7737429634184349E-014  -1.4409622867813917E-015  -1.1156216850582685E-013   1.6221629412059188E-015  -2.7004324346461434E-016  -1.5269420471647852E-017   1.1474304394754723E-015   4.1595692187788464E-017   1.6716970370792540E-015   8.7494916300510853E-016   4.4561844583602198E-015  -3.5440983460429534E-015   4.0204536593180115E-002  -1.0157344718843864E-015   1.2231142893158666E-016   2.5683695694333163E-018  -4.8003340961481589E-016  -4.2627652508984284E-018  -5.7036278250770999E-016   1.2156037870701376E-016   2.1132012682472325E-019   5.4656734965176894E-017   2.5922468886641077E-019  -6.1909947447840590E-016  -1.1929673940001226E-017  -4.5334954565057531E-016  -8.3506910634466015E-018  -9.2760050722314713E-016  -1.0548694941419305E-016  -5.3467976540425204E-017  -5.5123525105963253E-015  -9.8353077407603568E-017  -5.8467326304821075E-018  -1.2455060801208483E-016  -1.3863620593465511E-016  -7.1831158276670178E-015  -3.5457382766226717E-017   4.2547094290448056E-015  -1.4450194231002954E-015   2.6749329371876735E-016  -4.1732290157362839E-017  -6.3920235308759891E-016   4.7549724504499496E-017  -6.7584797672859136E-016   8.5249701970563791E-015  -6.1153359781228538E-015  -2.7306232950850107E-002   6.8209415388703012E-015   3.9371550774862777E-015  -3.1221111277636586E-015  -1.1376123534371736E-002  -5.8401376517544999E-015   7.3381019926304501E-016  -1.6620436061128886E-016  -3.3172070482052384E-015   2.1186104099255410E-016  -2.9949895642938956E-015   3.1223780512430665E-015   1.3871024240177287E-015  -3.4898909237278393E-015   3.8483583190624337E-015   1.0258714678511607E-002  -1.5537174739291134E-015  -1.4549247256818227E-015   1.3448870478959110E-016  -5.0074251162576923E-017  -9.1718265131217412E-004  -3.7038633248779993E-016   2.4741044703381982E-016  -3.3174952658955664E-017
  -1.7152008055908690E-015   8.5478771745529353E-016  -7.1222611115618546E-016  0.10676543963872956       -2.6272491569973002E-012   6.6737684489408121E-015  -7.3409431327863512E-014  -8.2359435299542044E-013   6.9438047421514379E-014   3.4241060707889784E-012   3.6080648030129355E-015   2.4640778310108582E-015   8.8026377530007395E-016  0.27320444809118111       -1.2547655191663483E-015  -4.5192843234844899E-016   6.5220739193489841E-017  -5.9295104886105535E-016   5.9800617876161869E-017  -5.3898235941155385E-016  -6.5261203620033410E-016   4.4128297683436926E-017  -1.8223858544084172E-016   1.0121772147295536E-016   6.7239703140743810E-012  -1.8886872208233209E-014   2.0229496120234305E-013   1.6691812849888448E-012  -1.9001063324233605E-013  -8.4079122348067180E-012  0.16651274247169098       -2.4819767460551267E-015  -1.3641995079978137E-015  -3.9886515450387832E-016   6.2175652083987957E-014   9.4444762652470092E-017   7.7916395281128309E-017   2.5396575949698167E-014   5.1199667173145311E-017   1.7416423729600410E-015   9.7319524398284076E-017   6.1901072078132703E-017   3.7963357153622761E-017   1.2909286904307683E-016   8.0019851077174229E-014   6.3913462673041328E-017   8.7242244422145467E-015   8.2597041248327138E-017   9.8567266793140801E-014   5.1302590937224463E-016   4.9233822622506490E-017  -4.0206129946217052E-017   3.2705179319657161E-016  -6.0057674459046220E-018   3.4735155357855102E-016  -5.0797464917311632E-017  -1.9443963526152925E-017  -4.8334896812076030E-017  -2.0933288602824034E-017   2.5245301838305069E-012  -8.7119107580021765E-015   9.2311842799176287E-014   2.2324486819536416E-012  -8.7730519393937102E-014  -4.2510725497573891E-012  -1.0749153772687201E-015  -5.0933127431079696E-014  -3.7896622253517694E-015 -0.12911473626298914        6.8829598983090820E-017  -1.8973171673580916E-014  -1.1184842110869020E-015   2.4893022220015018E-011  -7.3299959767086276E-014   7.8838504430827775E-013   1.0329217666434142E-011  -7.3700132360374815E-013  -3.2363358330431330E-011 -0.11495372333930427       -1.9412268572894492E-002  -3.1195281883105606E-016   1.0760809292767369E-013  -1.1421144214755700E-015   5.5617527656378646E-002   3.6489415009564978E-002   8.6236868134758928E-018  -1.6070885998084436E-015  -1.2344229508178527E-016   1.0796407224128227E-003  -8.7424730457739373E-003  -1.1752299168982482E-002
   6.4673615058369348E-017   1.3669947859885132E-016   5.9709285764443176E-017  -2.6272491569973002E-012   2.7431538593701698E-006   1.1666642380568297E-018  -7.3641834838355136E-018  -1.3715769314771152E-006   1.2736730367335785E-016  -1.3715769278792382E-006   3.2422768378998358E-017   6.5261579430936092E-017   2.9245129105356209E-017  -6.9458533562080299E-012   7.7345678839616848E-019   1.6100596507038887E-018   1.1622126297704500E-018  -1.4692743780157832E-018   3.9003940971673360E-020   3.2275734289172916E-019   1.5402645514346774E-018   8.7304698487231012E-019   2.0453094847989306E-018   2.1064873678262766E-018   1.4756658305787893E-004   1.2581463785004290E-016  -1.0318967784784489E-016  -7.3783291573937488E-005   3.4929050148275494E-015  -7.3783291483554465E-005  -3.9538972610460972E-012   1.7658732978076518E-017  -3.9935840811524126E-018   5.7605020813175112E-017  -1.4158276941027556E-016  -3.2030674560301596E-018  -1.2945107703121421E-018   4.5988364965569723E-018  -1.0949205685525029E-020  -4.6036133389701307E-017  -2.9047201569365820E-018   8.3399460361827056E-019  -3.3687800717653284E-018   6.0311157900078751E-019  -2.5975304785702496E-016  -9.8910342430797341E-019   1.3112647689852289E-016  -1.0685954710434614E-018  -2.0729042679261838E-016  -4.4539910413013365E-019   5.1544683794973168E-020  -7.3445067083661215E-019  -4.6750496880694479E-019  -1.4966257855412168E-019   1.1710940926412714E-018   1.8408561221949947E-018  -1.9554507106869107E-019  -1.0534405009628132E-019  -5.7937614699854496E-019   5.1427331853664974E-004   4.1097372639585971E-016  -5.5283729721557849E-016  -2.5713665943572097E-004   1.2612747541646681E-014  -2.5713665910147710E-004   1.9572282255539775E-016  -2.8064429951188768E-015   2.7718033736635974E-015   4.6203650336803404E-012   3.1413869484166401E-017  -1.0312402520011929E-015   9.4998112919989852E-016   2.0121344279783013E-003   1.6386934361332774E-015  -2.4478314509976857E-015  -1.0060672146484510E-003   4.9443859443546745E-014  -1.0060672133325511E-003   6.2122224754079872E-012   6.4848638769414453E-013   1.5044337438413134E-015   3.9756212565763921E-015  -9.5582852034932207E-016  -3.4501717830517820E-012  -2.6170254374600958E-012   2.6201266188253380E-018  -1.0949494006743844E-016   9.9902814117918913E-017  -6.4991983232427957E-014   6.5574659994675445E-013   9.3614802347801259E-013
  -2.0191851446909409E-018  -5.0206936816599576E-017   3.7050450591536211E-017   6.6737684489408121E-015   1.1666642380568297E-018   2.7431538599258361E-006  -7.6331751506060471E-017  -4.4591962529829034E-018   8.1445917858966230E-017   6.8518641471605840E-018   1.8940084454415195E-018  -3.1863368486590431E-017   2.0058275570699159E-017   1.7681425281284448E-014  -2.0518559754924476E-018   1.2447912883502483E-019   1.3956296406577381E-019  -5.2444112174974981E-019  -2.0105844538953533E-019  -9.5187977611764824E-019  -5.6336918848952677E-019   8.2516479772970681E-020  -7.2044423593371537E-019  -1.0734955329354578E-018  -5.1375687462365716E-017   1.4756658306662026E-004  -1.9717576358453626E-015  -1.2971316370201718E-016   2.1566795792542810E-015   1.9926086582853518E-016   1.0073535807788896E-014  -5.9641328498984634E-018   8.3182706409398192E-017  -1.1596405289239108E-017  -5.0084513682414300E-018   8.7563819694353650E-017  -1.1219398690719791E-018  -2.3255288691670304E-018  -5.7534699494403215E-019  -9.9102568670538734E-019   1.3978279805475347E-017   1.0277191967704808E-018  -6.2217335481843207E-017   1.3351983030767144E-018  -2.3070806464240369E-018  -7.2284117598846119E-019   5.5989347190473109E-019  -1.9459947801094273E-018  -8.0576604465130498E-019  -7.9570667471413748E-020  -1.5232197228723081E-019  -5.0776785810669306E-019   2.2653868098217071E-019   3.2627171489793089E-020  -1.4268769003612012E-019  -3.6570518855580609E-019  -6.1912814360095497E-020  -3.1032669603567022E-020   3.8294767228942378E-019  -2.0728335457717410E-016   5.1427331858129805E-004  -7.1217410798189559E-015  -5.0217672100634759E-016   7.7520645518104775E-015   7.0423149119459518E-016  -5.0289362590440241E-016   6.1680777722078397E-015  -1.3383712853202293E-015  -1.0172046162364831E-014  -1.5283763430188516E-016   2.2483588195726136E-015  -4.9766237545663988E-016  -7.9333137523767754E-016   2.0121344281902854E-003  -2.7836493308354102E-014  -1.9888740105513080E-015   3.0323157471882637E-014   2.7212984203559488E-015  -1.3236381078419799E-014  -1.0875872595586973E-015  -7.4070740486543407E-016  -8.1790831487952238E-015   2.2162639161443606E-015   7.3129581712514804E-015   5.7600914827671771E-015  -1.5643147817417476E-017   2.3888135871419784E-016  -5.2891649344118142E-017   7.9884684835502741E-017  -1.4621045415822883E-015  -2.7500435346788367E-015
   3.4172399586621628E-018  -2.6784625945475285E-017   6.4165884814674868E-018  -7.3409431327863512E-014  -7.3641834838355136E-018  -7.6331751506060471E-017   2.7431538566913002E-006  -7.2868050350310135E-017  -2.0121108026978089E-019   7.8005708979190451E-017  -6.5878997329732239E-019  -1.2862279035523423E-018  -4.6417666725208605E-018  -1.9466650155596348E-013   5.1559405630033006E-020  -1.1488102116102318E-018   1.0662264558294197E-018  -5.9122624012746381E-019  -4.5889596057810342E-019   3.7184640525085084E-019  -2.0132324266972341E-019   1.4704354382362337E-018  -2.6438630292762662E-019   1.9667546546835449E-018  -1.5774408442176656E-016  -1.9919412497645869E-015   1.4756658298246045E-004  -1.8718027078970405E-015  -2.7748799679547746E-016   2.0352885776580327E-015  -1.1063645726899647E-013   1.4394221188949644E-017  -2.4403511891114246E-017   1.8429962753977973E-017   8.8316010582855823E-018  -3.8634596826688146E-018   7.6590484020368987E-017   3.3090107901286814E-018   6.8043367592314793E-019   1.9314697692210399E-018  -1.4259684128422379E-018  -5.3030061892487582E-019   3.5482244069594382E-019  -4.0549859899882249E-017   9.4171857692181414E-019   1.8496820051047453E-018   1.8497532033370899E-018   3.1246200990457732E-018   4.0135219029352003E-018  -4.5917108454798096E-020   4.9090363770938406E-019   1.7314055167277688E-019   8.4142622830185252E-019   6.0853476781624796E-019  -9.0817964525965426E-019   1.4781146615680531E-018   7.9989615280620930E-019   5.0568932393699520E-019   1.9044277950071116E-018  -6.8851700885329289E-016  -7.2091375555050965E-015   5.1427331827732722E-004  -6.6649725964348325E-015  -9.0326257435674225E-016   7.4235293717904763E-015   7.6725486008505075E-016  -1.2332602486910379E-016   8.0977119451196472E-016   1.1804184884469309E-013   2.9037233079403588E-016  -1.4955054736020644E-016   3.3516013060735972E-016  -2.8865042528197114E-015  -2.8178456549847840E-014   2.0121344270037293E-003  -2.5810412342367388E-014  -3.5684049906110998E-015   2.9278996116451660E-014   1.5564534292215471E-013   1.5165710268302921E-014  -1.5465359339816179E-015   5.0595838806447007E-015  -2.9297540880084836E-015  -8.2115055311400667E-014  -6.2640778163390724E-014   3.1165579327659838E-017  -1.7940635287064090E-017   3.6272811370538237E-017  -1.3138493370577752E-015   1.5418726678283749E-014   2.2456344747946406E-014
   6.5147252244094555E-017   1.1624547260275556E-016   9.6232950201718290E-017  -8.2359435299542044E-013  -1.3715769314771152E-006  -4.4591962529829034E-018  -7.2868050350310135E-017   2.7431538553984238E-006  -1.8083464858715574E-017  -1.3715769239098402E-006   3.3402854449655536E-017   6.1195142716301790E-017   5.1270032718028957E-017  -2.1870893072189608E-012  -7.3005550978757389E-019  -5.6675949577655569E-019  -1.5983278081952300E-018   4.3573629452065262E-019   3.8952569962027177E-019   3.8220980608969481E-019  -1.0974798523603422E-018  -2.0689684073084830E-018  -6.8392327231947077E-019  -1.4403387751512364E-018  -7.3783291574305141E-005  -8.7168063097654813E-017  -1.9812635220848248E-015   1.4756658295061759E-004  -4.1923505707214500E-016  -7.3783291376650545E-005  -1.2566463857681960E-012  -2.3159598845070535E-018   2.4088426984622799E-017   8.2790332084219717E-017   2.1359003195464229E-016  -3.3641799585949807E-019  -4.3936190255294676E-019   9.0666373580460074E-017   3.0905816633484482E-019   5.3041739463396181E-017  -8.7975869085795467E-020  -1.2846156834383230E-018   8.6630864503994519E-019  -2.5434375057419544E-019   3.3351127055458547E-016   2.9547819705169301E-018  -4.9301634361314844E-017   1.2957958395626802E-018   2.3024268284077211E-016   5.0172754287716840E-019   7.9961565380851063E-019   1.7398902411307028E-018   7.6208840193685986E-019  -2.3466475891993564E-019  -1.4343395559830850E-018   6.8703389559401811E-019   1.1001383228094540E-018  -1.1146017841516993E-019   1.9275862175218618E-018  -2.5713665943541609E-004  -3.3305655173778648E-016  -7.0461071661532911E-015   5.1427331815896032E-004  -1.4265546423004882E-015  -2.5713665872210810E-004  -1.4882666539290547E-015  -8.9543823492755687E-016   4.7534625109668367E-015   1.4893554227070749E-012  -5.2672012779249610E-016  -2.3784576944005542E-016   1.5821265653231555E-015  -1.0060672146459289E-003  -1.3100053976574732E-015  -2.7407546887680179E-014   2.0121344265298900E-003  -5.4459131459391330E-015  -1.0060672118750846E-003   1.8097260725464910E-012   3.1781946462972229E-013   1.2171942010923968E-015  -2.8035926103283627E-015   5.5812355567099496E-016  -1.0028435255074371E-012  -6.6303173072445147E-013  -5.5436589732730146E-017  -2.3379874898533883E-017   1.6582459785728012E-016  -2.1700466496902253E-014   1.6335549480461302E-013   2.2409228647444575E-013
  -3.6834844119708070E-018  -3.9031658909449207E-017  -5.7311880709411650E-019   6.9438047421514379E-014   1.2736730367335785E-016   8.1445917858966230E-017  -2.0121108026978089E-019  -1.8083464858715574E-017   2.7431538520456213E-006  -9.6644020297953362E-017  -2.2620441277480784E-018  -1.6529641089525410E-017  -6.4593536959687969E-018   1.8411892752993848E-013   1.9385660221313222E-019  -1.9475963304324908E-019   1.0836230381315982E-018   4.8983372798953108E-019   4.1113597251613746E-019  -1.4592511380769686E-019   9.6144625690364505E-019  -2.6650730492645699E-019   5.2666565370587805E-019   2.8647070610128080E-018   3.1354719863430247E-015   2.0929261125407425E-015   2.6791597200249452E-016  -5.4516236067243493E-016   1.4756658286139287E-004  -2.4720397280350270E-015   1.0459657239405017E-013   1.6170753086133357E-018   3.6265662545918302E-018   1.8801644555294679E-017  -2.2223058347358653E-017  -1.2640257305771946E-018  -3.4524355501717568E-018  -1.2816724599295461E-017   3.8156854817113741E-017  -1.3417631247454171E-017  -4.9704742340088470E-019  -1.8581493812505461E-018  -2.4836395954520467E-018  -3.5502894009417840E-018  -2.2457653685649232E-017   2.7951610833651463E-017  -1.1863117242076845E-017  -1.4955459235953801E-017  -2.3360428501943855E-017  -1.2571307978502113E-019  -2.2149493901239902E-020  -8.5353529473271090E-019   4.7176510307761067E-019  -2.8285555813550073E-019  -1.9387755573816628E-020   1.1026647157044499E-018  -5.0076108034159497E-019   5.1765093463939990E-019  -1.9053643958337650E-018   1.1212230784033630E-014   7.5293979467697392E-015   8.7127732974041725E-016  -2.0510736803079028E-015   5.1427331784097705E-004  -9.2507891271129631E-015   1.8355389582318541E-016   1.8760509156564147E-015   7.3062224699453877E-016  -1.1493554973650048E-013   6.9034845564716470E-017   5.5472966523376444E-016   2.9978375672664482E-016   4.3887386773062521E-014   2.9450777275440676E-014   3.4202574723125325E-015  -7.9551337512044980E-015   2.0121344252994108E-003  -3.6497059825802373E-014  -1.5253456907625641E-013  -1.5371198480874765E-014  -3.2046214014231316E-016   3.5165075999916302E-015  -2.5539970422086277E-015   8.2328408938533413E-014   6.2626266813855992E-014   7.4265380820089440E-018   5.6357777575193616E-017   3.2470980011723296E-017   1.4562731368960877E-015  -1.5542966838019686E-014  -2.1866836794025544E-014
   2.8155827663563163E-017  -4.0497063073477328E-017   9.8386644563897262E-017   3.4241060707889784E-012  -1.3715769278792382E-006   6.8518641471605840E-018   7.8005708979190451E-017  -1.3715769239098402E-006  -9.6644020297953362E-017   2.7431538517637940E-006   1.6709355452199683E-017  -2.4069654806134307E-017   5.1401972144492206E-017   9.0543643054037604E-012  -4.3401279999194701E-020  -1.0433001554544654E-018   4.3611517915431773E-019   1.0335380826137299E-018  -4.2852964105764213E-019  -7.0496714952665580E-019  -4.4278469909337520E-019   1.1959214224231575E-018  -1.3613862130223713E-018  -6.6614859283530469E-019  -7.3783291482830556E-005   1.5282590850593066E-016   1.9646784114275062E-015  -7.3783291376063165E-005  -2.3937172698990379E-015   1.4756658285884484E-004   5.1819398845942146E-012   1.7976911978658252E-017   3.3856421896868322E-017   3.9274683902487401E-017  -7.2007263254220345E-017   3.5394854515055975E-018   1.7338726725706025E-018  -9.5265210451990926E-017  -2.9810896068050663E-019  -7.0056064646828342E-018   2.9926960257253607E-018   4.5062107968096244E-019   2.5024714264863878E-018  -3.4876782885892920E-019  -7.3758223410833939E-017  -1.9656785463054260E-018  -8.1824842923759519E-017  -2.2720036880152167E-019  -2.2952256755567500E-017  -5.6328439013506876E-020  -8.5116033742089818E-019  -1.0054395711239238E-018  -2.9458343283022887E-019   3.8432733707076622E-019   2.6324546357741798E-019  -2.5278900184896895E-018  -9.0459325218039576E-019   2.1680422871502342E-019  -1.3482100695785160E-018  -2.5713665909864343E-004   5.8936932962983478E-016   7.1815262605479527E-015  -2.5713665872108938E-004  -8.8165403810255241E-015   5.1427331781884490E-004   8.3992591309741626E-016   2.0037259604245167E-015   1.4785537949321160E-015  -5.7271983801804011E-012   2.7448919184684427E-016   8.2458088601975952E-016   3.8522856508314728E-016  -1.0060672133222382E-003   2.2821224003963171E-015   2.8222197096080189E-014  -1.0060672118730272E-003  -3.4726496189535533E-014   2.0121344251890893E-003  -7.3723971696302887E-012  -8.3304035751432200E-013   3.4644544751380262E-016  -7.0830239301043676E-015   5.0274306515983951E-015   4.1210855258744026E-012   3.0787939931661439E-012   2.8744241751983021E-017   8.9115923314389764E-017   3.8669566812720799E-017   8.3705795218621854E-014  -7.7666582383826479E-013  -1.0893090023711245E-012
   7.0100002867115568E-002   5.1025111660219127E-017  -2.5843191162332045E-015   3.6080648030129355E-015   3.2422768378998358E-017   1.8940084454415195E-018  -6.5878997329732239E-019   3.3402854449655536E-017  -2.2620441277480784E-018   1.6709355452199683E-017   3.5438921278163664E-002   5.6420148880060398E-018  -2.6257661725612124E-015   9.3108524396965234E-015   3.1335243403680409E-014  -6.0527405139365880E-017   4.7238736297366645E-016  -1.0860112455675319E-014  -4.4808254382465367E-016  -4.8977824852217502E-014   6.6662827881260103E-017  -1.2397679130863315E-016   2.7344733917779395E-017  -2.7700034454497108E-016   4.8849131865661813E-017   1.9437141793740928E-016  -4.5384377753503655E-017   2.7073772701116735E-017  -1.8823586260838445E-018   1.9886661768751927E-016   5.8722514910123228E-015   2.0312361853203922E-002  -2.0813388363043123E-017   1.1104865723988594E-015  -4.3270158800135963E-017  -4.5383674420216864E-018   1.8358395368130025E-018  -2.1311909896189488E-017   1.0387024485151260E-019  -2.0281752620219612E-017  -3.7972354940670231E-018   6.5558639961800163E-019  -2.9540943663408528E-018   1.0684873431750790E-018  -3.0211291246549625E-017  -8.1162180327826910E-019  -1.8527762668617381E-017  -9.7933986544409611E-019  -3.7521615677737117E-017   8.2285051751508903E-015   1.2124539722090969E-018   6.1798133283105195E-017   5.6233773552631665E-016  -3.7710796244165731E-017  -1.4366947372544611E-014  -3.1921614684294928E-018  -4.7854519976159422E-018  -2.6002514847512849E-018  -1.8764385399532138E-017  -1.7470820226813981E-016   6.3261732236366038E-016  -1.4643838303623817E-016  -1.5694514962550707E-016  -1.5213958314162005E-017   3.1721947696729845E-016  -1.4378714798116936E-002   6.4742284977126045E-015  -1.1765630628354437E-014   3.9955944106516257E-016  -5.9866976265232881E-003   2.2061346107487574E-015  -3.5013957354989404E-015  -6.6526712523142732E-016   2.4851227992143477E-015  -5.7570836597882220E-016  -6.1945009013300828E-016  -5.6323521749992950E-017   1.2835742056932063E-015   4.4142284059234574E-015   1.4690396022161526E-015   7.1612481511502289E-003  -3.4785632063777460E-015   5.0817920835083963E-015  -7.0397162748483512E-016   4.1907604849323541E-016  -4.8917422471340499E-004   2.5501930237900651E-016  -5.1732836038085136E-016  -1.8440387257076486E-017  -3.6334592546249901E-016  -1.7382162286798337E-015
  -2.6330548558395483E-017   7.0100002867200875E-002   2.9949248362203072E-015   2.4640778310108582E-015   6.5261579430936092E-017  -3.1863368486590431E-017  -1.2862279035523423E-018   6.1195142716301790E-017  -1.6529641089525410E-017  -2.4069654806134307E-017   5.6420148880060398E-018   3.5438921278221867E-002   2.1062162594259108E-015   5.4664760889388815E-015   7.8378061411207234E-017   2.8482342009400183E-014   2.1599272036293512E-016  -6.2535061763096275E-017   3.7086303945879963E-016   3.7361419627217716E-017   7.2023599406761561E-015  -5.7042268339456227E-016  -3.4917513943956144E-014   4.8187397282554372E-016  -1.3587958337380256E-015   3.0881723568614822E-016   4.2484281629667878E-016  -4.2689399797801819E-016   1.2060516727778349E-016   4.2521117948246617E-016   2.9820855840969368E-015   3.0134105794671115E-017   2.0312361853088230E-002  -6.2278190517898089E-016   6.7167710399691566E-016  -8.8046830503335659E-017  -1.8850390197885425E-018   3.5231235363779565E-016  -1.4081618406255297E-017   1.8227231011817240E-016  -8.8364922180649208E-017  -1.2970101775329715E-018  -3.8446128275369376E-017  -2.4232336446827563E-018   5.3145302084648417E-016  -3.0298234762283469E-017   1.4024137458678643E-016  -3.1481504481423828E-017  -4.9730964963085064E-017  -6.8833264372457753E-017   3.8692355971668855E-015   2.7655167433210235E-017  -3.1422399944182433E-017   2.8997060584314066E-019  -3.9981250885031926E-017   7.1667689688672467E-015  -4.6908241522172712E-017  -1.1953985587742101E-014   1.1523567642596557E-016  -8.8776687815172946E-016   1.5786726190307636E-016   1.4998483108784686E-015   1.4587943813249806E-015   9.5716078195101874E-017   8.2131726223889759E-016   4.6562971403828287E-015  -1.4378714798823638E-002   1.9912939397005564E-014  -5.7611374847545542E-016   1.4565432949924634E-015  -5.9866976267288867E-003   6.3936664540970843E-015  -4.6827701670973328E-015   8.8146753851615052E-016   5.8437382477129519E-015   4.7696984945457199E-015   4.6102511439381129E-016   3.1515690747891823E-015   4.2834423668730978E-015   2.4327648139418070E-015   1.0581834902540954E-015   7.1612481514851754E-003  -7.8034348041295801E-015   9.5985597657136789E-015   1.0333979560265251E-014   1.6954013164498139E-016  -4.8917422472736073E-004   8.1032694206237138E-016   2.5437308407005829E-016  -3.7851219674025066E-015  -1.1668934216544491E-014
  -2.6370433013178550E-015   1.3306296861699385E-015   7.0100002867228797E-002   8.8026377530007395E-016   2.9245129105356209E-017   2.0058275570699159E-017  -4.6417666725208605E-018   5.1270032718028957E-017  -6.4593536959687969E-018   5.1401972144492206E-017  -2.6257661725612124E-015   2.1062162594259108E-015   3.5438921278234323E-002   1.5805533023582419E-015  -2.6978203310559717E-016   8.0269701219244458E-017   3.9472689794114469E-014  -1.1428890428649999E-016  -5.5562256485787515E-017   5.1035018449559501E-016   1.6676821242201358E-016   1.4006564009007612E-014  -7.2772799402807540E-016  -5.6349544764765099E-014   8.3559867450538466E-016  -1.7296067096841633E-016  -2.8811608456480043E-016   7.2743695459535370E-016  -1.8575049232438437E-016   7.1323268878984030E-016   2.3549120300207311E-015   1.2329953908277446E-015  -1.2118585104502609E-015   2.0312361853097923E-002  -5.1667318643284099E-016   5.8676604076553416E-017   7.6482528888297055E-019  -2.4567469910847629E-016  -2.7396900831944116E-018  -2.9105191243030327E-016   5.9256656919456994E-017   5.2567164621994650E-019   2.7258222139904731E-017   4.8068858564850848E-019  -3.2108228554771009E-016  -4.7885351698104560E-018  -2.3371293040293730E-016  -4.3371110466163599E-018  -4.7464113648685524E-016  -5.4709818115440357E-017  -2.6099298045290445E-017  -2.7099984056022371E-015  -4.7794633924456589E-017  -2.8784612442669439E-018  -6.2482202587435868E-017  -7.0832252283501264E-017  -3.5724860173146044E-015  -1.8813987886397763E-017   2.0719200636179961E-015  -7.2309235347545358E-016   1.0826036389003097E-017  -1.0167644562495192E-015   1.3980740066335996E-016  -7.1171302705045620E-016  -8.2902540587799590E-016  -1.4109543474529093E-014   1.3286380051019530E-014  -1.4378714798093139E-002   1.1632884809394319E-015  -4.3107799404333255E-015   4.0943047515492189E-015  -5.9866976264650292E-003  -2.9181350259409168E-015  -1.2990115363735593E-016  -3.9659671532380221E-015   1.0788822107372784E-016  -2.7589498622142304E-015  -3.4325473550214994E-015  -1.2576843195612742E-015   8.5206966749528332E-016   3.8520038936861943E-015  -5.4255262475537939E-015   7.1612481511963127E-003   4.1440389350074401E-015   3.6910834848594622E-015  -6.0022526690786430E-016   5.7881728579881604E-016  -4.8917422469402065E-004   2.1983626438177163E-016  -1.3097107186364504E-015  -2.1795478036219700E-017
  -3.9144206075383265E-015   1.6825625150250193E-015  -3.1942390850745700E-015  0.27320444809118111       -6.9458533562080299E-012   1.7681425281284448E-014  -1.9466650155596348E-013  -2.1870893072189608E-012   1.8411892752993848E-013   9.0543643054037604E-012   9.3108524396965234E-015   5.4664760889388815E-015   1.5805533023582419E-015  0.69939763974626645       -3.1676505617451962E-015  -1.1459382066128849E-015   1.5743356369367028E-016  -1.4945419243620289E-015   1.6609281069416643E-016  -1.3691169349372739E-015  -1.6739083660170286E-015   1.1518891208670194E-016  -4.5804799453830731E-016   2.3562975980916408E-016   7.9199716537973971E-012  -2.0439149679813754E-014   2.1031368174752099E-013   7.7888458348630190E-013  -2.0159153949132500E-013  -8.8015045734328787E-012  0.42572435902889488       -6.1084587850143479E-015   7.9722274311415944E-016  -1.5155421852320659E-015   1.7735769284441433E-013   2.5733275423172642E-016   2.0688825821257124E-016   7.4655135418425323E-014   1.3685034095690623E-016   1.4709568794292872E-014   2.5894216123945508E-016   1.6370019361321060E-016   1.0085188235036524E-016   3.4581719734709699E-016   2.2299215214047291E-013   1.7026962565165775E-016   3.2426877610460404E-014   2.1757145976400177E-016   2.7017944054379998E-013   1.3086585678407291E-015   1.2099627649328049E-016  -1.0650307955208503E-016   8.2913546686706330E-016  -6.3588112313934028E-018   8.7955914801540315E-016  -1.0821073330133587E-016  -5.8857276444891433E-017  -1.2823173876792479E-016  -5.1078398949357410E-017  -2.6058025374469797E-011   7.5515886255092587E-014  -8.4208521898654727E-013  -6.4004209067743927E-012   7.7493533236048347E-013   3.3877975998536154E-011   8.8819567493220355E-017   1.1887122328674525E-013  -1.8166559538782198E-014 -0.34017865873553899        1.0560778721430010E-015   4.6265905236101361E-014  -5.4702385970549698E-015  -6.3346343282049753E-011   1.9496895716047759E-013  -2.1985610718756109E-012  -2.0765304085256552E-011   2.0213363098907802E-012   9.2376704122631690E-011 -0.31154604431385285       -5.2674416549047587E-002   6.0503547365533481E-016  -2.4306868501702584E-013  -1.3032565617832683E-014  0.15435475180848673       0.10188263487387540        1.1073789182281956E-016   5.9237063325336706E-015  -6.0178675705192943E-016   3.0520648875277988E-003  -2.4594161278932228E-002  -3.3323283058801875E-002
   6.1973586677066691E-014   1.5402484201182724E-016  -5.3654056900838748E-016  -1.2547655191663483E-015   7.7345678839616848E-019  -2.0518559754924476E-018   5.1559405630033006E-020  -7.3005550978757389E-019   1.9385660221313222E-019  -4.3401279999194701E-020   3.1335243403680409E-014   7.8378061411207234E-017  -2.6978203310559717E-016  -3.1676505617451962E-015   2.7793605530980082E-026  -1.8122265569819223E-029  -1.9571474376595916E-029  -9.5132482069449347E-027  -3.8681950702602542E-028  -4.3033014837740876E-026   1.1838803376750691E-028  -2.9355813503073617E-028   3.6707612115387609E-029   4.6925677142036236E-028   4.1607717796830582E-017  -1.1037856084569565E-016   2.7736122698804171E-018  -3.9272969622309098E-017   1.0428418529712924E-017  -2.3347481854474304E-018  -2.0133559502788386E-015   1.7852919768517772E-014   6.5984307824637158E-018  -2.0777924307560711E-016   2.4518026049372007E-027  -7.6551064587976027E-029   9.2104250350973988E-030   1.4192644381202294E-027   4.3273160395243873E-030   1.8076541544359487E-027  -1.7145758714298470E-029   6.1472121963918526E-031   3.9287698451483779E-029  -7.1092461753512588E-030   2.2010964274721733E-027  -1.1767568955411375E-030   1.7363910696403686E-027   3.1116512481756338E-030   1.9447396809237447E-027   7.4978972881800124E-027   1.0198479545067416E-028   5.1078334252692898E-028   5.5612778106633205E-028  -2.5454283628781296E-029  -1.2639097252085891E-026   2.3162077576540371E-029   3.6254590778283882E-028  -1.0959388913625809E-029  -4.8641320910534157E-028   1.4500396159300648E-016  -3.8467210940853158E-016   9.6661097502935156E-018  -1.3686730416989844E-016   3.6343305457461689E-017  -8.1366574067155794E-018  -1.9994432512904501E-014  -2.9218708564810561E-015  -3.7049831547452223E-015  -7.2056063366070944E-018  -7.8396012680370652E-015  -9.9079077872181393E-016  -1.2644633043923604E-015   5.6733929745704879E-016  -1.5050595995150420E-015   3.7819407521437147E-017  -5.3550399146432108E-016   1.4219601426984085E-016  -3.1835305856258356E-017  -1.3422204126892494E-015  -4.5410854613805695E-016   1.1070595077039619E-014   3.6991466274290475E-016   1.3262665549098949E-015   7.1519710533120771E-017  -2.5018055520587682E-016  -7.0133422661221163E-016  -1.0368477017248898E-016  -1.3414794169810785E-016  -3.0171808117480978E-017   1.5754969075425680E-016   3.0696992177147690E-016
  -1.2012636997692291E-016   5.6357019646953815E-014   1.6042481998094321E-016  -4.5192843234844899E-016   1.6100596507038887E-018   1.2447912883502483E-019  -1.1488102116102318E-018  -5.6675949577655569E-019  -1.9475963304324908E-019  -1.0433001554544654E-018  -6.0527405139365880E-017   2.8482342009400183E-014   8.0269701219244458E-017  -1.1459382066128849E-015  -1.8122265569819223E-029   2.3144595020669704E-026   2.5422509606662294E-028  -4.7379929208585851E-029   2.7308281466884970E-028   1.0283844463942897E-028   5.6384316403637334E-027  -4.1227036395814964E-028  -2.8547427103533305E-026   2.6757557797586317E-028   8.6612349080413626E-017   6.6962921648087105E-018  -6.1799667944187471E-017  -3.0488542316510560E-017  -1.0476996567986536E-017  -5.6123806768811340E-017  -7.2001222887202774E-016  -3.4717307516374710E-017   1.6581275131697041E-014   4.4696065841937283E-017   1.5630406780820661E-027  -4.9939498824481791E-029  -4.6177153923748819E-029   9.2644948350397723E-028  -5.7202747559559413E-030   8.5526041987682510E-028  -5.8223182594691445E-029  -7.1700100748285565E-030  -2.4586438347312862E-029   3.7160847533430695E-030   1.2911367855794734E-027  -2.1485528781780741E-029   9.0570957269519014E-028  -2.1963537318358490E-029   6.7168044423561279E-028  -7.9970276062626440E-029   2.5545448712225863E-027   4.9454357995051342E-029  -4.1254580679143293E-029  -2.6388639936894765E-029   3.9521593833083305E-030   5.6907395077688945E-027  -4.5684604751551913E-029  -9.6955883483442758E-027   7.5042206057976093E-029   3.0184625325510155E-016   2.3336749568826003E-017  -2.1537342438566324E-016  -1.0625335023072939E-016  -3.6512601171985071E-017  -1.9559290301556693E-016   7.4336821744435160E-017   6.3743105677879669E-015  -3.4907049170361477E-016   1.0389771327096147E-016   2.1769374452043856E-017   1.3955640627074836E-015  -9.8326874910641197E-017   1.1809969839208793E-015   9.1306850954407223E-017  -8.4266530357935351E-016  -4.1572451141831654E-016  -1.4285839693759159E-016  -7.6527247243684839E-016  -2.7680445641651051E-016  -3.5752950513077155E-016   2.2556776342767729E-016  -2.9932166756434967E-015  -9.7203935624880944E-016  -1.3178426994786931E-015  -1.3925410758044050E-015   1.9480269619657246E-018   2.6100387520414260E-016  -9.5875377607708546E-018  -6.6291151202791017E-017   5.0400431952967464E-016   1.0201688701385549E-015
