  0.17660455408850742        2.1028215431028682E-015  -1.7902495025556216E-014   7.8419545000026884E-016  -3.3059920285988420E-016  -1.6788278295331829E-017  -4.1051868099388166E-018  -3.4114009924087337E-016   5.0729638456476948E-018  -2.8206714292925421E-016  0.14531810928616254       -5.8082905612688621E-016   4.6783167063286655E-015   4.0068477988959225E-015  -6.7639095299912846E-015   3.1064267283232759E-017   2.4961914863837816E-017  -3.9865312263785542E-016   2.0633928640455308E-016   8.6722942485302097E-015   3.3391707174508989E-016   2.9614829372323750E-016   1.6295563094980745E-016   6.4120154831135267E-016  -8.0974095140795958E-016   8.4189376204182306E-018   3.0889855914370003E-017  -1.0456444303794590E-015  -6.0204344988713635E-019  -1.0069909067083963E-015   1.7166017852976775E-015   1.6165428680034722E-016   5.0912451206721535E-018   1.9587923484332994E-018   1.0300768350923864E-016  -7.3607300327074570E-018   9.8377476391864857E-017   7.1826930298699222E-018   1.9259696684406556E-020  -1.8985953246342492E-017  -1.9140544091697414E-018   1.9089167396976435E-016  -2.4665954755760728E-018   1.0806288519884757E-016   3.7819327804174632E-018   1.8506348142965413E-016   7.8553873588062623E-002   5.9928845973755781E-016  -1.0787628133784615E-014   1.2744650360547821E-014   7.0032045433496844E-017   2.7153176318434776E-016  -6.1358270538859342E-015  -1.1091504193217355E-016  -2.1401144026739925E-014   3.7423295101816118E-017   3.9619385561700935E-017   9.2047995347179610E-018   7.5494795539380335E-017   8.1814509473774279E-017  -7.7031776013382923E-018   6.3366928503130176E-017  -4.5720618093650893E-016  -2.3663750800043069E-017  -3.2789411842161682E-016  -5.4915359875697199E-002  -7.9632257259237267E-016   1.8024431146883293E-014  -2.0114602143673656E-015  -2.9032691646551104E-002  -5.5099699007503342E-016   8.7128232626859338E-015   1.4567238558619361E-015  -7.4560433090036175E-018   2.5766029203069292E-016  -7.8923795632023441E-016  -8.9578386972688590E-017  -2.2863821111259229E-016  -1.1002355416226698E-015  -5.3285747842409573E-016   2.2556488891016635E-002   2.7591980539297038E-015  -1.0205728901766961E-014  -1.4381329207794193E-015  -1.4871404465298532E-015  -2.0030197119650563E-003  -1.2341687529163339E-017   2.0280573259503517E-016  -2.9915341638973810E-016   5.7847687314332076E-016  -1.7894530463686612E-015
   2.1028215431028682E-015  0.17660455409210457       -4.0662274995640773E-015  -1.0163780334899728E-015  -4.1592284310934815E-016   3.9301135024023241E-017  -2.5209624878124454E-017  -4.5192535076133122E-016   5.5491037131897473E-018  -3.9864931139760436E-016  -6.7930738966729078E-016  0.14531810928490696       -5.2327268044011306E-015   4.1983859264340481E-015   2.0817858671862402E-016  -4.6274845824145304E-015   1.6722585673773060E-015  -5.6234666996044252E-018  -1.6993256921095254E-016   6.8173198890015647E-017  -7.6763446677022647E-015   1.9843471462173880E-015   7.9421549311393650E-015   3.7552149527095720E-015  -1.5587878959966386E-015  -3.9600138264670866E-017  -2.0464246629785290E-017  -1.4302904658359785E-015  -2.5144726176278190E-016  -1.4431259082961719E-015  -1.6429390284021687E-016   2.4898623133805489E-016   1.4140029109703330E-017  -7.1949717963564609E-020   1.2682667113653031E-016   4.7121481550548597E-017   1.3876065261144533E-016   1.3730131434320769E-017  -1.9571538485261021E-018   3.8453993030175553E-018  -2.5051867070424738E-018   2.1466273640005473E-016   1.0416680990672305E-016   1.4387152618942971E-016   1.1001580138601826E-016   2.5072118313640396E-016   2.6016030623333385E-016   7.8553873590326423E-002  -4.5139368851018710E-015   1.6055061493960876E-016   1.2359489049833151E-014   4.8214282592435325E-016   1.1997719729906090E-016   1.6106020074753996E-016   9.8120268706670169E-017  -7.7239452593659788E-015   3.0695724599513873E-016  -1.9449091892436538E-014   1.0829908767333285E-015  -5.1767305789903506E-016   7.2808409154247047E-017  -1.5022326506050428E-016  -2.3651096749389234E-016   8.8950094927718170E-017   1.2911528041941582E-016  -8.8064147815481231E-016  -5.4915359880360511E-002   9.0852056108550424E-015  -2.4217984467714458E-015  -4.8106720942856253E-016  -2.9032691648791988E-002   4.7492906224028547E-015   1.2257412257373730E-015   2.2653044019188960E-016  -5.6753758452650428E-016   2.3792430103517048E-015   6.5797864400394388E-017   3.6708546733868315E-015   4.9167970351825869E-016  -1.1249841536353229E-016   1.0726079350357505E-015   2.2556488893505845E-002  -8.3769157304929146E-015  -1.5292122456922667E-015  -6.7372906402842843E-016  -9.3740103160697104E-018  -2.0030197120419163E-003   7.8596404437537975E-017  -4.7471708124814296E-017   3.0612212820739282E-016  -1.5289879511735404E-015
  -1.7902495025556216E-014  -4.0662274995640773E-015  0.17660455409658848       -9.8171520521093646E-016   4.2582675035536922E-016   8.4879206053904802E-017   2.5009828767874256E-017   2.4790087594862889E-016  -1.5288690709221036E-016   2.1944421983132502E-016   8.3401607347702120E-015   5.2136679129155650E-015  0.14531810928332378       -7.5078958144965982E-015  -5.9407218156370455E-016  -1.7359757402545045E-016  -1.0071623841024480E-014  -2.9928839160698068E-016  -6.1911217705934155E-017  -6.0899544001156003E-016  -3.5693434175460397E-016  -7.5996566774500694E-015   1.4829798717374161E-016   2.8546075417897153E-015   3.4515391181547867E-015   1.5451603007780276E-016   1.2014264418970629E-016   2.4110642421403755E-015  -2.9007299415217041E-016   3.5870386629470939E-015  -5.8722478801691368E-015  -1.0125508484592861E-015  -8.9714029517952193E-017  -3.1445022411588057E-017  -4.3920290411439895E-016   4.5698419512528885E-017  -6.0459487186274755E-016  -8.6918355561487098E-017  -1.4491409147611736E-017  -4.3500134034534621E-017  -3.7590237951744992E-017  -4.2054425183640917E-016   9.9001313440939203E-017  -4.5168316479869108E-016   1.1209693181835868E-016  -1.0827696159256609E-015  -1.1198144910357012E-014  -6.0167754404652780E-015   7.8553873593172077E-002  -3.5589910193545173E-016   1.5737539298369818E-017   2.2001892147766542E-014  -1.3951293662031001E-016   1.6021269097189375E-017   1.1773049009640647E-016   4.1129580131211990E-018   5.9846445536046259E-015  -1.1036504101222756E-016  -3.2174990309185936E-014   4.5195541393334418E-016  -1.7059576102424455E-016   9.2870641248275539E-017  -1.4509912410730902E-016  -9.0128247215213046E-017  -1.1089898441195723E-016   1.6739479024818087E-014   1.3050419324147315E-014  -5.4915359886138326E-002   1.0398027437652273E-014   8.0575529465531776E-015   6.1401967034789449E-015  -2.9032691651586669E-002  -4.6681073404430595E-015  -4.5951920938125977E-016   4.7434361402562689E-016  -7.9682996205268342E-015  -6.5526603617790632E-016  -6.6281726319706054E-015   1.2709251566311060E-015   1.0077506281046620E-015  -1.1468903607132136E-014  -5.3766233862174794E-015   2.2556488896584407E-002   3.8425628859027927E-016  -6.9303280868748053E-016   1.5818064866402429E-016   2.1832891902088817E-016  -2.0030197121370654E-003  -5.2758863881341358E-016  -2.2408327829355353E-017  -8.2972617235584077E-016
   7.8419545000026884E-016  -1.0163780334899728E-015  -9.8171520521093646E-016  0.11610433584146714        3.1404430185172301E-012  -2.1822800063890314E-015   1.3938442986468031E-014   3.2148862094356352E-013   6.7789316450009218E-015  -3.3725671913226399E-012  -8.7744002557490573E-015   2.1692624410104961E-015   1.8106041185171139E-014  0.29418240655351235        3.5051115710807351E-015  -6.6350378665158487E-016  -3.4562371858174240E-015   1.6175875890418671E-015   1.3394834018172835E-016   1.7535638766893322E-015  -1.2147947584358579E-015  -3.4175180082079687E-015  -4.9791308762796475E-016  -7.7403668289369758E-015  -1.5524243324599044E-012  -7.5484698425590447E-016  -5.3654042957894652E-015  -1.0835402698643541E-012  -3.1499895469870809E-015   2.7834709372507232E-012  0.17203412478057470        4.2876378552431737E-013  -1.3894287837264391E-017   1.9092600709244634E-016  -3.8980108022607519E-013  -3.3396173023980059E-017  -3.8671056066159952E-013   4.8893036117507649E-017   4.3497200921763337E-017  -2.3774856550695128E-017   1.9312799691660419E-016   3.0433766956010134E-013   2.1205186400717556E-017  -1.6299607627193564E-013  -2.2682927601230769E-017   2.7605105293309321E-013   3.3938227636849613E-015  -1.0404424505436770E-015  -3.5266487102229519E-015   2.8934659481690285E-016  -1.3119353105650556E-016  -9.7908878572333883E-016   2.5149110469562100E-016  -8.2250506327910504E-017   1.7237188610230945E-016  -2.7279001919721100E-016  -1.0155368407823567E-015  -1.7053881329080241E-016  -2.1497099682856956E-015   1.0170707815633769E-011  -7.7294486532642800E-015   4.3596051450331537E-014   5.5762683525368614E-013   2.3308338995819431E-014  -1.0926292171758778E-011   4.9095325383686178E-015   8.3659162465315316E-015  -1.0148169656163277E-014 -0.15855656006613850        2.2824914330703988E-015   3.3540565075962581E-015  -5.4929795398732281E-015   3.4167850362052957E-011  -3.0245890001353255E-014   1.4550548116464370E-013   1.0575043237393608E-012   7.9050020197159196E-014  -3.7219991978839024E-011 -0.13289745678587814       -1.4125629069005018E-002  -1.6270905706528964E-014   1.2982758851071499E-014   1.8321248658591571E-014   6.6224862119595732E-002   4.0336035576631041E-002   2.8774211661445525E-016   2.7459677780654479E-016  -4.8804517980547557E-016   1.4300950938645165E-004  -1.0084265459261516E-002  -1.3579212672312498E-002
  -3.3059920285988420E-016  -4.1592284310934815E-016   4.2582675035536922E-016   3.1404430185172301E-012   1.9564021850674084E-006  -8.8865252125077323E-019   1.8529449310695757E-017  -9.7820109290572995E-007  -3.8784652331742758E-018  -9.7820109222422969E-007  -2.7871655623974920E-016  -3.3706191740789492E-016   3.4082010452876247E-016   7.7626117678875444E-012   1.0557624420951773E-018  -2.1193934428914534E-018   3.4008460508265528E-019  -1.1198017023248325E-019   3.4073332107009658E-020   1.8912253564295365E-018  -4.9189500785365284E-018   6.7884934300276695E-019  -2.1944655626211245E-018   9.8643320289494882E-019   1.1180886349989675E-004   7.0889509886570350E-017   6.0358914070286646E-016  -5.5904431761524264E-005  -2.4274548740743178E-016  -5.5904431739233230E-005   4.6900638933855861E-012   2.8391479804981380E-016   1.4179945299012912E-018   8.3031740444468705E-019   9.1483654788381904E-017   1.8014643084307448E-018  -2.3360077666629624E-016   3.0179442093362667E-018  -3.6761274376405609E-019   5.5210415487362586E-019  -1.3450317517590027E-018   4.5967046782625651E-017   1.5137252803157552E-020   1.7856879092331535E-016   8.1304771111496010E-020   2.5159284697418658E-016  -1.2095452269264903E-016  -1.4231771084489742E-016   2.3141707839949974E-016   1.1290702633007180E-018  -9.4311817045869132E-019   1.2351057046822750E-019  -2.1773062236385453E-019   1.7723527218395023E-019  -9.4792037750303374E-020  -9.4476568610898079E-019   6.2475559716201062E-019  -1.0022468205691693E-018  -4.2586375860349466E-019   4.3023103488525765E-004   2.8759049840180327E-016   2.3660926282220393E-015  -2.1511551748175741E-004  -9.1765388199850054E-016  -2.1511551740304171E-004   1.6465623953632553E-015   1.7513496900486881E-015   2.0782221989930755E-015  -4.2711975604047317E-012   7.5584862369135272E-016   9.4584829973262160E-016   9.6971668754074931E-016   1.6984903313600947E-003   1.1250972788816642E-015   9.2738667717080234E-015  -8.4924516583775725E-004  -3.6439406599451660E-015  -8.4924516551770619E-004  -3.2164374658621020E-012  -5.1018663902503585E-013  -5.7411338083731872E-016  -5.5689946111157331E-015  -1.9843672023121892E-015   1.6947239024100225E-012   9.5294570984525636E-013   6.5255536852858710E-017   8.4197993639842769E-017   8.7090247650797338E-017   1.1386679189482445E-014  -2.4127992893107647E-013  -3.0035376318532422E-013
  -1.6788278295331829E-017   3.9301135024023241E-017   8.4879206053904802E-017  -2.1822800063890314E-015  -8.8865252125077323E-019   1.9564021841669272E-006   3.4406951876926104E-018   3.1174591802867283E-018   9.2578418115628216E-018   5.0129381284919750E-018  -7.6988513444707444E-018   3.3881684330740713E-017   6.2864187657983421E-017  -5.4021281819069407E-015  -1.2799783374502892E-018   8.6278447374610082E-020   2.9067026356429706E-018  -1.1830304597358292E-018  -3.6022340448776948E-019  -1.1383917403048752E-018  -1.7866634972790654E-018   2.9439308238544982E-018  -7.6619116452350254E-019   5.4051393531880704E-018  -8.9859957538376631E-017   1.1180886347472489E-004   1.1440791465954331E-016   3.7056799140094067E-017   3.1883196615239063E-016   1.3993226854497446E-016  -3.2473091170848111E-015  -1.3221650225349290E-017   2.6205619804004408E-016  -1.0534143245791695E-018  -6.4782660207819644E-018   1.1660600949060332E-018  -7.3327577789761462E-018  -1.4790997859860810E-017   4.0354882359982251E-019  -1.5180801829395681E-016  -1.4552505235938049E-019  -1.0449906754519220E-017   6.9879453364592331E-019  -5.3750407508268819E-018  -1.0711738205066299E-018  -1.0062839955216894E-017  -5.3329386404822903E-017  -1.9207081315063778E-018  -1.3545656626722305E-017  -8.1789223605286584E-019  -4.1639936560383459E-019   7.3307569760429323E-019  -1.0182565864854667E-019  -1.2416956902812098E-019  -5.7184456257903551E-020  -7.3677396994750409E-019   5.1086190965332571E-019  -2.7312657930634893E-019   1.2541155695531662E-018  -4.8752352622129043E-016   4.3023103478446599E-004   4.3750689034711438E-016   4.2396305183608456E-017   1.2378088049082812E-015   4.2637967661255367E-016  -2.5932743540852902E-015  -1.3924609970730432E-015  -2.8876209584102563E-015   3.5270320378065522E-015  -1.2027407700800360E-015  -6.0211203495826311E-016  -1.3729381431364677E-015  -1.9687222792469622E-015   1.6984903309686451E-003   1.7301588683636212E-015   1.2000258875688158E-016   4.8853277977656497E-015   1.6400402653414059E-015   3.0881313147783349E-015   3.3710590942562171E-016   1.8076273357859853E-015  -6.1847444392872724E-016   3.1052235130048814E-015  -2.1826210398504026E-015  -1.4573056834885393E-015  -1.0583003141172678E-016  -5.1917288711985276E-017  -1.2076064511008970E-016  -1.8133501523473098E-016   4.1583765790147700E-016  -9.9621289578761681E-016
  -4.1051868099388166E-018  -2.5209624878124454E-017   2.5009828767874256E-017   1.3938442986468031E-014   1.8529449310695757E-017   3.4406951876926104E-018   1.9564021819846425E-006  -9.0935687569371474E-018  -5.4880734910679478E-019   2.8711736420681479E-018  -3.0749193432317664E-018  -3.7050688304977764E-018   1.9947521145322529E-017   3.4456368247541400E-014  -2.5826885586096788E-019  -4.5336647205325715E-018  -8.4755741285311077E-019  -1.4251453082020232E-019  -5.5926420007371717E-019   8.3786916915777729E-020  -8.2997753965593087E-018  -3.1605772975602897E-019  -3.4694318925390926E-018  -9.4505496207918906E-019   4.6803715261860448E-016   8.1351654836424049E-017   1.1180886341336057E-004  -3.9786676246680778E-016  -2.2567174559622556E-017   9.6733572113369588E-018   2.0788753647460989E-014  -7.3982751688461873E-018  -1.3178409200602822E-018   3.5875170409220870E-016  -4.2285359427807997E-018  -6.7350828892026750E-019  -2.9199244990817965E-018  -4.4863937793864641E-019   3.6121252520076274E-017   1.1893393338077207E-018  -2.5194978966271228E-016  -4.3440161349748120E-018   7.5592024451867414E-019  -4.1202283970123566E-018   3.6056991957125311E-019  -8.1267958288167392E-018   7.0230007646421716E-018   1.2619803547158242E-017   3.6860731427851169E-017   2.1209668194266594E-019  -8.6164177192208165E-019  -7.9158433663127747E-019   5.9448737494060703E-021   3.3066657199686374E-019   1.1595464030779900E-019  -2.1193972217843851E-018  -6.9863149426307042E-019  -1.0427423837054693E-018  -1.3438091754465237E-018   1.7438822197992996E-015   3.1905453398532470E-016   4.3023103454446830E-004  -1.6437078468399345E-015  -8.9593560036759715E-017  -8.1102103638292456E-017   5.8324120051950027E-016   1.3637430598251085E-015   1.3000281109833797E-015  -1.8800738112374854E-014   2.6028808491627280E-016   6.6164708027300883E-016   6.1575220688757404E-016   6.8026142049409983E-015   1.2559258735032051E-015   1.6984903300211634E-003  -6.4758486490696158E-015  -3.4579527148575752E-016  -3.0755691525165454E-016  -1.4027686332023098E-014  -2.2386034232926197E-015  -4.7919976886674613E-017  -1.9532026481084518E-015  -1.3858595054480843E-015   7.3704727824649343E-015   4.1565341429138413E-015   2.2681968275343043E-017   5.8676221702804719E-017   5.4147868422650523E-017   2.8961531546248491E-016  -1.0483144563661009E-015   1.1259362160389760E-015
  -3.4114009924087337E-016  -4.5192535076133122E-016   2.4790087594862889E-016   3.2148862094356352E-013  -9.7820109290572995E-007   3.1174591802867283E-018  -9.0935687569371474E-018   1.9564021828615631E-006   2.9220205536037217E-018  -9.7820108995872784E-007  -2.7165029247826726E-016  -3.6770544444518801E-016   1.8980859478512531E-016   8.0957470029069687E-013  -1.2330800645519696E-018  -1.8604402308767830E-018   2.3842706590084419E-018   6.9198109874628472E-019   3.9742145943475744E-020  -2.5002744035782336E-018  -3.8340996295405430E-018   2.0122782464493254E-018  -1.2632207847245266E-018   3.0316719589655107E-018  -5.5904431761680206E-005   1.6735901530941514E-016  -8.2061669682086618E-017   1.1180886343750117E-004   3.4439663340295675E-017  -5.5904431676528492E-005   4.7286976510586334E-013  -6.8112418502676484E-017  -3.1568874451927950E-019  -1.1485785141596085E-018   3.5051077515289663E-016   1.6743756715301018E-019   1.0050515122620093E-016  -4.3425597420622072E-019   2.8775771200265231E-019  -3.7315365828161878E-019  -1.1287375700216497E-018   5.4266493482710513E-017   8.8942997628472426E-019  -9.2298450788288943E-017   7.4124802956783525E-019   1.8590489421603682E-016  -1.7867183465388784E-016  -1.6641973132248880E-016   1.9537301814815736E-016  -7.6018506076168286E-019  -6.6481321944510718E-019   8.3194691993646732E-019  -4.6709294897053463E-019   1.8592338869857037E-019   4.1256433821777582E-019  -2.2604002583535753E-018   4.5691488120257324E-019  -2.7407239144350002E-019   1.3291923533114430E-018  -2.1511551748276786E-004   6.3621911660764841E-016  -3.6583797600630535E-016   4.3023103464182765E-004   1.5573923887903149E-016  -2.1511551715867612E-004  -1.0321936274059185E-015   1.6869352339288545E-015   3.7445200731330411E-015  -4.7759871309910168E-013  -5.2958874478611084E-016   8.5554774392235002E-016   1.8747341249278962E-015  -8.4924516584233931E-004   2.5178013759124215E-015  -1.4018405964245020E-015   1.6984903304023734E-003   5.9550807528803998E-016  -8.4924516455754662E-004  -4.1776051952571757E-013  -5.7751747033488144E-014   2.7350842885685360E-015  -3.4060460341961966E-015  -7.5937898536455959E-015   2.0768985291779697E-013   1.1804531292238754E-013  -4.8698697139415164E-017   7.4969121308159114E-017   1.6793936902125139E-016   5.8911989295044571E-016  -2.8359841599158619E-014  -3.7071303208555290E-014
   5.0729638456476948E-018   5.5491037131897473E-018  -1.5288690709221036E-016   6.7789316450009218E-015  -3.8784652331742758E-018   9.2578418115628216E-018  -5.4880734910679478E-019   2.9220205536037217E-018   1.9564021801571978E-006  -6.2250787367309506E-018   6.9902989611909919E-018  -4.7717067728871051E-018  -1.2430582047236161E-016   1.6676574004519377E-014  -4.4091983703120127E-019   9.6990366676440589E-019  -4.8946180009716114E-020  -1.0415178560922919E-018  -1.1265897092145805E-019  -6.8593585650758791E-019   3.0894812957439222E-018  -6.7316043531111289E-019   1.5520392788344377E-018  -1.6364988862629561E-019   1.8909624588811173E-017   2.0485533850126142E-016  -8.2379744390769839E-018   1.2796773044520970E-016   1.1180886336199027E-004  -1.4331711380742351E-016   1.0263057816932163E-014  -2.5929165773617200E-018  -1.4494555616021720E-018   1.1379580179575323E-018  -2.7867702309079768E-018   1.9848173704900882E-016  -1.4039227434478833E-018  -9.0038641893400877E-019   2.0881793870050595E-019   3.6467781721870331E-019   3.2885263158636346E-019  -4.5567742977679585E-018   1.6147535985144621E-016  -7.1652043199210945E-019  -1.6972169812781642E-016  -4.1852313672488451E-018   7.0202340406196415E-018   2.0302134704999362E-017  -5.8327499042563781E-017  -6.6298746192963280E-019   1.1475936877769360E-019   1.6333428979295851E-019   5.4329179410462733E-020  -2.4467305432435299E-019   1.0045954108709767E-020  -2.2567110314419996E-019   1.0988323929418015E-018   3.2896751765268514E-019   5.6689273931142558E-019   6.2216068472237708E-017   7.9960888279161002E-016  -3.3073155814049825E-017   4.8383069956632252E-016   4.3023103434340962E-004  -5.7887391079459184E-016   3.7186538976817134E-016   5.5129017141067568E-016   1.5860397763167735E-016  -7.5259182286086467E-015   1.5329266727546175E-016   2.9976511931952270E-016   1.3794732617510803E-016   2.0187839002521198E-016   3.1540901800042105E-015  -1.2686012451030826E-016   1.8640998409962166E-015   1.6984903292277960E-003  -2.2801770292221126E-015  -3.9606126808753396E-015  -1.0387248653167582E-015   4.1014807992159385E-016  -1.9437366465170329E-015  -2.1685681809327468E-015   1.3020024382107875E-015   3.0888206496959003E-016   1.3327136366654233E-017   2.7085633086315334E-017   1.3160787349428363E-017   3.4610776503527798E-016  -1.9892026670506404E-017   3.4470866025248862E-015
  -2.8206714292925421E-016  -3.9864931139760436E-016   2.1944421983132502E-016  -3.3725671913226399E-012  -9.7820109222422969E-007   5.0129381284919750E-018   2.8711736420681479E-018  -9.7820108995872784E-007  -6.2250787367309506E-018   1.9564021822484035E-006  -2.3380826269463443E-016  -3.5488067356439822E-016   1.8800991853257414E-016  -8.3409483332378038E-012   1.7731762262287525E-019   3.9798336726906994E-018  -2.7243552659324251E-018  -5.8000092808356037E-019  -7.3815478060458024E-020   6.0904904765785653E-019   8.7530497068613305E-018  -2.6911275901899561E-018   3.4576863472349658E-018  -4.0181051603921754E-018  -5.5904431741791358E-005   1.7561896211780520E-016   1.8182368720561027E-016  -5.5904431676142340E-005  -2.0211999658769209E-016   1.1180886341950199E-004  -5.0381312629494535E-012  -2.1580237951961752E-016  -1.1023057844432633E-018   3.1826111228741549E-019  -4.4199443045676964E-016  -1.9689018764047460E-018   1.3309562498086833E-016  -2.5836882352300709E-018   7.9855032183094740E-020  -1.7895049726049101E-019   2.4737693207318698E-018  -1.0023354031706959E-016  -9.0456722966623213E-019  -8.6270340450811384E-017  -8.2255280018147386E-019  -4.3749774129816373E-016  -8.4786121343939826E-017  -1.2368152484229166E-016   1.9841298480163541E-016  -3.6888520150700131E-019   1.6079313909197108E-018  -9.5545748677221932E-019   6.8482357118775275E-019  -3.6315866094423529E-019  -3.1777230119292798E-019   3.2051659443827063E-018  -1.0816704769748159E-018   1.2763192107329843E-018  -9.0332859875775749E-019  -2.1511551741624539E-004   6.6871741664388566E-016   7.0618101502281256E-016  -2.1511551716070688E-004  -8.1736914214051516E-016   4.3023103457611004E-004   2.2525362449662490E-015   2.3796196882990982E-015   5.5213228996654218E-015   4.4583519084385906E-012   1.0735176514985034E-015   1.2129302244457618E-015   2.5786888364726135E-015  -8.4924516557206050E-004   2.6441693113967250E-015   2.8125931325557697E-015  -8.4924516456712955E-004  -3.1863529668686254E-015   1.6984903301320712E-003   3.2591251705303188E-012   5.1440285380373677E-013  -2.3342953522231679E-015  -5.0765693515130160E-015  -4.5955918931407367E-015  -1.7282074485738373E-012  -9.7879370191882883E-013   9.4023882086252551E-017   1.0744877666310496E-016   2.2847494778142656E-016  -1.2309131821601350E-014   2.5111165509840820E-013   3.1580227496997843E-013
  0.14531810928616254       -6.7930738966729078E-016   8.3401607347702120E-015  -8.7744002557490573E-015  -2.7871655623974920E-016  -7.6988513444707444E-018  -3.0749193432317664E-018  -2.7165029247826726E-016   6.9902989611909919E-018  -2.3380826269463443E-016  0.11957812957068395       -2.4944165476883076E-015   2.2905582900927521E-014  -2.0256718785524886E-014  -5.5229617063936449E-015   2.6080341943575586E-017   2.0191488523934890E-017  -3.5503565441937613E-016   1.6975365630669657E-016   7.0477804952135851E-015   2.7897709163972991E-016   2.4243333908375829E-016   1.3452788656413486E-016   5.2648480166588929E-016  -1.0340294177725353E-015   2.5642359353667458E-016   3.6946221559757763E-017  -5.4658762429845318E-016   1.2258372799994534E-016  -7.7953683828827460E-016  -1.2892544662416855E-014   1.3294347898701561E-016   3.5936151588163073E-018   1.0363010417240457E-018   8.6303962762965815E-017  -6.1083955314586987E-018   8.0646625553773273E-017   6.1514369045340269E-018  -7.0458369151489738E-020  -1.5697641630131671E-017  -9.4805174029801817E-019   1.5685494503384763E-016  -1.8529579719611657E-018   8.8676248403059347E-017   3.0193813998528505E-018   1.5304621046676765E-016   6.4621961637216702E-002  -4.5498511101330506E-016   5.9793392443995236E-016   1.0341323868220273E-014   5.7012564933000165E-017   2.2214647750187770E-016  -5.0172756881968487E-015  -9.1684540936291207E-017  -1.7449802271990432E-014   3.1739509900606726E-017   3.3094087714415398E-017   8.3358761875618967E-018   6.1808427200230008E-017  -1.3384036723831681E-015   9.5492331563861795E-016   9.6190083203842334E-017   8.4845737669031619E-016   4.5233873580586411E-016  -9.0327078834994649E-017  -4.5558733379661383E-002   3.9269373254737145E-015  -3.4190455494345982E-014   3.4418065454891924E-015  -2.4138131818831586E-002   2.1619097768617107E-015  -1.6279018629825131E-014  -4.3529783380229247E-015   3.7876216775647417E-015   3.8799572138591977E-016   4.1805385078513474E-015   1.7907762232155518E-015   5.3022542242354851E-016  -2.6613480043676961E-015  -2.6302351886190777E-015   2.1482381688464648E-002  -1.6185276484196712E-014   3.2641966267999885E-014  -7.3460330532932160E-015  -7.7878567014788130E-015  -1.6714335115100357E-003   2.1898344315651054E-016  -1.8092433046538403E-015  -1.7790820874584354E-015   2.9667807617622722E-015  -1.1411218269838554E-014
  -5.8082905612688621E-016  0.14531810928490696        5.2136679129155650E-015   2.1692624410104961E-015  -3.3706191740789492E-016   3.3881684330740713E-017  -3.7050688304977764E-018  -3.6770544444518801E-016  -4.7717067728871051E-018  -3.5488067356439822E-016  -2.4944165476883076E-015  0.11957812956617236        2.7439464387985236E-015   1.1238929201882134E-014   1.7768046159699250E-016  -3.7569970621560103E-015   1.3783653291572918E-015   3.6733867808435099E-019  -1.3786191772151432E-016   5.9358858904028149E-017  -6.3070313192448960E-015   1.6362228536894183E-015   6.4789449900042167E-015   3.0985833200354283E-015  -6.4283118929565550E-016   1.2348116211560568E-016   1.0938827764548159E-015  -7.6970264385984137E-016  -5.8811145598529204E-016  -2.4247777213859698E-015   4.1141826562743942E-015   2.2082542753460054E-016   1.2459886651010913E-017  -5.1000598358813265E-019   1.1535387945951186E-016   3.9406499500335814E-017   1.2440303900671213E-016   1.2403829861920981E-017  -1.4788521928951176E-018   1.8996054227363270E-018  -4.6054606233360590E-018   1.9546918056720810E-016   8.4813661523130859E-017   1.2982369443227188E-016   8.9874276554512353E-017   2.1975597691277503E-016  -6.9751386875346651E-016   6.4621961637389910E-002  -2.3397672616705616E-016   1.3580777416473131E-016   1.0067835211667444E-014   3.9695900487294565E-016   9.8022873841698043E-017   1.3293461066213679E-016   8.2108562236253581E-017  -6.3623903911643299E-015   2.5228477907212786E-016  -1.5879876017721029E-014   8.9029505617307462E-016   2.2617213040220205E-015   6.7738699218540888E-016   4.1234644833917573E-015   1.6217432272641671E-015  -1.4341065612323023E-015  -4.4392851911139391E-015   5.4634410281335733E-015  -4.5558733371572610E-002  -1.3803156875306393E-014  -1.3089523645937477E-014   2.6580097566095981E-015  -2.4138131815106184E-002  -6.1170187442737955E-015   1.1668721122113976E-014   2.6079330164595197E-015   1.6314639979495772E-014   9.1678598287694960E-015  -5.8717558217152318E-015  -1.4869270708102847E-014  -1.4207988693934486E-014  -1.1876167222458911E-015  -7.7925544988830250E-015   2.1482381684216102E-002   6.5009819472941549E-015   1.0409051798979918E-014   7.6562312696375665E-015   2.5765622290051703E-016  -1.6714335110991016E-003  -7.8836946012969852E-016   7.5445564592136551E-016  -2.0992796156117133E-015   2.6739431055947850E-015
   4.6783167063286655E-015  -5.2327268044011306E-015  0.14531810928332378        1.8106041185171139E-014   3.4082010452876247E-016   6.2864187657983421E-017   1.9947521145322529E-017   1.8980859478512531E-016  -1.2430582047236161E-016   1.8800991853257414E-016   2.2905582900927521E-014   2.7439464387985236E-015  0.11957812956051909        4.0799499447881549E-014  -4.9763427231890740E-016  -1.4116215538806784E-016  -8.2144041393086371E-015  -2.4878630458286166E-016  -5.1115199021549202E-017  -5.0708419018581903E-016  -2.8684009887569845E-016  -6.2256753997743604E-015   1.2586876529888962E-016   2.2707961126625145E-015   2.3593404329216620E-015  -4.7386896723705268E-016   1.5371968618651797E-016   1.6567772636357252E-015   2.1969937042257101E-017   3.5929249802573200E-015   2.4718095432331748E-014  -8.1641263122268994E-016  -7.1673314651783777E-017  -2.6401689916819954E-017  -3.5232631268533801E-016   3.8265597636976878E-017  -4.8994340313190077E-016  -7.2324882047384935E-017  -1.2544294150457579E-017  -3.6833644186241211E-017  -3.0257346586757061E-017  -3.3115297048847448E-016   8.1697074000013142E-017  -3.6098781877997427E-016   9.2389858794268751E-017  -8.7776054091816742E-016  -1.1465111409928143E-015  -6.5737906993029985E-015   6.4621961637615577E-002  -2.9631203878231416E-016   1.3547902693271624E-017   1.7948065586621783E-014  -1.1610818973936781E-016   1.4148150124643955E-017   9.5847203042392093E-017   5.0528236804987421E-018   4.8663709507712733E-015  -9.2687303098284166E-017  -2.6306478778769472E-014  -1.2620325487758664E-015  -2.4244341946043167E-015   2.7141430417024580E-016  -1.1875211822816630E-015   8.8952399037759101E-016   2.5854429317897261E-015  -2.1703619061478161E-014  -3.7529484966270583E-014  -4.5558733361547581E-002   1.4602032744561360E-014  -1.0461878429872679E-014  -1.6510372115538534E-014  -2.4138131810504431E-002  -1.0249124435566340E-014  -9.4166394205177594E-015   1.1743408864032142E-015  -1.0703878047686642E-014   3.2937431105104147E-015   5.1552471209592549E-015   3.1131173303349878E-014   9.3228273417374651E-015   2.2292048356448942E-014   1.7360263159324176E-015   2.1482381679000472E-002   8.1011721326518221E-016   6.6353271667807890E-015  -1.3030819970423213E-015  -1.7163821761566090E-015  -1.6714335105899696E-003   1.0191690168441814E-015  -3.9982914417858457E-015   3.4256390884324434E-015
   4.0068477988959225E-015   4.1983859264340481E-015  -7.5078958144965982E-015  0.29418240655351235        7.7626117678875444E-012  -5.4021281819069407E-015   3.4456368247541400E-014   8.0957470029069687E-013   1.6676574004519377E-014  -8.3409483332378038E-012  -2.0256718785524886E-014   1.1238929201882134E-014   4.0799499447881549E-014  0.74572937103647274        8.7623804361001440E-015  -1.7019037562854043E-015  -8.6290993562621718E-015   4.0689430444915567E-015   3.3195657454508921E-016   4.4028109181548962E-015  -3.1204066330535551E-015  -8.5244407511919499E-015  -1.2926804907196690E-015  -1.9300287700420891E-014  -1.4844040440371219E-011   6.0660987354525300E-015  -6.1810438126042164E-014  -3.0467150030273967E-012  -3.3218574418663945E-014   1.8390565678341175E-011  0.43536916236721857        1.0682683982109044E-012  -3.3544796240244624E-017   5.0049749458109386E-016  -1.0004648056922859E-012  -8.3661820964301517E-017  -9.9036541047204851E-013   1.3050166865247578E-016   1.2551974494092133E-016  -6.9027040534778952E-017   5.2135248019871054E-016   7.5359517670006627E-013   5.6445706508975609E-017  -4.2451127972425179E-013  -6.6128479696688742E-017   6.8038851076316319E-013   8.6504577895443675E-015  -4.7809327611293448E-016  -1.0580517486868673E-014   7.6840948224180266E-016  -3.3234546337342482E-016  -2.4383920093194164E-015   6.0862200974814605E-016  -2.0941998097485916E-016   4.1789837655417307E-016  -7.0546000855752576E-016  -2.5273903955222103E-015  -4.3036988999526338E-016  -5.3778618412111656E-015  -1.6419903805128571E-011   1.1191650529038939E-014  -7.5034929903804476E-014   5.8917743436324999E-014  -3.8497994451097097E-014   1.5792182488305596E-011  -1.8940403340016553E-014  -3.7020392544069782E-014  -6.2642033187738653E-015 -0.41328978381378523       -1.0437655643299854E-014  -1.7120710583162514E-014  -3.9417909440946057E-015  -8.0170287467213088E-011   4.4738937626011403E-014  -3.6394623487859696E-013  -2.7567856428843811E-012  -1.8478318117117761E-013   7.7278877939304242E-011 -0.35548344764436740       -3.7689600373091540E-002   3.8998845247984835E-014   1.9255877691043465E-014   3.9294517188515231E-015  0.18113861912134452       0.11095404694832596       -7.5193768153225509E-016  -1.5253147192858591E-015  -3.6437941000944954E-016   4.1384094339691133E-004  -2.7927836184478815E-002  -3.7845999479937602E-002
  -6.7639095299912846E-015   2.0817858671862402E-016  -5.9407218156370455E-016   3.5051115710807351E-015   1.0557624420951773E-018  -1.2799783374502892E-018  -2.5826885586096788E-019  -1.2330800645519696E-018  -4.4091983703120127E-019   1.7731762262287525E-019  -5.5229617063936449E-015   1.7768046159699250E-016  -4.9763427231890740E-016   8.7623804361001440E-015   6.3890309305406662E-027   2.7598104997684630E-029   1.3882567188608884E-028  -3.2583650930253286E-027   3.4049301758359024E-030  -1.2166460240549799E-026   6.1540293017677348E-029  -1.8933448024728076E-030  -8.9336513266143271E-030  -3.4603392604645598E-028   6.0337076319234914E-017  -7.3151075148166709E-017  -1.4760128331830498E-017  -7.0470827966446021E-017  -2.5198676599949951E-017   1.0133751590380494E-017   5.3855734312248279E-015   2.1897002363499499E-026  -1.7804495316886622E-028  -6.6155765273311158E-029  -5.7653554837407449E-027  -5.5037534985362928E-029  -6.6123260826943888E-027   4.5094986370798465E-029   6.0196148416404743E-030   5.4648252510000154E-029   3.3325283181192170E-029   1.7782608551143714E-026  -3.7495379125562112E-029   7.5838431752492470E-028   4.5702967288639995E-029   1.7571445211518121E-026  -4.4150575563334960E-015   8.1710552785907511E-017  -2.6045265403997549E-016  -2.2271906139525177E-026   2.6370523219327839E-029  -4.7896364681520222E-028   4.0220175924083285E-027  -3.6068636079631256E-029   2.3459212745600490E-026   7.4639741937714072E-030  -1.3706134892676467E-028   1.0356384272807498E-029   3.3968074330149802E-028   2.3217195882165202E-016  -2.8147914019134373E-016  -5.6795723417183762E-017  -2.7116577585382439E-016  -9.6962372852834242E-017   3.8993817059162681E-017  -7.8505672296598720E-014   2.4032270660461791E-016  -9.3214941950219394E-016  -4.6810027568649358E-016  -3.6054222734172030E-014  -2.9956266585827638E-017  -2.2143932966218642E-016   9.1658154631241873E-016  -1.1112392164446014E-015  -2.2422135844531088E-016  -1.0705235353437077E-015  -3.8279352125545755E-016   1.5394198926182827E-016   2.9504776062752582E-015   1.3886732318352101E-015   4.6932718263923701E-014   4.6146418973940249E-015  -6.2620493049918899E-015   2.3233390539231329E-015   2.9283455053549515E-015  -3.1918120265953668E-015  -4.4302721788038538E-018  -1.7814760042037575E-017   1.3779064935942169E-015  -1.1909856659957880E-015   1.1067586946342274E-014
   3.1064267283232759E-017  -4.6274845824145304E-015  -1.7359757402545045E-016  -6.6350378665158487E-016  -2.1193934428914534E-018   8.6278447374610082E-020  -4.5336647205325715E-018  -1.8604402308767830E-018   9.6990366676440589E-019   3.9798336726906994E-018   2.6080341943575586E-017  -3.7569970621560103E-015  -1.4116215538806784E-016  -1.7019037562854043E-015   2.7598104997684630E-029   6.7649138725297033E-027  -2.1848283668318616E-028   6.5721028569637247E-029   6.7392811599211646E-029  -3.1338610310471866E-029  -1.7303007842729925E-028  -2.2936143798013935E-028  -9.3818852703891451E-027  -6.5863636846323158E-028  -1.2112385274883388E-016   4.9308343696258303E-018  -2.5910004811164907E-016  -1.0632461437059330E-016   5.5430231913629449E-017   2.2744846711412564E-016  -9.5179482798560004E-016  -2.0013421428716166E-027  -1.9871792837974901E-029  -8.0210892189714074E-028   1.9449250809621675E-027   1.6707068208970283E-028   3.0139929120415891E-027  -1.3648945167475486E-029  -6.2087425439362653E-029   1.0361064407513835E-029   5.8436873014239775E-028  -1.0883759219463039E-027   1.5092414881358451E-028   1.2786223511674814E-027   1.4884200417632314E-029  -1.4957467862017400E-027   2.4139856714972928E-018  -3.5678662107690432E-015  -8.5679541017065192E-017  -5.4438951907187303E-029  -1.6915895826159709E-026  -2.2554981235779590E-028  -3.4113813613724702E-029  -5.3433596920412825E-029   1.3464074080162059E-028  -2.4611451766205939E-027  -1.9067604175735867E-028   1.9275594431307265E-026  -4.4072672607521435E-029  -4.6607432448881952E-016   1.8973432940095581E-017  -9.9699503551500028E-016  -4.0912810885314041E-016   2.1329083663837731E-016   8.7520243334328300E-016  -6.3663650339268769E-016  -8.4327795876363280E-014  -2.1232210130086529E-016   1.5734459879793376E-015  -2.9808898240779568E-016  -3.8893743705636907E-014  -1.2635734866875453E-016  -1.8399944904672424E-015   7.4904388080900931E-017  -3.9359932011739312E-015  -1.6151790104011923E-015   8.4204158794890108E-016   3.4551735008895080E-015   1.8526344740174997E-015   1.2654264394986890E-017   5.1221815083456633E-016   5.4117607620250686E-014   1.2585943198444288E-015  -1.9997712237537468E-015  -1.5301117968137198E-015  -2.6188200091107204E-017  -3.4368489282070797E-015  -1.2228717612126696E-017  -7.4231278215187563E-017   4.7954118568630157E-016   1.7644112893758798E-016
