  0.22450630264185312       0.15690403953767040       -2.2919065724177904E-017   1.4544490468163364E-016  -1.3178612427271358E-017  -1.2179925943878485E-015   6.3462140693744089E-018   3.0008142058485970E-018  -1.2360048217623467E-015   1.8084639491535192E-018  -1.2308740660859744E-015  0.11119093421216679        6.5062275332207188E-017  -1.1246100835135111E-016  -6.1458479805574696E-018  -2.9483115214920439E-017   4.7451998037989568E-018   3.7556541306282347E-018  -1.2167690476554822E-017   3.5825709127313604E-023  -1.2166724240549511E-017   1.2366313640648580E-017   3.7556052525765149E-018   4.7452252941283186E-018   9.4425445858479847E-018  -3.8860176534585498E-016  -1.9605649783756678E-018  -1.7448941545518853E-018  -2.2110089370589276E-016  -5.8291607663565600E-019  -4.0415135842512309E-016   5.0794617278072683E-002  -1.6562566934288852E-017   3.4847359568186843E-017   5.8528641916496941E-019
  0.15690403953767040       0.10965784627664753       -1.6017786370521618E-017   1.0164923125176179E-016  -9.2103317412824327E-018  -8.5123649508979904E-016   4.4352724691391915E-018   2.0972233975577305E-018  -8.6382496678468183E-016   1.2639079421885988E-018  -8.6023915969583644E-016   7.7709652390863151E-002   4.5471034447619689E-017  -7.8597287885302931E-017  -4.2952396578025145E-018  -2.0605300701759330E-017   3.3163479549042193E-018   2.6247695377263448E-018  -8.5038137689217039E-018   2.5038043098257202E-023  -8.5031384812767865E-018   8.6426284766841849E-018   2.6247353775995723E-018   3.3163657697076298E-018   6.5992507631182582E-018  -2.7158786206328866E-016  -1.3702090376231611E-018  -1.2194799798187042E-018  -1.5452405103827292E-016  -4.0739117815097855E-019  -2.8245523611289960E-016   3.5499585285200738E-002  -1.1575326066674561E-017   2.4354289474859947E-017   4.0904777448507124E-019
  -2.2919065724177904E-017  -1.6017786370521618E-017   2.3397275153880757E-033  -1.4847963243877851E-032   1.3453585971523301E-033   1.2434061758555289E-031  -6.4786286907822210E-034  -3.0634266031990374E-034   1.2617942308088688E-031  -1.8461977959067293E-034   1.2565564212160993E-031  -1.1351094820739849E-017  -6.6419808573580223E-033   1.1480752261658025E-032   6.2740819362165957E-034   3.0098284431784160E-033  -4.8442090443722743E-034  -3.8340163658773905E-034   1.2421570996538491E-033  -3.6573217430516371E-039   1.2420584599887251E-033  -1.2624338460019061E-033  -3.8339664679784613E-034  -4.8442350665608319E-034  -9.6395645654442140E-034   3.9670999413772605E-032   2.0014724338316449E-034   1.7813016088775581E-034   2.2571419398428702E-032   5.9507870001338369E-035   4.1258403159566285E-032  -5.1854453889776155E-018   1.6908147150488775E-033  -3.5574454474510766E-033  -5.9749850006259707E-035
   1.4544490468163364E-016   1.0164923125176179E-016  -1.4847963243877851E-032   9.4225507475378392E-032  -8.5376758058254478E-033  -7.8906834556123206E-031   4.1113522852045328E-033   1.9440573872582965E-033  -8.0073744644062717E-031   1.1716012584484529E-033  -7.9741352073558725E-031   7.2034302100414784E-017   4.2150159361713003E-032  -7.2857111125990147E-032  -3.9815464563859935E-033  -1.9100438748004720E-032   3.0741459150028483E-033   2.4330753774775113E-033  -7.8827567900457677E-033   2.3209445738752599E-038  -7.8821308205204630E-033   8.0114334767544960E-033   2.4330437121590342E-033   3.0741624287420201E-033   6.1172892746428775E-033  -2.5175305127182560E-031  -1.2701388916323406E-033  -1.1304179927331232E-033  -1.4323873330798239E-031  -3.7763827654725051E-034  -2.6182675101494686E-031   3.2906952639698781E-017  -1.0729948071363130E-032   2.2575628528731956E-032   3.7917388708103929E-034
  -1.3178612427271358E-017  -9.2103317412824327E-018   1.3453585971523301E-033  -8.5376758058254478E-033   7.7358997704973085E-034   7.1496666916877133E-032  -3.7252537954001554E-034  -1.7614902975893724E-034   7.2553992082037749E-032  -1.0615757862533959E-034   7.2252814610749574E-032  -6.5269536318808005E-018  -3.8191823576882148E-033   6.6015075069268457E-033   3.6076380760633559E-034   1.7306710056414681E-033  -2.7854518277818966E-034  -2.2045844422188344E-034   7.1424844219773468E-034  -2.1029838804757348E-039   7.1419172374628172E-034  -7.2590770373234589E-034  -2.2045557506011725E-034  -2.7854667907102131E-034  -5.5428125607072265E-034   2.2811083670181820E-032   1.1508597168299663E-034   1.0242600550120937E-034   1.2978713520223831E-032   3.4217413770613737E-035   2.3723851187984469E-032  -2.9816649538216979E-018   9.7222950028237596E-034  -2.0455543584248925E-033  -3.4356553853302334E-035
  -1.2179925943878485E-015  -8.5123649508979904E-016   1.2434061758555289E-031  -7.8906834556123206E-031   7.1496666916877133E-032   6.6078588553045050E-030  -3.4429508873204438E-032  -1.6280030613163173E-032   6.7055788715909378E-030  -9.8112866826739864E-033   6.6777434730123782E-030  -6.0323355219800599E-016  -3.5297614630921461E-031   6.1012396408242332E-031   3.3342481874524556E-032   1.5995192815830692E-031  -2.5743679139101142E-032  -2.0375191539654166E-032   6.6012208641150679E-032  -1.9436179693971084E-037   6.6006966613265262E-032  -6.7089779916848931E-032  -2.0374926366229983E-032  -2.5743817429349679E-032  -5.1227735000771786E-032   2.1082440305132855E-030   1.0636465864778652E-032   9.4664075494807237E-033   1.1995175546403958E-030   3.1624388987620824E-033   2.1926037522379190E-030  -2.7557118420034979E-016   8.9855312000742682E-032  -1.8905405054810969E-031  -3.1752984916238102E-033
   6.3462140693744089E-018   4.4352724691391915E-018  -6.4786286907822210E-034   4.1113522852045328E-033  -3.7252537954001554E-034  -3.4429508873204438E-032   1.7939110189959374E-034   8.4825277101974597E-035  -3.4938668079158508E-032   5.1120610971813818E-035  -3.4793634850795836E-032   3.1430808969751817E-018   1.8391426977328475E-033  -3.1789826167772232E-033  -1.7372726940619567E-034  -8.3341161644089158E-034   1.3413455837318518E-034   1.0616265469178760E-034  -3.4394922363177291E-034   1.0127003858406963E-039  -3.4392191063227542E-034   3.4956378813906116E-034   1.0616127303534476E-034   1.3413527891904482E-034   2.6691637872188787E-034  -1.0984769521396283E-032  -5.5420114728533653E-035  -4.9323656854531397E-035  -6.2499519428904113E-033  -1.6477533874454783E-035  -1.1424316408104939E-032   1.4358328074772687E-018  -4.6818104465876337E-034   9.8504496742332916E-034   1.6544537343541181E-035
   3.0008142058485970E-018   2.0972233975577305E-018  -3.0634266031990374E-034   1.9440573872582965E-033  -1.7614902975893724E-034  -1.6280030613163173E-032   8.4825277101974597E-035   4.0109724279713965E-035  -1.6520787095935928E-032   2.4172436343768126E-035  -1.6452207976600659E-032   1.4862092111406249E-018   8.6964061936906584E-034  -1.5031853782882582E-033  -8.2147127764441905E-035  -3.9407958675771589E-034   6.3425671409971919E-035   5.0199126415715065E-035  -1.6263676344384082E-034   4.7885647582617476E-040  -1.6262384846240456E-034   1.6529161636070512E-034   5.0198473097967509E-035   6.3426012120863150E-035   1.2621169917787885E-034  -5.1941601823444446E-033  -2.6205461358402735E-035  -2.3322744640423050E-035  -2.9552965549341124E-033  -7.7914197641759710E-036  -5.4020004044600350E-033   6.7893510032919477E-019  -2.2137991475909145E-034   4.6577958123227674E-034   7.8231024272058703E-036
  -1.2360048217623467E-015  -8.6382496678468183E-016   1.2617942308088688E-031  -8.0073744644062717E-031   7.2553992082037749E-032   6.7055788715909378E-030  -3.4938668079158508E-032  -1.6520787095935928E-032   6.8047440158366875E-030  -9.9563804438175245E-033   6.7764969747485043E-030  -6.1215444379634744E-016  -3.5819611778883685E-031   6.1914675421950620E-031   3.3835565631783246E-032   1.6231736987958831E-031  -2.6124388352150721E-032  -2.0676509121142133E-032   6.6988427147745793E-032  -1.9723610742035345E-037   6.6983107598372469E-032  -6.8081934036615696E-032  -2.0676240026212982E-032  -2.6124528687498230E-032  -5.1985313999992365E-032   2.1394217002409236E-030   1.0793762750244340E-032   9.6064010814501098E-033   1.2172565647406531E-030   3.2092064807366577E-033   2.2250289718241974E-030  -2.7964645596353410E-016   9.1184133143023341E-032  -1.9184986766574486E-031  -3.2222562470950363E-033
   1.8084639491535192E-018   1.2639079421885988E-018  -1.8461977959067293E-034   1.1716012584484529E-033  -1.0615757862533959E-034  -9.8112866826739864E-033   5.1120610971813818E-035   2.4172436343768126E-035  -9.9563804438175245E-033   1.4567706193109961E-035  -9.9150507057948200E-033   8.9567550500436372E-019   5.2409566236499045E-034  -9.0590632376730581E-034  -4.9506603507460448E-035  -2.3749511861135302E-034   3.8223972671228581E-035   3.0252892773195963E-035  -9.8014306557849817E-035   2.8858656815957286E-040  -9.8006523244145864E-035   9.9614274253649388E-035   3.0252499046189643E-035   3.8224178003289017E-035   7.6062459141836930E-035  -3.1303009088635775E-033  -1.5792924482042408E-035  -1.4055632899668632E-035  -1.7810323838908100E-033  -4.6955595347329469E-036  -3.2555574302928383E-033   4.0916550260500369E-019  -1.3341632218622454E-034   2.8070567623568999E-034   4.7146533372719647E-036
  -1.2308740660859744E-015  -8.6023915969583644E-016   1.2565564212160993E-031  -7.9741352073558725E-031   7.2252814610749574E-032   6.6777434730123782E-030  -3.4793634850795836E-032  -1.6452207976600659E-032   6.7764969747485043E-030  -9.9150507057948200E-033   6.7483671894054865E-030  -6.0961334134106231E-016  -3.5670921682191415E-031   6.1657662611985232E-031   3.3695111470624712E-032   1.6164357738928390E-031  -2.6015943909645687E-032  -2.0590679264597074E-032   6.6710352785261126E-032  -1.9641736443495827E-037   6.6705055317766182E-032  -6.7799320438863946E-032  -2.0590411286702673E-032  -2.6016083662449855E-032  -5.1769518769911352E-032   2.1305407882578994E-030   1.0748956970748052E-032   9.5665241359800415E-033   1.2122036345908828E-030   3.1958848058711729E-033   2.2157926971541666E-030  -2.7848562097644524E-016   9.0805620454010066E-032  -1.9105348339587302E-031  -3.2088804015971719E-033
  0.11119093421216679        7.7709652390863151E-002  -1.1351094820739849E-017   7.2034302100414784E-017  -6.5269536318808005E-018  -6.0323355219800599E-016   3.1430808969751817E-018   1.4862092111406249E-018  -6.1215444379634744E-016   8.9567550500436372E-019  -6.0961334134106231E-016   5.5069384268901053E-002   3.2223305497565510E-017  -5.5698412177662720E-017  -3.0438458539593325E-018  -1.4602062773541088E-017   2.3501487174259649E-018   1.8600577642958664E-018  -6.0262756785537005E-018   1.7743350720242699E-023  -6.0257971321483840E-018   6.1246475055887433E-018   1.8600335565290059E-018   2.3501613419870649E-018   4.6765963426665285E-018  -1.9246227307138279E-016  -9.7100637694350179E-019  -8.6419137842860709E-019  -1.0950434191382967E-016  -2.8870006038007154E-019  -2.0016349909825755E-016   2.5156981704465842E-002  -8.2029202240837355E-018   1.7258804851439611E-017   2.8987401673290333E-019
   6.5062275332207188E-017   4.5471034447619689E-017  -6.6419808573580223E-033   4.2150159361713003E-032  -3.8191823576882148E-033  -3.5297614630921461E-031   1.8391426977328475E-033   8.6964061936906584E-034  -3.5819611778883685E-031   5.2409566236499045E-034  -3.5670921682191415E-031   3.2223305497565510E-017   1.8855148481763777E-032  -3.2591374956478428E-032  -1.7810762938749498E-033  -8.5442525986650714E-033   1.3751662759936623E-033   1.0883944024025039E-033  -3.5262156056508946E-033   1.0382346169279935E-038  -3.5259355889552669E-033   3.5837769072159450E-033   1.0883802374671714E-033   1.3751736631307169E-033   2.7364640923294700E-033  -1.1261739538710125E-031  -5.6817477696049610E-034  -5.0567303711788825E-034  -6.4075382531412801E-032  -1.6892998471468656E-034  -1.1712369162164857E-031   1.4720359009306319E-017  -4.7998576316401506E-033   1.0098818946934678E-032   1.6961691366260052E-034
  -1.1246100835135111E-016  -7.8597287885302931E-017   1.1480752261658025E-032  -7.2857111125990147E-032   6.6015075069268457E-033   6.1012396408242332E-031  -3.1789826167772232E-033  -1.5031853782882582E-033   6.1914675421950620E-031  -9.0590632376730581E-034   6.1657662611985232E-031  -5.5698412177662720E-017  -3.2591374956478428E-032   5.6334625133347528E-032   3.0786140653262817E-033   1.4768854269977595E-032  -2.3769932001204296E-033  -1.8813042020613176E-033   6.0951105790710573E-033  -1.7946023456576197E-038   6.0946265664879623E-033  -6.1946060544900866E-033  -1.8812797177821776E-033  -2.3770059688850901E-033  -4.7300145832480059E-033   1.9466066593073378E-031   9.8209765967331313E-034   8.7406257097523928E-034   1.1075515101781447E-031   2.9199772563729498E-034   2.0244985891360231E-031  -2.5444336353558078E-017   8.2966177626125621E-033  -1.7455942881355039E-032  -2.9318509146109513E-034
  -6.1458479805574696E-018  -4.2952396578025145E-018   6.2740819362165957E-034  -3.9815464563859935E-033   3.6076380760633559E-034   3.3342481874524556E-032  -1.7372726940619567E-034  -8.2147127764441905E-035   3.3835565631783246E-032  -4.9506603507460448E-035   3.3695111470624712E-032  -3.0438458539593325E-018  -1.7810762938749498E-033   3.0786140653262817E-033   1.6824225848295123E-034   8.0709869599171953E-034  -1.2989958984823092E-034  -1.0281083017618098E-034   3.3308987348421088E-034  -9.8072686379492826E-040   3.3306342282544491E-034  -3.3852717193673985E-034  -1.0280949214213956E-034  -1.2990028764462854E-034  -2.5848915104550448E-034   1.0637952461414147E-032   5.3670361015760302E-035   4.7766383793450195E-035   6.0526250937798462E-033   1.5957296299787120E-035   1.1063621737065450E-032  -1.3904999207066171E-018   4.5339938054358604E-034  -9.5394459714368657E-034  -1.6022184299257892E-035
  -2.9483115214920439E-017  -2.0605300701759330E-017   3.0098284431784160E-033  -1.9100438748004720E-032   1.7306710056414681E-033   1.5995192815830692E-031  -8.3341161644089158E-034  -3.9407958675771589E-034   1.6231736987958831E-031  -2.3749511861135302E-034   1.6164357738928390E-031  -1.4602062773541088E-017  -8.5442525986650714E-033   1.4768854269977595E-032   8.0709869599171953E-034   3.8718471265502199E-033  -6.2315966583978356E-034  -4.9320835155948882E-034   1.5979124683730745E-033  -4.7047833286970888E-039   1.5977855781827585E-033  -1.6239965005914046E-033  -4.9320193268744226E-034  -6.2316301333741992E-034  -1.2400348082463144E-033   5.1032823959025175E-032   2.5746966772687793E-034   2.2914686488139558E-034   2.9035902540570682E-032   7.6550999441182462E-035   5.3074862150855094E-032  -6.6705635248746085E-018   2.1750661938318183E-033  -4.5763023353674008E-033  -7.6862282826406868E-035
   4.7451998037989568E-018   3.3163479549042193E-018  -4.8442090443722743E-034   3.0741459150028483E-033  -2.7854518277818966E-034  -2.5743679139101142E-032   1.3413455837318518E-034   6.3425671409971919E-035  -2.6124388352150721E-032   3.8223972671228581E-035  -2.6015943909645687E-032   2.3501487174259649E-018   1.3751662759936623E-033  -2.3769932001204296E-033  -1.2989958984823092E-034  -6.2315966583978356E-034   1.0029527417719803E-034   7.9380084363259814E-035  -2.5717818066845966E-034   7.5721770801723173E-040  -2.5715775815537707E-034   2.6137631046792086E-034   7.9379051269227709E-035   1.0029581294472689E-034   1.9957907724135204E-034  -8.2135467867765634E-033  -4.1438803460072581E-035  -3.6880351697912623E-035  -4.6732225558347753E-033  -1.2320604009480120E-035  -8.5422053819279186E-033   1.0736028570496798E-018  -3.5006896662661027E-034   7.3653916099478558E-034   1.2370703934393929E-035
   3.7556541306282347E-018   2.6247695377263448E-018  -3.8340163658773905E-034   2.4330753774775113E-033  -2.2045844422188344E-034  -2.0375191539654166E-032   1.0616265469178760E-034   5.0199126415715065E-035  -2.0676509121142133E-032   3.0252892773195963E-035  -2.0590679264597074E-032   1.8600577642958664E-018   1.0883944024025039E-033  -1.8813042020613176E-033  -1.0281083017618098E-034  -4.9320835155948882E-034   7.9380084363259814E-035   6.2826467599914214E-035  -2.0354723435706285E-034   5.9931044644800974E-040  -2.0353107067612468E-034   2.0686990235296835E-034   6.2825649943328735E-035   7.9380510778285273E-035   1.5795962589991963E-034  -6.5007254051072178E-033  -3.2797315143298618E-035  -2.9189465337665661E-035  -3.6986867404644917E-033  -9.7513127483049255E-036  -6.7608468038855095E-033   8.4971785624387463E-019  -2.7706693392835030E-034   5.8294412390073461E-034   9.7909650280247549E-036
  -1.2167690476554822E-017  -8.5038137689217039E-018   1.2421570996538491E-033  -7.8827567900457677E-033   7.1424844219773468E-034   6.6012208641150679E-032  -3.4394922363177291E-034  -1.6263676344384082E-034   6.6988427147745793E-032  -9.8014306557849817E-035   6.6710352785261126E-032  -6.0262756785537005E-018  -3.5262156056508946E-033   6.0951105790710573E-033   3.3308987348421088E-034   1.5979124683730745E-033  -2.5717818066845966E-034  -2.0354723435706285E-034   6.5945895411865615E-034  -1.9416654883833632E-039   6.5940658649912125E-034  -6.7022384202481968E-034  -2.0354458528664737E-034  -2.5717956218173644E-034  -5.1176273663440564E-034   2.1061261727311849E-032   1.0625780895828314E-034   9.4568979743997386E-035   1.1983125671953498E-032   3.1592620389037240E-035   2.1904011500474080E-032  -2.7529435639079147E-018   8.9765046941750661E-034  -1.8886413439685015E-033  -3.1721087135318782E-035
   3.5825709127313604E-023   2.5038043098257202E-023  -3.6573217430516371E-039   2.3209445738752599E-038  -2.1029838804757348E-039  -1.9436179693971084E-037   1.0127003858406963E-039   4.7885647582617476E-040  -1.9723610742035345E-037   2.8858656815957286E-040  -1.9641736443495827E-037   1.7743350720242699E-023   1.0382346169279935E-038  -1.7946023456576197E-038  -9.8072686379492826E-040  -4.7047833286970888E-039   7.5721770801723173E-040   5.9931044644800974E-040  -1.9416654883833632E-039   5.7169060261188893E-045  -1.9415113007740747E-039   1.9733608823167856E-039   5.9930264670767730E-040   7.5722177564969690E-040   1.5067989262374301E-039  -6.2011327289329337E-038  -3.1285816840756465E-040  -2.7844238537324672E-040  -3.5282289238590501E-038  -9.3019133812463036E-041  -6.4492661631174644E-038   8.1055772707656988E-024  -2.6429801676261609E-039   5.5607853902273216E-039   9.3397382445076029E-041
  -1.2166724240549511E-017  -8.5031384812767865E-018   1.2420584599887251E-033  -7.8821308205204630E-033   7.1419172374628172E-034   6.6006966613265262E-032  -3.4392191063227542E-034  -1.6262384846240456E-034   6.6983107598372469E-032  -9.8006523244145864E-035   6.6705055317766182E-032  -6.0257971321483840E-018  -3.5259355889552669E-033   6.0946265664879623E-033   3.3306342282544491E-034   1.5977855781827585E-033  -2.5715775815537707E-034  -2.0353107067612468E-034   6.5940658649912125E-034  -1.9415113007740747E-039   6.5935422303809769E-034  -6.7017061956579754E-034  -2.0352842181607182E-034  -2.5715913955894788E-034  -5.1172209756791503E-034   2.1059589253029450E-032   1.0624937102825372E-034   9.4561470023612042E-035   1.1982174092234839E-032   3.1590111619819216E-035   2.1902272103452656E-032  -2.7527249527263463E-018   8.9757918701552517E-034  -1.8884913670052333E-033  -3.1718568164559554E-035
   1.2366313640648580E-017   8.6426284766841849E-018  -1.2624338460019061E-033   8.0114334767544960E-033  -7.2590770373234589E-034  -6.7089779916848931E-032   3.4956378813906116E-034   1.6529161636070512E-034  -6.8081934036615696E-032   9.9614274253649388E-035  -6.7799320438863946E-032   6.1246475055887433E-018   3.5837769072159450E-033  -6.1946060544900866E-033  -3.3852717193673985E-034  -1.6239965005914046E-033   2.6137631046792086E-034   2.0686990235296835E-034  -6.7022384202481968E-034   1.9733608823167856E-039  -6.7017061956579754E-034   6.8116445400131175E-034   2.0686721003960974E-034   2.6137771453276884E-034   5.2011665837587863E-034  -2.1405061929342454E-032  -1.0799234208645817E-034  -9.6112706552142614E-035  -1.2178736033778747E-032  -3.2108332572526328E-035  -2.2261568596371053E-032   2.7978821134451934E-018  -9.1230355225434369E-034   1.9194711814220530E-033   3.2238896386585565E-035
   3.7556052525765149E-018   2.6247353775995723E-018  -3.8339664679784613E-034   2.4330437121590342E-033  -2.2045557506011725E-034  -2.0374926366229983E-032   1.0616127303534476E-034   5.0198473097967509E-035  -2.0676240026212982E-032   3.0252499046189643E-035  -2.0590411286702673E-032   1.8600335565290059E-018   1.0883802374671714E-033  -1.8812797177821776E-033  -1.0280949214213956E-034  -4.9320193268744226E-034   7.9379051269227709E-035   6.2825649943328735E-035  -2.0354458528664737E-034   5.9930264670767730E-040  -2.0352842181607182E-034   2.0686721003960974E-034   6.2824832297384675E-035   7.9379477678703589E-035   1.5795757013053946E-034  -6.5006408012588569E-033  -3.2796888301845689E-035  -2.9189085450661481E-035  -3.6986386038162526E-033  -9.7511858396087942E-036  -6.7607588146809001E-033   8.4970679757023762E-019  -2.7706332803402267E-034   5.8293653716030372E-034   9.7908376032730682E-036
   4.7452252941283186E-018   3.3163657697076298E-018  -4.8442350665608319E-034   3.0741624287420201E-033  -2.7854667907102131E-034  -2.5743817429349679E-032   1.3413527891904482E-034   6.3426012120863150E-035  -2.6124528687498230E-032   3.8224178003289017E-035  -2.6016083662449855E-032   2.3501613419870649E-018   1.3751736631307169E-033  -2.3770059688850901E-033  -1.2990028764462854E-034  -6.2316301333741992E-034   1.0029581294472689E-034   7.9380510778285273E-035  -2.5717956218173644E-034   7.5722177564969690E-040  -2.5715913955894788E-034   2.6137771453276884E-034   7.9379477678703589E-035   1.0029635171514990E-034   1.9958014934297537E-034  -8.2135909084197986E-033  -4.1439026061605122E-035  -3.6880549812291490E-035  -4.6732476595157695E-033  -1.2320670193469650E-035  -8.5422512690639019E-033   1.0736086242442262E-018  -3.5007084713188456E-034   7.3654311754594838E-034   1.2370770387510924E-035
   9.4425445858479847E-018   6.5992507631182582E-018  -9.6395645654442140E-034   6.1172892746428775E-033  -5.5428125607072265E-034  -5.1227735000771786E-032   2.6691637872188787E-034   1.2621169917787885E-034  -5.1985313999992365E-032   7.6062459141836930E-035  -5.1769518769911352E-032   4.6765963426665285E-018   2.7364640923294700E-033  -4.7300145832480059E-033  -2.5848915104550448E-034  -1.2400348082463144E-033   1.9957907724135204E-034   1.5795962589991963E-034  -5.1176273663440564E-034   1.5067989262374301E-039  -5.1172209756791503E-034   5.2011665837587863E-034   1.5795757013053946E-034   1.9958014934297537E-034   3.9714541287494940E-034  -1.6344260505109820E-032  -8.2459699366645482E-035  -7.3388767522601175E-035  -9.2993159756376621E-033  -2.4516955553895673E-035  -1.6998263195524312E-032   2.1363785012950082E-018  -6.9660751120471601E-034   1.4656503739523018E-033   2.4616650149340853E-035
  -3.8860176534585498E-016  -2.7158786206328866E-016   3.9670999413772605E-032  -2.5175305127182560E-031   2.2811083670181820E-032   2.1082440305132855E-030  -1.0984769521396283E-032  -5.1941601823444446E-033   2.1394217002409236E-030  -3.1303009088635775E-033   2.1305407882578994E-030  -1.9246227307138279E-016  -1.1261739538710125E-031   1.9466066593073378E-031   1.0637952461414147E-032   5.1032823959025175E-032  -8.2135467867765634E-033  -6.5007254051072178E-033   2.1061261727311849E-032  -6.2011327289329337E-038   2.1059589253029450E-032  -2.1405061929342454E-032  -6.5006408012588569E-033  -8.2135909084197986E-033  -1.6344260505109820E-032   6.7263738368547244E-031   3.3935751589452746E-033   3.0202668736753682E-033   3.8270728528597965E-031   1.0089793193488132E-033   6.9955243796193439E-031  -8.7921264178560003E-017   2.8668427895278471E-032  -6.0317885451268790E-032  -1.0130821854177225E-033
  -1.9605649783756678E-018  -1.3702090376231611E-018   2.0014724338316449E-034  -1.2701388916323406E-033   1.1508597168299663E-034   1.0636465864778652E-032  -5.5420114728533653E-035  -2.6205461358402735E-035   1.0793762750244340E-032  -1.5792924482042408E-035   1.0748956970748052E-032  -9.7100637694350179E-019  -5.6817477696049610E-034   9.8209765967331313E-034   5.3670361015760302E-035   2.5746966772687793E-034  -4.1438803460072581E-035  -3.2797315143298618E-035   1.0625780895828314E-034  -3.1285816840756465E-040   1.0624937102825372E-034  -1.0799234208645817E-034  -3.2796888301845689E-035  -4.1439026061605122E-035  -8.2459699366645482E-035   3.3935751589452746E-033   1.7121189869511521E-035   1.5237783216465911E-035   1.9308262787564315E-033   5.0904800076243461E-036   3.5293663917991639E-033  -4.4357840538780381E-019   1.4463731441504774E-034  -3.0431445333292331E-034  -5.1111796962078764E-036
  -1.7448941545518853E-018  -1.2194799798187042E-018   1.7813016088775581E-034  -1.1304179927331232E-033   1.0242600550120937E-034   9.4664075494807237E-033  -4.9323656854531397E-035  -2.3322744640423050E-035   9.6064010814501098E-033  -1.4055632899668632E-035   9.5665241359800415E-033  -8.6419137842860709E-019  -5.0567303711788825E-034   8.7406257097523928E-034   4.7766383793450195E-035   2.2914686488139558E-034  -3.6880351697912623E-035  -2.9189465337665661E-035   9.4568979743997386E-035  -2.7844238537324672E-040   9.4561470023612042E-035  -9.6112706552142614E-035  -2.9189085450661481E-035  -3.6880549812291490E-035  -7.3388767522601175E-035   3.0202668736753682E-033   1.5237783216465911E-035   1.3561559630004548E-035   1.7184268434951654E-033   4.5305046795878202E-036   3.1411204699904733E-033  -3.9478281780177658E-019   1.2872656975745565E-034  -2.7083851676581615E-034  -4.5489273108236238E-036
  -2.2110089370589276E-016  -1.5452405103827292E-016   2.2571419398428702E-032  -1.4323873330798239E-031   1.2978713520223831E-032   1.1995175546403958E-030  -6.2499519428904113E-033  -2.9552965549341124E-033   1.2172565647406531E-030  -1.7810323838908100E-033   1.2122036345908828E-030  -1.0950434191382967E-016  -6.4075382531412801E-032   1.1075515101781447E-031   6.0526250937798462E-033   2.9035902540570682E-032  -4.6732225558347753E-033  -3.6986867404644917E-033   1.1983125671953498E-032  -3.5282289238590501E-038   1.1982174092234839E-032  -1.2178736033778747E-032  -3.6986386038162526E-033  -4.6732476595157695E-033  -9.2993159756376621E-033   3.8270728528597965E-031   1.9308262787564315E-033   1.7184268434951654E-033   2.1774713948913028E-031   5.7407415285476015E-034   3.9802101539570269E-031  -5.0024142500563306E-017   1.6311338738123484E-032  -3.4318779709752150E-032  -5.7640854100089753E-034
  -5.8291607663565600E-019  -4.0739117815097855E-019   5.9507870001338369E-035  -3.7763827654725051E-034   3.4217413770613737E-035   3.1624388987620824E-033  -1.6477533874454783E-035  -7.7914197641759710E-036   3.2092064807366577E-033  -4.6955595347329469E-036   3.1958848058711729E-033  -2.8870006038007154E-019  -1.6892998471468656E-034   2.9199772563729498E-034   1.5957296299787120E-035   7.6550999441182462E-035  -1.2320604009480120E-035  -9.7513127483049255E-036   3.1592620389037240E-035  -9.3019133812463036E-041   3.1590111619819216E-035  -3.2108332572526328E-035  -9.7511858396087942E-036  -1.2320670193469650E-035  -2.4516955553895673E-035   1.0089793193488132E-033   5.0904800076243461E-036   4.5305046795878202E-036   5.7407415285476015E-034   1.5135038455573460E-036   1.0493528308466510E-033  -1.3188493449637364E-019   4.3003632516066683E-035  -9.0478912536385245E-035  -1.5196582864403451E-036
  -4.0415135842512309E-016  -2.8245523611289960E-016   4.1258403159566285E-032  -2.6182675101494686E-031   2.3723851187984469E-032   2.1926037522379190E-030  -1.1424316408104939E-032  -5.4020004044600350E-033   2.2250289718241974E-030  -3.2555574302928383E-033   2.2157926971541666E-030  -2.0016349909825755E-016  -1.1712369162164857E-031   2.0244985891360231E-031   1.1063621737065450E-032   5.3074862150855094E-032  -8.5422053819279186E-033  -6.7608468038855095E-033   2.1904011500474080E-032  -6.4492661631174644E-038   2.1902272103452656E-032  -2.2261568596371053E-032  -6.7607588146809001E-033  -8.5422512690639019E-033  -1.6998263195524312E-032   6.9955243796193439E-031   3.5293663917991639E-033   3.1411204699904733E-033   3.9802101539570269E-031   1.0493528308466510E-033   7.2754447690245961E-031  -9.1439364205137827E-017   2.9815572421493308E-032  -6.2731458053890359E-032  -1.0536198698646294E-033
   5.0794617278072683E-002   3.5499585285200738E-002  -5.1854453889776155E-018   3.2906952639698781E-017  -2.9816649538216979E-018  -2.7557118420034979E-016   1.4358328074772687E-018   6.7893510032919477E-019  -2.7964645596353410E-016   4.0916550260500369E-019  -2.7848562097644524E-016   2.5156981704465842E-002   1.4720359009306319E-017  -2.5444336353558078E-017  -1.3904999207066171E-018  -6.6705635248746085E-018   1.0736028570496798E-018   8.4971785624387463E-019  -2.7529435639079147E-018   8.1055772707656988E-024  -2.7527249527263463E-018   2.7978821134451934E-018   8.4970679757023762E-019   1.0736086242442262E-018   2.1363785012950082E-018  -8.7921264178560003E-017  -4.4357840538780381E-019  -3.9478281780177658E-019  -5.0024142500563306E-017  -1.3188493449637364E-019  -9.1439364205137827E-017   1.1492297160769736E-002  -3.7472856604464351E-018   7.8842253940689834E-018   1.3242122519368419E-019
  -1.6562566934288852E-017  -1.1575326066674561E-017   1.6908147150488775E-033  -1.0729948071363130E-032   9.7222950028237596E-034   8.9855312000742682E-032  -4.6818104465876337E-034  -2.2137991475909145E-034   9.1184133143023341E-032  -1.3341632218622454E-034   9.0805620454010066E-032  -8.2029202240837355E-018  -4.7998576316401506E-033   8.2966177626125621E-033   4.5339938054358604E-034   2.1750661938318183E-033  -3.5006896662661027E-034  -2.7706693392835030E-034   8.9765046941750661E-034  -2.6429801676261609E-039   8.9757918701552517E-034  -9.1230355225434369E-034  -2.7706332803402267E-034  -3.5007084713188456E-034  -6.9660751120471601E-034   2.8668427895278471E-032   1.4463731441504774E-034   1.2872656975745565E-034   1.6311338738123484E-032   4.3003632516066683E-035   2.9815572421493308E-032  -3.7472856604464351E-018   1.2218749327960252E-033  -2.5708041090144854E-033  -4.3178500465594019E-035
   3.4847359568186843E-017   2.4354289474859947E-017  -3.5574454474510766E-033   2.2575628528731956E-032  -2.0455543584248925E-033  -1.8905405054810969E-031   9.8504496742332916E-034   4.6577958123227674E-034  -1.9184986766574486E-031   2.8070567623568999E-034  -1.9105348339587302E-031   1.7258804851439611E-017   1.0098818946934678E-032  -1.7455942881355039E-032  -9.5394459714368657E-034  -4.5763023353674008E-033   7.3653916099478558E-034   5.8294412390073461E-034  -1.8886413439685015E-033   5.5607853902273216E-039  -1.8884913670052333E-033   1.9194711814220530E-033   5.8293653716030372E-034   7.3654311754594838E-034   1.4656503739523018E-033  -6.0317885451268790E-032  -3.0431445333292331E-034  -2.7083851676581615E-034  -3.4318779709752150E-032  -9.0478912536385245E-035  -6.2731458053890359E-032   7.8842253940689834E-018  -2.5708041090144854E-033   5.4089281885849498E-033   9.0846831732624992E-035
   5.8528641916496941E-019   4.0904777448507124E-019  -5.9749850006259707E-035   3.7917388708103929E-034  -3.4356553853302334E-035  -3.1752984916238102E-033   1.6544537343541181E-035   7.8231024272058703E-036  -3.2222562470950363E-033   4.7146533372719647E-036  -3.2088804015971719E-033   2.8987401673290333E-019   1.6961691366260052E-034  -2.9318509146109513E-034  -1.6022184299257892E-035  -7.6862282826406868E-035   1.2370703934393929E-035   9.7909650280247549E-036  -3.1721087135318782E-035   9.3397382445076029E-041  -3.1718568164559554E-035   3.2238896386585565E-035   9.7908376032730682E-036   1.2370770387510924E-035   2.4616650149340853E-035  -1.0130821854177225E-033  -5.1111796962078764E-036  -4.5489273108236238E-036  -5.7640854100089753E-034  -1.5196582864403451E-036  -1.0536198698646294E-033   1.3242122519368419E-019  -4.3178500465594019E-035   9.0846831732624992E-035   1.5258377534524111E-036
