 3.2597494936346004E-007  1.6973593019146424E-018  3.7272096657097816E-018  5.7308794374030696E-016  1.3618563447881365E-015 -4.6122375947327555E-018  5.8976483575100210E-017 -7.2283239434950578E-017 -1.3853897917478899E-017 -2.1616837038352124E-017  2.0165823601681633E-017 -4.8334008392362912E-006 -3.0961120248933222E-017 -1.8750133078653220E-017  8.5536593827600245E-016 -2.0727669949980598E-017  2.4779669071168019E-016 -2.9162827703125543E-016 -5.0988103095870658E-017 -7.9463680695133880E-017  6.8513762698374165E-017  7.0219657029217467E-018 -8.4188155590309141E-021 -4.9169225885662884E-018 -1.6350118707732832E-015  6.0655655650684455E-018  1.5994610552256633E-015  9.8728161603773937E-019  1.0999464629884150E-018 -9.0631342161806218E-020  2.6146100973992016E-018 -1.1153546568865721E-004 -7.0728378882085375E-016 -3.0856055015758855E-016 -3.7045848866527668E-017  4.4517336344011944E-016 -5.3073561931735007E-016 -9.8786500200810202E-017 -1.5081272759828056E-016  1.3187476494564250E-016  3.5731766338845655E-016 -9.8279381655495355E-019  4.6073061304792411E-018  1.1708270129322501E-015 -6.9430015114541163E-018 -1.6631677785142657E-015  1.0472032821625951E-018 -1.1236736171832353E-018  1.0132813783705533E-018 -2.7040348939387748E-018 -1.6251282463272734E-015 -4.0169883325215535E-004 -2.5298423754857889E-015 -1.1630101178980439E-015 -5.9073325319446225E-017  7.4721488485225796E-016 -8.8603424033862155E-016 -1.5891101236167949E-016 -2.4816519280914594E-016  2.1966913439521980E-016  4.2014705852869993E-019 -1.5050255386173780E-019  2.6698072104095135E-020  3.8372725824899890E-019 -1.0451386906179588E-019  2.2724822114617548E-019 -2.1209323671124466E-019  1.4761343642967288E-019  1.0301133051403655E-019  2.0452302964461252E-020  4.9241493289009659E-019  3.0887235658367384E-019  3.2022654172335118E-019 -1.2021815559697793E-019  5.6655787576968325E-019 -2.6465862806782513E-015 -1.3799239317390668E-016  5.0750102153259530E-019 -2.1551990038007919E-018 -4.0140769470819056E-016  2.4791285425445999E-018  6.0685629155013894E-016 -4.4391039403474944E-019  3.0784346484361321E-019 -6.2468564975818258E-019  1.3948464797596050E-018 -3.3878136496844248E-004 -2.1344690230505243E-015 -9.7228540323068883E-016  2.1396376506662078E-015 -5.1020579793617769E-016
 1.6973593019146424E-018  3.2597495007219295E-007 -1.3602361585046020E-018 -6.3219706851231762E-016 -1.5037169479340868E-015 -9.1550099736572434E-017  4.3655565907065204E-017 -3.7414683731798737E-017 -2.7584474253705873E-017 -1.1494213129530710E-016  1.1076686431527641E-016  1.7846082267792775E-018 -4.8334008454519418E-006  7.7526682073088193E-018 -9.9739185856746694E-016 -3.6815115981506740E-016  1.7802933033680390E-016 -1.5194004280275543E-016 -1.0460113212969986E-016 -4.7289435340734760E-016  4.5678110377290704E-016  1.5409010672575332E-018  6.2887854899535955E-016 -3.0774925644059937E-018 -2.2817401624023184E-019 -3.7347481886410728E-018  1.4761580144185866E-018 -2.1808432220715732E-015  8.2553709307811906E-018  2.2604218700631840E-015 -4.0499560127024308E-018  1.1231242941378632E-016 -1.1153546580712828E-004  7.4438884028505320E-017 -6.6242377397384040E-016  3.2377342679387020E-016 -2.7693320784747263E-016 -1.8301976664611325E-016 -8.5330499872516732E-016  8.3572687572924042E-016  3.5826511194064527E-018 -2.2000436745383017E-016  3.1818502828013545E-018  8.3199017260755580E-019  3.3143751074367521E-018  1.3432441895153880E-018  1.6966701549043321E-015 -9.1264793074382086E-018 -2.0770753550867758E-015  4.7018855528840454E-018  1.9091291250661509E-016  4.4496330675749328E-016 -4.0169883369146306E-004  3.5297929031480392E-016 -1.0995144085714169E-015  5.4120852799632036E-016 -4.6258495970732492E-016 -2.9994865664328026E-016 -1.4304149418215566E-015  1.4045109107923177E-015  9.4258216189849483E-019  2.1131043069044047E-019 -3.9192673696995664E-020  3.0539789099606721E-019  6.2578432438631053E-021  3.9718057222078458E-019  1.9127132601620135E-020  1.9841976051092968E-021  7.5600648079090928E-020 -1.1378016605911096E-019  1.0734957485298403E-018  8.0264766678969922E-020  4.2514129534789003E-019  5.7414539908892124E-020  9.5588454283257152E-019  2.8723163531616839E-016 -1.4636920705041384E-018  1.0271457035133777E-016 -1.4828169359850633E-018 -5.6812311257755328E-020 -1.4388279973495140E-018 -6.4016009706422764E-019 -6.0654043687202186E-016  2.9563317470644087E-018  7.4028586413504123E-016 -2.1519422716039476E-018  3.7273645952384219E-016 -3.3878136533604703E-004  2.8395127152699384E-016  7.9314503061401027E-017 -3.6830824707353162E-017
 3.7272096657097816E-018 -1.3602361585046020E-018  3.2597494933104060E-007 -1.0830323414387276E-015 -2.5429173796370045E-015  9.5597188891596777E-017 -1.2000349696142197E-016 -2.7032950315785440E-017 -9.6798978496089515E-017  1.5391372430952947E-018 -7.0518288696651356E-018 -4.1969000228782983E-017  1.9053072051280354E-017 -4.8334008379347353E-006 -1.6651783319781185E-015  3.9352666099824255E-016 -4.9423626083134196E-016 -1.0672190914655527E-016 -3.9135545362388830E-016 -4.8951419819509717E-018 -2.6702180007822758E-017  1.4916492352384381E-018 -1.8772186657794695E-018 -6.2989024676410550E-016  1.3806163396242221E-018 -3.1968007882409292E-019 -5.9784273407896417E-018 -5.9656172116699417E-018 -2.2297290217661931E-015  8.6339190092599250E-018  2.1224713622125573E-015 -9.4310342413185843E-016  3.5266786596004472E-016 -1.1153546568886355E-004  7.2338336732669211E-016 -8.9019296028986421E-016 -1.9742813359988448E-016 -6.9825293921360884E-016 -2.1367920668745894E-018 -4.1964069357580283E-017 -3.6159394682828174E-018  1.7826416572641606E-018  8.9226885233229489E-016 -2.3325416304877494E-018 -9.8693261189296184E-019  4.2838258585487432E-018  6.1324010482984551E-018  1.8650847939902327E-015 -1.0103160075934421E-017 -2.0496625844189233E-015  1.2763531129722454E-015 -3.4469362043473957E-015  1.3537219686506066E-015 -4.0169883322762343E-004  1.2190310805904525E-015 -1.4921969043297933E-015 -3.2790275430074547E-016 -1.1609414843483751E-015 -7.1327057152905597E-018 -5.7427596551415289E-017  3.1187531408677009E-019  6.3338435477572583E-020 -2.1496248619257811E-021  4.4239778630738074E-019  6.0998820532790624E-020  2.8257449022704748E-019  4.2561597321452063E-021 -1.2163776224852337E-019  8.8629169296937095E-020 -9.9644553896309585E-021  1.5453146002131282E-019 -1.8694900111099060E-019  3.4591203223915879E-020  5.9732140468333557E-020  6.7421194261929401E-020  2.0288192883338447E-015  1.2402757030652030E-018 -1.0027840980912668E-018 -3.2680906839733096E-016  6.0956771068123140E-019  5.4791414916665881E-019 -2.2407245770081847E-018 -2.8125027901016282E-018 -6.9582197603617351E-016  3.4300731100536309E-018  7.7791221301785430E-016 -2.8995225274594551E-015  1.1282492446103929E-015 -3.3878136495186796E-004 -1.2994003600906582E-015  2.9001644813519043E-016
 5.7308794374030696E-016 -6.3219706851231762E-016 -1.0830323414387276E-015  1.2081781670108981E-001  2.8881852460238638E-001  2.2192520502768161E-012 -3.3403473502502665E-015  9.9836501348270805E-014  4.0452716926729742E-011 -1.6715378517879838E-013 -4.2445712669221795E-011 -9.7598252116679970E-016  6.6235624803609692E-016  1.8631073244932927E-015  1.8784580077104715E-001 -1.0276291196011575E-011  1.2821937635990928E-014 -2.3765261137284847E-013 -1.0291246536062962E-010  4.7450725461750362E-013  1.1355787204001111E-010  8.3903141794067500E-018 -8.4905273348684760E-017 -1.1334896360648985E-016  2.7180580477364621E-016  2.9071489483982897E-017  3.6314322969420668E-016  1.6922186770759809E-017 -2.1686269648536032E-016  3.6418812749981546E-016 -6.5119691565259384E-016 -4.5062359511433265E-015 -3.5853166302268175E-015  2.3124101193961818E-015 -1.0700576472870432E-011  1.7377287009038592E-014 -1.0004414172253120E-013 -4.9354841608994807E-011  2.8011720452443422E-013  6.0271241405105011E-011  9.8000428585860012E-016  1.6889598269815289E-016 -2.9137887952604050E-016  3.0225158819843688E-016 -3.5438294956625323E-017  2.1760368007055848E-016  6.8224317727244354E-016 -1.1009804600531669E-016 -1.2711396567466233E-017 -1.2575441965286209E-016 -1.4511153300987428E-001 -7.2463783694606774E-015 -5.8933292979888843E-015  7.2520617613450459E-015 -2.0202828300021872E-011  2.8366985121905096E-014 -2.9599064367439588E-013 -1.3662805178406340E-010  6.8904591942921832E-013  1.5688738951599780E-010  7.4971204446651804E-015 -1.4605312899522998E-017 -5.7477641138155244E-017  8.4142872910040450E-015  1.6584278691667017E-017  3.3582280368453430E-015 -2.3217495560697753E-017 -2.9066897842671601E-017 -4.1827673258209122E-018 -8.1689830555766296E-017  6.5914900651909171E-015  6.0846229494346957E-017 -2.1923337309237289E-015  5.5252021894315953E-017  1.9795149166097243E-015 -2.3056587273300269E-001 -6.3891576315089821E-016 -1.3415928411868494E-016  4.4619763564560721E-017 -2.5696311180781540E-016  9.6880549530837384E-018 -2.3815611870956015E-016 -3.2855229240682050E-016  1.5125409147947773E-017 -6.3617437395626866E-017  7.8610138419189746E-018 -6.8638110761559964E-015 -5.5266565844748912E-015  6.2824878895365943E-015  1.4815435362810056E-001 -3.3128464675567397E-002
 1.3618563447881365E-015 -1.5037169479340868E-015 -2.5429173796370045E-015  2.8881852460238638E-001  6.9084737995717083E-001  1.1262540190071136E-011 -1.5412522254974291E-014  3.3773874088491385E-013  1.4326429595431616E-010 -6.2641456811831418E-013 -1.5398933037197797E-010 -1.8348684554990173E-015  1.6572422699942558E-015  3.7722222267921926E-015  4.4833354884566817E-001 -2.0136193703632061E-013  1.3696539313335999E-015 -1.6270401357105445E-013 -5.5362361202953470E-011  2.0557304421125290E-013  5.6454358740165921E-011  2.4742378617807274E-021 -1.9797784216629792E-016 -2.8927484930629360E-016  6.3253100502736890E-016  1.0946243518310804E-016  8.2207501222180736E-016 -7.5295305327339231E-018 -4.6641033796326040E-016  8.6900888344712435E-016 -1.5955721846160070E-015  1.1073027842871876E-015 -5.6579513695393519E-015 -1.0039269668855025E-014  1.8401819958698652E-011 -1.1961703597983700E-014  4.9363571169023810E-013  2.2658594828998233E-010 -1.0083318960319943E-012 -2.4446317323364863E-010  2.2440589300168696E-015  3.9392199380693331E-016 -6.7346646815114139E-016  7.4718743146719716E-016 -1.2831566667203878E-016  5.6385693190801917E-016  1.6297290800405663E-015 -3.1904859901351936E-016 -5.5122449487216548E-017 -3.0863278949002947E-016 -3.6176331368715342E-001  2.4868528755824779E-014 -4.3525162990775154E-015 -3.9084978813216691E-014  2.5476954031995616E-011 -2.1699436192163076E-014  5.2028145753163418E-013  2.5070905611281263E-010 -1.1649606105861554E-012 -2.7604722938619131E-010  1.7731324600289725E-014 -3.2621887897694962E-017 -1.4041537270984727E-016  2.0413690960061458E-014  4.6618505499689486E-017  8.2468947775551435E-015 -5.2345744125288920E-017 -7.4816863341997022E-017 -8.6534647916592353E-018 -1.9872604542641649E-016  1.5764651900777153E-014  1.4092721638971536E-016 -5.3792814908073248E-015  1.2970633551443332E-016  5.3051654647182633E-015 -5.7632744599141672E-001 -1.4526983151453516E-015 -3.2397525243623421E-016  8.2963606280503242E-017 -6.3366316446797401E-016  3.9088289449252319E-017 -5.9274902967184628E-016 -7.6628223858292043E-016  6.7093614742383160E-017 -1.3457310397289927E-016  3.0097599012404904E-017  1.9213467018790324E-014 -4.8870252137387725E-015 -3.2539687597768217E-014  3.7728449241835871E-001 -8.4871096953276173E-002
-4.6122375947327555E-018 -9.1550099736572434E-017  9.5597188891596777E-017  2.2192520502768161E-012  1.1262540190071136E-011  4.3645800195607973E-003  8.3873880043730250E-016  2.6972510637651507E-015 -2.1822900092756219E-003 -2.1002080358109563E-015 -2.1822900102894957E-003  4.7351721289201906E-017  1.4535898327249248E-016  3.6400850787287619E-017  5.6961598032361286E-012  1.7891324663181503E-002  1.8019440101050343E-016  5.6323218609702836E-015 -8.9456623309531209E-003 -3.7448342954950313E-015 -8.9456623322379178E-003 -3.7537933707816709E-017  2.1248099210022102E-017  1.2234330165737332E-017  2.7251336337043580E-017  1.0894502663109130E-017 -1.6899676002551733E-017 -3.6871603953200138E-017  5.9008421367101185E-018 -3.8672502409824060E-017 -2.1289699715704694E-017 -5.0309173345655161E-017  1.0206500202955782E-015  7.3803711397911882E-016  3.2362810097876733E-002  2.8818093742329932E-015  1.3080248692101829E-014 -1.6181405046447172E-002 -1.1247079661274297E-014 -1.6181405051439654E-002 -6.9895993350135377E-018 -3.8132381804931537E-017  9.7551227163030575E-020 -7.2113470937963718E-018 -2.0413933303292569E-017 -3.8737573173039791E-018 -1.3403256238622369E-017  3.8000351510340017E-017  1.5471318765388299E-017  1.4822298682810851E-017 -6.8062682999118670E-012 -2.3609418023900675E-016  3.4188392804529386E-015  3.3258446448555264E-015  5.4189191169442152E-002  3.5310296349261892E-015  1.7708924604040040E-014 -2.7094595582008208E-002 -1.3175224800322499E-014 -2.7094595587430048E-002 -1.6056766879391174E-014  1.4728620874838211E-017 -2.5193156009588690E-017  7.8335077722585444E-015  8.9644368239851396E-017  2.4493706526491719E-014 -3.5337298737929797E-017 -1.7379556067299625E-017 -2.0348326177439739E-017 -2.5882376003212830E-017 -1.6959391040114891E-015 -2.9109548960071688E-017 -3.6327627673477366E-015 -4.5795047769532303E-017 -9.1303896887141493E-015 -6.9101819768845471E-012 -3.5876077330377151E-017  2.1029470186278828E-017  1.4428189139210012E-017 -4.9565207305884659E-018  1.1828204936800406E-018 -1.9427418968219324E-017 -5.2399806804367574E-018 -5.2201218697874602E-018  4.8522548481333519E-019  1.0279651330383791E-018 -2.1963629056098809E-016  2.9066667852384124E-015  2.7614719081549663E-015  5.2114960764966241E-012 -1.1604655044046197E-012
 5.8976483575100210E-017  4.3655565907065204E-017 -1.2000349696142197E-016 -3.3403473502502665E-015 -1.5412522254974291E-014  8.3873880043730250E-016  4.3645800201466082E-003  3.3219954564390090E-016 -2.9831823009525052E-016  2.2356248797682039E-016 -5.8580798379878801E-016 -2.4847433789937263E-017 -3.5344845907374870E-017  1.0938191538501308E-016 -1.2578733690828518E-014  2.0014372104885007E-015  1.7891324664250259E-002 -6.4314872871169098E-016 -3.0249240326156087E-016  1.8561541192837995E-015 -4.0457004362087553E-016  1.6674931022705777E-017  7.0745214940765053E-017  2.0615906533421977E-017  4.5678878796859782E-017  1.5306198729835131E-017 -3.2907259645887916E-017 -3.3454307742811320E-017  2.1593725450398643E-017  2.7104776418354392E-017 -1.7442673943203341E-018  3.8618351872515074E-016 -1.3745044362029324E-016 -7.7211211088123412E-018  4.8576594133681910E-015  3.2362810100215356E-002  1.7360245185805305E-015 -1.3014762890725669E-015  1.5352302762460524E-015 -2.5168669217595925E-015  1.0373574262542359E-017 -2.9455648334611969E-017 -3.6084215799838149E-017 -1.3351225309594889E-017 -2.2185650862893218E-017  2.0923288976871801E-017  1.0159699608076309E-016 -2.0815042487847694E-017 -1.1987069158062931E-017 -3.0273604970891662E-017  2.2193434096709505E-014  1.4395658098749557E-015  3.9497656312752157E-017 -3.0202399269532639E-016  6.6327152101297805E-015  5.4189191172888729E-002  1.0139458717090896E-015 -2.5561150413299531E-015  3.8597597340487792E-015 -4.1201850961357519E-015 -2.4140513757312777E-017 -1.4547436753466142E-014 -2.6378125281494751E-017  1.8863776342754574E-017  3.5389749967126580E-018 -1.0880185598125883E-017  5.3004006079650534E-015  1.3493126225937546E-016  1.5142004966917033E-014 -1.8924448789120446E-017 -3.8858057784678715E-017 -3.7575111137812435E-018 -3.0538045406798288E-017 -8.0604854718004411E-018 -1.1624596424213533E-017  1.7896394445275161E-014  1.1942318288907466E-017  3.3134177789488604E-018  2.0824689766721383E-017  2.1040622779087788E-017  6.6767878596054381E-018 -1.5170935831916677E-017 -5.7987369170826317E-017  1.8114014012423598E-017 -1.0999889958948347E-017  1.9919403074544023E-017  1.2073069126579691E-015 -3.3982809122894467E-018 -2.3360468817210154E-016 -1.7178695568018661E-014  4.0168143297562111E-015
-7.2283239434950578E-017 -3.7414683731798737E-017 -2.7032950315785440E-017  9.9836501348270805E-014  3.3773874088491385E-013  2.6972510637651507E-015  3.3219954564390090E-016  4.3645800200938240E-003 -1.0434903322947513E-015  1.3118846072516614E-017 -6.9252063764169277E-016  7.3866198736349489E-017  5.0361199986085067E-017  1.8131139001866852E-016  1.5721808153735728E-013  3.9520253372565513E-015 -1.0950441942265711E-016  1.7891324663722095E-002 -2.6189988274176445E-015  3.0270924679487439E-016 -1.2215163160708801E-015  3.4929754918130329E-017 -9.4148300713588349E-017 -6.5821998833937993E-017 -5.1112285845370734E-018 -3.3597074264587142E-017  3.3066400521043381E-017 -1.7294100764800795E-016 -2.0040233496643906E-017 -1.9706163134340771E-017 -7.4564749990872909E-017  2.1195492090131396E-016  6.8040268088173181E-016  4.5037199181371132E-016  1.0152469148063034E-014  2.6857856216744028E-015  3.2362810100453950E-002 -5.5224921603614355E-015  3.7036346198414589E-016 -4.6548594273817290E-015  6.8501101877893369E-018 -9.7006312834695793E-017 -1.9785035661762376E-017  3.6999024830608927E-017  4.0630253192870680E-018 -1.3882405788023901E-017 -1.8054107204590953E-016 -8.2115926385966966E-017 -1.0309534862812597E-016 -1.0056400565581853E-016 -1.3843554680066231E-013  1.0703790226178675E-015 -5.1663464179247522E-017  5.7115289691109501E-016  1.2961420137197770E-014  2.5725949148614407E-015  5.4189191172450968E-002 -7.3946925080813228E-015  7.9276862851341796E-016 -4.6194601909740913E-015  8.3268642994370975E-017 -5.3338644146592140E-017 -2.2256562918993144E-014  4.4093761826754481E-017  3.8712302701837449E-017  4.5078075674454854E-017 -6.8107962646755796E-017 -1.0348212816833109E-015  1.2026324210310622E-016  2.5641047434153398E-014  8.6634807505562615E-017  6.3270125235906529E-017  4.7610323317347537E-017  3.5298405287271556E-017  9.9799994830270823E-017 -2.5569142280248420E-013  2.5928633825489961E-017 -3.6198429241234866E-018  1.1295775133940392E-017 -1.4412169044561655E-018 -2.9831854900518198E-018  2.4003774983853090E-017  2.5075558664910289E-017  2.9147710951675876E-017  1.1369939339583349E-017  6.0550294526766806E-017  8.8324499884749987E-016  1.4896756495869727E-016  5.7926133041960362E-016  1.6377913940890252E-013 -3.6884729767839659E-014
-1.3853897917478899E-017 -2.7584474253705873E-017 -9.6798978496089515E-017  4.0452716926729742E-011  1.4326429595431616E-010 -2.1822900092756219E-003 -2.9831823009525052E-016 -1.0434903322947513E-015  4.3645800203584327E-003 -1.4160765460675881E-015 -2.1822900110838304E-003 -7.1018967502062681E-017  1.2709070252706129E-016  1.1870685091520012E-016  6.2958042986351180E-011 -8.9456623309656855E-003 -5.5511151900581172E-017 -1.3194741015730306E-015  1.7891324664568605E-002 -3.0977823494080924E-015 -8.9456623336183743E-003  3.2249133034757846E-017 -2.0805951956373284E-017  1.7850097642960070E-017 -2.4358666613605127E-017  3.0259567973249207E-018  2.5508386981794102E-017 -6.8592980651465275E-018  3.1266988268627148E-017 -1.7825835226760914E-018 -4.6392489983533387E-017  3.1980249485402591E-016  1.0744783093920270E-015  1.0903851456882753E-015 -1.6181405046462535E-002 -8.4090720774136186E-016 -3.2205141051453591E-015  3.2362810101173624E-002 -5.5762686700501680E-015 -1.6181405054723243E-002  2.3029477555478635E-018  1.4955156500932769E-017 -2.0029829543072774E-017  6.1826423954958956E-018  1.1953044840237283E-017  6.6766517135601491E-018  5.4902061309462769E-018  3.0983486398823308E-018  2.9166246737263866E-018  7.7212703632228905E-017 -5.4324828604016817E-011  1.2338344188597209E-015  4.1069046696579094E-015  4.1099096712370994E-015 -2.7094595582034357E-002 -1.0217521323725853E-015 -3.8111874822707574E-015  5.4189191174063019E-002 -6.8660355212120996E-015 -2.7094595592029164E-002  7.2842388714643913E-015 -4.3015787667002077E-017  3.1940197935824686E-017 -1.1334134603477062E-014 -6.4800597283577111E-017  4.3931255765215225E-016  5.8157845272873654E-019  2.1576080408646861E-017 -2.2058366664262619E-017  2.6972180132152539E-017 -1.4053434945992157E-015  9.1607575551820028E-017  1.6767040047064250E-014 -1.6475025560908061E-016 -5.9628461846712329E-015 -1.0751265566820018E-010 -1.0353984360818441E-017 -9.6363112244010950E-018 -2.0774423449805427E-017 -5.2594449787828066E-018  1.7970589097251294E-018 -1.2271794751196835E-017 -2.8534340095452872E-017 -2.1460450664019834E-017 -5.2098192704156070E-018 -8.3994668472894089E-017  1.0298587886729304E-015  3.4606975433665200E-015  3.4560731704419692E-015  6.7765835483632957E-011 -1.5245417523519262E-011
-2.1616837038352124E-017 -1.1494213129530710E-016  1.5391372430952947E-018 -1.6715378517879838E-013 -6.2641456811831418E-013 -2.1002080358109563E-015  2.2356248797682039E-016  1.3118846072516614E-017 -1.4160765460675881E-015  4.3645800202287569E-003  3.2676228131994971E-015  8.2186667607817176E-017  7.6111360649074957E-017  3.3345838778213030E-017 -2.7709707465939897E-013 -2.1948588749359241E-015 -2.2117724318408884E-016 -4.5883435914139058E-016 -3.9538683740869037E-015  1.7891324664076651E-002  5.2156628587843175E-015 -1.9424826592696280E-017  1.9828278212347575E-017 -3.0724237504926126E-017 -1.5105291080727269E-017  1.6847060344123370E-017 -3.4846035353904598E-017  1.4109737858279676E-016 -2.8062977817263449E-018 -6.0765529589857883E-018 -5.2451904617428650E-017  6.4263715415062562E-016 -5.8607536674992344E-016 -6.8415687766071653E-016 -9.4785290816820352E-015 -7.2858385989807059E-016 -1.0581813215818813E-016 -6.4791922290767960E-015  3.2362810100826700E-002  1.5131342414565278E-014 -4.4707775900125795E-017  1.0612838360168909E-016 -1.4983708713793990E-017 -2.7821095715865746E-017 -1.1822187323251352E-017  8.0662348196487349E-018  1.3265298247245012E-016 -3.6495941240727598E-017  1.1819724399749745E-016  2.1660024995336574E-018  2.5336128937731223E-013  1.8721548455518908E-015 -1.2251263721862664E-016 -2.5716387619829071E-015 -9.1732177511114750E-015 -7.9797279892716555E-016 -6.4705185651485531E-016 -7.9172779245668944E-015  5.4189191173328669E-002  1.7242934501053716E-014  7.3029791243342360E-017 -3.6569065142030717E-018 -3.5556202756530810E-017  3.3618092069091050E-017 -1.2304094376139313E-014  1.8070316008369740E-017 -5.7811933056076113E-018  1.3393250592198395E-017  5.8474464168025117E-018 -3.1532497351805531E-017  2.1310430649733952E-017 -7.4180910445736716E-015  2.3981203411976807E-016  2.0394516407430391E-014 -4.0815737024692569E-017  4.5613842594163851E-013 -3.8365445289184446E-018 -1.6304619271317763E-017  1.6914903498145015E-017  4.0618622586281210E-018  5.1341284860012960E-018 -6.0984367780308725E-019 -7.9323627209281156E-018  3.2314805088086137E-017 -2.8052805852522462E-017  3.7325628460669848E-017  1.6133418558360150E-015 -2.3935720444119245E-016 -2.1503490983998652E-015 -2.9329959195979187E-013  6.5865476744444889E-014
 2.0165823601681633E-017  1.1076686431527641E-016 -7.0518288696651356E-018 -4.2445712669221795E-011 -1.5398933037197797E-010 -2.1822900102894957E-003 -5.8580798379878801E-016 -6.9252063764169277E-016 -2.1822900110838304E-003  3.2676228131994971E-015  4.3645800213786678E-003 -1.5349168700190148E-018 -1.4837728390624631E-016 -3.2726989558633258E-017 -6.8296648831663392E-011 -8.9456623322335307E-003 -3.1056971158573165E-016 -3.7253180420622802E-016 -8.9456623336196667E-003  5.8234666032299710E-015  1.7891324665878183E-002  5.2888006732279719E-018 -4.4214726997742979E-019 -3.0084427792808575E-017 -2.8926697313623709E-018 -1.3920459460593245E-017 -8.6087109697287095E-018  4.3730902074917853E-017 -3.7167830349955459E-017  4.0455085875005871E-017  6.7682189644771544E-017 -8.5105795667334787E-016  7.6796405211210952E-016  9.9563272307196643E-016 -1.6181405051446229E-002 -2.3780348320390765E-015 -2.7317558240351474E-015 -1.6181405054734019E-002  1.4981614100655672E-014  3.2362810106202497E-002  4.6866515839698735E-018  2.3177225310006021E-017  1.9932278292544742E-017  1.0287047048252250E-018  8.4608884632638813E-018 -2.8028944050196470E-018  7.9130500652264259E-018 -4.1098700197048960E-017 -1.8387943385415174E-017 -9.2035002263567367E-017  6.0979035970652645E-011 -3.0922653653293436E-015  2.7857821837425743E-015  2.7351772753105202E-015 -2.7094595587461426E-002 -3.0723036907491094E-015 -1.9614301442508992E-015 -2.7094595592067481E-002  1.6957355662101223E-014  5.4189191179525517E-002  8.7725280079589590E-015  2.8287166792269043E-017 -6.7470419312117889E-018  3.5006268312313105E-015 -2.4843770955661929E-017 -2.4933019084175920E-014  3.4755720285111997E-017 -4.1965243415803486E-018  4.2406692841600357E-017 -1.0898041234001158E-018  3.1012825986268465E-015 -6.2498026591203545E-017 -1.3134277279730444E-014  2.1054530337780689E-016  1.5093235873403744E-014  1.1419351544145471E-010  4.6230061688753690E-017 -1.1393158964732907E-017  6.3462343191715158E-018  1.0215965706950765E-017 -2.9798794034837617E-018  3.1699213722442243E-017  3.3774320790801050E-017  2.6680572551163341E-017  4.7245937662576943E-018  8.2966703320236428E-017 -2.5766853868461855E-015  2.3290833812923902E-015  2.3603291952258781E-015 -7.2885955439539548E-011  1.6389534373630145E-011
-4.8334008392362912E-006  1.7846082267792775E-018 -4.1969000228782983E-017 -9.7598252116679970E-016 -1.8348684554990173E-015  4.7351721289201906E-017 -2.4847433789937263E-017  7.3866198736349489E-017 -7.1018967502062681E-017  8.2186667607817176E-017 -1.5349168700190148E-018  7.1667358851805086E-005  5.9441744393678702E-017  8.0867929540251604E-017 -1.6365073696731013E-015  2.2110766060532358E-016 -1.9140967909283678E-016  2.3346227035509433E-016 -3.7714963926584191E-016  2.0125446979951763E-016  2.0351985860438444E-016 -1.0411835322871227E-016  1.2483022761024673E-019  7.2905779428706827E-017  2.4243175016327634E-014 -8.9937308833034246E-017 -2.3716044505106124E-014 -1.4638940383916988E-017 -1.6309480827030453E-017  1.3438384365746805E-018 -3.8768189505443240E-017  1.6537946075821858E-003  1.2652975093043132E-015  2.5695591487910350E-017  3.9331638268292507E-016 -3.0093585196446395E-016  4.7007934662433024E-016 -5.8499348805715789E-016  4.6893684863439910E-016  2.5035827231524484E-016 -5.2981356311831673E-015  1.4572397238214581E-017 -6.8314934473373870E-017 -1.7360463673536522E-014  1.0294750991716542E-016  2.4660657366951708E-014 -1.5527429904959946E-017  1.6661295720625919E-017 -1.5024452431947997E-017  4.0094137675554341E-017  1.6329727275084131E-015  5.9561984181685269E-003  4.2980555518260334E-015  8.5955548234650555E-016  6.1473082985726240E-016 -5.3064716764141808E-016  7.4790595587508310E-016 -1.0759061735593594E-015  7.2055528306512248E-016  4.3619398281687829E-016 -6.2297398898221098E-018  2.2315799746325697E-018 -3.9586625509660725E-019 -5.6897244871435858E-018  1.5496817275122183E-018 -3.3695280732645724E-018  3.1448172034733544E-018 -2.1887415239532051E-018 -1.5274028000414912E-018 -3.0325698469681118E-019 -7.3012934101418734E-018 -4.5798117625883143E-018 -4.7481661981645537E-018  1.7825373849449152E-018 -8.4006495499889734E-018  2.1716221676318182E-015  2.0460852905334764E-015 -7.5249827185395368E-018  3.1956261331254098E-017  5.9518815549080722E-015 -3.6759333812412957E-017 -8.9981752113222901E-015  6.5820912277844372E-018 -4.5645558758352698E-018  9.2625404795582436E-018 -2.0682117287704168E-017  5.0232882525286368E-003  3.6377866672388970E-015  5.9804591834300326E-016 -1.6239785633381216E-015  3.7593365979255030E-016
-3.0961120248933222E-017 -4.8334008454519418E-006  1.9053072051280354E-017  6.6235624803609692E-016  1.6572422699942558E-015  1.4535898327249248E-016 -3.5344845907374870E-017  5.0361199986085067E-017  1.2709070252706129E-016  7.6111360649074957E-017 -1.4837728390624631E-016  5.9441744393678702E-017  7.1667358880311729E-005 -9.8407422669616978E-017  9.2509205630650299E-016  4.9010972886160236E-016 -1.3118604289567445E-016  1.8522946237913036E-016  3.9533201516310344E-016  3.3753767709032548E-016 -6.4862859506638462E-016 -2.2847744955961655E-017 -9.3247107169663635E-015  4.5631589666975983E-017  3.3832553459277982E-018  5.5377062097865339E-017 -2.1887765923745990E-017  3.2336501534932048E-014 -1.2240669666496591E-016 -3.3516455713611772E-014  6.0050813135015685E-017  3.1698238518971724E-016  1.6537946078698923E-003 -7.2194199807878161E-016  8.3451870024528529E-016 -2.6315871103895265E-016  3.6612753135989719E-016  6.2333807658078322E-016  5.7953357585675148E-016 -1.3137827113613597E-015 -5.3121839416680639E-017  3.2621196672288838E-015 -4.7178956065786804E-017 -1.2336352868773395E-017 -4.9143970856791384E-017 -1.9916983161380376E-017 -2.5157414578486844E-014  1.3532307555756397E-016  3.0797881171913404E-014 -6.9717312938300960E-017  1.0166620438628273E-015  5.4160935363621062E-016  5.9561984193919849E-003 -3.8587344316134417E-015  1.2540123101187717E-015 -4.2689929933048288E-016  5.9645144618086649E-016  9.4728545530856086E-016  9.9436728724152412E-016 -2.2761448083627388E-015 -1.3976158032755357E-017 -3.1332101279099337E-018  5.8113024630737109E-019 -4.5282940435391761E-018 -9.2788305755250611E-020 -5.8892038070293760E-018 -2.8360798464669267E-019 -2.9420734129442297E-020 -1.1209702940982193E-018  1.6870779479938651E-018 -1.5917282162926315E-017 -1.1901276160899722E-018 -6.3037920457136008E-018 -8.5131537910334826E-019 -1.4173399381353599E-017  1.1751209797025672E-015  2.1702926836307242E-017 -1.5230025836845370E-015  2.1986501204538663E-017  8.4238581993571154E-019  2.1334254234245500E-017  9.4919881119105795E-018  8.9934918610426065E-015 -4.3835074939825160E-017 -1.0976605167955359E-014  3.1907972044347198E-017  4.9433501092119338E-016  5.0232882535175393E-003 -3.0505956410691794E-015 -1.5735716289341434E-015  4.0927387691798270E-016
-1.8750133078653220E-017  7.7526682073088193E-018 -4.8334008379347353E-006  1.8631073244932927E-015  3.7722222267921926E-015  3.6400850787287619E-017  1.0938191538501308E-016  1.8131139001866852E-016  1.1870685091520012E-016  3.3345838778213030E-017 -3.2726989558633258E-017  8.0867929540251604E-017 -9.8407422669616978E-017  7.1667358820334980E-005  2.6159493322207136E-015  1.2469253865693561E-016  4.8273281481186382E-016  6.8256201753859465E-016  4.0588661419319610E-016  3.0282485060010604E-016 -1.6684560856635948E-016 -2.2117462332834276E-017  2.7834501647981544E-017  9.3397116949148821E-015 -2.0471119778414708E-017  4.7400635057894055E-018  8.8645265030877912E-017  8.8455322459516352E-017  3.3061356844410151E-014 -1.2801962693067918E-016 -3.1470991503068851E-014  1.4899106254295394E-015 -9.8084652338578804E-016  1.6537946073043814E-003  5.4281816230867569E-017  8.1671978012182007E-016  1.2996548509284473E-015  5.9107047527226940E-016  4.4815774230767017E-016 -3.9575110019956275E-016  5.3615423224235701E-017 -2.6432158958683571E-017 -1.3230136326046693E-014  3.4585813226397168E-017  1.4633765333210110E-017 -6.3518523731735579E-017 -9.0928313501665355E-017 -2.7654586417120192E-014  1.4980483163769255E-016  3.0391417725025714E-014 -1.9464354550848418E-015  6.1120813271698016E-015 -4.7717845371422153E-015  5.9561984167932390E-003 -2.4434662976885484E-017  1.3917517385647250E-015  2.1364937023702910E-015  8.6763438190286539E-016  8.0311671269190967E-016 -8.5301553412269430E-016 -4.6243381876838060E-018 -9.3915206038873375E-019  3.1873611754608072E-020 -6.5596630491241814E-018 -9.0446137326678310E-019 -4.1898795562503974E-018 -6.3108305493626713E-020  1.8035866350683230E-018 -1.3141509920079559E-018  1.4774818344823733E-019 -2.2913186739754465E-018  2.7719904871335815E-018 -5.1290184159516789E-019 -8.8567964593278943E-019 -9.9968926430884214E-019 -3.1124077314717380E-015 -1.8390215689174694E-017  1.4868803595732511E-017  4.8457687570099774E-015 -9.0383788824280727E-018 -8.1242092775101936E-018  3.3224393753247233E-017  4.1702447926761407E-017  1.0317315882488769E-014 -5.0859485636991649E-017 -1.1534510703832306E-014  5.0432748255335748E-015 -3.8250855004536652E-015  5.0232882514297736E-003  1.9701776365737065E-015 -4.3497818156661648E-016
 8.5536593827600245E-016 -9.9739185856746694E-016 -1.6651783319781185E-015  1.8784580077104715E-001  4.4833354884566817E-001  5.6961598032361286E-012 -1.2578733690828518E-014  1.5721808153735728E-013  6.2958042986351180E-011 -2.7709707465939897E-013 -6.8296648831663392E-011 -1.6365073696731013E-015  9.2509205630650299E-016  2.6159493322207136E-015  2.9329022877211908E-001 -6.6757595567393550E-012 -1.2335520032381768E-014 -3.6008370085809541E-013 -1.5938959252503123E-010  6.6538437597446363E-013  1.6662509081023369E-010  4.7440811642993471E-017 -1.4056895475744280E-016 -1.4482873465442692E-016  4.5214843267257964E-016 -2.3345389977654964E-017  6.4355426473618953E-016  1.0860435343223939E-016 -4.2637007313990903E-016  5.6896741589682808E-016 -9.4581161348818553E-016 -1.0409025359684600E-014 -1.0063743056491278E-014 -3.1605348292416881E-015  3.4232827850851851E-013 -3.0435217872897895E-014 -1.3759652793432250E-013 -7.5116716778524879E-011  3.0115553384909917E-013  7.5095089648186541E-011  1.6929237275316978E-015  2.7945423377826697E-016 -4.9262139611676006E-016  4.2766619378500669E-016  1.9677606061154655E-017  2.6343116827480031E-016  1.0627882824652816E-015 -7.5381190716992139E-017  2.2659907227682663E-017 -1.8177790637876266E-016 -2.0011412614622304E-001 -2.2503857147604387E-014 -2.4036366754626692E-014 -1.2446090316360251E-014 -3.1996834974449109E-012 -5.2224780073555576E-014 -4.3159377829808319E-013 -2.1034088071237669E-010  8.5065614138347648E-013  2.1362208993013063E-010  1.1983585876864590E-014 -2.6640026414645275E-017 -8.4197194760130280E-017  1.2569446513732228E-014  1.3825207859840749E-017  4.8458034272462011E-015 -4.1511643617148208E-017 -3.6048668867635623E-017 -8.8110590162840405E-018 -1.2110322599931871E-016  1.0235486990921665E-014  1.0236783789787989E-016 -3.1711663090138877E-015  8.9978771970075349E-017  2.0948462010643039E-015 -3.1534104820911374E-001 -1.1214053890121109E-015 -2.0299164686715122E-016  1.1002376003840885E-016 -3.6627509881231469E-016 -1.2256209233424470E-017 -3.3009754976159275E-016 -5.4364069431369137E-016 -2.9540830937945564E-017 -1.2893612759259199E-016 -7.1678774239914719E-018 -2.0215416051265823E-014 -2.1331884345750667E-014 -1.0282552932841959E-014  1.9070038266678196E-001 -4.1771935252984949E-002
-2.0727669949980598E-017 -3.6815115981506740E-016  3.9352666099824255E-016 -1.0276291196011575E-011 -2.0136193703632061E-013  1.7891324663181503E-002  2.0014372104885007E-015  3.9520253372565513E-015 -8.9456623309656855E-003 -2.1948588749359241E-015 -8.9456623322335307E-003  2.2110766060532358E-016  4.9010972886160236E-016  1.2469253865693561E-016 -6.6757595567393550E-012  7.3340274841742534E-002 -5.1547308088420846E-015 -6.0346692900731992E-015 -3.6670137424177227E-002  1.0944370406576695E-014 -3.6670137417604380E-002 -1.5387582680626572E-016  8.7100394511054424E-017  5.0151073432213729E-017  1.1170891668997844E-016  4.4658840771805221E-017 -6.9275300030849426E-017 -1.5114440206474740E-016  2.4188783797725939E-017 -1.5852666076646775E-016 -8.7270923491648860E-017  4.1689451538024603E-016  1.7436396970849256E-015  2.4594955950209875E-015  1.3266191474987940E-001  1.1535911116194647E-015  9.4108748475515368E-016 -6.6330957375435734E-002  1.4571677217626231E-015 -6.6330957374485064E-002 -2.8651826989660648E-017 -1.5631259367886550E-016  3.9988290227147859E-019 -2.9560817259763752E-017 -8.3680974274169385E-017 -1.5879339974453557E-017 -5.4942745497761947E-017  1.5577137393460389E-016  6.3420165414392909E-017  6.0759696622805094E-017 -2.6395442292991738E-012  1.2763972291983452E-015  5.2260071833603128E-015  1.1595321756707401E-014  2.2213280730393367E-001 -3.3670982666984196E-015 -1.5619450177504484E-014 -1.1106640365877592E-001  2.5632274081146547E-014 -1.1106640364514181E-001 -6.5820039498970694E-014  6.0375691780301433E-017 -1.0327200584591835E-016  3.2111183707282524E-014  3.6747097983323259E-016  1.0040481642660858E-013 -1.4485496463955619E-016 -7.1242428527505363E-017 -8.3412036970259267E-017 -1.0609726255512474E-016 -6.9520084368134092E-015 -1.1932611823947273E-016 -1.4891452976189723E-014 -1.8772346101663016E-016 -3.7427373417714873E-014  1.2014678623145892E-011 -1.4706353047062532E-016  8.6204188493506546E-017  5.9144159354599849E-017 -2.0317813163566746E-017  4.8486281280257431E-018 -7.9637046030236676E-017 -2.1479774672866449E-017 -2.1398369312203040E-017  1.9890405856068837E-018  4.2138437193477977E-018  9.9235651106560421E-016  4.5030388978168402E-015  9.6010504114511601E-015 -5.4903496730540230E-012  1.3155863727132410E-012
 2.4779669071168019E-016  1.7802933033680390E-016 -4.9423626083134196E-016  1.2821937635990928E-014  1.3696539313335999E-015  1.8019440101050343E-016  1.7891324664250259E-002 -1.0950441942265711E-016 -5.5511151900581172E-017 -2.2117724318408884E-016 -3.1056971158573165E-016 -1.9140967909283678E-016 -1.3118604289567445E-016  4.8273281481186382E-016 -1.2335520032381768E-014 -5.1547308088420846E-015  7.3340274840660913E-002 -8.6571375068603326E-015  3.5483768709306122E-015  2.9490299091573101E-015  6.9112467476612824E-015  6.8354023366385194E-017  2.8999940500510959E-016  8.4508904717899388E-017  1.8724726020576804E-016  6.2743303957769181E-017 -1.3489372706844041E-016 -1.3713619144445573E-016  8.8517188602343698E-017  1.1110813699978141E-016 -7.1501162025677108E-018 -4.8351939708703479E-016 -2.4730037388303373E-016  7.6109042708365088E-016 -4.2518072396867391E-015  1.3266191474958478E-001 -3.7851666245823271E-015  3.3271996265736574E-015 -2.1510571102093558E-015  5.1859558318476514E-015  4.2523446524504078E-017 -1.2074485176469395E-016 -1.4791673360942848E-016 -5.4729459760520191E-017 -9.0943614424431178E-017  8.5768929488588089E-017  4.1646729659733436E-016 -8.5325204576345947E-017 -4.9137498926364637E-017 -1.2409782676184173E-016  1.7724831177497465E-014 -1.5417290071773865E-015  1.3004899486296671E-015  1.6170243949537049E-015 -1.3270634591299236E-014  2.2213280730151672E-001 -1.4092893518835396E-014  4.0314973583196377E-015  1.7069679003612880E-015  9.0669659279883256E-015 -9.8957005517776775E-017 -5.9632980215165523E-014 -1.0812944229095533E-016  7.7326557280379997E-017  1.4506997320780046E-017 -4.4600152162786255E-017  2.1727448618185044E-014  5.5311141262108687E-016  6.2070239445788083E-014 -7.7575266314962397E-017 -1.5928729097086040E-016 -1.5402822481761081E-017 -1.2518182332873212E-016 -3.3041612683176272E-017 -4.7651647515098108E-017 -4.7275946092542339E-014  4.8954055774808824E-017  1.3582391193751069E-017  8.5364750775230243E-017  8.6249905261925179E-017  2.7369547301119303E-017 -6.2188833089954257E-017 -2.3770233183138198E-016  7.4253124973082590E-017 -4.5090845310955532E-017  8.1653791626171109E-017 -1.3280509035194461E-015  9.4631639187714464E-016  1.4503020396677842E-015  2.6463305001063410E-014 -6.6105818191509063E-015
