  0.10140399319280302        7.6445942174627998E-009  -1.7320997814766321E-008   4.5636332738046319E-009  -1.8164612987314064E-009   5.7982891861258113E-011  -3.7225374402866855E-009  -1.7290227449909276E-010  -1.0161614312188226E-009   1.9893641213358297E-009   4.7401636839570403E-002  -2.1968092700935134E-009   4.0875197730821142E-009  -2.9486463694653277E-009   3.4811635000505791E-010   1.3483244858183122E-010  -3.4107154451848679E-010   6.3192419509771247E-011   3.2831054940632466E-010  -5.3022205480793922E-010  -3.8579101259168173E-011   5.9883277975242080E-011  -8.3073578167781245E-011   2.0958473613728986E-010   5.8144060693839435E-002   2.2630293051786597E-009  -5.7148115571614068E-009   3.1434864695520728E-011  -1.0901235134888825E-009  -5.1240487545565690E-010   7.3977775949312926E-011   7.0387719694038769E-011  -1.0541256320679814E-010   9.5564267743848879E-010   2.4416361556729524E-011  -1.5364887468448168E-011   3.9465425149549973E-011  -1.1278399704148259E-012   2.1645429073850154E-011  -4.1762664291215642E-011  -1.6605686360014214E-011   5.2238017504448081E-012   4.2893007326335616E-011  -4.3359011213005700E-011  -2.4712070973145503E-012  -9.2947042632342831E-012   5.4686006539276223E-012  -6.8388482760450723E-012   2.0661163836188482E-011  -1.8148885729107572E-010  -1.6459265883938883E-009  -1.0103410670449168E-009   3.7268945021359299E-011  -4.0925169388479750E-011   1.4421629781699636E-010   9.9327449472642673E-003  -1.2259460742465531E-010   1.1256260940080085E-010   1.9902152461895759E-011   9.7895176847639571E-012  -1.9204624038553291E-011   6.0478314949388257E-013   2.4279876339052821E-011  -2.7310139049832662E-011  -3.2974700636177930E-012   3.3185254119116437E-012  -5.3669428280302212E-012   1.1840220246058584E-011  -4.1587540070480606E-010   6.8165767658645609E-010   2.4058107560236206E-010   1.4935379524621949E-009   4.5725551338646881E-011   4.1128259788279705E-010  -7.2738301493934896E-010  -3.2470868122446754E-002  -7.2713407019335314E-010   2.0233209439608990E-009  -6.5906246913575743E-003  -1.2410712713091077E-010   3.5885896937103084E-010  -7.0157319736052415E-011   2.5901125164869865E-011   8.7155232510358667E-012  -2.3815513003674100E-011   4.7931749958123540E-012   2.1894993153194992E-011  -3.9549047956883483E-011  -3.0453999959709982E-012   4.6981928037991050E-012  -4.6303858159879432E-012   1.4248992088109848E-011  -9.1754324932538176E-011  -5.1736126372306859E-011   5.6853640256065344E-012   2.0590700879289583E-012  -5.1553918391839913E-012   6.0221052684017204E-013   5.0523319256241539E-012  -8.2344939219237773E-012  -6.9993928898636938E-013   9.8176910584910544E-013  -1.1202945947327500E-012   3.1107606945555125E-012
   7.6445942174627998E-009  0.10140398269036001        2.9867009581215762E-008   5.5052520322028370E-008   1.1186272383347851E-009  -4.7037145837362228E-010  -1.1032784745118363E-009   1.4153797197956135E-009  -2.8350344046252321E-009  -2.5340066479388630E-009  -1.4476066774880428E-009   4.7401639190377862E-002  -5.5659894307267364E-009  -2.7875958534993405E-008  -3.5114121468067442E-011   1.8681765284505141E-010  -7.1408315587694330E-011   1.2925846116724182E-010  -1.9333537781330863E-010  -8.2146354442211929E-011   1.9323715596405012E-010   5.0884758683643190E-010  -4.4606814970236829E-010  -3.2604730440021988E-010   2.6375574609036274E-009   5.8144057516463156E-002   1.0433231980843469E-008   5.4321472181772233E-010  -5.2892516499735082E-011   8.3273941890701486E-011  -1.3677881453795320E-009  -5.6244390397950676E-010   8.2457721022360206E-010   2.0056550268233954E-008   8.4778374373035336E-012   1.4992392933116941E-011  -9.5927307774537761E-012  -6.3560315719628129E-012   2.1435469774888798E-011  -8.5362487616047864E-012   5.1926680935926453E-012   2.1994378472555143E-011  -2.7081141846509069E-011  -6.8009858733120488E-012  -3.3874479041317079E-011   2.1034978152011539E-011   6.5860796451265191E-011  -3.7012023674196067E-011  -3.2633523777266498E-011   9.9769838826667223E-010  -1.1165668974928967E-010  -4.6888753027616966E-011  -1.8372587984957108E-009  -9.8720406380127868E-010   8.3957060101400340E-010   6.6552887271070662E-013   9.9327450401469342E-003   2.8280374868542203E-011  -3.1104457494722243E-012   1.1877233843393541E-011  -5.8108947731682296E-012   9.5916647060474664E-012  -1.0714644965189203E-011  -5.4172885497401742E-012   7.0934195708385953E-012   3.6626134710699816E-011  -2.1393411603058001E-011  -2.2967153926755992E-011  -8.4167442681089247E-009  -6.0127085416586416E-010   1.4846738485062311E-010   4.3395655701843234E-010  -2.2171486813903011E-010   1.0680248223997134E-009   8.2298532339781456E-010  -9.8799663999962056E-010  -3.2470866971183579E-002  -3.9162260503772525E-009  -1.7988031709096223E-010  -6.5906244918025030E-003  -7.1597153689800383E-010  -5.6920297208551573E-009  -2.9674266738038295E-012   1.4080873603503569E-011  -5.5520171897674794E-012   8.4734502792091115E-012  -1.4663273578404431E-011  -4.4912874869631599E-012   1.5455696978354397E-011   3.2842967719777614E-011  -3.4815594299612668E-011  -2.0340409269662461E-011  -3.0558949751685540E-009  -1.1651784261434265E-009  -6.9019294281768868E-013   3.2722291001709662E-012  -1.2516374630072995E-012   2.0057034124650627E-012  -3.1058825173658156E-012  -1.0792089504385422E-012   2.7780663059725174E-012   7.5918791718028174E-012  -6.9967524230387639E-012  -4.7247611935977477E-012
  -1.7320997814766321E-008   2.9867009581215762E-008  0.10140392870310574        3.2130003608047162E-008  -7.6186497765348759E-010  -1.0040235665766940E-009   1.9602400789838187E-009  -1.3474122120039199E-010  -3.7875830405734613E-009   8.9660835122331395E-010   4.3347732212868521E-009  -8.7547403348595330E-009   4.7401652550775053E-002  -1.8458473705196265E-008   8.2691074044745638E-011  -7.1187375942581128E-011   3.2616051744845059E-010   6.0040862278830384E-011   9.3052910804875530E-012  -1.7098186249311161E-010  -1.4791241595776768E-010   2.8958756414612310E-010   2.6963467355918638E-010  -4.5892004410917714E-010  -5.5914766126583440E-009   8.8149593558837151E-009   5.8144039606489825E-002   5.2242842513552903E-010   6.8549484592882749E-011  -2.5053880147669542E-010   4.9936215619990500E-010  -8.2084812086771579E-010  -1.0217871792420404E-009   8.8391381857994413E-009  -2.1723893929726027E-011  -9.5472977886420471E-012   3.5653597971599119E-011  -9.4637257632725613E-012  -2.2404989285375252E-011   4.7623444926328895E-011  -9.2912829572550041E-012   1.0307144802904461E-011   2.5274681594228756E-011  -4.3336047258049094E-011  -1.0017155893370817E-011  -5.1812890879514515E-011   2.7059175239609686E-011   6.8512589207814543E-011  -4.2514944463273916E-011   4.5364488935090549E-010  -3.9904574355571725E-011   6.7217889181145849E-012   4.6299633191129375E-010  -1.8018899617323705E-009  -9.1664226759393015E-010   1.5296021402936973E-010  -4.9986003008848144E-010   9.9327454394320495E-003   4.5324375430655739E-012  -5.9591021920681029E-012   1.7302829852376953E-011   3.1720279325542623E-012   1.7774410922563931E-012  -9.2519379193712527E-012  -1.2569826307088513E-011   1.1994295683728172E-011   2.2823975468287475E-011  -2.1813506675289280E-011  -3.7168267158666721E-009   2.5874540087079344E-010   4.0937135939054321E-010  -7.3063768031979875E-010  -8.0850058356791102E-011   1.7947664174293666E-009  -1.7789488416352910E-010   1.9374253814250846E-009  -2.7974332812841227E-009  -3.2470860728409788E-002   3.4050971815042672E-010  -4.7664529135682685E-010  -6.5906233872696611E-003  -1.8910410144218311E-009   7.9816958089305579E-012  -5.4793063718358301E-012   2.6834759283745281E-011   4.6619075122951141E-012   1.9072017156929927E-012  -1.5369736581890568E-011  -1.1623059236955347E-011   2.2683068876895844E-011   2.1073380566726157E-011  -3.6900112650944364E-011  -1.1924644725642511E-009  -5.1612943189618200E-010   1.5748211073063833E-012  -1.2322212371839769E-012   5.5669355897197089E-012   9.6298800000308332E-013   3.9828461587115584E-013  -3.0754969829120676E-012  -2.5918366077783396E-012   4.2598334956820817E-012   4.7096486905319896E-012  -7.3210567864994589E-012
   4.5636332738046319E-009   5.5052520322028370E-008   3.2130003608047162E-008   5.7745295627530828E-002  -6.4490557092816604E-009  -1.9839213024412262E-009   5.1703941438714338E-009  -4.1277122374859914E-009  -7.7343859633275983E-009   1.0576776044338910E-008  -7.3027069071266674E-010   7.7003075828312393E-009  -1.9414460356255644E-009  0.20381099123979424        1.8274012905122013E-010  -1.0496542336314545E-010   2.6855659454986194E-010   3.2765252433015957E-011   1.6527492090626222E-010  -2.7793367248043171E-010  -2.4903493380763536E-010   1.3418582958173890E-010   4.3907976230349882E-010  -3.0018824262488649E-010   2.5498991870841891E-009  -2.6223051765764817E-009   9.4908137780588049E-009  -1.7666937892278001E-010   2.7345330908966074E-012   9.1754449061981118E-011  -2.4519341282629693E-011   6.5130889792749066E-011   2.0123033252075240E-010  0.16126136875040317        1.6522043096849830E-011   1.6900699238610091E-011  -4.3607043615824674E-011   6.5820068170241338E-012   2.2283040795909734E-011  -3.5618367315387369E-011   1.3812827132611154E-011  -2.7642151950300785E-012  -4.1206473120303040E-011   4.5667466824257608E-011  -2.3508631539612554E-012   5.5269005129131761E-011  -2.4427305817589622E-012  -7.1877683593543709E-011   2.1668028629309427E-011  -8.7595642496421187E-010  -2.4671341519366917E-010   7.1726296562585781E-010  -6.4107646358094704E-010  -9.7840160768130768E-010   1.5171486306763963E-009  -8.1333996852266316E-010  -9.1573187277903978E-009  -6.2630900253508012E-009  -1.4056672306972613E-011   1.6983520843624972E-011  -2.1707210236630970E-011   6.6928735009296576E-012  -2.1794634614968007E-011   1.2170855340752888E-011   2.6613458677359797E-011   2.3403388402299048E-011  -5.2689895869845314E-011  -1.2648776888664410E-012  -4.0554398085871420E-002  -1.3535000336225939E-009  -3.3121459202420915E-010   1.1445176676009885E-009  -1.1635616232396242E-009  -1.3484225364265077E-009   2.5170595512701530E-009  -4.8401221207650291E-010   9.0752267491981333E-010  -1.2075706085217077E-009  -5.5435693128205944E-011   8.9800308765521874E-010   1.2570291229490221E-010 -0.13107912940373867       -4.0764883828678628E-011   2.9720919244228755E-011  -6.0969081393034639E-011  -9.6455534373306483E-013  -4.3880255389481907E-011   5.5659009037449615E-011   6.1336457466299620E-011  -5.6075578085519291E-012  -1.1201286185336914E-010   4.9623383512165310E-011  -4.3992037182446049E-002  -1.3431980778556021E-002  -9.4071288399638983E-012   7.6104694593347280E-012  -1.4162819926220941E-011   5.3762508838014763E-013  -1.0910357245668144E-011   1.2084785024374562E-011   1.4806967317459110E-011   1.5211607287874473E-012  -2.7476355023979211E-011   9.4226266787362067E-012
  -1.8164612987314064E-009   1.1186272383347851E-009  -7.6186497765348759E-010  -6.4490557092816604E-009   6.7480591543437883E-006  -2.6040373386515212E-013   7.0614285871077295E-013  -3.3740284908877337E-006   1.0242806871821043E-012  -3.3740306630703971E-006  -8.5188290541338731E-010   5.2247454367782441E-010  -3.5423146304897240E-010  -2.2779851936085546E-008   3.5163975182930251E-013   7.2790490407518017E-013   2.6170256978619378E-012  -2.6839464061052826E-013  -2.5700198286228328E-014  -2.0338093178338846E-013  -1.0010944050747806E-012  -2.9481416531825485E-013   6.1520317511453660E-013  -1.7308692607046986E-012  -1.0433677389663389E-009   6.4029651049630642E-010  -4.4733268694760628E-010   1.1695908230310171E-004  -2.8374442643029509E-012   6.0634074681266676E-012  -5.8479530794534154E-005   1.0031204599143305E-011  -5.8479551506347352E-005  -1.7947486275826685E-008   1.9141769918778272E-012   6.7342750164214250E-013  -1.6506289144619284E-012  -1.8560921055654796E-013   1.7261491667910309E-012  -3.1772175726851935E-012  -5.0618934175746984E-013   5.5450316838850129E-013  -2.2437133370180119E-013   1.2373308585037897E-012  -1.3678885711009294E-013  -6.7581626095749951E-013   4.2567464834474369E-013  -6.1078030692342804E-013   1.5662871063840434E-012   4.7025072821739445E-004  -1.0512774893377363E-011   2.2433287941114122E-011  -2.3512533078686311E-004   3.0445356221799599E-011  -2.3512539742628026E-004  -1.7977113023976669E-010   6.3995234579192499E-011  -1.0224133562618632E-010   1.9165604896172984E-012   3.9606429974581270E-012   6.4480396847617453E-012  -1.2816088027682800E-012   4.0257520469549953E-015  -1.2897329441869112E-012  -1.8768347401867869E-012  -1.8860762594280950E-012  -1.4426072244950665E-012  -3.4002853652231339E-012   4.5543640844433433E-009   3.3578822124885684E-003  -7.9553665037319522E-011   1.7139382059903474E-010  -1.6789408327230445E-003   2.5665392246182607E-010  -1.6789413797659938E-003   5.2128120903478227E-010  -1.2542202445805987E-009  -1.3903434612879962E-011   1.1827521276577877E-010  -7.0719589943237947E-011   5.2778754172280663E-011   1.4673997340417526E-008   7.1444396065746584E-014  -1.4803149209866034E-011  -5.7473277902780346E-012  -3.6554478611142989E-014   1.3625084120889418E-014  -5.9306068481837935E-014   8.5821875215498228E-012   1.2480104292685360E-012   3.2889333990381034E-012   3.3535950396029037E-012   4.9473647909503431E-009   1.4964481258770937E-009   6.0950451842858870E-013  -7.1372306256280739E-012  -3.3216601292990376E-013  -4.0304186023101135E-013   6.7774766846406830E-015  -4.1470054125895997E-013   4.1054619881998938E-012   1.2333646655403165E-014   1.6291768327028805E-012   2.3838571502873128E-013
   5.7982891861258113E-011  -4.7037145837362228E-010  -1.0040235665766940E-009  -1.9839213024412262E-009  -2.6040373386515212E-013   6.7480585426733577E-006  -1.1166644010117432E-012  -2.4203379827941318E-013   7.0253124465050681E-013   5.0246159988374041E-013   2.9524962013864704E-011  -2.2132919318768260E-010  -4.7024359296322512E-010  -7.0082042714572359E-009  -3.1174885418355466E-013   3.8306714419320727E-013  -2.3999611738262326E-013   1.2281860746137897E-012   1.9547507501916663E-012  -8.0993059805077525E-013  -4.0336706283292177E-013  -2.1323937764696274E-013   1.5812341564666037E-013   3.3783433402837175E-013   4.1040983326805987E-011  -2.6812295626764300E-010  -5.7864040750689619E-010  -1.8130385548203931E-012   1.1695907654182568E-004  -9.2857691703721416E-012  -2.6594338882924701E-012   6.5600185068128539E-012   4.4725801028541568E-012  -5.5223170564465361E-009  -4.0401838428284641E-013   1.3476282745679716E-012  -7.3619842535320373E-013   8.1670172573912912E-013  -1.2790592436708705E-012  -1.0699805917727719E-013   2.9423291685310226E-013   2.0135733374785363E-012  -2.2026827213121017E-012  -7.6462938163658071E-013  -4.0462540793094918E-013   4.7231594443562179E-013  -1.0593054794940016E-013   4.8104068533463748E-013   1.2121487719147527E-013  -6.4758357536596223E-012   4.7025070949747907E-004  -2.9687491567117628E-011  -9.7559362327211571E-012   2.1283829601143717E-011   1.6231962836075573E-011   9.3573001782920905E-011  -4.2879617932128303E-011  -1.0282100798315933E-010  -2.6296337018586362E-012   1.9976625400726198E-012   1.1259616693538960E-013   4.3572689636359959E-012   5.5540775755274168E-012  -8.2924515636272169E-013  -9.9183976148919378E-013   1.1018985115614391E-013  -6.6695213207652218E-013  -1.6604680437323580E-013   1.4005734185787869E-009  -5.0807172729475906E-011   3.3578820590322413E-003  -2.4528846419407961E-010  -7.4143605789319285E-011   1.7362094177486124E-010   1.2495076595027428E-010   1.5940168598596435E-009   1.3175516877755145E-010   2.8935979330212534E-010  -8.6807617627185801E-012   2.9970838564617162E-011   6.5986358022355281E-011   4.5141553283665798E-009   9.4827272457107761E-012   6.9650404872275198E-014   1.1254868409875063E-013  -1.7289176640014422E-011  -4.6662953555629210E-012   4.5667627415098705E-012   5.9122603960671866E-014   1.1162093004642117E-013  -1.4896441666803209E-013  -1.6708340777195952E-013   1.5216054977014968E-009   4.6043254631334567E-010   4.5789400046288097E-012   6.2580882367368542E-013   4.4345039245536376E-014  -8.3158422036589744E-012  -2.3113968177372224E-013   2.1725491184621134E-012  -3.1286888302874843E-013   4.3471902536562622E-014  -2.0604535297196559E-013  -6.5454001445373342E-014
  -3.7225374402866855E-009  -1.1032784745118363E-009   1.9602400789838187E-009   5.1703941438714338E-009   7.0614285871077295E-013  -1.1166644010117432E-012   6.7480612375573186E-006  -7.5959189558313925E-013   1.4104858909257170E-014   5.3432654883215714E-014  -1.7474604529903132E-009  -5.1662810535715667E-010   9.1662945500631844E-010   1.8263099593517195E-008  -2.0492568108535360E-012  -2.2284337623735521E-013   8.5307718467408590E-013  -7.6019296731456377E-013   4.8361202346699805E-014   3.5095582216433467E-012   2.7211320574330893E-013  -4.6323391366079529E-013  -1.4222821273728736E-013  -2.9058021086372737E-013  -2.1293190479384218E-009  -6.3572894353400630E-010   1.1310997194015635E-009   6.4368548767360772E-012  -1.1774366927129698E-011   1.1695910136621404E-004  -7.2988340919830857E-012  -5.6577782560644051E-013   8.6193173149288165E-013   1.4388465082592729E-008   9.8991800487607072E-013  -7.3650268021578490E-013   2.8193584477312404E-012   2.2481751284779655E-013   5.0413289552392785E-013  -1.9637267050371509E-012  -7.3396484235528686E-013   8.0048494082391913E-013   1.9728436950264490E-012  -3.4159565383211088E-012  -2.4770111783451360E-013  -1.7834714806447089E-013   2.1029427453213667E-013  -1.9741496543844886E-013   9.9818569523949232E-013   2.3912313387799570E-011  -3.9489240102167829E-011   4.7025079441842277E-004  -2.3274049835410516E-011   8.0212316015918350E-013  -6.3834314631335636E-013  -3.3611979659513948E-010  -1.1278329565433952E-010   2.0310780390126362E-010  -3.9601738181789583E-012   1.1190702830690130E-013   1.7204350394516374E-012  -1.8334819060486494E-012   3.6073012818181583E-012   7.1466100578247316E-012  -1.5794030050480714E-013  -2.6354821817013837E-013   1.0000179923386506E-013  -1.0859049449059319E-012  -3.6510212222778856E-009   1.8193497272770290E-010  -3.1504667230090091E-010   3.3578827344299881E-003  -1.9156460445213132E-010  -4.0328848446323475E-012   9.6296558506822673E-012   1.5057196119344642E-009   3.2148610049170225E-010  -5.9368435990535849E-010   2.3949710440902844E-010   7.2486156350606452E-011  -1.2933734798698944E-010  -1.1762854225643852E-008   3.8962256040724538E-012   1.1479353331757540E-013  -1.7201481001372749E-013   1.6565854241626078E-012  -1.2041905739491528E-011  -6.8839214773506729E-012  -1.4526979746424722E-013   1.7256373867776278E-013   8.0109129079670683E-014  -4.1375309671446474E-016  -3.9654791832794306E-009  -1.1997085968428672E-009   2.8653852216999572E-013   4.5126887327391795E-014   5.3080901018575986E-013   9.5229405368963348E-014  -5.8347173455938424E-012  -4.7966172303181419E-013  -5.4200557158956052E-014  -8.4108638694746076E-014   2.7591808691885409E-014  -3.3295130947115021E-013
  -1.7290227449909276E-010   1.4153797197956135E-009  -1.3474122120039199E-010  -4.1277122374859914E-009  -3.3740284908877337E-006  -2.4203379827941318E-013  -7.5959189558313925E-013   6.7480595632059575E-006  -9.6722017208893362E-013  -3.3740310725101365E-006  -8.0201923911572548E-011   6.6541711363771132E-010  -6.0211344085652373E-011  -1.4579378961905546E-008   6.7027925541209794E-014  -6.8935548697546503E-013  -1.2769165991011915E-013   5.7813280333327481E-013  -3.4649353027374053E-014  -6.6806275465135226E-013   1.1140772147603698E-012   2.8478939308762343E-012  -8.0533071710365549E-013  -2.0275174104184666E-012  -1.0066448642540987E-010   8.2394672251913927E-010  -8.4822593537839298E-011  -5.8479530851614335E-005  -1.6879430998711973E-012  -7.2459794359295882E-012   1.1695908624866444E-004  -6.5759805858141162E-012  -5.8479555398111081E-005  -1.1483761971666808E-008  -6.2563546549998067E-013  -5.0587104925378670E-013   4.3157111295690867E-013   8.4116888415190549E-013  -8.7151921305249501E-013   2.5799334027433136E-013   6.7142082911488776E-013  -1.0945679322602324E-012  -2.2211273134877678E-013   3.8426740687149103E-013   1.0829228825902346E-012   2.5866506648305277E-012  -2.7432980292676957E-012  -1.9370563977210998E-012   1.4148662352858044E-012  -2.3512533103875718E-004  -5.9453615856643119E-012  -2.3035966565442885E-011   4.7025074101436865E-004  -2.3238027025957894E-011  -2.3512540997749413E-004  -1.9480846093253283E-011   2.4509080642847598E-010  -3.5990818934402746E-011  -1.1279551407664050E-012  -2.8736587828122198E-012  -1.9499883794848300E-012   1.5854290769855224E-012   4.4602878770661089E-015  -7.2116480458841491E-014   4.2728822034454737E-012   6.3755796926148741E-012  -2.8590063147213752E-012  -3.2986428226975062E-012   2.9145963522286375E-009  -1.6789408345247890E-003  -4.7030275853878489E-011  -1.8985651940641978E-010   3.3578823150931876E-003  -1.8375585850118743E-010  -1.6789414805677054E-003   6.2717733066707613E-011   1.4415120673136874E-009  -1.7763252425161950E-010   1.1716368149367404E-011  -9.8494490650027588E-011   1.1260677009322054E-011   9.3864729168366152E-009  -1.6544654131250787E-013   1.1183617119298104E-011   1.1614010917937553E-012  -6.6764682190316379E-014   7.5024062841779527E-015   2.8873808176113046E-013  -1.6690029828126545E-011  -5.8510128371319157E-012   1.1208407811148304E-011   3.4954317042819897E-012   3.1638823444368315E-009   9.5756576033737344E-010  -3.5280341275292347E-013   5.3828710529428217E-012  -2.0692776250180035E-014   4.9333113537343712E-013   4.0658976761237139E-015  -1.9993043468220741E-014  -8.0343353108047256E-012  -3.7411635660923629E-013   5.3963240092798942E-012   2.9427346803104792E-013
  -1.0161614312188226E-009  -2.8350344046252321E-009  -3.7875830405734613E-009  -7.7343859633275983E-009   1.0242806871821043E-012   7.0253124465050681E-013   1.4104858909257170E-014  -9.6722017208893362E-013   6.7480612323077489E-006  -5.7053752892525357E-014  -4.7591892011561616E-010  -1.3315923624164449E-009  -1.7715319810974078E-009  -2.7321706029750365E-008   2.7271767625996540E-013  -1.0403991280898859E-012   3.3731755737671862E-013  -2.1110255717760085E-013   8.1301775819274749E-013  -1.5478656217869799E-013  -1.9572157270192488E-012   4.2917970937887547E-013   3.6662800845547827E-012  -5.7130848673742687E-013  -5.8561354030765273E-010  -1.6168145136052774E-009  -2.1750388819413229E-009   1.0077752442024254E-011   6.7511408877918937E-012  -5.2975314892171205E-014  -1.0752102197394570E-011   1.1695910199040850E-004   6.7440024355618384E-013  -2.1528253394728786E-008   3.8359320653833350E-013   4.6199830343226375E-013  -1.7933633222652824E-013  -3.4561267506208202E-013   1.3897113805740330E-012  -3.2821209052921019E-013   4.7240382604435377E-013   5.0462586769550575E-013  -1.2536375788926065E-012  -1.9679508875139141E-013  -1.5594490670093378E-012   2.0785038582257480E-012   3.0849674663848029E-012  -3.1143117184946975E-012  -1.5693525585860782E-012   3.0656752545837829E-011   2.2027250949018177E-011   2.7869333158784161E-012  -3.9633698319198270E-011   4.7025079247952733E-004   8.9770387328568458E-012  -1.0402149610678501E-010  -2.4331711770308284E-010  -2.9987807727071279E-010  -1.5844820535344309E-013  -1.7212665285379179E-012  -1.4467284107217018E-012   1.1008636804655592E-013   1.1060318412233428E-012   1.0249255278156092E-013  -3.9907183839636426E-012   4.7757646752203949E-012   7.0753733417959979E-012  -2.4813117203333191E-012   5.4598540927470649E-009   2.5815931968490849E-010   1.7891111558760347E-010   1.0074647464035227E-011  -3.0040362360024505E-010   3.3578827338356294E-003   4.2244285840525543E-011   2.9326731044583740E-010   1.2639764363238581E-009   2.7054558914191259E-009   6.6777929533470272E-011   1.8087609946230517E-010   2.4400211213483475E-010   1.7596900050272405E-008  -1.4165210253264287E-013   1.8075792557874338E-012   3.9960822313873442E-012   1.1163262612357550E-013  -2.3184342282013645E-013   7.8412722906660046E-014   3.8422440122031899E-012  -1.6867639915458339E-011  -6.9624974215821067E-012   9.5938946839746587E-012   5.9310899025356163E-009   1.7949708619419185E-009  -5.2529694897387835E-014   1.5277232034435758E-013   1.9563964879793819E-012   4.3457792196052034E-014   3.4489826314130275E-013   2.7017436527186973E-014   2.6412115969885272E-013  -8.1519610703963305E-012  -5.0713208081047363E-013   4.6179025419380322E-012
   1.9893641213358297E-009  -2.5340066479388630E-009   8.9660835122331395E-010   1.0576776044338910E-008  -3.3740306630703971E-006   5.0246159988374041E-013   5.3432654883215714E-014  -3.3740310725101365E-006  -5.7053752892525357E-014   6.7480617353867887E-006   9.3208507639950741E-010  -1.1878915174511338E-009   4.1444381961836624E-010   3.7359259485690893E-008  -4.1866767731586564E-013  -3.8549417070984861E-014  -2.4893340377647480E-012  -3.0973816272505619E-013   6.0349551345223406E-014   8.7144368636373382E-013  -1.1298280978376098E-013  -2.5530797655461057E-012   1.9012754209209944E-013   3.7583866709748820E-012   1.1440325288891967E-009  -1.4642430612135452E-009   5.3215652212605555E-010  -5.8479551444803049E-005   4.5258045179790947E-012   1.1822880177414343E-012  -5.8479555457456554E-005  -3.4551067891139061E-012   1.1695910690110037E-004   2.9431270512705897E-008  -1.2885415262699700E-012  -1.6755645234066690E-013   1.2190578013956231E-012  -6.5555967360310894E-013  -8.5462995364158402E-013   2.9192242322290999E-012  -1.6523148738123528E-013   5.4006476390888189E-013   4.4648406501855151E-013  -1.6215982652935746E-012  -9.4613402549079985E-013  -1.9108344039003791E-012   2.3176233809494197E-012   2.5478367045996152E-012  -2.9811533415814448E-012  -2.3512539715176193E-004   1.6459813705327867E-011   6.0153696254063378E-013  -2.3512541024087931E-004  -7.2068578799446287E-012   4.7025080739027288E-004   1.9925155702376665E-010  -3.0908627626089179E-010   1.3823269419007118E-010  -7.8860534874178281E-013  -1.0869842144158219E-012  -4.4980513049086967E-012  -3.0382027426919049E-013  -8.4860399128621074E-015   1.3618494245513124E-012  -2.3960474633739129E-012  -4.4895034332839721E-012   4.3016135391409489E-012   6.6989281877186291E-012  -7.4689857401021356E-009  -1.6789413777718728E-003   1.2659591732916101E-010   1.8454546633171729E-011  -1.6789414824656401E-003  -7.2894698468717568E-011   3.3578828602372894E-003  -5.8401383177900435E-010  -1.8730018546948979E-010   1.9154549816931255E-010  -1.2999161598577599E-010   1.6921406074399795E-010  -6.4039571455917808E-011  -2.4060582258341636E-008   9.4002145261938703E-014   3.6195320897304925E-012   4.5859266981466434E-012   1.0331916073268976E-013  -2.1127490405132501E-014  -2.2943201323088729E-013   8.1078423070854983E-012   4.6030024079121880E-012  -1.4497341210031563E-011  -6.8490267436696147E-012  -8.1113111809270983E-009  -2.4540157680160017E-009  -2.5670110563015479E-013   1.7543595722811361E-012   3.5285878915974586E-013  -9.0289275195764616E-014  -1.0843374351541585E-014   4.3469358471945967E-013   3.9288733228421397E-012   3.6178270994569606E-013  -7.0255008418970393E-012  -5.3265918303855584E-013
   4.7401636839570403E-002  -1.4476066774880428E-009   4.3347732212868521E-009  -7.3027069071266674E-010  -8.5188290541338731E-010   2.9524962013864704E-011  -1.7474604529903132E-009  -8.0201923911572548E-011  -4.7591892011561616E-010   9.3208507639950741E-010   2.2158795675035418E-002  -3.3738947332109129E-009   7.7215211024826858E-009  -1.1485846112780258E-008   1.6259417100383242E-010   6.2986338163389729E-011  -1.5932926419547123E-010   2.9521495652210874E-011   1.5335212944136884E-010  -2.4765621957656047E-010  -1.8008779334029930E-011   2.7964925769101447E-011  -3.8825225554007343E-011   9.7912906660906839E-011   2.7180510973088740E-002  -1.8213359374910253E-009   4.4571114380606758E-009  -3.2725951436690147E-011  -4.8828953499426782E-010  -3.7142637278378535E-010   4.5342008539885636E-011   1.7532015165750810E-011  -1.2616030398381453E-011  -7.5492885560084287E-009   1.1421683619072510E-011  -7.1869510707847894E-012   1.8461065273642117E-011  -5.2713165841760351E-013   1.0125007961718329E-011  -1.9536536206705945E-011  -7.7677704084770939E-012   2.4447439491002232E-012   2.0063855681139280E-011  -2.0283267135900956E-011  -1.1562428288580664E-012  -4.3475743402025912E-012   2.5581119338047110E-012  -3.1991621132350286E-012   9.6653272648664418E-012  -2.7526621270259820E-010  -6.6466316951119459E-010  -9.9539540700112382E-010   6.0308635295584245E-011  -8.1296352605076512E-011   2.1495588134887575E-010   4.6814724915676970E-003  -5.4502136971788576E-010   1.2594924540874625E-009   9.4728859729231386E-012   4.6322142500542689E-012  -9.1062007928089996E-012   2.9149174315693982E-013   1.1505627492038338E-011  -1.3002317717395922E-011  -1.5749826391791418E-012   1.5853309756686352E-012  -2.5198296231922121E-012   5.6054550724090609E-012   1.8297254647773991E-009  -1.0419663236523333E-009   8.0919640120048924E-010  -3.0596017392492703E-009   3.2908736003799207E-010  -2.5020643843074581E-010   7.1287906230841984E-010  -1.3984754043283136E-002   1.3817474763159328E-009  -3.3345695749566978E-009  -3.0808544734581391E-003   2.6825092555373715E-010  -6.4002905745897226E-010   6.5258242731838743E-009   1.2286051596599810E-011   4.1367464035469332E-012  -1.1272883684459100E-011   2.2497784363996834E-012   1.0406417387971549E-011  -1.8735746930415291E-011  -1.4592723792086690E-012   2.2312611558135406E-012  -2.1792523531952680E-012   6.7391255455843993E-012   2.1751733081132690E-009   6.4197670413742836E-010   2.8104322726702509E-012   1.0119885945942717E-012  -2.5397329842229667E-012   3.0956560800679576E-013   2.4978521960633234E-012  -4.0821074048877153E-012  -3.5287219198295869E-013   4.8965967120125682E-013  -5.3869715124165554E-013   1.5279994877114578E-012
  -2.1968092700935134E-009   4.7401639190377862E-002  -8.7547403348595330E-009   7.7003075828312393E-009   5.2247454367782441E-010  -2.2132919318768260E-010  -5.1662810535715667E-010   6.6541711363771132E-010  -1.3315923624164449E-009  -1.1878915174511338E-009  -3.3738947332109129E-009   2.2158800167504926E-002  -1.3220058052232941E-008  -7.6683945677248686E-008  -1.6388935204994811E-011   8.7251552202305760E-011  -3.3337052975412137E-011   6.0380463063072578E-011  -9.0296166935558409E-011  -3.8391667238329574E-011   9.0249969965365425E-011   2.3770210112305321E-010  -2.0833254296406274E-010  -1.5232439521404935E-010  -2.0758475232528006E-009   2.7180513650961944E-002  -8.1487593396921757E-009   2.5788078290011586E-010  -4.9805339652344220E-011   2.3829682734051767E-011  -5.9794556530866935E-010  -3.7805751234526001E-010   3.4006654340983989E-010  -4.0976728596647668E-008   3.9654821380912170E-012   7.0129668330257033E-012  -4.4869607880372911E-012  -2.9729451865104802E-012   1.0026688075877434E-011  -3.9928727471343658E-012   2.4294626518793256E-012   1.0288189745887094E-011  -1.2668367252845081E-011  -3.1814377509067763E-012  -1.5845573464004544E-011   9.8413825414435695E-012   3.0807679724488562E-011  -1.7314830158803309E-011  -1.5265041112245940E-011   4.7162880643108347E-010  -1.5245345130628222E-010  -8.2977035620402153E-011  -6.6980201500010741E-010  -9.1671775781743511E-010   1.9817796515469509E-010  -5.6075089929374133E-010   4.6814732392171671E-003  -2.1960585729109363E-009  -1.4879055854779428E-012   5.6549428359323410E-012  -2.7727718905835564E-012   4.5400048236622551E-012  -5.1052342830141443E-012  -2.5431766481461579E-012   3.3977312251471951E-012   1.7332589266937069E-011  -1.0213249866655133E-011  -1.0851699997487955E-011   9.2722254495372521E-009  -2.1562234367430579E-010  -6.4873106418130335E-010  -2.3172500944658741E-010   1.1856710827688822E-009  -2.7757720551759909E-009  -9.7004892705517577E-010   1.5011043009699475E-009  -1.3984756024843534E-002   5.8816823597362151E-009   2.9087423731555719E-010  -3.0808548519352377E-003   1.1414417554978231E-009   4.0802078592096023E-008  -1.4228578425682277E-012   6.6902965124539326E-012  -2.6560035031351773E-012   4.0235725143231624E-012  -6.9564342452060143E-012  -2.1141727998482157E-012   7.3083545228055070E-012   1.5590718762558955E-011  -1.6495066927100799E-011  -9.6404692747704998E-012   1.3876931262204586E-008   3.6513975671303477E-009  -3.4805244912921435E-013   1.6136747017736669E-012  -6.3033580577313666E-013   9.8667442393789969E-013  -1.5424862938809959E-012  -5.1948131498428942E-013   1.3949697441558340E-012   3.7417271546145127E-012  -3.4841557553231265E-012  -2.3186372608427989E-012
   4.0875197730821142E-009  -5.5659894307267364E-009   4.7401652550775053E-002  -1.9414460356255644E-009  -3.5423146304897240E-010  -4.7024359296322512E-010   9.1662945500631844E-010  -6.0211344085652373E-011  -1.7715319810974078E-009   4.1444381961836624E-010   7.7215211024826858E-009  -1.3220058052232941E-008   2.2158824453961345E-002  -6.8494269186715709E-008   3.8589467237450559E-011  -3.3233657363610906E-011   1.5229633764627679E-010   2.8038572585660899E-011   4.3151504154661017E-012  -7.9811441221423912E-011  -6.9045320857187400E-011   1.3524509621000736E-010   1.2586859405585173E-010  -2.1430601445790692E-010   4.3729920642752874E-009  -7.0768249782926813E-009   2.7180527411301583E-002   2.8083365603560655E-010   1.6694985716786372E-011  -1.1233369745709945E-010   2.8463847822026618E-010  -4.2039774921135905E-010  -5.6547053362579142E-010  -4.3226618771146496E-008  -1.0161823467526580E-011  -4.4656972111811048E-012   1.6677881350500471E-011  -4.4271565784129702E-012  -1.0479961493358959E-011   2.2277193920596463E-011  -4.3459743277205308E-012   4.8218606415124053E-012   1.1822131786723774E-011  -2.0271863720374361E-011  -4.6868121850586636E-012  -2.4235914022059687E-011   1.2659689701563268E-011   3.2047218762855912E-011  -1.9888693840565132E-011   3.5425126643020980E-010  -8.0730175228197979E-011   2.3557116391445599E-011   4.1769318644949651E-010  -9.7205789659237012E-010  -7.7194493327227270E-010   1.2541697862076111E-009  -2.1307657298703463E-009   4.6814771719904296E-003   2.1979897629892021E-012  -2.8418492786686474E-012   8.2952091095051405E-012   1.5169618209769516E-012   8.7681723494470864E-013  -4.4654117545681827E-012  -6.0034028519066611E-012   5.7429883662930967E-012   1.0896577350250869E-011  -1.0452632284018532E-011   1.0373193887095149E-008   1.1527693258942967E-009  -2.5046175070117368E-010  -2.0043579791340228E-010   1.4142004891248692E-009  -1.3329852352253578E-010  -2.5669695988127478E-009  -3.2950988927597559E-009   5.3773373015397511E-009  -1.3984766418899687E-002  -6.3253618802445484E-010   1.0460614359961019E-009  -3.0808568435477923E-003   3.8537389385933772E-008   3.8105875185859406E-012  -2.6218761332744096E-012   1.2756859940411899E-011   2.2145222796304644E-012   9.3851097354731854E-013  -7.3266185590655216E-012  -5.5679930738233079E-012   1.0744810817221254E-011   1.0092171747605702E-011  -1.7513345937312656E-011   1.2936080699865502E-008   3.7046757449210159E-009   8.0223330185629709E-013  -6.2119461687502827E-013   2.7854825360213789E-012   4.8102198325388243E-013   2.1724044706767532E-013  -1.5571774254984666E-012  -1.3112450270323850E-012   2.1375351284335183E-012   2.3804695940150551E-012  -3.6678844507621682E-012
  -2.9486463694653277E-009  -2.7875958534993405E-008  -1.8458473705196265E-008  0.20381099123979424       -2.2779851936085546E-008  -7.0082042714572359E-009   1.8263099593517195E-008  -1.4579378961905546E-008  -2.7321706029750365E-008   3.7359259485690893E-008  -1.1485846112780258E-008  -7.6683945677248686E-008  -6.8494269186715709E-008  0.71934726401546789        6.4497810681683575E-010  -3.7047402981939905E-010   9.4786574974753088E-010   1.1564403217271772E-010   5.8333539698356932E-010  -9.8096170601693247E-010  -8.7896482229816696E-010   4.7360510527545186E-010   1.5497252540036238E-009  -1.0595080436659954E-009  -1.9273579443538773E-009  -1.3665456618915536E-007  -4.2113563582059778E-008  -9.3582826178254937E-010  -9.4164336136000535E-011   5.7134800209987665E-010  -2.7173972110175441E-010  -1.7452326999058397E-010   1.2077148915900645E-009  0.56916890810991250        5.8314282748906224E-011   5.9650721357463560E-011  -1.5391038048476359E-010   2.3231113382661554E-011   7.8647597050223341E-011  -1.2571447224678775E-010   4.8752150279022025E-011  -9.7563184436908427E-012  -1.4543754963538288E-010   1.6118265980679247E-010  -8.2972475937709332E-012   1.9507107609191396E-010  -8.6217525007781463E-012  -2.5369111197524047E-010   7.6477069744796899E-011  -4.3473333392314794E-009  -1.2882103993895690E-009   3.5267718520838102E-009  -3.0073592318280347E-009  -5.0793369679215572E-009   7.3551011621746307E-009  -4.7688655245472147E-009  -5.4174492558729240E-008  -3.5183703611461736E-008  -4.9611237241793191E-011   5.9941953078420145E-011  -7.6612894073122906E-011   2.3622462560994891E-011  -7.6922169485958202E-011   4.2954670258375291E-011   9.3929466423418757E-011   8.2602239688277430E-011  -1.8596393299516659E-010  -4.4663869068376875E-012 -0.14314826720745086       -1.3743088548201718E-008  -4.1497305948063092E-009   1.1145743813985345E-008  -9.4242047223544151E-009  -1.6370264880964880E-008   2.3167285841912739E-008   3.4108470663688385E-009   7.1549386756922391E-008   3.2925888357626301E-008   1.0428950113804092E-009   1.7610117078363327E-008   9.0139959321314595E-009 -0.46269987637733817       -1.4388294264227501E-010   1.0490195014638754E-010  -2.1519524418538210E-010  -3.4049254784210081E-012  -1.5487841925276746E-010   1.9645340806628698E-010   2.1649156508679189E-010  -1.9794047224679829E-011  -3.9535745051309303E-010   1.7515098193422688E-010 -0.15530523047932498       -4.7407935553239910E-002  -3.3203860204931481E-011   2.6862080423424799E-011  -4.9989758856727145E-011   1.8974184287853781E-012  -3.8509519940939193E-011   4.2655255683442865E-011   5.2263219176197561E-011   5.3683939612571932E-012  -9.6981444353766514E-011   3.3259120247720624E-011
