   2.1941377664645144E-006   4.8243093314508596E-013  -1.8821440128975606E-012  -4.4659551610478787E-017  -9.8871352626913711E-006  -3.5034644784416120E-012   6.6509974552702875E-012  -1.8758391602049774E-017   6.0540717707393605E-020  -1.2099763385906464E-018   2.7130566779774251E-019   9.4682750779798066E-019  -3.2593829726732314E-019   1.0098599967397386E-018   1.1355124618343336E-005  -1.5079185777712636E-011  -1.2369104859713283E-011   5.2902112645870004E-017  -2.3148026431058205E-004  -1.7046925829171443E-011   1.1160594780152737E-010   6.7898847984707228E-019   1.1347350830084100E-018   1.3429360576828768E-019   5.1621323192325234E-019   1.0827620932107952E-019  -4.4467827450444327E-019  -5.0561672031325353E-012   6.3468261529823667E-012  -2.2994423241751954E-012   7.8867946148179867E-012   2.2704053984250788E-012  -1.1030389584695688E-012  -3.6994450390985765E-012   6.6160161053098279E-012  -1.3835003144747153E-012  -3.2173843278694110E-012   1.3751843563111884E-015  -2.0510741624188331E-003  -2.2297294329343509E-010   8.7356459071066023E-010  -1.9177722874635108E-019  -4.0685795809266798E-019  -4.2344991427737630E-019   2.0645513173472500E-019  -9.1882951858876765E-020   4.4183594844201460E-019   2.4761887199875359E-015  -1.0706237381191644E-016  -3.4133925030100153E-020  -2.9621997109261413E-021   2.2736357229740536E-019  -1.3884023625186321E-019  -3.3627697046684454E-020  -4.0209246736751671E-020   6.7398690800073548E-004   1.4855970060634020E-010  -3.0417871661241494E-010  -6.4782360804215381E-015  -7.0014886049202670E-015  -9.5398372914923924E-016   1.0433162451015881E-014   2.1069970406997558E-015
   4.8243093314508596E-013   2.1941363014924715E-006  -3.2549512988920965E-015   5.3836938546993856E-016  -3.5034399906459628E-012  -9.8871302706155995E-006  -1.4357062367452849E-012   5.5470973571683430E-016  -1.7735009412515203E-017  -4.9865227320917068E-019   2.4143089150977340E-020  -1.4626377670224235E-017  -2.3960990336027840E-020  -1.4700005546837994E-017  -1.5079217635929432E-011   1.1355113116934934E-005  -1.4705271337506945E-011  -1.0989474596271318E-015  -1.7045831471541952E-011  -2.3148017625509784E-004   9.4970629073221208E-012   3.3245107713125950E-018   4.6959680643834512E-020   4.9965062848205532E-020   1.2458488819367911E-018  -6.8864129180811807E-019   5.7097189154868405E-019  -3.8429391940334373E-012   6.6645745029885384E-012  -2.7857178942641713E-012   6.4767474482767505E-012   8.5411335221357655E-012  -1.3209030475316417E-012  -7.7697295410988047E-012   4.7241525956183044E-012   3.7597396425304436E-012  -1.4448219902824971E-012  -2.4037742813373960E-014  -2.2296323396931221E-010  -2.0510734823797933E-003   2.2950097337971460E-012  -9.6641730029182614E-019  -2.0232253673350218E-019  -8.0711435870037119E-020   1.4653250418296707E-018   6.6069811396450214E-019   1.2381537708319851E-018  -4.1070855086667868E-014  -1.1898257658480597E-014   3.4542143593546559E-018  -1.6387625330468053E-019  -4.8402754915401171E-020   2.9448186007130091E-018  -6.3785215146223101E-020   2.8201904663601390E-018   1.4853675304382609E-010   6.7398667850053853E-004   5.6280253041143636E-011   1.0008395589273666E-014   9.9643579338067371E-016   1.0312285209975232E-015   4.0397947371636538E-014   1.0999895880565341E-015
  -1.8821440128975606E-012  -3.2549512988920965E-015   2.1941386404137170E-006   3.9873935379837723E-017   6.6509995505295349E-012  -1.4358278919660365E-012  -9.8871387249805271E-006   2.7387554055074461E-017  -1.6316544782261105E-018  -6.6561390051302526E-020  -5.2681409784457017E-019  -4.1014190437924939E-019   1.2064828753394815E-018  -2.6740809792471210E-018  -1.2369108444048263E-011  -1.4705114058110027E-011   1.1355126566930306E-005  -1.4225716188711095E-016   1.1160602486265561E-010   9.4916240087860424E-012  -2.3148031372933206E-004  -1.5984265926461507E-018   6.0785370786356810E-019  -2.0474926868829411E-019  -2.5885101758189630E-018  -1.3392215945337978E-018  -1.4762792757475070E-019  -2.8839863947852657E-012  -2.8635150426053982E-012  -1.9762931403324737E-012   6.5998401530085706E-012   5.0981431242508544E-012  -2.7305656439349599E-012  -3.5842945147096608E-012   4.1168503966535144E-012   7.6723507336476322E-012  -1.5952431936625394E-012  -3.5089745373277478E-015   8.7356535320976299E-010   2.2461785251122502E-012  -2.0510745678512759E-003  -1.0662216028296969E-018  -4.0352051499358501E-019   2.3518377678914241E-019  -1.9096396721862469E-018   4.4039374475865730E-019  -1.7380615480864069E-018  -6.2504947230821721E-015  -9.2806238402633413E-016   1.0413625560596779E-018   1.4155383934278818E-019  -7.9020868838626121E-020   9.6590422909038144E-019  -1.3258729008396180E-019   5.5252500416094032E-019  -3.0416597269671125E-010   5.6266638966487406E-011   6.7398706391607189E-004   7.3900260173611110E-015   7.1538133545666680E-015   7.7158980136583477E-016  -1.2757142322683155E-014  -2.0175966836298599E-015
  -4.4659551610478787E-017   5.3836938546993856E-016   3.9873935379837723E-017  0.68500525467264062        8.2525527221003572E-016  -3.8134300433412029E-016  -2.8091071918610867E-016  0.19671833403885561        2.3239003364174444E-009   1.5167011646622298E-008  -3.2424174220236609E-008  -1.8921031558907796E-008   5.4616574548714490E-009   1.6596280918782509E-008  -9.5482321451406544E-016   5.9030883969712944E-017   2.1570891031479111E-016   2.9237788580206991E-002   2.2151724641941833E-016   4.2416406092299027E-016  -1.7984735521963583E-015  -5.6134203595893768E-010  -1.5730395978871160E-008   1.7354277841592223E-008   1.0132449893132836E-008  -9.0484778018314865E-009  -9.5711366689357870E-009   6.7662619226938037E-016  -1.1513016488512845E-016  -3.8981207061901091E-017   3.0801445887277751E-016   7.8639602834955294E-019   3.1501072134845771E-016  -2.5145751231804978E-016  -6.9637181946230120E-017  -1.0523417523604970E-016  -1.6367045652319468E-016 -0.18846440622234292        8.5240981558311385E-015   1.5986329167656075E-016  -1.8287762398094673E-014   3.0910727510306240E-010  -6.3608129828255209E-009   2.2991948060565917E-009   1.3455137695102812E-009  -4.6399587649135583E-009  -1.6546983117351611E-009  -9.7974369931394870E-002  -4.0332119739703819E-002   7.9212490033729123E-011  -4.5751755490633728E-009   2.9134297296575081E-009   1.7024422836872637E-009  -3.0754811821442909E-009  -1.7816783569878203E-009  -9.7484519589726322E-015   2.0977647789801515E-015  -4.3315653022331212E-015   6.0502972681213213E-002   3.8139320525062179E-002   5.5422122558533970E-003  -1.2294647395819518E-002  -8.7710117778413144E-003
  -9.8871352626913711E-006  -3.5034399906459628E-012   6.6509995505295349E-012   8.2525527221003572E-016   4.4553014185913978E-005   2.1777935958579146E-011  -2.1723045313276928E-011   2.2224589351799982E-016  -2.7101176589046807E-019   5.4527031038379639E-018  -1.2218776003577419E-018  -4.2636388269671434E-018   1.4681830395022183E-018  -4.5474443836419079E-018  -5.1168249699003142E-005   6.1079631928063558E-011   4.6263460052858241E-011  -1.1020219910274223E-016   1.0430848220022930E-003   2.1717358386804265E-010  -3.0983860755883414E-010  -3.0586588029103160E-018  -5.1141389960414049E-018  -6.0579667501413306E-019  -2.3260864196065048E-018  -4.8762497537326008E-019   2.0027496507538137E-018   2.2783826181916646E-011  -2.8599716413774258E-011   1.0361639850468827E-011  -3.5539044063767681E-011  -1.0230780457658068E-011   4.9704525735161030E-012   1.6670241135433631E-011  -2.9812739482878886E-011   6.2342432992368938E-012   1.4497994541301778E-011  -4.6974538855968734E-015   9.2424327719560998E-003   2.2491135263788966E-009  -2.2257497284419788E-009   8.6402426215741832E-019   1.8329724123654383E-018   1.9081283577153350E-018  -9.2968221611418587E-019   4.1350852762717115E-019  -1.9908748813873841E-018  -8.1165964063621049E-015   1.4204679156352167E-016   1.5420363274509155E-019   1.3594670160526876E-020  -1.0240290283022876E-018   6.2521124330439665E-019   1.5183563641859939E-019   1.8144435397806666E-019  -3.0396667567306628E-003  -9.5935533054909259E-010   7.8987272673517721E-010   2.0157362017598077E-014   2.1639838885862849E-014   2.8573005389128266E-015  -3.4016958746520950E-014  -6.4969614485735079E-015
  -3.5034644784416120E-012  -9.8871302706155995E-006  -1.4358278919660365E-012  -3.8134300433412029E-016   2.1777935958579146E-011   4.4552998942694138E-005   1.3005449236932167E-011  -1.1497381842081741E-015   7.9900208197566884E-017   2.2503885404401090E-018  -1.0901832262331008E-019   6.5890194814493970E-017   1.0875190012945974E-019   6.6225867246201184E-017   6.1079644938332231E-011  -5.1168206200728518E-005   5.8766164273570410E-011   2.4878446763290939E-015   2.1717119798348176E-010   1.0430845949911951E-003   1.1030298594517756E-010  -1.4976620436162313E-017  -2.1229395959362864E-019  -2.2476887720439917E-019  -5.6079731008194210E-018   3.1032189167843609E-018  -2.5682441197199061E-018   1.7316846863488384E-011  -3.0031551550343323E-011   1.2552852072891879E-011  -2.9185172984916378E-011  -3.8487587793377357E-011   5.9521829659222868E-012   3.5011548633521817E-011  -2.1287720217036273E-011  -1.6941947302935051E-011   6.5105776254837942E-012   4.9772306765738742E-014   2.2490920855512834E-009   9.2424312119504456E-003   1.3467535117603248E-009   4.3592247351223088E-018   9.1023792753673650E-019   3.6465121662747883E-019  -6.5980477305791097E-018  -2.9759136679896759E-018  -5.5765491651671114E-018   8.5316193531875437E-014   2.5113493831844616E-014  -1.5566686256924361E-017   7.4107810768558313E-019   2.1747969596711772E-019  -1.3273786924011827E-017   2.8646961286404821E-019  -1.2709035395764167E-017  -9.5930030640518320E-010  -3.0396662196832923E-003  -6.0767157217955608E-010  -1.7703247241215069E-014   1.5859894374794193E-015  -2.0073566094350681E-015  -9.7776704882407857E-014  -3.4231356235622460E-015
   6.6509974552702875E-012  -1.4357062367452849E-012  -9.8871387249805271E-006  -2.8091071918610867E-016  -2.1723045313276928E-011   1.3005449236932167E-011   4.4553027643132248E-005   1.4943107989323108E-017   7.3693119454863712E-018   3.0226903097899963E-019   2.3739742703193834E-018   1.8637525686300072E-018  -5.4369293104136535E-018   1.2066256059313641E-017   4.6263467628113105E-011   5.8766079929756759E-011  -5.1168256013908764E-005   1.4854818123828376E-016  -3.0983871107498116E-010   1.1031460785745639E-010   1.0430849945125347E-003   7.2025899353477959E-018  -2.7406731272487742E-018   9.2355007761477549E-019   1.1664904903838046E-017   6.0364968611313977E-018   6.6591456525636356E-019   1.2995658985967256E-011   1.2903402350701829E-011   8.9054675530198884E-012  -2.9739851402850397E-011  -2.2972975789988886E-011   1.2304341952595768E-011   1.6151354713139448E-011  -1.8551125028638082E-011  -3.4572718497527388E-011   7.1883942428679836E-012   5.9789253408721263E-015  -2.2257508602086214E-009   1.3468590365008135E-009   9.2424341544739292E-003   4.8062856587257334E-018   1.8178530234652208E-018  -1.0603423737978077E-018   8.6077651424441498E-018  -1.9849563102996960E-018   7.8318640912681866E-018   1.0755638386623894E-014   1.4789147991291436E-015  -4.6937718346120759E-018  -6.3701310593315759E-019   3.5554491553933751E-019  -4.3549619114712270E-018   5.9754529378754547E-019  -2.4901121050341812E-018   7.8983888385095920E-010  -6.0762851023273541E-010  -3.0396672808566368E-003  -1.3113834849611426E-014  -1.2840158091721898E-014  -1.1183659777413976E-015   2.8785685688234790E-014   3.6335966805870572E-015
  -1.8758391602049774E-017   5.5470973571683430E-016   2.7387554055074461E-017  0.19671833403885561        2.2224589351799982E-016  -1.1497381842081741E-015   1.4943107989323108E-017   5.6558414753559452E-002   6.6934147416923040E-010   4.3375243607756027E-009  -9.3145295016324276E-009  -5.4354504379645709E-009   1.5532700942879919E-009   4.7658693832801098E-009  -2.8123448932077475E-016   1.0937944058941933E-015  -7.6334397141463973E-017   8.1927667560073494E-003  -2.5097403979103772E-015  -9.6379093323873879E-015   4.2225627424731421E-015  -1.6791928612377506E-010  -4.4727788633558513E-009   5.0076242268509231E-009   2.9236974634004808E-009  -2.5576409664623680E-009  -2.7557865829938315E-009   2.0040710065428611E-016  -3.3957020049881328E-017  -1.1047141312711574E-017   8.3005139371521584E-017   1.6942935696849450E-018   9.1453085146138589E-017  -6.0814865109916817E-017  -1.9440707142968050E-017  -2.8062703269751730E-017  -4.5738778588297852E-017  -5.8500702916372646E-002  -2.1049183145674275E-014  -8.4024032816701496E-014   3.7542980651438310E-014   8.6162134053957476E-011  -1.8007137438617072E-009   6.6272109461421607E-010   3.8780750808011349E-010  -1.3110886909862872E-009  -4.7399238593899766E-010  -3.5749511168855601E-002  -1.3292281597144804E-002   2.1431662481387846E-011  -1.2970439849323848E-009   8.3496395448350472E-010   4.8789494399680421E-010  -8.7001144024604672E-010  -5.0933345893564669E-010   3.7975456325783484E-014  -4.6342570661859726E-014   7.5550782920652125E-014   2.2619353266766239E-002   1.5166740847413859E-002   2.2136395040153706E-003  -5.2956796547718324E-003  -3.5735651097519774E-003
   6.0540717707393605E-020  -1.7735009412515203E-017  -1.6316544782261105E-018   2.3239003364174444E-009  -2.7101176589046807E-019   7.9900208197566884E-017   7.3693119454863712E-018   6.6934147416923040E-010   7.9449360947919355E-018   5.0892887594242208E-017  -1.1009346946190168E-016  -6.4244227899554819E-017   1.8057480045042557E-017   5.6296550922613174E-017   1.8331034876201912E-019  -9.0567054130636170E-017  -9.6723418747105735E-018   9.2944717429700030E-011  -7.5725061269525061E-018   1.8821036871220379E-015   1.6095208910023580E-016  -2.1126005351975792E-018  -5.1982469145493179E-017   5.9615774817287185E-017   3.4805695042066776E-017  -2.9430095206734595E-017  -3.2693195507215134E-017   3.5510209447843284E-023  -5.2629342531073409E-023   2.3850737067724006E-023  -5.6087590739620296E-023  -7.2976925217452516E-023   1.3775663577665125E-023   6.5020897863694336E-023  -4.1267845033629049E-023  -3.6102281956736518E-023   1.2198863408797084E-023  -7.7547458863271427E-010  -7.5258304314303673E-017   1.6752948282294387E-014   1.3491189317874223E-015   9.6708498662043953E-019  -2.0765159640342455E-017   7.8754657759670996E-018   4.6080558973133674E-018  -1.5070493595100852E-017  -5.5754203249348505E-018  -5.6824644118533673E-010  -1.9358567445018506E-010   2.2983286574828914E-019  -1.5017906063187867E-017   9.8288825311357778E-018   5.7431347183347152E-018  -1.0039964168647976E-017  -5.9730430111278556E-018  -1.3525321078298732E-015   7.3565892477219717E-015  -1.3442002924239618E-014   3.4138719700532089E-010   2.2887440455543854E-010   3.2375936693428127E-011  -7.4990385432315970E-011  -5.2677108574975638E-011
  -1.2099763385906464E-018  -4.9865227320917068E-019  -6.6561390051302526E-020   1.5167011646622298E-008   5.4527031038379639E-018   2.2503885404401090E-018   3.0226903097899963E-019   4.3375243607756027E-009   5.0892887594242208E-017   3.4098785107271622E-016  -7.1705791386742721E-016  -4.1844157076254181E-016   1.2526635413800227E-016   3.6752853290227819E-016  -6.2864027464268989E-018  -2.8416195683248840E-018  -5.1804889316870683E-019   7.0482151638224939E-010   1.2742910356230911E-016   5.0219281528112819E-017   5.4393140057946857E-018  -1.0512815979853950E-017  -3.6102305383865568E-016   3.7743128281542117E-016   2.2038048560245042E-016  -2.1200623892352145E-016  -2.0986827775912987E-016   1.7259852794266949E-023  -6.9638786301727352E-024   1.0239430946111713E-024   2.1108515735810392E-024  -3.5552171151608296E-024   7.3647579871301944E-024  -4.6000980666217031E-024  -6.4264317966477861E-024  -2.8340470176359134E-024  -1.8205887199059694E-024  -2.9204059443591711E-009   1.1275729755584064E-015   4.2859345127456695E-016   3.7306825380246211E-017   7.5948271623986898E-018  -1.4833042307148248E-016   5.0213953714831351E-017   2.9392673782594427E-017  -1.0890848079143646E-016  -3.6989052432327822E-017   1.0533179196953689E-012  -3.6999916940479184E-010   2.1114317026974940E-018  -1.0593053977001015E-016   6.5014188002248491E-017   3.7993380055732022E-017  -7.1715270231562044E-017  -4.0105377441458423E-017  -6.2985405235117560E-016  -2.9055090148187390E-015  -1.8498457472381848E-015   9.2202756604092551E-011  -6.4843389398331116E-011  -1.1284226975369382E-012   2.8459444649470461E-011   1.4786899187378647E-011
   2.7130566779774251E-019   2.4143089150977340E-020  -5.2681409784457017E-019  -3.2424174220236609E-008  -1.2218776003577419E-018  -1.0901832262331008E-019   2.3739742703193834E-018  -9.3145295016324276E-009  -1.1009346946190168E-016  -7.1705791386742721E-016   1.5349155839888806E-015   8.9569472269523568E-016  -2.5780106900085261E-016  -7.8556122498624154E-016   1.3531479026775593E-018   1.3169996224500500E-019  -2.7313616559482848E-018  -1.3743680633167779E-009  -2.9086273253900643E-017  -2.4916063577757599E-018   5.5532673661308145E-017   2.6889685763641899E-017   7.4246618652588035E-016  -8.2258570836632242E-016  -4.8027169365428603E-016   4.2636107701625668E-016   4.5338337678764536E-016  -3.2253441058364463E-023   7.0807890164712313E-024   1.9995531839475130E-024  -1.4896039405794364E-023  -9.5165885271922343E-025  -1.4497129818651321E-023   1.1735457495190373E-023   3.1673195602907475E-024   2.9474020110559527E-024   7.6548661130285058E-024   9.1292701374932007E-009  -2.6091974115038635E-016  -2.1665081156082930E-017   4.9174433776602055E-016  -1.4506493916604718E-017   2.9983816365239320E-016  -1.0894608634631457E-016  -6.3755281383654644E-017   2.1860229240331548E-016   7.8265459170955695E-017   4.9989247567205015E-009   1.9954528830400469E-009  -3.6895643347716170E-018   2.1578790667634371E-016  -1.3782089899466289E-016  -8.0534209589898818E-017   1.4496982918255233E-016   8.4224884304325951E-017  -4.5344818659754040E-016   7.6684988878816805E-017  -2.1447135865053227E-016  -3.0765851169720609E-009  -1.9626245767390168E-009  -2.8399556464542003E-010   6.3710067652598663E-010   4.5182627822400745E-010
   9.4682750779798066E-019  -1.4626377670224235E-017  -4.1014190437924939E-019  -1.8921031558907796E-008  -4.2636388269671434E-018   6.5890194814493970E-017   1.8637525686300072E-018  -5.4354504379645709E-009  -6.4244227899554819E-017  -4.1844157076254181E-016   8.9569472269523568E-016   5.2267958624945245E-016  -1.5044286015792153E-016  -4.5841199882060682E-016   4.6864297120373790E-018  -7.4339702060349953E-017  -3.2615172827181447E-018  -8.0205882731206655E-010  -1.0183632748313109E-016   1.5554104937894530E-015   3.2895680305680646E-017   1.5689716529772966E-017   4.3327512492603221E-016  -4.8001149252346024E-016  -2.8025765598919038E-016   2.4881197953458827E-016   2.6456873824922854E-016   5.1731824119633262E-024  -3.8563851736796663E-023   1.9110395260862239E-023  -4.9415253125658873E-023  -5.7325119242637371E-023   7.2018356321992088E-026   5.7803558655789455E-023  -2.7523444115171204E-023  -2.3945666755210099E-023   1.2985385027783572E-023   5.3262602088773729E-009  -9.1574327394005569E-016   1.3866963911240131E-014   2.2004814242806206E-016  -8.4658804540429405E-018   1.7497625212593823E-016  -6.3574560222439197E-017  -3.7203857179579850E-017   1.2757014046407153E-016   4.5671887206044305E-017   2.9152043303769194E-009   1.1639813711012754E-009  -2.1533477043324109E-018   1.2592645591924231E-016  -8.0425425144208425E-017  -4.6995763557455814E-017   8.4599889794088153E-017   4.9149759260317252E-017  -1.9610223870602326E-015   9.7801759794122357E-015  -1.2126469285353927E-014  -1.7942425294939850E-009  -1.1444912866282224E-009  -1.6561870781014057E-010   3.7148368748965945E-010   2.6348020418430690E-010
  -3.2593829726732314E-019  -2.3960990336027840E-020   1.2064828753394815E-018   5.4616574548714490E-009   1.4681830395022183E-018   1.0875190012945974E-019  -5.4369293104136535E-018   1.5532700942879919E-009   1.8057480045042557E-017   1.2526635413800227E-016  -2.5780106900085261E-016  -1.5044286015792153E-016   4.7186718918256606E-017   1.3237748996017263E-016  -1.6460838938687467E-018  -1.9422287775904248E-019   6.2650430693018889E-018   2.8133835345333438E-010   3.4757611308863126E-017   1.8781311585888481E-018  -1.2709147363440145E-016  -2.8675969383076668E-018  -1.3610388153603655E-016   1.3264686975334897E-016   7.7458693964035423E-017  -8.1930340780626684E-017  -7.4591301707059212E-017   3.4553229942931980E-024  -3.1295117120477874E-024  -1.0380806007926962E-024   5.7919002958019833E-024   2.0451918791889245E-024   7.1929185910004615E-025  -5.7006074413876330E-024   5.2647957015759632E-025   3.2872591693636751E-024  -1.9309800470274647E-024  -4.5155036635769127E-010   3.1053034093945966E-016   1.2222747482117906E-017  -1.1247887488376339E-015   3.0945850468429096E-018  -5.7003670730038167E-017   1.7749774004091690E-017   1.0393170118527587E-017  -4.2175525696501576E-017  -1.3488237528611188E-017   1.0402826718900702E-009   1.1720937698089890E-010   9.3172151468777300E-019  -4.0364617213791808E-017   2.3654340164482603E-017   1.3824593830781115E-017  -2.7559672179897876E-017  -1.4756539621671110E-017   3.2893710258955066E-016  -7.4955970226531985E-016   5.9388831622616780E-016  -5.6553224690513063E-010  -4.6026699037250687E-010  -5.9959786093464648E-011   1.5537305969314002E-010   1.0584709947981860E-010
   1.0098599967397386E-018  -1.4700005546837994E-017  -2.6740809792471210E-018   1.6596280918782509E-008  -4.5474443836419079E-018   6.6225867246201184E-017   1.2066256059313641E-017   4.7658693832801098E-009   5.6296550922613174E-017   3.6752853290227819E-016  -7.8556122498624154E-016  -4.5841199882060682E-016   1.3237748996017263E-016   4.0209483065342006E-016   4.9983087455416260E-018  -7.4996263585156512E-017  -1.5038902812564145E-017   7.0906314159137779E-010  -1.0861660336607748E-016   1.5606740945375548E-015   2.7118439037589720E-016  -1.3576909800373035E-017  -3.8126987109205077E-016   4.2037592192615421E-016   2.4544039945476373E-016  -2.1936766749426126E-016  -2.3186418741518214E-016   4.3255879222480030E-023  -4.1553327032978796E-023   1.9101245912988709E-023  -4.0207838082920910E-023  -6.2556228699429893E-023   1.9245247164788306E-023   4.8728891077577766E-023  -3.5227579808376972E-023  -3.7369536823141791E-023   6.0881878246302334E-024  -4.5508725587464262E-009  -9.7671707311605260E-016   1.3896334340177915E-014   2.3276228677169742E-015   7.4982190658055632E-018  -1.5420127255431738E-016   5.5696417739134754E-017   3.2594233068094001E-017  -1.1249230213287790E-016  -4.0094322209497282E-017  -2.3473918595563042E-009  -9.7048193621762783E-010   1.9233262491988181E-018  -1.1090169800247594E-016   7.0592795152600760E-017   4.1250438334246218E-017  -7.4555191705982238E-017  -4.3174337108592582E-017  -2.0922459539614602E-015   6.8563848922999566E-015  -1.3464805036282286E-014   1.4530817446715797E-009   9.1578182914286862E-010   1.3325905730603194E-010  -2.9664135124808778E-010  -2.1083917211380028E-010
   1.1355124618343336E-005  -1.5079217635929432E-011  -1.2369108444048263E-011  -9.5482321451406544E-016  -5.1168249699003142E-005   6.1079644938332231E-011   4.6263467628113105E-011  -2.8123448932077475E-016   1.8331034876201912E-019  -6.2864027464268989E-018   1.3531479026775593E-018   4.6864297120373790E-018  -1.6460838938687467E-018   4.9983087455416260E-018   5.8783022149830868E-005  -1.6896000921746217E-010  -7.7607315219343598E-011   1.9336802054440365E-016  -1.1977963896615971E-003   1.7668936315142390E-009   8.5477719866421886E-010   3.4429324693260762E-018   5.9316184861966116E-018   7.4285892698284173E-019   2.6679917651586431E-018   5.3784115697931628E-019  -2.2256088359513217E-018  -2.6161165221506819E-011   3.2838966760653711E-011  -1.1898763844391266E-011   4.0806862351746151E-011   1.1746945742458409E-011  -5.7069643867183118E-012  -1.9141183214645003E-011   3.4232490607826070E-011  -7.1583773404022513E-012  -1.6646578072333669E-011   6.6459568438098150E-015  -1.0612178664356996E-002   1.5285290337573266E-008   6.9772912452413619E-009  -9.8100208628456428E-019  -2.0776991271239494E-018  -2.1910483197731775E-018   1.0219029444025777E-018  -4.3757484307432637E-019   2.2785715306771586E-018   1.1599805720061860E-014  -1.5334376193885874E-016  -2.0537661372846559E-019  -3.4515314210351555E-020   1.1397578298331129E-018  -6.8753532762130799E-019  -1.9711680805266188E-019  -2.2711772764618130E-019   3.6762197514254389E-003  -4.4380210735253788E-009  -2.3341001379259954E-009  -2.8190602412204208E-014  -3.0230839140005167E-014  -3.9685033431997120E-015   4.7788376224710272E-014   9.0648511683261763E-015
  -1.5079185777712636E-011   1.1355113116934934E-005  -1.4705114058110027E-011   5.9030883969712944E-017   6.1079631928063558E-011  -5.1168206200728518E-005   5.8766079929756759E-011   1.0937944058941933E-015  -9.0567054130636170E-017  -2.8416195683248840E-018   1.3169996224500500E-019  -7.4339702060349953E-017  -1.9422287775904248E-019  -7.4996263585156512E-017  -1.6896000921746217E-010   5.8782942352543682E-005  -1.5208616654091603E-010  -2.5045260824567195E-015   1.7668961670159890E-009  -1.1977955204231364E-003   1.5994255109740188E-009   1.6894597632282819E-017   3.3167809264117452E-019   2.5697997687622756E-019   6.0226842088502025E-018  -3.5339266156078918E-018   2.6063293891267083E-018  -1.9883653131832707E-011   3.4483762430431109E-011  -1.4413533238326594E-011   3.3511137256851122E-011   4.4192209756437077E-011  -6.8344149954714251E-012  -4.0202305799812605E-011   2.4442823062916456E-011   1.9453953644833159E-011  -7.4753819830901305E-012  -4.8959021597401826E-014   1.5285313168120947E-008  -1.0612171480426057E-002   1.3749759865097154E-008  -5.3250205180673543E-018  -9.1618737520022910E-019  -4.8457775405623985E-019   7.2237137172308923E-018   3.3442891296833510E-018   6.2061131764492721E-018  -8.3972777479544599E-014  -2.5072068203110356E-014   1.7980651412545268E-017  -1.0272918853532134E-018  -2.0559643169505344E-019   1.5528942200419587E-017  -2.5012676780214779E-019   1.4655597208583437E-017  -4.4380852000762682E-009   3.6762174175711169E-003  -4.0562516703034005E-009   1.4997846637862527E-014  -4.4857050437831033E-015   2.0870077943580877E-015   1.1187830079977050E-013   4.2738669469992969E-015
  -1.2369104859713283E-011  -1.4705271337506945E-011   1.1355126566930306E-005   2.1570891031479111E-016   4.6263460052858241E-011   5.8766164273570410E-011  -5.1168256013908764E-005  -7.6334397141463973E-017  -9.6723418747105735E-018  -5.1804889316870683E-019  -2.7313616559482848E-018  -3.2615172827181447E-018   6.2650430693018889E-018  -1.5038902812564145E-017  -7.7607315219343598E-011  -1.5208616654091603E-010   5.8783018915671339E-005  -6.9295950067266442E-017   8.5477707003995737E-010   1.5994142971465006E-009  -1.1977963735968094E-003  -8.2607038940489152E-018   3.2692412764835279E-018  -1.1230013372378222E-018  -1.3442680649968596E-017  -7.0519285972242309E-018  -8.1476374718975040E-019  -1.4921507250871355E-011  -1.4816159882712339E-011  -1.0225635750941597E-011   3.4148774382690977E-011   2.6378199602914495E-011  -1.4129467931770833E-011  -1.8545296602857905E-011   2.1300534444362787E-011   3.9697286075321864E-011  -8.2535322017130272E-012  -4.4837212338992566E-015   6.9772903443399374E-009   1.3749657598429408E-008  -1.0612178353848917E-002  -5.6441081919563473E-018  -2.0494336410287850E-018   1.2589736930541230E-018  -1.0074529175096490E-017   2.3169849686730801E-018  -8.9860788925311459E-018  -8.2266186542823076E-015  -8.7518266845945480E-016   5.4784647043927591E-018   6.7357369236182426E-019  -3.7005489358498451E-019   5.1770981984729758E-018  -6.8989288065825410E-019   2.8850162100058389E-018  -2.3340582607127267E-009  -4.0563125908475720E-009   3.6762197879484644E-003   1.1490927084032059E-014   1.1594081186203597E-014   8.8781113683644237E-016  -2.9422546756250025E-014  -3.3313014249735144E-015
   5.2902112645870004E-017  -1.0989474596271318E-015  -1.4225716188711095E-016   2.9237788580206991E-002  -1.1020219910274223E-016   2.4878446763290939E-015   1.4854818123828376E-016   8.1927667560073494E-003   9.2944717429700030E-011   7.0482151638224939E-010  -1.3743680633167779E-009  -8.0205882731206655E-010   2.8133835345333438E-010   7.0906314159137779E-010   1.9336802054440365E-016  -2.5045260824567195E-015  -6.9295950067266442E-017   1.8897976293196592E-003   2.2940068308453747E-015   9.0172590738278437E-015  -3.3332375068018559E-015  -2.6559904511248664E-012  -8.1298779817518117E-010   6.6496484499730848E-010   3.8839983069869252E-010  -5.1587853682952351E-010  -3.8574470324398394E-010   1.1988113878606695E-017  -9.0371760861914395E-019  -1.9000285461290870E-018   2.7648407919018101E-017  -4.6905093703333535E-018   8.4975828647192533E-018  -4.3872517508734318E-017  -4.8588771138559116E-018  -9.3610122341229235E-018  -1.0558126564143748E-017   5.8667084247764501E-003   2.2684421694041446E-014   7.0410131946367090E-014  -3.0733629664211500E-014   2.1508924667535806E-011  -3.5442975200503272E-010   9.0407569347480817E-011   5.2984218329760081E-011  -2.6638250238798190E-010  -7.4494674781681417E-011   1.9959167253757099E-002   3.9330219847214009E-003   7.4391670180841113E-012  -2.4756425081296120E-010   1.2989824357006844E-010   7.5936992845168579E-011  -1.7218506992887876E-010  -8.3377347190072935E-011  -4.0342277074154965E-014   4.3627518834105314E-014  -5.6894663300431741E-014  -1.2425945294131904E-002  -9.8229786239851253E-003  -1.3852909168455842E-003   3.7567570406910520E-003   2.3699317925828670E-003
  -2.3148026431058205E-004  -1.7045831471541952E-011   1.1160602486265561E-010   2.2151724641941833E-016   1.0430848220022930E-003   2.1717119798348176E-010  -3.0983871107498116E-010  -2.5097403979103772E-015  -7.5725061269525061E-018   1.2742910356230911E-016  -2.9086273253900643E-017  -1.0183632748313109E-016   3.4757611308863126E-017  -1.0861660336607748E-016  -1.1977963896615971E-003   1.7668961670159890E-009   8.5477707003995737E-010   2.2940068308453747E-015   2.4422515526301456E-002  -1.7600114447520093E-009  -2.6032423203351858E-009  -7.2278734918761003E-017  -1.1917703388793742E-016  -1.3732746230313391E-017  -5.4492521933767347E-017  -1.1629562598917770E-017   4.7602933212092908E-017   5.3347312940208356E-010  -6.6965133314277346E-010   2.4260179421785932E-010  -8.3213347938330107E-010  -2.3955207561459784E-010   1.1638354265755216E-010   3.9032718963393497E-010  -6.9804736238953651E-010   1.4597250938728124E-010   3.3946910389476145E-010  -6.1125915868624768E-015  0.21641046725883709       -7.9586467873252441E-009  -1.0908408879309527E-008   2.0337001643903458E-017   4.3176417998878229E-017   4.4677208726208069E-017  -2.2204680011300026E-017   1.0038551456541055E-017  -4.6686374176500915E-017  -5.2382632610058231E-015  -1.9375288834564737E-015   3.3398492789410286E-018   1.3678641120418668E-019  -2.4322730050301061E-017   1.4930076585715238E-017   3.3366693347673141E-018   4.0689060889403817E-018  -6.9391260174504255E-002   2.0760538093083714E-009   3.6413744041679960E-009   2.0352915910042365E-014   1.9770335094088939E-014   2.8817947240828306E-015  -3.3959010439271518E-014  -6.2027437448944027E-015
  -1.7046925829171443E-011  -2.3148017625509784E-004   9.4916240087860424E-012   4.2416406092299027E-016   2.1717358386804265E-010   1.0430845949911951E-003   1.1031460785745639E-010  -9.6379093323873879E-015   1.8821036871220379E-015   5.0219281528112819E-017  -2.4916063577757599E-018   1.5554104937894530E-015   1.8781311585888481E-018   1.5606740945375548E-015   1.7668936315142390E-009  -1.1977955204231364E-003   1.5994142971465006E-009   9.0172590738278437E-015  -1.7600114447520093E-009   2.4422513250907982E-002  -1.9574413786647243E-009  -3.5356628604700812E-016  -4.1165870594117513E-018  -5.2665476592331418E-018  -1.3529446643815036E-016   7.2952070041566663E-017  -6.3418163132228851E-017   4.0546704098362600E-010  -7.0317051959003295E-010   2.9391995721478944E-010  -6.8335940728861700E-010  -9.0117487921714792E-010   1.3936824104532259E-010   8.1977145743910408E-010  -4.9844613163679811E-010  -3.9668181712294399E-010   1.5244459968753683E-010   2.2610905308891121E-014  -7.9586600016766582E-009  0.21641045766427680       -8.6719394374802554E-009   9.9007273763004104E-017   2.2555464027225564E-017   7.9078937540602136E-018  -1.5786540567143901E-016  -7.0370513577069491E-017  -1.3245982833049661E-016   4.4901231194403791E-014   1.1576313146225801E-014  -3.6346786710386502E-016   1.5666690406190633E-017   5.5143147469109310E-018  -3.0804627854072129E-016   7.4653597442240972E-018  -2.9697591670535777E-016   2.0760916913801772E-009  -6.9391257031357900E-002   2.4275884581507220E-009  -7.1554161511589484E-015   1.8358120416091936E-015  -1.1367411204837611E-015  -6.0825437214171330E-014  -2.1768448636433920E-015
   1.1160594780152737E-010   9.4970629073221208E-012  -2.3148031372933206E-004  -1.7984735521963583E-015  -3.0983860755883414E-010   1.1030298594517756E-010   1.0430849945125347E-003   4.2225627424731421E-015   1.6095208910023580E-016   5.4393140057946857E-018   5.5532673661308145E-017   3.2895680305680646E-017  -1.2709147363440145E-016   2.7118439037589720E-016   8.5477719866421886E-010   1.5994255109740188E-009  -1.1977963735968094E-003  -3.3332375068018559E-015  -2.6032423203351858E-009  -1.9574413786647243E-009   2.4422516230321389E-002   1.6873709943919894E-016  -6.2998672721342000E-017   2.1026456636362436E-017   2.7266354865220923E-016   1.4018807360893443E-016   1.5111581536617880E-017   3.0429266616916435E-010   3.0212787813647177E-010   2.0851670633415015E-010  -6.9634073416380101E-010  -5.3790299675039480E-010   2.8808920408692093E-010   3.7817857294750045E-010  -4.3437092575555877E-010  -8.0950767417365247E-010   1.6831710140766901E-010   4.5478305778972557E-017  -1.0908409505362876E-008  -8.6718897476873753E-009  0.21641047008754699        1.1133614644735656E-016   4.2927977056722321E-017  -2.4430319683298546E-017   1.9971980467417486E-016  -4.6114154073767728E-017   1.8344435268879977E-016   5.3143631498368786E-015  -1.0548340638299381E-015  -1.0905074018680800E-016  -1.5468961432074549E-017   8.6907225376963794E-018  -1.0027798027877164E-016   1.3955689409266099E-017  -5.8057599481717758E-017   3.6413497372496163E-009   2.4276330965712321E-009  -6.9391261239473048E-002  -4.5783397025841460E-015  -5.2152780130933865E-015  -2.8858147548578664E-016   1.5318737554538061E-014   1.5053161775805802E-015
   6.7898847984707228E-019   3.3245107713125950E-018  -1.5984265926461507E-018  -5.6134203595893768E-010  -3.0586588029103160E-018  -1.4976620436162313E-017   7.2025899353477959E-018  -1.6791928612377506E-010  -2.1126005351975792E-018  -1.0512815979853950E-017   2.6889685763641899E-017   1.5689716529772966E-017  -2.8675969383076668E-018  -1.3576909800373035E-017   3.4429324693260762E-018   1.6894597632282819E-017  -8.2607038940489152E-018  -2.6559904511248664E-012  -7.2278734918761003E-017  -3.5356628604700812E-016   1.6873709943919894E-016   1.1704079509341612E-018   8.1711715213224413E-018  -1.6748965034102660E-017  -9.7738921121717214E-018   3.0920417862952085E-018   8.6035188431302039E-018  -6.4424602139593243E-024   1.4551315903217434E-023  -3.5212521949275111E-024   7.7709962203708072E-024   9.9497878776417543E-024  -8.4921130941359636E-025  -1.1282337211590445E-023   6.3181873774258537E-024  -3.0344366421151199E-025  -2.0443985992205498E-024   6.1878818953107203E-010  -6.4488856582594622E-016  -3.1523161094729035E-015   1.4958469805776598E-015   2.5014002489363363E-020   2.4347883111598185E-018  -2.1412748776632846E-018  -1.2505308490596983E-018   1.5138390176066226E-018   1.2256392272142902E-018   8.8495782239223810E-010   2.2684851012344575E-010   6.7708369066648364E-020   2.0322604819956184E-018  -2.1997007856885526E-018  -1.2843433124834144E-018   1.1778088524844571E-018   1.2166383421115040E-018  -5.3892904308456007E-016  -2.2506887562490383E-015  -3.6993967957712215E-016  -5.1285177828827722E-010  -3.6930760533251184E-010  -5.0615081686683533E-011   1.2241808799021069E-010   8.4961658163196399E-011
   1.1347350830084100E-018   4.6959680643834512E-020   6.0785370786356810E-019  -1.5730395978871160E-008  -5.1141389960414049E-018  -2.1229395959362864E-019  -2.7406731272487742E-018  -4.4727788633558513E-009  -5.1982469145493179E-017  -3.6102305383865568E-016   7.4246618652588035E-016   4.3327512492603221E-016  -1.3610388153603655E-016  -3.8126987109205077E-016   5.9316184861966116E-018   3.3167809264117452E-019   3.2692412764835279E-018  -8.1298779817518117E-010  -1.1917703388793742E-016  -4.1165870594117513E-018  -6.2998672721342000E-017   8.1711715213224413E-018   3.9258475603550546E-016  -3.8173075962688679E-016  -2.2291105878839368E-016   2.3650740365797316E-016   2.1474047477013602E-016  -1.5575835186678834E-023   4.1838593011024065E-024  -8.4744375451398193E-025  -3.9571549893366522E-024   3.7079139410667542E-024  -7.2083095133551191E-024   9.6956290531277142E-024   6.6112224100079476E-024   4.6313555578485546E-024   2.3907272425688048E-024   1.2433034304315201E-009  -1.0522846392144708E-015  -3.0869993969563432E-017  -5.5045943393719292E-016  -8.9467677754452639E-018   1.6451642772848100E-016  -5.1089890099240307E-017  -2.9915404516881838E-017   1.2174992201087998E-016   3.8863554314048711E-017  -3.0959684806073490E-009  -3.5873528133859724E-010  -2.7013819336108599E-018   1.1648310302925566E-016  -6.8149767114611163E-017  -3.9829737886364445E-017   7.9554082722558996E-017   4.2531762321296142E-017   9.7124231818685563E-016   9.5575460146959280E-016   1.4890468423954846E-015   1.7063400945884510E-009   1.3912111393974406E-009   1.8292143805530063E-010  -4.7399188389672176E-010  -3.2193041091512910E-010
   1.3429360576828768E-019   4.9965062848205532E-020  -2.0474926868829411E-019   1.7354277841592223E-008  -6.0579667501413306E-019  -2.2476887720439917E-019   9.2355007761477549E-019   5.0076242268509231E-009   5.9615774817287185E-017   3.7743128281542117E-016  -8.2258570836632242E-016  -4.8001149252346024E-016   1.3264686975334897E-016   4.2037592192615421E-016   7.4285892698284173E-019   2.5697997687622756E-019  -1.1230013372378222E-018   6.6496484499730848E-010  -1.3732746230313391E-017  -5.2665476592331418E-018   2.1026456636362436E-017  -1.6748965034102660E-017  -3.8173075962688679E-016   4.4865613538265057E-016   2.6193359629019379E-016  -2.1385815150866254E-016  -2.4518540012448697E-016   1.8802056608209345E-023  -2.7201652442396426E-024  -1.0037574406341269E-024   6.3466983364120105E-024   4.5668621836566460E-025   8.8835097027403566E-024  -2.7816155479732235E-024  -1.4016749843567655E-024  -2.9450517404246572E-024  -3.8403069057156268E-024  -6.4269900398431853E-009  -1.1867927140792598E-016  -4.6734697571857613E-017   1.8233888907609984E-016   6.8404263810247551E-018  -1.5126029797295792E-016   5.9163728750099091E-017   3.4614122030975310E-017  -1.0940497184637606E-016  -4.1456716111634567E-017  -5.3450368303559099E-009  -1.7133389416947014E-009   1.5359820872093824E-018  -1.0981106565470921E-016   7.3141155072018187E-017   4.2735844658046376E-017  -7.3147762495928700E-017  -4.4272363692062624E-017   5.4565198252022347E-016   3.4444090001781398E-018  -7.2986033466037155E-016   3.1668451796344525E-009   2.1522333033697257E-009   3.0108392995842506E-010  -7.0332127063852003E-010  -4.9365361027316120E-010
