   7.0514356621878035E-002   8.4990589868113476E-015   3.0322942643152065E-014   6.3348860085510690E-016  0.18558359999757867        5.5207470958555561E-015   2.5965373599189318E-014  -2.9316398321354982E-017  -2.8307751715659547E-017   8.8832995294241712E-017   4.1131446265300580E-017  -2.6468025575501110E-017  -1.0932443419336747E-016   2.8865579672107027E-015   2.1486000622042982E-013   1.4592762278031450E-016   7.1916127330201240E-016  -6.9097808600380799E-014  -2.9408034942766116E-017  -2.4392762040556639E-013  -8.6546620159790014E-017  -1.1437300420095409E-016   3.6661929560483125E-017  -1.6544349477934317E-016  0.16253363154459774        1.8312339152595614E-014   6.1497176691700751E-014  -2.3337065099661798E-017  -9.5619100425503280E-018  -4.2161306332201210E-018  -2.1875722698010315E-018  -2.0655268105354107E-017  -3.4818116106098630E-017   6.0800342944796901E-018   1.7154744410641917E-017   6.0784813014847797E-018  -2.9937649430364863E-019  -6.6429688231410541E-017  -3.0229435260511173E-017  -5.2499134002716988E-017   3.3891225020259676E-017  -4.8469218290471772E-017  -1.2303710438944629E-016   9.9805595524956419E-017   2.4643407681074481E-016   4.7364816697604081E-017  -1.1142023422010567E-017   1.2563416942394337E-016   6.4697812920404482E-016   1.2578851579651647E-013   1.6680631689883947E-016   7.8993804348815609E-016  -3.4510940564476909E-014  -2.2291678575297441E-016  -1.2651745955995898E-013   2.7741327513630099E-017  -9.1017265280865948E-017  -1.4361445671942076E-017  -4.9658769531076581E-016   2.1634143879634738E-002  -1.0409626082902429E-014  -4.9301957682564457E-014  -7.4652433384248079E-016   1.7780291616327087E-016   1.2195474141992592E-015   5.7921048988666436E-016   5.7827215073465005E-017   1.9443768454608838E-017   2.3392891543701616E-016  -6.7819275980247742E-002  -4.3632859782805416E-016  -1.2447227510449565E-015  -3.1618194234905114E-015   8.7905887636648679E-016   5.1009921903467538E-015   2.4047444069277363E-015   9.2471747838189793E-017   5.0541017744116994E-016   1.0940752783649454E-015  -8.1493422545108607E-002  -8.8462109403595696E-015  -3.8365931923585775E-014  -2.8280842024941770E-016   4.1710288954075976E-002   5.0118853016587279E-015   2.9255094982812146E-014  -6.7563025213669400E-016  -5.1232237790377035E-016   3.6790049076423487E-016   1.2815064962517723E-016   1.6764662553864999E-015
   8.4990589868113476E-015   7.0514356616489818E-002  -7.9654083455326583E-015  -3.3374041127563145E-015   4.1722676405177632E-015  0.18558359999813945       -9.2683604699903472E-015   2.3977804925842813E-016   1.2103762265548362E-016  -4.1261976960927535E-016  -4.3162677155572483E-016   4.9952755686405682E-016  -3.9085133040494773E-016   1.3643818384961608E-016   1.2315652049105317E-018   1.6144499963402859E-013  -1.8785120415333190E-016   4.0556649996482281E-016   2.6160408727514985E-016  -7.5434416844406328E-017   3.7100173317099991E-014  -1.6033085990255061E-016  -1.7234166538565244E-013  -4.0836121220775526E-016   1.8016628894721889E-014  0.16253363152567546       -1.9447796507610704E-014  -7.5366015715158072E-016   6.1188126312084136E-017   6.6887783739883259E-017  -5.1581086642622545E-016  -6.4176029074930547E-018  -5.7072405211338607E-016   9.9072032796726281E-018   3.2904529436096433E-017   3.6429947505781116E-017   5.7991396872321301E-017  -7.9642006144195532E-016   1.3725782423088744E-018  -5.9740942875229281E-016  -1.6455551502157521E-017  -9.3434845488901375E-016   1.5266801372097112E-015  -2.2176913371878838E-016   5.0407868535431129E-016   2.2128638487959828E-015  -5.7768887941290450E-016   2.4639069343761100E-015  -1.4303800361103269E-014   1.2723909910283380E-016   1.0337405678777943E-013  -1.9302252261029359E-016   1.4820701187469986E-016   6.7784685188717305E-016  -2.5949463301175316E-017  -1.8756748328199429E-015  -7.0483349531467407E-016  -7.8637890015296576E-014  -9.1698401144755033E-019  -1.0692085077957142E-014   2.1634143892853716E-002   1.2281176867599295E-014   1.1710573456369218E-015  -7.9655692525734174E-016   5.2754107977838451E-016   4.5091409413336334E-016   3.8471779623709766E-016   3.3487215822731207E-016   6.9625344174230643E-015   4.2103245885432386E-016  -6.7819275984280530E-002  -2.2952538200478985E-015  -1.3605339426586434E-015  -3.2451191319309776E-015   3.0199900081703278E-015  -3.0612276142001880E-015   2.7403904732767993E-016  -3.0921560087727838E-015  -1.6365281019698418E-015  -7.8992465871405667E-015  -8.1493422538904139E-002   6.7283695513802993E-015   3.0221910242584298E-015  -2.7258856440097754E-015   4.1710288952257063E-002  -5.6150542539279653E-015   8.4149369074627693E-015   5.2037291618825558E-015  -9.9907765753957960E-016  -2.1549126318897069E-015  -3.5753154218778210E-015
   3.0322942643152065E-014  -7.9654083455326583E-015   7.0514356608849083E-002   3.1772961237633763E-016   2.3835520264746694E-014  -2.4842552686661777E-015  0.18558359999619567        4.0524300761757394E-017   4.1906190403520255E-016   2.8146680897504332E-017   1.0500482554405154E-016  -2.3000648038152829E-016   3.7701344465842824E-017   3.4635906140845228E-015   3.5602754118098772E-016   3.7717177747652869E-017   2.1036163547565512E-013   1.4238989030045713E-016   3.5176520467113530E-017   8.3212339413349416E-016   7.1106578391853178E-017   4.8839510961161010E-014   9.8757070035012740E-017  -2.5654199193617661E-013   6.0398403011423631E-014  -1.8523231526934139E-014  0.16253363150398270       -7.4828371925089337E-016  -1.0104110250293047E-016   1.9049728834074126E-017  -3.6644670469950017E-016  -1.0885730658467644E-017  -3.7327055441475124E-016  -7.4101767377313136E-017  -1.3056460356641482E-018  -5.7236643567790789E-017  -1.4254112665494907E-017  -5.8184937577742192E-016  -4.4406816556422212E-017  -3.3600548058273597E-016  -3.2840278094778443E-017  -6.2036420953582410E-016   3.0348737757388026E-015  -2.3465547872517388E-016  -8.2310752964805745E-018   2.6556540812036232E-015   2.5655618114671993E-016   2.7472539274903304E-015  -1.0277915795390179E-014  -2.9556807837916895E-016   3.4925420405116480E-016   1.1276761446603817E-013  -3.5936374829328375E-017   1.4179005032493915E-016   9.7316124776685566E-016   7.6076317300558064E-016   2.4483446925900047E-014  -1.2533954118861291E-016  -1.6641907287545267E-013  -4.8954102744588153E-014   1.5278239868719554E-014   2.1634143907790747E-002   2.7752049286159373E-015  -8.3807822428193337E-016   1.1083940340933041E-016   2.4288269912923417E-015   1.0348975628486886E-016   2.4553679812580441E-015  -7.4519808967396386E-015  -9.0120652758272522E-016  -1.9365892056082701E-015  -6.7819275987551483E-002   8.6398503786097148E-015  -3.4940719383942654E-015   3.2493603344288618E-016   6.8090792243610589E-015   7.2867716039479930E-016   7.2702145404463511E-015  -6.0220181600007908E-015  -3.7855806331101873E-014   8.3110360595800808E-015  -8.1493422530538331E-002  -1.3843833486043836E-015   3.1025446570374601E-014  -2.4026661297803472E-015   4.1710288948623789E-002   1.4222655666584636E-015   1.5064482413946542E-015  -8.9802404865230373E-016  -1.2676844144205760E-016  -6.8720914408811195E-015
   6.3348860085510690E-016  -3.3374041127563145E-015   3.1772961237633763E-016  0.15149025854656104       -1.6579542506962759E-015   5.6223603319314025E-018  -3.9316154504913813E-015   8.7027549315357296E-012   4.8732945924857551E-015   3.7685494945051633E-014   4.0624306115546860E-013  -1.0564827815047681E-014  -9.0599067908922132E-012  0.38749807135001613       -7.5994729044508178E-016   4.2135972357196581E-017   2.6756524779692334E-016   6.3756028062551626E-017  -9.5243864118364240E-016  -9.3858435555530519E-016   2.9845435824053056E-016   2.6044817058612962E-016  -7.7092142023701829E-017   1.2037376598174685E-016   4.3667040415506077E-015  -6.7147458485553571E-015  -2.5118866757844343E-015   1.1452360768452683E-013   6.2610395675113324E-017   6.7598383296034411E-017   1.0416683701212867E-013   1.9783727411159244E-019   8.5483898409078285E-014   7.6859197440213122E-017   7.2851775362276301E-017   6.0131606820012041E-017   1.6057769169439159E-017   1.3446510334413201E-013   8.5657810522161604E-019   1.0854311684766211E-013  -7.0534006281071582E-017   1.3489034950352058E-013  -1.5251143823338287E-011  -4.0471242889780467E-015  -2.2036280003975399E-014  -4.3901765206018686E-013   4.2233691617750727E-015   1.4407137544020501E-011  0.16229781833382823       -1.8074093521983692E-015   5.8538174202074103E-017  -1.0942786122532761E-016  -9.8703486318178142E-016   5.5779567435410308E-016  -5.8054039657040837E-016  -6.0684106978178182E-017  -1.8893743486347578E-016   1.7365614677505749E-016  -2.3967549590294311E-016  -5.0735521441226796E-016   5.3806541327174028E-016   9.0829584605547631E-016   1.1351073728941476E-013   1.9944724079850173E-014   1.6268123884459870E-013   2.8487693558887059E-012  -4.7922244759781213E-014  -3.6109302965410982E-012 -0.26178539542278290        4.3276155773551252E-015  -4.5381067788144206E-015   5.4358371530331285E-016  -1.7207334129583727E-011   6.0163487568657568E-014   5.1408702198870389E-013   1.0200336843653140E-011  -1.5299759071807948E-013   6.8092746103728893E-012 -0.18380808389809239        6.9472732191176464E-015  -5.4828271026810319E-015   2.1509625910020400E-015   1.9018144877405375E-002   4.7552223305446197E-015   6.7115222490551583E-016  -1.6523694088767838E-014   9.9314987167681917E-002   4.6582295221204315E-002  -5.5334258553512853E-003  -1.3511732396716705E-002  -1.8680068829352112E-002
  0.18558359999757867        4.1722676405177632E-015   2.3835520264746694E-014  -1.6579542506962759E-015  0.48843141412421770       -3.3339135418359107E-014  -7.8640752120180419E-014  -6.3396859009851340E-017  -7.8369587006295832E-017   2.1164869333583216E-016   9.7996583939995733E-017  -6.8705608993832765E-017  -2.9055849123571901E-016  -7.4667661942156040E-016   5.6537528364114203E-013   3.8616407978865963E-016   1.8884925712067406E-015  -1.8182983882664541E-013  -7.4580197245390296E-017  -6.4169033725873252E-013  -2.2628341911564041E-016  -2.9810893410023903E-016   1.0070832432819455E-016  -4.3334200863887670E-016  0.42777339912978934        6.3860399660908857E-015   3.3686346152307124E-014  -6.2722617254877050E-017  -2.5679423129326145E-017  -1.0415585737536903E-017  -4.2132206744017750E-018  -5.4773369696920673E-017  -9.0283334977590743E-017   1.6866101223696317E-017   4.5359899047627998E-017   1.5575472885145653E-017  -1.5099635085238649E-018  -1.7432541161088198E-016  -8.0539351955193755E-017  -1.3864792943527193E-016   9.0169255766146141E-017  -1.2700764316025703E-016   3.2243262451848824E-016   3.1585599550811522E-017  -5.7044215759893840E-016  -4.0198360288808719E-016  -2.9313779041236673E-017   2.0950695094820192E-016  -2.3980773574025558E-015   3.3128613932824691E-013   4.4080983747778241E-016   2.0853178383580023E-015  -9.0742746353079220E-014  -5.8884291421993735E-016  -3.3320095660957374E-013   7.5591714340872840E-017  -2.4209884252047064E-016  -3.8626149795264281E-017  -1.3094353774155811E-015   5.7129234876042850E-002  -2.9739414672353457E-014  -1.2712139266989010E-013   1.1137379653460559E-015  -6.2759699839421232E-016  -2.5902385130873913E-015  -9.7824521194395398E-016   1.5302225652950782E-016  -5.2437723865422317E-016  -1.0169034920650051E-015 -0.17783387479012772        2.7512786828141175E-014   1.1845310778592550E-013   4.4325667888379037E-015  -2.2268991192573862E-015  -1.0603340733891946E-014  -4.0392879857729525E-015   2.4726398406124869E-016  -1.0566059952424011E-015  -2.1884964515066930E-015 -0.21347613647375430        1.4774513268631960E-014   6.7399712232115187E-014  -1.5483689929299560E-016  0.10777421838825248       -1.3778393025224116E-014  -7.0951877880598814E-014   2.3393148600032356E-015   3.7265719526073429E-016  -1.1612268198190058E-015  -3.2393681509741863E-016  -6.3494304654302339E-015
   5.5207470958555561E-015  0.18558359999813945       -2.4842552686661777E-015   5.6223603319314025E-018  -3.3339135418359107E-014  0.48843141416447189        2.4197320292278377E-014   6.3478753528805715E-016   3.3048980658544644E-016  -1.1009945529287488E-015  -1.1392166808973904E-015   1.3149348051078739E-015  -1.0215221102354942E-015   2.2407631134890939E-014   7.1034159112020218E-018   4.2479246641795956E-013  -4.9513996326768808E-016   1.0630559518787725E-015   6.8559910664132560E-016  -2.0057829904549411E-016   9.7547690078385761E-014  -4.2169207176545032E-016  -4.5335606580806011E-013  -1.0734867556486482E-015   8.7147507935696553E-015  0.42777339911388501       -8.5693635482611891E-015  -1.9908753203253844E-015   1.6009361162169986E-016   1.7481600023240932E-016  -1.3619422345439013E-015  -1.7317853216687246E-017  -1.5073200192933149E-015   2.6643657103852247E-017   8.5638522499824064E-017   9.5159371338743577E-017   1.5245622858176228E-016  -2.1030969623563022E-015   3.6355485004997571E-018  -1.5753680501027258E-015  -4.3293149889690920E-017  -2.4653100520974966E-015   4.0618726193295726E-015   1.0684713437902807E-016   3.9296536157681906E-016   5.4921189173785450E-015  -1.5240200028473055E-015   6.8614058442584821E-015  -2.6973700449021852E-014   3.2984696952716533E-016   2.7212392269404461E-013  -5.0855069558319493E-016   3.9442534937312575E-016   1.7886958599454633E-015  -6.6445866348861693E-017  -4.7993597356498841E-015  -1.8579998135003208E-015  -2.0721023942582860E-013  -4.6037548585192031E-018  -3.0819937197455646E-014   5.7129234913474776E-002   3.7386540919250049E-014   3.1727443138588397E-015   1.1802588253303647E-015  -3.0485319393971078E-015  -4.9805358022226730E-016   9.9316022820127004E-016   2.5506652324713176E-015   2.0876873577812757E-014   2.6232810662435884E-014 -0.17783387482145907       -2.5474517374678696E-014  -3.2406371990795546E-015   5.0350758519992912E-015  -1.0436179861884582E-014  -1.5076921094291912E-014   6.4032164526038900E-016  -1.2585617642947313E-015   6.9254301636973904E-015   1.2181163244417276E-014 -0.21347613648443067       -6.3122776566672281E-015   2.5612595716442909E-016   6.3534258164160625E-015  0.10777421839462978        1.6694998010886696E-014  -6.6130994131515753E-015  -4.7452009711479170E-015  -5.3495609325193801E-016   1.1948496405239521E-015  -1.6240400685684695E-015
   2.5965373599189318E-014  -9.2683604699903472E-015  0.18558359999619567       -3.9316154504913813E-015  -7.8640752120180419E-014   2.4197320292278377E-014  0.48843141420712832        1.0283194763548242E-016   1.1193939282566217E-015   6.8687893314444648E-017   2.8105850833413240E-016  -6.1159192667850194E-016   9.8958508770133192E-017  -2.9202849668939526E-015   9.4051492137547747E-016   9.8269853919512287E-017   5.5340503420606313E-013   3.7462148976007968E-016   9.1765424994631181E-017   2.1834120887667490E-015   1.8652528060603108E-016   1.2837117472525435E-013   2.5986738687237620E-016  -6.7498135433945683E-013   3.5652092782449858E-014  -2.2019424433313211E-014  0.42777339909854112       -1.9333517880673695E-015  -2.6489143975006228E-016   5.0288621763057650E-017  -9.4581324422548146E-016  -2.8679853350859721E-017  -9.6290824657981271E-016  -1.9690919926973618E-016  -4.3780954929796993E-018  -1.5004294558425408E-016  -3.7076265665257196E-017  -1.4970062571752965E-015  -1.1656545566722959E-016  -8.6469908519062202E-016  -8.7453622042185446E-017  -1.5957163127618654E-015   7.6869106818389870E-015   2.4035795162254784E-016  -2.7589973688774440E-016   7.1547281830496563E-015   4.0188468664781933E-016   7.0238418705939087E-015  -3.2440221064746267E-014  -7.8371286640147583E-016   9.1829952756261134E-016   2.9693934203670233E-013  -9.4900759292489116E-017   3.7320710756244217E-016   2.5697042338929642E-015   2.0052809183077399E-015   6.4585467464739500E-014  -3.3218581446456440E-016  -4.3830952577004543E-013  -1.2651766273695454E-013   3.8721770013823236E-014   5.7129234955540176E-002   6.3456940439701595E-015   1.8755895027597536E-015  -9.2800309599634151E-016   7.6270926416175129E-015  -1.0390081542646775E-015   5.9707478436897287E-015  -2.1099093699478663E-014   1.1387072264523431E-013  -3.3995626015397882E-014 -0.17783387485728350        1.8953530438208976E-014   7.7098452570069423E-015  -4.1922901678548459E-015   2.3240306298311527E-014  -3.5133133777436441E-015   1.7282713715719247E-014  -2.2153332798283961E-014   6.1067367610308449E-014  -1.8522712254805339E-014 -0.21347613649827341       -3.4220406455067498E-015  -7.0760162137383171E-014   1.0587514860568560E-014  0.10777421840487218        6.5966543595956840E-015   5.4953359696760407E-015   3.6483946392972481E-015  -1.7186388038709635E-016   1.3725313143223265E-014
  -2.9316398321354982E-017   2.3977804925842813E-016   4.0524300761757394E-017   8.7027549315357296E-012  -6.3396859009851340E-017   6.3478753528805715E-016   1.0283194763548242E-016   1.2288112977823673E-006  -5.4259028925176499E-018  -1.5247880899795457E-017  -6.1440564800523598E-007  -3.4416710310506767E-018  -6.1440564982403669E-007   2.2343971988530051E-011  -1.3624909562087457E-019  -1.4880862439849067E-018  -1.1033418253857013E-018   2.8809021492755420E-019   9.1591638468027719E-019   2.1097330488794827E-018  -2.8650557233834339E-018  -1.0814750958198832E-018  -1.6533588647365031E-018  -5.5657534504184817E-019  -7.3425283318161224E-017   5.8910637834559005E-016   8.6391870643204672E-017   2.9415098186055116E-017   4.1021299983266052E-019  -1.6279244718922797E-018   2.2273730900340543E-016   4.9302318028289497E-019   4.0347158706902417E-016  -8.8422229130692810E-019  -8.6995081249101597E-020  -2.1488924812565397E-020   1.5229812931717377E-018   2.0546353324671638E-016  -1.3882867691777340E-019   9.4287658109446266E-017   2.2677124002099284E-019   1.0768125370815415E-016   6.8529255730357308E-005  -1.5749577086764587E-016  -5.1743011212450131E-016  -3.4264627839693709E-005  -1.4668078968641503E-016  -3.4264627893876300E-005   9.2976536195787242E-012   1.2331584755375627E-018  -1.9750137244761517E-018   6.4468548602757516E-019  -6.4314991894248098E-019  -3.5935067906596960E-019  -1.5529372701013097E-019  -3.9193205361079837E-018   2.6527913537464659E-019  -1.7594968058821102E-018   2.2934580725302563E-020  -2.3510337941056347E-018   6.9030903646501000E-016  -1.3745479647523551E-016   3.2580549012585860E-004  -7.6720291828970153E-016  -2.5464596167961965E-015  -1.6290274493489481E-004  -7.1057091895768081E-016  -1.6290274519431235E-004  -1.5533027204377982E-011  -2.4278688121428413E-017   1.9462200351195332E-015  -5.6313369164544815E-016   1.3497465003004727E-003  -3.1640735691744495E-015  -1.0432615648799889E-014  -6.7487324961625994E-004  -2.9396942180056932E-015  -6.7487325069634930E-004  -1.1027783975182906E-011  -2.5655902642902340E-017   3.0318143701316872E-015  -8.4313177834519882E-016   1.1443425185792942E-012  -3.2547311139160082E-015  -9.4216070673120257E-016  -2.5346388353017777E-016   6.5118238351388689E-012   3.0576121302504542E-012  -3.6899675250488514E-013  -9.2709865684567121E-013  -1.3043260512018917E-012
  -2.8307751715659547E-017   1.2103762265548362E-016   4.1906190403520255E-016   4.8732945924857551E-015  -7.8369587006295832E-017   3.3048980658544644E-016   1.1193939282566217E-015  -5.4259028925176499E-018   1.2288112989546247E-006   7.2336427029597405E-018   3.4002628601050555E-018  -1.3729313075671799E-017   8.2047541116586050E-019   1.2225845045388897E-014  -1.5332297585976767E-018  -3.2594065506503246E-020  -3.3744832039008707E-020   9.1481323090660326E-019   8.7929638934577130E-020   8.3821952513680527E-019   4.1029025389141670E-019  -1.6587805707028393E-019   3.8747122803036682E-019  -1.6212549634570120E-018  -6.4516194861350590E-017   2.7911833483151809E-016   9.6798863787695662E-016  -3.1430252309918061E-018  -2.0667913685948207E-016   7.3349898132394214E-019  -2.6079983385692765E-018  -2.2041204814615692E-019  -2.9831271476067536E-018   5.0683660182797418E-017   4.1283591493409403E-019   1.4976655732623134E-016   1.1162233037297501E-018  -2.0986732085671307E-018   5.2763631846337705E-019  -2.5182929199060454E-018   7.4148488973578490E-019  -3.1127924313823300E-018  -1.2391043564917146E-016   6.8529255762733414E-005   2.1283271082455132E-016   1.6438164191374914E-016  -3.4962088752029146E-016  -9.3612689299330841E-019   5.1369416381487145E-015   1.5239281907414515E-018   7.1264527172090689E-019  -7.9712813802727636E-019  -8.2020270367652657E-019  -2.4501772771241352E-019  -1.1634269384461508E-018   1.0190056388618392E-018  -7.7141461390247454E-019   8.2263302241009996E-019  -3.6824955667184750E-019   1.2645320331701466E-017   9.2447552458131146E-017   1.4807879554584920E-016  -6.6426248996716684E-016   3.2580549028381656E-004   1.0512926748743545E-015   7.5351561910757464E-016  -1.7225787837541335E-015  -4.2411599218307637E-017  -8.5863876757664753E-015   1.0250940029823363E-016   6.4519185352716718E-017  -3.8113739728076603E-016  -2.7301077761096296E-015   1.3497465009477826E-003   4.3376198422812711E-015   3.1012086093342018E-015  -7.1058807849273523E-015  -1.9218359464054721E-016  -6.2154703405525505E-015   1.4675795076407223E-016   1.3708113605279374E-016  -4.3858646248043456E-016   1.1709987491978088E-015  -2.7044560348036595E-016   1.0370400750101737E-015  -1.3013685435609609E-015   5.1114367822573893E-015   2.8431028633051949E-015  -3.4300781082906114E-018  -9.3569010202100820E-016   4.8205916389602411E-016
   8.8832995294241712E-017  -4.1261976960927535E-016   2.8146680897504332E-017   3.7685494945051633E-014   2.1164869333583216E-016  -1.1009945529287488E-015   6.8687893314444648E-017  -1.5247880899795457E-017   7.2336427029597405E-018   1.2288113018658229E-006   1.5858130290059395E-017   1.0698738989563682E-019  -1.0984685699062526E-017   9.4532724950233805E-014   1.9370281865648797E-019   4.2162526385569159E-019   1.6455520507663305E-018   2.1800145751187750E-019   9.4524767255175394E-020  -4.3180701498527661E-019   3.9208642420866040E-018   1.2538940634531250E-018   4.2563239054210880E-018   2.8664146959401978E-018   2.0514828569520226E-016  -9.6376174918276711E-016   5.5650036153434484E-017  -3.5416307502132116E-017  -1.9220126156147959E-018  -2.7552473397670775E-016  -1.8690444884181770E-017  -6.2469114155601510E-020  -2.0580510399191654E-017  -8.7612845101199919E-019  -6.8309186794943295E-018  -2.5019180636989622E-019   2.6618309252604025E-016  -3.1218115720145918E-017   4.5570535589964860E-019  -2.0056756249904919E-017  -2.3860932015355731E-020  -3.4286037417656058E-017  -1.8348403504363746E-016   1.8144438265405181E-016   6.8529255841976545E-005   6.5370173786306232E-016  -8.2965863362262999E-018  -1.0981090690269336E-016   3.9086349703252396E-014   5.7210892412465931E-021   4.0787137447369492E-018   1.4871253146898040E-018  -5.4392161209362304E-019  -1.4011725131930502E-019   4.7275553816171324E-019   6.7118393152093653E-018   2.1442149385047461E-018   1.7910097634238783E-018   5.4131017887169323E-018   9.2689180212704777E-018  -3.9879501560127702E-017  -1.6063372292134960E-017  -1.4546272735407519E-015   8.7313965153978725E-016   3.2580549067039394E-004   2.7667153419674291E-015  -3.4967797915655711E-017  -1.0308600347894159E-015  -7.4823255349804911E-014  -1.0175418139608716E-016   6.8547964599638794E-016  -9.4802319102619601E-017  -6.0618664052985404E-015   3.6049531003391058E-015   1.3497465025467223E-003   1.1200644524943616E-014  -1.4619198146648032E-016  -4.4519862395504572E-015  -5.8959178151719957E-014  -1.3755807729057731E-016   9.1649133984738577E-016  -1.4542745460780680E-016   8.6138367296514806E-015   4.0267023125235155E-016  -2.2149209316656218E-015   1.0506055073682292E-015   4.1059989651914910E-014   2.1056937151642328E-014  -2.3945624796635646E-015  -6.7190555181420574E-015  -8.4798247548420950E-015
   4.1131446265300580E-017  -4.3162677155572483E-016   1.0500482554405154E-016   4.0624306115546860E-013   9.7996583939995733E-017  -1.1392166808973904E-015   2.8105850833413240E-016  -6.1440564800523598E-007   3.4002628601050555E-018   1.5858130290059395E-017   1.2288113006807768E-006   5.8112603502479119E-019  -6.1440565259352081E-007   1.0026070917428243E-012  -3.4800258332322875E-019   3.3304878518904077E-018   1.4352242370539725E-018   1.1804875729666858E-020  -2.0559505994361698E-019  -1.9527939912716893E-018   6.8993895341157822E-018  -4.0422905961367832E-019   2.9245069569939498E-018  -8.1382854261390750E-019   9.2440552075355710E-017  -1.0046389909976786E-015   2.3689080821258954E-016  -2.9590706850011968E-016  -1.1184373797640864E-018  -9.0361684540828631E-019  -3.2005998746584905E-016  -3.0172045489958624E-019  -1.9464192865119718E-016  -5.6902090078189697E-019  -1.3557232322962968E-018  -4.7802483276378881E-019  -2.5207215414241919E-018  -3.6746459080506753E-016  -9.7950004287063508E-020  -4.6532058010294201E-017  -3.6052290222742550E-019  -4.5275125931468545E-016  -3.4264627842567889E-005   3.6004656605694935E-017   3.1325586958010728E-016   6.8529255811766986E-005  -4.9047167209546051E-017  -3.4264627964491465E-005   4.0864211168492541E-013  -1.4476778824822463E-018   4.7986777362334822E-018  -9.8698876948179051E-019  -3.5035168589021432E-019  -4.3536813887359944E-021  -2.3612510563510610E-019   1.0120680371875831E-017   8.0311993539246421E-020   5.4961510480744995E-018   7.6515254992529190E-019  -1.1771393403700207E-016   1.4178794682245485E-016  -1.7160459815752983E-017  -1.6290274495786339E-004   1.6793163142841174E-016   1.5730598455319942E-015   3.2580549051365468E-004  -2.2224528860058094E-016  -1.6290274555109919E-004  -8.9306700667482685E-013  -4.6915465103981570E-016   1.3397454202518259E-015  -2.8492152508603462E-016  -6.7487324971272661E-004   6.9023618795210511E-016   6.4310585787970781E-015   1.3497465019017356E-003  -9.2937256254439422E-016  -6.7487325217263053E-004  -7.7164152662623901E-013  -7.0540444427119170E-016   1.9055138836522636E-015  -3.9965151800044667E-016   1.3633851777561386E-013   4.2019896293268453E-016  -3.2729374394405710E-015   7.2252731225567022E-017   5.9448773690808566E-013   3.1777220533583338E-013  -4.1132026969501569E-014  -1.0448190167704202E-013  -1.5629196619545875E-013
  -2.6468025575501110E-017   4.9952755686405682E-016  -2.3000648038152829E-016  -1.0564827815047681E-014  -6.8705608993832765E-017   1.3149348051078739E-015  -6.1159192667850194E-016  -3.4416710310506767E-018  -1.3729313075671799E-017   1.0698738989563682E-019   5.8112603502479119E-019   1.2288113037627085E-006  -1.7547949015389600E-018  -2.6401624791431498E-014   7.0744089316023761E-020   1.8170138490319891E-019  -1.1297095642104042E-018  -1.1031710720912129E-019   5.9968551607769411E-019   5.8039673724003894E-019   5.2391820461623507E-020   1.7588437709914601E-018  -2.9135612584668607E-019   1.0350419339991360E-018  -5.9471286625125804E-017   1.1462752150570207E-015  -5.2952271042368110E-016   9.4247115448921021E-018   3.4417518173289517E-019  -5.9405517473406263E-019   6.8759681287055468E-018  -1.5560944147612410E-016   5.5882916525777739E-018  -3.1417982575569853E-019   2.7236974599332505E-020  -3.1238208682751507E-019   8.3785645884204840E-019   1.6371594637182517E-017  -8.8402385397481218E-017   6.5346703149716695E-018   1.9833116673776261E-016   1.3642369742467258E-017  -7.7359732614184978E-017  -3.9354100167315026E-016   1.4810897480894102E-017   2.6031447304013427E-017   6.8529255893963416E-005  -8.3352315887242710E-017  -1.1066453679855804E-014   3.3664751438575709E-019  -9.1302575941694156E-019  -7.3130517172569369E-019  -2.1158582518804996E-019   3.3109822915974877E-019   1.3183179767624201E-019  -1.2342448552085137E-018  -7.5586087868161076E-019   1.9782789440391674E-019  -9.4972918165630556E-019   5.6123335621593172E-017   9.7166882079971569E-017  -1.3688444384475480E-016  -2.3766024632107800E-016  -1.9322095517364674E-015   6.2472182345447625E-017   3.5377069985352189E-016   3.2580549092189014E-004  -2.0493274362594335E-016   1.9753332851031696E-014   2.4234189333909376E-016  -7.0636681765223108E-016   5.3739432666543148E-018  -9.0175205173736668E-016  -7.9723308507648761E-015   2.6351321050263345E-016   1.5061701868012855E-015   1.3497465035886972E-003  -7.8490107088220928E-016   1.4924123252503663E-014   3.6293668489634909E-016  -9.1169333798578747E-016  -6.6157601947440702E-017  -2.0487831340329279E-015  -1.0117323210215480E-015  -5.9241304439072726E-016   1.3801521630916685E-015  -9.9194774495137206E-015  -5.0289081143394349E-015   4.6694344814514891E-016   1.5799639877244278E-015   1.4752852160994252E-015
  -1.0932443419336747E-016  -3.9085133040494773E-016   3.7701344465842824E-017  -9.0599067908922132E-012  -2.9055849123571901E-016  -1.0215221102354942E-015   9.8958508770133192E-017  -6.1440564982403669E-007   8.2047541116586050E-019  -1.0984685699062526E-017  -6.1440565259352081E-007  -1.7547949015389600E-018   1.2288113023824429E-006  -2.3223507201723993E-011   4.8425167831323760E-019  -1.8424016095332954E-018  -3.3188241035233157E-019  -2.9989509064611591E-019  -7.1032132494954308E-019  -1.5693905803662823E-019  -4.0343338109058862E-018   1.4857041559406791E-018  -1.2711480893005571E-018   1.3704038864267316E-018  -2.6248061916978495E-016  -8.7346898394547890E-016   7.4589106922956169E-017   2.6649197046581517E-016   7.0822438003701791E-019   2.5315413195160441E-018   9.7322678547312404E-017  -1.9130272485562468E-019  -2.0882965832997779E-016   1.4532431919881098E-018   1.4427183134764059E-018   4.9951375741182858E-019   9.9774024585296890E-019   1.6200105771390395E-016   2.3677868158991695E-019  -4.7755599994315002E-017   1.3375166137858261E-019   3.4507000575606895E-016  -3.4264627890405281E-005   5.4280603786152472E-017  -3.7439498098505455E-016  -3.4264627967499109E-005  -6.1663725380885866E-017   6.8529255856409458E-005  -9.6460187592033240E-012   2.1451940579782057E-019  -2.8236640118945461E-018   3.4230328341759057E-019   9.9350160430608779E-019   3.6370436051641201E-019   3.9141883284408666E-019  -6.2013598342638632E-018  -3.4559112921438511E-019  -3.7366542425378411E-018  -7.8808713023052827E-019  -2.2776578188082181E-016   9.7868245682409780E-017  -2.1022620290591988E-016  -1.6290274518043166E-004   2.7973544668410297E-016  -1.7772652904977494E-015  -1.6290274555701316E-004  -2.9088923485388636E-016   3.2580549073610131E-004   1.6442616065141712E-011  -5.7542576299144352E-016   1.1641455880136502E-015  -8.6343279543694404E-016  -6.7487325063926779E-004   1.1500647773452140E-015  -7.3938940600214160E-015  -6.7487325219538349E-004  -1.2004983075279411E-015   1.3497465028304094E-003   1.1865782021535427E-011  -9.0860106003416065E-016   1.6488779717425689E-015  -1.2843404110527629E-015  -1.2952094722008012E-012  -3.5746766111263747E-016  -1.5135380131820382E-016  -3.4463655553484916E-015  -7.1790615799102847E-012  -3.4149508607606405E-012   4.1221400776611166E-013   1.0444979195320391E-012   1.4638970411529222E-012
   2.8865579672107027E-015   1.3643818384961608E-016   3.4635906140845228E-015  0.38749807135001613       -7.4667661942156040E-016   2.2407631134890939E-014  -2.9202849668939526E-015   2.2343971988530051E-011   1.2225845045388897E-014   9.4532724950233805E-014   1.0026070917428243E-012  -2.6401624791431498E-014  -2.3223507201723993E-011  0.99156241724714766       -1.9118291847619114E-015   9.3305746927197036E-017   6.7774090952609455E-016   1.6479859427696033E-016  -2.4534579165667829E-015  -2.4275693268076506E-015   7.4100086248397651E-016   6.7916926569375996E-016  -2.0790696390448565E-016   3.1615105797623747E-016   1.3793833301438174E-014   2.8077829299475927E-015  -3.9591955172876537E-016   2.7195828521503004E-013   1.6825469641441495E-016   1.8504269691205953E-016   2.5499143348799195E-013   6.0137233541958896E-018   2.0687031155041747E-013   2.0409057073633773E-016   1.9512423758249856E-016   1.5503699100817785E-016   3.8482673163179448E-017   3.2249903297239783E-013  -7.1054435138866038E-018   2.6612597981417955E-013  -1.7444348530529336E-016   3.2380437881892915E-013  -3.4919645242549973E-011  -2.4194264589555189E-014  -1.7588107742431915E-013  -3.4022794393053883E-012   4.8123474685083262E-014   3.5267198354606250E-011  0.41397739750781171       -4.6486089904655571E-015   1.4120436469873987E-016  -3.0118646883526306E-016  -2.5120421878321354E-015   1.4446027563117031E-015  -1.4646293878480886E-015  -1.6261795282570321E-016  -4.9806127131680214E-016   4.3641397044478798E-016  -6.4207697786981092E-016  -5.9885035265082196E-015   7.5153524416324637E-015   2.1075640204545132E-015   1.9430075286248008E-011  -1.4356336464603715E-014  -1.4787380119916001E-013  -3.7484409154635517E-012   5.3876076869288209E-014  -1.7161525202753607E-011 -0.68501745489537802       -8.7964591911360633E-015  -7.7133635965394373E-015  -4.4083149338081889E-015   3.5455021935000110E-011  -1.1719288076027838E-013  -1.0242483985154197E-012  -1.9786564734343587E-011   3.4037649545829241E-013  -1.5691922390949789E-011 -0.48930177933905011       -1.1803319946889745E-014  -5.3866742107388641E-015  -2.6817787443098207E-015   5.1325830880195510E-002   2.9347494873716096E-015   5.0460749408316411E-015   7.5491980715601437E-014  0.26855058746796384       0.12638335859460409       -1.5001359672358732E-002  -3.6796809150268242E-002  -5.0716203163111595E-002
   2.1486000622042982E-013   1.2315652049105317E-018   3.5602754118098772E-016  -7.5994729044508178E-016   5.6537528364114203E-013   7.1034159112020218E-018   9.4051492137547747E-016  -1.3624909562087457E-019  -1.5332297585976767E-018   1.9370281865648797E-019  -3.4800258332322875E-019   7.0744089316023761E-020   4.8425167831323760E-019  -1.9118291847619114E-015   6.6256925542275241E-025   2.9356740994883405E-028   3.4608989478987207E-027  -2.1268197233036485E-025  -2.0257539594500688E-028  -7.6620854486826203E-025  -4.0599595666666767E-028  -3.3012169031939086E-028   2.6830791830947136E-028  -1.8518725207285046E-027   4.9452963553640228E-013   1.4408579410031541E-017   8.2254691827226681E-016  -1.5040137359627336E-027   2.4235967886886841E-028  -7.7341861135084965E-029  -1.0301493816960349E-027  -4.1335827676487618E-029  -1.1833115650018620E-027  -6.4503126227454090E-029   3.9482212162718597E-029  -1.7146973081741796E-028   6.5441866886456972E-029  -1.8713968103830390E-027  -3.8688996718185059E-029  -1.2156125136971362E-027   4.1743505273329569E-029  -1.7249260275335842E-027  -7.5984377163319412E-018  -8.5506289168400840E-017   1.0802561784463521E-017  -1.9407664898495414E-017   3.9453085997385290E-018   2.7006102630957258E-017  -9.1083048747909259E-016   3.6485316421039983E-025   4.7723988767485291E-028   2.5416213181199512E-027  -1.1213286918478336E-025  -5.5560640110601708E-028  -3.6802266463120896E-025   2.4839341160391087E-028   7.2988646410105057E-029  -3.3466100795802909E-028  -2.2613092009650692E-027   5.1151648284683374E-014   2.8157486281357608E-016   2.1235582464017093E-016  -3.6124903496216335E-017  -4.0651861974684497E-016   5.1358122883452205E-017  -9.2268969057122613E-017   1.8756999305499447E-017   1.2839387256295800E-016   5.4189123027698256E-017  -2.5839955876179899E-013   9.5342164441194750E-016  -2.6848973500773678E-017  -1.4965819641361409E-016  -1.6841247337337559E-015   2.1276635515526739E-016  -3.8225174788759190E-016   7.7706468846155332E-017   5.3190994431757478E-016  -6.3161807832251198E-016  -3.2700091007380923E-013   1.4597976425893158E-015   8.2889572331778166E-017   5.3870836084390301E-016   1.8601084605009733E-013  -3.9077204303142808E-015  -4.3492378897933414E-015   1.9710352442559348E-015   1.3085837724587029E-015   7.7630378309262214E-017  -4.7205266793764609E-016   6.2509929018736568E-016
   1.4592762278031450E-016   1.6144499963402859E-013   3.7717177747652869E-017   4.2135972357196581E-017   3.8616407978865963E-016   4.2479246641795956E-013   9.8269853919512287E-017  -1.4880862439849067E-018  -3.2594065506503246E-020   4.2162526385569159E-019   3.3304878518904077E-018   1.8170138490319891E-019  -1.8424016095332954E-018   9.3305746927197036E-017   2.9356740994883405E-028   3.7857130969929795E-025  -1.5707489040098614E-028   9.5992266138646614E-028   8.4146430810099746E-028  -7.1622618826862522E-028   9.2648423524111324E-026  -4.4593321191996391E-028  -4.1333551161858539E-025  -1.2753671110995437E-027   3.3210270561979092E-016   3.7135620368185615E-013   8.4772282056863442E-017  -2.1729942789561434E-027   1.8788536783983667E-028   1.1530321903902224E-028  -1.8187328934573550E-027  -2.8024287728816339E-029  -1.5396625218177360E-027   2.6456383132024436E-029   1.0086106507836760E-028   7.3125004592797955E-029   2.1111448270625193E-028  -2.4236294193316116E-027   7.9051887733266973E-030  -1.3149474259797635E-027  -4.4725979905350986E-029  -3.0397225107327087E-027  -8.2988692555199341E-017  -1.8177299244945455E-018   2.3513509031100962E-017   1.8573710538908475E-016   1.0133256897386843E-017  -1.0274841281286371E-016   8.9523378642826214E-017   6.8310868785507285E-028   2.3169716823146762E-025  -5.1632739382443388E-028   2.9803797421420956E-029   1.1603953938507252E-027  -3.2408910034415124E-028  -1.6193205454295234E-026  -1.4288897516929862E-027  -1.5945077815099980E-025   2.0444097790558282E-029   1.1023060738980806E-017   3.3775406675875156E-014  -4.6453812654531571E-017  -3.9454932589552727E-016  -8.6419498156910270E-018   1.1178919503568399E-016   8.8304138152179679E-016   4.8176077436660341E-017  -4.8849205561486511E-016   5.1102298685455334E-016  -2.9740746672774205E-016  -2.1056866867661149E-013  -2.2996123100184513E-016  -1.6345383609850404E-015  -3.5801856852955142E-017   4.6312011105785902E-016   3.6582625230223635E-015   1.9958378200343387E-016  -2.0237241620299664E-015   6.7142109334345725E-016  -3.9514195301010644E-016  -2.7063039590759728E-013  -3.4114595199505725E-016  -1.8238352817842329E-016  -3.2931862964494121E-015   1.5115541172652449E-013   1.1276883043009193E-015  -7.9416884520812079E-016  -4.4993177211906299E-016   1.1256408031750678E-016   1.6089887798111378E-016   5.0452005374991387E-016
