   6.8497887762122189E-031   2.7979707961516189E-031   1.6330572988225586E-030  -4.6746832789505896E-016  -2.4614525406217576E-016  -1.3945858311894535E-030  -2.9172925724300863E-032  -1.6631972459078343E-030   4.9867086355646717E-030  -2.1390342539226962E-031  -3.0711956778326859E-031   1.0228519911531047E-029  -1.6170572592557409E-031   1.0779379824808701E-029  -1.7608166773131866E-016   5.6508886304291808E-031   2.1555407501799833E-031   7.6699609833402199E-032   4.8598728078063664E-031   4.7034533983497429E-032   1.0835055415673737E-031  -2.8757024679901650E-031   2.4752840657665677E-031  -3.0430531772067561E-031   1.6261199794784934E-031   2.6520766992740355E-031  -1.1901929180227567E-032   1.0789415005793743E-030   9.1831259456739731E-030   2.8386406850903089E-032   2.5241802423917206E-031   9.6177531606504879E-030   1.5374723256665113E-031   9.4788716784075815E-030   1.2349913831226583E-016   3.2476391371587828E-016   2.7655502505997351E-017   2.8832065017975471E-033  -3.4204288977179252E-032  -2.4534346872327340E-032
   2.7979707961516189E-031   1.6106663244521871E-030  -1.8777149434439118E-030  -3.5161686012840462E-016  -1.7826308181455918E-016  -2.3013555552199445E-030  -1.9609838093592315E-030   3.0416724332109179E-030   2.3452277685247073E-030   3.3132276957933993E-031   1.4829951392845526E-031   7.6573576261875775E-030   3.8647124753193456E-031   6.2066759659497111E-030  -1.4361942122326549E-016   1.1345491535685123E-030  -1.0322173213766815E-030   4.6635625320248303E-032  -6.8338034569777195E-031  -1.7007828639728647E-031   9.8037946371424746E-031  -7.0691488717864477E-032  -6.0571588556159293E-031   7.2450262224057267E-031  -5.5370019899111934E-032   1.0309132488960039E-031   8.4635031080504605E-031  -3.3598075461506934E-030   8.3220162487634013E-030   2.3036963715282866E-031  -4.1615230728654134E-031   9.7986394717573533E-030  -4.8805543475054141E-031   1.1725983226896108E-029  -2.0353865020371268E-016  -1.3102337903770754E-015   1.8482940749094829E-017  -1.0895536505864337E-031   1.4904587014003856E-031   2.2571809041518942E-032
   1.6330572988225586E-030  -1.8777149434439118E-030   8.2210916003603691E-030  -8.4125502787688707E-016  -4.5466387671653191E-016  -3.7985069763022615E-031   3.2450871217437412E-030  -1.0293343883873749E-029   1.1364537154483780E-029  -1.2220147960768878E-030  -1.1977508135930060E-030   1.8468878725599573E-029  -1.1550974584641835E-030   2.2631915768823117E-029  -2.9787063452156546E-016  -1.8967088251817451E-031   2.4190575444523983E-030   1.5683012039680636E-031   2.6584155687431995E-030   4.3404807792746896E-031  -1.3336748738758831E-030  -7.6514088062773601E-031   1.7921787350315832E-030  -2.1689934512054791E-030   5.9480768979554558E-031   6.4119173058651440E-031  -1.4759701276474685E-030   9.0355880204380652E-030   1.4120020927698786E-029  -3.0437798390565333E-031   1.4848556127984222E-030   1.2946948791998373E-029   1.3033520361830371E-030   9.2416710970439846E-030   7.2636814101238370E-016   3.2280913628200528E-015   5.3712149502871915E-017   1.9416923834781672E-031  -3.5877847458643783E-031  -1.1392169980178866E-031
  -4.6746832789505896E-016  -3.5161686012840462E-016  -8.4125502787688707E-016  0.33627786959655026       0.17632819205016154        1.1376788919324223E-015   2.2918271479227829E-016   7.3552697411809650E-016  -3.4363123221174632E-015   1.0102384062803396E-016   1.8020289642065881E-016  -7.3540921742163668E-015   6.1769137189931329E-017  -7.5501090228083520E-015  0.12786599136078453       -4.8268244054927501E-016  -2.6822140874821285E-017  -5.3987542881190675E-017  -2.3697527525626513E-016  -1.1774675929365480E-017  -1.7445685570703039E-016   1.9123203641113399E-016  -9.3034806132590198E-017   1.1653817450674463E-016  -9.7898575528708626E-017  -1.8043014238939535E-016  -8.3272993241830126E-017  -3.2826385199919016E-016  -6.7578706772128465E-015  -4.2862541269136188E-017  -1.1651095189447419E-016  -7.1939694168125907E-015  -4.5779655011805151E-017  -7.3122209359965437E-015  -5.7012152285367552E-002  -6.6712410007152528E-002  -1.9645284769444351E-002   9.8574444575271575E-018   5.8395788973538916E-018   1.3244028071316551E-017
  -2.4614525406217576E-016  -1.7826308181455918E-016  -4.5466387671653191E-016  0.17632819205016154        9.2488170196174557E-002   5.9108164643841187E-016   1.1171387019153285E-016   4.0440152851738981E-016  -1.8079712975739492E-015   5.5119312430679812E-017   9.6144517900027527E-017  -3.8562958735537899E-015   3.4605307777397437E-017  -3.9672136346850222E-015   6.6998119918492430E-002  -2.5000073805105626E-016  -1.9274388832804112E-017  -2.8356739628252856E-017  -1.2883435508955434E-016  -7.0703465846038265E-018  -8.7555717837253290E-017   1.0090822499244630E-016  -5.2237558993447925E-017   6.5266093758541674E-017  -5.2108482521368800E-017  -9.5029508877493336E-017  -3.9933320913104762E-017  -1.9032276959437236E-016  -3.5373359499104682E-015  -2.1563285428174618E-017  -6.3736447305818646E-017  -3.7609900964417920E-015  -2.6638208498250667E-017  -3.8141322269455747E-015  -3.1187597945087648E-002  -4.1762091011735884E-002  -1.0311172318264053E-002   4.6840198191879400E-018   3.8244141300571320E-018   7.1235087211243465E-018
  -1.3945858311894535E-030  -2.3013555552199445E-030  -3.7985069763022615E-031   1.1376788919324223E-015   5.9108164643841187E-016   4.8433481806611382E-030   2.3149793121521772E-030  -9.2003883968574425E-031  -1.0509472567367111E-029  -4.9045204425080569E-032   3.0848020132100513E-031  -2.4851219498317602E-029  -1.9446409541778197E-031  -2.4033525201157692E-029   4.4146355033444086E-016  -2.1963422626327687E-030   8.5758453091379599E-031  -1.7386966152380409E-031   3.1136025984855798E-032   1.2329909546397773E-031  -1.3039353787776743E-030   5.3135020291381408E-031   3.1402640483613878E-031  -3.6273798065040647E-031  -1.9012399480482053E-031  -5.3388726005361576E-031  -9.6084475098579291E-031   2.2015373750320361E-030  -2.3986202242513591E-029  -3.1097316227833891E-031   8.7007743372253969E-032  -2.6374471381472923E-029   3.2446480945634767E-031  -2.8387810790999538E-029   4.2488969637525898E-017   1.0086015777167821E-015  -6.4621840815430965E-017   1.2158292237395274E-031  -1.1901580917087865E-031   1.2231559355573274E-032
  -2.9172925724300863E-032  -1.9609838093592315E-030   3.2450871217437412E-030   2.2918271479227829E-016   1.1171387019153285E-016   2.3149793121521772E-030   2.5399516321346849E-030  -4.7759232561402760E-030  -6.1392338947396610E-031  -5.3625340013607418E-031  -3.4348659455644858E-031  -4.9674486416135634E-030  -5.8253698815724824E-031  -2.8082754642507109E-030   1.0088295900575705E-016  -1.2011903197976549E-030   1.4499940666300241E-030  -2.3202677781682984E-032   1.1279914017856853E-030   2.4455276038162434E-031  -1.2239355827582355E-030  -4.8676707548402960E-032   9.1011540306954656E-031  -1.0926281373575084E-030   1.5171291563799597E-031  -4.4704798217936455E-033  -1.1082180338768395E-030   4.9043323808221741E-030  -6.3448617492715442E-030  -2.8616822055359520E-031   6.6559735860568191E-031  -8.0554678911150559E-030   7.1095757630039355E-031  -1.0633858426287026E-029   3.2556209227543775E-016   1.8655713453685260E-015  -1.0538230632527975E-017   1.4332831110274235E-031  -2.1087761822543101E-031  -4.1408930081044462E-032
  -1.6631972459078343E-030   3.0416724332109179E-030  -1.0293343883873749E-029   7.3552697411809650E-016   4.0440152851738981E-016  -9.2003883968574425E-031  -4.7759232561402760E-030   1.3291561959380700E-029  -1.1341626828213649E-029   1.5605555494272564E-030   1.4264536891051348E-030  -1.6183977119563181E-029   1.5179321183419280E-030  -2.1688479908998909E-029   2.4926105208925900E-016   8.7520433166066672E-031  -3.3091590130400565E-030  -1.4817350937522054E-031  -3.3730376453729874E-030  -5.8491502095495469E-031   2.0647717492182671E-030   8.1456229802081102E-031  -2.3586903050685233E-030   2.8496096782408756E-030  -6.9770170022747151E-031  -6.5697987059923492E-031   2.1456131651977309E-030  -1.2070576364717327E-029  -1.0930977382532212E-029   4.7510284452839946E-031  -1.9041405227504422E-030  -8.7558438585399370E-030  -1.7431342254758175E-030  -3.4848179189463369E-030  -9.3145440104288770E-016  -4.3766075440544914E-015  -4.9279995650340194E-017  -2.8086934230008161E-031   4.8842803060852176E-031   1.4062227974290044E-031
   4.9867086355646717E-030   2.3452277685247073E-030   1.1364537154483780E-029  -3.4363123221174632E-015  -1.8079712975739492E-015  -1.0509472567367111E-029  -6.1392338947396610E-031  -1.1341626828213649E-029   3.6367204146470344E-029  -1.4709775341537768E-030  -2.1794610980777893E-030   7.5181344598951114E-029  -1.0840045757655084E-030   7.8846432712929762E-029  -1.2966608738023357E-015   4.3000813351413387E-030   1.3384590199089326E-030   5.6153339136447152E-031   3.3563461064763195E-030   3.0341850274924877E-031   9.8165912144423565E-031  -2.0839013567045626E-030   1.6564110538183636E-030  -2.0405020516937437E-030   1.1587386734919211E-030   1.9296565697107141E-030   8.8717361797146439E-032   7.0718173093251096E-030   6.7795685645396579E-029   2.5172698303363632E-031   1.7306498387333091E-030   7.1227446261168751E-029   1.0058076385678189E-030   7.0625130106101900E-029   8.4675964009613832E-016   2.0670500173039080E-015   2.0281509030098348E-016  -1.6993277667199489E-033  -2.1542589873871878E-031  -1.7189745414512620E-031
  -2.1390342539226962E-031   3.3132276957933993E-031  -1.2220147960768878E-030   1.0102384062803396E-016   5.5119312430679812E-017  -4.9045204425080569E-032  -5.3625340013607418E-031   1.5605555494272564E-030  -1.4709775341537768E-030   1.8395173948064268E-031   1.7250386443374027E-031  -2.2206135647386200E-030   1.7711662104090327E-031  -2.8615063428737556E-030   3.4925710091001290E-017   7.6404222778050521E-032  -3.8077133100900604E-031  -1.9668902954244427E-032  -3.9852336520033158E-031  -6.7652769024256077E-032   2.2809811538412515E-031   1.0288937468740905E-031  -2.7507243017490339E-031   3.3252926881333156E-031  -8.4858642912137095E-032  -8.4284415271499934E-032   2.4189209430460570E-031  -1.4003450427763942E-030  -1.5887015254761333E-030   5.2350283091593244E-032  -2.2411691458056274E-031  -1.3609311843324972E-030  -2.0214575738142178E-031  -7.6240323828650157E-031  -1.0963287441224325E-016  -5.0514823592690491E-016  -6.6253958613988860E-018  -3.1716410407904644E-032   5.6294722173663629E-032   1.6781420826631796E-032
  -3.0711956778326859E-031   1.4829951392845526E-031  -1.1977508135930060E-030   1.8020289642065881E-016   9.6144517900027527E-017   3.0848020132100513E-031  -3.4348659455644858E-031   1.4264536891051348E-030  -2.1794610980777893E-030   1.7250386443374027E-031   1.8778170941971141E-031  -3.9495924924256253E-030   1.5528870334268578E-031  -4.5031332263226954E-030   6.5832676491644970E-017  -8.8035961470967047E-032  -3.0159049421896943E-031  -3.1589248944805046E-032  -3.7923465708835837E-031  -5.5717835210105086E-032   1.2267557829854838E-031   1.3749294091595492E-031  -2.4029086797069680E-031   2.9172146378359486E-031  -9.5190379698261805E-032  -1.1986798180702334E-031   1.6105897774332827E-031  -1.1790351256434458E-030  -3.2811622470763218E-030   2.7295654889606304E-032  -2.0816940510757159E-031  -3.2383751173192663E-030  -1.6970972188336185E-031  -2.8131349661731298E-030  -1.0183709120237008E-016  -4.0957811780380940E-016  -1.1085033623473586E-017  -2.1440713234190041E-032   4.5158733538331950E-032   1.6963031484011090E-032
   1.0228519911531047E-029   7.6573576261875775E-030   1.8468878725599573E-029  -7.3540921742163668E-015  -3.8562958735537899E-015  -2.4851219498317602E-029  -4.9674486416135634E-030  -1.6183977119563181E-029   7.5181344598951114E-029  -2.2206135647386200E-030  -3.9495924924256253E-030   1.6082816273609109E-028  -1.3625139487401950E-030   1.6515774178832093E-028  -2.7960564455366804E-015   1.0539519192225710E-029   6.1402851656766070E-031   1.1809127432614319E-030   5.2065444255482093E-030   2.6222398066110304E-031   3.7945521700996532E-030  -4.1854182082816075E-030   2.0527889922146627E-030  -2.5704983248118231E-030   2.1450371967671150E-030   3.9480592296043822E-030   1.8014454244958235E-030   7.2747130958597384E-030   1.4775598785656202E-028   9.3256056215755780E-031   2.5619183655837654E-030   1.5726664548878743E-028   1.0150358243531552E-030   1.5980599718274689E-028   1.2536176742310106E-015   1.4946709804539584E-015   4.2967786737402079E-016  -2.1301914699630713E-031  -1.3172352902321152E-031  -2.9057788333779680E-031
  -1.6170572592557409E-031   3.8647124753193456E-031  -1.1550974584641835E-030   6.1769137189931329E-017   3.4605307777397437E-017  -1.9446409541778197E-031  -5.8253698815724824E-031   1.5179321183419280E-030  -1.0840045757655084E-030   1.7711662104090327E-031   1.5528870334268578E-031  -1.3625139487401950E-030   1.7502383454040382E-031  -1.9993100030097564E-030   1.9886974227515130E-017   1.3989543991896533E-031  -3.8967005420253423E-031  -1.3478133967364659E-032  -3.8142554999055832E-031  -6.8347675312413731E-032   2.5751669211889058E-031   8.2032920955427607E-032  -2.7218838311674989E-031   3.2852819290785278E-031  -7.5220307330241955E-032  -6.4193140846607699E-032   2.6022757902391192E-031  -1.4040406113517729E-030  -7.8558607476286823E-031   5.9459027272801065E-032  -2.1662014869875495E-031  -4.9532854618343038E-031  -2.0288235306132904E-031   1.3746802042915992E-031  -1.0596339552403636E-016  -5.1301806757307756E-016  -4.3554991959074222E-018  -3.3986362948101695E-032   5.7373404546445117E-032   1.5648627540260768E-032
   1.0779379824808701E-029   6.2066759659497111E-030   2.2631915768823117E-029  -7.5501090228083520E-015  -3.9672136346850222E-015  -2.4033525201157692E-029  -2.8082754642507109E-030  -2.1688479908998909E-029   7.8846432712929762E-029  -2.8615063428737556E-030  -4.5031332263226954E-030   1.6515774178832093E-028  -1.9993100030097564E-030   1.7180682371756494E-028  -2.8573754187896554E-015   9.9819415004368504E-030   2.0418901055563094E-030   1.2254546816749198E-030   6.5849514326272139E-030   5.1202355849103689E-031   2.8333866216146165E-030  -4.4690612213741321E-030   3.0433789267263275E-030  -3.7657409871320688E-030   2.4121978551292816E-030   4.1672065826008793E-030   8.3865688047977652E-031   1.2398363072016906E-029   1.5002236366609089E-028   7.1039756146880500E-031   3.3463972183607573E-030   1.5842778338076331E-028   1.7555487810940019E-030   1.5863361156218701E-028   1.6373570004357078E-015   3.3716470320770503E-015   4.4387089613657806E-016  -8.7369581007888455E-032  -3.4178331091561537E-031  -3.4680773323819914E-031
  -1.7608166773131866E-016  -1.4361942122326549E-016  -2.9787063452156546E-016  0.12786599136078453        6.6998119918492430E-002   4.4146355033444086E-016   1.0088295900575705E-016   2.4926105208925900E-016  -1.2966608738023357E-015   3.4925710091001290E-017   6.5832676491644970E-017  -2.7960564455366804E-015   1.9886974227515130E-017  -2.8573754187896554E-015   4.8698831163925017E-002  -1.8856180373333198E-016  -1.7364612817981180E-018  -2.0449840867392898E-017  -8.2675277944446348E-017  -3.0214670877642428E-018  -7.2704180383321506E-017   7.1682194755302410E-017  -2.9764602217724268E-017   3.7557273012854916E-017  -3.5965928622663744E-017  -6.7923634547682578E-017  -3.7723743413445977E-017  -9.5263327168576458E-017  -2.5796303558497846E-015  -1.7778975112276424E-017  -4.0008211251198123E-017  -2.7535982016639435E-015  -1.3129805066578765E-017  -2.8129580599270318E-015  -1.9577937014007164E-002  -1.4352442734954986E-002  -7.4534759803923725E-003   4.5355355061768794E-018   9.8211000794232332E-019   4.7452155931929414E-018
   5.6508886304291808E-031   1.1345491535685123E-030  -1.8967088251817451E-031  -4.8268244054927501E-016  -2.5000073805105626E-016  -2.1963422626327687E-030  -1.2011903197976549E-030   8.7520433166066672E-031   4.3000813351413387E-030   7.6404222778050521E-032  -8.8035961470967047E-032   1.0539519192225710E-029   1.3989543991896533E-031   9.9819415004368504E-030  -1.8856180373333198E-016   1.0119797869653636E-030  -4.9874927471533609E-031   7.2518845493351826E-032  -1.3168664637680717E-031  -7.5518403119648931E-032   6.5474889054524062E-031  -2.0898887589985571E-031  -2.2267716090672800E-031   2.6158465338037895E-031   6.0594539977238571E-032   2.1562472552886359E-031   5.0426379743622927E-031  -1.4052012458978245E-030   1.0336406860508642E-029   1.5554508817404723E-031  -1.0536421936215025E-031   1.1479536510059180E-029  -2.0584860207519223E-031   1.2563228155127911E-029  -5.1508779550963605E-017  -6.0350150593351213E-016   2.7155169519993902E-017  -6.4135417179531621E-032   7.0235484222218314E-032  -5.5559284505451478E-034
   2.1555407501799833E-031  -1.0322173213766815E-030   2.4190575444523983E-030  -2.6822140874821285E-017  -1.9274388832804112E-017   8.5758453091379599E-031   1.4499940666300241E-030  -3.3091590130400565E-030   1.3384590199089326E-030  -3.8077133100900604E-031  -3.0159049421896943E-031   6.1402851656766070E-031  -3.8967005420253423E-031   2.0418901055563094E-030  -1.7364612817981180E-018  -4.9874927471533609E-031   9.0652209391627555E-031   1.2677720666504144E-032   8.1316640389503439E-031   1.5651417477321391E-031  -6.6673285150990761E-031  -1.2551208013470627E-031   6.0706053731338167E-031  -7.3122023979515566E-031   1.4235258701463226E-031   8.7380025735357886E-032  -6.4100745023716026E-031   3.1848048490834754E-030  -5.3222999274576851E-031  -1.5485325450501856E-031   4.6817724257209424E-031  -1.3680245127306905E-030   4.6078312972673840E-031  -2.8971105204422066E-030   2.2901014853510499E-016   1.1824238404318038E-015   3.3227554982199465E-018   8.3358730688712960E-032  -1.3280711841721827E-031  -3.2121845111286982E-032
   7.6699609833402199E-032   4.6635625320248303E-032   1.5683012039680636E-031  -5.3987542881190675E-017  -2.8356739628252856E-017  -1.7386966152380409E-031  -2.3202677781682984E-032  -1.4817350937522054E-031   5.6153339136447152E-031  -1.9668902954244427E-032  -3.1589248944805046E-032   1.1809127432614319E-030  -1.3478133967364659E-032   1.2254546816749198E-030  -2.0449840867392898E-017   7.2518845493351826E-032   1.2677720666504144E-032   8.7448928714170010E-033   4.5397313026350818E-032   3.3304657250415678E-033   2.1707543934056850E-032  -3.1721872628324428E-032   2.0486891597043399E-032  -2.5392179297084234E-032   1.6962502134748833E-032   2.9642687977136439E-032   7.3739369693310653E-033   8.1939267190621363E-032   1.0750223633686304E-030   5.4162701545534652E-033   2.2952925943807622E-032   1.1369769310769508E-030   1.1581187465008993E-032   1.1417199974859111E-030   1.1230762489140190E-017   2.1606361758089473E-017   3.1701942510708136E-018  -8.0365536623268359E-034  -2.1625524716836212E-033  -2.4138180579847811E-033
   4.8598728078063664E-031  -6.8338034569777195E-031   2.6584155687431995E-030  -2.3697527525626513E-016  -1.2883435508955434E-016   3.1136025984855798E-032   1.1279914017856853E-030  -3.3730376453729874E-030   3.3563461064763195E-030  -3.9852336520033158E-031  -3.7923465708835837E-031   5.2065444255482093E-030  -3.8142554999055832E-031   6.5849514326272139E-030  -8.2675277944446348E-017  -1.3168664637680717E-031   8.1316640389503439E-031   4.5397313026350818E-032   8.6455157521550613E-031   1.4492977238313014E-031  -4.7483209802295486E-031  -2.3159525172861064E-031   5.9218928802780094E-031  -7.1614770123963972E-031   1.8715110187220324E-031   1.9125073661521443E-031  -5.1010893642695767E-031   3.0053550287708382E-030   3.8214622443831564E-030  -1.0879553477678997E-031   4.8511561562115419E-031   3.3642046942455945E-030   4.3373214064683570E-031   2.0963490404423405E-030   2.3730861500571210E-016   1.0807906667114476E-015   1.5386070786153520E-017   6.6952913847564292E-032  -1.2034257995299617E-031  -3.6616012810852994E-032
   4.7034533983497429E-032  -1.7007828639728647E-031   4.3404807792746896E-031  -1.1774675929365480E-017  -7.0703465846038265E-018   1.2329909546397773E-031   2.4455276038162434E-031  -5.8491502095495469E-031   3.0341850274924877E-031  -6.7652769024256077E-032  -5.5717835210105086E-032   2.6222398066110304E-031  -6.8347675312413731E-032   5.1202355849103689E-031  -3.0214670877642428E-018  -7.5518403119648931E-032   1.5651417477321391E-031   3.3304657250415678E-033   1.4492977238313014E-031   2.7174831095104314E-032  -1.1097881150044527E-031  -2.5663077094262909E-032   1.0640969468501571E-031  -1.2826854750837017E-031   2.6572612965387602E-032   1.8873457204965699E-032  -1.0849509257178346E-031   5.5485100604841358E-031   5.2344842347843054E-032  -2.5725678982603913E-032   8.3018412397065141E-032  -8.2145180677254940E-032   8.0240312506502296E-032  -3.4266575572541785E-031   4.0609114851049374E-017   2.0482515232490734E-016   9.8991486605087905E-019   1.4129751142013064E-032  -2.2970281359332520E-032  -5.8077255019817420E-033
   1.0835055415673737E-031   9.8037946371424746E-031  -1.3336748738758831E-030  -1.7445685570703039E-016  -8.7555717837253290E-017  -1.3039353787776743E-030  -1.2239355827582355E-030   2.0647717492182671E-030   9.8165912144423565E-031   2.2809811538412515E-031   1.2267557829854838E-031   3.7945521700996532E-030   2.5751669211889058E-031   2.8333866216146165E-030  -7.2704180383321506E-017   6.5474889054524062E-031  -6.6673285150990761E-031   2.1707543934056850E-032  -4.7483209802295486E-031  -1.1097881150044527E-031   6.0276875250231588E-031  -1.6226728735265076E-032  -4.0302992187125738E-031   4.8286964928471095E-031  -5.0470642322107547E-032   3.8672986087247537E-032   5.3062874229487090E-031  -2.2069124866637629E-030   4.3121348971807227E-030   1.4135375699166815E-031  -2.8491650581671527E-031   5.1935840948897075E-030  -3.2029212401749674E-031   6.4128361915960828E-030  -1.3935579875813198E-016  -8.5129019917584264E-016   8.8702920243985963E-018  -6.8442309503001355E-032   9.6571971246386602E-032   1.6509361566944949E-032
  -2.8757024679901650E-031  -7.0691488717864477E-032  -7.6514088062773601E-031   1.9123203641113399E-016   1.0090822499244630E-016   5.3135020291381408E-031  -4.8676707548402960E-032   8.1456229802081102E-031  -2.0839013567045626E-030   1.0288937468740905E-031   1.3749294091595492E-031  -4.1854182082816075E-030   8.2032920955427607E-032  -4.4690612213741321E-030   7.1682194755302410E-017  -2.0898887589985571E-031  -1.2551208013470627E-031  -3.1721872628324428E-032  -2.3159525172861064E-031  -2.5663077094262909E-032  -1.6226728735265076E-032   1.2219081918469278E-031  -1.2601227629150462E-031   1.5428654733026546E-031  -7.2075363809872809E-032  -1.1150419593579971E-031   3.1603997922359451E-032  -5.7176241738726598E-031  -3.7124134726111093E-030  -5.0788015903722246E-033  -1.2220208266919953E-031  -3.8542731288206923E-030  -8.1765473789835668E-032  -3.7339490038964434E-030  -5.9786938572100590E-017  -1.8144562309125881E-016  -1.1385798856242499E-017  -4.6529914106416937E-033   1.9455385718587081E-032   1.1318907248330181E-032
   2.4752840657665677E-031  -6.0571588556159293E-031   1.7921787350315832E-030  -9.3034806132590198E-017  -5.2237558993447925E-017   3.1402640483613878E-031   9.1011540306954656E-031  -2.3586903050685233E-030   1.6564110538183636E-030  -2.7507243017490339E-031  -2.4029086797069680E-031   2.0527889922146627E-030  -2.7218838311674989E-031   3.0433789267263275E-030  -2.9764602217724268E-017  -2.2267716090672800E-031   6.0706053731338167E-031   2.0486891597043399E-032   5.9218928802780094E-031   1.0640969468501571E-031  -4.0302992187125738E-031  -1.2601227629150462E-031   4.2332297517151185E-031  -5.1090502496963412E-031   1.1629243657647807E-031   9.8312085260244571E-032  -4.0637771364324512E-031   2.1851033293349951E-030   1.1593565867530299E-030  -9.3081976905924721E-032   3.3649148671039834E-031   7.0278140653338557E-031   3.1576098657329509E-031  -2.8459861420186399E-031   1.6460029878198656E-016   7.9892028123110493E-016   6.5992438159117939E-018   5.3064134710742860E-032  -8.9362891840516718E-032  -2.4261684683895175E-032
  -3.0430531772067561E-031   7.2450262224057267E-031  -2.1689934512054791E-030   1.1653817450674463E-016   6.5266093758541674E-017  -3.6273798065040647E-031  -1.0926281373575084E-030   2.8496096782408756E-030  -2.0405020516937437E-030   3.3252926881333156E-031   2.9172146378359486E-031  -2.5704983248118231E-030   3.2852819290785278E-031  -3.7657409871320688E-030   3.7557273012854916E-017   2.6158465338037895E-031  -7.3122023979515566E-031  -2.5392179297084234E-032  -7.1614770123963972E-031  -1.2826854750837017E-031   4.8286964928471095E-031   1.5428654733026546E-031  -5.1090502496963412E-031   6.1666441336109648E-031  -1.4132704128824475E-031  -1.2079189982353389E-031   4.8812868894486114E-031  -2.6351358758418548E-030  -1.4868346007065221E-030   1.1148676474964866E-031  -4.0668222058639484E-031  -9.4302529676351614E-031  -3.8077116304762789E-031   2.4411867958990716E-031  -1.9893549595362943E-016  -9.6274353561356171E-016  -8.2097157750173954E-018  -6.3752734315982007E-032   1.0766541276685640E-031   2.9387827039110500E-032
   1.6261199794784934E-031  -5.5370019899111934E-032   5.9480768979554558E-031  -9.7898575528708626E-017  -5.2108482521368800E-017  -1.9012399480482053E-031   1.5171291563799597E-031  -6.9770170022747151E-031   1.1587386734919211E-030  -8.4858642912137095E-032  -9.5190379698261805E-032   2.1450371967671150E-030  -7.5220307330241955E-032   2.4121978551292816E-030  -3.5965928622663744E-017   6.0594539977238571E-032   1.4235258701463226E-031   1.6962502134748833E-032   1.8715110187220324E-031   2.6572612965387602E-032  -5.0470642322107547E-032  -7.2075363809872809E-032   1.1629243657647807E-031  -1.4132704128824475E-031   4.8516594581931825E-032   6.3385985206546683E-032  -7.2107323136541032E-032   5.6547019584824198E-031   1.8080099797048461E-030  -1.1067641323594230E-032   1.0218682306604236E-031   1.8054538011377124E-030   8.1334530674767904E-032   1.6109960442948864E-030   4.9990684710457713E-017   1.9453786061733971E-016   5.9804250118962831E-018   9.6484163411469945E-033  -2.1388317232831224E-032  -8.4772318050066264E-033
   2.6520766992740355E-031   1.0309132488960039E-031   6.4119173058651440E-031  -1.8043014238939535E-016  -9.5029508877493336E-017  -5.3388726005361576E-031  -4.4704798217936455E-033  -6.5697987059923492E-031   1.9296565697107141E-030  -8.4284415271499934E-032  -1.1986798180702334E-031   3.9480592296043822E-030  -6.4193140846607699E-032   4.1672065826008793E-030  -6.7923634547682578E-017   2.1562472552886359E-031   8.7380025735357886E-032   2.9642687977136439E-032   1.9125073661521443E-031   1.8873457204965699E-032   3.8672986087247537E-032  -1.1150419593579971E-031   9.8312085260244571E-032  -1.2079189982353389E-031   6.3385985206546683E-032   1.0270050226498672E-031  -7.5886342972091155E-033   4.3104812221748267E-031   3.5394848702953549E-030   1.0224516424292737E-032   9.9548473328538138E-032   3.7032135675440110E-030   6.1456110510550497E-032   3.6424947708196160E-030   4.8705273689039363E-017   1.3079316349981621E-016   1.0682395735218926E-017   1.5019365942467746E-033  -1.3813894008865337E-032  -9.6132455237848885E-033
  -1.1901929180227567E-032   8.4635031080504605E-031  -1.4759701276474685E-030  -8.3272993241830126E-017  -3.9933320913104762E-017  -9.6084475098579291E-031  -1.1082180338768395E-030   2.1456131651977309E-030   8.8717361797146439E-032   2.4189209430460570E-031   1.6105897774332827E-031   1.8014454244958235E-030   2.6022757902391192E-031   8.3865688047977652E-031  -3.7723743413445977E-017   5.0426379743622927E-031  -6.4100745023716026E-031   7.3739369693310653E-033  -5.1010893642695767E-031  -1.0849509257178346E-031   5.3062874229487090E-031   3.1603997922359451E-032  -4.0637771364324512E-031   4.8812868894486114E-031  -7.2107323136541032E-032  -7.5886342972091155E-033   4.8441782976071889E-031  -2.1806740249654757E-030   2.4406087765347650E-030   1.2395640486665364E-031  -2.9976578737148096E-031   3.1720420793680559E-030  -3.1602611106894371E-031   4.3030933175870000E-030  -1.4662498532141267E-016  -8.2643050526372055E-016   3.6074139651844466E-018  -6.2699186605230642E-032   9.3326644672529826E-032   1.8967070893190580E-032
   1.0789415005793743E-030  -3.3598075461506934E-030   9.0355880204380652E-030  -3.2826385199919016E-016  -1.9032276959437236E-016   2.2015373750320361E-030   4.9043323808221741E-030  -1.2070576364717327E-029   7.0718173093251096E-030  -1.4003450427763942E-030  -1.1790351256434458E-030   7.2747130958597384E-030  -1.4040406113517729E-030   1.2398363072016906E-029  -9.5263327168576458E-017  -1.4052012458978245E-030   3.1848048490834754E-030   8.1939267190621363E-032   3.0053550287708382E-030   5.5485100604841358E-031  -2.2069124866637629E-030  -5.7176241738726598E-031   2.1851033293349951E-030  -2.6351358758418548E-030   5.6547019584824198E-031   4.3104812221748267E-031  -2.1806740249654757E-030   1.1352155958602496E-029   2.8554016528208595E-030  -5.1093550053109897E-031   1.7164202237981364E-030   2.4054901733630832E-031   1.6412539879463144E-030  -5.0174026693960413E-030   8.3960584337520509E-016   4.1762388530607886E-015   2.5309405875312669E-017   2.8425988720809724E-031  -4.6791210890363648E-031  -1.2142682449554031E-031
   9.1831259456739731E-030   8.3220162487634013E-030   1.4120020927698786E-029  -6.7578706772128465E-015  -3.5373359499104682E-015  -2.3986202242513591E-029  -6.3448617492715442E-030  -1.0930977382532212E-029   6.7795685645396579E-029  -1.5887015254761333E-030  -3.2811622470763218E-030   1.4775598785656202E-028  -7.8558607476286823E-031   1.5002236366609089E-028  -2.5796303558497846E-015   1.0336406860508642E-029  -5.3222999274576851E-031   1.0750223633686304E-030   3.8214622443831564E-030   5.2344842347843054E-032   4.3121348971807227E-030  -3.7124134726111093E-030   1.1593565867530299E-030  -1.4868346007065221E-030   1.8080099797048461E-030   3.5394848702953549E-030   2.4406087765347650E-030   2.8554016528208595E-030   1.3707569059215312E-028   1.0488443235664055E-030   1.7978619668044239E-030   1.4687077938525734E-028   3.7851518596948033E-031   1.5106956227608168E-028   8.7984307104971290E-016  -5.3631053957736514E-017   3.9271365505048449E-016  -2.9776665223486779E-031   3.9406907559376389E-032  -2.2935583182711795E-031
   2.8386406850903089E-032   2.3036963715282866E-031  -3.0437798390565333E-031  -4.2862541269136188E-017  -2.1563285428174618E-017  -3.1097316227833891E-031  -2.8616822055359520E-031   4.7510284452839946E-031   2.5172698303363632E-031   5.2350283091593244E-032   2.7295654889606304E-032   9.3256056215755780E-031   5.9459027272801065E-032   7.1039756146880500E-031  -1.7778975112276424E-017   1.5554508817404723E-031  -1.5485325450501856E-031   5.4162701545534652E-033  -1.0879553477678997E-031  -2.5725678982603913E-032   1.4135375699166815E-031  -5.0788015903722246E-033  -9.3081976905924721E-032   1.1148676474964866E-031  -1.1067641323594230E-032   1.0224516424292737E-032   1.2395640486665364E-031  -5.1093550053109897E-031   1.0488443235664055E-030   3.3161828262754778E-032  -6.5456613929061396E-032   1.2567863333032430E-030  -7.4165454268557031E-032   1.5411081481872512E-030  -3.2015377121139197E-017  -1.9749630877745505E-016   2.1967440835303124E-018  -1.5982289857556804E-032   2.2416155153283002E-032   3.7485267929833154E-033
   2.5241802423917206E-031  -4.1615230728654134E-031   1.4848556127984222E-030  -1.1651095189447419E-016  -6.3736447305818646E-017   8.7007743372253969E-032   6.6559735860568191E-031  -1.9041405227504422E-030   1.7306498387333091E-030  -2.2411691458056274E-031  -2.0816940510757159E-031   2.5619183655837654E-030  -2.1662014869875495E-031   3.3463972183607573E-030  -4.0008211251198123E-017  -1.0536421936215025E-031   4.6817724257209424E-031   2.2952925943807622E-032   4.8511561562115419E-031   8.3018412397065141E-032  -2.8491650581671527E-031  -1.2220208266919953E-031   3.3649148671039834E-031  -4.0668222058639484E-031   1.0218682306604236E-031   9.9548473328538138E-032  -2.9976578737148096E-031   1.7164202237981364E-030   1.7978619668044239E-030  -6.5456613929061396E-032   2.7320577838136018E-031   1.5072262055924563E-030   2.4781015031995002E-031   7.6755250288939772E-031   1.3364561190675635E-016   6.2037635371215765E-016   7.6974455023133582E-018   3.9279861590182429E-032  -6.9173297373999136E-032  -2.0351322603354903E-032
   9.6177531606504879E-030   9.7986394717573533E-030   1.2946948791998373E-029  -7.1939694168125907E-015  -3.7609900964417920E-015  -2.6374471381472923E-029  -8.0554678911150559E-030  -8.7558438585399370E-030   7.1227446261168751E-029  -1.3609311843324972E-030  -3.2383751173192663E-030   1.5726664548878743E-028  -4.9532854618343038E-031   1.5842778338076331E-028  -2.7535982016639435E-015   1.1479536510059180E-029  -1.3680245127306905E-030   1.1369769310769508E-030   3.3642046942455945E-030  -8.2145180677254940E-032   5.1935840948897075E-030  -3.8542731288206923E-030   7.0278140653338557E-031  -9.4302529676351614E-031   1.8054538011377124E-030   3.7032135675440110E-030   3.1720420793680559E-030   2.4054901733630832E-031   1.4687077938525734E-028   1.2567863333032430E-030   1.5072262055924563E-030   1.5806945659860923E-028  -2.1608301461483748E-033   1.6390260385025009E-028   7.3770598387291710E-016  -1.1002205148387204E-015   4.1650027225518502E-016  -3.9154997965584610E-031   1.5922857364485323E-031  -2.1662691599733514E-031
   1.5374723256665113E-031  -4.8805543475054141E-031   1.3033520361830371E-030  -4.5779655011805151E-017  -2.6638208498250667E-017   3.2446480945634767E-031   7.1095757630039355E-031  -1.7431342254758175E-030   1.0058076385678189E-030  -2.0214575738142178E-031  -1.6970972188336185E-031   1.0150358243531552E-030  -2.0288235306132904E-031   1.7555487810940019E-030  -1.3129805066578765E-017  -2.0584860207519223E-031   4.6078312972673840E-031   1.1581187465008993E-032   4.3373214064683570E-031   8.0240312506502296E-032  -3.2029212401749674E-031  -8.1765473789835668E-032   3.1576098657329509E-031  -3.8077116304762789E-031   8.1334530674767904E-032   6.1456110510550497E-032  -3.1602611106894371E-031   1.6412539879463144E-030   3.7851518596948033E-031  -7.4165454268557031E-032   2.4781015031995002E-031  -2.1608301461483748E-033   2.3729524662797056E-031  -7.6372582741947426E-031   1.2121896200793387E-016   6.0406342725264356E-016   3.5619352210906295E-018   4.1190184980945780E-032  -6.7688581952170446E-032  -1.7505431808612567E-032
   9.4788716784075815E-030   1.1725983226896108E-029   9.2416710970439846E-030  -7.3122209359965437E-015  -3.8141322269455747E-015  -2.8387810790999538E-029  -1.0633858426287026E-029  -3.4848179189463369E-030   7.0625130106101900E-029  -7.6240323828650157E-031  -2.8131349661731298E-030   1.5980599718274689E-028   1.3746802042915992E-031   1.5863361156218701E-028  -2.8129580599270318E-015   1.2563228155127911E-029  -2.8971105204422066E-030   1.1417199974859111E-030   2.0963490404423405E-030  -3.4266575572541785E-031   6.4128361915960828E-030  -3.7339490038964434E-030  -2.8459861420186399E-031   2.4411867958990716E-031   1.6109960442948864E-030   3.6424947708196160E-030   4.3030933175870000E-030  -5.0174026693960413E-030   1.5106956227608168E-028   1.5411081481872512E-030   7.6755250288939772E-031   1.6390260385025009E-028  -7.6372582741947426E-031   1.7239463035080154E-028   3.7590261160504487E-016  -3.0792250887704954E-015   4.2042155022422770E-016  -5.3816210459698480E-031   3.8231156898888866E-031  -1.6843618036157462E-031
   1.2349913831226583E-016  -2.0353865020371268E-016   7.2636814101238370E-016  -5.7012152285367552E-002  -3.1187597945087648E-002   4.2488969637525898E-017   3.2556209227543775E-016  -9.3145440104288770E-016   8.4675964009613832E-016  -1.0963287441224325E-016  -1.0183709120237008E-016   1.2536176742310106E-015  -1.0596339552403636E-016   1.6373570004357078E-015  -1.9577937014007164E-002  -5.1508779550963605E-017   2.2901014853510499E-016   1.1230762489140190E-017   2.3730861500571210E-016   4.0609114851049374E-017  -1.3935579875813198E-016  -5.9786938572100590E-017   1.6460029878198656E-016  -1.9893549595362943E-016   4.9990684710457713E-017   4.8705273689039363E-017  -1.4662498532141267E-016   8.3960584337520509E-016   8.7984307104971290E-016  -3.2015377121139197E-017   1.3364561190675635E-016   7.3770598387291710E-016   1.2121896200793387E-016   3.7590261160504487E-016   6.5376179050469121E-002  0.30346068976388679        3.7664209807099672E-003   1.9213095810107770E-017  -3.3836419915671332E-017  -9.9556553420095197E-018
   3.2476391371587828E-016  -1.3102337903770754E-015   3.2280913628200528E-015  -6.6712410007152528E-002  -4.1762091011735884E-002   1.0086015777167821E-015   1.8655713453685260E-015  -4.3766075440544914E-015   2.0670500173039080E-015  -5.0514823592690491E-016  -4.0957811780380940E-016   1.4946709804539584E-015  -5.1301806757307756E-016   3.3716470320770503E-015  -1.4352442734954986E-002  -6.0350150593351213E-016   1.1824238404318038E-015   2.1606361758089473E-017   1.0807906667114476E-015   2.0482515232490734E-016  -8.5129019917584264E-016  -1.8144562309125881E-016   7.9892028123110493E-016  -9.6274353561356171E-016   1.9453786061733971E-016   1.3079316349981621E-016  -8.2643050526372055E-016   4.1762388530607886E-015  -5.3631053957736514E-017  -1.9749630877745505E-016   6.2037635371215765E-016  -1.1002205148387204E-015   6.0406342725264356E-016  -3.0792250887704954E-015  0.30346068976388679        1.5452972425354821        6.1826085004309667E-003   1.0756364805020748E-016  -1.7340785867520638E-016  -4.3060802699873793E-017
   2.7655502505997351E-017   1.8482940749094829E-017   5.3712149502871915E-017  -1.9645284769444351E-002  -1.0311172318264053E-002  -6.4621840815430965E-017  -1.0538230632527975E-017  -4.9279995650340194E-017   2.0281509030098348E-016  -6.6253958613988860E-018  -1.1085033623473586E-017   4.2967786737402079E-016  -4.3554991959074222E-018   4.4387089613657806E-016  -7.4534759803923725E-003   2.7155169519993902E-017   3.3227554982199465E-018   3.1701942510708136E-018   1.5386070786153520E-017   9.8991486605087905E-019   8.8702920243985963E-018  -1.1385798856242499E-017   6.5992438159117939E-018  -8.2097157750173954E-018   5.9804250118962831E-018   1.0682395735218926E-017   3.6074139651844466E-018   2.5309405875312669E-017   3.9271365505048449E-016   2.1967440835303124E-018   7.6974455023133582E-018   4.1650027225518502E-016   3.5619352210906295E-018   4.2042155022422770E-016   3.7664209807099672E-003   6.1826085004309667E-003   1.1510823576043455E-003  -4.1250684928373301E-019  -5.9808077077303664E-019  -8.3402541754094565E-019
   2.8832065017975471E-033  -1.0895536505864337E-031   1.9416923834781672E-031   9.8574444575271575E-018   4.6840198191879400E-018   1.2158292237395274E-031   1.4332831110274235E-031  -2.8086934230008161E-031  -1.6993277667199489E-033  -3.1716410407904644E-032  -2.1440713234190041E-032  -2.1301914699630713E-031  -3.3986362948101695E-032  -8.7369581007888455E-032   4.5355355061768794E-018  -6.4135417179531621E-032   8.3358730688712960E-032  -8.0365536623268359E-034   6.6952913847564292E-032   1.4129751142013064E-032  -6.8442309503001355E-032  -4.6529914106416937E-033   5.3064134710742860E-032  -6.3752734315982007E-032   9.6484163411469945E-033   1.5019365942467746E-033  -6.2699186605230642E-032   2.8425988720809724E-031  -2.9776665223486779E-031  -1.5982289857556804E-032   3.9279861590182429E-032  -3.9154997965584610E-031   4.1190184980945780E-032  -5.3816210459698480E-031   1.9213095810107770E-017   1.0756364805020748E-016  -4.1250684928373301E-019   8.1179166130010238E-033  -1.2142037920265339E-032  -2.5021462278019963E-033
