 4.0814265261304197E-006 -1.7757708127675599E-016 -4.5580691009660042E-016 -3.2589346462499755E-017  1.4645944521846445E-016  2.9074386868707869E-016 -1.7715453531399955E-016 -1.7064443860008575E-016 -4.3386468951832333E-017  3.5816655167867351E-017 -1.4121007749725438E-005  6.0552911140047173E-016  1.5277831821487178E-015  8.6183376985307811E-017  4.1241267839498650E-016  8.3681090393929607E-016 -4.8421217456589747E-016 -4.6435278258650228E-016 -1.1110148435708970E-016  9.5900078268870505E-017 -2.7877456711394913E-016  7.7034015082668168E-006 -6.4542360228347049E-016 -1.5908562360060458E-015  6.2258419420879606E-016  1.2694411156859607E-015 -7.5389328594122447E-016 -7.3531982725503100E-016 -1.7772428690926587E-016  1.4248896995653945E-016 -3.2499808958770109E-004  7.3536130465439525E-015  1.9044085243544746E-014 -1.5470844412307862E-015  2.1859950337551466E-017  5.0424798785690896E-017 -5.4006700233607260E-016 -1.4286280359753515E-017  2.5568915575469740E-015 -5.9086633737729600E-018 -9.7055871312638450E-018 -2.0168726001550917E-018 -1.6389100276714507E-017 -3.5864057749689195E-015  7.2062783865491872E-016  1.5198297656126478E-015 -8.9193748657384270E-016 -8.9399072841985523E-016 -2.0876739212925748E-016  1.4175185451823005E-016 -2.8455653307465256E-003  6.1905123599859083E-014  1.6078774529930906E-013 -6.3940724580986099E-015  2.0123584028157389E-015 -1.3551362150011733E-017 -3.0674106144172665E-017 -7.4032599302693332E-016  1.3468682884589350E-017 -1.9691356320012225E-015  9.6652652711518701E-018  1.3551399314994906E-017  3.8423248367448806E-018  2.7920124133072558E-017  1.3499829110077568E-015  2.8355320673659198E-015 -1.6703328311160890E-015 -1.6662963803227407E-015 -3.9075866605084956E-016  2.7211428984386975E-016  1.1739060594715146E-018  1.7945492051252690E-019  1.6143044154223913E-019  6.4803938828916379E-019  4.1740391724205922E-019  1.0204883205620750E-018  1.7229424650892034E-019  1.3871301355343281E-020 -6.8961415121837959E-021  2.6673541872913651E-020  1.2852002338641964E-018  1.8870589151326220E-020 -3.5029843156347769E-019 -6.1751380555945015E-020  9.9537181047533736E-019 -1.3231617993100511E-015  1.0933639851125740E-003 -2.0121074832987291E-014 -2.4803711616321838E-014 -1.3492633633247676E-015  1.1053609619142747E-017  2.8420896641326581E-017  2.5466256261132313E-016 -1.0401672109516944E-017  1.5845059346948524E-015 -5.9281931088984532E-018 -3.9539052067348369E-018 -2.5501905332461917E-018 -9.6684190722781171E-018  5.6928284072198879E-015  4.5990901056850700E-015  2.7146018115189472E-018 -1.2739150065516432E-015 -6.4274743961271800E-015
-1.7757708127675599E-016  4.0814264849461675E-006  2.8107830522260356E-016  4.1628467993134944E-017  1.1324989172815082E-016 -3.8166972294387845E-017  1.4748192526273001E-016 -1.3563765718091141E-016  2.3996133291005102E-017  3.4807703373610617E-017  6.0206644447808005E-016 -1.4121007621080268E-005 -9.1925084881619484E-016 -1.2784844994796321E-016  3.1673090652684157E-016 -9.1581749724739221E-017  4.2479944360301842E-016 -3.7186098177603036E-016  6.9584201419248699E-017  8.4382368461894619E-017  7.7202422824288427E-017 -6.3825147766338325E-016  7.7034013944258581E-006  9.0909525743926342E-016  4.8091419477155465E-016 -1.5182727045408135E-016  6.4794444393368737E-016 -5.9453688631208470E-016  1.0657704969310486E-016  1.3186735208752943E-016  7.3920483905066690E-015 -3.2499808790073466E-004 -1.1977408757743378E-014 -1.9072109054039569E-017 -7.6265297708965135E-016  6.0154555395523135E-018  1.8920661820413354E-017  3.4925201287418412E-017 -7.5977087599673923E-018 -1.1765856385764832E-015 -1.8980999825141786E-017  2.5869426778266757E-015  1.1083978946063198E-017  1.5462419402719852E-016  5.7968378484018594E-016 -1.7535863214291287E-016  7.7057197068330684E-016 -6.8722055262001064E-016  1.2331585556208177E-016  1.5863650070880256E-016  6.2121626124361450E-014 -2.8455653163633522E-003 -1.0153364039999244E-013  4.7137859235734795E-016  1.2193821325723768E-018  1.3287921856204125E-015 -4.0427228385631729E-018 -9.7852173678040662E-018 -1.8571262240644647E-017  1.9530409353865791E-018  2.6631323902442308E-018  1.8932749326448426E-017 -1.2325017998885837E-015 -1.0761582114476007E-017  1.0620952949145485E-015 -3.2968108791662665E-016  1.4406022137937705E-015 -1.3153273226880214E-015  2.3642281944207486E-016  2.8073574914321199E-016  1.5989820284084952E-018 -4.7480081973518845E-019  4.4066251762886416E-019  9.9273801064478627E-019  8.7363335913478851E-020  8.4416752880363209E-019 -4.7798705899561556E-019  2.8769725036667757E-019 -5.6650979724003206E-020  3.4419558370446612E-019  2.4912761911688472E-018 -8.0538624753603640E-021  1.4443047988121878E-018 -6.9458781669570012E-021  2.3509714656007654E-018  6.8899505236312564E-017 -6.8779608928258852E-015  1.0933639817780031E-003  1.9701396218572772E-014 -6.1428293654469055E-018 -9.0946765199615493E-016  2.9544941438735996E-018  9.5479456125374885E-018  1.7692424814681719E-017 -3.1754322957273775E-018 -1.9234030716408447E-016 -1.4741685776509712E-017  1.2484191245662177E-015  8.1674845815029021E-018 -5.4129131540148358E-016 -4.7462846569478122E-016  4.3364530484994294E-016  1.4090611502473002E-016  6.8526364694537295E-015
-4.5580691009660042E-016  2.8107830522260356E-016  4.0814264583879221E-006 -5.4795595685964307E-017  1.7639525617123964E-016 -2.4096067412381747E-016  2.7024588852177254E-016 -1.7005241585214259E-016 -2.8805508323549235E-018 -2.6709690927559069E-018  1.5291949283242163E-015 -9.0906445800036028E-016 -1.4121007526202152E-005  1.1431100311751129E-016  4.9939526014165768E-016 -7.0304809465392386E-016  7.8830667234838152E-016 -5.0558987399082890E-016 -1.9004848641990838E-017 -1.4323933294710113E-017 -2.7758354009248414E-017 -1.6053622764938899E-015  9.1285866154068307E-016  7.7034012819308872E-006  7.6379231070916397E-016 -1.0584708847423536E-015  1.1909200178819615E-015 -7.5941581590070697E-016 -2.3668968380320569E-017 -1.6110509011766798E-017  1.8717536489166478E-014 -1.1242750837409422E-014 -3.2499808678612408E-004 -1.6541558096707824E-017  8.6707343960278158E-018 -2.0526270897132598E-015 -4.8764955117479755E-018  1.5025871287972262E-017  5.5511346732619363E-017  1.9529226540729119E-017 -1.8068736454913935E-015 -1.8948415779462867E-017  3.1417137098858345E-015  1.0330028384071345E-015  9.2203901511036191E-016 -1.2771853325064943E-015  1.4309165999392358E-015 -8.9977877639857507E-016 -3.4104756744841558E-017 -1.0328553527361675E-017  1.5800542241936035E-013 -9.4833102369773849E-014 -2.8455653070674886E-003  1.7053629972224697E-015  1.0502862241137724E-017 -3.2418655588425389E-018  1.7243894469400974E-015  8.7069012285601465E-018 -6.3585733778594774E-018 -2.2786538373744986E-017 -6.5967962467392289E-018  3.9973319591069782E-016  1.4641496354487447E-017 -1.5195481219812851E-015  1.7049288043282610E-015 -2.3740081516248046E-015  2.6663931473954370E-015 -1.6941990353906013E-015 -5.8263507006872183E-017 -3.5528282061737708E-017 -2.8575254843356948E-018 -4.0825381705448087E-019 -8.2232340820784042E-019 -2.0042238357794256E-018  7.1359946814229295E-019 -1.9852256353453184E-018 -1.3988548794900018E-019 -4.8164628102298812E-019 -2.0641117123979520E-019 -4.1359074959029018E-019 -2.0999557732984468E-018 -3.7631051634604435E-020 -1.0206591803805917E-018  2.8514361067552175E-019 -2.0769260900125723E-018  4.5761984147698265E-016 -2.0376411846772847E-014  2.1616114541719703E-014  1.0933639810891478E-003 -1.8257322577205374E-017  3.0493995958452387E-018 -1.3875817686596816E-015 -9.2178491806240589E-018  6.9477934348981231E-018  2.1971906934570546E-017  7.0277876760984857E-018 -5.5384266611328711E-016 -1.2917860305885356E-017  1.4543264421643302E-015 -1.0322405612522042E-015 -7.1903824553325850E-016  1.8107679483411274E-016  1.6342214545395135E-016  3.3076819645987733E-015
-3.2589346462499755E-017  4.1628467993134944E-017 -5.4795595685964307E-017  2.8375533383898774E-005 -3.3143297042998091E-012  3.4330891551877245E-014  8.4158942864755565E-014 -2.1630034904828746E-012 -4.1951685489675909E-014  5.4768310377657487E-012  5.1898844581666595E-017 -1.4511577558713093E-016  1.9315217666995569E-016 -1.0110877945656119E-004 -9.3233050721712109E-012  9.6802854544558337E-014  2.3712511432705232E-013 -6.1079249652933172E-012 -1.1812082614170991E-013  1.5430244624270311E-011  2.0410265659699604E-004 -3.6880763814340370E-017  6.8672360769516553E-017 -8.2725266781402730E-017 -1.4459982892902284E-011  1.4957530794675047E-013  3.6655326871785109E-013 -9.3900118023256212E-012 -1.8277184854413271E-013  2.3848894685861259E-011 -2.0864475792236385E-016 -3.1473041084926029E-015  5.0717143731744809E-015  7.5251262832501574E-018  2.2573156256382264E-018  5.1133641025564174E-018 -1.0788970355428442E-018 -1.5713653775457024E-018  2.0914882116663423E-018  1.1805501688858297E-017  3.2854885956674001E-018  1.5710775735225369E-018  1.2484113888556382E-017  2.9735126465157673E-003 -1.7107217644607103E-011  1.7728213446644935E-013  4.3439215567899553E-013 -1.1159448325237683E-011 -2.1650494130881193E-013  2.8263900343855559E-011 -1.9883706655205353E-015 -2.7675898539554538E-014  4.4713592560141436E-014  5.2250244130743802E-003  1.7938454111334190E-018  2.0575326699976461E-018  1.6597328966393915E-018  2.3388639193738562E-018  4.8669979186700663E-019  8.2936336772106262E-019  1.0654107519418035E-018  4.1108978660600207E-018  3.8010187327227541E-019  2.9522518850051139E-018 -3.1960113848714094E-011  3.3137454101808995E-013  8.1198088603312256E-013 -2.0860845190716167E-011 -4.0468335623788251E-013  5.2846762452319622E-011 -4.2578573814691608E-016  1.6040767584193376E-018  5.0706895069941302E-018 -1.0830264470839267E-016 -2.9464985770479831E-019 -1.0393975518094818E-016 -5.6402384663058073E-020 -6.7231609652532983E-019 -2.1710787547637005E-019 -1.7008688081052007E-018 -3.1919441470178145E-016 -1.0252800585821950E-018 -1.6560980347570920E-016  1.7562514440692898E-018 -3.9861597313528196E-016  1.2722460432938484E-003 -1.0636146634119855E-014 -1.3630789883217880E-014 -1.9437752990061348E-014  1.0108266668160967E-020  1.9753835859767574E-019  3.5927641443701658E-019  1.7646411060535894E-018  2.4940851136723565E-019  3.9226377352294256E-019  3.7011046755476186E-019 -1.4602644595269420E-019  4.6335681209803461E-019  1.6790987575824450E-018 -3.5140673508910177E-003 -2.5560106247905692E-003 -1.5372300282109842E-004  6.3431729744612461E-004  9.1687064921424548E-004
 1.4645944521846445E-016  1.1324989172815082E-016  1.7639525617123964E-016 -3.3143297042998091E-012  6.9333591986258129E-003 -1.9585381101267491E-014 -4.7434341020905616E-014 -3.4666795984905660E-003  1.2513622351752396E-014 -3.4666796001242921E-003 -2.3372392971476700E-017 -8.9654196504424833E-017 -6.3022647485029346E-017  1.5714405703186486E-012  1.9531550409701549E-002 -2.3823261698458149E-014 -5.7498400072816941E-014 -9.7657752038635328E-003  1.3369967444787512E-014 -9.7657752057923319E-003 -8.3754245394686209E-013 -7.4195379855478312E-017  4.6028129269783517E-017 -1.2497707137851757E-016  3.0045133593117949E-002 -4.3631898958834497E-014 -1.0690575830205175E-013 -1.5022566794483948E-002  3.4029493392456619E-014 -1.5022566798584382E-002 -2.6071018592906108E-016 -5.6949007694012372E-016  2.3480009894645824E-016 -2.9553868820267243E-017  6.1949076208221712E-017 -6.4142943976867151E-019 -2.5135825082496673E-017 -1.1967178468250551E-017 -4.6313820698952219E-018  1.3758001009700143E-016  1.2161364284545299E-017  5.1157409202532382E-017  1.5159649074268142E-017  2.5119162209689633E-011  3.5728288800030907E-002 -5.4591804052197640E-014 -1.3328035794865102E-013 -1.7864144397815983E-002  3.3990929459320300E-014 -1.7864144402093676E-002 -3.4108818258859188E-015 -3.0634446285301481E-015  7.9152211965228382E-016 -4.2460337179759552E-011  2.8610652726677237E-018  1.7636039606500606E-017 -1.2154755497597309E-017  1.1725730423715863E-018 -3.3224604578905042E-019  1.4883312346732089E-019  5.6752978736598921E-017 -1.8146026967184985E-017  2.5113533898768352E-017 -2.6545824829987330E-017  6.6788201254034854E-002 -8.7117838945214421E-014 -2.1307665328099362E-013 -3.3394100623567985E-002  5.6976677317805224E-014 -3.3394100630633548E-002  1.2759678042697922E-014 -1.2778701569292536E-016 -3.8262346116342593E-016  3.4435344151404442E-015  9.8265286470488080E-017 -1.7487356194986956E-014  1.5328928825554241E-016  1.2889294307495471E-016  6.8641131312815131E-017  2.8556241857248841E-016  2.4891805095630632E-015 -3.4352486746671530E-017  3.8975840894425843E-015 -5.7584382823217578E-017  1.5569269091748053E-014  3.2739287412173220E-011  4.7415690726525389E-016 -7.0275925850838179E-015 -5.3090629229646337E-015  8.2547608982577101E-018  2.4302542243046223E-017  2.8380880083368571E-017  4.6176643594955035E-018  1.7559839130976151E-020  3.3204391576472644E-018  5.0891735021098955E-017  2.7770239437719224E-017  2.4650132339775323E-017  5.9701619618423930E-017 -1.6194973314316589E-011  7.7526614779347850E-012 -1.9483413472677886E-012  1.4944359889911477E-013 -3.4232651977886024E-013
 2.9074386868707869E-016 -3.8166972294387845E-017 -2.4096067412381747E-016  3.4330891551877245E-014 -1.9585381101267491E-014  6.9333591962951044E-003  4.5131330363124678E-016  1.1099732606317696E-014  3.9932470086028229E-015  8.3684295422725224E-015 -2.3834801200109447E-016  1.4952696110117379E-016  2.4504121872292453E-016  1.1008261042638274E-014 -2.4697861545829254E-014  1.9531550407060876E-002  1.9057552458083396E-015  1.3122274750498290E-014  4.3387193400981751E-015  9.9610981274529847E-015  2.9615946055727591E-014  4.0053372118450563E-017 -1.1976986097977594E-016 -4.2321862886129313E-017 -4.4571196589339288E-014  3.0045133587632684E-002 -2.5127265387884169E-015  2.6402824629583413E-014  1.4184343470381720E-014  1.6389277620556504E-014  1.5592694699475089E-016  1.0453813023995658E-016 -7.4721604346246440E-016  7.7879216819637471E-017  3.1722652668239907E-017  5.3905111799323842E-017  3.0227255762596313E-017 -3.7762590620663685E-018  4.0364728929859951E-017  1.0963928120838310E-016  6.1177296903602934E-017  5.8205089654293378E-017  1.2750781617310605E-016 -1.9638957653320682E-013 -5.6555350818517820E-014  3.5728288793689868E-002  2.5657126023320176E-015  2.8072046177958663E-014  6.3703529345141502E-015  2.3330629075862138E-014  2.6012353094369625E-015  2.6781003888077016E-015 -3.9069411444689705E-015  3.0398995933194261E-013  3.2015123889066142E-017  2.3972772841894638E-017  4.4812864014203319E-017  1.2773529703569104E-017 -8.1600607628524673E-019  1.4986549273513014E-017  4.3080866603629352E-017  3.8518472144910268E-017  1.8281875420284740E-017  8.9808068760974376E-017 -8.9530633480906942E-014  6.6788201243537293E-002  2.8278441520624913E-015  4.7845087394499873E-014  1.5791199360192548E-014  3.6375921550571132E-014 -2.4526085633843159E-017  6.3794804073921016E-015 -3.8709161623891406E-017 -2.7391040451001692E-016 -3.0166646292648727E-016 -3.9882198320498177E-017  5.2934247461592673E-015  1.1023275569455489E-016 -1.4283511921598960E-014 -2.7048477639337315E-017 -4.7241418935204932E-017  9.4929851355897278E-017 -4.1203194563550638E-017  8.7355864044387035E-017 -9.4179412817610294E-017 -2.5630427728124965E-013 -3.7404882006740293E-015 -1.2963923207164519E-015  3.9954013155586886E-015  5.3345419619372270E-018 -6.9050058385252071E-018 -6.6284723165727598E-018  2.0114652410379478E-018 -8.6036720371109092E-019  2.7481576510094203E-018 -1.6178850014558495E-017 -7.1001338909549220E-018 -7.3983230236346853E-018 -1.5578074023195138E-017  1.4033403586219274E-013 -5.0031959005672639E-014  1.5902758420899402E-014 -4.3445228769822703E-015 -3.4818715477702630E-015
-1.7715453531399955E-016  1.4748192526273001E-016  2.7024588852177254E-016  8.4158942864755565E-014 -4.7434341020905616E-014  4.5131330363124678E-016  6.9333591965834241E-003  1.9758945571342854E-014  1.8098229726982949E-015  2.6936982433791312E-014  2.0684045946957751E-016 -1.7734556921754698E-016 -3.2022663490256897E-016  1.8482019461103941E-014 -5.8194825143550860E-014  1.9302990278774013E-015  1.9531550407403390E-002  2.2891075275035035E-014  2.8060321244730918E-015  3.1398052417826314E-014  6.3417238097954160E-014 -8.3383879986808892E-017  1.0014498491041089E-016  2.8965184836503573E-016 -1.0722425184547069E-013 -2.3455301518265373E-015  3.0045133588685036E-002  3.8888074103785575E-014  6.7745447622790244E-015  6.4640550616396718E-014  1.7773782959890520E-016  2.8116362516960135E-016  7.9037526584474707E-016  7.7745612262483640E-017 -3.6219186786638505E-017 -8.6685357144812389E-017  2.6603964651876266E-017 -2.8776999975566932E-017  4.3513054176179123E-017 -6.8296661108516249E-017 -8.4195406201775756E-017 -3.6911322052269625E-017 -2.0034787284644570E-016 -4.7957079757367106E-013 -1.3527940021870969E-013  2.5682433643303568E-015  3.5728288794185561E-002  5.6945473339220653E-014  4.0645968936802416E-015  6.8970072948070146E-014  2.6519450821500251E-015  1.3155057668131744E-015  4.3563606832620971E-015  7.3954895461216655E-013 -2.0631227096571146E-017  8.2274418688065329E-018 -1.3546399132348442E-017 -1.9829708341179784E-018  1.7997543713437568E-018 -1.3777017949343099E-017  1.6520926213160779E-017 -1.2508616834177804E-017  1.0609415287170362E-017 -2.9426269266118926E-017 -2.0516434045773199E-013  3.0084616605132350E-015  6.6788201244792317E-002  9.6573209075775727E-014  8.9560029555853772E-015  1.2621615735363632E-013 -6.5276164342823681E-017 -1.5273724654141615E-017  1.7780116716751337E-014 -1.5061867148845171E-016 -1.4553353643918336E-016 -6.4372400725315724E-016 -1.4066187370534428E-017  7.1968219148886812E-015  1.4234524654543729E-016 -2.1481199498599604E-014 -3.9811228845983335E-016 -1.9459584801533352E-019 -1.2137591935342032E-016 -7.7141347827904705E-019 -1.4393966730390292E-017 -6.3157397735042006E-013 -3.1560018970521483E-015 -3.2103674214354909E-016 -3.1374853541250800E-015 -1.7673609473010500E-017  1.0734781409912981E-017  2.0626972068403418E-017 -7.8298990680498633E-018  6.6574468513918082E-019 -9.5007931911820118E-018  2.3857575253466534E-017  2.0440077183612072E-017  1.0288477464311248E-017  4.7498020313496726E-017  3.3046261300067659E-013 -1.3498056164861546E-013  3.8717005384446043E-014 -6.1175960233823679E-015 -1.0220072585182275E-015
-1.7064443860008575E-016 -1.3563765718091141E-016 -1.7005241585214259E-016 -2.1630034904828746E-012 -3.4666795984905660E-003  1.1099732606317696E-014  1.9758945571342854E-014  6.9333591974826501E-003  1.3221809975512432E-014 -3.4666795989999146E-003  1.6521438016476903E-016  1.7757660293110532E-016  1.5944993322767342E-016 -3.3274766836966995E-012 -9.7657752038519102E-003  1.3396873786537795E-014  2.3103157272730862E-014  1.9531550408383259E-002  1.6795859879955722E-014 -9.7657752045649648E-003 -2.8606231758209834E-012 -5.1500380292757817E-017 -8.4233007639114441E-017 -4.7493762871635235E-017 -1.5022566794450054E-002  2.6684954225504959E-014  3.8551682668386179E-014  3.0045133590791584E-002  2.9939422980686356E-014 -1.5022566796380145E-002 -1.5723292437636792E-016 -4.9662586285709051E-016 -7.8262906976753791E-016  3.8195849493408168E-017  8.5428981633678957E-017  9.0682799173416964E-017  1.7000950073544125E-017  1.0712412174156326E-017  1.6346893651803625E-017  1.8563960203518177E-016  8.8687919844109447E-017  7.8264975132572813E-017  1.7641515081246974E-016  5.3765377483379356E-012 -1.7864144397856774E-002  2.9448112066213958E-014  5.8121527839601555E-014  3.5728288796633687E-002  3.8612760074371383E-014 -1.7864144398996921E-002 -6.1753974659787210E-016 -1.0016485247895559E-015 -3.5641680862560835E-015 -3.8366906771632145E-012 -1.9112505189223190E-018 -8.2077754239793843E-018  4.1215191864158128E-017  1.4117148741527210E-018  7.2373733131740881E-019  1.2033172751189119E-018 -2.6198340753495546E-017  4.2375661942161789E-017 -7.9095033883969820E-018  1.0418566208398004E-016 -3.3394100623479778E-002  4.9000216725488665E-014  8.7136865919391130E-014  6.6788201248653867E-002  6.2283420983361179E-014 -3.3394100625509113E-002 -4.0562719575308784E-015  1.0604551106382249E-016  6.5946738850798662E-017  2.6096527211233869E-015 -4.8116052839850481E-017  5.4756239966745690E-016 -1.9453281598656790E-016 -2.7397451080313043E-016  4.7683826310476167E-017  1.1281532604789009E-016  6.6909451892377928E-015  1.4470252626101642E-016 -1.9500692684532669E-014 -1.1327186005949648E-016  8.7082439401925489E-015  5.9807819840448337E-012 -3.1954632986067078E-015 -1.0278936779111918E-014 -1.8540053288072119E-015 -1.6650835803553819E-017 -4.2530563802015480E-017  1.1099855573432911E-017 -8.9706982991114964E-018 -6.2679692339536410E-019 -6.2172192639416272E-018 -9.2859631172511191E-017  1.0745837570149996E-017 -4.4548535250494137E-017  2.4523979136615125E-017 -4.1412596629491464E-012  4.7855027970462222E-013 -4.2629704196356990E-013  2.5149142809357328E-013  2.4302264549411196E-013
-4.3386468951832333E-017  2.3996133291005102E-017 -2.8805508323549235E-018 -4.1951685489675909E-014  1.2513622351752396E-014  3.9932470086028229E-015  1.8098229726982949E-015  1.3221809975512432E-014  6.9333591968704462E-003 -2.4402390733551252E-014  1.8939015035583258E-016  4.8633718678286495E-017  7.7582369916161133E-017  8.3380231208150795E-015  1.3584785034704989E-014  5.2410135801883402E-015  1.9300685107686823E-015  1.6694632733060856E-014  1.9531550407691559E-002 -2.5962399400971896E-014 -2.7308703936557956E-014 -1.5239513908194915E-016 -5.9825708295570068E-017 -8.2224395975384976E-017  3.3617439447753790E-014  1.5153110433740006E-014  5.7697531322986647E-015  2.8912101896933865E-014  3.0045133589764170E-002 -5.8743988583626042E-014  3.8266396591638845E-017 -9.2204197607397343E-017 -4.3302298625573903E-018  1.2461885483871788E-016  3.6649680596915064E-017 -4.1561204509357794E-017  6.2345716484657831E-017 -4.5794027876916618E-018  5.7374433065898417E-017  8.2956814060325335E-017 -4.9944616605506606E-017  2.1622379363770455E-017 -1.1845412987975332E-016  2.5571328124941294E-013  3.2786255093343207E-014  7.8502768698701298E-015  2.7626096232243047E-015  3.6832238538499117E-014  3.5728288794731826E-002 -6.6748880309506439E-014  1.8411214086708900E-015  3.0607031086483068E-016 -2.2426631582105348E-015 -4.0049108146484286E-013  6.7833679073719846E-017  3.7261177195043638E-018 -4.0979782432455922E-017  3.1703609111665466E-017  2.6880682546279065E-018  2.9404056736627700E-017 -1.6770749168863194E-017 -3.4498719937516462E-017 -5.5353732419204460E-018 -9.0181744881197276E-017  4.4806450983734908E-014  1.8305902150999806E-014  6.6268001394463690E-015  4.8850254169907670E-014  6.6788201245989470E-002 -1.1852730134953255E-013  3.6429788587746602E-016  8.1346803908603494E-017  3.0700002071181502E-017  1.6348538248387838E-016  8.8253969046323371E-015  1.5922827833839162E-016  6.1038403702813551E-017 -1.4916864689401346E-016 -3.5307745988539919E-016  1.9592468992091700E-017  2.0280198110438907E-016  1.6448741246883437E-014  3.5938548926089998E-016 -2.0935394298943024E-014  2.0468552527068918E-016  3.3887965131785055E-013 -5.0815493675092435E-015 -2.9610963840987637E-015 -5.1010662506826766E-016  3.7620172409184615E-017 -8.8327674525798401E-018 -2.1535270223948492E-017  1.7338602861256375E-017  6.0356779438717081E-022  1.7371859190635611E-017 -1.4879146696114925E-017 -1.9653328912723104E-017 -8.4455171556933612E-018 -4.7487972101197912E-017 -1.7408399317184302E-013  7.3559781377650737E-014 -2.1220062684980547E-014  2.7974364351203327E-015 -1.9648561138542557E-015
 3.5816655167867351E-017  3.4807703373610617E-017 -2.6709690927559069E-018  5.4768310377657487E-012 -3.4666796001242921E-003  8.3684295422725224E-015  2.6936982433791312E-014 -3.4666795989999146E-003 -2.4402390733551252E-014  6.9333591991210825E-003 -1.8208787964858236E-016 -1.3091569007046412E-016 -1.0915683289953745E-016  1.7578269874914564E-012 -9.7657752058187830E-003  1.0096177803949547E-014  3.2315104187089426E-014 -9.7657752045417837E-003 -2.6410594496552411E-014  1.9531550410348496E-002  3.6945402027832990E-012  1.4743058570723841E-016  5.9606112081579221E-017  1.7708755957066482E-016 -1.5022566798620426E-002  1.6438986146320975E-014  6.5154223119017233E-014 -1.5022566796341567E-002 -5.8192287789213331E-014  3.0045133594950989E-002 -5.0951931336633283E-016  6.5492926875814248E-017  2.4224347131262637E-016 -8.6419806775430524E-018 -1.4737805784282600E-016 -9.0041369733350548E-017  8.1348750073941100E-018  1.2547662941399980E-018 -1.1715511574820758E-017 -3.2321961213580000E-016 -1.0084928412982381E-016 -1.2942238432844434E-016 -1.9157479988606302E-016 -3.0548854658426182E-011 -1.7864144402117681E-002  2.4539652894307474E-014  7.1353713546405643E-014 -1.7864144398858056E-002 -6.5734384571236832E-014  3.5728288801074495E-002 -4.1020926029573195E-015 -4.7890323528379610E-015 -8.4373725924591047E-018  4.6203911042097058E-011 -9.4981474828965371E-019 -9.4282641803428196E-018 -2.9060436368271961E-017 -2.5842879185985570E-018 -3.9149128550804469E-019 -1.3521504038643367E-018 -3.0554637982957380E-017 -2.4229634975658775E-017 -1.7204030511955301E-017 -7.7639837252241045E-017 -3.3394100630449550E-002  3.6988466594929449E-014  1.1882674882335126E-013 -3.3394100625161315E-002 -1.0641907025786218E-013  6.6788201256112567E-002 -8.7034060851402136E-015  2.1741504628764027E-017  3.1667672231012281E-016 -6.0531871362583307E-015 -5.0149233628739637E-017  1.6939793795297569E-014  4.1243527731254438E-017  1.4508156772767975E-016 -1.1632495762307621E-016 -3.9837774461771775E-016 -9.1801256987947226E-015 -1.1035003951128152E-016  1.5603108595107261E-014  1.7085624287862480E-016 -2.4277513031916225E-014 -3.8745743488106969E-011  4.6403293320039879E-015  9.4865676809354347E-015 -4.4926174303601952E-015  8.3960749016640595E-018  1.8228021557641425E-017 -3.9480735655737669E-017  4.3530339403196760E-018  6.0923708425660351E-019  2.8967801105939706E-018  4.1967896150983021E-017 -3.8516077007661221E-017  1.9898402913386726E-017 -8.4225598755787053E-017  2.0381499634614557E-011 -8.2040230278313614E-012  2.3753675078276638E-012 -4.0601225451534656E-013  8.8590889994364260E-014
-1.4121007749725438E-005  6.0206644447808005E-016  1.5291949283242163E-015  5.1898844581666595E-017 -2.3372392971476700E-017 -2.3834801200109447E-016  2.0684045946957751E-016  1.6521438016476903E-016  1.8939015035583258E-016 -1.8208787964858236E-016  4.8856176010933463E-005 -2.0523650225130556E-015 -5.1202917698152195E-015 -8.1893502497801022E-017 -6.5251449005721057E-017 -7.3291104217327070E-016  5.3134885248570254E-016  4.0883848261064354E-016  4.9508283526813701E-016 -4.9569023048941792E-016  5.3131333140471233E-016 -2.6651665220821420E-005  2.2095110157995718E-015  5.4196982785446633E-015 -5.9458674804111860E-017 -1.0657971339522939E-015  8.4863067967757482E-016  7.0159714518990823E-016  7.8514553098821894E-016 -7.4507605424311320E-016  1.1244395820439305E-003 -2.4460517063746549E-014 -6.2042754643880012E-014  5.3520213210440766E-015 -7.5625877200776441E-017 -1.7445215110157803E-016  1.8687263199673224E-015  4.9423794684139808E-017 -8.8457458799497265E-015  2.0439338838695728E-017  3.3572468815698082E-017  6.9796435645824389E-018  5.6689211177690751E-017  6.2057223193054425E-015 -2.4585929766382938E-018 -1.3029307274542775E-015  9.9338220195484148E-016  9.0208830531400642E-016  9.2476218036892704E-016 -7.9019711552648422E-016  9.8452181997807538E-003 -2.0559978659079467E-013 -5.2235596988104307E-013  1.1132908789550394E-014 -6.9615233046724111E-015  4.6879683631040840E-017  1.0610962278598965E-016  2.5611586569504643E-015 -4.6593623708817477E-017  6.8118617522575250E-015 -3.3435191483973609E-017 -4.6883896249965596E-017 -1.3292928301663783E-017 -9.6592197341837228E-017 -1.4595746993459330E-017 -2.4164340289114510E-015  1.8673536640859950E-015  1.6694285846082618E-015  1.7304286948370241E-015 -1.5018296414341403E-015 -4.0588100723331702E-018 -6.2077112558040358E-019 -5.5892917999835127E-019 -2.2417920882213213E-018 -1.4476319458660307E-018 -3.5320713135642913E-018 -5.9706867118308997E-019 -4.7749001745035882E-020  2.4671912863310532E-020 -9.2998046985365496E-020 -4.4489188389623002E-018 -6.4137786948912030E-020  1.2171839786398691E-018  2.1464059173563857E-019 -3.4457394687302729E-018  2.7733358815443102E-015 -3.7788570356416559E-003  6.4510228706357254E-014  1.0430828362426865E-013  4.6675984219170305E-015 -3.8239114199356439E-017 -9.8322251821736866E-017 -8.8092302018952459E-016  3.5984102322902738E-017 -5.4815131146059463E-015  2.0508906536471182E-017  1.3678219304651604E-017  8.8219130657876351E-018  3.3443572076162722E-017 -7.3684298784203752E-015 -5.2732539953177992E-015 -9.9596459606712560E-017  1.2961474005412488E-015  4.8098407325101506E-015
 6.0552911140047173E-016 -1.4121007621080268E-005 -9.0906445800036028E-016 -1.4511577558713093E-016 -8.9654196504424833E-017  1.4952696110117379E-016 -1.7734556921754698E-016  1.7757660293110532E-016  4.8633718678286495E-017 -1.3091569007046412E-016 -2.0523650225130556E-015  4.8856175613751732E-005  2.9610008024230321E-015  4.4627346803918684E-016 -2.4455449007933838E-016  3.6608963492496588E-016 -5.3189760403037158E-016  4.6490730628215573E-016  1.3015272630763719E-016 -3.2160275210277524E-016 -2.7532649390935352E-016  2.1952950557404218E-015 -2.6651664852785564E-005 -3.0284535340276559E-015 -3.5439921529314943E-016  6.0103332765797464E-016 -7.9910535915460649E-016  7.9295782696022485E-016  2.0180741274587916E-016 -5.0168239756170003E-016 -2.4848149176763551E-014  1.1244395773117759E-003  3.6372043207477636E-014  6.5990134705721751E-017  2.6381632735326024E-015 -2.0809162811797115E-017 -6.5447655775411479E-017 -1.2082763555576172E-016  2.6292304631720902E-017  4.0707616480148706E-015  6.5670274207614454E-017 -8.9499215163287240E-015 -3.8336554681289072E-017 -6.7020005743729760E-016 -4.4827925765977361E-016  6.9676315666344726E-016 -9.5050636989206371E-016  8.7472273878701310E-016  2.5180958068209240E-016 -6.0291839635270223E-016 -2.0839337603135406E-013  9.8452181597010018E-003  3.0679187963733614E-013 -1.8556563228383848E-015 -4.2095536810574936E-018 -4.5967253766026791E-015  1.3983245683318982E-017  3.3850131867928224E-017  6.4239351324368213E-017 -6.7534455941888719E-018 -9.2259653729971066E-018 -6.5496949902270104E-017  4.2634655079676212E-015  3.7237253988078237E-017 -7.6356764266970738E-016  1.3089919643570192E-015 -1.7772916114602362E-015  1.7412020408501077E-015  4.5030806067108976E-016 -1.0722833729783999E-015 -5.5329114388591759E-018  1.6419962300220029E-018 -1.5252427298015408E-018 -3.4334444903167247E-018 -3.0361869049575455E-019 -2.9178483520060655E-018  1.6524877130560111E-018 -9.9461077232875726E-019  1.9803413909641754E-019 -1.1912585900213920E-018 -8.6138748706121005E-018  2.7094854712400136E-020 -4.9965420253158583E-018  2.4774516470342099E-020 -8.1300494849441986E-018 -3.5262594353273170E-016  4.1827291607788309E-014 -3.7788570262322690E-003 -6.6135353509563724E-014  2.1254824846268171E-017  3.1461071500671359E-015 -1.0218228866257778E-017 -3.3031975065489358E-017 -6.1202964181927967E-017  1.0985738095149476E-017  6.6543863003983025E-016  5.0999389413390633E-017 -4.3188847716518980E-015 -2.8254010682908210E-017  1.7700895306810891E-015  1.4481160872891151E-015 -6.5980231194124496E-016 -4.1825871033063823E-016 -1.1487415681957836E-014
 1.5277831821487178E-015 -9.1925084881619484E-016 -1.4121007526202152E-005  1.9315217666995569E-016 -6.3022647485029346E-017  2.4504121872292453E-016 -3.2022663490256897E-016  1.5944993322767342E-016  7.7582369916161133E-017 -1.0915683289953745E-016 -5.1202917698152195E-015  2.9610008024230321E-015  4.8856175275148969E-005 -4.0821862575374575E-016 -1.8612937545803425E-016  7.7417803698059756E-016 -9.9553428535720198E-016  5.4099806874511593E-016  2.5624996893453747E-016 -2.8397491465585624E-016  1.2253840436050129E-016  5.4677034980197385E-015 -3.0582664793804659E-015 -2.6651664457551608E-005 -2.7100531982285240E-016  1.1112820208599280E-015 -1.4562824990823836E-015  7.6885831451548779E-016  3.7490158840845439E-016 -4.5732319790854319E-016 -6.0798143293324438E-014  3.4654393713712053E-014  1.1244395732197497E-003  5.7215457004928202E-017 -2.9988778896656422E-017  7.1010525624625516E-015  1.6864631862457690E-017 -5.1982152744063035E-017 -1.9205746958126452E-016 -6.7553480443622867E-017  6.2512690051708638E-015  6.5560270381350843E-017 -1.0869197355344168E-014 -3.1690994735015645E-015 -3.6992055456097860E-016  1.3854876908698801E-015 -1.7827012200521012E-015  9.0287703662885433E-016  4.6644584121271368E-016 -5.7436428355310707E-016 -5.1170152619892711E-013  2.9093508431648657E-013  9.8452181254922479E-003 -5.2056245797031086E-015 -3.6330642138118797E-017  1.1212134875960663E-017 -5.9651034101656553E-015 -3.0122767694064138E-017  2.1995646893578480E-017  7.8818699303466023E-017  2.2825606096933382E-017 -1.3826957829808706E-015 -5.0645366640006980E-017  5.2563446901657007E-015 -6.2682179014500680E-016  2.5433003156538372E-015 -3.3031563958971661E-015  1.7301587679579475E-015  8.5294737850402170E-016 -1.0174932289689607E-015  9.8846793103175305E-018  1.4120652822688692E-018  2.8436937648217478E-018  6.9336197446528541E-018 -2.4706550011041952E-018  6.8664856807109856E-018  4.8310267005046042E-019  1.6668386294612962E-018  7.1565078161956590E-019  1.4314395402932824E-018  7.2629307030774888E-018  1.3117852700199556E-019  3.5326694972489916E-018 -9.8572207065227830E-019  7.1815181674043071E-018 -1.2350622148250145E-015  9.1339143421518120E-014 -6.2325063474605526E-014 -3.7788570210604490E-003  6.3159653563654649E-017 -1.0549773644875182E-017  4.8000931733005014E-015  3.1887341193533112E-017 -2.4035175623266433E-017 -7.6002234061869941E-017 -2.4310680891432725E-017  1.9159715176074491E-015  4.4687951548901774E-017 -5.0310592018417325E-015  4.1490194569919612E-015  3.2495752413371262E-015 -4.3744052194520770E-016 -8.5534963684679867E-016 -1.0412762579961730E-014
 8.6183376985307811E-017 -1.2784844994796321E-016  1.1431100311751129E-016 -1.0110877945656119E-004  1.5714405703186486E-012  1.1008261042638274E-014  1.8482019461103941E-014 -3.3274766836966995E-012  8.3380231208150795E-015  1.7578269874914564E-012 -8.1893502497801022E-017  4.4627346803918684E-016 -4.0821862575374575E-016  3.6027883912183095E-004  4.3796316404830182E-012  3.0685176736337370E-014  5.1896999495770461E-014 -9.3213939648371192E-012  2.3280492785196245E-014  4.9452759816900791E-012 -7.2730224303243910E-004  7.1869074310299013E-017 -2.0789702155688763E-016  1.4963147675802845E-016  7.1575668097704154E-012  4.4834653478170289E-014  7.3470764848279767E-014 -1.4359422806524082E-011  3.9616115299563452E-014  7.2057809091164950E-012  3.0942223312938131E-015  9.5772171045074703E-015 -1.1583380344262119E-014 -2.6703084714963293E-017 -8.0144931271671917E-018 -1.8197886090473722E-017  3.8991181540270508E-018  5.5665114273267308E-018 -7.3531513550796744E-018 -4.1890907512318474E-017 -1.1641505930406492E-017 -5.4901406024601117E-018 -4.4465170284175806E-017 -1.0596754152241957E-002  8.1983835584978062E-012  5.5402190283819134E-014  9.2694691877462861E-014 -1.7099484762147021E-011  4.4122275351557055E-014  8.9109972110992115E-012  2.7504228609186445E-014  8.4199894839479172E-014 -1.0217058620345100E-013 -1.8619742218828509E-002 -6.3097086302001112E-018 -7.3054600532990046E-018 -5.9433504950750726E-018 -8.2979039888443874E-018 -1.7111691606067464E-018 -2.9370315592604941E-018 -3.6993872227867264E-018 -1.4677041949400487E-017 -1.3692104449488024E-018 -1.0513152301055940E-017  1.5257378632122845E-011  1.0365769867070275E-013  1.7344070823475828E-013 -3.1964480595682680E-011  8.2343998289845854E-014  1.6615106018617285E-011  1.5174371421194750E-015 -5.7172361624518357E-018 -1.8034365859556564E-017  3.8604022010654727E-016  1.0610363412087929E-018  3.7049830232699286E-016  2.0781429331526927E-019  2.3790510761542440E-018  7.5869071628735384E-019  6.0662197178227382E-018  1.1375263352252210E-015  3.6452302997556212E-018  5.9027699843668244E-016 -6.2573025717913507E-018  1.4207140884418341E-015 -4.5415937392785403E-003  9.7718532081116325E-015  4.4229650052883542E-014  8.8880373154883939E-014  7.5398442236950408E-021 -7.1324145816062261E-019 -1.2221915802318391E-018 -6.2651418876151809E-018 -8.8837594533647444E-019 -1.4111263043915698E-018 -1.3044748632344599E-018  5.4235801270046065E-019 -1.6194399671304752E-018 -6.0058205721178104E-018  1.2477342394655772E-002  9.0605602081472204E-003  5.4401562018213071E-004 -2.2441801201947731E-003 -3.2320928164459440E-003
 4.1241267839498650E-016  3.1673090652684157E-016  4.9939526014165768E-016 -9.3233050721712109E-012  1.9531550409701549E-002 -2.4697861545829254E-014 -5.8194825143550860E-014 -9.7657752038519102E-003  1.3584785034704989E-014 -9.7657752058187830E-003 -6.5251449005721057E-017 -2.4455449007933838E-016 -1.8612937545803425E-016  4.3796316404830182E-012  5.5021159365624996E-002  1.8738047346739162E-014  5.0512940254555921E-014 -2.7510579683743416E-002 -2.3371917400498299E-014 -2.7510579681752887E-002 -2.2654069677056277E-012 -2.0903391233604954E-016  1.3006678249699054E-016 -3.4757333745156230E-016  8.4638344059328366E-002  9.1478111479863983E-015  2.5710131786135315E-014 -4.2319172029528895E-002  1.9720817598489670E-015 -4.2319172029659693E-002 -7.1924278642514489E-016 -1.3941903118357292E-015  4.6263594325898201E-016 -8.3254431525288310E-017  1.7451302751277789E-016 -1.8069324298645408E-018 -7.0808625460627850E-017 -3.3712020803190031E-017 -1.3046788685684381E-017  3.8756839581539754E-016  3.4259049996323100E-017  1.4411246957054495E-016  4.2705338253998002E-017  7.2089843211885416E-011  1.0064801977784280E-001  3.2530999281110638E-015  1.3240180735945879E-014 -5.0324009889515645E-002 -1.5896280331912877E-014 -5.0324009887985591E-002 -9.4620552304871270E-015 -6.5742020203873590E-015  4.8023882156136508E-016 -1.1724387705958315E-010  8.0597354083059260E-018  4.9681429560121861E-017 -3.4240432808549482E-017  3.3031852013454696E-018 -9.3595040999043334E-019  4.1926886712290809E-019  1.5987541296671401E-016 -5.1118084372108398E-017  7.0745830299230906E-017 -7.4780651215469165E-017  1.8814503651058792E-001  4.8146949543146595E-014  1.2635876366230606E-013 -9.4072518258269983E-002 -4.8206033087667550E-014 -9.4072518252787465E-002  3.5944523824254585E-014 -3.5998113859213560E-016 -1.0778656065507805E-015  9.7005742933735508E-015  2.7681724558450780E-016 -4.9262582430236406E-014  4.3182206134535963E-016  3.6309658044723867E-016  1.9336481457855320E-016  8.0444076408098491E-016  7.0121211369013747E-015 -9.6772330403373268E-017  1.0979650407326663E-014 -1.6221751145309370E-016  4.3859254275732216E-014  9.2445015821500725E-011  2.9141833196030828E-015  5.4927744760002459E-015 -1.5350330741691891E-014  2.3253991898898890E-017  6.8461234351082755E-017  7.9950075297174302E-017  1.3008145352521928E-017  4.9466770118102133E-020  9.3538100273578456E-018  1.4336405480398772E-016  7.8229876152622875E-017  6.9440409574975759E-017  1.6818185234959819E-016 -4.9288210714837167E-011  1.8484997382373201E-011 -5.7351650170517540E-012  1.4527161181039221E-012  1.0149732370691143E-012
