   5.3895390460060859E-002   3.3551108992482511E-009  -1.6363728457950841E-008   1.6290460131108895E-009  -6.1547179290978891E-010   1.9494597885001918E-009  -9.0540829027109829E-012   1.2978681281034181E-009  -4.8034621216356986E-010  -6.8239429852020489E-010  0.11794592465908409        3.1690514421262981E-009  -1.1114895047397003E-008  -2.1366262757909303E-010  -4.1652641762808729E-010   8.4429758350218567E-011  -3.1595174063005823E-010   2.3666704135964294E-010   1.2114581097625355E-012   3.2223428549910863E-010  -1.0126986288767039E-010   1.0131988290871913E-010   5.1438110631170176E-011   1.5997794304638354E-010  -1.1505141572296277E-009   8.7029311664389069E-011  -6.8828877351482712E-010   5.7906159232981821E-010   2.2455713318711785E-011   5.7145973902311106E-010  0.12045634430771437        3.5415473151767133E-009  -1.4048309298791284E-008   3.2480949554354750E-009  -3.9514874319035443E-011  -5.2172504855035639E-011   1.3845876094219192E-010  -1.4659762835113646E-012   7.0725204063190093E-012   7.0879327200751046E-011   7.6326207946732959E-011   2.4478442846609539E-011  -3.2405576257985173E-011  -1.5670386187287191E-010   2.9804441920224135E-012  -5.5568874651104268E-012  -3.7686750024705498E-012   2.8532816451767840E-013  -3.8203710353683189E-011  -7.7252446181511008E-010   3.7130636632788650E-010  -1.0134199682624259E-009   5.3341156738727744E-010  -7.1542335597852610E-011   2.3912406619348515E-010  -6.5961794998012382E-011   6.1872112523307097E-011  -5.7538950479049558E-011   9.3888458989125038E-011  -6.0685953384095769E-011  -5.3078692330453178E-012  -4.2534452164045760E-011   2.6947022052015897E-011  -4.8068500144897840E-012   2.2801095842888210E-011   5.8054510324299604E-010   8.0485837993377468E-002   2.2508582478469548E-009  -8.5594272128226127E-009  -6.3662499860198465E-002  -1.8454521680567716E-009   7.1412324766958999E-009   2.0768624898548670E-009  -9.1843434662276264E-010   7.2294335885727156E-011  -1.2841710030179739E-009   1.2714189803165836E-010  -7.9269158616788742E-010  -7.2509204874164468E-011   3.8785366673859542E-011  -4.5972170407920109E-011   8.3360558244875882E-011  -3.1624317205506238E-011   1.3946028956893388E-011  -2.9591697198574712E-011   1.8482516280574596E-011   9.1593412305199054E-013   2.0489042020207901E-011 -0.10141224995014923       -3.0412118858530884E-009   1.1914318158228680E-008  -2.3876491952975848E-009  -7.6741576469241855E-010  -1.7115918266566175E-011   1.1354968545031175E-011  -1.4110969079959410E-011   1.8351454748279023E-011  -9.3938197220980661E-012   4.5926028921346260E-012  -7.5967055430584874E-012   5.3643526210176239E-012  -1.1628487028513965E-012   6.5191873126663767E-012  -5.4869174536408956E-010
   3.3551108992482511E-009   5.3895404453676382E-002  -6.1557220934768501E-009  -1.9391188341131550E-009   9.2906122207442820E-010  -1.4017569871320204E-009  -5.8835132843889188E-010  -3.0068534693040526E-009   1.9379777814862401E-009   2.0777912662609949E-009   2.5415671909564189E-009  0.11794593663065882       -4.7755790367876524E-009   1.6965336461497431E-009  -2.8022211070732926E-010  -3.4597401818948730E-010   2.1286245584559583E-010   8.0741779175908381E-011  -1.9590135419387383E-010   2.9521641817512673E-010  -8.5905181373533317E-011  -4.2505058423139280E-011   4.6116450890627255E-010  -1.2697610222064244E-010  -7.0248069190122753E-011  -9.8867998973617953E-010   8.5779419959705319E-011   2.8107076731640726E-010  -7.3248563649350305E-010  -2.1082319643613730E-010   2.9660532245106957E-009  0.12045635780218675       -5.4750626225643831E-009  -5.1214812868272002E-010   2.5647103482373151E-011  -2.1801696001651174E-011  -1.9919716068421684E-011  -7.3176902647635226E-011   6.8210787107595943E-011   2.8126815915607578E-011  -8.6566891428324774E-012   1.3057663061177118E-011   4.0863439156137032E-011   1.0187171893467991E-011   8.3593179424585410E-011   7.2893410454126186E-011  -7.3661727974525108E-011  -1.2373454465339856E-010   2.5923173383645330E-011   8.8257868495553305E-011  -7.9660039533091631E-010  -8.7855312513142710E-011  -3.6252416812051425E-010  -7.2947436514818524E-010   2.7428101453516160E-010  -1.2329150253937811E-010  -1.2388467689877930E-010   1.1318703937373791E-010   4.9823639159216683E-011  -2.8291019042506172E-011   1.1559067355626850E-010   6.7092209611358321E-011  -1.7376362154687293E-010   3.3761915024805869E-011   4.5150282039145885E-011   2.3618826729401453E-010   1.8550733107028729E-009   8.0485846561682783E-002  -3.4787558574586140E-009  -1.5383920379209701E-009  -6.3662506911787847E-002   2.8676779139563852E-009  -2.2105465479209920E-010   2.0257771957422457E-009   1.3775638541277742E-010   6.6175651007994159E-010  -3.7337485511677241E-010  -4.4070224346302042E-010  -8.1493252807051584E-011  -9.6997709187033812E-011   7.5697665835184539E-011   2.7357855785647472E-011  -2.3174543581368951E-011   8.1977342501544513E-011   4.2321938295601383E-011  -1.0188800409356246E-010   4.0191681291366661E-011   1.9520331929640782E-011  -2.5600842216957913E-009 -0.10141226163355889        4.7572431659701062E-009  -8.7647497758646836E-011   9.1338834917757901E-012  -2.0861322592190343E-011  -2.5042058794844436E-011   1.9583320367218176E-011   7.9454124531023170E-012  -7.6896851417675792E-012   2.0042195503717935E-011   1.0716975354413306E-011  -3.0737220962116149E-011   1.0663667376240695E-011   8.3133772659402497E-012   2.2547065073787691E-011
  -1.6363728457950841E-008  -6.1557220934768501E-009   5.3895412334418920E-002  -1.3340557103871965E-007  -6.7816584965281289E-009  -2.7086533818222288E-010  -3.8577289623439875E-009  -6.3215805139039149E-009   2.8734239900530156E-009   1.3103221465244054E-008  -1.5859510370735148E-008  -5.8253591430998227E-009  0.11794594100418002        1.1342827089997162E-007   1.8208279549191702E-010  -3.2014669400467904E-010   1.1207508335984651E-010   5.4497615362098506E-011  -1.1061816912341705E-011  -2.9878730726835268E-010   5.0684839154006764E-010  -1.4813223140143458E-011  -3.5986751765606667E-010  -7.2474834799075479E-011   5.1801057121040306E-010  -4.6941844298256287E-011  -8.8131547513988195E-010   8.5022583572108811E-010   1.6714169915659747E-010  -1.3682969677493415E-009  -1.8663268011528975E-008  -6.3078305121680988E-009  0.12045636799289115       -4.9432756674758051E-008  -6.8316084470798910E-011  -2.0405685700451086E-011  -3.4407960226393090E-011  -4.2600426589940373E-011  -1.2704203753291076E-011   1.6261375129820706E-010   2.0051534046659911E-012  -1.1954590685476549E-011   2.4687267875552109E-011   4.3318402972746435E-011  -2.9783528222352463E-011   1.1995482253293837E-010   9.4927355160100672E-011  -1.1048555306219220E-010  -1.4661240341354806E-010  -4.7738331180934191E-010  -4.1712458726302745E-011  -1.1593736896229853E-009  -4.4042333710460782E-010   5.3276793763372809E-010   9.1777821124996761E-010   4.8847816742109317E-011  -1.0956991520736492E-010  -1.8691726696032812E-012   1.0956434462635672E-011  -2.9724120571959303E-011  -7.6492020306355454E-011   1.4494255988595149E-010  -3.9574640871744867E-011  -8.4897581012857636E-011   3.0936433555343687E-011   2.8979186292321152E-008  -1.1663635815024061E-008  -4.0860132464177242E-009   8.0485852040980271E-002   9.5546702754421518E-009   3.3361794913819222E-009  -6.3662511437750910E-002   1.4375338443753826E-009   1.0007816480301428E-010   2.5646378091839130E-009   1.1160766438410833E-009  -1.1564425869800582E-009  -2.5536063665755492E-009   3.1857610617133486E-011  -7.9963949139742186E-011   1.3400603327208821E-011   5.5286062067576375E-012  -2.1455540905411549E-011  -4.8269809441419827E-011   1.1069589788771174E-010  -1.3825168237128664E-011  -6.8551976374258969E-011   3.3073829522529897E-013   1.5689820903413177E-008   5.4940243417992542E-009 -0.10141226884468968       -6.7134330754662525E-009   7.8569575220191113E-010   1.0010191207728555E-011  -1.9278669823333758E-011  -4.5142610532207311E-012   2.2394323412051682E-012  -6.4591557688294104E-012  -1.5669725631962626E-011   2.3408681747080443E-011  -1.0985609608024584E-011  -1.2128355101176398E-011   1.1558293427319097E-011   8.8826823495792481E-010
   1.6290460131108895E-009  -1.9391188341131550E-009  -1.3340557103871965E-007   1.7056134184483311E-002  -2.4035910895711571E-010   8.2775728947294191E-011  -3.7978902300338689E-010   1.2336018677872555E-010  -1.7127032943466604E-010   1.1689747274854807E-010   3.0380285190381165E-009  -4.2720616503493357E-009  -2.8613942033352331E-007   8.9436894037583911E-002   8.6036905735482082E-011  -6.2774394493207523E-011  -3.7834997508866315E-010   6.7324694276257970E-011  -4.9518037673677221E-011  -1.8275466592997671E-010  -1.0460976690213800E-010  -3.4828280429148263E-010   2.0311881534037297E-010   5.4159598414679636E-010   6.5206280939128888E-010  -1.6055102448604665E-010   9.0245998537673087E-010   3.2494694487950804E-011   3.5360803205455404E-010  -6.8530141919150531E-010   1.4957757127568144E-009  -3.9888696726368298E-009  -2.8599527431853415E-007  0.12440227115289118       -2.5361448801743780E-012  -6.8723317885698243E-012  -1.0719811530666916E-012  -6.9983620988283710E-012  -8.2705943343594104E-012   1.1262537221341758E-011   4.5215216537710797E-012   4.2291436061712371E-012   3.1540988713362351E-012  -2.0802048061051235E-012   1.0119918309110759E-011   9.3452905578710072E-012  -1.0968082002150800E-011  -3.1808186828495993E-012  -2.8765099478333898E-013  -1.3420665364609144E-010   4.0020409757330972E-011  -1.6008824725785201E-010  -1.2827372074369572E-010  -8.4666873206890901E-011   2.6055013382774691E-010  -6.2615960334712166E-011  -4.4166509725650398E-011   2.5604175250018811E-010  -9.0778440271440581E-013   1.1477173396621407E-011   8.4916585026405960E-011   3.0619190756913821E-011   1.4281699179670111E-010   3.0822786010303408E-012  -2.9729679327772512E-010   1.4956499173724410E-002   1.6990497897138670E-010  -2.5282671825901588E-009  -1.9226904863439520E-007  -5.3016657793806218E-010   2.0741953442849226E-009   1.5223047147918075E-007  -1.4816279812473742E-009   3.3581004384689792E-010  -1.6314078910795120E-009  -5.4898118466647965E-010  -6.7848026899099359E-010   2.0306325260127458E-009  -2.4683628887367582E-011  -2.7262230927191401E-011   1.1128024992599023E-010   6.8304521401821972E-012  -5.1027581501262395E-013   2.6286357696900103E-011  -2.6270241395977125E-012   4.5626775252202181E-011   3.0785602634028045E-011  -1.1695252501036434E-010  -7.7732226897968051E-010   3.3338968487558460E-009   2.4364876435234215E-007 -0.11511844652481236       -3.5874410349245073E-002  -1.3909703605319214E-011  -1.5142057054592296E-011   5.8253987584545223E-011  -1.2882161572140494E-013   2.7037878710013751E-012   1.8790413794736240E-011   1.4112580163672827E-011   3.4987084463103079E-011  -3.7921623142409353E-012  -6.9498920605285228E-011  -1.9504986561470979E-002
  -6.1547179290978891E-010   9.2906122207442820E-010  -6.7816584965281289E-009  -2.4035910895711571E-010   2.5201136567425030E-005   5.9591483449789609E-013  -1.9944893964118561E-012  -1.2600567283937291E-005   1.4618510122472202E-012  -1.2600569284809280E-005  -1.3491396372785305E-009   2.0338699709599251E-009  -1.4832453996582731E-008  -1.2277290223707991E-009   7.5049279151672671E-013   4.7209659399412211E-013   7.3660835866705456E-012  -5.5932174043144173E-013  -6.1386248681864480E-014  -4.4756310487799533E-013   6.6685197006943846E-013   3.3593572318911718E-014  -1.3667639098680575E-012  -5.5154012788919046E-012   2.4765635458931626E-004   4.3379598910710633E-012  -3.0540021177068597E-012  -1.2382817241408681E-004   5.9915961662003071E-012  -1.2382818218366280E-004  -1.3820387416308485E-009   2.0761439135111328E-009  -1.5174458784112003E-008  -1.7164702715127067E-009  -1.7834649697155058E-012   6.7550543214223375E-013  -3.5882116988519548E-012   1.2934287606733098E-013  -5.0928956776776957E-013   3.0026762714476072E-012  -5.1051471173922225E-013   1.1984695031813822E-012  -2.2136949183757360E-013   2.6949406092006946E-012   2.1005977989253350E-013   5.5291289338482891E-013  -4.9935332018896639E-013  -1.7331247887355139E-013  -1.4254759834227619E-012   9.9092570432799689E-004   2.0240878005403892E-011  -2.5412089273855238E-011  -4.9546282565420354E-004   3.0850227020035940E-011  -4.9546287868967160E-004  -1.4680557542833231E-011   1.1259753332272569E-012  -6.1806772420867192E-012   9.8295531093930305E-012  -2.7995633608736389E-014   9.8665128065908383E-012  -2.5680906008137637E-012  -2.3114868746831907E-012   2.3195051992044002E-012   6.3296674437193115E-012  -2.2781127764715136E-010  -9.1526154063593422E-010   1.3850392378426285E-009  -1.0050685926374287E-008   7.4945803628404306E-010  -1.0957368981982743E-009   7.9919645477120143E-009   6.3095482137360001E-003   1.2203799088262065E-010  -1.5086183422576168E-010  -3.1547739482252601E-003   2.0225496611971471E-010  -3.1547742655127242E-003  -2.2398116221558511E-011   2.2125614031188179E-012  -2.5268979222831160E-011   1.5022518305506296E-011   2.6744945282479817E-014   1.5027718506030089E-011  -2.7430964695413466E-012   4.2072191078715273E-012   1.4676922885046647E-012   1.5698505541329641E-011   1.5283836997040439E-009  -1.7376263461585114E-009   1.2960403847954464E-008   1.5483317598984840E-009   4.6592633074092775E-010  -8.3530062471646535E-012   8.9578681075465733E-013  -6.6161178518663709E-012   5.6043895124887440E-012   9.0509427819760325E-015   5.6023158347173870E-012  -8.3948026176616602E-013   1.1899516566084700E-012   2.3049014386457213E-013   4.0444262241910374E-012   2.7064229866184843E-010
   1.9494597885001918E-009  -1.4017569871320204E-009  -2.7086533818222288E-010   8.2775728947294191E-011   5.9591483449789609E-013   2.5201136655185873E-005  -1.3495698354639474E-012   3.5947971062852440E-013  -3.0367285171218023E-012  -9.5542036559073672E-013   4.2672352504060414E-009  -3.0702520578065816E-009  -5.9320538410033673E-010   4.2538619580240280E-010   3.3761135455169559E-014   9.1240829501829969E-013  -2.3255896261918866E-013  -4.8719083229521151E-013   4.9951978235164063E-012   4.4187531429761302E-013  -2.1186131535369170E-013  -1.2674288348907989E-013  -6.2814697790460976E-013   2.6779988580475333E-013   7.2182106651683303E-013   2.4765635445253510E-004  -2.7614899814891941E-012   1.4427892120625048E-012  -7.1238817608387822E-012  -2.1647563020034594E-012   4.3589738924460761E-009  -3.1369919118286825E-009  -6.0491945957137071E-010   5.9465670950339914E-010  -4.4511229070036610E-013  -2.4171780363759864E-012   7.5786566104536232E-015   7.1442466374382838E-013  -2.4355976570447339E-012   6.7464545305492992E-014   1.0885168646392334E-012  -3.9364627474879353E-013   1.7826948267669611E-012   2.8583115654141654E-013  -3.3213074660767379E-013   8.5771828060142267E-013  -1.3098704969147157E-013   9.5767297638040349E-013   3.6165006928948007E-014   5.8118870221668871E-012   9.9092570353907761E-004  -1.7374915460882504E-011   8.1254417705280112E-012  -5.1935727067735151E-011  -1.3937509659173339E-011  -1.7914777737232660E-012  -1.5283697672903615E-011   1.9515315406294962E-013   3.5975373081055902E-012  -2.5681258386763085E-012  -1.1940590923089320E-012   7.9499836044180549E-012   2.1930452839398670E-013   4.6177251192440148E-012  -3.0893332558443029E-013   8.0149540612901926E-011   2.9042664262198483E-009  -2.0831468225255086E-009  -4.0138843286348849E-010  -2.3053751853295323E-009   1.6735200485236855E-009   3.1928551458533975E-010   2.5464498977286940E-011   6.3095482269665869E-003  -1.0961434636117037E-010   5.0818252362409958E-011  -3.1680118790243676E-010  -7.6282764765579438E-011  -2.2820073238657806E-012  -2.3223024848402050E-011   1.6378492723194809E-013   4.4256622874333660E-012  -1.9622889477312168E-011  -1.3640455821599775E-012   1.2637328965518187E-011   1.4758637719576251E-013   6.2682826573533185E-012  -2.3208560726365785E-013  -3.7538031888757353E-009   2.9807387319539066E-009   5.2115536489410963E-010  -5.4174058341021082E-010  -1.6421967056966919E-010  -8.5632076099976404E-013  -8.6299647217845422E-012   3.7962778699404383E-014   1.5348309755806729E-012  -5.2021896485789702E-012  -3.8594928047380098E-013   4.7616015487783676E-012   2.7905614328080474E-014   2.2416091417419967E-012  -4.9098293075009450E-014  -9.3927393114344879E-011
  -9.0540829027109829E-012  -5.8835132843889188E-010  -3.8577289623439875E-009  -3.7978902300338689E-010  -1.9944893964118561E-012  -1.3495698354639474E-012   2.5201138489803370E-005   3.4608862117489108E-012   3.8384899548697235E-013  -1.4664287635632932E-012  -4.5770501133433538E-011  -1.2880004703497737E-009  -8.4473791714071005E-009  -1.9430033791214971E-009  -5.8485425557218707E-012  -1.1799037855872625E-013   2.3223771206193998E-013  -2.5760631406709472E-012   1.2515426944106320E-012   1.0422712224364640E-011   1.6557812285483644E-013   3.9081584666297213E-013  -1.0415170276151029E-013  -4.6438480749579785E-013  -1.0878721379997614E-011  -7.3136273404017761E-012   2.4765636099531216E-004   1.0798539092653196E-011  -4.1902747802238744E-014   7.9937107434147550E-014   4.0897618701647583E-011  -1.3145409653679293E-009  -8.6207152332970075E-009  -2.7362205783325681E-009   1.7306130483628958E-012  -2.7640926671346484E-013  -2.8231623367697271E-012   4.9922474600881203E-013   2.9992844730040467E-013  -3.5392994350934995E-012   2.1893190763423573E-013  -6.9602833356529152E-013   7.7115326324333749E-014   3.3419098028998070E-012  -5.3744744538458688E-013  -1.5345427410509275E-013   4.4482720410705654E-013  -7.0089046826472962E-014   1.7615999583148957E-012  -5.6786239681402785E-011  -3.5588015449683429E-011   9.9092574239107323E-004   6.9900726052258652E-011   2.8152910042119911E-012  -1.3114935590220597E-011   6.3090712713927153E-012   1.8884715185666156E-013  -1.3984342507025163E-011   2.4393557447139150E-012  -7.7570866161447515E-013  -1.0903858736958947E-011  -3.4548753453171808E-013   2.7378425672005692E-012   2.7467033064334018E-013   8.3826578239285617E-012  -3.7865316348447020E-010  -1.6232946562081633E-011  -8.7527565157160125E-010  -5.7255302408467348E-009   8.1977528626229069E-012   6.9417563070559431E-010   4.5679267381268064E-009  -3.4808066804468921E-010  -2.2958024606955738E-010   6.3095484555098780E-003   4.3208147865737916E-010   2.5044766886797590E-011  -8.4000810096451466E-011   1.7503041072758886E-011   1.9094358060550798E-013  -2.2541398302843062E-011   7.7007082958874697E-012   4.2439461667395070E-013  -3.1183500226490789E-011  -2.5146099813203053E-013   5.1610883044092834E-012   1.4642524928911248E-013   1.2954521412377322E-011   6.8034016990686911E-011   1.1179206834727550E-009   7.6794289649218145E-009   2.4552745774758076E-009   7.3259170466277294E-010   4.5184365155173096E-012   3.8685524250015657E-014  -8.5073083514128716E-012   2.0152751122886641E-012   4.2309929755332555E-013  -8.0773900521278416E-012  -5.1996787029665774E-014   2.0398957367198025E-012   3.1075241062733883E-014   4.8205257135915547E-012   4.3241557164590186E-010
   1.2978681281034181E-009  -3.0068534693040526E-009  -6.3215805139039149E-009   1.2336018677872555E-010  -1.2600567283937291E-005   3.5947971062852440E-013   3.4608862117489108E-012   2.5201138830427512E-005  -1.9401608466975737E-012  -1.2600571545650322E-005   2.8425314877756211E-009  -6.5829680644074306E-009  -1.3824198467042473E-008   6.5218455720654527E-010  -8.7699631011524121E-013   3.6066627089606510E-013   2.3627955616518660E-013   4.8229302482307421E-013  -5.1403961191180466E-014   6.9431657454948288E-013  -7.3211790049426335E-013   7.9901960316539383E-012   6.2156656708941027E-013  -6.1316501672242269E-012  -1.2382817496957800E-004   9.3085419355509276E-013   1.0942025663929937E-011   2.4765636127861229E-004  -1.0018901280385784E-011  -1.2382818630343501E-004   2.9017728533988769E-009  -6.7175722519242524E-009  -1.4146711995419378E-008   9.1498008840118216E-010   4.5555558416898447E-013  -5.4098440553167119E-013   9.3773686947480793E-013  -5.9013485340869256E-013   5.3623777278883613E-013  -2.0909328853993506E-013   5.0370467306843334E-013  -2.2183245156438215E-012   5.0030180723319263E-014   7.1570060212267936E-013  -1.3338642238899106E-012  -9.8414543159841226E-013   2.9344590006512903E-012   5.8446196659404354E-013  -1.5507538323949054E-012  -4.9546283561299471E-004   6.1086593980026177E-012   7.0452367446587228E-011   9.9092575032114064E-004  -4.4803188724160917E-011  -4.9546291469459666E-004   8.1318330003993120E-012  -3.1779386081618102E-012  -2.6861100607956769E-012  -1.2606551882971523E-011   1.3898603458690052E-015   1.6965365778983058E-012   4.6509885546624448E-012  -6.4959872782479599E-012  -3.0620404579933734E-012   6.8439305778531065E-012   1.2703492092512055E-010   1.9253906691513487E-009  -4.4725117415451897E-009  -9.3712137821823827E-009  -1.5414883433397110E-009   3.5448405814334164E-009   7.4495518053002383E-009  -3.1547740172996968E-003   3.9536815178825621E-011   4.3616770740975633E-010   6.3095484977675805E-003  -2.5766738749688695E-010  -3.1547744804655145E-003   1.1668268354644957E-011  -3.4226602185950274E-012   4.0811367532770851E-012  -1.9764445501277201E-011  -2.7100098480412723E-014   4.1098148886457569E-012   5.0820183252724514E-012  -2.5389990639799569E-011  -3.3955945752654360E-012   1.5882678438314498E-011  -2.6610326708824834E-009   5.6736710363309606E-009   1.2058890519219932E-008  -8.5812550907614696E-010  -2.6657049899481932E-010   4.2630839545788590E-012  -1.1568643022357878E-012   1.1754414394517649E-012  -7.3931534816239624E-012  -5.0561039744696799E-015   1.6736390016541231E-012   1.7238521138507643E-012  -6.6553835120403831E-012  -1.1559270701678092E-012   4.0845105350615243E-012  -1.4511626300678565E-010
  -4.8034621216356986E-010   1.9379777814862401E-009   2.8734239900530156E-009  -1.7127032943466604E-010   1.4618510122472202E-012  -3.0367285171218023E-012   3.8384899548697235E-013  -1.9401608466975737E-012   2.5201139749583597E-005   4.7832786624657536E-013  -1.0515924171516002E-009   4.2159053289910484E-009   6.2906615593791466E-009  -8.8289941600702798E-010   1.3931332138972866E-013  -2.8132685799000957E-012  -2.2538085997754964E-013  -4.7356983156974012E-014  -1.3529790484724064E-013  -1.3955222855539501E-013  -6.1124201142842330E-012  -1.3625582732670658E-014   1.1013909026118133E-011   1.7811703701100773E-013   4.5314752131433818E-012  -1.2125524059416041E-011   1.7299668596950929E-012  -8.6964202764303944E-012   2.4765636213330589E-004   4.1652566785803354E-012  -1.0730345102388581E-009   4.3889880332302630E-009   6.4214486214335731E-009  -1.2282456395412225E-009  -1.9698810616614925E-013   9.9243725120321679E-013  -2.3383311800608024E-013   1.2537105917016943E-013  -1.7308581762649338E-012   2.2075652038611339E-013   7.9969524514730788E-013   1.3168515517110457E-013  -2.4044121263556196E-012   1.3567786399669712E-013   1.1466936027075649E-013  -1.4561401995998932E-012  -3.2670241039660934E-013   2.7465894842264372E-012   6.0355474553488971E-014   2.5084178042025923E-011  -7.1972608435684473E-011   9.9061796101921700E-012  -3.9368928868349124E-011   9.9092576474967085E-004   1.4285726949208120E-011  -3.6766518115632728E-013   3.0806294455520548E-012  -4.8171515774801644E-013   2.1907138174362559E-013  -9.5156520033491498E-012   2.7420143520155155E-013   6.0843565259881546E-012   3.2929095741263172E-012  -1.1243697197415472E-011  -2.0953798052248167E-012  -1.6386823264172647E-010  -7.1396652936210376E-010   2.8775969260568257E-009   4.2693584637768430E-009   5.6658063745267092E-010  -2.2875939354148383E-009  -3.3928997652563787E-009   1.6649271455144938E-010  -4.4448990910568830E-010   7.3789611004109536E-011  -2.2184603657521375E-010   6.3095486172696459E-003   5.5353337692614168E-011  -2.0883905646856151E-013   7.9380079409621334E-012  -7.9793306340666676E-013   1.5421858968095922E-013  -1.5935672937488015E-011   1.2596757813875570E-013   1.7370576212690415E-011   4.0043585827254910E-012  -3.1243101194521467E-011  -2.3899414689163163E-012   9.1485519336365103E-010  -3.6318438718476248E-009  -5.5365003631172231E-009   1.1370663754873560E-009   3.4967550564497579E-010  -4.1910670734622970E-014   2.0345757361245929E-012  -4.0211943647924911E-013   2.6891091076349627E-014  -6.0484603371458573E-012   2.9337205506638832E-014   4.5094398983786070E-012   1.5497602090925579E-012  -8.0846296254158980E-012  -8.5539728135760347E-013   1.9397804752238064E-010
  -6.8239429852020489E-010   2.0777912662609949E-009   1.3103221465244054E-008   1.1689747274854807E-010  -1.2600569284809280E-005  -9.5542036559073672E-013  -1.4664287635632932E-012  -1.2600571545650322E-005   4.7832786624657536E-013   2.5201140830941247E-005  -1.4933873993432667E-009   4.5490959520811218E-009   2.8656614070703828E-008   5.7500904451824179E-010   1.2650351797378576E-013  -8.3276286442595628E-013  -7.6023631409594383E-012   7.7028715230031511E-014   1.1279021017277730E-013  -2.4675346845498997E-013   6.5265930843629079E-014  -8.0237896017957512E-012   7.4519734175256125E-013   1.1647051443094921E-011  -1.2382817963272531E-004  -5.2690678230943017E-012  -7.8883375491343956E-012  -1.2382818885627161E-004   4.0274823139822590E-012   2.4765636849183109E-004  -1.5197296061409847E-009   4.6414261881131948E-009   2.9321131592413375E-008   8.0075319546699838E-010   1.3279093856668110E-012  -1.3452102660150101E-013   2.6504748295850844E-012   4.6079197738549895E-013  -2.6948204937971639E-014  -2.7935829831610152E-012   6.8100386751672811E-015   1.0198550123656977E-012   1.7133931109622302E-013  -3.4106412114592060E-012   1.1238044439205445E-012   4.3123253808992889E-013  -2.4351056803693970E-012  -4.1114948765877276E-013   2.9762298159102492E-012  -4.9546286876696625E-004  -2.6350552669341359E-011  -4.5041534541412989E-011  -4.9546292463391176E-004   1.3953670726906730E-011   9.9092579340320699E-004   6.5487245435807155E-012   2.0519632751811973E-012   8.8667873015561587E-012   2.7769987729932264E-012   2.6605773195040425E-014  -1.1563049385442464E-011  -2.0828979539393491E-012   8.8074741520835652E-012   7.4253525866400340E-013  -1.3173598019952134E-011   1.0061010545775114E-010  -1.0101271880028708E-009   3.0874720404844973E-009   1.9421874136244740E-008   7.9202790068086938E-010  -2.4491025239417082E-009  -1.5441495627854266E-008  -3.1547741967671750E-003  -1.6158127059237565E-010  -2.8531387289593068E-010  -3.1547745493320377E-003   5.5416935959248052E-011   6.3095487460988276E-003   1.0729847868209800E-011   1.2100988155736163E-012   2.1187842470170728E-011   4.7419271948204218E-012   3.5515320648643066E-016  -1.9137533395464455E-011  -2.3389218556297046E-012   2.1182771531213278E-011   1.9279022865273309E-012  -3.1581183979571005E-011   1.1326372608169537E-009  -3.9360356766083202E-009  -2.5019256851091121E-008  -6.9009067765069030E-010  -1.9949756820036049E-010   4.0899222930854043E-012   2.6107749151578385E-013   5.4406764124646042E-012   1.7887639687892731E-012  -3.9948388168649660E-015  -7.2759548366958604E-012  -8.8437185208427608E-013   5.4654318551559673E-012   9.2543692626815309E-013  -8.1289367590841464E-012  -1.2540975503060657E-010
  0.11794592465908409        2.5415671909564189E-009  -1.5859510370735148E-008   3.0380285190381165E-009  -1.3491396372785305E-009   4.2672352504060414E-009  -4.5770501133433538E-011   2.8425314877756211E-009  -1.0515924171516002E-009  -1.4933873993432667E-009  0.25811651622006265       -3.5708419642197834E-009   1.9336693529834101E-008  -3.2325037466659345E-009  -9.1151991251427057E-010   1.8476215433450652E-010  -6.9140068021736915E-010   5.1792423013410979E-010   2.6560065617910421E-012   7.0516683054132777E-010  -2.2161832290394125E-010   2.2172153287305190E-010   1.1257022566848547E-010   3.5007992125903610E-010  -2.5428126508673128E-009   2.0097129039940143E-010  -1.7617447863974837E-009   1.2912850329847528E-009   4.5160867326992198E-011   1.2515433031455026E-009  0.26361659001882215       -2.9788427692561675E-009   1.3844190235532320E-008   3.2637423427275133E-009  -8.6490687962175745E-011  -1.1420020731192384E-010   3.0307084213263099E-010  -3.2074083374703392E-012   1.5481685668550365E-011   1.5514028390767093E-010   1.6706948810101577E-010   5.3580871651601643E-011  -7.0931546432452798E-011  -3.4300754966819519E-010   6.5237774563010144E-012  -1.2162863681670020E-011  -8.2505150069636109E-012   6.2346619165379154E-013  -8.3619127791201692E-011  -1.7864205577982526E-009   8.5364452294149969E-010  -3.2375321022218753E-009   1.2608113354169865E-009  -1.7228651998393263E-010   5.2563365913539240E-010  -1.4436923054074040E-010   1.3542403208381791E-010  -1.2600618985990683E-010   2.0543654940037678E-010  -1.3278942938151898E-010  -1.1561738810438146E-011  -9.3083591979383488E-011   5.8985868846278029E-011  -1.0540805204935964E-011   4.9952286197155753E-011   8.1144554768300285E-010  0.17630638231923559       -2.2258362800836005E-009   1.0969158033300501E-008 -0.13932040117081315        1.6320372299576708E-009  -7.9377938496201480E-009   3.9211044751482215E-009  -1.7456548420291680E-009  -6.3538905423016807E-009  -2.2067009245557007E-009   1.7769939654751675E-010  -1.7144037683005180E-009  -1.5891541354480520E-010   8.4932759876334574E-011  -1.0102659981403154E-010   1.8249823874585472E-010  -6.9286285964995890E-011   3.0764656897947780E-011  -6.4798296152973778E-011   4.0555580717812919E-011   2.0029998177639546E-012   4.5071261974287469E-011 -0.22072149920208101        2.5018122265393843E-009  -1.2120415754493329E-008  -1.6233223934239432E-009  -5.4320978242992813E-010  -3.7511688375657238E-011   2.4843410061223336E-011  -3.0960825639451488E-011   4.0203092096687173E-011  -2.0583563575793642E-011   1.0082012803334015E-011  -1.6634675679817154E-011   1.1767529896108786E-011  -2.5254978560790461E-012   1.4305497586343793E-011  -5.9642481835839189E-010
   3.1690514421262981E-009  0.11794593663065882       -5.8253591430998227E-009  -4.2720616503493357E-009   2.0338699709599251E-009  -3.0702520578065816E-009  -1.2880004703497737E-009  -6.5829680644074306E-009   4.2159053289910484E-009   4.5490959520811218E-009  -3.5708419642197834E-009  0.25811650160050270        6.2812614789369532E-009   3.5633632910470617E-009  -6.1323907660027070E-010  -7.5712104471823030E-010   4.6582903436739209E-010   1.7669144674007966E-010  -4.2868803334669408E-010   6.4605683286535735E-010  -1.8799742794727728E-010  -9.3015279114179760E-011   1.0092071388841548E-009  -2.7787720344941689E-010  -1.4701185260861060E-010  -2.1923104937512473E-009   1.8329092687404189E-010   5.8828640684596309E-010  -1.8507453494818731E-009  -4.4127560859724022E-010  -2.8358359642072013E-009  0.26361657786520493        5.1058002382342785E-009  -1.3277097967739229E-009   5.6140422645431781E-011  -4.7720644741314846E-011  -4.3594868359505173E-011  -1.6017447464706610E-010   1.4930766038021036E-010   6.1561748816781782E-011  -1.8946906969006865E-011   2.8580836543697019E-011   8.9442213036478531E-011   2.2292109576320466E-011   1.8297473559394958E-010   1.5955925924923278E-010  -1.6123642363484102E-010  -2.7084621424400711E-010   5.6745120173121262E-011   2.2017237618681771E-010  -1.8539231768378861E-009  -2.0978720791412120E-010  -9.0014780328771471E-010  -2.5858779607926444E-009   6.8000771597976056E-010  -2.6978700778319098E-010  -2.7112396228728979E-010   2.4767517309928410E-010   1.0903411437592334E-010  -6.1969324303755976E-011   2.5292622157019005E-010   1.4682724409665332E-010  -3.8030655564933193E-010   7.3895551292437862E-011   9.8855768104762846E-011   4.8306027051658499E-010  -2.1548258109873143E-009  0.17630637329770565        3.7719865736697820E-009   1.5628150376685222E-009 -0.13932039457095857       -2.7555913628060219E-009  -3.1224942671384306E-010   3.7158436476300388E-009   1.8947424228920462E-010   7.6793470316039542E-010  -7.1348528588558255E-009  -4.5568612434310549E-010  -1.7837383961102033E-010  -2.1242410417208828E-010   1.6567323418820856E-010   5.9943822042154053E-011  -5.1028934579038541E-011   1.7937095216481908E-010   9.2589985498710899E-011  -2.2300647291961809E-010   8.8146459227346732E-011   4.2731937562828892E-011   2.3746367686261736E-009 -0.22072148909990072       -4.2090229501637931E-009  -6.7443783139984442E-011   3.7642403833170805E-011  -4.5679107634228210E-011  -5.4834312145373368E-011   4.2867679610365046E-011   1.7409865856637168E-011  -1.6893023981221675E-011   4.3873349566244117E-011   2.3445156038712614E-011  -6.7215132726257969E-011   2.3379202549570681E-011   1.8146974552660917E-011   8.1656818522265364E-011
  -1.1114895047397003E-008  -4.7755790367876524E-009  0.11794594100418002       -2.8613942033352331E-007  -1.4832453996582731E-008  -5.9320538410033673E-010  -8.4473791714071005E-009  -1.3824198467042473E-008   6.2906615593791466E-009   2.8656614070703828E-008   1.9336693529834101E-008   6.2812614789369532E-009  0.25811648300032580        2.7867078117073656E-007   3.9845183760163426E-010  -7.0061072001568544E-010   2.4528540147824819E-010   1.1925491946997006E-010  -2.4210130272787290E-011  -6.5383412626347690E-010   1.1091831138049223E-009  -3.2408916507262626E-011  -7.8752714119428094E-010  -1.5862520163699994E-010   1.2166027065282396E-009  -1.0716277957140796E-010  -1.9820373910656200E-009   1.9578451946980894E-009   3.9060594331640770E-010  -3.1745804192317078E-009   1.4348930234564658E-008   5.6296208552354640E-009  0.26361657139570599       -6.5800875632693686E-008  -1.4953881693343038E-010  -4.4658028725221254E-011  -7.5318392245628653E-011  -9.3242867367642866E-011  -2.7811008801255156E-011   3.5594308982211546E-010   4.3854332308560866E-012  -2.6167352022797409E-011   5.4032152987622116E-011   9.4822422054375239E-011  -6.5199748397625347E-011   2.6254753212986357E-010   2.0779284672690879E-010  -2.4181817840354468E-010  -3.2092228336439976E-010  -7.0981565729795387E-010  -1.0881285133936916E-010  -2.7451234088205697E-009  -5.7261761650344353E-010   1.2633420023676987E-009   1.2823710743544061E-009   1.0692815012817345E-010  -2.3978565910098036E-010  -4.1630802167784461E-012   2.3994451165864114E-011  -6.5064194745233662E-011  -1.6745221747741115E-010   3.1710337328585126E-010  -8.6705252646327604E-011  -1.8566770424844089E-010   6.7830135972599695E-011   6.8265781008327204E-008   1.1261590603844580E-008   4.0109560584112989E-009  0.17630636606369807       -8.2606228275158827E-009  -2.9703354338700696E-009 -0.13932038926984880        5.2791543921435048E-009   1.0696355705111189E-010   4.2723092689385122E-009   4.9357847299788141E-009  -1.9059781726829446E-009  -1.0214930103426895E-008   6.9965682168943491E-011  -1.7493312328931025E-010   2.9096230382415863E-011   1.2211847784399249E-011  -4.6862972959281709E-011  -1.0608007443907597E-010   2.4234963171434935E-010  -3.0247199339214631E-011  -1.5021695243894693E-010   8.8921569163067407E-013  -1.2783754683552988E-008  -4.5705488033368988E-009 -0.22072148066545064       -5.5589233282543186E-008  -1.1557426720130583E-008   2.1970676073913750E-011  -4.2167986705248654E-011  -9.8939274906681860E-012   4.9299965660541506E-012  -1.4087822826971272E-011  -3.4407216896656743E-011   5.1316445172786146E-011  -2.3954106657270623E-011  -2.6682398474518107E-011   2.5240493430227262E-011  -4.6942094812043781E-009
  -2.1366262757909303E-010   1.6965336461497431E-009   1.1342827089997162E-007   8.9436894037583911E-002  -1.2277290223707991E-009   4.2538619580240280E-010  -1.9430033791214971E-009   6.5218455720654527E-010  -8.8289941600702798E-010   5.7500904451824179E-010  -3.2325037466659345E-009   3.5633632910470617E-009   2.7867078117073656E-007  0.46900889874587925        4.5120819001786657E-010  -3.2916378953951797E-010  -1.9841891436232838E-009   3.5305252137285170E-010  -2.5967660932142773E-010  -9.5840844087802294E-010  -5.4859479218048356E-010  -1.8264801371006371E-009   1.0651583195354099E-009   2.8402836857470576E-009   3.7448792638324452E-009  -9.2801427000750282E-010   5.2168516752672546E-009   2.2377545264823088E-010   2.0039725236410850E-009  -3.9725827623054817E-009  -1.1742818963713621E-008   5.6024237559649894E-009   3.1728031606309789E-007  0.65229946338915179       -1.3276384479254094E-011  -3.6008570775932963E-011  -5.6377258185541959E-012  -3.6703631820213576E-011  -4.3371593720737218E-011   5.9016260473252536E-011   2.3702060177161495E-011   2.2169786812843048E-011   1.6511729775554082E-011  -1.0886493001872640E-011   5.3096170859525599E-011   4.8920814626750248E-011  -5.7568404320259069E-011  -1.6593876543278047E-011  -1.4582006889583156E-012   5.9434664634845015E-010  -1.3347875920237444E-010   1.0901603293831314E-009  -4.5929030208243357E-010   1.5400250080859467E-010  -1.4525063331097644E-010  -3.2850718976843800E-010  -2.3168596094326440E-010   1.3433646064822232E-009  -4.8039920598336544E-012   6.0227364657752606E-011   4.4554611918797929E-010   1.6074885346140121E-010   7.4943277800130400E-010   1.5996299373876411E-011  -1.5599054394063250E-009   7.9110587079213993E-002  -1.2545250384692375E-008   4.4784379479678657E-009   2.0490197730638282E-007   7.5598113394957258E-009  -3.1378114339630334E-009  -1.6203175165649037E-007   5.0326260269016369E-010  -4.2680524278577529E-010   3.7452590621424064E-009  -1.5193511848344809E-009   2.5057413286267119E-010   1.0162095869646518E-009  -1.2943080303656055E-010  -1.4309494832447861E-010   5.8341038608965217E-010   3.5755067277751646E-011  -2.6201361336488256E-012   1.3789584630823446E-010  -1.3282151663216840E-011   2.3929108247997253E-010   1.6090878310714542E-010  -6.1321035534335691E-010   9.7577449234397047E-009  -4.7050517715880414E-009  -2.5874661454482881E-007 -0.59861101356968027      -0.18497347714597834       -7.2813961171646088E-011  -7.9231823112721227E-011   3.0495059421200477E-010  -6.3139050277314874E-013   1.4134475647869764E-011   9.8320352479654830E-011   7.3672989541333258E-011   1.8303003873609730E-010  -1.9611946787142085E-011  -3.6372521068194678E-010 -0.10228023736991643     
