   8.1195906718229638E-017  -1.8558748770847445E-016  -1.2183482389552284E-016   1.2573239911441731E-016   7.9015003922782133E-017  -2.0692833458628532E-016   9.0368455165855466E-020   1.3282399568712878E-019  -9.9715629135947799E-020   5.6931218382448379E-009   3.0529768946506902E-017   1.9599714485947999E-016  -1.8035257729511081E-017   2.0722519456468880E-017  -5.3783213752187193E-017  -5.1253306391467305E-017   3.2943655372668712E-009   2.3666450576811355E-018   3.4784102305371058E-018  -2.6114594470230976E-018   1.0957132167041423E-009   8.1620706016046471E-018   6.1837898362454688E-018  -9.6493589467124216E-018   1.0156138895216577E-017   1.3919078595968488E-019  -1.8315075484208685E-017   7.4976245994751517E-017   1.1019752859709267E-016  -8.2732210455149495E-017   3.1594565026054614E-016   4.6436612695055650E-016  -3.4862883318629826E-016  -2.1863509323882427E-009   4.0406182621677687E-018   6.8139657527667635E-018  -4.3858624080041387E-018   4.6534510886188946E-018  -1.1097595371955047E-018  -8.6944436055371862E-018   6.6989765371266176E-016   9.8459269320614272E-016  -7.3919560760030757E-016  -1.7041604122469013E-009   2.4769159212699624E-025  -2.8403734624972581E-025   7.3355028343386684E-026  -3.0084587574134147E-025   2.7389926013983417E-025   2.2805384142204403E-025   1.1498983403120393E-025   1.4410441597000072E-026   9.9392354129140265E-026  -2.6095806753484653E-025   1.0198505955877728E-009   2.8534246725080595E-010
  -1.8558748770847445E-016   4.2419780954073255E-016   2.7847538994993438E-016  -2.8738395825414282E-016  -1.8060423897840303E-016   4.7297151280119409E-016  -2.7415386123217145E-020  -2.3491834059997590E-021   1.1550224648779102E-019  -1.3012682582429789E-008  -6.9783796604680569E-017  -4.4800049939726904E-016   4.1224574329119175E-017  -4.7366997130143931E-017   1.2293489054674440E-016   1.1715314545286975E-016  -7.5296922640066648E-009  -7.1798430001213784E-019  -6.1326053962913797E-020   3.0249265917375130E-018  -2.5053343496454379E-009  -1.8650870398896520E-017  -1.4092257207286753E-017   2.2053385791701648E-017  -2.3211248795388637E-017  -3.3002862703666347E-019   4.1854918229058784E-017  -2.2745946414331297E-017  -1.9429088780490071E-018   9.5831118421405590E-017  -9.5850132473112682E-017  -8.1873077622599678E-018   4.0382688170118709E-016   4.9534618609897758E-009  -9.2279769633443603E-018  -1.5568665690638721E-017   1.0015728968042176E-017  -1.0626876728927801E-017   2.5366418799161960E-018   1.9855720421338607E-017  -2.0323045501258733E-016  -1.7359499371237094E-017   8.5623169553030987E-016   3.8156321651462522E-009  -2.4890599302085834E-025  -1.0484110152198117E-025  -1.4071785486397213E-025   4.1002947889957693E-027  -2.4984183449748892E-025  -2.6120893895304134E-025   1.1003596626592193E-025   1.8436993046519953E-025   2.6323854802111121E-026   4.1093416170920586E-025  -2.2754188970082259E-009  -6.3579175341954084E-010
  -1.2183482389552284E-016   2.7847538994993438E-016   1.8281375750555082E-016  -1.8866208422073188E-016  -1.1856253543700171E-016   3.1049695137806306E-016   1.8774788504942617E-020   1.8405929146006094E-020   3.1417118359562462E-021  -8.5425606160501044E-009  -4.5810333504277803E-017  -2.9409613074984650E-016   2.7062176812631861E-017  -3.1094447603799567E-017   8.0702364723480725E-017   7.6906311211662260E-017  -4.9431938014336435E-009   4.9168146095713248E-019   4.8215824675011059E-019   8.2323692258678806E-020  -1.6442156672009716E-009  -1.2246703481592275E-017  -9.2744240792224160E-018   1.4478706096679582E-017  -1.5239082379158180E-017  -2.1009939675150502E-019   2.7481079324754394E-017   1.5576735122061071E-017   1.5274917868776103E-017   2.6081384139033908E-018   6.5639473471646622E-017   6.4367639456771674E-017   1.0990544894472534E-017   3.2760452866525386E-009  -6.0621746485754820E-018  -1.0223774600981382E-017   6.5800723694953228E-018  -6.9815409049143082E-018   1.6652087870592944E-018   1.3044278306812803E-017   1.3917497960064986E-016   1.3647831738640177E-016   2.3303185291057470E-017   2.5487822666312904E-009  -1.0210946786836455E-025  -1.4732250554435497E-025  -6.7043038926818227E-026  -1.1254699609797818E-025  -8.7186414185572807E-026  -1.3968167911034238E-025   1.2302213250820939E-025   1.7694313162783102E-025   2.7793669754451125E-026   2.1112696608127097E-025  -1.5244718407027279E-009  -4.2644137841727998E-010
   1.2573239911441731E-016  -2.8738395825414282E-016  -1.8866208422073188E-016   1.9469750289797892E-016   1.2235541531156978E-016  -3.2042994664923281E-016  -3.0219558163016725E-020  -1.0349206785571666E-019   7.6950277963610679E-020   8.8158422513665681E-009   4.7275814598935014E-017   3.0350433989538976E-016  -2.7927898794517437E-017   3.2089162830056504E-017  -8.3284054435098879E-017  -7.9366556281984020E-017   5.1013310502004111E-009  -7.9140826229367364E-019  -2.7104616242996021E-018   2.0151845520027545E-018   1.6968080718667491E-009   1.2638523314321958E-017   9.5714542829014330E-018  -1.4941904665161316E-017   1.5726609654486284E-017   2.1672545436108042E-019  -2.8360276168984459E-017  -2.5072184550869613E-017  -8.5868510345397053E-017   6.3841821770585136E-017  -1.0565276336928107E-016  -3.6184502697116285E-016   2.6902581180035204E-016  -3.3811990481596857E-009   6.2561681321927492E-018   1.0550886627123500E-017  -6.7906446605424762E-018   7.2049602238122457E-018  -1.7184791636659026E-018  -1.3461709021654300E-017  -2.2401491717783682E-016  -7.6721782450120953E-016   5.7041380339068198E-016  -2.6309562690903738E-009   2.3359488899753931E-026   3.0679655883123308E-025   5.0116509030263449E-026   2.5994099130702277E-025  -4.3521045195839969E-026   1.1041434023245887E-025  -2.0950644631331764E-025  -2.4934128105674283E-025  -7.2688129616497425E-026  -1.5394735309665081E-025   1.5736861323009426E-009   4.4021490672830482E-010
   7.9015003922782133E-017  -1.8060423897840303E-016  -1.1856253543700171E-016   1.2235541531156978E-016   7.6893178321893850E-017  -2.0137044756664637E-016  -3.4346551668131135E-020   1.3780402764945238E-020   2.0403882761948675E-019   5.5402228917297442E-009   2.9710580539892638E-017   1.9073730899396848E-016  -1.7551409673784555E-017   2.0166559656113859E-017  -5.2339841359443845E-017  -4.9878138673150932E-017   3.2058300037838536E-009  -8.9948609376368114E-019   3.6080252815053296E-019   5.3434910726867815E-018   1.0665621139813787E-009   7.9412766653145474E-018   6.0045369543894988E-018  -9.3895772539717256E-018   9.8825970867069300E-018   1.3918580854135569E-019  -1.7820812095629198E-017  -2.8496140738396530E-017   1.1430439195796112E-017   1.6928405332251686E-016  -1.2008111159422157E-016   4.8167211572230327E-017   7.1335337823607145E-016  -2.1138564310713019E-009   3.9297114603559475E-018   6.6291068080842728E-018  -4.2652538677840165E-018   4.5255065373010601E-018  -1.0799804982356126E-018  -8.4555857516021229E-018  -2.5460725575076342E-016   1.0212864656417269E-016   1.5125188560369249E-015  -1.6334014945859958E-009  -1.7917839411052936E-026   6.6220379568142057E-026  -2.1679770426706225E-026   1.7368251385170468E-025  -7.5690438755236292E-026   1.0225598763907697E-025  -1.0308695276745747E-025  -2.1261897521660761E-025   4.2630288293148998E-026  -1.4550965924965031E-026   9.7498007724175945E-010   2.7252295204345826E-010
  -2.0692833458628532E-016   4.7297151280119409E-016   3.1049695137806306E-016  -3.2042994664923281E-016  -2.0137044756664637E-016   5.2735835462625028E-016  -6.5931312390078762E-020  -2.3699009759599118E-020   2.8977422472124657E-020  -1.4508966117631717E-008  -7.7805594943801419E-017  -4.9950155740096724E-016   4.5963163315276217E-017  -5.2811690076889958E-017   1.3706728810045240E-016   1.3061988186804818E-016  -8.3956977191404721E-009  -1.7266706486522552E-018  -6.2042997794875443E-019   7.5896112775427547E-019  -2.7925218733077783E-009  -2.0800595706495042E-017  -1.5755237048214932E-017   2.4591266605124786E-017  -2.5882751618162995E-017  -3.5591891745697791E-019   4.6675356502790495E-017  -5.4701551812315403E-017  -1.9655563112440388E-017   2.4044359165892547E-017  -2.3050923809924883E-016  -8.2827426340998435E-017   1.0132155983876363E-016   5.5675410633584970E-009  -1.0296786152428822E-017  -1.7364853499657745E-017   1.1176506647241408E-017  -1.1858410881267540E-017   2.8282391141545304E-018   2.2156151956728469E-017  -4.8874734376830551E-016  -1.7561849158759138E-016   2.1483148999413732E-016   4.3350996993147834E-009  -2.7439985107714338E-025  -2.5145803322395252E-026  -1.2629812507926759E-025   4.7597094083749472E-026  -2.3111805318258716E-025  -3.4066578232017804E-025   9.3848088426156047E-026   2.3118460846770125E-025  -2.3421162331162238E-026   4.1980407992274512E-025  -2.5935247878639740E-009  -7.2555384660030115E-010
   9.0368455165855466E-020  -2.7415386123217145E-020   1.8774788504942617E-020  -3.0219558163016725E-020  -3.4346551668131135E-020  -6.5931312390078762E-020   1.6563764640696756E-008  -4.3048930453129309E-014  -9.9859037147798764E-015  -8.9730078902314278E-018  -7.9609146929390344E-020   9.1012906406338357E-020   4.8352450596999166E-020   2.2127563266409467E-019  -3.4627099663663837E-020  -1.4897702987071944E-019  -6.9830537544526315E-018   4.3378400441573386E-007  -4.3416542743238451E-013  -1.5017155000320012E-013   1.7769850095262337E-018  -8.6102754948713566E-021  -1.0062232647278071E-019   2.4437272083061745E-020  -1.4814465652641379E-019  -1.7172963514324214E-020   2.0599331967105406E-019   1.3742462378248657E-005  -1.8153785972047433E-011  -4.1638070657221837E-012   5.7909955190730891E-005  -7.5246748610238055E-011  -1.7445939632924422E-011   1.6481821785363593E-016   7.6646930409159888E-021   6.8454426907192024E-020   7.4098952712337128E-020   2.6239050771371381E-020  -1.1780993560604315E-020   1.5109592668338243E-021   1.2278612799272620E-004  -1.5939249216705556E-010  -3.7000201050274365E-011   2.9480443962761625E-016   1.0721161021241350E-014  -2.2320084901244230E-014   1.6038122838271251E-015  -2.8718072062267647E-014   3.0940586023255113E-015   1.4330323640904561E-014   1.1877456678979800E-014   7.1644685308787939E-015   6.3847965898921104E-015  -6.5355455148975146E-015  -2.0600484023314857E-016  -6.0743351602262943E-017
   1.3282399568712878E-019  -2.3491834059997590E-021   1.8405929146006094E-020  -1.0349206785571666E-019   1.3780402764945238E-020  -2.3699009759599118E-020  -4.3048930453129309E-014   1.6563771214259183E-008   1.4632828709081627E-014   2.2557910210334972E-016   4.3503935155769166E-021   3.3964169243301952E-020  -2.7001319759891075E-020   2.6893402581273183E-019   3.1264502431637459E-020   5.4579689318563207E-020   1.3570128692539518E-016  -4.3416549584881609E-013   4.3378408520414755E-007   1.5757166642998624E-013   5.0344081430544192E-017  -2.2250305228389283E-019  -1.1303696275788087E-019  -5.1828714420723975E-020  -3.1965409618353704E-019  -2.4773674422289827E-020  -1.9566589685925450E-020  -1.8153791402035273E-011   1.3742465136502334E-005   6.1609554841040640E-012  -7.5246769169454838E-011   5.7909966678404916E-005   2.5574733969539799E-011   3.9645954902717862E-016   1.5123261028504962E-020   4.3387340597656109E-020   5.3872062749899494E-020   6.7686320244877043E-020  -2.2528712016799482E-021  -1.4481762754704649E-021  -1.5939253679008463E-010   1.2278615233986143E-004   5.4183160384431701E-011   8.0776367042766671E-016   8.4391177378971076E-015  -2.8609719888259409E-014  -1.1855833535046106E-015  -1.7703708007803628E-014   1.4314695625171237E-014   6.3813923459480386E-015   1.2608375967851629E-014   4.8433272563811324E-015   1.1692502280795572E-014  -2.7263274693082959E-015  -5.7216502157730213E-016  -1.6937557393703696E-016
  -9.9715629135947799E-020   1.1550224648779102E-019   3.1417118359562462E-021   7.6950277963610679E-020   2.0403882761948675E-019   2.8977422472124657E-020  -9.9859037147798764E-015   1.4632828709081627E-014   1.6563742996175004E-008   8.5194536478624938E-017   7.7227599436230387E-020  -1.2748977250850903E-019  -5.8967354458210269E-021   2.6087820083152862E-020  -1.9657510400908114E-019   7.8058160316316900E-020   5.7721295338431897E-017  -1.5017613828283544E-013   1.5758425401036129E-013   4.3378363580936017E-007  -5.3831059934618997E-018  -1.4628503413547069E-019  -3.4919331620202662E-020  -9.0077286439629581E-020  -1.6951753556848402E-019   1.0692502981046099E-019   5.0153414447626783E-020  -4.1639373500823317E-012   6.1613289717853792E-012   1.3742453394173554E-005  -1.7446492944314705E-011   2.5576311825731677E-011   5.7909917383331312E-005  -1.0345029703329362E-015   3.6648805317697633E-020   2.9930963714919687E-020   8.2831937782620109E-020   7.8512743616641981E-020  -1.2831294726449549E-020  -4.1788211219399677E-020  -3.7001372548562367E-011   5.4186504610524323E-011   1.2278604776962184E-004  -1.8430820910296536E-015  -6.6034920968635663E-015  -1.1971689533581468E-015  -4.9672962636561588E-015   7.1668219998566470E-015  -1.2072930711599772E-014   1.6928633365934730E-015  -2.1597895577705982E-015  -7.7114855120497417E-015   4.0949508686998285E-015   9.4508731780602454E-015   1.2864975663275475E-015   3.7923451640557602E-016
   5.6931218382448379E-009  -1.3012682582429789E-008  -8.5425606160501044E-009   8.8158422513665681E-009   5.5402228917297442E-009  -1.4508966117631717E-008  -8.9730078902314278E-018   2.2557910210334972E-016   8.5194536478624938E-017  0.39917878113885269        2.1406497412352397E-009   1.3742667251170839E-008  -1.2645773711860995E-009   1.4529993657190594E-009  -3.7710988448681148E-009  -3.5937207503977429E-009  0.23098562534880293        1.0176037545095751E-016  -1.5952558369674226E-016   8.4699371698095960E-017   7.6836391596726561E-002   5.7223756721323091E-010   4.3313442502216244E-010  -6.7655274483984928E-010   7.1208102641662487E-010   9.8864363492007678E-012  -1.2840984476045382E-009   3.2528440949443584E-016  -2.3915014233736532E-015  -1.3743406599462360E-015   1.5772852593859354E-015  -1.0208805276420910E-014  -5.7021645237917802E-015 -0.15282970338831001        2.8323065948116503E-010   4.7770467626669554E-010  -3.0742318184497854E-010   3.2618034144606952E-010  -7.7812738743737441E-011  -6.0943736288792672E-010   3.3131459289294788E-015  -2.1659626112911565E-014  -1.2065522803747066E-014 -0.11863912626135312        5.7016811363141524E-018   4.2080596936668526E-018   3.1268817381970488E-018   2.8956161964048764E-018   4.8716803838773062E-018   7.6296642596064196E-018  -4.4863723685593818E-018  -7.7021271179559729E-018  -3.1459850237976485E-019  -1.0263016763343463E-017   7.0913435973565392E-002   1.9831744336238154E-002
   3.0529768946506902E-017  -6.9783796604680569E-017  -4.5810333504277803E-017   4.7275814598935014E-017   2.9710580539892638E-017  -7.7805594943801419E-017  -7.9609146929390344E-020   4.3503935155769166E-021   7.7227599436230387E-020   2.1406497412352397E-009   1.1480628401163333E-017   7.3702881691649823E-017  -6.7822419894086621E-018   7.7927688048156626E-018  -2.0224620227982215E-017  -1.9273793068267436E-017   1.2386027808843841E-009  -2.0848603175952127E-018   1.1389362424310054E-019   2.0224832613412374E-018   4.1245704365650851E-010   3.0663360745626510E-018   2.3031086456668460E-018  -3.6271647029822030E-018   3.8174669162377921E-018   5.8579951074354977E-020  -6.8826048261658457E-018  -6.6049280925620842E-017   3.6082409329617496E-018   6.4073118778593279E-017  -2.7832791209652610E-016   1.5204913401798650E-017   2.7000048046787425E-016  -7.9904301295391132E-010   1.5153030436828816E-018   2.5589873174674704E-018  -1.6443985890602242E-018   1.7447637043489134E-018  -4.1731929166475098E-019  -3.2602134078669409E-018  -5.9013699048305080E-016   3.2238885058382830E-017   5.7248038669335966E-016  -5.9898159755864614E-010  -5.0923910125770595E-026   1.1696664742788868E-025  -1.3218421988726680E-026   1.8341135464766193E-025  -4.1493513916524239E-026  -1.8623917220104269E-026  -8.8111531057039487E-026  -1.1013952458925220E-025  -1.0020329279694967E-026   2.0249315264797290E-026   3.5423630838833852E-010   9.8667633195189774E-011
   1.9599714485947999E-016  -4.4800049939726904E-016  -2.9409613074984650E-016   3.0350433989538976E-016   1.9073730899396848E-016  -4.9950155740096724E-016   9.1012906406338357E-020   3.3964169243301952E-020  -1.2748977250850903E-019   1.3742667251170839E-008   7.3702881691649823E-017   4.7315596566803692E-016  -4.3540243584717845E-017   5.0027592413622792E-017  -1.2983757073965058E-016  -1.2373300366575904E-016   7.9517436870853135E-009   2.3835239883131643E-018   8.8927111244359023E-019  -3.3388628183843941E-018   2.6474985885312431E-009   1.9687837938596649E-017   1.4805523101851597E-017  -2.3286834701870218E-017   2.4508773791029175E-017   3.7043869509595346E-019  -4.4188937518001778E-017   7.5510930693339573E-017   2.8172554745992273E-017  -1.0577676611628641E-016   3.1819878263836122E-016   1.1871754807741796E-016  -4.4573727422982959E-016  -5.1505412118358828E-009   9.7316367651234651E-018   1.6431139784453062E-017  -1.0561060403850927E-017   1.1205615803563952E-017  -2.6790920209254684E-018  -2.0938188743657959E-017   6.7467495251258891E-016   2.5171610077726301E-016  -9.4509404790575633E-016  -3.8831064735535047E-009   3.1576692259799065E-025  -2.6025652207621645E-026   1.5871291147826227E-025  -1.4366575531625945E-025   3.0581823848473490E-025   3.4020431577196037E-025  -4.7841445149332626E-026  -1.5499441557740651E-025   1.7736530491351515E-026  -4.6472482970009778E-025   2.3005381822433500E-009   6.4121667744527354E-010
  -1.8035257729511081E-017   4.1224574329119175E-017   2.7062176812631861E-017  -2.7927898794517437E-017  -1.7551409673784555E-017   4.5963163315276217E-017   4.8352450596999166E-020  -2.7001319759891075E-020  -5.8967354458210269E-021  -1.2645773711860995E-009  -6.7822419894086621E-018  -4.3540243584717845E-017   4.0066588463177943E-018  -4.6036319341315532E-018   1.1947762425275465E-017   1.1386109065020706E-017  -7.3168817624273818E-010   1.2662872765338109E-018  -7.0710836371361212E-019  -1.5442164713326861E-019  -2.4370223532071423E-010  -1.8111605279321634E-018  -1.3583813549964464E-018   2.1426243223168973E-018  -2.2550197176048495E-018  -3.5219985074237876E-020   4.0654704926740516E-018   4.0116539146799186E-017  -2.2401517713188112E-017  -4.8921303505694646E-018   1.6904881196902948E-016  -9.4398717530583891E-017  -2.0615158843953231E-017   4.6976392906387946E-010  -8.9476415497975548E-019  -1.5114024195317910E-018   9.7095598080184727E-019  -1.0302215493894897E-018   2.4653333757698719E-019   1.9250729270056731E-018   3.5843317449095965E-016  -2.0015302978392575E-016  -4.3710196653634778E-017   3.4973370885833755E-010   2.8094671339753682E-027  -3.1577482335282375E-026  -2.3591955825558670E-027  -6.7463788374196405E-026  -2.5285390636951263E-026   6.8204503138693215E-027   2.9246490869781914E-026   3.9967481758290548E-026  -1.0167229991571545E-027   1.4144835338319848E-026  -2.0638729160553999E-010  -5.7439088602365925E-011
   2.0722519456468880E-017  -4.7366997130143931E-017  -3.1094447603799567E-017   3.2089162830056504E-017   2.0166559656113859E-017  -5.2811690076889958E-017   2.2127563266409467E-019   2.6893402581273183E-019   2.6087820083152862E-020   1.4529993657190594E-009   7.7927688048156626E-018   5.0027592413622792E-017  -4.6036319341315532E-018   5.2895518304670957E-018  -1.3727939674243602E-017  -1.3082590527726425E-017   8.4071186071670578E-010   5.7949409277016737E-018   7.0430260832378230E-018   6.8319842932637686E-019   2.8000380187563275E-010   2.0810811935501709E-018   1.5612600007402880E-018  -2.4618982671377648E-018   2.5910460228713539E-018   4.0331801859777918E-020  -4.6713121406338931E-018   1.8358611866557189E-016   2.2312602902105711E-016   2.1644032390929743E-017   7.7362148893658322E-016   9.4024041467183524E-016   9.1206717793308635E-017  -5.4026045243250036E-010   1.0281709869246597E-018   1.7366689961180739E-018  -1.1157310379310112E-018   1.1838326170662956E-018  -2.8326586838151533E-019  -2.2121036934920738E-018   1.6403049693434850E-015   1.9935860703915401E-015   1.9338505159848939E-016  -4.0275415120972736E-010   2.8950500830476140E-025  -7.4908794933240440E-025   6.6659053295240724E-027  -6.4840850114143022E-025   2.7229949767123433E-025   3.2530587086406471E-025   3.4349049881868189E-025   1.3438650520040590E-025   2.8059108139040280E-025  -1.5363487700745394E-025   2.3777561515141431E-010   6.6185291409687405E-011
  -5.3783213752187193E-017   1.2293489054674440E-016   8.0702364723480725E-017  -8.3284054435098879E-017  -5.2339841359443845E-017   1.3706728810045240E-016  -3.4627099663663837E-020   3.1264502431637459E-020  -1.9657510400908114E-019  -3.7710988448681148E-009  -2.0224620227982215E-017  -1.2983757073965058E-016   1.1947762425275465E-017  -1.3727939674243602E-017   3.5628411951474076E-017   3.3953253554155538E-017  -2.1820263113580925E-009  -9.0684282514435048E-019   8.1883711562145919E-019  -5.1480377263231484E-018  -7.2647805432107846E-010  -5.4025989602834016E-018  -4.0635627674123817E-018   6.3901341243761382E-018  -6.7254532483839216E-018  -1.0142252195715461E-019   1.2125947067193847E-017  -2.8729152182591676E-017   2.5941077807054828E-017  -1.6309202146787067E-016  -1.2106301603629602E-016   1.0931423034753396E-016  -6.8726050952628129E-016   1.4141945658038728E-009  -2.6705861286542852E-018  -4.5089512920293111E-018   2.8982130052682184E-018  -3.0750933713665736E-018   7.3516291492088742E-019   5.7459361763468768E-018  -2.5668917985515546E-016   2.3177830211525528E-016  -1.4571943041067818E-015   1.0670876874311339E-009   2.0039468337080586E-026  -3.3205971335622897E-026   2.2099683489132629E-026  -8.7365950712122730E-026   1.1812132805643767E-025  -1.0974560939516097E-025   6.7284803885132350E-026   1.5804112458041084E-025  -3.7177781498329060E-026  -7.4478041247338213E-027  -6.3235780789207852E-010  -1.7627110294957962E-010
  -5.1253306391467305E-017   1.1715314545286975E-016   7.6906311211662260E-017  -7.9366556281984020E-017  -4.9878138673150932E-017   1.3061988186804818E-016  -1.4897702987071944E-019   5.4579689318563207E-020   7.8058160316316900E-020  -3.5937207503977429E-009  -1.9273793068267436E-017  -1.2373300366575904E-016   1.1386109065020706E-017  -1.3082590527726425E-017   3.3953253554155538E-017   3.2357049486493759E-017  -2.0793551646340032E-009  -3.9015195536237777E-018   1.4294212142072814E-018   2.0442601474867482E-018  -6.9247897247340242E-010  -5.1474950577808649E-018  -3.8642395305225875E-018   6.0891744906830143E-018  -6.4086284870508327E-018  -9.8972135701011371E-020   1.1554110079426735E-017  -1.2360178571933694E-016   4.5284693349174590E-017   6.4763085708908302E-017  -5.2085089695288888E-016   1.9082711129476055E-016   2.7290795785500901E-016   1.3391146221809540E-009  -2.5434873622793704E-018  -4.2957128859248629E-018   2.7601405564945903E-018  -2.9286082713330004E-018   7.0059952650651625E-019   5.4723424434215368E-018  -1.1043570073093834E-015   4.0460956912508853E-016   5.7864509323215378E-016   1.0013647118959644E-009  -1.4856275768320783E-025   6.2557162423409016E-026  -7.2027836623521472E-026   2.0570734911138597E-025  -8.1023146449163136E-026  -1.6815442585500067E-025  -3.4696543369087037E-026  -1.5982131173701959E-026   2.8913116400945932E-027   1.8578818813934292E-025  -5.9175022159235545E-010  -1.6477553745278290E-010
   3.2943655372668712E-009  -7.5296922640066648E-009  -4.9431938014336435E-009   5.1013310502004111E-009   3.2058300037838536E-009  -8.3956977191404721E-009  -6.9830537544526315E-018   1.3570128692539518E-016   5.7721295338431897E-017  0.23098562534880293        1.2386027808843841E-009   7.9517436870853135E-009  -7.3168817624273818E-010   8.4071186071670578E-010  -2.1820263113580925E-009  -2.0793551646340032E-009  0.13366740057363111        2.4508721114552726E-017   1.0108754550166852E-016   1.5078781459769936E-016   4.4428594619994183E-002   3.3131570238793950E-010   2.5220545220985984E-010  -3.9156388431461043E-010   4.1214024257500510E-010   5.2755995293741937E-012  -7.4332996580347311E-010  -7.0755419596571382E-016   4.6318801910414003E-015   2.6125314777447125E-015  -2.9309384591422129E-015   1.9458211057657648E-014   1.1027455782111252E-014  -9.0078096628526949E-002   1.6417688025844837E-010   2.7664634062983181E-010  -1.7822716406435404E-010   1.8909885457616262E-010  -4.5023456795295729E-011  -3.5329056582595350E-010  -6.1956298598710718E-015   4.1242676824887798E-014   2.3403071469859902E-014  -7.1631033561248184E-002   3.4112747550674970E-018   2.4175042859887866E-018   1.7139376264079961E-018   1.5882017117310495E-018   2.8363889670418133E-018   4.4335450394214509E-018  -2.5794248986466571E-018  -4.4793191982430471E-018  -1.9733769189505682E-019  -5.9808710677007129E-018   4.3118855253650022E-002   1.2090574246564326E-002
   2.3666450576811355E-018  -7.1798430001213784E-019   4.9168146095713248E-019  -7.9140826229367364E-019  -8.9948609376368114E-019  -1.7266706486522552E-018   4.3378400441573386E-007  -4.3416549584881609E-013  -1.5017613828283544E-013   1.0176037545095751E-016  -2.0848603175952127E-018   2.3835239883131643E-018   1.2662872765338109E-018   5.7949409277016737E-018  -9.0684282514435048E-019  -3.9015195536237777E-018   2.4508721114552726E-017   1.1360253334264175E-005   6.7846051085860577E-012  -1.0169041692465136E-012   5.3185255251933342E-017  -2.2550168192173287E-019  -2.6351730354487641E-018   6.3997770786210896E-019  -3.8797345610075715E-018  -4.4973924680476571E-019   5.3947019174801443E-018   3.5989767364450701E-004   9.9728682306320933E-011  -1.6667857147767185E-011   1.5165883362351607E-003   4.5304644307061858E-010  -6.7615752634504190E-011   1.2863216622937889E-015   2.0073021843890605E-019   1.7927374985793488E-018   1.9405596233535554E-018   6.8717174728382143E-019  -3.0852953191608717E-019   3.9568125403049627E-020   3.2156130833106279E-003   9.6459154775773872E-010  -1.4361879877175797E-010   2.3576683234674991E-015   2.8077392885605603E-013  -5.8453594239410126E-013   4.2001728167135684E-014  -7.5209060520645665E-013   8.1029991593492009E-014   3.7529329356347162E-013   3.1105605110380657E-013   1.8762850204649262E-013   1.6721024801899979E-013  -1.7115770500868686E-013  -1.6539263246359219E-015  -4.8822665839244925E-016
   3.4784102305371058E-018  -6.1326053962913797E-020   4.8215824675011059E-019  -2.7104616242996021E-018   3.6080252815053296E-019  -6.2042997794875443E-019  -4.3416542743238451E-013   4.3378408520414755E-007   1.5758425401036129E-013  -1.5952558369674226E-016   1.1389362424310054E-019   8.8927111244359023E-019  -7.0710836371361212E-019   7.0430260832378230E-018   8.1883711562145919E-019   1.4294212142072814E-018   1.0108754550166852E-016   6.7846051085860577E-012   1.1360253057283397E-005  -1.7823841084394482E-012  -1.1887975506421428E-016  -5.8270772473046513E-018  -2.9602916420884567E-018  -1.3573161442006808E-018  -8.3713478656409541E-018  -6.4879696797458955E-019  -5.1239894490759390E-019   9.9728596863447330E-011   3.5989767007704336E-004  -2.5851611572483791E-011   4.5304614384145982E-010   1.5165883176548088E-003  -1.1907702658295512E-010  -7.3400395159406186E-016   3.9605680411970604E-019   1.1362562344038005E-018   1.4108446492316088E-018   1.7726165402636379E-018  -5.8998939927005347E-020  -3.7921220312279529E-020   9.6459088629192252E-010   3.2156130436500384E-003  -2.5359900618328564E-010  -1.4227147754899315E-015   2.2101029063516997E-013  -7.4925306634968455E-013  -3.1048784192604450E-014  -4.6363887842380495E-013   3.7488395217317979E-013   1.6712111979751064E-013   3.3019784477477870E-013   1.2684098099824238E-013   3.0621196358191461E-013  -7.1399448531524723E-014   9.9153372349757859E-016   2.9303451224257075E-016
  -2.6114594470230976E-018   3.0249265917375130E-018   8.2323692258678806E-020   2.0151845520027545E-018   5.3434910726867815E-018   7.5896112775427547E-019  -1.5017155000320012E-013   1.5757166642998624E-013   4.3378363580936017E-007   8.4699371698095960E-017   2.0224832613412374E-018  -3.3388628183843941E-018  -1.5442164713326861E-019   6.8319842932637686E-019  -5.1480377263231484E-018   2.0442601474867482E-018   1.5078781459769936E-016  -1.0169041692465136E-012  -1.7823841084394482E-012   1.1360248872462211E-005  -2.2175908790787283E-018  -3.8310246799859312E-018  -9.1452125121897870E-019  -2.3590052846511802E-018  -4.4394534829330973E-018   2.8002399306447510E-018   1.3134682744816490E-018  -1.6667462367911998E-011  -2.5852273943242202E-011   3.5989760283310974E-004  -6.7614201679021580E-011  -1.1907971301324828E-010   1.5165880391750696E-003   1.2546521177850492E-015   9.5977975392707531E-019   7.8384795454098167E-019   2.1692715161262318E-018   2.0561417651112518E-018  -3.3603518225985638E-019  -1.0943667905981764E-018  -1.4361546617507533E-010  -2.5360473606344173E-010   3.2156124518766325E-003   2.3020858797229712E-015  -1.7293721122992354E-013  -3.1352112324675482E-014  -1.3008722652803591E-013   1.8769011944297763E-013  -3.1617507381427613E-013   4.4333975053413118E-014  -5.6562269147448399E-014  -2.0195414278107351E-013   1.0724150629999522E-013   2.4750649760572973E-013  -1.6164007391111015E-015  -4.7709066977413818E-016
   1.0957132167041423E-009  -2.5053343496454379E-009  -1.6442156672009716E-009   1.6968080718667491E-009   1.0665621139813787E-009  -2.7925218733077783E-009   1.7769850095262337E-018   5.0344081430544192E-017  -5.3831059934618997E-018   7.6836391596726561E-002   4.1245704365650851E-010   2.6474985885312431E-009  -2.4370223532071423E-010   2.8000380187563275E-010  -7.2647805432107846E-010  -6.9247897247340242E-010   4.4428594619994183E-002   5.3185255251933342E-017  -1.1887975506421428E-016  -2.2175908790787283E-018   1.4942958332240779E-002   1.0926872541503362E-010   7.6073538268182891E-011  -1.2987753742578270E-010   1.3663335027219469E-010   3.9710033590958083E-012  -2.4585315674089406E-010   2.2940070592865230E-016  -2.7372457831078671E-015  -1.7035540653661732E-015   1.3263412353569733E-015  -1.1632418135575783E-014  -7.0071239759504175E-015  -2.1786406457364710E-002   5.3194730852308340E-011   9.0922461033160301E-011  -5.7613487918485996E-011   6.1141200613750621E-011  -1.4992019718708251E-011  -1.1434297253838231E-010   2.6350497523377879E-015  -2.4637226846769721E-014  -1.4886339206926082E-014  -8.9930001182664497E-003   5.7732581329910090E-019   8.9122444158191668E-019   1.0451903539986452E-018   9.6310418145859723E-019   8.5700870154630305E-019   1.3821049370260893E-018  -9.4076448901699991E-019  -1.3781920211428758E-018   1.0512380023250782E-020  -1.7796696365518270E-018   3.9665966704636769E-003   9.6113300790416634E-004
   8.1620706016046471E-018  -1.8650870398896520E-017  -1.2246703481592275E-017   1.2638523314321958E-017   7.9412766653145474E-018  -2.0800595706495042E-017  -8.6102754948713566E-021  -2.2250305228389283E-019  -1.4628503413547069E-019   5.7223756721323091E-010   3.0663360745626510E-018   1.9687837938596649E-017  -1.8111605279321634E-018   2.0810811935501709E-018  -5.4025989602834016E-018  -5.1474950577808649E-018   3.3131570238793950E-010  -2.2550168192173287E-019  -5.8270772473046513E-018  -3.8310246799859312E-018   1.0926872541503362E-010   8.2537416131277236E-019   6.6284656576532134E-019  -9.7187133947741425E-019   1.0232786536876650E-018   2.2917752119494363E-021  -1.8483748225301382E-018  -7.1439346628318828E-018  -1.8460430377240663E-016  -1.2136853748191354E-016  -3.0104153777925253E-017  -7.7791203636120373E-016  -5.1144011309972575E-016  -2.6292874718623870E-010   4.1362380565994987E-019   6.9071946871644451E-019  -4.4967182781475253E-019   4.7703649271441410E-019  -1.1146618322205617E-019  -8.9068679006442645E-019  -6.3829656338218309E-017  -1.6494021888808509E-015  -1.0844033794030751E-015  -2.4960473219212708E-010  -4.9455612720544928E-026   4.1206009357370536E-025   6.0897384152162136E-026   1.9127080025658454E-025  -7.9828281597183964E-026  -9.6688285333200781E-026  -1.6245793965384205E-025  -1.2321322791383392E-026  -1.9741051667384625E-025  -5.9283462511374456E-026   1.5728796898824806E-010   4.4838608830707609E-011
   6.1837898362454688E-018  -1.4092257207286753E-017  -9.2744240792224160E-018   9.5714542829014330E-018   6.0045369543894988E-018  -1.5755237048214932E-017  -1.0062232647278071E-019  -1.1303696275788087E-019  -3.4919331620202662E-020   4.3313442502216244E-010   2.3031086456668460E-018   1.4805523101851597E-017  -1.3583813549964464E-018   1.5612600007402880E-018  -4.0635627674123817E-018  -3.8642395305225875E-018   2.5220545220985984E-010  -2.6351730354487641E-018  -2.9602916420884567E-018  -9.1452125121897870E-019   7.6073538268182891E-011   6.6284656576532134E-019   8.1813203819338278E-019  -7.5077413187102317E-019   7.9327840698804615E-019  -8.7915866077676356E-020  -1.4561982422977119E-018  -8.3483337888581375E-017  -9.3783301375514847E-017  -2.8972404526023930E-017  -3.5179406355256843E-016  -3.9519750287958981E-016  -1.2208807090615659E-016  -5.2983666197591167E-010   3.7044219151564553E-019   5.6742689635804812E-019  -4.0804368506133523E-019   4.3234503617601421E-019  -8.3757102919826909E-020  -8.0272201802120635E-019  -7.4590681965564999E-016  -8.3793487904327462E-016  -2.5886259673852046E-016  -7.8905820028574604E-010  -7.7800631205930951E-026   3.3404947613890598E-025  -8.9326924052488242E-027   2.6395343994573667E-025  -8.1895348975090981E-026  -1.2176781268667836E-025  -1.5483011253604504E-025  -7.3653300520218010E-026  -1.3094499585076301E-025   1.7906609828950570E-026   5.3883526704898032E-010   1.5775908730355642E-010
  -9.6493589467124216E-018   2.2053385791701648E-017   1.4478706096679582E-017  -1.4941904665161316E-017  -9.3895772539717256E-018   2.4591266605124786E-017   2.4437272083061745E-020  -5.1828714420723975E-020  -9.0077286439629581E-020  -6.7655274483984928E-010  -3.6271647029822030E-018  -2.3286834701870218E-017   2.1426243223168973E-018  -2.4618982671377648E-018   6.3901341243761382E-018   6.0891744906830143E-018  -3.9156388431461043E-010   6.3997770786210896E-019  -1.3573161442006808E-018  -2.3590052846511802E-018  -1.2987753742578270E-010  -9.7187133947741425E-019  -7.5077413187102317E-019   1.1474614960464025E-018  -1.2078663406007251E-018  -1.2032623867121961E-020   2.1793795099270207E-018   2.0274780296047813E-017  -4.3000371488585511E-017  -7.4734306628315710E-017   8.5436767446094562E-017  -1.8120111641011543E-016  -3.1492611813659481E-016   2.7645557668573498E-010  -4.8305917448242548E-019  -8.1199377691252063E-019   5.2460569280877543E-019  -5.5658556013869896E-019   1.3184950764098870E-019   1.0396849222216001E-018   1.8115106088682372E-016  -3.8419963139384753E-016  -6.6773594459560192E-016   2.3269653974334904E-010   1.4470661830717255E-026   5.6154463842694425E-026   2.8801963657597562E-026  -2.9929196845379457E-026   1.6987812431968932E-026  -2.1160384577144370E-026  -2.7557099241627190E-027   5.0644202912555456E-026  -4.8739913201440830E-026  -3.4665521795771674E-026  -1.4230595887298760E-010  -4.0135906875522707E-011
   1.0156138895216577E-017  -2.3211248795388637E-017  -1.5239082379158180E-017   1.5726609654486284E-017   9.8825970867069300E-018  -2.5882751618162995E-017  -1.4814465652641379E-019  -3.1965409618353704E-019  -1.6951753556848402E-019   7.1208102641662487E-010   3.8174669162377921E-018   2.4508773791029175E-017  -2.2550197176048495E-018   2.5910460228713539E-018  -6.7254532483839216E-018  -6.4086284870508327E-018   4.1214024257500510E-010  -3.8797345610075715E-018  -8.3713478656409541E-018  -4.4394534829330973E-018   1.3663335027219469E-010   1.0232786536876650E-018   7.9327840698804615E-019  -1.2078663406007251E-018   1.2714782259898240E-018   1.1792302952188883E-020  -2.2943826606156829E-018  -1.2291157039049968E-016  -2.6520784604081713E-016  -1.4064384115312071E-016  -5.1794239572040272E-016  -1.1175707905667780E-015  -5.9266514511397434E-016  -2.9419180627615225E-010   5.0898448809892295E-019   8.5506859032300512E-019  -5.5281313292400293E-019   5.8650729473981478E-019  -1.3876744642673902E-019  -1.0955332513428258E-018  -1.0981901337081955E-015  -2.3695785936674431E-015  -1.2566243235455212E-015  -2.5075487015660645E-010  -1.7952852974000580E-025   7.7128159469003389E-025   6.3697271588233502E-026   5.2917861508721204E-025  -1.7144824896856373E-025  -2.5479106816709881E-025  -3.3523434347280893E-025  -9.2660431122271099E-026  -3.2542301764328617E-025  -4.5163667823771610E-027   1.5386297277765672E-010   4.3448221352686771E-011
   1.3919078595968488E-019  -3.3002862703666347E-019  -2.1009939675150502E-019   2.1672545436108042E-019   1.3918580854135569E-019  -3.5591891745697791E-019  -1.7172963514324214E-020  -2.4773674422289827E-020   1.0692502981046099E-019   9.8864363492007678E-012   5.8579951074354977E-020   3.7043869509595346E-019  -3.5219985074237876E-020   4.0331801859777918E-020  -1.0142252195715461E-019  -9.8972135701011371E-020   5.2755995293741937E-012  -4.4973924680476571E-019  -6.4879696797458955E-019   2.8002399306447510E-018   3.9710033590958083E-012   2.2917752119494363E-021  -8.7915866077676356E-020  -1.2032623867121961E-020   1.1792302952188883E-020   2.8193719982415469E-020  -1.3990185791945410E-020  -1.4247933056491384E-017  -2.0554145965390589E-017   8.8712799416998306E-017  -6.0039976790631945E-017  -8.6614007155895148E-017   3.7383069623475046E-016   9.9349861503046040E-011  -1.0868881266246171E-020  -2.0766310161282974E-021   1.3485833897562131E-020  -1.4140054369965459E-020  -2.1183419602820630E-021   2.4981702138481534E-020  -1.2730240252274390E-016  -1.8364715591163991E-016   7.9263096508239923E-016   1.8415393235392564E-010  -7.3254536897101099E-026   5.9405586139242960E-026  -2.5886646189956918E-026   1.0807308213266825E-025  -1.0352361661485403E-025  -1.4453858460052931E-026  -4.6269019995811022E-026  -6.3232939000861419E-026   3.2794231129349943E-027   7.4254934714777757E-026  -1.2911212137404416E-010  -3.8110178305979812E-011
  -1.8315075484208685E-017   4.1854918229058784E-017   2.7481079324754394E-017  -2.8360276168984459E-017  -1.7820812095629198E-017   4.6675356502790495E-017   2.0599331967105406E-019  -1.9566589685925450E-020   5.0153414447626783E-020  -1.2840984476045382E-009  -6.8826048261658457E-018  -4.4188937518001778E-017   4.0654704926740516E-018  -4.6713121406338931E-018   1.2125947067193847E-017   1.1554110079426735E-017  -7.4332996580347311E-010   5.3947019174801443E-018  -5.1239894490759390E-019   1.3134682744816490E-018  -2.4585315674089406E-010  -1.8483748225301382E-018  -1.4561982422977119E-018   2.1793795099270207E-018  -2.2943826606156829E-018  -1.3990185791945410E-020   4.1421056729024647E-018   1.7090646753434932E-016  -1.6233072763800814E-017   4.1611255331486479E-017   7.2019013892000411E-016  -6.8405231403870124E-017   1.7534746722943271E-016   5.5736262364752665E-010  -9.2250868292948262E-019  -1.5455686157236619E-018   1.0023821847519783E-018  -1.0634342071573526E-018   2.5019011123953738E-019   1.9860107516282627E-018   1.5270147972581329E-015  -1.4503919663399773E-016   3.7178817437113740E-016   5.0088619888250075E-010   8.0546994248396616E-026  -2.6024864440333125E-025   6.5163374784261001E-029  -3.2035603503307243E-025  -3.1352788397158020E-026   1.5051682611266419E-025   1.4004660029389803E-025   8.5704614969821993E-026   7.9615781777286218E-026  -1.4740147501023163E-026  -3.1152594692255638E-010  -8.8398041272972639E-011
