  0.13181070470122175       -2.4407926445241443E-017  -8.3582473941978775E-016   1.9975095852156293E-015  -2.4109045752329778E-016  -1.4816434662397149E-017  -5.9342979535487551E-017  -1.3595573020954386E-016  -1.4811627958924711E-018  -1.0514335474992939E-016  0.11826367688427605       -7.0461844331556176E-016  -4.5917899572660399E-016   6.1156316806289162E-015  -3.6192341493162665E-014   8.6043343814280655E-017   1.2500351799861895E-016  -1.6985517707519786E-014  -3.7052088132026390E-017  -1.6656607076060088E-014   2.4531711535980886E-016   1.2243184600513029E-016   9.2929857551634017E-017   2.5260363966386157E-016  -1.9693523492278563E-016   2.7071191193932568E-018   5.2986344418046979E-017  -3.3149536258962595E-016   1.4491230027886837E-017  -3.0478907922044774E-016   8.9329211244153245E-002  -6.8830705284994982E-017  -6.3651281705829602E-016   2.3783247696044875E-015  -3.3924805272865103E-017   2.9237715366015277E-018  -5.6659962711672747E-018  -2.5044159813054277E-018  -2.3624281885914280E-019  -1.7190281621215072E-018   2.8979551522091735E-018  -4.2791332426608528E-018  -4.2095660506602698E-018  -5.6184654725560966E-018   3.3547966729524612E-018  -7.0887517741432822E-019   6.5354343481079489E-018  -2.7753367748592770E-018   1.3315137972427275E-017  -4.2261428800469154E-014   3.5348822472300861E-018   8.8439984288926195E-017  -1.8130560502685264E-014  -7.2450583917706884E-018  -1.8292711013627788E-014   2.4727056268885053E-017   8.4179728951029991E-017   1.5659540200317223E-017   2.1937652878993686E-016  -1.5703568084812588E-016  -5.4378916918866015E-018  -1.9732168626744268E-017  -1.3736941498749151E-016  -7.4595020462142236E-018  -1.5506074311739547E-016   4.4313366974124187E-003  -2.1845668337616718E-016   1.1645922483336785E-015  -1.2714222638999769E-015   3.9186307984418380E-003  -1.2677269167645485E-017   8.3949858987836295E-018  -5.3508804220189304E-002  -1.5862377029648021E-015   6.7792346409485976E-015   1.7277019096901328E-017  -1.4513311098031570E-018   2.5133654646066877E-018   2.0848126700339599E-017  -7.7311900541105456E-019   2.4920865885818633E-017   2.1219447436563631E-017   3.4741372476428795E-016   7.8037394309149913E-016  -8.1541999082163393E-017   3.5544068698523228E-015
  -2.4407926445241443E-017  0.13181070470124101       -1.3924587519264858E-016   2.8986178579016032E-016  -1.5810247481353820E-016   7.8996245310214164E-017  -5.7899323203173700E-017  -2.3187428252462531E-016  -6.1498378197305891E-017  -1.9089779774692730E-016   7.5798111273587951E-016  0.11826367688427122        5.4342274418271374E-016   2.0189232368469292E-015  -7.0792543343818612E-017  -1.5895952943226946E-014   3.9616323041299356E-017  -4.3527933915819657E-017  -1.5405691581524289E-017  -4.2356068957256118E-017  -3.1167512567729980E-014  -1.4611463658170693E-017  -1.5024136710127149E-014   2.4684093653657166E-018  -1.1341123983536656E-015  -2.6196924975817240E-016  -1.0561185401418329E-017  -9.5978366287015318E-016   1.1128032814877745E-016  -1.1317482069530794E-015   4.7794171219511336E-016   8.9329211244138229E-002  -7.9357396858594027E-016   1.1647191887306111E-015   1.6662726013784039E-016   8.8148287646579059E-017   2.3932981925284466E-017   5.2017227739042578E-017  -9.5020342076949857E-018   1.0218065470297056E-016   9.2067714912721147E-017   1.3616140927712787E-017   3.3719595930698442E-017   2.2751807603093663E-017   3.5568689213767160E-017  -2.7026416847720422E-017   5.8023303331656031E-017  -2.5489283372357172E-017   1.9404162766424670E-016  -2.5171414996507835E-016  -1.4063790371760791E-014   8.5897035627739200E-017  -1.1166380761519808E-016   2.3430030591779503E-018  -1.0473311527670879E-016  -3.2277861362317202E-014   8.0859160670339768E-017  -1.4043311899618006E-014   2.7837109233586386E-016  -8.0555073902173104E-016   3.4165749370670611E-017  -1.6753989318533272E-017  -7.9717772138472875E-016  -3.6470771177240845E-017  -8.0197136263484408E-016   5.1363223668012367E-016   4.4313366974212034E-003  -9.4113679442886286E-016  -1.5456961053174591E-015   2.0194990329030660E-017   3.9186307984425787E-003  -3.4283945008888636E-017   3.9263573248908231E-015  -5.3508804220183649E-002  -7.4495445608242073E-015  -1.3102463792110355E-017   1.8168046900622589E-018   4.6906976120120960E-018  -1.3603693532940045E-017  -1.9794104755357350E-018  -4.4087263982202197E-018   6.6031224969073809E-016  -4.2591351358214254E-016  -3.0528974940314524E-015  -6.4090983086257333E-017  -1.2809562710912031E-014
  -8.3582473941978775E-016  -1.3924587519264858E-016  0.13181070470124479       -2.6945274100813009E-016  -3.0959632293417915E-018   7.4490674334206578E-017   8.2565019807254472E-017  -5.9866700287361384E-017  -4.0421211131142817E-017  -1.6210758843641448E-016   1.7946192645077678E-015   1.5951851612381082E-015  0.11826367688425485        2.1314409401864011E-015  -7.9982196694146744E-016  -1.5302581549087090E-016  -1.2721273461595935E-014  -3.3405546855055573E-016  -3.4452699612826398E-018  -3.5342921538964286E-016  -2.9446190355380562E-016  -1.2539010955658989E-014  -2.0213033770002698E-016  -2.5857527650219892E-014  -9.6536619183332107E-016  -2.9524481272166283E-016  -1.4258688511582173E-016  -8.3550940992243106E-016   1.1354857580345141E-016  -6.0925274158812983E-016  -4.5075313991447474E-017   4.1921205830866347E-016   8.9329211244145862E-002   3.1104007342105049E-015   7.1941452687892531E-017   1.1819248412917581E-016   2.8300290327226242E-017   2.6441459836653978E-017  -1.3783736372850227E-017   1.7368247584924929E-017   1.0425152475347965E-016   1.2230706819190365E-017   5.4347990503464640E-017   3.1347905282098412E-017   1.4333497241043341E-017  -3.3880714868945868E-017  -1.8361546014707455E-018  -3.4290640045135922E-017  -1.5999700126905114E-017  -3.1035058882102045E-016  -1.4705125465336497E-016  -1.2943108823174843E-014  -1.4551400332776175E-016   3.3849810777958394E-018  -1.6032583035118684E-016  -3.6273866408112895E-016  -1.3278327605677016E-014  -1.5120208267167148E-016  -2.9796204983056957E-014  -1.2134715260033907E-015   4.0556015831427213E-017   3.1163194666917326E-017  -1.2383133391884012E-015  -2.5281121851472821E-017  -1.2769197755278865E-015   6.2119194934530006E-016   1.0128283148713759E-015   4.4313366974185718E-003  -2.2859278857573949E-015  -2.4473587658675588E-017   3.9597758977909806E-017   3.9186307984423237E-003   5.8284577584045506E-015   7.3193270256278302E-015  -5.3508804220203356E-002   1.1579325319146857E-016   4.1174854280008886E-018   1.7994718566621070E-018   1.1667947376905415E-016  -1.6576918194057736E-019   1.2455292350460750E-016   1.3349030051976989E-015   3.4073691037818914E-016  -4.6683228200597114E-016  -1.4651262724856112E-016  -1.5751246679476064E-015
   1.9975095852156293E-015   2.8986178579016032E-016  -2.6945274100813009E-016  0.11881540682923442        2.7405106362036038E-014   5.3021100082627580E-016   2.2381108026186098E-016  -5.5464572311571263E-014  -2.5029417924323844E-016  -6.7074072940113798E-014  -9.6839873398135491E-015   1.8360597500886362E-015  -1.7983740044597182E-017  0.30701664103946702        4.1350198528044801E-015  -5.0656938772540896E-017  -1.2301109714891394E-017   1.8977776180735136E-015  -9.7101233049967004E-017   1.5330906052611858E-015  -1.4609734149658486E-016   6.6885429839661079E-018  -1.0941637940155934E-016   1.9064351614731897E-016  -1.9769612119324269E-013  -2.5416536152783370E-016  -1.5360321990641916E-016  -9.9663591993677928E-014   2.9928894697190621E-016  -1.0986465733827924E-013  -1.3390721367739552E-015   1.8515358214044058E-016  -4.9894328528217276E-016  0.16066813942830085        2.8387809574281149E-014   9.9712387488941022E-018  -9.8645773890850875E-017  -1.0804563912958443E-015   5.0460616237749423E-018  -1.0519632672857431E-015  -2.4537249810485458E-017  -1.0294316834025354E-017  -8.6558179897104783E-017  -1.3270193169930020E-017   2.1564033381022649E-014   5.2206266369747769E-017   5.4013995258287945E-016   5.4431124768513394E-017   2.1592513933945901E-014   2.4887839528133689E-015  -1.0135942888377840E-016  -9.2691493612047565E-017   1.2232259924748686E-015   3.6330898431748349E-017   1.2031146019935895E-015  -3.9676699023877664E-016  -5.6712955857145924E-017  -1.1239830647003431E-016  -2.9885881996590351E-016   4.5346937400236654E-013   1.1917813244020265E-016   8.1724122409520042E-017  -2.2197287564213700E-013  -1.4237019689082857E-016  -4.9112474046392893E-013  -1.1791944142839517E-015   7.9324988634686496E-016   2.8317465674246119E-016 -0.13175617150765068       -2.1577697029498557E-016   3.3452774211443629E-016   5.7219123388748072E-016  -1.5145621939267060E-014   1.4411044251981671E-015  -4.9109681688273241E-015   5.2325306746188032E-015   1.4927317897393953E-017  -1.3208666331771703E-017   1.0189626362948871E-014   3.6939049228830503E-017   5.5894448473446653E-015 -0.11074408991561124       -3.4108162463392037E-002   1.5795184707656139E-002   1.3470613313005086E-002   2.7696439495049290E-002
  -2.4109045752329778E-016  -1.5810247481353820E-016  -3.0959632293417915E-018   2.7405106362036038E-014   1.1778947805111338E-026   1.4951346668056638E-028   1.1497740936422809E-028  -1.8161044929042563E-026  -9.4333035329318851E-029  -2.6824855030856457E-026  -2.2148888587020526E-016  -1.4067106869262009E-016  -3.4137138506700526E-018   6.9807019534653011E-014   1.2662765996273410E-027  -2.8001393822240186E-029  -3.0298607888117280E-029   4.7593056573661338E-028  -6.3026670153301444E-029   3.9287608521449552E-028  -3.3108214559633233E-030  -3.0080691614563439E-029  -3.2018008879704994E-029  -9.2487998407312583E-029  -9.6082482746988191E-026  -1.4459680892999931E-028  -1.1334672683318224E-028  -3.6669010725033106E-026   2.6860080315421739E-029  -1.6975531850099352E-026  -8.7300165016957629E-017  -1.2452335415119083E-016   7.2488907642541198E-018   3.9165526147178880E-014   5.8748655267123184E-027   4.0448037988328711E-029  -1.9017838268221738E-029  -1.0385072953219961E-027  -2.9498814414467132E-030  -8.2285615971299335E-028  -1.9798618371256303E-029  -2.2612005577164365E-029   4.0229677162663989E-031   1.5720186204431072E-029   3.7354451708594689E-027   2.4448677176596573E-029  -3.1542746274445232E-028   3.9648754750230800E-029   3.6056009915963922E-027   6.0194608693941123E-028  -1.4805493425664049E-029  -4.7583890562131042E-030   3.4726063174932588E-028   2.2863671407279499E-029   3.6642735977862986E-028  -1.0799601639183837E-028   5.8305690838997693E-030  -2.8294440478505801E-029  -8.2298471351975618E-030   1.3098809279259251E-025   3.7761218326325395E-029   6.8499942915920473E-029  -8.5314340210729753E-026  -6.5889218890227972E-030  -1.8793142491635403E-025   1.0138694737075251E-015  -2.3869798528362486E-016   1.2543927871367234E-016   5.6719910028190149E-015  -2.4128456221792378E-018  -5.7860440738476798E-018   4.9203157254135842E-019   7.1271207022502601E-015  -1.5410491368408555E-015   8.6475728745895327E-016   5.3843966854132596E-027   2.3966126320464813E-029  -2.8634644143016910E-029   1.0710075544361315E-026   3.5017353080603891E-029   1.4482683899904980E-026   3.3016844193619454E-014   1.5699342565805928E-014  -1.0825676286512823E-014  -7.0027243355976453E-015  -2.6436625807205879E-014
  -1.4816434662397149E-017   7.8996245310214164E-017   7.4490674334206578E-017   5.3021100082627580E-016   1.4951346668056638E-028   5.0665785513517193E-030   5.2100451139347473E-030  -2.8617511516070993E-028  -1.2502538934376362E-030  -3.7712446419231771E-028  -1.3319538988098694E-017   7.1158272968210515E-017   6.8247665147979238E-017   1.3645650097681089E-015   2.2291290424993875E-029  -6.7203083604566095E-030   2.6883216272548513E-030   1.1379307704294669E-029   3.0674451240336455E-031   8.1273238400885818E-030  -1.4710512586780426E-029   3.0560514138314755E-030  -5.4842968195616963E-030   3.4532448774884687E-030  -1.2104693745976811E-027  -4.2708132542534531E-030  -5.8938539180484375E-030  -5.5749319941380935E-028   2.1288871204359184E-030  -4.6891768139648575E-028  -9.6607803907058559E-018   4.9406638448667016E-017   2.9716613431125546E-017   7.2889106346623135E-016   1.2352762038809143E-028  -1.8353097961163933E-030   2.6611693521866946E-031  -9.6608502406323732E-030   2.8005822500877803E-031  -7.8082452409414021E-030   1.6048774571710114E-030   4.0212260921227991E-031  -3.5398598185417836E-032  -5.9820472393020418E-031   8.8559445136119563E-029   2.3171114492407420E-031  -2.1381624782863495E-031  -5.6313804985267845E-031   8.9786055299827068E-029   1.4323567091422738E-029  -7.1672518098467675E-030  -4.9233929150192678E-031   6.5219160997084344E-030   1.8854310170609110E-030   7.4386995684635520E-030  -1.6863117043321456E-029   4.0102148144205577E-032  -9.4000510956934622E-030  -1.0244453595883024E-030   2.1427360416339034E-027   2.2890627485108104E-030   2.8262099119094257E-030  -1.2218771039586743E-027  -1.1462993729891653E-030  -2.6651361845988968E-027   4.6117126112843405E-018  -5.2812607141940140E-017  -2.7641530244030169E-016  -3.7928065240081859E-016  -4.1670848084933206E-019   2.0904390364007854E-018   9.1691766173325603E-019   4.1160677998151291E-017  -4.1358602201969781E-016  -1.9486780408622517E-015   5.6837509806022961E-029  -3.3695908250289929E-031  -6.6075922469375676E-031   1.0382187943471514E-028   1.5522950773397713E-031   1.1184262470324319E-028  -1.5824594901737020E-016  -2.1532515117786202E-018   1.0830918025645418E-016   3.4033339165438162E-018   4.4197840267839303E-016
  -5.9342979535487551E-017  -5.7899323203173700E-017   8.2565019807254472E-017   2.2381108026186098E-016   1.1497740936422809E-028   5.2100451139347473E-030   1.2438744722096036E-029  -1.6637664446306944E-028  -5.8107773461993234E-031  -2.6328257471716184E-028  -5.3184386213772365E-017  -5.3282348894862567E-017   7.6932933337573105E-017   5.6615431484288085E-016   2.9719386294861314E-029   1.0724122271280952E-029   9.7304400886434250E-030   1.5400406610127175E-029   5.6863570841070672E-032   1.3401811431930473E-029   1.6696565322624588E-029   1.1810549303949695E-029   9.7514785488993619E-030   2.2179513572603756E-029  -9.6571949444638513E-028  -7.6155983235505650E-030  -1.5095483873952481E-029  -3.6148606794303597E-028  -8.2548900235581788E-031  -1.2116872063101770E-028  -4.1092293521125979E-017  -1.9636068447900764E-017   1.4012230809617547E-017   3.2770141735052700E-016   4.7489564173651625E-029  -1.7483583239281911E-030   6.8736042381610276E-031  -8.1513104206304759E-030   6.0879622076253385E-031  -6.4837088901393912E-030   3.1050953537014231E-030   1.3294450777929919E-032   8.6150213776680033E-031  -4.3346076014601875E-031   2.9894520174187646E-029   5.9800654187787767E-031  -3.9665868001751338E-030  -4.2051862465354995E-031   2.7927845585657846E-029   2.5973069930534355E-029   5.4845875690832024E-030   7.9101480893873737E-030   1.0647851629478867E-029   2.3473559088612980E-030   1.3180644652776030E-029   2.2616442048000548E-029   7.8210092305099284E-030   6.6372662969613282E-030   1.0610434869303195E-029   1.1527516285910128E-027   3.2309841210086356E-030   7.3495131048786987E-030  -8.1357090792736192E-028   3.2568621448886316E-031  -1.8001297711306622E-027  -1.3748305795004372E-017   2.6134503432499687E-016  -5.6057160686669799E-016   1.7612648664912413E-016  -1.8189014222929692E-018  -4.9637679400638691E-019  -1.6629690244197510E-019  -5.6749749429586272E-017   1.8344513628234927E-015  -3.9082799194431601E-015   5.9312342049121656E-029  -3.6645678039043969E-031  -1.1432232036618906E-030   1.1100952471931827E-028   7.3540599431674514E-031   1.5952458665912239E-028   4.8316779059912558E-016   2.0021056771336422E-016  -2.5446721524585504E-016  -9.5260717536118897E-017  -8.1070889870038352E-016
  -1.3595573020954386E-016  -2.3187428252462531E-016  -5.9866700287361384E-017  -5.5464572311571263E-014  -1.8161044929042563E-026  -2.8617511516070993E-028  -1.6637664446306944E-028   3.1548215999027732E-026   1.5172686886306510E-028   4.3107633662198548E-026  -1.2148733073503448E-016  -2.0955423738751568E-016  -5.5388221667156129E-017  -1.4230887783415139E-013  -2.1498696916496807E-027   9.6237069924667216E-029   9.6367802479060234E-030  -8.7807441245218004E-028   8.7551060653793163E-029  -6.8996478676044127E-028   1.2573862404374126E-028   1.3324685180099642E-029   9.4467138878490205E-029   5.9867673758999920E-029   1.4448646818296180E-025   1.9987534743182442E-028   1.5533522347995943E-028   6.1167164906398120E-026  -1.1071973259431692E-028   4.3399773578073429E-026  -9.9419118850304115E-017  -1.3493224362684032E-016  -1.5961849854211727E-017  -7.7134344302716268E-014  -1.2506069429352661E-026  -3.1868460991154004E-029   3.8051042907760945E-029   1.3512159705660787E-027   2.1292787493104022E-030   1.1224963996454602E-027   2.1570288211658326E-029   1.8314660612081012E-029   2.3193561549369456E-029  -1.1864965073210892E-029  -8.7411210369158570E-027  -3.3534819910424553E-029   2.2343449179861471E-028  -4.5770277344421759E-029  -8.6413954752831242E-027  -1.0578598971503935E-027   6.4210279641650567E-029   4.3491971545989704E-029  -5.8687002068014701E-028  -3.7057956333864988E-029  -5.9876507365112299E-028   2.9238988705197102E-028   1.6359152705536837E-029   9.6149729164696991E-029   4.9607571038022923E-029  -2.3768309165862877E-025  -7.3704998496100790E-029  -9.1703056790987565E-029   1.3938367363210328E-025   4.5078305535744766E-029   3.0642025914620244E-025  -1.0236140176698820E-016   2.9052647219829956E-016   3.2853665319427670E-016   2.4801740864009516E-014  -4.4968162462019629E-018  -5.5055451040687047E-018  -2.4195848348649366E-019  -6.1742335161554096E-016   2.1460188685781002E-015   2.2978559861703301E-015  -7.0255831905945872E-027  -2.7365342609195718E-029   3.3647027443863666E-029  -1.3672749358026671E-026  -3.7220284058561903E-029  -1.6452291432107235E-026  -7.7791397794398690E-015  -8.6567255363672188E-015   2.0854919852473583E-015   3.9237413638648567E-015  -1.5490088324985370E-015
  -1.4811627958924711E-018  -6.1498378197305891E-017  -4.0421211131142817E-017  -2.5029417924323844E-016  -9.4333035329318851E-029  -1.2502538934376362E-030  -5.8107773461993234E-031   1.5172686886306510E-028   9.6163857926299365E-031   2.1751938035581488E-028  -1.5889981633625941E-018  -5.5337251962914966E-017  -3.6203128419941971E-017  -6.3983292292442418E-016  -1.4198735625468229E-029   7.4348144677000937E-030   4.0522242743682953E-030  -5.4520631940737516E-030   6.6736295784448431E-031  -4.6865125072384368E-030   1.3535116327500630E-029   4.2569248307275769E-030   7.2307222918386840E-030   9.3614162191382025E-030   7.5376241296417678E-028   1.2377495534786694E-030   1.7421608067425001E-031   3.0046689516420286E-028  -6.2822444085398782E-031   1.7173342719157749E-028   2.8186099331900082E-018  -3.9334304093213379E-017  -2.8330590259857624E-017  -3.5279341912678456E-016  -5.6174303880841747E-029  -3.4623037106021381E-031   1.5523970634133772E-031   7.1581495376362911E-030   8.7189535617456987E-032   5.7034348807559654E-030   4.5564833390423031E-032   2.4678648804990230E-031   5.9138484111647045E-032  -9.7240190768987298E-032  -3.7629693365061045E-029  -2.4611846686883457E-031   1.3038568886982426E-030  -2.4967907811232777E-031  -3.6832407707429999E-029  -7.5627738107836878E-030   6.6332721491622170E-030   4.3704603891581163E-030  -4.2355365207292212E-030  -2.8216295025135283E-031  -4.3931586296275890E-030   1.6348016838662863E-029   4.2821385462559038E-030   6.7709485668040106E-030   9.3370840672530674E-030  -1.1397453622172636E-027  -5.0037683391389215E-031   5.5828338725511895E-032   6.9046453693882035E-028   1.8011584330343443E-031   1.5313997746722878E-027   5.1290220539064822E-017   2.9410949401249083E-017  -1.3941381035095821E-017   3.3872374360750775E-017   1.9481810365315146E-019  -1.6818505067584030E-018  -1.2602295672124984E-018   3.5372332028819110E-016   2.4147754816490663E-016  -7.0134437173462265E-017  -3.6033801728172535E-029  -1.6732194547638281E-031   1.1597957468366308E-031  -7.4654671434748707E-029  -2.9416606412224062E-031  -9.7680376908998720E-029  -1.6342093809259126E-016  -8.2708831987143744E-017   1.0612900722683512E-016   4.0552174422752971E-017   3.3757063967556677E-016
  -1.0514335474992939E-016  -1.9089779774692730E-016  -1.6210758843641448E-016  -6.7074072940113798E-014  -2.6824855030856457E-026  -3.7712446419231771E-028  -2.6328257471716184E-028   4.3107633662198548E-026   2.1751938035581488E-028   6.2575479410920858E-026  -9.6837390346510272E-017  -1.7428505754408066E-016  -1.4930911555149600E-016  -1.7118487653124250E-013  -2.9253762629634490E-027   1.3547029428680221E-028   1.6512386877753402E-029  -1.1105284056847155E-027   1.4686785537109952E-028  -8.7374570190805093E-028   1.1355409942142157E-028   3.0806474045603001E-029   1.1937458221564532E-028   1.9708721258650143E-028   2.2100185282368395E-025   3.2013330531633810E-028   2.6297890400488048E-028   8.6752502060805549E-026  -1.0365285945042936E-028   4.5140719767065929E-026  -3.4507397978425051E-017  -8.5175625257762775E-017  -5.3092904394633279E-017  -9.5192625622273901E-014  -1.4491933007201288E-026  -6.6612277647155286E-029   3.9933869367331569E-029   2.3648914546369375E-027   6.9790210071136028E-030   1.8993630413323949E-027   3.3853331262875659E-029   3.8661499775432636E-029   1.1440063238537888E-029  -3.0610785687505256E-029  -9.4226092954718799E-027  -5.1765394959807425E-029   6.7772875245288597E-028  -7.5747627947327487E-029  -9.1888237004994286E-027  -1.3093270834217242E-027   6.5982504091793036E-029   4.5843707739123508E-029  -7.7858658563677240E-028  -6.3331212030911401E-029  -8.1577674354477964E-028   3.7059116626037636E-028   5.6983241319438923E-030   1.1868461964372693E-028  -1.3900594396974567E-029  -3.1110850859998480E-025  -1.0701630343370897E-028  -1.5512134625781139E-028   1.9999678942831990E-025   3.2667119734215067E-029   4.3895576425283764E-025   4.9005501011667877E-016   5.8721226860853103E-016   7.5703025334333713E-016  -2.8253552469746457E-015  -8.2947638164871680E-019  -2.9134673801733173E-018  -1.2720062135002490E-018   3.4376459447468799E-015   4.1605453855690679E-015   5.3102266514301907E-015  -1.2418629800437859E-026  -5.1304217620934321E-029   6.3947892054242970E-029  -2.4293844457722255E-026  -6.6582016575105182E-029  -3.2058543354695101E-026  -6.2653921371505458E-014  -3.2134525372626505E-014   1.3744380199384507E-014   1.3916812375670899E-014   1.9864551675981102E-014
  0.11826367688427605        7.5798111273587951E-016   1.7946192645077678E-015  -9.6839873398135491E-015  -2.2148888587020526E-016  -1.3319538988098694E-017  -5.3184386213772365E-017  -1.2148733073503448E-016  -1.5889981633625941E-018  -9.6837390346510272E-017  0.10610987272604931        6.8003909622979998E-017   1.8979189925953481E-015  -2.4051926466466377E-014  -3.2460148920673523E-014   7.7509739386083334E-017   1.1326155985397096E-016  -1.5235007183057984E-014  -3.3930267828504137E-017  -1.4940221234726852E-014   2.2276080098923044E-016   1.1039648583596229E-016   8.3434736840787206E-017   2.2603490480053539E-016  -1.7854529143669101E-016   2.4901214926535539E-018   4.8038590275578864E-017  -3.0473732089788349E-016   1.3395394860745231E-017  -2.7713018154425833E-016   8.0134915822493213E-002   5.2841637105874391E-016   9.4469480648768329E-016  -1.3695880608547459E-014  -3.0231080478355001E-017   2.5630177706201715E-018  -5.0025738075125845E-018  -1.8545242929589611E-018  -3.4536419310378270E-019  -1.5203386991452238E-018   2.8555829188671715E-018  -4.0012280225942222E-018  -3.9195242913242127E-018  -5.0130344710761456E-018   3.2524368499927939E-018  -4.6913636919129180E-019   6.2864090805904262E-018  -2.6135367504798055E-018   1.2269531534631911E-017  -3.7909030303814250E-014   3.5534112779715696E-018   7.8808063098857651E-017  -1.6262430989844226E-014  -6.2325753850508858E-018  -1.6407739902871996E-014   2.2783190245601683E-017   7.5305838254870955E-017   1.4866034977482244E-017   1.9782323264673527E-016  -1.4242283004237863E-016  -4.2743279961715601E-018  -1.8428078402254960E-017  -1.2277202795397321E-016  -6.6494276737425629E-018  -1.4080088883825579E-016   3.7964309995573717E-003   6.9287740520115076E-016  -1.5893715474452709E-015   6.3995330075170330E-015   3.5150531353376449E-003   1.4732296445537082E-017   7.1471347431628178E-017  -4.9243768931216188E-002   4.1842020545277619E-015  -1.3692802377746168E-014   1.4886914816266639E-017  -1.2680606805683975E-018   2.4096235247275996E-018   1.8699567958548492E-017  -6.9291713797908120E-019   2.2558467890748046E-017   2.3403974279307666E-015   5.9185866839675473E-017  -1.1110959285775251E-016   5.8229283743317675E-017  -4.8678009800560608E-016
  -7.0461844331556176E-016  0.11826367688427122        1.5951851612381082E-015   1.8360597500886362E-015  -1.4067106869262009E-016   7.1158272968210515E-017  -5.3282348894862567E-017  -2.0955423738751568E-016  -5.5337251962914966E-017  -1.7428505754408066E-016   6.8003909622979998E-017  0.10610987272602518        2.0238765404366790E-015   6.0126286454825994E-015  -6.3511705754788927E-017  -1.4260555454082727E-014   3.6429321801937046E-017  -3.8859173055795186E-017  -1.3293320270340533E-017  -3.8267676790554883E-017  -2.7960539514429625E-014  -1.2768134030610568E-017  -1.3477742195985546E-014   1.4353831707711363E-018  -1.0263672223104774E-015  -2.3474536441481678E-016  -7.3951692982921068E-018  -8.6576977600618716E-016   1.0083537065786001E-016  -1.0156289328402859E-015  -9.9949701952458912E-017   8.0134915822464056E-002   8.0229873851717073E-016   2.9942358631252999E-015   1.5130047923083392E-016   7.8292203561921899E-017   2.1627483401530479E-017   4.6402332595180517E-017  -8.5586545281321700E-018   9.2127163527412959E-017   8.2674989312902555E-017   1.2371892038032874E-017   3.0164137039292777E-017   2.0072574304783824E-017   3.1787986668030829E-017  -2.4306804489475236E-017   5.2882807418959384E-017  -2.3205830845522144E-017   1.7513224203684094E-016  -2.2575853088559760E-016  -1.2616803874946871E-014   7.6893872733505967E-017  -1.0010734067090460E-016   2.6448611791158546E-018  -9.3955514909091062E-017  -2.8960452917115405E-014   7.2721741122329108E-017  -1.2600587030263694E-014   2.5157877120855124E-016  -7.2142613194458954E-016   3.0857211357073922E-017  -1.6236195447812714E-017  -7.1641445666716170E-016  -3.3308501738668212E-017  -7.2314237982166608E-016  -5.2449687989810512E-016   3.7964309995553430E-003   4.0692214378080427E-015  -5.5558941314782935E-015  -1.1141146392292962E-017   3.5150531353376024E-003   4.6684590696797301E-017  -2.7746933321337215E-015  -4.9243768931265169E-002   2.5948885383997345E-014  -1.3773286560354372E-017   1.4241747602812512E-018   4.2174078899926453E-018  -1.2725524605215821E-017  -1.8723896934614223E-018  -4.2399954756706134E-018  -5.0857114290196156E-015  -1.1331873324394881E-015   9.8761625668459758E-015   9.6885449388747532E-016   3.8893140266392277E-014
  -4.5917899572660399E-016   5.4342274418271374E-016  0.11826367688425485       -1.7983740044597182E-017  -3.4137138506700526E-018   6.8247665147979238E-017   7.6932933337573105E-017  -5.5388221667156129E-017  -3.6203128419941971E-017  -1.4930911555149600E-016   1.8979189925953481E-015   2.0238765404366790E-015  0.10610987272599266        2.5116688106069021E-015  -7.1752754033946390E-016  -1.3524323333130861E-016  -1.1407646178652864E-014  -2.9864501080239114E-016  -2.5817819069694065E-018  -3.1671472918510941E-016  -2.6153661613617992E-016  -1.1243768386944372E-014  -1.7906925136474655E-016  -2.3187876523786754E-014  -8.7533741447398214E-016  -2.6660805330127981E-016  -1.3134538377438181E-016  -7.6002910806362249E-016   1.0211200302233826E-016  -5.5467394886116281E-016  -4.1429240261836312E-017   5.7891435454029148E-016   8.0134915822458269E-002   3.1006083309439738E-015   6.5552797354124990E-017   1.0489916225067770E-016   2.5740209943130613E-017   2.4266534467419307E-017  -1.2170254538682992E-017   1.6245576383743552E-017   9.4604207265174751E-017   1.1188658070402434E-017   4.8945700267877543E-017   2.7758922351760953E-017   1.3548280450284009E-017  -3.0347494688576861E-017  -1.4202875493774339E-018  -3.1219749007728988E-017  -1.3070110325514141E-017  -2.7824816309194921E-016  -1.3123484793938712E-016  -1.1607959773166797E-014  -1.3091651132554117E-016   3.9598019438497537E-018  -1.4356969787208063E-016  -3.2231549081194860E-016  -1.1908528005777832E-014  -1.3568047404561340E-016  -2.6723658605920000E-014  -1.0974915846793355E-015   3.7382478115928673E-017   2.9535905213412389E-017  -1.1166470017230326E-015  -2.2903068844099506E-017  -1.1539567832879481E-015  -2.0102849184262441E-015  -2.5385857394186218E-015   3.7964309995626149E-003  -2.4468846436587570E-015  -2.3294252972642594E-017   3.3947175226053496E-017   3.5150531353368426E-003  -1.2660523267575668E-014  -1.7493930073209658E-014  -4.9243768931204017E-002   1.0531954459557647E-016   3.3941308006635835E-018   1.3422489885134274E-018   1.0513473144364141E-016  -1.3016311643292154E-019   1.1243656484600164E-016   7.8437374610825075E-016   3.0961739188618010E-016   1.0613978651594314E-015  -5.3982650281689738E-017   4.5952179848663986E-015
   6.1156316806289162E-015   2.0189232368469292E-015   2.1314409401864011E-015  0.30701664103946702        6.9807019534653011E-014   1.3645650097681089E-015   5.6615431484288085E-016  -1.4230887783415139E-013  -6.3983292292442418E-016  -1.7118487653124250E-013  -2.4051926466466377E-014   6.0126286454825994E-015   2.5116688106069021E-015  0.79351246734009440        1.0627997029651404E-014  -1.2382281164952015E-016  -2.8746496353319271E-017   4.8983616794418729E-015  -2.4256654483255929E-016   3.9567120965607542E-015  -3.7780161822377973E-016   2.1781411298904983E-017  -2.7798432914125863E-016   5.1810538108610694E-016  -5.0137550913880708E-013  -6.4087193876805983E-016  -3.8198412953417151E-016  -2.5493665559115030E-013   7.8055604650541909E-016  -2.8542135729619842E-013  -2.4538925779488623E-015   7.0249904026825674E-016   4.2292687326469802E-016  0.41477007022189166        7.3482084450431445E-014   1.8991076987263062E-017  -2.5581075469531813E-016  -2.6429759459872371E-015   1.3920278178890576E-017  -2.6080400936117398E-015  -6.1172002375526575E-017  -2.2945975536469776E-017  -2.2723105408605362E-016  -3.7858153900050749E-017   5.5954904306635836E-014   1.3257287191082289E-016   1.4789416917892397E-015   1.3592059396297096E-016   5.6053098562273348E-014   6.4331387330812959E-015  -2.6098611955509777E-016  -2.4183038413708178E-016   3.1507797852007757E-015   9.0840172923777687E-017   3.0943423123085416E-015  -1.0157536385884073E-015  -1.4981644004740658E-016  -2.8771561060844178E-016  -7.8592312573527673E-016   1.1668622333279641E-012   3.0523163617034199E-016   2.0203925082341132E-016  -5.6715532196075204E-013  -3.7273947333474990E-016  -1.2550568261380578E-012   2.1139973701083987E-015  -3.4385477887430857E-015  -1.8713161168301097E-015 -0.34719381177171582       -4.9820689331386832E-016   1.0436228307908071E-015   1.5852220448462804E-015  -4.4149877513609357E-015  -3.6607536184454496E-014  -3.2591501615666845E-014   1.2726176741465786E-014   3.4683096132487213E-017  -2.9411764576185393E-017   2.4750389371120160E-014   9.0767391536261421E-017   1.1959974867599148E-014 -0.29709770132307378       -9.2563383168872221E-002   4.3296318748230984E-002   3.6693624200047355E-002   7.6773243104736280E-002
  -3.6192341493162665E-014  -7.0792543343818612E-017  -7.9982196694146744E-016   4.1350198528044801E-015   1.2662765996273410E-027   2.2291290424993875E-029   2.9719386294861314E-029  -2.1498696916496807E-027  -1.4198735625468229E-029  -2.9253762629634490E-027  -3.2460148920673523E-014  -6.3511705754788927E-017  -7.1752754033946390E-016   1.0627997029651404E-014   1.0283321162660999E-026  -1.0979456946147713E-029   5.6119573596621720E-029   4.8034676024816961E-027  -5.1829392935121963E-030   4.6984561282182435E-027  -1.4257923743226253E-029   4.9303420854927285E-029  -2.0586947899568222E-029   8.3687401396195555E-029  -9.4761618369677249E-027  -1.3341250811883470E-029  -1.7018662961031671E-029  -4.1255247103871165E-027   7.3844416873891070E-030  -3.2499816903180764E-027  -2.4711200899311938E-014  -4.8050712347243329E-017  -5.4339256425030029E-016   5.7077422717872870E-015   9.7257726465137921E-028   1.1178862335460898E-030  -1.0791206228275210E-030  -6.7596445366975883E-029  -1.7294628565573600E-030  -6.1219763391967823E-029   6.5632124728091768E-031  -3.6661838949361967E-030  -2.5882444834109868E-030   2.2943047105709851E-030   6.9548403552168733E-028   5.8822957450068122E-030   3.4632677770982648E-030   3.3221647509345925E-030   6.8426933970008623E-028   1.1823343381138926E-026   7.1206493534303976E-030   4.7998218245626764E-029   5.0929963532554610E-027   7.6643371020574301E-030   5.1414720739894618E-027   5.5217453265074562E-030   5.6229750050146528E-029   1.1184346560094207E-029   1.2725188835623305E-028   1.7363007784515506E-026   1.4296511770720330E-029   4.4064184612219330E-031  -9.3785923099285080E-027  -2.3976753772126173E-032  -2.0955660560905021E-026  -3.6793827045941845E-015  -3.3741139437404141E-018  -4.4975303570051417E-017  -2.6270140898046498E-015  -1.0874275033175248E-015  -2.1092329331117111E-018  -2.3862234567131387E-017  -2.2459097079475822E-015   2.1900543453061637E-017   2.0029090244509272E-016   3.4755064787298892E-028   2.4334385885866561E-030  -1.9455179544140768E-031   7.4369246456695216E-028   3.9657745321201327E-030   8.4702376679098818E-028  -6.5573713406834818E-016   7.4255530018607933E-018  -9.9415048011249601E-016  -9.1395234570403507E-017  -3.9891592804322189E-015
   8.6043343814280655E-017  -1.5895952943226946E-014  -1.5302581549087090E-016  -5.0656938772540896E-017  -2.8001393822240186E-029  -6.7203083604566095E-030   1.0724122271280952E-029   9.6237069924667216E-029   7.4348144677000937E-030   1.3547029428680221E-028   7.7509739386083334E-017  -1.4260555454082727E-014  -1.3524323333130861E-016  -1.2382281164952015E-016  -1.0979456946147713E-029   1.9261458586460672E-027   2.5803264382989177E-029  -8.4001627752615851E-031   4.0462872942324222E-030  -2.2826014460805987E-030   3.7738217493777088E-027   3.2070089270270800E-029   1.8216962447314576E-027   5.7838023036269786E-029   6.1447433568722118E-028   2.8880294180443022E-029  -1.6173018402887407E-030   2.6315206183529892E-028  -1.1393512318681538E-029   1.2850601382109896E-028   5.3761519047276502E-017  -1.0797348962952529E-014  -1.3391323936127971E-016  -8.4226146173333043E-017  -1.8172985271158031E-029  -1.4718804216567874E-029  -1.9526519256245958E-030   3.4588951985899675E-030   1.5373140939032010E-030  -2.9215625449970418E-030  -8.4844484025659478E-030  -1.1386549706352619E-030  -3.8826080847230871E-030  -4.3620576382134176E-030   8.7830885515982406E-031   3.4544378413231061E-030  -1.1013833223279702E-031   1.4582528995622993E-030  -1.4784578919329280E-029   8.5388250328231367E-030   1.7003098031607982E-027   1.6260437729670031E-029   2.8507125622856571E-030   2.6722353065238792E-030   3.3672116719137295E-030   3.9011800105991242E-027   1.8111608357979004E-029   1.6932325064895218E-027   2.7024553688816658E-029  -2.7560046616008020E-028  -1.5906942856617551E-030   2.5038818138827156E-030   4.9297601414085156E-028   2.9470646161059643E-030   9.1712258784861372E-028  -5.8230238303837756E-017  -8.6386769861022676E-016  -4.1085642601247091E-016  -2.2329117765746488E-016   2.2736368950583842E-018  -4.7410722261271623E-016  -6.4368549563658011E-018  -4.5533937643763888E-016   4.1869139561541699E-015  -2.7284078181278162E-015  -5.0349234916510525E-029  -1.4452591119179953E-030  -8.3555642733590557E-031  -8.7824461815026678E-029   2.3049032727357654E-031  -1.2367931777912753E-028  -4.0029226866770990E-016  -1.9764197589355271E-016  -1.5714916150210501E-016   6.8730986795865151E-017  -8.5540001437335991E-016
   1.2500351799861895E-016   3.9616323041299356E-017  -1.2721273461595935E-014  -1.2301109714891394E-017  -3.0298607888117280E-029   2.6883216272548513E-030   9.7304400886434250E-030   9.6367802479060234E-030   4.0522242743682953E-030   1.6512386877753402E-029   1.1326155985397096E-016   3.6429321801937046E-017  -1.1407646178652864E-014  -2.8746496353319271E-017   5.6119573596621720E-029   2.5803264382989177E-029   1.2723216974836744E-027   2.8649206847048439E-029   3.5978025728234492E-030   2.5018384418409701E-029   4.3818187763878539E-029   1.2557584724446286E-027   3.3009502651920816E-029   2.5764088951806308E-027   1.6043592630496132E-028   1.7673007837572803E-029  -6.5117128097950023E-030   2.9958592455496093E-029  -7.5797619148213751E-030  -2.4590187447571741E-029   6.8468052719639016E-017   1.3846193779433971E-017  -8.7121575942886324E-015  -2.2601411864200126E-017  -5.7819701672338182E-031  -2.0298170313302335E-029  -5.4729445140943838E-032   2.6242684273914494E-030   2.4820686487413028E-030   4.0961254331001425E-030  -2.3647566273581970E-030   4.4708685770309928E-031  -4.3675041243710551E-030  -5.8728971667504418E-030   3.1752475960883506E-030   3.6217028297840646E-030   3.5426594916038095E-030  -4.4691710283192839E-031   1.2296109611036123E-029   6.8081048158437177E-031   1.7014755807093471E-029   1.2812972256904143E-027  -5.1765977979381974E-031   6.7770831785136992E-030   5.0650089666793407E-030   4.7491526191816791E-029   1.3158276624255350E-027   1.0651087054244436E-029   2.9483257360162139E-027  -7.9173611467623574E-029   3.7715783820277651E-030   5.5586192736490919E-030   1.7448370542780132E-028   2.5065543348753849E-031   2.9043377592625145E-028  -2.1402810292499999E-016  -1.7330393066682840E-016  -1.6478416693971064E-015  -8.4149565659701092E-017   2.7009723958281981E-018   3.6529525625150861E-019  -3.8387031248458606E-016  -1.5517584098482274E-015  -1.2172456901776229E-015  -3.2282046453971881E-015  -9.0921739977276600E-030  -2.6523820505226763E-030  -1.7887455583610542E-030  -2.3919941837767375E-029  -1.7492320377551692E-031  -3.5098920315983041E-029  -1.4999011621201652E-016  -4.7938915565229920E-017   1.4807817194613774E-016   2.7649875973103592E-017   5.4816975930782873E-016
