   9.4494029775223018E-002  -4.2024554026232846E-008   2.3182540140844253E-009   1.5057930791928845E-007  -9.5743916390942839E-010   1.1177066757821451E-008  -9.4433154131258180E-009   5.6795102614768198E-010  -2.6107764241479588E-010   3.8949683565292660E-010   9.1353678536852903E-002  -5.7511055629432245E-009   2.7467078911277936E-010  -6.1792056262963608E-008   1.4235984785562630E-011   2.7731955058946110E-010   2.0782975435452281E-010  -3.5342914198286720E-010  -3.0344512486147327E-010   3.3433178996125717E-010  -5.7586608863760864E-011  -5.2279186430237401E-010  -2.0006107808827617E-010   2.3476121004406922E-010   8.9630932224972454E-002  -1.8666931531712193E-008   4.6619297214117599E-011  -8.7989637971996125E-010   1.8605474174665084E-009  -5.9261826620493496E-009   2.9373511847772901E-010   1.0519896998028475E-010   5.8620294540355649E-010   7.9101087906008502E-008   1.9301634330985848E-012  -5.0304323102011685E-011   2.6343359858481033E-012   2.8101357716865208E-011   1.9301140970631385E-012  -3.1489856983287508E-011   3.0108077153050445E-011   5.0277328012342399E-012   2.7096178611491878E-011  -6.3817687005031478E-012  -1.8921458387743538E-011  -2.7713533427160218E-012   5.1374132718056602E-012   1.3327385645947553E-012   1.5002152045959332E-011  -5.6145253614740698E-009   2.6496782657441297E-010  -9.3998462772924318E-009   2.8997824459531281E-009  -3.6450242849278386E-011   2.7148210643505350E-009   3.7467944436119562E-011  -6.8874402802377251E-011   1.0223252904407366E-012  -2.5482074582318549E-012  -1.0995431573542229E-011  -4.7685566030111938E-011   3.8782640855974970E-011   1.9828992528173769E-011   1.6838723552541847E-011  -1.5539047978676074E-011   2.0988719444552401E-002  -1.8437429693829449E-009  -2.2180648069722381E-010  -3.4882452473695618E-008   2.4778774624012776E-009  -8.2616570858097841E-009   7.1592490778847553E-009  -5.5476414353354579E-010  -9.4354761141907517E-011  -1.9231137919602412E-009  -5.9882639731486907E-002   1.0822640922950831E-008  -1.9867458219860448E-010  -2.7793187449826690E-008  -1.2113896438313584E-002   2.0170681555318313E-009   2.0537629652007988E-012  -7.6764499121084108E-013   2.9230084720036336E-011   2.9143035899794653E-011  -2.4757382780243080E-011  -2.5306387988051948E-011   2.5797324314730856E-011  -9.6071009217991494E-012  -3.4832699481945499E-011  -1.6341702294031590E-011   4.2415269558562140E-012  -1.2265283185154335E-008  -4.9434541420579403E-009   3.3240105637037421E-012   9.1168193191177106E-013   6.5052574360103824E-012  -6.4428603713206967E-012  -6.0533365071005819E-012   1.9889749263847958E-012   1.0574561550753456E-012  -7.5540434028179898E-012  -2.3305860975300212E-012   7.8203203861903473E-013
  -4.2024554026232846E-008   9.4494002959219309E-002  -2.0467681137999350E-009   1.1956490670464883E-007  -6.8126382371827090E-009  -9.2689009435623283E-010  -2.2839855173750984E-010   1.3362118965890184E-008  -9.4872108846165452E-009  -6.5494876254312282E-009  -4.2100831618916852E-009   9.1353675210365554E-002   3.4177885134520188E-010  -5.6476292915692236E-008   2.9095452532937102E-010  -2.5179617390004864E-010   1.0003712406040065E-011  -8.5911373177375209E-011   2.1686885845026211E-010  -3.0443792112459146E-010   2.1175390120333574E-010   1.6522062077562515E-010  -3.2271422337375515E-011  -1.3060699830155072E-010  -1.7800516711947484E-008   8.9630920728303559E-002  -3.7354950719552034E-010  -6.2761387324394598E-010  -8.5602470972257158E-010   5.3597912587335255E-011   1.6649556125879130E-009  -5.9024964126282636E-009  -1.0373731521694853E-009   3.3586343083366565E-008   2.3141617934970376E-011  -3.9673936335806650E-012  -2.8966061280991347E-012  -4.8631931336019823E-011   4.2257823220568092E-013   7.9802627442670787E-012   2.2705633340594019E-011   6.4691042342770011E-014  -2.5140008793912085E-011   2.8483682318548309E-012   2.0916307990304217E-011   2.2747811739364150E-012   1.1890027616810570E-011  -2.5898286356059358E-012  -1.1311112530598941E-011  -4.5176709123588191E-010  -4.8049375391730013E-009  -2.8862461237141424E-011   6.5341535138587719E-010  -9.3999482253560883E-009  -2.0169779001598474E-010   4.0784989170460034E-011   2.3715541132746957E-011  -6.2529827973389825E-012  -8.1296225133168587E-011  -6.4318910458732672E-012   2.6583047773708674E-011   1.6519097683426865E-011  -1.0590584131110470E-011  -4.5837311656606301E-011   1.2553686063405643E-011  -1.4991477924363052E-009   2.0988718440242384E-002   2.0823157482020100E-010  -1.8577401149553243E-008   2.7360624349129636E-009   2.7172367141066801E-009  -9.5340052891825406E-011  -7.2408454510924645E-009   7.1379090393723859E-009   4.5047835529812534E-009   1.0130728316698028E-008  -5.9882633061074268E-002   1.6934837754613191E-010  -9.1637185920841874E-009   1.8708660335968279E-009  -1.2113895211640640E-002   4.0207196825532290E-012   1.8255941447719251E-011  -2.1609004099590187E-011   1.7398732098558838E-012  -3.6289385607118799E-012   2.3994502195729726E-011  -2.0862250741231357E-011   1.6107871544797765E-011   2.3437485156423791E-012   1.2392355761648874E-014  -3.0436365439476081E-012  -5.1930916947227887E-009  -2.3776072352499250E-009   8.2292003693580207E-012  -2.8980624490841221E-012   1.0691437880525459E-013  -8.1155778979149960E-012   5.1173508157374374E-012  -2.9241830916007607E-012   4.8330557718640299E-012   7.5823049968549333E-013  -3.5800558272203580E-012  -6.4460615219540279E-013
   2.3182540140844253E-009  -2.0467681137999350E-009   9.4493971437229735E-002   2.5729064687004981E-007   5.7079734168426624E-009  -3.3307800379858634E-010  -1.0935768083379265E-009   5.6321760056845798E-009   1.1542602972533857E-008  -1.1340150675622108E-008   1.4921512644831317E-009  -1.2846401012580471E-009   9.1353671439689060E-002  -8.5550513571387479E-008  -1.3716614554969985E-010   2.6846973882952070E-011   2.7211801132186813E-010  -5.7701735069398765E-011  -2.5864047002465042E-010   2.4173035069712746E-010   1.0761155261524215E-010  -8.4206998229451473E-011  -1.7122676097756009E-010  -1.4009757435419232E-010   6.5821054182537283E-010  -9.6251200065615403E-010   8.9630907095950549E-002   3.3396350302874939E-009   8.0377475294048395E-011  -4.9819803314023342E-010   3.3753797454589053E-009   1.3993376522575026E-009  -6.7150205005869119E-009   1.2076109999743169E-007   9.2389163604620438E-013  -1.2969841374759907E-012   1.1919757392639926E-011   2.5573940371093770E-013  -2.9984488880182710E-011  -1.8781822276967805E-012  -1.4044271468528258E-012   2.1083185114610553E-011   3.6243582571457568E-012  -2.7634289120754366E-011  -1.2474869190395128E-012   3.1133939305675042E-013   1.9358764801713090E-012   2.2037872619358743E-011  -3.2542834649870102E-014   5.4817857580001942E-009  -7.5077519192586061E-011  -5.0321455901478671E-009   5.4665260038579659E-009   5.7904296249818663E-010  -1.0948319184743394E-008   5.2144568884061410E-012  -1.7157135477139894E-011   4.7688099200770189E-011   4.3120930214247289E-012  -6.0023176066375920E-011  -1.1307604017188712E-011   5.7535851311872911E-012   3.9617912689165133E-012   9.4337474225867805E-012  -3.8514104119518133E-011   1.7655194994564627E-010  -1.9977946386621026E-010   2.0988717182306146E-002  -5.2886477719008726E-008  -3.9676594139531003E-009  -1.5443443633778753E-010   1.1100506538537943E-009  -3.9794142216519308E-009  -6.1594322218836103E-009   7.9470730596174595E-009  -7.9340558592427666E-010   8.3003365361330555E-010  -5.9882625190344492E-002  -5.1809086933938096E-008  -1.2756078836534524E-010   1.4350290420913604E-010  -1.2113893754865322E-002  -1.5838574378256670E-011   1.1076872210458563E-012   1.8645958277221848E-011  -5.4034942115885189E-012  -1.5524445022731811E-011   2.6653474978898434E-011   1.0261324413455937E-011  -9.1645172785890251E-012  -1.4874993854210868E-011  -7.0681892244375604E-012  -2.1777808411373032E-008  -8.8048109031719624E-009  -3.1787130460276748E-012  -5.5981199159117155E-013   8.7820107412483904E-012  -7.6856789351984217E-013  -8.8532469135032314E-012   5.0334500751449712E-012   2.1913349073808414E-012  -1.3088513723024560E-012  -2.3799009313214436E-012  -5.5694705191240987E-012
   1.5057930791928845E-007   1.1956490670464883E-007   2.5729064687004981E-007   5.3684691542424917E-002   2.7179762015590169E-009  -5.4414080997155789E-009  -6.7584305899628519E-010   5.8067278862705817E-010   4.7409536794857078E-010  -3.2986529354812631E-009   9.8896018423534804E-008   9.1049589575833739E-008   1.6524472754207963E-007  0.19405872264956919       -3.1093672259449966E-012  -2.6829583729301042E-010   1.5879808907383472E-010   1.4554144051550118E-010  -1.4124331925115091E-010  -1.4135480269488654E-010   1.1050588760745719E-010  -1.9165723753311755E-011   1.2003671242269156E-010  -1.0407563544571088E-010   8.9898782094348346E-008   6.7725878315915736E-008   1.2331688684333936E-007  -2.9277676818545022E-009   4.9075784451886978E-009  -9.2876542960916905E-010  -1.8018328953122666E-010   6.4725402015583135E-010   3.1079590940163870E-009  0.17051312797908480       -6.1608842579792931E-012   3.8700096628089551E-011  -1.2335144200597784E-011  -2.6760287715815245E-011  -9.7872820589962264E-012   3.7536324256736562E-011  -1.1494584058632428E-011  -2.4321604815881640E-011  -3.6499963876577501E-011   3.0463492670303790E-011   3.4931148936255575E-011   2.3250421199848146E-011  -3.4623823225413085E-011  -1.5955448146564124E-011  -1.6753808779833363E-012   1.2511655774094890E-009  -2.3301372264500856E-009  -4.9077865487512021E-011   1.7325836136614802E-010   9.7332647419790626E-013  -1.4246850585216865E-009   2.3092043428509557E-011   1.4415901599865399E-011  -2.7391434219861378E-011   9.8707097282998665E-012   6.1060520519905371E-011  -4.0837402376271643E-011  -1.7872337014945810E-011   8.2453824776904737E-011   9.5688347849294511E-012  -4.1040177673989355E-011   1.6180726808499317E-009   1.2866746384308785E-008  -3.6974576434721829E-009  -4.0832177000319061E-002   2.3383448697110617E-009  -4.2097429415695250E-009  -2.6918026482053323E-010   3.6915199270048159E-010   2.2772247217066330E-010  -2.7074921057145470E-009  -5.6778460372846428E-008  -5.0962305788632909E-008  -8.2071828542768912E-008 -0.14485402840098677       -9.7271171670384782E-009  -9.8057089408985525E-009  -1.3976356825675068E-008  -1.9505885322333668E-011   2.3906751685020304E-010  -1.3530041680028112E-011  -1.0049082313588195E-010   3.5000627265400462E-011   1.2666527685688139E-010  -9.9521525411623326E-011   3.3574781006529357E-011  -1.0554317570956899E-010  -1.4940004701125219E-011  -4.4321275265222816E-002  -1.5512070272835491E-002  -4.8143396461717339E-012   7.3430220705099943E-011  -5.3793897429796293E-012  -2.9303617165529890E-011   1.3737155640172198E-011   3.5764718622125354E-011  -3.1267466947160081E-011   1.5603906018321985E-011  -3.1480189576619427E-011  -7.6206123583892108E-012
  -9.5743916390942839E-010  -6.8126382371827090E-009   5.7079734168426624E-009   2.7179762015590169E-009   8.3218222663954862E-006  -1.3199180363370262E-012   4.9201698495346585E-013  -4.1609122894590760E-006   5.3228875134110679E-013  -4.1609099765017247E-006  -9.0909535946440562E-010  -6.5943438200489263E-009   5.5086089001003942E-009   9.7955959719555853E-009  -9.4420343319379398E-013  -5.6403626012343412E-012   1.4725835240214871E-012   6.7318308246553214E-013  -2.1372609518160233E-014   5.9360124099273734E-013   2.9613226449155995E-012  -3.6457759423488695E-013   1.6673404521186154E-012  -8.2586168350007428E-013  -9.2977858184312203E-010  -6.4369925481145536E-009   5.4346471494713699E-009   1.1490411793537670E-004  -6.1102647542934565E-012   3.7604044157381865E-012  -5.7452064793847023E-005   3.4775908143751970E-012  -5.7452053138974833E-005   8.6210894383967168E-009   1.2300678163434008E-012  -1.8022802988077795E-012   6.2325163503991824E-013  -6.1442438285370825E-013  -4.4794137540393782E-013  -1.5465109748768656E-012   1.3265324615208060E-012  -3.5620056396167879E-013   6.3828512192973196E-013  -3.5775570169192774E-013   1.7078036942653094E-013   1.3833357475639637E-013   3.1426302354565578E-013   1.9554114586427397E-013   7.0140874197886506E-013   4.9277913070651120E-004  -4.1535999750383856E-011   1.7940678898674623E-011  -2.4638959965896725E-004   1.9030762813478723E-011  -2.4638953104294439E-004  -4.3470656305636546E-012   5.4300761603020970E-011   3.2341800683726462E-012   2.9497170422577341E-012   3.3028854316037080E-015   2.8824810829661720E-012  -3.0203747866833726E-011  -8.0155699383550147E-013  -1.3778175050822768E-011  -1.8131755587575336E-012   2.7744980374048002E-011  -1.5563424417634973E-009   1.0772729507611522E-009  -2.0268715914563196E-009   3.7450260314621123E-003  -3.1169811898004853E-010   1.2704258135763980E-010  -1.8725132794849230E-003   1.3430610766118504E-010  -1.8725127519750708E-003   5.0120750161908863E-009   4.3918861801172720E-009  -6.7101247007726647E-009  -7.2160669669675305E-009   1.1829636615061470E-010   8.7926313606062321E-010  -7.2650365175251246E-010  -4.8023321440721731E-011   5.0190384409735113E-011  -6.3646274136591225E-011   3.2243105791205260E-011   1.0857301913500074E-014   3.2186936314483389E-011  -2.7892977113628408E-011   1.5867935913737441E-011  -1.2768028246145732E-011   3.5611869505036758E-011  -2.1780359036980346E-009  -7.8469462268710171E-010  -2.9354637882777802E-011   2.4091338792894969E-011  -3.0002811286541523E-011   1.9704536549687756E-011   5.3669344325207260E-015   1.9678840109633371E-011  -1.3398627450798384E-011   7.4617553297803903E-012  -6.1151933752909542E-012   1.6801107727539970E-011
   1.1177066757821451E-008  -9.2689009435623283E-010  -3.3307800379858634E-010  -5.4414080997155789E-009  -1.3199180363370262E-012   8.3218217411886822E-006  -4.4738003967891276E-013  -1.6166329119681205E-012   8.4335956044277839E-013   2.9365541723930608E-012   1.0825299025986826E-008  -8.8261091407638446E-010  -3.2155411660994475E-010  -1.9621616406874426E-008   4.2272267137429367E-012  -1.2076375702655263E-012  -3.2632526017104355E-014  -6.8036005180092512E-012   1.2266050210598989E-012   1.1321875558502503E-012   3.1721835682896685E-013  -1.4786531981467974E-014   7.8205532872755547E-013   3.5335125656543768E-014   1.0579544714432750E-008  -9.0129876339316057E-010  -3.1500512039159625E-010  -5.2877540810645113E-012   1.1490411377764719E-004  -2.8750588799913038E-012  -8.3243944282364713E-012   5.9222367320213087E-012   1.3612193795530784E-011  -1.7253224137984742E-008   1.1073705309811833E-012   1.1255140661051977E-012   1.9311280771843774E-013  -2.1757191571006778E-012   5.2588538966786980E-013   2.3049295504046439E-013  -4.2488660279852677E-013  -4.5771688602968274E-013  -9.4006355073864014E-013   1.4804804215438664E-013   1.0932913377946848E-012  -3.2918297657330946E-013   2.5522447363599467E-013  -6.2788988221685725E-014  -2.7650701066524478E-013  -3.7992486102644936E-011   4.9277911603861995E-004  -1.4013583330435997E-011  -4.9735883192911814E-011   2.9318146855254772E-011   8.7728485613186611E-011  -3.5565156087653352E-011  -4.0383591522193370E-012   5.6255609190627178E-014   6.2889504284458004E-011   2.6871089757167230E-012  -1.5173830650035279E-011   2.5886841612362375E-012   6.1028349192643273E-014   5.6528039779664189E-013  -8.7423204930331457E-014   2.5967779604446652E-009  -3.2957431019365777E-012  -7.1990306686216316E-011   4.0789042665914983E-009  -2.8368974689970990E-010   3.7450259127322937E-003  -9.7741697573175542E-011  -3.7869716458335955E-010   2.0900460592681363E-010   6.6238690585133242E-010  -7.0525166696289961E-009   4.3834520024748479E-009   2.2101402377541810E-010   1.4497977317787442E-008  -1.4500679680339149E-009   1.1602107913985899E-010   4.2369106578850316E-011  -3.2998813723633480E-011  -4.9182661058439421E-011   2.8827170530391456E-015   5.8211700046726603E-011  -5.3008609262650871E-011  -1.3939134265439200E-011   2.7860718536087892E-011  -3.3057092585380845E-015   1.1803583584745977E-011   3.1373732505938262E-016   4.3917260896433324E-009   1.5702766424466993E-009  -1.5803901361225873E-011  -3.0138115118055103E-011   4.3365756469679294E-015   2.7926089839007336E-011  -2.4975900459929771E-011  -6.7229238447409165E-012   1.7005204127975709E-011   3.5261627199849947E-015   7.3232364371592127E-012  -5.8629847635022470E-015
  -9.4433154131258180E-009  -2.2839855173750984E-010  -1.0935768083379265E-009  -6.7584305899628519E-010   4.9201698495346585E-013  -4.4738003967891276E-013   8.3218201862894217E-006  -6.4025663430274692E-013  -2.7391279070991858E-012   1.4824174546102578E-013  -9.1134499308627900E-009  -2.2062112684134298E-010  -1.0411977348206329E-009  -2.4471976165014848E-009  -9.5061977592641473E-013   1.9612787439621300E-014  -5.5737429069869362E-013  -3.7606260467611537E-013  -4.7857349605369971E-012   1.6514522481824646E-012  -1.1183485460077494E-014  -3.4091069068000666E-013  -4.6051981723573494E-015   6.6955229803884133E-013  -8.9947149953066440E-009  -2.1578051128786172E-010  -1.0498317694321919E-009   2.4095380716154980E-012  -2.8153623843762744E-012   1.1490410825050196E-004  -3.6794629654832813E-012  -1.3812087649992898E-011   1.2699057911362866E-012  -2.1313709367229390E-009  -3.6662177203403842E-013   1.8504630364338137E-013   1.6005061815763133E-012  -4.0470072678699417E-014  -1.3971442410545513E-012   6.8447733241623389E-013   1.8211746641745550E-013  -1.8072912490852746E-014  -4.9260007003388547E-013  -1.5870770549788557E-012   1.7252892465385229E-013   5.0059889665750035E-013  -2.6260804644835687E-013   5.4077359108952985E-013  -2.4016791286898236E-013   1.3059829239159757E-011  -1.4338017014156938E-011   4.9277906809872863E-004  -1.7819871647742790E-011  -8.1965596278483297E-011   4.7599514992392477E-012  -2.1013157201857528E-012   6.7157207937367308E-014  -4.8449994021645104E-012  -9.2543687823487291E-013   4.5450079897157122E-011   3.7446478455282828E-012  -9.5725944406052643E-014   1.6231211141849432E-012   6.1278384846144494E-014   2.4014582865868641E-012  -1.7723671310209969E-009  -4.8634802467863763E-011  -2.2933596194761821E-011   5.3225108557233565E-010   9.3319539544442815E-011  -1.0198360233644361E-010   3.7450255624191194E-003  -1.2780169330063102E-010  -6.2858576360347692E-010   3.4482130376714978E-011   1.1312003594439755E-008   1.5708601479949840E-010   4.5573312088129299E-009   1.8530230178750327E-009   1.2022827476940884E-009   2.8959776970746780E-011   1.3427593292117380E-010   4.1104165012493677E-011  -7.3241312756467357E-015  -5.0009359490855369E-011   1.8370840041968641E-011   4.2007034691081077E-011  -7.3517864672904219E-011   6.4701487665640933E-015   1.2968722076517424E-011  -1.3522565964084928E-015   2.7608462247155276E-011   5.7912327390530315E-010   1.9366007077650937E-010   1.9374030884926136E-011   1.5617704674212345E-015  -3.0496846446549040E-011   8.6723635756738720E-012   2.0154226820145153E-011  -3.4665353546235161E-011  -3.9512572334447496E-015   7.8230438074493539E-012   3.7412193171905111E-015   1.6900052962634626E-011
   5.6795102614768198E-010   1.3362118965890184E-008   5.6321760056845798E-009   5.8067278862705817E-010  -4.1609122894590760E-006  -1.6166329119681205E-012  -6.4025663430274692E-013   8.3218202691037669E-006  -3.7695606557415651E-013  -4.1609079797850493E-006   5.3958914278782902E-010   1.2937113985734576E-008   5.4352817996563652E-009   2.0960992723012257E-009   9.8598035076380336E-013   4.8108611236437035E-012  -3.3781305888633291E-013  -1.1279887402067068E-012  -3.0268064569602597E-014  -1.9484367439048475E-013  -7.1863176924708247E-012   1.4436500026253966E-012   4.8305881303429967E-012  -8.2425009611706416E-013   5.4544945886957196E-010   1.2635026709089415E-008   5.3630003375506198E-009  -5.7452064634038625E-005  -7.5009879315297112E-012  -4.5557874465024336E-012   1.1490410809655648E-004  -3.2729985237081174E-012  -5.7452043463437844E-005   1.8389431023003347E-009  -5.0961248017692521E-013   1.3417325636246999E-012  -1.7735698405877605E-013   9.1111973535557658E-013   2.2307744974763248E-013  -1.5841559056827986E-014  -1.7726584765276458E-012   5.1088870054813046E-013   5.7814684481617625E-013  -2.0343827590118364E-013   2.5084703121766797E-015  -5.1209542170123390E-013  -9.1541337090476022E-013   3.4582265599780508E-013   5.3018419438214841E-013  -2.4638959894124378E-004  -4.6227744505289398E-011  -2.2202599134847183E-011   4.9277906978539062E-004  -1.6586968963580265E-011  -2.4638947084552491E-004   1.7441453825794412E-012  -4.1240717067138223E-011  -7.9372323493936056E-013  -3.6100693425391401E-012  -1.0797268906227520E-014   1.2700548243836434E-012   6.1461687443399296E-011   3.2418487129365519E-012  -4.1218799952325968E-011  -1.8247306182489553E-012  -1.1972191461913878E-012   3.0738435144114513E-009   1.0610769117087334E-009  -4.4075885836648313E-010  -1.8725132742071907E-003  -3.5088417966552584E-010  -1.5900649038722028E-010   3.7450255815169248E-003  -1.1875401309842887E-010  -1.8725123073100934E-003  -2.5916071705897739E-009  -8.5377649981327403E-009  -6.6580163695183880E-009  -1.5595421677702140E-009  -6.9300041127450386E-011  -1.7282749900140395E-009  -7.1687634249344077E-010   2.3533065324769598E-011  -3.8252144559614290E-011   1.5857139460075088E-011  -4.2698034256194167E-011   4.1334553411903792E-015   1.1125116219530771E-011   5.7012237346601780E-011  -6.3641576446678194E-011  -3.8237794950201778E-011   3.5616418857276955E-011  -4.7643756828913478E-010  -1.6732407431569184E-010   1.4472619408996881E-011  -1.8325222965660946E-011   7.4698057973637952E-012  -2.6152484067284707E-011   6.4420477667019398E-016   6.7354290168477905E-012   2.7313111919875209E-011  -2.9988691016096112E-011  -1.8319167108963457E-011   1.6784585426395534E-011
  -2.6107764241479588E-010  -9.4872108846165452E-009   1.1542602972533857E-008   4.7409536794857078E-010   5.3228875134110679E-013   8.4335956044277839E-013  -2.7391279070991858E-012  -3.7695606557415651E-013   8.3218185487685380E-006  -1.5534863253848068E-013  -2.5224370590230574E-010  -9.1559057556198419E-009   1.1175293248505926E-008   1.7171529535211690E-009  -1.4778136655267007E-014  -4.4059994817892677E-013   2.5820569694997379E-012   2.7015575820353261E-014  -6.2620682276819744E-013  -7.1876970308723399E-015  -9.3356578288120806E-013  -7.7644554405427883E-012   1.6931155563389397E-012   3.8627316855961653E-012  -2.4685452642909081E-010  -9.0359275498012946E-009   1.0913706580980049E-008   2.6209955135038023E-012   4.5661170502293361E-012  -1.3230999381307498E-011  -9.7500677682781597E-013   1.1490409992944902E-004  -1.6460363509982360E-012   1.4942687202831325E-009  -9.3401564874378054E-014  -2.0568757034781344E-013   5.4034886016756763E-013   7.1222361991412702E-014   9.5199421978740513E-013   9.2842430753613101E-014  -1.4988947018040824E-013  -1.4022368851131549E-012   4.7705809255670281E-013   5.0481476228504136E-013   2.9276444593573525E-013   4.3528783937962837E-013  -5.8551075562413157E-013  -1.1448187132806638E-012   2.8045765791060265E-013   1.4790940170234346E-011   2.3488799810869625E-011  -7.9308521555593114E-011  -7.1260771901924622E-012   4.9277901933623568E-004  -7.6649718430876588E-012  -9.1675552711381890E-014  -9.4591623093633267E-013  -1.6421782596243732E-011   6.9176888861091881E-014  -3.2779632747304940E-012   5.3819353811218190E-014  -2.0904942916570511E-012   6.3743692117881292E-011   3.7506191679739751E-012  -3.5271673777816672E-011  -5.5856243044513333E-011  -1.7814697976988671E-009   2.6548987406002579E-009  -3.7447024980586844E-010   1.0344575498234808E-010   1.6898782102569836E-010  -6.0842120860943791E-010  -4.9971703570264677E-011   3.7450251927582841E-003  -5.3474045619029348E-011   1.7777169499127415E-010   1.1344024233520141E-008  -7.3763772829737606E-009  -1.3038177347082318E-009   3.3148709769454600E-011   1.2078092107313205E-009  -1.4928200151723890E-009   1.0595626095304702E-014   1.8387156871813705E-011  -1.5376110922146365E-011  -1.2146385624597158E-014  -3.5896975136789855E-011  -2.0689290027692604E-015   4.1106151436277882E-011   5.9187369969790471E-011  -7.3536835362963855E-011  -3.2654985736404106E-011  -4.0858423226809923E-010  -1.3579138784091521E-010  -1.4872484354381510E-015   8.6567299133729901E-012  -7.3269472307366058E-012   1.1704893871252927E-016  -2.1933122663960880E-011   1.8783495659967628E-015   1.9382462049486324E-011   2.8338450219963613E-011  -3.4661026521984019E-011  -1.5661050627564252E-011
   3.8949683565292660E-010  -6.5494876254312282E-009  -1.1340150675622108E-008  -3.2986529354812631E-009  -4.1609099765017247E-006   2.9365541723930608E-012   1.4824174546102578E-013  -4.1609079797850493E-006  -1.5534863253848068E-013   8.3218179559924470E-006   3.6951462753841218E-010  -6.3427768153154882E-009  -1.0943891920795376E-008  -1.1891709530878055E-008  -4.1776917630169372E-014   8.2950147738393906E-013  -1.1347704650552468E-012   4.5480565772829461E-013   5.1640674056051477E-014  -3.9875756650866050E-013   4.2249950476113074E-012  -1.0790724084365220E-012  -6.4979285823301587E-012   1.6501117795918756E-012   3.8433737301340900E-010  -6.1980407046906559E-009  -1.0797648674578970E-008  -5.7452053295336126E-005   1.3611297182072624E-011   7.9541198343455590E-013  -5.7452043304647450E-005  -2.0481248402208631E-013   1.1490409659834871E-004  -1.0460045180774430E-008  -7.2045533610139942E-013   4.6054773508826627E-013  -4.4589465094637004E-013  -2.9669535251967664E-013   2.2486392563223875E-013   1.5623525338371873E-012   4.4612601506457914E-013  -1.5468813659655351E-013  -1.2164319666961679E-012   5.6119397756586865E-013  -1.7328883973443347E-013   3.7376184694365899E-013   6.0115034736940371E-013  -5.4136380184296244E-013  -1.2315929363119375E-012  -2.4638953173952737E-004   8.7763935083479694E-011   4.2620444040485361E-012  -2.4638947013473465E-004  -2.4447381734991588E-012   4.9277900187104048E-004   2.6029202477385069E-012  -1.3060044533229766E-011  -2.4404568332224229E-012   6.6035230043640646E-013   7.4943834902331095E-015  -4.1525359071751650E-012  -3.1257939577562193E-011  -2.4402917192342507E-012   5.4996975001832880E-011   3.6379061769486033E-012  -2.6545759365089750E-011  -1.5175019882966014E-009  -2.1383504712212155E-009   2.4676259536677160E-009  -1.8725127570593022E-003   6.6258374889382208E-010   3.1964852688276878E-011  -1.8725123020951662E-003  -1.5559271247904351E-011   3.7450250591527091E-003  -2.4204717108052206E-009   4.1458977045293772E-009   1.3368134081111730E-008   8.7755841976650793E-009  -4.8997440150887477E-011   8.4901273739563110E-010   1.4433801552641614E-009   2.4490256113439042E-011  -1.1938239847720238E-011   4.7789134673012514E-011   1.0454928466369072E-011  -1.4990757197318265E-014  -4.3312052532022665E-011  -2.9119260233964777E-011   4.7773640532964697E-011   5.1005823195277024E-011  -7.1228288359720107E-011   2.6544569450477034E-009   9.5201983857899790E-010   1.4882018472244329E-011  -5.7661158260824112E-012   2.2533005487524263E-011   6.4479475184380550E-012  -6.0111391718217956E-015  -2.6414269125260718E-011  -1.3914484469552681E-011   2.2526935686326618E-011   2.4434360483741219E-011  -3.3585693152711208E-011
   9.1353678536852903E-002  -4.2100831618916852E-009   1.4921512644831317E-009   9.8896018423534804E-008  -9.0909535946440562E-010   1.0825299025986826E-008  -9.1134499308627900E-009   5.3958914278782902E-010  -2.5224370590230574E-010   3.6951462753841218E-010   8.8320569399629706E-002   2.9644495074629376E-008  -4.5756089327776631E-010  -2.2846239129939932E-007   1.3652687819253617E-011   2.6824050233656303E-010   2.0083263765432084E-010  -3.4165665174278616E-010  -2.9331624251513486E-010   3.2334201959193345E-010  -5.5743929343786285E-011  -5.0541543146064091E-010  -1.9345417401211567E-010   2.2702484575301315E-010   8.6651886690915919E-002   1.6500024055227696E-008  -6.6634171644154656E-010  -7.1385708762418251E-010   2.0658929297423690E-009  -5.6201367702952177E-009   1.9934836488292457E-010   1.0366296502902325E-010   5.1454901800299991E-010  -7.1769148725144913E-008   1.8646121223421718E-012  -4.8639493766344546E-011   2.5484609745925319E-012   2.7177248344859709E-011   1.8668127383824730E-012  -3.0450667142056528E-011   2.9109520502054291E-011   4.8633085355812243E-012   2.6202277210836751E-011  -6.1733395603107734E-012  -1.8297490998648510E-011  -2.6797170315085670E-012   4.9654176550505018E-012   1.2882840521011924E-012   1.4508468189538929E-011  -4.7402653850285636E-009   1.4142246019425740E-009  -8.4860355932551747E-009   2.3887869181585209E-009  -2.6483892246272254E-011   2.3515540143046104E-009   3.6540759802518613E-011  -6.7053307858212338E-011   1.1405909873868884E-012  -2.5091916463403040E-012  -1.0720101049080916E-011  -4.6481706457653125E-011   3.7736788865758000E-011   1.9176201236373639E-011   1.6420897242803780E-011  -1.5140724316689594E-011   2.0390321623453788E-002   6.2493228786997714E-009  -3.6228205838693483E-010   3.6439839909248602E-009   7.3622610345172681E-009   8.2597727097600210E-010   1.1135753232807775E-008  -3.5528903443551262E-009  -2.5988151192004231E-011  -3.8093711487042046E-009  -5.5557499351806622E-002  -1.3881605686516665E-008   6.7911961323610607E-010   1.0768742642780854E-007  -1.1711423942361163E-002  -2.7179941005908585E-009   9.7699500069388671E-011  -1.4421866900033240E-013   2.7384231954759993E-011   2.8414608051119416E-011  -2.4133710216663703E-011  -2.4589173508639850E-011   2.4336701714691396E-011  -8.7867017079127793E-012  -3.3691569667263726E-011  -1.5596500384221296E-011   3.9338923553474343E-012   3.1480244569613298E-008   8.7101924017040914E-009   3.3213371670454540E-012   8.2088234718775109E-013   6.4196531828674285E-012  -6.3107568594427177E-012  -5.9124227881073917E-012   1.8601140117007902E-012   1.0724244803505083E-012  -7.3214748919120900E-012  -2.2598629061047679E-012   6.7248026875813825E-013
  -5.7511055629432245E-009   9.1353675210365554E-002  -1.2846401012580471E-009   9.1049589575833739E-008  -6.5943438200489263E-009  -8.8261091407638446E-010  -2.2062112684134298E-010   1.2937113985734576E-008  -9.1559057556198419E-009  -6.3427768153154882E-009   2.9644495074629376E-008   8.8320588028676539E-002   1.0007895661245382E-009  -1.4331959282143359E-007   2.8122802988547507E-010  -2.4352588613410862E-010   9.6453572343494508E-012  -8.2934552907693884E-011   2.0959546575972845E-010  -2.9436552363145921E-010   2.0474559676512644E-010   1.5982486458588188E-010  -3.1140030044942157E-011  -1.2631804669826535E-010   1.5875922882945544E-008   8.6651897013910156E-002   2.9802460488007185E-010  -7.1835097057922887E-010  -7.2032853502907718E-010   5.4166652031423995E-011   1.8701204839726857E-009  -5.5975387892008611E-009  -1.1517998002228214E-009  -4.5474342478779865E-008   2.2375223828796193E-011  -3.8309116474417235E-012  -2.8008348184565424E-012  -4.7024057403665844E-011   4.0888921934193138E-013   7.7186690000857821E-012   2.1951293679033375E-011   6.3279758884540723E-014  -2.4311066091257566E-011   2.7536496663894581E-012   2.0224771368465207E-011   2.2028407814712306E-012   1.1496913361412366E-011  -2.5076809005309577E-012  -1.0938427230765891E-011  -9.1863869368108897E-010  -4.0986057381890934E-009  -1.7452886089511127E-011   1.7586790141912198E-009  -8.4873638233421654E-009  -8.4008810327992101E-010   3.9635034723798715E-011   2.3222805807634427E-011  -6.0118351955402347E-012  -7.9019607709781235E-011  -6.1118220832702670E-012   2.5849060764052169E-011   1.5924135776630679E-011  -1.0396789966228575E-011  -4.4547643323087015E-011   1.2229526414083709E-011   6.2400115059285204E-009   2.0390325629312259E-002   3.4238176659306121E-010   1.3885229181410471E-009  -1.0389015612001693E-009   6.5601983297898386E-009  -1.4086869270106183E-011   1.5953437670286395E-009   1.1105290968403503E-008  -5.5644168182949504E-010  -1.3577040566091782E-008  -5.5557508158081845E-002  -5.5698550685869334E-010   6.0306662419344800E-008  -2.6617752854729329E-009  -1.1711425652956100E-002  -8.4891709520089631E-011   1.8156996371851305E-011  -2.0496406146861284E-011   1.7368818948293124E-012  -4.4055596554910251E-012   2.3362843000688564E-011  -1.9952937096843035E-011   1.5596714242146939E-011   2.0306193103439712E-012  -4.1496341724480153E-013  -2.8080167792641857E-012   1.6892982947482156E-008   4.7869068133549222E-009   8.0220933841755277E-012  -2.7664919289748623E-012   1.2616308235166319E-013  -7.9357705569818213E-012   5.0339041743971317E-012  -2.8261524994043333E-012   4.6837206024948665E-012   6.2648287621671656E-013  -3.5115653301679279E-012  -5.6076182637589991E-013
   2.7467078911277936E-010   3.4177885134520188E-010   9.1353671439689060E-002   1.6524472754207963E-007   5.5086089001003942E-009  -3.2155411660994475E-010  -1.0411977348206329E-009   5.4352817996563652E-009   1.1175293248505926E-008  -1.0943891920795376E-008  -4.5756089327776631E-010   1.0007895661245382E-009   8.8320610197182112E-002  -3.8452199796330447E-007  -1.3256191717860426E-010   2.5930585482108245E-011   2.6297827295022610E-010  -5.5766733245513461E-011  -2.4997057872916377E-010   2.3361808669037999E-010   1.0399613337537339E-010  -8.1443894131126252E-011  -1.6545965336439714E-010  -1.3534357756610919E-010  -1.2299264898895782E-009   1.2713923558260417E-009   8.6651909166565955E-002   3.1603483887413552E-009   8.3620899750703202E-011  -3.4061393777820218E-010   3.1941060101214405E-009   1.5753871673842269E-009  -6.3544599625308048E-009  -1.4841580256626775E-007   8.9286903920697248E-013  -1.2544526381318558E-012   1.1525271205429019E-011   2.4653435422246046E-013  -2.8988552488421032E-011  -1.8144947458885123E-012  -1.3583377881837922E-012   2.0383981370486618E-011   3.5054609449599159E-012  -2.6718646097617461E-011  -1.2085048587969783E-012   3.0083290556907501E-013   1.8765982434288418E-012   2.1306048780730077E-011  -3.5062520483210498E-014   4.9291018072830333E-009  -4.6759526445341220E-011  -4.1707059516370214E-009   4.9109856304390013E-009   1.5227424580430977E-009  -9.8400946317705113E-009   4.9737843488477999E-012  -1.6552177071199323E-011   4.6414198459703510E-011   4.1427987680723121E-012  -5.8294247633083537E-011  -1.0815438604637948E-011   5.6383259137581655E-012   3.9414307250470767E-012   8.9835676173220866E-012  -3.7548967212170348E-011  -2.4737985423537591E-010   3.0875247266146079E-010   2.0390330298113591E-002   1.5334579458665243E-008  -6.4440710292610881E-009   4.5440639638237659E-011   6.1168796971150761E-009  -6.4814936694822488E-009   1.3903622935583120E-009   1.2925564143379045E-008   8.8408956655493197E-010  -9.6180937586025007E-010  -5.5557518499346641E-002   1.8874615023899347E-007   1.2849698085471591E-010  -1.5856912624971373E-010  -1.1711427667446133E-002  -1.5458358433592742E-011   1.1243983694091654E-012   1.8637246698263525E-011  -5.2932956068154557E-012  -1.5673115108109357E-011   2.6033149759574574E-011   1.0032171778413088E-011  -8.6740908247914143E-012  -1.4584251331404786E-011  -7.4272929038395802E-012   5.5441074781861468E-008   1.5618385317069421E-008  -3.1625712658212928E-012  -5.1900064971205772E-013   8.5983911280307097E-012  -7.9066695349340219E-013  -8.6530878535362321E-012   5.0338853087671918E-012   2.1760335521480721E-012  -1.2662642923556515E-012  -2.4001906665585888E-012  -5.4644441407824854E-012
  -6.1792056262963608E-008  -5.6476292915692236E-008  -8.5550513571387479E-008  0.19405872264956919        9.7955959719555853E-009  -1.9621616406874426E-008  -2.4471976165014848E-009   2.0960992723012257E-009   1.7171529535211690E-009  -1.1891709530878055E-008  -2.2846239129939932E-007  -1.4331959282143359E-007  -3.8452199796330447E-007  0.70148133660989853       -1.1237557133794519E-011  -9.6983543865403961E-010   5.7401761189392757E-010   5.2610499794661379E-010  -5.1056115540555706E-010  -5.1097406948975961E-010   3.9945475070741325E-010  -6.9270743806424990E-011   4.3391094458242700E-010  -3.7621543502538773E-010  -2.4995511055034620E-007  -2.1871633118888318E-007  -5.1758268487571878E-007  -1.0989012637986609E-008   1.8404242040178788E-008  -3.4163507103486200E-009  -6.8973454687757699E-010   2.3880747790287173E-009   1.1678776166413211E-008  0.61637034999247153       -2.2271410889161114E-011   1.3989047476135994E-010  -4.4587840099028937E-011  -9.6729043772468530E-011  -3.5379362785538717E-011   1.3568401638193039E-010  -4.1550482196523090E-011  -8.7916522180779561E-011  -1.3193672285070697E-010   1.1011728861801679E-010   1.2626624417678387E-010   8.4045232937836825E-011  -1.2515728215552635E-010  -5.7675143846123335E-011  -6.0554367270937884E-012   2.7838417705386646E-009  -5.5751633534937812E-009  -4.3017251301483375E-010   4.6169688691796662E-010   2.1051856761386908E-010  -3.2464838864881852E-009   8.3466580712108390E-011   5.2147716320596021E-011  -9.9019298064490845E-011   3.5666359206876963E-011   2.2072899271186260E-010  -1.4759598698248978E-010  -6.4620721747676279E-011   2.9804960524294276E-010   3.4573502828148642E-011  -1.4834516025228836E-010  -1.2859361018166068E-007  -6.2325752259656546E-008  -2.3913172242169000E-007 -0.14748140914732868       -4.7644216883821541E-009   6.4280872517194200E-009  -2.8961913987514541E-009   8.4203623209685783E-011   2.3970798795719932E-009   4.6802353099425705E-009   1.8286287381264693E-007   1.1843524400107713E-007   3.4203027461042074E-007 -0.52305538770422344        4.2538049095806334E-008   2.7200756027765923E-008   7.9674238057666035E-008  -7.0500421924331095E-011   8.6406488461359618E-010  -4.8895650137003117E-011  -3.6319926822486968E-010   1.2650188872898004E-010   4.5780200399330362E-010  -3.5970337911817415E-010   1.2136300213865640E-010  -3.8146419518701759E-010  -5.4012305568000869E-011 -0.15990001117428268       -5.6072854361132456E-002  -1.7396660261599423E-011   2.6537248567537352E-010  -1.9437734342968446E-011  -1.0589775466556605E-010   4.9647004446526687E-011   1.2924500762020181E-010  -1.1299965661313377E-010   5.6406494522399015E-011  -1.1376637265001940E-010  -2.7553831252582155E-011
