   4.5692945098076823E-002   1.6159985617779756E-016  -1.5247416061887278E-016  -1.1471116756061872E-017   3.5705247823463565E-009  -6.6208532317865478E-010  -3.9719651019693346E-011  -3.6043313727709974E-009  -2.5358014646360965E-010   3.3862671871154772E-011  0.15656036558628339       -1.9384515753950124E-016   3.0029522558546628E-016   1.1645013390484519E-016  0.15826788964379465        4.6140335388638650E-009  -3.6990187328070919E-010  -2.1973036718530214E-011   5.7732856313174106E-010   4.0202944647135492E-010  -5.1912148734978080E-009  -6.6750658955714837E-016  -7.6039055077886724E-016  -1.5822966326432553E-016   8.4697453806141842E-009  -8.6976459395981118E-010  -5.1863752451402454E-011  -9.9632680690423341E-010   4.5139370508272229E-010  -7.4733407669716704E-009 -0.10042093380174469       -1.7300249224519838E-015  -1.2721125636272110E-015  -8.3296125911982679E-017  -8.6961724802731066E-002  -1.3893674633519654E-015  -1.1381157158636236E-015  -1.0673643016032916E-016   3.6101838981804860E-009  -3.6284591684650819E-010  -2.1630038878940153E-011  -3.3967326096722050E-010   2.0425453548197959E-010  -3.2704921485225249E-009  -1.5866406165417443E-017  -7.2599039653734087E-018  -9.5193377639212949E-019   1.3439596368994732E-017   3.2065785078927938E-018   8.5932110567572961E-019   7.3905187302770818E-019   1.5493521534990329E-017   5.0006357006965702E-018   2.8106369881809057E-018   4.7262506073246752E-002  -8.5523051165575081E-003
   1.6159985617779756E-016   1.3022171968830849E-006  -7.2248717377282957E-014  -4.2976898855676515E-015   9.4750051300678243E-019   1.2354906282025812E-018   8.0762097276335495E-019  -1.2357408994762088E-019  -5.5294564559242693E-019  -5.4029475123997676E-020   6.0536942290755968E-016  -1.6803377844480179E-005   8.4835351278474695E-013   5.0540095816198779E-014   5.4975520083548471E-016  -7.7984548180393308E-018  -1.2612877158624010E-018  -8.4661901469840734E-019  -7.4801060126339149E-018  -3.0238585961113940E-019  -5.5573625643169667E-018  -3.0165458379743687E-004   9.1974102018736051E-012   5.4748890923264941E-013  -5.3269677833469341E-018   1.1325538334904102E-018   1.2058867149500533E-018  -5.0767925971221546E-018   1.5655543759278930E-019  -6.3135604044891898E-018  -2.1295882429720326E-015  -7.9617209265469408E-004   2.1447492107654081E-011   1.2760296490943874E-012  -3.3249305896379350E-015  -6.2225552124025565E-004   1.7064040267059548E-011   1.0153024426720144E-012  -1.7725743825996176E-018  -8.1473178706117980E-020  -5.3041717644863791E-019  -2.4782633317676210E-018  -3.4148901782753794E-019  -1.2603550603767440E-018   1.9710857095963359E-013   6.7972942397743403E-014   4.0940851259004929E-015   1.3154156597129250E-013   3.6763338180087855E-014  -3.9589142359142320E-013  -4.8268226364245955E-014  -3.5309246187074768E-015  -3.2133602035928755E-015  -4.2037410831998942E-016   2.2225708285047063E-015  -4.2959568649420437E-016
  -1.5247416061887278E-016  -7.2248717377282957E-014   1.3022162874175452E-006   6.1328166934652439E-014   2.9286285362810011E-019  -7.8106065595090734E-019   3.8615650347767309E-019  -5.3428584583723635E-019  -1.5487341768659578E-018  -6.9809053997590177E-020  -5.1525373162767126E-016   8.4835448316717734E-013  -1.6803367175305712E-005  -5.6101266192552485E-013  -5.4708477186222601E-016   6.8553891469414639E-019   9.7146722297626082E-019  -8.7456695612979076E-019   1.9422466188312935E-018   1.8678825023808935E-018   4.9714031580554771E-019   9.1974555568185574E-012  -3.0165446805497813E-004  -7.2447311632535965E-012   1.3271527121429364E-018  -1.0779654049508138E-018   1.0889076266934607E-018   1.3095213522722446E-019  -7.4727123644244739E-019   8.3963545918279828E-019  -1.0486144323972099E-016   2.1447615789181577E-011  -7.9617182264871188E-004  -1.8604892791984361E-011  -4.5815093295614540E-016   1.7064137090958997E-011  -6.2225530642937845E-004  -1.4623454755259883E-011  -4.2696165554326645E-020   1.3693788176977474E-019  -5.6236409699105731E-019   6.1736875943399761E-019   3.3092584477218800E-019   5.7912001810886096E-020   1.3124292592500633E-013   8.1097631174891216E-013   1.2171896512344796E-015  -1.7286763689781744E-013  -7.8024064005030546E-015  -3.2142164303281703E-015  -2.8073123394807041E-013   2.5166411728352959E-014  -4.3433766642007406E-013  -1.9667386398553668E-014   3.5394515144977907E-016  -7.0937951482080178E-017
  -1.1471116756061872E-017  -4.2976898855676515E-015   6.1328166934652439E-014   1.3022152712555401E-006   4.0237418712488114E-019   1.9723062168129392E-019   2.3539215966154824E-019   1.1333217851726982E-019   3.1108603939051232E-019  -9.0896545151277465E-019  -9.7260953266733976E-017   5.0527604368208353E-014  -5.6094271716909062E-013  -1.6803357880346439E-005  -2.5225949929057185E-017   1.9502200263796270E-018   4.4718166868019218E-019  -1.7964041853412464E-018   2.9303333842895288E-018  -1.2674947543951407E-018   3.5744576351433120E-018   5.4719040693404267E-013  -7.2432565940359680E-012  -3.0165434802734527E-004   1.9748624592703126E-018   2.0729798052851299E-019   9.4836596611563396E-019   2.1577549277094089E-018   7.5425918034956638E-019   2.6134205496827979E-018   1.4713712099621247E-015   1.2752415511378861E-012  -1.8601036182259964E-011  -7.9617151441147048E-004   2.4714920468232756E-015   1.0146880218134734E-012  -1.4620433784645520E-011  -6.2225506415470666E-004   9.4216442116316444E-019   4.4129231550668857E-020  -6.5805040666548451E-019   3.2157633562119959E-019  -3.6477001818986736E-019   8.8706611592041884E-019   7.8537645326462181E-015   1.2164795076306556E-015   7.9087793655398001E-013  -3.5394599388805434E-015  -6.6049901346551624E-014  -7.0004551330652400E-015  -2.6964728255309569E-014   7.3819284613427300E-014   3.4955183161375647E-014  -6.4451460561195676E-013  -1.6817422785117652E-015   3.2655912108782591E-016
   3.5705247823463565E-009   9.4750051300678243E-019   2.9286285362810011E-019   4.0237418712488114E-019   2.7924759492525305E-016  -5.1774385926081830E-017  -3.1060321734729113E-018  -2.8181910486340501E-016  -1.9822176858895639E-017   2.5758864315878668E-018   1.2246658876304848E-008  -1.2226068929412689E-017  -3.7791315167678003E-018  -5.1921192755364672E-018   1.2361801770231470E-008   3.6029956337366102E-016  -2.8872323901411203E-017  -1.7150708197325284E-018   4.5216876722862245E-017   3.1412338206335306E-017  -4.0550491127952261E-016  -2.1948238154184053E-016  -6.7843540403906854E-017  -9.3209268732426606E-017   6.6270972639814929E-016  -6.8035281522648353E-017  -4.0569042564016958E-018  -7.7753383190265718E-017   3.5347380395827372E-017  -5.8495023812576729E-016  -8.1727953811713600E-009  -5.7929088075837363E-016  -1.7906282017992505E-016  -2.4601188630896788E-016  -7.3447922093435018E-009  -4.5275004301175744E-016  -1.3994818004964755E-016  -1.9227282421768267E-016   2.8316316477509760E-016  -2.8462458062571242E-017  -1.6967116585323467E-018  -2.6672315168141459E-017   1.6016404843137221E-017  -2.5648939866897764E-016  -1.0631206060217699E-024  -3.2828274012305613E-025   1.4941175028725481E-025   1.1212498566398233E-024   2.5503604178958643E-025  -2.0788061843064210E-025  -2.5986663399405636E-026   1.2120976170887424E-024   3.0566049603657262E-025   4.5060911096209569E-026   4.0683274767789745E-009  -7.4117218917974896E-010
  -6.6208532317865478E-010   1.2354906282025812E-018  -7.8106065595090734E-019   1.9723062168129392E-019  -5.1774385926081830E-017   9.5995077036841683E-018   5.7589064749680646E-019   5.2253183930819145E-017   3.6754471378263499E-018  -4.7960970368570507E-019  -2.2705513836547604E-009  -1.5942390095079616E-017   1.0078571212886224E-017  -2.5449968240076052E-018  -2.2924132236773367E-009  -6.6817594701941105E-017   5.3547247622366605E-018   3.1808116765345838E-019  -8.3817129428008626E-018  -5.8248973315306218E-018   7.5197170520844179E-017  -2.8619815760826207E-016   1.8093084532056944E-016  -4.5687819483387147E-017  -1.2286252067577491E-016   1.2613871470986386E-017   7.5215824466977346E-019   1.4420702858483671E-017  -6.5524067694954124E-018   1.0844068644891587E-016   1.5063891244934184E-009  -7.5537716795560886E-016   4.7753987543524048E-016  -1.2058616930358889E-016   1.3466023655827032E-009  -5.9037187782145926E-016   3.7322562134037279E-016  -9.4245212841402682E-017  -5.2477644066778612E-017   5.2747703862202039E-018   3.1444095919279935E-019   4.9422470651161813E-018  -2.9683817047317785E-018   4.7535128126237094E-017   3.3916959633000169E-025  -3.1761998748124173E-025   1.4048543691091493E-025   3.0799548175069141E-026  -1.6888874308584195E-026  -3.8969528625575600E-025   1.0419426062589314E-025  -2.2790586989695553E-025   1.8965093335359698E-025  -1.3156152737812269E-025  -7.4391372752332337E-010   1.3540032307936708E-010
  -3.9719651019693346E-011   8.0762097276335495E-019   3.8615650347767309E-019   2.3539215966154824E-019  -3.1060321734729113E-018   5.7589064749680646E-019   3.4548650677473725E-020   3.1347570794610706E-018   2.2049637396663236E-019  -2.8773601301810168E-020  -1.3621415156928794E-010  -1.0421274385973018E-017  -4.9828340745219292E-018  -3.0374228539267329E-018  -1.3752593676407353E-010  -4.0085072903717585E-018   3.2123971239564523E-019   1.9082270014388235E-020  -5.0283210490853863E-019  -3.4944577114087522E-019   4.5112111858253401E-018  -1.8708293625670178E-016  -8.9451959959411771E-017  -5.4527896761110208E-017  -7.3707243400837212E-018   7.5672712334688201E-019   4.5123223968873494E-020   8.6512448094067574E-019  -3.9308924454691681E-019   6.5055319867282977E-018   9.0366356987716269E-011  -4.9377739010626566E-016  -2.3609506313918178E-016  -1.4391822466337042E-016   8.0777346973153444E-011  -3.8591619828350830E-016  -1.8452223685411023E-016  -1.1248059302903014E-016  -3.1482104507933468E-018   3.1644113422174826E-019   1.8863769665313857E-020   2.9649219358497468E-019  -1.7807760895872054E-019   2.8517021269876367E-018   1.7636230556591701E-025   2.8910789541673407E-025   1.4691371634374497E-025   1.7851850235010250E-026   5.7608586543834580E-027  -2.4864321896136758E-025  -1.1891512746047097E-025   5.3797152937786964E-027  -1.2885767371005924E-025  -1.2531688875733631E-025  -4.4623440525766607E-011   8.1218833195275710E-012
  -3.6043313727709974E-009  -1.2357408994762088E-019  -5.3428584583723635E-019   1.1333217851726982E-019  -2.8181910486340501E-016   5.2253183930819145E-017   3.1347570794610706E-018   2.8443609875418555E-016   2.0007752946111453E-017  -2.6214135703291881E-018  -1.2358769701473567E-008   1.5943992211861366E-018   6.8943761655831006E-018  -1.4623898708987077E-018  -1.2480508859510038E-008  -3.6378591231435824E-016   2.9155462108569819E-017   1.7318936163779233E-018  -4.5613855339458538E-017  -3.1710639900222583E-017   4.0938813694515249E-016   2.8622439502849271E-017   1.2376849429980113E-016  -2.6252670560804257E-017  -6.6872265168051775E-016   6.8658260804722835E-017   4.0940567535812740E-018   7.8520071943062799E-017  -3.5659563519194517E-017   5.9019642441801329E-016   8.1520965482437559E-009   7.5544647878391054E-017   3.2666836284193017E-016  -6.9290026010752756E-017   7.2488888300781691E-009   5.9042605847170575E-017   2.5531063089599816E-016  -5.4154243765785226E-017  -2.8552588116273525E-016   2.8699109055957733E-017   1.7108182805568909E-018   2.6885811398162216E-017  -1.6151308406644793E-017   2.5863860695566764E-016   1.1787440578458862E-024   2.2877409901004724E-025   1.5991262520157430E-025  -1.0128507001086598E-024  -2.5889264708261237E-025  -4.0777577026015088E-026   4.2931889326770934E-026  -1.2083696072863322E-024  -2.1582403810542764E-025  -2.9045366368529686E-025  -3.9938850127785010E-009   7.2624483053178147E-010
  -2.5358014646360965E-010  -5.5294564559242693E-019  -1.5487341768659578E-018   3.1108603939051232E-019  -1.9822176858895639E-017   3.6754471378263499E-018   2.2049637396663236E-019   2.0007752946111453E-017   1.4074857514956613E-018  -1.8588715131794310E-019  -8.6922699554320740E-010   7.1350159761250192E-018   1.9984361508292702E-017  -4.0141517432399896E-018  -8.7817203443384620E-010  -2.5599071376807918E-017   2.0518860479720057E-018   1.2188646101115366E-019  -3.2069795864814274E-018  -2.2310402120430484E-018   2.8805233194818118E-017   1.2808794348999810E-016   3.5875979508963582E-016  -7.2062153781624325E-017  -4.7029428121570657E-017   4.8289392265940504E-018   2.8794747869247256E-019   5.5263292457454686E-018  -2.5072498611290656E-018   4.1502666345221111E-017   5.6676288015257587E-010   3.3806894550215452E-016   9.4689278431160229E-016  -1.9019727463865288E-016   4.9856712561656056E-010   2.6422085082250836E-016   7.4005264112352162E-016  -1.4865040372142020E-016  -2.0065988475534294E-017   2.0168378774960161E-018   1.2022818386249316E-019   1.8888361784645955E-018  -1.1351576406506345E-018   1.8177049511102417E-017  -1.4989385637259904E-025  -9.5297915464308608E-025   1.9172178863256234E-025   7.3862120327498636E-026  -3.9901592325803869E-026   1.6502204044352292E-025   3.4316436030520020E-025  -9.6068910803675256E-026   4.9840416007563738E-025  -1.4684843181450757E-025  -2.7318739211380853E-010   4.9579237620283817E-011
   3.3862671871154772E-011  -5.4029475123997676E-020  -6.9809053997590177E-020  -9.0896545151277465E-019   2.5758864315878668E-018  -4.7960970368570507E-019  -2.8773601301810168E-020  -2.6214135703291881E-018  -1.8588715131794310E-019   4.5570393826571143E-020   1.1230267231312402E-010   6.9717543352165590E-019   9.0079035370684490E-019   1.1728995086137088E-017   1.1890147330635582E-010   3.4920180006480031E-018  -2.8359299054510851E-019  -1.6849812150386104E-020   3.9768470806746880E-019   2.9879519725229640E-019  -3.8896006369480406E-018   1.2515698559095481E-017   1.6171002547561297E-017   2.1055925113125247E-016   6.0232996903032036E-018  -6.2404509349353758E-019  -3.7216051503491732E-020  -7.6791404283065673E-019   3.1273534125703806E-019  -5.2553353152695233E-018   2.0583439069770229E-011   3.3033315020557282E-017   4.2680942621147521E-017   5.5573963560102957E-016   9.5809901899277575E-011   2.5817486209007120E-017   3.3357677149342053E-017   4.3434335014334920E-016   2.3671218579941509E-018  -2.3709370297761320E-019  -1.4133012857022544E-020  -2.1391000138223899E-019   1.3515291475249865E-019  -2.1531999631464937E-018  -3.2847484144168909E-026  -5.4505599641332793E-026  -5.4603447212533003E-025   1.1771540904366330E-026   4.7407121452258574E-026   1.7482202633526874E-026   2.9756387247089475E-026  -3.4103633321732494E-026   1.5210454804631388E-027   4.4448599104699475E-025  -7.4393506692669745E-011   1.4918620167059445E-011
  0.15656036558628339        6.0536942290755968E-016  -5.1525373162767126E-016  -9.7260953266733976E-017   1.2246658876304848E-008  -2.2705513836547604E-009  -1.3621415156928794E-010  -1.2358769701473567E-008  -8.6922699554320740E-010   1.1230267231312402E-010  0.53710872268317977       -5.3752865551286069E-016   1.1433072194124950E-015   4.7924288466583265E-016  0.54198955169858309        1.5796128606313879E-008  -1.2656956529762446E-009  -7.5184605776123918E-011   1.9836196113738506E-009   1.3773412537542784E-009  -1.7779242480495312E-008   2.1294982345775302E-015  -1.6203151490982138E-016  -3.6064592841784469E-016   2.9066480160213424E-008  -2.9838574634865013E-009  -1.7792554416199157E-010  -3.4083998375169887E-009   1.5505980526149448E-009  -2.5657812396238741E-008 -0.36135256864061599        5.1911923239524277E-015   1.8615429329724138E-015   4.7384295635482934E-016 -0.32710117656712573        4.0642047322296191E-015   1.0452997820913810E-015   1.6474021652437630E-016   1.2425848684476645E-008  -1.2490235210336553E-009  -7.4457144771765780E-011  -1.1707186225514029E-009   7.0279804271043600E-010  -1.1255066384250731E-008  -5.4292475082970370E-017  -2.4514749964192918E-017  -4.5255115309270646E-018   4.6861341263453688E-017   1.0980705326417404E-017   3.7878435502929768E-018   3.7441666494674516E-018   5.1787392388825198E-017   1.7352673510616525E-017   1.1184801566556668E-017  0.18183381082514230       -3.3168323943004056E-002
  -1.9384515753950124E-016  -1.6803377844480179E-005   8.4835448316717734E-013   5.0527604368208353E-014  -1.2226068929412689E-017  -1.5942390095079616E-017  -1.0421274385973018E-017   1.5943992211861366E-018   7.1350159761250192E-018   6.9717543352165590E-019  -5.3752865551286069E-016   2.1682520217072322E-004  -9.8640094280965076E-012  -5.8855870806764087E-013  -8.8580986919179910E-016   1.0062884419130358E-016   1.6275224067159142E-017   1.0924489619081267E-017   9.6520831749564767E-017   3.9019029614111017E-018   7.1710153347715298E-017   3.8924504776931060E-003  -9.9240752813161432E-011  -5.9229758227866637E-012   6.8737826097524631E-017  -1.4614138509320940E-017  -1.5560363806913001E-017   6.5509209157927553E-017  -2.0201159533941370E-018   8.1467715056214512E-017   3.0764057573755972E-015   1.0273540031669878E-002  -2.2544347015001411E-010  -1.3452276956996514E-011   5.1520503860896367E-015   8.0293784049549274E-003  -1.8008859687637153E-010  -1.0746142800666835E-011   2.2872925770072682E-017   1.0512810088113057E-018   6.8443256704887141E-018   3.1978664084060867E-017   4.4064726643771323E-018   1.6263009712868869E-017  -2.5434234881864368E-012  -8.7710030639016253E-013  -5.2828716639982877E-014  -1.6973686310060062E-012  -4.7438189478893453E-013   5.1084513337887755E-012   6.2283716657577099E-013   4.5561875680019413E-014   4.1464159786509995E-014   5.4243714657681777E-015  -3.4047086345972935E-015   6.5936471942537672E-016
   3.0029522558546628E-016   8.4835351278474695E-013  -1.6803367175305712E-005  -5.6094271716909062E-013  -3.7791315167678003E-018   1.0078571212886224E-017  -4.9828340745219292E-018   6.8943761655831006E-018   1.9984361508292702E-017   9.0079035370684490E-019   1.1433072194124950E-015  -9.8640094280965076E-012   2.1682507825799234E-004   4.2659140180726381E-012   1.1951995644221888E-015  -8.8461383788722723E-018  -1.2535476736770035E-017   1.1285122577056566E-017  -2.5062124733147064E-017  -2.4102551366815320E-017  -6.4147410302600251E-018  -9.9241113270493825E-011   3.8924492311883160E-003   4.0108507707115271E-011  -1.7125432772656784E-017   1.3909738703489012E-017  -1.4050901033019946E-017  -1.6897242267319780E-018   9.6425251149278998E-018  -1.0834119747819708E-017  -2.6527607465191262E-016  -2.2544447280017208E-010   1.0273537199515173E-002   9.9195775095655710E-011   1.7426983117638481E-016  -1.8008938256470459E-010   8.0293761426150790E-003   7.8593615013857249E-011   5.5082286544992777E-019  -1.7669895361046992E-018   7.2565604366342089E-018  -7.9663112531621197E-018  -4.2701639636710568E-018  -7.4717274331946775E-019  -1.6935152090475409E-012  -1.0464569422058480E-011  -1.5706071980595464E-014   2.2306266568262953E-012   1.0067965096220090E-013   4.1475207299836351E-014   3.6224627544772090E-012  -3.2473901880740184E-013   5.6045492333069697E-012   2.5378131863012072E-013  -2.0776339310495692E-016   4.5502948091974935E-017
   1.1645013390484519E-016   5.0540095816198779E-014  -5.6101266192552485E-013  -1.6803357880346439E-005  -5.1921192755364672E-018  -2.5449968240076052E-018  -3.0374228539267329E-018  -1.4623898708987077E-018  -4.0141517432399896E-018   1.1728995086137088E-017   4.7924288466583265E-016  -5.8855870806764087E-013   4.2659140180726381E-012   2.1682500757556650E-004   5.0494615196752653E-016  -2.5164988289408890E-017  -5.7702865485685432E-018   2.3180208972129343E-017  -3.7812064358372510E-017   1.6355335948863998E-017  -4.6123630473239947E-017  -5.9220176530286803E-012   4.0105682846942222E-011   3.8924485666482289E-003  -2.5483027191645708E-017  -2.6749009236067853E-018  -1.2237402298640610E-017  -2.7842964996894300E-017  -9.7327169238666658E-018  -3.3722663756930689E-017  -1.8801437276505773E-015  -1.3449744838927453E-011   9.9188774735111919E-011   1.0273535555987231E-002  -3.0934568177243309E-015  -1.0744183469252476E-011   7.8588056044197603E-011   8.0293748404350000E-003  -1.2157437834069801E-017  -5.6942312139317175E-019   8.4912664334839732E-018  -4.1495082119926735E-018   4.7068694414779264E-018  -1.1446358832903783E-017  -1.0134237387686747E-013  -1.5696908569028298E-014  -1.0205228966876680E-011   4.5671996714386847E-014   8.5228621780762119E-013   9.0331573226410873E-014   3.4794394183033603E-013  -9.5253978308846563E-013  -4.5105027212539671E-013   8.3166046442060213E-012   2.0465183254432147E-015  -3.9608068618094922E-016
  0.15826788964379465        5.4975520083548471E-016  -5.4708477186222601E-016  -2.5225949929057185E-017   1.2361801770231470E-008  -2.2924132236773367E-009  -1.3752593676407353E-010  -1.2480508859510038E-008  -8.7817203443384620E-010   1.1890147330635582E-010  0.54198955169858309       -8.8580986919179910E-016   1.1951995644221888E-015   5.0494615196752653E-016  0.54832343375854709        1.5987462561344806E-008  -1.2819833123797432E-009  -7.6153101146117659E-011   1.9973356928201669E-009   1.3925874693113518E-009  -1.7984288848400459E-008  -7.0876243412035578E-015  -1.8793909188702838E-017   1.8203757149741228E-015   2.9316942898470378E-008  -3.0110123700002105E-009  -1.7954594465288363E-010  -3.4533278503696470E-009   1.5617908254511721E-009  -2.5863346123302076E-008 -0.34035832041342867       -1.8363948436200173E-014   2.5944996070015507E-015   5.8414279907021662E-015 -0.28860704035143792       -1.4539767297902947E-014   1.4933042109438706E-015   4.4484313720901187E-015   1.2480438496903989E-008  -1.2542973871614897E-009  -7.4771359172902390E-011  -1.1735608786632970E-009   7.0620632910138849E-010  -1.1306813720694691E-008  -5.4987830479209917E-017  -2.5302178338110748E-017  -2.7505481899021955E-018   4.6199645778087641E-017   1.1109386512353563E-017   2.6115796245736671E-018   2.0356456517852867E-018   5.4227210972758014E-017   1.7226236496211455E-017   9.0628372771668026E-018  0.15509827219531053       -2.7950952679820635E-002
   4.6140335388638650E-009  -7.7984548180393308E-018   6.8553891469414639E-019   1.9502200263796270E-018   3.6029956337366102E-016  -6.6817594701941105E-017  -4.0085072903717585E-018  -3.6378591231435824E-016  -2.5599071376807918E-017   3.4920180006480031E-018   1.5796128606313879E-008   1.0062884419130358E-016  -8.8461383788722723E-018  -2.5164988289408890E-017   1.5987462561344806E-008   4.6617845058967767E-016  -3.7385913741945833E-017  -2.2208239538438990E-018   5.8191167429763845E-017   4.0599610469313702E-017  -5.2435477596844367E-016   1.8064913138892062E-015  -1.5880668595838454E-016  -4.5176276858009481E-016   8.5436845604384323E-016  -8.7755274822632411E-017  -5.2328315627565447E-018  -1.0071295805170214E-016   4.5504087269972095E-017  -7.5364766712368431E-016  -9.8035753119651046E-009   4.7679632619630509E-015  -4.1914638412022793E-016  -1.1923601998252855E-015  -8.2131227751764967E-009   3.7264449322730938E-015  -3.2758767475679274E-016  -9.3189992570511112E-016   3.6345991581397829E-016  -3.6527084385916356E-017  -2.1774570630953839E-018  -3.4165818966545496E-017   2.0567940700500662E-017  -3.2929223628719939E-016  -2.7031213257028910E-024  -7.1842564958834327E-025   1.0890740666194099E-024   4.5721757374746821E-025   7.3164426533491442E-028   2.4289886925602292E-024   1.5188261919530382E-025   1.7347981966839603E-024   3.4363040466670378E-025  -7.1956978478358344E-025   4.3845756767093721E-009  -7.8823791793644834E-010
  -3.6990187328070919E-010  -1.2612877158624010E-018   9.7146722297626082E-019   4.4718166868019218E-019  -2.8872323901411203E-017   5.3547247622366605E-018   3.2123971239564523E-019   2.9155462108569819E-017   2.0518860479720057E-018  -2.8359299054510851E-019  -1.2656956529762446E-009   1.6275224067159142E-017  -1.2535476736770035E-017  -5.7702865485685432E-018  -1.2819833123797432E-009  -3.7385913741945833E-017   2.9988695347281948E-018   1.7814158806326867E-019  -4.6597543229298957E-018  -3.2549770297356038E-018   4.2044479446239590E-017   2.9217313440646421E-016  -2.2503713449220903E-016  -1.0358832714961350E-016  -6.8448657042889005E-017   7.0315898800668318E-018   4.1929325945778380E-019   8.0792994065646482E-018  -3.6441359090393802E-018   6.0368731148167328E-017   7.6904338935854942E-010   7.7114722330937240E-016  -5.9395184091771875E-016  -2.7340589080653813E-016   6.2993241455783062E-010   6.0269710847297881E-016  -4.6420844523736823E-016  -2.1368285220781769E-016  -2.9083325710013853E-017   2.9226775393617726E-018   1.7422689622010457E-019   2.7323084545821282E-018  -1.6460239113183056E-018   2.6350868418069009E-017   3.8318687084764189E-026   5.9926475108437465E-025   2.7302495309079860E-025  -3.6431717815014996E-025  -9.0084247361353481E-026   3.7383333229800506E-025  -1.7483971869056538E-025  -8.1183288433770784E-026  -3.4883030649666269E-025  -2.5439403485961673E-025  -3.3204437189829513E-010   5.9411281697089376E-011
  -2.1973036718530214E-011  -8.4661901469840734E-019  -8.7456695612979076E-019  -1.7964041853412464E-018  -1.7150708197325284E-018   3.1808116765345838E-019   1.9082270014388235E-020   1.7318936163779233E-018   1.2188646101115366E-019  -1.6849812150386104E-020  -7.5184605776123918E-011   1.0924489619081267E-017   1.1285122577056566E-017   2.3180208972129343E-017  -7.6153101146117659E-011  -2.2208239538438990E-018   1.7814158806326867E-019   1.0582130056195443E-020  -2.7679482045767128E-019  -1.9335340655944339E-019   2.4975481688523199E-018   1.9611666528637816E-016   2.0259080596622088E-016   4.1613175541491480E-016  -4.0659642452251404E-018   4.1768915535080444E-019   2.4906778705016996E-020   4.7993466254908786E-019  -2.1646623502012212E-019   3.5859923691460632E-018   4.5665692553274238E-011   5.1762056605868133E-016   5.3470811322831860E-016   1.0983175013483103E-015   3.7390303962861620E-011   4.0455104864713776E-016   4.1790597378852787E-016   8.5839999916614859E-016  -1.7275614934498989E-018   1.7360809703864718E-019   1.0349140180431473E-020   1.6229863449608074E-019  -9.7774720864930370E-020   1.5652540179950375E-018  -2.1948356737493410E-025  -5.8697467705211455E-025  -1.0942284788724918E-024   2.9120985947915945E-026   7.0911710385883452E-026   2.6891421938168180E-025   2.5694629799271905E-025  -1.2408774765149542E-025   2.4319769234640876E-025   9.0147354305334754E-025  -1.9704306019748082E-011   3.5253019340671462E-012
   5.7732856313174106E-010  -7.4801060126339149E-018   1.9422466188312935E-018   2.9303333842895288E-018   4.5216876722862245E-017  -8.3817129428008626E-018  -5.0283210490853863E-019  -4.5613855339458538E-017  -3.2069795864814274E-018   3.9768470806746880E-019   1.9836196113738506E-009   9.6520831749564767E-017  -2.5062124733147064E-017  -3.7812064358372510E-017   1.9973356928201669E-009   5.8191167429763845E-017  -4.6597543229298957E-018  -2.7679482045767128E-019   7.3389757265210326E-018   5.0783672839525187E-018  -6.5528272559658424E-017   1.7327439948550173E-015  -4.4991592396966795E-016  -6.7880326337812999E-016   1.0738850602958831E-016  -1.1019691815395978E-017  -6.5709371247977991E-019  -1.2545018125164409E-017   5.7354463861348863E-018  -9.4842494019279308E-017  -1.4087984342231528E-009   4.5733182385972778E-015  -1.1874857218030876E-015  -1.7915996346184846E-015  -1.3348869267259107E-009   3.5743183559113990E-015  -9.2809023519494096E-016  -1.4002409360356756E-015   4.6068876960899120E-017  -4.6314118652590570E-018  -2.7608956775521860E-019  -4.3474825998646224E-018   2.6046450159518487E-018  -4.1721158092611976E-017  -1.1186886331552438E-024   7.3304909639791808E-025   1.7357169042348544E-024  -8.4499532840450580E-025  -3.3097582003358659E-025   2.2711987641928022E-024  -1.8296918315608567E-025   4.0916487103160450E-025  -4.8574043449811292E-025  -1.4291403783343817E-024   7.5838316693500991E-010  -1.3937853373269905E-010
   4.0202944647135492E-010  -3.0238585961113940E-019   1.8678825023808935E-018  -1.2674947543951407E-018   3.1412338206335306E-017  -5.8248973315306218E-018  -3.4944577114087522E-019  -3.1710639900222583E-017  -2.2310402120430484E-018   2.9879519725229640E-019   1.3773412537542784E-009   3.9019029614111017E-018  -2.4102551366815320E-017   1.6355335948863998E-017   1.3925874693113518E-009   4.0599610469313702E-017  -3.2549770297356038E-018  -1.9335340655944339E-019   5.0783672839525187E-018   3.5372923475453626E-018  -4.5676682656805170E-017   7.0047057964473424E-017  -4.3268966089392584E-016   2.9361143049366288E-016   7.4510486412826709E-017  -7.6517683557352257E-018  -4.5627240363598697E-019  -8.7674158056195530E-018   3.9706789416485746E-018  -6.5742386330373647E-017  -8.7958917736415054E-010   1.8487871448682352E-016  -1.1420195966725161E-015   7.7494344071820470E-016  -7.5844532948052590E-010   1.4449363643295313E-016  -8.9255577109797391E-016   6.0566407025874028E-016   3.1751340714501290E-017  -3.1911729736134156E-018  -1.9023277448766649E-019  -2.9870375008853136E-018   1.7964570390115328E-018  -2.8764140616305383E-017  -4.7785234256333423E-027   1.0823280173910433E-024  -7.7708132858376572E-025  -1.5699759342543265E-025   7.2774863256265904E-026   1.0150026071721839E-025  -3.5899908667539903E-025   1.0168514158983634E-025  -6.1233800007710318E-025   6.2358969910676672E-025   4.1127313871032218E-010  -7.4360424580748207E-011
  -5.1912148734978080E-009  -5.5573625643169667E-018   4.9714031580554771E-019   3.5744576351433120E-018  -4.0550491127952261E-016   7.5197170520844179E-017   4.5112111858253401E-018   4.0938813694515249E-016   2.8805233194818118E-017  -3.8896006369480406E-018  -1.7779242480495312E-008   7.1710153347715298E-017  -6.4147410302600251E-018  -4.6123630473239947E-017  -1.7984288848400459E-008  -5.2435477596844367E-016   4.2044479446239590E-017   2.4975481688523199E-018  -6.5528272559658424E-017  -4.5676682656805170E-017   5.8986633635768171E-016   1.2873418456973179E-015  -1.1515685471155097E-016  -8.2801245336644702E-016  -9.6172958431474141E-016   9.8772157088430552E-017   5.8897577443216015E-018   1.1325477604043537E-016  -5.1238071718313967E-017   8.4846598377424425E-016   1.1212017520325236E-008   3.3977459746971417E-015  -3.0393935617370323E-016  -2.1854150071989163E-015   9.5476744136698538E-009   2.6555391940448238E-015  -2.3754654367965502E-016  -1.7080309051320345E-015  -4.0951705430766208E-016   4.1157316181527862E-017   2.4534762840927296E-018   3.8512194095966230E-017  -2.3171922007355682E-017   3.7100276344333807E-016   1.0338900976580168E-024   8.5175900683154632E-025   2.2476223731690161E-024  -2.1546986110268973E-024  -7.0554313987719346E-025   1.5810502626229789E-024  -4.5346715576654172E-026  -1.5477346905470495E-024  -6.2178061785622143E-025  -2.0764457291667522E-024  -5.1427689460882655E-009   9.2758158830101596E-010
  -6.6750658955714837E-016  -3.0165458379743687E-004   9.1974555568185574E-012   5.4719040693404267E-013  -2.1948238154184053E-016  -2.8619815760826207E-016  -1.8708293625670178E-016   2.8622439502849271E-017   1.2808794348999810E-016   1.2515698559095481E-017   2.1294982345775302E-015   3.8924504776931060E-003  -9.9241113270493825E-011  -5.9220176530286803E-012  -7.0876243412035578E-015   1.8064913138892062E-015   2.9217313440646421E-016   1.9611666528637816E-016   1.7327439948550173E-015   7.0047057964473424E-017   1.2873418456973179E-015   6.9877350831955454E-002  -3.8422614274134169E-010  -2.2963763552315860E-011   1.2339835248769230E-015  -2.6235337475403100E-016  -2.7933997949422343E-016   1.1760226212501257E-015  -3.6265119461408581E-017   1.4625094645114668E-015  -5.6375418718109495E-015  0.18443080141756799       -3.5908045827344736E-010  -2.1464474679738234E-011  -5.1059185917279069E-015  0.14414356585419841       -3.5049764815419326E-010  -2.0947692705943388E-011   4.1061563231216911E-016   1.8872576949384151E-017   1.2286947521659713E-016   5.7408158807808995E-016   7.9105108147892261E-017   2.9195352648097665E-016  -4.5659591250200626E-011  -1.5745726451657021E-011  -9.4838242914632989E-013  -3.0471195684804461E-011  -8.5161134531387050E-012   9.1707023164537048E-011   1.1181186900194472E-011   8.1792758996372812E-013   7.4436744946479721E-013   9.7378697061931992E-014   4.7690386058756989E-015  -9.2473188867054454E-016
  -7.6039055077886724E-016   9.1974102018736051E-012  -3.0165446805497813E-004  -7.2432565940359680E-012  -6.7843540403906854E-017   1.8093084532056944E-016  -8.9451959959411771E-017   1.2376849429980113E-016   3.5875979508963582E-016   1.6171002547561297E-017  -1.6203151490982138E-016  -9.9240752813161432E-011   3.8924492311883160E-003   4.0105682846942222E-011  -1.8793909188702838E-017  -1.5880668595838454E-016  -2.2503713449220903E-016   2.0259080596622088E-016  -4.4991592396966795E-016  -4.3268966089392584E-016  -1.1515685471155097E-016  -3.8422614274134169E-010   6.9877346011381125E-002   6.5208752087549549E-011  -3.0743728242308016E-016   2.4970808745625660E-016  -2.5224212365802429E-016  -3.0333806182840441E-017   1.7310279460455439E-016  -1.9449337749385388E-016  -1.1913757247513724E-015  -3.5908137880174938E-010  0.18443079691296449        5.2465149507296104E-011  -1.9451625389913571E-015  -3.5049840454699186E-010  0.14414356145674237        6.0146099923062734E-011   9.8879423983707318E-018  -3.1720994383421423E-017   1.3026995830420418E-016  -1.4301136503733586E-016  -7.6658115350607569E-017  -1.3412844069384585E-017  -3.0402028311033889E-011  -1.8786021246509660E-010  -2.8195409941467628E-013   4.0044264950360618E-011   1.8074033000219920E-012   7.4456577810141820E-013   6.5030542189795037E-011  -5.8297228160032564E-012   1.0061300818748226E-010   4.5558871860805139E-012   1.3650695499874532E-015  -2.5760934743379803E-016
  -1.5822966326432553E-016   5.4748890923264941E-013  -7.2447311632535965E-012  -3.0165434802734527E-004  -9.3209268732426606E-017  -4.5687819483387147E-017  -5.4527896761110208E-017  -2.6252670560804257E-017  -7.2062153781624325E-017   2.1055925113125247E-016  -3.6064592841784469E-016  -5.9229758227866637E-012   4.0108507707115271E-011   3.8924485666482289E-003   1.8203757149741228E-015  -4.5176276858009481E-016  -1.0358832714961350E-016   4.1613175541491480E-016  -6.7880326337812999E-016   2.9361143049366288E-016  -8.2801245336644702E-016  -2.2963763552315860E-011   6.5208752087549549E-011   6.9877344930895327E-002  -4.5747251114373783E-016  -4.8019848683789947E-017  -2.1968618143426408E-016  -4.9983764130394170E-016  -1.7472203616652272E-016  -6.0538973060869011E-016   3.3182556294536219E-015  -2.1464417730325059E-011   5.2473325489431344E-011  0.18443079604355750        2.9412450485134440E-015  -2.0948001288516403E-011   6.0150914204225043E-011  0.14414356046011043       -2.1825094369245558E-016  -1.0222270778984303E-017   1.5243545181719185E-016  -7.4492055302641337E-017   8.4497836403377080E-017  -2.0548509921295333E-016  -1.8193008841053851E-012  -2.8178959769674484E-013  -1.8320455425449217E-010   8.1990454374143837E-013   1.5300265860009394E-011   1.6216350174030072E-012   6.2462987252428642E-012  -1.7100020623820753E-011  -8.0972679723427892E-012   1.4929991784368603E-010  -2.5901106826723074E-015   4.9899026103077832E-016
   8.4697453806141842E-009  -5.3269677833469341E-018   1.3271527121429364E-018   1.9748624592703126E-018   6.6270972639814929E-016  -1.2286252067577491E-016  -7.3707243400837212E-018  -6.6872265168051775E-016  -4.7029428121570657E-017   6.0232996903032036E-018   2.9066480160213424E-008   6.8737826097524631E-017  -1.7125432772656784E-017  -2.5483027191645708E-017   2.9316942898470378E-008   8.5436845604384323E-016  -6.8448657042889005E-017  -4.0659642452251404E-018   1.0738850602958831E-016   7.4510486412826709E-017  -9.6172958431474141E-016   1.2339835248769230E-015  -3.0743728242308016E-016  -4.5747251114373783E-016   1.5731107924357050E-015  -1.6147573487715643E-016  -9.6286851681776414E-018  -1.8431546828446126E-016   8.3941166179064704E-017  -1.3887808109515936E-015  -1.9790769971633586E-008   3.2569146561884377E-015  -8.1143456272207994E-016  -1.2074301582688668E-015  -1.8104012336391325E-008   2.5454711962242290E-015  -6.3418406166223676E-016  -9.4367799736517396E-016   6.7301031403042280E-016  -6.7651833474228516E-017  -4.0328819824912321E-018  -6.3430933575558036E-017   3.8061919793477037E-017  -6.0957593095583888E-016  -3.5968079189876100E-024  -7.7086463432306580E-025   9.2136525430329818E-025   1.8268805806727123E-024   3.3544961187357208E-025   1.8223215331369937E-024   8.9977776382766321E-026   2.9354884512173543E-024   5.6531654021072028E-025  -3.6889792323865985E-025   1.0115716937930905E-008  -1.8485137756360697E-009
  -8.6976459395981118E-010   1.1325538334904102E-018  -1.0779654049508138E-018   2.0729798052851299E-019  -6.8035281522648353E-017   1.2613871470986386E-017   7.5672712334688201E-019   6.8658260804722835E-017   4.8289392265940504E-018  -6.2404509349353758E-019  -2.9838574634865013E-009  -1.4614138509320940E-017   1.3909738703489012E-017  -2.6749009236067853E-018  -3.0110123700002105E-009  -8.7755274822632411E-017   7.0315898800668318E-018   4.1768915535080444E-019  -1.1019691815395978E-017  -7.6517683557352257E-018   9.8772157088430552E-017  -2.6235337475403100E-016   2.4970808745625660E-016  -4.8019848683789947E-017  -1.6147573487715643E-016   1.6576543246972428E-017   9.8844888289650334E-019   1.8935443137743669E-017  -8.6141208921826869E-018   1.4253880333962552E-016   2.0067726072679742E-009  -6.9244243317192669E-016   6.5906711027981045E-016  -1.2674121376834032E-016   1.8160051477174974E-009  -5.4118466520039433E-016   5.1509987795488732E-016  -9.9055743269725535E-017  -6.9028991887261949E-017   6.9386616201076298E-018   4.1362946169920135E-019   6.5035973152543584E-018  -3.9042446550536649E-018   6.2525040826781198E-017   3.6565866724522597E-025  -4.7580607831323266E-025   1.5354125162711909E-025  -3.3638608470825556E-027  -3.3085078151185684E-026  -3.6377488396348024E-025   1.6536489077505198E-025  -2.9990818877664036E-025   2.6591921825055536E-025  -1.4875737176688655E-025  -1.0093564186522896E-009   1.8410715786227846E-010
  -5.1863752451402454E-011   1.2058867149500533E-018   1.0889076266934607E-018   9.4836596611563396E-019  -4.0569042564016958E-018   7.5215824466977346E-019   4.5123223968873494E-020   4.0940567535812740E-018   2.8794747869247256E-019  -3.7216051503491732E-020  -1.7792554416199157E-010  -1.5560363806913001E-017  -1.4050901033019946E-017  -1.2237402298640610E-017  -1.7954594465288363E-010  -5.2328315627565447E-018   4.1929325945778380E-019   2.4906778705016996E-020  -6.5709371247977991E-019  -4.5627240363598697E-019   5.8897577443216015E-018  -2.7933997949422343E-016  -2.5224212365802429E-016  -2.1968618143426408E-016  -9.6286851681776414E-018   9.8844888289650334E-019   5.8940588258297913E-020   1.1291201621603665E-018  -5.1365220400716794E-019   8.4994762548596865E-018   1.1964241602779946E-010  -7.3727603918479819E-016  -6.6575533769460868E-016  -5.7982880396281181E-016   1.0825279030202580E-010  -5.7622477613028469E-016  -5.2032711984613953E-016  -4.5317045770347843E-016  -4.1161069138800762E-018   4.1374298025400993E-019   2.4664163576166277E-020   3.8779894016114201E-019  -2.3280517902190207E-019   3.7282868804089362E-018   3.1597781205031419E-025   7.5008774229904290E-025   5.8227723492270350E-025  -4.0838727948180693E-026  -2.4220372770645406E-026  -3.7564342392684296E-025  -3.0031739995972303E-025   5.4374437760133963E-026  -3.4645765449533579E-025  -4.8991602133602643E-025  -6.0163700944655193E-011   1.0973608482726665E-011
