   8.1736896000212264E-002  -8.1470039691751291E-009   2.2582886429388974E-008   6.4571990576951007E-008  -3.8831032112299756E-008  -1.0834732597503838E-008   1.0664861854954181E-009   3.4282855748262123E-008   2.8563441239572318E-008   4.5481736689337328E-009  0.15995205581154320        2.2796066676693161E-008   1.9256478560315177E-008  -2.5631800545715190E-008  -8.0182110445350978E-010   6.9075404698992084E-010   6.5608543637594876E-010  -1.3248727095727073E-010   1.8348602034023294E-009   1.2084942861313953E-009  -9.9671476312703520E-010   8.3225162963462369E-010   6.4647856664789344E-010  -1.1093396788993126E-009  -3.1411730853684848E-009  -1.2953527170741795E-009   3.6123385992542404E-009   2.1533506646237021E-009   4.1556390634463421E-011   9.8780112224719936E-010   3.0706567038206185E-008  0.13644828326062641        1.4825890338787397E-008   1.8291010879092438E-008   9.2000817108829902E-010   4.6058767841750171E-011   2.6624829903399275E-010  -1.4075821167255823E-009  -1.0559039952287241E-009  -2.0852144651421066E-010   2.4560623295993797E-010   3.2424927618135667E-010  -3.9130973686417634E-010  -5.0792943451496371E-010   6.8466109749279605E-010   4.0883574628502500E-010   2.0488988495962586E-010   3.7818865428386422E-010   2.0650472729821155E-012  -1.1208878730005807E-008  -7.7459495814834817E-009   3.2131368950252061E-009   8.9804198422596002E-009   6.2172000518805641E-009   2.2283971494508503E-009   9.6414930714994768E-011  -1.8988352904754188E-010   9.0435082068057734E-012  -2.3375264352327642E-010  -1.9082231654780141E-010   1.0471721759571109E-010  -1.9434154750193931E-010   7.1511727578947820E-010   4.5061628042642429E-010  -5.3975637220495690E-010  -9.5300807532851628E-009   5.9484703631251419E-003   1.5858451590737325E-009  -5.4454914671136030E-011   1.2918964386354587E-008   8.7052529533199022E-009  -4.9257399177835274E-009  -1.0317815754436400E-008  -6.0516074588665804E-009  -2.6011477945208003E-009  -1.4494680334196885E-008  -2.8974585003560465E-002  -3.4449419107629214E-009  -3.7121909353852225E-009  -9.1369119752449282E-002  -1.0241380676449785E-008  -1.2520831201748209E-008   9.9856610136101880E-011   3.9819418203827721E-013  -1.2432995115241124E-010  -2.8399846867947751E-010  -6.3795475465107135E-011   1.5007861298511011E-010  -1.9967085761683253E-010   4.8229545224805251E-010   2.6748679151239867E-010  -2.6681097704729247E-010  -5.6690780873643259E-009  -1.9425947185220627E-009   4.7361299260664843E-011  -1.5362917922435420E-011  -4.2052813014608767E-011  -1.0512977127864863E-010  -4.6400582064103417E-011   4.1603973670594376E-011  -7.0426682402048339E-011   1.9449613310725654E-010   1.0984948040314909E-010  -1.1362412808040553E-010
  -8.1470039691751291E-009   8.1736920129386451E-002   7.3234653285593941E-009   2.3759926931038162E-007   8.0336133593404269E-009   2.9369579268568173E-008   2.7730306424229658E-008  -2.7586811515720930E-008  -1.6091123283266037E-008   1.9553208698623358E-008  -3.3685576513263530E-008  0.15995207504580064        1.5189398571093309E-008  -1.4724395898432140E-007   2.5314825850216455E-009   4.3023367917541542E-010   1.6674869592516031E-009  -4.1164503719655173E-010  -3.2316939889796184E-009  -2.9846875209715448E-009  -5.7692027436062671E-010  -9.4883727889349588E-010   3.4380973240668955E-010  -5.3565015187416984E-010   1.4840608273217814E-009  -2.0622446484478571E-009  -1.6668736139840822E-010  -2.6800551074433298E-009   2.7302133048258176E-009   1.1960725017500139E-009   1.0226077160347423E-007  -2.6873433189881517E-008  0.13644829735587127        1.2116940016449007E-008   1.5568207096048895E-010   9.8369608525958257E-010   3.5082386648226923E-010  -2.2054927673397380E-010  -2.3215350953522683E-010  -5.2926927133630060E-011  -1.2236907177666722E-009  -9.3520232229875481E-010   3.2198688356085103E-010   3.4623466301959111E-010   4.1295868427832764E-010   8.7816817243409465E-010  -5.0485607606137420E-010  -7.0513130120916024E-010   3.1753701846271480E-010   4.9675490999668528E-009   4.1472764328819260E-009   5.9170503163373106E-009  -1.2477811177184327E-008  -7.3779479759368608E-010   7.5104602427717875E-009   8.0219565057252191E-011  -3.3135647122362808E-011  -2.6476301821951547E-011   3.2988288393551950E-010  -7.3775648163437083E-011  -4.3750055514720478E-010  -2.2896784841553383E-010  -1.6622583274673733E-010   3.4039045767394670E-010   1.4363446353354555E-010  -4.5426818871263399E-008  -1.2170491270641556E-009   5.9484697068022657E-003   3.6917646717775695E-010  -5.6711562287565553E-009  -3.2623359793325033E-009  -5.7222357327975084E-009   1.4037941364627237E-008   2.9705453668210151E-010  -8.3667867016750287E-009  -2.0612715481684392E-008   5.6767835958828489E-009  -2.8974587966413997E-002  -2.5621480678926000E-009   1.7762085167323313E-008  -9.1369130307233579E-002  -8.2054502436075996E-009   1.0115423685594076E-010   1.0907093935037172E-010   5.6967267867250163E-011   2.5435927246436263E-010  -2.8499768166319097E-010  -3.9006959434034547E-010  -3.2820720196517970E-010  -1.5588738329984220E-010   3.3128667670495860E-010   7.3731586046141645E-011  -1.1644834388238719E-008  -4.1091291629812617E-009   1.8041486805461695E-011   3.2240237817626506E-011   4.4369643400687753E-012   1.0836492556237471E-010  -7.1674715941613022E-011  -1.3256932679249711E-010  -1.1572257396196509E-010  -5.3295982233700353E-011   1.2302744333536096E-010   3.6417687716489427E-011
   2.2582886429388974E-008   7.3234653285593941E-009   8.1736920235193869E-002   5.6109572489637695E-009  -7.9893806553432188E-009   2.9373357925328903E-008  -5.5229833031175020E-009  -2.3076063322897292E-008   1.7181959895882934E-009   3.1065447881292129E-008   1.2329590338516640E-008  -4.5255025482969672E-009  0.15995207284700474       -1.3196308931798459E-008  -4.9210664535576595E-010  -9.3737509191699455E-010   5.4832002092742240E-010  -3.7153308548776390E-010  -4.1922041210753604E-011   1.0317653000499636E-009   1.0633084614868455E-009  -1.1398191040305203E-009  -4.8920547865001936E-010   4.4074467859030017E-010  -1.5656564947705541E-009  -1.4751799008992365E-010  -2.6699302935469827E-009  -2.5847135867149791E-009  -1.2896873038152212E-009   4.1503967539006610E-009  -3.7397977825517375E-009   1.3064720478136384E-008  -2.3958843945403846E-009  0.13644829979517112       -6.2100166587959349E-011   3.7332790391966874E-010   6.4962973994586603E-010  -2.0220805342804663E-010  -3.6264679858399138E-011   3.1129292230213189E-010   4.6723328712637416E-010  -7.1828503233967891E-010  -1.1277314654926717E-009  -1.1425177312017283E-010  -4.0784884026970921E-010   5.0316973593730243E-010   9.1864516960617643E-010  -4.7613949330452541E-010  -7.0017195803300743E-010  -3.3286486477907355E-009   6.3668805251243951E-009  -3.6166156244926472E-009  -6.8212423145588956E-009  -4.9842559753189355E-009   1.0149952686402070E-008  -4.1393723200546454E-010  -6.6429030245185493E-010  -2.6211947060186430E-010   3.8981878216390634E-010   5.2077114110586072E-010   1.6553932350933443E-010   5.3011545462824347E-010  -3.3351790338945616E-010  -4.6936415408451977E-011   4.4389493258886805E-010  -2.7993330240204368E-009  -3.9616975384552070E-010  -6.1529250227120431E-010   5.9484705409050759E-003   3.8336963444977540E-009  -6.1785270988626110E-009   5.5795726494799172E-009   8.3399969622816986E-009   5.7727309383380695E-009  -1.2173694296082250E-008   7.7888499846668868E-009  -2.5795762754367397E-009   6.1832659729013845E-010  -2.8974588477841508E-002  -9.0454902577576878E-009   1.5570698228610892E-009  -9.1369131382781091E-002  -1.7049776820052206E-010  -4.1420433445335258E-010  -1.0972098946616529E-010   2.5033963498517735E-010   3.6379415222703286E-010  -2.1592897050449592E-011   3.7025848176868655E-010  -3.8559344602996539E-010  -8.2549951981778452E-011   3.6918660456714783E-010   2.1533628800109425E-009   7.5056175004036805E-010  -7.8887391284958330E-011  -1.6927305489541106E-010  -5.3291031994841384E-011   1.0806542083020201E-010   1.5264664195493533E-010  -2.2269111500917424E-012   1.4571031364043024E-010  -1.3401604429119597E-010  -2.6217893264912329E-011   1.3960721880003384E-010
   6.4571990576951007E-008   2.3759926931038162E-007   5.6109572489637695E-009   2.4351970678844835E-002  -1.5964037109274545E-009  -3.7712755274057589E-009  -8.9360753110629858E-010   3.1640888874773769E-009   2.3583250999213510E-009  -1.5677580908954757E-009   1.1438257792372286E-007   4.2948990118262457E-007   1.3283065283751678E-008  0.11670864119977881       -2.5332872127809604E-009   2.0871078425641517E-010  -5.2706016301835210E-010   3.3477493323034762E-009   3.0440780373838379E-009   5.0994306557095177E-011  -1.1796621751280210E-009  -2.0534556278839775E-009   1.3739788489086159E-009   1.9234041825140043E-009   8.4102397783066030E-011  -9.0503852680559233E-010  -1.1049210645450784E-009   1.4318192507618523E-009   5.6494252667694304E-010  -1.5166520049184225E-009  0.13991693124814039        8.8680834159825593E-008   3.5342033457573988E-007   1.6797461087178377E-008   4.1632548392635379E-011  -5.1469006081413829E-011  -4.0486224489955057E-011  -1.6410451597902988E-011  -1.0673011377507110E-010  -5.6744256563159577E-011  -1.8622212571623977E-011   6.4153536041936938E-011   9.4037320427967994E-011  -7.3310262604580170E-012   1.9148355552288662E-011   6.7783265736496261E-011  -1.7265745050514329E-011   1.1768629210992749E-011   4.2112500660737054E-011  -6.0553993911184150E-010  -1.6166003841460269E-009  -4.3213262560877665E-010   1.7361635088336553E-009   9.2554073546296746E-010  -1.1324312406994690E-009   1.2779958649139346E-009  -6.9783658088126513E-011   4.3593707718714293E-010  -1.3082385495239000E-009  -1.6615677649315135E-009  -4.0639708008604119E-010   4.0950088527420468E-010   5.1825307289124126E-010  -4.7961850881597215E-010  -7.1121261866251466E-010  -4.2985689823190135E-003   2.3298251897176203E-009   9.1507375346340583E-009   1.6864771485829171E-009  -6.0316873236870926E-010  -5.5010448503277953E-010   8.1059003414164516E-010   3.2042620561847431E-010   3.1835149079443347E-010   2.8277994660561531E-010 -0.12354688202412574       -1.9120291854468006E-008  -7.4360852105046597E-008  -3.4522902802527122E-009  -6.1880298729941301E-008  -2.4052194715603777E-007  -1.0607586833437093E-008   6.8506612462983750E-010  -5.4092250726342531E-011   2.6443433905574974E-010  -6.2142652445107770E-010  -9.1596615843647939E-010  -2.9769010080046342E-010   2.0132022708281457E-010   1.7800712302407759E-010  -2.1600651240223280E-010  -3.2977680828203932E-010  -3.7254988078723787E-002  -1.0798323655595569E-002   3.2230910306408375E-010  -2.3575079048985333E-011   1.1519880854672703E-010  -3.1248612915935992E-010  -4.2487016799612212E-010  -1.1993846904114946E-010   1.0105258208848242E-010   1.1125444771388318E-010  -1.1200085234766945E-010  -1.6878848711924305E-010
  -3.8831032112299756E-008   8.0336133593404269E-009  -7.9893806553432188E-009  -1.5964037109274545E-009   5.5705855013718910E-006  -2.5422367006517214E-012  -3.3886539572907628E-013  -2.7852914503313584E-006  -2.1649825446526459E-012  -2.7852940508875381E-006  -7.5996860516122133E-008   1.5722301226384494E-008  -1.5636030085000946E-008  -7.6496967219542022E-009  -1.5525946814093601E-012  -7.8710374087608687E-013  -3.6605458403683479E-012   9.9252775568645527E-013   3.5881132661213049E-014   1.0904924301941941E-012   1.9567205291494385E-012   4.1788531414008096E-012  -1.8381249250647764E-012  -3.8627815723783681E-013   5.5255766353033311E-005  -1.1583331829549677E-012  -1.4290265177784310E-012  -2.7627878571898306E-005  -1.0066343734872463E-011  -2.7627887780213403E-005  -9.1520304997438979E-009  -6.4797757856687509E-008   1.3402325207407723E-008  -1.3331622949952359E-008   1.2694248773313936E-013   1.3227997387254697E-012   2.7020941905911653E-012  -8.6189328013176950E-013  -4.1000058731444806E-013   6.3903020423943591E-013  -1.1548442831449454E-012  -6.9963928424648381E-013  -2.2533795234851685E-013  -2.1806135306945997E-012   5.1055958898509198E-013   1.0885513436882133E-013  -3.4887372124402276E-014   1.9673874382897905E-013  -3.4388434677004069E-013   2.5901625679572053E-004  -1.4798424785279059E-011  -1.3688295735079757E-012  -1.2950809288161583E-004  -5.3732022430469944E-011  -1.2950816391150752E-004  -3.2931098826511632E-012  -9.4641255563813000E-012   1.5452007242456988E-011   2.1704388206715035E-012   2.4775310102315005E-014   2.2477229345593520E-012   3.1147335717878223E-012  -9.0414250451682076E-012   5.2852591157801119E-012  -4.7781303621371235E-012   2.9203557151011129E-010  -2.5032651634239050E-009   2.1054355473836561E-010  -5.1338911974133579E-010   3.1727101419051795E-003  -8.7965257394241934E-011   1.4924506908722716E-011  -1.5863546964147725E-003  -5.8834038094775841E-010  -1.5863554454907296E-003   8.1025984991998509E-009   1.3756236848571096E-008  -2.8457606494591179E-009   2.8332450982210960E-009   4.5069791469026471E-008  -1.1010494457346428E-008   9.3325337650878234E-009  -1.1252138716877079E-011  -3.3068260399709407E-011   2.4073484417905483E-011   7.5277112347812087E-012   8.0884614527182800E-015   7.5686137384202297E-012   1.6979442479974837E-011  -9.6800792854013766E-012   1.0287960286481256E-011  -1.0728219406927420E-011   2.4500666430665681E-009   7.0613411323388311E-010  -4.2552684551492541E-012  -1.8685829591662884E-011   9.1887111148195725E-012   2.8462347362936899E-012   4.6737859006129754E-015   2.8628052246440236E-012   1.0016329617695329E-011  -3.4038376929984392E-012   5.2475225465878704E-012  -4.3117963233582821E-012
  -1.0834732597503838E-008   2.9369579268568173E-008   2.9373357925328903E-008  -3.7712755274057589E-009  -2.5422367006517214E-012   5.5705819133495133E-006  -3.2508078370710179E-012   1.4139902368468464E-012   5.1244462702685547E-012   1.1282130656499527E-012  -2.1204219402391786E-008   5.7478249148696849E-008   5.7485702660496162E-008  -1.8080193374429891E-008   8.0835094210289379E-013   1.8074304132887173E-012   2.2639829574978796E-012  -2.3455476067200776E-012  -5.4496481992056563E-012   1.2610333494112633E-012   5.7072527769380972E-013   2.4252396850961409E-012  -2.5731409026600773E-012  -3.4951437266527276E-012  -2.3026488899981578E-011   5.5255751697888009E-005  -1.0695162111269972E-011   1.6591307334181830E-011   2.0589182394818767E-011   6.4350546042477073E-012  -2.1629093458149773E-008  -1.8076495745883543E-008   4.8995180657135963E-008   4.9006631346878430E-008  -9.0237781915365030E-013   7.6529368657933210E-013   3.7715067207225718E-013   1.8021205825577761E-012   2.1863427323231630E-012  -2.1697423243883424E-013  -1.0916520703307966E-012  -1.1019329549844648E-012   4.3781448502579328E-013   4.4418332738487634E-013  -1.0991868256458567E-012  -2.1813261793275732E-013   1.2874931399522414E-013  -1.4114717950970635E-012   5.0233725287656560E-014  -1.1862448345395864E-010   2.5901615947072015E-004  -7.4795170493921635E-011   9.4090661825032304E-011   1.4037189135964096E-010   2.4533721546633681E-011   6.1002361657419087E-012  -8.6275622336914849E-012  -3.2614668605498551E-012  -9.2725027161206268E-012   1.6130040890145013E-011   1.0881748238425400E-012   2.3239497624479016E-012  -3.0850286309788969E-012   5.5096458872173871E-012   4.7303949635155840E-012   7.4111947935201719E-010  -1.7135402351597995E-010   2.0505505843212563E-009   1.9690039591248896E-009  -1.3540778543059289E-009   3.1727091267031060E-003  -7.5573456870977373E-010   1.0660248119823848E-009   1.5216455403270006E-009   2.8805303092418021E-010   1.9308368494195389E-008   3.8389550214282265E-009  -1.0398612911406819E-008  -1.0402538271442794E-008   1.5479229274807316E-008  -3.3164883520391439E-008  -3.3646576090453319E-008   2.1209706597861611E-011  -1.5030549930954727E-011  -1.8144611161105111E-012  -3.6907396374989607E-011   2.2516358006598214E-011   8.4515781137496388E-012   6.6292071884363391E-012  -1.7640446092893478E-012   6.1365325915629429E-012   2.6672605209200544E-012   5.8925780561740609E-009   1.6667528798401704E-009   1.2038245662699471E-011  -5.3900349487761340E-012  -4.7422581374762838E-013  -2.1219313852695137E-011   8.3965533520539433E-012   5.0683057230018129E-012   2.4806205691984269E-012  -4.3816098280211176E-013   2.0619319916788613E-012   6.8005229553806179E-013
   1.0664861854954181E-009   2.7730306424229658E-008  -5.5229833031175020E-009  -8.9360753110629858E-010  -3.3886539572907628E-013  -3.2508078370710179E-012   5.5705822731816234E-006   3.6121624300577484E-013   2.6449244797924593E-012  -2.2210449226395840E-014   2.0878951940388265E-009   5.4270556129109521E-008  -1.0810608397513374E-008  -4.3027395886235983E-009   2.1635805192914318E-012   2.4043548552757126E-012  -1.5846992159027485E-012  -7.4653820363104151E-013   5.1497938966314066E-013  -2.1562109777602051E-012  -3.5047459151003966E-012   2.6047387494210416E-012   2.2977618398332527E-012  -7.6028306610781743E-013  -5.4609677449652628E-012  -1.6780272945523247E-011   5.5255750652255509E-005   6.5846970243729409E-012   1.7946836974797231E-011  -1.1232908643942974E-012  -5.1277500680240681E-009   1.7882047355044739E-009   4.6264327808506082E-008  -9.2286007166940875E-009  -2.0646620114987182E-012  -6.1965371762971201E-015  -1.2306474356156485E-013   6.0096045453585166E-014   1.4920511316957970E-012   3.5666956324452257E-012   7.5916651393900426E-013  -1.0029210906095270E-012  -1.0102172323244558E-012   8.7063104340090908E-013  -1.3020688074803390E-013  -8.3270882060930928E-013   1.6859499732047717E-013  -2.7939708471725010E-013  -2.1264346334011441E-012  -1.9134330418409071E-011  -1.0146787269279176E-010   2.5901617032235761E-004   1.7087918892349636E-011   1.0819278622050136E-010   2.0467325455925781E-012  -9.5526753464116503E-012  -3.1891443870369465E-012  -3.1096165825631529E-012  -1.8100590077215617E-012  -1.0013359077118926E-011   1.4626317456282751E-011   4.8090130772042938E-012  -2.5360331735108486E-012  -3.2627892549173828E-012   4.2080587281453848E-012   2.4118768664547322E-010   4.1874667882126866E-011   1.8521324809136187E-009  -2.9549550116086742E-010  -2.0544583881783279E-010  -1.0867231940004662E-009   3.1727092326779395E-003   1.6358727239317603E-010   1.1829603670944073E-009   4.1858582364142277E-011   4.8056046041323940E-009  -3.8561200851685998E-010  -9.8203284795156613E-009   1.9607171635996249E-009  -1.4987325696053814E-009  -3.1797631219120425E-008   6.7838101077347190E-009  -1.5531324497671915E-011  -1.8017178538048286E-012  -1.1135210617483386E-011  -4.8327718610993293E-012  -2.8868956697696672E-011   2.5670230814226302E-011   2.7074698362689847E-012   3.1102283644733759E-013  -1.8307161828015696E-012   8.0678794890254215E-012   1.5400956136209808E-009   3.9320065984674782E-010  -5.9564048015584312E-012  -4.6164669699626331E-013  -4.1909079417755746E-012  -1.9926883417698356E-012  -1.5939123494059770E-011   9.9840443549835944E-012   6.9937457234331629E-013   2.8359051209451338E-013  -4.7665161517959375E-013   2.9123403108138104E-012
   3.4282855748262123E-008  -2.7586811515720930E-008  -2.3076063322897292E-008   3.1640888874773769E-009  -2.7852914503313584E-006   1.4139902368468464E-012   3.6121624300577484E-013   5.5705834741164684E-006   1.1809796520761800E-012  -2.7852920241780909E-006   6.7095424942673670E-008  -5.3989743142726054E-008  -4.5162501672861124E-008   1.5168280741973999E-008  -1.4772261526721199E-012   1.5797733861248463E-012   2.5276582983880201E-012   3.8807238383270888E-012  -8.4053786791033825E-014  -1.8988096816587400E-012  -2.4464672939938055E-012  -5.3121915982814886E-012   1.7024931319757667E-012   2.0754504132632985E-012  -2.7627878741445954E-005  -6.4370074310133861E-012   3.8952120751024164E-012   5.5255758856391224E-005   9.2897649144759541E-012  -2.7627880117607474E-005   1.8143292362962614E-008   5.7206956765060324E-008  -4.6026716570941904E-008  -3.8509580278712781E-008  -3.0508875397546289E-013  -1.1121054981264436E-012  -5.6478904431163394E-013   5.9082743412028598E-013   4.0757146901898889E-013  -5.4942695755674958E-014   1.9550548594173432E-012   1.7103507172112246E-012  -1.1309294096255401E-012  -7.1002733327968688E-013  -1.1383859589341363E-012  -9.8062952064398608E-013   1.4088583220533126E-012   6.7684318016125431E-013  -7.7075935157593797E-013  -1.2950809355958851E-004  -1.3900646483296390E-011   7.5981115776942399E-012   2.5901619691415001E-004   4.6628895387083368E-011  -1.2950810336090509E-004   5.1232528775107012E-012   5.7975379550076294E-012  -6.2917374372898082E-012  -1.0509495913781261E-011  -2.7966166019446607E-014   3.6359412902107188E-012  -8.6924900987646856E-012   1.8212365566333148E-011   5.8646374884976292E-012  -8.8851303721726809E-012  -6.2496038570156149E-010   2.2493932990727554E-009  -1.1982496102101570E-009  -1.5345133367017659E-009  -1.5863547054677388E-003  -2.5419370679118961E-010   3.9355461952950152E-011   3.1727095683108646E-003   5.3279646568408460E-010  -1.5863548628437169E-003  -1.6179597372412690E-008  -1.2144155145026843E-008   9.7719127159143826E-009   8.1779724100576080E-009  -3.9565462196091369E-008   3.5196215309124421E-008   2.6576226909293189E-008   8.1398595178823735E-012   2.3895323168609398E-011  -7.4537692503478977E-012  -1.4837182704943205E-011  -1.0653565118265566E-014   3.9164175010513911E-012  -3.5608508139565692E-011   2.6298375843431372E-011   2.3878497616712449E-011  -1.4045942148552794E-011  -4.9344980110577459E-009  -1.3981654544394613E-009   2.8963166875397576E-012   1.3784265803201730E-011  -2.6899283571919496E-012  -5.1343368791883219E-012  -5.2742129198695915E-015   1.2485211638924425E-012  -2.0542884699543289E-011   9.9040261469508947E-012   1.3776902399964544E-011  -5.3770699594700300E-012
   2.8563441239572318E-008  -1.6091123283266037E-008   1.7181959895882934E-009   2.3583250999213510E-009  -2.1649825446526459E-012   5.1244462702685547E-012   2.6449244797924593E-012   1.1809796520761800E-012   5.5705848783092493E-006   9.8397897493231137E-013   5.5900695264114625E-008  -3.1492261479714048E-008   3.3630889626498244E-009   1.1305681324547522E-008  -3.5924069710239030E-012   2.1293455296311131E-012  -6.0961868846408984E-013   2.5464090574818924E-012   4.0450024924428267E-012   2.2733109179074839E-012   1.4129116749393848E-012  -1.0684846471208724E-012  -4.0249617059174215E-012   1.2507959442051008E-012  -1.0996132712082636E-011   1.8128427627913649E-011   2.3529416988626635E-012   2.4020154849365807E-012   5.5255763213303820E-005   8.5939749225624563E-012   1.3526204168033172E-008   4.7654852559382859E-008  -2.6846957966390893E-008   2.8689459210337406E-009   4.4332897226272188E-013  -1.2484597236842084E-012  -5.1504101866652562E-013  -6.2632123226446675E-013  -3.4348439614401799E-013  -1.5243612628339348E-013  -3.9808584127732102E-013   1.7898082635012664E-012   2.2090718636433432E-012  -8.1900041876935219E-013   9.5444233101655599E-013  -1.3137676817054161E-012  -1.0502660307268198E-012   1.5698006385710266E-012   6.8467190295693223E-013  -5.6728665787081687E-011   1.2960239131140136E-010   3.7786188524576098E-011   1.3073076019175022E-011   2.5901623430000647E-004   4.3655396694903368E-011   4.7253098921398735E-012  -6.5220521743572687E-012   3.8579658937408160E-012  -3.0539333331399948E-012  -9.3915253076873798E-012  -3.2857357237823567E-012  -8.4376956744908209E-012  -1.1051954341856890E-011   1.7842400259678088E-011   5.3620792871127802E-012  -4.5769823374369719E-010   1.9108041046890728E-009  -1.1194513783423704E-009   6.7209873062811444E-010  -6.2936600333034065E-010   1.3871621326109428E-009   3.1458232773509025E-010   1.2642432056732314E-010   3.1727099713564589E-003   5.0294165670216539E-010  -1.2058315574572988E-008  -1.0115578832235714E-008   5.6931089799184520E-009  -6.0717928005656847E-010  -3.2739108244460777E-008   1.8114989707851412E-008   1.1062442503811646E-009   2.6654726435633064E-012  -8.6566845123972689E-012   1.0367133474931490E-011  -1.7535573119220400E-012  -1.2621508498143119E-011  -1.8225488023215990E-012  -1.4587021358111029E-011  -3.8216595725343936E-011   2.8227222671950462E-011   2.0757760465717933E-011  -3.6743933082279279E-009  -1.0425769172964936E-009   6.8087986211103563E-013  -3.2146179095309163E-012   5.6614594707888410E-012  -4.3298873572415903E-013  -4.3166451881097705E-012  -4.8050698690578868E-013  -5.6574311141523857E-012  -2.1628979153352768E-011   1.0804856376926672E-011   1.1901486195455792E-011
   4.5481736689337328E-009   1.9553208698623358E-008   3.1065447881292129E-008  -1.5677580908954757E-009  -2.7852940508875381E-006   1.1282130656499527E-012  -2.2210449226395840E-014  -2.7852920241780909E-006   9.8397897493231137E-013   5.5705860753056146E-006   8.9014302949593512E-009   3.8267462541701515E-008   6.0798539400207036E-008  -7.5189353626160721E-009   3.0298208423568348E-012  -7.9266964596556418E-013   1.1328875436025747E-012  -4.8732516046522469E-012   4.8172644372696131E-014   8.0831725100073522E-013   4.8974676852797497E-013   1.1333384633894952E-012   1.3563178886371929E-013  -1.6891722620860048E-012  -2.7627887610069837E-005   7.5950091706867639E-012  -2.4647929735334687E-012  -2.7627880288390834E-005   7.7634167262581924E-013   5.5255767900201270E-005  -8.9916801298682720E-009   7.5907964949761876E-009   3.2624408852443627E-008   5.1841209841462426E-008   1.7814626605406583E-013  -2.1069424019307713E-013  -2.1373051460588830E-012   2.7106584603963987E-013   2.4291186639760970E-015  -5.8408750818090326E-013  -8.0021057648160428E-013  -1.0107114335202403E-012   1.3562673617100996E-012   2.8906408641676833E-012   6.2782636997866703E-013   8.7177438623574070E-013  -1.3739709500087292E-012  -8.7358192422548561E-013   1.1146436982192077E-012  -1.2950816322901851E-004   2.8697517587193286E-011  -6.2227541615821747E-012  -1.2950810405080597E-004   7.1020153985668428E-012   2.5901626728357086E-004  -1.8301429996944519E-012   3.6665876012334691E-012  -9.1602698063157384E-012   8.3390570983431513E-012   3.1908610170878700E-015  -5.8836642235166895E-012   5.5777565263716915E-012  -9.1709405243421491E-012  -1.1149896603325610E-011   1.3663260737534047E-011   3.3284605183994336E-010   2.5386981158352474E-010   9.8770473011016225E-010   2.0479045897771699E-009  -1.5863554363503068E-003   3.4213993297287995E-010  -5.4200008820030517E-011  -1.5863548721199050E-003   5.5530298671496102E-011   3.1727103084711250E-003   8.0767894293909903E-009  -1.6120807489827007E-009  -6.9261558044640583E-009  -1.1011218891049972E-008  -5.5043367002041587E-009  -2.4185744403172953E-008  -3.5908754638729171E-008   3.1122791959025791E-012   9.1729372298783420E-012  -1.6619715168285967E-011   7.3094714733712858E-012   2.5651055434262580E-015  -1.1485031238532373E-011   1.8629065661520196E-011  -1.6618296560520646E-011  -3.4166457904560528E-011   2.4774161557879544E-011   2.4841956889554320E-009   6.9206393230175860E-010   1.3589517664940935E-012   4.9015637876936173E-012  -6.4987827579204663E-012   2.2881021440130302E-012   6.0042753327142306E-016  -4.1113263881583893E-012   1.0526555083110765E-011  -6.5001884547896535E-012  -1.9024424947479105E-011   9.6888662836705960E-012
  0.15995205581154320       -3.3685576513263530E-008   1.2329590338516640E-008   1.1438257792372286E-007  -7.5996860516122133E-008  -2.1204219402391786E-008   2.0878951940388265E-009   6.7095424942673670E-008   5.5900695264114625E-008   8.9014302949593512E-009  0.31301265053530303        9.8890118528482688E-009  -2.4669962326789169E-008  -1.0756794741288493E-007  -1.5691229459748715E-009   1.3516199187301861E-009   1.2837708677206169E-009  -2.5918317043452913E-010   3.5907286465740252E-009   2.3648739960758932E-009  -1.9504135432698463E-009   1.6286689225179995E-009   1.2651333353738619E-009  -2.1708019613407895E-009  -6.2345741031409503E-009  -2.5688328300193243E-009   7.0792175615680927E-009   4.2886631877549788E-009   1.3071225563006910E-010   1.9458692282157699E-009  -8.7392230689763460E-009  0.26702352844003518       -6.0817155819200931E-010  -1.7394865172732112E-008   1.8004866512426375E-009   9.0126851212941442E-011   5.2104853456396732E-010  -2.7546797119732083E-009  -2.0664434787380044E-009  -4.0808881986053854E-010   4.8066381971637614E-010   6.3457795811329491E-010  -7.6579619284613210E-010  -9.9403500740646299E-010   1.3399009921986622E-009   8.0010697703935229E-010   4.0097724510021353E-010   7.4012911215087615E-010   4.0439216439909846E-012  -2.2330322595196773E-008  -1.5290894616184663E-008   6.3331488476522412E-009   1.7912788690505353E-008   1.2390098243468552E-008   4.4174130827693771E-009   1.8881578126639513E-010  -3.7154063426545351E-010   1.7951262873190148E-011  -4.5756004511011905E-010  -3.7370166552202111E-010   2.0486105553685629E-010  -3.8037301468133310E-010   1.3994857093115988E-009   8.8185715793708213E-010  -1.0564927771730409E-009  -1.6482324229369718E-008   1.1754894094298004E-002   1.7702749079574229E-009  -2.3735842036187052E-009   2.0384638410242955E-008   1.5325529609046318E-008  -9.0677727122244168E-009  -1.6001659544463657E-008  -9.0771509734694997E-009  -4.3829772281475141E-009   3.2712976972797344E-008  -5.6700714364735331E-002  -4.5237088300969707E-010   4.0300128977745329E-009 -0.17815905029095885       -4.5063780560512692E-010   1.1396677331632448E-008   1.9517487074289700E-010   1.2734938380972881E-012  -2.4267768507793712E-010  -5.5577051016290705E-010  -1.2470794624031778E-010   2.9401744923255423E-010  -3.9093456103308893E-010   9.4342842777936598E-010   5.2321716472260391E-010  -5.2230728862445887E-010   7.4156148784876227E-009   1.5104352135416652E-009   9.2542678926142361E-011  -2.9681703789393718E-011  -8.2012938414211079E-011  -2.0576241347154466E-010  -9.0639492921430374E-011   8.1634826441399654E-011  -1.3796454034028832E-010   3.8033855370050451E-010   2.1477909622987256E-010  -2.2235797488958855E-010
   2.2796066676693161E-008  0.15995207504580064       -4.5255025482969672E-009   4.2948990118262457E-007   1.5722301226384494E-008   5.7478249148696849E-008   5.4270556129109521E-008  -5.3989743142726054E-008  -3.1492261479714048E-008   3.8267462541701515E-008   9.8890118528482688E-009  0.31301263341266033       -7.1768046878896442E-009  -4.5812405497743432E-007   4.9539797728554952E-009   8.4188408144282640E-010   3.2631114820264700E-009  -8.0570540872702521E-010  -6.3242549979494518E-009  -5.8407407856526227E-009  -1.1288788459006198E-009  -1.8567045686977755E-009   6.7271205297862205E-010  -1.0482744227263974E-009   2.9275017746275555E-009  -3.9884503794750661E-009  -2.7445374811114969E-010  -5.3158321567966251E-009   5.3086546300860458E-009   2.3884834311838561E-009  -3.6962009520458882E-009   1.2077461858554347E-008  0.26702350931467705       -7.7650594865751146E-009   3.0466177025713952E-010   1.9251389160032998E-009   6.8658035976793972E-010  -4.3161480574153477E-010  -4.5430796288300828E-010  -1.0356399328524897E-010  -2.3948034317143970E-009  -1.8302396745624161E-009   6.3012165019009500E-010   6.7759950377824905E-010   8.0817137283987132E-010   1.7185896331782810E-009  -9.8802319135710168E-010  -1.3799687411534876E-009   6.2142327477403692E-010   9.8143455279363563E-009   8.3326825341086906E-009   1.1813797240752311E-008  -2.4716727546404634E-008  -1.6021189252742734E-009   1.4902769789494919E-008   1.5669769158334597E-010  -6.4836454071700869E-011  -5.1944202465039699E-011   6.4585288467622623E-010  -1.4389526362149766E-010  -8.5606891043089040E-010  -4.4816669972300533E-010  -3.2532775473272433E-010   6.6623690089825612E-010   2.8120733702776619E-010  -8.2004039728873803E-008   3.8465709012240599E-010   1.1754890914340260E-002  -6.1218617731886214E-010  -9.9040957770407977E-009  -3.7164616901892458E-009  -8.2973220653533265E-009   2.3700123845078379E-008  -1.3535213515377297E-009  -1.3796031134222242E-008   1.4350783851143395E-007  -2.6239261467166241E-009  -5.6700710242349447E-002   1.6708250577465142E-009  -8.8507362137850836E-009 -0.17815903886486725        5.2374769957119287E-009   1.9796970987728785E-010   2.1347126078920004E-010   1.1170876101855093E-010   4.9790761701281541E-010  -5.5758414629060029E-010  -7.6350729923557732E-010  -6.4240509619631981E-010  -3.0529222175134304E-010   6.4844751117491012E-010   1.4429032308324165E-010   3.3811832741529559E-008   7.6856145424956013E-009   3.5383532247979450E-011   6.3179872160225788E-011   8.8895034474734322E-012   2.1211147454023116E-010  -1.4037420086116897E-010  -2.5958191264419525E-010  -2.2657833080696885E-010  -1.0446963588786354E-010   2.4082547661607190E-010   7.1241861290695487E-011
   1.9256478560315177E-008   1.5189398571093309E-008  0.15995207284700474        1.3283065283751678E-008  -1.5636030085000946E-008   5.7485702660496162E-008  -1.0810608397513374E-008  -4.5162501672861124E-008   3.3630889626498244E-009   6.0798539400207036E-008  -2.4669962326789169E-008  -7.1768046878896442E-009  0.31301262440141503       -1.4784850284810893E-008  -9.6293135547260514E-010  -1.8343767130948144E-009   1.0730222151139428E-009  -7.2703464231890697E-010  -8.2141899057199660E-011   2.0189462826213717E-009   2.0807559173364290E-009  -2.2304365858731077E-009  -9.5725532167701801E-010   8.6242593600661064E-010  -3.0810643292314170E-009  -2.3848834061641377E-010  -5.2539798686439451E-009  -5.1084080937246931E-009  -2.5329071024763488E-009   8.1895246464093139E-009   5.9126199024621802E-009  -1.6058857056823817E-008  -3.2543485339173532E-009  0.26702351006843944       -1.2153422753354921E-010   7.3061755498412803E-010   1.2713441385116429E-009  -3.9572456104103736E-010  -7.0963871979581582E-011   6.0921102788227189E-010   9.1438530213807477E-010  -1.4057102805116430E-009  -2.2070034911697326E-009  -2.2358972609753699E-010  -7.9817077443711071E-010   9.8471494023095223E-010   1.7978106063028026E-009  -9.3182130686009171E-010  -1.3702551881744964E-009  -6.5908809838541113E-009   1.2686754169330308E-008  -7.2092806946105456E-009  -1.3577339047884794E-008  -9.7733973103972303E-009   2.0168340862712594E-008  -8.1029610894182933E-010  -1.3000607682810865E-009  -5.1306245580403802E-010   7.6291974458016354E-010   1.0193867828130736E-009   3.2421250183270936E-010   1.0375058144363150E-009  -6.5272746732424275E-010  -9.1903657479664523E-011   8.6879740308047885E-010  -5.8059708508523184E-009  -2.5393820662756775E-009  -1.1080531916387476E-009   1.1754892314548087E-002   6.5412125309504503E-009  -9.2796010367166974E-009   9.2864635818396253E-009   1.3490478631423798E-008   1.0982847672458447E-008  -2.0031693099568397E-008   4.0438018092338496E-009   3.7909526765981502E-009   9.0607011110507135E-010  -5.6700710391019274E-002   1.0447624623489558E-008   2.2804083106538227E-009 -0.17815903861280452       -3.3382135816863329E-010  -8.1029274633057391E-010  -2.1469441570981493E-010   4.8953160968665995E-010   7.1190412432049973E-010  -4.1663304245249024E-011   7.2452966695468986E-010  -7.5476167568366499E-010  -1.6176660094110427E-010   7.2259199323780956E-010   9.8149712084168188E-010   4.4633292161087410E-010  -1.5437139613347038E-010  -3.3102324301990734E-010  -1.0417951269121215E-010   2.1121282209862746E-010   2.9865385732584433E-010  -4.1019246137234161E-012   2.8509572374015327E-010  -2.6241567134635929E-010  -5.1472903540865407E-011   2.7323765586428698E-010
  -2.5631800545715190E-008  -1.4724395898432140E-007  -1.3196308931798459E-008  0.11670864119977881       -7.6496967219542022E-009  -1.8080193374429891E-008  -4.3027395886235983E-009   1.5168280741973999E-008   1.1305681324547522E-008  -7.5189353626160721E-009  -1.0756794741288493E-007  -4.5812405497743432E-007  -1.4784850284810893E-008  0.55934332174249257       -1.2141749784020464E-008   1.0003048209354301E-009  -2.5261211208610582E-009   1.6045370228714987E-008   1.4589890835566090E-008   2.4441116501685986E-010  -5.6539577777459666E-009  -9.8419967849309285E-009   6.5853078690029083E-009   9.2186568849911944E-009   4.1336172875483981E-010  -4.4035614785635740E-009  -5.5029877930808649E-009   6.9082154604096666E-009   2.7437815925020432E-009  -7.3250924467896979E-009  0.67055937602638793       -1.3436140219505342E-007  -4.5281356886083891E-007   1.3595945937525266E-008   1.9961716049556532E-010  -2.4685900265416265E-010  -1.9413139824169664E-010  -7.8685640094157005E-011  -5.1170085837184014E-010  -2.7207308123808898E-010  -8.9160719922463199E-011   3.0769391338489896E-010   4.5081815878645069E-010  -3.5210238689658568E-011   9.1767676798000317E-011   3.2491970869640771E-010  -8.2707224159322060E-011   5.6479425965876583E-011   2.0187327134257419E-010  -2.8506886199711925E-009  -8.0399209997243081E-009  -3.0243463753353790E-009   8.5226570413679918E-009   4.5958675163660333E-009  -5.6806682594609054E-009   6.1264153412751783E-009  -3.3455004740673740E-010   2.0895453706617821E-009  -6.2718502898679814E-009  -7.9650088240239323E-009  -1.9477146243013094E-009   1.9632587430015207E-009   2.4850110038392842E-009  -2.2994335210340983E-009  -3.4096791154666846E-009  -2.0193670580949653E-002  -1.2633859889709641E-008  -4.7230425425554223E-008   5.4334245685287815E-009  -2.2737698823411813E-009  -6.2694400156418036E-009  -7.8421646399600543E-009   4.0519226235954161E-009   3.5180169430640025E-009  -1.7779723353074527E-009 -0.58953091239755262        2.7149987778302858E-008   9.9462800395491473E-008  -2.3362593087695936E-009   8.1252042805214254E-008   2.9854472066485786E-007  -4.5011948960942874E-009   3.2832895704102354E-009  -2.5928782348403625E-010   1.2670032269884033E-009  -2.9789043682907995E-009  -4.3896762787292939E-009  -1.4261098634036900E-009   9.6514341793982208E-010   8.5401094468093204E-010  -1.0355847614156571E-009  -1.5809126041375219E-009 -0.17700300520595402       -5.1752925338277009E-002   1.5435688787065479E-009  -1.1291682206971157E-010   5.5175092457298111E-010  -1.4963984286509484E-009  -2.0347845154318452E-009  -5.7452401089833818E-010   4.8391093583364851E-010   5.3264967841623775E-010  -5.3631622243954472E-010  -8.0826542515789630E-010
