  0.10637490036458896        4.6625695645900493E-009   1.9773722294017335E-008   6.4021272886597816E-015   4.4100252254243959E-002  -5.5056458798326954E-010  -2.9925383926504444E-009  -8.0175141264314278E-017  -4.8151808056417522E-017   1.3635685265536152E-017  -9.1911490117070325E-017   6.0505253228051076E-018  -9.9574321864691111E-017   2.6471986124117521E-014  -1.5290275023681139E-016  -5.0082091647927557E-016   9.6371829722513275E-017  -4.8284246941712411E-016   5.7031135442305020E-017  -1.0430968658009132E-017   6.0158330652191817E-002   7.0767698611376301E-010   3.4494027850158620E-009   4.1547266851545504E-010  -8.5283957714085408E-011  -5.2701380041271083E-011  -3.5966794817400803E-010  -2.5714178765692904E-010  -1.9770219163776559E-010   1.0929349208881773E-011  -1.5645670180244512E-010   7.0620396939635371E-011   1.5589430192987497E-010   2.5348283951566014E-014   1.5198267680763110E-016  -1.7720063942499787E-015   3.5402359109397532E-016  -8.5142043402873676E-016   2.3882022275367135E-016   5.9093549827378470E-016   1.3194334384489246E-002  -6.0051337984315310E-011  -2.2672001881951528E-010   1.8146251218926085E-017   3.4555720814682412E-018  -1.0104653755836354E-018   8.1003493138081400E-018  -1.0689732772510340E-018   9.0092033280410065E-018   3.7790480690699986E-018   1.6548479522973502E-019   9.2577757003556394E-019   1.7362301116443536E-018   8.9347272860089274E-018  -4.8736851926932215E-018   5.2726071731758200E-018  -4.6449231972806796E-018   9.7527205319405810E-018  -4.3943748745796268E-011  -8.6435099611489490E-011  -2.2818592863709535E-010   1.1721638101724939E-010   2.4829448415066683E-011  -5.8245296122939904E-011   5.5985810255005853E-011   4.2002560559791735E-011   1.1319795948243260E-011   1.3877122135992195E-010   1.4000156711429200E-015  -1.2387424061349242E-014   2.4710410692208407E-015  -5.8766537746235223E-015   1.5701300507928260E-015   4.4521069834322181E-015  -1.5937484029265750E-015  -3.8594746245676902E-002  -6.1747272320854618E-010  -2.5459735673523070E-009   7.9196804897332558E-011  -7.3489337603726551E-012   6.2241878698239952E-011  -9.2268098485531622E-011  -3.3346176435462050E-011  -1.3985195404205690E-011   1.8457408620791382E-012  -4.0706102382950896E-011   4.8716555311356648E-012  -1.6052254769956511E-011  -2.3315640016209297E-014  -6.0991597499983324E-003  -5.1150426142170853E-011  -2.3161105567963670E-010  -8.8362142810498367E-015   1.1036448921049600E-011  -3.3610779805881888E-012   9.7222182062643009E-012  -1.2875260783661888E-011  -2.1075023958555362E-012  -1.9280628121165349E-012   2.6087143183094419E-012  -6.2705170423869505E-012  -1.3883531643799320E-013  -2.5727935112291222E-012  -3.8004671995023918E-015
   4.6625695645900493E-009  0.10637487897750256       -4.1836300654157415E-009  -2.1639026034781016E-016  -6.1573506710009352E-010   4.4100255155187305E-002   6.2899602713989171E-010  -2.0798509075554049E-017  -1.6312104468660719E-017  -1.2661331864406679E-017  -1.0676750683122569E-016  -3.8026111421946257E-018  -8.1037760125301017E-017  -9.3645411703842398E-016  -7.1741465697306118E-017  -1.5496791729759467E-016  -1.3949170238054855E-016  -4.9368448480360610E-017   3.0780641083639897E-017  -2.8421960743620234E-016   6.7791986253372646E-010   6.0158327223699487E-002  -7.9156028028004004E-010  -1.7031571957779967E-010   6.1107300586718939E-011   7.8447111598329975E-012   2.8944754435093882E-010   4.8281494700209670E-010  -6.0948434700228869E-011  -2.0374350366906701E-011  -3.2105510418231716E-010  -3.3788693631029408E-011   2.3345269164263066E-010  -1.8347899106542726E-015   3.8325906293695436E-016  -5.3681119264130808E-016  -4.8082716050350791E-016   2.6135708293872724E-017   3.7263268212845311E-017  -5.7893866999212592E-016  -7.2413571318515212E-011   1.3194334626493665E-002   4.4577500285465439E-011   2.4079000777898794E-018  -1.5290170615192713E-017  -4.7821594597220044E-018   1.0445835758729516E-017   2.8601669890466767E-018   3.4226655934014764E-019  -1.6427682513498727E-017  -2.0558721713827046E-018  -8.1387730544257413E-018  -2.6607349912147749E-018   2.2536329051575931E-017   6.7126138446731323E-018   2.6438992025040337E-018   6.5741299073935864E-018  -8.4908693215681638E-018   2.6571702611949952E-012  -1.0324821227460616E-010  -1.9201285473108833E-012  -1.3436911355690839E-011  -1.6617367508899162E-010   9.8679656327757739E-012   1.3669352619812062E-010   2.2461606006320476E-011  -8.0177546372501899E-011  -1.5313103539723951E-011   2.8739941305637989E-015  -3.9946011745138136E-015  -3.4480532025158083E-015   9.4571222689506707E-016   4.2935855972607200E-016  -3.8302786251690630E-015   4.1631525198024232E-016  -5.9230933173517213E-010  -3.8594743479686944E-002   5.3688011555355372E-010  -3.6048335147415162E-011   3.7398835453794206E-011   3.7920160221996038E-012   6.0061820351336320E-011   1.0746185226020770E-010  -1.1699190180880000E-011  -5.8000785307059138E-011  -4.4993509112469119E-011   4.0409390052529629E-011   3.0709135526888629E-011   3.5668055141175511E-015  -4.7001446648529750E-011  -6.0991595074889240E-003   5.1732380911825070E-011   2.0060589447111561E-015  -6.4747383778682478E-012   5.0787169292759489E-012   9.7814736665982720E-013   1.0293762420785543E-011   1.1384554520458795E-011  -1.6069821003263901E-012  -1.0713830144064845E-011  -4.1091526315237502E-012   9.2925559955508942E-012   2.3333917501914263E-012   2.2708345909327214E-016
   1.9773722294017335E-008  -4.1836300654157415E-009  0.10637490061870848       -2.1184861666157490E-015  -2.8754202231847737E-009   7.0005407180618497E-010   4.4100252193836946E-002   2.2308385950195889E-016   3.0268369492415845E-017  -3.9077684988036502E-017   1.8028965739954392E-016  -1.2560898748695556E-017   1.7684315631199671E-016  -1.0056012986495864E-014   8.3206768274272249E-016   1.1089467054342614E-016  -2.6285863481219248E-016   7.9206955377219199E-016  -3.4679922068518913E-017   7.8269786162183537E-016   3.5202143407427843E-009  -7.9966349351094696E-010   6.0158330707587457E-002  -2.9876272977835956E-010   8.8938465822443560E-011  -3.8193085084239045E-010  -1.1164119723408767E-010   1.2432607796504557E-010   5.1247285339395211E-010  -1.3658156081565342E-010  -2.8879725440709637E-010   9.4305672911783771E-011   4.9989312341328176E-010  -2.2821017882113615E-015  -8.9797273544435645E-016   4.3761631544502545E-016  -9.4800910840217521E-016  -1.2074163820167815E-015  -1.0075456678572779E-016  -1.1586787819816836E-015  -2.0361524065895460E-010   5.4293438841237463E-011   1.3194334413295325E-002   3.2322879167420561E-016   4.2221213247342714E-017  -4.6401625794801431E-017   1.7897753689588598E-016  -1.4423606258520539E-017   1.6173495347065414E-016   4.2188478145077161E-017  -1.9653529030887517E-017   1.7744993994896112E-017  -4.5468051390502988E-017   2.8692090167744080E-016  -3.2572437013842419E-017   1.4951511697000730E-016  -3.2899701737079707E-017   2.2591422911914853E-016   1.0579923013593888E-010  -7.6695575416950930E-012  -5.8110831442505382E-011   3.6966315691476012E-011  -3.9844929992156988E-011  -1.7891159035028215E-010  -1.2852554880044897E-011   1.3426094282276091E-010   2.4916028053511959E-011  -5.6790153613602963E-011   1.6929669618312612E-015   3.5699083884470129E-015  -7.2517696785900050E-015  -6.2591388527946989E-016  -1.1880272625662902E-015  -8.7353968387168066E-016  -1.5038700377439238E-015  -2.5970135544798640E-009   5.2457019991542258E-010  -3.8594746258014651E-002  -8.0282061297183531E-011   1.1881586440952744E-011  -4.7126680426257976E-011  -3.6718140973205122E-011   2.4123168094457269E-011   1.4442763434272045E-010  -1.2677378098722998E-011  -8.1404434829721232E-011   5.1280177840687354E-012   9.5792929421568635E-011   3.4245308034755100E-015  -2.4005033358016129E-010   4.9711605480589433E-011  -6.0991597572488303E-003   5.1578483429289860E-016  -1.1238509586227582E-011   9.6248139421372172E-013  -6.2313468368209242E-012  -6.5153175129335904E-012   2.3869423008128552E-012   2.1593407832424258E-011  -4.6390662143981491E-013  -1.0429705435573919E-011  -3.3994721341331134E-013   1.2416116418865584E-011   1.0740486798757292E-015
   6.4021272886597816E-015  -2.1639026034781016E-016  -2.1184861666157490E-015   3.5067295243510592E-002  -9.5216937976175261E-015   7.0017478181120987E-016   3.1414552908648377E-015  -3.0812769143464673E-009  -2.1172448418268822E-009  -9.6500597739902366E-009   6.2662309199639202E-009   1.3086962368707563E-009  -3.1847932728219341E-009  0.14779483334476834       -1.7995197852562969E-009  -1.4317038243757544E-009  -5.2503374716121572E-009   3.5348828940107824E-009   9.4270996836427310E-010  -1.7347329013159370E-009   6.0814668805350319E-015  -4.2467572238666042E-016  -3.9013555253165217E-015  -1.7957964730530084E-016  -1.8969529096098934E-016  -7.6637828960329504E-017  -5.2855132833177645E-016   6.0843691054590089E-017  -1.4362968025490543E-016   2.5697456099121234E-016  -8.5849154892491074E-017  -7.1777913404548120E-017   3.3066280987030966E-016  0.14805115127657453       -1.5787177404162372E-009  -9.4806658160326016E-010  -4.9609906369771911E-009   3.3889836460404071E-009   4.0704001331494545E-010  -1.8110038262746258E-009   1.2791157588279461E-015   4.3637086309533668E-016   1.7154809710566031E-015   5.3182934165836082E-011  -6.5055163572688635E-011  -4.9732380162806505E-011  -1.8365637609720909E-011  -2.0014227700179249E-012  -7.4845554658021076E-011   6.3603650475415872E-011  -1.2523860169493218E-011   1.9473183150132631E-012   5.9067234260355488E-011   5.5952460432147184E-012  -1.5493483448233671E-011   8.7453328299997061E-012   1.6985295953517374E-011   3.7745349331933656E-011  -1.6019525462582614E-015   5.6759025337862778E-017  -8.1905695543207346E-017  -1.8720846219884179E-016   1.1725995404565115E-016  -6.4312251108144639E-016  -2.4091783116664221E-017   1.3776963787096713E-016  -4.7038487669557797E-017   5.4997761679625090E-018  -5.6987912622527492E-009  -3.2399579926828937E-009  -1.8016912037180690E-008   1.1877792348636596E-008   1.3179476509241391E-009  -6.1790055046404803E-009  -7.4583799704663950E-003  -1.5671857623268432E-014   2.9068984078681084E-015   1.8215795868081299E-015  -2.9165532488090024E-016  -1.7445792467114912E-016   9.7191947399629642E-019  -5.5059612102129534E-016  -1.3640147117269465E-017  -1.9212469447553857E-016   5.7800278960268270E-017  -1.1741302371161792E-016  -5.6770534563693345E-017   1.0565883693473056E-016 -0.12455095793392280       -4.4056382512020944E-016  -9.7143521691268138E-018  -1.9258092514368062E-017  -4.4397095838626117E-002  -4.1562070718444095E-016   4.3828931249572256E-017  -3.2375337445710090E-017   2.9676977896971447E-018   2.8513812645079086E-017  -1.5881265893875171E-016  -3.9624886364573793E-017   5.1439934578109580E-017  -1.4746114968284863E-017  -2.1188174587911627E-017  -2.1776157928476720E-002
   4.4100252254243959E-002  -6.1573506710009352E-010  -2.8754202231847737E-009  -9.5216937976175261E-015   1.8283651531686339E-002  -1.2838970651586815E-009  -5.8277436207427718E-009  -4.0341298696164039E-017   6.3467130899925271E-017  -1.2647355304920586E-017  -1.2501599895709089E-017   7.5363265548232605E-018  -5.7988189835154201E-017  -4.0271225702179464E-014  -2.4324746553993927E-016   6.8700933219750775E-016  -1.7725699833756842E-016   1.7289020707987462E-016   6.3548395077902847E-017  -1.9537257374464589E-016   2.4941378329238966E-002  -1.1484585363442150E-009  -4.8341319052352297E-009   1.7208009969888074E-010  -3.5564475156638058E-011  -2.2509426499252452E-011  -1.4875893368951574E-010  -1.0652528226811269E-010  -8.2092029576788724E-011   4.6589886447564287E-012  -6.4723152598669623E-011   2.9313659656362555E-011   6.5018112752434021E-011  -4.0869251629628305E-014  -5.0212173868474330E-016   2.4072070075349379E-015  -6.0084961140037450E-016   8.9199512884744581E-016   2.4377630618355372E-016  -4.3498434179308880E-016   5.5105641121442348E-003  -3.1534980445562428E-010  -1.3754974476787286E-009   7.8675938055498632E-018   1.3196359115778290E-018  -2.4011829967000571E-019   3.4751416397119631E-018  -4.2142986490418060E-019   3.1494611910352767E-018   1.7696704273017495E-018   1.1982570105109821E-019   3.8468500848413699E-019   4.8034404338742890E-019   3.7086738380480777E-018  -2.0250561360364373E-018   2.2884740751786224E-018  -1.8576986248714140E-018   4.6012125045130847E-018  -1.7836662909809799E-011  -3.5662207222488427E-011  -9.3721554176154864E-011   4.8042224112306183E-011   1.0176795265925129E-011  -2.4105973189006220E-011   2.3137346648873417E-011   1.7139223596454897E-011   4.6191794889793869E-012   5.7080408406842433E-011  -3.4730104972926774E-015   1.6923668197744266E-014  -4.2484909382299621E-015   6.3811361508528581E-015   1.6715839787286693E-015  -2.9181058647571050E-015   2.6118661670386362E-015  -1.4730422688474588E-002   1.4118945721767800E-009   5.6029869436709241E-009   3.2794136581588854E-011  -2.7642817909599053E-012   2.6162509131790232E-011  -3.8317891565713714E-011  -1.3930041454470354E-011  -5.6799319266153798E-012   5.6859274079705495E-013  -1.6870285569783689E-011   2.0010376353373674E-012  -6.9261945939385718E-012   3.7702916082912953E-014  -2.5286239450504808E-003   1.2465398700458450E-010   5.3781655972867513E-010   1.4559593168924999E-014   4.5273978751178214E-012  -1.2445562918421091E-012   4.2498829920255283E-012  -5.3757933942106938E-012  -9.1747647233591017E-013  -6.9677210191478869E-013   9.7220685182287540E-013  -2.5882615593433934E-012  -5.9778015360932588E-014  -1.2385188173138432E-012   5.9817217883103145E-015
  -5.5056458798326954E-010   4.4100255155187305E-002   7.0005407180618497E-010   7.0017478181120987E-016  -1.2838970651586815E-009   1.8283657608783602E-002   1.2693658718601724E-009  -3.6183895002661067E-017   3.4997799786341933E-017   3.4865809766244973E-017  -5.9113643373864351E-017  -1.8569693359596410E-017   1.1338150708193385E-017   2.8938579769889452E-015  -2.9770267835701444E-016   4.2037850925873399E-016   3.9663559105154580E-016  -2.3512815996214096E-016  -1.8753247094438687E-016   3.7444225616237088E-016  -1.1239399823801066E-009   2.4941383565036248E-002   1.0488906198891216E-009  -7.0556716356676252E-011   2.5048269673338757E-011   3.2308416210678973E-012   1.1989076249489821E-010   1.9968101076418714E-010  -2.5230404461084626E-011  -8.0460857960016510E-012  -1.3300190867702368E-010  -1.4260212574460097E-011   9.6725409444482585E-011   2.6001245369499077E-015  -8.2752928485127003E-016   1.4610628069242436E-015   1.3917929350462305E-015  -7.3416261891104842E-016  -6.8025749965495115E-016   1.4631960660215127E-015  -3.1241605018591471E-010   5.5105655657991751E-003   3.0303982764895778E-010   4.1632761150827014E-018  -6.5448748562781000E-018  -1.7169266176101423E-018   5.8305436432668712E-018   9.5336742437253050E-019   1.9048236328580132E-018  -6.6868969395889142E-018  -7.2186390425192784E-019  -3.2978526189456757E-018  -1.1122897209523583E-018   1.1614841618859591E-017   2.8526673238741861E-018   2.4988534208023420E-018   2.7827022141983200E-018  -1.2276702275195441E-018   9.0544398988522044E-013  -4.2436995999108166E-011  -7.4124499635066477E-013  -5.2370643900411643E-012  -6.8275850701805963E-011   4.0206357537728997E-012   5.6100696200092560E-011   9.1294115142316146E-012  -3.2843550869084646E-011  -6.2531655981011968E-012  -5.6326673899575433E-015   1.0184140459064548E-014   9.7443465122902144E-015  -4.8094062702972184E-015  -4.7136718333693137E-015   1.0435121651027244E-014  -1.0771782089627635E-015   1.3978987718224873E-009  -1.4730428864705965E-002  -1.1659169119464895E-009  -1.4892990777428371E-011   1.5658988927718682E-011   1.5860339543988794E-012   2.4848132931286347E-011   4.4826427233466268E-011  -4.8676223918065014E-012  -2.4154067640212960E-011  -1.8762094518454253E-011   1.6743695327103435E-011   1.2802011379355464E-011  -7.9906229200056774E-015   1.2263738253361099E-010  -2.5286245180084098E-003  -1.1795497143071656E-010  -4.6753618562304400E-015  -2.6254388978538124E-012   2.1900688825079540E-012   4.0455764580437424E-013   4.1894338813411093E-012   4.8923377759118641E-012  -6.6703469632768525E-013  -4.5113997432810035E-012  -1.7414058027454837E-012   3.8614896605248455E-012   9.9629391767773121E-013  -3.9064682835052915E-016
  -2.9925383926504444E-009   6.2899602713989171E-010   4.4100252193836946E-002   3.1414552908648377E-015  -5.8277436207427718E-009   1.2693658718601724E-009   1.8283651437798504E-002   6.9382426834487974E-017  -4.5275515487181392E-018   5.6562425577519407E-017   7.7907819030583776E-017   2.3731049497396522E-018   9.1594360849548842E-017   1.2774635419663886E-014   1.2409115504893945E-016  -1.8257035656875726E-016   7.5256768651832625E-016   3.7060070010859806E-016   2.9123432704670594E-017   5.0637993593006560E-016  -4.8710068883959240E-009   1.0053432001925506E-009   2.4941378258454279E-002  -1.2352648294823452E-010   3.6848261618423541E-011  -1.5847444850615340E-010  -4.6144919478358359E-011   5.1424599909691627E-011   2.1187283550283183E-010  -5.6680706761004831E-011  -1.1935411907214870E-010   3.9197204656022984E-011   2.0706538084719457E-010   1.6050786779339858E-014  -1.1739405287053883E-015  -5.9099481916234320E-016   2.5827720633152187E-015  -3.5700028461379848E-016   1.3381107678238485E-016   1.5946558767563457E-016  -1.3804363457947859E-009   2.9816820411105126E-010   5.5105641004000571E-003   1.3650498489334106E-016   1.7372943582425956E-017  -1.8915353275180732E-017   7.4775516490249818E-017  -5.8208542993605313E-018   6.8152477884882616E-017   1.7678808060485199E-017  -7.8497949116061670E-018   7.2225458692932535E-018  -1.9172766876138647E-017   1.2074298122922236E-016  -1.3667449213348279E-017   6.3799678042944074E-017  -1.3700681247529628E-017   9.5557613088494628E-017   4.3306509029455622E-011  -3.1226310473722154E-012  -2.4019035374518876E-011   1.5052332898009928E-011  -1.6349335529334036E-011  -7.3154413408718247E-011  -5.2329608778841228E-012   5.5165372043236265E-011   1.0144612338464755E-011  -2.3228205366646657E-011  -4.8640755476256769E-015  -3.9764898959323524E-015   1.7943281870837904E-014   7.8235173827569074E-016   7.1283237396927469E-016   4.1600374854751050E-015  -4.8724177511889434E-016   5.6245634606967909E-009  -1.1479437562340868E-009  -1.4730422728370555E-002  -3.3363390026206769E-011   4.9420609247410628E-012  -1.9319936301947089E-011  -1.5215123443691502E-011   1.0103788115824266E-011   5.9976725040707819E-011  -5.1826969067486778E-012  -3.3876349685354347E-011   2.0117183050637348E-012   3.9646603716896923E-011  -6.5106027483737080E-015   5.4103272613779612E-010  -1.1471851270112339E-010  -2.5286239385310747E-003  -5.9473056188648059E-016  -4.7040578084637447E-012   3.9948341611153551E-013  -2.4629566495527521E-012  -2.6889189586974883E-012   1.0287839978003517E-012   9.0000947516907016E-012  -1.6643486481667570E-013  -4.4202334413621414E-012  -1.7612845552430703E-013   5.1295340482023388E-012  -2.0601610421351315E-015
  -8.0175141264314278E-017  -2.0798509075554049E-017   2.2308385950195889E-016  -3.0812769143464673E-009  -4.0341298696164039E-017  -3.6183895002661067E-017   6.9382426834487974E-017   2.1546912960905775E-005  -3.6208580940348683E-012  -2.7598633619075257E-012  -1.0773457541091921E-005   8.7213262092198185E-013  -1.0773455419600364E-005  -1.2956109519734083E-008   2.4201154770701029E-004  -2.5832222432866270E-011  -2.7092854105221975E-011  -1.2100578680051517E-004   2.7434086423201995E-012  -1.2100576090468251E-004  -1.7127865025844239E-017  -7.5229799762104816E-018   7.5328309047131971E-017  -2.8977257882530799E-018   6.5634829315853088E-019   1.4563240021346991E-017   1.5788165877148834E-018  -8.3628387215811213E-019  -1.5571866190163857E-018   2.8990669636668006E-018   1.3275415207609727E-017   3.2245098158479103E-018   2.4793943191197112E-017  -1.2780836921916226E-008   8.4454437715807140E-004  -7.5583508274435296E-011  -5.0931930737588016E-011  -4.2227219646466746E-004   2.7634297695291034E-011  -4.2227218069706610E-004   3.3925719427505214E-016  -1.6296934416440536E-016  -1.2091227157674881E-016   2.6874639035018350E-012   2.3076101864938578E-012   9.0741456458761504E-012  -5.3111380149248287E-012  -1.5395927261531638E-012   5.9161111301953534E-013  -1.7518699480024532E-012  -3.0105631933216170E-012  -7.4560696782084490E-013  -6.8302075663945461E-012   2.2884065511769940E-012   8.2007108200663446E-013   1.2922144283571785E-012   3.2747691168799754E-013  -1.0718734902927921E-012   2.1655978592720633E-018   4.6931968461655103E-018   5.5906690352581716E-018   1.0102439184233824E-018   1.5221884729103995E-018   1.1585456584887240E-018   5.0916032048437277E-018   6.4263872286471219E-018   3.7594884710704824E-018   1.5958489313625095E-017   5.9350181740390577E-003  -4.9287069883640585E-010  -4.0340213241864194E-010  -2.9675092264627376E-003   1.5572616218726592E-010  -2.9675089475760088E-003   7.1279567226517435E-010   1.1528238283294227E-014  -4.1979084800232555E-015  -4.4584568850985493E-015   7.8659958587885872E-019  -2.4520074355472206E-019   1.8079843620943982E-018   1.6659355178842988E-018  -1.4533421286908636E-018  -1.0869983797387677E-018   2.9738875475161433E-018   6.2616452113380117E-019   2.3724944216396651E-018   2.1432032466031409E-018   1.0958096668975177E-008   5.6679609950875983E-018   3.7836478468957864E-018  -9.4371995898851816E-018   3.9637535662751408E-009  -9.6012070336632492E-019   8.0101740121458147E-019   1.2067270383104009E-018  -2.3293270012563381E-019   7.8733251407133333E-019  -5.3052063660412016E-019   2.4901936431737901E-018   2.2223613037704809E-018   5.0992311894103751E-020   3.3800461908096588E-018   1.8871628878760597E-009
  -4.8151808056417522E-017  -1.6312104468660719E-017   3.0268369492415845E-017  -2.1172448418268822E-009   6.3467130899925271E-017   3.4997799786341933E-017  -4.5275515487181392E-018  -3.6208580940348683E-012   2.1546912345193822E-005  -3.5322160637025128E-013   3.6546159873621768E-012  -3.1823938569732856E-012  -3.3780652020642728E-014  -8.9202066733036303E-009  -2.5819540469839942E-011   2.4201155081114486E-004   3.4915110242323749E-012   2.0430757030440229E-011  -3.3087527199357326E-011   5.3886743562232715E-012  -2.0290401020726774E-017   3.7294504274880961E-017  -1.2941388942672210E-017  -5.5586046091184266E-018  -1.2175631363281659E-017   5.1489252588941363E-018   3.4140479931077756E-018  -1.7917439083981765E-018  -3.7569955310304458E-019  -3.6860255066707360E-017   7.9219577251767507E-018  -1.2676947744480146E-017   1.0970716040674654E-017  -8.7840444605388315E-009  -7.5578957346405751E-011   8.4454434234533754E-004  -3.6849657735023461E-012   8.0984328936858653E-011  -4.5414792946019404E-011  -5.4051746771167951E-012   1.6666513197163013E-016  -2.3504124669722234E-017   1.5986911606828928E-016  -2.6173759053944749E-012   5.5006407523580741E-012   1.1994675196459381E-012   4.8203626883473575E-012   7.3543038774813687E-012  -2.2268597102653459E-013  -6.9437462074585018E-012  -2.1180056470902784E-012   1.9361081072175996E-012   3.7920007411072544E-013  -2.2254454184574038E-012  -3.0463188519970754E-012  -9.1114854193276233E-013  -2.4352568408232458E-012   6.4543348254846888E-013   2.3229993289706183E-018  -1.2712243982680020E-017   1.1880602646428843E-018  -5.1758054619356720E-018  -1.5844587727309500E-018   3.5933295634201845E-019  -3.0572537281147973E-017  -1.8716255153976527E-018  -1.4524129941060657E-017  -4.7425813997424360E-018  -4.9267331841864793E-010   5.9350181021892365E-003  -5.4958280235580934E-012   4.8538208602757971E-010  -4.2224273792817828E-010   7.2912381870630589E-012   4.9217036072798089E-010   5.0490388872230794E-015  -1.8539258891743530E-015   4.1206291045827173E-015  -3.0490441977086213E-018  -2.6299397394418664E-018  -2.6642294076797345E-018   3.9332812083598646E-018  -7.0175583644687406E-019  -2.1138536961871470E-019  -8.3509805203598290E-018   1.4623502131394535E-019  -3.8402445345354996E-018  -5.4862918238979046E-018   7.5440775961617342E-009   5.2386105333414194E-019  -3.7599344270097161E-018  -2.4893735232924447E-018   2.7315445935031718E-009   1.0141354436451646E-018   2.6909186046717468E-019   1.6684507301116069E-018  -1.4377319484079543E-018  -3.7033723206215585E-019   7.8856524611521634E-019  -2.3604689675888597E-018   2.3786394197424402E-019   2.7722709109634199E-020   2.2792143591214648E-018   1.2976082952430955E-009
   1.3635685265536152E-017  -1.2661331864406679E-017  -3.9077684988036502E-017  -9.6500597739902366E-009  -1.2647355304920586E-017   3.4865809766244973E-017   5.6562425577519407E-017  -2.7598633619075257E-012  -3.5322160637025128E-013   2.1546905740054430E-005   1.1316985481660710E-012  -8.9305015135024406E-014   1.6281728784802842E-012  -4.0564960170934273E-008  -2.4963488370857588E-011  -1.6737552371027506E-013   2.4201149487017366E-004   2.1462199171371349E-011  -4.6141848277590161E-012   3.5015631682183986E-012   1.4590307890331217E-017  -4.8167834701221777E-017  -6.7584130076383394E-017  -4.2915278326527524E-018   2.6405665709067465E-018  -3.6997045072788440E-018  -1.3292113458494200E-018  -5.3151846959848328E-019   1.3043809437181473E-018  -9.1747105913852762E-019  -5.1409083679721095E-018   4.5935424945822255E-019  -7.4352002547098253E-018  -4.0039321451144602E-008  -4.4260891061929754E-011  -1.5881569848581202E-011   8.4454422670229075E-004  -4.0816289214217536E-012   4.9005878645287285E-012   4.8341643841412452E-011   4.3127366648844626E-017  -4.6263536287967906E-018  -1.8327588553025501E-016  -6.2991907437988337E-012   1.2265906676371152E-012   3.1648890634370875E-012  -1.3185561966558794E-012   2.4924418359996306E-012   1.2384043909998735E-011   7.8230564979995885E-013  -3.2427785849581746E-012  -2.6952297966817794E-012  -7.4792272135453362E-013   1.8087126882053155E-012  -1.0077867106089393E-012  -1.8584447126382448E-012  -8.4997364183883478E-013  -5.9918386220732339E-012   8.7928408575847486E-019   1.7390760759782772E-018   1.0119565654485958E-017   9.0477679045209406E-019  -7.8984254503610922E-019  -2.1929827685854650E-020   6.6042883824619898E-018   1.4784136737550109E-017   1.9921081828710822E-018   2.6599867283196103E-017  -3.5632922283608524E-010  -9.1120588856068817E-011   5.9350171914230128E-003   1.5516747320762800E-010   5.4443684267719162E-012   2.0116171037139357E-010   2.2228705364113176E-009   1.2552831275120834E-015  -6.8854281754733523E-016  -4.9904744911210699E-015   2.6243290270820974E-019   2.8501819608856692E-019   5.6948152785078198E-018  -1.9213948852144973E-019   8.7877644552823333E-019   7.8686626775038142E-019  -1.5165173850114528E-018   3.5846491449257470E-018   3.5472846047328841E-021   1.2974946617009119E-017   3.4294879697708233E-008  -1.1047443119005216E-018   1.2732275773641076E-018   6.0019502719272703E-018   1.2394917266968315E-008   5.7818185006653598E-019  -3.5754180685849891E-019   3.0633505139225438E-018   4.1944768852005510E-019  -4.7205227812869350E-019  -4.0234808361211661E-019  -4.5955215835461941E-019   4.4701937450219209E-018  -1.5890220295928424E-019   6.5343196976532495E-018   5.9111229299785559E-009
  -9.1911490117070325E-017  -1.0676750683122569E-016   1.8028965739954392E-016   6.2662309199639202E-009  -1.2501599895709089E-017  -5.9113643373864351E-017   7.7907819030583776E-017  -1.0773457541091921E-005   3.6546159873621768E-012   1.1316985481660710E-012   2.1546912758220416E-005  -3.2488420121465574E-013  -1.0773455217171206E-005   2.6336954650141371E-008  -1.2100578771823326E-004   2.1289452827921364E-011   2.2512033762687572E-011   2.4201156107585170E-004  -1.6763149838871798E-012  -1.2100577335834253E-004  -5.2050936414060438E-017   9.5694712551839228E-018   9.9107737178337033E-017   1.9535469510236506E-018  -4.5212517356233367E-018  -7.1785232195393477E-018   4.2148227733671818E-018   1.3786192463506364E-018   1.4429123489334875E-018  -1.6132836281850577E-017   1.6490500834714533E-018  -5.7682229710824232E-018   3.3025020202476433E-018   2.5992671633002072E-008  -4.2227219965103102E-004   8.3808558140224485E-011  -1.0493750016027746E-012   8.4454434592032323E-004  -1.3173716577215311E-011  -4.2227214626723510E-004  -3.3547205192745608E-016   1.3422396812123959E-016  -4.1551109151545130E-017  -2.2195504417018546E-012  -2.0357174057394349E-012  -1.8844263815648380E-012   4.0320522791807850E-012   1.0367939098101772E-012  -1.3382357925187205E-013   3.1928899594368768E-012   6.5308957722306469E-012  -1.5525018501649609E-012  -2.9834101557199481E-012  -4.4378273308612580E-012  -2.5649904188084931E-012   3.7630957280004575E-012   1.7921994417123614E-012  -2.0663735783362753E-012   3.8587470881322255E-018  -1.7838800042486692E-018   1.2800251541530913E-017  -2.7166786726574136E-018  -2.2768032861149451E-018  -8.0063014605510733E-019   8.4461786212410058E-018   6.7490657793373279E-018   8.0245855889838897E-019   1.8119442640923743E-017  -2.9675092485455536E-003   5.0548893619482061E-010   1.7746489501870872E-010   5.9350181585525741E-003  -7.4381024041252314E-011  -2.9675089100070942E-003  -1.4477897025836351E-009  -9.6381682450839613E-015   6.1404090808940982E-015  -1.0028755558788031E-015  -2.4511380349013958E-018   4.9610147124128018E-018   7.9791211234496919E-019   2.6413159966497191E-018   1.6451162867521979E-018   9.9980110450380026E-019  -7.6743749333595984E-019   5.3613399212698704E-018   6.1924926561327792E-019   5.2395844751401133E-018  -2.2282281139547554E-008   6.2534617662852581E-018   7.3337448584806548E-018  -7.1130144441485328E-018  -8.0594843067713453E-009   2.8220814880859027E-018  -3.4712346752712127E-018   3.3841402238559139E-019  -4.2793532291366908E-019  -1.1538114757301994E-018   4.4535925435388936E-019  -4.9356198810144106E-018  -1.4912443396127836E-018  -2.1274694549759217E-018  -2.0274218818032666E-018  -3.8374996538675784E-009
   6.0505253228051076E-018  -3.8026111421946257E-018  -1.2560898748695556E-017   1.3086962368707563E-009   7.5363265548232605E-018  -1.8569693359596410E-017   2.3731049497396522E-018   8.7213262092198185E-013  -3.1823938569732856E-012  -8.9305015135024406E-014  -3.2488420121465574E-013   2.1546913664841955E-005  -5.4719351552448708E-013   5.5284057052054991E-009  -4.5016622022332361E-013  -3.4656890215905909E-011  -6.2177369802729698E-012   9.2219782201097337E-013   2.4201156079636048E-004  -4.7192573209670301E-013  -1.8281433114487543E-017   4.4424869779697928E-017   8.7103663968696359E-018  -2.9765359151014783E-018  -4.3281131330352679E-018  -3.4755007215998223E-018  -7.7392400103276126E-019   4.5448548664314179E-019   2.1146681682603012E-018  -2.0587761423301113E-018  -5.8252708239930068E-018  -5.4772759842286586E-018   2.3000000123968777E-019   5.4375166525366191E-009   1.6887078375047618E-011  -5.0703728061027431E-011  -2.7419820806587123E-013  -4.4488709102748893E-012   8.4454437234929736E-004  -1.2438060308223593E-011   6.4439423602932771E-017  -2.2741236757714294E-018   1.8581307397878746E-016  -3.0014064373075471E-013  -2.6060113275831292E-012  -8.5631691206413475E-013   5.6115135691175263E-013   2.5270229633107658E-012  -3.3977630536916827E-014  -3.0329347191862107E-012   2.3566117920421895E-012   7.5654427263292401E-012  -9.0020533402675665E-013   1.9141675548139887E-012  -5.7902863665756783E-012  -3.9236487301813025E-012   3.9069937882352871E-012   2.2529472873122919E-012   7.4274325660138001E-018  -5.3574269610287978E-019  -4.2580761242105089E-018   3.5586619262776661E-018   1.5690391202659968E-018  -2.9762760055660861E-018   4.0421095752485429E-018  -7.5318684528957301E-018   2.5195040397617365E-018  -2.1197097260059469E-017   8.0481893370664780E-011  -4.5955877212202900E-010  -3.1260280638974280E-011  -1.2994807209792480E-011   5.9350182798379950E-003  -6.7487059989096868E-011  -3.0251732046140999E-010   2.0035409897753715E-015   1.1760998829525582E-015   4.8422404239578645E-015   8.9461670561087385E-019   1.1459939752932373E-018  -4.1414983125574967E-018   9.6261655154195210E-020  -7.0579827143183530E-020   2.7897970161158897E-018   3.3396822331817577E-018  -3.9321455764396597E-018   1.1738880968109706E-018  -6.7074620335596844E-018  -4.6690753838309496E-009   1.6574250071984136E-018   3.1934448101028674E-019  -4.2819437094533939E-018  -1.6890979231797858E-009   5.5795624855866871E-019  -2.6500050280491243E-018   2.1204347714306736E-018   2.2759184268635644E-019   6.3866058342303936E-019  -1.1917339633263297E-018  -4.8933175706664834E-018   3.8945993191949033E-019  -2.2202785120774213E-018   1.5188427710062085E-018  -8.0352932374536192E-010
  -9.9574321864691111E-017  -8.1037760125301017E-017   1.7684315631199671E-016  -3.1847932728219341E-009  -5.7988189835154201E-017   1.1338150708193385E-017   9.1594360849548842E-017  -1.0773455419600364E-005  -3.3780652020642728E-014   1.6281728784802842E-012  -1.0773455217171206E-005  -5.4719351552448708E-013   2.1546910636600791E-005  -1.3380166929589159E-008  -1.2100575998637899E-004   4.5425140846976435E-012   4.5809113944227571E-012  -1.2100577427581656E-004  -1.0664770459780437E-012   2.4201153426110705E-004  -8.1664224788088636E-017  -1.1609285169949931E-016   1.5111405852678339E-016   9.4417562778156814E-019   3.8649027705163053E-018  -7.3847199723044926E-018  -5.7936394686327200E-018  -5.4233603058530801E-019   1.1427867831341948E-019   1.3233770175886326E-017  -1.4924465979508422E-017   2.5437126766270859E-018  -2.8096442334745611E-017  -1.3211156025938788E-008  -4.2227217749867202E-004  -8.2259415314479044E-012   5.1981623546635688E-011  -4.2227214945733096E-004  -1.4458429347760312E-011   8.4454432695760804E-004   4.9018281309017267E-017   1.2458732509011726E-016   1.5441844891303370E-016  -4.6791346153067271E-013  -2.7189278104843925E-013  -7.1897192644428111E-012   1.2790857356070896E-012   5.0279881632000071E-013  -4.5778753410267350E-013  -1.4410200111474947E-012  -3.5203325789723047E-012   2.2981088179953145E-012   9.8136177222931547E-012   2.1494207797276086E-012   1.7449193367187201E-012  -5.0553101562957333E-012  -2.1196763533000868E-012   3.1382470687851495E-012  -6.0243429488233161E-018  -2.9093151047597340E-018  -1.8390918411211521E-017   1.7064350435890706E-018   7.5461612306847132E-019  -3.5791849351609858E-019  -1.3537784358885766E-017  -1.3175452580428819E-017  -4.5619453692380640E-018  -3.4077933886979157E-017  -2.9675089254346957E-003  -1.2624503506869246E-011   2.2593947085523218E-010  -2.9675089321016092E-003  -8.1330016630427925E-011   5.9350178575360672E-003   7.3500699059860544E-010   9.1828400344694496E-016   1.9462347685510408E-015   2.7442313275362669E-015   1.6645381101383241E-018  -4.7158129253290958E-018  -2.6058965199770545E-018  -4.3072519101418285E-018  -1.9177375329467798E-019   8.7198121378042119E-020  -2.2064509030302191E-018  -5.9875047574651998E-018  -2.9917435924845168E-018  -7.3827874528010465E-018   1.1323906257215693E-008   3.5014741430015416E-018   6.2765886807242921E-019  -1.6575659134873170E-017   4.0957252953978417E-009  -1.8619607014800408E-018   2.6702178488008167E-018  -1.5451408941676720E-018   6.6086766020843000E-019   3.6647930528936131E-019   8.5161628600982360E-020   2.4454257556837084E-018  -7.3111689604593106E-019   2.0764772151779972E-018  -1.3526244841202978E-018   1.9502368998424952E-009
   2.6471986124117521E-014  -9.3645411703842398E-016  -1.0056012986495864E-014  0.14779483334476834       -4.0271225702179464E-014   2.8938579769889452E-015   1.2774635419663886E-014  -1.2956109519734083E-008  -8.9202066733036303E-009  -4.0564960170934273E-008   2.6336954650141371E-008   5.5284057052054991E-009  -1.3380166929589159E-008  0.62290218201425840       -7.2507834110471529E-009  -6.0034370667137827E-009  -2.0953668648408952E-008   1.4094074915093083E-008   4.1193165240818898E-009  -6.8406325258420167E-009   2.5435842224750256E-014  -1.8359220956404510E-015  -1.7105526389437979E-014  -7.6037716605292377E-016  -7.9946066788042379E-016  -3.2470826344653041E-016  -2.2289519392256665E-015   2.5645692603431452E-016  -6.0681647835661874E-016   1.0832576166698322E-015  -3.6443099354616984E-016  -3.0282993176522941E-016   1.3911509132164085E-015  0.62397784028871350       -5.4822248554352802E-009  -3.8831983913069930E-009  -1.6787292565803785E-008   1.1461623662159946E-008   2.2222401922096912E-009  -5.9825116215863943E-009   8.1807108381118324E-015   4.1050025776337967E-016   6.3854643481467735E-015   2.2416350807723808E-010  -2.7420341427562228E-010  -2.0961382507874859E-010  -7.7413604894301518E-011  -8.4300202134332215E-012  -3.1546630948858778E-010   2.6808895257929869E-010  -5.2803025416896201E-011   8.2030299806470877E-012   2.4897138052845619E-010   2.3582870778257135E-011  -6.5297574577737932E-011   3.6866690932426447E-011   7.1581108850376314E-011   1.5908978158773913E-010  -6.7412447094076505E-015   2.3854561929803932E-016  -3.4502136449923660E-016  -7.8493323929482701E-016   4.9360550576724007E-016  -2.7054958762758952E-015  -1.0023238844373056E-016   5.8163393673931861E-016  -1.9803366551237466E-016   1.9981096929153816E-017  -1.5802182745831763E-008  -1.2876155077754470E-008  -4.7020616938121512E-008   3.0265199842486267E-008   9.1224948972561901E-009  -1.4463036112627023E-008  -3.1118639681092363E-002   2.4153072233365537E-014  -3.2044895168597054E-014  -1.4152827804838916E-014  -1.2261834696300559E-015  -7.3529415451506117E-016   4.6514631741907098E-018  -2.3186471419348869E-015  -5.7438091394429130E-017  -8.0840477596872751E-016   2.4503084568886934E-016  -4.9563619349765434E-016  -2.3948226175520515E-016   4.4535403914529691E-016 -0.52297470559626469       -1.8313095020341085E-015  -3.3650953034115036E-017  -1.6679990660405097E-017 -0.18579094409837774       -1.7566897427099476E-015   1.8508700759136487E-016  -1.3676498114762554E-016   1.0228954543176126E-017   1.1999939443330573E-016  -6.7149480601723487E-016  -1.6784028773810238E-016   2.1672876768564670E-016  -6.1926154884625831E-017  -8.9874672013951935E-017  -9.1778287350634508E-002
