  0.38289073641739751        1.9743321560961036E-016  -3.3987501940439813E-015   8.5525653567815912E-016  0.58485032456896846        1.8625238070585359E-016  -8.4344152755794211E-016   2.9741941105953512E-016  -1.0669490188014778E-016  -7.1407338525440300E-017  -2.6960318438320187E-017   1.8238669392425390E-016  -3.2544190813525188E-017  -5.9747130541807820E-018   4.1031922257851114E-003   5.9940794732218916E-016  -3.0823867763762891E-016   3.6492975762485651E-016   2.6301604321180029E-016
   1.9743321560961036E-016  0.38289073641739430       -3.4281117441276043E-016   9.5482541697727001E-016  -1.8610330290713684E-016  0.58485032456896691       -1.1896035643100406E-015   4.2060282414759256E-016  -3.8917611333934983E-016  -5.0166797789265791E-017   2.6449687101512597E-017  -3.2071162597542201E-016   4.5548509723990022E-018  -3.1197290175095235E-016  -2.9860960709324202E-016   4.1031922257858686E-003   3.2965844680779566E-016  -3.3644966718547020E-016  -4.7784955810650412E-016
  -3.3987501940439813E-015  -3.4281117441276043E-016  0.38289073641739274        6.4437489120025844E-016  -1.1794899909198242E-015   2.6291902682773483E-016  0.58485032456896879        1.8862830232619669E-016   3.2052616209526254E-016  -3.8472272368194535E-017   1.0576901107494714E-016   9.3856011920126728E-017   3.3843541419318401E-017   5.6413834906213462E-017   4.2219510222943346E-017  -1.8419154954518388E-016   4.1031922257867550E-003   1.9714767974922825E-016  -3.0496717536010299E-016
   8.5525653567815912E-016   9.5482541697727001E-016   6.4437489120025844E-016  0.64436583132519776        1.9920268025194810E-016   1.0218111459876157E-015   7.3666990665003256E-018  0.61686142693572477        8.0299548332909685E-015  -7.1035580302961536E-017   6.1540397531740361E-017   6.7580926375494916E-015  -1.6682156025071726E-016   7.9104314729034049E-015  -1.4544757211082116E-016   3.6798834040214988E-015   2.1695112264550474E-015  -1.8040057270924642E-002  -8.2272835586275528E-004
  0.58485032456896846       -1.8610330290713684E-016  -1.1794899909198242E-015   1.9920268025194810E-016  0.89335518262537861       -4.5689634801254764E-016   4.8331293394515695E-015  -6.1937883336855186E-016  -1.6170132571008072E-016  -1.0931672084944491E-016  -4.0459698347541865E-017   2.7845798237188417E-016  -4.6024891864773368E-017  -1.0131833024494047E-017   5.9815864782635864E-007  -8.5454782356234049E-016   8.6802242368726190E-016  -8.1265185203339327E-016  -1.1539325629925430E-018
   1.8625238070585359E-016  0.58485032456896691        2.6291902682773483E-016   1.0218111459876157E-015  -4.5689634801254764E-016  0.89335518262538127       -6.1146969649109040E-016   2.5992967653696992E-016  -5.9659072919555186E-016  -7.6398378774735981E-017   4.0496950861099628E-017  -4.9409725613191845E-016   7.0148204636867517E-018  -4.8051600495473545E-016   1.9923570172136751E-016   5.9815864649537342E-007  -9.8035254502033820E-016  -2.1969026135897887E-016   3.8857286750666203E-017
  -8.4344152755794211E-016  -1.1896035643100406E-015  0.58485032456896879        7.3666990665003256E-018   4.8331293394515695E-015  -6.1146969649109040E-016  0.89335518262539071       -6.3518590591427482E-016   4.8334942278019704E-016  -5.9036775458169522E-017   1.6276114256341754E-016   1.4661003375278041E-016   5.7452378979146817E-017   8.8152480507626123E-017   9.3673712450031976E-016  -1.2525245597638790E-016   5.9815864802664974E-007  -2.2759743391410526E-018   3.2494370726370232E-016
   2.9741941105953512E-016   4.2060282414759256E-016   1.8862830232619669E-016  0.61686142693572477       -6.1937883336855186E-016   2.5992967653696992E-016  -6.3518590591427482E-016  0.59067960622309612        7.7784845285577849E-015  -6.7846360042345225E-017   5.3193825092184501E-017   6.5612848037304340E-015  -1.6398015032001306E-016   7.6580784081009762E-015   3.5971295592963687E-016  -6.9669573231533827E-015  -2.5329994930006017E-015   2.0706096133882106E-007  -3.0207896695735282E-008
  -1.0669490188014778E-016  -3.8917611333934983E-016   3.2052616209526254E-016   8.0299548332909685E-015  -1.6170132571008072E-016  -5.9659072919555186E-016   4.8334942278019704E-016   7.7784845285577849E-015   1.7165927249330120E-028  -1.8847578174880122E-030  -3.7837564965125561E-030   1.3871763822723960E-028  -5.9521269827889448E-030   1.5300982091104066E-028  -4.0657633109372893E-016   6.7844443209097535E-016   1.9945828065633386E-015   1.0156794195424925E-014   5.4713936271214356E-015
  -7.1407338525440300E-017  -5.0166797789265791E-017  -3.8472272368194535E-017  -7.1035580302961536E-017  -1.0931672084944491E-016  -7.6398378774735981E-017  -5.9036775458169522E-017  -6.7846360042345225E-017  -1.8847578174880122E-030   1.5256821809800170E-031   2.5213104628958063E-032  -5.9238700780613579E-031  -1.3924467583880920E-031  -9.8791112660840381E-031   7.7349383586928463E-017  -7.3721301239647217E-017   8.6333097460226939E-017   4.1876790679415268E-017  -4.7044137458117428E-016
  -2.6960318438320187E-017   2.6449687101512597E-017   1.0576901107494714E-016   6.1540397531740361E-017  -4.0459698347541865E-017   4.0496950861099628E-017   1.6276114256341754E-016   5.3193825092184501E-017  -3.7837564965125561E-030   2.5213104628958063E-032   4.0574752773736445E-031  -2.6223416288229615E-030   6.2952940477145732E-031  -2.5852975506594637E-030  -2.3033635211318410E-016  -3.0377004538597207E-017  -3.8270757098338464E-016  -6.5267492411811801E-016  -3.3370735727295985E-016
   1.8238669392425390E-016  -3.2071162597542201E-016   9.3856011920126728E-017   6.7580926375494916E-015   2.7845798237188417E-016  -4.9409725613191845E-016   1.4661003375278041E-016   6.5612848037304340E-015   1.3871763822723960E-028  -5.9238700780613579E-031  -2.6223416288229615E-030   1.2945016427478989E-028  -3.5259004732744215E-030   1.3680843414951101E-028   4.3559601190940964E-017   1.3437870848418991E-015  -1.0353923961423481E-015   1.0494239474721317E-014  -1.5703248897937613E-016
  -3.2544190813525188E-017   4.5548509723990022E-018   3.3843541419318401E-017  -1.6682156025071726E-016  -4.6024891864773368E-017   7.0148204636867517E-018   5.7452378979146817E-017  -1.6398015032001306E-016  -5.9521269827889448E-030  -1.3924467583880920E-031   6.2952940477145732E-031  -3.5259004732744215E-030   2.5594897356467990E-030  -4.0731311026907282E-030  -1.1759474335984829E-015  -1.8284263143580165E-017  -1.8364500944810641E-015  -4.9862659493684261E-016   1.0549915622696681E-016
  -5.9747130541807820E-018  -3.1197290175095235E-016   5.6413834906213462E-017   7.9104314729034049E-015  -1.0131833024494047E-017  -4.8051600495473545E-016   8.8152480507626123E-017   7.6580784081009762E-015   1.5300982091104066E-028  -9.8791112660840381E-031  -2.5852975506594637E-030   1.3680843414951101E-028  -4.0731311026907282E-030   1.4770170368208760E-028   3.2077088105688436E-016   1.2694863350218782E-015  -6.3187881319123635E-016   9.6586493769539637E-015   1.2079497684679464E-015
   4.1031922257851114E-003  -2.9860960709324202E-016   4.2219510222943346E-017  -1.4544757211082116E-016   5.9815864782635864E-007   1.9923570172136751E-016   9.3673712450031976E-016   3.5971295592963687E-016  -4.0657633109372893E-016   7.7349383586928463E-017  -2.3033635211318410E-016   4.3559601190940964E-017  -1.1759474335984829E-015   3.2077088105688436E-016   1.9992827439095842       -3.6918778039025935E-017  -1.1806792251777692E-016   9.4770411211699703E-017   2.7875988882985399E-017
   5.9940794732218916E-016   4.1031922257858686E-003  -1.8419154954518388E-016   3.6798834040214988E-015  -8.5454782356234049E-016   5.9815864649537342E-007  -1.2525245597638790E-016  -6.9669573231533827E-015   6.7844443209097535E-016  -7.3721301239647217E-017  -3.0377004538597207E-017   1.3437870848418991E-015  -1.8284263143580165E-017   1.2694863350218782E-015  -3.6918778039025935E-017   1.9992827439095902        4.1873751373874141E-016  -3.9505036252185901E-015  -6.1868033865133979E-016
  -3.0823867763762891E-016   3.2965844680779566E-016   4.1031922257867550E-003   2.1695112264550474E-015   8.6802242368726190E-016  -9.8035254502033820E-016   5.9815864802664974E-007  -2.5329994930006017E-015   1.9945828065633386E-015   8.6333097460226939E-017  -3.8270757098338464E-016  -1.0353923961423481E-015  -1.8364500944810641E-015  -6.3187881319123635E-016  -1.1806792251777692E-016   4.1873751373874141E-016   1.9992827439095919       -9.3242193253858824E-016   1.9623946315759399E-016
   3.6492975762485651E-016  -3.3644966718547020E-016   1.9714767974922825E-016  -1.8040057270924642E-002  -8.1265185203339327E-016  -2.1969026135897887E-016  -2.2759743391410526E-018   2.0706096133882106E-007   1.0156794195424925E-014   4.1876790679415268E-017  -6.5267492411811801E-016   1.0494239474721317E-014  -4.9862659493684261E-016   9.6586493769539637E-015   9.4770411211699703E-017  -3.9505036252185901E-015  -9.3242193253858824E-016   2.0122087924069354        6.7035147328073151E-007
   2.6301604321180029E-016  -4.7784955810650412E-016  -3.0496717536010299E-016  -8.2272835586275528E-004  -1.1539325629925430E-018   3.8857286750666203E-017   3.2494370726370232E-016  -3.0207896695735282E-008   5.4713936271214356E-015  -4.7044137458117428E-016  -3.3370735727295985E-016  -1.5703248897937613E-016   1.0549915622696681E-016   1.2079497684679464E-015   2.7875988882985399E-017  -6.1868033865133979E-016   1.9623946315759399E-016   6.7035147328073151E-007   2.0000783490463094     
