  0.14305359719674254        1.2850195670637120E-017  -2.4432947707865954E-017   9.0885797494230679E-017  -4.1843815853546421E-019  -5.9994348803167508E-019  -7.7624662908638733E-019   9.8510000413204298E-020   3.3686937185352307E-019   3.1992815812296158E-019  0.10469265450344140        1.0025129033307210E-017  -2.1425416056481814E-017   8.8181432182714325E-017   3.2562177342216778E-016
   1.2850195670637120E-017  0.14305359719674193       -5.7340742397327103E-017  -8.2884597762633237E-018   8.9190525958332291E-020   4.0164864647076068E-019  -2.6660163131425508E-019  -2.3859865776772621E-019  -2.4952781587844960E-019   1.4940813180923725E-019   1.1299984205003866E-017  0.10469265450344076       -3.9136310294937687E-017  -7.5658746385370867E-018   4.3842161096360760E-017
  -2.4432947707865954E-017  -5.7340742397327103E-017  0.14305359719674191       -1.8721614872956020E-017  -3.8272762789922037E-018   9.6304022240955286E-019   1.7045611412219128E-019  -4.0198034928601939E-018  -2.3110797923742043E-019  -3.3330525943720985E-018  -2.1948882417884931E-017  -4.4268200578035739E-017  0.10469265450344073       -1.4214741772674856E-017   5.6811098761064898E-016
   9.0885797494230679E-017  -8.2884597762633237E-018  -1.8721614872956020E-017  0.60861508382475105       -2.2204519245218794E-015  -5.4919539184811858E-017  -2.2537194589622566E-016  -2.0688470968137883E-015  -1.2764255471741597E-016  -1.9730341566200494E-015   3.1257970402026907E-016  -9.7940093327040550E-018  -4.0478517457232256E-016  0.57792956647374316        7.2433695110951076E-003
  -4.1843815853546421E-019   8.9190525958332291E-020  -3.8272762789922037E-018  -2.2204519245218794E-015   8.3992801457185605E-030   3.0609548014958429E-031   1.1261243757027579E-030   7.7124804731056326E-030   1.9023363487777022E-031   7.2262348558784246E-030  -3.0623068850536138E-019   6.5273387751981069E-020  -2.8009621639535499E-018  -2.1100327492627771E-015  -7.9895412039761286E-016
  -5.9994348803167508E-019   4.0164864647076068E-019   9.6304022240955286E-019  -5.4919539184811858E-017   3.0609548014958429E-031   4.2475840609322208E-032   1.2812785295189818E-031   2.4499049198831502E-031  -8.6189458414758848E-032   1.8787462142573252E-031  -4.3906394208113784E-019   2.9394341562000228E-019   7.0479344283099780E-019  -5.2694282574102326E-017  -2.7466565932830666E-016
  -7.7624662908638733E-019  -2.6660163131425508E-019   1.7045611412219128E-019  -2.2537194589622566E-016   1.1261243757027579E-030   1.2812785295189818E-031   3.9319490599835669E-031   9.3371697240360980E-031  -2.3349379161572639E-031   7.5894050048577190E-031  -5.6809001479799651E-019  -1.9511031546343825E-019   1.2474697185899410E-019  -2.1557139431514219E-016  -7.9007414965391132E-016
   9.8510000413204298E-020  -2.3859865776772621E-019  -4.0198034928601939E-018  -2.0688470968137883E-015   7.7124804731056326E-030   2.4499049198831502E-031   9.3371697240360980E-031   7.1233970599415238E-030   2.8195791503013696E-031   6.7222993124903357E-030   7.2093772127211273E-020  -1.7461655863364676E-019  -2.9418616972682665E-018  -1.9653842639017790E-015  -4.5074246120675026E-016
   3.3686937185352307E-019  -2.4952781587844960E-019  -2.3110797923742043E-019  -1.2764255471741597E-016   1.9023363487777022E-031  -8.6189458414758848E-032  -2.3349379161572639E-031   2.8195791503013696E-031   2.8126527513201910E-031   3.8812665591543370E-031   2.4653521093727417E-019  -1.8261497738384970E-019  -1.6913456422922421E-019  -1.1979077190626325E-016   7.1221249213726848E-016
   3.1992815812296158E-019   1.4940813180923725E-019  -3.3330525943720985E-018  -1.9730341566200494E-015   7.2262348558784246E-030   1.8787462142573252E-031   7.5894050048577190E-031   6.7222993124903357E-030   3.8812665591543370E-031   6.3989347439945741E-030   2.3413691637625717E-019   1.0934317088159930E-019  -2.4392684318473009E-018  -1.8736994318769992E-015  -9.5491350813701830E-017
  0.10469265450344140        1.1299984205003866E-017  -2.1948882417884931E-017   3.1257970402026907E-016  -3.0623068850536138E-019  -4.3906394208113784E-019  -5.6809001479799651E-019   7.2093772127211273E-020   2.4653521093727417E-019   2.3413691637625717E-019   7.6618499092356449E-002   8.7242981845614121E-018  -1.8656747696223426E-017   2.9780311082933648E-016   4.4110015181037717E-017
   1.0025129033307210E-017  0.10469265450344076       -4.4268200578035739E-017  -9.7940093327040550E-018   6.5273387751981069E-020   2.9394341562000228E-019  -1.9511031546343825E-019  -1.7461655863364676E-019  -1.8261497738384970E-019   1.0934317088159930E-019   8.7242981845614121E-018   7.6618499092355880E-002  -3.0329426398018973E-017  -9.1076406325081281E-018   1.6711270720643068E-017
  -2.1425416056481814E-017  -3.9136310294937687E-017  0.10469265450344073       -4.0478517457232256E-016  -2.8009621639535499E-018   7.0479344283099780E-019   1.2474697185899410E-019  -2.9418616972682665E-018  -1.6913456422922421E-019  -2.4392684318473009E-018  -1.8656747696223426E-017  -3.0329426398018973E-017   7.6618499092355852E-002  -3.8231490949523985E-016   1.3596897690957696E-016
   8.8181432182714325E-017  -7.5658746385370867E-018  -1.4214741772674856E-017  0.57792956647374316       -2.1100327492627771E-015  -5.2694282574102326E-017  -2.1557139431514219E-016  -1.9653842639017790E-015  -1.1979077190626325E-016  -1.8736994318769992E-015   2.9780311082933648E-016  -9.1076406325081281E-018  -3.8231490949523985E-016  0.54879905089809877        1.0849993532377202E-002
   3.2562177342216778E-016   4.3842161096360760E-017   5.6811098761064898E-016   7.2433695110951076E-003  -7.9895412039761286E-016  -2.7466565932830666E-016  -7.9007414965391132E-016  -4.5074246120675026E-016   7.1221249213726848E-016  -9.5491350813701830E-017   4.4110015181037717E-017   1.6711270720643068E-017   1.3596897690957696E-016   1.0849993532377202E-002   2.0017580007309914     
