   1.9209753732366274E-031  -4.9421091095816116E-032  -2.7985672459668427E-031   1.8195056203311442E-016   1.5168595361724506E-016   1.8242267756776197E-031  -4.8972864076293914E-034   1.0309809817582558E-031  -4.2036703495611502E-031   2.2975008822104021E-031   6.1577193731664638E-032  -5.6421549180697966E-031   2.1194034233501791E-032  -3.7007598453304191E-031  -5.3699522367408015E-016
  -4.9421091095816116E-032   1.6887508892204840E-032   1.1890409093113155E-032  -1.0983059531375578E-018  -3.4397799165329340E-019  -2.3178196873380246E-032   4.2102676150696437E-033  -4.9812535991425552E-032   6.3363695538587492E-032  -7.3783019140465294E-032  -2.1556492338264673E-032   1.0132056092912517E-031  -5.7319817684197862E-033   5.2248745574329766E-032   1.8389813529298721E-016
  -2.7985672459668427E-031   1.1890409093113155E-032   1.2735416316570813E-030  -9.2353602334867149E-016  -7.7815457395659222E-016  -6.0792383141116312E-031  -5.8118437668955878E-032   1.8525943729632498E-031   1.2575080388461585E-030  -1.2332446437185678E-031  -7.3944178227612684E-033   1.4534054638038807E-030  -2.6852208323511891E-032   1.1579755173460760E-030   1.2338742297033866E-016
   1.8195056203311442E-016  -1.0983059531375578E-018  -9.2353602334867149E-016  0.67309660001045102       0.56739966722525093        4.3299918851133273E-016   4.4277508529427022E-017  -1.5746160038905960E-016  -8.8875594518731878E-016   5.6856013404293939E-017  -4.2749302307275185E-018  -1.0146117671326373E-015   1.7014095179445220E-017  -8.2114608696170514E-016  -7.5151619571627547E-003
   1.5168595361724506E-016  -3.4397799165329340E-019  -7.7815457395659222E-016  0.56739966722525093       0.47832046402891976        3.6423061234161442E-016   3.7472143615682069E-017  -1.3446060047318585E-016  -7.4706038240751097E-016   4.5388594237637478E-017  -4.3466836089343152E-018  -8.5185208918911326E-016   1.4145797258040319E-017  -6.9044656319704207E-016   1.4205553855957249E-006
   1.8242267756776197E-031  -2.3178196873380246E-032  -6.0792383141116312E-031   4.3299918851133273E-016   3.6423061234161442E-016   3.0845138863155375E-031   2.2784256872432596E-032  -3.4661248014729429E-032  -6.5412664166992455E-031   1.3464278650439385E-031   2.5946817778518729E-032  -7.8532901024874444E-031   1.8536296361402905E-032  -5.9598854758546169E-031  -2.4955142517303656E-016
  -4.8972864076293914E-034   4.2102676150696437E-033  -5.8118437668955878E-032   4.4277508529427022E-017   3.7472143615682069E-017   2.2784256872432596E-032   3.9987761578786328E-033  -2.3056610344857802E-032  -4.2761613196705466E-032  -1.4949057452550237E-032  -5.7500891164493973E-033  -4.1466187718259262E-032  -3.2747299581897619E-034  -4.1105083276540089E-032   4.6142345875126962E-017
   1.0309809817582558E-031  -4.9812535991425552E-032   1.8525943729632498E-031  -1.5746160038905960E-016  -1.3446060047318585E-016  -3.4661248014729429E-032  -2.3056610344857802E-032   1.8530177322510517E-031   2.4326429704127688E-032   2.0520538994748650E-031   6.4939981385018556E-032  -5.8171978368889270E-032   1.2933920874885816E-032   4.1140932184985868E-032  -5.4349969092594759E-016
  -4.2036703495611502E-031   6.3363695538587492E-032   1.2575080388461585E-030  -8.8875594518731878E-016  -7.4706038240751097E-016  -6.5412664166992455E-031  -4.2761613196705466E-032   2.4326429704127688E-032   1.4005254925300846E-030  -3.4526668450019388E-031  -7.3420412900327432E-032   1.7051257586829653E-030  -4.3380591819098375E-032   1.2709037304649111E-030   6.8416248627028369E-016
   2.2975008822104021E-031  -7.3783019140465294E-032  -1.2332446437185678E-031   5.6856013404293939E-017   4.5388594237637478E-017   1.3464278650439385E-031  -1.4949057452550237E-032   2.0520538994748650E-031  -3.4526668450019388E-031   3.2639109052904304E-031   9.3743122126178249E-032  -5.2064738954087135E-031   2.6330713413619629E-032  -2.9153088496189364E-031  -8.0312339959163915E-016
   6.1577193731664638E-032  -2.1556492338264673E-032  -7.3944178227612684E-033  -4.2749302307275185E-018  -4.3466836089343152E-018   2.5946817778518729E-032  -5.7500891164493973E-033   6.4939981385018556E-032  -7.3420412900327432E-032   9.3743122126178249E-032   2.7564219519219644E-032  -1.2083066649190016E-031   7.1763670937875352E-033  -5.9796635025846791E-032  -2.3477896749226101E-016
  -5.6421549180697966E-031   1.0132056092912517E-031   1.4534054638038807E-030  -1.0146117671326373E-015  -8.5185208918911326E-016  -7.8532901024874444E-031  -4.1466187718259262E-032  -5.8171978368889270E-032   1.7051257586829653E-030  -5.2064738954087135E-031  -1.2083066649190016E-031   2.1176598633229383E-030  -5.9314852530560945E-032   1.5382591634085983E-030   1.0966824824226735E-015
   2.1194034233501791E-032  -5.7319817684197862E-033  -2.6852208323511891E-032   1.7014095179445220E-017   1.4145797258040319E-017   1.8536296361402905E-032  -3.2747299581897619E-034   1.2933920874885816E-032  -4.3380591819098375E-032   2.6330713413619629E-032   7.1763670937875352E-033  -5.9314852530560945E-032   2.3570323100883668E-033  -3.7954083996253277E-032  -6.2309054703019155E-017
  -3.7007598453304191E-031   5.2248745574329766E-032   1.1579755173460760E-030  -8.2114608696170514E-016  -6.9044656319704207E-016  -5.9598854758546169E-031  -4.1105083276540089E-032   4.1140932184985868E-032   1.2709037304649111E-030  -2.9153088496189364E-031  -5.9796635025846791E-032   1.5382591634085983E-030  -3.7954083996253277E-032   1.1552449604965451E-030   5.6356693094678727E-016
  -5.3699522367408015E-016   1.8389813529298721E-016   1.2338742297033866E-016  -7.5151619571627547E-003   1.4205553855957249E-006  -2.4955142517303656E-016   4.6142345875126962E-017  -5.4349969092594759E-016   6.8416248627028369E-016  -8.0312339959163915E-016  -2.3477896749226101E-016   1.0966824824226735E-015  -6.2309054703019155E-017   5.6356693094678727E-016   2.0026056024676886     
