   2.8750624436064079E-006   2.9386444236533347E-011  -1.4492762762198652E-011  -5.6550887761639738E-018   1.4814550637018794E-019  -5.6557156448105689E-020   2.9450116602707582E-019   9.2062328555470551E-019   9.5943083874567922E-019  -3.3377632234248050E-019   1.3511124552366357E-017  -1.6462346547219855E-011  -4.4763766853527070E-011   2.1554083672643826E-011  -1.0736064123419924E-016   5.0726533760199462E-017  -2.3048345728962322E-003  -1.2788429314640031E-008   6.3080124503479072E-009  -1.1645623485541419E-015   6.6294047078522547E-004  -9.2351785360009462E-011   4.9318008178335886E-011  -3.4035340569037354E-019   3.9934683147093528E-019  -3.8962374376835971E-019   1.3738812692644667E-018  -7.0132613212061967E-019   1.2337804603864374E-018
   2.9386444236533347E-011   2.8750804449736462E-006   1.4012853617325626E-011   5.8014010624764592E-016  -2.7824991805875687E-019   7.9021812670819495E-019   3.0688728427241760E-019   2.6306107520272388E-019   5.5572185116939634E-020   4.9846282586269945E-020  -7.1518224031687755E-016  -4.4763767659550166E-011  -4.3997574489391915E-011  -2.1071741760429520E-011   2.8719401566828200E-015  -3.2833411494740519E-015  -1.2788428563212151E-008  -2.3048424065263804E-003  -6.0986738235088030E-009  -8.1824435823960434E-015  -9.2351577972336317E-011   6.6294041504034052E-004  -4.6015107135208176E-011   3.5476696829240668E-019   5.6175042451396774E-019   2.8479143885734700E-019   1.6487342716303226E-019   2.9563563990257145E-019  -5.9211796519062546E-019
  -1.4492762762198652E-011   1.4012853617325626E-011   2.8750669707379030E-006  -1.2763707556856373E-016   1.4079131559166923E-019   3.2706585917220820E-019   6.3336573290749163E-019  -6.7882803492778976E-019   5.3405044622462280E-020  -1.8312374851118082E-019   1.3571108929011309E-016   2.1554082418828150E-011  -2.1071742416695263E-011  -2.2640150222686260E-011   1.5587377747567383E-015  -5.5901765599479313E-016   6.3080134937255028E-009  -6.0986729215067535E-009  -2.3048365444410870E-003  -3.4660862989725885E-015   4.9318087192258854E-011  -4.6015887135314402E-011   6.6294045137282442E-004   6.6146319933435335E-020   8.8065796268238614E-019   4.1181358178092356E-019  -3.4091790100577156E-019   2.5157287384360539E-019  -1.3906918077270349E-018
  -5.6550887761639738E-018   5.8014010624764592E-016  -1.2763707556856373E-016  0.48084067895721833        5.6448993784473608E-008  -2.3578113011291111E-007   1.2907055780165404E-007  -6.6214826655750493E-008  -1.1913255666449444E-007   9.7658453709164222E-009 -0.56875093870253901        6.3079365366453165E-017  -1.0857573755870102E-016  -5.1858675190020147E-017  -2.0056877572861447E-002  -3.5858414096987183E-003   5.3615372500069294E-017   2.4985174220406883E-016  -1.2255640988703995E-015  -2.4790332266723863E-004   4.3649353958546357E-015  -2.9384792454348830E-015   5.5789463276318158E-016  -8.0214841666680826E-008   3.5624354044316313E-007  -1.7981304217969851E-007   1.0799430305869300E-007   1.7203341597609738E-007  -2.7779444511795951E-008
   1.4814550637018794E-019  -2.7824991805875687E-019   1.4079131559166923E-019   5.6448993784473608E-008   6.6274586560850017E-015  -2.7681611845564213E-014   1.5153768315667851E-014  -7.7736723738520278E-015  -1.3986823941612160E-014   1.1462151770012979E-015  -6.6781465612993085E-008   6.7094404979562390E-024  -6.4241173227554194E-024  -7.9485451977333847E-024  -1.4087629689530524E-009   2.8980723095448988E-011   1.4262478690520851E-016   1.8299398399275113E-016  -7.5707585762994728E-017   9.3299329565575421E-014   9.4264665724707823E-016  -2.0362675735308901E-016   1.6166080383845749E-016  -9.4171452171899927E-015   4.1822021258685377E-014  -2.1109984643185875E-014   1.2678015626260361E-014   2.0196476223719232E-014  -3.2608684321962297E-015
  -5.6557156448105689E-020   7.9021812670819495E-019   3.2706585917220820E-019  -2.3578113011291111E-007  -2.7681611845564213E-014   1.1562140078685201E-013  -6.3294243545993958E-014   3.2469562011590919E-014   5.8420342328426934E-014  -4.7879562658277712E-015   2.7892507915942088E-007  -3.7503232191316758E-023   3.7286833360467327E-023   2.0227249482226998E-023   7.0420872911069663E-009  -1.3594103517073546E-010  -2.3799547980344358E-017  -5.5963361941723830E-016  -3.2863651115816805E-016  -4.3788979743486511E-013  -2.5336070350210032E-016   4.3975604032331759E-016  -1.5569435265801086E-016   3.9334310285990946E-014  -1.7468644900651103E-013   8.8173796639605610E-014  -5.2955091488127075E-014  -8.4358411056162702E-014   1.3620772947720917E-014
   2.9450116602707582E-019   3.0688728427241760E-019   6.3336573290749163E-019   1.2907055780165404E-007   1.5153768315667851E-014  -6.3294243545993958E-014   3.4649302764748711E-014  -1.7774526275419866E-014  -3.1981035770463858E-014   2.6207612954840953E-015  -1.5269805642652916E-007   2.0467693913671041E-023  -4.3013533418034553E-023  -1.6551276959325502E-023  -3.0245648629374886E-009   6.3753850405314518E-011  -2.9910888612429464E-017   6.9888899375709692E-017  -7.1321594075158025E-016   2.0047955803302069E-013   7.8452171004474425E-016   1.1682574557322322E-015  -5.6798721695697822E-016  -2.1532300190216651E-014   9.5625909629730650E-014  -4.8267996954023110E-014   2.8988193283681634E-014   4.6179220816203752E-014  -7.4558885728751353E-015
   9.2062328555470551E-019   2.6306107520272388E-019  -6.7882803492778976E-019  -6.6214826655750493E-008  -7.7736723738520278E-015   3.2469562011590919E-014  -1.7774526275419866E-014   9.1184097108161940E-015   1.6405890673430506E-014  -1.3447390517609300E-015   7.8325905054677971E-008  -2.3398444310075676E-023   3.5548470880470569E-024   1.8490259813349953E-023   2.4119257855412691E-009  -4.3757890749292623E-011  -5.1127131215363611E-016  -1.2846636929534103E-016   3.6445949189637015E-016  -1.4274181827350721E-013   1.0003968552193085E-015   3.4734961774362449E-016  -7.8125425376910113E-016   1.1046303767393293E-014  -4.9057705535106918E-014   2.4761908729621481E-014  -1.4871635489714708E-014  -2.3690516172291226E-014   3.8253294052572920E-015
   9.5943083874567922E-019   5.5572185116939634E-020   5.3405044622462280E-020  -1.1913255666449444E-007  -1.3986823941612160E-014   5.8420342328426934E-014  -3.1981035770463858E-014   1.6405890673430506E-014   2.9518300785161394E-014  -2.4190698120675556E-015   1.4093691652201253E-007  -1.9039145298759098E-023   9.1096053198565440E-024   1.9848798344341664E-023   3.1230267138756039E-009  -6.3098480419255701E-011  -9.7339576989118864E-016   4.5648826044125350E-017   1.9911696956546571E-016  -2.0124552933579819E-013  -4.8868549945802739E-016   3.2673086214274534E-016   8.5308340924741667E-016   1.9874370383744250E-014  -8.8263190834955399E-014   4.4551452009041129E-014  -2.6756324994593406E-014  -4.2623572428481772E-014   6.8819504391212701E-015
  -3.3377632234248050E-019   4.9846282586269945E-020  -1.8312374851118082E-019   9.7658453709164222E-009   1.1462151770012979E-015  -4.7879562658277712E-015   2.6207612954840953E-015  -1.3447390517609300E-015  -2.4190698120675556E-015   1.9852413032265924E-016  -1.1544454087050451E-008  -3.2109466029481451E-024   8.2429891882059301E-024  -5.9532782640040553E-024  -1.0031718131890261E-009   1.4758502171998363E-011   3.5278978497222830E-016  -8.6298064189587016E-017   3.4689108034961586E-016   4.8460382157302648E-014   2.1919963972018072E-016  -1.4958259357917834E-016   6.5320517248598135E-016  -1.6291606283891621E-015   7.2356935113421664E-015  -3.6519287440610508E-015   2.1936226649200993E-015   3.4940444062764636E-015  -5.6446169634024263E-016
   1.3511124552366357E-017  -7.1518224031687755E-016   1.3571108929011309E-016 -0.56875093870253901       -6.6781465612993085E-008   2.7892507915942088E-007  -1.5269805642652916E-007   7.8325905054677971E-008   1.4093691652201253E-007  -1.1544454087050451E-008  0.67302244675848122       -7.6281025489155371E-017   1.4999485951858901E-016   7.5636488167943910E-017  -4.6101171072470003E-008  -1.3007090094843246E-008  -1.1496694760973577E-015   4.2390342557184519E-016   6.5379753522267378E-016   1.3563143257198996E-008   7.7220940272052986E-015  -3.0225563090884995E-015   6.5080664682184185E-016   9.4882888794077011E-008  -4.2137023875576068E-007   2.1269625427571217E-007  -1.2773171045481675E-007  -2.0348931446039044E-007   3.2848801707190532E-008
  -1.6462346547219855E-011  -4.4763767659550166E-011   2.1554082418828150E-011   6.3079365366453165E-017   6.7094404979562390E-024  -3.7503232191316758E-023   2.0467693913671041E-023  -2.3398444310075676E-023  -1.9039145298759098E-023  -3.2109466029481451E-024  -7.6281025489155371E-017   1.0673060945887663E-015   7.0970261329990229E-016   1.0687686849729447E-016   1.1896561336882102E-016   3.8978897253553285E-017   1.0767984244534004E-008   3.8953371514900755E-008  -1.8761178055535542E-008   1.0272111686781835E-015  -1.2238253293434624E-008   3.4140164934096488E-010  -1.8078513402378602E-010  -2.1532100573085866E-023   4.0313487434674099E-023  -2.2013259278234749E-023  -1.1069346602179948E-024   2.1594367618206505E-023  -2.7638981932930161E-023
  -4.4763766853527070E-011  -4.3997574489391915E-011  -2.1071742416695263E-011  -1.0857573755870102E-016  -6.4241173227554194E-024   3.7286833360467327E-023  -4.3013533418034553E-023   3.5548470880470569E-024   9.1096053198565440E-024   8.2429891882059301E-024   1.4999485951858901E-016   7.0970261329990229E-016   1.6018492818967077E-015   9.9018872977683725E-017  -2.5034868723898073E-015   3.2086149188611252E-015   3.8953370803197401E-008   3.4728044203154042E-008   1.8339140891695742E-008   8.3086154370296197E-015   3.4140160740794261E-010  -1.2031834371108327E-008   1.6930186597824244E-010   2.8018249341755301E-023  -9.4022829472479147E-023   3.8222602959712120E-023  -3.4703928334746102E-023  -3.0009780360779868E-023   1.7297342765045000E-023
   2.1554083672643826E-011  -2.1071741760429520E-011  -2.2640150222686260E-011  -5.1858675190020147E-017  -7.9485451977333847E-024   2.0227249482226998E-023  -1.6551276959325502E-023   1.8490259813349953E-023   1.9848798344341664E-023  -5.9532782640040553E-024   7.5636488167943910E-017   1.0687686849729447E-016   9.9018872977683725E-017   5.4849600870923243E-016  -1.2994664019082134E-015   2.4784394158992256E-016  -1.8761179204313984E-008   1.8339140524015984E-008   1.6150560402439666E-008   3.6548431722499956E-015  -1.8078534401864160E-010   1.6930256795582787E-010  -1.2168593073019042E-008  -2.1701252077845090E-024  -4.7051027570044317E-023   9.8922448666944035E-024  -3.9561699363550187E-024  -2.9512161092149329E-023   1.9982158100462829E-023
  -1.0736064123419924E-016   2.8719401566828200E-015   1.5587377747567383E-015  -2.0056877572861447E-002  -1.4087629689530524E-009   7.0420872911069663E-009  -3.0245648629374886E-009   2.4119257855412691E-009   3.1230267138756039E-009  -1.0031718131890261E-009  -4.6101171072470003E-008   1.1896561336882102E-016  -2.5034868723898073E-015  -1.2994664019082134E-015   2.0115672515014507       -3.8295439553851571E-010   2.5500452075477864E-016  -1.3650834887130543E-015  -1.6051498075339209E-015  -3.4118418399082381E-008  -7.4379517523034965E-015   1.5432647079362347E-015  -6.6163880347203249E-016   3.2474318211319301E-009  -1.5767535531424282E-008   7.0511893526434754E-009  -5.2544694008364262E-009  -7.1388130270770569E-009   2.0070412888923740E-009
   5.0726533760199462E-017  -3.2833411494740519E-015  -5.5901765599479313E-016  -3.5858414096987183E-003   2.8980723095448988E-011  -1.3594103517073546E-010   6.3753850405314518E-011  -4.3757890749292623E-011  -6.3098480419255701E-011   1.4758502171998363E-011  -1.3007090094843246E-008   3.8978897253553285E-017   3.2086149188611252E-015   2.4784394158992256E-016  -3.8295439553851571E-010   2.0004347314952580        4.1682369013017568E-018   1.1857969654161009E-015  -4.7312481727196459E-017  -1.6232451822141909E-008  -1.8311995418199821E-015   4.9317400805848833E-016  -4.9973889299855734E-016  -1.1206492447098162E-010   5.2122073822935887E-010  -2.4718347569071762E-010   1.6631119198347472E-010   2.4337042975017503E-010  -5.4276857628377356E-011
  -2.3048345728962322E-003  -1.2788428563212151E-008   6.3080134937255028E-009   5.3615372500069294E-017   1.4262478690520851E-016  -2.3799547980344358E-017  -2.9910888612429464E-017  -5.1127131215363611E-016  -9.7339576989118864E-016   3.5278978497222830E-016  -1.1496694760973577E-015   1.0767984244534004E-008   3.8953370803197401E-008  -1.8761179204313984E-008   2.5500452075477864E-016   4.1682369013017568E-018   2.0006136571613862        1.4209320305917269E-008  -6.8830786966254412E-009  -2.0916265209869940E-016   1.5140974150693133E-010   4.2594786952336270E-010  -2.0903882676206831E-010   8.6991039723051643E-016  -3.5343390073419382E-016   3.1472223980777211E-016  -8.0095580258859733E-016   5.8786679173273240E-016  -3.2199568744873340E-016
  -1.2788429314640031E-008  -2.3048424065263804E-003  -6.0986729215067535E-009   2.4985174220406883E-016   1.8299398399275113E-016  -5.5963361941723830E-016   6.9888899375709692E-017  -1.2846636929534103E-016   4.5648826044125350E-017  -8.6298064189587016E-017   4.2390342557184519E-016   3.8953371514900755E-008   3.4728044203154042E-008   1.8339140524015984E-008  -1.3650834887130543E-015   1.1857969654161009E-015   1.4209320305917269E-008   2.0006136658928542        6.7103639074531657E-009   2.7685095958004218E-015   4.2594786573874039E-010   4.1255682362375829E-010   2.0257335850634232E-010  -2.0403383075684850E-016  -5.2558945587778646E-016  -9.8884818093715723E-017   1.6508159014246584E-016  -2.9326305739912204E-016   1.0621776013311182E-016
   6.3080124503479072E-009  -6.0986738235088030E-009  -2.3048365444410870E-003  -1.2255640988703995E-015  -7.5707585762994728E-017  -3.2863651115816805E-016  -7.1321594075158025E-016   3.6445949189637015E-016   1.9911696956546571E-016   3.4689108034961586E-016   6.5379753522267378E-016  -1.8761178055535542E-008   1.8339140891695742E-008   1.6150560402439666E-008  -1.6051498075339209E-015  -4.7312481727196459E-017  -6.8830786966254412E-009   6.7103639074531657E-009   2.0006136591790473        1.6290809557519955E-015  -2.0903892741310425E-010   2.0257327192290390E-010   2.1561378457681261E-010  -5.1278943844991867E-017  -5.9133598599990979E-016  -1.4840035402747220E-016   6.3225017723696679E-016  -1.1763092380112879E-016   8.8504314443467793E-016
  -1.1645623485541419E-015  -8.1824435823960434E-015  -3.4660862989725885E-015  -2.4790332266723863E-004   9.3299329565575421E-014  -4.3788979743486511E-013   2.0047955803302069E-013  -1.4274181827350721E-013  -2.0124552933579819E-013   4.8460382157302648E-014   1.3563143257198996E-008   1.0272111686781835E-015   8.3086154370296197E-015   3.6548431722499956E-015  -3.4118418399082381E-008  -1.6232451822141909E-008  -2.0916265209869940E-016   2.7685095958004218E-015   1.6290809557519955E-015   2.0000039402162764       -1.2416507002593637E-016   6.5806716891964264E-016  -8.3463561392104606E-017  -2.1738141158916907E-013   1.0244226027886347E-012  -4.7060500311401178E-013   3.3348255321068263E-013   4.7091986952084216E-013  -1.1790982584918143E-013
   6.6294047078522547E-004  -9.2351577972336317E-011   4.9318087192258854E-011   4.3649353958546357E-015   9.4264665724707823E-016  -2.5336070350210032E-016   7.8452171004474425E-016   1.0003968552193085E-015  -4.8868549945802739E-016   2.1919963972018072E-016   7.7220940272052986E-015  -1.2238253293434624E-008   3.4140160740794261E-010  -1.8078534401864160E-010  -7.4379517523034965E-015  -1.8311995418199821E-015   1.5140974150693133E-010   4.2594786573874039E-010  -2.0903892741310425E-010  -1.2416507002593637E-016   1.9999915150748775        6.1578934998141139E-012  -3.2665125064318408E-012   1.9966611877983651E-015  -2.3615567424444338E-017  -8.1595130597583311E-017   1.3609903827559216E-015  -7.2600674160944788E-017   2.6029930334128619E-015
  -9.2351785360009462E-011   6.6294041504034052E-004  -4.6015887135314402E-011  -2.9384792454348830E-015  -2.0362675735308901E-016   4.3975604032331759E-016   1.1682574557322322E-015   3.4734961774362449E-016   3.2673086214274534E-016  -1.4958259357917834E-016  -3.0225563090884995E-015   3.4140164934096488E-010  -1.2031834371108327E-008   1.6930256795582787E-010   1.5432647079362347E-015   4.9317400805848833E-016   4.2594786952336270E-010   4.1255682362375829E-010   2.0257327192290390E-010   6.5806716891964264E-016   6.1578934998141139E-012   1.9999915150785881        3.0559016301586687E-012   3.6144111065031253E-016  -1.3331982984538185E-016   5.1614098377243605E-016   1.0707638392023273E-015  -1.2799002317691314E-016  -1.4170604053173660E-015
   4.9318008178335886E-011  -4.6015107135208176E-011   6.6294045137282442E-004   5.5789463276318158E-016   1.6166080383845749E-016  -1.5569435265801086E-016  -5.6798721695697822E-016  -7.8125425376910113E-016   8.5308340924741667E-016   6.5320517248598135E-016   6.5080664682184185E-016  -1.8078513402378602E-010   1.6930186597824244E-010  -1.2168593073019042E-008  -6.6163880347203249E-016  -4.9973889299855734E-016  -2.0903882676206831E-010   2.0257335850634232E-010   2.1561378457681261E-010  -8.3463561392104606E-017  -3.2665125064318408E-012   3.0559016301586687E-012   1.9999915150761047        2.1252193764489911E-017   6.0185471226661565E-016   7.2644797123528920E-016   1.1690540445135679E-015   3.5025161196789984E-016  -1.1194675806390628E-015
  -3.4035340569037354E-019   3.5476696829240668E-019   6.6146319933435335E-020  -8.0214841666680826E-008  -9.4171452171899927E-015   3.9334310285990946E-014  -2.1532300190216651E-014   1.1046303767393293E-014   1.9874370383744250E-014  -1.6291606283891621E-015   9.4882888794077011E-008  -2.1532100573085866E-023   2.8018249341755301E-023  -2.1701252077845090E-024   3.2474318211319301E-009  -1.1206492447098162E-010   8.6991039723051643E-016  -2.0403383075684850E-016  -5.1278943844991867E-017  -2.1738141158916907E-013   1.9966611877983651E-015   3.6144111065031253E-016   2.1252193764489911E-017   1.3381864522089782E-014  -5.9430375689319515E-014   2.9997373341432478E-014  -1.8016143560832692E-014  -2.8699517689215295E-014   4.6342762333879682E-015
   3.9934683147093528E-019   5.6175042451396774E-019   8.8065796268238614E-019   3.5624354044316313E-007   4.1822021258685377E-014  -1.7468644900651103E-013   9.5625909629730650E-014  -4.9057705535106918E-014  -8.8263190834955399E-014   7.2356935113421664E-015  -4.2137023875576068E-007   4.0313487434674099E-023  -9.4022829472479147E-023  -4.7051027570044317E-023  -1.5767535531424282E-008   5.2122073822935887E-010  -3.5343390073419382E-016  -5.2558945587778646E-016  -5.9133598599990979E-016   1.0244226027886347E-012  -2.3615567424444338E-017  -1.3331982984538185E-016   6.0185471226661565E-016  -5.9430375689319515E-014   2.6393792863573167E-013  -1.3322157901980658E-013   8.0012324249355918E-014   1.2745792453191178E-013  -2.0581936104434939E-014
  -3.8962374376835971E-019   2.8479143885734700E-019   4.1181358178092356E-019  -1.7981304217969851E-007  -2.1109984643185875E-014   8.8173796639605610E-014  -4.8267996954023110E-014   2.4761908729621481E-014   4.4551452009041129E-014  -3.6519287440610508E-015   2.1269625427571217E-007  -2.2013259278234749E-023   3.8222602959712120E-023   9.8922448666944035E-024   7.0511893526434754E-009  -2.4718347569071762E-010   3.1472223980777211E-016  -9.8884818093715723E-017  -1.4840035402747220E-016  -4.7060500311401178E-013  -8.1595130597583311E-017   5.1614098377243605E-016   7.2644797123528920E-016   2.9997373341432478E-014  -1.3322157901980658E-013   6.7243451252109838E-014  -4.0385675851968643E-014  -6.4334075463267648E-014   1.0388296221369385E-014
   1.3738812692644667E-018   1.6487342716303226E-019  -3.4091790100577156E-019   1.0799430305869300E-007   1.2678015626260361E-014  -5.2955091488127075E-014   2.8988193283681634E-014  -1.4871635489714708E-014  -2.6756324994593406E-014   2.1936226649200993E-015  -1.2773171045481675E-007  -1.1069346602179948E-024  -3.4703928334746102E-023  -3.9561699363550187E-024  -5.2544694008364262E-009   1.6631119198347472E-010  -8.0095580258859733E-016   1.6508159014246584E-016   6.3225017723696679E-016   3.3348255321068263E-013   1.3609903827559216E-015   1.0707638392023273E-015   1.1690540445135679E-015  -1.8016143560832692E-014   8.0012324249355918E-014  -4.0385675851968643E-014   2.4255709053786315E-014   3.8638535996036982E-014  -6.2395617182380133E-015
  -7.0132613212061967E-019   2.9563563990257145E-019   2.5157287384360539E-019   1.7203341597609738E-007   2.0196476223719232E-014  -8.4358411056162702E-014   4.6179220816203752E-014  -2.3690516172291226E-014  -4.2623572428481772E-014   3.4940444062764636E-015  -2.0348931446039044E-007   2.1594367618206505E-023  -3.0009780360779868E-023  -2.9512161092149329E-023  -7.1388130270770569E-009   2.4337042975017503E-010   5.8786679173273240E-016  -2.9326305739912204E-016  -1.1763092380112879E-016   4.7091986952084216E-013  -7.2600674160944788E-017  -1.2799002317691314E-016   3.5025161196789984E-016  -2.8699517689215295E-014   1.2745792453191178E-013  -6.4334075463267648E-014   3.8638535996036982E-014   6.1550654335923728E-014  -9.9390122907225139E-015
   1.2337804603864374E-018  -5.9211796519062546E-019  -1.3906918077270349E-018  -2.7779444511795951E-008  -3.2608684321962297E-015   1.3620772947720917E-014  -7.4558885728751353E-015   3.8253294052572920E-015   6.8819504391212701E-015  -5.6446169634024263E-016   3.2848801707190532E-008  -2.7638981932930161E-023   1.7297342765045000E-023   1.9982158100462829E-023   2.0070412888923740E-009  -5.4276857628377356E-011  -3.2199568744873340E-016   1.0621776013311182E-016   8.8504314443467793E-016  -1.1790982584918143E-013   2.6029930334128619E-015  -1.4170604053173660E-015  -1.1194675806390628E-015   4.6342762333879682E-015  -2.0581936104434939E-014   1.0388296221369385E-014  -6.2395617182380133E-015  -9.9390122907225139E-015   1.6052845154904629E-015
