  0.41441149878905620        3.9343022014417259E-016   1.6197589664349533E-015  -3.8781433832906105E-016  0.50848595404419394        1.5679842354027405E-016   3.7233906154351919E-016  -3.5411822962537030E-016   2.7034350439702244E-018  -9.8423512907766837E-017  -7.0316056877335050E-017  -4.1632995689306691E-017   3.0872192299440647E-017   6.7854918556583368E-018   4.5542606205472717E-016   1.7971234257968449E-003  -1.3734594748440611E-015  -6.1538563458245723E-016  -1.6802595770813691E-016
   3.9343022014417259E-016  0.41441149878905487        1.8036143637099081E-017  -3.1165894827051882E-016   2.6583484653045370E-016  0.50848595404419661       -1.0266472089555470E-016   1.3928728630168920E-015  -1.7188106607429622E-016   2.5093004605475739E-018   7.6138551100060258E-018  -1.3882704649828886E-016  -1.0922865243602310E-018  -1.7829627061223008E-016   5.5598845506927645E-016   7.1856997729349294E-016   1.7971234257962282E-003  -2.2790476301060013E-016   4.4798348267780370E-017
   1.6197589664349533E-015   1.8036143637099081E-017  0.41441149878905631        1.1873863338081914E-016   3.1320260591712803E-016  -3.5492097053986459E-017  0.50848595404419572        1.9076389824028145E-015  -6.7371897380122371E-016   3.7625032003889945E-017   6.6830738173601433E-017  -5.8347169357963275E-016   2.3631429226821021E-017  -7.8576259914883949E-016   1.5895083304001950E-015   8.7133084449227822E-016  -3.0596310542685562E-016   1.7971234257964247E-003   8.6727380649160817E-016
  -3.8781433832906105E-016  -3.1165894827051882E-016   1.1873863338081914E-016  0.62024888470225203       -2.0283114929895802E-016  -2.6801942009747300E-016   6.3061386139717029E-016  0.61125961718858912        7.4460142664771260E-015  -1.2637653807528922E-016  -1.0661733807792448E-016   8.2915216102558931E-015  -2.0266358086200656E-017   8.1356861926381759E-015  -1.3941905976410998E-002   7.8052774517427732E-016   1.2629886643963807E-015  -2.7560690920912111E-015  -2.3689424355456790E-004
  0.50848595404419394        2.6583484653045370E-016   3.1320260591712803E-016  -2.0283114929895802E-016  0.62393075730064118       -7.7493062018883268E-017  -1.5967772542002569E-015  -1.7339923329812086E-016   1.0803864361047741E-018  -1.2025832788257546E-016  -8.3159434074170588E-017  -5.0228818843652231E-017   3.7681295707751648E-017   6.7175949613937256E-018  -1.0800019613645359E-015  -3.2262083109457066E-003   1.4133319280455568E-015   4.2958041944394496E-016   4.3607547088875570E-016
   1.5679842354027405E-016  0.50848595404419661       -3.5492097053986459E-017  -2.6801942009747300E-016  -7.7493062018883268E-017  0.62393075730064973       -1.9967172409741351E-016   1.8353305811881481E-015  -2.1154001547127949E-016   1.8247627630762005E-018   8.0825353635625840E-018  -1.7104474693612747E-016  -2.8043040029596148E-018  -2.1805660143912305E-016   1.3014404758623299E-015  -8.4595442974270943E-016  -3.2262083109464556E-003   1.4844037485322016E-016   1.4290810753656278E-016
   3.7233906154351919E-016  -1.0266472089555470E-016  0.50848595404419572        6.3061386139717029E-016  -1.5967772542002569E-015  -1.9967172409741351E-016  0.62393075730064529        2.7877152911229770E-015  -8.2396371068921338E-016   4.7795969839608234E-017   8.2481032644095882E-017  -7.1437035804969735E-016   2.7373088556012438E-017  -9.6355358948132671E-016   8.9747165398744739E-016  -3.8512913401784654E-016   3.0028468574610895E-016  -3.2262083109454581E-003  -1.2425798145669258E-015
  -3.5411822962537030E-016   1.3928728630168920E-015   1.9076389824028145E-015  0.61125961718858912       -1.7339923329812086E-016   1.8353305811881481E-015   2.7877152911229770E-015  0.60254952085088809        7.3516971447761430E-015  -1.2177832809500631E-016  -9.9348005683784858E-017   8.1972488065636610E-015  -1.3567901627676771E-017   8.0341631419831725E-015   3.5462832034980174E-003  -1.3821797786347608E-015  -1.7606868247200124E-015   5.0326601350736536E-015   5.6710199943875352E-004
   2.7034350439702244E-018  -1.7188106607429622E-016  -6.7371897380122371E-016   7.4460142664771260E-015   1.0803864361047741E-018  -2.1154001547127949E-016  -8.2396371068921338E-016   7.3516971447761430E-015   9.2826086471103452E-029  -1.1592498066178589E-030  -9.0713307515184000E-031   1.0311027936273461E-028   4.6909963383266044E-031   1.0076735326861938E-028   1.4385099489024543E-015   8.2333206516484908E-016   2.3508292736509027E-016  -9.9470569021767210E-016  -5.1253260331077861E-016
  -9.8423512907766837E-017   2.5093004605475739E-018   3.7625032003889945E-017  -1.2637653807528922E-016  -1.2025832788257546E-016   1.8247627630762005E-018   4.7795969839608234E-017  -1.2177832809500631E-016  -1.1592498066178589E-030   4.7532836771933119E-031   2.3419078230967233E-031  -1.0013883677374673E-030  -1.7493268274865310E-031  -1.4361996630119407E-030   3.0697780520263821E-016  -1.8743236584944356E-016   4.6165491932817294E-016  -5.9973908546395644E-016   3.8129460232995141E-016
  -7.0316056877335050E-017   7.6138551100060258E-018   6.6830738173601433E-017  -1.0661733807792448E-016  -8.3159434074170588E-017   8.0825353635625840E-018   8.2481032644095882E-017  -9.9348005683784858E-017  -9.0713307515184000E-031   2.3419078230967233E-031   1.5475487295124555E-030  -2.0050328823873256E-031   9.1138656764102085E-031  -1.3984173186427235E-030   7.1369477508549792E-016  -1.1483290692224256E-015   4.6372121863991106E-016  -1.7610750053716241E-016  -9.7206157841307788E-016
  -4.1632995689306691E-017  -1.3882704649828886E-016  -5.8347169357963275E-016   8.2915216102558931E-015  -5.0228818843652231E-017  -1.7104474693612747E-016  -7.1437035804969735E-016   8.1972488065636610E-015   1.0311027936273461E-028  -1.0013883677374673E-030  -2.0050328823873256E-031   1.1646596675047704E-028   7.2892863515086140E-031   1.1270168379810955E-028   2.8227328931084227E-015  -3.1495944365315761E-016   2.5814209195959888E-016  -5.7442768156374731E-016   8.1308661048170187E-017
   3.0872192299440647E-017  -1.0922865243602310E-018   2.3631429226821021E-017  -2.0266358086200656E-017   3.7681295707751648E-017  -2.8043040029596148E-018   2.7373088556012438E-017  -1.3567901627676771E-017   4.6909963383266044E-031  -1.7493268274865310E-031   9.1138656764102085E-031   7.2892863515086140E-031   1.4011553361757006E-030   1.3526774324483313E-031   8.0273047029059510E-016   7.3424295619910808E-017   5.3889843678541856E-016   5.9745374437501537E-016  -1.2250873775572554E-015
   6.7854918556583368E-018  -1.7829627061223008E-016  -7.8576259914883949E-016   8.1356861926381759E-015   6.7175949613937256E-018  -2.1805660143912305E-016  -9.6355358948132671E-016   8.0341631419831725E-015   1.0076735326861938E-028  -1.4361996630119407E-030  -1.3984173186427235E-030   1.1270168379810955E-028   1.3526774324483313E-031   1.1034459123409971E-028   1.7088814084271920E-015   5.9200831988182463E-016  -2.6367372909027458E-016  -2.1796359552874141E-016   3.1750387344255643E-016
   4.5542606205472717E-016   5.5598845506927645E-016   1.5895083304001950E-015  -1.3941905976410998E-002  -1.0800019613645359E-015   1.3014404758623299E-015   8.9747165398744739E-016   3.5462832034980174E-003   1.4385099489024543E-015   3.0697780520263821E-016   7.1369477508549792E-016   2.8227328931084227E-015   8.0273047029059510E-016   1.7088814084271920E-015   2.0115691938383593       -1.1486857594475332E-015  -1.2866330372920368E-015   1.9840641531443512E-015  -3.5224910101750845E-005
   1.7971234257968449E-003   7.1856997729349294E-016   8.7133084449227822E-016   7.8052774517427732E-016  -3.2262083109457066E-003  -8.4595442974270943E-016  -3.8512913401784654E-016  -1.3821797786347608E-015   8.2333206516484908E-016  -1.8743236584944356E-016  -1.1483290692224256E-015  -3.1495944365315761E-016   7.3424295619910808E-017   5.9200831988182463E-016  -1.1486857594475332E-015   1.9992015767477649       -5.4255554813140741E-017   7.5563264663124379E-016  -8.7703977039087061E-017
  -1.3734594748440611E-015   1.7971234257962282E-003  -3.0596310542685562E-016   1.2629886643963807E-015   1.4133319280455568E-015  -3.2262083109464556E-003   3.0028468574610895E-016  -1.7606868247200124E-015   2.3508292736509027E-016   4.6165491932817294E-016   4.6372121863991106E-016   2.5814209195959888E-016   5.3889843678541856E-016  -2.6367372909027458E-016  -1.2866330372920368E-015  -5.4255554813140741E-017   1.9992015767477609       -2.3672862312661500E-016  -1.2468761421636478E-016
  -6.1538563458245723E-016  -2.2790476301060013E-016   1.7971234257964247E-003  -2.7560690920912111E-015   4.2958041944394496E-016   1.4844037485322016E-016  -3.2262083109454581E-003   5.0326601350736536E-015  -9.9470569021767210E-016  -5.9973908546395644E-016  -1.7610750053716241E-016  -5.7442768156374731E-016   5.9745374437501537E-016  -2.1796359552874141E-016   1.9840641531443512E-015   7.5563264663124379E-016  -2.3672862312661500E-016   1.9992015767477644        1.6223706654192045E-016
  -1.6802595770813691E-016   4.4798348267780370E-017   8.6727380649160817E-016  -2.3689424355456790E-004   4.3607547088875570E-016   1.4290810753656278E-016  -1.2425798145669258E-015   5.6710199943875352E-004  -5.1253260331077861E-016   3.8129460232995141E-016  -9.7206157841307788E-016   8.1308661048170187E-017  -1.2250873775572554E-015   3.1750387344255643E-016  -3.5224910101750845E-005  -8.7703977039087061E-017  -1.2468761421636478E-016   1.6223706654192045E-016   2.0000740997815005     
