  0.37341872801205545       -8.8026487321824488E-017  -6.2494090848422230E-017   1.3360648191826289E-016  0.53554015908584574        3.3514270279695086E-017  -3.0450269765160603E-016  -3.8216671201530873E-016  -5.2952508791865832E-018  -3.0227604128971503E-017   2.3897870471396948E-017   4.1878506424639294E-019   1.7678836068958431E-018   4.8764658149241604E-018   1.5672643385740586E-016
  -8.8026487321824488E-017  0.37341872801205622        3.0072493070685104E-017   3.6530940500984077E-016  -1.8158268806764034E-016  0.53554015908584607       -4.7217145783901536E-017   2.2791889722263844E-016  -2.4985925061873636E-016  -1.6667136284966000E-017   1.8995089959506630E-017  -1.5761689827817098E-016  -7.1118940517759207E-018  -1.3336249004565038E-016  -3.5255168988435513E-016
  -6.2494090848422230E-017   3.0072493070685104E-017  0.37341872801205750       -1.1605515676695134E-016  -2.5379365854264876E-016   1.7845572477069288E-017  0.53554015908584762       -4.5606870303229195E-016   2.3705972874984612E-016   9.0977955380162833E-018   6.0341790992004545E-018   2.0376563280178744E-016   1.1337432075936463E-017   2.3670415734155785E-016   1.8304338032593560E-016
   1.3360648191826289E-016   3.6530940500984077E-016  -1.1605515676695134E-016  0.63138055256321424        5.0465721538701448E-016   4.6270075379857615E-016  -3.0555409009851113E-016  0.58515749649686044       -4.6802968953560316E-015  -5.1314187811822467E-017  -2.9538595711849483E-017  -4.8762090561424210E-015  -6.3728335124751422E-018  -4.9215862229559836E-015  -1.0281673708894320E-003
  0.53554015908584574       -1.8158268806764034E-016  -2.5379365854264876E-016   5.0465721538701448E-016  0.76804734331491220       -3.1303514287361171E-017  -6.7214887807786210E-016  -2.6099490792077548E-016  -7.5942080177311510E-018  -4.3351055289039374E-017   3.4273239112023408E-017   6.0060249554756470E-019   2.5354182772849330E-018   6.9936055221517388E-018  -1.5331382844614717E-015
   3.3514270279695086E-017  0.53554015908584607        1.7845572477069288E-017   4.6270075379857615E-016  -3.1303514287361171E-017  0.76804734331491153       -1.0397611771862284E-016   2.7050282619737789E-016  -3.5833677528114762E-016  -2.3903248948103078E-017   2.7241894248099183E-017  -2.2604698813012892E-016  -1.0199555046866289E-017  -1.9126241877409549E-016  -2.9700754702516432E-016
  -3.0450269765160603E-016  -4.7217145783901536E-017  0.53554015908584762       -3.0555409009851113E-016  -6.7214887807786210E-016  -1.0397611771862284E-016  0.76804734331491342       -7.8478105802466164E-016   3.3998028305490207E-016   1.3047644652687179E-017   8.6539452692740549E-018   2.9223140464281814E-016   1.6259629531424992E-017   3.3947033871018521E-016  -7.6733894060558717E-016
  -3.8216671201530873E-016   2.2791889722263844E-016  -4.5606870303229195E-016  0.58515749649686044       -2.6099490792077548E-016   2.7050282619737789E-016  -7.8478105802466164E-016  0.54232437983282988       -4.3367048470980493E-015  -4.7590018919915182E-017  -2.7160901394491598E-017  -4.5185705727691521E-015  -5.9099632795692954E-018  -4.5600076017758586E-015   2.5045116548984970E-003
  -5.2952508791865832E-018  -2.4985925061873636E-016   2.3705972874984612E-016  -4.6802968953560316E-015  -7.5942080177311510E-018  -3.5833677528114762E-016   3.3998028305490207E-016  -4.3367048470980493E-015   3.5162911255709241E-029   3.9256674991696785E-031   2.4396848491440119E-031   3.6485124657066999E-029   5.8586002629845408E-032   3.6924415120795560E-029   5.5747612613248847E-016
  -3.0227604128971503E-017  -1.6667136284966000E-017   9.0977955380162833E-018  -5.1314187811822467E-017  -4.3351055289039374E-017  -2.3903248948103078E-017   1.3047644652687179E-017  -4.7590018919915182E-017   3.9256674991696785E-031   7.7599450807292962E-033  -1.4062115641861647E-033   4.0471092899925982E-031   9.8852882277862404E-034   4.0439270453815672E-031  -1.8740381826254349E-017
   2.3897870471396948E-017   1.8995089959506630E-017   6.0341790992004545E-018  -2.9538595711849483E-017   3.4273239112023408E-017   2.7241894248099183E-017   8.6539452692740549E-018  -2.7160901394491598E-017   2.4396848491440119E-031  -1.4062115641861647E-033   1.1728345569142545E-032   2.4698194804667717E-031   1.0007092604713771E-034   2.7342630651969010E-031   1.2461869924435818E-016
   4.1878506424639294E-019  -1.5761689827817098E-016   2.0376563280178744E-016  -4.8762090561424210E-015   6.0060249554756470E-019  -2.2604698813012892E-016   2.9223140464281814E-016  -4.5185705727691521E-015   3.6485124657066999E-029   4.0471092899925982E-031   2.4698194804667717E-031   3.7908659226404158E-029   5.8005446351405164E-032   3.8334498857596621E-029   3.8632962366278746E-016
   1.7678836068958431E-018  -7.1118940517759207E-018   1.1337432075936463E-017  -6.3728335124751422E-018   2.5354182772849330E-018  -1.0199555046866289E-017   1.6259629531424992E-017  -5.9099632795692954E-018   5.8586002629845408E-032   9.8852882277862404E-034   1.0007092604713771E-034   5.8005446351405164E-032   5.5462983471722763E-034   5.8641655457076676E-032  -2.1209460242500587E-018
   4.8764658149241604E-018  -1.3336249004565038E-016   2.3670415734155785E-016  -4.9215862229559836E-015   6.9936055221517388E-018  -1.9126241877409549E-016   3.3947033871018521E-016  -4.5600076017758586E-015   3.6924415120795560E-029   4.0439270453815672E-031   2.7342630651969010E-031   3.8334498857596621E-029   5.8641655457076676E-032   3.8832101474558443E-029   7.4421476135498659E-016
   1.5672643385740586E-016  -3.5255168988435513E-016   1.8304338032593560E-016  -1.0281673708894320E-003  -1.5331382844614717E-015  -2.9700754702516432E-016  -7.6733894060558717E-016   2.5045116548984970E-003   5.5747612613248847E-016  -1.8740381826254349E-017   1.2461869924435818E-016   3.8632962366278746E-016  -2.1209460242500587E-018   7.4421476135498659E-016   2.0014629843813694     
