  0.33005416647594416       -2.1307414424562153E-016   2.2807910083727208E-016  -2.9397477099219695E-016   3.0576677069371860E-017  -2.6000275447911225E-017  -5.0584345392083939E-018   2.6409434084689881E-017  -1.0722907544702545E-017   3.6659873203459211E-017  -1.4145727816125176E-016  0.18514829988054002       -1.0102773153125219E-016   2.5497540309373773E-016  -5.4206311491150115E-016  -1.4833529433812311E-002   2.1599589461706387E-015   9.7241083469296311E-016   7.6687053582666172E-016  -5.8354621661206061E-016  -3.6460533911964306E-004  -2.4886391827596776E-016   9.1203103513673559E-018   2.3314121530799236E-016   1.0410218415998733E-016   1.7380085228315810E-017   1.7971751382182398E-016   4.7309733614242237E-017  -3.1129184400662640E-016
  -2.1307414424562153E-016  0.33005416647594993       -7.8211902847836021E-017  -1.5518313828266521E-016  -7.0053956365337395E-017   1.0259347617582833E-017  -1.9502608329640421E-018  -6.1302109444812694E-017  -3.7592776579258386E-018  -2.9134723553981690E-017  -2.5442473819974515E-016   5.5894179949532889E-017  0.18514829988053841        3.6570295872045793E-017   1.8523950574541088E-016  -4.7363942098375357E-017  -1.4833529433813296E-002   3.2152715360932435E-016  -1.1554258652148476E-016  -1.8421396132482488E-015   9.3275991729845073E-017  -3.6460533912033381E-004  -1.5145217191889361E-015  -1.3071166237791380E-016   2.3198982642982290E-016   1.2201239576500143E-016   3.7509031523373045E-016   1.2945353793972053E-016  -2.8164037212397615E-016
   2.2807910083727208E-016  -7.8211902847836021E-017  0.33005416647594865        3.5721960344562067E-016   6.1252290190205967E-018  -2.2304094927851869E-018  -1.6582929219952100E-017  -1.1025117323536411E-016   2.8551657155036032E-017   6.7402258188993872E-017   1.4109811962841719E-016   3.0421120706195821E-016   1.5994323646159606E-016  0.18514829988053783        1.9942618929659409E-016   3.2699736927835356E-016  -6.5784217128629949E-016  -1.4833529433812453E-002  -3.9213073646620729E-017   3.1535430072364548E-016  -2.4791869537168200E-016  -5.9100822234893655E-017  -3.6460533912002291E-004  -7.3682025053501440E-016   1.1076867750452316E-015   3.0076940896134527E-016   1.5277599810941783E-015   2.7301546019411158E-016  -1.0477275928926960E-015
  -2.9397477099219695E-016  -1.5518313828266521E-016   3.5721960344562067E-016  0.48587881332620636       -9.8757880310909038E-015  -6.2713500555518066E-017   6.4515910024661550E-017  -3.9086472942724784E-015   1.9430282201520185E-017  -6.9833584809647724E-015  0.58252699820444209        2.7161968797415147E-016   4.7518384027075783E-017  -9.3577922553603782E-016  -1.0864990922095647E-003   1.4766754721962191E-016  -5.1209856365509682E-016  -5.7860174634183224E-016   9.7316015411661480E-004   2.9019329337418281E-004   9.3586714768909596E-016  -3.7052685949457459E-015  -1.9296927447416622E-015  -3.6118294255564408E-014   1.6467218240346649E-015   3.5364138225336447E-016   3.3838591267381071E-014   2.0202428390546937E-016  -4.2661916568767457E-014
   3.0576677069371860E-017  -7.0053956365337395E-017   6.1252290190205967E-018  -9.8757880310909038E-015   4.7476223550259105E-004   3.5359509497140559E-017   4.8982107950062692E-018  -2.3738111775149001E-004   5.2626934562686659E-018  -2.3738111775118600E-004  -1.1159801077605706E-014   1.8085451907120352E-017  -3.6089966600892046E-017   1.4525382652100762E-017  -6.7523429900328046E-015   5.2176400793200320E-016  -9.0173223231487291E-017  -2.4418505427458006E-016  -2.1659716852415613E-014  -1.1048862349612131E-016   4.7273209493576307E-016  -2.3929061870227759E-016  -3.7303850158646246E-016   3.0698934078269326E-002   1.5946000860619518E-015   1.6606245043554214E-016  -1.5349467039140689E-002   1.3232274586623766E-016  -1.5349467039128682E-002
  -2.6000275447911225E-017   1.0259347617582833E-017  -2.2304094927851869E-018  -6.2713500555518066E-017   3.5359509497140559E-017   4.7476223550207329E-004  -1.5046692137652058E-017   4.8696463459409894E-017  -1.7053552555087238E-018  -8.8329118517824464E-017  -1.2283840256832009E-016  -1.1845808326488744E-017   8.9599379470044657E-018  -2.7480615263551805E-017   8.7634251737868406E-017  -5.6275486450523062E-016   4.7508838735355950E-016   5.8504921933954223E-016  -1.3661908797939283E-015   9.4287369899951434E-016  -1.2266049759180900E-016  -3.6403301556803228E-016  -8.4093421133413307E-016   6.6707995057718003E-016   3.0698934078253089E-002  -1.0460418161993710E-016   1.4254775702857772E-015  -3.4709970222470896E-016  -2.1033619555007697E-015
  -5.0584345392083939E-018  -1.9502608329640421E-018  -1.6582929219952100E-017   6.4515910024661550E-017   4.8982107950062692E-018  -1.5046692137652058E-017   4.7476223550216176E-004  -2.3055477265665303E-017  -2.2437134477073722E-017   1.7579735791211263E-017   6.7045613376143891E-017  -2.3680745651428446E-018  -6.7624248356455216E-019  -4.9576125099055182E-018   1.8592097639431852E-016   9.3105614562165741E-017  -1.5425536170064139E-016  -8.1893670816542178E-016  -2.5452147538784338E-017  -8.8866383444016931E-016  -4.6628486672453717E-016  -5.1200212531364335E-016  -3.5621126731630663E-016   1.3667654815468137E-016  -8.8594649450155505E-016   3.0698934078255947E-002  -6.5774497251905741E-016  -1.7102817380962983E-015   5.2048419662388937E-016
   2.6409434084689881E-017  -6.1302109444812694E-017  -1.1025117323536411E-016  -3.9086472942724784E-015  -2.3738111775149001E-004   4.8696463459409894E-017  -2.3055477265665303E-017   4.7476223550252340E-004  -1.0050711385975026E-017  -2.3738111775094351E-004  -6.4921023339614239E-015   1.0037813439911706E-017  -3.4022694371034764E-017  -6.5891808531419405E-017  -4.1427778982168488E-015   1.0010500588491700E-015   6.2839478307606002E-016   3.4164897988647574E-016  -2.1552602704351229E-014  -2.9830135282347061E-015  -1.0812760979998203E-015  -8.3877058742304781E-016  -1.9949271230824034E-015  -1.5349467039141151E-002   1.7009111912718377E-015  -8.2072025255964913E-016   3.0698934078267244E-002  -1.2674887202661078E-016  -1.5349467039125922E-002
  -1.0722907544702545E-017  -3.7592776579258386E-018   2.8551657155036032E-017   1.9430282201520185E-017   5.2626934562686659E-018  -1.7053552555087238E-018  -2.2437134477073722E-017  -1.0050711385975026E-017   4.7476223550216637E-004  -1.4314492849127272E-018   2.3242272325425973E-017  -2.9760538656712883E-018  -3.3446457160726659E-018   1.2837679856005643E-017  -2.3684721655238439E-016  -5.0233215934436895E-016  -1.0471598022217719E-016   7.0197360471193885E-016   2.9269044807023989E-016  -5.9331253979367548E-017  -4.2630590299837029E-016   6.2966095535676963E-017   6.6096116198261728E-016   2.0667487445974703E-016   2.4023069347015676E-016   2.7109500407930083E-016  -5.1302125402342981E-016   3.0698934078256124E-002   2.9266661217706924E-016
   3.6659873203459211E-017  -2.9134723553981690E-017   6.7402258188993872E-017  -6.9833584809647724E-015  -2.3738111775118600E-004  -8.8329118517824464E-017   1.7579735791211263E-017  -2.3738111775094351E-004  -1.4314492849127272E-018   4.7476223550212458E-004  -7.5165510851449998E-015   2.4405267418328011E-017  -2.0042010965954339E-017   3.0669444244353827E-017  -7.6350731777857935E-015  -1.4890780704925544E-015  -1.7146797628770468E-018   3.1620178833723333E-016  -2.1026794714188423E-014   2.4858191146383889E-015   4.2062305423429065E-016   1.0834899067104577E-015   2.3336174269618698E-015  -1.5349467039133669E-002  -3.5718214715411355E-015   6.1731358855243552E-016  -1.5349467039120743E-002  -4.0773508514950028E-016   3.0698934078254282E-002
  -1.4145727816125176E-016  -2.5442473819974515E-016   1.4109811962841719E-016  0.58252699820444209       -1.1159801077605706E-014  -1.2283840256832009E-016   6.7045613376143891E-017  -6.4921023339614239E-015   2.3242272325425973E-017  -7.5165510851449998E-015  0.69855945670896369        4.4693896508614599E-016   1.6147110072857521E-017  -1.2940977186269236E-015   1.6285894666330510E-002   8.1310360389540507E-017  -6.4307563711117893E-016  -6.2913278320728462E-016   4.4967035662086818E-003   6.4147361304331125E-004  -5.2050114220822842E-016   3.8569219007100892E-015   4.3179671927358976E-017   6.5910710917195588E-015  -1.0175752323201854E-015  -3.3905891665843054E-016  -7.2261379334808987E-014   3.4845128361533039E-016   1.0554736115851541E-014
  0.18514829988054002        5.5894179949532889E-017   3.0421120706195821E-016   2.7161968797415147E-016   1.8085451907120352E-017  -1.1845808326488744E-017  -2.3680745651428446E-018   1.0037813439911706E-017  -2.9760538656712883E-018   2.4405267418328011E-017   4.4693896508614599E-016  0.10386152896225684        4.2488606353261461E-017   2.4224502939451346E-016   1.7269405531868153E-016  -8.7935846006197225E-003  -2.2997039408525996E-015  -7.9180348741756426E-016  -4.1661730588608017E-016   2.9012026029982475E-016  -2.6341914738570448E-004   3.3745047666356487E-016   4.5781543169987795E-016   1.9991717310146201E-016   2.2661048826155430E-016   4.0611312250464474E-017  -1.9488614798023490E-016   2.1453522426366811E-016   5.1939248165541576E-017
  -1.0102773153125219E-016  0.18514829988053841        1.5994323646159606E-016   4.7518384027075783E-017  -3.6089966600892046E-017   8.9599379470044657E-018  -6.7624248356455216E-019  -3.4022694371034764E-017  -3.3446457160726659E-018  -2.0042010965954339E-017   1.6147110072857521E-017   4.2488606353261461E-017  0.10386152896225323        1.3450289401593802E-016  -2.3062915111546886E-016   2.2702458470999748E-016  -8.7935846006176321E-003  -8.9837131792825895E-017   9.7738849285727764E-017   1.8718490061105907E-015  -5.2023421367882775E-017  -2.6341914738464071E-004   1.6057870419666602E-015   1.3224766959421612E-016   3.4391868399470565E-016   9.2080848426234824E-017   2.4186279564886698E-016  -8.8125694859783432E-018  -3.9543638685694236E-016
   2.5497540309373773E-016   3.6570295872045793E-017  0.18514829988053783       -9.3577922553603782E-016   1.4525382652100762E-017  -2.7480615263551805E-017  -4.9576125099055182E-018  -6.5891808531419405E-017   1.2837679856005643E-017   3.0669444244353827E-017  -1.2940977186269236E-015   2.4224502939451346E-016   1.3450289401593802E-016  0.10386152896225299       -1.0773752940705728E-015  -3.6669573887340526E-017   1.0242474723401248E-015  -8.7935846006191015E-003  -3.2549132618298597E-016  -2.6980849338966127E-016   4.5510925297472146E-016   1.3804492248288172E-016  -2.6341914738455934E-004   2.9929963469223363E-016  -1.0671008772490442E-015   4.3634732358448379E-016   5.9671314783434845E-016  -4.0384551619757296E-017  -1.0404061057728654E-015
  -5.4206311491150115E-016   1.8523950574541088E-016   1.9942618929659409E-016  -1.0864990922095647E-003  -6.7523429900328046E-015   8.7634251737868406E-017   1.8592097639431852E-016  -4.1427778982168488E-015  -2.3684721655238439E-016  -7.6350731777857935E-015   1.6285894666330510E-002   1.7269405531868153E-016  -2.3062915111546886E-016  -1.0773752940705728E-015   2.0089757430687158        2.8359931246740776E-016  -1.4155831643077152E-015   9.9944472016861114E-017  -2.0555550772993644E-004  -3.5239160840834011E-005  -7.6782570257101681E-017   2.5128723219537660E-015   1.0138918391606181E-015  -1.6604420642904544E-014   6.1085026080081105E-017  -3.4386914242020264E-016  -6.9256046858942404E-014   6.6893843714382680E-016  -1.0421332565036080E-014
  -1.4833529433812311E-002  -4.7363942098375357E-017   3.2699736927835356E-016   1.4766754721962191E-016   5.2176400793200320E-016  -5.6275486450523062E-016   9.3105614562165741E-017   1.0010500588491700E-015  -5.0233215934436895E-016  -1.4890780704925544E-015   8.1310360389540507E-017  -8.7935846006197225E-003   2.2702458470999748E-016  -3.6669573887340526E-017   2.8359931246740776E-016   2.0004831783735164       -3.7523073461186274E-016  -7.5543692633226080E-016  -2.1243334686792086E-016   1.6707489604154287E-016  -8.1321918949784665E-006   8.0786663332258053E-017  -4.5034332779840300E-017   3.5800437842437178E-016   2.3516455232184521E-016   2.1669738420628472E-016   3.3902195954867969E-016   2.0575092232179126E-016  -6.2435121860985832E-016
   2.1599589461706387E-015  -1.4833529433813296E-002  -6.5784217128629949E-016  -5.1209856365509682E-016  -9.0173223231487291E-017   4.7508838735355950E-016  -1.5425536170064139E-016   6.2839478307606002E-016  -1.0471598022217719E-016  -1.7146797628770468E-018  -6.4307563711117893E-016  -2.2997039408525996E-015  -8.7935846006176321E-003   1.0242474723401248E-015  -1.4155831643077152E-015  -3.7523073461186274E-016   2.0004831783735182       -3.2127513907671626E-016  -3.5332707425795759E-016   7.7269354791249901E-016  -5.5239455684862819E-017  -8.1321918956130263E-006   1.8801297516303137E-016  -1.5378507358104072E-016   4.5683310694663252E-017   1.0784725675956947E-016   4.9892361657824460E-016   9.6117144351486355E-017   1.4893874570500116E-015
   9.7241083469296311E-016   3.2152715360932435E-016  -1.4833529433812453E-002  -5.7860174634183224E-016  -2.4418505427458006E-016   5.8504921933954223E-016  -8.1893670816542178E-016   3.4164897988647574E-016   7.0197360471193885E-016   3.1620178833723333E-016  -6.2913278320728462E-016  -7.9180348741756426E-016  -8.9837131792825895E-017  -8.7935846006191015E-003   9.9944472016861114E-017  -7.5543692633226080E-016  -3.2127513907671626E-016   2.0004831783735177       -1.5825917278109873E-016  -2.1731921363622655E-018   6.8245486195031555E-017   1.8535401487984723E-016  -8.1321918957512892E-006   2.4994061862262620E-017  -1.1524373460402755E-015   3.6640484409089378E-016   1.2627107623595885E-016  -4.9011548311450380E-017   1.4238846924906750E-015
   7.6687053582666172E-016  -1.1554258652148476E-016  -3.9213073646620729E-017   9.7316015411661480E-004  -2.1659716852415613E-014  -1.3661908797939283E-015  -2.5452147538784338E-017  -2.1552602704351229E-014   2.9269044807023989E-016  -2.1026794714188423E-014   4.4967035662086818E-003  -4.1661730588608017E-016   9.7738849285727764E-017  -3.2549132618298597E-016  -2.0555550772993644E-004  -2.1243334686792086E-016  -3.5332707425795759E-016  -1.5825917278109873E-016   2.0004051945343049        5.1852492028057794E-006   4.2417575749391860E-018   5.3964639284070711E-016   1.5307521280641420E-016  -7.4442484721959837E-014   1.0387154863863085E-016   9.4141696186783216E-017  -8.8222787473699120E-014   4.4208131161225152E-016  -7.1554076716981294E-014
  -5.8354621661206061E-016  -1.8421396132482488E-015   3.1535430072364548E-016   2.9019329337418281E-004  -1.1048862349612131E-016   9.4287369899951434E-016  -8.8866383444016931E-016  -2.9830135282347061E-015  -5.9331253979367548E-017   2.4858191146383889E-015   6.4147361304331125E-004   2.9012026029982475E-016   1.8718490061105907E-015  -2.6980849338966127E-016  -3.5239160840834011E-005   1.6707489604154287E-016   7.7269354791249901E-016  -2.1731921363622655E-018   5.1852492028057794E-006   2.0000053802169924        8.0742071453506919E-018  -4.7590700266974130E-016  -5.5420888554587724E-016  -9.5204385362880008E-016  -4.6629726260207999E-016   1.2131544007598152E-015  -1.3024101070221431E-016  -2.4440112527131301E-016  -3.2642759948392796E-015
  -3.6460533911964306E-004   9.3275991729845073E-017  -2.4791869537168200E-016   9.3586714768909596E-016   4.7273209493576307E-016  -1.2266049759180900E-016  -4.6628486672453717E-016  -1.0812760979998203E-015  -4.2630590299837029E-016   4.2062305423429065E-016  -5.2050114220822842E-016  -2.6341914738570448E-004  -5.2023421367882775E-017   4.5510925297472146E-016  -7.6782570257101681E-017  -8.1321918949784665E-006  -5.5239455684862819E-017   6.8245486195031555E-017   4.2417575749391860E-018   8.0742071453506919E-018   1.9999993446893671        5.7473077480398693E-018   3.7819682295508511E-018   1.7988027898419473E-016   5.0282805755053126E-016  -7.4252532003864473E-016  -3.5636511977955751E-016  -8.6798194597568269E-016  -2.7258753254384189E-016
  -2.4886391827596776E-016  -3.6460533912033381E-004  -5.9100822234893655E-017  -3.7052685949457459E-015  -2.3929061870227759E-016  -3.6403301556803228E-016  -5.1200212531364335E-016  -8.3877058742304781E-016   6.2966095535676963E-017   1.0834899067104577E-015   3.8569219007100892E-015   3.3745047666356487E-016  -2.6341914738464071E-004   1.3804492248288172E-016   2.5128723219537660E-015   8.0786663332258053E-017  -8.1321918956130263E-006   1.8535401487984723E-016   5.3964639284070711E-016  -4.7590700266974130E-016   5.7473077480398693E-018   1.9999993446893740       -2.0920964230152493E-015   6.0310913489644368E-017   2.5135276761538755E-016   6.2342895859600769E-016   8.6360953226141812E-016   4.6904725767016795E-016  -1.2500930101395111E-015
   9.1203103513673559E-018  -1.5145217191889361E-015  -3.6460533912002291E-004  -1.9296927447416622E-015  -3.7303850158646246E-016  -8.4093421133413307E-016  -3.5621126731630663E-016  -1.9949271230824034E-015   6.6096116198261728E-016   2.3336174269618698E-015   4.3179671927358976E-017   4.5781543169987795E-016   1.6057870419666602E-015  -2.6341914738455934E-004   1.0138918391606181E-015  -4.5034332779840300E-017   1.8801297516303137E-016  -8.1321918957512892E-006   1.5307521280641420E-016  -5.5420888554587724E-016   3.7819682295508511E-018  -2.0920964230152493E-015   1.9999993446893778       -2.4549714472248368E-016   9.7957675325220434E-016   8.2296843446211068E-016   1.7278100419550744E-015   1.5079201977499632E-016  -2.3212987587020267E-015
   2.3314121530799236E-016  -1.3071166237791380E-016  -7.3682025053501440E-016  -3.6118294255564408E-014   3.0698934078269326E-002   6.6707995057718003E-016   1.3667654815468137E-016  -1.5349467039141151E-002   2.0667487445974703E-016  -1.5349467039133669E-002   6.5910710917195588E-015   1.9991717310146201E-016   1.3224766959421612E-016   2.9929963469223363E-016  -1.6604420642904544E-014   3.5800437842437178E-016  -1.5378507358104072E-016   2.4994061862262620E-017  -7.4442484721959837E-014  -9.5204385362880008E-016   1.7988027898419473E-016   6.0310913489644368E-017  -2.4549714472248368E-016   1.9850453196730353       -1.5987916286014318E-015  -9.0446686327582306E-016 -0.99252265983651367       -8.3883366832488414E-017 -0.99252265983652455     
   1.0410218415998733E-016   2.3198982642982290E-016   1.1076867750452316E-015   1.6467218240346649E-015   1.5946000860619518E-015   3.0698934078253089E-002  -8.8594649450155505E-016   1.7009111912718377E-015   2.4023069347015676E-016  -3.5718214715411355E-015  -1.0175752323201854E-015   2.2661048826155430E-016   3.4391868399470565E-016  -1.0671008772490442E-015   6.1085026080081105E-017   2.3516455232184521E-016   4.5683310694663252E-017  -1.1524373460402755E-015   1.0387154863863085E-016  -4.6629726260207999E-016   5.0282805755053126E-016   2.5135276761538755E-016   9.7957675325220434E-016  -1.5987916286014318E-015   1.9850453196731006       -1.1383394362763158E-015  -1.4488600206738430E-015   2.2000494958804295E-016   2.3490866370157221E-015
   1.7380085228315810E-017   1.2201239576500143E-016   3.0076940896134527E-016   3.5364138225336447E-016   1.6606245043554214E-016  -1.0460418161993710E-016   3.0698934078255947E-002  -8.2072025255964913E-016   2.7109500407930083E-016   6.1731358855243552E-016  -3.3905891665843054E-016   4.0611312250464474E-017   9.2080848426234824E-017   4.3634732358448379E-016  -3.4386914242020264E-016   2.1669738420628472E-016   1.0784725675956947E-016   3.6640484409089378E-016   9.4141696186783216E-017   1.2131544007598152E-015  -7.4252532003864473E-016   6.2342895859600769E-016   8.2296843446211068E-016  -9.0446686327582306E-016  -1.1383394362763158E-015   1.9850453196731004        7.9799863345422479E-016   7.5242889616665160E-016   6.8670655099802548E-017
   1.7971751382182398E-016   3.7509031523373045E-016   1.5277599810941783E-015   3.3838591267381071E-014  -1.5349467039140689E-002   1.4254775702857772E-015  -6.5774497251905741E-016   3.0698934078267244E-002  -5.1302125402342981E-016  -1.5349467039120743E-002  -7.2261379334808987E-014  -1.9488614798023490E-016   2.4186279564886698E-016   5.9671314783434845E-016  -6.9256046858942404E-014   3.3902195954867969E-016   4.9892361657824460E-016   1.2627107623595885E-016  -8.8222787473699120E-014  -1.3024101070221431E-016  -3.5636511977955751E-016   8.6360953226141812E-016   1.7278100419550744E-015 -0.99252265983651367       -1.4488600206738430E-015   7.9799863345422479E-016   1.9850453196730491        6.5475646822757367E-016 -0.99252265983652432     
   4.7309733614242237E-017   1.2945353793972053E-016   2.7301546019411158E-016   2.0202428390546937E-016   1.3232274586623766E-016  -3.4709970222470896E-016  -1.7102817380962983E-015  -1.2674887202661078E-016   3.0698934078256124E-002  -4.0773508514950028E-016   3.4845128361533039E-016   2.1453522426366811E-016  -8.8125694859783432E-018  -4.0384551619757296E-017   6.6893843714382680E-016   2.0575092232179126E-016   9.6117144351486355E-017  -4.9011548311450380E-017   4.4208131161225152E-016  -2.4440112527131301E-016  -8.6798194597568269E-016   4.6904725767016795E-016   1.5079201977499632E-016  -8.3883366832488414E-017   2.2000494958804295E-016   7.5242889616665160E-016   6.5475646822757367E-016   1.9850453196731037       -1.4554465488716976E-015
  -3.1129184400662640E-016  -2.8164037212397615E-016  -1.0477275928926960E-015  -4.2661916568767457E-014  -1.5349467039128682E-002  -2.1033619555007697E-015   5.2048419662388937E-016  -1.5349467039125922E-002   2.9266661217706924E-016   3.0698934078254282E-002   1.0554736115851541E-014   5.1939248165541576E-017  -3.9543638685694236E-016  -1.0404061057728654E-015  -1.0421332565036080E-014  -6.2435121860985832E-016   1.4893874570500116E-015   1.4238846924906750E-015  -7.1554076716981294E-014  -3.2642759948392796E-015  -2.7258753254384189E-016  -1.2500930101395111E-015  -2.3212987587020267E-015 -0.99252265983652455        2.3490866370157221E-015   6.8670655099802548E-017 -0.99252265983652432       -1.4554465488716976E-015   1.9850453196730404     
