  0.54623362759722316        5.8412760156896430E-016   1.6888142902356240E-016  -1.0455173740649317E-016   1.0420266232483348E-016   1.9258497839184066E-016  -6.0765801656832163E-017   1.3064212218330006E-018  -8.6643691833271433E-018  -1.4244036182902153E-016   2.7470679027640894E-016  0.60854889931996803        1.4374610118231503E-016  -2.3649837513697869E-016  -1.3087813594619693E-016   4.5125246628956514E-005  -3.7941450324189130E-016   1.3920647674945524E-016   1.1656861512094958E-017   4.3492311797632861E-004  -2.5370854465808678E-016   9.7310157241492696E-016  -4.1938431451633758E-016  -1.0011970105275225E-016   4.1170470967307948E-017   3.8618024385553293E-017  -4.4292961750987433E-017   1.9888663855155590E-016  -1.2601687009953349E-017
   5.8412760156896430E-016  0.54623362759721883       -3.4285441770072855E-016  -2.2560249426407255E-016   2.1229466669540918E-017  -1.3760303521892229E-016  -3.6775146656646113E-017  -1.0751097023472828E-016  -3.3336251408777732E-017  -6.4539750292916804E-017   1.4693284111260292E-018   1.3163237909689818E-016  0.60854889931996448       -4.9227736525876459E-016  -1.2652504815608130E-016   1.2277422267277595E-016   4.5125246629014370E-005   4.5240781969211290E-016   4.6628164148973972E-016  -5.2510503856628265E-016   4.3492311797611036E-004  -1.5963755732942685E-015   3.1877405765746183E-015   6.0301013275175109E-017   7.7973941713930472E-017  -4.4259578551212018E-017  -1.2844379870925137E-016  -5.3003582282987767E-017  -3.7644766683526305E-017
   1.6888142902356240E-016  -3.4285441770072855E-016  0.54623362759722205        3.1178400142261335E-016   3.2022857500374451E-016   1.1925726958743675E-016  -9.4680355272451482E-017  -1.4887247951566469E-016   8.5608250726434158E-017   1.1100034848345704E-017  -5.1128285201339152E-016  -3.3633645456394856E-016   3.0728185034498347E-016  0.60854889931996548       -1.0585086100872212E-015   2.1834307094553002E-016  -1.6724243434426752E-015   4.5125246625595745E-005  -1.2111375055954432E-016   5.4929557233849343E-017  -5.4808084700978980E-017   4.3492311797443196E-004  -8.9002948983048492E-016  -2.2233085879363249E-016   1.1637087464147725E-015   5.2370484126095780E-016   5.3275002699318352E-016   1.7911443068568847E-017   2.5264178559828791E-016
  -1.0455173740649317E-016  -2.2560249426407255E-016   3.1178400142261335E-016  0.57674837568419202        2.2444731772729995E-015   1.6688401795007126E-017  -4.4892625962398394E-017   5.4840932856046064E-015   4.9256038759830307E-017   5.0334477472219192E-015  0.61891981117085415       -3.0114780592613426E-016   8.5724275557391561E-017   3.6968433119358252E-016  -1.7053495323079478E-002   4.7218804136285005E-016  -2.0837213872111803E-016   1.1030573868859654E-015  -2.3426136522581918E-003   3.1177747930495569E-015   4.9004948135455386E-018   1.9226605943843764E-015  -2.3300816050994728E-004   1.0245817849221837E-014   1.1423839948456508E-015  -8.1734542210410867E-016  -1.1109889280897289E-014   2.1532564715153345E-016  -2.4504439579851066E-015
   1.0420266232483348E-016   2.1229466669540918E-017   3.2022857500374451E-016   2.2444731772729995E-015   2.3425531136883924E-004   1.4098459742909178E-017  -1.7702547710349379E-017  -1.1712765568444044E-004  -1.4639641004310712E-017  -1.1712765568446186E-004   2.1825486156231893E-015   1.1662797064083829E-016   1.7119311791852118E-017   3.4981371723964137E-016  -1.9163373236948182E-015   1.7733372559367390E-016  -9.9417698160691325E-017  -2.0643632368536207E-016  -2.1787000693348404E-015  -7.3948097027231346E-016  -5.9841699385235926E-016  -6.2493549481322424E-016  -6.6799820616078904E-016   2.1582098741429263E-002   9.6509112889318305E-016  -8.3245826308913596E-016  -1.0791049370713247E-002  -1.3744164125220376E-015  -1.0791049370716056E-002
   1.9258497839184066E-016  -1.3760303521892229E-016   1.1925726958743675E-016   1.6688401795007126E-017   1.4098459742909178E-017   2.3425531136891568E-004  -1.2758150872248466E-017  -1.0409924079552673E-017   4.4278869002122677E-017   4.4929142151477196E-019  -9.6696650476082552E-018   2.1039651138886732E-016  -1.5753559019218518E-016   1.0916491572087686E-016   5.2682298546527105E-016   1.1158125625954225E-017   1.6899201809148467E-016  -7.1294178880297475E-016  -9.3476968847210290E-017  -4.4529725781686911E-016   5.3824318457870535E-016   7.6300676683617960E-016   2.9925230732323512E-016   3.3680041686080789E-016   2.1582098741433048E-002  -7.9051345623889518E-016   6.6547291731799767E-016   1.6582004019394855E-015  -9.8998161556472567E-016
  -6.0765801656832163E-017  -3.6775146656646113E-017  -9.4680355272451482E-017  -4.4892625962398394E-017  -1.7702547710349379E-017  -1.2758150872248466E-017   2.3425531136891820E-004  -7.2920185481794999E-018  -2.0872049873203504E-017   2.1620122240692176E-017  -4.4751788470835602E-017  -6.7085218833014885E-017  -4.0234278452047140E-017  -1.1622906136326885E-016  -1.9947530243086945E-015  -7.4403901833457326E-017   5.5999429890824389E-016  -4.2837503787121510E-018  -4.9630538985081498E-016   1.6458630188900297E-016  -7.8177280701493019E-016   2.9430179302545132E-016   6.2767488364758811E-016  -7.8554375511868073E-016  -3.8262267584577816E-016   2.1582098741433176E-002  -1.3408542142947045E-016   9.5436578595681554E-017   9.1165796123978098E-016
   1.3064212218330006E-018  -1.0751097023472828E-016  -1.4887247951566469E-016   5.4840932856046064E-015  -1.1712765568444044E-004  -1.0409924079552673E-017  -7.2920185481794999E-018   2.3425531136900827E-004   1.9850025213001784E-017  -1.1712765568454140E-004   6.0941322971202623E-015   4.3547017059061990E-018  -1.1648641447825694E-016  -1.7073760800390142E-016  -7.5713013559150291E-016   5.8778146913201764E-017   3.6265453583666719E-017   7.5891714980202499E-017  -4.2014442943941261E-016  -2.9868498993782189E-017   1.2997606985666566E-015  -6.7122405206855171E-016   1.2767439078525307E-015  -1.0791049370717976E-002  -1.6091692645129622E-015  -5.4547010685090843E-016   2.1582098741437041E-002   1.1493688640407441E-015  -1.0791049370719095E-002
  -8.6643691833271433E-018  -3.3336251408777732E-017   8.5608250726434158E-017   4.9256038759830307E-017  -1.4639641004310712E-017   4.4278869002122677E-017  -2.0872049873203504E-017   1.9850025213001784E-017   2.3425531136882910E-004  -2.5685215334307971E-018   3.6594278293910312E-017  -1.6172657684607758E-017  -3.6682982393533500E-017   8.7776585614405282E-017  -9.8124708107947258E-016  -5.7361280695596302E-016   7.5390056962161614E-016  -4.0697272959997326E-016  -2.9036030637046561E-016   2.2940895286039200E-016   4.3276329746976942E-016  -4.7036276764996099E-016   5.8234131656216219E-016   3.0753225215961137E-017   2.4009140419593671E-015  -1.9958665923515049E-015   6.8419128666113561E-016   2.1582098741429082E-002  -6.6705284552286415E-016
  -1.4244036182902153E-016  -6.4539750292916804E-017   1.1100034848345704E-017   5.0334477472219192E-015  -1.1712765568446186E-004   4.4929142151477196E-019   2.1620122240692176E-017  -1.1712765568454140E-004  -2.5685215334307971E-018   2.3425531136903990E-004   5.3851398334711101E-015  -1.6194491360164490E-016  -6.8875241521215646E-017   2.4325314801395046E-017  -1.6348695078509767E-016  -1.6637701562744926E-016   9.9196614648745712E-016   1.0614446289910036E-016  -2.7337058645592468E-015  -2.8233096213435170E-016  -7.5953354074066830E-016   6.3933848219468236E-016  -1.7984070538138685E-015  -1.0791049370717095E-002   1.0252986543004910E-015   1.0670388497543983E-015  -1.0791049370721360E-002   4.6844310114951205E-016   2.1582098741438526E-002
   2.7470679027640894E-016   1.4693284111260292E-018  -5.1128285201339152E-016  0.61891981117085415        2.1825486156231893E-015  -9.6696650476082552E-018  -4.4751788470835602E-017   6.0941322971202623E-015   3.6594278293910312E-017   5.3851398334711101E-015  0.66437578749504922        1.0368613268754619E-016   3.6734733909406023E-016  -5.2888593884995395E-016   1.5246399057900443E-003  -6.0489810457354384E-016  -6.8682659915752355E-016  -5.3062266038171337E-016   8.5480212968635475E-004  -2.0208963317615675E-015   2.6488867397229809E-016  -4.7704148904123767E-016   1.1922437006112544E-004  -7.9638885226699553E-015  -1.8056702304111278E-015   1.3320219381826796E-015   7.8584409738248589E-015  -3.6779484080713080E-016  -3.8538768740314736E-015
  0.60854889931996803        1.3163237909689818E-016  -3.3633645456394856E-016  -3.0114780592613426E-016   1.1662797064083829E-016   2.1039651138886732E-016  -6.7085218833014885E-017   4.3547017059061990E-018  -1.6172657684607758E-017  -1.6194491360164490E-016   1.0368613268754619E-016  0.67797339472327101       -4.1855142861657197E-016  -8.4731077406099975E-016  -7.8877120358395442E-016  -4.3663617599551218E-004  -1.1028891785918367E-016  -1.5431585046257745E-016   4.6710887241935418E-016   1.0571193417181249E-004   3.3907149329041179E-016  -1.1721565384811741E-015   3.4424121439613583E-016  -7.1006841463675927E-017  -3.4481906596488996E-016   1.0060279641445075E-016   2.1865639513953768E-016  -3.8793526871903841E-016  -3.2258279565889789E-016
   1.4374610118231503E-016  0.60854889931996448        3.0728185034498347E-016   8.5724275557391561E-017   1.7119311791852118E-017  -1.5753559019218518E-016  -4.0234278452047140E-017  -1.1648641447825694E-016  -3.6682982393533500E-017  -6.8875241521215646E-017   3.6734733909406023E-016  -4.1855142861657197E-016  0.67797339472326834        2.1826655936126958E-016   5.1608327786806435E-016  -1.7653767869982189E-016  -4.3663617599543986E-004  -6.0537409137610136E-016  -2.8968895262497388E-016   5.8423367973862648E-016   1.0571193417220902E-004   1.3405547871934764E-015  -3.2918574287837109E-015  -5.4749747271908066E-016  -2.8998970776782460E-016   1.7379934883951986E-017   1.8318739021825777E-016   7.5344084087746537E-018   2.4574615343759881E-016
  -2.3649837513697869E-016  -4.9227736525876459E-016  0.60854889931996548        3.6968433119358252E-016   3.4981371723964137E-016   1.0916491572087686E-016  -1.1622906136326885E-016  -1.7073760800390142E-016   8.7776585614405282E-017   2.4325314801395046E-017  -5.2888593884995395E-016  -8.4731077406099975E-016   2.1826655936126958E-016  0.67797339472326656        4.5722229614140969E-016   3.2241631510877139E-016   1.6908351323875656E-015  -4.3663617599137746E-004  -4.1656262599621253E-016   4.5333256276609358E-017  -1.1005743893568536E-016   1.0571193417331596E-004   1.6346502642170128E-016  -9.0311279231548098E-016  -8.8963891491107506E-016  -4.0174424455431225E-016   1.3392786396314231E-016  -6.9742205043962185E-016   1.3966452729419364E-015
  -1.3087813594619693E-016  -1.2652504815608130E-016  -1.0585086100872212E-015  -1.7053495323079478E-002  -1.9163373236948182E-015   5.2682298546527105E-016  -1.9947530243086945E-015  -7.5713013559150291E-016  -9.8124708107947258E-016  -1.6348695078509767E-016   1.5246399057900443E-003  -7.8877120358395442E-016   5.1608327786806435E-016   4.5722229614140969E-016   2.0135454099569770       -1.9514664296457023E-016  -2.1093439828755090E-015  -1.0988438508483178E-015  -2.5149150216838121E-004  -1.7605368734641923E-015   1.8077425182748383E-016   1.2142689322142429E-015  -4.2885284549119158E-005  -1.4564052746998224E-014  -2.0256989868305718E-015   1.5341769170992387E-015  -4.3311257635577617E-015  -2.2782282954479632E-015  -1.5959784890596024E-014
   4.5125246628956514E-005   1.2277422267277595E-016   2.1834307094553002E-016   4.7218804136285005E-016   1.7733372559367390E-016   1.1158125625954225E-017  -7.4403901833457326E-017   5.8778146913201764E-017  -5.7361280695596302E-016  -1.6637701562744926E-016  -6.0489810457354384E-016  -4.3663617599551218E-004  -1.7653767869982189E-016   3.2241631510877139E-016  -1.9514664296457023E-016   1.9998822934356144       -3.0774420445972187E-016   8.8135048711230832E-017   2.8890549628613793E-016  -1.3813937860281093E-005   2.1360378606246632E-017  -5.9376046102548952E-016   5.0875405714129301E-016  -1.1326875119405847E-017   4.3701997122411652E-017   1.0055611824231780E-016  -2.0557148180381101E-016   5.6303834968867984E-017   1.5399946775527732E-016
  -3.7941450324189130E-016   4.5125246629014370E-005  -1.6724243434426752E-015  -2.0837213872111803E-016  -9.9417698160691325E-017   1.6899201809148467E-016   5.5999429890824389E-016   3.6265453583666719E-017   7.5390056962161614E-016   9.9196614648745712E-016  -6.8682659915752355E-016  -1.1028891785918367E-016  -4.3663617599543986E-004   1.6908351323875656E-015  -2.1093439828755090E-015  -3.0774420445972187E-016   1.9998822934356082       -2.7114639741053483E-016  -1.5270276251674682E-015   1.9889427208764286E-016  -1.3813937860423725E-005   1.0787058052701769E-015  -1.0304837031130661E-015   1.2067272667750535E-015   6.0127370872958847E-017  -8.0808582357554200E-017   1.0701715346443351E-015  -4.3670798808169308E-016   7.5997862652428479E-016
   1.3920647674945524E-016   4.5240781969211290E-016   4.5125246625595745E-005   1.1030573868859654E-015  -2.0643632368536207E-016  -7.1294178880297475E-016  -4.2837503787121510E-018   7.5891714980202499E-017  -4.0697272959997326E-016   1.0614446289910036E-016  -5.3062266038171337E-016  -1.5431585046257745E-016  -6.0537409137610136E-016  -4.3663617599137746E-004  -1.0988438508483178E-015   8.8135048711230832E-017  -2.7114639741053483E-016   1.9998822934356144       -5.7866220036374743E-016   1.9318436599728478E-016  -1.4196322479016985E-017  -1.3813937861421031E-005   1.8140463607477188E-016  -4.0193124763692444E-016  -1.6340086717618714E-016   1.7636198470911041E-016   5.1366953338806776E-016   4.9496010630329736E-016   1.0690886868501719E-015
   1.1656861512094958E-017   4.6628164148973972E-016  -1.2111375055954432E-016  -2.3426136522581918E-003  -2.1787000693348404E-015  -9.3476968847210290E-017  -4.9630538985081498E-016  -4.2014442943941261E-016  -2.9036030637046561E-016  -2.7337058645592468E-015   8.5480212968635475E-004   4.6710887241935418E-016  -2.8968895262497388E-016  -4.1656262599621253E-016  -2.5149150216838121E-004   2.8890549628613793E-016  -1.5270276251674682E-015  -5.7866220036374743E-016   2.0005894403135529       -4.4553143799854136E-016  -2.0339225188976223E-016  -2.7810853028364283E-017   1.5683577674783404E-006  -1.2020950239033003E-014  -1.2031120349372477E-015   8.1742969974167922E-016  -7.6360869109681914E-015  -1.4253795267943081E-015  -1.4993894912621478E-014
   4.3492311797632861E-004  -5.2510503856628265E-016   5.4929557233849343E-017   3.1177747930495569E-015  -7.3948097027231346E-016  -4.4529725781686911E-016   1.6458630188900297E-016  -2.9868498993782189E-017   2.2940895286039200E-016  -2.8233096213435170E-016  -2.0208963317615675E-015   1.0571193417181249E-004   5.8423367973862648E-016   4.5333256276609358E-017  -1.7605368734641923E-015  -1.3813937860281093E-005   1.9889427208764286E-016   1.9318436599728478E-016  -4.4553143799854136E-016   1.9999932676417260        1.9480759031186022E-017  -3.9029062192617130E-017  -1.0933827818505227E-016   4.0735817008211249E-016  -5.0189675859497716E-017   3.3177700662609051E-016  -2.4311940268109821E-016  -2.2740561741553921E-016  -4.9611573818763835E-017
  -2.5370854465808678E-016   4.3492311797611036E-004  -5.4808084700978980E-017   4.9004948135455386E-018  -5.9841699385235926E-016   5.3824318457870535E-016  -7.8177280701493019E-016   1.2997606985666566E-015   4.3276329746976942E-016  -7.5953354074066830E-016   2.6488867397229809E-016   3.3907149329041179E-016   1.0571193417220902E-004  -1.1005743893568536E-016   1.8077425182748383E-016   2.1360378606246632E-017  -1.3813937860423725E-005  -1.4196322479016985E-017  -2.0339225188976223E-016   1.9480759031186022E-017   1.9999932676417294        1.4687794759999197E-015  -1.6565322648069051E-016  -4.8304150047604332E-016  -5.4401247327126525E-016   4.2417433874664325E-016   1.3110657968940330E-016   1.4099238244273170E-016   1.8586373390743792E-016
   9.7310157241492696E-016  -1.5963755732942685E-015   4.3492311797443196E-004   1.9226605943843764E-015  -6.2493549481322424E-016   7.6300676683617960E-016   2.9430179302545132E-016  -6.7122405206855171E-016  -4.7036276764996099E-016   6.3933848219468236E-016  -4.7704148904123767E-016  -1.1721565384811741E-015   1.3405547871934764E-015   1.0571193417331596E-004   1.2142689322142429E-015  -5.9376046102548952E-016   1.0787058052701769E-015  -1.3813937861421031E-005  -2.7810853028364283E-017  -3.9029062192617130E-017   1.4687794759999197E-015   1.9999932676417329       -5.1651175484170576E-016  -3.4361412049339125E-016   1.0924801674121127E-015   1.4115396616657671E-016  -1.4281835893864496E-015  -4.8112851717785471E-016  -6.1357651833326089E-016
  -4.1938431451633758E-016   3.1877405765746183E-015  -8.9002948983048492E-016  -2.3300816050994728E-004  -6.6799820616078904E-016   2.9925230732323512E-016   6.2767488364758811E-016   1.2767439078525307E-015   5.8234131656216219E-016  -1.7984070538138685E-015   1.1922437006112544E-004   3.4424121439613583E-016  -3.2918574287837109E-015   1.6346502642170128E-016  -4.2885284549119158E-005   5.0875405714129301E-016  -1.0304837031130661E-015   1.8140463607477188E-016   1.5683577674783404E-006  -1.0933827818505227E-016  -1.6565322648069051E-016  -5.1651175484170576E-016   2.0000095819072308        1.9493931093251745E-016  -4.4159141374322051E-016  -3.8573004928356471E-016   6.4133349031555794E-016   5.6451357299770824E-016   2.9267899290849026E-016
  -1.0011970105275225E-016   6.0301013275175109E-017  -2.2233085879363249E-016   1.0245817849221837E-014   2.1582098741429263E-002   3.3680041686080789E-016  -7.8554375511868073E-016  -1.0791049370717976E-002   3.0753225215961137E-017  -1.0791049370717095E-002  -7.9638885226699553E-015  -7.1006841463675927E-017  -5.4749747271908066E-016  -9.0311279231548098E-016  -1.4564052746998224E-014  -1.1326875119405847E-017   1.2067272667750535E-015  -4.0193124763692444E-016  -1.2020950239033003E-014   4.0735817008211249E-016  -4.8304150047604332E-016  -3.4361412049339125E-016   1.9493931093251745E-016   1.9883732128122911        2.7557708719149964E-016   1.1926765998426636E-015 -0.99418660640614953        4.6973059122933533E-016 -0.99418660640614531     
   4.1170470967307948E-017   7.7973941713930472E-017   1.1637087464147725E-015   1.1423839948456508E-015   9.6509112889318305E-016   2.1582098741433048E-002  -3.8262267584577816E-016  -1.6091692645129622E-015   2.4009140419593671E-015   1.0252986543004910E-015  -1.8056702304111278E-015  -3.4481906596488996E-016  -2.8998970776782460E-016  -8.8963891491107506E-016  -2.0256989868305718E-015   4.3701997122411652E-017   6.0127370872958847E-017  -1.6340086717618714E-016  -1.2031120349372477E-015  -5.0189675859497716E-017  -5.4401247327126525E-016   1.0924801674121127E-015  -4.4159141374322051E-016   2.7557708719149964E-016   1.9883732128123404        2.1015903860916081E-016   1.4166863212053430E-015  -1.8727153074798989E-015  -5.5980068670857433E-016
   3.8618024385553293E-017  -4.4259578551212018E-017   5.2370484126095780E-016  -8.1734542210410867E-016  -8.3245826308913596E-016  -7.9051345623889518E-016   2.1582098741433176E-002  -5.4547010685090843E-016  -1.9958665923515049E-015   1.0670388497543983E-015   1.3320219381826796E-015   1.0060279641445075E-016   1.7379934883951986E-017  -4.0174424455431225E-016   1.5341769170992387E-015   1.0055611824231780E-016  -8.0808582357554200E-017   1.7636198470911041E-016   8.1742969974167922E-016   3.3177700662609051E-016   4.2417433874664325E-016   1.4115396616657671E-016  -3.8573004928356471E-016   1.1926765998426636E-015   2.1015903860916081E-016   1.9883732128123421       -7.1281888269594764E-016   2.0753255884631311E-015  -1.2142522230751243E-015
  -4.4292961750987433E-017  -1.2844379870925137E-016   5.3275002699318352E-016  -1.1109889280897289E-014  -1.0791049370713247E-002   6.6547291731799767E-016  -1.3408542142947045E-016   2.1582098741437041E-002   6.8419128666113561E-016  -1.0791049370721360E-002   7.8584409738248589E-015   2.1865639513953768E-016   1.8318739021825777E-016   1.3392786396314231E-016  -4.3311257635577617E-015  -2.0557148180381101E-016   1.0701715346443351E-015   5.1366953338806776E-016  -7.6360869109681914E-015  -2.4311940268109821E-016   1.3110657968940330E-016  -1.4281835893864496E-015   6.4133349031555794E-016 -0.99418660640614953        1.4166863212053430E-015  -7.1281888269594764E-016   1.9883732128122900        4.3893924953076534E-016 -0.99418660640614309     
   1.9888663855155590E-016  -5.3003582282987767E-017   1.7911443068568847E-017   2.1532564715153345E-016  -1.3744164125220376E-015   1.6582004019394855E-015   9.5436578595681554E-017   1.1493688640407441E-015   2.1582098741429082E-002   4.6844310114951205E-016  -3.6779484080713080E-016  -3.8793526871903841E-016   7.5344084087746537E-018  -6.9742205043962185E-016  -2.2782282954479632E-015   5.6303834968867984E-017  -4.3670798808169308E-016   4.9496010630329736E-016  -1.4253795267943081E-015  -2.2740561741553921E-016   1.4099238244273170E-016  -4.8112851717785471E-016   5.6451357299770824E-016   4.6973059122933533E-016  -1.8727153074798989E-015   2.0753255884631311E-015   4.3893924953076534E-016   1.9883732128123444        3.5038703709300384E-015
  -1.2601687009953349E-017  -3.7644766683526305E-017   2.5264178559828791E-016  -2.4504439579851066E-015  -1.0791049370716056E-002  -9.8998161556472567E-016   9.1165796123978098E-016  -1.0791049370719095E-002  -6.6705284552286415E-016   2.1582098741438526E-002  -3.8538768740314736E-015  -3.2258279565889789E-016   2.4574615343759881E-016   1.3966452729419364E-015  -1.5959784890596024E-014   1.5399946775527732E-016   7.5997862652428479E-016   1.0690886868501719E-015  -1.4993894912621478E-014  -4.9611573818763835E-017   1.8586373390743792E-016  -6.1357651833326089E-016   2.9267899290849026E-016 -0.99418660640614531       -5.5980068670857433E-016  -1.2142522230751243E-015 -0.99418660640614309        3.5038703709300384E-015   1.9883732128122951     
