   3.3798750372714748E-031   1.3385696887654442E-031  -5.7249441143969996E-031  -1.5169486262171068E-016  -1.0213810062601821E-032  -1.0934608100609867E-031   4.4217966247919883E-031  -5.9220741142935027E-017   7.8761916830025000E-016   1.3659425811314324E-030   2.0939502181146463E-032  -1.0658441737171716E-032   1.2741573179890991E-030   7.6953329268542803E-033   1.1609321242274326E-030
   1.3385696887654442E-031   1.1074553407234488E-031  -3.5096340787038275E-031   1.0850488711137605E-016  -1.5995310001016696E-032  -2.9565606296723845E-032   1.3430962930358218E-031   4.3177451699798507E-017   4.1159039185591526E-016   2.1875569572547766E-031   1.7750567757309634E-032  -4.2877721948432547E-033   1.9696989286030032E-031   1.6379952496804679E-034   1.6346289738727723E-031
  -5.7249441143969996E-031  -3.5096340787038275E-031   1.2370387351267197E-030  -1.0581809582438801E-016   4.3015575133160304E-032   1.5564770482691002E-031  -6.6115781346379556E-031  -4.3070541092411344E-017  -1.5485504508241837E-015  -1.6203228288037989E-030  -5.5819495523261101E-032   1.8196913633377671E-032  -1.4961954868911650E-030  -6.8289546302796505E-033  -1.3288017957277254E-030
  -1.5169486262171068E-016   1.0850488711137605E-016  -1.0581809582438801E-016  0.56035223209736451       -3.0311108197527351E-017   8.9197818756615226E-017  -3.1763047870030675E-016  0.22114611453153613       -6.2483135514911942E-002  -1.5539402190909570E-015   1.8218829363178070E-017   4.5892528120845268E-018  -1.4702149793919919E-015  -1.1874847751597690E-017  -1.3862991613040569E-015
  -1.0213810062601821E-032  -1.5995310001016696E-032   4.3015575133160304E-032  -3.0311108197527351E-017   2.7822606244778341E-033   4.6031918091652951E-034  -4.9147283507280355E-033  -1.2002550864295855E-017  -4.4430468557692238E-017   2.5417712134986636E-032  -2.5904450896530728E-033   3.3587637668422983E-034   2.5176584381673630E-032   3.6438987940734309E-034   2.6251965885769667E-032
  -1.0934608100609867E-031  -2.9565606296723845E-032   1.5564770482691002E-031   8.9197818756615226E-017   4.6031918091652951E-034   3.8645766403356377E-032  -1.5276732735800484E-031   3.5016912704746711E-017  -2.3109287915569386E-016  -5.1859570526641215E-031  -4.5235169026374283E-033   3.4323825276709072E-033  -4.8543489054004541E-031  -3.1759418121108657E-033  -4.4610654550604569E-031
   4.4217966247919883E-031   1.3430962930358218E-031  -6.6115781346379556E-031  -3.1763047870030675E-016  -4.9147283507280355E-033  -1.5276732735800484E-031   6.0734153520984358E-031  -1.2457910279150783E-016   9.5996920871731694E-016   2.0148005015054042E-030   2.0708864474994665E-032  -1.3897069929724204E-032   1.8844243071357470E-030   1.2106222692606303E-032   1.7282822311298136E-030
  -5.9220741142935027E-017   4.3177451699798507E-017  -4.3070541092411344E-017  0.22114611453153613       -1.2002550864295855E-017   3.5016912704746711E-017  -1.2457910279150783E-016   8.7277947505534775E-002  -2.2981288359387207E-002  -6.1121301734687990E-016   7.2464913007721363E-018   1.7906727796254797E-018  -5.7832087936234760E-016  -4.6767189203790015E-018  -5.4540009664836670E-016
   7.8761916830025000E-016   4.1159039185591526E-016  -1.5485504508241837E-015  -6.2483135514911942E-002  -4.4430468557692238E-017  -2.3109287915569386E-016   9.5996920871731694E-016  -2.2981288359387207E-002   2.0074439894087379        2.6268635788050946E-015   6.5121999628367155E-017  -2.4952535374589070E-017   2.4381171781174603E-015   1.2954323933793797E-017   2.1938329281807636E-015
   1.3659425811314324E-030   2.1875569572547766E-031  -1.6203228288037989E-030  -1.5539402190909570E-015   2.5417712134986636E-032  -5.1859570526641215E-031   2.0148005015054042E-030  -6.1121301734687990E-016   2.6268635788050946E-015   7.3186388215024254E-030   3.1840400102595694E-032  -4.2703372823257471E-032   6.8664089825235694E-030   4.7195180525852590E-032   6.3455594257165922E-030
   2.0939502181146463E-032   1.7750567757309634E-032  -5.5819495523261101E-032   1.8218829363178070E-017  -2.5904450896530728E-033  -4.5235169026374283E-033   2.0708864474994665E-032   7.2464913007721363E-018   6.5121999628367155E-017   3.1840400102595694E-032   2.8466126067358381E-033  -6.7123627956386328E-034   2.8539986444362894E-032   4.3223081382443984E-036   2.3382145647678398E-032
  -1.0658441737171716E-032  -4.2877721948432547E-033   1.8196913633377671E-032   4.5892528120845268E-018   3.3587637668422983E-034   3.4323825276709072E-033  -1.3897069929724204E-032   1.7906727796254797E-018  -2.4952535374589070E-017  -4.2703372823257471E-032  -6.7123627956386328E-034   3.3619095041882037E-034  -3.9825722561390494E-032  -2.3934612499438543E-034  -3.6268238039392317E-032
   1.2741573179890991E-030   1.9696989286030032E-031  -1.4961954868911650E-030  -1.4702149793919919E-015   2.5176584381673630E-032  -4.8543489054004541E-031   1.8844243071357470E-030  -5.7832087936234760E-016   2.4381171781174603E-015   6.8664089825235694E-030   2.8539986444362894E-032  -3.9825722561390494E-032   6.4427792032188638E-030   4.4377854826399173E-032   5.9555371239414432E-030
   7.6953329268542803E-033   1.6379952496804679E-034  -6.8289546302796505E-033  -1.1874847751597690E-017   3.6438987940734309E-034  -3.1759418121108657E-033   1.2106222692606303E-032  -4.6767189203790015E-018   1.2954323933793797E-017   4.7195180525852590E-032   4.3223081382443984E-036  -2.3934612499438543E-034   4.4377854826399173E-032   3.1926349616054482E-034   4.1233732887217914E-032
   1.1609321242274326E-030   1.6346289738727723E-031  -1.3288017957277254E-030  -1.3862991613040569E-015   2.6251965885769667E-032  -4.4610654550604569E-031   1.7282822311298136E-030  -5.4540009664836670E-016   2.1938329281807636E-015   6.3455594257165922E-030   2.3382145647678398E-032  -3.6268238039392317E-032   5.9555371239414432E-030   4.1233732887217914E-032   5.5084506840044971E-030
