   3.2207635355046306E-008  -1.1300021121142473E-019  -2.3948817415700529E-019   5.1869186314031397E-016   5.6278753363750318E-016  -4.9124229946911081E-009   3.1184103418488503E-020   1.4543030857545878E-019  -1.8878641085310920E-016  -2.5380433944836265E-004   6.6196073201174626E-016   9.2775859950615569E-016  -2.3740833222517167E-020  -2.4066261010908275E-021   3.4492235378921360E-020  -3.9290816888254122E-020   6.6368416713854740E-020   3.6622581451537631E-020   2.6876227178162922E-015
  -1.1300021121142473E-019   3.2207635354788074E-008  -1.2549455633547468E-019  -6.8133768406017100E-017  -7.3009110357927864E-017   1.0356820249713415E-019  -4.9124229943596527E-009   1.2165010238964339E-019   4.9226447708685769E-017   2.2851564071819007E-016  -2.5380433944734463E-004   1.9243710592115542E-016   1.3659929330835509E-019   1.1929214330211544E-019  -1.5110240002785434E-020   1.3669920501538119E-019  -3.1907675664108548E-021   1.0668179280510832E-019   2.2637450310481640E-016
  -2.3948817415700529E-019  -1.2549455633547468E-019   3.2207635355031080E-008   9.0324599388276521E-017   1.2220848290478121E-016   2.6490658503521528E-019   2.5181614677091729E-021  -4.9124229944292889E-009   2.6731961523055817E-015   9.5953282674151233E-016   7.9647174572459466E-016  -2.5380433944830231E-004  -1.4750314733686079E-019   5.5700080389648618E-020  -5.4809477425065714E-021  -6.8338144630988806E-020  -2.6584284692624673E-020  -7.1356241248884892E-020  -7.9017574405024749E-016
   5.1869186314031397E-016  -6.8133768406017100E-017   9.0324599388276521E-017  0.51830591396540260       0.56391146803124859       -3.3300153108667489E-016   2.7476058811826717E-017  -2.0035149333893491E-016  -1.6409975680310874E-002  -2.4159922388149755E-016   4.0790649166647887E-015  -1.6424991952259508E-015  -1.5808326662513606E-015   7.9028424327135655E-017  -2.0985195547496406E-017  -1.5601124184757063E-015  -1.8155236828579119E-017  -1.7265316690360607E-015  -3.5850369413938759E-006
   5.6278753363750318E-016  -7.3009110357927864E-017   1.2220848290478121E-016  0.56391146803124859       0.61369244990260807       -3.6147790676370518E-016   2.8873723395499501E-017  -2.4194784849589006E-016   2.1004780673209193E-004  -2.1291396531605687E-017  -1.0472132917682419E-015  -6.7148206930654525E-016  -1.7107953420467477E-015   8.4867612358425004E-017  -2.3253377960237908E-017  -1.6886861296698707E-015  -2.0533604141741401E-017  -1.8670856554987669E-015   2.4672226731129192E-005
  -4.9124229946911081E-009   1.0356820249713415E-019   2.6490658503521528E-019  -3.3300153108667489E-016  -3.6147790676370518E-016   7.4926021152276109E-010  -1.7924127543051670E-020  -5.7014723727857578E-020   1.0540401660061794E-016   3.8711139750381456E-005  -7.8129061939245927E-016  -1.9411894925340748E-015   3.6210362473105881E-021   3.6706716609692354E-022  -5.2608783086738127E-021   5.9927750124367729E-021  -1.0122746759381642E-020  -5.5858062615554572E-021  -2.4010051790985525E-015
   3.1184103418488503E-020  -4.9124229943596527E-009   2.5181614677091729E-021   2.7476058811826717E-017   2.8873723395499501E-017  -1.7924127543051670E-020   7.4926021142765890E-010  -1.6019150460199962E-020  -1.0211728947571867E-016  -1.4477496520385514E-016   3.8711139747924606E-005   1.0164001505002936E-016  -2.0834609621870770E-020  -1.8194861601846374E-020   2.3046674995904867E-021  -2.0849848510610304E-020   4.8666720762411723E-022  -1.6271486133188069E-020  -1.9986407000911355E-016
   1.4543030857545878E-019   1.2165010238964339E-019  -4.9124229944292889E-009  -2.0035149333893491E-016  -2.4194784849589006E-016  -5.7014723727857578E-020  -1.6019150460199962E-020   7.4926021144324825E-010  -2.6598326068618715E-015  -1.0045324343607615E-015  -9.2927941919390672E-016   3.8711139748327354E-005   2.2497704184937883E-020  -8.4955741913869373E-021   8.3597362637381005E-022   1.0423176659218678E-020   4.0547295693704581E-021   1.0883507480007073E-020   8.1393149706031232E-016
  -1.8878641085310920E-016   4.9226447708685769E-017   2.6731961523055817E-015  -1.6409975680310874E-002   2.1004780673209193E-004   1.0540401660061794E-016  -1.0211728947571867E-016  -2.6598326068618715E-015   2.0071855969886445        4.4911603840204796E-017  -3.0122506858808593E-015  -5.2001079063613043E-016   1.0657928444072821E-015  -1.2550628001615523E-016  -4.6035281277118983E-017   1.0149365976114959E-015  -8.7414419445055858E-017   1.3164319880600197E-015   9.7064614204380829E-007
  -2.5380433944836265E-004   2.2851564071819007E-016   9.5953282674151233E-016  -2.4159922388149755E-016  -2.1291396531605687E-017   3.8711139750381456E-005  -1.4477496520385514E-016  -1.0045324343607615E-015   4.4911603840204796E-017   2.0000425989897099       -4.7547347461172975E-017  -5.0309712484582291E-016   1.8708379013139517E-016   1.8964824361458150E-017  -2.7180756736596466E-016   3.0962160731555234E-016  -5.2299996501802392E-016  -2.8859523501489381E-016  -5.1682321226492211E-016
   6.6196073201174626E-016  -2.5380433944734463E-004   7.9647174572459466E-016   4.0790649166647887E-015  -1.0472132917682419E-015  -7.8129061939245927E-016   3.8711139747924606E-005  -9.2927941919390672E-016  -3.0122506858808593E-015  -4.7547347461172975E-017   2.0000425989897019        1.5840193740013212E-016  -1.0764370940344099E-015  -9.4005236021086462E-016   1.1907252552207692E-016  -1.0772244236381681E-015   2.5144058097237865E-017  -8.4067959835041617E-016   2.9560074049061969E-016
   9.2775859950615569E-016   1.9243710592115542E-016  -2.5380433944830231E-004  -1.6424991952259508E-015  -6.7148206930654525E-016  -1.9411894925340748E-015   1.0164001505002936E-016   3.8711139748327354E-005  -5.2001079063613043E-016  -5.0309712484582291E-016   1.5840193740013212E-016   2.0000425989897046        1.1623622306933480E-015  -4.3893076765053480E-016   4.3191259028324672E-017   5.3852192084663971E-016   2.0949090926953259E-016   5.6230528805514678E-016   5.7015664463608150E-016
  -2.3740833222517167E-020   1.3659929330835509E-019  -1.4750314733686079E-019  -1.5808326662513606E-015  -1.7107953420467477E-015   3.6210362473105881E-021  -2.0834609621870770E-020   2.2497704184937883E-020   1.0657928444072821E-015   1.8708379013139517E-016  -1.0764370940344099E-015   1.1623622306933480E-015   6.8266457497365650E-030   1.1635348886957121E-031   6.3635746138601927E-033   5.9777232920229618E-030  -1.8867710203442580E-031   6.5519831272591883E-030  -6.6116980198216270E-016
  -2.4066261010908275E-021   1.1929214330211544E-019   5.5700080389648618E-020   7.9028424327135655E-017   8.4867612358425004E-017   3.6706716609692354E-022  -1.8194861601846374E-020  -8.4955741913869373E-021  -1.2550628001615523E-016   1.8964824361458150E-017  -9.4005236021086462E-016  -4.3893076765053480E-016   1.1635348886957121E-031   6.8557323800567734E-031  -4.5123996281567399E-032  -5.2001238475474976E-032  -2.5789567700434412E-031  -1.5175002776601592E-031  -5.0524494034529171E-016
   3.4492235378921360E-020  -1.5110240002785434E-020  -5.4809477425065714E-021  -2.0985195547496406E-017  -2.3253377960237908E-017  -5.2608783086738127E-021   2.3046674995904867E-021   8.3597362637381005E-022  -4.6035281277118983E-017  -2.7180756736596466E-016   1.1907252552207692E-016   4.3191259028324672E-017   6.3635746138601927E-033  -4.5123996281567399E-032   5.1126876449832268E-032  -8.0464208726216327E-032   4.3877410443009799E-032   2.7263020877442334E-032  -9.1976247292991068E-017
  -3.9290816888254122E-020   1.3669920501538119E-019  -6.8338144630988806E-020  -1.5601124184757063E-015  -1.6886861296698707E-015   5.9927750124367729E-021  -2.0849848510610304E-020   1.0423176659218678E-020   1.0149365976114959E-015   3.0962160731555234E-016  -1.0772244236381681E-015   5.3852192084663971E-016   5.9777232920229618E-030  -5.2001238475474976E-032  -8.0464208726216327E-032   6.1006987736613376E-030   2.0043741186044184E-031   6.4552186320445818E-030   5.7796046741574812E-016
   6.6368416713854740E-020  -3.1907675664108548E-021  -2.6584284692624673E-020  -1.8155236828579119E-017  -2.0533604141741401E-017  -1.0122746759381642E-020   4.8666720762411723E-022   4.0547295693704581E-021  -8.7414419445055858E-017  -5.2299996501802392E-016   2.5144058097237865E-017   2.0949090926953259E-016  -1.8867710203442580E-031  -2.5789567700434412E-031   4.3877410443009799E-032   2.0043741186044184E-031   4.6995238961903176E-031   2.5313106794895946E-031   7.8286408707261510E-016
   3.6622581451537631E-020   1.0668179280510832E-019  -7.1356241248884892E-020  -1.7265316690360607E-015  -1.8670856554987669E-015  -5.5858062615554572E-021  -1.6271486133188069E-020   1.0883507480007073E-020   1.3164319880600197E-015  -2.8859523501489381E-016  -8.4067959835041617E-016   5.6230528805514678E-016   6.5519831272591883E-030  -1.5175002776601592E-031   2.7263020877442334E-032   6.4552186320445818E-030   2.5313106794895946E-031   7.1480683461871330E-030   3.1727287338433576E-016
   2.6876227178162922E-015   2.2637450310481640E-016  -7.9017574405024749E-016  -3.5850369413938759E-006   2.4672226731129192E-005  -2.4010051790985525E-015  -1.9986407000911355E-016   8.1393149706031232E-016   9.7064614204380829E-007  -5.1682321226492211E-016   2.9560074049061969E-016   5.7015664463608150E-016  -6.6116980198216270E-016  -5.0524494034529171E-016  -9.1976247292991068E-017   5.7796046741574812E-016   7.8286408707261510E-016   3.1727287338433576E-016   2.0000012589839753     
