  0.29232378383371665        7.2491726603983116E-018  -9.9451726523902796E-018   2.9410593128009638E-016  -6.9203478882237047E-017  -2.3750571107105425E-018   8.9265122694533284E-018   4.1581610758572334E-017  -1.4648778525433338E-017   2.7621868123668007E-017   2.8455086659281287E-016  0.32712069436949187        9.6370644178265895E-018   8.7899189740089804E-018  -6.1086628449406345E-016
   7.2491726603983116E-018  0.29232378383371582       -1.2913017280891810E-017   4.8813001078465414E-018   9.2443437336997093E-018   6.2766546246455371E-018   2.9190852736734230E-017  -8.6816678911564644E-018  -9.8430873201597953E-019  -5.6267584254222169E-019  -6.0124939938448396E-019  -5.5743238258805436E-018  0.32712069436949148        4.3435849535200521E-017   2.5668280285845722E-017
  -9.9451726523902796E-018  -1.2913017280891810E-017  0.29232378383371688        2.8778710683488317E-017   1.0512570362839527E-018   3.3122220540427760E-017   8.1100503297428552E-019   4.6321657614945678E-018   8.8018632867398415E-018  -5.6834227977694307E-018   6.0868923894451020E-017  -1.0056878431032035E-017  -5.4133875659022365E-018  0.32712069436949243       -1.5424902813471923E-016
   2.9410593128009638E-016   4.8813001078465414E-018   2.8778710683488317E-017  0.60839249709737897        5.0023820963216278E-015   1.5991939502533627E-016  -6.2002343552893384E-018   3.1990323721991109E-015   8.0914775996087314E-017   3.5152316965930756E-015  0.58396550933315261       -3.3091817630078504E-016   8.9421445233786188E-018  -1.0850563979530224E-016   8.3169643615873760E-003
  -6.9203478882237047E-017   9.2443437336997093E-018   1.0512570362839527E-018   5.0023820963216278E-015   4.1897971277177468E-029   1.7224047949653418E-030  -7.3491614805366335E-031   2.6587040614211516E-029   9.0556757934806534E-031   2.9484747971524409E-029   4.8029147711572768E-015  -7.7441150247358514E-017   1.0344748899659444E-017   1.1763939531697822E-018   1.2936190530271349E-015
  -2.3750571107105425E-018   6.2766546246455371E-018   3.3122220540427760E-017   1.5991939502533627E-016   1.7224047949653418E-030   2.6632747293602432E-031  -3.7102735601995399E-031   1.0000979737596062E-030   1.5070435939466986E-031   1.2418391219844883E-030   1.5424578786004483E-016  -2.6577732438791175E-018   7.0237994055915618E-018   3.7064940936887514E-017   6.6625228114397632E-016
   8.9265122694533284E-018   2.9190852736734230E-017   8.1100503297428552E-019  -6.2002343552893384E-018  -7.3491614805366335E-031  -3.7102735601995399E-031   6.2458622862082341E-031  -2.9951885293319791E-031  -2.1683946106212764E-031  -5.7021132608243661E-031  -7.2058435541294676E-018   9.9890842051434560E-018   3.2665600763808673E-017   9.0754343024856683E-019  -1.1151053366310077E-015
   4.1581610758572334E-017  -8.6816678911564644E-018   4.6321657614945678E-018   3.1990323721991109E-015   2.6587040614211516E-029   1.0000979737596062E-030  -2.9951885293319791E-031   1.6942329927013671E-029   5.1626632370619035E-031   1.8717803862070025E-029   3.0711308476508047E-015   4.6531298979362462E-017  -9.7150946515384500E-018   5.1835579728142104E-018   5.2347678406428945E-016
  -1.4648778525433338E-017  -9.8430873201597953E-019   8.8018632867398415E-018   8.0914775996087314E-017   9.0556757934806534E-031   1.5070435939466986E-031  -2.1683946106212764E-031   5.1626632370619035E-031   8.6502381838805818E-032   6.5157029400161215E-031   7.8101152282679548E-017  -1.6392503340167515E-017  -1.1014764233969349E-018   9.8495975672697909E-018   3.8782268352104433E-016
   2.7621868123668007E-017  -5.6267584254222169E-019  -5.6834227977694307E-018   3.5152316965930756E-015   2.9484747971524409E-029   1.2418391219844883E-030  -5.7021132608243661E-031   1.8717803862070025E-029   6.5157029400161215E-031   2.0774318380820150E-029   3.3751755277470813E-015   3.0909851267988767E-017  -6.2965424811976361E-019  -6.3599519259764346E-018   1.0084292810243365E-015
   2.8455086659281287E-016  -6.0124939938448396E-019   6.0868923894451020E-017  0.58396550933315261        4.8029147711572768E-015   1.5424578786004483E-016  -7.2058435541294676E-018   3.0711308476508047E-015   7.8101152282679548E-017   3.3751755277470813E-015  0.56052179938202074       -3.1363094073302460E-016   2.6806626596300892E-018  -6.6865226328810322E-017   1.0234402632934543E-002
  0.32712069436949187       -5.5743238258805436E-018  -1.0056878431032035E-017  -3.3091817630078504E-016  -7.7441150247358514E-017  -2.6577732438791175E-018   9.9890842051434560E-018   4.6531298979362462E-017  -1.6392503340167515E-017   3.0909851267988767E-017  -3.1363094073302460E-016  0.36605967287850971       -4.5315203886920900E-018   1.1031234326892890E-017   6.2219759082600410E-016
   9.6370644178265895E-018  0.32712069436949148       -5.4133875659022365E-018   8.9421445233786188E-018   1.0344748899659444E-017   7.0237994055915618E-018   3.2665600763808673E-017  -9.7150946515384500E-018  -1.1014764233969349E-018  -6.2965424811976361E-019   2.6806626596300892E-018  -4.5315203886920900E-018  0.36605967287850993        5.8718865002509862E-017   4.0680707014702612E-017
   8.7899189740089804E-018   4.3435849535200521E-017  0.32712069436949243       -1.0850563979530224E-016   1.1763939531697822E-018   3.7064940936887514E-017   9.0754343024856683E-019   5.1835579728142104E-018   9.8495975672697909E-018  -6.3599519259764346E-018  -6.6865226328810322E-017   1.1031234326892890E-017   5.8718865002509862E-017  0.36605967287851071       -1.0271068477324181E-016
  -6.1086628449406345E-016   2.5668280285845722E-017  -1.5424902813471923E-016   8.3169643615873760E-003   1.2936190530271349E-015   6.6625228114397632E-016  -1.1151053366310077E-015   5.2347678406428945E-016   3.8782268352104433E-016   1.0084292810243365E-015   1.0234402632934543E-002   6.2219759082600410E-016   4.0680707014702612E-017  -1.0271068477324181E-016   2.0010863614714554     
