  0.41525346181495071        4.2409584416307211E-016  -8.3588599366843375E-017   1.2807974286122895E-016  0.63471083475226997       -2.3954769374709417E-016   8.7088539504898144E-017   2.4635214396731926E-016  -6.0300928793536537E-016  -4.5886914130384047E-018   3.5001600571614039E-017   7.9597631359589161E-018  -2.5616720255977829E-017  -1.0218714673562100E-018   1.7535085455540146E-017
   4.2409584416307211E-016  0.41525346181495271        2.2495670419769159E-016  -2.3812613111337755E-017   3.5568268707923678E-016  0.63471083475227186        6.4348754189730295E-016   1.3385311053526584E-017  -4.1197814021001616E-017  -3.0822397542026256E-018  -9.2011628066401864E-020  -9.7668516756887185E-020  -2.9949979135860222E-018   1.0493220204982239E-021  -3.6476701482142540E-018
  -8.3588599366843375E-017   2.2495670419769159E-016  0.41525346181495315        2.2091000595114574E-016  -1.4573710077278590E-016   5.0402695526367142E-017  0.63471083475227197       -1.3540559869417218E-016  -7.6304264795326083E-016   2.0143707280864992E-017   3.2882854139681826E-017   1.0692476177300245E-017   2.9127318264203777E-018   1.7354313694309097E-020   5.0965616715171794E-017
   1.2807974286122895E-016  -2.3812613111337755E-017   2.2091000595114574E-016  0.63894601453997524       -4.1741564571203497E-017  -6.5882515834777024E-017   3.2240410498839248E-016  0.58538266957340390       -4.2006071549494130E-003  -5.3774121517722411E-015   4.5216824542057844E-018   3.6915490300116273E-019  -5.4008665849334000E-015   2.8845061532671198E-018  -5.4669885695828689E-015
  0.63471083475226997        3.5568268707923678E-016  -1.4573710077278590E-016  -4.1741564571203497E-017  0.97014927218463232       -8.1329393089926705E-016   1.0562839665440027E-016   1.6185028441293605E-016   5.8940079435403743E-016  -7.0137697214142933E-018   5.3499602434078750E-017   1.2166419714777106E-017  -3.9154905118003974E-017  -1.5619204936194360E-018   2.6802205761978843E-017
  -2.3954769374709417E-016  0.63471083475227186        5.0402695526367142E-017  -6.5882515834777024E-017  -8.1329393089926705E-016  0.97014927218463332        5.3503513739675684E-016  -6.3147877268843385E-018   6.1658868128327471E-017  -4.7111731681802132E-018  -1.4063886909388390E-019  -1.4928536785423083E-019  -4.5778248723199202E-018   1.6038783942806073E-021  -5.5754279676679024E-018
   8.7088539504898144E-017   6.4348754189730295E-016  0.63471083475227197        3.2240410498839248E-016   1.0562839665440027E-016   5.3503513739675684E-016  0.97014927218463243       -2.1966138324899392E-016  -5.0029817442375407E-016   3.0789458581179559E-017   5.0261119338567628E-017   1.6343344737935788E-017   4.4520819667008753E-018   2.6525897901788174E-020   7.7900444195131061E-017
   2.4635214396731926E-016   1.3385311053526584E-017  -1.3540559869417218E-016  0.58538266957340390        1.6185028441293605E-016  -6.3147877268843385E-018  -2.1966138324899392E-016  0.53631698435026065        8.2716289587069235E-007  -4.9316459720361126E-015   4.6682458829036691E-018   5.1074127569426818E-019  -4.9532777435233821E-015   2.6437948736549988E-018  -5.0135169079271252E-015
  -6.0300928793536537E-016  -4.1197814021001616E-017  -7.6304264795326083E-016  -4.2006071549494130E-003   5.8940079435403743E-016   6.1658868128327471E-017  -5.0029817442375407E-016   8.2716289587069235E-007   2.0016380690020927       -2.5783947915927291E-015   2.7328939949691600E-016   8.9713681900621053E-017  -2.6528815099536011E-015   5.5257816751221467E-019  -2.4757723064616180E-015
  -4.5886914130384047E-018  -3.0822397542026256E-018   2.0143707280864992E-017  -5.3774121517722411E-015  -7.0137697214142933E-018  -4.7111731681802132E-018   3.0789458581179559E-017  -4.9316459720361126E-015  -2.5783947915927291E-015   4.8670798416133718E-029  -3.9375193332840878E-031  -1.1982866675152796E-031   4.8965056103466993E-029  -2.5010401388326667E-032   4.9292696659279397E-029
   3.5001600571614039E-017  -9.2011628066401864E-020   3.2882854139681826E-017   4.5216824542057844E-018   5.3499602434078750E-017  -1.4063886909388390E-019   5.0261119338567628E-017   4.6682458829036691E-018   2.7328939949691600E-016  -3.9375193332840878E-031   4.2907823405178796E-032   1.3770969677155416E-032  -4.0724704575793469E-031   1.3697566579823310E-035  -3.7614755984088489E-031
   7.9597631359589161E-018  -9.7668516756887185E-020   1.0692476177300245E-017   3.6915490300116273E-019   1.2166419714777106E-017  -1.4928536785423083E-019   1.6343344737935788E-017   5.1074127569426818E-019   8.9713681900621053E-017  -1.1982866675152796E-031   1.3770969677155416E-032   4.4493881325303083E-033  -1.2403455024114484E-031   8.1430889463584854E-036  -1.1408922127709946E-031
  -2.5616720255977829E-017  -2.9949979135860222E-018   2.9127318264203777E-018  -5.4008665849334000E-015  -3.9154905118003974E-017  -4.5778248723199202E-018   4.4520819667008753E-018  -4.9532777435233821E-015  -2.6528815099536011E-015   4.8965056103466993E-029  -4.0724704575793469E-031  -1.2403455024114484E-031   4.9264738005842887E-029  -2.5086572216324235E-032   4.9584038239124029E-029
  -1.0218714673562100E-018   1.0493220204982239E-021   1.7354313694309097E-020   2.8845061532671198E-018  -1.5619204936194360E-018   1.6038783942806073E-021   2.6525897901788174E-020   2.6437948736549988E-018   5.5257816751221467E-019  -2.5010401388326667E-032   1.3697566579823310E-035   8.1430889463584854E-036  -2.5086572216324235E-032   1.5700619005611149E-035  -2.5438813516534027E-032
   1.7535085455540146E-017  -3.6476701482142540E-018   5.0965616715171794E-017  -5.4669885695828689E-015   2.6802205761978843E-017  -5.5754279676679024E-018   7.7900444195131061E-017  -5.0135169079271252E-015  -2.4757723064616180E-015   4.9292696659279397E-029  -3.7614755984088489E-031  -1.1408922127709946E-031   4.9584038239124029E-029  -2.5438813516534027E-032   4.9935821430517086E-029
