  0.33243375104829209       -1.2987838524566558E-018   5.4231566792272290E-017   2.8005652773149268E-017  0.43377824951212701       -1.5531196120854885E-017   1.8890641727391695E-016  -1.0973679065825941E-016   1.0759565820743196E-018   2.6862323556114054E-018  -2.1541710217090855E-017   4.2944622284142374E-018   1.5053738713567801E-017  -5.3704188104750816E-018   1.3978076065035034E-017
  -1.2987838524566558E-018  0.33243375104829209        9.6629518622770829E-017   9.7484280105767193E-017  -4.0978324610900363E-017  0.43377824951212701        7.7728260749107086E-017   2.6053089074874723E-016   7.7131616409287176E-017  -3.5669655462140260E-017   4.5614356913903990E-018   1.6040280158472807E-016  -4.1836480093508986E-018   7.6737384685884283E-017  -6.7894182673728836E-016
   5.4231566792272290E-017   9.6629518622770829E-017  0.33243375104829093        6.9547757918171838E-016   1.5771866415601354E-016   1.1872917290526685E-016  0.43377824951212651       -9.6374342996112339E-017  -1.1751231616023277E-016   2.3292346256257431E-017  -9.4891820183010490E-018  -1.1247738563766049E-016  -3.8086019494270808E-018  -1.1156886266380486E-016  -3.9378636168002100E-016
   2.8005652773149268E-017   9.7484280105767193E-017   6.9547757918171838E-016  0.62031134702993374       -1.7250747048006308E-016   3.9190133013887095E-018   1.2561927777880529E-015  0.58468193534527768        4.1314209398599025E-015   4.2767480989635884E-018   1.4532603752965912E-017   4.4211308887549992E-015   1.2249179593813911E-017   4.0707298218094274E-015   3.0742525703477226E-003
  0.43377824951212701       -4.0978324610900363E-017   1.5771866415601354E-016  -1.7250747048006308E-016  0.56601824921943900       -7.1521203311627179E-017   3.5995625064245007E-016  -3.3975763461921936E-016   1.4039686441315802E-018   3.5051470114738402E-018  -2.8108834677588890E-017   5.6036557725043367E-018   1.9642964672488319E-017  -7.0076244166220885E-018   3.4112741405993685E-016
  -1.5531196120854885E-017  0.43377824951212701        1.1872917290526685E-016   3.9190133013887095E-018  -7.1521203311627179E-017  0.56601824921943900        9.1831924009522595E-017   2.2590332207853704E-016   1.0064566982911764E-016  -4.6543771979458760E-017   5.9520177576253404E-018   2.0930259418261272E-016  -5.4590591489234864E-018   1.0013125411067567E-016   5.7563351542099180E-016
   1.8890641727391695E-016   7.7728260749107086E-017  0.43377824951212651        1.2561927777880529E-015   3.5995625064245007E-016   9.1831924009522595E-017  0.56601824921943966        2.0321343613162804E-016  -1.5333667727587552E-016   3.0393163011303182E-017  -1.2382018228355644E-017  -1.4676681684019622E-016  -4.9696779629062316E-018  -1.4558132498205053E-016  -3.0688476956995282E-016
  -1.0973679065825941E-016   2.6053089074874723E-016  -9.6374342996112339E-017  0.58468193534527768       -3.3975763461921936E-016   2.2590332207853704E-016   2.0321343613162804E-016  0.55110333399901790        3.8960992170367447E-015   4.1310366021860454E-018   1.3519691196198456E-017   4.1690118962899895E-015   1.1526232491135380E-017   3.8388066335625980E-015   5.8413845681079719E-003
   1.0759565820743196E-018   7.7131616409287176E-017  -1.1751231616023277E-016   4.1314209398599025E-015   1.4039686441315802E-018   1.0064566982911764E-016  -1.5333667727587552E-016   3.8960992170367447E-015   2.8479830451271729E-029   5.7649651594198069E-032   1.9708537215562128E-032   3.0355211129738026E-029   7.3151248944099304E-032   2.8033444112231273E-029   1.3656251215688542E-015
   2.6862323556114054E-018  -3.5669655462140260E-017   2.3292346256257431E-017   4.2767480989635884E-018   3.5051470114738402E-018  -4.6543771979458760E-017   3.0393163011303182E-017   4.1310366021860454E-018   5.7649651594198069E-032   7.8170203239642017E-033  -5.3407860903675596E-033   4.7469165465103453E-032  -5.9135124980441488E-035   5.5619777699206541E-032   6.7961906356906073E-017
  -2.1541710217090855E-017   4.5614356913903990E-018  -9.4891820183010490E-018   1.4532603752965912E-017  -2.8108834677588890E-017   5.9520177576253404E-018  -1.2382018228355644E-017   1.3519691196198456E-017   1.9708537215562128E-032  -5.3407860903675596E-033   9.4027474548161696E-033   3.3743955740392845E-032   1.6030586094221807E-034   2.2127645110019041E-032  -1.2106861337452712E-016
   4.2944622284142374E-018   1.6040280158472807E-016  -1.1247738563766049E-016   4.4211308887549992E-015   5.6036557725043367E-018   2.0930259418261272E-016  -1.4676681684019622E-016   4.1690118962899895E-015   3.0355211129738026E-029   4.7469165465103453E-032   3.3743955740392845E-032   3.2392550925088654E-029   7.8614532312152497E-032   2.9883577377998280E-029   1.2603773146088678E-015
   1.5053738713567801E-017  -4.1836480093508986E-018  -3.8086019494270808E-018   1.2249179593813911E-017   1.9642964672488319E-017  -5.4590591489234864E-018  -4.9696779629062316E-018   1.1526232491135380E-017   7.3151248944099304E-032  -5.9135124980441488E-035   1.6030586094221807E-034   7.8614532312152497E-032   1.1065864238803510E-033   7.1989088189633228E-032  -1.3114172066768248E-017
  -5.3704188104750816E-018   7.6737384685884283E-017  -1.1156886266380486E-016   4.0707298218094274E-015  -7.0076244166220885E-018   1.0013125411067567E-016  -1.4558132498205053E-016   3.8388066335625980E-015   2.8033444112231273E-029   5.5619777699206541E-032   2.2127645110019041E-032   2.9883577377998280E-029   7.1989088189633228E-032   2.7594993225798064E-029   1.3058798471267848E-015
   1.3978076065035034E-017  -6.7894182673728836E-016  -3.9378636168002100E-016   3.0742525703477226E-003   3.4112741405993685E-016   5.7563351542099180E-016  -3.0688476956995282E-016   5.8413845681079719E-003   1.3656251215688542E-015   6.7961906356906073E-017  -1.2106861337452712E-016   1.2603773146088678E-015  -1.3114172066768248E-017   1.3058798471267848E-015   2.0012711830094445     
