  0.40777262280514803       -4.5689251134207116E-017  -1.8774117471324785E-017   1.0711010788420377E-016  -6.0725127494860142E-018  -1.8987602218122950E-018  -2.0547398066150923E-017  -5.5558224736764212E-017  -3.2577799273892098E-017   2.6440481833341615E-017   7.8701123989334011E-017  0.29753056642725545       -2.0133575140188349E-017  -6.9884702249344074E-017   3.9759965785456596E-016  -1.2549310429898876E-002  -9.6340124522385211E-016   1.7927294006268031E-016  -5.6370140173246251E-016
  -4.5689251134207116E-017  0.40777262280514909        6.3567221725394656E-018   2.3847043064999390E-016  -7.0054840580536930E-017  -3.1972430636402983E-017  -7.5968844778990547E-018  -7.1470490050585943E-017  -3.3925437780824846E-018  -1.0205366396830770E-016   2.0016366408574789E-016  -1.3511569168451516E-016  0.29753056642725512       -2.7294145419438047E-016   2.6336755550132507E-016   5.9839558413154276E-016  -1.2549310429898954E-002   2.4808245066318894E-017   5.8182263570104969E-017
  -1.8774117471324785E-017   6.3567221725394656E-018  0.40777262280515170       -6.5945660371462421E-016  -9.2348281124746752E-018   6.7790322612841084E-017   3.0568899146091937E-018   4.7789216735345552E-017   3.5992378788768351E-017  -2.9987240706355415E-017  -6.9229214265005284E-016   9.7785415414692035E-018  -1.5530762326662152E-016  0.29753056642725517        1.1468280860694497E-015   5.2430896397105058E-016  -5.8296134681336971E-016  -1.2549310429898115E-002   3.4653736474297515E-016
   1.0711010788420377E-016   2.3847043064999390E-016  -6.5945660371462421E-016  0.56524197602354698       -7.3302064144849641E-015   3.6612432639363845E-017  -4.6862881434072873E-016  -6.8172502862924260E-016   2.5328625813522738E-017  -7.5434695212583743E-016  0.59669234291002216       -8.4149907376994091E-017   4.3088723350362295E-016  -3.6240027289777279E-016  -5.2044815248734264E-003   6.2804627398505079E-017  -5.7773739033406107E-016  -5.3952959889076137E-016   9.9918357030303728E-004
  -6.0725127494860142E-018  -7.0054840580536930E-017  -9.2348281124746752E-018  -7.3302064144849641E-015   1.2828216346983384E-028  -5.4039853419592520E-030   2.6593612585443233E-030   1.7476474718850991E-029   5.9665639810930897E-031   2.3943960965509519E-029  -7.8098650030598961E-015  -3.9538961717422280E-018  -5.1334869543786231E-017  -6.6785728323218909E-018  -8.0419190143330060E-015   8.7265691926824032E-016  -3.9937284274650656E-016   1.0932517229341923E-016  -2.6409462247125773E-016
  -1.8987602218122950E-018  -3.1972430636402983E-017   6.7790322612841084E-017   3.6612432639363845E-017  -5.4039853419592520E-030   2.2182515460541098E-030   1.0183365878335179E-030  -2.0663911189481817E-030  -3.7557601501986806E-031  -2.2576209595180359E-030   4.9950242149175994E-017  -9.7923623665518556E-019  -2.3027697517001919E-017   4.9015937427844345E-017   1.2279683429039510E-015   7.4316569217220472E-016   5.5152045913946403E-016  -8.2012740686948848E-016   1.1743333250052744E-015
  -2.0547398066150923E-017  -7.5968844778990547E-018   3.0568899146091937E-018  -4.6862881434072873E-016   2.6593612585443233E-030   1.0183365878335179E-030   1.0742156001837459E-030  -7.3557297557245883E-031  -5.1066932123493150E-031  -8.1438541792965749E-031  -4.8677434476655666E-016  -1.4672356754157918E-017  -5.4387964788465254E-018   1.9932386595093348E-018   8.9709716322705527E-016   5.8608606185206243E-016   1.9096665353682167E-016  -4.3406908232988263E-016   9.2037306515994978E-017
  -5.5558224736764212E-017  -7.1470490050585943E-017   4.7789216735345552E-017  -6.8172502862924260E-016   1.7476474718850991E-029  -2.0663911189481817E-030  -7.3557297557245883E-031   3.9845476472618715E-030   7.0094388314659856E-031   4.8952120101001563E-030  -7.3956350000604878E-016  -4.1000896493988792E-017  -5.1919296518690916E-017   3.5077218039448500E-017  -2.2219434311431456E-015  -8.4521200218718975E-016   4.2117917980159583E-016   3.7887518245936729E-016  -5.4580172038066710E-016
  -3.2577799273892098E-017  -3.3925437780824846E-018   3.5992378788768351E-017   2.5328625813522738E-017   5.9665639810930897E-031  -3.7557601501986806E-031  -5.1066932123493150E-031   7.0094388314659856E-031   7.8491323611061644E-031   3.0962266701867371E-031   2.3926171189338366E-017  -2.4261013652939572E-017  -2.4172895217309543E-018   2.6549171704264837E-017  -3.4308328521686254E-016  -8.9667483284683034E-016   1.0634809099215391E-016   5.2467142824778831E-016   5.8790382109851184E-016
   2.6440481833341615E-017  -1.0205366396830770E-016  -2.9987240706355415E-017  -7.5434695212583743E-016   2.3943960965509519E-029  -2.2576209595180359E-030  -8.1438541792965749E-031   4.8952120101001563E-030   3.0962266701867371E-031   7.4625622370777142E-030  -8.2717852589929742E-016   1.9533433257759055E-017  -7.4141409904440718E-017  -2.1725491009403795E-017  -3.4610772143418773E-015   4.4041922834990179E-016   5.9197580153500280E-016   2.8383994086783732E-016  -5.1744521783573815E-016
   7.8701123989334011E-017   2.0016366408574789E-016  -6.9229214265005284E-016  0.59669234291002216       -7.8098650030598961E-015   4.9950242149175994E-017  -4.8677434476655666E-016  -7.3956350000604878E-016   2.3926171189338366E-017  -8.2717852589929742E-016  0.63005010029870379       -1.1300000283328275E-016   4.1308731112727229E-016  -3.9307205376003113E-016   1.2283066017591054E-002  -2.5993687925641661E-016   3.4240940785964171E-017  -4.3090344638531367E-017   1.8026197166990340E-003
  0.29753056642725545       -1.3511569168451516E-016   9.7785415414692035E-018  -8.4149907376994091E-017  -3.9538961717422280E-018  -9.7923623665518556E-019  -1.4672356754157918E-017  -4.1000896493988792E-017  -2.4261013652939572E-017   1.9533433257759055E-017  -1.1300000283328275E-016  0.21709324438282740       -8.8376674255689941E-017  -3.4483433898496785E-017   3.8511704903082672E-016  -8.0632473152453376E-003   1.0026762042243435E-015  -8.1082973338469247E-017   2.8337301682876492E-016
  -2.0133575140188349E-017  0.29753056642725512       -1.5530762326662152E-016   4.3088723350362295E-016  -5.1334869543786231E-017  -2.3027697517001919E-017  -5.4387964788465254E-018  -5.1919296518690916E-017  -2.4172895217309543E-018  -7.4141409904440718E-017   4.1308731112727229E-016  -8.8376674255689941E-017  0.21709324438282634       -3.1547709122442353E-016  -3.1273653860181308E-016  -2.1470642101327714E-016  -8.0632473152462414E-003  -2.6221882174793089E-016  -9.0841641778237176E-017
  -6.9884702249344074E-017  -2.7294145419438047E-016  0.29753056642725517       -3.6240027289777279E-016  -6.6785728323218909E-018   4.9015937427844345E-017   1.9932386595093348E-018   3.5077218039448500E-017   2.6549171704264837E-017  -2.1725491009403795E-017  -3.9307205376003113E-016  -3.4483433898496785E-017  -3.1547709122442353E-016  0.21709324438282504       -6.8000241155518599E-016  -5.2990081492693131E-016   5.6222447148714567E-016  -8.0632473152481860E-003  -3.0102856812166725E-016
   3.9759965785456596E-016   2.6336755550132507E-016   1.1468280860694497E-015  -5.2044815248734264E-003  -8.0419190143330060E-015   1.2279683429039510E-015   8.9709716322705527E-016  -2.2219434311431456E-015  -3.4308328521686254E-016  -3.4610772143418773E-015   1.2283066017591054E-002   3.8511704903082672E-016  -3.1273653860181308E-016  -6.8000241155518599E-016   2.0104533579990069       -2.3868619025437272E-016   6.1145901838522644E-017  -6.1227250329269593E-017  -5.3686011116460394E-005
  -1.2549310429898876E-002   5.9839558413154276E-016   5.2430896397105058E-016   6.2804627398505079E-017   8.7265691926824032E-016   7.4316569217220472E-016   5.8608606185206243E-016  -8.4521200218718975E-016  -8.9667483284683034E-016   4.4041922834990179E-016  -2.5993687925641661E-016  -8.0632473152453376E-003  -2.1470642101327714E-016  -5.2990081492693131E-016  -2.3868619025437272E-016   2.0005914478653000       -1.8609867896751212E-016  -6.6270090273643526E-016   9.9799212734727789E-017
  -9.6340124522385211E-016  -1.2549310429898954E-002  -5.8296134681336971E-016  -5.7773739033406107E-016  -3.9937284274650656E-016   5.5152045913946403E-016   1.9096665353682167E-016   4.2117917980159583E-016   1.0634809099215391E-016   5.9197580153500280E-016   3.4240940785964171E-017   1.0026762042243435E-015  -8.0632473152462414E-003   5.6222447148714567E-016   6.1145901838522644E-017  -1.8609867896751212E-016   2.0005914478652955       -9.1952533560277298E-016  -7.7301095488585741E-017
   1.7927294006268031E-016   2.4808245066318894E-017  -1.2549310429898115E-002  -5.3952959889076137E-016   1.0932517229341923E-016  -8.2012740686948848E-016  -4.3406908232988263E-016   3.7887518245936729E-016   5.2467142824778831E-016   2.8383994086783732E-016  -4.3090344638531367E-017  -8.1082973338469247E-017  -2.6221882174793089E-016  -8.0632473152481860E-003  -6.1227250329269593E-017  -6.6270090273643526E-016  -9.1952533560277298E-016   2.0005914478653062       -1.0723710580256826E-016
  -5.6370140173246251E-016   5.8182263570104969E-017   3.4653736474297515E-016   9.9918357030303728E-004  -2.6409462247125773E-016   1.1743333250052744E-015   9.2037306515994978E-017  -5.4580172038066710E-016   5.8790382109851184E-016  -5.1744521783573815E-016   1.8026197166990340E-003   2.8337301682876492E-016  -9.0841641778237176E-017  -3.0102856812166725E-016  -5.3686011116460394E-005   9.9799212734727789E-017  -7.7301095488585741E-017  -1.0723710580256826E-016   2.0000607987662740     
