  0.43463255610649987        1.6775081050674560E-016   2.0897503012370264E-016   8.5526143810051963E-016  -5.3995843570818311E-017  -8.0840491857273086E-018  -3.8715558404087373E-017  -2.6199501129204860E-017   9.4855700930245980E-017  -3.9001746765637395E-017  -3.8991879185363864E-016  0.41143343573809121        2.1803425641046793E-016   5.2862217085228454E-016  -1.0199236978684899E-015  -4.9053580127253775E-003   2.0314107892212776E-016  -8.5526138760903671E-016   1.2859535292307322E-017
   1.6775081050674560E-016  0.43463255610649842        1.6223083102684035E-016   1.0642256797421039E-016  -1.4741469027998577E-017  -1.6726292281439024E-018  -8.4476205917552773E-018   3.9541931433308929E-017   3.7079557819724056E-018   5.1875949261805042E-017  -4.4743374102976426E-017   8.1201861852718183E-017  0.41143343573809077        6.4302472056685295E-017   4.4234939566855586E-017  -9.1592941121866285E-017  -4.9053580127257461E-003   5.3661751846786721E-017   4.2997026138808485E-017
   2.0897503012370264E-016   1.6223083102684035E-016  0.43463255610649665        5.7298990047524589E-016  -4.3952468249402524E-017  -3.2521733373668043E-017   4.3151380660651922E-017  -1.4289052408230770E-016   4.8875318822014678E-017  -3.3813633244624882E-016  -4.9167580851669902E-016   6.2855915847310655E-019   2.0460731669649340E-016  0.41143343573809044       -3.2022055568528594E-016  -5.6373855887252186E-016  -4.4964020497685424E-016  -4.9053580127249256E-003  -2.9384961943158317E-016
   8.5526143810051963E-016   1.0642256797421039E-016   5.7298990047524589E-016  0.59367909943786079        2.1235278479040972E-015   2.6334414852212071E-016  -8.0862167183214041E-016  -8.3145812158946179E-016   1.0774828584947554E-016  -4.1819239997217264E-016  0.60460103932289067        4.7907513754985677E-016   1.3033389188543454E-016   1.0467537003646991E-015  -9.6187045456321354E-003  -3.2462685435217513E-016   5.7221718375592185E-016   1.4366518696511013E-015   3.7886916086259234E-004
  -5.3995843570818311E-017  -1.4741469027998577E-017  -4.3952468249402524E-017   2.1235278479040972E-015   1.2154222480839908E-029   3.3357183832023538E-031  -4.2933691367539010E-030  -1.4778766895346289E-030  -5.7544301850254853E-031  -2.3314027761046088E-030   2.1802899235883068E-015  -5.0945538902969426E-017  -1.3848803205339333E-017  -4.2200709074100923E-017   2.0966286868916204E-015  -2.4883081483761273E-016  -1.5676245934214412E-016   8.8178476656534097E-016  -1.9257335204764759E-015
  -8.0840491857273086E-018  -1.6726292281439024E-018  -3.2521733373668043E-017   2.6334414852212071E-016   3.3357183832023538E-031   5.6919300069504541E-031   7.4721554336022390E-032  -8.9533767829412806E-031  -1.4491981591238493E-031   4.2836467677667295E-031   2.6327625882738084E-016  -7.5973265623701140E-018  -1.0832391084076262E-018  -3.0686679650327807E-017  -5.7227007145067726E-016  -8.1807104886741547E-017  -7.4164039927282337E-016  -1.4668720531517442E-016   1.5104433661718830E-017
  -3.8715558404087373E-017  -8.4476205917552773E-018   4.3151380660651922E-017  -8.0862167183214041E-016  -4.2933691367539010E-030   7.4721554336022390E-032   1.8707670063710301E-030   5.4095489148878883E-031  -6.8784438564068212E-032   1.1239044464321832E-030  -8.3013151570666827E-016  -3.6962811897489222E-017  -7.5874616966643936E-018   4.0867222916793402E-017  -7.7841821485987943E-016   4.6572549346407421E-016  -6.0682571530946444E-016  -2.8823270107127381E-017   5.5997197924182967E-016
  -2.6199501129204860E-017   3.9541931433308929E-017  -1.4289052408230770E-016  -8.3145812158946179E-016  -1.4778766895346289E-030  -8.9533767829412806E-031   5.4095489148878883E-031   2.3014421391485380E-030   7.6475231026596568E-032  -9.7939687364429110E-032  -8.3470247423002461E-016  -2.5034249242493384E-017   3.7208127087854551E-017  -1.3532600740200873E-016   1.4067561752817982E-015   3.4610363247817422E-016   3.3055453972317055E-016   9.4247328620236292E-017  -3.3251166723865483E-017
   9.4855700930245980E-017   3.7079557819724056E-018   4.8875318822014678E-017   1.0774828584947554E-016  -5.7544301850254853E-031  -1.4491981591238493E-031  -6.8784438564068212E-032   7.6475231026596568E-032   8.7120572565796586E-031  -4.0748324861506453E-031   1.1205082903167399E-016   8.9554482639715096E-017   3.1975048373729448E-018   4.6805948255912212E-017   2.3051816460485911E-016   3.5212193828180039E-016   4.6344199390092904E-016  -8.0050231129906870E-016   7.8594142355855317E-016
  -3.9001746765637395E-017   5.1875949261805042E-017  -3.3813633244624882E-016  -4.1819239997217264E-016  -2.3314027761046088E-030   4.2836467677667295E-031   1.1239044464321832E-030  -9.7939687364429110E-032  -4.0748324861506453E-031   1.3966770828822749E-030  -4.3423856490135491E-016  -3.6934388147756648E-017   4.9661914434969110E-017  -3.1995242538900423E-016  -9.4991228664021643E-016   2.1816199247476752E-017  -8.2352040329106759E-016  -1.9699158362971824E-016  -1.7421527761984354E-016
  -3.8991879185363864E-016  -4.4743374102976426E-017  -4.9167580851669902E-016  0.60460103932289067        2.1802899235883068E-015   2.6327625882738084E-016  -8.3013151570666827E-016  -8.3470247423002461E-016   1.1205082903167399E-016  -4.3423856490135491E-016  0.61587499717570959       -7.0291747210558893E-016  -1.3624542579450948E-017   4.6154597062615214E-017   7.6165169736464467E-003   1.5338678239606378E-016  -5.1462512740218610E-017  -3.4491112244030105E-015   1.1719563694403833E-003
  0.41143343573809121        8.1201861852718183E-017   6.2855915847310655E-019   4.7907513754985677E-016  -5.0945538902969426E-017  -7.5973265623701140E-018  -3.6962811897489222E-017  -2.5034249242493384E-017   8.9554482639715096E-017  -3.6934388147756648E-017  -7.0291747210558893E-016  0.38947351014452219        1.3311574497969527E-016   3.1243960323146346E-016  -5.9679396669469179E-016  -5.9919931363459087E-003  -1.7808707573855079E-016   2.0691278263299168E-016  -5.2584026631398056E-017
   2.1803425641046793E-016  0.41143343573809077        2.0460731669649340E-016   1.3033389188543454E-016  -1.3848803205339333E-017  -1.0832391084076262E-018  -7.5874616966643936E-018   3.7208127087854551E-017   3.1975048373729448E-018   4.9661914434969110E-017  -1.3624542579450948E-017   1.3311574497969527E-016  0.38947351014452264        1.0888759395741543E-016  -1.6671362519031231E-016   2.6158620725034044E-017  -5.9919931363458844E-003  -2.4994375262521968E-016  -3.9043345979810312E-017
   5.2862217085228454E-016   6.4302472056685295E-017  0.41143343573809044        1.0467537003646991E-015  -4.2200709074100923E-017  -3.0686679650327807E-017   4.0867222916793402E-017  -1.3532600740200873E-016   4.6805948255912212E-017  -3.1995242538900423E-016   4.6154597062615214E-017   3.1243960323146346E-016   1.0888759395741543E-016  0.38947351014452358       -9.4005065726022340E-016   3.9017605906569393E-016   3.0380427487029554E-016  -5.9919931363458974E-003  -4.2674365451512559E-017
  -1.0199236978684899E-015   4.4234939566855586E-017  -3.2022055568528594E-016  -9.6187045456321354E-003   2.0966286868916204E-015  -5.7227007145067726E-016  -7.7841821485987943E-016   1.4067561752817982E-015   2.3051816460485911E-016  -9.4991228664021643E-016   7.6165169736464467E-003  -5.9679396669469179E-016  -1.6671362519031231E-016  -9.4005065726022340E-016   2.0109624730128561        2.1827449192217992E-016  -1.8012920231062139E-016  -1.4650635529301820E-015  -5.4633230791488382E-005
  -4.9053580127253775E-003  -9.1592941121866285E-017  -5.6373855887252186E-016  -3.2462685435217513E-016  -2.4883081483761273E-016  -8.1807104886741547E-017   4.6572549346407421E-016   3.4610363247817422E-016   3.5212193828180039E-016   2.1816199247476752E-017   1.5338678239606378E-016  -5.9919931363459087E-003   2.6158620725034044E-017   3.9017605906569393E-016   2.1827449192217992E-016   1.9998144772014723        6.1200393191688851E-017   1.2694108398554963E-016   7.8271275150973481E-018
   2.0314107892212776E-016  -4.9053580127257461E-003  -4.4964020497685424E-016   5.7221718375592185E-016  -1.5676245934214412E-016  -7.4164039927282337E-016  -6.0682571530946444E-016   3.3055453972317055E-016   4.6344199390092904E-016  -8.2352040329106759E-016  -5.1462512740218610E-017  -1.7808707573855079E-016  -5.9919931363458844E-003   3.0380427487029554E-016  -1.8012920231062139E-016   6.1200393191688851E-017   1.9998144772014663       -5.4312577442452556E-016   1.0205406658741640E-016
  -8.5526138760903671E-016   5.3661751846786721E-017  -4.9053580127249256E-003   1.4366518696511013E-015   8.8178476656534097E-016  -1.4668720531517442E-016  -2.8823270107127381E-017   9.4247328620236292E-017  -8.0050231129906870E-016  -1.9699158362971824E-016  -3.4491112244030105E-015   2.0691278263299168E-016  -2.4994375262521968E-016  -5.9919931363458974E-003  -1.4650635529301820E-015   1.2694108398554963E-016  -5.4312577442452556E-016   1.9998144772014625        1.4652519466074651E-016
   1.2859535292307322E-017   4.2997026138808485E-017  -2.9384961943158317E-016   3.7886916086259234E-004  -1.9257335204764759E-015   1.5104433661718830E-017   5.5997197924182967E-016  -3.3251166723865483E-017   7.8594142355855317E-016  -1.7421527761984354E-016   1.1719563694403833E-003  -5.2584026631398056E-017  -3.9043345979810312E-017  -4.2674365451512559E-017  -5.4633230791488382E-005   7.8271275150973481E-018   1.0205406658741640E-016   1.4652519466074651E-016   2.0000679084750130     
