  0.32183162044285146       -9.6461629961442558E-017  -1.0960531257043726E-016   3.5416574422276150E-016  -3.1935021253878968E-017  -1.1849294822065730E-017   6.6020703044551831E-018  -2.0319402651179041E-017   1.3193685854310874E-017  -1.3853155141377949E-017   1.9998193095282263E-016  0.18816951876336618       -1.0026697213729318E-016  -8.4938442088599858E-017   2.4039150769548250E-017  -1.3908647125700092E-002  -2.9503268401284583E-016   1.4533022496726811E-016   3.7323434373234735E-018
  -9.6461629961442558E-017  0.32183162044284780        5.5931366840650597E-017   2.4454766549707109E-016  -1.0156342181635567E-016  -2.3033865726131844E-017   3.9500391499696356E-018  -8.4396418217129862E-017  -1.2299413186645172E-017  -8.9335253357757717E-017  -1.1442609485944267E-016  -5.6163467889340452E-017  0.18816951876336538       -9.5764149666275165E-018   2.9123928162778776E-016  -2.2611964072960234E-016  -1.3908647125698063E-002   3.1242429094648604E-016   8.9616495620635878E-017
  -1.0960531257043726E-016   5.5931366840650597E-017  0.32183162044284719       -1.6065593703865481E-016  -1.2104773679606547E-016  -3.2380711007945428E-018  -1.1574471485042965E-017  -9.9801899509723988E-017   2.4776461278713543E-017  -4.7293112962833162E-017  -2.4645181371781434E-016  -5.3261983987039712E-017   1.4688540527237706E-017  0.18816951876336616        6.6961911183324213E-016  -6.3061976146975044E-016  -3.7495748648263966E-016  -1.3908647125699993E-002   5.4237903909401714E-016
   3.5416574422276150E-016   2.4454766549707109E-016  -1.6065593703865481E-016  0.53126182948231637       -5.4961514949468719E-016  -1.0602678195529705E-016   3.6635712941490411E-016  -4.3662584481630848E-016  -2.0941133242958523E-016  -3.9738836521559649E-018  0.58570274249444176       -5.5587708536663551E-017  -1.5454304846945418E-016  -3.3331228816311058E-016  -5.7194233418643645E-003  -1.5853963751974610E-016   1.2377196818378098E-017  -1.4849520466539254E-015   1.0149326780546236E-003
  -3.1935021253878968E-017  -1.0156342181635567E-016  -1.2104773679606547E-016  -5.4961514949468719E-016   1.3292347694541753E-030   1.1550636428981712E-031  -5.9966566818400395E-031   8.9906218125045927E-031   1.8913313685566721E-031  -1.0267586840021942E-030  -6.0620695837247050E-016  -1.7962501971535161E-017  -5.9353174353214263E-017  -7.1134268854163787E-017  -3.2879238591990124E-017   1.0034519624567562E-015   4.5701470182535039E-017  -5.0289073793560154E-016   3.0616086154204259E-016
  -1.1849294822065730E-017  -2.3033865726131844E-017  -3.2380711007945428E-018  -1.0602678195529705E-016   1.1550636428981712E-031   3.9827439100113194E-031   1.6308427322515744E-031   4.7458693340511812E-031   1.7206687548532713E-031  -8.9225949003068459E-031  -1.2461490134024125E-016  -6.9726514592847575E-018  -1.3651188685996731E-017  -1.8771402887159615E-018  -8.1049749032710671E-016  -6.2446967997323208E-017  -2.5847074988977646E-016   2.2890701962122998E-017   1.5063690467811042E-016
   6.6020703044551831E-018   3.9500391499696356E-018  -1.1574471485042965E-017   3.6635712941490411E-016  -5.9966566818400395E-031   1.6308427322515744E-031   1.2518015902489349E-030  -1.8373505761577539E-031   3.8551184751702578E-031  -2.0849165614061618E-031   3.9988431767934222E-016   3.3615214473288606E-018   1.8027926174349534E-018  -7.3334250981335246E-018  -4.0831078365249332E-016  -7.0461927626418760E-016  -7.1599069553614083E-016  -7.9908626980572270E-016  -4.3151175580624776E-016
  -2.0319402651179041E-017  -8.4396418217129862E-017  -9.9801899509723988E-017  -4.3662584481630848E-016   8.9906218125045927E-031   4.7458693340511812E-031  -1.8373505761577539E-031   1.9945220353132233E-030  -5.8019830448646437E-032  -1.8243323719641051E-030  -4.9182107137609190E-016  -1.1128483029285277E-017  -4.9611648019244055E-017  -5.8269021904648548E-017  -1.0567022320047523E-015   1.0630753305599015E-015  -3.7279893276479286E-016   1.2221823814447556E-016  -8.7145623323998185E-016
   1.3193685854310874E-017  -1.2299413186645172E-017   2.4776461278713543E-017  -2.0941133242958523E-016   1.8913313685566721E-031   1.7206687548532713E-031   3.8551184751702578E-031  -5.8019830448646437E-032   5.9575130352005938E-031  -1.2240600753229874E-031  -2.3355433066249286E-016   7.3555826908796976E-018  -7.1845678459056192E-018   1.3908362110667129E-017  -2.8242602737615008E-016  -5.0705850002745628E-016   9.9842112787888616E-018  -8.1759453239163409E-016   1.2890270753264747E-016
  -1.3853155141377949E-017  -8.9335253357757717E-017  -4.7293112962833162E-017  -3.9738836521559649E-018  -1.0267586840021942E-030  -8.9225949003068459E-031  -2.0849165614061618E-031  -1.8243323719641051E-030  -1.2240600753229874E-031   4.0636240478504382E-030   1.5099505798238980E-017  -9.2834347793523054E-018  -5.1713677722834924E-017  -2.7255159807296470E-017   2.0507767970336822E-015  -1.6715717754787845E-015   7.3721024469449750E-016   5.6190502707887775E-016  -4.8081505623601260E-016
   1.9998193095282263E-016  -1.1442609485944267E-016  -2.4645181371781434E-016  0.58570274249444176       -6.0620695837247050E-016  -1.2461490134024125E-016   3.9988431767934222E-016  -4.9182107137609190E-016  -2.3355433066249286E-016   1.5099505798238980E-017  0.64590704465523752       -1.7638073098426534E-016  -4.0068149086231644E-016  -4.2336870335097996E-016   1.2944642936961211E-002   1.1292727282343733E-016  -6.2155802860126673E-016   2.0784524727338866E-015   1.7789024519518479E-003
  0.18816951876336618       -5.6163467889340452E-017  -5.3261983987039712E-017  -5.5587708536663551E-017  -1.7962501971535161E-017  -6.9726514592847575E-018   3.3615214473288606E-018  -1.1128483029285277E-017   7.3555826908796976E-018  -9.2834347793523054E-018  -1.7638073098426534E-016  0.11002054532348411       -5.7578992058301643E-017  -4.2200733294124078E-017  -3.9588412370297066E-016  -6.7161846713557818E-003   7.9881320562842540E-016   9.0332009536762164E-016   7.7814470638336320E-017
  -1.0026697213729318E-016  0.18816951876336538        1.4688540527237706E-017  -1.5454304846945418E-016  -5.9353174353214263E-017  -1.3651188685996731E-017   1.8027926174349534E-018  -4.9611648019244055E-017  -7.1845678459056192E-018  -5.1713677722834924E-017  -4.0068149086231644E-016  -5.7578992058301643E-017  0.11002054532348442       -1.6063829177175468E-017  -3.7435356445206758E-016   1.7976453350072050E-016  -6.7161846713562606E-003  -2.3123770055285510E-017  -1.2559389938552229E-016
  -8.4938442088599858E-017  -9.5764149666275165E-018  0.18816951876336616       -3.3331228816311058E-016  -7.1134268854163787E-017  -1.8771402887159615E-018  -7.3334250981335246E-018  -5.8269021904648548E-017   1.3908362110667129E-017  -2.7255159807296470E-017  -4.2336870335097996E-016  -4.2200733294124078E-017  -1.6063829177175468E-017  0.11002054532348556       -1.4504605153401239E-015   4.1903254149055200E-016   8.3108305215971041E-017  -6.7161846713548173E-003  -6.5589654912167142E-016
   2.4039150769548250E-017   2.9123928162778776E-016   6.6961911183324213E-016  -5.7194233418643645E-003  -3.2879238591990124E-017  -8.1049749032710671E-016  -4.0831078365249332E-016  -1.0567022320047523E-015  -2.8242602737615008E-016   2.0507767970336822E-015   1.2944642936961211E-002  -3.9588412370297066E-016  -3.7435356445206758E-016  -1.4504605153401239E-015   2.0101619645025539       -2.8186456383989181E-016  -4.1891852181401630E-016   7.1768824115119483E-016  -2.7636471841041334E-005
  -1.3908647125700092E-002  -2.2611964072960234E-016  -6.3061976146975044E-016  -1.5853963751974610E-016   1.0034519624567562E-015  -6.2446967997323208E-017  -7.0461927626418760E-016   1.0630753305599015E-015  -5.0705850002745628E-016  -1.6715717754787845E-015   1.1292727282343733E-016  -6.7161846713557818E-003   1.7976453350072050E-016   4.1903254149055200E-016  -2.8186456383989181E-016   2.0008378311598674        2.8514077296864387E-016  -7.2062756252850626E-017   7.1416759277034854E-017
  -2.9503268401284583E-016  -1.3908647125698063E-002  -3.7495748648263966E-016   1.2377196818378098E-017   4.5701470182535039E-017  -2.5847074988977646E-016  -7.1599069553614083E-016  -3.7279893276479286E-016   9.9842112787888616E-018   7.3721024469449750E-016  -6.2155802860126673E-016   7.9881320562842540E-016  -6.7161846713562606E-003   8.3108305215971041E-017  -4.1891852181401630E-016   2.8514077296864387E-016   2.0008378311598660        8.2937420730492016E-016  -3.0002970330435228E-016
   1.4533022496726811E-016   3.1242429094648604E-016  -1.3908647125699993E-002  -1.4849520466539254E-015  -5.0289073793560154E-016   2.2890701962122998E-017  -7.9908626980572270E-016   1.2221823814447556E-016  -8.1759453239163409E-016   5.6190502707887775E-016   2.0784524727338866E-015   9.0332009536762164E-016  -2.3123770055285510E-017  -6.7161846713548173E-003   7.1768824115119483E-016  -7.2062756252850626E-017   8.2937420730492016E-016   2.0008378311598620        3.3659605208559994E-016
   3.7323434373234735E-018   8.9616495620635878E-017   5.4237903909401714E-016   1.0149326780546236E-003   3.0616086154204259E-016   1.5063690467811042E-016  -4.3151175580624776E-016  -8.7145623323998185E-016   1.2890270753264747E-016  -4.8081505623601260E-016   1.7789024519518479E-003   7.7814470638336320E-017  -1.2559389938552229E-016  -6.5589654912167142E-016  -2.7636471841041334E-005   7.1416759277034854E-017  -3.0002970330435228E-016   3.3659605208559994E-016   2.0000471552360510     
