 7.2170410125110707E-005 -4.8857567556539770E-018  1.2212466568919469E-016 -7.8757347513446929E-017 -4.8449779901758947E-005  9.9667552863636931E-005  7.0802095140641754E-003 -2.9465732868797152E-004  2.3124819079059388E-016 -1.0911856645370411E-016 -2.3684503445757786E-016 -2.0314287927964911E-016  1.6244010452639662E-016  1.6481474427404848E-016  2.3650184699768177E-005 -3.4483532815053750E-016  3.1081020227088476E-015  9.7695664337382873E-016 -4.3227050479680500E-004  1.3513047346078963E-004 -1.2887493519796330E-004  2.4777259369291362E-004 -7.7045177821000665E-004  1.8449791110449661E-004 -7.6035979173576554E-017 -4.1978035245489430E-017 -7.9467157602743901E-017 -2.5560042360438152E-006  7.9901696366638222E-007 -7.6201982653689532E-007  1.4650643938908149E-006 -4.5556659751346784E-006  1.0909398418853229E-006 -4.4867187708612626E-003  1.4025764743221870E-003 -1.3376472258374455E-003  2.5717366543978027E-003 -7.9968452963671780E-003  1.9149821164650392E-003  5.1037330526239235E-018 -3.5878979745015220E-018 -2.4365068773858832E-018  2.9582418131542525E-018  2.4987893716343271E-019  3.8940112618617021E-018 -1.3420497504073640E-017  7.2731249305528020E-019 -4.5319118236825866E-018 -6.2330140920287520E-018
-4.8857567556539770E-018  1.1412020934679013E-002  6.8189337916791312E-002 -6.5032769036070165E-002 -7.1196365735756384E-017  4.8372500917035448E-016 -3.0400786046888478E-015 -1.0464040302129111E-014  1.0709847345288183E-002  6.4209720210319648E-002 -6.1237308631722533E-002 -2.2971603036971797E-003 -1.3874301188070710E-002  1.3232017589794016E-002 -3.6730107436101865E-016  3.0171118487881581E-003 -2.4944439365423934E-003  2.3789750971275319E-003  4.5788375490550430E-016 -1.1669227779010884E-016  7.6912855230321924E-017 -1.5712347561483725E-016  2.4616798047334749E-017  1.0064117121385792E-016 -2.0042906117908966E-005 -1.0732634084722582E-004  1.0235820973541903E-004 -7.1062154860999155E-017  2.1973816499681181E-018 -4.3791294805068483E-019 -6.2896092914990828E-017  2.1148918583629660E-018 -6.3544850828915066E-017  3.3437205614751231E-015 -1.3834861664923929E-015  8.1026890223261427E-016 -3.0748213575125728E-015  3.8360907452294594E-016 -1.2107383495850307E-016  1.1969491703452060E-005  2.4994231480921709E-005 -2.3837180883960028E-005 -8.6715184841385242E-006  1.5637142169200389E-005 -7.3872397797448475E-006  8.9695787130039572E-006  4.1457277684186612E-005 -3.7028184121574302E-005 -1.3133244735190016E-005
 1.2212466568919469E-016  6.8189337916791312E-002  4.0766302838909407E-001 -3.8878617358058892E-001 -4.9597857205328117E-016  3.0979484193947710E-015  2.4071575515087768E-015 -4.7606820264959385E-016  6.4209799224592509E-002  3.8383512166615641E-001 -3.6609572762041637E-001 -1.3874333980788734E-002 -8.2921281496717625E-002  7.9105127447603840E-002  2.2245678509000001E-016 -2.4944409838115241E-003 -1.1478202856487207E-002  1.4222254513543146E-002  8.1370844746796618E-016 -8.0638601691143364E-017  7.8736668538811860E-017  8.6269680253440437E-016 -3.2560500774961126E-016  7.2849181457786771E-016 -1.0732616485437763E-004 -6.4372064021361733E-004  6.1192928430575796E-004 -3.9798520829867420E-016  1.5629554135252550E-018  5.7178256037808193E-018 -3.9253919912104803E-016 -2.0954875668762734E-017 -3.8340515586308920E-016 -2.6676935101245989E-017 -1.8375778344086696E-015  7.4410845435510114E-016  4.5255542879430779E-016 -2.5081006886194995E-015  5.1556628124594318E-016  6.0569736990440256E-005  1.5481757524202621E-004 -1.4686676471180440E-004 -4.4234691199684244E-005  7.8853659033858260E-005 -3.7028138379440223E-005  5.0491868772593147E-005  2.5220519908267746E-004 -2.2255952578310810E-004 -7.8514633279197705E-005
-7.8757347513446929E-017 -6.5032769036070165E-002 -3.8878617358058892E-001  3.7079468190202092E-001  4.5786925870708914E-016 -2.9054154859118863E-015  1.5440232296086323E-015  4.6585809450148983E-015 -6.1237448109236772E-002 -3.6609611095521505E-001  3.4911809378301767E-001  1.3232073873729062E-002  7.9105276960599227E-002 -7.5419635542177468E-002 -7.6276813259011457E-015  2.3789701151938707E-003  1.4222241565228302E-002 -1.0129528040133159E-002 -9.1782540686215528E-016 -1.2624977504770328E-016 -3.3430973238127343E-017 -5.9638218980160941E-016 -5.5995821912303049E-017 -7.7657538853260959E-016  1.0235790293490443E-004  6.1192845354372393E-004 -5.8569264321358576E-004  3.7271687139270725E-016  3.4172965414295392E-018 -2.1090206587151411E-018  3.7711677399244959E-016  1.9473008918763034E-017  3.6729445181474403E-016 -1.4095629286431768E-015 -3.7752620178773979E-016 -3.1532879686606443E-016  1.8140069654947809E-015 -1.3792527331835302E-015 -1.3111748555588924E-015 -5.7765889073367946E-005 -1.4686698699559411E-004  1.4089005971305263E-004  4.1457598694105359E-005 -7.5243361371532996E-005  3.6043474160092998E-005 -5.1140664086376007E-005 -2.3777176183688328E-004  2.1547938779146254E-004  7.2211357222857825E-005
-4.8449779901758947E-005 -7.1196365735756384E-017 -4.9597857205328117E-016  4.5786925870708914E-016  9.5553460056253630E-005 -1.1942738114762509E-004  4.2972933826729270E-003 -1.0668498301871695E-004 -7.4343458580652774E-017 -4.5618318249499790E-016  5.2082429167050730E-016  1.1381583959148335E-017  8.7799633600674285E-017 -1.6743989719113308E-016  1.6885218886553009E-006  6.8356322985149804E-016  1.0993590968927267E-015 -3.3444713996300145E-016  5.8301255294506739E-004 -1.8225454355816546E-004  1.7381703028429067E-004 -3.3417800339212222E-004  1.0391240854782156E-003 -2.4883454955278080E-004  2.2432853239374582E-016  1.6468470412964349E-016 -3.1484995356467289E-016 -1.7321587421499993E-006  5.4150058352474170E-007 -5.1643737153822631E-007  9.9288038592556238E-007 -3.0872569547990710E-006  7.3927835621840396E-007  6.0879808299793975E-003 -1.9031530681754268E-003  1.8150457237129014E-003 -3.4895803211468244E-003  1.0850825338742646E-002 -2.5984005088317197E-003 -4.2041852841043476E-018  6.7005975158508018E-018  2.6292490246634186E-018 -1.9221297906547357E-018  1.1325113088892801E-019  5.5461451668732185E-019  1.4729201437477466E-017  4.9658943801721959E-018  4.1920325778839144E-018  6.7563448638098265E-018
 9.9667552863636931E-005  4.8372500917035448E-016  3.0979484193947710E-015 -2.9054154859118863E-015 -1.1942738114762509E-004  1.8140705471631359E-004  2.2401716479029427E-003 -5.3860850176646669E-005  6.7762165404652222E-016  2.6940828684149194E-015 -2.9520154913760186E-015 -2.7859389307183974E-016 -4.3509347336352856E-016  7.7213155541799403E-016 -2.4553621861815480E-007 -2.7567813592053602E-015  1.9122596371118273E-015  3.8631672497208921E-015 -8.4097550922484696E-004  2.6290059861957041E-004 -2.5072844684543492E-004  4.8204609549479081E-004 -1.4988964458380481E-003  3.5892941373041865E-004 -5.0354918818870901E-016 -2.6174977720113265E-016  3.2913374894713831E-016 -6.5564733720331671E-007  2.0491463133756202E-007 -1.9542820714962435E-007  3.7573889843095721E-007 -1.1687747679573579E-006  2.7990843855166787E-007 -8.7593775921740516E-003  2.7383028599785200E-003 -2.6115202486979893E-003  5.0208639319255163E-003 -1.5612106939925789E-002  3.7385136602491229E-003  6.8198009610439708E-018 -7.7394672222574188E-018 -4.2310062893642482E-018  4.3423213955520396E-018 -1.0775298756729924E-018  3.6008083534451204E-018 -2.4817224626687295E-017 -1.9579546452653813E-018 -5.9898111342629023E-018 -1.1950968905281448E-017
 7.0802095140641754E-003 -3.0400786046888478E-015  2.4071575515087768E-015  1.5440232296086323E-015  4.2972933826729270E-003  2.2401716479029427E-003  1.9968192852360864E+000 -1.8229125320565198E-004  4.6021876499602315E-014 -3.8795862678582590E-014 -1.1816024010697310E-014 -4.2919304701388898E-014  3.6041883715694144E-014  1.2295687115054097E-014 -2.9598404816763048E-005  3.8122860757685314E-015  1.7941932510835228E-015 -3.3740068765916542E-015 -3.7200740919057920E-004  1.1629053906425112E-004 -1.1090753272699193E-004  2.1322897522845833E-004 -6.6304398555035724E-004  1.5877843410509621E-004  5.0946201254490150E-016  1.5769365246591937E-016 -2.7033621903290915E-016 -7.4510894264321888E-004  2.3292595342684763E-004 -2.2214300854345783E-004  4.2708866597674901E-004 -1.3280353799206266E-003  3.1802027660926297E-004  1.4004825242052137E-003 -4.3780285464076283E-004  4.1753488007836165E-004 -8.0274508745520974E-004  2.4961292874001897E-003 -5.9773743632019882E-004  3.3004206861661280E-016 -7.2519172616191194E-017  1.0998285584600135E-017  4.5972852216138426E-016 -1.8088508489068231E-017  7.7332808129889876E-016 -1.7943409769436970E-016  1.3971000085153852E-016 -3.8489601039426389E-016  1.8326231807008904E-016
-2.9465732868797152E-004 -1.0464040302129111E-014 -4.7606820264959385E-016  4.6585809450148983E-015 -1.0668498301871695E-004 -5.3860850176646669E-005 -1.8229125320565198E-004  2.0000260003115020E+000  1.2117677456728028E-013 -2.5016584609529623E-014 -4.0694292590713559E-014 -1.1495814800770688E-013  2.5557295527607498E-014  3.7962177804839468E-014  7.3730373539252630E-007  6.5702896336891204E-015  2.4749467327547039E-016 -1.9090104920029448E-015  3.9851637937807155E-005 -1.2457961078173469E-005  1.1881220879566035E-005 -2.2842631535744875E-005  7.1028978328446777E-005 -1.7009006360050594E-005  4.1923999515390852E-016 -1.4195326503410958E-016  4.3368338992938442E-017  4.8329012258119640E-005 -1.5108026568375523E-005  1.4408597370569679E-005 -2.7701758929998352E-005  8.6138529984965291E-005 -2.0627253444911180E-005  2.2232886615320077E-004 -6.9502168687303614E-005  6.6284516559140342E-005 -1.2743738523991464E-004  3.9626431523282033E-004 -9.4891480926767590E-005  3.8012594260498971E-016 -4.1233036196013926E-016  2.9327734923739770E-016  4.5711588972648829E-016  4.0770520562059740E-017 -2.4022891342898258E-016 -3.4384948513884524E-016  4.3970046909312319E-018  3.2075218227179786E-016 -8.4408850614080543E-016
 2.3124819079059388E-016  1.0709847345288183E-002  6.4209799224592509E-002 -6.1237448109236772E-002 -7.4343458580652774E-017  6.7762165404652222E-016  4.6021876499602315E-014  1.2117677456728028E-013  1.0271200470571430E-002  6.0455267535838200E-002 -5.7656657991480988E-002 -2.3087486748857204E-003 -1.3070082119196910E-002  1.2465028289757128E-002  1.0309495172153401E-014 -1.7660942202237906E-002  9.0583056434766847E-004 -8.6389170216462667E-004 -1.3905731439378249E-015  5.1419563492113398E-016 -8.3145788651261800E-016  2.8375376243664181E-015 -2.6959603250235614E-016 -1.0676744964313661E-015  6.7342296721643438E-006 -1.2956480493459018E-004  1.2356727140013608E-004 -4.7522117584199501E-017  9.9782389121103526E-019  1.5864075364374717E-017 -8.0895315125424741E-017 -4.8222187320532010E-017 -4.8122132843919021E-017 -1.5703132468194996E-014  5.1831079247915430E-015 -8.7530564514683267E-015  2.8287936510395720E-014 -2.4681066989897954E-015 -1.2389065299557884E-014  5.7507775433637647E-007  2.9617558336478323E-005 -2.8246485708796628E-005 -4.0598166435106338E-007  4.9128764459285819E-007 -3.6556610712098206E-007  7.1359598994411300E-006  4.3721472883488630E-005 -3.9191453189689190E-005 -1.1534374421428908E-005
-1.0911856645370411E-016  6.4209720210319648E-002  3.8383512166615641E-001 -3.6609611095521505E-001 -4.5618318249499790E-016  2.6940828684149194E-015 -3.8795862678582590E-014 -2.5016584609529623E-014  6.0455267535838200E-002  3.6157875409391560E-001 -3.4468905731006405E-001 -1.3070096940168741E-002 -7.8259424442015016E-002  7.4519734558539566E-002  5.3928743236939946E-015  9.0583584457823896E-004 -1.2397149922051532E-002 -5.1645910733167976E-003  7.9634928459016679E-016  1.4257211450670208E-015  4.0734385766131626E-016  9.2377799961348711E-016  1.4868958395094158E-015  5.2045409688915232E-016 -1.2956451519952473E-004 -7.4617204000141323E-004  7.3872363170549341E-004 -3.2820959345441405E-016 -3.2154800000739940E-017 -1.5995367719836931E-017 -3.9200484799877607E-016 -6.2340095497402070E-018 -3.7048912212605399E-016  3.8943519617228236E-016  1.3943737160288803E-014  4.2361977948827028E-015  1.9414614847868564E-015  1.5983019871484067E-014 -1.4599156498901040E-015  6.0424926743146351E-005  1.4908556813679136E-004 -1.4624962593176892E-004 -4.1877181578308574E-005  7.8815387169024458E-005 -3.9191364666427946E-005  5.8900143653996991E-005  2.3876378293773086E-004 -2.2810840320239604E-004 -6.8955981297213781E-005
-2.3684503445757786E-016 -6.1237308631722533E-002 -3.6609572762041637E-001  3.4911809378301767E-001  5.2082429167050730E-016 -2.9520154913760186E-015 -1.1816024010697310E-014 -4.0694292590713559E-014 -5.7656657991480988E-002 -3.4468905731006405E-001  3.2889138646712102E-001  1.2465052934917505E-002  7.4519797392212414E-002 -7.1192543078703166E-002  6.7057453944557856E-014 -8.6390085758945422E-004 -5.1646156999176247E-003 -1.2886949062943668E-002 -5.3615369326482389E-016  5.3364589001954744E-016  6.2581506520682560E-016 -1.7886315005922292E-015  1.8362730280676399E-015  1.7346460282739446E-016  1.2356676291485022E-004  7.3872224428066593E-004 -6.7611991391838757E-004  3.8419077310739656E-016 -2.7104142466662389E-017 -2.6443749839928025E-017  3.4435441841053684E-016  1.0833582897971222E-017  3.2442075087040242E-016  1.6631269599266371E-015  6.5223638773286241E-015  6.7166629069770519E-015 -1.0679391569092336E-014  1.8292573703722594E-014  8.2315940309166865E-015 -5.7627717982490440E-005 -1.4624968440436699E-004  1.3521643119545693E-004  4.3721675501568517E-005 -7.4959716972843154E-005  3.3594021381288989E-005 -4.0686062216462312E-005 -2.4201798283806522E-004  2.0083576492356401E-004  7.9605176507440833E-005
-2.0314287927964911E-016 -2.2971603036971797E-003 -1.3874333980788734E-002  1.3232073873729062E-002  1.1381583959148335E-017 -2.7859389307183974E-016 -4.2919304701388898E-014 -1.1495814800770688E-013 -2.3087486748857204E-003 -1.3070096940168741E-002  1.2465052934917505E-002  5.7005451541723348E-004  2.8429224034828863E-003 -2.7113149070085766E-003 -1.0383616124826421E-014  1.3246016032817906E-002 -2.9757812121555039E-003  2.8380226471254591E-003  1.3767367606734377E-015 -5.2822002235429633E-016  7.1612048494010386E-016 -2.6187454666578194E-015  2.2363850832423983E-016  1.1616193395708846E-015 -1.0528637653901354E-005  4.9326045935484876E-005 -4.7042769478125187E-005  3.0034209643707408E-019 -1.1162524739320109E-018 -1.2052963126599683E-017  3.0976046948750751E-017  4.1819253804581760E-017  1.2875069205298658E-018  1.4478691239500273E-014 -5.4461468733981534E-015  7.5270873333429711E-015 -2.7030523203597815E-014  2.1189949675764624E-015  1.2488356671487792E-014  4.5523155346889074E-006 -1.0153990880905982E-005  9.6839386048154204E-006 -3.3053738775202524E-006  6.1271024493006747E-006 -2.8021983166375527E-006 -1.2274646623939722E-006 -1.3103154374508351E-005  1.1800807536096571E-005  2.5485329629470313E-006
 1.6244010452639662E-016 -1.3874301188070710E-002 -8.2921281496717625E-002  7.9105276960599227E-002  8.7799633600674285E-017 -4.3509347336352856E-016  3.6041883715694144E-014  2.5557295527607498E-014 -1.3070082119196910E-002 -7.8259424442015016E-002  7.4519797392212414E-002  2.8429224034828863E-003  1.7090350534056491E-002 -1.6209047688763856E-002 -4.9888073870518954E-015 -2.9757825747906848E-003 -4.0463253129594638E-003  1.6966543145170192E-002 -2.8110904208094103E-016 -1.2510843975547949E-015 -4.7268394318970770E-016 -2.1341080457209020E-016 -1.4019992831822937E-015  3.4708360751977147E-017  4.9325960635593187E-005  2.7610748244777806E-004 -2.8123683696521542E-004  4.6322300361381142E-017  2.7093308154149383E-017  1.8414197847536094E-017  9.4702992871452038E-017 -1.2182185837073418E-017  8.0885494801587841E-017 -1.5111702950483883E-015 -1.2827731000066479E-014 -4.9070988942900731E-015 -7.1752358493973972E-016 -1.4463425080747238E-014  2.0800896644581294E-015 -1.6755097788678520E-005 -3.9116818761890544E-005  4.0442975098322267E-005  1.0678545828168379E-005 -2.1916837433907313E-005  1.1800776747951719E-005 -1.9868061242250420E-005 -6.0884037817323012E-005  6.5772620074729796E-005  1.5235868586977532E-005
 1.6481474427404848E-016  1.3232017589794016E-002  7.9105127447603840E-002 -7.5419635542177468E-002 -1.6743989719113308E-016  7.7213155541799403E-016  1.2295687115054097E-014  3.7962177804839468E-014  1.2465028289757128E-002  7.4519734558539566E-002 -7.1192543078703166E-002 -2.7113149070085766E-003 -1.6209047688763856E-002  1.5553195564368839E-002 -6.2409757273889157E-014  2.8380250375722249E-003  1.6966549664562802E-002 -2.4373495233886672E-003 -3.6460947567747011E-017 -5.6790443694620664E-016 -5.8993023232807512E-016  1.0884112592210646E-015 -1.7073135932264252E-015 -6.0226700247704392E-016 -4.7042621495839846E-005 -2.8123643911415810E-004  2.4943832831001556E-004 -1.0580960766347489E-016  2.8294826212393318E-017  2.0723385787656325E-017 -6.5606589071866385E-017  4.8184347480819988E-018 -5.0061883150741351E-017 -1.4844731334194892E-015 -6.1950154132247209E-015 -6.3028457131031006E-015  9.4066748225533000E-015 -1.7601106800463596E-014 -7.8159618983612122E-015  1.5979453033296628E-005  4.0442956166443402E-005 -3.5281510464968645E-005 -1.3103171474112126E-005  2.0742425796262018E-005 -8.3355144623026036E-006  6.9984308979488069E-006  6.9104677962278122E-005 -4.9832336501518673E-005 -2.5210300575727079E-005
 2.3650184699768177E-005 -3.6730107436101865E-016  2.2245678509000001E-016 -7.6276813259011457E-015  1.6885218886553009E-006 -2.4553621861815480E-007 -2.9598404816763048E-005  7.3730373539252630E-007  1.0309495172153401E-014  5.3928743236939946E-015  6.7057453944557856E-014 -1.0383616124826421E-014 -4.9888073870518954E-015 -6.2409757273889157E-014  1.9999997324096497E+000 -2.7849253393288069E-015  2.3421002333122667E-015  1.1077412945385068E-015  3.1880345896210173E-006 -9.9661039260127388E-007  9.5047185763050224E-007 -1.8273594130902254E-006  5.6821430349423879E-006 -1.3606751536920648E-006 -6.5001098587020531E-017 -1.5054508530431033E-017 -8.1827025553053071E-017  4.8397142171893481E-007 -1.5129201831056271E-007  1.4428829821960075E-007 -2.7740652976665349E-007  8.6260104045873777E-007 -2.0656490501498668E-007  3.3706188405900485E-005 -1.0536878000448847E-005  1.0049066385354892E-005 -1.9320151354372277E-005  6.0075692557981161E-005 -1.4386037022461798E-005  1.7085296709432631E-015 -1.6423278886874873E-016  8.7725852052343963E-016  1.5122365591375115E-015  4.1810377159040563E-017  8.0243907163490717E-016 -7.7487007655403251E-016  5.9158952264503011E-016 -1.0528389456507541E-016  9.3969551141815348E-016
-3.4483532815053750E-016  3.0171118487881581E-003 -2.4944409838115241E-003  2.3789701151938707E-003  6.8356322985149804E-016 -2.7567813592053602E-015  3.8122860757685314E-015  6.5702896336891204E-015 -1.7660942202237906E-002  9.0583584457823896E-004 -8.6390085758945422E-004  1.3246016032817906E-002 -2.9757825747906848E-003  2.8380250375722249E-003 -2.7849253393288069E-015  1.9986016151502088E+000  2.6050158960505153E-004 -2.4844246024420346E-004 -8.5588983635492483E-016  2.6364956716326194E-016 -1.0540377376604041E-015  8.5975476673760572E-016  3.1264503409498733E-016 -6.8403456779400171E-016 -3.9077968929626161E-005  9.6520890368576038E-006 -9.2052751692447178E-006 -6.2432814774025047E-017  8.5065149778538498E-016 -5.2728704245607590E-016 -1.4066740426123021E-017  2.4768539765767631E-016 -5.2920764322708640E-016  4.2078086311439095E-016 -7.0365006098694589E-017 -3.0289753836661202E-016 -4.4290193376639080E-015 -3.2030403743127815E-016 -2.7045239988716292E-015  1.1024320994710939E-003 -3.5709611261277734E-004  3.4056543273056891E-004 -7.9967296234575882E-004  1.4645659427634766E-003 -6.7939490664751276E-004  1.9869438943303426E-004 -8.6578067147177748E-005  9.0519615698144451E-005 -1.8931100496093054E-004
 3.1081020227088476E-015 -2.4944439365423934E-003 -1.1478202856487207E-002  1.4222241565228302E-002  1.0993590968927267E-015  1.9122596371118273E-015  1.7941932510835228E-015  2.4749467327547039E-016  9.0583056434766847E-004 -1.2397149922051532E-002 -5.1646156999176247E-003 -2.9757812121555039E-003 -4.0463253129594638E-003  1.6966549664562802E-002  2.3421002333122667E-015  2.6050158960505153E-004  2.0001153989310860E+000 -1.4852651336852707E-003 -4.5827008070957841E-015  5.3986750352441644E-016  1.6014707345578017E-015  2.5879709165698679E-015 -4.0595943371714680E-016  9.5164261803467823E-016  9.6520879567990589E-006  1.7010641316326146E-005 -5.5031939851541667E-005 -1.1368288310580082E-015  5.5601726663860394E-016  8.0224596621337921E-016  9.5530387812001790E-016  4.1448023708275938E-016  5.2083973077182866E-016 -1.5220771186639731E-015 -1.1076577915733763E-015 -2.3986474410438374E-015 -6.6007576591776480E-015 -2.1367744810816090E-015  1.5718471190350070E-015  1.9660578398040369E-004  1.0042785165659666E-003 -5.0161554773013063E-004 -3.5429403757998834E-004  2.4189434012534842E-004  9.0519698931474632E-005 -6.3422165016031287E-004  2.0200315614419440E-003 -1.5338088293623438E-004 -1.1317604749301465E-003
 9.7695664337382873E-016  2.3789750971275319E-003  1.4222254513543146E-002 -1.0129528040133159E-002 -3.3444713996300145E-016  3.8631672497208921E-015 -3.3740068765916542E-015 -1.9090104920029448E-015 -8.6389170216462667E-004 -5.1645910733167976E-003 -1.2886949062943668E-002  2.8380226471254591E-003  1.6966543145170192E-002 -2.4373495233886672E-003  1.1077412945385068E-015 -2.4844246024420346E-004 -1.4852651336852707E-003  1.9999745507034368E+000  2.4341614944398490E-015 -4.5937338822010279E-017  4.0005786885249258E-016  2.8256785756623975E-015 -1.6620723896938884E-015 -2.6422734172082434E-015 -9.2052729925016926E-006 -5.5031932997462717E-005  1.1791947959179327E-005 -1.0986528423861328E-015 -9.8609034025327003E-017  7.0590098271703665E-016  4.5601340531017702E-016 -1.5936074516517123E-016 -1.1117756972002375E-015  5.8847296314580624E-016  4.5946260127396668E-016 -2.7118903453409787E-015 -1.7003571520595695E-015 -9.3415511639420463E-016  2.2000511663490568E-015 -1.8750468459755417E-004 -5.0161553151614378E-004  9.5671009389568945E-004 -8.6578080917917383E-005 -2.5393669175529358E-004  3.3814201343281870E-004 -1.1328681585736221E-003 -3.2122727256704120E-004  2.0215176587837459E-003 -4.7366092897749073E-004
-4.3227050479680500E-004  4.5788375490550430E-016  8.1370844746796618E-016 -9.1782540686215528E-016  5.8301255294506739E-004 -8.4097550922484696E-004 -3.7200740919057920E-004  3.9851637937807155E-005 -1.3905731439378249E-015  7.9634928459016679E-016 -5.3615369326482389E-016  1.3767367606734377E-015 -2.8110904208094103E-016 -3.6460947567747011E-017  3.1880345896210173E-006 -8.5588983635492483E-016 -4.5827008070957841E-015  2.4341614944398490E-015  1.7276627687680207E-002 -1.4253262696442169E-006  1.3599084773629471E-006 -8.6379460139326420E-003 -8.9687554620601250E-006 -8.6386816737501933E-003 -1.3679115227985841E-015 -7.8179628297489366E-016 -2.5994263288271997E-017 -3.5293931480923963E-004  1.8331610732936481E-005 -1.7483154836017907E-005  1.6817685118532746E-004  2.0195775750136177E-004  1.8476246362674425E-004  1.8005781077511734E-001 -9.4153957699666127E-006  8.9813080352393913E-006 -9.0025335788209551E-002 -8.6965698165270461E-005 -9.0032474986905447E-002 -1.4370805137871605E-016  5.8253758218438810E-017 -2.5538287248917014E-017 -4.3282377554088989E-017 -1.5635346542986997E-018 -3.7725228215526412E-017  1.4674862975389028E-016 -2.4176312097165865E-017  4.2800733871260769E-017 -6.2742013169583181E-017
 1.3513047346078963E-004 -1.1669227779010884E-016 -8.0638601691143364E-017 -1.2624977504770328E-016 -1.8225454355816546E-004  2.6290059861957041E-004  1.1629053906425112E-004 -1.2457961078173469E-005  5.1419563492113398E-016  1.4257211450670208E-015  5.3364589001954744E-016 -5.2822002235429633E-016 -1.2510843975547949E-015 -5.6790443694620664E-016 -9.9661039260127388E-007  2.6364956716326194E-016  5.3986750352441644E-016 -4.5937338822010279E-017 -1.4253262696442169E-006  1.7271733573517526E-002  9.7434038225998267E-006 -7.5601005635782716E-007  8.9147678987211617E-007  2.1813363258147349E-006 -2.6367173015122910E-015 -2.8666044004259743E-016  2.0816508503232784E-015  1.8331656974992140E-005 -2.8603742588171840E-004 -1.7682114971442420E-004  1.7680541862811501E-005 -2.8859819164877592E-005 -3.6012198837660136E-005 -9.4113595972219947E-006  1.8002422179528665E-001  8.0843744502126993E-005 -7.5431329133149862E-006  1.1456631145688355E-005  1.6954492510071548E-005  6.2687153876626531E-017  6.2445526210022342E-017  1.7121309038944943E-017  3.1858622660990576E-017  1.4534713312495388E-017  2.8400310137333211E-017  6.1779806764382781E-017  1.8076160873495040E-017  5.9099804052356765E-017  2.6232387441305268E-017
-1.2887493519796330E-004  7.6912855230321924E-017  7.8736668538811860E-017 -3.3430973238127343E-017  1.7381703028429067E-004 -2.5072844684543492E-004 -1.1090753272699193E-004  1.1881220879566035E-005 -8.3145788651261800E-016  4.0734385766131626E-016  6.2581506520682560E-016  7.1612048494010386E-016 -4.7268394318970770E-016 -5.8993023232807512E-016  9.5047185763050224E-007 -1.0540377376604041E-015  1.6014707345578017E-015  4.0005786885249258E-016  1.3599084773629471E-006  9.7434038225998267E-006  1.7272657123403846E-002 -2.1393192335987174E-006 -1.0061885602824158E-006  7.7941075621919959E-007 -4.1780959077005087E-016 -1.9666593730288780E-015 -1.4848319635319728E-015 -1.7483159255071633E-005 -1.7682114503009676E-004 -3.0280529601877846E-004  3.4402824951762968E-005  3.0330510718846980E-005 -1.6919665696783225E-005  8.9796296716393160E-006  8.0842335821525532E-005  1.8003188603748513E-001 -1.6333932932501869E-005 -1.2208708281535219E-005  7.3543032607665492E-006  3.8959996160505422E-017  5.3759855692395326E-017  2.9187224177575109E-017  1.8035952940739205E-017 -1.8619008167631816E-017  1.6014233083628796E-017  8.0610949052813768E-017  1.9463491461064413E-017  5.0409828350255524E-017  6.3068934637325847E-017
 2.4777259369291362E-004 -1.5712347561483725E-016  8.6269680253440437E-016 -5.9638218980160941E-016 -3.3417800339212222E-004  4.8204609549479081E-004  2.1322897522845833E-004 -2.2842631535744875E-005  2.8375376243664181E-015  9.2377799961348711E-016 -1.7886315005922292E-015 -2.6187454666578194E-015 -2.1341080457209020E-016  1.0884112592210646E-015 -1.8273594130902254E-006  8.5975476673760572E-016  2.5879709165698679E-015  2.8256785756623975E-015 -8.6379460139326420E-003 -7.5601005635782716E-007 -2.1393192335987174E-006  1.7265653018144988E-002  4.3060095108262992E-006 -8.6277070042047252E-003  6.6932792056575216E-016  7.8625114915418521E-016  1.1157652106965087E-017  1.6817683950614925E-004  1.7680550354592316E-005  3.4402809168688549E-005 -1.7170824697881589E-004 -1.0080599316140558E-004  3.5314074694386518E-006 -9.0025337474881284E-002 -7.5420489196584335E-006 -1.6335792692913898E-005  1.7997249446694225E-001  4.2983549634032316E-005 -8.9947156992035579E-002  1.3099883647933323E-016  8.8685259181807566E-018  2.3833216525423991E-017  4.5219543454654477E-017  3.1847007864651259E-018  3.0433053585490633E-017  4.8711706270043274E-018  2.1597623631096708E-017  3.2514320614189520E-017  7.7458989374341969E-017
-7.7045177821000665E-004  2.4616798047334749E-017 -3.2560500774961126E-016 -5.5995821912303049E-017  1.0391240854782156E-003 -1.4988964458380481E-003 -6.6304398555035724E-004  7.1028978328446777E-005 -2.6959603250235614E-016  1.4868958395094158E-015  1.8362730280676399E-015  2.2363850832423983E-016 -1.4019992831822937E-015 -1.7073135932264252E-015  5.6821430349423879E-006  3.1264503409498733E-016 -4.0595943371714680E-016 -1.6620723896938884E-015 -8.9687554620601250E-006  8.9147678987211617E-007 -1.0061885602824158E-006  4.3060095108262992E-006  1.7266805116242293E-002  4.6627459506215886E-006  4.5694893478059979E-016  6.5911552390628515E-016  2.9368358833954383E-017  2.0195778019416985E-004 -2.8859837945775168E-005  3.0330457423354364E-005 -1.0080600995239730E-004 -1.2655242735456872E-004 -1.0115177024156040E-004 -8.6964483042071473E-005  1.1455925733127670E-005 -1.2213214319496420E-005  4.2980717884348543E-005  1.7996090245634225E-001  4.3983765156397622E-005 -6.6559947623886473E-019  7.8321448271608364E-017  5.9073618244521332E-017 -1.2719704422105568E-017 -7.9379468651454995E-019  8.1714153826473389E-018  1.7358270804220839E-016  7.5158142465353524E-017  6.5993663007251300E-017  1.4658930007389806E-016
 1.8449791110449661E-004  1.0064117121385792E-016  7.2849181457786771E-016 -7.7657538853260959E-016 -2.4883454955278080E-004  3.5892941373041865E-004  1.5877843410509621E-004 -1.7009006360050594E-005 -1.0676744964313661E-015  5.2045409688915232E-016  1.7346460282739446E-016  1.1616193395708846E-015  3.4708360751977147E-017 -6.0226700247704392E-016 -1.3606751536920648E-006 -6.8403456779400171E-016  9.5164261803467823E-016 -2.6422734172082434E-015 -8.6386816737501933E-003  2.1813363258147349E-006  7.7941075621919959E-007 -8.6277070042047252E-003  4.6627459506215886E-006  1.7266388677949929E-002  4.6463891900445625E-016 -3.4394790271194689E-016  5.1155591473439016E-016  1.8476247530308044E-004 -3.6012161087497908E-005 -1.6919654332669972E-005  3.5313957934534964E-006 -1.0115176434007534E-004 -1.8829387109613801E-004 -9.0032473300263094E-002  1.6957444687561683E-005  7.3544846576203756E-006 -8.9947158678653466E-002  4.3982148525522264E-005  1.7997963197888880E-001  1.2359856740234716E-017 -6.7227491828727372E-017  2.1943416917709568E-018 -1.8646565768086803E-018 -2.0914045283209809E-018  7.6883784619375880E-018 -1.5252009041492271E-016  2.6837649638994120E-018 -7.4001980964150921E-017 -1.5159976650026343E-017
-7.6035979173576554E-017 -2.0042906117908966E-005 -1.0732616485437763E-004  1.0235790293490443E-004  2.2432853239374582E-016 -5.0354918818870901E-016  5.0946201254490150E-016  4.1923999515390852E-016  6.7342296721643438E-006 -1.2956451519952473E-004  1.2356676291485022E-004 -1.0528637653901354E-005  4.9325960635593187E-005 -4.7042621495839846E-005 -6.5001098587020531E-017 -3.9077968929626161E-005  9.6520879567990589E-006 -9.2052729925016926E-006 -1.3679115227985841E-015 -2.6367173015122910E-015 -4.1780959077005087E-016  6.6932792056575216E-016  4.5694893478059979E-016  4.6463891900445625E-016  2.0000001405533974E+000  5.4133426974313156E-008 -5.1627536912235428E-008 -1.9974044992765850E-015 -4.9572157856014673E-016 -5.3751140796022103E-016  1.5286316057520409E-015 -1.0132889373361563E-016  5.1329866671972202E-016  2.9712146189672914E-016  5.1634204617664888E-015  8.1192104937712243E-016 -1.6306445844580547E-015 -5.5149980013567355E-016  3.4873534495753870E-016  1.4796974934688182E-005 -4.7781981901620821E-006  4.5569815320480717E-006 -1.0733307342038069E-005  1.9657423411895773E-005 -9.1189177348741789E-006  2.6704156042335242E-006 -1.1403254289017846E-006  1.1954596961282994E-006 -2.5466251021881689E-006
-4.1978035245489430E-017 -1.0732634084722582E-004 -6.4372064021361733E-004  6.1192845354372393E-004  1.6468470412964349E-016 -2.6174977720113265E-016  1.5769365246591937E-016 -1.4195326503410958E-016 -1.2956480493459018E-004 -7.4617204000141323E-004  7.3872224428066593E-004  4.9326045935484876E-005  2.7610748244777806E-004 -2.8123643911415810E-004 -1.5054508530431033E-017  9.6520890368576038E-006  1.7010641316326146E-005 -5.5031932997462717E-005 -7.8179628297489366E-016 -2.8666044004259743E-016 -1.9666593730288780E-015  7.8625114915418521E-016  6.5911552390628515E-016 -3.4394790271194689E-016  5.4133426974313156E-008  2.0000004551240127E+000 -3.0864441272551724E-007  1.0248748693324948E-015 -2.5130624692359972E-016 -2.7316849692474521E-015 -1.0458947342803970E-015 -3.3471450950356534E-016  3.9893307983781044E-016 -1.2430765090382286E-016  5.1514979349807159E-016  1.8451869147502929E-015 -1.8945185698264154E-016 -7.3413339509643582E-016  2.5560217759922899E-016  2.6688198635783646E-006  1.3553300973052232E-005 -6.8052167316402759E-006 -4.7760621317265983E-006  3.2858152882879412E-006  1.1954645486345098E-006 -8.4831923178786903E-006  2.7231118717332057E-005 -2.1719041620388644E-006 -1.5224568446433674E-005
-7.9467157602743901E-017  1.0235820973541903E-004  6.1192928430575796E-004 -5.8569264321358576E-004 -3.1484995356467289E-016  3.2913374894713831E-016 -2.7033621903290915E-016  4.3368338992938442E-017  1.2356727140013608E-004  7.3872363170549341E-004 -6.7611991391838757E-004 -4.7042769478125187E-005 -2.8123683696521542E-004  2.4943832831001556E-004 -8.1827025553053071E-017 -9.2052751692447178E-006 -5.5031939851541667E-005  1.1791947959179327E-005 -2.5994263288271997E-017  2.0816508503232784E-015 -1.4848319635319728E-015  1.1157652106965087E-017  2.9368358833954383E-017  5.1155591473439016E-016 -5.1627536912235428E-008 -3.0864441272551724E-007  2.0000004258568000E+000  8.2815253006691275E-016 -1.0544389396918723E-017 -3.1732401719948334E-017 -1.3392928019601143E-015  3.0739261553391247E-016  2.3544292583168092E-016  7.4164594059015825E-016 -2.2410259885467478E-015  2.5150077587849040E-016 -1.1371688615132461E-015 -2.1349945139739587E-016  8.3855266608833351E-016 -2.5452900975706774E-006 -6.8052160125573406E-006  1.2907938024969286E-005 -1.1403258173154735E-006 -3.4455561879715621E-006  4.5551908260197371E-006 -1.5225363531593665E-005 -4.4316519469996643E-006  2.7232184716580772E-005 -6.3178506238743695E-006
-2.5560042360438152E-006 -7.1062154860999155E-017 -3.9798520829867420E-016  3.7271687139270725E-016 -1.7321587421499993E-006 -6.5564733720331671E-007 -7.4510894264321888E-004  4.8329012258119640E-005 -4.7522117584199501E-017 -3.2820959345441405E-016  3.8419077310739656E-016  3.0034209643707408E-019  4.6322300361381142E-017 -1.0580960766347489E-016  4.8397142171893481E-007 -6.2432814774025047E-017 -1.1368288310580082E-015 -1.0986528423861328E-015 -3.5293931480923963E-004  1.8331656974992140E-005 -1.7483159255071633E-005  1.6817683950614925E-004  2.0195778019416985E-004  1.8476247530308044E-004 -1.9974044992765850E-015  1.0248748693324948E-015  8.2815253006691275E-016  9.8895380841063344E-006 -9.4049063064283176E-007  8.9695760829778831E-007 -4.7326034170208186E-006 -5.1669264625625299E-006 -5.1569346671209726E-006 -3.6802368189579292E-003  1.9162216390658317E-004 -1.8275273650342840E-004  1.7538374342998312E-003  2.1012286537683469E-003  1.9263993846578566E-003  2.6600021115477988E-018 -7.5540923325994071E-019  1.1379718732093132E-018  9.2197868037783508E-019 -1.1241686269506398E-019  4.2584224744061644E-019 -8.1203766517548920E-020  1.2550889140801137E-020 -6.9719656333171562E-019  3.8509421751721919E-018
 7.9901696366638222E-007  2.1973816499681181E-018  1.5629554135252550E-018  3.4172965414295392E-018  5.4150058352474170E-007  2.0491463133756202E-007  2.3292595342684763E-004 -1.5108026568375523E-005  9.9782389121103526E-019 -3.2154800000739940E-017 -2.7104142466662389E-017 -1.1162524739320109E-018  2.7093308154149383E-017  2.8294826212393318E-017 -1.5129201831056271E-007  8.5065149778538498E-016  5.5601726663860394E-016 -9.8609034025327003E-017  1.8331610732936481E-005 -2.8603742588171840E-004 -1.7682114503009676E-004  1.7680550354592316E-005 -2.8859837945775168E-005 -3.6012161087497908E-005 -4.9572157856014673E-016 -2.5130624692359972E-016 -1.0544389396918723E-017 -9.4049063064283176E-007  6.6943086274263334E-006  5.9821748719433813E-006 -4.2933777459635765E-007  4.3773228299729284E-007  1.3698284052308650E-006  1.9162163049988085E-004 -2.9813562936487248E-003 -1.8424651447222445E-003  1.8391001040559101E-004 -2.9969622879233145E-004 -3.7553164090535339E-004 -9.0065356330172592E-019 -1.4090575226622894E-018 -7.4093936643043294E-019 -1.0711043533702731E-018  6.4967474134752216E-019 -8.4839352182819854E-019 -1.8764068233031767E-018 -4.4478241475820198E-020 -1.6109458060166574E-018 -1.6497936612688748E-018
-7.6201982653689532E-007 -4.3791294805068483E-019  5.7178256037808193E-018 -2.1090206587151411E-018 -5.1643737153822631E-007 -1.9542820714962435E-007 -2.2214300854345783E-004  1.4408597370569679E-005  1.5864075364374717E-017 -1.5995367719836931E-017 -2.6443749839928025E-017 -1.2052963126599683E-017  1.8414197847536094E-017  2.0723385787656325E-017  1.4428829821960075E-007 -5.2728704245607590E-016  8.0224596621337921E-016  7.0590098271703665E-016 -1.7483154836017907E-005 -1.7682114971442420E-004 -3.0280529601877846E-004  3.4402809168688549E-005  3.0330457423354364E-005 -1.6919654332669972E-005 -5.3751140796022103E-016 -2.7316849692474521E-015 -3.1732401719948334E-017  8.9695760829778831E-007  5.9821748719433813E-006  7.2615947025131450E-006 -1.3517751877117404E-006 -5.1389414995827815E-007  4.5481757941353472E-007 -1.8275259616560451E-004 -1.8424651433945659E-003 -3.1560765049454547E-003  3.5883130198644507E-004  3.1507009783922281E-004 -1.7607870582083445E-004 -1.3889984567542454E-018 -1.1010715045677723E-018 -4.8988389481119235E-019 -5.7219527270546415E-019 -2.1333350562967474E-019 -2.3991920491717060E-019 -2.4253547569570124E-018  3.4848939284707222E-019 -6.3465006158320505E-019 -1.5546449582773272E-018
 1.4650643938908149E-006 -6.2896092914990828E-017 -3.9253919912104803E-016  3.7711677399244959E-016  9.9288038592556238E-007  3.7573889843095721E-007  4.2708866597674901E-004 -2.7701758929998352E-005 -8.0895315125424741E-017 -3.9200484799877607E-016  3.4435441841053684E-016  3.0976046948750751E-017  9.4702992871452038E-017 -6.5606589071866385E-017 -2.7740652976665349E-007 -1.4066740426123021E-017  9.5530387812001790E-016  4.5601340531017702E-016  1.6817685118532746E-004  1.7680541862811501E-005  3.4402824951762968E-005 -1.7170824697881589E-004 -1.0080600995239730E-004  3.5313957934534964E-006  1.5286316057520409E-015 -1.0458947342803970E-015 -1.3392928019601143E-015 -4.7326034170208186E-006 -4.2933777459635765E-007 -1.3517751877117404E-006  2.9958697601192406E-006  2.4478776071309798E-006  1.7367336569295242E-006  1.7538375846574063E-003  1.8390992289146800E-004  3.5883155086988231E-004 -1.7903749857743679E-003 -1.0485669246643277E-003  3.6537401116903730E-005 -1.5833137366902813E-018  2.3830091812057360E-019 -4.7951697168596173E-019 -5.0279526501086905E-019 -5.5055621425583087E-020 -1.1493449790258282E-019 -5.2924803021788629E-019  1.5139807664727239E-020  3.3286265722465952E-019 -2.1549308104008447E-018
-4.5556659751346784E-006  2.1148918583629660E-018 -2.0954875668762734E-017  1.9473008918763034E-017 -3.0872569547990710E-006 -1.1687747679573579E-006 -1.3280353799206266E-003  8.6138529984965291E-005 -4.8222187320532010E-017 -6.2340095497402070E-018  1.0833582897971222E-017  4.1819253804581760E-017 -1.2182185837073418E-017  4.8184347480819988E-018  8.6260104045873777E-007  2.4768539765767631E-016  4.1448023708275938E-016 -1.5936074516517123E-016  2.0195775750136177E-004 -2.8859819164877592E-005  3.0330510718846980E-005 -1.0080599316140558E-004 -1.2655242735456872E-004 -1.0115176434007534E-004 -1.0132889373361563E-016 -3.3471450950356534E-016  3.0739261553391247E-016 -5.1669264625625299E-006  4.3773228299729284E-007 -5.1389414995827815E-007  2.4478776071309798E-006  4.2753142842600333E-006  2.7190488554956396E-006  2.1012284342235821E-003 -2.9969608449602109E-004  3.1507066257891510E-004 -1.0485667220449248E-003 -1.3251774439938374E-003 -1.0526617121789051E-003 -1.7054589746309662E-018  3.4802808846365482E-019 -8.5864597575918653E-019 -8.9339264692209032E-019  2.1270150168595779E-019 -1.1433837599572012E-018  5.6976537816855246E-019 -4.5584994953968681E-019  6.6991129635738470E-020 -2.1325549124854692E-018
