   2.4370237811770372E-004   8.8000188492878553E-019  -1.8260908685892106E-017   3.2100315255393372E-017  -6.4338586039679380E-018   1.6877986698581747E-019   2.6472086667143009E-018  -9.0913503243024489E-018   1.3742672049563725E-019  -1.2871150392236933E-017   7.2800164063234248E-003  -4.3024506513212226E-016  -1.6619718161371367E-016   4.0237907586838091E-016  -8.0753715177190622E-019  -1.0479141585911573E-018  -3.9430200757409418E-019  -6.3462485617912347E-018  -1.6265830954392445E-018  -3.3670416719840560E-019   1.2563524068127054E-002  -7.1416788854358440E-016  -3.7881028642930398E-016   5.6294781675654209E-016  -4.6691531817961181E-016  -6.9442460269702602E-019   1.5581702105287703E-018  -2.1561721767645995E-016  -4.8221864673216420E-019  -2.4153929409178997E-016  -2.2178883771182064E-018  -9.9355056522050317E-019   1.3544348552552175E-020  -2.3037295383615784E-018   2.0633469364076585E-018  -1.4902498572068127E-018   1.0508673717291208E-018   1.8533843967457303E-018  -1.1836795872781561E-018  -2.3965652592714549E-018   5.9276254318772412E-003  -4.0385911532242395E-016  -1.1241323644102547E-016  -5.7976245301750038E-016  -2.8059848632089931E-003  -1.6272148283069016E-016   3.5704740604977372E-016  -5.4719801483378147E-003  -3.3116598016545090E-016   7.0971506280964676E-016   1.0590585898414450E-016  -1.8762156265916962E-016
   8.8000188492878553E-019   2.4370237811782342E-004   1.2392899346608267E-017   4.5199133227143333E-017   3.4179583382237213E-018  -1.5255806549630816E-017  -4.4673097521899286E-021  -5.9613862348674999E-018   2.8381212304084618E-018  -3.2211821889131243E-017   4.6324126006219279E-016   7.2800164063250416E-003  -1.2544388542246735E-016  -7.3869225252861052E-017  -2.9510898031301286E-017   1.1203177550609116E-017  -1.2594181834350492E-018  -2.8730521879751327E-017  -2.6488118613480447E-018  -1.5102649478973641E-017   7.4968959161523119E-016   1.2563524068130478E-002  -7.2990946647271332E-017  -1.5760497907612131E-016   6.2052026284706455E-018  -2.7306853874956251E-016  -1.0399074859764179E-017   3.3555970759395367E-018   2.2527264911419332E-019   2.5943415342922052E-018  -6.2834013545378331E-016  -1.1105818943190464E-017  -3.2539098597444701E-016  -2.6553843068070681E-017  -1.5992091038189268E-017  -6.6952470392210446E-018  -1.1134617073921028E-018  -9.1661080769532735E-018   3.7350023094639791E-019  -1.4826861999024274E-017   4.3112312066106936E-016   5.9276254318789672E-003  -1.6445991703889514E-017   1.0663924277654583E-015   1.8476031066256922E-016  -2.8059848632089913E-003   3.4994082278336729E-016   3.7981474839074040E-016  -5.4719801483376516E-003   7.0347726072315968E-016  -1.5485995795851236E-016  -3.2150354700014893E-015
  -1.8260908685892106E-017   1.2392899346608267E-017   2.4370237811791360E-004   4.6642515234456384E-018   3.2811149493968369E-018  -3.1460007839333479E-019  -6.3888664745324748E-018   3.4306772387283272E-019  -4.8216344652807532E-018   9.4718694855069287E-018  -3.2430339863613556E-016   4.6391338070583907E-016   7.2800164063259740E-003  -2.9096979328316618E-016  -1.1482665642929747E-017   3.4882449560227310E-018  -2.6825606624545893E-018  -1.3525793095141010E-017   7.0182410638865122E-018  -1.4948412153518412E-017  -5.9515520665226213E-016   8.1722543432394798E-016   1.2563524068134114E-002  -3.8025980834595780E-016  -5.4862625059954214E-021  -1.2592904109520632E-018  -4.4283968982061009E-016  -5.4306270235925012E-019  -1.0123193034433515E-018  -3.1127411087841667E-019  -6.6034501963571352E-018  -4.6008431216347764E-016  -1.8677700292834823E-018  -1.0418492330749136E-015  -2.6850260194325834E-018  -1.3458274560420496E-018  -5.7291092838447757E-019  -7.1096568229469716E-018  -1.5639456444730030E-018  -6.2832274981150056E-018  -3.1835161575313482E-016   4.0248993950274623E-016   5.9276254318805423E-003   3.1626925425741242E-015  -1.0937559431243694E-016  -9.9904584748219136E-017  -2.8059848632070719E-003  -2.1784150832674726E-016  -1.9038325451049441E-016  -5.4719801483336054E-003  -7.5389114690631847E-016  -5.7179394588778736E-016
   3.2100315255393372E-017   4.5199133227143333E-017   4.6642515234456384E-018   1.3398891072495284E-004  -2.8660455964998229E-017  -2.3239409090911470E-018  -1.4011461992205820E-017   2.4523774545796112E-017   4.6393936123523822E-018  -5.0006842902894509E-018   6.2460041889038515E-016   1.4656868348350012E-015   2.3298536039043000E-016   7.8954813616485091E-003  -4.3371387228686982E-017   3.6724322020675009E-018   2.6145013719822938E-020   4.8061143395112170E-018  -1.2743216344913919E-018  -4.5591622671131857E-017   1.1418225983820834E-015   2.4878828309825767E-015   4.0725863417373504E-016   1.1764269466864426E-002   2.4920639780926261E-018   1.6342285908224613E-018   5.3381521740289919E-019   2.4167122237340035E-018   6.1987852792300764E-019   1.9758036218137189E-019   3.6355877303372640E-018  -2.6828949615098671E-019   6.1353808764321686E-020  -1.7848371347208534E-018  -4.3073139099389625E-016  -2.3876436419809031E-018  -7.6792509921667588E-018  -4.4049742293791353E-016   5.0538715926808609E-018  -3.8230578492234859E-016   4.3220223899028884E-017   1.2902838498298518E-015   3.1581939439511293E-016  -7.4155623456840835E-003  -3.0150407366758932E-015   3.2696934515563104E-017   6.1788500836042704E-016  -6.0078485687931385E-015   9.0538931587462550E-017   1.2430549671854076E-015   8.3246160911639615E-004   1.9911707207666916E-003
  -6.4338586039679380E-018   3.4179583382237213E-018   3.2811149493968369E-018  -2.8660455964998229E-017   2.6612387025322538E-029  -2.2220237790871195E-031   2.5065432258694029E-030   9.1366812324526874E-030  -1.6219204234401307E-030   9.3568178716894909E-030  -1.2079104928589192E-016   1.0754177284666365E-016   6.5126414888497977E-017  -1.8578439252402972E-015   1.8905414315953859E-029  -5.2957485226295360E-030   1.4297192619726416E-030   7.1158207428586250E-030  -6.3166806200182749E-031   2.5586636999192825E-029  -2.4326478814001711E-016   1.8293950109114117E-016   1.2842520220299049E-016  -2.7349615592556023E-015  -1.7116808280520284E-029  -6.9294418043669004E-030   2.5079285031274958E-030  -8.3234107939831441E-030   1.2512044665217843E-030  -6.2085915043568951E-030  -1.7042551279823737E-029   2.2356522425122014E-030  -8.9691618417417904E-030   5.0562691807505412E-030   1.0508661998228572E-028   3.6688886516961520E-030   1.4794374533649829E-030   1.0080039029209419E-028  -9.2875422137902258E-031   8.5840414039282930E-029   1.3185021095646993E-016   1.0509742161215110E-016  -5.3002613719401493E-017   2.1983705814845275E-015   1.3976987072579612E-015   6.1459573255244468E-017  -6.4743501810807916E-016   2.7890297924654533E-015   1.2467901818280281E-016  -1.2917546308377946E-015  -4.6187967130410894E-016   4.1030419650811795E-015
   1.6877986698581747E-019  -1.5255806549630816E-017  -3.1460007839333479E-019  -2.3239409090911470E-018  -2.2220237790871195E-031   1.0885535511951253E-030   3.6397998357320346E-031  -4.0227536326340289E-031  -3.9749539281642158E-031   2.2792548546821777E-030   4.6676655519034978E-018  -4.5520356516583565E-016  -1.4012571102429733E-017  -1.3631247766061646E-016   1.5672327188634440E-030  -6.7534113256931475E-031  -4.2771022485173109E-031   1.3791309593941725E-030   4.3034723776489096E-031   1.0096411594219985E-030   8.2376761080540267E-018  -7.8582649359959502E-016  -2.1932670522226027E-017  -2.0125082521587624E-016  -6.0931919489878117E-031   1.6893829860652068E-029   2.2515285323650022E-030  -3.0712503974276057E-031  -6.5459574186107635E-032  -3.6128189669516118E-031   3.9297216900356857E-029   2.3985212657135474E-030   2.0309700719767460E-029   5.4264452690314705E-030   6.5394436563559054E-030   4.4807044354106179E-031   5.7294646221638795E-031   5.3830254278403338E-030  -2.6483244214094943E-031   5.0253498412621974E-030   2.5941068628585596E-018  -3.6894383773551816E-016  -2.6286694294742482E-017   2.7394766974664561E-016  -8.8802338807117668E-018   1.8541634779937795E-016  -8.1918829270747714E-017  -1.7649513111140243E-017   3.6204962248640098E-016  -1.6384570222364925E-016  -3.9889583454495399E-017  -3.9255111538493167E-016
   2.6472086667143009E-018  -4.4673097521899286E-021  -6.3888664745324748E-018  -1.4011461992205820E-017   2.5065432258694029E-030   3.6397998357320346E-031   2.3079899075381540E-030  -3.2211777461752594E-030  -3.5321311071289542E-031  -3.6247634723159193E-031   8.0983687892413361E-017   1.9229642241052491E-017  -1.9473526118547448E-016  -8.2177847275803501E-016   3.3941625556389041E-030  -2.2209337986300527E-031  -4.9124741023788307E-031  -7.3220974336435119E-031  -4.1283436776599966E-032   5.0396683621801571E-030   1.3882944796514499E-016   2.3746364352411025E-017  -3.3417222111794514E-016  -1.2233406449520264E-015  -6.2642579153094796E-030  -3.8308880751069547E-030   1.2092817874520890E-029  -2.7536016873683840E-030  -1.4442058842977806E-031  -3.0967724566701835E-030  -8.9437540825852577E-030   1.2662471183117409E-029  -3.5354202256435614E-030   2.8860141855098604E-029   4.3643376272152525E-029   5.0849600843534157E-032   1.4603990290847746E-030   4.3951629071811516E-029  -5.2835523016432466E-031   3.7377021959282158E-029   7.2080307341766507E-017   7.8082105213777355E-017  -1.7107946035404618E-016   9.0094634188216221E-016   4.8283165084838812E-018   3.5898176548015468E-016   1.5753977241101111E-018   1.1105992512400389E-017   7.1723643548108529E-016  -3.7384194307310708E-019  -1.0560877568273508E-016  -6.3424180630891223E-016
  -9.0913503243024489E-018  -5.9613862348674999E-018   3.4306772387283272E-019   2.4523774545796112E-017   9.1366812324526874E-030  -4.0227536326340289E-031  -3.2211777461752594E-030   1.5752698145052215E-029   3.7892341457595629E-031   6.7839147172923860E-030  -2.3100416496935965E-016  -1.8431004867481756E-016  -2.7260565798729874E-017   1.3490642829265275E-015   1.3678297196234677E-030  -3.2471038182625661E-030   8.9010106133578555E-031   9.6958590930813938E-030  -3.8728482550196870E-031   5.2293948078914280E-030  -4.1843780150978748E-016  -3.1503783486916242E-016  -2.8759906688257404E-017   2.0230294445379229E-015   1.4522876657085021E-030   6.6013690599955304E-030   9.5083117565015389E-030   4.7001085612651332E-031   1.0284936295382097E-030   1.8281900517725379E-030   1.4719936142833853E-029   9.4704900265924354E-030   7.0829166431081572E-030   2.1089005559494860E-029  -6.2080850220409088E-029   2.1722967535588221E-030  -9.0781569547172618E-031  -6.8501846574197329E-029   9.3663455942172410E-031  -5.9705814103415806E-029  -5.7272125433476384E-017  -1.7015006429468218E-016  -1.4312138185885852E-016  -1.4539439212344445E-015   8.5686205297640622E-016  -4.6810293739154173E-017  -6.9924577656191377E-016   1.7069834318571300E-015  -9.6811933152555416E-017  -1.3968909757608494E-015   7.0912306049060038E-017   3.9657000447284817E-015
   1.3742672049563725E-019   2.8381212304084618E-018  -4.8216344652807532E-018   4.6393936123523822E-018  -1.6219204234401307E-030  -3.9749539281642158E-031  -3.5321311071289542E-031   3.7892341457595629E-031   8.3694524599882869E-031  -1.8933767915229461E-030   1.9476179052023832E-018   9.0075299141485977E-017  -1.3481111868278909E-016   3.1352474357493899E-016   3.0196109389488385E-031   6.3158820114557764E-031   9.2425120772336655E-031   8.3924521880386989E-031  -8.2982659533921125E-031  -5.1922411597030891E-031   4.4129512292781153E-018   1.5286745551925736E-016  -2.3714729835468490E-016   4.5085213269584954E-016   8.8593094638517397E-031  -3.7021148733818148E-030   6.2844426544329375E-030   5.7534435020035136E-031  -3.9545210431052718E-032   5.2016412541948719E-031  -9.9915777839023046E-030   6.6286004172804744E-030  -4.2913294736536148E-030   1.5398859493424811E-029  -8.2121005189260986E-030  -6.7723607894030150E-031  -7.0700588920104194E-031  -5.2518906862282906E-030   5.7955778198100220E-031  -4.0781770317858168E-030  -5.3703071113039584E-018   9.0407383891099644E-017  -8.0031941144061662E-017  -1.0294113215948786E-015  -4.1578715476007797E-017   6.5443351981784400E-017   2.2649057242276105E-016  -8.2997753256811634E-017   1.3231893564258597E-016   4.4986633555790050E-016   2.0888028400866103E-016   4.4279056550211903E-016
  -1.2871150392236933E-017  -3.2211821889131243E-017   9.4718694855069287E-018  -5.0006842902894509E-018   9.3568178716894909E-030   2.2792548546821777E-030  -3.6247634723159193E-031   6.7839147172923860E-030  -1.8933767915229461E-030   1.2955184413251459E-029  -3.3798029272235279E-016  -9.9089014407460245E-016   2.3827310758133733E-016  -3.4086198631785897E-016   6.7283809453002843E-030  -3.1953595343701178E-030  -1.8089405062472037E-030   7.3928663038019619E-030   1.5618011154230075E-030   6.7302477651894771E-030  -6.0594621616279745E-016  -1.6960717482943457E-015   4.3298001246960937E-016  -4.9429503913316263E-016   5.4284108657550050E-030   4.0450589558378128E-029  -4.8232509299214753E-030   2.3319570139422162E-030   5.7652389558410283E-031   3.8713581745328956E-030   9.4523448043669739E-029  -4.7051447674474359E-030   4.7036453097506363E-029  -1.1252103440572604E-029   1.8233766928197072E-029   2.5179264503287355E-030   1.9441658391302768E-030   1.0417873273624003E-029  -1.1991743631256935E-030   1.1187120930828498E-029  -1.2523778295554291E-016  -8.9914818258335988E-016   4.9978724642202050E-017   7.8038257449049180E-016   1.0104212104711282E-015  -1.6001274130019476E-016  -9.3720991507830974E-016   2.0117084005190977E-015  -3.3745720745068438E-016  -1.8673072304832918E-015  -1.6903658526061615E-016   3.8633881718790473E-016
   7.2800164063234248E-003   4.6324126006219279E-016  -3.2430339863613556E-016   6.2460041889038515E-016  -1.2079104928589192E-016   4.6676655519034978E-018   8.0983687892413361E-017  -2.3100416496935965E-016   1.9476179052023832E-018  -3.3798029272235279E-016  0.21817281208953024        1.3717952690667563E-016   1.5460282522510721E-015   1.9885977819901525E-016  -2.8168812159107171E-018  -3.0391723120134759E-017  -1.3044213561948654E-017  -1.7345465227007529E-016  -6.1137994641468176E-017   2.2316955386527488E-019  0.37617155481624143        8.7558981603803143E-016   1.5462417045537824E-016  -4.7078567818730442E-016  -1.4227129696627827E-014  -1.3924579718305214E-017   4.1480585090368655E-017  -6.5603270732313474E-015  -8.0343737088862347E-018  -7.3374279442531587E-015  -7.2740980186143300E-017  -3.1433581546756483E-017  -8.7808111149978096E-018  -7.2533932071650451E-017   4.6333704290994970E-017  -4.3974078784163774E-017   2.8808817865015392E-017   2.6346643579321031E-017  -3.6591890050022877E-017  -8.2962916676936663E-017  0.17990014412867100        1.8313275836111593E-016   3.3421548406402384E-016  -7.9224219042378439E-017  -7.0846001438003264E-002  -7.1537173411986787E-017  -9.8842371021648761E-016 -0.13753634741430859       -1.1457412336858970E-016  -1.9724890124028782E-015   1.4419320247284472E-017   1.1736196998946241E-015
  -4.3024506513212226E-016   7.2800164063250416E-003   4.6391338070583907E-016   1.4656868348350012E-015   1.0754177284666365E-016  -4.5520356516583565E-016   1.9229642241052491E-017  -1.8431004867481756E-016   9.0075299141485977E-017  -9.9089014407460245E-016   1.3717952690667563E-016  0.21817281208951730       -1.5974262114904628E-015   1.9612531422035353E-015  -8.9473547806282173E-016   3.3770215162036453E-016  -3.8756016515524876E-017  -8.6245338487662435E-016  -8.5416218892706460E-017  -4.2022538238386954E-016  -9.7611060402048846E-016  0.37617155481623915        1.8759340326794648E-015   1.1535583543638317E-015   1.7874094779575781E-016  -8.2905232788609139E-015  -3.2171789457684304E-016   1.0384356146717032E-016   4.2234363757459604E-018   7.5993955912063556E-017  -1.9096635198084859E-014  -3.4384097469639816E-016  -9.8517248138117654E-015  -8.1445172126835407E-016  -4.5342885099016299E-016  -2.0547437539551979E-016  -2.2737987190289088E-017  -2.4980284814425941E-016   1.5954326361612349E-017  -4.5015487537732769E-016  -1.4592429505412949E-016  0.17990014412866825       -3.8828667928494946E-016  -3.3518239182910182E-015  -1.6619776394886471E-016  -7.0846001438005762E-002   1.7571486732553644E-016  -3.1763608467094165E-016 -0.13753634741430995        5.0601536510735059E-016   5.7680758576454450E-016   3.5547567615917714E-015
  -1.6619718161371367E-016  -1.2544388542246735E-016   7.2800164063259740E-003   2.3298536039043000E-016   6.5126414888497977E-017  -1.4012571102429733E-017  -1.9473526118547448E-016  -2.7260565798729874E-017  -1.3481111868278909E-016   2.3827310758133733E-016   1.5460282522510721E-015  -1.5974262114904628E-015  0.21817281208948414        3.1942542347640788E-016  -3.3487047108395491E-016   1.1960676497727718E-016  -4.7826121244426723E-017  -4.4713550459612987E-016   1.8942132273022710E-016  -4.9446794024531178E-016   1.5466211753141501E-015  -2.2781527098808533E-015  0.37617155481624504       -4.3084711014167963E-016  -2.6861373437334514E-018  -1.9686498396667473E-017  -1.3396986543239367E-014  -1.3561606144207071E-017  -2.9915749064060110E-017  -2.7624610070837008E-018  -1.8079234843220822E-016  -1.3919892888831652E-014  -5.4072227456253770E-017  -3.1514520945863130E-014  -1.5379812136437854E-016  -5.0626222553616982E-017  -5.5137816066019708E-017  -2.0925934846809204E-016  -3.5881347095329912E-017  -1.8128117360188098E-016   8.9322673606576067E-016  -1.0441578428711099E-015  0.17990014412865199       -1.8931549036861820E-016  -2.5285436959022242E-016   1.3386529874230639E-016  -7.0846001438004541E-002  -3.6724087516099529E-016   2.8497237664244769E-016 -0.13753634741430240       -4.3333434458992132E-017   2.2392136176275585E-015
   4.0237907586838091E-016  -7.3869225252861052E-017  -2.9096979328316618E-016   7.8954813616485091E-003  -1.8578439252402972E-015  -1.3631247766061646E-016  -8.2177847275803501E-016   1.3490642829265275E-015   3.1352474357493899E-016  -3.4086198631785897E-016   1.9885977819901525E-016   1.9612531422035353E-015   3.1942542347640788E-016  0.47205016310896697       -2.4728622431057845E-015   3.0183418838822893E-016   3.8236532554597464E-018   3.5724612311836888E-016  -1.0177012805570778E-016  -2.7316021083339357E-015  -7.2247124881761623E-017   1.5774724031166529E-015   1.9106169242217903E-015  0.70112531667683808        1.7832957595879735E-016   1.3994592866480702E-016  -2.2505476999390170E-019   1.7568424732177384E-016   1.9819262874380916E-017   2.6014071697498540E-017   1.9190260828338465E-016  -1.5976304142591963E-017   8.1232469801445734E-017  -7.2499997768921815E-017  -2.4744840879336546E-014  -2.2006212071767647E-016  -4.2958727117665047E-016  -2.5078174774418862E-014   3.0665948024392421E-016  -2.1643848298624881E-014   4.7580806277475225E-016   1.3226769986200825E-015   1.3894962138790506E-015 -0.52821737107223632       -7.5260430559301007E-016  -5.1094134899477509E-016   3.7395567346966177E-015  -1.4868636252040503E-015  -1.0234098743527170E-015   7.5339535590524568E-015   7.2434638597410589E-002   8.9113172331523882E-002
  -8.0753715177190622E-019  -2.9510898031301286E-017  -1.1482665642929747E-017  -4.3371387228686982E-017   1.8905414315953859E-029   1.5672327188634440E-030   3.3941625556389041E-030   1.3678297196234677E-030   3.0196109389488385E-031   6.7283809453002843E-030  -2.8168812159107171E-018  -8.9473547806282173E-016  -3.3487047108395491E-016  -2.4728622431057845E-015   3.5718759444717875E-029  -4.4825376989305142E-030   5.3670776304628598E-030   1.3534736882367223E-029  -2.3188390317732317E-030   3.2999731199649235E-029  -1.5247837414152541E-017  -1.5376743586448188E-015  -5.8187557071825915E-016  -3.7444904250841953E-015  -7.7413832925160603E-030   3.5340423332066495E-029   2.0664353346308113E-029  -4.3693845836042506E-030   3.8058188359365347E-031  -2.1887045497136372E-030   7.5185208312493259E-029   2.1977648777920312E-029   4.2043065429675904E-029   5.1908207940186006E-029   1.8730925940079995E-028   1.7971750328090221E-030   5.1199821180487749E-031   2.0008374014506149E-028  -8.8832981132708736E-032   1.7748868886676642E-028   6.6395915409988836E-017  -7.7097853769549731E-016  -2.4639963932649145E-016  -1.1551759427222419E-015   4.0424974556658407E-016   9.5674529345016341E-017   2.8321712576093224E-016   8.0723837734412836E-016   1.7488992173638726E-016   5.5953346433617228E-016   4.5429717466387300E-016   4.6588780132688566E-015
  -1.0479141585911573E-018   1.1203177550609116E-017   3.4882449560227310E-018   3.6724322020675009E-018  -5.2957485226295360E-030  -6.7534113256931475E-031  -2.2209337986300527E-031  -3.2471038182625661E-030   6.3158820114557764E-031  -3.1953595343701178E-030  -3.0391723120134759E-017   3.3770215162036453E-016   1.1960676497727718E-016   3.0183418838822893E-016  -4.4825376989305142E-030   2.6629101214034675E-030  -2.5870725567932706E-031  -3.2737377283327598E-030  -5.1052609717066287E-031  -6.8873017613863854E-030  -5.2893335981182746E-017   5.8131189041778796E-016   1.9890272669500429E-016   4.2795937861645632E-016   2.2540324093304780E-030  -1.2012854057237808E-029  -1.1155411360291930E-029   1.6024306309406025E-030  -2.8923718227645672E-031   1.1634568961761499E-030  -2.9085744629467210E-029  -1.1169834540477307E-029  -1.4440033366355210E-029  -2.5031993410963978E-029  -1.3720743840313826E-029  -1.8483595087364526E-030  -4.5804706810692106E-031  -1.0321499017456856E-029   2.3875020511797406E-031  -7.8531661549344777E-030  -2.1805192355444191E-017   2.8475079012306121E-016   1.4704843934991583E-016  -8.8398418219450213E-016   2.8974333504955300E-017  -7.2744229492733832E-017   2.4537628638509710E-016   5.7312583821400606E-017  -1.3916657810959394E-016   4.9217993501285395E-016   2.3296806400161090E-016  -1.3769707900187775E-015
  -3.9430200757409418E-019  -1.2594181834350492E-018  -2.6825606624545893E-018   2.6145013719822938E-020   1.4297192619726416E-030  -4.2771022485173109E-031  -4.9124741023788307E-031   8.9010106133578555E-031   9.2425120772336655E-031  -1.8089405062472037E-030  -1.3044213561948654E-017  -3.8756016515524876E-017  -4.7826121244426723E-017   3.8236532554597464E-018   5.3670776304628598E-030  -2.5870725567932706E-031   2.9575703705814123E-030   1.3429879829091059E-030  -1.5467512259480744E-030   3.1078863293585126E-030  -2.1894248062066577E-017  -6.6330594155849167E-017  -9.8286362238767286E-017  -4.9613652063811489E-018   1.2204325665234065E-030   2.2561339910404615E-030  -2.5173402565721313E-030   4.8240356466809385E-031   1.6955233317892498E-031   1.1551854367579159E-030   2.8294218407207736E-030  -2.7526918942238979E-030   1.8594831286632787E-030  -5.5474766081166632E-030   8.8879216131632013E-030  -1.1128080944904674E-031  -2.2628721074131543E-030   1.4604278539350338E-029   9.4199813994524425E-031   1.3106221905595919E-029  -1.4700544194414191E-017  -3.5212175806175144E-017   6.5219013075567272E-017  -7.7143836538356258E-016  -1.8916501203394525E-017  -6.5190738229484874E-018   6.2979077699103452E-016  -3.8012151915819220E-017  -1.3719162752959574E-017   1.2568316799810735E-015   1.4078622646662074E-016   1.6997266611031168E-015
  -6.3462485617912347E-018  -2.8730521879751327E-017  -1.3525793095141010E-017   4.8061143395112170E-018   7.1158207428586250E-030   1.3791309593941725E-030  -7.3220974336435119E-031   9.6958590930813938E-030   8.3924521880386989E-031   7.3928663038019619E-030  -1.7345465227007529E-016  -8.6245338487662435E-016  -4.4713550459612987E-016   3.5724612311836888E-016   1.3534736882367223E-029  -3.2737377283327598E-030   1.3429879829091059E-030   1.4733623123808106E-029  -5.9767659567868725E-031   1.4452187727847659E-029  -3.0720053345980740E-016  -1.4863362725477408E-015  -7.5064270378609720E-016   4.8700563171139922E-016   5.8088830168366043E-030   3.2208948072918527E-029   3.6387793108700349E-029   2.3428433888775369E-030   3.5652994797412902E-031   3.4798423777150146E-030   7.1392431396903774E-029   3.8198481133924286E-029   3.9405822797213515E-029   8.7319334916859998E-029   2.3056484903413981E-029   1.3544768787037786E-030   1.2420053466930946E-030   2.4115026281422829E-029   5.3053748745934743E-031   2.3761024816323762E-029  -8.9249876854164611E-017  -7.1577420019614063E-016  -5.0297500251651811E-016  -2.8271546974478276E-015   3.7196034380551714E-016   2.5296931510266435E-016  -6.4292910110227657E-016   7.3967188925805798E-016   4.8959211409981775E-016  -1.2920156341843480E-015   5.6597585738867086E-016   3.3866956320150272E-015
  -1.6265830954392445E-018  -2.6488118613480447E-018   7.0182410638865122E-018  -1.2743216344913919E-018  -6.3166806200182749E-031   4.3034723776489096E-031  -4.1283436776599966E-032  -3.8728482550196870E-031  -8.2982659533921125E-031   1.5618011154230075E-030  -6.1137994641468176E-017  -8.5416218892706460E-017   1.8942132273022710E-016  -1.0177012805570778E-016  -2.3188390317732317E-030  -5.1052609717066287E-031  -1.5467512259480744E-030  -5.9767659567868725E-031   1.4573542777662431E-030  -8.1953536082088102E-031  -9.9392297343714321E-017  -1.4434144871001575E-016   3.3675743923860382E-016  -1.3888344530489794E-016   8.0029758776468395E-030   3.3937203467480882E-030  -7.6020131574950816E-030   3.3429356924966669E-030  -1.3311136848019363E-031   3.4297886043985691E-030   1.0003397604893597E-029  -7.9832507850057811E-030   4.5454358931852949E-030  -1.8583407926706846E-029  -1.0081093633143470E-030   5.8254132120546841E-031   1.2292725556120079E-030  -4.8657419372091207E-030  -6.3044335334394749E-031  -4.7664983223767066E-030  -9.0233337577906810E-017  -8.9825064609156274E-017   8.9008369125596054E-017   7.2735794270342763E-016  -2.1386754463897252E-016  -8.6087168887496300E-017  -4.5583717337405290E-016  -4.2819993141983416E-016  -1.7346055349302657E-016  -9.0688584312913135E-016  -1.5332235199831677E-016  -5.9864849469849643E-016
  -3.3670416719840560E-019  -1.5102649478973641E-017  -1.4948412153518412E-017  -4.5591622671131857E-017   2.5586636999192825E-029   1.0096411594219985E-030   5.0396683621801571E-030   5.2293948078914280E-030  -5.1922411597030891E-031   6.7302477651894771E-030   2.2316955386527488E-019  -4.2022538238386954E-016  -4.9446794024531178E-016  -2.7316021083339357E-015   3.2999731199649235E-029  -6.8873017613863854E-030   3.1078863293585126E-030   1.4452187727847659E-029  -8.1953536082088102E-031   4.1217432582714341E-029  -4.6269228776347698E-018  -7.4028383021614411E-016  -8.2996980797576683E-016  -4.0912653712585494E-015  -4.7005260180430120E-030   8.3554491712245138E-030   3.9892365083968199E-029  -3.4178549796942677E-030   4.7790166769032711E-031  -1.3885535335166866E-030   1.6122329887390651E-029   4.1304557848599997E-029   1.3037976619542349E-029   9.4951051884361274E-029   1.9312820132258368E-028   3.5411416049775221E-030   3.7358831059430267E-030   1.9669326419426598E-028  -7.0580733357629978E-031   1.6961698279176522E-028   3.3327898000588747E-017  -2.4244722284181681E-016  -5.5710264829128955E-016   4.4556378268365983E-016   1.9446114445906200E-016   7.4722787710278034E-016  -7.1617740019977085E-016   3.8834416686754773E-016   1.4846230380926510E-015  -1.4391485033826977E-015   4.3495131254643142E-017   5.7091776447677971E-015
   1.2563524068127054E-002   7.4968959161523119E-016  -5.9515520665226213E-016   1.1418225983820834E-015  -2.4326478814001711E-016   8.2376761080540267E-018   1.3882944796514499E-016  -4.1843780150978748E-016   4.4129512292781153E-018  -6.0594621616279745E-016  0.37617155481624143       -9.7611060402048846E-016   1.5466211753141501E-015  -7.2247124881761623E-017  -1.5247837414152541E-017  -5.2893335981182746E-017  -2.1894248062066577E-017  -3.0720053345980740E-016  -9.9392297343714321E-017  -4.6269228776347698E-018  0.64875735333511431       -5.9914197897675072E-016  -1.7299462101542932E-015  -1.4745550003005453E-015  -2.4416447236256035E-014  -2.7354921696250903E-017   7.4054922718647583E-017  -1.1263365821382684E-014  -1.6971020884409679E-017  -1.2603114859088229E-014  -1.2237078827390239E-016  -5.3391762521843281E-017  -1.0675743243392429E-017  -1.2336447247125781E-016   8.7421030895362721E-017  -7.6153439631392613E-017   5.0976283872713700E-017   5.9614138508910786E-017  -6.2547883125668535E-017  -1.3763025704425682E-016  0.30908555540332122       -7.0408936114155902E-016   9.7842469803238691E-017   1.8232594590985573E-015 -0.12858847546760901        1.5783807815505683E-016   1.1291707281387616E-015 -0.24999253930520313        3.5232970715753058E-016   2.2455787873447691E-015  -2.8270371170527057E-016  -2.0454878570204298E-015
  -7.1416788854358440E-016   1.2563524068130478E-002   8.1722543432394798E-016   2.4878828309825767E-015   1.8293950109114117E-016  -7.8582649359959502E-016   2.3746364352411025E-017  -3.1503783486916242E-016   1.5286745551925736E-016  -1.6960717482943457E-015   8.7558981603803143E-016  0.37617155481623915       -2.2781527098808533E-015   1.5774724031166529E-015  -1.5376743586448188E-015   5.8131189041778796E-016  -6.6330594155849167E-017  -1.4863362725477408E-015  -1.4434144871001575E-016  -7.4028383021614411E-016  -5.9914197897675072E-016  0.64875735333514450        4.0577214982170873E-015  -5.6127136162749528E-016   3.1169238919768424E-016  -1.4242446510192095E-014  -5.4980934851000758E-016   1.7745199216375767E-016   8.5102801688503202E-018   1.3188095108279054E-016  -3.2796946801097044E-014  -5.8749560058332476E-016  -1.6937577372786870E-014  -1.3951994642820878E-015  -7.9435109335150265E-016  -3.5193178302993152E-016  -4.4370510486757206E-017  -4.4280424148222916E-016   2.5194816336087178E-017  -7.7332835066119746E-016   4.1130818775837207E-016  0.30908555540333432       -5.5575525735249233E-016   1.2530207072613525E-015   3.0475123123554639E-016 -0.12858847546761210       -1.6050393436203847E-015   6.7503020182010633E-016 -0.24999253930520263       -2.9179929279072812E-015  -4.4117703733713803E-016   2.0044659815855429E-015
  -3.7881028642930398E-016  -7.2990946647271332E-017   1.2563524068134114E-002   4.0725863417373504E-016   1.2842520220299049E-016  -2.1932670522226027E-017  -3.3417222111794514E-016  -2.8759906688257404E-017  -2.3714729835468490E-016   4.3298001246960937E-016   1.5462417045537824E-016   1.8759340326794648E-015  0.37617155481624504        1.9106169242217903E-015  -5.8187557071825915E-016   1.9890272669500429E-016  -9.8286362238767286E-017  -7.5064270378609720E-016   3.3675743923860382E-016  -8.2996980797576683E-016  -1.7299462101542932E-015   4.0577214982170873E-015  0.64875735333526308        1.5136421804991520E-015  -3.4060474859071954E-018  -4.2715590076244448E-017  -2.3037906687505283E-014  -2.4701250739638878E-017  -5.1785601978699602E-017  -7.9536027723570272E-018  -3.2003206382600031E-016  -2.3936529458410856E-014  -9.4155288485469432E-017  -5.4195338102814348E-014  -2.2954383027211577E-016  -8.2287409413644176E-017  -7.6618340008339767E-017  -3.6265344497808959E-016  -6.7205679450868279E-017  -3.1597410533828879E-016  -5.1326130845463662E-016   2.3010768095653433E-015  0.30908555540335952       -1.2375585123881671E-016   4.9835014045117290E-016   3.8969698914212802E-016 -0.12858847546762353        1.2277628221003200E-015   8.8053225328526135E-016 -0.24999253930521542       -1.3412502405752769E-016  -2.0700219045472634E-015
   5.6294781675654209E-016  -1.5760497907612131E-016  -3.8025980834595780E-016   1.1764269466864426E-002  -2.7349615592556023E-015  -2.0125082521587624E-016  -1.2233406449520264E-015   2.0230294445379229E-015   4.5085213269584954E-016  -4.9429503913316263E-016  -4.7078567818730442E-016   1.1535583543638317E-015  -4.3084711014167963E-016  0.70112531667683808       -3.7444904250841953E-015   4.2795937861645632E-016  -4.9613652063811489E-018   4.8700563171139922E-016  -1.3888344530489794E-016  -4.0912653712585494E-015  -1.4745550003005453E-015  -5.6127136162749528E-016   1.5136421804991520E-015   1.0421550329962455        2.5478132474249266E-016   1.9570826810070964E-016   7.9351718531268142E-018   2.5224255261650723E-016   3.3920203667299069E-017   3.2344926796159644E-017   3.0569455733760160E-016  -2.5309029191134295E-017   9.6816749035958030E-017  -1.2483000255235273E-016  -3.7162470240759446E-014  -3.0420789057373686E-016  -6.4404158283072276E-016  -3.7752862297292423E-014   4.5105501263737449E-016  -3.2625569017800727E-014   4.8634458686549619E-016   3.8490099423054672E-016  -1.8359320130160480E-016 -0.75197586033386110        1.5730924869528222E-015  -1.1494503042183514E-015  -2.7376449662321545E-015   3.1667004932154711E-015  -2.3252669731506578E-015  -5.3190834654976125E-015   9.9335969514858999E-002  0.13014845105587911     
  -4.6691531817961181E-016   6.2052026284706455E-018  -5.4862625059954214E-021   2.4920639780926261E-018  -1.7116808280520284E-029  -6.0931919489878117E-031  -6.2642579153094796E-030   1.4522876657085021E-030   8.8593094638517397E-031   5.4284108657550050E-030  -1.4227129696627827E-014   1.7874094779575781E-016  -2.6861373437334514E-018   1.7832957595879735E-016  -7.7413832925160603E-030   2.2540324093304780E-030   1.2204325665234065E-030   5.8088830168366043E-030   8.0029758776468395E-030  -4.7005260180430120E-030  -2.4416447236256035E-014   3.1169238919768424E-016  -3.4060474859071954E-018   2.5478132474249266E-016   1.0063361784529844E-027  -6.9263352884178181E-030  -6.2707639788707053E-031   4.6090723392695399E-028  -1.6447725962274077E-030   5.1157871376419412E-028  -6.2769295230954653E-030   3.0868998406009968E-030  -3.0603129015318698E-030   7.0270160509172241E-030  -2.5490738398429686E-030   2.1659537130296148E-030  -1.0419988614520642E-030   4.2882577276000640E-030   2.8454125847116710E-030   6.5352495031420461E-030  -1.2484203975229748E-014   1.2418024973160635E-016  -1.0318621729728068E-017  -6.0559840012539271E-016   2.0114556600367521E-016  -1.9424202823615265E-016  -4.6691321743010064E-017   1.4452765630339354E-016  -3.8467173925357821E-016  -9.3291417304975082E-017   1.3186112497226450E-016   1.0648525013059489E-017
  -6.9442460269702602E-019  -2.7306853874956251E-016  -1.2592904109520632E-018   1.6342285908224613E-018  -6.9294418043669004E-030   1.6893829860652068E-029  -3.8308880751069547E-030   6.6013690599955304E-030  -3.7021148733818148E-030   4.0450589558378128E-029  -1.3924579718305214E-017  -8.2905232788609139E-015  -1.9686498396667473E-017   1.3994592866480702E-016   3.5340423332066495E-029  -1.2012854057237808E-029   2.2561339910404615E-030   3.2208948072918527E-029   3.3937203467480882E-030   8.3554491712245138E-030  -2.7354921696250903E-017  -1.4242446510192095E-014  -4.2715590076244448E-017   1.9570826810070964E-016  -6.9263352884178181E-030   3.3221066512362913E-028   1.1441760984877073E-029  -4.6492871277390167E-030   1.7816172781660461E-031  -2.8943066048643561E-030   7.6678394566369103E-028   1.2560621657444808E-029   3.9011753550099338E-028   2.9165821804116739E-029   8.2718174311199760E-030   7.7030364153965262E-030  -1.6238697618874539E-030   3.6556950731141725E-030  -1.0008278940750148E-030   1.7215067849019614E-029   1.0648095206054027E-017  -7.1800435072038312E-015   4.1780791663831473E-017  -5.6409924113736109E-016   1.3441061163533665E-016   6.7381107199008544E-016   3.4689709713575970E-016   2.6816714728631390E-016   1.1957502947417998E-015   6.9239985102664951E-016   1.4012274152620581E-016  -4.1618449931810441E-016
   1.5581702105287703E-018  -1.0399074859764179E-017  -4.4283968982061009E-016   5.3381521740289919E-019   2.5079285031274958E-030   2.2515285323650022E-030   1.2092817874520890E-029   9.5083117565015389E-030   6.2844426544329375E-030  -4.8232509299214753E-030   4.1480585090368655E-017  -3.2171789457684304E-016  -1.3396986543239367E-014  -2.2505476999390170E-019   2.0664353346308113E-029  -1.1155411360291930E-029  -2.5173402565721313E-030   3.6387793108700349E-029  -7.6020131574950816E-030   3.9892365083968199E-029   7.4054922718647583E-017  -5.4980934851000758E-016  -2.3037906687505283E-014   7.9351718531268142E-018  -6.2707639788707053E-031   1.1441760984877073E-029   8.4600746186838096E-028  -5.5628717998637509E-031   1.8561532496013378E-030  -1.7670645457401075E-030   3.9785866192192181E-029   8.7904791227377804E-028   1.8610890404298927E-029   1.9888466836756672E-027   2.0882747717170164E-029   5.7416208372058261E-030   9.8383943438129675E-030   9.5708244948364393E-030   2.1696152342069744E-031   7.7007618274229033E-030   1.7442667456030449E-017  -2.9764431526048010E-016  -1.1450607572942770E-014   2.3752473482624766E-016  -1.1184765147904787E-016  -8.5482770776065561E-017   1.9804567975056538E-015  -2.2261068712871389E-016  -1.7652481808677101E-016   3.7128286012440118E-015  -7.7241956364275640E-017   5.0499173392480658E-016
  -2.1561721767645995E-016   3.3555970759395367E-018  -5.4306270235925012E-019   2.4167122237340035E-018  -8.3234107939831441E-030  -3.0712503974276057E-031  -2.7536016873683840E-030   4.7001085612651332E-031   5.7534435020035136E-031   2.3319570139422162E-030  -6.5603270732313474E-015   1.0384356146717032E-016  -1.3561606144207071E-017   1.7568424732177384E-016  -4.3693845836042506E-030   1.6024306309406025E-030   4.8240356466809385E-031   2.3428433888775369E-030   3.3429356924966669E-030  -3.4178549796942677E-030  -1.1263365821382684E-014   1.7745199216375767E-016  -2.4701250739638878E-017   2.5224255261650723E-016   4.6090723392695399E-028  -4.6492871277390167E-030  -5.5628717998637509E-031   2.1140639072481814E-028  -7.5781460734459243E-031   2.3459106047208013E-028  -6.9809139912155029E-030   1.2819750432181910E-030  -3.1871655773988009E-030   3.0340025577988806E-030  -5.9265119452637982E-030   5.9017524884422861E-031  -5.4862797245983323E-031  -2.2883243269191286E-030   1.4066466755481167E-030  -4.4887656604750252E-031  -5.7261992997586898E-015   9.6169326013103385E-017  -2.4632629824983144E-018  -4.7694346773752383E-016   2.7141762350381319E-016   2.8156583278725913E-017   5.5580661406469932E-017   4.2344205680663486E-016   5.8105890266170233E-017   1.1074979997869345E-016   1.1088495519255736E-016  -3.4131759237975278E-016
  -4.8221864673216420E-019   2.2527264911419332E-019  -1.0123193034433515E-018   6.1987852792300764E-019   1.2512044665217843E-030  -6.5459574186107635E-032  -1.4442058842977806E-031   1.0284936295382097E-030  -3.9545210431052718E-032   5.7652389558410283E-031  -8.0343737088862347E-018   4.2234363757459604E-018  -2.9915749064060110E-017   1.9819262874380916E-017   3.8058188359365347E-031  -2.8923718227645672E-031   1.6955233317892498E-031   3.5652994797412902E-031  -1.3311136848019363E-031   4.7790166769032711E-031  -1.6971020884409679E-017   8.5102801688503202E-018  -5.1785601978699602E-017   3.3920203667299069E-017  -1.6447725962274077E-030   1.7816172781660461E-031   1.8561532496013378E-030  -7.5781460734459243E-031   1.3364572297122047E-031  -6.2799293734560690E-031   4.4346386358707214E-031   1.8723071903722954E-030  -1.1526155695114628E-031   4.1758550645865076E-030  -2.4989381259067890E-030   2.4315915514010082E-031  -2.2776272754788524E-031  -2.9760258950648225E-030   3.4331444558624746E-032  -2.6340873755896755E-030   1.3996781496165487E-017  -4.6403570949789437E-018  -2.3311151606961127E-017   1.0861267127414717E-016   1.2364551303601148E-016  -4.9047758094441415E-017   1.7677152569710427E-017   2.4677564536338496E-016  -9.7872342143823334E-017   3.4760645612129091E-017  -3.9006049157570417E-017   2.6656255500847835E-016
