   2.5925611196103606E-004  -7.1225882160571215E-016  -3.2293189190469394E-017  -9.2123915771589292E-017  -7.1478053156670907E-016  -6.5540893659834752E-017  -6.4200739361462923E-016   1.8209829971994165E-015  -3.9259819802256744E-016   1.8448529749496323E-015   1.1278726790356757E-002  -1.9871408815811790E-015   1.3540459781521361E-016   2.9868183773595004E-016  -1.9920063586662564E-015   1.8522604083730276E-016  -2.1656596661578776E-015   1.3721026436658333E-015  -2.3181046283097244E-016   1.4385895719838868E-015   1.4894140696998815E-002  -6.5265768696627804E-018  -1.9200348540338635E-018   7.1103454232526926E-019   3.9927559519069932E-018  -1.2511170633425085E-023   4.0998351825347038E-018  -8.4380758231835151E-019   1.1364080192601626E-018   3.0136995726820171E-018  -1.5312879259548118E-018  -7.4347196083079268E-016  -1.1955307683946500E-016  -1.8408308499087368E-016  -8.5487917368739516E-016  -1.0149362591137217E-016  -4.3779133090691637E-016   2.9808371753018654E-015   1.0894394761699142E-015   3.1027293323353272E-015  -1.4169434612487474E-015   1.7571877987387846E-015  -1.8531985307817372E-015   2.0607786570699351E-016   5.2919702953133793E-017   2.5812912961800197E-016  -4.6106238361470139E-003  -4.7513644691925965E-016   1.6217674028664476E-015   1.7063609352625998E-017   1.4531731267419480E-014   4.9629319782754720E-015   1.4632593606804619E-014  -7.3520135832592327E-015   8.3337402412613045E-015  -8.2362547240042773E-015  -1.0231343606492711E-003   8.5656250712761611E-004   1.9526431053419301E-015  -6.9930202110118708E-016  -6.2097371690856705E-016  -9.2323542199361118E-004
  -7.1225882160571215E-016   4.2454476341230583E-005   5.0016810910937973E-017   3.0408034914018907E-017  -2.1227238170607197E-005  -2.8458379696514662E-018  -2.1227238170575898E-005  -5.1397171650351883E-016   2.7640977829786810E-016   1.6509119641750556E-016  -3.6633613876116630E-014  -1.5028192443698068E-004  -9.8810195846588550E-017  -1.1100517403365471E-016   7.5140962218605225E-005  -1.8481315923787207E-018   7.5140962218486152E-005  -4.3576234996979193E-016   2.4690347815960574E-016   6.7599802781782671E-017  -4.6218341017554698E-014   1.0544366871773160E-017  -5.9507733232099138E-018   9.8900750438161120E-018  -1.2180636253436301E-018   7.2638280563592612E-019   3.8557536004702566E-018  -1.5938610677502447E-017   9.9198499232438374E-018  -6.5272890400898341E-018   2.6326553451219313E-017   9.0233677474405542E-005   8.8858249619005079E-017   5.6102801677025547E-017  -4.5116838737234193E-005   3.6331881814003414E-018  -4.5116838737124919E-005  -1.7668575863162713E-003  -7.1623860616704727E-016  -1.3717027638045378E-015   8.8342879315871819E-004  -2.6305164042328412E-017   8.8342879315757793E-004  -3.4518980153143839E-016  -4.8325321783692912E-016  -4.4478640816154766E-016   3.9616790586192097E-014  -4.6484016634669909E-015  -7.2256033842966073E-015  -6.7680287531966765E-015  -8.3742896724914931E-003  -3.2100519262936804E-015  -6.5556225199379121E-015   4.1871448362483564E-003  -1.2538109910517543E-016   4.1871448362430915E-003   3.4784781333064321E-014  -1.5746544885175382E-014  -2.6696391039713099E-015   4.4459240922806019E-015   5.9006459275897255E-015   5.5800779859550728E-016
  -3.2293189190469394E-017   5.0016810910937973E-017   4.2454476341281757E-005   2.4862118047144966E-017  -1.1090043559707780E-017   3.1310262702531101E-018  -2.7577106435372366E-017  -2.8341796222019750E-016   1.7953697674921490E-016  -1.9520802126740371E-016  -7.9245788871691631E-016  -1.3583545891367386E-016  -1.5028192443726368E-004  -4.9782442312453450E-017   5.5896283215779547E-017  -2.4278783299836362E-017   1.1470193848970188E-016  -2.1761250354373402E-016   1.8026758697509569E-016  -1.5230942719424876E-016  -9.4893009033032328E-016  -1.1435971453321938E-017  -5.8332339041162275E-018  -8.2165417362989218E-019  -8.1967203457864172E-018  -8.1068332915542984E-019  -1.0014671506886448E-017  -1.6077498401038459E-017  -6.3462959464798768E-019  -4.6406345080837665E-018  -3.6932302555981673E-019   1.1688690216332822E-016   9.0233677474680062E-005   3.3531036989451180E-017  -3.1587641177312105E-017   2.4136585989454346E-017  -6.3595127800720732E-017  -1.4287614309954901E-015  -1.7668575863174192E-003  -4.8734696078193606E-016   3.8631269547115395E-016  -2.6117376837947620E-016   1.0556074783867263E-015  -2.3975431777767294E-016   1.1028470178702973E-016   3.2532844916757355E-016   1.4334495105165701E-015  -3.3147528682422648E-015   1.7201276815289667E-015   4.8713824110876998E-015  -6.6318563719283542E-015  -8.3742896724966157E-003  -2.2606029680722436E-015   1.7262995215581363E-015  -1.1848564740362714E-015   4.9008524293811949E-015   1.5570843487390848E-015   1.3639174069373126E-015  -2.6831756263754973E-015   1.4382875467553859E-015  -3.9127887027645588E-015  -8.1617224685461327E-016
  -9.2123915771589292E-017   3.0408034914018907E-017   2.4862118047144966E-017   4.2454476341245064E-005   6.1189391276455955E-018  -2.5605871239366804E-017   2.3761608370820398E-017  -7.7063606952373911E-018  -5.1226466831461210E-016  -2.2721754695252468E-016  -8.2430551412292403E-016   2.2244843677637988E-017  -5.1491586778953612E-017  -1.5028192443712659E-004   5.3600138609670746E-017   7.9940732038302000E-017   2.5844394456000397E-017  -3.0179858447240410E-017  -3.9807247889477626E-016  -1.9142075518095232E-016  -9.9153652332765015E-016   6.0953942226787047E-018   7.7262253335798716E-018   3.7257831569843983E-018   3.1821387305874818E-018   1.5805434993512851E-018   4.1552322520262440E-018   6.7926911704448677E-018   6.4133805444492178E-018   4.4353622499240758E-018   1.0724942556642978E-017   1.9005966238590090E-017   3.6238926668777967E-017   9.0233677474541230E-005   1.3004139497240310E-017  -4.9430241732324659E-017   9.5698995234804861E-018   1.1883933957653391E-016  -5.6623135422669216E-016  -1.7668575863165851E-003   1.5559604811815931E-017   8.3659502641973559E-016  -1.2210564585926193E-016  -1.7925643629169367E-016  -2.8661907475510524E-017   6.9115331926469715E-017   7.1236214817333320E-017  -2.9504015996006665E-015   9.1547130045656235E-016   1.4581927338312890E-015   5.5209933080328085E-016  -2.6346829923901648E-015  -8.3742896724930023E-003   5.2525598320237340E-017   3.9405124141682757E-015  -6.0415675813161177E-016  -1.9907921972235786E-016   1.0873741736227670E-015  -1.2681661357792036E-015   2.1010488324376535E-015   3.2904439386742729E-016  -1.9144636781731181E-015
  -7.1478053156670907E-016  -2.1227238170607197E-005  -1.1090043559707780E-017   6.1189391276455955E-018   4.2454476341263434E-005  -6.1348578048467298E-018  -2.1227238170662275E-005  -3.9784930918075185E-016  -4.2606838277703309E-016  -1.1666035163279840E-015  -4.3611312656358053E-014   7.5140962218464821E-005   2.0610670725688727E-017  -3.6437646781470986E-017  -1.5028192443713190E-004   2.3085466078319159E-017   7.5140962218658215E-005  -2.7706529669585708E-016  -3.3387228716620645E-016  -7.9217688243676930E-016  -5.5042789809202745E-014  -4.6550131260886837E-018  -2.6560945597314754E-018  -9.9943210925771827E-018  -3.2744972316826378E-018   3.0686178161666989E-018   5.5015361422334342E-019   5.4681806936463061E-019  -8.8888012022811057E-018   5.5786721961135262E-019  -2.9438252798089623E-017  -4.5116838737196734E-005  -2.2396628941569874E-017   4.0496945268067903E-017   9.0233677474489907E-005  -2.5319029094558318E-017  -4.5116838737301027E-005   8.8342879315726590E-004   1.0449203578107675E-016  -2.8307156853441151E-016  -1.7668575863170098E-003   3.3800664471728651E-016   8.8342879315973278E-004  -1.6923284284231273E-016  -7.1247201382289888E-017   3.1157121530020046E-016   4.8978212894028828E-014  -1.4888077010566191E-015  -2.2409821111229522E-016   7.3850931017960711E-015   4.1871448362415156E-003   4.5527195057784835E-016  -1.2628435915834227E-015  -8.3742896724947023E-003   1.5809120336344085E-015   4.1871448362532128E-003   4.3088001413437661E-014  -2.2574287320216183E-014   2.9968411907732972E-016  -8.3187164635547144E-016  -4.0841583167912349E-015   4.6629708883199503E-015
  -6.5540893659834752E-017  -2.8458379696514662E-018   3.1310262702531101E-018  -2.5605871239366804E-017  -6.1348578048467298E-018   4.2454476341243932E-005   3.4680407449563543E-018  -1.6737377390143566E-016  -4.1670285625499163E-017   8.3589111465903338E-018  -1.3613797045512495E-015   3.3463111917542459E-018  -1.2142068406415082E-018   5.2190502490971092E-017   5.0229583168988708E-018  -1.5028192443717459E-004  -8.1548262431748423E-018  -1.9772065992497375E-016  -1.8088164417676887E-017  -1.9506354443195280E-017  -1.7996106564933361E-015   7.3330288075195100E-019   3.7965710457804277E-018   8.1385066983807261E-018  -1.5466678730314586E-018  -4.4212771526858074E-019   1.2356301489149182E-018   4.0876302581004105E-018   2.5493326594593865E-018   1.5898319607002917E-018   1.2418939217124700E-017   1.3537489012969127E-018   3.0778000929720793E-018  -4.1068688991872226E-017  -1.5890850942405275E-017   9.0233677474616542E-005   7.0163014656716533E-018   1.3596204939391326E-016   1.1195771800385603E-016   2.5258875858680766E-016  -6.9625208291793320E-017  -1.7668575863166111E-003  -7.8887460630449414E-017   1.4805205428652504E-016   6.7612372025764959E-017  -2.1834036515892909E-016   1.7498109908271806E-015   2.0520853965648794E-015   1.2109856556023199E-015  -2.2047998005912113E-015   6.8401309210488973E-016   5.8248147617896661E-016   1.1013974707103570E-015  -3.6668416275638119E-016  -8.3742896724928705E-003  -3.1546048054590157E-016   1.6248412398703059E-015  -9.6209272396678284E-016  -6.7796321330689534E-016  -4.3544847837242350E-016   1.2893126387745410E-014  -1.4725346563570010E-016
  -6.4200739361462923E-016  -2.1227238170575898E-005  -2.7577106435372366E-017   2.3761608370820398E-017  -2.1227238170662275E-005   3.4680407449563543E-018   4.2454476341196715E-005  -5.7188334961769101E-016   3.3888421401470151E-016  -5.4977777249871469E-016  -3.7877603671424023E-014   7.5140962218347754E-005   3.8023571218390951E-017  -6.5968929156904597E-017   7.5140962218548060E-005  -1.7234374237638647E-018  -1.5028192443699765E-004  -4.2638335626491102E-016   2.3174833590739704E-016  -4.6763877959253763E-016  -4.8379544402209080E-014  -5.8893537454540737E-018   8.6068678829494786E-018   1.0424604881289464E-019   4.4925608570712284E-018  -3.7950006217974090E-018  -4.4059072146426877E-018   1.5391792608113606E-017  -1.0310487209112975E-018   5.9694218204440599E-018   3.1116993469919576E-018  -4.5116838737107883E-005  -4.2338801247640518E-017   3.1538929751898702E-017  -4.5116838737268548E-005   9.9691228398580206E-018   9.0233677474337834E-005   8.8342879315702900E-004   1.3939979878465123E-016  -8.5429769076259748E-016   8.8342879315854298E-004  -8.2277551183143151E-017  -1.7668575863155854E-003   3.4780756344867364E-016   5.8586987372065883E-016  -1.0999476697859671E-016   3.8742259143108940E-014   6.7954161292630455E-015   7.4963015649241325E-015  -9.5591553024624468E-016   4.1871448362406109E-003   5.1602083591757737E-016  -4.0736616391979593E-015   4.1871448362475359E-003  -3.6814105942560588E-016  -8.3742896724881277E-003   3.2835490043894802E-014  -1.3042930568485062E-014   2.5806079089372777E-015  -3.8331392954461852E-015  -1.4070845008053299E-015   1.2789217800818212E-015
   1.8209829971994165E-015  -5.1397171650351883E-016  -2.8341796222019750E-016  -7.7063606952373911E-018  -3.9784930918075185E-016  -1.6737377390143566E-016  -5.7188334961769101E-016  0.36675877832768305       -5.7745110281808326E-016  -1.3429395102267434E-015   1.3677129354916498E-015  -5.2915910405134306E-016   2.5745653668064837E-016  -1.3873737674905159E-016  -5.1983806037185033E-016  -4.2474344759014965E-017   3.0404369343681027E-017  0.28199020863217467        3.8936505566316470E-016  -2.0679844311731554E-015   3.2515443795061368E-015  -3.6326470146291673E-014  -9.4450909207794406E-017   3.0949972240446441E-016  -1.8318532370476329E-014  -2.5265198614538004E-018  -1.7536294848132217E-014  -2.9865477782156160E-016   4.1523147732396724E-016  -1.1956977826803062E-016   9.0947149321958658E-016  -4.3881558317881403E-016  -2.6586032547333127E-016   4.6524805549907893E-017  -3.8201996972762827E-016   5.7641884509054626E-018  -8.1696140507980078E-016  -3.8772435137397001E-016   1.3565742236102311E-016   1.1586474791082102E-016  -2.5607316422993406E-016  -1.0183859499927400E-015  -4.4819162448055954E-016   4.0012437762858101E-002  -1.4808282038104500E-017   6.8198054721244372E-016  -1.8786787276082055E-015 -0.16806686220006220        9.8702150672938401E-016   2.7895891784949711E-015   2.2760136066794479E-016  -4.2654731729574699E-016   6.6471999085057160E-016   1.1607531420638149E-015  -4.9468570226455033E-015  -1.4399736977277973E-015  -5.1405960067382446E-016   6.8959765574166982E-017   5.0272408808759640E-002  -6.2123803314864223E-015   3.3350246000082845E-015   7.4900542896186689E-016
  -3.9259819802256744E-016   2.7640977829786810E-016   1.7953697674921490E-016  -5.1226466831461210E-016  -4.2606838277703309E-016  -4.1670285625499163E-017   3.3888421401470151E-016  -5.7745110281808326E-016  0.36675877832769144        3.3011275663715011E-016  -3.6400980740833725E-015   6.7153894899757853E-016  -1.9177890107369588E-016   3.6901802061499156E-016   1.3264220219911869E-015  -2.7180278730030446E-017   6.3508989239585325E-016   1.9085151153103254E-015  0.28199020863215857       -1.9301868316557083E-015   1.3422830773536902E-015  -5.2697857899445014E-016  -1.5437475429328446E-014   4.2411589587981526E-016  -2.8071462409556070E-016   2.0207756874043521E-018  -2.2387154141493375E-016  -2.9658923481493984E-014   3.8940553687585420E-016  -1.4627468708418163E-014   1.1185876284142215E-015  -1.0800732726560094E-016   1.2599127069503616E-017  -1.3443214315663419E-016  -3.1398968391696419E-016   6.8917714918217149E-017  -5.8844448017485961E-017  -9.2056310529666822E-017   1.3617517207966876E-016   1.5563658290037743E-016  -1.8103943771893395E-016   1.5157208032962320E-016  -2.8858309579611964E-016  -9.9888871832098626E-016   4.0012437762864353E-002   8.4219124654360521E-016   6.9103446355361435E-016  -5.8852780977645303E-015 -0.16806686220006525        1.2426915925072011E-015  -7.5518848739382674E-017   8.2998270824075206E-016   3.2212640623869220E-016  -6.3852037451337449E-016   7.2753551497597150E-016  -6.0340803903008382E-016   7.4211399309012635E-016  -1.3955637929646313E-016   2.0426226323689327E-015   5.0272408808759564E-002  -1.2409006538368094E-015  -4.2613984997855378E-017
   1.8448529749496323E-015   1.6509119641750556E-016  -1.9520802126740371E-016  -2.2721754695252468E-016  -1.1666035163279840E-015   8.3589111465903338E-018  -5.4977777249871469E-016  -1.3429395102267434E-015   3.3011275663715011E-016  0.36675877832768772        4.9000995599131103E-015  -2.5315326789242989E-015   4.4638513778113083E-016   9.0096073052620180E-017  -9.8690734169977810E-016  -3.4391337578338467E-016  -1.5652233774390171E-015   8.4577408749296303E-015  -9.1466834594479961E-016  0.28199020863213847       -4.1740157539383627E-015  -3.4129796676783024E-015   1.4024724711835473E-016  -1.1105060540316684E-014  -1.4927448763348055E-015  -4.6302832785506284E-019  -1.5642111010866520E-015   2.8369182117030409E-016  -1.0610909963737369E-014   1.2041366155914973E-016  -1.8580376062352850E-014   2.3416913366256115E-016  -5.9829139891258625E-016  -5.2582350798958101E-017  -9.0515219961425463E-016   2.5427256746077845E-016  -5.0181419692611059E-016  -5.6579735143181827E-016   4.8109920823076930E-016   1.2152323991010243E-017   1.4105588713098728E-015  -8.9001514457741264E-016  -8.7310431242340707E-017  -2.9011120038100964E-015   4.3946998019230203E-016   4.0012437762868371E-002   1.8483582573631238E-015  -2.4861382487123373E-015   2.6727478523290048E-015 -0.16806686220005629       -3.7505717659034881E-015   5.4880175218286849E-016  -3.2309289559954682E-016   3.3091927073146267E-015  -3.7812090325606282E-015  -3.4931620159693450E-015   1.2443930682040114E-015   8.3089937423951350E-016  -9.2787255082170805E-016  -6.5602655773605347E-016   5.0272408808754269E-002  -7.6506113791053489E-016
   1.1278726790356757E-002  -3.6633613876116630E-014  -7.9245788871691631E-016  -8.2430551412292403E-016  -4.3611312656358053E-014  -1.3613797045512495E-015  -3.7877603671424023E-014   1.3677129354916498E-015  -3.6400980740833725E-015   4.9000995599131103E-015  0.55471928747257160       -1.2105000277261028E-013   2.5855754262491322E-015   1.7313030874667509E-015  -1.0062520235557784E-013   1.9176005116425612E-015  -1.1336527729319756E-013  -7.3039830034861687E-016   5.4120555978966521E-016   4.6992037343595826E-015  0.71808569296462188       -2.8895129153695984E-016  -8.8388944613944918E-017   3.0166577297680824E-017   1.7856512661229384E-016  -5.5221821283894136E-022   1.8318213524631342E-016  -4.1109996406525773E-017   4.8845256701144034E-017   1.2808211839647496E-016  -7.0503206480962956E-017  -2.3020970493825035E-014  -3.2572368485058294E-015  -1.2963470627263388E-015  -4.2069747221081026E-014  -8.8246700350755156E-016  -1.7060667695425132E-014   4.1487502137472796E-015   2.4038085132140767E-015   3.8844396834235464E-015   1.3843156833355168E-014  -2.5914200372525278E-015  -9.2077574674599681E-015  -2.8498501083275444E-016  -1.2243457207762721E-015   7.7161709320267779E-016 -0.40639049516539316       -7.4465611367271469E-015  -6.4805295124648027E-015   5.0769629405434240E-015   7.7335205448948056E-015   1.6015875142961561E-015   1.4400377417494892E-014  -4.3946559634985573E-015  -1.3303674925358991E-014  -3.4959449910420245E-014 -0.27776937349160286       0.13380994469491650       -1.1803644190903543E-014   4.5872748416837439E-015  -1.4145536292519711E-015  -3.8186274951395323E-002
  -1.9871408815811790E-015  -1.5028192443698068E-004  -1.3583545891367386E-016   2.2244843677637988E-017   7.5140962218464821E-005   3.3463111917542459E-018   7.5140962218347754E-005  -5.2915910405134306E-016   6.7153894899757853E-016  -2.5315326789242989E-015  -1.2105000277261028E-013   5.3197351042459553E-004   2.0387441809963890E-016  -6.6829130199339902E-017  -2.6598675521271551E-004   3.0356291018284328E-017  -2.6598675521227185E-004  -2.8184785378224407E-016   4.1043898893695713E-016  -1.7220245028885242E-015  -1.5516312938720454E-013  -3.7325339563934148E-017   2.1064767345428846E-017  -3.5009253169512709E-017   4.3117466397036097E-018  -2.5712767019186387E-018  -1.3648739100555087E-017   5.6420083154737576E-017  -3.5114651388151065E-017   2.3105538987526077E-017  -9.3191706915347911E-017  -3.1941250649015628E-004  -2.2694255060811338E-016   7.7464232073501398E-017   1.5970625324519602E-004  -2.7159648232527379E-017   1.5970625324479587E-004   6.2543877857189796E-003   8.2005719781509991E-016  -5.4988263565427334E-016  -3.1271938928616825E-003   3.7309847856826761E-016  -3.1271938928573851E-003   4.8733150805748622E-016   1.0856019483318992E-015   1.7864582500558209E-016   1.1598577957566687E-013   1.0084791424505751E-014   1.3696957750927004E-014   8.2328451037884088E-015   2.9643620089892162E-002   3.2330849491208208E-015  -2.4142898833367803E-015  -1.4821810044955938E-002   1.7708477371115887E-015  -1.4821810044936063E-002   9.4017586098402881E-014  -4.6116104074300560E-014   7.7666168110911111E-015  -6.2798302551797326E-015  -9.7507726553727368E-015   1.7143712207403246E-014
   1.3540459781521361E-016  -9.8810195846588550E-017  -1.5028192443726368E-004  -5.1491586778953612E-017   2.0610670725688727E-017  -1.2142068406415082E-018   3.8023571218390951E-017   2.5745653668064837E-016  -1.9177890107369588E-016   4.4638513778113083E-016   2.5855754262491322E-015   2.0387441809963890E-016   5.3197351042595794E-004   4.6960120363799791E-017  -1.3185896224069228E-016   5.1007880714850347E-017  -1.9506997714347551E-016   1.6668580119805138E-016  -2.9004671457597992E-016   3.5049894167682638E-016   3.3166866282392310E-015   4.0481474415203230E-017   2.0648696965548374E-017   2.9085218115507428E-018   2.9015053624458110E-017   2.8696868107672588E-018   3.5450304334587336E-017   5.6911723051758229E-017   2.2464852945847469E-018   1.6427089545930615E-017   1.3073432958357607E-018  -2.4746509185774076E-016  -3.1941250649134456E-004  -4.1081949317484251E-017   7.2183902919389675E-017  -6.4463548329907637E-017   9.8452091988420518E-017   1.8013655401074499E-015   6.2543877857272829E-003   2.0540604557454321E-016  -5.9146902514493791E-016   5.1378265723367055E-016  -1.2564762331606504E-015   1.8022968314611236E-016  -1.9929399433596038E-016  -6.3196768150419072E-016  -2.2269795829741403E-015   2.7191469571280747E-015  -4.0320944584529897E-015  -9.2797136808575048E-015   8.0423553821517254E-015   2.9643620089930382E-002   7.9920904353585315E-016  -2.4327785744022043E-015   2.2474824938937168E-015  -5.5929244576440623E-015  -1.8181142487708319E-015  -2.9376814588079213E-015   5.9402547553550057E-015  -4.3025610215184808E-015   1.0032065152796688E-014   2.9514114076638541E-016
   2.9868183773595004E-016  -1.1100517403365471E-016  -4.9782442312453450E-017  -1.5028192443712659E-004  -3.6437646781470986E-017   5.2190502490971092E-017  -6.5968929156904597E-017  -1.3873737674905159E-016   3.6901802061499156E-016   9.0096073052620180E-017   1.7313030874667509E-015  -6.6829130199339902E-017   4.6960120363799791E-017   5.3197351042544706E-004  -1.3742543943123459E-016  -1.4687007020546094E-016  -1.5570922958724629E-016  -4.3125153692043260E-017   3.0858221342666270E-016   1.3517108008023252E-016   1.9330466763821087E-015  -2.1576701750428142E-017  -2.7349577991016600E-017  -1.3188664921126172E-017  -1.1264252287891809E-017  -5.5948662946668276E-018  -1.4708844699873232E-017  -2.4045019257602953E-017  -2.2702321484778156E-017  -1.5700459219756804E-017  -3.7964548047516238E-017  -7.4431532555730623E-017  -4.7034787889747100E-017  -3.1941250649083775E-004  -7.7441170071136635E-017   9.3252310580922128E-017   4.6862631337477078E-018  -2.8059974772329606E-016   4.1351366964713011E-016   6.2543877857240294E-003   5.5993139448024425E-016  -1.3612051205297037E-015  -3.2284797103965555E-016   2.5728629273989641E-016   7.7716711914109107E-017  -7.0504449760389243E-017  -1.6812415364008764E-016   4.6823165403446965E-015  -3.5428878256832493E-016  -1.0037011289944147E-015  -1.2904478924086399E-015   1.7862581251580675E-015   2.9643620089916174E-002   2.7290003426774333E-015  -6.3643586555646936E-015  -1.4402089026066625E-015   4.2185196553945576E-016  -2.2357038225024957E-015   1.4165691644159225E-015  -6.0964271478124414E-015  -1.3059413906993641E-015   4.8388375867764637E-016
  -1.9920063586662564E-015   7.5140962218605225E-005   5.5896283215779547E-017   5.3600138609670746E-017  -1.5028192443713190E-004   5.0229583168988708E-018   7.5140962218548060E-005  -5.1983806037185033E-016   1.3264220219911869E-015  -9.8690734169977810E-016  -1.0062520235557784E-013  -2.6598675521271551E-004  -1.3185896224069228E-016  -1.3742543943123459E-016   5.3197351042525451E-004  -2.2626777885294187E-017  -2.6598675521250761E-004  -4.9148326530260532E-016   1.0264370561683855E-015  -1.1268838740496904E-015  -1.2872599763666864E-013   1.6477987509842282E-017   9.4021416897504582E-018   3.5378267186014007E-017   1.1591186323634431E-017  -1.0862406759382894E-017  -1.9474540967909627E-018  -1.9356468119343462E-018   3.1464907019173866E-017  -1.9747590023836065E-018   1.0420661526993261E-016   1.5970625324536182E-004   1.1464603845149160E-016   1.6607069411941445E-017  -3.1941250649052919E-004   5.4144648859353277E-017   1.5970625324519515E-004  -3.1271938928623846E-003  -1.0623757745614421E-015  -2.1301284613319376E-015   6.2543877857230484E-003  -5.0174653081134803E-016  -3.1271938928606239E-003   4.2415764521504013E-016   3.4889449016201923E-016  -6.8216269086834814E-016   9.5690017408265291E-014   6.9700569077123516E-015   2.0888409441687186E-015  -9.6117847841321056E-015  -1.4821810044959414E-002  -4.8937540285856698E-015  -1.0375066648835770E-014   2.9643620089910411E-002  -2.3033349994024917E-015  -1.4821810044951089E-002   7.8737262122796425E-014  -3.3717837016531923E-014   9.4202938630471101E-016  -1.6763029700465088E-015   7.9221964688978492E-015   7.8261648835698631E-015
   1.8522604083730276E-016  -1.8481315923787207E-018  -2.4278783299836362E-017   7.9940732038302000E-017   2.3085466078319159E-017  -1.5028192443717459E-004  -1.7234374237638647E-018  -4.2474344759014965E-017  -2.7180278730030446E-017  -3.4391337578338467E-016   1.9176005116425612E-015   3.0356291018284328E-017   5.1007880714850347E-017  -1.4687007020546094E-016  -2.2626777885294187E-017   5.3197351042580106E-004  -8.4886597951065529E-018   2.1275656062103795E-016  -7.6094792986570622E-017  -1.0393138694853107E-016   2.7338164346917252E-015  -2.5957726394452243E-018  -1.3439242506103446E-017  -2.8808986803812086E-017   5.4749521006699637E-018   1.5650600272035407E-018  -4.3739292689862429E-018  -1.4469544663160226E-017  -9.0242219693101339E-018  -5.6277459334069558E-018  -4.3961020035137379E-017  -3.0131185395386711E-017  -3.8940834281308625E-017   1.2263471967804947E-016   5.9160883851982789E-017  -3.1941250649121489E-004  -2.4072874884923939E-018   1.4879880723949733E-017   1.5285270692531958E-016  -4.4881877712973244E-016   1.8948423491609690E-016   6.2543877857262854E-003  -1.5993697285881500E-016  -2.6737694674873209E-016  -1.0898844330235508E-016   4.3996302128415916E-016  -2.6028978609133701E-015  -2.2465213678458116E-015  -2.2278547647791856E-015   5.6940815606226843E-015  -6.9653213318664387E-017   5.4096013286280521E-016  -1.7881807840692073E-015   1.0279473263265122E-015   2.9643620089925962E-002  -9.6490774626012793E-016  -2.4271530852980232E-015   2.3260246118134905E-015   3.9450862149683431E-016  -8.9843754875127806E-016  -2.6921298424813819E-014   1.0325214291181569E-015
  -2.1656596661578776E-015   7.5140962218486152E-005   1.1470193848970188E-016   2.5844394456000397E-017   7.5140962218658215E-005  -8.1548262431748423E-018  -1.5028192443699765E-004   3.0404369343681027E-017   6.3508989239585325E-016  -1.5652233774390171E-015  -1.1336527729319756E-013  -2.6598675521227185E-004  -1.9506997714347551E-016  -1.5570922958724629E-016  -2.6598675521250761E-004  -8.4886597951065529E-018   5.3197351042513991E-004   1.2923118968556840E-017   5.8498005894830630E-016  -1.0606085327130561E-015  -1.4323774716036546E-013   2.0847352054402650E-017  -3.0466909035253633E-017  -3.6901401634187638E-019  -1.5902932963375961E-017   1.3433683461314740E-017   1.5596193197327213E-017  -5.4484436343048463E-017   3.6497443691288738E-018  -2.1130779985334243E-017  -1.1014908354221130E-017   1.5970625324502973E-004   1.8618205711936828E-016   1.2206153355818019E-016   1.5970625324531433E-004  -2.6529191021978530E-017  -3.1941250649020745E-004  -3.1271938928612015E-003  -1.2044276467389805E-015  -1.5520666177832912E-015  -3.1271938928609968E-003   1.1972249550120235E-016   6.2543877857222470E-003  -7.8610966110896679E-016  -1.0891608560395453E-015  -4.0751820393000060E-016   1.1676204261871784E-013  -1.2503441883969601E-014  -1.6233962452395429E-014  -1.4500942598080617E-015  -1.4821810044954579E-002  -5.1964039828373298E-015  -7.2692177480348140E-015  -1.4821810044952723E-002   4.9018389580694022E-016   2.9643620089907237E-002   9.9585673548455088E-014  -5.0336748794474662E-014  -4.8710294774136823E-015   7.2898278035847614E-015   3.3062792224470811E-015   1.8292727088532924E-014
   1.3721026436658333E-015  -4.3576234996979193E-016  -2.1761250354373402E-016  -3.0179858447240410E-017  -2.7706529669585708E-016  -1.9772065992497375E-016  -4.2638335626491102E-016  0.28199020863217467        1.9085151153103254E-015   8.4577408749296303E-015  -7.3039830034861687E-016  -2.8184785378224407E-016   1.6668580119805138E-016  -4.3125153692043260E-017  -4.9148326530260532E-016   2.1275656062103795E-016   1.2923118968556840E-017  0.21684445789485288        2.2292950766638818E-015   5.5749680483847587E-015   2.8825779166495748E-016  -2.7932737991340292E-014  -6.9851456741732883E-017   2.4408791325654050E-016  -1.4078029163590521E-014  -2.0985159127429963E-018  -1.3482296019012289E-014  -2.3374134688344385E-016   3.2342737234347179E-016  -9.6393382227307124E-017   7.0948884153304727E-016  -4.4948082985633404E-016  -2.0188016883931839E-016  -4.3919371251371357E-018  -2.3191306972438353E-016  -1.4262840722949055E-016  -5.6347537657709356E-016   6.6557343398276510E-016  -5.7549426335618864E-016   6.7899493809891574E-016  -1.4621051715998088E-015   2.1330237625583562E-015  -3.7012030858043206E-017   3.0752504823967606E-002   1.0021597027237350E-016   2.3526922445061135E-017  -3.4601658283843861E-016 -0.12848887788618263        9.9401685405560856E-016  -2.8023535070828105E-014   4.4494896468496584E-015  -3.6312571199459988E-015   3.2790740239192108E-015  -5.1153161404404971E-015   1.0015460658799427E-014   6.2992830534603233E-016   3.7446529128066875E-016   8.3141466775734919E-016   4.6140701499381286E-002   2.4500429134222450E-014  -1.6947416732757848E-014   8.9456668534544778E-016
  -2.3181046283097244E-016   2.4690347815960574E-016   1.8026758697509569E-016  -3.9807247889477626E-016  -3.3387228716620645E-016  -1.8088164417676887E-017   2.3174833590739704E-016   3.8936505566316470E-016  0.28199020863215857       -9.1466834594479961E-016   5.4120555978966521E-016   4.1043898893695713E-016  -2.9004671457597992E-016   3.0858221342666270E-016   1.0264370561683855E-015  -7.6094792986570622E-017   5.8498005894830630E-016   2.2292950766638818E-015  0.21684445789482307       -2.3671259178559414E-015   5.3629183219614911E-015  -4.3386600741086085E-016  -1.1860913773025088E-014   3.0361952747182852E-016  -2.2266951800773979E-016   1.6775384857733522E-018  -1.8997064396178380E-016  -2.2790035732207411E-014   2.8123883131047454E-016  -1.1241025165424415E-014   8.1841552194635928E-016  -3.7555743000933069E-017   1.2187549450901410E-016  -9.6914398658787135E-017  -2.3070955713895896E-016   9.4583325982243740E-017  -1.0112934030221515E-016  -1.3019589718166397E-015  -1.3144177196484210E-015   6.6918141710203180E-016  -4.7851308025175719E-017  -4.4973736489933491E-016   9.2097035378028101E-016  -5.1100141131643507E-017   3.0752504823970534E-002   1.5584262735002078E-016  -1.6020045926924240E-015   4.9242551159156989E-015 -0.12848887788616803       -5.3117131190454798E-015  -5.9880878949970657E-015  -5.9677280684826355E-015   2.9864271177722245E-015   1.2045511014481177E-017  -2.0970503917657073E-015   4.9649012860054944E-015  -7.3273846677046363E-016   1.9387500077986399E-016  -1.1898074610222949E-015   4.6140701499363015E-002  -1.6074903763900786E-014  -6.1421741597115872E-017
   1.4385895719838868E-015   6.7599802781782671E-017  -1.5230942719424876E-016  -1.9142075518095232E-016  -7.9217688243676930E-016  -1.9506354443195280E-017  -4.6763877959253763E-016  -2.0679844311731554E-015  -1.9301868316557083E-015  0.28199020863213847        4.6992037343595826E-015  -1.7220245028885242E-015   3.5049894167682638E-016   1.3517108008023252E-016  -1.1268838740496904E-015  -1.0393138694853107E-016  -1.0606085327130561E-015   5.5749680483847587E-015  -2.3671259178559414E-015  0.21684445789479456       -1.9826147059537056E-015  -2.5827292561280046E-015   1.3333530601020240E-016  -8.5377968201009125E-015  -1.1299143852977864E-015  -1.5275901409364023E-018  -1.1844353480571370E-015   2.5251681458220974E-016  -8.1572814856724815E-015   1.0419175627967123E-016  -1.4291146929199746E-014   6.7609328386104591E-017  -4.8463950228577941E-016  -7.6900253983530049E-017  -4.8329982416016785E-016   1.9061840897227050E-016  -4.8357406078486290E-016   2.4577182338685912E-015   2.1536931142924075E-016   8.6330846891355907E-016  -3.3887710834075670E-015   2.2096224675992657E-015   1.5152302535650943E-015  -1.7056938800905539E-015   6.8327550177008628E-016   3.0752504823970035E-002   1.3070132484229648E-015   6.8420861907277847E-015   1.3580437685774024E-014 -0.12848887788617600        1.0951170540291829E-014  -4.2239701798396929E-016   3.8015874139497540E-015  -1.8701100053966365E-014   1.1306401498041374E-014   4.7290610961804390E-015   1.1278404936605944E-015  -6.7206995191146096E-016  -5.9171217521684941E-015   1.6382362985938500E-014   4.6140701499383659E-002   7.2064243273645787E-016
   1.4894140696998815E-002  -4.6218341017554698E-014  -9.4893009033032328E-016  -9.9153652332765015E-016  -5.5042789809202745E-014  -1.7996106564933361E-015  -4.8379544402209080E-014   3.2515443795061368E-015   1.3422830773536902E-015  -4.1740157539383627E-015  0.71808569296462188       -1.5516312938720454E-013   3.3166866282392310E-015   1.9330466763821087E-015  -1.2872599763666864E-013   2.7338164346917252E-015  -1.4323774716036546E-013   2.8825779166495748E-016   5.3629183219614911E-015  -1.9826147059537056E-015  0.93246126537814600       -3.8131448718285574E-016  -1.1588609712915982E-016   4.0057716168953006E-017   2.3520443625710186E-016  -7.2894162124634977E-022   2.4132625231097823E-016  -5.3369897695370498E-017   6.4738657080720072E-017   1.7019009581147244E-016  -9.2527031856733397E-017  -3.0628042564441776E-014  -4.2404611055570140E-015  -1.4910622529497973E-015  -5.5043443376506274E-014  -1.2504295610196267E-015  -2.4262998417674696E-014  -3.0201800500526199E-015   3.3231666637226391E-015   6.2613540555737460E-016   1.3066529629100126E-014   5.0908348605440050E-016  -3.2892391820296886E-015   3.0592273811730520E-016   1.6007238172799298E-016  -1.3059389336174687E-015 -0.48956340589320285        1.6032641938425387E-016   3.8883145030346645E-015  -5.4646896221122052E-015  -2.3382636766018118E-014   3.0187113749607244E-015  -2.1602202019783446E-015  -2.0863776491004090E-014   1.3542654236294302E-015  -6.9475690455404671E-016 -0.31362809928316193       0.14932467219693862        5.6673256025653194E-015  -4.0120157764624827E-015   9.5725548470214182E-016  -4.7537727341895729E-002
  -6.5265768696627804E-018   1.0544366871773160E-017  -1.1435971453321938E-017   6.0953942226787047E-018  -4.6550131260886837E-018   7.3330288075195100E-019  -5.8893537454540737E-018  -3.6326470146291673E-014  -5.2697857899445014E-016  -3.4129796676783024E-015  -2.8895129153695984E-016  -3.7325339563934148E-017   4.0481474415203230E-017  -2.1576701750428142E-017   1.6477987509842282E-017  -2.5957726394452243E-018   2.0847352054402650E-017  -2.7932737991340292E-014  -4.3386600741086085E-016  -2.5827292561280046E-015  -3.8131448718285574E-016   3.7509847144182433E-027   6.1943793107331903E-029   1.1404346374057434E-028   1.8704503168032991E-027  -4.5766072143469242E-030   1.8059035526300164E-027   1.0615070331333268E-028   9.1929069466355241E-029   4.3417116694722369E-029   1.4702963768758546E-028   2.2411229191272160E-017  -2.4306265172999919E-017   1.2955284902040572E-017  -9.8938672494528545E-018   1.5585780661004393E-018  -1.2517361941581840E-017  -4.3883227884947123E-016   4.7593880929917411E-016  -2.5367627755803358E-016   1.9373093169984576E-016  -3.0518378024424749E-017   2.4510134714974668E-016  -4.1282676982559839E-015  -1.3737032242849064E-016   1.2699954068536179E-016   9.1003653102814564E-017   1.4197399856914339E-014  -1.7638187749516552E-015   9.9902906855425288E-015  -2.0799121837469456E-015   2.2557842161810322E-015  -1.2023372159493977E-015   9.1821715181818720E-016  -1.4464648418159974E-016   1.1616950319288194E-015   7.5724342239573123E-018   2.5327413558468834E-016  -4.4550244773294380E-015  -6.5419329445134736E-015   6.3088545005111613E-015  -3.7265246332533808E-016
  -1.9200348540338635E-018  -5.9507733232099138E-018  -5.8332339041162275E-018   7.7262253335798716E-018  -2.6560945597314754E-018   3.7965710457804277E-018   8.6068678829494786E-018  -9.4450909207794406E-017  -1.5437475429328446E-014   1.4024724711835473E-016  -8.8388944613944918E-017   2.1064767345428846E-017   2.0648696965548374E-017  -2.7349577991016600E-017   9.4021416897504582E-018  -1.3439242506103446E-017  -3.0466909035253633E-017  -6.9851456741732883E-017  -1.1860913773025088E-014   1.3333530601020240E-016  -1.1588609712915982E-016   6.1943793107331903E-029   6.7968643631432305E-028  -2.3596753373510304E-029   3.2667166704424753E-029  -1.4145725053046967E-030   2.7024996825728111E-029   1.2898413003195981E-027  -2.0708108120910182E-029   6.3030186914561649E-028  -6.1296953669080241E-029  -1.2647904462487688E-017  -1.2398083596811078E-017   1.6421489202708911E-017  -5.6453217775937906E-018   8.0693155770511138E-018   1.8293226240115489E-017   2.4765748860185165E-016   2.4276576852285058E-016  -3.2154771464990938E-016   1.1054054194767890E-016  -1.5800454821875755E-016  -3.5819803054950472E-016   2.4877951161700539E-017  -1.7698671615162516E-015   8.0041892272819517E-017   3.7276735285143100E-017   6.3254173619986789E-016   6.0938243530201407E-015   1.6281346594027501E-015   1.1738102522669983E-015   1.1506252025743304E-015  -1.5240241923628982E-015   5.2392367443377090E-016  -7.4888653539585943E-016  -1.6977339267006971E-015   1.4576066552770393E-017   8.3342260595260451E-017   4.2823211717031035E-016   5.3405641631022115E-016   5.8126620269195428E-015  -8.0100209809714950E-017
   7.1103454232526926E-019   9.8900750438161120E-018  -8.2165417362989218E-019   3.7257831569843983E-018  -9.9943210925771827E-018   8.1385066983807261E-018   1.0424604881289464E-019   3.0949972240446441E-016   4.2411589587981526E-016  -1.1105060540316684E-014   3.0166577297680824E-017  -3.5009253169512709E-017   2.9085218115507428E-018  -1.3188664921126172E-017   3.5378267186014007E-017  -2.8808986803812086E-017  -3.6901401634187638E-019   2.4408791325654050E-016   3.0361952747182852E-016  -8.5377968201009125E-015   4.0057716168953006E-017   1.1404346374057434E-028  -2.3596753373510304E-029   3.7331354732781877E-028   4.0775097369362554E-029  -2.0704410731308691E-030   5.2036193866092972E-029  -5.3801850703246239E-029   3.5266392894246450E-028  -2.4268489467371277E-029   6.3245436071624467E-028   2.1020582954080784E-017  -1.7463618466016238E-018   7.9188614417013131E-018  -2.1242149798247273E-017   1.7297761080443086E-017   2.2156684420482371E-019  -4.1160215897990782E-016   3.4195355475876456E-017  -1.5505851922372238E-016   4.1594063958424136E-016  -3.3870591609135009E-016  -4.3384806043530304E-018  -1.5145614894404512E-016  -1.5446163386769521E-016  -9.6958732677639025E-016  -7.9185800191438108E-018  -2.6272565387838359E-015  -3.7551483347907639E-015   8.5905425829382399E-015  -1.9508508981228964E-015   1.6207407683938835E-016  -7.3492338387865138E-016   1.9714137853645886E-015  -1.6053480920606207E-015  -2.0562887241589545E-017   2.0243190091669135E-018  -1.3177591546173450E-017   2.7729640359480397E-015  -4.0876180096033500E-015  -2.9993434513404929E-015   2.2530913799634695E-017
