   1.4273070396595027E-004  -4.1404266884612601E-010   3.7136334523231653E-011  -3.0292293900635789E-017  -6.0448993501522337E-018  -1.6847039784762075E-018   2.4594604424615201E-018  -2.1404689811977780E-017   2.3747577496383008E-018  -7.2226301518141792E-018   4.3302251686200798E-003  -6.6172957808721123E-009   5.3032011291844608E-010   2.6034798056281517E-015  -9.1012632178359067E-017   3.6056461945596275E-017   2.5129447313415502E-017   3.3413227010899455E-017  -8.9750752995542247E-018  -1.2252249088936578E-017   9.0170658787927793E-003  -1.2729529527205118E-008   9.2579427538301015E-010   1.3134958900267699E-011  -6.4241328803480163E-011   1.3133455443382433E-011  -1.2200489998871830E-011   1.9746449346267754E-012  -5.4224773816740650E-012   5.2842757072471527E-011  -3.6282498601153029E-011  -6.6547105614573501E-012   1.7254299847926043E-011   4.3114465562703486E-015  -6.6092586041953766E-016   3.5686835635961362E-016   2.4238136859466674E-016   4.7822604720886300E-016  -8.3712860160392098E-017   1.6289650364827491E-016   5.2185024096059194E-003  -7.4290074594447323E-009   5.2005862340682299E-010  -4.8291620446383493E-015   2.6239101429909330E-015   1.7760316849994692E-015   3.5826527556839379E-015  -5.9556229079251446E-016   1.2195830764268342E-015  -1.2064140256905358E-015  -9.0563705462004627E-003   1.2408600816594865E-008  -9.4166426970801727E-010   2.5853464406120231E-012  -2.4795209644985760E-011  -1.5751361208624952E-012  -3.0146586892050370E-012  -2.7762919749560815E-012  -4.5404860690072469E-013   1.9999417152954095E-011  -1.1498661969258544E-011  -2.0368401067642469E-012   9.7446619797063642E-012  -3.0964798197553575E-015  -2.4231276808656878E-003   3.2959336470644772E-009  -2.5284488373116700E-010   1.4472136110095998E-015  -2.5313784699721038E-016
  -4.1404266884612601E-010   1.4273052908205419E-004   2.6302908108100058E-010  -3.3400424250944703E-017  -9.1192830158398211E-018   1.4725208540685293E-018   2.8565898647598501E-018  -1.4451156070873968E-017   7.3923430010309158E-018   1.3298574197453283E-017  -6.6646947839367298E-009   4.3302223292066115E-003   4.2082317432893928E-009  -3.9869319719648008E-015   6.6810819402367207E-017  -2.6632096369216591E-017   3.9285359987154291E-018  -2.7326536108443320E-017  -3.4552015610006462E-017  -5.6297600906604914E-017  -1.2823065553250716E-008   9.0170604947122056E-003   8.0236161321576998E-009  -2.7736264703453571E-011  -6.8954800680248262E-012  -1.9857525153653671E-011  -5.0467746100241557E-012  -3.3414146863812797E-011   4.2258885346988593E-011   5.6990878577077009E-012   9.4954361585379030E-012  -7.4922377878695833E-013   7.7234383348310855E-012  -7.2151771158129444E-015   5.6154501409682638E-016  -1.7686728982037827E-016   1.0286737012624052E-016  -2.2099683815947250E-016  -3.4680226815587766E-016  -4.1257944865931999E-016  -7.4835790311677676E-009   5.2184992887701603E-003   4.6689991824751564E-009   4.3474820715657515E-015  -1.3195957327622436E-015   7.3227248052447576E-016  -1.4458079543012255E-015  -2.5390494324452087E-015  -2.9034920306281279E-015   7.1753739504436717E-015   1.2498439614109883E-008  -9.0563652643035533E-003  -7.8476974305055521E-009  -8.9214199508189514E-012  -6.1641439825625770E-012  -7.7366833055264199E-012  -4.3445212897279626E-012  -1.6046266276982360E-011   1.6313879520609438E-011   4.8642580052523018E-012   7.8989990171294336E-013  -3.6169525100171925E-013   5.1778165788164384E-012   1.6933475696996373E-014   3.3197380455366051E-009  -2.4231262753712421E-003  -2.0862868391644630E-009  -1.2953911843801172E-014   2.9808550409292144E-015
   3.7136334523231653E-011   2.6302908108100058E-010   1.4273042710715193E-004   6.6118301998524420E-018   6.1418983316833051E-018  -3.2615367246056693E-018  -9.4318997152410686E-018  -2.7205691640976053E-018   6.3311863318502077E-018  -1.2572367512115052E-017   7.1974467495412485E-010   4.2871909413349210E-009   4.3302206885309476E-003   2.5378976754818016E-015  -5.9298240987653884E-017  -2.5186323031077153E-017   1.1309838385262311E-017  -1.9471642934599677E-017   1.9395469822476397E-017  -3.3885481251262924E-017   1.3482040432583957E-009   8.1847405059685599E-009   9.0170573538454549E-003  -2.5897491112548115E-011  -1.2322082599918781E-011   1.3857077449442920E-012   5.0950349487765650E-011  -2.0331976460760632E-011  -1.6205182936901531E-011  -5.9083201432388382E-012   1.4811232497496379E-011   2.0248886115975667E-011  -1.2072009988711210E-011   4.2103503725335319E-015  -9.1356582340177317E-017  -2.8786316346133127E-016   2.8952930766683748E-017   1.6499845573831881E-016   2.0552784208804345E-016  -1.2240596448472369E-016   7.6290957657781969E-010   4.7626332507550016E-009   5.2184974500081348E-003  -5.9670523134964078E-016  -2.0785525331881642E-015   2.6818619850883499E-016   1.3022700401773860E-015   1.4981112225053735E-015  -7.1399101689905583E-016  -3.6904795598568044E-015  -1.3419406394261143E-009  -8.0016193276198871E-009  -9.0563622029177365E-003  -5.6922254907378290E-012  -4.3337187849094702E-012  -1.4676803689626408E-012   2.1218304084995072E-011  -8.6772173254475739E-012  -1.3581412896891923E-011  -5.9115544863401752E-013   6.8666003327512034E-012   5.1268208292810097E-012  -4.0240896841742560E-012  -8.6275338210778720E-015  -3.5893673917846930E-010  -2.1270612221520100E-009  -2.4231254625487020E-003   6.4420977143160015E-015  -1.4677298376525806E-015
  -3.0292293900635789E-017  -3.3400424250944703E-017   6.6118301998524420E-018   8.3849326711392887E-005   1.3851018814859495E-011  -3.3251687873636213E-011   8.5825345488248885E-012  -3.4624452556837568E-012   2.5344612235308166E-011  -1.0390488846528218E-011  -1.6390230889780378E-015   4.7455585108427790E-016  -7.1964208729723081E-016   5.9803829030112797E-003   7.0053316520466857E-012   8.6079783961849196E-012   1.7682017997149431E-011  -6.3022539956444506E-012   7.0718207719951595E-012  -6.9804969276001452E-013  -3.3849977998428120E-015   7.8633669362970609E-016  -1.3295699567366546E-015  -1.5974618486473518E-018  -4.8526709341782402E-018   1.1659725838013468E-018  -2.8641305567305504E-018  -1.9107090869645011E-018  -5.6090164943598606E-018   2.7031871132163940E-018   4.4801367661867763E-018  -8.4896498047828922E-018  -1.4993777392001727E-017   1.1286166196165731E-002   6.3791398006909736E-011  -1.8124273641307799E-010   2.9460601625987901E-011  -1.1234620177808031E-011   1.2362390027613324E-010  -5.2555370860831793E-011   5.2644505769142480E-016  -5.9337713165650507E-017  -5.3999326858847445E-016   5.5721254447571933E-010  -1.6679458950908747E-009   1.9810222846624520E-010  -8.3078889962068707E-011   1.1030404709689068E-009  -4.7413528027602215E-010  -3.8079000596192630E-003   7.1538597077585465E-014  -1.7250672017421070E-014   9.0380964583254429E-015  -7.4984738089267625E-018  -9.0413528745185056E-019   2.1673660217088144E-018  -6.3833723135009774E-018  -6.4815924991637690E-019  -3.1644404439619230E-018  -9.9003893411701535E-018  -6.4156760823920864E-019  -3.1879134405883385E-018  -5.1495296694784744E-018  -9.0071913568543667E-003   2.2575060648222858E-014  -5.4406684877003612E-015   2.8023724987425208E-015   4.7944432236474528E-003  -9.1693770611567336E-004
  -6.0448993501522337E-018  -9.1192830158398211E-018   6.1418983316833051E-018   1.3851018814859495E-011   2.0860677272300579E-008  -5.3122304058889350E-014   1.0813900678593401E-014  -1.0430350771550163E-008  -6.8001479502633649E-014  -1.0430326497275933E-008  -1.5978348031256256E-016  -2.7642776057198263E-016   1.8166973873009243E-016   9.8999688107775952E-010   2.7479316643085187E-006  -3.3016633966939649E-012   1.0544224735784864E-012  -1.3739666811986354E-006  -4.3595657440108987E-012  -1.3739649831094740E-006  -3.4133279611651261E-016  -5.8283698361081789E-016   3.8191180884942625E-016   2.8403402315754819E-020   9.6911648516490046E-021   4.6683105729638890E-020  -1.1382023078252129E-019   1.6705478468991406E-020   1.0165766124178059E-020  -4.4394457823081023E-020  -5.6939562443879835E-021  -4.8606500496653199E-021   5.3886988996862215E-020   1.8658755106453922E-009   2.5533525144626871E-005  -3.0536161433066893E-011   9.9780647347284315E-012  -1.2766770450835860E-005  -4.0896973087824363E-011  -1.2766754693798011E-005  -1.5375355290479341E-016  -2.3077269895463102E-016   1.7344066977982640E-016   1.8748094702340803E-004  -2.2369424735910711E-010   7.3160391865615116E-011  -9.3740531285190613E-005  -2.9994231578955514E-010  -9.3740415738191818E-005  -6.9684974386570028E-010   1.4246299472500576E-015   3.4492190930444736E-015  -1.6480610493715597E-015  -7.7072164284084266E-020   1.5405660363084024E-020  -1.4151877482131311E-020   3.3071892575411461E-020  -1.0026796072042185E-021   5.0977416412314242E-020   6.1427491673123910E-020   4.7553894362633090E-020   4.1154922866763052E-020   1.7842424733505332E-020  -1.6461777055904845E-009   4.3589602203029927E-016   1.0673549324249257E-015  -5.0476908618342988E-016   9.3205893636843932E-010  -1.8538032064946731E-010
  -1.6847039784762075E-018   1.4725208540685293E-018  -3.2615367246056693E-018  -3.3251687873636213E-011  -5.3122304058889350E-014   2.0860663203989822E-008   4.9762896282309927E-014  -3.8794208143647511E-014   1.4597551666267593E-014   9.1916801698588689E-014  -4.9885238491243401E-017   5.0379808605146688E-017  -8.7922646093519602E-017  -2.3760408250617940E-009  -3.7318030271315758E-012   2.7479307125153073E-006   3.1250907943791947E-012  -2.3569481557279993E-012   1.4967689096802688E-013   6.0887474627864125E-012  -1.0712385401772784E-016   1.0367149675291157E-016  -1.8633674797119091E-016  -6.5442786258037647E-020   1.2133478173845663E-020  -6.2104341169993276E-020   1.3430692313262582E-019  -5.0180912560351681E-020  -3.2694330085644371E-020  -8.7050512366783680E-020   2.6362255536075056E-021   7.1402414407006930E-020   7.6124777387098656E-020  -4.4767711127963691E-009  -3.4578698331040263E-011   2.5533516381886199E-005   2.9544504585969180E-011  -2.2368730811018104E-011   1.7246749620273032E-012   5.6947427883852555E-011   1.1998761691117989E-017   6.7818561574624938E-017  -8.2622904628480108E-017  -2.5359911848596515E-010   1.8748088386331049E-004   2.1789048811702029E-010  -1.6525036806256585E-010   1.2052589254145886E-011   4.1884948679584715E-010   1.6887380274119651E-009   2.1330945211588277E-015   9.2389842246879113E-017   8.5118779073701414E-016   2.5796715408169931E-020  -4.3932117669138516E-020   5.3519992696196842E-020   1.9359380337896464E-020   1.7944023574986694E-020  -5.5466669690879535E-020   1.2721091182298568E-020   8.0247041746102189E-020  -8.1225777457630683E-020  -2.3747225493256938E-020   3.9879486948029748E-009   6.7286521704962550E-016   3.4651718742940254E-017   2.6126347901057658E-016  -2.2703925254704793E-009   4.5304723384352710E-010
   2.4594604424615201E-018   2.8565898647598501E-018  -9.4318997152410686E-018   8.5825345488248885E-012   1.0813900678593401E-014   4.9762896282309927E-014   2.0860648647725636E-008  -1.8554111893449566E-014  -7.5774592162491370E-014   7.7399853351144438E-015   6.2575568101483645E-017   8.8562373561474934E-017  -2.8850890648271143E-016   6.1347712538416082E-010   3.4984395215877768E-013   3.2934007063380397E-012   2.7479297789573160E-006  -8.6134618929174407E-013  -5.3385235197758958E-012   5.1150301422302632E-013   1.3534736817626080E-016   1.8177276974183626E-016  -5.9970628727615393E-016   1.8073024015698382E-020   2.1498551024879690E-020  -8.3636714837712932E-020  -3.6040231840241937E-021   3.1576466540736818E-020   3.6850362018347022E-021   1.5296836727714855E-019   3.0746897046038632E-022  -1.4588154473452730E-021  -1.0211241656450674E-019   1.1570621464684632E-009   3.3437024255403729E-012   3.1125183316947931E-011   2.5533507592931494E-005  -8.2925909692137747E-012  -5.0065039278220506E-011   4.9488888238468234E-012   3.9900242357162951E-017   1.3602290384923770E-016  -3.5684859738178695E-016   2.3960986749306709E-011   2.2957777984175777E-010   1.8748081842519243E-004  -6.0377716325752917E-011  -3.6877968501013817E-010   3.6416727432403114E-011  -4.2285951096648849E-010  -1.1428466669771294E-015   6.3739264133387633E-016   3.3987743523761218E-016  -1.1497325359385253E-020   9.6159984412231780E-020  -9.3567335803091954E-021   1.7792561033748869E-020  -3.8837755995013858E-020  -3.2025805736985499E-021   5.9736367567679070E-021  -9.9474200237922820E-020  -4.2049044148209426E-021  -2.0174662860422162E-020  -9.9971584475054687E-010  -3.5663028204824789E-016   2.1192882111242102E-016   7.7703616892903506E-017   5.5917908882780929E-010  -1.1040046818699589E-010
  -2.1404689811977780E-017  -1.4451156070873968E-017  -2.7205691640976053E-018  -3.4624452556837568E-012  -1.0430350771550163E-008  -3.8794208143647511E-014  -1.8554111893449566E-014   2.0860636277831697E-008   3.1964710959400637E-014  -1.0430285506899396E-008  -6.4089669916142333E-016  -4.2186909495141184E-016  -8.7817471739112646E-017  -2.4754055066341501E-010  -1.3739665868186095E-006  -2.6211808050554343E-012  -1.5221281436651750E-012   2.7479290010918900E-006   2.0664802506605183E-012  -1.3739624142853418E-006  -1.3438479443292342E-015  -8.8579647251054595E-016  -1.8225449669192738E-016   3.8994835375227449E-020  -1.3028853573696136E-020  -1.5892151914257353E-020   5.3584608083672068E-020   8.4274702735304753E-020   1.4070904040417148E-020  -1.5214596318699437E-019  -1.6005944433380248E-019  -3.7488590394685482E-020  -9.5849388142590823E-020  -4.6681071940440325E-010  -1.2766769570082924E-005  -2.4852749335445023E-011  -1.4506015363211855E-011   2.5533500038278932E-005   1.9454699537734910E-011  -1.2766730468190150E-005  -6.3093165783590543E-016  -4.3434229601021040E-016  -1.1066422783093022E-016  -9.3740524790791451E-005  -1.8363412497408889E-010  -1.0632788366577703E-010   1.8748076282132308E-004   1.4292495619016944E-010  -9.3740238030475356E-005   1.7109519652892578E-010   5.3242516951933326E-015   2.9754892357483658E-015   3.9590410981585387E-017   5.8396408198017506E-020   1.2333082562510287E-019  -1.2205516082279531E-019  -1.9832189677426299E-020  -2.9218207876875068E-020  -5.1287527025237981E-021  -1.9763350291737037E-019  -1.5311627250514240E-019   9.8244037646642475E-020   5.8091011095865801E-020   4.0442242789208319E-010   1.6250450129659521E-015   9.0139660264086101E-016   3.3772143973702169E-018  -2.2657647551021404E-010   4.4777658318517952E-011
   2.3747577496383008E-018   7.3923430010309158E-018   6.3311863318502077E-018   2.5344612235308166E-011  -6.8001479502633649E-014   1.4597551666267593E-014  -7.5774592162491370E-014   3.1964710959400637E-014   2.0860608861568610E-008   3.6036830042320040E-014   7.7743490308962496E-017   2.3396453028935209E-016   1.8296900729633936E-016   1.8112388761989852E-009  -4.5216322803714214E-012   1.6900955508249702E-012  -4.5297888490607416E-012   2.0881355809861775E-012   2.7479272192628484E-006   2.4334996006485313E-012   1.5963758491117821E-016   4.8651878310776988E-016   3.8472213875522248E-016  -1.1715052314456601E-020  -7.8788907413407386E-021   4.8708891627347281E-020  -3.8784162380751261E-021  -2.9562494552138009E-021   4.9167618542984470E-020   2.2864738899741373E-019   1.5763688840475303E-020   8.5461485953375109E-020  -9.9256901811596252E-020   3.4134006090326014E-009  -4.2420507569938676E-011   1.6218921710351456E-011  -4.2449912788711538E-011   1.9653236716277915E-011   2.5533483260064806E-005   2.2767271349747228E-011   1.1732455846065607E-016   2.8821176613229483E-016   1.9772407486129860E-016  -3.1121045167904573E-010   1.1921244626080855E-010  -3.1244181366713801E-010   1.4438809066171042E-010   1.8748063957809924E-004   1.6682235915877636E-010  -1.2780814878731059E-009   5.0643048660633965E-016  -3.0015744573101038E-016  -1.0356991256922878E-015   1.3412753690785535E-020  -2.2715191060507291E-020  -6.9171595377550673E-020   3.2639946208596249E-020  -1.3932390530836030E-020  -3.9231913855661657E-020   1.5058856915533082E-019   2.9084757570595362E-020   1.1902974327639473E-019   1.2876059918807666E-019  -3.0189381190662345E-009   1.6914424182182175E-016  -7.0849624819046723E-017  -3.0993509044934351E-016   1.7117316248466893E-009  -3.4074025044240342E-010
  -7.2226301518141792E-018   1.3298574197453283E-017  -1.2572367512115052E-017  -1.0390488846528218E-011  -1.0430326497275933E-008   9.1916801698588689E-014   7.7399853351144438E-015  -1.0430285506899396E-008   3.6036830042320040E-014   2.0860612001318707E-008  -1.9294254910674740E-016   3.8442237805292085E-016  -3.7427929109700681E-016  -7.4259315792944112E-010  -1.3739650770321815E-006   5.9228822370187917E-012   4.6767594082391862E-013  -1.3739623199746540E-006   2.2930936714048876E-012   2.7479273970184875E-006  -4.1739601656347460E-016   8.1632335240726576E-016  -7.8199682395289775E-016  -6.7397151280069146E-020   3.3535476768013573E-021  -3.0792149615598803E-020   6.0235108012062123E-020  -1.0097704365514065E-019  -2.4237612777638756E-020   1.9652823647236805E-019   1.6576026016808132E-019   4.2349728864329700E-020   4.1958177812008361E-020  -1.3993229090063121E-009  -1.2766755570290785E-005   5.5389264194658188E-011   4.5276743900482728E-012  -1.2766729588199430E-005   2.1442349538437152E-011   2.5533485158491355E-005  -2.9422077508819996E-017   2.7211376456807993E-016  -4.1914026982273521E-016  -9.3740422201387546E-005   4.0733096738679071E-010   3.3165463508622203E-011  -9.3740231541686046E-005   1.5701791754252501E-010   1.8748065374299175E-004   5.2584388393477123E-010   6.1324507957468607E-015  -6.1836668715406630E-015   1.6760914559727707E-015   1.8677161076450160E-020  -1.3873329752357338E-019   1.3620853681197065E-019  -1.3239896144156375E-020   3.0226220416638908E-020  -4.5850355205009639E-020   1.3620274331260877E-019   1.0556467579673443E-019  -1.3939776417356995E-019  -7.5936265258819900E-020   1.2419664874669770E-009   1.9290360058178849E-015  -1.9251546992693409E-015   4.9338341766485104E-016  -7.0559674391968041E-010   1.4062475582734479E-010
   4.3302251686200798E-003  -6.6646947839367298E-009   7.1974467495412485E-010  -1.6390230889780378E-015  -1.5978348031256256E-016  -4.9885238491243401E-017   6.2575568101483645E-017  -6.4089669916142333E-016   7.7743490308962496E-017  -1.9294254910674740E-016  0.13145490457070377       -2.1707079973610307E-008   3.7471025815438726E-009   1.0496615695819932E-015  -4.0522681037506728E-016  -1.8109399796709265E-016  -9.6136162412869668E-017  -6.6349972443205031E-016  -6.1317189831504775E-018  -9.8177336780150792E-016  0.27368824398375796       -1.3361124733848401E-008   2.3759387042018595E-009   3.9933002047885459E-010  -1.9504858146617766E-009   3.9936197069446413E-010  -3.7094296119218188E-010   5.9779038790318097E-011  -1.6483194112486244E-010   1.6041220717930347E-009  -1.1011768932116507E-009  -2.0167102901175367E-010   5.2310262107459361E-010  -1.3954308886631026E-014   1.6616943226837160E-015  -1.0746787662351092E-015  -7.1325612785641503E-016  -1.4174732743846196E-015   3.1602224194628216E-017  -8.2459948876044612E-016  0.15896465440793839       -9.0959357731889822E-009   9.2651716546261266E-010   1.2915853369661450E-014  -7.7992859274588168E-015  -5.3224114091076794E-015  -8.2136819090848932E-015   7.0049562813055905E-016  -5.4798614775862249E-015   5.6729834178152248E-015 -0.25960219540099588        1.6194144830691067E-008  -2.1685095313188677E-009   8.0044366296692343E-011  -7.5720822510134438E-010  -4.7025938974010877E-011  -9.1601641617105439E-011  -8.0228289183362902E-011  -1.5792520788506554E-011   6.0930494665599683E-010  -3.4869036190071227E-010  -6.0260627145403192E-011   2.9495037547247550E-010   7.7342521916443886E-015  -6.8688322097831364E-002   4.3161230428858843E-009  -5.7769264572644107E-010  -4.8588289203105780E-015   9.6997850282661909E-016
  -6.6172957808721123E-009   4.3302223292066115E-003   4.2871909413349210E-009   4.7455585108427790E-016  -2.7642776057198263E-016   5.0379808605146688E-017   8.8562373561474934E-017  -4.2186909495141184E-016   2.3396453028935209E-016   3.8442237805292085E-016  -2.1707079973610307E-008  0.13145489329923832        1.5554030020453713E-008   7.1236790983921965E-015   2.0263187561500793E-017  -2.0367095864742194E-016  -2.2676471230754437E-016  -1.1156586385974415E-016   8.0128025414361978E-017  -3.6589721963802772E-016  -1.3204793221603289E-008  0.27368823655346552        9.9579234415687169E-009  -8.4214459018547811E-010  -2.0931325279151798E-010  -6.0316466531012491E-010  -1.5264294646025026E-010  -1.0135626112449066E-009   1.2824986845595926E-009   1.7290680869820397E-010   2.8872606197805341E-010  -2.2622122277631930E-011   2.3436849684278248E-010   1.5062984439314890E-014  -1.6024850635831343E-015   3.2747752880987011E-016   2.3520024813720093E-017  -2.3878635895622268E-016   1.0225799277394185E-016  -2.6718575384480425E-016  -9.0132331438254426E-009  0.15896465011580391        6.2540796918452373E-009  -5.2502147919116582E-015   1.6673016231966689E-015  -6.2858173351830685E-016   3.4717190685851887E-015   8.9434117024818968E-016   1.6933105555475791E-015  -1.6754234017985892E-014   1.6061087761460900E-008 -0.25960218726723933       -1.1460792176908872E-008  -2.6611161034378646E-010  -1.8454092226182882E-010  -2.3479785064502835E-010  -1.3881288644043044E-010  -4.8568006085954093E-010   4.9583960396813801E-010   1.4683294918124495E-010   2.8071031571099987E-011  -1.2448575577803325E-011   1.5408476933846448E-010  -3.4347095408983225E-014   4.2809480828489324E-009  -6.8688319930858666E-002  -3.0538753000444415E-009   2.7322520630705008E-014  -6.3467484388873286E-015
   5.3032011291844608E-010   4.2082317432893928E-009   4.3302206885309476E-003  -7.1964208729723081E-016   1.8166973873009243E-016  -8.7922646093519602E-017  -2.8850890648271143E-016  -8.7817471739112646E-017   1.8296900729633936E-016  -3.7427929109700681E-016   3.7471025815438726E-009   1.5554030020453713E-008  0.13145488764771968        1.0866681835305836E-015  -1.5108845509020662E-015   2.0985405417622072E-016   2.2193614529888800E-016  -1.1727972651951531E-015  -1.5232343897235164E-016  -7.5133520821397964E-016   3.2264105389684141E-009   9.8586405837070222E-009  0.27368823314151824       -7.8605591803857930E-010  -3.7455706889363613E-010   4.2325863296988407E-011   1.5457311451536683E-009  -6.1693425508011771E-010  -4.9112537115674745E-010  -1.7954440163948853E-010   4.4950030088943758E-010   6.1543994503219321E-010  -3.6657076184468585E-010  -1.2044624561715774E-014  -1.1444433361620303E-016   3.6058356456357008E-016  -2.7264022796748197E-016  -5.2194520870162528E-016  -6.0670787833740942E-016  -8.4038642004682569E-016   1.3489172752020501E-009   6.1989518888492920E-009  0.15896464763862936        1.4756078212360468E-015   3.7242614438759127E-015  -2.9519083821651010E-016  -9.5141864665769084E-016  -4.8135786502646304E-015  -7.6573104926021584E-016   8.4288163042251172E-015  -2.8515609988813171E-009  -1.1371955306156571E-008 -0.25960218297429755       -1.7313047231125443E-010  -1.3168423485163725E-010  -4.2345038905479306E-011   6.4279206840536466E-010  -2.6792882679251472E-010  -4.1051410662080773E-010  -2.0358444364650535E-011   2.0834153139001546E-010   1.5899745997948246E-010  -1.2372488286128126E-010   1.9517465827779756E-014  -7.5799274453428554E-010  -3.0303460413176612E-009  -6.8688318786829794E-002  -1.4756365170575986E-014   3.3777097317261672E-015
   2.6034798056281517E-015  -3.9869319719648008E-015   2.5378976754818016E-015   5.9803829030112797E-003   9.8999688107775952E-010  -2.3760408250617940E-009   6.1347712538416082E-010  -2.4754055066341501E-010   1.8112388761989852E-009  -7.4259315792944112E-010   1.0496615695819932E-015   7.1236790983921965E-015   1.0866681835305836E-015  0.43029060310049300       -1.0567289633194554E-010   2.3877384594042840E-009   1.0236189739712606E-009  -3.5277225266666166E-010  -6.8455012384810935E-010   4.5878439361398545E-010   1.9881156285294190E-014  -6.7551263996708940E-015   1.7556119163281555E-014  -1.0048498008309820E-016  -4.1713890848261846E-016   7.8445629481608865E-017  -1.8816976723044561E-016  -1.6708751036018033E-016  -4.3701943272720693E-016   2.4376543689108063E-016   3.6475950892371469E-016  -6.6509280083654559E-016  -1.1569981269587077E-015  0.81031745432810420       -1.1206689478615132E-009   3.4339814141562832E-009  -2.5459840439893558E-010   1.5122003302950365E-010  -2.2635747597878939E-009   9.6954305255487852E-010   7.5914360559057844E-016   5.8416956454277467E-015   5.4196075531152324E-015  -1.8042496127717821E-009   9.8826810965188393E-010  -3.0998637339615139E-009   1.0373399619842618E-009  -2.5279275047216359E-009   7.6679789945772317E-010 -0.31114363440417880       -1.8924762207633893E-013   2.9173064514015077E-014  -2.1722021510394075E-014  -5.1137681890611747E-016  -4.4753779335794886E-017   1.1972518242152666E-016  -4.1248927973723142E-016  -4.2368089134176842E-017  -2.3160653957039499E-016  -8.2551321548371628E-016  -9.0667435795209468E-017  -2.1778425549207497E-016  -3.3236643973435865E-016 -0.73418768042611671       -5.9483043444125349E-014   9.4004841755681440E-015  -6.3561834048692282E-015  0.42198849252183795       -8.4680780304742201E-002
  -9.1012632178359067E-017   6.6810819402367207E-017  -5.9298240987653884E-017   7.0053316520466857E-012   2.7479316643085187E-006  -3.7318030271315758E-012   3.4984395215877768E-013  -1.3739665868186095E-006  -4.5216322803714214E-012  -1.3739650770321815E-006  -4.0522681037506728E-016   2.0263187561500793E-017  -1.5108845509020662E-015  -1.0567289633194554E-010   3.6197906395851520E-004  -4.8085213260432082E-012  -2.6394356644455395E-012  -1.8098953264533617E-004   1.0148802760056980E-011  -1.8098953131312522E-004  -1.5440782916260983E-015   2.6313787500281235E-016  -3.1895219996500493E-015   3.7415200383913511E-018   1.2764215003880107E-018   6.1493377407137665E-018  -1.4993632713008804E-017   2.2004524377395333E-018   1.3396959726551040E-018  -5.8477025889539567E-018  -7.5036083950867458E-019  -6.4021277383935374E-019   7.0989797393109139E-018  -1.1563668707396870E-010   3.3634757557695410E-003  -2.5891840048993190E-011  -7.4961484534190489E-013  -1.6817378826630197E-003   4.3151294502822090E-011  -1.6817378731074435E-003  -3.3681368009292281E-016   1.0308084102052019E-016  -1.8755795845029223E-015   2.4696457555708779E-002  -1.2176928747614612E-010  -1.9197394321756305E-011  -1.2348228803075510E-002   3.6233105774887040E-010  -1.2348228752629899E-002   4.6365313687138256E-011   4.6970947295731086E-015   3.8376246831559693E-016   3.4662344039697125E-015  -1.0152546519328246E-017   2.0291906923538709E-018  -1.8642964249608636E-018   4.3566068400511276E-018  -1.3228651815985302E-019   6.7154366222547322E-018   8.0920914779884594E-018   6.2640184063435223E-018   5.4213502438927463E-018   2.3506565655260530E-018  -2.8277251659961426E-011   1.4329665092646319E-015   1.3124950373120169E-016   9.3986730777545654E-016   3.5127302516185019E-011  -1.0509234966185272E-011
   3.6056461945596275E-017  -2.6632096369216591E-017  -2.5186323031077153E-017   8.6079783961849196E-012  -3.3016633966939649E-012   2.7479307125153073E-006   3.2934007063380397E-012  -2.6211808050554343E-012   1.6900955508249702E-012   5.9228822370187917E-012  -1.8109399796709265E-016  -2.0367095864742194E-016   2.0985405417622072E-016   2.3877384594042840E-009  -4.8085213260432082E-012   3.6197905751208246E-004  -1.8061674878675207E-011   1.7432077353555119E-011  -1.1126122285053391E-011  -1.2624045817200231E-011   2.1175799634324437E-017  -5.0236648916659346E-016   2.8393002653019457E-016  -8.6207148678622141E-018   1.5979049329460899E-018  -8.1807494985528728E-018   1.7691947840209720E-017  -6.6103202724151875E-018  -4.3071844188075771E-018  -1.1466832613856974E-017   3.4744793126058033E-019   9.4052294131110528E-018   1.0026915601094603E-017   4.3815925596276320E-009  -3.1920233106724752E-011   3.3634757065566742E-003  -1.0112075367287237E-010   1.0030628600804246E-010  -5.9397075800581426E-011  -6.8386218572972976E-011  -1.6690347083202311E-016  -2.7919143215696215E-016   1.7881544795574683E-016  -1.9532920267321726E-010   2.4696457349873795E-002  -6.1618857953813378E-010   6.0384608057077608E-010  -5.1658825934342112E-010  -4.0851684537686158E-010  -1.7100625499005416E-009   1.3478419107298676E-015  -8.4768790063690318E-016  -1.2540621720839107E-015   3.3977308915732606E-018  -5.7870595111216826E-018   7.0501093071393706E-018   2.5499462628381065E-018   2.3636450294663213E-018  -7.3066998341243514E-018   1.6750889419560688E-018   1.0570685042198136E-017  -1.0699852504668960E-017  -3.1283705625700739E-018  -3.7875544483296047E-009   4.1983924644006028E-016  -2.9298008754552325E-016  -3.8293141893782860E-016   2.1640243662014348E-009  -4.3086253947817439E-010
   2.5129447313415502E-017   3.9285359987154291E-018   1.1309838385262311E-017   1.7682017997149431E-011   1.0544224735784864E-012   3.1250907943791947E-012   2.7479297789573160E-006  -1.5221281436651750E-012  -4.5297888490607416E-012   4.6767594082391862E-013  -9.6136162412869668E-017  -2.2676471230754437E-016   2.2193614529888800E-016   1.0236189739712606E-009  -2.6394356644455395E-012  -1.8061674878675207E-011   3.6197906392786638E-004   7.9784213264979532E-012   1.4972300728123305E-011  -5.3388833613850186E-012   4.5841733155048136E-017  -4.7815237435373384E-016   4.9432132692767419E-016   2.3805799449133530E-018   2.8320571481983239E-018  -1.1017232299501885E-017  -4.7425968019823893E-019   4.1594443338643790E-018   4.8527361198168810E-019   2.0150059721831901E-017   4.0607125536212865E-020  -1.9184115650408153E-019  -1.3451056483365194E-017   2.0315918405206204E-009  -1.2276769287815430E-011  -9.8902376395137229E-011   3.3634757511146756E-003   3.6059288485942565E-011   7.8528602791897527E-011  -2.3782482308863895E-011  -8.0066810431530157E-018  -3.3415376774556045E-016   3.0856610829281834E-016  -1.6790076574145224E-010  -5.8921247710134578E-010   2.4696457557865353E-002   3.3207603679399032E-010   4.2180382620173090E-010  -1.6417555345969074E-010  -7.9063749930751800E-010   1.7663538699385005E-015  -1.6261958150767838E-015  -2.6326226000423899E-017  -1.5144719880982775E-018   1.2666939387104342E-017  -1.2325777792431876E-018   2.3441127165288090E-018  -5.1160287398710081E-018  -4.2200935802709323E-019   7.8703014096643991E-019  -1.3103473983826449E-017  -5.5373040853768259E-019  -2.6575188453086196E-018  -2.0003016133922343E-009   5.5875379171671414E-016  -5.3980467470172150E-016   1.7846281448948884E-017   1.1793352766325724E-009  -2.4155961268280921E-010
   3.3413227010899455E-017  -2.7326536108443320E-017  -1.9471642934599677E-017  -6.3022539956444506E-012  -1.3739666811986354E-006  -2.3569481557279993E-012  -8.6134618929174407E-013   2.7479290010918900E-006   2.0881355809861775E-012  -1.3739623199746540E-006  -6.6349972443205031E-016  -1.1156586385974415E-016  -1.1727972651951531E-015  -3.5277225266666166E-010  -1.8098953264533617E-004   1.7432077353555119E-011   7.9784213264979532E-012   3.6197907362669519E-004  -7.3982889456696362E-012  -1.8098954098294781E-004  -9.9628072737693430E-016  -3.5457184265711681E-016  -2.4267203238188737E-015   5.1365219800324017E-018  -1.7176412710747452E-018  -2.0934619571237305E-018   7.0584118230394088E-018   1.1100879887933113E-017   1.8539056545898208E-018  -2.0040815117418189E-017  -2.1084852584301602E-017  -4.9384490195644605E-018  -1.2625686585655491E-017  -7.0017400091383575E-010  -1.6817378821636384E-003   9.6509475388446974E-011   2.6377150346779054E-011   3.3634757981851754E-003  -3.5395953075058018E-011  -1.6817379160207653E-003  -5.5599979286995062E-016  -4.9675822561265367E-018  -1.3035083656511182E-015  -1.2348228795794237E-002   5.5689861883602015E-010   2.1779800551488777E-010   2.4696457885893388E-002  -2.4961610914981095E-010  -1.2348229090091742E-002   2.7393176720362260E-010   7.9860938490055640E-015   4.6529053903188356E-015   4.5101969108687902E-015   7.6921804317253899E-018   1.6245664756446637E-017  -1.6078221798300370E-017  -2.6124218449875307E-018  -3.8493082778166956E-018  -6.7538688366103064E-019  -2.6033548737064120E-017  -2.0169984426105423E-017   1.2941404491488032E-017   7.6525002397357565E-018   6.9350467381859333E-010   2.4796488539247477E-015   1.4644683033088386E-015   1.3144316151063941E-015  -4.0993536734679542E-010   8.4084796195088517E-011
  -8.9750752995542247E-018  -3.4552015610006462E-017   1.9395469822476397E-017   7.0718207719951595E-012  -4.3595657440108987E-012   1.4967689096802688E-013  -5.3385235197758958E-012   2.0664802506605183E-012   2.7479272192628484E-006   2.2930936714048876E-012  -6.1317189831504775E-018   8.0128025414361978E-017  -1.5232343897235164E-016  -6.8455012384810935E-010   1.0148802760056980E-011  -1.1126122285053391E-011   1.4972300728123305E-011  -7.3982889456696362E-012   3.6197908005933347E-004  -2.7501318273806532E-012  -3.1022697992484474E-017   1.6275073642326698E-016  -9.1673979191147429E-017  -1.5428186459984944E-018  -1.0373719364832081E-018   6.4163801366555969E-018  -5.1105079551481962E-019  -3.8896794321529689E-019   6.4768096876496993E-018   3.0119040569209529E-017   2.0762511918329916E-018   1.1257939740749148E-017  -1.3074325413829482E-017  -1.1553721215800108E-009   4.0830574154102053E-011  -3.5570418731013689E-011   9.1765580118806612E-011  -3.5751515038817823E-011   3.3634758287598189E-003  -5.0789938213330099E-012  -7.9940435181362851E-017  -5.5229507074771125E-017  -1.6395239843575595E-016   3.3455296799941870E-010  -2.4478264487712604E-010   5.7478606214783967E-010  -2.5152049791320052E-010   2.4696458103991740E-002  -8.3032714843250327E-011   4.5068031301112796E-010  -1.6364223725106887E-015  -2.7409324845357282E-015  -5.9121741786519215E-016   1.7671714940332304E-018  -2.9920230219885312E-018  -9.1118463537620847E-018   4.2997651239322201E-018  -1.8351555093958821E-018  -5.1678175562361162E-018   1.9837092992459922E-017   3.8312768119793276E-018   1.5679684755288609E-017   1.6961537982241456E-017   8.3065816029075748E-010  -5.2224172674856972E-016  -8.7004589866594929E-016  -2.0040465679492816E-016  -4.4897004564372337E-010   8.4730439582612117E-011
  -1.2252249088936578E-017  -5.6297600906604914E-017  -3.3885481251262924E-017  -6.9804969276001452E-013  -1.3739649831094740E-006   6.0887474627864125E-012   5.1150301422302632E-013  -1.3739624142853418E-006   2.4334996006485313E-012   2.7479273970184875E-006  -9.8177336780150792E-016  -3.6589721963802772E-016  -7.5133520821397964E-016   4.5878439361398545E-010  -1.8098953131312522E-004  -1.2624045817200231E-011  -5.3388833613850186E-012  -1.8098954098294781E-004  -2.7501318273806532E-012   3.6197907229760802E-004  -1.7689961719936997E-015  -8.9102239982706216E-016  -1.5267793712723806E-015  -8.8780243961347210E-018   4.4126057689193127E-019  -4.0558807249985904E-018   7.9351868826029906E-018  -1.3301313285481255E-017  -3.1935912632127250E-018   2.5888496694763685E-017   2.1835218405131320E-017   5.5786491772808465E-018   5.5267068159113626E-018   8.1645981843069808E-010  -1.6817378736054029E-003  -7.0622186434206173E-011  -2.5626584940399769E-011  -1.6817379155369184E-003  -7.7517920366885972E-012   3.3634757891424717E-003  -1.1264880845496963E-015  -3.0120249821682981E-016  -1.0738903717688527E-015  -1.2348228759910871E-002  -4.3516274797679622E-010  -1.9859363166195976E-010  -1.2348229082926276E-002  -1.1268888704001256E-010   2.4696457842826366E-002  -3.2032127673786922E-010   4.3385441489896164E-015   5.7239124410368803E-015  -3.9859297546641722E-015   2.4603747043311532E-018  -1.8274841665334764E-017   1.7942521191867506E-017  -1.7442041595394601E-018   3.9816099200231538E-018  -6.0400421364150830E-018   1.7941449517316587E-017   1.3905968891747124E-017  -1.8362758132474344E-017  -1.0003161158792466E-017  -6.6529389462805738E-010   1.2822559398713508E-015   1.7765834402084391E-015  -1.3472473384811868E-015   3.7468248229668401E-010  -7.3531025335334905E-011
   9.0170658787927793E-003  -1.2823065553250716E-008   1.3482040432583957E-009  -3.3849977998428120E-015  -3.4133279611651261E-016  -1.0712385401772784E-016   1.3534736817626080E-016  -1.3438479443292342E-015   1.5963758491117821E-016  -4.1739601656347460E-016  0.27368824398375796       -1.3204793221603289E-008   3.2264105389684141E-009   1.9881156285294190E-014  -1.5440782916260983E-015   2.1175799634324437E-017   4.5841733155048136E-017  -9.9628072737693430E-016  -3.1022697992484474E-017  -1.7689961719936997E-015  0.56984442332554108        3.8773720959633964E-008  -4.5720586871519545E-009   8.3106546901019474E-010  -4.0607389085361419E-009   8.3108758528199762E-010  -7.7197574494243497E-010   1.2455410957256404E-010  -3.4305185953929316E-010   3.3398022531650936E-009  -2.2927977939636763E-009  -4.2007860952918278E-010   1.0894958431000588E-009   2.8103529644000285E-015  -2.9440321399874148E-015   1.4941799283049951E-015   8.5224275539028412E-016   8.2546896100599731E-016  -1.6026399805997556E-016   8.9826707256777995E-016  0.33065092191748097        1.9806624414451503E-008  -3.6428888794566925E-009  -2.0125556975877811E-014   1.1171749829334560E-014   6.0651474463101615E-015   1.0611523972167235E-014  -1.3739323703966250E-016   7.8720668878455458E-015   6.6219861238436033E-016 -0.54929515992251576       -2.7876733606043415E-008   3.4743532109144648E-009   1.6575557487518821E-010  -1.5739248993833732E-009  -9.8362521430677374E-011  -1.9066591161693115E-010  -1.6936368992678415E-010  -3.1725379901352390E-011   1.2673211169871292E-009  -7.2618962782419669E-010  -1.2636580990287400E-010   6.1458667325898728E-010  -1.1040275431483840E-014 -0.14580745869529993       -7.2260791266336822E-009   8.5527486401780672E-010   4.7008134815865950E-015  -8.6488265070556595E-016
  -1.2729529527205118E-008   9.0170604947122056E-003   8.1847405059685599E-009   7.8633669362970609E-016  -5.8283698361081789E-016   1.0367149675291157E-016   1.8177276974183626E-016  -8.8579647251054595E-016   4.8651878310776988E-016   8.1632335240726576E-016  -1.3361124733848401E-008  0.27368823655346552        9.8586405837070222E-009  -6.7551263996708940E-015   2.6313787500281235E-016  -5.0236648916659346E-016  -4.7815237435373384E-016  -3.5457184265711681E-016   1.6275073642326698E-016  -8.9102239982706216E-016   3.8773720959633964E-008  0.56984444123483524       -2.6154147182912140E-008  -1.7532583071565525E-009  -4.3580011010884772E-010  -1.2555897500246040E-009  -3.1812745286471002E-010  -2.1106948887181955E-009   2.6703707378653291E-009   3.6005207393176883E-010   6.0085550263926010E-010  -4.7170084025195741E-011   4.8800967417265866E-010  -7.4183400304295132E-015  -1.2879528006640748E-015  -9.0136208739621143E-017  -7.3674068961394290E-017  -1.5177458426720614E-015   9.4968374043431324E-017  -1.6290405011598603E-015   1.9789882979909589E-008  0.33065093243204929       -1.4278404401912842E-008   4.2782698636298812E-015  -2.1383908791687688E-015  -2.1506253651875683E-015  -1.8274123058684375E-016   1.0420149124257065E-015  -4.2556507736834987E-015   1.2938323843290905E-014  -2.7841894389167310E-008 -0.54929517313488019        1.9026848282542597E-008  -5.5675447937631499E-010  -3.8570009100688132E-010  -4.8888715832859619E-010  -2.8503032260323275E-010  -1.0120128418579948E-009   1.0319959377586514E-009   3.0618498957490017E-010   5.6092610951027921E-011  -2.5074439047301594E-011   3.2258537558016338E-010   4.0478543341977537E-014  -7.2166295117587872E-009 -0.14580746207881032        4.9043531262962740E-009  -3.1483499376049681E-014   7.3544890764721283E-015
