   4.8599043601508663E-007   7.7306344677882568E-020  -1.5083700960780136E-018   3.5618001424402493E-016   3.2482896659672667E-006   6.1011884694803804E-018  -6.7865851894234393E-018   7.7412444537447514E-017   7.9577596920137609E-018   5.7203459432007974E-017  -2.1773056775757845E-016  -6.0083983397433562E-017   1.3978231466845550E-016   1.8594941975128130E-016   2.1622369193599999E-016   2.0783527912112784E-017   1.5969015422482227E-016  -6.0623465097223166E-016  -1.6672852330067209E-016   3.9005089705141088E-016   1.1577528425831529E-004   1.8811065084378771E-016  -2.4002459480308598E-016  -7.0698626423336341E-018   2.9449417589359935E-021   3.2517580926589259E-020   4.3459871031288098E-019  -1.0109290615573311E-019   1.3662016540194112E-018  -1.1369298714150750E-020  -6.0954844948471485E-020   3.2137705570286389E-020   5.3453245095215873E-020  -7.8741921882066954E-016   4.3679760896235258E-016   4.2145215989312098E-017   3.2288923571208092E-016  -1.2259317955439368E-015  -3.3774878495523972E-016   7.8903353493322369E-016   4.7715729178582193E-004   7.7561060644601121E-016  -9.8823011024848356E-016  -1.7724386501584024E-015  -4.5039599791699234E-004  -7.3199995679609307E-016   9.3293432376150787E-016   1.5359827809798491E-015  -4.7016486715319588E-016
   7.7306344677882568E-020   4.8599043603369488E-007  -2.1259673981297461E-018  -3.5286284738376436E-016  -5.6056448138832162E-018   3.2482896660202698E-006   4.9666691981945706E-019   3.1335605887709491E-016  -7.4517878030903637E-017   2.3263756888771679E-016  -1.4941582880919292E-016  -2.1200196205046558E-016  -1.6390961504537339E-016  -1.3178958044574398E-016   8.6808812894665357E-016  -2.0803030916926265E-016   6.4818236315534431E-016  -4.1394413503104688E-016  -5.8957860767205496E-016  -4.5574962612356140E-016  -1.6824716197657752E-016   1.1577528426053633E-004  -2.5321942976879886E-017  -8.2176868441424221E-019  -3.7860514617478435E-018  -4.0928050575720477E-019  -3.7095972281466587E-019  -1.5422736413234644E-019  -2.2774603612775203E-019  -6.0024090324260543E-018  -4.8930350120820162E-019  -1.2255062352370767E-018  -7.3493913009229754E-019   2.2942355376864741E-015   1.7564960095598051E-015  -4.2060077275844624E-016   1.3104676512005031E-015  -8.3763490016152762E-016  -1.1928169243111731E-015  -9.2137092647592271E-016  -6.9973034953331035E-016   4.7715729179495937E-004  -9.7575187753009106E-017   5.1617812812386298E-015   6.6058937569998977E-016  -4.5039599792561706E-004   9.4217346658476567E-017  -4.5829306152148072E-015   1.4080386636371068E-015
  -1.5083700960780136E-018  -2.1259673981297461E-018   4.8599043602627784E-007   4.8884137855998344E-016  -1.4954168160456816E-018  -1.4148204164141889E-017   3.2482896660024279E-006   3.8544350563975798E-016  -1.1371922361163529E-016   5.9853752063442749E-016  -2.5188279598837211E-016  -3.1883990625297947E-016  -1.4232786350815714E-016   2.9844464912217952E-016   1.0741834125871646E-015  -3.1856477060958943E-016   1.6645901682653091E-015  -6.9315140934980672E-016  -8.8786690122593100E-016  -3.9298116424874998E-016  -1.2283485850879905E-016  -4.8344332053914335E-016   1.1577528425964940E-004   6.9465782379770741E-019  -2.8646530618747414E-019  -4.2584258039525783E-018   1.8059682895229388E-019  -1.0200159188406306E-019   3.9457551625855612E-019   2.0398900390336516E-019  -2.5383474999895431E-018  -3.0441233940793262E-019  -8.0789824368438129E-018  -1.8390549481276415E-016   2.1827757853263576E-015  -6.4048864184999126E-016   3.3669135050964338E-015  -1.3964220171173235E-015  -1.7956026678683785E-015  -7.8611831028761736E-016  -4.9149648585501995E-016  -1.9866027330966974E-015   4.7715729179132333E-004  -3.9640093450035598E-016   4.6513144055376188E-016   1.8761984581265487E-015  -4.5039599792217808E-004   2.7988344464917348E-016  -8.2603554485027462E-017
   3.5618001424402493E-016  -3.5286284738376436E-016   4.8884137855998344E-016  0.53195749038094653       -6.5080320032355412E-016   6.5655582381613793E-016  -6.3347470049044405E-016   3.2307502597496621E-014  -6.9721912534160308E-016  -1.0852570152708369E-016   3.7812462613568739E-014   4.3608130901658819E-017   2.9241112418731028E-014  0.30769302073889643        2.0844451918516805E-014  -7.5602856186057335E-016   5.9303349602301608E-016   4.2298585067072352E-014  -8.8209231518016595E-016   3.8115845885543227E-014   1.1523943868353317E-016  -1.0056793238930470E-015   1.2478809120261266E-015   7.0610537125032883E-017   6.4472163207690885E-017  -1.2689371208492329E-017   5.7999220939156877E-017   3.0310135161713768E-017   5.9896036839406789E-017   9.8176873072534139E-017   2.8155948354053119E-018   6.6570760923014715E-017   2.2724551726772037E-017 -0.14038920258371332        3.0060200794547155E-016  -1.4408989625783694E-015   7.1672151466528391E-016   3.1488554809156746E-014  -1.5463399407805027E-015   1.7882122630363150E-014  -4.4785545812495826E-016  -1.3190330276580693E-015   8.6439915076061393E-016 -0.32041528611555975        3.4245531465512801E-016   1.4412776552833579E-015  -1.3401280073514081E-015  0.20320377087540070       -5.8744334373474399E-002
   3.2482896659672667E-006  -5.6056448138832162E-018  -1.4954168160456816E-018  -6.5080320032355412E-016   2.1711097528063678E-005  -1.4143538629599519E-019   1.2029102624877547E-017   1.2339677470351430E-017  -4.1016759409662613E-017  -4.5996176394288588E-017   2.5444250514615048E-016   1.1886412946343354E-016  -2.7036344935069267E-016  -2.9167167473670797E-016   4.0434188482239817E-017  -1.2310120575797759E-016  -1.2399441101850454E-016   7.0330484113452982E-016   3.3316911550068653E-016  -7.4347208971019316E-016   7.7382522692079044E-004  -2.0119498812989933E-016   4.4118793671724809E-016  -4.7253937647807688E-017   1.9683564109367147E-020   2.1734279983712635E-019   2.9047948168179832E-018  -6.7569033881292446E-019   9.1314939256324810E-018  -7.5990745375066629E-020  -4.0741335277498926E-019   2.1480376805949129E-019   3.5727374600911698E-019   2.7030427425981889E-015   7.7393162093057840E-017  -2.4840950501115944E-016  -2.5214146022703168E-016   1.4268181433168587E-015   6.7119577364063796E-016  -1.5048840464476416E-015   3.1892502096495952E-003  -8.2700321933622841E-016   1.8250626102959164E-015   6.1098326671933682E-015  -3.0103815984999431E-003   7.8136039111478201E-016  -1.7218423812501163E-015  -5.3829300151607605E-015   1.6521143708817818E-015
   6.1011884694803804E-018   3.2482896660202698E-006  -1.4148204164141889E-017   6.5655582381613793E-016  -1.4143538629599519E-019   2.1711097527940906E-005   3.7303994817816180E-018  -5.0696090200906947E-016  -8.2960464092226139E-017  -3.8171997245473178E-016   2.7877127661619925E-016   5.0159125110794903E-016   2.2839425176834031E-016   3.0130257994995729E-016  -1.4331234538109490E-015  -2.3589990323340380E-016  -1.0540527231802428E-015   7.8624467799756828E-016   1.3955373726360336E-015   6.3614696275449624E-016   2.0582651009701275E-016   7.7382522691863298E-004  -1.5460831253078813E-016  -5.4925828320345306E-018  -2.5305419461719733E-017  -2.7355716054928978E-018  -2.4794410440905439E-018  -1.0308333579831371E-018  -1.5222215105179726E-018  -4.0119232366754566E-017  -3.2704337136556093E-018  -8.1911061296743373E-018  -4.9122266703338112E-018  -3.8508793545809075E-015  -2.8980893563789965E-015  -4.7539237361168338E-016  -2.1386577107139707E-015   1.5896743021914866E-015   2.8234258307924551E-015   1.2916398004533535E-015   8.0608671110525955E-016   3.1892502096405938E-003  -5.9184143832888495E-016  -8.7100879064844223E-015  -7.6018703799011117E-016  -3.0103815984914447E-003   5.7278207115173557E-016   7.7076847237514184E-015  -2.3667972517717211E-015
  -6.7865851894234393E-018   4.9666691981945706E-019   3.2482896660024279E-006  -6.3347470049044405E-016   1.2029102624877547E-017   3.7303994817816180E-018   2.1711097528033751E-005  -5.7923762381439763E-016   1.6425724047560839E-016  -9.7208558945101847E-016   4.5255600673471433E-016   8.2427386278091975E-016   6.8083230851320322E-017  -2.4023215915723708E-016  -1.5967401233941440E-015   4.4164752918487327E-016  -2.7045932892186039E-015   1.3082720364045306E-015   2.2854193623427016E-015   2.0860162593682252E-016  -3.6023755381357955E-017   2.7215562046203339E-016   7.7382522692026449E-004   4.6429922548682796E-018  -1.9146926047051136E-018  -2.8462701129509951E-017   1.2070830405438440E-018  -6.8176386257064780E-019   2.6372855861040761E-018   1.3634329487900881E-018  -1.6965946944053005E-017  -2.0346479745650340E-018  -5.3998748156375130E-017   4.9769433449572039E-016  -3.1668635594750171E-015   9.2041607611890176E-016  -5.4774639937621381E-015   2.6865785160357754E-015   4.6285075871102917E-015   4.8185881006940607E-016  -4.9840318588956398E-017   1.1608645726567692E-015   3.1892502096474468E-003   1.2700000644805119E-015   5.5068708865223814E-017  -1.0889800514079418E-015  -3.0103815984978679E-003  -1.0297276365108983E-015   3.1271112788349689E-016
   7.7412444537447514E-017   3.1335605887709491E-016   3.8544350563975798E-016   3.2307502597496621E-014   1.2339677470351430E-017  -5.0696090200906947E-016  -5.7923762381439763E-016   3.0532248991609202E-002   1.6641244709629457E-016  -1.7370704851598792E-016  -1.5266124495803297E-002  -4.3840572422729028E-020  -1.5266124495806489E-002   2.6634747757062228E-014   8.4920047889050221E-002   2.8326576407240813E-016  -1.9464314202091801E-016  -4.2460023944524687E-002  -1.6154998828811409E-016  -4.2460023944530176E-002  -1.0318378360174399E-017   7.3836293091210326E-016  -2.3292633027340873E-016  -2.5155751381874693E-017   1.0751136749269905E-017   5.4798528068586922E-017  -1.3442457951668023E-017   2.0040248267266706E-018  -1.1329342376911172E-017  -7.7234154019310559E-017   4.8842625134059063E-017   4.4497790308799812E-018   3.4031604062387547E-017  -5.4448642020804435E-014  0.17180786761819061        5.9871655667899954E-016  -3.8104115945417813E-016  -8.5903933809073990E-002  -1.5233223164889195E-016  -8.5903933809076932E-002  -2.0964486081757214E-016   7.8677160150078694E-016  -2.4768036538577437E-015   3.9478578194031563E-016   1.9987730881514938E-016  -9.1419281426652271E-016   2.2126283233450291E-015   1.7505565033269820E-014  -5.9537316694232270E-015
   7.9577596920137609E-018  -7.4517878030903637E-017  -1.1371922361163529E-016  -6.9721912534160308E-016  -4.1016759409662613E-017  -8.2960464092226139E-017   1.6425724047560839E-016   1.6641244709629457E-016   3.0532248991619434E-002  -1.0416911770495845E-016   6.3569780339785077E-016   6.5914052547410472E-016  -7.7835890402273179E-016  -2.0635412090908680E-017   1.7742751500529753E-016   8.4920047889065625E-002  -2.6576336346461472E-016   3.7814176567565645E-016   5.8248221733279802E-016  -5.3534006925779265E-016   2.0974829360777929E-016   6.0527146806659698E-016  -1.8583354040197525E-016  -3.5937206524843234E-017  -1.2292429444750859E-016  -1.9515864537656690E-017  -3.3759346416333947E-017  -1.2422588084481490E-017  -1.9882588201309530E-017  -2.4078346309681692E-016  -3.7699619531105437E-017  -1.5621095919361936E-016  -3.1414986545803165E-019  -9.6927854919894775E-016   9.2120476370913917E-016  0.17180786761820271       -6.2173552405357521E-016   1.6635371330236474E-015   1.3817758582842531E-015  -1.2857401097575111E-015   4.7529832175559176E-016   1.1150745429500388E-016   4.1015736848663768E-016   1.8067824491390448E-015  -4.6178977858284737E-016  -2.2952956978818600E-016  -2.7075416660842443E-016  -7.9323846406022076E-016   2.3743648839728260E-016
   5.7203459432007974E-017   2.3263756888771679E-016   5.9853752063442749E-016  -1.0852570152708369E-016  -4.5996176394288588E-017  -3.8171997245473178E-016  -9.7208558945101847E-016  -1.7370704851598792E-016  -1.0416911770495845E-016   3.0532248991620249E-002  -1.8345251329892954E-017   6.1575999777826841E-017   4.2081168566831346E-016  -5.0638865137298901E-016  -1.9098120683171915E-016   9.8879344009796411E-017   8.4920047889066499E-002  -1.5030726703971903E-016   3.0514314279232842E-016   6.5539513106978438E-016  -1.1347908514441907E-016   9.4991182404503026E-017   8.4295071471404087E-016   5.6491616588627775E-017   1.0857390804692323E-016   2.1948702055120996E-017   3.9330257989719719E-018   9.2453720623752302E-018   4.3592424086216115E-017   1.2759549944357550E-016   4.3181403253625541E-018   3.8536614281191859E-017  -7.7865211942380969E-017   1.9194083966438138E-015  -8.8303192692196564E-016   1.1511029522420167E-016  0.17180786761820535       -7.3270636926455680E-016   5.8883411740425752E-016   5.9770117593347017E-016  -1.9713266003825721E-016  -4.2889257613220348E-016  -9.6493462630587981E-017   1.1143060929004531E-015   1.9405724140817129E-016   2.7722813440607837E-016  -1.4598742741199303E-016  -1.5250518598742560E-015   4.7582598696738697E-016
  -2.1773056775757845E-016  -1.4941582880919292E-016  -2.5188279598837211E-016   3.7812462613568739E-014   2.5444250514615048E-016   2.7877127661619925E-016   4.5255600673471433E-016  -1.5266124495803297E-002   6.3569780339785077E-016  -1.8345251329892954E-017   3.0532248991615711E-002   2.5804011705195145E-017  -1.5266124495811988E-002   1.0893837206658557E-014  -4.2460023944521412E-002   9.8992147622547022E-016   1.7793536419675972E-016   8.4920047889063377E-002  -5.3689225713356673E-016  -4.2460023944539176E-002  -9.8466972362532486E-017  -4.4734501170636399E-016  -1.3666669947036570E-015  -4.5522868223001108E-017   1.5579311271609048E-018   6.1137558734900021E-017  -3.9520927817127076E-018  -4.0553426301033104E-018   1.0417572091641027E-017   4.9498961302517095E-017  -1.5629967514420224E-017   2.1294569779608228E-018   1.2226254503583346E-016   2.2860418262141120E-014  -8.5903933809092767E-002   2.3314327763290504E-015   2.9272865734041573E-016  0.17180786761818387       -1.0216216842763547E-015  -8.5903933809110988E-002   2.1797100813108997E-016  -5.8787422027067835E-016  -3.6316299871183197E-015  -3.2664374813249270E-014  -1.4719452113229905E-016   6.2814350667312324E-016   3.5109791237802107E-015   9.9951182482520169E-015  -2.9437193416950063E-015
  -6.0083983397433562E-017  -2.1200196205046558E-016  -3.1883990625297947E-016   4.3608130901658819E-017   1.1886412946343354E-016   5.0159125110794903E-016   8.2427386278091975E-016  -4.3840572422729028E-020   6.5914052547410472E-016   6.1575999777826841E-017   2.5804011705195145E-017   3.0532248991616391E-002  -4.0972550669639915E-016   9.2804919801316064E-016  -2.3696805490619121E-016   9.5588642185537136E-016  -9.0969750348335816E-017   3.7976933948387392E-016   8.4920047889060907E-002  -1.0051244470792291E-015  -1.1319586756174291E-016  -9.9175194983864919E-016  -1.5843727976265085E-015  -1.4517319689536375E-018   1.4487202395062139E-016   2.2367157990336114E-016  -1.3834196722538397E-017  -1.8847940996520223E-017  -4.1439729926119978E-017   3.3272174884381804E-016   2.2829224353909261E-016   1.5603969039671534E-016   6.2917814816541565E-016  -1.7180742772727796E-015   7.1474665027460735E-016   2.0213759424701338E-015  -2.1345622023546543E-016   1.4505871208533192E-015  0.17180786761819544       -1.1662525600201312E-015  -7.2260990651096526E-018   2.2548612022611258E-016   6.8294913502142215E-016   6.3095721262074858E-017   6.5881979229187196E-017   3.6253217546985138E-017  -2.3230751980024442E-016   5.3867878614486617E-016  -1.7765281319083012E-016
   1.3978231466845550E-016  -1.6390961504537339E-016  -1.4232786350815714E-016   2.9241112418731028E-014  -2.7036344935069267E-016   2.2839425176834031E-016   6.8083230851320322E-017  -1.5266124495806489E-002  -7.7835890402273179E-016   4.2081168566831346E-016  -1.5266124495811988E-002  -4.0972550669639915E-016   3.0532248991618636E-002   2.0114660456245880E-014  -4.2460023944530439E-002  -1.2071269819228375E-015   6.5296626409354924E-016  -4.2460023944537503E-002  -3.6948847708650070E-016   8.4920047889069802E-002  -1.8857875953289208E-017  -2.8372464206175499E-016  -4.8896573850087094E-016   7.0678619604890781E-017  -1.2309067876414946E-017  -1.1593608680341334E-016   1.7394550733395181E-017   2.0513178033808133E-018   9.1177028528078413E-019   2.7735192716810859E-017  -3.3212657619595785E-017  -6.5792360088264735E-018  -1.5629414909808001E-016   1.0968327558822099E-014  -8.5903933809101149E-002  -2.7965012982166964E-015   1.3755671067808506E-015  -8.5903933809107505E-002  -9.8665785827961855E-016  0.17180786761818881       -5.3439608310090215E-016  -1.6883880359350079E-016  -2.4993723587952802E-015  -1.4967547590185029E-014   4.4388259606368836E-016   2.5767656069488924E-016   2.4014310671829571E-015  -8.7505696656767746E-016   1.4117770003285120E-015
   1.8594941975128130E-016  -1.3178958044574398E-016   2.9844464912217952E-016  0.30769302073889643       -2.9167167473670797E-016   3.0130257994995729E-016  -2.4023215915723708E-016   2.6634747757062228E-014  -2.0635412090908680E-017  -5.0638865137298901E-016   1.0893837206658557E-014   9.2804919801316064E-016   2.0114660456245880E-014  0.17830451253350027        3.3730665788836822E-014   5.8396253350773910E-016  -9.6025064817484394E-016  -6.2197716072073529E-015   2.0194782202037854E-015   3.0847815339548552E-014   2.0001086325044191E-016   7.5889597672452932E-016   4.7513210325821822E-015   5.2433017479037089E-017   3.7606323053923329E-017  -2.7407431863598302E-018   4.7043519535000556E-017   1.0459697996311204E-017   4.8158577951553917E-017   6.6387953427812286E-017   2.5003633166712612E-018   3.5368383993437062E-017   1.2101433768212092E-017  -7.0408555582286023E-002   4.4393572335825712E-014   1.2500317082743092E-015  -2.1973079599444865E-015  -4.4498594110719967E-014   4.2389314685520270E-015   2.7005747081353097E-014   8.6546099194138953E-016   4.1853594079436959E-015   1.7337459466672376E-014 -0.16103432445072952       -7.9703594288897476E-016  -3.9206592822213268E-015  -1.6592572828544679E-014   9.5706820237023510E-002  -2.7260349636801511E-002
   2.1622369193599999E-016   8.6808812894665357E-016   1.0741834125871646E-015   2.0844451918516805E-014   4.0434188482239817E-017  -1.4331234538109490E-015  -1.5967401233941440E-015   8.4920047889050221E-002   1.7742751500529753E-016  -1.9098120683171915E-016  -4.2460023944521412E-002  -2.3696805490619121E-016  -4.2460023944530439E-002   3.3730665788836822E-014  0.23619008660188798       -5.9876759041405189E-018   2.7119935622229295E-016 -0.11809504330094259       -1.1080651552524220E-015 -0.11809504330095828        1.8920024817763618E-016   1.2302471475729581E-015  -1.3792042293253729E-016  -6.9966271158792419E-017   2.9902384454587078E-017   1.5241240922383670E-016  -3.7387818149803883E-017   5.5738404433761110E-018  -3.1510561094392629E-017  -2.1481313282202040E-016   1.3584711910841432E-016   1.2376272986047445E-017   9.4652884807543336E-017  -1.4732860149431737E-013  0.47785318237978208        5.9161016200982930E-017   5.8418358888643764E-016 -0.23892659118983131       -1.7564410831069452E-015 -0.23892659118984036        3.1496076930468405E-016  -1.2052143110972303E-015  -4.7871900935965229E-015   1.0921983941238561E-014  -2.9176044183299735E-016   6.6049193030049788E-016   4.1703011288167052E-015   5.0844730480266213E-014  -1.7715066941815097E-014
   2.0783527912112784E-017  -2.0803030916926265E-016  -3.1856477060958943E-016  -7.5602856186057335E-016  -1.2310120575797759E-016  -2.3589990323340380E-016   4.4164752918487327E-016   2.8326576407240813E-016   8.4920047889065625E-002   9.8879344009796411E-017   9.8992147622547022E-016   9.5588642185537136E-016  -1.2071269819228375E-015   5.8396253350773910E-016  -5.9876759041405189E-018  0.23619008660189444        3.4166344476923086E-016  -1.1125777762185233E-015  -8.2026268271456499E-016   1.1748346978417148E-015   2.6187525351329533E-016   1.4995413113255414E-015  -1.0587956654014211E-015  -9.9952980860532032E-017  -3.4189217355318795E-016  -5.4279923879466384E-017  -9.3895648341057331E-017  -3.4551230580157358E-017  -5.5299900858183819E-017  -6.6969659597264522E-016  -1.0485482077850209E-016  -4.3447314146953843E-016  -8.7375226194180001E-019  -4.4158520032884327E-015   1.5516553038779194E-015  0.47785318237974223        4.5748164777910036E-016   2.4805868080110543E-016  -1.0940561302773873E-015   1.8132468183190698E-015  -3.0851424245777433E-018  -4.4784726970266340E-016  -1.0927455391340655E-015   1.1438100345490977E-015  -3.3658087423160320E-017   7.7078137147563352E-017   1.3552039308362567E-015   1.0924354813189457E-015  -3.4638757097885168E-016
   1.5969015422482227E-016   6.4818236315534431E-016   1.6645901682653091E-015   5.9303349602301608E-016  -1.2399441101850454E-016  -1.0540527231802428E-015  -2.7045932892186039E-015  -1.9464314202091801E-016  -2.6576336346461472E-016   8.4920047889066499E-002   1.7793536419675972E-016  -9.0969750348335816E-017   6.5296626409354924E-016  -9.6025064817484394E-016   2.7119935622229295E-016   3.4166344476923086E-016  0.23619008660189303        2.1875642302378622E-016   1.1934704814724925E-016   3.8367543192009355E-016  -1.7534200146130467E-016   5.3628570549992666E-016   2.3121114528035629E-015   1.5712143535031631E-016   3.0197911308066532E-016   6.1046430943729699E-017   1.0939015310965068E-017   2.5714366423012560E-017   1.2124461391684330E-016   3.5488430368005424E-016   1.2010143220110508E-017   1.0718277356965613E-016  -2.1656830876933278E-016   2.8295045504569231E-015  -8.3263084605213872E-016   4.5502355816616838E-016  0.47785318237974173       -7.4951912623459814E-016   1.6212549423626193E-016  -1.2493227752232579E-015   2.9861609306912725E-017  -7.1517150521630252E-017  -4.0194116730789902E-016  -2.5558711127305525E-015  -5.9898190832350047E-018  -2.8741869889423166E-016  -2.7996730753714118E-016   6.9631670913157334E-016  -1.8991871336577368E-016
  -6.0623465097223166E-016  -4.1394413503104688E-016  -6.9315140934980672E-016   4.2298585067072352E-014   7.0330484113452982E-016   7.8624467799756828E-016   1.3082720364045306E-015  -4.2460023944524687E-002   3.7814176567565645E-016  -1.5030726703971903E-016   8.4920047889063377E-002   3.7976933948387392E-016  -4.2460023944537503E-002  -6.2197716072073529E-015 -0.11809504330094259       -1.1125777762185233E-015   2.1875642302378622E-016  0.23619008660191074       -6.3662657502449786E-016 -0.11809504330096041       -4.3005005157640461E-016  -8.5600985574263041E-016  -2.0344585113609624E-015  -1.2661380269124050E-016   4.3331097542816334E-018   1.7004330133070863E-016  -1.0992046749567636E-017  -1.1279217932801432E-017   2.8974633383626935E-017   1.3767260202229924E-016  -4.3471988918831142E-017   5.9227077768017154E-018   3.4005163466105652E-016   7.5134810349270535E-014 -0.23892659118990195       -1.3368483837289328E-015   2.5549563007795835E-016  0.47785318237973545       -1.1083188945596212E-015 -0.23892659118988877       -3.7440419349558628E-017  -3.5132483633356364E-017  -2.8195093583067425E-015  -6.4325300031831108E-014   1.9819153912739627E-016   2.3686652400105338E-016   2.8923068265606931E-015   1.3974673583724872E-014  -4.3810484155225075E-015
  -1.6672852330067209E-016  -5.8957860767205496E-016  -8.8786690122593100E-016  -8.8209231518016595E-016   3.3316911550068653E-016   1.3955373726360336E-015   2.2854193623427016E-015  -1.6154998828811409E-016   5.8248221733279802E-016   3.0514314279232842E-016  -5.3689225713356673E-016   8.4920047889060907E-002  -3.6948847708650070E-016   2.0194782202037854E-015  -1.1080651552524220E-015  -8.2026268271456499E-016   1.1934704814724925E-016  -6.3662657502449786E-016  0.23619008660189172       -6.5370699440588694E-016  -2.2324977849541069E-016  -2.7423414036104468E-015  -4.6615825540936468E-015  -4.0377355876918660E-018   4.0293589951562900E-016   6.2210292081762579E-016  -3.8477370222781744E-017  -5.2422212738870625E-017  -1.1525727602975060E-016   9.2540666929932545E-016   6.3495447909403296E-016   4.3399678761698707E-016   1.7499476860557840E-015  -3.9033705918514203E-015   1.0795830900659276E-015  -1.4162894862695516E-015   1.5967163978806563E-016   6.0954862576673993E-016  0.47785318237974300        1.0896485943363527E-015   3.5735904947275197E-016   6.9326190069727632E-016   8.4883150406982221E-016   2.1537420479238974E-015  -1.7304847045540696E-016   3.8427642781674806E-017   3.4562170366322892E-016  -1.1929716112300390E-016  -3.4485579707865925E-018
   3.9005089705141088E-016  -4.5574962612356140E-016  -3.9298116424874998E-016   3.8115845885543227E-014  -7.4347208971019316E-016   6.3614696275449624E-016   2.0860162593682252E-016  -4.2460023944530176E-002  -5.3534006925779265E-016   6.5539513106978438E-016  -4.2460023944539176E-002  -1.0051244470792291E-015   8.4920047889069802E-002   3.0847815339548552E-014 -0.11809504330095828        1.1748346978417148E-015   3.8367543192009355E-016 -0.11809504330096041       -6.5370699440588694E-016  0.23619008660192384        2.5036405451783461E-016  -7.5673972705128487E-016  -6.7421517582135440E-016   1.9658007385002721E-016  -3.4235494208841642E-017  -3.2245571055445725E-016   4.8379864899372979E-017   5.7053774894388788E-018   2.5359277107630262E-018   7.7140530799752225E-017  -9.2375130189532841E-017  -1.8298980762827646E-017  -4.3470451946841476E-016   3.8560161155925683E-014 -0.23892659118990622        1.3915328308036823E-015   9.2783311415874824E-016 -0.23892659118988846       -1.9876288793020085E-015  0.47785318237973956       -2.3830823031899296E-016  -3.3610216206206908E-016  -4.1252789673027442E-015  -2.3143312880914419E-014   5.6555988813203026E-017   5.9067560340404324E-016   4.0113842451453588E-015  -1.2165056503813457E-014   6.6132990275253360E-015
   1.1577528425831529E-004  -1.6824716197657752E-016  -1.2283485850879905E-016   1.1523943868353317E-016   7.7382522692079044E-004   2.0582651009701275E-016  -3.6023755381357955E-017  -1.0318378360174399E-017   2.0974829360777929E-016  -1.1347908514441907E-016  -9.8466972362532486E-017  -1.1319586756174291E-016  -1.8857875953289208E-017   2.0001086325044191E-016   1.8920024817763618E-016   2.6187525351329533E-016  -1.7534200146130467E-016  -4.3005005157640461E-016  -2.2324977849541069E-016   2.5036405451783461E-016   2.7580617748365746E-002   3.4474816520338961E-016  -8.4029903532363082E-016  -1.6842211212931603E-015   7.0156004038332640E-019   7.7465149422518364E-018   1.0353246791754869E-016  -2.4082901800919517E-017   3.2546398679250141E-016  -2.7084561579536088E-018  -1.4520994608769148E-017   7.6560189712395750E-018   1.2733922697458462E-017  -4.3395949310437473E-015   2.2552686592566655E-016   5.5282249465357195E-016  -4.0034849223687965E-016  -7.3065386407280212E-016  -5.5370376128517957E-016   4.8114921512037434E-016  0.11367100460947448        1.4993888032960558E-015  -3.2227519941975930E-015  -9.0591727757208843E-015 -0.10729578366852602       -1.3889378844005709E-015   3.0727204363822286E-015   8.2052921489975559E-015  -2.5212789828102610E-015
   1.8811065084378771E-016   1.1577528426053633E-004  -4.8344332053914335E-016  -1.0056793238930470E-015  -2.0119498812989933E-016   7.7382522691863298E-004   2.7215562046203339E-016   7.3836293091210326E-016   6.0527146806659698E-016   9.4991182404503026E-017  -4.4734501170636399E-016  -9.9175194983864919E-016  -2.8372464206175499E-016   7.5889597672452932E-016   1.2302471475729581E-015   1.4995413113255414E-015   5.3628570549992666E-016  -8.5600985574263041E-016  -2.7423414036104468E-015  -7.5673972705128487E-016   3.4474816520338961E-016   2.7580617748367925E-002  -5.4928777334566284E-016  -1.9576620439779359E-016  -9.0193376599395425E-016  -9.7501027557605933E-017  -8.8372042274802444E-017  -3.6740881299602731E-017  -5.4254899103009055E-017  -1.4299265179963351E-015  -1.1656454066126777E-016  -2.9194675908741591E-016  -1.7508119582493074E-016   4.6118193136250361E-015   2.5376872174796242E-015   3.1006129784501715E-015   8.6659528992159026E-016  -1.7687074330624884E-015  -5.5477430539382618E-015  -1.3668820558606653E-015  -8.3543449004840338E-017  0.11367100460947953       -6.4702923970415835E-016   9.0934255786569019E-015   1.0346592639229250E-016 -0.10729578366853072        1.1145022000222883E-015  -8.4620466279752324E-015   2.6206679330900025E-015
  -2.4002459480308598E-016  -2.5321942976879886E-017   1.1577528425964940E-004   1.2478809120261266E-015   4.4118793671724809E-016  -1.5460831253078813E-016   7.7382522692026449E-004  -2.3292633027340873E-016  -1.8583354040197525E-016   8.4295071471404087E-016  -1.3666669947036570E-015  -1.5843727976265085E-015  -4.8896573850087094E-016   4.7513210325821822E-015  -1.3792042293253729E-016  -1.0587956654014211E-015   2.3121114528035629E-015  -2.0344585113609624E-015  -4.6615825540936468E-015  -6.7421517582135440E-016  -8.4029903532363082E-016  -5.4928777334566284E-016   2.7580617748366273E-002   1.6548516400774574E-016  -6.8243322908842072E-017  -1.0144653503523212E-015   4.3022758594086317E-017  -2.4299373856032739E-017   9.3997925000682651E-017   4.8595369701269726E-017  -6.0469894379822123E-016  -7.2518762747341957E-017  -1.9246191258446388E-015  -3.8613999430673200E-015   1.9883751773599530E-015  -1.1838165518425111E-015   4.4779751025238590E-015  -2.7003947700646038E-015  -9.2632743083427077E-015   7.6811165892868485E-016   5.2087444058422252E-017  -8.6667600009536268E-016  0.11367100460947735       -3.5536626207101939E-015   2.3681516545927990E-016   1.0596375559092421E-015 -0.10729578366852703        3.3645630121778452E-015  -1.0152756626635746E-015
  -7.0698626423336341E-018  -8.2176868441424221E-019   6.9465782379770741E-019   7.0610537125032883E-017  -4.7253937647807688E-017  -5.4925828320345306E-018   4.6429922548682796E-018  -2.5155751381874693E-017  -3.5937206524843234E-017   5.6491616588627775E-017  -4.5522868223001108E-017  -1.4517319689536375E-018   7.0678619604890781E-017   5.2433017479037089E-017  -6.9966271158792419E-017  -9.9952980860532032E-017   1.5712143535031631E-016  -1.2661380269124050E-016  -4.0377355876918660E-018   1.9658007385002721E-016  -1.6842211212931603E-015  -1.9576620439779359E-016   1.6548516400774574E-016   1.0596186505567397E-028   6.2814347877518579E-030  -5.9247148807857445E-030  -4.8689823076117168E-030   1.3797938026060034E-030  -1.8339266738274661E-029   1.1496701476706583E-029  -1.9041496098431773E-030   1.3011956153422024E-030  -1.1671370692005978E-029   3.6077717975587864E-016  -1.4155380445251395E-016  -2.0222207747885545E-016   3.1788369690881307E-016  -2.5616150711352041E-016  -8.1690337979214606E-018   3.9771531156594662E-016  -6.9413639893265855E-015  -8.0683258531434082E-016   6.8203203468269075E-016   8.1152195044590330E-016   6.5520586496268645E-015   7.6158150293491023E-016  -6.4378037213386580E-016  -7.4028107691938070E-016   2.2833480693311329E-016
   2.9449417589359935E-021  -3.7860514617478435E-018  -2.8646530618747414E-019   6.4472163207690885E-017   1.9683564109367147E-020  -2.5305419461719733E-017  -1.9146926047051136E-018   1.0751136749269905E-017  -1.2292429444750859E-016   1.0857390804692323E-016   1.5579311271609048E-018   1.4487202395062139E-016  -1.2309067876414946E-017   3.7606323053923329E-017   2.9902384454587078E-017  -3.4189217355318795E-016   3.0197911308066532E-016   4.3331097542816334E-018   4.0293589951562900E-016  -3.4235494208841642E-017   7.0156004038332640E-019  -9.0193376599395425E-016  -6.8243322908842072E-017   6.2814347877518579E-030   3.1246055868229276E-029   6.9656330166893138E-030   2.8822979127142315E-030   1.2511704590615040E-030   1.6059634282384369E-030   4.9639776248682944E-029   6.5791017235894259E-030   1.1241094081198191E-029   1.3253573169319814E-029  -6.7181548206934006E-018   6.0497668542923344E-017  -6.9170669063046361E-016   6.1095570213764035E-016   8.7666265569046549E-018   8.1520865100121105E-016  -6.9264295099794448E-017   2.8914158237163941E-018  -3.7172378881111254E-015  -2.8125864125713954E-016  -1.5655835698465398E-017  -2.7292512086366440E-018   3.5087571686155045E-015   2.6548429329806424E-016   3.8056520309040081E-018  -7.1138024442576704E-019
   3.2517580926589259E-020  -4.0928050575720477E-019  -4.2584258039525783E-018  -1.2689371208492329E-017   2.1734279983712635E-019  -2.7355716054928978E-018  -2.8462701129509951E-017   5.4798528068586922E-017  -1.9515864537656690E-017   2.1948702055120996E-017   6.1137558734900021E-017   2.2367157990336114E-016  -1.1593608680341334E-016  -2.7407431863598302E-018   1.5241240922383670E-016  -5.4279923879466384E-017   6.1046430943729699E-017   1.7004330133070863E-016   6.2210292081762579E-016  -3.2245571055445725E-016   7.7465149422518364E-018  -9.7501027557605933E-017  -1.0144653503523212E-015  -5.9247148807857445E-030   6.9656330166893138E-030   3.9832659228563657E-029  -1.1964755087960528E-030   7.8584664846929074E-031  -3.2486604800484330E-030   5.9848591035172272E-030   2.4483276203972324E-029   4.9517325974991231E-030   7.6551430534170318E-029   1.5389314569641538E-016   3.0835652685338805E-016  -1.0981762502530449E-016   1.2350743301329772E-016   3.4402685503129980E-016   1.2586212434118882E-015  -6.5238338188463766E-016   3.1926555950952340E-017  -4.0184160681412917E-016  -4.1810265661247940E-015   3.4651700315864739E-016  -3.0135959934236162E-017   3.7930438163952834E-016   3.9465343294228961E-015  -3.0928057193886476E-016   9.5094624238601353E-017
   4.3459871031288098E-019  -3.7095972281466587E-019   1.8059682895229388E-019   5.7999220939156877E-017   2.9047948168179832E-018  -2.4794410440905439E-018   1.2070830405438440E-018  -1.3442457951668023E-017  -3.3759346416333947E-017   3.9330257989719719E-018  -3.9520927817127076E-018  -1.3834196722538397E-017   1.7394550733395181E-017   4.7043519535000556E-017  -3.7387818149803883E-017  -9.3895648341057331E-017   1.0939015310965068E-017  -1.0992046749567636E-017  -3.8477370222781744E-017   4.8379864899372979E-017   1.0353246791754869E-016  -8.8372042274802444E-017   4.3022758594086317E-017  -4.8689823076117168E-030   2.8822979127142315E-030  -1.1964755087960528E-030   1.3525349713011884E-030  -2.7269689263860104E-031   2.1509166142185078E-030   5.2117714506676144E-030  -6.7510165725030049E-031   8.3291862921897345E-031  -2.8082757365415358E-030   4.2646712447490054E-016  -7.5641988798754889E-017  -1.8996705161046792E-016   2.2131510063148397E-017  -2.2238801787682455E-017  -7.7846340102965679E-017   9.7880790586350283E-017   4.2669963904576479E-016  -3.6421732523968401E-016   1.7731438197211853E-016   9.5949372662100805E-016  -4.0276825492818906E-016   3.4379025215361504E-016  -1.6736973192733303E-016  -8.7120741121450686E-016   2.6853914303629784E-016
  -1.0109290615573311E-019  -1.5422736413234644E-019  -1.0200159188406306E-019   3.0310135161713768E-017  -6.7569033881292446E-019  -1.0308333579831371E-018  -6.8176386257064780E-019   2.0040248267266706E-018  -1.2422588084481490E-017   9.2453720623752302E-018  -4.0553426301033104E-018  -1.8847940996520223E-017   2.0513178033808133E-018   1.0459697996311204E-017   5.5738404433761110E-018  -3.4551230580157358E-017   2.5714366423012560E-017  -1.1279217932801432E-017  -5.2422212738870625E-017   5.7053774894388788E-018  -2.4082901800919517E-017  -3.6740881299602731E-017  -2.4299373856032739E-017   1.3797938026060034E-030   1.2511704590615040E-030   7.8584664846929074E-031  -2.7269689263860104E-031   2.6480217097132052E-031  -5.3563239252947126E-031   1.5887838877867272E-030   5.5993362813988470E-031   4.9580183151103314E-031   1.5132315141242402E-030  -2.3950109636487673E-016   1.1276838212227155E-017  -6.9903084102312921E-017   5.2024587504498786E-017  -2.2819798499952000E-017  -1.0605915576329996E-016   1.1542960287768843E-017  -9.9255486827680902E-017  -1.5142419671910236E-016  -1.0014765669128299E-016  -5.3936546419447476E-016   9.3688758000905648E-017   1.4293159376194236E-016   9.4530890653900318E-017   4.7972555745515101E-016  -1.4742561038073350E-016
   1.3662016540194112E-018  -2.2774603612775203E-019   3.9457551625855612E-019   5.9896036839406789E-017   9.1314939256324810E-018  -1.5222215105179726E-018   2.6372855861040761E-018  -1.1329342376911172E-017  -1.9882588201309530E-017   4.3592424086216115E-017   1.0417572091641027E-017  -4.1439729926119978E-017   9.1177028528078413E-019   4.8158577951553917E-017  -3.1510561094392629E-017  -5.5299900858183819E-017   1.2124461391684330E-016   2.8974633383626935E-017  -1.1525727602975060E-016   2.5359277107630262E-018   3.2546398679250141E-016  -5.4254899103009055E-017   9.3997925000682651E-017  -1.8339266738274661E-029   1.6059634282384369E-030  -3.2486604800484330E-030   2.1509166142185078E-030  -5.3563239252947126E-031   4.9648466174333512E-030   3.2693096172663046E-030  -2.2623303731871626E-030   2.4064116988461150E-031  -7.0534592254130174E-030   4.2655276034862913E-016  -6.3751286576668512E-017  -1.1188121394318711E-016   2.4529871443851868E-016   5.8620668504101056E-017  -2.3318529975421802E-016   5.1306180724807518E-018   1.3413701854122383E-015  -2.2360662630156445E-016   3.8740388861183667E-016   9.5967080117509896E-016  -1.2661396433317503E-015   2.1106568280035722E-016  -3.6567640065860697E-016  -8.7166831764433249E-016   2.6869452237400891E-016
  -1.1369298714150750E-020  -6.0024090324260543E-018   2.0398900390336516E-019   9.8176873072534139E-017  -7.5990745375066629E-020  -4.0119232366754566E-017   1.3634329487900881E-018  -7.7234154019310559E-017  -2.4078346309681692E-016   1.2759549944357550E-016   4.9498961302517095E-017   3.3272174884381804E-016   2.7735192716810859E-017   6.6387953427812286E-017  -2.1481313282202040E-016  -6.6969659597264522E-016   3.5488430368005424E-016   1.3767260202229924E-016   9.2540666929932545E-016   7.7140530799752225E-017  -2.7084561579536088E-018  -1.4299265179963351E-015   4.8595369701269726E-017   1.1496701476706583E-029   4.9639776248682944E-029   5.9848591035172272E-030   5.2117714506676144E-030   1.5887838877867272E-030   3.2693096172663046E-030   8.0776979827120825E-029   7.6889787767275517E-030   1.8012699399281633E-029   1.2172239747659215E-029   2.8836481954434392E-016  -4.3460392691667994E-016  -1.3549114368792575E-015   7.1799200521050250E-016   2.7853536085842752E-016   1.8722569108731550E-015   1.5606856605813532E-016  -1.1162655427850061E-017  -5.8933119374382120E-015   2.0028139121862002E-016   6.4829436765380700E-016   1.0536599602228646E-017   5.5627864370770909E-015  -1.8904863996632085E-016  -5.9802911356261086E-016   1.8475152990432176E-016
  -6.0954844948471485E-020  -4.8930350120820162E-019  -2.5383474999895431E-018   2.8155948354053119E-018  -4.0741335277498926E-019  -3.2704337136556093E-018  -1.6965946944053005E-017   4.8842625134059063E-017  -3.7699619531105437E-017   4.3181403253625541E-018  -1.5629967514420224E-017   2.2829224353909261E-016  -3.3212657619595785E-017   2.5003633166712612E-018   1.3584711910841432E-016  -1.0485482077850209E-016   1.2010143220110508E-017  -4.3471988918831142E-017   6.3495447909403296E-016  -9.2375130189532841E-017  -1.4520994608769148E-017  -1.1656454066126777E-016  -6.0469894379822123E-016  -1.9041496098431773E-030   6.5791017235894259E-030   2.4483276203972324E-029  -6.7510165725030049E-031   5.5993362813988470E-031  -2.2623303731871626E-030   7.6889787767275517E-030   1.5596124312934275E-029   4.1856900194197566E-030   4.7729163261644784E-029   2.7793793766694342E-017   2.7484209484409442E-016  -2.1213934300859721E-016   2.4298586113992865E-017  -8.7951313063607814E-017   1.2846221569526478E-015  -1.8689078178042065E-016  -5.9846957024998395E-017  -4.8041014018233576E-016  -2.4922116340887280E-015   6.2540278686200949E-017   5.6490449576249584E-017   4.5346641080775088E-016   2.3524363250421704E-015  -5.6632206472521593E-017   1.7449383537215841E-017
