   1.7219739498595840E-004   2.5216088284003683E-011   2.3380820468106377E-011   1.3601303231512652E-015  -2.2832391185648986E-018  -1.0592353750892164E-018  -1.8670205939262712E-018  -2.8724772246792323E-018  -9.6100347299566511E-019   6.8356445367383762E-018  -4.9707952152604239E-004  -6.8894387024290611E-011  -5.8648420233374940E-011   1.6779074545448876E-015   1.5882779629780646E-018  -1.0041939188055468E-017   8.5613460813066208E-018  -4.3776155497048798E-018   8.0874101854718503E-018  -7.1605067268600117E-019  -8.3900971367783985E-003  -6.1159054547873678E-010  -5.6925792033053558E-010  -2.8759937401880981E-015  -5.3048965200329073E-018  -2.6700126212935939E-018  -2.5491426913200897E-019   2.0758075333263715E-018  -1.8160341330539632E-019   3.6601599649761407E-018  -6.3668568692522025E-015  -1.0948258548422143E-002  -7.9509580400584605E-010  -7.3690967634458787E-010  -9.8904043279240966E-011   4.3432457100182547E-011   2.7342481381291411E-011   7.5694355991665425E-011   5.1714579080642505E-011   5.6998853585970901E-011  -2.1049932661733372E-011  -3.0797388208324621E-011  -1.5191010101450929E-011   2.5751427675553279E-012   6.1301244638473388E-015  -2.6849794048051291E-015
   2.5216088284003683E-011   1.7219761787218646E-004   2.2497552245818400E-010  -1.6694892261251886E-016  -1.1326514401846412E-017  -3.2586647961590535E-018   7.8549329843021338E-018   5.3137850469347122E-018  -2.3922320915583104E-019  -1.6258930533449181E-018  -6.8894281666269520E-011  -4.9708014114749951E-004  -5.5282924302019148E-010  -1.8563311125579172E-016   1.3859229033707071E-018  -1.8476289284126252E-018  -3.4144823944899162E-018  -2.6419901477178986E-018  -1.7310647449927998E-018  -5.3943365929974999E-018  -6.1158848492201478E-010  -8.3901025382107745E-003  -5.4822811008810906E-009   3.6671751608183647E-016  -2.4016822946342368E-018  -4.4359774109406232E-018  -2.1020602308964447E-018  -3.8963658525552685E-018  -2.1870676793195571E-018   2.5762065923174086E-018   8.1387774802755086E-016  -7.9509311907308067E-010  -1.0948265576954684E-002  -7.0899634053881065E-009   3.9400700432325480E-011   1.0909058875509296E-010   1.3484282714255107E-010  -3.7722813339538263E-011  -4.5283120806105339E-011  -1.5138769836253985E-011  -3.5467291353792639E-011  -1.9096509240993815E-010  -6.1506606153028887E-011   4.1831065703043104E-011  -7.8885817904739030E-016   3.4555642965779612E-016
   2.3380820468106377E-011   2.2497552245818400E-010   1.7219750884398056E-004  -1.1677678410474617E-016   1.6087936468818899E-017  -6.8536445052403769E-018   1.1495605655405617E-017   9.4052733181592061E-018  -7.1569755856175163E-018   7.0460611806963900E-018  -5.8648145706251261E-011  -5.5282918813882248E-010  -4.9707987382036848E-004  -2.5514637461014131E-017   7.8953383528950060E-018   8.3293958777974818E-018  -2.0775155326235568E-017   1.3630905516986278E-017   8.3788343373396098E-018   1.4148232110069272E-017  -5.6925107585211205E-010  -5.4822799011407654E-009  -8.3900998811305538E-003   1.8095614226448218E-015   5.8120021162127870E-018  -2.1555696112034132E-018   8.2207553521213469E-018   2.4136350006357667E-018   5.2005771255759406E-018   8.9021043455510603E-018   5.3098317661022527E-015  -7.3690078629271403E-010  -7.0899618343045667E-009  -1.0948262141035444E-002   3.2950954526894076E-011   1.3486846625749673E-010   4.6290406340285190E-011  -3.0494388151725509E-011  -2.3071420687058711E-011  -1.3713955999871402E-011  -5.7256714253025524E-012  -1.0638591559723070E-010  -1.2718665538309300E-010   4.4793087806015173E-011  -5.1849544637029209E-015   2.2797055435450933E-015
   1.3601303231512652E-015  -1.6694892261251886E-016  -1.1677678410474617E-016  0.59595325157200296       -8.1182329668420441E-008   1.4878065068355470E-008   5.4713245472740965E-009   4.7396141880875293E-008   3.4353382034249624E-008   3.3786196126680512E-008  -1.5967384756658661E-015   4.8412383228279431E-016   6.4427868664316061E-016  0.75390507850328536        6.4525422455399375E-008  -1.4250160654468814E-008  -9.8626633056412863E-009  -5.0469737198095298E-008  -8.7538087574334803E-008  -1.4055647032192829E-008   2.6213895131095607E-016   4.2010914960316758E-017   1.9015293939171208E-015 -0.37179953845803687        3.4886213639804402E-008  -6.1682679880796148E-009  -1.8389985564932825E-009  -1.9178592290076235E-008  -9.1677042538717419E-009  -1.5707616246688583E-008 -0.45145592525260880       -8.6425864931254567E-017   7.7593076760824434E-017   2.4548617755623256E-015  -1.5254377818226328E-016  -5.3665149399180654E-017  -9.6859287275009526E-017  -2.0916797426072316E-017  -4.5359410660406136E-017  -5.7698222821645270E-017  -7.9276813585747768E-017  -8.7474295758509073E-017  -7.5561944898207049E-017  -1.7225516297521873E-016  0.34815425130490923      -0.14797914171878415     
  -2.2832391185648986E-018  -1.1326514401846412E-017   1.6087936468818899E-017  -8.1182329668420441E-008   1.1060397090649884E-014  -2.0271439009973270E-015  -7.4572801668573891E-016  -6.4580307498213250E-015  -4.6837066732902548E-015  -4.6023675190630418E-015   6.5906648852441838E-018   3.2696079097557099E-017  -4.6440836787068614E-017  -1.0268559876359842E-007  -8.7923210498165723E-015   1.9419182651815478E-015   1.3442913028163407E-015   6.8779831439931619E-015   1.1932334529574929E-014   1.9143327293635482E-015   1.1123860450359203E-016   5.5187116024417545E-016  -7.8386342388568305E-016   5.1271887058730424E-008  -4.7652453689498927E-015   8.4299798552639540E-016   2.5221923592085895E-016   2.6220544466797583E-015   1.2634298141018431E-015   2.1431904324084601E-015   6.3159906601113562E-008   1.4515559184605081E-016   7.2013804605565431E-016  -1.0228653299415721E-015   2.2666047504710362E-023   1.2568254310268262E-023   7.4629764692806559E-024   2.0600909072420151E-024   6.3565310846628415E-024   7.2343499944869369E-024   1.1923653636839776E-023   1.3800590623754048E-023   3.7233277051870631E-024   2.6902800963633936E-023  -4.9084353862973526E-008   2.0887445261392941E-008
  -1.0592353750892164E-018  -3.2586647961590535E-018  -6.8536445052403769E-018   1.4878065068355470E-008  -2.0271439009973270E-015   3.7154583500179249E-016   1.3670380259696036E-016   1.1836875889829924E-015   8.5872398477250183E-016   8.4345653168533046E-016   3.0577383161854898E-018   9.4067322355558500E-018   1.9784312788193184E-017   1.8817729727896972E-008   1.6115657731975016E-015  -3.5595412215491752E-016  -2.4643303586415086E-016  -1.2607625412042998E-015  -2.1874847689030133E-015  -3.5080228603108374E-016   5.1611576888346086E-017   1.5877372556571332E-016   3.3393465944318818E-016  -9.4517097097733053E-009   8.7445978128702287E-016  -1.5473642958992710E-016  -4.6374496192721660E-017  -4.8137707934461414E-016  -2.3283560601574766E-016  -3.9308263033263483E-016  -1.1722159870697268E-008   6.7348062958402872E-017   2.0718422571329816E-016   4.3575216427992721E-016  -5.2808710040677873E-024  -9.1503768286426677E-024  -6.7564720800080586E-024   7.8156812938761066E-025   3.1376690453678348E-025  -1.0717375503724210E-024  -6.9169639602824253E-025   6.1649809367727167E-024   4.1435303686764326E-024  -7.4446110124861330E-024   9.1422596031546138E-009  -3.8925239139483390E-009
  -1.8670205939262712E-018   7.8549329843021338E-018   1.1495605655405617E-017   5.4713245472740965E-009  -7.4572801668573891E-016   1.3670380259696036E-016   5.0341161740128509E-017   4.3556480395552178E-016   3.1646529601469004E-016   3.1016330064068408E-016   5.3895236440935847E-018  -2.2674704534215276E-017  -3.3184181239469714E-017   6.9178626358463668E-009   5.9306545426845124E-016  -1.3102218859007660E-016  -9.0754783396962457E-017  -4.6412107022807511E-016  -8.0572804707804485E-016  -1.2894404134091663E-016   9.0968924887692854E-017  -3.8272100614401353E-016  -5.6010830186225433E-016  -3.5811324432869843E-009   3.2376258148055213E-016  -5.7365668458677451E-017  -1.7341727126792314E-017  -1.7862547619024707E-016  -8.8083501635059381E-017  -1.4513711358444297E-016  -4.5910028479251354E-009   1.1870557150206124E-016  -4.9941358406432361E-016  -7.3088670851440031E-016   3.6452990917190978E-024   1.2906384017346479E-023   8.2769177234889410E-024  -4.9255996715053699E-024  -4.5937568024971184E-024  -2.8654807769938680E-024  -2.2437779060547836E-024  -1.5974637844828740E-023  -1.2111693826035237E-023   2.7415230782539513E-024   3.6416644294490540E-009  -1.5544788755800013E-009
  -2.8724772246792323E-018   5.3137850469347122E-018   9.4052733181592061E-018   4.7396141880875293E-008  -6.4580307498213250E-015   1.1836875889829924E-015   4.3556480395552178E-016   3.7710979357984657E-015   2.7363247590897849E-015   2.6869335216394319E-015   8.2921302460048758E-018  -1.5339214285021533E-017  -2.7150037337872235E-017   5.9944019268432285E-008   5.1343288967203788E-015  -1.1340752689198559E-015  -7.8518981643816983E-016  -4.0168640354555258E-015  -6.9699556080342235E-015  -1.1174618534493770E-015   1.3996336259863889E-016  -2.5890757759911410E-016  -4.5826010479209527E-016  -3.0225343331801382E-008   2.7881114467223950E-015  -4.9344175975572307E-016  -1.4804828024634533E-016  -1.5352517900305533E-015  -7.4442997863181301E-016  -1.2528594665805731E-015  -3.7650193911473184E-008   1.8263850256568864E-016  -3.3784913356041307E-016  -5.9798474363027403E-016  -7.5587094614639323E-024   5.3105546445026987E-024  -6.0376438492354739E-025  -6.3675727657965688E-024  -7.1698267739522440E-024  -7.1926870310548824E-024  -6.3597445097589039E-024  -1.6943030409780460E-023  -1.5720759310358263E-023  -1.2147214899385927E-023   2.9430910686859608E-008  -1.2535220779923174E-008
  -9.6100347299566511E-019  -2.3922320915583104E-019  -7.1569755856175163E-018   3.4353382034249624E-008  -4.6837066732902548E-015   8.5872398477250183E-016   3.1646529601469004E-016   2.7363247590897849E-015   1.9907608624948175E-015   1.9473825056682666E-015   2.7742709903000025E-018   6.9055698644865849E-019   2.0659927270166349E-017   4.3423438116934763E-008   3.7260766195488227E-015  -8.2333920595382743E-016  -5.7055431111772556E-016  -2.9168008507951006E-015  -5.0661734157738333E-015  -8.0927364567328526E-016   4.6828104928911088E-017   1.1655056989193992E-017   3.4871350602059808E-016  -2.3068816931601078E-008   2.0449490868892229E-015  -3.6274905790304186E-016  -1.1047987182985637E-016  -1.1304301267709589E-015  -5.6668755266487419E-016  -9.1451920407319657E-016  -3.0378870241108413E-008   6.1106078943661716E-017   1.5208712070413199E-017   4.5503712648908601E-016  -9.8960857444723524E-024  -1.0164763580691702E-023  -5.6867290141845303E-024  -1.8341313158117347E-024  -1.9867461002968575E-024  -4.1428551404219918E-024  -1.6678147550037448E-024   2.8188089810176900E-024  -1.6927368404765854E-024  -1.7207212207170546E-023   2.4414864118744351E-008  -1.0441962036255154E-008
   6.8356445367383762E-018  -1.6258930533449181E-018   7.0460611806963900E-018   3.3786196126680512E-008  -4.6023675190630418E-015   8.4345653168533046E-016   3.1016330064068408E-016   2.6869335216394319E-015   1.9473825056682666E-015   1.9154344680428132E-015  -1.9732216021723918E-017   4.6934440231003118E-018  -2.0339738103471751E-017   4.2741589674741527E-008   3.6579931251792193E-015  -8.0784321571173431E-016  -5.5910164580678723E-016  -2.8611198940456012E-015  -4.9623803587961169E-015  -7.9687106248954037E-016  -3.3305423260042765E-016   7.9219292929629661E-017  -3.4331040825520753E-016  -2.1046566227323235E-008   1.9771347692436683E-015  -3.4955638799835564E-016  -1.0417102867087534E-016  -1.0868031880909434E-015  -5.1900036770834436E-016  -8.9033128140793210E-016  -2.5509765034626630E-008  -4.3460331754291935E-016   1.0337345550892625E-016  -4.4798660513844482E-016  -1.1593468797394393E-023   3.1910554671584250E-024  -3.8267929759794492E-024   9.5693623983422817E-025  -1.0331229522228845E-024  -1.4055073710561821E-024  -5.2778690632516383E-024  -8.7899963451476142E-024  -9.4561845043581203E-024  -8.1218230485444264E-024   1.9653493977941915E-008  -8.3522467579642994E-009
  -4.9707952152604239E-004  -6.8894281666269520E-011  -5.8648145706251261E-011  -1.5967384756658661E-015   6.5906648852441838E-018   3.0577383161854898E-018   5.3895236440935847E-018   8.2921302460048758E-018   2.7742709903000025E-018  -1.9732216021723918E-017   1.4349116648408522E-003   1.8762808365243319E-010   1.4376703561742409E-010  -1.9748052966576270E-015  -4.5845898197485577E-018   2.8987848928026699E-017  -2.4713947789107383E-017   1.2636580802023484E-017  -2.3346186914407506E-017   2.0669600536092331E-018   2.4219561919893814E-002   1.5756121586437214E-009   1.2123116678223363E-009   3.1922310698565248E-015   1.5313774117514991E-017   7.7074432211533446E-018   7.3584022121033489E-019  -5.9923316180443756E-018   5.2411071849772329E-019  -1.0565807542580306E-017   6.8847603866564243E-015   3.1604166376830882E-002   2.0474461427168939E-009   1.5648697367696416E-009   2.8550475435021037E-010  -1.2537578386619367E-010  -7.8929107078505774E-011  -2.1850571362207371E-010  -1.4928366720028858E-010  -1.6453769843989709E-010   6.0764509635344482E-011   8.8902328115996750E-011   4.3851642870231493E-011  -7.4336210235560457E-012  -6.6258307009552393E-015   2.9010147475512938E-015
  -6.8894387024290611E-011  -4.9708014114749951E-004  -5.5282918813882248E-010   4.8412383228279431E-016   3.2696079097557099E-017   9.4067322355558500E-018  -2.2674704534215276E-017  -1.5339214285021533E-017   6.9055698644865849E-019   4.6934440231003118E-018   1.8762808365243319E-010   1.4349133848450143E-003   1.3169778934292460E-009   5.4184280935746296E-016  -4.0007176304643993E-018   5.3335257842318666E-018   9.8565210346631541E-018   7.6265992394222364E-018   4.9970436318402131E-018   1.5571753942859014E-017   1.5756113438965996E-009   2.4219576353442514E-002   1.1118705145770662E-008  -9.1018645031365894E-016   6.9328984721911272E-018   1.2805265226344270E-017   6.0679890445483801E-018   1.1247581315193446E-017   6.3133800708553713E-018  -7.4366889929190742E-018  -1.9525192098523846E-015   2.0474450907887943E-009   3.1604185154019311E-002   1.4324428000185931E-008  -1.1373736278356736E-010  -3.1491000124299371E-010  -3.8924863072223328E-010   1.0889383349239405E-010   1.3071805715292481E-010   4.3700841145562962E-011   1.0238286554119857E-010   5.5125585281055534E-010   1.7755007589478515E-010  -1.2075305084780960E-010   1.8807608587802377E-015  -8.2309637615511982E-016
  -5.8648420233374940E-011  -5.5282924302019148E-010  -4.9707987382036848E-004   6.4427868664316061E-016  -4.6440836787068614E-017   1.9784312788193184E-017  -3.3184181239469714E-017  -2.7150037337872235E-017   2.0659927270166349E-017  -2.0339738103471751E-017   1.4376703561742409E-010   1.3169778934292460E-009   1.4349127499931323E-003   5.3068020945092267E-016  -2.2791329260028368E-017  -2.4044342876745993E-017   5.9971315558544546E-017  -3.9348136257956171E-017  -2.4187057302847382E-017  -4.0841494027849646E-017   1.2123052859512746E-009   1.1118704356523281E-008   2.4219570992934182E-002  -2.2140680927005088E-015  -1.6777466272984956E-017   6.2224575555781186E-018  -2.3730720165199232E-017  -6.9673659409998002E-018  -1.5012356405450974E-017  -2.5697555063662942E-017  -7.0424173479067460E-015   1.5648615283427564E-009   1.4324426954304402E-008   3.1604178249464605E-002  -9.5118991540324260E-011  -3.8932264303339510E-010  -1.3362571984348977E-010   8.8027659295227124E-011   6.6599888952151520E-011   3.9587858183473533E-011   1.6528185780802275E-011   3.0710246121430564E-010   3.6714770705896523E-010  -1.2930348714273300E-010   6.6467638881180950E-015  -2.9176915054114987E-015
   1.6779074545448876E-015  -1.8563311125579172E-016  -2.5514637461014131E-017  0.75390507850328536       -1.0268559876359842E-007   1.8817729727896972E-008   6.9178626358463668E-009   5.9944019268432285E-008   4.3423438116934763E-008   4.2741589674741527E-008  -1.9748052966576270E-015   5.4184280935746296E-016   5.3068020945092267E-016  0.95383735434383832        8.1605428887200096E-008  -1.8020699673941301E-008  -1.2469903717279137E-008  -6.3821224038646584E-008  -1.1067216705845747E-007  -1.7784156223881782E-008   2.9952567122953847E-016  -9.1966347445730650E-016  -1.5423734534490036E-015 -0.46487777151521331        4.4019128390428408E-008  -7.7791307027901265E-009  -2.3114791234999205E-009  -2.4178602131193555E-008  -1.1469923689153976E-008  -1.9840518007243198E-008 -0.55657159065388351       -1.3020860513991260E-016  -1.1736152584403932E-015  -2.0773985332970533E-015  -1.9220439430837322E-016  -6.4310282035240985E-017  -1.2974358241077728E-016  -2.1367108004511492E-017  -5.7030312746932647E-017  -6.9352571118650321E-017  -1.0862541652178115E-016  -1.2068172920840298E-016  -8.6263456050104879E-017  -2.0007121079934040E-016  0.42592162435620673      -0.18081734270624691     
   1.5882779629780646E-018   1.3859229033707071E-018   7.8953383528950060E-018   6.4525422455399375E-008  -8.7923210498165723E-015   1.6115657731975016E-015   5.9306545426845124E-016   5.1343288967203788E-015   3.7260766195488227E-015   3.6579931251792193E-015  -4.5845898197485577E-018  -4.0007176304643993E-018  -2.2791329260028368E-017   8.1605428887200096E-008   6.9904253394817305E-015  -1.5440870985447078E-015  -1.0691223599520190E-015  -5.4691766033058416E-015  -9.4905272043037148E-015  -1.5212446476508998E-015  -7.7379175792722614E-017  -6.7527941650044811E-017  -3.8469083905302203E-016  -4.1277965583451401E-008   3.7984292777001539E-015  -6.7234095898164035E-016  -2.0190633473704207E-016  -2.0920636371150829E-015  -1.0164840368253679E-015  -1.7063654241747251E-015  -5.1600433317193399E-008  -1.0097232830180564E-016  -8.8117372403804238E-017  -5.0198402629412009E-016  -1.5744540637853370E-023   9.8243143613542805E-025  -5.6778394527803228E-024  -4.2213915917670352E-024  -5.9222432877847257E-024  -7.1527596944279783E-024  -7.7657943187847407E-024  -1.4294644349139171E-023  -1.6392794844110361E-023  -1.9573847873360645E-023   4.0409918284045878E-008  -1.7216198931520997E-008
  -1.0041939188055468E-017  -1.8476289284126252E-018   8.3293958777974818E-018  -1.4250160654468814E-008   1.9419182651815478E-015  -3.5595412215491752E-016  -1.3102218859007660E-016  -1.1340752689198559E-015  -8.2333920595382743E-016  -8.0784321571173431E-016   2.8987848928026699E-017   5.3335257842318666E-018  -2.4044342876745993E-017  -1.8020699673941301E-008  -1.5440870985447078E-015   3.4108664657118186E-016   2.3619832918126871E-016   1.2081670628110901E-015   2.0968070659613528E-015   3.3591913626206686E-016   4.8927891833087833E-016   9.0023727761517424E-017  -4.0583888435109604E-016   9.1865379601037107E-009  -8.4032879733129964E-016   1.4879290230906279E-016   4.4782709614335003E-017   4.6309508349143986E-016   2.2613196734855298E-016   3.7723368921908381E-016   1.1583266729153219E-008   6.3846128483392387E-016   1.1747218750951910E-016  -5.2958016870198646E-016   1.0628114590976699E-023   4.2976335068103867E-024   1.1227680110643818E-024  -4.7081853771713570E-024  -2.5422585046013999E-024  -2.2479802168760324E-024   2.7747595086938868E-024   2.4719435304719279E-025  -2.2939099117419348E-024   6.6537538524501021E-024  -9.1114919308910063E-009   3.8844490705643497E-009
   8.5613460813066208E-018  -3.4144823944899162E-018  -2.0775155326235568E-017  -9.8626633056412863E-009   1.3442913028163407E-015  -2.4643303586415086E-016  -9.0754783396962457E-017  -7.8518981643816983E-016  -5.7055431111772556E-016  -5.5910164580678723E-016  -2.4713947789107383E-017   9.8565210346631541E-018   5.9971315558544546E-017  -1.2469903717279137E-008  -1.0691223599520190E-015   2.3619832918126871E-016   1.6361303548552866E-016   8.3669423803171031E-016   1.4525874745348725E-015   2.3242750486385189E-016  -4.1714190786712878E-016   1.6636568489755326E-016   1.0122425486174885E-015   6.4695746350409724E-009  -5.8391199054893339E-016   1.0347019354442609E-016   3.1299139652696498E-017   3.2220784924528480E-016   1.5911156622916204E-016   2.6170416092035720E-016   8.3135453737216481E-009  -5.4432950191623879E-016   2.1709098609077736E-016   1.3208778095481019E-015  -7.1049623186683994E-024  -1.5179831197134213E-023  -5.7140217130882287E-024   8.8316903904931710E-024   7.0235908414458789E-024   5.9542480507314026E-024   1.1765033193111791E-024   1.5957567566913101E-023   1.7599784863234230E-023  -2.2214712600192840E-024  -6.6021785085102831E-009   2.8186945939962587E-009
  -4.3776155497048798E-018  -2.6419901477178986E-018   1.3630905516986278E-017  -5.0469737198095298E-008   6.8779831439931619E-015  -1.2607625412042998E-015  -4.6412107022807511E-016  -4.0168640354555258E-015  -2.9168008507951006E-015  -2.8611198940456012E-015   1.2636580802023484E-017   7.6265992394222364E-018  -3.9348136257956171E-017  -6.3821224038646584E-008  -5.4691766033058416E-015   1.2081670628110901E-015   8.3669423803171031E-016   4.2795214476327778E-015   7.4277555716494938E-015   1.1896519760291976E-015   2.1328764909658206E-016   1.2872865831550815E-016  -6.6414750803112300E-016   3.2658309685055369E-008  -2.9787281116273444E-015   5.2751634307327371E-016   1.5894113985716576E-016   1.6420033216159274E-015   8.0374873321625920E-016   1.3367247430512851E-015   4.1350063363288540E-008   2.7831962314740116E-016   1.6797834753058633E-016  -8.6664773581341598E-016   1.7601672210128861E-023   1.3210124265773109E-023   7.5564807900683875E-024  -8.9579321540709576E-025   1.4705016301808209E-024   3.3641108938507972E-024   5.5521314293093838E-024   5.5029251239665607E-025  -3.3924767466380618E-025   2.1251364859217597E-023  -3.2595097418906857E-008   1.3900497178594126E-008
   8.0874101854718503E-018  -1.7310647449927998E-018   8.3788343373396098E-018  -8.7538087574334803E-008   1.1932334529574929E-014  -2.1874847689030133E-015  -8.0572804707804485E-016  -6.9699556080342235E-015  -5.0661734157738333E-015  -4.9623803587961169E-015  -2.3346186914407506E-017   4.9970436318402131E-018  -2.4187057302847382E-017  -1.1067216705845747E-007  -9.4905272043037148E-015   2.0968070659613528E-015   1.4525874745348725E-015   7.4277555716494938E-015   1.2896766856823147E-014   2.0627661719647777E-015  -3.9405964973409668E-016   8.4345494720435882E-017  -4.0824613589152236E-016   5.7750272226200114E-008  -5.1894399562822699E-015   9.1981143633134062E-016   2.7869877685903463E-016   2.8648138004053367E-015   1.4198926062275370E-015   2.3246264379111373E-015   7.4661982466006291E-008  -5.1420933834799150E-016   1.1006264346123628E-016  -5.3272140956138096E-016   1.9410740318795728E-023   1.7443195094318401E-023   1.2266552282033291E-023   8.4479531521044555E-024   8.6259198803921979E-024   1.2726266140394059E-023   5.9465283220552864E-024   2.3898711321517929E-024   1.0170499596980346E-023   3.7425895817520109E-023  -5.9470542195481662E-008   2.5401320237328355E-008
  -7.1605067268600117E-019  -5.3943365929974999E-018   1.4148232110069272E-017  -1.4055647032192829E-008   1.9143327293635482E-015  -3.5080228603108374E-016  -1.2894404134091663E-016  -1.1174618534493770E-015  -8.0927364567328526E-016  -7.9687106248954037E-016   2.0669600536092331E-018   1.5571753942859014E-017  -4.0841494027849646E-017  -1.7784156223881782E-008  -1.5212446476508998E-015   3.3591913626206686E-016   2.3242750486385189E-016   1.1896519760291976E-015   2.0627661719647777E-015   3.3159176274365607E-016   3.4887166374597909E-017   2.6283258946123522E-016  -6.8935436618715407E-016   8.6196446043008243E-009  -8.1969918886401331E-016   1.4482427536285583E-016   4.2965111224873896E-017   4.5005927628540999E-016   2.1273500874451206E-016   3.6963974313284771E-016   1.0250374400745317E-008   4.5524359794434905E-017   3.4297090155450664E-016  -8.9954022247646471E-016   5.4610487567524029E-024   8.6510673686714119E-024   1.9470319201405067E-024  -1.2843878573613193E-024   3.6812579905683868E-025   3.7186641377189321E-025   2.8257336420429194E-024  -2.9364289418023284E-025  -6.9327525889107180E-024   5.9344013649954822E-024  -7.8148318669868332E-009   3.3157069253484558E-009
  -8.3900971367783985E-003  -6.1158848492201478E-010  -5.6925107585211205E-010   2.6213895131095607E-016   1.1123860450359203E-016   5.1611576888346086E-017   9.0968924887692854E-017   1.3996336259863889E-016   4.6828104928911088E-017  -3.3305423260042765E-016   2.4219561919893814E-002   1.5756113438965996E-009   1.2123052859512746E-009   2.9952567122953847E-016  -7.7379175792722614E-017   4.8927891833087833E-016  -4.1714190786712878E-016   2.1328764909658206E-016  -3.9405964973409668E-016   3.4887166374597909E-017  0.40879671826811287       -2.6514202705570967E-010  -3.3662704781734767E-011  -2.3494412284775949E-016   2.5848023280960524E-016   1.3009179376083548E-016   1.2419914964061335E-017  -1.0114470930070827E-016   8.8450706174441869E-018  -1.7833886052737922E-016  -3.2300150395345789E-015  0.53343985086021495       -4.9070410140295874E-010  -3.3219510111860652E-010   4.8189728624667116E-009  -2.1161899098928881E-009  -1.3322266877666270E-009  -3.6881106138925255E-009  -2.5197267531266457E-009  -2.7771961095442497E-009   1.0256308152699948E-009   1.5005621901658159E-009   7.4016183535197027E-010  -1.2547022922034936E-010   2.6736612542319196E-015  -1.1734348971216865E-015
  -6.1159054547873678E-010  -8.3901025382107745E-003  -5.4822799011407654E-009   4.2010914960316758E-017   5.5187116024417545E-016   1.5877372556571332E-016  -3.8272100614401353E-016  -2.5890757759911410E-016   1.1655056989193992E-017   7.9219292929629661E-017   1.5756121586437214E-009   2.4219576353442514E-002   1.1118704356523281E-008  -9.1966347445730650E-016  -6.7527941650044811E-017   9.0023727761517424E-017   1.6636568489755326E-016   1.2872865831550815E-016   8.4345494720435882E-017   2.6283258946123522E-016  -2.6514202705570967E-010  0.40879671549214480        1.4240759951255217E-010  -5.9344581970337558E-017   1.1701823975699504E-016   2.1613722885474779E-016   1.0242044162625043E-016   1.8984584223773723E-016   1.0656258458014755E-016  -1.2552169887702794E-016   4.2790391374233325E-016  -4.9070391172517679E-010  0.53343984627263552       -2.9265824160330197E-009  -1.9197466333525918E-009  -5.3152910657402123E-009  -6.5700379002688105E-009   1.8379937857193907E-009   2.2063599775728611E-009   7.3761642480586069E-010   1.7280968838406778E-009   9.3045195654172779E-009   2.9968244189646650E-009  -2.0381622454590247E-009  -1.7218615353430215E-016   7.7598802438431982E-017
  -5.6925792033053558E-010  -5.4822811008810906E-009  -8.3900998811305538E-003   1.9015293939171208E-015  -7.8386342388568305E-016   3.3393465944318818E-016  -5.6010830186225433E-016  -4.5826010479209527E-016   3.4871350602059808E-016  -3.4331040825520753E-016   1.2123116678223363E-009   1.1118705145770662E-008   2.4219570992934182E-002  -1.5423734534490036E-015  -3.8469083905302203E-016  -4.0583888435109604E-016   1.0122425486174885E-015  -6.6414750803112300E-016  -4.0824613589152236E-016  -6.8935436618715407E-016  -3.3662704781734767E-011   1.4240759951255217E-010  0.40879671539939361        8.0716180648307928E-015  -2.8318451482127703E-016   1.0502762977945210E-016  -4.0054542279350118E-016  -1.1759979681565721E-016  -2.5338918292127999E-016  -4.3374275391044220E-016  -6.0482478278444968E-015  -3.3219308761964694E-010  -2.9265826859413389E-009  0.53343984767720753       -1.6054915195611978E-009  -6.5712871679312982E-009  -2.2554355222986895E-009   1.4857984913338644E-009   1.1241237263864442E-009   6.6819439440339421E-010   2.7897470255078866E-010   5.1835093311220156E-009   6.1970025217049521E-009  -2.1824836638176729E-009   1.1504502075740413E-015  -4.7630860988308608E-016
  -2.8759937401880981E-015   3.6671751608183647E-016   1.8095614226448218E-015 -0.37179953845803687        5.1271887058730424E-008  -9.4517097097733053E-009  -3.5811324432869843E-009  -3.0225343331801382E-008  -2.3068816931601078E-008  -2.1046566227323235E-008   3.1922310698565248E-015  -9.1018645031365894E-016  -2.2140680927005088E-015 -0.46487777151521331       -4.1277965583451401E-008   9.1865379601037107E-009   6.4695746350409724E-009   3.2658309685055369E-008   5.7750272226200114E-008   8.6196446043008243E-009  -2.3494412284775949E-016  -5.9344581970337558E-017   8.0716180648307928E-015  0.48755026551782382       -2.7067074587737607E-008   4.9699546381630384E-009   1.8456708539410927E-009   1.5852268222378225E-008   1.1688369653731276E-008   1.1214887219138390E-008  0.96176246259717080        9.4307529704348974E-016  -2.0171155344882074E-016   9.0852891617141884E-015   1.3117287738072255E-016   2.0087002438316027E-016  -2.7698155158191405E-016   2.5132383864171549E-016   4.4727738230025757E-017   2.0618361710745105E-016  -3.4054705381162618E-016  -4.1430847521752928E-016   4.8339010184054111E-016   9.4195251916454443E-016 -0.89587216725097996       0.39088356585788581     
  -5.3048965200329073E-018  -2.4016822946342368E-018   5.8120021162127870E-018   3.4886213639804402E-008  -4.7652453689498927E-015   8.7445978128702287E-016   3.2376258148055213E-016   2.7881114467223950E-015   2.0449490868892229E-015   1.9771347692436683E-015   1.5313774117514991E-017   6.9328984721911272E-018  -1.6777466272984956E-017   4.4019128390428408E-008   3.7984292777001539E-015  -8.4032879733129964E-016  -5.8391199054893339E-016  -2.9787281116273444E-015  -5.1894399562822699E-015  -8.1969918886401331E-016   2.5848023280960524E-016   1.1701823975699504E-016  -2.8318451482127703E-016  -2.7067074587737607E-008   2.1521906512296601E-015  -3.8435237716015344E-016  -1.2214036888670524E-016  -1.2033298968548122E-015  -6.6049235730213769E-016  -9.4886219906634624E-016  -4.0536938592694630E-008   3.3729145112574247E-016   1.5269739649032770E-016  -3.6952814789613898E-016  -6.0669784442924062E-024  -4.9215507857329450E-024   1.6916416549522999E-025  -9.0027093350012595E-024  -4.7364577876513643E-024  -8.9159627173414710E-024   4.4001153493952109E-024   4.6281258922919013E-024  -1.6440563273188540E-023  -2.6546477255086836E-023   3.4459874660128846E-008  -1.4856383927933645E-008
  -2.6700126212935939E-018  -4.4359774109406232E-018  -2.1555696112034132E-018  -6.1682679880796148E-009   8.4299798552639540E-016  -1.5473642958992710E-016  -5.7365668458677451E-017  -4.9344175975572307E-016  -3.6274905790304186E-016  -3.4955638799835564E-016   7.7074432211533446E-018   1.2805265226344270E-017   6.2224575555781186E-018  -7.7791307027901265E-009  -6.7234095898164035E-016   1.4879290230906279E-016   1.0347019354442609E-016   5.2751634307327371E-016   9.1981143633134062E-016   1.4482427536285583E-016   1.3009179376083548E-016   2.1613722885474779E-016   1.0502762977945210E-016   4.9699546381630384E-009  -3.8435237716015344E-016   6.8766136791154624E-017   2.2099053129844542E-017   2.1556340845188318E-016   1.2108388409067962E-016   1.6878928470817272E-016   7.6575079468751359E-009   1.6975711270328206E-016   2.8203800354835799E-016   1.3705080666329496E-016   1.8429478671264912E-024  -3.8819264006234852E-024  -4.9553831105843164E-024   1.4420510289060898E-024   1.1950753043163439E-024   1.0219683706841288E-024   4.2063820235226603E-025   5.5762994024636407E-024   6.1088024378551102E-024   3.7669657170547272E-024  -6.5819759185324022E-009   2.8419356681496526E-009
  -2.5491426913200897E-019  -2.1020602308964447E-018   8.2207553521213469E-018  -1.8389985564932825E-009   2.5221923592085895E-016  -4.6374496192721660E-017  -1.7341727126792314E-017  -1.4804828024634533E-016  -1.1047987182985637E-016  -1.0417102867087534E-016   7.3584022121033489E-019   6.0679890445483801E-018  -2.3730720165199232E-017  -2.3114791234999205E-009  -2.0190633473704207E-016   4.4782709614335003E-017   3.1299139652696498E-017   1.5894113985716576E-016   2.7869877685903463E-016   4.2965111224873896E-017   1.2419914964061335E-017   1.0242044162625043E-016  -4.0054542279350118E-016   1.8456708539410927E-009  -1.2214036888670524E-016   2.2099053129844542E-017   7.5829724954947945E-018   6.9802742919656432E-017   4.4598746332132485E-017   5.2337839838047002E-017   3.2513950564434084E-009   1.6206782071526621E-017   1.3364869055688433E-016  -5.2267272020060020E-016   1.8076166076327904E-024   5.6656218826373467E-024  -9.9654444815217416E-026  -3.9177669299409115E-025  -4.4034280801875938E-025   8.8773623117312800E-026  -6.3021522578010238E-025  -3.7133379935094564E-024  -3.8734588152623013E-024   4.4356169450278816E-024  -2.9286826788112846E-009   1.2724089775072265E-009
   2.0758075333263715E-018  -3.8963658525552685E-018   2.4136350006357667E-018  -1.9178592290076235E-008   2.6220544466797583E-015  -4.8137707934461414E-016  -1.7862547619024707E-016  -1.5352517900305533E-015  -1.1304301267709589E-015  -1.0868031880909434E-015  -5.9923316180443756E-018   1.1247581315193446E-017  -6.9673659409998002E-018  -2.4178602131193555E-008  -2.0920636371150829E-015   4.6309508349143986E-016   3.2220784924528480E-016   1.6420033216159274E-015   2.8648138004053367E-015   4.5005927628540999E-016  -1.0114470930070827E-016   1.8984584223773723E-016  -1.1759979681565721E-016   1.5852268222378225E-008  -1.2033298968548122E-015   2.1556340845188318E-016   6.9802742919656432E-017   6.7631327465047490E-016   3.8580801439394727E-016   5.2701773607903357E-016   2.4872053659434743E-008  -1.3198395310595942E-016   2.4773030814016977E-016  -1.5345628928072053E-016   3.8346641542710320E-024   4.2183361193238846E-024  -4.0871724437317424E-024   5.6356248044927535E-024   3.0342830942813592E-024   5.2825928843907504E-024  -2.9117170461453365E-024  -1.8574124010309062E-024   8.4923406321864115E-024   1.7947205248742659E-023  -2.1525716579706536E-008   9.3029217196802783E-009
  -1.8160341330539632E-019  -2.1870676793195571E-018   5.2005771255759406E-018  -9.1677042538717419E-009   1.2634298141018431E-015  -2.3283560601574766E-016  -8.8083501635059381E-017  -7.4442997863181301E-016  -5.6668755266487419E-016  -5.1900036770834436E-016   5.2411071849772329E-019   6.3133800708553713E-018  -1.5012356405450974E-017  -1.1469923689153976E-008  -1.0164840368253679E-015   2.2613196734855298E-016   1.5911156622916204E-016   8.0374873321625920E-016   1.4198926062275370E-015   2.1273500874451206E-016   8.8450706174441869E-018   1.0656258458014755E-016  -2.5338918292127999E-016   1.1688369653731276E-008  -6.6049235730213769E-016   1.2108388409067962E-016   4.4598746332132485E-017   3.8580801439394727E-016   2.8042012534933769E-016   2.7468622692836996E-016   2.2827459507821716E-008   1.1541984243831667E-017   1.3905377948505716E-016  -3.3064820775664858E-016   3.7864304652325601E-024   7.3764037538650095E-024  -6.7329424978655940E-024   5.3645350498472542E-024   9.0528791947242859E-025   4.5799721386388657E-024  -7.5885069509685688E-024  -1.0359166622736529E-023   8.3061341541990148E-024   2.2956361892619920E-023  -2.1204642251000451E-008   9.2487337211735242E-009
   3.6601599649761407E-018   2.5762065923174086E-018   8.9021043455510603E-018  -1.5707616246688583E-008   2.1431904324084601E-015  -3.9308263033263483E-016  -1.4513711358444297E-016  -1.2528594665805731E-015  -9.1451920407319657E-016  -8.9033128140793210E-016  -1.0565807542580306E-017  -7.4366889929190742E-018  -2.5697555063662942E-017  -1.9840518007243198E-008  -1.7063654241747251E-015   3.7723368921908381E-016   2.6170416092035720E-016   1.3367247430512851E-015   2.3246264379111373E-015   3.6963974313284771E-016  -1.7833886052737922E-016  -1.2552169887702794E-016  -4.3374275391044220E-016   1.1214887219138390E-008  -9.4886219906634624E-016   1.6878928470817272E-016   5.2337839838047002E-017   5.2701773607903357E-016   2.7468622692836996E-016   4.2184479383179131E-016   1.5665104682744702E-008  -2.3271480402683551E-016  -1.6379357351479327E-016  -5.6599200152011829E-016   4.4106206669037870E-024   1.1868908117139439E-023   5.6761710650992175E-024   1.3388434325938090E-024   5.1556932088197106E-025   2.7392527451353559E-024  -1.3441434740701995E-024  -9.3022122005823393E-024  -3.4109746554917666E-024   1.2157234404079930E-023  -1.2934378239980030E-008   5.5535591064236097E-009
  -6.3668568692522025E-015   8.1387774802755086E-016   5.3098317661022527E-015 -0.45145592525260880        6.3159906601113562E-008  -1.1722159870697268E-008  -4.5910028479251354E-009  -3.7650193911473184E-008  -3.0378870241108413E-008  -2.5509765034626630E-008   6.8847603866564243E-015  -1.9525192098523846E-015  -7.0424173479067460E-015 -0.55657159065388351       -5.1600433317193399E-008   1.1583266729153219E-008   8.3135453737216481E-009   4.1350063363288540E-008   7.4661982466006291E-008   1.0250374400745317E-008  -3.2300150395345789E-015   4.2790391374233325E-016  -6.0482478278444968E-015  0.96176246259717080       -4.0536938592694630E-008   7.6575079468751359E-009   3.2513950564434084E-009   2.4872053659434743E-008   2.2827459507821716E-008   1.5665104682744702E-008   2.1517015488424791       -1.2763752052612675E-015   2.4824919315425568E-016  -1.1767592081819626E-014   2.1136271727360050E-016   4.8606117769652195E-016  -8.2443850499797757E-016   6.4986955089349899E-016   7.8077770550439232E-017   4.9655964382959379E-016  -9.7771144541187079E-016  -1.1813820447668404E-015   1.2180554865020154E-015   2.3509764212618324E-015  -2.0696068830068084       0.90654659109132341     
  -1.0948258548422143E-002  -7.9509311907308067E-010  -7.3690078629271403E-010  -8.6425864931254567E-017   1.4515559184605081E-016   6.7348062958402872E-017   1.1870557150206124E-016   1.8263850256568864E-016   6.1106078943661716E-017  -4.3460331754291935E-016   3.1604166376830882E-002   2.0474450907887943E-009   1.5648615283427564E-009  -1.3020860513991260E-016  -1.0097232830180564E-016   6.3846128483392387E-016  -5.4432950191623879E-016   2.7831962314740116E-016  -5.1420933834799150E-016   4.5524359794434905E-017  0.53343985086021495       -4.9070391172517679E-010  -3.3219308761964694E-010   9.4307529704348974E-016   3.3729145112574247E-016   1.6975711270328206E-016   1.6206782071526621E-017  -1.3198395310595942E-016   1.1541984243831667E-017  -2.3271480402683551E-016  -1.2763752052612675E-015  0.69608698350444809       -8.2916572995592424E-010  -8.0964193352071542E-010   6.2882896337448797E-009  -2.7614214518260229E-009  -1.7384259028399407E-009  -4.8126246826540748E-009  -3.2879976868066916E-009  -3.6239700872857454E-009   1.3383481920369286E-009   1.9580873141030574E-009   9.6583900799207736E-010  -1.6372641082383717E-010   6.3020818996584752E-016  -2.7734769718678360E-016
  -7.9509580400584605E-010  -1.0948265576954684E-002  -7.0899618343045667E-009   7.7593076760824434E-017   7.2013804605565431E-016   2.0718422571329816E-016  -4.9941358406432361E-016  -3.3784913356041307E-016   1.5208712070413199E-017   1.0337345550892625E-016   2.0474461427168939E-009   3.1604185154019311E-002   1.4324426954304402E-008  -1.1736152584403932E-015  -8.8117372403804238E-017   1.1747218750951910E-016   2.1709098609077736E-016   1.6797834753058633E-016   1.1006264346123628E-016   3.4297090155450664E-016  -4.9070410140295874E-010  0.53343984627263552       -2.9265826859413389E-009  -2.0171155344882074E-016   1.5269739649032770E-016   2.8203800354835799E-016   1.3364869055688433E-016   2.4773030814016977E-016   1.3905377948505716E-016  -1.6379357351479327E-016   2.4824919315425568E-016  -8.2916572995592424E-010  0.69608697625859695       -7.8802971016400962E-009  -2.5050821248541681E-009  -6.9359364221664250E-009  -8.5732587065746299E-009   2.3984026320592536E-009   2.8790845902652499E-009   9.6251749504672682E-010   2.2549979002000866E-009   1.2141490579960213E-008   3.9105635573399715E-009  -2.6596029441589285E-009   8.0868718821877115E-017  -3.2964439415437971E-017
