   1.9609008548374918E-004   5.8359838446882170E-011  -7.5180672243213827E-011  -4.3002896172444266E-011   3.3049525829865381E-012  -2.2586292991477101E-010  -6.1660186305449716E-011   1.4070083758525802E-015   1.2608900026626760E-016  -5.1158576348441490E-017   9.2035668263466056E-003   2.1785380134782290E-010  -1.3895895448772860E-010  -1.0266370291560652E-010  -1.7452756706908919E-010  -2.0234561415197582E-010  -4.3314050813943993E-011   1.7491762480160352E-015   1.4944639973022426E-016  -4.8326966970199116E-017   1.6336999361613150E-002  -5.3026860258050841E-018   1.1775080436436037E-017   2.5485775938147669E-018   6.4802035046986776E-018  -2.3778436162757152E-018   1.1938065249850355E-018  -4.3059930173233119E-018   6.3763592036714860E-018  -6.5768685889742656E-018  -6.9094848111471659E-018  -1.2029579215595662E-010  -4.9022932203516431E-011   3.7630195930096453E-011   2.7932060881864831E-010  -4.4318825561934795E-010  -1.5902463009262312E-010   1.5241417876672598E-015   3.6369943927988557E-017  -1.0116653130110451E-016  -1.7886415989929444E-009   3.2685588212649203E-010   7.8249019803440206E-010   2.9191428830033819E-009  -2.7736177458272877E-009  -1.1305056093132181E-009   1.7956045399308016E-014  -2.1948074137163166E-015  -2.3095598885310708E-015  -5.7352822545101044E-003  -3.4744868565959625E-018   3.4994219845582289E-018   6.7874940687816641E-019   2.8530659055418822E-018  -4.6554997550428664E-019   1.4643823994009991E-018  -1.3109253937430819E-018   2.1183661226623555E-018  -1.9297214509361629E-018  -2.0615698248108505E-018  -1.1864811517953478E-002  -4.7486145497287648E-015   5.6625233575064716E-016   6.0439230943257070E-016   6.9403175518324249E-003  -1.7618351487835237E-003
   5.8359838446882170E-011   2.2577854880534249E-007  -1.9260533179979095E-014   6.0211489734699653E-014  -1.1288936872149258E-007   4.2110494203477422E-013  -1.1288918007688815E-007  -2.7755203825148179E-016  -3.3575643890858224E-017  -4.7155033379968158E-017   2.8045038986052730E-009   9.6900553582435311E-006  -3.8621824560892446E-012  -1.7819518567816267E-012  -4.8450291683663647E-006   9.9332718835121223E-012  -4.8450261898967718E-006  -3.0593438608357655E-016  -3.1416985064127577E-017  -5.3568156853042026E-017   4.9424529240520094E-009   2.4217828571786385E-020  -7.9889676953584087E-020  -1.7665143731760722E-019   1.2719883592301863E-019   9.4853698032176858E-020   1.1194878880749998E-019   7.5719252564900802E-020   2.4961899774823392E-020   2.7754574266938646E-019  -3.7912011841551980E-020   8.7877083905330098E-005  -3.7487954999411235E-011  -1.6714256342467331E-011  -4.3938562993571323E-005   9.4549065044880140E-011  -4.3938520911758903E-005  -2.5495338334426681E-016  -1.4441643237585049E-016  -6.2698342003395325E-017   6.1574503933461988E-004  -2.6479167691223622E-010  -1.2195351610474869E-010  -3.0787268307960096E-004   6.8978505209755077E-010  -3.0787235625494031E-004  -2.1751175989069553E-015  -4.6600193639670636E-015  -1.1366792107486658E-015  -2.0465038409758697E-009   2.7344234950038655E-019   1.3856427187722572E-019   7.3312033785005755E-021  -7.8424498143427518E-020  -2.5836086614447654E-020  -1.0250561945197617E-019   6.4461137433805882E-020  -8.1376835472783420E-020  -7.8239740749089126E-020  -1.1881016789094545E-019  -4.2552995741253986E-009   5.7953491716067392E-016   1.2164201474154360E-015   2.9848927258479464E-016   2.7318179316430544E-009  -7.1985508237531803E-010
  -7.5180672243213827E-011  -1.9260533179979095E-014   2.2577847009427414E-007  -7.2729735356617608E-013  -4.2276438910154678E-015  -6.0032413586546367E-014   2.3488204467794732E-014  -8.2166099860509189E-017   4.4087727426478726E-017   3.7363850444461091E-017  -3.5688507125800456E-009   3.3648916833022474E-012   9.6900515067623092E-006  -1.9632676821339358E-011  -3.0331476560003206E-012  -3.6031199489241951E-012  -3.3174557253642702E-013  -9.4158865104028646E-017   5.1118462299117598E-017   4.1804957045507826E-017  -6.3078276321270752E-009   9.6514016924738628E-020   2.3784363782652037E-019   1.0705633608922031E-019  -1.3499177505219366E-019  -3.9488786121620107E-020   2.4460659617191612E-019   7.7583666151060122E-020   1.4422949192482348E-019   1.8080535923669273E-019   1.7050455857578886E-019   3.0593362958059885E-011   8.7877064394651638E-005  -1.7151271207309009E-010  -3.0609526532085676E-011  -2.9523792162826526E-011   1.6162654624421385E-014   2.3767048744021005E-017   5.9786285800767765E-018   4.8430559805548279E-017   2.1183272764220536E-010   6.1574493544266896E-004  -1.1913723172124948E-009  -2.2154008389830858E-010  -2.0712039887448807E-010   9.7073552277040490E-012   3.2415985783477043E-015  -9.8256086218460372E-016   8.6495914235060810E-016   2.5520951684199044E-009   1.8342831671793576E-019   1.3435787098025604E-019   1.3329416427205066E-019   6.4348573734526588E-020  -5.5270227597804755E-020   8.8889709630396113E-021   1.0959549008917585E-019   1.7513456680141950E-019  -1.8189541443940509E-020   4.7490254543594569E-020   5.3110928657264258E-009  -8.4141741567432130E-016   2.5417712216893780E-016  -2.2717683754842911E-016  -3.3716896835902747E-009   8.8478644602831236E-010
  -4.3002896172444266E-011   6.0211489734699653E-014  -7.2729735356617608E-013   2.2577763538304309E-007  -2.5075888586684717E-014  -3.1128226910076054E-013  -3.5137161775125747E-014  -6.1735132844127388E-017  -3.3000413713072699E-017  -8.2833801516452119E-017  -2.0609983424230183E-009   4.5656777917433985E-012  -1.3778589911019783E-011   9.6900328137973577E-006   1.5921095124206820E-012  -9.4962424960320729E-012  -6.1577843616903151E-012  -7.3596887609911493E-017  -4.1304194931895965E-017  -9.1631229355315182E-017  -3.6230070496812329E-009   1.5599817802636647E-019   2.1577336691753593E-019   1.3912467563386741E-019  -4.7554377001450880E-021   2.4547374619201182E-020   5.2325886487104200E-020   3.5440714120439154E-019  -2.0356665280528565E-019   1.2072320569142804E-019  -1.7038887329146420E-019   4.1824643940406965E-011  -1.1453716756595028E-010   8.7876898545708349E-005   1.3582684619747482E-011  -8.2039612730756651E-011  -5.5407327145329618E-011  -5.0937322040337169E-017  -3.9577841084914297E-017  -1.0758740650689206E-016   2.8502852154908633E-010  -7.8944711727469971E-010   6.1574379978874584E-004   1.0255754868272603E-010  -5.5799699087920579E-010  -3.8758607102119605E-010  -2.9423511976063980E-016  -6.4043977949588026E-016  -1.8979568308253346E-015   1.5036036632177285E-009  -1.4485342963895845E-019   6.2502663850360255E-022  -1.3006547678455772E-019   1.4047243358278569E-019  -7.2619432548605399E-020   1.3856535270185074E-019   1.6089952227272964E-019   8.7943329599992216E-021   2.2560495513136929E-019  -5.1775173771011505E-020   3.1238703060112088E-009   7.9538828521888983E-017   1.6852870433402803E-016   4.9854714445815305E-016  -2.0069544113204023E-009   5.2897090496066362E-010
   3.3049525829865381E-012  -1.1288936872149258E-007  -4.2276438910154678E-015  -2.5075888586684717E-014   2.2577858900107850E-007  -3.8835916683297371E-015  -1.1288922029167060E-007  -3.3465899406121276E-016   8.7262475093544184E-017   6.0535775788427379E-017   9.4739387651094516E-011  -4.8450283948504538E-006   3.4886820067833075E-012  -2.2634346316904824E-012   9.6900538243806168E-006  -2.7982211999410598E-012  -4.8450254295166207E-006  -3.7724423848261769E-016   9.7447422805569062E-017   6.9208984497217867E-017   1.8850911410271272E-010   1.0068059695292936E-019  -1.5155662707541368E-020  -3.9431227044334180E-019   1.8007934772645011E-019   1.2891003748624964E-019   3.0406729223768258E-020   1.2037963478096735E-019  -5.5862201121032639E-020   1.5549331706190880E-019  -1.4661603600512941E-019  -4.3938553933006145E-005   3.0826241446833118E-011  -2.4744474118936340E-011   8.7877087971410307E-005  -3.4000875667619902E-011  -4.3938534038420648E-005  -3.0237535991376931E-016   8.9400358735112955E-017   6.4101110755015512E-017  -3.0787261652172625E-004   2.0858206499144392E-010  -1.7014511510524364E-010   6.1574509741027256E-004  -2.6919887106648034E-010  -3.0787248088873036E-004  -2.4494518088418497E-015   1.0765501722870481E-015   7.9669678620697493E-016   2.7502020270075476E-012  -8.6483235295151833E-020  -1.8048943919422276E-020   3.9978417421433398E-020   1.6036356661025353E-019  -6.7627515267918487E-020   9.0284597393826725E-020   1.6655294093607841E-019  -1.0194269606857138E-019   5.7495050620702142E-020  -3.6944534938885412E-020   4.4404286244981767E-013   6.5371399837691109E-016  -2.8457930421736070E-016  -2.1048075666755929E-016  -5.1843391642803894E-011   1.8674751989779843E-011
  -2.2586292991477101E-010   4.2110494203477422E-013  -6.0032413586546367E-014  -3.1128226910076054E-013  -3.8835916683297371E-015   2.2577833994246355E-007  -4.1722152845880462E-013   1.5141509133014846E-016   2.2440214084925320E-016   1.7557795270234209E-016  -1.0655054045763456E-008   6.9364003062663685E-012   1.2595925709946163E-013  -5.3332778406704605E-012   4.9995671653333188E-012   9.6900481823608268E-006  -1.1935966551943030E-011   1.7025685317633735E-016   2.5341022849105781E-016   1.9871858929203829E-016  -1.8831956412243973E-008   3.2026465263008699E-019  -2.2216321891859861E-019   4.6029910115376083E-020   2.2103080012519100E-020  -1.3193076708149976E-019  -3.1758366790503952E-020   3.1394204971392674E-019   1.7020276019849314E-019   2.6262313103183938E-019   1.0082688642750229E-019   6.3093527719597928E-011   6.1800766451000492E-012  -4.3294365676391965E-011   4.0318142237470774E-011   8.7877038533413452E-005  -1.0341166965084037E-010   1.2848928125404419E-016   1.1561069417979335E-016   1.1005366499135913E-016   4.6333403737709987E-010   4.3414783711627956E-011  -2.8783510645074660E-010   2.5269818103937589E-010   6.1574475814804412E-004  -7.1603221832289102E-010   7.9761841584282986E-016  -1.6943264998000807E-015  -5.7631721797871726E-016   7.5581471543783749E-009   7.4795135217205267E-020   7.4783960649061559E-020   4.0596946295533516E-020  -1.6954603941370908E-019   1.1685917849231702E-019  -6.5968238243647261E-020   1.5910991062619529E-019   4.1965134918085702E-020   3.1735312901232730E-021  -2.5479198491889468E-019   1.5728356722958113E-008  -2.1476327427180508E-016   4.3167736925490192E-016   1.4236558311962708E-016  -9.9436184341820646E-009   2.6052479129915796E-009
  -6.1660186305449716E-011  -1.1288918007688815E-007   2.3488204467794732E-014  -3.5137161775125747E-014  -1.1288922029167060E-007  -4.1722152845880462E-013   2.2577840037368165E-007  -2.8103020889389002E-016   6.3605857408389170E-017   6.5495109304104599E-017  -2.8990351119414312E-009  -4.8450269630943407E-006   3.7350169448476337E-013   4.0453195477728099E-012  -4.8450246565329149E-006  -7.1350581121742385E-012   9.6900516196333186E-006  -3.2637618427817599E-016   6.7909666382294662E-017   7.3852424978285003E-017  -5.1305885971564427E-009  -1.2491073441272272E-019   9.5030738884121489E-020   5.7095215002820752E-019  -3.0728014917485272E-019  -2.2375123356140526E-019  -1.4233703842498721E-019  -1.9609494077272929E-019   3.0895443657535488E-020  -4.3302975387747389E-019   1.8454028319510514E-019  -4.3938529969614836E-005   6.6617248725734721E-012   4.1458123412688143E-011  -4.3938524982542578E-005  -6.0548256713220743E-011   8.7877054952174022E-005  -1.2964830500482369E-016   1.1371554112217383E-016   5.1314299035796662E-017  -3.0787242279391110E-004   5.6209691253737984E-011   2.9209437769719384E-010  -3.0787241436362923E-004  -4.2058665283837464E-010   6.1574483715764571E-004   2.6963268852775354E-015   2.6097186757451805E-015   2.0086741736660029E-016   2.0437045133871589E-009  -1.8696045345318132E-019  -1.2052012393035019E-019  -4.7314041751905601E-020  -8.1940696520507387E-020   9.3466911165570967E-020   1.2224446810413993E-020  -2.3101226615737809E-019   1.8331915801620131E-019   2.0747054754032841E-020   1.5575827643211604E-019   4.2547630588754367E-009  -6.9025952699187801E-016  -6.8326486440201286E-016  -5.5296865085035055E-017  -2.6799851476813388E-009   7.0119008446424184E-010
   1.4070083758525802E-015  -2.7755203825148179E-016  -8.2166099860509189E-017  -6.1735132844127388E-017  -3.3465899406121276E-016   1.5141509133014846E-016  -2.8103020889389002E-016  0.17842362176665810       -8.7199750047977087E-009  -5.2477847633543853E-009  -7.2151061794602177E-015   2.5062445674059531E-016   3.6588047660765736E-018   3.0369720177450947E-018   4.9448441800148420E-016  -2.3674308095659730E-016   5.6153818600563690E-016  0.20229043078070535       -1.1897209464098058E-008  -1.2266692655721104E-008  -5.5137451200436337E-015   2.1911339116549894E-009   2.5894250913765965E-009   1.4065351756712212E-009   6.5127151477374821E-010  -2.6933921339120429E-009  -3.5909704019662941E-009  -3.3812710768360094E-010   1.2293787384022418E-009  -2.1357775575235823E-009  -1.9646931682447517E-009  -6.5698467576720689E-016  -3.2568358298064954E-016   6.0814900755439897E-016   2.7050250961273950E-016   1.7132115673465507E-016   7.5376387893418890E-016  0.12270010441998190       -6.5076045382254694E-009  -6.4352796636132489E-009  -5.6460210916035160E-015  -2.4619252925825442E-015   4.0318059729565468E-015   1.0819129480054734E-015   3.6686401594722737E-016   4.6627869124737289E-015 -0.18035077441621697        1.0077795493622244E-008   9.9364293587131310E-009   5.1169568792114720E-015   6.7162223736962516E-010   1.0911036614017492E-009   4.1535383614353035E-010   3.3663674532474549E-010  -1.0155611560199774E-009  -1.2377095746240468E-009  -2.0042221830207110E-010   3.4177894171493594E-010  -8.2220894884393535E-010  -5.6433323176711522E-010   1.1400169727165569E-014   3.8973160010992644E-002  -2.1912678606944558E-009  -2.1644732444280765E-009  -8.9085687103692648E-015   2.5130354346155801E-015
   1.2608900026626760E-016  -3.3575643890858224E-017   4.4087727426478726E-017  -3.3000413713072699E-017   8.7262475093544184E-017   2.2440214084925320E-016   6.3605857408389170E-017  -8.7199750047977087E-009  0.17842367008208632       -6.4548253003332500E-008  -6.0526924238926591E-015   1.5246644765675189E-015   5.5724677707915648E-017  -5.3305172867255073E-017   1.4199795528491214E-015   6.0731290148135535E-017   1.4197084977541963E-015   9.2556632680894735E-009  0.20229043862578647       -2.0025829942869959E-008   1.3682388496750703E-015   4.1891572930906156E-010  -1.4194551199048061E-009  -3.5849176390495656E-009   1.3350932245500274E-009  -2.7660835145969129E-009  -1.8971293152491915E-009   1.3690132676298206E-009   1.0769953537953293E-009  -4.1729231069409182E-010   1.8692935995254574E-009   3.6905847139724434E-016  -7.7692915112995972E-017   6.2772410418456673E-016   7.0119933798536852E-016   4.4423057487903865E-016   6.8865105953012197E-016   1.8725382946620560E-009  0.12270011652810318       -2.2101474911385822E-008  -9.8170883938564769E-016  -2.6463405367653278E-016   4.2016831610677259E-015   4.9935641312595664E-016   3.0367173256678822E-015   8.2900580291111072E-016  -3.2185244725703529E-009 -0.18035079100023388        3.1630864612358926E-008   2.9764492615775134E-016  -7.6653849147925556E-011  -5.8643329753702902E-010  -1.2655843054015835E-009   8.8774149970930799E-010  -8.1943254445333339E-010  -7.8489967547835694E-010   6.4095282636119478E-010   5.2636141025206045E-010  -2.7350762939165106E-010   5.5098505891453803E-010  -5.6713965657216463E-016   6.7785592744152317E-010   3.8973163573476320E-002  -6.8867957088308778E-009   5.8410291694496342E-016  -1.8406998756324412E-016
  -5.1158576348441490E-017  -4.7155033379968158E-017   3.7363850444461091E-017  -8.2833801516452119E-017   6.0535775788427379E-017   1.7557795270234209E-016   6.5495109304104599E-017  -5.2477847633543853E-009  -6.4548253003332500E-008  0.17842361247353117        1.3533351081035503E-016   6.0601730278482873E-017   1.0230317017406643E-016   1.3961920037022269E-016  -5.8587807913693383E-017  -1.2395386780812029E-016  -1.1867863748789080E-016   1.1184698324759225E-008   1.4025929031543961E-009  0.20229042969263367       -1.4257487562427580E-015  -9.4261111137592209E-011  -1.6298028872290878E-009  -5.1201411538251098E-009   9.2034361305887443E-011  -4.4156095979903307E-010   3.4427073036838192E-011   4.0146481394007949E-009   1.8549536360461161E-009  -3.7564073922568349E-009   2.4337329933481847E-009   3.7764031403664366E-016  -1.0583899958137020E-016  -1.6269772588751260E-017  -1.1411956073517680E-017   2.3904712065395527E-016   2.0612451810361360E-016   2.9102543893863845E-009  -1.3616962574466812E-008  0.12270010148725016        2.8371945171211734E-015  -4.0323522692839537E-016   3.2506837999548133E-016   2.4667741881698550E-016   9.0046077561388278E-016   1.2268461698552534E-015  -4.8509464756854554E-009   1.8156957975294605E-008 -0.18035077014759884       -4.0987170668585202E-015  -2.2354989079462711E-011  -6.3878306822863084E-010  -1.9779402794793211E-009   7.6352440182809410E-011  -4.2980624248597257E-011  -4.6361421384311901E-011   1.4591353004178651E-009   5.9122734911094485E-010  -1.3188505403547918E-009   1.0335979953820537E-009   1.6048995110847660E-015   1.0264112724604236E-009  -3.9790229729620394E-009   3.8973159057794131E-002   1.0346979516169909E-015  -3.8995961280066097E-016
   9.2035668263466056E-003   2.8045038986052730E-009  -3.5688507125800456E-009  -2.0609983424230183E-009   9.4739387651094516E-011  -1.0655054045763456E-008  -2.8990351119414312E-009  -7.2151061794602177E-015  -6.0526924238926591E-015   1.3533351081035503E-016  0.43577269911103655        1.1825894131359382E-008  -6.8957071277403806E-009  -5.7319787207411695E-009  -1.0577432336245302E-008  -7.9442770626412567E-009  -1.2479041059234866E-009   7.3202274780355871E-016  -6.7170118834407655E-015   4.6534110187719331E-016  0.77165641813547414       -2.2806464930786202E-016   5.6879276515430998E-016   1.2652961015136276E-016   2.9730009786354231E-016  -1.2025647611619425E-016   3.8150898684057440E-017  -2.0750986374190606E-016   3.0323132238412359E-016  -3.1866899445246579E-016  -3.3212829724146282E-016   8.3313999706101607E-009  -5.3714222458037313E-009  -6.3522562349970242E-009  -8.0624738675460883E-009  -6.4232082915910168E-009  -2.6891721618071889E-010  -3.1201762539025833E-015  -3.9504057591466089E-015  -8.6858834761846968E-017   1.3303254256184140E-008  -5.6800917373384693E-009  -1.9706955648491126E-008  -1.0693783041399010E-008  -2.8956405857591423E-008  -2.6096959267427183E-009  -3.7857087177658042E-014   1.0582106961388032E-014   3.2949035135169771E-015 -0.31007592887828567       -1.4653909751185628E-016   1.6886965996341708E-016   3.4448834009593507E-017   1.2502396550165345E-016  -2.5228259927609370E-017   5.6538126198294267E-017  -6.3374745270780466E-017   9.9304796186610089E-017  -9.2010543164877871E-017  -1.0004975967934453E-016 -0.64584235197184725        1.0015330684976374E-014  -2.4990256204242769E-015  -8.6738154177286650E-016  0.40870641057818863      -0.10712693653169224     
   2.1785380134782290E-010   9.6900553582435311E-006   3.3648916833022474E-012   4.5656777917433985E-012  -4.8450283948504538E-006   6.9364003062663685E-012  -4.8450269630943407E-006   2.5062445674059531E-016   1.5246644765675189E-015   6.0601730278482873E-017   1.1825894131359382E-008   4.1588172724525192E-004   1.4098388728640039E-011   8.5434256029597221E-012  -2.0794078450509884E-004  -5.1763591261578300E-011  -2.0794094274099469E-004   5.3764365852876882E-016   1.7801130971516176E-015   4.4188304859493131E-018   2.0050993450278896E-008   1.0396714775911285E-018  -3.4287288543114391E-018  -7.5817235966989106E-018   5.4591607988050975E-018   4.0707166040655282E-018   4.8042850365805490E-018   3.2498596908191445E-018   1.0714507101696911E-018   1.1911674409288360E-017  -1.6271395383624117E-018   3.7715443399372536E-003   2.2149017691928366E-011   5.3685711018002400E-011  -1.8857717758787723E-003  -2.7776396976119646E-010  -1.8857725640584867E-003   2.1481028516773843E-016   1.2046928251721361E-015   1.1292011155644537E-016   2.6426795414030951E-002   6.4299612462075856E-011   1.6850015388607904E-010  -1.3213395631554190E-002  -7.7501668165648953E-010  -1.3213399782473389E-002   3.1072692760894349E-015   5.8528141029659078E-015   2.4724782934762136E-015  -7.9857876014240490E-009   1.1735717499253985E-017   5.9469135991998165E-018   3.1477057116722736E-019  -3.3659065690133155E-018  -1.1088297890204062E-018  -4.3993146122054913E-018   2.7666244751699678E-018  -3.4927011629605556E-018  -3.3579520105377535E-018  -5.0991251766741845E-018  -1.6061187958390970E-008  -8.2366868261567331E-016  -1.5946874408486752E-015  -6.4643845170634666E-016   1.0009349177319339E-008  -2.6029504269871216E-009
  -1.3895895448772860E-010  -3.8621824560892446E-012   9.6900515067623092E-006  -1.3778589911019783E-011   3.4886820067833075E-012   1.2595925709946163E-013   3.7350169448476337E-013   3.6588047660765736E-018   5.5724677707915648E-017   1.0230317017406643E-016  -6.8957071277403806E-009   1.4098388728640039E-011   4.1588154165413647E-004  -9.4255031278497353E-011   2.7333389819839251E-011  -3.8503936876086245E-011  -4.1431844680121429E-011   1.1768751004987327E-016   6.3079344100009043E-017   1.3575532980402145E-016  -1.1741720653549337E-008   4.1421338463396733E-018   1.0208173395384522E-017   4.5948453100816528E-018  -5.7935056160806823E-018  -1.6947954214756817E-018   1.0498161737172972E-017   3.3296373504873815E-018   6.1902221193020529E-018   7.7598077539172905E-018   7.3175514005102386E-018   1.3116392813370794E-010   3.7715433185445467E-003  -5.7442256543254010E-010   1.1475414250414388E-010  -2.1387653100009082E-010  -2.4591811009417924E-010  -1.4167542760818508E-016   1.1130087920056470E-016   4.4833427036960144E-017   8.1038354693067100E-010   2.6426789665709480E-002  -3.5786218983593522E-009   5.0097422841063253E-010  -1.5093512928184417E-009  -1.3113578195580363E-009  -4.2141089440366892E-015   3.2067804091404346E-015  -3.5103554449478655E-016   4.6696627080485896E-009   7.8725209128923249E-018   5.7665493083905701E-018   5.7208010286898133E-018   2.7617153674939913E-018  -2.3721757363277335E-018   3.8142899643438015E-019   4.7036582266853575E-018   7.5164820414119076E-018  -7.8074579896683511E-019   2.0381819860576881E-018   9.4535311520186781E-009   1.0980678733583354E-015  -8.3841518717385966E-016   8.7350332173417200E-017  -5.8961327640926856E-009   1.5344781103186849E-009
  -1.0266370291560652E-010  -1.7819518567816267E-012  -1.9632676821339358E-011   9.6900328137973577E-006  -2.2634346316904824E-012  -5.3332778406704605E-012   4.0453195477728099E-012   3.0369720177450947E-018  -5.3305172867255073E-017   1.3961920037022269E-016  -5.7319787207411695E-009   8.5434256029597221E-012  -9.4255031278497353E-011   4.1588147460641791E-004   1.7374782554814101E-011  -6.2994797705223963E-011  -2.5918081766140331E-011  -1.6517670303798914E-016  -2.5901601884280884E-016   1.5904987068470150E-016  -9.1062863454899500E-009   6.6952284602859821E-018   9.2607516492214826E-018   5.9709127503693632E-018  -2.0403734532191824E-019   1.0533989806623734E-018   2.2456747835024969E-018   1.5210701385994852E-017  -8.7366378448190084E-018   5.1810775828210515E-018  -7.3128117069418334E-018   9.5462811736967222E-011  -4.0764336947961434E-010   3.7715428681603866E-003   1.2085381947123406E-010  -3.9617349440115328E-010  -2.1631657048397708E-010  -4.2011209990113473E-017  -3.5534462533331153E-017   1.5262128126505799E-016   3.2416213899575514E-010  -2.2939781356450069E-009   2.6426787644306927E-002   1.1637770321127381E-009  -2.0529552300145600E-009  -1.4879392050299541E-009  -2.8498518249819864E-015  -6.0346432483328476E-016   1.6173763734819576E-015   3.6900230333203395E-009  -6.2169235069919374E-018   2.6891002229470325E-020  -5.5821670074865174E-018   6.0288839346414454E-018  -3.1167178184359988E-018   5.9470405963614121E-018   6.9055559985176706E-018   3.7750141680035791E-019   9.6825778410374320E-018  -2.2221778994578745E-018   7.1490910878705570E-009   7.4478818929312171E-016   1.6283896435483840E-016  -4.2804302654975230E-016  -4.4324924654284663E-009   1.1477834874891180E-009
  -1.7452756706908919E-010  -4.8450291683663647E-006  -3.0331476560003206E-012   1.5921095124206820E-012   9.6900538243806168E-006   4.9995671653333188E-012  -4.8450246565329149E-006   4.9448441800148420E-016   1.4199795528491214E-015  -5.8587807913693383E-017  -1.0577432336245302E-008  -2.0794078450509884E-004   2.7333389819839251E-011   1.7374782554814101E-011   4.1588152151622202E-004   1.0161677662263010E-010  -2.0794073701054200E-004   5.1593970956592190E-016   1.6042840527757252E-015   4.7114995557448537E-019  -1.8003988703697426E-008   4.3213023563230568E-018  -6.5021986695830921E-019  -1.6922982536954964E-017   7.7287240225730994E-018   5.5324005472271939E-018   1.3046715469084092E-018   5.1664246803764966E-018  -2.3974920554342968E-018   6.6734045392427466E-018  -6.2927430243069525E-018  -1.8857716880552795E-003   2.1303406334921256E-010  -2.3456773682898998E-011   3.7715432457127154E-003   5.5139442406135996E-010  -1.8857715576581437E-003   4.1035014686217354E-016   9.0311581757763292E-016  -4.3311250412315117E-017  -1.3213394884349403E-002   1.1745074479969264E-009  -2.5445525466253540E-011   2.6426789016652297E-002   2.5348722323332955E-009  -1.3213394132310794E-002   3.3144229481876565E-015  -3.4234708737576035E-015  -7.9465183940967445E-016   7.1599322556185102E-009  -3.7117513754548787E-018  -7.7458920064014497E-019   1.7158400503711534E-018   6.8826263947667827E-018  -2.9025100388792041E-018   3.8748257716104868E-018   7.1481542200696295E-018  -4.3751839745886807E-018   2.4676034214437131E-018  -1.5856580403892643E-018   1.4350265704229596E-008  -8.8512725749393223E-016   8.2942541625534403E-016   2.0787436460270178E-016  -8.9357437952478333E-009   2.3225210331825516E-009
  -2.0234561415197582E-010   9.9332718835121223E-012  -3.6031199489241951E-012  -9.4962424960320729E-012  -2.7982211999410598E-012   9.6900481823608268E-006  -7.1350581121742385E-012  -2.3674308095659730E-016   6.0731290148135535E-017  -1.2395386780812029E-016  -7.9442770626412567E-009  -5.1763591261578300E-011  -3.8503936876086245E-011  -6.2994797705223963E-011   1.0161677662263010E-010   4.1588149644984212E-004  -4.9853145314944489E-011  -2.8110387689932750E-016  -5.0212089881839877E-017  -1.7416770314006680E-016  -1.2510701159804772E-008   1.3744896118593215E-017  -9.5342478591087730E-018   1.9760248916906872E-018   9.4883193908421086E-019  -5.6621150796483433E-018  -1.3627407939450683E-018   1.3473437929452662E-017   7.3049910514807320E-018   1.1271289727411719E-017   4.3268534745668987E-018  -4.6143345225488028E-010  -1.3291145648812600E-010  -3.5355625629080483E-010   7.0610021173021180E-010   3.7715430926381233E-003  -2.4466674632261462E-010  -2.1581921433622317E-016   1.1765065707483965E-016  -1.1290733253246287E-016  -2.3214729982142651E-009  -9.2646987429324868E-010  -1.8110486886127226E-009   3.6683615887690041E-009   2.6426788250719563E-002  -1.3468885867664939E-009  -1.7403492026122022E-015   4.6026646323352733E-015  -2.0470325334683455E-016   5.0881320261775248E-009   3.2099383825637618E-018   3.2098072592956715E-018   1.7425688710788693E-018  -7.2766333076119708E-018   5.0154770650607366E-018  -2.8310956475267015E-018   6.8285882413110884E-018   1.8010741740132016E-018   1.3619423368002085E-019  -1.0935414986175408E-017   1.0034822761768802E-008   4.6485758863754005E-016  -1.1996459659706529E-015   6.0340535889834029E-017  -6.2436559656050872E-009   1.6207856253112170E-009
  -4.3314050813943993E-011  -4.8450261898967718E-006  -3.3174557253642702E-013  -6.1577843616903151E-012  -4.8450254295166207E-006  -1.1935966551943030E-011   9.6900516196333186E-006   5.6153818600563690E-016   1.4197084977541963E-015  -1.1867863748789080E-016  -1.2479041059234866E-009  -2.0794094274099469E-004  -4.1431844680121429E-011  -2.5918081766140331E-011  -2.0794073701054200E-004  -4.9853145314944489E-011   4.1588167975179706E-004   4.2568408803289911E-016   1.5619183703427463E-015  -1.3845345475391445E-016  -2.0460078388503231E-009  -5.3609461947984596E-018   4.0789337974147651E-018   2.4504631368876034E-017  -1.3187847711022011E-017  -9.6032053093563050E-018  -6.1090307755660825E-018  -8.4162554352931140E-018   1.3260759502098641E-018  -1.8585102846884858E-017   7.9199124959849720E-018  -1.8857726518896065E-003  -2.3518368070094185E-010  -3.0227791056195374E-011  -1.8857714698286723E-003  -2.7363009104533663E-010   3.7715441217189920E-003   3.2301697622161419E-016   9.3553660864173558E-016  -1.2015762899449723E-016  -1.3213400529735030E-002  -1.2388112621680948E-009  -1.4304659653813611E-010  -1.3213393385061176E-002  -1.7598530053745171E-009   2.6426793914800729E-002  -5.8106425799432884E-015  -5.2043596093381963E-015  -4.0415666530451806E-016   8.2565123561865971E-010  -8.0239645817835699E-018  -5.1723309216924574E-018  -2.0306354842149940E-018  -3.5166958970419064E-018   4.0113136126306272E-018   5.2446284307488478E-019  -9.9147655381423921E-018   7.8678991789612315E-018   8.9033745977242697E-019   6.6847912827840825E-018   1.7105162945732812E-009   1.4905679656014312E-015   1.2919264240268457E-015   1.1176820471836021E-016  -1.0734830413305095E-009   2.8041090169907457E-010
   1.7491762480160352E-015  -3.0593438608357655E-016  -9.4158865104028646E-017  -7.3596887609911493E-017  -3.7724423848261769E-016   1.7025685317633735E-016  -3.2637618427817599E-016  0.20229043078070535        9.2556632680894735E-009   1.1184698324759225E-008   7.3202274780355871E-016   5.3764365852876882E-016   1.1768751004987327E-016  -1.6517670303798914E-016   5.1593970956592190E-016  -2.8110387689932750E-016   4.2568408803289911E-016  0.22935296438632619        8.2162082753510227E-009   5.5247403128042842E-009   9.1475943915584058E-015   2.4827295735764177E-009   2.9358775153111338E-009   1.5945750337871475E-009   7.3882087243564840E-010  -3.0526695897729096E-009  -4.0697342200331008E-009  -3.8382024971069436E-010   1.3940079815000239E-009  -2.4209258709000245E-009  -2.2275570542232302E-009   1.5914987158672707E-015   6.1524927474953599E-016  -8.7263865067572885E-016  -5.6290283542890557E-017   5.7590982346074870E-017  -1.1194674037699007E-015  0.13904004558266952        5.7572528178867362E-009   4.4149886163805334E-009   9.9483548091981899E-015   4.1277165753202718E-015  -6.3475149695406735E-015  -1.3454500315046384E-015  -5.3155452806933600E-016  -8.4907698707560322E-015 -0.20731879545418108       -8.9933742608125882E-009  -8.7458409812681542E-009  -5.9618354835139421E-015   7.6363202238537442E-010   1.2382720369800803E-009   4.7076239679507101E-010   3.8064459173946225E-010  -1.1523928243117413E-009  -1.4051611648717426E-009  -2.2732574639497705E-010   3.8757101933619834E-010  -9.3328244020253230E-010  -6.3976370495787018E-010  -1.2176504949982728E-014   4.4927704865964840E-002   1.9759222470351926E-009   1.9906099055672506E-009   9.6063438623883063E-015  -2.7037349322059377E-015
   1.4944639973022426E-016  -3.1416985064127577E-017   5.1118462299117598E-017  -4.1304194931895965E-017   9.7447422805569062E-017   2.5341022849105781E-016   6.7909666382294662E-017  -1.1897209464098058E-008  0.20229043862578647        1.4025929031543961E-009  -6.7170118834407655E-015   1.7801130971516176E-015   6.3079344100009043E-017  -2.5901601884280884E-016   1.6042840527757252E-015  -5.0212089881839877E-017   1.5619183703427463E-015   8.2162082753510227E-009  0.22935292008493707        6.1863136614412494E-008   1.8486876448949538E-015   4.7471288019822175E-010  -1.6095923696576039E-009  -4.0638397178408451E-009   1.5134905022004080E-009  -3.1360419392887184E-009  -2.1503865476231443E-009   1.5523373843930592E-009   1.2196541883402084E-009  -4.7311326295263182E-010   2.1199292516890469E-009   9.6727485303767512E-016  -5.3957363628340145E-017  -1.0983576915964675E-015   7.1929470802251498E-016  -5.2569161160368211E-016   3.0571435415596029E-016   7.1533429438043930E-010  0.13904002685126218        2.6163633204237382E-008   2.6832622776359733E-015  -7.4425138495364373E-017  -7.9027937703282120E-015   6.9203566148932269E-017  -3.7965085393096734E-015  -2.3568992276627935E-015  -2.5495032579024511E-009 -0.20731877367434215       -4.2162228094545974E-008   6.9481608387394487E-016  -8.7200992134609218E-011  -6.6438106054723943E-010  -1.4363500634510393E-009   1.0080083479614332E-009  -9.2980728008283025E-010  -8.9101606097076905E-010   7.2605591101797742E-010   5.9902028148119114E-010  -3.0973923970968533E-010   6.2410973279031550E-010   1.8488455683701854E-016   5.7256861900167145E-010   4.4927700441603186E-002   9.1702908549210427E-009  -1.9255890267880057E-016   4.9760843636408476E-017
  -4.8326966970199116E-017  -5.3568156853042026E-017   4.1804957045507826E-017  -9.1631229355315182E-017   6.9208984497217867E-017   1.9871858929203829E-016   7.3852424978285003E-017  -1.2266692655721104E-008  -2.0025829942869959E-008  0.20229042969263367        4.6534110187719331E-016   4.4188304859493131E-018   1.3575532980402145E-016   1.5904987068470150E-016   4.7114995557448537E-019  -1.7416770314006680E-016  -1.3845345475391445E-016   5.5247403128042842E-009   6.1863136614412494E-008  0.22935297387219150       -1.0457987157201057E-015  -1.0718320655085670E-010  -1.8469998080923163E-009  -5.8039531636655748E-009   1.0452519451578811E-010  -4.9975714215368396E-010   3.9272631623616760E-011   4.5508103197241221E-009   2.1036118213701000E-009  -4.2585467998296766E-009   2.7580783110107640E-009  -1.2876723979875214E-016   5.7224827101031294E-017   7.5571561209773989E-018   5.8469977499952605E-016  -3.8516886109163111E-017   1.9296374708219925E-016  -1.1121490325824626E-009   2.1051037658627693E-008  0.13904004866590550       -6.8871036670212620E-016   7.8043247737956962E-016   5.4205814350613353E-016   4.4707791922535253E-015  -1.1405269211301671E-015   1.1069075517181962E-015  -1.6344639061993090E-009  -3.5623486019366035E-008 -0.20731880350809040       -4.7036137779304021E-015  -2.4828183724176885E-011  -7.2552357235834959E-010  -2.2445077465228874E-009   8.6620822130083254E-011  -4.9047172589740405E-011  -5.3311845616938604E-011   1.6556162084705143E-009   6.6934108510634943E-010  -1.4957165978169201E-009   1.1740635543317431E-009   1.7309633710907613E-015   4.4095067363948726E-010   7.7459551404329267E-009   4.4927706720786914E-002   1.1091567496863294E-015  -4.1270549299473567E-016
   1.6336999361613150E-002   4.9424529240520094E-009  -6.3078276321270752E-009  -3.6230070496812329E-009   1.8850911410271272E-010  -1.8831956412243973E-008  -5.1305885971564427E-009  -5.5137451200436337E-015   1.3682388496750703E-015  -1.4257487562427580E-015  0.77165641813547414        2.0050993450278896E-008  -1.1741720653549337E-008  -9.1062863454899500E-009  -1.8003988703697426E-008  -1.2510701159804772E-008  -2.0460078388503231E-009   9.1475943915584058E-015   1.8486876448949538E-015  -1.0457987157201057E-015   1.3673457251121852       -4.1508765858994129E-016   1.0017046231052163E-015   2.2119436978580620E-016   5.3110411496123196E-016  -2.0920168812993496E-016   7.6529825339814139E-017  -3.6568165464729793E-016   5.3630952126802372E-016  -5.6074327820960791E-016  -5.8569476854057024E-016   6.5227584853493929E-009  -5.1689256735057319E-009  -1.6680403930615744E-009  -7.5418806199422796E-009   2.8811098025291839E-009   1.0191378453464432E-009   2.0463874454641884E-015   9.4351393712276307E-016  -1.5207759335989272E-015  -3.3967751271405470E-008   2.0264554380200903E-008   3.2116187470362489E-008   2.8132127707706629E-008   4.8441964363156806E-008   5.8352353746020988E-009   2.9995566947830301E-014  -8.6188099514421231E-015  -1.3977046547103930E-015 -0.53026491003228793       -2.6826401233772999E-016   2.9747856972759900E-016   5.9872502146732080E-017   2.2630375292149209E-016  -4.3118120878176918E-017   1.0636588152737886E-016  -1.1158536322216856E-016   1.7633309733335743E-016  -1.6261685737129854E-016  -1.7597525080235967E-016  -1.1025921620016761       -7.8914104325806655E-015   2.1622988187482606E-015   4.2492386233258982E-016  0.68461577604645696      -0.17812113614059505     
  -5.3026860258050841E-018   2.4217828571786385E-020   9.6514016924738628E-020   1.5599817802636647E-019   1.0068059695292936E-019   3.2026465263008699E-019  -1.2491073441272272E-019   2.1911339116549894E-009   4.1891572930906156E-010  -9.4261111137592209E-011  -2.2806464930786202E-016   1.0396714775911285E-018   4.1421338463396733E-018   6.6952284602859821E-018   4.3213023563230568E-018   1.3744896118593215E-017  -5.3609461947984596E-018   2.4827295735764177E-009   4.7471288019822175E-010  -1.0718320655085670E-010  -4.1508765858994129E-016   2.8697921822202816E-017   2.9230405160724281E-017   1.1457324924149305E-017   1.0876999559826791E-017  -3.9899689505217330E-017  -4.9379142791097792E-017  -2.7706801007229552E-018   1.6613909913274483E-017  -2.5513180679630868E-017  -2.0923057901694303E-017   9.4285198191789301E-018   3.7564146833697886E-017   6.0717645178208309E-017   3.9188840607081075E-017   1.2464961271183929E-016  -4.8617351627935541E-017   1.5412401400962046E-009   2.9356137870592868E-010  -5.7638116081210536E-011   6.6064628342908921E-017   2.6320782766870346E-016   4.2544188546360692E-016   2.7459182613112281E-016   8.7340613012722003E-016  -3.4065645519792801E-016  -8.7448287624089308E-010  -2.1014892343564581E-010   3.7503780729780881E-010  -6.8957661788001244E-017   7.0277960690193073E-018   1.1876187170480399E-017   3.5515943600871638E-018   6.5406826065718083E-018  -1.3819959058677126E-017  -1.5969395693549675E-017  -1.7631112441294649E-018   5.0126808410844779E-018  -9.5107594101719642E-018  -6.3834321725160808E-018  -1.6663266242476150E-016   1.2917810624122230E-010   3.5897032509685370E-011  -9.3524985049746958E-011   2.6690853211772249E-016  -8.6248364967764747E-017
   1.1775080436436037E-017  -7.9889676953584087E-020   2.3784363782652037E-019   2.1577336691753593E-019  -1.5155662707541368E-020  -2.2216321891859861E-019   9.5030738884121489E-020   2.5894250913765965E-009  -1.4194551199048061E-009  -1.6298028872290878E-009   5.6879276515430998E-016  -3.4287288543114391E-018   1.0208173395384522E-017   9.2607516492214826E-018  -6.5021986695830921E-019  -9.5342478591087730E-018   4.0789337974147651E-018   2.9358775153111338E-009  -1.6095923696576039E-009  -1.8469998080923163E-009   1.0017046231052163E-015   2.9230405160724281E-017   6.3991544134645038E-017   9.5926066637081504E-017  -1.9379291856737814E-018  -1.2806164461572504E-017  -3.7278503296096612E-017  -5.2716952136303602E-017  -7.4139270938761127E-018   6.7358369613863631E-018  -6.5973077840976119E-017  -3.1094483471521195E-017   9.2575889128832570E-017   8.3983915228241578E-017  -5.8965634578226688E-018  -8.6464008970868663E-017   3.6991033175081479E-017   1.7789171198227808E-009  -9.7009800466458477E-010  -1.1394645515271490E-009  -2.1787569028524857E-016   6.4866913501639490E-016   5.8846611374071420E-016  -4.1316464276113957E-017  -6.0584378144839409E-016   2.5919211407313418E-016  -2.6876408554121450E-009   1.6702565349148940E-009   9.2056481786812782E-010  -5.1793067839118405E-016   1.0771264120662564E-017   2.5993586020375452E-017   3.3773946164228081E-017  -3.0113397055021854E-018  -7.8691403400147115E-018  -1.1439773192735337E-017  -2.0953810786062755E-017  -5.0608038041550432E-018   2.1189783314497281E-018  -2.1401542641894503E-017  -1.0900349196143778E-015   5.8392351708008630E-010  -3.7144131205043516E-010  -1.6650475058983552E-010   7.6884646667796060E-016  -2.0949810306342531E-016
