   3.3074253561190034E-004  -2.2457379308888629E-010   5.8883585195884499E-010   2.7536191707081577E-009   5.7176542459095936E-010   9.5780682226332386E-010  -2.8600878410740888E-010   5.7383610694680925E-010  -6.4405038801462926E-010  -1.1456014244864334E-009   7.2127727815358509E-003  -2.8161015207679081E-009   7.0786794029535588E-009   2.4386283951464729E-009   1.5463740304404392E-009   2.4969555515690027E-010  -3.3155181216382177E-010   5.9098785802439752E-010  -8.6954727378028860E-010  -2.1373616812815466E-009   1.2849077680821337E-002  -4.6766990867346099E-009   1.1672338161243522E-008   2.2681560390230603E-009   3.7236279616229132E-011  -2.8974943235424044E-011   2.7637133375784382E-011  -3.4472827100532748E-011   9.0286442691763618E-011  -1.5485767203873094E-011   1.4335456520266689E-011  -2.1011772464822367E-011   9.7419005775548308E-012  -4.9382435234405911E-012   1.1445772541723908E-009  -4.6241810857563474E-010  -3.6268371885493704E-010  -6.3844848884823201E-011  -3.1979801312068811E-010  -1.0807325470088268E-009   7.3241978309228160E-003  -2.6899701081947646E-009   6.6936813132301662E-009  -1.3962748750564431E-010   5.0602777920937673E-010   4.0137353813767433E-011   3.0469460330448163E-010  -1.4775330323696823E-010  -1.6506732053567496E-010  -8.9690672271111032E-003   3.0916773213365393E-009  -7.6868667620858327E-009  -2.4232692776848469E-009  -1.8925442315449262E-009   1.8165586992918577E-009   7.4100930852750584E-010   1.0168995026408495E-009  -4.1412871121638330E-011   8.7564471030270693E-010  -1.4769304087400641E-009   3.5302466215664063E-003  -9.4362309102117929E-010   2.3460381810550329E-009   1.0529719079572226E-009  -2.8167308408771895E-010
  -2.2457379308888629E-010   3.3074146458132812E-004   2.5550249818016498E-009   2.9347482505232892E-009   1.0167450806588163E-009   2.2243057650397570E-009  -5.3188603090652988E-010  -1.0251373013538713E-009   7.0855786457823506E-010   8.3924384893355902E-012  -2.3504859426455059E-009   7.2127606585370100E-003   2.9177722417987951E-008   7.7444742251700972E-010   2.2702649021031496E-009   2.7063322320834859E-009  -6.2613020470079013E-010  -2.7404779737642958E-009  -1.4207029887413907E-010   4.7021312971592732E-010  -3.8252133654622437E-009   1.2849057256344703E-002   4.8085187359256650E-008   2.3089163112333063E-009  -1.6776250375301931E-011   7.7163430162937851E-012  -7.3278535007867383E-013  -1.6849929084096790E-012   8.0887156228411028E-012   2.4192762539363736E-011  -1.1120306471481569E-011   7.9846254728865541E-011   7.2023125143554365E-012  -5.8967709108239808E-011   1.1377975075463588E-009   1.4856434677102617E-009  -2.6400614552076463E-010  -1.5823907467444055E-009  -2.8802367847720972E-010   4.4459330413315939E-010  -2.1930313104351934E-009   7.3241861587490025E-003   2.7533313759615504E-008   7.5025448961974483E-011   1.3131544362508359E-010  -1.2622997582746090E-010   1.0434931254562847E-010   6.7135439468626326E-011  -1.7937467531282623E-010   2.5417859703761623E-009  -8.9690538285140779E-003  -3.1640143900751367E-008  -9.4509267442704664E-010  -1.1183209407457223E-009  -1.5015942845854061E-009  -1.0502511240157054E-010   2.1212416764311123E-009   7.4785216070384484E-010  -1.0029207345753494E-009  -7.6788837930354054E-010  -7.7700700453720515E-010   3.5302425326885212E-003   9.6588947423276179E-009   9.6232355821754756E-011  -5.9493363141681126E-011
   5.8883585195884499E-010   2.5550249818016498E-009   3.3074161326461689E-004  -4.8372518456144114E-009   5.5077621558458997E-010  -1.8186192360538511E-009  -1.6081023267734256E-009  -2.3606077169585439E-010  -8.2877308462902368E-010  -3.1471548901950714E-010   6.5085118888039149E-009   2.9542858076896959E-008   7.2127623573804206E-003  -1.0223685294853829E-009   3.4215024930549619E-010  -1.4878596839765354E-009  -1.7046139540285365E-009  -3.6295298901270308E-010  -1.5684543178756553E-009   2.0802607039407157E-011   1.0609768098589155E-008   4.8776210513063897E-008   1.2849060081614509E-002  -1.0641059871292119E-009  -7.9430718587434088E-012  -2.0548662679525742E-011   3.9169166642985034E-013  -2.0290106128361382E-011  -4.0631918817748322E-012   3.0946825307187934E-011  -4.2387657419477312E-011   1.3850737133085934E-011   7.7417680873962285E-011  -1.0616478393954089E-011   2.1899896130670907E-010  -5.0596272026541589E-010  -4.7736010620780230E-011   8.5908997937720687E-011  -1.1186580740627162E-009  -3.0490787455221459E-010   6.0796606671472430E-009   2.7929395869661027E-008   7.3241877747890032E-003   1.6771748105293718E-011  -2.4758343312598679E-010  -5.8525394905545491E-010  -1.0320744772344077E-010   1.9235740209763963E-010   8.6435842965110929E-011  -7.0041732392622717E-009  -3.2083744276870370E-008  -8.9690556765546214E-003   1.5198088871504244E-009  -3.6566617189520876E-010  -3.4830381996569629E-011  -1.5559224274695244E-009  -3.7687985497111694E-010   1.7079237084486313E-009   7.4254602587337520E-010   1.0118655699057544E-009   2.1390659247145951E-009   9.7935978349128724E-009   3.5302430963251724E-003  -6.8917863233429024E-010   1.8792061544987294E-010
   2.7536191707081577E-009   2.9347482505232892E-009  -4.8372518456144114E-009   2.9981247693871947E-004   1.3507622938937354E-010  -9.6130025280531174E-011   8.1776383923976319E-011  -5.6536164200814180E-011   2.5614604831159897E-010  -7.8542247444514407E-011   5.8733159796971283E-008   6.3848698675800282E-008  -1.0478832702771286E-007   1.3320395233251944E-002  -3.3631457405587113E-011   5.1882076422241047E-011  -3.5140651180336355E-011   6.3310763411502200E-012   1.5052081249493620E-011   2.7304066818390462E-011   1.0482889129914727E-007   1.1082179605497033E-007  -1.8558472328474090E-007   1.6760902030600145E-002   2.2417016467228363E-011   1.6935957815377282E-010   1.3705862688155853E-011   2.1751421446906502E-010  -1.5817499836040379E-010  -2.4758981562968175E-010  -8.8613733315420196E-011   9.0098272171672889E-012  -5.0471779825355219E-011  -1.6931275967549607E-011  -4.0166975714695359E-011   2.0779834506911326E-011  -3.8519289197268194E-011   2.2036715554684092E-011  -1.8319636491894440E-010   1.8125387694638196E-011   6.0390229609800165E-008   6.3024194573725165E-008  -1.0627542492270350E-007   1.4721884597220803E-010  -1.0694549888727469E-010   1.0449656050236653E-010  -7.6617430707977507E-011   3.5072554996089174E-010  -7.0608090007634759E-011  -6.7328850262281878E-008  -7.2032274376504948E-008   1.1965039704120127E-007  -7.9595579780494304E-003   7.5083900289064382E-010  -6.0448615847399126E-010   5.7108353868643471E-010  -3.7461067130857745E-010   1.7100305090386330E-009  -3.7622809672360575E-010  -3.7467321053355411E-003   2.0426508422615509E-008   2.1931480975183984E-008  -3.6354288946929440E-008   1.9171838933996455E-003  -1.0298792152125839E-003
   5.7176542459095936E-010   1.0167450806588163E-009   5.5077621558458997E-010   1.3507622938937354E-010   1.4743719095994365E-005   7.9135570937649696E-013  -2.0552968416128110E-013  -7.3718596470383837E-006   1.3978455612586085E-012  -7.3718594490020738E-006   1.2398624896926740E-008   2.2189703460664149E-008   1.2014042101731654E-008   6.3873576911568158E-009  -6.4689512887761657E-005  -8.2441984405475562E-013  -2.2265306731549673E-013   3.2344756300239626E-005  -1.0740420014367793E-012   3.2344756587322883E-005   2.2122444175232188E-008   3.9508834290196049E-008   2.1398768053349941E-008   7.9258016195790050E-009  -3.5566709351164116E-011   3.6097637469824723E-011   1.4530469473206528E-011   2.5124348145005891E-011  -1.0315407091934843E-012   2.2593399763987989E-011  -2.0109594220348537E-011  -3.3941699266980780E-012  -9.1177904189519848E-012  -8.3005065504553595E-012   3.5771211706976413E-005   7.1229213496893336E-013   7.1021733451836948E-013  -1.7885605674134818E-005  -6.5267189059484481E-012  -1.7885606032612181E-005   1.2555144635430310E-008   2.2579924610952434E-008   1.2233988173471443E-008  -9.7927561434512896E-004  -2.0352806915013465E-011   1.0437890104313856E-012   4.8963780700207195E-004  -3.2492657963439533E-011   4.8963780734340850E-004  -1.5136168548655501E-008  -2.5808391172358550E-008  -1.4031788504307060E-008  -4.9752232047388581E-009  -4.9467989120730027E-003  -1.0574567681227272E-010   1.1142274626573496E-011   2.4733994555515976E-003  -2.0475668297250013E-010   2.4733994565208201E-003  -3.1958875529452372E-009   4.7733296176572372E-009   7.9077385986501204E-009   4.3120944286326000E-009   1.5954450391146069E-009  -4.7709790926986653E-010
   9.5780682226332386E-010   2.2243057650397570E-009  -1.8186192360538511E-009  -9.6130025280531174E-011   7.9135570937649696E-013   1.4743719241466101E-005  -7.4554536158415499E-013  -3.0664625772620439E-013  -7.2657597261883996E-013  -4.8467581429005612E-013   2.1052730582635368E-008   4.8554456825070944E-008  -3.9766899284946104E-008  -4.5621399501446124E-009  -1.5884181765942216E-012  -6.4689513610471878E-005   1.1334080653385105E-012   1.2307374420946256E-012   4.1145955672491072E-013   3.5768673022573058E-013   3.7409923084706333E-008   8.6457291897442857E-008  -7.0772344539254020E-008  -5.6533789294263566E-009  -2.2080395607099464E-011  -3.6673594863954046E-011  -1.1090420389459544E-012   4.1374235296430464E-011   1.1024370970511385E-011  -1.1750275296599656E-011   2.2142073049089704E-011  -1.1313928311969901E-012   6.9668805153435333E-012   1.6699143765561856E-012   1.2006558822790895E-012   3.5771211139352015E-005   5.6124067136008724E-012  -1.1653487983147263E-012   6.0634892482007016E-013  -3.5292104431526126E-014   2.1580684225955983E-008   4.9442070909223935E-008  -4.0550629377137914E-008  -3.0699583945675476E-011  -9.7927561887725190E-004   2.2641675409935412E-011   1.7372365668435210E-011   1.8795096038283426E-011   1.3327240562705321E-011  -2.3044085800523819E-008  -5.6342675658165534E-008   4.5506089532166954E-008   3.5597489807001379E-009  -1.5876942332366062E-010  -4.9467989320874884E-003   1.4219657859135275E-010   8.0630979416674346E-011   1.0983499113192504E-010   7.8138452153067626E-011   2.2896699941824049E-009   6.8237619564761656E-009   1.7245989023656549E-008  -1.3804238338336682E-008  -1.1482879476658377E-009   3.4295658505529564E-010
  -2.8600878410740888E-010  -5.3188603090652988E-010  -1.6081023267734256E-009   8.1776383923976319E-011  -2.0552968416128110E-013  -7.4554536158415499E-013   1.4743719915740165E-005   2.6138877356675839E-013   9.1664356127339804E-014  -5.5924360960432889E-014  -6.2044460188844841E-009  -1.1642436863471940E-008  -3.5275377204722048E-008   3.8883525704367987E-009   5.0150448700301985E-013   7.0865802768253350E-013  -6.4689514496650189E-005  -3.0802333840698420E-013   1.3185370297037724E-013  -1.9349691998585544E-013  -1.1073049719896844E-008  -2.0711956917264005E-008  -6.2710589662190006E-008   4.8157027204186203E-009  -1.0199569810842897E-011   1.2941743826808153E-012  -3.6935538228406875E-011  -2.8078434270326112E-012   3.0718295859158300E-011   1.6492002386926509E-011   2.8401575554022432E-013   1.1580674239081980E-011  -1.6752224512322933E-012   1.8898398679036433E-011   3.1874852928055485E-013   5.8593748632913496E-012   3.5771212525558004E-005  -1.2315394784522824E-012  -4.4711155741689475E-013   9.1276173305372814E-013  -6.2976852000782423E-009  -1.1883459020246233E-008  -3.6065988863583908E-008   1.0036729127235164E-011   1.6508230830741146E-011  -9.7927564129854914E-004  -8.2061436519193806E-012  -3.9870737388900375E-012  -1.8306165123645412E-012   7.5463631347076996E-009   1.3241094411712047E-008   3.9373287943272070E-008  -3.0433904202287783E-009   5.7049700477787180E-011   1.1103634932628663E-010  -4.9467990489865891E-003  -5.2644481161886142E-011  -3.1352240787497871E-011  -4.4052363530605035E-012  -1.9570438764035564E-009  -2.3819686507652064E-009  -4.0098482213790185E-009  -1.1769591960495682E-008   9.8688813610189883E-010  -2.9414837159380436E-010
   5.7383610694680925E-010  -1.0251373013538713E-009  -2.3606077169585439E-010  -5.6536164200814180E-011  -7.3718596470383837E-006  -3.0664625772620439E-013   2.6138877356675839E-013   1.4743720061011131E-005  -7.5593787825026424E-013  -7.3718604138779996E-006   1.2619646739341004E-008  -2.2316363699042341E-008  -5.1907151484070397E-009  -2.6817558500262733E-009   3.2344756780775166E-005   2.7678952431710213E-013  -1.0744106105565440E-013  -6.4689514554241761E-005   7.1672683898114283E-013   3.2344757773669856E-005   2.2415934932878591E-008  -3.9760214476703554E-008  -9.2161240418410150E-009  -3.3286550580170966E-009   1.7109266978076831E-011  -2.5787002037679360E-011  -2.9307114905945519E-012  -3.2252477723669583E-011  -1.0190206133297058E-012   9.2979871160201079E-012   3.9795414310269977E-011   1.1961066542855982E-011  -2.7604149135535622E-011  -6.7308281534623176E-012  -1.7885605923865619E-005  -6.5748406257765750E-013  -1.3896835944034610E-012   3.5771210550329918E-005   3.0574437885765563E-012  -1.7885604626419375E-005   1.2930804998549894E-008  -2.2650268034821909E-008  -5.3101528743407292E-009   4.8963781372605086E-004   5.4164990700575959E-012  -4.8978858030805448E-012  -9.7927564362094597E-004   1.5813593926788895E-011   4.8963782989489620E-004  -1.3820500236658833E-008   2.6529112190370633E-008   5.6892709670586579E-009   2.0899163342677781E-009   2.4733994897614222E-003   1.9796853054483635E-011  -3.5583655016933542E-011  -4.9467990749330181E-003   9.6694206090601728E-011   2.4733995851719372E-003   1.3418562133597823E-009   4.0884457394860205E-009  -8.2188964963346427E-009  -1.6709771203844503E-009  -6.7016584801264139E-010   2.0035625296528465E-010
  -6.4405038801462926E-010   7.0855786457823506E-010  -8.2877308462902368E-010   2.5614604831159897E-010   1.3978455612586085E-012  -7.2657597261883996E-013   9.1664356127339804E-014  -7.5593787825026424E-013   1.4743719836650271E-005  -6.4190287987848564E-013  -1.4093172327227510E-008   1.5527571229448491E-008  -1.8027826595326925E-008   1.2159759236430972E-008  -1.9007625920865896E-012   9.9555348807077616E-013   3.7443287024146591E-013   1.4791345742057295E-012  -6.4689514417788454E-005   4.2163098089167373E-013  -2.5075449722274357E-008   2.7615727278238054E-008  -3.2128851441872496E-008   1.5083628881981294E-008   1.5604485404867984E-013  -4.8459730543995410E-012  -8.8942994240444972E-012   1.4477618217449269E-012  -2.6938785594227274E-011  -1.6571180197597009E-012  -7.0074375519891530E-012   4.1627001725380971E-011   1.4247437738158270E-011  -2.4397516420152690E-011  -6.0401229281584429E-012   4.1877950221167207E-013  -7.1940284569456517E-013   2.5905883476428346E-012   3.5771209304989526E-005   3.4495641838810813E-012  -1.4379276926554119E-008   1.5848409522112656E-008  -1.8284889890373038E-008  -4.4876840550193927E-011   2.4499074337370080E-011   2.1510800382136321E-012   2.7723069608883584E-011  -9.7927563535492421E-004   1.7153804470256080E-011   1.6052926847833636E-008  -1.7431514050408331E-008   2.1580172246847510E-008  -9.5129530150913532E-009  -2.6795245863399124E-010   1.3879529794434960E-010  -1.5194910248120452E-013   1.5722755112159131E-010  -4.9467990372294201E-003   1.1072491137102179E-010  -6.1114030553597039E-009  -4.8637047668346185E-009   5.2062921718223423E-009  -6.7038343286574822E-009   3.0719866396426722E-009  -9.1622727877292846E-010
  -1.1456014244864334E-009   8.3924384893355902E-012  -3.1471548901950714E-010  -7.8542247444514407E-011  -7.3718594490020738E-006  -4.8467581429005612E-013  -5.5924360960432889E-014  -7.3718604138779996E-006  -6.4190287987848564E-013   1.4743719862831417E-005  -2.5018269327847096E-008   1.2666480452624366E-010  -6.8233280816035128E-009  -3.7057068945457388E-009   3.2344756107188728E-005   5.4748274624096816E-013   3.3038051012778156E-013   3.2344758253586425E-005   3.5729408079992440E-013  -6.4689514360779247E-005  -4.4538374972160960E-008   2.5138843263716882E-010  -1.2182645922074112E-008  -4.5972757786344955E-009   1.8457442373014952E-011  -1.0310635433733598E-011  -1.1599757982571434E-011   7.1281295768436596E-012   2.0505613236754682E-012  -3.1891386878091031E-011  -1.9685820088915291E-011  -8.5668966161480012E-012   3.6721939554725948E-011   1.5031334703880078E-011  -1.7885605783222619E-005  -5.4726467459599006E-014   6.7930790009411407E-013  -1.7885604875965229E-005   3.4692867759576871E-012   3.5771210658913511E-005  -2.5485947549653762E-008   7.0348071398351790E-011  -6.9238368296497032E-009   4.8963780062213956E-004   1.4934073840601779E-011   3.8584320640637592E-012   4.8963783661258098E-004   1.6678744901292799E-011  -9.7927563723507302E-004   2.8956656472421240E-008  -7.2072315082022727E-010   8.3425067502275522E-009   2.8854050627171615E-009   2.4733994223270447E-003   8.5937538710438070E-011   2.4463279961426625E-011   2.4733996193496304E-003   1.0806086477396561E-010  -4.9467990416764323E-003   1.8541028727237436E-009  -8.8617756479187034E-009   3.1118066991119791E-010  -2.6411082812351916E-009  -9.2533185716894764E-010   2.7676911882727676E-010
   7.2127727815358509E-003  -2.3504859426455059E-009   6.5085118888039149E-009   5.8733159796971283E-008   1.2398624896926740E-008   2.1052730582635368E-008  -6.2044460188844841E-009   1.2619646739341004E-008  -1.4093172327227510E-008  -2.5018269327847096E-008  0.15762277127086896       -5.7089253265697760E-009   1.5839067156041963E-008  -1.5271563552514353E-008   3.4179500728477112E-008   4.9042415539418867E-009  -7.4303470982330165E-009   1.2551644565329849E-008  -1.8896659547598877E-008  -4.6731140817222829E-008  0.28057591748893868       -2.7941593434901659E-009   7.8648512579109115E-009  -3.4796436164943106E-008   8.1366802643757635E-010  -6.3337765711423512E-010   6.0477421561954032E-010  -7.5326773509482475E-010   1.9749249586029401E-009  -3.3840169552289948E-010   3.1339472020848118E-010  -4.5925042642799159E-010   2.1291431081417279E-010  -1.0846683356934599E-010   2.4707681761292209E-008  -9.7097048613532127E-009  -7.7809927361231606E-009  -1.1387266680477052E-009  -7.0530201461570175E-009  -2.3568958192069546E-008  0.16067419148309101       -1.9479944494331995E-009   4.9048625950112902E-009   2.6310577977632059E-009   3.0715400250375949E-009  -1.8100617425400923E-009   1.4262200387645280E-009  -1.7456359935888733E-009  -4.0572823028260173E-009 -0.17813600050531472        2.2972970181666583E-009  -6.2584083381274915E-009   9.5565575198083158E-009  -1.3163298313420070E-008   1.1858685251628831E-010   2.8176892051151908E-009  -3.7479087892166839E-009   6.4614319858352189E-009   1.6911206693481390E-008   1.2581552561543450E-008   5.1019381505857803E-002  -6.9383570398467556E-010   1.9021177033273850E-009  -4.3175165008308573E-009   1.6710785988987124E-009
  -2.8161015207679081E-009   7.2127606585370100E-003   2.9542858076896959E-008   6.3848698675800282E-008   2.2189703460664149E-008   4.8554456825070944E-008  -1.1642436863471940E-008  -2.2316363699042341E-008   1.5527571229448491E-008   1.2666480452624366E-010  -5.7089253265697760E-009  0.15762275268577366        6.3563938827021793E-008   6.8773322952041733E-009   4.9692893509755342E-008   5.9287046920850950E-008  -1.3580009429674662E-008  -6.0207441788108375E-008  -3.3115139592364636E-009   1.0514549277500281E-008  -2.3004317695314918E-009  0.28057590973588231        2.8760735869326054E-008   3.7179555718380739E-008  -3.6627371734679838E-010   1.6882086607348775E-010  -1.7003168683933406E-011  -3.7211087840323524E-011   1.7760261402332459E-010   5.2862034311962570E-010  -2.4304490764382227E-010   1.7479437243133154E-009   1.5724063044583218E-010  -1.2901671321040972E-009   2.4776422164069486E-008   3.2316017644570207E-008  -5.8337332735565757E-009  -3.4311404744129765E-008  -6.1387437146165773E-009   9.5349839552265007E-009  -1.4552238795103430E-009  0.16067418722991175        1.7193144475623505E-008   2.9555122178838902E-009   5.1148215210081351E-009  -1.2923896115656408E-009  -2.5271304357369118E-009  -1.5223658948913469E-009  -4.2837987371877114E-010   1.9203044387644598E-009 -0.17813599439169772       -2.3125877507643533E-008  -2.1310687480164556E-008  -1.7953336427373015E-008  -2.1698703192919257E-008   4.9861576499000151E-009   2.2585602953566240E-008   1.4547317610962670E-009  -4.6322665137713085E-009  -2.1532168570946232E-008  -5.8387668073321429E-010   5.1019379646937937E-002   7.0436560048191075E-009   9.1016452304060100E-009  -3.0569852570873231E-009
   7.0786794029535588E-009   2.9177722417987951E-008   7.2127623573804206E-003  -1.0478832702771286E-007   1.2014042101731654E-008  -3.9766899284946104E-008  -3.5275377204722048E-008  -5.1907151484070397E-009  -1.8027826595326925E-008  -6.8233280816035128E-009   1.5839067156041963E-008   6.3563938827021793E-008  0.15762275595776351        2.0279465214742101E-008   7.5512606883686656E-009  -3.2344355727772090E-008  -3.6616460408777686E-008  -7.7829856764956742E-009  -3.4596844104169877E-008   2.3172214426874289E-010   6.8259838788198701E-009   2.9656283322021021E-008  0.28057591120770420        2.9237495800116776E-008  -1.7416183472683681E-010  -4.4990098163184076E-010   8.7488035700479367E-012  -4.4347279853085815E-010  -8.9140347465757668E-011   6.7713475842189875E-010  -9.2797292882716612E-010   3.0242844327899000E-010   1.6949074844986687E-009  -2.3195516728433018E-010   4.7215941665869372E-009  -1.1156005673410996E-008  -1.4826743439519703E-009   1.7724373575566629E-009  -2.4188852921693672E-008  -6.4940298704180250E-009   4.1810763931509064E-009   1.7720223027463029E-008  0.16067418806939229        1.4553206911012866E-009  -3.0410833712728071E-009  -3.7326895676045596E-009  -1.5242212129236461E-010  -5.3859593226596425E-010  -1.3028956856380876E-009  -5.6060139805698957E-009  -2.3644930746468939E-008 -0.17813599557004076       -5.3359994550097776E-009  -2.5715069181692709E-009   1.1022995941136009E-008   1.0961518145888659E-008   2.2336139928275237E-009   1.3867164105466875E-008   3.3789291368418789E-010  -5.3914622532252560E-009   1.7085509741052372E-009   7.1988109208021917E-009   5.1019380006368104E-002   1.6164026478747959E-009  -6.8411056566712299E-010
   2.4386283951464729E-009   7.7444742251700972E-010  -1.0223685294853829E-009   1.3320395233251944E-002   6.3873576911568158E-009  -4.5621399501446124E-009   3.8883525704367987E-009  -2.6817558500262733E-009   1.2159759236430972E-008  -3.7057068945457388E-009  -1.5271563552514353E-008   6.8773322952041733E-009   2.0279465214742101E-008  0.62136551765650183       -2.0460578833544539E-009   2.8065938787252397E-009  -2.0224056326642603E-009   5.3457386567671697E-010  -4.4287189431449439E-010   1.5116237631459424E-009  -1.3209201505667126E-008  -1.2143767762622850E-007   8.0188061580675045E-008  0.77124449098985526        1.0457906544576633E-009   7.8932029122242390E-009   6.3785682652912228E-010   1.0133827067066846E-008  -7.3680650230401633E-009  -1.1536903113498420E-008  -4.1310711465887926E-009   4.1600389199115202E-010  -2.3507891556159778E-009  -7.8550137689177245E-010  -1.5686922991788144E-009   7.1907410806515453E-010  -1.5168530167354841E-009   8.7223634227696302E-010  -7.6734270959871491E-009   6.9624822374557802E-010   8.8402816402484270E-009  -8.5245510439729786E-008   4.3374610269808850E-008  -3.4706635980259985E-010   9.4383633520298643E-010  -7.8042673922026018E-010  -1.9931733316563664E-012  -1.2931396096703538E-010   3.4878108301941759E-010  -5.5293942630866691E-009   8.6428646336338306E-008  -4.5553912194114035E-008 -0.49183619801250245       -1.1251308858459019E-009   1.4745487015634219E-009  -1.4570257805600409E-009   4.1902426169862446E-010  -2.1203791774757514E-009   7.0610766328132269E-010 -0.32132785590909152        1.9804094970700188E-009  -2.6502473800998364E-008   1.3626224514683197E-008  0.15914332093868558       -4.6056126759688072E-002
   1.5463740304404392E-009   2.2702649021031496E-009   3.4215024930549619E-010  -3.3631457405587113E-011  -6.4689512887761657E-005  -1.5884181765942216E-012   5.0150448700301985E-013   3.2344756780775166E-005  -1.9007625920865896E-012   3.2344756107188728E-005   3.4179500728477112E-008   4.9692893509755342E-008   7.5512606883686656E-009  -2.0460578833544539E-009   2.8383157963891126E-004  -4.4188950910466743E-012   2.5808135090722974E-012  -1.4191578877668302E-004  -1.3883859582140781E-011  -1.4191579086135446E-004   6.0636277370827544E-008   8.8444286492029779E-008   1.3398946167188178E-008  -2.4969323537946459E-009   1.5605251425912910E-010  -1.5838196948086317E-010  -6.3753507043646820E-011  -1.1023573848492031E-010   4.5269118591008790E-012  -9.9130679498952924E-011   8.8232238535180287E-011   1.4893769925964206E-011   4.0006020425044550E-011   3.6417893235373966E-011  -1.5694969812265992E-004   1.3642547113779425E-012  -4.0305988133716900E-012   7.8474848023815945E-005   3.8885607533160755E-011   7.8474850097837387E-005   3.5125312509327024E-008   5.0728971171655149E-008   7.7033336108139654E-009   4.2966677603068493E-003  -3.3039800484797772E-011   2.0164840902370083E-011  -2.1483338728889257E-003  -1.3854268023124244E-010  -2.1483338874194657E-003  -3.6205915637641098E-008  -5.5864217808121825E-008  -8.0363013044073805E-009   1.6381980263100231E-009   2.1704565181468908E-002  -1.5407127181456252E-010   7.6138086454254869E-011  -1.0852282555685891E-002  -5.2159728638301563E-010  -1.0852282625780451E-002   1.0404421505287829E-009   1.0399618767794867E-008   1.6729935859445041E-008   2.2914467015826767E-009  -5.6171144379893710E-010   1.6425896509765255E-010
   2.4969555515690027E-010   2.7063322320834859E-009  -1.4878596839765354E-009   5.1882076422241047E-011  -8.2441984405475562E-013  -6.4689513610471878E-005   7.0865802768253350E-013   2.7678952431710213E-013   9.9555348807077616E-013   5.4748274624096816E-013   4.9042415539418867E-009   5.9287046920850950E-008  -3.2344355727772090E-008   2.8065938787252397E-009  -4.4188950910466743E-012   2.8383158377167771E-004   6.3878789269887751E-012  -9.0204808543914290E-013   8.0238141897283796E-012   5.3209168739709333E-012   9.0272000682617694E-009   1.0547294187868750E-007  -5.7682650081247786E-008   3.4235068822162072E-009   9.6879964775374806E-011   1.6090927221260719E-010   4.8663562308739090E-012  -1.8153373761023065E-010  -4.8368663717606272E-011   5.1555622519157261E-011  -9.7149413093078239E-011   4.9664154029689632E-012  -3.0569630715480479E-011  -7.3288837359627700E-012   1.1349368510346269E-012  -1.5694969609434916E-004  -3.0908970882771796E-011   2.5159059050466136E-012  -8.0631143302708187E-012  -3.6509084761460629E-012   4.4515045507985808E-009   6.0476742529068052E-008  -3.2782819254311215E-008  -3.9163741964728229E-011   4.2966677935589847E-003   7.2336394751420114E-011  -6.8331494359634392E-012   6.5901705991090337E-011   4.5996793625626915E-011  -9.2336715798789603E-009  -6.6122046461538469E-008   3.7787422271316818E-008  -2.2198447739564984E-009  -1.8170129728883420E-010   2.1704565336730739E-002   2.4332074069166137E-010  -3.2043904196767932E-012   2.6756602268846225E-010   1.8490565152733476E-010  -1.4188121304004296E-009   3.3908971382090212E-009   1.9651676719583048E-008  -1.1563086013539249E-008   7.4821282904588132E-010  -2.2039921358451168E-010
  -3.3155181216382177E-010  -6.2613020470079013E-010  -1.7046139540285365E-009  -3.5140651180336355E-011  -2.2265306731549673E-013   1.1334080653385105E-012  -6.4689514496650189E-005  -1.0744106105565440E-013   3.7443287024146591E-013   3.3038051012778156E-013  -7.4303470982330165E-009  -1.3580009429674662E-008  -3.6616460408777686E-008  -2.0224056326642603E-009   2.5808135090722974E-012   6.3878789269887751E-012   2.8383157803208396E-004  -3.1223373212678417E-012  -3.8555144806695498E-012   5.4159301623103232E-013  -1.3110585938448178E-008  -2.4238847013110300E-008  -6.5569069911642829E-008  -2.4448451683847446E-009   4.4751825054240993E-011  -5.6775074932986010E-012   1.6205816765023542E-010   1.2320643814247158E-011  -1.3478011041383267E-010  -7.2361517998140582E-011  -1.2450903590733176E-012  -5.0812312096336427E-011   7.3479756635782347E-012  -8.2917760079349106E-011  -4.0843011542866286E-012  -3.0950065972300254E-011  -1.5694969696442330E-004   7.9069436433089359E-012   3.8333558584805939E-012  -3.8225143074466087E-012  -7.6544321998581492E-009  -1.3740049677698910E-008  -3.6769241361303092E-008   2.8899632251421782E-011   7.1127646929329937E-011   4.2966677476353847E-003  -3.2194302689470508E-011  -3.2831293963635804E-011   3.2948066060059862E-012   7.2149791536986037E-009   1.5957092227237348E-008   4.5850370530470995E-008   1.6666401028665931E-009   1.1815935012667822E-010   2.3799511380544941E-010   2.1704565120793693E-002  -1.1354213696076897E-010  -1.1668217251360964E-010  -4.6171384135724628E-012   1.0735690744769290E-009  -1.8983377013417821E-009  -4.8849766207270678E-009  -1.4581120047697792E-008  -6.0355191986879015E-010   1.7406582222356666E-010
   5.9098785802439752E-010  -2.7404779737642958E-009  -3.6295298901270308E-010   6.3310763411502200E-012   3.2344756300239626E-005   1.2307374420946256E-012  -3.0802333840698420E-013  -6.4689514554241761E-005   1.4791345742057295E-012   3.2344758253586425E-005   1.2551644565329849E-008  -6.0207441788108375E-008  -7.7829856764956742E-009   5.3457386567671697E-010  -1.4191578877668302E-004  -9.0204808543914290E-013  -3.1223373212678417E-012   2.8383157566796752E-004   4.8392857155793071E-012  -1.4191578689217626E-004   2.2561022706355171E-008  -1.0705406614483562E-007  -1.3962639282939095E-008   6.4882780554415690E-010  -7.5067852392298567E-011   1.1314249959010433E-010   1.2859047550842709E-011   1.4151051766009053E-010   4.4718810209131691E-012  -4.0796424255702583E-011  -1.7460564051113033E-010  -5.2482371146695875E-011   1.2111555025038971E-010   2.9533476866003757E-011   7.8474847979096264E-005   2.6492832677175779E-012   8.0971156946906480E-012  -1.5694968681450228E-004  -1.7820719945651499E-011   7.8474838835208916E-005   1.2483604193965748E-008  -6.1674594137844353E-008  -7.8379271927266526E-009  -2.1483338707093389E-003  -1.8265440743261643E-011  -3.3177035328803941E-011   4.2966677179719992E-003   5.1450976099331288E-011  -2.1483338472626651E-003  -1.6543855582375911E-008   6.6194649057467310E-008   9.9171041604790314E-009  -4.4773385871976108E-010  -1.0852282545749489E-002  -5.9041627641177432E-011  -1.2003513193568499E-010   2.1704565033321514E-002   1.8613384537346543E-010  -1.0852282487573526E-002  -2.8382386056142717E-010   5.3892253238732648E-009  -1.9569413562841195E-008  -3.2126608044641277E-009   1.6470858901854934E-010  -4.7087413107495489E-011
  -8.6954727378028860E-010  -1.4207029887413907E-010  -1.5684543178756553E-009   1.5052081249493620E-011  -1.0740420014367793E-012   4.1145955672491072E-013   1.3185370297037724E-013   7.1672683898114283E-013  -6.4689514417788454E-005   3.5729408079992440E-013  -1.8896659547598877E-008  -3.3115139592364636E-009  -3.4596844104169877E-008  -4.4287189431449439E-010  -1.3883859582140781E-011   8.0238141897283796E-012  -3.8555144806695498E-012   4.8392857155793071E-012   2.8383157875023780E-004   9.0445608782961327E-012  -3.3701538901624920E-008  -5.7773953743625780E-009  -6.1446424573134530E-008  -4.3567449865096835E-010  -6.8502324791879783E-013   2.1263591088535714E-011   3.9024344933175018E-011  -6.3506426341846754E-012   1.1819505654795414E-010   7.2696980255838349E-012   3.0745863958852282E-011  -1.8264177553762764E-010  -6.2513499073671351E-011   1.0704611521345617E-010   3.8783083713794885E-011  -8.6382527826527219E-012   4.3960157426556472E-012  -1.7659955663690717E-011  -1.5694968342044638E-004  -2.1123257954588926E-011  -1.9160084518763798E-008  -3.4940575946188715E-009  -3.5565614583786931E-008  -1.3948240883826192E-010   7.9412593370205592E-011  -4.3300773442878493E-011   5.0248527168037842E-011   4.2966677379401557E-003   8.9233734535827201E-011   2.2071418514206922E-008   2.3990809291955505E-009   3.6995898573980028E-008   7.0030299293602013E-010  -5.2356456117422728E-010   3.3513783413924481E-010  -1.7041313243377523E-010   1.7844783314889328E-010   2.1704565151994020E-002   3.4511671109615588E-010   4.7361455089819984E-010  -6.7438920157114985E-009  -4.1716596998762316E-010  -1.0754783153272478E-008  -4.5303262869552451E-010   1.1386342159376389E-010
  -2.1373616812815466E-009   4.7021312971592732E-010   2.0802607039407157E-011   2.7304066818390462E-011   3.2344756587322883E-005   3.5768673022573058E-013  -1.9349691998585544E-013   3.2344757773669856E-005   4.2163098089167373E-013  -6.4689514360779247E-005  -4.6731140817222829E-008   1.0514549277500281E-008   2.3172214426874289E-010   1.5116237631459424E-009  -1.4191579086135446E-004   5.3209168739709333E-012   5.4159301623103232E-013  -1.4191578689217626E-004   9.0445608782961327E-012   2.8383157775354874E-004  -8.3197292068919459E-008   1.8609781586118439E-008   5.6368801996274463E-010   1.8482890326788801E-009  -8.0984661866095347E-011   4.5239469891955570E-011   5.0894459492846145E-011  -3.1274779173395905E-011  -8.9987928816576794E-012   1.3992710375189484E-010   8.6373401975600092E-011   3.7588601220963661E-011  -1.6112157067616147E-010  -6.5951370101581972E-011   7.8474850143080480E-005  -4.0135234334443500E-012  -4.0665551496493009E-012   7.8474838791179466E-005  -2.1064880407100582E-011  -1.5694968893305625E-004  -4.7608912431320378E-008   1.0945624308993808E-008   1.3459067714777684E-010  -2.1483338895842831E-003   5.1304843032005043E-011   1.3013242044027398E-011  -2.1483338450965736E-003   8.7091507514423510E-011   4.2966677346824031E-003   5.2749755941347244E-008  -1.0330415437727675E-008  -1.8808008086073228E-009  -1.1904490385006082E-009  -1.0852282635652603E-002   2.1311088797156424E-010   4.3902337509203134E-011  -1.0852282477703820E-002   3.3546244779799258E-010   2.1704565113355358E-002  -7.5653771378490747E-010  -1.5788841837985331E-008   2.8395132673008916E-009   9.2120695431728260E-010   3.9696919814268167E-010  -1.1715614039528463E-010
   1.2849077680821337E-002  -3.8252133654622437E-009   1.0609768098589155E-008   1.0482889129914727E-007   2.2122444175232188E-008   3.7409923084706333E-008  -1.1073049719896844E-008   2.2415934932878591E-008  -2.5075449722274357E-008  -4.4538374972160960E-008  0.28057591748893868       -2.3004317695314918E-009   6.8259838788198701E-009  -1.3209201505667126E-008   6.0636277370827544E-008   9.0272000682617694E-009  -1.3110585938448178E-008   2.2561022706355171E-008  -3.3701538901624920E-008  -8.3197292068919459E-008  0.49958450100478585        9.0135117271492096E-009  -2.4028130464379021E-008  -4.5089398801906369E-008   1.4484025904800682E-009  -1.1273017045681609E-009   1.0759302729007789E-009  -1.3408959876624942E-009   3.5140798010417127E-009  -6.0237427227781289E-010   5.5776785627502104E-010  -8.1742664279587198E-010   3.7897722994219422E-010  -1.9267688269304296E-010   4.4158622660339868E-008  -1.7512419976511028E-008  -1.3944658051288494E-008  -2.1875701683945854E-009  -1.2514438408919806E-008  -4.1971058002529007E-008  0.28557117551227557        4.5740462715948527E-009  -1.3092550468576615E-008   1.7052073894833243E-009   9.7025079718281553E-009  -1.5496232227108340E-009   5.6583850906838159E-009  -4.0052386488171244E-009  -7.3636004326080791E-009 -0.32997953511928796       -4.0219191967492533E-009   1.1873133135010541E-008   4.6817539462584821E-010  -3.8114889034033673E-008   2.1058009917959041E-008   1.3323867132656531E-008   8.7591710607802032E-009   7.0564265939843769E-009   2.9355717247774300E-008   8.9181332999319581E-009  0.10776116699571232        1.1518075103931143E-009  -3.4538380926822342E-009   2.1301498867036371E-009   2.5887222634011225E-010
  -4.6766990867346099E-009   1.2849057256344703E-002   4.8776210513063897E-008   1.1082179605497033E-007   3.9508834290196049E-008   8.6457291897442857E-008  -2.0711956917264005E-008  -3.9760214476703554E-008   2.7615727278238054E-008   2.5138843263716882E-010  -2.7941593434901659E-009  0.28057590973588231        2.9656283322021021E-008  -1.2143767762622850E-007   8.8444286492029779E-008   1.0547294187868750E-007  -2.4238847013110300E-008  -1.0705406614483562E-007  -5.7773953743625780E-009   1.8609781586118439E-008   9.0135117271492096E-009  0.49958453227240895       -9.7391903488883550E-008  -9.9415076276294000E-008  -6.5222540925819141E-010   3.0036463005631495E-010  -2.9552426809227364E-011  -6.5957290254168715E-011   3.1553582371562564E-010   9.4101215600230470E-010  -4.3260045030163945E-010   3.1092023478481379E-009   2.7999866410421149E-010  -2.2954359182771690E-009   4.4139977666809905E-008   5.7606634596988216E-008  -1.0342360757277104E-008  -6.1206235063924191E-008  -1.1021082119560842E-008   1.7066259881503418E-008   4.9463872660494474E-009  0.28557119383698937       -5.4650563531269812E-008   5.0251726017022905E-009   8.1559247658795471E-009  -3.2345474204749256E-009  -2.7394003557565633E-009  -1.0368949124040783E-009  -2.2857688489614579E-009  -4.1810022452745705E-009 -0.32997955078494484        4.9174747026759489E-008   7.1160021184620697E-008  -3.3034510697144452E-008  -4.3259572762212207E-008   4.2470450496902120E-009   4.8723626256314354E-008   1.0890596329675164E-008  -1.5689115528411650E-008   3.4446628232500477E-008   1.1959217529858750E-009  0.10776117149464171       -1.4308153684461932E-008  -2.2738482605742691E-008   6.0150220677880517E-009
   1.1672338161243522E-008   4.8085187359256650E-008   1.2849060081614509E-002  -1.8558472328474090E-007   2.1398768053349941E-008  -7.0772344539254020E-008  -6.2710589662190006E-008  -9.2161240418410150E-009  -3.2128851441872496E-008  -1.2182645922074112E-008   7.8648512579109115E-009   2.8760735869326054E-008  0.28057591120770420        8.0188061580675045E-008   1.3398946167188178E-008  -5.7682650081247786E-008  -6.5569069911642829E-008  -1.3962639282939095E-008  -6.1446424573134530E-008   5.6368801996274463E-010  -2.4028130464379021E-008  -9.7391903488883550E-008  0.49958452714459467        1.0710194725572721E-007  -3.0959529988388302E-010  -8.0022676334072625E-010   1.5436429497994825E-011  -7.8934571426583389E-010  -1.5842542660648714E-010   1.2047102236003243E-009  -1.6506219310820605E-009   5.3851064340659042E-010   3.0147687804625932E-009  -4.1291872238116357E-010   8.4444405200098456E-009  -1.9794645552513208E-008  -2.3601622751364014E-009   3.2314229116668805E-009  -4.3189768812354138E-008  -1.1675860359706863E-008  -1.3320893424621146E-008  -5.4625475906712364E-008  0.28557119089209071        1.9726968328930089E-009  -6.9061991269676858E-009  -1.2162234568236126E-008  -1.8136549998899463E-009   1.0338461760532631E-009  -1.5903653631536366E-010   1.1893940003194672E-008   4.9251403541804203E-008 -0.32997954802530227       -4.0535807749548244E-008  -7.6419852118316376E-009   1.2212484781437971E-008  -7.8006532008153041E-009  -3.7069680782277207E-009   3.4395109497206120E-008   1.1348953262341846E-008  -2.7958755909632176E-008  -3.4557341374584444E-009  -1.4333483990339737E-008  0.10776117068225888        1.0164644229336992E-008  -3.5248173513452676E-009
