   6.0900677418415722E-006   3.3989166861887175E-012   5.1133724229184515E-012   6.4357965269578834E-016   3.3903249433467343E-018   4.4107426678762543E-019  -1.2363475807192533E-018  -7.0450096356739546E-019   8.0190532681460687E-019  -2.1130419312043712E-018   7.9243560157846868E-016   1.4152764065668283E-005  -3.0830504259371113E-012  -7.4955170929870855E-012   8.6163442820092579E-004   2.7771805711002454E-010   4.2236048593030581E-010  -2.4509652388917706E-018  -5.0262294328166230E-019  -6.5727941125990582E-019   4.9122244633925121E-019  -2.1180631936702047E-018   1.8365927536588158E-018  -7.4332920721224359E-016   2.6471865942878188E-003   9.5410982301739725E-010   1.4244358955126825E-009  -6.0313278748668905E-016  -5.7468962441540801E-019  -3.6425207157709759E-019  -4.5460392530927895E-019   2.1621235508487050E-019   4.3000953766182566E-019  -4.8333328422632235E-019  -2.5475605913626458E-003  -3.3219278952467249E-010  -5.1117363858696260E-010   2.1738930166024630E-015  -3.9856570794142730E-015
   3.3989166861887175E-012   6.0900702300511050E-006   9.1134229744751497E-012   8.3731327562669496E-016  -8.3400769044493972E-019   4.6097221428608076E-019   7.0118385314948310E-019  -3.1125095287823075E-018  -7.7645271411311709E-019  -4.0975842604813160E-018   1.0817359717531698E-015  -3.0830536339246297E-012   1.4152762717545317E-005  -1.3963192267454663E-011   2.7771788243775427E-010   8.6163463005773809E-004   7.5372551576529667E-010   1.0016949812505221E-018  -1.3158650391827936E-018  -1.1120973537663931E-018   1.1533851984316430E-018   1.1461038402487383E-018   5.4444546662315711E-019  -7.2078004209035207E-016   9.5410935017186738E-010   2.6471872962344554E-003   2.5364215499089075E-009  -1.7672358212466285E-016  -1.0546693231459860E-018   7.0197595352295319E-019   2.0303063274266603E-019   7.4046501950098646E-020  -7.7608213708400633E-019   1.0287137595444757E-018  -3.3219056926732640E-010  -2.5475608309112594E-003  -9.1346279587420584E-010   7.9339689495529612E-015  -7.6590538831905943E-015
   5.1133724229184515E-012   9.1134229744751497E-012   6.0900638682322693E-006  -2.2920398769967443E-016   1.8870231362246261E-018   5.0049094065314373E-020   4.6623167441124192E-019   4.0113180913458098E-020  -1.3636582881543426E-018   4.8589648375086776E-018  -3.3681069899325568E-016  -7.4955330404945233E-012  -1.3963239645007229E-011   1.4152773530605078E-005   4.2235961194627895E-010   7.5372367610797761E-010   8.6163410220349102E-004   6.6880438524696404E-019  -1.3151268742491504E-018   2.2827236729219742E-019  -4.0038684300125913E-019  -1.8440481272664567E-019   1.7751200249263947E-018  -7.2853797557427799E-016   1.4244332119051796E-009   2.5364158356011742E-009   2.6471855297088760E-003  -1.0354595513883307E-015  -9.9084753234414479E-019   1.8065789405145259E-018  -2.1976351611237048E-018   3.1224161783806479E-018   1.1409852721168063E-018  -6.3607936096081001E-019  -5.1117097702530531E-010  -9.1345818217682921E-010  -2.5475601890001288E-003   1.1448038827471900E-015  -2.4851396996602542E-015
   6.4357965269578834E-016   8.3731327562669496E-016  -2.2920398769967443E-016  0.54444790072276339       -3.2823222846349941E-008   3.1127726445757843E-008  -5.8149040695741368E-009   1.4127017350300063E-009  -2.1494242928314330E-008   3.1410527196984137E-008  0.67453259875280447       -1.9003601401957774E-016  -9.8570386037259687E-016   2.4122777350489415E-016   1.0584184330901695E-016   7.0204874655192524E-016  -1.0125349441092537E-016   7.5343885112381108E-010  -2.4550624900466507E-008  -3.1679045325036347E-008  -1.6258895326714167E-008  -5.5349651923221384E-008   1.5505480221095868E-008 -0.34032717661963913       -3.2267180005056066E-016   9.1340301207296244E-016   8.6427183985242040E-016 -0.21960375190769860       -1.6965814481848378E-009  -1.5676611448767453E-008  -2.3370479803455091E-008  -1.1694147984119454E-008  -4.1607453727008741E-008   1.3390736058243254E-008   8.2007537176507692E-016   2.5987543125815452E-015  -2.7815169915324815E-015   9.6939732191654859E-002  -2.5900995296061814E-002
   3.3903249433467343E-018  -8.3400769044493972E-019   1.8870231362246261E-018  -3.2823222846349941E-008   1.9790818165932792E-015  -1.8765084911886427E-015   3.5106852641334536E-016  -8.4945540533841681E-017   1.2968028219316450E-015  -1.8941366561662550E-015  -4.0681034058988191E-008   6.3197151902375266E-018   3.2115936706909609E-018  -1.4772192174122243E-018   4.3691677290147473E-016   2.3229142959659784E-017   1.0620958531174498E-016  -4.5946026181442225E-017   1.4810897765317709E-015   1.9104223305663737E-015   9.8056961470238876E-016   3.3377161482995307E-015  -9.3462505770310986E-016   2.0185308174771925E-008   1.3264426416840396E-015   1.2384803755086752E-016   2.6655986908370928E-016   1.2797125084818020E-008   1.0221173774524879E-016   9.4455650838691547E-016   1.4081151787945980E-015   7.0459570057452516E-016   2.5069234178348923E-015  -8.0680786918424651E-016  -1.7080308016092144E-015   1.3059687361224941E-015  -1.8789649886974324E-015  -5.6962078566115523E-009   1.5620087647249828E-009
   4.4107426678762543E-019   4.6097221428608076E-019   5.0049094065314373E-020   3.1127726445757843E-008  -1.8765084911886427E-015   1.7797141918102550E-015  -3.3225543432977345E-016   8.0857955692414532E-017  -1.2285069442261096E-015   1.7956508772594394E-015   3.8559568465959816E-008   1.2790843003735435E-018   1.5007871016955136E-018  -2.8839576463929208E-018   6.9368861713465989E-017   7.6996213628801886E-017  -7.5195815532492718E-017   4.2861070428744121E-017  -1.4032267233753819E-015  -1.8109546146402502E-015  -9.2942305790116463E-016  -3.1641734082528274E-015   8.8656332983750653E-016  -1.9594905798184786E-008   2.1571116179416098E-016   2.4093344662903531E-016  -2.6160010393267616E-016  -1.2729772276676871E-008  -9.7019460521251610E-017  -8.9653057608249001E-016  -1.3365263487867086E-015  -6.6877338721304958E-016  -2.3794724112167962E-015   7.6579321763399530E-016  -1.3725254892192146E-016  -1.1294642759443313E-016  -5.7858398777559230E-016   5.7787241376281637E-009  -1.5717415604156209E-009
  -1.2363475807192533E-018   7.0118385314948310E-019   4.6623167441124192E-019  -5.8149040695741368E-009   3.5106852641334536E-016  -3.3225543432977345E-016   6.3100256304549308E-017  -1.4647990773482003E-017   2.3148638535660373E-016  -3.3642062794910412E-016  -7.2337676826738427E-009  -2.5828960276692396E-018  -6.3309927006330317E-019   2.3618521194536298E-021  -1.6696030739565024E-016   3.7157408785197668E-017   3.6315183139318413E-017  -9.0894525703185127E-018   2.6419808112450227E-016   3.3949354806279494E-016   1.7437643235327080E-016   5.9281432680630389E-016  -1.6528730802921916E-016   2.9723582546577094E-009  -5.0999161298218978E-016   9.1098959844128043E-017   1.0055257138756261E-016   1.4747474498750882E-009   1.7990855279207605E-017   1.6631427389307743E-016   2.4792712639188333E-016   1.2405903008794467E-016   4.4139260492466160E-016  -1.4205001336035131E-016   5.7112515325711089E-016  -7.1385390397063842E-016  -3.9596703629325201E-016  -5.0627893483687682E-010   1.5604494071600363E-010
  -7.0450096356739546E-019  -3.1125095287823075E-018   4.0113180913458098E-020   1.4127017350300063E-009  -8.4945540533841681E-017   8.0857955692414532E-017  -1.4647990773482003E-017   3.8604661859490916E-018  -5.4922894414769939E-017   8.1085077971444565E-017   1.7372363902453789E-009  -4.1686794068312215E-018  -4.4868745573217947E-018   8.0990765131953213E-018  -1.6909613722702315E-016  -3.6505048964708591E-016   2.2522289760249715E-016   1.4930862229482672E-018  -6.2822036890087070E-017  -8.1690231287969068E-017  -4.1866556121488267E-017  -1.4288390135328194E-016   4.0373498464032605E-017  -1.1766564905925498E-009  -5.4531078048495021E-016  -1.0935503148127311E-015   7.7353926777929559E-016  -9.5493578794599585E-010  -4.4587349030780492E-018  -4.1174545386499270E-017  -6.1386294746449109E-017  -3.0716238083971439E-017  -1.0928943560083199E-016   3.5174965180792165E-017  -1.7580212092264196E-016   1.8124457311416976E-015   1.4711991644668261E-015   5.0164044808943775E-010  -1.2877847699658153E-010
   8.0190532681460687E-019  -7.7645271411311709E-019  -1.3636582881543426E-018  -2.1494242928314330E-008   1.2968028219316450E-015  -1.2285069442261096E-015   2.3148638535660373E-016  -5.4922894414769939E-017   8.5227638800453155E-016  -1.2418802202616391E-015  -2.6686942624783570E-008   4.4066034656327554E-018  -1.5058831072694873E-018  -1.2730983423897945E-017   1.8319580598810224E-016  -1.0166619559129848E-016  -4.5515508693259334E-016  -3.1754845472389682E-017   9.7306834752530642E-016   1.2528744965457335E-015   6.4328403387079190E-016   2.1883502950540887E-015  -6.1153026980136004E-016   1.2158709133660439E-008   5.8874608252681276E-016  -3.0930661066751715E-016  -1.4958152875812241E-015   6.9892678932430411E-009   6.6728197197186799E-017   6.1674809476865871E-016   9.1941294526000771E-016   4.6005909281877287E-016   1.6368640520412675E-015  -5.2678766285361524E-016   1.3718286266978949E-016   3.8024459447358913E-016  -1.2067547798324249E-015  -2.8474514944717077E-009   8.1103924179942135E-010
  -2.1130419312043712E-018  -4.0975842604813160E-018   4.8589648375086776E-018   3.1410527196984137E-008  -1.8941366561662550E-015   1.7956508772594394E-015  -3.3642062794910412E-016   8.1085077971444565E-017  -1.2418802202616391E-015   1.8130519546789784E-015   3.8943805981065133E-008  -8.1643544228957900E-018  -1.5780082197044181E-018   1.0330194740374026E-017  -3.8819097773529707E-016  -3.6187329982553774E-016   6.6108553491519555E-016   4.4452977471110983E-017  -1.4182680691953580E-015  -1.8287324849882712E-015  -9.3870326032150170E-016  -3.1948329111140323E-015   8.9425172346939860E-016  -1.9008636954800319E-008  -1.2257933205711567E-015  -1.0308115670198221E-015   2.0212422218944401E-015  -1.1842167917057799E-008  -9.7753018701333011E-017  -9.0338210528532972E-016  -1.3467290968298722E-015  -6.7387956890690680E-016  -2.3976343612003807E-015   7.7163302628039710E-016   2.7918606310155473E-016   3.1906978573612926E-015  -2.2113225465251487E-015   5.1945429187967094E-009  -1.4332220000869116E-009
   7.9243560157846868E-016   1.0817359717531698E-015  -3.3681069899325568E-016  0.67453259875280447       -4.0681034058988191E-008   3.8559568465959816E-008  -7.2337676826738427E-009   1.7372363902453789E-009  -2.6686942624783570E-008   3.8943805981065133E-008  0.83659828323525731       -2.0111046716837421E-016  -1.2618508343346373E-015   3.1713677667747648E-016   8.5988414578857319E-017   1.1565755080224507E-015  -2.1669010198119821E-015   9.6406803404284056E-010  -3.0475113293328502E-008  -3.9282174601070914E-008  -2.0165085931014566E-008  -6.8623598016531678E-008   1.9201049517473213E-008 -0.40221960821710656       -3.8050170540936641E-016   1.5938226587544717E-015  -4.7314382907275101E-015 -0.24620369011333695       -2.0978217314584304E-009  -1.9390540630644994E-008  -2.8906153325848076E-008  -1.4464176933720009E-008  -5.1462633762262990E-008   1.6562008715470465E-008   2.7951079761859389E-015  -1.0275559445825731E-014   7.8346978855862140E-015  0.11161464800032889       -3.2099305056930094E-002
   1.4152764065668283E-005  -3.0830536339246297E-012  -7.4955330404945233E-012  -1.9003601401957774E-016   6.3197151902375266E-018   1.2790843003735435E-018  -2.5828960276692396E-018  -4.1686794068312215E-018   4.4066034656327554E-018  -8.1643544228957900E-018  -2.0111046716837421E-016   6.5711279769763259E-005  -6.3399865955293262E-011  -1.1411173328681890E-010   2.9024387542682670E-003  -1.6420435065638834E-009  -2.9225258028545971E-009  -7.4688151759406880E-018  -1.9064015283302224E-018  -9.4512639369847332E-020   2.3907233956559714E-018  -7.1238458946055481E-018   1.1915991830926923E-018   1.1506351820045951E-015   9.2516159358107808E-003  -4.8831379865197543E-009  -8.8466418437417158E-009   1.3181673148085580E-015  -2.3399575612821536E-019  -8.2607825625215139E-019  -2.0780636536183040E-018  -1.3209340819775020E-018   1.1455144993611550E-018  -1.1160139897402279E-020   1.7998122323151843E-004   1.8261455200677306E-009   3.3823853219985860E-009  -3.1439863074744937E-015   5.6595801180928092E-015
  -3.0830504259371113E-012   1.4152762717545317E-005  -1.3963239645007229E-011  -9.8570386037259687E-016   3.2115936706909609E-018   1.5007871016955136E-018  -6.3309927006330317E-019  -4.4868745573217947E-018  -1.5058831072694873E-018  -1.5780082197044181E-018  -1.2618508343346373E-015  -6.3399865955293262E-011   6.5711239315462624E-005  -2.0733899985903102E-010  -1.6420430775810690E-009   2.9024376960308977E-003  -5.3043561173480736E-009   6.7957231081120901E-018   4.5495177688097068E-020  -1.1872606218763922E-018   3.7760658534357166E-018   8.6167087451664760E-019   4.5368190456396898E-018   1.2963489849422692E-015  -4.8831366969030386E-009   9.2516128382943829E-003  -1.6084374557860072E-008   8.6078923415052132E-016   5.8099854338618873E-019  -1.3639125172931967E-018  -6.5238710736497144E-019   3.3050132213633644E-018  -8.5480279923477275E-020   1.4690028498765229E-018   1.8261431647296780E-009   1.7998235807072129E-004   6.1626200442613592E-009  -1.0033364196548552E-014   9.9749661162320591E-015
  -7.4955170929870855E-012  -1.3963192267454663E-011   1.4152773530605078E-005   2.4122777350489415E-016  -1.4772192174122243E-018  -2.8839576463929208E-018   2.3618521194536298E-021   8.0990765131953213E-018  -1.2730983423897945E-017   1.0330194740374026E-017   3.1713677667747648E-016  -1.1411173328681890E-010  -2.0733899985903102E-010   6.5711391040066560E-005  -2.9225257140430603E-009  -5.3043543321595889E-009   2.9024415675283802E-003   1.3632027855416136E-017   9.2216908137253213E-018  -4.6128861025574700E-018   1.4785608669519197E-018   1.3145488576484282E-017   1.1984223537961162E-018   7.9662795175188668E-016  -8.8466416164484712E-009  -1.6084369245465650E-008   9.2516246259800160E-003   1.1535051238746159E-015  -9.8810994823000517E-019  -3.4861828331285309E-018   4.6046662654542987E-018  -1.7104592928269016E-018   2.5927910584720157E-019   2.0347963397636743E-018   3.3823835524840788E-009   6.1626110539088953E-009   1.7997781924051039E-004  -5.0866140929708757E-016   4.5060557758451411E-015
   8.6163442820092579E-004   2.7771788243775427E-010   4.2235961194627895E-010   1.0584184330901695E-016   4.3691677290147473E-016   6.9368861713465989E-017  -1.6696030739565024E-016  -1.6909613722702315E-016   1.8319580598810224E-016  -3.8819097773529707E-016   8.5988414578857319E-017   2.9024387542682670E-003  -1.6420430775810690E-009  -2.9225257140430603E-009  0.14658891257363627       -6.5952466076405173E-009  -7.7433646251739638E-009  -3.9538872707083194E-016  -9.1358105604757240E-017  -5.3694339804945770E-017   1.0375688024941090E-016  -3.6003996842638109E-016   1.7547599216614428E-016  -1.2601239237078318E-015  0.45953596792183332       -6.8780339430070950E-009  -7.7119370290900161E-009  -7.9391084203914377E-016  -5.1100356480117701E-017  -5.0974050213729164E-017  -9.2332223500544538E-017  -1.9412466258248500E-017   6.4851627088067533E-017  -3.7887451848701245E-017 -0.19314324297683144        3.4418836121851881E-009   3.9277602803975352E-009   2.7858864685029876E-015  -4.0732579317395494E-015
   2.7771805711002454E-010   8.6163463005773809E-004   7.5372367610797761E-010   7.0204874655192524E-016   2.3229142959659784E-017   7.6996213628801886E-017   3.7157408785197668E-017  -3.6505048964708591E-016  -1.0166619559129848E-016  -3.6187329982553774E-016   1.1565755080224507E-015  -1.6420435065638834E-009   2.9024376960308977E-003  -5.3043543321595889E-009  -6.5952466076405173E-009  0.14658890705252375       -1.3340180787091256E-008   2.6424621910080176E-016  -1.0106223832891868E-016  -1.1902483612189784E-016   1.9323223094211287E-016   1.1274626969045733E-016   1.6674603476766172E-016  -3.0163541659142190E-015  -6.8780336430366956E-009  0.45953596204839381       -1.3187573707031543E-008   1.9221469970484356E-016  -6.6070065996663934E-017   1.7178309187162751E-017  -2.1029506529213226E-018   9.6392943195229611E-017  -6.2683450562705957E-017   1.2026911642925125E-016   3.4418845647908694E-009 -0.19314324005947939        6.7360077193769588E-009   5.9096659398305649E-015  -6.8579849583291139E-015
   4.2236048593030581E-010   7.5372551576529667E-010   8.6163410220349102E-004  -1.0125349441092537E-016   1.0620958531174498E-016  -7.5195815532492718E-017   3.6315183139318413E-017   2.2522289760249715E-016  -4.5515508693259334E-016   6.6108553491519555E-016  -2.1669010198119821E-015  -2.9225258028545971E-009  -5.3043561173480736E-009   2.9024415675283802E-003  -7.7433646251739638E-009  -1.3340180787091256E-008  0.14658891555249276        4.2583780672276866E-016   1.5063520036372046E-016  -1.0875309510868409E-016   9.4158913539510528E-018   3.4615482862786933E-016   1.7088503668758492E-016  -6.8412300604628290E-016  -7.7119367701181628E-009  -1.3187576728307807E-008  0.45953597027143955       -1.8347502360539174E-015  -1.0413815441325257E-016   4.4862556782881845E-017  -4.4596129113875676E-017   1.9586851496569962E-016   9.5823961814812796E-017   6.3446184716129131E-018   3.9277613932887137E-009   6.7360132885859498E-009 -0.19314324429546326       -2.2023812439803905E-015  -3.6355736735937870E-015
  -2.4509652388917706E-018   1.0016949812505221E-018   6.6880438524696404E-019   7.5343885112381108E-010  -4.5946026181442225E-017   4.2861070428744121E-017  -9.0894525703185127E-018   1.4930862229482672E-018  -3.1754845472389682E-017   4.4452977471110983E-017   9.6406803404284056E-010  -7.4688151759406880E-018   6.7957231081120901E-018   1.3632027855416136E-017  -3.9538872707083194E-016   2.6424621910080176E-016   4.2583780672276866E-016   2.1388926495082056E-018  -3.6062686684256716E-017  -4.5044484506332923E-017  -2.3260931254859090E-017  -7.8334657106502407E-017   2.1122149815780668E-017   2.2605240503468846E-010  -1.2328159036395945E-015   8.5737379097746756E-016   1.4313842602973542E-015   6.0780485821038363E-010  -2.2161901602672588E-018  -2.0503973582266937E-017  -3.0563000881311089E-017  -1.5293461434044494E-017  -5.4411742494464267E-017   1.7509718785902207E-017   6.9574446602636062E-016   4.1139072241567480E-016   1.9650289817370438E-015  -5.1440193147142870E-010   1.2255555890936555E-010
  -5.0262294328166230E-019  -1.3158650391827936E-018  -1.3151268742491504E-018  -2.4550624900466507E-008   1.4810897765317709E-015  -1.4032267233753819E-015   2.6419808112450227E-016  -6.2822036890087070E-017   9.7306834752530642E-016  -1.4182680691953580E-015  -3.0475113293328502E-008  -1.9064015283302224E-018   4.5495177688097068E-020   9.2216908137253213E-018  -9.1358105604757240E-017  -1.0106223832891868E-016   1.5063520036372046E-016  -3.6062686684256716E-017   1.1110334980881335E-015   1.4307921680113650E-015   7.3460835513237847E-016   2.4991819359663867E-015  -6.9854688852349333E-016   1.4018903136898466E-008  -2.8820362219227272E-016  -2.7886482665785561E-016   5.8792346584637198E-016   8.1631345995120593E-009   7.6249692016929352E-017   7.0464410815410275E-016   1.0504602030247016E-015   5.2563159046343254E-016   1.8701758176837666E-015  -6.0188169322855537E-016   7.2998474241173439E-017   1.1272191483179122E-015   2.8321481897621541E-015  -3.2005634138768533E-009   9.0660675473212909E-010
  -6.5727941125990582E-019  -1.1120973537663931E-018   2.2827236729219742E-019  -3.1679045325036347E-008   1.9104223305663737E-015  -1.8109546146402502E-015   3.3949354806279494E-016  -8.1690231287969068E-017   1.2528744965457335E-015  -1.8287324849882712E-015  -3.9282174601070914E-008  -9.4512639369847332E-020  -1.1872606218763922E-018  -4.6128861025574700E-018  -5.3694339804945770E-017  -1.1902483612189784E-016  -1.0875309510868409E-016  -4.5044484506332923E-017   1.4307921680113650E-015   1.8445941463688956E-015   9.4687264633341934E-016   3.2224727411201048E-015  -9.0182962972568819E-016   1.9036271217422280E-008  -1.5036165130199322E-016  -3.5144110225343506E-016  -3.8653816126672711E-016   1.1771757708553689E-008   9.8567939901083886E-017   9.1085911042346994E-016   1.3578839902588130E-015   6.7946057880871580E-016   2.4174956560757143E-015  -7.7802896996348080E-016   5.4124490341035140E-016   7.2482954643663184E-016  -1.0514323711359867E-015  -5.0137805037729343E-009   1.3868135873284924E-009
   4.9122244633925121E-019   1.1533851984316430E-018  -4.0038684300125913E-019  -1.6258895326714167E-008   9.8056961470238876E-016  -9.2942305790116463E-016   1.7437643235327080E-016  -4.1866556121488267E-017   6.4328403387079190E-016  -9.3870326032150170E-016  -2.0165085931014566E-008   2.3907233956559714E-018   3.7760658534357166E-018   1.4785608669519197E-018   1.0375688024941090E-016   1.9323223094211287E-016   9.4158913539510528E-018  -2.3260931254859090E-017   7.3460835513237847E-016   9.4687264633341934E-016   4.8607001043661205E-016   1.6541218083427518E-015  -4.6280984273927044E-016   9.6796094964649486E-009   3.3150102007894351E-016   6.0483044092698397E-016   5.3479960869577218E-017   5.9233126741439652E-009   5.0571744494541561E-017   4.6733302949744432E-016   6.9668686866445578E-016   3.4860954156126434E-016   1.2403396355133911E-015  -3.9918152518636911E-016   2.6671422838279368E-017  -2.7885313272922470E-016   6.1524452388177979E-016  -2.4887545156296967E-009   6.9102232566688777E-010
  -2.1180631936702047E-018   1.1461038402487383E-018  -1.8440481272664567E-019  -5.5349651923221384E-008   3.3377161482995307E-015  -3.1641734082528274E-015   5.9281432680630389E-016  -1.4288390135328194E-016   2.1883502950540887E-015  -3.1948329111140323E-015  -6.8623598016531678E-008  -7.1238458946055481E-018   8.6167087451664760E-019   1.3145488576484282E-017  -3.6003996842638109E-016   1.1274626969045733E-016   3.4615482862786933E-016  -7.8334657106502407E-017   2.4991819359663867E-015   3.2224727411201048E-015   1.6541218083427518E-015   5.6297246656555200E-015  -1.5757896897135046E-015   3.3493602348748612E-008  -1.1285848432233340E-015   3.2802342537586217E-016   1.2018249107689970E-015   2.0872897992478299E-008   1.7226202810169381E-016   1.5918524195415927E-015   2.3730915895425295E-015   1.1874519927852894E-015   4.2249109822805157E-015  -1.3597147899036425E-015   4.7675480818665325E-016  -8.1440033803644032E-016   2.6000602956181974E-015  -8.9779747014495724E-009   2.4765325711291127E-009
   1.8365927536588158E-018   5.4444546662315711E-019   1.7751200249263947E-018   1.5505480221095868E-008  -9.3462505770310986E-016   8.8656332983750653E-016  -1.6528730802921916E-016   4.0373498464032605E-017  -6.1153026980136004E-016   8.9425172346939860E-016   1.9201049517473213E-008   1.1915991830926923E-018   4.5368190456396898E-018   1.1984223537961162E-018   1.7547599216614428E-016   1.6674603476766172E-016   1.7088503668758492E-016   2.1122149815780668E-017  -6.9854688852349333E-016  -9.0182962972568819E-016  -4.6280984273927044E-016  -1.5757896897135046E-015   4.4168834527722706E-016  -9.9056269381915341E-009   5.0775933912743041E-016   5.4563423607097244E-016   4.9517943108285516E-016  -6.5310618154271986E-009  -4.8355618770976975E-017  -4.4682965507298410E-016  -6.6612476041552449E-016  -3.3331652683028080E-016  -1.1859294820856842E-015   3.8167231754474589E-016  -1.3400541003441913E-015   3.8034175612312899E-016  -1.2865422471883463E-015   3.0031175214932876E-009  -8.1356762091042193E-010
  -7.4332920721224359E-016  -7.2078004209035207E-016  -7.2853797557427799E-016 -0.34032717661963913        2.0185308174771925E-008  -1.9594905798184786E-008   2.9723582546577094E-009  -1.1766564905925498E-009   1.2158709133660439E-008  -1.9008636954800319E-008 -0.40221960821710656        1.1506351820045951E-015   1.2963489849422692E-015   7.9662795175188668E-016  -1.2601239237078318E-015  -3.0163541659142190E-015  -6.8412300604628290E-016   2.2605240503468846E-010   1.4018903136898466E-008   1.9036271217422280E-008   9.6796094964649486E-009   3.3493602348748612E-008  -9.9056269381915341E-009  0.65595541156437631       -3.9073189793130112E-016  -4.5072578423543524E-015   1.8241818284045987E-015  0.71659561698576901        1.1438248335239432E-009   1.0557387202673783E-008   1.5740613824969106E-008   7.8761722351159718E-009   2.8024064046008643E-008  -9.0199645002228087E-009  -1.7071810379334756E-015   6.9369718381268940E-015  -8.4383682020546736E-015 -0.48126241483638943       0.12321832556814979     
   2.6471865942878188E-003   9.5410935017186738E-010   1.4244332119051796E-009  -3.2267180005056066E-016   1.3264426416840396E-015   2.1571116179416098E-016  -5.0999161298218978E-016  -5.4531078048495021E-016   5.8874608252681276E-016  -1.2257933205711567E-015  -3.8050170540936641E-016   9.2516159358107808E-003  -4.8831366969030386E-009  -8.8466416164484712E-009  0.45953596792183332       -6.8780336430366956E-009  -7.7119367701181628E-009  -1.2328159036395945E-015  -2.8820362219227272E-016  -1.5036165130199322E-016   3.3150102007894351E-016  -1.1285848432233340E-015   5.0775933912743041E-016  -3.9073189793130112E-016   1.4434166697693036        2.1696866020861408E-008   2.7755140224702043E-008   1.5454537164692462E-015  -1.4576885378930528E-016  -1.5639930098454637E-016  -2.9408324510661203E-016  -7.8223789973888223E-017   2.0073145365016758E-016  -1.0506714056959760E-016 -0.53122085134902297       -7.3064811800629973E-009  -9.3795821473838530E-009  -1.8395167977311407E-015   2.6343955565403807E-015
   9.5410982301739725E-010   2.6471872962344554E-003   2.5364158356011742E-009   9.1340301207296244E-016   1.2384803755086752E-016   2.4093344662903531E-016   9.1098959844128043E-017  -1.0935503148127311E-015  -3.0930661066751715E-016  -1.0308115670198221E-015   1.5938226587544717E-015  -4.8831379865197543E-009   9.2516128382943829E-003  -1.6084369245465650E-008  -6.8780339430070950E-009  0.45953596204839381       -1.3187576728307807E-008   8.5737379097746756E-016  -2.7886482665785561E-016  -3.5144110225343506E-016   6.0483044092698397E-016   3.2802342537586217E-016   5.4563423607097244E-016  -4.5072578423543524E-015   2.1696866020861408E-008   1.4434166872069512        4.8434258785248748E-008   5.1303597196051783E-015  -1.7208646220016957E-016   2.2250169168666846E-017  -1.7919455062936762E-017   3.2807501502694976E-016  -1.7507420834528883E-016   3.6010903315985663E-016  -7.3064816544854620E-009 -0.53122085721071688       -1.6376085981450539E-008  -3.7768763045145175E-015   6.0622544328157375E-015
   1.4244358955126825E-009   2.5364215499089075E-009   2.6471855297088760E-003   8.6427183985242040E-016   2.6655986908370928E-016  -2.6160010393267616E-016   1.0055257138756261E-016   7.7353926777929559E-016  -1.4958152875812241E-015   2.0212422218944401E-015  -4.7314382907275101E-015  -8.8466418437417158E-009  -1.6084374557860072E-008   9.2516246259800160E-003  -7.7119370290900161E-009  -1.3187573707031543E-008  0.45953597027143955        1.4313842602973542E-015   5.8792346584637198E-016  -3.8653816126672711E-016   5.3479960869577218E-017   1.2018249107689970E-015   4.9517943108285516E-016   1.8241818284045987E-015   2.7755140224702043E-008   4.8434258785248748E-008   1.4434166552182299        1.0279843758744115E-015  -3.0654524369768377E-016   5.9514979186160204E-017  -3.8035527789692714E-017   5.1038132157235537E-016   2.7001838568916835E-016   5.5294582756865253E-017  -9.3795820502359502E-009  -1.6376088796906271E-008 -0.53122084638025602        7.3691983178744027E-016   9.1968788249166307E-016
  -6.0313278748668905E-016  -1.7672358212466285E-016  -1.0354595513883307E-015 -0.21960375190769860        1.2797125084818020E-008  -1.2729772276676871E-008   1.4747474498750882E-009  -9.5493578794599585E-010   6.9892678932430411E-009  -1.1842167917057799E-008 -0.24620369011333695        1.3181673148085580E-015   8.6078923415052132E-016   1.1535051238746159E-015  -7.9391084203914377E-016   1.9221469970484356E-016  -1.8347502360539174E-015   6.0780485821038363E-010   8.1631345995120593E-009   1.1771757708553689E-008   5.9233126741439652E-009   2.0872897992478299E-008  -6.5310618154271986E-009  0.71659561698576901        1.5454537164692462E-015   5.1303597196051783E-015   1.0279843758744115E-015  0.85063632026368607        7.9797996275637156E-010   7.2985887196777914E-009   1.0892294667685781E-008   5.4493546162114010E-009   1.9394498415336089E-008  -6.2472868922297260E-009  -1.0187750600681482E-015  -5.6021768610977390E-015   4.3649279280887148E-015 -0.48863569348650066       0.11206410626621122     
  -5.7468962441540801E-019  -1.0546693231459860E-018  -9.9084753234414479E-019  -1.6965814481848378E-009   1.0221173774524879E-016  -9.7019460521251610E-017   1.7990855279207605E-017  -4.4587349030780492E-018   6.6728197197186799E-017  -9.7753018701333011E-017  -2.0978217314584304E-009  -2.3399575612821536E-019   5.8099854338618873E-019  -9.8810994823000517E-019  -5.1100356480117701E-017  -6.6070065996663934E-017  -1.0413815441325257E-016  -2.2161901602672588E-018   7.6249692016929352E-017   9.8567939901083886E-017   5.0571744494541561E-017   1.7226202810169381E-016  -4.8355618770976975E-017   1.1438248335239432E-009  -1.4576885378930528E-016  -1.7208646220016957E-016  -3.0654524369768377E-016   7.9797996275637156E-010   5.3072001167538381E-018   4.8977766341779145E-017   7.3024970100690027E-017   3.6539530683842376E-017   1.3001148697883983E-016  -4.1846742152191695E-017   4.4513089386543218E-016   1.0047044425212447E-015   6.5880685883139410E-016  -2.8141118376539925E-010   7.2407870631955865E-011
  -3.6425207157709759E-019   7.0197595352295319E-019   1.8065789405145259E-018  -1.5676611448767453E-008   9.4455650838691547E-016  -8.9653057608249001E-016   1.6631427389307743E-016  -4.1174545386499270E-017   6.1674809476865871E-016  -9.0338210528532972E-016  -1.9390540630644994E-008  -8.2607825625215139E-019  -1.3639125172931967E-018  -3.4861828331285309E-018  -5.0974050213729164E-017   1.7178309187162751E-017   4.4862556782881845E-017  -2.0503973582266937E-017   7.0464410815410275E-016   9.1085911042346994E-016   4.6733302949744432E-016   1.5918524195415927E-015  -4.4682965507298410E-016   1.0557387202673783E-008  -1.5639930098454637E-016   2.2250169168666846E-017   5.9514979186160204E-017   7.2985887196777914E-009   4.8977766341779145E-017   4.5273304572130553E-016   6.7490128042661632E-016   3.3771014848561208E-016   1.2015495317615773E-015  -3.8668805059182897E-016   1.5614749898509930E-016  -8.5037566259413972E-016  -2.1839710631257983E-015  -3.8355554131090162E-009   1.0287684712167512E-009
  -4.5460392530927895E-019   2.0303063274266603E-019  -2.1976351611237048E-018  -2.3370479803455091E-008   1.4081151787945980E-015  -1.3365263487867086E-015   2.4792712639188333E-016  -6.1386294746449109E-017   9.1941294526000771E-016  -1.3467290968298722E-015  -2.8906153325848076E-008  -2.0780636536183040E-018  -6.5238710736497144E-019   4.6046662654542987E-018  -9.2332223500544538E-017  -2.1029506529213226E-018  -4.4596129113875676E-017  -3.0563000881311089E-017   1.0504602030247016E-015   1.3578839902588130E-015   6.9668686866445578E-016   2.3730915895425295E-015  -6.6612476041552449E-016   1.5740613824969106E-008  -2.9408324510661203E-016  -1.7919455062936762E-017  -3.8035527789692714E-017   1.0892294667685781E-008   7.3024970100690027E-017   6.7490128042661632E-016   1.0061114555031951E-015   5.0344109976908360E-016   1.7912180353869401E-015  -5.7646626744689798E-016   2.6279405909248038E-019  -2.9391988767376138E-016   2.7243590836794769E-015  -5.5251100838675554E-009   1.4775020591095471E-009
   2.1621235508487050E-019   7.4046501950098646E-020   3.1224161783806479E-018  -1.1694147984119454E-008   7.0459570057452516E-016  -6.6877338721304958E-016   1.2405903008794467E-016  -3.0716238083971439E-017   4.6005909281877287E-016  -6.7387956890690680E-016  -1.4464176933720009E-008  -1.3209340819775020E-018   3.3050132213633644E-018  -1.7104592928269016E-018  -1.9412466258248500E-017   9.6392943195229611E-017   1.9586851496569962E-016  -1.5293461434044494E-017   5.2563159046343254E-016   6.7946057880871580E-016   3.4860954156126434E-016   1.1874519927852894E-015  -3.3331652683028080E-016   7.8761722351159718E-009  -7.8223789973888223E-017   3.2807501502694976E-016   5.1038132157235537E-016   5.4493546162114010E-009   3.6539530683842376E-017   3.3771014848561208E-016   5.0344109976908360E-016   2.5191350673793073E-016   8.9629479186109716E-016  -2.8845313668274830E-016  -4.2935598485724100E-016   5.5130107696235275E-016  -2.9727105625939131E-015  -2.7806191176250624E-009   7.4396175277404823E-010
   4.3000953766182566E-019  -7.7608213708400633E-019   1.1409852721168063E-018  -4.1607453727008741E-008   2.5069234178348923E-015  -2.3794724112167962E-015   4.4139260492466160E-016  -1.0928943560083199E-016   1.6368640520412675E-015  -2.3976343612003807E-015  -5.1462633762262990E-008   1.1455144993611550E-018  -8.5480279923477275E-020   2.5927910584720157E-019   6.4851627088067533E-017  -6.2683450562705957E-017   9.5823961814812796E-017  -5.4411742494464267E-017   1.8701758176837666E-015   2.4174956560757143E-015   1.2403396355133911E-015   4.2249109822805157E-015  -1.1859294820856842E-015   2.8024064046008643E-008   2.0073145365016758E-016  -1.7507420834528883E-016   2.7001838568916835E-016   1.9394498415336089E-008   1.3001148697883983E-016   1.2015495317615773E-015   1.7912180353869401E-015   8.9629479186109716E-016   3.1889736062083479E-015  -1.0263066295667987E-015  -1.5275074910826449E-016   6.4389828241717274E-016  -9.2190835280189779E-016  -9.7954290510375803E-009   2.6184691382923976E-009
  -4.8333328422632235E-019   1.0287137595444757E-018  -6.3607936096081001E-019   1.3390736058243254E-008  -8.0680786918424651E-016   7.6579321763399530E-016  -1.4205001336035131E-016   3.5174965180792165E-017  -5.2678766285361524E-016   7.7163302628039710E-016   1.6562008715470465E-008  -1.1160139897402279E-020   1.4690028498765229E-018   2.0347963397636743E-018  -3.7887451848701245E-017   1.2026911642925125E-016   6.3446184716129131E-018   1.7509718785902207E-017  -6.0188169322855537E-016  -7.7802896996348080E-016  -3.9918152518636911E-016  -1.3597147899036425E-015   3.8167231754474589E-016  -9.0199645002228087E-009  -1.0506714056959760E-016   3.6010903315985663E-016   5.5294582756865253E-017  -6.2472868922297260E-009  -4.1846742152191695E-017  -3.8668805059182897E-016  -5.7646626744689798E-016  -2.8845313668274830E-016  -1.0263066295667987E-015   3.3029998945186776E-016   4.0889099043072199E-016  -6.0159917750895160E-016   9.1900843106179594E-016   3.0620470814328869E-009  -8.1636870612980646E-010
  -2.5475605913626458E-003  -3.3219056926732640E-010  -5.1117097702530531E-010   8.2007537176507692E-016  -1.7080308016092144E-015  -1.3725254892192146E-016   5.7112515325711089E-016  -1.7580212092264196E-016   1.3718286266978949E-016   2.7918606310155473E-016   2.7951079761859389E-015   1.7998122323151843E-004   1.8261431647296780E-009   3.3823835524840788E-009 -0.19314324297683144        3.4418845647908694E-009   3.9277613932887137E-009   6.9574446602636062E-016   7.2998474241173439E-017   5.4124490341035140E-016   2.6671422838279368E-017   4.7675480818665325E-016  -1.3400541003441913E-015  -1.7071810379334756E-015 -0.53122085134902297       -7.3064816544854620E-009  -9.3795820502359502E-009  -1.0187750600681482E-015   4.4513089386543218E-016   1.5614749898509930E-016   2.6279405909248038E-019  -4.2935598485724100E-016  -1.5275074910826449E-016   4.0889099043072199E-016   2.1994911810757753        2.3278860692732825E-009   3.0101093844842923E-009   9.7093827965278235E-016  -1.1763580390193049E-015
  -3.3219278952467249E-010  -2.5475608309112594E-003  -9.1345818217682921E-010   2.5987543125815452E-015   1.3059687361224941E-015  -1.1294642759443313E-016  -7.1385390397063842E-016   1.8124457311416976E-015   3.8024459447358913E-016   3.1906978573612926E-015  -1.0275559445825731E-014   1.8261455200677306E-009   1.7998235807072129E-004   6.1626110539088953E-009   3.4418836121851881E-009 -0.19314324005947939        6.7360132885859498E-009   4.1139072241567480E-016   1.1272191483179122E-015   7.2482954643663184E-016  -2.7885313272922470E-016  -8.1440033803644032E-016   3.8034175612312899E-016   6.9369718381268940E-015  -7.3064811800629973E-009 -0.53122085721071688       -1.6376088796906271E-008  -5.6021768610977390E-015   1.0047044425212447E-015  -8.5037566259413972E-016  -2.9391988767376138E-016   5.5130107696235275E-016   6.4389828241717274E-016  -6.0159917750895160E-016   2.3278860692732825E-009   2.1994911829365105        5.2608242866048011E-009   3.2460206448792153E-015  -4.8274375414950632E-015
  -5.1117363858696260E-010  -9.1346279587420584E-010  -2.5475601890001288E-003  -2.7815169915324815E-015  -1.8789649886974324E-015  -5.7858398777559230E-016  -3.9596703629325201E-016   1.4711991644668261E-015  -1.2067547798324249E-015  -2.2113225465251487E-015   7.8346978855862140E-015   3.3823853219985860E-009   6.1626200442613592E-009   1.7997781924051039E-004   3.9277602803975352E-009   6.7360077193769588E-009 -0.19314324429546326        1.9650289817370438E-015   2.8321481897621541E-015  -1.0514323711359867E-015   6.1524452388177979E-016   2.6000602956181974E-015  -1.2865422471883463E-015  -8.4383682020546736E-015  -9.3795821473838530E-009  -1.6376085981450539E-008 -0.53122084638025602        4.3649279280887148E-015   6.5880685883139410E-016  -2.1839710631257983E-015   2.7243590836794769E-015  -2.9727105625939131E-015  -9.2190835280189779E-016   9.1900843106179594E-016   3.0101093844842923E-009   5.2608242866048011E-009   2.1994911794474739        1.4944695839879077E-015  -7.9888222246891382E-016
   2.1738930166024630E-015   7.9339689495529612E-015   1.1448038827471900E-015   9.6939732191654859E-002  -5.6962078566115523E-009   5.7787241376281637E-009  -5.0627893483687682E-010   5.0164044808943775E-010  -2.8474514944717077E-009   5.1945429187967094E-009  0.11161464800032889       -3.1439863074744937E-015  -1.0033364196548552E-014  -5.0866140929708757E-016   2.7858864685029876E-015   5.9096659398305649E-015  -2.2023812439803905E-015  -5.1440193147142870E-010  -3.2005634138768533E-009  -5.0137805037729343E-009  -2.4887545156296967E-009  -8.9779747014495724E-009   3.0031175214932876E-009 -0.48126241483638943       -1.8395167977311407E-015  -3.7768763045145175E-015   7.3691983178744027E-016 -0.48863569348650066       -2.8141118376539925E-010  -3.8355554131090162E-009  -5.5251100838675554E-009  -2.7806191176250624E-009  -9.7954290510375803E-009   3.0620470814328869E-009   9.7093827965278235E-016   3.2460206448792153E-015   1.4944695839879077E-015   2.5168976524012581      -0.70382315919414129     
  -3.9856570794142730E-015  -7.6590538831905943E-015  -2.4851396996602542E-015  -2.5900995296061814E-002   1.5620087647249828E-009  -1.5717415604156209E-009   1.5604494071600363E-010  -1.2877847699658153E-010   8.1103924179942135E-010  -1.4332220000869116E-009  -3.2099305056930094E-002   5.6595801180928092E-015   9.9749661162320591E-015   4.5060557758451411E-015  -4.0732579317395494E-015  -6.8579849583291139E-015  -3.6355736735937870E-015   1.2255555890936555E-010   9.0660675473212909E-010   1.3868135873284924E-009   6.9102232566688777E-010   2.4765325711291127E-009  -8.1356762091042193E-010  0.12321832556814979        2.6343955565403807E-015   6.0622544328157375E-015   9.1968788249166307E-016  0.11206410626621122        7.2407870631955865E-011   1.0287684712167512E-009   1.4775020591095471E-009   7.4396175277404823E-010   2.6184691382923976E-009  -8.1636870612980646E-010  -1.1763580390193049E-015  -4.8274375414950632E-015  -7.9888222246891382E-016 -0.70382315919414129        2.1969118161110281     
