 6.1825674320351609E-001 -2.7773441975819101E-015 -1.0569215893547308E-015  8.2579766898878578E-016  6.8360138676363924E-001  1.6876071996070671E-015  7.7289168024383958E-016 -3.3761285395355057E-016 -4.0159616536360909E-013  3.0531091974844001E-016  9.7495752534192370E-016 -3.8341306173000262E-013 -5.0675678346810998E-016 -3.9979672961261951E-013 -1.1212907499350667E-015  3.9928936706745627E-016  3.8372572988655481E-016 -1.8235421049218747E-013 -1.2345817690904810E-016  8.1483807052743772E-016 -1.9553644876176501E-013 -6.1039945565427583E-016 -2.0434667603795130E-013 -2.7485844188873476E-001 -2.9737014811647814E-015  2.9606587942824747E-015  1.6217400442879499E-016 -6.1461024659896879E-014  1.3589866139457429E-016  9.5813434449046198E-016 -7.6313868930607840E-014 -6.7658959577895990E-016 -1.0446514555443488E-013  1.2820690134166298E-016  4.4891818062991835E-017 -7.1789608411026322E-017  1.1982785413487524E-016  6.9602634935123154E-018  9.0337586006448608E-017  2.0031733174434849E-016 -6.4044956314500999E-017  5.8675679667390617E-017 -1.5514706228800278E-016 -4.1372748567212997E-001  2.4545906387395755E-001 -6.3901390451089640E-002
-2.7773441975819101E-015  3.0728636075981505E-007  9.9894301239890138E-019  2.3225304269792200E-018 -3.0187826890478713E-015 -6.7650707432509522E-006 -3.2663284512037487E-017 -1.2419236777322326E-017  4.1850272890418626E-016  2.1050290916728993E-016 -3.0927649491009358E-016 -7.4068611603175928E-016 -1.8907415554883487E-017  3.2061876658645351E-016 -1.2934662311351534E-004 -6.3688068490868371E-016 -2.0372878799007333E-016  1.1172314991305725E-015  5.6549179905569082E-016 -8.2368674476280449E-016 -1.9706774156292258E-015 -5.1429575047584183E-017  8.5268837236074845E-016  3.0450691467259896E-015 -6.8030989520648851E-004 -3.3495070866223638E-015 -1.0828367553745307E-015  1.9492447530806514E-015  9.8603462251357129E-016 -1.4386891761641148E-015 -3.4418084202850179E-015 -8.9105572694540671E-017  1.4898929014760437E-015  1.3127459917772325E-017  5.6710366537266737E-020  2.4409591952116502E-019  3.8457957251449028E-018  1.5298921724721561E-019  5.6148379217037035E-018  2.2089759155484324E-020 -1.4833552989341681E-019  2.3354862753707099E-019  6.2751950218488023E-019  5.6110276846419672E-015 -4.1092679695799270E-015  1.1260374932940750E-015
-1.0569215893547308E-015  9.9894301239890138E-019  3.0728636075409493E-007  4.4265710213033162E-018 -1.1214050939304937E-015  9.1831076976410867E-018 -6.7650707431831100E-006 -6.6246182106969111E-017  4.6370486424797942E-016  2.6186704320087165E-016 -4.8372636000727817E-016 -1.3933732523902710E-016  1.1633548187847265E-016 -3.3306107648455382E-016  2.1696240724152274E-016 -1.2934662311231258E-004 -1.2252628043564956E-015  1.2412121574559890E-015  6.9353975689745647E-016 -1.2915320860643892E-015 -3.6150313455299974E-016  3.0805484162537775E-016 -8.8118926862225025E-016  1.6149255688818169E-015  1.1366775576338161E-015 -6.8030989520015059E-004 -6.4457445457521849E-015  2.1707204393773168E-015  1.2147967264844005E-015 -2.2517165601039250E-015 -6.2904753481645789E-016  5.3774048681942667E-016 -1.5348218618862238E-015  2.3585923084899342E-019  3.0019757328318508E-018 -6.4136072888052091E-019  5.6783045264237684E-019 -1.6710133313698511E-019 -3.4445754303268026E-020  7.3905275395370527E-018  2.0197948282215477E-019  4.7130230099087384E-018  6.9602579294964363E-019  3.1072203618686056E-015 -2.3398730781547878E-015  6.4514398781936485E-016
 8.2579766898878578E-016  2.3225304269792200E-018  4.4265710213033162E-018  3.0728636074773414E-007  9.2389584906316599E-016 -4.0475204686768357E-017 -3.6834392381676340E-017 -6.7650707431134441E-006  3.2939468049223802E-016  3.1761383391569791E-016 -3.1989218212994156E-016 -6.5967676869013087E-016  7.6319959096692903E-016  3.2935124993828799E-016 -7.7117627638821131E-016 -6.3488761638378271E-016 -1.2934662311097486E-004  8.7939295076422758E-016  8.4539644355945838E-016 -8.4735832744290701E-016 -1.7563784406622056E-015  2.0335123310045987E-015  8.7632895484023612E-016 -4.5694909633826952E-017 -4.0623971200859334E-015 -3.3580655075214024E-015 -6.8030989519310794E-004  1.5333368460982870E-015  1.4773927304033119E-015 -1.4818969163766921E-015 -3.0654893628097681E-015  3.5503414167545877E-015  1.5309039156151857E-015 -4.0916580549672740E-019  1.6677646851870321E-019  1.5641465807570002E-018 -4.5284974613143299E-020  6.3788203284494015E-020 -4.0626867429958351E-019  4.7073273338900390E-019  2.8437905643766912E-018  4.0151465683915026E-019  7.0235119102388656E-018  1.1526844511822787E-016 -2.0717326225174047E-016  6.3960039217712180E-017
 6.8360138676363924E-001 -3.0187826890478713E-015 -1.1214050939304937E-015  9.2389584906316599E-016  7.5617746663489405E-001  1.7991291519367571E-015  5.4210802970939430E-016 -4.0212126704538704E-016 -4.3636165311768772E-013  4.7694486187170742E-016  1.9189486946101138E-015 -4.2899180619854946E-013 -1.3659106316388169E-015 -4.5727874672885856E-013 -3.8117773763334631E-016 -4.9062878321451659E-015 -1.1043692144899390E-016 -1.7153806364126139E-013  1.9022897846460878E-016  3.1346502794237640E-015 -2.1893711171863153E-013 -2.6650009210666815E-015 -2.5613058766339228E-013 -2.9301390306818376E-001  6.2394000913109124E-016 -2.4946613077775019E-014 -2.5466230545411873E-015 -1.0865288822749144E-014  7.7800392145780766E-016  4.9768463679071373E-015 -8.4706904676505114E-014 -4.2668934167553232E-015 -1.6391674689018610E-013  1.2877147160351510E-016  5.4085121998663165E-017 -9.7288145895005481E-017  1.3182171187644820E-016  7.9746544007041129E-018  1.0265905409027904E-016  2.2204199040844084E-016 -7.6501578646203738E-017  6.1499504038076994E-017 -1.5627436949672447E-016 -4.3482517299710349E-001  2.5327650186512840E-001 -6.5597370547792161E-002
 1.6876071996070671E-015 -6.7650707432509522E-006  9.1831076976410867E-018 -4.0475204686768357E-017  1.7991291519367571E-015  1.4893658816494726E-004  3.2763234399820471E-017  3.8786062171259244E-017 -6.9081238043892935E-016 -4.2741104228282727E-016  4.8732240450697136E-016  7.2052358155135450E-016  4.1447630207901052E-017  4.7347425442575612E-018  2.8476338930236767E-003  8.9858676055593855E-016 -7.0473141212238123E-019 -1.9029411745791608E-015 -1.2478381705714462E-015  1.3014848827483546E-015  1.8844983365350027E-015  1.3424574506158409E-016  3.5120570456878093E-017 -4.3983723819429085E-015  1.4977379916978738E-002  4.7219173016087940E-015  2.4511100614464883E-016 -3.2936356291192262E-015 -2.1511948919859783E-015  2.2862099275724992E-015  3.3176576811122564E-015  2.1931676752780927E-016  3.4776259337541387E-017 -2.8900792994313996E-016 -1.2485085262866710E-018 -5.3738999662436115E-018 -8.4667214256987394E-017 -3.3681380295598019E-018 -1.2361360803097396E-016 -4.8631765768969625E-019  3.2656846565480536E-018 -5.1416957890531095E-018 -1.3815171667313100E-017 -8.5342708915034620E-015  6.6240502959722024E-015 -1.8357603526306890E-015
 7.7289168024383958E-016 -3.2663284512037487E-017 -6.7650707431831100E-006 -3.6834392381676340E-017  5.4210802970939430E-016  3.2763234399820471E-017  1.4893658816473261E-004  1.2388026260185240E-016 -5.3748987252805801E-016 -3.1271976596593072E-016  7.3004934622531252E-016  5.3816151783182090E-016 -3.1937183684657356E-016  1.9072115159648424E-016 -2.8471149049471871E-016  2.8476338930216493E-003  1.4583332371559314E-015 -1.5744082280899697E-015 -7.5049160056621833E-016  2.0212815848604088E-015  1.2235918315669707E-015 -8.1271282485679535E-016  3.8340478406860702E-016 -1.1784282066196599E-015 -1.3999218451132987E-015  1.4977379916967813E-002  7.7000038289920383E-015 -2.8305968267696758E-015 -1.3975107233847870E-015  3.4598392763287857E-015  2.0901867576030796E-015 -1.4170283946943972E-015  5.8958076376973323E-016 -5.1925649364679112E-018 -6.6090073611145768E-017  1.4119893548824725E-017 -1.2501085869503852E-017  3.6788236782675640E-018  7.5834138552661198E-019 -1.6270634827957653E-016 -4.4466844751640998E-018 -1.0375967875059616E-016 -1.5323373664873537E-017 -2.7252846707924162E-015  2.0314945521666437E-015 -5.6252743721759535E-016
-3.3761285395355057E-016 -1.2419236777322326E-017 -6.6246182106969111E-017 -6.7650707431134441E-006 -4.0212126704538704E-016  3.8786062171259244E-017  1.2388026260185240E-016  1.4893658816474809E-004 -3.7361178732835417E-016 -1.5311402746878458E-016 -4.0269220189146243E-017  6.3526975903048956E-016 -1.1806512580993248E-015 -2.4116507820527950E-016  6.8232908472658402E-016  8.4119180804999682E-016  2.8476338930218197E-003 -1.0457671480245950E-015 -4.0079865934195631E-016 -2.0448900917667115E-016  1.6884131060736868E-015 -3.1732674948173385E-015 -6.2819199369161167E-016  9.0323958724235183E-017  3.7277852246026072E-015  4.8387942958027716E-015  1.4977379916968556E-002 -1.7823332329045095E-015 -7.3136161691538299E-016 -3.0164069930641281E-016  2.9273276128704832E-015 -5.5419533270947565E-015 -1.1175057705581454E-015  9.0080002692373427E-018 -3.6716716127491524E-018 -3.4435509098704716E-017  9.9697251861506462E-019 -1.4043308227151072E-018  8.9442184022627438E-018 -1.0363428544482121E-017 -6.2607543985332030E-017 -8.8395562080179540E-018 -1.5462630629683631E-016  9.6752952374728672E-017 -2.8642866565223515E-017  5.1708638453672117E-018
-4.0159616536360909E-013  4.1850272890418626E-016  4.6370486424797942E-016  3.2939468049223802E-016 -4.3636165311768772E-013 -6.9081238043892935E-016 -5.3748987252805801E-016 -3.7361178732835417E-016  3.9666686551698742E-002  1.5963521737119278E-016 -2.9186722483351914E-016 -1.9833343275863155E-002  5.0263612716488008E-016 -1.9833343275852545E-002  9.5236990685216016E-016  1.7621129307140540E-015  5.1001776954808521E-016  1.0562041160158632E-001 -1.8092623753289782E-016 -1.4723465502351592E-015 -5.2810205800808883E-002  1.4042586538030922E-015 -5.2810205800787977E-002  4.4167310308264900E-014  1.9476483351821104E-015  6.1226710113210639E-015  1.3628714174452984E-015  1.8440004631053070E-001 -2.1955093992792532E-016 -2.2499363483414640E-015 -9.2200023155287539E-002  2.6038199374410344E-015 -9.2200023155246988E-002  2.6715117621624948E-017 -1.6436184296686066E-016 -6.5091760900503229E-017 -5.1802285789003584E-017 -5.8063090859472890E-019 -6.0137159551611938E-017 -2.8269634491033901E-016 -7.1609856267277565E-017 -1.3417337398425526E-016 -8.0864401581281021E-017 -5.4691377299085331E-015  6.0062425012282398E-014 -1.9883455292619659E-014
 3.0531091974844001E-016  2.1050290916728993E-016  2.6186704320087165E-016  3.1761383391569791E-016  4.7694486187170742E-016 -4.2741104228282727E-016 -3.1271976596593072E-016 -1.5311402746878458E-016  1.5963521737119278E-016  3.9666686551716200E-002 -2.6053378204826652E-016 -1.3635197571734046E-016 -8.6194072712597874E-017 -1.3200161450024745E-016  1.0272180661892655E-015  6.9840185419867194E-017  1.4894592605157072E-016  3.5748856132271427E-016  1.0562041160161151E-001  8.5651971626354776E-017 -8.9831571001292347E-016 -5.3559587320783909E-016  1.9206641485574432E-016  1.2076060185104419E-015  3.2919823639560998E-015 -2.1838164741381563E-015  2.2809118452392991E-017  5.1559234312545728E-016  1.8440004631057055E-001 -3.6429192995512969E-016 -1.7114131292683737E-015 -8.4003984324176874E-016  2.0816681711705273E-017 -1.6248054320821271E-017 -1.0967730433494680E-016  1.1844388259438788E-017 -8.5788724052465436E-017 -6.3189856681911883E-017 -4.9943045523429670E-017 -1.4690233247828875E-016 -3.0389050772189338E-017 -1.5303137115903109E-016 -1.2807226099883246E-017  3.8141490402160183E-016 -6.4433130521709553E-016  1.6052802257017638E-016
 9.7495752534192370E-016 -3.0927649491009358E-016 -4.8372636000727817E-016 -3.1989218212994156E-016  1.9189486946101138E-015  4.8732240450697136E-016  7.3004934622531252E-016 -4.0269220189146243E-017 -2.9186722483351914E-016 -2.6053378204826652E-016  3.9666686551715166E-002 -1.5601669262105731E-016 -4.1980308118638811E-016 -4.3541559247058687E-016 -5.5100526234381236E-016 -9.5309643133195348E-016  7.8407874743519216E-016  8.3266726846682438E-017 -4.4376394919831780E-016  1.0562041160161081E-001 -7.5417103118109162E-016 -7.3552275381416601E-016 -1.0434361708002362E-015  1.3876621839776938E-015 -2.3106057865897763E-016 -1.5385671043158687E-015  2.6679204210597539E-015  2.5673907444449502E-016 -1.2667818183320640E-015  1.8440004631056772E-001 -7.4940054162199516E-016 -1.3461454173580021E-015 -1.5092094240998711E-015  1.3334474139919807E-016  9.3342491287027059E-017 -4.3602000731488703E-017  5.0152096883258983E-017  1.4984783577679184E-017  9.1560128678303037E-017  1.1331830373839876E-016 -6.4189139331798867E-017  5.8789107411323606E-017 -1.3144447518744536E-016 -3.0824955239744573E-016 -5.0190352071108710E-016  1.2372830347916011E-016
-3.8341306173000262E-013 -7.4068611603175928E-016 -1.3933732523902710E-016 -6.5967676869013087E-016 -4.2899180619854946E-013  7.2052358155135450E-016  5.3816151783182090E-016  6.3526975903048956E-016 -1.9833343275863155E-002 -1.3635197571734046E-016 -1.5601669262105731E-016  3.9666686551711017E-002  2.7972416050182033E-016 -1.9833343275851376E-002 -2.2046723770487005E-016  4.9594050294223092E-016 -2.0921863239181734E-016 -5.2810205800820333E-002  6.2628938493683096E-016 -1.5785983631374405E-016  1.0562041160160392E-001  6.7047062346491180E-016 -5.2810205800787983E-002  3.3738123902028840E-014  1.3749840384322338E-015  8.3467790713724867E-015  8.0409912170326907E-016 -9.2200023155313449E-002  7.6536541861219309E-016 -6.5572547391880877E-016  1.8440004631055820E-001  1.3773704399254420E-015 -9.2200023155252553E-002  1.1047874458025895E-016  7.8961781540597454E-017 -2.2028170834743003E-017  9.4916860787533741E-017  7.4477526997662690E-018  2.1438867846864184E-017  2.9436602597341665E-016  8.9669860640623549E-018  1.0303589796331702E-016 -6.0727078752201648E-017 -4.8700931440845223E-014  8.9317915344970939E-014 -2.7974172361488769E-014
-5.0675678346810998E-016 -1.8907415554883487E-017  1.1633548187847265E-016  7.6319959096692903E-016 -1.3659106316388169E-015  4.1447630207901052E-017 -3.1937183684657356E-016 -1.1806512580993248E-015  5.0263612716488008E-016 -8.6194072712597874E-017 -4.1980308118638811E-016  2.7972416050182033E-016  3.9666686551718067E-002  1.7694179455021601E-016 -1.8430318136153593E-017  1.7220129952486063E-016  8.8580223032949439E-016 -9.2807705964468127E-017  3.1441863002079747E-016 -3.6082248300317558E-016  1.9515639104763976E-016  1.0562041160161484E-001  4.8398784979779522E-016 -1.7879910184403754E-015 -8.8953099546506279E-016 -1.4352212883296780E-015  8.9369149802979589E-016  3.1225022567592847E-016  6.7654215563095546E-016 -5.6898930012039184E-016  3.9898639947487234E-017  1.8440004631057347E-001  2.3939183968486890E-016  5.1150680066435157E-017 -3.8067151170124514E-017 -5.8177947512626535E-017  2.2201141139220959E-017  1.5331832778235701E-017  7.3848205064488957E-017 -1.2502562958030071E-016  4.8402596313227766E-018 -5.5520705112171001E-017 -1.1830245184700922E-016 -3.4311282863705730E-015  2.9498160594468320E-015 -8.2622367205779413E-016
-3.9979672961261951E-013  3.2061876658645351E-016 -3.3306107648455382E-016  3.2935124993828799E-016 -4.5727874672885856E-013  4.7347425442575612E-018  1.9072115159648424E-016 -2.4116507820527950E-016 -1.9833343275852545E-002 -1.3200161450024745E-016 -4.3541559247058687E-016 -1.9833343275851376E-002  1.7694179455021601E-016  3.9666686551724395E-002 -7.3304014249440493E-017  1.4013335715739207E-015  9.1020353303915165E-017 -5.2810205800811159E-002 -7.3828746935340274E-016 -7.1557343384028196E-016 -5.2810205800804394E-002  4.7878367936946978E-016  1.0562041160163049E-001  2.6432244328019845E-014  1.4132494598192393E-016  4.7774164386186439E-015 -1.0616160515014559E-016 -9.2200023155296129E-002 -1.0513508466588164E-015 -1.1830814106157419E-015 -9.2200023155287011E-002  4.6837533851358961E-016  1.8440004631059478E-001 -1.3719386220176146E-016  8.5400061425987873E-017  8.7119931736139759E-017 -4.3114574998775301E-017 -6.8671217911943581E-018  3.8698291704469810E-017 -1.1669681063639564E-017  6.2642870203587959E-017  3.1137476020861623E-017  1.4159148033321929E-016 -3.0337465708130769E-014  8.2957993081833889E-014 -2.5777461868642887E-014
-1.1212907499350667E-015 -1.2934662311351534E-004  2.1696240724152274E-016 -7.7117627638821131E-016 -3.8117773763334631E-016  2.8476338930236767E-003 -2.8471149049471871E-016  6.8232908472658402E-016  9.5236990685216016E-016  1.0272180661892655E-015 -5.5100526234381236E-016 -2.2046723770487005E-016 -1.8430318136153593E-017 -7.3304014249440493E-017  5.4446116220390667E-002 -2.3939183968475328E-016 -1.1458932760999221E-015  1.3214553107793609E-015  6.3636357144702274E-016 -1.3927382216113548E-015 -1.2378451201744620E-015  4.0756735773159755E-016  2.3526428251212861E-016  2.3638213067107857E-015  2.8636411781533372E-001 -1.3600232051657385E-015 -1.2498682644412735E-015  2.8551064561570438E-015  1.6344092841028932E-015 -2.1642547912379964E-015 -1.6342017748701909E-015  4.2362678410068957E-016 -9.6694262135257288E-017 -5.5257662794534816E-015 -2.3871200750193057E-017 -1.0274775238353980E-016 -1.6188179944009155E-015 -6.4398037631561111E-017 -2.3634642380695986E-015 -9.2982836639224646E-018  6.2439152302962701E-017 -9.8308061013412633E-017 -2.6414295884210927E-016  7.9257027138146628E-015 -5.7526260990070100E-015  1.5991902064882096E-015
 3.9928936706745627E-016 -6.3688068490868371E-016 -1.2934662311231258E-004 -6.3488761638378271E-016 -4.9062878321451659E-015  8.9858676055593855E-016  2.8476338930216493E-003  8.4119180804999682E-016  1.7621129307140540E-015  6.9840185419867194E-017 -9.5309643133195348E-016  4.9594050294223092E-016  1.7220129952486063E-016  1.4013335715739207E-015 -2.3939183968475328E-016  5.4446116220391610E-002 -1.3214256078253082E-015  1.9533547997922267E-015  1.7573550555125023E-015 -1.0583091631066681E-015 -2.6825639468685244E-015  1.1789142261503987E-015  1.3522917491307402E-015  4.8635439848938440E-015  6.1062266354385878E-016  2.8636411781533361E-001 -6.3716393272627864E-015  1.8448493269146795E-015  1.3999961904073502E-015 -3.1682001191608651E-015 -5.5639206298798823E-015  2.0939276205810802E-015  8.3524908440707014E-016 -9.9280667612389566E-017 -1.2636272653113511E-015  2.6996917232361985E-016 -2.3901793548696173E-016  7.0338276992739280E-017  1.4499315839464482E-017 -3.1109085932480994E-015 -8.5019601825104138E-017 -1.9838615989539992E-015 -2.9297944004884896E-016  1.1401030408548753E-015 -1.8086233179079484E-015  4.8111154638408926E-016
 3.8372572988655481E-016 -2.0372878799007333E-016 -1.2252628043564956E-015 -1.2934662311097486E-004 -1.1043692144899390E-016 -7.0473141212238123E-019  1.4583332371559314E-015  2.8476338930218197E-003  5.1001776954808521E-016  1.4894592605157072E-016  7.8407874743519216E-016 -2.0921863239181734E-016  8.8580223032949439E-016  9.1020353303915165E-017 -1.1458932760999221E-015 -1.3214256078253082E-015  5.4446116220392485E-002  3.8383750426712682E-016  5.2848190353782572E-016  2.2809487149063456E-016 -6.1671079221875321E-016  1.7936420176801491E-015  5.0922981860133879E-016 -7.6305885519745576E-016 -3.3835781398927689E-015  9.8011876392693289E-016  2.8636411781533527E-001  1.5008021541889325E-015  3.1814931902311610E-016  1.4569170429365487E-015 -1.4673319435781908E-015  3.0965883612100578E-015  4.9210578643890713E-016  1.7223092855380351E-016 -7.0201531116668771E-017 -6.5839914853210347E-016  1.9061889153459124E-017 -2.6850487828790859E-017  1.7101143367669580E-016 -1.9814641072891194E-016 -1.1970420862217902E-015 -1.6901031618431195E-016 -2.9564200173335863E-015 -1.5834901905383291E-015  1.2519631457488670E-015 -3.5250256390236941E-016
-1.8235421049218747E-013  1.1172314991305725E-015  1.2412121574559890E-015  8.7939295076422758E-016 -1.7153806364126139E-013 -1.9029411745791608E-015 -1.5744082280899697E-015 -1.0457671480245950E-015  1.0562041160158632E-001  3.5748856132271427E-016  8.3266726846682438E-017 -5.2810205800820333E-002 -9.2807705964468127E-017 -5.2810205800811159E-002  1.3214553107793609E-015  1.9533547997922267E-015  3.8383750426712682E-016  2.8123527112225521E-001 -6.5518337283268938E-016 -1.6419157700119724E-015 -1.4061763556114409E-001 -7.2858385991090412E-017 -1.4061763556113921E-001  4.6398926745007226E-014 -1.2013396005108829E-015  1.8988128656572967E-015 -1.4949006633808929E-015  4.9100165614502905E-001 -8.9544257425558938E-016 -2.0122792321328757E-015 -2.4550082807252921E-001  2.8449465006012216E-016 -2.4550082807251009E-001  7.1134293395085267E-017 -4.3764596982707120E-016 -1.7331970920355469E-016 -1.3793384884310260E-016 -1.5460448271549959E-018 -1.6012710151887637E-016 -7.5273502536588038E-016 -1.9067542946478241E-016 -3.5726319030243249E-016 -2.1531748984852574E-016  6.3043269106229032E-014 -2.5493047931495686E-014  5.3867961036787690E-015
-1.2345817690904810E-016  5.6549179905569082E-016  6.9353975689745647E-016  8.4539644355945838E-016  1.9022897846460878E-016 -1.2478381705714462E-015 -7.5049160056621833E-016 -4.0079865934195631E-016 -1.8092623753289782E-016  1.0562041160161151E-001 -4.4376394919831780E-016  6.2628938493683096E-016  3.1441863002079747E-016 -7.3828746935340274E-016  6.3636357144702274E-016  1.7573550555125023E-015  5.2848190353782572E-016 -6.5518337283268938E-016  2.8123527112226554E-001  9.0075516490095748E-016  2.4459601011298726E-016  2.8622937353617058E-017 -5.1532129258208514E-016  2.1452264643962072E-015 -2.2733094993017914E-015  2.4500284209197353E-015  7.5438854665383642E-016 -1.4417720489711171E-015  4.9100165614503610E-001  2.0296264668928732E-016  5.1608023410331384E-017  3.0878077872387137E-016 -1.7442644550946075E-015 -4.3263663649961744E-017 -2.9203755176552401E-016  3.1538030319236355E-017 -2.2842947402180029E-016 -1.6825551242069706E-016 -1.3298325328841261E-016 -3.9115656412006639E-016 -8.0916868278283428E-017 -4.0747634387623326E-016 -3.4101776824272598E-017 -1.4455568964946523E-015  3.8574578882355800E-016 -1.6590828435792723E-016
 8.1483807052743772E-016 -8.2368674476280449E-016 -1.2915320860643892E-015 -8.4735832744290701E-016  3.1346502794237640E-015  1.3014848827483546E-015  2.0212815848604088E-015 -2.0448900917667115E-016 -1.4723465502351592E-015  8.5651971626354776E-017  1.0562041160161081E-001 -1.5785983631374405E-016 -3.6082248300317558E-016 -7.1557343384028196E-016 -1.3927382216113548E-015 -1.0583091631066681E-015  2.2809487149063456E-016 -1.6419157700119724E-015  9.0075516490095748E-016  2.8123527112226915E-001 -1.3470127790959260E-015  2.7755575615628849E-017 -1.5976803213745703E-015  4.3025942873117218E-015 -2.2381315637615410E-016  3.6848143924269921E-015 -2.6772312925579534E-015 -2.5483087862099028E-015  2.7235158572835891E-016  4.9100165614503810E-001 -7.9970752242530275E-016 -2.7755575615628987E-017 -1.9567680809018203E-015  3.5505679187827242E-016  2.4854287581597866E-016 -1.1609896525912946E-016  1.3353989395073950E-016  3.9899955020749465E-017  2.4379698225337066E-016  3.0173243402215482E-016 -1.7091630045119087E-016  1.5653764562305817E-016 -3.4999695661375434E-016 -1.1425264284988559E-017 -1.7371428108257693E-015  4.2803958225997953E-016
-1.9553644876176501E-013 -1.9706774156292258E-015 -3.6150313455299974E-016 -1.7563784406622056E-015 -2.1893711171863153E-013  1.8844983365350027E-015  1.2235918315669707E-015  1.6884131060736868E-015 -5.2810205800808883E-002 -8.9831571001292347E-016 -7.5417103118109162E-016  1.0562041160160392E-001  1.9515639104763976E-016 -5.2810205800804394E-002 -1.2378451201744620E-015 -2.6825639468685244E-015 -6.1671079221875321E-016 -1.4061763556114409E-001  2.4459601011298726E-016 -1.3470127790959260E-015  2.8123527112226199E-001  3.1571967262772372E-016 -1.4061763556112955E-001  8.2416471087876481E-014  2.3818876595472010E-016  1.1702778562959343E-015  1.8274717077081762E-015 -2.4550082807254506E-001 -4.4636603441212066E-016 -3.3445468616830955E-015  4.9100165614503211E-001  1.0928757898653250E-015 -2.4550082807250789E-001  2.9417154519769645E-016  2.1025138704870726E-016 -5.8654369010434112E-017  2.5273494652116060E-016  1.9831117091956239E-017  5.7085233053555052E-017  7.8380786316314300E-016  2.3876376910526861E-017  2.7435349152348395E-016 -1.6169787826361524E-016  6.4763344470717667E-014 -3.2612610843356170E-014  7.1100264948948605E-015
-6.1039945565427583E-016 -5.1429575047584183E-017  3.0805484162537775E-016  2.0335123310045987E-015 -2.6650009210666815E-015  1.3424574506158409E-016 -8.1271282485679535E-016 -3.1732674948173385E-015  1.4042586538030922E-015 -5.3559587320783909E-016 -7.3552275381416601E-016  6.7047062346491180E-016  1.0562041160161484E-001  4.7878367936946978E-016  4.0756735773159755E-016  1.1789142261503987E-015  1.7936420176801491E-015 -7.2858385991090412E-017  2.8622937353617058E-017  2.7755575615628849E-017  3.1571967262772372E-016  2.8123527112227009E-001  1.3183898417423144E-015  1.0471916883051916E-016  3.3194680417273157E-017 -3.2584882383174279E-017 -5.9194119711280901E-016  1.1449174941446698E-015  3.8510861166685103E-016  2.4980018054066002E-016 -2.4633073358871119E-016  4.9100165614503632E-001  6.6613381477507854E-016  1.3619881951252236E-016 -1.0136133175247021E-016 -1.5491031131145986E-016  5.9114936713761317E-017  4.0824042273687284E-017  1.9663547659271791E-016 -3.3290550850035421E-016  1.2888150207675706E-017 -1.4783487697452763E-016 -3.1500371580743805E-016  1.1582771290832137E-015 -4.9353466824230273E-016  1.3498473555821026E-016
-2.0434667603795130E-013  8.5268837236074845E-016 -8.8118926862225025E-016  8.7632895484023612E-016 -2.5613058766339228E-013  3.5120570456878093E-017  3.8340478406860702E-016 -6.2819199369161167E-016 -5.2810205800787977E-002  1.9206641485574432E-016 -1.0434361708002362E-015 -5.2810205800787983E-002  4.8398784979779522E-016  1.0562041160163049E-001  2.3526428251212861E-016  1.3522917491307402E-015  5.0922981860133879E-016 -1.4061763556113921E-001 -5.1532129258208514E-016 -1.5976803213745703E-015 -1.4061763556112955E-001  1.3183898417423144E-015  2.8123527112230856E-001  3.5149861953002236E-014  2.6402990597577228E-015  2.0806680643887981E-016  1.1209503378355918E-015 -2.4550082807253307E-001 -2.8102520310807019E-016 -2.6229018956767308E-015 -2.4550082807252335E-001  1.3530843112618417E-015  4.9100165614508740E-001 -3.6530583859287412E-016  2.2739458277830909E-016  2.3197407821424754E-016 -1.1480109767818683E-016 -1.8285072264811971E-017  1.0304186846521562E-016 -3.1072837797472791E-017  1.6679905255438958E-016  8.2909698778920447E-017  3.7701536811219260E-016  6.4739456817012417E-014 -1.5202319944883563E-014  3.6340412076227795E-015
-2.7485844188873476E-001  3.0450691467259896E-015  1.6149255688818169E-015 -4.5694909633826952E-017 -2.9301390306818376E-001 -4.3983723819429085E-015 -1.1784282066196599E-015  9.0323958724235183E-017  4.4167310308264900E-014  1.2076060185104419E-015  1.3876621839776938E-015  3.3738123902028840E-014 -1.7879910184403754E-015  2.6432244328019845E-014  2.3638213067107857E-015  4.8635439848938440E-015 -7.6305885519745576E-016  4.6398926745007226E-014  2.1452264643962072E-015  4.3025942873117218E-015  8.2416471087876481E-014  1.0471916883051916E-016  3.5149861953002236E-014  4.8736353953609690E-001 -9.1142617098116796E-015  2.2077887301590376E-014 -2.9009442105419155E-016  1.1960718026306889E-013  5.5096996423913321E-015  8.3115610884213390E-015  1.7506935167109657E-013 -1.4766669027885704E-015  9.3019336313760461E-014 -4.9225334975712605E-016  1.2914985089819014E-016 -5.6842004436219902E-016 -7.5760925262660264E-017  6.2486981188432735E-018  5.2801120037167833E-017 -7.0527568584202654E-017 -1.6216309493884823E-016 -1.3929878367059285E-016  5.8080535891469198E-016  9.4243443998201915E-001 -7.1665205822178568E-001  1.9793714381149477E-001
-2.9737014811647814E-015 -6.8030989520648851E-004  1.1366775576338161E-015 -4.0623971200859334E-015  6.2394000913109124E-016  1.4977379916978738E-002 -1.3999218451132987E-015  3.7277852246026072E-015  1.9476483351821104E-015  3.2919823639560998E-015 -2.3106057865897763E-016  1.3749840384322338E-015 -8.8953099546506279E-016  1.4132494598192393E-016  2.8636411781533372E-001  6.1062266354385878E-016 -3.3835781398927689E-015 -1.2013396005108829E-015 -2.2733094993017914E-015 -2.2381315637615410E-016  2.3818876595472010E-016  3.3194680417273157E-017  2.6402990597577228E-015 -9.1142617098116796E-015  1.5061571635378237E+000  2.7755575615629481E-015  7.2997163869104137E-015  7.8492053871279490E-016 -1.2160569559899789E-015  1.0150968513687893E-015  3.1872360132163970E-015 -1.4564651481042180E-015  1.9407266299508702E-015 -2.9063251811463335E-014 -1.2555267149547912E-016 -5.4041080450474434E-016 -8.5143150522202514E-015 -3.3870712027929582E-016 -1.2430847202824289E-014 -4.8905137472828089E-017  3.2840419129245630E-016 -5.1705985882058480E-016 -1.3892830313144430E-015 -2.3265191541158336E-015  4.5892888879920187E-015 -1.2907682517491462E-015
 2.9606587942824747E-015 -3.3495070866223638E-015 -6.8030989520015059E-004 -3.3580655075214024E-015 -2.4946613077775019E-014  4.7219173016087940E-015  1.4977379916967813E-002  4.8387942958027716E-015  6.1226710113210639E-015 -2.1838164741381563E-015 -1.5385671043158687E-015  8.3467790713724867E-015 -1.4352212883296780E-015  4.7774164386186439E-015 -1.3600232051657385E-015  2.8636411781533361E-001  9.8011876392693289E-016  1.8988128656572967E-015  2.4500284209197353E-015  3.6848143924269921E-015  1.1702778562959343E-015 -3.2584882383174279E-017  2.0806680643887981E-016  2.2077887301590376E-014  2.7755575615629481E-015  1.5061571635377973E+000  8.2295281700340502E-015 -4.9186058589515924E-015 -4.4962124672189073E-015 -5.1218863964406250E-016 -2.5879028680303389E-015  1.3082887133475813E-016 -7.6612068582956324E-015 -5.2217536842945345E-016 -6.6461582973802768E-015  1.4199265115044043E-015 -1.2571357699914240E-015  3.6995032957249884E-016  7.6260421817583416E-017 -1.6362096266032303E-014 -4.4716804363261324E-016 -1.0434293868685653E-014 -1.5409510303366846E-015 -1.0595551617593630E-015 -3.9806342453339605E-015  9.9316356139109300E-016
 1.6217400442879499E-016 -1.0828367553745307E-015 -6.4457445457521849E-015 -6.8030989519310794E-004 -2.5466230545411873E-015  2.4511100614464883E-016  7.7000038289920383E-015  1.4977379916968556E-002  1.3628714174452984E-015  2.2809118452392991E-017  2.6679204210597539E-015  8.0409912170326907E-016  8.9369149802979589E-016 -1.0616160515014559E-016 -1.2498682644412735E-015 -6.3716393272627864E-015  2.8636411781533527E-001 -1.4949006633808929E-015  7.5438854665383642E-016 -2.6772312925579534E-015  1.8274717077081762E-015 -5.9194119711280901E-016  1.1209503378355918E-015 -2.9009442105419155E-016  7.2997163869104137E-015  8.2295281700340502E-015  1.5061571635377904E+000  1.7590708161971493E-015 -1.8624265589416374E-015  8.9417128164960485E-016  1.1359744905304399E-015 -1.2169443642513472E-015 -1.3073230906664515E-016  9.0586365639292959E-016 -3.6923110265818159E-016 -3.4629079983697101E-015  1.0025767585001392E-016 -1.4122249287495560E-016  8.9944961625764477E-016 -1.0421684051250652E-015 -6.2959477150059990E-015 -8.8892456350605603E-016 -1.5549550067599441E-014 -1.0666755188237907E-015  1.0263364815605571E-015 -3.1673568763880494E-016
-6.1461024659896879E-014  1.9492447530806514E-015  2.1707204393773168E-015  1.5333368460982870E-015 -1.0865288822749144E-014 -3.2936356291192262E-015 -2.8305968267696758E-015 -1.7823332329045095E-015  1.8440004631053070E-001  5.1559234312545728E-016  2.5673907444449502E-016 -9.2200023155313449E-002  3.1225022567592847E-016 -9.2200023155296129E-002  2.8551064561570438E-015  1.8448493269146795E-015  1.5008021541889325E-015  4.9100165614502905E-001 -1.4417720489711171E-015 -2.5483087862099028E-015 -2.4550082807254506E-001  1.1449174941446698E-015 -2.4550082807253307E-001  1.1960718026306889E-013  7.8492053871279490E-016 -4.9186058589515924E-015  1.7590708161971493E-015  8.5722756386541876E-001 -2.0894744268139971E-015 -3.0149494012476126E-015 -4.2861378193273791E-001  2.6853519408120710E-015 -4.2861378193269845E-001  1.2419159135434109E-016 -7.6407519985942485E-016 -3.0259456405313644E-016 -2.4081527167683035E-016 -2.6992011619924137E-018 -2.7956191883655214E-016 -1.3141813351437827E-015 -3.3289548384103166E-016 -6.2373690688991708E-016 -3.7591744339431580E-016  2.5556071251194952E-013 -1.9674496118807813E-013  5.3794481780552968E-014
 1.3589866139457429E-016  9.8603462251357129E-016  1.2147967264844005E-015  1.4773927304033119E-015  7.7800392145780766E-016 -2.1511948919859783E-015 -1.3975107233847870E-015 -7.3136161691538299E-016 -2.1955093992792532E-016  1.8440004631057055E-001 -1.2667818183320640E-015  7.6536541861219309E-016  6.7654215563095546E-016 -1.0513508466588164E-015  1.6344092841028932E-015  1.3999961904073502E-015  3.1814931902311610E-016 -8.9544257425558938E-016  4.9100165614503610E-001  2.7235158572835891E-016 -4.4636603441212066E-016  3.8510861166685103E-016 -2.8102520310807019E-016  5.5096996423913321E-015 -1.2160569559899789E-015 -4.4962124672189073E-015 -1.8624265589416374E-015 -2.0894744268139971E-015  8.5722756386541166E-001 -1.9819215713035017E-015 -1.4500119854821002E-015  1.1067535776732027E-015 -1.9541659956878282E-015 -7.5532952955299542E-017 -5.0986108890682039E-016  5.5061461730964904E-017 -3.9880933002989348E-016 -2.9375310900523133E-016 -2.3217215018448345E-016 -6.8291050417865893E-016 -1.4127074522395080E-016 -7.1140280123739506E-016 -5.9537442908128449E-017  1.2304762327792340E-015 -2.3823565196567549E-015  5.6567098385381715E-016
 9.5813434449046198E-016 -1.4386891761641148E-015 -2.2517165601039250E-015 -1.4818969163766921E-015  4.9768463679071373E-015  2.2862099275724992E-015  3.4598392763287857E-015 -3.0164069930641281E-016 -2.2499363483414640E-015 -3.6429192995512969E-016  1.8440004631056772E-001 -6.5572547391880877E-016 -5.6898930012039184E-016 -1.1830814106157419E-015 -2.1642547912379964E-015 -3.1682001191608651E-015  1.4569170429365487E-015 -2.0122792321328757E-015  2.0296264668928732E-016  4.9100165614503810E-001 -3.3445468616830955E-015  2.4980018054066002E-016 -2.6229018956767308E-015  8.3115610884213390E-015  1.0150968513687893E-015 -5.1218863964406250E-016  8.9417128164960485E-016 -3.0149494012476126E-015 -1.9819215713035017E-015  8.5722756386540755E-001 -3.1988300897012165E-015  2.2204460492503109E-016 -3.1502578323738288E-015  6.1988481082793028E-016  4.3392481733078463E-016 -2.0269429218990276E-016  2.3314397525457986E-016  6.9660337827194958E-017  4.2563907994855534E-016  5.2678714240349031E-016 -2.9839851256508521E-016  2.7329517717770053E-016 -6.1105097044665478E-016  1.5231847413311339E-015 -4.2042685332778277E-015  1.0707373965412628E-015
-7.6313868930607840E-014 -3.4418084202850179E-015 -6.2904753481645789E-016 -3.0654893628097681E-015 -8.4706904676505114E-014  3.3176576811122564E-015  2.0901867576030796E-015  2.9273276128704832E-015 -9.2200023155287539E-002 -1.7114131292683737E-015 -7.4940054162199516E-016  1.8440004631055820E-001  3.9898639947487234E-017 -9.2200023155287011E-002 -1.6342017748701909E-015 -5.5639206298798823E-015 -1.4673319435781908E-015 -2.4550082807252921E-001  5.1608023410331384E-017 -7.9970752242530275E-016  4.9100165614503211E-001 -2.4633073358871119E-016 -2.4550082807252335E-001  1.7506935167109657E-013  3.1872360132163970E-015 -2.5879028680303389E-015  1.1359744905304399E-015 -4.2861378193273791E-001 -1.4500119854821002E-015 -3.1988300897012165E-015  8.5722756386540888E-001  5.4817261840866582E-016 -4.2861378193270727E-001  5.1358677489628907E-016  3.6707266067936053E-016 -1.0240320216387591E-016  4.4124364917826128E-016  3.4622653469113427E-017  9.9663686773302545E-017  1.3684306288357834E-015  4.1685171845625248E-017  4.7898692852306432E-016 -2.8230429883745040E-016  2.4522661500294970E-013 -1.9962658980012090E-013  5.4199259897048565E-014
-6.7658959577895990E-016 -8.9105572694540671E-017  5.3774048681942667E-016  3.5503414167545877E-015 -4.2668934167553232E-015  2.1931676752780927E-016 -1.4170283946943972E-015 -5.5419533270947565E-015  2.6038199374410344E-015 -8.4003984324176874E-016 -1.3461454173580021E-015  1.3773704399254420E-015  1.8440004631057347E-001  4.6837533851358961E-016  4.2362678410068957E-016  2.0939276205810802E-015  3.0965883612100578E-015  2.8449465006012216E-016  3.0878077872387137E-016 -2.7755575615628987E-017  1.0928757898653250E-015  4.9100165614503632E-001  1.3530843112618417E-015 -1.4766669027885704E-015 -1.4564651481042180E-015  1.3082887133475813E-016 -1.2169443642513472E-015  2.6853519408120710E-015  1.1067535776732027E-015  2.2204460492503109E-016  5.4817261840866582E-016  8.5722756386539845E-001 -5.1347814888915265E-016  2.3778612717670905E-016 -1.7696422486741543E-016 -2.7045405472914771E-016  1.0320729584714541E-016  7.1273678749209476E-017  3.4330098169628519E-016 -5.8121143682015303E-016  2.2501100489147812E-017 -2.5810123012249385E-016 -5.4995714277264018E-016 -1.3258460361791526E-015  1.7659230692615437E-015 -4.9465733463197452E-016
-1.0446514555443488E-013  1.4898929014760437E-015 -1.5348218618862238E-015  1.5309039156151857E-015 -1.6391674689018610E-013  3.4776259337541387E-017  5.8958076376973323E-016 -1.1175057705581454E-015 -9.2200023155246988E-002  2.0816681711705273E-017 -1.5092094240998711E-015 -9.2200023155252553E-002  2.3939183968486890E-016  1.8440004631059478E-001 -9.6694262135257288E-017  8.3524908440707014E-016  4.9210578643890713E-016 -2.4550082807251009E-001 -1.7442644550946075E-015 -1.9567680809018203E-015 -2.4550082807250789E-001  6.6613381477507854E-016  4.9100165614508740E-001  9.3019336313760461E-014  1.9407266299508702E-015 -7.6612068582956324E-015 -1.3073230906664515E-016 -4.2861378193269845E-001 -1.9541659956878282E-015 -3.1502578323738288E-015 -4.2861378193270727E-001 -5.1347814888915265E-016  8.5722756386545973E-001 -6.3777836625116996E-016  3.9700253918024166E-016  4.0499776621658245E-016 -2.0042837750153303E-016 -3.1923452307122828E-017  1.7989823206324410E-016 -5.4249293691928582E-017  2.9121031199529946E-016  1.4474997836684625E-016  6.5822174223224706E-016  2.4291781467407050E-013 -1.6563995463143596E-013  4.7033857879346377E-014
 1.2820690134166298E-016  1.3127459917772325E-017  2.3585923084899342E-019 -4.0916580549672740E-019  1.2877147160351510E-016 -2.8900792994313996E-016 -5.1925649364679112E-018  9.0080002692373427E-018  2.6715117621624948E-017 -1.6248054320821271E-017  1.3334474139919807E-016  1.1047874458025895E-016  5.1150680066435157E-017 -1.3719386220176146E-016 -5.5257662794534816E-015 -9.9280667612389566E-017  1.7223092855380351E-016  7.1134293395085267E-017 -4.3263663649961744E-017  3.5505679187827242E-016  2.9417154519769645E-016  1.3619881951252236E-016 -3.6530583859287412E-016 -4.9225334975712605E-016 -2.9063251811463335E-014 -5.2217536842945345E-016  9.0586365639292959E-016  1.2419159135434109E-016 -7.5532952955299542E-017  6.1988481082793028E-016  5.1358677489628907E-016  2.3778612717670905E-016 -6.3777836625116996E-016  5.6313863685255661E-028  4.5219208494121189E-030  8.0561309838121880E-030  1.6532727833732018E-028  6.4383325947496305E-030  2.4063879346661456E-028  6.7354180947475199E-030 -1.0111681116680397E-029  1.3455311888102835E-029  1.6283168876065013E-029 -9.8987649996626738E-016  7.7503112073220845E-016 -2.1531707986223658E-016
