   6.1313257241918341E-004   4.7766992605765861E-010   1.0725256101483270E-009  -3.9702693443257340E-010  -1.1117472395409614E-009   1.3481670066121542E-009   3.0270771150576557E-009   5.6155023132779845E-011   6.4115396724246843E-010   1.0555922491840283E-009   1.1236555566338751E-002   4.8529606645420026E-009   1.0896488296869397E-008  -1.7448429663928531E-009  -7.4061064313399228E-010   5.5904416086675395E-010   1.2552375078790096E-009  -1.0473801889420862E-010   6.0949484978961956E-010   8.4534866108584186E-010   1.7752864801354028E-002   6.5448191002471817E-009   1.4695265314287105E-008  -3.1922060374354467E-009   5.6516748410277311E-011   1.2899194457691981E-011   2.8962945309194232E-011   6.4598377105934714E-012  -5.6931175462440922E-011  -8.2285002427886900E-011  -8.0414645709188655E-012  -7.6023697195194198E-012  -2.1104476117125216E-012  -1.5921209390479095E-011  -5.8634592327529150E-010   5.4684142596207318E-010   1.2278383723393503E-009  -3.9219448968030639E-011   4.2646943047426795E-010   6.2556535361170683E-010   8.1681811193147890E-003   3.0407531985218614E-009   6.8274881989080395E-009   2.2235163032209795E-009  -3.7345800049177506E-003  -1.2540016501543804E-009  -2.8156447852152437E-009  -7.3041274619278472E-003  -2.4188298514879738E-009  -5.4310659455832669E-009  -3.3414562510157698E-010  -3.8265713613494118E-010
   4.7766992605765861E-010   6.1313149324327993E-004  -2.8296268465170490E-009   1.0474697218339553E-009   4.1054547407122424E-010  -2.6647538775884086E-010   6.4115396566611354E-010   2.3744064524236888E-009   1.5785502580939259E-009  -2.7849520175368136E-009   4.8529608658337966E-009   1.1236544602286925E-002  -2.8748028378415615E-008   4.6033902120985755E-009   8.0743936711516309E-010   2.0554923530016719E-011   6.0949484500255816E-010   1.4228304279947663E-009  -1.2176352008749135E-010  -2.2302697575311568E-009   6.5448194032154351E-009   1.7752850014966477E-002  -3.8770279579548322E-008   8.4219446067680462E-009  -8.2428825162808180E-012   3.3524123682580148E-011   2.1658052381054352E-011   1.3169449966060998E-011   2.2279520042679667E-011  -2.1104375048457789E-012   3.2792002980765030E-011  -7.8013339739132528E-011  -7.7516438585663422E-011   4.2004637301582696E-011   4.7509540442488122E-010  -4.4622866996566093E-011   4.2646942905593760E-010   1.1753236844431803E-009   2.6433746935775028E-010  -1.6504189754582602E-009   3.0407533627781588E-009   8.1681742494927097E-003  -1.8012851573273308E-008  -5.8662653171074570E-009  -1.2540016080516556E-009  -3.7345771718140628E-003   7.4284678743087999E-009  -2.4188297749856959E-009  -7.3041219971858567E-003   1.4328688981960457E-008   8.8157055293405291E-010   1.0095591488215275E-009
   1.0725256101483270E-009  -2.8296268465170490E-009   6.1312640003235845E-004   2.3519131664680772E-009   9.2180917669333197E-010   6.4115395181887568E-010   8.8757529198684601E-010  -3.3265183812353976E-010  -2.3416756784981530E-009  -5.8915761817863081E-010   1.0896488180875117E-008  -2.8748027241366574E-008   1.1236492857027545E-002   1.0336122035755878E-008   1.8129661939179521E-009   6.0949484939113895E-010   1.1176205111670759E-009   6.2044839271810632E-010  -2.9486002009186970E-009  -2.4334145517853498E-009   1.4695265093585570E-008  -3.8770277799491200E-008   1.7752780230079514E-002   1.8910029479137466E-008  -1.8507965076399746E-011   2.1658089197479928E-011   7.2506748943711375E-011  -7.6023663830294050E-012   1.1395341184854079E-011   3.2433469478841658E-011   4.7636067888255908E-011   5.0211009142128378E-011  -8.5568673130479171E-011  -9.1470551229919643E-011   1.0667449914927585E-009   4.2646942429684178E-010   7.2300451108761700E-010   2.3232871424523533E-010  -1.9074911927567723E-009  -1.2990735158469413E-009   6.8274881377705571E-009  -1.8012850673842135E-008   8.1681418271071591E-003  -1.3171692527191981E-008  -2.8156446206457753E-009   7.4284680939611769E-009  -3.7345638008795907E-003  -5.4310655986142923E-009   1.4328689402682622E-008  -7.3040962061389041E-003   1.9794157656421327E-009   2.2667891099258120E-009
  -3.9702693443257340E-010   1.0474697218339553E-009   2.3519131664680772E-009   1.4471102021685077E-004   1.6865492123294197E-010   3.8484478829065782E-011   8.6410281336396884E-011   9.3357488488821774E-011  -2.2797488819113222E-010  -2.6201206253073792E-010  -6.7071261180373058E-009   1.7695302633424590E-008   3.9731759422261734E-008   8.0250856661522735E-003   1.4987035595853921E-011   3.4198252177554040E-012   7.6786286832885618E-012   8.2958236536071902E-012  -2.0258388417772916E-011  -2.3283143080260987E-011  -1.0325417848845845E-008   2.7241382909060731E-008   6.1165841731852943E-008   1.2271813441905383E-002  -4.5492069015149640E-011   4.9351809572881427E-011   1.1081108432019269E-010  -4.0553166459244369E-012   4.4357333320592918E-011   6.5089335457304167E-011   9.1210944489440846E-011   2.4022928748109702E-011  -1.7172415714798713E-010  -1.0049942063898468E-010  -5.0095140835959951E-011  -1.1430956837902922E-011  -2.5666243605526051E-011  -2.7729688883138038E-011   6.7714841832305036E-011   7.7824830097177895E-011  -4.8338984230562529E-009   1.2753197544339354E-008   2.8635112654251018E-008  -7.4122118522364265E-003   1.9371701601968269E-009  -5.1107969195687168E-009  -1.1475413182267590E-008   3.7727257102368898E-009  -9.9535054855485464E-009  -2.2348880129569497E-008   9.2207753600113008E-004   1.9813211734352812E-003
  -1.1117472395409614E-009   4.1054547407122424E-010   9.2180917669333197E-010   1.6865492123294197E-010   3.8785964801901330E-015  -1.6155394673256546E-015  -3.6274158971555490E-015   1.0986317147341410E-015  -3.8977550470163022E-015  -4.9772283189844309E-015  -2.0402171433003823E-008   7.5339202627447969E-009   1.6916120775023463E-008   9.4520708276410560E-009   4.6344203582648594E-015  -8.0012596032571809E-017  -1.7965451575703280E-016   2.0884535587395683E-015  -5.6525987901155064E-015  -6.7228742150412728E-015  -3.2214007603213440E-008   1.1895854047273125E-008   2.6710092079576087E-008   1.4422145344063878E-008  -1.8964840531240677E-016   8.9670449054757975E-017   2.0133802897972576E-016  -1.9129537808577798E-017   1.8777097306683976E-016   2.7356964902586494E-016   2.1559094946780776E-016   6.5358649260103654E-017  -3.7891433880574923E-016  -1.9878738946632093E-016   2.9272685806861755E-015  -3.9316072513907147E-016  -8.8277476618615184E-016   1.1755041523940050E-015  -3.3860935130089753E-015  -4.1027724041867836E-015  -1.4950583987200468E-008   5.5198503705768293E-009   1.2393873488503047E-008  -9.9222688868648260E-009   6.0609908165758119E-009  -2.2439515345759179E-009  -5.0384075464814436E-009   1.1809495104827400E-008  -4.3726146708597556E-009  -9.8179548578177521E-009   1.4473684432066649E-009   1.6458583055750911E-009
   1.3481670066121542E-009  -2.6647538775884086E-010   6.4115395181887568E-010   3.8484478829065782E-011  -1.6155394673256546E-015   3.7648706007565317E-015   7.3362580205465341E-015  -1.2326116677544209E-015  -1.7878836229940844E-015   2.8481510331546624E-015   2.4740932951806993E-008  -4.8902772517027638E-009   1.1766040550809621E-008   2.1568183217137329E-009  -8.0012588371312309E-017   1.8620853983538527E-015   3.6728162877914327E-015  -1.9820391853726175E-016  -1.6985556366685031E-015   2.7821642846310047E-016   3.9064586348882289E-008  -7.7214396043254147E-009   1.8578047591222411E-008   3.2909134659677593E-009   9.6628774328601325E-017   4.9773511963834947E-017   1.6017068806194102E-016  -5.5455609638567204E-019  -1.1142499051537016E-016  -1.2908644570573946E-016   4.2374465065495937E-017   7.6338625585203668E-017  -1.0662616343535698E-016  -1.7628579001472147E-016  -3.9316065642344329E-016   1.6643417508108062E-015   3.2629471776113836E-015  -3.6120693874638639E-016  -1.1539230013671012E-015   7.5436768779322225E-016   1.8130610318056438E-008  -3.5839205090183179E-009   8.6217533261353970E-009  -2.2641112420319966E-009  -7.3462463756318738E-009   1.4506293578972207E-009  -3.4973894751351442E-009  -1.4313486495122769E-008   2.8263191353613623E-009  -6.8146017296564455E-009   3.3026760925067987E-010   3.7556094666040886E-010
   3.0270771150576557E-009   6.4115396566611354E-010   8.8757529198684601E-010   8.6410281336396884E-011  -3.6274158971555490E-015   7.3362580205465341E-015   1.6969832535122338E-014   2.3371810657642627E-015   1.2905556131627305E-015   1.2902346741905402E-015   5.5551509257358341E-008   1.1766040804199956E-008   1.6288110650892375E-008   4.8427647286600680E-009  -1.7965444689197632E-016   3.6728162866629727E-015   8.4730032738252887E-015   1.8771504298498609E-015  -1.4005863705059622E-015  -1.6974961108146754E-015   8.7712809147521529E-008   1.8578047991828191E-008   2.5718280124957099E-008   7.3891804221423640E-009   2.1696328223568193E-016   1.6017169384009572E-016   3.3807457153278006E-016   3.2321158839989975E-017  -2.1530331004839956E-016  -3.2340772170688154E-016   1.1861596537096394E-016  -3.2109240579345144E-017  -3.1930898886417725E-016  -2.2805623553343242E-016  -8.8277458505102245E-016   3.2629471535600311E-015   7.5375121433656215E-015   1.3551922052548471E-015  -3.3978512770206720E-016  -4.7241735812303512E-016   4.0709166839321669E-008   8.6217535086573734E-009   1.1934880030328980E-008  -5.0836708018793324E-009  -1.6494732519118085E-008  -3.4973895694302789E-009  -4.8445274539695897E-009  -3.2138471681300980E-008  -6.8146019147051891E-009  -9.4396829186386576E-009   7.4155873507230067E-010   8.4325460025856506E-010
   5.6155023132779845E-011   2.3744064524236888E-009  -3.3265183812353976E-010   9.3357488488821774E-011   1.0986317147341410E-015  -1.2326116677544209E-015   2.3371810657642627E-015   9.4511964458132778E-015   7.3017605391009317E-015  -1.0549828127224810E-014   1.0305747979285683E-009   4.3573850590571483E-008  -6.1049323163147535E-009   5.2321129046463295E-009   2.0884535148073081E-015  -1.9820388668323367E-016   1.8771503483064628E-015   5.1787697577930216E-015   1.1741226726654426E-015  -7.2672233524369759E-015   1.6271805360804122E-009   6.8800878477750116E-008  -9.6391129186681602E-009   7.9832551420240223E-009  -4.6325622647442021E-017   1.5169003097614906E-016   1.1936049354094934E-016   5.3244521296598922E-017   1.0393893643682478E-016   8.9078911074911036E-018   1.5999801109582101E-016  -3.1541027005486033E-016  -3.6633903338137317E-016   1.4612755310814438E-016   1.1755040559371032E-015  -3.6120701840167467E-016   1.3551920266101163E-015   4.4032398121647173E-015   2.1397225810140037E-015  -5.5787435783498321E-015   7.5545398877439947E-010   3.1930931024576407E-008  -4.4751692275189223E-009  -5.4923850201156395E-009  -3.0461430140191725E-010  -1.2943010066362031E-008   1.8044714080272079E-009  -5.9341639796252366E-010  -2.5218597562678487E-008   3.5152741524970313E-009   8.0117797164319281E-010   9.1104680453340955E-010
   6.4115396724246843E-010   1.5785502580939259E-009  -2.3416756784981530E-009  -2.2797488819113222E-010  -3.8977550470163022E-015  -1.7878836229940844E-015   1.2905556131627305E-015   7.3017605391009317E-015   1.4054145690318491E-014  -3.4040051726517287E-015   1.1766040836789843E-008   2.8969085961519912E-008  -4.2972661473735394E-008  -1.2776590103121375E-008  -5.6525991494122329E-015  -1.6985557398291060E-015  -1.4005865134474415E-015   1.1741226770907296E-015   1.1637277838314790E-014   4.4784769563556037E-015   1.8578048040680784E-008   4.5740361164277974E-008  -6.7852126575519724E-008  -1.9494758631202536E-008   1.8109936227916573E-016  -6.1209335320874396E-017  -3.6733895825220896E-016   7.6339129793382743E-017  -1.1624281251896725E-016  -3.1930957747307789E-016  -2.5101857852585961E-016  -4.3988462502077817E-016   3.9799367581100434E-016   6.0167695762107940E-016  -3.3860940176213294E-015  -1.1539230571222371E-015  -3.3978516379764427E-016   2.1397222709383528E-015   8.3051718172675543E-015   1.2463713773390853E-015   8.6217535483020342E-009   2.1230473387867687E-008  -3.1487602821416536E-008   1.3412168476813691E-008  -3.4973894842714968E-009  -8.5932567682983067E-009   1.2781239338708023E-008  -6.8146017421969403E-009  -1.6742585511955868E-008   2.4904564554319328E-008  -1.9564426620657216E-009  -2.2247454711348129E-009
   1.0555922491840283E-009  -2.7849520175368136E-009  -5.8915761817863081E-010  -2.6201206253073792E-010  -4.9772283189844309E-015   2.8481510331546624E-015   1.2902346741905402E-015  -1.0549828127224810E-014  -3.4040051726517287E-015   1.5527056536947860E-014   1.9371597099628826E-008  -5.1107772482184553E-008  -1.0811193599650063E-008  -1.4684164429467062E-008  -6.7228748141221550E-015   2.7821622824039551E-016  -1.6974963698330636E-015  -7.2672237908835588E-015   4.4784774642288804E-015   1.3990098982878583E-014   3.0586827898230182E-008  -8.0696735126787587E-008  -1.7070987271306738E-008  -2.2405370938086484E-008   2.3597392943688436E-016  -2.4136037531389645E-016  -3.2069829080961236E-016  -3.4114991456886657E-017  -2.9170981243978013E-016  -2.8247739998218967E-016  -3.7558876728255619E-016   2.5005166645964712E-016   7.4525300815596928E-016   5.2659629615162756E-017  -4.1027733417442436E-015   7.5436756004958485E-016  -4.7241764409015625E-016  -5.5787443118135577E-015   1.2463719416156834E-015   9.6815170349123955E-015   1.4195129749326973E-008  -3.7450782408409984E-008  -7.9187080699243673E-009   1.5414639190616149E-008  -5.7563802001377462E-009   1.5186963170060397E-008   3.2339374148928245E-009  -1.1216086132930803E-008   2.9591215366187880E-008   6.3026831749848301E-009  -2.2485447926338107E-009  -2.5569094727650211E-009
   1.1236555566338751E-002   4.8529608658337966E-009   1.0896488180875117E-008  -6.7071261180373058E-009  -2.0402171433003823E-008   2.4740932951806993E-008   5.5551509257358341E-008   1.0305747979285683E-009   1.1766040836789843E-008   1.9371597099628826E-008  0.20629540003269489        1.7238639027356842E-008   3.8706398902996994E-008   5.3421941510248997E-010  -1.3603081531473608E-008   1.0272137099631827E-008   2.3064317059332668E-008  -1.9221046227632251E-009   1.1192698575543224E-008   1.5525186078971967E-008  0.32566700610344740        6.7055126401086776E-009   1.5056075262813406E-008  -8.9336970781947351E-009   1.0397518026383492E-009   2.3732781145765314E-010   5.3287920577787289E-010   1.1884352548449102E-010  -1.0473764374772394E-009  -1.5138164886644701E-009  -1.4791464190729494E-010  -1.3985705452015962E-010  -3.8879682891799189E-011  -2.9294099633418878E-010  -1.0747938299405775E-008   1.0016760867731608E-008   2.2490913773177466E-008  -7.2186070003755074E-010   7.8211324867104421E-009   1.1469798661866459E-008  0.15155292095320347        3.1539010052325952E-009   7.0815421198906627E-009   5.4060179693340453E-009  -5.8993257905882085E-002  -1.8113701539588816E-009  -4.0671200691255642E-009 -0.11478595000970303       -3.1202055770334843E-009  -7.0058851433482443E-009  -8.1130348183310862E-010  -9.1767642659945988E-010
   4.8529606645420026E-009   1.1236544602286925E-002  -2.8748027241366574E-008   1.7695302633424590E-008   7.5339202627447969E-009  -4.8902772517027638E-009   1.1766040804199956E-008   4.3573850590571483E-008   2.8969085961519912E-008  -5.1107772482184553E-008   1.7238639027356842E-008  0.20629536108633298       -1.0211847348982377E-007  -1.4094174640246036E-009   1.4824318694862345E-008   3.7522848692846771E-010   1.1192698465558522E-008   2.6135530436017296E-008  -2.2227832942122957E-009  -4.0959848471386516E-008   6.7055123949302537E-009  0.32566699095399182       -3.9722203406171745E-008   2.3569639223986986E-008  -1.5161136510408534E-010   6.1671938996873907E-010   3.9836373006562900E-010   2.4228794942187832E-010   4.0985102421020216E-010  -3.8879497961362982E-011   6.0321634535184217E-010  -1.4352681869485569E-009  -1.4259677190368482E-009   7.7286092811335401E-010   8.7197698104592744E-009  -8.1383798737200707E-010   7.8211324616915770E-009   2.1540816829707191E-008   4.8210230801446574E-009  -3.0260584664753735E-008   3.1539009458716565E-009  0.15155291382777536       -1.8683120602525281E-008  -1.4262617963159777E-008  -1.8113704983774390E-009  -5.8993253813547988E-002   1.0730221964825391E-008  -3.1202064344136661E-009 -0.11478594296039034        1.8483523340469723E-008   2.1404503206934947E-009   2.4210891414728400E-009
   1.0896488296869397E-008  -2.8748028378415615E-008   1.1236492857027545E-002   3.9731759422261734E-008   1.6916120775023463E-008   1.1766040550809621E-008   1.6288110650892375E-008  -6.1049323163147535E-009  -4.2972661473735394E-008  -1.0811193599650063E-008   3.8706398902996994E-008  -1.0211847348982377E-007  0.20629517727724000       -3.1646133311663371E-009   3.3285457384732165E-008   1.1192698566192390E-008   2.0521624208816405E-008   1.1386187325979677E-008  -5.4141870745116118E-008  -4.4671644235996657E-008   1.5056074568678402E-008  -3.9722203476072061E-008  0.32566691945572429        5.2921554024750666E-008  -3.4041708966503348E-010   3.9836437206940699E-010   1.3337396661667247E-009  -1.3985697455727297E-010   2.0956479270660001E-010   5.9657557247790455E-010   8.7621749133406809E-010   9.2371225757730591E-010  -1.5739352155275956E-009  -1.6826444583585921E-009   1.9578742906213448E-008   7.8211323761256536E-009   1.3263877778650996E-008   4.2761683696084467E-009  -3.4993875811880338E-008  -2.3854907915317624E-008   7.0815421097950127E-009  -1.8683121555445996E-008  0.15155288019888541       -3.2024240033202335E-008  -4.0671202862440836E-009   1.0730219291729050E-008  -5.8993234499591152E-002  -7.0058854104377975E-009   1.8483517258653286E-008 -0.11478590969080624        4.8060100131546765E-009   5.4361429931522340E-009
  -1.7448429663928531E-009   4.6033902120985755E-009   1.0336122035755878E-008   8.0250856661522735E-003   9.4520708276410560E-009   2.1568183217137329E-009   4.8427647286600680E-009   5.2321129046463295E-009  -1.2776590103121375E-008  -1.4684164429467062E-008   5.3421941510248997E-010  -1.4094174640246036E-009  -3.1646133311663371E-009  0.45109244444731078        8.9671597099842480E-010   2.0461777295296213E-010   4.5943401189825751E-010   4.9636215429069564E-010  -1.2121165885142509E-009  -1.3930964215461284E-009   1.5688286527830864E-008  -4.1390157580825887E-008  -9.2934465004860218E-008  0.68779391089320829       -2.5476011727174362E-009   2.7637505009136887E-009   6.2055310865859442E-009  -2.2710174633963747E-010   2.4840548439185349E-009   3.6450675789426362E-009   5.1079037385399388E-009   1.3453079221358273E-009  -9.6167237792814755E-009  -5.6280676584180046E-009  -2.8898225591643951E-009  -6.5941371519143803E-010  -1.4805998421987393E-009  -1.5996344622494558E-009   3.9062429855523005E-009   4.4894534222548439E-009   5.1021306839899667E-009  -1.3460864355242192E-008  -3.0224061817608978E-008 -0.49501994616694539       -2.2846932442602956E-009   6.0276710376953836E-009   1.3534100218170097E-008  -4.4712934736972001E-009   1.1796546078228556E-008   2.6487112205293953E-008   7.5044203756505945E-002   8.3227327767466330E-002
  -7.4061064313399228E-010   8.0743936711516309E-010   1.8129661939179521E-009   1.4987035595853921E-011   4.6344203582648594E-015  -8.0012588371312309E-017  -1.7965444689197632E-016   2.0884535148073081E-015  -5.6525991494122329E-015  -6.7228748141221550E-015  -1.3603081531473608E-008   1.4824318694862345E-008   3.3285457384732165E-008   8.9671597099842480E-010   7.3353625447007011E-015   1.1559713702381722E-015   2.5955348498003540E-015   3.8433230456593376E-015  -9.6368437269316063E-015  -1.1178685522909068E-014  -2.1470193793344745E-008   2.3402200961441344E-008   5.2545616348558819E-008   1.3462405089720776E-009  -1.3937102419312508E-016   9.8311161386066342E-017   2.2073764396656194E-016  -1.3437143453002943E-017   1.3719463218325962E-016   2.0042317729074257E-016   2.0441670150161767E-016   5.7745138516207699E-017  -3.7256152415925473E-016  -2.0757530788061690E-016   4.4874110780735771E-015   5.4179137243399002E-016   1.2164993373122628E-015   2.2818235292462708E-015  -5.8063892260283822E-015  -6.7692339486613628E-015  -1.0018982723447665E-008   1.0891434203212559E-008   2.4454841854624591E-008  -1.9320012550004308E-009   3.7359416828015096E-009  -4.2339414096177047E-009  -9.5065869616835012E-009   7.2580912772345607E-009  -8.2377970233387063E-009  -1.8496555848752454E-008   4.0829824046283722E-010   5.0516774611236582E-010
   5.5904416086675395E-010   2.0554923530016719E-011   6.0949484939113895E-010   3.4198252177554040E-012  -8.0012596032571809E-017   1.8620853983538527E-015   3.6728162866629727E-015  -1.9820388668323367E-016  -1.6985557398291060E-015   2.7821622824039551E-016   1.0272137099631827E-008   3.7522848692846771E-010   1.1192698566192390E-008   2.0461777295296213E-010   1.1559713702381722E-015   1.1197894309606209E-015   2.2829505726465428E-015   5.6980919573582286E-016  -2.3850483887144986E-015  -1.7257805593417217E-015   1.6210003966485671E-008   5.9390044173809515E-010   1.7667339581072348E-008   3.0719280662099781E-010   3.1943115861840302E-017   3.5788832215930361E-017   1.0241584963007120E-016  -1.3299345369618064E-018  -3.8986258061719151E-017  -4.1526159995899718E-017   4.3537302572108968E-017   4.1164052544660261E-017  -9.4200265409621371E-017  -1.0702024928862953E-016   5.4179144675130307E-016   9.2066364851141157E-016   1.8517874339821712E-015   2.3466318155689704E-016  -1.4981766218612288E-015  -7.7645447023963564E-016   7.5828219054770791E-009   2.6634199198564314E-010   8.2344517975533631E-009  -4.4085691715444777E-010  -2.7178814504986486E-009  -1.6336999077859950E-010  -3.1294943308604463E-009  -5.2724800316729632E-009  -3.2191842266383885E-010  -6.0840697002413953E-009   9.3168344420668077E-011   1.1527214896585826E-010
   1.2552375078790096E-009   6.0949484500255816E-010   1.1176205111670759E-009   7.6786286832885618E-012  -1.7965451575703280E-016   3.6728162877914327E-015   8.4730032738252887E-015   1.8771503483064628E-015  -1.4005865134474415E-015  -1.6974963698330636E-015   2.3064317059332668E-008   1.1192698465558522E-008   2.0521624208816405E-008   4.5943401189825751E-010   2.5955348498003540E-015   2.2829505726465428E-015   5.2290063052483555E-015   2.3365676621302412E-015  -4.2566090750399950E-015  -4.9321024736706843E-015   3.6396775797704775E-008   1.7667339436496732E-008   3.2394382916432052E-008   6.8974859021928160E-010   7.1722769939957952E-017   1.0241686699891079E-016   2.2013308065599792E-016   1.2307962587944881E-017  -7.1643206416332930E-017  -1.0853395078117855E-016   1.0844999218503192E-016  -3.0220853640127610E-019  -2.4791520569185559E-016  -1.6385621884246333E-016   1.2164994871629862E-015   1.8517874218424321E-015   4.2538046712614625E-015   1.5112169008829737E-015  -2.3409848256376650E-015  -2.7277160101548380E-015   1.7025922372576813E-008   8.2344516372553689E-009   1.5088015533047721E-008  -9.8986916424778854E-010  -6.1025351914283310E-009  -3.1294948217322168E-009  -5.7963308427896302E-009  -1.1838446781923306E-008  -6.0840706928135875E-009  -1.1272993214038991E-008   2.0919369284668107E-010   2.5882451599423883E-010
  -1.0473801889420862E-010   1.4228304279947663E-009   6.2044839271810632E-010   8.2958236536071902E-012   2.0884535587395683E-015  -1.9820391853726175E-016   1.8771504298498609E-015   5.1787697577930216E-015   1.1741226770907296E-015  -7.2672237908835588E-015  -1.9221046227632251E-009   2.6135530436017296E-008   1.1386187325979677E-008   4.9636215429069564E-010   3.8433230456593376E-015   5.6980919573582286E-016   2.3365676621302412E-015   3.9587566877171149E-015  -3.3754429606012463E-015  -7.8020796563835019E-015  -3.0349161467096423E-009   4.1249236850745880E-008   1.7978274244056098E-008   7.4518894765939822E-010  -5.0423167574703147E-017   1.0091881009420439E-016   1.2579204373100504E-016   2.1646989438593262E-017   7.5942801983650499E-017   4.6002906800800664E-017   1.3167898441784973E-016  -1.2823315111615872E-016  -2.7757828376449204E-016   1.8170700801271992E-018   2.2818236893890393E-015   2.3466314933996627E-016   1.5112168952939987E-015   2.9682253242007756E-015  -1.3901006667316859E-015  -5.2500486031373342E-015  -1.4084817778745345E-009   1.9257461318450576E-008   8.3435810698785710E-009  -1.0694279973942496E-009   5.7117203046082216E-010  -7.1294500413626827E-009  -3.3835210758037729E-009   1.1129073768660316E-009  -1.3847279362823452E-008  -6.5926648462464295E-009   2.2600685845900809E-010   2.7962996016033978E-010
   6.0949484978961956E-010  -1.2176352008749135E-010  -2.9486002009186970E-009  -2.0258388417772916E-011  -5.6525987901155064E-015  -1.6985556366685031E-015  -1.4005863705059622E-015   1.1741226726654426E-015   1.1637277838314790E-014   4.4784774642288804E-015   1.1192698575543224E-008  -2.2227832942122957E-009  -5.4141870745116118E-008  -1.2121165885142509E-009  -9.6368437269316063E-015  -2.3850483887144986E-015  -4.2566090750399950E-015  -3.3754429606012463E-015   1.4845748793956461E-014   1.3012286637640842E-014   1.7667339594385645E-008  -3.5181550345140728E-009  -8.5465578892883076E-008  -1.8197514283186024E-009   1.5410309100977789E-016  -1.0555115086551092E-016  -3.4174668495867359E-016   4.1164516853064706E-017  -1.2276638482531378E-016  -2.4791578813669640E-016  -2.5790688234523412E-016  -2.3822960813669166E-016   4.5156944820221603E-016   4.3229913604048505E-016  -5.8063895411154124E-015  -1.4981765952717074E-015  -2.3409847737153139E-015  -1.3901006882052810E-015   9.5426738114539821E-015   7.1964893707719489E-015   8.2344518131470395E-009  -1.5777599254455574E-009  -3.9806468429478635E-008   2.6115548569258323E-009  -3.1294942810440444E-009   9.6777420843686294E-010   1.5292366515786849E-008  -6.0840695995275706E-009   1.9069864222144597E-009   2.9741356853018922E-008  -5.5191220811834757E-010  -6.8285130813577449E-010
   8.4534866108584186E-010  -2.2302697575311568E-009  -2.4334145517853498E-009  -2.3283143080260987E-011  -6.7228742150412728E-015   2.7821642846310047E-016  -1.6974961108146754E-015  -7.2672233524369759E-015   4.4784769563556037E-015   1.3990098982878583E-014   1.5525186078971967E-008  -4.0959848471386516E-008  -4.4671644235996657E-008  -1.3930964215461284E-009  -1.1178685522909068E-014  -1.7257805593417217E-015  -4.9321024736706843E-015  -7.8020796563835019E-015   1.3012286637640842E-014   1.8980765034850517E-014   2.4505109862526356E-008  -6.4651436749401873E-008  -7.0523889725572695E-008  -2.0914564973246575E-009   1.8979428904609553E-016  -1.9923007654588163E-016  -3.4652992598560991E-016  -8.2098367083818613E-018  -2.1313752837083285E-016  -2.4642622388128941E-016  -3.3609588112602936E-016   7.0487957384915028E-017   6.5014017488660580E-016   2.0575845656483993E-016  -6.7692345384163749E-015  -7.7645446839364856E-016  -2.7277160942067625E-015  -5.2500486918113418E-015   7.1964896115733495E-015   1.2019282161118586E-014   1.1427464196605654E-008  -3.0148895168129314E-008  -3.2798423286355442E-008   3.0014864285814371E-009  -4.3071151924379972E-009   1.1363390474462755E-008   1.2890103626298839E-008  -8.3710016403818109E-009   2.2085074429307310E-008   2.5089211803742246E-008  -6.3431850515124428E-010  -7.8480740766269111E-010
   1.7752864801354028E-002   6.5448194032154351E-009   1.4695265093585570E-008  -1.0325417848845845E-008  -3.2214007603213440E-008   3.9064586348882289E-008   8.7712809147521529E-008   1.6271805360804122E-009   1.8578048040680784E-008   3.0586827898230182E-008  0.32566700610344740        6.7055123949302537E-009   1.5056074568678402E-008   1.5688286527830864E-008  -2.1470193793344745E-008   1.6210003966485671E-008   3.6396775797704775E-008  -3.0349161467096423E-009   1.7667339594385645E-008   2.4505109862526356E-008  0.51429986610778544       -2.1795242802856776E-008  -4.8937469176578110E-008   8.5308612321749030E-009   1.6398712965665253E-009   3.7429432108210565E-010   8.4041418641122278E-010   1.8743684340071423E-010  -1.6518964476330975E-009  -2.3875545266239341E-009  -2.3330635292144142E-010  -2.2058316511107951E-010  -6.1281295934124453E-011  -4.6199409378331107E-010  -1.6979274518088967E-008   1.5829185581301071E-008   3.5541713805813187E-008  -1.1382765047597265E-009   1.2352902068700705E-008   1.8117550486735250E-008  0.23811494049685855       -1.0076534585538377E-008  -2.2625125836439810E-008  -7.5778509227251153E-009  -9.9947301140400929E-002   3.1030723928730177E-009   6.9674138625350437E-009 -0.19496363369871003        6.7055482045118944E-009   1.5056151680582659E-008   1.1364942315808179E-009   1.3255885833067302E-009
   6.5448191002471817E-009   1.7752850014966477E-002  -3.8770277799491200E-008   2.7241382909060731E-008   1.1895854047273125E-008  -7.7214396043254147E-009   1.8578047991828191E-008   6.8800878477750116E-008   4.5740361164277974E-008  -8.0696735126787587E-008   6.7055126401086776E-009  0.32566699095399182       -3.9722203476072061E-008  -4.1390157580825887E-008   2.3402200961441344E-008   5.9390044173809515E-010   1.7667339436496732E-008   4.1249236850745880E-008  -3.5181550345140728E-009  -6.4651436749401873E-008  -2.1795242802856776E-008  0.51429991534852104        1.2911093771071237E-007  -2.2506835575253679E-008  -2.3914314894439143E-010   9.7269795041074163E-010   6.2835113158323794E-010   3.8212593276402941E-010   6.4642929070100016E-010  -6.1281003545788991E-011   9.5142606769931971E-010  -2.2636420422991467E-009  -2.2490892313528802E-009   1.2188706388179677E-009   1.3767354646158504E-008  -1.2886000724324259E-009   1.2352902028474933E-008   3.4031889556322853E-008   7.6334243639085077E-009  -4.7799241007981390E-008  -1.0076534356922924E-008  0.23811496326224743        5.9691502201239659E-008   1.9992527042681154E-008   3.1030726401813547E-009  -9.9947308150998157E-002  -1.8382019958799456E-008   6.7055484030732413E-009 -0.19496364884818931       -3.9722410597919560E-008  -2.9983955341848602E-009  -3.4972804112595331E-009
   1.4695265314287105E-008  -3.8770279579548322E-008   1.7752780230079514E-002   6.1165841731852943E-008   2.6710092079576087E-008   1.8578047591222411E-008   2.5718280124957099E-008  -9.6391129186681602E-009  -6.7852126575519724E-008  -1.7070987271306738E-008   1.5056075262813406E-008  -3.9722203406171745E-008  0.32566691945572429       -9.2934465004860218E-008   5.2545616348558819E-008   1.7667339581072348E-008   3.2394382916432052E-008   1.7978274244056098E-008  -8.5465578892883076E-008  -7.0523889725572695E-008  -4.8937469176578110E-008   1.2911093771071237E-007  0.51430014774320443       -5.0535211110435414E-008  -5.3695454667298827E-010   6.2835216928309720E-010   2.1036757102373475E-009  -2.2058305221081714E-010   3.3057725998946472E-010   9.4098497974414212E-010   1.3820613346457617E-009   1.4568793955988700E-009  -2.4825847222766044E-009  -2.6539429111781463E-009   3.0912226226719544E-008   1.2352901892110461E-008   2.0946113953331506E-008   6.7429380770283413E-009  -5.5261796157378182E-008  -3.7655158909098267E-008  -2.2625125002538805E-008   5.9691501384502552E-008  0.23811507070452931        4.4889767428031194E-008   6.9674153016696811E-009  -1.8382020470141090E-008  -9.9947341237898113E-002   1.5056154973058760E-008  -3.9722412825071523E-008 -0.19496372034692463       -6.7323792245463643E-009  -7.8525442296388884E-009
  -3.1922060374354467E-009   8.4219446067680462E-009   1.8910029479137466E-008   1.2271813441905383E-002   1.4422145344063878E-008   3.2909134659677593E-009   7.3891804221423640E-009   7.9832551420240223E-009  -1.9494758631202536E-008  -2.2405370938086484E-008  -8.9336970781947351E-009   2.3569639223986986E-008   5.2921554024750666E-008  0.68779391089320829        1.3462405089720776E-009   3.0719280662099781E-010   6.8974859021928160E-010   7.4518894765939822E-010  -1.8197514283186024E-009  -2.0914564973246575E-009   8.5308612321749030E-009  -2.2506835575253679E-008  -5.0535211110435414E-008   1.0494131657919157       -3.8879798557845146E-009   4.2178526133756456E-009   9.4704697581673297E-009  -3.4658762100395856E-010   3.7909996668536409E-009   5.5628602666771490E-009   7.7953437367470918E-009   2.0531196859153272E-009  -1.4676405705496692E-008  -8.5891833848244789E-009  -4.3779383375971511E-009  -9.9897929228140997E-010  -2.2430358093067766E-009  -2.4233669136935117E-009   5.9177656725787172E-009   6.8013010939600645E-009   6.5077429754463051E-010  -1.7169191480547140E-009  -3.8550593800608936E-009 -0.72461023359174670       -5.1736041673803163E-010   1.3649394314345258E-009   3.0647360183622216E-009  -1.0368264417529784E-009   2.7354358842375351E-009   6.1419395413279967E-009  0.10588138683240132       0.12539881795490299     
   5.6516748410277311E-011  -8.2428825162808180E-012  -1.8507965076399746E-011  -4.5492069015149640E-011  -1.8964840531240677E-016   9.6628774328601325E-017   2.1696328223568193E-016  -4.6325622647442021E-017   1.8109936227916573E-016   2.3597392943688436E-016   1.0397518026383492E-009  -1.5161136510408534E-010  -3.4041708966503348E-010  -2.5476011727174362E-009  -1.3937102419312508E-016   3.1943115861840302E-017   7.1722769939957952E-017  -5.0423167574703147E-017   1.5410309100977789E-016   1.8979428904609553E-016   1.6398712965665253E-009  -2.3914314894439143E-010  -5.3695454667298827E-010  -3.8879798557845146E-009   2.0333770483994729E-017  -1.5542434491593548E-017  -3.4897855414232792E-017   1.9374653746539362E-018  -1.9986753714440478E-017  -2.9218080574914048E-017  -3.1524736604698564E-017  -8.7844840585091122E-018   5.7837278188244770E-017   3.2558987114912122E-017  -7.6603929698841894E-017   4.1745800134546001E-017   9.3733009300454182E-017  -1.7573924857508015E-017   7.1690422185462345E-017   9.4177859690563393E-017   7.7306631481990750E-010  -1.1257206433124300E-010  -2.5276121189600640E-010   2.6370322776247341E-009  -2.4184274391996572E-010   3.6182763212217797E-011   8.1241425802838003E-011  -4.6656472100046298E-010   6.9885445893739136E-011   1.5691424721697483E-010  -3.8006224678478295E-010  -4.2548823792886192E-010
   1.2899194457691981E-011   3.3524123682580148E-011   2.1658089197479928E-011   4.9351809572881427E-011   8.9670449054757975E-017   4.9773511963834947E-017   1.6017169384009572E-016   1.5169003097614906E-016  -6.1209335320874396E-017  -2.4136037531389645E-016   2.3732781145765314E-010   6.1671938996873907E-010   3.9836437206940699E-010   2.7637505009136887E-009   9.8311161386066342E-017   3.5788832215930361E-017   1.0241686699891079E-016   1.0091881009420439E-016  -1.0555115086551092E-016  -1.9923007654588163E-016   3.7429432108210565E-010   9.7269795041074163E-010   6.2835216928309720E-010   4.2178526133756456E-009  -1.5542434491593548E-017   1.9847060661531508E-017   4.2457651780832036E-017  -8.0075980263423202E-019   1.5664392000502845E-017   2.1653129528118708E-017   3.4667460241662965E-017   5.5784490527677143E-018  -6.6358196133570638E-017  -3.5804104282289804E-017   3.3968125196159908E-017   2.0159746866227429E-017   6.5760356136550368E-017   6.2005334361749698E-017  -2.0515484637096230E-017  -9.5973462814891471E-017   1.7653588102139873E-010   4.5839844879868752E-010   2.9581811908297451E-010  -2.8607694549817801E-009  -5.4718970910926012E-011  -1.4428274901210909E-010  -9.4885331410838090E-011  -1.0552144357366912E-010  -2.7842538044324777E-010  -1.8325083983640092E-010   4.1230838798666665E-010   4.6158833610128467E-010
   2.8962945309194232E-011   2.1658052381054352E-011   7.2506748943711375E-011   1.1081108432019269E-010   2.0133802897972576E-016   1.6017068806194102E-016   3.3807457153278006E-016   1.1936049354094934E-016  -3.6733895825220896E-016  -3.2069829080961236E-016   5.3287920577787289E-010   3.9836373006562900E-010   1.3337396661667247E-009   6.2055310865859442E-009   2.2073764396656194E-016   1.0241584963007120E-016   2.2013308065599792E-016   1.2579204373100504E-016  -3.4174668495867359E-016  -3.4652992598560991E-016   8.4041418641122278E-010   6.2835113158323794E-010   2.1036757102373475E-009   9.4704697581673297E-009  -3.4897855414232792E-017   4.2457651780832036E-017   9.6268981815386898E-017  -3.2577446706252815E-018   3.3654681300704106E-017   5.0078143878179901E-017   7.6819026217905440E-017   2.1376148327289277E-017  -1.4552112042928461E-016  -8.7687820649092008E-017   7.6267684318943695E-017   6.5759644874641298E-017   1.3852445059685740E-016   4.5566516794764654E-017  -1.4338792755026198E-016  -1.2183421043537636E-016   3.9638129782426397E-010   2.9581779357753774E-010   9.9084464487769429E-010  -6.4233702022750986E-009  -1.2286198745238070E-010  -9.4884268531561456E-011  -3.1506779039659010E-010  -2.3693014206137615E-010  -1.8324870835758720E-010  -6.0826036300256510E-010   9.2576815112868188E-010   1.0364179353350770E-009
   6.4598377105934714E-012   1.3169449966060998E-011  -7.6023663830294050E-012  -4.0553166459244369E-012  -1.9129537808577798E-017  -5.5455609638567204E-019   3.2321158839989975E-017   5.3244521296598922E-017   7.6339129793382743E-017  -3.4114991456886657E-017   1.1884352548449102E-010   2.4228794942187832E-010  -1.3985697455727297E-010  -2.2710174633963747E-010  -1.3437143453002943E-017  -1.3299345369618064E-018   1.2307962587944881E-017   2.1646989438593262E-017   4.1164516853064706E-017  -8.2098367083818613E-018   1.8743684340071423E-010   3.8212593276402941E-010  -2.2058305221081714E-010  -3.4658762100395856E-010   1.9374653746539362E-018  -8.0075980263423202E-019  -3.2577446706252815E-018   5.6339263613258918E-019  -1.5168884842951079E-018  -3.1627750892841117E-018  -2.5454984014939916E-018  -3.0763662170361902E-018   4.2159668348509246E-018   4.7211942362136003E-018  -7.7700515648088705E-018  -1.5989959494397350E-019   1.3850663069139676E-017   2.2721709238958080E-017   3.1873295216394455E-017  -1.4951656668961634E-017   8.8363080720914542E-011   1.8017209344843942E-010  -1.0396091157507869E-010   2.3507380668569301E-010  -2.7632491269485530E-011  -5.6183933304318599E-011   3.2675994750510649E-011  -5.3307900296405042E-011  -1.0837524568096360E-010   6.3051675407255468E-011  -3.3879973673962071E-011  -3.7930013796637188E-011
  -5.6931175462440922E-011   2.2279520042679667E-011   1.1395341184854079E-011   4.4357333320592918E-011   1.8777097306683976E-016  -1.1142499051537016E-016  -2.1530331004839956E-016   1.0393893643682478E-016  -1.1624281251896725E-016  -2.9170981243978013E-016  -1.0473764374772394E-009   4.0985102421020216E-010   2.0956479270660001E-010   2.4840548439185349E-009   1.3719463218325962E-016  -3.8986258061719151E-017  -7.1643206416332930E-017   7.5942801983650499E-017  -1.2276638482531378E-016  -2.1313752837083285E-016  -1.6518964476330975E-009   6.4642929070100016E-010   3.3057725998946472E-010   3.7909996668536409E-009  -1.9986753714440478E-017   1.5664392000502845E-017   3.3654681300704106E-017  -1.5168884842951079E-018   2.0056220869840635E-017   2.8331931623822682E-017   3.1009554777360308E-017   6.2116185928632986E-018  -5.7267980621210606E-017  -2.9714656169707721E-017   7.5900982213317131E-017  -4.7988561505387985E-017  -9.2983257936482423E-017   4.2014298444867560E-017  -4.4358709683983325E-017  -1.1791528516502439E-016  -7.7873673717752595E-010   3.0459504606873324E-010   1.5547249300046502E-010  -2.5712551108097709E-009   2.4360761679033351E-010  -9.6133444670182307E-011  -5.0797622597436037E-011   4.6996876467370616E-010  -1.8553253041078904E-010  -9.8181138869162525E-011   3.7058210682616307E-010   4.1487477451516174E-010
