  0.47942201011980634       -4.6725406922779205E-016  -7.6369009716022595E-016   5.0975432866782353E-016   6.4068206336043045E-008   1.2620693915272424E-008   1.3270492277316892E-008  -3.5449677356893861E-008   1.4699584027250864E-009  -2.8618825328405569E-008  0.29654160758750014        4.6664689603369963E-016   1.5437998264914599E-015  -1.8733711597137401E-016  -3.8066339286067442E-008   1.1118667653402971E-009  -1.7519313432748766E-008  -4.7411911253758130E-008  -1.3056345473516220E-009   8.5478334902666627E-008   1.1707417637940299E-015  -3.7089385961637910E-016   3.7131001844628107E-016 -0.16413258654528612        8.2315620574504517E-015   5.3149830329831001E-015   1.5280811255683553E-015  -2.2294030703193747E-008   2.9056876431181312E-010  -9.8568949823868430E-009  -2.4899677289991531E-008  -7.4655779081871063E-010   4.7193661100327406E-008 -0.17838323677172996        8.5059088787852802E-002
  -4.6725406922779205E-016   1.0422939065709036E-005   9.3300919551627620E-014   1.8743346389308714E-012  -9.6132956022491008E-018  -1.4276874874399225E-018  -8.4905135309345533E-018  -8.0830888039955555E-018   1.2699960623985149E-018   9.9111521681125039E-019  -3.2123687246136469E-016  -1.3365051925801620E-005   5.7887389884458015E-012  -1.3493815762793864E-012   5.1829835557943496E-018   2.3454653410864912E-018   1.1310349952792709E-017   1.7519005057981651E-018  -1.5741304040888219E-019  -6.5222840083590033E-018   6.0594767633581365E-004  -9.7296157255947350E-013   3.3676935885131570E-011   1.7010001693628544E-016   4.1286067658349085E-003   1.8706718333954538E-011   3.8698304717215815E-010  -5.4846856214820040E-018  -3.1108905690641340E-019  -5.0458518434513867E-018  -1.6511669928736465E-018  -8.2377265823309849E-019  -1.1004839640830882E-018   1.5401833038978632E-016  -7.4158569194515779E-017
  -7.6369009716022595E-016   9.3300919551627620E-014   1.0422938279624426E-005   1.4726467906546285E-013  -1.5687538047588864E-018  -1.6597726812076527E-018  -9.4735012201771573E-019  -2.4030278231649259E-018   4.3022109687406780E-018  -3.1616229318974182E-018  -4.8060699614163110E-016   5.7887353775648201E-012  -1.3365104898705792E-005   1.0317409884049816E-013  -2.1834619502018808E-018   1.5105167912175514E-018   4.4417561475891997E-019  -2.4699940452294373E-018  -3.1391674669623026E-018   3.0290558213503445E-018  -9.7307610230625659E-013   6.0594768643426470E-004   2.5514874722017839E-012   8.1885605793428684E-016   1.8705851027273691E-011   4.1286066086294471E-003   3.0386481896424434E-011  -4.0315737589967078E-018   4.5002844089535789E-020   1.3926931986218973E-018  -1.2769730612642846E-018   9.8845069605160897E-019  -2.8894530895102860E-018   1.4335435288389979E-015  -7.9905961397064112E-016
   5.0975432866782353E-016   1.8743346389308714E-012   1.4726467906546285E-013   1.0422923819393225E-005  -5.9831142003342840E-018  -3.2797367945372460E-018  -3.3544912900586169E-018  -1.8600697771334204E-020   2.7989043942676543E-018   1.1962596438933728E-018   3.1858681010970738E-016  -1.3493849096543521E-012   1.0316980476850816E-013  -1.3365040499824492E-005   5.3437361951097146E-018   2.7052993450823021E-018   3.7744506279183222E-018   1.0359686740567748E-019  -3.6809441589517526E-018  -6.3895443614043916E-018   3.3677275863655753E-011   2.5510971234935808E-012   6.0594740219192236E-004   4.5972602223461872E-016   3.8698534647719979E-010   3.0383735087372859E-011   4.1286036179657426E-003  -2.5365560806616993E-018  -4.8779267281872869E-019  -1.8663321838106742E-018  -3.1594868644347018E-019   6.3043800121002834E-019  -1.4537542317857902E-018   1.1511189664917157E-015  -6.8057274260122242E-016
   6.4068206336043045E-008  -9.6132956022491008E-018  -1.5687538047588864E-018  -5.9831142003342840E-018   8.5644849533421928E-015   1.6870083116291426E-015   1.7740751332682690E-015  -4.7380653515946840E-015   1.9650535103916360E-016  -3.8264594973770252E-015   3.9641929909727096E-008   1.2326847325695413E-017   2.0116458957221541E-018   7.6720520125131857E-018  -5.0967822766341257E-015   1.4723341002656509E-016  -2.3438663054144662E-015  -6.3350642603654943E-015  -1.7473199051653352E-016   1.1431857872606609E-014  -5.5887443375787159E-016  -9.1195223803278623E-017  -3.4783844441374676E-016  -2.0995290677249313E-008  -3.8078746773626290E-015  -6.2135497228195256E-016  -2.3699866102398874E-015  -2.9996529745764211E-015   3.3573909844404108E-017  -1.3200625321413498E-015  -3.3063283687653594E-015  -1.0017184528842465E-016   6.3059750086402997E-015  -2.1834171081693086E-008   1.0216175225504129E-008
   1.2620693915272424E-008  -1.4276874874399225E-018  -1.6597726812076527E-018  -3.2797367945372460E-018   1.6870083116291426E-015   3.3230566286034329E-016   3.4944846626714537E-016  -9.3331854767863500E-016   3.8706900072576425E-017  -7.5369761230960964E-016   7.8085219129452811E-009   1.8306799125650388E-018   2.1283036255947884E-018   4.2055323049946473E-018  -1.0036537441543918E-015   2.9052349249630879E-017  -4.6161835747852257E-016  -1.2479665271081316E-015  -3.4411040993221312E-017   2.2516225020080644E-015  -8.2999226243177471E-017  -9.6491355926036193E-017  -1.9067164927848159E-016  -4.1698944625159025E-009  -5.6551284879028611E-016  -6.5744080135547568E-016  -1.2991353513547368E-015  -5.9015805805654242E-016   6.8044173705350322E-018  -2.5993457480686395E-016  -6.5207667857013147E-016  -1.9718011025689316E-017   1.2422334912354568E-015  -4.3738086004274449E-009   2.0542272703507844E-009
   1.3270492277316892E-008  -8.4905135309345533E-018  -9.4735012201771573E-019  -3.3544912900586169E-018   1.7740751332682690E-015   3.4944846626714537E-016   3.6749202576787732E-016  -9.8142721274878638E-016   4.0704950114151960E-017  -7.9265619601387307E-016   8.2115964611544203E-009   1.0887150171641695E-017   1.2147763634585687E-018   4.3013880551215723E-018  -1.0560955184400751E-015   3.0441626520167534E-017  -4.8559427122939573E-016  -1.3121501140183977E-015  -3.6202585120290581E-017   2.3682479829153906E-015  -4.9360343278826599E-016  -5.5073918579414226E-017  -1.9501757682184673E-016  -4.3106371401413800E-009  -3.3631525980830141E-015  -3.7524432869036184E-016  -1.3287462994614745E-015  -6.2214720912745828E-016   6.7406712855247636E-018  -2.7354014253804294E-016  -6.8398206638217497E-016  -2.0765097945083536E-017   1.3061279606319349E-015  -4.4411151583404242E-009   2.0693394472200255E-009
  -3.5449677356893861E-008  -8.0830888039955555E-018  -2.4030278231649259E-018  -1.8600697771334204E-020  -4.7380653515946840E-015  -9.3331854767863500E-016  -9.8142721274878638E-016   2.6214242127805070E-015  -1.0870978158444500E-016   2.1166631290921660E-015  -2.1930529997167401E-008   1.0364734275026886E-017   3.0813041471735701E-018   2.3815536801370855E-020   2.8172989964602163E-015  -8.1856202379469172E-017   1.2961237695019921E-015   3.5055210430774782E-015   9.6608576092388799E-017  -6.3228262938652671E-015  -4.6992030539337140E-016  -1.3970559544263053E-016  -1.0791198379217554E-018   1.1887839752814771E-008  -3.2017882750167919E-015  -9.5188052592178860E-016  -7.3526005638450825E-018   1.6538673186560142E-015  -2.0093723208493977E-017   7.2959117108913487E-016   1.8355396001538700E-015   5.5309486147269152E-017  -3.4894034334011411E-015   1.2659477010533463E-008  -5.9848134098061091E-009
   1.4699584027250864E-009   1.2699960623985149E-018   4.3022109687406780E-018   2.7989043942676543E-018   1.9650535103916360E-016   3.8706900072576425E-017   4.0704950114151960E-017  -1.0870978158444500E-016   4.5086690450327775E-018  -8.7796485339359539E-017   9.0955455055649075E-010  -1.6284792110462424E-018  -5.5166281936144489E-018  -3.5889596297283936E-018  -1.1695652670913272E-016   3.3756064859516105E-018  -5.3781673470777397E-017  -1.4534786430545429E-016  -4.0094482590795860E-018   2.6230465120716869E-016   7.3832517515219751E-017   2.5011336281343768E-016   1.6271708330815661E-016  -4.7999737741002441E-010   5.0305575136411377E-016   1.7041400170052839E-015   1.1086677646603931E-015  -6.8860095054109134E-017   7.6072636920406208E-019  -3.0292196491195603E-017  -7.5820641325084336E-017  -2.2990450729015034E-018   1.4468059091387311E-016  -4.9730215413981655E-010   2.3229867565553971E-010
  -2.8618825328405569E-008   9.9111521681125039E-019  -3.1616229318974182E-018   1.1962596438933728E-018  -3.8264594973770252E-015  -7.5369761230960964E-016  -7.9265619601387307E-016   2.1166631290921660E-015  -8.7796485339359539E-017   1.7098142738519866E-015  -1.7711584676404056E-008  -1.2708727647111586E-018   4.0540483911544533E-018  -1.5339608223270753E-018   2.2795078879029685E-015  -6.5377745264205197E-017   1.0477536584691987E-015   2.8295724258818387E-015   7.8124249349421912E-017  -5.1090853951231952E-015   5.7617744174992551E-017  -1.8380660181911640E-016   6.9547602694923441E-017   9.1074484852443328E-009   3.9257681873380024E-016  -1.2523612749612461E-015   4.7386047941644230E-016   1.3458016899813377E-015  -1.3479784494741971E-017   5.9047776641129946E-016   1.4708018167827888E-015   4.4862865393269131E-017  -2.8166006574348440E-015   9.1745825191033660E-009  -4.2312870336171640E-009
  0.29654160758750014       -3.2123687246136469E-016  -4.8060699614163110E-016   3.1858681010970738E-016   3.9641929909727096E-008   7.8085219129452811E-009   8.2115964611544203E-009  -2.1930529997167401E-008   9.0955455055649075E-010  -1.7711584676404056E-008  0.18348862439399136        3.2219046405142102E-016   9.5304294202278241E-016  -1.1475162707998836E-016  -2.3594127109027375E-008   6.8098554343336081E-010  -1.0849612549743423E-008  -2.9321712497176305E-008  -8.0884321326204827E-010   5.2915892095682206E-008  -1.1319462903728080E-015  -1.1257817170701463E-015  -9.3175716009198828E-017  -9.6838096434059606E-002  -7.6173757599061199E-015  -2.9893307026043188E-015  -1.2486130189460038E-015  -1.3891340624711613E-008   1.5349834425041855E-010  -6.1109690086883695E-009  -1.5295788535153426E-008  -4.6379457869320217E-010   2.9187099814897699E-008 -0.10033584927201980        4.6870023709318268E-002
   4.6664689603369963E-016  -1.3365051925801620E-005   5.7887353775648201E-012  -1.3493849096543521E-012   1.2326847325695413E-017   1.8306799125650388E-018   1.0887150171641695E-017   1.0364734275026886E-017  -1.6284792110462424E-018  -1.2708727647111586E-018   3.2219046405142102E-016   1.7137643408765182E-005  -1.4998919364891756E-011   3.7872894458782929E-013  -6.6459836131224507E-018  -3.0075249413763181E-018  -1.4502947790507714E-017  -2.2464032891800925E-018   2.0184482747052881E-019   8.3633200342543021E-018  -7.7699026229471543E-004   3.4473660831570578E-010   1.8093718482818732E-011  -7.2539223541644907E-016  -5.2940004214489071E-003   2.3163650502219925E-009  -7.8710710248141455E-011   7.0328791444397816E-018   3.9890404624102221E-019   6.4701638808038825E-018   2.1172402901891630E-018   1.0563023942253150E-018   1.4111063751022360E-018  -1.3280783296294915E-015   7.4903477065061963E-016
   1.5437998264914599E-015   5.7887389884458015E-012  -1.3365104898705792E-005   1.0316980476850816E-013   2.0116458957221541E-018   2.1283036255947884E-018   1.2147763634585687E-018   3.0813041471735701E-018  -5.5166281936144489E-018   4.0540483911544533E-018   9.5304294202278241E-016  -1.4998919364891756E-011   1.7137780552978682E-005  -5.0672640576762400E-013   2.7997727431422393E-018  -1.9368985273052562E-018  -5.6956825691972111E-019   3.1671634590078989E-018   4.0252840231206247E-018  -3.8840033184730764E-018   3.4473696509627991E-010  -7.7699341347475489E-004   1.3704198017192815E-011  -2.1268933348897838E-015   2.3163675926442174E-009  -5.2940216021130412E-003   7.6701030896885253E-011   5.1695882410826553E-018  -5.7701058971619582E-020  -1.7858317713808785E-018   1.6373843234623953E-018  -1.2674695716494233E-018   3.7051379261348909E-018  -3.9347824235259487E-015   2.2079593012486597E-015
  -1.8733711597137401E-016  -1.3493815762793864E-012   1.0317409884049816E-013  -1.3365040499824492E-005   7.6720520125131857E-018   4.2055323049946473E-018   4.3013880551215723E-018   2.3815536801370855E-020  -3.5889596297283936E-018  -1.5339608223270753E-018  -1.1475162707998836E-016   3.7872894458782929E-013  -5.0672640576762400E-013   1.7137639174681101E-005  -6.8521725782903156E-018  -3.4689332333167694E-018  -4.8398955131776986E-018  -1.3288517959772991E-019   4.7199762019386732E-018   8.1932304692037949E-018   1.8093476326189061E-011   1.3704948193464416E-011  -7.7699038306220888E-004  -3.6955895617848101E-016  -7.8712338213080302E-011   7.6706253987064609E-011  -5.2939996029872857E-003   3.2525284230651263E-018   6.2548181477174587E-019   2.3931373689967705E-018   4.0511681302025737E-019  -8.0839497802671292E-019   1.8641561168007436E-018  -8.3915360494662023E-016   4.9010804907862303E-016
  -3.8066339286067442E-008   5.1829835557943496E-018  -2.1834619502018808E-018   5.3437361951097146E-018  -5.0967822766341257E-015  -1.0036537441543918E-015  -1.0560955184400751E-015   2.8172989964602163E-015  -1.1695652670913272E-016   2.2795078879029685E-015  -2.3594127109027375E-008  -6.6459836131224507E-018   2.7997727431422393E-018  -6.8521725782903156E-018   3.0583364123467209E-015  -8.3302693748340324E-017   1.4007974931168341E-015   3.7612499218113944E-015   1.0459508461829090E-016  -6.8195932596826620E-015   3.0131547852923857E-016  -1.2694088465849833E-016   3.1066626929650795E-016   9.5752289001336226E-009   2.0530042993591488E-015  -8.6490843497395218E-016   2.1167150319170925E-015   1.8451306099666544E-015  -3.7143537013327409E-018   7.9303791530387479E-016   1.8990772993853489E-015   6.0766900047354781E-017  -3.7442039352248755E-015   6.7830702904997896E-009  -2.5160090425223133E-009
   1.1118667653402971E-009   2.3454653410864912E-018   1.5105167912175514E-018   2.7052993450823021E-018   1.4723341002656509E-016   2.9052349249630879E-017   3.0441626520167534E-017  -8.1856202379469172E-017   3.3756064859516105E-018  -6.5377745264205197E-017   6.8098554343336081E-010  -3.0075249413763181E-018  -1.9368985273052562E-018  -3.4689332333167694E-018  -8.3302693748340324E-017   3.2704084262139103E-018  -3.9275316651391780E-017  -1.1041229281982940E-016  -2.8992231872320759E-018   1.9371515067775340E-016   1.3635594698160028E-016   8.7815509374953258E-017   1.5727532836003550E-016  -8.6086662638899321E-010   9.2905730724517746E-016   5.9832841598327932E-016   1.0715905508988303E-015  -4.1289199686143822E-017   3.3627806770851560E-018  -2.1415851713695139E-017  -6.8577668224158211E-017  -1.5244460694006633E-018   1.0986679399780200E-016  -1.4389582341342220E-009   7.8593525822326718E-010
  -1.7519313432748766E-008   1.1310349952792709E-017   4.4417561475891997E-019   3.7744506279183222E-018  -2.3438663054144662E-015  -4.6161835747852257E-016  -4.8559427122939573E-016   1.2961237695019921E-015  -5.3781673470777397E-017   1.0477536584691987E-015  -1.0849612549743423E-008  -1.4502947790507714E-017  -5.6956825691972111E-019  -4.8398955131776986E-018   1.4007974931168341E-015  -3.9275316651391780E-017   6.4285541439330679E-016   1.7316609930953632E-015   4.7963515427525487E-017  -3.1324616308379156E-015   6.5753710293005734E-016   2.5821048636390387E-017   2.1943266202271858E-016   5.0571281844991049E-009   4.4801098760556593E-015   1.7593072952877418E-016   1.4950977666201014E-015   8.3508279187449113E-016  -5.3507965959280316E-018   3.6302512974686597E-016   8.8868161913890111E-016   2.7686554091888989E-017  -1.7237626291779381E-015   4.5101912844785556E-009  -1.9551257810283938E-009
  -4.7411911253758130E-008   1.7519005057981651E-018  -2.4699940452294373E-018   1.0359686740567748E-019  -6.3350642603654943E-015  -1.2479665271081316E-015  -1.3121501140183977E-015   3.5055210430774782E-015  -1.4534786430545429E-016   2.8295724258818387E-015  -2.9321712497176305E-008  -2.2464032891800925E-018   3.1671634590078989E-018  -1.3288517959772991E-019   3.7612499218113944E-015  -1.1041229281982940E-016   1.7316609930953632E-015   4.6890485635815581E-015   1.2903450368037427E-016  -8.4503068075959334E-015   1.0184563560076642E-016  -1.4359989708870957E-016   6.0255586021703532E-018   1.6547871068707861E-008   6.9392222484545499E-016  -9.7841442684846918E-016   4.1055077399688966E-017   2.1978868224375444E-015  -3.0505778038862618E-017   9.7383602097416768E-016   2.4695568487807808E-015   7.3693754712434461E-017  -4.6674390567389438E-015   1.8316014584608916E-008  -8.7993882204514513E-009
  -1.3056345473516220E-009  -1.5741304040888219E-019  -3.1391674669623026E-018  -3.6809441589517526E-018  -1.7473199051653352E-016  -3.4411040993221312E-017  -3.6202585120290581E-017   9.6608576092388799E-017  -4.0094482590795860E-018   7.8124249349421912E-017  -8.0884321326204827E-010   2.0184482747052881E-019   4.0252840231206247E-018   4.7199762019386732E-018   1.0459508461829090E-016  -2.8992231872320759E-018   4.7963515427525487E-017   1.2903450368037427E-016   3.5796748464948402E-018  -2.3362982392027794E-016  -9.1514088252824049E-018  -1.8249867325498115E-016  -2.1399538419520834E-016   3.5759593614695703E-010  -6.2352919072484252E-017  -1.2434493262874684E-015  -1.4580508414590021E-015   6.2653241225295786E-017  -2.9076524807465548E-019   2.7112612075629819E-017   6.5794347652695034E-017   2.0716654977134622E-018  -1.2844745468647035E-016   2.9494248552895059E-010  -1.2206154266035675E-010
   8.5478334902666627E-008  -6.5222840083590033E-018   3.0290558213503445E-018  -6.3895443614043916E-018   1.1431857872606609E-014   2.2516225020080644E-015   2.3682479829153906E-015  -6.3228262938652671E-015   2.6230465120716869E-016  -5.1090853951231952E-015   5.2915892095682206E-008   8.3633200342543021E-018  -3.8840033184730764E-018   8.1932304692037949E-018  -6.8195932596826620E-015   1.9371515067775340E-016  -3.1324616308379156E-015  -8.4503068075959334E-015  -2.3362982392027794E-016   1.5269915315022408E-014  -3.7917420186663974E-016   1.7610469301318410E-016  -3.7146825341528880E-016  -2.6123106954780940E-008  -2.5834924174193891E-015   1.1998853689938802E-015  -2.5309875621822028E-015  -4.0430218303116407E-015   3.4220060266200465E-017  -1.7668757366194086E-015  -4.3686380358601458E-015  -1.3446079556647707E-016   8.4116512775554383E-015  -2.5099069516633291E-008   1.1315385389365289E-008
   1.1707417637940299E-015   6.0594767633581365E-004  -9.7307610230625659E-013   3.3677275863655753E-011  -5.5887443375787159E-016  -8.2999226243177471E-017  -4.9360343278826599E-016  -4.6992030539337140E-016   7.3832517515219751E-017   5.7617744174992551E-017  -1.1319462903728080E-015  -7.7699026229471543E-004   3.4473696509627991E-010   1.8093476326189061E-011   3.0131547852923857E-016   1.3635594698160028E-016   6.5753710293005734E-016   1.0184563560076642E-016  -9.1514088252824049E-018  -3.7917420186663974E-016   3.5227356136500659E-002  -4.2847239193736532E-010  -2.4191613938967026E-009   1.4078700275570961E-015  0.24002056046672521       -1.4464532377201679E-009  -7.3249359285321779E-009  -3.1885884387626619E-016  -1.8085450343780102E-017  -2.9334606669729063E-016  -9.5993636376402160E-017  -4.7890872632052539E-017  -6.3974902612427100E-017   1.0149162245584858E-015  -7.7909457028803695E-016
  -3.7089385961637910E-016  -9.7296157255947350E-013   6.0594768643426470E-004   2.5510971234935808E-012  -9.1195223803278623E-017  -9.6491355926036193E-017  -5.5073918579414226E-017  -1.3970559544263053E-016   2.5011336281343768E-016  -1.8380660181911640E-016  -1.1257817170701463E-015   3.4473660831570578E-010  -7.7699341347475489E-004   1.3704948193464416E-011  -1.2694088465849833E-016   8.7815509374953258E-017   2.5821048636390387E-017  -1.4359989708870957E-016  -1.8249867325498115E-016   1.7610469301318410E-016  -4.2847239193736532E-010   3.5227359967468647E-002  -2.0108047612835215E-010   2.8111433488854464E-015  -1.4464582933176287E-009  0.24002057342954686       -6.1417153908595963E-010  -2.3438087197188974E-016   2.6164778253240731E-018   8.0964766293889403E-017  -7.4241030603945794E-017   5.7464490027539387E-017  -1.6797681334260018E-016   3.5046104192274617E-015  -2.2094711422359026E-015
   3.7131001844628107E-016   3.3676935885131570E-011   2.5514874722017839E-012   6.0594740219192236E-004  -3.4783844441374676E-016  -1.9067164927848159E-016  -1.9501757682184673E-016  -1.0791198379217554E-018   1.6271708330815661E-016   6.9547602694923441E-017  -9.3175716009198828E-017   1.8093718482818732E-011   1.3704198017192815E-011  -7.7699038306220888E-004   3.1066626929650795E-016   1.5727532836003550E-016   2.1943266202271858E-016   6.0255586021703532E-018  -2.1399538419520834E-016  -3.7146825341528880E-016  -2.4191613938967026E-009  -2.0108047612835215E-010   3.5227375790656032E-002   1.8786483093506997E-016  -7.3249369241982316E-009  -6.1417660737536216E-010  0.24002061996574961       -1.4746310244222037E-016  -2.8358139824885035E-017  -1.0850039485680383E-016  -1.8367294007799880E-017   3.6651228672503509E-017  -8.4518337679052364E-017  -2.4004465958658033E-016   5.5960841928759586E-017
 -0.16413258654528612        1.7010001693628544E-016   8.1885605793428684E-016   4.5972602223461872E-016  -2.0995290677249313E-008  -4.1698944625159025E-009  -4.3106371401413800E-009   1.1887839752814771E-008  -4.7999737741002441E-010   9.1074484852443328E-009  -9.6838096434059606E-002  -7.2539223541644907E-016  -2.1268933348897838E-015  -3.6955895617848101E-016   9.5752289001336226E-009  -8.6086662638899321E-010   5.0571281844991049E-009   1.6547871068707861E-008   3.5759593614695703E-010  -2.6123106954780940E-008   1.4078700275570961E-015   2.8111433488854464E-015   1.8786483093506997E-016  0.38953806745756048        5.0603079196988902E-015   4.4089817858284094E-015   2.0433964088471700E-015   4.0296793970724696E-010  -1.9660124425335480E-009   2.3721320600354495E-009   1.6042869601018512E-008   1.1192587297855763E-010  -1.6445845671752797E-008  0.77276479594912850      -0.43775193524080702     
   8.2315620574504517E-015   4.1286067658349085E-003   1.8705851027273691E-011   3.8698534647719979E-010  -3.8078746773626290E-015  -5.6551284879028611E-016  -3.3631525980830141E-015  -3.2017882750167919E-015   5.0305575136411377E-016   3.9257681873380024E-016  -7.6173757599061199E-015  -5.2940004214489071E-003   2.3163675926442174E-009  -7.8712338213080302E-011   2.0530042993591488E-015   9.2905730724517746E-016   4.4801098760556593E-015   6.9392222484545499E-016  -6.2352919072484252E-017  -2.5834924174193891E-015  0.24002056046672521       -1.4464582933176287E-009  -7.3249369241982316E-009   5.0603079196988902E-015   1.6353730669861082        1.8036977301820988E-010   1.2489157952220715E-008  -2.1725353681795114E-015  -1.2322466905042247E-016  -1.9987048603530364E-015  -6.5404995453780803E-016  -3.2630304619074924E-016  -4.3589112744343302E-016  -2.6696692494693995E-015   1.8569661579187582E-016
   5.3149830329831001E-015   1.8706718333954538E-011   4.1286066086294471E-003   3.0383735087372859E-011  -6.2135497228195256E-016  -6.5744080135547568E-016  -3.7524432869036184E-016  -9.5188052592178860E-016   1.7041400170052839E-015  -1.2523612749612461E-015  -2.9893307026043188E-015   2.3163650502219925E-009  -5.2940216021130412E-003   7.6706253987064609E-011  -8.6490843497395218E-016   5.9832841598327932E-016   1.7593072952877418E-016  -9.7841442684846918E-016  -1.2434493262874684E-015   1.1998853689938802E-015  -1.4464532377201679E-009  0.24002057342954686       -6.1417660737536216E-010   4.4089817858284094E-015   1.8036977301820988E-010   1.6353730657832266        9.6552042032902515E-010  -1.5969472466092101E-015   1.7827365058606382E-017   5.5165089677653609E-016  -5.0583974612237226E-016   3.9153259202660462E-016  -1.1445042630047729E-015  -4.7871709750664930E-015   1.1207466902274991E-015
   1.5280811255683553E-015   3.8698304717215815E-010   3.0386481896424434E-011   4.1286036179657426E-003  -2.3699866102398874E-015  -1.2991353513547368E-015  -1.3287462994614745E-015  -7.3526005638450825E-018   1.1086677646603931E-015   4.7386047941644230E-016  -1.2486130189460038E-015  -7.8710710248141455E-011   7.6701030896885253E-011  -5.2939996029872857E-003   2.1167150319170925E-015   1.0715905508988303E-015   1.4950977666201014E-015   4.1055077399688966E-017  -1.4580508414590021E-015  -2.5309875621822028E-015  -7.3249359285321779E-009  -6.1417153908595963E-010  0.24002061996574961        2.0433964088471700E-015   1.2489157952220715E-008   9.6552042032902515E-010   1.6353729653635953       -1.0047352734390903E-015  -1.9321730378828426E-016  -7.3926409219367995E-016  -1.2514494662620357E-016   2.4972198707581438E-016  -5.7586316189185261E-016  -3.6521461429565255E-016  -3.1180771397446884E-016
  -2.2294030703193747E-008  -5.4846856214820040E-018  -4.0315737589967078E-018  -2.5365560806616993E-018  -2.9996529745764211E-015  -5.9015805805654242E-016  -6.2214720912745828E-016   1.6538673186560142E-015  -6.8860095054109134E-017   1.3458016899813377E-015  -1.3891340624711613E-008   7.0328791444397816E-018   5.1695882410826553E-018   3.2525284230651263E-018   1.8451306099666544E-015  -4.1289199686143822E-017   8.3508279187449113E-016   2.1978868224375444E-015   6.2653241225295786E-017  -4.0430218303116407E-015  -3.1885884387626619E-016  -2.3438087197188974E-016  -1.4746310244222037E-016   4.0296793970724696E-010  -2.1725353681795114E-015  -1.5969472466092101E-015  -1.0047352734390903E-015   1.1935058083717224E-015   2.6968794643785376E-017   4.8010456684776361E-016   9.9482688490251672E-016   3.7832044697686183E-017  -2.1883299881504511E-015  -7.1398357821298402E-009   4.9068575433681777E-009
   2.9056876431181312E-010  -3.1108905690641340E-019   4.5002844089535789E-020  -4.8779267281872869E-019   3.3573909844404108E-017   6.8044173705350322E-018   6.7406712855247636E-018  -2.0093723208493977E-017   7.6072636920406208E-019  -1.3479784494741971E-017   1.5349834425041855E-010   3.9890404624102221E-019  -5.7701058971619582E-020   6.2548181477174587E-019  -3.7143537013327409E-018   3.3627806770851560E-018  -5.3507965959280316E-018  -3.0505778038862618E-017  -2.9076524807465548E-019   3.4220060266200465E-017  -1.8085450343780102E-017   2.6164778253240731E-018  -2.8358139824885035E-017  -1.9660124425335480E-009  -1.2322466905042247E-016   1.7827365058606382E-017  -1.9321730378828426E-016   2.6968794643785376E-017   1.0627553310945463E-017  -3.6110944967990825E-019  -5.7189289656070626E-017   3.5194404091707397E-019   3.0220602012712993E-017  -4.0931649802649747E-009   2.3396375809566836E-009
  -9.8568949823868430E-009  -5.0458518434513867E-018   1.3926931986218973E-018  -1.8663321838106742E-018  -1.3200625321413498E-015  -2.5993457480686395E-016  -2.7354014253804294E-016   7.2959117108913487E-016  -3.0292196491195603E-017   5.9047776641129946E-016  -6.1109690086883695E-009   6.4701638808038825E-018  -1.7858317713808785E-018   2.3931373689967705E-018   7.9303791530387479E-016  -2.1415851713695139E-017   3.6302512974686597E-016   9.7383602097416768E-016   2.7112612075629819E-017  -1.7668757366194086E-015  -2.9334606669729063E-016   8.0964766293889403E-017  -1.0850039485680383E-016   2.3721320600354495E-009  -1.9987048603530364E-015   5.5165089677653609E-016  -7.3926409219367995E-016   4.8010456684776361E-016  -3.6110944967990825E-019   2.0567177631012463E-016   4.8932739218564976E-016   1.5781209514420086E-017  -9.6943092219004638E-016   1.5273714350963361E-009  -5.1999009275583407E-010
  -2.4899677289991531E-008  -1.6511669928736465E-018  -1.2769730612642846E-018  -3.1594868644347018E-019  -3.3063283687653594E-015  -6.5207667857013147E-016  -6.8398206638217497E-016   1.8355396001538700E-015  -7.5820641325084336E-017   1.4708018167827888E-015  -1.5295788535153426E-008   2.1172402901891630E-018   1.6373843234623953E-018   4.0511681302025737E-019   1.8990772993853489E-015  -6.8577668224158211E-017   8.8868161913890111E-016   2.4695568487807808E-015   6.5794347652695034E-017  -4.3686380358601458E-015  -9.5993636376402160E-017  -7.4241030603945794E-017  -1.8367294007799880E-017   1.6042869601018512E-008  -6.5404995453780803E-016  -5.0583974612237226E-016  -1.2514494662620357E-016   9.9482688490251672E-016  -5.7189289656070626E-017   4.8932739218564976E-016   1.4627807540971185E-015   3.5533701672260757E-017  -2.4576057490038699E-015   2.5316310702993624E-008  -1.3634029104236564E-008
  -7.4655779081871063E-010  -8.2377265823309849E-019   9.8845069605160897E-019   6.3043800121002834E-019  -1.0017184528842465E-016  -1.9718011025689316E-017  -2.0765097945083536E-017   5.5309486147269152E-017  -2.2990450729015034E-018   4.4862865393269131E-017  -4.6379457869320217E-010   1.0563023942253150E-018  -1.2674695716494233E-018  -8.0839497802671292E-019   6.0766900047354781E-017  -1.5244460694006633E-018   2.7686554091888989E-017   7.3693754712434461E-017   2.0716654977134622E-018  -1.3446079556647707E-016  -4.7890872632052539E-017   5.7464490027539387E-017   3.6651228672503509E-017   1.1192587297855763E-010  -3.2630304619074924E-016   3.9153259202660462E-016   2.4972198707581438E-016   3.7832044697686183E-017   3.5194404091707397E-019   1.5781209514420086E-017   3.5533701672260757E-017   1.2244565462261543E-018  -7.3365662925204978E-017  -2.8939241304502529E-011   4.3653227876119184E-011
   4.7193661100327406E-008  -1.1004839640830882E-018  -2.8894530895102860E-018  -1.4537542317857902E-018   6.3059750086402997E-015   1.2422334912354568E-015   1.3061279606319349E-015  -3.4894034334011411E-015   1.4468059091387311E-016  -2.8166006574348440E-015   2.9187099814897699E-008   1.4111063751022360E-018   3.7051379261348909E-018   1.8641561168007436E-018  -3.7442039352248755E-015   1.0986679399780200E-016  -1.7237626291779381E-015  -4.6674390567389438E-015  -1.2844745468647035E-016   8.4116512775554383E-015  -6.3974902612427100E-017  -1.6797681334260018E-016  -8.4518337679052364E-017  -1.6445845671752797E-008  -4.3589112744343302E-016  -1.1445042630047729E-015  -5.7586316189185261E-016  -2.1883299881504511E-015   3.0220602012712993E-017  -9.6943092219004638E-016  -2.4576057490038699E-015  -7.3365662925204978E-017   4.6459311420411239E-015  -1.8176509108016269E-008   8.7271928882749626E-009
 -0.17838323677172996        1.5401833038978632E-016   1.4335435288389979E-015   1.1511189664917157E-015  -2.1834171081693086E-008  -4.3738086004274449E-009  -4.4411151583404242E-009   1.2659477010533463E-008  -4.9730215413981655E-010   9.1745825191033660E-009 -0.10033584927201980       -1.3280783296294915E-015  -3.9347824235259487E-015  -8.3915360494662023E-016   6.7830702904997896E-009  -1.4389582341342220E-009   4.5101912844785556E-009   1.8316014584608916E-008   2.9494248552895059E-010  -2.5099069516633291E-008   1.0149162245584858E-015   3.5046104192274617E-015  -2.4004465958658033E-016  0.77276479594912850       -2.6696692494693995E-015  -4.7871709750664930E-015  -3.6521461429565255E-016  -7.1398357821298402E-009  -4.0931649802649747E-009   1.5273714350963361E-009   2.5316310702993624E-008  -2.8939241304502529E-011  -1.8176509108016269E-008   1.5858397459847775      -0.90407674609776500     
   8.5059088787852802E-002  -7.4158569194515779E-017  -7.9905961397064112E-016  -6.8057274260122242E-016   1.0216175225504129E-008   2.0542272703507844E-009   2.0693394472200255E-009  -5.9848134098061091E-009   2.3229867565553971E-010  -4.2312870336171640E-009   4.6870023709318268E-002   7.4903477065061963E-016   2.2079593012486597E-015   4.9010804907862303E-016  -2.5160090425223133E-009   7.8593525822326718E-010  -1.9551257810283938E-009  -8.7993882204514513E-009  -1.2206154266035675E-010   1.1315385389365289E-008  -7.7909457028803695E-016  -2.2094711422359026E-015   5.5960841928759586E-017 -0.43775193524080702        1.8569661579187582E-016   1.1207466902274991E-015  -3.1180771397446884E-016   4.9068575433681777E-009   2.3396375809566836E-009  -5.1999009275583407E-010  -1.3634029104236564E-008   4.3653227876119184E-011   8.7271928882749626E-009 -0.90407674609776500       0.51601065923502565     
