   4.7170788336908798E-004   4.3318682158700868E-017   6.1941269501442357E-018  -6.8308254955563922E-017   7.6980165826515014E-018  -1.3695380446452001E-018  -1.7209336358662473E-018  -4.8293125104996549E-018  -3.1504871584071059E-018   7.7208560969965375E-018   7.1266415494128030E-003   3.6382967937068552E-016   1.3708945906995049E-016   1.5917859201381197E-016   1.0771634569298398E-016   1.2271213383787069E-002   6.7543099839957480E-016   2.1512360459213537E-016   2.6623430449245753E-018  -6.7443814446573412E-019  -1.1688913483909944E-018   1.2464963154207269E-018  -3.7988822196431660E-018   3.6356072661521621E-018   1.3365673973581791E-016   7.6626677636333719E-019  -1.7040864306016130E-019   1.2867582229712187E-018   2.2778747176588942E-017   2.4107065727374410E-018   2.7919032390653107E-017   2.9245725065106025E-018   7.6368362523750542E-019   2.8554199371380934E-019   1.6299866224674370E-018   1.4218508721280006E-002   7.7334509542641603E-016   2.6102555526022686E-016   6.5615153869293636E-020   5.7644374910446346E-019  -6.2798168453372963E-019   4.4826809709070766E-019   7.8135641210581671E-020   6.1010290364739285E-019  -2.6375760880393990E-016  -1.5096334631699850E-016
   4.3318682158700868E-017   4.7170788336899658E-004  -1.9756662991625336E-017  -6.1311196479087338E-017   2.4371532279216035E-017   2.4463430892041281E-019   5.5052833662265460E-018   2.1794535891699129E-017  -1.8962839502905542E-018   2.1837671078259568E-017   2.5630528769645543E-016   7.1266415494120501E-003  -1.7442896543248359E-016  -7.6407336183348087E-017  -3.3283116392410576E-016   4.6227153968648403E-016   1.2271213383785912E-002  -3.6514760969705623E-016   5.7761573423627857E-017  -3.1606492012302590E-018   2.4240986376219396E-019   5.8866863798149080E-017   2.1903215395714318E-019   5.7493896921834795E-017  -5.1682845200068273E-017   9.6103220541141687E-019   5.5588191625400718E-018   5.0906961587263151E-018  -1.2677231566101964E-018  -2.0206338366111731E-019   6.6684379159584263E-019   1.5046925716488869E-017   4.7976941893196594E-018   2.2081898128412125E-017   1.1633049993788919E-017   5.2871598044266405E-016   1.4218508721278651E-002  -3.8884229760530879E-016   1.9698154610261188E-017   8.5887355304600213E-019  -2.4410186722881448E-019   2.0499268730736238E-017  -8.0328344245699206E-020   1.9736748300154658E-017   9.5349495953285682E-016   5.9209741470028637E-016
   6.1941269501442357E-018  -1.9756662991625336E-017   4.7170788336926627E-004  -4.7422613846472795E-017  -1.0604018986447505E-017   4.1288229221905547E-018  -1.5639939088672196E-019   1.1572486995807726E-017  -2.7336883694302452E-019   1.4561265398829122E-017  -3.3525387587128194E-017  -7.6693010022363771E-017   7.1266415494143399E-003   1.2347989286898681E-016   8.2179126334509395E-017  -6.0389037509297645E-017  -1.8225943209945763E-016   1.2271213383788912E-002   9.3719748757012338E-018   3.8013407842458976E-018   8.0653400306926776E-019   7.9976675970983249E-018  -2.1967140606390496E-018   7.4355228458732682E-018   1.3908549556706389E-016  -2.8729568857460429E-018   3.5091332133045199E-018   7.4071158398350413E-017   1.0762932406752364E-018   2.9046084267743177E-019  -1.6489936595374342E-020   7.9939491399765986E-018   8.3272980160081720E-017   1.7661700723534131E-018   1.7757286278860518E-016  -6.5090246831756648E-017  -1.9261705685760086E-016   1.4218508721282573E-002  -4.1896887130577723E-018   5.3315898260269910E-020  -8.5196600594987284E-019  -3.3908229235031084E-018   8.2171724584443856E-019  -4.7796892114730414E-018  -5.8755626445533859E-016  -3.6124291976979658E-016
  -6.8308254955563922E-017  -6.1311196479087338E-017  -4.7422613846472795E-017   1.1207795693688250E-005  -1.2433844454069182E-018  -1.1123638763646778E-018   1.2042283429501019E-018   5.4439438453633189E-019   1.6185255864479035E-018   2.3183875712157666E-018  -1.0462939877102807E-015  -8.9461504869316399E-016  -7.4097666198217264E-016   8.7526003271431400E-004   2.3623836220030905E-003  -1.8009611578066399E-015  -1.5451187364857519E-015  -1.2652875687422393E-015  -1.5045751918144532E-016   7.5806306389216950E-019  -1.3301849628381845E-018  -1.4924609283487059E-016   3.5973914801165944E-020  -2.2456031052434410E-016   1.6460547318597214E-003   8.0715103065882300E-020  -1.8833939243511530E-019  -3.6182493013168485E-019  -1.1076049224715682E-018   1.9895391918008912E-019  -1.4769124552770213E-018  -1.5644199941131199E-018  -2.7536160599126125E-019  -3.5930372438191133E-019  -8.2892386326266770E-019  -2.0870923588310045E-015  -1.7884117854956436E-015  -1.4700083708595228E-015   2.5043961473874495E-017  -2.1310806671646940E-019  -5.0600960624051998E-019   2.9830972859678424E-017   4.9911964029858201E-019   4.1165058022900397E-017  -2.4127439706883524E-003  -1.2829375571330743E-003
   7.6980165826515014E-018   2.4371532279216035E-017  -1.0604018986447505E-017  -1.2433844454069182E-018   3.1615670211970625E-030  -1.2145540132710315E-031  -5.4041729274008186E-031   2.7408062112939278E-030  -7.0867691274807692E-031   9.7050240335091254E-031   1.1630292127863487E-016   3.6820918345351621E-016  -1.6020729134269460E-016   4.7032237753558114E-017   9.5276381416490712E-017   2.0025954080509360E-016   6.3401160682768948E-016  -2.7585754721544698E-016  -2.9010162980801438E-029   2.3254303809416246E-032   8.4240978860797537E-031  -2.8107691597650812E-029  -1.4989836672824640E-031  -3.2575204876373896E-029   1.1617858367697651E-016  -3.2116242900239024E-031   6.9228423173217425E-032  -9.8460616293509554E-031   9.8045503591159833E-031   1.5139038070181251E-031   3.2101293769082076E-031   1.4345014943001707E-030  -1.3004420121814803E-030   9.9524057270264399E-031  -3.2707739976875218E-030   2.3203834359353410E-016   7.3462169380760547E-016  -3.1963285277851805E-016   1.9534653542810215E-029   7.0854160808252713E-032   3.2071410354188627E-031   1.8854636310712543E-029  -2.2238063266010510E-031   1.9091063812095303E-029   1.0817989408902202E-015   7.2073622052120271E-016
  -1.3695380446452001E-018   2.4463430892041281E-019   4.1288229221905547E-018  -1.1123638763646778E-018  -1.2145540132710315E-031   1.6510969000564974E-031  -4.5276304673182585E-032  -1.3211923002662953E-031  -1.1564773444604088E-031  -1.4430362292943398E-031  -2.0691209701138790E-017   3.6959760305736829E-018   6.2378946854326206E-017  -1.0151783941752561E-016  -2.7078477088845806E-016  -3.5627756447534329E-017   6.3640229718396068E-018   1.0740898952163077E-016   1.9968288596436609E-029  -7.8957153695374905E-032   6.9469514213520629E-032   1.9741923387507551E-029   3.0426718656186199E-033   2.8505517592027456E-029  -1.9373728184024825E-016   9.7290185797761206E-033   6.8762919497760878E-032   6.4693537500928375E-031  -5.9377893648295545E-033  -3.9663726228293289E-032   9.9598124777074631E-032   1.6199345051665439E-031   7.2795851756041594E-031   7.7036079483458150E-032   1.6377025190096007E-030  -4.1281456847470393E-017   7.3739175823543611E-018   1.2445351624925558E-016  -4.6669167203663995E-030   2.0935209624628775E-032   1.7193068926256719E-032  -5.1175716411686765E-030  -2.7808889425045874E-032  -6.4078797195879466E-030   1.5671795786833682E-016   6.8543518480981799E-017
  -1.7209336358662473E-018   5.5052833662265460E-018  -1.5639939088672196E-019   1.2042283429501019E-018  -5.4041729274008186E-031  -4.5276304673182585E-032   5.1735844955679446E-031  -6.3220731361810095E-031   3.4705763027208454E-031   3.2778915137425684E-031  -2.6000153030203966E-017   8.3174741322589563E-017  -2.3629081401779350E-018   2.5426482842679165E-017   8.3703062377877208E-017  -4.4769113702797193E-017   1.4321682826813178E-016  -4.0686415604512846E-018   7.5933754184700770E-030  -1.2900647852490272E-031  -4.7863421128215412E-031   7.2793393575742678E-030   8.9853153253878616E-032   5.2578798590413904E-030   3.4618155927996606E-017   2.2701372736133476E-031   1.1893797032647150E-031  -1.7836598644458365E-031  -4.9125460314987653E-031  -6.1801328327748866E-032  -9.4093301972386613E-032  -2.9881485215947188E-031  -1.3759466406346324E-031   2.8911848619427598E-031  -1.8819369321144028E-032  -5.1873438568693241E-017   1.6594363231063483E-016  -4.7142864932569287E-018  -7.1706360927955192E-030  -1.2437121343288359E-032  -1.8236479386727622E-031  -6.5635663252343136E-030   1.2147713195414114E-031  -6.0685861339863919E-030  -6.4681635615701429E-016  -4.1320469825831491E-016
  -4.8293125104996549E-018   2.1794535891699129E-017   1.1572486995807726E-017   5.4439438453633189E-019   2.7408062112939278E-030  -1.3211923002662953E-031  -6.3220731361810095E-031   4.2635045277873988E-030  -5.3842225794447010E-031   1.8323361028912799E-030  -7.2962060643589586E-017   3.2927549127778365E-016   1.7483906791065263E-016   2.4980788160422083E-016   6.2870421356765566E-016  -1.2563182936457476E-016   5.6697250556315504E-016   3.0105169388386020E-016  -7.4217288550288834E-029   5.1894066450895982E-031   1.0131701836869406E-030  -7.2728696353038479E-029  -2.1111333865179344E-031  -9.4902791149533345E-029   5.0967850616128885E-016  -6.6130895113686452E-031   1.0942954234666500E-031   2.5341794762043896E-030   5.0856817286063425E-031   2.0007315399955005E-031  -8.0649633289152024E-031   1.6706274381616362E-030   2.6470571729731414E-030   8.2680205654144643E-031   4.8390791016720581E-030  -1.4556810362784828E-016   6.5694428602526457E-016   3.4882501030415341E-016   3.2513290850076420E-029   1.7012499171715592E-032   3.3552352981091161E-031   3.2541601406448393E-029  -1.6960051432295137E-031   3.5177564417354783E-029   1.0537008463929743E-015   7.6955880659750126E-016
  -3.1504871584071059E-018  -1.8962839502905542E-018  -2.7336883694302452E-019   1.6185255864479035E-018  -7.0867691274807692E-031  -1.1564773444604088E-031   3.4705763027208454E-031  -5.3842225794447010E-031   3.6888039690107535E-031   1.0413364849444470E-031  -4.7598086603161927E-017  -2.8649374890873755E-017  -4.1301020830120386E-018   8.6682329040753062E-017   2.4268671057058990E-016  -8.1958138811611412E-017  -4.9330752804174145E-017  -7.1115354414882868E-018  -8.6141241731380133E-030   2.3324771557755608E-032  -3.8398605757882340E-031  -8.7011899905410973E-030   7.0806108244639896E-032  -1.6059584855741643E-029   1.5537872816348555E-016   1.2528889813408593E-031  -7.1240596541577872E-033  -2.2242837225106277E-031  -4.6619810727910917E-031  -2.8357422188315711E-032  -3.1058835110695901E-031  -4.8016947622354273E-031  -1.8974178213133120E-031  -1.0212658247897848E-031  -2.8067197641581116E-031  -9.4963918809562958E-017  -5.7158955437948979E-017  -8.2400513734128752E-018  -2.3020638837659895E-030  -3.6628582579581529E-032  -1.4132775985511008E-031  -1.5677883530347212E-030   1.1153877098938528E-031  -3.4137052773553323E-031  -5.7275277708493825E-016  -3.4464525419525583E-016
   7.7208560969965375E-018   2.1837671078259568E-017   1.4561265398829122E-017   2.3183875712157666E-018   9.7050240335091254E-031  -1.4430362292943398E-031   3.2778915137425684E-031   1.8323361028912799E-030   1.0413364849444470E-031   2.1310053010503231E-030   1.1664798447904595E-016   3.2992718488653925E-016   2.1999403160729099E-016   2.1200654736596590E-016   5.6541853267841883E-016   2.0085369783316791E-016   5.6809464300733822E-016   3.7880307102507495E-016  -3.8536093518283586E-029   1.9563575535495156E-031  -1.0363992593092200E-031  -3.8091187596917924E-029  -1.4346638887387137E-031  -5.6461858199780113E-029   4.0466428698846588E-016  -1.0922784840006413E-031   2.9015910341794815E-031   2.5449435570748297E-030   2.4186630839914893E-031   1.1267344498990067E-031   1.1025371919524182E-031   7.9981203484934155E-031   2.8084958913352277E-030   9.7483338164777883E-031   5.8756196418073208E-030   2.3272678626185572E-016   6.5824449331020176E-016   4.3891460449493563E-016   1.0517154908799498E-029   5.6063570216709214E-033  -9.4931117890664937E-032   1.1537020040624634E-029   9.4888314113841144E-032   1.4128015348243450E-029  -3.2424108770478008E-016  -1.4116010583383462E-016
   7.1266415494128030E-003   2.5630528769645543E-016  -3.3525387587128194E-017  -1.0462939877102807E-015   1.1630292127863487E-016  -2.0691209701138790E-017  -2.6000153030203966E-017  -7.2962060643589586E-017  -4.7598086603161927E-017   1.1664798447904595E-016  0.10767049176932458       -5.1867674301683009E-016   1.5081139281547245E-016   1.5444850741149735E-015  -7.5090926265607469E-016  0.18539554297459160       -1.5339766674775337E-016  -5.6497097581863694E-017   4.0223123741880688E-017  -1.0189524221067380E-017  -1.7659805875394273E-017   1.8832274689253267E-017  -5.7394147569611366E-017   5.4927362280470629E-017   4.5021104813953760E-016   1.1576886541224592E-017  -2.5745622637051379E-018   1.9440558318354553E-017   3.4414511988393033E-016   3.6421357858186464E-017   4.2180540811302759E-016   4.4184930279944299E-017   1.1537859862208876E-017   4.3140161702615095E-018   2.4626110349628327E-017  0.21481560643004244       -3.1777358635271327E-016   1.1227986404487256E-016   9.9132471242897764E-019   8.7090085158753698E-018  -9.4876522590694289E-018   6.7725093402669957E-018   1.1804863280293013E-018   9.2175366489171330E-018   5.2922278590114149E-016   3.7684139475099193E-016
   3.6382967937068552E-016   7.1266415494120501E-003  -7.6693010022363771E-017  -8.9461504869316399E-016   3.6820918345351621E-016   3.6959760305736829E-018   8.3174741322589563E-017   3.2927549127778365E-016  -2.8649374890873755E-017   3.2992718488653925E-016  -5.1867674301683009E-016  0.10767049176932268        7.1559884482884730E-016  -2.0569311273369351E-016  -2.1327112585041458E-015  -5.7665932462993747E-016  0.18539554297459046        2.5313579628695111E-016   8.7267150631500309E-016  -4.7751616444754570E-017   3.6623687412888025E-018   8.8937041804606531E-016   3.3091743939087541E-018   8.6862740498284883E-016   7.0979472967309622E-016   1.4519435198948998E-017   8.3983569081964388E-017   7.6911088492123283E-017  -1.9152973354047965E-017  -3.0528073758919067E-018   1.0074787468473188E-017   2.2733146886620396E-016   7.2484365762121971E-017   3.3361700798356822E-016   1.7575406380755532E-016  -7.7260557390064369E-016  0.21481560643004091        8.1075734956655630E-016   2.9760301246087506E-016   1.2976005202864671E-017  -3.6879318125008299E-018   3.0970637850180130E-016  -1.2136140519990047E-018   2.9818609237887463E-016  -1.0332275811658886E-015  -8.0406917244424649E-016
   1.3708945906995049E-016  -1.7442896543248359E-016   7.1266415494143399E-003  -7.4097666198217264E-016  -1.6020729134269460E-016   6.2378946854326206E-017  -2.3629081401779350E-018   1.7483906791065263E-016  -4.1301020830120386E-018   2.1999403160729099E-016   1.5081139281547245E-016   7.1559884482884730E-016  0.10767049176933034        1.0067212379731216E-015  -1.3082781040079587E-015   2.1945776630411485E-016   4.7369470542249630E-016  0.18539554297458938        1.4159336297746160E-016   5.7431291974577276E-017   1.2185250533099847E-017   1.2083009889250527E-016  -3.3188323215871054E-017   1.1233712202678667E-016   6.8913578290905935E-016  -4.3405112853725998E-017   5.3016571149371594E-017   1.1190794423117558E-015   1.6260818185964763E-017   4.3883309626242151E-018  -2.4913271842467071E-019   1.2077391982077659E-016   1.2581021036017360E-015   2.6683592674060140E-017   2.6828004928784703E-015   3.2803609636948774E-016   8.2934407587247093E-016  0.21481560643004644       -6.3298517396551514E-017   8.0550550283865865E-019  -1.2871644826712579E-017  -5.1229119515016223E-017   1.2414641502864096E-017  -7.2212343547092850E-017   2.3586061091481677E-015   1.5817204411645911E-015
   1.5917859201381197E-016  -7.6407336183348087E-017   1.2347989286898681E-016   8.7526003271431400E-004   4.7032237753558114E-017  -1.0151783941752561E-016   2.5426482842679165E-017   2.4980788160422083E-016   8.6682329040753062E-017   2.1200654736596590E-016   1.5444850741149735E-015  -2.0569311273369351E-016   1.0067212379731216E-015   8.3186698845303692E-002  0.22126714065384201        2.4638838974866034E-015  -4.3696150573141924E-016   1.7753851066673119E-015  -1.6743409952460479E-014   9.6983705531099235E-017  -2.9825542259569301E-017  -1.6548769054356515E-014  -1.2074089094653986E-017  -2.3748093002442016E-014  0.15929851669441608       -3.8873743653982372E-017  -3.0887748637817896E-017   8.4204059479729104E-018  -2.7262625983251372E-017   3.1087396643714084E-017  -1.4963944812485115E-016  -5.8823925265283367E-017   7.3803775810921823E-018  -4.3546174886715295E-017  -6.4582253856411316E-017   2.9216899443897297E-015  -5.2071418530652805E-016   2.0949352627317099E-015   4.1377008685031806E-015  -1.7195285739617138E-017  -1.1904081176071037E-017   4.4931526751363321E-015   2.3986617978825897E-017   5.5325899696514073E-015 -0.10462955363127366       -4.0659372761347151E-002
   1.0771634569298398E-016  -3.3283116392410576E-016   8.2179126334509395E-017   2.3623836220030905E-003   9.5276381416490712E-017  -2.7078477088845806E-016   8.3703062377877208E-017   6.2870421356765566E-016   2.4268671057058990E-016   5.6541853267841883E-016  -7.5090926265607469E-016  -2.1327112585041458E-015  -1.3082781040079587E-015  0.22126714065384201       0.58913374518747097       -1.7669547410397833E-015  -3.9581596955894933E-015  -1.9671250715461794E-015  -4.4094432260982130E-014   2.5346407270911937E-016  -9.6771026902642764E-017  -4.3591062211655866E-014  -2.9318790380991329E-017  -6.2732989735756745E-014  0.42320072987374580       -9.4997136448265879E-017  -7.9813304204626585E-017   1.4669176599135197E-017  -8.6597697843024208E-017   8.0490423192574047E-017  -3.9635034633122384E-016  -1.7268737157898809E-016   1.3574073680332997E-017  -1.1413143787844187E-016  -1.7434500332628052E-016  -1.8875216521396894E-015  -4.5894250071910377E-015  -2.2530313764055742E-015   1.0688544807778444E-014  -4.6289727334321278E-017  -3.8196409024738316E-017   1.1651971435561123E-014   6.8035154704980063E-017   1.4423576448906454E-014 -0.30081121609766232      -0.12282134358696696     
   1.2271213383787069E-002   4.6227153968648403E-016  -6.0389037509297645E-017  -1.8009611578066399E-015   2.0025954080509360E-016  -3.5627756447534329E-017  -4.4769113702797193E-017  -1.2563182936457476E-016  -8.1958138811611412E-017   2.0085369783316791E-016  0.18539554297459160       -5.7665932462993747E-016   2.1945776630411485E-016   2.4638838974866034E-015  -1.7669547410397833E-015  0.31922866506899439        2.8073636487322864E-016  -1.6654361808913863E-016   6.9259346212004080E-017  -1.7545126288313503E-017  -3.0408046302130127E-017   3.2426895559731647E-017  -9.8825769041982115E-017   9.4578263615408921E-017   3.6039652886999721E-016   1.9933996130192711E-017  -4.4330843201130655E-018   3.3474286277824033E-017   5.9257620462651760E-016   6.2713165929034164E-017   7.2629781272173498E-016   7.6081097113355169E-017   1.9866796916853154E-017   7.4282132192767986E-018   4.2403178666657034E-017  0.36988645021551125        8.4162605360766610E-017   1.1307889845844912E-016   1.7069410597197112E-018   1.4995857602566133E-017  -1.6336587798751673E-017   1.1661440621314683E-017   2.0326544456394454E-018   1.5871481441466607E-017  -6.0694339942096361E-016  -4.0549470351743488E-016
   6.7543099839957480E-016   1.2271213383785912E-002  -1.8225943209945763E-016  -1.5451187364857519E-015   6.3401160682768948E-016   6.3640229718396068E-018   1.4321682826813178E-016   5.6697250556315504E-016  -4.9330752804174145E-017   5.6809464300733822E-016  -1.5339766674775337E-016  0.18539554297459046        4.7369470542249630E-016  -4.3696150573141924E-016  -3.9581596955894933E-015   2.8073636487322864E-016  0.31922866506899616       -8.7014282949855668E-016   1.5026346131895065E-015  -8.2222498599305468E-017   6.3061552910827453E-018   1.5313881161836043E-015   5.6979974129836221E-018   1.4956711606223496E-015   1.1211793951474333E-015   2.5000708440717173E-017   1.4460953168350792E-016   1.3243157691071191E-016  -3.2979099809060973E-017  -5.2565644658040398E-018   1.7347563500250226E-017   3.9143724908359218E-016   1.2480929664951486E-016   5.7444807137301847E-016   3.0262720597022797E-016   1.4546096803198097E-016  0.36988645021551286       -1.1723500678631021E-016   5.1243633403540679E-016   2.2343108967870869E-017  -6.3501718028428329E-018   5.3327686408318372E-016  -2.0896963730235011E-018   5.1344032701638326E-016   8.3831997175407658E-016   2.9422574312039900E-016
   2.1512360459213537E-016  -3.6514760969705623E-016   1.2271213383788912E-002  -1.2652875687422393E-015  -2.7585754721544698E-016   1.0740898952163077E-016  -4.0686415604512846E-018   3.0105169388386020E-016  -7.1115354414882868E-018   3.7880307102507495E-016  -5.6497097581863694E-017   2.5313579628695111E-016  0.18539554297458938        1.7753851066673119E-015  -1.9671250715461794E-015  -1.6654361808913863E-016  -8.7014282949855668E-016  0.31922866506896974        2.4380661757406736E-016   9.8889727207429316E-017   2.0981525223314637E-017   2.0805479220669939E-016  -5.7146271944261132E-017   1.9343091493432696E-016   1.1145227169030809E-015  -7.4738345977182671E-017   9.1288112772309849E-017   1.9269192276336038E-015   2.7999158982723245E-017   7.5561742887812007E-018  -4.2897635968940498E-019   2.0795805865093710E-016   2.1662994083320083E-015   4.5945913973516590E-017   4.6194574381184066E-015  -6.5972572818479721E-017  -5.2526771813764955E-016  0.36988645021549382       -1.0899237859312062E-016   1.3869828920972483E-018  -2.2163413042981843E-017  -8.8210337600701283E-017   2.1376508683450710E-017  -1.2434090734973001E-016  -2.6493975325976749E-015  -1.6368693991909616E-015
   2.6623430449245753E-018   5.7761573423627857E-017   9.3719748757012338E-018  -1.5045751918144532E-016  -2.9010162980801438E-029   1.9968288596436609E-029   7.5933754184700770E-030  -7.4217288550288834E-029  -8.6141241731380133E-030  -3.8536093518283586E-029   4.0223123741880688E-017   8.7267150631500309E-016   1.4159336297746160E-016  -1.6743409952460479E-014  -4.4094432260982130E-014   6.9259346212004080E-017   1.5026346131895065E-015   2.4380661757406736E-016   3.7080475426057827E-027  -2.3210782579810918E-029  -7.0324289678833205E-030   3.6582102498634649E-027   4.4889605848866280E-030   5.1126776164942428E-027  -3.2449079593244793E-014   1.4189169165077183E-029   8.7242594067261584E-030  -5.3867844117951331E-030  -5.0762850785620779E-030  -7.9108392839185946E-030   3.1612348248826824E-029   1.6947159436732622E-030  -3.7804205887203142E-030   1.2777347099763985E-029   1.6038477541233819E-029   8.0249979146013365E-017   1.7410848205737042E-015   2.8249582252901910E-016  -1.0683618103556896E-027   3.1564287862893870E-030  -2.5524818533459679E-030  -1.1263195921407679E-027  -1.6468807163501297E-030  -1.3305389297670714E-027   4.1833290437845746E-015  -2.8167946533231157E-015
  -6.7443814446573412E-019  -3.1606492012302590E-018   3.8013407842458976E-018   7.5806306389216950E-019   2.3254303809416246E-032  -7.8957153695374905E-032  -1.2900647852490272E-031   5.1894066450895982E-031   2.3324771557755608E-032   1.9563575535495156E-031  -1.0189524221067380E-017  -4.7751616444754570E-017   5.7431291974577276E-017   9.6983705531099235E-017   2.5346407270911937E-016  -1.7545126288313503E-017  -8.2222498599305468E-017   9.8889727207429316E-017  -2.3210782579810918E-029   2.0028587022332746E-031   1.0519539642048948E-031  -2.2890505177087539E-029  -4.9214347268392817E-032  -3.1339655584463715E-029   1.8966069396899184E-016  -1.4029621300659016E-031  -6.2672912965402610E-032   6.2991043670878993E-031   6.0557375266899156E-032   5.3311993765343786E-032  -2.3178127261429465E-031   1.4955076666448505E-032   6.9277683939488048E-031  -1.9788149495772348E-031   1.2950451753422098E-030  -2.0329328758632699E-017  -9.5270229345393632E-017   1.1458234852321916E-016   7.0855238719974069E-030  -2.1971524956533236E-032   3.1772312244253352E-032   7.3630004347804019E-030   2.6232084931444662E-033   8.5163385833497586E-030   5.0228770259376459E-017   6.4852212276858483E-017
  -1.1688913483909944E-018   2.4240986376219396E-019   8.0653400306926776E-019  -1.3301849628381845E-018   8.4240978860797537E-031   6.9469514213520629E-032  -4.7863421128215412E-031   1.0131701836869406E-030  -3.8398605757882340E-031  -1.0363992593092200E-031  -1.7659805875394273E-017   3.6623687412888025E-018   1.2185250533099847E-017  -2.9825542259569301E-017  -9.6771026902642764E-017  -3.0408046302130127E-017   6.3061552910827453E-018   2.0981525223314637E-017  -7.0324289678833205E-030   1.0519539642048948E-031   5.3195335404371871E-031  -6.6750923606726243E-030  -7.2798500697087082E-032  -4.3223784556765107E-030  -4.1845215959931546E-017  -2.4142414130333469E-031  -4.9137975898861073E-032   3.5211125310538045E-031   3.7190103389166685E-031   4.8434765812048832E-032  -6.4819456212492021E-032   5.1606139852186234E-031   3.1982883083111998E-031  -2.1007371642087462E-032   4.0469291402348913E-031  -3.5233440901219644E-017   7.3068669902244248E-018   2.4311043255726012E-017   7.9227927372716131E-030   2.1636716591878157E-032   1.9787112938201907E-031   7.2637046843231637E-030  -1.3290636037677925E-031   6.6857145781852907E-030   7.0464439654446772E-016   4.4944304393889137E-016
   1.2464963154207269E-018   5.8866863798149080E-017   7.9976675970983249E-018  -1.4924609283487059E-016  -2.8107691597650812E-029   1.9741923387507551E-029   7.2793393575742678E-030  -7.2728696353038479E-029  -8.7011899905410973E-030  -3.8091187596917924E-029   1.8832274689253267E-017   8.8937041804606531E-016   1.2083009889250527E-016  -1.6548769054356515E-014  -4.3591062211655866E-014   3.2426895559731647E-017   1.5313881161836043E-015   2.0805479220669939E-016   3.6582102498634649E-027  -2.2890505177087539E-029  -6.6750923606726243E-030   3.6091893407875369E-027   4.4107971900328014E-030   5.0466210909658361E-027  -3.2063784454457553E-014   1.3901560603239576E-029   8.5981068824648325E-030  -5.3862992866746866E-030  -4.8710288081727254E-030  -7.7930256247651767E-030   3.1139206966361565E-029   1.9559999263117621E-030  -3.8490634268407054E-030   1.2679813473967096E-029   1.5454915674595180E-029   3.7572657478918206E-017   1.7744011618598131E-015   2.4107060850257109E-016  -1.0508827526507661E-027   3.1297931202708280E-030  -2.4171755954197083E-030  -1.1084486921106549E-027  -1.6968454405238069E-030  -1.3104005458036159E-027   4.4875910558845172E-015  -2.5540185375329431E-015
  -3.7988822196431660E-018   2.1903215395714318E-019  -2.1967140606390496E-018   3.5973914801165944E-020  -1.4989836672824640E-031   3.0426718656186199E-033   8.9853153253878616E-032  -2.1111333865179344E-031   7.0806108244639896E-032  -1.4346638887387137E-031  -5.7394147569611366E-017   3.3091743939087541E-018  -3.3188323215871054E-017  -1.2074089094653986E-017  -2.9318790380991329E-017  -9.8825769041982115E-017   5.6979974129836221E-018  -5.7146271944261132E-017   4.4889605848866280E-030  -4.9214347268392817E-032  -7.2798500697087082E-032   4.4107971900328014E-030   5.5974051307958235E-032   5.4739126848760840E-030  -2.5570293358352431E-017   5.3240229600544359E-032   3.2404474655969821E-033  -3.9090342925222956E-031  -2.5203464260900572E-031  -3.5824291582809336E-032  -1.9478361054428133E-031  -1.2237237693921632E-031  -4.2158359332587908E-031   1.4113755452669951E-032  -8.3748379015466559E-031  -1.1450824095905154E-016   6.6022017038169531E-018  -6.6214704334102787E-017  -2.0806395689185160E-030  -4.6211806518130385E-033  -2.0416197153809232E-032  -2.0532592256757763E-030   1.2150037634579488E-032  -2.1668957854177658E-030  -9.1812894374076802E-017  -6.3845355371632301E-017
   3.6356072661521621E-018   5.7493896921834795E-017   7.4355228458732682E-018  -2.2456031052434410E-016  -3.2575204876373896E-029   2.8505517592027456E-029   5.2578798590413904E-030  -9.4902791149533345E-029  -1.6059584855741643E-029  -5.6461858199780113E-029   5.4927362280470629E-017   8.6862740498284883E-016   1.1233712202678667E-016  -2.3748093002442016E-014  -6.2732989735756745E-014   9.4578263615408921E-017   1.4956711606223496E-015   1.9343091493432696E-016   5.1126776164942428E-027  -3.1339655584463715E-029  -4.3223784556765107E-030   5.0466210909658361E-027   5.4739126848760840E-030   7.1072235679473250E-027  -4.5856669312431681E-014   1.7376815516292404E-029   1.1279740137683846E-029  -6.3095154391156859E-030  -2.5722360685682973E-030  -1.0498859514327513E-029   4.4250314197368963E-029   6.8028376137187669E-030  -4.6738607416598505E-030   1.6405042127464943E-029   2.0774434384441015E-029   1.0958670703546950E-016   1.7330163510621933E-015   2.2412609616844980E-016  -1.4130480859274026E-027   4.6113049697634990E-030  -1.4711661909459526E-030  -1.5011500528128755E-027  -3.7194636467124109E-030  -1.7929680471490078E-027   1.3257511365325119E-014   7.7893486204975205E-016
   1.3365673973581791E-016  -5.1682845200068273E-017   1.3908549556706389E-016   1.6460547318597214E-003   1.1617858367697651E-016  -1.9373728184024825E-016   3.4618155927996606E-017   5.0967850616128885E-016   1.5537872816348555E-016   4.0466428698846588E-016   4.5021104813953760E-016   7.0979472967309622E-016   6.8913578290905935E-016  0.15929851669441608       0.42320072987374580        3.6039652886999721E-016   1.1211793951474333E-015   1.1145227169030809E-015  -3.2449079593244793E-014   1.8966069396899184E-016  -4.1845215959931546E-017  -3.2063784454457553E-014  -2.5570293358352431E-017  -4.5856669312431681E-014  0.30550006754908510       -8.1798713922826399E-017  -6.1201486833407387E-017   2.2891488820304474E-017  -3.9876123244109525E-017   6.1455896169462852E-017  -2.8801768675256353E-016  -9.8440503041433288E-017   1.9436522770895293E-017  -8.4874227287065083E-017  -1.2142722467253451E-016   5.6121012403647699E-016   1.2406931302928584E-015   1.4288939220994921E-015   8.2012997835322921E-015  -3.2444609533377908E-017  -1.7075479571054484E-017   8.8662422884284367E-015   4.2226348176918809E-017   1.0850742728323493E-014 -0.18065192558752910       -6.5013791683544223E-002
   7.6626677636333719E-019   9.6103220541141687E-019  -2.8729568857460429E-018   8.0715103065882300E-020  -3.2116242900239024E-031   9.7290185797761206E-033   2.2701372736133476E-031  -6.6130895113686452E-031   1.2528889813408593E-031  -1.0922784840006413E-031   1.1576886541224592E-017   1.4519435198948998E-017  -4.3405112853725998E-017  -3.8873743653982372E-017  -9.4997136448265879E-017   1.9933996130192711E-017   2.5000708440717173E-017  -7.4738345977182671E-017   1.4189169165077183E-029  -1.4029621300659016E-031  -2.4142414130333469E-031   1.3901560603239576E-029   5.3240229600544359E-032   1.7376815516292404E-029  -8.1798713922826399E-017   1.5886673103215296E-031   3.7593784833852419E-032  -5.5297480915634533E-031  -1.6050776779358668E-031  -4.4189660828543190E-032   1.4064005327513100E-031  -2.1746987963272228E-031  -5.8611181373546649E-031   7.9272034271068950E-032  -1.0615980530371559E-030   2.3097283778112563E-017   2.8968022956244623E-017  -8.6598430884974514E-017  -6.3988300784230259E-030   2.5104590880982515E-033  -8.4064261108863934E-032  -6.3109784128861330E-030   4.4209213981180395E-032  -6.6921445046213804E-030  -2.7255745013719687E-016  -1.9053584456324397E-016
  -1.7040864306016130E-019   5.5588191625400718E-018   3.5091332133045199E-018  -1.8833939243511530E-019   6.9228423173217425E-032   6.8762919497760878E-032   1.1893797032647150E-031   1.0942954234666500E-031  -7.1240596541577872E-033   2.9015910341794815E-031  -2.5745622637051379E-018   8.3983569081964388E-017   5.3016571149371594E-017  -3.0887748637817896E-017  -7.9813304204626585E-017  -4.4330843201130655E-018   1.4460953168350792E-016   9.1288112772309849E-017   8.7242594067261584E-030  -6.2672912965402610E-032  -4.9137975898861073E-032   8.5981068824648325E-030   3.2404474655969821E-033   1.1279740137683846E-029  -6.1201486833407387E-017   3.7593784833852419E-032   1.1248623331693445E-031   5.7663425526355141E-031  -6.1155685897364729E-032  -2.1395173172207518E-032   5.9880734676107901E-032   1.9292818662212212E-031   6.4887063759935414E-031   2.9618795783814057E-031   1.4712659397431790E-030  -5.1365619760942083E-018   1.6755734116226613E-016   1.0577444845977779E-016  -2.5997083418210371E-030   1.4493866595634042E-032  -3.0600885199434574E-032  -2.6448537408351173E-030   1.3101867987481718E-032  -3.0230015553022307E-030  -5.0845498846588406E-017  -4.3370131381795186E-017
   1.2867582229712187E-018   5.0906961587263151E-018   7.4071158398350413E-017  -3.6182493013168485E-019  -9.8460616293509554E-031   6.4693537500928375E-031  -1.7836598644458365E-031   2.5341794762043896E-030  -2.2242837225106277E-031   2.5449435570748297E-030   1.9440558318354553E-017   7.6911088492123283E-017   1.1190794423117558E-015   8.4204059479729104E-018   1.4669176599135197E-017   3.3474286277824033E-017   1.3243157691071191E-016   1.9269192276336038E-015  -5.3867844117951331E-030   6.2991043670878993E-031   3.5211125310538045E-031  -5.3862992866746866E-030  -3.9090342925222956E-031  -6.3095154391156859E-030   2.2891488820304474E-017  -5.5297480915634533E-031   5.7663425526355141E-031   1.1792027242935681E-029   3.9967439578585655E-031   8.2029997507014330E-032   4.3637891791770148E-032   1.6327632430861637E-030   1.3210321072650621E-029   4.8973493118403001E-031   2.8040967204765505E-029   3.8786256623058565E-017   1.5344689008225317E-016   2.2326983474600778E-015   4.1410155945800816E-030   2.4726483226647338E-032  -5.3524721112827635E-032   4.0761542523892683E-030   7.5199664502382186E-032   3.8659071866038187E-030   2.8505881079666033E-016   1.8860180904627902E-016
   2.2778747176588942E-017  -1.2677231566101964E-018   1.0762932406752364E-018  -1.1076049224715682E-018   9.8045503591159833E-031  -5.9377893648295545E-033  -4.9125460314987653E-031   5.0856817286063425E-031  -4.6619810727910917E-031   2.4186630839914893E-031   3.4414511988393033E-016  -1.9152973354047965E-017   1.6260818185964763E-017  -2.7262625983251372E-017  -8.6597697843024208E-017   5.9257620462651760E-016  -3.2979099809060973E-017   2.7999158982723245E-017  -5.0762850785620779E-030   6.0557375266899156E-032   3.7190103389166685E-031  -4.8710288081727254E-030  -2.5203464260900572E-031  -2.5722360685682973E-030  -3.9876123244109525E-017  -1.6050776779358668E-031  -6.1155685897364729E-032   3.9967439578585655E-031   1.4518343662046065E-030   1.6005093389228165E-031   1.3553643649269143E-030   5.2658416834400507E-031   3.5653837982556934E-031  -6.7858796113231420E-032   5.3513833575492344E-031   6.8661098703060010E-016  -3.8212489962455414E-017   3.2442291869064891E-017   6.1783156128599324E-030   4.4502554529835912E-032   1.2865084141529263E-031   5.6499791120673288E-030  -1.0332391807487268E-031   5.1527816664222596E-030   5.7302280907602189E-016   3.6449488517131154E-016
   2.4107065727374410E-018  -2.0206338366111731E-019   2.9046084267743177E-019   1.9895391918008912E-019   1.5139038070181251E-031  -3.9663726228293289E-032  -6.1801328327748866E-032   2.0007315399955005E-031  -2.8357422188315711E-032   1.1267344498990067E-031   3.6421357858186464E-017  -3.0528073758919067E-018   4.3883309626242151E-018   3.1087396643714084E-017   8.0490423192574047E-017   6.2713165929034164E-017  -5.2565644658040398E-018   7.5561742887812007E-018  -7.9108392839185946E-030   5.3311993765343786E-032   4.8434765812048832E-032  -7.7930256247651767E-030  -3.5824291582809336E-032  -1.0498859514327513E-029   6.1455896169462852E-017  -4.4189660828543190E-032  -2.1395173172207518E-032   8.2029997507014330E-032   1.6005093389228165E-031   3.2418192437782022E-032   8.0212333448768570E-032   5.2057953208115064E-032   7.8514866909997864E-032  -2.9524738953795699E-032   9.8134397561531386E-032   7.2664998057907312E-017  -6.0907186081333849E-018   8.7552491073542011E-018   2.7211255481010352E-030  -1.7516171945588401E-033   1.6333231314018171E-032   2.7889341554559773E-030  -5.9154280978164464E-033   3.1521920216863107E-030   4.5005991400337245E-017   3.9629786657212049E-017
   2.7919032390653107E-017   6.6684379159584263E-019  -1.6489936595374342E-020  -1.4769124552770213E-018   3.2101293769082076E-031   9.9598124777074631E-032  -9.4093301972386613E-032  -8.0649633289152024E-031  -3.1058835110695901E-031   1.1025371919524182E-031   4.2180540811302759E-016   1.0074787468473188E-017  -2.4913271842467071E-019  -1.4963944812485115E-016  -3.9635034633122384E-016   7.2629781272173498E-016   1.7347563500250226E-017  -4.2897635968940498E-019   3.1612348248826824E-029  -2.3178127261429465E-031  -6.4819456212492021E-032   3.1139206966361565E-029  -1.9478361054428133E-031   4.4250314197368963E-029  -2.8801768675256353E-016   1.4064005327513100E-031   5.9880734676107901E-032   4.3637891791770148E-032   1.3553643649269143E-030   8.0212333448768570E-032   1.9273278986803535E-030   2.5376081687114136E-031   1.8567277416017740E-032   1.3121324590783880E-031   2.1559329332828830E-031   8.4155262087403792E-016   2.0100415110305858E-017  -4.9704979619373759E-019  -8.3136156807754339E-030   6.4691147946554090E-032  -3.4652396701163307E-032  -8.8781628920325535E-030  -2.6624005316382150E-032  -1.0719994249840264E-029   1.2418849632675871E-016   3.1406526222577511E-017
   2.9245725065106025E-018   1.5046925716488869E-017   7.9939491399765986E-018  -1.5644199941131199E-018   1.4345014943001707E-030   1.6199345051665439E-031  -2.9881485215947188E-031   1.6706274381616362E-030  -4.8016947622354273E-031   7.9981203484934155E-031   4.4184930279944299E-017   2.2733146886620396E-016   1.2077391982077659E-016  -5.8823925265283367E-017  -1.7268737157898809E-016   7.6081097113355169E-017   3.9143724908359218E-016   2.0795805865093710E-016   1.6947159436732622E-030   1.4955076666448505E-032   5.1606139852186234E-031   1.9559999263117621E-030  -1.2237237693921632E-031   6.8028376137187669E-030  -9.8440503041433288E-017  -2.1746987963272228E-031   1.9292818662212212E-031   1.6327632430861637E-030   5.2658416834400507E-031   5.2057953208115064E-032   2.5376081687114136E-031   1.1224676901688084E-030   1.7307707146593216E-030   7.2010655100091365E-031   3.5068332762209591E-030   8.8154260625932431E-017   4.5355367605964123E-016   2.4095852448426827E-016   6.3796292028361520E-030   5.9259939668307818E-032   1.6242621627513136E-031   5.6744000961255506E-030  -1.2184055174863068E-031   4.7044753350617358E-030   6.9459612687110134E-016   4.3329189868405403E-016
   7.6368362523750542E-019   4.7976941893196594E-018   8.3272980160081720E-017  -2.7536160599126125E-019  -1.3004420121814803E-030   7.2795851756041594E-031  -1.3759466406346324E-031   2.6470571729731414E-030  -1.8974178213133120E-031   2.8084958913352277E-030   1.1537859862208876E-017   7.2484365762121971E-017   1.2581021036017360E-015   7.3803775810921823E-018   1.3574073680332997E-017   1.9866796916853154E-017   1.2480929664951486E-016   2.1662994083320083E-015  -3.7804205887203142E-030   6.9277683939488048E-031   3.1982883083111998E-031  -3.8490634268407054E-030  -4.2158359332587908E-031  -4.6738607416598505E-030   1.9436522770895293E-017  -5.8611181373546649E-031   6.4887063759935414E-031   1.3210321072650621E-029   3.5653837982556934E-031   7.8514866909997864E-032   1.8567277416017740E-032   1.7307707146593216E-030   1.4813641319999912E-029   5.1551874245662089E-031   3.1489454582934868E-029   2.3019420850378139E-017   1.4461504477239536E-016   2.5100653103277333E-015   3.0940401986972159E-030   2.3240206122269519E-032  -8.7704447722783614E-032   3.0904276249567889E-030   1.0291793432800192E-031   2.8597591242730847E-030   2.2243102897388736E-016   1.4743392221591730E-016
