   2.3543154954217659E-032  -1.3286070080285457E-032   5.7105993711025458E-032  -9.1464878067327533E-017  -5.1300569117525839E-017   1.1709676573805254E-032   1.4683302681092972E-034   1.9437174804993759E-032  -3.0111180278232709E-017
  -1.3286070080285457E-032   7.4977061707115701E-033  -3.2226531912329967E-032   5.1616224853907197E-017   2.8950366158630466E-017  -6.6081026047523336E-033  -8.2862041561722043E-035  -1.0968949026759161E-032   1.6992593055377236E-017
   5.7105993711025458E-032  -3.2226531912329967E-032   1.3851561203522840E-031  -2.2185610899854365E-016  -1.2443404391188601E-016   2.8402850768395907E-032   3.5615642516652758E-034   4.7146577607485348E-032  -7.3037317001231577E-017
  -9.1464878067327533E-017   5.1616224853907197E-017  -2.2185610899854365E-016  0.35533996765256776       0.19930210323312766       -4.5491954757706322E-017  -5.7044456954195857E-019  -7.5513193833590090E-017  0.11698157863580998     
  -5.1300569117525839E-017   2.8950366158630466E-017  -1.2443404391188601E-016  0.19930210323312766       0.11178401522224951       -2.5515402399828077E-017  -3.1994938041641642E-019  -4.2353632360321397E-017   6.5612305915568367E-002
   1.1709676573805254E-032  -6.6081026047523336E-033   2.8402850768395907E-032  -4.5491954757706322E-017  -2.5515402399828077E-017   5.8240505883668611E-033   7.3030452275931904E-035   9.6674821585124451E-033  -1.4976420237614876E-017
   1.4683302681092972E-034  -8.2862041561722043E-035   3.5615642516652758E-034  -5.7044456954195857E-019  -3.1994938041641642E-019   7.3030452275931904E-035   9.1576247127392037E-037   1.2122501061647603E-034  -1.8779622993180959E-019
   1.9437174804993759E-032  -1.0968949026759161E-032   4.7146577607485348E-032  -7.5513193833590090E-017  -4.2353632360321397E-017   9.6674821585124451E-033   1.2122501061647603E-034   1.6047286998474355E-032  -2.4859721468546844E-017
  -3.0111180278232709E-017   1.6992593055377236E-017  -7.3037317001231577E-017  0.11698157863580998        6.5612305915568367E-002  -1.4976420237614876E-017  -1.8779622993180959E-019  -2.4859721468546844E-017   3.8511541019518362E-002
