   1.2245193947890144E-032   2.4599645807559348E-032  -2.4542325781282442E-032   6.2207498452965111E-017   7.6279259621031062E-017  -2.1902130646280231E-032   4.4596949161758544E-033   7.7966889966015733E-033   4.1244299691125933E-017
   2.4599645807559348E-032   4.9418782293900605E-032  -4.9303630802622274E-032   1.2497004416830055E-016   1.5323912198740963E-016  -4.3999683355135231E-032   8.9591815217105382E-033   1.5662944058239318E-032   8.2856602214727916E-017
  -2.4542325781282442E-032  -4.9303630802622274E-032   4.9188747627666776E-032  -1.2467884947909278E-016  -1.5288205706998431E-016   4.3897158992556118E-032  -8.9383055902332558E-033  -1.5626447582964210E-032  -8.2663536726984032E-017
   6.2207498452965111E-017   1.2497004416830055E-016  -1.2467884947909278E-016  0.31602381148421260       0.38751055679981333       -1.1126624568734355E-016   2.2655946960032153E-017   3.9608398262888310E-017  0.20952748646920522     
   7.6279259621031062E-017   1.5323912198740963E-016  -1.5288205706998431E-016  0.38751055679981333       0.47516809232206542       -1.3643543066210150E-016   2.7780876953785123E-017   4.8568088564957297E-017  0.25692403545548409     
  -2.1902130646280231E-032  -4.3999683355135231E-032   4.3897158992556118E-032  -1.1126624568734355E-016  -1.3643543066210150E-016   3.9174824742517118E-032  -7.9767475396716856E-033  -1.3945397822090515E-032  -7.3770823401700495E-017
   4.4596949161758544E-033   8.9591815217105382E-033  -8.9383055902332558E-033   2.2655946960032153E-017   2.7780876953785123E-017  -7.9767475396716856E-033   1.6242191695780883E-033   2.8395511274967841E-033   1.5021158050782869E-017
   7.7966889966015733E-033   1.5662944058239318E-032  -1.5626447582964210E-032   3.9608398262888310E-017   4.8568088564957297E-017  -1.3945397822090515E-032   2.8395511274967841E-033   4.9642626787631994E-033   2.6260831714286223E-017
   4.1244299691125933E-017   8.2856602214727916E-017  -8.2663536726984032E-017  0.20952748646920522       0.25692403545548409       -7.3770823401700495E-017   1.5021158050782869E-017   2.6260831714286223E-017  0.13891917631116901     
