 5.2101978582792871E-007 -7.6323012133027981E-018 -1.7160063638631578E-017 -1.6671931821691456E-006  9.6399959455798958E-018  3.5382432324856456E-017  2.9626664979040127E-014  7.1080171482613083E-006  1.8289055988105089E-017 -5.7516819370467946E-017 -2.1480023739423913E-015  1.9877980159937829E-016 -1.7045941260158834E-016  2.7601621263867026E-015  7.5220719254115375E-016 -6.1266097595891338E-016  3.3397253700610156E-014 -6.5259213462181384E-015  6.0190024233611270E-016 -5.1953707943384468E-016  8.3774564909103203E-015  2.2794031046031901E-015 -1.8511196957078114E-015  1.4068219344627779E-004  5.5205075875745427E-016 -8.0319814520118749E-016  1.2919407103986440E-017 -7.0969512202371595E-019 -3.2972403225121282E-019  6.2778243484783061E-018 -2.5271117964136125E-019  5.6008564011163199E-018 -2.4753344551837607E-019 -1.2764416437439749E-019 -2.8267902863638555E-019  6.0372131377360217E-019 -5.4110140239831868E-014 -1.3867981669828655E-014  1.2807037496841200E-015 -1.1030859134598004E-015  1.7810079558548752E-014  4.8485508027387493E-015 -3.9421945798966145E-015  5.0797912011816973E-004  1.9759754000137698E-015 -2.9278473092156728E-015 -1.0607206520748271E-013  4.2830372258937532E-004  1.6672098678829032E-015 -2.4652216303479405E-015  8.4851632938684848E-014 -2.0805143791793340E-014
-7.6323012133027981E-018  5.2101978581385006E-007 -1.1986230887628721E-017  2.6362378470743882E-017 -1.6671931821325708E-006  2.5709991047854105E-017 -5.9179612184321100E-015 -1.2890729726454494E-016  7.1080171481551751E-006 -6.1690256581375088E-017 -2.3829659479637568E-015 -1.4161589194364917E-015 -1.6649311187244491E-016  1.5847089804045654E-015  8.2897706576760825E-016  8.0200061152905768E-016 -6.7653298627880055E-015 -7.2378495937938529E-015 -4.2977225024420044E-015 -5.0984216784165381E-016  4.8059714385850439E-015  2.5180998818839782E-015  2.4372531154799944E-015 -2.6089266990802475E-015  1.4068219344438474E-004 -1.1292643252794896E-015 -3.6131236289370426E-019  1.3176188284263038E-018 -1.4751342567726775E-020 -2.0403363493721290E-019 -3.6647121416168791E-021  1.0108990082550599E-020  5.5756862456630250E-018 -2.8559079862287848E-019  3.9779742510683994E-018  1.0208019415034727E-018  8.5091591806230200E-015 -1.5389120624661523E-014 -9.1358836893590826E-015 -1.0798276754544794E-015  1.0213758221985202E-014  5.3514527917018531E-015  5.1706416044407375E-015 -9.4180424499737923E-015  5.0797912011130923E-004 -4.0729409862133431E-015  1.6689824302166054E-014 -7.9416453881847404E-015  4.2830372258358698E-004 -3.4348066925427098E-015 -1.3043320008477928E-014  3.1820326277214838E-015
-1.7160063638631578E-017 -1.1986230887628721E-017  5.2101978580347317E-007  4.6864837427720592E-017  3.3159116423314730E-017 -1.6671931821080267E-006  1.8195253471814764E-014 -1.9147238006127583E-016 -1.1055770489071714E-016  7.1080171480764891E-006 -2.3921759555372787E-015  2.1808612121345936E-015  8.5570007759838847E-016  2.1688246187242920E-015  1.6090359738931707E-015  2.2144059843737725E-016  2.1172217380911685E-014 -7.2591888507939425E-015  6.6238789652212787E-015  2.5946799822745982E-015  6.5854599169979326E-015  4.8785317842479533E-015  6.7175219470845872E-016 -3.8240471309264185E-015 -2.1082650057160987E-015  1.4068219344298683E-004  1.5396707064476749E-019  1.6125009125651260E-019  1.1297578086857353E-018  3.4970054851769653E-019 -2.1516818658245247E-019  3.9090796637321957E-019  9.8988751807159440E-019  3.2448377888267230E-018  7.8841524672731741E-020  6.5434599808334427E-018 -1.6602765080150553E-014 -1.5428331475657899E-014  1.4078260095431876E-014  5.5178254016661973E-015  1.4000127980216327E-014  1.0371807921841143E-014  1.4280557385975796E-015 -1.3806179642453618E-014 -7.6118310873147383E-015  5.0797912010624861E-004 -3.2733188039402987E-014 -1.1640526460495294E-014 -6.4186937015487670E-015  4.2830372257932395E-004  2.3943863852992531E-014 -5.7532278048667569E-015
-1.6671931821691456E-006  2.6362378470743882E-017  4.6864837427720592E-017  5.3347937684448071E-006 -3.7054541538068283E-017 -8.7475845317843438E-017 -4.7562581202841708E-014 -2.2744698091439348E-005 -3.2055485433314291E-017  7.4291353978357333E-017  3.4448025431783263E-015 -3.8120237632405168E-016  2.4095251244775980E-016 -4.2071965134057981E-015 -1.2007065221542639E-015  7.6399781800603947E-016 -5.3328475303113197E-014  1.0474736605602895E-014 -1.1523478678068626E-015  7.3814867066143740E-016 -1.2767596347961887E-014 -3.6321695709516054E-015  2.2915303615291681E-015 -4.5016408233620434E-004 -1.2426532377962421E-015  3.9785137532572545E-016 -4.1340363700923539E-017  2.2709288611391264E-018  1.0550725201548176E-018 -2.0088192881322652E-017  8.0864175841518691E-019 -1.7921986573700583E-017  7.9207370604725998E-019  4.0844414423892552E-019  9.0453484130976545E-019 -1.9318269395447581E-018  9.3998635036812633E-014  2.2253537929044789E-014 -2.4535821777104384E-015  1.5650068019624674E-015 -2.7147851175361591E-014 -7.7314754305466538E-015  4.8946226450486816E-015 -1.6254648072520415E-003 -4.4313646719098940E-015  1.5249981182366976E-015  1.8417432775595780E-013 -1.3705142599603651E-003 -3.7400367091515988E-015  1.2749404396801399E-015 -1.4829166067761066E-013  3.6410643177533106E-014
 9.6399959455798958E-018 -1.6671931821325708E-006  3.3159116423314730E-017 -3.7054541538068283E-017  5.3347937683548903E-006 -6.5644206378862573E-017  4.2354503247131005E-015  2.1081771260446366E-016 -2.2744698091215352E-005  1.2652639352882035E-016  3.6827728180268088E-015  2.3211928468075131E-015  1.3767271581791508E-016 -2.2358910418952237E-015 -1.0238452182674121E-015 -1.4588609329203542E-015  4.5971649394401437E-015  1.1192912798364068E-014  7.0426445611677109E-015  4.3214393992880347E-016 -6.7728667750121253E-015 -3.1134151466949585E-015 -4.4372451727213218E-015  4.3567851149701689E-015 -4.5016408233243500E-004  2.2107424398066621E-015  1.1561509260596696E-018 -4.2162028913299684E-018  4.7202310622086792E-020  6.5288016746989587E-019  1.1726585559864194E-020 -3.2347407681322774E-020 -1.7841445464386224E-017  9.1385211328722774E-019 -1.2728982143564947E-017 -3.2664288066588395E-018 -1.2589887802229612E-014  2.3805211527198677E-014  1.4971709085596971E-014  9.0607298770362827E-016 -1.4390343341524307E-014 -6.6144635183997357E-015 -9.3997622667698590E-015  1.5724102792394274E-014 -1.6254648072383513E-003  7.9676933453787172E-015 -2.4560435918593971E-014  1.3260385492560778E-014 -1.3705142599488099E-003  6.7202645358255493E-015  2.0309303328277669E-014 -5.0146936045494606E-015
 3.5382432324856456E-017  2.5709991047854105E-017 -1.6671931821080267E-006 -8.7475845317843438E-017 -6.5644206378862573E-017  5.3347937683040666E-006 -2.8615728481723511E-014  3.4628210367118820E-016  1.8126674477791212E-016 -2.2744698091081724E-005  4.0669922519449427E-015 -3.2513131881453886E-015 -1.4579583177037707E-015 -3.7852919804966164E-015 -2.7828547219072517E-015 -2.7558616584019786E-016 -3.3444516710204287E-014  1.2338042647719739E-014 -9.8816803028866724E-015 -4.4166531872203822E-015 -1.1496563102898110E-014 -8.4290756367092455E-015 -8.3515424581800478E-016  6.9637627912388805E-015  3.3319701164826984E-015 -4.5016408233030053E-004 -4.9267390167229627E-019 -5.1597858678051404E-019 -3.6150729154654237E-018 -1.1189946836716536E-018  6.8850923411894880E-019 -1.2508528739800578E-018 -3.1675068130465024E-018 -1.0383044149126569E-017 -2.5228226649598286E-019 -2.0938191148751228E-017  2.2747256812087425E-014  2.6219659148640472E-014 -2.0999501325936633E-014 -9.3961578768640101E-015 -2.4443447866572375E-014 -1.7923032050491438E-014 -1.7757384800625527E-015  2.5139192485514110E-014  1.2028789422857786E-014 -1.6254648072306023E-003  4.4899275730245524E-014  2.1195583265951126E-014  1.0144717097621126E-014 -1.3705142599422884E-003 -3.1941345435042146E-014  7.6231957442177589E-015
 2.9626664979040127E-014 -5.9179612184321100E-015  1.8195253471814764E-014 -4.7562581202841708E-014  4.2354503247131005E-015 -2.8615728481723511E-014  6.1018795419638916E-001  2.7300194783877795E-014  3.6023254346872675E-015  1.4414571508798701E-014  3.6920114261709976E-014  1.1269006048679507E-015  1.1332315314493688E-015  5.5474748018414765E-014 -8.8385036142945845E-016  6.3560453233321626E-014  7.2027279469940519E-001  5.5657162650227808E-014  2.7886557616426697E-015 -7.8364742639978052E-016  8.4458693717831278E-014 -1.1282349124935758E-015  1.0428032383423258E-013 -4.9090371258496106E-015 -4.7409681517507511E-015 -3.0253762432222887E-015 -3.3417507369396143E-016 -7.4492073794679676E-017 -2.9426873605283884E-016 -3.2677475279141357E-016 -6.9322481389575090E-017 -1.0963136017957188E-016  3.9696482464626966E-016 -2.3989802319493969E-016 -1.4754026737643911E-017  8.8717732392344206E-017 -2.8525078134106008E-001 -1.9115318789477784E-014  3.0232494109065870E-015  1.4411013328062648E-015  1.8293321006275242E-014 -2.7683550009863274E-015  3.2640650112273445E-014  3.7638752376434232E-015 -1.6339988887024377E-015 -4.8412898242598239E-016 -5.6927867274100674E-001  2.1039445807297089E-015 -2.2782809988907052E-015 -1.2676026074084131E-015  3.4359894982315475E-001 -7.8371081153403424E-002
 7.1080171482613083E-006 -1.2890729726454494E-016 -1.9147238006127583E-016 -2.2744698091439348E-005  2.1081771260446366E-016  3.4628210367118820E-016  2.7300194783877795E-014  9.6971188339213641E-005 -8.8601340348411370E-017 -2.0303972668684530E-016 -1.9198870855428434E-015  1.5815194195615210E-016 -8.9575028935903011E-017  2.2222072398169069E-015  6.6797981313058868E-016 -3.0915810059938078E-016  3.0408906671128774E-014 -5.9044510921134323E-015  4.5960861215640684E-016 -3.0060929320915726E-016  6.7308976265552521E-015  1.9739443064245198E-015 -8.2077876787692969E-016  1.9192580985809369E-003  8.3947063710103034E-016  5.5409507277566771E-016  1.7625312845881607E-016 -9.6820221316930341E-018 -4.4982630957444761E-018  8.5645275548130198E-017 -3.4476145580815365E-018  7.6409734192216150E-017 -3.3769772723300543E-018 -1.7413866684495404E-018 -3.8564512092443000E-018  8.2362734928966215E-018 -5.7277618801079272E-014 -1.2500055241923124E-014  9.9451178351933070E-016 -6.2182814151710419E-016  1.4344356656970525E-014  4.2420390695563580E-015 -1.8456205251403688E-015  6.9301097481758870E-003  2.7939889984951366E-015  1.6237011735142611E-015 -1.1215327216820705E-013  5.8431374155815084E-003  2.3716244896762137E-015  1.4153717260711343E-015  9.0728022431774848E-014 -2.2296980272887915E-014
 1.8289055988105089E-017  7.1080171481551751E-006 -1.1055770489071714E-016 -3.2055485433314291E-017 -2.2744698091215352E-005  1.8126674477791212E-016  3.6023254346872675E-015 -8.8601340348411370E-017  9.6971188338938063E-005 -1.1903862227510824E-016 -1.7398816471900917E-015 -1.1518398356420062E-015 -4.0567404253674300E-017  9.5884273147280638E-016  2.6232809116651269E-016  8.3211161250318466E-016  4.4995353722616845E-015 -5.3401868168899233E-015 -3.4819988206730995E-015 -1.8383563452193665E-016  2.8499260869926181E-015  8.1979900990197428E-016  2.5635886741096973E-015 -2.5392489218061596E-015  1.9192580985783140E-003 -1.1049104339800401E-015 -4.9292071813446040E-018  1.7975626803604581E-017 -2.0124532480815171E-019 -2.7835307118500983E-018 -4.9995868583486932E-020  1.3791199004256022E-019  7.6066350119251783E-017 -3.8961750572255408E-018  5.4269549758571116E-017  1.3926299735704889E-017  5.8579283135220577E-015 -1.1407638282448043E-014 -7.4084946162669143E-015 -3.3745185104500138E-016  6.0311836414367867E-015  1.7276491605927725E-015  5.3120511083163048E-015 -9.1368156530241535E-015  6.9301097481660745E-003 -3.9261129070045205E-015  1.1071562543377491E-014 -7.7146947684292311E-015  5.8431374155731826E-003 -3.3196102117161411E-015 -1.0567967522751120E-014  2.6816268154041026E-015
-5.7516819370467946E-017 -6.1690256581375088E-017  7.1080171480764891E-006  7.4291353978357333E-017  1.2652639352882035E-016 -2.2744698091081724E-005  1.4414571508798701E-014 -2.0303972668684530E-016 -1.1903862227510824E-016  9.6971188338722470E-005 -2.1752290430609852E-015  1.5675026644046623E-015  7.7271534987780319E-016  2.1896876502345444E-015  1.6766532743478551E-015 -4.0525872803920157E-017  1.7043939933990786E-014 -6.5714081307566876E-015  4.8104139652907955E-015  2.3071783703312668E-015  6.6733985016172495E-015  5.0113279319566682E-015 -1.2895805181533521E-016 -4.4880955505853574E-015 -1.2661312970287046E-015  1.9192580985762221E-003  2.1004971607898283E-018  2.1998558309062780E-018  1.5412731140210359E-017  4.7707929035611323E-018 -2.9354339348946179E-018  5.3329654745447165E-018  1.3504549434493388E-017  4.4267728930939810E-017  1.0755962153778773E-018  8.9269212069823696E-017 -9.4131333285952629E-015 -1.3940877805320698E-014  1.0202597363781999E-014  4.9382663511634463E-015  1.4210805533830265E-014  1.0677546222323961E-014 -2.7194350254950156E-016 -1.6181283743477188E-014 -4.5614553800810640E-015  6.9301097481583454E-003 -1.8435228244248220E-014 -1.3640781212909163E-014 -3.8569408083999989E-015  5.8431374155667164E-003  1.2484217934052290E-014 -2.9435041185154429E-015
-2.1480023739423913E-015 -2.3829659479637568E-015 -2.3921759555372787E-015  3.4448025431783263E-015  3.6827728180268088E-015  4.0669922519449427E-015  3.6920114261709976E-014 -1.9198870855428434E-015 -1.7398816471900917E-015 -2.1752290430609852E-015  2.3912925088325005E-002 -4.3809899284709440E-016  1.8458541986570878E-016 -1.1956462544160534E-002 -1.5536617131718657E-016 -1.1956462544159930E-002  4.9278569562372664E-014  7.2588194659691060E-002 -1.2302984152281784E-015 -3.1181654480702223E-016 -3.6294097329840271E-002  7.6978354246470125E-016 -3.6294097329842678E-002  1.2022131315419936E-015  8.8964055928402500E-016  5.1601004718400369E-016 -1.3032302618444752E-016  8.6519903912488365E-018 -5.4362701442257141E-017 -9.8257773368228410E-017  1.9148859294020072E-017 -1.0659825240844839E-016 -3.5109729537128577E-017  1.7122137327614635E-017 -1.9859419024431092E-017 -1.1397427361886681E-016 -7.4622844178608737E-015  1.5429562240721320E-001 -2.4685115063156272E-015 -4.7401318981085818E-016 -7.7147811203594402E-002  1.1336417915508561E-015 -7.7147811203599634E-002  1.1075972050311730E-015  1.6290579370230954E-015 -1.3399314501697611E-015  2.3768931773287711E-014  1.1494399670339266E-015  1.5079664145652019E-015 -9.1214900868617920E-016 -2.2022272486319885E-014  5.6992752293381093E-015
 1.9877980159937829E-016 -1.4161589194364917E-015  2.1808612121345936E-015 -3.8120237632405168E-016  2.3211928468075131E-015 -3.2513131881453886E-015  1.1269006048679507E-015  1.5815194195615210E-016 -1.1518398356420062E-015  1.5675026644046623E-015 -4.3809899284709440E-016  2.3912925088323492E-002 -1.8932668678791486E-017  1.4335863225687997E-016  5.3635904989331532E-016 -5.5746287577417593E-016  1.9684471320448864E-015 -5.7061560337914534E-016  7.2588194659684080E-002 -6.6414244031609837E-016  2.9024092157434696E-016  1.2078384895985311E-015 -8.9349101034533576E-016 -1.0191829442208332E-016  5.6026897428734110E-016 -1.0634611560729480E-015 -4.5114358876171574E-018 -4.2481362893787152E-017  9.9650420564693581E-017  1.1616987585150330E-017  4.5603959823465868E-018  1.8381899013448967E-017 -1.1663419416216352E-016  1.0822298387309443E-016 -5.9175567253163639E-017  2.5656998637058094E-016  3.0482002861369068E-015 -7.9721385742860088E-016  1.5429562240720029E-001 -1.3298010696077827E-015  1.0356299151581548E-015  2.3415378793897879E-015 -1.9512386498221730E-015  4.2375447562052170E-016 -4.4282714288662054E-016 -7.9019441476761945E-016  1.4392850908099902E-015  2.9693590339506485E-016 -1.6091701624600329E-016 -8.3573962832966337E-016 -2.5104374428484839E-015  6.5397159415559615E-016
-1.7045941260158834E-016 -1.6649311187244491E-016  8.5570007759838847E-016  2.4095251244775980E-016  1.3767271581791508E-016 -1.4579583177037707E-015  1.1332315314493688E-015 -8.9575028935903011E-017 -4.0567404253674300E-017  7.7271534987780319E-016  1.8458541986570878E-016 -1.8932668678791486E-017  2.3912925088322209E-002 -3.2105936832721227E-016 -1.0860656449694656E-016  1.1614515772758133E-016  1.0607507421979031E-015  8.4134088584884009E-016  6.2011197365192287E-016  7.2588194659682401E-002 -1.6458188978321741E-016  2.4868887331386172E-017 -6.7274744802714033E-016  1.6527865005081020E-016  5.1431542800253682E-016  3.0343674720410335E-017 -4.6686305147665831E-017 -4.6507956581590441E-017 -1.0036584895522045E-017  1.5944251795444594E-017 -6.6363666439751074E-017 -2.8133953890266270E-017 -7.3798773678744485E-017 -4.6919602256029867E-017 -8.9179883690175178E-017 -9.7098118066385166E-017 -6.3885829179893281E-016  1.6995953255883111E-015  7.8298539798060569E-016  1.5429562240719602E-001 -5.7527767272081220E-016 -4.4086370838691664E-017 -5.9804591834296559E-016  5.7106848317771633E-016  9.2950018195929026E-016  7.6214755326358138E-016  3.0160615655362249E-016  4.6182364497618578E-016  8.3324846965128725E-016  5.6288122936128887E-016 -2.0276160734143543E-016  7.1687591104172334E-017
 2.7601621263867026E-015  1.5847089804045654E-015  2.1688246187242920E-015 -4.2071965134057981E-015 -2.2358910418952237E-015 -3.7852919804966164E-015  5.5474748018414765E-014  2.2222072398169069E-015  9.5884273147280638E-016  2.1896876502345444E-015 -1.1956462544160534E-002  1.4335863225687997E-016 -3.2105936832721227E-016  2.3912925088319572E-002  4.5428071027141098E-016 -1.1956462544161073E-002  6.8606206999483080E-014 -3.6294097329840645E-002 -2.8167572441201592E-016 -5.9023966270132230E-016  7.2588194659679056E-002  6.6548329347159493E-016 -3.6294097329841651E-002 -7.1982948215281659E-016  1.4476314023647078E-016 -1.0254389495762527E-015  4.8652801949075321E-017  1.6206604763579370E-017  3.7300438816200534E-017  6.9756781575996694E-017 -3.2453650666085002E-017  8.2308396646105161E-017  1.5719279208944655E-016 -6.5176073274195502E-018  9.2647338990292749E-017  7.7445282954850880E-017 -1.9731424992690169E-015 -7.7147811203593861E-002 -6.5718914685279356E-016 -1.6239180139490073E-015  1.5429562240718825E-001  1.4619382093794684E-015 -7.7147811203596123E-002  3.0433942189835426E-016  1.6513870345463911E-015 -5.7636341621517400E-016  8.8380453098256777E-015  2.3869578991559648E-017  1.3268307586922680E-015 -7.0044188514373495E-016 -1.9079306654184809E-014  5.4916355865315019E-015
 7.5220719254115375E-016  8.2897706576760825E-016  1.6090359738931707E-015 -1.2007065221542639E-015 -1.0238452182674121E-015 -2.7828547219072517E-015 -8.8385036142945845E-016  6.6797981313058868E-016  2.6232809116651269E-016  1.6766532743478551E-015 -1.5536617131718657E-016  5.3635904989331532E-016 -1.0860656449694656E-016  4.5428071027141098E-016  2.3912925088320960E-002  2.0231212538577602E-016 -8.2585226352807231E-016 -9.5886840134620379E-016  4.3659296826686290E-016 -2.8627680738121877E-016  8.2399365108896148E-016  7.2588194659681027E-002  6.2330782896188573E-016  2.4540748241829121E-016 -1.5426125996679057E-016 -3.9322967235781491E-016 -1.2597083676573155E-016  3.2037290463196080E-017  5.0733229982705092E-017 -1.1759261412308276E-017 -4.2856911606128622E-018 -7.3526815455282988E-017 -2.1440069262026484E-017  1.2878925270763268E-016 -1.7084643355049723E-017  1.1783693677986120E-016  1.2047062340335883E-015 -2.1389140458794122E-015  1.0523774505912680E-015 -9.1475492545317557E-016  1.7087026238371560E-015  1.5429562240719186E-001  6.4293188828389378E-016  8.8572437010086802E-016 -4.1881127215691814E-016  1.9447459949282671E-015  2.2857565199691064E-015  7.3242046429432999E-016 -3.7972202910140412E-016  1.3831893721808870E-015 -1.8057728789272411E-015  4.3206002561524032E-016
-6.1266097595891338E-016  8.0200061152905768E-016  2.2144059843737725E-016  7.6399781800603947E-016 -1.4588609329203542E-015 -2.7558616584019786E-016  6.3560453233321626E-014 -3.0915810059938078E-016  8.3211161250318466E-016 -4.0525872803920157E-017 -1.1956462544159930E-002 -5.5746287577417593E-016  1.1614515772758133E-016 -1.1956462544161073E-002  2.0231212538577602E-016  2.3912925088318496E-002  6.9741523745354278E-014 -3.6294097329836621E-002 -1.0742275124989877E-015  8.3982300280700658E-016 -3.6294097329844954E-002  8.6410913147085101E-017  7.2588194659676725E-002 -6.1772058896870084E-016 -2.3570599533067745E-017 -6.4955853979375787E-018  8.1670224235426692E-017 -2.4858595154846597E-017  1.7062262626173636E-017  2.8500991792275085E-017  1.3304791371962591E-017  2.4289855762262516E-017 -1.2208306255195216E-016 -1.0604530000263509E-017 -7.2787919965818041E-017  3.6528990664033074E-017  2.7270920189612998E-014 -7.7147811203589989E-002 -2.3714754118784191E-015  1.9660922195849424E-015 -7.7147811203607003E-002  6.3989612220096237E-016  1.5429562240717956E-001 -1.9006149578851320E-015  3.6949889225810003E-016  5.3380584664346837E-017 -1.3246490940331698E-015 -1.5853397653928702E-015  2.4266109659366931E-016  4.1870582451526066E-017 -2.4726435564169966E-014  7.0954146551696167E-015
 3.3397253700610156E-014 -6.7653298627880055E-015  2.1172217380911685E-014 -5.3328475303113197E-014  4.5971649394401437E-015 -3.3444516710204287E-014  7.2027279469940519E-001  3.0408906671128774E-014  4.4995353722616845E-015  1.7043939933990786E-014  4.9278569562372664E-014  1.9684471320448864E-015  1.0607507421979031E-015  6.8606206999483080E-014 -8.2585226352807231E-016  6.9741523745354278E-014  8.5087847281663909E-001  8.1316298722810855E-014  4.9328758183341141E-015 -1.7837116134117726E-015  1.0792130558963981E-013 -8.3920769004642062E-016  1.0512935884060868E-013 -6.7414094134277230E-015 -6.6439600444641433E-015 -9.9276737521905074E-016 -3.6029866103229254E-016 -9.0366574507137064E-017 -3.0834740442724704E-016 -3.5682133624664172E-016 -9.8410355366493995E-017 -1.3387403421195890E-016  5.1132267136986387E-016 -2.8232773530417935E-016 -1.3741316829031717E-017  1.1214031770942100E-016 -3.1976359396594367E-001  8.3391684921273832E-015  7.3147385523088567E-015 -1.9538369000820115E-016  3.6759953824583053E-014 -2.1141281693506679E-015 -1.9834371383319799E-015 -1.7560813154465222E-015 -4.9055375254066113E-015  8.6215795216019288E-015 -6.3896181731495127E-001 -2.4383597387576479E-015 -5.2418079958669623E-015  6.3298330991936461E-015  3.7688827749399889E-001 -8.5352883446407735E-002
-6.5259213462181384E-015 -7.2378495937938529E-015 -7.2591888507939425E-015  1.0474736605602895E-014  1.1192912798364068E-014  1.2338042647719739E-014  5.5657162650227808E-014 -5.9044510921134323E-015 -5.3401868168899233E-015 -6.5714081307566876E-015  7.2588194659691060E-002 -5.7061560337914534E-016  8.4134088584884009E-016 -3.6294097329840645E-002 -9.5886840134620379E-016 -3.6294097329836621E-002  8.1316298722810855E-014  2.2034301468730416E-001 -1.4297374048570674E-015 -9.4976110310058157E-017 -1.1017150734363944E-001  8.5868812060850768E-016 -1.1017150734364010E-001  2.1334144489194109E-015  1.5379593927703128E-015  2.1907207797269560E-015 -3.9559832845124444E-016  2.6263301557387994E-017 -1.6501914090155807E-016 -2.9826356891677716E-016  5.8126771225709084E-017 -3.2358127111710114E-016 -1.0657633362215404E-016  5.1974613425045709E-017 -6.0283690458206040E-017 -3.4597134098340134E-016 -3.9338115898405574E-014  4.6836765611335301E-001 -2.5938452774554031E-015  3.7470027081065472E-016 -2.3418382805664661E-001  2.9837243786803261E-016 -2.3418382805664834E-001 -2.1116236694821545E-015  7.4722392856790450E-016 -1.8129297583576682E-015  4.0896485789576310E-014 -1.1260621794756743E-015  1.0380661838991890E-015 -8.6799419134848708E-016 -2.5707355137869537E-014  6.3638124507323965E-015
 6.0190024233611270E-016 -4.2977225024420044E-015  6.6238789652212787E-015 -1.1523478678068626E-015  7.0426445611677109E-015 -9.8816803028866724E-015  2.7886557616426697E-015  4.5960861215640684E-016 -3.4819988206730995E-015  4.8104139652907955E-015 -1.2302984152281784E-015  7.2588194659684080E-002  6.2011197365192287E-016 -2.8167572441201592E-016  4.3659296826686290E-016 -1.0742275124989877E-015  4.9328758183341141E-015 -1.4297374048570674E-015  2.2034301468727577E-001  6.2189158987422478E-017 -1.2948626545998391E-015  5.8208104135315951E-017 -8.3781722878873611E-016 -7.1441904336301004E-016  1.9864183327347160E-015 -2.1944965402905547E-015 -1.3694559958541507E-017 -1.2895308406450629E-016  3.0249097921530017E-016  3.5263613843757451E-017  1.3843179371376734E-017  5.5798646918949622E-017 -3.5404558658332806E-016  3.2851317816691076E-016 -1.7962869782782173E-016  7.7882367153799195E-016  1.9427717748275797E-015 -1.7776578820074011E-015  4.6836765611329850E-001  3.3728851959667443E-016 -1.4860074976086152E-015 -5.8075289369186124E-016 -1.9398545270112531E-015 -1.7622780252815919E-016 -3.1256211152364200E-016  1.3337248860767798E-015 -9.8584600667459910E-015 -3.3179157479593689E-016  3.8137021970583247E-016  6.1005638465459169E-016  4.9016613571016602E-015 -1.1452371976781892E-015
-5.1953707943384468E-016 -5.0984216784165381E-016  2.5946799822745982E-015  7.3814867066143740E-016  4.3214393992880347E-016 -4.4166531872203822E-015 -7.8364742639978052E-016 -3.0060929320915726E-016 -1.8383563452193665E-016  2.3071783703312668E-015 -3.1181654480702223E-016 -6.6414244031609837E-016  7.2588194659682401E-002 -5.9023966270132230E-016 -2.8627680738121877E-016  8.3982300280700658E-016 -1.7837116134117726E-015 -9.4976110310058157E-017  6.2189158987422478E-017  2.2034301468727743E-001  6.6830221911976083E-016  2.1059271947815349E-016 -5.6226724665140898E-016 -6.6371926105943083E-017  3.5998851332101397E-016 -6.6821384983294969E-016 -1.4171727605403207E-016 -1.4117589517383453E-016 -3.0466267736959566E-017  4.8399116743581492E-017 -2.0144832637857834E-016 -8.5401217709286839E-017 -2.2401775314621922E-016 -1.4242545440746474E-016 -2.7070744098104027E-016 -2.9474341048869540E-016 -4.2849170229975888E-016 -4.7011006198984193E-016 -1.4906289093688225E-015  4.6836765611330000E-001  7.3552275381417922E-016  1.2771901591879183E-016  1.3374717999779753E-015 -3.1774391807833601E-016 -1.5159055458232152E-015 -4.3187895551538568E-016  3.9526421592749681E-015 -3.2762737962521222E-016 -1.1277644725891466E-015 -6.0614716096123906E-016 -2.2087030020720907E-015  5.6428624637604610E-016
 8.3774564909103203E-015  4.8059714385850439E-015  6.5854599169979326E-015 -1.2767596347961887E-014 -6.7728667750121253E-015 -1.1496563102898110E-014  8.4458693717831278E-014  6.7308976265552521E-015  2.8499260869926181E-015  6.6733985016172495E-015 -3.6294097329840271E-002  2.9024092157434696E-016 -1.6458188978321741E-016  7.2588194659679056E-002  8.2399365108896148E-016 -3.6294097329844954E-002  1.0792130558963981E-013 -1.1017150734363944E-001 -1.2948626545998391E-015  6.6830221911976083E-016  2.2034301468728132E-001  3.3610267347049538E-016 -1.1017150734365178E-001 -2.4752070646445901E-015 -7.6118344434226399E-016 -2.5871662877288182E-015  1.4768661908041307E-016  4.9195494779763551E-017  1.1322627841139918E-016  2.1174819981951451E-016 -9.8513749500129277E-017  2.4984889534873762E-016  4.7716207653978871E-016 -1.9784336196836183E-017  2.8123297557657020E-016  2.3508680990875253E-016  1.0277997771822061E-015 -2.3418382805664262E-001 -2.9327668765742929E-015  2.9577035265373445E-016  4.6836765611330633E-001  8.5521867365658611E-016 -2.3418382805666912E-001 -1.2385024245007140E-016  6.7760688037699382E-016  1.4819910056597379E-016  4.2363828881418606E-014 -8.1089630426202920E-016  3.7237802568288450E-016 -5.2610358585248121E-016 -5.0622276845195820E-014  1.3844706536084463E-014
 2.2794031046031901E-015  2.5180998818839782E-015  4.8785317842479533E-015 -3.6321695709516054E-015 -3.1134151466949585E-015 -8.4290756367092455E-015 -1.1282349124935758E-015  1.9739443064245198E-015  8.1979900990197428E-016  5.0113279319566682E-015  7.6978354246470125E-016  1.2078384895985311E-015  2.4868887331386172E-017  6.6548329347159493E-016  7.2588194659681027E-002  8.6410913147085101E-017 -8.3920769004642062E-016  8.5868812060850768E-016  5.8208104135315951E-017  2.1059271947815349E-016  3.3610267347049538E-016  2.2034301468728051E-001  2.8666305440515194E-016 -3.1834199570732444E-016 -3.2198000670463041E-018 -2.7411748735650737E-015 -3.8238716454903894E-016  9.7249879214785567E-017  1.5400180279479689E-016 -3.5695489083815987E-017 -1.3009307019891811E-017 -2.2319221815245189E-016 -6.5081788002136221E-017  3.9094252631525239E-016 -5.1860799670759617E-017  3.5769653747849393E-016 -1.3700548639001914E-015  1.5178830414797017E-015  4.8185332677044943E-016 -5.0811134813533136E-016  5.8113236445223087E-016  4.6836765611330289E-001 -1.4510961876546043E-015 -1.1506912830492854E-015  4.0788143167626047E-016  3.1549827322640843E-016 -2.8895674195943742E-015 -1.0138587191133439E-015  2.6316012686511153E-016 -5.1268172443530966E-016  2.6752123313965756E-015 -7.0396174375159822E-016
-1.8511196957078114E-015  2.4372531154799944E-015  6.7175219470845872E-016  2.2915303615291681E-015 -4.4372451727213218E-015 -8.3515424581800478E-016  1.0428032383423258E-013 -8.2077876787692969E-016  2.5635886741096973E-015 -1.2895805181533521E-016 -3.6294097329842678E-002 -8.9349101034533576E-016 -6.7274744802714033E-016 -3.6294097329841651E-002  6.2330782896188573E-016  7.2588194659676725E-002  1.0512935884060868E-013 -1.1017150734364010E-001 -8.3781722878873611E-016 -5.6226724665140898E-016 -1.1017150734365178E-001  2.8666305440515194E-016  2.2034301468727716E-001  4.5396930528634239E-016  6.7453400440828974E-016 -1.3730004020573172E-016  2.4791170937096040E-016 -7.5458796337184061E-017  5.1792862490361810E-017  8.6515369097357551E-017  4.0386978274250514E-017  7.3732375768245698E-017 -3.7058574291704202E-016 -3.2190277228310183E-017 -2.2094928511829736E-016  1.1088453107468857E-016  7.4974373586384617E-014 -2.3418382805665816E-001 -2.0488168453472647E-015 -6.4575081393280268E-016 -2.3418382805668073E-001  2.0062076999672058E-015  4.6836765611328618E-001  2.6405245772844656E-015  3.8155989483851285E-015 -2.6253239734903885E-016 -1.7261100629032616E-014  2.2784778512434048E-015  3.0080357714653366E-015 -2.3087834530880470E-016 -4.1584103187411942E-014  1.2127515532369642E-014
 1.4068219344627779E-004 -2.6089266990802475E-015 -3.8240471309264185E-015 -4.5016408233620434E-004  4.3567851149701689E-015  6.9637627912388805E-015 -4.9090371258496106E-015  1.9192580985809369E-003 -2.5392489218061596E-015 -4.4880955505853574E-015  1.2022131315419936E-015 -1.0191829442208332E-016  1.6527865005081020E-016 -7.1982948215281659E-016  2.4540748241829121E-016 -6.1772058896870084E-016 -6.7414094134277230E-015  2.1334144489194109E-015 -7.1441904336301004E-016 -6.6371926105943083E-017 -2.4752070646445901E-015 -3.1834199570732444E-016  4.5396930528634239E-016  3.7986042164226456E-002  1.0655538951187839E-015  1.6731407925796837E-015  3.4884098048967699E-015 -1.9162701525233828E-016 -8.9029824463430318E-017  1.6950951258440233E-015 -6.8235341597642374E-017  1.5123048780819266E-015 -6.6837285275646169E-017 -3.4465602860203558E-017 -7.6327054890464691E-017  1.6301269350252353E-016  1.9877561928877692E-014  5.5367493197627185E-015 -1.1711594502699849E-015  1.9846820499891374E-016 -4.5298446896315714E-015  2.3701119446370121E-016 -1.0330125158274415E-015  1.3716104222332898E-001 -8.4741241801464571E-016 -1.4198711650870140E-015  3.9645147387556738E-014  1.1564763718009560E-001 -4.0028744208162235E-016 -2.7929047963225169E-016 -3.2928784539890423E-014  8.1856103273001780E-015
 5.5205075875745427E-016  1.4068219344438474E-004 -2.1082650057160987E-015 -1.2426532377962421E-015 -4.5016408233243500E-004  3.3319701164826984E-015 -4.7409681517507511E-015  8.3947063710103034E-016  1.9192580985783140E-003 -1.2661312970287046E-015  8.8964055928402500E-016  5.6026897428734110E-016  5.1431542800253682E-016  1.4476314023647078E-016 -1.5426125996679057E-016 -2.3570599533067745E-017 -6.6439600444641433E-015  1.5379593927703128E-015  1.9864183327347160E-015  3.5998851332101397E-016 -7.6118344434226399E-016 -3.2198000670463041E-018  6.7453400440828974E-016  1.0655538951187839E-015  3.7986042164230564E-002 -2.9490299091603024E-016 -9.7559089086157118E-017  3.5577441001579226E-016 -3.9830564735783139E-018 -5.5091764395975265E-017 -9.8952046800438353E-019  2.7295602798223321E-018  1.5055086051471316E-015 -7.7113271066316931E-017  1.0741053571114368E-015  2.7562994750229363E-016 -1.0575156882774250E-015  2.1532847210009510E-015  4.0827666429531123E-015  1.8204078879128171E-015 -2.1465187350799241E-015 -3.0253650968057323E-016 -1.2814435867823674E-015  4.4799233767101177E-015  1.3716104222333711E-001  1.8735013540550606E-016 -7.1161758788837188E-015  3.5600862535734110E-015  1.1564763718010142E-001 -2.7755575615615996E-017  6.3147139101630975E-015 -1.5728760447679764E-015
-8.0319814520118749E-016 -1.1292643252794896E-015  1.4068219344298683E-004  3.9785137532572545E-016  2.2107424398066621E-015 -4.5016408233030053E-004 -3.0253762432222887E-015  5.5409507277566771E-016 -1.1049104339800401E-015  1.9192580985762221E-003  5.1601004718400369E-016 -1.0634611560729480E-015  3.0343674720410335E-017 -1.0254389495762527E-015 -3.9322967235781491E-016 -6.4955853979375787E-018 -9.9276737521905074E-016  2.1907207797269560E-015 -2.1944965402905547E-015 -6.6821384983294969E-016 -2.5871662877288182E-015 -2.7411748735650737E-015 -1.3730004020573172E-016  1.6731407925796837E-015 -2.9490299091603024E-016  3.7986042164232216E-002  4.1573133801611945E-017  4.3539645037690181E-017  3.0504946436949522E-016  9.4423746620461054E-017 -5.8098239785512880E-017  1.0555029129926029E-016  2.6728264666937255E-016  8.7614887176059225E-016  2.1288248422872572E-017  1.7668202396370853E-015  2.6905463886605569E-017  5.2009915755108330E-015 -5.1112238159900492E-015 -7.4626835437621543E-016 -4.9920580663884595E-015 -5.3256131702633632E-015 -2.4882979908889339E-016  6.5277644401007267E-015 -8.6042284408447413E-016  1.3716104222333958E-001  4.5447649094625065E-015  5.5537172083397582E-015 -9.4368957093136058E-016  1.1564763718010451E-001 -2.5493010707843980E-015  5.4014504712328107E-016
 1.2919407103986440E-017 -3.6131236289370426E-019  1.5396707064476749E-019 -4.1340363700923539E-017  1.1561509260596696E-018 -4.9267390167229627E-019 -3.3417507369396143E-016  1.7625312845881607E-016 -4.9292071813446040E-018  2.1004971607898283E-018 -1.3032302618444752E-016 -4.5114358876171574E-018 -4.6686305147665831E-017  4.8652801949075321E-017 -1.2597083676573155E-016  8.1670224235426692E-017 -3.6029866103229254E-016 -3.9559832845124444E-016 -1.3694559958541507E-017 -1.4171727605403207E-016  1.4768661908041307E-016 -3.8238716454903894E-016  2.4791170937096040E-016  3.4884098048967699E-015 -9.7559089086157118E-017  4.1573133801611945E-017  3.2408254989956122E-028 -1.8685175029925267E-029 -5.6316655336994170E-030  1.5813204455890347E-028 -7.0793979453189244E-030  1.3981159627003448E-028 -7.3759840772641145E-030 -2.5352407252610259E-030 -9.2391532826344682E-030  1.6653792050426321E-029  1.0332584802536368E-015 -8.4089555605837181E-016 -2.9109563370448430E-017 -3.0123845092338030E-016  3.1392706374726393E-016 -8.1281351370183950E-016  5.2696849231126566E-016  1.2596045738935145E-014 -3.5226903291419756E-016  1.5011341102711484E-016  2.0204089071196135E-015  1.0620383921758363E-014 -2.9701641696414019E-016  1.2656845568493293E-016 -1.6732097668919118E-015  4.1326211988024938E-016
-7.0969512202371595E-019  1.3176188284263038E-018  1.6125009125651260E-019  2.2709288611391264E-018 -4.2162028913299684E-018 -5.1597858678051404E-019 -7.4492073794679676E-017 -9.6820221316930341E-018  1.7975626803604581E-017  2.1998558309062780E-018  8.6519903912488365E-018 -4.2481362893787152E-017 -4.6507956581590441E-017  1.6206604763579370E-017  3.2037290463196080E-017 -2.4858595154846597E-017 -9.0366574507137064E-017  2.6263301557387994E-017 -1.2895308406450629E-016 -1.4117589517383453E-016  4.9195494779763551E-017  9.7249879214785567E-017 -7.5458796337184061E-017 -1.9162701525233828E-016  3.5577441001579226E-016  4.3539645037690181E-017 -1.8685175029925267E-029  4.6023124872989271E-030  5.5588842313545642E-031 -9.1050121206440183E-030  4.3394516792521471E-031 -7.5344857793966258E-030  1.5007079886830928E-029  5.6209749443738843E-031  1.0800879394775598E-029  3.6192333990673866E-030 -2.7691073979439671E-017  5.5826053799305959E-017 -2.7410650533938795E-016 -3.0008767564566656E-016  1.0457140478920252E-016  2.0671723153907962E-016 -1.6039745858852650E-016 -6.9193207906531619E-016  1.2846399912679171E-015  1.5721414370009889E-016 -5.2292628469812621E-017 -5.8340406821001163E-016  1.0831470599012618E-015  1.3255545419816863E-016  6.3905433311355775E-017 -1.6830084565032473E-017
-3.2972403225121282E-019 -1.4751342567726775E-020  1.1297578086857353E-018  1.0550725201548176E-018  4.7202310622086792E-020 -3.6150729154654237E-018 -2.9426873605283884E-016 -4.4982630957444761E-018 -2.0124532480815171E-019  1.5412731140210359E-017 -5.4362701442257141E-017  9.9650420564693581E-017 -1.0036584895522045E-017  3.7300438816200534E-017  5.0733229982705092E-017  1.7062262626173636E-017 -3.0834740442724704E-016 -1.6501914090155807E-016  3.0249097921530017E-016 -3.0466267736959566E-017  1.1322627841139918E-016  1.5400180279479689E-016  5.1792862490361810E-017 -8.9029824463430318E-017 -3.9830564735783139E-018  3.0504946436949522E-016 -5.6316655336994170E-030  5.5588842313545642E-031  5.7619569322761326E-030 -1.0915525810777788E-030 -1.2714327774222619E-030 -2.7168705457658714E-030  4.1370475733212041E-030  7.9969330641664853E-030  3.0783888250784532E-031  1.5803611616336972E-029  1.1389852938645062E-015 -3.5076958689886423E-016  6.4298380927376336E-016 -6.4760003536905278E-017  2.4067714016362727E-016  3.2735080580881119E-016  1.1009244673550379E-016 -3.2147133043174365E-016 -1.4382129488158813E-017  1.1014809671851058E-015  2.2254984132244842E-015 -2.7104926576044295E-016 -1.2126324399140409E-017  9.2871612222364678E-016 -1.8613471166312652E-015  4.6065875631471657E-016
 6.2778243484783061E-018 -2.0403363493721290E-019  3.4970054851769653E-019 -2.0088192881322652E-017  6.5288016746989587E-019 -1.1189946836716536E-018 -3.2677475279141357E-016  8.5645275548130198E-017 -2.7835307118500983E-018  4.7707929035611323E-018 -9.8257773368228410E-017  1.1616987585150330E-017  1.5944251795444594E-017  6.9756781575996694E-017 -1.1759261412308276E-017  2.8500991792275085E-017 -3.5682133624664172E-016 -2.9826356891677716E-016  3.5263613843757451E-017  4.8399116743581492E-017  2.1174819981951451E-016 -3.5695489083815987E-017  8.6515369097357551E-017  1.6950951258440233E-015 -5.5091764395975265E-017  9.4423746620461054E-017  1.5813204455890347E-028 -9.1050121206440183E-030 -1.0915525810777788E-030  7.7846895097144688E-029 -4.0216599550834498E-030  6.8104726853016531E-029 -2.6334557102221766E-030  8.0739309328776943E-031 -4.6452005088678517E-030  1.2037429928301755E-029  8.9482165798365763E-016 -6.3399790039088722E-016  7.4957384900682971E-017  1.0287859998339325E-016  4.5009826236804228E-016 -7.5875391737386387E-017  1.8389963802300145E-016  6.1206959420322502E-015 -1.9892685291643058E-016  3.4094785240030552E-016  1.7505431107779386E-015  5.1606783684342511E-015 -1.6772561755544121E-016  2.8747093848651823E-016 -1.4404938754110204E-015  3.5531560982054408E-016
