   1.2824264879227230E-004   9.3472468233361198E-010  -1.0462650662042095E-010   6.3754312829900857E-010   3.1724733147103909E-010   1.3940261674199909E-009  -7.3249397716046625E-010  -7.4726856918746370E-011  -6.4519328143784321E-011  -2.4252050728513135E-010   3.9514383529688987E-003   6.0290724824577058E-009   2.6922692927343338E-009  -1.8095413277659187E-008  -1.3606649591247467E-009   2.1406770456087860E-009  -7.9330184336209139E-011   7.8705037313214739E-010  -2.2568803483885065E-010   5.7361463874355260E-010   8.3247422736820662E-003   8.1737653893812663E-009   6.4927757975499377E-009  -3.0316614075503043E-008  -1.6366994866334926E-010   4.1867628887448069E-010  -2.8682651927447232E-010   5.9296715894136012E-011  -4.7277949562335807E-011   1.6028940038982958E-010  -1.6212471063326760E-010   2.2447456123523338E-010  -2.0116316172291038E-010   4.6474399680761432E-011   5.1699483970588638E-003   5.2074740871577353E-009   3.9361784613199819E-009  -7.5859147103788057E-010   8.0771198621385585E-010   1.3570593598624085E-010   4.0372693739317062E-010  -8.6194211515533179E-011   3.5486446109575403E-010  -6.7469655659298331E-003  -7.0298306729841651E-009  -5.3182067744710686E-009   1.9658130803601792E-009  -2.0640867546753248E-009  -3.0261547015245468E-010  -1.0728572291796046E-009   1.0513815832806600E-011  -8.9295598590048473E-010   1.6563986452941959E-008  -1.0222068356129577E-010   1.8832319835231109E-010  -1.6023445395857826E-010   1.8573398519025740E-011  -2.9235330339162740E-011   1.1857015120415076E-010  -7.8773964898881381E-011   1.0284497013902417E-010  -8.2636831824808386E-011   4.2775592854954340E-011   1.9480939373945996E-008  -1.8964650734001042E-008  -8.6322034231170637E-004  -9.0354627409854146E-010  -6.8727452595919310E-010   8.9838923730686917E-009
   9.3472468233361198E-010   1.2823941851401125E-004   1.1393804762579068E-009   5.8826516409007091E-009   1.1262089081479770E-009   2.3586624319731046E-010  -5.4202168324258453E-011  -1.2041023218345714E-009   1.6184226697070558E-009   7.7893894463141075E-011   2.4831353808478836E-008   3.9513868372363977E-003   4.6223830544584659E-009   1.5793329891995442E-008   1.1701673140584691E-009  -8.0445440972812956E-010  -2.6106674215762108E-010  -1.3494419315028707E-009   3.0989561633619073E-009   1.7927499852866769E-010   5.1046109625467787E-008   8.3246388506359494E-003   6.4151584469332543E-009   2.5348866722321118E-008   2.7197139703543322E-011   1.4189126794772221E-010  -1.0920920877825199E-010   2.8768593500732220E-011   1.0488287517029223E-010  -6.5257373405225744E-011  -1.1290303680270150E-010  -1.8631067657430062E-010   9.5831616107963713E-012   2.2026751397034535E-010   3.1539175286329385E-008   5.1698842656076631E-003   4.0779466287061638E-009   4.2319180413752834E-010  -5.3198195238078137E-010  -7.7646477487773557E-011  -4.7853144691621748E-010   1.3186393073593704E-009   5.5339936871761785E-011  -4.0795009753053744E-008  -6.7468820919624429E-003  -5.7361439325257198E-009   1.5507017764097713E-009   1.6725927937095623E-009   1.8399040363268564E-011  -2.8467653174588841E-009   3.0638421191070602E-011   1.2960635337865799E-009  -1.5303341483986233E-008   3.2283892973390397E-011   7.1685309072921490E-011  -4.5954674809615313E-011   1.7202324143648554E-011   3.8162906191342293E-011  -6.0515699565442256E-011  -4.6797493107496828E-011  -1.0375027884731082E-010  -8.9003413632332431E-012   1.1158347474984745E-010  -1.8058076082839461E-008   1.7995128441233105E-008  -5.2005710797824414E-009  -8.6320968062594209E-004  -7.4598340392071739E-010  -8.5465731088472425E-009
  -1.0462650662042095E-010   1.1393804762579068E-009   1.2824291766035193E-004  -3.5003081029775608E-009  -3.4076679652072052E-010  -3.5245793585028202E-011   8.8472379267312516E-011   1.6734117713319667E-009   1.7876156671706064E-010  -1.3326451276817399E-009  -5.9378789774687196E-009   3.1427762394793572E-008   3.9514432678161883E-003   3.4571707095713712E-009  -9.5600877849629156E-010  -2.5091366708139762E-010  -1.0872953048196840E-009   1.8323930671506161E-009   9.7857490787501480E-010  -8.7638439799564334E-010  -1.3222873108397544E-008   6.6754340444872536E-008   8.3247504528026917E-003   6.6132059215907363E-009  -7.4203456722906604E-011  -5.6457385149582948E-011   3.4894032002040535E-011   1.9894441198473043E-010  -5.5184537450359162E-011  -9.9390098353133327E-011  -2.6649709104516646E-010  -5.9896949131107047E-010   4.1400068998487716E-010   4.2043590152495847E-010  -8.1758558892353563E-009   4.1214818908001079E-008   5.1699535977793665E-003  -4.4943276902081694E-010  -9.3426932237295649E-011  -6.2241509725545019E-010   5.8056564612122722E-010   3.7821602432646202E-010  -1.3113290695781404E-010   1.0210303988748535E-008  -5.3333126036162939E-008  -6.7469718095920228E-003   5.0723419765703150E-011  -3.1743452579502705E-011   1.6721186579087692E-009   3.4688588713352235E-010  -2.3698396802034062E-009  -3.9760906951477883E-010  -2.7769317083912638E-009  -2.1282704970210109E-011  -3.4807248461384797E-011  -2.4189717405826093E-011   9.9029226985660778E-011  -1.9495521574315002E-011  -7.0475522342496975E-011  -1.1011822782306708E-010  -2.6846061777561713E-010   1.8254632052273250E-010   2.1812849227520664E-010  -3.1779686019282026E-009   2.8507238107518274E-009   1.2889187089965879E-009  -6.8027834036884556E-009  -8.6322111863509899E-004  -1.3371275691581529E-009
   6.3754312829900857E-010   5.8826516409007091E-009  -3.5003081029775608E-009   1.1545382647621493E-004   2.7318089617537659E-011   1.1437161481554067E-010  -8.6364221982041518E-012  -1.7002637501564471E-010   6.9567026329867364E-011   1.4271409442634844E-010   2.8930034800447425E-008   1.7404205186022209E-007  -1.1021464213594464E-007   7.3442262312377613E-003  -1.9363238121171986E-010   8.8941321436397419E-011  -1.2724426143739094E-010   6.6643665075132109E-011  -1.7957235092134376E-010   1.2700390933601025E-010   5.8972809006255858E-008   3.6407569723530938E-007  -2.2937257443042669E-007   1.2134253164117228E-002  -3.2080392470736377E-011   1.4065605575272393E-010  -6.1099165187718304E-011   3.3641287332041846E-011  -4.7952778313570561E-011   9.3989882878302171E-012  -1.6608541859629144E-010   2.4399495722369956E-010   8.2171023606106320E-011  -1.3632249090570777E-010   3.5365104702249770E-008   2.2611272476541326E-007  -1.4141177692685953E-007   3.4852544494861783E-010   7.1998575560400023E-011   2.0647032974402933E-010  -3.3969362851703740E-010   3.3903420302951804E-010  -8.8312958298071773E-012  -4.6123663363386602E-008  -2.8896365120148052E-007   1.8143280322909330E-007   3.3195497851406529E-009   1.7003811625548119E-009   1.4517863125995602E-009  -4.4352096436823364E-009   3.6501326291454683E-009   1.1156469186735364E-009  -5.3615367629427342E-003  -2.6268412800407869E-011  -7.3053841374075846E-011   1.8496977824497779E-011   9.8593741863794221E-012  -1.5828702921475101E-011   2.5383379407572932E-011   2.8282882685303261E-011  -4.8952030863656174E-011   3.5108430957078271E-011   2.2699857214111625E-011  -5.9162698523850862E-003   4.9552040695807226E-003  -5.8735350784823705E-009  -3.6734831923485751E-008   2.3071165223592824E-008  -2.2937083175925718E-003
   3.1724733147103909E-010   1.1262089081479770E-009  -3.4076679652072052E-010   2.7318089617537659E-011   5.7179505554777116E-007   1.0792829742363575E-013  -5.4481895108186186E-013  -2.8589791897033972E-007   7.2060192327271236E-013  -2.8589713661722055E-007   9.7957366037331994E-009   3.4739563750517264E-008  -1.0508760219221852E-008   1.8939128563747437E-009  -8.3792554511567052E-006  -8.9184053507594943E-012   9.3224913673355425E-012   4.1896297151272404E-006  -4.9128992485271530E-012   4.1896257360352347E-006   2.0630471071596848E-008   7.3166000586401315E-008  -2.2132282876160554E-008   3.0940310394338672E-009   1.1691615353873240E-011  -8.4948774037312655E-012  -4.3161164723037030E-012  -7.7928344624850612E-012  -3.8076887343636474E-014  -7.8931128857959649E-012   5.6471686696535740E-012  -9.7730392796298451E-013   9.1840531888151005E-013   3.9454846704687807E-012   1.2859478002431998E-008   4.5479139845480688E-008  -1.3744203539790191E-008  -1.3084115970559259E-004  -9.2241672526072787E-011   1.0611797909077728E-010   6.5420630700322609E-005  -7.7355169038282605E-011   6.5420529005089876E-005  -1.5718937083493616E-008  -5.8910631375670529E-008   1.8152322246471460E-008  -9.9354395399630291E-004  -5.9196164120055046E-010   7.2922078036589089E-010   4.9677239679095809E-004  -6.3078736138568828E-010   4.9677155720514305E-004  -1.5837772680972271E-009   3.2953580755446804E-011  -2.7604511651910802E-011  -1.0089953270118173E-011  -2.2075923171567006E-011   4.2376147754754376E-014  -2.2135944783615858E-011   1.7378608066515309E-011  -2.1366218694185541E-012   4.2886631280897080E-012   9.1131511587033582E-012  -1.8183749047002155E-009   1.6934991122223175E-009  -1.9715819839461227E-009  -7.5209076431791525E-009   2.3305311792978239E-009  -7.9685095119418006E-010
   1.3940261674199909E-009   2.3586624319731046E-010  -3.5245793585028202E-011   1.1437161481554067E-010   1.0792829742363575E-013   5.7179642030248680E-007  -8.0757862784834605E-013  -3.0749115928110717E-013  -2.4810123807631727E-013   1.9956731201501714E-013   4.2930432801726121E-008   7.2878938535114608E-009  -1.0885771849563314E-009   7.5621422593737794E-009   1.1258822537958887E-012  -8.3792708202019123E-006   4.2377375754339248E-012  -1.3998755385691567E-012   1.4043869252372470E-012   2.7399697497052777E-013   9.0458440143141722E-008   1.5345667226729329E-008  -2.2919671658696241E-009   1.2415489065926298E-008   6.1932162556855286E-012   1.2440073281682256E-011  -2.6199370071479617E-013  -1.0890185418440944E-011  -2.2410297741470832E-012   2.5811140425343848E-012  -6.8069516669765314E-012  -2.9200766081751049E-013  -3.3075880009414027E-012   4.1292773657002245E-013   5.6190395040543853E-008   9.5678936499943868E-009  -1.4232562230828556E-009   4.4676459182057366E-011  -1.3084133636706338E-004   4.2923510363651741E-011  -3.0590816102571159E-011   3.7797040001151046E-011  -1.4085640039231747E-011  -7.2987279787794252E-008  -1.1708620646130068E-008   1.9122827252794150E-009   4.3044677777200900E-010  -9.9354512211621577E-004   2.8327812423330976E-010  -2.8321466002222528E-010   3.8159288906533768E-010  -1.4723211332096253E-010  -6.9481315035920626E-009   1.9503169671786425E-011   3.4570674516637305E-011  -5.4544602903381057E-013  -3.4456900590755996E-011  -5.3384010550043835E-012   8.2906526381812918E-012  -1.9161895874919393E-011  -5.8727620220085349E-013  -8.8622937793967840E-012   8.4428171306790149E-013  -8.2892460848363216E-009   8.1237017536410180E-009  -9.3256647174410462E-009  -1.4690903663090588E-009   2.4670725588240391E-010  -3.8519958278437769E-009
  -7.3249397716046625E-010  -5.4202168324258453E-011   8.8472379267312516E-011  -8.6364221982041518E-012  -5.4481895108186186E-013  -8.0757862784834605E-013   5.7179543939299539E-007   8.1367161497173000E-013  -5.3815067733764106E-013  -2.6885212439845539E-013  -2.2572288374634263E-008  -1.6717021030191885E-009   2.7445615187197246E-009  -5.2683457950832246E-010   4.6011907688834410E-012   1.1260847422859462E-011  -8.3792625086557148E-006  -9.1629018494843340E-012   2.9879949624813385E-012   4.5617134065603399E-012  -4.7557360107192882E-008  -3.5203208287514535E-009   5.7759106988228727E-009  -8.7092571098197136E-010   2.4076418397123389E-012  -3.7217522729127162E-013   1.2236722783136003E-011   2.6651197164811295E-012  -6.3182524624996812E-012  -5.8953106611795821E-012   4.1993648653430871E-013  -2.9567878010330568E-012  -1.9122581384235166E-013  -6.9168573100924611E-012  -2.9567548229598017E-008  -2.1866880974145761E-009   3.6206579131580943E-009   3.6888957930822654E-011   1.4906580085107002E-010  -1.3084121690415439E-004  -9.8524831940336791E-011   2.1841071845478258E-011   6.1635881010717301E-011   3.7760613939989455E-008   2.8858251223603875E-009  -3.9324392443693347E-009   2.0017760399802354E-010   1.0995760920114687E-009  -9.9354428532758454E-004  -6.7427811705923351E-010   8.1285128050989962E-011   4.7410050757944903E-010   6.0795563388741492E-010   5.7300588485537919E-012  -5.9282084058884010E-013   3.4202998486033628E-011   6.1384507950430160E-012  -2.1303587342515019E-011  -1.3826131466945247E-011   8.9939582388972005E-013  -8.3436881666830117E-012  -6.1384476081578178E-013  -1.9274392451973710E-011   7.8083621964063229E-010  -8.3707826359549239E-010   4.8005391308192935E-009   3.7041818233996073E-010  -4.7358970370592158E-010   4.0188371298029204E-010
  -7.4726856918746370E-011  -1.2041023218345714E-009   1.6734117713319667E-009  -1.7002637501564471E-010  -2.8589791897033972E-007  -3.0749115928110717E-013   8.1367161497173000E-013   5.7179728601113962E-007  -7.7518164740123285E-013  -2.8589936703182416E-007  -2.3135630040130929E-009  -3.7166205093697381E-008   5.1580682663827849E-008  -1.1304812696217249E-008   4.1896297864055568E-006   8.5816514138273041E-012  -9.1979811772071455E-012  -8.3792775036273098E-006   3.3183988279599541E-012   4.1896477172551414E-006  -4.8716712550429984E-009  -7.8262181930490056E-008   1.0866015516136056E-007  -1.8545760401475464E-008  -6.0692990566465875E-012   7.4815041442074597E-012   6.7462230547737951E-013   1.1024155515960504E-011  -6.4701915373173410E-014  -2.8813369036773305E-012  -1.1415784438371938E-011  -2.6716224694043070E-012   7.8343782757614943E-012   1.4884751895612571E-012  -3.0470461881931802E-009  -4.8655914466148120E-008   6.7529287626854665E-008   6.5420613022442671E-005   1.1265933368465593E-010  -1.0373657795776572E-010  -1.3084142932552419E-004   1.3377349248088755E-011   6.5420816303108517E-005   3.4596879436188569E-009   6.3032445060339693E-008  -8.7261342824613811E-008   4.9677222287083619E-004   8.0283495281870079E-010  -7.2436498398402342E-010  -9.9354586119535090E-004  -8.4306420317116240E-012   4.9677363832433593E-004   1.0324817786531406E-008  -1.6726352698726250E-011   2.3630691223813042E-011   1.5903365683689092E-012   3.0505362738081226E-011  -2.2028043334725658E-014  -8.0646058328638505E-012  -3.5305982823961277E-011  -6.3659951265678253E-012   2.3737254988142711E-011   3.5595653594510443E-012   1.2291801851976767E-008  -1.2013305857267312E-008   4.2340421640528149E-010   8.0473279843557394E-009  -1.1132395577533237E-008   5.6940406240430038E-009
  -6.4519328143784321E-011   1.6184226697070558E-009   1.7876156671706064E-010   6.9567026329867364E-011   7.2060192327271236E-013  -2.4810123807631727E-013  -5.3815067733764106E-013  -7.7518164740123285E-013   5.7179654164017831E-007   5.4583947498329999E-014  -1.9899173216838777E-009   4.9897016761264633E-008   5.4712327662273459E-009   4.6817331058465873E-009  -4.9960448772965589E-012  -1.2196889312098904E-012   8.8507620611661734E-012   1.5691994569395484E-011  -8.3792661921819771E-006  -1.0695954075298647E-011  -4.1908069075232223E-009   1.0510063332519808E-007   1.1547507926780153E-008   7.6705498466302590E-009   4.5362345779867205E-013  -9.7029941031418647E-014   2.8545824114976945E-012  -2.5844644723841738E-013   9.3614067367144162E-012  -3.5015321044448255E-013   3.0997786378376969E-012  -1.1133978859908263E-011  -4.0617599872489752E-012   6.1710993896446603E-012  -2.6028230320794551E-009   6.5292433977519321E-008   7.1506656488337638E-009  -7.4791902178904491E-011  -2.7104063931485727E-012   1.1860559598179849E-010   1.8841299270952657E-010  -1.3084131779260864E-004  -1.1362107355684294E-010   3.4237060534067673E-009  -8.5259532045554286E-008  -9.4730912279512162E-009  -6.0371423930746427E-010   6.7934660445428779E-011   8.4197244968974564E-010   1.3143628757753653E-009  -9.9354524390943256E-004  -7.1064863461775750E-010  -4.1818262765548972E-009   9.4982607432604728E-013  -2.7941285135985993E-013   9.0230497901751343E-012  -5.7987178641468941E-013   2.5794111702860925E-011  -6.9445363235737099E-013   7.3464227139863758E-012  -3.5058209714406336E-011  -9.5768475893048198E-012   1.9405462782933078E-011  -4.9351574499838317E-009   4.7698395519402861E-009   4.3903823446990473E-010  -1.0910411362388394E-008  -1.2172983325075297E-009  -2.2570678358912051E-009
  -2.4252050728513135E-010   7.7893894463141075E-011  -1.3326451276817399E-009   1.4271409442634844E-010  -2.8589713661722055E-007   1.9956731201501714E-013  -2.6885212439845539E-013  -2.8589936703182416E-007   5.4583947498329999E-014   5.7179650367985796E-007  -7.4821746124553348E-009   2.4266561951951150E-009  -4.1071927137084837E-008   9.4112808682875655E-009   4.1896256653343120E-006   3.3668882002722061E-013  -1.2451811093856725E-013   4.1896477883683067E-006   1.5944386696963524E-012  -8.3792734537417778E-006  -1.5758801948632794E-008   5.0962126202157388E-009  -8.6527882177306126E-008   1.5452354931731628E-008  -5.6223162994060109E-012   1.0133732679627709E-012   3.6414941636341382E-012  -3.2313210516028888E-012   1.0277880076186362E-013   1.0774449790524653E-011   5.7686157598080006E-012   3.6489264100545272E-012  -8.7527835911274586E-012  -5.4339598671072315E-012  -9.8124331986692628E-009   3.1767945441688622E-009  -5.3785089995690234E-008   6.5420546692256047E-005  -2.0418677973635174E-011  -2.3815247052833565E-012   6.5420798623144159E-005   6.3976855559652303E-011  -1.3084134531524713E-004   1.2259248309310300E-008  -4.1218178073002174E-009   6.9109038557234778E-008   4.9677173119461431E-004  -2.1088103273999299E-010  -4.8567347366765255E-012   4.9677346438876968E-004   6.3921068155341793E-010  -9.9354519558300333E-004  -8.7413907027620131E-009  -1.6227228060112001E-011   3.9738204266033115E-012   8.4996167034587651E-012  -8.4294395652504897E-012  -2.0348104983061213E-014   3.0200550619766086E-011   1.7927374758112659E-011   8.5026169937082153E-012  -2.8025918115632423E-011  -1.2672716517730546E-011  -1.0473845283038698E-008   1.0320216770402447E-008   1.5481775631551754E-009  -5.2642005463346631E-010   8.8018670805505873E-009  -4.8973841031402075E-009
   3.9514383529688987E-003   2.4831353808478836E-008  -5.9378789774687196E-009   2.8930034800447425E-008   9.7957366037331994E-009   4.2930432801726121E-008  -2.2572288374634263E-008  -2.3135630040130929E-009  -1.9899173216838777E-009  -7.4821746124553348E-009  0.12176005549940734        6.3430668099728700E-008  -6.3512533962269302E-010   4.9909122749279674E-008  -4.2205347513056678E-008   6.6306567667400861E-008  -2.4285693092937466E-009   2.4402205185064551E-008  -6.9264893342227953E-009   1.7803143948291818E-008  0.25651688725039029       -5.8996208568528214E-009   2.3942051398751407E-008   6.3718940167890477E-008  -5.0449970466414487E-009   1.2904394802674268E-008  -8.8396878715051233E-009   1.8310911189771115E-009  -1.4583036684034103E-009   4.9374776425442463E-009  -4.9963864028568896E-009   6.9197160925785717E-009  -6.2010389322867846E-009   1.4310622892173096E-009  0.15940385179113145        4.1524895162012429E-010   1.2070410441462400E-008  -2.7658190951237094E-008   3.0158474051183187E-008   4.4309158646774479E-009   1.4750172699440055E-008  -2.2126183208385826E-009   1.2908016014917200E-008 -0.20373354407987301       -6.5937624463485358E-009  -1.4620670422159623E-008   2.7833818418347910E-008  -2.3300882815983347E-008  -7.4090398616615383E-009  -1.5403660524007312E-008   3.6857724215327655E-009  -1.2430162036688875E-008  -3.8719790290316431E-008  -3.1363993961350973E-009   5.7950454954068377E-009  -4.9233948726818646E-009   5.6385761582863932E-010  -8.9400663860170114E-010   3.6440670317479898E-009  -2.4242779053989934E-009   3.1615502870369166E-009  -2.5425353090134984E-009   1.3132013332215479E-009  -5.2382457495887752E-008   4.9741790572390378E-008  -2.5906312495359424E-002  -9.2791295631165842E-010  -1.8316192719724911E-009  -2.3493132871085291E-008
   6.0290724824577058E-009   3.9513868372363977E-003   3.1427762394793572E-008   1.7404205186022209E-007   3.4739563750517264E-008   7.2878938535114608E-009  -1.6717021030191885E-009  -3.7166205093697381E-008   4.9897016761264633E-008   2.4266561951951150E-009   6.3430668099728700E-008  0.12175994775189126        2.9039977511266298E-008   1.1302956754591257E-008   3.5512353821024996E-008  -2.5071108559511009E-008  -8.0188017173253527E-009  -4.0649413331488936E-008   9.5068556658391556E-008   5.1370713094938690E-009   9.4576248563237350E-008  0.25651681768105278       -4.1235607542549534E-008   1.0730998983321618E-009   8.4080148354247501E-010   4.3746938354476285E-009  -3.3666793536216515E-009   8.8381949146730318E-010   3.2361186459729665E-009  -2.0118726870338290E-009  -3.4759998383380776E-009  -5.7450521236004906E-009   2.8882190259081553E-010   6.7914835548959370E-009   5.3391172762227605E-008  0.15940381193867562       -2.2512403082845807E-008   4.4689975840443918E-009  -2.0754227062992915E-008  -1.9847644990307373E-009  -1.3606634826927263E-010   3.3893567744556820E-008  -4.3329221934833138E-009  -7.3870686130269312E-008 -0.20373348249083909        2.4833371774285493E-008  -1.7334131059941941E-008   1.8236468350100587E-008   3.6583256124315402E-009   2.3351494163757264E-008  -5.0054177955515375E-008  -6.0173634363801307E-009  -2.7563450403912265E-008   9.8728950927243954E-010   2.2078997890518300E-009  -1.4145828215218231E-009   5.3421825121221354E-010   1.1738672636617278E-009  -1.8588057510189006E-009  -1.4478070105105922E-009  -3.1822388262026180E-009  -2.6547673896522942E-010   3.4262682697544125E-009  -2.3771529469254640E-008   2.8075069619774375E-008  -9.4451156100629218E-009  -2.5906304566491279E-002   3.1106693004518219E-009  -1.3441108290538461E-008
   2.6922692927343338E-009   4.6223830544584659E-009   3.9514432678161883E-003  -1.1021464213594464E-007  -1.0508760219221852E-008  -1.0885771849563314E-009   2.7445615187197246E-009   5.1580682663827849E-008   5.4712327662273459E-009  -4.1071927137084837E-008  -6.3512533962269302E-010   2.9039977511266298E-008  0.12176010304904759       -4.5997800848342158E-008  -2.9327039818010373E-008  -7.6924183174195747E-009  -3.3757526182776804E-008   5.6211678361291379E-008   3.0683984836830363E-008  -2.6884641909832979E-008  -2.3330372032400189E-008   7.7924762872827140E-008  0.25651692042631397       -4.7276133323181277E-008  -2.2898849219799391E-009  -1.7406977444781142E-009   1.0784253870071556E-009   6.1326547603923409E-009  -1.7039187524052111E-009  -3.0604539210836101E-009  -8.2154831589485363E-009  -1.8461232255190847E-008   1.2762923118564334E-008   1.2956344561175240E-008  -1.3044793467861233E-008   4.0588170515650544E-008  0.15940387565569958       -1.1753419129647335E-008  -2.2644673917538139E-009  -2.3086031876909224E-008   1.3888091553618399E-008   1.9909209972217733E-008  -2.1346733611673265E-009   1.7163896211766125E-008  -5.4996894415997096E-008 -0.20373357855177526        1.7410788932152501E-008   3.6796622155936581E-009   2.1653934111270449E-008  -1.9625957448715204E-008  -1.0139037584809802E-008   2.2151757736225504E-009   4.3111878177834332E-008  -6.5523359328791388E-010  -1.0703631681927194E-009  -7.3893383293219382E-010   3.0434885366723631E-009  -5.9576539112048153E-010  -2.1644016666106215E-009  -3.3893789120910258E-009  -8.2616052112913790E-009   5.6176911173467660E-009   6.7085996339589675E-009   5.1804413670219565E-008  -5.1925670170878910E-008   2.1916618042440032E-009  -6.9920055603870881E-009  -2.5906316959373593E-002   2.4611647396344129E-008
  -1.8095413277659187E-008   1.5793329891995442E-008   3.4571707095713712E-009   7.3442262312377613E-003   1.8939128563747437E-009   7.5621422593737794E-009  -5.2683457950832246E-010  -1.1304812696217249E-008   4.6817331058465873E-009   9.4112808682875655E-009   4.9909122749279674E-008   1.1302956754591257E-008  -4.5997800848342158E-008  0.48284134370419812       -1.4569457222676847E-008   4.9256505617279115E-009  -9.1643152155814636E-009   6.8333500526648366E-009  -1.3825331636050291E-008   7.7371091354144575E-009  -2.3573297705137208E-008  -1.4526872189340434E-007   8.7172014702195097E-008  0.79235266455373943       -2.1087414661427295E-009   9.2958691369116451E-009  -4.0350104905128450E-009   2.2166789054603205E-009  -3.1572847029495134E-009   6.1248895835667030E-010  -1.0960028613126790E-008   1.6104683220457033E-008   5.4085595167527351E-009  -8.9962038150792680E-009  -9.9924199870843278E-008  -9.9781765002791590E-008   1.2947661040980894E-007  -7.3152076007332217E-009  -9.5760974725619597E-009  -5.6157905290719194E-011   1.6593049947309714E-008  -1.0467597059080090E-008  -9.2777651685687630E-009   7.0701975156847866E-008   1.0331668041979873E-007  -1.0624059108224706E-007  -1.0747470905529631E-008   2.9910368669287209E-009  -7.7009231204210206E-009   3.7096922906895583E-009  -8.2331185567842696E-009   7.0367943278320826E-009 -0.45051343207596367       -1.7718967820741411E-009  -4.6791347328401605E-009   1.1534248569812113E-009   6.8579168468961322E-010  -1.0929318453966516E-009   1.6914560047257962E-009   1.6866920173261775E-009  -2.9643962463941467E-009   2.4162037548840858E-009   1.3498184784669221E-009 -0.54056962858698931       0.53393750739641499        8.6495270261705713E-009   1.2639797342199288E-008  -1.2968845573253959E-008 -0.25346094515611856     
  -1.3606649591247467E-009   1.1701673140584691E-009  -9.5600877849629156E-010  -1.9363238121171986E-010  -8.3792554511567052E-006   1.1258822537958887E-012   4.6011907688834410E-012   4.1896297864055568E-006  -4.9960448772965589E-012   4.1896256653343120E-006  -4.2205347513056678E-008   3.5512353821024996E-008  -2.9327039818010373E-008  -1.4569457222676847E-008   1.2279211377170024E-004   9.1999546409043490E-011  -8.7475745861211686E-011  -6.1396034687030354E-005  -6.0390547961322728E-012  -6.1396079084754363E-005  -8.8824792529504571E-008   7.5133540746728671E-008  -6.1891321756485093E-008  -2.3591052920852930E-008  -1.7132946911143572E-010   1.2451968493499544E-010   6.3225483602472160E-011   1.1419472140381709E-010   5.7382583836442839E-013   1.1566787245959001E-010  -8.2762881289428502E-011   1.4329946194079222E-011  -1.3481623960503070E-011  -5.7806434402810490E-011  -5.5560020367104637E-008   4.6277031780640624E-008  -3.8421782655800372E-008   1.9173854575095851E-003   7.4818532117489841E-010  -7.8795635811336765E-010  -9.5869266946845162E-004  -9.0610936108456363E-011  -9.5869278803849408E-004   6.9867331740509947E-008  -5.7629454909265198E-008   4.8077805406225728E-008   1.4559690032178104E-002   4.0922553801767075E-009  -4.8612706708872277E-009  -7.2798450593864004E-003  -5.3318234142345006E-011  -7.2798449727887468E-003   1.2972404728883847E-008  -4.8290876127013893E-010   4.0454101206081806E-010   1.4785185960705087E-010   3.2350506793263981E-010  -6.1524794694608912E-013   3.2438502165476665E-010  -2.5467443682146806E-010   3.1311193491689368E-011  -6.2859413164280713E-011  -1.3354025687662580E-010   1.5080122395324248E-008  -1.4622650114658180E-008   8.8410867917860609E-009  -7.2677611012893836E-009   6.0734544971873536E-009   6.9190725018157125E-009
   2.1406770456087860E-009  -8.0445440972812956E-010  -2.5091366708139762E-010   8.8941321436397419E-011  -8.9184053507594943E-012  -8.3792708202019123E-006   1.1260847422859462E-011   8.5816514138273041E-012  -1.2196889312098904E-012   3.3668882002722061E-013   6.6306567667400861E-008  -2.5071108559511009E-008  -7.6924183174195747E-009   4.9256505617279115E-009   9.1999546409043490E-011   1.2279227240042913E-004  -5.5624910785786577E-011  -3.9853516069525762E-011   5.0912596651714881E-011  -5.2146084158673252E-011   1.3947806438440957E-007  -5.2705469613263807E-008  -1.6226797016232343E-008   8.0886789241995153E-009  -9.0785651544236409E-011  -1.8222114161287631E-010   3.7854327351426479E-012   1.5959842755973864E-010   3.2834055821121094E-011  -3.7796696880764326E-011   9.9719046664772111E-011   4.3223646468156931E-012   4.8433982458712019E-011  -6.0431880599546852E-012   8.6651439924154269E-008  -3.3063079038449795E-008  -1.0071147964688649E-008   1.0426939734632124E-009   1.9173870035678684E-003  -5.2762785440741073E-010  -4.9586781268498787E-010   5.6223442515105868E-010  -5.4682620531765546E-010  -1.0866766423126897E-007   4.1439564148978649E-008   1.2697646718074506E-008   6.5826187545707372E-009   1.4559699230584424E-002  -3.3816266957207248E-009  -3.0198548823560415E-009   2.8832830520582282E-009  -3.5627639373727478E-009  -4.5143901459009340E-009  -2.8582316827821462E-010  -5.0657465911283227E-010   7.9644555116146263E-012   5.0494493574929574E-010   7.8225788298273389E-011  -1.2147291463693265E-010   2.8078991011486564E-010   8.6233055164264904E-012   1.2985546787688784E-010  -1.2363793094852567E-011  -5.5417003600736269E-009   5.4202900106464908E-009  -1.3734574447978191E-008   5.2383586160101143E-009   1.6079262928669667E-009  -2.5714270634441160E-009
  -7.9330184336209139E-011  -2.6106674215762108E-010  -1.0872953048196840E-009  -1.2724426143739094E-010   9.3224913673355425E-012   4.2377375754339248E-012  -8.3792625086557148E-006  -9.1979811772071455E-012   8.8507620611661734E-012  -1.2451811093856725E-013  -2.4285693092937466E-009  -8.0188017173253527E-009  -3.3757526182776804E-008  -9.1643152155814636E-009  -8.7475745861211686E-011  -5.5624910785786577E-011   1.2279223631180542E-004   9.4562179511213030E-011  -5.8039570814076137E-011  -7.0864677778850748E-012  -5.0662981714705047E-009  -1.6916221748023268E-008  -7.1033552898268662E-008  -1.4876172647951965E-008  -3.5268834792865604E-011   5.4169078682610042E-012  -1.7929533991784418E-010  -3.9060282578075242E-011   9.2592759566738890E-011   8.6378396484463860E-011  -6.1392934605306863E-012   4.3310659406936785E-011   2.8197764858326558E-012   1.0135702817593588E-010  -2.9441416219015070E-009  -1.0498297601972276E-008  -4.4395214873754213E-008  -8.5520241474052482E-010  -4.7360460309655984E-010   1.9173865967037000E-003   8.2447760973537503E-010  -5.4255300865717787E-010   3.0724702406826371E-011   3.7571886195768247E-009   1.3259935709482569E-008   5.5586474287219930E-008  -5.3231722105790116E-009  -3.1215145971162636E-009   1.4559697173480142E-002   5.1784888094154805E-009  -2.8806243720521906E-009   1.4468348153996479E-010   8.0983605505133226E-009  -8.3961839186291513E-011   8.6705960111465455E-012  -5.0120728460787666E-010  -8.9955719554798163E-011   3.1219144801476884E-010   2.0260234767809575E-010  -1.3173132662856974E-011   1.2226269055745507E-010   9.0030084511681207E-012   2.8244863196542460E-010   9.3992938068939578E-009  -9.0662642059933733E-009   4.7599398280082339E-010   1.6800340413424927E-009   7.0237452974756818E-009   4.2867160926057575E-009
   7.8705037313214739E-010  -1.3494419315028707E-009   1.8323930671506161E-009   6.6643665075132109E-011   4.1896297151272404E-006  -1.3998755385691567E-012  -9.1629018494843340E-012  -8.3792775036273098E-006   1.5691994569395484E-011   4.1896477883683067E-006   2.4402205185064551E-008  -4.0649413331488936E-008   5.6211678361291379E-008   6.8333500526648366E-009  -6.1396034687030354E-005  -3.9853516069525762E-011   9.4562179511213030E-011   1.2279228659653417E-004  -1.1536272120528684E-010  -6.1396251909993509E-005   5.1377411000715980E-008  -8.6192761193585082E-008   1.1853317538580637E-007   1.0965700909071219E-008   8.8922987526383892E-011  -1.0967290740087809E-010  -9.8606537224230098E-012  -1.6151519391506797E-010   9.2248096300507300E-013   4.2212495002711105E-011   1.6725613534097227E-010   3.9049249645662952E-011  -1.1472475142074791E-010  -2.1755882663384516E-011   3.2086458127758543E-008  -5.2986431808199329E-008   7.3290577681825688E-008  -9.5869239243359064E-004  -3.1044293588314022E-010   8.9475413187441632E-010   1.9173870549266190E-003  -1.2342453641457806E-009  -9.5869466249342422E-004  -4.0289059188997700E-008   6.6072084881486884E-008  -9.1918679999351194E-008  -7.2798423734551729E-003  -1.5865894104325783E-009   5.8670613642605510E-009   1.4559700107482469E-002  -7.7597406026559840E-009  -7.2798577340246768E-003  -6.1005657099657951E-009   2.4510426629187257E-010  -3.4630786222928592E-010  -2.3303190636738525E-011  -4.4701629383851363E-010   3.1374576742413644E-013   1.1817441446880427E-010   5.1736800010378741E-010   9.3249697345858367E-011  -3.4781414312043841E-010  -5.2135042619153104E-011  -6.9381690361483635E-009   6.7660479763624252E-009  -5.0955997664890435E-009   8.3368590863388924E-009  -1.1617848085131493E-008  -3.2019991625475193E-009
  -2.2568803483885065E-010   3.0989561633619073E-009   9.7857490787501480E-010  -1.7957235092134376E-010  -4.9128992485271530E-012   1.4043869252372470E-012   2.9879949624813385E-012   3.3183988279599541E-012  -8.3792661921819771E-006   1.5944386696963524E-012  -6.9264893342227953E-009   9.5068556658391556E-008   3.0683984836830363E-008  -1.3825331636050291E-008  -6.0390547961322728E-012   5.0912596651714881E-011  -5.8039570814076137E-011  -1.1536272120528684E-010   1.2279211236887501E-004   1.2140184042346148E-010  -1.4614381924550871E-008   2.0058527891755886E-007   6.4336867042251006E-008  -2.2386035002385695E-008  -6.6425915767719057E-012   1.4470581448305897E-012  -4.1851674035288972E-011   3.7985110242528603E-012  -1.3716414686041088E-010   5.1134596653242827E-012  -4.5455686999936225E-011   1.6310450357159559E-010   5.9538152339722497E-011  -9.0376547058356771E-011  -9.0740768693770545E-009   1.2439063693165283E-007   4.0247907413753232E-008  -1.4498575381330089E-010   5.5852975639250467E-010  -6.1778790327038133E-010  -9.6809575157628043E-010   1.9173852867721711E-003   1.1130812567191286E-009   1.1413312669421574E-008  -1.5575598485452678E-007  -5.0949665582682678E-008  -5.7692182880429863E-010   2.9453592208880579E-009  -3.8312349012549456E-009  -5.6460975117224142E-009   1.4559690044868642E-002   6.2230193133131436E-009   1.2377325505369516E-008  -1.3911950949487239E-011   4.1058409717085029E-012  -1.3223533306061503E-010   8.5035349742442484E-012  -3.7798635332228881E-010   1.0161306094234940E-011  -1.0766795195862332E-010   5.1372246889350986E-010   1.4034587603755905E-010  -2.8434372741776081E-010   1.4407469408014803E-008  -1.4012330996430034E-008   1.4442875642516921E-009  -1.9679281562450084E-008  -6.4594387229714005E-009   6.6331881148921430E-009
   5.7361463874355260E-010   1.7927499852866769E-010  -8.7638439799564334E-010   1.2700390933601025E-010   4.1896257360352347E-006   2.7399697497052777E-013   4.5617134065603399E-012   4.1896477172551414E-006  -1.0695954075298647E-011  -8.3792734537417778E-006   1.7803143948291818E-008   5.1370713094938690E-009  -2.6884641909832979E-008   7.7371091354144575E-009  -6.1396079084754363E-005  -5.2146084158673252E-011  -7.0864677778850748E-012  -6.1396251909993509E-005   1.2140184042346148E-010   1.2279233099532204E-004   3.7447384944315622E-008   1.1059245284057861E-008  -5.6641860722485329E-008   1.2626995222573261E-008   8.2406481580919245E-011  -1.4846777513891022E-011  -5.3364829889051492E-011   4.7320472516237196E-011  -1.4963068076687295E-012  -1.5788036746174298E-010  -8.4493254075185627E-011  -5.3379195806503787E-011   1.2820637539274352E-010   7.9562317048130532E-011   2.3473564278026338E-008   6.7094162050063744E-009  -3.4868799393285184E-008  -9.5869306507731305E-004  -4.3774322583094250E-010  -1.0679830636748053E-010  -9.5869438546581395E-004   1.3248573064926815E-009   1.9173874505408835E-003  -2.9578278813609184E-008  -8.4426181459494320E-009   4.3840881941414176E-008  -7.2798476587329448E-003  -2.5056723522187445E-009  -1.0057947377441771E-009  -7.2798550481541361E-003   7.8130664777960486E-009   1.4559702706881502E-002  -6.8727926706090699E-009   2.3780449497503689E-010  -5.8233149840122051E-011  -1.2454866896843903E-010   1.2351122590854794E-010   3.0150217702352907E-013  -4.4255943612191213E-010  -2.6269356328122959E-010  -1.2456089084398442E-010   4.1067355629184700E-010   1.8567529949918024E-010  -8.1431041521180206E-009   7.8577499984469466E-009  -3.7454879604774069E-009  -1.0690952464671020E-009   5.5443945894427955E-009  -3.7176189671775543E-009
   8.3247422736820662E-003   5.1046109625467787E-008  -1.3222873108397544E-008   5.8972809006255858E-008   2.0630471071596848E-008   9.0458440143141722E-008  -4.7557360107192882E-008  -4.8716712550429984E-009  -4.1908069075232223E-009  -1.5758801948632794E-008  0.25651688725039029        9.4576248563237350E-008  -2.3330372032400189E-008  -2.3573297705137208E-008  -8.8824792529504571E-008   1.3947806438440957E-007  -5.0662981714705047E-009   5.1377411000715980E-008  -1.4614381924550871E-008   3.7447384944315622E-008  0.54041553567792322       -9.4706373945065646E-008   4.1133686694211000E-009  -7.7371698445185458E-008  -1.0627923586481948E-008   2.7185077026625653E-008  -1.8622447082547880E-008   3.8562629513574358E-009  -3.0717541214588935E-009   1.0402582195888265E-008  -1.0525857764272541E-008   1.4577108216490496E-008  -1.3063156753056310E-008   3.0152171829346831E-009  0.33578888444807170       -5.0315564946512644E-008  -3.4673976831167634E-009  -5.6866908225137711E-008   6.0247572268249399E-008   1.0116093066499668E-008   3.0590622411506160E-008  -5.0075040625162849E-009   2.6276281101584695E-008 -0.43067069806805575        4.8940554895860874E-008   1.4986850339288084E-009   6.9359247361299232E-008  -7.4161008407151599E-008  -9.6842565394755966E-009  -3.6168896732687210E-008   5.1389639555009651E-009  -3.3190359358759878E-008   3.1605509098751790E-008  -6.6122790155962666E-009   1.2211442217433160E-008  -1.0377239940751239E-008   1.1908587014030397E-009  -1.8858366437820345E-009   7.6804515077812598E-009  -5.1083964676570933E-009   6.6632029059691810E-009  -5.3578090137437517E-009   2.7682795778367491E-009   2.3016215012594518E-008  -2.2820648797525231E-008  -5.4820131226063842E-002   5.9360812545815545E-009   7.2522410105845159E-011   1.0812988426667259E-008
   8.1737653893812663E-009   8.3246388506359494E-003   6.6754340444872536E-008   3.6407569723530938E-007   7.3166000586401315E-008   1.5345667226729329E-008  -3.5203208287514535E-009  -7.8262181930490056E-008   1.0510063332519808E-007   5.0962126202157388E-009  -5.8996208568528214E-009  0.25651681768105278        7.7924762872827140E-008  -1.4526872189340434E-007   7.5133540746728671E-008  -5.2705469613263807E-008  -1.6916221748023268E-008  -8.6192761193585082E-008   2.0058527891755886E-007   1.1059245284057861E-008  -9.4706373945065646E-008  0.54041572075271871       -5.1587579665070107E-008  -2.7551652801645592E-007   1.7704134121898060E-009   9.2154707916317823E-009  -7.0921866953134675E-009   1.8629048482961082E-009   6.8162041623316212E-009  -4.2381629149752723E-009  -7.3240765966102076E-009  -1.2101980319104876E-008   6.1075133210312471E-010   1.4306487185540445E-008  -7.0238224642655903E-008  0.33578900693031749       -2.5659011868425411E-008   1.4398286341311760E-008  -4.1973867347575903E-008  -4.5373221222642598E-009  -8.9650201580109896E-009   7.6134985490771854E-008  -5.4332471265638101E-009   7.5748217892412490E-008 -0.43067081717565386        1.7809327766970956E-008   1.3318945618282628E-009   5.1773003142205781E-008   5.0064835241806521E-009  -1.6750234846249865E-008  -6.9596804591613816E-008   1.5418339622495890E-008   9.4111401753878845E-008   2.0826043035239085E-009   4.6518269934572333E-009  -2.9806661159797272E-009   1.1240120600143346E-009   2.4737739315351386E-009  -3.9181181479839188E-009  -3.0481345396611160E-009  -6.7093260461753141E-009  -5.6235470352960560E-010   7.2224931095096332E-009   1.3066895296357253E-007  -1.1605507193208692E-007   9.4406151022120047E-009  -5.4820145596762591E-002   1.9113569409169110E-009   5.4632979482928854E-008
