   1.3945192032304541E-004  -2.6898776568365200E-010   1.7285495503388891E-011   1.0651421480922268E-011   3.5717460703507059E-010  -3.1878387797844418E-010  -8.8189694209883457E-011  -5.2748846073380236E-017  -1.7081382017454865E-017  -7.7977470682220049E-017   8.0126514886718590E-003  -3.7136733189247425E-016  -4.7872714850018512E-016   3.1716760416387797E-016  -5.4186691591744806E-010   9.1553086219428677E-011  -5.1918366849798057E-011   5.9550911604825118E-010  -6.2688252432819750E-010  -5.3642845687318862E-011   1.1875334811474205E-002   4.3557713648004603E-017   1.7480052488054243E-016  -1.7602343536574493E-016  -2.6437782168452835E-018  -1.7946387583665325E-017   4.7319981202526269E-018   1.4060196678279111E-017   5.2070352011563779E-019  -9.3802594541558984E-018   9.1585000808245138E-018  -8.4400397130832525E-019   5.7563018487327973E-018  -9.7068310789830015E-019   1.1796438525619323E-009  -1.2323023642205539E-010   6.1594558907178437E-010  -9.5318374433384668E-010   1.0531415080748462E-009  -2.2646029658432439E-010   2.3704364578213103E-015   4.9522266430057953E-015  -5.9316604663551097E-015   6.4939839422598551E-009  -8.5101575847583675E-010   2.9338303175890607E-009  -5.6116651030721091E-009   6.3344994395907164E-009  -8.8231891290622692E-010   2.5767703763071407E-019  -2.7029763998261333E-018   8.5902651894509724E-019   1.1808870786762169E-018   8.0431158200817884E-020  -1.6516628796164626E-018   9.0665369136079537E-019  -2.6486476695352484E-020   6.7806261649105963E-019  -4.5627262981105467E-019  -4.0498905559154001E-003  -4.6321684153720769E-003   6.5947363470540369E-003   4.3544295141467875E-016   9.1282146777753669E-016  -1.0941781254415352E-015  -4.8111748154673652E-003
  -2.6898776568365200E-010   2.2125563354391530E-006   1.4907960982505187E-013  -8.1355953886963465E-013  -1.1062786160908416E-006   1.0336360994018757E-012  -1.1062777193491235E-006   1.1440598836800774E-016   1.0258575460736134E-016  -6.6717282297791024E-017  -1.5380533273691166E-008   5.3800374313097525E-017   4.8339370936857753E-017  -3.7699902158941479E-017  -2.8789920912372135E-005   5.4386342590322637E-014   4.6597375553536328E-012   1.4394968064515448E-005  -1.1128462747847890E-011   1.4394952847834822E-005  -2.2792538482107750E-008   5.9746296740396576E-017   8.2686372780336187E-017  -1.4750855458372023E-017  -2.0543008256398470E-019   4.7232810260107751E-019   3.3486944432631717E-020   4.6368885981059596E-019  -1.3567982824749323E-020   1.9181104631794984E-019   1.6886393341935110E-018  -3.6468897786247747E-020   5.3615606785745828E-019  -5.6049267493772417E-019  -3.5079902146631608E-004  -1.7574519899077484E-012   4.7823099448747778E-011   1.7539957621915845E-004  -5.8896958265234675E-011   1.7539944524705501E-004   1.3266252308488665E-015   4.0084822926881780E-015   9.2693389382571738E-016  -1.9034952115986432E-003  -9.7969669153026828E-012   2.7034585157503251E-010   9.5174796920493817E-004  -3.5955786439017386E-010   9.5174724239392087E-004  -2.2935085351141586E-019  -1.5161118933347614E-019  -5.7838357683951921E-021   3.3883477741352440E-020   9.0841670646196295E-022  -6.0175744341972791E-019  -4.2531005214792958E-019  -1.0580656044867581E-019   1.4676694114167311E-019  -4.3411805421894200E-019   1.0176535259956236E-008   1.3385699722660949E-008  -2.3031561423314403E-008   2.4595635418747689E-016   7.4054431117906485E-016   1.7027741741198016E-016   1.6964428946264078E-008
   1.7285495503388891E-011   1.4907960982505187E-013   2.2125585742439841E-006  -1.9708399074782023E-012   6.5123712246670474E-014  -1.3743215617259856E-012  -2.1420135796375209E-013   1.9422004085026946E-017   1.1758562792973944E-017  -4.7991895992102193E-018   9.5686225968679145E-010   1.8085118970941502E-017   6.8918989882307939E-018  -6.9109827785459383E-019  -1.6103515278459856E-012  -2.8789937679883604E-005   1.4051253086550777E-011  -1.5219424096578668E-012   1.2902453820312586E-011   3.1323107831626506E-012   1.4288288093119892E-009   1.5213287895130210E-017   7.5711582000925139E-018  -9.3421153287109569E-018   4.5655994636888741E-019  -2.9863434810056287E-019   2.5572785032474927E-019  -3.2371462335448993E-019  -3.9486139705405514E-020   4.3326484886796528E-019  -4.1557043752883282E-019   6.8199487490120231E-019  -8.2012666212769072E-019   1.0480665001230082E-018  -2.1709106815341476E-011  -3.5079919263926012E-004   1.1192550986478761E-010  -1.3267195954462286E-011   1.3098386002183545E-010   3.4976312036926107E-011   1.0041881485940152E-015   2.9114400104051819E-016  -5.3755933564387441E-016  -1.1868837681086993E-010  -1.9034961783833074E-003   6.1678679823896723E-010  -7.2246837198426786E-011   7.2305138023174348E-010   1.9093520739689301E-010   3.4086674765928210E-019  -3.5273935666523562E-019   2.2277654789923213E-020   1.5230109223108301E-019  -8.8199998601945826E-020   5.2333005981998634E-019  -1.9674591401455498E-019  -4.0349258009080005E-021  -1.8398100625529282E-019   2.1889632649938343E-019  -6.3799953183475737E-010  -8.4570433616826602E-010   1.4565717686572014E-009   1.8545662417298877E-016   5.3859174381718361E-017  -9.9242911761402481E-017  -1.0729803946701718E-009
   1.0651421480922268E-011  -8.1355953886963465E-013  -1.9708399074782023E-012   2.2125583464599204E-006   1.7612017178321722E-012  -6.2749978761297387E-014  -9.4764194432537894E-013  -2.4981487190940705E-018  -1.8559059041033129E-017   1.7691151295892125E-017   8.2323060779819729E-010   5.8580582793525540E-018  -1.2672614032821597E-017   1.0309660145411430E-017   7.1517125652978749E-012   2.0997724436829571E-011  -2.8789933157890615E-005  -1.3170845279013550E-011   7.2367419095626077E-013   6.0191545449795974E-012   1.2220931980905707E-009  -1.2797566446321973E-017   1.6849857564378821E-017   3.5412787372543294E-018  -1.3548723523273528E-019   5.2952192461558263E-019   9.5467032922929903E-019  -2.9763526489314441E-019   3.2363503745463051E-019   6.1504745211305687E-019  -5.0891734073029968E-019   7.4969761088939211E-020   5.7651826383622885E-019   2.8407667732646796E-019   7.7388724569055481E-011   1.9662694104991819E-010  -3.5079918121131191E-004  -1.3511498891051223E-010   1.3692679416794609E-011   5.7726274998993482E-011  -9.4149963689330274E-016   1.8433222525070048E-015  -2.7331313761610516E-016   4.3167272997332713E-010   1.0792079881273305E-009  -1.9034960769333713E-003  -7.4697811513290116E-010   7.1863653954539330E-011   3.1530537664785658E-010   1.5559436454193753E-019   1.3861568153314591E-019   3.0133500616830353E-020  -7.2878429293141263E-020   1.0681201010080854E-019   1.7277356306350354E-019  -3.5559009730667932E-020  -1.9099389541046469E-019  -3.3162995363142734E-019   2.9090801153049450E-019  -5.0851166770329304E-010  -6.4439764274050231E-010   1.0683958570264252E-009  -1.7370067246753903E-016   3.3989735832788585E-016  -5.0247137381992239E-017  -7.8554698007055812E-010
   3.5717460703507059E-010  -1.1062786160908416E-006   6.5123712246670474E-014   1.7612017178321722E-012   2.2125601512896096E-006  -7.0617572563212793E-013  -1.1062815351518331E-006   1.0306691790716307E-016   4.7977860601749535E-017  -6.2919044381138910E-017   2.0624698144169098E-008   7.0277443115335194E-017   2.1175938331090470E-017  -2.6991568072386053E-017   1.4394962941457125E-005  -2.6887036280517134E-013  -1.3475292759092174E-011  -2.8789955336134573E-005   9.0343380912436278E-012   1.4394992394731687E-005   3.0557929659165720E-008   4.4850054127185917E-017  -2.9988718212104799E-018  -3.1781409433235697E-017  -6.9216042460658357E-020   5.8374066404586458E-020  -3.4454109923014884E-020  -5.9345322969603818E-019   1.0083788534864897E-019   1.8612700028456063E-019  -5.8059260941849818E-020  -1.8550545655325242E-019  -1.7167047146980030E-019   1.2092775052815285E-019   1.7539951377488282E-004   2.9891740441467652E-012  -1.3939999729304605E-010  -3.5079931159902420E-004   7.2894735415825794E-011   1.7539979782420085E-004   1.0245606849618741E-015  -1.9999230641387483E-015  -5.5236389392902839E-016   9.5174762839778505E-004   1.6438422339091057E-011  -7.7038130097662494E-010  -1.9034968584989585E-003   4.1190080399586360E-010   9.5174923010166797E-004  -2.2432787620955189E-019   3.2271296959767977E-019   6.2443864923413759E-020  -6.4301648199109119E-020   4.4313567389997658E-020   2.2338129581284430E-019   1.0370290868188065E-018   2.6745713781820254E-019  -1.0237291194293366E-019   4.1720886001978071E-019  -1.3594751749968868E-008  -1.7848770447807687E-008   3.0656465795782867E-008   1.9010234544391150E-016  -3.6847045060656631E-016  -1.0253464761977964E-016  -2.2578842511926407E-008
  -3.1878387797844418E-010   1.0336360994018757E-012  -1.3743215617259856E-012  -6.2749978761297387E-014  -7.0617572563212793E-013   2.2125621061838144E-006  -3.2746087056625396E-013  -4.3570401848931309E-018   9.8294418845514273E-018  -2.4133916534224684E-017  -1.8315782581452421E-008  -3.1284685916410545E-018   7.8298120680963377E-018  -1.2140781315525720E-017  -1.3637943161840038E-011   9.0296232305556922E-012  -6.8001875106255767E-013   5.7344466397251305E-012  -2.8789969646419447E-005   7.9035007536396218E-012  -2.7152265062353883E-008   1.8439223131497300E-017  -2.2045360641770057E-019  -1.3166877623236716E-017   7.9835936952283466E-020   6.7230251722448658E-019  -1.0063255759938001E-018   1.4779843495542210E-019   2.4632479861461620E-019  -5.9146390401083030E-019  -3.9737787888236582E-019  -8.0936175334830537E-019   4.3002402434312506E-019  -1.1221250810274118E-018  -9.1090060515517067E-011   8.2951633797213773E-011  -2.8299036446322840E-012   3.3490894544287904E-011  -3.5079946995547335E-004   5.7599166172200809E-011   1.7147407398809907E-015  -2.7039598008348140E-016  -4.9992001693565408E-016  -5.3532026086715390E-010   4.6090157610889736E-010  -1.8304462115692645E-011   1.9713206190870372E-010  -1.9034976970849281E-003   3.3818819462970962E-010   4.4838350570797509E-019  -1.8861704466891173E-019  -1.3053141784909525E-021   1.7921039250561911E-019  -1.6010151589340628E-020   2.9181728533462918E-019  -1.6505959778676502E-020   3.0121152699548068E-019  -5.1353502515714900E-020   1.0887840480669939E-019   1.2088006578683270E-008   1.5883614031778331E-008  -2.7292337352726918E-008   3.1628332815661368E-016  -4.9730834664170770E-017  -9.2482427287689213E-017   2.0101577390783111E-008
  -8.8189694209883457E-011  -1.1062777193491235E-006  -2.1420135796375209E-013  -9.4764194432537894E-013  -1.1062815351518331E-006  -3.2746087056625396E-013   2.2125592544548338E-006   6.7441033772478090E-017   8.1471784407296675E-017  -6.7265977158756747E-017  -5.2443336036431046E-009   2.7145112023268780E-017   5.3184559323060776E-017  -3.9517205853133073E-017   1.4394957970925662E-005   2.1445845651478309E-013   8.8155521489986490E-012   1.4394987271008291E-005   2.0941312214399818E-012  -2.8789945241966332E-005  -7.7656399542513263E-009  -1.0464410170401215E-017   1.0499482001262835E-017  -2.7421385664561769E-017   2.7464714558635336E-019  -5.3069861833205853E-019   9.6591845975440468E-022   1.2976276882330259E-019  -8.7269041994084363E-020  -3.7793781482965388E-019  -1.6305814176252336E-018   2.2197684557404054E-019  -3.6448734339817962E-019   4.3956399697955396E-019   1.7539950769156288E-004  -1.2320335162827240E-012   9.1576860597307979E-011   1.7539973537242308E-004  -1.3997697341821795E-011  -3.5079924306394283E-004  -3.4214559025748291E-015  -1.6859665044449623E-015  -4.2070323471805941E-016   9.5174758320156177E-004  -6.6431454659778722E-012   5.0003524730135427E-010   9.5174888925363501E-004  -5.2342506563166891E-011  -1.9034964724559070E-003   4.5367758400230584E-019  -1.7110072105893273E-019  -5.6660775162656614E-020   3.0419492508888769E-020  -4.5222837277843446E-020   3.7837636269948967E-019  -6.1171975931843945E-019  -1.6164958567966692E-019  -4.4394116139622751E-020   1.6909011088846329E-020   3.4183311524704151E-009   4.4632228442334079E-009  -7.6251698904868307E-009  -6.3055708113754065E-016  -3.1015140378048500E-016  -7.8296685029095646E-017   5.6146092598863714E-009
  -5.2748846073380236E-017   1.1440598836800774E-016   1.9422004085026946E-017  -2.4981487190940705E-018   1.0306691790716307E-016  -4.3570401848931309E-018   6.7441033772478090E-017  0.12542185355480232        5.8653944263808766E-009   2.4243728780277594E-008   1.0923705182189977E-014   6.6407603210243429E-002  -1.2556445957234297E-009  -5.0558472491111498E-009   2.4729690680846166E-016   3.8605455757823800E-017   3.1280737546525466E-017   3.7123115589983580E-016  -2.0451704616979791E-018   2.8830434640892375E-016   1.7044470383133039E-014   4.6237878623120413E-002   8.8015689909867261E-010   3.1309871475343749E-009   2.5894811946191205E-010   1.9473985101504390E-010  -6.6467437142772050E-011  -2.9646434584827925E-010   2.5631479043008481E-010  -5.0956588876519712E-011   4.7712273470264692E-011   1.2023253566021827E-010  -2.5875232822164104E-010  -4.0074380650429582E-011  -2.3179345291432344E-016   5.6644476151238591E-016   4.5859054072520843E-016   1.1938874394422042E-015  -5.6467943834222706E-017  -3.0207411193984515E-016  -4.7318437195772910E-002  -7.4895883589679763E-010  -2.0014750863192699E-009  -2.7562495936050007E-015   3.0496394935442792E-015   2.4565075162978018E-015   4.9733022562357989E-015  -3.0862087405461101E-016  -3.0619561684973979E-015   2.1164873388135267E-011   1.4334675501619048E-011  -1.1413119569859565E-011  -9.4048298935121874E-012   5.7085536288963075E-013  -1.8994172524343779E-011   5.9480344475584567E-012   1.6533428171157438E-011  -2.2314756270290465E-011  -3.8166192631851074E-012  -1.4737492192536545E-014  -2.5036638472201301E-014   5.1246281682205645E-014  -7.4285805068927385E-003  -1.2171848685500440E-010  -3.0844726948921416E-010  -3.8055755241803965E-014
  -1.7081382017454865E-017   1.0258575460736134E-016   1.1758562792973944E-017  -1.8559059041033129E-017   4.7977860601749535E-017   9.8294418845514273E-018   8.1471784407296675E-017   5.8653944263808766E-009  0.12542178180719343        1.6404619234310719E-008   1.4594195021151061E-014  -1.2853051454251472E-009   6.6407616709295986E-002  -2.1021991229794684E-009   3.1351399364328476E-017   5.7648779556679808E-018   5.6125122860051638E-018   6.9383261867658599E-017   1.7931567831233136E-017   1.3519032298391001E-016   2.1639195739233287E-014   8.6160359863924210E-010   4.6237871081764192E-002   1.4387433255626083E-009   1.3071310757709545E-010   9.5123690932278765E-010  -3.1066250357371199E-010  -2.2088838318776217E-010   3.9567379037372445E-011   4.5517914862728569E-011  -7.3666483473653082E-010   6.7843893040946606E-010   3.7095428266781920E-011  -2.7412531208609409E-010  -5.1682683402127106E-016  -8.5668514515911604E-019   9.4493395307310418E-017  -3.3056980505351406E-016   1.4645351725179500E-016   6.1968341549591151E-016  -7.2221419288751193E-010  -4.7318433470091119E-002  -3.3119884633840613E-010  -2.2948698681499375E-015   4.9721286279933974E-019   5.1158135156878646E-016  -1.2396638309779507E-015   8.0188635451698645E-016   3.8850878971070291E-015   7.0557625459322918E-012   3.9516749714334999E-011  -3.7691321835700328E-011  -1.6913382074155414E-011  -1.0977115726422142E-011   7.4469268284120666E-012  -2.9871898263891475E-011   3.5676623580314170E-011   5.5785352897364794E-013   1.5015339727207816E-012  -2.1760559557693198E-014  -3.4281950861073632E-014   7.2193099373226449E-014  -1.1724629223018990E-010  -7.4285799817511823E-003  -2.2977266678482716E-011  -5.3601283696875826E-014
  -7.7977470682220049E-017  -6.6717282297791024E-017  -4.7991895992102193E-018   1.7691151295892125E-017  -6.2919044381138910E-017  -2.4133916534224684E-017  -6.7265977158756747E-017   2.4243728780277594E-008   1.6404619234310719E-008  0.12542180651727292       -1.0105252274715666E-014  -4.8669257195025334E-009  -3.4194888627938352E-009   6.6407612484334702E-002  -5.0017893074563258E-016   2.9597322653771231E-017   1.3868599225224277E-017  -4.3185393312037716E-016  -4.8390526012480254E-018  -4.9658243696747090E-016  -1.7986578246809872E-014   3.1903261864142422E-009   1.0157794473008619E-009   4.6237873026905178E-002  -1.7688228297328844E-010  -8.9453840046679301E-010   2.3180715342679770E-010   3.7121424512094522E-010  -1.4935332111767861E-011  -1.3390131552137803E-010   7.3829886787230003E-011  -6.3635904176436066E-010   7.9548371309351881E-010   3.0153906704973339E-010  -1.9810925311575614E-016   4.1140218467668638E-016   1.3005649441840550E-016   5.7162837848851773E-016   2.8837072329581538E-019  -8.9586752121939789E-017  -2.0806107494381646E-009   1.6111221350380844E-010  -4.7318434175162002E-002  -1.9386541158192688E-015   2.2412832131723468E-015   7.0358499812617735E-016   2.2133776380652213E-015   6.7618686183327390E-018  -1.3608396978863199E-015  -1.7255350960328201E-012  -7.9560625362116033E-011   1.3730239863310656E-011   3.2169078630102713E-011  -2.0940380805478551E-012  -2.9853752461886965E-011   2.3059624664042852E-011  -1.1962158364366594E-011   4.8622256874745772E-011  -1.3165477301911131E-012   1.8430519124929909E-014   2.7936085311883164E-014  -5.9554771941191816E-014  -3.2107258523898400E-010   5.3938404235366805E-011  -7.4285800636513001E-003   4.4205508971487168E-014
   8.0126514886718590E-003  -1.5380533273691166E-008   9.5686225968679145E-010   8.2323060779819729E-010   2.0624698144169098E-008  -1.8315782581452421E-008  -5.2443336036431046E-009   1.0923705182189977E-014   1.4594195021151061E-014  -1.0105252274715666E-014  0.47237790103943045       -1.7542224608921178E-014  -2.4541904349930724E-014   1.9445851470796869E-014  -3.8028909287081115E-008   6.1983126949821709E-009  -5.6589133523540205E-009   4.0492177568366291E-008  -4.2971888772554267E-008  -2.4633211158317779E-009  0.69686708446725409        7.2423656576750338E-015   1.4375693078564901E-014  -9.6837176596962483E-015  -2.1373848408639408E-016  -1.2704002778385375E-015   3.0853133964099592E-016   1.0215996732106196E-015   3.5347973070689230E-017  -6.1067513288708259E-016   6.9143726777426480E-016  -8.8707071181165970E-017   4.0098471148621202E-016  -4.8617374489953390E-017  -6.3798304968374938E-009   2.6940979665637291E-009   4.3128179021116798E-009   1.1211691033286541E-008  -1.3022505437319499E-008  -4.8318891543409844E-009  -6.9030303138015519E-015  -2.3877949221076853E-014   2.0332717276730127E-014  -2.8141628429540375E-008   3.8062694451109144E-009  -4.4286208134361968E-010   3.4074801040555605E-008  -3.3273231994651573E-008  -5.9331520146142827E-009  -4.6340368674416830E-018  -2.2051697403461074E-016   5.7695458273648435E-017   9.8674693607599873E-017   6.0566254061864052E-018  -1.2196145658450367E-016   8.7665989830397479E-017  -1.5984580170358522E-017   5.6652433909216350E-017  -3.0117084623519126E-017 -0.31191523728533566      -0.40898273448410599       0.70415319063928872       -1.2547919792439784E-015  -4.3229545406210660E-015   3.7321616630825702E-015 -0.51865926718909749     
  -3.7136733189247425E-016   5.3800374313097525E-017   1.8085118970941502E-017   5.8580582793525540E-018   7.0277443115335194E-017  -3.1284685916410545E-018   2.7145112023268780E-017   6.6407603210243429E-002  -1.2853051454251472E-009  -4.8669257195025334E-009  -1.7542224608921178E-014   3.5161435769060952E-002  -2.9900918291927607E-009  -1.2049418673151135E-008   2.1324611628191287E-016  -8.6218763237348448E-017  -7.2864755647770651E-017  -1.3023715360441108E-017   2.0341314401713039E-018   2.7976419617496875E-016  -2.4568895090408382E-014   2.4471678921037434E-002  -1.1462642482115274E-009  -4.8843343883697529E-009   1.3703703856837530E-010   1.0307938809582249E-010  -3.5317334494913611E-011  -1.5694361363348160E-010   1.3585729203126285E-010  -2.6913811727085254E-011   2.5278055787424907E-011   6.3693179093447209E-011  -1.3699332345156105E-010  -2.1150234183842270E-011   8.6793258367197250E-016  -9.9836345614762921E-016  -8.3834673216291372E-016  -1.9223197551596103E-015  -4.2426235197077963E-018   1.4046644649465458E-015  -2.5943270146578403E-002   1.8122898172438720E-009   4.3162161752946279E-009   3.9194433636009992E-015  -5.4304918555803232E-015  -4.5667718246671633E-015  -1.1229670892231912E-014  -1.9848195267812962E-017   6.8635023012855774E-015   1.0020516332268696E-011   7.6703618352409991E-012  -6.3770887418575236E-012  -3.6155712792908872E-012  -6.0077507165775157E-013  -9.8301210606858054E-012   3.0769311847795187E-012   8.8650508354398862E-012  -1.1798474295013168E-011  -1.8545057253018905E-012   2.6241315247264807E-014   4.1560887675303974E-014  -8.7980857046464776E-014  -4.0973236119820197E-003   2.9751521008214853E-010   6.4480693720453008E-010   6.5335718190443673E-014
  -4.7872714850018512E-016   4.8339370936857753E-017   6.8918989882307939E-018  -1.2672614032821597E-017   2.1175938331090470E-017   7.8298120680963377E-018   5.3184559323060776E-017  -1.2556445957234297E-009   6.6407616709295986E-002  -3.4194888627938352E-009  -2.4541904349930724E-014  -2.9900918291927607E-009   3.5161470168801473E-002  -7.5184604341834318E-009   7.5557940092833339E-017  -5.9043846893022579E-018   3.1256572731042922E-017   1.0005852569146385E-016  -2.3184626782380957E-017  -5.1690049974049550E-017  -3.4927734414034605E-014  -1.1456720835779573E-009   2.4471694048232479E-002  -3.7634661747049112E-009   6.9242348779910404E-011   5.0370730703610590E-010  -1.6446559609418603E-010  -1.1701977153951403E-010   2.0889421176086409E-011   2.4121185217837823E-011  -3.9008027255448637E-010   3.5931938015932019E-010   1.9636474100981227E-011  -1.4523593675619447E-010   4.2725978151944008E-016  -1.2390039706745100E-016   3.8945056712030601E-016   6.1533191655342177E-016  -3.2268208829094011E-016  -1.1642159806560936E-015   1.7685308242738766E-009  -2.5943275856731972E-002  -9.0577021184582476E-010   2.5966352355012043E-015  -6.7023756066323349E-016   2.1147027920467979E-015   3.6309103775634276E-015  -1.7449269786798118E-015  -6.0423027646108793E-015   3.6455062879515131E-012   1.9436661321140104E-011  -1.9668046952895559E-011  -8.8332064944798842E-012  -6.0941036792023422E-012   3.9421646140432097E-012  -1.4368921831724403E-011   1.7564676362386085E-011  -1.6018427106846222E-013   1.5676901533000926E-012   3.7746770350059246E-014   6.1699685609046907E-014  -1.3034982241181643E-013   2.8950541874641759E-010  -4.0973242170264067E-003  -2.7257277844406282E-010   9.6828344015816798E-014
   3.1716760416387797E-016  -3.7699902158941479E-017  -6.9109827785459383E-019   1.0309660145411430E-017  -2.6991568072386053E-017  -1.2140781315525720E-017  -3.9517205853133073E-017  -5.0558472491111498E-009  -2.1021991229794684E-009   6.6407612484334702E-002   1.9445851470796869E-014  -1.2049418673151135E-008  -7.5184604341834318E-009   3.5161458771851409E-002  -2.3852233576015806E-016  -6.4229748217965298E-018  -3.1142823151616640E-018  -3.0748992066703771E-016  -9.2150410971743229E-018  -2.1082913118057543E-016   2.6072647644432896E-014  -4.9222555463598111E-009  -3.5016728898116202E-009   2.4471688630149216E-002  -9.3632669794232535E-011  -4.7363245684090733E-010   1.2264586272399998E-010   1.9658878358009142E-010  -7.9340142935295680E-012  -7.0967139372472435E-011   3.9040241641379593E-011  -3.3711527618361172E-010   4.2125368050225044E-010   1.5985813626718204E-010   2.1687196800509462E-016  -4.1547476866602141E-017  -6.4882602920218334E-017  -6.6529471237314234E-016  -6.9578804994612580E-017   5.9831153484140245E-016   4.3735243570318464E-009  -1.1327010889047299E-009  -2.5943275400008660E-002   7.1926506615522472E-016  -2.2683639001291416E-016  -3.5159864702207412E-016  -4.0766816504029157E-015  -3.7787707709721341E-016   2.7828558410232764E-015  -6.7462432329403468E-013  -4.1712357778617996E-011   6.2800934878670050E-012   1.7068937530368685E-011  -1.0345762795548774E-012  -1.6163686850029671E-011   1.2942049029352319E-011  -5.3141342119159545E-012   2.4348440382221032E-011  -7.1928016020574352E-013  -2.9262460993873503E-014  -4.8717443663860732E-014   1.0299459665468551E-013   6.5446499879675079E-010  -3.0813825402895677E-010  -4.0973242868930062E-003  -7.6527015949398142E-014
  -5.4186691591744806E-010  -2.8789920912372135E-005  -1.6103515278459856E-012   7.1517125652978749E-012   1.4394962941457125E-005  -1.3637943161840038E-011   1.4394957970925662E-005   2.4729690680846166E-016   3.1351399364328476E-017  -5.0017893074563258E-016  -3.8028909287081115E-008   2.1324611628191287E-016   7.5557940092833339E-017  -2.3852233576015806E-016   3.7461624507826658E-004  -5.0043099977013617E-012  -1.5947080291172482E-011  -1.8730817805799008E-004   1.4739501733719164E-010  -1.8730806701999198E-004  -5.4798997560217337E-008   3.5840916826532967E-017  -1.4821768450321272E-017  -1.7696954477976024E-016   2.6731828151357455E-018  -6.1453054872038868E-018  -4.3589548220582606E-019  -6.0340682340685186E-018   1.7653428575665051E-019  -2.4955514964158350E-018  -2.1973033910743945E-017   4.7459248222286270E-019  -6.9767115909516308E-018   7.2931848260432145E-018   4.5646187286237181E-003  -2.9448649403618264E-011  -7.7828255739598250E-011  -2.2823096864830038E-003   7.9768135896462138E-010  -2.2823090421393794E-003  -2.6164241805746198E-015  -3.4548689645236119E-015   4.2130903247560681E-016   2.4768398316475579E-002  -1.5639528331149378E-010  -5.6347263666742848E-010  -1.2384201011355164E-002   4.8484664420124169E-009  -1.2384197305123221E-002   2.9843527521715877E-018   1.9729608560281505E-018   7.5232830751982888E-020  -4.4097452661655736E-019  -1.1793627439277086E-020   7.8301676166979222E-018   5.5340262163108144E-018   1.3768277617172651E-018  -1.9097255524872380E-018   5.6487401498699460E-018   2.4081307414833527E-008   3.0609881020978650E-008  -5.2048166442869367E-008  -4.8040117795248269E-016  -6.3647288799864710E-016   7.3066135017747352E-017   3.8308353212211894E-008
   9.1553086219428677E-011   5.4386342590322637E-014  -2.8789937679883604E-005   2.0997724436829571E-011  -2.6887036280517134E-013   9.0296232305556922E-012   2.1445845651478309E-013   3.8605455757823800E-017   5.7648779556679808E-018   2.9597322653771231E-017   6.1983126949821709E-009  -8.6218763237348448E-017  -5.9043846893022579E-018  -6.4229748217965298E-018  -5.0043099977013617E-012   3.7461630225836345E-004  -1.2236904100870375E-010   1.2288026625140785E-011  -5.2701229921071003E-011  -7.2839358262343709E-012   8.9218680607100390E-009   6.1656275871095555E-017  -3.1433998030048210E-017   5.0940961599600505E-017  -5.9407907443715848E-018   3.8857962920590078E-018  -3.3275303685655368E-018   4.2122321754224727E-018   5.1379404755461071E-019  -5.6376907975572531E-018   5.4074568871365480E-018  -8.8741569470851437E-018   1.0671547563394417E-017  -1.3637499744131474E-017  -3.3798404830179451E-011   4.5646189944164627E-003  -7.1960486003967470E-010   8.1038982822494472E-011  -3.0083021897824524E-010  -4.7240698577910645E-011   2.6314670827647796E-016  -3.0932913489835342E-015   1.8411373355850282E-015  -1.7180087857440840E-010   2.4768400252797525E-002  -4.0277925183937975E-009   4.4307131951774263E-010  -1.7925412963152229E-009  -2.7127035490124571E-010  -4.4353608346467933E-018   4.5898589634358577E-018  -2.8987686404604586E-019  -1.9817677109652793E-018   1.1476778102506908E-018  -6.8096128965571219E-018   2.5600770619260406E-018   5.2506822205277079E-020   2.3939664864860041E-018  -2.8482971570091881E-018  -3.9631545366327813E-009  -5.0503511265395002E-009   8.6338466819520247E-009   4.9048429383547212E-017  -5.7093406060989859E-016   3.4022241429530522E-016  -6.3561628834326086E-009
  -5.1918366849798057E-011   4.6597375553536328E-012   1.4051253086550777E-011  -2.8789933157890615E-005  -1.3475292759092174E-011  -6.8001875106255767E-013   8.8155521489986490E-012   3.1280737546525466E-017   5.6125122860051638E-018   1.3868599225224277E-017  -5.6589133523540205E-009  -7.2864755647770651E-017   3.1256572731042922E-017  -3.1142823151616640E-018  -1.5947080291172482E-011  -1.2236904100870375E-010   3.7461622314382295E-004   4.8528943905504862E-011   1.0053383380615630E-011  -3.2582147684327048E-011  -8.4325953074840971E-009   4.7392530694780644E-017  -4.7281905132153242E-017  -9.6234926196494142E-018   1.7629607673537363E-018  -6.8901857615505061E-018  -1.2422222944265478E-017   3.8728590572914319E-018  -4.2111534160548882E-018  -8.0030399159216950E-018   6.6220709806029834E-018  -9.7552095808658894E-019  -7.5016789406111462E-018  -3.6964206746740026E-018  -6.7395720168016647E-011  -7.2039158860350662E-010   4.5646185986834764E-003   2.6120807020072851E-010   5.9071623828313587E-011  -1.9381248870917814E-010   1.7725951052646452E-015  -1.0343325013245258E-015  -1.2614079977584506E-015  -5.1857053091510400E-010  -4.0687128435638071E-009   2.4768397592288324E-002   1.5972008834204382E-009   3.5221952867776138E-010  -1.0786302417483743E-009  -2.0246157391436774E-018  -1.8036326191928958E-018  -3.9211459681269649E-019   9.4831115268751646E-019  -1.3898461350020515E-018  -2.2481413784861620E-018   4.6266793730289176E-019   2.4852648011215151E-018   4.3151931397342011E-018  -3.7853289532419830E-018   3.6195324619379481E-009   4.6403393522815919E-009  -7.8323528880808587E-009   3.2705622129512834E-016  -1.9096275327606558E-016  -2.3248108657773102E-016   5.7634967971516917E-009
   5.9550911604825118E-010   1.4394968064515448E-005  -1.5219424096578668E-012  -1.3170845279013550E-011  -2.8789955336134573E-005   5.7344466397251305E-012   1.4394987271008291E-005   3.7123115589983580E-016   6.9383261867658599E-017  -4.3185393312037716E-016   4.0492177568366291E-008  -1.3023715360441108E-017   1.0005852569146385E-016  -3.0748992066703771E-016  -1.8730817805799008E-004   1.2288026625140785E-011   4.8528943905504862E-011   3.7461649493261061E-004  -7.2791033345340484E-011  -1.8730831687532634E-004   5.8084324852306095E-008   2.0147590503297694E-016   4.7918490534118612E-017  -1.4865176592346065E-016   9.0051024716929027E-019  -7.6037029402347876E-019   4.4852233537562316E-019   7.7226994869673284E-018  -1.3120839653374214E-018  -2.4222882217635433E-018   7.5592159789006843E-019   2.4137626530664856E-018   2.2340404896652478E-018  -1.5735570876054749E-018  -2.2823096861553983E-003   6.8154669361084880E-011   2.6874751296010899E-010   4.5646200903268468E-003  -4.0273322779482828E-010  -2.2823104041722218E-003  -3.9837381775971752E-016   3.9668131952292458E-015  -1.2726380242159924E-015  -1.2384200983902487E-002   3.6696666628907057E-010   1.6400740342831280E-009   2.4768406649850264E-002  -2.3981722630669346E-009  -1.2384205665954212E-002   2.9189807033288039E-018  -4.1993332804089193E-018  -8.1248344145166419E-019   8.3674191247665058E-019  -5.7659841850601529E-019  -2.9067386842340789E-018  -1.3493779237897614E-017  -3.4802018148018377E-018   1.3320917188686604E-018  -5.4287485347365860E-018  -2.5626943713790982E-008  -3.2521360846488721E-008   5.5375221698132356E-008  -6.9797269008318439E-017   7.3258531903281225E-016  -2.3957917882622565E-016  -4.0758703728737824E-008
  -6.2688252432819750E-010  -1.1128462747847890E-011   1.2902453820312586E-011   7.2367419095626077E-013   9.0343380912436278E-012  -2.8789969646419447E-005   2.0941312214399818E-012  -2.0451704616979791E-018   1.7931567831233136E-017  -4.8390526012480254E-018  -4.2971888772554267E-008   2.0341314401713039E-018  -2.3184626782380957E-017  -9.2150410971743229E-018   1.4739501733719164E-010  -5.2701229921071003E-011   1.0053383380615630E-011  -7.2791033345340484E-011   3.7461653632043195E-004  -7.4604039021483540E-011  -6.1726116212467088E-008  -3.7036309997187371E-017   1.3310967306502432E-017   4.7300161529307585E-018  -1.0387019772519978E-018  -8.7472757022306731E-018   1.3094176803302602E-017  -1.9237666003059836E-018  -3.2052152127334115E-018   7.6965188950172881E-018   5.1702931283495649E-018   1.0531507597853132E-017  -5.5957313774078478E-018   1.4601172148574470E-017   8.1869010132015526E-010  -2.8984257352509039E-010   5.1461349276504409E-011  -4.1325011546933317E-010   4.5646203863002810E-003  -4.0543998844926197E-010  -2.4632701549697096E-015  -3.6108733431251408E-016   2.2946673220887877E-015   4.9764938070155574E-009  -1.7131532312679586E-009   3.1762376710848608E-010  -2.4427971878421401E-009   2.4768407986718234E-002  -2.5336965628603633E-009  -5.8343603549289174E-018   2.4544196479418343E-018   1.6954348783877925E-020  -2.3319830799151790E-018   2.0834080850988065E-019  -3.7970775694770443E-018   2.1473655245664333E-019  -3.9193733992934775E-018   6.6817222725570153E-019  -1.4167147321891704E-018   2.7248627624328641E-008   3.4629623367383232E-008  -5.8994658557740739E-008  -4.5415501689795268E-016  -6.7115150094322698E-017   4.2331580491216967E-016   4.3424221332257448E-008
  -5.3642845687318862E-011   1.4394952847834822E-005   3.1323107831626506E-012   6.0191545449795974E-012   1.4394992394731687E-005   7.9035007536396218E-012  -2.8789945241966332E-005   2.8830434640892375E-016   1.3519032298391001E-016  -4.9658243696747090E-016  -2.4633211158317779E-009   2.7976419617496875E-016  -5.1690049974049550E-017  -2.1082913118057543E-016  -1.8730806701999198E-004  -7.2839358262343709E-012  -3.2582147684327048E-011  -1.8730831687532634E-004  -7.4604039021483540E-011   3.7461638389573961E-004  -3.2854013525030352E-009   1.0166350259402883E-016   8.3179478898554339E-017  -1.8843365953859828E-016  -3.5736890210238123E-018   6.9056890286133634E-018  -1.2630452752133808E-020  -1.6886379143410161E-018   1.1355519186433068E-018   4.9178409575308999E-018   2.1217110589505474E-017  -2.8883458323332878E-018   4.7426601659023083E-018  -5.7196319895469372E-018  -2.2823090424648530E-003  -3.8708690840150256E-011  -1.9092271856027027E-010  -2.2823104038524429E-003  -3.9494880174965258E-010   4.5646194463167342E-003   3.0848744143762437E-015   1.9861175060358510E-015   2.5043195242461926E-015  -1.2384197332554281E-002  -2.1058587564025726E-010  -1.0766201794327120E-009  -1.2384205638541765E-002  -2.4502978176307669E-009   2.4768402971105288E-002  -5.9033327565633202E-018   2.2263772779990308E-018   7.3725085607911565E-019  -3.9576888459149260E-019   5.8839319920734279E-019  -4.9234283714536513E-018   7.9597476511837843E-018   2.1033769022984706E-018   5.7763618517884792E-019  -2.1999392171315996E-019   1.5457590897598107E-009   1.9116888588625273E-009  -3.3275129458987665E-009   5.7253490103770310E-016   3.6720295578408099E-016   4.5665214254243455E-016   2.4506909196908705E-009
   1.1875334811474205E-002  -2.2792538482107750E-008   1.4288288093119892E-009   1.2220931980905707E-009   3.0557929659165720E-008  -2.7152265062353883E-008  -7.7656399542513263E-009   1.7044470383133039E-014   2.1639195739233287E-014  -1.7986578246809872E-014  0.69686708446725409       -2.4568895090408382E-014  -3.4927734414034605E-014   2.6072647644432896E-014  -5.4798997560217337E-008   8.9218680607100390E-009  -8.4325953074840971E-009   5.8084324852306095E-008  -6.1726116212467088E-008  -3.2854013525030352E-009   1.0288898900915673        1.0898650169122121E-014   2.1215496301545208E-014  -1.5501296769007460E-014  -3.0010544855836931E-016  -1.8183256880836053E-015   4.4738757962424593E-016   1.4564621072241381E-015   5.0924497404251509E-017  -8.8573324795315139E-016   9.8021888357882959E-016  -1.2062862420809500E-016   5.7535158009298213E-016  -7.3983955725961228E-017   6.9306102666568930E-009   1.2157540608843247E-009   5.4241075254270446E-009  -4.0497328710321771E-009   1.5844701849956026E-009  -2.8809150116134773E-009   3.7126429790550651E-015   4.3230468078421401E-015  -9.4291091067949655E-015   4.6900328846268369E-008  -9.3375027272718529E-009  -5.8055572810310267E-009  -6.1231019447238389E-008   6.3534708858233071E-008   1.4330714431320393E-008  -1.6268680717125074E-018  -3.0924126001373781E-016   8.3261097928413639E-017   1.3793287160490628E-016   8.5893771038739919E-018  -1.7346008604220770E-016   1.2033698052433773E-016  -1.9791122651900645E-017   7.9193077668943794E-017  -4.3584051242472186E-017 -0.44092361632636234      -0.56763449922098064       0.95592017749112135        7.2646732484940541E-016   9.2836748614218835E-016  -1.8072061526598926E-015 -0.70338611277025487     
   4.3557713648004603E-017   5.9746296740396576E-017   1.5213287895130210E-017  -1.2797566446321973E-017   4.4850054127185917E-017   1.8439223131497300E-017  -1.0464410170401215E-017   4.6237878623120413E-002   8.6160359863924210E-010   3.1903261864142422E-009   7.2423656576750338E-015   2.4471678921037434E-002  -1.1456720835779573E-009  -4.9222555463598111E-009   3.5840916826532967E-017   6.1656275871095555E-017   4.7392530694780644E-017   2.0147590503297694E-016  -3.7036309997187371E-017   1.0166350259402883E-016   1.0898650169122121E-014   1.7344146631113801E-002  -1.6697337373213849E-010  -9.1393501157745344E-010   9.7513611212568853E-011   7.2691844482013938E-011  -2.0817738975272970E-011  -1.1008085441232503E-010   9.0192408793478426E-011  -2.0749653182112141E-011   1.7126787937741496E-011   4.3344552577528883E-011  -9.5669757515721650E-011  -1.6790582255593543E-011  -3.9757275423247272E-016   7.4711651060587193E-016   3.5457729073880446E-016   1.2504853924842042E-015  -9.8870021886086800E-017  -6.3368356129618842E-016   8.8801492434430473E-003  -3.2362089768941219E-010   3.6658174770610074E-009  -2.8076995973770370E-015   4.0600011450182309E-015   1.9382794558950271E-015   6.2901568511061071E-015  -6.6600670828675992E-016  -3.8125563580333363E-015   4.2898377356683319E-011   2.9015439578225776E-012   5.6823664183741978E-012  -4.3840679853644161E-011   2.6938635792885588E-011  -1.3715126697195557E-011   4.3355980254065147E-012   2.8089238953811337E-012  -8.7183476067800611E-012  -6.3290932039620536E-012  -1.4218643779400816E-014  -2.4158616564649617E-014   5.1866017064798115E-014   2.1180005111948062E-003  -6.7302714907999214E-011   6.3973342607599962E-010  -3.8546944052250175E-014
   1.7480052488054243E-016   8.2686372780336187E-017   7.5711582000925139E-018   1.6849857564378821E-017  -2.9988718212104799E-018  -2.2045360641770057E-019   1.0499482001262835E-017   8.8015689909867261E-010   4.6237871081764192E-002   1.0157794473008619E-009   1.4375693078564901E-014  -1.1462642482115274E-009   2.4471694048232479E-002  -3.5016728898116202E-009  -1.4821768450321272E-017  -3.1433998030048210E-017  -4.7281905132153242E-017   4.7918490534118612E-017   1.3310967306502432E-017   8.3179478898554339E-017   2.1215496301545208E-014  -1.6697337373213849E-010   1.7344150479147051E-002  -1.1765114615760524E-009   4.7208776634420978E-011   3.4915241292040904E-010  -1.1518718355300874E-010  -7.9508216238701380E-011   1.6377105077604662E-011   1.6170788917345807E-011  -2.7053842098755250E-010   2.4705479184699714E-010   1.3809805161960272E-011  -9.8288692346696441E-011   4.7098717162398927E-018   1.4500311427124650E-017  -4.1194093764260724E-016  -4.0510675613918923E-016   1.9500486990205796E-016   3.4770216404332305E-016  -2.9384534286817319E-010   8.8801284100860078E-003   8.2853986906328603E-009  -3.7413093056333921E-017   1.0005871695221191E-016  -2.2974953243786470E-015  -1.9539370062932449E-015   9.9599052084944892E-016   2.1314403167913419E-015   5.2751342237504928E-012   5.8565363777079087E-011  -2.2435893452629415E-011  -9.8462841827031856E-012   4.3001367462235146E-012   2.7688655093543811E-012  -5.3856140549017870E-011   5.2376378907051661E-011   1.3689110714624032E-011  -2.2316397121425327E-011  -2.5211969552424019E-014  -4.0517161265519102E-014   8.6724541840686370E-014  -6.1792368780643894E-011   2.1179967997422174E-003   1.4923659479875027E-009  -6.4401163738192364E-014
