   1.9994054687377668E-006   8.6183744534803977E-013   2.7571763457207286E-013  -2.4396300234083265E-016  -1.1055228960898238E-016  -1.3058460176833853E-005  -7.1043146843219292E-012  -1.8181749293717389E-012   4.9197587783862014E-019   1.2193207835032526E-018  -1.5817652274198111E-019   1.0450513645181164E-018  -3.2800825258443180E-019  -1.6002166035410079E-018   3.1907033263152156E-020  -7.9776084163091354E-019   7.1864761226674125E-021  -6.9741605836613129E-019  -7.2085283894431956E-019   3.1104934298199707E-019  -4.6175810685902406E-004  -1.5585367406118872E-010  -4.8555801635769504E-011   5.4760502965490693E-016  -1.3355763718545059E-003  -4.5774723145710456E-010  -1.4867088479643310E-010   7.0224225672265877E-016  -2.2520637616873020E-019  -8.3879400077904527E-019   6.2211184907427521E-019  -4.8201046017552652E-019   1.0852431286652615E-018   6.3000694137997885E-019  -7.1099919906663766E-004   1.7977994601874839E-010   5.9326967724711912E-011   2.6157715055605000E-017   8.8294674896925696E-016
   8.6183744534803977E-013   1.9994049590023198E-006  -3.2949486490774098E-013  -6.4462561890534080E-016  -2.1783492706757015E-016  -7.1043463678295162E-012  -1.3058456105830612E-005   2.5818126895292980E-012   2.1339636788730921E-019   8.8642372698555617E-019  -4.0763004176426943E-019   7.6555177430092273E-019  -3.8488234245955883E-019   9.1563174401368614E-019   5.8210323581516313E-019  -8.0655740829232858E-019   9.8773791553486530E-019   6.9063323254181170E-019   1.0567447294671008E-019  -2.0846534891828684E-019  -1.5585509187047347E-010  -4.6175801505541107E-004   5.9201775589153314E-011   4.9212680198062881E-015  -4.5775119887838095E-010  -1.3355761004799612E-003   1.7566791061486756E-010   6.3620269118188122E-015  -1.8255235717097391E-019   2.2244047121876466E-019  -1.6863475616770463E-019  -7.9458453941537136E-020   6.0168805133486035E-020   1.1561257615186138E-019   1.7978193783371056E-010  -7.1099930591402873E-004  -6.9270977046964832E-011  -7.6233111726081195E-015   3.2680586324528840E-015
   2.7571763457207286E-013  -3.2949486490774098E-013   1.9994061505278963E-006   2.5230590681855715E-016   8.2237382311840709E-017  -1.8181601997959361E-012   2.5817579765743724E-012  -1.3058464252897255E-005  -2.1324306942766571E-018  -8.5996492716656388E-019  -2.7521785705729349E-019  -1.7825154143775948E-018   1.5750019417526272E-018  -1.6337339522288471E-018  -1.1712448836575266E-018   1.3054311952278669E-019  -1.8105633320873403E-020  -1.7575687094666177E-018  -1.6500903352613043E-018  -1.1917615789994485E-018  -4.8555062881942338E-011   5.9199340074251034E-011  -4.6175822572078835E-004  -2.1685788748865311E-015  -1.4866870823182566E-010   1.7566097684211023E-010  -1.3355767415396177E-003  -2.7788649127520666E-015  -1.8694527051554156E-019   5.1204490663453775E-019  -1.9214937263557236E-020   6.0058366650675566E-019   2.6262080068890938E-019  -8.7698473698932457E-019   5.9330070057128963E-011  -6.9271763956195921E-011  -7.1099905068565481E-004   4.1716838027416696E-015  -1.1607970602790333E-015
  -2.4396300234083265E-016  -6.4462561890534080E-016   2.5230590681855715E-016  0.51431248926783457       0.26643746493329701        1.6185252271692587E-016   5.2609242607004070E-016  -1.5002698249897556E-016   7.0323024740152429E-009   1.9434527248192085E-008  -2.8674809423703813E-009  -6.5793426672701249E-010  -4.7459493635262687E-009  -6.3743294982123664E-009   4.4816121286672160E-009   1.0611434444997644E-009  -4.7230047081717125E-009   5.1998488133603864E-009   1.0900203104012821E-009  -9.6814309304834345E-009   5.0041290100447577E-016  -3.0913996049152033E-016  -9.5619798161286005E-016 -0.16051713114856475        1.3215581233105083E-015  -1.4097074388491029E-016  -2.7057640011327109E-015  -9.9625018487892333E-002   2.1782619744780537E-009   1.1555769682573466E-009  -2.1319929502025706E-009   2.2098760529280099E-009   2.9732861989511645E-010  -4.3881344601992296E-009   3.0756618599734627E-016  -1.4913772518131991E-016   1.5427892303334439E-015   4.5007612040077638E-002  -1.1230754502840067E-002
  -1.1055228960898238E-016  -2.1783492706757015E-016   8.2237382311840709E-017  0.26643746493329701       0.13836858073643160        1.9965879650745328E-017   1.6538568616854321E-016  -3.8186814514310733E-017   3.6423336676364238E-009   1.0088439535600553E-008  -1.4794497037398610E-009  -3.5191604053527710E-010  -2.4662922047753927E-009  -3.2903964384919889E-009   2.3338426289873268E-009   4.8598945106397856E-010  -2.4765825773175733E-009   2.7409240247030013E-009   5.9184110804527179E-010  -5.0747510944593937E-009  -2.4754599904519378E-015   1.7383099896915884E-015   3.4287766819070481E-018  -7.1400399116685082E-002  -6.7339743345379003E-015   4.7745642345126039E-015  -1.4389552717845154E-016  -3.5453380144406466E-002   1.1406459185476836E-009   5.7216774449652999E-010  -1.1248422515343817E-009   1.1735504109040452E-009   1.6766790861720266E-010  -2.3141941984686512E-009   1.1732599023277805E-014  -5.9461314483522037E-015  -4.8004043279602815E-015   1.9111023669268229E-002  -6.0131905206509918E-003
  -1.3058460176833853E-005  -7.1043463678295162E-012  -1.8181601997959361E-012   1.6185252271692587E-016   1.9965879650745328E-017   1.0722709389016270E-004   5.7620716362406532E-011   1.0120060964544521E-011   1.8898301658521931E-017  -7.0793441256317543E-018   5.4680280501949127E-018   1.4878294771413106E-018   3.7726831965206287E-018   1.7512553307698213E-017   4.5444110226885632E-019   1.2941098240843369E-018  -6.6211187215869857E-018   1.4194910206583279E-017   4.8572080445479304E-018   7.2195387979774216E-018   4.2288616293850211E-003   1.1286931638713794E-009   1.7676372730092536E-010  -3.2959911679474344E-016   1.1964062506162243E-002   3.3535790301665317E-009   6.0893033047290857E-010  -4.4596042676048015E-016   4.2550280434398247E-018   7.3223872609304653E-018  -2.1999805249903267E-018   5.3467406037677824E-018  -8.1766702120002683E-018  -5.5417759558868799E-018  -1.8493865455017457E-003  -1.2854118681600919E-009  -2.3597029040000491E-010  -6.6348067195548872E-016  -1.4547750036403401E-015
  -7.1043146843219292E-012  -1.3058456105830612E-005   2.5817579765743724E-012   5.2609242607004070E-016   1.6538568616854321E-016   5.7620716362406532E-011   1.0722706220309892E-004  -1.9572955362873058E-011  -9.4868486870172266E-018  -3.0099357214286062E-018   3.5145853435897772E-018  -9.7493021408616410E-018   3.7323926741536189E-018  -1.5083175049598728E-017  -7.7658070826749405E-018   3.0580622655621860E-018  -8.4492761990509468E-018  -8.6381799134470918E-018  -2.5925829606774904E-018  -2.4495217467755027E-018   1.1286943333448729E-009   4.2288610148680742E-003  -3.7705903477853437E-010  -6.0865779467920403E-015   3.3535822534969993E-009   1.1964060656210428E-002  -1.1450570383844735E-009  -7.8838544010147549E-015   1.2048498462787926E-018  -2.3513472727673096E-018   1.1895363218330702E-018  -1.4332370753368097E-018   7.7207323457146713E-020  -2.0207330481332252E-018  -1.2854145432144228E-009  -1.8493858356911994E-003   4.3965388291835782E-010   1.0574351101500016E-014  -5.0585953115216013E-015
  -1.8181749293717389E-012   2.5818126895292980E-012  -1.3058464252897255E-005  -1.5002698249897556E-016  -3.8186814514310733E-017   1.0120060964544521E-011  -1.9572955362873058E-011   1.0722711123674962E-004   1.6735786688817415E-017   9.4910972629330900E-018   4.0217897846933173E-018   1.1150636463765340E-017  -7.9057606164132129E-018   4.3113898362528442E-018   5.5626462322663430E-018  -4.8777691753686542E-018  -3.1486687083294622E-018   9.7938123168171057E-018   6.7809512995060984E-018   8.9529878591472797E-018   1.7676224662338258E-010  -3.7705631047318525E-010   4.2288618962506817E-003   1.6425796630397771E-015   6.0892600845807257E-010  -1.1450493818728769E-009   1.1964063583439946E-002   2.0461723456174918E-015  -1.8536814378018835E-018  -3.3381203999886616E-018  -1.2469917069030433E-018  -1.8963681683546538E-018   3.1588403806960370E-018   5.6365291560090135E-018  -2.3597668808390124E-010   4.3965486796352792E-010  -1.8493869671540118E-003  -4.5879698288980216E-015   3.2786281698307976E-016
   4.9197587783862014E-019   2.1339636788730921E-019  -2.1324306942766571E-018   7.0323024740152429E-009   3.6423336676364238E-009   1.8898301658521931E-017  -9.4868486870172266E-018   1.6735786688817415E-017   9.6156519163611104E-017   2.6568383318087168E-016  -3.9222723286595065E-017  -8.9689587408521089E-018  -6.4873945242922812E-017  -8.7187033244899262E-017   6.1248714992522295E-017   1.4666664328256370E-017  -6.4505719278623008E-017   7.0983059370573665E-017   1.4837226984680759E-017  -1.3223136413632454E-016   1.1088981373823663E-015  -4.9674228588674005E-016   6.4775913626432794E-016  -2.2242406716717188E-009   2.9378769742121075E-015  -1.3381346524517778E-015   1.8393339914635270E-015  -1.4008636202396622E-009   2.9752876966603055E-017   1.5867179510403896E-017  -2.9099625960488652E-017   3.0143431425798078E-017   4.0309974959299030E-018  -5.9896260364883722E-017  -6.7187347394866489E-015   2.3192133486491359E-015  -7.2855582830075423E-017   6.6875326944114042E-010  -1.7333379698957788E-010
   1.2193207835032526E-018   8.8642372698555617E-019  -8.5996492716656388E-019   1.9434527248192085E-008   1.0088439535600553E-008  -7.0793441256317543E-018  -3.0099357214286062E-018   9.4910972629330900E-018   2.6568383318087168E-016   7.3563868808238307E-016  -1.0797868949974645E-016  -2.5548161280333731E-017  -1.7981033406981796E-016  -2.4013414312738390E-016   1.7009936753088248E-016   3.6138579086061183E-017  -1.8031925654852030E-016   1.9941283491642783E-016   4.2874831408225104E-017  -3.6951106705587143E-016  -2.3270941446246150E-016  -5.1043259908616644E-017   4.1282395681694694E-016  -5.3326305743940189E-009  -6.8385907453793587E-016  -1.8151002747015218E-016   1.1468229198546325E-015  -2.7686268838923715E-009   8.3074204456869742E-017   4.2013145003922603E-017  -8.1835842129563502E-017   8.5301119811279557E-017   1.2087247142053231E-017  -1.6837517157724518E-016  -6.9530357683879062E-016  -1.1378155090101311E-015  -8.4082296788603104E-016   1.1691217754731597E-009  -3.1502555014790798E-010
  -1.5817652274198111E-019  -4.0763004176426943E-019  -2.7521785705729349E-019  -2.8674809423703813E-009  -1.4794497037398610E-009   5.4680280501949127E-018   3.5145853435897772E-018   4.0217897846933173E-018  -3.9222723286595065E-017  -1.0797868949974645E-016   1.6100170744459557E-017   3.4624459910722994E-018   2.6318858408362616E-017   3.5760080710538572E-017  -2.4761943124046245E-017  -7.1041660888303948E-018   2.5778343659014292E-017  -2.8114526492103644E-017  -5.5716711865635731E-018   5.2876302773742009E-017   2.8173361073557329E-016   1.4126251997270020E-016   1.8653987039938540E-016   1.1151836652214701E-009   7.6083060319137344E-016   3.9819756093811550E-016   5.1243547085607188E-016   8.5322289093695526E-010  -1.1914904907521028E-017  -6.9398631366527221E-018   1.1503552664131405E-017  -1.1780701288159991E-017  -1.4014702834466860E-018   2.3695591716594999E-017  -1.2562488410659768E-015  -1.0726152020592597E-016  -5.6040505736018522E-016  -4.4632340978165322E-010   1.1261793571828697E-010
   1.0450513645181164E-018   7.6555177430092273E-019  -1.7825154143775948E-018  -6.5793426672701249E-010  -3.5191604053527710E-010   1.4878294771413106E-018  -9.7493021408616410E-018   1.1150636463765340E-017  -8.9689587408521089E-018  -2.5548161280333731E-017   3.4624459910722994E-018   1.2169760396812059E-018   6.3296360316341874E-018   7.7518977213002914E-018  -6.1431710721966564E-018   8.0830739536369780E-019   7.0526743945129839E-018  -8.2505392972353107E-018  -2.3163379146553971E-018   1.4393671152715325E-017   2.1827736761132597E-016  -4.3938855306922398E-016   3.8450547682722637E-016  -1.9596435153916426E-010   5.3002728237228958E-016  -1.2129958956300740E-015   1.1181202641734736E-015  -4.1616081843295071E-010  -3.2048847895742988E-018  -5.7272318799223571E-019   3.4251012872258162E-018  -3.8108613452304745E-018  -8.4711941610854006E-019   7.0157317362547765E-018  -2.8318863393468376E-015   1.1333052014682123E-015   7.7926572364369894E-016   2.7438150500488261E-010  -6.5162928089779103E-011
  -3.2800825258443180E-019  -3.8488234245955883E-019   1.5750019417526272E-018  -4.7459493635262687E-009  -2.4662922047753927E-009   3.7726831965206287E-018   3.7323926741536189E-018  -7.9057606164132129E-018  -6.4873945242922812E-017  -1.7981033406981796E-016   2.6318858408362616E-017   6.3296360316341874E-018   4.3972486547751381E-017   5.8543927320099537E-017  -4.1637716098424200E-017  -8.3015524279843963E-018   4.4278646485387138E-017  -4.9083444611272041E-017  -1.0692982640906102E-017   9.0720883244070294E-017   1.6589575874136059E-016   1.5626564497514116E-016  -2.3210863102862181E-016   1.2052198584482186E-009   4.5996296251782603E-016   4.3712704803073265E-016  -7.0035967467054000E-016   5.4471051850744473E-010  -2.0388025691527667E-017  -1.0040762197865218E-017   2.0153166019305848E-017  -2.1068569655824737E-017  -3.0645766351147729E-018   4.1456555681624618E-017  -3.6586434512408097E-016  -2.2378348183791740E-016  -1.2646805266035475E-015  -2.0459973690639422E-010   5.7388689949064940E-011
  -1.6002166035410079E-018   9.1563174401368614E-019  -1.6337339522288471E-018  -6.3743294982123664E-009  -3.2903964384919889E-009   1.7512553307698213E-017  -1.5083175049598728E-017   4.3113898362528442E-018  -8.7187033244899262E-017  -2.4013414312738390E-016   3.5760080710538572E-017   7.7518977213002914E-018   5.8543927320099537E-017   7.9434693332748328E-017  -5.5105167502307823E-017  -1.5475095319022668E-017   5.7452593798163450E-017  -6.2731977775708760E-017  -1.2520720226698246E-017   1.1783677427035210E-016   7.5997540375295657E-016  -7.1476023764443369E-016   2.5736375114751990E-017   2.4202303068380789E-009   2.1120775542721068E-015  -1.9564147095803600E-015   1.5193259416365986E-016   1.8170690362511561E-009  -2.6547789642944146E-017  -1.5294453282327307E-017   2.5674299745264826E-017  -2.6332312800575249E-017  -3.1838124997859895E-018   5.2880068815681467E-017  -1.5206916660331038E-015   2.3684154784073837E-015   2.4628091803804834E-015  -9.4312531718377723E-010   2.3850854609961494E-010
   3.1907033263152156E-020   5.8210323581516313E-019  -1.1712448836575266E-018   4.4816121286672160E-009   2.3338426289873268E-009   4.5444110226885632E-019  -7.7658070826749405E-018   5.5626462322663430E-018   6.1248714992522295E-017   1.7009936753088248E-016  -2.4761943124046245E-017  -6.1431710721966564E-018  -4.1637716098424200E-017  -5.5105167502307823E-017   3.9500123792203858E-017   6.8809960784880080E-018  -4.2259734706177564E-017   4.7057015758153547E-017   1.0505323181076339E-017  -8.6556877183058026E-017   2.9278577220508635E-017  -3.5359977662987346E-016   1.5511089017185981E-016  -9.6060338782361913E-010   7.6606592927190538E-017  -9.7443377574297982E-016   4.7407186248105786E-016  -2.7369986882959541E-010   1.9437435359890472E-017   9.0810698270504858E-018  -1.9339211373728079E-017   2.0330155180443953E-017   3.1002878520333123E-018  -3.9767548741177467E-017  -2.0751125675536849E-016   9.6612114904632731E-016   1.0341246102540299E-015   5.2315171234693749E-011  -2.0507366844115553E-011
  -7.9776084163091354E-019  -8.0655740829232858E-019   1.3054311952278669E-019   1.0611434444997644E-009   4.8598945106397856E-010   1.2941098240843369E-018   3.0580622655621860E-018  -4.8777691753686542E-018   1.4666664328256370E-017   3.6138579086061183E-017  -7.1041660888303948E-018   8.0830739536369780E-019  -8.3015524279843963E-018  -1.5475095319022668E-017   6.8809960784880080E-018   1.4689417091243018E-017  -3.9121535826033143E-018   1.5032648406016766E-018  -3.0716827323564444E-018  -8.3842038861618062E-018  -3.2281059110291460E-017   6.4102286550179266E-017  -2.5269666833424082E-016  -2.6480392637902449E-009  -4.5642924420823196E-017   2.1233533546449608E-016  -6.8183795060271096E-016  -3.3410463926588029E-009   2.0784228674805769E-018   7.6128623166296689E-018  -3.6963084544835075E-019  -1.1218350017241552E-018  -2.0817314591077679E-018  -9.5663736113916388E-019   1.4426616730768170E-015   9.4071492141922719E-016   1.1448307429481164E-015   2.0784082024037375E-009  -5.0665544827274822E-010
   7.1864761226674125E-021   9.8773791553486530E-019  -1.8105633320873403E-020  -4.7230047081717125E-009  -2.4765825773175733E-009  -6.6211187215869857E-018  -8.4492761990509468E-018  -3.1486687083294622E-018  -6.4505719278623008E-017  -1.8031925654852030E-016   2.5778343659014292E-017   7.0526743945129839E-018   4.4278646485387138E-017   5.7452593798163450E-017  -4.2259734706177564E-017  -3.9121535826033143E-018   4.6094194540846071E-017  -5.2056267734593085E-017  -1.2492629319250386E-017   9.4315724640205413E-017  -3.6513872212151586E-016  -3.3859322586538915E-016  -1.7644302270699398E-016   3.9340091315709324E-010  -9.7599857543391269E-016  -9.5498636895477333E-016  -4.7052530537473223E-016  -5.4929037655975584E-010  -2.1129756012009057E-017  -8.1734007616872647E-018   2.1457231550328570E-017  -2.2942912767960743E-017  -3.9872787967308092E-018   4.4072609542766906E-017   1.9430420489250643E-015   2.4009886581330258E-016   9.7327247404899217E-016   4.7314840023373598E-010  -1.0669366604761597E-010
  -6.9741605836613129E-019   6.9063323254181170E-019  -1.7575687094666177E-018   5.1998488133603864E-009   2.7409240247030013E-009   1.4194910206583279E-017  -8.6381799134470918E-018   9.7938123168171057E-018   7.0983059370573665E-017   1.9941283491642783E-016  -2.8114526492103644E-017  -8.2505392972353107E-018  -4.9083444611272041E-017  -6.2731977775708760E-017   4.7057015758153547E-017   1.5032648406016766E-018  -5.2056267734593085E-017   5.9381307136489507E-017   1.4947387160969477E-017  -1.0643801595404745E-016   6.9404946734907159E-016  -3.8770765692659675E-016   3.1273571251074903E-016   8.6553982446318443E-011   1.8899686993399594E-015  -1.0710925529521650E-015   9.2508467087155501E-016   1.3081195913778338E-009   2.3804915682191718E-017   7.8258296592788521E-018  -2.4527319143144292E-017   2.6533571682136717E-017   4.9943649520228128E-018  -5.0338409395525118E-017  -2.6048945224587867E-015   9.7595220275747790E-016   1.1237061426122580E-015  -9.6447305407123741E-010   2.2520180472133049E-010
  -7.2085283894431956E-019   1.0567447294671008E-019  -1.6500903352613043E-018   1.0900203104012821E-009   5.9184110804527179E-010   4.8572080445479304E-018  -2.5925829606774904E-018   6.7809512995060984E-018   1.4837226984680759E-017   4.2874831408225104E-017  -5.5716711865635731E-018  -2.3163379146553971E-018  -1.0692982640906102E-017  -1.2520720226698246E-017   1.0505323181076339E-017  -3.0716827323564444E-018  -1.2492629319250386E-017   1.4947387160969477E-017   4.5749580740634784E-018  -2.5452644679637286E-017   1.7472807366343505E-016  -1.2958763994072680E-016   1.6014668912673387E-016   6.4585991128142715E-010   5.0356047388763449E-016  -3.5163082925610964E-016   5.1190305851174245E-016   1.1238213107990492E-009   5.6446259423672640E-018   2.2389315464069673E-019  -6.2331588684825945E-018   7.1013383239462708E-018   1.7771511364578625E-018  -1.2745932520208810E-017   2.1218695400856455E-016   5.2544625253878333E-016   1.7693887807707725E-015  -7.3794554893138837E-010   1.7733614436871336E-010
   3.1104934298199707E-019  -2.0846534891828684E-019  -1.1917615789994485E-018  -9.6814309304834345E-009  -5.0747510944593937E-009   7.2195387979774216E-018  -2.4495217467755027E-018   8.9529878591472797E-018  -1.3223136413632454E-016  -3.6951106705587143E-016   5.2876302773742009E-017   1.4393671152715325E-017   9.0720883244070294E-017   1.1783677427035210E-016  -8.6556877183058026E-017  -8.3842038861618062E-018   9.4315724640205413E-017  -1.0643801595404745E-016  -2.5452644679637286E-017   1.9299432383102779E-016   4.3964393639674461E-016  -1.6256343156931090E-016   3.3988828552510492E-016   8.7404098659303463E-010   1.1588729894124640E-015  -4.2374995530454660E-016   9.6883272247204051E-016  -1.0344244234394917E-009  -4.3242222929033788E-017  -1.6906834213719856E-017   4.3866404436804878E-017  -4.6863595554439059E-017  -8.0946343388044732E-018   9.0105698715743885E-017  -2.8484083343907674E-015   1.2019704584057145E-015   7.7732835439775191E-017   9.1215627430094877E-010  -2.0468682388297932E-010
  -4.6175810685902406E-004  -1.5585509187047347E-010  -4.8555062881942338E-011   5.0041290100447577E-016  -2.4754599904519378E-015   4.2288616293850211E-003   1.1286943333448729E-009   1.7676224662338258E-010   1.1088981373823663E-015  -2.3270941446246150E-016   2.8173361073557329E-016   2.1827736761132597E-016   1.6589575874136059E-016   7.5997540375295657E-016   2.9278577220508635E-017  -3.2281059110291460E-017  -3.6513872212151586E-016   6.9404946734907159E-016   1.7472807366343505E-016   4.3964393639674461E-016  0.17370957779478427       -4.2533974959650141E-009  -2.5322997718849635E-009   1.5361538699385502E-016  0.48764965040812636       -4.4185654109693821E-009  -2.4950891362095174E-009   2.8292411178718215E-016   2.0594431700866510E-016   2.9567479023413284E-016  -4.0664528483986084E-017   2.3287992719532349E-016  -3.1083081557322870E-016  -2.2440098862252582E-016 -0.19478934150654545        1.9480887126507924E-009   1.1130364794233378E-009   6.0954196859875227E-016   6.7706458604610733E-016
  -1.5585367406118872E-010  -4.6175801505541107E-004   5.9199340074251034E-011  -3.0913996049152033E-016   1.7383099896915884E-015   1.1286931638713794E-009   4.2288610148680742E-003  -3.7705631047318525E-010  -4.9674228588674005E-016  -5.1043259908616644E-017   1.4126251997270020E-016  -4.3938855306922398E-016   1.5626564497514116E-016  -7.1476023764443369E-016  -3.5359977662987346E-016   6.4102286550179266E-017  -3.3859322586538915E-016  -3.8770765692659675E-016  -1.2958763994072680E-016  -1.6256343156931090E-016  -4.2533974959650141E-009  0.17370958064759737        1.9722709958461006E-009   4.3643879893920110E-015  -4.4185662737507174E-009  0.48764965333271515        2.0088136139526929E-009   5.6143823699720143E-015   4.2854854127963848E-017  -1.0105127960187269E-016   4.3820011825569335E-017  -8.9584351568338469E-017   1.2099676481662252E-017  -9.6676067202861013E-017   1.9480899633798776E-009 -0.19478934279969143       -8.8949294006661354E-010  -8.1503111350941193E-015   3.2390402975989541E-015
  -4.8555801635769504E-011   5.9201775589153314E-011  -4.6175822572078835E-004  -9.5619798161286005E-016   3.4287766819070481E-018   1.7676372730092536E-010  -3.7705903477853437E-010   4.2288618962506817E-003   6.4775913626432794E-016   4.1282395681694694E-016   1.8653987039938540E-016   3.8450547682722637E-016  -2.3210863102862181E-016   2.5736375114751990E-017   1.5511089017185981E-016  -2.5269666833424082E-016  -1.7644302270699398E-016   3.1273571251074903E-016   1.6014668912673387E-016   3.3988828552510492E-016  -2.5322997718849635E-009   1.9722709958461006E-009  0.17370957045110114       -1.0479398389612662E-016  -2.4950868305180724E-009   2.0088090127323671E-009  0.48764964323962040       -1.0378709771665271E-015  -1.2681937637963568E-016  -1.1791701103518639E-016  -7.1445835559775753E-017  -2.6679758707794888E-017   2.0882982565116052E-016   1.9749435815118235E-016   1.1130426236309306E-009  -8.8949303873825746E-010 -0.19478933830194611        1.3720659175431089E-015   8.9511395113798091E-016
   5.4760502965490693E-016   4.9212680198062881E-015  -2.1685788748865311E-015 -0.16051713114856475       -7.1400399116685082E-002  -3.2959911679474344E-016  -6.0865779467920403E-015   1.6425796630397771E-015  -2.2242406716717188E-009  -5.3326305743940189E-009   1.1151836652214701E-009  -1.9596435153916426E-010   1.2052198584482186E-009   2.4202303068380789E-009  -9.6060338782361913E-010  -2.6480392637902449E-009   3.9340091315709324E-010   8.6553982446318443E-011   6.4585991128142715E-010   8.7404098659303463E-010   1.5361538699385502E-016   4.3643879893920110E-015  -1.0479398389612662E-016  0.47972008681966799        1.6792956912866618E-016  -2.7816422598250385E-015   4.7848438942570673E-016  0.61166327573587187       -2.3168450290248475E-010  -1.3304099918814903E-009  -8.1989529905262713E-011   3.6412144456575976E-010   4.0710829350218747E-010  -1.3242749198536180E-010   3.3341424641292128E-016   1.4558598564895060E-015  -6.7849819223476407E-016 -0.40251759279451949       0.10141595955877236     
  -1.3355763718545059E-003  -4.5775119887838095E-010  -1.4866870823182566E-010   1.3215581233105083E-015  -6.7339743345379003E-015   1.1964062506162243E-002   3.3535822534969993E-009   6.0892600845807257E-010   2.9378769742121075E-015  -6.8385907453793587E-016   7.6083060319137344E-016   5.3002728237228958E-016   4.5996296251782603E-016   2.1120775542721068E-015   7.6606592927190538E-017  -4.5642924420823196E-017  -9.7599857543391269E-016   1.8899686993399594E-015   5.0356047388763449E-016   1.1588729894124640E-015  0.48764965040812636       -4.4185662737507174E-009  -2.4950868305180724E-009   1.6792956912866618E-016   1.3709645667609314        8.7268644889483550E-009   5.9584069216122096E-009   2.7183664821813120E-016   5.6173741449146802E-016   8.3272795605916419E-016  -1.4032271342518831E-016   6.4678089477674967E-016  -8.8576986048337612E-016  -6.3165943214023722E-016 -0.48427361425641657       -2.7331862690203550E-009  -1.8833690579718411E-009  -7.4281796529083377E-017  -6.2199109943865341E-017
  -4.5774723145710456E-010  -1.3355761004799612E-003   1.7566097684211023E-010  -1.4097074388491029E-016   4.7745642345126039E-015   3.3535790301665317E-009   1.1964060656210428E-002  -1.1450493818728769E-009  -1.3381346524517778E-015  -1.8151002747015218E-016   3.9819756093811550E-016  -1.2129958956300740E-015   4.3712704803073265E-016  -1.9564147095803600E-015  -9.7443377574297982E-016   2.1233533546449608E-016  -9.5498636895477333E-016  -1.0710925529521650E-015  -3.5163082925610964E-016  -4.2374995530454660E-016  -4.4185654109693821E-009  0.48764965333271515        2.0088090127323671E-009  -2.7816422598250385E-015   8.7268644889483550E-009   1.3709645606881993       -4.2719525142916576E-009  -3.7994030458457200E-015   1.2379914422568689E-016  -2.8132816621433645E-016   1.2566915047749655E-016  -2.3531969071911446E-016   2.9267049931470174E-017  -2.6419958821042689E-016  -2.7331877087688493E-009 -0.48427361234953098        1.3430359304898624E-009   5.6043086036269947E-015  -2.3530033622163780E-015
  -1.4867088479643310E-010   1.7566791061486756E-010  -1.3355767415396177E-003  -2.7057640011327109E-015  -1.4389552717845154E-016   6.0893033047290857E-010  -1.1450570383844735E-009   1.1964063583439946E-002   1.8393339914635270E-015   1.1468229198546325E-015   5.1243547085607188E-016   1.1181202641734736E-015  -7.0035967467054000E-016   1.5193259416365986E-016   4.7407186248105786E-016  -6.8183795060271096E-016  -4.7052530537473223E-016   9.2508467087155501E-016   5.1190305851174245E-016   9.6883272247204051E-016  -2.4950891362095174E-009   2.0088136139526929E-009  0.48764964323962040        4.7848438942570673E-016   5.9584069216122096E-009  -4.2719525142916576E-009   1.3709645844188676       -1.8118880520044596E-015  -3.2933863114790833E-016  -3.4113426465222293E-016  -1.8992149514003907E-016  -1.0186039879172554E-016   5.4461404354004659E-016   5.7233912696399604E-016  -1.8833769450547549E-009   1.3430363150896066E-009 -0.48427361984531231        1.5730473818735660E-015  -7.1256607762056376E-016
   7.0224225672265877E-016   6.3620269118188122E-015  -2.7788649127520666E-015  -9.9625018487892333E-002  -3.5453380144406466E-002  -4.4596042676048015E-016  -7.8838544010147549E-015   2.0461723456174918E-015  -1.4008636202396622E-009  -2.7686268838923715E-009   8.5322289093695526E-010  -4.1616081843295071E-010   5.4471051850744473E-010   1.8170690362511561E-009  -2.7369986882959541E-010  -3.3410463926588029E-009  -5.4929037655975584E-010   1.3081195913778338E-009   1.1238213107990492E-009  -1.0344244234394917E-009   2.8292411178718215E-016   5.6143823699720143E-015  -1.0378709771665271E-015  0.61166327573587187        2.7183664821813120E-016  -3.7994030458457200E-015  -1.8118880520044596E-015  0.80755093357911123        1.8289552311090956E-010  -1.5334949854389957E-009  -5.9592825027623520E-010   9.9462414025548348E-010   6.1739817990757199E-010  -1.1775061719442600E-009  -1.6323635318168245E-015   3.4812182190614846E-016   3.7350674809247223E-015 -0.44569444695918736       0.10194191655399884     
  -2.2520637616873020E-019  -1.8255235717097391E-019  -1.8694527051554156E-019   2.1782619744780537E-009   1.1406459185476836E-009   4.2550280434398247E-018   1.2048498462787926E-018  -1.8536814378018835E-018   2.9752876966603055E-017   8.3074204456869742E-017  -1.1914904907521028E-017  -3.2048847895742988E-018  -2.0388025691527667E-017  -2.6547789642944146E-017   1.9437435359890472E-017   2.0784228674805769E-018  -2.1129756012009057E-017   2.3804915682191718E-017   5.6446259423672640E-018  -4.3242222929033788E-017   2.0594431700866510E-016   4.2854854127963848E-017  -1.2681937637963568E-016  -2.3168450290248475E-010   5.6173741449146802E-016   1.2379914422568689E-016  -3.2933863114790833E-016   1.8289552311090956E-010   9.6932256389204292E-018   3.8824367947565269E-018  -9.8094700474531567E-018   1.0459057003799465E-017   1.7808637626453416E-018  -2.0152256488535926E-017  -7.4387620558595746E-016   6.1200696319795429E-017   9.7640421588032191E-016  -2.3350269452004042E-010   5.6099357496547845E-011
  -8.3879400077904527E-019   2.2244047121876466E-019   5.1204490663453775E-019   1.1555769682573466E-009   5.7216774449652999E-010   7.3223872609304653E-018  -2.3513472727673096E-018  -3.3381203999886616E-018   1.5867179510403896E-017   4.2013145003922603E-017  -6.9398631366527221E-018  -5.7272318799223571E-019  -1.0040762197865218E-017  -1.5294453282327307E-017   9.0810698270504858E-018   7.6128623166296689E-018  -8.1734007616872647E-018   7.8258296592788521E-018   2.2389315464069673E-019  -1.6906834213719856E-017   2.9567479023413284E-016  -1.0105127960187269E-016  -1.1791701103518639E-016  -1.3304099918814903E-009   8.3272795605916419E-016  -2.8132816621433645E-016  -3.4113426465222293E-016  -1.5334949854389957E-009   3.8824367947565269E-018   4.7855429566196925E-018  -3.1029693254178454E-018   2.5861803140133016E-018  -4.6048022462802818E-019  -6.4686329655615388E-018  -2.4746959177495358E-016   1.8679681546697519E-016  -1.8388985351369166E-016   9.9805679488194836E-010  -2.4820375486913849E-010
   6.2211184907427521E-019  -1.6863475616770463E-019  -1.9214937263557236E-020  -2.1319929502025706E-009  -1.1248422515343817E-009  -2.1999805249903267E-018   1.1895363218330702E-018  -1.2469917069030433E-018  -2.9099625960488652E-017  -8.1835842129563502E-017   1.1503552664131405E-017   3.4251012872258162E-018   2.0153166019305848E-017   2.5674299745264826E-017  -1.9339211373728079E-017  -3.6963084544835075E-019   2.1457231550328570E-017  -2.4527319143144292E-017  -6.2331588684825945E-018   4.3866404436804878E-017  -4.0664528483986084E-017   4.3820011825569335E-017  -7.1445835559775753E-017  -8.1989529905262713E-011  -1.4032271342518831E-016   1.2566915047749655E-016  -1.8992149514003907E-016  -5.9592825027623520E-010  -9.8094700474531567E-018  -3.1029693254178454E-018   1.0138320096604676E-017  -1.0994364725134413E-017  -2.1023488265148228E-018   2.0803801571688676E-017  -7.7261212721124896E-016   3.3868409580488041E-017   4.1301902027053219E-016   5.1541315944763246E-010  -1.2598283629411303E-010
  -4.8201046017552652E-019  -7.9458453941537136E-020   6.0058366650675566E-019   2.2098760529280099E-009   1.1735504109040452E-009   5.3467406037677824E-018  -1.4332370753368097E-018  -1.8963681683546538E-018   3.0143431425798078E-017   8.5301119811279557E-017  -1.1780701288159991E-017  -3.8108613452304745E-018  -2.1068569655824737E-017  -2.6332312800575249E-017   2.0330155180443953E-017  -1.1218350017241552E-018  -2.2942912767960743E-017   2.6533571682136717E-017   7.1013383239462708E-018  -4.6863595554439059E-017   2.3287992719532349E-016  -8.9584351568338469E-017  -2.6679758707794888E-017   3.6412144456575976E-010   6.4678089477674967E-016  -2.3531969071911446E-016  -1.0186039879172554E-016   9.9462414025548348E-010   1.0459057003799465E-017   2.5861803140133016E-018  -1.0994364725134413E-017   1.2080809730479692E-017   2.5039961098206134E-018  -2.2539825447479314E-017  -4.7927264867759737E-016   6.0601410284597596E-016  -8.1320681636251783E-016  -7.9359783439663833E-010   1.9484215150515222E-010
   1.0852431286652615E-018   6.0168805133486035E-020   2.6262080068890938E-019   2.9732861989511645E-010   1.6766790861720266E-010  -8.1766702120002683E-018   7.7207323457146713E-020   3.1588403806960370E-018   4.0309974959299030E-018   1.2087247142053231E-017  -1.4014702834466860E-018  -8.4711941610854006E-019  -3.0645766351147729E-018  -3.1838124997859895E-018   3.1002878520333123E-018  -2.0817314591077679E-018  -3.9872787967308092E-018   4.9943649520228128E-018   1.7771511364578625E-018  -8.0946343388044732E-018  -3.1083081557322870E-016   1.2099676481662252E-017   2.0882982565116052E-016   4.0710829350218747E-010  -8.8576986048337612E-016   2.9267049931470174E-017   5.4461404354004659E-016   6.1739817990757199E-010   1.7808637626453416E-018  -4.6048022462802818E-019  -2.1023488265148228E-018   2.5039961098206134E-018   7.5366241227499276E-019  -4.2848454997668999E-018  -6.3704206161587316E-017  -1.6053384882160546E-016  -1.5358476221357294E-015  -4.3951364009774457E-010   1.0865214215381301E-010
   6.3000694137997885E-019   1.1561257615186138E-019  -8.7698473698932457E-019  -4.3881344601992296E-009  -2.3141941984686512E-009  -5.5417759558868799E-018  -2.0207330481332252E-018   5.6365291560090135E-018  -5.9896260364883722E-017  -1.6837517157724518E-016   2.3695591716594999E-017   7.0157317362547765E-018   4.1456555681624618E-017   5.2880068815681467E-017  -3.9767548741177467E-017  -9.5663736113916388E-019   4.4072609542766906E-017  -5.0338409395525118E-017  -1.2745932520208810E-017   9.0105698715743885E-017  -2.2440098862252582E-016  -9.6676067202861013E-017   1.9749435815118235E-016  -1.3242749198536180E-010  -6.3165943214023722E-016  -2.6419958821042689E-016   5.7233912696399604E-016  -1.1775061719442600E-009  -2.0152256488535926E-017  -6.4686329655615388E-018   2.0803801571688676E-017  -2.2539825447479314E-017  -4.2848454997668999E-018   4.2692014495323972E-017   1.9830768342692212E-016   3.3342889525894066E-016   3.3886361215044680E-016   1.0270888246385395E-009  -2.5094131013699301E-010
  -7.1099919906663766E-004   1.7978193783371056E-010   5.9330070057128963E-011   3.0756618599734627E-016   1.1732599023277805E-014  -1.8493865455017457E-003  -1.2854145432144228E-009  -2.3597668808390124E-010  -6.7187347394866489E-015  -6.9530357683879062E-016  -1.2562488410659768E-015  -2.8318863393468376E-015  -3.6586434512408097E-016  -1.5206916660331038E-015  -2.0751125675536849E-016   1.4426616730768170E-015   1.9430420489250643E-015  -2.6048945224587867E-015   2.1218695400856455E-016  -2.8484083343907674E-015 -0.19478934150654545        1.9480899633798776E-009   1.1130426236309306E-009   3.3341424641292128E-016 -0.48427361425641657       -2.7331877087688493E-009  -1.8833769450547549E-009  -1.6323635318168245E-015  -7.4387620558595746E-016  -2.4746959177495358E-016  -7.7261212721124896E-016  -4.7927264867759737E-016  -6.3704206161587316E-017   1.9830768342692212E-016   2.1744179762712705        8.0663455765242893E-010   5.6599857662546023E-010   2.0871379427274073E-016   4.4889949807997098E-016
   1.7977994601874839E-010  -7.1099930591402873E-004  -6.9271763956195921E-011  -1.4913772518131991E-016  -5.9461314483522037E-015  -1.2854118681600919E-009  -1.8493858356911994E-003   4.3965486796352792E-010   2.3192133486491359E-015  -1.1378155090101311E-015  -1.0726152020592597E-016   1.1333052014682123E-015  -2.2378348183791740E-016   2.3684154784073837E-015   9.6612114904632731E-016   9.4071492141922719E-016   2.4009886581330258E-016   9.7595220275747790E-016   5.2544625253878333E-016   1.2019704584057145E-015   1.9480887126507924E-009 -0.19478934279969143       -8.8949303873825746E-010   1.4558598564895060E-015  -2.7331862690203550E-009 -0.48427361234953098        1.3430363150896066E-009   3.4812182190614846E-016   6.1200696319795429E-017   1.8679681546697519E-016   3.3868409580488041E-017   6.0601410284597596E-016  -1.6053384882160546E-016   3.3342889525894066E-016   8.0663455765242893E-010   2.1744179757056119       -3.9937153936055968E-010  -8.6621121473174480E-016   7.7193999759553725E-016
   5.9326967724711912E-011  -6.9270977046964832E-011  -7.1099905068565481E-004   1.5427892303334439E-015  -4.8004043279602815E-015  -2.3597029040000491E-010   4.3965388291835782E-010  -1.8493869671540118E-003  -7.2855582830075423E-017  -8.4082296788603104E-016  -5.6040505736018522E-016   7.7926572364369894E-016  -1.2646805266035475E-015   2.4628091803804834E-015   1.0341246102540299E-015   1.1448307429481164E-015   9.7327247404899217E-016   1.1237061426122580E-015   1.7693887807707725E-015   7.7732835439775191E-017   1.1130364794233378E-009  -8.8949294006661354E-010 -0.19478933830194611       -6.7849819223476407E-016  -1.8833690579718411E-009   1.3430359304898624E-009 -0.48427361984531231        3.7350674809247223E-015   9.7640421588032191E-016  -1.8388985351369166E-016   4.1301902027053219E-016  -8.1320681636251783E-016  -1.5358476221357294E-015   3.3886361215044680E-016   5.6599857662546023E-010  -3.9937153936055968E-010   2.1744179779552084       -1.1598837217745368E-015  -1.4501817214176317E-016
   2.6157715055605000E-017  -7.6233111726081195E-015   4.1716838027416696E-015   4.5007612040077638E-002   1.9111023669268229E-002  -6.6348067195548872E-016   1.0574351101500016E-014  -4.5879698288980216E-015   6.6875326944114042E-010   1.1691217754731597E-009  -4.4632340978165322E-010   2.7438150500488261E-010  -2.0459973690639422E-010  -9.4312531718377723E-010   5.2315171234693749E-011   2.0784082024037375E-009   4.7314840023373598E-010  -9.6447305407123741E-010  -7.3794554893138837E-010   9.1215627430094877E-010   6.0954196859875227E-016  -8.1503111350941193E-015   1.3720659175431089E-015 -0.40251759279451949       -7.4281796529083377E-017   5.6043086036269947E-015   1.5730473818735660E-015 -0.44569444695918736       -2.3350269452004042E-010   9.9805679488194836E-010   5.1541315944763246E-010  -7.9359783439663833E-010  -4.3951364009774457E-010   1.0270888246385395E-009   2.0871379427274073E-016  -8.6621121473174480E-016  -1.1598837217745368E-015   2.4645554605137101      -0.68438136348123901     
   8.8294674896925696E-016   3.2680586324528840E-015  -1.1607970602790333E-015  -1.1230754502840067E-002  -6.0131905206509918E-003  -1.4547750036403401E-015  -5.0585953115216013E-015   3.2786281698307976E-016  -1.7333379698957788E-010  -3.1502555014790798E-010   1.1261793571828697E-010  -6.5162928089779103E-011   5.7388689949064940E-011   2.3850854609961494E-010  -2.0507366844115553E-011  -5.0665544827274822E-010  -1.0669366604761597E-010   2.2520180472133049E-010   1.7733614436871336E-010  -2.0468682388297932E-010   6.7706458604610733E-016   3.2390402975989541E-015   8.9511395113798091E-016  0.10141595955877236       -6.2199109943865341E-017  -2.3530033622163780E-015  -7.1256607762056376E-016  0.10194191655399884        5.6099357496547845E-011  -2.4820375486913849E-010  -1.2598283629411303E-010   1.9484215150515222E-010   1.0865214215381301E-010  -2.5094131013699301E-010   4.4889949807997098E-016   7.7193999759553725E-016  -1.4501817214176317E-016 -0.68438136348123901        2.1901665975076314     
