   9.1442321999652104E-005   2.2910492813167838E-010   5.8521007707788071E-010  -2.3463967539274828E-011   1.2546478921113646E-009  -4.0147796506303688E-012  -1.0974479523680623E-010  -2.8582448936615445E-010   1.1468380442791485E-009  -9.6882351301423611E-010   3.7224525013725860E-003   4.4450147940029497E-009   1.1881815691393036E-008   1.3521454699519756E-009   1.9638416764066171E-009  -1.0384689723033115E-009   1.0392719868873610E-009  -5.2069070140574682E-010   1.7008413269730203E-009  -1.4431510361028825E-009   7.5626471159138033E-003   8.5734013777419451E-009   2.3282237990242855E-008   1.6213393310249134E-009  -5.4827264658976534E-011  -9.8900325163983066E-012   1.0210812056782888E-010   5.7976274038806930E-011  -1.0898312465451014E-010   1.5582136824888370E-011   2.0602405839013009E-011   6.8368778056389861E-012  -1.7750991085801603E-011  -8.1202817354455506E-011   1.2785741632896642E-009  -5.7655889833657772E-010   4.9369231268049235E-010  -4.7395525948276599E-010   5.2240667660413134E-010  -8.0461894627346049E-010   4.5736512506359787E-003   5.2216543718204193E-009   1.3951911629509499E-008  -3.7555038420319798E-011  -3.2437522477876661E-011  -9.1843864084373635E-011   9.9743701780826645E-011   2.9763702995492364E-010  -6.2188715389129266E-011  -5.7205846909928132E-003  -5.9106705845308457E-009  -1.6090232798326966E-008  -1.6607407184190665E-009  -1.8547509890241561E-009   1.2923331698291922E-009  -1.6328052706538202E-009   8.6283097402373446E-010   1.4164296306341200E-011   9.9191999861207119E-010  -1.0619071484517553E-009   2.5213904528457267E-003   1.8004406312586733E-009   4.9217589224057422E-009   8.5659065364570429E-010  -2.2708218131824837E-010
   2.2910492813167838E-010   9.1442939582565827E-005   2.1359630110486000E-010  -1.1216890072987282E-009   2.5264559199014067E-010  -5.4382212664819588E-010  -2.8491523166882586E-010   1.1271776010801702E-010   5.3302983039853607E-010  -3.6536330871967054E-010   5.2623940312791641E-009   3.7224654094361194E-003   4.1372677446778780E-009   2.0301235116310167E-009   5.9715993138133489E-010   2.7103647624386875E-011  -6.5271216466441028E-010  -3.4734070598596775E-010   4.1505504041674129E-010  -2.4981916947742172E-010   1.0182118577918890E-008   7.5626725793684832E-003   7.8497498420317440E-009   3.0905600881891824E-009   1.7139837775423170E-011  -3.0245119835389513E-011  -5.9986614621242349E-012  -3.9553264616184815E-011   1.1259538175411895E-010   1.6557765034999128E-011   1.5416295499647845E-011  -2.8804404581496897E-011   9.5609593655445090E-012   2.5940664798127579E-011   2.5150537162066390E-010   4.4535661778056113E-010  -2.1080179441105234E-010  -2.4801301506893997E-010   3.1762581139969342E-010  -3.4924322372028430E-012   6.2087318750442770E-009   4.5736665965755291E-003   4.8116640397967602E-009   1.3373455615493215E-011  -3.6466883723614798E-010  -1.1567059416513750E-010   1.1678822377801375E-010  -1.9529386337447616E-010  -1.3016177460582366E-010  -7.0224657236622421E-009  -5.7206022440923140E-003  -5.3939508288978188E-009  -1.4374653813751693E-009  -4.0603746757956331E-010  -1.7999053561222996E-009   4.3972184205368032E-011   9.6381067451625817E-010  -1.1261706343566732E-009  -5.5777325588957438E-010  -8.3911792849203566E-010   2.1390261916036224E-009   2.5213958111002070E-003   1.6387297127814167E-009   2.2724034492737677E-010  -8.5039568529878673E-011
   5.8521007707788071E-010   2.1359630110486000E-010   9.1442296273816701E-005   1.2806276074055727E-009  -8.7856214144045804E-010  -8.5442046584422522E-010  -9.5792446261705465E-010   1.1059506734019000E-009  -6.8258422628778067E-010  -2.2738852999375178E-010   1.2679320344802761E-008   4.9886524196661803E-009   3.7224519626104266E-003  -5.4245476157018421E-009  -2.1567503780096190E-009  -6.8564514398593901E-010  -5.4923860124143279E-010   1.2910233083222819E-009  -9.3099327094385547E-011   8.6572714979947280E-010   2.4986521290100109E-008   9.5703119685812377E-009   7.5626460684989844E-003  -7.9216869265780600E-009  -5.5566053081709539E-011  -1.8172130897674313E-011  -1.3533765164744917E-011  -3.9003104390700231E-011   2.6651645345831340E-011   1.1355278429140939E-010   1.5386842270137485E-011   6.7252665791687644E-011  -2.4714801736206630E-012  -4.0039046317034893E-011  -8.3910656477156199E-010  -1.4876546823740455E-010   1.8045458634892436E-010   3.7601940396942399E-010  -1.1676954854347997E-010   4.6308726603717966E-010   1.4992953282316408E-008   5.8553853817913019E-009   4.5736505913835553E-003  -2.6642473217261281E-010  -1.0524433025888230E-010  -4.7002837613164158E-010   3.8796887425758297E-010   1.8048550895208595E-010  -1.2154408754277706E-010  -1.7252665139849829E-008  -6.5726759389742454E-009  -5.7205839916066627E-003   4.3073389603654596E-009   7.3020050846219661E-010  -1.8065198731897049E-010  -1.6219471326959888E-009   7.6821889934650511E-010   6.6769721107354546E-010  -1.4984193811322444E-009   2.6184942736771263E-009   5.2750490257299145E-009   1.9976407288108980E-009   2.5213902439694775E-003  -1.0378385287417442E-009   3.3525156546514620E-010
  -2.3463967539274828E-011  -1.1216890072987282E-009   1.2806276074055727E-009   3.0283980650591008E-004  -6.0938041974571401E-011   1.3936310167350013E-011   2.3591578580876523E-010   1.3095880919341945E-010   8.3130334532414414E-011  -7.0028075923026699E-011  -2.8547462840286461E-009  -4.7422334281435544E-008   5.6621094210247929E-008   1.3749559186031971E-002   1.7327588186139739E-011  -1.2521487578946391E-011   1.7932676992913257E-011   7.1964596307810352E-012   4.1019219727787856E-011  -2.4535820452861783E-011  -3.8054627983952054E-009  -9.6534719660995273E-008   1.1635679757659354E-007   1.6810451714463093E-002   1.7110821629181236E-010   5.1179698343135299E-011  -1.2926113431326886E-010  -9.1889305752403600E-011   1.7039617638571481E-012  -1.3767645466565583E-010  -9.7257536934536001E-012   9.6366489536782568E-011  -3.8131242851264385E-011   2.4518220708477102E-011   4.3919090172354991E-011  -8.8567011343134459E-011  -3.3491641499207444E-011  -3.8481309066786128E-011  -8.5992122350271545E-011  -5.4202999409370920E-012  -1.8427058042572050E-009  -5.8644553842611964E-008   7.0613495660944289E-008  -4.1730452693464434E-011  -3.4334105281239144E-011   2.7835992316100982E-010   1.3742815198184455E-010  -1.2694966093615462E-011  -9.5676128061602480E-011   2.6370121732750745E-009   6.5890872136162548E-008  -7.8864102763324039E-008  -8.3461786951864944E-003  -2.1263390581315808E-010  -1.5853925841553984E-010   1.4371444710603050E-009   6.8861103149299773E-010  -9.2630062993424132E-011  -4.7597714354614389E-010  -3.7995082559732921E-003  -8.1453957083823703E-010  -2.0027445569929941E-008   2.3927128457982804E-008   1.8848693350385899E-003  -1.0521299388705600E-003
   1.2546478921113646E-009   2.5264559199014067E-010  -8.7856214144045804E-010  -6.0938041974571401E-011   1.3361131580572751E-005  -1.3124007307195552E-012   8.5551648996650998E-013  -6.6805653011421714E-006  -4.0865916269389905E-013  -6.6805662794975804E-006   5.1197719796908369E-008   1.0302398921667756E-008  -3.5945772749020306E-008  -2.9456215086834208E-009  -5.7639487769684487E-005   2.7644221586079198E-012  -2.8365455758712283E-012   2.8819742948125655E-005   2.2275663899559521E-012   2.8819744821458412E-005   1.0394804022270316E-007   2.0922622039153370E-008  -7.2947105031715794E-008  -3.5447886361233919E-009  -4.2180682250830504E-011   1.5500346619637805E-011  -2.5896719487163936E-011   2.7721906084064951E-011  -7.0603704937280428E-012   2.8869414389825870E-011  -9.0658462094093221E-012   5.9597645816099391E-012  -3.3372286957126501E-012   1.4860127994297094E-011   3.1005257069490829E-005  -1.1775832105300384E-012   4.1871708006934834E-012  -1.5502629598555729E-005  -1.0408945529553917E-012  -1.5502627470389956E-005   6.3097689285822808E-008   1.2714192335494609E-008  -4.4393101153909713E-008  -9.1047225782396753E-004   5.0813608335587606E-011  -4.5721443724687517E-011   4.5523611046404609E-004   2.3586935178565147E-011   4.5523614736050621E-004  -7.1932685868351399E-008  -1.4647834894643048E-008   4.9439624969506907E-008   2.3720740666506636E-009  -4.7144049359372150E-003   2.6292758148374614E-010  -2.1186852283259526E-010   2.3572023576684574E-003   1.2969784663735759E-010   2.3572025782695669E-003   1.4988199087217373E-009   2.2084357876157231E-008   4.5147992811131124E-009  -1.5028261516352500E-008  -7.7024532942209790E-010   2.2933784601764269E-010
  -4.0147796506303688E-012  -5.4382212664819588E-010  -8.5442046584422522E-010   1.3936310167350013E-011  -1.3124007307195552E-012   1.3361138079890664E-005  -5.0452005300668470E-012  -9.7267245677267206E-013   2.3227710247030074E-012   2.2850497398735739E-012  -7.6032059414133894E-011  -2.2456606558915617E-008  -3.4984096353687469E-008   6.4303585992923506E-010   2.0094154494745965E-012  -5.7639501349488991E-005   9.7730029192347867E-012   2.7778289959071583E-012  -4.6549267468667953E-012  -4.7872619155505979E-012  -1.7486551302424500E-010  -4.5511335240083972E-008  -7.0994271897707061E-008   7.7890368799594359E-010  -9.4160330952340026E-012  -4.3592058941938391E-011   2.8632789960879068E-012   1.7312916654403694E-011  -1.8555052473992645E-011  -4.6799789870155709E-012   2.3866541454042312E-011  -6.0701223108343536E-012   1.1571729444413709E-011   2.3902361848830412E-012  -7.4197557047790326E-013   3.1005266953918090E-005  -4.6762747618619317E-012  -8.1229225600615121E-013   6.1938977516850279E-012   1.5542422438781414E-012  -9.0203293520639436E-011  -2.7826513040712260E-008  -4.3171080792095511E-008   3.9150350637076229E-011  -9.1047248537119718E-004   1.7660066627379068E-010   4.9150260814669636E-011  -7.3081442991606760E-011  -8.8300639351977767E-011  -8.7533038523930095E-010   3.0112125244271685E-008   4.9481543888598498E-008  -5.3449422072735332E-010   2.0221798809743423E-010  -4.7144060829763532E-003   9.1165287601205707E-010   2.5634108088754951E-010  -3.3898096542730916E-010  -4.5855903719886244E-010  -3.4501127645570100E-010   3.0853802387208510E-010  -8.9450885830647940E-009  -1.5132249484419505E-008   1.8117357517315678E-010  -5.3366956842655462E-011
  -1.0974479523680623E-010  -2.8491523166882586E-010  -9.5792446261705465E-010   2.3591578580876523E-010   8.5551648996650998E-013  -5.0452005300668470E-012   1.3361134437556478E-005   5.7155927395603872E-013  -1.6261428287187881E-012  -1.4270965315224599E-012  -4.6376416945042929E-009  -1.1678947866703151E-008  -3.9415598017001147E-008   1.1496512492739055E-008  -9.7192522351685865E-013   8.8483111016459453E-012  -5.7639493379702017E-005  -1.4829920373566198E-012   1.1956469131588383E-012   2.4548588503997549E-012  -9.3709635673284503E-009  -2.3696488678022689E-008  -7.9922274883307604E-008   1.3818491904518437E-008   1.8025822880649790E-011   5.1468586116592987E-012  -4.3948304044881835E-011   4.7605868345573654E-012   1.2004018157268113E-011  -2.8944763572248700E-011   1.0902944083828094E-012   1.0196290023113531E-011  -6.6096482098669221E-012   2.5157272545129746E-011   3.3979991798982875E-012  -4.7385571286964709E-012   3.1005259077112362E-005  -4.4746289924777828E-012  -1.9914161963830698E-013   1.0768204765828603E-012  -5.7580278567925863E-009  -1.4434366878084659E-008  -4.8770171813676006E-008  -2.1054332814759243E-011   1.6861412467463034E-010  -9.1047235479379293E-004  -2.4671469436022480E-011   3.2461005219054321E-011   4.5726022753212000E-011   6.5610187110750147E-009   1.5838828001591216E-008   5.2862231029990179E-008  -9.2099233603451879E-009  -8.4405562513669731E-011   8.7165847183718001E-010  -4.7144054427671741E-003  -1.6774584546433077E-010   1.6126658957997889E-010   2.5215145216655544E-010  -5.7992538610715869E-009  -1.9253116276048790E-009  -4.7743400176274929E-009  -1.5788701498478867E-008   2.9682634870703900E-009  -8.8545700705335051E-010
  -2.8582448936615445E-010   1.1271776010801702E-010   1.1059506734019000E-009   1.3095880919341945E-010  -6.6805653011421714E-006  -9.7267245677267206E-013   5.7155927395603872E-013   1.3361131178966098E-005  -3.1268552160244792E-013  -6.6805658777702475E-006  -1.1612503888581564E-008   4.7203757617263937E-009   4.5396519065484112E-008   6.3611592213268124E-009   2.8819743700174306E-005   1.2668554246559630E-013   3.1933134528608710E-013  -5.7639487734991963E-005  -2.6486946057746782E-013   2.8819744034811457E-005  -2.3593664674879607E-008   9.5505801866655631E-009   9.2092302529655855E-008   7.6510094051034048E-009   2.1069865252402807E-011  -1.1234115921346282E-011   5.5336368840347688E-012  -3.7995365188894071E-011   2.0763829705639126E-012   9.7271768969999165E-012   1.5591131612371603E-011  -1.8679505988556499E-011  -9.6835878993729995E-012   9.7983540383239087E-012  -1.5502629777319200E-005   1.0257893358941434E-013  -5.1731296725843398E-012   3.1005261721893363E-005   5.5651328130504234E-014  -1.5502631943941873E-005  -1.4279346133392414E-008   5.8585183585429452E-009   5.6100174727778850E-008   4.5523611933277118E-004   1.5465702733573791E-011  -4.6619616057700579E-013  -9.1047225157531349E-004   1.7253794815288261E-012   4.5523613224326390E-004   1.6854290912765979E-008  -5.7732439537650704E-009  -6.1931059011224433E-008  -5.0886081198156369E-009   2.3572024032631109E-003   8.3111009142398980E-011  -4.2728581108678238E-011  -4.7144048648149490E-003   3.1416142078847207E-012   2.3572024615521828E-003  -3.2017335588611770E-009  -5.2599178327310164E-009   1.6171651105753091E-009   1.8667285713997786E-008   1.6329305299871342E-009  -4.8758283553454469E-010
   1.1468380442791485E-009   5.3302983039853607E-010  -6.8258422628778067E-010   8.3130334532414414E-011  -4.0865916269389905E-013   2.3227710247030074E-012  -1.6261428287187881E-012  -3.1268552160244792E-013   1.3361133282860785E-005   7.2135699365423218E-013   4.6981841940508164E-008   2.1670235388403080E-008  -2.7821780390566255E-008   3.9573942010853406E-009   1.0396263202064306E-012  -6.6369370705279249E-012   4.8980140763037485E-012   1.0640049601816441E-012  -5.7639491009332410E-005  -2.1035892716665295E-012   9.5330459803662999E-008   4.4023510024125477E-008  -5.6504384546233460E-008   4.7771742529524480E-009  -3.0091160990772903E-012   8.2379466925996797E-012  -3.4819392383560297E-012   3.3497573915792414E-012  -3.2304915394517784E-011   6.8739149045408897E-013   1.0515497171411460E-011   1.5054924709141191E-011  -2.2345958168955002E-011  -8.6259915166301041E-012  -2.7333985276394974E-013   6.9264429376750596E-012  -1.5885495582262489E-012  -5.2030302322123679E-013   3.1005261668724732E-005   7.9350651672080613E-013   5.8011984364264016E-008   2.6672449455213561E-008  -3.4274566266609716E-008   3.2882590739299448E-012  -9.9299147111828577E-011   8.1196918763014693E-011   2.0898716214479359E-011  -9.1047231702995628E-004  -2.4187124730436324E-011  -6.5157493210325104E-008  -3.1688928987762300E-008   4.0486640981666228E-008  -3.1692281804659512E-009   2.4334272747727167E-011  -4.7387848108218496E-010   4.1196267398831005E-010   1.0204027182250714E-010  -4.7144052373043078E-003  -1.2637454832957498E-010  -2.0008233847027917E-009   1.9797734766609807E-008   9.8873910155887580E-009  -1.2553710648035084E-008   1.0120217474391639E-009  -3.0256090710849562E-010
  -9.6882351301423611E-010  -3.6536330871967054E-010  -2.2738852999375178E-010  -7.0028075923026699E-011  -6.6805662794975804E-006   2.2850497398735739E-012  -1.4270965315224599E-012  -6.6805658777702475E-006   7.2135699365423218E-013   1.3361132157281151E-005  -3.9585220487877707E-008  -1.5022772563065253E-008  -9.4507464576930386E-009  -3.4158644838366886E-009   2.8819744069799220E-005  -2.8910065498067793E-012   2.5173037951149645E-012   2.8819744786634729E-005  -1.9627500475842981E-012  -5.7639488856327328E-005  -8.0354384828866072E-008  -3.0473198070340754E-008  -1.9145197712566073E-008  -4.1066222045033990E-009   2.1110816994628003E-011  -4.2662306995131934E-012   2.0363082606250442E-011   1.0273459106698990E-011   4.9839875233375889E-012  -3.8596591283597837E-011  -6.5252854027141021E-012   1.2719741404578337E-011   1.3020816595974353E-011  -2.4658482033182293E-011  -1.5502627292327106E-005   1.0749498698453185E-012   9.8591069238190828E-013  -1.5502632123213062E-005   9.8527179806217970E-013   3.1005259414362738E-005  -4.8818348232029799E-008  -1.8572707439482237E-008  -1.1707073141591096E-008   4.5523613849576198E-004  -6.6277713310766658E-011   4.6189054669776111E-011   4.5523614110760935E-004  -2.5313153669755313E-011  -9.1047227960467769E-004   5.5078423307433293E-008   2.0421096408029454E-008   1.2491459026993438E-008   2.7167106683222524E-009   2.3572025326977445E-003  -3.4603031747189417E-010   2.5460442966413036E-010   2.3572025071275501E-003  -1.3284380521620601E-010  -4.7144050398264491E-003   1.7029795144262872E-009  -1.6824431304044681E-008  -6.1319782912330531E-009  -3.6390035020454355E-009  -8.6269325990414165E-010   2.5825880130394935E-010
   3.7224525013725860E-003   5.2623940312791641E-009   1.2679320344802761E-008  -2.8547462840286461E-009   5.1197719796908369E-008  -7.6032059414133894E-011  -4.6376416945042929E-009  -1.1612503888581564E-008   4.6981841940508164E-008  -3.9585220487877707E-008  0.15236578182110522        1.3720897129407435E-008   2.5627130071955624E-008  -4.0494341032523932E-008   8.0900814585355411E-008  -4.2963094507717685E-008   4.3218274446122775E-008  -2.1633055715806573E-008   6.9291863189540975E-008  -5.9267761612781014E-008  0.30920778276102528        9.4972708360733160E-009   1.7802732713672928E-008  -4.7133170656363591E-008  -2.2448159079169779E-009  -4.0426994028264222E-010   4.1831326437964343E-009   2.3741540072813344E-009  -4.4599442464632507E-009   6.3757896539943231E-010   8.4241884395617096E-010   2.7842009138409340E-010  -7.2595336387890563E-010  -3.3254454722680546E-009   5.1886232082145864E-008  -2.3273303505966647E-008   1.9705230424086160E-008  -1.9142457326457586E-008   2.1536704700826538E-008  -3.2743776544520874E-008  0.18810613609927518        6.1910387559810723E-009   2.9523383638793397E-009   6.6503729108338473E-009  -8.1413372119576583E-009   6.4973090585216563E-009  -8.5510325837304711E-010   7.7827603366128922E-009  -5.7952717150337782E-009 -0.20861551924415250       -7.4508515628924038E-009  -8.2996327896518947E-009   2.7886149035842861E-008  -3.4413732321160470E-008   1.8177299580397792E-008  -1.4594287716699101E-008   1.0251984720535379E-008  -2.1879010215057897E-008   2.4161746907419256E-008   2.6687979483219231E-008   6.0308144371513189E-002   2.2588479156191850E-009   2.5223532332356681E-009  -1.1356418152142490E-008   3.8425995875688599E-009
   4.4450147940029497E-009   3.7224654094361194E-003   4.9886524196661803E-009  -4.7422334281435544E-008   1.0302398921667756E-008  -2.2456606558915617E-008  -1.1678947866703151E-008   4.7203757617263937E-009   2.1670235388403080E-008  -1.5022772563065253E-008   1.3720897129407435E-008  0.15236580455074428        1.5844638867002018E-008   1.2890112641079044E-008   2.4568766295567314E-008   2.0095822162782712E-009  -2.6622224575449174E-008  -1.4673450242436340E-008   1.7512393795614237E-008  -9.8953135731383264E-009   7.4408318890742788E-009  0.30920779872476445        9.7728928357079277E-009   4.0853329433513055E-008   7.0093439493904921E-010  -1.2390176812682498E-009  -2.4568682310165976E-010  -1.6175276913801262E-009   4.6109064790668247E-009   6.7712575961952292E-010   6.3392406144804409E-010  -1.1788907889818708E-009   3.8847710922935303E-010   1.0618171355869795E-009   1.0168159004797737E-008   1.7593572701390590E-008  -8.6719204939035756E-009  -9.8055696727716647E-009   1.2587591949446833E-008  -3.6259234297064522E-010   5.3152650287478483E-009  0.18810614061559738        7.5128972417677864E-009   2.5468818084155453E-009  -1.4266919296892223E-009  -3.4421275969548037E-009  -2.0767887770765205E-009   2.0505038070056311E-011  -4.7009684682900528E-010  -6.3667140305234823E-009 -0.20861552758247759       -8.5740427739398021E-009  -1.4983585081517101E-008  -6.4160224751833093E-009  -5.0369643760442962E-009   8.3928855978622388E-009   4.4799905093498836E-009  -5.2746381127454682E-009   1.9360299093390738E-009  -1.2739238802698113E-008   1.9301544617759402E-009   6.0308146872994163E-002   2.6028714978450131E-009   5.2502494485955581E-009  -1.8126600902226956E-009
   1.1881815691393036E-008   4.1372677446778780E-009   3.7224519626104266E-003   5.6621094210247929E-008  -3.5945772749020306E-008  -3.4984096353687469E-008  -3.9415598017001147E-008   4.5396519065484112E-008  -2.7821780390566255E-008  -9.4507464576930386E-009   2.5627130071955624E-008   1.5844638867002018E-008  0.15236578083440291       -2.4433564591857786E-008  -8.8261475665237576E-008  -2.7853371047295733E-008  -2.1538421030853032E-008   5.2184852999362790E-008  -4.1690702398018086E-009   3.6076625978900938E-008   2.1308345282495019E-008   9.4683061614187386E-009  0.30920778261966014       -8.4696383501681381E-008  -2.2763959133245769E-009  -7.4346568168491005E-010  -5.5393862795576048E-010  -1.5971227655758997E-009   1.0908341962937769E-009   4.6512282464342417E-009   6.2957523995985838E-010   2.7525657223003708E-009  -1.0119794184371110E-010  -1.6387326096481430E-009  -3.4274819880251905E-008  -6.1811855942723414E-009   6.7194879860998673E-009   1.5807486625279682E-008  -4.4851763567711310E-009   1.8467337299662146E-008   5.2826619254274045E-009   7.2363573523929938E-009  0.18810613515710212       -1.0991178856228714E-008  -1.5267824173710653E-009  -5.1211687206289341E-009   6.3050774600891632E-009   1.8255168131439503E-009   4.6861032561696792E-009  -1.0603570339083788E-008  -8.3403889720261700E-009 -0.20861551819927138        3.5999664305187086E-008   2.9480423421383773E-008   6.7959468926843102E-009   5.4078271366777647E-009  -1.7362467695971232E-008  -1.0319576972955829E-009  -1.2117954640483085E-008   2.7336889662283252E-008   3.2142367038089939E-009   2.5356427956708698E-009   6.0308144022162974E-002  -1.2014359560806190E-008   3.9562794635378262E-009
   1.3521454699519756E-009   2.0301235116310167E-009  -5.4245476157018421E-009   1.3749559186031971E-002  -2.9456215086834208E-009   6.4303585992923506E-010   1.1496512492739055E-008   6.3611592213268124E-009   3.9573942010853406E-009  -3.4158644838366886E-009  -4.0494341032523932E-008   1.2890112641079044E-008  -2.4433564591857786E-008  0.65973119535406843        9.5707151380518239E-010  -4.8887487063404776E-010  -8.1412919067373517E-011  -9.5797433599382083E-011   2.0419932244285134E-009  -8.6176155291735415E-010   1.4873315792408145E-008   1.1326400495410354E-008   2.0892210656961394E-008  0.79366330721488554        8.1803562384930340E-009   2.5068575000063240E-009  -6.2107403955844546E-009  -4.4116396425606843E-009   7.0423957818965860E-011  -6.5634597984901190E-009  -4.7814924199640555E-010   4.6348086379956936E-009  -1.8653535696153763E-009   1.1746300273763523E-009   1.9645385835342750E-009  -4.2394104796610872E-009  -8.9883081981633594E-010  -1.5143131291656287E-009  -4.1248902280576920E-009  -4.4971126244958487E-010   2.8915579041048938E-008   1.0178573276406347E-008   4.3152363546393063E-009  -2.5035371165678223E-011   2.5604876931388373E-010  -1.0833917502012519E-009  -2.0044562981927700E-010   7.6355656265507872E-010   2.2617109681626598E-010  -2.4888952989277854E-008  -9.3849971975919979E-009  -7.7618560023643542E-009 -0.53450747828954448       -3.2788047954234576E-010   2.4202244288548555E-009  -4.3761876239396384E-009  -1.4927298289177400E-009   2.5957519287882784E-009   1.8205954957910291E-009 -0.34168347657784937        8.0074479118431243E-009   2.6747362924470563E-009   2.6014568927057821E-009  0.17225828663064527       -4.9869792350597089E-002
   1.9638416764066171E-009   5.9715993138133489E-010  -2.1567503780096190E-009   1.7327588186139739E-011  -5.7639487769684487E-005   2.0094154494745965E-012  -9.7192522351685865E-013   2.8819743700174306E-005   1.0396263202064306E-012   2.8819744069799220E-005   8.0900814585355411E-008   2.4568766295567314E-008  -8.8261475665237576E-008   9.5707151380518239E-010   2.4865487955982114E-004   3.9867837540856230E-012   8.2434911143032754E-013  -1.2432744407262666E-004  -5.7023281195015844E-012  -1.2432743548676127E-004   1.6403525031952529E-007   4.9810897421098584E-008  -1.7915136032635787E-007   1.1475237749034777E-009   1.8196546192606882E-010  -6.6868199464946188E-011   1.1172676447775775E-010  -1.1958481336743298E-010   3.0449730180377313E-011  -1.2454745813274599E-010   3.9110719936259223E-011  -2.5714692020916365E-011   1.4395624059360798E-011  -6.4109610154060263E-011  -1.3375567239796762E-004  -3.5290339923800488E-012  -1.1841920849632470E-011   6.6877845297060623E-005   2.5258279240916373E-012   6.6877827098555257E-005   1.0015949577493005E-007   3.0298453641077786E-008  -1.0885799669276759E-007   3.9277477661477274E-003   3.2756406400693273E-011   1.5285133486408988E-011  -1.9638739354938227E-003  -4.2418590543379152E-011  -1.9638738306564270E-003  -1.0842267506221084E-007  -3.2932781805905204E-008   1.2056116521349527E-007  -8.0381192301069197E-010   2.0337789862857808E-002   1.7050332162375604E-010  -2.8303090650967472E-011  -1.0168895139135926E-002  -2.5238748214692509E-010  -1.0168894723725376E-002  -4.9015596269405166E-010   3.2186904439865114E-008   9.8200733625809942E-009  -3.6358773867717186E-008   2.7582541543142330E-010  -7.9831150754387144E-011
  -1.0384689723033115E-009   2.7103647624386875E-011  -6.8564514398593901E-010  -1.2521487578946391E-011   2.7644221586079198E-012  -5.7639501349488991E-005   8.8483111016459453E-012   1.2668554246559630E-013  -6.6369370705279249E-012  -2.8910065498067793E-012  -4.2963094507717685E-008   2.0095822162782712E-009  -2.7853371047295733E-008  -4.8887487063404776E-010   3.9867837540856230E-012   2.4865487503459790E-004   1.3827298884866763E-011   5.2976517655449213E-012   5.4846974307347430E-012  -9.2843601601056437E-012  -8.7064817697698514E-008   3.7920412861697388E-009  -5.6601322569248487E-008  -6.1090323756834914E-010   4.0623341978511348E-011   1.8805644253273075E-010  -1.2352446741578145E-011  -7.4685147846291896E-011   8.0042973382930798E-011   2.0183199749413179E-011  -1.0296083561552419E-010   2.6183747041726998E-011  -4.9919968560872291E-011  -1.0309226646610718E-011  -3.5523457799242041E-012  -1.3375568139592473E-004  -9.9356416366453528E-012  -5.8233122856053980E-012  -1.8891064824182877E-011   9.3757684265969045E-012  -5.3286104360483205E-008   2.9842113383422748E-009  -3.4182417752778230E-008   2.9988473394833012E-011   3.9277477551418324E-003   1.2207060257465462E-010   6.1659663320334523E-011   8.5106211789124870E-011  -9.1648016352303131E-011   5.5220109950806010E-008   1.8285446243791763E-009   4.0482233155185644E-008   4.5497077981492857E-010   1.5737435282509516E-010   2.0337789671540846E-002   6.4403750967546153E-010   3.1137065960368037E-010   2.7059828087530522E-010  -4.6874514955333215E-010   3.0618895576462110E-010  -1.6162319593213859E-008  -1.3890684107471958E-009  -1.2539807551711788E-008  -1.7522029028601713E-010   4.9979672076625911E-011
   1.0392719868873610E-009  -6.5271216466441028E-010  -5.4923860124143279E-010   1.7932676992913257E-011  -2.8365455758712283E-012   9.7730029192347867E-012  -5.7639493379702017E-005   3.1933134528608710E-013   4.8980140763037485E-012   2.5173037951149645E-012   4.3218274446122775E-008  -2.6622224575449174E-008  -2.1538421030853032E-008  -8.1412919067373517E-011   8.2434911143032754E-013   1.3827298884866763E-011   2.4865487406262502E-004  -5.9405059998632331E-012   4.1180777186304012E-012   5.1164088264875629E-012   8.7508464370689471E-008  -5.4054019253498014E-008  -4.4018612683553141E-008   1.6055160727295237E-011  -7.7760019243390040E-011  -2.2201653142019976E-011   1.8959252150155734E-010  -2.0534180284327521E-011  -5.1789293715834285E-011   1.2486018309391279E-010  -4.7045339391755676E-012  -4.3988935895428054E-011   2.8513474310964320E-011  -1.0852653371864085E-010  -1.2741210274963844E-011  -7.5191830201478357E-012  -1.3375566538930051E-004   2.5889245911321125E-011  -4.1245952524907597E-012  -1.3148858117920491E-011   5.3645181938733379E-008  -3.2799917499043800E-008  -2.6118702921609131E-008   3.5879670489746822E-011   9.3541817911861861E-011   3.9277477195192737E-003  -8.7495748088778771E-011   6.3756006859254363E-012   5.1615126411791721E-011  -5.5013018453758200E-008   3.6846652588275652E-008   3.3829521463738279E-008   2.5961172922213109E-010   7.9493792646786706E-011   4.9048020648295920E-010   2.0337789642011099E-002  -2.8044552564591227E-010   6.2422062272551712E-011   2.0095154237118110E-010   1.4213883232006093E-010   1.5955705270294384E-008  -1.1220732176281412E-008  -1.1041605028316912E-008  -2.2916901569398241E-010   5.4529851013595039E-011
  -5.2069070140574682E-010  -3.4734070598596775E-010   1.2910233083222819E-009   7.1964596307810352E-012   2.8819742948125655E-005   2.7778289959071583E-012  -1.4829920373566198E-012  -5.7639487734991963E-005   1.0640049601816441E-012   2.8819744786634729E-005  -2.1633055715806573E-008  -1.4673450242436340E-008   5.2184852999362790E-008  -9.5797433599382083E-011  -1.2432744407262666E-004   5.2976517655449213E-012  -5.9405059998632331E-012   2.4865488615561824E-004   2.0464436354583482E-012  -1.2432744208296486E-004  -4.3806070930863941E-008  -2.9655407278634973E-008   1.0609424128711688E-007  -7.3467562316126440E-011  -9.0896999434917798E-011   4.8462655424565113E-011  -2.3875072216489310E-011   1.6390681500363286E-010  -8.9533953263368999E-012  -4.1955703098059765E-011  -6.7259007989178660E-011   8.0587283368398345E-011   4.1774797722128402E-011  -4.2270793825545799E-011   6.6877844285075598E-005  -3.5983019078942673E-012   2.4742149254407543E-011  -1.3375569634168844E-004  -7.6420551669477331E-013   6.6877852053885201E-005  -2.6867361827018446E-008  -1.8236390592953487E-008   6.4092872214894789E-008  -1.9638739217565262E-003   2.5993098893721396E-011  -6.9185246485009705E-011   3.9277478491600596E-003   7.4434478481256093E-012  -1.9638739274066464E-003   2.8205410623293180E-008   1.7533721410418483E-008  -7.4971081024882764E-008   1.6079939626099548E-010  -1.0168895066535618E-002   1.2151630608984746E-010  -1.8424790035243334E-010   2.0337790125649964E-002   6.3541987221660323E-011  -1.0168895059115833E-002   8.3310216667483640E-011  -8.1919321143471910E-009  -4.8449357832476677E-009   2.3272314259709416E-008  -1.0993952496700851E-010   2.6840850623630225E-011
   1.7008413269730203E-009   4.1505504041674129E-010  -9.3099327094385547E-011   4.1019219727787856E-011   2.2275663899559521E-012  -4.6549267468667953E-012   1.1956469131588383E-012  -2.6486946057746782E-013  -5.7639491009332410E-005  -1.9627500475842981E-012   6.9291863189540975E-008   1.7512393795614237E-008  -4.1690702398018086E-009   2.0419932244285134E-009  -5.7023281195015844E-012   5.4846974307347430E-012   4.1180777186304012E-012   2.0464436354583482E-012   2.4865487548160199E-004   3.6557032397776080E-012   1.4074147768421605E-007   3.5386970269130817E-008  -8.3374138305966102E-009   2.4084810317709372E-009   1.2979811112024606E-011  -3.5539196305904414E-011   1.5028550939059216E-011  -1.4446502232846884E-011   1.3935684384667929E-010  -2.9677244726975274E-012  -4.5362064993487725E-011  -6.4948927007090063E-011   9.6398756510590691E-011   3.7208440404295624E-011   2.0881527187033801E-012  -1.7481420275849580E-011  -6.6645136711773673E-012  -1.4289890547952030E-012  -1.3375568273101405E-004  -6.5857540803686015E-013   8.5303759438528789E-008   2.1764439122393733E-008  -5.1715179728484252E-009  -3.7093557006386690E-011   6.3561767906731325E-011   4.7358966357259839E-011   1.6116707825716642E-011   3.9277477390841867E-003   2.0977493881055592E-011  -9.7283494346174799E-008  -2.1846851674527024E-008   4.8474572250289737E-009  -1.5813181630352952E-009  -2.2380233013253277E-010   1.5540804271993606E-010   2.8168335676738259E-010   1.1015934368776092E-010   2.0337789700466794E-002   1.1364300265857065E-010  -9.9029738080709015E-010   2.9762023899839102E-008   6.1006565900331776E-009  -1.2073446487059623E-009   4.9699683394391567E-010  -1.4990562762194851E-010
  -1.4431510361028825E-009  -2.4981916947742172E-010   8.6572714979947280E-010  -2.4535820452861783E-011   2.8819744821458412E-005  -4.7872619155505979E-012   2.4548588503997549E-012   2.8819744034811457E-005  -2.1035892716665295E-012  -5.7639488856327328E-005  -5.9267761612781014E-008  -9.8953135731383264E-009   3.6076625978900938E-008  -8.6176155291735415E-010  -1.2432743548676127E-004  -9.2843601601056437E-012   5.1164088264875629E-012  -1.2432744208296486E-004   3.6557032397776080E-012   2.4865487756926618E-004  -1.2022918486198865E-007  -2.0155485193094948E-008   7.3057125746246211E-008  -1.0746693862119135E-009  -9.1068462497014514E-011   1.8405544038568376E-011  -8.7851692256373910E-011  -4.4322001633154084E-011  -2.1496334854004138E-011   1.6650316123562667E-010   2.8148288053262588E-011  -5.4872591350793743E-011  -5.6170421780136895E-011   1.0638040397842634E-010   6.6877828112658962E-005   7.1272953671837691E-012  -1.2900363926679078E-011   6.6877851044613447E-005  -1.7615249116019710E-012  -1.3375567915219303E-004  -7.3292137343719630E-008  -1.2062059556848428E-008   4.4765128709167858E-008  -1.9638738443843577E-003  -5.8748314925986018E-011   5.3904092634035283E-011  -1.9638739136658150E-003   3.4972279804249111E-011   3.9277477580558079E-003   8.0217270191765410E-008   1.5399071200420182E-008  -4.5590083781075521E-008   6.4312997523367607E-010  -1.0168894796286757E-002  -2.9201346401441030E-010   2.1257159747118884E-010  -1.0168894986511851E-002   1.8883067094140965E-010   2.0337789782803588E-002   4.0676803016948594E-010  -2.3994958187681448E-008  -4.9751439209512287E-009   1.3086460331104097E-008  -1.6585495365591386E-010   5.2980206418488337E-011
   7.5626471159138033E-003   1.0182118577918890E-008   2.4986521290100109E-008  -3.8054627983952054E-009   1.0394804022270316E-007  -1.7486551302424500E-010  -9.3709635673284503E-009  -2.3593664674879607E-008   9.5330459803662999E-008  -8.0354384828866072E-008  0.30920778276102528        7.4408318890742788E-009   2.1308345282495019E-008   1.4873315792408145E-008   1.6403525031952529E-007  -8.7064817697698514E-008   8.7508464370689471E-008  -4.3806070930863941E-008   1.4074147768421605E-007  -1.2022918486198865E-007  0.62764089641595266       -2.2133148246504942E-008  -2.6120198915385385E-008   2.0488903355540953E-008  -4.5552505196646397E-009  -8.2065151283759238E-010   8.4874487708921108E-009   4.8175333064489141E-009  -9.0512522812373786E-009   1.2939693450000615E-009   1.7099574150041817E-009   5.6564492301265354E-010  -1.4734967395273665E-009  -6.7477784589792465E-009   1.0544679508507782E-007  -4.7331382436728399E-008   4.0155396042682783E-008  -3.8935603647040774E-008   4.3649215304462031E-008  -6.6511195048887881E-008  0.38134530326338800       -1.2641749352022900E-008  -3.2094474393330914E-008   1.1246087468338061E-008  -1.4759289922144940E-008   1.0278937135082133E-008  -2.8244905851122580E-010   1.7406467248182232E-008  -1.0963642625899343E-008 -0.43473710455477677        1.2281103929819015E-008   1.9507055312435995E-008  -2.8160838066891282E-008  -8.1100181533670223E-008   4.5768615287452725E-008  -4.4285750765915907E-008   2.8108673518610965E-008  -3.6194148864605619E-008   5.2991506617771261E-008  -2.9161126105862481E-009  0.13972960153916666       -3.6509801468358259E-009  -5.3025812160629840E-009   9.9800974042371784E-009  -1.7999163658252077E-009
   8.5734013777419451E-009   7.5626725793684832E-003   9.5703119685812377E-009  -9.6534719660995273E-008   2.0922622039153370E-008  -4.5511335240083972E-008  -2.3696488678022689E-008   9.5505801866655631E-009   4.4023510024125477E-008  -3.0473198070340754E-008   9.4972708360733160E-009  0.30920779872476445        9.4683061614187386E-009   1.1326400495410354E-008   4.9810897421098584E-008   3.7920412861697388E-009  -5.4054019253498014E-008  -2.9655407278634973E-008   3.5386970269130817E-008  -2.0155485193094948E-008  -2.2133148246504942E-008  0.62764086764726823       -2.6213813865575222E-008   6.5435602185983464E-008   1.4227286583577972E-009  -2.5139503018661179E-009  -4.9852508377140886E-010  -3.2831928354295359E-009   9.3562117720401299E-009   1.3744025281173223E-009   1.2851640365972907E-009  -2.3924475362264382E-009   7.8963620746154177E-010   2.1548030889221042E-009   2.0686474938805502E-008   3.5924191173352177E-008  -1.7586705406714198E-008  -2.0009109617367040E-008   2.5684428517610264E-008  -6.7737148823531886E-010  -1.1880066676682921E-008  0.38134527502008392       -1.2754162552556505E-008   4.4063178342692774E-009  -7.0998331236151748E-009  -7.3389577774226017E-009  -2.4355260679596608E-009  -2.2479276697994106E-009  -1.9707995624042513E-009   1.1676852637953583E-008 -0.43473708552111090        1.3802620940245064E-008  -1.4256089177746341E-008  -1.6902502653306953E-008  -3.1437790444091221E-008   1.5244700327741848E-008   1.8069475308356631E-008  -2.2264944090532235E-008  -1.1669768204748037E-009  -1.3550874351186272E-008  -3.4706528593046547E-009  0.13972959625828704       -4.1759795766897829E-009   1.9338445449203155E-009  -1.2288526101267619E-009
   2.3282237990242855E-008   7.8497498420317440E-009   7.5626460684989844E-003   1.1635679757659354E-007  -7.2947105031715794E-008  -7.0994271897707061E-008  -7.9922274883307604E-008   9.2092302529655855E-008  -5.6504384546233460E-008  -1.9145197712566073E-008   1.7802732713672928E-008   9.7728928357079277E-009  0.30920778261966014        2.0892210656961394E-008  -1.7915136032635787E-007  -5.6601322569248487E-008  -4.4018612683553141E-008   1.0609424128711688E-007  -8.3374138305966102E-009   7.3057125746246211E-008  -2.6120198915385385E-008  -2.6213813865575222E-008  0.62764089991925143       -8.7561709115100055E-008  -4.6187400024464021E-009  -1.5089173201233261E-009  -1.1241583577299508E-009  -3.2408486763622135E-009   2.2137301923090505E-009   9.4375383927684314E-009   1.2777385950041266E-009   5.5860383480959677E-009  -2.0534850757624859E-010  -3.3256337913934390E-009  -6.9571940384176892E-008  -1.2512161769660319E-008   1.3872859450831413E-008   3.1948553861278993E-008  -9.2131937008449899E-009   3.7623394835804724E-008  -3.1692306213703754E-008  -1.2936712338384255E-008  0.38134530361200969       -2.2721682978878173E-008  -4.0660891210120337E-009  -1.4938330677068987E-008   1.5465258595230112E-008   5.6096590930719694E-009   7.2564283036507631E-009   1.9642287625043790E-008   1.3942457340479448E-008 -0.43473710622967959        1.0833393993386342E-008   5.7655194637491592E-008   8.8730297181193258E-009  -1.1989690642111673E-008  -2.1748853434566033E-008   7.5789648820468207E-009  -3.5906338995608309E-008   1.3297570106662114E-008  -5.3558406727100599E-009  -4.2195058218801170E-009  0.13972960211859470        4.7259324012805653E-010   8.1132489392700451E-010
