  0.38037559820671818       -1.8584368659211873E-002  -6.3920638492314982E-002  -5.4533928703422441E-016  0.25808102181938736       -1.2609307421531810E-002  -4.3369511018103192E-002  -8.2395900350109909E-017   5.8725859695068716E-002  -2.8692246073292647E-003  -9.8686521044360209E-003  -4.2145232775578481E-017  -1.7604289286260326E-016   4.2737855308308051E-003  -2.0880836270732625E-004  -7.1819302078745010E-004  -7.1960096802220578E-017
  -1.8584368659211873E-002   9.0799399354160874E-004   3.1230308050092196E-003   3.4146084000671554E-017  -1.2609307421531872E-002   6.1606480216885948E-004   2.1189450246809900E-003  -1.9699046831123643E-017  -2.8692246073292738E-003   1.4018440751741075E-004   4.8216202549006417E-004  -6.5687742831338679E-016  -1.9808061350255108E-015  -2.0880836270732777E-004   1.0201946733634713E-005   3.5089432470726903E-005  -7.2957578429961555E-016
  -6.3920638492314982E-002   3.1230308050092196E-003   1.0741614458256424E-002   9.5100589305894958E-017  -4.3369511018104392E-002   2.1189450246810386E-003   7.2880774908964255E-003   2.9090283260759131E-018  -9.8686521044361753E-003   4.8216202549007019E-004   1.6583885678998244E-003  -2.9669231044460637E-016  -8.8754820216165324E-016  -7.1819302078746604E-004   3.5089432470727424E-005   1.2068954124788399E-004  -3.2586806753641033E-016
  -5.4533928703422441E-016   3.4146084000671554E-017   9.5100589305894958E-017   1.2262536341425535E-005  -3.7094299956935094E-016   1.0890976467996508E-017   6.7911686661733828E-017  -3.8780091506476677E-005  -8.3786446704959985E-017   7.3928739030070824E-018   1.3359234668477076E-017  -1.0770874216772194E-003  -3.2518540327825520E-003  -6.2846132814231946E-018   1.2989476452808716E-019  -5.7091404720471963E-020  -1.1983001081804447E-003
  0.25808102181938736       -1.2609307421531872E-002  -4.3369511018104392E-002  -3.7094299956935094E-016  0.17510538041176243       -8.5552884021103271E-003  -2.9425777500260167E-002  -5.2945424571835353E-017   3.9844905795162609E-002  -1.9467400694995174E-003  -6.6957813043221443E-003   5.3599013275977356E-017   1.2871044490800686E-016   2.8997205447293226E-003  -1.4167437623759801E-004  -4.8728674905072799E-004   4.2619846523284226E-017
  -1.2609307421531810E-002   6.1606480216885948E-004   2.1189450246810386E-003   1.0890976467996508E-017  -8.5552884021103271E-003   4.1799377878149342E-004   1.4376829105940149E-003   2.5459589907477292E-017  -1.9467400694995140E-003   9.5113712093531448E-005   3.2714209010156959E-004   6.3265540866683596E-016   1.9116790882455750E-015  -1.4167437623759834E-004   6.9219183616834122E-006   2.3807827394295765E-005   7.0468396924142792E-016
  -4.3369511018103192E-002   2.1189450246809900E-003   7.2880774908964255E-003   6.7911686661733828E-017  -2.9425777500260167E-002   1.4376829105940149E-003   4.9448873555952341E-003  -8.7372507041891504E-018  -6.6957813043220637E-003   3.2714209010156623E-004   1.1251999817942211E-003  -4.9879251799730039E-016  -1.5003492488828664E-015  -4.8728674905072528E-004   2.3807827394295575E-005   8.1886641191001628E-005  -5.5206671979062016E-016
  -8.2395900350109909E-017  -1.9699046831123643E-017   2.9090283260759131E-018  -3.8780091506476677E-005  -5.2945424571835353E-017   2.5459589907477292E-017  -8.7372507041891504E-018   1.2264147117511208E-004  -1.4011370937134374E-017  -9.7492333359661850E-018   4.6339224716677142E-018   3.4062731893410095E-003   1.0283940731820285E-002  -4.2817270886199645E-019   5.8118080527507080E-019   3.5924194315090863E-018   3.7896065343734852E-003
   5.8725859695068716E-002  -2.8692246073292738E-003  -9.8686521044361753E-003  -8.3786446704959985E-017   3.9844905795162609E-002  -1.9467400694995140E-003  -6.6957813043220637E-003  -1.4011370937134374E-017   9.0666346978721217E-003  -4.4297710609734120E-004  -1.5236126649470188E-003  -4.2344949833052988E-017  -1.3537881611251671E-016   6.5982605254816208E-004  -3.2237742561086503E-005  -1.1088119945543983E-004  -5.0981179212380492E-017
  -2.8692246073292647E-003   1.4018440751741075E-004   4.8216202549007019E-004   7.3928739030070824E-018  -1.9467400694995174E-003   9.5113712093531448E-005   3.2714209010156623E-004  -9.7492333359661850E-018  -4.4297710609734120E-004   2.1642949458681582E-005   7.4440578188276268E-005  -2.8772194076119557E-016  -8.6829837710330732E-016  -3.2237742561086638E-005   1.5750697345480065E-006   5.4174271372045513E-006  -3.1991231710996575E-016
  -9.8686521044360209E-003   4.8216202549006417E-004   1.6583885678998244E-003   1.3359234668477076E-017  -6.6957813043221443E-003   3.2714209010156959E-004   1.1251999817942211E-003   4.6339224716677142E-018  -1.5236126649470188E-003   7.4440578188276268E-005   2.5603717698384520E-004   7.0423557309852037E-017   2.1388315936536950E-016  -1.1088119945544055E-004   5.4174271372045640E-006   1.8633153912605930E-005   7.8999324769183194E-017
  -4.2145232775578481E-017  -6.5687742831338679E-016  -2.9669231044460637E-016  -1.0770874216772194E-003   5.3599013275977356E-017   6.3265540866683596E-016  -4.9879251799730039E-016   3.4062731893410095E-003  -4.2344949833052988E-017  -2.8772194076119557E-016   7.0423557309852037E-017   9.4606636150479692E-002  0.28562859903689819        1.3347006119209539E-017   1.4908718781686325E-017   9.5535360565710033E-017  0.10525342702189829     
  -1.7604289286260326E-016  -1.9808061350255108E-015  -8.8754820216165324E-016  -3.2518540327825520E-003   1.2871044490800686E-016   1.9116790882455750E-015  -1.5003492488828664E-015   1.0283940731820285E-002  -1.3537881611251671E-016  -8.6829837710330732E-016   2.1388315936536950E-016  0.28562859903689819       0.86234644743118793        3.9747868042189456E-017   4.5037971088475000E-017   2.8852467043556634E-016  0.31777251710206561     
   4.2737855308308051E-003  -2.0880836270732777E-004  -7.1819302078746604E-004  -6.2846132814231946E-018   2.8997205447293226E-003  -1.4167437623759834E-004  -4.8728674905072528E-004  -4.2817270886199645E-019   6.5982605254816208E-004  -3.2237742561086638E-005  -1.1088119945544055E-004   1.3347006119209539E-017   3.9747868042189456E-017   4.8018965595191390E-005  -2.3461078036085228E-006  -8.0694002324433550E-006   1.4567343504040617E-017
  -2.0880836270732625E-004   1.0201946733634713E-005   3.5089432470727424E-005   1.2989476452808716E-019  -1.4167437623759801E-004   6.9219183616834122E-006   2.3807827394295575E-005   5.8118080527507080E-019  -3.2237742561086503E-005   1.5750697345480065E-006   5.4174271372045640E-006   1.4908718781686325E-017   4.5037971088475000E-017  -2.3461078036085228E-006   1.1462599741432160E-007   3.9425428309666869E-007   1.6600271501437545E-017
  -7.1819302078745010E-004   3.5089432470726903E-005   1.2068954124788399E-004  -5.7091404720471963E-020  -4.8728674905072799E-004   2.3807827394295765E-005   8.1886641191001628E-005   3.5924194315090863E-018  -1.1088119945543983E-004   5.4174271372045513E-006   1.8633153912605930E-005   9.5535360565710033E-017   2.8852467043556634E-016  -8.0694002324433550E-006   3.9425428309666869E-007   1.3560312952238498E-006   1.0633400645509142E-016
  -7.1960096802220578E-017  -7.2957578429961555E-016  -3.2586806753641033E-016  -1.1983001081804447E-003   4.2619846523284226E-017   7.0468396924142792E-016  -5.5206671979062016E-016   3.7896065343734852E-003  -5.0981179212380492E-017  -3.1991231710996575E-016   7.8999324769183194E-017  0.10525342702189829       0.31777251710206561        1.4567343504040617E-017   1.6600271501437545E-017   1.0633400645509142E-016  0.11709838073338892     
