   9.4265459727916207E-006  -5.9206839163448267E-018  -4.6957976570146648E-018   1.1194962972098837E-016  -2.0409096314374327E-005   1.0531541108326586E-017   3.1509390925369939E-018   1.1626065048277979E-018   4.8681570267634267E-020  -8.1874636075467419E-019   9.3120380596436585E-019  -6.3762751514675900E-019   2.6413503114460396E-018   1.8429973059342067E-016  -1.4054632795123318E-005   9.6694967013962540E-018  -2.5049679131390968E-017   5.9460101960907855E-019   8.9323068571749380E-019   8.5242944530578623E-019   9.3721931883458467E-019  -4.3018190009157742E-019   1.4440683205836037E-018  -9.4331285134066547E-004   5.4069192854453315E-016  -6.4942641745402582E-016   2.5558929945257180E-016  -3.7613704890772934E-003   2.1592184687440923E-015  -2.6227312185380626E-015  -3.0689291920675772E-016  -3.1352117253128947E-019  -7.6796043111092145E-020   4.1520699671425449E-020  -1.5502611516223785E-019  -4.3086119812322428E-020  -1.3433065452513973E-019   5.9037298710899362E-015
  -5.9206839163448267E-018   9.4265459727814376E-006  -1.2344645436539129E-017  -1.7579496101317549E-015   4.1703600725219259E-018  -2.0409096314343112E-005   2.8059506678757405E-017   5.0110055905518505E-018  -2.2206522371545342E-019   1.1630292114209665E-018   4.2829253114673848E-018   7.3448083651619363E-019   7.6105883904441534E-018  -2.6822774564853343E-015   1.2864179631853650E-018  -1.4054632795125965E-005   2.9627175607240977E-018   3.9667079136561878E-018  -2.6006044881007859E-018   7.6103936754857297E-020   3.5198916463862515E-018   2.2113920015379632E-020   2.3995962938673839E-019   4.9111879629881481E-017  -9.4331285134014733E-004   8.7123902165598254E-016  -2.8499307829249286E-015   2.0387437624462487E-016  -3.7613704890752772E-003   3.5003615084964257E-015   1.9265736860411384E-015  -1.6822543269428611E-019  -5.0937369548887836E-019   4.9270691041234217E-019  -3.9690187835996008E-019  -7.7942197533711327E-021  -3.5757038385526343E-019   1.5030944873530140E-015
  -4.6957976570146648E-018  -1.2344645436539129E-017   9.4265459728062438E-006  -1.3674128864569430E-015   1.6142527261287809E-017   2.4006037879509635E-017  -2.0409096314396651E-005   3.2036418118694445E-018   7.0821117826263009E-019  -9.8298456126527294E-020   3.0386648906286679E-018  -2.2765848764340444E-019   3.6336209148515813E-018  -2.0962279273114296E-015   2.0009147543441014E-017  -1.6816908762204819E-017  -1.4054632795147524E-005   4.5862410330949732E-018   8.4210326915989169E-019  -1.0808099486854690E-018   1.9334990259513500E-018   9.5531397998025649E-019   2.6704940042280784E-018   1.1280024976509396E-015   3.6273675734236123E-016  -9.4331285134139145E-004  -7.2848172552418026E-016   4.4915253061026783E-015   1.4392288623040842E-015  -3.7613704890802121E-003   7.1023934759081505E-016   1.2639934859002558E-018  -9.0771908325733978E-019   7.2937301271638987E-019   6.9433556428600332E-020  -2.1455959912871125E-020  -6.8960172528312146E-020  -1.0857112738954464E-015
   1.1194962972098837E-016  -1.7579496101317549E-015  -1.3674128864569430E-015  0.39041070527304517       -2.5061965288514845E-016   2.0808504558788327E-015   1.4878485688726164E-015   1.0213261137950457E-014   1.2511678900109685E-016  -3.4083530782643369E-016   1.1892910046397845E-014  -6.2534530774932940E-016   1.2774725487156516E-014  0.59504567978583145        4.0884697955303287E-016  -7.8365854517202597E-016  -3.1898036638920037E-016   1.9178131972354980E-014   5.7958195312883252E-017   6.7242361495625552E-017   1.8871771666687485E-014   1.4416494801871291E-016   1.6530033630127270E-014   3.7782171598805226E-017   1.7965447837183942E-015   6.1188481811467895E-016 -0.26157960440607186        8.9400298653166218E-016   6.4533220148057171E-015   2.1779852424696902E-015   7.0575074522474357E-002   1.7158260984536252E-015  -5.7878177264162193E-018   9.2915908470740292E-018   1.4795717071231039E-015   1.3493234664199087E-017   1.6707987914177198E-015   4.4000431863911504E-002
  -2.0409096314374327E-005   4.1703600725219259E-018   1.6142527261287809E-017  -2.5061965288514845E-016   4.4187045135266464E-005  -4.0773142068860747E-018  -1.9760025377420958E-017  -2.5171200778462915E-018  -1.0539882361872685E-019   1.7726400934008417E-018  -2.0161179099326494E-018   1.3805057978708966E-018  -5.7186983506102490E-018  -4.0127170841954523E-016   3.0429210784816125E-005  -8.0407850312668463E-018   4.5324495296550126E-017  -1.2873505855885787E-018  -1.9339035897508356E-018  -1.8455662021494427E-018  -2.0291418936607605E-018   9.3137230296584814E-019  -3.1265035490849402E-018   2.0423347950741799E-003  -3.0519865188165410E-016   8.0805248440421411E-016  -2.1438541765252471E-015   8.1436162097122677E-003  -1.2240103143297616E-015   3.2939236199532843E-015   1.3276969328931811E-015   6.7879410182174722E-019   1.6626851923955464E-019  -8.9895064544420427E-020   3.3564180610497266E-019   9.3284302820497805E-020   2.9083476324847031E-019  -2.6677460921382417E-015
   1.0531541108326586E-017  -2.0409096314343112E-005   2.4006037879509635E-017   2.0808504558788327E-015  -4.0773142068860747E-018   4.4187045135179037E-005  -5.4859680551665242E-017  -1.0849158962916217E-017   4.8078591585311442E-019  -2.5180352655987712E-018  -9.2728169408076277E-018  -1.5901996528457767E-018  -1.6477427884906756E-017   3.1617608739266350E-015   6.2484898778872448E-019   3.0429210784808193E-005  -2.3576623488727402E-018  -8.5881853327485848E-018   5.6304809446006215E-018  -1.6477006313726818E-019  -7.6207985232045595E-018  -4.7878101353042597E-020  -5.1952848932191654E-019   1.2254240742773985E-016   2.0423347950721412E-003  -1.6140064024191353E-015   3.9722556214966281E-015   4.7120734949664936E-016   8.1436162097042464E-003  -6.4928087567011723E-015  -2.6690559753052193E-015   3.6421920274200114E-019   1.1028277845616155E-018  -1.0667430910948793E-018   8.5931885195197993E-019   1.6875001947112589E-020   7.7416356158093502E-019   2.6507034840209678E-016
   3.1509390925369939E-018   2.8059506678757405E-017  -2.0409096314396651E-005   1.4878485688726164E-015  -1.9760025377420958E-017  -5.4859680551665242E-017   4.4187045135294593E-005  -6.9360966874112689E-018  -1.5333241029960633E-018   2.1282266743920787E-019  -6.5789107271565744E-018   4.9289570268265279E-019  -7.8670299212146223E-018   2.2864628238338790E-015  -3.2860869112430048E-017   3.4422966205750458E-017   3.0429210784854621E-005  -9.9295155655424455E-018  -1.8232093469386775E-018   2.3400251167191955E-018  -4.1861534393472388E-018  -2.0683180333664124E-018  -5.7817963756018157E-018  -1.7401328070489960E-015  -9.1869534193698935E-016   2.0423347950748179E-003   1.4781786092865646E-015  -6.9250229982421380E-015  -3.6477310868780747E-015   8.1436162097148629E-003  -1.1922507360291685E-015  -2.7366296063056002E-018   1.9652719299365981E-018  -1.5791408760527528E-018  -1.5032824796776097E-019   4.6453574155617699E-020   1.4930334049965238E-019   2.3580208427362625E-015
   1.1626065048277979E-018   5.0110055905518505E-018   3.2036418118694445E-018   1.0213261137950457E-014  -2.5171200778462915E-018  -1.0849158962916217E-017  -6.9360966874112689E-018   3.2074456320873899E-028   6.5458169093757146E-030  -1.3937631863682450E-029   3.7591114215138744E-028  -1.9461113662638540E-029   4.0514831114760674E-028   1.5611003114622719E-014  -1.7334034711469879E-018  -7.4712247428156980E-018  -4.7765119274697898E-018   5.9118464508707256E-028   2.5763741958909682E-030  -1.2590821060769228E-030   5.7645907203996796E-028   6.4544235133475024E-030   5.0609852497762019E-028  -1.1634183509162733E-016  -5.0145047670979370E-016  -3.2058789094090865E-016  -3.1518190771888850E-017  -4.6390202840630221E-016  -1.9994861960689085E-015  -1.2783137963475294E-015  -1.9688743840772288E-015  -7.6025999073134509E-029   2.9189355644241719E-031  -8.5573895345488254E-032  -7.5798419082754517E-029   4.0575295809917559E-031  -7.7418399677928377E-029  -8.7349163685331621E-016
   4.8681570267634267E-020  -2.2206522371545342E-019   7.0821117826263009E-019   1.2511678900109685E-016  -1.0539882361872685E-019   4.8078591585311442E-019  -1.5333241029960633E-018   6.5458169093757146E-030   3.0643319576292658E-031  -5.3594884351612477E-031   7.5548979119779002E-030  -4.3172069261163588E-031   8.1967570501350121E-030   1.9375267914279337E-016  -7.2582427958875606E-020   3.3109106822621742E-019  -1.0559167780688732E-018   1.1575624276575657E-029   2.8551642945210560E-031  -1.4058118732703515E-031   1.1228274396939926E-029   2.9764772873234704E-031   9.9258351118587877E-030  -4.8715564521935315E-018   2.2222029147103926E-017  -7.0870572089418300E-017   3.4150581086613216E-016  -1.9424869118566599E-017   8.8608232700885041E-017  -2.8258968169712664E-016  -2.1872466210568527E-016  -7.1818078573617030E-030   4.3172460214760676E-032  -3.8935171556791526E-032  -6.9459229148340785E-030   2.8743080460180739E-032  -7.2966298619469213E-030   1.8503756952831177E-017
  -8.1874636075467419E-019   1.1630292114209665E-018  -9.8298456126527294E-020  -3.4083530782643369E-016   1.7726400934008417E-018  -2.5180352655987712E-018   2.1282266743920787E-019  -1.3937631863682450E-029  -5.3594884351612477E-031   1.3018783514728033E-030  -1.5524619299947111E-029   9.8406075520994770E-031  -1.7080256961226963E-029  -5.2551587166931809E-016   1.2207206633178162E-018  -1.7340337111410451E-018   1.4655937702325046E-019  -2.4708232530348280E-029  -7.2224547999243457E-031  -2.2765333905431606E-031  -2.5210493680313213E-029  -5.0058785987457104E-031  -2.1854175514337993E-029   8.1931808990755013E-017  -1.1638413526871341E-016   9.8367097770463539E-018  -4.9997767121015584E-016   3.2669531430273701E-016  -4.6407069634888888E-016   3.9222946885994513E-017   3.6049020660726044E-016   1.2639699772588297E-029  -3.2123299777142503E-031   2.8025153316317360E-031   1.2244079384062198E-029  -1.1511626603167449E-031   1.2735851219807097E-029  -4.1742647492615010E-016
   9.3120380596436585E-019   4.2829253114673848E-018   3.0386648906286679E-018   1.1892910046397845E-014  -2.0161179099326494E-018  -9.2728169408076277E-018  -6.5789107271565744E-018   3.7591114215138744E-028   7.5548979119779002E-030  -1.5524619299947111E-029   4.4979439801720462E-028  -2.3532360653198933E-029   4.7927498627912073E-028   1.8173801299424267E-014  -1.3883905714301067E-018  -6.3856838673813360E-018  -4.5305374152412677E-018   7.0148838499983744E-028   3.2097186711696861E-030  -4.6021079383962258E-030   6.7489202196378607E-028   6.6640764759223554E-030   5.9927797099616721E-028  -9.3185406396266539E-017  -4.2859160708389972E-016  -3.0407867850772868E-016   6.3320029040801835E-016  -3.7156796616654440E-016  -1.7089683666034684E-015  -1.2124848782364114E-015  -2.5692205386986113E-015  -9.2255454842230341E-029  -5.8406431306324861E-031   7.1644406098919495E-031  -9.0026928934003346E-029  -2.0523478239031099E-031  -9.2917803980329176E-029  -5.3666040697987688E-015
  -6.3762751514675900E-019   7.3448083651619363E-019  -2.2765848764340444E-019  -6.2534530774932940E-016   1.3805057978708966E-018  -1.5901996528457767E-018   4.9289570268265279E-019  -1.9461113662638540E-029  -4.3172069261163588E-031   9.8406075520994770E-031  -2.3532360653198933E-029   1.3675302667221800E-030  -2.4814397406162453E-029  -9.5561045685194552E-016   9.5067913648199032E-019  -1.0950838708043936E-018   3.3943041871467405E-019  -3.6835040323219157E-029  -4.9680666761604451E-031   2.4536595440853591E-031  -3.5362457566133638E-029  -3.2207733455063362E-031  -3.1815831837020017E-029   6.3807276932847890E-017  -7.3499372319890397E-017   2.2781746117146056E-017  -5.0522781451668960E-017   2.5442546245658302E-016  -2.9307177318407895E-016   9.0840051010547352E-017   1.4358143811899511E-016   5.0538002307786985E-030   1.4566366194679956E-033  -5.4109453178364031E-033   4.8808392092908610E-030   2.0780770246465246E-032   5.0574607538003975E-030   3.3615286012839665E-016
   2.6413503114460396E-018   7.6105883904441534E-018   3.6336209148515813E-018   1.2774725487156516E-014  -5.7186983506102490E-018  -1.6477427884906756E-017  -7.8670299212146223E-018   4.0514831114760674E-028   8.1967570501350121E-030  -1.7080256961226963E-029   4.7927498627912073E-028  -2.4814397406162453E-029   5.1460494194584038E-028   1.9525105479564881E-014  -3.9381560135924095E-018  -1.1347106935396111E-017  -5.4175949306931558E-018   7.4962779912990198E-028   2.9284211493449142E-030  -3.1315956093786226E-030   7.2611074416110329E-028   7.6389983586954335E-030   6.4048720202715258E-028  -2.6431947617617886E-016  -7.6159028511493019E-016  -3.6361582660627936E-016   4.9954384348264215E-016  -1.0539488314659453E-015  -3.0367689988831528E-015  -1.4498836071347250E-015  -2.7134425197607386E-015  -1.0052733132621818E-028  -2.1032043527957761E-031   4.0906176391869806E-031  -9.9057304957686919E-029   1.5031644282310602E-031  -1.0177755904179028E-028  -3.4022315800741279E-015
   1.8429973059342067E-016  -2.6822774564853343E-015  -2.0962279273114296E-015  0.59504567978583145       -4.0127170841954523E-016   3.1617608739266350E-015   2.2864628238338790E-015   1.5611003114622719E-014   1.9375267914279337E-016  -5.2551587166931809E-016   1.8173801299424267E-014  -9.5561045685194552E-016   1.9525105479564881E-014  0.90698730519991078        6.3076087682288672E-016  -1.2517901807266262E-015  -4.9966231069492078E-016   2.9299992930348997E-014   9.0400736600012126E-017   1.0262286664682726E-016   2.8836301569892710E-014   2.2273662331864515E-016   2.5254583864227958E-014   1.9843781786986106E-016   5.2289609365729799E-016   7.6998424535073650E-016 -0.39275926847641512        1.8986699332215543E-015   9.5440655664036041E-016   2.6349895668468819E-015  0.10415914863652187        2.5023568940678875E-015  -6.8747577729520352E-018   1.2506950161317915E-017   2.1472522714402150E-015   2.1239128587033383E-017   2.4332869748109285E-015   6.8991350726818654E-002
  -1.4054632795123318E-005   1.2864179631853650E-018   2.0009147543441014E-017   4.0884697955303287E-016   3.0429210784816125E-005   6.2484898778872448E-019  -3.2860869112430048E-017  -1.7334034711469879E-018  -7.2582427958875606E-020   1.2207206633178162E-018  -1.3883905714301067E-018   9.5067913648199032E-019  -3.9381560135924095E-018   6.3076087682288672E-016   2.0954939760109991E-005  -3.1733556189232002E-018   1.7953869633967357E-017  -8.8652821654945951E-019  -1.3317740480222305E-018  -1.2709409015903364E-018  -1.3973594794996742E-018   6.4138536621758595E-019  -2.1530526700679682E-018   1.4064447120696046E-003  -5.1514786899106916E-017  -3.3342609567929931E-016   3.0525111126169086E-015   5.6080648397600890E-003  -2.1027192120121917E-016  -1.2799974778380434E-015  -1.6117237483677827E-015   4.6744851884415198E-019   1.1450007130517114E-019  -6.1905833691871270E-020   2.3113822686891661E-019   6.4239817455865976E-020   2.0028205742434599E-019  -8.4366163918748732E-015
   9.6694967013962540E-018  -1.4054632795125965E-005  -1.6816908762204819E-017  -7.8365854517202597E-016  -8.0407850312668463E-018   3.0429210784808193E-005   3.4422966205750458E-017  -7.4712247428156980E-018   3.3109106822621742E-019  -1.7340337111410451E-018  -6.3856838673813360E-018  -1.0950838708043936E-018  -1.1347106935396111E-017  -1.2517901807266262E-015  -3.1733556189232002E-018   2.0954939760140528E-005   4.8097879623630414E-017  -5.9142153760033376E-018   3.8774054920105403E-018  -1.1346816621594977E-019  -5.2480287810727337E-018  -3.2971040129802980E-020  -3.5777096816053313E-019  -1.5748030595863030E-016   1.4064447120706166E-003   2.2257063756866816E-015  -2.9814665250693272E-015  -6.3993320018073804E-016   5.6080648397641986E-003   8.8354634456213798E-015   1.8357462622669577E-015   2.5081792329374398E-019   7.5945741592764479E-019  -7.3460785334067949E-019   5.9176607991186213E-019   1.1620894532674676E-020   5.3312427048696778E-019   3.6755247502155757E-016
  -2.5049679131390968E-017   2.9627175607240977E-018  -1.4054632795147524E-005  -3.1898036638920037E-016   4.5324495296550126E-017  -2.3576623488727402E-018   3.0429210784854621E-005  -4.7765119274697898E-018  -1.0559167780688732E-018   1.4655937702325046E-019  -4.5305374152412677E-018   3.3943041871467405E-019  -5.4175949306931558E-018  -4.9966231069492078E-016   1.7953869633967357E-017   4.8097879623630414E-017   2.0954939760149673E-005  -6.8379164348916133E-018  -1.2555449533459119E-018   1.6114478191578370E-018  -2.8827758226065301E-018  -1.4243379527817099E-018  -3.9816081861425324E-018   1.5255219882621874E-015   1.0045206142149861E-015   1.4064447120709278E-003  -7.6944696739215509E-016   6.0922338893777442E-015   4.0160902866576785E-015   5.6080648397654007E-003   5.3954430579393437E-016  -1.8845677250675464E-018   1.3533757150421416E-018  -1.0874682936875480E-018  -1.0352287481752271E-019   3.1990045845691272E-020   1.0281707698110127E-019  -1.8564361259345305E-015
   5.9460101960907855E-019   3.9667079136561878E-018   4.5862410330949732E-018   1.9178131972354980E-014  -1.2873505855885787E-018  -8.5881853327485848E-018  -9.9295155655424455E-018   5.9118464508707256E-028   1.1575624276575657E-029  -2.4708232530348280E-029   7.0148838499983744E-028  -3.6835040323219157E-029   7.4962779912990198E-028   2.9299992930348997E-014  -8.8652821654945951E-019  -5.9142153760033376E-018  -6.8379164348916133E-018   1.1014170165785676E-027   5.5092433872206831E-030  -4.7013245889492098E-030   1.0666335316054717E-027   1.0777987142732217E-029   9.4327725906339837E-028  -5.9501622846220670E-017  -3.9694778590182211E-016  -4.5894435972952516E-016  -9.1962304206669723E-016  -2.3725707532521128E-016  -1.5827916321439472E-015  -1.8299970877760811E-015  -3.1240989502423036E-015  -1.1987909001800288E-028  -2.2598693501026120E-031   4.9948161271156711E-031  -1.1896368767802197E-028   1.3197441066183720E-031  -1.2150784730223418E-028  -5.2146655898256034E-015
   8.9323068571749380E-019  -2.6006044881007859E-018   8.4210326915989169E-019   5.7958195312883252E-017  -1.9339035897508356E-018   5.6304809446006215E-018  -1.8232093469386775E-018   2.5763741958909682E-030   2.8551642945210560E-031  -7.2224547999243457E-031   3.2097186711696861E-030  -4.9680666761604451E-031   2.9284211493449142E-030   9.0400736600012126E-017  -1.3317740480222305E-018   3.8774054920105403E-018  -1.2555449533459119E-018   5.5092433872206831E-030   9.7816127685146495E-031  -5.2327693577494259E-032   5.4325044042567720E-030   1.8801184904645110E-031   5.5941148904317831E-030  -8.9385442714507529E-017   2.6024204856790900E-016  -8.4269130840450789E-017   2.3618148023778299E-016  -3.5641597154287222E-016   1.0376904757622747E-015  -3.3601516340310031E-016  -1.4654270670031873E-016  -4.7590152851736250E-030   1.2863123914227595E-031  -1.3082909612516635E-031  -4.5786895034039410E-030   2.1804362048123107E-032  -4.8271558769063048E-030   5.0284766543881082E-017
   8.5242944530578623E-019   7.6103936754857297E-020  -1.0808099486854690E-018   6.7242361495625552E-017  -1.8455662021494427E-018  -1.6477006313726818E-019   2.3400251167191955E-018  -1.2590821060769228E-030  -1.4058118732703515E-031  -2.2765333905431606E-031  -4.6021079383962258E-030   2.4536595440853591E-031  -3.1315956093786226E-030   1.0262286664682726E-016  -1.2709409015903364E-018  -1.1346816621594977E-019   1.6114478191578370E-018  -4.7013245889492098E-030  -5.2327693577494259E-032   1.3851329607307320E-030  -9.2427722427403397E-031   7.2551071757927353E-032  -3.1500172629869824E-030  -8.5302469529766806E-017  -7.6157079998585976E-018   1.0815646763855126E-016  -4.9211483038572601E-016  -3.4013550337907830E-016  -3.0366913037789235E-017   4.3126365235065834E-016   2.2880700166237769E-016   5.2559931310628020E-030   4.2771254406739337E-031  -3.7315948365238042E-031   4.5122860988765957E-030   2.3206056193952269E-031   5.1189284151899942E-030   1.5601332076158081E-015
   9.3721931883458467E-019   3.5198916463862515E-018   1.9334990259513500E-018   1.8871771666687485E-014  -2.0291418936607605E-018  -7.6207985232045595E-018  -4.1861534393472388E-018   5.7645907203996796E-028   1.1228274396939926E-029  -2.5210493680313213E-029   6.7489202196378607E-028  -3.5362457566133638E-029   7.2611074416110329E-028   2.8836301569892710E-014  -1.3973594794996742E-018  -5.2480287810727337E-018  -2.8827758226065301E-018   1.0666335316054717E-027   5.4325044042567720E-030  -9.2427722427403397E-031   1.0434869435655772E-027   1.1146618379148100E-029   9.1593508582730149E-028  -9.3787377743713494E-017  -3.5223495807195724E-016  -1.9348491850368338E-016  -1.6836571309402847E-015  -3.7396826979688464E-016  -1.4045034737207433E-015  -7.7150275383931563E-016  -2.7424359242778124E-015  -1.1318298253461492E-028   1.1739402832247546E-030  -7.2600333197287474E-031  -1.1396372847260251E-028   8.5597616972257550E-031  -1.1529668984217130E-028  -5.0791650023175088E-016
  -4.3018190009157742E-019   2.2113920015379632E-020   9.5531397998025649E-019   1.4416494801871291E-016   9.3137230296584814E-019  -4.7878101353042597E-020  -2.0683180333664124E-018   6.4544235133475024E-030   2.9764772873234704E-031  -5.0058785987457104E-031   6.6640764759223554E-030  -3.2207733455063362E-031   7.6389983586954335E-030   2.2273662331864515E-016   6.4138536621758595E-019  -3.2971040129802980E-020  -1.4243379527817099E-018   1.0777987142732217E-029   1.8801184904645110E-031   7.2551071757927353E-032   1.1146618379148100E-029   3.9372613870916305E-031   9.2407835968185454E-030   4.3048229536459067E-017  -2.2129362129967532E-018  -9.5598107406680736E-017   2.1176721192063232E-016   1.7165073067257532E-016  -8.8238731762740729E-018  -3.8118838251815128E-016  -1.5766696766390953E-016  -5.6323484233029105E-030   8.6565174473824568E-032  -7.7186391535238721E-032  -5.6653928002740543E-030   8.4858189086403243E-032  -5.8684044283497254E-030   3.8792055170368909E-016
   1.4440683205836037E-018   2.3995962938673839E-019   2.6704940042280784E-018   1.6530033630127270E-014  -3.1265035490849402E-018  -5.1952848932191654E-019  -5.7817963756018157E-018   5.0609852497762019E-028   9.9258351118587877E-030  -2.1854175514337993E-029   5.9927797099616721E-028  -3.1815831837020017E-029   6.4048720202715258E-028   2.5254583864227958E-014  -2.1530526700679682E-018  -3.5777096816053313E-019  -3.9816081861425324E-018   9.4327725906339837E-028   5.5941148904317831E-030  -3.1500172629869824E-030   9.1593508582730149E-028   9.2407835968185454E-030   8.0956337746880036E-028  -1.4450767109685509E-016  -2.4012719289684947E-017  -2.6723588056082314E-016  -1.0293525818664981E-015  -5.7621062697951474E-016  -9.5748439736058654E-017  -1.0655777172287455E-015  -2.5806094206587900E-015  -1.0097051973280109E-028   3.0167543571627869E-031  -1.6263740840938003E-032  -1.0040822865576813E-028   2.5561150949048563E-031  -1.0228985379242180E-028  -3.5633928937927698E-015
  -9.4331285134066547E-004   4.9111879629881481E-017   1.1280024976509396E-015   3.7782171598805226E-017   2.0423347950741799E-003   1.2254240742773985E-016  -1.7401328070489960E-015  -1.1634183509162733E-016  -4.8715564521935315E-018   8.1931808990755013E-017  -9.3185406396266539E-017   6.3807276932847890E-017  -2.6431947617617886E-016   1.9843781786986106E-016   1.4064447120696046E-003  -1.5748030595863030E-016   1.5255219882621874E-015  -5.9501622846220670E-017  -8.9385442714507529E-017  -8.5302469529766806E-017  -9.3787377743713494E-017   4.3048229536459067E-017  -1.4450767109685509E-016   9.4397156505983210E-002   2.6798946491758385E-016  -8.6744601776665091E-016  -2.2771360236332461E-015  0.37639970475308354        7.4228401857803174E-016  -1.3603942055964726E-016   1.0084594908976668E-015   3.1374010380325525E-017   7.6849669655515793E-018  -4.1549693504931901E-018   1.5513436960985702E-017   4.3116206775662136E-018   1.3442445736884652E-017   9.8172114717395248E-015
   5.4069192854453315E-016  -9.4331285134014733E-004   3.6273675734236123E-016   1.7965447837183942E-015  -3.0519865188165410E-016   2.0423347950721412E-003  -9.1869534193698935E-016  -5.0145047670979370E-016   2.2222029147103926E-017  -1.1638413526871341E-016  -4.2859160708389972E-016  -7.3499372319890397E-017  -7.6159028511493019E-016   5.2289609365729799E-016  -5.1514786899106916E-017   1.4064447120706166E-003   1.0045206142149861E-015  -3.9694778590182211E-016   2.6024204856790900E-016  -7.6157079998585976E-018  -3.5223495807195724E-016  -2.2129362129967532E-018  -2.4012719289684947E-017   2.6798946491758385E-016   9.4397156505981503E-002   1.3517805117330264E-016   1.6212526801064114E-015   2.6347857303393020E-016  0.37639970475308171       -2.1007160391054829E-015  -1.2655560620730057E-015   1.6834290428211925E-017   5.0972939025288001E-017  -4.9305096678932143E-017   3.9717903430911178E-017   7.7996624434406607E-019   3.5782007469356089E-017  -1.8517631171121697E-015
  -6.4942641745402582E-016   8.7123902165598254E-016  -9.4331285134139145E-004   6.1188481811467895E-016   8.0805248440421411E-016  -1.6140064024191353E-015   2.0423347950748179E-003  -3.2058789094090865E-016  -7.0870572089418300E-017   9.8367097770463539E-018  -3.0407867850772868E-016   2.2781746117146056E-017  -3.6361582660627936E-016   7.6998424535073650E-016  -3.3342609567929931E-016   2.2257063756866816E-015   1.4064447120709278E-003  -4.5894435972952516E-016  -8.4269130840450789E-017   1.0815646763855126E-016  -1.9348491850368338E-016  -9.5598107406680736E-017  -2.6723588056082314E-016  -8.6744601776665091E-016   1.3517805117330264E-016   9.4397156505982072E-002   5.2459527771278334E-016  -2.8306579018147194E-015   1.2544477862021433E-015  0.37639970475308138       -6.7552561587466171E-016  -1.2648761303199682E-016   9.0835294190926922E-017  -7.2988233261845367E-017  -6.9482041734079643E-018   2.1470942572002482E-018   6.9008327323084038E-018   4.1111751874849324E-016
   2.5558929945257180E-016  -2.8499307829249286E-015  -7.2848172552418026E-016 -0.26157960440607186       -2.1438541765252471E-015   3.9722556214966281E-015   1.4781786092865646E-015  -3.1518190771888850E-017   3.4150581086613216E-016  -4.9997767121015584E-016   6.3320029040801835E-016  -5.0522781451668960E-017   4.9954384348264215E-016 -0.39275926847641512        3.0525111126169086E-015  -2.9814665250693272E-015  -7.6944696739215509E-016  -9.1962304206669723E-016   2.3618148023778299E-016  -4.9211483038572601E-016  -1.6836571309402847E-015   2.1176721192063232E-016  -1.0293525818664981E-015  -2.2771360236332461E-015   1.6212526801064114E-015   5.2459527771278334E-016   1.1133957076286309        5.3168546598052689E-016  -1.9383650547841677E-015  -1.9774882135298800E-015 -0.57062495101368382       -1.7667546009630438E-014   1.2074853695521084E-016  -1.0021849392871470E-016  -1.6531751295639064E-014  -1.4236944547943206E-017  -1.7576416079921102E-014 -0.39724880577347538     
  -3.7613704890772934E-003   2.0387437624462487E-016   4.4915253061026783E-015   8.9400298653166218E-016   8.1436162097122677E-003   4.7120734949664936E-016  -6.9250229982421380E-015  -4.6390202840630221E-016  -1.9424869118566599E-017   3.2669531430273701E-016  -3.7156796616654440E-016   2.5442546245658302E-016  -1.0539488314659453E-015   1.8986699332215543E-015   5.6080648397600890E-003  -6.3993320018073804E-016   6.0922338893777442E-015  -2.3725707532521128E-016  -3.5641597154287222E-016  -3.4013550337907830E-016  -3.7396826979688464E-016   1.7165073067257532E-016  -5.7621062697951474E-016  0.37639970475308354        2.6347857303393020E-016  -2.8306579018147194E-015   5.3168546598052689E-016   1.5008581082548660       -2.5048775430902131E-016   1.9624432016485053E-015  -4.9481352347430485E-016   1.2510088948831227E-016   3.0643076591893824E-017  -1.6567546043441901E-017   6.1858357899200173E-017   1.7192178346385824E-017   5.3600476897777427E-017  -6.3499954639606421E-015
   2.1592184687440923E-015  -3.7613704890752772E-003   1.4392288623040842E-015   6.4533220148057171E-015  -1.2240103143297616E-015   8.1436162097042464E-003  -3.6477310868780747E-015  -1.9994861960689085E-015   8.8608232700885041E-017  -4.6407069634888888E-016  -1.7089683666034684E-015  -2.9307177318407895E-016  -3.0367689988831528E-015   9.5440655664036041E-016  -2.1027192120121917E-016   5.6080648397641986E-003   4.0160902866576785E-015  -1.5827916321439472E-015   1.0376904757622747E-015  -3.0366913037789235E-017  -1.4045034737207433E-015  -8.8238731762740729E-018  -9.5748439736058654E-017   7.4228401857803174E-016  0.37639970475308171        1.2544477862021433E-015  -1.9383650547841677E-015  -2.5048775430902131E-016   1.5008581082548784       -5.5235563262380155E-015  -3.1024350477092327E-016   6.7125135771634729E-017   2.0324975782824097E-016  -1.9659939472431361E-016   1.5837137132273581E-016   3.1100413927185894E-018   1.4267735963104378E-016  -2.5513468851483969E-016
  -2.6227312185380626E-015   3.5003615084964257E-015  -3.7613704890802121E-003   2.1779852424696902E-015   3.2939236199532843E-015  -6.4928087567011723E-015   8.1436162097148629E-003  -1.2783137963475294E-015  -2.8258968169712664E-016   3.9222946885994513E-017  -1.2124848782364114E-015   9.0840051010547352E-017  -1.4498836071347250E-015   2.6349895668468819E-015  -1.2799974778380434E-015   8.8354634456213798E-015   5.6080648397654007E-003  -1.8299970877760811E-015  -3.3601516340310031E-016   4.3126365235065834E-016  -7.7150275383931563E-016  -3.8118838251815128E-016  -1.0655777172287455E-015  -1.3603942055964726E-016  -2.1007160391054829E-015  0.37639970475308138       -1.9774882135298800E-015   1.9624432016485053E-015  -5.5235563262380155E-015   1.5008581082548669       -2.6980370758538896E-016  -5.0435735526780088E-016   3.6219711673685022E-016  -2.9103365468923194E-016  -2.7705304865424951E-017   8.5613346249041005E-018   2.7516415739010584E-017  -1.0679476471950425E-015
  -3.0689291920675772E-016   1.9265736860411384E-015   7.1023934759081505E-016   7.0575074522474357E-002   1.3276969328931811E-015  -2.6690559753052193E-015  -1.1922507360291685E-015  -1.9688743840772288E-015  -2.1872466210568527E-016   3.6049020660726044E-016  -2.5692205386986113E-015   1.4358143811899511E-016  -2.7134425197607386E-015  0.10415914863652187       -1.6117237483677827E-015   1.8357462622669577E-015   5.3954430579393437E-016  -3.1240989502423036E-015  -1.4654270670031873E-016   2.2880700166237769E-016  -2.7424359242778124E-015  -1.5766696766390953E-016  -2.5806094206587900E-015   1.0084594908976668E-015  -1.2655560620730057E-015  -6.7552561587466171E-016 -0.57062495101368382       -4.9481352347430485E-016  -3.1024350477092327E-016  -2.6980370758538896E-016  0.30582086044588391        9.6181428052309312E-015  -7.9606833267729384E-017   6.5848215678378890E-017   9.0433372346165075E-015  -2.4732436015502773E-018   9.5851390572743873E-015  0.16608449928080374     
  -3.1352117253128947E-019  -1.6822543269428611E-019   1.2639934859002558E-018   1.7158260984536252E-015   6.7879410182174722E-019   3.6421920274200114E-019  -2.7366296063056002E-018  -7.6025999073134509E-029  -7.1818078573617030E-030   1.2639699772588297E-029  -9.2255454842230341E-029   5.0538002307786985E-030  -1.0052733132621818E-028   2.5023568940678875E-015   4.6744851884415198E-019   2.5081792329374398E-019  -1.8845677250675464E-018  -1.1987909001800288E-028  -4.7590152851736250E-030   5.2559931310628020E-030  -1.1318298253461492E-028  -5.6323484233029105E-030  -1.0097051973280109E-028   3.1374010380325525E-017   1.6834290428211925E-017  -1.2648761303199682E-016  -1.7667546009630438E-014   1.2510088948831227E-016   6.7125135771634729E-017  -5.0435735526780088E-016   9.6181428052309312E-015   3.0636722599720842E-028  -3.3101783424594341E-030   2.7641208089020414E-030   2.8905984476454602E-028  -5.0332744360630845E-031   3.0567879387350228E-028   2.7383124700821473E-015
  -7.6796043111092145E-020  -5.0937369548887836E-019  -9.0771908325733978E-019  -5.7878177264162193E-018   1.6626851923955464E-019   1.1028277845616155E-018   1.9652719299365981E-018   2.9189355644241719E-031   4.3172460214760676E-032  -3.2123299777142503E-031  -5.8406431306324861E-031   1.4566366194679956E-033  -2.1032043527957761E-031  -6.8747577729520352E-018   1.1450007130517114E-019   7.5945741592764479E-019   1.3533757150421416E-018  -2.2598693501026120E-031   1.2863123914227595E-031   4.2771254406739337E-031   1.1739402832247546E-030   8.6565174473824568E-032   3.0167543571627869E-031   7.6849669655515793E-018   5.0972939025288001E-017   9.0835294190926922E-017   1.2074853695521084E-016   3.0643076591893824E-017   2.0324975782824097E-016   3.6219711673685022E-016  -7.9606833267729384E-017  -3.3101783424594341E-030   2.8995311027566461E-031  -2.4931254972145015E-031  -3.2166211812723727E-030   9.5362570791008639E-032  -3.2740819931452273E-030   5.1569733860949072E-016
   4.1520699671425449E-020   4.9270691041234217E-019   7.2937301271638987E-019   9.2915908470740292E-018  -8.9895064544420427E-020  -1.0667430910948793E-018  -1.5791408760527528E-018  -8.5573895345488254E-032  -3.8935171556791526E-032   2.8025153316317360E-031   7.1644406098919495E-031  -5.4109453178364031E-033   4.0906176391869806E-031   1.2506950161317915E-017  -6.1905833691871270E-020  -7.3460785334067949E-019  -1.0874682936875480E-018   4.9948161271156711E-031  -1.3082909612516635E-031  -3.7315948365238042E-031  -7.2600333197287474E-031  -7.7186391535238721E-032  -1.6263740840938003E-032  -4.1549693504931901E-018  -4.9305096678932143E-017  -7.2988233261845367E-017  -1.0021849392871470E-016  -1.6567546043441901E-017  -1.9659939472431361E-016  -2.9103365468923194E-016   6.5848215678378890E-017   2.7641208089020414E-030  -2.4931254972145015E-031   2.1517264301870036E-031   2.6954478987370382E-030  -8.3400947030452767E-032   2.7406623092301864E-030  -4.5571719073867777E-016
  -1.5502611516223785E-019  -3.9690187835996008E-019   6.9433556428600332E-020   1.4795717071231039E-015   3.3564180610497266E-019   8.5931885195197993E-019  -1.5032824796776097E-019  -7.5798419082754517E-029  -6.9459229148340785E-030   1.2244079384062198E-029  -9.0026928934003346E-029   4.8808392092908610E-030  -9.9057304957686919E-029   2.1472522714402150E-015   2.3113822686891661E-019   5.9176607991186213E-019  -1.0352287481752271E-019  -1.1896368767802197E-028  -4.5786895034039410E-030   4.5122860988765957E-030  -1.1396372847260251E-028  -5.6653928002740543E-030  -1.0040822865576813E-028   1.5513436960985702E-017   3.9717903430911178E-017  -6.9482041734079643E-018  -1.6531751295639064E-014   6.1858357899200173E-017   1.5837137132273581E-016  -2.7705304865424951E-017   9.0433372346165075E-015   2.8905984476454602E-028  -3.2166211812723727E-030   2.6954478987370382E-030   2.7322944539995264E-028  -6.0696416558966795E-031   2.8874667044140878E-028   1.7731297511275673E-015
  -4.3086119812322428E-020  -7.7942197533711327E-021  -2.1455959912871125E-020   1.3493234664199087E-017   9.3284302820497805E-020   1.6875001947112589E-020   4.6453574155617699E-020   4.0575295809917559E-031   2.8743080460180739E-032  -1.1511626603167449E-031  -2.0523478239031099E-031   2.0780770246465246E-032   1.5031644282310602E-031   2.1239128587033383E-017   6.4239817455865976E-020   1.1620894532674676E-020   3.1990045845691272E-020   1.3197441066183720E-031   2.1804362048123107E-032   2.3206056193952269E-031   8.5597616972257550E-031   8.4858189086403243E-032   2.5561150949048563E-031   4.3116206775662136E-018   7.7996624434406607E-019   2.1470942572002482E-018  -1.4236944547943206E-017   1.7192178346385824E-017   3.1100413927185894E-018   8.5613346249041005E-018  -2.4732436015502773E-018  -5.0332744360630845E-031   9.5362570791008639E-032  -8.3400947030452767E-032  -6.0696416558966795E-031   5.5321894590431701E-032  -5.6672991443452500E-031   3.3213617334308608E-016
  -1.3433065452513973E-019  -3.5757038385526343E-019  -6.8960172528312146E-020   1.6707987914177198E-015   2.9083476324847031E-019   7.7416356158093502E-019   1.4930334049965238E-019  -7.7418399677928377E-029  -7.2966298619469213E-030   1.2735851219807097E-029  -9.2917803980329176E-029   5.0574607538003975E-030  -1.0177755904179028E-028   2.4332869748109285E-015   2.0028205742434599E-019   5.3312427048696778E-019   1.0281707698110127E-019  -1.2150784730223418E-028  -4.8271558769063048E-030   5.1189284151899942E-030  -1.1529668984217130E-028  -5.8684044283497254E-030  -1.0228985379242180E-028   1.3442445736884652E-017   3.5782007469356089E-017   6.9008327323084038E-018  -1.7576416079921102E-014   5.3600476897777427E-017   1.4267735963104378E-016   2.7516415739010584E-017   9.5851390572743873E-015   3.0567879387350228E-028  -3.2740819931452273E-030   2.7406623092301864E-030   2.8874667044140878E-028  -5.6672991443452500E-031   3.0526998334439361E-028   2.3247353044741304E-015
   5.9037298710899362E-015   1.5030944873530140E-015  -1.0857112738954464E-015   4.4000431863911504E-002  -2.6677460921382417E-015   2.6507034840209678E-016   2.3580208427362625E-015  -8.7349163685331621E-016   1.8503756952831177E-017  -4.1742647492615010E-016  -5.3666040697987688E-015   3.3615286012839665E-016  -3.4022315800741279E-015   6.8991350726818654E-002  -8.4366163918748732E-015   3.6755247502155757E-016  -1.8564361259345305E-015  -5.2146655898256034E-015   5.0284766543881082E-017   1.5601332076158081E-015  -5.0791650023175088E-016   3.8792055170368909E-016  -3.5633928937927698E-015   9.8172114717395248E-015  -1.8517631171121697E-015   4.1111751874849324E-016 -0.39724880577347538       -6.3499954639606421E-015  -2.5513468851483969E-016  -1.0679476471950425E-015  0.16608449928080374        2.7383124700821473E-015   5.1569733860949072E-016  -4.5571719073867777E-016   1.7731297511275673E-015   3.3213617334308608E-016   2.3247353044741304E-015   2.1274118849974708     
