   4.8820954012058772E-006   1.8191806246397252E-017   1.8769014997415230E-019   9.5949581583757795E-020   1.8793225366085178E-017   2.8972745610606837E-020   1.8742350532632350E-017  -1.5480901878755434E-016  -2.9096587165470466E-017   1.8951822003052455E-019  -3.0402185096920284E-004  -8.4396491082206057E-004  -1.6433547281753318E-016  -3.2398048024566378E-017  -2.7562703971893331E-020  -3.4910397515986309E-017  -3.1630505845630024E-019  -9.1029318027552204E-020  -5.3330699361527519E-017  -5.1123406481745557E-019  -5.5638529076233732E-017  -7.3935102439322091E-004  -1.1515080866525131E-018   1.0558129654985598E-019  -1.0967903920967146E-020  -4.9776903468332923E-019  -4.5204172227760693E-030  -4.9776903177428485E-019   1.4461285527462768E-019  -1.0967904330243372E-020   1.0558129644291702E-019  -4.1674881129990396E-020  -1.8537896107979262E-016  -3.4584360461805365E-017   2.6272037749198067E-019  -3.3546306441791626E-017   5.8308870381926299E-020   1.6045226061019031E-019  -2.8320770600223327E-017   6.4171771657136338E-019  -2.8301441916087128E-017  -1.2607639175218023E-003  -1.0197163818483784E-003
   1.8191806246397252E-017   1.2101330779522149E-028  -2.2787304464113873E-030   1.0075404405276978E-031   1.3053712435330326E-028   6.2465270560748712E-030   1.4468823537901021E-028   2.1734636808564539E-017   1.5539622888602280E-017  -6.5835857781007373E-017  -2.6993020374668875E-015  -7.8365617299804853E-015   2.3592292907221643E-017   1.6867792090771229E-017  -7.1462838521167180E-017  -2.7416240030356200E-028   1.0716883620956586E-030   1.3892157755562378E-030  -4.3493096679880884E-028  -3.1430184637501131E-030  -4.7764868673066333E-028  -6.4079008979852174E-015  -6.9980482679926132E-030   6.0874422111376902E-031  -5.4373845430263553E-032  -3.2188687243222327E-030   4.0188238294693559E-033  -3.2047388964802333E-030   1.1846405670261131E-030  -1.3016703104631669E-032   6.1651141669489019E-031  -2.7938199564914944E-031   2.5971010838913387E-017   1.8568505102120907E-017  -7.8668154939963399E-017  -2.8142413291763260E-028  -6.4977687713599704E-031  -4.0324354324426155E-031  -2.4233479549264449E-028   2.4336253231928724E-030  -2.4416333157915207E-028   9.7266920312640529E-016  -4.1773864994903432E-016
   1.8769014997415230E-019  -2.2787304464113873E-030   2.1482352763286910E-031   5.8751292154830043E-033  -2.7581532840623924E-030  -3.9061964084414982E-031  -3.5122266499671964E-030  -5.5487926435485574E-017  -4.4752655470626641E-017  -2.2757955823768466E-017   7.5931093084175446E-017   2.2998707019152843E-016  -6.0230471059148301E-017  -4.8577658119514651E-017  -2.4703074842823499E-017   6.4121863223804489E-030  -1.4094244437517345E-031  -1.0144143011960559E-031   1.0891718300534388E-029   6.7755042383354119E-032   1.2733013783213295E-029   1.7590116496233642E-016  -7.5702052795733204E-031   1.1052227409339935E-031  -1.9620206693747576E-032  -2.6793487710550032E-031  -4.6311372213751415E-034  -2.8539259757593097E-031   1.6956275793659735E-031   4.2748460507690871E-033   1.2804005458048981E-031  -8.0480080377752895E-032  -6.6303272126321140E-017  -5.3475551974256385E-017  -2.7193788540224197E-017   7.3694099074421500E-030   5.6393065868692285E-032   5.9971747815183765E-032   6.4692054547098728E-030   1.8600754997878183E-032   6.5813406431838192E-030  -3.6565213235887490E-016  -2.2837214902827188E-016
   9.5949581583757795E-020   1.0075404405276978E-031   5.8751292154830043E-033   5.8759046318265380E-032   7.2604054619356211E-032  -6.6076547779016251E-032   9.5623913440944154E-032  -2.3643969623841163E-017   1.7462102165332076E-017   8.2150668103528628E-017   3.6281164683453771E-019   2.3961492477959243E-018  -2.5664816107480835E-017   1.8954585378565716E-017   8.9172073197803454E-017  -2.4833525607028352E-031   2.6978519609669167E-033  -2.3570763031417343E-032  -2.0226430699638619E-031   5.5951926446732146E-033  -1.5323747392907633E-031   2.4898254325241052E-019  -3.9889589514251436E-031  -6.6567882762758828E-032   1.7099967545707987E-032  -1.4796137437095702E-031  -4.3433427619183065E-033  -1.6432038595326692E-031  -1.9252857318013843E-031  -3.6594367507272106E-032  -9.5704718570615620E-032   1.7981175840295183E-031  -2.8252498386990848E-017   2.0865701534401034E-017   9.8162941968291518E-017  -3.8059467138618686E-032  -4.7997930840693129E-033   1.0872777644840209E-032  -2.0750672429745540E-032   6.6925793754186770E-033   3.3614112562656399E-034  -4.7721418289936350E-017  -3.3724296590876602E-017
   1.8793225366085178E-017   1.3053712435330326E-028  -2.7581532840623924E-030   7.2604054619356211E-032   1.4154151292710684E-028   7.1588638324748928E-030   1.5744573096935672E-028   2.5128803588257072E-016  -5.5165113038440533E-018  -1.2729623692367692E-017  -2.9509826304249322E-015  -8.5821768395713053E-015   2.7276558604751173E-016  -5.9880066850275618E-018  -1.3817622691104332E-017  -2.9676316708526260E-028   1.3605165597359270E-030   1.6542809796449816E-030  -4.7260293648248973E-028  -3.4175451317401677E-030  -5.2025924210145412E-028  -6.9985554186789348E-015  -3.7286043974512322E-030   6.6178602430979863E-031   4.2163771579082500E-032  -2.0330529523662471E-030   4.6169633481192142E-033  -1.9429337880650184E-030   1.5043310570662805E-030   2.1893716133790272E-032   7.1719266425614003E-031   3.8049026217020681E-032   3.0026746529413474E-016  -6.5917538041716142E-018  -1.5210799140641784E-017  -3.0673610246176491E-028  -7.7346692018613981E-031  -5.3058494093871703E-031  -2.6429170904467749E-028   2.5338327146231393E-030  -2.6639388810315814E-028   1.5928681980180360E-015  -8.0836917132597165E-017
   2.8972745610606837E-020   6.2465270560748712E-030  -3.9061964084414982E-031  -6.6076547779016251E-032   7.1588638324748928E-030   8.4987399476667366E-031   8.6542536421101602E-030   7.1666239162699843E-017   1.0402046402177592E-016  -7.1052815607124401E-017  -1.8088635708982788E-016  -5.4138769316378733E-016   7.7791541711794068E-017   1.1291107724321946E-016  -7.7125688938328272E-017  -1.6333272276109434E-029   2.3097831293978032E-031   2.0122711231299418E-031  -2.7018717014495683E-029  -1.8634230135701911E-031  -3.0938824041092163E-029  -4.2200211277950719E-016   7.2252781845424792E-031  -2.0140094560457499E-031  -1.6599163595848655E-032   2.2440347981188031E-031   6.5711244364610915E-033   2.5680589024158383E-031  -2.9634939295581129E-031   1.8454183270246576E-032  -2.3108609060614231E-031  -1.7358554200258829E-031   8.5634956335937218E-017   1.2429545625138908E-016  -8.4901968251020714E-017  -1.7927831676623540E-029  -9.5901105515806606E-032  -1.0787871296594807E-031  -1.5649323478882673E-029   1.8686744666740173E-032  -1.5889051022395994E-029   6.4079839632737204E-016   3.8058676908593970E-016
   1.8742350532632350E-017   1.4468823537901021E-028  -3.5122266499671964E-030   9.5623913440944154E-032   1.5744573096935672E-028   8.6542536421101602E-030   1.7750256043973856E-028   1.0029480384251297E-016  -3.3204145091242427E-017   8.5956161403494246E-017  -3.3723651161442634E-015  -9.8449779947920875E-015   1.0886698545572792E-016  -3.6042098316426109E-017   9.3302821430675111E-017  -3.3636902850834939E-028   2.0033044621352044E-030   2.0877771301538353E-030  -5.3684015954488617E-028  -3.6931971547321963E-030  -5.9377423968445790E-028  -7.9808907518856995E-015  -6.9907973249582761E-030   7.6939636662084993E-031   3.1431092062666426E-032  -3.3504389541533527E-030  -3.3889297196901376E-033  -3.3233892508981290E-030   1.5849922506495362E-030  -3.6897731168370862E-032   7.9195949982873548E-031   1.9638311156869940E-031   1.1984361462412085E-016  -3.9676081070830529E-017   1.0271017726885207E-016  -3.4897030796519427E-028  -1.0178702707586362E-030  -7.9862978603391633E-031  -3.0128443847087493E-028   2.5196291328039274E-030  -3.0386598914180745E-028   3.1428866122963783E-015   8.4639380420404106E-016
  -1.5480901878755434E-016   2.1734636808564539E-017  -5.5487926435485574E-017  -2.3643969623841163E-017   2.5128803588257072E-016   7.1666239162699843E-017   1.0029480384251297E-016  0.13593467794693032       -1.2198079121761814E-016   5.0310792451590050E-016  -3.9404725356849145E-016  -2.3885865011238186E-015  0.14755299417318340        1.0690402827296526E-016   7.7176136439654669E-017   8.2845896414942458E-016   1.6110832194511253E-018   2.5476219576293732E-017   7.0630828179114275E-016  -3.1757190619268085E-017   7.2318794072510172E-016   1.0001125942548384E-015   2.2480865141960695E-015  -1.3529367062384924E-017   4.4953506140685744E-017   8.4974159262344015E-016   2.1908122233448439E-018   8.9782321278066969E-016   1.0220989395173903E-016   2.9188186658689020E-017   1.3564806763704212E-017   1.0270142975347256E-016  0.16243018116379346        1.4643166778953440E-016   4.1979799898870374E-016   1.3964803872390026E-016  -3.4063846881960402E-018  -5.3800259260461647E-018   1.5685041934198794E-016   1.1201304708478768E-017   1.4124637952777639E-016   3.4205708318713193E-016   1.7798149524553442E-016
  -2.9096587165470466E-017   1.5539622888602280E-017  -4.4752655470626641E-017   1.7462102165332076E-017  -5.5165113038440533E-018   1.0402046402177592E-016  -3.3204145091242427E-017  -1.2198079121761814E-016  0.13593467794692352        3.0649717789807412E-016   5.3682909910001803E-017   1.3164721798202881E-016  -1.1859943569217880E-016  0.14755299417318640       -3.8672136239842361E-017  -9.0828329148416746E-017  -1.2946861883194300E-017  -1.9767057955233166E-017  -5.5964713053393398E-017  -2.5380088010745397E-017  -1.1003809501935512E-016  -5.1711251470918581E-016  -1.2137461351719607E-016  -3.2171297279702907E-016  -2.1631567852143888E-017  -5.4449790297509242E-017   2.2698008222114703E-018  -5.4292820565804938E-017  -6.5579979099296147E-016  -2.7847736959903355E-017  -3.9599343195409363E-016  -6.7906204460043565E-017  -1.9432375766023985E-016  0.16243018116378899       -6.1955377893968544E-017   1.0886440621031172E-016  -3.7333714852674854E-018   1.2300993498769716E-017   1.0136236989365275E-016   1.6111219336662404E-018   9.3593194122144097E-017   1.7352636877343996E-016   4.3878243665645957E-017
   1.8951822003052455E-019  -6.5835857781007373E-017  -2.2757955823768466E-017   8.2150668103528628E-017  -1.2729623692367692E-017  -7.1052815607124401E-017   8.5956161403494246E-017   5.0310792451590050E-016   3.0649717789807412E-016  0.13593467794692796       -7.8958803328827987E-017  -1.8126851844605279E-016   1.1006769633096289E-017  -3.0764236644276959E-018  0.14755299417318596        1.6770042903091203E-017   3.3147568363992659E-017  -1.2990791519685142E-017   3.2822057200259870E-017   1.3948664463289178E-017  -2.3227221648918875E-017  -1.2489349768908062E-016   2.9879456411244584E-017  -4.7545273513133257E-017   4.6216083170517827E-017   1.7552662428527582E-017  -7.0388581061940523E-018   4.2885264611510218E-018  -1.5023569433959810E-016  -4.5848043300809618E-017  -7.2170753119175443E-017   3.4310649898125177E-016   3.7693728482468889E-016  -1.5714155237461777E-016  0.16243018116379182       -2.4672653421638340E-018  -1.5875078217603855E-017   1.9101172922244163E-018  -5.9012398099415174E-018  -6.6640154280628845E-018   1.2882359082169140E-017   1.2483754820113387E-016   6.5040859008369522E-017
  -3.0402185096920284E-004  -2.6993020374668875E-015   7.5931093084175446E-017   3.6281164683453771E-019  -2.9509826304249322E-015  -1.8088635708982788E-016  -3.3723651161442634E-015  -3.9404725356849145E-016   5.3682909910001803E-017  -7.8958803328827987E-017   6.5064783268085860E-002  0.19073012638382000       -7.7303104441246889E-016   1.9787985727537398E-016   7.6336241870502973E-018   6.4204869835116791E-015  -4.7084217313014344E-017  -4.4995057085039560E-017   1.0280158324753207E-014   6.7862909473702117E-017   1.1429365343098583E-014  0.15362111134945283        1.6118874578688394E-016  -1.3384879100166331E-017   5.6038070908974373E-019   7.4737419294465995E-017   2.0375075590418166E-026   7.4737418993551280E-017  -2.7607628775869900E-017   5.6038079742452832E-019  -1.3384879094905897E-017   1.6108830166162923E-018  -3.8603383980857218E-016   8.5711701375378440E-017  -3.0915656623529452E-017   6.6967991842946318E-015   2.2101705994578082E-017   1.9480562040613337E-017   5.7937432447686764E-015  -4.1058169022879706E-017   5.8481442651464414E-015  -8.8489051638806382E-002  -3.6099399399813006E-002
  -8.4396491082206057E-004  -7.8365617299804853E-015   2.2998707019152843E-016   2.3961492477959243E-018  -8.5821768395713053E-015  -5.4138769316378733E-016  -9.8449779947920875E-015  -2.3885865011238186E-015   1.3164721798202881E-016  -1.8126851844605279E-016  0.19073012638382000       0.55974873071167164       -3.5764156908225885E-015   5.4993206375220178E-016   7.9625868584178890E-017   1.8753929236744720E-014  -1.4534140986665741E-016  -1.3600959710737046E-016   3.0062861201428787E-014   1.9628302727517514E-016   3.3473420936423034E-014  0.45002910961198456        4.6707045457762063E-016  -3.8648898710986759E-017   1.5287439923217282E-018   2.1705702967226146E-016   6.0964882654607945E-026   2.1705702881067599E-016  -8.0715588728283918E-017   1.5287442513125538E-018  -3.8648898696690417E-017   4.2560904103363717E-018  -2.6055079809691483E-015   2.2440332590933698E-016  -2.6112643999998056E-017   1.9600144174539087E-014   6.6993856662986841E-017   6.0537119380375921E-017   1.6966665022997927E-014  -1.1421783762815058E-016   1.7129868426087050E-014 -0.28224489900850686      -0.12203995337657587     
  -1.6433547281753318E-016   2.3592292907221643E-017  -6.0230471059148301E-017  -2.5664816107480835E-017   2.7276558604751173E-016   7.7791541711794068E-017   1.0886698545572792E-016  0.14755299417318340       -1.1859943569217880E-016   1.1006769633096289E-017  -7.7303104441246889E-016  -3.5764156908225885E-015  0.16016432611825049        1.3102879716018796E-016  -4.9706265037134666E-016   8.9926722567129186E-016   1.7487822569084599E-018   2.7653668184384829E-017   7.6667634309090044E-016  -3.4471472866040861E-017   7.8499870390378732E-016   2.5729540534594272E-016   2.4402301262631965E-015  -1.4685720005179801E-017   4.8795675465758000E-017   9.2236887716045360E-016   2.3780606104937222E-018   9.7456002607145257E-016   1.1094575802497280E-016   3.1682896528115926E-017   1.4724188732375275E-017   1.1147930531683555E-016  0.17631306401569746        1.7544593436478348E-016  -1.8372314032535213E-016   1.5158373533031532E-016  -3.6975278688285299E-018  -5.8398559227644537E-018   1.7025640080054405E-016   1.2158678516364655E-017   1.5331868607933518E-016  -1.7072375642282873E-016  -3.3329503987027855E-016
  -3.2398048024566378E-017   1.6867792090771229E-017  -4.8577658119514651E-017   1.8954585378565716E-017  -5.9880066850275618E-018   1.1291107724321946E-016  -3.6042098316426109E-017   1.0690402827296526E-016  0.14755299417318640       -3.0764236644276959E-018   1.9787985727537398E-016   5.4993206375220178E-016   1.3102879716018796E-016  0.16016432611826498       -4.0644706567408146E-016  -9.8591412610896693E-017  -1.4053428197019347E-017  -2.1456545388869761E-017  -6.0748008556672381E-017  -2.7549320268568159E-017  -1.1944303424587160E-016  -2.3067755157900729E-016  -1.3174848325360915E-016  -3.4920973159691687E-016  -2.3480414662773072E-017  -5.9103605583531782E-017   2.4638003528785756E-018  -5.8933219672759311E-017  -7.1185089927489864E-016  -3.0227878797678211E-017  -4.2983893028794887E-016  -7.3710137415622371E-017   7.5024672753628907E-017  0.17631306401570498       -4.6846342994025236E-016   1.1816903043306963E-016  -4.0524621776578159E-018   1.3352357540119897E-017   1.1002579621470856E-016   1.7488242800219025E-018   1.0159259017296933E-016   7.6960615360744080E-017   2.5871439862448239E-017
  -2.7562703971893331E-020  -7.1462838521167180E-017  -2.4703074842823499E-017   8.9172073197803454E-017  -1.3817622691104332E-017  -7.7125688938328272E-017   9.3302821430675111E-017   7.7176136439654669E-017  -3.8672136239842361E-017  0.14755299417318596        7.6336241870502973E-018   7.9625868584178890E-017  -4.9706265037134666E-016  -4.0644706567408146E-016  0.16016432611825879        1.8203375916562243E-017   3.5980685984904095E-017  -1.4101112492851648E-017   3.5627353431582700E-017   1.5140854691096748E-017  -2.5212448746583921E-017   8.3552147204856633E-017   3.2433249001161089E-017  -5.1608960800898459E-017   5.0166164762087437E-017   1.9052885813664422E-017  -7.6404682367705384E-018   4.6550661647974547E-018  -1.6307631625941592E-016  -4.9766668580754362E-017  -7.8339176399311569E-017   3.7243175920664313E-016  -1.5117801690947390E-016  -6.1432927972102092E-016  0.17631306401570176       -2.6781421352758586E-018  -1.7231918735670210E-017   2.0733747263500564E-018  -6.4056178779474089E-018  -7.2335878120143533E-018   1.3983412351418908E-017  -8.9558388687515660E-017  -5.0835017116869106E-017
  -3.4910397515986309E-017  -2.7416240030356200E-028   6.4121863223804489E-030  -2.4833525607028352E-031  -2.9676316708526260E-028  -1.6333272276109434E-029  -3.3636902850834939E-028   8.2845896414942458E-016  -9.0828329148416746E-017   1.6770042903091203E-017   6.4204869835116791E-015   1.8753929236744720E-014   8.9926722567129186E-016  -9.8591412610896693E-017   1.8203375916562243E-017   6.4563968434736271E-028  -3.8629018314289376E-030  -3.8458252050617341E-030   1.0262869543417825E-027   6.7971110348948025E-030   1.1354776722565174E-027   1.5189635895990623E-014   3.0256699820213754E-029  -1.2552069607322684E-030   3.6126693103821690E-031   1.2803009028371799E-029   1.0966988960615207E-032   1.3094302965093487E-029  -1.7038452540186210E-030   2.5798030563582670E-031  -1.0434860713486599E-030   9.2101605617885638E-031   9.8993679659944078E-016  -1.0853199625883261E-016   2.0038750582377794E-017   6.6480566925803726E-028   1.9315401471118887E-030   1.5248285993598513E-030   5.7437616225541849E-028  -4.6233047542817483E-030   5.7926879527729298E-028  -6.3571232528479997E-015  -1.8765450995288818E-015
  -3.1630505845630024E-019   1.0716883620956586E-030  -1.4094244437517345E-031   2.6978519609669167E-033   1.3605165597359270E-030   2.3097831293978032E-031   2.0033044621352044E-030   1.6110832194511253E-018  -1.2946861883194300E-017   3.3147568363992659E-017  -4.7084217313014344E-017  -1.4534140986665741E-016   1.7487822569084599E-018  -1.4053428197019347E-017   3.5980685984904095E-017  -3.8629018314289376E-030   1.2650107698040468E-031   7.8255335055753641E-032  -6.5970702854860395E-030  -1.3588096225592423E-032  -7.9114172051330869E-030  -1.0783071789959288E-016  -9.4378089391022978E-033   2.1904491280021177E-032   1.4750906461583166E-032  -1.1530892385981423E-032  -1.9066382106888453E-033  -1.4210434025841230E-032   4.4596267877835933E-032  -7.2936618478939028E-033   2.3295417050089226E-032   9.5476056012969104E-032   1.9251050810415240E-018  -1.5470379986561947E-017   3.9608476775915823E-017  -4.5061111399765349E-030  -4.4584451903895064E-032  -5.3829315883616124E-032  -4.0083838424979011E-030  -4.1634387491285616E-032  -4.0849941055163774E-030   3.2343326045046775E-016   2.1024725924406661E-016
  -9.1029318027552204E-020   1.3892157755562378E-030  -1.0144143011960559E-031  -2.3570763031417343E-032   1.6542809796449816E-030   2.0122711231299418E-031   2.0877771301538353E-030   2.5476219576293732E-017  -1.9767057955233166E-017  -1.2990791519685142E-017  -4.4995057085039560E-017  -1.3600959710737046E-016   2.7653668184384829E-017  -2.1456545388869761E-017  -1.4101112492851648E-017  -3.8458252050617341E-030   7.8255335055753641E-032   6.6227847797895887E-032  -6.5108882224955850E-030  -3.3627457367306226E-032  -7.5557277953029370E-030  -1.0436072245132631E-016   3.5932021054339593E-031   5.4300600160584461E-032   7.4930039271332716E-033   1.2673988797815751E-031   7.5320488932764769E-034   1.3699589284408052E-031   1.4660979838230717E-031   1.4240513195100415E-032   7.2533384997228417E-032  -1.8089552963876659E-033   3.0441878582016497E-017  -2.3619924313921517E-017  -1.5522872102049959E-017  -4.4242945620749482E-030  -2.7925879764463654E-032  -3.8338532832015467E-032  -3.8826997104368972E-030  -8.2590005470575362E-033  -3.9477161314203448E-030   2.0691111322735617E-016   1.2839609139575521E-016
  -5.3330699361527519E-017  -4.3493096679880884E-028   1.0891718300534388E-029  -2.0226430699638619E-031  -4.7260293648248973E-028  -2.7018717014495683E-029  -5.3684015954488617E-028   7.0630828179114275E-016  -5.5964713053393398E-017   3.2822057200259870E-017   1.0280158324753207E-014   3.0062861201428787E-014   7.6667634309090044E-016  -6.0748008556672381E-017   3.5627353431582700E-017   1.0262869543417825E-027  -6.5970702854860395E-030  -6.5108882224955850E-030   1.6360551671402442E-027   1.0868069015760677E-029   1.8130406080669283E-027   2.4304906772971102E-014   3.7815131050695362E-029  -2.1299658922840672E-030   3.5495345569055366E-031   1.6477544420407164E-029   8.7492808959272055E-033   1.6724106219458726E-029  -3.6210626338718550E-030   2.5336773869754008E-031  -1.9645506684915950E-030   9.5119089538604480E-031   8.4397729778426687E-016  -6.6872990890455078E-017   3.9219519093495750E-017   1.0622160360473834E-027   3.2248526266256617E-030   2.6606259000896043E-030   9.1808701606159582E-028  -7.1194452054187545E-030   9.2619051978492570E-028  -1.1419832271820052E-014  -3.8855971581987320E-015
  -5.1123406481745557E-019  -3.1430184637501131E-030   6.7755042383354119E-032   5.5951926446732146E-033  -3.4175451317401677E-030  -1.8634230135701911E-031  -3.6931971547321963E-030  -3.1757190619268085E-017  -2.5380088010745397E-017   1.3948664463289178E-017   6.7862909473702117E-017   1.9628302727517514E-016  -3.4471472866040861E-017  -2.7549320268568159E-017   1.5140854691096748E-017   6.7971110348948025E-030  -1.3588096225592423E-032  -3.3627457367306226E-032   1.0868069015760677E-029   9.5258605779543929E-032   1.1895370749979504E-029   1.6143572091110555E-016  -3.0901127115310073E-031   4.1974033972142928E-032  -6.6816900267096737E-034  -1.0026719515984682E-031  -1.6578878705326466E-033  -1.1289045027227048E-031   5.3477970149582824E-032  -5.2714272087400709E-033   4.6986126599350365E-032   2.7487932936311878E-032  -3.7947095645120574E-017  -3.0327009677015238E-017   1.6667447409185789E-017   7.0580537063386803E-030   1.3853852320654877E-032   5.3705568884880969E-033   6.0567749152081788E-030  -7.1656051405156760E-032   6.1051985067378906E-030   1.6042312709789961E-018   2.8998629089037185E-017
  -5.5638529076233732E-017  -4.7764868673066333E-028   1.2733013783213295E-029  -1.5323747392907633E-031  -5.2025924210145412E-028  -3.0938824041092163E-029  -5.9377423968445790E-028   7.2318794072510172E-016  -1.1003809501935512E-016  -2.3227221648918875E-017   1.1429365343098583E-014   3.3473420936423034E-014   7.8499870390378732E-016  -1.1944303424587160E-016  -2.5212448746583921E-017   1.1354776722565174E-027  -7.9114172051330869E-030  -7.5557277953029370E-030   1.8130406080669283E-027   1.1895370749979504E-029   2.0130791541107541E-027   2.6999186092160098E-014   4.0624888121411959E-029  -2.1824071800969814E-030   3.5259634713610308E-031   1.7786129506658415E-029   1.1020719954257660E-032   1.8044068521606064E-029  -3.7593632865396130E-030   2.8948605274150832E-031  -1.9739258563345139E-030   8.4773083819898273E-031   8.6414703004123089E-016  -1.3148600474038112E-016  -2.7754520607589384E-017   1.1784787816562873E-027   3.7657618685348977E-030   3.2208016369474979E-030   1.0192958700308426E-027  -7.4431968524930217E-030   1.0285955900926625E-027  -1.4463750729666126E-014  -5.5744206963006197E-015
  -7.3935102439322091E-004  -6.4079008979852174E-015   1.7590116496233642E-016   2.4898254325241052E-019  -6.9985554186789348E-015  -4.2200211277950719E-016  -7.9808907518856995E-015   1.0001125942548384E-015  -5.1711251470918581E-016  -1.2489349768908062E-016  0.15362111134945283       0.45002910961198456        2.5729540534594272E-016  -2.3067755157900729E-016   8.3552147204856633E-017   1.5189635895990623E-014  -1.0783071789959288E-016  -1.0436072245132631E-016   2.4304906772971102E-014   1.6143572091110555E-016   2.6999186092160098E-014  0.36284094551959212        3.8305326165470683E-016  -3.1870176756406632E-017   1.3750438871219981E-018   1.7738309004912180E-016   4.7542222945831316E-026   1.7738308932929492E-016  -6.5280111953631882E-017   1.3750440956629603E-018  -3.1870176743473350E-017   4.0158714590346169E-018   1.3953040739830722E-015  -5.6875730946027329E-016  -1.5379790877424332E-018   1.5825499465563842E-014   5.1177697357010113E-017   4.4429637262166072E-017   1.3687080862727401E-014  -9.9739817371451026E-017   1.3813822208217647E-014 -0.19850834380570850       -7.7837183770769439E-002
  -1.1515080866525131E-018  -6.9980482679926132E-030  -7.5702052795733204E-031  -3.9889589514251436E-031  -3.7286043974512322E-030   7.2252781845424792E-031  -6.9907973249582761E-030   2.2480865141960695E-015  -1.2137461351719607E-016   2.9879456411244584E-017   1.6118874578688394E-016   4.6707045457762063E-016   2.4402301262631965E-015  -1.3174848325360915E-016   3.2433249001161089E-017   3.0256699820213754E-029  -9.4378089391022978E-033   3.5932021054339593E-031   3.7815131050695362E-029  -3.0901127115310073E-031   4.0624888121411959E-029   3.8305326165470683E-016   3.7738938046097523E-029   1.4942809429858387E-032   7.7526301014833383E-031   1.4307740778594336E-029   3.2657759119329559E-032   1.5099858478393987E-029   2.1726892975035436E-030   4.9985026348100561E-031   5.2393737886092916E-031   1.8424457592832217E-030   2.6862689145098649E-015  -1.4503216368364947E-016   3.5703365699285285E-017   1.9061595232429757E-029  -2.0330992445869595E-032  -8.0216986719461431E-032   1.6999082724598091E-029   2.8858922632983212E-032   1.6855383969294913E-029  -2.6554873290768352E-017   4.7324238408893086E-017
   1.0558129654985598E-019   6.0874422111376902E-031   1.1052227409339935E-031  -6.6567882762758828E-032   6.6178602430979863E-031  -2.0140094560457499E-031   7.6939636662084993E-031  -1.3529367062384924E-017  -3.2171297279702907E-016  -4.7545273513133257E-017  -1.3384879100166331E-017  -3.8648898710986759E-017  -1.4685720005179801E-017  -3.4920973159691687E-016  -5.1608960800898459E-017  -1.2552069607322684E-030   2.1904491280021177E-032   5.4300600160584461E-032  -2.1299658922840672E-030   4.1974033972142928E-032  -2.1824071800969814E-030  -3.1870176756406632E-017   1.4942809429858387E-032   7.8265437635067886E-031   3.0336812612942536E-032   2.0930374645941651E-032  -3.1279747439323991E-033   2.0412728194643193E-032   1.6003118068012396E-030   7.8818415748307859E-032   9.6436846027135513E-031   2.9727274046584205E-032  -1.6166423286282889E-017  -3.8441917282186190E-016  -5.6812488960582105E-017  -1.6763580211003477E-030   1.2189613406914180E-032  -3.0125768279209507E-032  -1.4608338571425994E-030   1.1442806319136215E-032  -1.4552538699055513E-030  -2.6131266942670079E-018  -7.3497562392065348E-018
  -1.0967903920967146E-020  -5.4373845430263553E-032  -1.9620206693747576E-032   1.7099967545707987E-032   4.2163771579082500E-032  -1.6599163595848655E-032   3.1431092062666426E-032   4.4953506140685744E-017  -2.1631567852143888E-017   4.6216083170517827E-017   5.6038070908974373E-019   1.5287439923217282E-018   4.8795675465758000E-017  -2.3480414662773072E-017   5.0166164762087437E-017   3.6126693103821690E-031   1.4750906461583166E-032   7.4930039271332716E-033   3.5495345569055366E-031  -6.6816900267096737E-034   3.5259634713610308E-031   1.3750438871219981E-018   7.7526301014833383E-031   3.0336812612942536E-032   3.4046224215431114E-032   2.9664336775180930E-031  -2.0298213494590836E-033   3.0800930848912986E-031   8.6805841814061654E-032  -1.4788110526990989E-033   4.2744887680566762E-032   1.6151749050069458E-031   5.3715551150457322E-017  -2.5847852351939583E-017   5.5224221482313323E-017   9.1134917151463207E-032  -6.1291098346532873E-033  -3.5260413175105227E-033   8.6645981124651092E-032  -2.5653924887188745E-034   8.8917026533779151E-032   3.2762698527351647E-018   2.5555906133338683E-018
  -4.9776903468332923E-019  -3.2188687243222327E-030  -2.6793487710550032E-031  -1.4796137437095702E-031  -2.0330529523662471E-030   2.2440347981188031E-031  -3.3504389541533527E-030   8.4974159262344015E-016  -5.4449790297509242E-017   1.7552662428527582E-017   7.4737419294465995E-017   2.1705702967226146E-016   9.2236887716045360E-016  -5.9103605583531782E-017   1.9052885813664422E-017   1.2803009028371799E-029  -1.1530892385981423E-032   1.2673988797815751E-031   1.6477544420407164E-029  -1.0026719515984682E-031   1.7786129506658415E-029   1.7738309004912180E-016   1.4307740778594336E-029   2.0930374645941651E-032   2.9664336775180930E-031   5.4281215865485610E-030   1.1876905995097128E-032   5.7269091010811394E-030   8.4982953126124442E-031   1.8869483451467443E-031   2.1687271632815242E-031   7.1681724485529780E-031   1.0153676965793895E-015  -6.5062789245050543E-017   2.0973913215034226E-017   8.6181508889123173E-030  -3.3949692059606135E-033  -2.6727253651466279E-032   7.6477719199108642E-030   2.0466328085197890E-033   7.6065170815409188E-030  -2.9794255777934045E-017   9.5338108067135307E-018
  -4.5204172227760693E-030   4.0188238294693559E-033  -4.6311372213751415E-034  -4.3433427619183065E-033   4.6169633481192142E-033   6.5711244364610915E-033  -3.3889297196901376E-033   2.1908122233448439E-018   2.2698008222114703E-018  -7.0388581061940523E-018   2.0375075590418166E-026   6.0964882654607945E-026   2.3780606104937222E-018   2.4638003528785756E-018  -7.6404682367705384E-018   1.0966988960615207E-032  -1.9066382106888453E-033   7.5320488932764769E-034   8.7492808959272055E-033  -1.6578878705326466E-033   1.1020719954257660E-032   4.7542222945831316E-026   3.2657759119329559E-032  -3.1279747439323991E-033  -2.0298213494590836E-033   1.1876905995097128E-032   4.3768947194498902E-034   1.3341274507730176E-032  -1.5237060115317765E-033   2.3794876773257994E-033  -2.6564861021628739E-033  -1.7245135738417668E-032   2.6178310914355871E-018   2.7122156341995788E-018  -8.4108265428907373E-018   4.1962078053704791E-033   7.0479194185402085E-034   1.9782558623952823E-035   4.5260006320873263E-033   5.5250022412798344E-034   3.1721511984656121E-033  -7.1573173098873352E-026  -4.2438878880531549E-026
  -4.9776903177428485E-019  -3.2047388964802333E-030  -2.8539259757593097E-031  -1.6432038595326692E-031  -1.9429337880650184E-030   2.5680589024158383E-031  -3.3233892508981290E-030   8.9782321278066969E-016  -5.4292820565804938E-017   4.2885264611510218E-018   7.4737418993551280E-017   2.1705702881067599E-016   9.7456002607145257E-016  -5.8933219672759311E-017   4.6550661647974547E-018   1.3094302965093487E-029  -1.4210434025841230E-032   1.3699589284408052E-031   1.6724106219458726E-029  -1.1289045027227048E-031   1.8044068521606064E-029   1.7738308932929492E-016   1.5099858478393987E-029   2.0412728194643193E-032   3.0800930848912986E-031   5.7269091010811394E-030   1.3341274507730176E-032   6.0439980834729574E-030   8.9988462667892936E-031   2.0346059378855777E-031   2.2825569541865408E-031   7.1958607960147141E-031   1.0728210733831844E-015  -6.4875223994276662E-017   5.1244181435608880E-018   8.6679123940129683E-030  -3.0551098609895948E-033  -2.8802408692878139E-032   7.7039445195354979E-030   6.6607772211275227E-033   7.6553285332706057E-030  -2.9794256095665105E-017   9.5338104576489372E-018
   1.4461285527462768E-019   1.1846405670261131E-030   1.6956275793659735E-031  -1.9252857318013843E-031   1.5043310570662805E-030  -2.9634939295581129E-031   1.5849922506495362E-030   1.0220989395173903E-016  -6.5579979099296147E-016  -1.5023569433959810E-016  -2.7607628775869900E-017  -8.0715588728283918E-017   1.1094575802497280E-016  -7.1185089927489864E-016  -1.6307631625941592E-016  -1.7038452540186210E-030   4.4596267877835933E-032   1.4660979838230717E-031  -3.6210626338718550E-030   5.3477970149582824E-032  -3.7593632865396130E-030  -6.5280111953631882E-017   2.1726892975035436E-030   1.6003118068012396E-030   8.6805841814061654E-032   8.4982953126124442E-031  -1.5237060115317765E-033   8.9988462667892936E-031   3.4185017162062694E-030   2.0669069367455266E-031   2.0062569937372027E-030   2.4786046019860052E-032   1.2213198164043656E-016  -7.8362402050015218E-016  -1.7951865864850272E-016  -3.2691622604039962E-030   2.4345972971582946E-032  -7.2632428739878622E-032  -2.8285270659704257E-030   2.7465305105038419E-032  -2.8453872771672009E-030   2.9995033234445411E-017   9.9570116676027192E-018
  -1.0967904330243372E-020  -1.3016703104631669E-032   4.2748460507690871E-033  -3.6594367507272106E-032   2.1893716133790272E-032   1.8454183270246576E-032  -3.6897731168370862E-032   2.9188186658689020E-017  -2.7847736959903355E-017  -4.5848043300809618E-017   5.6038079742452832E-019   1.5287442513125538E-018   3.1682896528115926E-017  -3.0227878797678211E-017  -4.9766668580754362E-017   2.5798030563582670E-031  -7.2936618478939028E-033   1.4240513195100415E-032   2.5336773869754008E-031  -5.2714272087400709E-033   2.8948605274150832E-031   1.3750440956629603E-018   4.9985026348100561E-031   7.8818415748307859E-032  -1.4788110526990989E-033   1.8869483451467443E-031   2.3794876773257994E-033   2.0346059378855777E-031   2.0669069367455266E-031   2.7460862552763053E-032   1.0815899761025946E-031  -7.9663089842337289E-032   3.4877358143037052E-017  -3.3275636708130988E-017  -5.4784445675174901E-017   7.1631669854412672E-032   5.1883497531912439E-033  -4.7582545180213012E-033   6.7816429419209865E-032   2.8840103472308718E-033   5.9530945381386219E-032   3.2762697309262926E-018   2.5555905631367330E-018
   1.0558129644291702E-019   6.1651141669489019E-031   1.2804005458048981E-031  -9.5704718570615620E-032   7.1719266425614003E-031  -2.3108609060614231E-031   7.9195949982873548E-031   1.3564806763704212E-017  -3.9599343195409363E-016  -7.2170753119175443E-017  -1.3384879094905897E-017  -3.8648898696690417E-017   1.4724188732375275E-017  -4.2983893028794887E-016  -7.8339176399311569E-017  -1.0434860713486599E-030   2.3295417050089226E-032   7.2533384997228417E-032  -1.9645506684915950E-030   4.6986126599350365E-032  -1.9739258563345139E-030  -3.1870176743473350E-017   5.2393737886092916E-031   9.6436846027135513E-031   4.2744887680566762E-032   2.1687271632815242E-031  -2.6564861021628739E-033   2.2825569541865408E-031   2.0062569937372027E-030   1.0815899761025946E-031   1.1965339464192684E-030   2.5148253697971663E-032   1.6208770663660626E-017  -4.7317789590886106E-016  -8.6237806871117976E-017  -1.7075648642276317E-030   1.6426610121661697E-032  -3.8265915992376507E-032  -1.4838904455690032E-030   1.4002269432056840E-032  -1.4805779868237540E-030  -2.6131266615942331E-018  -7.3497562138553510E-018
  -4.1674881129990396E-020  -2.7938199564914944E-031  -8.0480080377752895E-032   1.7981175840295183E-031   3.8049026217020681E-032  -1.7358554200258829E-031   1.9638311156869940E-031   1.0270142975347256E-016  -6.7906204460043565E-017   3.4310649898125177E-016   1.6108830166162923E-018   4.2560904103363717E-018   1.1147930531683555E-016  -7.3710137415622371E-017   3.7243175920664313E-016   9.2101605617885638E-031   9.5476056012969104E-032  -1.8089552963876659E-033   9.5119089538604480E-031   2.7487932936311878E-032   8.4773083819898273E-031   4.0158714590346169E-018   1.8424457592832217E-030   2.9727274046584205E-032   1.6151749050069458E-031   7.1681724485529780E-031  -1.7245135738417668E-032   7.1958607960147141E-031   2.4786046019860052E-032  -7.9663089842337289E-032   2.5148253697971663E-032   9.7791175443672782E-031   1.2271932440337086E-016  -8.1142040126781017E-017   4.0998258597234254E-016   2.3294032908708754E-031  -4.1824945438180971E-032  -7.3869607326848797E-033   2.0873586738997016E-031  -1.4616835042543886E-032   2.4688717980276014E-031   1.4325509344671107E-017   1.0829740341250044E-017
  -1.8537896107979262E-016   2.5971010838913387E-017  -6.6303272126321140E-017  -2.8252498386990848E-017   3.0026746529413474E-016   8.5634956335937218E-017   1.1984361462412085E-016  0.16243018116379346       -1.9432375766023985E-016   3.7693728482468889E-016  -3.8603383980857218E-016  -2.6055079809691483E-015  0.17631306401569746        7.5024672753628907E-017  -1.5117801690947390E-016   9.8993679659944078E-016   1.9251050810415240E-018   3.0441878582016497E-017   8.4397729778426687E-016  -3.7947095645120574E-017   8.6414703004123089E-016   1.3953040739830722E-015   2.6862689145098649E-015  -1.6166423286282889E-017   5.3715551150457322E-017   1.0153676965793895E-015   2.6178310914355871E-018   1.0728210733831844E-015   1.2213198164043656E-016   3.4877358143037052E-017   1.6208770663660626E-017   1.2271932440337086E-016  0.19409001552350799        1.1694136869792863E-016   2.3368368465325260E-016   1.6686732606927823E-016  -4.0703350342526923E-018  -6.4286655843238831E-018   1.8742268282184446E-016   1.3384590161602246E-017   1.6877720506598492E-016   2.9301240128902472E-016   1.6535647231691274E-016
  -3.4584360461805365E-017   1.8568505102120907E-017  -5.3475551974256385E-017   2.0865701534401034E-017  -6.5917538041716142E-018   1.2429545625138908E-016  -3.9676081070830529E-017   1.4643166778953440E-016  0.16243018116378899       -1.5714155237461777E-016   8.5711701375378440E-017   2.2440332590933698E-016   1.7544593436478348E-016  0.17631306401570498       -6.1432927972102092E-016  -1.0853199625883261E-016  -1.5470379986561947E-017  -2.3619924313921517E-017  -6.6872990890455078E-017  -3.0327009677015238E-017  -1.3148600474038112E-016  -5.6875730946027329E-016  -1.4503216368364947E-016  -3.8441917282186190E-016  -2.5847852351939583E-017  -6.5062789245050543E-017   2.7122156341995788E-018  -6.4875223994276662E-017  -7.8362402050015218E-016  -3.3275636708130988E-017  -4.7317789590886106E-016  -8.1142040126781017E-017   1.1694136869792863E-016  0.19409001552350699       -6.9941204520682088E-016   1.3008354814313050E-016  -4.4610559708721908E-018   1.4698623137797905E-017   1.2111926370580645E-016   1.9251513411798544E-018   1.1183577072874424E-016   4.0507345816835689E-017  -5.7142285571679792E-017
   2.6272037749198067E-019  -7.8668154939963399E-017  -2.7193788540224197E-017   9.8162941968291518E-017  -1.5210799140641784E-017  -8.4901968251020714E-017   1.0271017726885207E-016   4.1979799898870374E-016  -6.1955377893968544E-017  0.16243018116379182       -3.0915656623529452E-017  -2.6112643999998056E-017  -1.8372314032535213E-016  -4.6846342994025236E-016  0.17631306401570176        2.0038750582377794E-017   3.9608476775915823E-017  -1.5522872102049959E-017   3.9219519093495750E-017   1.6667447409185789E-017  -2.7754520607589384E-017  -1.5379790877424332E-018   3.5703365699285285E-017  -5.6812488960582105E-017   5.5224221482313323E-017   2.0973913215034226E-017  -8.4108265428907373E-018   5.1244181435608880E-018  -1.7951865864850272E-016  -5.4784445675174901E-017  -8.6237806871117976E-017   4.0998258597234254E-016   2.3368368465325260E-016  -6.9941204520682088E-016  0.19409001552350741       -2.9481686539360882E-018  -1.8969345201829173E-017   2.2824249301656339E-018  -7.0514710881452746E-018  -7.9629219681615656E-018   1.5393304719134310E-017  -9.7998607762249308E-017  -7.1683710425464227E-017
