 1.0161636511184990E-005 -7.1098958965630449E-019 -5.5542959430133432E-018  3.4152838824001380E-018 -2.7176675066862626E-017 -2.6176175497160591E-016 -2.1328647725454326E-017  2.6236733595185497E-017 -3.4890130669753268E-017  1.3633615430810238E-018  4.7971329929803888E-018 -6.8927660358412293E-005  5.7155484433664580E-018  8.0857056818852335E-018 -7.8312271536710110E-017 -6.0804542065169745E-016 -5.1566679467395080E-017  6.0793981949470733E-017 -7.0912963502071950E-017  1.8597428211795155E-017 -1.2425657493721947E-003  1.3086528614721113E-016  3.8958838326997919E-017  3.6361651225641481E-016 -1.0233915135418566E-016 -8.2431268487387572E-016 -6.7088124866132783E-017  8.3893303889941585E-017 -1.0204712785068522E-016  1.8499119647466995E-017 -3.8294764999053429E-003  3.6784730531280573E-016  1.7447406653950218E-016 -1.3014492053754978E-017  9.2627732676086069E-019 -4.8642937595633763E-019  7.1468785823165664E-019 -4.6159498843275630E-020 -5.5560098352228549E-019 -7.4894252146327105E-019  5.2993512156928136E-020  1.6743581635946425E-019  4.7361057661360840E-020  3.9280264172305110E-016 -1.4974503680576303E-016 -1.2143588773906152E-015 -9.8944655500406531E-017  1.2208926285982866E-016 -1.4584381419591644E-016  2.7874797909087306E-017 -1.7100557162735595E-015  1.0132328253465183E-003 -9.9314767071695505E-016  1.5987352776587777E-015  3.2354157253383570E-015
-7.1098958965630449E-019  1.0161636511190224E-005  9.8196810349001127E-019 -2.2052420350676009E-017 -1.0136064945199551E-016  2.3953314390372163E-017  1.6783602423508732E-016  5.5379469768992453E-017  5.7243754057400762E-017  4.7193030864664355E-017  4.5790535321793099E-017  2.5420144292457462E-020 -6.8927660358425927E-005  1.1635762173512448E-017 -2.3480865357449354E-016  5.5398469041346340E-017  3.8758190912517419E-016  1.2110414759094780E-016  1.3574535424058637E-016  1.0845175415232409E-016 -1.2451797048197591E-017 -1.2425657493724067E-003  2.4286796092367670E-016  4.9769850930385732E-016 -3.1517955110398264E-016  7.6579869856740755E-017  5.2566136083085601E-016  1.6914386143969449E-016  1.8600713786275824E-016  1.5378591167539430E-016 -3.2300312993454376E-017 -3.8294764999060532E-003  6.6407009725608810E-016  2.5409533956497953E-019  8.9341133106647234E-018  1.9947216809399898E-018 -2.6415747606260440E-019 -1.1848786529521384E-019  6.5302910330615749E-021 -2.5811702654554966E-018  8.9218628579082393E-019  1.3830311859302798E-018  4.9469993214027639E-019  6.7111372827961318E-016 -4.6338558509594090E-016  1.1268509800827652E-016  7.7371148739751004E-016  2.4767559740284080E-016  2.7237618373772981E-016  2.3217402206396418E-016 -3.9620245786200803E-016  2.3732230340939812E-016  1.0132328253440184E-003 -2.5970738718358717E-015 -1.4998329916802313E-016
-5.5542959430133432E-018  9.8196810349001127E-019  1.0161636511192195E-005  5.5170261249944978E-018 -1.3100311158651321E-016 -1.7272647911989130E-016 -2.0646281505562434E-017  1.2196142978423491E-016  2.2952453187432212E-016  3.5980669031682854E-018 -1.0408192798093780E-017  3.4234384374012472E-017 -7.4068363021847892E-018 -6.8927660358425642E-005 -2.9095121243952198E-016 -3.9709760846946417E-016 -4.1860208198071030E-017  2.4939346129940548E-016  5.2726946494696161E-016  3.1646171595346596E-017  5.6155125262841620E-016 -2.9685129073812275E-016 -1.2425657493726463E-003 -4.4718903970528378E-016 -3.9426964493029710E-016 -5.4064135159440316E-016 -6.3399253011633296E-017  3.5910912804083992E-016  7.2009049269407807E-016  4.3477399898059313E-017  1.7352928418688647E-015 -8.6473035330169803E-016 -3.8294764999066760E-003 -2.7073083075098456E-019  2.6346151448880662E-018  1.0274822874553041E-017  2.4161619288335117E-019 -2.7216019260968451E-019 -2.1668229513321982E-019  7.7288426398566177E-019 -4.0426208825266020E-018  1.6324393461992439E-018 -1.1296209901585280E-017 -6.2548415071166880E-016 -5.7307499844883070E-016 -7.9275004905019925E-016 -9.2923459083441319E-017  5.2615910437601420E-016  1.0596416936428357E-015  7.2524734788207540E-017 -1.8054054281573766E-015 -3.4469363278039176E-016  1.0523366907113412E-015  1.0132328253467733E-003  1.7587534224409936E-015
 3.4152838824001380E-018 -2.2052420350676009E-017  5.5170261249944978E-018  1.3215624651448477E-004  2.7308059853706075E-015 -2.9148683363019486E-016 -6.9487266954505995E-017 -4.4944110797398315E-015 -1.4906139645845725E-016  1.9645186506897631E-015 -4.0159656430712912E-004 -4.0789664552036865E-017  8.5677549272565442E-017  2.0628007972948315E-017  6.2059082817521897E-015 -6.6972345367567602E-016 -1.8398667053693425E-016 -1.0409657683207106E-014 -2.9702924986914469E-016  4.5124135435740097E-015 -1.0261436233784283E-015  1.5815396937433932E-015  4.1920585147315630E-016 -7.9010729773088852E-003  7.8270018380764164E-015 -9.1445366115500027E-016 -2.4672000778998852E-016 -1.4759780691574155E-014 -4.4405277401238523E-016  5.4826480247792834E-015 -3.0540302652877078E-015  4.8723032220964153E-015  1.2813425053329435E-015  1.5301583412806018E-019  5.0935794163642931E-019  1.3769001895250261E-018 -2.2244020548037954E-019  4.4971945864817011E-019 -7.7235547840891534E-020  8.2608752566889716E-019  2.8959045350844800E-018 -2.3007763403546487E-018 -5.7016316320029585E-018 -1.0018424872337185E-002  1.0068181177440993E-014 -1.3422733455227174E-015 -3.6472593918251991E-016 -2.3048068865537602E-014 -6.4316322988606047E-016  6.6602103142319021E-015  5.9018056860869082E-003  2.5054530116774851E-015 -1.8686349918756108E-016  3.4881522534943372E-016 -1.0309692531679435E-003
-2.7176675066862626E-017 -1.0136064945199551E-016 -1.3100311158651321E-016  2.7308059853706075E-015  2.9857743620057317E-002 -6.3596888474430500E-016 -9.5909145066028280E-016 -1.4928871810027028E-002  9.3244215380460717E-017 -1.4928871810026766E-002 -5.1225606814502001E-015 -2.8259750235314180E-017  4.7203103264996437E-017  4.8112559598965948E-018  6.8741546468632772E-002 -1.0081094703008045E-015 -1.3742824640065286E-015 -3.4370773234313375E-002 -2.8935560812730287E-016 -3.4370773234314374E-002 -6.7628378889437173E-016 -2.2380361415849259E-016  7.5330764238015136E-016 -9.4286293933234564E-015  9.3675655182681714E-002 -1.3065506953485039E-015 -1.6155172707504213E-015 -4.6837827591339330E-002 -3.4171762093827500E-016 -4.6837827591337013E-002 -2.1116730046885188E-015 -3.3784810958018124E-016  1.7711240354378954E-015 -6.5006920371407582E-018  3.0849653678598109E-017 -4.8034575450242661E-017 -6.9067523502240361E-018  1.0320663949309540E-018 -4.0205216563661688E-018  7.0384267123434750E-017 -4.7046769880635340E-017  2.0715908589768179E-017 -1.1492379701850197E-016 -1.8631799751491690E-014  1.3762071847437313E-001 -1.9585718610542935E-015 -2.3109412775507125E-015 -6.8810359237176405E-002 -4.8705240595907368E-016 -6.8810359237173713E-002 -9.1148553313992515E-015  1.0037973068681555E-015  2.5245529238008248E-015 -6.5619277081675790E-016  1.5246530236913702E-015
-2.6176175497160591E-016  2.3953314390372163E-017 -1.7272647911989130E-016 -2.9148683363019486E-016 -6.3596888474430500E-016  2.9857743620060887E-002 -3.1276760658679587E-016 -7.5778255044517097E-016 -1.2784708565539294E-016 -1.7976230847029609E-016  4.6718521289872598E-016  2.8343417673193316E-016 -4.0159283649468221E-017  1.6103090864637983E-016 -1.2634464736170405E-015  6.8741546468635104E-002 -3.7839832035118342E-016 -8.2649018846795049E-016 -2.4765062598009551E-016 -1.4620489964066737E-016 -3.6910470575821727E-016  2.3261122896441335E-016 -7.7577442644293137E-017  6.8623374772120224E-016 -8.4930609203514705E-016  9.3675655182682796E-002 -5.1883787826890751E-016 -3.9423116818145398E-016 -3.7595301156158820E-016  5.8617169746189822E-016 -9.5961946794440094E-016  2.0184149394527472E-016 -2.1736149818807584E-016  2.1451625475255707E-017 -4.4671486567621085E-017 -1.2558805175965747E-017  4.7716803382414376E-018  9.1039200452472535E-019  1.4689662203098523E-017 -1.2303862611320363E-016 -8.5819008246017313E-018 -5.3209014251470211E-017 -3.0758404735199945E-017  6.0981030004347135E-016 -1.1094105151518061E-015  1.3762071847436944E-001 -7.4913411616148897E-016 -4.7902452661018730E-016 -5.5448710692615831E-016  9.4618286153741733E-016 -1.0439786507760349E-015  2.2542811471088751E-015  3.6724638414814201E-016  3.7550892802278011E-015 -1.0896231993113914E-015
-2.1328647725454326E-017  1.6783602423508732E-016 -2.0646281505562434E-017 -6.9487266954505995E-017 -9.5909145066028280E-016 -3.1276760658679587E-016  2.9857743620064991E-002  2.4860834536059790E-016  1.8253214873137178E-016  3.4022693399228311E-016 -3.4445160497628090E-017  2.2937475668268880E-017 -8.5703656832533411E-017  4.9804811157240317E-017 -1.1617578154014473E-015 -2.1837506127089004E-016  6.8741546468639572E-002 -9.0599423684766812E-017  3.7700820113531507E-016  5.7148807064889656E-016 -1.4911913439829386E-016  3.0355515200154000E-017  2.0891533682218941E-016  1.6412179532541168E-017 -1.2009265153487043E-015 -3.7939579046186162E-016  9.3675655182689735E-002  1.8857672340473949E-016  5.4422604358535338E-016  6.7012579541437628E-016 -3.9249415647633049E-016  8.7942100141179142E-017  4.5397063025649097E-016 -8.0315880542607546E-019  1.0571971809496366E-018 -1.0316318153903888E-017 -2.7814394114765118E-018 -1.1688523058318401E-018  3.0080867691320914E-019 -4.0593279844908558E-018 -9.6187872480853934E-018  7.7352095191565066E-018 -3.6103775798905707E-017 -1.4972879368880931E-016 -1.7140030521742384E-015 -5.3356914419212120E-016  1.3762071847437710E-001  1.3138132796782808E-016  7.8928105945118324E-016  8.9213458689243365E-016 -2.1557498557267515E-015  1.8906933465193060E-015 -4.3061852289795933E-016 -2.1680662019512589E-015  8.2956517122733314E-016
 2.6236733595185497E-017  5.5379469768992453E-017  1.2196142978423491E-016 -4.4944110797398315E-015 -1.4928871810027028E-002 -7.5778255044517097E-016  2.4860834536059790E-016  2.9857743620049886E-002  2.2060659475785263E-016 -1.4928871810023595E-002  6.4483751560064952E-015  9.8377853554909102E-017 -5.1638342100544432E-017 -7.0926357502308740E-017 -3.4370773234310710E-002 -1.5531454606527834E-015  3.5504843698242496E-016  6.8741546468621670E-002  3.2347824591396345E-016 -3.4370773234310606E-002  3.8009538387648481E-017 -5.0720797772983027E-016 -9.4841989523231614E-016  3.4204731428652363E-015 -4.6837827591336416E-002 -2.2257400023973362E-015  4.4281844069391661E-016  9.3675655182666531E-002  5.2306067809739178E-016 -4.6837827591335590E-002  5.1302297316748557E-017 -1.3380569010381061E-015 -2.9979488191420392E-015  2.9700451519725400E-018  5.6569028946122595E-018 -2.2535838268018406E-018  7.5487656309808578E-018  5.8981616872827382E-019 -1.7090655522444596E-018  7.4666878485680545E-018 -6.1804325370261736E-018  7.6478331165045370E-018 -3.2133414330901937E-018 -7.7396972651530031E-016 -6.8810359237178889E-002 -3.2427733315784632E-015  6.3671380450383336E-016  1.3762071847434373E-001  7.1198253431618433E-016 -6.8810359237179486E-002 -3.6635120044118765E-015 -1.5339939467281398E-015  5.5511867943988809E-015 -1.4406975103011831E-015 -1.0634801129871008E-015
-3.4890130669753268E-017  5.7243754057400762E-017  2.2952453187432212E-016 -1.4906139645845725E-016  9.3244215380460717E-017 -1.2784708565539294E-016  1.8253214873137178E-016  2.2060659475785263E-016  2.9857743620057931E-002 -4.4113026575674271E-016  8.3988094183992599E-017  1.1768138432155809E-016  1.6446398360150360E-017 -8.8808689650102332E-017  4.1133223855979934E-016 -3.8917194468834529E-017  1.1922683060142792E-016 -3.9906208427372021E-017  6.8741546468630788E-002 -5.9962729829397375E-016  3.2720495107385887E-016  2.4663594654008549E-016 -2.6893300641065893E-017  6.7586632106063803E-016  5.0330220482648700E-016 -8.5015945336497767E-017  8.7334511777446423E-017  1.6229449967794788E-016  9.3675655182678993E-002 -8.1384175773337543E-016  9.5256147991709385E-016  8.1416572326756665E-016 -2.9890966902966329E-017 -1.9947611856110856E-018  9.7777047720424951E-018  1.4070269627083609E-017  2.7592194043065273E-019  1.6755819503824372E-018  3.6111741157741756E-018  4.0215021692813600E-018  6.0538207817102150E-018 -1.5140136069301764E-018  1.9871583235673791E-017  6.1762897489640099E-016  8.5860313598353888E-016 -1.4611212432037183E-016  1.8319656701504145E-016  2.4483066569981385E-016  1.3762071847436277E-001 -1.0896775136012560E-015  2.0202456187360149E-015 -6.6171788063116990E-016 -8.5380837846649844E-016  9.6223130882309765E-016 -1.1628862156045902E-015
 1.3633615430810238E-018  4.7193030864664355E-017  3.5980669031682854E-018  1.9645186506897631E-015 -1.4928871810026766E-002 -1.7976230847029609E-016  3.4022693399228311E-016 -1.4928871810023595E-002 -4.4113026575674271E-016  2.9857743620047564E-002 -1.9223085149155045E-015 -7.1887485256889157E-017 -9.5472327858925704E-018  1.0641228842170007E-016 -3.4370773234313937E-002 -1.0618839895966975E-015  1.7039175444866627E-016 -3.4370773234309974E-002 -3.2660746753776091E-016  6.8741546468618533E-002  6.2737708644970042E-016  3.6921412867564984E-016  9.8577655951072366E-016 -4.6354601585172040E-015 -4.6837827591334216E-002 -1.4122362922698030E-015  1.7634544646659338E-017 -4.6837827591329491E-002 -5.7873618120195483E-016  9.3675655182663825E-002  1.9952964913553180E-015  7.2542978826473899E-016  3.5672756741654828E-015  3.5306468851691431E-018 -3.6506556573195935E-017  5.0288159277029470E-017 -6.4201328075289528E-019 -1.6218825636577648E-018  5.7295872086010723E-018 -7.7850954972004878E-017  5.3227202417672069E-017 -2.8363741706263236E-017  1.1813713845159121E-016  4.7320357246822037E-015 -6.8810359237177945E-002 -2.0590443745548715E-015 -2.0330068839909438E-017 -6.8810359237170687E-002 -8.0952665545220729E-016  1.3762071847434032E-001 -8.1154926966526754E-015 -3.6557677007395271E-016 -3.0534047107322205E-015 -1.3145515981361354E-015 -2.9625052357518446E-015
 4.7971329929803888E-018  4.5790535321793099E-017 -1.0408192798093780E-017 -4.0159656430712912E-004 -5.1225606814502001E-015  4.6718521289872598E-016 -3.4445160497628090E-017  6.4483751560064952E-015  8.3988094183992599E-017 -1.9223085149155045E-015  1.2210530115371815E-003  2.0200328878487464E-017 -1.1025464931368446E-016 -1.0602241312173283E-016 -1.1555007767932695E-014  1.0701506740555814E-015 -1.0760637500509146E-017  1.5031318944977857E-014  5.7680106510645930E-017 -4.4036755396624991E-015  1.1338870776056956E-015 -2.0021739630644967E-015 -2.2211768727797065E-015  2.4074379989108854E-002 -1.3837209151162085E-014  1.4655567969747116E-015 -2.4451151335763957E-017  2.2220111044328702E-014  1.9401153054426913E-016 -3.9770397879841216E-015  3.3812307292314308E-015 -6.3223113577599006E-015 -6.5539647541569440E-015 -4.0704865743508172E-019 -6.5854674604242794E-019 -4.4022402676221915E-018  4.9570969853219460E-019 -1.3233418171575627E-018  3.9530831663097169E-019 -3.3917810457418977E-018 -8.4206379241034593E-018  7.7510404457538836E-018  1.8326875467725299E-017  3.0475076138396128E-002 -1.6055523172807341E-014  2.1476964156018950E-015 -3.0437994398023496E-017  3.6721233453458162E-014  2.6071462960288900E-016 -1.6785423193049897E-015 -1.9146347290814235E-002  1.3588340433588143E-016 -6.4717370519845392E-015  7.0548198452641356E-015  3.8125553370428732E-003
-6.8927660358412293E-005  2.5420144292457462E-020  3.4234384374012472E-017 -4.0789664552036865E-017 -2.8259750235314180E-017  2.8343417673193316E-016  2.2937475668268880E-017  9.8377853554909102E-017  1.1768138432155809E-016 -7.1887485256889157E-017  2.0200328878487464E-017  4.7051291530534988E-004 -1.7888922760354633E-018 -4.6454431296029990E-017  4.4310717671658912E-017  6.9671875784870890E-016  7.6013545822527632E-017  2.1789230658598762E-016  2.0706600979489304E-016 -2.6849813792708729E-016  8.5385018398546984E-003 -9.5972139288210442E-017 -3.2866843640563650E-016 -9.3101798063965029E-016  2.7710321888482861E-017  9.1538463135152112E-016  7.9635258073150134E-017  2.9402402148037471E-016  3.1573165206743414E-016 -3.2212355502475879E-016  2.6230145658920997E-002 -2.4053491801377311E-016 -1.0221318806257461E-015  8.7464683274830179E-017 -5.9202202627495661E-018  3.1925141323677436E-018 -4.7057307950295613E-018  3.3197874043600847E-019  4.2329739373052704E-018  4.9574789475005112E-018 -6.2641226276092291E-019 -1.3080430076520123E-018  2.6001130254886917E-019 -1.1085640968870291E-015  3.9302009967356955E-017  1.3710889978935165E-015  1.2050645192512494E-016  4.3589348069000252E-016  4.3931591575393301E-016 -4.7659137619329349E-016  3.4233516400789989E-015 -9.3974235953682653E-003  8.1553638849584755E-016 -4.2081306529049884E-016 -1.7472768124911883E-015
 5.7155484433664580E-018 -6.8927660358425927E-005 -7.4068363021847892E-018  8.5677549272565442E-017  4.7203103264996437E-017 -4.0159283649468221E-017 -8.5703656832533411E-017 -5.1638342100544432E-017  1.6446398360150360E-017 -9.5472327858925704E-018 -1.1025464931368446E-016 -1.7888922760354633E-018  4.7051291530534033E-004 -6.5198885451866782E-017  1.2456332337997635E-016 -9.1035825083028691E-017 -2.0649814344250312E-016 -5.8758868661339848E-017  9.0053618734861287E-018 -3.3868837963358156E-017  3.3221118772485176E-017  8.5385018398547140E-003 -1.1711768158105104E-015  3.9960216178538612E-016  1.3945890330440975E-016 -1.3498584085293986E-016 -2.6402134583562335E-016 -1.1513558916432381E-016  5.1852270944840707E-018 -8.0374406457851741E-017  1.2141333931397439E-016  2.6230145658920786E-002 -3.4222606206193596E-015 -1.9276082031689032E-018 -6.2152094259678854E-017 -1.4613429360758950E-017  1.8706699130303089E-018  7.9837758781696648E-019  7.0602731376824398E-020  1.6474370470189676E-017 -7.8565139701740326E-018 -1.0658106560550363E-017 -2.9518860448254624E-018  1.9693041265497582E-016  2.0538878424556204E-016 -1.9914350315138180E-016 -3.9800528224787946E-016 -1.5094509215533793E-016  1.5185125810277794E-017 -1.5844868590415892E-016 -9.7211891162735409E-016  6.2154114520617864E-017 -9.3974235953691899E-003  5.9911492288316194E-015  1.1602332456366351E-015
 8.0857056818852335E-018  1.1635762173512448E-017 -6.8927660358425642E-005  2.0628007972948315E-017  4.8112559598965948E-018  1.6103090864637983E-016  4.9804811157240317E-017 -7.0926357502308740E-017 -8.8808689650102332E-017  1.0641228842170007E-016 -1.0602241312173283E-016 -4.6454431296029990E-017 -6.5198885451866782E-017  4.7051291530521343E-004 -6.0792339727900077E-017  3.8355038754085399E-016  6.6073562271499826E-017  4.3492507214955130E-017 -1.9293286678703394E-016  8.9817117204677002E-017 -5.2052827962331893E-016 -4.1837972999887505E-017  8.5385018398536766E-003  3.3832129163328810E-016 -9.7838573081655139E-017  5.0550701795778885E-016  1.4275937514511384E-016 -6.8114106432163685E-017 -2.7553395718483132E-016  1.1025777582921227E-016 -1.5659625400843914E-015 -3.6840133286567444E-016  2.6230145658917306E-002  2.1403657795685208E-018 -1.6963430033853082E-017 -6.8963100547607826E-017 -1.7831208895646104E-018  1.9183938834772139E-018  1.1256438989350049E-018 -5.6117029310973271E-018  3.0186064431887136E-017 -1.1833438138625176E-017  7.7575254667734313E-017  1.9142875681263343E-016 -1.8878905953667293E-016  7.4170425113578825E-016  2.0114869401140495E-016 -9.7279234992965483E-017 -4.1568575435724824E-016  1.0906212070812420E-016  7.9874576370816704E-017  1.5532860683069520E-015 -1.3123920515718196E-015 -9.3974235953724564E-003 -1.3771087358570057E-015
-7.8312271536710110E-017 -2.3480865357449354E-016 -2.9095121243952198E-016  6.2059082817521897E-015  6.8741546468632772E-002 -1.2634464736170405E-015 -1.1617578154014473E-015 -3.4370773234310710E-002  4.1133223855979934E-016 -3.4370773234313937E-002 -1.1555007767932695E-014  4.4310717671658912E-017  1.2456332337997635E-016 -6.0792339727900077E-017  1.5826380824453362E-001 -1.8572694952761699E-015 -7.5639737398806383E-016 -7.9131904122255486E-002 -2.1279272193591284E-016 -7.9131904122266561E-002  4.6388068490878809E-016 -1.1306708388237810E-016  4.4678413067254196E-016 -1.7624135432801526E-014  2.1566965962539042E-001 -2.3716021082225991E-015 -4.4687753378629561E-016 -1.0783482981268572E-001 -1.7299777013076536E-016 -1.0783482981269236E-001  1.2927026211536113E-015  2.8807079388319332E-016  9.7472573531940654E-017 -1.4966557065908089E-017  7.1025223100369004E-017 -1.1059010494669542E-016 -1.5901430586042210E-017  2.3761286501962513E-018 -9.2564555375050307E-018  1.6204584749252197E-016 -1.0831587808854927E-016  4.7694280287363222E-017 -2.6458930164410998E-016 -3.7116340094821074E-014  3.1684447205507171E-001 -3.5837205009023950E-015 -5.0282841521413621E-016 -1.5842223602750369E-001 -2.0818828574541479E-016 -1.5842223602751512E-001 -1.0369942018303482E-014 -1.4567624322776282E-015  4.9609267671489767E-016 -8.0708239836674875E-016 -4.9542676471184066E-015
-6.0804542065169745E-016  5.5398469041346340E-017 -3.9709760846946417E-016 -6.6972345367567602E-016 -1.0081094703008045E-015  6.8741546468635104E-002 -2.1837506127089004E-016 -1.5531454606527834E-015 -3.8917194468834529E-017 -1.0618839895966975E-015  1.0701506740555814E-015  6.9671875784870890E-016 -9.1035825083028691E-017  3.8355038754085399E-016 -1.8572694952761699E-015  1.5826380824452546E-001  2.8514123976066696E-016 -1.4598240688650185E-015  9.7616272191919494E-018 -1.8255488431502841E-015  9.1178846927496716E-017  6.2067587050602559E-016  3.6996223869105068E-016  1.3637829163317200E-015 -5.2341847010864203E-016  2.1566965962537452E-001  3.7831709834228442E-016 -3.0671526871150536E-016 -6.2038146054702698E-017 -6.8595174870230874E-016  4.7358191783532421E-016  6.3788011079914223E-016  7.1384917056414649E-016  4.9388122833382688E-017 -1.0284725827867560E-016 -2.8914163795485886E-017  1.0985849764086292E-017  2.0959974430780307E-018  3.3820040448886155E-017 -2.8327208988140273E-016 -1.9758128471799716E-017 -1.2250322637442351E-016 -7.0815140464436506E-017  1.2678087546096048E-015 -4.4556225587558835E-016  3.1684447205503619E-001  5.7214294675304124E-016 -2.3391035491313889E-016 -1.0397883319717550E-016 -8.0430475441416172E-016  1.5112349297840444E-015 -1.8132584875945825E-015 -1.7863930015925182E-015 -5.4869908170107342E-015  9.3536306863561568E-016
-5.1566679467395080E-017  3.8758190912517419E-016 -4.1860208198071030E-017 -1.8398667053693425E-016 -1.3742824640065286E-015 -3.7839832035118342E-016  6.8741546468639572E-002  3.5504843698242496E-016  1.1922683060142792E-016  1.7039175444866627E-016 -1.0760637500509146E-017  7.6013545822527632E-017 -2.0649814344250312E-016  6.6073562271499826E-017 -7.5639737398806383E-016  2.8514123976066696E-016  1.5826380824452427E-001 -7.0783673740229709E-016  1.7476710344678783E-016 -9.2890509195776335E-017  1.9890083247614261E-016 -1.1903091380841600E-016 -5.8744654504014143E-016  1.0557054090879697E-015 -1.5806072745263138E-016  1.9738729406185585E-016  2.1566965962537485E-001 -2.5540030571229240E-016  3.0865294260157916E-016 -3.7566989106993502E-016  5.8162166501856680E-016 -3.4469220513547896E-016 -1.9590368025358144E-015 -1.8491142213369093E-018  2.4339873121481800E-018 -2.3751281167984660E-017 -6.4037138568357220E-018 -2.6910511430053566E-018  6.9255245491256373E-019 -9.3457994290486756E-018 -2.2145354283984056E-017  1.7808789283340337E-017 -8.3121799602650717E-017  1.2722435454233634E-015 -1.1822774502787520E-016  3.5656653806728114E-016  3.1684447205503091E-001 -7.0817321336100267E-016  4.2511155145921901E-016 -7.6403336570389477E-016  1.7075861337550271E-015 -1.4270954732592570E-015  1.7009326560581507E-016  4.1706920116970532E-015 -2.6124788732091260E-015
 6.0793981949470733E-017  1.2110414759094780E-016  2.4939346129940548E-016 -1.0409657683207106E-014 -3.4370773234313375E-002 -8.2649018846795049E-016 -9.0599423684766812E-017  6.8741546468621670E-002 -3.9906208427372021E-017 -3.4370773234309974E-002  1.5031318944977857E-014  2.1789230658598762E-016 -5.8758868661339848E-017  4.3492507214955130E-017 -7.9131904122255486E-002 -1.4598240688650185E-015 -7.0783673740229709E-016  1.5826380824452191E-001 -5.1739110103704188E-016 -7.9131904122265576E-002 -1.8115558626027159E-016  2.3502383134812110E-016  1.4262511163241753E-015  1.1242528098112783E-014 -1.0783482981268740E-001 -2.2360805121276168E-015 -1.0716467927941208E-015  2.1566965962537435E-001 -5.2092741284248834E-016 -1.0783482981269957E-001 -5.3957829756914572E-016  7.6449264114820770E-016  4.3997832447095454E-015  6.8379412532406675E-018  1.3023899533267893E-017 -5.1884308246374807E-018  1.7379539124128139E-017  1.3579350163407525E-018 -3.9347852460844557E-018  1.7190571271582412E-017 -1.4229222939513693E-017  1.7607622406169082E-017 -7.3980827973026277E-018  2.7579900202704192E-015 -1.5842223602752173E-001 -3.2282264370176323E-015 -1.5938603830833391E-015  3.1684447205503180E-001 -8.8296119888523880E-016 -1.5842223602754379E-001 -4.8590987734503181E-015  1.5800831108845577E-015 -2.0985906962211834E-015 -1.1788495579197550E-015 -6.3596493637612233E-015
-7.0912963502071950E-017  1.3574535424058637E-016  5.2726946494696161E-016 -2.9702924986914469E-016 -2.8935560812730287E-016 -2.4765062598009551E-016  3.7700820113531507E-016  3.2347824591396345E-016  6.8741546468630788E-002 -3.2660746753776091E-016  5.7680106510645930E-017  2.0706600979489304E-016  9.0053618734861287E-018 -1.9293286678703394E-016 -2.1279272193591284E-016  9.7616272191919494E-018  1.7476710344678783E-016 -5.1739110103704188E-016  1.5826380824452124E-001  2.0476831111643207E-016 -3.9831860938747523E-016  8.6209770810479140E-018  2.1503137806772721E-016 -7.6921063517813437E-016 -4.2005734184460618E-016 -5.1524474028684250E-017  6.9106939599700988E-017 -2.0707460013641561E-016  2.1566965962537349E-001  2.7963558527370895E-016 -1.3558551631708714E-015  2.0944681159938409E-016  6.8114058576559617E-016 -4.5925429087920445E-018  2.2511230436472593E-017  3.2394011607314054E-017  6.3525566871915824E-019  3.8576958784939460E-018  8.3140138265185722E-018  9.2587129744580841E-018  1.3937724426685832E-017 -3.4857167386520200E-018  4.5750388233723721E-017 -1.8697590385575178E-015 -3.3620797750063090E-016 -1.3929164085729490E-016  2.2031762751073187E-016 -2.8964819332221484E-016  3.1684447205503230E-001  6.5449539491977189E-016 -1.5046786124075734E-015 -5.7513120889101492E-016  1.6872702975088894E-016 -9.8588009517235382E-016  1.2729830917061332E-015
 1.8597428211795155E-017  1.0845175415232409E-016  3.1646171595346596E-017  4.5124135435740097E-015 -3.4370773234314374E-002 -1.4620489964066737E-016  5.7148807064889656E-016 -3.4370773234310606E-002 -5.9962729829397375E-016  6.8741546468618533E-002 -4.4036755396624991E-015 -2.6849813792708729E-016 -3.3868837963358156E-017  8.9817117204677002E-017 -7.9131904122266561E-002 -1.8255488431502841E-015 -9.2890509195776335E-017 -7.9131904122265576E-002  2.0476831111643207E-016  1.5826380824451977E-001 -3.7669174664431138E-016  3.8339490008415998E-016 -4.6509983774010247E-016 -1.1011264930902531E-014 -1.0783482981268731E-001 -2.4013038941453933E-015 -6.2567250483015264E-016 -1.0783482981268751E-001 -2.1093255357674015E-017  2.1566965962537507E-001 -1.0719864144951055E-015  6.1038610226875406E-016 -3.0906868413626466E-016  8.1286158126672563E-018 -8.4049122633637699E-017  1.1577853577130766E-016 -1.4781085380764793E-018 -3.7340636665352780E-018  1.3191240783572397E-017 -1.7923641876409271E-016  1.2254510102806908E-016 -6.5301902693532872E-017  2.7198738444139506E-016  1.1315703098072742E-014 -1.5842223602752689E-001 -3.4932782957413878E-015 -1.0477407745604706E-015 -1.5842223602752645E-001  5.5775843818877467E-017  3.1684447205503413E-001  2.7261121874945253E-015 -8.8744013989425216E-016  4.2212840797973013E-015 -3.4985167070142393E-015 -3.2546396886514111E-015
-1.2425657493721947E-003 -1.2451797048197591E-017  5.6155125262841620E-016 -1.0261436233784283E-015 -6.7628378889437173E-016 -3.6910470575821727E-016 -1.4911913439829386E-016  3.8009538387648481E-017  3.2720495107385887E-016  6.2737708644970042E-016  1.1338870776056956E-015  8.5385018398546984E-003  3.3221118772485176E-017 -5.2052827962331893E-016  4.6388068490878809E-016  9.1178846927496716E-017  1.9890083247614261E-016 -1.8115558626027159E-016 -3.9831860938747523E-016 -3.7669174664431138E-016  1.5601960079039645E-001 -2.0158745753594465E-016 -4.4034111949892306E-017  1.0480653914057163E-015 -1.3440307917867704E-017 -5.8454118020853579E-016 -2.0564198622208600E-016 -2.1910019156087597E-016  2.0746073999663031E-018  2.2499360016751572E-016  4.7769661263684293E-001 -1.0680007832219577E-016  1.3190053567577001E-016  1.5612283478230441E-015 -9.9814795490127367E-017  5.5514176257566521E-017 -8.2124863761480962E-017  6.3440194402463210E-018  8.5149348859006520E-017  8.7032487875282200E-017 -1.6376027174320536E-017 -2.6861479355790882E-017  1.5756521631552486E-017  3.2354953021528605E-016  6.0104232911389350E-018 -3.1666505474372856E-016 -2.2152078256448643E-016 -3.2577727548640161E-016 -3.7988949131250691E-016  2.9631282716086807E-016  3.2222276149042181E-016 -2.1748391860281929E-001  5.6066419694029299E-016  9.2523832431571970E-016 -4.3077970420573946E-016
 1.3086528614721113E-016 -1.2425657493724067E-003 -2.9685129073812275E-016  1.5815396937433932E-015 -2.2380361415849259E-016  2.3261122896441335E-016  3.0355515200154000E-017 -5.0720797772983027E-016  2.4663594654008549E-016  3.6921412867564984E-016 -2.0021739630644967E-015 -9.5972139288210442E-017  8.5385018398547140E-003 -4.1837972999887505E-017 -1.1306708388237810E-016  6.2067587050602559E-016 -1.1903091380841600E-016  2.3502383134812110E-016  8.6209770810479140E-018  3.8339490008415998E-016 -2.0158745753594465E-016  1.5601960079039914E-001  1.0280386107765126E-015  2.3065383763137825E-015 -6.5684023133671494E-016  5.8108405348247244E-016  1.5840526264254688E-016 -4.4832239277869679E-016 -1.1869627911724773E-016  2.8446351189375734E-017 -2.8436142928690469E-016  4.7769661263684765E-001  3.2077650209096799E-015 -3.8634930137833628E-017 -1.1499558560933247E-015 -2.8406131243525536E-016  3.5224442414472105E-017  1.4290730253843863E-017  3.4608141463811060E-018  2.7729367050724160E-016 -1.7599771126773211E-016 -2.1644988556734954E-016 -4.5525651325850323E-017 -1.9404593312109308E-015 -9.9128963067703302E-016  8.4606290255001275E-016  4.4912056111135113E-017 -8.9376970990076249E-017 -8.8811760494573890E-018 -6.4812928709828271E-016  3.4442709554459270E-015 -3.5742720663601812E-016 -2.1748391860281707E-001 -9.9843574265379972E-015 -3.7224039064311199E-015
 3.8958838326997919E-017  2.4286796092367670E-016 -1.2425657493726463E-003  4.1920585147315630E-016  7.5330764238015136E-016 -7.7577442644293137E-017  2.0891533682218941E-016 -9.4841989523231614E-016 -2.6893300641065893E-017  9.8577655951072366E-016 -2.2211768727797065E-015 -3.2866843640563650E-016 -1.1711768158105104E-015  8.5385018398536766E-003  4.4678413067254196E-016  3.6996223869105068E-016 -5.8744654504014143E-016  1.4262511163241753E-015  2.1503137806772721E-016 -4.6509983774010247E-016 -4.4034111949892306E-017  1.0280386107765126E-015  1.5601960079039906E-001  2.7409713178540978E-015  3.3921897367161060E-016 -6.8566280815232392E-017  3.3285730607524896E-016 -2.9129627954366315E-016  2.7808659633628895E-017 -1.0382373785316878E-015 -8.2825057118649437E-017 -1.0517094444870911E-015  4.7769661263684593E-001  4.4373084508477779E-017 -2.8851966798697889E-016 -1.2292588671496818E-015 -3.4890695392660208E-017  3.5959853037903918E-017  1.3738529709093427E-017 -1.0819222320404394E-016  5.9681168273667555E-016 -2.2780304866520334E-016  1.4165791945795304E-015 -1.0109376181748244E-015 -3.7680861501665754E-016  6.0111015168730427E-017  1.9898302746832201E-016 -5.0736649970441326E-016 -1.3784724023433364E-016 -2.3695410851517106E-015  2.6375266633997837E-015 -1.8806334131735261E-016  1.5236249269321635E-015 -2.1748391860280697E-001 -1.7711939912179038E-015
 3.6361651225641481E-016  4.9769850930385732E-016 -4.4718903970528378E-016 -7.9010729773088852E-003 -9.4286293933234564E-015  6.8623374772120224E-016  1.6412179532541168E-017  3.4204731428652363E-015  6.7586632106063803E-016 -4.6354601585172040E-015  2.4074379989108854E-002 -9.3101798063965029E-016  3.9960216178538612E-016  3.3832129163328810E-016 -1.7624135432801526E-014  1.3637829163317200E-015  1.0557054090879697E-015  1.1242528098112783E-014 -7.6921063517813437E-016 -1.1011264930902531E-014  1.0480653914057163E-015  2.3065383763137825E-015  2.7409713178540978E-015  4.7850840233679803E-001  1.3121056381469507E-014  2.1387169422570501E-015  1.4167137072726113E-015  4.8806199549582554E-014  9.2495878361058261E-016  2.4688562256321106E-014  3.7209754889407536E-016  1.0268437939619110E-014  1.0777359437424176E-014 -3.3252990324715117E-018  5.0073831077475473E-017 -1.0402151041093827E-016 -1.5135634100709011E-018 -2.2900077917121514E-017  1.7136681159420383E-017 -1.3368881836164720E-016 -1.3815454432825896E-016  2.0723316050992752E-016  4.3452732528308453E-016  6.0188700835458664E-001  9.7648512897243056E-014  2.8983733593021934E-015  2.0910149619157632E-015  1.4668754810997796E-013  1.1550969698944387E-015  1.1258352443128170E-013 -4.6901824251938101E-001 -4.1915892010356048E-015 -1.7872776897471754E-015 -4.8056462605299183E-015  1.2240568864895525E-001
-1.0233915135418566E-016 -3.1517955110398264E-016 -3.9426964493029710E-016  7.8270018380764164E-015  9.3675655182681714E-002 -8.4930609203514705E-016 -1.2009265153487043E-015 -4.6837827591336416E-002  5.0330220482648700E-016 -4.6837827591334216E-002 -1.3837209151162085E-014  2.7710321888482861E-017  1.3945890330440975E-016 -9.7838573081655139E-017  2.1566965962539042E-001 -5.2341847010864203E-016 -1.5806072745263138E-016 -1.0783482981268740E-001 -4.2005734184460618E-016 -1.0783482981268731E-001 -1.3440307917867704E-017 -6.5684023133671494E-016  3.3921897367161060E-016  1.3121056381469507E-014  2.9389790754348494E-001 -5.0031641790633650E-016  5.9009691784234120E-016 -1.4694895377173986E-001 -4.1363407256835335E-016 -1.4694895377172823E-001 -1.4317775277783906E-016 -1.2217058016320961E-015 -6.9917993565845023E-016 -2.0395264741652708E-017  9.6787672815295862E-017 -1.5070362931578906E-016 -2.1669237964693916E-017  3.2380040825366110E-018 -1.2613980652008867E-017  2.2082352977643693E-016 -1.4760448910271455E-016  6.4994071037150442E-017 -3.6056180663826083E-016 -2.9860994410926172E-015  4.3177110547423014E-001 -8.7023523167803601E-016  1.0527895663989982E-015 -2.1588555273708640E-001 -5.4130665435842763E-016 -2.1588555273707158E-001 -2.8659206212110478E-014  9.7886887790069112E-016 -7.7563130837714657E-016 -9.1017535266606684E-016  6.5126406160875449E-015
-8.2431268487387572E-016  7.6579869856740755E-017 -5.4064135159440316E-016 -9.1445366115500027E-016 -1.3065506953485039E-015  9.3675655182682796E-002 -3.7939579046186162E-016 -2.2257400023973362E-015 -8.5015945336497767E-017 -1.4122362922698030E-015  1.4655567969747116E-015  9.1538463135152112E-016 -1.3498584085293986E-016  5.0550701795778885E-016 -2.3716021082225991E-015  2.1566965962537452E-001  1.9738729406185585E-016 -2.2360805121276168E-015 -5.1524474028684250E-017 -2.4013038941453933E-015 -5.8454118020853579E-016  5.8108405348247244E-016 -6.8566280815232392E-017  2.1387169422570501E-015 -5.0031641790633650E-016  2.9389790754345663E-001  2.5499452165854939E-016 -7.4613486510428531E-016 -1.7657446409210734E-016 -8.1522269931941229E-016 -1.3966548565949547E-015  1.5491771418531657E-016 -3.9750700056388815E-016  6.7302308463056352E-017 -1.4015227759523174E-016 -3.9401982887271432E-017  1.4970665154572558E-017  2.8562629709112274E-018  4.6087331608108271E-017 -3.8602126338131977E-016 -2.6924847124651878E-017 -1.6693790847216700E-016 -9.6501388470899113E-017  1.9296860418769580E-015 -3.0000426415665761E-016  4.3177110547417197E-001  4.1537412500380475E-016 -8.0242838123521625E-016 -2.7218058243407244E-016 -9.1393918391465594E-016 -1.9911077237263219E-015  2.1984959515666108E-015  6.9808794933437528E-016  4.3315252706442135E-015  4.0548383225799013E-016
-6.7088124866132783E-017  5.2566136083085601E-016 -6.3399253011633296E-017 -2.4672000778998852E-016 -1.6155172707504213E-015 -5.1883787826890751E-016  9.3675655182689735E-002  4.4281844069391661E-016  8.7334511777446423E-017  1.7634544646659338E-017 -2.4451151335763957E-017  7.9635258073150134E-017 -2.6402134583562335E-016  1.4275937514511384E-016 -4.4687753378629561E-016  3.7831709834228442E-016  2.1566965962537485E-001 -1.0716467927941208E-015  6.9106939599700988E-017 -6.2567250483015264E-016 -2.0564198622208600E-016  1.5840526264254688E-016  3.3285730607524896E-016  1.4167137072726113E-015  5.9009691784234120E-016  2.5499452165854939E-016  2.9389790754345974E-001 -4.8459626373312036E-016  1.7915989798757119E-016 -1.1847721029392162E-015 -6.0913647812709217E-016  5.0738324746097089E-016  5.4893787256071566E-016 -2.5198296385514003E-018  3.3168493856368201E-018 -3.2366406331207846E-017 -8.7264852473960430E-018 -3.6671560635620783E-018  9.4375684422534028E-019 -1.2735731587326805E-017 -3.0177973559999676E-017  2.4268438663778349E-017 -1.1327195033783420E-016  1.5573813065237878E-015  1.0289899170695454E-015  4.8371612393020946E-016  4.3177110547416864E-001 -1.1675319058935793E-015  2.1379886907810000E-016 -2.0179230770078807E-015 -6.4013393675937882E-016  3.7987082682026779E-016 -3.4544407344011528E-016 -3.1245249524590550E-015  2.1067620807298726E-015
 8.3893303889941585E-017  1.6914386143969449E-016  3.5910912804083992E-016 -1.4759780691574155E-014 -4.6837827591339330E-002 -3.9423116818145398E-016  1.8857672340473949E-016  9.3675655182666531E-002  1.6229449967794788E-016 -4.6837827591329491E-002  2.2220111044328702E-014  2.9402402148037471E-016 -1.1513558916432381E-016 -6.8114106432163685E-017 -1.0783482981268572E-001 -3.0671526871150536E-016 -2.5540030571229240E-016  2.1566965962537435E-001 -2.0707460013641561E-016 -1.0783482981268751E-001 -2.1910019156087597E-016 -4.4832239277869679E-016 -2.9129627954366315E-016  4.8806199549582554E-014 -1.4694895377173986E-001 -7.4613486510428531E-016 -4.8459626373312036E-016  2.9389790754346284E-001 -2.0549269409307350E-017 -1.4694895377174017E-001 -7.6983058714650218E-016 -1.1222587194058261E-015 -9.8417106903993457E-016  9.3182167103273648E-018  1.7747961523816901E-017 -7.0703916602704766E-018  2.3683489794171686E-017  1.8504886620362590E-018 -5.3620205663789085E-018  2.3425979041145464E-017 -1.9390482904078846E-017  2.3994304024866969E-017 -1.0081534221064618E-017  4.6979300154461457E-014 -2.1588555273710766E-001 -1.0216954051335763E-015 -7.2567372856900310E-016  4.3177110547417547E-001 -2.0213031241496805E-016 -2.1588555273711377E-001 -1.2472134565609517E-014 -1.3197892755216132E-015  3.6473460733474787E-015 -2.4314189584271527E-015  9.6542482782703425E-016
-1.0204712785068522E-016  1.8600713786275824E-016  7.2009049269407807E-016 -4.4405277401238523E-016 -3.4171762093827500E-016 -3.7595301156158820E-016  5.4422604358535338E-016  5.2306067809739178E-016  9.3675655182678993E-002 -5.7873618120195483E-016  1.9401153054426913E-016  3.1573165206743414E-016  5.1852270944840707E-018 -2.7553395718483132E-016 -1.7299777013076536E-016 -6.2038146054702698E-017  3.0865294260157916E-016 -5.2092741284248834E-016  2.1566965962537349E-001 -2.1093255357674015E-017  2.0746073999663031E-018 -1.1869627911724773E-016  2.7808659633628895E-017  9.2495878361058261E-016 -4.1363407256835335E-016 -1.7657446409210734E-016  1.7915989798757119E-016 -2.0549269409307350E-017  2.9389790754346179E-001 -2.7492496909921197E-017 -7.8308190506792363E-017 -1.1256027688350246E-016  1.6738267474421196E-016 -6.2583617628021459E-018  3.0676561241850256E-017  4.4144049955224285E-017  8.6567722189661674E-019  5.2569691471563577E-018  1.1329694084672620E-017  1.2617056912255054E-017  1.8993251308666052E-017 -4.7500647868556952E-018  6.2345085509695113E-017  2.4686877614795367E-016 -2.2827832980574107E-016 -3.3618989816274918E-016  4.4570008704133971E-016 -1.3959394618531279E-017  4.3177110547417630E-001  2.8370021280335510E-016  3.1336565463016268E-015  1.3603234268708909E-015  4.5234325907300992E-016  4.9765376138887268E-016 -2.2993706144689038E-015
