   1.3343977265550986E-003   1.1269119632311913E-017  -1.8135081279832253E-017   1.3570340900097869E-017   2.7485430595813174E-018  -9.3582152641036916E-019   3.0661255991438776E-018  -5.3148891763894349E-018   6.1908538687768334E-018  -1.2571235257904612E-018   1.1859077150691464E-002   8.0754225602830047E-017   5.2547382948813003E-017  -3.7083424647832507E-016  -8.8094861791767956E-016   1.8180447184556615E-002   1.2352482234059589E-016   3.5812553009914179E-017  -2.9468489890860311E-018  -5.4604496738331067E-018   1.3058666114702553E-018   3.7708081109287160E-018  -4.6422715711589618E-018   4.3857859419997647E-018  -7.0904983586621787E-016  -1.3267013917010067E-016  -3.7930100109253535E-019   2.4799607189248428E-018  -6.3477693994714520E-017  -6.6558761468630389E-019  -7.5699347106457580E-017  -6.3983797662455049E-019   2.7628654636884691E-018  -1.9747229130965311E-018   3.2499644478657282E-018   2.0278643530757728E-002   1.4104336187314387E-016   4.8610656154292253E-017   1.4248436993175006E-018   2.1342402281547765E-018   1.4511559218985422E-019  -5.8288470431002323E-019   1.4059613166272199E-018  -1.5432127836860635E-018   6.5984511222010047E-016   3.2437498399554738E-016
   1.1269119632311913E-017   1.3343977265548464E-003  -6.1840265338478236E-017  -1.9262625448457825E-017   2.8620745714536586E-017   7.0480356282353261E-018   7.4972955888465388E-018   3.0170605593601186E-017   3.7425914914718790E-019   1.7017627047137569E-017   9.3528554532333179E-018   1.1859077150690645E-002  -3.7476420869808938E-016  -1.3873681908620443E-016  -4.2728892803524566E-016   3.6092850820569135E-017   1.8180447184554534E-002  -5.8479406395824906E-016   1.2579357133332712E-016  -5.6999371791042884E-018   1.7736972155271246E-018   1.2732992804329159E-016   2.2649014800863306E-018   1.3227638145253685E-016   2.0902115696376803E-016   4.5157079296383972E-018  -1.1516569164697762E-017  -3.7786165160339820E-018   7.9554269672193361E-019   3.2272635247799737E-019   9.4166417617192605E-020   5.2476007809277875E-017  -3.8905855041574735E-018  -8.5811697126590217E-018  -5.1814807433742212E-018  -1.5721672761586425E-019   2.0278643530755813E-002  -6.4250533595692744E-016  -2.0174430120616571E-017   2.8241873623709584E-018  -6.9787722051983848E-019  -2.2672404855917217E-017  -2.3658134903745641E-019  -2.1223643935756707E-017  -5.0103414564710568E-016  -3.3353059192998046E-016
  -1.8135081279832253E-017  -6.1840265338478236E-017   1.3343977265549069E-003  -1.5608557757870679E-016   5.1501294282426359E-017   1.6437970716790444E-017   3.0449901065031377E-018   5.9533183414095603E-017  -2.2148015159923734E-018   2.9368616668465793E-017  -2.0238299380904846E-016  -1.2696039911687009E-016   1.1859077150690518E-002  -9.9306904724966156E-017  -9.0398120079382849E-016  -2.8374813168935038E-016  -2.6225489935153176E-016   1.8180447184555543E-002   1.2541948347093791E-016  -9.6211518202027066E-018  -5.3686367834997983E-018   1.3242514405595608E-016   2.5085613212453709E-018   1.3475901126523372E-016  -2.7688075302170373E-017   8.4829231787577906E-019  -3.1956400002615939E-019  -9.5445612085710052E-017  -6.1960267798662620E-018   5.2600535562328509E-019  -1.8007983282198360E-018   7.5617297954280814E-018  -8.8188030904404764E-017  -6.8801674976210627E-019  -1.3167504575882676E-016  -3.6822611565080959E-016  -2.5443803157139772E-016   2.0278643530756278E-002  -6.7130047910657838E-018   2.2950750842641055E-018   3.4899674019162233E-023  -1.1108471355953955E-017  -2.7236746176185380E-019  -8.0000234266271373E-018   3.5628313614870461E-016   1.9558393566684382E-016
   1.3570340900097869E-017  -1.9262625448457825E-017  -1.5608557757870679E-016   9.5412521106058028E-006   3.8095597467947241E-017   1.3507818485537189E-018  -9.3829022818424483E-019   4.2821898290014345E-017  -5.0390019714835895E-019   4.2573251120104821E-017   1.5235801634375692E-016  -1.7499899937468901E-016  -1.3651725732871386E-015   7.5865097155817715E-004   2.1672106846613295E-003   2.4017868360583437E-016  -2.6759398356641515E-016  -2.1079700262680665E-015   7.5963597881399344E-017   7.4972989237873016E-019  -5.3363025782147225E-019   2.1365544392064920E-017  -6.4979872078899966E-019   4.4500556620966203E-018   1.5909624803524436E-003  -1.9435836372143586E-018   1.3661912675918598E-019   9.7250741654799972E-019  -4.8249599376797676E-019  -4.1313112286912972E-020  -1.1465315941174348E-018  -2.1440905206894413E-019   7.8309226199958580E-019   6.3008796585061904E-019   1.0022351269712717E-018   2.6106658113023927E-016  -2.9897839740336604E-016  -2.3430281198949526E-015   1.5022234680053575E-017  -1.1959534370208764E-019  -1.0224637299810896E-018   1.6743290100979023E-017  -5.0173986939768124E-019   2.2805760746781167E-017  -2.1819094178692103E-003  -1.1955936479828874E-003
   2.7485430595813174E-018   2.8620745714536586E-017   5.1501294282426359E-017   3.8095597467947241E-017   1.7638696886177451E-028   3.4079845232003294E-030  -3.0556564207696488E-030   2.0672289643104253E-028  -2.4527766063290405E-031   1.9870347848834694E-028   2.4426888286072343E-017   2.5435867042079601E-016   4.5770298472604564E-016   3.5519040810556805E-015   1.0027843999751712E-014   3.7447412368207832E-017   3.8994217802600588E-016   7.0167727507701974E-016   3.2105677184072676E-028   4.8890468323011162E-031  -2.0031645217573816E-030   5.7403853963650714E-029  -1.2452939132067550E-030  -1.1749271687510855E-029   7.5403909577216948E-015  -4.2185594793232135E-030  -2.3726207072814122E-031  -3.1130687235035433E-031  -1.4497452718828923E-030  -8.5655773381091907E-032  -3.4750055544016508E-030  -4.0729300316165057E-031  -4.6155895973834119E-031   9.6843281589433622E-031  -1.9578966439528658E-031   4.1769199561200825E-017   4.3494521039690533E-016   7.8265749959151770E-016   3.3674210521919369E-029  -2.1260679491134181E-031  -1.6048212362321382E-030   3.7866253068847546E-029  -3.4976512882234418E-031   7.0477185264641428E-029  -5.5285748648903915E-015  -2.4286324993774595E-015
  -9.3582152641036916E-019   7.0480356282353261E-018   1.6437970716790444E-017   1.3507818485537189E-018   3.4079845232003294E-030   7.8535664215133468E-031  -1.0974960826575148E-031   2.7669069028611081E-030  -3.3494873755888617E-031   3.0017728036045816E-030  -8.3168454652768070E-018   6.2637395592584294E-017   1.4608775108940035E-016   4.0612535839088765E-017   1.3118722622733341E-016  -1.2750062066570818E-017   9.6025672814069273E-017   2.2395845892921404E-016   1.1659916814254184E-029   2.1681696468179057E-031  -1.7078174687865720E-031   9.8934813871599444E-030  -2.0088119498684018E-031   7.7845990314232755E-030   7.3451575586180133E-017  -6.1862527044182716E-031   2.1608655185896521E-032  -1.0042573715181755E-030  -2.0189352909153882E-031  -4.0254006129626752E-033  -3.0033963086951971E-031   4.6398501558824491E-031  -9.8432971280301497E-031   2.0704032100794713E-031  -1.6361661582371071E-030  -1.4221540373478073E-017   1.0710794784255022E-016   2.4980539302582086E-016   5.2090870563659398E-030   1.0534836293642255E-032  -4.6693500542863121E-031   5.7000990425375974E-030  -2.8949025723874940E-031   5.5502563229484022E-030  -7.1556160108667872E-016  -4.6885037927784335E-016
   3.0661255991438776E-018   7.4972955888465388E-018   3.0449901065031377E-018  -9.3829022818424483E-019  -3.0556564207696488E-030  -1.0974960826575148E-031   1.5599532345173861E-031  -3.3032732100367276E-030   9.5135101443416713E-032  -3.5169251106589346E-030   2.7249312038191048E-017   6.6630064665365498E-017   2.7061476408040932E-017  -6.4811853178782588E-017  -1.8737028089938826E-016   4.1774302673875779E-017   1.0214659675112917E-016   4.1486343019857521E-017  -6.2925922530036772E-030  -1.7771688322061857E-031   5.8699230275383738E-032  -1.7446132730401459E-030   9.4414189381226151E-032  -8.0546122140400294E-032  -1.3419844671953050E-016  -1.7365980211931481E-032  -8.9532005419681931E-032  -3.3710907820620447E-031  -9.2536484804997609E-032   6.5481051520614334E-033  -3.9924891620440809E-032   3.1358560357725224E-031  -2.9576003807899512E-031  -1.4124892502648591E-031  -4.0214896912237954E-031   4.6595454120023171E-017   1.1393528455976564E-016   4.6274261185887482E-017  -2.0825710292538686E-030   3.9855919246249400E-032   1.4365043534285185E-031  -2.3264383271750275E-030   8.1835268643242360E-032  -2.7549331991654432E-030   2.7420161225875179E-016   1.6150567779321077E-016
  -5.3148891763894349E-018   3.0170605593601186E-017   5.9533183414095603E-017   4.2821898290014345E-017   2.0672289643104253E-028   2.7669069028611081E-030  -3.3032732100367276E-030   2.4522293523833817E-028   3.9593927627006491E-031   2.3398697528902138E-028  -4.7234553488554263E-017   2.6813260566726781E-016   5.2908409620634194E-016   4.1963810862246470E-015   1.1807871902338870E-014  -7.2412489949467232E-017   4.1105818048470883E-016   8.1110741966181932E-016   3.6485777760392422E-028  -1.9890561294311572E-031  -2.1545880951954170E-030   5.0536323827764830E-029  -8.9785972425765345E-031  -2.7910897408984157E-029   8.9390514790270218E-015  -2.4754041072985112E-030  -4.5116698981626499E-031  -6.4677629615957850E-031  -9.1523755200106167E-031  -7.1092799538576249E-032  -2.9147182575578170E-030  -9.0025107449218745E-031  -6.8058536878812625E-031   5.9352212623602788E-031  -9.2955903451912439E-033  -8.0769579315288215E-017   4.5849820017255779E-016   9.0471692260942250E-016   2.7878774358292394E-029  -2.1042572191524321E-031  -8.3222027048530156E-031   3.1645889430506317E-029   2.4756100180157319E-031   7.1528877698870221E-029  -4.9735572904564152E-015  -1.8157606484332383E-015
   6.1908538687768334E-018   3.7425914914718790E-019  -2.2148015159923734E-018  -5.0390019714835895E-019  -2.4527766063290405E-031  -3.3494873755888617E-031   9.5135101443416713E-032   3.9593927627006491E-031   2.1385392153696163E-031   2.0656224715697226E-033   5.5019438505801939E-017   3.3261208676887015E-018  -1.9683413369888952E-017   4.1084906722705371E-018   1.7028207608713349E-018   8.4347035032179149E-017   5.0990784524017074E-018  -3.0175472562988577E-017  -3.3346784707751665E-030  -2.1952307754785689E-031   6.8485719858027246E-032  -4.3158403234979811E-030   1.1177132275181203E-031  -3.5751936418218617E-030   1.6365140244179837E-017  -2.0162435246463586E-031  -5.5832547483269776E-032   8.0783559770116240E-032  -1.8841973886620032E-031   2.8270453650829838E-033  -1.7558108441946912E-031  -7.1206313582726580E-032   1.0771440687808935E-031  -1.5630467215999222E-031   2.6281112038709445E-031   9.4081484296318024E-017   5.6875605545863479E-018  -3.3658008808320168E-017  -2.9457133394699401E-030   2.2609457964082442E-032   2.6505737386541812E-031  -3.2465311674764062E-030   1.7419331931440376E-031  -2.8783277028873536E-030   3.8419244086553019E-016   2.6128428035792561E-016
  -1.2571235257904612E-018   1.7017627047137569E-017   2.9368616668465793E-017   4.2573251120104821E-017   1.9870347848834694E-028   3.0017728036045816E-030  -3.5169251106589346E-030   2.3398697528902138E-028   2.0656224715697226E-033   2.2502238143474675E-028  -1.1172324849940144E-017   1.5123928050653944E-016   2.6100515906880971E-016   4.0418036283485099E-015   1.1396915668269230E-014  -1.7127628000197468E-017   2.3185596286630103E-016   4.0013151521406705E-016   3.5615829507873162E-028   5.5424694499844391E-031  -2.1086261341098757E-030   5.4961084147907086E-029  -1.2869288493126620E-030  -2.2677829666324397E-029   8.5912399562876856E-015  -3.8421191480935686E-030  -2.0038479915716917E-031   1.6423070060486265E-030  -1.1773671572484496E-030  -1.0089205541099826E-031  -3.4172052371390258E-030  -1.3353864065005602E-030   1.3668307741720940E-030   1.0148545642799023E-030   2.7470911800183292E-030  -1.9104319009218945E-017   2.5861434395520711E-016   4.4631049391024473E-016   3.4447363090557004E-029  -3.0925023505471934E-031  -1.4408754086190400E-030   3.8919821364599069E-029  -1.5623116374045208E-031   7.6428553435950914E-029  -5.7374689406945801E-015  -2.3892634753988637E-015
   1.1859077150691464E-002   9.3528554532333179E-018  -2.0238299380904846E-016   1.5235801634375692E-016   2.4426888286072343E-017  -8.3168454652768070E-018   2.7249312038191048E-017  -4.7234553488554263E-017   5.5019438505801939E-017  -1.1172324849940144E-017  0.10539414753734991       -8.9264211951813778E-017   1.0074045186011097E-016  -5.2799371114248324E-016   2.2048128739611811E-017  0.16157351103432493       -1.3928722612362606E-016  -2.4322268736091396E-016  -2.6189275369121580E-017  -4.8528180669661845E-017   1.1605515046788575E-017   3.3511975791099375E-017  -4.1256857398104275E-017   3.8977414917249253E-017  -4.5479331411201521E-016  -1.1790678181631625E-015  -3.3709288810781027E-018   2.2039939750457859E-017  -5.6413980288673844E-016  -5.9152190655233868E-018  -6.7275624030777990E-016  -5.6863765410695816E-018   2.4554174545438270E-017  -1.7549783630180825E-017   2.8883127089668045E-017  0.18022062939470720       -1.2636629415950161E-016  -1.9427999429129848E-016   1.2662889797900237E-017   1.8967448025512625E-017   1.2896732130888923E-018  -5.1802206649110591E-018   1.2495078036301142E-017  -1.3714861092293259E-017   8.0102249461118601E-017  -7.7195606429273751E-018
   8.0754225602830047E-017   1.1859077150690645E-002  -1.2696039911687009E-016  -1.7499899937468901E-016   2.5435867042079601E-016   6.2637395592584294E-017   6.6630064665365498E-017   2.6813260566726781E-016   3.3261208676887015E-018   1.5123928050653944E-016  -8.9264211951813778E-017  0.10539414753735529        4.2536776753440706E-016  -9.1846670401669466E-016  -3.0391492495819880E-015   5.6489842891838032E-017  0.16157351103432582        5.6087806513691214E-016   1.1179542933982558E-015  -5.0656557198740803E-017   1.5763225387985734E-017   1.1316082231013956E-015   2.0128662434405495E-017   1.1755684093601003E-015   2.6254745562728740E-015   4.0132059326748223E-017  -1.0235020602742549E-016  -3.3581370752373403E-017   7.0701575919586261E-018   2.8681379145324769E-018   8.3687703396574201E-019   4.6636547169274153E-016  -3.4576463026747862E-017  -7.6262685135362568E-017  -4.6048924295751841E-017  -2.9616979341423879E-016  0.18022062939471178        7.1252100214831664E-016  -1.7929446259576395E-016   2.5099155335669173E-017  -6.2021836781881520E-018  -2.0149449675116940E-016  -2.1025488988882813E-018  -1.8861904951141877E-016   1.7642480327811355E-016   2.8181869509691023E-016
   5.2547382948813003E-017  -3.7476420869808938E-016   1.1859077150690518E-002  -1.3651725732871386E-015   4.5770298472604564E-016   1.4608775108940035E-016   2.7061476408040932E-017   5.2908409620634194E-016  -1.9683413369888952E-017   2.6100515906880971E-016   1.0074045186011097E-016   4.2536776753440706E-016  0.10539414753734824        8.1532963269289192E-016  -3.1720191932097220E-015   3.9006431909692365E-016   5.1158205504286580E-017  0.16157351103432571        1.1146296947926191E-015  -8.5505227896980512E-017  -4.7712219934556713E-017   1.1768904943397049E-015   2.2294119402233671E-017   1.1976320699160482E-015   3.3056475518426213E-015   7.5389547237654012E-018  -2.8400334139351964E-018  -8.4824550798778469E-016  -5.5065411269771135E-017   4.6747217638908699E-018  -1.6004078755701230E-017   6.7202705199584638E-017  -7.8374583638035042E-016  -6.1145515718624324E-018  -1.1702242108176846E-015  -2.4661081914993586E-017   3.9551602424708901E-016  0.18022062939470584       -5.9659905098678361E-017   2.0396821689126438E-017   3.1016084255201519E-022  -9.8723353775904410E-017  -2.4205877139136202E-018  -7.1097914164297155E-017  -2.1726940608043370E-015  -1.2458159248421355E-015
  -3.7083424647832507E-016  -1.3873681908620443E-016  -9.9306904724966156E-017   7.5865097155817715E-004   3.5519040810556805E-015   4.0612535839088765E-017  -6.4811853178782588E-017   4.1963810862246470E-015   4.1084906722705371E-018   4.0418036283485099E-015  -5.2799371114248324E-016  -9.1846670401669466E-016   8.1532963269289192E-016   7.2933547205561916E-002  0.20548216387627186       -2.8201723591133624E-016  -1.4477795190555930E-015   2.1914169678878178E-016   6.2866518278521268E-015   1.1376779495650069E-017  -3.5340026965312895E-017   8.3642802189232795E-016  -2.2399818787992379E-017  -5.5226851846419478E-016  0.15516077963419422       -6.5644744186521619E-017  -1.7433114668224412E-018   6.6843894184575159E-017  -1.8354625405766114E-017  -1.9957770530342534E-018  -5.9174393026938383E-017  -4.0380246042090218E-017   5.9688577004850424E-017   1.7954343705652457E-017   1.0354703162600635E-016  -8.7088462911582864E-016  -1.6398127811122809E-015   8.8245866947464377E-016   5.7655071278589566E-016  -6.8233040726203595E-018  -2.1181956848056784E-017   6.5424353118092262E-016   2.9723258218772563E-019   1.3354355845468809E-015  -9.6706527029209538E-002  -3.8499124203480201E-002
  -8.8094861791767956E-016  -4.2728892803524566E-016  -9.0398120079382849E-016   2.1672106846613295E-003   1.0027843999751712E-014   1.3118722622733341E-016  -1.8737028089938826E-016   1.1807871902338870E-014   1.7028207608713349E-018   1.1396915668269230E-014   2.2048128739611811E-017  -3.0391492495819880E-015  -3.1720191932097220E-015  0.20548216387627186       0.57946128201515745        1.5399979914426027E-015  -4.7512175492965360E-015  -7.8461291994556975E-015   1.7902842875875063E-014   4.3455862788951288E-017  -1.0256505486943726E-016   2.5852772841092228E-015  -7.0636459952563461E-017  -1.3718358492041573E-015  0.43673265233440051       -2.0771624648336467E-016  -2.1167082273620053E-018   1.9333155881127292E-016  -5.6977984587963919E-017  -5.9940750698618756E-018  -1.7630731943898171E-016  -1.1005323048251224E-016   1.7109557277900957E-016   5.8590981818220580E-017   2.9038034058241224E-016   1.3150042590153271E-016  -5.3742064010807537E-015  -6.9254550356658227E-015   1.7873610809222965E-015  -2.0101984947950205E-017  -7.4164484484436787E-017   2.0227391475865644E-015  -8.2799693050613563E-018   3.9234418304192947E-015 -0.29369826841170654      -0.12282721461432584     
   1.8180447184556615E-002   3.6092850820569135E-017  -2.8374813168935038E-016   2.4017868360583437E-016   3.7447412368207832E-017  -1.2750062066570818E-017   4.1774302673875779E-017  -7.2412489949467232E-017   8.4347035032179149E-017  -1.7127628000197468E-017  0.16157351103432493        5.6489842891838032E-017   3.9006431909692365E-016  -2.8201723591133624E-016   1.5399979914426027E-015  0.24769875821337795        8.2860404733115345E-017  -1.1637103318013966E-017  -4.0149223383851956E-017  -7.4395672986743647E-017   1.7791726175371850E-017   5.1375220700451181E-017  -6.3248438929608346E-017   5.9753960977678065E-017   4.0918517515790395E-016  -1.8075588785486509E-015  -5.1677709577734597E-018   3.3788123265614341E-017  -8.6484924254755528E-016  -9.0682712018245067E-018  -1.0313626549164776E-015  -8.7174463124543648E-018   3.7642547376267078E-017  -2.6904531468563048E-017   4.4279007540473349E-017  0.27628554841528996        1.3687209734855970E-016   1.0507726055005427E-016   1.9412724636948632E-017   2.9077868595664606E-017   1.9771214435960146E-018  -7.9414887858406251E-018   1.9155462387107986E-017  -2.1025439379762302E-017  -1.3759134987268575E-015  -8.3073750159850230E-016
   1.2352482234059589E-016   1.8180447184554534E-002  -2.6225489935153176E-016  -2.6759398356641515E-016   3.8994217802600588E-016   9.6025672814069273E-017   1.0214659675112917E-016   4.1105818048470883E-016   5.0990784524017074E-018   2.3185596286630103E-016  -1.3928722612362606E-016  0.16157351103432582        5.1158205504286580E-017  -1.4477795190555930E-015  -4.7512175492965360E-015   8.2860404733115345E-017  0.24769875821336806       -6.1438677583673290E-017   1.7138693616382506E-015  -7.7658560695798123E-017   2.4165665083628877E-017   1.7348013907224148E-015   3.0858057472298289E-017   1.8021941426494062E-015   3.9250891202730502E-015   6.1524077778248909E-017  -1.5690702500417713E-016  -5.1481605996032697E-017   1.0838838895621566E-017   4.3969719743444688E-018   1.2829665009045159E-018   7.1495721961096831E-016  -5.3007122889813482E-017  -1.1691379536855628E-016  -7.0594872216986341E-017  -4.5821703227776272E-016  0.27628554841528447        6.4720646561566643E-017  -2.7486569707622383E-016   3.8478025073855527E-017  -9.5081996143051727E-018  -3.0889925157031375E-016  -3.2232929024295425E-018  -2.8916066773740910E-016  -4.6084783569035365E-016  -7.7082866903459687E-017
   3.5812553009914179E-017  -5.8479406395824906E-016   1.8180447184555543E-002  -2.1079700262680665E-015   7.0167727507701974E-016   2.2395845892921404E-016   4.1486343019857521E-017   8.1110741966181932E-016  -3.0175472562988577E-017   4.0013151521406705E-016  -2.4322268736091396E-016   5.6087806513691214E-016  0.16157351103432571        2.1914169678878178E-016  -7.8461291994556975E-015  -1.1637103318013966E-017  -6.1438677583673290E-017  0.24769875821338430        1.7087726168754323E-015  -1.3108298900761799E-016  -7.3144772021960270E-017   1.8042209526482477E-015   3.4177791000786457E-017   1.8360186308738706E-015   2.9358898261617800E-015   1.1557523949011060E-017  -4.3538866328581687E-018  -1.3003948335567140E-015  -8.4417513147519628E-017   7.1665384288323727E-018  -2.4534903083794772E-017   1.0302447796025681E-016  -1.2015142159353115E-015  -9.3738560342386007E-018  -1.7940012691139575E-015  -7.1778701327592301E-016   4.5034383503112395E-016  0.27628554841529362       -9.1461058891866840E-017   3.1269156506867808E-017   4.7548917794436847E-022  -1.5134691311970548E-016  -3.7108593298773577E-018  -1.0899599159124340E-016   1.1599613697648257E-015   7.4651351864899221E-016
  -2.9468489890860311E-018   1.2579357133332712E-016   1.2541948347093791E-016   7.5963597881399344E-017   3.2105677184072676E-028   1.1659916814254184E-029  -6.2925922530036772E-030   3.6485777760392422E-028  -3.3346784707751665E-030   3.5615829507873162E-028  -2.6189275369121580E-017   1.1179542933982558E-015   1.1146296947926191E-015   6.2866518278521268E-015   1.7902842875875063E-014  -4.0149223383851956E-017   1.7138693616382506E-015   1.7087726168754323E-015   6.3326591660264072E-028   3.5963458575678552E-030  -4.4501878729125974E-030   1.7768333103370177E-028  -4.1416413813672465E-030   4.2838899289397143E-029   1.3226955804655616E-014  -1.2937501676156337E-029  -2.7364162733163312E-031  -1.7948333361661149E-030  -3.8173780393794312E-030  -2.2238014216865496E-031  -8.4959553010416418E-030   3.4958093624608887E-030  -2.4773493562355950E-030   3.5187268875644193E-030  -4.4258704928348113E-030  -4.4782825239339869E-017   1.9116661702618995E-015   1.9059812127268520E-015   1.0498339272158897E-028  -4.2241508922230378E-031  -7.0311147335375695E-030   1.1688497559598944E-028  -3.2598054425554588E-030   1.6947662299645018E-028  -1.5870183359071383E-014  -8.4128327311115336E-015
  -5.4604496738331067E-018  -5.6999371791042884E-018  -9.6211518202027066E-018   7.4972989237873016E-019   4.8890468323011162E-031   2.1681696468179057E-031  -1.7771688322061857E-031  -1.9890561294311572E-031  -2.1952307754785689E-031   5.5424694499844391E-031  -4.8528180669661845E-017  -5.0656557198740803E-017  -8.5505227896980512E-017   1.1376779495650069E-017   4.3455862788951288E-017  -7.4395672986743647E-017  -7.7658560695798123E-017  -1.3108298900761799E-016   3.5963458575678552E-030   3.5947243591691122E-031  -4.3263044765442914E-032   3.4633381284472438E-030  -1.7176975212366124E-031   2.2608321058411834E-030   1.5396484980957295E-017   2.4754229205536005E-032   1.1200262219000861E-031   8.1067864449841366E-031   1.8658164430362521E-031  -1.0624583692080641E-032   1.0990060644011092E-031  -2.0366147638078177E-031   7.1254941695204030E-031   2.2216090900244170E-031   9.4572956718906214E-031  -8.2981640518199852E-017  -8.6621096471134342E-017  -1.4621121142111785E-016   3.6725937599312293E-030  -5.7016220163607224E-032  -3.0789686604918690E-031   4.0846621351977814E-030  -1.9593445521984785E-031   3.7746442548175335E-030  -4.6513656398514063E-016  -3.1030523769335028E-016
   1.3058666114702553E-018   1.7736972155271246E-018  -5.3686367834997983E-018  -5.3363025782147225E-019  -2.0031645217573816E-030  -1.7078174687865720E-031   5.8699230275383738E-032  -2.1545880951954170E-030   6.8485719858027246E-032  -2.1086261341098757E-030   1.1605515046788575E-017   1.5763225387985734E-017  -4.7712219934556713E-017  -3.5340026965312895E-017  -1.0256505486943726E-016   1.7791726175371850E-017   2.4165665083628877E-017  -7.3144772021960270E-017  -4.4501878729125974E-030  -4.3263044765442914E-032   5.9066712041146921E-032  -2.0396613935059030E-030   4.1172396190211565E-032  -1.1203818195699346E-030  -7.2867557413441544E-017   3.1437573193041042E-032  -2.9122028539534230E-032   3.2112254063487609E-031   2.1008488514446125E-033   6.9674104807913866E-034   1.5398988181266453E-032   3.7576386686477221E-032   3.0708990949092368E-031  -6.3883929432643424E-032   4.8341605429555384E-031   1.9845060423689785E-017   2.6954612443794385E-017  -8.1586373696673037E-017  -1.1859951594159428E-030   4.8078495037965233E-033   9.0198938059971914E-032  -1.3031102642425569E-030   5.2816062344343806E-032  -1.5417294484212642E-030   1.6520123772262022E-016   9.8671073966803346E-017
   3.7708081109287160E-018   1.2732992804329159E-016   1.3242514405595608E-016   2.1365544392064920E-017   5.7403853963650714E-029   9.8934813871599444E-030  -1.7446132730401459E-030   5.0536323827764830E-029  -4.3158403234979811E-030   5.4961084147907086E-029   3.3511975791099375E-017   1.1316082231013956E-015   1.1768904943397049E-015   8.3642802189232795E-016   2.5852772841092228E-015   5.1375220700451181E-017   1.7348013907224148E-015   1.8042209526482477E-015   1.7768333103370177E-028   3.4633381284472438E-030  -2.0396613935059030E-030   1.3212090726619792E-028  -3.0045674508910041E-030   9.7936111930803373E-029   1.6027837718673127E-015  -1.0291076795544382E-029   3.6289375693440537E-032  -6.9309617471254731E-030  -3.1671696106499609E-030  -9.9554065812232724E-032  -5.1386251267477452E-030   6.8713641350906221E-030  -7.1853798066103204E-030   2.7165198953482623E-030  -1.2939754175869698E-029   5.7304409309744794E-017   1.9350139543875737E-015   2.0124451933479843E-015   7.3307014009096774E-029   5.1789780891880656E-032  -6.4668193670161556E-030   8.0525841880756313E-029  -3.9176678099991685E-030   8.0926786623716276E-029  -1.0136666986329197E-014  -6.5454849935823167E-015
  -4.6422715711589618E-018   2.2649014800863306E-018   2.5085613212453709E-018  -6.4979872078899966E-019  -1.2452939132067550E-030  -2.0088119498684018E-031   9.4414189381226151E-032  -8.9785972425765345E-031   1.1177132275181203E-031  -1.2869288493126620E-030  -4.1256857398104275E-017   2.0128662434405495E-017   2.2294119402233671E-017  -2.2399818787992379E-017  -7.0636459952563461E-017  -6.3248438929608346E-017   3.0858057472298289E-017   3.4177791000786457E-017  -4.1416413813672465E-030  -1.7176975212366124E-031   4.1172396190211565E-032  -3.0045674508910041E-030   1.3688703470448664E-031  -1.9433260518470937E-030  -4.1840381922324806E-017   8.0947891937457245E-031  -5.7388987716237146E-032  -2.8503117444323251E-031   2.8983477353737238E-031   9.6575318429871362E-033   4.1245038975042818E-031   6.5964174356529489E-032  -2.4131478846286396E-031  -1.2650253123384706E-031  -2.8053052249044442E-031  -7.0547909735681382E-017   3.4419370501729923E-017   3.8122232821775953E-017  -2.5089130922421404E-030   1.6061860343333910E-032   2.0746175113044482E-031  -2.7689223264011566E-030   1.2164164652512441E-031  -2.7079819344026015E-030   3.2679218615713538E-016   2.1270057807460279E-016
   4.3857859419997647E-018   1.3227638145253685E-016   1.3475901126523372E-016   4.4500556620966203E-018  -1.1749271687510855E-029   7.7845990314232755E-030  -8.0546122140400294E-032  -2.7910897408984157E-029  -3.5751936418218617E-030  -2.2677829666324397E-029   3.8977414917249253E-017   1.1755684093601003E-015   1.1976320699160482E-015  -5.5226851846419478E-016  -1.3718358492041573E-015   5.9753960977678065E-017   1.8021941426494062E-015   1.8360186308738706E-015   4.2838899289397143E-029   2.2608321058411834E-030  -1.1203818195699346E-030   9.7936111930803373E-029  -1.9433260518470937E-030   9.3914566522829174E-029  -1.3171094693764566E-015  -7.1962948158943883E-030  -2.0566109131103066E-031  -8.7985738826964169E-030  -2.4182431319842196E-030  -2.8968465318911022E-032  -3.2545000426906695E-030   7.5397880834227281E-030  -8.7321672079796212E-030   1.6769177847818676E-030  -1.5047273096068909E-029   6.6650135825384767E-017   2.0101844702176347E-015   2.0479126257657415E-015   4.8729700666488801E-029   2.6997686709413162E-031  -4.8649506927956300E-030   5.3084408205709702E-029  -3.1681213745063666E-030   4.2057602551444871E-029  -6.5344721491588797E-015  -4.6218525224710739E-015
  -7.0904983586621787E-016   2.0902115696376803E-016  -2.7688075302170373E-017   1.5909624803524436E-003   7.5403909577216948E-015   7.3451575586180133E-017  -1.3419844671953050E-016   8.9390514790270218E-015   1.6365140244179837E-017   8.5912399562876856E-015  -4.5479331411201521E-016   2.6254745562728740E-015   3.3056475518426213E-015  0.15516077963419422       0.43673265233440051        4.0918517515790395E-016   3.9250891202730502E-015   2.9358898261617800E-015   1.3226955804655616E-014   1.5396484980957295E-017  -7.2867557413441544E-017   1.6027837718673127E-015  -4.1840381922324806E-017  -1.3171094693764566E-015  0.33041416970666221       -1.2206911235860654E-016  -5.8673017772925735E-018   1.3833902185425826E-016  -3.4981197670557376E-017  -3.9591889471586219E-018  -1.1848262496049131E-016  -8.8774114879065710E-017   1.2472046193995939E-016   3.2012900195619062E-017   2.2133283237851266E-016  -7.1255617662254783E-016   4.3283874972505387E-015   4.6099653783027329E-015   1.1006866005124393E-015  -1.3837919648321225E-017  -3.3874743516478879E-017   1.2532390331429717E-015   7.6738631475746347E-018   2.7166978400266711E-015 -0.18933327552778551       -7.0813419359051014E-002
  -1.3267013917010067E-016   4.5157079296383972E-018   8.4829231787577906E-019  -1.9435836372143586E-018  -4.2185594793232135E-030  -6.1862527044182716E-031  -1.7365980211931481E-032  -2.4754041072985112E-030  -2.0162435246463586E-031  -3.8421191480935686E-030  -1.1790678181631625E-015   4.0132059326748223E-017   7.5389547237654012E-018  -6.5644744186521619E-017  -2.0771624648336467E-016  -1.8075588785486509E-015   6.1524077778248909E-017   1.1557523949011060E-017  -1.2937501676156337E-029   2.4754229205536005E-032   3.1437573193041042E-032  -1.0291076795544382E-029   8.0947891937457245E-031  -7.1962948158943883E-030  -1.2206911235860654E-016   1.4228842258102723E-029  -1.1815512568305560E-031  -5.9202418622147012E-031   6.5492454534431894E-030   8.5104057100512340E-032   7.9844911210826226E-030   1.2521529511183924E-031  -5.2160628580657946E-031  -1.8808651887192053E-031  -4.6035930138064469E-031  -2.0161683476125240E-015   6.8624540923478530E-017   1.2891372026273731E-017  -7.6298630520612345E-030  -1.5788110224359949E-031   6.1524888237743212E-031  -8.2090448807446113E-030   2.4475671202579747E-031  -7.9378505450288862E-030   9.8569929526213488E-016   6.4227385015556532E-016
  -3.7930100109253535E-019  -1.1516569164697762E-017  -3.1956400002615939E-019   1.3661912675918598E-019  -2.3726207072814122E-031   2.1608655185896521E-032  -8.9532005419681931E-032  -4.5116698981626499E-031  -5.5832547483269776E-032  -2.0038479915716917E-031  -3.3709288810781027E-018  -1.0235020602742549E-016  -2.8400334139351964E-018  -1.7433114668224412E-018  -2.1167082273620053E-018  -5.1677709577734597E-018  -1.5690702500417713E-016  -4.3538866328581687E-018  -2.7364162733163312E-031   1.1200262219000861E-031  -2.9122028539534230E-032   3.6289375693440537E-032  -5.7388987716237146E-032  -2.0566109131103066E-031  -5.8673017772925735E-018  -1.1815512568305560E-031   1.1413614707026142E-031   7.9167951880680688E-032  -1.4249641188882944E-032  -4.6022749443388231E-033  -2.7258044418689336E-032  -4.3427224654509239E-031   6.7701089679880699E-032   1.1594153496787579E-031   6.5832358631004717E-032  -5.7641808277578494E-018  -1.7501558653817351E-016  -4.8563665186441975E-018   1.0080884904885311E-030  -2.9928008662238305E-032  -6.8752350708020276E-032   1.1150442560268859E-030  -4.5653316288944002E-032   9.8980484149821767E-031  -1.0799568416136487E-016  -7.3663394142967365E-017
   2.4799607189248428E-018  -3.7786165160339820E-018  -9.5445612085710052E-017   9.7250741654799972E-019  -3.1130687235035433E-031  -1.0042573715181755E-030  -3.3710907820620447E-031  -6.4677629615957850E-031   8.0783559770116240E-032   1.6423070060486265E-030   2.2039939750457859E-017  -3.3581370752373403E-017  -8.4824550798778469E-016   6.6843894184575159E-017   1.9333155881127292E-016   3.3788123265614341E-017  -5.1481605996032697E-017  -1.3003948335567140E-015  -1.7948333361661149E-030   8.1067864449841366E-031   3.2112254063487609E-031  -6.9309617471254731E-030  -2.8503117444323251E-031  -8.7985738826964169E-030   1.3833902185425826E-016  -5.9202418622147012E-031   7.9167951880680688E-032   6.9500956886532637E-030   2.5714653336084191E-031  -4.5056977859294510E-032  -1.5559983197606820E-031  -6.9311382355743797E-031   6.4059468694181252E-030   1.6078450117976907E-031   9.5213718116717175E-030   3.7687593727550113E-017  -5.7423072479281178E-017  -1.4504727530209211E-015   2.5847301363156362E-030  -1.8261356991095796E-031  -1.5194417208902571E-031   3.1270587124700248E-030  -6.1785044622876900E-032   3.3512210296646571E-030  -2.8621937429457377E-016  -1.6888226737425654E-016
  -6.3477693994714520E-017   7.9554269672193361E-019  -6.1960267798662620E-018  -4.8249599376797676E-019  -1.4497452718828923E-030  -2.0189352909153882E-031  -9.2536484804997609E-032  -9.1523755200106167E-031  -1.8841973886620032E-031  -1.1773671572484496E-030  -5.6413980288673844E-016   7.0701575919586261E-018  -5.5065411269771135E-017  -1.8354625405766114E-017  -5.6977984587963919E-017  -8.6484924254755528E-016   1.0838838895621566E-017  -8.4417513147519628E-017  -3.8173780393794312E-030   1.8658164430362521E-031   2.1008488514446125E-033  -3.1671696106499609E-030   2.8983477353737238E-031  -2.4182431319842196E-030  -3.4981197670557376E-017   6.5492454534431894E-030  -1.4249641188882944E-032   2.5714653336084191E-031   3.1050461435706361E-030   3.3546842029541524E-032   3.7181948981766520E-030   4.3294969998636251E-034   2.3204503570263950E-031   9.1485357719323655E-033   4.4088809643715092E-031  -9.6466106248284838E-016   1.2089743889156222E-017  -9.4160096255814255E-017  -1.7887311341192521E-030  -1.0018967108633275E-031   1.3977283757125561E-031  -1.8551928181226285E-030   2.3386435730511002E-032  -1.8136688407477646E-030   2.3216873057126123E-016   1.5021279458729057E-016
  -6.6558761468630389E-019   3.2272635247799737E-019   5.2600535562328509E-019  -4.1313112286912972E-020  -8.5655773381091907E-032  -4.0254006129626752E-033   6.5481051520614334E-033  -7.1092799538576249E-032   2.8270453650829838E-033  -1.0089205541099826E-031  -5.9152190655233868E-018   2.8681379145324769E-018   4.6747217638908699E-018  -1.9957770530342534E-018  -5.9940750698618756E-018  -9.0682712018245067E-018   4.3969719743444688E-018   7.1665384288323727E-018  -2.2238014216865496E-031  -1.0624583692080641E-032   6.9674104807913866E-034  -9.9554065812232724E-032   9.6575318429871362E-033  -2.8968465318911022E-032  -3.9591889471586219E-018   8.5104057100512340E-032  -4.6022749443388231E-033  -4.5056977859294510E-032   3.3546842029541524E-032   9.2805043779070116E-034   4.5305647919526416E-032   1.4534637743635924E-032  -4.0736020563367175E-032  -7.3758573605577749E-033  -5.6680053928767055E-032  -1.0114835860486560E-017   4.9044243179126255E-018   7.9936250562205256E-018  -1.3644565094687330E-031   1.3156012946882092E-033   1.0331358665036192E-032  -1.5127983610885012E-031   5.4151587854292428E-033  -1.5511786508881821E-031   1.7296499005510905E-017   1.0959147930172119E-017
  -7.5699347106457580E-017   9.4166417617192605E-020  -1.8007983282198360E-018  -1.1465315941174348E-018  -3.4750055544016508E-030  -3.0033963086951971E-031  -3.9924891620440809E-032  -2.9147182575578170E-030  -1.7558108441946912E-031  -3.4172052371390258E-030  -6.7275624030777990E-016   8.3687703396574201E-019  -1.6004078755701230E-017  -5.9174393026938383E-017  -1.7630731943898171E-016  -1.0313626549164776E-015   1.2829665009045159E-018  -2.4534903083794772E-017  -8.4959553010416418E-030   1.0990060644011092E-031   1.5398988181266453E-032  -5.1386251267477452E-030   4.1245038975042818E-031  -3.2545000426906695E-030  -1.1848262496049131E-016   7.9844911210826226E-030  -2.7258044418689336E-032  -1.5559983197606820E-031   3.7181948981766520E-030   4.5305647919526416E-032   4.5157204437240292E-030  -3.6234556880068879E-033  -1.3863638221101523E-031  -4.4908366187101506E-032  -6.6954944231845026E-032  -1.1503917047625247E-015   1.4310330251856642E-018  -2.7366464017486596E-017  -3.4457403804578670E-030  -1.0278704502301415E-031   2.6707630774792761E-031  -3.6829475806317168E-030   8.2834723974571994E-032  -3.8559021317430008E-030   4.5695887530587257E-016   2.8715435969344051E-016
  -6.3983797662455049E-019   5.2476007809277875E-017   7.5617297954280814E-018  -2.1440905206894413E-019  -4.0729300316165057E-031   4.6398501558824491E-031   3.1358560357725224E-031  -9.0025107449218745E-031  -7.1206313582726580E-032  -1.3353864065005602E-030  -5.6863765410695816E-018   4.6636547169274153E-016   6.7202705199584638E-017  -4.0380246042090218E-017  -1.1005323048251224E-016  -8.7174463124543648E-018   7.1495721961096831E-016   1.0302447796025681E-016   3.4958093624608887E-030  -2.0366147638078177E-031   3.7576386686477221E-032   6.8713641350906221E-030   6.5964174356529489E-032   7.5397880834227281E-030  -8.8774114879065710E-017   1.2521529511183924E-031  -4.3427224654509239E-031  -6.9311382355743797E-031   4.3294969998636251E-034   1.4534637743635924E-032  -3.6234556880068879E-033   2.1547934762829116E-030  -6.6689538395714147E-031  -2.9509789791968133E-031  -1.0181552482914623E-030  -9.7235224455301434E-018   7.9747007590376678E-016   1.1491448160159122E-016  -2.6474574919258137E-032   1.2076324711558177E-031  -1.1576016678652858E-031  -7.7890032465930071E-032  -7.4605820061955511E-032  -5.0752249508790884E-031  -9.3025662276074014E-017  -7.7785801510463919E-017
   2.7628654636884691E-018  -3.8905855041574735E-018  -8.8188030904404764E-017   7.8309226199958580E-019  -4.6155895973834119E-031  -9.8432971280301497E-031  -2.9576003807899512E-031  -6.8058536878812625E-031   1.0771440687808935E-031   1.3668307741720940E-030   2.4554174545438270E-017  -3.4576463026747862E-017  -7.8374583638035042E-016   5.9688577004850424E-017   1.7109557277900957E-016   3.7642547376267078E-017  -5.3007122889813482E-017  -1.2015142159353115E-015  -2.4773493562355950E-030   7.1254941695204030E-031   3.0708990949092368E-031  -7.1853798066103204E-030  -2.4131478846286396E-031  -8.7321672079796212E-030   1.2472046193995939E-016  -5.2160628580657946E-031   6.7701089679880699E-032   6.4059468694181252E-030   2.3204503570263950E-031  -4.0736020563367175E-032  -1.3863638221101523E-031  -6.6689538395714147E-031   5.9100564056614101E-030   1.2468392646126628E-031   8.8013940398268999E-030   4.1986855003294584E-017  -5.9124648517267964E-017  -1.3401803726140824E-015   1.8646385015954624E-030  -1.6585746379538910E-031  -9.3870722319712774E-032   2.3115964914387107E-030  -2.7792534968806159E-032   2.5568274780969776E-030  -1.9477029421375469E-016  -1.0968743184890927E-016
