   1.7183789466040976E-004   5.7708264886060207E-011   7.5542789010987097E-011  -1.3528575866205524E-011  -7.4731724599104322E-011  -1.0317834199429840E-010   1.7024101641044620E-011  -1.4142359829527834E-017  -1.0150837473333901E-016  -1.5732750589891833E-016   8.7955606706698660E-003   1.8964195215351626E-010   3.1698684576925002E-010  -1.9751784613984379E-010  -2.1134129171161195E-010   1.3543308196405407E-010   2.1707610018565851E-011  -1.6714286049715633E-017  -1.7141912409020974E-016  -1.5000823323801450E-016   1.4745715679346360E-002   2.1399474577528589E-018  -2.1512673801922020E-017   1.1408781840779415E-017  -2.2449535322845085E-018   4.9233346536353274E-018  -3.8578368209975380E-019   3.0185113123796761E-017   9.2793893840033825E-018  -1.8938391932596087E-017  -1.5618045980291685E-017  -3.3319572148386008E-010  -4.2592340277470950E-011   2.7411737053854209E-010   1.9803275395659019E-010  -1.9416921493790570E-010   1.3516810585842668E-010   8.5987363087802471E-017  -8.9129714192898814E-017  -1.0426802037119344E-016  -2.8473008402474303E-009  -1.0641613339650755E-009   2.2893062321256087E-009   1.7886558613074951E-009  -2.1844823503602279E-009   1.0586482490629435E-009   5.7281561449522789E-015   1.6256856524639928E-015  -1.7094091958604757E-015  -5.1821411381110915E-003   1.2928500474830810E-018  -8.1629463840123046E-018   5.9989436925631241E-018  -1.2902212515523840E-018   1.2700041545423341E-018  -8.5520860548726850E-019   1.1568917502968890E-017   5.4604164233731743E-018  -7.6135306828458045E-018  -9.0255892316745164E-018  -1.0242303354277482E-002  -1.4320445020517776E-015  -4.0048829602010817E-016   4.3214137696737424E-016   6.1030686314240057E-003  -1.6151128051824894E-003
   5.7708264886060207E-011   1.1153599209702255E-007   1.3224867740782036E-013   1.1510787501437248E-013  -5.5768007830136512E-008  -7.0483779533368158E-014  -5.5767984280006509E-008  -3.9825068891436035E-017   6.7355506127628464E-017  -4.4373155545411863E-018   3.0302767750021240E-009   6.2789833508908342E-006   6.9147461940437988E-012   8.7139693684916326E-012  -3.1394918092491619E-006  -1.5306358940387047E-012  -3.1394915416811211E-006  -3.2811848466071590E-017   5.8064209991202790E-017  -3.7339875018079246E-018   5.0353935562046725E-009  -2.6538571434841408E-020   6.6273627789683110E-020  -3.0860370184556065E-020   2.0010967916116658E-020   4.5276516527606946E-020   4.9800512755566755E-020   6.3298165002303390E-020  -1.0763212406794076E-019   2.2343163831095563E-019   3.6994686414000689E-020   6.2932211946960389E-005   4.6512083352524321E-011   9.1158544846868311E-011  -3.1466118693510465E-005  -1.2253609110599018E-012  -3.1466093253484714E-005  -7.5092433743763053E-017   2.0517080621688005E-017  -1.5128865533933675E-017   4.3361310740965513E-004   3.6119319402239265E-010   6.3959744781354405E-010  -2.1680663745299986E-004  -8.4749281700936378E-012  -2.1680646995673664E-004  -2.7987410620512801E-015  -8.3456556135560292E-016  -6.8577670712927075E-016  -2.0738895784927309E-009   2.3846743447878851E-020   4.1824026961542146E-020  -6.2172669021570372E-020   5.3709501221778225E-020   9.4269181874389829E-020   2.4565072763094584E-020   3.2959663355651721E-020  -6.9756360420601275E-020   9.0032361642924051E-020  -6.1342596820820842E-020  -4.1687098518951627E-009   7.0170539141511269E-016   2.0686515320309879E-016   1.7177292076393632E-016   2.7208321254271468E-009  -7.4600121426266303E-010
   7.5542789010987097E-011   1.3224867740782036E-013   1.1153577946584977E-007   8.6845304877388839E-015  -5.5122796541011731E-014  -5.5328360252969640E-016  -7.7126673623398196E-014   9.9477922347546497E-018   1.2348980215547788E-017   1.7830291107961130E-017   3.9542487772637573E-009   3.6799173013842936E-012   6.2789750955334896E-006   2.1852852564587320E-012   7.9293720630763778E-012   6.9322789428835520E-013  -1.1609291923014579E-011   1.0099613492718594E-017   1.0123138100397512E-017   1.5635600025431240E-017   6.5339077540878450E-009  -3.3057382399734385E-019  -1.9502985898252625E-019   1.6324791921524246E-019  -2.7362081385196034E-019  -6.5093763180056520E-020  -1.8600387332812434E-019   1.1199941761727684E-019   1.6859355335726865E-019   5.0624933251614273E-020   1.5138745001870397E-020   1.6825189101748282E-011   6.2932157102999080E-005   1.5302782258424253E-011   7.5091268275043245E-011   2.2534094613262921E-011  -9.1916458301120408E-011   1.2361806294647928E-017   3.8353964814946911E-017  -4.7286625065229248E-017   1.5913179812094188E-010   4.3361269144050581E-004   1.0083483979296360E-010   4.9268732816277497E-010   1.2832488533465026E-010  -6.5181912650163862E-010   3.3684451310827249E-016   1.6729037961332755E-015  -2.9772149688922393E-015  -2.8222514846212780E-009  -2.3861583268987414E-019   2.5034699284511740E-020  -1.4443564325529374E-019  -1.3981176395049576E-019   2.0334830481523405E-020  -1.7006135982287126E-019   9.6913766272631944E-020   1.3991189589021160E-021   4.5065133662781291E-020  -1.1731667408710589E-020  -5.7005904476265858E-009  -8.4645011724995452E-017  -4.1907962663853521E-016   7.4465319495602278E-016   3.8053806543188206E-009  -1.0518595577455077E-009
  -1.3528575866205524E-011   1.1510787501437248E-013   8.6845304877388839E-015   1.1153592236571686E-007  -2.9888774778181054E-013   7.8930935347988192E-015   1.8377976921670434E-013  -1.6435158496989996E-017   1.5665407072371867E-016  -3.1168677855434766E-017  -7.4559392086699033E-010  -2.8210925417356501E-012  -8.0440555983473512E-014   6.2789817416111750E-006   7.6734980419715496E-013  -1.2367321587595847E-012   2.0537437333430259E-012  -1.3645684116364250E-017   1.3626093059363381E-016  -2.6165773550077198E-017  -1.2146962158941708E-009  -4.0177896734399106E-020  -6.3327137199830731E-020   8.8441624781940128E-020   1.5827277313189945E-019   5.5681227044084985E-021   1.0482764367366193E-019   6.0537431684205340E-020   1.5068401333410951E-019  -4.0412276875476763E-020  -1.7140690121777858E-020  -2.9146710092767554E-011  -9.1093358416616487E-012   6.2932193641621103E-005   1.0115300154428629E-011  -3.9615600291233118E-011   1.9031409576718304E-011  -2.7451765238205161E-018  -2.1343897461382479E-017  -6.4283883311264330E-017  -1.9002828303289973E-010  -6.8353454596443575E-011   4.3361297092586439E-004   5.1614214538810393E-011  -2.6086705838658503E-010   1.3841406583586924E-010   3.3007627240197675E-016  -5.5710025590250448E-015  -2.4900417416504234E-015   5.7387881923779743E-010   1.9278822329737717E-020   4.7665982283991783E-020  -3.4094169550018544E-020   1.2993351594440526E-020  -1.0616991427676789E-019   8.5656590954619693E-020   5.2291076375110333E-020   2.1753174283341142E-020  -9.0711062308916387E-020   3.2434838015522347E-020   1.1628253444608704E-009  -8.2122014433280229E-017   1.3896901851604960E-015   6.2417718969288070E-016  -8.0577761185973186E-010   2.2556887988520093E-010
  -7.4731724599104322E-011  -5.5768007830136512E-008  -5.5122796541011731E-014  -2.9888774778181054E-013   1.1153629168670796E-007   1.6485440821417052E-013  -5.5768283854201726E-008   1.5701320181014804E-017   4.1442211998736146E-017   5.0330471864746538E-017  -3.9051317351293124E-009  -3.1394900653190121E-006  -8.5518423594775941E-012  -1.6587750349075884E-011   6.2789898451306132E-006   4.8062465939445222E-012  -3.1394997798100374E-006   1.3243533338099467E-017   3.6587752081696649E-017   4.1860637639186174E-017  -6.4807650517102048E-009  -5.6182614743830169E-020   6.9404855059624846E-020   2.3714802201002857E-019   2.2264301535011249E-019  -2.4320307109125556E-020  -1.9794230275425303E-019  -1.7644453003323170E-019   8.1417826331722927E-020   5.4867969145936584E-020   3.1115088303767770E-019  -3.1466101001855595E-005  -9.9334479770996219E-011  -1.7357898766772663E-010   6.2932300515236326E-005   3.4775849892621523E-011  -3.1466199513357902E-005   9.6129839430335635E-018  -1.5018733883432896E-018   5.7870996480079847E-017  -2.1680651561492502E-004  -7.1197477130466020E-010  -1.2172099978513698E-009   4.3361368769120298E-004   2.6260287375875298E-010  -2.1680717207618638E-004   4.5672035795312248E-017  -1.2703406270795718E-015   1.6333946014825716E-015   2.7060643409126126E-009   5.3679794979483896E-020   8.6667771457678204E-020   1.6094389925140669E-019   3.2285115373559405E-020  -6.8231747119357987E-020   2.5130947642190097E-020   8.1808394809329164E-021  -2.8330479792191789E-020   3.7150786930786565E-020   2.4702359495947813E-019   5.4502561899059751E-009  -1.1911909064869777E-017   3.1670262601007636E-016  -4.1031502175208146E-016  -3.5814543242461734E-009   9.8442018141249152E-010
  -1.0317834199429840E-010  -7.0483779533368158E-014  -5.5328360252969640E-016   7.8930935347988192E-015   1.6485440821417052E-013   1.1153608569449448E-007  -9.4370940315721459E-014  -1.4518384113073901E-017   5.2171439708229864E-017   2.7674898590316243E-017  -5.2746351173381908E-009  -5.4535653851830929E-012  -2.9561237182458040E-012   6.1310686814623991E-012   6.4724808352401159E-012   6.2789841802691398E-006  -1.0189165632562292E-012  -1.1943786784604948E-017   4.5429429993567940E-017   2.4185802609314076E-017  -8.8583134836308663E-009  -4.1764668102026487E-019   6.0987615844447619E-020  -1.2551208952900032E-019  -1.6670691404925319E-019   5.9914729186477534E-020  -3.2735433561263190E-019   2.4687652405082568E-019  -3.1193731147550001E-020   2.7112307751900703E-019   4.5462186811450923E-019  -3.8674213147140228E-011  -1.5560901283145163E-011   4.0320971636788717E-011   5.2080655885393532E-011   6.2932239228494883E-005  -1.3406443589746104E-011  -5.2153649078852239E-017   4.0366714005017268E-017  -1.4181460466421217E-017  -2.6441073354222283E-010  -1.3429784181789050E-010   2.9260588857680017E-010   3.8145026359437783E-010   4.3361328922621932E-004  -1.1703953174583599E-010  -2.3856674519472050E-015   6.7396728461279539E-016  -1.5103257732376544E-015   3.4324950302335580E-009  -3.2993158192187159E-019  -6.0678024369618962E-020   6.4561984110928463E-020  -1.6817298756975755E-019  -2.8845379291662159E-020  -1.8574529971287329E-019   4.9915885438746966E-020  -5.7056483448107917E-020   1.5142714515380355E-019  -7.4774431047236565E-020   6.8814852663818651E-009   5.9751553462725623E-016  -1.7025500140001831E-016   3.7720002982811879E-016  -4.3560901616070290E-009   1.1810318078677616E-009
   1.7024101641044620E-011  -5.5767984280006509E-008  -7.7126673623398196E-014   1.8377976921670434E-013  -5.5768283854201726E-008  -9.4370940315721459E-014   1.1153626814495899E-007   1.3065527289566440E-017   2.2414691664915032E-017   4.8191911838261005E-017   8.7488937646114297E-010  -3.1394932863104589E-006   1.6370515211769607E-012   7.8737751531913622E-012  -3.1394980357480296E-006  -3.2756282207032499E-012   6.2789913220963737E-006   1.0159534148646340E-017   1.8416876904962660E-017   4.2898864579182846E-017   1.4454284728296722E-009   8.2719553507342563E-020  -1.3567767458024108E-019  -2.0628917389821996E-019  -2.4265185008965392E-019  -2.0956855780564140E-020   1.4814184727616269E-019   1.1314679415878813E-019   2.6211556967798991E-020  -2.7830099152573658E-019  -3.4814239212693833E-019  -3.1466110952507917E-005   5.2821948955140676E-011   8.2420384423350676E-011  -3.1466181820388620E-005  -3.3550664594219292E-011   6.2932292772908483E-005   4.5941469959714538E-017   4.5530637271225388E-017   9.3810195793440906E-018  -2.1680659184573881E-004   3.5077849417997953E-010   5.7761214767076496E-010  -2.1680705022898925E-004  -2.5412915559268762E-010   4.3361364207471784E-004   2.0395413078400848E-015   1.7648520615925862E-015  -8.8396220553680295E-016  -6.3221080543769590E-010  -7.7527055755883004E-020  -1.2849279867812789E-019  -9.8771717925380961E-020  -8.5993965472303183E-020  -2.6037463160294076E-020  -4.9695977468001172E-020  -4.1139166848650851E-020   9.8086448043549915E-020  -1.2718394077211374E-019  -1.8568034231217682E-019  -1.2816219041514997E-009  -5.1086911071884025E-016  -4.4239405424684790E-016   2.1978420430869883E-016   8.6067988227423409E-010  -2.3843562561774712E-010
  -1.4142359829527834E-017  -3.9825068891436035E-017   9.9477922347546497E-018  -1.6435158496989996E-017   1.5701320181014804E-017  -1.4518384113073901E-017   1.3065527289566440E-017  0.16397936835754715       -4.8290434865293135E-008   2.0291298413081619E-008   1.6360591932502974E-015  -3.2941811391738778E-016  -1.9978455811720166E-017  -6.3909206367771874E-017  -3.2856445863804855E-016   4.5273346394873000E-017  -2.6026676563576975E-016  0.14125530677615364        6.9131153420507959E-009   3.3470962900323919E-009   2.9004995460076031E-016  -3.1285126575754411E-010  -1.7566921658899546E-009  -9.5353068661332000E-010   6.7004866775217634E-010   1.8856316169441725E-010  -2.5030514879417161E-010   7.7787159701538241E-013   3.3473340638107375E-012   1.7556449988714900E-009   7.0822416967622148E-010  -3.2439674184911412E-016  -3.9266895510935640E-016  -1.0186538187899335E-016  -1.2841217398411716E-016  -3.8381686247298730E-017   4.1510990571326522E-017   8.6479979582981620E-002  -9.0313413612658430E-009   5.3736631831977027E-009  -1.2899045771445321E-015  -2.6822311871795840E-015  -8.6677102067249376E-016   2.6130109394204336E-018  -8.3029035337848841E-017   1.3949654412343359E-015 -0.11882647509713697        8.2108406527165963E-009  -6.2200047035428107E-009  -5.3507090524636902E-016  -3.1093252313999145E-010  -1.1478412676074687E-009  -1.6838406657701491E-010   5.2061268787699858E-010  -2.3998352026462209E-011  -1.0344853851705269E-010   5.6593479891223455E-010   1.9508071211880349E-010   3.8855893292426094E-010  -1.9898771754896567E-011  -4.4834453425789851E-016   2.4817649432709966E-002  -1.6749397781977640E-009   1.2774360339442379E-009   3.6726566823676935E-016  -1.0323822954411063E-016
  -1.0150837473333901E-016   6.7355506127628464E-017   1.2348980215547788E-017   1.5665407072371867E-016   4.1442211998736146E-017   5.2171439708229864E-017   2.2414691664915032E-017  -4.8290434865293135E-008  0.16397942685272940       -2.5878202667624996E-008   3.2853994579216467E-015  -1.0084722898741539E-016   7.1930838252544500E-017  -8.6234700962432666E-017  -2.1087608366551370E-017  -1.1921050800103906E-016   7.4028864724303072E-017  -4.5510339058229898E-009  0.14125530616221044        4.6574307339046493E-009   4.9083548955371599E-015  -2.2465393341826314E-009   4.3672399315512774E-010  -1.6692153570379264E-009   2.6686452101684060E-009   1.4944516929821081E-009   3.4540401283184760E-010   1.4268960023992288E-009  -1.9842579276638199E-009  -2.3511141830616152E-009   2.7231372743818663E-009   2.4569306980406953E-017  -2.7225745446861756E-017   7.4511236745735010E-017  -1.7272164424112890E-016  -1.7632277928873142E-016   2.8416941485716233E-016  -1.2688471931507089E-008   8.6479991496737338E-002  -5.7711822750870010E-009  -3.9395133752298275E-016  -3.4121742667014049E-016   5.7390384553218333E-016  -1.2189990105053274E-015  -1.4794507203922405E-015   1.8349795822360319E-015   1.4149106352595693E-008 -0.11882648790597374        4.6646445481079757E-009  -3.9023335661792964E-015  -3.0586496713039814E-010  -4.9849156680515058E-011  -2.6333774947494953E-010   2.0612946196023859E-010   5.0379290300127138E-010   2.0423205142324741E-010   6.2568378156379946E-010  -6.5671431208464948E-010  -7.8959375587000172E-010   6.8576560598077902E-010  -8.0954224660366828E-015  -2.9152530253735159E-009   2.4817652060945810E-002  -9.4598360264092670E-010   6.4908538762159552E-015  -1.9000906390467933E-015
  -1.5732750589891833E-016  -4.4373155545411863E-018   1.7830291107961130E-017  -3.1168677855434766E-017   5.0330471864746538E-017   2.7674898590316243E-017   4.8191911838261005E-017   2.0291298413081619E-008  -2.5878202667624996E-008  0.16397938282679919       -1.5834036484043154E-016   1.3757520970506456E-016  -5.0403771846414493E-017  -1.6578032513219459E-017   1.0443821889174043E-016  -9.0729501175581106E-017   9.4616276043946193E-017  -3.8293250253060185E-009  -2.0771417621720362E-009  0.14125530717631013        5.7230866925288834E-016  -1.3197554073291418E-010  -6.4824316885162566E-010  -6.7576039275090796E-010   6.3715489188490296E-010  -2.7796833133948983E-009  -4.6009161250698782E-010  -2.7692370331523391E-010  -1.7381384726745584E-009   1.0197747561300636E-009   1.7992298567335341E-009  -4.0290344799183695E-017  -9.0914653139784210E-017  -8.6595522091393517E-017   2.7450767302212250E-016   2.0490125843907493E-017  -2.6692316828589891E-016   2.9826571554806366E-009  -7.8732017365989935E-009   8.6479981692148961E-002  -2.6300411941316704E-016  -6.5545152805260086E-016  -6.6119847036379174E-016   1.7486291225739900E-015  -8.3793807711463256E-017  -1.8227721256218222E-015  -2.4406620284514065E-009   8.1171558609146581E-009 -0.11882647771000072       -1.7044714556600776E-016  -1.8543741101645701E-010  -8.8779341366355867E-011  -1.7883687821468932E-010   3.0538645469276475E-010  -8.6550876436842788E-010  -5.6596235549145119E-011  -1.3934193087697109E-010  -1.1856522276481303E-010   2.7572568814873155E-010   2.2167823034110225E-010  -1.1064600679368067E-015   4.8876041316630433E-010  -1.6671245878131118E-009   2.4817649965695885E-002   8.0410146396774703E-016  -2.3501953778345168E-016
   8.7955606706698660E-003   3.0302767750021240E-009   3.9542487772637573E-009  -7.4559392086699033E-010  -3.9051317351293124E-009  -5.2746351173381908E-009   8.7488937646114297E-010   1.6360591932502974E-015   3.2853994579216467E-015  -1.5834036484043154E-016  0.45382704294673787        1.2439772163938712E-008   1.8381953783174915E-008  -1.2382326522326013E-008  -1.3057413177968531E-008   9.1181464654557412E-009   6.1808364436237920E-010   1.2734414714845971E-015  -1.6716567359314164E-015  -1.0255249766038182E-015  0.75916168011000695        1.1519876020424280E-016  -1.2299302085254052E-015   6.4213758962801921E-016  -1.2180581842099611E-016   2.6746622425350623E-016  -2.3086364002893566E-017   1.7138555585489967E-015   5.2617228396652922E-016  -1.0702554620078336E-015  -8.7836049002817599E-016   9.7875402265367386E-009   1.9174989887550025E-008  -8.2532212851072886E-009  -1.2001823490929626E-008   1.1705181298087656E-008   2.2145458123903974E-009  -2.1230790869074518E-016  -1.8973212344742502E-015   7.4542263539713497E-016   3.8580525685032143E-008   9.1020253756507778E-008  -3.5721908573318582E-008  -5.9992016955702196E-008   3.6562218468196750E-008   2.1411595344266278E-008  -1.3613022128052487E-014  -1.4692181673016346E-015   3.5327794125486880E-015 -0.30403348423530546        8.0256670150341202E-017  -4.9353469310622777E-016   3.6505799459298009E-016  -7.6724317553178079E-017   7.1099881990767146E-017  -5.3706109209480397E-017   7.0026030699287515E-016   3.3501725815770639E-016  -4.5689617976049777E-016  -5.4549770009046589E-016 -0.61097258189773529        3.4516446818831026E-015   4.6878949610297789E-016  -9.0977114514739923E-016  0.39347959172583230      -0.10736875240067853     
   1.8964195215351626E-010   6.2789833508908342E-006   3.6799173013842936E-012  -2.8210925417356501E-012  -3.1394900653190121E-006  -5.4535653851830929E-012  -3.1394932863104589E-006  -3.2941811391738778E-016  -1.0084722898741539E-016   1.3757520970506456E-016   1.2439772163938712E-008   3.5347900875556568E-004   1.7738230621172072E-010  -3.3066717479055312E-011  -1.7673938397523445E-004  -1.6990952399639493E-010  -1.7673962478255214E-004  -2.2589434045041785E-016  -9.1992272611789160E-017   1.1692766868089621E-016   1.9057682435608460E-008  -1.4940351682382384E-018   3.7311743931790922E-018  -1.7375317805399107E-018   1.1266173229245817E-018   2.5487609326415258E-018   2.8035249682774650E-018   3.5628405603371128E-018  -6.0593390236755007E-018   1.2578706807738582E-017   2.0828919356312497E-018   3.5428053643275443E-003   4.9480298371917549E-010  -1.1633681139927548E-010  -1.7714021160138448E-003  -9.0826710686352194E-010  -1.7714032483156581E-003  -1.4350019531473389E-016  -1.5633291551955395E-017   1.2102116363977693E-016   2.4410501322738771E-002   5.7014999233621818E-009  -1.5416775321169355E-010  -1.2205246541242559E-002  -6.2598921911915016E-009  -1.2205254781500795E-002   2.9490216186279394E-015   2.2846186538922297E-015   1.5654045041306786E-015  -7.6774663567876129E-009   1.3425143933341232E-018   2.3548952166713918E-018  -3.5001260467252113E-018   3.0235307175870371E-018   5.3069265207577284E-018   1.3829517968524344E-018   1.8550189006877662E-018  -3.9271370060762328E-018   5.0686583364613999E-018  -3.4531184506005151E-018  -1.4736871383897652E-008  -7.2828710477841417E-016  -5.6878573336793681E-016  -3.9632110649858427E-016   9.3545277609520476E-009  -2.5326013407793947E-009
   3.1698684576925002E-010   6.9147461940437988E-012   6.2789750955334896E-006  -8.0440555983473512E-014  -8.5518423594775941E-012  -2.9561237182458040E-012   1.6370515211769607E-012  -1.9978455811720166E-017   7.1930838252544500E-017  -5.0403771846414493E-017   1.8381953783174915E-008   1.7738230621172072E-010   3.5347875318112408E-004   9.0956828415383924E-011   1.3956020783194135E-010  -1.2577473837649426E-010  -3.1694265828178726E-010   7.2043435209129842E-017   4.8587438983391978E-017  -5.5560672935804764E-017   2.6731564592008887E-008  -1.8609876599460592E-017  -1.0978722087291616E-017   9.1898587852687250E-018  -1.5403601285438377E-017  -3.6647190894706450E-018  -1.0471199597482198E-017   6.3041536663459400E-018   9.4908678229423742E-018   2.8505727268556252E-018   8.5257004664118696E-019   6.4875202929128634E-010   3.5428043732908501E-003   5.4004989175282192E-010   1.1520108577209217E-009  -3.8313477151233297E-010  -1.8007629391654233E-009   2.6785846775838763E-017   4.1972687019063225E-018   2.6251970127631948E-017   6.9021880765356587E-009   2.4410492350307293E-002   3.4618481359316284E-009   6.5468251871903062E-009  -4.1563707570122963E-009  -1.3449013276022455E-008   2.6020965497149284E-016  -1.5129688857903138E-015   3.9489187657941799E-015  -1.0513824465402310E-008  -1.3433030301840209E-017   1.4095657613842893E-018  -8.1312959291479351E-018  -7.8708261131068513E-018   1.1448403072379208E-018  -9.5736459056540711E-018   5.4555795479942663E-018   7.8543193865148969E-020   2.5370536604954176E-018  -6.6013092058414435E-019  -1.9978471352643384E-008  -6.6547518358506459E-017   3.7711357997759416E-016  -9.8648467664713383E-016   1.2394898548365639E-008  -3.3245919725697986E-009
  -1.9751784613984379E-010   8.7139693684916326E-012   2.1852852564587320E-012   6.2789817416111750E-006  -1.6587750349075884E-011   6.1310686814623991E-012   7.8737751531913622E-012  -6.3909206367771874E-017  -8.6234700962432666E-017  -1.6578032513219459E-017  -1.2382326522326013E-008  -3.3066717479055312E-011   9.0956828415383924E-011   3.5347904850312114E-004   5.6627932145140947E-011   2.5053439900501874E-010  -2.3561158576883139E-011  -2.2918705111533497E-017  -5.1054036608800754E-017   5.4342664506737192E-019  -1.9104914367298024E-008  -2.2618542266912440E-018  -3.5650957269975515E-018   4.9790294969787687E-018   8.9100545444812271E-018   3.1351987121598680E-019   5.9012950160165554E-018   3.4080577757703307E-018   8.4828363017584201E-018  -2.2750242270229589E-018  -9.6502494714603970E-019  -3.8050345361258352E-010   4.4419207080526484E-010   3.5428056401683246E-003   7.0405356421551754E-010   9.7864169899550264E-010  -3.2355013094441547E-010  -8.8910071227930345E-017   5.8777888451354482E-017   6.9364489148669902E-017  -2.0138932352685897E-009   2.7459340978899316E-009   2.4410502640264495E-002   3.8331168768721239E-009   7.4236565426212773E-009  -1.8192237912518634E-009  -2.5003212929557203E-015   6.4183808895400710E-015   4.4715826971934556E-015   7.6049113308850074E-009   1.0854175189073286E-018   2.6833062315576125E-018  -1.9193184641966731E-018   7.3135148895873896E-019  -5.9769723608520640E-018   4.8220192073784035E-018   2.9436356791747434E-018   1.2248995969370153E-018  -5.1063735400790504E-018   1.8256909600249721E-018   1.4644233407591278E-008   6.2778505791176971E-016  -1.6038435729147365E-015  -1.1189062576622416E-015  -9.2471140229394422E-009   2.4989910415802607E-009
  -2.1134129171161195E-010  -3.1394918092491619E-006   7.9293720630763778E-012   7.6734980419715496E-013   6.2789898451306132E-006   6.4724808352401159E-012  -3.1394980357480296E-006  -3.2856445863804855E-016  -2.1087608366551370E-017   1.0443821889174043E-016  -1.3057413177968531E-008  -1.7673938397523445E-004   1.3956020783194135E-010   5.6627932145140947E-011   3.5347879053558611E-004   1.1262684678404489E-010  -1.7673940656026346E-004  -2.9852955348317162E-016   2.0500569041119262E-017   2.1345856008211863E-017  -1.9212494976777615E-008  -3.1627685428820765E-018   3.9065897836622437E-018   1.3350726519014971E-017   1.2533668640652506E-017  -1.3689136016346021E-018  -1.1143235650372379E-017  -9.9321713331044864E-018   4.5837814200620459E-018   3.0882180733839867E-018   1.7515905650143068E-017  -1.7714021040463272E-003   6.3182938448221216E-010   1.5523145683418464E-010   3.5428044989338600E-003   3.7467063834113893E-010  -1.7714023948862468E-003  -1.4198812996328524E-016   4.0243430782865301E-018  -2.8862080837200253E-018  -1.2205246462179284E-002   2.8027703556459704E-009  -1.2516690110832435E-010   2.4410493672960498E-002   3.8758459481943813E-009  -1.2205247210776057E-002   1.1484583572966989E-015   2.1234879493579657E-016  -1.9640498939239528E-015   7.6316301706779061E-009   3.0219485217948716E-018   4.8787785410920429E-018   9.0605810856597319E-018   1.8174912730576140E-018  -3.8411825537816346E-018   1.4147063624961687E-018   4.6082390274079417E-019  -1.5946434308307729E-018   2.0912743637322477E-018   1.3905997318014535E-017   1.4535397767595251E-008  -2.7809086264183703E-016  -5.3229002883892206E-017   4.8995120704575415E-016  -9.0903878469631844E-009   2.4461620776151385E-009
   1.3543308196405407E-010  -1.5306358940387047E-012   6.9322789428835520E-013  -1.2367321587595847E-012   4.8062465939445222E-012   6.2789841802691398E-006  -3.2756282207032499E-012   4.5273346394873000E-017  -1.1921050800103906E-016  -9.0729501175581106E-017   9.1181464654557412E-009  -1.6990952399639493E-010  -1.2577473837649426E-010   2.5053439900501874E-010   1.1262684678404489E-010   3.5347880565861627E-004   5.7282614839770720E-011   4.7515987642538187E-017  -6.8664318074023157E-017  -7.2293343314401302E-017   1.3578458546346939E-008  -2.3511560431291114E-017   3.4323581694348540E-018  -7.0653402122062869E-018  -9.3849276449740496E-018   3.3730709071006823E-018  -1.8428631291907177E-017   1.3899205094880923E-017  -1.7556095833092214E-018   1.5262444936741467E-017   2.5592493189361785E-017  -8.0313525813989544E-010  -4.6878006184433025E-010   1.3216496387951977E-009   4.0882992873798845E-010   3.5428043965267724E-003   3.9430528164330127E-010   2.3197559713698823E-016  -1.0834048266352534E-016  -7.2507247958228034E-017  -5.4177348285560655E-009  -4.7545204863415776E-009   9.9388863738430062E-009   4.0895450453155656E-009   2.4410494307750056E-002   1.3281896879722999E-009   7.8994492569291991E-015  -3.2707430032754917E-016   1.5523099306539673E-016  -5.4511100694008345E-009  -1.8573570647367889E-017  -3.4160314521150119E-018   3.6348182214770199E-018  -9.4675634111992026E-018  -1.6237491035313230E-018  -1.0456625669696574E-017   2.8103776019173260E-018  -3.2119023123846337E-018   8.5243399013389083E-018  -4.2097885930216991E-018  -1.0338701914913357E-008  -1.9808423701912341E-015   8.5566085593382177E-017  -3.5887387232271435E-017   6.5113713591046964E-009  -1.7561995153920956E-009
   2.1707610018565851E-011  -3.1394915416811211E-006  -1.1609291923014579E-011   2.0537437333430259E-012  -3.1394997798100374E-006  -1.0189165632562292E-012   6.2789913220963737E-006  -2.6026676563576975E-016   7.4028864724303072E-017   9.4616276043946193E-017   6.1808364436237920E-010  -1.7673962478255214E-004  -3.1694265828178726E-010  -2.3561158576883139E-011  -1.7673940656026346E-004   5.7282614839770720E-011   3.5347903134494831E-004  -2.6630215606173116E-016   3.0355021674123810E-017   1.5156564064363680E-016   1.5554567519372034E-010   4.6568063432343443E-018  -7.6377541471044740E-018  -1.1613189917710561E-017  -1.3660289815855401E-017  -1.1798553884440031E-018   8.3397110029682583E-018   6.3693282170940480E-018   1.4755543031519060E-018  -1.5666931482235158E-017  -1.9598798718976850E-017  -1.7714032603034766E-003  -1.1266338139967681E-009  -3.8894083159757624E-011  -1.7714023829191309E-003   5.3359584330163431E-010   3.5428056432232806E-003  -2.3081984773962922E-016  -2.8974831909612879E-017   7.5899581293808157E-017  -1.2205254860712861E-002  -8.5042802408292161E-009   2.7933852850959725E-010  -1.2205247131711847E-002   2.3840419350761110E-009   2.4410501992424134E-002  -5.1187248866474591E-015  -3.2686993846068224E-015   1.0234199338332796E-015   4.5380186839733537E-011  -4.3644617809849695E-018  -7.2336697911135669E-018  -5.5604548490517410E-018  -4.8410238033082604E-018  -1.4657452800317593E-018  -2.7976578683877641E-018  -2.3158439566681899E-018   5.5217796153155016E-018  -7.1599351197466462E-018  -1.0452878396531187E-017   2.0051875558597535E-010   1.2895636860608431E-015   8.1661380061683615E-016  -2.6011633696009215E-016  -2.6341423574920040E-010   8.6229970028024043E-011
  -1.6714286049715633E-017  -3.2811848466071590E-017   1.0099613492718594E-017  -1.3645684116364250E-017   1.3243533338099467E-017  -1.1943786784604948E-017   1.0159534148646340E-017  0.14125530677615364       -4.5510339058229898E-009  -3.8293250253060185E-009   1.2734414714845971E-015  -2.2589434045041785E-016   7.2043435209129842E-017  -2.2918705111533497E-017  -2.9852955348317162E-016   4.7515987642538187E-017  -2.6630215606173116E-016  0.12168038401904166        3.7865513709412265E-008  -1.5471182529138473E-008  -4.9715819099635687E-018  -2.6940364019414570E-010  -1.5128314612853875E-009  -8.2131985125752770E-010   5.7703069437373930E-010   1.6240728949391602E-010  -2.1557960415644358E-010   4.1870041136555436E-013   2.7430114174409647E-012   1.5122666637417614E-009   6.1013056188546727E-010   3.0578880158004767E-016   5.5661426770426607E-016   2.2997416905895644E-016  -2.6443021300652779E-016   6.6205986975424141E-017  -3.9560600992168067E-016   7.4487958288706288E-002   1.1935067732168418E-008  -6.6859656337457348E-009   2.9152556967160462E-015   3.8561989614825000E-015   1.4439209838917871E-015  -1.0576262477245890E-015   6.0503211559186124E-016  -1.7649821416623415E-015 -0.10276662740731331       -1.0582321649213446E-008   6.0648404831298918E-009  -8.4740181351152695E-016  -2.6794363797967235E-010  -9.8933560799229069E-010  -1.4515019523730245E-010   4.4868768562316526E-010  -2.0716149491598004E-011  -8.9199781610105255E-011   4.8794300666630677E-010   1.6826803896067270E-010   3.3469039893771706E-010  -1.7231253256906014E-011  -1.2903177743839841E-015   2.1480314938478004E-002   1.8636689878864740E-009  -1.1187877507682706E-009   1.2333528138998687E-015  -3.7369077664131393E-016
  -1.7141912409020974E-016   5.8064209991202790E-017   1.0123138100397512E-017   1.3626093059363381E-016   3.6587752081696649E-017   4.5429429993567940E-017   1.8416876904962660E-017   6.9131153420507959E-009  0.14125530616221044       -2.0771417621720362E-009  -1.6716567359314164E-015  -9.1992272611789160E-017   4.8587438983391978E-017  -5.1054036608800754E-017   2.0500569041119262E-017  -6.8664318074023157E-017   3.0355021674123810E-017   3.7865513709412265E-008  0.12168033955878529        2.1424240757860959E-008  -3.2200862176315182E-015  -1.9350917210822016E-009   3.7613898907524517E-010  -1.4379075784488178E-009   2.2986954122328458E-009   1.2871031516099232E-009   2.9750293077352521E-010   1.2290653994629500E-009  -1.7091172802212175E-009  -2.0251104314896922E-009   2.3456530332510073E-009  -2.6403826576433955E-017  -1.5982423679201373E-016   3.0743981623414015E-016   2.3914476633671322E-016   1.8854000197999295E-016  -9.5606240776778318E-017   1.4829271543919355E-008   7.4487941440344305E-002   5.7660935639501216E-009  -6.6822542177943852E-016  -1.2342650557335591E-015   2.1702758657837725E-015   1.6223878244568587E-015   1.0708900407796272E-015  -7.6303882558833541E-016  -1.3853525403756262E-008 -0.10276661256821341       -6.6425558722078425E-009   1.4774387716836024E-015  -2.6356210149646456E-010  -4.2932578952128554E-011  -2.2684608942377068E-010   1.7760447981631815E-010   4.3411413148848789E-010   1.7600170023363469E-010   5.3924039461453858E-010  -5.6599882194791783E-010  -6.8053436823423890E-010   5.9095109254151451E-010   3.1875880993047837E-015   2.5500985805303274E-009   2.1480312258256595E-002   1.2464000606136222E-009  -2.2177660183871799E-015   6.2282283855592682E-016
  -1.5000823323801450E-016  -3.7339875018079246E-018   1.5635600025431240E-017  -2.6165773550077198E-017   4.1860637639186174E-017   2.4185802609314076E-017   4.2898864579182846E-017   3.3470962900323919E-009   4.6574307339046493E-009  0.14125530717631013       -1.0255249766038182E-015   1.1692766868089621E-016  -5.5560672935804764E-017   5.4342664506737192E-019   2.1345856008211863E-017  -7.2293343314401302E-017   1.5156564064363680E-016  -1.5471182529138473E-008   2.1424240757860959E-008  0.12168037397230186       -9.3461816754171331E-016  -1.1362151118451326E-010  -5.5842751148458507E-010  -5.8216217731808077E-010   5.4871288665040119E-010  -2.3943559863288303E-009  -3.9627405401463969E-010  -2.3838769492289789E-010  -1.4972516754017969E-009   8.7825769426975492E-010   1.5499172383630907E-009  -4.7923633870781923E-017  -1.9325407172269664E-016   8.1837281982207329E-017  -4.5455599691258939E-016   7.6599939786175111E-017   4.7413714907463221E-016  -4.9604313773104677E-009   7.5068138990649278E-009   7.4487953701000073E-002  -3.1738896694804497E-016  -1.3594427639036833E-015   5.0379781558421532E-016  -3.2539894322825146E-015   3.3347305428641138E-016   3.2801935060975938E-015   4.1454083179511522E-009  -8.5637418191768526E-009 -0.10276662312441173        1.7123537796150225E-015  -1.5986291681945374E-010  -7.6482881872070806E-011  -1.5403329193713319E-010   2.6328119591771656E-010  -7.4574877493273735E-010  -4.8802736904735036E-011  -1.2010745254718808E-010  -1.0212592417275031E-010   2.3762353307978358E-010   1.9093650384343540E-010   3.0900363521773684E-015  -7.1837892094815909E-010   1.6482221262122772E-009   2.1480314124535573E-002  -2.7893598941998758E-015   8.3724237610565614E-016
   1.4745715679346360E-002   5.0353935562046725E-009   6.5339077540878450E-009  -1.2146962158941708E-009  -6.4807650517102048E-009  -8.8583134836308663E-009   1.4454284728296722E-009   2.9004995460076031E-016   4.9083548955371599E-015   5.7230866925288834E-016  0.75916168011000695        1.9057682435608460E-008   2.6731564592008887E-008  -1.9104914367298024E-008  -1.9212494976777615E-008   1.3578458546346939E-008   1.5554567519372034E-010  -4.9715819099635687E-018  -3.2200862176315182E-015  -9.3461816754171331E-016   1.2706952761174282        1.9050875770462728E-016  -2.0023684559848184E-015   1.0496186648864864E-015  -2.0101476911325077E-016   4.4124951629403166E-016  -3.7158497412385837E-017   2.7951451375829816E-015   8.5842955765001078E-016  -1.7475902794589698E-015  -1.4360331699178305E-015  -1.3533906002450516E-009  -8.6811439763394082E-009   2.5138405018350132E-009   6.5776707586470991E-009   2.6271066763016314E-009  -5.2238397856942384E-009  -9.8359832428950055E-016  -3.2278850851498226E-015   1.4363422555353498E-015  -5.7413872435044803E-008  -1.2795219663786632E-007   5.2472764251446667E-008   8.2923303646448155E-008  -5.5463959990156220E-008  -2.5509227435742478E-008   1.2484624551578119E-014   4.4392396672545771E-015  -6.1408927620604918E-015 -0.49176270098497971        1.2803351205660346E-016  -7.9237177805749724E-016   5.8517748794329983E-016  -1.2368361807897476E-016   1.1637830496892249E-016  -8.5441736229212674E-017   1.1239572870017374E-015   5.3596012902841102E-016  -7.3488859521764076E-016  -8.7587384339973646E-016 -0.98416277288733855       -2.9902419178829217E-015  -9.3642799323748977E-016   1.4726820413342353E-015  0.62214000744944964      -0.16857350035374100     
   2.1399474577528589E-018  -2.6538571434841408E-020  -3.3057382399734385E-019  -4.0177896734399106E-020  -5.6182614743830169E-020  -4.1764668102026487E-019   8.2719553507342563E-020  -3.1285126575754411E-010  -2.2465393341826314E-009  -1.3197554073291418E-010   1.1519876020424280E-016  -1.4940351682382384E-018  -1.8609876599460592E-017  -2.2618542266912440E-018  -3.1627685428820765E-018  -2.3511560431291114E-017   4.6568063432343443E-018  -2.6940364019414570E-010  -1.9350917210822016E-009  -1.1362151118451326E-010   1.9050875770462728E-016   3.1912649160325027E-017  -1.6509718387750823E-018   2.5267180941229775E-017  -3.8977267219190940E-017  -1.8980840196868949E-017  -3.8380771220510417E-018  -1.9700266918636965E-017   2.8705334175341022E-017   2.8081754689638617E-017  -4.0228748277655986E-017  -1.4974250708839954E-017  -1.8652088595346934E-016  -2.2669691523901440E-017  -3.1699331482002389E-017  -2.3564885851649762E-016   4.6673580984243840E-017  -1.7595503500115349E-010  -1.1993533923946407E-009  -7.7258207145016283E-011  -1.0317516163104959E-016  -1.2851588382144449E-015  -1.5619786212253116E-016  -2.1841349206921550E-016  -1.6236586460944302E-015   3.2158864956474088E-016  -3.5039468674445210E-010   8.6111130345236892E-010  -3.0742853620094805E-010  -1.2516048936822722E-016   4.5120987744864747E-018   2.1593283310813408E-018   3.9481796006215661E-018  -3.4615830213072932E-018  -6.1439650029366726E-018  -2.5920424007070472E-018  -8.5021132147830433E-018   8.4940165279507502E-018   9.2474325271373892E-018  -9.2738771056713295E-018  -2.6310350565721189E-016   9.7096357098447640E-011  -1.4807220468631588E-010   8.0910774245613682E-011   2.0276319577107868E-016  -5.8721442554707437E-017
  -2.1512673801922020E-017   6.6273627789683110E-020  -1.9502985898252625E-019  -6.3327137199830731E-020   6.9404855059624846E-020   6.0987615844447619E-020  -1.3567767458024108E-019  -1.7566921658899546E-009   4.3672399315512774E-010  -6.4824316885162566E-010  -1.2299302085254052E-015   3.7311743931790922E-018  -1.0978722087291616E-017  -3.5650957269975515E-018   3.9065897836622437E-018   3.4323581694348540E-018  -7.6377541471044740E-018  -1.5128314612853875E-009   3.7613898907524517E-010  -5.5842751148458507E-010  -2.0023684559848184E-015  -1.6509718387750823E-018   2.5287317038224383E-017   8.9218358452209521E-018  -3.4685430656797604E-018   1.2992258751983734E-017   5.6834203759457364E-018   3.3304948289641762E-018   4.9474084933181837E-019  -2.9755617882131275E-017  -7.0187558774577090E-018   3.7396684758802019E-017  -1.1003583505474570E-016  -3.5732143340424804E-017   3.9154173962369478E-017   3.4401708078498932E-017  -7.6550853408193004E-017  -9.7568570096999194E-010   2.3776922382106436E-010  -3.3983766927344885E-010   2.5766916670660167E-016  -7.5816444808935036E-016  -2.4620029086112104E-016   2.6977852033404378E-016   2.3703347563879653E-016  -5.2744768660716698E-016  -1.3189836583166011E-009   7.5650697861834853E-011   5.7686733404971021E-010   2.0270640820836900E-015   2.7272340003974919E-018   8.9365589973426534E-018   1.1650273436436398E-018  -4.9240697779828642E-018   4.6583722802709817E-018   1.2650910024242892E-018  -1.3113394835583257E-018  -1.6810340209919072E-018  -7.1771856769239188E-018   3.8458392868352470E-019   4.3639948681599473E-015   3.8288511834269989E-010  -3.2049000115360133E-011  -1.2492135317677795E-010  -3.6458864453267143E-015   1.0799345913702888E-015
