 4.2597704722948504E-006 -4.1022005449811772E-018 -5.7451619030994689E-018 -2.4648841817708366E-018 -2.4704573051256437E-017 -3.0410980250042394E-005  2.0780017024026782E-017  3.2115545229436453E-017  1.4880463422857292E-016 -1.4201088067785538E-016 -1.7077360875270878E-016  4.2129894322513276E-017 -1.2163880543841712E-016 -1.6383049496909660E-016  2.4744879865557135E-016 -2.3860628811966506E-016 -2.8992392555706761E-016  6.2177637907049023E-017 -2.0918974186472629E-016 -2.9043632218692858E-016 -5.0736024725962032E-004  3.2330850952970992E-016  4.7064624130549089E-016  2.0815399043468867E-016 -2.5188407990229143E-003  1.6073117741506163E-015  2.3435729663462872E-015  4.0776809528563807E-016 -3.9845376063996840E-016 -4.8039929580633980E-016  1.0522851606846100E-016 -3.4373388114495475E-016 -4.7853977503344358E-016 -2.0540667817971385E-017 -1.4266349319138373E-019 -5.1313045030931572E-019 -9.6416623389001455E-018  1.9327914757849786E-020 -1.3663489397060907E-017 -2.4473032654353547E-019 -2.1127493075968432E-019 -8.0644374117728213E-020  9.5903107034314691E-019  4.7968959412036870E-016 -3.6261753475290225E-016  9.7851472743555550E-017
-4.1022005449811772E-018  4.2597704722870212E-006 -2.7257564175181705E-019 -1.2913243958704840E-017  8.2829266073925004E-017  1.0996317804002761E-017 -3.0410980250007561E-005  6.2831555728629865E-018 -7.3621217379577059E-017  6.9481610681411474E-018  3.2443051105207133E-016  3.2099851164642085E-017  7.1212191354351842E-017  3.2336829623667860E-018 -1.1744733263050898E-016  1.6807660024444705E-017  5.4840324623133960E-016  6.8160155024734725E-017  1.2254557555602205E-016  1.8051812706322307E-017  1.6551225766356833E-016 -5.0736024725915466E-004  1.6907596007596446E-016  8.4310115343640415E-016  8.1894864486131694E-016 -2.5188407990205876E-003  8.3600820033571335E-016 -1.8683207675971103E-016  2.3981456868626734E-017  9.1011591069905386E-016  1.1552572099660482E-016  2.0234976729926462E-016  3.4866276043780800E-017 -1.8951738973061014E-019 -1.0815830946504634E-017 -4.1445949824454396E-019 -2.8799923774493159E-019  1.1665532780085349E-019 -8.7385425312702813E-020 -3.3384251176034070E-017 -5.2038528864388854E-019 -1.3536784284987447E-017 -6.8324756950118574E-019  1.6795551698465412E-015 -1.3174979853552840E-015  3.5434523235253843E-016
-5.7451619030994689E-018 -2.7257564175181705E-019  4.2597704722815316E-006  8.8543685905357577E-018 -3.2081553448537797E-017  1.3649668620864017E-017 -7.1632342934115791E-018 -3.0410980249984738E-005  1.2704549402778020E-016  1.5428661699499748E-016 -1.6237081609193243E-016 -1.1711495616888776E-016 -7.9775463922586708E-017  1.1122077915547695E-017  2.1853853380519543E-016  2.5840767373832330E-016 -2.6903004188126390E-016 -2.1410879751005540E-016 -1.3658146869521800E-016  6.7331974746094789E-018  2.1420065636660135E-016 -1.3824153831411365E-016 -5.0736024725882701E-004  1.4756318079134303E-016  1.0490710553697075E-015 -6.7178351456012771E-016 -2.5188407990189704E-003  3.4988700881537995E-016  4.3156769661934078E-016 -4.4997034179436030E-016 -3.6183582010239236E-016 -2.2313895607117268E-016  5.7790550081691199E-018 -9.4787032063097359E-019 -5.9217288844619111E-019 -1.0817567987968510E-017  4.9724318424316218E-019 -1.2610422454337579E-019  2.6067897690418044E-019 -1.3802085871719618E-018 -1.2812584636386228E-017 -1.3275057673318557E-018 -2.7667439145419530E-017  2.7005153234704124E-016 -2.1216404134876262E-016  5.7115168232633672E-017
-2.4648841817708366E-018 -1.2913243958704840E-017  8.8543685905357577E-018  3.0530266429159666E-005 -1.1064052720125749E-004  6.9790459271404015E-019  5.4204575707619338E-017 -7.2155214935734999E-017  3.4785775925577251E-015  1.1071651877243705E-016  4.4967243856814609E-016  1.2914111910130209E-015  4.0319385256067972E-016 -4.6477492749295926E-015  6.1507979751215122E-015  1.7573587018190999E-016  7.8714618372089860E-016  2.3294866628002678E-015  7.0087300563996325E-016 -7.9643207350125278E-015  4.1730679041784584E-017  6.2624282995933548E-016 -1.1989061962142826E-015 -3.3581676425857828E-003  1.9854593630905221E-016  3.2120914333596898E-015 -5.9478978731072993E-015  1.0219586613403083E-014  2.9839627294533477E-016  1.2937127740539043E-015  4.1122973012671259E-015  1.1540054717304201E-015 -1.2762435522788799E-014  3.1063623528622571E-020  9.9222869996452227E-019 -1.9866872256636631E-019  1.4661163972304802E-018  1.4117314346599710E-020  6.1510966656495266E-019  4.8283443423814379E-018 -2.1756019226103203E-019  2.6955115130524546E-019  3.8150002215357373E-018 -6.8385540490682054E-003  5.3273905228634656E-003 -1.4351006419606311E-003
-2.4704573051256437E-017  8.2829266073925004E-017 -3.2081553448537797E-017 -1.1064052720125749E-004  4.0095707280433110E-004  2.3761071365438848E-016 -4.5367296580417348E-016  2.6144248232584013E-016 -2.8793608498481346E-015  4.4444085010681348E-017 -1.2013630748374399E-015  5.0859082098037529E-015 -8.5135615791634855E-016 -2.6495387014234095E-015 -5.6140880246848706E-015  1.2722701490337974E-016 -2.1184071118007515E-015  8.3011670602081817E-015 -1.4944644424925457E-015 -4.5569126436616127E-015  3.8551329192572317E-015 -6.5610930731903228E-015  4.3440351578440900E-015  1.2169872125682652E-002  1.9170469294309403E-014 -3.2946639456102014E-014  2.1551205916589465E-014 -9.4855853497446193E-015  1.8093070302426881E-016 -3.4754652106856812E-015  1.2757633440532236E-014 -2.4549024839908253E-015 -8.9596695170759577E-015 -1.1257339293214726E-019 -3.5957991629632158E-018  7.1996791297495962E-019 -5.3131501980904144E-018 -5.1160611572100589E-020 -2.2291340938645333E-018 -1.7497736706567992E-017  7.8842988239216472E-019 -9.7684314548939399E-019 -1.3825416059293219E-017  2.4782660414667923E-002 -1.9306261130221665E-002  5.2007502778205414E-003
-3.0410980250042394E-005  1.0996317804002761E-017  1.3649668620864017E-017  6.9790459271404015E-019  2.3761071365438848E-016  2.1710740655710479E-004 -1.7778689407157897E-017 -3.3913930760248871E-017  3.6323318573910048E-017  2.2477638287919803E-016  1.1205063149967980E-016 -1.8051922398866544E-016  1.2095526319624433E-016 -4.9302837139300181E-017  1.1701911624177242E-016  3.5064666833531825E-016  1.7170277839769719E-016 -2.3772992951373774E-016  2.1198933410820994E-016 -1.6289570450898024E-017  3.6221018384487635E-003 -1.2968122663074014E-016 -1.0059659853149935E-016  3.7278565129377052E-016  1.7982287611571751E-002 -6.5986026953604289E-016 -5.5032754138729479E-016  2.0066589959445564E-016  6.0973348994526529E-016  2.9388056711095397E-016 -4.1064698729710347E-016  3.3695678596806584E-016 -3.6010140144720371E-017  1.4664213656528755E-016  1.0184907149990967E-018  3.6632959667286034E-018  6.8832911273713536E-017 -1.3798415614115435E-019  9.7545186742614096E-017  1.7471573119143262E-018  1.5083154805644605E-018  5.7572925227117082E-019 -6.8466306173851566E-018  3.6073364151498817E-016 -3.6006165311928478E-016  9.5787420846026927E-017
 2.0780017024026782E-017 -3.0410980250007561E-005 -7.1632342934115791E-018  5.4204575707619338E-017 -4.5367296580417348E-016 -1.7778689407157897E-017  2.1710740655700651E-004  2.0199926161794900E-017  1.8252877239265684E-016  2.8316210282627953E-017 -3.2322784401699739E-016  3.0924536951942980E-017 -1.0033794935846151E-016  5.9886765381605017E-017  2.5031045953017617E-016  1.3597493338167555E-017 -4.9836757408675239E-016 -4.0695213076293564E-017 -1.7528141082103100E-016  1.3377534785349915E-017 -1.6847929861913333E-016  3.6221018384479478E-003 -1.2198945523487787E-016 -1.8408973489090512E-015 -8.1714921213309480E-016  1.7982287611567595E-002 -5.8069104705363320E-016  3.6214877598689246E-016  4.9489363546147515E-017 -8.5279848080377003E-016 -8.8090702527173548E-017 -2.8885041781257713E-016 -1.3908248051524677E-017  1.3529859493149197E-018  7.7215432953826215E-017  2.9588729481212099E-018  2.0560589327827355E-018 -8.3281549860223444E-019  6.2385437448431361E-019  2.3833392192855883E-016  3.7150890730916163E-018  9.6640624704445166E-017  4.8777812037964575E-018 -3.4822803891843492E-015  2.7776420799749118E-015 -7.4421618472356913E-016
 3.2115545229436453E-017  6.2831555728629865E-018 -3.0410980249984738E-005 -7.2155214935734999E-017  2.6144248232584013E-016 -3.3913930760248871E-017  2.0199926161794900E-017  2.1710740655696043E-004 -7.9163824294191483E-017  8.1600761037712546E-017  2.8440893091796994E-016  2.7384940805345120E-018  3.1070317863651617E-016 -7.3871660362146766E-017 -1.4090663966333566E-016  1.8350537217717713E-016  4.2088435934138935E-016  9.9801204714507474E-017  5.3133341670012164E-016 -3.8588004078846200E-017 -4.6909095248045195E-016  4.7036432093918508E-016  3.6221018384475587E-003 -6.9800444493793518E-017 -2.2263433753891108E-015  2.2325674377770807E-015  1.7982287611565732E-002 -1.5319172767620568E-016  2.6984682359810174E-016  7.3472990399734312E-016  2.2283250000976048E-016  8.5993987118156577E-016 -2.5594188706166560E-017  6.7669527708143514E-018  4.2275888178143039E-018  7.7227833888144873E-017 -3.5498749882828454E-018  9.0027223461527872E-019 -1.8610165194775042E-018  9.8534642554876802E-018  9.1470482004564226E-017  9.4772129002519456E-018  1.9752095820513664E-016  7.5211282173819904E-017 -4.5828716216631394E-017  1.2616033097530469E-017
 1.4880463422857292E-016 -7.3621217379577059E-017  1.2704549402778020E-016  3.4785775925577251E-015 -2.8793608498481346E-015  3.6323318573910048E-017  1.8252877239265684E-016 -7.9163824294191483E-017  9.5640148347811205E-002 -1.7614772286859541E-016  6.0131898505526292E-016 -4.7820074173902494E-002  2.0524538578403505E-016 -4.7820074173900579E-002  1.6396960479969575E-001 -3.5683154042533649E-016  7.2987427727602384E-016 -8.1984802399844181E-002  3.8257741780882240E-016 -8.1984802399845305E-002 -1.1017523477750495E-015  1.3438715530052621E-015 -1.7902983712292160E-016 -1.1263149326862393E-014 -5.2111226948524922E-015  6.9159790972013015E-015 -1.7743228029916600E-015  2.7088540913951459E-001 -4.8720694481477313E-016  1.3311959811614493E-015 -1.3544270456974930E-001  1.0222535283578692E-015 -1.3544270456974816E-001  1.0824639344576354E-017  1.6935522003546453E-017 -2.8739075552893589E-017 -1.9233686083822212E-017  6.2621879196906990E-018  3.3333271345660608E-018  2.2553265111738211E-017 -1.3810752942925806E-017  2.5001349746678339E-017 -8.8021971374825123E-017 -1.5651213381668139E-014  1.3318209306172904E-014 -3.6139362861643086E-015
-1.4201088067785538E-016  6.9481610681411474E-018  1.5428661699499748E-016  1.1071651877243705E-016  4.4444085010681348E-017  2.2477638287919803E-016  2.8316210282627953E-017  8.1600761037712546E-017 -1.7614772286859541E-016  9.5640148347799742E-002  5.5678600421945009E-016 -4.4170010840654553E-016 -1.2311085950828930E-016 -4.0346960020896134E-018 -3.1673751239694582E-016  1.6396960479968378E-001 -1.7582137188113338E-016  1.5651391545011283E-016  3.4771839934770494E-017 -2.5109025459230116E-016  5.3689726787891344E-017  1.7816048093337772E-016 -7.0553856482369933E-016  5.5929600727094109E-017  1.0901700319763065E-015  9.1395446369640595E-016 -1.5556058666035740E-015  1.7056380493656579E-018  2.7088540913950043E-001  3.2244445898896017E-016 -2.3094252321215010E-016 -5.6476000354260177E-017 -3.5444281215939928E-016 -2.1261203241515669E-018  4.8144473721892874E-017  1.5777741033389977E-016 -2.1334930355713806E-017  4.7830637126278571E-018  2.1580303689466661E-017  4.3578069145005816E-017  1.5635096553169007E-016  5.2662381827983321E-017  2.8098387458712995E-016 -1.3047175484098531E-015  7.8746465063706448E-016 -2.2195564803504635E-016
-1.7077360875270878E-016  3.2443051105207133E-016 -1.6237081609193243E-016  4.4967243856814609E-016 -1.2013630748374399E-015  1.1205063149967980E-016 -3.2322784401699739E-016  2.8440893091796994E-016  6.0131898505526292E-016  5.5678600421945009E-016  9.5640148347798035E-002  7.1732566273885737E-016  1.4988450746204879E-017  2.7625865621127834E-016  6.7504148419870778E-016  6.5020619722091695E-016  1.6396960479968251E-001  6.5385140137348474E-016  1.4566036728524733E-017 -3.9572715868931425E-016  1.4716196465289935E-016 -6.9418813168862900E-018  1.1785552486160227E-016  5.8462062757260943E-016  7.3701340291210892E-016 -1.9665062724666166E-015  2.3106543896633562E-015  6.1340134282964764E-016  1.1369200654013731E-015  2.7088540913949882E-001  7.6580513903391469E-016  1.2496620937014018E-016 -8.3033260961615236E-016 -2.7273214852028597E-017 -8.2507377401581060E-017  7.7312424301266466E-017  1.4659873168461828E-017  3.1136306594780298E-018  1.7859488115387322E-017 -2.1035184120189582E-016  6.8111300835634513E-017 -1.1544704264242615E-016  1.6745739262543869E-016  1.6687297890437052E-015 -1.1271613236754883E-015  3.1024100872256963E-016
 4.2129894322513276E-017  3.2099851164642085E-017 -1.1711495616888776E-016  1.2914111910130209E-015  5.0859082098037529E-015 -1.8051922398866544E-016  3.0924536951942980E-017  2.7384940805345120E-018 -4.7820074173902494E-002 -4.4170010840654553E-016  7.1732566273885737E-016  9.5640148347806056E-002  1.3743305342207915E-015 -4.7820074173899912E-002 -8.1984802399839671E-002 -8.5917648500552344E-016  9.4580180273747176E-016  1.6396960479968964E-001  1.9264153767118265E-015 -8.1984802399847942E-002 -1.0657571165883495E-015  1.5756633977995065E-015 -1.4274806002182208E-015 -1.7915860105417946E-014 -5.4855294392837403E-015  7.8267577992161292E-015 -5.7307191129588937E-015 -1.3544270456974186E-001 -1.2818943832496139E-015  1.7966100956205348E-015  2.7088540913950504E-001  2.9073509155668609E-015 -1.3544270456975419E-001 -4.5430822460956461E-018 -1.0865173105589020E-017  8.8753423584266043E-017  2.0634113834306580E-018 -1.0826472432874775E-017  4.9012515337859751E-018 -1.3417852635415687E-017  8.0609963788784678E-017  2.5382765778413072E-017  4.8036421922688999E-017 -2.1062381876307387E-015  6.8376675489670649E-015 -1.8490111247678854E-015
-1.2163880543841712E-016  7.1212191354351842E-017 -7.9775463922586708E-017  4.0319385256067972E-016 -8.5135615791634855E-016  1.2095526319624433E-016 -1.0033794935846151E-016  3.1070317863651617E-016  2.0524538578403505E-016 -1.2311085950828930E-016  1.4988450746204879E-017  1.3743305342207915E-015  9.5640148347794718E-002  2.6854117594261804E-016  2.4462337628210546E-016 -2.9806349375968378E-016 -3.1313095688025535E-018  5.3039750074640752E-016  1.6396960479967973E-001  4.6212233797868685E-017 -3.0418246426561595E-017  5.7611972773131618E-018 -1.8210243678149079E-016 -4.0567249612169383E-016 -3.4042889063110312E-017  1.4059349006227524E-016  5.2213414760061715E-016  3.3744618127296600E-016 -4.6685988853448732E-016 -1.9275575718265038E-018  9.7517020734569485E-016  2.7088540913949416E-001 -1.1946468674906774E-016 -1.4061603120100522E-017  1.2050632758179415E-017  2.7231456050013278E-017  1.7828976283416022E-017  3.0476446056254204E-018  1.1455079845361886E-018  6.0590828628933641E-017  6.5350301970897740E-017 -4.1831733616565950E-019  9.1115146428654094E-017  6.4933363349441575E-016 -3.0315170621416273E-016  8.5803300241076417E-017
-1.6383049496909660E-016  3.2336829623667860E-018  1.1122077915547695E-017 -4.6477492749295926E-015 -2.6495387014234095E-015 -4.9302837139300181E-017  5.9886765381605017E-017 -7.3871660362146766E-017 -4.7820074173900579E-002 -4.0346960020896134E-018  2.7625865621127834E-016 -4.7820074173899912E-002  2.6854117594261804E-016  9.5640148347788695E-002 -8.1984802399842058E-002  1.4981451167623933E-016  1.0564701875778392E-015 -8.1984802399839199E-002  8.5757546734595770E-016  1.6396960479967301E-001 -1.0607182698119917E-015  1.6407221260399502E-015 -9.0096277378201103E-016  1.5733310767499331E-014 -5.3302080097122258E-015  7.8971164252242012E-015 -4.9435601587050779E-015 -1.3544270456974972E-001  6.3642325374144301E-018  1.3889077814188562E-015 -1.3544270456974536E-001  1.3058341603014527E-015  2.7088540913946901E-001 -6.2815570986139587E-018 -6.0703488978603553E-018 -6.0014348031419902E-017  1.7170274700339402E-017  4.5642845131823698E-018 -8.2345786684332677E-018 -9.1354124760124385E-018 -6.6799210845911587E-017 -5.0384115524971799E-017  3.9985549452022577E-017 -9.6232949665621719E-015  1.1743529796237306E-015 -2.8302266534893973E-016
 2.4744879865557135E-016 -1.1744733263050898E-016  2.1853853380519543E-016  6.1507979751215122E-015 -5.6140880246848706E-015  1.1701911624177242E-016  2.5031045953017617E-016 -1.4090663966333566E-016  1.6396960479969575E-001 -3.1673751239694582E-016  6.7504148419870778E-016 -8.1984802399839671E-002  2.4462337628210546E-016 -8.1984802399842058E-002  2.8111657878648294E-001 -6.3733482135541042E-016  6.3949373016002633E-016 -1.4055828939323034E-001  4.7561999173358537E-016 -1.4055828939324200E-001 -9.7555858624285398E-016  1.2591940902294273E-015 -3.9343615818138274E-016 -3.9876199109685302E-014 -4.3998394771363065E-015  6.6700521528479661E-015 -3.4714119782504846E-015  4.6441765565942478E-001 -8.7405619078563599E-016  1.2725639142339056E-015 -2.3220882782969063E-001  1.4467909985693047E-015 -2.3220882782970481E-001  1.8558229635719279E-017  2.9034991036377861E-017 -4.9271513502670538E-017 -3.2975062883990979E-017  1.0736165680535635E-017  5.7148001374688941E-018  3.8666292673054429E-017 -2.3677751876780328E-017  4.2863394800592715E-017 -1.5090867286749757E-016 -6.8713949841801822E-014  5.5459443706163655E-014 -1.4984765592754899E-014
-2.3860628811966506E-016  1.6807660024444705E-017  2.5840767373832330E-016  1.7573587018190999E-016  1.2722701490337974E-016  3.5064666833531825E-016  1.3597493338167555E-017  1.8350537217717713E-016 -3.5683154042533649E-016  1.6396960479968378E-001  6.5020619722091695E-016 -8.5917648500552344E-016 -2.9806349375968378E-016  1.4981451167623933E-016 -6.3733482135541042E-016  2.8111657878647583E-001 -8.2209958904897825E-016  9.3540952359569756E-017 -9.7213168182488155E-017 -1.6102582488457783E-016 -4.8719625142777542E-016 -2.7762476436008673E-016 -4.8211538194192832E-016  1.6447583014460381E-015 -1.0066814555126193E-015 -1.3277903575283593E-015  9.4470122674283939E-016 -1.5262433050387306E-016  4.6441765565942239E-001 -3.0642670724899702E-016 -6.8447118924803643E-016 -3.3750035625800053E-016 -1.6277062585690836E-016 -3.6451125947867115E-018  8.2540967008527273E-017  2.7050041290911084E-016 -3.6577526899422366E-017  8.2002911982033955E-018  3.6998205550136422E-017  7.4712125598669891E-017  2.6805485427576337E-016  9.0286663972346590E-017  4.8173090137411048E-016  9.1724650916491668E-016 -1.1070611529545630E-015  2.8137363865394175E-016
-2.8992392555706761E-016  5.4840324623133960E-016 -2.6903004188126390E-016  7.8714618372089860E-016 -2.1184071118007515E-015  1.7170277839769719E-016 -4.9836757408675239E-016  4.2088435934138935E-016  7.2987427727602384E-016 -1.7582137188113338E-016  1.6396960479968251E-001  9.4580180273747176E-016 -3.1313095688025535E-018  1.0564701875778392E-015  6.3949373016002633E-016 -8.2209958904897825E-016  2.8111657878647633E-001  6.3467875358068118E-016 -2.1774251977221668E-017  3.2188403327680803E-016 -8.8069496250953732E-017  9.1883875649632456E-016 -9.1104032407365469E-016 -7.8053005017588894E-016 -4.2623498005834846E-016  1.2492897331997728E-015 -1.5645955016493867E-015  1.9796531887621158E-016 -1.2512635018271787E-015  4.6441765565942433E-001  5.1425456220316278E-016  1.3623429351193141E-016  2.2948556413056101E-016 -4.6758378548755183E-017 -1.4145421456683908E-016  1.3254776239662162E-016  2.5133520298446325E-017  5.3381430031888253E-018  3.0619078481085420E-017 -3.6063628995352550E-016  1.1677295856751528E-016 -1.9792740061976832E-016  2.8709619301008630E-016 -7.6960049629841775E-016  8.9582219243532921E-016 -2.2999481497340630E-016
 6.2177637907049023E-017  6.8160155024734725E-017 -2.1410879751005540E-016  2.3294866628002678E-015  8.3011670602081817E-015 -2.3772992951373774E-016 -4.0695213076293564E-017  9.9801204714507474E-017 -8.1984802399844181E-002  1.5651391545011283E-016  6.5385140137348474E-016  1.6396960479968964E-001  5.3039750074640752E-016 -8.1984802399839199E-002 -1.4055828939323034E-001  9.3540952359569756E-017  6.3467875358068118E-016  2.8111657878647739E-001  1.7340752327225062E-016 -1.4055828939324352E-001 -6.2997474763431530E-016  1.1379191324459988E-015 -8.6063415712455278E-016 -4.3413017691620433E-014 -3.4609829774572397E-015  5.6565467099786587E-015 -1.9476599468553872E-015 -2.3220882782969066E-001  3.9176416310447381E-016  1.4495638041045138E-015  4.6441765565941623E-001 -1.8528539365615032E-016 -2.3220882782971017E-001 -7.7888565976588345E-018 -1.8627722467842348E-017  1.5216270615569989E-016  3.5376016759439298E-018 -1.8561372361504340E-017  8.4029175080258217E-018 -2.3004146604793865E-017  1.3820120664494081E-016  4.3517310933798621E-017  8.2355718333057173E-017 -2.9467722426446624E-014  3.1865752818533102E-014 -8.5961661042568466E-015
-2.0918974186472629E-016  1.2254557555602205E-016 -1.3658146869521800E-016  7.0087300563996325E-016 -1.4944644424925457E-015  2.1198933410820994E-016 -1.7528141082103100E-016  5.3133341670012164E-016  3.8257741780882240E-016  3.4771839934770494E-017  1.4566036728524733E-017  1.9264153767118265E-015  1.6396960479967973E-001  8.5757546734595770E-016  4.7561999173358537E-016 -9.7213168182488155E-017 -2.1774251977221668E-017  1.7340752327225062E-016  2.8111657878647667E-001  7.6624667133271235E-016  2.4900550256678626E-017 -4.4472329855065209E-017 -3.3471935235810085E-016 -1.7536553693077024E-015  3.2416234924162477E-016 -2.8784357856749816E-017  7.8339106956771093E-016  6.7182227802363021E-016 -1.0574017449579384E-016 -3.2295226566661172E-017  4.6018593128392302E-016  4.6441765565942450E-001  9.1406273963321006E-016 -2.4107820264644095E-017  2.0660125743000768E-017  4.6686785453354319E-017  3.0566767677354586E-017  5.2250136599229247E-018  1.9639084083857571E-018  1.0387953591040482E-016  1.1203938275734435E-016 -7.1718132475754184E-019  1.5621174589610402E-016 -1.0415710826542328E-015  1.1589152905664603E-015 -3.0509288102763314E-016
-2.9043632218692858E-016  1.8051812706322307E-017  6.7331974746094789E-018 -7.9643207350125278E-015 -4.5569126436616127E-015 -1.6289570450898024E-017  1.3377534785349915E-017 -3.8588004078846200E-017 -8.1984802399845305E-002 -2.5109025459230116E-016 -3.9572715868931425E-016 -8.1984802399847942E-002  4.6212233797868685E-017  1.6396960479967301E-001 -1.4055828939324200E-001 -1.6102582488457783E-016  3.2188403327680803E-016 -1.4055828939324352E-001  7.6624667133271235E-016  2.8111657878647145E-001 -6.8010652346288092E-016  1.3231770046140085E-015 -7.5491658614006400E-017  2.6535919626159987E-014 -3.4864657013804151E-015  6.1431548463333906E-015 -1.1816717532320499E-015 -2.3220882782971658E-001 -6.8072355418533180E-016 -7.9310997379098913E-017 -2.3220882782971983E-001  1.0745282954238302E-015  4.6441765565939169E-001 -1.0769373038153162E-017 -1.0407268568441607E-017 -1.0289119265305654E-016  2.9437461208030410E-017  7.8252066809677328E-018 -1.4117717645543771E-017 -1.5662146067939297E-017 -1.1452345476818995E-016 -8.6380705734288377E-017  6.8552954534437464E-017 -1.7390428800597367E-014  2.7081221452762535E-015 -6.7238197815614870E-016
-5.0736024725962032E-004  1.6551225766356833E-016  2.1420065636660135E-016  4.1730679041784584E-017  3.8551329192572317E-015  3.6221018384487635E-003 -1.6847929861913333E-016 -4.6909095248045195E-016 -1.1017523477750495E-015  5.3689726787891344E-017  1.4716196465289935E-016 -1.0657571165883495E-015 -3.0418246426561595E-017 -1.0607182698119917E-015 -9.7555858624285398E-016 -4.8719625142777542E-016 -8.8069496250953732E-017 -6.2997474763431530E-016  2.4900550256678626E-017 -6.8010652346288092E-016  6.0429176213493752E-002 -2.7177280508838027E-017 -6.7601485772020717E-017  2.9099182428074870E-015  3.0000670198350254E-001 -3.9837491780715996E-016 -1.1694713715478762E-015 -1.4891301509866496E-015 -2.9687806978376337E-016  2.5003272589350684E-017 -1.3394830801261153E-015 -1.8007655172574041E-016 -1.2753705654672089E-015  2.4464976154900402E-015  1.6991944907605915E-017  6.1116436635182151E-017  1.1483708383054234E-015 -2.3020525810774263E-018  1.6273908192962474E-015  2.9148621928345688E-017  2.5163914772681742E-017  9.6051535789730554E-018 -1.1422545982958022E-016 -7.2103080838204299E-016 -7.5699198819509309E-016  1.8379040218547152E-016
 3.2330850952970992E-016 -5.0736024725915466E-004 -1.3824153831411365E-016  6.2624282995933548E-016 -6.5610930731903228E-015 -1.2968122663074014E-016  3.6221018384479478E-003  4.7036432093918508E-016  1.3438715530052621E-015  1.7816048093337772E-016 -6.9418813168862900E-018  1.5756633977995065E-015  5.7611972773131618E-018  1.6407221260399502E-015  1.2591940902294273E-015 -2.7762476436008673E-016  9.1883875649632456E-016  1.1379191324459988E-015 -4.4472329855065209E-017  1.3231770046140085E-015 -2.7177280508838027E-017  6.0429176213493897E-002  1.9181282170749393E-016 -1.2555227183962264E-016  1.8934520984605590E-016  3.0000670198350149E-001  1.3757475078875200E-015  1.2231223005696156E-015 -7.7674014453184832E-018  1.0262681550601534E-015  1.5318730932044009E-015 -6.1414545694968576E-017  1.5852027405182440E-015  2.2572481391351914E-017  1.2882202689163854E-015  4.9364226283648633E-017  3.4302168491164169E-017 -1.3894240626852815E-017  1.0408046932130408E-017  3.9762334711287760E-015  6.1980524640110355E-017  1.6122995984423810E-015  8.1378247504417459E-017  4.1906807490290625E-015 -2.1824515554082729E-015  6.5513488877334078E-016
 4.7064624130549089E-016  1.6907596007596446E-016 -5.0736024725882701E-004 -1.1989061962142826E-015  4.3440351578440900E-015 -1.0059659853149935E-016 -1.2198945523487787E-016  3.6221018384475587E-003 -1.7902983712292160E-016 -7.0553856482369933E-016  1.1785552486160227E-016 -1.4274806002182208E-015 -1.8210243678149079E-016 -9.0096277378201103E-016 -3.9343615818138274E-016 -4.8211538194192832E-016 -9.1104032407365469E-016 -8.6063415712455278E-016 -3.3471935235810085E-016 -7.5491658614006400E-017 -6.7601485772020717E-017  1.9181282170749393E-016  6.0429176213493731E-002 -1.7026230832187036E-015  1.3839366210523828E-015 -7.6140778893275332E-016  3.0000670198350182E-001  6.7790465825867256E-016 -1.3522460030378365E-015 -8.4759634773486359E-016 -4.5489674947229470E-016 -8.5073210802816499E-016  5.1184132581142727E-016  1.1289615799215920E-016  7.0530791519328936E-017  1.2884271593570948E-015 -5.9224182745299555E-017  1.5019652105917586E-017 -3.1048186993875903E-017  1.6438983616806499E-016  1.5260437508173577E-015  1.5811266328360924E-016  3.2953321915299822E-015  1.5897896384099773E-016  8.9075986655761878E-017 -1.9480497059952326E-017
 2.0815399043468867E-016  8.4310115343640415E-016  1.4756318079134303E-016 -3.3581676425857828E-003  1.2169872125682652E-002  3.7278565129377052E-016 -1.8408973489090512E-015 -6.9800444493793518E-017 -1.1263149326862393E-014  5.5929600727094109E-017  5.8462062757260943E-016 -1.7915860105417946E-014 -4.0567249612169383E-016  1.5733310767499331E-014 -3.9876199109685302E-014  1.6447583014460381E-015 -7.8053005017588894E-016 -4.3413017691620433E-014 -1.7536553693077024E-015  2.6535919626159987E-014  2.9099182428074870E-015 -1.2555227183962264E-016 -1.7026230832187036E-015  3.6938065843209072E-001  1.5395857331280910E-014 -1.1957846277718128E-014 -8.9139519128380013E-015 -7.2277095190642382E-014  1.8292908055580998E-015 -5.5368309451253454E-016 -1.0074540143851152E-013 -2.4715162277180532E-015  3.9148410428018282E-016 -3.4168340991764436E-018 -1.0913990292081263E-016  2.1852507484266251E-017 -1.6126504027933223E-016 -1.5528298238285078E-018 -6.7658806177890907E-017 -5.3109231048942981E-016  2.3930469115654184E-017 -2.9649199307961806E-017 -4.1962982309278145E-016  7.5220473371699093E-001 -5.8598474778494325E-001  1.5785347143526141E-001
-2.5188407990229143E-003  8.1894864486131694E-016  1.0490710553697075E-015  1.9854593630905221E-016  1.9170469294309403E-014  1.7982287611571751E-002 -8.1714921213309480E-016 -2.2263433753891108E-015 -5.2111226948524922E-015  1.0901700319763065E-015  7.3701340291210892E-016 -5.4855294392837403E-015 -3.4042889063110312E-017 -5.3302080097122258E-015 -4.3998394771363065E-015 -1.0066814555126193E-015 -4.2623498005834846E-016 -3.4609829774572397E-015  3.2416234924162477E-016 -3.4864657013804151E-015  3.0000670198350254E-001  1.8934520984605590E-016  1.3839366210523828E-015  1.5395857331280910E-014  1.4894133409503663E+000 -3.7190752939020817E-016  2.7251868416334041E-015 -6.6603872481297242E-015  8.5889653440098927E-016  1.4229527437087224E-016 -7.2008071564519562E-015 -5.6270491711117012E-016 -6.5134444860074649E-015  1.2145882618697307E-014  8.4358213555763567E-017  3.0341867522947900E-016  5.7012021252262154E-015 -1.1428770767975589E-017  8.0793448318806743E-015  1.4471125505986656E-016  1.2492877700793708E-016  4.7685747644365600E-017 -5.6708374386814134E-016 -1.6465281674883965E-015 -5.2640930599958815E-015  1.3181157337939141E-015
 1.6073117741506163E-015 -2.5188407990205876E-003 -6.7178351456012771E-016  3.2120914333596898E-015 -3.2946639456102014E-014 -6.5986026953604289E-016  1.7982287611567595E-002  2.2325674377770807E-015  6.9159790972013015E-015  9.1395446369640595E-016 -1.9665062724666166E-015  7.8267577992161292E-015  1.4059349006227524E-016  7.8971164252242012E-015  6.6700521528479661E-015 -1.3277903575283593E-015  1.2492897331997728E-015  5.6565467099786587E-015 -2.8784357856749816E-017  6.1431548463333906E-015 -3.9837491780715996E-016  3.0000670198350149E-001 -7.6140778893275332E-016 -1.1957846277718128E-014 -3.7190752939020817E-016  1.4894133409503516E+000 -1.7573123048566813E-015  6.7639538882645343E-015  4.4875573779900057E-017 -3.7719026665925263E-016  7.6170869676321100E-015  1.2299182303921844E-017  7.1663077894673736E-015  1.1206334625310462E-016  6.3954986402678137E-015  2.4507364904331292E-016  1.7029655349858392E-016 -6.8979350178474166E-017  5.1671792168174887E-017  1.9740409595777021E-014  3.0770852673533094E-016  8.0044229533946809E-015  4.0401046608245240E-016 -2.2765185812327892E-015  7.1460756535685539E-015 -1.5912868229785598E-015
 2.3435729663462872E-015  8.3600820033571335E-016 -2.5188407990189704E-003 -5.9478978731072993E-015  2.1551205916589465E-014 -5.5032754138729479E-016 -5.8069104705363320E-016  1.7982287611565732E-002 -1.7743228029916600E-015 -1.5556058666035740E-015  2.3106543896633562E-015 -5.7307191129588937E-015  5.2213414760061715E-016 -4.9435601587050779E-015 -3.4714119782504846E-015  9.4470122674283939E-016 -1.5645955016493867E-015 -1.9476599468553872E-015  7.8339106956771093E-016 -1.1816717532320499E-015 -1.1694713715478762E-015  1.3757475078875200E-015  3.0000670198350182E-001 -8.9139519128380013E-015  2.7251868416334041E-015 -1.7573123048566813E-015  1.4894133409503594E+000  8.5745681531932480E-016 -1.1984804706112150E-015  6.7936377986289545E-016  1.5827012273057081E-015 -1.8406178885002695E-016  1.2080746347150724E-015  5.6048429166358449E-016  3.5015718363003883E-016  6.3965257685968774E-015 -2.9402439113705769E-016  7.4566568263588389E-017 -1.5414183621654462E-016  8.1612981805597038E-016  7.5761971526432576E-015  7.8496616412507113E-016  1.6360006948104294E-014 -1.4973275354764531E-016  1.1737290181432654E-015 -2.9376610799082186E-016
 4.0776809528563807E-016 -1.8683207675971103E-016  3.4988700881537995E-016  1.0219586613403083E-014 -9.4855853497446193E-015  2.0066589959445564E-016  3.6214877598689246E-016 -1.5319172767620568E-016  2.7088540913951459E-001  1.7056380493656579E-018  6.1340134282964764E-016 -1.3544270456974186E-001  3.3744618127296600E-016 -1.3544270456974972E-001  4.6441765565942478E-001 -1.5262433050387306E-016  1.9796531887621158E-016 -2.3220882782969066E-001  6.7182227802363021E-016 -2.3220882782971658E-001 -1.4891301509866496E-015  1.2231223005696156E-015  6.7790465825867256E-016 -7.2277095190642382E-014 -6.6603872481297242E-015  6.7639538882645343E-015  8.5745681531932480E-016  7.6723955527366727E-001  3.7854486235336913E-017  6.8346250737752442E-016 -3.8361977763679217E-001  2.2026086496856286E-015 -3.8361977763682653E-001  3.0659058024316319E-017  4.7967154862982435E-017 -8.1398830657631197E-017 -5.4476336706687090E-017  1.7736644767268265E-017  9.4411154755208579E-018  6.3878512870948071E-017 -3.9116746743856005E-017  7.0812320684972916E-017 -2.4930814245931607E-016 -1.2655107650560691E-013  1.0177414665601407E-013 -2.7490443586243844E-014
-3.9845376063996840E-016  2.3981456868626734E-017  4.3156769661934078E-016  2.9839627294533477E-016  1.8093070302426881E-016  6.0973348994526529E-016  4.9489363546147515E-017  2.6984682359810174E-016 -4.8720694481477313E-016  2.7088540913950043E-001  1.1369200654013731E-015 -1.2818943832496139E-015 -4.6685988853448732E-016  6.3642325374144301E-018 -8.7405619078563599E-016  4.6441765565942239E-001 -1.2512635018271787E-015  3.9176416310447381E-016 -1.0574017449579384E-016 -6.8072355418533180E-016 -2.9687806978376337E-016 -7.7674014453184832E-018 -1.3522460030378365E-015  1.8292908055580998E-015  8.5889653440098927E-016  4.4875573779900057E-017 -1.1984804706112150E-015  3.7854486235336913E-017  7.6723955527367882E-001 -3.2958940603762011E-016 -7.3903156590500659E-016 -4.9704916361861592E-016 -9.5413105004238332E-016 -6.0218954470336002E-018  1.3636151435622394E-016  4.4687925614508664E-016 -6.0427774718149745E-017  1.3547262244133988E-017  6.1122755404102212E-017  1.2342790442903670E-016  4.4283907960274107E-016  1.4915776579366761E-016  7.9584184198822343E-016 -2.9283447497975665E-016 -4.2031185381045887E-016  8.5390251162655235E-017
-4.8039929580633980E-016  9.1011591069905386E-016 -4.4997034179436030E-016  1.2937127740539043E-015 -3.4754652106856812E-015  2.9388056711095397E-016 -8.5279848080377003E-016  7.3472990399734312E-016  1.3311959811614493E-015  3.2244445898896017E-016  2.7088540913949882E-001  1.7966100956205348E-015 -1.9275575718265038E-018  1.3889077814188562E-015  1.2725639142339056E-015 -3.0642670724899702E-016  4.6441765565942433E-001  1.4495638041045138E-015 -3.2295226566661172E-017 -7.9310997379098913E-017  2.5003272589350684E-017  1.0262681550601534E-015 -8.4759634773486359E-016 -5.5368309451253454E-016  1.4229527437087224E-016 -3.7719026665925263E-016  6.7936377986289545E-016  6.8346250737752442E-016 -3.2958940603762011E-016  7.6723955527368359E-001  1.5063721708988229E-015  2.3178868989373970E-016 -6.3274607902272932E-016 -7.7247014892496334E-017 -2.3368893786295471E-016  2.1897506486766830E-016  4.1521743846845034E-017  8.8188603810479108E-018  5.0584140956836658E-017 -5.9578791492462024E-016  1.9291435566145397E-016 -3.2698526633827110E-016  4.7429625631497662E-016  2.2694051892853096E-016  3.1268595407836853E-016 -6.5525463659137256E-017
 1.0522851606846100E-016  1.1552572099660482E-016 -3.6183582010239236E-016  4.1122973012671259E-015  1.2757633440532236E-014 -4.1064698729710347E-016 -8.8090702527173548E-017  2.2283250000976048E-016 -1.3544270456974930E-001 -2.3094252321215010E-016  7.6580513903391469E-016  2.7088540913950504E-001  9.7517020734569485E-016 -1.3544270456974536E-001 -2.3220882782969063E-001 -6.8447118924803643E-016  5.1425456220316278E-016  4.6441765565941623E-001  4.6018593128392302E-016 -2.3220882782971983E-001 -1.3394830801261153E-015  1.5318730932044009E-015 -4.5489674947229470E-016 -1.0074540143851152E-013 -7.2008071564519562E-015  7.6170869676321100E-015  1.5827012273057081E-015 -3.8361977763679217E-001 -7.3903156590500659E-016  1.5063721708988229E-015  7.6723955527365428E-001 -4.0877111683715005E-017 -3.8361977763683663E-001 -1.2867553158799513E-017 -3.0773863413298616E-017  2.5137986374436865E-016  5.8442824115617221E-018 -3.0664249953392866E-017  1.3882010326897219E-017 -3.8003919522485039E-017  2.2831481756222740E-016  7.1892620533869080E-017  1.3605547493326457E-016 -1.0778855622922563E-013  9.8689031688015273E-014 -2.6605026843500033E-014
-3.4373388114495475E-016  2.0234976729926462E-016 -2.2313895607117268E-016  1.1540054717304201E-015 -2.4549024839908253E-015  3.3695678596806584E-016 -2.8885041781257713E-016  8.5993987118156577E-016  1.0222535283578692E-015 -5.6476000354260177E-017  1.2496620937014018E-016  2.9073509155668609E-015  2.7088540913949416E-001  1.3058341603014527E-015  1.4467909985693047E-015 -3.3750035625800053E-016  1.3623429351193141E-016 -1.8528539365615032E-016  4.6441765565942450E-001  1.0745282954238302E-015 -1.8007655172574041E-016 -6.1414545694968576E-017 -8.5073210802816499E-016 -2.4715162277180532E-015 -5.6270491711117012E-016  1.2299182303921844E-017 -1.8406178885002695E-016  2.2026086496856286E-015 -4.9704916361861592E-016  2.3178868989373970E-016 -4.0877111683715005E-017  7.6723955527368359E-001  1.1837158787577914E-015 -3.9827239712075084E-017  3.4131488098683473E-017  7.7128739770941073E-017  5.0497721077434475E-017  8.6319654472352887E-018  3.2444679815325357E-018  1.7161382209030974E-016  1.8509426838612231E-016 -1.1848168861637530E-018  2.5806906561221847E-016 -8.5402629098481905E-016  1.2394046492158608E-015 -3.2214732813951776E-016
-4.7853977503344358E-016  3.4866276043780800E-017  5.7790550081691199E-018 -1.2762435522788799E-014 -8.9596695170759577E-015 -3.6010140144720371E-017 -1.3908248051524677E-017 -2.5594188706166560E-017 -1.3544270456974816E-001 -3.5444281215939928E-016 -8.3033260961615236E-016 -1.3544270456975419E-001 -1.1946468674906774E-016  2.7088540913946901E-001 -2.3220882782970481E-001 -1.6277062585690836E-016  2.2948556413056101E-016 -2.3220882782971017E-001  9.1406273963321006E-016  4.6441765565939169E-001 -1.2753705654672089E-015  1.5852027405182440E-015  5.1184132581142727E-016  3.9148410428018282E-016 -6.5134444860074649E-015  7.1663077894673736E-015  1.2080746347150724E-015 -3.8361977763682653E-001 -9.5413105004238332E-016 -6.3274607902272932E-016 -3.8361977763683663E-001  1.1837158787577914E-015  7.6723955527358922E-001 -1.7791504865676539E-017 -1.7193291449538758E-017 -1.6998103308671970E-016  4.8632054295119650E-017  1.2927605186123929E-017 -2.3323125802494422E-017 -2.5874593347926441E-017 -1.8919807081834547E-016 -1.4270494121869827E-016  1.1325266752628692E-016 -1.1720520818551599E-013  7.3398319341406720E-014 -1.9677760470066711E-014
-2.0540667817971385E-017 -1.8951738973061014E-019 -9.4787032063097359E-019  3.1063623528622571E-020 -1.1257339293214726E-019  1.4664213656528755E-016  1.3529859493149197E-018  6.7669527708143514E-018  1.0824639344576354E-017 -2.1261203241515669E-018 -2.7273214852028597E-017 -4.5430822460956461E-018 -1.4061603120100522E-017 -6.2815570986139587E-018  1.8558229635719279E-017 -3.6451125947867115E-018 -4.6758378548755183E-017 -7.7888565976588345E-018 -2.4107820264644095E-017 -1.0769373038153162E-017  2.4464976154900402E-015  2.2572481391351914E-017  1.1289615799215920E-016 -3.4168340991764436E-018  1.2145882618697307E-014  1.1206334625310462E-016  5.6048429166358449E-016  3.0659058024316319E-017 -6.0218954470336002E-018 -7.7247014892496334E-017 -1.2867553158799513E-017 -3.9827239712075084E-017 -1.7791504865676539E-017  9.9277871506868719E-029  1.3244738829006765E-030  4.8677396602569297E-030  4.6387283326458252E-029 -7.1141591353103049E-032  6.5826745005438408E-029  3.0300263428543267E-030  3.8595389871852687E-030  1.3218879165826582E-030  1.4889788483108032E-030 -6.9580220976691810E-018  5.4204588740055873E-018 -1.4601715373457655E-018
