   2.0600234548142001E-016   2.5971655337786401E-017   6.8205647586223556E-024   2.0600229690860363E-016  -1.2186590809653935E-024  -4.1200507777857288E-016  -1.0118866244307742E-008  -1.3465344182146752E-018   5.4046351959826797E-019  -6.0358921219673257E-019  -5.7115343666676874E-009   9.9189365174996577E-018  -3.9811885728437229E-018   4.4461930932252975E-018  -1.0306516008413235E-016  -3.1913196133648293E-017   1.9673581540360523E-024  -1.0306510566083477E-016   3.3321554068185910E-024   2.0612939052213174E-016   2.3265715013304981E-016  -9.3382167447575292E-017   1.0428926897499203E-016   3.2329708973205706E-009  -2.5347061894143100E-017   2.1835068363477577E-017  -1.0554737288868982E-024  -2.5347050681979204E-017   3.0627722059223715E-024   5.0693842372137747E-017   8.1209131527797014E-016  -3.2595107803982280E-016   3.6402237723780444E-016   2.7783837413840247E-009  -1.6138821084178377E-009  -4.5207391372706787E-010
   2.5971655337786401E-017   3.2753604569497580E-018   8.3975227878668293E-025   2.5971649198708417E-017  -1.4484304042449208E-025  -5.1943359596125956E-017  -1.2756000899861964E-009   4.2548775160339660E-019  -1.6153265549720325E-019   5.6883307750966265E-019  -7.2038895250580926E-010  -3.1342550359902762E-018   1.1898942563770416E-018  -4.1901766124181758E-018  -1.2994834136941027E-017  -4.0266422504138280E-018   2.6853939665936415E-025  -1.2994827241295825E-017   4.2585247943008604E-025   2.5989550550183962E-017  -7.3516618938263407E-017   2.7909988961651352E-017  -9.8284170038310135E-017   3.8813597161377861E-010  -3.1831500019524037E-018   2.7320556614371487E-018  -1.6741375120688695E-025  -3.1831483360658152E-018   3.8904024556432403E-025   6.3662623626253857E-018  -2.5661024370568564E-016   9.7420002038137040E-017  -3.4306154133087221E-016   3.1486377081582842E-010  -1.7877266957575935E-010  -4.9714907738658436E-011
   6.8205647586223556E-024   8.3975227878668293E-025   1.5023726550148786E-030   6.8205642517324114E-024   2.4766482476255053E-031  -1.3641140180771502E-023  -3.3768952823358987E-016   1.0390318930148358E-018  -1.4083416407440458E-018   3.3750802234002529E-019  -1.8283428536024307E-016  -7.6537854153371136E-018   1.0374218688507338E-017  -2.4861738578904769E-018  -3.3933888528098138E-024  -9.9184713933258558E-025  -7.2826781150836441E-031  -3.3933886962130696E-024  -5.3963345338459036E-031   6.7867575630221826E-024  -1.7952606571717011E-016   2.4333614344591215E-016  -5.8315330998471768E-017   5.0091484162227500E-016  -1.0916168970370147E-024   1.1437667571923157E-024   4.6173596941301863E-031  -1.0916219569060759E-024   2.0769318245229003E-032   2.1832678339029940E-024  -6.2663692172917386E-016   8.4936641680796289E-016  -2.0355004603485467E-016   8.0891335675249833E-016  -5.5331712215553719E-016  -1.6232299196495122E-016
   2.0600229690860363E-016   2.5971649198708417E-017   6.8205642517324114E-024   2.0600224833579991E-016  -1.2186587729550154E-024  -4.1200498063284777E-016  -1.0118863860423081E-008   1.2990208635353166E-020  -2.5504418748586511E-019   4.7293241427821194E-019  -5.7115330152026054E-009  -9.5682933136947374E-020   1.8787330811733753E-018  -3.4837515244537394E-018  -1.0306513576821626E-016  -3.1913188559780592E-017   1.9673565885804773E-024  -1.0306508134493311E-016   3.3321542684958922E-024   2.0612934189052683E-016  -2.2442853713976009E-018   4.4067295256045077E-017  -8.1714354107046845E-017   3.2329704337764769E-009  -2.5347056109059419E-017   2.1835063534230980E-017  -1.0554731659247319E-024  -2.5347044896902179E-017   3.0627715241482276E-024   5.0693830802069646E-017  -7.8336967718596514E-018   1.5381718340040896E-016  -2.8522449134279091E-016   2.7783836300568132E-009  -1.6138821070419998E-009  -4.5207391890151279E-010
  -1.2186590809653935E-024  -1.4484304042449208E-025   2.4766482476255053E-031  -1.2186587729550154E-024   6.1357989539355020E-031   2.4373189257481234E-024   6.1023394380643421E-017   3.0665239485043616E-019  -1.1545428933377362E-018  -7.1134928522881410E-019   3.1049875612366286E-017  -2.2588836549459096E-018   8.5046693085098802E-018   5.2399880289734554E-018   6.0140531063631027E-025   1.6050423823855762E-025   4.3590359366813145E-031   6.0140500375367416E-025  -4.6054659323937399E-031  -1.2028095428392177E-024  -5.2984047463364836E-017   1.9948426563184153E-016   1.2290839410433492E-016  -1.9113702080802597E-016   2.6017284294754550E-025  -3.1295325537504986E-025  -3.7696753918765339E-031   2.6017466750192517E-025  -7.1397408482583570E-032  -5.2036345228592130E-025  -1.8494117205674797E-016   6.9630114501124204E-016   4.2901255724096453E-016  -3.2952913088170901E-016   2.2785484485050520E-016   6.7026934167959670E-017
  -4.1200507777857288E-016  -5.1943359596125956E-017  -1.3641140180771502E-023  -4.1200498063284777E-016   2.4373189257481234E-024   8.2401092918936287E-016   2.0237751468854566E-008   7.9437812252136724E-019  -2.9818966880907899E-019   5.9622079542248043E-021   1.1423079505616065E-008  -5.8516132284396401E-018   2.1965248037511648E-018  -4.3908054654774633E-020   2.0613051384058987E-016   6.3826452683138229E-017  -3.9347222001394813E-024   2.0613040499388856E-016  -6.6643176821954036E-024  -4.1225916838708865E-016  -1.3725465684242587E-016   5.1521344780034433E-017  -1.0299268779644836E-018  -6.4659448756248374E-009   5.0694169467312933E-017  -4.3670174532981780E-017   2.1109549831664032E-024   5.0694147042925489E-017  -6.1255507736536219E-024  -1.0138777610146803E-016  -4.7908827999254159E-016   1.7983559928813200E-016  -3.5949637458752105E-018  -5.5567672580985804E-009   3.2277634529694257E-009   9.0414755784489694E-010
  -1.0118866244307742E-008  -1.2756000899861964E-009  -3.3768952823358987E-016  -1.0118863860423081E-008   6.1023394380643421E-017   2.0237751468854566E-008  0.49705761510680513       -5.6485118183346074E-017  -6.8129709665882315E-017   1.9840549648259047E-017  0.28051049641287273        7.3886175193414040E-017   5.6631598462309223E-017   1.0526609614332332E-016   5.0624520718716003E-009   1.5671581468073000E-009  -9.3927233213981240E-017   5.0624494031171758E-009  -1.6291582783637838E-016  -1.0124858547961883E-008  -4.2930893002198286E-016   1.0403893054659313E-015   1.7163770589885155E-015 -0.16137538917049318        1.2466992487054828E-009  -1.0752891754396201E-009   4.7306645331295318E-017   1.2466987313036629E-009  -1.5006029656799191E-016  -2.4933849598762626E-009  -1.3393735553677100E-015   3.6683199240940347E-015   6.0833062373652895E-015 -0.14115500048992860        8.2537574273681996E-002   2.3167934479565531E-002
  -1.3465344182146752E-018   4.2548775160339660E-019   1.0390318930148358E-018   1.2990208635353166E-020   3.0665239485043616E-019   7.9437812252136724E-019  -5.6485118183346074E-017   3.6569219144013900E-006   9.8913029931035757E-013  -1.0337661064252757E-017  -2.4376922608536667E-017  -2.6937856505986639E-005  -4.7482761216708458E-012   3.5773805388477997E-017   2.7157889548814533E-019   7.4427214625667368E-019  -7.2407717853499903E-019  -1.1303581541626922E-018  -1.5016427483260384E-019   3.2224190665010238E-019  -6.3185037276094070E-004  -8.9237396742113994E-011   6.6917959966963258E-016   5.4026388627623950E-016  -7.5859111414040457E-020  -1.5250721214329577E-019  -3.4214669057544639E-019  -3.8829106632983353E-019   5.4917364426841805E-019  -4.7196712484872305E-019  -2.2054778894545230E-003  -2.9479745521318284E-010   2.3428184873269180E-015   9.6876962804852026E-016  -6.7363185097806616E-016  -1.9858844036270947E-016
   5.4046351959826797E-019  -1.6153265549720325E-019  -1.4083416407440458E-018  -2.5504418748586511E-019  -1.1545428933377362E-018  -2.9818966880907899E-019  -6.8129709665882315E-017   9.8913029931035757E-013   3.6569219143962939E-006   9.7501153213911871E-018  -5.0229763302453667E-017  -4.7482484387601519E-012  -2.6937856505988492E-005  -3.7025808799640555E-017  -7.7797425241618511E-019  -1.1513120515760425E-018   3.2659444090982363E-020   4.0804660356196725E-019   1.3425928002675357E-018   1.6841058298603725E-018  -8.9236554903080128E-011  -6.3185037276047916E-004  -9.0196295778312536E-016  -1.0447663637910467E-015   4.2585756266565732E-019   8.0961254948922777E-019   2.3451066310983446E-019   1.1434552681801807E-018   4.4348262018018602E-019  -1.9558606488677581E-019  -2.9479454169984161E-010  -2.2054778894529982E-003  -3.1529407033551913E-015  -1.9149391730776036E-015   1.3383966137343297E-015   3.9466460163346302E-016
  -6.0358921219673257E-019   5.6883307750966265E-019   3.3750802234002529E-019   4.7293241427821194E-019  -7.1134928522881410E-019   5.9622079542248043E-021   1.9840549648259047E-017  -1.0337661064252757E-017   9.7501153213911871E-018   3.6569205014728445E-006   4.1420076999974113E-017   5.0882878421447549E-017  -3.2581030499088669E-017  -2.6937849026613557E-005   3.9017317928562167E-019  -3.4900927338924993E-019  -1.7340403084236058E-018  -6.6010987232157615E-019   2.8385410121846277E-019  -1.4702640663491752E-018   1.1153481695260861E-015  -7.8072655963363347E-016  -6.3185025350812214E-004   5.3048526811435485E-016  -1.1988117308710337E-019  -8.0273590947693659E-020  -1.1881944830635155E-019   3.2596968842955813E-019  -7.7250620240512074E-020   5.5821599454762380E-019   3.8907579106047918E-015  -2.7330674243133003E-015  -2.2054774617001386E-003   9.8818346266857345E-016  -6.8832788404096520E-016  -2.0279611824980191E-016
  -5.7115343666676874E-009  -7.2038895250580926E-010  -1.8283428536024307E-016  -5.7115330152026054E-009   3.1049875612366286E-017   1.1423079505616065E-008  0.28051049641287273       -2.4376922608536667E-017  -5.0229763302453667E-017   4.1420076999974113E-017  0.15845199509084684        4.3968907499932986E-017  -9.5726783137805799E-018  -9.7375095092843493E-017   2.8578335706919873E-009   8.8580768321169641E-010  -6.0927458164454188E-017   2.8578320511154693E-009  -9.4176074143376498E-017  -5.7156412049065652E-009   2.6112864926920898E-016  -1.0180384182437652E-015  -2.3726553104633704E-015  -8.3580353599712581E-002   6.9888148697293109E-010  -5.9891990107996681E-010   3.9951639865430259E-017   6.9888109758956903E-010  -8.5820386310602192E-017  -1.3977544987634595E-009   9.2840628588646539E-016  -3.4804039682012689E-015  -8.2990975567175545E-015  -6.6009917335955529E-002   3.7060337965572197E-002   1.0268489806448490E-002
   9.9189365174996577E-018  -3.1342550359902762E-018  -7.6537854153371136E-018  -9.5682933136947374E-020  -2.2588836549459096E-018  -5.8516132284396401E-018   7.3886175193414040E-017  -2.6937856505986639E-005  -4.7482484387601519E-012   5.0882878421447549E-017   4.3968907499932986E-017   1.9843139397629608E-004   1.6281865785418129E-011  -7.7395319449646545E-017  -2.0005258409404749E-018  -5.4825073200687224E-018   5.3337445190566964E-018   8.3265150333179208E-018   1.1061507983685659E-018  -2.3737118747946875E-018   4.6543773898094715E-003   2.1883459708595559E-010  -5.6365659244271647E-016  -9.6016697173305516E-016   5.5879594861327851E-019   1.1234129379480216E-018   2.5203434105663723E-018   2.8602530722504271E-018  -4.0453583770486334E-018   3.4766402084157533E-018   1.6246134947340833E-002   6.4092814228572189E-010  -2.0193261227377784E-015  -1.7390495798462364E-015   1.2092236574380238E-015   3.5732339148052758E-016
  -3.9811885728437229E-018   1.1898942563770416E-018   1.0374218688507338E-017   1.8787330811733753E-018   8.5046693085098802E-018   2.1965248037511648E-018   5.6631598462309223E-017  -4.7482761216708458E-012  -2.6937856505988492E-005  -3.2581030499088669E-017  -9.5726783137805799E-018   1.6281865785418129E-011   1.9843139397659990E-004  -1.6317031764850641E-017   5.7307595265178915E-018   8.4808677634274657E-018  -2.4057862781192573E-019  -3.0057855617624490E-018  -9.8898946784423771E-018  -1.2405559291553117E-017   2.1883317898498348E-010   4.6543773898128776E-003  -1.3602676800502180E-016   1.3522037673238259E-015  -3.1369768414154120E-018  -5.9638267149485644E-018  -1.7274679657489176E-018  -8.4229920381517383E-018  -3.2668101948045948E-018   1.4407326081271109E-018   6.4092337604657428E-010   1.6246134947353358E-002  -4.4067354949025965E-016   2.4088573927901832E-015  -1.6874235328630406E-015  -4.9725161526207631E-016
   4.4461930932252975E-018  -4.1901766124181758E-018  -2.4861738578904769E-018  -3.4837515244537394E-018   5.2399880289734554E-018  -4.3908054654774633E-020   1.0526609614332332E-016   3.5773805388477997E-017  -3.7025808799640555E-017  -2.6937849026613557E-005  -9.7375095092843493E-017  -7.7395319449646545E-017  -1.6317031764850641E-017   1.9843136045434034E-004  -2.8741164595714075E-018   2.5708965445896321E-018   1.2773402105837848E-017   4.8625478370907103E-018  -2.0909448048103730E-018   1.0830350248685783E-017  -1.2396765522616890E-015  -2.6110791156782752E-016   4.6543770173768130E-003  -6.5953489394061344E-016   8.8307515388745595E-019   5.9131959366848569E-019   8.7525565804794093E-019  -2.4011808727901578E-018   5.6904861464835965E-019  -4.1119645788183499E-018  -4.3096244380493118E-015  -8.5293888447903095E-016   1.6246133562638067E-002  -1.2828686710325372E-015   8.8062657114498940E-016   2.5814832890294703E-016
  -1.0306516008413235E-016  -1.2994834136941027E-017  -3.3933888528098138E-024  -1.0306513576821626E-016   6.0140531063631027E-025   2.0613051384058987E-016   5.0624520718716003E-009   2.7157889548814533E-019  -7.7797425241618511E-019   3.9017317928562167E-019   2.8578335706919873E-009  -2.0005258409404749E-018   5.7307595265178915E-018  -2.8741164595714075E-018   5.1565479932387465E-017   1.5969530430993970E-017  -1.0036402010175176E-024   5.1565452671512472E-017  -1.6725411164207898E-024  -1.0313049426323189E-016  -4.6924061912772560E-017   1.3441984170609221E-016  -6.7414861690440661E-017  -1.5991271827484026E-009   1.2669637335167006E-017  -1.0904697474283681E-017   5.6047391564970978E-025   1.2669631487507734E-017  -1.5350764858766453E-024  -2.5339131834851748E-017  -1.6378874965596888E-016   4.6919334510705072E-016  -2.3531201717940323E-016  -1.3566317744265302E-009   7.8413771821654930E-010   2.1930765048884983E-010
  -3.1913196133648293E-017  -4.0266422504138280E-018  -9.9184713933258558E-025  -3.1913188559780592E-017   1.6050423823855762E-025   6.3826452683138229E-017   1.5671581468073000E-009   7.4427214625667368E-019  -1.1513120515760425E-018  -3.4900927338924993E-019   8.8580768321169641E-010  -5.4825073200687224E-018   8.4808677634274657E-018   2.5708965445896321E-018   1.5969530430993970E-017   4.9541734733746564E-018  -3.7069968127027596E-025   1.5969521889802630E-017  -5.3470014878851112E-025  -3.1938915175913571E-017  -1.2859688930105290E-016   1.9892597591664308E-016   6.0302574758279774E-017  -4.3828245640812004E-010   3.8865943487640833E-018  -3.3157765173496494E-018   2.7392439231823967E-025   3.8865918006547528E-018  -4.8380563447841551E-025  -7.7731381514708146E-018  -4.4886829488213713E-016   6.9435243368680158E-016   2.1048653307404718E-016  -3.1654968648259428E-010   1.7062132182731762E-010   4.6629497302851526E-011
   1.9673581540360523E-024   2.6853939665936415E-025  -7.2826781150836441E-031   1.9673565885804773E-024   4.3590359366813145E-031  -3.9347222001394813E-024  -9.3927233213981240E-017  -7.2407717853499903E-019   3.2659444090982363E-020  -1.7340403084236058E-018  -6.0927458164454188E-017   5.3337445190566964E-018  -2.4057862781192573E-019   1.2773402105837848E-017  -1.0036402010175176E-024  -3.7069968127027596E-025   1.4071349873190791E-030  -1.0036381894419390E-024   5.7453614229027385E-032   2.0072609895565626E-024   1.2510752171966069E-016  -5.6429810479478186E-018   2.9961105471938483E-016  -3.7000213702740029E-016   1.4815980323115282E-026  -2.1978049286228630E-025  -5.9143463420984096E-031   1.4821142184544016E-026   2.0898314013415170E-032  -2.9679205736820059E-026   4.3668862905889466E-016  -1.9696865834003140E-017   1.0457943552147638E-015  -7.0313735469504373E-016   4.9335867026822744E-016   1.4565802156307118E-016
  -1.0306510566083477E-016  -1.2994827241295825E-017  -3.3933886962130696E-024  -1.0306508134493311E-016   6.0140500375367416E-025   2.0613040499388856E-016   5.0624494031171758E-009  -1.1303581541626922E-018   4.0804660356196725E-019  -6.6010987232157615E-019   2.8578320511154693E-009   8.3265150333179208E-018  -3.0057855617624490E-018   4.8625478370907103E-018   5.1565452671512472E-017   1.5969521889802630E-017  -1.0036381894419390E-024   5.1565425410654255E-017  -1.6725396266831637E-024  -1.0313043974174545E-016   1.9530548659915125E-016  -7.0503274506005294E-017   1.1405520640313203E-016  -1.5991269982451538E-009   1.2669631067872635E-017  -1.0904692421154356E-017   5.6047269631841431E-025   1.2669625220225232E-017  -1.5350756213682202E-024  -2.5339119300411384E-017   6.8171509091409342E-016  -2.4609214868947344E-016   3.9811044792437994E-016  -1.3566322592222503E-009   7.8413814167800404E-010   2.1930778156871091E-010
   3.3321554068185910E-024   4.2585247943008604E-025  -5.3963345338459036E-031   3.3321542684958922E-024  -4.6054659323937399E-031  -6.6643176821954036E-024  -1.6291582783637838E-016  -1.5016427483260384E-019   1.3425928002675357E-018   2.8385410121846277E-019  -9.4176074143376498E-017   1.1061507983685659E-018  -9.8898946784423771E-018  -2.0909448048103730E-018  -1.6725411164207898E-024  -5.3470014878851112E-025   5.7453614229027385E-032  -1.6725396266831637E-024   6.0825816170739323E-031   3.3450641543123491E-024   2.5945717435328929E-017  -2.3197590581246498E-016  -4.9044896037762308E-017  -6.0162982971794676E-017  -3.3793353170107074E-025   2.3303697393581665E-025  -1.2463203997739135E-031  -3.3793158128348311E-025   2.0058729877174793E-031   6.7585030906996850E-025   9.0563703793380963E-017  -8.0971342843870510E-016  -1.7119153188932189E-016  -1.5975192398677606E-016   1.1661953906396459E-016   3.4759843046405394E-017
   2.0612939052213174E-016   2.5989550550183962E-017   6.7867575630221826E-024   2.0612934189052683E-016  -1.2028095428392177E-024  -4.1225916838708865E-016  -1.0124858547961883E-008   3.2224190665010238E-019   1.6841058298603725E-018  -1.4702640663491752E-018  -5.7156412049065652E-009  -2.3737118747946875E-018  -1.2405559291553117E-017   1.0830350248685783E-017  -1.0313049426323189E-016  -3.1938915175913571E-017   2.0072609895565626E-024  -1.0313043974174545E-016   3.3450641543123491E-024   2.0626005732784391E-016  -5.5677385293659316E-017  -2.9098294619846067E-016   2.5403512541082118E-016   3.1982499212471008E-009  -2.5339166785550891E-017   2.1809307251130176E-017  -1.1209252120320872E-024  -2.5339155090414630E-017   3.0701377968854663E-024   5.0678047902534167E-017  -1.9434227492418894E-016  -1.0156778909251934E-015   8.8671127343198417E-016   2.7132694772351995E-009  -1.5682810293972303E-009  -4.3861705646591231E-010
   2.3265715013304981E-016  -7.3516618938263407E-017  -1.7952606571717011E-016  -2.2442853713976009E-018  -5.2984047463364836E-017  -1.3725465684242587E-016  -4.2930893002198286E-016  -6.3185037276094070E-004  -8.9236554903080128E-011   1.1153481695260861E-015   2.6112864926920898E-016   4.6543773898094715E-003   2.1883317898498348E-010  -1.2396765522616890E-015  -4.6924061912772560E-017  -1.2859688930105290E-016   1.2510752171966069E-016   1.9530548659915125E-016   2.5945717435328929E-017  -5.5677385293659316E-017  0.10917238675124899        1.3079626536682115E-009   2.8241433714173980E-016   9.4088173262253189E-016   1.3107017938163597E-017   2.6350641114031411E-017   5.9116803200034991E-017   6.7089659732699643E-017  -9.4887324297768065E-017   8.1547595971331597E-017  0.38106693530424707        1.6823654166959546E-009  -2.3109769306528527E-016   1.2986137016956728E-015  -9.1982948161229472E-016  -2.4606562669642454E-016
  -9.3382167447575292E-017   2.7909988961651352E-017   2.4333614344591215E-016   4.4067295256045077E-017   1.9948426563184153E-016   5.1521344780034433E-017   1.0403893054659313E-015  -8.9237396742113994E-011  -6.3185037276047916E-004  -7.8072655963363347E-016  -1.0180384182437652E-015   2.1883459708595559E-010   4.6543773898128776E-003  -2.6110791156782752E-016   1.3441984170609221E-016   1.9892597591664308E-016  -5.6429810479478186E-018  -7.0503274506005294E-017  -2.3197590581246498E-016  -2.9098294619846067E-016   1.3079626536682115E-009  0.10917238675124162       -3.3787127826437335E-016  -9.6124798020647811E-017  -7.3580445444690221E-017  -1.3988667019245985E-016  -4.0519234841239813E-017  -1.9756843694172048E-016  -7.6625812796650541E-017   3.3793569372643538E-017   1.6823697244005924E-009  0.38106693530423624       -3.7883887379127484E-016  -1.5588805574982094E-015   9.1961160512211653E-016   2.7616032556067404E-016
   1.0428926897499203E-016  -9.8284170038310135E-017  -5.8315330998471768E-017  -8.1714354107046845E-017   1.2290839410433492E-016  -1.0299268779644836E-018   1.7163770589885155E-015   6.6917959966963258E-016  -9.0196295778312536E-016  -6.3185025350812214E-004  -2.3726553104633704E-015  -5.6365659244271647E-016  -1.3602676800502180E-016   4.6543770173768130E-003  -6.7414861690440661E-017   6.0302574758279774E-017   2.9961105471938483E-016   1.1405520640313203E-016  -4.9044896037762308E-017   2.5403512541082118E-016   2.8241433714173980E-016  -3.3787127826437335E-016  0.10917238772280781        1.7723511998977671E-015   2.0713269354176711E-017   1.3869925629393567E-017   2.0529868917032521E-017  -5.6321760465664136E-017   1.3347521217003133E-017  -9.6449615730066438E-017   1.3956324702683875E-015   1.9187837354151666E-016  0.38106693670820291        1.0976946611637647E-015  -1.0702887937118818E-015  -3.4783881214363171E-016
   3.2329708973205706E-009   3.8813597161377861E-010   5.0091484162227500E-016   3.2329704337764769E-009  -1.9113702080802597E-016  -6.4659448756248374E-009 -0.16137538917049318        5.4026388627623950E-016  -1.0447663637910467E-015   5.3048526811435485E-016  -8.3580353599712581E-002  -9.6016697173305516E-016   1.3522037673238259E-015  -6.5953489394061344E-016  -1.5991271827484026E-009  -4.3828245640812004E-010  -3.7000213702740029E-016  -1.5991269982451538E-009  -6.0162982971794676E-017   3.1982499212471008E-009   9.4088173262253189E-016  -9.6124798020647811E-017   1.7723511998977671E-015  0.43115525879438121       -6.4156684783329832E-010   7.4912545354767826E-010   6.5486073578429608E-016  -6.4157160450453701E-010  -8.6757588793780197E-018   1.2831715419954738E-009  -4.5220664736577494E-016   2.2960124836840798E-015   2.6468749399770310E-015  0.73603381358668907      -0.50813275716015904      -0.14941570884476305     
  -2.5347061894143100E-017  -3.1831500019524037E-018  -1.0916168970370147E-024  -2.5347056109059419E-017   2.6017284294754550E-025   5.0694169467312933E-017   1.2466992487054828E-009  -7.5859111414040457E-020   4.2585756266565732E-019  -1.1988117308710337E-019   6.9888148697293109E-010   5.5879594861327851E-019  -3.1369768414154120E-018   8.8307515388745595E-019   1.2669637335167006E-017   3.8865943487640833E-018   1.4815980323115282E-026   1.2669631067872635E-017  -3.3793353170107074E-025  -2.5339166785550891E-017   1.3107017938163597E-017  -7.3580445444690221E-017   2.0713269354176711E-017  -6.4156684783329832E-010   3.2749797467358721E-018  -2.9470982648045410E-018  -3.0038489226341252E-025   3.2749815280224491E-018  -3.4049049282059887E-025  -6.5499519495697834E-018   4.5750137122802994E-017  -2.5683303156097855E-016   7.2299805211468202E-017  -7.8557287394301754E-010   5.0796031322558750E-010   1.4682442339226656E-010
   2.1835068363477577E-017   2.7320556614371487E-018   1.1437667571923157E-024   2.1835063534230980E-017  -3.1295325537504986E-025  -4.3670174532981780E-017  -1.0752891754396201E-009  -1.5250721214329577E-019   8.0961254948922777E-019  -8.0273590947693659E-020  -5.9891990107996681E-010   1.1234129379480216E-018  -5.9638267149485644E-018   5.9131959366848569E-019  -1.0904697474283681E-017  -3.3157765173496494E-018  -2.1978049286228630E-025  -1.0904692421154356E-017   2.3303697393581665E-025   2.1809307251130176E-017   2.6350641114031411E-017  -1.3988667019245985E-016   1.3869925629393567E-017   7.4912545354767826E-010  -2.9470982648045410E-018   2.7486540996623225E-018   6.0549600886510206E-025  -2.9471023465476072E-018   2.6401110462157731E-025   5.8942118559451881E-018   9.1977085894288122E-017  -4.8827534201935353E-016   4.8413062641233710E-017   1.0343053136544210E-009  -6.8690481497507366E-010  -1.9997704630674706E-010
  -1.0554737288868982E-024  -1.6741375120688695E-025   4.6173596941301863E-031  -1.0554731659247319E-024  -3.7696753918765339E-031   2.1109549831664032E-024   4.7306645331295318E-017  -3.4214669057544639E-019   2.3451066310983446E-019  -1.1881944830635155E-019   3.9951639865430259E-017   2.5203434105663723E-018  -1.7274679657489176E-018   8.7525565804794093E-019   5.6047391564970978E-025   2.7392439231823967E-025  -5.9143463420984096E-031   5.6047269631841431E-025  -1.2463203997739135E-031  -1.1209252120320872E-024   5.9116803200034991E-017  -4.0519234841239813E-017   2.0529868917032521E-017   6.5486073578429608E-016  -3.0038489226341252E-025   6.0549600886510206E-025   1.2413637412766489E-030  -3.0039359489340148E-025  -1.3627297508519613E-031   6.0084590907711154E-025   2.0634759216696808E-016  -1.4143265776028865E-016   7.1659642354779735E-017   1.2078828457615999E-015  -8.4386664457887406E-016  -2.4887582372219460E-016
  -2.5347050681979204E-017  -3.1831483360658152E-018  -1.0916219569060759E-024  -2.5347044896902179E-017   2.6017466750192517E-025   5.0694147042925489E-017   1.2466987313036629E-009  -3.8829106632983353E-019   1.1434552681801807E-018   3.2596968842955813E-019   6.9888109758956903E-010   2.8602530722504271E-018  -8.4229920381517383E-018  -2.4011808727901578E-018   1.2669631487507734E-017   3.8865918006547528E-018   1.4821142184544016E-026   1.2669625220225232E-017  -3.3793158128348311E-025  -2.5339155090414630E-017   6.7089659732699643E-017  -1.9756843694172048E-016  -5.6321760465664136E-017  -6.4157160450453701E-010   3.2749815280224491E-018  -2.9471023465476072E-018  -3.0039359489340148E-025   3.2749833093738171E-018  -3.4048955969118225E-025  -6.5499555127060300E-018   2.3417690727865707E-016  -6.8961393427770126E-016  -1.9659147256475460E-016  -7.8558170102894497E-010   5.0796648561028363E-010   1.4682624417267023E-010
   3.0627722059223715E-024   3.8904024556432403E-025   2.0769318245229003E-032   3.0627715241482276E-024  -7.1397408482583570E-032  -6.1255507736536219E-024  -1.5006029656799191E-016   5.4917364426841805E-019   4.4348262018018602E-019  -7.7250620240512074E-020  -8.5820386310602192E-017  -4.0453583770486334E-018  -3.2668101948045948E-018   5.6904861464835965E-019  -1.5350764858766453E-024  -4.8380563447841551E-025   2.0898314013415170E-032  -1.5350756213682202E-024   2.0058729877174793E-031   3.0701377968854663E-024  -9.4887324297768065E-017  -7.6625812796650541E-017   1.3347521217003133E-017  -8.6757588793780197E-018  -3.4049049282059887E-025   2.6401110462157731E-025  -1.3627297508519613E-031  -3.4048955969118225E-025   1.9188524165883405E-031   6.8097047696751837E-025  -3.3120482866092898E-016  -2.6746290195689336E-016   4.6589610513287612E-017  -6.1973732032384486E-017   4.8019733861497601E-017   1.4507081538582528E-017
   5.0693842372137747E-017   6.3662623626253857E-018   2.1832678339029940E-024   5.0693830802069646E-017  -5.2036345228592130E-025  -1.0138777610146803E-016  -2.4933849598762626E-009  -4.7196712484872305E-019  -1.9558606488677581E-019   5.5821599454762380E-019  -1.3977544987634595E-009   3.4766402084157533E-018   1.4407326081271109E-018  -4.1119645788183499E-018  -2.5339131834851748E-017  -7.7731381514708146E-018  -2.9679205736820059E-026  -2.5339119300411384E-017   6.7585030906996850E-025   5.0678047902534167E-017   8.1547595971331597E-017   3.3793569372643538E-017  -9.6449615730066438E-017   1.2831715419954738E-009  -6.5499519495697834E-018   5.8942118559451881E-018   6.0084590907711154E-025  -6.5499555127060300E-018   6.8097047696751837E-025   1.3099888816415563E-017   2.8464241476549614E-016   1.1795667753233098E-016  -3.3665802231920688E-016   1.5712188785674556E-009  -1.0159720593941953E-009  -2.9366404048969098E-010
   8.1209131527797014E-016  -2.5661024370568564E-016  -6.2663692172917386E-016  -7.8336967718596514E-018  -1.8494117205674797E-016  -4.7908827999254159E-016  -1.3393735553677100E-015  -2.2054778894545230E-003  -2.9479454169984161E-010   3.8907579106047918E-015   9.2840628588646539E-016   1.6246134947340833E-002   6.4092337604657428E-010  -4.3096244380493118E-015  -1.6378874965596888E-016  -4.4886829488213713E-016   4.3668862905889466E-016   6.8171509091409342E-016   9.0563703793380963E-017  -1.9434227492418894E-016  0.38106693530424707        1.6823697244005924E-009   1.3956324702683875E-015  -4.5220664736577494E-016   4.5750137122802994E-017   9.1977085894288122E-017   2.0634759216696808E-016   2.3417690727865707E-016  -3.3120482866092898E-016   2.8464241476549614E-016   1.3301166485719422       -4.1911110184580588E-009   6.2401256037403208E-016  -2.2268627868548660E-015   1.4983054837484009E-015   5.2890213239353216E-016
  -3.2595107803982280E-016   9.7420002038137040E-017   8.4936641680796289E-016   1.5381718340040896E-016   6.9630114501124204E-016   1.7983559928813200E-016   3.6683199240940347E-015  -2.9479745521318284E-010  -2.2054778894529982E-003  -2.7330674243133003E-015  -3.4804039682012689E-015   6.4092814228572189E-010   1.6246134947353358E-002  -8.5293888447903095E-016   4.6919334510705072E-016   6.9435243368680158E-016  -1.9696865834003140E-017  -2.4609214868947344E-016  -8.0971342843870510E-016  -1.0156778909251934E-015   1.6823654166959546E-009  0.38106693530423624        1.9187837354151666E-016   2.2960124836840798E-015  -2.5683303156097855E-016  -4.8827534201935353E-016  -1.4143265776028865E-016  -6.8961393427770126E-016  -2.6746290195689336E-016   1.1795667753233098E-016  -4.1911110184580588E-009   1.3301166485719567        3.4639717309825624E-015  -6.3459503874094713E-016  -1.4335570688044899E-016  -2.4662620136884959E-017
   3.6402237723780444E-016  -3.4306154133087221E-016  -2.0355004603485467E-016  -2.8522449134279091E-016   4.2901255724096453E-016  -3.5949637458752105E-018   6.0833062373652895E-015   2.3428184873269180E-015  -3.1529407033551913E-015  -2.2054774617001386E-003  -8.2990975567175545E-015  -2.0193261227377784E-015  -4.4067354949025965E-016   1.6246133562638067E-002  -2.3531201717940323E-016   2.1048653307404718E-016   1.0457943552147638E-015   3.9811044792437994E-016  -1.7119153188932189E-016   8.8671127343198417E-016  -2.3109769306528527E-016  -3.7883887379127484E-016  0.38106693670820291        2.6468749399770310E-015   7.2299805211468202E-017   4.8413062641233710E-017   7.1659642354779735E-017  -1.9659147256475460E-016   4.6589610513287612E-017  -3.3665802231920688E-016   6.2401256037403208E-016   3.4639717309825624E-015   1.3301166465358574       -2.5900581305789924E-015   7.3947101688065907E-016   1.0493895434664624E-016
   2.7783837413840247E-009   3.1486377081582842E-010   8.0891335675249833E-016   2.7783836300568132E-009  -3.2952913088170901E-016  -5.5567672580985804E-009 -0.14115500048992860        9.6876962804852026E-016  -1.9149391730776036E-015   9.8818346266857345E-016  -6.6009917335955529E-002  -1.7390495798462364E-015   2.4088573927901832E-015  -1.2828686710325372E-015  -1.3566317744265302E-009  -3.1654968648259428E-010  -7.0313735469504373E-016  -1.3566322592222503E-009  -1.5975192398677606E-016   2.7132694772351995E-009   1.2986137016956728E-015  -1.5588805574982094E-015   1.0976946611637647E-015  0.73603381358668907       -7.8557287394301754E-010   1.0343053136544210E-009   1.2078828457615999E-015  -7.8558170102894497E-010  -6.1973732032384486E-017   1.5712188785674556E-009  -2.2268627868548660E-015  -6.3459503874094713E-016  -2.5900581305789924E-015   1.2978237658338376      -0.90056066769648024      -0.26514762733955277     
  -1.6138821084178377E-009  -1.7877266957575935E-010  -5.5331712215553719E-016  -1.6138821070419998E-009   2.2785484485050520E-016   3.2277634529694257E-009   8.2537574273681996E-002  -6.7363185097806616E-016   1.3383966137343297E-015  -6.8832788404096520E-016   3.7060337965572197E-002   1.2092236574380238E-015  -1.6874235328630406E-015   8.8062657114498940E-016   7.8413771821654930E-010   1.7062132182731762E-010   4.9335867026822744E-016   7.8413814167800404E-010   1.1661953906396459E-016  -1.5682810293972303E-009  -9.1982948161229472E-016   9.1961160512211653E-016  -1.0702887937118818E-015 -0.50813275716015904        5.0796031322558750E-010  -6.8690481497507366E-010  -8.4386664457887406E-016   5.0796648561028363E-010   4.8019733861497601E-017  -1.0159720593941953E-009   1.4983054837484009E-015  -1.4335570688044899E-016   7.3947101688065907E-016 -0.90056066769648024       0.62539254385473908       0.18416748779040387     
  -4.5207391372706787E-010  -4.9714907738658436E-011  -1.6232299196495122E-016  -4.5207391890151279E-010   6.7026934167959670E-017   9.0414755784489694E-010   2.3167934479565531E-002  -1.9858844036270947E-016   3.9466460163346302E-016  -2.0279611824980191E-016   1.0268489806448490E-002   3.5732339148052758E-016  -4.9725161526207631E-016   2.5814832890294703E-016   2.1930765048884983E-010   4.6629497302851526E-011   1.4565802156307118E-016   2.1930778156871091E-010   3.4759843046405394E-017  -4.3861705646591231E-010  -2.4606562669642454E-016   2.7616032556067404E-016  -3.4783881214363171E-016 -0.14941570884476305        1.4682442339226656E-010  -1.9997704630674706E-010  -2.4887582372219460E-016   1.4682624417267023E-010   1.4507081538582528E-017  -2.9366404048969098E-010   5.2890213239353216E-016  -2.4662620136884959E-017   1.0493895434664624E-016 -0.26514762733955277       0.18416748779040387        5.4236862516355032E-002
