   3.2967787672336018E-005   4.4391784060645672E-010   5.8602235431510092E-010   1.0258648557288693E-016  -1.8630195503875328E-017  -1.6941587124163066E-018   2.5493026195547136E-018  -2.0249989029253563E-017  -4.2589285674500840E-019  -1.9823312102267997E-017   2.0952174653095521E-003   2.1817627372621904E-008   1.8276647159674276E-008   2.1821784446945197E-015   3.9034804495690567E-017   9.8120363952594310E-017   3.0387148691753351E-018  -2.7073106577685415E-017  -2.3761315557258612E-018  -8.3828904119407586E-018   4.8967347895055502E-003   5.1240471949955910E-008   4.1517516055923345E-008   4.2552859752840251E-015  -1.7493317961242402E-010  -3.1636517004899045E-010  -1.0760355417773787E-011  -1.0833430553457159E-011   1.0912406738705118E-010   2.4553079975969615E-010   1.8478151777391904E-010   8.1008260554306553E-011   6.8454747043792958E-011  -5.2359738359799680E-011   3.2514293155953655E-016   8.4625722806249350E-016   6.7999056746371674E-017  -2.3642757246649503E-016  -2.9555212148595807E-017  -7.4949204571573116E-017   2.8694242889890430E-003   3.0220869924226598E-008   2.4577572885234986E-008   2.2709785185912644E-015   5.9799642701189731E-015   4.6296116173276584E-016  -1.7002196473260060E-015  -2.0140769669724392E-016  -5.6761293324584139E-016  -5.3401774656092601E-003  -5.1861779558171879E-008  -4.2446057210366671E-008  -3.9989962055651545E-015  -7.1484864030562435E-011  -1.4982640124022253E-010  -2.3136400111367820E-011  -1.7390306975542186E-011   4.3761418389382443E-011   1.1329714281946046E-010   8.9409803742296463E-011   3.9214540134327078E-011   2.9870550693258220E-011  -1.1983951237995924E-011  -8.6961919154567649E-015  -1.4676581300091650E-003  -1.4043817738763252E-008  -1.1508360159736632E-008   6.7225695078879022E-015  -1.5665443475042981E-015
   4.4391784060645672E-010   3.2967793938866356E-005  -2.5965773438412211E-010   2.9922254211990079E-018   2.1475413936462676E-017  -1.7686523829805876E-018  -5.5245330117610027E-018  -3.0459608841402770E-017  -1.1087373777057881E-018  -2.6605011323520232E-017   6.7208433879671202E-009   2.0952172997999695E-003  -5.3349310705935281E-009  -1.3871184359745525E-015  -1.1042317090856414E-016   1.0961124767399528E-017   3.0558575097141276E-017  -2.4520476311226490E-017   1.4681141137645387E-018  -4.7600149984077721E-017   1.4420237706102393E-008   4.8967355499099190E-003  -1.1922904049891210E-008  -3.1860429039989019E-015  -3.0298301061409090E-011  -1.7294777027895477E-010   8.4026411373760677E-011   2.1792102652145687E-010   2.9298908981545639E-010  -1.7727158917349075E-010   1.8792759187138592E-010   5.5470345207449552E-011  -7.9183695859801526E-011  -1.0397471852216888E-010   1.2672005517005687E-017   8.6394433156752613E-017   1.6978125644052104E-016   3.9703651769632501E-017  -2.2764521717259236E-017  -9.4088341380977085E-017   8.6237827337537139E-009   2.8694246099203640E-003  -7.1804051580802259E-009  -4.1659276149843332E-017   6.0315000917240469E-016   1.2573728830248909E-015   5.0798456636533214E-016  -1.2090823021406465E-016  -4.6865614119986544E-016  -1.4850877227802585E-008  -5.3401779033280606E-003   1.2002356776142243E-008   2.3256997590930308E-015   2.4834519999429522E-012  -6.5523194378395573E-011   3.4252957963053693E-011   6.8913944823792067E-011   1.1226802922169487E-010  -7.2245843794353272E-011   6.8573359399913685E-011   9.9250679474690934E-012  -2.6477826330933195E-011  -3.2928345746703801E-011   5.1499723859881373E-015  -4.0250803535892554E-009  -1.4676582403420084E-003   3.2368052694041081E-009  -3.8019668342081378E-015   8.7135964588870534E-016
   5.8602235431510092E-010  -2.5965773438412211E-010   3.2968015709747542E-005   2.1725341613945611E-017  -2.2851298064611473E-017  -4.2725493237960160E-018   2.0199461509091726E-018  -9.9397123770724866E-018  -3.0228526386131051E-018  -3.1386770307786895E-018   1.9664553555586755E-008  -1.1290837641653540E-008   2.0952247316616138E-003  -2.6003475378187623E-016  -4.8788970458090530E-017   4.9737144094869716E-018  -7.1072816194638422E-019  -5.8423100816157851E-017   3.0052408961336669E-017  -4.5433924453383847E-017   4.4975871124086119E-008  -2.6459125813709707E-008   4.8967517011105303E-003  -1.0822499297061231E-015  -3.3139533611774693E-011  -4.5041559489213021E-011   3.5501708851645978E-010   1.9835898598084632E-010   1.5238623570698766E-010  -1.5389764713597112E-010   2.3211587411749121E-010  -3.0913653212803977E-010  -2.6637459452581528E-010  -3.4197485189761441E-011  -1.7358498190961065E-016   1.7928340596470090E-017   3.4160595169327170E-017  -3.9330547874964308E-017   2.0114267171449539E-016   1.7655750750321812E-016   2.6596265798162419E-008  -1.5708593365546390E-008   2.8694342967754399E-003  -1.0319421956144451E-015   1.3612239986495852E-016   2.1270765543763665E-016  -2.2455743526696395E-016   1.4409360058320150E-015   1.2583216678369473E-015  -4.5921862204807440E-008   2.6611382872817089E-008  -5.3401944336734855E-003  -1.6855563875811830E-015  -5.9528876883020319E-012  -1.3486362870919542E-011   1.5925263460740340E-010   8.7121239974507480E-011   4.9727862415143809E-011  -7.9134613133688332E-011   1.0113199369317807E-010  -1.4793591614922762E-010  -1.2219644458614459E-010  -8.4349407491277550E-012  -3.3284880899267725E-015  -1.2449941733004717E-008   7.1912129168001289E-009  -1.4676627144233636E-003   3.3856455400735121E-015  -8.5511475724731901E-016
   1.0258648557288693E-016   2.9922254211990079E-018   2.1725341613945611E-017   5.1141770769187167E-005   7.3470046061746623E-013   8.2387923785139296E-011   8.7772592999137614E-011  -3.3419617037619436E-011  -7.1193696543992967E-011   3.2685096213664040E-011   5.0210637307728333E-015   1.4433267624611862E-015   2.0247021132415288E-015   4.5648969467204188E-003  -6.4278793772479396E-011   2.7616183977086979E-011  -3.3134794430820951E-011   3.4853544958549487E-011  -4.6976493466561648E-011   2.9416524504471978E-011   1.1998132799010642E-014   3.1972389789795458E-015   4.6917914147091669E-015   8.9265009799720102E-003   1.4150580688759148E-018   4.6391262903367092E-018  -7.7151365241249840E-018   1.5722947177095954E-018  -4.2986468296976251E-019   1.7571422434783885E-018   5.8223363865002053E-018  -2.4680685331637251E-018   1.1299070257151173E-018  -6.7268611078818086E-019   5.8663807980345577E-011   3.2640756862295246E-010   6.6479515103681292E-010  -9.9746628405227080E-011  -1.1258650446720652E-011   4.1082353920387928E-011   6.3894396581796814E-015   2.9073091295221432E-015   3.1540698121769122E-015   6.0466531457220954E-010   2.2046141062457930E-009   4.7592433619770744E-009  -9.9796492758451719E-010  -6.3710211657474614E-011   3.9330115791801088E-010  -2.6912644118925303E-014   2.0780618945072293E-014   5.1079521476241002E-015  -2.7572686164123589E-003   6.8674921621718215E-019  -5.5424553358884795E-019   4.2549434238501805E-018  -1.3859542078594475E-018  -6.2931115640766778E-019   6.8067627886754939E-019  -5.5911904800873588E-018   4.7972132677932371E-018  -2.2438868977554406E-018   9.6320341947337915E-018  -6.6485334873523840E-003  -8.1189588520556286E-015   6.9737887153258779E-015   1.9336058372048838E-015   3.3859345614535214E-003  -6.4540650755112706E-004
  -1.8630195503875328E-017   2.1475413936462676E-017  -2.2851298064611473E-017   7.3470046061746623E-013   9.1317710118827474E-009  -1.9217680294871587E-014   7.2322580716494975E-014  -4.5658783943547995E-009   1.9510138718776165E-014  -4.5658926152549499E-009  -1.1409535449284342E-015   1.1867556485234756E-015  -1.4015411276837443E-015   5.9994438200690735E-011   2.0028787404533078E-006   4.7573714579408987E-012   5.4995872598285734E-012  -1.0014359463172700E-006   8.0405387560677120E-012  -1.0014427941357056E-006  -2.6824334700221452E-015   2.8298745117282719E-015  -3.2907219614644331E-015   1.1720653063919353E-010   3.0024978393811739E-021  -6.3795087630104052E-020  -1.4860711134460363E-020  -2.1920456074719174E-020   6.0924199554711018E-021  -5.4910154698331085E-021   2.3355904706189517E-019  -4.1136713980912384E-020  -7.3284880948048343E-020  -1.6732846913919666E-020   1.7491732729320797E-005   4.4643390741707871E-011   4.9511419228705142E-011  -8.7458356890638683E-006   6.8440862994360152E-011  -8.7458970402637862E-006  -1.3376623957304271E-015   8.8405647181163204E-016  -1.7298675085290981E-015   1.2329004912527754E-004   3.2099044397173133E-010   3.5082387979186207E-010  -6.1644797955552540E-005   4.8229296998769589E-010  -6.1645251169710176E-005   8.7137258268965751E-015  -2.2167796226634892E-014   8.4727075955890630E-015  -2.2652012365749145E-011  -5.5148711309491139E-021   7.5514937236365028E-020   2.1009073067775745E-020  -1.0045677986343830E-019  -1.0954122943482045E-021   4.3529568704397483E-020  -1.0869089618950521E-020  -5.8411387092835046E-020   2.7597123057734964E-020   1.4438841807186572E-020  -5.9157993994847167E-011   2.6951930608499394E-015  -7.0827228991634551E-015   2.5820662587167016E-015   1.8475486815688756E-011  -2.0728136224491119E-012
  -1.6941587124163066E-018  -1.7686523829805876E-018  -4.2725493237960160E-018   8.2387923785139296E-011  -1.9217680294871587E-014   9.1318145301181613E-009  -1.6487128768222331E-016   1.0892218760151271E-013   2.8646346424337397E-013  -8.9704187838504032E-014  -1.3661238887095124E-016  -1.1991558997803401E-016  -2.8105409680362515E-016   7.5203526147040143E-009  -9.8263314473194730E-012   2.0028837077421133E-006   1.3355119849813471E-012   2.4067334994898787E-011   3.0384131197480475E-011  -1.4241001989018926E-011  -3.1506683876034151E-016  -2.7863227075416798E-016  -6.5368297918005005E-016   1.4643117850757462E-008   1.9143367007493675E-022   1.0891229372731012E-020   3.9288326215911197E-020   5.7916285038440537E-020   8.6671725804843906E-021  -4.2645035361549823E-020   7.3357604110688087E-020   5.3407697084551775E-021   8.0021296241284201E-021   4.7187108961299450E-020  -8.3518297696083515E-011   1.7491775013085147E-005   1.1931435693154266E-011   2.0967143286764516E-010   2.6542272282994283E-010  -1.2615313480711364E-010  -1.8564279590316373E-016  -1.8331709305597082E-016  -4.2132419559188347E-016  -5.7876727821730712E-010   1.2329034138442116E-004   7.9929698832664945E-011   1.4697545881831220E-009   1.8605259262621406E-009  -8.9098730987068164E-010   3.8095828906515850E-016  -1.8825625250286047E-016  -2.2738105593336806E-016  -5.7014190837825025E-009   2.5898220823303144E-020   3.2015113921281579E-020  -8.7255134155445380E-021  -4.3838113966459926E-020  -4.1456514699183050E-021  -1.7894682702682917E-020   1.3276757818248647E-020  -3.0740089995692520E-020  -1.0303679057186231E-020   2.8709555894505949E-020  -1.3333783494071058E-008   1.0652187438916206E-016  -7.7282478700702423E-017  -1.1129449005594913E-016   7.7963131642122770E-009  -1.6111459093894087E-009
   2.5493026195547136E-018  -5.5245330117610027E-018   2.0199461509091726E-018   8.7772592999137614E-011   7.2322580716494975E-014  -1.6487128768222331E-016   9.1319964806316231E-009  -1.2896594673831937E-013   8.8563640863419132E-014   5.6644538349739295E-014   1.5870267951444128E-016  -3.3269553411092825E-016   9.7773300621002195E-017   7.9869252848371391E-009   9.9401527514910054E-012  -1.2691228489595235E-012   2.0029043466040978E-006  -1.5990466053177831E-011   1.8480213209068776E-011   6.0503087001102024E-012   3.7177424914157729E-016  -7.8401177356084621E-016   2.3804815045886864E-016   1.5556778453884117E-008   4.0229789399322123E-020  -6.6936106636695869E-020  -4.0443337131595793E-020  -1.3255247056318458E-020  -9.1738769278209744E-020  -3.5657274910896537E-020  -1.6103163724422603E-019  -1.0803436336186751E-019  -1.5058239329476012E-019  -1.3677965429244648E-019   8.8513279712425768E-011  -1.1363323182455143E-011   1.7491951421402815E-005  -1.4410109078488865E-010   1.6256602252794945E-010   5.5587808882105308E-011   2.1334178750987963E-016  -3.5279825528318455E-016   1.1185175348531998E-017   6.2608053743701758E-010  -8.4947185989177562E-011   1.2329156781576943E-004  -1.0234951595548372E-009   1.1450536324738300E-009   3.9741462081362088E-010  -5.1055638986520065E-016   3.4935425085308656E-015  -3.4243032500630476E-015  -6.0049973096476538E-009  -2.1923223521138405E-020  -1.7659580430614054E-020  -1.4429543407781605E-020   1.0212060236828411E-020  -4.5950851317084335E-020   2.2320517708716325E-020  -3.7229826050040620E-020  -1.4371510320842782E-020  -4.2279973457450723E-020  -9.4204675373980042E-020  -1.4060818416947301E-008  -1.4578928318462071E-016   1.0970460374385888E-015  -1.1053471525608808E-015   8.1854133554574800E-009  -1.6876830537509835E-009
  -2.0249989029253563E-017  -3.0459608841402770E-017  -9.9397123770724866E-018  -3.3419617037619436E-011  -4.5658783943547995E-009   1.0892218760151271E-013  -1.2896594673831937E-013   9.1318415911911165E-009  -3.1857629253029427E-014  -4.5659631964147593E-009  -1.2311539215192382E-015  -1.9356529841896762E-015  -6.7239178963714305E-016  -3.0578496506734864E-009  -1.0014416061229271E-006   3.6325328853423014E-013  -1.1131752999541673E-011   2.0028871136120220E-006  -1.6919174651617184E-012  -1.0014455074868276E-006  -2.8933766146228731E-015  -4.5244581124977968E-015  -1.5583393113715204E-015  -5.9493069145894049E-009  -1.6294282588821882E-020  -4.3444008768305633E-020   2.1162564111175916E-020  -1.2972097331190304E-020   4.5122251455751072E-020   4.0254605210020375E-020  -8.2022078252537365E-020   8.3661879485666246E-020   2.1094379438928747E-020   1.0427751204516903E-019  -8.7458856585706044E-006   1.2521928625410587E-012  -1.0107068167253821E-010   1.7491803031567148E-005  -1.4048547407599705E-011  -8.7459173729886648E-006  -1.4887198360575488E-015  -2.6400643135865941E-015  -1.0945136701607291E-015  -6.1645153477309986E-005  -1.2731656242415868E-013  -7.1848122663781333E-010   1.2329052332684564E-004  -1.0497925794232930E-010  -6.1645369849493381E-005   8.2384730990150947E-015   5.2105723181688868E-015  -2.7693470261998050E-015   2.3612231209659737E-009  -1.2909400208220758E-020  -4.8428019005495525E-020   3.5826927593053082E-020   9.4045950832242976E-020   1.2722563407564076E-020  -5.3728232143754482E-020  -2.6940661164691058E-020   5.0309007844931564E-020  -3.7787706473485682E-020   1.1857304405988621E-019   5.5087277088045038E-009   2.5280275449664859E-015   1.4463848854688460E-015  -9.9303900846184611E-016  -3.2520249000660491E-009   6.7540308428803454E-010
  -4.2589285674500840E-019  -1.1087373777057881E-018  -3.0228526386131051E-018  -7.1193696543992967E-011   1.9510138718776165E-014   2.8646346424337397E-013   8.8563640863419132E-014  -3.1857629253029427E-014   9.1316811249629952E-009   1.2347606798645135E-014  -3.3355567522382737E-017  -5.0841087846464960E-017  -1.9343126314830316E-016  -6.5322354548009471E-009  -3.2166850230564435E-012   3.2687799297152558E-011   9.2197815446303928E-013  -5.3154707052749794E-012   2.0028689177108912E-006   8.5321546038120764E-012  -7.5716410833331614E-017  -1.2480048830971778E-016  -4.5310746611910504E-016  -1.2708535340210766E-008  -2.1787183015843850E-020  -8.0977840900822778E-020  -2.5328490983255887E-020   3.8030540677446867E-020  -4.0185707470225094E-020   5.8277474299368121E-020  -1.3714672562853301E-019   7.9489362621166941E-021  -2.4488005148607057E-020  -7.0012893614975138E-020  -3.0648580517670636E-011   2.8604399809899767E-010   7.8827281274447840E-012  -4.5776248861601590E-011   1.7491646280975960E-005   7.6424829218985025E-011  -7.5923494030113620E-017   9.3176967170583617E-018  -2.4097325081826550E-016  -2.1934575410246135E-010   2.0068316614021656E-009   5.1968072323613355E-011  -3.2666490788992847E-010   1.2328944179664569E-004   5.4601066115134401E-010  -6.9609915303476946E-016   2.1695163159529590E-015   1.1045657893913939E-015   5.0766912717663551E-009   3.3551143588355247E-020   3.7886037623574199E-021  -6.2061861689083023E-020  -1.5614233101285470E-020  -2.4647412277373333E-020  -8.1707393282140744E-021   6.2233588540864372E-020   1.8037846706719065E-020   5.7921689925038892E-020   1.8311231935450715E-020   1.1833691279559162E-008  -2.3171810455040001E-016   7.0177638745481316E-016   3.3523844396460205E-016  -7.0083576027736570E-009   1.4579367328118199E-009
  -1.9823312102267997E-017  -2.6605011323520232E-017  -3.1386770307786895E-018   3.2685096213664040E-011  -4.5658926152549499E-009  -8.9704187838504032E-014   5.6644538349739295E-014  -4.5659631964147593E-009   1.2347606798645135E-014   9.1318558089751535E-009  -1.2091859448365297E-015  -1.6454990587218067E-015  -2.5313381631741456E-016   2.9978787247724004E-009  -1.0014371338318450E-006  -5.1205547707775115E-012   5.6324227685174424E-012  -1.0014511672022525E-006  -6.3485957077780703E-012   2.0028883010314979E-006  -2.8417018450583024E-015  -3.8590803972361252E-015  -5.7561012361039339E-016   5.8321437509158230E-009   1.3669643069782782E-020   1.0802635790394016E-019  -6.7779925829729053E-021   3.4426532821061913E-020  -5.1906564636447635E-020  -3.4804519058527620E-020  -1.5233280067918941E-019  -4.2387366709971325E-020   5.2470961063139268E-020  -8.7292480867132319E-020  -8.7458470663963280E-006  -4.5894972484871817E-011   5.1561507155990772E-011  -8.7459673416954579E-006  -5.4392092160470245E-011   1.7491814408090763E-005  -1.4570381654276747E-015  -2.0741565443165707E-015  -5.4391913187203667E-016  -6.1644895617279458E-005  -3.2085881995032763E-010   3.6767316864135227E-010  -6.1645725365599193E-005  -3.7731213723178319E-010   1.2329062098282153E-004   8.2206898683595928E-015   8.8278068841184810E-015  -4.4565455001392263E-015  -2.3386331012111628E-009   1.8572119692888638E-020  -2.6720664096830388E-020  -5.6970641577665423E-020   6.2858488230127469E-021  -1.1876277286469600E-020   1.0125285218288380E-020   3.7476255504873368E-020   8.1504048582531516E-021   1.0271759630895305E-020  -1.3294732651711624E-019  -5.4497020982445517E-009   2.5251286408740050E-015   2.6658840978747605E-015  -1.4886765924724518E-015   3.2336583043809831E-009  -6.7335618328537071E-010
   2.0952174653095521E-003   6.7208433879671202E-009   1.9664553555586755E-008   5.0210637307728333E-015  -1.1409535449284342E-015  -1.3661238887095124E-016   1.5870267951444128E-016  -1.2311539215192382E-015  -3.3355567522382737E-017  -1.2091859448365297E-015  0.13340985841464248        1.7687392151689900E-008   4.0616286972634463E-008  -1.1167861979236010E-014   8.1199167757757621E-017  -1.6462165221101165E-016  -3.0512837848358204E-016   1.1980421615139670E-016   7.5420249088429654E-017   1.2467916759634668E-016  0.31171209989546739        5.8010033399301061E-008   1.9222254513879861E-008  -1.2576178497586712E-014  -1.1146414729738941E-008  -2.0143061950687694E-008  -6.8063352371990475E-010  -7.0003514306232412E-010   6.9592950661480737E-009   1.5654512188316825E-008   1.1764873004249744E-008   5.1654125195171183E-009   4.3588283462927397E-009  -3.3427595225704655E-009  -4.6106597972043228E-016  -2.2918352403099993E-015  -1.4381299143681244E-016   8.0083058870276491E-016   1.2872197299401579E-018   5.2383435025143352E-016  0.18375157290667504        3.6200591301426726E-008   1.9451441429961460E-008  -4.5972555418748456E-015  -1.5112472846798130E-014  -2.0264634558884968E-015   3.5287093739368236E-015   4.8658860685866963E-016   1.2597287170966985E-015 -0.31303006494375579       -5.9087996762160317E-008  -3.1539927598839724E-008   1.2418400368697791E-014  -4.5030482940517280E-009  -9.4804941298827449E-009  -1.4283206562131042E-009  -1.1156502237244032E-009   2.7770296678232186E-009   7.1571135864652388E-009   5.6521356243169926E-009   2.4453659112081361E-009   1.8973577355239719E-009  -7.5806161037967446E-010   2.7434494308626076E-014  -8.4634477145886525E-002  -1.5959871366979725E-008  -8.5545811856845526E-009  -2.1114658429243505E-014   4.9226142765065987E-015
   2.1817627372621904E-008   2.0952172997999695E-003  -1.1290837641653540E-008   1.4433267624611862E-015   1.1867556485234756E-015  -1.1991558997803401E-016  -3.3269553411092825E-016  -1.9356529841896762E-015  -5.0841087846464960E-017  -1.6454990587218067E-015   1.7687392151689900E-008  0.13340981175263703       -5.7587744554400531E-009   1.6600440049918550E-014  -6.6772965446797797E-015   6.1436189498170093E-017   5.2396638550161256E-016  -2.1686427563982611E-015   1.9420206588647793E-016  -2.6725263900413970E-015  -4.0410293991808275E-008  0.31171206393450190        2.0985946867629337E-008  -1.3397081968933551E-015  -1.9488960905773501E-009  -1.1011303480891752E-008   5.3563595908717540E-009   1.3890742861335617E-008   1.8671850102906984E-008  -1.1276024320149042E-008   1.1981196073677721E-008   3.5478923017410950E-009  -5.0631669475852777E-009  -6.6368358907956610E-009   1.0828009013392363E-015  -9.5111830075254037E-017  -1.1266836981609273E-015  -2.0115922667263180E-015  -2.2026442522134892E-016  -1.7203620721061023E-015  -1.5531546156000576E-008  0.18375154326342460        3.1419918356221261E-009   8.5169885289898861E-016  -1.0028953726196852E-015  -4.4595901112325119E-015  -4.8304510438728229E-016   6.7796835950641944E-016  -5.5230694892624459E-016   2.7140847243554761E-008 -0.31303001646281631       -9.7599647131783732E-009  -2.6314584384076549E-015   1.7580604018425627E-010  -4.1391119381327375E-009   2.1706037602325893E-009   4.3545619873945534E-009   7.1253645917140504E-009  -4.5904304411712134E-009   4.3090888022568044E-009   6.3150218022308227E-010  -1.6421490539322231E-009  -2.0885657635446274E-009  -3.6518144240356630E-015   7.2844906786565401E-009  -8.4634464001006063E-002  -2.6287411375341724E-009   2.1668804879611954E-015  -4.3257869417202689E-016
   1.8276647159674276E-008  -5.3349310705935281E-009   2.0952247316616138E-003   2.0247021132415288E-015  -1.4015411276837443E-015  -2.8105409680362515E-016   9.7773300621002195E-017  -6.7239178963714305E-016  -1.9343126314830316E-016  -2.5313381631741456E-016   4.0616286972634463E-008  -5.7587744554400531E-009  0.13340985914572878        1.2391366615952487E-014  -2.0911335455378630E-015   1.5122373368319991E-016  -2.4096239461826255E-016  -3.3798498001020943E-015   3.6685244015852721E-016  -4.1414911736242313E-015   3.2935911421471385E-008  -1.8485580591410801E-008  0.31171209743007045       -4.7175570541460508E-015  -2.1197191534198591E-009  -2.8606709509216642E-009   2.2627358157718084E-008   1.2638322032621158E-008   9.6997974993089261E-009  -9.7944210639556082E-009   1.4774304953928566E-008  -1.9686361900514916E-008  -1.6961141055429456E-008  -2.1920975991287674E-009  -1.1774774961922972E-015  -2.5656489805089202E-016   1.9318960798822753E-016  -5.0197977152630629E-016  -6.8032083318977132E-016  -5.8305833724260066E-016   2.6351393612771207E-008  -1.7756620069516672E-008  0.18375157370864803        2.8143265026642783E-015  -1.2292238509841223E-015  -2.4601045733122956E-016   2.3889349773088616E-016  -3.2004128248788015E-015  -2.9003434942699044E-015  -4.3335164321985331E-008   2.4953204098194674E-008 -0.31303006544482331        1.5983401724132115E-015  -3.9220390146405742E-010  -8.7223948896223170E-010   1.0084787780470276E-008   5.5007347550910689E-009   3.1517023978714258E-009  -4.9745386413334973E-009   6.4157354437030092E-009  -9.3766571066670278E-009  -7.7353728401035334E-009  -5.2780613732650835E-010   5.6427493540598330E-015  -1.1738143643678348E-008   6.7276311759273044E-009  -8.4634477297568053E-002  -5.1036614526202160E-015   1.2745673861879665E-015
   2.1821784446945197E-015  -1.3871184359745525E-015  -2.6003475378187623E-016   4.5648969467204188E-003   5.9994438200690735E-011   7.5203526147040143E-009   7.9869252848371391E-009  -3.0578496506734864E-009  -6.5322354548009471E-009   2.9978787247724004E-009  -1.1167861979236010E-014   1.6600440049918550E-014   1.2391366615952487E-014  0.41834366757629660       -6.6564991693852552E-009  -8.0806805025274160E-010  -1.0269421605825359E-008   4.4937820930558473E-009  -4.3537138926071711E-009   2.1619760802402421E-009  -1.4658875777779491E-015   2.9687988404741597E-014   2.9923924142229047E-014  0.81425779039829504        1.0515589604034116E-016   4.8275346319638962E-016  -8.1044137774472147E-016   1.2618743306567747E-016  -2.6555090710566272E-017   1.8010637567114084E-016   8.6151226209919442E-016  -2.6989515679809917E-016   1.1405194141213773E-016  -1.8385995840409571E-016  -1.4801618006579057E-009   5.2788239512112867E-010  -2.8238050791132281E-009   1.9929247330864015E-009  -2.1201445085578153E-009  -5.1281898923907298E-010  -1.0294936330680489E-014   1.9123402549430297E-014   1.4505412698504558E-014   7.0921518503631765E-009  -4.7488059599072797E-009  -1.2783490395767932E-008  -1.2354869431256960E-008  -1.2624569633403053E-008   5.2629211449474975E-009  -7.0431516057936012E-016  -7.6949183978571696E-014  -5.9221655417646766E-014 -0.32223476531261996        3.3330301439797695E-017   2.6499910199758502E-017   4.5905298700554681E-016  -1.0326353006169852E-016  -8.0059994699013377E-017   5.6734920595126184E-017  -5.4644515140033531E-016   4.6427499686155390E-016  -2.4007205616289669E-016   1.0224379381322106E-015 -0.75211471608314451       -8.4234046435296535E-016  -2.3222256715427423E-014  -1.7776875911253169E-014  0.44338589279255497       -9.2019594141705310E-002
   3.9034804495690567E-017  -1.1042317090856414E-016  -4.8788970458090530E-017  -6.4278793772479396E-011   2.0028787404533078E-006  -9.8263314473194730E-012   9.9401527514910054E-012  -1.0014416061229271E-006  -3.2166850230564435E-012  -1.0014371338318450E-006   8.1199167757757621E-017  -6.6772965446797797E-015  -2.0911335455378630E-015  -6.6564991693852552E-009   4.3929301817696985E-004  -1.8717598156020362E-010  -9.2632685319603434E-011  -2.1964659066033923E-004   1.1940585732380868E-010  -2.1964642751655768E-004   4.7763312258766933E-016  -1.5821022555184895E-014  -4.9910036544836528E-015  -1.3147589234488192E-008   6.3433448692669786E-019  -1.4014624590114959E-017  -3.2197973789072850E-018  -4.8055593717793348E-018   1.3363645326638526E-018  -1.1742334308074320E-018   5.1261402147844721E-017  -9.0626832851927224E-018  -1.6097373770007488E-017  -3.6695177336363091E-018   3.8364759226824784E-003  -9.5564597313336941E-010  -4.8396240310267258E-010  -1.9182385040577138E-003   6.5249652976198211E-010  -1.9182374186262686E-003   2.1214897371481796E-016  -7.9771081027504719E-015  -3.3212592124215963E-015   2.7041306444296840E-002  -5.3490883714880849E-009  -3.0067599362769790E-009  -1.3520654768409629E-002   4.5748180815122349E-009  -1.3520651675883955E-002   1.7634487169839068E-015   4.7614521896402348E-014  -5.5208939068144887E-015   5.0456116357340044E-009  -1.2183226856516064E-018   1.6554144449540412E-017   4.6225127378882366E-018  -2.2034392145943352E-017  -2.4463654311897234E-019   9.5602293446254103E-018  -2.3733296417115598E-018  -1.2828933563967981E-017   6.0473064376251412E-018   3.1689995091440254E-018   1.1870431671435624E-008   5.9641789652646796E-016   1.4665150831156012E-014  -2.0824005160472034E-015  -6.9047350694798689E-009   1.4230116039999300E-009
   9.8120363952594310E-017   1.0961124767399528E-017   4.9737144094869716E-018   2.7616183977086979E-011   4.7573714579408987E-012   2.0028837077421133E-006  -1.2691228489595235E-012   3.6325328853423014E-013   3.2687799297152558E-011  -5.1205547707775115E-012  -1.6462165221101165E-016   6.1436189498170093E-017   1.5122373368319991E-016  -8.0806805025274160E-010  -1.8717598156020362E-010   4.3929311030559988E-004   2.9465004069635813E-011   1.1591790809790876E-010   4.7338135879966850E-011   7.1258418239733691E-011   5.5519883521354597E-016   1.7654720705829865E-016   4.3504278855753190E-016  -1.4409078195444083E-009   3.7678000664874497E-020   2.3793673984832453E-018   8.6318914858000983E-018   1.2710776254660635E-017   1.9108692744535644E-018  -9.3575486714882226E-018   1.6098708261392489E-017   1.1649924871902097E-018   1.7467698100976851E-018   1.0346982177658790E-017  -1.1308663333704686E-009   3.8364764866307076E-003   3.1577876802389744E-010   8.9938401563091025E-010   4.2843563406461384E-010   2.3148239787293137E-010  -1.2482935365720143E-016   1.0548685428020780E-016   2.1282529643694187E-016  -5.7975311258761173E-009   2.7041309152312603E-002   1.3114324558354414E-009   4.5608305584491512E-009   7.6079917174283556E-010   1.2367005873859153E-009   1.9955577958449947E-015   2.2381217010083618E-016  -9.1452552527669978E-016   4.9298604206165142E-010   5.6788542445624637E-018   7.0185604409260716E-018  -1.9111380081136525E-018  -9.6120836595819399E-018  -9.0560722111577316E-019  -3.9260047591982970E-018   2.9187337758630592E-018  -6.7475748428644629E-018  -2.2620523318781204E-018   6.2917683006507061E-018   1.0237485837764519E-009   6.5777881813093739E-016   8.2349416103621599E-017  -2.7535247884487692E-016  -5.2780275241975333E-010   9.9634441004419284E-011
   3.0387148691753351E-018   3.0558575097141276E-017  -7.1072816194638422E-019  -3.3134794430820951E-011   5.4995872598285734E-012   1.3355119849813471E-012   2.0029043466040978E-006  -1.1131752999541673E-011   9.2197815446303928E-013   5.6324227685174424E-012  -3.0512837848358204E-016   5.2396638550161256E-016  -2.4096239461826255E-016  -1.0269421605825359E-008  -9.2632685319603434E-011   2.9465004069635813E-011   4.3929341175208127E-004   2.5240612320014155E-010  -1.0974294654057009E-011  -1.5977444398120867E-010  -5.9533785461291051E-016   1.5455940308718353E-015  -5.4811832577084631E-016  -1.9325211797848160E-008   8.8254689253486484E-018  -1.4683006555661429E-017  -8.8669988022754819E-018  -2.9022250501024685E-018  -2.0114173091496731E-017  -7.8302926425116087E-018  -3.5321541328622407E-017  -2.3690344229750131E-017  -3.3028045676749921E-017  -3.0001030026130919E-017  -4.3570892587620860E-010   1.9594344169791044E-010   3.8364782773531877E-003   1.2281220807584271E-009   1.6124930908497740E-010  -7.9241363504360081E-010  -3.4583064275276531E-016   6.0078083157948296E-016  -1.6825836742755345E-016  -2.5893043159255204E-009   3.1672156353353560E-010   2.7041318050235214E-002   6.9452340537252332E-009   9.6348865200986126E-010  -4.3559300246031525E-009   2.0561843991818020E-015  -6.6512857990845112E-015   3.5976611086629076E-015   7.5369877791524506E-009  -4.8079550529580111E-018  -3.8740872035765631E-018  -3.1677515988127436E-018   2.2417724308719053E-018  -1.0075115022861642E-017   4.8929749284532333E-018  -8.1629817718044448E-018  -3.1516631025538913E-018  -9.2723335563884071E-018  -2.0666610239278364E-017   1.6917007121752083E-008   6.3456722667211393E-016  -2.0920506775592072E-015   1.1456146484601550E-015  -9.7850414333313598E-009   2.0029452334484767E-009
  -2.7073106577685415E-017  -2.4520476311226490E-017  -5.8423100816157851E-017   3.4853544958549487E-011  -1.0014359463172700E-006   2.4067334994898787E-011  -1.5990466053177831E-011   2.0028871136120220E-006  -5.3154707052749794E-012  -1.0014511672022525E-006   1.1980421615139670E-016  -2.1686427563982611E-015  -3.3798498001020943E-015   4.4937820930558473E-009  -2.1964659066033923E-004   1.1591790809790876E-010   2.5240612320014155E-010   4.3929329696772786E-004  -2.0933358848007114E-012  -2.1964670630689260E-004   7.5012026837583467E-017  -5.0030612092072960E-015  -7.9766381584516401E-015   9.2023766674055514E-009  -3.6045294597387093E-018  -9.6064073272949749E-018   4.6807909592536459E-018  -2.7881228988776768E-018   9.9794748907229304E-018   8.8139357503263323E-018  -1.7911331545290921E-017   1.8348915266896601E-017   4.6012227073353284E-018   2.2840495151252325E-017  -1.9182386225733430E-003   5.9119805566013935E-010   1.3592193971987036E-009   3.8364777382075741E-003   1.4133369866311696E-010  -1.9182391156325031E-003   2.5771982260080065E-016  -3.2747880214845353E-015  -4.2432566612051586E-015  -1.3520656330387569E-002   2.2032801916046122E-009   8.2453418475135474E-009   2.7041314564361645E-002  -3.1066884970291836E-010  -1.3520658233964805E-002   2.7636376213141300E-015  -2.9551511010061859E-015   1.9126478878541487E-014  -3.6488358279546969E-009  -2.8430530156208593E-018  -1.0658204189153876E-017   7.8696275098150364E-018   2.0643312197747457E-017   2.8218423793919413E-018  -1.1784800008651182E-017  -5.8765416811121386E-018   1.1035615791138617E-017  -8.2965568127124160E-018   2.5999493776572008E-017  -8.6519244372836517E-009   9.1205557833191583E-016  -1.2480731851488155E-015   5.7955454049483352E-015   5.1453486759837459E-009  -1.0733384937279240E-009
  -2.3761315557258612E-018   1.4681141137645387E-018   3.0052408961336669E-017  -4.6976493466561648E-011   8.0405387560677120E-012   3.0384131197480475E-011   1.8480213209068776E-011  -1.6919174651617184E-012   2.0028689177108912E-006  -6.3485957077780703E-012   7.5420249088429654E-017   1.9420206588647793E-016   3.6685244015852721E-016  -4.3537138926071711E-009   1.1940585732380868E-010   4.7338135879966850E-011  -1.0974294654057009E-011  -2.0933358848007114E-012   4.3929303841347932E-004  -1.1731277060570876E-010   1.5499294377914813E-016   4.8287891449133151E-016   1.0293465717043776E-015  -7.7860549654831910E-009  -4.7794182076404929E-018  -1.7762520144304853E-017  -5.5507689925400755E-018   8.3463400400029876E-018  -8.8091633673444378E-018   1.2779595710316570E-017  -3.0071593154905801E-017   1.7366334162956348E-018  -5.3759420157271527E-018  -1.5357922251299631E-017   4.8230984184698137E-010   5.3885688539410991E-010  -1.3265490274932201E-010   1.2313251846707225E-010   3.8364759540273109E-003  -6.0544239566272733E-010   1.4707142762836215E-016   1.1171441281146929E-016   5.4078676932323815E-016   2.6714020511175226E-009   1.7490124175798358E-009  -1.7230688635761888E-009  -1.2166888154864919E-011   2.7041307104031000E-002  -2.6592353466682598E-009   9.4465268414511793E-016  -4.2925229730954445E-015  -1.3938591421083464E-015   2.9273298804785123E-009   7.3585578752685376E-018   8.2970923451496513E-019  -1.3606384249568210E-017  -3.4220592680380884E-018  -5.4040302591826546E-018  -1.7943206270301912E-018   1.3651424287795912E-017   3.9546069380685674E-018   1.2699754850718261E-017   4.0192522284287469E-018   6.3083406075205544E-009   3.1835906912499635E-016  -1.3769380408221603E-015  -3.9990853607139010E-016  -3.5140353316327057E-009   7.0242215720502190E-010
  -8.3828904119407586E-018  -4.7600149984077721E-017  -4.5433924453383847E-017   2.9416524504471978E-011  -1.0014427941357056E-006  -1.4241001989018926E-011   6.0503087001102024E-012  -1.0014455074868276E-006   8.5321546038120764E-012   2.0028883010314979E-006   1.2467916759634668E-016  -2.6725263900413970E-015  -4.1414911736242313E-015   2.1619760802402421E-009  -2.1964642751655768E-004   7.1258418239733691E-011  -1.5977444398120867E-010  -2.1964670630689260E-004  -1.1731277060570876E-010   4.3929313382288132E-004   1.7725319305423081E-016  -6.1221617316272518E-015  -9.5259856208205889E-015   3.9437504020319496E-009   2.9704733942256814E-018   2.3622143290033536E-017  -1.4630742576248271E-018   7.5915763932115638E-018  -1.1318123683795898E-017  -7.6379699845280431E-018  -3.3352136976213947E-017  -9.2850989203914890E-018   1.1497812022014742E-017  -1.9170271105018344E-017  -1.9182373001084988E-003   3.6445092850179633E-010  -8.7526578082627499E-010  -1.9182392341455278E-003  -7.9383240453929607E-010   3.8364765342538028E-003   3.8359921426076905E-016  -4.1784640043820968E-015  -5.2310830304925143E-015  -1.3520650113904782E-002   3.1458294030618768E-009  -5.2386438442903904E-009  -1.3520659795921479E-002  -4.2641645701005655E-009   2.7041309909813734E-002   5.1665564851687515E-015  -6.4084198433722401E-015   2.0419858331226582E-014  -1.3965693794079988E-009   4.0613983628124315E-018  -5.8955122416082299E-018  -1.2493068222910189E-017   1.3902680149308030E-018  -2.5780607891251949E-018   2.2253521939804313E-018   8.2490011736663656E-018   1.7939428873792704E-018   2.2499897871601596E-018  -2.9168267548575286E-017  -3.2179232057258896E-009   1.7000485893542575E-015  -2.4444003283903778E-015   6.1309353903588073E-015   1.7592982207162497E-009  -3.4968232190549737E-010
   4.8967347895055502E-003   1.4420237706102393E-008   4.4975871124086119E-008   1.1998132799010642E-014  -2.6824334700221452E-015  -3.1506683876034151E-016   3.7177424914157729E-016  -2.8933766146228731E-015  -7.5716410833331614E-017  -2.8417018450583024E-015  0.31171209989546739       -4.0410293991808275E-008   3.2935911421471385E-008  -1.4658875777779491E-015   4.7763312258766933E-016   5.5519883521354597E-016  -5.9533785461291051E-016   7.5012026837583467E-017   1.5499294377914813E-016   1.7725319305423081E-016  0.72834077387511531       -5.5425726482169133E-008  -9.9825596350467055E-008   1.6984180968097650E-014  -2.6041096608885851E-008  -4.7064532011843302E-008  -1.5918295679514173E-009  -1.6324684218617617E-009   1.6256792243903118E-008   3.6570248039361471E-008   2.7488789351162828E-008   1.2066699258482508E-008   1.0184450732673037E-008  -7.8075130253962511E-009   1.4899194360557444E-015   2.9089020753596902E-015   7.2886087465902840E-016   1.5977474172995369E-016  -1.5153319035249001E-016   3.7224117682540446E-016  0.42900278187449842       -2.8055675991710445E-008  -4.0182829203456809E-008   7.3610128792705123E-015   2.2912088047629982E-014   2.7623805216815150E-015  -3.8285947189840971E-015   3.5711506248270766E-017  -3.0828135844552208E-015 -0.73998856523986545        5.2362562529565055E-008   6.4743265397679555E-008  -1.6399149340904240E-014  -1.0536854974945954E-008  -2.2170086634065479E-008  -3.3515892522036602E-009  -2.6040932816746395E-009   6.4914880318623330E-009   1.6740744199694630E-008   1.3219195969264426E-008   5.7300368879605823E-009   4.4346724985554576E-009  -1.7727921512252767E-009  -3.4584524782725879E-014 -0.20055488063022545        1.4117410150317694E-008   1.7049507604853650E-008   2.7470127831482471E-014  -6.4405800154032336E-015
   5.1240471949955910E-008   4.8967355499099190E-003  -2.6459125813709707E-008   3.1972389789795458E-015   2.8298745117282719E-015  -2.7863227075416798E-016  -7.8401177356084621E-016  -4.5244581124977968E-015  -1.2480048830971778E-016  -3.8590803972361252E-015   5.8010033399301061E-008  0.31171206393450190       -1.8485580591410801E-008   2.9687988404741597E-014  -1.5821022555184895E-014   1.7654720705829865E-016   1.5455940308718353E-015  -5.0030612092072960E-015   4.8287891449133151E-016  -6.1221617316272518E-015  -5.5425726482169133E-008  0.72834086056800229        3.7312013059594596E-008  -2.1274642212765140E-014  -4.5473183488592938E-009  -2.5728180721489709E-008   1.2513210425991683E-008   3.2450976343358407E-008   4.3621624581933172E-008  -2.6350108443560511E-008   2.7989234278893388E-008   8.2845703086578130E-009  -1.1823338863636435E-008  -1.5501746734415692E-008   1.5084058488461970E-015   7.7898294022355860E-017   2.1194443939589943E-017  -4.3846917364302170E-015  -3.7156782103970308E-016  -3.3156413339370014E-015  -1.3424263497748088E-008  0.42900281324887163        2.0902794503491477E-010  -5.7068162742143409E-015  -2.3952259072163065E-016   8.4060864558718293E-015   1.3587820007728171E-015   2.6841195842877608E-015   3.9301459438617732E-015   2.1570212343005862E-008 -0.73998862337192439       -1.6023416989905976E-008  -5.4018573686414427E-016   4.0514782223269251E-010  -9.6815266311558718E-009   5.0749362976316160E-009   1.0185081825867504E-008   1.6655780252763932E-008  -1.0728644435524044E-008   1.0086400450540246E-008   1.4756427541309773E-009  -3.8508273720626841E-009  -4.8825117415286982E-009   4.7581535101126245E-015   5.5543898993957097E-009 -0.20055489625909512       -4.5914640357874400E-009  -1.6754985200022297E-015   2.6467268768007962E-016
