   1.7388682409642860E-003   5.9891268211310277E-010   1.3329923554594543E-010   3.3637760176922703E-010  -1.1726243399369059E-009   4.2328962977225275E-009   9.4211156408667453E-010   1.3337457498507303E-009   4.0420478477460205E-010  -1.6112143768467185E-010   1.8416182709999306E-002   3.7447586125698653E-009   8.3346708422331893E-010  -1.2354871875269181E-009  -5.5917688006246205E-010   1.2465753937186719E-009   2.7744903245990758E-010   7.8191583772137157E-010   2.7165374781401868E-010  -2.2273894724314164E-010   2.5573209282657786E-002   3.9026216107761240E-009   8.6860191091227269E-010  -2.0791899993815825E-009  -2.0607155150074510E-012  -5.3021604517995883E-012  -1.1800717446030821E-012   3.5523235176549855E-012   1.1743372515053837E-012  -7.9060944196995618E-013   6.1019660436267118E-012   3.5422611400952010E-012  -2.8844713891308913E-012  -1.7605907248564162E-012  -3.8834084940903010E-010   1.0465839296214541E-009   2.3293714350336017E-010   5.0884543289917671E-010   1.7017317352358008E-010  -1.2050459031084230E-010   1.1373908020792346E-002   1.7743978030883716E-009   3.9492595711317316E-010   1.3304424344577903E-009  -5.1161927372714265E-003  -7.5244692094984835E-010  -1.6747042491029565E-010  -1.0028158341607259E-002  -1.4423744939431706E-009  -3.2102594479991339E-010  -2.2365525448728095E-010  -2.2747158766929511E-010
   5.9891268211310277E-010   1.7388634867827608E-003  -1.0746676183387197E-009  -2.7118956479737106E-009   1.7320066451647183E-009   1.2631070837599329E-009   4.0420480427346040E-010  -3.0309768296708271E-009  -2.2664743478405917E-009   1.2989704109571804E-009   3.7447590662783974E-009   1.8416152984025439E-002  -6.7194622286849293E-009   9.9605785249589163E-009   2.0867649745768089E-009   1.0471362436765773E-009   2.7165374657581590E-010  -3.8824993939461935E-009  -1.8789440242245010E-009   1.7957343428795903E-009   3.9026220286212653E-009   2.5573178303558590E-002  -7.0027261133016833E-009   1.6762564083335640E-008  -8.4140087269942788E-012   2.7313416642884606E-011   6.3879162957322949E-012   1.4173027158482495E-011   4.8594755176821351E-012  -2.8844785783670159E-012  -3.6834799302183781E-011  -2.5431560641589897E-011   2.2107321599424030E-011   1.4194405991244300E-011   1.1538265981347872E-009   6.2300669906597990E-010   1.7017316526376104E-010  -2.1253416224791482E-009  -1.1179010332237394E-009   9.7151501595069563E-010   1.7743979412680939E-009   1.1373893935585435E-002  -3.1839167336189872E-009  -1.0726102264735799E-008  -7.5244743451985047E-010  -5.1161867643300671E-003   1.3501635621322900E-009  -1.4423755344306557E-009  -1.0028146892004580E-002   2.5881445556013965E-009   1.8031193843182484E-009   1.8339001466382070E-009
   1.3329923554594543E-010  -1.0746676183387197E-009   1.7388680760635237E-003  -6.0358388676048161E-010   3.8549103650862440E-010   4.0420477038980856E-010  -4.6301686730492173E-010  -2.3932258216385294E-009   3.7328691225829107E-009   2.0077348766577464E-009   8.3346598471852111E-010  -6.7194618607153502E-009   1.8416181678944068E-002   2.2169168217294685E-009   4.6444927587076813E-010   2.7165377679075219E-010  -1.1293918562763055E-010  -1.4030418988319634E-009   9.1052232261722621E-010   9.3859274691669420E-010   8.6860077179489983E-010  -7.0027256748614817E-009   2.5573208208126797E-002   3.7308290635359833E-009  -1.8726885053585529E-012   6.3878857514201456E-012   3.4908301189157046E-014   3.5422274028666530E-012   1.2554211986131279E-013  -1.0297546422066970E-012  -1.0949162252010308E-011  -8.2815045785274687E-013   8.3019009045614618E-012   5.9447291419425447E-013   2.5680605078227401E-010   1.7017317341171096E-010  -1.0370413357856782E-010  -9.1305413766880465E-010   8.3606882161384561E-010   6.5624807640092652E-010   3.9492533189304102E-010  -3.1839163682851281E-009   1.1373907532242954E-002  -2.3873008163707456E-009  -1.6747005559592033E-010   1.3501644695381430E-009  -5.1161925300954461E-003  -3.2102521880682209E-010   2.5881464729295025E-009  -1.0028157944469068E-002   4.0131925277062273E-010   4.0816887516088622E-010
   3.3637760176922703E-010  -2.7118956479737106E-009  -6.0358388676048161E-010   1.6478502918776104E-004   7.8734633595760540E-011   3.3207727934010181E-011   7.3910128495484834E-012  -1.4955267144379521E-010  -5.9586758881097021E-011   7.0816493240316291E-011   3.7606733801996708E-009  -3.0318768966232884E-008  -6.7480181949501743E-009   8.3113147370391487E-003   3.6617915632406575E-011   1.5444025522981308E-011   3.4373604543435012E-012  -6.9552505314451921E-011  -2.7712204485209393E-011   3.2935264493924541E-011   5.3818971940500321E-009  -4.3389169322161825E-008  -9.6570840841236714E-009   1.3171055770744735E-002  -2.6546209549361471E-011   9.0988402341064734E-011   2.0251194967821827E-011   4.4950909974624392E-011   1.4678754483003848E-011  -9.3354175923216730E-012  -1.2391618044551668E-010  -8.0658312727700011E-011   7.5262671382104663E-011   4.5024797761421189E-011   1.0411462839558598E-011   4.3911158453681472E-012   9.7732377838348544E-013  -1.9775374982734328E-011  -7.8792591905476553E-012   9.3644547142764298E-012   2.4062636861861792E-009  -1.9399441884459259E-008  -4.3177149264619424E-009  -7.5611547383104862E-003  -9.6769901696989375E-010   7.8016248322468823E-009   1.7363966793579410E-009  -1.8843420208884408E-009   1.5191632286534431E-008   3.3811799803721788E-009   1.0531394564842859E-003   2.0116218197527933E-003
  -1.1726243399369059E-009   1.7320066451647183E-009   3.8549103650862440E-010   7.8734633595760540E-011   2.6408854561154038E-015  -1.4911002539191894E-015  -3.3187270652265204E-016  -4.5238058815174035E-015  -1.7323473241556312E-015   1.8829199456228915E-015  -1.2427510476797837E-008   1.8358987453643237E-008   4.0861420055736405E-009   4.0110400278201476E-009   2.5780230935606640E-015   2.6960004697187407E-016   6.0004627762347163E-017  -4.7422171316783415E-015  -1.8674599359117167E-015   2.1641942761747959E-015  -1.7248565388974382E-008   2.5477874645696059E-008   5.6705858110015595E-009   6.3432006596299552E-009  -2.0217481833094842E-017   7.6063811952677015E-017   1.6929558341071551E-017   3.4200353102639132E-017   1.1160291098582635E-017  -7.0737314307204792E-018  -1.0297701683372884E-016  -6.6793951220116162E-017   6.2096048793860121E-017   3.7167494497844086E-017   1.4743504166593491E-015  -4.3833279977195113E-017  -9.7559370099128302E-018  -2.6746068416435480E-015  -1.0477441719823526E-015   1.2002566386546633E-015  -7.7219988898047352E-009   1.1424956430928348E-008   2.5428414686913498E-009  -4.1659734720503824E-009   3.1651822660032109E-009  -4.5691752424051526E-009  -1.0169568166208436E-009   6.1804721655337725E-009  -8.9124312509845534E-009  -1.9836310054795988E-009   6.8202654995730436E-010   6.9760223330883439E-010
   4.2328962977225275E-009   1.2631070837599329E-009   4.0420477038980856E-010   3.3207727934010181E-011  -1.4911002539191894E-015   1.1326667865771235E-014   2.4818108445823556E-015   4.5805526159514593E-016   1.9309564015837905E-016   1.0330448088002175E-015   4.4858457848047951E-008   1.3387552104018141E-008   4.2839707482480450E-009   1.6917271480481489E-009   2.6960021196016527E-016   3.8666985993172888E-015   8.4831618112709778E-016  -1.2573728539141943E-015  -4.9765622272536373E-016   9.8777277009051643E-016   6.2262535443308418E-008   1.8579914531937340E-008   5.9456693971585333E-009   2.6753572306324578E-009  -1.6911807673841082E-017   2.6953471024377871E-017   5.9016429738333036E-018   2.8820923407166369E-017   9.3748958816846351E-018  -6.1387486909557118E-018  -3.9671284428930644E-017  -2.6457011707332488E-017   2.6272406019473952E-017   1.5322097045818350E-017  -4.3833201513663463E-017   3.0366259452073570E-015   6.6585330643800385E-016  -5.2343970824806411E-016  -2.0585013359251391E-016   5.6727297729265787E-016   2.7862774468241673E-008   8.3246564549201652E-009   2.6629883324442032E-009  -1.7570709139872452E-009  -1.1490394680182738E-008  -3.3720519390792517E-009  -1.0844134882971319E-009  -2.2442482350633502E-008  -6.5810497188180161E-009  -2.1168758682987275E-009   2.8765611281222792E-010   2.9422511306324296E-010
   9.4211156408667453E-010   4.0420480427346040E-010  -4.6301686730492173E-010   7.3910128495484834E-012  -3.3187270652265204E-016   2.4818108445823556E-015   7.2829489702582414E-016   6.4869812632429907E-016  -1.3050484215856050E-015  -3.1682547397696001E-016   9.9841028270503313E-009   4.2839711090475075E-009  -4.9068003157277571E-009   3.7652610362211584E-010   6.0004658735035322E-017   8.4831624860253264E-016   2.4403246938661479E-016  -1.0822129295104168E-016  -5.3392388568251742E-016   4.8216617670541826E-017   1.3857711251879936E-008   5.9456698961719642E-009  -6.8105882655731425E-009   5.9545170530298550E-010  -3.7640470369208608E-018   5.9014591340695075E-018   1.7516714565347862E-018   6.2921409747081385E-018   2.3886026509138414E-018  -1.2437894242986359E-018  -7.9605034554013843E-018  -7.4151469780804075E-018   4.7790955181347992E-018   4.2205140215041889E-018  -9.7559019028186840E-018   6.6585335171204584E-016   1.9315293024219031E-016   2.3214329304460627E-017  -3.9028909030513657E-016  -1.3458409254458090E-017   6.2013903084294046E-009   2.6629885661504985E-009  -3.0474210416990222E-009  -3.9107090847640362E-010  -2.5574057820813494E-009  -1.0844135216540613E-009   1.2588481886841505E-009  -4.9950011002713415E-009  -2.1168759282002437E-009   2.4588974903461061E-009   6.4023644075665829E-011   6.5489344365485728E-011
   1.3337457498507303E-009  -3.0309768296708271E-009  -2.3932258216385294E-009  -1.4955267144379521E-010  -4.5238058815174035E-015   4.5805526159514593E-016   6.4869812632429907E-016   9.7425816472342477E-015  -8.2191791732309354E-016  -5.2187748968887382E-015   1.4135442085081067E-008  -3.2128431065531733E-008  -2.5364133260201908E-008  -7.6187778373736088E-009  -4.7422176402578885E-015  -1.2573728408954635E-015  -1.0822123854152871E-016   9.3684937692907843E-015   2.2561850963991049E-015  -4.6262767180954000E-015   1.9618692694561620E-008  -4.4585978781461241E-008  -3.5203082690830239E-008  -1.2048605249675378E-008   3.9986849460635755E-017  -1.4379466011980698E-016  -3.0642711495189509E-017  -6.8040702311476728E-017  -2.1198355530726954E-017   1.4390426274610490E-017   1.9742692904925278E-016   1.2208775924678933E-016  -1.2108428240327750E-016  -6.8163692290561111E-017  -2.6746071336654844E-015  -5.2343968932235521E-016   2.3214362934510995E-017   5.3740837510232434E-015   9.3924156864229107E-016  -2.6994770098410670E-015   8.7852536237478975E-009  -1.9996975366657775E-008  -1.5763945585566159E-008   7.9130513526757226E-009  -3.5878281225074006E-009   7.9765850962880743E-009   6.4378724990430680E-009  -7.0046448108607166E-009   1.5556988419105537E-008   1.2568888247404812E-008  -1.2954719202347739E-009  -1.3250589709287635E-009
   4.0420478477460205E-010  -2.2664743478405917E-009   3.7328691225829107E-009  -5.9586758881097021E-011  -1.7323473241556312E-015   1.9309564015837905E-016  -1.3050484215856050E-015  -8.2191791732309354E-016   1.1087796158264440E-014   2.5542657002556118E-015   4.2839709000111780E-009  -2.4022146510605849E-008   3.9558911798407054E-008  -3.0355746416622125E-009  -1.8674599869955729E-015  -4.9765610805826305E-016  -5.3392386621704543E-016   2.2561851321741213E-015   4.4823311599103706E-015  -3.8872499818183370E-016   5.9456696085023634E-009  -3.3339136652248849E-008   5.4907361799466584E-008  -4.8005652599024213E-009   1.6157746166130785E-017  -5.6326818727500690E-017  -1.5894144446914776E-017  -2.6457446606092210E-017  -1.1135039348215590E-017   4.7788768125005037E-018   7.1184703809810617E-017   6.1553672852627593E-017  -3.9179827141864400E-017  -3.4025784734973658E-017  -1.0477442840175609E-015  -2.0585012001294731E-016  -3.9028905561537895E-016   9.3924151931163265E-016   3.2912757029901912E-015   1.0850258248354430E-016   2.6629884229300145E-009  -1.4937466946016516E-008   2.4568487397320009E-008   3.1528250695653194E-009  -1.0844135504058606E-009   6.0506898423338707E-009  -1.0148905993887908E-008  -2.1168759916716406E-009   1.1808801109996562E-008  -1.9823771833698669E-008  -5.1615978173675509E-010  -5.2794776360409063E-010
  -1.6112143768467185E-010   1.2989704109571804E-009   2.0077348766577464E-009   7.0816493240316291E-011   1.8829199456228915E-015   1.0330448088002175E-015  -3.1682547397696001E-016  -5.2187748968887382E-015   2.5542657002556118E-015   3.3358545622314299E-015  -1.7079318184927222E-009   1.3769445974047004E-008   2.1277992229906703E-008   3.6076598900860881E-009   2.1641945023857975E-015   9.8777279204759415E-016   4.8216605959817354E-017  -4.6262765694891792E-015  -3.8872509643975566E-016   2.4620824181023792E-015  -2.3701276839554809E-009   1.9108107453217121E-008   2.9532498228037743E-008   5.7052810809754025E-009  -1.9769119608844574E-017   6.7729998616928958E-017   1.3712964048647530E-017   3.3839929239763577E-017   1.0037927273950443E-017  -7.3166076269462396E-018  -9.4448755207828451E-017  -5.5293054799684131E-017   5.8987530870394055E-017   3.0995777321640269E-017   1.2002567871545660E-015   5.6727298780852666E-016  -1.3458424893486567E-017  -2.6994770495544695E-015   1.0850257399854026E-016   1.4992204412075905E-015  -1.0632543947750351E-009   8.5720201923952807E-009   1.3221104752256015E-008  -3.7470097829151289E-009   4.2264879905002372E-010  -3.4074117536841620E-009  -5.4209157501554850E-009   8.2417864932525102E-010  -6.6445609938024410E-009  -1.0585257358034194E-008   6.1343616554581170E-010   6.2744515864147453E-010
   1.8416182709999306E-002   3.7447590662783974E-009   8.3346598471852111E-010   3.7606733801996708E-009  -1.2427510476797837E-008   4.4858457848047951E-008   9.9841028270503313E-009   1.4135442085081067E-008   4.2839709000111780E-009  -1.7079318184927222E-009  0.19525191755255850        1.2101447996132293E-008   2.6934098494367447E-009  -3.1338653119006551E-009  -5.9319667487552006E-009   1.3236503005304476E-008   2.9460351724205316E-009   8.2925353459778146E-009   2.8805472482563884E-009  -2.3605684462459191E-009  0.27091783029419636        3.0721667178701965E-009   6.8376741539712245E-010  -6.2887345961245139E-009  -2.1442291519104848E-011  -5.6030116258982264E-011  -1.2470309503535269E-011   3.6966815209415745E-011   1.2221609451184984E-011  -8.2311020051569718E-012   6.4585697253057954E-011   3.7539851428892325E-011  -3.0620527980251116E-011  -1.8684873484743826E-011  -4.1086121922661370E-009   1.1052952970465258E-008   2.4600447344285677E-009   5.3872852176543550E-009   1.8024425817592171E-009  -1.2786730949423971E-009  0.12175055765455910        1.6577351774201855E-009   3.6896128743064952E-010   3.4860915463137771E-009  -4.7095799377943733E-002  -1.0083124366892290E-009  -2.2442015234418393E-010  -9.1725909972568923E-002  -1.7086775491776832E-009  -3.8030074298625354E-010  -5.9244398771083893E-010  -5.8120276561449452E-010
   3.7447586125698653E-009   1.8416152984025439E-002  -6.7194618607153502E-009  -3.0318768966232884E-008   1.8358987453643237E-008   1.3387552104018141E-008   4.2839711090475075E-009  -3.2128431065531733E-008  -2.4022146510605849E-008   1.3769445974047004E-008   1.2101447996132293E-008  0.19525182149102877       -2.1714406590131807E-008   2.5265392095525749E-008   2.2117054940009414E-008   1.1101316986998244E-008   2.8805472289323495E-009  -4.1148095948744392E-008  -1.9919808289495993E-008   1.9031040161702781E-008   3.0721643447803435E-009  0.27091780590724462       -5.5125843776833464E-009   5.0700113062600013E-008  -8.9290302525420862E-011   2.9006248213855038E-010   6.7793472511349297E-011   1.5041583718626218E-010   5.1540824391276807E-011  -3.0620620938892320E-011  -3.9122980809215665E-010  -2.6990068010082939E-010   2.3484533904510032E-010   1.5064302277553816E-010   1.2239747240287128E-008   6.6027736153886938E-009   1.8024424957358794E-009  -2.2548484222326323E-008  -1.1847781823376991E-008   1.0308736879279799E-008   1.6577345451389954E-009  0.12175054449544226       -2.9745798468434873E-009  -2.8105072036933663E-008  -1.0083113576005749E-009  -4.7095791373938253E-002   1.8092809683870772E-009  -1.7086753387733750E-009  -9.1725896409052432E-002   3.0659918102962379E-009   4.7763214065708498E-009   4.6856627067813025E-009
   8.3346708422331893E-010  -6.7194622286849293E-009   1.8416181678944068E-002  -6.7480181949501743E-009   4.0861420055736405E-009   4.2839707482480450E-009  -4.9068003157277571E-009  -2.5364133260201908E-008   3.9558911798407054E-008   2.1277992229906703E-008   2.6934098494367447E-009  -2.1714406590131807E-008  0.19525191422067686        5.6232913082353700E-009   4.9225716663789508E-009   2.8805475709109853E-009  -1.1998277830053639E-009  -1.4879829705358994E-008   9.6730817216262611E-009   9.9572593564992840E-009   6.8377148859591315E-010  -5.5125848713267241E-009  0.27091782944827530        1.1284277626216002E-008  -1.9873184010819346E-011   6.7793137316452213E-011   5.6203946136419427E-013   3.7539512279552412E-011   1.4572605110665607E-012  -1.0876858707390947E-011  -1.1589040841466024E-010  -9.4561048958607390E-012   8.7689556881486544E-011   6.6635671864115564E-012   2.7241885030617977E-009   1.8024425718419522E-009  -1.0944122727612033E-009  -9.6667528918463422E-009   8.8232161258188100E-009   6.9425642535996085E-009   3.6896146767384323E-010  -2.9745803280626304E-009  0.12175055719816275       -6.2553183159140411E-009  -2.2442171488498821E-010   1.8092798155184903E-009  -4.7095799100323923E-002  -3.8030397749400181E-010   3.0659900332572896E-009  -9.1725909502118730E-002   1.0630608999548350E-009   1.0428851876944452E-009
  -1.2354871875269181E-009   9.9605785249589163E-009   2.2169168217294685E-009   8.3113147370391487E-003   4.0110400278201476E-009   1.6917271480481489E-009   3.7652610362211584E-010  -7.6187778373736088E-009  -3.0355746416622125E-009   3.6076598900860881E-009  -3.1338653119006551E-009   2.5265392095525749E-008   5.6232913082353700E-009  0.42429124785935429        1.8825966216222206E-009   7.9400731318553596E-010   1.7672138536211548E-010  -3.5758305958507572E-009  -1.4247381907657970E-009   1.6932647810450751E-009   3.9562932575799804E-009  -3.1895874627155770E-008  -7.0990357746154493E-009  0.67065391673726260       -1.3512630145617221E-009   4.6315186920326436E-009   1.0308323252594321E-009   2.2881045900669515E-009   7.4718232898219048E-010  -4.7519420215906225E-010  -6.3076182425341267E-009  -4.1056934639604914E-009   3.8310428559164707E-009   2.2918656038730103E-009   5.1435054231167525E-010   2.1693188214826306E-010   4.8282188889176265E-011  -9.7695337085389373E-010  -3.8925469050337128E-010   4.6262522399384011E-010   1.4583507303637243E-009  -1.1757304375343336E-008  -2.6168095927409819E-009 -0.45583915637358274       -5.8877491273736686E-010   4.7467323774517705E-009   1.0564810178879321E-009  -9.4631217997389708E-010   7.6292157999236257E-009   1.6980397739401562E-009   7.6917452016870877E-002   7.6318159751244077E-002
  -5.5917688006246205E-010   2.0867649745768089E-009   4.6444927587076813E-010   3.6617915632406575E-011   2.5780230935606640E-015   2.6960021196016527E-016   6.0004658735035322E-017  -4.7422176402578885E-015  -1.8674599869955729E-015   2.1641945023857975E-015  -5.9319667487552006E-009   2.2117054940009414E-008   4.9225716663789508E-009   1.8825966216222206E-009   2.8183465189705550E-015   9.3120726988967159E-016   2.0725788378509425E-016  -5.3045920761066773E-015  -2.1066044652207623E-015   2.4862456157490070E-015  -8.2272174774663756E-009   3.0695551944799871E-008   6.8318795083444773E-009   2.9705593414291440E-009  -1.5950181362169109E-017   5.6753329513066561E-017   1.2631679578044500E-017   2.6998396431447817E-017   8.8139078646023591E-018  -5.5980356879779819E-018  -7.7101927020234712E-017  -5.0114366226439312E-017   4.6691781114480944E-017   2.7938916377404785E-017   1.5817920012931709E-015   4.5932188170658529E-016   1.0223080370738550E-016  -2.9652248619753905E-015  -1.1758558272922912E-015   1.3834329322728924E-015  -3.7182476500370235E-009   1.3750722177889056E-008   3.0604849875804676E-009  -2.2688739267496837E-009   1.3119380278158100E-009  -5.5838852988105081E-009  -1.2428002001467133E-009   2.5439683524877239E-009  -1.0898943716884415E-008  -2.4257678687757100E-009   4.1698548782882894E-010   4.3941232844362656E-010
   1.2465753937186719E-009   1.0471362436765773E-009   2.7165377679075219E-010   1.5444025522981308E-011   2.6960004697187407E-016   3.8666985993172888E-015   8.4831624860253264E-016  -1.2573728408954635E-015  -4.9765610805826305E-016   9.8777279204759415E-016   1.3236503005304476E-008   1.1101316986998244E-008   2.8805475709109853E-009   7.9400731318553596E-010   9.3120726988967159E-016   1.5744381183136551E-015   3.4655108682158256E-016  -2.0034300948458490E-015  -7.9718885933795879E-016   1.0722228633728783E-015   1.8345379159629425E-008   1.5404065289386227E-008   3.9964147558586950E-009   1.2528681838079437E-009  -9.3074012578356553E-018   2.2358586456991274E-017   4.9464155856018740E-018   1.5816998740351311E-017   5.1537870106041908E-018  -3.3320095461516845E-018  -3.1361449888882985E-017  -2.0608842917389900E-017   1.9718243164266407E-017   1.1674716074365218E-017   4.5932189046396439E-016   1.1475426329528508E-015   2.5228366252736185E-016  -1.0618640602577510E-015  -4.2223833658348403E-016   6.0254219288880718E-016   8.3657716861138166E-009   6.9187561806587982E-009   1.7985256853053948E-009  -9.5693476306676967E-010  -2.5035402676449365E-009  -2.6994794245252319E-009  -6.8040320058351154E-010  -4.8109566543745871E-009  -5.2596844124619829E-009  -1.3238248286161360E-009   1.7587181976674939E-010   1.8532945951685212E-010
   2.7744903245990758E-010   2.7165374657581590E-010  -1.1293918562763055E-010   3.4373604543435012E-012   6.0004627762347163E-017   8.4831618112709778E-016   2.4403246938661479E-016  -1.0822123854152871E-016  -5.3392386621704543E-016   4.8216605959817354E-017   2.9460351724205316E-009   2.8805472289323495E-009  -1.1998277830053639E-009   1.7672138536211548E-010   2.0725788378509425E-016   3.4655108682158256E-016   9.4519535373114645E-017  -3.9186076258444636E-016  -3.1066841201206386E-016   1.8460287301256955E-016   4.0831126016680217E-009   3.9964143036210679E-009  -1.6622998818756906E-009   2.7884957402886964E-010  -2.0715393120445745E-018   4.9463105475362250E-018   1.2357443091015985E-018   3.4826760921071159E-018   1.2400178771394113E-018  -7.0390457533820457E-019  -6.7126457583176250E-018  -5.0566709233249507E-018   4.0599220822377698E-018   2.8477686304341123E-018   1.0223082399281609E-016   2.5228366450284236E-016   7.0185508665068901E-017  -1.9271828071475148E-016  -2.0152290426112343E-016   9.0487463174624866E-017   1.8619614107392810E-009   1.7985253512838101E-009  -7.6170138600518630E-010  -2.1298373025493817E-010  -5.5721035917779191E-010  -6.8040386084115291E-010   2.0613033337095129E-010  -1.0707696198045188E-009  -1.3238261846719565E-009   3.9360842646506395E-010   3.9143566211107417E-011   4.1247379761924876E-011
   7.8191583772137157E-010  -3.8824993939461935E-009  -1.4030418988319634E-009  -6.9552505314451921E-011  -4.7422171316783415E-015  -1.2573728539141943E-015  -1.0822129295104168E-016   9.3684937692907843E-015   2.2561851321741213E-015  -4.6262765694891792E-015   8.2925353459778146E-009  -4.1148095948744392E-008  -1.4879829705358994E-008  -3.5758305958507572E-009  -5.3045920761066773E-015  -2.0034300948458490E-015  -3.9186076258444636E-016   1.0189371878533765E-014   3.5948836949272527E-015  -4.8847799582226574E-015   1.1503561664756045E-008  -5.7109629094385203E-008  -2.0641580861425919E-008  -5.6423208241566987E-009   3.0783880609616469E-017  -1.0758816292265972E-016  -2.3527042199799481E-017  -5.2228918347732933E-017  -1.6741359638862735E-017   1.0926699957297855E-017   1.4701185305950274E-016   9.3716485072448852E-017  -8.9652677634208830E-017  -5.2318951060463678E-017  -2.9652249943968906E-015  -1.0618640797320558E-015  -1.9271826653499587E-016   5.7239848160908435E-015   1.9053711082848166E-015  -2.7587599524938401E-015   5.1848596483368753E-009  -2.5574632162152279E-008  -9.3035270509454516E-009   4.3095994395925193E-009  -1.9141342375323355E-009   1.0438832541860052E-008   3.4346554776353735E-009  -3.7199303357951823E-009   2.0379630648591030E-008   6.6749129146364296E-009  -7.9204967103977942E-010  -8.3463554761815126E-010
   2.7165374781401868E-010  -1.8789440242245010E-009   9.1052232261722621E-010  -2.7712204485209393E-011  -1.8674599359117167E-015  -4.9765622272536373E-016  -5.3392388568251742E-016   2.2561850963991049E-015   4.4823311599103706E-015  -3.8872509643975566E-016   2.8805472482563884E-009  -1.9919808289495993E-008   9.6730817216262611E-009  -1.4247381907657970E-009  -2.1066044652207623E-015  -7.9718885933795879E-016  -3.1066841201206386E-016   3.5948836949272527E-015   2.5606118099013775E-015  -1.4882791704766356E-015   3.9964143240562696E-009  -2.7640506766712612E-008   1.3401558885059872E-008  -2.2481016535467249E-009   1.2334803196426757E-017  -4.2569675037912647E-017  -1.0507947209979909E-017  -2.0609105075435987E-017  -7.4977755497329799E-018   4.0597825918071166E-018   5.6273854694643761E-017   4.1312563932350345E-017  -3.2931494595611419E-017  -2.2958801277229477E-017  -1.1758559095702401E-015  -4.2223836437457696E-016  -2.0152289253001886E-016   1.9053710683382320E-015   1.6698785016358529E-015  -7.2951522183122625E-016   1.7985253979307678E-009  -1.2414770037455805E-008   6.1408807250396788E-009   1.7170889262560820E-009  -6.8040365274086552E-010   4.8438494142065658E-009  -1.6618370944554100E-009  -1.3238257592836925E-009   9.4377897155660906E-009  -3.1732988340789345E-009  -3.1557796569011797E-010  -3.3254759907128784E-010
  -2.2273894724314164E-010   1.7957343428795903E-009   9.3859274691669420E-010   3.2935264493924541E-011   2.1641942761747959E-015   9.8777277009051643E-016   4.8216617670541826E-017  -4.6262767180954000E-015  -3.8872499818183370E-016   2.4620824181023792E-015  -2.3605684462459191E-009   1.9031040161702781E-008   9.9572593564992840E-009   1.6932647810450751E-009   2.4862456157490070E-015   1.0722228633728783E-015   1.8460287301256955E-016  -4.8847799582226574E-015  -1.4882791704766356E-015   2.3985344396614883E-015  -3.2763440195393787E-009   2.6414076011421672E-008   1.3809703177759303E-008   2.6718115149350145E-009  -1.4833800261161356E-017   5.0835179879052379E-017   1.0895439632697938E-017   2.5230692989660676E-017   7.9275075619807480E-018  -5.3286998186010851E-018  -6.9910398036746939E-017  -4.3602425600367076E-017   4.2961183301506804E-017   2.4380205923916879E-017   1.3834330076794396E-015   6.0254220398222085E-016   9.0487452915805262E-017  -2.7587600145869212E-015  -7.2951520971327780E-016   1.3753270661223747E-015  -1.4666116777794543E-009   1.1823909254722715E-008   6.2430429034517739E-009  -2.0406988605567621E-009   6.0219756543957562E-010  -4.8549482770678795E-009  -2.1918554812676490E-009   1.1759647551800137E-009  -9.4806890624941495E-009  -4.2491454319880981E-009   3.7505085258019659E-010   3.9522225519591847E-010
   2.5573209282657786E-002   3.9026220286212653E-009   8.6860077179489983E-010   5.3818971940500321E-009  -1.7248565388974382E-008   6.2262535443308418E-008   1.3857711251879936E-008   1.9618692694561620E-008   5.9456696085023634E-009  -2.3701276839554809E-009  0.27091783029419636        3.0721643447803435E-009   6.8377148859591315E-010   3.9562932575799804E-009  -8.2272174774663756E-009   1.8345379159629425E-008   4.0831126016680217E-009   1.1503561664756045E-008   3.9964143240562696E-009  -3.2763440195393787E-009  0.37612707549158531       -1.4777914976037168E-008  -3.2891092566905741E-009   4.4013836229495908E-009  -3.0169567389406692E-011  -7.7933131001386898E-011  -1.7345136117750295E-011   5.2008622163561527E-011   1.7193521809877213E-011  -1.1576434666383615E-011   8.9726090770768499E-011   5.2103886511731474E-011  -4.2446833956500821E-011  -2.5906447711939175E-011  -5.7097301662982592E-009   1.5380695197527729E-008   3.4232660186089762E-009   7.4828381697107996E-009   2.5027626806605212E-009  -1.7731081027611044E-009  0.16773623523992526       -6.2468673201711180E-009  -1.3903583118070609E-009  -3.9790342640860394E-009  -7.2703482461365015E-002   1.9907702717578360E-009   4.4308287158123055E-010 -0.14229499271297580        4.2589883747181145E-009   9.4791705699964914E-010   6.4782820287717144E-010   7.0607128376267662E-010
   3.9026216107761240E-009   2.5573178303558590E-002  -7.0027256748614817E-009  -4.3389169322161825E-008   2.5477874645696059E-008   1.8579914531937340E-008   5.9456698961719642E-009  -4.4585978781461241E-008  -3.3339136652248849E-008   1.9108107453217121E-008   3.0721667178701965E-009  0.27091780590724462       -5.5125848713267241E-009  -3.1895874627155770E-008   3.0695551944799871E-008   1.5404065289386227E-008   3.9964143036210679E-009  -5.7109629094385203E-008  -2.7640506766712612E-008   2.6414076011421672E-008  -1.4777914976037168E-008  0.37612719279884704        2.6516962674286513E-008  -3.5484239190467265E-008  -1.2380681848701956E-010   4.0197473951199206E-010   9.3995676188321609E-011   2.0855080393812585E-010   7.1493938864473497E-011  -4.2446945709423762E-011  -5.4212077088430106E-010  -3.7421592605578854E-010   3.2538124451290403E-010   2.0886549137608024E-010   1.6976184762512418E-008   9.1640895883879697E-009   2.5027625597056833E-009  -3.1271085550071024E-008  -1.6443715989163504E-008   1.4294900659140591E-008  -6.2468669277579937E-009  0.16773628482766831        1.1209154723864382E-008   3.2079235654276304E-008   1.9907700948599437E-009  -7.2703498264143435E-002  -3.5721702011735668E-009   4.2589880471784636E-009 -0.14229502652092349       -7.6421837395115133E-009  -5.2228362577120627E-009  -5.6923615157789980E-009
   8.6860191091227269E-010  -7.0027261133016833E-009   2.5573208208126797E-002  -9.6570840841236714E-009   5.6705858110015595E-009   5.9456693971585333E-009  -6.8105882655731425E-009  -3.5203082690830239E-008   5.4907361799466584E-008   2.9532498228037743E-008   6.8376741539712245E-010  -5.5125843776833464E-009  0.27091782944827530       -7.0990357746154493E-009   6.8318795083444773E-009   3.9964147558586950E-009  -1.6622998818756906E-009  -2.0641580861425919E-008   1.3401558885059872E-008   1.3809703177759303E-008  -3.2891092566905741E-009   2.6516962674286513E-008  0.37612707956019870       -7.8976861658275392E-009  -2.7555436698069967E-011   9.3995222784260996E-011   5.8222858265285603E-013   5.2103396849625424E-011   1.8920120305855069E-012  -1.5133933967888968E-011  -1.6100147723440914E-010  -1.2424694585383445E-011   1.2201009810743318E-010   8.8743434370709141E-012   3.7783727415435503E-009   2.5027626758874843E-009  -1.5237568803534701E-009  -1.3426938537823285E-008   1.2284617565554377E-008   9.6485656334236105E-009  -1.3903599924144276E-009   1.1209154828948791E-008  0.16773623695986459        7.1398438144204708E-009   4.4308526519823587E-010  -3.5721691680730599E-009  -7.2703483009474879E-002   9.4792180231834688E-010  -7.6421808008270975E-009 -0.14229499388559014       -1.1624418712529282E-009  -1.2669461919261871E-009
  -2.0791899993815825E-009   1.6762564083335640E-008   3.7308290635359833E-009   1.3171055770744735E-002   6.3432006596299552E-009   2.6753572306324578E-009   5.9545170530298550E-010  -1.2048605249675378E-008  -4.8005652599024213E-009   5.7052810809754025E-009  -6.2887345961245139E-009   5.0700113062600013E-008   1.1284277626216002E-008  0.67065391673726260        2.9705593414291440E-009   1.2528681838079437E-009   2.7884957402886964E-010  -5.6423208241566987E-009  -2.2481016535467249E-009   2.6718115149350145E-009   4.4013836229495908E-009  -3.5484239190467265E-008  -7.8976861658275392E-009   1.0606883076701525       -2.1373535120860924E-009   7.3258814791955928E-009   1.6305138680855915E-009   3.6191979649125765E-009   1.1818519030969346E-009  -7.5163605211336869E-010  -9.9770435403963888E-009  -6.4941600389494641E-009   6.0597328425188315E-009   3.6251469374606470E-009   8.1967679531746396E-010   3.4570574720108993E-010   7.6943190898660858E-011  -1.5568863093338653E-009  -6.2032183066407452E-010   7.3724680355378952E-010   1.4834645831311072E-009  -1.1959775556484520E-008  -2.6618701390196159E-009 -0.69322162877131221       -5.4019741656433877E-010   4.3551141157562785E-009   9.6930776738598439E-010  -7.3493289481520851E-010   5.9250988486443082E-009   1.3187343360072397E-009  0.11286454068383300       0.12002323887713685     
  -2.0607155150074510E-012  -8.4140087269942788E-012  -1.8726885053585529E-012  -2.6546209549361471E-011  -2.0217481833094842E-017  -1.6911807673841082E-017  -3.7640470369208608E-018   3.9986849460635755E-017   1.6157746166130785E-017  -1.9769119608844574E-017  -2.1442291519104848E-011  -8.9290302525420862E-011  -1.9873184010819346E-011  -1.3512630145617221E-009  -1.5950181362169109E-017  -9.3074012578356553E-018  -2.0715393120445745E-018   3.0783880609616469E-017   1.2334803196426757E-017  -1.4833800261161356E-017  -3.0169567389406692E-011  -1.2380681848701956E-010  -2.7555436698069967E-011  -2.1373535120860924E-009   4.3531395824076006E-018  -1.4896034540139237E-017  -3.3153957136100073E-018  -7.3713337242415393E-018  -2.4071430552820725E-018   1.5309851211926802E-018   2.0288975186698671E-017   1.3207156816102308E-017  -1.2324501999806225E-017  -7.3728857946981353E-018  -7.0640316922100144E-018  -5.1976020559977749E-018  -1.1568259529356550E-018   1.3836866320884313E-017   5.5727928986592292E-018  -6.7729103509000256E-018  -1.1104636356594032E-011  -5.6143744068769769E-011  -1.2495959573344162E-011   1.3832657588651544E-009   1.9106125059727586E-011   1.8669805805948097E-011   4.1544064714884986E-012   3.8527204675356054E-011   3.6091502801159432E-011   8.0309857902214625E-012  -2.2358622753024286E-010  -2.2586663016838145E-010
  -5.3021604517995883E-012   2.7313416642884606E-011   6.3878857514201456E-012   9.0988402341064734E-011   7.6063811952677015E-017   2.6953471024377871E-017   5.9014591340695075E-018  -1.4379466011980698E-016  -5.6326818727500690E-017   6.7729998616928958E-017  -5.6030116258982264E-011   2.9006248213855038E-010   6.7793137316452213E-011   4.6315186920326436E-009   5.6753329513066561E-017   2.2358586456991274E-017   4.9463105475362250E-018  -1.0758816292265972E-016  -4.2569675037912647E-017   5.0835179879052379E-017  -7.7933131001386898E-011   4.0197473951199206E-010   9.3995222784260996E-011   7.3258814791955928E-009  -1.4896034540139237E-017   5.1072028138029679E-017   1.1366776425522426E-017   2.5223576773979760E-017   8.2365569331939591E-018  -5.2384318284676138E-018  -6.9553530561318103E-017  -4.5271339557772662E-017   4.2243892269655807E-017   2.5270976744239577E-017   2.6003059397471160E-017   9.6105377744471117E-018   2.1131980843591138E-018  -4.9209783302660158E-017  -1.9351379601544108E-017   2.3206983508974126E-017  -3.3908660518981554E-011   1.8355505097248340E-010   4.2650542455503973E-011  -4.7412112005179280E-009   1.9844208922113452E-011  -5.3452772774463311E-011  -1.4028978444005819E-011   3.9246923663459922E-011  -1.0254850441300102E-010  -2.7104201998483789E-011   7.6635301475642047E-010   7.7416834889755531E-010
  -1.1800717446030821E-012   6.3879162957322949E-012   3.4908301189157046E-014   2.0251194967821827E-011   1.6929558341071551E-017   5.9016429738333036E-018   1.7516714565347862E-018  -3.0642711495189509E-017  -1.5894144446914776E-017   1.3712964048647530E-017  -1.2470309503535269E-011   6.7793472511349297E-011   5.6203946136419427E-013   1.0308323252594321E-009   1.2631679578044500E-017   4.9464155856018740E-018   1.2357443091015985E-018  -2.3527042199799481E-017  -1.0507947209979909E-017   1.0895439632697938E-017  -1.7345136117750295E-011   9.3995676188321609E-011   5.8222858265285603E-013   1.6305138680855915E-009  -3.3153957136100073E-018   1.1366776425522426E-017   2.5311232591953330E-018   5.6136423872363950E-018   1.8340509477592278E-018  -1.1655683907258599E-018  -1.5478018402874991E-017  -1.0080286144971505E-017   9.3991795461235555E-018   5.6268130231335615E-018   5.7875560504435155E-018   2.1132697443791337E-018   5.8626907303807303E-019  -1.0592452017931240E-017  -5.1953612084439286E-018   4.8049537377968034E-018  -7.5468870925930374E-012   4.2650814875108369E-011   1.4222157007626130E-012  -1.0552464286184227E-009   4.4164532518337921E-012  -1.4028669368750569E-011   6.4553902304353450E-012   8.7346388332810281E-012  -2.7103563224159817E-011   1.3194933586857144E-011   1.7056636540070606E-010   1.7230644040653865E-010
   3.5523235176549855E-012   1.4173027158482495E-011   3.5422274028666530E-012   4.4950909974624392E-011   3.4200353102639132E-017   2.8820923407166369E-017   6.2921409747081385E-018  -6.8040702311476728E-017  -2.6457446606092210E-017   3.3839929239763577E-017   3.6966815209415745E-011   1.5041583718626218E-010   3.7539512279552412E-011   2.2881045900669515E-009   2.6998396431447817E-017   1.5816998740351311E-017   3.4826760921071159E-018  -5.2228918347732933E-017  -2.0609105075435987E-017   2.5230692989660676E-017   5.2008622163561527E-011   2.0855080393812585E-010   5.2103396849625424E-011   3.6191979649125765E-009  -7.3713337242415393E-018   2.5223576773979760E-017   5.6136423872363950E-018   1.2482248805883207E-017   4.0758805516276293E-018  -2.5925686470510301E-018  -3.4356084169771637E-017  -2.2362626636149977E-017   2.0869980662517076E-017   1.2483960462591656E-017   1.1952685634419784E-017   8.8499609747274085E-018   1.9373168389496415E-018  -2.3517795842514522E-017  -9.1977561833309928E-018   1.1565238431287500E-017   1.9167006750915142E-011   9.4635320865872240E-011   2.3319718259916736E-011  -2.3422959170661265E-009  -3.2801133813290331E-011  -3.1098794957285295E-011  -9.5974565085211524E-012  -6.6139448742680748E-011  -6.0080273452972036E-011  -1.8743672120257112E-011   3.7860064804122635E-010   3.8246120212103849E-010
   1.1743372515053837E-012   4.8594755176821351E-012   1.2554211986131279E-013   1.4678754483003848E-011   1.1160291098582635E-017   9.3748958816846351E-018   2.3886026509138414E-018  -2.1198355530726954E-017  -1.1135039348215590E-017   1.0037927273950443E-017   1.2221609451184984E-011   5.1540824391276807E-011   1.4572605110665607E-012   7.4718232898219048E-010   8.8139078646023591E-018   5.1537870106041908E-018   1.2400178771394113E-018  -1.6741359638862735E-017  -7.4977755497329799E-018   7.9275075619807480E-018   1.7193521809877213E-011   7.1493938864473497E-011   1.8920120305855069E-012   1.1818519030969346E-009  -2.4071430552820725E-018   8.2365569331939591E-018   1.8340509477592278E-018   4.0758805516276293E-018   1.3316290581302210E-018  -8.4635986706771762E-019  -1.1217176101293444E-017  -7.3057179748416064E-018   6.8128752350864547E-018   4.0783395325078556E-018   3.9010717080343574E-018   2.8802688176053798E-018   7.2096715087334676E-019  -7.4097828625579827E-018  -3.6637005724962183E-018   3.5087530188203831E-018   6.3425789660480051E-012   3.2249192374813543E-011   1.6136022476489564E-012  -7.6487852280478362E-010  -1.0808912698632011E-011  -1.1751605221831876E-011   3.9835427667619857E-012  -2.1793931589547327E-011  -2.2823747346185116E-011   8.1677146301873150E-012   1.2363233143053531E-010   1.2489285804584869E-010
