   1.3006463237242331E-003   3.0296226994722606E-009   3.0715852413453985E-009   2.4796375382164634E-010  -2.5234631881523583E-009   1.2393010311692356E-009   2.5536487005627906E-010  -7.8042601527992629E-010  -2.2320946762738624E-009   3.3038891148250254E-009   1.4780641585189365E-002   1.7318389039291005E-008   1.8305924413141310E-008   2.9935425229185145E-009  -4.8807203934088324E-009  -7.9969804304083928E-010   1.6153151883237293E-009   1.7541451569881884E-009  -1.0397325011601440E-009   3.1265749798301721E-009   2.1784076677005590E-002   2.3300776712503174E-008   2.4639684268767157E-008   6.6327539928609936E-009  -4.0777608630885720E-012   1.2485273213223505E-010   1.3094874131855753E-010  -3.8446725460847338E-011  -8.0504942328043768E-011   4.3916862637473944E-011  -9.8037342705868161E-011  -6.7247094083465784E-011   6.6782021642946810E-012  -4.7480392250105852E-011  -2.6495610531485261E-009  -6.6029475084189250E-010   1.2550621031538265E-009   1.0493415937832481E-009  -4.1310364594268967E-010   1.6002194078265932E-009   1.1389224892265409E-002   1.2198683142144102E-008   1.2934718316847595E-008   6.5480227006259868E-011   2.9012794748239389E-010  -1.3301691356279254E-010  -1.5021610428476856E-010  -1.4322672417152836E-010   8.4735910806283511E-011  -1.4155188404135401E-002  -1.4604486548563558E-008  -1.5447838490603791E-008  -2.6896604561071904E-009   3.0165061179956724E-009   1.5414665648790980E-009  -1.5313528204296089E-009  -1.4451066973200336E-009   1.2632240294007566E-010  -1.5713994339651466E-009  -2.0996121936337577E-009   5.1554864726585607E-003   4.4609500813374257E-009   4.7171051155010650E-009   6.2320796418731303E-010  -2.3324036670264958E-010
   3.0296226994722606E-009   1.3006444166761793E-003  -3.7960010685658183E-009   2.2248680669145475E-009   3.1281307864728936E-009   1.5257643428228250E-009   1.2349211834484740E-009  -1.0470153210211934E-009  -1.2884019344254576E-009  -2.0811155197754327E-009   1.8856980236144105E-008   1.4780629966553591E-002  -2.3448791304727183E-008   9.4887176630324257E-009   4.1114096449746150E-009  -1.3512246053661469E-009   7.4417577071891951E-010  -4.2098324404097040E-009  -4.6339856276379568E-010   9.8423249723790638E-011   2.5353010786727155E-008   2.1784061575128601E-002  -3.1397199681976018E-008   1.6495637936156567E-008  -9.8314547364948237E-011  -2.7330126876973570E-011   4.5832004984528568E-011   1.6947275936140318E-010   9.0498959560740242E-011  -3.7569940095693588E-011   1.7323220813156924E-011  -7.9865869516448914E-011   4.0889938533344221E-012   2.5367343381978468E-011   1.5779656225330496E-009  -1.3458432011047421E-009   1.5887504458604674E-010  -1.8906336317833550E-009   6.0118561322415590E-010   3.1266783565447997E-010   1.3266378615073498E-008   1.1389216872764335E-002  -1.6515454748377417E-008   1.7008808428378735E-010   3.5603544805626664E-010   7.4092942194633095E-011   6.3999202244284236E-011  -3.1077159081882552E-010  -2.3408763531828139E-010  -1.5861719121442555E-008  -1.4155178847443583E-002   1.9703138907615234E-008  -8.7392392914455908E-009  -1.3376451931258977E-009   2.2702825953916500E-009  -1.0937513486474924E-010   2.1823424428600583E-009  -1.3001723777518845E-009  -8.4469720855527764E-010  -5.8336116154054165E-009   4.8429619836219763E-009   5.1554835526494373E-003  -6.0162261570317590E-009   2.6199112028416122E-009  -8.0936188060071292E-010
   3.0715852413453985E-009  -3.7960010685658183E-009   1.3006481603890989E-003   2.9033973752614173E-009   5.6688574282724258E-010  -9.4217440405811936E-010   5.0275035164375951E-010  -1.9819903202012430E-009   1.3017220338957341E-010   1.4151040911254398E-009   1.8414228969188755E-008  -2.2084458147454812E-008   1.4780652585873258E-002  -2.8451444834074118E-009   2.0385762959554453E-010  -8.0884325981149341E-010  -1.9414104412836115E-009  -2.9537386892397746E-009  -2.4899416045944683E-009   2.7498807672941437E-009   2.4616078217216033E-008  -2.9337228597230156E-008   2.1784091367855859E-002  -3.7368319509826120E-009  -7.8502273707303983E-011   2.0125878995275039E-011  -3.5884968891969316E-011   9.3606593786301716E-012   9.4265411477397838E-011   9.5961223473847660E-011   8.9380087788267979E-011  -2.6004975573408687E-012  -1.4004190751782583E-010   2.8684205436554464E-011  -4.0853550013021439E-010  -2.9621256849863754E-010  -1.4472736752725323E-009  -1.3358644651729328E-009  -1.2909749285894198E-009   1.7444004311015897E-009   1.2928913413929495E-008  -1.5450386568602431E-008   1.1389232646495755E-002   1.4623781013064839E-010  -7.1245909472465232E-011   3.1457003613617257E-010  -8.5669993533493667E-011   1.2810614790718742E-010  -6.0567284543085056E-011  -1.5443134593091511E-008   1.8454670799087514E-008  -1.4155197645864502E-002   1.3731352981659115E-009   7.1690593828334759E-010   1.1801771547072104E-010   2.3896255904279520E-009   1.1584205772966970E-009   1.7048147776841218E-009  -1.8753264522649513E-009   1.1614338637963088E-009   4.7154043677975554E-009  -5.6366078951453111E-009   5.1554892942294777E-003  -2.8583681017372320E-010   1.1926567061607379E-010
   2.4796375382164634E-010   2.2248680669145475E-009   2.9033973752614173E-009   3.0660143361656457E-004  -1.9708813092103920E-011   1.6387918947215702E-010   1.6857684696993529E-010  -6.4149960421531184E-011  -1.9485204632339237E-010   8.3859062810933063E-011   2.2595922632596502E-009   2.3277075089442866E-008   3.3156304990296672E-008   1.3057049511566290E-002   5.0741661776877252E-011  -2.9379223365671653E-011  -3.8374201539445133E-011  -5.7726503287030252E-011  -9.6587663975906079E-012   6.9828295259408975E-012   1.1252642792908001E-009   3.0939872882938426E-008   5.0157373859473261E-008   1.6959521059775381E-002  -8.4891155053535315E-011   1.0439703445498117E-010   2.0499433134625844E-011   3.8823675357026523E-011  -2.9103754410523803E-011   7.5069751894383813E-011  -5.0064832801717334E-011  -9.1211333367382771E-011  -3.7228006074168946E-011   5.2705524660664534E-011  -1.5690447983862003E-011  -7.9016137223616338E-011  -8.3227754104653433E-011   7.0989071867036157E-011   1.2249934154015074E-010  -5.5297657796329254E-011   3.5460412390458857E-010   1.6257753175751915E-008   2.6614659808496202E-008   1.3038791530314040E-011   2.7908728613463638E-010   2.4894755532862704E-010  -1.1741230197452980E-010  -3.1278649977010752E-010   1.0437550557297502E-010  -1.9526808455260847E-009  -1.8706902325285416E-008  -2.9634620271381255E-008  -7.6081690097079026E-003   6.0390088825583668E-012   1.4269968510836777E-009   1.2666142822035182E-009  -4.9315977671551439E-010  -1.5136519751219560E-009   4.8712093385750455E-010  -3.6547858022282797E-003   7.0774807849113125E-010   5.6315822820037622E-009   8.9029384452811495E-009   1.9269994620865426E-003  -1.0083960868621383E-003
  -2.5234631881523583E-009   3.1281307864728936E-009   5.6688574282724258E-010  -1.9708813092103920E-011   1.7722409441902042E-005  -2.1450932008125616E-013  -3.1612553798435851E-013  -8.8612052813342900E-006  -1.0426579432361928E-012  -8.8612041604691553E-006  -2.8635226103890061E-008   3.5565651049611918E-008   6.4729860098798113E-009  -8.8075443802725800E-010  -7.4826315305002896E-005  -5.3609892135452466E-013   6.3818718054167310E-013   3.7413157756460973E-005   1.4405334281144215E-012   3.7413157548686325E-005  -4.2223551497829123E-008   5.2389004453230900E-008   9.5134075926350599E-009  -1.1168474894918420E-009   4.1584087307585147E-011   2.6817442286973425E-011  -2.3977657739693373E-011  -2.6178480629274622E-011   1.8013747848793116E-012  -2.9612425957184059E-011  -1.5043941356121259E-011   6.6811570533209021E-012  -6.6338825340631783E-012   1.2892054540281132E-011   3.7816584535031176E-005   2.3564127365254415E-012   1.7042877608942828E-012  -1.8908289822729458E-005   4.8605854088354701E-012  -1.8908294711597871E-005  -2.2031719889215543E-008   2.7462483039896334E-008   5.0355949310158661E-009  -1.0986207720339570E-003  -5.0954906360522381E-012   1.0162420357092121E-011   5.4931039260619052E-004   2.4630597452527441E-011   5.4931037942837946E-004   2.6952773774489214E-008  -3.2610220183307475E-008  -5.7345253764877400E-009   6.7331758873024397E-010  -5.4177196608899717E-003  -1.1583183833838164E-011   6.1908025195684062E-011   2.7088598707712438E-003   1.4692118005689985E-010   2.7088597901201894E-003   4.4798936532845061E-010  -8.3635403217561806E-009   9.9774384499721329E-009   1.7080133102210235E-009  -2.2612941417522835E-010   6.7101944488819401E-011
   1.2393010311692356E-009   1.5257643428228250E-009  -9.4217440405811936E-010   1.6387918947215702E-010  -2.1450932008125616E-013   1.7722409359491587E-005   5.2533297646187749E-013  -4.4227727801130513E-013  -5.4706273757834786E-013   6.5674042159456944E-013   1.4144455982937002E-008   1.7424196294211720E-008  -1.0718394851953574E-008   7.4917160858290518E-009   1.0541135263396221E-012  -7.4826315368060650E-005  -1.1831519813844863E-012  -2.7297116670609867E-013   3.8576182316468363E-013  -7.8114690642813887E-013   2.0798525649223924E-008   2.5611013688274989E-008  -1.5786011409625372E-008   9.5926227657065203E-009  -1.7628728025622382E-011   4.2016025593447851E-011  -2.2177158887326966E-012   3.0323347636586145E-011  -2.0702252519200883E-011  -6.6719288135004583E-012  -2.2434895666531228E-011   1.7720457316036351E-012  -1.1916459361599834E-011   3.3218705893997831E-013   1.7713542382423596E-012   3.7816581299296254E-005  -4.7631426756297064E-012   2.2012926809087904E-012   3.6347688587439122E-012  -3.9726613715614669E-012   1.1017990156195632E-008   1.3580830103025297E-008  -8.2860233771131132E-009   1.3207176939498449E-011  -1.0986207686799342E-003  -1.5856768567537099E-011  -1.9160433886488128E-012   5.8952993924804389E-012  -1.1291162127424169E-011  -1.2052291723193755E-008  -1.4571589418761850E-008   9.7363303437317599E-009  -5.6942946991437829E-009   7.8871238345950596E-011  -5.4177196491450863E-003  -1.0196935485389880E-010   2.8714160389454549E-012   5.1369217344538664E-011  -8.1742615393777971E-011  -3.7274049671924479E-009   3.5624822693118183E-009   4.2625048872752540E-009  -2.9646012549657880E-009   1.8496250368034914E-009  -5.5106608009638914E-010
   2.5536487005627906E-010   1.2349211834484740E-009   5.0275035164375951E-010   1.6857684696993529E-010  -3.1612553798435851E-013   5.2533297646187749E-013   1.7722408948419759E-005   5.1503773090859968E-013  -1.7262599806642958E-013  -1.9891498344808587E-013   2.8642836822736616E-009   1.4046579620777662E-008   5.7892161726161412E-009   7.6778753171248267E-009   3.6613744878335281E-013  -5.2680016470744711E-013  -7.4826314762447651E-005  -4.2512517111339856E-013  -1.4311915742160306E-013   5.9031839555672428E-014   4.2494867107147486E-009   2.0691421704211524E-008   8.4717476257221625E-009   9.8295061377871877E-009   1.5368644422497946E-011  -1.4523215775925968E-013   4.4530106100247191E-011   6.8467636552743632E-012   2.1240719112182694E-011  -2.7465963565356729E-011  -8.1631789210664183E-013  -9.7406769870828186E-012   1.2404367907519817E-012  -2.5930513534987165E-011   1.9299095872511176E-012  -5.0685603249410756E-012   3.7816586724056111E-005  -4.0569996938736726E-012   3.8892440958308688E-012   2.1269145990190681E-012   2.1559579061242097E-009   1.0861698267788377E-008   4.5849164849288148E-009   5.0476308002293694E-012  -7.3481571486458181E-012  -1.0986207594325375E-003  -5.7090901707375072E-012  -3.6767242778475803E-012   6.6125261601203998E-013  -3.1684511735795304E-009  -1.2597421014238547E-008  -4.1656261262268629E-009  -5.8377898449358579E-009   3.6708130293113435E-011  -5.9762481708324917E-011  -5.4177195866939847E-003  -5.2994545699295920E-011   3.9596586826822648E-012   1.6286323862624352E-011  -3.8228935587942109E-009   1.0580453493708215E-009   3.8201201220148287E-009   1.1094469330386524E-009   1.8975136683421063E-009  -5.6523157831892263E-010
  -7.8042601527992629E-010  -1.0470153210211934E-009  -1.9819903202012430E-009  -6.4149960421531184E-011  -8.8612052813342900E-006  -4.4227727801130513E-013   5.1503773090859968E-013   1.7722409789342292E-005   5.8740815725342568E-013  -8.8612045081352108E-006  -8.9145806402164455E-009  -1.1866255664337672E-008  -2.2525298691378213E-008  -2.9153410195226597E-009   3.7413159165446118E-005   1.9603021196614786E-012  -1.1520213696233504E-012  -7.4826315810640190E-005  -1.1653192586107330E-012   3.7413156645068982E-005  -1.3105024899699864E-008  -1.7499209898801894E-008  -3.3189830447867268E-008  -3.7490274181068362E-009  -1.9925882789766074E-011  -2.0182778057957960E-011   6.2974872913527214E-012   3.6449660373238858E-011  -2.1949488707786891E-012  -9.7162847274276650E-012   2.7713155361350325E-011  -2.5226119136723787E-011  -1.6998314658619539E-011   1.4108576756676024E-011  -1.8908290443495307E-005   1.3119612646652562E-012  -3.6441659746121403E-012   3.7816581585149694E-005  -2.1716214686597499E-012  -1.8908291142470835E-005  -6.9578794031846435E-009  -9.0870794849713966E-009  -1.7381326678098900E-008   5.4931041129301062E-004   2.4515625681867117E-011  -1.6723098093872430E-011  -1.0986207828417099E-003  -1.8835975907816191E-011   5.4931037154781043E-004   7.0862932492589270E-009   1.1915443317794698E-008   2.0878114860646762E-008   2.2130449365106049E-009   2.7088599628095878E-003   1.3337256202957925E-010  -1.0757338199910821E-010  -5.4177197142780617E-003  -1.0561700259191209E-010   2.7088597514675805E-003   1.4403459378277371E-009  -2.0312541421957809E-009  -3.7719238492311161E-009  -6.4187945061260079E-009  -7.0922006238213780E-010   2.1162585232200630E-010
  -2.2320946762738624E-009  -1.2884019344254576E-009   1.3017220338957341E-010  -1.9485204632339237E-010  -1.0426579432361928E-012  -5.4706273757834786E-013  -1.7262599806642958E-013   5.8740815725342568E-013   1.7722409251195030E-005   4.5529055931813698E-013  -2.5393510690928711E-008  -1.4703783362824421E-008   1.5190199301356397E-009  -8.8760600970142524E-009   1.8435786352539204E-012   1.4862342806953743E-012   6.9206016508336187E-013  -4.9910398602926807E-013  -7.4826315129085429E-005  -1.3443079495423775E-012  -3.7399113514540364E-008  -2.1613433960195860E-008   2.2175243881017420E-009  -1.1376033056551931E-008   9.7034848731312356E-013   7.1882047155695480E-012  -7.7559355969844586E-012   6.4547381041228171E-013   3.1929999657339520E-011  -1.9473342443001896E-012   1.6038551972881098E-011   2.7360712849250974E-011  -2.8706185645392543E-011  -1.4612533289890173E-011   4.6615292198589996E-012   3.1793361128410636E-012   3.6002248033311837E-012  -2.3613465493089745E-012   3.7816583355967236E-005  -2.3003765287826819E-012  -1.9644841931856048E-008  -1.1435631346752376E-008   1.2465546689633772E-009   3.0143326763782472E-011   1.9204399930428109E-011   5.7005195135033824E-012  -1.2463428928555352E-011  -1.0986207680261037E-003  -1.7680177327415650E-011   2.2553257056503258E-008   1.2859825527577981E-008  -4.9492607689072680E-010   6.7453206862828058E-009   1.7398243684927899E-010   1.1687854866527097E-010   5.0476781349841047E-011  -7.4226160571415829E-011  -5.4177196315485518E-003  -9.9756371014866457E-011   4.4107058575704276E-009  -6.8214151649648044E-009  -3.8287722645997809E-009   3.4471402495651386E-011  -2.1846413863948018E-009   6.5107338716036166E-010
   3.3038891148250254E-009  -2.0811155197754327E-009   1.4151040911254398E-009   8.3859062810933063E-011  -8.8612041604691553E-006   6.5674042159456944E-013  -1.9891498344808587E-013  -8.8612045081352108E-006   4.5529055931813698E-013   1.7722408668632982E-005   3.7549805614635803E-008  -2.3699395905294526E-008   1.6052307376500923E-008   3.7961090186486766E-009   3.7413156139140492E-005  -1.4240082332322425E-012   5.1384597126070174E-013   3.7413158054716331E-005  -2.7538631896220979E-013  -7.4826314193876122E-005   5.5328574872475344E-008  -3.4889795415066011E-008   2.3676414807962698E-008   4.8658921683727409E-009  -2.1658204517603567E-011  -6.6346642288281377E-012   1.7680170448241624E-011  -1.0271179744291576E-011   3.9357408598299139E-013   3.9328710684649942E-011  -1.2669214005411031E-011   1.8544962083541280E-011   2.3632197192739521E-011  -2.7000631296986500E-011  -1.8908294091325483E-005  -3.6684725346226234E-012   1.9398722599041380E-012  -1.8908291762691680E-005  -2.6888769361322880E-012   3.7816585854129767E-005   2.8989597662534948E-008  -1.8375403812590649E-008   1.2345728396396058E-008   5.4931036073483438E-004  -1.9417272519782792E-011   6.5608507191527227E-012   5.4931039024340498E-004  -5.7971491055991630E-012  -1.0986207509779639E-003  -3.4039091542794486E-008   2.0694780039342510E-008  -1.5143562503120050E-008  -2.8863722532507471E-009   2.7088596980502444E-003  -1.2177526198453295E-010   4.5666209846621468E-011   2.7088598435457052E-003  -4.1316641835469226E-011  -5.4177195415965182E-003  -1.8883428446306488E-009   1.0394799294244125E-008  -6.2055294511270460E-009   4.7107555038925885E-009   9.3532865036969069E-010  -2.7869420758611227E-010
   1.4780641585189365E-002   1.8856980236144105E-008   1.8414228969188755E-008   2.2595922632596502E-009  -2.8635226103890061E-008   1.4144455982937002E-008   2.8642836822736616E-009  -8.9145806402164455E-009  -2.5393510690928711E-008   3.7549805614635803E-008  0.16811602445456739        1.9636896903873258E-008   2.0405864782575676E-008   1.0764641114175405E-008  -5.5742406070669561E-008  -9.3090274383501327E-009   1.8530535477468816E-008   2.0099821609776511E-008  -1.1783664322477891E-008   3.5642581463218806E-008  0.24762205652585376        3.7400282491519908E-009   3.5554626732969948E-009   4.5048030386105540E-008  -4.6461971439574364E-011   1.4207537886063202E-009   1.4903225347548823E-009  -4.3766475937188963E-010  -9.1663203701446431E-010   4.9999160418022965E-010  -1.1153132008392338E-009  -7.6490372910515114E-010   7.5596308150777956E-011  -5.4069511336222350E-010  -2.9956761885706600E-008  -7.3593819908565019E-009   1.4158590132367926E-008   1.1827130670008913E-008  -4.7211432743664892E-009   1.8129630615411251E-008  0.12999453229682001        1.8445033206307013E-009   2.1333750144542206E-009  -2.5959537585748701E-009   3.0680532600442387E-010   7.4224520440067625E-010   4.3911495754495577E-010  -1.0445015050114493E-009   2.1568391706379188E-009 -0.14790102045078535       -3.6887934799668762E-009  -3.8356531213444658E-009  -1.8490394816881385E-008   1.8124887866654269E-008   3.0887763479859267E-009  -6.4925169205810573E-009  -6.0160236318427710E-009   4.2834579136023430E-009  -1.2108864386915018E-008  -1.8799877846049813E-008   4.1761273667105234E-002   1.1175030456008160E-009   1.1580328235446341E-009   7.6505721557330997E-009  -2.6081216687725141E-009
   1.7318389039291005E-008   1.4780629966553591E-002  -2.2084458147454812E-008   2.3277075089442866E-008   3.5565651049611918E-008   1.7424196294211720E-008   1.4046579620777662E-008  -1.1866255664337672E-008  -1.4703783362824421E-008  -2.3699395905294526E-008   1.9636896903873258E-008  0.16811600679334734       -2.6957134291844938E-008   1.8862528753876234E-008   4.6766682606175207E-008  -1.5666227048483649E-008   8.4481355950362504E-009  -4.8020156089719417E-008  -5.0434108003768878E-009   1.2534785988707974E-009   1.3031342480435937E-009  0.24762205343299423       -3.8885514879084445E-009   7.2864378767647039E-008  -1.1184885573627360E-009  -3.1063249904016212E-010   5.2153222574888512E-010   1.9280761138717190E-009   1.0300356298664158E-009  -4.2746610345881124E-010   1.9622593825297155E-010  -9.0984612698943950E-010   4.7372379880237926E-011   2.8943208339404909E-010   1.7922755925201653E-008  -1.5099555313729162E-008   1.8133932847625972E-009  -2.1387095406875438E-008   6.6844625321175263E-009   3.4643374592018054E-009   4.7208544441184713E-010  0.12999452946877887       -2.7570817758864894E-009   2.0950813119071820E-009  -1.6108326757824648E-010   6.3761449140366861E-010  -1.3172642883471808E-009  -3.7486956684312156E-010  -7.7782099835054273E-010  -2.1790790352169982E-009 -0.14790101661037855        4.7558001380212697E-009  -3.5544029903577065E-008  -1.4468591072858433E-008   5.4223033187147004E-009  -2.2528873784625574E-009   1.4960451552559787E-008   5.0876973022711270E-010  -4.9186002285024610E-010  -2.6375725970593087E-008   6.5448979212155798E-010   4.1761272513048189E-002  -1.4297259785047528E-009   1.2227249522062288E-008  -3.8117944978671987E-009
   1.8305924413141310E-008  -2.3448791304727183E-008   1.4780652585873258E-002   3.3156304990296672E-008   6.4729860098798113E-009  -1.0718394851953574E-008   5.7892161726161412E-009  -2.2525298691378213E-008   1.5190199301356397E-009   1.6052307376500923E-008   2.0405864782575676E-008  -2.6957134291844938E-008  0.16811603716148360       -2.7232922128258137E-008   2.2009702959999806E-009  -9.1755767621425453E-009  -2.2371998591826582E-008  -3.3630575321314092E-008  -2.8466616491853599E-008   3.1429601753634561E-008   1.4732839615291955E-009  -3.3190408074046640E-009  0.24762205799892056       -3.5599594646996003E-008  -8.9337637326038029E-010   2.2928288634373478E-010  -4.0833918285744236E-010   1.0604774276120540E-010   1.0726380347740502E-009   1.0925427830608750E-009   1.0172727018425907E-009  -3.0411256490536446E-011  -1.5940980480294024E-009   3.2701184407923997E-010  -4.5670930809944670E-009  -3.3808493795082640E-009  -1.6254961533926209E-008  -1.5154587658371201E-008  -1.4570354966804939E-008   1.9721686127736577E-008   1.1160362100226243E-009  -2.6290689224339256E-009  0.12999453370824515        3.6885069444077681E-011  -4.9955489179151270E-010  -5.5043284560682744E-010  -1.5590331173485205E-009  -6.4653654698969615E-010   1.5221542590872100E-009  -2.6864061161087030E-009   4.5886799536823727E-009 -0.14790102271891645        1.5347338891935971E-008   2.7765266855246068E-010   2.8497339117015623E-009   7.1919907962407705E-009   1.0342312805886702E-008   9.2344732062705539E-009  -1.0619964722738135E-008   1.4893186677148187E-008   8.0704419864883597E-010  -1.3809302850296460E-009   4.1761274352179294E-002  -6.0576098522885681E-009   2.0566871467025613E-009
   2.9935425229185145E-009   9.4887176630324257E-009  -2.8451444834074118E-009   1.3057049511566290E-002  -8.8075443802725800E-010   7.4917160858290518E-009   7.6778753171248267E-009  -2.9153410195226597E-009  -8.8760600970142524E-009   3.7961090186486766E-009   1.0764641114175405E-008   1.8862528753876234E-008  -2.7232922128258137E-008  0.58095821976263151        2.2650196634619753E-009  -2.2514105949264178E-009  -2.5593399240483804E-009  -2.2390733348779150E-009   5.8308318304529615E-010  -2.6040049855143467E-011  -8.3306631001718939E-008  -1.2134824603842052E-007   1.9182133341808432E-008  0.74580790426253341       -3.7742548577634893E-009   4.6438329381497872E-009   9.1280689571894971E-010   1.7269623777049142E-009  -1.2933842998479157E-009   3.3367314142601487E-009  -2.2278910442120826E-009  -4.0578962491507137E-009  -1.6548031838015856E-009   2.3442104639306652E-009  -7.1077393438956560E-010  -2.9318492725600601E-009  -3.1560573550807943E-009   2.9398270199967865E-009   4.8010338533045405E-009  -2.2289462634191615E-009  -5.0906523342539009E-008  -6.1993807157266775E-008   2.1299835702671391E-008   8.2752545354996816E-010  -1.2731199094668983E-009  -1.2110779893486069E-009  -7.7058669795715547E-010   4.9703187751301820E-010  -5.6783381616974467E-011   5.4605329357194125E-008   6.7656450927307674E-008  -1.8743336544049976E-008 -0.44779938822374726        1.3994165013155956E-009  -3.4370380645176519E-009  -3.5843680824416302E-009  -2.2794931717187010E-010   2.9953135832913586E-009  -1.1714622959534437E-009 -0.29804724484691159       -1.6939352335384277E-008  -2.0670420682761158E-008   5.9388277854341311E-009  0.14563282434011582       -4.2057131467983552E-002
  -4.8807203934088324E-009   4.1114096449746150E-009   2.0385762959554453E-010   5.0741661776877252E-011  -7.4826315305002896E-005   1.0541135263396221E-012   3.6613744878335281E-013   3.7413159165446118E-005   1.8435786352539204E-012   3.7413156139140492E-005  -5.5742406070669561E-008   4.6766682606175207E-008   2.2009702959999806E-009   2.2650196634619753E-009   3.1592642568995872E-004   1.6420178543845681E-012   1.4424635757505409E-012  -1.5796320959050690E-004   4.7634914580917933E-012  -1.5796321610006152E-004  -8.1965957176629991E-008   6.8927292717871004E-008   3.3423094460826662E-009   2.8519868323032806E-009  -1.7557482962080503E-010  -1.1322855388149160E-010   1.0123575678999880E-010   1.1053167719766491E-010  -7.6032837784251558E-012   1.2502667102903888E-010   6.3519057474676143E-011  -2.8208971659278360E-011   2.8008819134062747E-011  -5.4430969242057323E-011  -1.5966653345264925E-004  -9.6506909760965888E-012  -9.3089591049605260E-012   7.9833254509826889E-005  -2.5992327146456865E-011   7.9833278939850635E-005  -4.3372583388873577E-008   3.6124801338280177E-008   1.5254636516826954E-009   4.6385196459040540E-003   1.2538162716469468E-011   1.8031118661781798E-011  -2.3192597961569825E-003   5.5223684162952078E-011  -2.3192598497496597E-003   4.7556181763102935E-008  -4.1600661987418869E-008  -3.2718776271451330E-009  -1.6876657352449244E-009   2.2874316345253474E-002   4.6498166437697142E-012   3.9131710621317553E-011  -1.1437158073553215E-002   1.6483610670976045E-010  -1.1437158271706428E-002  -1.1041845185852400E-009  -1.3969065192029450E-008   1.2534847226620075E-008   1.2000949714223267E-009   5.4462115045223110E-010  -1.6299356697324603E-010
  -7.9969804304083928E-010  -1.3512246053661469E-009  -8.0884325981149341E-010  -2.9379223365671653E-011  -5.3609892135452466E-013  -7.4826315368060650E-005  -5.2680016470744711E-013   1.9603021196614786E-012   1.4862342806953743E-012  -1.4240082332322425E-012  -9.3090274383501327E-009  -1.5666227048483649E-008  -9.1755767621425453E-009  -2.2514105949264178E-009   1.6420178543845681E-012   3.1592642732416294E-004  -2.1117858792010236E-012   7.6197009097093071E-013   1.7948121356333461E-012  -2.4039687510157192E-012  -1.3554768442190486E-008  -2.2848607410658823E-008  -1.3536952513086850E-008  -2.7514919696061535E-009   7.4430477729029099E-011  -1.7739664265222505E-010   9.3642963252700631E-012  -1.2802852683319262E-010   8.7407268269885173E-011   2.8169569371335450E-011   9.4722335608775599E-011  -7.4825473329395533E-012   5.0313314223900982E-011  -1.4025903489421012E-012  -1.0560025067972632E-011  -1.5966652060065412E-004   2.3720385490752046E-011  -9.0953887969761526E-012  -1.7068839329970781E-011   1.9655474887425263E-011  -7.5598609540268036E-009  -1.2551220506011810E-008  -7.0470429355151210E-009   3.3708843519330785E-011   4.6385196535708899E-003  -3.7628827166625639E-011   2.3519001123828051E-012   2.5316198600643445E-011  -3.6060622973244915E-011   5.9984236882038482E-009   1.1289388765048993E-008   8.4723952492243469E-009   1.8144992623393831E-009   1.0821299471584995E-010   2.2874316403369475E-002  -8.5195040285165327E-011  -4.0419894035947536E-011   3.0701693247791823E-011  -6.7793265304670404E-011   1.1830417740601771E-009  -1.4754750096629746E-009  -2.9516931317968760E-009  -2.5975800152468594E-009  -6.7573623378649674E-010   1.9280671879931678E-010
   1.6153151883237293E-009   7.4417577071891951E-010  -1.9414104412836115E-009  -3.8374201539445133E-011   6.3818718054167310E-013  -1.1831519813844863E-012  -7.4826314762447651E-005  -1.1520213696233504E-012   6.9206016508336187E-013   5.1384597126070174E-013   1.8530535477468816E-008   8.4481355950362504E-009  -2.2371998591826582E-008  -2.5593399240483804E-009   1.4424635757505409E-012  -2.1117858792010236E-012   3.1592642951841217E-004  -2.5674143181948109E-012   7.0869740832393366E-013   1.1247644704573384E-012   2.7177516600913795E-008   1.2449875903956945E-008  -3.2728564912426361E-008  -3.1366850854995738E-009  -6.4889081810217789E-011   6.1356510387533176E-013  -1.8801137362636591E-010  -2.8907135003427049E-011  -8.9680884092299295E-011   1.1596497257333418E-010   3.4463747260039084E-012   4.1125688457678215E-011  -5.2373588510072652E-012   1.0948214283612510E-010  -9.6524745589465761E-012   2.3579708141196458E-011  -1.5966654589059142E-004   1.9319176376538842E-011  -1.6474036732195336E-011  -9.6659607973430266E-012   1.4529478080830864E-008   6.4892521416075814E-009  -1.7710643871078271E-008   2.2434588646327917E-011  -3.2516709271972831E-011   4.6385196841143830E-003  -3.9707027294796683E-011   1.7122646830312661E-011   1.7273311598848724E-011  -1.5038599206624467E-008  -7.6261220916874660E-009   1.7278367392414237E-008   2.0678261809864950E-009   6.0738956066820975E-011  -6.1019981017864964E-011   2.2874316482849197E-002  -9.0921747938516423E-011  -8.8298145638370237E-012   3.0183178381568883E-011   1.3604589327824704E-009   4.2734115693031390E-009   2.3302310214781301E-009  -4.7760207644838308E-009  -7.7163294751993216E-010   2.2042970945089674E-010
   1.7541451569881884E-009  -4.2098324404097040E-009  -2.9537386892397746E-009  -5.7726503287030252E-011   3.7413157756460973E-005  -2.7297116670609867E-013  -4.2512517111339856E-013  -7.4826315810640190E-005  -4.9910398602926807E-013   3.7413158054716331E-005   2.0099821609776511E-008  -4.8020156089719417E-008  -3.3630575321314092E-008  -2.2390733348779150E-009  -1.5796320959050690E-004   7.6197009097093071E-013  -2.5674143181948109E-012   3.1592642350264090E-004  -3.3745362563133766E-012  -1.5796321391160577E-004   2.9511985710358346E-008  -7.0686265006963825E-008  -4.9529013558420837E-008  -2.8709497229387964E-009   8.4131100537736157E-011   8.5214044987197866E-011  -2.6588972815393424E-011  -1.5389640579492710E-010   9.2660734224179362E-012   4.1022695862349543E-011  -1.1700925800501824E-010   1.0650868872410321E-010   7.1770319073787145E-011  -5.9568671168777450E-011   7.9833254190951388E-005  -1.0086362665960089E-011   1.9157147304055097E-011  -1.5966651887369782E-004   1.3381665289565798E-011   7.9833264686193583E-005   1.5743975352073414E-008  -3.7329310799978913E-008  -2.6002165404749919E-008  -2.3192597885918226E-003   2.8947386744056474E-011  -3.8654375042256285E-011   4.6385196289832672E-003  -4.2636991019149214E-011  -2.3192598403876923E-003  -1.6870462254427326E-008   4.1505282716610391E-008   2.9867015430065521E-008   1.5708842433943544E-009  -1.1437158035792700E-002   9.0064863241580159E-011  -8.4624604124728609E-011   2.2874316262230437E-002  -1.5652525218437869E-010  -1.1437158226433968E-002   1.0143850392715503E-009   4.8834537471477287E-009  -1.2309181419086994E-008  -8.9611040882024061E-009  -4.4249689277600353E-010   1.3859543648869864E-010
  -1.0397325011601440E-009  -4.6339856276379568E-010  -2.4899416045944683E-009  -9.6587663975906079E-012   1.4405334281144215E-012   3.8576182316468363E-013  -1.4311915742160306E-013  -1.1653192586107330E-012  -7.4826315129085429E-005  -2.7538631896220979E-013  -1.1783664322477891E-008  -5.0434108003768878E-009  -2.8466616491853599E-008   5.8308318304529615E-010   4.7634914580917933E-012   1.7948121356333461E-012   7.0869740832393366E-013  -3.3745362563133766E-012   3.1592642729883760E-004  -1.3896590231035683E-012  -1.7390479574985892E-008  -7.6342439752308830E-009  -4.1862846628503284E-008   6.2204214504323910E-010  -4.0961070436821430E-012  -3.0350749900797260E-011   3.2745302787814259E-011  -2.7258574928122129E-012  -1.3481242830427694E-010   8.2213673737373656E-012  -6.7716127046266777E-011  -1.1551932010785798E-010   1.2120149084409687E-010   6.1696089075466584E-011  -2.5997907434185589E-011  -1.7482969117987171E-011  -1.7050699432194853E-011   1.2747152745062086E-011  -1.5966652976278441E-004   1.3251573177770437E-011  -9.0273481810635434E-009  -3.5542688899036448E-009  -2.2241842736874510E-008   5.6656371278288193E-011   3.7192511704847112E-011   2.9434132557941449E-011  -2.8002383209779055E-011   4.6385196649689087E-003  -2.8652808025171272E-011   1.0616053367199199E-008   6.7788096865786964E-009   2.3846014215856237E-008  -6.3954333734876117E-010   1.7241839081848674E-010   8.9783346680097797E-011   5.0729555361166026E-011  -8.4203620964724799E-011   2.2874316398885639E-002  -8.8214369862381872E-011  -4.3288036792466128E-010  -3.2376774932500192E-009  -2.4140752535247685E-009  -6.9515088549088369E-009   3.4068774750303941E-010  -8.8608995197115964E-011
   3.1265749798301721E-009   9.8423249723790638E-011   2.7498807672941437E-009   6.9828295259408975E-012   3.7413157548686325E-005  -7.8114690642813887E-013   5.9031839555672428E-014   3.7413156645068982E-005  -1.3443079495423775E-012  -7.4826314193876122E-005   3.5642581463218806E-008   1.2534785988707974E-009   3.1429601753634561E-008  -2.6040049855143467E-011  -1.5796321610006152E-004  -2.4039687510157192E-012   1.1247644704573384E-012  -1.5796321391160577E-004  -1.3896590231035683E-012   3.1592643001174877E-004   5.2453967144151158E-008   1.7589798992980448E-009   4.6186699234425350E-008   1.8844007800912057E-011   9.1443729084049548E-011   2.8014508893805998E-011  -7.4646783974892329E-011   4.3364728596755664E-011  -1.6627896433790762E-012  -1.6604936689219760E-010   5.3490200530662096E-011  -7.8299717063806375E-011  -9.9779138207791450E-011   1.1399964041028951E-010   7.9833279262006023E-005   1.9737043941576942E-011  -9.8480940576620805E-012   7.9833264363603972E-005   1.2611017562438368E-011  -1.5966654362608540E-004   2.7628605143627729E-008   1.2045126338272894E-009   2.4476699501065266E-008  -2.3192598573211825E-003  -4.1485267647606421E-011   2.0620521472827436E-011  -2.3192598328185296E-003  -1.2597026851463688E-011   4.6385196901385485E-003  -3.0685736655481022E-008   9.5346214574919824E-011  -2.6595125811156553E-008   1.1687182953272850E-010  -1.1437158309504918E-002  -9.4713290159630634E-011   4.5479406625478973E-011  -1.1437158188638981E-002  -8.3618139932488533E-012   2.2874316498146297E-002   8.9870074517930830E-011   9.0856121363750043E-009  -2.2567290067310142E-010   7.7610047985255330E-009  -1.0215228520008798E-010   2.4432153235941811E-011
   2.1784076677005590E-002   2.5353010786727155E-008   2.4616078217216033E-008   1.1252642792908001E-009  -4.2223551497829123E-008   2.0798525649223924E-008   4.2494867107147486E-009  -1.3105024899699864E-008  -3.7399113514540364E-008   5.5328574872475344E-008  0.24762205652585376        1.3031342480435937E-009   1.4732839615291955E-009  -8.3306631001718939E-008  -8.1965957176629991E-008  -1.3554768442190486E-008   2.7177516600913795E-008   2.9511985710358346E-008  -1.7390479574985892E-008   5.2453967144151158E-008  0.36488461980708270       -3.5148637793241736E-008  -3.6839427226379545E-008  -6.0628379152789607E-008  -6.8340444235843065E-011   2.0918973954387406E-009   2.1941104873605737E-009  -6.4423654291202114E-010  -1.3490546030378560E-009   7.3591229994402438E-010  -1.6424997478561048E-009  -1.1265954565558253E-009   1.1174787306295981E-010  -7.9567851961272801E-010  -4.4262927042066479E-008  -1.0965976699705058E-008   2.0953301334645409E-008   1.7503903819191167E-008  -6.9352939242248511E-009   2.6759022356676940E-008  0.19098112196370451       -1.8724053468472863E-008  -1.9041127991493605E-008  -1.8221075620574613E-009   2.6003592290565343E-009  -5.4687085620001581E-010  -6.9561253550222877E-010  -2.0013057402144053E-009   2.5177206560639917E-009 -0.23230668409255184        1.6646311585099442E-008   1.7318556610100470E-008   5.2666784168185050E-008   3.6252786847521148E-008   1.4798595452775231E-008  -1.7438101122651350E-008  -1.5296024426397803E-008   4.0661623059249610E-009  -2.0956762643625367E-008   2.7105325883242710E-008   7.8192353633111444E-002  -4.7938357473438208E-009  -5.0044469398553874E-009  -1.8249238837982628E-008   4.7981086153792208E-009
   2.3300776712503174E-008   2.1784061575128601E-002  -2.9337228597230156E-008   3.0939872882938426E-008   5.2389004453230900E-008   2.5611013688274989E-008   2.0691421704211524E-008  -1.7499209898801894E-008  -2.1613433960195860E-008  -3.4889795415066011E-008   3.7400282491519908E-009  0.24762205343299423       -3.3190408074046640E-009  -1.2134824603842052E-007   6.8927292717871004E-008  -2.2848607410658823E-008   1.2449875903956945E-008  -7.0686265006963825E-008  -7.6342439752308830E-009   1.7589798992980448E-009  -3.5148637793241736E-008  0.36488464900320433        4.7839466601130129E-008  -8.4009664371280330E-008  -1.6471524060426530E-009  -4.5778207731399153E-010   7.6790526658214711E-010   2.8393475375456430E-009   1.5163859682667772E-009  -6.2946047710202192E-010   2.8991978105936971E-010  -1.3385215952169381E-009   6.8820674120680019E-011   4.2531227791312658E-010   2.6402034122422136E-008  -2.2417934708968567E-008   2.6696063598917785E-009  -3.1575344303249138E-008   9.9917269519297735E-009   5.1733072230310166E-009  -1.8869016416193173E-008  0.19098113555764687        2.4173737698473646E-008   3.6094862358019458E-009   2.9176231582804790E-009   1.0007916462915664E-009  -1.2726261231386831E-009  -3.3786925600861065E-009  -2.3368659975434994E-009   1.6524040084529867E-008 -0.23230669761370545       -2.2359547007064911E-008   6.3459621839134791E-008  -1.8679899286369561E-008   2.3147794963487104E-008  -3.0170228597440628E-009   2.5083839947346119E-008  -1.2877944902999337E-008  -6.4039399728419711E-009   3.8516168942923112E-008  -4.7498775828953610E-009   7.8192357593895256E-002   6.4780869609236237E-009  -2.1611717340248520E-008   6.1210061811388388E-009
   2.4639684268767157E-008  -3.1397199681976018E-008   2.1784091367855859E-002   5.0157373859473261E-008   9.5134075926350599E-009  -1.5786011409625372E-008   8.4717476257221625E-009  -3.3189830447867268E-008   2.2175243881017420E-009   2.3676414807962698E-008   3.5554626732969948E-009  -3.8885514879084445E-009  0.24762205799892056        1.9182133341808432E-008   3.3423094460826662E-009  -1.3536952513086850E-008  -3.2728564912426361E-008  -4.9529013558420837E-008  -4.1862846628503284E-008   4.6186699234425350E-008  -3.6839427226379545E-008   4.7839466601130129E-008  0.36488459659130473        2.3451793018477091E-008  -1.3153255969101087E-009   3.3730229351230564E-010  -6.0124644085146377E-010   1.5666671844708716E-010   1.5793940625563346E-009   1.6080282616307708E-009   1.4976245527081220E-009  -4.3875995455560574E-011  -2.3465774197303743E-009   4.8082626528439254E-010  -6.7995148506158084E-009  -4.9691004900420849E-009  -2.4120248224176755E-008  -2.2348512965873579E-008  -2.1537326499158016E-008   2.9148035674483834E-008  -1.8934350855498984E-008   2.3921017240290282E-008  0.19098111066361312        1.4160606139853676E-009  -1.0113959257902015E-009   2.3232633349724369E-009  -2.1254496198468846E-009  -2.6390847707195328E-011   7.0939800681939064E-010   1.7054363533206722E-008  -2.2127592162524374E-008 -0.23230667346394399       -2.5613829036816640E-008   6.9671909381609610E-009   2.8661072804804360E-009   2.5644011194527920E-008   1.6023171518634755E-008   1.7930551984598022E-008  -2.2990361382363456E-008  -1.1349833771610899E-008  -4.9196706671724685E-009   6.4076516297560722E-009   7.8192350547453632E-002   9.1987347270228143E-009  -2.2599860001567868E-009
