   2.0376433454345690E-004   9.0129307910290373E-013  -1.3804023295781689E-011   2.3489638702884562E-011  -1.6409059884006128E-011  -3.8670805484762655E-012   1.5506969404401356E-011   4.0834922320700728E-016  -3.7001298961336243E-016   7.0279255539461767E-016   9.4092511033929266E-003  -1.8626466080238258E-011   6.9948601553725858E-011  -8.1207508478211988E-012   5.5526117123117112E-011  -2.4532311812898526E-012  -3.6898980808869861E-011   4.5236511814882703E-016  -3.3705543193230131E-016   5.8455800087677585E-016   1.5092686808211951E-002   5.8201807836453650E-018  -3.5188509574846970E-019  -1.1782215290961528E-017  -5.9100899174393308E-018  -3.1525579885561441E-018  -1.4436065602686439E-018   2.8425346045489678E-018  -9.3788056759545199E-018  -2.8431124016331793E-018   2.0373968490089827E-017   3.8940970569235586E-016  -2.8866840911755239E-016   3.1422693293085412E-016   4.8731061512167909E-011  -1.3573211375665026E-010   4.1751617186976663E-011  -1.3552121163990312E-010  -3.5523233220165335E-013   8.6789268425138713E-011   8.3636497959456330E-015  -4.0881483181654143E-015  -6.1345120852184837E-015   3.1749433769478350E-010  -9.1415592606272652E-010   2.7436298417393177E-010  -8.9562097429948861E-010   6.7476152728314911E-012   5.7812624026383231E-010   2.5166404032486494E-018   6.5954442731838830E-019  -5.1584216615118945E-018  -4.0777446378025063E-018  -6.9450101506237024E-019   2.4379154834695707E-019  -1.2139908729643702E-019  -4.6089163219585101E-018   1.4891899540262498E-019   8.1356031388595969E-018  -5.5660756071683973E-003  -6.3570479590931619E-003   6.8145686251429912E-003   1.4182144625758387E-015  -6.9543557847331416E-016  -1.0212068742115661E-015  -4.2436481230822927E-003
   9.0129307910290373E-013   1.5492318769033614E-006   8.4262087559043505E-014  -4.3062432548325590E-014  -7.7461606515714156E-007  -2.4494647386510760E-014  -7.7461581172912536E-007  -2.5002906740193878E-016   1.4588870844570647E-016  -1.7742251599766398E-016   5.8039060651178176E-011  -2.1351914743664742E-005  -6.6770126009111777E-013   2.8939232779717215E-013   1.0675958528005974E-005   2.0322205535526446E-013   1.0675956215677848E-005  -2.1904572058176331E-016   1.2751662138220987E-016  -1.5487038568030089E-016   8.8162088575187328E-011   1.5395078758455751E-018   7.6265457622013457E-020  -5.3309849218179904E-019   2.7376671527819789E-019   1.8313526337212208E-019  -1.9871984650076661E-019  -1.0314409113885640E-019  -5.1873114633977044E-019   1.6355995615004065E-019  -6.3128158531573902E-019  -1.5045682849526149E-016   1.0319448456355782E-016  -8.3196772739994638E-017  -2.8490863420552214E-004  -6.4585701462501905E-012   3.4941285712038264E-012   1.4245432885338493E-004   2.3926971986031126E-012   1.4245430535215657E-004  -7.7853413525862617E-016   1.5512059912545704E-015   9.3184947370464744E-016  -1.5940620771921544E-003  -3.5856261111799405E-011   2.0046179662565634E-011   7.9703110438369745E-004   1.3546733433027549E-011   7.9703097280862988E-004   8.5725303997533858E-019   4.8542671577519640E-020  -1.8840072620745661E-019   2.3004503155791879E-019  -1.1524324318408479E-019   2.8274469021055100E-019  -4.0439422947181926E-020  -1.7215745527037197E-019   1.3053271361779624E-019  -5.5504073083462659E-019  -3.8434499986056711E-011  -4.4042443571872950E-011   5.2797151571226353E-011  -1.3562669550317202E-016   2.6403995002230056E-016   1.5401592493969874E-016  -3.3146670462011198E-011
  -1.3804023295781689E-011   8.4262087559043505E-014   1.5492320428478524E-006   2.3400352107152630E-014   8.4981229801152110E-014  -7.5841902750782608E-014  -1.6924022742676581E-013  -3.3259039379283007E-017   5.6742526568168914E-017  -7.5533606607214764E-017  -6.9787485933319475E-010  -9.1073272687605639E-013  -2.1351916183706337E-005  -2.2709858140597270E-013  -6.0429967609989695E-013   6.0805476312802612E-013   1.5150383397592092E-012  -2.3290193114274608E-017   5.2123655949546071E-017  -7.2550312650941640E-017  -1.1003192463433215E-009  -1.2124061972676728E-019   8.8905270320940367E-020   2.3312823396641690E-019   1.5295486184507310E-019  -5.4527413311853593E-019  -1.6254877336749925E-019  -4.9443118381640325E-019   2.1551363659098163E-019   9.4182406412036820E-020   1.1638665060639331E-018   2.0303621557731163E-017   4.2887694336837980E-017  -7.5170026878064211E-017  -9.1180320835917575E-012  -2.8490864942476505E-004  -2.4898583603042078E-012  -6.4664573260342221E-012   6.8145110813546026E-012   1.5584489189346275E-011   2.4883295356790235E-015   6.9926689944088328E-016  -2.2071563651721243E-015  -5.0704537347937464E-011  -1.5940621625283478E-003  -1.3520322570892132E-011  -3.7028220366048760E-011   3.8332880304465293E-011   8.7732769900837808E-011  -2.5072691658218366E-019  -5.0809373144323645E-019   4.3707561980558198E-019   1.4187462054977504E-019   5.8448857563511623E-019   1.0227110084216522E-022   1.6756984816278382E-019   6.9654885392014511E-019  -3.9590192589581840E-019   2.2042462874347030E-019   5.1095123307795134E-010   6.2497917902311594E-010  -7.8261400380251720E-010   4.1891852848226537E-016   1.1885530222300168E-016  -3.7343672760013200E-016   4.9325152807382776E-010
   2.3489638702884562E-011  -4.3062432548325590E-014   2.3400352107152630E-014   1.5492317743350371E-006   9.0982294607609357E-014   1.3910067267549199E-013  -4.7913246160494764E-014  -1.3109043224766874E-017  -5.1952166175543151E-017   1.3179123927214943E-017   1.1266898523701888E-009   3.5457295138335341E-013  -1.8837601941699310E-013  -2.1351913854742242E-005  -7.4680162429192111E-013  -1.1839891172137917E-012   3.9223241006458879E-013  -1.8892896848292001E-017  -4.3462657454379980E-017   1.1175239241209264E-017   1.7947821089562320E-009   6.2760243311410757E-019   1.0724075237629395E-019   1.9798975748491199E-019   2.3251479476664556E-020   4.0210855216890408E-019   9.1050672895314386E-020  -1.4650036202154651E-018   1.7472055809368734E-019  -1.6881598055962150E-019   5.7839094408269358E-019  -7.8558405619868369E-018  -2.8876833226289762E-017  -9.0955235065773103E-018   4.2634777074885818E-012  -1.9498257391701281E-012  -2.8490862490725832E-004  -8.4018698272318746E-012  -1.1659695046229643E-011   4.1383894631356013E-012  -3.0241985139020125E-017  -1.5865236407250941E-016  -9.5500354626761338E-016   2.4356304565856601E-011  -1.0453225284104173E-011  -1.5940620243758261E-003  -4.6772815886543772E-011  -6.5615579722019179E-011   2.2416527148675867E-011   1.3563022971832632E-019  -5.0993056729191803E-019   4.5632621252205851E-019   1.1598363588039223E-019  -9.1753384698880947E-020   4.6159868745334905E-019  -7.4774293615552931E-019   3.6248594194673990E-019  -5.9936177722704867E-019   3.9304467612273780E-019  -8.5386722597173571E-010  -1.0643499392036917E-009   1.3511787122134904E-009  -5.3771647708959386E-018  -2.7620784659037698E-017  -1.6083181099288051E-016  -8.5256827256609999E-010
  -1.6409059884006128E-011  -7.7461606515714156E-007   8.4981229801152110E-014   9.0982294607609357E-014   1.5492320834270297E-006   1.7903671310973509E-014  -7.7461601827025427E-007  -8.6786066004052245E-017   1.8083524195497606E-016  -1.3914874554888398E-016  -8.2099841687417478E-010   1.0675958520962819E-005  -8.3713436865275325E-013  -7.4901731313717367E-013  -2.1351916658604852E-005  -1.9938513816176955E-013   1.0675958137674644E-005  -7.9844397344389671E-017   1.6234554792252699E-016  -1.2928702844195933E-016  -1.2973422933820343E-009  -4.5060071207858447E-019  -3.4614077006410755E-019  -5.0968953545405925E-019  -5.3140286731184651E-019   5.5733522086855270E-019   1.9587002471989554E-020   5.9268112999997000E-019   2.2062976726535354E-020   8.3184841031644988E-019  -1.2158999463910736E-018  -4.3762416645644557E-017   1.0761959640443187E-016  -8.1864473801696615E-017   1.4245432862914611E-004  -8.8990938544973616E-012  -8.3957531415947212E-012  -2.8490865334319102E-004  -2.1186143128556061E-012   1.4245432471409825E-004   2.3606274078660983E-016   6.2599599841525057E-016  -4.9427382095092976E-016   7.9703110307794529E-004  -5.0521746302931587E-011  -4.6753979371580688E-011  -1.5940621832436080E-003  -1.1037887900895078E-011   7.9703108016531505E-004  -6.9128119281336961E-019   2.6880147127804240E-019  -5.0137312356159164E-020  -1.6663603512789074E-019   8.0791450483340664E-020   3.9135632742870151E-019   4.2163423444264536E-019  -1.6479683576445524E-019   3.4097315579952924E-019  -6.8853762366214849E-019   6.0825206585995872E-010   7.4860418642912326E-010  -9.4242846726857458E-010   3.8234301044047267E-017   1.0870039887491515E-016  -8.5805736186850636E-017   5.9423172851837185E-010
  -3.8670805484762655E-012  -2.4494647386510760E-014  -7.5841902750782608E-014   1.3910067267549199E-013   1.7903671310973509E-014   1.5492319733598460E-006   6.5906253089505772E-015   2.3496940570338733E-017   2.5989675538432747E-017   5.0172477686124700E-017  -1.8280680764585211E-010   1.9017045728534560E-013   6.3617991153795782E-013  -1.3451998892307800E-012  -1.4338883675865075E-013  -2.1351915547456017E-005  -4.6782186518536488E-014   1.9542180032922313E-017   2.0206082675957985E-017   4.5507672679182672E-017  -2.9263929687611346E-010   3.2102497813081329E-018  -8.5459934700698245E-019   7.8565656799117757E-019   1.2418076008952347E-018   1.8176619325426540E-019   3.4364175387286839E-019  -4.5408682604467399E-019   1.0487850235512753E-018  -1.2195717934626684E-018   5.7411794342190534E-019   1.4598127217666852E-018   7.6000581627778261E-018   2.1191306166958977E-017   2.0740713404688068E-012   7.0694023726109718E-012  -1.3760601320953106E-011  -1.4368788029238094E-012  -2.8490864283550505E-004  -6.3719258747365867E-013  -5.4505957600924261E-016  -4.9839270122877117E-016  -2.6944088256601635E-016   1.1669629807216760E-011   3.9704181908973639E-011  -7.7483688432528280E-011  -7.1961650005761543E-012  -1.5940621269394759E-003  -4.4734704055763647E-012   1.2200022705341708E-018   2.0372278366014145E-019   2.4220633444513803E-019   4.7725425969454417E-019  -6.1804678495775992E-019   8.2244575440890803E-019  -1.4714188560653195E-018   5.0636780235393381E-019  -1.6639427104203426E-019   8.3707145767996140E-019   1.3995050184032913E-010   1.7560656703021935E-010  -2.2362581164453461E-010  -9.1520610341064981E-017  -8.3539768128179371E-017  -4.4578170730198439E-017   1.4114447790764242E-010
   1.5506969404401356E-011  -7.7461581172912536E-007  -1.6924022742676581E-013  -4.7913246160494764E-014  -7.7461601827025427E-007   6.5906253089505772E-015   1.5492318299826513E-006  -1.4214506466633945E-016   6.1976468492693411E-017  -1.1282880280089888E-017   7.6291558430227539E-010   1.0675956222466323E-005   1.5047930430280606E-012   4.5953380186122225E-013   1.0675958130603923E-005  -3.8320825798714347E-015  -2.1351914353121940E-005  -1.2298218858081769E-016   5.2951388052016295E-017  -4.9838979459822992E-018   1.2091123031038665E-009  -1.0889070633418806E-018   2.6987550511525166E-019   1.0427880707963329E-018   2.5763582143378458E-019  -7.4047031267283929E-019   1.7913303982656621E-019  -4.8953717481310465E-019   4.9666840164081572E-019  -9.9540837671684605E-019   1.8471813265902403E-018  -1.0829461122424087E-016   3.0245068786266153E-018  -1.5945959676054990E-017   1.4245430557323233E-004   1.5357095764424706E-011   4.9004078656890726E-012   1.4245432448987342E-004  -2.7401837536028971E-013  -2.8490863006317845E-004  -2.0883569266679474E-015  -2.1965339688347060E-015  -4.6497616483747258E-016   7.9703097409661999E-004   8.6374828136726199E-011   2.6700992253484965E-011   7.9703107886028746E-004  -2.5084845969305004E-012  -1.5940620529567326E-003  -1.6597192310679866E-019  -3.1734374257632566E-019   2.3853790350314189E-019  -6.3408781482132585E-020   3.4451868218156141E-020  -6.7410113078286482E-019  -3.8119505476447835E-019   3.3695438689575816E-019  -4.7150594330078712E-019   1.2435783837156837E-018  -5.6974630712367135E-010  -7.0445836873828460E-010   8.8946972499831580E-010  -3.5448097905491566E-016  -3.6919213990384057E-016  -7.8570656454380122E-017  -5.6098173226798036E-010
   4.0834922320700728E-016  -2.5002906740193878E-016  -3.3259039379283007E-017  -1.3109043224766874E-017  -8.6786066004052245E-017   2.3496940570338733E-017  -1.4214506466633945E-016  0.15662974659750448       -1.3140927497530097E-009   2.6541268484119713E-009  -1.3133912007553047E-015  -3.8354256043695484E-016   1.7211726791137328E-018  -3.4480190725757744E-017  -4.4525123507452257E-016   3.0138655213629921E-017  -4.1343378445534066E-016  0.13815822379303544        3.2474397102925268E-010  -8.3506983801670079E-011  -4.2512849073555914E-015   4.5757982922589625E-011  -1.1343943652416956E-010   1.0969761261915584E-010  -2.5575839221261246E-010  -3.5699662147807394E-011   1.9438163844030393E-010   1.5799693691711992E-010   2.1594633464157281E-011  -9.8537953288679007E-011  -9.7858990365038136E-011   8.4814171322637938E-002   1.5963056047168326E-010   4.5766012572258444E-010   8.8251418588260337E-018   6.6642708084490444E-016  -6.3000886249428240E-016  -5.1762183477930431E-016   9.6716880500228056E-017  -6.4529266529661120E-017  -9.9885607533590839E-002  -1.8982448561747884E-010  -4.5218895052573454E-010   1.4696019980560605E-015   3.6063400038705493E-015  -3.4669702990444078E-015  -1.6912182247095874E-015   5.0770685546325866E-016   9.0158192901505174E-016   3.2694823393650036E-012  -1.5914696631015945E-011   1.1450738705940871E-011  -2.2778010751526482E-011   1.3889737395353927E-013   1.8398684018263397E-011   1.6100464863427439E-011   2.7044780016151710E-012  -5.6870117333005262E-012  -1.0550755840084018E-011   3.4325146957700128E-016   1.2060729784748784E-015  -5.4582742622506224E-016  -1.4095027591850436E-002  -2.9802722038011758E-011  -6.3423118471687055E-011   3.2982539118415321E-016
  -3.7001298961336243E-016   1.4588870844570647E-016   5.6742526568168914E-017  -5.1952166175543151E-017   1.8083524195497606E-016   2.5989675538432747E-017   6.1976468492693411E-017  -1.3140927497530097E-009  0.15662974356230971       -1.6518005406009287E-009  -1.3666415777633486E-015   6.9768109279600865E-016   4.4126653600633600E-017   1.2846297619256874E-017   6.9549897785420352E-016  -9.1678112091815314E-017   6.6885400965810145E-016  -6.9872209367460092E-010  0.13815822354573157       -1.2012408301001173E-010   4.1974631341481629E-016   6.9798441048711017E-011  -2.2214318278459802E-011   1.3879511187103016E-010  -3.9798578291094971E-010  -1.3309089426434064E-011   3.0433886259171123E-010   1.1182710668719321E-010   4.1168354982084016E-011  -1.2781558929558553E-010  -1.3413756883108393E-010  -1.9578955794247943E-010   8.4814171011590167E-002  -4.1948528308011530E-010   4.4364394462842633E-016   2.3884602240562310E-016   1.3876884592986747E-016   7.6362836704206944E-016  -4.4091688966619084E-016   4.0250733179224932E-016   2.8427191835659702E-010  -9.9885607178341121E-002   4.3441664149734803E-010  -6.5518918708191353E-016   1.2772697692789979E-015   7.2105451855323021E-016   1.2310336309051374E-015  -2.5735366214329179E-015  -7.6028752075334099E-016   1.2526022117241252E-011  -1.9260235405419215E-012   1.1961433767116760E-011  -4.4799267711892476E-011  -1.0818178229329638E-012   2.7992854719993516E-011   1.2436628975302599E-011   8.6611100077525048E-012  -1.4758349994793105E-011  -1.5371165018815863E-011   7.6003659448355677E-016  -3.0107491107024540E-016  -1.0899709501454249E-016   3.6998690676583071E-011  -1.4095027545110012E-002   6.1765889661905889E-011   7.4048409496254102E-017
   7.0279255539461767E-016  -1.7742251599766398E-016  -7.5533606607214764E-017   1.3179123927214943E-017  -1.3914874554888398E-016   5.0172477686124700E-017  -1.1282880280089888E-017   2.6541268484119713E-009  -1.6518005406009287E-009  0.15662974667102136       -1.4112040400657498E-015   4.4384917291225891E-016   3.1703678727929163E-017  -2.0102032335763665E-017   3.7434009090893684E-016  -5.8901785392744563E-017   3.5093292747914413E-016   1.9485114200444527E-010   1.3309766137953799E-010  0.13815822386942989        1.5972295746231728E-015  -2.1601999161842603E-011   1.2109139494512035E-011  -1.2714034120136303E-011   3.6324130756314993E-011  -5.2777721735489820E-011  -7.3436714594434077E-012  -9.5283522166231609E-012  -9.8134951437180460E-011   6.7357091125274770E-013   8.2607267890908422E-011   5.5500280913346457E-010  -3.3076381515195214E-010   8.4814171227493504E-002   2.1348684912351158E-016  -4.9847786469155465E-016  -2.3438312024803602E-016  -4.0253385608230780E-016   2.4763279183147088E-016   4.9432804240102877E-016  -5.8132233075876508E-010   3.1717042775013073E-010  -9.9885607450167543E-002   3.3154384151185395E-016  -2.7448448190820493E-015  -1.3943721967997402E-015  -3.1829412626982015E-015   1.3687855137762790E-015   1.7368585536159596E-015   3.4400786398369499E-013   1.4899251723658562E-012   1.2086990396796229E-013   3.3397103567263233E-012  -1.1174774453401081E-011  -3.8017944832546020E-012  -6.4771557305634413E-013  -1.3663346220030701E-011  -6.2127642851630632E-013   1.0087126361454318E-011   3.7716521216637894E-016  -8.1165435632021936E-016   6.1766014444781140E-016  -8.1611939151166046E-011   4.5260284160153149E-011  -1.4095027578792172E-002  -4.1492441430796274E-016
   9.4092511033929266E-003   5.8039060651178176E-011  -6.9787485933319475E-010   1.1266898523701888E-009  -8.2099841687417478E-010  -1.8280680764585211E-010   7.6291558430227539E-010  -1.3133912007553047E-015  -1.3666415777633486E-015  -1.4112040400657498E-015  0.44712679675365830       -1.1028369971645640E-009   3.9469146580596407E-009  -5.7026662458955018E-010   3.2512019156033737E-009  -1.2483515607079831E-010  -2.1483525508769119E-009   3.0985677463790904E-015  -1.6296779416084263E-015  -2.9772531400368266E-015  0.71300460536120147        2.5308137723922459E-016  -2.3668624973121336E-017  -5.3117687458651733E-016  -2.1649657942047913E-016  -1.4180199432257659E-016  -8.0162398889276392E-017   1.2453726368968658E-016  -4.0727343838528291E-016  -1.1056105483418603E-016   9.1330512472375386E-016   9.8260574697222285E-016  -1.7951288705678693E-015   2.0300219455985283E-016  -6.5275980029601037E-010   2.0949523361809623E-009  -5.2586499021051021E-010   1.9279056952619695E-009  -1.3297973094989609E-010  -1.2752026890733212E-009  -9.3402039281070469E-015   1.1476934037271651E-014   1.5888592803432583E-014  -1.4933543997953549E-009   4.2593731270750211E-009  -9.8618229067876297E-010   4.1738790642947830E-009  -3.2143193076124926E-010  -2.6804929226505492E-009   9.3036265369655597E-017   2.3383382380571375E-017  -2.1115761202539046E-016  -1.5969929336763203E-016  -3.0459468176496874E-017   3.0732053742171740E-018  -1.9538892194770883E-018  -1.8359989528323221E-016   6.7713107361582068E-018   3.3621872439211143E-016 -0.34696747364106389      -0.43624679489467111       0.55994892200294855       -1.5410218301767145E-015   1.9114639262674559E-015   2.6750141747346107E-015 -0.35360280399890420     
  -1.8626466080238258E-011  -2.1351914743664742E-005  -9.1073272687605639E-013   3.5457295138335341E-013   1.0675958520962819E-005   1.9017045728534560E-013   1.0675956222466323E-005  -3.8354256043695484E-016   6.9768109279600865E-016   4.4384917291225891E-016  -1.1028369971645640E-009   2.9427761590601929E-004   5.7487503967971013E-012  -6.9556897640907476E-013  -1.4713881565751562E-004  -7.6906146121669793E-013  -1.4713880024876667E-004  -3.5552945512574086E-016   6.2700785356964529E-016   3.6706641338211163E-016  -1.6955213396605844E-009  -2.1217896385623681E-017  -1.0511084462906890E-018   7.3473020379203634E-018  -3.7731245262591003E-018  -2.5240166944913634E-018   2.7388088581010268E-018   1.4215574819298804E-018   7.1492888568225886E-018  -2.2542262527420156E-018   8.7004852715916953E-018  -2.4424710264544234E-016   3.6483723955284276E-016   2.0552342426562400E-016   3.9266845447627884E-003   4.2929626974681150E-011  -4.2181307089998619E-012  -1.9633423245123795E-003  -5.8655452672527212E-012  -1.9633422202506752E-003  -3.4431957671258200E-015  -1.2996966054074126E-015  -1.8617488089801963E-015   2.1969776168270221E-002   2.3634024960330487E-010  -3.0444019101385867E-011  -1.0984888376399618E-002  -3.5017437643987035E-011  -1.0984887791872986E-002  -1.1814882847378045E-017  -6.6902417337129877E-019   2.5965870737645362E-018  -3.1705413589353363E-018   1.5883125739289736E-018  -3.8968603895717465E-018   5.5734289533971290E-019   2.3727180289581919E-018  -1.7990344274219066E-018   7.6497163354349368E-018   8.1606512814939191E-010   9.8598567617254764E-010  -1.2538554919464048E-009  -5.8702743963461843E-016  -2.0679555062839498E-016  -3.0660024778700929E-016   7.9088512113400850E-010
   6.9948601553725858E-011  -6.6770126009111777E-013  -2.1351916183706337E-005  -1.8837601941699310E-013  -8.3713436865275325E-013   6.3617991153795782E-013   1.5047930430280606E-012   1.7211726791137328E-018   4.4126653600633600E-017   3.1703678727929163E-017   3.9469146580596407E-009   5.7487503967971013E-012   2.9427762407887843E-004   1.2810762570960512E-012   3.7240794125877111E-012  -2.7421117589334102E-012  -9.4729116318512951E-012  -8.8262328110176493E-017   8.1869370546726918E-018   1.1549591620422063E-016   6.1064519078939834E-009   1.6709659320909206E-018  -1.2253143049144982E-018  -3.2130270665062618E-018  -2.1080618129262347E-018   7.5151112026416759E-018   2.2402911333622694E-018   6.8143768356863326E-018  -2.9702592071621182E-018  -1.2980445729063126E-018  -1.6040722424142233E-017  -6.6240643466957052E-017   1.1261547848653981E-017   6.9117953072026672E-017   3.4888553852078200E-011   3.9266845987450923E-003   9.6456383470904644E-012   2.7682440524532893E-011  -1.8685470960262820E-011  -6.2570991339961442E-011  -2.6491930813602800E-015   3.7982393316338499E-016   2.4653429961004876E-015   1.9091773837748356E-010   2.1969776472845485E-002   4.8310751737008193E-011   1.6657646451943500E-010  -1.0738055544237385E-010  -3.5749437085953764E-010   3.4555844465727764E-018   7.0026757297820986E-018  -6.0238851413323902E-018  -1.9553547466008844E-018  -8.0555695514074698E-018  -1.4089629436379647E-021  -2.3094895590451506E-018  -9.6000115497580760E-018   5.4564247099066756E-018  -3.0379572983019209E-018  -2.9288428358574408E-009  -3.5483380170162123E-009   4.5076013108675055E-009  -4.4705719710784760E-016   6.5016452780459531E-017   4.1680327066465011E-016  -2.8431444206787608E-009
  -8.1207508478211988E-012   2.8939232779717215E-013  -2.2709858140597270E-013  -2.1351913854742242E-005  -7.4901731313717367E-013  -1.3451998892307800E-012   4.5953380186122225E-013  -3.4480190725757744E-017   1.2846297619256874E-017  -2.0102032335763665E-017  -5.7026662458955018E-010  -6.9556897640907476E-013   1.2810762570960512E-012   2.9427761088672051E-004   3.3333472737524167E-012   8.4355845876101327E-012  -2.6378298033117619E-012   7.0674369553107585E-017  -2.0808305079613364E-017  -8.8982780071450181E-018  -8.7051492153259251E-010  -8.6497703535524316E-018  -1.4780207657824832E-018  -2.7287646441589984E-018  -3.2046296135034038E-019  -5.5419689802663109E-018  -1.2548879654109471E-018   2.0191062968753739E-017  -2.4080577978753995E-018   2.3266624583929181E-018  -7.9715022884733707E-018  -1.3001011595550555E-017  -1.3107415122575346E-017   2.4343091500539511E-017  -2.8341020678732831E-012   9.3223684828335792E-012   3.9266845131127482E-003   2.2934601730419375E-011   5.5517618649423758E-011  -2.0100463050145275E-011   2.2959988814163253E-016   5.7146736495762592E-016   2.3590436813164768E-016  -2.2777785962462197E-011   4.5873113289180687E-011   2.1969775980264707E-002   1.2507170909811379E-010   3.1585328105731625E-010  -1.0229414128061051E-010  -1.8692874364560127E-018   7.0279960930070369E-018  -6.2892133486198310E-018  -1.5985212058978568E-018   1.2645687205710854E-018  -6.3618730779725712E-018   1.0305586559668237E-017  -4.9958800031285718E-018   8.2605595643861364E-018  -5.4170328842786972E-018   4.1550627406359722E-010   4.8932355994893634E-010  -6.1901075940260602E-010   3.8784357970011108E-017   9.6097489498427625E-017   4.0450641017457652E-017   3.9016040365850151E-010
   5.5526117123117112E-011   1.0675958528005974E-005  -6.0429967609989695E-013  -7.4680162429192111E-013  -2.1351916658604852E-005  -1.4338883675865075E-013   1.0675958130603923E-005  -4.4525123507452257E-016   6.9549897785420352E-016   3.7434009090893684E-016   3.2512019156033737E-009  -1.4713881565751562E-004   3.7240794125877111E-012   3.3333472737524167E-012   2.9427762946125885E-004   1.3234333484850636E-012  -1.4713881380419271E-004  -3.4746990637837343E-016   5.7240860413327243E-016   4.2180391636886843E-016   5.0068680694055644E-009   6.2102919999121307E-018   4.7706024065915220E-018   7.0246845655613300E-018   7.3239301919439029E-018  -7.6813349629032019E-018  -2.6994746013833805E-019  -8.1684864274833625E-018  -3.0406833081859995E-019  -1.1464749484515506E-017   1.6757828677901210E-017  -2.7748324287982773E-016   3.8433500219147873E-016   1.9523251032075685E-016  -1.9633423227174008E-003   1.8391018545407566E-011   2.2444085989181022E-011   3.9266846372342538E-003   1.0190901241747280E-011  -1.9633423145175885E-003  -1.6516654840372462E-015  -1.0413640346330074E-015   1.1783592374486594E-015  -1.0984888365651979E-002   1.1297770512418718E-010   1.2253952023543453E-010   2.1969776671538911E-002   4.5775196465159203E-011  -1.0984888305882137E-002   9.5274151498146540E-018  -3.7046914647919926E-018   6.9100980944823357E-019   2.2966221749324031E-018  -1.1134869913931919E-018  -5.3937734701532639E-018  -5.8110731630110995E-018   2.2712772278876541E-018  -4.6993798828165009E-018   9.4895967506444504E-018  -2.4058609335040430E-009  -2.9058171315004879E-009   3.6928327885995652E-009  -2.8567734384358407E-016  -1.6347257315246084E-016   2.0585453565430919E-016  -2.3291829259880467E-009
  -2.4532311812898526E-012   2.0322205535526446E-013   6.0805476312802612E-013  -1.1839891172137917E-012  -1.9938513816176955E-013  -2.1351915547456017E-005  -3.8320825798714347E-015   3.0138655213629921E-017  -9.1678112091815314E-017  -5.8901785392744563E-017  -1.2483515607079831E-010  -7.6906146121669793E-013  -2.7421117589334102E-012   8.4355845876101327E-012   1.3234333484850636E-012   2.9427761974018101E-004  -5.5436408669889184E-013   4.4734634340062317E-017  -4.1719380700511963E-017  -6.8719565873398693E-017  -1.8509787639418382E-010  -4.4244493418394513E-017   1.1778308923874813E-017  -1.0828118233255924E-017  -1.7114913525767787E-017  -2.5051478617564858E-018  -4.7361578506766810E-018   6.2583411325840350E-018  -1.4454624206448474E-017   1.6808454071406585E-017  -7.9126473524486965E-018   4.0293127588059903E-017  -8.0456240069762363E-017   1.5261120186227351E-017  -3.8744733965338379E-012  -1.7025827282835595E-011   5.4825590098680043E-011   1.1093214867680858E-011   3.9266845670447147E-003  -7.2187407827420717E-012  -1.6439702609680571E-015  -1.4668925962088049E-015   9.1410461806753904E-016  -2.2576453725199572E-011  -9.7339354871352625E-011   3.1354634751764431E-010   5.0445816398259553E-011   2.1969776313095671E-002  -2.7869285507509764E-011  -1.6814387930019685E-017  -2.8077598146691443E-018  -3.3381493296947652E-018  -6.5776389000831595E-018   8.5180805156746959E-018  -1.1335160541897801E-017   2.0279475040478612E-017  -6.9788904417074638E-018   2.2932876118904661E-018  -1.1536737060879025E-017   9.1906318989537765E-011   1.0890540034892006E-010  -1.4004790580400614E-010  -2.7591193444261256E-016  -2.4916547307527893E-016   1.5356385690646011E-016   8.8374057663534958E-011
  -3.6898980808869861E-011   1.0675956215677848E-005   1.5150383397592092E-012   3.9223241006458879E-013   1.0675958137674644E-005  -4.6782186518536488E-014  -2.1351914353121940E-005  -4.1343378445534066E-016   6.6885400965810145E-016   3.5093292747914413E-016  -2.1483525508769119E-009  -1.4713880024876667E-004  -9.4729116318512951E-012  -2.6378298033117619E-012  -1.4713881380419271E-004  -5.5436408669889184E-013   2.9427761405367186E-004  -3.9133897058223713E-016   6.1930410957308630E-016   2.4237520352858768E-016  -3.3113207169691052E-009   1.5007604833703061E-017  -3.7194934336293628E-018  -1.4371985723051330E-017  -3.5508087151031235E-018   1.0205351343875764E-017  -2.4688589498274796E-018   6.7469292136775558E-018  -6.8452209030876252E-018   1.3718974850966651E-017  -2.5458314324861002E-017  -2.5046405519401663E-016   3.7710005999548623E-016   2.3237441478649446E-016  -1.9633422220488965E-003  -6.1321737317299196E-011  -1.8226642548176578E-011  -1.9633423127278725E-003  -4.3252518877997809E-012   3.9266845347777704E-003  -8.8460269244088506E-016   1.6854298810970583E-015  -5.8308674153345687E-017  -1.0984887802637877E-002  -3.4932406332697805E-010  -9.2099346394583642E-011  -1.0984888295172848E-002  -1.0757176456853969E-011   2.1969776097808313E-002   2.2874676096377903E-018   4.3737165885901240E-018  -3.2875971111284667E-018   8.7391938593644442E-019  -4.7482559465661192E-019   9.2906337755095297E-018   5.2537297639349102E-018  -4.6439951987250624E-018   6.4984140357376694E-018  -1.7139312959620202E-017   1.5899097760721682E-009   1.9200204110288445E-009  -2.4393156060000564E-009  -1.5702351449438707E-016   2.9585774969684850E-016  -3.8102565219005746E-018   1.5385156944325592E-009
   4.5236511814882703E-016  -2.1904572058176331E-016  -2.3290193114274608E-017  -1.8892896848292001E-017  -7.9844397344389671E-017   1.9542180032922313E-017  -1.2298218858081769E-016  0.13815822379303544       -6.9872209367460092E-010   1.9485114200444527E-010   3.0985677463790904E-015  -3.5552945512574086E-016  -8.8262328110176493E-017   7.0674369553107585E-017  -3.4746990637837343E-016   4.4734634340062317E-017  -3.9133897058223713E-016  0.12186516530989773        6.9225863504268238E-010  -1.9667348697894150E-009   3.1015580634831418E-015   4.0365747807067799E-011  -1.0007270344129582E-010   9.6762079145635243E-011  -2.2560487482510781E-010  -3.1491327541252318E-011   1.7146090465210590E-010   1.3937123448165673E-010   1.9046578762556281E-011  -8.6915416791041892E-011  -8.6318260315284178E-011   7.4805019328370484E-002   4.0068635209523786E-010  -7.6153747772435684E-010  -2.3222512384534298E-016  -6.1734854403500571E-016   7.9403921614882210E-016   1.4248087856927952E-016   3.2293696900427766E-016  -4.1552532835223446E-016  -8.8576844493372373E-002   2.4849519566168376E-010   7.6663857336052277E-010  -4.5993509427731228E-017  -3.5632429721522667E-015   4.4921201387839521E-015   1.8582568297886004E-015   1.7781622829358063E-015  -1.2130619886532273E-015   2.8651372586250152E-012  -1.3982430182888722E-011   1.0079623970769883E-011  -2.0045719934176834E-011   1.2708136744265986E-013   1.6208021805532000E-011   1.4169809264386871E-011   2.3908791179514962E-012  -5.0289524217502704E-012  -9.2950347857655523E-012  -1.6684414460080996E-015  -9.3007200458361454E-016   1.0466369964699288E-015  -1.2512159088209036E-002   5.1894056694715732E-011   1.0294004993237641E-010  -6.2833757563721345E-016
  -3.3705543193230131E-016   1.2751662138220987E-016   5.2123655949546071E-017  -4.3462657454379980E-017   1.6234554792252699E-016   2.0206082675957985E-017   5.2951388052016295E-017   3.2474397102925268E-010  0.13815822354573157        1.3309766137953799E-010  -1.6296779416084263E-015   6.2700785356964529E-016   8.1869370546726918E-018  -2.0808305079613364E-017   5.7240860413327243E-016  -4.1719380700511963E-017   6.1930410957308630E-016   6.9225863504268238E-010  0.12186516723474708        1.2966249375935125E-009  -3.4260743544186888E-016   6.1570727637180056E-011  -1.9588607070475327E-011   1.2242648786447315E-010  -3.5105860009255411E-010  -1.1738009852318768E-011   2.6845060917909393E-010   9.8625918429560549E-011   3.6310079461519144E-011  -1.1273027812574938E-010  -1.1831588754509612E-010   6.4131871473496097E-010   7.4805020384036150E-002   4.9082134805356097E-010   5.4376637736606840E-016  -1.9784901823366587E-016  -3.0477644531538358E-016   1.2364226258156098E-016   1.2899753662273079E-016   7.5253976625175289E-016   9.6855348816281363E-012  -8.8576844775848651E-002  -6.4406361363825394E-010   2.7564384760508133E-016  -1.1627673115601034E-015  -1.7546553311255156E-015  -1.9893199188608412E-015   6.2959720484194385E-016   1.5513397211325243E-015   1.1019850719451957E-011  -1.7283597312409187E-012   1.0549025011034400E-011  -3.9461697460226222E-011  -9.6945960670948264E-013   2.4676142459361177E-011   1.1024274078417384E-011   7.6460172197120958E-012  -1.3061287094311840E-011  -1.3561808987478216E-011   1.8615769354223235E-016  -1.1692661503614482E-015   1.6927924893081688E-015   1.7989329423093579E-011  -1.2512159104860161E-002  -9.0837711208058061E-011  -1.0922403516262763E-015
   5.8455800087677585E-016  -1.5487038568030089E-016  -7.2550312650941640E-017   1.1175239241209264E-017  -1.2928702844195933E-016   4.5507672679182672E-017  -4.9838979459822992E-018  -8.3506983801670079E-011  -1.2012408301001173E-010  0.13815822386942989       -2.9772531400368266E-015   3.6706641338211163E-016   1.1549591620422063E-016  -8.8982780071450181E-018   4.2180391636886843E-016  -6.8719565873398693E-017   2.4237520352858768E-016  -1.9667348697894150E-009   1.2966249375935125E-009  0.12186516538757179       -1.3482425304330775E-015  -1.9057604121613072E-011   1.0680414811946880E-011  -1.1215287137430349E-011   3.2039152238048339E-011  -4.6560152668395290E-011  -6.4721625037199556E-012  -8.4060628509898107E-012  -8.6566810613129210E-011   5.9669646709329542E-013   7.2869536840121394E-011  -8.2638904619631085E-010   4.3196520274656299E-010   7.4805019246961146E-002  -1.4255270281841192E-016   7.3537161241692295E-016  -8.8279337237412534E-017   8.7168580147168997E-016  -2.9577167593364584E-018  -4.5994616816468474E-016   8.3124764856359722E-010  -5.8575983907747241E-010  -8.8576844678259603E-002  -1.5561251951816449E-015   4.1519128375678719E-015  -5.6685346967435092E-016   4.0534416907289551E-015  -3.0572198481248255E-017  -3.4803145110389495E-015   3.1673351223778452E-013   1.3133309911780941E-012   1.0430383938037259E-013   2.9511122601502408E-012  -9.8183243474989534E-012  -3.3765400383572286E-012  -5.7312906488910084E-013  -1.2004652220363970E-011  -5.4470831259706018E-013   8.8639671820071817E-012   1.6328951197153209E-015   9.1040127102732954E-016  -1.5105141500606587E-015   1.1211407230950406E-010  -8.2569219014752986E-011  -1.2512159120061317E-002   9.3053434617827436E-016
   1.5092686808211951E-002   8.8162088575187328E-011  -1.1003192463433215E-009   1.7947821089562320E-009  -1.2973422933820343E-009  -2.9263929687611346E-010   1.2091123031038665E-009  -4.2512849073555914E-015   4.1974631341481629E-016   1.5972295746231728E-015  0.71300460536120147       -1.6955213396605844E-009   6.1064519078939834E-009  -8.7051492153259251E-010   5.0068680694055644E-009  -1.8509787639418382E-010  -3.3113207169691052E-009   3.1015580634831418E-015  -3.4260743544186888E-016  -1.3482425304330775E-015   1.1383387835687970        4.1115904024891079E-016  -3.5499524935707445E-017  -8.5630577852100697E-016  -3.6601305966306311E-016  -2.2870827833233369E-016  -1.2409620172345132E-016   2.0199508255820810E-016  -6.6185508500784371E-016  -1.8423012138879686E-016   1.4741059499856370E-015   7.6872031231810222E-016  -1.7888083874075063E-015   1.8915068913668341E-015  -1.7841456099686560E-010   7.6451043531899419E-010  -3.0405824545535075E-010   6.4178003608353348E-010  -2.3753368678824194E-011  -4.6345123098087903E-010   8.7820332717658034E-015  -6.8183326254823719E-015  -1.3800065181776675E-014   2.4353367291568078E-009  -7.5863913671065293E-009   1.4118227358213354E-009  -6.9268994965565985E-009   5.3855503107015069E-010   4.4915970523359741E-009   1.5693379277039773E-016   3.9857805982446314E-017  -3.4768908438699163E-016  -2.6566556487991362E-016  -4.9393000739350499E-017   7.6492218517072702E-018  -4.3476750217638106E-018  -3.0421125026369385E-016   1.0896365962973040E-017   5.5241650662439659E-016 -0.52665668291884904      -0.65233243935808449       0.81666758985260068        1.4959090014685392E-015  -1.1381641831325292E-015  -2.2620438169524553E-015 -0.51480241065450139     
   5.8201807836453650E-018   1.5395078758455751E-018  -1.2124061972676728E-019   6.2760243311410757E-019  -4.5060071207858447E-019   3.2102497813081329E-018  -1.0889070633418806E-018   4.5757982922589625E-011   6.9798441048711017E-011  -2.1601999161842603E-011   2.5308137723922459E-016  -2.1217896385623681E-017   1.6709659320909206E-018  -8.6497703535524316E-018   6.2102919999121307E-018  -4.4244493418394513E-017   1.5007604833703061E-017   4.0365747807067799E-011   6.1570727637180056E-011  -1.9057604121613072E-011   4.1115904024891079E-016   4.7864750721709545E-020  -4.4933992139774923E-020   9.5709782111942703E-020  -2.5768513018299514E-019  -8.8831562958306695E-021   1.9347089593700741E-019   9.7138366350312779E-020   3.8171110129331685E-020  -8.5390725965343641E-020  -9.9787728449691513E-020   2.4487745103311406E-011   3.7531319533569847E-011  -1.1471906154476238E-011  -2.8312036065401764E-016   2.2296454829440575E-017  -1.1541793963866987E-016   8.2866818495554933E-017  -5.9037506491501270E-016   2.0025354268828486E-016  -4.8907456770861924E-011  -6.2483624450127661E-011   2.9114786151781206E-011  -1.5840566969542037E-015   1.2474852567398607E-016  -6.4576267009979088E-016   4.6363934381177540E-016  -3.3031449034514528E-015   1.1204173533987473E-015   4.1646125001666787E-021  -4.4870490249398140E-021   7.7982114903480708E-021  -2.3246386506492119E-020  -5.4740296777307020E-022   1.7660108710611534E-020   1.1129727140927668E-020   5.4564540415016512E-021  -1.0445249626704176E-020  -9.8786687642479935E-021  -4.7379556353059173E-017  -4.5111846710428423E-018  -1.0970230773772348E-016  -7.4431297612857626E-012  -9.3106955699013813E-012   4.5296547896612478E-012   7.4401349692456378E-017
  -3.5188509574846970E-019   7.6265457622013457E-020   8.8905270320940367E-020   1.0724075237629395E-019  -3.4614077006410755E-019  -8.5459934700698245E-019   2.6987550511525166E-019  -1.1343943652416956E-010  -2.2214318278459802E-011   1.2109139494512035E-011  -2.3668624973121336E-017  -1.0511084462906890E-018  -1.2253143049144982E-018  -1.4780207657824832E-018   4.7706024065915220E-018   1.1778308923874813E-017  -3.7194934336293628E-018  -1.0007270344129582E-010  -1.9588607070475327E-011   1.0680414811946880E-011  -3.5499524935707445E-017  -4.4933992139774923E-020   8.7937459172801774E-020  -1.0027801890883147E-019   2.4499700811354589E-019   2.4009400298268464E-020  -1.8472100695042502E-019  -1.3265830297471867E-019  -2.9068958920491103E-020   9.0043046063041168E-020   9.6407946179872891E-020  -6.0618285240123144E-011  -1.2454608038078370E-011   6.6057854419978544E-012  -1.4025435156044156E-017  -1.6349941490667474E-017  -1.9721928846708092E-017   6.3656388114853343E-017   1.5716351128129895E-016  -4.9630952798714131E-017   1.2735143247917327E-010  -1.4793324788264700E-011  -4.4055766794654901E-012  -7.8472225280605604E-017  -9.1477822698039482E-017  -1.1034407181468636E-016   3.5615710413838120E-016   8.7932889123842182E-016  -2.7768487932186417E-016  -3.7998928941725492E-021   3.6325442106030925E-021  -7.6535400732114169E-021   2.1033840479517325E-020  -2.5523683936869013E-021  -1.5939088440104517E-020  -6.3938302174241065E-021  -4.8124202961446730E-021   4.9449884302820368E-021   9.2910503439886256E-021   6.2429964288326267E-017   9.4775570831991042E-017  -1.5580211164947929E-016   1.9481377220069599E-011  -2.8827743303191909E-012  -5.3060034960596090E-013   9.9903248478630851E-017
