  0.52166946655714364        4.9333112885050617E-016   9.0692974956603004E-016  -2.6848840613011157E-016  -3.9271898231939213E-009   1.1957434211213876E-008  -2.2071872039143606E-008   7.1687613278035905E-009   1.1647607568248886E-008  -3.2416673428659246E-009  0.69772320662495069       -7.7037457902780308E-016  -1.4188071560523728E-015   8.0525100681830332E-016   1.2695388060238451E-008  -2.3459312490205805E-008   2.7359017731686296E-008  -2.4083267500278176E-008  -2.3827043616391976E-008   1.1387931045333915E-008   2.6754958048492621E-016   6.6693492203384086E-016  -3.6840118647706633E-016 -0.32895865138663100        1.3162690346709988E-008  -2.5435799224362814E-008   3.1588235452153503E-008  -2.4903213259187952E-008  -2.5716778246884455E-008   1.1740560086407657E-008  -7.9440789038490786E-018  -1.8239062426396982E-015   7.3870503681356621E-016 -0.33186425485365201       0.17651435909769969       -3.9582202388816927E-002
   4.9333112885050617E-016   1.2773905851266521E-007  -3.0737836580728954E-013   4.9090867294800887E-013   3.8252768675837099E-019   2.8685721830243530E-020  -3.9910658546631277E-020  -4.7898056581379673E-019  -5.5711653989969128E-019   2.6859575032540135E-021   6.4798832166513599E-016  -8.0167945097563449E-006   1.1203519218003185E-011  -1.7628970923160481E-011   1.2848267112280573E-019   2.0986775396514592E-019   1.3566453912686197E-019   1.8814530379316771E-019   1.5326507261847038E-019  -3.1272929222834094E-019  -1.0820113941390672E-004   1.3072995262406796E-010  -2.0894858884620951E-010  -7.0210974799359769E-016  -4.3932538809566734E-019  -8.3051023980997798E-020  -1.4115777745383961E-019   1.5969964682412267E-019   2.1105583303765271E-019  -8.2146959329466927E-020  -4.1539871096820107E-004   4.9863335530795491E-010  -7.9633689370363271E-010  -1.0736104532136192E-015   6.8009080166823534E-016  -1.5934647670564146E-016
   9.0692974956603004E-016  -3.0737836580728954E-013   1.2773864602515883E-007  -3.0409687095168327E-013  -6.1739342048010662E-019  -6.5523438399382115E-019   1.1787054948236878E-019  -3.2402201926598345E-019  -1.5910338985997774E-019   7.4830022642313412E-019   1.2020803133974489E-015   1.1203454886647933E-011  -8.0167791883218026E-006   1.1100087169788047E-011   4.8230328855258286E-019   8.8938290280120622E-019  -4.8526938505811181E-020   3.3650363671792768E-019   1.9190151523211106E-019  -9.0802218538530288E-019   1.3072903289963246E-010  -1.0820096415812828E-004   1.2932491465579257E-010  -9.3788552723023734E-016  -1.3040771253016549E-020  -5.0848043872162280E-019  -6.1066686873813834E-020  -1.2918794341450661E-019  -9.0205572612934411E-020   2.9950965306790115E-019   4.9862983692631149E-010  -4.1539804180780953E-004   4.9331343958204864E-010  -1.2843941283511953E-015   7.8522972886069364E-016  -1.8245832238745096E-016
  -2.6848840613011157E-016   4.9090867294800887E-013  -3.0409687095168327E-013   1.2773903837246305E-007  -6.0838262116965745E-019  -1.0502564150504302E-018   3.2121568394449968E-019  -2.2134024914333340E-020   5.0248064670832558E-019   8.6713006924935452E-019  -3.3850725480439425E-016  -1.7628996710772296E-011   1.1099938955113809E-011  -8.0167937763856697E-006   8.3190560622411064E-019   1.2445430224712839E-018  -2.7578296835592025E-019   4.3727418014704403E-019  -1.3925500210472393E-019  -1.1414636478399991E-018  -2.0894894240002155E-010   1.2932284006748590E-010  -1.0820113084773959E-004   8.5294365178186505E-016  -1.4595173244853566E-019  -7.0521549847147227E-019  -3.9608583344247624E-021  -3.6593103900609961E-019  -5.4940559428495427E-020   5.5212919962896833E-019  -7.9633825213821434E-010   4.9330549315832757E-010  -4.1539867829666703E-004   1.4955617056387035E-015  -9.8613603353025314E-016   2.3306726983778442E-016
  -3.9271898231939213E-009   3.8252768675837099E-019  -6.1739342048010662E-019  -6.0838262116965745E-019   2.9566259106471705E-017  -9.0023365707898328E-017   1.6617205472302590E-016  -5.3970732811090887E-017  -8.7690751719788894E-017   2.4405197210679138E-017  -5.2533124233778309E-009  -2.4007361024736980E-017   3.8746733962426477E-017   3.8181773384121221E-017  -9.5590211400234371E-017   1.7664760982107679E-016  -2.0602983364561085E-016   1.8133489652966915E-016   1.7941553165672974E-016  -8.5745075114806551E-017  -3.2402287021564683E-016   5.2295728343931287E-016   5.1533235565228079E-016   2.4503971338016700E-009  -9.9026584813441054E-017   1.9135661580107598E-016  -2.3763555727051722E-016   1.8735404467359922E-016   1.9347085822029547E-016  -8.8327741499912279E-017  -1.2439673356053696E-015   2.0077033263763206E-015   1.9784301657445889E-015   2.4478443581136366E-009  -1.2947152581731685E-009   2.8987694133833682E-010
   1.1957434211213876E-008   2.8685721830243530E-020  -6.5523438399382115E-019  -1.0502564150504302E-018  -9.0023365707898328E-017   2.7410337650143639E-016  -5.0596128236345390E-016   1.6433011286561147E-016   2.6700101633209376E-016  -7.4308950683009833E-017   1.5995418366036745E-008  -1.7996721532526197E-018   4.1123336354300329E-017   6.5912888935495852E-017   2.9105663824404759E-016  -5.3786628256614873E-016   6.2733616582187282E-016  -5.5213506794657350E-016  -5.4629387865645573E-016   2.6107961757127892E-016  -2.4289721942721650E-017   5.5503457155232614E-016   8.8961349933414562E-016  -7.4531069974136395E-009   3.0149517241011684E-016  -5.8260089927193471E-016   7.2349895140025800E-016  -5.7041598623207199E-016  -5.8903800462655460E-016   2.6892167189065286E-016  -9.3251560042956695E-017   2.1308522321576469E-015   3.4153458113972456E-015  -7.4380030271559485E-009   3.9318883665389462E-009  -8.8017999972820112E-010
  -2.2071872039143606E-008  -3.9910658546631277E-020   1.1787054948236878E-019   3.2121568394449968E-019   1.6617205472302590E-016  -5.0596128236345390E-016   9.3394278715942098E-016  -3.0333315426373054E-016  -4.9285118317566321E-016   1.3716516760204646E-016  -2.9525709840947170E-008   2.5035185370048526E-018  -7.3998198178347213E-018  -2.0158576829237752E-017  -5.3725841864677318E-016   9.9284498942855297E-016  -1.1580026136777256E-015   1.0191801813545914E-015   1.0084011113431719E-015  -4.8192395583161433E-016   3.3789118417926372E-017  -9.9874863838748093E-017  -2.7207600833366870E-016   1.3749240324899197E-008  -5.5650083791424192E-016   1.0753655064656560E-015  -1.3354332342346502E-015   1.0528758862744841E-015   1.0872472514212560E-015  -4.9637663280926385E-016   1.2972101893057697E-016  -3.8343284458228009E-016  -1.0445364449754905E-015   1.3713642872371853E-008  -7.2469801077167454E-009   1.6221380840145653E-009
   7.1687613278035905E-009  -4.7898056581379673E-019  -3.2402201926598345E-019  -2.2134024914333340E-020  -5.3970732811090887E-017   1.6433011286561147E-016  -3.0333315426373054E-016   9.8519058837254653E-017   1.6007212213347956E-016  -4.4549646688390059E-017   9.5894742208143868E-009   3.0060842303583543E-017   2.0336164072572711E-017   1.3888685940775193E-018   1.7449171350167902E-016  -3.2245483276789816E-016   3.7608918987571749E-016  -3.3101127676209773E-016  -3.2750745356907883E-016   1.5652027511818034E-016   4.0572562057878571E-016   2.7447374283686256E-016   1.8745083382866153E-017  -4.4734926929000710E-009   1.8076607870870596E-016  -3.4930814426078466E-016   4.3378724653653134E-016  -3.4200165141687892E-016  -3.5316753854934004E-016   1.6123608678432571E-016   1.5576351598956582E-015   1.0537415357632185E-015   7.1964909092745032E-017  -4.4692968065011446E-009   2.3640438479581059E-009  -5.2930037684878376E-010
   1.1647607568248886E-008  -5.5711653989969128E-019  -1.5910338985997774E-019   5.0248064670832558E-019  -8.7690751719788894E-017   2.6700101633209376E-016  -4.9285118317566321E-016   1.6007212213347956E-016   2.6008268788189583E-016  -7.2383516804725953E-017   1.5580949458146316E-008   3.4964889885657576E-017   9.9864439510776026E-018  -3.1535655212977940E-017   2.8351478420601842E-016  -5.2392890471863463E-016   6.1108007265223620E-016  -5.3782816644637148E-016  -5.3213814285725197E-016   2.5431453930156613E-016   4.7191479405350480E-016   1.3478561145809904E-016  -4.2563105118008472E-016  -7.2604949109502376E-009   2.9368442508094853E-016  -5.6750770516844778E-016   7.0475569879748136E-016  -5.5563838138060903E-016  -5.7377803936535172E-016   2.6195479210048674E-016   1.8117443006315022E-015   5.1745997877273077E-016  -1.6340547633906669E-015  -7.2462548784064313E-009   3.8306698565763625E-009  -8.5753059650799802E-010
  -3.2416673428659246E-009   2.6859575032540135E-021   7.4830022642313412E-019   8.6713006924935452E-019   2.4405197210679138E-017  -7.4308950683009833E-017   1.3716516760204646E-016  -4.4549646688390059E-017  -7.2383516804725953E-017   2.0145046653633920E-017  -4.3362907958022031E-009  -1.6871251245574503E-019  -4.6963144622791599E-017  -5.4420297465983486E-017  -7.8903853345812762E-017   1.4581157853328170E-016  -1.7006445455444252E-016   1.4968083991637009E-016   1.4809634462975442E-016  -7.0777308454014105E-017  -2.2770692385161177E-018  -6.3385301196735883E-016  -7.3450038660220759E-016   2.0231283462627547E-009  -8.1741844432481643E-017   1.5795606644624059E-016  -1.9615731791376753E-016   1.5465205410436488E-016   1.5970126887272354E-016  -7.2910442117011412E-017  -8.7419479107201287E-018  -2.4334468865545880E-015  -2.8198456971283967E-015   2.0214598378538463E-009  -1.0693248108232330E-009   2.3942210552081143E-010
  0.69772320662495069        6.4798832166513599E-016   1.2020803133974489E-015  -3.3850725480439425E-016  -5.2533124233778309E-009   1.5995418366036745E-008  -2.9525709840947170E-008   9.5894742208143868E-009   1.5580949458146316E-008  -4.3362907958022031E-009  0.93350202092221735       -9.8958634630569697E-016  -1.8931660636201165E-015   1.0364066459682710E-015   1.6987032728053808E-008  -3.1393783833833338E-008   3.6619561467711287E-008  -3.2224310500614012E-008  -3.1885455291923414E-008   1.5237347396514298E-008   5.5514066351435321E-016   1.0117617618424412E-015  -8.2129170271117981E-016 -0.42947180741808999        1.7579154400826242E-008  -3.3968639745322580E-008   4.2182351547414242E-008  -3.3259058443084998E-008  -3.4344040170169044E-008   1.5679954483684040E-008   8.5310181948701585E-016  -2.0227694625763894E-015  -3.1473218191933037E-016 -0.42350563331152014       0.22232817189648049       -4.9672302076153849E-002
  -7.7037457902780308E-016  -8.0167945097563449E-006   1.1203454886647933E-011  -1.7628996710772296E-011  -2.4007361024736980E-017  -1.7996721532526197E-018   2.5035185370048526E-018   3.0060842303583543E-017   3.4964889885657576E-017  -1.6871251245574503E-019  -9.8958634630569697E-016   5.0312719508204603E-004  -1.9556830969871611E-010   2.7921323116461243E-010  -8.0626892407955699E-018  -1.3172367704750221E-017  -8.5126949040158288E-018  -1.1809178687621355E-017  -9.6201519040337006E-018   1.9627208751266074E-017   6.7906113486859527E-003  -1.3541278254278739E-009   1.9493360391055667E-009   1.2603086738228014E-015   2.7572492838047179E-017   5.2105829064297256E-018   8.8609235159018278E-018  -1.0024194408193828E-017  -1.3247289494556641E-017   5.1562423134507505E-018   2.6070069282169876E-002  -4.9943038095995294E-009   7.1169477658593081E-009   2.1165151418392627E-015  -1.3427706153880760E-015   3.1558542784854809E-016
  -1.4188071560523728E-015   1.1203519218003185E-011  -8.0167791883218026E-006   1.1099938955113809E-011   3.8746733962426477E-017   4.1123336354300329E-017  -7.3998198178347213E-018   2.0336164072572711E-017   9.9864439510776026E-018  -4.6963144622791599E-017  -1.8931660636201165E-015  -1.9556830969871611E-010   5.0312689663064582E-004  -1.9550527549998066E-010  -3.0267708754295572E-017  -5.5819535710086030E-017   3.0483725535861213E-018  -2.1121281485143272E-017  -1.2046089611389795E-017   5.6988063127957766E-017  -1.3541245961009453E-009   6.7906092996356388E-003  -1.3527099481712244E-009   8.0554324726910404E-016   8.1992247855093425E-019   3.1909072026124344E-017   3.8360136950297578E-018   8.1049928155567245E-018   5.6583730516132400E-018  -1.8795725641968510E-017  -4.9942922002999973E-009   2.6070061645921891E-002  -4.9935179806024659E-009   6.1588901063035431E-016  -3.0419235332188064E-016   6.5864890393814593E-017
   8.0525100681830332E-016  -1.7628970923160481E-011   1.1100087169788047E-011  -8.0167937763856697E-006   3.8181773384121221E-017   6.5912888935495852E-017  -2.0158576829237752E-017   1.3888685940775193E-018  -3.1535655212977940E-017  -5.4420297465983486E-017   1.0364066459682710E-015   2.7921323116461243E-010  -1.9550527549998066E-010   5.0312718235702696E-004  -5.2210069081832499E-017  -7.8105847787871722E-017   1.7307191389452820E-017  -2.7442271830931909E-017   8.7401930476769869E-018   7.1636990290754338E-017   1.9493363845046385E-009  -1.3527052937600664E-009   6.7906112605337545E-003  -1.0287635264054408E-015   9.1592539711897732E-018   4.4259739342473281E-017   2.4733019655099412E-019   2.2966508135932864E-017   3.4490498134181693E-018  -3.4651640983467702E-017   7.1169491605532659E-009  -4.9935012538792675E-009   2.6070068957243266E-002  -1.5163626252124300E-015   9.5410493958521078E-016  -2.2303271504317194E-016
   1.2695388060238451E-008   1.2848267112280573E-019   4.8230328855258286E-019   8.3190560622411064E-019  -9.5590211400234371E-017   2.9105663824404759E-016  -5.3725841864677318E-016   1.7449171350167902E-016   2.8351478420601842E-016  -7.8903853345812762E-017   1.6987032728053808E-008  -8.0626892407955699E-018  -3.0267708754295572E-017  -5.2210069081832499E-017   3.0912246134460339E-016  -5.7131053237931573E-016   6.6644562060188619E-016  -5.8640243639856319E-016  -5.8025590989103596E-016   2.7728124489152760E-016  -1.0882020899135908E-016  -4.0851725499123727E-016  -7.0466962377623775E-016  -7.7621871149803868E-009   3.1973281209237916E-016  -6.1781970442076153E-016   7.6719699970128507E-016  -6.0492219364316898E-016  -6.2464827589978699E-016   2.8519030294624348E-016  -4.1777539920589963E-016  -1.5683527715119228E-015  -2.7053213137173860E-015  -7.6046264235069999E-009   3.9769394809769697E-009  -8.8755482733059791E-010
  -2.3459312490205805E-008   2.0986775396514592E-019   8.8938290280120622E-019   1.2445430224712839E-018   1.7664760982107679E-016  -5.3786628256614873E-016   9.9284498942855297E-016  -3.2245483276789816E-016  -5.2392890471863463E-016   1.4581157853328170E-016  -3.1393783833833338E-008  -1.3172367704750221E-017  -5.5819535710086030E-017  -7.8105847787871722E-017  -5.7131053237931573E-016   1.0559327674235094E-015  -1.2318615555270445E-015   1.0837675106963836E-015   1.0724604350097472E-015  -5.1245933278446597E-016  -1.7778524299961649E-016  -7.5338692532661273E-016  -1.0541792768792923E-015   1.4204321559335661E-008  -5.9048142907301332E-016   1.1409659237593147E-015  -1.4167949807101140E-015   1.1171694392125889E-015   1.1535788267803251E-015  -5.2668972231246975E-016  -6.8254135835526741E-016  -2.8923534857426426E-015  -4.0471359814479483E-015   1.3782684000559973E-008  -7.1666366822061057E-009   1.5967936200680098E-009
   2.7359017731686296E-008   1.3566453912686197E-019  -4.8526938505811181E-020  -2.7578296835592025E-019  -2.0602983364561085E-016   6.2733616582187282E-016  -1.1580026136777256E-015   3.7608918987571749E-016   6.1108007265223620E-016  -1.7006445455444252E-016   3.6619561467711287E-008  -8.5126949040158288E-018   3.0483725535861213E-018   1.7307191389452820E-017   6.6644562060188619E-016  -1.2318615555270445E-015   1.4372643300642928E-015  -1.2642317107298982E-015  -1.2511329506132141E-015   5.9778884978942897E-016  -1.1489373863539110E-016   4.1144379265002685E-017   2.3359131748807309E-016  -1.6325003244628333E-008   6.8805026832122852E-016  -1.3294577711727464E-015   1.6507938410604129E-015  -1.3017683343307035E-015  -1.3441581047705978E-015   6.1372007933455187E-016  -4.4109255481077457E-016   1.5795857078935864E-016   8.9678856783828504E-016  -1.5607662662653139E-008   8.0429508209597927E-009  -1.7873941785812365E-009
  -2.4083267500278176E-008   1.8814530379316771E-019   3.3650363671792768E-019   4.3727418014704403E-019   1.8133489652966915E-016  -5.5213506794657350E-016   1.0191801813545914E-015  -3.3101127676209773E-016  -5.3782816644637148E-016   1.4968083991637009E-016  -3.2224310500614012E-008  -1.1809178687621355E-017  -2.1121281485143272E-017  -2.7442271830931909E-017  -5.8640243639856319E-016   1.0837675106963836E-015  -1.2642317107298982E-015   1.1124001676227654E-015   1.1007371024893655E-015  -5.2600013963913710E-016  -1.5938665387822347E-016  -2.8507098999204181E-016  -3.7038259130124124E-016   1.4733279058717303E-008  -6.0655647637720104E-016   1.1720503416906367E-015  -1.4554323932112536E-015   1.1475814683561235E-015   1.1850045249233668E-015  -5.4102673930138265E-016  -6.1190672311251491E-016  -1.0944256507899607E-015  -1.4219486268081927E-015   1.4442206422606362E-008  -7.5552114356155567E-009   1.6862941147033029E-009
  -2.3827043616391976E-008   1.5326507261847038E-019   1.9190151523211106E-019  -1.3925500210472393E-019   1.7941553165672974E-016  -5.4629387865645573E-016   1.0084011113431719E-015  -3.2750745356907883E-016  -5.3213814285725197E-016   1.4809634462975442E-016  -3.1885455291923414E-008  -9.6201519040337006E-018  -1.2046089611389795E-017   8.7401930476769869E-018  -5.8025590989103596E-016   1.0724604350097472E-015  -1.2511329506132141E-015   1.1007371024893655E-015   1.0892474054072561E-015  -5.2048358312795258E-016  -1.2984187684651469E-016  -1.6258472138462418E-016   1.1796521736367554E-016   1.4441696850172162E-008  -5.9977339639253845E-016   1.1589227139257357E-015  -1.4390965649019557E-015   1.1347493701483400E-015   1.1717338934389917E-015  -5.3497771175582125E-016  -4.9848037928157796E-016  -6.2418439186335012E-016   4.5288422443844158E-016   1.4027255227057606E-008  -7.2982513956643057E-009   1.6264031663760338E-009
   1.1387931045333915E-008  -3.1272929222834094E-019  -9.0802218538530288E-019  -1.1414636478399991E-018  -8.5745075114806551E-017   2.6107961757127892E-016  -4.8192395583161433E-016   1.5652027511818034E-016   2.5431453930156613E-016  -7.0777308454014105E-017   1.5237347396514298E-008   1.9627208751266074E-017   5.6988063127957766E-017   7.1636990290754338E-017   2.7728124489152760E-016  -5.1245933278446597E-016   5.9778884978942897E-016  -5.2600013963913710E-016  -5.2048358312795258E-016   2.4872003333125342E-016   2.6490478812056281E-016   7.6915785984510534E-016   9.6687057740306691E-016  -6.9711040725579408E-009   2.8682491644150634E-016  -5.5423305383472926E-016   6.8823838943391658E-016  -5.4266164392213401E-016  -5.6035869259913796E-016   2.5583755341271461E-016   1.0170050218434069E-015   2.9529003257705635E-015   3.7119461015413015E-015  -6.8375732693209160E-009   3.5782626831216692E-009  -7.9873685198982246E-010
   2.6754958048492621E-016  -1.0820113941390672E-004   1.3072903289963246E-010  -2.0894894240002155E-010  -3.2402287021564683E-016  -2.4289721942721650E-017   3.3789118417926372E-017   4.0572562057878571E-016   4.7191479405350480E-016  -2.2770692385161177E-018   5.5514066351435321E-016   6.7906113486859527E-003  -1.3541245961009453E-009   1.9493363845046385E-009  -1.0882020899135908E-016  -1.7778524299961649E-016  -1.1489373863539110E-016  -1.5938665387822347E-016  -1.2984187684651469E-016   2.6490478812056281E-016   9.1651580235864144E-002  -9.2728995927673254E-010   1.7570842029316182E-009  -1.6696155100362268E-015   3.7214092004371162E-016   7.0325582228426604E-017   1.1959491705503173E-016  -1.3529525789475232E-016  -1.7879671059887962E-016   6.9593157799597698E-017  0.35186272986035438       -8.0158283310611286E-010   1.7948485747242178E-009  -1.3855037504932401E-015   1.1412509773424558E-015  -2.6917787284578422E-016
   6.6693492203384086E-016   1.3072995262406796E-010  -1.0820096415812828E-004   1.2932284006748590E-010   5.2295728343931287E-016   5.5503457155232614E-016  -9.9874863838748093E-017   2.7447374283686256E-016   1.3478561145809904E-016  -6.3385301196735883E-016   1.0117617618424412E-015  -1.3541278254278739E-009   6.7906092996356388E-003  -1.3527052937600664E-009  -4.0851725499123727E-016  -7.5338692532661273E-016   4.1144379265002685E-017  -2.8507098999204181E-016  -1.6258472138462418E-016   7.6915785984510534E-016  -9.2728995927673254E-010   9.1651579291641860E-002  -9.0047942341102327E-010   3.9192416777937776E-016   1.1066928740324724E-017   4.3066992667621417E-016   5.1775167384100058E-017   1.0939066335105017E-016   7.6369007143955879E-017  -2.5368201530276151E-016  -8.0159347562447358E-010  0.35186272934409779       -7.6151619793784380E-010  -3.8767544980034581E-016  -4.0132338504035465E-017   1.2487166526129824E-017
  -3.6840118647706633E-016  -2.0894858884620951E-010   1.2932491465579257E-010  -1.0820113084773959E-004   5.1533235565228079E-016   8.8961349933414562E-016  -2.7207600833366870E-016   1.8745083382866153E-017  -4.2563105118008472E-016  -7.3450038660220759E-016  -8.2129170271117981E-016   1.9493360391055667E-009  -1.3527099481712244E-009   6.7906112605337545E-003  -7.0466962377623775E-016  -1.0541792768792923E-015   2.3359131748807309E-016  -3.7038259130124124E-016   1.1796521736367554E-016   9.6687057740306691E-016   1.7570842029316182E-009  -9.0047942341102327E-010   9.1651580174355818E-002   6.3096326058038134E-016   1.2362029808260368E-016   5.9736587559628599E-016   3.3374187559852681E-018   3.0997519125251877E-016   4.6551817887113526E-017  -4.6768690029203491E-016   1.7948495014189197E-009  -7.6153161381720515E-010  0.35186272980644306        1.0816335056369237E-015  -6.5545778521991688E-016   1.5411392332915465E-016
 -0.32895865138663100       -7.0210974799359769E-016  -9.3788552723023734E-016   8.5294365178186505E-016   2.4503971338016700E-009  -7.4531069974136395E-009   1.3749240324899197E-008  -4.4734926929000710E-009  -7.2604949109502376E-009   2.0231283462627547E-009 -0.42947180741808999        1.2603086738228014E-015   8.0554324726910404E-016  -1.0287635264054408E-015  -7.7621871149803868E-009   1.4204321559335661E-008  -1.6325003244628333E-008   1.4733279058717303E-008   1.4441696850172162E-008  -6.9711040725579408E-009  -1.6696155100362268E-015   3.9192416777937776E-016   6.3096326058038134E-016  0.56312843049969596       -9.1704487635962787E-009   1.7775549109954682E-008  -2.2165063451021285E-008   1.7346840691306435E-008   1.7966404168037341E-008  -8.1763909215843008E-009  -2.1585836352154929E-015   2.8112898262293916E-015  -3.3526754230388402E-016  0.89857713138585349      -0.57712445538198243       0.13562498345473592     
   1.3162690346709988E-008  -4.3932538809566734E-019  -1.3040771253016549E-020  -1.4595173244853566E-019  -9.9026584813441054E-017   3.0149517241011684E-016  -5.5650083791424192E-016   1.8076607870870596E-016   2.9368442508094853E-016  -8.1741844432481643E-017   1.7579154400826242E-008   2.7572492838047179E-017   8.1992247855093425E-019   9.1592539711897732E-018   3.1973281209237916E-016  -5.9048142907301332E-016   6.8805026832122852E-016  -6.0655647637720104E-016  -5.9977339639253845E-016   2.8682491644150634E-016   3.7214092004371162E-016   1.1066928740324724E-017   1.2362029808260368E-016  -9.1704487635962787E-009   3.3424814566904042E-016  -6.4603975999603241E-016   8.0252455339352711E-016  -6.3237442626581513E-016  -6.5316283446020559E-016   2.9812715875227827E-016   1.4286989476911261E-015   4.2487334422412858E-017   4.7459497087140226E-016  -1.0059967002246718E-008   5.5934220917412234E-009  -1.2694781579861030E-009
  -2.5435799224362814E-008  -8.3051023980997798E-020  -5.0848043872162280E-019  -7.0521549847147227E-019   1.9135661580107598E-016  -5.8260089927193471E-016   1.0753655064656560E-015  -3.4930814426078466E-016  -5.6750770516844778E-016   1.5795606644624059E-016  -3.3968639745322580E-008   5.2105829064297256E-018   3.1909072026124344E-017   4.4259739342473281E-017  -6.1781970442076153E-016   1.1409659237593147E-015  -1.3294577711727464E-015   1.1720503416906367E-015   1.1589227139257357E-015  -5.5423305383472926E-016   7.0325582228426604E-017   4.3066992667621417E-016   5.9736587559628599E-016   1.7775549109954682E-008  -6.4603975999603241E-016   1.2486834781231721E-015  -1.5511552776382954E-015   1.2222621534340027E-015   1.2624503163826953E-015  -5.7622408665945508E-016   2.6998940710162178E-016   1.6533999497079799E-015   2.2933677504047626E-015   1.9545514383014825E-008  -1.0880093934737333E-008   2.4700929527400910E-009
   3.1588235452153503E-008  -1.4115777745383961E-019  -6.1066686873813834E-020  -3.9608583344247624E-021  -2.3763555727051722E-016   7.2349895140025800E-016  -1.3354332342346502E-015   4.3378724653653134E-016   7.0475569879748136E-016  -1.9615731791376753E-016   4.2182351547414242E-008   8.8609235159018278E-018   3.8360136950297578E-018   2.4733019655099412E-019   7.6719699970128507E-016  -1.4167949807101140E-015   1.6507938410604129E-015  -1.4554323932112536E-015  -1.4390965649019557E-015   6.8823838943391658E-016   1.1959491705503173E-016   5.1775167384100058E-017   3.3374187559852681E-018  -2.2165063451021285E-008   8.0252455339352711E-016  -1.5511552776382954E-015   1.9269181878485224E-015  -1.5183196529481042E-015  -1.5682555099443869E-015   7.1579719615185508E-016   4.5914087005792462E-016   1.9877157272799420E-016   1.2812933264684980E-017  -2.4447514455610428E-008   1.3629577286001076E-008  -3.0955463686014232E-009
  -2.4903213259187952E-008   1.5969964682412267E-019  -1.2918794341450661E-019  -3.6593103900609961E-019   1.8735404467359922E-016  -5.7041598623207199E-016   1.0528758862744841E-015  -3.4200165141687892E-016  -5.5563838138060903E-016   1.5465205410436488E-016  -3.3259058443084998E-008  -1.0024194408193828E-017   8.1049928155567245E-018   2.2966508135932864E-017  -6.0492219364316898E-016   1.1171694392125889E-015  -1.3017683343307035E-015   1.1475814683561235E-015   1.1347493701483400E-015  -5.4266164392213401E-016  -1.3529525789475232E-016   1.0939066335105017E-016   3.0997519125251877E-016   1.7346840691306435E-008  -6.3237442626581513E-016   1.2222621534340027E-015  -1.5183196529481042E-015   1.1964088056534161E-015   1.2357385630562415E-015  -5.6403604104017130E-016  -5.1941661930932879E-016   4.1996566449244269E-016   1.1900363060931940E-015   1.9026736950799020E-008  -1.0578267609067074E-008   2.4007893845028338E-009
  -2.5716778246884455E-008   2.1105583303765271E-019  -9.0205572612934411E-020  -5.4940559428495427E-020   1.9347085822029547E-016  -5.8903800462655460E-016   1.0872472514212560E-015  -3.5316753854934004E-016  -5.7377803936535172E-016   1.5970126887272354E-016  -3.4344040170169044E-008  -1.3247289494556641E-017   5.6583730516132400E-018   3.4490498134181693E-018  -6.2464827589978699E-016   1.1535788267803251E-015  -1.3441581047705978E-015   1.1850045249233668E-015   1.1717338934389917E-015  -5.6035869259913796E-016  -1.7879671059887962E-016   7.6369007143955879E-017   4.6551817887113526E-017   1.7966404168037341E-008  -6.5316283446020559E-016   1.2624503163826953E-015  -1.5682555099443869E-015   1.2357385630562415E-015   1.2763690197684798E-015  -5.8257744090017890E-016  -6.8642452470665861E-016   2.9319108609778208E-016   1.7871858204890841E-016   1.9750758865182145E-008  -1.0993073499931696E-008   2.4956665497610383E-009
   1.1740560086407657E-008  -8.2146959329466927E-020   2.9950965306790115E-019   5.5212919962896833E-019  -8.8327741499912279E-017   2.6892167189065286E-016  -4.9637663280926385E-016   1.6123608678432571E-016   2.6195479210048674E-016  -7.2910442117011412E-017   1.5679954483684040E-008   5.1562423134507505E-018  -1.8795725641968510E-017  -3.4651640983467702E-017   2.8519030294624348E-016  -5.2668972231246975E-016   6.1372007933455187E-016  -5.4102673930138265E-016  -5.3497771175582125E-016   2.5583755341271461E-016   6.9593157799597698E-017  -2.5368201530276151E-016  -4.6768690029203491E-016  -8.1763909215843008E-009   2.9812715875227827E-016  -5.7622408665945508E-016   7.1579719615185508E-016  -5.6403604104017130E-016  -5.8257744090017890E-016   2.6590966578929022E-016   2.6717746910463059E-016  -9.7391945454390306E-016  -1.7955128043279806E-015  -8.9667462191462834E-009   4.9848260788676451E-009  -1.1313064408377217E-009
  -7.9440789038490786E-018  -4.1539871096820107E-004   4.9862983692631149E-010  -7.9633825213821434E-010  -1.2439673356053696E-015  -9.3251560042956695E-017   1.2972101893057697E-016   1.5576351598956582E-015   1.8117443006315022E-015  -8.7419479107201287E-018   8.5310181948701585E-016   2.6070069282169876E-002  -4.9942922002999973E-009   7.1169491605532659E-009  -4.1777539920589963E-016  -6.8254135835526741E-016  -4.4109255481077457E-016  -6.1190672311251491E-016  -4.9848037928157796E-016   1.0170050218434069E-015  0.35186272986035438       -8.0159347562447358E-010   1.7948495014189197E-009  -2.1585836352154929E-015   1.4286989476911261E-015   2.6998940710162178E-016   4.5914087005792462E-016  -5.1941661930932879E-016  -6.8642452470665861E-016   2.6717746910463059E-016   1.3508482924807634        7.5124734253513223E-009  -1.2116247438784689E-008   2.3131652216345341E-015  -6.8155181191031422E-016   1.6474049822121039E-016
  -1.8239062426396982E-015   4.9863335530795491E-010  -4.1539804180780953E-004   4.9330549315832757E-010   2.0077033263763206E-015   2.1308522321576469E-015  -3.8343284458228009E-016   1.0537415357632185E-015   5.1745997877273077E-016  -2.4334468865545880E-015  -2.0227694625763894E-015  -4.9943038095995294E-009   2.6070061645921891E-002  -4.9935012538792675E-009  -1.5683527715119228E-015  -2.8923534857426426E-015   1.5795857078935864E-016  -1.0944256507899607E-015  -6.2418439186335012E-016   2.9529003257705635E-015  -8.0158283310611286E-010  0.35186272934409779       -7.6153161381720515E-010   2.8112898262293916E-015   4.2487334422412858E-017   1.6533999497079799E-015   1.9877157272799420E-016   4.1996566449244269E-016   2.9319108609778208E-016  -9.7391945454390306E-016   7.5124734253513223E-009   1.3508483024336539        7.4249382742537723E-009  -1.5248728138055730E-015   2.7193907784897472E-016  -7.3041410593012274E-017
   7.3870503681356621E-016  -7.9633689370363271E-010   4.9331343958204864E-010  -4.1539867829666703E-004   1.9784301657445889E-015   3.4153458113972456E-015  -1.0445364449754905E-015   7.1964909092745032E-017  -1.6340547633906669E-015  -2.8198456971283967E-015  -3.1473218191933037E-016   7.1169477658593081E-009  -4.9935179806024659E-009   2.6070068957243266E-002  -2.7053213137173860E-015  -4.0471359814479483E-015   8.9678856783828504E-016  -1.4219486268081927E-015   4.5288422443844158E-016   3.7119461015413015E-015   1.7948485747242178E-009  -7.6151619793784380E-010  0.35186272980644306       -3.3526754230388402E-016   4.7459497087140226E-016   2.2933677504047626E-015   1.2812933264684980E-017   1.1900363060931940E-015   1.7871858204890841E-016  -1.7955128043279806E-015  -1.2116247438784689E-008   7.4249382742537723E-009   1.3508482929733860        6.9870771811709047E-017   4.5492280300801048E-017  -7.2573256696133158E-018
 -0.33186425485365201       -1.0736104532136192E-015  -1.2843941283511953E-015   1.4955617056387035E-015   2.4478443581136366E-009  -7.4380030271559485E-009   1.3713642872371853E-008  -4.4692968065011446E-009  -7.2462548784064313E-009   2.0214598378538463E-009 -0.42350563331152014        2.1165151418392627E-015   6.1588901063035431E-016  -1.5163626252124300E-015  -7.6046264235069999E-009   1.3782684000559973E-008  -1.5607662662653139E-008   1.4442206422606362E-008   1.4027255227057606E-008  -6.8375732693209160E-009  -1.3855037504932401E-015  -3.8767544980034581E-016   1.0816335056369237E-015  0.89857713138585349       -1.0059967002246718E-008   1.9545514383014825E-008  -2.4447514455610428E-008   1.9026736950799020E-008   1.9750758865182145E-008  -8.9667462191462834E-009   2.3131652216345341E-015  -1.5248728138055730E-015   6.9870771811709047E-017   1.5469539414030973       -1.0150151845624602       0.23964239631497886     
  0.17651435909769969        6.8009080166823534E-016   7.8522972886069364E-016  -9.8613603353025314E-016  -1.2947152581731685E-009   3.9318883665389462E-009  -7.2469801077167454E-009   2.3640438479581059E-009   3.8306698565763625E-009  -1.0693248108232330E-009  0.22232817189648049       -1.3427706153880760E-015  -3.0419235332188064E-016   9.5410493958521078E-016   3.9769394809769697E-009  -7.1666366822061057E-009   8.0429508209597927E-009  -7.5552114356155567E-009  -7.2982513956643057E-009   3.5782626831216692E-009   1.1412509773424558E-015  -4.0132338504035465E-017  -6.5545778521991688E-016 -0.57712445538198243        5.5934220917412234E-009  -1.0880093934737333E-008   1.3629577286001076E-008  -1.0578267609067074E-008  -1.0993073499931696E-008   4.9848260788676451E-009  -6.8155181191031422E-016   2.7193907784897472E-016   4.5492280300801048E-017  -1.0150151845624602       0.66976437791838306      -0.15832112101559803     
  -3.9582202388816927E-002  -1.5934647670564146E-016  -1.8245832238745096E-016   2.3306726983778442E-016   2.8987694133833682E-010  -8.8017999972820112E-010   1.6221380840145653E-009  -5.2930037684878376E-010  -8.5753059650799802E-010   2.3942210552081143E-010  -4.9672302076153849E-002   3.1558542784854809E-016   6.5864890393814593E-017  -2.2303271504317194E-016  -8.8755482733059791E-010   1.5967936200680098E-009  -1.7873941785812365E-009   1.6862941147033029E-009   1.6264031663760338E-009  -7.9873685198982246E-010  -2.6917787284578422E-016   1.2487166526129824E-017   1.5411392332915465E-016  0.13562498345473592       -1.2694781579861030E-009   2.4700929527400910E-009  -3.0955463686014232E-009   2.4007893845028338E-009   2.4956665497610383E-009  -1.1313064408377217E-009   1.6474049822121039E-016  -7.3041410593012274E-017  -7.2573256696133158E-018  0.23964239631497886      -0.15832112101559803        3.7434134614710526E-002
