   5.4194395250793486E-004   7.9228286062988459E-011  -2.8052614572520672E-010   1.6372258256997887E-016  -3.1654944471486937E-017  -1.6769958850904934E-017  -7.9030550991600449E-018  -4.9156422223097001E-017   3.3417433253144667E-018  -4.3729748918574269E-017   8.1793569020913084E-003   2.4721098021218397E-010  -2.7000750728393498E-009   1.0822661362428948E-015   1.8077896242463660E-017  -8.7770577695756938E-018   2.6321032260733391E-017  -2.5902434949629399E-017   5.8291003149584357E-018  -3.2762096915879980E-017   1.4612162341484250E-002  -9.8686273469472623E-010  -4.6382401883423513E-009   1.7731556274719905E-015  -4.3818866417830455E-011   3.9346164550738507E-011   1.9330681548625468E-011   2.3260574666439410E-011   8.2401869772540843E-012   3.5527556245148885E-011  -3.9746190553877317E-011  -5.4293000399932314E-011   1.3979073636113004E-011   2.6059310774666206E-011   8.8940833169965944E-003  -5.7851253134966315E-010  -2.8179823735086932E-009   5.1314639316920779E-016  -1.5999200334881847E-016   3.0967993134337598E-016  -1.6855363684418575E-016   1.5118190802033162E-016  -3.6011193914242339E-016  -1.1313799286874131E-002   5.2418972905677263E-010   3.6112907619039112E-009   3.3471801149260148E-015  -1.0193369389603999E-015   2.0370425395659573E-015  -1.0645378768858626E-015   9.4695498219562889E-016  -2.3013689355245787E-015  -2.8205961088643054E-015  -1.6530785898098762E-011   1.2121460961218686E-011   1.0132783008941173E-011   6.8364877103970253E-012   1.0323917008627362E-011   1.5341371943867516E-011  -1.3657556596974297E-011  -1.9427454061769588E-011   6.2021628198605741E-012   6.9277980945509923E-012  -3.9951553907274710E-015   6.3577871018403179E-015  -1.8241885656679025E-003   7.9197046853429053E-011   5.8274094693818930E-010  -3.8656134340792560E-015
   7.9228286062988459E-011   5.4194428007897026E-004  -2.4853784535851400E-010  -4.4397820761627796E-017   6.0660194999062924E-018   2.1363252910084350E-017  -3.2990795001785730E-018   2.5384536528966868E-017  -1.8558363077885753E-017  -1.3448206451791168E-018   2.0226867139840970E-009   8.1793599980987675E-003  -2.1170195035736416E-009   9.0852787363680022E-016   1.4218579089169615E-017  -1.3545660770100902E-017   1.5329864833062396E-017  -6.6772782134040206E-017   2.7765932954539618E-017  -5.9788459262686582E-017   2.4270640408026029E-009   1.4612166293093878E-002  -2.7504346422474472E-009   1.1351783479515887E-015   1.0428055587374718E-011   3.7437147027673815E-011  -6.7994687188084978E-012  -9.9633701688665623E-012  -4.2868842520185201E-011  -4.0271365200614064E-012  -6.0396599824050807E-011  -5.0424887108567975E-011   4.3592046889567311E-011   4.2652419182655932E-011   1.4758491052787349E-009   8.8940857820980629E-003  -1.6904507304937743E-009   6.5479961757466724E-016  -1.3490403460246597E-016   9.3932660441567893E-017  -3.4310158732563482E-016   3.1165325583216597E-016  -3.4946811810362017E-016  -2.0616561172100296E-009  -1.1313802589244701E-002   2.2994845771525508E-009   4.3160835373337573E-015  -9.1399828256085744E-016   6.3673796997869793E-016  -2.2194029500292656E-015   2.0139089336997654E-015  -2.1894971049621275E-015  -5.6779033720134184E-016   4.5645195974140038E-013   1.0147158367831527E-011  -5.4909832228768906E-012  -4.4323208410629023E-012  -1.7374890485413199E-011   3.8199634908686597E-012  -2.1273034322770193E-011  -9.9455599380058741E-012   1.8393297667296327E-011   1.1505646312300085E-011  -7.8370750246549525E-016   9.3380450434623240E-016  -3.3685944945801719E-010  -1.8241891024441126E-003   3.7452294328055647E-010  -5.6051438074493931E-016
  -2.8052614572520672E-010  -2.4853784535851400E-010   5.4194379678104601E-004  -1.9185655289322121E-016   4.6179096883282973E-017  -1.3336712047233211E-017  -6.1053732009080436E-018   3.5353180311179186E-017  -8.5136688636494949E-018   4.2017956505931802E-017  -1.6917409286226758E-009  -2.4099314166217839E-009   8.1793561562181899E-003   6.1312543185017070E-016  -2.6388843845013576E-017   1.5748877522979625E-017   4.4067809488500488E-017  -3.6500406717073845E-017   1.7986360795961374E-017  -1.1413920152625902E-017  -2.7397429967150462E-009  -3.3846660435879511E-009   1.4612159973824250E-002   3.5628437619362208E-016   1.8665348292102443E-011  -2.8939144126078670E-012   8.6195780794959783E-012  -3.2162296622679206E-012   2.7855544616750515E-011  -2.1825909121231352E-011  -3.6309204962980871E-011   9.4844383188059586E-011   5.1607913125692751E-011  -7.7118123313822653E-011  -1.6748736408246665E-009  -2.0661155417775771E-009   8.8940819340361972E-003   1.2964418133072400E-016   5.3288095067360762E-017   4.4263816683420895E-016  -1.9053465937935295E-016   1.5927409684149158E-016   9.9324065542444856E-017   2.1701049942183435E-009   2.7738458015220961E-009  -1.1313797601599104E-002   7.8917769415961588E-016   3.8967611171730563E-016   2.9045306376279593E-015  -1.2765949352514697E-015   1.0219079057354632E-015   6.4222205252167645E-016  -1.5061981155407806E-015   8.0428430877199628E-012  -4.8011357680253991E-012   1.1939724153993833E-012   7.2383032943056732E-013   1.0131696549151987E-011  -1.1514437532165372E-011  -1.6705191159416557E-011   3.3001785913967865E-011   2.7213548155345959E-011  -2.5488268418843122E-011  -2.1170298304269036E-015   3.5384677571102827E-015   3.5082422071871693E-010   4.5089451962461329E-010  -1.8241882960361960E-003  -2.1515533815240179E-015
   1.6372258256997887E-016  -4.4397820761627796E-017  -1.9185655289322121E-016   1.6367691889556893E-004  -2.9724029530473306E-011   4.0134063850540368E-011   6.0656802434031415E-013   1.9505882005038315E-011  -4.1531797012606686E-011   1.0213908708195173E-011   2.1977440899546134E-015  -9.1267000791542707E-016  -2.9535918723585722E-015   8.6561191283903768E-003  -1.3518358346870365E-011  -2.0954236749032445E-011   2.8708278750526791E-011  -2.2929340673412721E-011   4.3247260420086596E-011   3.6436111911869221E-011   3.9856235516362107E-015  -1.4803765164441937E-015  -5.1939781842444878E-015   1.4234488664301107E-002  -4.9070058598368710E-018   3.5702482777519514E-018  -1.2309428739766144E-018   1.5822163005854206E-018  -5.1793858201253256E-018   3.6620288779688216E-018  -4.5133592470246058E-018  -2.7842867045348759E-018  -7.4461570112493513E-018   4.2938112478221822E-020   2.1006834558285858E-015  -9.4771880389136246E-016  -3.0950460110504046E-015  -5.7103616998130006E-011   8.0229424237298596E-011  -2.9722009169640363E-011   4.8466513867846813E-011  -4.6152197704547919E-011   8.6282363360078376E-012  -1.8396534684698482E-014   2.5787556332279606E-015   1.2129814147928475E-014  -5.5483682846603187E-010   8.5448928301630222E-010  -2.4966885383073636E-010   4.6792566387162274E-010  -4.6916886609168459E-010   8.6913914470392474E-011  -6.3009177310247352E-003  -1.1122339808248824E-019   6.4614988363726789E-019  -4.0317136079916780E-019  -1.8469489303351042E-018  -3.1417289983148029E-018   2.2295122509301608E-018  -1.2050918360645224E-018  -1.4448330065140604E-018   4.1330976851403866E-019  -2.7069466737542983E-018  -6.8548832012331785E-003   7.5074729634633007E-003  -3.4856665103224472E-015   4.6226012658129833E-016   2.2271717403580205E-015  -4.4229513860622191E-003
  -3.1654944471486937E-017   6.0660194999062924E-018   4.6179096883282973E-017  -2.9724029530473306E-011   6.0737867293851984E-007  -5.1132035385319335E-014   4.5375546571352988E-014  -3.0368922935661765E-007  -2.9823339354740323E-013  -3.0368944360319602E-007  -4.3555546410037252E-016   1.3622494889326534E-016   7.0511199972785528E-016  -1.6269573393895472E-009  -1.0743833678281808E-005   5.9007828995370988E-014  -6.2939030415852984E-013   5.3719157695522258E-006   2.9148121332864536E-012   5.3719179088490255E-006  -8.0103382511090864E-016   2.3041809314424584E-016   1.2571265205165611E-015  -2.6590532421401476E-009   7.3111070779220301E-019   3.0207095693482119E-019   1.2452440948816250E-019  -7.8298190742181765E-019   6.7856152384805315E-020  -4.9577431228844345E-019   9.5167946979870840E-019   4.5857757666203097E-020   9.1832058918688849E-020   4.8493121393715783E-019  -3.6870350396983593E-016   1.7292499760724413E-016   7.8648561627644122E-016  -1.5481634527837401E-004   4.9354884706668502E-012  -8.7098132597559494E-012   7.7408162273662716E-005   3.4565066604223932E-011   7.7408183004731718E-005   6.4559854810091892E-015   1.2739771741214148E-015   1.2196560090383787E-016  -1.0104384074396215E-003   3.2710653077225167E-011  -4.5983087853510893E-011   5.0521913711514606E-004   2.2223511209770533E-010   5.0521927032374657E-004   1.4469227739684283E-009   6.6078493852892337E-019   1.1110744599551995E-019   1.7443226774862972E-019  -4.6041681009429023E-019  -1.0368006980180738E-019  -4.0341457363686235E-019   1.7570611805297283E-019   3.0074292487766536E-019   6.5605957143773213E-020   2.0869304944501652E-019   1.6955959024181971E-009  -2.1190940671572306E-009   1.2386700557198909E-015   2.5468033440726305E-016   5.6761626142601309E-017   1.2642219000174349E-009
  -1.6769958850904934E-017   2.1363252910084350E-017  -1.3336712047233211E-017   4.0134063850540368E-011  -5.1132035385319335E-014   6.0737860886241740E-007   2.4560451919575106E-013  -1.6542502282766050E-013   6.9956971441484966E-014   2.1657269873005052E-013  -2.6594786517046545E-016   3.1007915013089900E-016  -1.9722101304064830E-016   2.1972354661634086E-009   3.7469448078276276E-013  -1.0743833595008301E-005  -2.4457742227701295E-012   1.5933794020330866E-012  -6.5088116881108436E-013  -1.9680685737538695E-012  -4.6532486796715115E-016   5.5997673559397220E-016  -3.5387457428877024E-016   3.5902193606346110E-009  -3.1896910339099438E-019  -3.6100845878160713E-019   7.0347063579694517E-020  -5.8231748456514522E-019  -1.2781710863956748E-019   9.0782036618241591E-019  -2.2325086416402639E-019  -2.2192060303338968E-019   6.3833291335555547E-020   3.7837568242498337E-019  -3.0297572740116014E-016   2.7748901371820647E-016  -2.1064951242807723E-016   8.2094122438470218E-012  -1.5481633819046522E-004  -3.2092876520174656E-011   1.6802096094353127E-011  -7.3565198169104670E-012  -2.5011504060750482E-011  -4.4618391523372585E-016  -3.7143363656350632E-015   4.8275606724636248E-016   5.2377397821530020E-011  -1.0104383533421188E-003  -2.0968522022039029E-010   1.0585717284753512E-010  -5.1412451106204840E-011  -1.5823457039784254E-010  -1.9314284624383291E-009  -2.3803654571724320E-019   1.9811743146472006E-019  -8.4080578028646455E-020  -5.5715051547368305E-020  -2.9050997153848903E-019   2.6756179034803595E-019  -2.0776861120877663E-019   2.1963805974882913E-019  -1.5061220567981192E-019  -5.4686130455498151E-020  -2.2502483620900500E-009   2.7958999694162494E-009  -9.9356395635409497E-017  -7.0996120025458975E-016   8.4937120616354350E-017  -1.6670598760942075E-009
  -7.9030550991600449E-018  -3.2990795001785730E-018  -6.1053732009080436E-018   6.0656802434031415E-013   4.5375546571352988E-014   2.4560451919575106E-013   6.0737876747774411E-007  -1.1825088660683922E-013  -2.0915202597226688E-013   7.2873266817974065E-014  -9.7596184793548021E-017  -3.9342097778139881E-017  -6.4032066964398377E-017   2.5574809845617253E-011  -5.3233015659995849E-013  -2.4064276546915799E-012  -1.0743835088815000E-005   1.6115050220865425E-012   1.6236872001069754E-012  -1.0791772553038771E-012  -1.8428408141367519E-016  -7.2656875967080659E-017  -1.1770942250357785E-016   4.3444261281462994E-011   8.3772509153446865E-020   9.8988633636006881E-019  -9.2484666498066506E-020  -1.4949969409890928E-020  -9.7674299943661308E-019  -1.9071453138989621E-019   4.0118670129735801E-019  -1.8173707912802801E-019  -9.7046158464514151E-019  -3.4680243531389369E-019  -1.0682404492766283E-016   4.5514022559334311E-017  -7.9030928162991558E-017  -6.1060133562357847E-012  -3.0613101675430902E-011  -1.5481635883400226E-004   1.9625144057748547E-011   1.9824763753909625E-011  -1.3519134883456204E-011   1.2149362080473024E-016   4.9532407812789753E-015  -2.5479850427177942E-016  -2.7366007219596727E-011  -1.9873714645922599E-010  -1.0104384850004185E-003   1.2437993288720288E-010   1.3533177357877576E-010  -9.7013928130237108E-011  -3.2340075940129424E-011   2.6262308724917952E-019   2.6552005975070287E-019   1.6856145266594654E-019  -3.3322507367384936E-019  -5.5695520346321625E-019   2.0593448483529160E-020   7.4252642077109093E-020   4.8664741976053009E-019   1.4582647570249485E-019  -1.6109237937789418E-019  -4.4468691270370707E-011   6.2021601012453200E-011   1.9008352175253197E-017   9.6429317880286567E-016  -5.2786865115843886E-017  -3.7375145835368990E-011
  -4.9156422223097001E-017   2.5384536528966868E-017   3.5353180311179186E-017   1.9505882005038315E-011  -3.0368922935661765E-007  -1.6542502282766050E-013  -1.1825088660683922E-013   6.0737836255147040E-007   1.0343113928678615E-013  -3.0368913318262980E-007  -7.4827249649431779E-016   3.6176430367079033E-016   5.2089884706121037E-016   1.0695784390204240E-009   5.3719156418665804E-006   2.3177927628328929E-012   1.1769864063536243E-012  -1.0743830450892761E-005  -4.1709205128743217E-013   5.3719148089389433E-006  -1.3317570106136941E-015   6.5249521552661615E-016   9.3400095695204540E-016   1.7475705945306152E-009  -3.0649717077775753E-019  -4.5383342586275502E-019   2.0620887983929903E-019   4.6276113171272064E-019   1.8277415380083790E-020   4.5194617049298902E-020  -5.2750347178555677E-019   1.5869908204410969E-019   4.6201541087776898E-019   3.3725012966990649E-019  -6.9677502320387787E-016   4.0415816722254064E-016   5.8336567433711145E-016   7.7408156307027300E-005   2.6441432495150855E-011   1.1927102609761028E-011  -1.5481630492591389E-004  -8.3033949641542524E-012   7.7408148618900120E-005   7.3763245214440934E-015   4.5927937033799096E-017   1.6154014087450993E-016   5.0521909182439922E-004   1.6845757124465594E-010   7.1298018764227316E-011  -1.0104381498652591E-003  -6.0686980692538680E-011   5.0521905804135005E-004  -9.4011002995565743E-010  -6.0052607830168723E-019   9.9503351592938269E-020  -9.6267983650750410E-020   2.2542860369603738E-019  -1.5770551368758558E-020   3.9953868204155377E-019  -8.2002623262023529E-020   1.3226786108734326E-019   1.3379997329229514E-019  -3.7009203384553245E-019  -1.0949028679302762E-009   1.3603985217134482E-009   1.4039263935857895E-015   2.5968230637090900E-017   5.5932105418226017E-017  -8.1113924352053133E-010
   3.3417433253144667E-018  -1.8558363077885753E-017  -8.5136688636494949E-018  -4.1531797012606686E-011  -2.9823339354740323E-013   6.9956971441484966E-014  -2.0915202597226688E-013   1.0343113928678615E-013   6.0737858286354958E-007   1.9480343500514189E-013   6.1160431438668338E-017  -2.6002163049193448E-016  -1.1822875439315546E-016  -2.2580652234871197E-009   3.0883489912079648E-012  -3.9425073060983640E-013   2.3740401417431651E-012  -7.8018520898057560E-013  -1.0743833914903264E-005  -2.3081531455873693E-012   1.0450145904935964E-016  -4.6820673861566218E-016  -2.1155386407473366E-016  -3.6944205594496897E-009   7.3813802330679121E-020   1.4881271920156264E-019  -3.5354321897460019E-019  -4.9386547082236252E-019   2.3334778118679124E-019   1.1309847301263641E-019   3.1078877188971474E-019  -1.9431336921657506E-019   4.0783284247306134E-020  -1.1995701140294176E-019   7.3233147689036362E-017  -2.6216868918435975E-016  -1.3463621160781850E-016   4.1431937776235715E-011  -8.5555009776243183E-012   3.1489752327343976E-011  -1.5717401892213918E-011  -1.5481633627568438E-004  -2.5714526037153857E-011   3.0140226017787977E-016   1.5073757329466109E-015  -4.3353850661856298E-017   2.7378709050961471E-010  -6.6251439966534516E-011   2.1382413007849040E-010  -1.1302447964445076E-010  -1.0104383307042838E-003  -1.6076262297111766E-010   1.9799751364328083E-009  -2.4713437154346823E-019  -4.7615456779631916E-020  -7.1748118481915063E-020   3.8509636764038821E-019   2.7826434057392733E-019  -1.2643359124301345E-019   1.8268410622272124E-019  -4.3780517539251965E-019  -7.5608880862764300E-020   1.7283628119590449E-019   2.3058942017844357E-009  -2.8597353812760799E-009   6.1585564457074485E-017   2.8180930468734776E-016  -1.4068672512349212E-017   1.7048465669980823E-009
  -4.3729748918574269E-017  -1.3448206451791168E-018   4.2017956505931802E-017   1.0213908708195173E-011  -3.0368944360319602E-007   2.1657269873005052E-013   7.2873266817974065E-014  -3.0368913318262980E-007   1.9480343500514189E-013   6.0737857679489669E-007  -6.8272600707935489E-016  -4.0924447575320780E-017   6.4074862023532900E-016   5.5715410532294875E-010   5.3719180367919038E-006  -2.3770772725681494E-012  -5.4755943033824029E-013   5.3719146811243169E-006  -2.4977409499688462E-012  -1.0743832717948427E-005  -1.2067697024645067E-015  -6.7412168703056402E-017   1.1429885853785082E-015   9.1111322343107605E-010  -4.2459883781382527E-019   1.5175502960165357E-019  -3.3073385839686916E-019   3.2021429858613326E-019  -8.6132475585613110E-020   4.5056645153597083E-019  -4.2417961859251072E-019  -2.0452579599770000E-019  -5.5383517287697568E-019  -8.2220405812332775E-019  -6.7832847647530232E-016  -2.1376131413595030E-017   7.0503062342848704E-016   7.7408188976774538E-005  -3.1380907886042216E-011  -3.2167609048607070E-012   7.7408142649135507E-005  -2.6261972325355599E-011  -1.5481633162594402E-004   4.3458384082071778E-015   1.2507738954878222E-015  -4.1027543598067595E-016   5.0521931565064809E-004  -2.0119424572563894E-010  -2.5311481911638473E-011   5.0521901272977795E-004  -1.6155009388064871E-010  -1.0104383283801874E-003  -5.0664465742261564E-010  -6.0255675949380079E-020  -2.1061083723220229E-019  -7.8169207535320624E-020   2.3499079422330304E-019   1.1944507012115667E-019   3.8690321829582195E-021  -9.3704501069583117E-020  -4.3299787426037636E-019  -1.9940454082798904E-019   1.6139303036663682E-019  -6.0050808825324353E-010   7.5848855790233235E-010   8.1591734932796243E-016   2.4217512652302896E-016  -5.0080758380625770E-017  -4.5296044480227553E-010
   8.1793569020913084E-003   2.0226867139840970E-009  -1.6917409286226758E-009   2.1977440899546134E-015  -4.3555546410037252E-016  -2.6594786517046545E-016  -9.7596184793548021E-017  -7.4827249649431779E-016   6.1160431438668338E-017  -6.8272600707935489E-016  0.12344963224923693        1.6215141303027074E-008  -2.3842723200911144E-009  -2.4590266049397735E-015  -3.8672955912383858E-016   8.3865086135553556E-017   1.3032843917230061E-017  -1.8384293892205351E-016  -9.7788762106062175E-017  -3.8686738967383122E-017  0.22053822428947928        7.4055015742030948E-009  -1.4611495521690342E-009  -2.2207267458216332E-015  -6.6140068480497786E-010   5.9384235965907199E-010   2.9199387988275450E-010   3.5113097590416637E-010   1.2424547193847542E-010   5.3621533865180040E-010  -5.9995227368750661E-010  -8.1943915515518350E-010   2.1108000905698368E-010   3.9313354490578551E-010  0.13427321174916371        4.8869891410487784E-009  -8.1615114190306355E-010  -1.7592017634606759E-015   6.8546444550136616E-016  -8.5598089475771823E-016   4.4085754935161641E-016  -3.6892122143017994E-016   1.0860128212145237E-015 -0.16877468798333567       -7.0437002253741041E-009   1.1920401266248313E-009  -1.1521117595909045E-014   4.8526770109866097E-015  -5.3481892315268442E-015   3.3993113928362971E-015  -3.0130926867887454E-015   7.8407840333657686E-015   7.0035897629575049E-015  -2.4971115542660913E-010   1.8344779789852953E-010   1.5260957462109627E-010   1.0352449925338914E-010   1.5513161119976209E-010   2.3149042817524114E-010  -2.0630520367711251E-010  -2.9289446726062691E-010   9.3341017969882991E-011   1.0456157171385891E-010   1.0411219176041251E-014  -1.7211540037478959E-014  -2.7145448342097495E-002  -1.1377092238094573E-009   1.9111001622240362E-010   1.0480852936363011E-014
   2.4721098021218397E-010   8.1793599980987675E-003  -2.4099314166217839E-009  -9.1267000791542707E-016   1.3622494889326534E-016   3.1007915013089900E-016  -3.9342097778139881E-017   3.6176430367079033E-016  -2.6002163049193448E-016  -4.0924447575320780E-017   1.6215141303027074E-008  0.12344965108955570       -1.1712606390532960E-008   2.5627811904246943E-016  -5.5349083631678594E-016  -3.0769582855054738E-017   1.1448853463553683E-016  -6.2047191683462418E-016   7.9835947691398384E-017  -5.1949393132413376E-016   1.1059503317744778E-008  0.22053823410888210       -5.3532596894394200E-009  -4.7588337827774138E-015   1.5735943902628843E-010   5.6504692227592548E-010  -1.0255526890144807E-010  -1.5044476980831441E-010  -6.4714640537468779E-010  -6.0672083520332939E-011  -9.1175769722753683E-010  -7.6128763470708426E-010   6.5818403176676117E-010   6.4386901666953237E-010   6.7488612127635815E-009  0.13427321866510969       -3.5374768878535913E-009  -1.1908853990893794E-015   4.0551694792852141E-016  -1.9365287690378886E-016   3.8232221833292481E-016  -1.6684026361022589E-016   2.4136727621318575E-016  -9.3176414443805056E-009 -0.16877469740993165        5.0313730659758184E-009  -7.1342221414844712E-015   2.1616848663976674E-015  -9.3260265396405556E-016   2.8017248887793084E-015  -1.3957360695212705E-015   2.9470534186006895E-015   5.1647643283831325E-015   6.4574772854821746E-012   1.5251436643467506E-010  -8.2593764277569861E-011  -6.5972166814394768E-011  -2.6202133468003738E-010   5.7309113239958548E-011  -3.2021962335837600E-010  -1.5056925271260125E-010   2.7710055507089589E-010   1.7378834089758539E-010   4.9801032824639526E-015  -8.2512528334148806E-015  -1.5017137808756822E-009  -2.7145449864777932E-002   8.1119889160008046E-010   4.9427040902023599E-015
  -2.7000750728393498E-009  -2.1170195035736416E-009   8.1793561562181899E-003  -2.9535918723585722E-015   7.0511199972785528E-016  -1.9722101304064830E-016  -6.4032066964398377E-017   5.2089884706121037E-016  -1.1822875439315546E-016   6.4074862023532900E-016  -2.3842723200911144E-009  -1.1712606390532960E-008  0.12344964520879913        2.6934577237028482E-015  -5.2204552367173483E-016   1.6867887842800612E-016   1.6333283620049998E-016  -3.0820907598008118E-016   8.6458695205800909E-017  -2.7758918756571501E-016   5.0226909811199216E-012  -7.0278618747825437E-009  0.22053823181724713       -4.1373214751557185E-015   2.8195427070272942E-010  -4.3592404264450663E-011   1.3030668815255458E-010  -4.8754240624897689E-011   4.2057250544604481E-010  -3.2952629741711753E-010  -5.4813410197074035E-010   1.4316632581854935E-009   7.7899280853534512E-010  -1.1642333119251360E-009  -1.1503536236722497E-010  -4.3997215694955984E-009  0.13427321722362012        1.1528390659424227E-016  -1.8725496115094750E-016  -5.6110322597238032E-016   5.4197044667656443E-016  -2.5630896608643344E-016  -7.9107669794939373E-017   3.1781204827237321E-010   6.0979731595232981E-009 -0.16877469526159306       -1.1529301727747042E-016  -5.8868158683921978E-016  -3.4173046866009085E-015   3.0487118950927853E-015  -1.9462780691483849E-015  -6.0562345473153134E-016   4.1669536654144885E-015   1.2133970217306685E-010  -7.2186320150861323E-011   1.7623985621317081E-011   1.0959019397575325E-011   1.5332708042264480E-010  -1.7375332596373370E-010  -2.5142426950560407E-010   4.9787020406126172E-010   4.0950807850405714E-010  -3.8423050615148448E-010   7.6795443077072974E-015  -1.2048678508988391E-014   5.1143081486367988E-011   9.8222672286675416E-010  -2.7145449520706216E-002   7.4159735095183711E-015
   1.0822661362428948E-015   9.0852787363680022E-016   6.1312543185017070E-016   8.6561191283903768E-003  -1.6269573393895472E-009   2.1972354661634086E-009   2.5574809845617253E-011   1.0695784390204240E-009  -2.2580652234871197E-009   5.5715410532294875E-010  -2.4590266049397735E-015   2.5627811904246943E-016   2.6934577237028482E-015  0.46946559256355758       -4.0461580989841224E-010  -1.6340048116709574E-009   1.7030298101845273E-009  -1.5144555052125787E-009   2.5943360177093971E-009   1.9184441347860321E-009   1.0456841262643495E-015   9.4744980242323374E-015   1.1245775757216071E-014  0.76754363596019526       -3.3957391073997376E-016   2.1270664691610626E-016  -7.6552157864747158E-017   4.3295099398173433E-017  -2.9402377616318088E-016   3.0356276727932828E-016  -4.0392707719173906E-016  -1.4684682874515732E-016  -4.1768961878347374E-016  -3.3743405150287331E-017  -2.8349024875310826E-015   1.2276075819756287E-015   6.5396631984796099E-016   1.6383219530444254E-009  -3.0571114720958028E-009   6.1081938091239376E-010  -1.4039146607087801E-009   1.3725339397037732E-009  -2.3487030229470999E-010   2.4467835775621280E-015  -1.6738891545739447E-014  -4.7295643936859510E-014   9.2741534509353338E-010  -1.9221918277526380E-009   8.8297595441198631E-010  -9.3232498687941899E-010  -2.3175661479410229E-010   5.1156686344935783E-012 -0.42520755572535990       -5.5398282825329158E-017   3.9240381490948907E-017  -2.3991091481890443E-017  -8.4933644521194924E-017  -2.0513571294903545E-016   1.6682450951996657E-016  -4.3353184114634453E-017  -7.8890666543308187E-017   2.1654347694116560E-017  -1.7181081401710936E-016 -0.50159925674786332       0.63244164247149848        3.9933363180766156E-016  -3.1417950274080433E-015  -9.0955721905620090E-015 -0.37760126912965020     
   1.8077896242463660E-017   1.4218579089169615E-017  -2.6388843845013576E-017  -1.3518358346870365E-011  -1.0743833678281808E-005   3.7469448078276276E-013  -5.3233015659995849E-013   5.3719156418665804E-006   3.0883489912079648E-012   5.3719180367919038E-006  -3.8672955912383858E-016  -5.5349083631678594E-016  -5.2204552367173483E-016  -4.0461580989841224E-010   1.9004612320224545E-004   8.3249740057264798E-012   6.3515640842692648E-012  -9.5023055018162296E-005  -1.2870801636114986E-011  -9.5023068186195935E-005  -3.1862879563967615E-016  -7.6831672926824309E-016  -8.9560601288381130E-016  -7.0200898693295076E-010  -1.2932418008816061E-017  -5.3433364787591372E-018  -2.2026801005281874E-018   1.3850023220667643E-017  -1.2002640380977970E-018   8.7695927102450789E-018  -1.6834132652064550E-017  -8.1098115947909529E-019  -1.6242971006583000E-018  -8.5780154732367639E-018  -3.7963900802877521E-016  -5.5770758049605870E-016  -4.7279720840845579E-016   2.7385239858995726E-003   4.7697336665156876E-011   8.5165852545966241E-011  -1.3692619873682216E-003  -5.3915669162379704E-011  -1.3692619985317125E-003   4.7633217504979191E-016   1.2377287091870713E-015   5.5589769482526755E-015   1.7873499145533652E-002   3.0249126591131605E-010   3.6369430617408228E-010  -8.9367495548741335E-003  -2.9244897942516858E-010  -8.9367495906466279E-003   3.8165033211605430E-010  -1.1688514777385121E-017  -1.9653612620195624E-018  -3.0855328272115507E-018   8.1442742354841918E-018   1.8339659993597158E-018   7.1358944276743690E-018  -3.1080426674179708E-018  -5.3197181798276965E-018  -1.1604927530753673E-018  -3.6915657137336967E-018   4.7831969670046604E-010  -5.9895839091285681E-010   7.9443928643528884E-017   2.1900904125006982E-016   1.0602572336996984E-015   3.5750586483377617E-010
  -8.7770577695756938E-018  -1.3545660770100902E-017   1.5748877522979625E-017  -2.0954236749032445E-011   5.9007828995370988E-014  -1.0743833595008301E-005  -2.4064276546915799E-012   2.3177927628328929E-012  -3.9425073060983640E-013  -2.3770772725681494E-012   8.3865086135553556E-017  -3.0769582855054738E-017   1.6867887842800612E-016  -1.6340048116709574E-009   8.3249740057264798E-012   1.9004614030649378E-004   8.9814897632197499E-012  -1.7422009333600367E-011  -3.4050133890806818E-012   9.0969413667802180E-012  -1.9049888961136629E-017  -1.4447786491399505E-016   3.2756972789699930E-016  -2.5843044310901222E-009   5.6421977611517228E-018   6.3858511130108244E-018  -1.2443886764888811E-018   1.0300517648944197E-017   2.2608725648807746E-018  -1.6058298439271440E-017   3.9490255392152180E-018   3.9254740856523816E-018  -1.1291824375481619E-018  -6.6929967075457504E-018   9.7645544883794017E-017   4.5517504163054094E-017   1.7924148314645710E-016   7.0253432999974151E-011   2.7385241282190257E-003   7.3695915032621097E-011  -1.4211500477114836E-010  -8.4844741066575365E-011   7.1861496070951309E-011   1.3276286100161136E-015   4.8632138159525193E-015  -5.0282528338193011E-016   4.7979958622541736E-010   1.7873499935783483E-002   4.8496916917310741E-010  -8.6023550023677604E-010  -4.9363655004103043E-010   3.8043590923010026E-010   1.3748847790490772E-009   4.2106101575741541E-018  -3.5044515082805550E-018   1.4872716959070900E-018   9.8549468682039485E-019   5.1387503717228839E-018  -4.7328413959783826E-018   3.6751656882664469E-018  -3.8851517711600598E-018   2.6641703972033746E-018   9.6733309740563769E-019   1.4737675873001679E-009  -1.8152498904615896E-009   2.6077624296393596E-016   9.4625261858324710E-016  -9.0149993885568036E-017   1.0801595301066768E-009
   2.6321032260733391E-017   1.5329864833062396E-017   4.4067809488500488E-017   2.8708278750526791E-011  -6.2939030415852984E-013  -2.4457742227701295E-012  -1.0743835088815000E-005   1.1769864063536243E-012   2.3740401417431651E-012  -5.4755943033824029E-013   1.3032843917230061E-017   1.1448853463553683E-016   1.6333283620049998E-016   1.7030298101845273E-009   6.3515640842692648E-012   8.9814897632197499E-012   1.9004614352096923E-004  -1.2324961788272885E-011  -5.2726376343159196E-012   5.9734399743339258E-012   1.9922814032155400E-016   2.2046114683912002E-016   3.5219325724728887E-016   2.7493289281550287E-009  -1.4818381086711605E-018  -1.7509966100453278E-017   1.6359455665755515E-018   2.6444081912999965E-019   1.7277455332543981E-017   3.3735262662027201E-018  -7.0965275386520554E-018   3.2147132792557502E-018   1.7166349831745082E-017   6.1345449805023078E-018   1.1351073788495987E-017   4.5925031129491743E-017   2.4660484238039391E-016   6.3846085787740434E-011   5.7551548014038450E-011   2.7385241589374491E-003  -1.1398556533800476E-010  -1.2789248368812679E-011   5.0139553521915438E-011  -6.0841155817744927E-016  -5.8849992633596309E-015   5.3690142981625442E-016   1.9583961590059505E-010   3.5678087852326389E-010   1.7873500081866396E-002  -6.7837034991798361E-010  -1.8857291460852740E-010   4.8253077757921742E-010  -1.4951669021519482E-009  -4.6455165416661262E-018  -4.6967747964801020E-018  -2.9816485053825145E-018   5.8944048648868268E-018   9.8519033801561247E-018  -3.6428932373370552E-019  -1.3134061544160496E-018  -8.6082524753124978E-018  -2.5795270253710759E-018   2.8495440082593747E-018  -1.6952089569252811E-009   2.1169436966425834E-009  -1.1587361050880719E-016  -1.1417018709089473E-015   1.1395813468342874E-016  -1.2622650392556105E-009
  -2.5902434949629399E-017  -6.6772782134040206E-017  -3.6500406717073845E-017  -2.2929340673412721E-011   5.3719157695522258E-006   1.5933794020330866E-012   1.6115050220865425E-012  -1.0743830450892761E-005  -7.8018520898057560E-013   5.3719146811243169E-006  -1.8384293892205351E-016  -6.2047191683462418E-016  -3.0820907598008118E-016  -1.5144555052125787E-009  -9.5023055018162296E-005  -1.7422009333600367E-011  -1.2324961788272885E-011   1.9004610614218936E-004  -1.1186077686711111E-011  -9.5023051122483987E-005  -4.5318953023338061E-016  -1.2220464409076786E-015  -6.1839949579113888E-016  -2.4323017128470419E-009   5.4216727902332882E-018   8.0277632767475335E-018  -3.6476143354991116E-018  -8.1857618314893067E-018  -3.2333553200022736E-019  -7.9951714443464109E-019   9.3308973792283358E-018  -2.8070537353980268E-018  -8.1724686803364959E-018  -5.9656815357040051E-018  -2.0812948863576977E-016  -6.5681988323413774E-016  -2.3123796452965722E-016  -1.3692619143698822E-003  -1.2797706048175251E-010  -8.8572587688781921E-011   2.7385238489178840E-003  -1.2062642280435603E-010  -1.3692619345482407E-003   4.4188209987782222E-016   2.5755433701526866E-015   6.8515437451138392E-015  -8.9367489661411389E-003  -7.6243251281210724E-010  -4.6228603539678989E-010   1.7873498353979569E-002  -6.7243277132596562E-010  -8.9367493878471024E-003   1.3136044811194709E-009   1.0622640210492567E-017  -1.7600903436271839E-018   1.7028294997976030E-018  -3.9875652776903758E-018   2.7890604871175445E-019  -7.0674180189755009E-018   1.4505238115942647E-018  -2.3395985379579651E-018  -2.3667672900157797E-018   6.5464752284980452E-018   1.4685237031307013E-009  -1.8267081970537659E-009   7.5752400349721980E-017   4.7188071591682672E-016   1.3211550531829349E-015   1.0886535313750717E-009
   5.8291003149584357E-018   2.7765932954539618E-017   1.7986360795961374E-017   4.3247260420086596E-011   2.9148121332864536E-012  -6.5088116881108436E-013   1.6236872001069754E-012  -4.1709205128743217E-013  -1.0743833914903264E-005  -2.4977409499688462E-012  -9.7788762106062175E-017   7.9835947691398384E-017   8.6458695205800909E-017   2.5943360177093971E-009  -1.2870801636114986E-011  -3.4050133890806818E-012  -5.2726376343159196E-012  -1.1186077686711111E-011   1.9004615975860573E-004   2.4056691222249632E-011  -9.2013907397833874E-017   2.0175953240026359E-016   1.6181762301544284E-016   4.2323482519695506E-009  -1.3056757345238935E-018  -2.6323641870674604E-018   6.2537867853309581E-018   8.7359241291726365E-018  -4.1276137531727948E-018  -2.0005892636270127E-018  -5.4974381758077682E-018   3.4371892316031435E-018  -7.2140597162500048E-019   2.1219046719841912E-018  -1.3929166794562455E-016   6.8540836434697333E-017   1.2667814131718091E-016  -1.3115226665151732E-010   1.7782521521433688E-012  -2.7868047538818417E-011  -8.2031218216393323E-011   2.7385242931118881E-003   2.1318331072507072E-010  -1.9971265664224519E-015  -1.5524568781713322E-015  -5.4224310818285283E-016  -9.1566549660392647E-010   1.9578691907183251E-010  -3.2870800167255070E-010  -3.5068849045143227E-010   1.7873500832610911E-002   1.2663542011830562E-009  -2.2415960566059990E-009   4.3715162012939231E-018   8.4225055297057172E-019   1.2691495528344117E-018  -6.8118927784089843E-018  -4.9221527859215789E-018   2.2364541695972839E-018  -3.2314503119701175E-018   7.7442695480539720E-018   1.3374132396581886E-018  -3.0572625738760196E-018  -2.5098313210237645E-009   3.0928571451660259E-009  -3.9293802116098611E-016  -2.9811627862434514E-016  -1.0030268604761779E-016  -1.8415364581132087E-009
  -3.2762096915879980E-017  -5.9788459262686582E-017  -1.1413920152625902E-017   3.6436111911869221E-011   5.3719179088490255E-006  -1.9680685737538695E-012  -1.0791772553038771E-012   5.3719148089389433E-006  -2.3081531455873693E-012  -1.0743832717948427E-005  -3.8686738967383122E-017  -5.1949393132413376E-016  -2.7758918756571501E-016   1.9184441347860321E-009  -9.5023068186195935E-005   9.0969413667802180E-012   5.9734399743339258E-012  -9.5023051122483987E-005   2.4056691222249632E-011   1.9004611930924960E-004  -3.1786890403304021E-016  -1.0357440070365683E-015  -4.7033083409362903E-016   3.1332848384582989E-009   7.5107456295582069E-018  -2.6844363832922011E-018   5.8502955325302466E-018  -5.6642623175863417E-018   1.5236049013994315E-018  -7.9700751886970542E-018   7.5032542439790580E-018   3.6180378076171525E-018   9.7967499153903892E-018   1.4543694021095361E-017  -2.7051144512092791E-018  -5.8132101828606810E-016  -2.0409196965129096E-016  -1.3692620715601352E-003   8.0278369831055813E-011   3.4073442815450152E-012  -1.3692618615274267E-003   1.7453938152494525E-010   2.7385239330881624E-003   3.8542178815941894E-015   1.0163250015881863E-015   5.3004644121986778E-015  -8.9367501795912189E-003   4.5993240983180825E-010   9.8595704889392959E-011  -8.9367487989603107E-003   9.6486406054830557E-010   1.7873498978547307E-002  -1.6946954528637131E-009   1.0658732428695042E-018   3.7254517031816954E-018   1.3827000249597942E-018  -4.1567065286119930E-018  -2.1128683261617119E-018  -6.8477061368149752E-020   1.6575330114072604E-018   7.6593140130303997E-018   3.5272409539141412E-018  -2.8549050365470537E-018  -1.9461868111561916E-009   2.4248451415434039E-009   7.4721267641448369E-016   1.7194313214401542E-016   1.0214743017449156E-015  -1.4456692846009857E-009
   1.4612162341484250E-002   2.4270640408026029E-009  -2.7397429967150462E-009   3.9856235516362107E-015  -8.0103382511090864E-016  -4.6532486796715115E-016  -1.8428408141367519E-016  -1.3317570106136941E-015   1.0450145904935964E-016  -1.2067697024645067E-015  0.22053822428947928        1.1059503317744778E-008   5.0226909811199216E-012   1.0456841262643495E-015  -3.1862879563967615E-016  -1.9049888961136629E-017   1.9922814032155400E-016  -4.5318953023338061E-016  -9.2013907397833874E-017  -3.1786890403304021E-016  0.39398366515915251       -1.8761595202360862E-008   5.0074949417400626E-009   3.9980562469749583E-015  -1.1815487700957468E-009   1.0608784330657425E-009   5.2154465011479258E-010   6.2725838151360867E-010   2.2200696216820393E-010   9.5792738125583877E-010  -1.0717658738173365E-009  -1.4638959779578302E-009   3.7704982218271900E-010   7.0238550881094177E-010  0.23986022170383439       -1.0781868518290192E-008   3.1939148387226510E-009   2.2211621844946987E-015  -1.2022736000271560E-015   1.0035942134605137E-015  -1.0104207142731921E-015   5.2233572917522147E-016  -1.6265199846220345E-015 -0.30226975046401316        1.0071856941412433E-008  -2.9683533590614847E-009   1.4430238622980256E-014  -7.1713210969163677E-015   6.9765865130212622E-015  -5.6565782475792813E-015   2.3298185250278645E-015  -9.2763153702738184E-015  -9.7196501780020410E-015  -4.4601741545219378E-010   3.2753078898084287E-010   2.7275513390537074E-010   1.8481139940726002E-010   2.7739974189593826E-010   4.1356990066903244E-010  -3.6848994124400760E-010  -5.2336805483400847E-010   1.6685273980777323E-010   1.8679474603276878E-010  -1.4126477915837787E-014   2.3281061382846296E-014  -4.8642587138713549E-002   1.5487562814364183E-009  -4.5345720340517723E-010  -1.4202311319361893E-014
  -9.8686273469472623E-010   1.4612166293093878E-002  -3.3846660435879511E-009  -1.4803765164441937E-015   2.3041809314424584E-016   5.5997673559397220E-016  -7.2656875967080659E-017   6.5249521552661615E-016  -4.6820673861566218E-016  -6.7412168703056402E-017   7.4055015742030948E-009  0.22053823410888210       -7.0278618747825437E-009   9.4744980242323374E-015  -7.6831672926824309E-016  -1.4447786491399505E-016   2.2046114683912002E-016  -1.2220464409076786E-015   2.0175953240026359E-016  -1.0357440070365683E-015  -1.8761595202360862E-008  0.39398364011628484        1.5260750500527624E-008   5.9146853571106896E-015   2.8112827318553865E-010   1.0094296841126710E-009  -1.8323727243522385E-010  -2.6873751034450756E-010  -1.1560515202910982E-009  -1.0843030874113408E-010  -1.6287437802131316E-009  -1.3599222041784829E-009   1.1757230368606980E-009   1.1502005400939881E-009  -1.1429885883656975E-008  0.23986020809994121        8.8248386201131277E-009   1.0516824433401480E-015  -5.4198831660264278E-016  -1.4432397193081311E-016  -9.4604493541805524E-016   5.4730277014247048E-016  -1.1200087473346035E-015   1.1014864389107430E-008 -0.30226973637717980       -8.4018311780225296E-009   8.0050100452003410E-015  -4.4118469991976794E-015  -3.4015079512113415E-016  -5.6293676188292411E-015   3.0249547810909204E-015  -4.8565970314189294E-015  -4.8451925032949510E-015   1.1701596330232398E-011   2.7270460865262097E-010  -1.4765833163198024E-010  -1.1821108894654529E-010  -4.6817378674747793E-010   1.0251275297939658E-010  -5.7238656120838143E-010  -2.6880889511494110E-010   4.9522401300650152E-010   3.1041435816630886E-010  -9.9307958071942777E-015   1.3358888047178282E-014   1.7038565891294466E-009  -4.8642584941611965E-002  -1.2927808055517652E-009  -8.1754448155895253E-015
