   1.1966132769495572E-004  -4.2296524819063956E-011   4.3207406150218184E-011   8.8583388014440228E-012   1.4939930437269701E-010  -7.5307261181512673E-011  -1.0710422512541619E-010   1.9988003846426314E-016   1.6259467821657195E-016   1.0678111026698659E-015   7.5956577902622597E-003   4.2455153516559443E-011   8.4308021931181519E-011   3.2556956104649930E-011   8.5178525426040801E-011  -1.7163883039111196E-010  -1.2764172878401150E-010   1.1344500229780774E-016  -5.0018021746934603E-017   3.9943472321914177E-016   1.1593439024943615E-002  -1.1464721475489813E-010   3.6383888051823483E-012  -2.8481056423965404E-011   2.2362335806105305E-010   1.3959063972933460E-011  -1.0897896182974201E-010   1.4471082719507305E-016   3.4178039981618077E-018   3.3948344014815416E-016  -2.5566933366325354E-018  -2.6787177666399762E-018   5.4770987197904709E-018  -7.8216038100441348E-018   2.4517230049381613E-019   1.0389570310938485E-017  -1.1280744382495805E-018   4.3143112606991152E-019   4.0216876065418666E-018  -4.6517780960062805E-018  -8.6656354499616718E-010  -5.0926287595485159E-011  -4.3797692387123101E-010   1.5424697084247285E-009   3.5925633809182470E-010  -6.7590591577167234E-010   8.6412756368239125E-015  -9.9713839631133713E-015  -5.6948964911521780E-015  -3.9407823489109439E-003   4.7819456366741031E-018  -1.0095934738771703E-018   1.4246506725631525E-018  -5.1272707882268918E-018   4.9837156968889516E-020  -1.6321178494739665E-018   8.2576933350667481E-019   4.6466615255262466E-019   4.5726074300075751E-020  -1.3180454249733644E-018  -7.4345146023866290E-003   4.3751793045929219E-003  -2.0490688721821591E-015   2.3586129972798168E-015   1.3317207410053675E-015  -1.1404565023509904E-003
  -4.2296524819063956E-011   3.1653083357542301E-009  -8.8707024230852215E-015  -2.2246870598205629E-015  -1.5826693414478333E-009  -6.4272668522640259E-015  -1.5826389946671173E-009  -3.9457361764871417E-017  -3.0893646310362685E-017  -3.3760734561204406E-016  -2.7081552875734506E-009   1.1227643654931617E-006  -1.8233328206016990E-012  -4.7665492628163519E-013  -5.6138460929687383E-007  -1.1805044275159062E-012  -5.6137975619585273E-007  -1.9824691787002517E-017  -1.5480326671658403E-017  -1.7002187008342629E-016  -4.1242816312183115E-009   1.1153188332829329E-005  -1.7411567136228696E-011  -4.6265469406329290E-012  -5.5766179964333240E-006  -1.2077391853377917E-011  -5.5765703363894294E-006   9.3870291880371277E-018  -2.2463242930788036E-017  -1.3283031933453792E-016  -4.8826536128883807E-020  -1.0797139857271436E-020  -2.2214551843331733E-020   2.2581585336070950E-021  -1.6705465503269375E-021  -7.8206836405419743E-021   7.7327458905715532E-021   5.4382982381864500E-021   1.6365064012620981E-020  -2.1770004832435866E-020   7.2905578869409296E-005  -1.1178397125637317E-010  -2.9814498664151828E-011  -3.6452944189055699E-005  -7.8627225020820354E-011  -3.6452634680334983E-005   1.3623282876249908E-015  -7.1562112899407985E-016  -1.1028405098734356E-015   1.6252320733908961E-009  -2.5626731406797980E-020   1.5776704172905442E-021  -7.8049517542904680E-021  -8.6940359449396529E-021   8.8912493709523303E-021  -7.1869716952986811E-022   1.0661823296411814E-020  -1.6915118166665394E-021  -7.0999699487407477E-021  -6.2777843497587962E-021   3.1328691941583144E-009  -2.0146894210697858E-009  -3.2209574775172791E-016   1.7002784262390953E-016   2.6671806217789062E-016   5.4351254412746971E-010
   4.3207406150218184E-011  -8.8707024230852215E-015   3.1653138004710468E-009   8.7511879878261972E-015   8.2187633465560199E-015  -6.9373958290080005E-015   6.5181656655753647E-016   2.7572468713694430E-017   9.2998742994648482E-018  -1.3987236030808217E-017   2.7726899423590980E-009  -1.4955373450135539E-012   1.1227651470909834E-006   1.7531389907624742E-012   1.4822103642453994E-012  -1.4820192909646795E-012   1.3326978578762043E-014   1.4112851172955146E-017   4.7873810317754957E-018  -7.0163858289362582E-018   4.2196336755499322E-009  -1.4331694867637306E-011   1.1153197487738036E-005   1.7363481268812995E-011   1.3905533106211282E-011  -1.4248839257653147E-011   4.2616184841496284E-013   4.6117468650951177E-017   1.4771794547792633E-017  -7.1325748650540808E-018  -1.3841300781861578E-019   2.0938496365017390E-020  -2.9397002817163430E-020  -3.6142692801374779E-020   3.1282379943086019E-021  -7.8162188585121632E-020   3.2658990155770121E-020   9.9278320367008107E-021   1.1965810548154040E-020   2.1976691192359118E-020  -9.1785367657606695E-011   7.2905642144872480E-005   1.1230234486711173E-010   8.8936464494824748E-011  -9.1684016340986872E-011   2.8489034683796799E-012   2.1973640153993821E-015   7.0031573857991122E-016  -1.4118909784673508E-016  -1.6895273103713436E-009  -6.2144195597137903E-020   3.8424266226887738E-021   3.8337738894344603E-022  -1.6743937951611277E-020   7.2749520302753815E-021  -3.1568317923358169E-020   1.7995872833980538E-021   4.7707173144904720E-022   1.4619186683888382E-020  -9.4233468205436401E-021  -3.2630225425550115E-009   2.1154986762950484E-009  -5.2100217741136821E-016  -1.6605269363504802E-016   3.3674502573053651E-017  -5.7238304864897912E-010
   8.8583388014440228E-012  -2.2246870598205629E-015   8.7511879878261972E-015   3.1653111298094519E-009  -3.6479209091301447E-016  -6.7623915088054882E-015   2.5893960716296393E-015   1.1269859546662832E-018   9.0369270197846384E-018   4.3780075377641242E-017   5.7240707398924970E-010  -3.4323578337093410E-013   1.3932870139812813E-012   1.1227648861800699E-006  -3.9134512491549092E-013  -1.3131128672717060E-012   7.3458077536146796E-013   6.9879114743931012E-019   4.5287474994870327E-018   2.2021250530697242E-017   8.6842350497928759E-010  -3.3155584022424066E-012   1.3789111725348261E-011   1.1153193386254945E-005  -3.5680753740558513E-012  -1.3046935616564621E-011   6.8836337343393267E-012   1.7520735698824804E-017   6.9759431381552431E-017  -2.9956422084702242E-017  -2.4089252408320915E-020   5.0278570615462778E-020  -2.1864570308707047E-020  -3.6599502951273702E-020   6.3028227079501184E-021  -5.6142704233901938E-020   2.8672117871463385E-020   1.8069088357771055E-020   1.9579237022055445E-020  -4.3476277423029920E-020  -2.1271658552904416E-011   8.8966049898802063E-011   7.2905611139569107E-005  -2.2736407326088014E-011  -8.4574787406836289E-011   4.4008065726591055E-011   1.0242386852830035E-015   3.9983702740834433E-015  -2.6891051038925680E-015  -3.6616648272632694E-010  -1.7342566278083937E-020   1.2956866143287652E-020  -2.5644944061940877E-020  -5.2586789353501236E-022   1.7669910303461425E-020  -1.7967625937036378E-020   6.5639371646486821E-021  -1.4836399045670499E-020  -1.1812288590796193E-021  -4.7067893491124474E-020  -7.1119312858785234E-010   4.7263388159772103E-010  -2.4266061762658611E-016  -9.4734931720411013E-016   6.3633273504843905E-016  -1.2899839794162081E-010
   1.4939930437269701E-010  -1.5826693414478333E-009   8.2187633465560199E-015  -3.6479209091301447E-016   3.1653337505636250E-009   7.6138852983042183E-016  -1.5826644086790186E-009  -5.0455148259729144E-017  -1.0000794848484487E-017  -2.6871585360078530E-016   9.5757561487809707E-009  -5.6138522107409527E-007   1.6279136853963543E-012   1.9695305307417878E-013   1.1227687773416774E-006   2.2890647861150975E-013  -5.6138355626848392E-007  -2.5492082460874348E-017  -5.2670869549783188E-018  -1.3534464964350503E-016   1.4578609941010507E-008  -5.5766239428503083E-006   1.5394074102644358E-011   2.1072169246259276E-012   1.1153232797986993E-005   2.4977124064402405E-012  -5.5766088551451735E-006  -2.0502373697275626E-017   1.1256388770453031E-017  -8.6346595357910245E-017   3.1577894284769909E-020   5.2453505215024772E-021   4.3007103741244025E-020   1.2097896589281375E-020  -4.4955548094317331E-021  -8.4870123795164307E-022  -8.7845054422432430E-021   1.9168005063901990E-020  -5.0279240416624107E-022   4.1252928503284695E-020  -3.6452982896371440E-005   9.8712328822688867E-011   1.4178620117780087E-011   7.2905869582608714E-005   1.6361941004719910E-011  -3.6452886686258707E-005  -2.0162291251981658E-016   8.7320683245582391E-016   2.8891288530288592E-016  -5.7892929962297543E-009   2.5607593039149439E-020   3.9379939515004836E-021   7.1962285249309683E-022   1.5024690576784172E-020  -1.2138018944125046E-021  -6.8788383833039001E-021   1.5501342104056100E-020   1.2250767322101288E-020   4.9212459703513481E-021  -1.1639159219878410E-020  -1.1170156154491521E-008   7.2117756360505336E-009   4.8581439545938749E-017  -2.0669939907221314E-016  -6.4096418078827713E-017  -1.9483422075442609E-009
  -7.5307261181512673E-011  -6.4272668522640259E-015  -6.9373958290080005E-015  -6.7623915088054882E-015   7.6138852983042183E-016   3.1653360260320883E-009   5.6658483117233083E-015  -3.5739973106836756E-017  -1.9787739228678622E-017   2.1371024789250077E-017  -4.8348110269736998E-009  -1.0525207041327208E-012  -1.0893603622701996E-012  -1.1150551825137992E-012   3.2087814539718255E-014   1.1227692220623133E-006   1.0204328763719798E-012  -1.7970410648627357E-017  -1.0147677032102592E-017   1.0582734455317514E-017  -7.3565642095873990E-009  -1.0758439034461754E-011  -1.0480631688132109E-011  -1.0969025464823167E-011   5.1376118203999808E-013   1.1153237114171960E-005   1.0244677889134534E-011  -3.4489152476150947E-017   2.9865520878734532E-017  -6.4722390439966366E-018  -2.3272496642183264E-020  -4.1761135888435995E-021  -1.6068242137712603E-020   3.1485784127254074E-021  -2.1080166581761947E-022   3.7982662025659757E-020   2.3673280429558592E-021  -1.2594897834886648E-020  -7.7891000835607361E-021  -4.0161696541728957E-020  -6.9984710510685418E-011  -6.7193922957462068E-011  -7.0909741584374956E-011   3.3777842830154292E-012   7.2905897359310713E-005   6.6606926304338849E-011  -1.3430968721724502E-015   2.1910818299720086E-015  -8.2854251874800289E-016   2.9558925045381641E-009   1.3101270969759827E-020  -1.4077893691879113E-020  -1.0567133057681032E-020   2.9042776150640579E-022   5.3072930319637454E-022  -7.2477284619497326E-021  -5.0712048100933865E-021  -8.8394608908780324E-021   6.8281507386560814E-021  -4.3473668036978085E-022   5.7110831670113720E-009  -3.7091301792914507E-009   3.1875338884891905E-016  -5.1873924690986515E-016   1.9593382954154827E-016   1.0041961369507791E-009
  -1.0710422512541619E-010  -1.5826389946671173E-009   6.5181656655753647E-016   2.5893960716296393E-015  -1.5826644086790186E-009   5.6658483117233083E-015   3.1653034032700828E-009  -3.2224217666833045E-017  -6.9633512481563993E-017  -3.1994972231086059E-016  -6.8676913268989150E-009  -5.6137914454719660E-007   1.9537586121691088E-013   2.7967244120495025E-013  -5.6138416788924588E-007   9.5158698765030662E-013   1.1227633124369091E-006  -1.6237881218589133E-017  -3.4896945559801964E-017  -1.6104116581261031E-016  -1.0454466882093835E-008  -5.5765643912518189E-006   2.0170631731575902E-012   2.5190376519783684E-012  -5.5766148000083996E-006   9.5795705407766551E-012   1.1153179191262131E-005  -6.9703973472425020E-017  -1.8474472357086051E-017  -9.0220034985421378E-017   1.7248325258413751E-020   5.5524797264929178E-021  -2.0793595475380078E-020  -1.4355092844922385E-020   6.1663172673042037E-021   8.6688474889579090E-021   1.0515275241648782E-021  -2.4606797432282737E-020  -1.5862650709116852E-020  -1.9481777474165987E-020  -3.6452595981357821E-005   1.3068832544932397E-011   1.5633967439508674E-011  -3.6452925383451984E-005   6.2264572120762052E-011   7.2905521364812617E-005  -3.5223338562170174E-015   3.1008473791513266E-016   1.0975086038707849E-015   4.1640968630887944E-009   1.9645710596364146E-023  -5.5159596239037380E-021   7.0848935459383660E-021  -6.3315918799652095E-021  -7.6772129116610847E-021   7.5977922291602881E-021  -2.6162487562344520E-020  -1.0559812224015616E-020   2.1781098182824441E-021   1.7917683028550013E-020   8.0373514387464971E-009  -5.1971156161723072E-009   8.3495376947251622E-016  -7.2331151790572616E-017  -2.5482254922850192E-016   1.4048364104097115E-009
   1.9988003846426314E-016  -3.9457361764871417E-017   2.7572468713694430E-017   1.1269859546662832E-018  -5.0455148259729144E-017  -3.5739973106836756E-017  -3.2224217666833045E-017  0.13610061661856820       -3.2101316219808582E-009  -2.3910350323278290E-009   2.1754929405254666E-015   3.8597586302632650E-018  -1.4934788463396563E-017  -2.1336640688988483E-017   5.7964612253617679E-017   1.1561343914027366E-017  -3.2181205907312442E-017   6.8530589701390740E-002   4.4193885285696590E-010   6.1138818027384440E-010   3.4416893275751215E-015  -1.7144299987858243E-018  -2.5022390150729698E-016  -1.5288501612888539E-016   2.4760488775356349E-016   3.9017130297529641E-017  -1.5259710070325136E-016   4.5187293895377199E-002  -4.3832178766680412E-010  -2.3470424649743639E-010  -5.8680487182118198E-011  -1.5490354664701516E-010   2.2895031729719298E-011  -3.4157338053373819E-011   3.6456165003961554E-011   1.1286766724756237E-010   1.4500242595908018E-010  -1.0868038629867876E-010  -3.9638136838001267E-011   6.3941765623878338E-011  -1.8294193554822443E-016  -1.5993664502563092E-015  -1.0056825414457905E-015   1.5355274550993142E-015   2.6057249059102416E-016  -1.1883283791352406E-015  -5.8062502595849025E-002   3.3546842412385985E-010   2.3524768022921717E-011  -3.7393425485542649E-015   7.5672159066629687E-013  -7.4794885031956562E-011  -2.8120586783998904E-011  -5.7065782397834149E-011   4.0811692812825339E-011   5.6044001387189626E-011   6.5999690590536861E-011  -2.9958869467101795E-011  -1.3753250667130909E-011   4.3290460744203528E-011  -7.5565381879856751E-015   6.3859722450683243E-015   1.1553987844662857E-002  -6.2978448549617968E-011   1.9157871424862316E-012  -1.8715898760827997E-015
   1.6259467821657195E-016  -3.0893646310362685E-017   9.2998742994648482E-018   9.0369270197846384E-018  -1.0000794848484487E-017  -1.9787739228678622E-017  -6.9633512481563993E-017  -3.2101316219808582E-009  0.13610061162719708        6.2977639117721859E-009   6.8005000390729983E-016  -1.2140366817010970E-016  -1.9948413861817929E-017   1.5235888069506766E-017  -8.0640860620668841E-017   7.7003458361001533E-017  -1.2100565489640128E-016   1.0583600756063379E-009   6.8530590999833302E-002  -1.3191034044607234E-009   6.6791841703551624E-016  -7.5226087091221825E-017  -2.1562105580177599E-016   1.0488534257825934E-016   3.6163175576287011E-016   6.1951307808044733E-016  -2.1503612221416271E-016  -2.8664773902955791E-010   4.5187293119696062E-002   7.1560041245565238E-010  -2.8451025776097005E-010  -1.8757138234485580E-010   1.6473642795815970E-010   2.3847441482496287E-010  -8.0644998561730734E-012   1.4323873846663101E-010  -1.1181036608370069E-010   3.7970616273903631E-011   3.3756052934654681E-010  -1.5108814161724171E-010  -7.0852105294633112E-016  -1.4100684929253271E-015   7.1944172937439691E-016   2.1077479612392886E-015   4.0934416008961809E-015  -1.5953451279413283E-015   7.7518958202872650E-011  -5.8062501741137924E-002  -3.8499180653657082E-010   4.0269383273916443E-015  -7.3100618626470387E-011  -8.6500774153158119E-011   2.7704452852131100E-011   8.2351689104058059E-011  -4.8284935021868949E-011   1.5723761390336535E-011   5.9456983445765833E-012   2.5598368882525305E-011   7.8515873089404530E-011  -3.9729243075106950E-011   8.2697685402003357E-015  -8.0808617869363370E-015  -1.1511848489000474E-011   1.1553987664914245E-002   6.6688533645513194E-011   2.4480635767035301E-015
   1.0678111026698659E-015  -3.3760734561204406E-016  -1.3987236030808217E-017   4.3780075377641242E-017  -2.6871585360078530E-016   2.1371024789250077E-017  -3.1994972231086059E-016  -2.3910350323278290E-009   6.2977639117721859E-009  0.13610062191744235        5.3848671096990251E-015  -8.2756419821831575E-016   1.8794968182169004E-018  -3.0210853860224104E-017  -8.6001919732597705E-016   3.1895706669216870E-017  -8.3431214601094325E-016   4.8165498382042738E-010  -1.5865137890659645E-009   6.8530588515920796E-002   3.6382382609165192E-015  -4.6171232446432286E-016  -6.5223095502691061E-017  -1.3373250723047989E-017  -4.1892808307696279E-016   3.4797535442175720E-016  -3.5878351629774299E-016  -2.6781065833518504E-010   6.4608521310547151E-010   4.5187294407022606E-002   4.5145312368333913E-011   8.4717128798429099E-012   1.4470083295584524E-010  -5.7006819493582973E-011  -6.7084302100029017E-011  -3.5622491300070523E-012  -3.8742621177087318E-011   1.2265342666619380E-010   4.3508409715834385E-011  -1.9928090037158097E-010  -7.5886902413336137E-016  -3.9697173809217417E-016  -1.6214415272370641E-016  -5.7565600069707921E-016   2.2768328524655858E-015  -1.1578848124257601E-016   7.7805081405745647E-011  -2.7059074571682190E-010  -5.8062502836151789E-002   1.4116288829609421E-015   1.5995698111823168E-011   5.0797671278066527E-012   3.9957482772373594E-011  -2.5910291489656395E-011  -2.8979631674523603E-011   4.4494879535836032E-012  -3.2266335716153496E-011   4.0658607778184458E-011   3.8210755849056301E-011  -6.0089061402598617E-011   1.0527485431150621E-015  -2.6208853811811503E-015  -8.8828118279331982E-012   4.3873675531330194E-011   1.1553987884269364E-002   8.8226682262931641E-016
   7.5956577902622597E-003  -2.7081552875734506E-009   2.7726899423590980E-009   5.7240707398924970E-010   9.5757561487809707E-009  -4.8348110269736998E-009  -6.8676913268989150E-009   2.1754929405254666E-015   6.8005000390729983E-016   5.3848671096990251E-015  0.48744371596280411        3.6375670121171622E-009   5.5739249189667395E-009   2.7678820720211791E-009   3.9587420266883271E-009  -1.1660809230919811E-008  -7.5967964972111024E-009   1.5750754238474517E-015  -7.2843950527842411E-015  -5.6964748249336544E-015  0.74198091728635429        1.8025203591964367E-009   1.9551959742270394E-009   5.0313438437010578E-009  -6.1954575650359330E-010  -5.7530991079418889E-009  -1.1831463434702570E-009  -3.7585624088816087E-015   7.4864355606624833E-015   6.4306824478153721E-015  -1.2331561064114263E-016  -1.9155838349326228E-016   3.8416578405701876E-016  -5.5241181710738689E-016   1.5917231222843144E-017   6.5767817306379041E-016  -7.1809082851846491E-017   4.7366316903505948E-017   2.7803239286202973E-016  -3.3677070440232818E-016   4.1907410832602958E-009   7.9212259391321590E-009   1.6603608675186997E-008   1.1601939045489233E-009  -2.0231973509661763E-008  -5.3509689872456685E-009  -6.9163746658945335E-015   2.9042461081784696E-016   3.7105443632768838E-015 -0.29793110414713531        3.7551268727198550E-016  -7.6576818540895663E-017   1.0701083545130561E-016  -3.8029993958912268E-016   3.2790664371952623E-018  -1.4555004198392928E-016   6.2668954896014408E-017   4.1888000991346786E-017   2.4473289169771100E-018  -1.0153149152565880E-016 -0.57568303367629803       0.37378270595095120        1.6798751112190109E-015  -1.3358739715929062E-016  -9.6852126950712580E-016 -0.10118752546702639     
   4.2455153516559443E-011   1.1227643654931617E-006  -1.4955373450135539E-012  -3.4323578337093410E-013  -5.6138522107409527E-007  -1.0525207041327208E-012  -5.6137914454719660E-007   3.8597586302632650E-018  -1.2140366817010970E-016  -8.2756419821831575E-016   3.6375670121171622E-009   3.9825498585152727E-004  -6.3069368678025555E-011  -1.1311426085901936E-011  -1.9912752800992873E-004   1.9964116193659498E-011  -1.9912745784144516E-004   6.2931593747920097E-018  -2.8365951629172121E-017  -4.1607623630783123E-016   5.3232682543844074E-009   3.9561398616919105E-003  -3.7801920561636038E-010  -7.3960307621011311E-011  -1.9780701820809768E-003   7.4163172307468515E-011  -1.9780696796086019E-003  -2.6618472754188535E-017  -4.3880150781723521E-019  -2.2799421521489578E-016  -1.7319641226195756E-017  -3.8301600178544330E-018  -7.8787068859188208E-018   8.0000694133677684E-019  -5.9267379649280738E-019  -2.7728011501864525E-018   2.7426412170156589E-018   1.9293360695798941E-018   5.8055038082360845E-018  -7.7229972153281317E-018   2.5860288385508239E-002  -1.7505917321091523E-009  -3.3165085395833877E-010  -1.2930145474459082E-002   5.9820016077591377E-010  -1.2930142911042553E-002  -2.5362691008879661E-015   3.4521501505753934E-015   1.8490124206349269E-015  -2.1163139053598145E-009  -9.0891430672600675E-018   5.5939075201653838E-019  -2.7684523949759571E-018  -3.0848502082561777E-018   3.1538472094053428E-018  -2.5523157057476299E-019   3.7820155463933564E-018  -6.0002332555335908E-019  -2.5183653707566711E-018  -2.2268068046744076E-018  -3.9943345522830508E-009   2.5608818938623076E-009   6.0029218989032333E-016  -8.1610856906817928E-016  -4.2527849651809808E-016  -6.8932381799631617E-010
   8.4308021931181519E-011  -1.8233328206016990E-012   1.1227651470909834E-006   1.3932870139812813E-012   1.6279136853963543E-012  -1.0893603622701996E-012   1.9537586121691088E-013  -1.4934788463396563E-017  -1.9948413861817929E-017   1.8794968182169004E-018   5.5739249189667395E-009  -6.3069368678025555E-011   3.9825485282117345E-004   1.5406582412805893E-011   7.5924945383347949E-011  -4.2658116275046035E-011  -1.2855576502457166E-011   5.5910755944481695E-017   2.1317044451108193E-017   1.1590877346919863E-017   8.0825868783993291E-009  -4.4039674937328800E-010   3.9561390337008893E-003   1.3476843797866200E-010   4.6404368738111250E-010  -2.5616930675757115E-010  -2.3646906803133727E-011   5.8985039903029363E-017  -6.2058743086316032E-017  -1.0925273863422621E-017  -4.9096129242166559E-017   7.4277012160984676E-018  -1.0428138017748140E-017  -1.2818894235398521E-017   1.1095540103276751E-018  -2.7726186693914664E-017   1.1584356338199851E-017   3.5215150470582151E-018   4.2438223485991237E-018   7.7958726426772650E-018  -2.2057559363194811E-009   2.5860284190573207E-002   4.5591437786104959E-010   2.3379198864286351E-009  -1.1577201415819050E-009  -1.3216384163404710E-010   1.5370947431118023E-015  -1.9225401181793460E-015   2.2193743651223793E-017  -3.2510136416693406E-009  -2.2043798341059745E-017   1.3627925909370465E-018   1.3575718581902650E-019  -5.9385980932604570E-018   2.5804032830177340E-018  -1.1197210606637516E-017   6.3844915248772045E-019   1.6892427482252357E-019   5.1855045786899723E-018  -3.3421391531868627E-018  -6.1456841501715369E-009   3.9594620664093403E-009  -3.6594783911415876E-016   4.5608424067136316E-016  -4.9544963490071042E-018  -1.0677159160107413E-009
   3.2556956104649930E-011  -4.7665492628163519E-013   1.7531389907624742E-012   1.1227648861800699E-006   1.9695305307417878E-013  -1.1150551825137992E-012   2.7967244120495025E-013  -2.1336640688988483E-017   1.5235888069506766E-017  -3.0210853860224104E-017   2.7678820720211791E-009  -1.1311426085901936E-011   1.5406582412805893E-011   3.9825500186437023E-004  -2.1661279480066383E-011  -1.1160711635979380E-011   3.2972658612558980E-011   2.7505015290845768E-017  -3.2697249063564200E-017  -1.7230995298667245E-018   3.4585087610304066E-009  -7.8994182744175003E-011   1.3484647551806450E-010   3.9561399786551040E-003  -1.0185665984740490E-010  -1.1193557544451439E-010   1.8085082777736831E-010   5.0806770761431571E-018  -1.4367050901911786E-016   4.8583192352514131E-017  -8.5444233453651456E-018   1.7834890813027110E-017  -7.7556482772694043E-018  -1.2982331141194811E-017   2.2357951286025490E-018  -1.9914368889098089E-017   1.0169975028109641E-017   6.4095012651414981E-018   6.9446702019987206E-018  -1.5421553492235053E-017  -3.7401386465699569E-010   4.6648589267131444E-010   2.5860288879512239E-002  -4.5752666097279788E-010  -4.7995127946063119E-010   8.3154047159362335E-010  -3.5057232856903385E-016  -8.7104078606601763E-015   2.2798761534401902E-015  -1.4553676394906227E-009  -6.1520981019541298E-018   4.5951567071170543E-018  -9.0966552247998116E-018  -1.8554476545402054E-019   6.2673704126132268E-018  -6.3734855223308181E-018   2.3286647801299742E-018  -5.2633391645286936E-018  -4.1874566270323353E-019  -1.6694759298476769E-017  -2.5655128743169406E-009   1.6433415054219968E-009   8.2475595320896552E-017   2.0637937280862310E-015  -5.4036953754578749E-016  -4.4047531499343056E-010
   8.5178525426040801E-011  -5.6138460929687383E-007   1.4822103642453994E-012  -3.9134512491549092E-013   1.1227687773416774E-006   3.2087814539718255E-014  -5.6138416788924588E-007   5.7964612253617679E-017  -8.0640860620668841E-017  -8.6001919732597705E-016   3.9587420266883271E-009  -1.9912752800992873E-004   7.5924945383347949E-011  -2.1661279480066383E-011   3.9825493975120953E-004  -1.5074516775595095E-011  -1.9912741174159726E-004   3.2259570986632423E-019  -1.2969954619296033E-016  -4.4806523256259254E-016   5.9091334893260644E-009  -1.9780701353732683E-003   4.7893917916474949E-010  -1.6154863856385059E-010   3.9561396308355843E-003  -7.1118786281182839E-011  -1.9780694954653262E-003   4.4839145776178174E-018  -4.4895642474441666E-018  -3.1292528544369506E-016   1.1201934609667808E-017   1.8619204624058183E-018   1.5252396276206377E-017   4.2949252596026449E-018  -1.5947139314618272E-018  -3.0554999128604540E-019  -3.1154836614934329E-018   6.7987941385627233E-018  -1.8027064455281674E-019   1.4634948333782521E-017  -1.2930145111315662E-002   2.4515245361878904E-009  -9.1248932300999061E-010   2.5860286896186198E-002  -4.5258333671932083E-010  -1.2930141784878137E-002  -3.2035470631210013E-016  -3.3394270693981835E-016  -4.9411249530171277E-016  -2.3832184257859881E-009   9.0805509614773845E-018   1.3972576605984114E-018   2.5461031163255547E-019   5.3321658934615056E-018  -4.3065083767755812E-019  -2.4389850205275689E-018   5.4980621444263263E-018   4.3451400942410344E-018   1.7456306349430702E-018  -4.1278505102144688E-018  -4.5917913429306410E-009   2.9790781277223228E-009   7.5493041978431968E-017   8.0265438972013097E-017   1.3130683499348242E-016  -8.0612155953727219E-010
  -1.7163883039111196E-010  -1.1805044275159062E-012  -1.4820192909646795E-012  -1.3131128672717060E-012   2.2890647861150975E-013   1.1227692220623133E-006   9.5158698765030662E-013   1.1561343914027366E-017   7.7003458361001533E-017   3.1895706669216870E-017  -1.1660809230919811E-008   1.9964116193659498E-011  -4.2658116275046035E-011  -1.1160711635979380E-011  -1.5074516775595095E-011   3.9825495128674020E-004  -4.8896058106095686E-012   2.6038244647430663E-017  -4.4284418732217197E-017  -4.0465259628728160E-017  -1.6741475445212058E-008   9.0710772950458889E-011  -3.0307819462076382E-010  -7.2785208550135467E-011  -8.0713093498186914E-011   3.9561397095185177E-003  -9.9976670287410286E-012   6.5879278611987680E-017   1.1700438405712257E-018   8.6201015536600940E-017  -8.2552966803868577E-018  -1.4818547177411978E-018  -5.6982153108244600E-018   1.1145188275847755E-018  -7.4583815655711822E-020   1.3475170061219657E-017   8.3947588976780719E-019  -4.4673150385778525E-018  -2.7619539044861612E-018  -1.4246853211086794E-017   7.1370293943967570E-010  -1.5146063232557609E-009  -1.9490333965248476E-010  -5.2068129840343162E-010   2.5860287255566900E-002  -1.9302161395683111E-010   2.9022747247796929E-015  -1.9735517491788470E-015   2.3336362373233532E-015   6.7503903734783624E-009   4.6480601688726575E-018  -4.9940463063281129E-018  -3.7478351850226330E-018   1.0232479211253889E-019   1.8812611519258453E-019  -2.5715342655908339E-018  -1.7985088393048785E-018  -3.1354837619099572E-018   2.4221795878410143E-018  -1.5446815478190332E-019   1.2697848742904371E-008  -8.1756538119046961E-009  -6.8813327507756367E-016   4.6736234366565059E-016  -5.5349308428085870E-016   2.2035772858941150E-009
  -1.2764172878401150E-010  -5.6137975619585273E-007   1.3326978578762043E-014   7.3458077536146796E-013  -5.6138355626848392E-007   1.0204328763719798E-012   1.1227633124369091E-006  -3.2181205907312442E-017  -1.2100565489640128E-016  -8.3431214601094325E-016  -7.5967964972111024E-009  -1.9912745784144516E-004  -1.2855576502457166E-011   3.2972658612558980E-011  -1.9912741174159726E-004  -4.8896058106095686E-012   3.9825486958320548E-004   8.2672591873664357E-018  -4.5579367754894636E-018  -4.0571882652911253E-016  -1.1233154710898601E-008  -1.9780697263171187E-003  -1.0091997147901094E-010   2.3550847978745697E-010  -1.9780694487577508E-003  -3.0444496392220671E-012   3.9561391750755478E-003   5.4941432929691595E-019  -7.2036216010347852E-017  -3.0597505079924019E-016   6.1177059997055133E-018   1.9682397173044121E-018  -7.3736923819068115E-018  -5.0949306810821151E-018   2.1873886492971743E-018   3.0783504492630100E-018   3.7284332741159150E-019  -8.7281325429070684E-018  -5.6252345101233326E-018  -6.9119471482926579E-018  -1.2930143274182619E-002  -7.0093279054772229E-010   1.2441371282607056E-009  -1.2930141421747662E-002  -1.4561723989503605E-010   2.5860284695931279E-002   9.6019478207947625E-016  -1.1646124308841121E-015  -8.5387595139047051E-016   4.4995853970907784E-009   8.5929092445648853E-021  -1.9566479615971658E-018   2.5138410776096224E-018  -2.2473171626583556E-018  -2.7231953673726942E-018   2.6942169906708698E-018  -9.2800770185399316E-018  -3.7451172908764408E-018   7.7273338282603907E-019   6.3546584537718219E-018   8.5861655762488336E-009  -5.5398280854105251E-009  -2.2700489335001305E-016   2.7826499078407715E-016   2.1606185752677238E-016   1.4953943222677137E-009
   1.1344500229780774E-016  -1.9824691787002517E-017   1.4112851172955146E-017   6.9879114743931012E-019  -2.5492082460874348E-017  -1.7970410648627357E-017  -1.6237881218589133E-017   6.8530589701390740E-002   1.0583600756063379E-009   4.8165498382042738E-010   1.5750754238474517E-015   6.2931593747920097E-018   5.5910755944481695E-017   2.7505015290845768E-017   3.2259570986632423E-019   2.6038244647430663E-017   8.2672591873664357E-018   3.4507131687623122E-002   1.5693739932313917E-009   1.1566464127075992E-009   2.5873595531778220E-015   4.2941355183046536E-017   5.0371253932859180E-016   3.0307644962938598E-016  -1.6199409456306091E-016   2.1978472013513168E-016   1.6604017340574327E-016   2.2754047016918036E-002   6.7794441865005456E-010   4.5656961658025359E-010  -2.9541908674398879E-011  -7.8011999666905575E-011   1.1526187202146226E-011  -1.7213436676488297E-011   1.8360512036675699E-011   5.6839098339864232E-011   7.3025015520236276E-011  -5.4731087306324861E-011  -1.9961598730970247E-011   3.2203604017963864E-011   1.9408017267746534E-016   3.3111934629619386E-015   1.9777784561056736E-015  -1.1006419837711432E-015   1.4396239504909048E-015   9.8927991440581201E-016  -2.9179802584384313E-002  -3.3563745875031233E-010   1.9999128036602842E-010   5.8758924864169037E-016   3.7126738076912099E-013  -3.7647774028275665E-011  -1.4156249697988816E-011  -2.8714423162585643E-011   2.0551145965815626E-011   2.8213024656524822E-011   3.3218336109169053E-011  -1.5075214200869048E-011  -6.9194308859105582E-012   2.1788143881427195E-011   1.6776183706983596E-015  -2.1240623409097890E-015   5.8044187408363961E-003   4.4563864056344345E-011  -7.0863602341767144E-011   6.7619263195264331E-016
  -5.0018021746934603E-017  -1.5480326671658403E-017   4.7873810317754957E-018   4.5287474994870327E-018  -5.2670869549783188E-018  -1.0147677032102592E-017  -3.4896945559801964E-017   4.4193885285696590E-010   6.8530590999833302E-002  -1.5865137890659645E-009  -7.2843950527842411E-015  -2.8365951629172121E-017   2.1317044451108193E-017  -3.2697249063564200E-017  -1.2969954619296033E-016  -4.4284418732217197E-017  -4.5579367754894636E-018   1.5693739932313917E-009   3.4507134260715472E-002  -3.0598753902693763E-009  -1.1583002585227669E-014   2.8677012535120995E-016   2.0345596792780012E-016  -3.4606416720206443E-016  -7.0283811261643798E-016  -5.1263703227205019E-016   4.5201408402969051E-016   5.4964397138448164E-010   2.2754047879757974E-002  -1.2446567493283065E-009  -1.4326759340389721E-010  -9.4463543412373626E-011   8.2952479429028248E-011   1.2009412153124327E-010  -4.0684253550345952E-012   7.2120827970067635E-011  -5.6291927284098976E-011   1.9115754344068987E-011   1.6997691628555748E-010  -7.6076782730962693E-011   1.7657170660704655E-015   1.3292879391186388E-015  -2.2461328224583572E-015  -4.7234263691740597E-015  -3.3292523106669983E-015   2.8589346248832747E-015  -2.0328301266537871E-010  -2.9179804508473885E-002   3.1093655085608964E-010  -2.2447257233976959E-016  -3.6789318135547583E-011  -4.3532802825651756E-011   1.3942146472616952E-011   4.1435838786721311E-011  -2.4300784903145791E-011   7.9225528237877293E-012   2.9805882071747612E-012   1.2903841382322625E-011   3.9529941330234059E-011  -2.0009649465012501E-011  -1.9604403430140919E-015   4.3599019535416172E-015   1.8323021051595055E-011   5.8044191464539435E-003  -9.0705237897227973E-012  -1.4821027201817948E-015
   3.9943472321914177E-016  -1.7002187008342629E-016  -7.0163858289362582E-018   2.2021250530697242E-017  -1.3534464964350503E-016   1.0582734455317514E-017  -1.6104116581261031E-016   6.1138818027384440E-010  -1.3191034044607234E-009   6.8530588515920796E-002  -5.6964748249336544E-015  -4.1607623630783123E-016   1.1590877346919863E-017  -1.7230995298667245E-018  -4.4806523256259254E-016  -4.0465259628728160E-017  -4.0571882652911253E-016   1.1566464127075992E-009  -3.0598753902693763E-009   3.4507129150244766E-002  -1.1138383752935954E-014  -2.2663784924517022E-016   7.2888362409318133E-017   1.2673142184598770E-016  -3.5991254499037205E-016  -3.8684345057904768E-016  -3.7510690194920002E-017   4.8299049141458443E-010  -1.1909156734647556E-009   2.2754045973894084E-002   2.2730959727130358E-011   4.2690575864665439E-012   7.2869833578653542E-011  -2.8711035137881641E-011  -3.3781471448091920E-011  -1.7858866481126748E-012  -1.9510069468529458E-011   6.1767455101066564E-011   2.1907173339280841E-011  -1.0035613340777445E-010  -3.4362861661942196E-016   4.9127335881407422E-016   7.9090590931563419E-016  -1.2639161588805840E-015  -2.5274825834547352E-015   8.7735953189734370E-016   1.7302986200906244E-010   2.5206760238267059E-010  -2.9179802334645857E-002   2.0201185958153134E-015   8.0553882793278270E-012   2.5504409337585053E-012   2.0103185368123064E-011  -1.3036820006487333E-011  -1.4591846004877255E-011   2.2292201814632692E-012  -1.6248902562347183E-011   2.0456197847598298E-011   1.9250097360642287E-011  -3.0231871562002996E-011   2.0777030122007338E-015   1.4182365711916279E-016  -6.5537014764862954E-011   2.7094696760372986E-012   5.8044187352678106E-003  -1.9127688278300614E-016
   1.1593439024943615E-002  -4.1242816312183115E-009   4.2196336755499322E-009   8.6842350497928759E-010   1.4578609941010507E-008  -7.3565642095873990E-009  -1.0454466882093835E-008   3.4416893275751215E-015   6.6791841703551624E-016   3.6382382609165192E-015  0.74198091728635429        5.3232682543844074E-009   8.0825868783993291E-009   3.4585087610304066E-009   5.9091334893260644E-009  -1.6741475445212058E-008  -1.1233154710898601E-008   2.5873595531778220E-015  -1.1583002585227669E-014  -1.1138383752935954E-014   1.1301932350825687        5.8618171985686378E-010  -1.0534630461987603E-009   1.1687505662579714E-010  -2.1052532425944407E-009   1.3474929640420357E-009   1.5188066629846319E-009  -5.2824665965680139E-015   1.1073491982680079E-014   7.9810324766014576E-015  -2.0304875456394017E-016  -2.8419093415213242E-016   5.7247388496330357E-016  -8.2188064203649860E-016   2.4159903395153062E-017   1.0045203181360189E-015  -1.0952671385526722E-016   6.4693928551948228E-017   4.1571133516186396E-016  -4.9823380998487706E-016  -7.6965818127025247E-009  -1.4258677520593406E-008  -2.3977532896821148E-008  -5.8426222258876332E-009   3.5189610171799511E-008   1.3539171062224004E-008   1.1635067857545850E-014  -1.3784053326984964E-014  -1.2324209977754147E-014 -0.43655798499361237        5.4576967228018297E-016  -1.1212816881037320E-016   1.5702496239299906E-016  -5.5959540630268674E-016   4.9609791850894253E-018  -2.0619536585630639E-016   9.1752306786264725E-017   5.9219375566538695E-017   3.9085823314719557E-018  -1.4817177205047119E-016 -0.83919679097180355       0.53396304679892248       -2.6937508948546392E-015   3.1698931048112904E-015   2.8550778432625084E-015 -0.14348862482792352     
  -1.1464721475489813E-010   1.1153188332829329E-005  -1.4331694867637306E-011  -3.3155584022424066E-012  -5.5766239428503083E-006  -1.0758439034461754E-011  -5.5765643912518189E-006  -1.7144299987858243E-018  -7.5226087091221825E-017  -4.6171232446432286E-016   1.8025203591964367E-009   3.9561398616919105E-003  -4.4039674937328800E-010  -7.8994182744175003E-011  -1.9780701353732683E-003   9.0710772950458889E-011  -1.9780697263171187E-003   4.2941355183046536E-017   2.8677012535120995E-016  -2.2663784924517022E-016   5.8618171985686378E-010   3.9299050008889440E-002  -1.9063167770766509E-009  -4.0321007057252386E-010  -1.9649526069801238E-002  -3.3222305804780371E-010  -1.9649523939065036E-002   1.5676983313683687E-016  -2.2775683797564019E-016   3.9164513114767123E-017  -1.7204787496580716E-016  -3.8047585450687674E-017  -7.8264618827936211E-017   7.9470347076022829E-018  -5.8874330122251223E-018  -2.7544196245324193E-017   2.7244544158344734E-017   1.9165426163098666E-017   5.7670036356234963E-017  -7.6717798643838656E-017  0.25688797717878553       -5.3046411266580864E-009  -1.1276584670202537E-009 -0.12844399197171957       -1.0450381002990634E-009 -0.12844398520700032        8.6641727401941176E-016  -2.0842476034966642E-015  -1.2541413902365820E-015  -7.9471743381708475E-010  -9.0288742382295113E-017   5.5568137636539090E-018  -2.7500929676884859E-017  -3.0643882420740181E-017   3.1329319725266243E-017  -2.5353897520633813E-018   3.7569354584565280E-017  -5.9604406375233586E-018  -2.5016642458015342E-017  -2.2120409909367591E-017  -7.8642532649768815E-010   6.7381221744209051E-010  -2.1001003305516634E-016   4.9233441237978297E-016   2.9826922150129840E-016  -1.9064322632932791E-010
   3.6383888051823483E-012  -1.7411567136228696E-011   1.1153197487738036E-005   1.3789111725348261E-011   1.5394074102644358E-011  -1.0480631688132109E-011   2.0170631731575902E-012  -2.5022390150729698E-016  -2.1562105580177599E-016  -6.5223095502691061E-017   1.9551959742270394E-009  -3.7801920561636038E-010   3.9561390337008893E-003   1.3484647551806450E-010   4.7893917916474949E-010  -3.0307819462076382E-010  -1.0091997147901094E-010   5.0371253932859180E-016   2.0345596792780012E-016   7.2888362409318133E-017  -1.0534630461987603E-009  -1.9063167770766509E-009   3.9299046686072550E-002   1.1579797935789000E-009   1.8751691333339679E-009  -1.3459784338305646E-009   3.1147953742391994E-011   2.6456399028819276E-016  -2.6548143689405303E-016  -1.4361180347861901E-016  -4.8770558303817106E-016   7.3784473856578999E-017  -1.0358991046991206E-016  -1.2733881342232282E-016   1.1021956859937307E-017  -2.7542333082856702E-016   1.1507537883621469E-016   3.4981619712983074E-017   4.2156776503990795E-017   7.7441778850934501E-017  -5.7756750992506246E-009  0.25688796755197235        3.3472798418636765E-009   5.3494558974686555E-009  -3.6646536094028425E-009   4.2622027935518201E-010  -1.9239354130576500E-015   2.2959316991325385E-015  -1.7708003866597271E-016  -4.6347293232085340E-010  -2.1897622788638962E-016   1.3537565555150095E-017   1.3485522050751005E-018  -5.8992155148535463E-017   2.5632923398265387E-017  -1.1122956493250421E-016   6.3421446597440430E-018   1.6780358812188263E-018   5.1511174039569634E-017  -3.3199750290720744E-017   2.4733664992249345E-010   5.8813239980378330E-011   4.3940733542137997E-016  -5.3727214328764799E-016   4.6317902259961584E-017  -2.5750427182481351E-011
