 2.5743999678981411E-001  0.0000000000000000E+000  0.0000000000000000E+000  0.0000000000000000E+000  5.3709493542161457E-001  0.0000000000000000E+000  0.0000000000000000E+000  0.0000000000000000E+000  0.0000000000000000E+000  0.0000000000000000E+000  0.0000000000000000E+000  0.0000000000000000E+000  0.0000000000000000E+000  0.0000000000000000E+000  0.0000000000000000E+000  0.0000000000000000E+000  0.0000000000000000E+000  3.0973336829831677E-001  5.6374098901095571E-002
 0.0000000000000000E+000  1.8633219195587825E-001  0.0000000000000000E+000  0.0000000000000000E+000  0.0000000000000000E+000  9.1814008131434033E-002  0.0000000000000000E+000  0.0000000000000000E+000  0.0000000000000000E+000  0.0000000000000000E+000  0.0000000000000000E+000  0.0000000000000000E+000  0.0000000000000000E+000  0.0000000000000000E+000 -6.0860623324552950E-002  0.0000000000000000E+000  0.0000000000000000E+000  0.0000000000000000E+000  0.0000000000000000E+000
 0.0000000000000000E+000  0.0000000000000000E+000  1.8633219195587825E-001  0.0000000000000000E+000  0.0000000000000000E+000  0.0000000000000000E+000  9.1814008131434033E-002  0.0000000000000000E+000  0.0000000000000000E+000  0.0000000000000000E+000  0.0000000000000000E+000  0.0000000000000000E+000  0.0000000000000000E+000  0.0000000000000000E+000  0.0000000000000000E+000 -6.0860623324552950E-002  0.0000000000000000E+000  0.0000000000000000E+000  0.0000000000000000E+000
 0.0000000000000000E+000  0.0000000000000000E+000  0.0000000000000000E+000  1.8633219195587825E-001  0.0000000000000000E+000  0.0000000000000000E+000  0.0000000000000000E+000  9.1814008131434033E-002  0.0000000000000000E+000  0.0000000000000000E+000  0.0000000000000000E+000  0.0000000000000000E+000  0.0000000000000000E+000  0.0000000000000000E+000  0.0000000000000000E+000  0.0000000000000000E+000 -6.0860623324552950E-002  0.0000000000000000E+000  0.0000000000000000E+000
 5.3709493542161457E-001  0.0000000000000000E+000  0.0000000000000000E+000  0.0000000000000000E+000  1.1255345761946982E+000  0.0000000000000000E+000  0.0000000000000000E+000  0.0000000000000000E+000  0.0000000000000000E+000  0.0000000000000000E+000  0.0000000000000000E+000  0.0000000000000000E+000  0.0000000000000000E+000  0.0000000000000000E+000  0.0000000000000000E+000  0.0000000000000000E+000  0.0000000000000000E+000  5.6675467188942408E-001  7.0511800262505947E-002
 0.0000000000000000E+000  9.1814008131434033E-002  0.0000000000000000E+000  0.0000000000000000E+000  0.0000000000000000E+000  4.8763185359344659E-002  0.0000000000000000E+000  0.0000000000000000E+000  0.0000000000000000E+000  0.0000000000000000E+000  0.0000000000000000E+000  0.0000000000000000E+000  0.0000000000000000E+000  0.0000000000000000E+000  5.2720036284765827E-002  0.0000000000000000E+000  0.0000000000000000E+000  0.0000000000000000E+000  0.0000000000000000E+000
 0.0000000000000000E+000  0.0000000000000000E+000  9.1814008131434033E-002  0.0000000000000000E+000  0.0000000000000000E+000  0.0000000000000000E+000  4.8763185359344659E-002  0.0000000000000000E+000  0.0000000000000000E+000  0.0000000000000000E+000  0.0000000000000000E+000  0.0000000000000000E+000  0.0000000000000000E+000  0.0000000000000000E+000  0.0000000000000000E+000  5.2720036284765827E-002  0.0000000000000000E+000  0.0000000000000000E+000  0.0000000000000000E+000
 0.0000000000000000E+000  0.0000000000000000E+000  0.0000000000000000E+000  9.1814008131434033E-002  0.0000000000000000E+000  0.0000000000000000E+000  0.0000000000000000E+000  4.8763185359344659E-002  0.0000000000000000E+000  0.0000000000000000E+000  0.0000000000000000E+000  0.0000000000000000E+000  0.0000000000000000E+000  0.0000000000000000E+000  0.0000000000000000E+000  0.0000000000000000E+000  5.2720036284765827E-002  0.0000000000000000E+000  0.0000000000000000E+000
 0.0000000000000000E+000  0.0000000000000000E+000  0.0000000000000000E+000  0.0000000000000000E+000  0.0000000000000000E+000  0.0000000000000000E+000  0.0000000000000000E+000  0.0000000000000000E+000  8.0018176042153148E-004  0.0000000000000000E+000  0.0000000000000000E+000 -4.0009088021076574E-004  0.0000000000000000E+000 -4.0009088021076568E-004  0.0000000000000000E+000  0.0000000000000000E+000  0.0000000000000000E+000  0.0000000000000000E+000  0.0000000000000000E+000
 0.0000000000000000E+000  0.0000000000000000E+000  0.0000000000000000E+000  0.0000000000000000E+000  0.0000000000000000E+000  0.0000000000000000E+000  0.0000000000000000E+000  0.0000000000000000E+000  0.0000000000000000E+000  8.0018176042153137E-004  0.0000000000000000E+000  0.0000000000000000E+000  0.0000000000000000E+000  0.0000000000000000E+000  0.0000000000000000E+000  0.0000000000000000E+000  0.0000000000000000E+000  0.0000000000000000E+000  0.0000000000000000E+000
 0.0000000000000000E+000  0.0000000000000000E+000  0.0000000000000000E+000  0.0000000000000000E+000  0.0000000000000000E+000  0.0000000000000000E+000  0.0000000000000000E+000  0.0000000000000000E+000  0.0000000000000000E+000  0.0000000000000000E+000  8.0018176042153137E-004  0.0000000000000000E+000  0.0000000000000000E+000  0.0000000000000000E+000  0.0000000000000000E+000  0.0000000000000000E+000  0.0000000000000000E+000  0.0000000000000000E+000  0.0000000000000000E+000
 0.0000000000000000E+000  0.0000000000000000E+000  0.0000000000000000E+000  0.0000000000000000E+000  0.0000000000000000E+000  0.0000000000000000E+000  0.0000000000000000E+000  0.0000000000000000E+000 -4.0009088021076574E-004  0.0000000000000000E+000  0.0000000000000000E+000  8.0018176042153148E-004  0.0000000000000000E+000 -4.0009088021076568E-004  0.0000000000000000E+000  0.0000000000000000E+000  0.0000000000000000E+000  0.0000000000000000E+000  0.0000000000000000E+000
 0.0000000000000000E+000  0.0000000000000000E+000  0.0000000000000000E+000  0.0000000000000000E+000  0.0000000000000000E+000  0.0000000000000000E+000  0.0000000000000000E+000  0.0000000000000000E+000  0.0000000000000000E+000  0.0000000000000000E+000  0.0000000000000000E+000  0.0000000000000000E+000  8.0018176042153137E-004  0.0000000000000000E+000  0.0000000000000000E+000  0.0000000000000000E+000  0.0000000000000000E+000  0.0000000000000000E+000  0.0000000000000000E+000
 0.0000000000000000E+000  0.0000000000000000E+000  0.0000000000000000E+000  0.0000000000000000E+000  0.0000000000000000E+000  0.0000000000000000E+000  0.0000000000000000E+000  0.0000000000000000E+000 -4.0009088021076568E-004  0.0000000000000000E+000  0.0000000000000000E+000 -4.0009088021076568E-004  0.0000000000000000E+000  8.0018176042153137E-004  0.0000000000000000E+000  0.0000000000000000E+000  0.0000000000000000E+000  0.0000000000000000E+000  0.0000000000000000E+000
 0.0000000000000000E+000 -6.0860623324552950E-002  0.0000000000000000E+000  0.0000000000000000E+000  0.0000000000000000E+000  5.2720036284765827E-002  0.0000000000000000E+000  0.0000000000000000E+000  0.0000000000000000E+000  0.0000000000000000E+000  0.0000000000000000E+000  0.0000000000000000E+000  0.0000000000000000E+000  0.0000000000000000E+000  1.9651116231013528E+000  0.0000000000000000E+000  0.0000000000000000E+000  0.0000000000000000E+000  0.0000000000000000E+000
 0.0000000000000000E+000  0.0000000000000000E+000 -6.0860623324552950E-002  0.0000000000000000E+000  0.0000000000000000E+000  0.0000000000000000E+000  5.2720036284765827E-002  0.0000000000000000E+000  0.0000000000000000E+000  0.0000000000000000E+000  0.0000000000000000E+000  0.0000000000000000E+000  0.0000000000000000E+000  0.0000000000000000E+000  0.0000000000000000E+000  1.9651116231013528E+000  0.0000000000000000E+000  0.0000000000000000E+000  0.0000000000000000E+000
 0.0000000000000000E+000  0.0000000000000000E+000  0.0000000000000000E+000 -6.0860623324552950E-002  0.0000000000000000E+000  0.0000000000000000E+000  0.0000000000000000E+000  5.2720036284765827E-002  0.0000000000000000E+000  0.0000000000000000E+000  0.0000000000000000E+000  0.0000000000000000E+000  0.0000000000000000E+000  0.0000000000000000E+000  0.0000000000000000E+000  0.0000000000000000E+000  1.9651116231013528E+000  0.0000000000000000E+000  0.0000000000000000E+000
 3.0973336829831677E-001  0.0000000000000000E+000  0.0000000000000000E+000  0.0000000000000000E+000  5.6675467188942408E-001  0.0000000000000000E+000  0.0000000000000000E+000  0.0000000000000000E+000  0.0000000000000000E+000  0.0000000000000000E+000  0.0000000000000000E+000  0.0000000000000000E+000  0.0000000000000000E+000  0.0000000000000000E+000  0.0000000000000000E+000  0.0000000000000000E+000  0.0000000000000000E+000  2.4504996754260819E+000  6.0603069975279711E-001
 5.6374098901095571E-002  0.0000000000000000E+000  0.0000000000000000E+000  0.0000000000000000E+000  7.0511800262505947E-002  0.0000000000000000E+000  0.0000000000000000E+000  0.0000000000000000E+000  0.0000000000000000E+000  0.0000000000000000E+000  0.0000000000000000E+000  0.0000000000000000E+000  0.0000000000000000E+000  0.0000000000000000E+000  0.0000000000000000E+000  0.0000000000000000E+000  0.0000000000000000E+000  6.0603069975279711E-001  2.1540687386098938E+000
