  0.18277856458922415        2.4176691243348696E-002  -4.1372504116597250E-002   1.8140558390414093E-009  -2.7029675300135392E-011  -1.0735478757442626E-010   1.8371154569265678E-010   1.1055576676089276E-011  -5.0398870950049348E-012   1.5974063897621630E-011   2.0787761851214686E-009   9.2772682202422171E-002   2.5057457196692303E-002  -4.2879719999179083E-002   2.5079756893841313E-003   2.3253024560415474E-004  -3.9791874110161392E-004  -2.8192988066609077E-004   2.8700680344214595E-003  -3.0828725957650770E-003   1.0727486202064215E-003   1.2487692869165689E-004  -1.6717735481389829E-003   2.0351335107705306E-004   4.5877666881803375E-012  -2.8332100331433714E-011   4.8483478554787343E-011   5.5309505883178465E-012   1.6036157765821830E-011  -1.0118977193143521E-011   2.5887870166256908E-003   7.3779053123354120E-004  -1.2625483563284922E-003  -1.1803767080223700E-009  -2.2301330772434555E-002  -4.6671992152324988E-003   7.9867719201789783E-003   2.8988900679220284E-010  -2.3803193409380103E-002  -5.0056018466631729E-003   8.5658653999680975E-003   2.0456464146009698E-010
   2.4176691243348696E-002  0.30501165278757975      -0.21705792628495152        9.5173149948465519E-009   4.5107000617826925E-011  -1.7624312933445889E-011  -5.0398745303317483E-012  -1.2891391492706895E-010   1.5823072187089941E-010   8.3806867735701791E-011   1.0906153164900701E-008   2.5057457196691883E-002  0.21945876776810475      -0.22496542816143630        1.6682592749727725E-003   4.7882382881861219E-003  -6.5179038223646480E-003  -5.6643113762259458E-004   2.1257898111405006E-003  -1.6717735481381424E-003   5.0287876420029862E-003   5.0854092016917544E-003  -1.1535064895390017E-002   1.0677184497123802E-003   7.0048491754610540E-011  -1.4430792259240891E-011   1.6036142145285459E-011  -1.6960964714899268E-011   1.2955947466302355E-010  -5.3088346243517413E-011   7.3779053123481666E-004   6.3189258585492590E-003  -6.6238709478839671E-003  -6.1927588706729257E-009  -4.6671992152330080E-003  -4.5897867104584558E-002   4.1902035850168606E-002   1.5208800230447537E-009  -5.0056018466631963E-003  -4.9110633780380900E-002   4.4940208968573932E-002   1.0732347643251319E-009
  -4.1372504116597250E-002 -0.21705792628495152       0.54961199080343215       -1.6286561489077096E-008  -7.7189613158005918E-011  -5.0398762225099270E-012  -1.1944926146148128E-011  -9.9256801315495574E-011  -6.2668066570042107E-011   1.7644654756788743E-010  -1.8663219572116010E-008  -4.2879719999187313E-002 -0.22496542816148341       0.47296998807673474       -2.8548184293147381E-003  -6.5179038223507641E-003   1.2133196868579218E-002   1.2487692869318621E-004  -3.0883744940139483E-003   3.7052639141278145E-003  -9.6311190221745457E-003  -1.3891635998959664E-003   1.9439405922173754E-002  -8.0081295803648683E-003  -1.1987039742884826E-010   1.6036152317546031E-011  -3.2501748646672036E-011  -4.9656679097588864E-011  -1.7051828661079759E-010   1.6952992098756172E-010  -1.2625483563264896E-003  -6.6238709478619474E-003   1.3783297699565801E-002   1.0597397902345873E-008   7.9867719201784683E-003   4.1902035850161598E-002  -9.3116839053347972E-002  -2.6026164879307669E-009   8.5658653999681113E-003   4.4940208968574077E-002  -9.9753291675243022E-002  -1.8365745707110584E-009
   1.8140558390414093E-009   9.5173149948465519E-009  -1.6286561489077096E-008   9.8880161929374849E-002  -1.2311755337307410E-003   2.1083345965118279E-004  -3.6078998939667692E-004  -3.0804718717049220E-004  -1.8928592454092777E-003   1.5392227209120749E-003  0.10728006308146867        1.6209909246475339E-009   8.5044146823600685E-009  -1.4553229562158304E-008   9.8690303351426505E-011   2.2437200828191741E-010  -3.8395786264482591E-010  -1.1703432964923442E-011   1.1168998760629983E-010  -1.2070336280284183E-010   3.0476868663683472E-010   1.0507358935728381E-010  -6.3326186973255720E-010   2.0786806534705282E-010  -3.0781217077641204E-005   5.2711496538022256E-006  -9.0202856361326342E-006  -7.7016372406081862E-006  -4.7324292702620614E-005   3.8482854311641790E-005   4.9504734288708745E-011   2.5972066820279388E-010  -4.4444867049116234E-010  -6.4274428628017147E-002  -3.1042873686582156E-010  -1.6286472378144038E-009   2.7870310619500810E-009   1.6141809380523682E-002  -3.3198001765716023E-010  -1.7417162549008728E-009   2.9805209485679906E-009   1.0193444763615818E-002
  -2.7029675300135392E-011   4.5107000617826925E-011  -7.7189613158005918E-011  -1.2311755337307410E-003   1.5712356252308599E-005  -2.6906727247136952E-006   4.6044294175389160E-006   3.9313217447447758E-006   2.4156814348969606E-005  -1.9643677997163723E-005  -1.3432124892141148E-003  -9.9676775688150316E-012   3.9665334418796069E-011  -6.7877543980463590E-011   8.8706612588011983E-015   1.1106050261321790E-012  -1.9005295821118876E-012  -4.1394941097012519E-015   3.7125437828981206E-015  -7.7631786278170897E-015   1.3576499946847712E-012   5.1691080476650350E-013  -2.9320857762460255E-012   1.0312887257629019E-012  -2.1605774294558714E-007   3.6998949532523314E-008  -6.3314668514187282E-008  -5.4058887720044082E-008  -3.3217594498277342E-007   2.7011663080988160E-007   7.8713865245973216E-013  -1.5810200713733030E-012   2.7052883568591088E-012   1.7254416427577620E-004   4.9759083060616468E-012  -1.3803260677543544E-011   2.3620404431620222E-011   1.0020300256168685E-004   5.8803974040526583E-012  -1.6308720983572828E-011   2.7907723937867952E-011   9.2117890035544003E-005
  -1.0735478757442626E-010  -1.7624312933445889E-011  -5.0398762225099270E-012   2.1083345965118279E-004  -2.6906727247136952E-006   4.6076601085566945E-007  -7.8848852760851349E-007  -6.7322176386526039E-007  -4.1367494754451841E-006   3.3638944885978524E-006   2.3001930138224014E-004  -5.3387308119680148E-011  -1.1663144742702079E-011   2.6409528462482407E-012  -1.3739140339929356E-012   6.4786943006511708E-014  -3.0378710879327191E-013   1.9600592412759192E-013  -1.6014254714259369E-012   1.6472934262114637E-012  -1.9929014664105860E-013  -3.0657191022917548E-013   2.0258921313308753E-013   4.5493472179598240E-013   3.6998949523103196E-008  -6.3359093152366955E-009   1.0842361826450471E-008   9.2573495897945107E-009   5.6883686988715004E-008  -4.6256299137599960E-008   3.2866287144588741E-012   5.7325617784405539E-013   9.4544753938240354E-014  -2.9547438284341918E-005   2.3057989566511898E-011   4.4776178496590667E-012  -1.4655740343611780E-013  -1.7159328720549373E-005   2.7247192600535794E-011   5.2907375910547497E-012  -1.7248524622810234E-013  -1.5774788337120720E-005
   1.8371154569265678E-010  -5.0398745303317483E-012  -1.1944926146148128E-011  -3.6078998939667692E-004   4.6044294175389160E-006  -7.8848852760851349E-007   1.3493055987695067E-006   1.1520546759913292E-006   7.0790367043822419E-006  -5.7564840935625820E-006  -3.9362187313167339E-004   9.1359368670003997E-011   2.6409532896616724E-012  -1.4639209202582755E-011   2.3511190351843204E-012  -3.0378722827922483E-013   4.0712163410252529E-013  -2.3821578765801483E-013   2.6772097365776301E-012  -2.9161418234435538E-012   4.5908827363157905E-013  -3.1719085790498350E-013  -3.1214495235508231E-013  -6.7030390571271016E-014  -6.3314668498346430E-008   1.0842361826498309E-008  -1.8554055010458034E-008  -1.5841693561727374E-008  -9.7342541641769524E-008   7.9156362102345655E-008  -5.6241047414308218E-012   9.4528860923669363E-014   4.6666347971909956E-013   5.0563226363094769E-005  -3.9457792141586635E-011  -1.4658900159255806E-013   4.6426614063670139E-012   2.9364001508124069E-005  -4.6626481350166649E-011  -1.7252657484252702E-013   5.4849625345215067E-012   2.6994698690102464E-005
   1.1055576676089276E-011  -1.2891391492706895E-010  -9.9256801315495574E-011  -3.0804718717049220E-004   3.9313217447447758E-006  -6.7322176386526039E-007   1.1520546759913292E-006   9.8363927169959737E-007   6.0441736432695647E-006  -4.9149610164719824E-006  -3.3607947667790297E-004   6.2725058519985349E-012  -5.9051791208146726E-011  -5.6314415412119598E-011   2.2059228077337239E-013  -5.3972470498531691E-013  -8.2947406743453698E-013   3.5938897467954618E-013   9.2957528301918178E-016  -6.5534493399432772E-013   8.0989375009457267E-013  -3.2265883107828362E-012  -5.4686231915938017E-013   3.0232104442712256E-012  -5.4058887763370400E-008   9.2573495995709186E-009  -1.5841693578387420E-008  -1.3525844082333781E-008  -8.3112328596537679E-008   6.7584731881796446E-008  -3.4732420172566439E-013   3.8878633686709429E-012   3.1193062142170139E-012   4.3171540529211746E-005  -2.5592272878720550E-012   2.6480895880166683E-011   2.2978889036523009E-011   2.5071366549014771E-005  -3.0240451475676042E-012   3.1292636266267622E-011   2.7152734780939128E-011   2.3048424971444069E-005
  -5.0398870950049348E-012   1.5823072187089941E-010  -6.2668066570042107E-011  -1.8928592454092777E-003   2.4156814348969606E-005  -4.1367494754451841E-006   7.0790367043822419E-006   6.0441736432695647E-006   3.7139667031470489E-005  -3.0200987992408821E-005  -2.0651094089348667E-003   2.6409446702238686E-012   1.0471146919906071E-010  -7.6803439318052171E-011   4.6116241396240908E-013   2.0937903182554681E-012  -2.4424386362429624E-012  -3.0657200218825837E-013   6.8159381721554544E-013  -3.1214450287635498E-013   1.7892208329670575E-012   2.9142564413044974E-012  -4.4942852592630116E-012  -3.5167195357460505E-013  -3.3217594489310673E-007   5.6883686987842825E-008  -9.7342541639847526E-008  -8.3112328507490932E-008  -5.1070078253663213E-007   4.1528827362237397E-007   9.4599238316988388E-014  -5.1462910089308478E-012   2.4484521953509733E-012   2.6527640265323318E-004  -1.4643579674867424E-013  -4.0199129263830015E-011   2.4357655026470888E-011   1.5405616388955955E-004  -1.7232496373912126E-013  -4.7499028012230013E-011   2.8776821601215849E-011   1.4162578368124521E-004
   1.5974063897621630E-011   8.3806867735701791E-011   1.7644654756788743E-010   1.5392227209120749E-003  -1.9643677997163723E-005   3.3638944885978524E-006  -5.7564840935625820E-006  -4.9149610164719824E-006  -3.0200987992408821E-005   2.4558639013773663E-005   1.6792919659032895E-003   3.6951512579941141E-012   1.9386406359953634E-011   1.2419204363618914E-010  -2.2946378250131427E-013  -5.7088153115211537E-013   2.7300057717588620E-012  -3.5524939414248426E-013  -4.6430668137520636E-015   6.6310915380246315E-013  -2.1675455264974112E-012   2.7096770249156992E-012   3.4789516958362878E-012  -4.0545003932466454E-012   2.7011663066703743E-007  -4.6256299124915602E-008   7.9156362080290267E-008   6.7584731791889219E-008   4.1528827351486156E-007  -3.3770136263926935E-007  -4.3976214179499256E-013  -2.3068012155320638E-012  -5.8253267853463019E-012  -2.1571570485235010E-004  -2.4165605098804671E-012  -1.2677512822586198E-011  -4.6600902084447266E-011  -1.2527436908944378E-004  -2.8561928598052582E-012  -1.4983752440071845E-011  -5.5062595476574055E-011  -1.1516631499739177E-004
   2.0787761851214686E-009   1.0906153164900701E-008  -1.8663219572116010E-008  0.10728006308146867       -1.3432124892141148E-003   2.3001930138224014E-004  -3.9362187313167339E-004  -3.3607947667790297E-004  -2.0651094089348667E-003   1.6792919659032895E-003  0.11654695469824182        1.8574783246336669E-009   9.7451301850015718E-009  -1.6676411438410594E-008   1.1305461248306201E-010   2.5702921239200759E-010  -4.3984270111232619E-010  -1.3406869778283760E-011   1.2794639186902654E-010  -1.3827166514513673E-010   3.4912757356596450E-010   1.2036697534919438E-010  -7.2543275898626714E-010   2.3812314461936788E-010  -2.1769162044809701E-005   3.7278743943516838E-006  -6.3793468334598601E-006  -5.4467693302631956E-006  -3.3468793447924183E-005   2.7215931366669649E-005   5.2446546346264467E-011   2.7516167034998384E-010  -4.7086963595814675E-010  -5.7599076529723681E-002  -3.6481179151355065E-010  -1.9139495274292097E-009   3.2752617560375982E-009   1.1584033769793011E-002  -3.9254391799942260E-010  -2.0594410536176512E-009   3.5242365688474914E-009   1.0921483366428139E-002
   9.2772682202422171E-002   2.5057457196691883E-002  -4.2879719999187313E-002   1.6209909246475339E-009  -9.9676775688150316E-012  -5.3387308119680148E-011   9.1359368670003997E-011   6.2725058519985349E-012   2.6409446702238686E-012   3.6951512579941141E-012   1.8574783246336669E-009   4.8197090911333722E-002   2.4107452176760372E-002  -4.1254018359434159E-002   1.3768238374692271E-003   4.2222746885724779E-004  -7.2253922249626578E-004  -1.5560738801141861E-004   1.5738953622814475E-003  -1.6915956281643558E-003   9.4827427908515064E-004   2.0564286953600748E-004  -1.6944709184710271E-003   3.8527179417463710E-004   7.4791262858155983E-012  -1.5353171384265334E-011   2.6273199732356965E-011   4.1104263374200642E-012   1.6087682031213336E-011  -1.1589787767622938E-011   4.6287497552379500E-003   6.8919568265171562E-004  -1.1793901378287356E-003  -1.0545727089491432E-009  -4.5255865330512072E-003  -4.6159796102398466E-003   7.8991220719409391E-003   2.5893753130045923E-010  -3.0190972698288833E-003  -4.9547470700110063E-003   8.4788398663593386E-003   1.8274276141145154E-010
   2.5057457196692303E-002  0.21945876776810475      -0.22496542816148341        8.5044146823600685E-009   3.9665334418796069E-011  -1.1663144742702079E-011   2.6409532896616724E-012  -5.9051791208146726E-011   1.0471146919906071E-010   1.9386406359953634E-011   9.7451301850015718E-009   2.4107452176760372E-002  0.17008011859695429      -0.21643629911267473        1.5346595127325841E-003   3.9819126992663633E-003  -5.9842532261066223E-003  -3.6449087720237446E-004   1.8545396605381857E-003  -1.6944709184702304E-003   4.6783231354790584E-003   3.2723929490103051E-003  -1.0258541830285642E-002   2.0213013083266720E-003   6.2727572549488229E-011  -1.1985954373671183E-011   1.6087668790174133E-011  -1.9236028716053166E-012   1.0760971356070292E-010  -6.0804951925885278E-011   6.8919568265235509E-004   8.1132016107673226E-003  -6.1875872167798524E-003  -5.5327462613574140E-009  -4.6159796102416811E-003  -2.7863165573170340E-002   4.1442187100282080E-002   1.3584997534974670E-009  -4.9547470700128122E-003  -2.8069424856560804E-002   4.4483635641378902E-002   9.5874423347244958E-010
  -4.2879719999179083E-002 -0.22496542816143630       0.47296998807673474       -1.4553229562158304E-008  -6.7877543980463590E-011   2.6409528462482407E-012  -1.4639209202582755E-011  -5.6314415412119598E-011  -7.6803439318052171E-011   1.2419204363618914E-010  -1.6676411438410594E-008  -4.1254018359434159E-002 -0.21643629911267473       0.41397995136479593       -2.6261950557671418E-003  -5.9842532260913229E-003   1.0725505927734134E-002   2.0564286953749780E-004  -2.9015754860031635E-003   3.3177675305848882E-003  -8.5135904866291794E-003  -1.9789603616602661E-003   1.7406433462549178E-002  -6.5192901512884302E-003  -1.0734268063150854E-010   1.6087677075489161E-011  -3.0114973492504540E-011  -3.6903323725131491E-011  -1.5799623461064268E-010   1.4424839146464053E-010  -1.1793901378256263E-003  -6.1875872167545237E-003   1.5085929815773202E-002   9.4679463928383417E-009   7.8991220719408384E-003   4.1442187100271685E-002  -7.4563938709381120E-002  -2.3247414497299301E-009   8.4788398663603031E-003   4.4483635641376723E-002  -7.8197574978923295E-002  -1.6406652706186603E-009
   2.5079756893841313E-003   1.6682592749727725E-003  -2.8548184293147381E-003   9.8690303351426505E-011   8.8706612588011983E-015  -1.3739140339929356E-012   2.3511190351843204E-012   2.2059228077337239E-013   4.6116241396240908E-013  -2.2946378250131427E-013   1.1305461248306201E-010   1.3768238374692271E-003   1.5346595127325841E-003  -2.6261950557671418E-003   4.5037839690918938E-005   3.5038555857979680E-005  -5.9959933387367152E-005  -5.1502371662348447E-006   5.1361156979608117E-005  -5.5274365498992752E-005   5.6914699827982326E-005   1.6605412230561868E-005  -1.1139763849888193E-004   3.2314552145825029E-005   6.1186051718972065E-013  -4.5226525060594684E-013   7.7394140960349020E-013   2.0837887039105037E-013   1.0540183320240044E-012  -8.2025401953539361E-013   1.0234079429864559E-004   5.0731472480661230E-005  -8.6814528627163499E-005  -6.4285558751828750E-011  -1.8526175891030080E-004  -2.8304375037451873E-004   4.8436027120817531E-004   1.5805204440606702E-011  -1.6274478166774088E-004  -2.9996229983310921E-004   5.1331223779754092E-004   1.1153936664420312E-011
   2.3253024560415474E-004   4.7882382881861219E-003  -6.5179038223507641E-003   2.2437200828191741E-010   1.1106050261321790E-012   6.4786943006511708E-014  -3.0378722827922483E-013  -5.3972470498531691E-013   2.0937903182554681E-012  -5.7088153115211537E-013   2.5702921239200759E-010   4.2222746885724779E-004   3.9819126992663633E-003  -5.9842532260913229E-003   3.5038555857979680E-005   1.0031905223301640E-004  -1.6244114018407898E-004  -6.2281324835679796E-006   4.0875430023547313E-005  -4.0781023155557639E-005   1.2604058003340521E-004   6.2593151065832439E-005  -2.6942023516071033E-004   7.4422297027521746E-005   1.6671573323549542E-012  -2.2093669556904082E-013   3.2923215278298635E-013   2.1011102117118114E-013   2.6609816965405606E-012  -1.8772988130060558E-012   1.2326379175341170E-006   1.5746121393004649E-004  -1.9853553368421020E-004  -1.4615415459485842E-010  -9.3250545771991867E-005  -7.0318648587940459E-004   1.1028393388987667E-003   3.5933597884011754E-011  -1.0634629427136829E-004  -7.2994990669828104E-004   1.1683384809621966E-003   2.5360459471917946E-011
  -3.9791874110161392E-004  -6.5179038223646480E-003   1.2133196868579218E-002  -3.8395786264482591E-010  -1.9005295821118876E-012  -3.0378710879327191E-013   4.0712163410252529E-013  -8.2947406743453698E-013  -2.4424386362429624E-012   2.7300057717588620E-012  -4.3984270111232619E-010  -7.2253922249626578E-004  -5.9842532261066223E-003   1.0725505927734134E-002  -5.9959933387367152E-005  -1.6244114018407898E-004   2.8337229740577139E-004   6.0072857337213721E-006  -6.6922563682163833E-005   7.4437406454595559E-005  -2.2133596405382128E-004  -6.6835609745626812E-005   4.5939449707905805E-004  -1.6139691774206603E-004  -2.8529307250900759E-012   3.2923252249684933E-013  -5.9194504334308660E-013  -8.0342570107615731E-013  -4.2648321676127894E-012   3.6564164267992998E-012  -2.1093588367324546E-006  -1.9853553368478309E-004   3.8118885880167731E-004   2.5010640259016117E-010   1.5957554116940604E-004   1.1028393388994512E-003  -1.9459647602699430E-003  -6.1491227347874312E-011   1.8198571728693464E-004   1.1683384809626799E-003  -2.0465384886049257E-003  -4.3398009543867564E-011
  -2.8192988066609077E-004  -5.6643113762259458E-004   1.2487692869318621E-004  -1.1703432964923442E-011  -4.1394941097012519E-015   1.9600592412759192E-013  -2.3821578765801483E-013   3.5938897467954618E-013  -3.0657200218825837E-013  -3.5524939414248426E-013  -1.3406869778283760E-011  -1.5560738801141861E-004  -3.6449087720237446E-004   2.0564286953749780E-004  -5.1502371662348447E-006  -6.2281324835679796E-006   6.0072857337213721E-006   1.6102149001890498E-006  -6.5362832275516495E-006   5.2995533421846773E-006  -5.5071891217095648E-006  -1.0829834049497126E-005   1.3616802028305146E-005   3.5945152863083766E-006  -7.3342239679500349E-014   6.2008131682939372E-014  -8.1500867585342474E-014   7.2907692717287783E-014  -1.8877096424553473E-013   4.3455514913528833E-016  -1.1481092911211233E-005  -2.1613505967437369E-005   1.2535688983952783E-006   7.6227814742997520E-012   2.1041282642438287E-005   5.5666539634299721E-005  -4.4627635316108497E-005  -1.8739771666839159E-012   1.8553064303083186E-005   5.3340309545084153E-005  -5.0572518895555379E-005  -1.3223016005254061E-012
   2.8700680344214595E-003   2.1257898111405006E-003  -3.0883744940139483E-003   1.1168998760629983E-010   3.7125437828981206E-015  -1.6014254714259369E-012   2.6772097365776301E-012   9.2957528301918178E-016   6.8159381721554544E-013  -4.6430668137520636E-015   1.2794639186902654E-010   1.5738953622814475E-003   1.8545396605381857E-003  -2.9015754860031635E-003   5.1361156979608117E-005   4.0875430023547313E-005  -6.6922563682163833E-005  -6.5362832275516495E-006   5.9006654463082771E-005  -6.2371939818168143E-005   6.3610284992348659E-005   2.4501762192275353E-005  -1.2621758281051627E-004   3.1618598596738029E-005   6.9085429636004916E-013  -5.2362145397974331E-013   8.8003801553206690E-013   1.7285228092274343E-013   1.2332874101219541E-012  -8.6372200822144406E-013   1.1716428883848101E-004   6.7475902505642960E-005  -9.2220498017967924E-005  -7.2753716690672502E-011  -2.1156775619871792E-004  -3.3458442566732221E-004   5.3961782787969085E-004   1.7887239204991290E-011  -1.8571175854016617E-004  -3.5093656161142673E-004   5.7405824927149343E-004   1.2624007663773619E-011
  -3.0828725957650770E-003  -1.6717735481381424E-003   3.7052639141278145E-003  -1.2070336280284183E-010  -7.7631786278170897E-015   1.6472934262114637E-012  -2.9161418234435538E-012  -6.5534493399432772E-013  -3.1214450287635498E-013   6.6310915380246315E-013  -1.3827166514513673E-010  -1.6915956281643558E-003  -1.6944709184702304E-003   3.3177675305848882E-003  -5.5274365498992752E-005  -4.0781023155557639E-005   7.4437406454595559E-005   5.2995533421846773E-006  -6.2371939818168143E-005   6.8858789859224166E-005  -7.0851893518930750E-005  -1.1448664275672740E-005   1.3583881330159878E-004  -4.6949036442628287E-005  -7.4755531767010160E-013   5.4476946592257157E-013  -9.5685064975421233E-013  -3.5247741734797143E-013  -1.2253438373875498E-012   1.1000523576582581E-012  -1.2582349084539369E-004  -4.6449906672018946E-005   1.1522034356882932E-004   7.8624753290909527E-011   2.2751344928503191E-004   3.2407650023172905E-004  -6.0520985989655511E-004  -1.9330642068919792E-011   1.9979197256523055E-004   3.4910134632287293E-004  -6.3810811554261744E-004  -1.3643012532828567E-011
   1.0727486202064215E-003   5.0287876420029862E-003  -9.6311190221745457E-003   3.0476868663683472E-010   1.3576499946847712E-012  -1.9929014664105860E-013   4.5908827363157905E-013   8.0989375009457267E-013   1.7892208329670575E-012  -2.1675455264974112E-012   3.4912757356596450E-010   9.4827427908515064E-004   4.6783231354790584E-003  -8.5135904866291794E-003   5.6914699827982326E-005   1.2604058003340521E-004  -2.2133596405382128E-004  -5.5071891217095648E-006   6.3610284992348659E-005  -7.0851893518930750E-005   1.7617470073268506E-004   4.9443451065217127E-005  -3.6240374408664074E-004   1.2812111462073077E-004   2.2263196367931058E-012  -3.7284363431706998E-013   6.6792083625582587E-013   6.7608097267283977E-013   3.3473852289057691E-012  -2.9024486568770876E-012   3.3702962230595486E-005   1.5145992671260902E-004  -3.0258462656465525E-004  -1.9852394460690382E-010  -1.7204750838068113E-004  -8.6670040188177859E-004   1.5446396289605390E-003   4.8809287661781331E-011  -1.8093893275578785E-004  -9.2039309873207030E-004   1.6244666870619008E-003   3.4447743916228354E-011
   1.2487692869165689E-004   5.0854092016917544E-003  -1.3891635998959664E-003   1.0507358935728381E-010   5.1691080476650350E-013  -3.0657191022917548E-013  -3.1719085790498350E-013  -3.2265883107828362E-012   2.9142564413044974E-012   2.7096770249156992E-012   1.2036697534919438E-010   2.0564286953600748E-004   3.2723929490103051E-003  -1.9789603616602661E-003   1.6605412230561868E-005   6.2593151065832439E-005  -6.6835609745626812E-005  -1.0829834049497126E-005   2.4501762192275353E-005  -1.1448664275672740E-005   4.9443451065217127E-005   9.7634016565883343E-005  -1.2892850164098393E-004  -2.2955777083171925E-005   7.7992857084060547E-013  -1.8876982448988537E-013   1.0988859733112869E-013  -6.5456579626396819E-013   1.7357543540095313E-012  -1.2536367173468442E-013   1.2535688980138678E-006   1.9404569210067948E-004  -2.2595986332430034E-005  -6.8444443692915988E-011  -4.4627635316532528E-005  -4.9977325411716168E-004   4.1673665367689957E-004   1.6827897388313947E-011  -5.0572518896197816E-005  -4.7888839960433602E-004   4.6695933738605299E-004   1.1876263102397218E-011
  -1.6717735481389829E-003  -1.1535064895390017E-002   1.9439405922173754E-002  -6.3326186973255720E-010  -2.9320857762460255E-012   2.0258921313308753E-013  -3.1214495235508231E-013  -5.4686231915938017E-013  -4.4942852592630116E-012   3.4789516958362878E-012  -7.2543275898626714E-010  -1.6944709184710271E-003  -1.0258541830285642E-002   1.7406433462549178E-002  -1.1139763849888193E-004  -2.6942023516071033E-004   4.5939449707905805E-004   1.3616802028305146E-005  -1.2621758281051627E-004   1.3583881330159878E-004  -3.6240374408664074E-004  -1.2892850164098393E-004   7.5563587940953450E-004  -2.4631481001478547E-004  -4.6540799497195788E-012   7.2115916019188392E-013  -1.2253423958540598E-012  -1.1171691765798395E-012  -7.1519723830572170E-012   5.7713440481458119E-012  -4.6449906672202461E-005  -3.6066602913694431E-004   6.0449541005363008E-004   4.1250042996276542E-010   3.2407650023175903E-004   1.8659870947099141E-003  -3.1751908655605274E-003  -1.0141745672100901E-010   3.4910134632282815E-004   1.9647868275551959E-003  -3.3477892446385350E-003  -7.1575144632442781E-011
   2.0351335107705306E-004   1.0677184497123802E-003  -8.0081295803648683E-003   2.0786806534705282E-010   1.0312887257629019E-012   4.5493472179598240E-013  -6.7030390571271016E-014   3.0232104442712256E-012  -3.5167195357460505E-013  -4.0545003932466454E-012   2.3812314461936788E-010   3.8527179417463710E-004   2.0213013083266720E-003  -6.5192901512884302E-003   3.2314552145825029E-005   7.4422297027521746E-005  -1.6139691774206603E-004   3.5945152863083766E-006   3.1618598596738029E-005  -4.6949036442628287E-005   1.2812111462073077E-004  -2.2955777083171925E-005  -2.4631481001478547E-004   1.3740838582055882E-004   1.5451242752692089E-012  -1.0469466181822048E-013   3.5930357200513331E-013   1.0867226237754319E-012   1.8850628382310129E-012  -2.6318909521739245E-012   6.3786815874670546E-007   3.3465303282312179E-006  -2.6727934635444760E-004  -1.3540315009983857E-010  -8.5677110452217657E-005  -4.4949892016264080E-004   1.1398193331512286E-003   3.3290227082625272E-011  -9.7949614913679878E-005  -5.1388574966706752E-004   1.1773487859956201E-003   2.3495308463722649E-011
   4.5877666881803375E-012   7.0048491754610540E-011  -1.1987039742884826E-010  -3.0781217077641204E-005  -2.1605774294558714E-007   3.6998949523103196E-008  -6.3314668498346430E-008  -5.4058887763370400E-008  -3.3217594489310673E-007   2.7011663066703743E-007  -2.1769162044809701E-005   7.4791262858155983E-012   6.2727572549488229E-011  -1.0734268063150854E-010   6.1186051718972065E-013   1.6671573323549542E-012  -2.8529307250900759E-012  -7.3342239679500349E-014   6.9085429636004916E-013  -7.4755531767010160E-013   2.2263196367931058E-012   7.7992857084060547E-013  -4.6540799497195788E-012   1.5451242752692089E-012   9.4814406420585838E-007  -1.6236555051152285E-007   2.7784899675987588E-007   2.3723108848775274E-007   1.4577151744752846E-006  -1.1853751527884807E-006  -2.1286272993063639E-012   7.6060603906686408E-012  -1.3015905181356055E-011   1.0032700789003542E-003  -6.1421095000241438E-012   4.8052637744378143E-013  -8.2234573053601185E-013  -4.7633882108945709E-004  -7.8382370457068557E-012   3.7954686543704239E-012  -6.4950667105920427E-012  -3.6338115307990256E-004
  -2.8332100331433714E-011  -1.4430792259240891E-011   1.6036152317546031E-011   5.2711496538022256E-006   3.6998949532523314E-008  -6.3359093152366955E-009   1.0842361826498309E-008   9.2573495995709186E-009   5.6883686987842825E-008  -4.6256299124915602E-008   3.7278743943516838E-006  -1.5353171384265334E-011  -1.1985954373671183E-011   1.6087677075489161E-011  -4.5226525060594684E-013  -2.2093669556904082E-013   3.2923252249684933E-013   6.2008131682939372E-014  -5.2362145397974331E-013   5.4476946592257157E-013  -3.7284363431706998E-013  -1.8876982448988537E-013   7.2115916019188392E-013  -1.0469466181822048E-013  -1.6236555051152285E-007   2.7804394910172426E-008  -4.7580433207464735E-008  -4.0624792934840791E-008  -2.4962738862993596E-007   2.0299034346260963E-007  -1.0883386783527395E-011  -2.2969455008699279E-012   3.9492357469421655E-013  -1.7180564095889476E-004  -1.8542650705503184E-011  -1.8146681784887182E-012  -3.0541630782905097E-012   8.1570953018591811E-005  -2.5569712004637081E-011  -3.0292884490870396E-012  -3.2758795414919612E-012   6.2227443268312856E-005
   4.8483478554787343E-011   1.6036142145285459E-011  -3.2501748646672036E-011  -9.0202856361326342E-006  -6.3314668514187282E-008   1.0842361826450471E-008  -1.8554055010458034E-008  -1.5841693578387420E-008  -9.7342541639847526E-008   7.9156362080290267E-008  -6.3793468334598601E-006   2.6273199732356965E-011   1.6087668790174133E-011  -3.0114973492504540E-011   7.7394140960349020E-013   3.2923215278298635E-013  -5.9194504334308660E-013  -8.1500867585342474E-014   8.8003801553206690E-013  -9.5685064975421233E-013   6.6792083625582587E-013   1.0988859733112869E-013  -1.2253423958540598E-012   3.5930357200513331E-013   2.7784899675987588E-007  -4.7580433207464735E-008   8.1422294264054336E-008   6.9519414216642224E-008   4.2717632697394602E-007  -3.4736841100431921E-007   1.8624099605445508E-011   3.9493788348294107E-013  -2.7419257897059241E-012   2.9400340668155365E-004   3.1730881879238883E-011  -3.0541306189959491E-012   1.6271525306295984E-012  -1.3958876984413590E-004   4.3755870626448325E-011  -3.2758384896548473E-012   6.6242073121225608E-013  -1.0648707578820435E-004
   5.5309505883178465E-012  -1.6960964714899268E-011  -4.9656679097588864E-011  -7.7016372406081862E-006  -5.4058887720044082E-008   9.2573495897945107E-009  -1.5841693561727374E-008  -1.3525844082333781E-008  -8.3112328507490932E-008   6.7584731791889219E-008  -5.4467693302631956E-006   4.1104263374200642E-012  -1.9236028716053166E-012  -3.6903323725131491E-011   2.0837887039105037E-013   2.1011102117118114E-013  -8.0342570107615731E-013   7.2907692717287783E-014   1.7285228092274343E-013  -3.5247741734797143E-013   6.7608097267283977E-013  -6.5456579626396819E-013  -1.1171691765798395E-012   1.0867226237754319E-012   2.3723108848775274E-007  -4.0624792934840791E-008   6.9519414216642224E-008   5.9356580365488104E-008   3.6472870590138141E-007  -2.9658766887697778E-007   1.2570073129280490E-012  -1.2178621369242125E-011  -1.1286286749381897E-011   2.5102393386259106E-004   1.5807573637177148E-012  -2.4410684999558044E-011  -1.4193918727336206E-011  -1.1918270786267158E-004   2.3206288173447101E-012  -3.2742335375113734E-011  -2.0837096501755882E-011  -9.0920050800945797E-005
   1.6036157765821830E-011   1.2955947466302355E-010  -1.7051828661079759E-010  -4.7324292702620614E-005  -3.3217594498277342E-007   5.6883686988715004E-008  -9.7342541641769524E-008  -8.3112328596537679E-008  -5.1070078253663213E-007   4.1528827351486156E-007  -3.3468793447924183E-005   1.6087682031213336E-011   1.0760971356070292E-010  -1.5799623461064268E-010   1.0540183320240044E-012   2.6609816965405606E-012  -4.2648321676127894E-012  -1.8877096424553473E-013   1.2332874101219541E-012  -1.2253438373875498E-012   3.3473852289057691E-012   1.7357543540095313E-012  -7.1519723830572170E-012   1.8850628382310129E-012   1.4577151744752846E-006  -2.4962738862993596E-007   4.2717632697394602E-007   3.6472870590138141E-007   2.2411504855808021E-006  -1.8224438805225222E-006   3.9486786631306881E-013   2.0621262025087141E-011  -1.4385629036107591E-011   1.5424681473206108E-003  -3.0542819847929720E-012   1.6290629050732581E-011   8.5361000879999111E-012  -7.3234264064655932E-004  -3.2760373395202282E-012   2.7195001464794172E-011   3.4744817010507998E-012  -5.5867693629449813E-004
  -1.0118977193143521E-011  -5.3088346243517413E-011   1.6952992098756172E-010   3.8482854311641790E-005   2.7011663080988160E-007  -4.6256299137599960E-008   7.9156362102345655E-008   6.7584731881796446E-008   4.1528827362237397E-007  -3.3770136263926935E-007   2.7215931366669649E-005  -1.1589787767622938E-011  -6.0804951925885278E-011   1.4424839146464053E-010  -8.2025401953539361E-013  -1.8772988130060558E-012   3.6564164267992998E-012   4.3455514913528833E-016  -8.6372200822144406E-013   1.1000523576582581E-012  -2.9024486568770876E-012  -1.2536367173468442E-013   5.7713440481458119E-012  -2.6318909521739245E-012  -1.1853751527884807E-006   2.0299034346260963E-007  -3.4736841100431921E-007  -2.9658766887697778E-007  -1.8224438805225222E-006   1.4819628217840650E-006   8.7170059951900291E-013   4.5725852204554250E-012   2.4302024886514686E-011  -1.2542940128600309E-003   4.5615842659875030E-012   2.3930455132638094E-011   1.5015277326802537E-011   5.9552152900004679E-004   5.5179050861679147E-012   2.8947216684014706E-011   2.7330972125243930E-011   4.5430120390187997E-004
   2.5887870166256908E-003   7.3779053123481666E-004  -1.2625483563264896E-003   4.9504734288708745E-011   7.8713865245973216E-013   3.2866287144588741E-012  -5.6241047414308218E-012  -3.4732420172566439E-013   9.4599238316988388E-014  -4.3976214179499256E-013   5.2446546346264467E-011   4.6287497552379500E-003   6.8919568265235509E-004  -1.1793901378256263E-003   1.0234079429864559E-004   1.2326379175341170E-006  -2.1093588367324546E-006  -1.1481092911211233E-005   1.1716428883848101E-004  -1.2582349084539369E-004   3.3702962230595486E-005   1.2535688980138678E-006  -4.6449906672202461E-005   6.3786815874670546E-007  -2.1286272993063639E-012  -1.0883386783527395E-011   1.8624099605445508E-011   1.2570073129280490E-012   3.9486786631306881E-013   8.7170059951900291E-013   7.6458332859443603E-002  -1.7197164621865653E-004   2.9428748415218683E-004  -3.8638416610671857E-011  0.16076235204777478       -3.1883077950121204E-004   5.4560103384882711E-004   1.0822902381950121E-011  0.21377040485925908       -3.6189465658580816E-004   6.1929434506491105E-004   8.1053300449870034E-012
   7.3779053123354120E-004   6.3189258585492590E-003  -6.6238709478619474E-003   2.5972066820279388E-010  -1.5810200713733030E-012   5.7325617784405539E-013   9.4528860923669363E-014   3.8878633686709429E-012  -5.1462910089308478E-012  -2.3068012155320638E-012   2.7516167034998384E-010   6.8919568265171562E-004   8.1132016107673226E-003  -6.1875872167545237E-003   5.0731472480661230E-005   1.5746121393004649E-004  -1.9853553368478309E-004  -2.1613505967437369E-005   6.7475902505642960E-005  -4.6449906672018946E-005   1.5145992671260902E-004   1.9404569210067948E-004  -3.6066602913694431E-004   3.3465303282312179E-006   7.6060603906686408E-012  -2.2969455008699279E-012   3.9493788348294107E-013  -1.2178621369242125E-011   2.0621262025087141E-011   4.5725852204554250E-012  -1.7197164621865653E-004   7.5588874537442105E-002   1.5439585397501411E-003  -2.0271919360515525E-010  -3.1883077950013733E-004  0.15915039984146148        2.8624573618330961E-003   5.6782537622097640E-011  -3.6189465658485666E-004  0.21194072928323685        3.2490841241034113E-003   4.2534360695893767E-011
  -1.2625483563284922E-003  -6.6238709478839671E-003   1.3783297699565801E-002  -4.4444867049116234E-010   2.7052883568591088E-012   9.4544753938240354E-014   4.6666347971909956E-013   3.1193062142170139E-012   2.4484521953509733E-012  -5.8253267853463019E-012  -4.7086963595814675E-010  -1.1793901378287356E-003  -6.1875872167798524E-003   1.5085929815773202E-002  -8.6814528627163499E-005  -1.9853553368421020E-004   3.8118885880167731E-004   1.2535688983952783E-006  -9.2220498017967924E-005   1.1522034356882932E-004  -3.0258462656465525E-004  -2.2595986332430034E-005   6.0449541005363008E-004  -2.6727934635444760E-004  -1.3015905181356055E-011   3.9492357469421655E-013  -2.7419257897059241E-012  -1.1286286749381897E-011  -1.4385629036107591E-011   2.4302024886514686E-011   2.9428748415218683E-004   1.5439585397501411E-003   7.3849003586098111E-002   3.4690036869586659E-010   5.4560103384809343E-004   2.8624573618315891E-003  0.15592472616880429       -9.7168108232117742E-011   6.1929434506411318E-004   3.2490841241026801E-003  0.20827936990053103       -7.2782704986285795E-011
  -1.1803767080223700E-009  -6.1927588706729257E-009   1.0597397902345873E-008  -6.4274428628017147E-002   1.7254416427577620E-004  -2.9547438284341918E-005   5.0563226363094769E-005   4.3171540529211746E-005   2.6527640265323318E-004  -2.1571570485235010E-004  -5.7599076529723681E-002  -1.0545727089491432E-009  -5.5327462613574140E-009   9.4679463928383417E-009  -6.4285558751828750E-011  -1.4615415459485842E-010   2.5010640259016117E-010   7.6227814742997520E-012  -7.2753716690672502E-011   7.8624753290909527E-011  -1.9852394460690382E-010  -6.8444443692915988E-011   4.1250042996276542E-010  -1.3540315009983857E-010   1.0032700789003542E-003  -1.7180564095889476E-004   2.9400340668155365E-004   2.5102393386259106E-004   1.5424681473206108E-003  -1.2542940128600309E-003  -3.8638416610671857E-011  -2.0271919360515525E-010   3.4690036869586659E-010   1.0720875629724513        2.0918128243583443E-010   1.0974536633910409E-009  -1.8780219917540746E-009 -0.50381780709340818        2.2101633652194635E-010   1.1595402820476632E-009  -1.9842761697619802E-009 -0.40481658689370120     
  -2.2301330772434555E-002  -4.6671992152330080E-003   7.9867719201784683E-003  -3.1042873686582156E-010   4.9759083060616468E-012   2.3057989566511898E-011  -3.9457792141586635E-011  -2.5592272878720550E-012  -1.4643579674867424E-013  -2.4165605098804671E-012  -3.6481179151355065E-010  -4.5255865330512072E-003  -4.6159796102416811E-003   7.8991220719408384E-003  -1.8526175891030080E-004  -9.3250545771991867E-005   1.5957554116940604E-004   2.1041282642438287E-005  -2.1156775619871792E-004   2.2751344928503191E-004  -1.7204750838068113E-004  -4.4627635316532528E-005   3.2407650023175903E-004  -8.5677110452217657E-005  -6.1421095000241438E-012  -1.8542650705503184E-011   3.1730881879238883E-011   1.5807573637177148E-012  -3.0542819847929720E-012   4.5615842659875030E-012  0.16076235204777478       -3.1883077950013733E-004   5.4560103384809343E-004   2.0918128243583443E-010  0.34227577854068064        9.6122816705390582E-004  -1.6449073158181339E-003  -5.3428071442297449E-011  0.45423935338394078        1.1138625650683311E-003  -1.9061038210223438E-003  -3.6858564406190259E-011
  -4.6671992152324988E-003  -4.5897867104584558E-002   4.1902035850161598E-002  -1.6286472378144038E-009  -1.3803260677543544E-011   4.4776178496590667E-012  -1.4658900159255806E-013   2.6480895880166683E-011  -4.0199129263830015E-011  -1.2677512822586198E-011  -1.9139495274292097E-009  -4.6159796102398466E-003  -2.7863165573170340E-002   4.1442187100271685E-002  -2.8304375037451873E-004  -7.0318648587940459E-004   1.1028393388994512E-003   5.5666539634299721E-005  -3.3458442566732221E-004   3.2407650023172905E-004  -8.6670040188177859E-004  -4.9977325411716168E-004   1.8659870947099141E-003  -4.4949892016264080E-004   4.8052637744378143E-013  -1.8146681784887182E-012  -3.0541306189959491E-012  -2.4410684999558044E-011   1.6290629050732581E-011   2.3930455132638094E-011  -3.1883077950121204E-004  0.15915039984146148        2.8624573618315891E-003   1.0974536633910409E-009   9.6122816705390582E-004  0.34713557867378952       -8.6298902743754922E-003  -2.8030865212022864E-010   1.1138625650673264E-003  0.45987084612158219       -1.0000239325830480E-002  -1.9339402454728843E-010
