  0.13903025363709209        2.3869185471849847E-009  -6.6175351355890273E-009   2.9331308488284125E-016   2.3020608632708351E-016  -4.5280986158430167E-017   3.9885510174779801E-017   2.0435503782338152E-017  -4.8923285461307309E-017  -2.2999631914511554E-016  0.27940547321779163       -2.0267278861374239E-009   3.0120641789613933E-010   3.7540307521142297E-009  -3.1732586494159475E-009  -2.0758962652645713E-009  -1.0168454185132644E-010   3.5816663664134961E-009  -4.9348544234586775E-009   3.6641750928129885E-009  -7.8884070370674227E-010  -1.7427469658739922E-009   2.1352494223024324E-009  -1.9623389097969629E-016   8.7034825298439979E-016  -3.8739444860424045E-016  -3.3317816481229396E-017   4.1908865088960344E-017   2.1383335281434394E-016  -8.0267323548707309E-016  0.16419590166889286       -9.7014465895385930E-010  -2.0287274271891110E-009   6.2918555753660035E-015  -3.0096135202046824E-015  -4.1859105704597709E-016   6.4231621568506076E-016   9.3517547269342492E-016  -6.7820987860658289E-015   8.5438859185561085E-015 -0.26775779332731137        1.2315277735234223E-009   2.6518905486298806E-009   1.8992059200058694E-009  -1.2758541300513341E-009  -1.4133146311577401E-009  -4.1269861399517771E-010   1.4311028663377949E-009  -2.1353443895930901E-009   1.5642280903322469E-009  -3.1432220574417377E-010  -8.2277791912707109E-010   1.2877046234318618E-009   1.9323467974867359E-014  -7.0875267434794748E-002   3.2201245834126165E-010   7.0902378146401940E-010  -1.7267423884993927E-014   4.1814641856229232E-015
   2.3869185471849847E-009  0.13903015615453779        1.3893531016270110E-008  -1.7698886102267319E-015   3.4554364277804278E-016  -1.5592682297604675E-016   5.2586579342183689E-017   5.3334346479941631E-016  -6.6462503613575940E-017   5.1576234421555533E-016   5.5369171263873066E-009  0.27940541063559882        5.2466784077206671E-009   5.4941622322249121E-010   5.1020449001247481E-010   3.5108739010656331E-009   3.4110128929952496E-009  -1.8582665948353793E-009  -4.1481316129133845E-009  -1.2179782538506408E-009  -2.0408030830109448E-009   1.1238570153881569E-009  -1.0957259294189194E-009   3.6693316726892603E-016   4.0108056494098926E-016  -8.2259201437133560E-017  -3.2334288323286944E-018   2.5974113032272630E-016  -2.6491391550858413E-016   4.7765077458675072E-016   2.6093069023483465E-009  0.16419585487123251        4.8192247722140839E-009   3.1941158391463168E-016  -8.5304671045944425E-016  -4.2311804518980599E-017  -5.3980146834348641E-016  -1.5317434062118003E-015  -4.8092443275077989E-016   2.1890478893759348E-015  -4.7855376247435005E-009 -0.26775771469898796       -8.2272519537317524E-009   1.4573982105035095E-010   5.1759622211655890E-010   1.4285216873822747E-009   1.7345787583665767E-009  -1.2039616191137223E-009  -1.9301106030014115E-009  -7.4272792919487353E-010  -1.0566538316084820E-009   4.7887700247786541E-010  -2.7717392899768304E-010   9.4120452889664901E-016  -1.2698908419356234E-009  -7.0875246494959132E-002  -2.2038883073050882E-009  -1.5365174793361982E-015   3.8547162060595565E-016
  -6.6175351355890273E-009   1.3893531016270110E-008  0.13903015130123497       -7.0759275688584597E-016   2.4647876077456378E-016   1.1716407845530929E-016  -9.9334744992486778E-017  -3.0222899524315114E-017  -1.1640515512881617E-016  -5.5103032502267612E-017  -7.7461631736769716E-009   1.2670562398514075E-008  0.27940540648718715        9.7004251572977516E-010  -1.0540216255554612E-009   1.1950739743449471E-010  -2.4674952189743856E-009  -6.1022195189429839E-010   1.1660509033426482E-009   7.4638876408697430E-010  -2.2544900947887971E-009   5.2635526405282331E-011   1.5913355808425994E-009   1.3450700553868558E-015  -5.9451409253750257E-018  -5.2900289206155001E-016  -1.8623915784472011E-016  -6.7144481000766954E-016  -2.3861705440457214E-016  -1.3914479537561906E-016  -5.8517380898895799E-009   8.4069860782446661E-009  0.16419585404252501        1.6988672036468346E-015  -3.1161286765877927E-015  -1.3612564154190340E-015  -2.5699014801124670E-015  -1.5288223263038972E-015   6.8101510853492562E-017  -2.6192365489210357E-015   9.0210668908999098E-009  -1.4163894381335849E-008 -0.26775771165140078        5.8367419225412007E-010  -1.5239749419467130E-010   5.4168510392214409E-010  -1.0834758378072620E-009  -3.2709016200045808E-010   3.0039691277768274E-010   8.3140051579067252E-011  -9.9865148035016854E-010   4.0853433285938725E-011   3.4060461028567877E-010  -3.4001916439658647E-015   2.3916039275568896E-009  -3.7724459462750995E-009  -7.0875245662793920E-002   3.2998235572975824E-015  -7.7354309747331873E-016
   2.9331308488284125E-016  -1.7698886102267319E-015  -7.0759275688584597E-016  0.44733615305400620        7.0939689599119263E-009   1.4131657296448188E-009  -2.0176155892307430E-009  -1.8067433350901441E-009   1.9577427789439330E-009  -5.2869125783892628E-009   1.5314677713309444E-015  -3.9615924762774325E-015   1.1270722871783824E-015   3.6126776486839287E-016  -2.6139260674337039E-016   1.0861576984186209E-017  -8.1554922114541652E-016   3.4535136014071019E-016   2.5844723748127273E-016  -4.6390197252494018E-016  -1.1915298718545952E-016   1.2134309376441997E-015  -1.6291544773658589E-016  0.82055108739264304       -8.6873979360461982E-009  -8.4203612364345081E-010   2.0847966041115838E-009   4.0158995639366711E-009  -1.2448715195572688E-009   4.6715826385801998E-009   2.0029285992811779E-016  -3.3382158795755924E-015  -4.4072304171839562E-015   3.6213201009408097E-009  -7.5932188813515498E-010  -3.4701974964336661E-009  -5.9469975691334902E-009   2.9169206733941311E-009   2.3256030600948498E-009 -0.31354810691684809        3.3197051830406865E-014  -6.3286143667526558E-015  -5.2173456783172897E-015   1.7775328356556391E-016  -1.4149915701867421E-016   4.7698668182060710E-017  -4.0275120506228699E-016   3.7202509189107433E-017   2.3411471668845783E-016  -7.4953865591287585E-016   4.4731094326963944E-017   5.7148049708926259E-016  -6.1948569827204505E-017 -0.74799515108709613        1.0555319002112940E-014  -2.2286132688798537E-015  -1.7994211107474119E-015  0.42877035821877474       -8.5984713449437575E-002
   2.3020608632708351E-016   3.4554364277804278E-016   2.4647876077456378E-016   7.0939689599119263E-009   3.6726779788121385E-004  -2.3866990432078092E-011  -2.5721132843894417E-011  -1.8363388269044089E-004   1.9371580793106475E-011  -1.8363391519052489E-004   1.0747425126264709E-016   6.9468256513376962E-016   3.4646219029585258E-016  -2.1178654075954844E-018  -9.6267688771203678E-018  -1.3308058561246525E-018   1.1967686205976234E-017  -1.2224802169688642E-017  -4.9574677683127303E-018  -5.1527204237462439E-018   4.2187423929096282E-018  -6.3998113948241794E-018  -3.5632529468870268E-018   1.2959494334252882E-008   3.3872782460293576E-003  -2.3022456243027202E-010  -1.5628074007839634E-010  -1.6936389868223280E-003   1.6876465401295130E-010  -1.6936392592057682E-003  -5.5291352823374901E-017   4.5059932769237250E-016   3.8309545214779430E-016   2.4876064245645466E-002  -1.2812306219230475E-009  -1.0548071402896626E-009  -1.2438031051196506E-002   7.1227542958313205E-010  -1.2438033194449463E-002  -4.6709625767581279E-009  -9.7336611493436712E-015   5.1307691981342523E-016   1.0982382337265306E-015  -1.2402968100795774E-017  -1.6366896244831814E-017  -1.3483250513553498E-017   4.2829908890310751E-018  -9.2144089917781152E-018   1.4007325010016878E-017  -3.0857740578826544E-018   7.8920696088548208E-018  -7.8720845855483850E-018  -3.7058169611910095E-018  -1.1796041086074246E-008  -3.0804902249432738E-015   1.9931560982634576E-016   3.7387492004941267E-016   6.6259473544880254E-009  -1.3182572475956688E-009
  -4.5280986158430167E-017  -1.5592682297604675E-016   1.1716407845530929E-016   1.4131657296448188E-009  -2.3866990432078092E-011   3.6726775444488662E-004   3.2830424927932902E-011   5.2655534602554039E-011  -4.9301287683600974E-011  -2.8788431300212134E-011   5.0412827043890126E-017  -2.5950759603733758E-016   3.7121743421643730E-016  -1.7830874031622099E-019  -6.6921703188252705E-018   1.1674309488012180E-017   6.9237767948979971E-018   6.0554901728401763E-018   5.3691064003895591E-018  -1.5601511819158255E-017   1.4866050322027071E-017  -2.7601249004202862E-018  -9.3658659064759606E-018   2.6243663984370888E-009  -1.2097313811096787E-010   3.3872780138062687E-003   2.2799799934481301E-010   3.6475458675018122E-010  -2.2758524067282143E-010  -2.4378143689700726E-010  -1.5899151529981233E-017  -8.1141844613721462E-017   2.2337075482825855E-016  -2.3949607530303275E-010   2.4876062803034782E-002   1.2327854944766583E-009   1.6582113198216511E-009  -1.1925557644268808E-009  -1.4187151996211320E-009  -1.0153889588365614E-009   1.1104949543469607E-015   2.6397095348426350E-015   1.4703431347737265E-015   2.0950930612183646E-018  -1.1236869685859154E-017  -1.1174102780602980E-017   1.4612923722858456E-018   4.5714405587105812E-018  -1.3533045891989863E-018   8.4813628852108434E-018   7.9873144264712909E-018   2.4316469574140768E-019  -3.6533129038962254E-018  -2.4571059675594992E-009   3.5181495140083882E-016   8.2550974732634620E-016   4.8345090220439482E-016   1.4236531894459276E-009  -2.8755452550631084E-010
   3.9885510174779801E-017   5.2586579342183689E-017  -9.9334744992486778E-017  -2.0176155892307430E-009  -2.5721132843894417E-011   3.2830424927932902E-011   3.6726773697131352E-004   4.8389591206283946E-012  -2.2359863452924501E-011   2.0882345350327349E-011   8.2779377702151190E-017   1.1171696775295044E-016  -1.2705963060667528E-016   1.1417073525803844E-017   7.9844662281213257E-018   1.0085909356016997E-017  -5.9808252135518938E-018  -4.8693740441237492E-018   4.5381660170137852E-018  -6.5400534575745181E-018   5.3796274612495584E-018  -2.5677477898301811E-018   9.5792496711190423E-018  -3.5921721126438199E-009  -1.2699336598458868E-010   2.0196197169443942E-010   3.3872778805739598E-003  -9.1440671819725521E-011  -1.4789131659373329E-010   2.1843388389354378E-010   1.1638431889448046E-016   4.2248887550201523E-017  -1.2257796814451374E-016  -6.4814630290515916E-010   8.9482795017170240E-010   2.4876062249501344E-002  -7.3673823262679326E-011  -3.7927480779573308E-010   7.2181989834886929E-010   1.2760770357866249E-009   1.8236503431680464E-015  -2.0043615183236141E-016   8.1270404037582461E-016   1.1042003460389370E-018   3.0592953310732834E-019   3.7548994442668393E-018   1.6534030107830842E-018  -1.5088915121088981E-019  -8.7404600811581718E-019  -7.7183132549829124E-018   5.6844477583474245E-019   2.7165520998594898E-018   8.3417652289165493E-018   3.0547000068197073E-009   5.8504174893201251E-016  -5.8421925552931646E-017   2.4777539767264280E-016  -1.6741324441666084E-009   3.2670117466629909E-010
   2.0435503782338152E-017   5.3334346479941631E-016  -3.0222899524315114E-017  -1.8067433350901441E-009  -1.8363388269044089E-004   5.2655534602554039E-011   4.8389591206283946E-012   3.6726772620309230E-004  -2.3449815620201137E-011  -1.8363384351179174E-004   4.9231074424556888E-017   1.0630705733787238E-015   1.2481919249802092E-016  -6.2972146506964575E-018  -1.5747012281372755E-017   2.5722771832945229E-018   1.4362906943893307E-017   1.3190258017213682E-017  -7.5689825888579491E-018   8.0956620286836659E-018  -1.4976833688306824E-017  -1.1574433339553815E-017  -2.2660526808115928E-017  -3.1435571543395634E-009  -1.6936390887242099E-003   3.8003410593788500E-010  -3.4853903147145743E-011   3.3872779491000205E-003  -2.1542683340642276E-010  -1.6936388603754013E-003  -1.7954839540088957E-016   7.1129153147601751E-016  -8.4625939266602393E-018  -1.2438032112840135E-002   1.7170372724069760E-009   5.1494675245311636E-010   2.4876061806981455E-002  -9.9237833010146016E-010  -1.2438029694139364E-002   1.1445315515799510E-009  -6.0109888903156640E-015   8.3096955835451805E-016   1.4512984090633999E-015   3.7857907994651893E-018   1.1685675834117514E-017   1.6870932286830994E-017  -1.7169611133467001E-017   5.1936123158334474E-018   1.1408641046449997E-017  -4.8733991006448907E-018  -1.3018482330462731E-017   3.4009283055243976E-018   1.1512565829248741E-017   2.8827950878256282E-009  -1.9079884808401455E-015   3.1922764869269354E-016   4.6034255792271953E-016  -1.6181365188469348E-009   3.2183159517770320E-010
  -4.8923285461307309E-017  -6.6462503613575940E-017  -1.1640515512881617E-016   1.9577427789439330E-009   1.9371580793106475E-011  -4.9301287683600974E-011  -2.2359863452924501E-011  -2.3449815620201137E-011   3.6726771884487724E-004   4.0782522837485388E-012  -1.3325948235621177E-016  -9.8698971938724585E-017  -1.3623680420664885E-016  -2.8674200443194324E-019   9.3943892920501590E-018  -8.4162981340384640E-018   1.8771639632465111E-018   5.9285632507158204E-018   7.4663418445946894E-018   2.2408275330548493E-017  -1.3076521986005426E-018   1.2214457691996860E-017  -6.2134549766400524E-019   3.4706308450017122E-009   1.4871126534965689E-010  -3.1778030918012386E-010  -2.0341126854597173E-010  -1.5791856674713915E-010   3.3872779407794012E-003   9.2072935513027930E-012  -1.5906850544451623E-016  -6.8454620684474087E-017  -1.0918704257046505E-016   5.0018548603329267E-010  -2.0699922362911064E-009  -1.0304208323937823E-009  -4.8272339400949215E-010   2.4876061541717339E-002  -1.7462154469196708E-011  -1.2521847757544392E-009  -2.5329107369295019E-015   1.6674168674781099E-016   3.7489147234562869E-016   6.0059081226966493E-018   1.9694467370577196E-017   6.9601076452846661E-018  -1.5005874916332516E-018  -2.4560023506696951E-018   5.0146733516063026E-018   9.5675282155648254E-018  -9.0963026507743279E-018   2.7972562553397547E-018   6.5377388512426399E-018  -3.1083952817349048E-009  -8.1206541001499204E-016   4.6785816354433184E-017   1.1016071472283492E-016   1.7337654307063957E-009  -3.4302074159200743E-010
  -2.2999631914511554E-016   5.1576234421555533E-016  -5.5103032502267612E-017  -5.2869125783892628E-009  -1.8363391519052489E-004  -2.8788431300212134E-011   2.0882345350327349E-011  -1.8363384351179174E-004   4.0782522837485388E-012   3.6726775870120885E-004  -5.9923743483310471E-017   1.0342382940699280E-015  -1.5643140391438447E-016   8.4150867453802140E-018   2.5373787720009971E-017  -1.2414386981179949E-018  -2.6330561388327267E-017  -9.6547891289681115E-019   1.2526409624225295E-017  -2.9429572021253649E-018   1.0758072411925665E-017   1.7974259098444992E-017   2.6223769509457736E-017  -9.8153594219489043E-009  -1.6936391573028598E-003  -1.4980850252533067E-010   1.9113622614136160E-010  -1.6936389622697638E-003   4.6662340380914479E-011   3.3872781195709526E-003  -5.2408741678831609E-016   6.3821277689358839E-016  -5.6600581784910277E-017  -1.2438032132788527E-002  -4.3579900554345502E-010   5.3987201270954391E-010  -1.2438030755726723E-002   2.8010408281544433E-010   2.4876062888513798E-002   3.5262994152738461E-009  -6.2531104782096844E-015   2.5923770338315214E-016   7.2009581492487083E-016   8.6171709140867159E-018   4.6812209498484098E-018  -3.3876711354177385E-018   1.2886642099427016E-017   4.0207908826132695E-018  -2.5415979341249213E-017   7.9591763195561321E-018   5.1263976864770348E-018   4.4711514994916627E-018  -7.8067455904578345E-018   8.9129257128821796E-009  -2.0021632388365611E-015   1.3397095069720874E-016   2.2165633717795425E-016  -5.0076924335977145E-009   9.9640958770720538E-010
  0.27940547321779163        5.5369171263873066E-009  -7.7461631736769716E-009   1.5314677713309444E-015   1.0747425126264709E-016   5.0412827043890126E-017   8.2779377702151190E-017   4.9231074424556888E-017  -1.3325948235621177E-016  -5.9923743483310471E-017  0.56153187885038780       -2.5858480407568554E-009   1.1770581178879022E-008   7.5447315438531170E-009  -6.3763375854439816E-009  -4.1724758671658270E-009  -2.0451998988813723E-010   7.1969925184033930E-009  -9.9177556903154734E-009   7.3623352511989075E-009  -1.5838682948909759E-009  -3.5012693859515736E-009   4.2905267347590060E-009   1.8596484235783394E-016  -1.7478205701009130E-015   5.5298777204066922E-016   7.2732327282962499E-018   2.8975108715689762E-017   3.8054607059757873E-017   1.9533564628432481E-015  0.32972536374408740       -1.0796209504196179E-009   2.4386876047540254E-009  -1.3015867083511750E-014   3.7109668531591033E-015  -3.4007575157056208E-016   8.2254992948947943E-016  -9.3296536682364969E-016   1.2501641448514507E-014  -1.6708539120142358E-014 -0.54525005439562957        9.5569015367430245E-010  -6.4733641978444639E-009   3.8134425060987030E-009  -2.5661027657620801E-009  -2.8419599221350595E-009  -8.2677778353423551E-010   2.8773500613569721E-009  -4.2894736459988265E-009   3.1472148987465379E-009  -6.3396107394250023E-010  -1.6563287946363395E-009   2.5907988543526573E-009  -3.9710803710474337E-014 -0.14470721033058337        2.4000007784042358E-010  -1.7582896333514847E-009   3.4957972570899397E-014  -8.4704884102062994E-015
  -2.0267278861374239E-009  0.27940541063559882        1.2670562398514075E-008  -3.9615924762774325E-015   6.9468256513376962E-016  -2.5950759603733758E-016   1.1171696775295044E-016   1.0630705733787238E-015  -9.8698971938724585E-017   1.0342382940699280E-015  -2.5858480407568554E-009  0.56153202101910149       -2.0105229746128087E-008   1.1055963803277298E-009   1.0260781733728399E-009   7.0550996380299137E-009   6.8528205601604573E-009  -3.7339043177401007E-009  -8.3361327716910558E-009  -2.4484845497501038E-009  -4.1003473549526010E-009   2.2588526877715846E-009  -2.2023419829781209E-009  -1.7799226366830137E-016   8.4045908696717201E-016   3.9192270788702534E-016   4.4405095616115404E-017   4.8365474312270571E-016  -2.0778534273366984E-016   9.6425291747803743E-016  -2.8129923015413842E-009  0.32972542718308573       -8.3285719142202494E-009   8.4720943433323634E-016   2.3359911945784526E-015   3.0558868065981213E-016  -1.3652127373106681E-015  -6.9989293814844868E-016  -9.0453864314269440E-016   2.1823511133046143E-015   3.5885208735755911E-009 -0.54525015249658171        1.2794157852050329E-008   2.9108819266061980E-010   1.0352890590343483E-009   2.8745668001867411E-009   3.4919226157922478E-009  -2.4222560947769643E-009  -3.8824611344719209E-009  -1.4912892916661356E-009  -2.1295343817158599E-009   9.6548380307854934E-010  -5.5531436422014314E-010  -3.2872898140926402E-015   9.4697333357986195E-010 -0.14470723600698013        3.3315556512906614E-009   1.7642308602047494E-015  -4.2187828938206186E-016
   3.0120641789613933E-010   5.2466784077206671E-009  0.27940540648718715        1.1270722871783824E-015   3.4646219029585258E-016   3.7121743421643730E-016  -1.2705963060667528E-016   1.2481919249802092E-016  -1.3623680420664885E-016  -1.5643140391438447E-016   1.1770581178879022E-008  -2.0105229746128087E-008  0.56153202394018109        1.9509155800062414E-009  -2.1199960312317121E-009   2.4204835772985698E-010  -4.9580842420727618E-009  -1.2246603599191294E-009   2.3406649438929417E-009   1.5014797230087074E-009  -4.5317532170964290E-009   1.0554860352634955E-010   3.1973842119677406E-009   7.5706435128469947E-015  -1.3526080095835464E-015   2.3515496822972319E-016   3.1491834133244578E-016   3.9848276572936296E-016   4.2697923939337373E-016  -6.8610652846460812E-016   4.2583067414617194E-009  -9.8833642771963430E-009  0.32972543218712486       -6.3946266935725737E-015   3.2319771730841083E-015   2.2847818738837532E-015   7.6478055263018579E-015   3.5824527742332729E-015  -2.8559087396391570E-015  -5.4278908498527814E-016  -9.2091700839551309E-009   1.5232835880828353E-008 -0.54525015587918435        1.1722313380090922E-009  -3.0441694506808499E-010   1.0822044675066972E-009  -2.1801020674268321E-009  -6.5902707719715936E-010   6.0739306831373311E-010   1.6718650289203372E-010  -2.0072822214247447E-009   8.0112752710626309E-011   6.8951620293769177E-010   3.9784468036836116E-015  -2.4911517098932283E-009   3.9866574047087533E-009 -0.14470723678223316       -4.3930682371705702E-015   1.2292644984120774E-015
   3.7540307521142297E-009   5.4941622322249121E-010   9.7004251572977516E-010   3.6126776486839287E-016  -2.1178654075954844E-018  -1.7830874031622099E-019   1.1417073525803844E-017  -6.2972146506964575E-018  -2.8674200443194324E-019   8.4150867453802140E-018   7.5447315438531170E-009   1.1055963803277298E-009   1.9509155800062414E-009   1.1054369329493131E-016  -9.1085487962055175E-017  -4.1254890938565898E-017  -6.6006729192744006E-018   8.5274375809823890E-017  -1.4170863363209479E-016   9.9363160075004105E-017  -4.5062804403210122E-017  -4.2224264297227443E-017   6.4337520871435911E-017   6.7312650900030901E-016  -1.9532998648489042E-017  -1.6445328726065185E-018   1.0529867287622970E-016  -5.8078668824214880E-017  -2.6445860729300344E-018   7.7611669606530701E-017   4.4285290324240886E-009   6.2834170058576965E-010   1.1251549373508528E-009  -1.4344965287121618E-016  -1.2077398350322942E-017   7.7331009590847758E-016  -4.2652789845018028E-016  -1.9421742500032362E-017   5.6997754692583616E-016   6.3747519595683700E-018  -7.3703970815774966E-009  -1.6334433645033625E-009  -2.4421382048540781E-009   5.5657640366344250E-017  -3.3754930521721991E-017  -2.8986107279810705E-017  -1.1529569836883275E-017   3.1276223281755508E-017  -6.3142729764987813E-017   4.0069976641308173E-017  -2.0184412972169366E-017  -2.0004580183461528E-017   3.6649557698142287E-017  -3.4731556855694156E-018  -1.9584119504588316E-009  -4.6297019502043327E-010  -6.7695720808709219E-010  -1.9074068908191384E-016   6.0953183518935865E-017
  -3.1732586494159475E-009   5.1020449001247481E-010  -1.0540216255554612E-009  -2.6139260674337039E-016  -9.6267688771203678E-018  -6.6921703188252705E-018   7.9844662281213257E-018  -1.5747012281372755E-017   9.3943892920501590E-018   2.5373787720009971E-017  -6.3763375854439816E-009   1.0260781733728399E-009  -2.1199960312317121E-009  -9.1085487962055175E-017   8.2534142116954142E-017   5.9121109191413539E-017   3.3371016507420076E-017  -8.4129929808062671E-017   8.8832463736454216E-017  -9.4006229340175611E-017   2.7812398071780949E-017   4.3588324977979604E-017  -6.4796523315875124E-017  -4.6706567226669232E-016  -8.8786759898987681E-017  -6.1721260920805943E-017   7.3640019716966687E-017  -1.4523335046256327E-016   8.6643612392043206E-017   2.3402011886985665E-016  -3.7600776795230780E-009   5.9217520695951659E-010  -1.2199486297465459E-009  -6.5204721917881712E-016  -4.5327894920189821E-016   5.4080996126916006E-016  -1.0665890815702712E-015   6.3630794353281245E-016   1.7186362993253462E-015   4.9142228043552250E-016   5.7628551705324593E-009  -1.2736050014479612E-009   2.7268359645730778E-009  -4.7399927951671357E-017   3.1694326178500921E-017   3.4088296429261974E-017   2.4630416582471232E-017  -3.4484110532597635E-017   3.8963042304538698E-017  -3.8836155262169524E-017   1.0542937844426727E-017   2.0409839486046245E-017  -3.3266173400022477E-017   1.1501501105767715E-015   1.5068872169824786E-009  -3.5259944363957178E-010   7.5885632768876430E-010  -8.8811771996966163E-016   2.0505487451649197E-016
  -2.0758962652645713E-009   3.5108739010656331E-009   1.1950739743449471E-010   1.0861576984186209E-017  -1.3308058561246525E-018   1.1674309488012180E-017   1.0085909356016997E-017   2.5722771832945229E-018  -8.4162981340384640E-018  -1.2414386981179949E-018  -4.1724758671658270E-009   7.0550996380299137E-009   2.4204835772985698E-010  -4.1254890938565898E-017   5.9121109191413539E-017   1.1999442020299812E-016   8.5696717208692592E-017  -1.0074101792871802E-016  -3.0347784372019647E-017  -8.4597410192113916E-017  -4.1878080588362171E-017   5.4377507354529058E-017  -5.8224475607764975E-017   2.8130615329567444E-017  -1.2273944546050883E-017   1.0767115125108355E-016   9.3021443690853827E-017   2.3723769018138172E-017  -7.7622768762111159E-017  -1.1449798475126600E-017  -2.4431319802330182E-009   4.1550931042361943E-009   1.1453174463451875E-010  -9.0139474918403943E-017   7.9073350053682487E-016   6.8314653531286036E-016   1.7422650888862794E-016  -5.7005908890308142E-016  -8.4087053143991348E-017   1.9624205858580206E-016   4.2367680156056662E-009  -6.5171481066491307E-009  -9.7602006327045042E-010  -2.4081944907253712E-017   3.2419805912832063E-017   5.6902025963632240E-017   4.8462906612077809E-017  -5.2179750663819901E-017  -1.6153763860304548E-017  -4.2197114304385143E-017  -2.2600114730752625E-017   2.4193537284962781E-017  -2.5567138780901576E-017   4.5348216583421994E-016   1.1341701868771569E-009  -1.7120834165866172E-009  -2.9802093097035490E-010  -4.1129608914889872E-016   1.0030823472024518E-016
  -1.0168454185132644E-010   3.4110128929952496E-009  -2.4674952189743856E-009  -8.1554922114541652E-016   1.1967686205976234E-017   6.9237767948979971E-018  -5.9808252135518938E-018   1.4362906943893307E-017   1.8771639632465111E-018  -2.6330561388327267E-017  -2.0451998988813723E-010   6.8528205601604573E-009  -4.9580842420727618E-009  -6.6006729192744006E-018   3.3371016507420076E-017   8.5696717208692592E-017   1.2786021796676378E-016  -3.7372986980665887E-017  -1.1900456572764843E-016  -4.5640070175940948E-017  -9.6584157635154019E-018   2.7860890410350157E-017  -5.6675839726196907E-017  -1.4954268696447526E-015   1.1037700482349858E-016   6.3857456240494170E-017  -5.5160685364869695E-017   1.3246769256697477E-016   1.7312950114821906E-017  -2.4284465519786694E-016  -1.1772249171833650E-010   4.0596975932793668E-009  -2.9251781061242441E-009   8.1060500632329197E-016   4.6896707687795176E-016  -4.0509825117982233E-016   9.7283846433429244E-016   1.2714574451365784E-016  -1.7834434716667840E-015   5.8503418060460173E-016   2.6221027884904712E-010  -5.6929453679328150E-009   4.4425560446666095E-009  -7.9535374438573744E-018   1.7038514035324430E-017   2.5751368577180525E-017   6.1214268136791285E-017  -2.4535609504957527E-017  -5.0543558690401963E-017  -2.1037132779032290E-017  -7.2266077704807290E-018   1.1185733382922833E-017  -1.3807578204733447E-017   1.3946835750915885E-015   7.2937122617672800E-011  -1.4603105655793737E-009   1.1594753925588453E-009  -8.0941548724585098E-016   1.6349011284166641E-016
   3.5816663664134961E-009  -1.8582665948353793E-009  -6.1022195189429839E-010   3.4535136014071019E-016  -1.2224802169688642E-017   6.0554901728401763E-018  -4.8693740441237492E-018   1.3190258017213682E-017   5.9285632507158204E-018  -9.6547891289681115E-019   7.1969925184033930E-009  -3.7339043177401007E-009  -1.2246603599191294E-009   8.5274375809823890E-017  -8.4129929808062671E-017  -1.0074101792871802E-016  -3.7372986980665887E-017   1.2001891003781422E-016  -7.7034061126153682E-017   1.0759310943386179E-016   1.6714872529574968E-017  -6.0220971971823671E-017   6.2629343542350487E-017   6.2551644344648893E-016  -1.1274829196366725E-016   5.5849234995446128E-017  -4.4909804121223074E-017   1.2165267532320226E-016   5.4678620500449467E-017  -8.9043928715009254E-018   4.2439877689189789E-009  -2.2032354013723081E-009  -7.4457314268798179E-010  -8.2801982129636789E-016   4.1015499102833976E-016  -3.2981618966412457E-016   8.9341338131818523E-016   4.0155805723594613E-016  -6.5393542776026687E-017  -4.3986481995638584E-016  -6.5051945413935391E-009   3.3375856788430672E-009   5.0536704426064110E-010   4.4468387225646681E-017  -3.8996854896667090E-017  -5.8264994769909868E-017  -2.9252235570316303E-017   5.4075581293020421E-017  -3.0408136399124836E-017   4.9715485293501847E-017   1.0301466630914340E-017  -2.7703451452514634E-017   3.5749895517595184E-017  -1.0351003306138923E-015  -1.7010324245051471E-009   8.7062544204428473E-010   9.8143394101255971E-011   7.4019939533035807E-016  -1.6573628834758444E-016
  -4.9348544234586775E-009  -4.1481316129133845E-009   1.1660509033426482E-009   2.5844723748127273E-016  -4.9574677683127303E-018   5.3691064003895591E-018   4.5381660170137852E-018  -7.5689825888579491E-018   7.4663418445946894E-018   1.2526409624225295E-017  -9.9177556903154734E-009  -8.3361327716910558E-009   2.3406649438929417E-009  -1.4170863363209479E-016   8.8832463736454216E-017  -3.0347784372019647E-017  -1.1900456572764843E-016  -7.7034061126153682E-017   3.0912589493507720E-016  -8.7669009511048846E-017   7.0116316198775074E-017   2.8788640598906792E-017  -2.9641624186598645E-017   4.7617525307449727E-016  -4.5722213244771348E-017   4.9518729573826132E-017   4.1855146539021992E-017  -6.9807918296705030E-017   6.8861382108604933E-017   1.1553008648609092E-016  -5.8237477838102155E-009  -4.9027057656072419E-009   1.4156294540877521E-009  -3.3578234802438111E-016   3.6366403956763677E-016   3.0738285483507241E-016  -5.1266706446679771E-016   5.0571583106631485E-016   8.4844941939768194E-016  -1.2888650858296008E-016   9.6261491262573489E-009   7.8844413960261811E-009  -1.1660909950370850E-009  -6.6718716951647118E-017   2.8248269257446987E-017   1.3137369307006995E-017  -4.5745812112918286E-017  -1.7425631568252640E-017   1.3525809489393277E-016  -3.2722125320997472E-017   3.4306750336513625E-017   1.5653090913272985E-017  -3.5362743320286303E-017  -3.1123036290523801E-016   2.5545295015642111E-009   2.0814508810718580E-009  -2.5124383219902187E-010   1.3960220880508605E-016  -2.3424791039402023E-017
   3.6641750928129885E-009  -1.2179782538506408E-009   7.4638876408697430E-010  -4.6390197252494018E-016  -5.1527204237462439E-018  -1.5601511819158255E-017  -6.5400534575745181E-018   8.0956620286836659E-018   2.2408275330548493E-017  -2.9429572021253649E-018   7.3623352511989075E-009  -2.4484845497501038E-009   1.5014797230087074E-009   9.9363160075004105E-017  -9.4006229340175611E-017  -8.4597410192113916E-017  -4.5640070175940948E-017   1.0759310943386179E-016  -8.7669009511048846E-017   1.1151874595650101E-016  -1.5252844529447373E-017  -5.5611597565789657E-017   7.4424069883553164E-017  -8.5986137890338541E-016  -4.7523016445893532E-017  -1.4389136190438698E-016  -6.0318360455279644E-017   7.4665614560686544E-017   2.0666959162855935E-016  -2.7142610700795642E-017   4.3481316828178433E-009  -1.4279030813421912E-009   8.6051936961452849E-010  -3.4900764151391076E-016  -1.0567336192136529E-015  -4.4297606453050354E-016   5.4834206247490345E-016   1.5177748556855352E-015  -1.9933441389939667E-016   1.0350989147090728E-016  -6.4762700313536719E-009   2.6411683147780831E-009  -2.0253821104264360E-009   5.2193934955709975E-017  -3.8455683274495768E-017  -4.7400338442254253E-017  -3.2568503450329112E-017   4.6375336215322435E-017  -3.7456764389915313E-017   4.7836376916438540E-017  -3.9813682912355344E-018  -2.5723541814813511E-017   3.8297675065922949E-017   2.6288156389315884E-016  -1.6833863686673346E-009   7.1482975720100947E-010  -5.6738562758177482E-010   1.3868775238721648E-017  -2.2165163608513150E-017
  -7.8884070370674227E-010  -2.0408030830109448E-009  -2.2544900947887971E-009  -1.1915298718545952E-016   4.2187423929096282E-018   1.4866050322027071E-017   5.3796274612495584E-018  -1.4976833688306824E-017  -1.3076521986005426E-018   1.0758072411925665E-017  -1.5838682948909759E-009  -4.1003473549526010E-009  -4.5317532170964290E-009  -4.5062804403210122E-017   2.7812398071780949E-017  -4.1878080588362171E-017  -9.6584157635154019E-018   1.6714872529574968E-017   7.0116316198775074E-017  -1.5252844529447373E-017   7.1214132166930487E-017  -7.3481507967473916E-018  -2.1866024214412947E-017  -2.2395948486188908E-016   3.8909184655051845E-017   1.3710828298159681E-016   4.9615822688536117E-017  -1.3812996958733152E-016  -1.2060374076729118E-017   9.9220781969859496E-017  -9.5209010442684378E-010  -2.4244162983107779E-009  -2.6489541663235790E-009   2.8574785328905359E-016   1.0069189268993404E-015   3.6437699170200450E-016  -1.0144221472651810E-015  -8.8571000364744885E-017   7.2867431533063269E-016  -5.0525273432929062E-017   9.4561173888200719E-010   3.5320415912261968E-009   4.7236787740891033E-009  -2.2707858236908502E-017   1.5749909077211616E-018  -2.1318341874459430E-017  -4.8647021562625669E-018   1.4901508144754004E-017   3.5330443377026594E-017   1.0401124718921897E-018   3.2987339200104822E-017  -2.9704338998827798E-018  -8.6975884304261791E-018  -1.1088648056340173E-016   2.1979458631413546E-010   9.1374280260094821E-010   1.2706582832438647E-009   1.6308011444200403E-016  -4.4426168606322860E-017
  -1.7427469658739922E-009   1.1238570153881569E-009   5.2635526405282331E-011   1.2134309376441997E-015  -6.3998113948241794E-018  -2.7601249004202862E-018  -2.5677477898301811E-018  -1.1574433339553815E-017   1.2214457691996860E-017   1.7974259098444992E-017  -3.5012693859515736E-009   2.2588526877715846E-009   1.0554860352634955E-010  -4.2224264297227443E-017   4.3588324977979604E-017   5.4377507354529058E-017   2.7860890410350157E-017  -6.0220971971823671E-017   2.8788640598906792E-017  -5.5611597565789657E-017  -7.3481507967473916E-018   3.1022223140021375E-017  -3.5053612937150254E-017   2.2131757994145490E-015  -5.9025108551297586E-017  -2.5456402454675725E-017  -2.3682050496065832E-017  -1.0674997268840202E-016   1.1265280848809234E-016   1.6577508961693277E-016  -2.0735517627260388E-009   1.3235251605135260E-009   6.5440239239993076E-011  -4.3347838227974051E-016  -1.8695094921477775E-016  -1.7392030979421374E-016  -7.8396850624636362E-016   8.2731867491269030E-016   1.2174468804756418E-015  -1.1641652851221811E-015   2.9259713394778912E-009  -2.2698354717134918E-009  -9.4977306979255778E-012  -2.2625597813353136E-017   1.9899276775091103E-017   2.9505631157215883E-017   1.9064465861609666E-017  -2.7734676154403092E-017   1.1290849213923716E-017  -2.5342919425092314E-017  -5.2011549273529643E-018   1.4101809376944540E-017  -1.8115487684111009E-017  -2.7546433701624118E-015   7.5161223172535417E-010  -6.0642951353104423E-010   2.3722709833127909E-012   1.8118922219810943E-015  -3.9078222476496536E-016
   2.1352494223024324E-009  -1.0957259294189194E-009   1.5913355808425994E-009  -1.6291544773658589E-016  -3.5632529468870268E-018  -9.3658659064759606E-018   9.5792496711190423E-018  -2.2660526808115928E-017  -6.2134549766400524E-019   2.6223769509457736E-017   4.2905267347590060E-009  -2.2023419829781209E-009   3.1973842119677406E-009   6.4337520871435911E-017  -6.4796523315875124E-017  -5.8224475607764975E-017  -5.6675839726196907E-017   6.2629343542350487E-017  -2.9641624186598645E-017   7.4424069883553164E-017  -2.1866024214412947E-017  -3.5053612937150254E-017   5.9696095085749490E-017  -2.9132161729548216E-016  -3.2863545604143117E-017  -8.6380572878539435E-017   8.8348574440268250E-017  -2.0899603098526320E-016  -5.7305929295495440E-018   2.4185955942022138E-016   2.5306497513770544E-009  -1.2899702413153095E-009   1.8890629173226640E-009  -2.4134881059472030E-016  -6.3437613422883568E-016   6.4882909587307092E-016  -1.5348601113413610E-015  -4.2085326054764119E-017   1.7762089203104153E-015   3.0085826359653262E-016  -3.8627197553879150E-009   2.2249637171703737E-009  -2.7933625895597808E-009   3.4875123489624110E-017  -2.5338247867677862E-017  -2.6522459610086055E-017  -3.2496283231378671E-017   2.7785533921937128E-017  -1.4293437679501932E-017   3.0676632324456597E-017  -7.7422816580150545E-018  -1.5818764230286639E-017   2.5539456350558060E-017   7.0428987987906365E-016  -1.0091863202936134E-009   5.9504692456467736E-010  -7.2496692272819630E-010  -5.4230466660146229E-016   1.2507727071514777E-016
  -1.9623389097969629E-016   3.6693316726892603E-016   1.3450700553868558E-015  0.82055108739264304        1.2959494334252882E-008   2.6243663984370888E-009  -3.5921721126438199E-009  -3.1435571543395634E-009   3.4706308450017122E-009  -9.8153594219489043E-009   1.8596484235783394E-016  -1.7799226366830137E-016   7.5706435128469947E-015   6.7312650900030901E-016  -4.6706567226669232E-016   2.8130615329567444E-017  -1.4954268696447526E-015   6.2551644344648893E-016   4.7617525307449727E-016  -8.5986137890338541E-016  -2.2395948486188908E-016   2.2131757994145490E-015  -2.9132161729548216E-016   1.5057361058905909       -1.6482695566194867E-008  -1.2344162912245352E-009   4.8777101709966615E-009   8.9569712179859600E-009  -3.4221157629528134E-009   7.5258792639125917E-009  -3.0932063104492361E-015  -8.7491523674428890E-016  -3.9275374269044313E-015   2.7666221708448972E-009   8.5447729876662459E-010   1.2806766061643976E-009   7.2728729584313064E-010  -2.9488321979299027E-009  -3.4940448434153147E-009 -0.56036680584843279       -1.2172228326911483E-014   9.5245850330626907E-015   1.2916107442774871E-014   2.9144336717965512E-016  -2.6692255816719207E-016   8.0329566851965404E-017  -7.1379238550321287E-016   7.3835834554940904E-017   4.5554532795673353E-016  -1.3493107935362407E-015   8.3773367243882466E-017   1.0300079342368046E-015  -1.0811076883686328E-016  -1.3378650367851417       -3.9803051507597577E-015   2.9963065742290334E-015   4.1222936200537501E-015  0.75592891907259496      -0.15030018791653765     
   8.7034825298439979E-016   4.0108056494098926E-016  -5.9451409253750257E-018  -8.6873979360461982E-009   3.3872782460293576E-003  -1.2097313811096787E-010  -1.2699336598458868E-010  -1.6936390887242099E-003   1.4871126534965689E-010  -1.6936391573028598E-003  -1.7478205701009130E-015   8.4045908696717201E-016  -1.3526080095835464E-015  -1.9532998648489042E-017  -8.8786759898987681E-017  -1.2273944546050883E-017   1.1037700482349858E-016  -1.1274829196366725E-016  -4.5722213244771348E-017  -4.7523016445893532E-017   3.8909184655051845E-017  -5.9025108551297586E-017  -3.2863545604143117E-017  -1.6482695566194867E-008   3.1240566099778835E-002  -1.2088867553872978E-009  -4.2472198238174099E-010  -1.5620282859812056E-002   1.2802682949849272E-009  -1.5620283239955143E-002   1.1453558620623341E-015   4.1110386767654264E-016   3.8183099681139015E-016  0.22942972880346602       -5.1009561595509472E-009  -2.2622074607478863E-009 -0.11471486234698182        4.5406040218503823E-009 -0.11471486645648883        7.4169819510286251E-009   5.1860877986332115E-016  -2.6471809748359784E-015   1.6327333186905148E-015  -1.1439148975748784E-016  -1.5095038728752162E-016  -1.2435484391397211E-016   3.9501676219260840E-017  -8.4983687670892594E-017   1.2918829331937715E-016  -2.8459738811443749E-017   7.2787912701631703E-017  -7.2603594542684396E-017  -3.4178449302269308E-017   1.1775079951076022E-008   1.6282966514563461E-016  -7.9283437319624647E-016   5.1393599775439981E-016  -6.9249824081599036E-009   1.3585778918812573E-009
  -3.8739444860424045E-016  -8.2259201437133560E-017  -5.2900289206155001E-016  -8.4203612364345081E-010  -2.3022456243027202E-010   3.3872780138062687E-003   2.0196197169443942E-010   3.8003410593788500E-010  -3.1778030918012386E-010  -1.4980850252533067E-010   5.5298777204066922E-016   3.9192270788702534E-016   2.3515496822972319E-016  -1.6445328726065185E-018  -6.1721260920805943E-017   1.0767115125108355E-016   6.3857456240494170E-017   5.5849234995446128E-017   4.9518729573826132E-017  -1.4389136190438698E-016   1.3710828298159681E-016  -2.5456402454675725E-017  -8.6380572878539435E-017  -1.2344162912245352E-009  -1.2088867553872978E-009   3.1240565511006003E-002   1.1728573444741754E-009   2.3901293436740433E-009  -8.3618661235709839E-010  -1.1812424799924504E-009  -4.9749889488002491E-016  -4.7771125033623007E-018  -4.9556064087491103E-016  -2.8930336780430699E-009  0.22942972690359062        4.5403628547618723E-009   8.1407331379941881E-009  -1.7247863208506841E-009  -5.2476990458670741E-009   6.9018176508020311E-010  -6.5246023059927605E-016  -2.3079706432534554E-015  -1.6931669704004672E-015   1.9322836933939342E-017  -1.0363665301244338E-016  -1.0305776451123797E-016   1.3477434864753195E-017   4.2161971007295572E-017  -1.2481443316452210E-017   7.8222894315183403E-017   7.3666269711365313E-017   2.2426741374400496E-018  -3.3694166629166278E-017   1.3017281763862733E-009  -2.1532928582378811E-016  -7.2035205127187372E-016  -5.5506702447673052E-016  -8.5073305076695582E-010   1.8042477671627317E-010
