   3.4121783547771976E-002   3.1118328899978372E-018   6.0394682174652218E-017  -6.4924270513952702E-017  0.13893846994431969       -3.6215701968403542E-016  -7.9368056912366483E-019  -4.9853915033162988E-019  -3.8354094655035928E-016  -1.7158570351813915E-019  -2.9667065169823612E-016  -1.3262898382324588E-017   4.5693613065395752E-017  -1.0734814271190142E-017  0.11725752092401476       -5.2080097555239221E-002   1.2279807372105969E-018  -1.0466655452337427E-018  -8.7291479623140319E-019  -2.6819071068738182E-002
   3.1118328899978372E-018   5.9651843782752580E-034  -1.1693882125345416E-032   6.5608585111135503E-034   1.2454975270139069E-017  -5.3400354157323807E-032  -6.7469222705994480E-035  -3.9040378808723338E-035  -5.9254978123411158E-032  -1.5725648341941398E-035  -4.8478140907823775E-032   7.0302798724104653E-034  -5.3727545568908802E-034   1.3809151505195134E-035   1.0786488828141328E-017   8.7716644958814655E-018   4.8901871090063020E-034  -1.1062576683162782E-033  -1.1370040811416495E-033   1.1230167892801760E-017
   6.0394682174652218E-017  -1.1693882125345416E-032   1.0530930046320932E-030  -4.7668963527227304E-031   2.5779398871642965E-016   4.7959260861957133E-031  -1.6750229051532133E-033  -1.2358310966777704E-033   6.5651136616154294E-031  -2.9944467438661126E-034   6.5325800570534671E-031  -1.2867775850563580E-031   3.3964772602727006E-031  -7.3610167321730411E-032   2.0243516351638079E-016  -8.3592809009267272E-016  -1.8565319018518295E-032   5.3747521188420496E-032   5.6617891959259750E-032  -7.9972900123388452E-016
  -6.4924270513952702E-017   6.5608585111135503E-034  -4.7668963527227304E-031   2.6185661651680296E-031  -2.6890222290090916E-016   2.6062544697063811E-031   1.6134746874620090E-033   1.0837142390938891E-033   2.1919727328818389E-031   3.2485201463806230E-034   1.1394016873840023E-031   6.5459589196395323E-032  -1.8588268032704027E-031   4.1305278093582607E-032  -2.2115557989349797E-016   3.8346375402336706E-016   5.5929203893963051E-033  -1.9267023820925763E-032  -2.0577516425598883E-032   3.3865368776313951E-016
  0.13893846994431969        1.2454975270139069E-017   2.5779398871642965E-016  -2.6890222290090916E-016  0.56588439956093750       -1.4605801656282131E-015  -3.2351327672562071E-018  -2.0344082217240697E-018  -1.5449563901357790E-015  -6.9861622509141180E-019  -1.1932051574433947E-015  -5.5324894244423809E-017   1.8930516064165756E-016  -4.4395905907325924E-017  0.47738984608778490      -0.22139723405360490        4.7398326981803394E-018  -3.5639744488210231E-018  -2.8243208631859706E-018 -0.11864520051350622     
  -3.6215701968403542E-016  -5.3400354157323807E-032   4.7959260861957133E-031   2.6062544697063811E-031  -1.4605801656282131E-015   5.1709649514879932E-030   8.1038180686452635E-033   4.8727505582394354E-033   5.6522809954525345E-030   1.8261947690864351E-033   4.5443168641403658E-030   1.6173883780425419E-032  -1.7850790870654357E-031   4.9260027596149623E-032  -1.2505805921942251E-015  -3.2807667653304138E-016  -3.7594815513980711E-032   7.6957397560251587E-032   7.8148491155820074E-032  -6.0626991667765905E-016
  -7.9368056912366483E-019  -6.7469222705994480E-035  -1.6750229051532133E-033   1.6134746874620090E-033  -3.2351327672562071E-018   8.1038180686452635E-033   1.8538369311218725E-035   1.1697073472593154E-035   8.5398765937229860E-033   3.9899071537645670E-036   6.5640951473064192E-033   3.3854344391265839E-034  -1.1367477060606389E-033   2.6529054097004744E-034  -2.7259783127611032E-018   1.4238055612193821E-018  -2.2640218477769183E-035   8.4665853784637709E-036   3.6931700733235301E-036   8.3865931161071941E-019
  -4.9853915033162988E-019  -3.9040378808723338E-035  -1.2358310966777704E-033   1.0837142390938891E-033  -2.0344082217240697E-018   4.8727505582394354E-033   1.1697073472593154E-035   7.4159630615016268E-036   5.1049606756133203E-033   2.5053768251940847E-036   3.8943830519570477E-033   2.3307473420585391E-034  -7.6426831301099717E-034   1.7724012828053341E-034  -1.7112928992276025E-018   1.0387302912799729E-018  -1.0195011206194559E-035  -5.4757324994127994E-036  -8.9716203962682778E-036   6.7283153250264531E-019
  -3.8354094655035928E-016  -5.9254978123411158E-032   6.5651136616154294E-031   2.1919727328818389E-031  -1.5449563901357790E-015   5.6522809954525345E-030   8.5398765937229860E-033   5.1049606756133203E-033   6.1957462557270905E-030   1.9346929454899758E-033   4.9977024907895683E-030   6.0671988093297411E-034  -1.4840789293917460E-031   4.3592125636936251E-032  -1.3252245446589455E-015  -4.6425437597711960E-016  -4.3071684281123907E-032   9.0233457580873920E-032   9.1897375721184100E-032  -7.6021067636068336E-016
  -1.7158570351813915E-019  -1.5725648341941398E-035  -2.9944467438661126E-034   3.2485201463806230E-034  -6.9861622509141180E-019   1.8261947690864351E-033   3.9899071537645670E-036   2.5053768251940847E-036   1.9346929454899758E-033   8.6285956653573951E-037   1.4971481735174490E-033   6.6220778108097969E-035  -2.2861171216772560E-034   5.3735641843556282E-035  -5.8966725502510072E-019   2.5854469605893148E-019  -6.2683753954396543E-036   5.5134752157108823E-036   4.6512796630429970E-036   1.3147812700377138E-019
  -2.9667065169823612E-016  -4.8478140907823775E-032   6.5325800570534671E-031   1.1394016873840023E-031  -1.1932051574433947E-015   4.5443168641403658E-030   6.5640951473064192E-033   3.8943830519570477E-033   4.9977024907895683E-030   1.4971481735174490E-033   4.0468753723864970E-030  -1.5701830753932145E-032  -7.5017435099880937E-032   2.5324415334627896E-032  -1.0258522771091942E-015  -4.7342723036821689E-016  -3.6503986605438924E-032   7.8342495227920892E-032   8.0023487076028937E-032  -7.0365921941272838E-016
  -1.3262898382324588E-017   7.0302798724104653E-034  -1.2867775850563580E-031   6.5459589196395323E-032  -5.5324894244423809E-017   1.6173883780425419E-032   3.3854344391265839E-034   2.3307473420585391E-034   6.0671988093297411E-034   6.6220778108097969E-035  -1.5701830753932145E-032   1.6852162208121237E-032  -4.6532255406156251E-032   1.0244338394894796E-032  -4.5009284391250728E-017   1.0293672843283982E-016   1.8285367985455848E-033  -5.7750629347278397E-033  -6.1275475181022316E-033   9.4064381919805112E-017
   4.5693613065395752E-017  -5.3727545568908802E-034   3.3964772602727006E-031  -1.8588268032704027E-031   1.8930516064165756E-016  -1.7850790870654357E-031  -1.1367477060606389E-033  -7.6426831301099717E-034  -1.4840789293917460E-031  -2.2861171216772560E-034  -7.5017435099880937E-032  -4.6532255406156251E-032   1.3196009478148384E-031  -2.9310359204537346E-032   1.5562657082342606E-016  -2.7314664201490663E-016  -4.0273421301936200E-033   1.3804213615696006E-032   1.4737788487400099E-032  -2.4164675108135439E-016
  -1.0734814271190142E-017   1.3809151505195134E-035  -7.3610167321730411E-032   4.1305278093582607E-032  -4.4395905907325924E-017   4.9260027596149623E-032   2.6529054097004744E-034   1.7724012828053341E-034   4.3592125636936251E-032   5.3735641843556282E-035   2.5324415334627896E-032   1.0244338394894796E-032  -2.9310359204537346E-032   6.5290172199529689E-033  -3.6594775488322068E-017   5.9310044057885251E-017   8.1061689156730004E-034  -2.8796823637882348E-033  -3.0822592953716462E-033   5.1854137585573291E-017
  0.11725752092401476        1.0786488828141328E-017   2.0243516351638079E-016  -2.2115557989349797E-016  0.47738984608778490       -1.2505805921942251E-015  -2.7259783127611032E-018  -1.7112928992276025E-018  -1.3252245446589455E-015  -5.8966725502510072E-019  -1.0258522771091942E-015  -4.5009284391250728E-017   1.5562657082342606E-016  -3.6594775488322068E-017  0.40297620966139058      -0.17495541038392348        4.3318340492112232E-018  -3.8969389711985819E-018  -3.3136890454824298E-018  -8.8101414813554310E-002
  -5.2080097555239221E-002   8.7716644958814655E-018  -8.3592809009267272E-016   3.8346375402336706E-016 -0.22139723405360490       -3.2807667653304138E-016   1.4238055612193821E-018   1.0387302912799729E-018  -4.6425437597711960E-016   2.5854469605893148E-019  -4.7342723036821689E-016   1.0293672843283982E-016  -2.7314664201490663E-016   5.9310044057885251E-017 -0.17495541038392348       0.66410511096179625        1.4427264312104133E-017  -4.2106357222399735E-017  -4.4386044405087336E-017  0.63224018284493533     
   1.2279807372105969E-018   4.8901871090063020E-034  -1.8565319018518295E-032   5.5929203893963051E-033   4.7398326981803394E-018  -3.7594815513980711E-032  -2.2640218477769183E-035  -1.0195011206194559E-035  -4.3071684281123907E-032  -6.2683753954396543E-036  -3.6503986605438924E-032   1.8285367985455848E-033  -4.0273421301936200E-033   8.1061689156730004E-034   4.3318340492112232E-018   1.4427264312104133E-017   4.9874807810063545E-034  -1.2563157127393320E-033  -1.3062352329910679E-033   1.5522935543765124E-017
  -1.0466655452337427E-018  -1.1062576683162782E-033   5.3747521188420496E-032  -1.9267023820925763E-032  -3.5639744488210231E-018   7.6957397560251587E-032   8.4665853784637709E-036  -5.4757324994127994E-036   9.0233457580873920E-032   5.5134752157108823E-036   7.8342495227920892E-032  -5.7750629347278397E-033   1.3804213615696006E-032  -2.8796823637882348E-033  -3.8969389711985819E-018  -4.2106357222399735E-017  -1.2563157127393320E-033   3.2992623187561640E-033   3.4445292649915008E-033  -4.3381420432213777E-017
  -8.7291479623140319E-019  -1.1370040811416495E-033   5.6617891959259750E-032  -2.0577516425598883E-032  -2.8243208631859706E-018   7.8148491155820074E-032   3.6931700733235301E-036  -8.9716203962682778E-036   9.1897375721184100E-032   4.6512796630429970E-036   8.0023487076028937E-032  -6.1275475181022316E-033   1.4737788487400099E-032  -3.0822592953716462E-033  -3.3136890454824298E-018  -4.4386044405087336E-017  -1.3062352329910679E-033   3.4445292649915008E-033   3.5976225808521131E-033  -4.5555532616114542E-017
  -2.6819071068738182E-002   1.1230167892801760E-017  -7.9972900123388452E-016   3.3865368776313951E-016 -0.11864520051350622       -6.0626991667765905E-016   8.3865931161071941E-019   6.7283153250264531E-019  -7.6021067636068336E-016   1.3147812700377138E-019  -7.0365921941272838E-016   9.4064381919805112E-017  -2.4164675108135439E-016   5.1854137585573291E-017  -8.8101414813554310E-002  0.63224018284493533        1.5522935543765124E-017  -4.3381420432213777E-017  -4.5555532616114542E-017  0.61915306793145908     
