  0.17825317370571733        5.3183441771691787E-009   3.7528901612616400E-009  -3.9288531285894940E-015   5.5092333591842088E-017   6.2707338103436732E-017   3.0312138351393339E-017   2.4743966011307630E-016  -1.3639534184673246E-016  -2.0788268817628209E-016  0.20230702571257247       -1.6749541160311311E-010   5.3477365601601004E-009  -6.5222112570544538E-015   3.0225399951157126E-011  -8.5002274712859636E-011   8.5733876734634489E-010  -1.7318460049714996E-010   6.0995215763900449E-011   1.3262588147241112E-010   4.6737847331720912E-010   7.8195305666696325E-011  -5.4205636628190995E-010  -6.9730517901803040E-010  -8.6500103338421276E-016   1.6202916726391050E-017  -1.7933065652543996E-017   8.9968544200661707E-016  -1.9711720322246443E-016   1.3840551618039075E-016  0.12259143399328795        9.2939175609183404E-010   3.0835193300321399E-009  -6.0999361947407994E-015   3.0960900946713856E-016  -3.6103567041614886E-016   6.7141802506597770E-015  -2.2011411516806270E-015  -1.3629060125322349E-016 -0.18027902867393816       -1.2903071443239542E-009  -4.4366657175683331E-009   2.1684253825685166E-015   7.1042132858035326E-011  -1.2880640085475515E-010   5.1707396926165937E-010  -7.7182002143538924E-011   1.2888892318644655E-010  -1.8130282644760731E-011   1.9489922652556089E-010  -4.6975696534916266E-011  -1.3267987212696310E-010  -3.5039048063164937E-010   6.3137215492525205E-015   3.8958904554171052E-002   2.8204037464595978E-010   9.5367912567406999E-010  -3.8522885679694716E-015   1.0136519850294687E-015
   5.3183441771691787E-009  0.17825318554464692        2.0018080027123694E-009  -3.2862545650887990E-015   3.5346670942136343E-016   3.3985467171409063E-017  -7.5281728360434450E-017   2.5544313616475011E-016   6.6813114009959498E-017   5.7571169337023007E-016   1.8847356591206453E-009  0.20230702749743343        5.4825102078465306E-009  -3.3002083877239007E-015   3.1510791418114737E-010  -1.2476124977263244E-011  -2.8355927025061655E-010  -2.0571370964882457E-010  -5.9733717200409147E-010  -2.1704535484982867E-010   1.2549329834648308E-010  -3.2374837625693847E-011  -1.5589594877072252E-010   2.3548346136813296E-010   6.8750769501389581E-016  -4.4362314303075067E-016  -3.0491890893896841E-016  -4.8244608934721089E-016   2.5596486598599930E-016   9.6703352365669399E-017   1.7558479291375298E-009  0.12259143716850095        2.0829305007387684E-009   4.8448823462728455E-015  -3.1065344215372181E-015  -2.3544860898889221E-015  -3.2387440820059079E-015   2.0619568249893214E-015   1.5557651744727389E-015  -2.5908761895871097E-009 -0.18027903310359467       -3.2622581941281882E-009  -1.2726712116339822E-015   2.7465911125943345E-011   7.2723747858353295E-011  -7.3489769004265304E-011  -6.4546412231780101E-011  -1.4280369935861778E-010   2.7698298946275811E-011  -6.6538180744340652E-011   1.2241404116235042E-010   1.6541984753959906E-011  -3.6466064620596184E-011   4.6860294650009548E-015   5.6266006538237786E-010   3.8958905518024861E-002   6.8968658208408940E-010  -1.7765765056620874E-015   4.0021610269138218E-016
   3.7528901612616400E-009   2.0018080027123694E-009  0.17825318219331077        3.9467901681985189E-015  -1.4981888127069058E-015  -8.5091570592118423E-017  -1.9569447227219539E-017  -1.2205441313338705E-015  -4.1035680341417149E-017  -1.5088462961055711E-015  -4.3647087950483806E-009  -4.2635555166956074E-009  0.20230702564198810       -4.8067833247770188E-015  -1.0395276043715146E-009  -1.4752805132325706E-010   2.9617017934330358E-010   1.1181797472534507E-009   4.5746341047246688E-010   2.7650613848564962E-010  -2.2363086245159597E-010   1.4521258232894697E-010   4.4756355846939491E-010  -3.2895040904742791E-010  -5.0537719698953191E-016  -1.4690796987127008E-016   3.6491156897687478E-016   3.5624871375290706E-016   7.1589308651707608E-017  -2.1701012365142108E-016  -8.4600782550910091E-010  -1.9007913381592189E-009  0.12259143823714153       -2.8980008277931143E-015  -1.1499843720562263E-015   2.0500516934686888E-015   4.2522374410362472E-015   1.6339306433151421E-016  -1.0386379014704129E-015   1.7360854429798089E-009   2.9544815761681548E-009 -0.18027903398265718       -5.3631284784618549E-015  -1.2487024884206363E-010  -1.9277121201133936E-013   2.4993970924621406E-011   1.6119572147789672E-010   1.6434761847111166E-010   6.3409101447499723E-012  -4.5852893564906816E-011   9.1620525017098446E-011   6.1712160948990111E-011  -8.6910903035048158E-011  -9.8139120979953614E-015  -3.7827923415844471E-010  -6.5130764096197645E-010   3.8958905748747601E-002   1.0317748639580091E-014  -3.0947692851167606E-015
  -3.9288531285894940E-015  -3.2862545650887990E-015   3.9467901681985189E-015  0.46063789950215134       -3.3599653482833021E-009  -5.2089164340666530E-010  -1.0215309815101072E-009  -4.4990500575969687E-009  -4.1027624086633925E-009   7.8588787550843166E-009   7.5836661765797503E-015   2.7073429931447133E-015   7.2331189541961812E-015  0.78635839492520043       -6.9905400418184717E-016  -4.1792349029687997E-016   3.3246433200699885E-016  -1.6535879036101500E-016  -2.1906449674458202E-016  -1.8194575192365892E-016  -1.0528904274172112E-015  -5.0141942178338904E-017  -5.2626650546741804E-016   3.2826268502252269E-017  -5.4701643745838184E-009   7.6576338667984018E-011  -2.8693762868823481E-009  -4.5987071020217928E-009  -6.4166697183459390E-009   1.0068769455473529E-008  -4.1788325384992225E-015  -2.1210454037486923E-015   1.4135668273483979E-015  -1.2463864623414007E-008   1.1514593123220967E-009  -5.5612715795858507E-009  -1.0446104303239059E-008  -1.5051493767042896E-008   2.2909865661052065E-008   1.2984314877622826E-014  -2.2142364232381615E-014  -2.6738293445229119E-015 -0.31442964750745667        1.5999095988967582E-016  -6.2754702941432327E-017   2.1351026997094346E-016  -1.2412497887324122E-016  -2.9239987696749305E-016   1.5122400925264690E-016   2.5151965088950896E-017   1.1027755947649866E-016   9.7337668517963155E-017   5.0369035960369427E-016 -0.66276742279433176       -3.3186727741405994E-015   5.8047306294187088E-015   5.4519400809985502E-016  0.41788131852228616      -0.10945638401956277     
   5.5092333591842088E-017   3.5346670942136343E-016  -1.4981888127069058E-015  -3.3599653482833021E-009   4.3309695775073202E-004  -2.8101299172447036E-011   7.6813961346182411E-011  -2.1654841438381703E-004   5.0481954587883065E-011  -2.1654854336638308E-004   3.4641544438964668E-016   2.9112759386907471E-016  -1.5878071577644611E-015  -5.0394430941706120E-009  -1.3536833868118385E-017  -2.3089532598417236E-017   6.5526414993130996E-019  -3.3590844198699440E-018   7.5205839334519606E-018   3.0199868563642466E-017  -1.2705951827900050E-017  -8.5277181769365754E-018  -1.4916373252768492E-017  -8.9873763707235429E-018   3.8449300188803590E-003  -1.4148364737381223E-010   3.9814180652468651E-010  -1.9224647186257082E-003   2.6753907740685746E-010  -1.9224653002531864E-003  -1.2625163434487743E-016   3.5016445261218464E-016  -1.0191335314756476E-015   2.6968911904601815E-002  -7.5880036733068134E-010   2.1656154260839267E-009  -1.3484454188600545E-002   1.6793646762773084E-009  -1.3484457715999947E-002  -6.6069773642434118E-015   3.9669296504128677E-015   1.0356860159816433E-015   2.0846644283167332E-009   3.0953779441021660E-018   4.9009025483750540E-018  -6.1580958124350324E-018   1.3695886821939769E-017  -4.4890887323728137E-018  -2.0685855635291631E-017  -7.4372167972656734E-018  -5.5809383342832452E-018   1.2237084467456733E-017  -4.5362091216134103E-018   4.0121571530610797E-009   1.7171273292852211E-015  -1.0487215914639810E-015  -2.0488945672064594E-016  -2.4975658500758636E-009   6.4760203080571338E-010
   6.2707338103436732E-017   3.3985467171409063E-017  -8.5091570592118423E-017  -5.2089164340666530E-010  -2.8101299172447036E-011   4.3309690981338257E-004  -1.9944973331427964E-011   1.0249484741211539E-011  -2.4035665164249936E-011   1.7851691310619867E-011   6.0980947073324139E-017   9.4767884390021091E-017  -4.8706924692669701E-017  -9.3615077474626954E-010   7.1081031591359475E-018   1.2090920088072573E-019   1.3002800332441030E-018   1.1208705125498701E-017  -8.7040483512156836E-019  -1.7364503120540088E-017   2.0729681725981135E-017  -1.1324345288750044E-017   3.0654366018705507E-017  -1.4087223685795288E-017  -1.5922142570924095E-010   3.8449297977461495E-003  -7.4258040941368725E-011   6.5358623510482580E-011  -5.6518894861932212E-011   9.3862788451437108E-011   9.5412958163618677E-017  -5.5318744986944965E-017   8.1906319041803254E-017  -9.4834366460142462E-010   2.6968910425193254E-002  -6.1402180581184437E-010   3.6445545683862989E-010  -9.4614615676941716E-011   5.8388826042108285E-010   1.8034109290859742E-015  -2.2668321006641256E-015   3.6329241835198484E-015   3.5917919119456492E-010  -4.2484354457342669E-018   1.7943420093001930E-017   3.5775609957345150E-018  -6.9601052332976204E-018   5.7695971620286076E-018   8.8344630232522158E-018   1.0323361291637119E-017  -6.7940871608857250E-018   4.4235702527884919E-018  -1.3195664803331949E-017   7.3502323478854022E-010  -4.7348263448212088E-016   5.9007217483066918E-016  -9.4545773497704099E-016  -4.5364576826583855E-010   1.1761679616001074E-010
   3.0312138351393339E-017  -7.5281728360434450E-017  -1.9569447227219539E-017  -1.0215309815101072E-009   7.6813961346182411E-011  -1.9944973331427964E-011   4.3309701888206656E-004  -1.8368903634427720E-011   1.2339449231553334E-011  -5.8444496497598373E-011   4.1814604873078023E-017  -3.8398144226952724E-017  -1.0810986527071058E-016  -1.4292404255373118E-009   9.2904318381741563E-018   1.5380410903380441E-017   1.0717905567610905E-018   9.4482218640993061E-019  -3.0177749433510642E-018   1.5797903766007840E-018   3.3715136373252389E-017  -8.3191684864468230E-018   2.3852072376933144E-018   2.1313989072815806E-017   4.1744755044093823E-010  -8.6599721602409795E-011   3.8449302742550877E-003  -1.5918339437020894E-010   3.3830052724620594E-011  -2.5826396549703678E-010   4.2699397850124431E-017  -6.4488906696034443E-017   1.9995900255844487E-017   2.5050123281806837E-009  -6.3230942086519552E-010   2.6968913808758412E-002  -1.1022879722245941E-009   3.3158814794663120E-011  -1.4027239971020920E-009   1.7914026750887084E-015  -8.2226030056373807E-016   2.9500402954063167E-015   6.4486282156592810E-010   2.5313798664989147E-018  -1.6477600804828882E-017   1.5271580187886316E-017  -2.3232816316369835E-018   3.5413735538631600E-018   2.7382610706614648E-019  -1.1122416962791894E-017  -6.5477387386801759E-018  -3.0745529730232243E-018  -1.1648108946508903E-017   1.1575327712749674E-009  -4.6799849100405130E-016   2.1590820471585787E-016  -7.6654113912812777E-016  -7.4115713292751356E-010   1.9346514309504796E-010
   2.4743966011307630E-016   2.5544313616475011E-016  -1.2205441313338705E-015  -4.4990500575969687E-009  -2.1654841438381703E-004   1.0249484741211539E-011  -1.8368903634427720E-011   4.3309692208218838E-004  -6.4498499002088566E-012  -2.1654850769825261E-004  -9.5594748551001528E-019   4.5735457204832180E-016  -1.4793761612292061E-015  -7.0824531925887751E-009   2.7105853950307500E-018   1.0436478695283967E-017  -3.1700444529735186E-017   8.4707952718026926E-018  -3.8832359509515595E-017  -1.8744296027075011E-017   1.2035989677540767E-018  -1.1872249448483374E-017   1.9378980089543677E-017  -2.4616000406616840E-017  -1.9224646680227799E-003   5.4697645711319550E-011  -3.4435313049550440E-011   3.8449298341754544E-003   3.1710427289379845E-011  -1.9224651661520111E-003   1.6056304306231293E-016   1.8819746829793618E-016  -8.5526796696661077E-016  -1.3484453759978796E-002   2.5134937200401823E-010  -1.5558065588485856E-011   2.6968910817129949E-002   5.7400037452359944E-011  -1.3484457057143854E-002  -1.8696410838303093E-015   2.1040920795231204E-015  -1.7607214402505305E-016   2.8725776703685447E-009   1.1719575890747774E-018   1.9403428111073751E-018   2.2460667547362415E-018  -9.9742998927009171E-018   2.9382264994531253E-018   9.0624488670664015E-018   1.1002221056660782E-017  -9.1183645751609495E-018  -1.5979242309954531E-017  -2.0944422511330689E-017   5.6498739939444577E-009   4.7852698090822006E-016  -5.6077340540423877E-016   1.0347860703007956E-016  -3.5137075500126520E-009   9.1180258613700021E-010
  -1.3639534184673246E-016   6.6813114009959498E-017  -4.1035680341417149E-017  -4.1027624086633925E-009   5.0481954587883065E-011  -2.4035665164249936E-011   1.2339449231553334E-011  -6.4498499002088566E-012   4.3309705058757944E-004  -4.4032236258023832E-011  -6.9234874076378852E-017  -1.9888351806648372E-017  -5.1918279389132378E-017  -6.1708180961333800E-009   9.3743970782040863E-018  -1.0541862387494559E-017  -5.6046347595790798E-019  -7.3986530563655080E-018   1.4996360670760785E-017   1.6530230623223044E-017  -2.3535274382159073E-017  -2.1944216446475870E-017  -1.7069953494510073E-017  -9.4675772098087709E-019   2.3573458027604630E-010  -2.1405909541020666E-010   1.1532276692206783E-010  -4.9834893499757605E-011   3.8449304705412820E-003  -1.8589963771342037E-010  -5.7481677421451757E-017   1.3876159127311894E-016  -1.6403277336203027E-017   1.4117521067326811E-009  -1.3567174950536215E-009   7.0516848020172165E-010  -4.8280507842706831E-010   2.6968914754224863E-002  -9.2894696627139139E-010   2.2073079382638248E-015  -6.4745564897413695E-017   8.6098408600063850E-016   2.5700584239419004E-009  -3.9294843567240938E-019  -1.0166306141847638E-017   3.5862911061103565E-018   1.2632858681326037E-017  -2.0853023591046780E-017   1.8130908901281353E-019  -1.5602262279760379E-017   7.9558232502271845E-018   7.4352576413892911E-018  -8.6768587040463749E-018   4.9171659437511479E-009  -5.7025834475016777E-016   1.1945438183853925E-017  -2.2410711448056860E-016  -3.0707108536026614E-009   7.9686123486614594E-010
  -2.0788268817628209E-016   5.7571169337023007E-016  -1.5088462961055711E-015   7.8588787550843166E-009  -2.1654854336638308E-004   1.7851691310619867E-011  -5.8444496497598373E-011  -2.1654850769825261E-004  -4.4032236258023832E-011   4.3309705106398503E-004  -2.3291805746466381E-016   5.8418254874055891E-016  -1.7397682706707276E-015   1.2121662441349808E-008   1.0826276041225695E-017   1.2653058183267427E-017   3.1045170979798186E-017  -5.1117385611961859E-018   3.1311759749082446E-017  -1.1455581813675962E-017   1.1502358924411887E-017   2.0399964876559094E-017  -4.4626192523469605E-018   3.3603385831616840E-017  -1.9224653508528565E-003   8.6784908626206316E-011  -3.6370151115423971E-010  -1.9224651155486921E-003  -2.9925067275508035E-010   3.8449304663994211E-003  -8.8821272275572153E-017   5.5229235075517637E-016  -8.2528302670938912E-016  -1.3484458144589897E-002   5.0744332860768484E-010  -2.1500224137593909E-009  -1.3484456628522011E-002  -1.7367729066789438E-009   2.6968914773103286E-002   3.7237142526185922E-015   3.4757546634882385E-015   1.1506674964787682E-014  -4.9571628401901805E-009  -4.2673337793319035E-018  -6.8412481413775012E-018   3.9120304842916256E-018  -3.7215898693260644E-018   1.5508586685504250E-018   1.1623407355039932E-017  -3.5650006102251743E-018   1.4699300465328803E-017   3.7421557283711115E-018   2.5480632390783709E-017  -9.6618650676437773E-009  -9.6079837223688259E-016  -9.3287898507149789E-016  -2.9318765346610782E-015   6.0111785128637511E-009  -1.5593807518335952E-009
  0.20230702571257247        1.8847356591206453E-009  -4.3647087950483806E-009   7.5836661765797503E-015   3.4641544438964668E-016   6.0980947073324139E-017   4.1814604873078023E-017  -9.5594748551001528E-019  -6.9234874076378852E-017  -2.3291805746466381E-016  0.22960982257695628       -4.9011277796204102E-009  -3.7169388121809271E-009   1.3222897202110424E-014   3.4308969711969218E-011  -9.6208850878910683E-011   9.7243705844985768E-010  -1.9665427100533566E-010   6.9171570567889883E-011   1.5061592692611721E-010   5.3041338859709448E-010   8.8949243020564482E-011  -6.1542062560090321E-010  -7.9110978840846052E-010   1.4753602870777609E-015  -5.2627395131967523E-017   6.5302973949147815E-017  -1.4999643815312548E-015   5.5928641982304254E-016   2.2067109458991849E-016  0.13906249665057024       -1.8057697969889418E-009  -2.4478485581742918E-009   1.0316025090277478E-014  -1.5575414088913359E-016   1.7473985189802597E-016  -1.0043935889317599E-014   2.9730441120418575E-015   2.6935336961959639E-016 -0.20739731942412759        2.5298143847523520E-009   3.0756727700845785E-009  -5.0316709522798062E-015   8.0879498290827311E-011  -1.4690086509210347E-010   5.8798241848038680E-010  -8.7967478498337014E-011   1.4651417027446404E-010  -2.0542945283379019E-011   2.2164443276030355E-010  -5.3562306443028269E-011  -1.5046807216256143E-010  -3.9833313640693570E-010  -8.5084759112847433E-015   4.4943756220945187E-002  -5.3394413399141933E-010  -6.4315852505207849E-010   4.9853343207234999E-015  -1.2468893518514837E-015
  -1.6749541160311311E-010  0.20230702749743343       -4.2635555166956074E-009   2.7073429931447133E-015   2.9112759386907471E-016   9.4767884390021091E-017  -3.8398144226952724E-017   4.5735457204832180E-016  -1.9888351806648372E-017   5.8418254874055891E-016  -4.9011277796204102E-009  0.22960981137945538       -1.1900579230520996E-009   7.0291515064437511E-015   3.5780964838844353E-010  -1.4152757380838782E-011  -3.2205994833475645E-010  -2.3363445309604953E-010  -6.7757784120203534E-010  -2.4641465428068476E-010   1.4268223972236775E-010  -3.6836374625796442E-011  -1.7728141670265857E-010   2.6750561141143133E-010  -1.5459269763189204E-016  -2.6346311276659530E-017   6.2561674457469227E-017   9.5994157684941565E-016  -5.5935124063435035E-016  -4.6345588198988624E-016  -2.2786889230142584E-009  0.13906249223192862       -2.1904629733330131E-009  -1.0539307606731952E-015  -1.7890351012602262E-016   1.9686791577819786E-016   6.9237684416565373E-015  -3.6191402265171624E-015  -2.2612830723572116E-015   3.1487306200932832E-009 -0.20739731299418770        6.7048377200414239E-010  -9.3022289622688853E-015   3.1076626861428186E-011   8.2900240221335543E-011  -8.3309117824131452E-011  -7.3481408437357971E-011  -1.6231550343398464E-010   3.1789182860915636E-011  -7.6231014503380098E-011   1.3916522519120220E-010   1.9369177958870235E-011  -4.1632759206673149E-011  -1.1505514148734818E-014  -6.6905778703036333E-010   4.4943754853494847E-002  -6.2380619176332648E-011   1.1037698974123921E-014  -3.2116274249112206E-015
   5.3477365601601004E-009   5.4825102078465306E-009  0.20230702564198810        7.2331189541961812E-015  -1.5878071577644611E-015  -4.8706924692669701E-017  -1.0810986527071058E-016  -1.4793761612292061E-015  -5.1918279389132378E-017  -1.7397682706707276E-015  -3.7169388121809271E-009  -1.1900579230520996E-009  0.22960981146935455        1.9857762664327516E-017  -1.1803175568937747E-009  -1.6760676185144675E-010   3.3643546460452897E-010   1.2691330591485145E-009   5.1903686421165530E-010   3.1444415953137863E-010  -2.5405478102885537E-010   1.6474774888091519E-010   5.0846067514310600E-010  -3.7351806441692730E-010   4.1538972744962214E-016   2.9615816010102838E-016  -3.1742918376260216E-016  -4.5180504140886825E-016   4.2173549978589383E-017  -3.8499569785466386E-016  -2.3062250985884741E-010  -1.1247786926273168E-011  0.13906249496996551        3.6875843929222396E-015   1.9210949898026902E-015  -2.8277022889716647E-015  -1.1400172676569985E-015  -9.1956720807583230E-017  -2.2016294820216607E-015   1.5782040291372334E-010  -2.2174190610312224E-009 -0.20739730901060491        1.0478641461515356E-014  -1.4095660454213456E-010  -6.9309494142094814E-015   2.8119203875782486E-011   1.8256668217404041E-010   1.8656102595670561E-010   6.5528187233396381E-012  -5.1836458699341558E-011   1.0389839991894743E-010   6.9554291915388669E-011  -9.8390522748626953E-011   2.5220845527084149E-014  -5.8419747687573805E-012   5.6837107977673074E-010   4.4943753728516868E-002  -2.4169237652758252E-014   7.1920880854943800E-015
  -6.5222112570544538E-015  -3.3002083877239007E-015  -4.8067833247770188E-015  0.78635839492520043       -5.0394430941706120E-009  -9.3615077474626954E-010  -1.4292404255373118E-009  -7.0824531925887751E-009  -6.1708180961333800E-009   1.2121662441349808E-008   1.3222897202110424E-014   7.0291515064437511E-015   1.9857762664327516E-017   1.3430381073610571       -1.2120284388313114E-015  -7.0684351818235622E-016   5.7428509544989399E-016  -2.8533267965535575E-016  -3.7026088568096846E-016  -3.3135052604509812E-016  -1.7542831458138280E-015  -8.2916218757668766E-017  -8.9991886357778579E-016   3.6580132559526651E-017  -3.1054019577046301E-009  -2.7944436919738360E-010  -2.0972240924178598E-009  -2.4824395288622918E-009  -3.5016114452607017E-009   5.5876660132631094E-009  -7.8795069130761101E-015  -2.7278346309101541E-016  -6.2966701895569747E-015   2.2364228636210610E-008  -9.1612228245764062E-010   1.0143790571069342E-008   1.9739262064431798E-008   2.6495794174934163E-008  -4.2103671629186412E-008  -1.1089027966697465E-014   2.6157853000267286E-014  -1.6197328075084565E-014 -0.52096863612649558        2.9005778040540216E-016  -1.0511140336180796E-016   3.4093582244116186E-016  -2.1632563045397230E-016  -4.9514545944722445E-016   2.3333515257927204E-016   4.5206396685441662E-017   1.8987076094952513E-016   1.5911623992754095E-016   8.4958527745082559E-016  -1.0970088217848537        2.9946147943580083E-015  -6.8637815419816251E-015   4.4746724764791254E-015  0.68060108546011222      -0.17715676402689207     
   3.0225399951157126E-011   3.1510791418114737E-010  -1.0395276043715146E-009  -6.9905400418184717E-016  -1.3536833868118385E-017   7.1081031591359475E-018   9.2904318381741563E-018   2.7105853950307500E-018   9.3743970782040863E-018   1.0826276041225695E-017   3.4308969711969218E-011   3.5780964838844353E-010  -1.1803175568937747E-009  -1.2120284388313114E-015   6.7211447104166112E-018   8.5334427326819830E-019  -2.1480962657068277E-018  -6.9343033559768487E-018  -3.6656299632701609E-018  -2.0831328179336874E-018   1.6615005462831822E-018  -8.8588178185038278E-019  -3.0825113176147660E-018   2.2611797186589004E-018  -1.2017685577555318E-016   6.3104002099701124E-017   8.2478193180679692E-017   2.4063809047258377E-017   8.3223576482066210E-017   9.6113050373513797E-017   2.0673888983965434E-011   2.1249717017351923E-010  -7.0291449074080450E-010  -8.4293842455175655E-016   4.4262087093080363E-016   5.7851433723238063E-016   1.6878709927856082E-016   5.8374252566047866E-016   6.7415133232832659E-016  -3.4979717947520796E-011  -4.8279272270305798E-010   1.5189084347670794E-009   1.6274725615832361E-017   6.5561839590045608E-019   9.2566842788608430E-020  -1.3900472555097411E-019  -1.0172098852738670E-018  -1.2088893982099306E-018   1.3757490692766976E-019   1.0738757152169501E-019  -2.9826538163599793E-019  -2.3665853124052152E-019   3.2586530594227106E-019   1.9248333742504204E-018   7.7559811508097509E-012   1.1165310838602217E-010  -3.4909741923092598E-010   3.2188313835225810E-016  -1.1682244035349838E-016
  -8.5002274712859636E-011  -1.2476124977263244E-011  -1.4752805132325706E-010  -4.1792349029687997E-016  -2.3089532598417236E-017   1.2090920088072573E-019   1.5380410903380441E-017   1.0436478695283967E-017  -1.0541862387494559E-017   1.2653058183267427E-017  -9.6208850878910683E-011  -1.4152757380838782E-011  -1.6760676185144675E-010  -7.0684351818235622E-016   8.5334427326819830E-019   1.9572994384726849E-019  -7.0229111967754874E-019  -8.4095617428985777E-019  -3.6096824980753382E-019  -3.0393186089785837E-019  -3.5185167754309751E-020  -1.3468820421252695E-019  -1.4852422889796874E-019   6.2381721896510165E-019  -2.0498332426756651E-016   1.0733952200832130E-018   1.3654356621077929E-016   9.2652507749386780E-017  -9.3588113916780125E-017   1.1233081701035566E-016  -6.4621908448004052E-011  -8.7417844709950844E-012  -9.7466376837267824E-011  -1.4377836063528464E-015   7.5289369495107609E-018   9.5773694068802616E-016   6.4987848659541142E-016  -6.5644098915148829E-016   7.8790511968796194E-016  -1.5399485152026501E-010   6.3298688005531626E-012   3.0473355886769498E-010   4.4814137502872476E-016   4.6326366300614645E-020  -1.5800668541698498E-020  -1.5065757331789174E-019  -1.0320041427185166E-019  -1.7002992493338649E-019   4.1039530334311472E-020  -2.5038001436217629E-020  -7.7990257372620902E-020   4.9392512195375970E-020   1.7041468301206822E-019   9.5605248145117508E-016   4.3982562814419030E-011  -1.0874226179319686E-012  -7.2791441003773455E-011  -7.1697402056489448E-016   1.9928677148097041E-016
   8.5733876734634489E-010  -2.8355927025061655E-010   2.9617017934330358E-010   3.3246433200699885E-016   6.5526414993130996E-019   1.3002800332441030E-018   1.0717905567610905E-018  -3.1700444529735186E-017  -5.6046347595790798E-019   3.1045170979798186E-017   9.7243705844985768E-010  -3.2205994833475645E-010   3.3643546460452897E-010   5.7428509544989399E-016  -2.1480962657068277E-018  -7.0229111967754874E-019   5.2286737677909796E-018   1.3900929345977502E-018   1.9706532283023661E-018   1.4918617441545108E-018   1.6396138670053663E-018   6.3111021104185706E-019  -1.4974888308559404E-018  -4.3675610257289784E-018   5.8173435510533547E-018   1.1543575556788189E-017   9.5151011039189880E-018  -2.8142883440024767E-016  -4.9756338312842485E-018   2.7561149013976730E-016   6.0347193123148427E-010  -1.8948761587061872E-010   1.9669109490401292E-010   4.0803754951719778E-017   8.0968361199306207E-017   6.6740353638538267E-017  -1.9739837565351970E-015  -3.4899791479259352E-017   1.9331799968344933E-015  -3.2787504924039661E-010   5.0198677029156351E-010  -5.7196123055434580E-010  -6.0711841586296229E-017   1.2400460486695278E-019  -6.0507736655957497E-019   2.3947440960043473E-018   5.0986827122767445E-020   1.0973298556497202E-018  -2.1734007788532707E-019   9.5603272540490544E-019  -2.4687813068071960E-019  -6.7757318562828619E-019  -1.6009061574402725E-018  -1.1629274889405388E-016   4.6803105611906947E-011  -1.1808042006003633E-010   1.3575449316799679E-010  -4.3204334024185476E-017   2.3042010997469439E-017
  -1.7318460049714996E-010  -2.0571370964882457E-010   1.1181797472534507E-009  -1.6535879036101500E-016  -3.3590844198699440E-018   1.1208705125498701E-017   9.4482218640993061E-019   8.4707952718026926E-018  -7.3986530563655080E-018  -5.1117385611961859E-018  -1.9665427100533566E-010  -2.3363445309604953E-010   1.2691330591485145E-009  -2.8533267965535575E-016  -6.9343033559768487E-018  -8.4095617428985777E-019   1.3900929345977502E-018   7.4330412800004611E-018   3.4790506360684857E-018   1.8703895727645752E-018  -2.0191617298443079E-018   8.6936425209097299E-019   3.5499776400920962E-018  -1.6838693733005127E-018  -2.9821063259426055E-017   9.9508182384876532E-017   8.3879081134279559E-018   7.5201733210072069E-017  -6.5683449852276030E-017  -4.5380672842401378E-017  -1.1677573309732441E-010  -1.3770921861432534E-010   7.6752186485054779E-010  -2.0916938104799093E-016   6.9796521019005104E-016   5.8834031635059044E-017   5.2747616432263664E-016  -4.6071350432359625E-016  -3.1830678668051519E-016   2.6587428071661854E-010   3.5476658178842856E-010  -1.1890046246611750E-009   3.7636756170931361E-017  -8.7124932831572277E-019   4.8514859389829752E-020  -3.0789434812658623E-019   1.1765846005026098E-018   1.0764137685930455E-018  -7.6469846404036896E-021  -3.7289097150676364E-019   4.7315221781797094E-019   4.5178543885174981E-019  -1.2312226838807666E-019   7.4046627065518740E-017  -6.1503030031951905E-011  -8.3210592559319337E-011   2.5954024506786078E-010   6.0550129312609221E-018  -6.8930816276145160E-018
   6.0995215763900449E-011  -5.9733717200409147E-010   4.5746341047246688E-010  -2.1906449674458202E-016   7.5205839334519606E-018  -8.7040483512156836E-019  -3.0177749433510642E-018  -3.8832359509515595E-017   1.4996360670760785E-017   3.1311759749082446E-017   6.9171570567889883E-011  -6.7757784120203534E-010   5.1903686421165530E-010  -3.7026088568096846E-016  -3.6656299632701609E-018  -3.6096824980753382E-019   1.9706532283023661E-018   3.4790506360684857E-018   3.2491358367785300E-018   1.4389305561223051E-018  -7.9094085951123174E-019   4.9636960126350384E-019   1.4221480973239025E-018  -1.8387159606940678E-018   6.6765980031539061E-017  -7.7272478707678833E-018  -2.6791083259927274E-017  -3.4474427237094697E-016   1.3313403433116230E-016   2.7797829068505450E-016   4.3220897507113357E-011  -4.1934334977469053E-010   3.1829586481128387E-010   4.6830653294088168E-016  -5.4200056218396014E-017  -1.8791666032750750E-016  -2.4180877033691052E-015   9.3382194764970835E-016   1.9497811638300219E-015  -1.2151474697858629E-011   2.7190201583140031E-010  -3.1932947935331054E-010   2.4102624828439549E-016  -4.4325202027914205E-019  -2.4328736441996335E-019   4.9154927202576576E-019   6.0294300667936269E-019   9.0968930933583979E-019  -8.2472549744297845E-021   6.8625187357295809E-020  -1.5470764867668504E-019   1.5123568810205487E-019  -2.5104748399357021E-019   5.1447256370301928E-016   4.1633764539245139E-013  -4.3939816196874456E-011   6.2614686589996286E-011  -3.8851861119188398E-016   1.0821919397538318E-016
   1.3262588147241112E-010  -2.1704535484982867E-010   2.7650613848564962E-010  -1.8194575192365892E-016   3.0199868563642466E-017  -1.7364503120540088E-017   1.5797903766007840E-018  -1.8744296027075011E-017   1.6530230623223044E-017  -1.1455581813675962E-017   1.5061592692611721E-010  -2.4641465428068476E-010   3.1444415953137863E-010  -3.3135052604509812E-016  -2.0831328179336874E-018  -3.0393186089785837E-019   1.4918617441545108E-018   1.8703895727645752E-018   1.4389305561223051E-018   9.2443941826791026E-019  -2.1000896968202401E-019   3.1917909838920995E-019   5.8569716931856065E-019  -1.3498136111272183E-018   2.6810712270480767E-016  -1.5415785027415965E-016   1.4024976838347197E-017  -1.6640734532514456E-016   1.4675134578923677E-016  -1.0169977937810416E-016   8.9033565170343589E-011  -1.4738386942287721E-010   1.7554595514338209E-010   1.8805432827760719E-015  -1.0812861112055924E-015   9.8373222806549322E-017  -1.1672059252738951E-015   1.0293357520867989E-015  -7.1333736356109764E-016  -2.1895088949622807E-010   2.9296594137154712E-010  -8.4884003080455471E-010  -3.8809010760247652E-016  -8.3650069642547946E-021  -1.7270369122040945E-019   4.9437449634309725E-019   1.8815775744345503E-019   5.4548784293543960E-019  -1.7692785287622801E-019   2.2880584797945653E-019  -7.2978128748118246E-020  -1.3426447099448631E-019  -3.1406806041443017E-019  -8.5402181871196999E-016   5.1099388575759084E-011  -6.6587395871120422E-011   2.0882644248688646E-010   8.9759024930149583E-016  -2.7124329976951885E-016
   4.6737847331720912E-010   1.2549329834648308E-010  -2.2363086245159597E-010  -1.0528904274172112E-015  -1.2705951827900050E-017   2.0729681725981135E-017   3.3715136373252389E-017   1.2035989677540767E-018  -2.3535274382159073E-017   1.1502358924411887E-017   5.3041338859709448E-010   1.4268223972236775E-010  -2.5405478102885537E-010  -1.7542831458138280E-015   1.6615005462831822E-018  -3.5185167754309751E-020   1.6396138670053663E-018  -2.0191617298443079E-018  -7.9094085951123174E-019  -2.1000896968202401E-019   1.6357225979734122E-018  -5.0588719187640817E-021  -2.1593886352267733E-018  -1.2183695460042108E-018  -1.1280043624062535E-016   1.8403309490243873E-016   2.9931479707978316E-016   1.0685175029622607E-017  -2.0894050911071265E-016   1.0211526276336909E-016   3.2223067733064997E-010   8.0357975060164563E-011  -1.4803560237802792E-010  -7.9119913948938816E-016   1.2908355294802686E-015   2.0994385714665424E-015   7.4947362686839040E-017  -1.4655399043345891E-015   7.1625178253964167E-016  -4.4166175903320457E-010  -3.5854427328721408E-010   4.5060456074249373E-010   1.7831361032371246E-015   2.9012077164728885E-019  -2.6527237892391914E-019   1.2880648225226537E-018  -4.3395021350233880E-019   5.6934740203961487E-021   4.4708325316379035E-020   4.4110435485722881E-019  -1.2301238679491028E-019  -3.2653987832608505E-019  -8.6839282622122345E-019   3.8333463821736657E-015   9.4060539981662515E-011   8.7814438459152327E-011  -1.0738814360940669E-010  -3.1631513899793195E-015   9.0361370250364989E-016
   7.8195305666696325E-011  -3.2374837625693847E-011   1.4521258232894697E-010  -5.0141942178338904E-017  -8.5277181769365754E-018  -1.1324345288750044E-017  -8.3191684864468230E-018  -1.1872249448483374E-017  -2.1944216446475870E-017   2.0399964876559094E-017   8.8949243020564482E-011  -3.6836374625796442E-011   1.6474774888091519E-010  -8.2916218757668766E-017  -8.8588178185038278E-019  -1.3468820421252695E-019   6.3111021104185706E-019   8.6936425209097299E-019   4.9636960126350384E-019   3.1917909838920995E-019  -5.0588719187640817E-021   1.7577593390123002E-019   1.4147760363241477E-019  -6.0138662947017961E-019  -7.5706991437771367E-017  -1.0053480691132711E-016  -7.3855555940135860E-017  -1.0539894839780384E-016  -1.9481542594590212E-016   1.8110593966612326E-016   4.9056410831546005E-011  -2.0097409708563850E-011   1.0127244906034164E-010  -5.3102009270211916E-016  -7.0516612449076858E-016  -5.1803385170856914E-016  -7.3928391513721017E-016  -1.3664643943752826E-015   1.2703040073007896E-015  -2.6292955794058812E-010   1.1716082142154449E-010  -9.2182627745814303E-011   1.0043192161385938E-016  -7.1103595946752797E-020  -1.3196800815258608E-019   3.3709286432806206E-019   9.9056903620317199E-020   2.3829121554332936E-019  -3.6585931505138155E-021   1.0714846488882034E-019   1.0136022742478817E-020  -1.1785746198655466E-020  -2.5880298601545944E-019   2.1634565672323132E-016   6.5020546460890152E-011  -2.9084384553806172E-011   1.7481915704591684E-011  -1.8281905302412099E-016   5.2556138330395076E-017
  -5.4205636628190995E-010  -1.5589594877072252E-010   4.4756355846939491E-010  -5.2626650546741804E-016  -1.4916373252768492E-017   3.0654366018705507E-017   2.3852072376933144E-018   1.9378980089543677E-017  -1.7069953494510073E-017  -4.4626192523469605E-018  -6.1542062560090321E-010  -1.7728141670265857E-010   5.0846067514310600E-010  -8.9991886357778579E-016  -3.0825113176147660E-018  -1.4852422889796874E-019  -1.4974888308559404E-018   3.5499776400920962E-018   1.4221480973239025E-018   5.8569716931856065E-019  -2.1593886352267733E-018   1.4147760363241477E-019   3.0456772842461943E-018   1.0108007113444533E-018  -1.3242393995879727E-016   2.7214206346732283E-016   2.1175307088261607E-017   1.7204189406441011E-016  -1.5154292252024632E-016  -3.9617956680282666E-017  -3.6769911180071424E-010  -9.9072799606156499E-011   2.9607916004389248E-010  -9.2884125149881649E-016   1.9088449585462555E-015   1.4852675483295662E-016   1.2067274640153851E-015  -1.0629446348082433E-015  -2.7788622014440420E-016   7.4654999469361659E-010   4.7473211664838866E-010  -9.0928759660807676E-010   3.2156850994306982E-016  -4.3556801221490150E-019   3.7169950979482182E-019  -1.5774739500407227E-018   6.8541373264726870E-019   1.6239683628708488E-019  -1.0102497667028001E-019  -5.6676439845103108E-019   2.4302631044744280E-019   3.8870650748218873E-019   9.9466669141906308E-019   6.7516934573406564E-016  -1.7017877942442862E-010  -1.1673412958659184E-010   2.1686880331961655E-010  -3.9930124558474105E-016   1.0193326098676318E-016
  -6.9730517901803040E-010   2.3548346136813296E-010  -3.2895040904742791E-010   3.2826268502252269E-017  -8.9873763707235429E-018  -1.4087223685795288E-017   2.1313989072815806E-017  -2.4616000406616840E-017  -9.4675772098087709E-019   3.3603385831616840E-017  -7.9110978840846052E-010   2.6750561141143133E-010  -3.7351806441692730E-010   3.6580132559526651E-017   2.2611797186589004E-018   6.2381721896510165E-019  -4.3675610257289784E-018  -1.6838693733005127E-018  -1.8387159606940678E-018  -1.3498136111272183E-018  -1.2183695460042108E-018  -6.0138662947017961E-019   1.0108007113444533E-018   3.7035642057958281E-018  -7.9787771420521621E-017  -1.2506297197401014E-016   1.8922042859401214E-016  -2.1853490650415602E-016  -8.4050932416881554E-018   2.9832267857934374E-016  -4.8636544803503715E-010   1.5621563477256705E-010  -2.2206339783671661E-010  -5.5964332016200230E-016  -8.7721032250966527E-016   1.3272203055989480E-015  -1.5328363833525249E-015  -5.8954560359052697E-017   2.0924797074540907E-015   4.4035694272164087E-010  -4.6148060430964736E-010   4.9499227582064254E-010  -5.0279788015085534E-016  -3.9456889356687723E-020   5.4935903098219680E-019  -2.0361825459729312E-018  -1.1180206597716594E-019  -9.9547817844325124E-019   1.6472472021454391E-019  -7.9245603802892795E-019   1.7647555901108864E-019   5.1383011869331595E-019   1.3861252961788316E-018  -1.0935666809396702E-015  -8.3347729922410055E-011   1.0968892349144298E-010  -1.1420917154402175E-010   1.0262668427032890E-015  -3.0269797333384381E-016
  -8.6500103338421276E-016   6.8750769501389581E-016  -5.0537719698953191E-016  -5.4701643745838184E-009   3.8449300188803590E-003  -1.5922142570924095E-010   4.1744755044093823E-010  -1.9224646680227799E-003   2.3573458027604630E-010  -1.9224653508528565E-003   1.4753602870777609E-015  -1.5459269763189204E-016   4.1538972744962214E-016  -3.1054019577046301E-009  -1.2017685577555318E-016  -2.0498332426756651E-016   5.8173435510533547E-018  -2.9821063259426055E-017   6.6765980031539061E-017   2.6810712270480767E-016  -1.1280043624062535E-016  -7.5706991437771367E-017  -1.3242393995879727E-016  -7.9787771420521621E-017   3.4134358566879318E-002  -4.5479433544107433E-010   1.1865447755687042E-009  -1.7067178753510225E-002   4.8922915339102621E-010  -1.7067179813356096E-002  -5.7543598503821447E-016   4.4211109983891721E-016  -8.8893312510186397E-018  0.23942347574334641       -1.1162662366801236E-009   2.7561549468592322E-009 -0.11971173660595512        1.6808852776860955E-009 -0.11971173913737952        2.1307130129272862E-016  -5.1342438767332001E-016   5.5603716426935598E-015   3.1261005072131257E-009   2.7480003293927954E-017   4.3509058652308569E-017  -5.4670107522821458E-017   1.2158877793289385E-016  -3.9853045606135596E-017  -1.8364400710998523E-016  -6.6025822121009106E-017  -4.9546193495794960E-017   1.0863789893158704E-016  -4.0271309918019021E-017   3.2857239047208158E-009  -4.2157709088090016E-017   1.1561700175720647E-016  -1.4487162781539056E-015  -2.6599537907069340E-009   7.2612741465814530E-010
   1.6202916726391050E-017  -4.4362314303075067E-016  -1.4690796987127008E-016   7.6576338667984018E-011  -1.4148364737381223E-010   3.8449297977461495E-003  -8.6599721602409795E-011   5.4697645711319550E-011  -2.1405909541020666E-010   8.6784908626206316E-011  -5.2627395131967523E-017  -2.6346311276659530E-017   2.9615816010102838E-016  -2.7944436919738360E-010   6.3104002099701124E-017   1.0733952200832130E-018   1.1543575556788189E-017   9.9508182384876532E-017  -7.7272478707678833E-018  -1.5415785027415965E-016   1.8403309490243873E-016  -1.0053480691132711E-016   2.7214206346732283E-016  -1.2506297197401014E-016  -4.5479433544107433E-010   3.4134358418688220E-002   1.4389854675108983E-010   2.5802187050480818E-010  -5.0776455800902347E-010   1.9677234289029538E-010   2.1382794974519270E-017  -4.9542484299688227E-016   2.5937106201905189E-016  -1.6944555382588092E-009  0.23942347534008782        1.8223085402103377E-010   9.7547522469084637E-010  -8.8207464559542461E-010   7.1898078105561118E-010  -1.1191777051830021E-015   4.2096500180932543E-016  -2.8731939364853093E-015   1.4007922769957750E-010  -3.7716569929949122E-017   1.5929734432970060E-016   3.1760728542846576E-017  -6.1790136783174633E-017   5.1221091731009291E-017   7.8430215545945830E-017   9.1648315516440527E-017  -6.0316272049395988E-017   3.9271382509354977E-017  -1.1714792437122428E-016   1.1059571405500162E-010   2.8671735301467355E-016  -8.4219940853011569E-017   7.3652216422323834E-016  -9.5095192748556659E-011   2.5489965480536340E-011
