  0.16920460146865512        6.9008238527773740E-009  -1.5919200109503777E-008  -8.8392053381427819E-009  -4.3668922607574060E-009   8.7865060808952357E-009   1.5306654279337537E-009   1.2720323505662815E-008  -1.9523555334062406E-008  -8.3534342447512320E-009  0.28799748144627152        2.9483501432302022E-009  -7.8392071000065543E-009  -9.4555967181598165E-009   7.5640397393067438E-011   1.0999405246485007E-010  -9.2907557445381750E-010  -3.5341482524624677E-010  -7.9984293039211641E-010   2.5192832635359035E-010   2.5482022189303168E-010   1.0814352450106752E-010  -4.5187102930891510E-010   6.1188642117058932E-010   2.2870867382276747E-009   4.9389852506481819E-009  -2.7831510496088980E-010  -8.0088878539822540E-010  -3.4542889607241172E-009  -1.4861979763676520E-009  0.16729792700140669        2.3047306795776258E-009  -4.6325434130318898E-009  -9.8409714389693681E-010   4.1558014205613001E-010   1.3138251334010463E-010   1.7099872692599964E-009  -2.5438875395410022E-009  -7.2588888325855998E-010 -0.18557803885715729       -2.6676073557957494E-009   6.1398305943827377E-009   5.3834504181026547E-009   2.0695512858130770E-010  -3.2744710987622463E-009   4.9999363170011797E-011  -2.1152975370197337E-009   5.2422141012109811E-009   1.9083421037618386E-009   5.0505001653332803E-009   5.4186305652829059E-002   8.1052044343136118E-010  -1.8801843155775994E-009  -2.0811487143664228E-009   7.0225936635732933E-010
   6.9008238527773740E-009  0.16920461642560247       -3.0590556778815273E-008  -1.1753670048389819E-008  -4.1322985526175984E-009   1.3546732945632318E-008  -1.5891731489774251E-008   1.3469956855767245E-008  -1.6842628085123381E-008  -9.3376518207167257E-009   4.2206975654061708E-009  0.28799748972230338       -1.5107556430004501E-008  -1.1986984458982760E-008   2.8472155458573851E-010  -7.6072823933810417E-010   3.3376859860908675E-010   8.3226954885188468E-011  -7.8443012599906180E-010  -4.6522056749636197E-010   3.4012050052114913E-010  -1.2093830671563545E-009   3.0438773061472516E-010   6.5264487107962777E-010  -3.3039136961324628E-009   3.5680610889162613E-009  -3.1674123517383790E-009   5.2499832824911336E-009  -2.7920064476253988E-009  -1.9460748649481078E-009   2.7258974209804972E-009  0.16729793176144089       -9.3324245963220689E-009  -1.9620371613592850E-010   9.9857663500061013E-010  -2.1208375363212314E-009   8.3486907069497464E-010  -2.1540616883771124E-009  -6.3867321433874828E-010  -3.2467870652565974E-009 -0.18557804507215936        1.2021311086152617E-008   6.7505528592523842E-009   1.8904616589424670E-009  -3.5705742556481573E-009   4.5631366965905466E-009  -4.1703889119610418E-009   4.6976756377589802E-009   2.2799254266207200E-009   6.7555223490942209E-009   9.8740354172817921E-010   5.4186307552800017E-002  -3.6758075951783597E-009  -2.7087357486287610E-009   9.3091734642149519E-010
  -1.5919200109503777E-008  -3.0590556778815273E-008  0.16920460850577509        7.9345507669444072E-009   4.4977269222403197E-009  -1.8524381957911380E-008   9.1310602274219093E-009  -1.4978729779525233E-008   3.2519235556524386E-009   1.0481004260582527E-008  -9.8835112623886575E-009  -1.8314278132675876E-008  0.28799748556136801        9.5477064331224537E-009   5.3186834996159642E-010   1.1701724752405009E-010  -2.2228179668929905E-010  -1.3980387404886541E-010  -6.7951403369935180E-010  -5.7377232990334055E-010   6.6856348289733121E-010   1.2630111517045457E-010  -1.0139898853031666E-009   7.1515578532448815E-011   4.5348268316289043E-011  -4.9895589338620300E-010   4.3385497019190503E-009  -2.3426220906446768E-009   4.9742478609983233E-009   2.2972691692574297E-009  -5.3545419576636334E-009  -1.0724402552894069E-008  0.16729792894078857        3.8496135147949855E-010  -1.9245841454584228E-009   9.3772386641052399E-010  -1.9465534717128797E-009  -4.7428185763199062E-012   1.5615862908516625E-009   7.0954804466760220E-009   1.3666493497439472E-008 -0.18557804161728736       -5.8426220862624095E-009  -7.2128080731521400E-010   3.4707562680401414E-009  -3.4611475656541005E-009   3.8520262403510362E-009  -2.5983548802999498E-009  -3.1307463549607083E-009  -4.0259407050896655E-009  -2.1715436391899125E-009  -4.1750356512099873E-009   5.4186306496731666E-002   1.9106181245599995E-009  -5.8750345985820232E-010
  -8.8392053381427819E-009  -1.1753670048389819E-008   7.9345507669444072E-009  0.65472617089353125        6.4426708268793768E-010  -8.3879008143351858E-010  -1.1821611951947599E-009   1.0734689955634202E-009  -1.7251179863368917E-009  -1.7180806840233489E-009   8.1408776015071303E-009   1.1144492819315827E-008  -5.2607268747573012E-009  0.78323830757010049       -1.6205783225896953E-009   2.8141203254353552E-010   1.8019962240467672E-010   2.0826716959562245E-009  -3.6422055643655835E-009   9.1561811765999734E-011   3.8972270700558767E-010  -3.0502169845846453E-009  -8.0427943768334372E-010   2.1391850721283259E-009   7.5854544551018330E-010  -2.6164362715246037E-009   4.8067213301373209E-010  -7.0705329310351003E-010   2.4722463041147075E-009  -5.0187098501846214E-011   8.3168239633822837E-009   1.1162186128831707E-008  -2.7827559221281203E-009   2.4410540284480382E-010   6.3383497982104369E-011   3.1696103225777388E-011   3.1817809569575260E-010  -1.0805225219490077E-010  -5.6086583591520876E-010  -6.9593653098735590E-009  -9.5738070377360804E-009   1.9060851835252965E-009 -0.49847562038941823        1.3587945573379378E-010   4.9225802703408397E-010   3.1309802183081674E-010   1.2087261603974024E-010   4.0679209892803953E-010  -2.5653099121559325E-010 -0.32608906350104433        2.1279015566730150E-009   2.9434864288484233E-009  -5.2471247384989046E-010  0.16098913081336863       -4.7407111905257308E-002
  -4.3668922607574060E-009  -4.1322985526175984E-009   4.4977269222403197E-009   6.4426708268793768E-010   1.7736165356562036E-004  -7.4039088852492817E-014   7.5011738177203563E-016  -8.8680826661234892E-005   1.6496196245311534E-012  -8.8680826904310593E-005  -7.4739660680216148E-009  -7.0172531381886183E-009   7.6610380975978895E-009   7.5865819322024829E-010   2.2581743216301270E-011   3.1578709865405928E-011   1.8853603934019540E-012  -1.4423636441289812E-011  -1.0593563372770384E-012  -1.5872945949006083E-011  -1.6961674197696547E-011  -1.1835506020333286E-012  -8.8222973138732419E-012  -5.2308770059255599E-013  -9.0264067464451779E-005  -1.3224126685174992E-012   1.8777441311991726E-012   4.5132034394345080E-005  -9.5363248778643204E-012   4.5132033069580359E-005  -4.2351673108725446E-009  -4.1235984837322050E-009   4.4303402790461195E-009   3.3811215922112288E-003   4.0395497343104120E-014   2.0367218813513239E-012  -1.6905607934918176E-003   2.6748592254651063E-011  -1.6905607987201647E-003   5.3088858548643735E-009   4.2483984006298036E-009  -5.1041718889222524E-009  -5.0655493895270276E-010   1.7158632545788619E-002  -3.4719665582977345E-012   1.3333726406567904E-011  -8.5793162631633956E-003   8.4803530054276131E-011  -8.5793162826234819E-003  -3.2092534412270449E-010  -1.6904194638844192E-009  -1.2341494913141323E-009   1.5650540921064538E-009   1.7402699328596751E-010  -5.0653345996391341E-011
   8.7865060808952357E-009   1.3546732945632318E-008  -1.8524381957911380E-008  -8.3879008143351858E-010  -7.4039088852492817E-014   1.7736166379700248E-004   3.1126703653072173E-012   2.1928366807061389E-012   5.5231890822192251E-012  -2.1187117068449823E-012   1.4924555197244486E-008   2.3050391566673608E-008  -3.1556387971213234E-008  -9.9271325512903470E-010  -2.1034182828861270E-011   2.1805452756640151E-011   1.5166330688965939E-012   3.5707891045986185E-011   2.6434030785238080E-012  -7.4875738513172269E-012  -1.2295163313228416E-011   1.9414975283545260E-013  -5.3097145784293549E-012  -1.2751474421017645E-012  -1.1021513054566454E-012  -9.0264071213717840E-005   6.8020330573502017E-012  -1.4955323529904438E-012   2.2515766398186039E-012   2.5975589230071223E-012   8.7567822971542079E-009   1.3408687742921238E-008  -1.8253104803862800E-008   2.3127094674574629E-013   3.3811216909355236E-003   2.7229113242301394E-011   1.7430739513599953E-011   5.4489903425792325E-011  -1.7662105060408245E-011  -9.2058757697026108E-009  -1.4873220880307082E-008   2.0956618162949940E-008   6.6874435795524705E-010  -3.6578097685540335E-012   1.7158633039590698E-002   1.9077371184889295E-010   8.9289616328810259E-011   3.0433383440961084E-010  -8.5631820068871701E-011   4.3639197629039094E-010   2.7015269371931924E-009   4.4769138143168693E-009  -6.4076473781232643E-009  -2.3679192976735941E-010   6.8910092673262747E-011
   1.5306654279337537E-009  -1.5891731489774251E-008   9.1310602274219093E-009  -1.1821611951947599E-009   7.5011738177203563E-016   3.1126703653072173E-012   1.7736165726616254E-004   1.6474969909551012E-012   6.1518010780658257E-012  -1.6487439709007598E-012   2.6046731609906723E-009  -2.7082369386415937E-008   1.5530192411618356E-008  -1.4202331717148747E-009  -1.3806412824174172E-012   1.7158788754915187E-012   2.4149687843098045E-011  -2.9587146406330327E-013   2.6134908720727315E-011   2.1481930783716360E-012  -1.2707923021003719E-012  -6.1010550315856180E-012  -1.0914849141599963E-014  -1.3452672424466512E-011   1.9702117552709457E-012   7.3211965501966908E-012  -9.0264068356976331E-005  -4.1549682229291867E-012  -3.0787807552961640E-012   2.1853582813363312E-012   1.4989552269471498E-009  -1.5667088307393764E-008   9.0652308474511013E-009  -3.2702993099945042E-012   1.2743568168519274E-011   3.3811216286517734E-003   1.9883636355975870E-011   6.0625116439895309E-011  -1.6612481829752726E-011  -1.8614452651185916E-009   1.7672553889463275E-008  -9.7672487941523647E-009   8.6201889829912160E-010  -1.3977402459579153E-011   1.1571282142707626E-010   1.7158632723777392E-002   8.0089829620910812E-011   2.8352321410225863E-010  -6.6112404531146846E-011   5.7077977509040040E-010   5.7910183658268241E-010  -5.3748664402857735E-009   2.9060368338994028E-009  -2.6341680102619832E-010   8.1084964176434060E-011
   1.2720323505662815E-008   1.3469956855767245E-008  -1.4978729779525233E-008   1.0734689955634202E-009  -8.8680826661234892E-005   2.1928366807061389E-012   1.6474969909551012E-012   1.7736165503514268E-004   9.1848996483795960E-013  -8.8680828373900573E-005   2.1678823031241389E-008   2.2895580545871250E-008  -2.5520898712512721E-008   1.2805532979938394E-009  -1.0106833959250985E-011  -2.3901455417499636E-011  -4.5401801866545808E-013   1.8153496837125367E-011   3.0933393716033690E-013  -4.5937627891740124E-012   3.3907515059401897E-011   3.9089697302791215E-012  -2.1590227242684509E-011  -2.5751988582335784E-012   4.5132034471608586E-005  -1.7745806000251246E-012  -4.1402788213625645E-012  -9.0264071492870518E-005   4.2497836218967239E-012   4.5132037022518129E-005   1.2510553702958134E-008   1.3383008470450658E-008  -1.4764440664909135E-008  -1.6905607952077647E-003   2.3836758003185193E-011   1.9271716398973311E-011   3.3811216099181147E-003   7.2895361571618576E-012  -1.6905608147090852E-003  -1.4482220517298629E-008  -1.4488712476539140E-008   1.6718711971159246E-008  -7.9297237415796802E-010  -8.5793162719868966E-003   1.2328289985297592E-010   7.7505376989140992E-011   1.7158632615794419E-002   5.7986222102639047E-011  -8.5793163438064712E-003  -5.1228525128056092E-010   4.4545343579095950E-009   4.3090302494446934E-009  -5.0894551355888673E-009   2.4647329177486288E-010  -7.4762069319538082E-011
  -1.9523555334062406E-008  -1.6842628085123381E-008   3.2519235556524386E-009  -1.7251179863368917E-009   1.6496196245311534E-012   5.5231890822192251E-012   6.1518010780658257E-012   9.1848996483795960E-013   1.7736165943086214E-004  -2.5680802493905317E-012  -3.3265448631747531E-008  -2.8703762641853725E-008   5.5017899582893062E-009  -2.0828326946700447E-009  -1.9616353634445004E-012  -1.0882617419384929E-012  -1.0060644590244916E-011   1.6428213797698250E-012   1.5680555899979914E-011   9.8898632395365460E-013  -2.2290226527553908E-012   3.4952085103767935E-011   4.0788033213227050E-012  -1.8553005663756390E-011  -9.3837014030007028E-012   2.7570414336699790E-012  -3.2390063173983942E-012   4.2086052772284798E-012  -9.0264072112378923E-005   5.1750494423310659E-012  -1.9247542509194039E-008  -1.6609164521901487E-008   3.3047151974158186E-009   2.3957860618482698E-011   4.0444439409218671E-011   6.5142972261659721E-011   2.2085656131286488E-012   3.3811216539570651E-003  -2.6166501892888494E-011   2.1733988675013712E-008   1.8725982873065690E-008  -2.9605233623841228E-009   1.2193667836592936E-009   6.9856490983417202E-011   2.3274404663884835E-010   3.0693299682483384E-010   3.2507367754465664E-011   1.7158632826703071E-002  -1.0236387777410780E-010   8.0790257520888809E-010  -6.6136202862226148E-009  -5.6972975675167168E-009   7.9212016110224985E-010  -3.4961500716564328E-010   1.1020780024385385E-010
  -8.3534342447512320E-009  -9.3376518207167257E-009   1.0481004260582527E-008  -1.7180806840233489E-009  -8.8680826904310593E-005  -2.1187117068449823E-012  -1.6487439709007598E-012  -8.8680828373900573E-005  -2.5680802493905317E-012   1.7736165527812908E-004  -1.4204862047230399E-008  -1.5878316417606036E-008   1.7859863084904166E-008  -2.0396431771881686E-009  -1.2474909256182369E-011  -7.6772544480677396E-012  -1.4313423748613689E-012  -3.7298603968965442E-012   7.5002240193800606E-013   2.0466708738076653E-011  -1.6945840861889266E-011  -2.7254191266597692E-012   3.0412524556965940E-011   3.0982865577370566E-012   4.5132032992805097E-005   3.0969495611642085E-012   2.2627875563952020E-012   4.5132037098521772E-005   5.2865263229388307E-012  -9.0264070092056713E-005  -8.2753891699620789E-009  -9.2594031979079509E-009   1.0334101721779579E-008  -1.6905607970020367E-003  -2.3875516249714420E-011  -2.1317910186990713E-011  -1.6905608164261596E-003  -3.4037569103701648E-011   3.3811216134276849E-003   9.1733461605190284E-009   1.0240320216101883E-008  -1.1614540577460863E-008   1.2995159128696716E-009  -8.5793162737944784E-003  -1.1980262451814483E-010  -9.0887171753736678E-011  -8.5793163526303225E-003  -1.4278691376234097E-010   1.7158632626422012E-002   8.3305590566010696E-010  -2.7641063565859475E-009  -3.0748795407202382E-009   3.5244188567160781E-009  -4.2035561065335473E-010   1.2535877725214055E-010
  0.28799748144627152        4.2206975654061708E-009  -9.8835112623886575E-009   8.1408776015071303E-009  -7.4739660680216148E-009   1.4924555197244486E-008   2.6046731609906723E-009   2.1678823031241389E-008  -3.3265448631747531E-008  -1.4204862047230399E-008  0.49029047928081559       -7.7884166789118298E-009   1.5949774698350347E-008   1.1599271632549138E-008   1.2893771183200039E-010   1.8701278608934639E-010  -1.5813622419157030E-009  -6.0180902266501638E-010  -1.3612177366482518E-009   4.2881373565530983E-010   4.3391057040723798E-010   1.8399112037038535E-010  -7.6916452151671603E-010   1.0415385994416246E-009   3.9248801713393245E-009   8.4345453986995676E-009  -4.7295366107989078E-010  -1.3824899545494425E-009  -5.8588438260021285E-009  -2.5423902555550323E-009  0.28437972397393357       -3.5251628346328643E-009   9.1543507745494638E-009  -2.4188566652407083E-009   1.4431618482230158E-010   1.9378114324036759E-010   3.3877439673296337E-009  -4.9536995480556593E-009  -9.6888519784876076E-010 -0.32672785542177746        3.4748769257155267E-009  -7.8697853433229656E-009  -9.0487565753989941E-009  -3.3328187739872353E-009  -8.3487480770082849E-009  -7.2369243720899278E-011  -1.2374814196617949E-009   5.8038785938611763E-009   4.5702996774155036E-009  -3.5734963358415500E-009  0.10607537872384465       -1.0264235219765313E-009   2.2780239709652491E-009   2.8756287814961413E-009  -7.0132890363992387E-010
   2.9483501432302022E-009  0.28799748972230338       -1.8314278132675876E-008   1.1144492819315827E-008  -7.0172531381886183E-009   2.3050391566673608E-008  -2.7082369386415937E-008   2.2895580545871250E-008  -2.8703762641853725E-008  -1.5878316417606036E-008  -7.7884166789118298E-009  0.49029046412623023        3.1728944738439043E-008   1.6793390955495737E-008   4.8483554027492882E-010  -1.2948756789837654E-009   5.6800537832978077E-010   1.4140942204549415E-010  -1.3352846878664977E-009  -7.9188380558013883E-010   5.7890239797126901E-010  -2.0581599632098691E-009   5.1816097582428538E-010   1.1106962974488625E-009  -5.6386278181204126E-009   6.0843056586094694E-009  -5.3712387735998961E-009   8.9666670995613675E-009  -4.7306689702525981E-009  -3.3280482930498707E-009  -4.0655921486680131E-009  0.28437971506805199        1.7528477788364322E-008  -4.2078758126456896E-011   1.5461860156115217E-009  -4.2164117240224285E-009   8.2872609972647225E-010  -4.3262845867902663E-009  -7.8666072329975928E-010   3.9047386354025827E-009 -0.32672784769430646       -1.5470647243748719E-008  -1.3100698196224059E-008   4.6531803453290872E-009  -6.8249448144258980E-009   4.7300092837933312E-009  -1.0016607277839951E-008   4.6886483134311585E-009   5.3634238223586837E-009  -4.9929339492813505E-009  -1.1557979024267449E-009  0.10607537647758575        4.4975348210289724E-009   4.1542822716507562E-009  -1.0014987685466106E-009
  -7.8392071000065543E-009  -1.5107556430004501E-008  0.28799748556136801       -5.2607268747573012E-009   7.6610380975978895E-009  -3.1556387971213234E-008   1.5530192411618356E-008  -2.5520898712512721E-008   5.5017899582893062E-009   1.7859863084904166E-008   1.5949774698350347E-008   3.1728944738439043E-008  0.49029047290609507       -6.2225136519434958E-009   9.0535654168878379E-010   1.9897893011810470E-010  -3.7833427069673534E-010  -2.3810303427801227E-010  -1.1570082252170790E-009  -9.7656011701160480E-010   1.1378217793935331E-009   2.1479943297396811E-010  -1.7255280691133679E-009   1.2185061486748621E-010   7.4664217884810598E-011  -8.3417492793340852E-010   7.3980240410078715E-009  -3.9714869803582789E-009   8.4957231338973750E-009   3.8968147902033954E-009   9.9455992633070752E-009   1.8328258492234020E-008  0.28437971948491286        7.4227051154232970E-010  -3.7107794235623908E-009   1.3849779106578531E-009  -3.7731489002909223E-009  -5.9853007996457097E-010   3.0308683760000884E-009  -8.5167440773977089E-009  -1.6228094764679621E-008 -0.32672785197114618        4.0501640235049600E-009  -7.9604535825760253E-010   3.7468210049215356E-009  -6.9135031963039324E-009   4.2603831161939410E-009  -7.3237457870706450E-009  -3.4643393233274696E-009   2.1482513823798167E-009   2.4732496274241345E-009   4.7285686485171393E-009  0.10607537773115797       -1.1453970951848535E-009   3.2617393644274937E-010
  -9.4555967181598165E-009  -1.1986984458982760E-008   9.5477064331224537E-009  0.78323830757010049        7.5865819322024829E-010  -9.9271325512903470E-010  -1.4202331717148747E-009   1.2805532979938394E-009  -2.0828326946700447E-009  -2.0396431771881686E-009   1.1599271632549138E-008   1.6793390955495737E-008  -6.2225136519434958E-009  0.93951351031430108       -1.9384191644285724E-009   3.3659674767514184E-010   2.1425211141677632E-010   2.4901215031939219E-009  -4.3565869500773823E-009   1.1054016065254034E-010   4.6511645734195833E-010  -3.6495316072843287E-009  -9.6061541940285646E-010   2.5605066705303722E-009   9.1908421767524350E-010  -3.1451539347995881E-009   5.8511962587392389E-010  -8.4767070764992662E-010   2.9857888554440995E-009  -6.9807666738651387E-011   1.1137163461519444E-008   1.5527918522239155E-008  -3.2487989160425470E-009   6.9852858059166515E-011   2.5727310296090235E-010  -4.7385512882806917E-011   2.8766759579858874E-010  -4.1839984014069482E-010  -3.5577090265854968E-010  -8.3016178489597098E-009  -1.1761588674122911E-008   2.8607276330644394E-009 -0.56091858425252061       -9.3073055297063576E-010   1.4542167800423460E-009  -2.5265586578874035E-011  -3.4105479892491647E-010  -8.7603364366400004E-010   1.2720723166327416E-009 -0.34768805165969774        2.4692674661451466E-009   3.4969378321141580E-009  -8.6860013267366864E-010  0.16595549487828093       -5.3014381508064576E-002
   7.5640397393067438E-011   2.8472155458573851E-010   5.3186834996159642E-010  -1.6205783225896953E-009   2.2581743216301270E-011  -2.1034182828861270E-011  -1.3806412824174172E-012  -1.0106833959250985E-011  -1.9616353634445004E-012  -1.2474909256182369E-011   1.2893771183200039E-010   4.8483554027492882E-010   9.0535654168878379E-010  -1.9384191644285724E-009   1.1610237150656533E-017  -1.9960690207337712E-019  -1.0110313382916302E-018  -1.1604246908173996E-017   4.3746645794906244E-018  -3.9725197212377018E-018   1.3828972151778432E-018   5.4778107552969136E-018  -1.6557959196007865E-018  -3.3294151803243398E-018  -1.1492454509593350E-011   1.0704853362944302E-011   7.0265417301034692E-013   5.1436289791933370E-012   9.9831859702619394E-013   6.3488255271022948E-012   7.3596214341019498E-011   2.8022299083347310E-010   5.2556034668768169E-010   4.3048542739889685E-010  -4.0098311742435234E-010  -2.6319861428092954E-011  -1.9267052280745783E-010  -3.7395067413938475E-011  -2.3781490459505695E-010  -1.2245849580198521E-010  -3.5458438580635967E-010  -5.9262676108974831E-010   1.2375573239372367E-009   2.1846423066549252E-009  -2.0349229387305525E-009  -1.3356894735921404E-010  -9.7777099139584753E-010  -1.8977376360199942E-010  -1.2068713152593883E-009   8.1145771395847648E-010   3.9769473451581460E-011   1.1071922300375854E-010   1.8133689685054462E-010  -4.0368138031890893E-010   1.2034785263975080E-010
   1.0999405246485007E-010  -7.6072823933810417E-010   1.1701724752405009E-010   2.8141203254353552E-010   3.1578709865405928E-011   2.1805452756640151E-011   1.7158788754915187E-012  -2.3901455417499636E-011  -1.0882617419384929E-012  -7.6772544480677396E-012   1.8701278608934639E-010  -1.2948756789837654E-009   1.9897893011810470E-010   3.3659674767514184E-010  -1.9960690207337712E-019   1.2516479387589009E-017  -1.3933018113133507E-018   1.3380119710112074E-018   1.2784448907597837E-018  -1.0702151003077863E-018  -6.8145030475422381E-018   3.6221432229729931E-018  -3.3737745367034660E-018  -1.6612964172900293E-018  -1.6071219906353076E-011  -1.1097424520382886E-011  -8.7319786022267548E-013   1.2164029502663831E-011   5.5389203443188991E-013   3.9071904041071023E-012   1.1005324153007013E-010  -7.5196911217924683E-010   1.1692358655464462E-010   6.0199818343707012E-010   4.1568802445100103E-010   3.2709053678939557E-011  -4.5564255965124609E-010  -2.0747231484389203E-011  -1.4635562378537422E-010  -7.7390921670711036E-011   8.3919594021002939E-010  -8.7512209774238073E-011  -2.1506712491521929E-010   3.0550411453103336E-009   2.1095479755935441E-009   1.6599296760604478E-010  -2.3123105467735084E-009  -1.0528883214608934E-010  -7.4273059853653155E-010  -1.4106611018409540E-010   1.9555132507361426E-011  -2.5416367423953079E-010   2.2881364940842239E-011   7.0978032788696046E-011  -2.1172171344942134E-011
  -9.2907557445381750E-010   3.3376859860908675E-010  -2.2228179668929905E-010   1.8019962240467672E-010   1.8853603934019540E-012   1.5166330688965939E-012   2.4149687843098045E-011  -4.5401801866545808E-013  -1.0060644590244916E-011  -1.4313423748613689E-012  -1.5813622419157030E-009   5.6800537832978077E-010  -3.7833427069673534E-010   2.1425211141677632E-010  -1.0110313382916302E-018  -1.3933018113133507E-018   9.9961688561965986E-018   2.9213379578794726E-018   5.4142695799128223E-018  -1.5648732984332957E-018  -1.7372292307406723E-018  -6.7975281065339924E-018   3.7240000713769378E-018  -2.3840932203324491E-018  -9.5952312413300316E-013  -7.7187288908966218E-013  -1.2290455662301244E-011   2.3106688394817916E-013   5.1201727625948979E-012   7.2845624059855734E-013  -9.1880390954753264E-010   3.3067116784301524E-010  -2.1988908197680286E-010   3.5941249374318573E-011   2.8912178964036327E-011   4.6037688524887626E-010  -8.6547028939488551E-012  -1.9179171651948292E-010  -2.7286546479906623E-011   1.0107092187473356E-009  -3.4345579426483946E-010   2.3955236344917946E-010  -1.5589026761848258E-010   1.8239587643360423E-010   1.4672452413523502E-010   2.3363365510159585E-009  -4.3921165036141888E-011  -9.7331128916639362E-010  -1.3847471139738395E-010  -1.1191132638517444E-010  -3.0539615997962231E-010   1.0196859471683939E-010  -7.2909870195419261E-011   6.2375311240446563E-011  -1.7789142188270285E-011
  -3.5341482524624677E-010   8.3226954885188468E-011  -1.3980387404886541E-010   2.0826716959562245E-009  -1.4423636441289812E-011   3.5707891045986185E-011  -2.9587146406330327E-013   1.8153496837125367E-011   1.6428213797698250E-012  -3.7298603968965442E-012  -6.0180902266501638E-010   1.4140942204549415E-010  -2.3810303427801227E-010   2.4901215031939219E-009  -1.1604246908173996E-017   1.3380119710112074E-018   2.9213379578794726E-018   1.6800799139192574E-017  -9.0376047683487806E-018  -1.2320616516731479E-018   1.2996088322614634E-018  -9.8861693080221962E-018  -3.0816156322143191E-018   5.1912963431438140E-018   7.3405710517687907E-012  -1.8172712162284531E-011   1.5056377403879051E-013  -9.2387963913523745E-012  -8.3605189514375737E-013   1.8982253438120523E-012  -3.4781952379503933E-010   8.3843555136771906E-011  -1.3735343255543220E-010  -2.7496409463042024E-010   6.8071486819291983E-010  -5.6399097085037525E-012   3.4606800182512032E-010   3.1317340212072311E-011  -7.1103907190106234E-011   4.4058597514044615E-010  -3.9656914775199908E-011   1.8211074542283660E-010  -1.6049974852121042E-009  -1.3953972897258923E-009   3.4545153010842174E-009  -2.8621584037615383E-011   1.7562378402211145E-009   1.5893030228672489E-010  -3.6084055049451611E-010  -1.0600337922855762E-009  -1.3711862274231949E-010   7.0416939946299866E-012  -5.7541799354231458E-011   5.3405850830180378E-010  -1.5861459420469480E-010
  -7.9984293039211641E-010  -7.8443012599906180E-010  -6.7951403369935180E-010  -3.6422055643655835E-009  -1.0593563372770384E-012   2.6434030785238080E-012   2.6134908720727315E-011   3.0933393716033690E-013   1.5680555899979914E-011   7.5002240193800606E-013  -1.3612177366482518E-009  -1.3352846878664977E-009  -1.1570082252170790E-009  -4.3565869500773823E-009   4.3746645794906244E-018   1.2784448907597837E-018   5.4142695799128223E-018  -9.0376047683487806E-018   3.5695510934339898E-017   3.1683962369523646E-018  -8.1409472570099952E-018   2.3752319155750054E-017   9.6438809553302428E-018  -2.1739402916526163E-017   5.3914355565093342E-013  -1.3453325434390764E-012  -1.3300736247032879E-011  -1.5747044301362931E-013  -7.9801719626032714E-012  -3.8167311975843345E-013  -7.9215504509891998E-010  -7.7502686592762118E-010  -6.6936184357964776E-010  -2.0195310368575007E-011   5.0392799789049480E-011   4.9822032343869263E-010   5.8982602555651420E-012   2.9892201782249190E-010   1.4297050105311742E-011   8.3159730166709843E-010   8.7748646307213637E-010   8.2696474861667915E-010   2.7807470277762930E-009  -1.0248788289169588E-010   2.5573514068296219E-010   2.5283856533077845E-009   2.9932736114430980E-011   1.5169796130217104E-009   7.2555146776041175E-011   1.8230007357006378E-009  -2.4935925252880536E-010  -2.6793182556512895E-010  -2.5620541299913626E-010  -9.0633685203542640E-010   2.7022085844749379E-010
   2.5192832635359035E-010  -4.6522056749636197E-010  -5.7377232990334055E-010   9.1561811765999734E-011  -1.5872945949006083E-011  -7.4875738513172269E-012   2.1481930783716360E-012  -4.5937627891740124E-012   9.8898632395365460E-013   2.0466708738076653E-011   4.2881373565530983E-010  -7.9188380558013883E-010  -9.7656011701160480E-010   1.1054016065254034E-010  -3.9725197212377018E-018  -1.0702151003077863E-018  -1.5648732984332957E-018  -1.2320616516731479E-018   3.1683962369523646E-018   6.5617481567300765E-018  -3.1549667293364694E-018   2.5369108211564910E-018   5.3031117033460272E-018  -7.2443176796056253E-019   8.0781719381485577E-012   3.8106444800313905E-012  -1.0932717233857670E-012   2.3378973282483007E-012  -5.0333187757738332E-013  -1.0416069266200971E-011   2.4907539594268526E-010  -4.5980172310369489E-010  -5.6775966943609577E-010  -3.0259261098472619E-010  -1.4273957076549017E-010   4.0951651311476735E-011  -8.7573496153507910E-011   1.8853363435307349E-011   3.9016610713849414E-010  -2.7629333613154793E-010   5.1538129080255451E-010   6.1298239603485217E-010  -5.5359445125222917E-011  -1.5356074162939291E-009  -7.2437972770296894E-010   2.0782283736552689E-010  -4.4442103815881707E-010   9.5677695830148104E-011   1.9800284544524570E-009  -2.8650592869730620E-011   8.3766956389593951E-011  -1.5558558376570907E-010  -1.8574724921858443E-010   7.5371687036820131E-012  -2.8502085299031920E-012
   2.5482022189303168E-010   3.4012050052114913E-010   6.6856348289733121E-010   3.8972270700558767E-010  -1.6961674197696547E-011  -1.2295163313228416E-011  -1.2707923021003719E-012   3.3907515059401897E-011  -2.2290226527553908E-012  -1.6945840861889266E-011   4.3391057040723798E-010   5.7890239797126901E-010   1.1378217793935331E-009   4.6511645734195833E-010   1.3828972151778432E-018  -6.8145030475422381E-018  -1.7372292307406723E-018   1.2996088322614634E-018  -8.1409472570099952E-018  -3.1549667293364694E-018   1.1314486529142559E-017  -3.2461138348216354E-018  -8.3655163388412201E-018   3.7142644223699717E-018   8.6322470354919694E-012   6.2573297902261618E-012   6.4675235572523982E-013  -1.7256444409127201E-011   1.1343936468756656E-012   8.6241973746097392E-012   2.5083452862139584E-010   3.3642317082605717E-010   6.6199478339570318E-010  -3.2334776337629501E-010  -2.3438736090311872E-010  -2.4225770002604709E-011   6.4639379494259028E-010  -4.2491844066504796E-011  -3.2304603156526760E-010  -3.1605650670670189E-010  -3.6793154060877916E-010  -6.9983789378056483E-010  -3.1241450204501288E-010  -1.6409363860050927E-009  -1.1894770410183296E-009  -1.2294178356794957E-010   3.2803415548995628E-009  -2.1563902510657485E-010  -1.6394051688941540E-009  -2.1267106395911401E-010   9.8268682051235530E-011   1.1091408809984365E-010   2.1025052245651721E-010   1.1172885299441125E-010  -3.2669633146859834E-011
   1.0814352450106752E-010  -1.2093830671563545E-009   1.2630111517045457E-010  -3.0502169845846453E-009  -1.1835506020333286E-012   1.9414975283545260E-013  -6.1010550315856180E-012   3.9089697302791215E-012   3.4952085103767935E-011  -2.7254191266597692E-012   1.8399112037038535E-010  -2.0581599632098691E-009   2.1479943297396811E-010  -3.6495316072843287E-009   5.4778107552969136E-018   3.6221432229729931E-018  -6.7975281065339924E-018  -9.8861693080221962E-018   2.3752319155750054E-017   2.5369108211564910E-018  -3.2461138348216354E-018   3.0209680316120333E-017   7.3312153444784962E-019  -1.7450415572709539E-017   6.0237398722403355E-013  -9.8869183756776962E-014   3.1050772540892412E-012  -1.9894673054253444E-012  -1.7787976747457616E-011   1.3870933121421414E-012   1.0743322368147544E-010  -1.1979448417377509E-009   1.2597568811203531E-010  -2.2563053123664968E-011   3.7030676503628473E-012  -1.1630945229175122E-010   7.4520351808379024E-011   6.6630440173863213E-010  -5.1957298691296802E-011  -1.0153848187132844E-010   1.2514464086985088E-009  -1.0197705592949293E-010   2.3139105044255115E-009  -1.1450378562025155E-010   1.8792526515073924E-011  -5.9025134408305178E-010   3.7817852850696717E-010   3.3813844616144036E-009  -2.6367474288770737E-010   1.5090998163682589E-009   2.9349812520068609E-011  -3.7326626040698055E-010   2.7099318602740743E-011  -7.4420560122188091E-010   2.2252207750904705E-010
  -4.5187102930891510E-010   3.0438773061472516E-010  -1.0139898853031666E-009  -8.0427943768334372E-010  -8.8222973138732419E-012  -5.3097145784293549E-012  -1.0914849141599963E-014  -2.1590227242684509E-011   4.0788033213227050E-012   3.0412524556965940E-011  -7.6916452151671603E-010   5.1816097582428538E-010  -1.7255280691133679E-009  -9.6061541940285646E-010  -1.6557959196007865E-018  -3.3737745367034660E-018   3.7240000713769378E-018  -3.0816156322143191E-018   9.6438809553302428E-018   5.3031117033460272E-018  -8.3655163388412201E-018   7.3312153444784962E-019   1.4597260233309168E-017  -3.3219917587470556E-018   4.4898764324947453E-012   2.7023124506765265E-012   5.4797471224568312E-015   1.0987908687995443E-011  -2.0758377001820727E-012  -1.5477785122215475E-011  -4.4658282800178420E-010   3.0058911937139743E-010  -1.0050833215358882E-009  -1.6818280559830831E-010  -1.0122351189083696E-010  -2.0644389109271381E-013  -4.1158529059082609E-010   7.7755905764153992E-011   5.7976809618730574E-010   5.0142587811461689E-010  -3.4554680731353768E-010   1.0264459626588667E-009   6.3421440757975041E-010  -8.5349989798270332E-010  -5.1369265103870365E-010  -1.0475884724419380E-012  -2.0887272988439477E-009   3.9459835057933182E-010   2.9422271968259331E-009   4.2639359695393714E-010  -1.5139604208460074E-010   1.0535940560803827E-010  -3.0496293910919919E-010  -2.2087679089813106E-010   6.5005964240802254E-011
   6.1188642117058932E-010   6.5264487107962777E-010   7.1515578532448815E-011   2.1391850721283259E-009  -5.2308770059255599E-013  -1.2751474421017645E-012  -1.3452672424466512E-011  -2.5751988582335784E-012  -1.8553005663756390E-011   3.0982865577370566E-012   1.0415385994416246E-009   1.1106962974488625E-009   1.2185061486748621E-010   2.5605066705303722E-009  -3.3294151803243398E-018  -1.6612964172900293E-018  -2.3840932203324491E-018   5.1912963431438140E-018  -2.1739402916526163E-017  -7.2443176796056253E-019   3.7142644223699717E-018  -1.7450415572709539E-017  -3.3219917587470556E-018   1.4783766111847150E-017   2.6619793943607195E-013   6.4901547692407886E-013   6.8463848806903133E-012   1.3106495077795097E-012   9.4420344587941982E-012  -1.5768474430077211E-012   6.0475979544359257E-010   6.4642798732020194E-010   6.9974260447613003E-011  -9.9713198432631243E-012  -2.4310068959191315E-011  -2.5645302419298642E-010  -4.9093926082908571E-011  -3.5368127977396600E-010   5.9065245930733012E-011  -6.7765581491482251E-010  -6.7677732462484566E-010  -1.0253962674491753E-010  -1.6084937653313167E-009  -5.0602767341046521E-011  -1.2336963024852674E-010  -1.3014566010144594E-009  -2.4914362137832333E-010  -1.7948738315124676E-009   2.9974638872005068E-010  -1.0414031463668967E-009   2.0575335574069931E-010   2.0221334061428734E-010   3.4149664275985890E-011   5.0820683532910137E-010  -1.5260016137740354E-010
   2.2870867382276747E-009  -3.3039136961324628E-009   4.5348268316289043E-011   7.5854544551018330E-010  -9.0264067464451779E-005  -1.1021513054566454E-012   1.9702117552709457E-012   4.5132034471608586E-005  -9.3837014030007028E-012   4.5132032992805097E-005   3.9248801713393245E-009  -5.6386278181204126E-009   7.4664217884810598E-011   9.1908421767524350E-010  -1.1492454509593350E-011  -1.6071219906353076E-011  -9.5952312413300316E-013   7.3405710517687907E-012   5.3914355565093342E-013   8.0781719381485577E-012   8.6322470354919694E-012   6.0237398722403355E-013   4.4898764324947453E-012   2.6619793943607195E-013   4.5937787066525707E-005   1.2526302764314040E-012  -1.9580381826971621E-012  -2.2968894278433468E-005   9.2020957367922255E-012  -2.2968892787824366E-005   2.1531780172308029E-009  -3.2082430968667422E-009   5.1667720309966790E-011  -1.7207427951307622E-003  -2.1736623964040785E-011   3.6517752559660995E-011   8.6037141151995393E-004  -1.7650503425523168E-010   8.6037138361119171E-004  -4.9486559208583655E-009   5.0446477912665039E-009  -1.5550657911685719E-011  -4.9059451556983471E-010  -8.7324849231916590E-003  -1.0843799501057648E-010   1.8379533344741906E-010   4.3662425342117350E-003  -8.6980905272450063E-010   4.3662423889790376E-003  -2.8491600712479825E-010   1.8416346470609129E-009  -1.7449398152743358E-009  -1.2624867007168350E-011   9.3116073308886740E-011  -3.1856601097712205E-011
   4.9389852506481819E-009   3.5680610889162613E-009  -4.9895589338620300E-010  -2.6164362715246037E-009  -1.3224126685174992E-012  -9.0264071213717840E-005   7.3211965501966908E-012  -1.7745806000251246E-012   2.7570414336699790E-012   3.0969495611642085E-012   8.4345453986995676E-009   6.0843056586094694E-009  -8.3417492793340852E-010  -3.1451539347995881E-009   1.0704853362944302E-011  -1.1097424520382886E-011  -7.7187288908966218E-013  -1.8172712162284531E-011  -1.3453325434390764E-012   3.8106444800313905E-012   6.2573297902261618E-012  -9.8869183756776962E-014   2.7023124506765265E-012   6.4901547692407886E-013   1.2526302764314040E-012   4.5937788234296550E-005  -7.9950826584442666E-012   1.0979391811719449E-012  -3.9814020769032363E-012  -2.3505059827240251E-012   4.7772111310204606E-009   3.4783090241467899E-009  -5.3725274960213712E-010  -2.6031239275554817E-011  -1.7207428176265491E-003   1.5593531339116007E-010  -2.1471676717265770E-011   7.8456432198796047E-011   4.7502964130446883E-011  -7.9467842106719557E-009  -5.2695569678678105E-009  -1.9596188481523281E-010   1.8389361980297072E-009  -1.2964472655382508E-010  -8.7324850336875075E-003   7.6458262024613860E-010  -1.0939029642246202E-010   3.8400403338423533E-010   2.3903502985002308E-010   1.1305062151738294E-009   2.7917037387534664E-009   1.8118719804131196E-009   1.3814672550531747E-010  -4.9131101910652358E-010   1.5365085799527080E-010
  -2.7831510496088980E-010  -3.1674123517383790E-009   4.3385497019190503E-009   4.8067213301373209E-010   1.8777441311991726E-012   6.8020330573502017E-012  -9.0264068356976331E-005  -4.1402788213625645E-012  -3.2390063173983942E-012   2.2627875563952020E-012  -4.7295366107989078E-010  -5.3712387735998961E-009   7.3980240410078715E-009   5.8511962587392389E-010   7.0265417301034692E-013  -8.7319786022267548E-013  -1.2290455662301244E-011   1.5056377403879051E-013  -1.3300736247032879E-011  -1.0932717233857670E-012   6.4675235572523982E-013   3.1050772540892412E-012   5.4797471224568312E-015   6.8463848806903133E-012  -1.9580381826971621E-012  -7.9950826584442666E-012   4.5937787017539772E-005   3.7936435228265777E-012   1.6230046595828352E-012  -1.8359116192168537E-012  -2.7005685439435081E-010  -3.1753918764722309E-009   4.2280178804051168E-009   3.7458347990124299E-011   1.5341859010083065E-010  -1.7207427948142879E-003  -7.3032020415846243E-011  -3.2939641447649349E-011   3.5573237183453946E-011   3.2692840982031236E-010   2.6525754605322816E-009  -6.2731838985312896E-009  -2.4556465996756749E-010   1.8876180549633409E-010   7.5259893762010501E-010  -8.7324849180545061E-003  -3.6003016459852604E-010  -1.5487924556287455E-010   1.7126834758514847E-010  -1.1148727600889012E-010  -8.7478794116522975E-011  -7.1598590152327860E-010   2.1315443338933960E-009  -1.1975438681313446E-011  -2.0403364709075600E-012
