  0.12468813574151871       -1.6503702882029069E-016  -4.1105097208672644E-018  -4.2177898702303896E-017   8.6550359053975747E-017  0.10818163124252081       -1.6748664810375653E-017   1.2367789231352145E-016  -2.5506892106712067E-017  -1.1082652258569564E-018   6.4130424173750899E-018  -8.6012756398606160E-018   1.4482036297025034E-017  -4.9466967947018668E-018  -2.7743206946688771E-017   1.3049158850056302E-015  -1.0260834904984650E-017  -2.5114196293832525E-017   6.1626522092089653E-016  -2.8252947279931587E-018   5.9757750337330363E-016  -2.8832992013680905E-017  -1.2650776406054910E-017  -5.3908298301085903E-018  -8.8801608957810752E-017  0.11586902521807664       -1.3143466711408106E-016   5.7542759755246946E-017   1.5103443548646740E-017  -5.8906727509106656E-019   3.3884689168915171E-018   9.6736246153536883E-018   1.6205408885074242E-018   9.1179110184587911E-018  -3.5586994240556375E-016  -2.7541563837446483E-016
  -1.6503702882029069E-016  0.12468813574151830        5.4075712729974534E-017  -5.6315112792267639E-016  -7.3878735491906623E-016   2.6652512842851138E-016  0.10818163124252089        6.1288480620164710E-017   1.5547138944788187E-017  -2.1777126702876531E-018  -7.8714561206089284E-018   2.2291037449857849E-017  -1.8976306170092701E-018   7.8833506410714482E-018  -9.2194466779472366E-016  -8.5171654505222320E-017   5.1009242220772470E-016  -1.0706217959296067E-017  -3.5911068444253419E-017  -2.4145628568793826E-020  -3.2773317628910695E-017   1.1555554394800084E-015  -1.2803197126948157E-017   5.1575330095534423E-016  -2.0776609732352892E-017   1.7460172486068831E-017  0.11586902521807629        4.3444319864671776E-017   6.1875336617108382E-018  -6.6229839497940490E-019  -9.6381316353973806E-019   6.1493472946737629E-019  -5.8197551227965767E-019   2.7528444776868978E-018   5.0971502083460198E-017  -1.1828369131112631E-016
  -4.1105097208672644E-018   5.4075712729974534E-017  0.12468813574151923        1.0490607176076028E-015   5.1359456401918823E-016   8.9296119123680527E-017  -8.9821632481369041E-017  0.10818163124252095        9.4098912354322858E-017  -4.9160849197758250E-018   5.7131611798937940E-018   4.8092622194583630E-017   2.6440709536511613E-017   1.0088058165790641E-016   2.0793431878947202E-015  -5.5030702061200775E-017   2.0161020660868050E-017   6.0712483573882514E-016  -2.8745585960487904E-017  -9.4101060031992076E-018  -1.5617889611964383E-017   2.6992474795992691E-017   6.1716469317315364E-016  -1.0064039689813175E-017   1.3366305561096613E-015  -6.0326110019924984E-017  -1.3243642474638001E-017  0.11586902521807692       -1.1956837225726852E-016   3.1828083353840419E-020   3.1462376313409909E-018  -1.2088513370558010E-016  -2.0610778668237452E-018  -1.3697428713628074E-016  -6.9376242383318835E-016  -1.9509853300174839E-016
  -4.2177898702303896E-017  -5.6315112792267639E-016   1.0490607176076028E-015   5.2307110834473619E-002  0.16908210152085928        4.2051097715298168E-017   7.0450670906322559E-017   3.8360891185641807E-016   1.7726316890524510E-014   3.0302047243572481E-017   8.7097916538123353E-017   1.4901846235551538E-014   4.3213853273000857E-017   1.1854132860268986E-014  0.14420897579768752       -3.2542725326238768E-017  -3.5885587446286537E-017   8.3024381084458054E-018  -1.0754449020937633E-017  -1.1758708538223417E-017   2.3778685801579254E-017  -1.2792213860151313E-016   3.7360725686165190E-018  -6.2055253579345248E-017   3.5427343265843806E-017  -4.6310037782311002E-017  -3.5832741386816123E-016   6.7037282708970296E-016  -3.2078582179847779E-015  -9.3990931933893325E-018  -7.9229335763632681E-018  -3.9124765323099439E-015  -1.8466482165711588E-017  -2.6926827431491624E-015  -7.9114789706943800E-002  -3.4459309336776975E-002
   8.6550359053975747E-017  -7.3878735491906623E-016   5.1359456401918823E-016  0.16908210152085928       0.54674447235171697        3.1807758544542930E-016   1.1384166565398865E-015  -1.2416948364945208E-015   5.7004134524341793E-014   9.3953055370797790E-017   2.8404752311459286E-016   4.7899459403222275E-014   1.4305182872785388E-016   3.8030506079319598E-014  0.46596220306145913       -9.5622332988030439E-017  -1.0968641282855445E-016   2.7316897107122790E-017  -4.5642982715709337E-017  -3.9268867519800466E-017   7.3243143539749990E-017  -4.1043255505699340E-016   1.3129541190226316E-017  -1.9356556651161795E-016   1.1770479896251821E-016   5.7290768205559535E-017  -1.5158146502310561E-016  -5.1602580469197890E-016  -1.0325845238343852E-014  -2.9472970445711252E-017  -2.5245572013484202E-017  -1.2593696399682318E-014  -6.1451521018663399E-017  -8.6443056677001780E-015 -0.26770455389981557      -0.12050426207472424     
  0.10818163124252081        2.6652512842851138E-016   8.9296119123680527E-017   4.2051097715298168E-017   3.1807758544542930E-016   9.3860296079443239E-002   3.4094544317427613E-016   1.8787783693163400E-016  -2.2130230591832763E-017  -9.6155050574398750E-019   5.5640689935193105E-018  -7.4626188285532547E-018   1.2564870755412788E-017  -4.2918416040639602E-018   2.0416225001657267E-016   1.1321680947001318E-015  -8.9024817905081472E-018  -2.1789520761171751E-017   5.3468260216401474E-016  -2.4512756614534411E-018   5.1846880799285893E-016  -2.5016013681592916E-017  -1.0976037294586474E-017  -4.6771792785546607E-018  -7.7045846077378410E-017  0.10053001501728633        2.6670018190427758E-016   1.3622068561038445E-016   1.3104014674324277E-017  -5.1108518346166534E-019   2.9398955455056743E-018   8.3930077604581390E-018   1.4060099284616269E-018   7.9108608179440231E-018   2.8507511152041978E-016   2.5214683297612074E-016
  -1.6748664810375653E-017  0.10818163124252089       -8.9821632481369041E-017   7.0450670906322559E-017   1.1384166565398865E-015   3.4094544317427613E-016   9.3860296079443697E-002  -6.5462094295603406E-017   1.3488972645456774E-017  -1.8894220179656167E-018  -6.8294145093853015E-018   1.9340098230657778E-017  -1.6464178762716366E-018   6.8397344058209834E-018   7.6954195724561318E-016  -7.3896433411277207E-017   4.4256520470620556E-016  -9.2889040034708458E-018  -3.1157077943762183E-017  -2.0949174277132344E-020  -2.8434709856232852E-017   1.0025803312454995E-015  -1.1108280207061526E-017   4.4747668320046325E-016  -1.8026153965400584E-017   1.3264535954002284E-016  0.10053001501728644       -8.9374963773851115E-017   5.3684136097316391E-018  -5.7462179791294589E-019  -8.3622134234895131E-019   5.3352824420434618E-019  -5.0493224465335458E-019   2.3884165432213408E-018   9.5741631407741352E-016   8.6868687339685319E-016
   1.2367789231352145E-016   6.1288480620164710E-017  0.10818163124252095        3.8360891185641807E-016  -1.2416948364945208E-015   1.8787783693163400E-016  -6.5462094295603406E-017   9.3860296079443087E-002   8.1641880168257154E-017  -4.2652822001499586E-018   4.9568396569303128E-018   4.1726009365512807E-017   2.2940427105263216E-017   8.7525776366186760E-017   3.3724712140273386E-016  -4.7745610133612725E-017   1.7492058002441760E-017   5.2675224236433360E-016  -2.4940178644376092E-017  -8.1643743531578754E-018  -1.3550357175043711E-017   2.3419148400427811E-017   5.3546300019408895E-016  -8.7317387821909286E-018   1.1596843041129201E-015   6.5906857178989134E-017   1.8646018612232347E-018  0.10053001501728627       -1.0373963391845510E-016   2.7614607886189499E-020   2.7297313991498816E-018  -1.0488207943331891E-016  -1.7882276002029930E-018  -1.1884131343016092E-016  -7.4744339472090994E-016  -5.3984717856620991E-016
  -2.5506892106712067E-017   1.5547138944788187E-017   9.4098912354322858E-017   1.7726316890524510E-014   5.7004134524341793E-014  -2.2130230591832763E-017   1.3488972645456774E-017   8.1641880168257154E-017   6.4717291831773687E-027   1.6538277978304595E-029   2.5588766201602353E-029   5.4746676616717414E-027   9.3838355144704936E-030   4.4689445511579164E-027   4.9171442036427854E-014  -2.6365886690144952E-029  -2.1986258425522089E-029   2.5234383790847369E-030   1.3273503294820405E-029  -2.0160101577314242E-030   1.3602038687681066E-029  -4.8004682488409685E-029   8.1070329216884346E-032  -3.1998242712803482E-029   8.0306962860201273E-030  -2.3702806262773780E-017   1.4447499946616106E-017   8.7443357651669204E-017  -1.1554826107915341E-027  -4.6122204541468534E-030  -3.2564777998559933E-030  -1.4096772954630868E-027  -3.5003329087428942E-030  -1.0063906968783839E-027  -8.0343402780436938E-015   2.6239877332450798E-015
  -1.1082652258569564E-018  -2.1777126702876531E-018  -4.9160849197758250E-018   3.0302047243572481E-017   9.3953055370797790E-017  -9.6155050574398750E-019  -1.8894220179656167E-018  -4.2652822001499586E-018   1.6538277978304595E-029   1.0253127318661280E-031  -2.7715603809680342E-033   1.4365402423446939E-029  -4.7393753166529948E-032   1.2963721292950088E-029   8.7601855941483299E-017  -2.2966151460392920E-031  -1.6421031627985999E-031  -2.8877276654158329E-032   2.2063762329944050E-031   2.0268419473675390E-032   8.6401592380506361E-032  -1.6025357778255508E-031  -4.4144925751292232E-032  -1.9345362959101966E-031  -9.8557381707744659E-032  -1.0298783492067089E-018  -2.0236844733516736E-018  -4.5683734395110973E-018  -2.7762151828499229E-030  -2.4705697811877281E-032  -1.2467787083533149E-032  -3.3923210609081555E-030   2.6657327678920935E-032  -2.8211945410604145E-030   2.0780411231300140E-016   1.7322633330599472E-016
   6.4130424173750899E-018  -7.8714561206089284E-018   5.7131611798937940E-018   8.7097916538123353E-017   2.8404752311459286E-016   5.5640689935193105E-018  -6.8294145093853015E-018   4.9568396569303128E-018   2.5588766201602353E-029  -2.7715603809680342E-033   1.7937235824447838E-031   2.1221150783821091E-029   1.1869313853991721E-031   1.5920710554431451E-029   2.3758256714435511E-016   1.4287212621090127E-031  -7.7334239581821744E-033   4.7391892835002407E-032  -1.2971423081321058E-031  -3.6871102069232704E-032   2.3602049364823652E-032  -2.4538346411970051E-031   4.8634720841632851E-032  -4.3321057236190982E-032   1.5928644945751448E-031   5.9594521095722606E-018  -7.3147131627061916E-018   5.3090730155775830E-018  -4.7687667510284361E-030  -3.5618429753019057E-033  -7.9641883293509570E-033  -5.8116589977078337E-030  -5.4076726919324857E-032  -3.6961790205842833E-030  -2.9062968450698216E-016  -1.7840479517650916E-016
  -8.6012756398606160E-018   2.2291037449857849E-017   4.8092622194583630E-017   1.4901846235551538E-014   4.7899459403222275E-014  -7.4626188285532547E-018   1.9340098230657778E-017   4.1726009365512807E-017   5.4746676616717414E-027   1.4365402423446939E-029   2.1221150783821091E-029   4.6335591714458473E-027   7.4952675817768313E-030   3.7900632252833384E-027   4.1358682920388786E-014  -2.3127558396263577E-029  -1.9179899684877798E-029   1.9116583209198487E-030   1.2481933494051136E-029  -1.5474537613420367E-030   1.1915595017380196E-029  -4.0634704264097224E-029  -2.0908129547503329E-031  -2.7670549578025820E-029   6.0402789240114094E-030  -7.9929130233279249E-018   2.0714406908565270E-017   4.4691062391134278E-017  -9.7636067658867497E-028  -3.9823885437115168E-030  -2.7802473810628544E-030  -1.1911862833814173E-027  -2.7389975745683231E-030  -8.5289542998317961E-028  -5.3732242487716018E-015   3.2577207241844798E-015
   1.4482036297025034E-017  -1.8976306170092701E-018   2.6440709536511613E-017   4.3213853273000857E-017   1.4305182872785388E-016   1.2564870755412788E-017  -1.6464178762716366E-018   2.2940427105263216E-017   9.3838355144704936E-030  -4.7393753166529948E-032   1.1869313853991721E-031   7.4952675817768313E-030   1.0299720448533964E-031   4.6815004316836047E-030   1.1572328948645602E-016   2.8498009610484790E-031   7.8250023602914097E-032   1.4139672501794398E-031  -1.3685398479630017E-031  -3.4487535362429428E-032   2.1666708864670672E-032  -6.6076904486813632E-032   1.5145672903753229E-031   6.3431241858963009E-032   3.5952730787176053E-031   1.3457731314450507E-017  -1.7634124410411540E-018   2.4570575394766362E-017  -1.8978980469759440E-030   8.4008899465008310E-033   1.0421962106672686E-033  -2.3057592034666913E-030  -4.6859217237375148E-032  -1.1870110672432832E-030  -2.7875166381553195E-016  -1.9100353339109134E-016
  -4.9466967947018668E-018   7.8833506410714482E-018   1.0088058165790641E-016   1.1854132860268986E-014   3.8030506079319598E-014  -4.2918416040639602E-018   6.8397344058209834E-018   8.7525776366186760E-017   4.4689445511579164E-027   1.2963721292950088E-029   1.5920710554431451E-029   3.7900632252833384E-027   4.6815004316836047E-030   3.1257474650791295E-027   3.2973763010570069E-014  -2.2082303791337264E-029  -1.7717279823841206E-029   1.6415888814461002E-030   1.4113891826668008E-029  -7.5120915391551977E-031   1.0876085088580045E-029  -3.3585410192466472E-029  -2.6068434160801830E-031  -2.4761759887540002E-029   4.2502487549699495E-030  -4.5968201564891530E-018   7.3257663915287845E-018   9.3745363908228738E-017  -7.9348449510242383E-028  -3.5178748660690029E-030  -2.3504807204294736E-030  -9.6815334813118775E-028  -1.5028839484760454E-030  -7.0152930414681743E-028   3.3125783730439506E-016   6.0994023904741259E-015
  -2.7743206946688771E-017  -9.2194466779472366E-016   2.0793431878947202E-015  0.14420897579768752       0.46596220306145913        2.0416225001657267E-016   7.6954195724561318E-016   3.3724712140273386E-016   4.9171442036427854E-014   8.7601855941483299E-017   2.3758256714435511E-016   4.1358682920388786E-014   1.1572328948645602E-016   3.2973763010570069E-014  0.39777392150750629       -9.9439689627911223E-017  -1.0534686439885987E-016   2.2402726694844464E-017  -1.8601129236353231E-017  -3.1139808774177061E-017   6.9234530243250366E-017  -3.5579911918162332E-016   9.2311266375085140E-018  -1.7822084612805047E-016   9.4436125272700890E-017  -4.5257960671909520E-017  -4.0349865538093013E-016   1.1019871375869521E-015  -8.8881533406153542E-015  -2.6836616156147370E-017  -2.2214159825362636E-017  -1.0840734427055857E-014  -4.9125289588604151E-017  -7.4843252282367325E-015 -0.20596381812262390       -8.5746476279008124E-002
   1.3049158850056302E-015  -8.5171654505222320E-017  -5.5030702061200775E-017  -3.2542725326238768E-017  -9.5622332988030439E-017   1.1321680947001318E-015  -7.3896433411277207E-017  -4.7745610133612725E-017  -2.6365886690144952E-029  -2.2966151460392920E-031   1.4287212621090127E-031  -2.3127558396263577E-029   2.8498009610484790E-031  -2.2082303791337264E-029  -9.9439689627911223E-017   1.4244922254772591E-029  -1.2203182158843429E-031  -5.0431125357732299E-031   5.9413409776778547E-030  -8.1967417955169071E-032   6.0846465246306537E-030  -8.6741572666690835E-031  -3.4493951106615941E-031  -9.0815271782583875E-033  -1.3654295090326969E-030   1.2126200354829728E-015  -7.9147518928256673E-017  -5.1138416393649518E-017   4.4105825692169672E-030   4.6271141721853603E-032   5.8192928315211174E-032   5.2947670099181473E-030  -5.9493259717382430E-032   4.8615773447002866E-030  -5.5801884449188252E-016  -4.4108228808207925E-016
  -1.0260834904984650E-017   5.1009242220772470E-016   2.0161020660868050E-017  -3.5885587446286537E-017  -1.0968641282855445E-016  -8.9024817905081472E-018   4.4256520470620556E-016   1.7492058002441760E-017  -2.1986258425522089E-029  -1.6421031627985999E-031  -7.7334239581821744E-033  -1.9179899684877798E-029   7.8250023602914097E-032  -1.7717279823841206E-029  -1.0534686439885987E-016  -1.2203182158843429E-031   2.3267871210303629E-030   6.6783287182556421E-032  -5.5901928317339193E-031  -3.5458155290539800E-032  -3.2328689620288854E-031   4.9247055824789853E-030   8.1125355781093354E-032   2.3865077266181940E-030   2.2077339020960375E-031  -9.5350927439379193E-018   4.7401391785069578E-016   1.8735044817888066E-017   3.6620125446741427E-030   3.4232394201037229E-032   1.3946060243438723E-032   4.4514925594708832E-030  -4.9045784051858514E-032   3.8357803279886032E-030  -3.4624972117129895E-016  -2.8143135865463029E-016
  -2.5114196293832525E-017  -1.0706217959296067E-017   6.0712483573882514E-016   8.3024381084458054E-018   2.7316897107122790E-017  -2.1789520761171751E-017  -9.2889040034708458E-018   5.2675224236433360E-016   2.5234383790847369E-030  -2.8877276654158329E-032   4.7391892835002407E-032   1.9116583209198487E-030   1.4139672501794398E-031   1.6415888814461002E-030   2.2402726694844464E-017  -5.0431125357732299E-031   6.6783287182556421E-032   2.9646936501832908E-030  -2.9036360319867201E-031  -5.0313929608853510E-032  -1.9902173495203685E-031   2.5525280648299860E-032   3.0119812173219490E-030  -8.4193273117092562E-032   6.5416411094939349E-030  -2.3337885568633820E-017  -9.9489741452832391E-018   5.6418329205413131E-016  -9.8434433422171310E-031   1.1499067793052609E-033   1.4390316489891268E-032  -1.0760709789056268E-030  -1.7712981230378784E-032  -9.4455091432062477E-031  -4.2969278624342912E-017  -2.8633533615164247E-017
   6.1626522092089653E-016  -3.5911068444253419E-017  -2.8745585960487904E-017  -1.0754449020937633E-017  -4.5642982715709337E-017   5.3468260216401474E-016  -3.1157077943762183E-017  -2.4940178644376092E-017   1.3273503294820405E-029   2.2063762329944050E-031  -1.2971423081321058E-031   1.2481933494051136E-029  -1.3685398479630017E-031   1.4113891826668008E-029  -1.8601129236353231E-017   5.9413409776778547E-030  -5.5901928317339193E-031  -2.9036360319867201E-031   3.6925184329826593E-030   6.3243075782743982E-032   3.1705031083754466E-030  -6.3254308699723165E-031  -2.6260484733675506E-031  -5.6541035447183244E-031  -9.3211938963854047E-031   5.7267718375333854E-016  -3.3371101993224784E-017  -2.6712429412439925E-017  -1.7499374969993830E-030  -5.3250817610039144E-032  -3.1354897112599767E-033  -2.1963133576610635E-030   1.1389159777599914E-031  -2.8171584758191924E-030   7.0647023218067007E-016   5.3279791547619449E-016
  -2.8252947279931587E-018  -2.4145628568793826E-020  -9.4101060031992076E-018  -1.1758708538223417E-017  -3.9268867519800466E-017  -2.4512756614534411E-018  -2.0949174277132344E-020  -8.1643743531578754E-018  -2.0160101577314242E-030   2.0268419473675390E-032  -3.6871102069232704E-032  -1.5474537613420367E-030  -3.4487535362429428E-032  -7.5120915391551977E-031  -3.1139808774177061E-017  -8.1967417955169071E-032  -3.5458155290539800E-032  -5.0313929608853510E-032   6.3243075782743982E-032   1.1820514574828589E-032   6.4681657199117876E-033   6.6310890642846973E-033  -5.4153964577179289E-032  -3.2170905972564316E-032  -1.2808916123887709E-031  -2.6254634744477261E-018  -2.2437824007161968E-020  -8.7445353425585292E-018   4.3935831281381074E-031  -3.9462438084795100E-033  -9.7053270604437126E-034   5.3244520619424843E-031   1.6009410637843307E-032   2.1659679518451153E-031   9.7657149541748963E-017   6.8583245447184285E-017
   5.9757750337330363E-016  -3.2773317628910695E-017  -1.5617889611964383E-017   2.3778685801579254E-017   7.3243143539749990E-017   5.1846880799285893E-016  -2.8434709856232852E-017  -1.3550357175043711E-017   1.3602038687681066E-029   8.6401592380506361E-032   2.3602049364823652E-032   1.1915595017380196E-029   2.1666708864670672E-032   1.0876085088580045E-029   6.9234530243250366E-017   6.0846465246306537E-030  -3.2328689620288854E-031  -1.9902173495203685E-031   3.1705031083754466E-030   6.4681657199117876E-033   2.9548330192718454E-030  -5.6246363911961373E-031  -1.5307911719888468E-031  -3.2325211651571222E-031  -6.3261195402246127E-031   5.5531123628036406E-016  -3.0455282246711837E-017  -1.4513246465190533E-017  -2.2079682520254473E-030  -2.4385480815300375E-032   5.4858727641767894E-033  -2.7411771515364836E-030   3.3547835476943682E-032  -2.3111586181309409E-030   1.9376751796093130E-016   1.5931730330118033E-016
  -2.8832992013680905E-017   1.1555554394800084E-015   2.6992474795992691E-017  -1.2792213860151313E-016  -4.1043255505699340E-016  -2.5016013681592916E-017   1.0025803312454995E-015   2.3419148400427811E-017  -4.8004682488409685E-029  -1.6025357778255508E-031  -2.4538346411970051E-031  -4.0634704264097224E-029  -6.6076904486813632E-032  -3.3585410192466472E-029  -3.5579911918162332E-016  -8.6741572666690835E-031   4.9247055824789853E-030   2.5525280648299860E-032  -6.3254308699723165E-031   6.6310890642846973E-033  -5.6246363911961373E-031   1.1084644441607472E-029   2.5894736584705149E-032   5.0451354301499874E-030   8.2628321970141563E-032  -2.6793653292493328E-017   1.0738237568613430E-015   2.5083314657288658E-017   8.5823284597819496E-030   3.1814025407945008E-032   1.6293773624980668E-032   1.0414893442619361E-029   1.0282272767098103E-032   7.5528923827658661E-030  -1.5497486331275646E-018  -6.4278431820929297E-017
  -1.2650776406054910E-017  -1.2803197126948157E-017   6.1716469317315364E-016   3.7360725686165190E-018   1.3129541190226316E-017  -1.0976037294586474E-017  -1.1108280207061526E-017   5.3546300019408895E-016   8.1070329216884346E-032  -4.4144925751292232E-032   4.8634720841632851E-032  -2.0908129547503329E-031   1.5145672903753229E-031  -2.6068434160801830E-031   9.2311266375085140E-018  -3.4493951106615941E-031   8.1125355781093354E-032   3.0119812173219490E-030  -2.6260484733675506E-031  -5.4153964577179289E-032  -1.5307911719888468E-031   2.5894736584705149E-032   3.0634997241900466E-030  -6.7438517463242038E-032   6.6473319160910203E-030  -1.1755995241280754E-017  -1.1897635343989069E-017   5.7351303691979909E-016  -5.8024540372424694E-031   4.6897637263759360E-033   1.6800346483020338E-032  -5.8116832700984286E-031  -2.1441302448536806E-032  -5.3800133729366517E-031  -7.2437853802418973E-017  -5.3331463671811506E-017
  -5.3908298301085903E-018   5.1575330095534423E-016  -1.0064039689813175E-017  -6.2055253579345248E-017  -1.9356556651161795E-016  -4.6771792785546607E-018   4.4747668320046325E-016  -8.7317387821909286E-018  -3.1998242712803482E-029  -1.9345362959101966E-031  -4.3321057236190982E-032  -2.7670549578025820E-029   6.3431241858963009E-032  -2.4761759887540002E-029  -1.7822084612805047E-016  -9.0815271782583875E-033   2.3865077266181940E-030  -8.4193273117092562E-032  -5.6541035447183244E-031  -3.2170905972564316E-032  -3.2325211651571222E-031   5.0451354301499874E-030  -6.7438517463242038E-032   2.4697975968920621E-030  -1.1330859305841322E-031  -5.0095399519485601E-018   4.7927440633633766E-016  -9.3522167259927510E-018   5.4615013312550953E-030   4.2316502915758928E-032   1.8618252286222977E-032   6.6405271948240111E-030  -4.5927697801957431E-032   5.4428258929446090E-030  -3.5196367871897581E-016  -2.9869182778059673E-016
  -8.8801608957810752E-017  -2.0776609732352892E-017   1.3366305561096613E-015   3.5427343265843806E-017   1.1770479896251821E-016  -7.7045846077378410E-017  -1.8026153965400584E-017   1.1596843041129201E-015   8.0306962860201273E-030  -9.8557381707744659E-032   1.5928644945751448E-031   6.0402789240114094E-030   3.5952730787176053E-031   4.2502487549699495E-030   9.4436125272700890E-017  -1.3654295090326969E-030   2.2077339020960375E-031   6.5416411094939349E-030  -9.3211938963854047E-031  -1.2808916123887709E-031  -6.3261195402246127E-031   8.2628321970141563E-032   6.6473319160910203E-030  -1.1330859305841322E-031   1.4472922312859740E-029  -8.2520729069752873E-017  -1.9307093675814721E-017   1.2420915485830926E-015  -2.7310998734453077E-030   9.8681925623205691E-033   3.2277441049683092E-032  -3.0517909164944914E-030  -6.5369210333160625E-032  -2.2895809491063873E-030  -2.5573072883155711E-016  -1.7730972393987593E-016
  0.11586902521807664        1.7460172486068831E-017  -6.0326110019924984E-017  -4.6310037782311002E-017   5.7290768205559535E-017  0.10053001501728633        1.3264535954002284E-016   6.5906857178989134E-017  -2.3702806262773780E-017  -1.0298783492067089E-018   5.9594521095722606E-018  -7.9929130233279249E-018   1.3457731314450507E-017  -4.5968201564891530E-018  -4.5257960671909520E-017   1.2126200354829728E-015  -9.5350927439379193E-018  -2.3337885568633820E-017   5.7267718375333854E-016  -2.6254634744477261E-018   5.5531123628036406E-016  -2.6793653292493328E-017  -1.1755995241280754E-017  -5.0095399519485601E-018  -8.2520729069752873E-017  0.10767368463041996        3.6600858339490028E-017   9.6131180905438648E-019   1.4035186836427142E-017  -5.4740293089443516E-019   3.1488047202492374E-018   8.9894154551343005E-018   1.5059210883274729E-018   8.4730071185292468E-018  -3.1120513840539703E-016  -2.4459692775804531E-016
  -1.3143466711408106E-016  0.11586902521807629       -1.3243642474638001E-017  -3.5832741386816123E-016  -1.5158146502310561E-016   2.6670018190427758E-016  0.10053001501728644        1.8646018612232347E-018   1.4447499946616106E-017  -2.0236844733516736E-018  -7.3147131627061916E-018   2.0714406908565270E-017  -1.7634124410411540E-018   7.3257663915287845E-018  -4.0349865538093013E-016  -7.9147518928256673E-017   4.7401391785069578E-016  -9.9489741452832391E-018  -3.3371101993224784E-017  -2.2437824007161968E-020  -3.0455282246711837E-017   1.0738237568613430E-015  -1.1897635343989069E-017   4.7927440633633766E-016  -1.9307093675814721E-017   3.6600858339490028E-017  0.10767368463041967       -1.8632466085069412E-017   5.7498934411169967E-018  -6.1545446143205290E-019  -8.9564328705026157E-019   5.7144079708080169E-019  -5.4081276384173148E-019   2.5581375830880229E-018  -3.0470744830093505E-016  -2.9670122836367760E-016
   5.7542759755246946E-017   4.3444319864671776E-017  0.11586902521807692        6.7037282708970296E-016  -5.1602580469197890E-016   1.3622068561038445E-016  -8.9374963773851115E-017  0.10053001501728627        8.7443357651669204E-017  -4.5683734395110973E-018   5.3090730155775830E-018   4.4691062391134278E-017   2.4570575394766362E-017   9.3745363908228738E-017   1.1019871375869521E-015  -5.1138416393649518E-017   1.8735044817888066E-017   5.6418329205413131E-016  -2.6712429412439925E-017  -8.7445353425585292E-018  -1.4513246465190533E-017   2.5083314657288658E-017   5.7351303691979909E-016  -9.3522167259927510E-018   1.2420915485830926E-015   9.6131180905438648E-019  -1.8632466085069412E-017  0.10767368463042001       -1.1111137926610709E-016   2.9576903775477141E-020   2.9237062955503441E-018  -1.1233500703592504E-016  -1.9152991734712008E-018  -1.2728618513730333E-016   3.8928003150327492E-016   4.5606487291079505E-016
   1.5103443548646740E-017   6.1875336617108382E-018  -1.1956837225726852E-016  -3.2078582179847779E-015  -1.0325845238343852E-014   1.3104014674324277E-017   5.3684136097316391E-018  -1.0373963391845510E-016  -1.1554826107915341E-027  -2.7762151828499229E-030  -4.7687667510284361E-030  -9.7636067658867497E-028  -1.8978980469759440E-030  -7.9348449510242383E-028  -8.8881533406153542E-015   4.4105825692169672E-030   3.6620125446741427E-030  -9.8434433422171310E-031  -1.7499374969993830E-030   4.3935831281381074E-031  -2.2079682520254473E-030   8.5823284597819496E-030  -5.8024540372424694E-031   5.4615013312550953E-030  -2.7310998734453077E-030   1.4035186836427142E-017   5.7498934411169967E-018  -1.1111137926610709E-016   2.0688601820294375E-028   7.8610871151026823E-031   5.6749483537324765E-031   2.5236402537630666E-028   7.2887317491521404E-031   1.7905433573376390E-028   2.0910786291210696E-015   1.0441047456209193E-017
  -5.8906727509106656E-019  -6.6229839497940490E-019   3.1828083353840419E-020  -9.3990931933893325E-018  -2.9472970445711252E-017  -5.1108518346166534E-019  -5.7462179791294589E-019   2.7614607886189499E-020  -4.6122204541468534E-030  -2.4705697811877281E-032  -3.5618429753019057E-033  -3.9823885437115168E-030   8.4008899465008310E-033  -3.5178748660690029E-030  -2.6836616156147370E-017   4.6271141721853603E-032   3.4232394201037229E-032   1.1499067793052609E-033  -5.3250817610039144E-032  -3.9462438084795100E-033  -2.4385480815300375E-032   3.1814025407945008E-032   4.6897637263759360E-033   4.2316502915758928E-032   9.8681925623205691E-033  -5.4740293089443516E-019  -6.1545446143205290E-019   2.9576903775477141E-020   7.8610871151026823E-031   6.0803529633576253E-033   3.1744881512538016E-033   9.6011956464276865E-031  -5.1671638948053381E-033   7.7188573119199088E-031  -4.3482984747532104E-017  -3.7756151634962364E-017
   3.3884689168915171E-018  -9.6381316353973806E-019   3.1462376313409909E-018  -7.9229335763632681E-018  -2.5245572013484202E-017   2.9398955455056743E-018  -8.3622134234895131E-019   2.7297313991498816E-018  -3.2564777998559933E-030  -1.2467787083533149E-032  -7.9641883293509570E-033  -2.7802473810628544E-030   1.0421962106672686E-033  -2.3504807204294736E-030  -2.2214159825362636E-017   5.8192928315211174E-032   1.3946060243438723E-032   1.4390316489891268E-032  -3.1354897112599767E-033  -9.7053270604437126E-034   5.4858727641767894E-033   1.6293773624980668E-032   1.6800346483020338E-032   1.8618252286222977E-032   3.2277441049683092E-032   3.1488047202492374E-018  -8.9564328705026157E-019   2.9237062955503441E-018   5.6749483537324765E-031   3.1744881512538016E-033   2.0861154288096061E-033   6.9309637588158604E-031  -6.1173952254351485E-034   5.2033132312652031E-031  -1.1186334189864125E-017  -1.2428394192525306E-017
   9.6736246153536883E-018   6.1493472946737629E-019  -1.2088513370558010E-016  -3.9124765323099439E-015  -1.2593696399682318E-014   8.3930077604581390E-018   5.3352824420434618E-019  -1.0488207943331891E-016  -1.4096772954630868E-027  -3.3923210609081555E-030  -5.8116589977078337E-030  -1.1911862833814173E-027  -2.3057592034666913E-030  -9.6815334813118775E-028  -1.0840734427055857E-014   5.2947670099181473E-030   4.4514925594708832E-030  -1.0760709789056268E-030  -2.1963133576610635E-030   5.3244520619424843E-031  -2.7411771515364836E-030   1.0414893442619361E-029  -5.8116832700984286E-031   6.6405271948240111E-030  -3.0517909164944914E-030   8.9894154551343005E-018   5.7144079708080169E-019  -1.1233500703592504E-016   2.5236402537630666E-028   9.6011956464276865E-031   6.9309637588158604E-031   3.0784542235536411E-028   8.8605307309273430E-031   2.1843853914433274E-028   2.5338846068973825E-015   1.6112086051162396E-019
   1.6205408885074242E-018  -5.8197551227965767E-019  -2.0610778668237452E-018  -1.8466482165711588E-017  -6.1451521018663399E-017   1.4060099284616269E-018  -5.0493224465335458E-019  -1.7882276002029930E-018  -3.5003329087428942E-030   2.6657327678920935E-032  -5.4076726919324857E-032  -2.7389975745683231E-030  -4.6859217237375148E-032  -1.5028839484760454E-030  -4.9125289588604151E-017  -5.9493259717382430E-032  -4.9045784051858514E-032  -1.7712981230378784E-032   1.1389159777599914E-031   1.6009410637843307E-032   3.3547835476943682E-032   1.0282272767098103E-032  -2.1441302448536806E-032  -4.5927697801957431E-032  -6.5369210333160625E-032   1.5059210883274729E-018  -5.4081276384173148E-019  -1.9152991734712008E-018   7.2887317491521404E-031  -5.1671638948053381E-033  -6.1173952254351485E-034   8.8605307309273430E-031   2.2977251099159436E-032   3.9578457210198757E-031   1.3951440774953063E-016   9.7156351560561289E-017
   9.1179110184587911E-018   2.7528444776868978E-018  -1.3697428713628074E-016  -2.6926827431491624E-015  -8.6443056677001780E-015   7.9108608179440231E-018   2.3884165432213408E-018  -1.1884131343016092E-016  -1.0063906968783839E-027  -2.8211945410604145E-030  -3.6961790205842833E-030  -8.5289542998317961E-028  -1.1870110672432832E-030  -7.0152930414681743E-028  -7.4843252282367325E-015   4.8615773447002866E-030   3.8357803279886032E-030  -9.4455091432062477E-031  -2.8171584758191924E-030   2.1659679518451153E-031  -2.3111586181309409E-030   7.5528923827658661E-030  -5.3800133729366517E-031   5.4428258929446090E-030  -2.2895809491063873E-030   8.4730071185292468E-018   2.5581375830880229E-018  -1.2728618513730333E-016   1.7905433573376390E-028   7.7188573119199088E-031   5.2033132312652031E-031   2.1843853914433274E-028   3.9578457210198757E-031   1.5769782247272472E-028   2.8151145502150711E-016  -1.1137537911690795E-015
  -3.5586994240556375E-016   5.0971502083460198E-017  -6.9376242383318835E-016  -7.9114789706943800E-002 -0.26770455389981557        2.8507511152041978E-016   9.5741631407741352E-016  -7.4744339472090994E-016  -8.0343402780436938E-015   2.0780411231300140E-016  -2.9062968450698216E-016  -5.3732242487716018E-015  -2.7875166381553195E-016   3.3125783730439506E-016 -0.20596381812262390       -5.5801884449188252E-016  -3.4624972117129895E-016  -4.2969278624342912E-017   7.0647023218067007E-016   9.7657149541748963E-017   1.9376751796093130E-016  -1.5497486331275646E-018  -7.2437853802418973E-017  -3.5196367871897581E-016  -2.5573072883155711E-016  -3.1120513840539703E-016  -3.0470744830093505E-016   3.8928003150327492E-016   2.0910786291210696E-015  -4.3482984747532104E-017  -1.1186334189864125E-017   2.5338846068973825E-015   1.3951440774953063E-016   2.8151145502150711E-016  0.87886465641025269       0.63038792791638931     
  -2.7541563837446483E-016  -1.1828369131112631E-016  -1.9509853300174839E-016  -3.4459309336776975E-002 -0.12050426207472424        2.5214683297612074E-016   8.6868687339685319E-016  -5.3984717856620991E-016   2.6239877332450798E-015   1.7322633330599472E-016  -1.7840479517650916E-016   3.2577207241844798E-015  -1.9100353339109134E-016   6.0994023904741259E-015  -8.5746476279008124E-002  -4.4108228808207925E-016  -2.8143135865463029E-016  -2.8633533615164247E-017   5.3279791547619449E-016   6.8583245447184285E-017   1.5931730330118033E-016  -6.4278431820929297E-017  -5.3331463671811506E-017  -2.9869182778059673E-016  -1.7730972393987593E-016  -2.4459692775804531E-016  -2.9670122836367760E-016   4.5606487291079505E-016   1.0441047456209193E-017  -3.7756151634962364E-017  -1.2428394192525306E-017   1.6112086051162396E-019   9.7156351560561289E-017  -1.1137537911690795E-015  0.63038792791638931       0.46315522338484300     
