   6.0900677418393590E-006   3.3989167512625175E-012   5.1133724622370861E-012   6.4357965726682628E-016   3.3903249797955586E-018   4.4107426068854532E-019  -1.2363476163771923E-018  -7.0450099089529492E-019   8.0190534555715080E-019  -2.1130419403031095E-018   7.9243560734945489E-016   1.4152764065661389E-005  -3.0830504068950057E-012  -7.4955173582201708E-012   8.6163442820071687E-004   2.7771805952813109E-010   4.2236048650332359E-010  -2.4509652315408265E-018  -5.0262296207441629E-019  -6.5727940141546715E-019   4.9122245416301565E-019  -2.1180631709585071E-018   1.8365927384912485E-018  -7.4332920649629760E-016   2.6471865942870806E-003   9.5410982798636280E-010   1.4244358955735630E-009  -6.0313278468190643E-016  -5.7468966350062165E-019  -3.6425207086821911E-019  -4.5460392974278595E-019   2.1621238304590958E-019   4.3000954144461707E-019  -4.8333327310498943E-019  -2.5475605913626563E-003  -3.3219279240377780E-010  -5.1117364124908128E-010   2.1738930140668250E-015  -3.9856570788043179E-015
   3.3989167512625175E-012   6.0900702300377456E-006   9.1134230366933877E-012   8.3731329013655842E-016  -8.3400763195643853E-019   4.6097218186248536E-019   7.0118379116945311E-019  -3.1125095681206954E-018  -7.7645266913419478E-019  -4.0975842795974387E-018   1.0817359894891233E-015  -3.0830534537136587E-012   1.4152762717530560E-005  -1.3963192127443401E-011   2.7771789043770930E-010   8.6163463005660553E-004   7.5372552368379203E-010   1.0016949620666049E-018  -1.3158650431622483E-018  -1.1120973440311819E-018   1.1533852208256098E-018   1.1461038583925247E-018   5.4444546341799618E-019  -7.2078005442328493E-016   9.5410937208480886E-010   2.6471872962307965E-003   2.5364215727720795E-009  -1.7672359223757584E-016  -1.0546693858558188E-018   7.0197594187753717E-019   2.0303064317019489E-019   7.4046544009951867E-020  -7.7608209586319253E-019   1.0287137802080875E-018  -3.3219059378873434E-010  -2.5475608309098972E-003  -9.1346280847237564E-010   7.9339689560322529E-015  -7.6590538848924023E-015
   5.1133724622370861E-012   9.1134230366933877E-012   6.0900638682127096E-006  -2.2920398544737892E-016   1.8870231796241362E-018   5.0049166699891901E-020   4.6623165821163705E-019   4.0113165967962012E-020  -1.3636583578429536E-018   4.8589648090346785E-018  -3.3681069568925772E-016  -7.4955330065544756E-012  -1.3963239625336862E-011   1.4152773530583434E-005   4.2235961827544148E-010   7.5372367847527795E-010   8.6163410220175857E-004   6.6880435095176822E-019  -1.3151268556783544E-018   2.2827232571089306E-019  -4.0038685420362618E-019  -1.8440474649295603E-019   1.7751200704161959E-018  -7.2853796813278041E-016   1.4244332304696007E-009   2.5364158415501082E-009   2.6471855297034424E-003  -1.0354595407061297E-015  -9.9084763334096879E-019   1.8065789770681481E-018  -2.1976351509412041E-018   3.1224162347182738E-018   1.1409852017743870E-018  -6.3607931631843356E-019  -5.1117098676585333E-010  -9.1345819036975218E-010  -2.5475601889983668E-003   1.1448038745238718E-015  -2.4851396976327673E-015
   6.4357965726682628E-016   8.3731329013655842E-016  -2.2920398544737892E-016  0.54444790072267879       -3.2823217096269479E-008   3.1127725258828487E-008  -5.8149068661058703E-009   1.4127079479943612E-009  -2.1494239842384203E-008   3.1410533757582565E-008  0.67453259875278115       -1.9003596511535596E-016  -9.8570385530994574E-016   2.4122775298779366E-016   1.0584185586262879E-016   7.0204879881167340E-016  -1.0125347303326234E-016   7.5343662651911409E-010  -2.4550623872536360E-008  -3.1679046308953630E-008  -1.6258888218960900E-008  -5.5349651021024073E-008   1.5505480138885143E-008 -0.34032717661963446       -3.2267181587638867E-016   9.1340299087254373E-016   8.6427179262977246E-016 -0.21960375190767459       -1.6965856292766829E-009  -1.5676610713689705E-008  -2.3370480522940391E-008  -1.1694147006030308E-008  -4.1607453097415094E-008   1.3390737747502085E-008   8.2007537662969783E-016   2.5987543147736718E-015  -2.7815169752287224E-015   9.6939732191654679E-002  -2.5900995296060842E-002
   3.3903249797955586E-018  -8.3400763195643853E-019   1.8870231796241362E-018  -3.2823217096269479E-008   1.9790811229420725E-015  -1.8765080909498368E-015   3.5106863327666103E-016  -8.4945900460863995E-017   1.2968024081893181E-015  -1.8941367196185623E-015  -4.0681026925160196E-008   6.3197153126948732E-018   3.2115938697688203E-018  -1.4772190703221743E-018   4.3691677909338030E-016   2.3229152966442858E-017   1.0620959272004410E-016  -4.5945883874255455E-017   1.4810894544474139E-015   1.9104220548248429E-015   9.8056901550007949E-016   3.3377155087877402E-015  -9.3462488961260608E-016   2.0185304858042628E-008   1.3264426610922454E-015   1.2384806893843006E-016   2.6655989231517660E-016   1.2797123105448354E-008   1.0221196872383362E-016   9.4455629906350041E-016   1.4081149760719444E-015   7.0459551597608794E-016   2.5069229418305221E-015  -8.0680783171989110E-016  -1.7080308098337370E-015   1.3059687234007756E-015  -1.8789649982632560E-015  -5.6962075735508281E-009   1.5620087092922894E-009
   4.4107426068854532E-019   4.6097218186248536E-019   5.0049166699891901E-020   3.1127725258828487E-008  -1.8765080909498368E-015   1.7797140561195415E-015  -3.3225558142867138E-016   8.0858307833820549E-017  -1.2285067207518895E-015   1.7956511838232515E-015   3.8559566992900051E-008   1.2790842809235387E-018   1.5007869910426388E-018  -2.8839573985566173E-018   6.9368860705879716E-017   7.6996208073362310E-017  -7.5195803088513690E-017   4.2860941451438108E-017  -1.4032266109261913E-015  -1.8109546017484817E-015  -9.2942261545342694E-016  -3.1641732358311530E-015   8.8656329116197885E-016  -1.9594905110174059E-008   2.1571115864473235E-016   2.4093342920126796E-016  -2.6160006489564099E-016  -1.2729771870259450E-008  -9.7019697052648027E-017  -8.9653049996025867E-016  -1.3365263391237299E-015  -6.6877330681794092E-016  -2.3794722847475767E-015   7.6579328461718815E-016  -1.3725254735279111E-016  -1.1294642059468580E-016  -5.7858400346703934E-016   5.7787239377580542E-009  -1.5717415145307179E-009
  -1.2363476163771923E-018   7.0118379116945311E-019   4.6623165821163705E-019  -5.8149068661058703E-009   3.5106863327666103E-016  -3.3225558142867138E-016   6.3100316327201993E-017  -1.4648064517197545E-017   2.3148646318802465E-016  -3.3642085947530253E-016  -7.2337711516772091E-009  -2.5828961486284218E-018  -6.3309947995956444E-019   2.3617988030831514E-021  -1.6696031348503572E-016   3.7157398210249495E-017   3.6315180417581372E-017  -9.0894332002389575E-018   2.6419819650414186E-016   3.3949372139501614E-016   1.7437644270912962E-016   5.9281460189898337E-016  -1.6528738770714358E-016   2.9723599077605087E-009  -5.0999163207880826E-016   9.1098926683497310E-017   1.0055256286592849E-016   1.4747484523361417E-009   1.7990902449523239E-017   1.6631434642743086E-016   2.4792725378150086E-016   1.2405907468347625E-016   4.4139281150952956E-016  -1.4205010313811362E-016   5.7112516109040196E-016  -7.1385389028956800E-016  -3.9596703242833001E-016  -5.0627937224782322E-010   1.5604505357838423E-010
  -7.0450099089529492E-019  -3.1125095681206954E-018   4.0113165967962012E-020   1.4127079479943612E-009  -8.4945900460863995E-017   8.0858307833820549E-017  -1.4648064517197545E-017   3.8604982589499283E-018  -5.4923132017898126E-017   8.1085453639610535E-017   1.7372440939812975E-009  -4.1686794998153079E-018  -4.4868746908484814E-018   8.0990764627409010E-018  -1.6909614190232945E-016  -3.6505049636809109E-016   2.2522289505706059E-016   1.4930890823453343E-018  -6.2822314774706249E-017  -8.1690595595809268E-017  -4.1866722178982911E-017  -1.4288453087547864E-016   4.0373674710909787E-017  -1.1766602503226491E-009  -5.4531079514902483E-016  -1.0935503358902226E-015   7.7353925979855764E-016  -9.5493812318503342E-010  -4.4587678061738302E-018  -4.1174722179610607E-017  -6.1386563057300376E-017  -3.0716371015651461E-017  -1.0928990823964543E-016   3.5175120844832118E-017  -1.7580211496266019E-016   1.8124457397851447E-015   1.4711991677899246E-015   5.0164161939415474E-010  -1.2877881133263955E-010
   8.0190534555715080E-019  -7.7645266913419478E-019  -1.3636583578429536E-018  -2.1494239842384203E-008   1.2968024081893181E-015  -1.2285067207518895E-015   2.3148646318802465E-016  -5.4923132017898126E-017   8.5227614476622089E-016  -1.2418803013066486E-015  -2.6686938804658744E-008   4.4066035270943067E-018  -1.5058829559601939E-018  -1.2730983661333131E-017   1.8319580913070882E-016  -1.0166618794487243E-016  -4.5515509886250032E-016  -3.1754754210476919E-017   9.7306816795164238E-016   1.2528743558437715E-015   6.4328366629401637E-016   2.1883499462602370E-015  -6.1153018048173878E-016   1.2158707130910998E-008   5.8874609236437190E-016  -3.0930658669854208E-016  -1.4958153250024168E-015   6.9892665531220438E-009   6.6728340684093205E-017   6.1674797680420041E-016   9.1941284082074959E-016   4.6005897834973968E-016   1.6368637910527477E-015  -5.2678765955014502E-016   1.3718285816081559E-016   3.8024458435890650E-016  -1.2067547647052601E-015  -2.8474508556233909E-009   8.1103905117280555E-010
  -2.1130419403031095E-018  -4.0975842795974387E-018   4.8589648090346785E-018   3.1410533757582565E-008  -1.8941367196185623E-015   1.7956511838232515E-015  -3.3642085947530253E-016   8.1085453639610535E-017  -1.2418803013066486E-015   1.8130527116805870E-015   3.8943814110127533E-008  -8.1643544523754928E-018  -1.5780082852959176E-018   1.0330194643763074E-017  -3.8819097925190390E-016  -3.6187330311132386E-016   6.6108553005230727E-016   4.4452858528665718E-017  -1.4182683056359193E-015  -1.8287329234035624E-015  -9.3870304864729277E-016  -3.1948335261766385E-015   8.9425190649450047E-016  -1.9008641082583608E-008  -1.2257933253153266E-015  -1.0308115773298752E-015   2.0212422066436983E-015  -1.1842170577082292E-008  -9.7753274421751657E-017  -9.0338225191342008E-016  -1.3467294199894667E-015  -6.7387964877712970E-016  -2.3976348264893925E-015   7.7163328819783994E-016   2.7918606536610061E-016   3.1906978614396676E-015  -2.2113225402824770E-015   5.1945445570335547E-009  -1.4332224544985929E-009
   7.9243560734945489E-016   1.0817359894891233E-015  -3.3681069568925772E-016  0.67453259875278115       -4.0681026925160196E-008   3.8559566992900051E-008  -7.2337711516772091E-009   1.7372440939812975E-009  -2.6686938804658744E-008   3.8943814110127533E-008  0.83659828323533003       -2.0111040706952332E-016  -1.2618508285147371E-015   3.1713675092604042E-016   8.5988421107114949E-017   1.1565755552517495E-015  -2.1669009709820446E-015   9.6406528955647948E-010  -3.0475112018850443E-008  -3.9282175818280381E-008  -2.0165077201584878E-008  -6.8623596904374308E-008   1.9201049443752829E-008 -0.40221960821714392       -3.8050175176840073E-016   1.5938225793320861E-015  -4.7314382835564403E-015 -0.24620369011333107       -2.0978267242990399E-009  -1.9390539720463524E-008  -2.8906154214279341E-008  -1.4464175574582208E-008  -5.1462632982858979E-008   1.6562010907843014E-008   2.7951079897844187E-015  -1.0275559421550247E-014   7.8346978778959862E-015  0.11161464800032914       -3.2099305056928824E-002
   1.4152764065661389E-005  -3.0830534537136587E-012  -7.4955330065544756E-012  -1.9003596511535596E-016   6.3197153126948732E-018   1.2790842809235387E-018  -2.5828961486284218E-018  -4.1686794998153079E-018   4.4066035270943067E-018  -8.1643544523754928E-018  -2.0111040706952332E-016   6.5711279769756442E-005  -6.3399865599233807E-011  -1.1411173444251595E-010   2.9024387542680935E-003  -1.6420434916962433E-009  -2.9225258145503751E-009  -7.4688151511869816E-018  -1.9064015929984487E-018  -9.4512607571584276E-020   2.3907234216657751E-018  -7.1238458180124497E-018   1.1915991323243814E-018   1.1506351443358426E-015   9.2516159358100366E-003  -4.8831379482264775E-009  -8.8466418861800782E-009   1.3181672857613312E-015  -2.3399588715519644E-019  -8.2607825100577542E-019  -2.0780636655547679E-018  -1.3209339857058084E-018   1.1455145147099200E-018  -1.1160105127293436E-020   1.7998122323238777E-004   1.8261455166204703E-009   3.3823853446105805E-009  -3.1439862913900568E-015   5.6595801138672852E-015
  -3.0830504068950057E-012   1.4152762717530560E-005  -1.3963239625336862E-011  -9.8570385530994574E-016   3.2115938697688203E-018   1.5007869910426388E-018  -6.3309947995956444E-019  -4.4868746908484814E-018  -1.5058829559601939E-018  -1.5780082852959176E-018  -1.2618508285147371E-015  -6.3399865599233807E-011   6.5711239315521957E-005  -2.0733899985184864E-010  -1.6420430744669826E-009   2.9024376960324529E-003  -5.3043561170134683E-009   6.7957230420342179E-018   4.5495164953848944E-020  -1.1872605879618710E-018   3.7760659305643899E-018   8.6167094070433455E-019   4.5368190345830084E-018   1.2963489795373941E-015  -4.8831366946141802E-009   9.2516128382989313E-003  -1.6084374562786227E-008   8.6078922898897602E-016   5.8099833438528738E-019  -1.3639125564946254E-018  -6.5238707009085889E-019   3.3050133642760573E-018  -8.5480140266501324E-020   1.4690029159556602E-018   1.8261431923126332E-009   1.7998235806903135E-004   6.1626200494267919E-009  -1.0033364195186435E-014   9.9749661159597790E-015
  -7.4955173582201708E-012  -1.3963192127443401E-011   1.4152773530583434E-005   2.4122775298779366E-016  -1.4772190703221743E-018  -2.8839573985566173E-018   2.3617988030831514E-021   8.0990764627409010E-018  -1.2730983661333131E-017   1.0330194643763074E-017   3.1713675092604042E-016  -1.1411173444251595E-010  -2.0733899985184864E-010   6.5711391040167106E-005  -2.9225257581865529E-009  -5.3043543305811629E-009   2.9024415675307940E-003   1.3632027740180840E-017   9.2216908779154832E-018  -4.6128862403666198E-018   1.4785608313127382E-018   1.3145488812400420E-017   1.1984225046820390E-018   7.9662794722390594E-016  -8.8466417590546206E-009  -1.6084369244528121E-008   9.2516246259877009E-003   1.1535051096040671E-015  -9.8811028324957866E-019  -3.4861827115193723E-018   4.6046663044458891E-018  -1.7104591007914369E-018   2.5927887134753005E-019   2.0347964827666779E-018   3.3823836082991295E-009   6.1626110599676401E-009   1.7997781923827450E-004  -5.0866139612861305E-016   4.5060557726686017E-015
   8.6163442820071687E-004   2.7771789043770930E-010   4.2235961827544148E-010   1.0584185586262879E-016   4.3691677909338030E-016   6.9368860705879716E-017  -1.6696031348503572E-016  -1.6909614190232945E-016   1.8319580913070882E-016  -3.8819097925190390E-016   8.5988421107114949E-017   2.9024387542680935E-003  -1.6420430744669826E-009  -2.9225257581865529E-009  0.14658891257364215       -6.5952463905078754E-009  -7.7433644951848996E-009  -3.9538872582035010E-016  -9.1358108839387039E-017  -5.3694338167331933E-017   1.0375688157048950E-016  -3.6003996456001158E-016   1.7547598959457206E-016  -1.2601239365665886E-015  0.45953596792184026       -6.8780337051569521E-009  -7.7119369124468030E-009  -7.9391085750326190E-016  -5.1100363112067627E-017  -5.0974050014759092E-017  -9.2332224172486236E-017  -1.9412461444234430E-017   6.4851627803190491E-017  -3.7887450030786752E-017 -0.19314324297683580        3.4418834844537111E-009   3.9277602213805146E-009   2.7858864759715097E-015  -4.0732579335299489E-015
   2.7771805952813109E-010   8.6163463005660553E-004   7.5372367847527795E-010   7.0204879881167340E-016   2.3229152966442858E-017   7.6996208073362310E-017   3.7157398210249495E-017  -3.6505049636809109E-016  -1.0166618794487243E-016  -3.6187330311132386E-016   1.1565755552517495E-015  -1.6420434916962433E-009   2.9024376960324529E-003  -5.3043543305811629E-009  -6.5952463905078754E-009  0.14658890705253202       -1.3340180656840523E-008   2.6424621579733297E-016  -1.0106223898759990E-016  -1.1902483443481967E-016   1.9323223479801362E-016   1.1274627291638313E-016   1.6674603421526501E-016  -3.0163542019278631E-015  -6.8780333986199719E-009  0.45953596204840247       -1.3187573609609878E-008   1.9221466884942714E-016  -6.6070076604125508E-017   1.7178307206654226E-017  -2.1029488198764588E-018   9.6392950384406235E-017  -6.2683443527792845E-017   1.2026911984743989E-016   3.4418844489660890E-009 -0.19314324005948430        6.7360076735599979E-009   5.9096659577423728E-015  -6.8579849630074984E-015
   4.2236048650332359E-010   7.5372552368379203E-010   8.6163410220175857E-004  -1.0125347303326234E-016   1.0620959272004410E-016  -7.5195803088513690E-017   3.6315180417581372E-017   2.2522289505706059E-016  -4.5515509886250032E-016   6.6108553005230727E-016  -2.1669009709820446E-015  -2.9225258145503751E-009  -5.3043561170134683E-009   2.9024415675307940E-003  -7.7433644951848996E-009  -1.3340180656840523E-008  0.14658891555249071        4.2583780089626943E-016   1.5063520356804617E-016  -1.0875310212102029E-016   9.4158895055643897E-018   3.4615484024746052E-016   1.7088504436246981E-016  -6.8412300099446598E-016  -7.7119365672707126E-009  -1.3187576534566497E-008  0.45953597027143650       -1.8347502149028467E-015  -1.0413817145317168E-016   4.4862562959956491E-017  -4.4596127252911361E-017   1.9586852461271269E-016   9.5823949914766661E-017   6.3446258644745290E-018   3.9277613210046160E-009   6.7360132042395016E-009 -0.19314324429546328       -2.2023812626061877E-015  -3.6355736691295963E-015
  -2.4509652315408265E-018   1.0016949620666049E-018   6.6880435095176822E-019   7.5343662651911409E-010  -4.5945883874255455E-017   4.2860941451438108E-017  -9.0894332002389575E-018   1.4930890823453343E-018  -3.1754754210476919E-017   4.4452858528665718E-017   9.6406528955647948E-010  -7.4688151511869816E-018   6.7957230420342179E-018   1.3632027740180840E-017  -3.9538872582035010E-016   2.6424621579733297E-016   4.2583780089626943E-016   2.1388872501427394E-018  -3.6062585645668689E-017  -4.5044356791488638E-017  -2.3260858058501858E-017  -7.8334430515065415E-017   2.1122087243283798E-017   2.2605403558450373E-010  -1.2328158997196187E-015   8.5737378060898866E-016   1.4313842420343342E-015   6.0780608057331072E-010  -2.2161825314906728E-018  -2.0503908160311940E-017  -3.0562905704135252E-017  -1.5293406892876677E-017  -5.4411570598520836E-017   1.7509669206588111E-017   6.9574446437494106E-016   4.1139072643993688E-016   1.9650289894724482E-015  -5.1440231589911376E-010   1.2255566270793258E-010
  -5.0262296207441629E-019  -1.3158650431622483E-018  -1.3151268556783544E-018  -2.4550623872536360E-008   1.4810894544474139E-015  -1.4032266109261913E-015   2.6419819650414186E-016  -6.2822314774706249E-017   9.7306816795164238E-016  -1.4182683056359193E-015  -3.0475112018850443E-008  -1.9064015929984487E-018   4.5495164953848944E-020   9.2216908779154832E-018  -9.1358108839387039E-017  -1.0106223898759990E-016   1.5063520356804617E-016  -3.6062585645668689E-017   1.1110334052634772E-015   1.4307921524139202E-015   7.3460800923732019E-016   2.4991817911082811E-015  -6.9854685747001023E-016   1.4018902514234296E-008  -2.8820363234389036E-016  -2.7886482871695203E-016   5.8792347590521825E-016   8.1631342116399994E-009   7.6249865060767810E-017   7.0464404548463602E-016   1.0504601911987868E-015   5.2563151452560089E-016   1.8701757108636969E-015  -6.0188175021429062E-016   7.2998478201604871E-017   1.1272191493366344E-015   2.8321481858992474E-015  -3.2005632342823005E-009   9.0660670142125327E-010
  -6.5727940141546715E-019  -1.1120973440311819E-018   2.2827232571089306E-019  -3.1679046308953630E-008   1.9104220548248429E-015  -1.8109546017484817E-015   3.3949372139501614E-016  -8.1690595595809268E-017   1.2528743558437715E-015  -1.8287329234035624E-015  -3.9282175818280381E-008  -9.4512607571584276E-020  -1.1872605879618710E-018  -4.6128862403666198E-018  -5.3694338167331933E-017  -1.1902483443481967E-016  -1.0875310212102029E-016  -4.5044356791488638E-017   1.4307921524139202E-015   1.8445942607306634E-015   9.4687226517194636E-016   3.2224727887704080E-015  -9.0182965408998738E-016   1.9036271872063273E-008  -1.5036164617986649E-016  -3.5144109695519565E-016  -3.8653818323022186E-016   1.1771758157815769E-008   9.8568179118172946E-017   9.1085909607324599E-016   1.3578840743440625E-015   6.7946053741354479E-016   2.4174956948348270E-015  -7.7802909607351634E-016   5.4124490094944459E-016   7.2482954446142599E-016  -1.0514323613934967E-015  -5.0137807036676649E-009   1.3868136367923664E-009
   4.9122245416301565E-019   1.1533852208256098E-018  -4.0038685420362618E-019  -1.6258888218960900E-008   9.8056901550007949E-016  -9.2942261545342694E-016   1.7437644270912962E-016  -4.1866722178982911E-017   6.4328366629401637E-016  -9.3870304864729277E-016  -2.0165077201584878E-008   2.3907234216657751E-018   3.7760659305643899E-018   1.4785608313127382E-018   1.0375688157048950E-016   1.9323223479801362E-016   9.4158895055643897E-018  -2.3260858058501858E-017   7.3460800923732019E-016   9.4687226517194636E-016   4.8606958979625321E-016   1.6541210633709324E-015  -4.6280963769382666E-016   9.6796032681370216E-009   3.3150102421774233E-016   6.0483045302944856E-016   5.3479955092917317E-017   5.9233074903099786E-009   5.0571842389777818E-017   4.6733279979572263E-016   6.9668658037041182E-016   3.4860935380446318E-016   1.2403390653432449E-015  -3.9918140042631336E-016   2.6671421030339595E-017  -2.7885313742192398E-016   6.1524452678270415E-016  -2.4887512070193907E-009   6.9102144656510987E-010
  -2.1180631709585071E-018   1.1461038583925247E-018  -1.8440474649295603E-019  -5.5349651021024073E-008   3.3377155087877402E-015  -3.1641732358311530E-015   5.9281460189898337E-016  -1.4288453087547864E-016   2.1883499462602370E-015  -3.1948335261766385E-015  -6.8623596904374308E-008  -7.1238458180124497E-018   8.6167094070433455E-019   1.3145488812400420E-017  -3.6003996456001158E-016   1.1274627291638313E-016   3.4615484024746052E-016  -7.8334430515065415E-017   2.4991817911082811E-015   3.2224727887704080E-015   1.6541210633709324E-015   5.6297244828463272E-015  -1.5757896571999421E-015   3.3493601659383886E-008  -1.1285848311019391E-015   3.2802343553165757E-016   1.2018249473031421E-015   2.0872897463615130E-008   1.7226244000619815E-016   1.5918523186585850E-015   2.3730916234799611E-015   1.1874518656250487E-015   4.2249108487955562E-015  -1.3597149444369348E-015   4.7675480311407312E-016  -8.1440034116163981E-016   2.6000602831452092E-015  -8.9779744444340261E-009   2.4765324938668903E-009
   1.8365927384912485E-018   5.4444546341799618E-019   1.7751200704161959E-018   1.5505480138885143E-008  -9.3462488961260608E-016   8.8656329116197885E-016  -1.6528738770714358E-016   4.0373674710909787E-017  -6.1153018048173878E-016   8.9425190649450047E-016   1.9201049443752829E-008   1.1915991323243814E-018   4.5368190345830084E-018   1.1984225046820390E-018   1.7547598959457206E-016   1.6674603421526501E-016   1.7088504436246981E-016   2.1122087243283798E-017  -6.9854685747001023E-016  -9.0182965408998738E-016  -4.6280963769382666E-016  -1.5757896571999421E-015   4.4168833997860500E-016  -9.9056262462714986E-009   5.0775933106860815E-016   5.4563423433700588E-016   4.9517945512255367E-016  -6.5310609444792364E-009  -4.8355739396878707E-017  -4.4682963066978065E-016  -6.6612477577307204E-016  -3.3331649793519987E-016  -1.1859294549561697E-015   3.8167236178740337E-016  -1.3400540968848327E-015   3.8034175679174605E-016  -1.2865422578247231E-015   3.0031169091772501E-009  -8.1356748034935100E-010
  -7.4332920649629760E-016  -7.2078005442328493E-016  -7.2853796813278041E-016 -0.34032717661963446        2.0185304858042628E-008  -1.9594905110174059E-008   2.9723599077605087E-009  -1.1766602503226491E-009   1.2158707130910998E-008  -1.9008641082583608E-008 -0.40221960821714392        1.1506351443358426E-015   1.2963489795373941E-015   7.9662794722390594E-016  -1.2601239365665886E-015  -3.0163542019278631E-015  -6.8412300099446598E-016   2.2605403558450373E-010   1.4018902514234296E-008   1.9036271872063273E-008   9.6796032681370216E-009   3.3493601659383886E-008  -9.9056262462714986E-009  0.65595541156440873       -3.9073186636491233E-016  -4.5072577984767737E-015   1.8241818161905414E-015  0.71659561698576346        1.1438315258915653E-009   1.0557386728361804E-008   1.5740614339131049E-008   7.8761748732266137E-009   2.8024063639700491E-008  -9.0199635689242296E-009  -1.7071810484609620E-015   6.9369718256061576E-015  -8.4383681982985992E-015 -0.48126241483638982       0.12321832556814843     
   2.6471865942870806E-003   9.5410937208480886E-010   1.4244332304696007E-009  -3.2267181587638867E-016   1.3264426610922454E-015   2.1571115864473235E-016  -5.0999163207880826E-016  -5.4531079514902483E-016   5.8874609236437190E-016  -1.2257933253153266E-015  -3.8050175176840073E-016   9.2516159358100366E-003  -4.8831366946141802E-009  -8.8466417590546206E-009  0.45953596792184026       -6.8780333986199719E-009  -7.7119365672707126E-009  -1.2328158997196187E-015  -2.8820363234389036E-016  -1.5036164617986649E-016   3.3150102421774233E-016  -1.1285848311019391E-015   5.0775933106860815E-016  -3.9073186636491233E-016   1.4434166697692894        2.1696865399566930E-008   2.7755139945045645E-008   1.5454537396075212E-015  -1.4576887457441386E-016  -1.5639930033653138E-016  -2.9408324718764781E-016  -7.8223774864970139E-017   2.0073145591410891E-016  -1.0506713489342229E-016 -0.53122085134901731       -7.3064809659997225E-009  -9.3795820616200730E-009  -1.8395168108388500E-015   2.6343955596664372E-015
   9.5410982798636280E-010   2.6471872962307965E-003   2.5364158415501082E-009   9.1340299087254373E-016   1.2384806893843006E-016   2.4093342920126796E-016   9.1098926683497310E-017  -1.0935503358902226E-015  -3.0930658669854208E-016  -1.0308115773298752E-015   1.5938225793320861E-015  -4.8831379482264775E-009   9.2516128382989313E-003  -1.6084369244528121E-008  -6.8780337051569521E-009  0.45953596204840247       -1.3187576534566497E-008   8.5737378060898866E-016  -2.7886482871695203E-016  -3.5144109695519565E-016   6.0483045302944856E-016   3.2802343553165757E-016   5.4563423433700588E-016  -4.5072577984767737E-015   2.1696865399566930E-008   1.4434166872069243        4.8434258418670438E-008   5.1303597511278913E-015  -1.7208649543415511E-016   2.2250162960309915E-017  -1.7919449298426397E-017   3.2807503757459701E-016  -1.7507418628495930E-016   3.6010904384590953E-016  -7.3064814560302730E-009 -0.53122085721070800       -1.6376085854171957E-008  -3.7768763231186376E-015   6.0622544375212652E-015
   1.4244358955735630E-009   2.5364215727720795E-009   2.6471855297034424E-003   8.6427179262977246E-016   2.6655989231517660E-016  -2.6160006489564099E-016   1.0055256286592849E-016   7.7353925979855764E-016  -1.4958153250024168E-015   2.0212422066436983E-015  -4.7314382835564403E-015  -8.8466418861800782E-009  -1.6084374562786227E-008   9.2516246259877009E-003  -7.7119369124468030E-009  -1.3187573609609878E-008  0.45953597027143650        1.4313842420343342E-015   5.8792347590521825E-016  -3.8653818323022186E-016   5.3479955092917317E-017   1.2018249473031421E-015   4.9517945512255367E-016   1.8241818161905414E-015   2.7755139945045645E-008   4.8434258418670438E-008   1.4434166552182315        1.0279843582170101E-015  -3.0654529707161508E-016   5.9514998537513824E-017  -3.8035521916066549E-017   5.1038135183330532E-016   2.7001834840489584E-016   5.5294605869830862E-017  -9.3795819888430022E-009  -1.6376088629814374E-008 -0.53122084638025535        7.3691984601333530E-016   9.1968787907906558E-016
  -6.0313278468190643E-016  -1.7672359223757584E-016  -1.0354595407061297E-015 -0.21960375190767459        1.2797123105448354E-008  -1.2729771870259450E-008   1.4747484523361417E-009  -9.5493812318503342E-010   6.9892665531220438E-009  -1.1842170577082292E-008 -0.24620369011333107        1.3181672857613312E-015   8.6078922898897602E-016   1.1535051096040671E-015  -7.9391085750326190E-016   1.9221466884942714E-016  -1.8347502149028467E-015   6.0780608057331072E-010   8.1631342116399994E-009   1.1771758157815769E-008   5.9233074903099786E-009   2.0872897463615130E-008  -6.5310609444792364E-009  0.71659561698576346        1.5454537396075212E-015   5.1303597511278913E-015   1.0279843582170101E-015  0.85063632026364289        7.9798706490756630E-010   7.2985884050405442E-009   1.0892295043491410E-008   5.4493585177780468E-009   1.9394498144159361E-008  -6.2472848525498738E-009  -1.0187750650016444E-015  -5.6021768691575837E-015   4.3649279331056792E-015 -0.48863569348650082       0.11206410626621124     
  -5.7468966350062165E-019  -1.0546693858558188E-018  -9.9084763334096879E-019  -1.6965856292766829E-009   1.0221196872383362E-016  -9.7019697052648027E-017   1.7990902449523239E-017  -4.4587678061738302E-018   6.6728340684093205E-017  -9.7753274421751657E-017  -2.0978267242990399E-009  -2.3399588715519644E-019   5.8099833438528738E-019  -9.8811028324957866E-019  -5.1100363112067627E-017  -6.6070076604125508E-017  -1.0413817145317168E-016  -2.2161825314906728E-018   7.6249865060767810E-017   9.8568179118172946E-017   5.0571842389777818E-017   1.7226244000619815E-016  -4.8355739396878707E-017   1.1438315258915653E-009  -1.4576887457441386E-016  -1.7208649543415511E-016  -3.0654529707161508E-016   7.9798706490756630E-010   5.3072278728904055E-018   4.8977891145766885E-017   7.3025162007016522E-017   3.6539623177028574E-017   1.3001182269521143E-016  -4.1846855682347135E-017   4.4513090273737035E-016   1.0047044569926888E-015   6.5880688243059584E-016  -2.8141406424829086E-010   7.2408252554332694E-011
  -3.6425207086821911E-019   7.0197594187753717E-019   1.8065789770681481E-018  -1.5676610713689705E-008   9.4455629906350041E-016  -8.9653049996025867E-016   1.6631434642743086E-016  -4.1174722179610607E-017   6.1674797680420041E-016  -9.0338225191342008E-016  -1.9390539720463524E-008  -8.2607825100577542E-019  -1.3639125564946254E-018  -3.4861827115193723E-018  -5.0974050014759092E-017   1.7178307206654226E-017   4.4862562959956491E-017  -2.0503908160311940E-017   7.0464404548463602E-016   9.1085909607324599E-016   4.6733279979572263E-016   1.5918523186585850E-015  -4.4682963066978065E-016   1.0557386728361804E-008  -1.5639930033653138E-016   2.2250162960309915E-017   5.9514998537513824E-017   7.2985884050405442E-009   4.8977891145766885E-017   4.5273300333166855E-016   6.7490126965431696E-016   3.3771010991747667E-016   1.2015494573646288E-015  -3.8668807812645065E-016   1.5614749935854497E-016  -8.5037565997779743E-016  -2.1839710716030447E-015  -3.8355552425926829E-009   1.0287684223349708E-009
  -4.5460392974278595E-019   2.0303064317019489E-019  -2.1976351509412041E-018  -2.3370480522940391E-008   1.4081149760719444E-015  -1.3365263391237299E-015   2.4792725378150086E-016  -6.1386563057300376E-017   9.1941284082074959E-016  -1.3467294199894667E-015  -2.8906154214279341E-008  -2.0780636655547679E-018  -6.5238707009085889E-019   4.6046663044458891E-018  -9.2332224172486236E-017  -2.1029488198764588E-018  -4.4596127252911361E-017  -3.0562905704135252E-017   1.0504601911987868E-015   1.3578840743440625E-015   6.9668658037041182E-016   2.3730916234799611E-015  -6.6612477577307204E-016   1.5740614339131049E-008  -2.9408324718764781E-016  -1.7919449298426397E-017  -3.8035521916066549E-017   1.0892295043491410E-008   7.3025162007016522E-017   6.7490126965431696E-016   1.0061115175923869E-015   5.0344108147999038E-016   1.7912180636013708E-015  -5.7646635302574754E-016   2.6279560966369701E-019  -2.9391988961336164E-016   2.7243590822686718E-015  -5.5251102443246107E-009   1.4775020957174109E-009
   2.1621238304590958E-019   7.4046544009951867E-020   3.1224162347182738E-018  -1.1694147006030308E-008   7.0459551597608794E-016  -6.6877330681794092E-016   1.2405907468347625E-016  -3.0716371015651461E-017   4.6005897834973968E-016  -6.7387964877712970E-016  -1.4464175574582208E-008  -1.3209339857058084E-018   3.3050133642760573E-018  -1.7104591007914369E-018  -1.9412461444234430E-017   9.6392950384406235E-017   1.9586852461271269E-016  -1.5293406892876677E-017   5.2563151452560089E-016   6.7946053741354479E-016   3.4860935380446318E-016   1.1874518656250487E-015  -3.3331649793519987E-016   7.8761748732266137E-009  -7.8223774864970139E-017   3.2807503757459701E-016   5.1038135183330532E-016   5.4493585177780468E-009   3.6539623177028574E-017   3.3771010991747667E-016   5.0344108147999038E-016   2.5191347287201098E-016   8.9629471812873038E-016  -2.8845315130018192E-016  -4.2935599073833946E-016   5.5130106776667247E-016  -2.9727105748108332E-015  -2.7806210368054710E-009   7.4396191802275798E-010
   4.3000954144461707E-019  -7.7608209586319253E-019   1.1409852017743870E-018  -4.1607453097415094E-008   2.5069229418305221E-015  -2.3794722847475767E-015   4.4139281150952956E-016  -1.0928990823964543E-016   1.6368637910527477E-015  -2.3976348264893925E-015  -5.1462632982858979E-008   1.1455145147099200E-018  -8.5480140266501324E-020   2.5927887134753005E-019   6.4851627803190491E-017  -6.2683443527792845E-017   9.5823949914766661E-017  -5.4411570598520836E-017   1.8701757108636969E-015   2.4174956948348270E-015   1.2403390653432449E-015   4.2249108487955562E-015  -1.1859294549561697E-015   2.8024063639700491E-008   2.0073145591410891E-016  -1.7507418628495930E-016   2.7001834840489584E-016   1.9394498144159361E-008   1.3001182269521143E-016   1.2015494573646288E-015   1.7912180636013708E-015   8.9629471812873038E-016   3.1889735098692601E-015  -1.0263067346998385E-015  -1.5275074947078991E-016   6.4389827332701119E-016  -9.2190833658000707E-016  -9.7954289387472463E-009   2.6184691047294640E-009
  -4.8333327310498943E-019   1.0287137802080875E-018  -6.3607931631843356E-019   1.3390737747502085E-008  -8.0680783171989110E-016   7.6579328461718815E-016  -1.4205010313811362E-016   3.5175120844832118E-017  -5.2678765955014502E-016   7.7163328819783994E-016   1.6562010907843014E-008  -1.1160105127293436E-020   1.4690029159556602E-018   2.0347964827666779E-018  -3.7887450030786752E-017   1.2026911984743989E-016   6.3446258644745290E-018   1.7509669206588111E-017  -6.0188175021429062E-016  -7.7802909607351634E-016  -3.9918140042631336E-016  -1.3597149444369348E-015   3.8167236178740337E-016  -9.0199635689242296E-009  -1.0506713489342229E-016   3.6010904384590953E-016   5.5294605869830862E-017  -6.2472848525498738E-009  -4.1846855682347135E-017  -3.8668807812645065E-016  -5.7646635302574754E-016  -2.8845315130018192E-016  -1.0263067346998385E-015   3.3030006687242363E-016   4.0889098743985112E-016  -6.0159918278448395E-016   9.1900841967948267E-016   3.0620480467925584E-009  -8.1636939493367442E-010
  -2.5475605913626563E-003  -3.3219059378873434E-010  -5.1117098676585333E-010   8.2007537662969783E-016  -1.7080308098337370E-015  -1.3725254735279111E-016   5.7112516109040196E-016  -1.7580211496266019E-016   1.3718285816081559E-016   2.7918606536610061E-016   2.7951079897844187E-015   1.7998122323238777E-004   1.8261431923126332E-009   3.3823836082991295E-009 -0.19314324297683580        3.4418844489660890E-009   3.9277613210046160E-009   6.9574446437494106E-016   7.2998478201604871E-017   5.4124490094944459E-016   2.6671421030339595E-017   4.7675480311407312E-016  -1.3400540968848327E-015  -1.7071810484609620E-015 -0.53122085134901731       -7.3064814560302730E-009  -9.3795819888430022E-009  -1.0187750650016444E-015   4.4513090273737035E-016   1.5614749935854497E-016   2.6279560966369701E-019  -4.2935599073833946E-016  -1.5275074947078991E-016   4.0889098743985112E-016   2.1994911810757727        2.3278859920732244E-009   3.0101094422028114E-009   9.7093828335460799E-016  -1.1763580398075414E-015
  -3.3219279240377780E-010  -2.5475608309098972E-003  -9.1345819036975218E-010   2.5987543147736718E-015   1.3059687234007756E-015  -1.1294642059468580E-016  -7.1385389028956800E-016   1.8124457397851447E-015   3.8024458435890650E-016   3.1906978614396676E-015  -1.0275559421550247E-014   1.8261455166204703E-009   1.7998235806903135E-004   6.1626110599676401E-009   3.4418834844537111E-009 -0.19314324005948430        6.7360132042395016E-009   4.1139072643993688E-016   1.1272191493366344E-015   7.2482954446142599E-016  -2.7885313742192398E-016  -8.1440034116163981E-016   3.8034175679174605E-016   6.9369718256061576E-015  -7.3064809659997225E-009 -0.53122085721070800       -1.6376088629814374E-008  -5.6021768691575837E-015   1.0047044569926888E-015  -8.5037565997779743E-016  -2.9391988961336164E-016   5.5130106776667247E-016   6.4389827332701119E-016  -6.0159918278448395E-016   2.3278859920732244E-009   2.1994911829365096        5.2608240225610039E-009   3.2460206498358240E-015  -4.8274375427202897E-015
  -5.1117364124908128E-010  -9.1346280847237564E-010  -2.5475601889983668E-003  -2.7815169752287224E-015  -1.8789649982632560E-015  -5.7858400346703934E-016  -3.9596703242833001E-016   1.4711991677899246E-015  -1.2067547647052601E-015  -2.2113225402824770E-015   7.8346978778959862E-015   3.3823853446105805E-009   6.1626200494267919E-009   1.7997781923827450E-004   3.9277602213805146E-009   6.7360076735599979E-009 -0.19314324429546328        1.9650289894724482E-015   2.8321481858992474E-015  -1.0514323613934967E-015   6.1524452678270415E-016   2.6000602831452092E-015  -1.2865422578247231E-015  -8.4383681982985992E-015  -9.3795820616200730E-009  -1.6376085854171957E-008 -0.53122084638025535        4.3649279331056792E-015   6.5880688243059584E-016  -2.1839710716030447E-015   2.7243590822686718E-015  -2.9727105748108332E-015  -9.2190833658000707E-016   9.1900841967948267E-016   3.0101094422028114E-009   5.2608240225610039E-009   2.1994911794474730        1.4944695803939635E-015  -7.9888222158104003E-016
   2.1738930140668250E-015   7.9339689560322529E-015   1.1448038745238718E-015   9.6939732191654679E-002  -5.6962075735508281E-009   5.7787239377580542E-009  -5.0627937224782322E-010   5.0164161939415474E-010  -2.8474508556233909E-009   5.1945445570335547E-009  0.11161464800032914       -3.1439862913900568E-015  -1.0033364195186435E-014  -5.0866139612861305E-016   2.7858864759715097E-015   5.9096659577423728E-015  -2.2023812626061877E-015  -5.1440231589911376E-010  -3.2005632342823005E-009  -5.0137807036676649E-009  -2.4887512070193907E-009  -8.9779744444340261E-009   3.0031169091772501E-009 -0.48126241483638982       -1.8395168108388500E-015  -3.7768763231186376E-015   7.3691984601333530E-016 -0.48863569348650082       -2.8141406424829086E-010  -3.8355552425926829E-009  -5.5251102443246107E-009  -2.7806210368054710E-009  -9.7954289387472463E-009   3.0620480467925584E-009   9.7093828335460799E-016   3.2460206498358240E-015   1.4944695803939635E-015   2.5168976524012607      -0.70382315919414151     
  -3.9856570788043179E-015  -7.6590538848924023E-015  -2.4851396976327673E-015  -2.5900995296060842E-002   1.5620087092922894E-009  -1.5717415145307179E-009   1.5604505357838423E-010  -1.2877881133263955E-010   8.1103905117280555E-010  -1.4332224544985929E-009  -3.2099305056928824E-002   5.6595801138672852E-015   9.9749661159597790E-015   4.5060557726686017E-015  -4.0732579335299489E-015  -6.8579849630074984E-015  -3.6355736691295963E-015   1.2255566270793258E-010   9.0660670142125327E-010   1.3868136367923664E-009   6.9102144656510987E-010   2.4765324938668903E-009  -8.1356748034935100E-010  0.12321832556814843        2.6343955596664372E-015   6.0622544375212652E-015   9.1968787907906558E-016  0.11206410626621124        7.2408252554332694E-011   1.0287684223349708E-009   1.4775020957174109E-009   7.4396191802275798E-010   2.6184691047294640E-009  -8.1636939493367442E-010  -1.1763580398075414E-015  -4.8274375427202897E-015  -7.9888222158104003E-016 -0.70382315919414151        2.1969118161110281     
