 6.1825674320308865E-001 -2.7773441237080915E-015 -1.0569215171898277E-015  8.2579794406626164E-016  6.8360138676354998E-001  1.6876076122534509E-015  7.7289154335876783E-016 -3.3761311566888311E-016 -3.6850774562804989E-013  3.2974289840214703E-016  9.0584778898608193E-016 -3.6618140769517300E-013 -3.3973462543791785E-016 -3.6514079964810771E-013 -1.1212908173933235E-015  3.9928939232602130E-016  3.8372586249478157E-016 -1.8142858244355930E-013 -8.7782395159817876E-017  7.8880987113059330E-016 -1.7209864108494127E-013 -4.6120478889297720E-016 -1.9096596219792922E-013 -2.7485844188862874E-001 -2.9737016966561372E-015  2.9606588481228405E-015  1.6217398379896571E-016 -7.3446763783392522E-014  2.5290030405478979E-016  9.2229044192429598E-016 -8.0312931951976928E-014 -3.8278475253859010E-016 -7.5696443275290354E-014  1.2820689852186614E-016  4.4891786814545182E-017 -7.1789570743048802E-017  1.1982788726757446E-016  6.9601967943286109E-018  9.0337556656751425E-017  2.0031736225548177E-016 -6.4044941275445866E-017  5.8675669980868436E-017 -1.5514710157347251E-016 -4.1372748567200934E-001  2.4545906387387612E-001 -6.3901390451068144E-002
-2.7773441237080915E-015  3.0728636075461585E-007  1.0005973736240074E-018  2.3896867393705619E-018 -3.0187826071102649E-015 -6.7650707431869860E-006 -3.2941534835210537E-017 -1.3584833522083030E-017  4.1850270397360701E-016  2.1050288925158983E-016 -3.0927647788300115E-016 -7.4068609308115938E-016 -1.8907393728252969E-017  3.2061876856620310E-016 -1.2934662311242935E-004 -6.4391444650268352E-016 -2.2475256925739838E-016  1.1172314326505588E-015  5.6549174593056471E-016 -8.2368669934744793E-016 -1.9706773542204185E-015 -5.1429516853854157E-017  8.5268837743190785E-016  3.0450691254540882E-015 -6.8030989520072934E-004 -3.3865596958670567E-015 -1.1924733119353361E-015  1.9492446371090501E-015  9.8603452984993888E-016 -1.4386890969587068E-015 -3.4418083134147624E-015 -8.9105471187866600E-017  1.4898929105776033E-015  1.3699519819638767E-017  8.8643303424584764E-020  2.4075802512925725E-019  3.8910506348005449E-018  1.7650109847274303E-019  5.6552989467419988E-018  4.7731410165419627E-021 -1.7280042381528474E-019  2.1323851349916630E-019  7.3057401660970900E-019  5.6110276592634094E-015 -4.1092679594978729E-015  1.1260374910245983E-015
-1.0569215171898277E-015  1.0005973736240074E-018  3.0728636074806273E-007  4.4029980282067792E-018 -1.1214050142429187E-015  9.5210738435955571E-018 -6.7650707431088794E-006 -6.6210394964947605E-017  4.6370488394636250E-016  2.6186707189488170E-016 -4.8372638039695652E-016 -1.3933738625424335E-016  1.1633545065618802E-016 -3.3306103516764211E-016  2.2348117280359186E-016 -1.2934662311105184E-004 -1.2266400799287309E-015  1.2412122100149137E-015  6.9353983342542817E-016 -1.2915321404228653E-015 -3.6150329719876731E-016  3.0805475835339592E-016 -8.8118915853534205E-016  1.6149255323990061E-015  1.1697999340032490E-015 -6.8030989519346757E-004 -6.4525682431752639E-015  2.1707205310258531E-015  1.2147968599647812E-015 -2.2517166549343503E-015 -6.2904781857100483E-016  5.3774034156768974E-016 -1.5348216697801264E-015  2.6123096593350282E-019  3.2692187421156222E-018 -6.3095086788911753E-019  5.5483866834681873E-019 -1.7888752969922610E-019  5.4976824765647035E-020  6.2790420269222740E-018  2.2375973576786437E-019  4.6559067911153412E-018  7.9757913794052540E-019  3.1072203044451657E-015 -2.3398730421917251E-015  6.4514397832103986E-016
 8.2579794406626164E-016  2.3896867393705619E-018  4.4029980282067792E-018  3.0728636074429672E-007  9.2389615291343844E-016 -4.0936744998793351E-017 -3.6353012969839881E-017 -6.7650707430703072E-006  3.2939464971424422E-016  3.1761385558598121E-016 -3.1989217903432175E-016 -6.5967676075996207E-016  7.6319955926776672E-016  3.2935127278627564E-016 -7.7848511193183176E-016 -6.2352890456110244E-016 -1.2934662311025821E-004  8.7939286876981367E-016  8.4539650133592434E-016 -8.4735831922971256E-016 -1.7563784196560005E-015  2.0335122464545634E-015  8.7632901582852381E-016 -4.5695042767690446E-017 -4.1013047314851124E-015 -3.2990713568110349E-015 -6.8030989518929946E-004  1.5333367029222545E-015  1.4773928312264571E-015 -1.4818969020021874E-015 -3.0654893260009305E-015  3.5503412691876857E-015  1.5309040219824709E-015 -3.9043543989615493E-019  1.3717153579598766E-019  2.2538532829492942E-018 -1.3627240768865575E-020  5.7709143604801921E-020 -4.0562834352802113E-019  4.2378210064198358E-019  3.3212309084516354E-018  4.1522584692827259E-019  6.6078226186052874E-018  1.1526823855696886E-016 -2.0717313503033565E-016  6.3960005761811562E-017
 6.8360138676354998E-001 -3.0187826071102649E-015 -1.1214050142429187E-015  9.2389615291343844E-016  7.5617746663521512E-001  1.7991296093525670E-015  5.4210787789142493E-016 -4.0212155640777339E-016 -4.0050205108247375E-013  4.1489755372652413E-016  1.8743381363801492E-015 -4.0536952328318966E-013 -9.9063793501485961E-016 -4.2224281813950778E-013 -3.8117777527341033E-016 -4.9062878157354202E-015 -1.1043678465659550E-016 -1.7262093125910518E-013 -6.0324804270405509E-018  3.1860524797466058E-015 -1.8148953485304279E-013 -1.9961792866101572E-015 -2.5017612029447573E-013 -2.9301390306830810E-001  6.2393996286872251E-016 -2.4946613079124993E-014 -2.5466231257492993E-015 -2.7604493790632658E-014  4.9322826530249389E-016  5.0802017169406086E-015 -6.8615691620232233E-014 -3.0544476640798062E-015 -1.4782129651931227E-013  1.2877146855205757E-016  5.4085087625727632E-017 -9.7288104350894230E-017  1.3182174832701874E-016  7.9745809267713618E-018  1.0265902173386944E-016  2.2204202401900621E-016 -7.6501562083361264E-017  6.1499493317933258E-017 -1.5627441280721117E-016 -4.3482517299737106E-001  2.5327650186530681E-001 -6.5597370547840400E-002
 1.6876076122534509E-015 -6.7650707431869860E-006  9.5210738435955571E-018 -4.0936744998793351E-017  1.7991296093525670E-015  1.4893658816465078E-004  3.0628711372739634E-017  4.2075938138394946E-017 -6.9081236461899946E-016 -4.2741102039468229E-016  4.8732240213779250E-016  7.2052362562752974E-016  4.1447616745963444E-017  4.7346826480768163E-018  2.8476338930210235E-003  8.9576783490747623E-016  3.4274341177691113E-017 -1.9029411303008892E-015 -1.2478381101843835E-015  1.3014848747352499E-015  1.8844984473207645E-015  1.3424570754339580E-016  3.5120415392686802E-017 -4.3983725909915509E-015  1.4977379916963744E-002  4.7080395138009795E-015  4.0985552625382064E-016 -3.2936355538872289E-015 -2.1511947884553288E-015  2.2862099154349587E-015  3.3176578820629047E-015  2.1931670405787847E-016  3.4775983154390311E-017 -3.0160212936229256E-016 -1.9515289159434197E-018 -5.3004144668010274E-018 -8.5663524879883899E-017 -3.8857644527230692E-018 -1.2450437876461432E-016 -1.0508320777289734E-019  3.8042921551570947E-018 -4.6945579534526531E-018 -1.6083970968403506E-017 -8.5342712213272824E-015  6.6240505023430525E-015 -1.8357604070436850E-015
 7.7289154335876783E-016 -3.2941534835210537E-017 -6.7650707431088794E-006 -3.6353012969839881E-017  5.4210787789142493E-016  3.0628711372739634E-017  1.4893658816438781E-004  1.2393108457868761E-016 -5.3748986935324875E-016 -3.1271976831141106E-016  7.3004934857671587E-016  5.3816153082067465E-016 -3.1937184005759110E-016  1.9072113543256454E-016 -3.2677853478715638E-016  2.8476338930185476E-003  1.5044931446495016E-015 -1.5744082220134505E-015 -7.5049160955010040E-016  2.0212815925925118E-015  1.2235918701235568E-015 -8.1271283040143369E-016  3.8340473943540309E-016 -1.1784281409354473E-015 -1.5942108744227017E-015  1.4977379916950351E-002  7.9339746578144117E-015 -2.8305968136777836E-015 -1.3975107362545416E-015  3.4598392882273333E-015  2.0901868204145365E-015 -1.4170284072529946E-015  5.8958068786639807E-016 -5.7511370199354378E-018 -7.1973568925362694E-017  1.3890714987882206E-017 -1.2215064909797280E-017  3.9383029904985511E-018 -1.2103436936271862E-018 -1.3823641051846333E-016 -4.9261881915169609E-018 -1.0250223517418584E-016 -1.7559123932010890E-017 -2.7252845693430204E-015  2.0314944899776103E-015 -5.6252742090094923E-016
-3.3761311566888311E-016 -1.3584833522083030E-017 -6.6210394964947605E-017 -6.7650707430703072E-006 -4.0212155640777339E-016  4.2075938138394946E-017  1.2393108457868761E-016  1.4893658816451477E-004 -3.7361174068316449E-016 -1.5311405202363673E-016 -4.0269227257113804E-017  6.3526971666435463E-016 -1.1806511993294201E-015 -2.4116508248442930E-016  7.1181260755461170E-016  7.9457111463312013E-016  2.8476338930197389E-003 -1.0457670229002936E-015 -4.0079872637452032E-016 -2.0448902734944506E-016  1.6884129956664171E-015 -3.1732673351401274E-015 -6.2819200840869192E-016  9.0324092144750466E-017  3.8931531609609588E-015  4.6103528980600758E-015  1.4977379916956751E-002 -1.7823330139247327E-015 -7.3136173290368744E-016 -3.0164073181053751E-016  2.9273274171489205E-015 -5.5419530493507977E-015 -1.1175057938164261E-015  8.5956414258961735E-018 -3.0199034583458946E-018 -4.9619764661006037E-017  3.0001086857854486E-019 -1.2704971286863198E-018  8.9301211838285238E-018 -9.3297856872382833E-018 -7.3118644105533980E-017 -9.1414152645596856E-018 -1.4547468805382391E-016  9.6753162136273990E-017 -2.8642998252471157E-017  5.1708986215343007E-018
-3.6850774562804989E-013  4.1850270397360701E-016  4.6370488394636250E-016  3.2939464971424422E-016 -4.0050205108247375E-013 -6.9081236461899946E-016 -5.3748986935324875E-016 -3.7361174068316449E-016  3.9666686551696549E-002  1.9250687198832346E-016 -3.5431726996871240E-016 -1.9833343275853774E-002  4.0288952729603721E-016 -1.9833343275853323E-002  9.5236987087830704E-016  1.7621129429742813E-015  5.1001774675156611E-016  1.0562041160158539E-001 -1.4568966692695447E-016 -1.7078352620992472E-015 -5.2810205800803527E-002  1.1613973671662114E-015 -5.2810205800788101E-002  3.1863434731253690E-014  1.9476483055582397E-015  6.1226710566202962E-015  1.3628713767292418E-015  1.8440004631052825E-001 -1.4289784633287870E-016 -2.6333102365327928E-015 -9.2200023155278560E-002  2.1545265571627333E-015 -9.2200023155250554E-002  2.6715118985098244E-017 -1.6436184096538203E-016 -6.5091758284421127E-017 -5.1802282279802538E-017 -5.8063056727103559E-019 -6.0137164890078403E-017 -2.8269634833017129E-016 -7.1609855998475997E-017 -1.3417337139745415E-016 -8.0864403731575863E-017 -2.3230671480947900E-014  6.9452777327760165E-014 -2.2010082913937430E-014
 3.2974289840214703E-016  2.1050288925158983E-016  2.6186707189488170E-016  3.1761385558598121E-016  4.1489755372652413E-016 -4.2741102039468229E-016 -3.1271976831141106E-016 -1.5311405202363673E-016  1.9250687198832346E-016  3.9666686551709580E-002 -2.3391661871374748E-016 -1.5275053357610443E-016 -8.8362477057568698E-017 -1.2674323396360948E-016  1.0272180233098226E-015  6.9840195302410981E-017  1.4894594726037832E-016  4.5265440701266881E-016  1.0562041160160360E-001  3.6971294081755720E-017 -8.9124129083741690E-016 -4.7661527502462765E-016  1.3997050046785301E-016  9.5646198817728284E-016  3.2919823364066323E-015 -2.1838164162218129E-015  2.2809159028026570E-017  6.8049949356051483E-016  1.8440004631055651E-001 -3.8532545210134828E-016 -1.6003908268058521E-015 -7.5894152073985301E-016  2.1684043449705309E-017 -1.6248051318980354E-017 -1.0967730036985096E-016  1.1844393507158892E-017 -8.5788719339926165E-017 -6.3189856400552882E-017 -4.9943054263339250E-017 -1.4690233856274708E-016 -3.0389049485727953E-017 -1.5303136696093130E-016 -1.2807230970178287E-017  3.3849981752223312E-016 -5.7820217428942763E-016  1.4963659181699084E-016
 9.0584778898608193E-016 -3.0927647788300115E-016 -4.8372638039695652E-016 -3.1989217903432175E-016  1.8743381363801492E-015  4.8732240213779250E-016  7.3004934857671587E-016 -4.0269227257113804E-017 -3.5431726996871240E-016 -2.3391661871374748E-016  3.9666686551707395E-002 -1.2088854223255958E-016 -3.5388358909926934E-016 -4.5753331678931743E-016 -5.5100524453253495E-016 -9.5309643401842718E-016  7.8407873851661367E-016  1.5308934675471733E-016 -3.7198976537977785E-016  1.0562041160160139E-001 -6.8304736866602971E-016 -7.4246164771807304E-016 -1.0286910212544527E-015  1.4048388668796161E-015 -2.3106055323741327E-016 -1.5385671360349141E-015  2.6679204161572732E-015  3.8250652645278898E-016 -1.1191134824395389E-015  1.8440004631055118E-001 -8.4307560932471967E-016 -1.2767564783189292E-015 -1.5386997231914663E-015  1.3334473951171354E-016  9.3342489658650629E-017 -4.3602003014666005E-017  5.0152095620778273E-017  1.4984784255903811E-017  9.1560132473076008E-017  1.1331830577454695E-016 -6.4189139392897278E-017  5.8789106307884545E-017 -1.3144447344010063E-016 -1.4473355885196746E-016 -5.4420809770765104E-016  1.2944767657152140E-016
-3.6618140769517300E-013 -7.4068609308115938E-016 -1.3933738625424335E-016 -6.5967676075996207E-016 -4.0536952328318966E-013  7.2052362562752974E-016  5.3816153082067465E-016  6.3526971666435463E-016 -1.9833343275853774E-002 -1.5275053357610443E-016 -1.2088854223255958E-016  3.9666686551696362E-002  1.0842021724895185E-016 -1.9833343275848108E-002 -2.2046721795615689E-016  4.9594047111959660E-016 -2.0921862054699026E-016 -5.2810205800802354E-002  5.6297197806384197E-016 -3.2526065174641542E-017  1.0562041160158633E-001  2.4806545706443625E-016 -5.2810205800789115E-002  3.3090062935763292E-014  1.3749841558239312E-015  8.3467790068952814E-015  8.0409907448064106E-016 -9.2200023155280489E-002  6.6651328553613714E-016 -4.1026210206851438E-016  1.8440004631052567E-001  6.7307270867856422E-016 -9.2200023155254482E-002  1.1047874717860906E-016  7.8961781798057211E-017 -2.2028168949477708E-017  9.4916859978288337E-017  7.4477524887871132E-018  2.1438865169997455E-017  2.9436602456221194E-016  8.9669865392270928E-018  1.0303589959903638E-016 -6.0727080511588547E-017 -3.9784739879240062E-014  8.0059945538426578E-014 -2.5054765361150905E-014
-3.3973462543791785E-016 -1.8907393728252969E-017  1.1633545065618802E-016  7.6319955926776672E-016 -9.9063793501485961E-016  4.1447616745963444E-017 -3.1937184005759110E-016 -1.1806511993294201E-015  4.0288952729603721E-016 -8.8362477057568698E-017 -3.5388358909926934E-016  1.0842021724895185E-016  3.9666686551710330E-002  8.8470897275226778E-017 -1.8430279962316374E-017  1.7220129275228593E-016  8.8580218322168192E-016 -1.0842021724832808E-016  2.7408630920433675E-016 -2.2898349882893868E-016  7.3725747729166909E-017  1.0562041160160542E-001  4.5276282723014081E-016 -2.0181931360799356E-015 -8.8953098711024917E-016 -1.4352213562192224E-015  8.9369140416417296E-016  3.0878077872396307E-016  5.9674487573602273E-016 -3.6082248300317588E-016  2.2551405187690403E-017  1.8440004631055701E-001  3.2265856653172236E-016  5.1150676222733908E-017 -3.8067154951879025E-017 -5.8177953792561846E-017  2.2201135976190522E-017  1.5331833669283537E-017  7.3848215384366222E-017 -1.2502562311590175E-016  4.8402587685681457E-018 -5.5520710003286871E-017 -1.1830244652315825E-016 -3.4779652673234490E-015  2.9806275813728027E-015 -8.1969068900858248E-016
-3.6514079964810771E-013  3.2061876856620310E-016 -3.3306103516764211E-016  3.2935127278627564E-016 -4.2224281813950778E-013  4.7346826480768163E-018  1.9072113543256454E-016 -2.4116508248442930E-016 -1.9833343275853323E-002 -1.2674323396360948E-016 -4.5753331678931743E-016 -1.9833343275848108E-002  8.8470897275226778E-017  3.9666686551717512E-002 -7.3303998023917469E-017  1.4013335911367765E-015  9.1020364255818124E-017 -5.2810205800811139E-002 -6.4770237784208137E-016 -7.3378803033826740E-016 -5.2810205800797511E-002  1.8908485888121974E-016  1.0562041160161999E-001  2.0394653752436424E-014  1.4132485821481348E-016  4.7774164577971423E-015 -1.0616151721071923E-016 -9.2200023155296795E-002 -9.3187176725060396E-016 -1.2854300956988137E-015 -9.2200023155272773E-002 -3.1225022568028357E-017  1.8440004631057977E-001 -1.3719386616358466E-016  8.5400059167029192E-017  8.7119927234737089E-017 -4.3114577698721502E-017 -6.8671219215372207E-018  3.8698299719806569E-017 -1.1669676232581038E-017  6.2642869459588440E-017  3.1137471798325214E-017  1.4159148424288794E-016 -3.9331111236605465E-014  8.5304818710899010E-014 -2.6630766519644107E-014
-1.1212908173933235E-015 -1.2934662311242935E-004  2.2348117280359186E-016 -7.7848511193183176E-016 -3.8117777527341033E-016  2.8476338930210235E-003 -3.2677853478715638E-016  7.1181260755461170E-016  9.5236987087830704E-016  1.0272180233098226E-015 -5.5100524453253495E-016 -2.2046721795615689E-016 -1.8430279962316374E-017 -7.3303998023917469E-017  5.4446116220397620E-002 -3.1571967262773274E-016 -1.1136924715771027E-015  1.3214552561918545E-015  6.3636349752949956E-016 -1.3927382067815078E-015 -1.2378451933305219E-015  4.0756742738778232E-016  2.3526441025599670E-016  2.3638213459510629E-015  2.8636411781535032E-001 -1.7208456881689141E-015 -1.4875253806500961E-015  2.8551063212334927E-015  1.6344091187705652E-015 -2.1642547299302769E-015 -1.6342017585650706E-015  4.2362694456544710E-016 -9.6694143516257684E-017 -5.7665645249636331E-015 -3.7312791656361135E-017 -1.0134272624843400E-016 -1.6378672282591270E-015 -7.4294937813696314E-017 -2.3804955731072493E-015 -2.0091671739784906E-018  7.2737205904084281E-017 -8.9758886689074797E-017 -3.0752188853224295E-016  7.9257027683217028E-015 -5.7526261420503912E-015  1.5991902200722488E-015
 3.9928939232602130E-016 -6.4391444650268352E-016 -1.2934662311105184E-004 -6.2352890456110244E-016 -4.9062878157354202E-015  8.9576783490747623E-016  2.8476338930185476E-003  7.9457111463312013E-016  1.7621129429742813E-015  6.9840195302410981E-017 -9.5309643401842718E-016  4.9594047111959660E-016  1.7220129275228593E-016  1.4013335911367765E-015 -3.1571967262773274E-016  5.4446116220399049E-002 -1.3461454173579773E-015  1.9533547869893940E-015  1.7573550294691453E-015 -1.0583091421367090E-015 -2.6825639556873172E-015  1.1789142655810861E-015  1.3522917707525414E-015  4.8635439787805916E-015  7.2164496600637423E-016  2.8636411781535087E-001 -6.6769506590347021E-015  1.8448493520362237E-015  1.3999961987586327E-015 -3.1682001131572837E-015 -5.5639207313818387E-015  2.0939276343887252E-015  8.3524916078740040E-016 -1.0996043956240405E-016 -1.3761183655366337E-015  2.6558733005328290E-016 -2.3354927940341398E-016  7.5299462777678493E-017 -2.3141497779102517E-017 -2.6430489156038064E-015 -9.4187604471998111E-017 -1.9598195620675970E-015 -3.3572647968198673E-016  1.1401030310785586E-015 -1.8086233127317989E-015  4.8111154474413164E-016
 3.8372586249478157E-016 -2.2475256925739838E-016 -1.2266400799287309E-015 -1.2934662311025821E-004 -1.1043678465659550E-016  3.4274341177691113E-017  1.5044931446495016E-015  2.8476338930197389E-003  5.1001774675156611E-016  1.4894594726037832E-016  7.8407873851661367E-016 -2.0921862054699026E-016  8.8580218322168192E-016  9.1020364255818124E-017 -1.1136924715771027E-015 -1.3461454173579773E-015  5.4446116220398189E-002  3.8383746120053611E-016  5.2848192845599086E-016  2.2809486011423908E-016 -6.1671071478108408E-016  1.7936419532577902E-015  5.0922978423034641E-016 -7.6305892642813260E-016 -3.0010716134398834E-015  1.1639994523804758E-015  2.8636411781534887E-001  1.5008020891025136E-015  3.1814938245279803E-016  1.4569170082246780E-015 -1.4673318650579008E-015  3.0965882289953257E-015  4.9210577300498013E-016  1.6434672069852260E-016 -5.7739871361085804E-017 -9.4871868191500797E-016  5.7361399790386380E-018 -2.4291617857091713E-017  1.7074189804761930E-016 -1.7838339299239355E-016 -1.3980119440937703E-015 -1.7478179309904241E-016 -2.7814431455951990E-015 -1.5834903206513366E-015  1.2519632306217277E-015 -3.5250258710502670E-016
-1.8142858244355930E-013  1.1172314326505588E-015  1.2412122100149137E-015  8.7939286876981367E-016 -1.7262093125910518E-013 -1.9029411303008892E-015 -1.5744082220134505E-015 -1.0457670229002936E-015  1.0562041160158539E-001  4.5265440701266881E-016  1.5308934675471733E-016 -5.2810205800802354E-002 -1.0842021724832808E-016 -5.2810205800811139E-002  1.3214552561918545E-015  1.9533547869893940E-015  3.8383746120053611E-016  2.8123527112226576E-001 -5.5212995633783115E-016 -1.6401810465361135E-015 -1.4061763556114842E-001 -5.5511151231394744E-017 -1.4061763556113396E-001  4.6588177125327702E-014 -1.2013394626954715E-015  1.8988127472371291E-015 -1.4949006790495539E-015  4.9100165614504532E-001 -6.5474969196362319E-016 -1.9151347174783946E-015 -2.4550082807253790E-001  2.4286128663651096E-016 -2.4550082807250972E-001  7.1134297025583390E-017 -4.3764596449776042E-016 -1.7331970223769308E-016 -1.3793383949919218E-016 -1.5460439183152369E-018 -1.6012711573361796E-016 -7.5273503447197229E-016 -1.9067542874903410E-016 -3.5726318341459190E-016 -2.1531749557409406E-016  6.2027831452273339E-014 -2.5440996797807463E-014  6.0392320666792006E-015
-8.7782395159817876E-017  5.6549174593056471E-016  6.9353983342542817E-016  8.4539650133592434E-016 -6.0324804270405509E-018 -1.2478381101843835E-015 -7.5049160955010040E-016 -4.0079872637452032E-016 -1.4568966692695447E-016  1.0562041160160360E-001 -3.7198976537977785E-016  5.6297197806384197E-016  2.7408630920433675E-016 -6.4770237784208137E-016  6.3636349752949956E-016  1.7573550294691453E-015  5.2848192845599086E-016 -5.5212995633783115E-016  2.8123527112227048E-001  7.5850783987085870E-016  2.1277467635056303E-016  8.8470897274816410E-017 -4.6035224243698536E-016  1.5377028086868030E-015 -2.2733093609196536E-015  2.4500282997528925E-015  7.5438848873069864E-016 -1.2496514240066230E-015  4.9100165614504404E-001  1.0538445116559103E-016  2.4698125489218292E-016  3.4867941867133689E-016 -1.3938503129472972E-015 -4.3263655656960990E-017 -2.9203754120770015E-016  3.1538044292332983E-017 -2.2842946147375102E-016 -1.6825551167153795E-016 -1.3298327656016603E-016 -3.9115658032116461E-016 -8.0916864852833599E-017 -4.0747633269799791E-016 -3.4101789792399845E-017 -1.4401822442076830E-015  4.7008041724582839E-016 -1.6952539922788975E-016
 7.8880987113059330E-016 -8.2368669934744793E-016 -1.2915321404228653E-015 -8.4735831922971256E-016  3.1860524797466058E-015  1.3014848747352499E-015  2.0212815925925118E-015 -2.0448902734944506E-016 -1.7078352620992472E-015  3.6971294081755720E-017  1.0562041160160139E-001 -3.2526065174641542E-017 -2.2898349882893868E-016 -7.3378803033826740E-016 -1.3927382067815078E-015 -1.0583091421367090E-015  2.2809486011423908E-016 -1.6401810465361135E-015  7.5850783987085870E-016  2.8123527112227414E-001 -1.0633854907738117E-015 -5.5511151231257747E-017 -1.4432899320127404E-015  4.1272035016430875E-015 -2.2381326012805159E-016  3.6848144558857220E-015 -2.6772312405448202E-015 -2.5691254679216687E-015  8.4567769453869136E-017  4.9100165614504648E-001 -9.0032148403196130E-016 -2.7755575615628778E-017 -1.8283985436795614E-015  3.5505678685250867E-016  2.4854287148012741E-016 -1.1609897133854356E-016  1.3353989058914974E-016  3.9899956826661390E-017  2.4379699235773070E-016  3.0173243944384801E-016 -1.7091630061388887E-016  1.5653764268495140E-016 -3.4999695196114733E-016  4.8276279660855160E-018 -1.5360293498252298E-015  3.5688932540551236E-016
-1.7209864108494127E-013 -1.9706773542204185E-015 -3.6150329719876731E-016 -1.7563784196560005E-015 -1.8148953485304279E-013  1.8844984473207645E-015  1.2235918701235568E-015  1.6884129956664171E-015 -5.2810205800803527E-002 -8.9124129083741690E-016 -6.8304736866602971E-016  1.0562041160158633E-001  7.3725747729166909E-017 -5.2810205800797511E-002 -1.2378451933305219E-015 -2.6825639556873172E-015 -6.1671071478108408E-016 -1.4061763556114842E-001  2.1277467635056303E-016 -1.0633854907738117E-015  2.8123527112227215E-001  9.3675067702653610E-017 -1.4061763556113738E-001  6.9408656785608697E-014  2.3818841719115274E-016  1.1702780839005566E-015  1.8274718233766408E-015 -2.4550082807254850E-001 -4.5905119983010659E-016 -2.7720881146109377E-015  4.9100165614504521E-001  7.8756445809330437E-016 -2.4550082807252144E-001  2.9417155211637834E-016  2.1025138773432247E-016 -5.8654363990493176E-017  2.5273494436643377E-016  1.9831116530184510E-017  5.7085225925888230E-017  7.8380785940568639E-016  2.3876378175786281E-017  2.7435349587899312E-016 -1.6169788294835255E-016  5.9363385641341835E-014 -3.0803903910977889E-014  7.3332504993370497E-015
-4.6120478889297720E-016 -5.1429516853854157E-017  3.0805475835339592E-016  2.0335122464545634E-015 -1.9961792866101572E-015  1.3424570754339580E-016 -8.1271283040143369E-016 -3.1732673351401274E-015  1.1613973671662114E-015 -4.7661527502462765E-016 -7.4246164771807304E-016  2.4806545706443625E-016  1.0562041160160542E-001  1.8908485888121974E-016  4.0756742738778232E-016  1.1789142655810861E-015  1.7936419532577902E-015 -5.5511151231394744E-017  8.8470897274816410E-017 -5.5511151231257747E-017  9.3675067702653610E-017  2.8123527112227470E-001  1.0824674490094081E-015 -4.9905076343947285E-016  3.3194534413120914E-017 -3.2584760916513129E-017 -5.9194112615405430E-016  1.2281842209915232E-015  4.6664061503776042E-016 -2.7755575615628914E-017 -1.3877787807813959E-016  4.9100165614504437E-001  6.5225602696725718E-016  1.3619880927791823E-016 -1.0136134182215404E-016 -1.5491032803304488E-016  5.9114922966175875E-017  4.0824044646282790E-017  1.9663550407145522E-016 -3.3290549128764128E-016  1.2888147910424229E-017 -1.4783488999810832E-016 -3.1500370163166591E-016  9.7751266755408144E-016 -3.2552766433116242E-016  1.2619628887816255E-016
-1.9096596219792922E-013  8.5268837743190785E-016 -8.8118915853534205E-016  8.7632901582852381E-016 -2.5017612029447573E-013  3.5120415392686802E-017  3.8340473943540309E-016 -6.2819200840869192E-016 -5.2810205800788101E-002  1.3997050046785301E-016 -1.0286910212544527E-015 -5.2810205800789115E-002  4.5276282723014081E-016  1.0562041160161999E-001  2.3526441025599670E-016  1.3522917707525414E-015  5.0922978423034641E-016 -1.4061763556113396E-001 -4.6035224243698536E-016 -1.4432899320127404E-015 -1.4061763556113738E-001  1.0824674490094081E-015  2.8123527112230162E-001  5.0822590072003133E-014  2.6402992707061714E-015  2.0806669725486179E-016  1.1209502378361227E-015 -2.4550082807252577E-001 -2.5717275531323590E-016 -2.5326962749261380E-015 -2.4550082807253110E-001  9.0205620750772827E-016  4.9100165614508395E-001 -3.6530584914206222E-016  2.2739457676337485E-016  2.3197406622839720E-016 -1.1480110486736680E-016 -1.8285072611878870E-017  1.0304188980762707E-016 -3.1072824933927995E-017  1.6679905057335726E-016  8.2909687535556027E-017  3.7701537852250277E-016  8.6679544643452380E-014 -3.4742951565630754E-014  7.9722858010403781E-015
-2.7485844188862874E-001  3.0450691254540882E-015  1.6149255323990061E-015 -4.5695042767690446E-017 -2.9301390306830810E-001 -4.3983725909915509E-015 -1.1784281409354473E-015  9.0324092144750466E-017  3.1863434731253690E-014  9.5646198817728284E-016  1.4048388668796161E-015  3.3090062935763292E-014 -2.0181931360799356E-015  2.0394653752436424E-014  2.3638213459510629E-015  4.8635439787805916E-015 -7.6305892642813260E-016  4.6588177125327702E-014  1.5377028086868030E-015  4.1272035016430875E-015  6.9408656785608697E-014 -4.9905076343947285E-016  5.0822590072003133E-014  4.8736353953601230E-001 -9.1142616435195704E-015  2.2077887294422360E-014 -2.9009436541972094E-016  1.3237675866961435E-013  4.3366663608097209E-015  8.1016706960207352E-015  1.8501488993013169E-013 -2.2803160044848631E-015  1.0860977362753636E-013 -4.9225334628490064E-016  1.2914987076319764E-016 -5.6842006463185771E-016 -7.5760946162110677E-017  6.2487369820520957E-018  5.2801136278258589E-017 -7.0527586353117309E-017 -1.6216310382734006E-016 -1.3929877969605706E-016  5.8080538064789896E-016  9.4243443998197807E-001 -7.1665205822172673E-001  1.9793714381148070E-001
-2.9737016966561372E-015 -6.8030989520072934E-004  1.1697999340032490E-015 -4.1013047314851124E-015  6.2393996286872251E-016  1.4977379916963744E-002 -1.5942108744227017E-015  3.8931531609609588E-015  1.9476483055582397E-015  3.2919823364066323E-015 -2.3106055323741327E-016  1.3749841558239312E-015 -8.8953098711024917E-016  1.4132485821481348E-016  2.8636411781535032E-001  7.2164496600637423E-016 -3.0010716134398834E-015 -1.2013394626954715E-015 -2.2733093609196536E-015 -2.2381326012805159E-016  2.3818841719115274E-016  3.3194534413120914E-017  2.6402992707061714E-015 -9.1142616435195704E-015  1.5061571635378064E+000  3.4416913763380409E-015  7.1748162966400820E-015  7.8492057093283674E-016 -1.2160569052183102E-015  1.0150968565078288E-015  3.1872361618373923E-015 -1.4564651986543832E-015  1.9407264491097670E-015 -3.0329751277977268E-014 -1.9624989636820551E-016 -5.3302094646492432E-016 -8.6145061664358384E-015 -3.9076073376918932E-016 -1.2520425001422167E-014 -1.0567390757409808E-017  3.8256770633108158E-016 -4.7209472754236112E-016 -1.6174383120731178E-015 -2.3265191230155971E-015  4.5892888469519964E-015 -1.2907682309892329E-015
 2.9606588481228405E-015 -3.3865596958670567E-015 -6.8030989519346757E-004 -3.2990713568110349E-015 -2.4946613079124993E-014  4.7080395138009795E-015  1.4977379916950351E-002  4.6103528980600758E-015  6.1226710566202962E-015 -2.1838164162218129E-015 -1.5385671360349141E-015  8.3467790068952814E-015 -1.4352213562192224E-015  4.7774164577971423E-015 -1.7208456881689141E-015  2.8636411781535087E-001  1.1639994523804758E-015  1.8988127472371291E-015  2.4500282997528925E-015  3.6848144558857220E-015  1.1702780839005566E-015 -3.2584760916513129E-017  2.0806669725486179E-016  2.2077887294422360E-014  3.4416913763380409E-015  1.5061571635377724E+000  8.2295281700340517E-015 -4.9186058160055906E-015 -4.4962123956908017E-015 -5.1218868983454558E-016 -2.5879029235403351E-015  1.3082879394732941E-016 -7.6612068457315189E-015 -5.7834656456313095E-016 -7.2378150933886970E-015  1.3968798282280415E-015 -1.2283728942581678E-015  3.9604412081501088E-016 -1.2171473479597177E-016 -1.3901347306313965E-014 -4.9538795668351163E-016 -1.0307842669565547E-014 -1.7657828299861156E-015 -1.0595551813655489E-015 -3.9806342326105460E-015  9.9316355622509813E-016
 1.6217398379896571E-016 -1.1924733119353361E-015 -6.4525682431752639E-015 -6.8030989518929946E-004 -2.5466231257492993E-015  4.0985552625382064E-016  7.9339746578144117E-015  1.4977379916956751E-002  1.3628713767292418E-015  2.2809159028026570E-017  2.6679204161572732E-015  8.0409907448064106E-016  8.9369140416417296E-016 -1.0616151721071923E-016 -1.4875253806500961E-015 -6.6769506590347021E-015  2.8636411781534887E-001 -1.4949006790495539E-015  7.5438848873069864E-016 -2.6772312405448202E-015  1.8274718233766408E-015 -5.9194112615405430E-016  1.1209502378361227E-015 -2.9009436541972094E-016  7.1748162966400820E-015  8.2295281700340517E-015  1.5061571635377760E+000  1.7590708419763621E-015 -1.8624265552671671E-015  8.9417129435230325E-016  1.1359743943799218E-015 -1.2169443441975214E-015 -1.3073223869558908E-016  8.6439597451066863E-016 -3.0368791151524989E-016 -4.9898690165846537E-015  3.0169730713321888E-017 -1.2776389209829094E-016  8.9803197000479131E-016 -9.3822308207241976E-016 -7.3529662877174301E-015 -9.1928015192828488E-016 -1.4629243882477491E-014 -1.0666754919921298E-015  1.0263364581319638E-015 -3.1673568390707033E-016
-7.3446763783392522E-014  1.9492446371090501E-015  2.1707205310258531E-015  1.5333367029222545E-015 -2.7604493790632658E-014 -3.2936355538872289E-015 -2.8305968136777836E-015 -1.7823330139247327E-015  1.8440004631052825E-001  6.8049949356051483E-016  3.8250652645278898E-016 -9.2200023155280489E-002  3.0878077872396307E-016 -9.2200023155296795E-002  2.8551063212334927E-015  1.8448493520362237E-015  1.5008020891025136E-015  4.9100165614504532E-001 -1.2496514240066230E-015 -2.5691254679216687E-015 -2.4550082807254850E-001  1.2281842209915232E-015 -2.4550082807252577E-001  1.3237675866961435E-013  7.8492057093283674E-016 -4.9186058160055906E-015  1.7590708419763621E-015  8.5722756386544308E-001 -1.6499388660882874E-015 -2.8171909249863347E-015 -4.2861378193274580E-001  2.7408630920432558E-015 -4.2861378193270111E-001  1.2419159769272884E-016 -7.6407519055510560E-016 -3.0259455189162591E-016 -2.4081525536352984E-016 -2.6991995752716151E-018 -2.7956194365371400E-016 -1.3141813510418868E-015 -3.3289548259142870E-016 -6.2373689486460763E-016 -3.7591745339042933E-016  2.7616744235724223E-013 -2.1268890962874884E-013  5.9306963016608273E-014
 2.5290030405478979E-016  9.8603452984993888E-016  1.2147968599647812E-015  1.4773928312264571E-015  4.9322826530249389E-016 -2.1511947884553288E-015 -1.3975107362545416E-015 -7.3136173290368744E-016 -1.4289784633287870E-016  1.8440004631055651E-001 -1.1191134824395389E-015  6.6651328553613714E-016  5.9674487573602273E-016 -9.3187176725060396E-016  1.6344091187705652E-015  1.3999961987586327E-015  3.1814938245279803E-016 -6.5474969196362319E-016  4.9100165614504404E-001  8.4567769453869136E-017 -4.5905119983010659E-016  4.6664061503776042E-016 -2.5717275531323590E-016  4.3366663608097209E-015 -1.2160569052183102E-015 -4.4962123956908017E-015 -1.8624265552671671E-015 -1.6499388660882874E-015  8.5722756386542454E-001 -1.9324819522381631E-015 -1.0477729794900051E-015  1.1379786002407843E-015 -1.4870916997810571E-015 -7.5532939000520066E-017 -5.0986107047417499E-016  5.5061486126249675E-017 -3.9880930812256655E-016 -2.9375310769729310E-016 -2.3217219081405696E-016 -6.8291053246376662E-016 -1.4127073924354054E-016 -7.1140278172159197E-016 -5.9537465548860122E-017  1.0203583574945971E-015 -2.0669116436450194E-015  5.1282486592862717E-016
 9.2229044192429598E-016 -1.4386890969587068E-015 -2.2517166549343503E-015 -1.4818969020021874E-015  5.0802017169406086E-015  2.2862099154349587E-015  3.4598392882273333E-015 -3.0164073181053751E-016 -2.6333102365327928E-015 -3.8532545210134828E-016  1.8440004631055118E-001 -4.1026210206851438E-016 -3.6082248300317588E-016 -1.2854300956988137E-015 -2.1642547299302769E-015 -3.1682001131572837E-015  1.4569170082246780E-015 -1.9151347174783946E-015  1.0538445116559103E-016  4.9100165614504648E-001 -2.7720881146109377E-015 -2.7755575615628914E-017 -2.5326962749261380E-015  8.1016706960207352E-015  1.0150968565078288E-015 -5.1218868983454558E-016  8.9417129435230325E-016 -2.8171909249863347E-015 -1.9324819522381631E-015  8.5722756386542165E-001 -3.2474023470285829E-015  5.5511151231257827E-017 -3.2196467714129540E-015  6.1988480205357301E-016  4.3392480976093228E-016 -2.0269430280380612E-016  2.3314396938566323E-016  6.9660340980091298E-017  4.2563909758950629E-016  5.2678715186907817E-016 -2.9839851284913924E-016  2.7329517204813200E-016 -6.1105096232377948E-016  1.7540693463283134E-015 -4.0166843369045347E-015  9.9222300910720177E-016
-8.0312931951976928E-014 -3.4418083134147624E-015 -6.2904781857100483E-016 -3.0654893260009305E-015 -6.8615691620232233E-014  3.3176578820629047E-015  2.0901868204145365E-015  2.9273274171489205E-015 -9.2200023155278560E-002 -1.6003908268058521E-015 -8.4307560932471967E-016  1.8440004631052567E-001  2.2551405187690403E-017 -9.2200023155272773E-002 -1.6342017585650706E-015 -5.5639207313818387E-015 -1.4673318650579008E-015 -2.4550082807253790E-001  2.4698125489218292E-016 -9.0032148403196130E-016  4.9100165614504521E-001 -1.3877787807813959E-016 -2.4550082807253110E-001  1.8501488993013169E-013  3.1872361618373923E-015 -2.5879029235403351E-015  1.1359743943799218E-015 -4.2861378193274580E-001 -1.0477729794900051E-015 -3.2474023470285829E-015  8.5722756386542331E-001  8.7430063189231955E-016 -4.2861378193272059E-001  5.1358678697540791E-016  3.6707266187636348E-016 -1.0240319339969515E-016  4.4124364541636328E-016  3.4622652488329141E-017  9.9663674329284591E-017  1.3684306222757029E-015  4.1685174054612746E-017  4.7898693612722867E-016 -2.8230430701638067E-016  2.9220839608105238E-013 -2.3540801900169012E-013  6.5121119798871574E-014
-3.8278475253859010E-016 -8.9105471187866600E-017  5.3774034156768974E-016  3.5503412691876857E-015 -3.0544476640798062E-015  2.1931670405787847E-016 -1.4170284072529946E-015 -5.5419530493507977E-015  2.1545265571627333E-015 -7.5894152073985301E-016 -1.2767564783189292E-015  6.7307270867856422E-016  1.8440004631055701E-001 -3.1225022568028357E-017  4.2362694456544710E-016  2.0939276343887252E-015  3.0965882289953257E-015  2.4286128663651096E-016  3.4867941867133689E-016 -2.7755575615628778E-017  7.8756445809330437E-016  4.9100165614504437E-001  9.0205620750772827E-016 -2.2803160044848631E-015 -1.4564651986543832E-015  1.3082879394732941E-016 -1.2169443441975214E-015  2.7408630920432558E-015  1.1379786002407843E-015  5.5511151231257827E-017  8.7430063189231955E-016  8.5722756386541266E-001 -5.4123372450480326E-016  2.3778610930836987E-016 -1.7696424244782528E-016 -2.7045408392294695E-016  1.0320727184557866E-016  7.1273682891465014E-017  3.4330102967072876E-016 -5.8121140676890548E-016  2.2501096478433526E-017 -2.5810125286003889E-016 -5.4995711802351254E-016 -1.1127319033238564E-015  1.6311398261013634E-015 -3.9029286287498440E-016
-7.5696443275290354E-014  1.4898929105776033E-015 -1.5348216697801264E-015  1.5309040219824709E-015 -1.4782129651931227E-013  3.4775983154390311E-017  5.8958068786639807E-016 -1.1175057938164261E-015 -9.2200023155250554E-002  2.1684043449705309E-017 -1.5386997231914663E-015 -9.2200023155254482E-002  3.2265856653172236E-016  1.8440004631057977E-001 -9.6694143516257684E-017  8.3524916078740040E-016  4.9210577300498013E-016 -2.4550082807250972E-001 -1.3938503129472972E-015 -1.8283985436795614E-015 -2.4550082807252144E-001  6.5225602696725718E-016  4.9100165614508395E-001  1.0860977362753636E-013  1.9407264491097670E-015 -7.6612068457315189E-015 -1.3073223869558908E-016 -4.2861378193270111E-001 -1.4870916997810571E-015 -3.2196467714129540E-015 -4.2861378193272059E-001 -5.4123372450480326E-016  8.5722756386546894E-001 -6.3777838466872869E-016  3.9700252867893106E-016  4.0499774529081011E-016 -2.0042839005294110E-016 -3.1923452913058975E-017  1.7989826932443396E-016 -5.4249271233783579E-017  2.9121030853667801E-016  1.4474995873734767E-016  6.5822176040734603E-016  2.5814500890225347E-013 -1.8202291447254011E-013  4.9699865090082347E-014
 1.2820689852186614E-016  1.3699519819638767E-017  2.6123096593350282E-019 -3.9043543989615493E-019  1.2877146855205757E-016 -3.0160212936229256E-016 -5.7511370199354378E-018  8.5956414258961735E-018  2.6715118985098244E-017 -1.6248051318980354E-017  1.3334473951171354E-016  1.1047874717860906E-016  5.1150676222733908E-017 -1.3719386616358466E-016 -5.7665645249636331E-015 -1.0996043956240405E-016  1.6434672069852260E-016  7.1134297025583390E-017 -4.3263655656960990E-017  3.5505678685250867E-016  2.9417155211637834E-016  1.3619880927791823E-016 -3.6530584914206222E-016 -4.9225334628490064E-016 -3.0329751277977268E-014 -5.7834656456313095E-016  8.6439597451066863E-016  1.2419159769272884E-016 -7.5532939000520066E-017  6.1988480205357301E-016  5.1358678697540791E-016  2.3778610930836987E-016 -6.3777838466872869E-016  6.1307340967356247E-028  6.5739732033213592E-030  7.5366415434311912E-030  1.7449722826111318E-028  7.7591532014334798E-030  2.5294310355365276E-028  5.7581914375164923E-030 -1.1876628489545868E-029  1.3332264513850102E-029  2.3145878756237755E-029 -9.8987649347105411E-016  7.7503111592165518E-016 -2.1531707854081904E-016
