  0.22230068903933750        1.6871097348772100E-008  -6.0762370228509144E-009   1.5255727934725579E-009   2.9207917964941528E-008  -2.7951151476879981E-008   1.0066792418957769E-008  -3.4293053097875751E-008   1.8817153343108637E-008   5.0851349321060300E-009  0.33481342460941071        6.9127904565603949E-009  -2.4896884297526885E-009   2.4946743408102833E-009  -8.0268278077225607E-011  -8.5562884076140965E-011   3.0816142226006222E-011   1.3548171187528775E-010  -7.8006011876668168E-011  -2.7758933712192634E-011   4.6634352888888890E-011  -4.9882820661885892E-012   2.2995138600028618E-011  -1.9250362333764970E-011   1.5962366320697532E-008  -1.5339880711246100E-008   5.5247597950055482E-009  -1.8719462436031566E-008   1.0262729802541607E-008   2.7570959121929705E-009  0.15843621277982756        3.9783907439848764E-009  -1.4328433190284142E-009  -1.7272573172299619E-009  -6.2038110889565130E-002  -1.9577329654945480E-009   7.0509170158267674E-010 -0.12015737688365787       -3.3772936232707313E-009   1.2163572188150933E-009   2.7033008638510960E-010   2.9673103562607235E-010
   1.6871097348772100E-008  0.22230063692190125        2.0565687885721117E-008  -5.1634643856308765E-009  -2.3707449839261826E-008  -3.9427980808405605E-008   1.8817153278066227E-008   4.0918645959862434E-008  -4.8062291387103123E-008  -1.7211193366185816E-008   6.9127889449333650E-009  0.33481340325475362        8.4266163724470540E-009  -8.4434882720719291E-009   5.3783287696785093E-011  -1.0813411889922417E-010   2.8574242510477701E-011  -9.5152797218853231E-011   2.7035604896015442E-011   2.2995524579212592E-011   1.5424654638319697E-010  -1.1599001415638335E-010  -9.8799764692889343E-011   6.5156001917310687E-011  -1.2874698416484993E-008  -2.1475488145487791E-008   1.0262729765705802E-008   2.2206391897076398E-008  -2.6178392844551482E-008  -9.3316913590466085E-009   3.9783904852048405E-009  0.15843620048995330        4.8496152438393633E-009   5.8460781571059322E-009  -1.9577335656220962E-009  -6.2038104841821491E-002  -2.3864573588625529E-009  -3.3772952731551073E-009 -0.12015736645066888       -4.1168886053934159E-009  -9.1495870087929786E-010  -1.0043220078700060E-009
  -6.0762370228509144E-009   2.0565687885721117E-008  0.22230068661707256        1.8596490728133681E-009   8.5383963369809579E-009   1.8817153369064737E-008   6.0420341565854600E-009  -4.1802868131073463E-008  -2.0449923672658688E-008   3.3264473665862534E-008  -2.4896859587152261E-009   8.4266176486781684E-009  0.33481342361697514        3.0409699395811218E-009  -1.9370214189328935E-011   2.8573962554803628E-011  -3.9097553338383661E-011  -4.9883476022082472E-012  -6.4507042436996600E-011   3.0976533880289991E-011   5.6846601267674766E-011   1.3347913933939969E-010  -1.0484334610473445E-010  -7.0381449180941141E-011   4.6369095004565563E-009   1.0262729844464204E-008   3.3235062945948796E-009  -2.2818825276515300E-008  -1.1248769097643551E-008   1.8181919421689772E-008  -1.4328434306096153E-009   4.8496155782514599E-009  0.15843621220860921       -2.1054971411954029E-009   7.0509024158273330E-010  -2.3864566238753886E-009  -6.2038110608488788E-002   1.2163541779435788E-009  -4.1168870051863713E-009 -0.12015737639876625        3.2952747906208073E-010   3.6170936403310455E-010
   1.5255727934725579E-009  -5.1634643856308765E-009   1.8596490728133681E-009  0.47110379448413003        2.9135984558536779E-009   3.1221324008130749E-009  -1.1244573003304244E-009  -5.4389974537968706E-009   3.8058464555468492E-009   2.5254023306669167E-009  -1.3503445605103094E-009   4.5703764287060481E-009  -1.6460497558304903E-009  0.69822048717878515        4.1387234145981697E-009  -4.5633584719452714E-009   1.6435234839051638E-009  -6.5345834551017008E-009   3.5918079804050115E-009   9.8190382346715623E-010   5.8784150872453536E-009  -7.9655874620582519E-009  -3.3233600624045924E-009   4.7121865537068405E-009   1.2841574462264095E-009   1.3761069918086190E-009  -4.9561351229050502E-010  -2.3973199383568561E-009   1.6774598927162664E-009   1.1130598209662608E-009  -4.3086508034147979E-010   1.4583082667651955E-009  -5.2522229113866347E-010 -0.50313987104199087        2.2237921017132770E-010  -7.5265811301032885E-010   2.7107816516201718E-010   3.4929369087813425E-010  -1.1822061448418049E-009   4.2578586650619702E-010   7.6205621942622787E-002   8.5654595381039020E-002
   2.9207917964941528E-008  -2.3707449839261826E-008   8.5383963369809579E-009   2.9135984558536779E-009   6.7120173541103876E-015   1.2744095121579223E-015  -4.5898702173556581E-016  -1.0509001168987212E-014   6.8362185225374357E-015   3.7969835865864030E-015   4.3987438994305702E-008  -3.5704109653503652E-008   1.2859073472126131E-008   4.3179137252143527E-009   8.5707135116287085E-018  -2.6831546629350891E-017   9.6631586788246559E-018  -1.2657903699574495E-017   6.6044828291631757E-018   1.1631886599736657E-018   2.8213566828140348E-017  -3.2419971536110702E-017  -1.1022151313857773E-017   1.6960688487687295E-017   3.6559621181477388E-015   6.7754374657918227E-016  -2.4402183731876664E-016  -5.7184653762941721E-015   3.7181921110386776E-015   2.0625025100636838E-015   2.0841518897067336E-008  -1.6913557858920379E-008   6.0915307100361867E-009  -3.1297051129648927E-009  -8.0032412298976141E-009   6.5144174990714165E-009  -2.3462113874900227E-009  -1.5489010011582260E-008   1.2609133635296268E-008  -4.5412645346622540E-009   4.7590282607592484E-010   5.4592836660794249E-010
  -2.7951151476879981E-008  -3.9427980808405605E-008   1.8817153369064737E-008   3.1221324008130749E-009   1.2744095121579223E-015   1.2121317618968101E-014  -4.0993285213481544E-015  -6.5202469805339365E-015   4.4527549470866400E-015   5.2458371856775690E-015  -4.2094392242061925E-008  -5.9379348555141771E-008   2.8338947509420156E-008   4.6269578429610343E-009   2.6338675677167518E-017   2.1100878211848547E-018  -1.3587970896765190E-018  -4.3880864526378096E-017   2.3353371136889755E-017   8.5397776847842044E-018   1.0549699683980890E-017  -2.0292142143864352E-017  -1.6265667996477365E-017   1.6134703503604507E-017   6.7754325818376103E-016   6.6147408319171502E-015  -2.2365749396710291E-015  -3.5321195954747562E-015   2.4114930268127908E-015   2.8545756154179905E-015  -1.9947158898729668E-008  -2.8131407579891530E-008   1.3426326459806998E-008  -3.3537252164727012E-009   7.6444030645483127E-009   1.0819877501140132E-008  -5.1607978625091314E-009   1.4793347258093436E-008   2.0941498446809336E-008  -9.9882973033931432E-009   5.0996977580997482E-010   5.8500283393248616E-010
   1.0066792418957769E-008   1.8817153278066227E-008   6.0420341565854600E-009  -1.1244573003304244E-009  -4.5898702173556581E-016  -4.0993285213481544E-015   2.2156465271150736E-015   7.8750172297324906E-016  -3.7811994428168244E-015  -3.2851443431858770E-016   1.5160574299429428E-008   2.8338947376398383E-008   9.0992540374595565E-009  -1.6664305000933913E-009  -9.4860431818289111E-018  -1.3578838172433996E-018  -1.1713791424721934E-018   1.3540659748029715E-017  -1.1568498901363768E-017  -8.1230980240280173E-019   2.6805521329044963E-018   1.2595350118720183E-017  -2.2377485575092144E-018  -8.5157966496861765E-018  -2.4402163614855951E-016  -2.2365749467111788E-015   1.2102518604211330E-015   4.1757946022997896E-016  -2.0606940240596676E-015  -1.7355730971625632E-016   7.1841014502350004E-009   1.3426326365966660E-008   4.3121428382283638E-009   1.2078648410357851E-009  -2.7531824441583448E-009  -5.1607980106341686E-009  -1.6507421196368619E-009  -5.3279220932837283E-009  -9.9882976042731327E-009  -3.1943541447171179E-009  -1.8366849580064883E-010  -2.1069204109688669E-010
  -3.4293053097875751E-008   4.0918645959862434E-008  -4.1802868131073463E-008  -5.4389974537968706E-009  -1.0509001168987212E-014  -6.5202469805339365E-015   7.8750172297324906E-016   2.0746132045265292E-014  -7.9481122252912901E-015  -1.0237130727707083E-014  -5.1645824338724937E-008   6.1624752624389117E-008  -6.2955712291714453E-008  -8.0605201142177518E-009  -2.1857039143618840E-017   4.0602434931305692E-017  -1.1116083592515604E-017   3.7964874178274024E-017  -1.2328981904767974E-017  -8.6454107264635761E-018  -5.7352478106119509E-017   4.6281446876733536E-017   3.6346218394255204E-017  -2.6204440881102011E-017  -5.7184647388425298E-015  -3.5321198015945710E-015   4.1757943122543909E-016   1.1292769118530693E-014  -4.3056167500544800E-015  -5.5743034581493686E-015  -2.4469229001932184E-008   2.9191939389672625E-008  -2.9827730699106737E-008   5.8424648835676638E-009   9.4015569108729382E-009  -1.1247170808398297E-008   1.1460398295301001E-008   1.8195634939456569E-008  -2.1770003648141002E-008   2.2180286275715689E-008  -8.8841109427567749E-010  -1.0191237798479650E-009
   1.8817153343108637E-008  -4.8062291387103123E-008  -2.0449923672658688E-008   3.8058464555468492E-009   6.8362185225374357E-015   4.4527549470866400E-015  -3.7811994428168244E-015  -7.9481122252912901E-015   1.3896353820547475E-014   1.1118929444658602E-015   2.8338947466976175E-008  -7.2382797549054087E-008  -3.0797417784831386E-008   5.6402128013009206E-009   1.6793482552704129E-017  -2.3355692423584028E-017   1.3302790122920946E-017  -2.0290909355564059E-017   2.2500124805476257E-017  -2.2373893641793449E-018   1.2860009213098643E-017  -5.1968336911718733E-017   6.1001810808596011E-018   2.8822695807082903E-017   3.7181913664933961E-015   2.4114930147701712E-015  -2.0606940112557869E-015  -4.3056166803082763E-015   7.5760529802788828E-015   5.8742367294634067E-016   1.3426326465272834E-008  -3.4291888161394377E-008  -1.4594918227656254E-008  -4.0881551421247813E-009  -5.1607977117936201E-009   1.3189316168549628E-008   5.5871142546707902E-009  -9.9882969999189100E-009   2.5527464984574948E-008   1.0811634974663480E-008   6.2164764579279189E-010   7.1311179722730939E-010
   5.0851349321060300E-009  -1.7211193366185816E-008   3.3264473665862534E-008   2.5254023306669167E-009   3.7969835865864030E-015   5.2458371856775690E-015  -3.2851443431858770E-016  -1.0237130727707083E-014   1.1118929444658602E-015   6.4401472208417249E-015   7.6583850539482349E-009  -2.5920638813695889E-008   5.0096641638929767E-008   3.7426122336572889E-009   1.3286363010399301E-017  -1.3770929923790182E-017   1.4529395322153978E-018  -2.5307029929304569E-017   5.7245308748409136E-018   7.4822313685709547E-018   2.9138965920337498E-017  -1.3861546498461120E-017  -2.5324098768848419E-017   9.2437945351010813E-018   2.0625024944081475E-015   2.8545758958830094E-015  -1.7355744603155963E-016  -5.5743036577571762E-015   5.8742422073480255E-016   3.5118009898922690E-015   3.6277098756285117E-009  -1.2278379629962852E-008   2.3736201321556957E-008  -2.7127191837730989E-009  -1.3983161404031938E-009   4.7327521675948195E-009  -9.1141874394213682E-009  -2.7066258592569974E-009   9.1608677714333665E-009  -1.7639022771438831E-008   4.1249627413614977E-010   4.7319537414793806E-010
  0.33481342460941071        6.9127889449333650E-009  -2.4896859587152261E-009  -1.3503445605103094E-009   4.3987438994305702E-008  -4.2094392242061925E-008   1.5160574299429428E-008  -5.1645824338724937E-008   2.8338947466976175E-008   7.6583850539482349E-009  0.50440632691760112       -1.7452301177531941E-008   6.2855603224402127E-009  -1.6463522447739239E-009  -1.2098427670027698E-010  -1.2896754568679686E-010   4.6448670913725651E-011   2.0420475069889668E-010  -1.1757459251170308E-010  -4.1839783185955066E-011   7.0292344240288581E-011  -7.5213475264681360E-012   3.4658669184013436E-011  -2.9013827471385559E-011   2.4052258613578324E-008  -2.3116514050179617E-008   8.3255658844322592E-009  -2.8205920408548209E-008   1.5463261865623969E-008   4.1536615035708402E-009  0.23766217980463139       -7.1788156139440856E-009   2.5854982502232462E-009   1.3325961852789435E-009  -9.9203308631346299E-002   2.3095076514414411E-009  -8.3178587714573981E-010 -0.19260485475184169        5.1161801134597990E-009  -1.8426288076939683E-009  -1.9274881298758905E-010  -2.4584950133562690E-010
   6.9127904565603949E-009  0.33481340325475362        8.4266176486781684E-009   4.5703764287060481E-009  -3.5704109653503652E-008  -5.9379348555141771E-008   2.8338947376398383E-008   6.1624752624389117E-008  -7.2382797549054087E-008  -2.5920638813695889E-008  -1.7452301177531941E-008  0.50440638083053380       -2.1274169254086981E-008   5.5722483711592180E-009   8.1061003634376230E-011  -1.6298170261013114E-010   4.3067104154967798E-011  -1.4341314623479606E-010   4.0745759569825320E-011   3.4659246972885069E-011   2.3248382431327095E-010  -1.7481873239910613E-010  -1.4891376211463893E-010   9.8202052850369228E-011  -1.9396908878110724E-008  -3.2356992140295464E-008   1.5463261809731474E-008   3.3455431745347455E-008  -3.9442831097262716E-008  -1.4058519669395099E-008  -7.1788141893243603E-009  0.23766220198110680       -8.7508980933363131E-009  -4.5102995484215019E-009   2.3095107973667153E-009  -9.9203315765783340E-002   2.8152713106672421E-009   5.1161858278961308E-009 -0.19260487055653611        6.2365811532211864E-009   6.5237514432260945E-010   8.3211549601507697E-010
  -2.4896884297526885E-009   8.4266163724470540E-009  0.33481342361697514       -1.6460497558304903E-009   1.2859073472126131E-008   2.8338947509420156E-008   9.0992540374595565E-009  -6.2955712291714453E-008  -3.0797417784831386E-008   5.0096641638929767E-008   6.2855603224402127E-009  -2.1274169254086981E-008  0.50440632942351360       -2.0068770327451711E-009  -2.9194367172595298E-011   4.3066687944166162E-011  -5.8929663662391516E-011  -7.5214510063866399E-012  -9.7227794287663551E-011   4.6690268703382463E-011   8.5685355103478024E-011   2.0118534683396313E-010  -1.5802815742721742E-010  -1.0608148868298264E-010   6.9859275890344791E-009   1.5463261920766753E-008   5.0086359329921187E-009  -3.4382716489739488E-008  -1.6952273988624453E-008   2.7396794383171988E-008   2.5854968896357471E-009  -8.7508993338978907E-009  0.23766218083534688        1.6244070153995818E-009  -8.3178403957185948E-010   2.8152678370993996E-009  -9.9203308962941078E-002  -1.8426252836909874E-009   6.2365742556841252E-009 -0.19260485548639988       -2.3495562808930109E-010  -2.9969092371446213E-010
   2.4946743408102833E-009  -8.4434882720719291E-009   3.0409699395811218E-009  0.69822048717878515        4.3179137252143527E-009   4.6269578429610343E-009  -1.6664305000933913E-009  -8.0605201142177518E-009   5.6402128013009206E-009   3.7426122336572889E-009  -1.6463522447739239E-009   5.5722483711592180E-009  -2.0068770327451711E-009   1.0353623193062536        6.1384771288514890E-009  -6.7682879318444714E-009   2.4376432998250555E-009  -9.6919719631756142E-009   5.3273024083996113E-009   1.4563413680117379E-009   8.7187552976384886E-009  -1.1814410311937589E-008  -4.9291454720369699E-009   6.9890269732353703E-009   1.9025981890919857E-009   2.0388299832675677E-009  -7.3429730194433715E-010  -3.5518517226540951E-009   2.4853122296547722E-009   1.6491013235590810E-009  -4.9170376086012418E-010   1.6642242774802365E-009  -5.9938514245087080E-010 -0.71926202942840789        1.6104222635654258E-010  -5.4506320063346542E-010   1.9630851595499911E-010   1.8418949257570008E-010  -6.2340707423445842E-010   2.2452461287312374E-010  0.10552123204482791       0.12392567094481655     
  -8.0268278077225607E-011   5.3783287696785093E-011  -1.9370214189328935E-011   4.1387234145981697E-009   8.5707135116287085E-018   2.6338675677167518E-017  -9.4860431818289111E-018  -2.1857039143618840E-017   1.6793482552704129E-017   1.3286363010399301E-017  -1.2098427670027698E-010   8.1061003634376230E-011  -2.9194367172595298E-011   6.1384771288514890E-009   3.6442182251110898E-017  -4.0130651663491050E-017   1.4453318338865217E-017  -5.7540689058703477E-017   3.1628919106613680E-017   8.6483636713771453E-018   5.1713852442103393E-017  -7.0092106594645785E-017  -2.9250733652854693E-017   4.1470692128721941E-017   1.9829832595432019E-018   1.1534447586438911E-017  -4.1541966602639138E-018  -6.9155080294892837E-018   5.6612039391998645E-018   4.9316224586971010E-018  -5.6563253026508793E-011   3.7927937994828923E-011  -1.3659855775909754E-011  -4.1892221774232318E-009   2.6261336324568777E-011  -1.7428535871432264E-011   6.2769767472785939E-012   5.1174961237300137E-011  -3.3951118743021598E-011   1.2227672413565998E-011   6.0618077043320026E-010   6.7739420994365557E-010
  -8.5562884076140965E-011  -1.0813411889922417E-010   2.8573962554803628E-011  -4.5633584719452714E-009  -2.6831546629350891E-017   2.1100878211848547E-018  -1.3578838172433996E-018   4.0602434931305692E-017  -2.3355692423584028E-017  -1.3770929923790182E-017  -1.2896754568679686E-010  -1.6298170261013114E-010   4.3066687944166162E-011  -6.7682879318444714E-009  -4.0130651663491050E-017   4.4339952025860514E-017  -1.5967979698172860E-017   6.3358864480382181E-017  -3.4820900711487951E-017  -9.5179621166440609E-018  -5.7088420012482943E-017   7.7317382330131889E-017   3.2252168266214143E-017  -4.5727133095128757E-017  -1.1720103155262460E-017   4.3683723648202400E-018  -1.9012652407615934E-018   1.6676788370872561E-017  -8.8963204698470671E-018  -4.9556905384356026E-018  -6.0272223071158070E-011  -7.6224303753816896E-011   2.0145671084001065E-011   4.6190370019242604E-009   2.8125168080843276E-011   3.5231059000811194E-011  -9.2873228094728288E-012   5.4816024444119556E-011   6.8643969042392326E-011  -1.8093818139617081E-011  -6.6837479087794466E-010  -7.4689575238036686E-010
   3.0816142226006222E-011   2.8574242510477701E-011  -3.9097553338383661E-011   1.6435234839051638E-009   9.6631586788246559E-018  -1.3587970896765190E-018  -1.1713791424721934E-018  -1.1116083592515604E-017   1.3302790122920946E-017   1.4529395322153978E-018   4.6448670913725651E-011   4.3067104154967798E-011  -5.8929663662391516E-011   2.4376432998250555E-009   1.4453318338865217E-017  -1.5967979698172860E-017   5.7547139357871345E-018  -2.2814014194939540E-017   1.2548088710060660E-017   3.4228587619564063E-018   2.0546175444913672E-017  -2.7858273279779293E-017  -1.1597595827195673E-017   1.6475020462521818E-017   4.2208574051882210E-018  -1.9017486239690335E-018  -2.2598521473591040E-019  -4.0826128718081792E-018   5.8868050119384384E-018  -1.3860334247355915E-019   2.1707511552418177E-011   2.0145909635542862E-011  -2.7551755180616266E-011  -1.6635760172728811E-009  -1.0129506631334633E-011  -9.2871673173422979E-012   1.2788012412676005E-011  -1.9742434800878237E-011  -1.8093498147264475E-011   2.4919512181999732E-011   2.4071943672056921E-010   2.6899936444497718E-010
   1.3548171187528775E-010  -9.5152797218853231E-011  -4.9883476022082472E-012  -6.5345834551017008E-009  -1.2657903699574495E-017  -4.3880864526378096E-017   1.3540659748029715E-017   3.7964874178274024E-017  -2.0290909355564059E-017  -2.5307029929304569E-017   2.0420475069889668E-010  -1.4341314623479606E-010  -7.5214510063866399E-012  -9.6919719631756142E-009  -5.7540689058703477E-017   6.3358864480382181E-017  -2.2814014194939540E-017   9.0860874422786126E-017  -4.9932520975941593E-017  -1.3661926356346218E-017  -8.1664809529409946E-017   1.1065138326695962E-016   4.6205929835287460E-017  -6.5470084947229006E-017  -2.6513701416295081E-018  -1.9470417104640547E-017   5.7709627748350019E-018   1.2813906480100546E-017  -5.5245084485167200E-018  -1.0161112375150787E-017   9.5470280170767484E-011  -6.7094926032350670E-011  -3.4947195144391109E-012   6.6143131387062254E-009  -4.4329309129846488E-011   3.0874786941022536E-011   1.7542959677901116E-012  -8.6383935153738451E-011   6.0147477131934046E-011   3.4269707530329877E-012  -9.5709125677034555E-010  -1.0695315820229994E-009
  -7.8006011876668168E-011   2.7035604896015442E-011  -6.4507042436996600E-011   3.5918079804050115E-009   6.6044828291631757E-018   2.3353371136889755E-017  -1.1568498901363768E-017  -1.2328981904767974E-017   2.2500124805476257E-017   5.7245308748409136E-018  -1.1757459251170308E-010   4.0745759569825320E-011  -9.7227794287663551E-011   5.3273024083996113E-009   3.1628919106613680E-017  -3.4820900711487951E-017   1.2548088710060660E-017  -4.9932520975941593E-017   2.7463697421258413E-017   7.4978654154471332E-018   4.4852443451245200E-017  -6.0847963702278441E-017  -2.5354942624404812E-017   3.6000597841589347E-017   1.2636929258943442E-018   1.0281854969407642E-017  -5.4350160583462471E-018  -2.3597900558479846E-018   9.2603867477994975E-018   1.0953130953560584E-018  -5.4968235196392039E-011   1.9078176187310546E-011  -4.5459442580981501E-011  -3.6356325399441549E-009   2.5526267304361602E-011  -8.6851019971977182E-012   2.1088133523388820E-011   4.9742895443471577E-011  -1.6913479434591738E-011   4.1092898372469991E-011   5.2607618991074317E-010   5.8787863550060760E-010
  -2.7758933712192634E-011   2.2995524579212592E-011   3.0976533880289991E-011   9.8190382346715623E-010   1.1631886599736657E-018   8.5397776847842044E-018  -8.1230980240280173E-019  -8.6454107264635761E-018  -2.2373893641793449E-018   7.4822313685709547E-018  -4.1839783185955066E-011   3.4659246972885069E-011   4.6690268703382463E-011   1.4563413680117379E-009   8.6483636713771453E-018  -9.5179621166440609E-018   3.4228587619564063E-018  -1.3661926356346218E-017   7.4978654154471332E-018   2.0589260153413003E-018   1.2283408521227494E-017  -1.6612962646724344E-017  -6.9619528135853706E-018   9.8313147676993219E-018  -6.8412006927904231E-021   3.9931178880086286E-018  -1.9671001298340020E-019  -3.5384123649013111E-018  -2.0694162716355951E-018   3.5450401797164068E-018  -1.9559917940041887E-011   1.6209841356204302E-011   2.1821660406247576E-011  -9.9388524939342174E-010   9.0889263734366392E-012  -7.4910923574108956E-012  -1.0175261281496557E-011   1.7711900821395254E-011  -1.4595523425550544E-011  -1.9831133831136057E-011   1.4381533337628176E-010   1.6071154391533116E-010
   4.6634352888888890E-011   1.5424654638319697E-010   5.6846601267674766E-011   5.8784150872453536E-009   2.8213566828140348E-017   1.0549699683980890E-017   2.6805521329044963E-018  -5.7352478106119509E-017   1.2860009213098643E-017   2.9138965920337498E-017   7.0292344240288581E-011   2.3248382431327095E-010   8.5685355103478024E-011   8.7187552976384886E-009   5.1713852442103393E-017  -5.7088420012482943E-017   2.0546175444913672E-017  -8.1664809529409946E-017   4.4852443451245200E-017   1.2283408521227494E-017   7.3561039118965903E-017  -9.9548534060962045E-017  -4.1604028311413917E-017   5.8884852076445798E-017   1.1614510142126238E-017   1.6501404018462003E-018   2.9600065569672054E-018  -2.4252216510373921E-017   2.0115229083642671E-018   1.2636426770195453E-017   3.2841747954118825E-011   1.0872447999833864E-010   4.0033581294693332E-011  -5.9501395870884925E-009  -1.5379457123613764E-011  -5.0283066197098786E-011  -1.8747540207145847E-011  -2.9978050504352565E-011  -9.7973148430610278E-011  -3.6543222378632551E-011   8.6098542223523166E-010   9.6213568142505615E-010
  -4.9882820661885892E-012  -1.1599001415638335E-010   1.3347913933939969E-010  -7.9655874620582519E-009  -3.2419971536110702E-017  -2.0292142143864352E-017   1.2595350118720183E-017   4.6281446876733536E-017  -5.1968336911718733E-017  -1.3861546498461120E-017  -7.5213475264681360E-012  -1.7481873239910613E-010   2.0118534683396313E-010  -1.1814410311937589E-008  -7.0092106594645785E-017   7.7317382330131889E-017  -2.7858273279779293E-017   1.1065138326695962E-016  -6.0847963702278441E-017  -1.6612962646724344E-017  -9.9548534060962045E-017   1.3497065776611208E-016   5.6240936259037370E-017  -7.9836849129983569E-017  -1.2550994215553346E-017  -5.5251804703733272E-018   4.8898138747290100E-018   1.5621466688935766E-017  -2.1672014150619837E-017  -3.0687342639171953E-018  -3.4947070579119774E-012  -8.1787947155709584E-011   9.4066726040679051E-011   8.0627782362522768E-009   1.7540726259337697E-012   3.7635298564253234E-011  -4.3628630560990673E-011   3.4265216498008910E-012   7.3317650612859382E-011  -8.5015407329056091E-011  -1.1666844101485818E-009  -1.3037456018773379E-009
   2.2995138600028618E-011  -9.8799764692889343E-011  -1.0484334610473445E-010  -3.3233600624045924E-009  -1.1022151313857773E-017  -1.6265667996477365E-017  -2.2377485575092144E-018   3.6346218394255204E-017   6.1001810808596011E-018  -2.5324098768848419E-017   3.4658669184013436E-011  -1.4891376211463893E-010  -1.5802815742721742E-010  -4.9291454720369699E-009  -2.9250733652854693E-017   3.2252168266214143E-017  -1.1597595827195673E-017   4.6205929835287460E-017  -2.5354942624404812E-017  -6.9619528135853706E-018  -4.1604028311413917E-017   5.6240936259037370E-017   2.3565469009847947E-017  -3.3275153745440987E-017  -3.8630597964494573E-018  -6.5831691955695780E-018  -2.0696206761749456E-018   1.5862179502283840E-017   6.1965023105438174E-018  -1.1998397622629426E-017   1.6209540832668834E-011  -6.9637324635682754E-011  -7.3857578952604227E-011   3.3639095581653547E-009  -7.4911368936381444E-012   3.2232540539027148E-011   3.4440036981566327E-011  -1.4595621956605213E-011   6.2804623509163845E-011   6.7122161825502816E-011  -4.8675790021132307E-010  -5.4394150365696388E-010
  -1.9250362333764970E-011   6.5156001917310687E-011  -7.0381449180941141E-011   4.7121865537068405E-009   1.6960688487687295E-017   1.6134703503604507E-017  -8.5157966496861765E-018  -2.6204440881102011E-017   2.8822695807082903E-017   9.2437945351010813E-018  -2.9013827471385559E-011   9.8202052850369228E-011  -1.0608148868298264E-010   6.9890269732353703E-009   4.1470692128721941E-017  -4.5727133095128757E-017   1.6475020462521818E-017  -6.5470084947229006E-017   3.6000597841589347E-017   9.8313147676993219E-018   5.8884852076445798E-017  -7.9836849129983569E-017  -3.3275153745440987E-017   4.7227112312381662E-017   6.2082507579673974E-018   5.5341081566453037E-018  -3.4766881285128800E-018  -8.5971578461537560E-018   1.1767290787354744E-017   2.3878789436704014E-018  -1.3574608695310313E-011   4.5945447174633165E-011  -4.9602660509605748E-011  -4.7696803725738174E-009   6.2424870569568881E-012  -2.1128944415773898E-011   2.2988203784532747E-011   1.2160787766943598E-011  -4.1160631010344978E-011   4.4794025768635171E-011   6.9017278903612575E-010   7.7125539833553452E-010
   1.5962366320697532E-008  -1.2874698416484993E-008   4.6369095004565563E-009   1.2841574462264095E-009   3.6559621181477388E-015   6.7754325818376103E-016  -2.4402163614855951E-016  -5.7184647388425298E-015   3.7181913664933961E-015   2.0625024944081475E-015   2.4052258613578324E-008  -1.9396908878110724E-008   6.9859275890344791E-009   1.9025981890919857E-009   1.9829832595432019E-018  -1.1720103155262460E-017   4.2208574051882210E-018  -2.6513701416295081E-018   1.2636929258943442E-018  -6.8412006927904231E-021   1.1614510142126238E-017  -1.2550994215553346E-017  -3.8630597964494573E-018   6.2082507579673974E-018   1.9932312484178002E-015   3.5971350294791117E-016  -1.2955315610046360E-016  -3.1144019118806140E-015   2.0239988841308429E-015   1.1211703232469010E-015   1.1298499282495407E-008  -9.1332433158914031E-009   3.2893993071935084E-009  -1.4061060528184037E-009  -4.9219839692282973E-009   3.8486227560171508E-009  -1.3861068245104999E-009  -9.5707212652953932E-009   7.4747397593674744E-009  -2.6920766900041148E-009   2.1693781189710838E-010   2.5349660191682238E-010
  -1.5339880711246100E-008  -2.1475488145487791E-008   1.0262729844464204E-008   1.3761069918086190E-009   6.7754374657918227E-016   6.6147408319171502E-015  -2.2365749467111788E-015  -3.5321198015945710E-015   2.4114930147701712E-015   2.8545758958830094E-015  -2.3116514050179617E-008  -3.2356992140295464E-008   1.5463261920766753E-008   2.0388299832675677E-009   1.1534447586438911E-017   4.3683723648202400E-018  -1.9017486239690335E-018  -1.9470417104640547E-017   1.0281854969407642E-017   3.9931178880086286E-018   1.6501404018462003E-018  -5.5251804703733272E-018  -6.5831691955695780E-018   5.5341081566453037E-018   3.5971350294791117E-016   3.6135808945089275E-015  -1.2215468248254851E-015  -1.9144121059877184E-015   1.3066599129868885E-015   1.5546982786497012E-015  -1.0841917162717116E-008  -1.5218732925234006E-008   7.2693893484930040E-009  -1.5067854798560055E-009   4.8256610823929627E-009   6.5146212931075035E-009  -3.1333004014399714E-009   9.3903982926981256E-009   1.2659750178121043E-008  -6.0903775324009746E-009   2.3247078296811663E-010   2.7164328992070365E-010
   5.5247597950055482E-009   1.0262729765705802E-008   3.3235062945948796E-009  -4.9561351229050502E-010  -2.4402183731876664E-016  -2.2365749396710291E-015   1.2102518604211330E-015   4.1757943122543909E-016  -2.0606940112557869E-015  -1.7355744603155963E-016   8.3255658844322592E-009   1.5463261809731474E-008   5.0086359329921187E-009  -7.3429730194433715E-010  -4.1541966602639138E-018  -1.9012652407615934E-018  -2.2598521473591040E-019   5.7709627748350019E-018  -5.4350160583462471E-018  -1.9671001298340020E-019   2.9600065569672054E-018   4.8898138747290100E-018  -2.0696206761749456E-018  -3.4766881285128800E-018  -1.2955315610046360E-016  -1.2215468248254851E-015   6.6181915932636409E-016   2.2104063758319808E-016  -1.1241413413492686E-015  -9.1487225694602753E-017   3.9047883410797889E-009   7.2693892379209160E-009   2.3471144532249067E-009   5.4267963885853230E-010  -1.7379941176995097E-009  -3.1333007053743179E-009  -1.0567266644529646E-009  -3.3820147767033633E-009  -6.0903781473403199E-009  -2.0571175235237540E-009  -8.3726191669408160E-011  -9.7834774385372257E-011
  -1.8719462436031566E-008   2.2206391897076398E-008  -2.2818825276515300E-008  -2.3973199383568561E-009  -5.7184653762941721E-015  -3.5321195954747562E-015   4.1757946022997896E-016   1.1292769118530693E-014  -4.3056166803082763E-015  -5.5743036577571762E-015  -2.8205920408548209E-008   3.3455431745347455E-008  -3.4382716489739488E-008  -3.5518517226540951E-009  -6.9155080294892837E-018   1.6676788370872561E-017  -4.0826128718081792E-018   1.2813906480100546E-017  -2.3597900558479846E-018  -3.5384123649013111E-018  -2.4252216510373921E-017   1.5621466688935766E-017   1.5862179502283840E-017  -8.5971578461537560E-018  -3.1144019118806140E-015  -1.9144121059877184E-015   2.2104063758319808E-016   6.1524941072782366E-015  -2.3336482501537150E-015  -3.0380918185679706E-015  -1.3255484451827933E-008   1.5756873513441001E-008  -1.6158294244453764E-008   2.6249659589947523E-009   5.7394817465730435E-009  -6.6155348644587384E-009   6.9963675887944688E-009   1.1157951137010402E-008  -1.2846895820712292E-008   1.3601424543941790E-008  -4.0498566855206238E-010  -4.7322078211523773E-010
   1.0262729802541607E-008  -2.6178392844551482E-008  -1.1248769097643551E-008   1.6774598927162664E-009   3.7181921110386776E-015   2.4114930268127908E-015  -2.0606940240596676E-015  -4.3056167500544800E-015   7.5760529802788828E-015   5.8742422073480255E-016   1.5463261865623969E-008  -3.9442831097262716E-008  -1.6952273988624453E-008   2.4853122296547722E-009   5.6612039391998645E-018  -8.8963204698470671E-018   5.8868050119384384E-018  -5.5245084485167200E-018   9.2603867477994975E-018  -2.0694162716355951E-018   2.0115229083642671E-018  -2.1672014150619837E-017   6.1965023105438174E-018   1.1767290787354744E-017   2.0239988841308429E-015   1.3066599129868885E-015  -1.1241413413492686E-015  -2.3336482501537150E-015   4.1344648642340173E-015   3.0964855795456712E-016   7.2693892611970522E-009  -1.8551474380050959E-008  -7.9440641066112895E-009  -1.8367553172084631E-009  -3.1333007334772775E-009   7.9412547074074106E-009   3.5766091522073752E-009  -6.0903782032074880E-009   1.5432102083254278E-008   6.9625436802729428E-009   2.8337932919389659E-010   3.3113103192165142E-010
   2.7570959121929705E-009  -9.3316913590466085E-009   1.8181919421689772E-008   1.1130598209662608E-009   2.0625025100636838E-015   2.8545756154179905E-015  -1.7355730971625632E-016  -5.5743034581493686E-015   5.8742367294634067E-016   3.5118009898922690E-015   4.1536615035708402E-009  -1.4058519669395099E-008   2.7396794383171988E-008   1.6491013235590810E-009   4.9316224586971010E-018  -4.9556905384356026E-018  -1.3860334247355915E-019  -1.0161112375150787E-017   1.0953130953560584E-018   3.5450401797164068E-018   1.2636426770195453E-017  -3.0687342639171953E-018  -1.1998397622629426E-017   2.3878789436704014E-018   1.1211703232469010E-015   1.5546982786497012E-015  -9.1487225694602753E-017  -3.0380918185679706E-015   3.0964855795456712E-016   1.9169214587298418E-015   1.9569849201222151E-009  -6.6236287036148002E-009   1.2868897595251507E-008  -1.2187539972603141E-009  -8.1749834583858670E-010   2.7669114079392232E-009  -5.6102614242267355E-009  -1.5872310231830614E-009   5.3721546958493472E-009  -1.0909349103324114E-008   1.8803197787662365E-010   2.1971612339782159E-010
  0.15843621277982756        3.9783904852048405E-009  -1.4328434306096153E-009  -4.3086508034147979E-010   2.0841518897067336E-008  -1.9947158898729668E-008   7.1841014502350004E-009  -2.4469229001932184E-008   1.3426326465272834E-008   3.6277098756285117E-009  0.23766217980463139       -7.1788141893243603E-009   2.5854968896357471E-009  -4.9170376086012418E-010  -5.6563253026508793E-011  -6.0272223071158070E-011   2.1707511552418177E-011   9.5470280170767484E-011  -5.4968235196392039E-011  -1.9559917940041887E-011   3.2841747954118825E-011  -3.4947070579119774E-012   1.6209540832668834E-011  -1.3574608695310313E-011   1.1298499282495407E-008  -1.0841917162717116E-008   3.9047883410797889E-009  -1.3255484451827933E-008   7.2693892611970522E-009   1.9569849201222151E-009  0.11982873310088950       -2.8401188314084585E-009   1.0228876046809394E-009   2.7587643624174257E-010  -2.8507184802280053E-003   1.0466153405179499E-009  -3.7694553224757703E-010  -2.1872930546768671E-003   2.2593660759869888E-009  -8.1372570077789959E-010  -2.2045713493444841E-011  -2.5515501114167523E-011
   3.9783907439848764E-009  0.15843620048995330        4.8496155782514599E-009   1.4583082667651955E-009  -1.6913557858920379E-008  -2.8131407579891530E-008   1.3426326365966660E-008   2.9191939389672625E-008  -3.4291888161394377E-008  -1.2278379629962852E-008  -7.1788156139440856E-009  0.23766220198110680       -8.7508993338978907E-009   1.6642242774802365E-009   3.7927937994828923E-011  -7.6224303753816896E-011   2.0145909635542862E-011  -6.7094926032350670E-011   1.9078176187310546E-011   1.6209841356204302E-011   1.0872447999833864E-010  -8.1787947155709584E-011  -6.9637324635682754E-011   4.5945447174633165E-011  -9.1332433158914031E-009  -1.5218732925234006E-008   7.2693892379209160E-009   1.5756873513441001E-008  -1.8551474380050959E-008  -6.6236287036148002E-009  -2.8401188314084585E-009  0.11982874187444340       -3.4620751474964392E-009  -9.3373233185643698E-010   1.0466144151497721E-009  -2.8507217133842480E-003   1.2758114546820123E-009   2.2593639365038778E-009  -2.1873000342049753E-003   2.7541398028191429E-009   7.4616822655494673E-011   8.6335758835590483E-011
  -1.4328433190284142E-009   4.8496152438393633E-009  0.15843621220860921       -5.2522229113866347E-010   6.0915307100361867E-009   1.3426326459806998E-008   4.3121428382283638E-009  -2.9827730699106737E-008  -1.4594918227656254E-008   2.3736201321556957E-008   2.5854982502232462E-009  -8.7508980933363131E-009  0.23766218083534688       -5.9938514245087080E-010  -1.3659855775909754E-011   2.0145671084001065E-011  -2.7551755180616266E-011  -3.4947195144391109E-012  -4.5459442580981501E-011   2.1821660406247576E-011   4.0033581294693332E-011   9.4066726040679051E-011  -7.3857578952604227E-011  -4.9602660509605748E-011   3.2893993071935084E-009   7.2693893484930040E-009   2.3471144532249067E-009  -1.6158294244453764E-008  -7.9440641066112895E-009   1.2868897595251507E-008   1.0228876046809394E-009  -3.4620751474964392E-009  0.11982873350862906        3.3628989242726412E-010  -3.7694619447764633E-010   1.2758116413390278E-009  -2.8507186304915430E-003  -8.1372721785325979E-010   2.7541405281375498E-009  -2.1872933790510474E-003  -2.6873280016116383E-011  -3.1093940897385382E-011
  -1.7272573172299619E-009   5.8460781571059322E-009  -2.1054971411954029E-009 -0.50313987104199087       -3.1297051129648927E-009  -3.3537252164727012E-009   1.2078648410357851E-009   5.8424648835676638E-009  -4.0881551421247813E-009  -2.7127191837730989E-009   1.3325961852789435E-009  -4.5102995484215019E-009   1.6244070153995818E-009 -0.71926202942840789       -4.1892221774232318E-009   4.6190370019242604E-009  -1.6635760172728811E-009   6.6143131387062254E-009  -3.6356325399441549E-009  -9.9388524939342174E-010  -5.9501395870884925E-009   8.0627782362522768E-009   3.3639095581653547E-009  -4.7696803725738174E-009  -1.4061060528184037E-009  -1.5067854798560055E-009   5.4267963885853230E-010   2.6249659589947523E-009  -1.8367553172084631E-009  -1.2187539972603141E-009   2.7587643624174257E-010  -9.3373233185643698E-010   3.3628989242726412E-010   1.9044974537592936       -1.6573075594334015E-010   5.6092926767571057E-010  -2.0202236686692907E-010  -1.6764603127721358E-010   5.6741469179411103E-010  -2.0435629612778337E-010 -0.45438905085438430      -0.59017180541669045     
  -6.2038110889565130E-002  -1.9577335656220962E-009   7.0509024158273330E-010   2.2237921017132770E-010  -8.0032412298976141E-009   7.6444030645483127E-009  -2.7531824441583448E-009   9.4015569108729382E-009  -5.1607977117936201E-009  -1.3983161404031938E-009  -9.9203308631346299E-002   2.3095107973667153E-009  -8.3178403957185948E-010   1.6104222635654258E-010   2.6261336324568777E-011   2.8125168080843276E-011  -1.0129506631334633E-011  -4.4329309129846488E-011   2.5526267304361602E-011   9.0889263734366392E-012  -1.5379457123613764E-011   1.7540726259337697E-012  -7.4911368936381444E-012   6.2424870569568881E-012  -4.9219839692282973E-009   4.8256610823929627E-009  -1.7379941176995097E-009   5.7394817465730435E-009  -3.1333007334772775E-009  -8.1749834583858670E-010  -2.8507184802280053E-003   1.0466144151497721E-009  -3.7694619447764633E-010  -1.6573075594334015E-010  0.26494856926592708        2.4831808094249130E-011  -8.9431079669198141E-012  0.53312070723144700       -5.2078933620900445E-010   1.8756643723934027E-010   1.4361316730827579E-011   2.4341497172980754E-011
  -1.9577329654945480E-009  -6.2038104841821491E-002  -2.3864566238753886E-009  -7.5265811301032885E-010   6.5144174990714165E-009   1.0819877501140132E-008  -5.1607980106341686E-009  -1.1247170808398297E-008   1.3189316168549628E-008   4.7327521675948195E-009   2.3095076514414411E-009  -9.9203315765783340E-002   2.8152678370993996E-009  -5.4506320063346542E-010  -1.7428535871432264E-011   3.5231059000811194E-011  -9.2871673173422979E-012   3.0874786941022536E-011  -8.6851019971977182E-012  -7.4910923574108956E-012  -5.0283066197098786E-011   3.7635298564253234E-011   3.2232540539027148E-011  -2.1128944415773898E-011   3.8486227560171508E-009   6.5146212931075035E-009  -3.1333007053743179E-009  -6.6155348644587384E-009   7.9412547074074106E-009   2.7669114079392232E-009   1.0466153405179499E-009  -2.8507217133842480E-003   1.2758116413390278E-009   5.6092926767571057E-010   2.4831808094249130E-011  0.26494856918921300        3.0269550841764325E-011  -5.2078899322150604E-010  0.53312070884025475       -6.3483835528980507E-010  -4.8605711706073855E-011  -8.2362006427279313E-011
